1.301360187473271253e+03	2.352096242033014928e-01	1.498877191471401360e-01	2.599270492159997947e-01	1.607954795391769443e-01	7.631734297569731096e-02	3.290758639917512607e-02	8.495519851902107178e-02
1.306197957686926657e+03	2.346031434419550421e-01	1.494588943913985613e-01	2.603305300784596321e-01	1.610151577507042686e-01	7.644942989665656774e-02	3.301037531365678263e-02	8.513246912668105681e-02
1.311035727900581833e+03	2.340001433691263344e-01	1.490327379592026602e-01	2.607326633795912230e-01	1.612335888921428428e-01	7.658065751968320956e-02	3.311214305864428054e-02	8.530806582112135383e-02
1.315873498114237009e+03	2.334006124270896765e-01	1.486092270820222605e-01	2.611334134108603822e-01	1.614507801130092013e-01	7.671102874439976460e-02	3.321290542713609129e-02	8.548203279499445861e-02
1.320711268327892412e+03	2.328045385471212703e-01	1.481883395674107318e-01	2.615327460077372934e-01	1.616667385353785236e-01	7.684054782360887070e-02	3.331267784667924642e-02	8.565441167157593350e-02
1.325549038541547588e+03	2.322119091915670341e-01	1.477700537675458170e-01	2.619306286226074643e-01	1.618814712530957933e-01	7.696922000570385891e-02	3.341147540350986739e-02	8.582524175548210399e-02
1.330386808755202765e+03	2.316227113924607672e-01	1.473543485497789685e-01	2.623270303612872945e-01	1.620949853310551525e-01	7.709705125870376652e-02	3.350931286211328297e-02	8.599456024411265831e-02
1.335224578968857941e+03	2.310369317870894779e-01	1.469412032690501912e-01	2.627219219921626547e-01	1.623072878045418443e-01	7.722404805778840253e-02	3.360620468122837295e-02	8.616240240765102310e-02
1.340062349182513572e+03	2.304545566508370003e-01	1.465305977420392480e-01	2.631152759349304482e-01	1.625183856786321102e-01	7.735021722220841722e-02	3.370216502709298678e-02	8.632880174377177696e-02
1.344900119396168748e+03	2.298755719275856479e-01	1.461225122229345141e-01	2.635070662343420023e-01	1.627282859276466265e-01	7.747556579056338877e-02	3.379720778454971958e-02	8.649379011189010924e-02
1.349737889609823924e+03	2.292999632579135472e-01	1.457169273807107368e-01	2.638972685231083526e-01	1.629369954946532639e-01	7.760010092587205088e-02	3.389134656649297334e-02	8.665739785076106982e-02
1.354575659823479100e+03	2.287277160052900993e-01	1.453138242778165279e-01	2.642858599771717998e-01	1.631445212910159481e-01	7.772382984375368620e-02	3.398459472203055332e-02	8.681965388243340076e-02
1.359413430037134731e+03	2.281588152804463199e-01	1.449131843501783590e-01	2.646728192657994971e-01	1.633508701959861253e-01	7.784675975851762519e-02	3.407696534364917929e-02	8.698058580493499281e-02
1.364251200250789907e+03	2.275932459640729322e-01	1.445149893884365710e-01	2.650581264983756236e-01	1.635560490563341962e-01	7.796889784310911953e-02	3.416847127360799624e-02	8.714021997557568067e-02
1.369088970464445310e+03	2.270309927279807460e-01	1.441192215203337401e-01	2.654417631693199442e-01	1.637600646860177811e-01	7.809025119975826490e-02	3.425912510973336961e-02	8.729858158636825960e-02
1.373926740678100487e+03	2.264720400548431156e-01	1.437258631941818465e-01	2.658237121022087868e-01	1.639629238658845134e-01	7.821082683887789488e-02	3.434893921074882311e-02	8.745569473276700034e-02
1.378764510891755890e+03	2.259163722566266408e-01	1.433348971633401081e-01	2.662039573939064541e-01	1.641646333434072791e-01	7.833063166430191682e-02	3.443792570124313418e-02	8.761158247668654475e-02
1.383602281105411066e+03	2.253639734918053694e-01	1.429463064716391119e-01	2.665824843593037619e-01	1.643651998324491548e-01	7.844967246338103994e-02	3.452609647635593998e-02	8.776626690457772773e-02
1.388440051319066470e+03	2.248148277814454032e-01	1.425600744396922082e-01	2.669592794771020183e-01	1.645646300130566564e-01	7.856795590078331781e-02	3.461346320624155565e-02	8.791976918119084883e-02
1.393277821532721646e+03	2.242689190242382891e-01	1.421761846520382955e-01	2.673343303369518642e-01	1.647629305312791614e-01	7.868548851510545616e-02	3.470003734035734949e-02	8.807210959954157870e-02
1.398115591746377049e+03	2.237262310105539442e-01	1.417946209450637873e-01	2.677076255881644662e-01	1.649601079990128671e-01	7.880227671760164920e-02	3.478583011161207050e-02	8.822330762750321687e-02
1.402953361960032225e+03	2.231867474355800074e-01	1.414153673956554391e-01	2.680791548901380605e-01	1.651561689938674526e-01	7.891832679249316529e-02	3.487085254040078047e-02	8.837338195137708907e-02
1.407791132173687402e+03	2.226504519116068725e-01	1.410384083105384601e-01	2.684489088645865551e-01	1.653511200590543906e-01	7.903364489844393048e-02	3.495511543854638858e-02	8.852235051673545962e-02
1.412628902387342805e+03	2.221173279795146394e-01	1.406637282162571945e-01	2.688168790496152649e-01	1.655449677032949929e-01	7.914823707088176896e-02	3.503862941316288060e-02	8.867023056678537130e-02
1.417466672600997981e+03	2.215873591195134107e-01	1.402913118497583489e-01	2.691830578556574927e-01	1.657377184007472193e-01	7.926210922491926103e-02	3.512140487045111586e-02	8.881703867846531264e-02
1.422304442814653157e+03	2.210605287611845937e-01	1.399211441495395447e-01	2.695474385232604075e-01	1.659293785909500552e-01	7.937526715868514771e-02	3.520345201943538699e-02	8.896279079645699750e-02
1.427142213028308333e+03	2.205368202928679466e-01	1.395532102473281688e-01	2.699100150826931888e-01	1.661199546787839321e-01	7.948771655692181415e-02	3.528478087564639737e-02	8.910750226527069939e-02
1.431979983241963964e+03	2.200162170704352271e-01	1.391874954602574377e-01	2.702707823153361333e-01	1.663094530344464694e-01	7.959946299473912024e-02	3.536540126475460483e-02	8.925118785954316847e-02
1.436817753455619140e+03	2.194987024254894115e-01	1.388239852835088384e-01	2.706297357168019335e-01	1.664978799934425935e-01	7.971051194144157526e-02	3.544532282615682484e-02	8.939386181267093556e-02
1.441655523669274316e+03	2.189842596730254831e-01	1.384626653833924415e-01	2.709868714617331698e-01	1.666852418565876459e-01	7.982086876436665646e-02	3.552455501651761299e-02	8.953553784388909587e-02
1.446493293882929493e+03	2.184728721185859313e-01	1.381035215908375247e-01	2.713421863702168424e-01	1.668715448900230380e-01	7.993053873268818332e-02	3.560310711326658550e-02	8.967622918389399345e-02
1.451331064096585123e+03	2.179645230649430165e-01	1.377465398952683884e-01	2.716956778757547153e-01	1.670567953252433679e-01	8.003952702115089968e-02	3.568098821805207321e-02	8.981594859909966533e-02
1.456168834310240300e+03	2.174591958183366702e-01	1.373917064388414100e-01	2.720473439947266314e-01	1.672409993591342514e-01	8.014783871371243540e-02	3.575820726015127571e-02	8.995470841460947997e-02
1.461006604523895703e+03	2.169568736942960596e-01	1.370390075110207995e-01	2.723971832972845175e-01	1.674241631540204500e-01	8.025547880707550874e-02	3.583477299983672121e-02	9.009252053597809062e-02
1.465844374737550879e+03	2.164575400230701885e-01	1.366884295434725727e-01	2.727451948796155157e-01	1.676062928377230199e-01	8.036245221409941963e-02	3.591069403169878937e-02	9.022939646983267614e-02
1.470682144951206283e+03	2.159611781546920406e-01	1.363399591052565363e-01	2.730913783375131798e-01	1.677873945036252867e-01	8.046876376708392287e-02	3.598597878792376970e-02	9.036534734341751529e-02
1.475519915164861459e+03	2.154677714636986652e-01	1.359935828982979933e-01	2.734357337411980615e-01	1.679674742107470919e-01	8.057441822092174799e-02	3.606063554152710154e-02	9.050038392312156899e-02
1.480357685378516862e+03	2.149773033535287980e-01	1.356492877531221553e-01	2.737782616113306200e-01	1.681465379838263108e-01	8.067942025611883616e-02	3.613467240954123388e-02	9.063451663204433184e-02
1.485195455592172038e+03	2.144897572606175584e-01	1.353070606248344410e-01	2.741189628961603342e-01	1.683245918134075036e-01	8.078377448168255759e-02	3.620809735615760500e-02	9.076775556665223066e-02
1.490033225805827215e+03	2.140051166582072062e-01	1.349668885893318959e-01	2.744578389497592252e-01	1.685016416559371732e-01	8.088748543788029655e-02	3.628091819582239530e-02	9.090011051257410046e-02
1.494870996019482618e+03	2.135233650598914457e-01	1.346287588397312718e-01	2.747948915112869983e-01	1.686776934338647393e-01	8.099055759887090200e-02	3.635314259628548428e-02	9.103159095958143765e-02
1.499708766233137567e+03	2.130444860229096793e-01	1.342926586830002489e-01	2.751301226852403414e-01	1.688527530357496198e-01	8.109299537521315326e-02	3.642477808160245190e-02	9.116220611579686772e-02
1.504546536446793198e+03	2.125684631512068379e-01	1.339585755367793674e-01	2.754635349226381980e-01	1.690268263163730023e-01	8.119480311625482116e-02	3.649583203508915269e-02	9.129196492117096218e-02
1.509384306660448374e+03	2.120952800982729425e-01	1.336264969263828983e-01	2.757951310030999359e-01	1.691999190968547506e-01	8.129598511240704317e-02	3.656631170222870292e-02	9.142087606026613744e-02
1.514222076874103550e+03	2.116249205697764146e-01	1.332964104819671924e-01	2.761249140177713390e-01	1.693720371647746414e-01	8.139654559730850891e-02	3.663622419353072118e-02	9.154894797438362097e-02
1.519059847087758726e+03	2.111573683260037360e-01	1.329683039358568186e-01	2.764528873530600062e-01	1.695431862742976248e-01	8.149648874988391078e-02	3.670557648734270456e-02	9.167618887306763775e-02
1.523897617301414357e+03	2.106926071841174752e-01	1.326421651200179463e-01	2.767790546751395242e-01	1.697133721463030820e-01	8.159581869630160023e-02	3.677437543261341535e-02	9.180260674501941609e-02
1.528735387515069533e+03	2.102306210202438408e-01	1.323179819636704502e-01	2.771034199151863331e-01	1.698826004685174695e-01	8.169453951183473783e-02	3.684262775160839637e-02	9.192820936845122470e-02
1.533573157728724709e+03	2.097713937714004717e-01	1.319957424910298827e-01	2.774259872553140327e-01	1.700508768956500438e-01	8.179265522263055865e-02	3.691034004257762874e-02	9.205300432090988971e-02
1.538410927942380113e+03	2.093149094372744323e-01	1.316754348191712942e-01	2.777467611151704929e-01	1.702182070495317778e-01	8.189016980739219354e-02	3.697751878237540840e-02	9.217699898859690877e-02
1.543248698156035516e+03	2.088611520818597078e-01	1.313570471560073505e-01	2.780657461391676244e-01	1.703845965192567480e-01	8.198708719897707109e-02	3.704417032903271206e-02	9.230020057521126642e-02
1.548086468369690692e+03	2.084101058349625835e-01	1.310405677983738082e-01	2.783829471843116687e-01	1.705500508613262411e-01	8.208341128591628566e-02	3.711030092428218435e-02	9.242261611033961155e-02
1.552924238583346096e+03	2.079617548935839000e-01	1.307259851302154940e-01	2.786983693086063085e-01	1.707145755997948877e-01	8.217914591385855339e-02	3.717591669603602378e-02	9.254425245741723649e-02
1.557762008797001272e+03	2.075160835231851242e-01	1.304132876208666247e-01	2.790120177600001750e-01	1.708781762264189319e-01	8.227429488694271154e-02	3.724102366081710747e-02	9.266511632128174303e-02
1.562599779010656675e+03	2.070730760588457842e-01	1.301024638234199171e-01	2.793238979658536070e-01	1.710408582008064449e-01	8.236886196910234159e-02	3.730562772614365308e-02	9.278521425534069778e-02
1.567437549224311852e+03	2.066327169063193747e-01	1.297935023731784099e-01	2.796340155228986823e-01	1.712026269505691756e-01	8.246285088530592999e-02	3.736973469286786198e-02	9.290455266837301107e-02
1.572275319437967255e+03	2.061949905429935614e-01	1.294863919861855839e-01	2.799423761876698724e-01	1.713634878714757892e-01	8.255626532273588336e-02	3.743335025746885592e-02	9.302313783098291322e-02
1.577113089651622431e+03	2.057598815187609564e-01	1.291811214578282851e-01	2.802489858673821721e-01	1.715234463276067434e-01	8.264910893190939578e-02	3.749648001430040678e-02	9.314097588172448594e-02
1.581950859865277607e+03	2.053273744568063219e-01	1.288776796615085374e-01	2.805538506112353336e-01	1.716825076515101356e-01	8.274138532774447108e-02	3.755912945779397993e-02	9.325807283291372152e-02
1.586788630078933011e+03	2.048974540543148648e-01	1.285760555473794420e-01	2.808569766021243308e-01	1.718406771443587444e-01	8.283309809057352868e-02	3.762130398461743103e-02	9.337443457614419406e-02
1.591626400292587959e+03	2.044701050831072842e-01	1.282762381411416963e-01	2.811583701487364584e-01	1.719979600761079863e-01	8.292425076710764620e-02	3.768300889579004331e-02	9.349006688752153904e-02
1.596464170506243590e+03	2.040453123902058463e-01	1.279782165428966223e-01	2.814580376780159154e-01	1.721543616856547332e-01	8.301484687135374241e-02	3.774424939875427321e-02	9.360497543263142373e-02
1.601301940719898766e+03	2.036230608983357615e-01	1.276819799260525690e-01	2.817559857279805513e-01	1.723098871809969068e-01	8.310488988548736522e-02	3.780503060940491183e-02	9.371916577125459502e-02
1.606139710933553943e+03	2.032033356063662199e-01	1.273875175362810530e-01	2.820522209408706793e-01	1.724645417393935176e-01	8.319438326068309686e-02	3.786535755407609283e-02	9.383264336184202192e-02
1.610977481147209119e+03	2.027861215896950009e-01	1.270948186905196398e-01	2.823467500566179678e-01	1.726183305075253971e-01	8.328333041790517144e-02	3.792523517148682632e-02	9.394541356576267821e-02
1.615815251360864750e+03	2.023714040005799020e-01	1.268038727760191775e-01	2.826395799066164782e-01	1.727712586016562357e-01	8.337173474865994249e-02	3.798466831464560045e-02	9.405748165133540062e-02
1.620653021574519926e+03	2.019591680684205692e-01	1.265146692494318603e-01	2.829307174077826947e-01	1.729233311077940927e-01	8.345959961571262908e-02	3.804366175271460537e-02	9.416885279765624395e-02
1.625490791788175102e+03	2.015493990999943086e-01	1.262271976359383152e-01	2.832201695568912769e-01	1.730745530818529609e-01	8.354692835376978377e-02	3.810222017283433626e-02	9.427953209823176917e-02
1.630328562001830505e+03	2.011420824796480156e-01	1.259414475284108825e-01	2.835079434251724373e-01	1.732249295498146935e-01	8.363372427012961963e-02	3.816034818190901928e-02	9.438952456442810390e-02
1.635166332215485909e+03	2.007372036694498874e-01	1.256574085866111468e-01	2.837940461531598402e-01	1.733744655078910679e-01	8.371999064530163959e-02	3.821805030835359607e-02	9.449883512874565628e-02
1.640004102429141085e+03	2.003347482093031096e-01	1.253750705364194418e-01	2.840784849457763661e-01	1.735231659226856571e-01	8.380573073359728897e-02	3.827533100380287046e-02	9.460746864792807242e-02
1.644841872642796488e+03	1.999347017170240437e-01	1.250944231690945263e-01	2.843612670676474163e-01	1.736710357313559494e-01	8.389094776369313000e-02	3.833219464478340721e-02	9.471542990591427791e-02
1.649679642856451665e+03	1.995370498883872468e-01	1.248154563405614731e-01	2.846423998386303222e-01	1.738180798417752193e-01	8.397564493916795381e-02	3.838864553434889054e-02	9.482272361664159654e-02
1.654517413070107068e+03	1.991417784971395988e-01	1.245381599707261894e-01	2.849218906295502562e-01	1.739643031326944256e-01	8.405982543901519000e-02	3.844468790367945588e-02	9.492935442670755175e-02
1.659355183283762244e+03	1.987488733949855924e-01	1.242625240428147509e-01	2.851997468581329298e-01	1.741097104539038043e-01	8.414349241813195990e-02	3.850032591364577900e-02	9.503532691789788600e-02
1.664192953497417420e+03	1.983583205115453385e-01	1.239885386027364117e-01	2.854759759851250300e-01	1.742543066263942675e-01	8.422664900778589758e-02	3.855556365633842908e-02	9.514064560958740424e-02
1.669030723711072824e+03	1.979701058542878145e-01	1.237161937584683735e-01	2.857505855105932913e-01	1.743980964425186075e-01	8.430929831606105707e-02	3.861040515656319339e-02	9.524531496102048300e-02
1.673868493924728000e+03	1.975842155084402418e-01	1.234454796794614700e-01	2.860235829703948740e-01	1.745410846661522852e-01	8.439144342828376610e-02	3.866485437330297731e-02	9.534933937347724042e-02
1.678706264138383403e+03	1.972006356368757873e-01	1.231763865960652238e-01	2.862949759328095589e-01	1.746832760328540513e-01	8.447308740742984212e-02	3.871891520114686264e-02	9.545272319233150116e-02
1.683544034352038352e+03	1.968193524799807526e-01	1.229089047989712913e-01	2.865647719953283157e-01	1.748246752500259293e-01	8.455423329451364212e-02	3.877259147168705955e-02	9.555547070900584361e-02
1.688381804565693983e+03	1.964403523555028064e-01	1.226430246386739503e-01	2.868329787815888654e-01	1.749652869970730329e-01	8.463488410896047309e-02	3.882588695488423114e-02	9.565758616282947491e-02
1.693219574779349159e+03	1.960636216583814262e-01	1.223787365249470321e-01	2.870996039384534626e-01	1.751051159255628265e-01	8.471504284896273773e-02	3.887880536040191209e-02	9.575907374280344386e-02
1.698057344993004335e+03	1.956891468605620465e-01	1.221160309263358973e-01	2.873646551332209587e-01	1.752441666593838876e-01	8.479471249182095327e-02	3.893135033891059749e-02	9.585993758927849329e-02
1.702895115206659511e+03	1.953169145107946647e-01	1.218548983696638582e-01	2.876281400509678177e-01	1.753824437949043358e-01	8.487389599427040687e-02	3.898352548336207063e-02	9.596018179554965943e-02
1.707732885420315142e+03	1.949469112344184296e-01	1.215953294395520634e-01	2.878900663920120340e-01	1.755199519011294840e-01	8.495259629279405811e-02	3.903533433023460147e-02	9.605981040937218440e-02
1.712570655633970318e+03	1.945791237331328249e-01	1.213373147779521904e-01	2.881504418694937342e-01	1.756566955198592406e-01	8.503081630392257673e-02	3.908678036074964696e-02	9.615882743440272440e-02
1.717408425847625494e+03	1.942135387847568062e-01	1.210808450836910188e-01	2.884092742070683002e-01	1.757926791658446231e-01	8.510855892452205695e-02	3.913786700206051128e-02	9.625723683156964250e-02
1.722246196061280898e+03	1.938501432429764748e-01	1.208259111120263407e-01	2.886665711367059073e-01	1.759279073269440496e-01	8.518582703207022711e-02	3.918859762841369471e-02	9.635504252037627171e-02
1.727083966274936301e+03	1.934889240370822328e-01	1.205725036742135992e-01	2.889223403965930914e-01	1.760623844642787705e-01	8.526262348492157084e-02	3.923897556228340272e-02	9.645224838014031243e-02
1.731921736488591478e+03	1.931298681716961119e-01	1.203206136370824492e-01	2.891765897291318499e-01	1.761961150123877995e-01	8.533895112256198456e-02	3.928900407547977758e-02	9.654885825117300036e-02
1.736759506702246881e+03	1.927729627264903323e-01	1.200702319226228942e-01	2.894293268790315565e-01	1.763291033793821239e-01	8.541481276585362326e-02	3.933868639023153230e-02	9.664487593590090353e-02
1.741597276915902057e+03	1.924181948558974786e-01	1.198213495075803603e-01	2.896805595914896392e-01	1.764613539470983872e-01	8.549021121727037875e-02	3.938802568024329931e-02	9.674030519993345734e-02
1.746435047129557461e+03	1.920655517888128494e-01	1.195739574230591934e-01	2.899302956104572448e-01	1.765928710712518224e-01	8.556514926112440689e-02	3.943702507172849175e-02	9.683514977307897120e-02
1.751272817343212637e+03	1.917150208282900337e-01	1.193280467541341788e-01	2.901785426769858400e-01	1.767236590815886577e-01	8.563962966378438346e-02	3.948568764441802437e-02	9.692941335031192429e-02
1.756110587556867813e+03	1.913665893512299376e-01	1.190836086394696097e-01	2.904253085276510826e-01	1.768537222820375232e-01	8.571365517388558619e-02	3.953401643254551151e-02	9.702309959269378448e-02
1.760948357770523216e+03	1.910202448080638715e-01	1.188406342709455027e-01	2.906706008930508567e-01	1.769830649508606357e-01	8.578722852253262143e-02	3.958201442580942808e-02	9.711621212825015392e-02
1.765786127984178393e+03	1.906759747224310575e-01	1.185991148932905581e-01	2.909144274963738064e-01	1.771116913408038729e-01	8.586035242349489283e-02	3.962968457031272596e-02	9.720875455280611477e-02
1.770623898197833569e+03	1.903337666908515025e-01	1.183590418037216152e-01	2.911567960520356491e-01	1.772396056792463481e-01	8.593302957339528370e-02	3.967702976948041249e-02	9.730073043078216188e-02
1.775461668411488745e+03	1.899936083823941801e-01	1.181204063515890607e-01	2.913977142643795482e-01	1.773668121683492915e-01	8.600526265189240016e-02	3.972405288495563930e-02	9.739214329595287378e-02
1.780299438625144376e+03	1.896554875383410776e-01	1.178831999380280521e-01	2.916371898264384921e-01	1.774933149852040704e-01	8.607705432185679129e-02	3.977075673747466900e-02	9.748299665216983434e-02
1.785137208838799552e+03	1.893193919718475227e-01	1.176474140156152370e-01	2.918752304187568480e-01	1.776191182819796544e-01	8.614840722954129892e-02	3.981714410772128898e-02	9.757329397405116456e-02
1.789974979052454728e+03	1.889853095675994854e-01	1.174130400880306901e-01	2.921118437082675934e-01	1.777442261860691652e-01	8.621932400474593972e-02	3.986321773716113015e-02	9.766303870763901052e-02
1.794812749266109904e+03	1.886532282814674111e-01	1.171800697097246241e-01	2.923470373472243367e-01	1.778686428002358710e-01	8.628980726097768006e-02	3.990898032885623753e-02	9.775223427102687490e-02
1.799650519479765535e+03	1.883231361401577209e-01	1.169484944855890135e-01	2.925808189721840757e-01	1.779923722027583199e-01	8.635985959560514569e-02	3.995443454826051732e-02	9.784088405495819374e-02
1.804488289693420711e+03	1.879950212408616761e-01	1.167183060706335762e-01	2.928131962030398605e-01	1.781154184475749191e-01	8.642948359000882097e-02	3.999958302399635873e-02	9.792899142339787921e-02
1.809326059907075887e+03	1.876688717509024384e-01	1.164894961696659598e-01	2.930441766420998628e-01	1.782377855644274034e-01	8.649868180972661302e-02	4.004442834861293016e-02	9.801655971407785550e-02
1.814163830120731291e+03	1.873446759073800483e-01	1.162620565369761605e-01	2.932737678732125208e-01	1.783594775590039427e-01	8.656745680459543291e-02	4.008897307932651755e-02	9.810359223901844727e-02
1.819001600334386467e+03	1.870224220168147933e-01	1.160359789760246341e-01	2.935019774609339271e-01	1.784804984130813621e-01	8.663581110888861347e-02	4.013321973874339754e-02	9.819009228502630082e-02
1.823839370548041643e+03	1.867020984547895779e-01	1.158112553391342919e-01	2.937288129497369615e-01	1.786008520846665004e-01	8.670374724144967737e-02	4.017717081556558545e-02	9.827606311417054485e-02
1.828677140761696819e+03	1.863836936655904886e-01	1.155878775271858144e-01	2.939542818632596699e-01	1.787205425081368759e-01	8.677126770582239967e-02	4.022082876527990208e-02	9.836150796423800968e-02
1.833514910975352450e+03	1.860671961618471926e-01	1.153658374893166277e-01	2.941783917035914464e-01	1.788395735943807963e-01	8.683837499037756757e-02	4.026419601083069955e-02	9.844643004916875384e-02
1.838352681189008081e+03	1.857525945241720045e-01	1.151451272226229339e-01	2.944011499505958529e-01	1.789579492309364417e-01	8.690507156843642333e-02	4.030727494327666915e-02	9.853083255947280017e-02
1.843190451402663257e+03	1.854398774007985085e-01	1.149257387718648910e-01	2.946225640612670227e-01	1.790756732821303099e-01	8.697135989839109571e-02	4.035006792243212015e-02	9.861471866262919161e-02
1.848028221616318433e+03	1.851290335072199866e-01	1.147076642291748466e-01	2.948426414691200925e-01	1.791927495892149391e-01	8.703724242382211707e-02	4.039257727749304139e-02	9.869809150346810223e-02
1.852865991829973609e+03	1.848200516258272086e-01	1.144908957337684580e-01	2.950613895836131095e-01	1.793091819705058820e-01	8.710272157361312328e-02	4.043480530764832770e-02	9.878095420453707198e-02
1.857703762043628785e+03	1.845129206055465265e-01	1.142754254716584900e-01	2.952788157895988586e-01	1.794249742215177634e-01	8.716779976206297242e-02	4.047675428267655945e-02	9.886330986645205932e-02
1.862541532257283961e+03	1.842076293614776650e-01	1.140612456753713200e-01	2.954949274468064435e-01	1.795401301150997830e-01	8.723247938899532372e-02	4.051842644352864758e-02	9.894516156823410236e-02
1.867379302470939592e+03	1.839041668745317881e-01	1.138483486236660513e-01	2.957097318893500137e-01	1.796546534015704411e-01	8.729676283986595453e-02	4.055982400289664253e-02	9.902651236763242160e-02
1.872217072684594768e+03	1.836025221910697336e-01	1.136367266412561111e-01	2.959232364252647463e-01	1.797685478088514310e-01	8.736065248586759313e-02	4.060094914576915098e-02	9.910736530143461620e-02
1.877054842898249490e+03	1.833026844225408014e-01	1.134263720985331791e-01	2.961354483360676415e-01	1.798818170426008112e-01	8.742415068403291967e-02	4.064180402997353420e-02	9.918772338576448133e-02
1.881892613111905121e+03	1.830046427451219315e-01	1.132172774112935043e-01	2.963463748763436323e-01	1.799944647863454261e-01	8.748725977733523562e-02	4.068239078670533859e-02	9.926758961636837630e-02
1.886730383325560297e+03	1.827083863993572699e-01	1.130094350404664133e-01	2.965560232733540080e-01	1.801064947016126350e-01	8.754998209478738469e-02	4.072271152104516012e-02	9.934696696889049050e-02
1.891568153539215928e+03	1.824139046897987892e-01	1.128028374918450816e-01	2.967644007266684869e-01	1.802179104280612620e-01	8.761231995153873076e-02	4.076276831246335858e-02	9.942585839913765933e-02
1.896405923752871104e+03	1.821211869846470766e-01	1.125974773158193026e-01	2.969715144078177715e-01	1.803287155836117706e-01	8.767427564897040115e-02	4.080256321531274682e-02	9.950426684333431304e-02
1.901243693966526507e+03	1.818302227153936190e-01	1.123933471071103807e-01	2.971773714599669769e-01	1.804389137645757701e-01	8.773585147478889235e-02	4.084209825930977533e-02	9.958219521836793320e-02
1.906081464180181683e+03	1.815410013764634511e-01	1.121904395045080771e-01	2.973819789976092087e-01	1.805485085457846917e-01	8.779704970311801027e-02	4.088137545000426060e-02	9.965964642202568280e-02
1.910919234393836859e+03	1.812535125248589118e-01	1.119887471906093612e-01	2.975853441062772387e-01	1.806575034807178515e-01	8.785787259458938125e-02	4.092039676923809460e-02	9.973662333322258489e-02
1.915757004607492036e+03	1.809677457798045952e-01	1.117882628915591731e-01	2.977874738422739420e-01	1.807659021016296275e-01	8.791832239643145031e-02	4.095916417559312267e-02	9.981312881222151323e-02
1.920594774821147894e+03	1.806836908223931337e-01	1.115889793767930044e-01	2.979883752324198332e-01	1.808737079196761077e-01	8.797840134255706379e-02	4.099767960482850887e-02	9.988916570084581392e-02
1.925432545034802843e+03	1.804013373952323140e-01	1.113908894587812282e-01	2.981880552738170320e-01	1.809809244250407956e-01	8.803811165364983093e-02	4.103594497030779720e-02	9.996473682268446070e-02
1.930270315248458019e+03	1.801206753020930806e-01	1.111939859927752877e-01	2.983865209336297175e-01	1.810875550870597317e-01	8.809745553724915301e-02	4.107396216341592521e-02	1.000398449832905212e-01
1.935108085462113195e+03	1.798416944075591772e-01	1.109982618765555096e-01	2.985837791488792914e-01	1.811936033543458391e-01	8.815643518783410071e-02	4.111173305396647465e-02	1.001144929703730452e-01
1.939945855675768371e+03	1.795643846366777319e-01	1.108037100501807343e-01	2.987798368262541970e-01	1.812990726549126019e-01	8.821505278690608409e-02	4.114925949059937416e-02	1.001886835539827214e-01
1.944783625889424002e+03	1.792887359746113130e-01	1.106103234957394321e-01	2.989747008419342267e-01	1.814039663962969950e-01	8.827331050307044014e-02	4.118654330116927609e-02	1.002624194866917895e-01
1.949621396103079178e+03	1.790147384662911234e-01	1.104180952371025953e-01	2.991683780414279292e-01	1.815082879656816639e-01	8.833121049211703490e-02	4.122358629312484340e-02	1.003357035037683170e-01
1.954459166316734354e+03	1.787423822160719156e-01	1.102270183396781844e-01	2.993608752394229522e-01	1.816120407300163830e-01	8.838875489709975553e-02	4.126039025387919640e-02	1.004085383233451756e-01
1.959296936530389530e+03	1.784716573873880718e-01	1.100370859101670457e-01	2.995521992196487071e-01	1.817152280361389594e-01	8.844594584841511398e-02	4.129695695117169274e-02	1.004809266465840206e-01
1.964134706744044706e+03	1.782025542024110176e-01	1.098482910963204939e-01	2.997423567347511364e-01	1.818178532108952750e-01	8.850278546387989331e-02	4.133328813342129759e-02	1.005528711578344975e-01
1.968972476957700337e+03	1.779350629417085772e-01	1.096606270866993527e-01	2.999313545061784714e-01	1.819199195612586639e-01	8.855927584880789183e-02	4.136938553007173114e-02	1.006243745247889648e-01
1.973810247171355968e+03	1.776691739439051898e-01	1.094740871104344510e-01	3.001191992240780926e-01	1.820214303744485951e-01	8.861541909608590395e-02	4.140525085192855309e-02	1.006954393986328189e-01
1.978648017385010689e+03	1.774048776053440690e-01	1.092886644369886889e-01	3.003058975472039926e-01	1.821223889180487721e-01	8.867121728624872967e-02	4.144088579148850343e-02	1.007660684141908347e-01
1.983485787598666320e+03	1.771421643797507772e-01	1.091043523759204631e-01	3.004914561028337872e-01	1.822227984401243450e-01	8.872667248755354563e-02	4.147629202326114095e-02	1.008362641900695383e-01
1.988323557812321269e+03	1.768810247778982436e-01	1.089211442766484655e-01	3.006758814866957730e-01	1.823226621693385674e-01	8.878178675605347125e-02	4.151147120408308494e-02	1.009060293287959570e-01
1.993161328025976900e+03	1.766214493672735586e-01	1.087390335282181070e-01	3.008591802629049794e-01	1.824219833150687586e-01	8.883656213567035775e-02	4.154642497342500573e-02	1.009753664169528303e-01
1.997999098239632076e+03	1.763634287717461002e-01	1.085580135590690914e-01	3.010413589639079901e-01	1.825207650675215176e-01	8.889100065826693875e-02	4.158115495369148901e-02	1.010442780253104772e-01
2.002836868453287707e+03	1.761069536712374650e-01	1.083780778368044900e-01	3.012224240904363692e-01	1.826190105978473532e-01	8.894510434371827312e-02	4.161566275051407221e-02	1.011127667089554982e-01
2.007674638666942428e+03	1.758520148013928419e-01	1.081992198679612022e-01	3.014023821114683588e-01	1.827167230582545376e-01	8.899887519998256336e-02	4.164994995303750169e-02	1.011808350074164670e-01
2.012512408880597604e+03	1.755986029532541348e-01	1.080214331977816244e-01	3.015812394641977368e-01	1.828139055821224601e-01	8.905231522317132165e-02	4.168401813419943952e-02	1.012484854447867344e-01
2.017350179094252780e+03	1.753467089729345285e-01	1.078447114099867765e-01	3.017590025540107801e-01	1.829105612841140649e-01	8.910542639761896699e-02	4.171786885100378650e-02	1.013157205298445551e-01
2.022187949307908411e+03	1.750963237612949697e-01	1.076690481265506760e-01	3.019356777544700554e-01	1.830066932602878171e-01	8.915821069595177006e-02	4.175150364478774634e-02	1.013825427561705073e-01
2.027025719521564042e+03	1.748474382736218968e-01	1.074944370074761013e-01	3.021112714073050376e-01	1.831023045882089473e-01	8.921067007915622904e-02	4.178492404148281825e-02	1.014489546022625116e-01
2.031863489735218764e+03	1.746000435193070521e-01	1.073208717505715476e-01	3.022857898224095563e-01	1.831973983270600848e-01	8.926280649664701528e-02	4.181813155186982905e-02	1.015149585316485192e-01
2.036701259948874394e+03	1.743541305615285142e-01	1.071483460912294322e-01	3.024592392778452377e-01	1.832919775177511146e-01	8.931462188633422505e-02	4.185112767182823379e-02	1.015805569929968538e-01
2.041539030162529116e+03	1.741096905169337850e-01	1.069768538022057153e-01	3.026316260198511632e-01	1.833860451830285621e-01	8.936611817469021501e-02	4.188391388257971942e-02	1.016457524202244722e-01
2.046376800376184747e+03	1.738667145553242088e-01	1.068063886934006446e-01	3.028029562628591909e-01	1.834796043275841448e-01	8.941729727681592410e-02	4.191649165092634077e-02	1.017105472326032128e-01
2.051214570589840150e+03	1.736251938993413069e-01	1.066369446116408465e-01	3.029732361895148274e-01	1.835726579381628254e-01	8.946816109650661264e-02	4.194886242948327182e-02	1.017749438348640179e-01
2.056052340803495554e+03	1.733851198241544433e-01	1.064685154404625272e-01	3.031424719507035959e-01	1.836652089836701418e-01	8.951871152631725448e-02	4.198102765690633204e-02	1.018389446172993928e-01
2.060890111017150957e+03	1.731464836571506016e-01	1.063010950998960341e-01	3.033106696655822332e-01	1.837572604152790112e-01	8.956895044762745728e-02	4.201298875811442651e-02	1.019025519558639514e-01
2.065727881230805451e+03	1.729092767776253536e-01	1.061346775462516101e-01	3.034778354216148832e-01	1.838488151665357284e-01	8.961887973070577218e-02	4.204474714450698314e-02	1.019657682122734471e-01
2.070565651444461309e+03	1.726734906164759387e-01	1.059692567719062034e-01	3.036439752746138976e-01	1.839398761534654925e-01	8.966850123477372592e-02	4.207630421417654643e-02	1.020285957341020150e-01
2.075403421658116713e+03	1.724391166558956745e-01	1.058048268050917201e-01	3.038090952487852436e-01	1.840304462746771563e-01	8.971781680806936721e-02	4.210766135211667371e-02	1.020910368548779840e-01
2.080241191871772116e+03	1.722061464290701172e-01	1.056413817096842761e-01	3.039732013367781316e-01	1.841205284114675877e-01	8.976682828791039681e-02	4.213881993042518231e-02	1.021530938941781486e-01
2.085078962085427065e+03	1.719745715198749969e-01	1.054789155849947396e-01	3.041362994997385272e-01	1.842101254279251143e-01	8.981553750075689513e-02	4.216978130850290718e-02	1.022147691577206668e-01
2.089916732299082469e+03	1.717443835625756254e-01	1.053174225655604257e-01	3.042983956673669388e-01	1.842992401710326633e-01	8.986394626227360571e-02	4.220054683324808709e-02	1.022760649374565706e-01
2.094754502512737417e+03	1.715155742415281903e-01	1.051568968209379423e-01	3.044594957379795908e-01	1.843878754707699852e-01	8.991205637739184409e-02	4.223111783924646950e-02	1.023369835116599985e-01
2.099592272726392821e+03	1.712881352908823540e-01	1.049973325554971748e-01	3.046196055785734824e-01	1.844760341402154891e-01	8.995986964037108735e-02	4.226149564895721744e-02	1.023975271450172086e-01
2.104430042940048224e+03	1.710620584942859901e-01	1.048387240082165189e-01	3.047787310248948889e-01	1.845637189756474117e-01	9.000738783486009198e-02	4.229168157289479868e-02	1.024576980887143135e-01
2.109267813153704083e+03	1.708373356845910296e-01	1.046810654524791689e-01	3.049368778815109704e-01	1.846509327566443759e-01	9.005461273395765076e-02	4.232167690980687125e-02	1.025174985805240163e-01
2.114105583367359031e+03	1.706139587435614724e-01	1.045243511958706129e-01	3.050940519218842129e-01	1.847376782461852829e-01	9.010154610027303057e-02	4.235148294684832476e-02	1.025769308448911260e-01
2.118943353581013525e+03	1.703919196015825643e-01	1.043685755799771964e-01	3.052502588884509205e-01	1.848239581907487883e-01	9.014818968598606319e-02	4.238110095975153313e-02	1.026359970930170312e-01
2.123781123794669384e+03	1.701712102373718893e-01	1.042137329801858803e-01	3.054055044927013740e-01	1.849097753204119454e-01	9.019454523290679204e-02	4.241053221299294351e-02	1.026946995229432585e-01
2.128618894008324787e+03	1.699518226776920438e-01	1.040598178054851219e-01	3.055597944152634859e-01	1.849951323489485433e-01	9.024061447253482748e-02	4.243977795995606400e-02	1.027530403196340036e-01
2.133456664221980191e+03	1.697337489970649482e-01	1.039068244982667699e-01	3.057131343059887874e-01	1.850800319739265287e-01	9.028639912611843843e-02	4.246883944309097492e-02	1.028110216550576772e-01
2.138294434435635139e+03	1.695169813174876583e-01	1.037547475341292352e-01	3.058655297840408571e-01	1.851644768768052063e-01	9.033190090471314437e-02	4.249771789407043310e-02	1.028686456882676181e-01
2.143132204649290543e+03	1.693015118081499237e-01	1.036035814216816203e-01	3.060169864379865823e-01	1.852484697230315502e-01	9.037712150924005761e-02	4.252641453394260390e-02	1.029259145654819047e-01
2.147969974862945492e+03	1.690873326851532188e-01	1.034533207023490275e-01	3.061675098258889727e-01	1.853320131621361277e-01	9.042206263054392013e-02	4.255493057328060130e-02	1.029828304201623745e-01
2.152807745076601350e+03	1.688744362112316877e-01	1.033039599501789502e-01	3.063171054754027511e-01	1.854151098278283838e-01	9.046672594945083523e-02	4.258326721232884998e-02	1.030393953730927986e-01
2.157645515290255844e+03	1.686628146954741725e-01	1.031554937716487597e-01	3.064657788838717756e-01	1.854977623380913154e-01	9.051111313682552728e-02	4.261142564114635267e-02	1.030956115324562772e-01
2.162483285503912157e+03	1.684524604930483227e-01	1.030079168054742061e-01	3.066135355184285149e-01	1.855799732952758130e-01	9.055522585362850430e-02	4.263940703974697377e-02	1.031514809939118871e-01
2.167321055717567106e+03	1.682433660049260371e-01	1.028612237224190706e-01	3.067603808160950796e-01	1.856617452861940298e-01	9.059906575097269321e-02	4.266721257823671842e-02	1.032070058406706209e-01
2.172158825931222509e+03	1.680355236776104322e-01	1.027154092251059136e-01	3.069063201838865274e-01	1.857430808822125579e-01	9.064263447017995023e-02	4.269484341694825685e-02	1.032621881435706046e-01
2.176996596144877003e+03	1.678289260028645868e-01	1.025704680478277953e-01	3.070513589989155578e-01	1.858239826393449645e-01	9.068593364283714098e-02	4.272230070657256906e-02	1.033170299611516768e-01
2.181834366358532861e+03	1.676235655174417027e-01	1.024263949563611054e-01	3.071955026084988716e-01	1.859044530983435806e-01	9.072896489085195693e-02	4.274958558828792499e-02	1.033715333397292047e-01
2.186672136572187810e+03	1.674194348028169299e-01	1.022831847477794764e-01	3.073387563302650283e-01	1.859844947847909546e-01	9.077172982650842659e-02	4.277669919388614461e-02	1.034257003134674002e-01
2.191509906785843214e+03	1.672165264849205246e-01	1.021408322502687233e-01	3.074811254522639148e-01	1.860641102091907806e-01	9.081423005252214908e-02	4.280364264589633233e-02	1.034795329044519152e-01
2.196347676999498617e+03	1.670148332338728114e-01	1.019993323229427817e-01	3.076226152330774899e-01	1.861433018670581030e-01	9.085646716209519469e-02	4.283041705770606472e-02	1.035330331227618528e-01
2.201185447213154021e+03	1.668143477637205885e-01	1.018586798556608136e-01	3.077632309019317502e-01	1.862220722390091066e-01	9.089844273897075555e-02	4.285702353368010115e-02	1.035862029665412243e-01
2.206023217426809424e+03	1.666150628321750315e-01	1.017188697688451715e-01	3.079029776588099176e-01	1.863004237908502947e-01	9.094015835748746335e-02	4.288346316927667962e-02	1.036390444220697954e-01
2.210860987640464373e+03	1.664169712403510970e-01	1.015798970133005852e-01	3.080418606745670695e-01	1.863783589736672519e-01	9.098161558263342941e-02	4.290973705116150894e-02	1.036915594638334048e-01
2.215698757854119776e+03	1.662200658325084790e-01	1.014417565700341806e-01	3.081798850910456022e-01	1.864558802239128232e-01	9.102281597010004888e-02	4.293584625731943633e-02	1.037437500545937696e-01
2.220536528067775180e+03	1.660243394957940932e-01	1.013044434500766783e-01	3.083170560211918598e-01	1.865329899634946831e-01	9.106376106633543022e-02	4.296179185716389459e-02	1.037956181454577215e-01
2.225374298281430583e+03	1.658297851599861150e-01	1.011679526943045776e-01	3.084533785491736513e-01	1.866096905998625155e-01	9.110445240859760263e-02	4.298757491164417049e-02	1.038471656759458739e-01
2.230212068495085077e+03	1.656363957972393219e-01	1.010322793732632146e-01	3.085888577304985447e-01	1.866859845260945006e-01	9.114489152500743208e-02	4.301319647335055674e-02	1.038983945740609566e-01
2.235049838708740936e+03	1.654441644218321295e-01	1.008974185869910556e-01	3.087234985921336605e-01	1.867618741209834676e-01	9.118507993460128747e-02	4.303865758661743618e-02	1.039493067563555112e-01
2.239887608922396339e+03	1.652530840899149867e-01	1.007633654648447397e-01	3.088573061326255198e-01	1.868373617491224936e-01	9.122501914738334605e-02	4.306395928762429826e-02	1.039999041279991293e-01
2.244725379136052197e+03	1.650631478992602985e-01	1.006301151653253567e-01	3.089902853222211143e-01	1.869124497609899183e-01	9.126471066437769064e-02	4.308910260449486107e-02	1.040501885828452877e-01
2.249563149349706237e+03	1.648743489890137082e-01	1.004976628759055579e-01	3.091224411029894759e-01	1.869871404930338321e-01	9.130415597768018476e-02	4.311408855739418122e-02	1.041001620034976843e-01
2.254400919563362095e+03	1.646866805394470723e-01	1.003660038128576792e-01	3.092537783889438008e-01	1.870614362677561759e-01	9.134335657050987600e-02	4.313891815862395951e-02	1.041498262613760883e-01
2.259238689777017044e+03	1.645001357717125468e-01	1.002351332210829199e-01	3.093843020661647403e-01	1.871353393937962850e-01	9.138231391726038544e-02	4.316359241271598701e-02	1.041991832167818571e-01
2.264076459990672902e+03	1.643147079475984484e-01	1.001050463739413671e-01	3.095140169929235796e-01	1.872088521660138505e-01	9.142102948355082526e-02	4.318811231652376625e-02	1.042482347189628844e-01
