1.001418434226643626e+03	2.833711129430526721e-01	1.751405834631025726e-01	2.332607601166654943e-01	1.418313734627429379e-01	6.926354295323859656e-02	2.727671520172409922e-02	6.985591185942610637e-02
1.003837319333471214e+03	2.829430256655866560e-01	1.748645266966062928e-01	2.335534283807130518e-01	1.420136702246950489e-01	6.933972780802830083e-02	2.731617350583185125e-02	6.996944771849127054e-02
1.006256204440298802e+03	2.825161605259055020e-01	1.745892581394105636e-01	2.338452459358543456e-01	1.421954378562758359e-01	6.941569304173091093e-02	2.735553361667734246e-02	7.008267088409793344e-02
1.008675089547126618e+03	2.820905140316497528e-01	1.743147755380413944e-01	2.341362152203816938e-01	1.423766779894983514e-01	6.949143931261267393e-02	2.739479580281595911e-02	7.019558210495262240e-02
1.011093974653954206e+03	2.816660827004716650e-01	1.740410766454997538e-01	2.344263386656151305e-01	1.425573922501247592e-01	6.956696727665639957e-02	2.743396033202211148e-02	7.030818212956262137e-02
1.013512859760782021e+03	2.812428630600062873e-01	1.737681592212423909e-01	2.347156186959225010e-01	1.427375822577054976e-01	6.964227758757335351e-02	2.747302747129179434e-02	7.042047170621063001e-02
1.015931744867609382e+03	2.808208516478421513e-01	1.734960210311629891e-01	2.350040577287392796e-01	1.429172496256180813e-01	6.971737089681501187e-02	2.751199748684517860e-02	7.053245158292981154e-02
1.018350629974437197e+03	2.804000450114925713e-01	1.732246598475731536e-01	2.352916581745884139e-01	1.430963959611051828e-01	6.979224785358484340e-02	2.755087064412915787e-02	7.064412250747915956e-02
1.020769515081264785e+03	2.799804397083668350e-01	1.729540734491836207e-01	2.355784224371002544e-01	1.432750228653126567e-01	6.986690910484977257e-02	2.758964720781990551e-02	7.075548522731946177e-02
1.023188400188092373e+03	2.795620323057412815e-01	1.726842596210854952e-01	2.358643529130321770e-01	1.434531319333270105e-01	6.994135529535178142e-02	2.762832744182541073e-02	7.086654048958945795e-02
1.025607285294920075e+03	2.791448193807306022e-01	1.724152161547314599e-01	2.361494519922882618e-01	1.436307247542125964e-01	7.001558706761919215e-02	2.766691160928800436e-02	7.097728904108253911e-02
1.028026170401747549e+03	2.787287975202594192e-01	1.721469408479170959e-01	2.364337220579390275e-01	1.438078029110483602e-01	7.008960506197799145e-02	2.770539997258687423e-02	7.108773162822379366e-02
1.030445055508575479e+03	2.783139633210338637e-01	1.718794315047623422e-01	2.367171654862409713e-01	1.439843679809642840e-01	7.016340991656305759e-02	2.774379279334056314e-02	7.119786899704742822e-02
1.032863940615402726e+03	2.779003133895129873e-01	1.716126859356930101e-01	2.369997846466560532e-01	1.441604215351773854e-01	7.023700226732915164e-02	2.778209033240946688e-02	7.130770189317456320e-02
1.035282825722230655e+03	2.774878443418802854e-01	1.713467019574220207e-01	2.372815819018710970e-01	1.443359651390273557e-01	7.031038274806199195e-02	2.782029284989829404e-02	7.141723106179148628e-02
1.037701710829058356e+03	2.770765528040159964e-01	1.710814773929313914e-01	2.375625596078173585e-01	1.445110003520120590e-01	7.038355199038909271e-02	2.785840060515856059e-02	7.152645724762808632e-02
1.040120595935886058e+03	2.766664354114685143e-01	1.708170100714534456e-01	2.378427201136897873e-01	1.446855287278223656e-01	7.045651062379061635e-02	2.789641385679101845e-02	7.163538119493689793e-02
1.042539481042713533e+03	2.762574888094264103e-01	1.705532978284527712e-01	2.381220657619662617e-01	1.448595518143768190e-01	7.052925927561000397e-02	2.793433286264812576e-02	7.174400364747231251e-02
1.044958366149541234e+03	2.758497096526905112e-01	1.702903385056079022e-01	2.384005988884269067e-01	1.450330711538560247e-01	7.060179857106466117e-02	2.797215787983646160e-02	7.185232534847021957e-02
1.047377251256368709e+03	2.754430946056461438e-01	1.700281299507931110e-01	2.386783218221733005e-01	1.452060882827365396e-01	7.067412913325650525e-02	2.800988916471915807e-02	7.196034704062800880e-02
1.049796136363196410e+03	2.750376403422350458e-01	1.697666700180602839e-01	2.389552368856474596e-01	1.453786047318244568e-01	7.074625158318230411e-02	2.804752697291830119e-02	7.206806946608489139e-02
1.052215021470024112e+03	2.746333435459279437e-01	1.695059565676208246e-01	2.392313463946510455e-01	1.455506220262888228e-01	7.081816653974409848e-02	2.808507155931734903e-02	7.217549336640256830e-02
1.054633906576851814e+03	2.742302009096968529e-01	1.692459874658277241e-01	2.395066526583643773e-01	1.457221416856945839e-01	7.088987461975944371e-02	2.812252317806349794e-02	7.228261948254620373e-02
1.057052791683679516e+03	2.738282091359872661e-01	1.689867605851574361e-01	2.397811579793653058e-01	1.458931652240351706e-01	7.096137643797156835e-02	2.815988208257009032e-02	7.238944855486584284e-02
1.059471676790506763e+03	2.734273649366910641e-01	1.687282738041921415e-01	2.400548646536481701e-01	1.460636941497649166e-01	7.103267260705949104e-02	2.819714852551895301e-02	7.249598132307798204e-02
1.061890561897334692e+03	2.730276650331188160e-01	1.684705250076017624e-01	2.403277749706426714e-01	1.462337299658311163e-01	7.110376373764797087e-02	2.823432275886278084e-02	7.260221852624761107e-02
1.064309447004162394e+03	2.726291061559728557e-01	1.682135120861262545e-01	2.405998912132326084e-01	1.464032741697056106e-01	7.117465043831751326e-02	2.827140503382746459e-02	7.270816090277044952e-02
1.066728332110990095e+03	2.722316850453195824e-01	1.679572329365578987e-01	2.408712156577746677e-01	1.465723282534164285e-01	7.124533331561411220e-02	2.830839560091443982e-02	7.281380919035564114e-02
1.069147217217817570e+03	2.718353984505628707e-01	1.677016854617235098e-01	2.411417505741170475e-01	1.467408937035786232e-01	7.131581297405907571e-02	2.834529470990300795e-02	7.291916412600860098e-02
1.071566102324645271e+03	2.714402431304166474e-01	1.674468675704668952e-01	2.414114982256182207e-01	1.469089720014253586e-01	7.138609001615867089e-02	2.838210260985265729e-02	7.302422644601427870e-02
1.073984987431472746e+03	2.710462158528780252e-01	1.671927771776313132e-01	2.416804608691653922e-01	1.470765646228383017e-01	7.145616504241371347e-02	2.841881954910535635e-02	7.312899688592064407e-02
1.076403872538300675e+03	2.706533133952004344e-01	1.669394122040418205e-01	2.419486407551930673e-01	1.472436730383778758e-01	7.152603865132911576e-02	2.845544577528786451e-02	7.323347618052256092e-02
1.078822757645127922e+03	2.702615325438668670e-01	1.666867705764880359e-01	2.422160401277015929e-01	1.474102987133131815e-01	7.159571143942328186e-02	2.849198153531402183e-02	7.333766506384579997e-02
1.081241642751955851e+03	2.698708700945630090e-01	1.664348502277065434e-01	2.424826612242753920e-01	1.475764431076517780e-01	7.166518400123750299e-02	2.852842707538700076e-02	7.344156426913153735e-02
1.083660527858783553e+03	2.694813228521508175e-01	1.661836490963636004e-01	2.427485062761015333e-01	1.477421076761689378e-01	7.173445692934524165e-02	2.856478264100159592e-02	7.354517452882097794e-02
1.086079412965611255e+03	2.690928876306418749e-01	1.659331651270379571e-01	2.430135775079879379e-01	1.479072938684368732e-01	7.180353081436130491e-02	2.860104847694647234e-02	7.364849657454029808e-02
1.088498298072438729e+03	2.687055612531708548e-01	1.656833962702034257e-01	2.432778771383816707e-01	1.480720031288534910e-01	7.187240624495104535e-02	2.863722482730640673e-02	7.375153113708590724e-02
1.090917183179266431e+03	2.683193405519690988e-01	1.654343404822118391e-01	2.435414073793871481e-01	1.482362368966709532e-01	7.194108380783935386e-02	2.867331193546453216e-02	7.385427894640993196e-02
1.093336068286093905e+03	2.679342223683384150e-01	1.651859957252758693e-01	2.438041704367842066e-01	1.483999966060240705e-01	7.200956408781970797e-02	2.870931004410456899e-02	7.395674073160599105e-02
1.095754953392921607e+03	2.675502035526248767e-01	1.649383599674519307e-01	2.440661685100463940e-01	1.485632836859583361e-01	7.207784766776305363e-02	2.874521939521302791e-02	7.405891722089520679e-02
1.098173838499749309e+03	2.671672809641923996e-01	1.646914311826233324e-01	2.443274037923588993e-01	1.487260995604576252e-01	7.214593512862664537e-02	2.878104023008143039e-02	7.416080914161254922e-02
1.100592723606577010e+03	2.667854514713969283e-01	1.644452073504829304e-01	2.445878784706364550e-01	1.488884456484717844e-01	7.221382704946290032e-02	2.881677278930850142e-02	7.426241722019333302e-02
1.103011608713404712e+03	2.664047119515605133e-01	1.641996864565166414e-01	2.448475947255415175e-01	1.490503233639438596e-01	7.228152400742797468e-02	2.885241731280236907e-02	7.436374218216004750e-02
1.105430493820231959e+03	2.660250592909449985e-01	1.639548664919862342e-01	2.451065547315019744e-01	1.492117341158371857e-01	7.234902657779053448e-02	2.888797403978273295e-02	7.446478475210933923e-02
1.107849378927059888e+03	2.656464903847264858e-01	1.637107454539127593e-01	2.453647606567290473e-01	1.493726793081620874e-01	7.241633533394026268e-02	2.892344320878304301e-02	7.456554565369939713e-02
1.110268264033887590e+03	2.652690021369695228e-01	1.634673213450596463e-01	2.456222146632350833e-01	1.495331603400024689e-01	7.248345084739632460e-02	2.895882505765265749e-02	7.466602560963743473e-02
1.112687149140715292e+03	2.648925914606013454e-01	1.632245921739160222e-01	2.458789189068513459e-01	1.496931786055420710e-01	7.255037368781590279e-02	2.899411982355899753e-02	7.476622534166747769e-02
1.115106034247542766e+03	2.645172552773863428e-01	1.629825559546801139e-01	2.461348755372456121e-01	1.498527354940905332e-01	7.261710442300248203e-02	2.902932774298969815e-02	7.486614557055834562e-02
1.117524919354370468e+03	2.641429905179005777e-01	1.627412107072426228e-01	2.463900866979398530e-01	1.500118323901092066e-01	7.268364361891424541e-02	2.906444905175473506e-02	7.496578701609193929e-02
1.119943804461197942e+03	2.637697941215060848e-01	1.625005544571701266e-01	2.466445545263278860e-01	1.501704706732367167e-01	7.274999183967222061e-02	2.909948398498854796e-02	7.506515039705165260e-02
1.122362689568025871e+03	2.633976630363257798e-01	1.622605852356885370e-01	2.468982811536927502e-01	1.503286517183143600e-01	7.281614964756852326e-02	2.913443277715217425e-02	7.516423643121111775e-02
1.124781574674853118e+03	2.630265942192179796e-01	1.620213010796668629e-01	2.471512687052243584e-01	1.504863768954111947e-01	7.288211760307446163e-02	2.916929566203533761e-02	7.526304583532311687e-02
1.127200459781681047e+03	2.626565846357512002e-01	1.617827000316005570e-01	2.474035193000368726e-01	1.506436475698489097e-01	7.294789626484858569e-02	2.920407287275856092e-02	7.536157932510863244e-02
1.129619344888508749e+03	2.622876312601791216e-01	1.615447801395953065e-01	2.476550350511860510e-01	1.508004651022266385e-01	7.301348618974469462e-02	2.923876464177525836e-02	7.545983761524631406e-02
1.132038229995336451e+03	2.619197310754152741e-01	1.613075394573507404e-01	2.479058180656865951e-01	1.509568308484452448e-01	7.307888793281976103e-02	2.927337120087381353e-02	7.555782141936193130e-02
1.134457115102163925e+03	2.615528810730083920e-01	1.610709760441441374e-01	2.481558704445295527e-01	1.511127461597316646e-01	7.314410204734179966e-02	2.930789278117965080e-02	7.565553145001824298e-02
1.136876000208991627e+03	2.611870782531170998e-01	1.608350879648141607e-01	2.484051942826993598e-01	1.512682123826629421e-01	7.320912908479770831e-02	2.934232961315732385e-02	7.575296841870489406e-02
1.139294885315819101e+03	2.608223196244853770e-01	1.605998732897448711e-01	2.486537916691911876e-01	1.514232308591899889e-01	7.327396959490099781e-02	2.937668192661253494e-02	7.585013303582861799e-02
1.141713770422646803e+03	2.604586022044175775e-01	1.603653300948495175e-01	2.489016646870279570e-01	1.515778029266612037e-01	7.333862412559948030e-02	2.941094995069422000e-02	7.594702601070366099e-02
1.144132655529474505e+03	2.600959230187537830e-01	1.601314564615545222e-01	2.491488154132775190e-01	1.517319299178459258e-01	7.340309322308298523e-02	2.944513391389656787e-02	7.604364805154226192e-02
1.146551540636302207e+03	2.597342791018453223e-01	1.598982504767834933e-01	2.493952459190696691e-01	1.518856131609576110e-01	7.346737743179085345e-02	2.947923404406106729e-02	7.613999986544553455e-02
1.148970425743129908e+03	2.593736674965299582e-01	1.596657102329412659e-01	2.496409582696131335e-01	1.520388539796768135e-01	7.353147729441951441e-02	2.951325056837852262e-02	7.623608215839436375e-02
1.151389310849957155e+03	2.590140852541075733e-01	1.594338338278979139e-01	2.498859545242124447e-01	1.521916536931739727e-01	7.359539335192996634e-02	2.954718371339107308e-02	7.633189563524057919e-02
1.153808195956785084e+03	2.586555294343158007e-01	1.592026193649730414e-01	2.501302367362849277e-01	1.523440136161320346e-01	7.365912614355515919e-02	2.958103370499420848e-02	7.642744099969828175e-02
1.156227081063612786e+03	2.582979971053055435e-01	1.589720649529199614e-01	2.503738069533775756e-01	1.524959350587688778e-01	7.372267620680737765e-02	2.961480076843875028e-02	7.652271895433539195e-02
1.158645966170440488e+03	2.579414853436168276e-01	1.587421687059097919e-01	2.506166672171836751e-01	1.526474193268594626e-01	7.378604407748558247e-02	2.964848512833287431e-02	7.661773020056533712e-02
1.161064851277267962e+03	2.575859912341545432e-01	1.585129287435158851e-01	2.508588195635595985e-01	1.527984677217579523e-01	7.384923028968261305e-02	2.968208700864406399e-02	7.671247543863890517e-02
1.163483736384095664e+03	2.572315118701644088e-01	1.582843431906981457e-01	2.511002660225417626e-01	1.529490815404193627e-01	7.391223537579244551e-02	2.971560663270111924e-02	7.680695536763640363e-02
1.165902621490923138e+03	2.568780443532087121e-01	1.580564101777874042e-01	2.513410086183628378e-01	1.530992620754215161e-01	7.397505986651732590e-02	2.974904422319609582e-02	7.690117068545974932e-02
1.168321506597751068e+03	2.565255857931427186e-01	1.578291278404698739e-01	2.515810493694686789e-01	1.532490106149862197e-01	7.403770429087487559e-02	2.978240000218628641e-02	7.699512208882498820e-02
1.170740391704578315e+03	2.561741333080904126e-01	1.576024943197715800e-01	2.518203902885348677e-01	1.533983284430006921e-01	7.410016917620512733e-02	2.981567419109617395e-02	7.708881027325480140e-02
1.173159276811406244e+03	2.558236840244209054e-01	1.573765077620429276e-01	2.520590333824829221e-01	1.535472168390386305e-01	7.416245504817756129e-02	2.984886701071936405e-02	7.718223593307127484e-02
1.175578161918233945e+03	2.554742350767245096e-01	1.571511663189433250e-01	2.522969806524972269e-01	1.536956770783811932e-01	7.422456243079803007e-02	2.988197868122053485e-02	7.727539976138880773e-02
1.177997047025061647e+03	2.551257836077890917e-01	1.569264681474257239e-01	2.525342340940409658e-01	1.538437104320376780e-01	7.428649184641566983e-02	2.991500942213736608e-02	7.736830245010713203e-02
1.180415932131889122e+03	2.547783267685764796e-01	1.567024114097212983e-01	2.527707956968729408e-01	1.539913181667661723e-01	7.434824381572974206e-02	2.994795945238246798e-02	7.746094468990456783e-02
1.182834817238716823e+03	2.544318617181989817e-01	1.564789942733242900e-01	2.530066674450633935e-01	1.541385015450938700e-01	7.440981885779651694e-02	2.998082899024528958e-02	7.755332717023137590e-02
1.185253702345544298e+03	2.540863856238958496e-01	1.562562149109766041e-01	2.532418513170105467e-01	1.542852618253374997e-01	7.447121749003590696e-02	3.001361825339402684e-02	7.764545057930330452e-02
1.187672587452371999e+03	2.537418956610097420e-01	1.560340715006527101e-01	2.534763492854570366e-01	1.544316002616231143e-01	7.453244022823829473e-02	3.004632745887753434e-02	7.773731560409528896e-02
1.190091472559199701e+03	2.533983890129635763e-01	1.558125622255445153e-01	2.537101633175057325e-01	1.545775181039062696e-01	7.459348758657112499e-02	3.007895682312720920e-02	7.782892293033527586e-02
1.192510357666027403e+03	2.530558628712372138e-01	1.555916852740462375e-01	2.539432953746359467e-01	1.547230165979917027e-01	7.465436007758556591e-02	3.011150656195888536e-02	7.792027324249815867e-02
1.194929242772855105e+03	2.527143144353442006e-01	1.553714388397393065e-01	2.541757474127196437e-01	1.548680969855527612e-01	7.471505821222307331e-02	3.014397689057470714e-02	7.801136722379999056e-02
1.197348127879682352e+03	2.523737409128086195e-01	1.551518211213774590e-01	2.544075213820375381e-01	1.550127605041510259e-01	7.477558249982191318e-02	3.017636802356501308e-02	7.810220555619214189e-02
1.199767012986510281e+03	2.520341395191421641e-01	1.549328303228716952e-01	2.546386192272947491e-01	1.551570083872555184e-01	7.483593344812365655e-02	3.020868017491018173e-02	7.819278892035580464e-02
1.202185898093337983e+03	2.516955074778209900e-01	1.547144646532753742e-01	2.548690428876369540e-01	1.553008418642617683e-01	7.489611156327961872e-02	3.024091355798251210e-02	7.828311799569651064e-02
1.204604783200165684e+03	2.513578420202628450e-01	1.544967223267694478e-01	2.550987942966664312e-01	1.554442621605108266e-01	7.495611734985725694e-02	3.027306838554805896e-02	7.837319346033880252e-02
1.207023668306993159e+03	2.510211403858043644e-01	1.542796015626475004e-01	2.553278753824576586e-01	1.555872704973080001e-01	7.501595131084655421e-02	3.030514486976848554e-02	7.846301599112111280e-02
1.209442553413820860e+03	2.506853998216779233e-01	1.540631005853010105e-01	2.555562880675733561e-01	1.557298680919416145e-01	7.507561394766625040e-02	3.033714322220290582e-02	7.855258626359060137e-02
1.211861438520648335e+03	2.503506175829892100e-01	1.538472176242046685e-01	2.557840342690799740e-01	1.558720561577014996e-01	7.513510576017019826e-02	3.036906365380970252e-02	7.864190495199835373e-02
1.214280323627476264e+03	2.500167909326945215e-01	1.536319509139016104e-01	2.560111158985637347e-01	1.560138359038972522e-01	7.519442724665355293e-02	3.040090637494836240e-02	7.873097272929455159e-02
1.216699208734303511e+03	2.496839171415781156e-01	1.534172986939888184e-01	2.562375348621460103e-01	1.561552085358765829e-01	7.525357890385897530e-02	3.043267159538128042e-02	7.881979026712383762e-02
1.219118093841131440e+03	2.493519934882296452e-01	1.532032592091025214e-01	2.564632930604990868e-01	1.562961752550432737e-01	7.531256122698277988e-02	3.046435952427558463e-02	7.890835823582073583e-02
1.221536978947959142e+03	2.490210172590218707e-01	1.529898307089036236e-01	2.566883923888617081e-01	1.564367372588752192e-01	7.537137470968099939e-02	3.049597037020493340e-02	7.899667730440529390e-02
1.223955864054786844e+03	2.486909857480880948e-01	1.527770114480632158e-01	2.569128347370546739e-01	1.565768957409421069e-01	7.543001984407550486e-02	3.052750434115130904e-02	7.908474814057873947e-02
1.226374749161614318e+03	2.483618962572999300e-01	1.525647996862479761e-01	2.571366219894963834e-01	1.567166518909231809e-01	7.548849712076001472e-02	3.055896164450681851e-02	7.917257141071937232e-02
1.228793634268442020e+03	2.480337460962450391e-01	1.523531936881059590e-01	2.573597560252181005e-01	1.568560068946246444e-01	7.554680702880604837e-02	3.059034248707545589e-02	7.926014777987845650e-02
1.231212519375269494e+03	2.477065325822049024e-01	1.521421917232520515e-01	2.575822387178794970e-01	1.569949619339971181e-01	7.560495005576894911e-02	3.062164707507490299e-02	7.934747791177636234e-02
1.233631404482097196e+03	2.473802530401327249e-01	1.519317920662536514e-01	2.578040719357839183e-01	1.571335181871528763e-01	7.566292668769369900e-02	3.065287561413828840e-02	7.943456246879868066e-02
1.236050289588924898e+03	2.470549048026313421e-01	1.517219929966164838e-01	2.580252575418938155e-01	1.572716768283829170e-01	7.572073740912087236e-02	3.068402830931595340e-02	7.952140211199251740e-02
1.238469174695752372e+03	2.467304852099313217e-01	1.515127927987701961e-01	2.582457973938458440e-01	1.574094390281739753e-01	7.577838270309240898e-02	3.071510536507720754e-02	7.960799750106294093e-02
1.240888059802580301e+03	2.464069916098688973e-01	1.513041897620542031e-01	2.584656933439664073e-01	1.575468059532253995e-01	7.583586305115749826e-02	3.074610698531208414e-02	7.969434929436947090e-02
1.243306944909407548e+03	2.460844213578641526e-01	1.510961821807035310e-01	2.586849472392864779e-01	1.576837787664658042e-01	7.589317893337824139e-02	3.077703337333308545e-02	7.978045814892271992e-02
1.245725830016235477e+03	2.457627718168992614e-01	1.508887683538347457e-01	2.589035609215569189e-01	1.578203586270697512e-01	7.595033082833539673e-02	3.080788473187690696e-02	7.986632472038104891e-02
1.248144715123063179e+03	2.454420403574967546e-01	1.506819465854317142e-01	2.591215362272636380e-01	1.579565466904741533e-01	7.600731921313412520e-02	3.083866126310619640e-02	7.995194966304754181e-02
1.250563600229890881e+03	2.451222243576977322e-01	1.504757151843317264e-01	2.593388749876424093e-01	1.580923441083946224e-01	7.606414456340958308e-02	3.086936316861125032e-02	8.003733362986679978e-02
1.252982485336718355e+03	2.448033212030403527e-01	1.502700724642113683e-01	2.595555790286942499e-01	1.582277520288417616e-01	7.612080735333258408e-02	3.089999064941175225e-02	8.012247727242208239e-02
1.255401370443546057e+03	2.444853282865383226e-01	1.500650167435727267e-01	2.597716501712000192e-01	1.583627715961372084e-01	7.617730805561513663e-02	3.093054390595848663e-02	8.020738124093235166e-02
1.257820255550373531e+03	2.441682430086593303e-01	1.498605463457292064e-01	2.599870902307355180e-01	1.584974039509296218e-01	7.623364714151600885e-02	3.096102313813503537e-02	8.029204618424959361e-02
1.260239140657201460e+03	2.438520627773035909e-01	1.496566595987919579e-01	2.602019010176864211e-01	1.586316502302105580e-01	7.628982508084625191e-02	3.099142854525948482e-02	8.037647274985611212e-02
1.262658025764028707e+03	2.435367850077826413e-01	1.494533548356558328e-01	2.604160843372629319e-01	1.587655115673302642e-01	7.634584234197465402e-02	3.102176032608611883e-02	8.046066158386194767e-02
1.265076910870856636e+03	2.432224071227978845e-01	1.492506303939857004e-01	2.606296419895148264e-01	1.588989890920132209e-01	7.640169939183324987e-02	3.105201867880711189e-02	8.054461333100243481e-02
1.267495795977684338e+03	2.429089265524195240e-01	1.490484846162025701e-01	2.608425757693459968e-01	1.590320839303737133e-01	7.645739669592263588e-02	3.108220380105421177e-02	8.062832863463577360e-02
1.269914681084511813e+03	2.425963407340651912e-01	1.488469158494700462e-01	2.610548874665293284e-01	1.591647972049312632e-01	7.651293471831743798e-02	3.111231588990041180e-02	8.071180813674079524e-02
1.272333566191339514e+03	2.422846471124790180e-01	1.486459224456805339e-01	2.612665788657211885e-01	1.592971300346258667e-01	7.656831392167159911e-02	3.114235514186161971e-02	8.079505247791470002e-02
1.274752451298167216e+03	2.419738431397104872e-01	1.484455027614417222e-01	2.614776517464761918e-01	1.594290835348332047e-01	7.662353476722369439e-02	3.117232175289832985e-02	8.087806229737096175e-02
1.277171336404994690e+03	2.416639262750935047e-01	1.482456551580628445e-01	2.616881078832616891e-01	1.595606588173797136e-01	7.667859771480228792e-02	3.120221591841728509e-02	8.096083823293732940e-02
1.279590221511822392e+03	2.413548939852254716e-01	1.480463780015412179e-01	2.618979490454724224e-01	1.596918569905574903e-01	7.673350322283106761e-02	3.123203783327312133e-02	8.104338092105384250e-02
1.282009106618650094e+03	2.410467437439463845e-01	1.478476696625488640e-01	2.621071769974449017e-01	1.598226791591392526e-01	7.678825174833414646e-02	3.126178769177001548e-02	8.112569099677101325e-02
1.284427991725477568e+03	2.407394730323180465e-01	1.476495285164187432e-01	2.623157934984721162e-01	1.599531264243930773e-01	7.684284374694126674e-02	3.129146568766334041e-02	8.120776909374800845e-02
1.286846876832305497e+03	2.404330793386033616e-01	1.474519529431316256e-01	2.625238003028175782e-01	1.600831998840969161e-01	7.689727967289286537e-02	3.132107201416127473e-02	8.128961584425098419e-02
1.289265761939132744e+03	2.401275601582457120e-01	1.472549413273025187e-01	2.627311991597299223e-01	1.602129006325532512e-01	7.695155997904526424e-02	3.135060686392645429e-02	8.137123187915148992e-02
1.291684647045960673e+03	2.398229129938481141e-01	1.470584920581673449e-01	2.629379918134573391e-01	1.603422297606035829e-01	7.700568511687579110e-02	3.138007042907758892e-02	8.145261782792491412e-02
1.294103532152788375e+03	2.395191353551529567e-01	1.468626035295697574e-01	2.631441800032615630e-01	1.604711883556425578e-01	7.705965553648780331e-02	3.140946290119110001e-02	8.153377431864902714e-02
1.296522417259616077e+03	2.392162247590212953e-01	1.466672741399476787e-01	2.633497654634323615e-01	1.605997775016324292e-01	7.711347168661572549e-02	3.143878447130270259e-02	8.161470197800260729e-02
1.298941302366443551e+03	2.389141787294125074e-01	1.464725022923202558e-01	2.635547499233017454e-01	1.607279982791171014e-01	7.716713401463004551e-02	3.146803532990902902e-02	8.169540143126412246e-02
1.301360187473271253e+03	2.386129947973638921e-01	1.462782863942745371e-01	2.637591351072581247e-01	1.608558517652361741e-01	7.722064296654236604e-02	3.149721566696922492e-02	8.177587330231059215e-02
1.303779072580098727e+03	2.383126705009703528e-01	1.460846248579523998e-01	2.639629227347602969e-01	1.609833390337388204e-01	7.727399898701027559e-02	3.152632567190656598e-02	8.185611821361628293e-02
1.306197957686926657e+03	2.380132033853641083e-01	1.458915161000373661e-01	2.641661145203516026e-01	1.611104611549978027e-01	7.732720251934230293e-02	3.155536553361001917e-02	8.193613678625176477e-02
1.308616842793753904e+03	2.377145910026945974e-01	1.456989585417416411e-01	2.643687121736742474e-01	1.612372191960229906e-01	7.738025400550282984e-02	3.158433544043583174e-02	8.201592963988284246e-02
1.311035727900581833e+03	2.374168309121082177e-01	1.455069506087929843e-01	2.645707173994828465e-01	1.613636142204752377e-01	7.743315388611690664e-02	3.161323558020914803e-02	8.209549739276959801e-02
1.313454613007409534e+03	2.371199206797283410e-01	1.453154907314217481e-01	2.647721318976588578e-01	1.614896472886798440e-01	7.748590260047513723e-02	3.164206614022553599e-02	8.217484066176557189e-02
1.315873498114237009e+03	2.368238578786351634e-01	1.451245773443479159e-01	2.649729573632240154e-01	1.616153194576399610e-01	7.753850058653845301e-02	3.167082730725257617e-02	8.225396006231690260e-02
1.318292383221064711e+03	2.365286400888459983e-01	1.449342088867681955e-01	2.651731954863547069e-01	1.617406317810500815e-01	7.759094828094295626e-02	3.169951926753145077e-02	8.233285620846163277e-02
1.320711268327892412e+03	2.362342648972950154e-01	1.447443838023431129e-01	2.653728479523955186e-01	1.618655853093093067e-01	7.764324611900461082e-02	3.172814220677844244e-02	8.241152971282902917e-02
1.323130153434719887e+03	2.359407298978136724e-01	1.445551005391842170e-01	2.655719164418732237e-01	1.619901810895344740e-01	7.769539453472400214e-02	3.175669631018654404e-02	8.248998118663894430e-02
1.325549038541547588e+03	2.356480326911108425e-01	1.443663575498411733e-01	2.657704026305103273e-01	1.621144201655733696e-01	7.774739396079104192e-02	3.178518176242698529e-02	8.256821123970133069e-02
1.327967923648375290e+03	2.353561708847530520e-01	1.441781532912891350e-01	2.659683081892390555e-01	1.622383035780177452e-01	7.779924482858964485e-02	3.181359874765076617e-02	8.264622048041572744e-02
1.330386808755202765e+03	2.350651420931448576e-01	1.439904862249159478e-01	2.661656347842148440e-01	1.623618323642161132e-01	7.785094756820237771e-02	3.184194744949021133e-02	8.272400951577085770e-02
1.332805693862030694e+03	2.347749439375091396e-01	1.438033548165094655e-01	2.663623840768300499e-01	1.624850075582867648e-01	7.790250260841510843e-02	3.187022805106048268e-02	8.280157895134424018e-02
1.335224578968857941e+03	2.344855740458676174e-01	1.436167575362448101e-01	2.665585577237277737e-01	1.626078301911304536e-01	7.795391037672154411e-02	3.189844073496111987e-02	8.287892939130189762e-02
1.337643464075685870e+03	2.341970300530214488e-01	1.434306928586719099e-01	2.667541573768150709e-01	1.627303012904431079e-01	7.800517129932789395e-02	3.192658568327756685e-02	8.295606143839819036e-02
1.340062349182513572e+03	2.339093096005315509e-01	1.432451592627028425e-01	2.669491846832767745e-01	1.628524218807284318e-01	7.805628580115735182e-02	3.195466307758265678e-02	8.303297569397553868e-02
1.342481234289341273e+03	2.336224103366993932e-01	1.430601552315992342e-01	2.671436412855888731e-01	1.629741929833104230e-01	7.810725430585466200e-02	3.198267309893818022e-02	8.310967275796433962e-02
1.344900119396168748e+03	2.333363299165475968e-01	1.428756792529599084e-01	2.673375288215320000e-01	1.630956156163457793e-01	7.815807723579058786e-02	3.201061592789632843e-02	8.318615322888292529e-02
1.347319004502996449e+03	2.330510660018006719e-01	1.426917298187082850e-01	2.675308489242047560e-01	1.632166907948363055e-01	7.820875501206644986e-02	3.203849174450122683e-02	8.326241770383749352e-02
1.349737889609823924e+03	2.327666162608657552e-01	1.425083054250799730e-01	2.677236032220372541e-01	1.633374195306411258e-01	7.825928805451849712e-02	3.206630072829044081e-02	8.333846677852220497e-02
1.352156774716651853e+03	2.324829783688135698e-01	1.423254045726103922e-01	2.679157933388042756e-01	1.634578028324889520e-01	7.830967678172240376e-02	3.209404305829644671e-02	8.341430104721922478e-02
1.354575659823479100e+03	2.322001500073591629e-01	1.421430257661224494e-01	2.681074208936388148e-01	1.635778417059901846e-01	7.835992161099762654e-02	3.212171891304811677e-02	8.348992110279891687e-02
1.356994544930307029e+03	2.319181288648429484e-01	1.419611675147141594e-01	2.682984875010451797e-01	1.636975371536489310e-01	7.841002295841184577e-02	3.214932847057223181e-02	8.356532753672001046e-02
1.359413430037134731e+03	2.316369126362117226e-01	1.417798283317463770e-01	2.684889947709122038e-01	1.638168901748749962e-01	7.845998123878526742e-02	3.217687190839490369e-02	8.364052093902987761e-02
1.361832315143962205e+03	2.313564990229997342e-01	1.415990067348305015e-01	2.686789443085264573e-01	1.639359017659957618e-01	7.850979686569500848e-02	3.220434940354310188e-02	8.371550189836479694e-02
1.364251200250789907e+03	2.310768857333095616e-01	1.414187012458164583e-01	2.688683377145855147e-01	1.640545729202679825e-01	7.855947025147935747e-02	3.223176113254607594e-02	8.379027100195034217e-02
1.366670085357617609e+03	2.307980704817936823e-01	1.412389103907802368e-01	2.690571765852109998e-01	1.641729046278896098e-01	7.860900180724214592e-02	3.225910727143684043e-02	8.386482883560172907e-02
1.369088970464445310e+03	2.305200509896354333e-01	1.410596327000119832e-01	2.692454625119615752e-01	1.642908978760114214e-01	7.865839194285691172e-02	3.228638799575363205e-02	8.393917598372431510e-02
1.371507855571272785e+03	2.302428249845302755e-01	1.408808667080037047e-01	2.694331970818460986e-01	1.644085536487485122e-01	7.870764106697125673e-02	3.231360348054135301e-02	8.401331302931405731e-02
1.373926740678100487e+03	2.299663902006672811e-01	1.407026109534374181e-01	2.696203818773365568e-01	1.645258729271919795e-01	7.875674958701098238e-02	3.234075390035302811e-02	8.408724055395805363e-02
1.376345625784927961e+03	2.296907443787103709e-01	1.405248639791728815e-01	2.698070184763811108e-01	1.646428566894203027e-01	7.880571790918435016e-02	3.236783942925120644e-02	8.416095913783511184e-02
1.378764510891755890e+03	2.294158852657798564e-01	1.403476243322357153e-01	2.699931084524169744e-01	1.647595059105107229e-01	7.885454643848623102e-02	3.239486024080947407e-02	8.423446935971641569e-02
1.381183395998583137e+03	2.291418106154339551e-01	1.401708905638054670e-01	2.701786533743831265e-01	1.648758215625505397e-01	7.890323557870232429e-02	3.242181650811382793e-02	8.430777179696614942e-02
1.383602281105411066e+03	2.288685181876501940e-01	1.399946612292036485e-01	2.703636548067336332e-01	1.649918046146484629e-01	7.895178573241318221e-02	3.244870840376411214e-02	8.438086702554224716e-02
1.386021166212238768e+03	2.285960057488071462e-01	1.398189348878817184e-01	2.705481143094499719e-01	1.651074560329456875e-01	7.900019730099844262e-02	3.247553609987546830e-02	8.445375561999712843e-02
1.388440051319066470e+03	2.283242710716659740e-01	1.396437101034094519e-01	2.707320334380540761e-01	1.652227767806270231e-01	7.904847068464088133e-02	3.250229976807970933e-02	8.452643815347846146e-02
1.390858936425893944e+03	2.280533119353523597e-01	1.394689854434630338e-01	2.709154137436209919e-01	1.653377678179318855e-01	7.909660628233049218e-02	3.252899957952677668e-02	8.459891519773006519e-02
1.393277821532721646e+03	2.277831261253379647e-01	1.392947594798130961e-01	2.710982567727915904e-01	1.654524301021654265e-01	7.914460449186853930e-02	3.255563570488613501e-02	8.467118732309278362e-02
1.395696706639549120e+03	2.275137114334224997e-01	1.391210307883131991e-01	2.712805640677854457e-01	1.655667645877092753e-01	7.919246570987162337e-02	3.258220831434816001e-02	8.474325509850531846e-02
1.398115591746377049e+03	2.272450656577154060e-01	1.389477979488879800e-01	2.714623371664131590e-01	1.656807722260325022e-01	7.924019033177560900e-02	3.260871757762556084e-02	8.481511909150529771e-02
1.400534476853204296e+03	2.269771866026179252e-01	1.387750595455215230e-01	2.716435776020890702e-01	1.657944539657023042e-01	7.928777875183976032e-02	3.263516366395477486e-02	8.488677986823017774e-02
1.402953361960032225e+03	2.267100720788049473e-01	1.386028141662456747e-01	2.718242869038438037e-01	1.659078107523948575e-01	7.933523136315059898e-02	3.266154674209733461e-02	8.495823799341833960e-02
1.405372247066859927e+03	2.264437199032071635e-01	1.384310604031283587e-01	2.720044665963369246e-01	1.660208435289058371e-01	7.938254855762591489e-02	3.268786698034127636e-02	8.502949403041010212e-02
1.407791132173687402e+03	2.261781278989930533e-01	1.382597968522621124e-01	2.721841181998693182e-01	1.661335532351609912e-01	7.942973072601872131e-02	3.271412454650251406e-02	8.510054854114885992e-02
1.410210017280515103e+03	2.259132938955510372e-01	1.380890221137525131e-01	2.723632432303955686e-01	1.662459408082268830e-01	7.947677825792108519e-02	3.274031960792624096e-02	8.517140208618222130e-02
1.412628902387342805e+03	2.256492157284715749e-01	1.379187347917066320e-01	2.725418431995366708e-01	1.663580071823211326e-01	7.952369154176815169e-02	3.276645233148825498e-02	8.524205522466318796e-02
1.415047787494170507e+03	2.253858912395295955e-01	1.377489334942214594e-01	2.727199196145920213e-01	1.664697532888228804e-01	7.957047096484193283e-02	3.279252288359635337e-02	8.531250851435130678e-02
1.417466672600997981e+03	2.251233182766665952e-01	1.375796168333726643e-01	2.728974739785520187e-01	1.665811800562832790e-01	7.961711691327520712e-02	3.281853143019171359e-02	8.538276251161398822e-02
1.419885557707825683e+03	2.248614946939731241e-01	1.374107834252030758e-01	2.730745077901104434e-01	1.666922884104355684e-01	7.966362977205534990e-02	3.284447813675021866e-02	8.545281777142776924e-02
1.422304442814653157e+03	2.246004183516710218e-01	1.372424318897111084e-01	2.732510225436763918e-01	1.668030792742054291e-01	7.971000992502814964e-02	3.287036316828383792e-02	8.552267484737956227e-02
1.424723327921481086e+03	2.243400871160959320e-01	1.370745608508397717e-01	2.734270197293869331e-01	1.669135535677211679e-01	7.975625775490166602e-02	3.289618668934198020e-02	8.559233429166805684e-02
1.427142213028308333e+03	2.240804988596798442e-01	1.369071689364650957e-01	2.736025008331190445e-01	1.670237122083237102e-01	7.980237364324992144e-02	3.292194886401281217e-02	8.566179665510506580e-02
1.429561098135136262e+03	2.238216514609334962e-01	1.367402547783849454e-01	2.737774673365018785e-01	1.671335561105768419e-01	7.984835797051678674e-02	3.294764985592463225e-02	8.573106248711694077e-02
1.431979983241963964e+03	2.235635428044290829e-01	1.365738170123076967e-01	2.739519207169289206e-01	1.672430861862770624e-01	7.989421111601963110e-02	3.297328982824718202e-02	8.580013233574595999e-02
1.434398868348791666e+03	2.233061707807829088e-01	1.364078542778411618e-01	2.741258624475699790e-01	1.673523033444635488e-01	7.993993345795312455e-02	3.299886894369299939e-02	8.586900674765185482e-02
1.436817753455619140e+03	2.230495332866379299e-01	1.362423652184811540e-01	2.742992939973833977e-01	1.674612084914281207e-01	7.998552537339291557e-02	3.302438736451873691e-02	8.593768626811326694e-02
1.439236638562446842e+03	2.227936282246466559e-01	1.360773484816006906e-01	2.744722168311281019e-01	1.675698025307250094e-01	8.003098723829936423e-02	3.304984525252650102e-02	8.600617144102927492e-02
1.441655523669274316e+03	2.225384535034538869e-01	1.359128027184385301e-01	2.746446324093753666e-01	1.676780863631806284e-01	8.007631942752120591e-02	3.307524276906514960e-02	8.607446280892089296e-02
1.444074408776102018e+03	2.222840070376795041e-01	1.357487265840882362e-01	2.748165421885210291e-01	1.677860608869033154e-01	8.012152231479920117e-02	3.310058007503163813e-02	8.614256091293276407e-02
1.446493293882929493e+03	2.220302867479014008e-01	1.355851187374872147e-01	2.749879476207973128e-01	1.678937269972929913e-01	8.016659627276982725e-02	3.312585733087231726e-02	8.621046629283463103e-02
1.448912178989757422e+03	2.217772905606384959e-01	1.354219778414054165e-01	2.751588501542847065e-01	1.680010855870508468e-01	8.021154167296885851e-02	3.315107469658422346e-02	8.627817948702305728e-02
1.451331064096585123e+03	2.215250164083335804e-01	1.352593025624347356e-01	2.753292512329240660e-01	1.681081375461888072e-01	8.025635888583501631e-02	3.317623233171640429e-02	8.634570103252303674e-02
1.453749949203412370e+03	2.212734622293364706e-01	1.350970915709776565e-01	2.754991522965279938e-01	1.682148837620390802e-01	8.030104828071356338e-02	3.320133039537122993e-02	8.641303146498967303e-02
1.456168834310240300e+03	2.210226259678869931e-01	1.349353435412366242e-01	2.756685547807929404e-01	1.683213251192637039e-01	8.034561022585985646e-02	3.322636904620565601e-02	8.648017131870994190e-02
1.458587719417068001e+03	2.207725055740982212e-01	1.347740571512029417e-01	2.758374601173110285e-01	1.684274624998637615e-01	8.039004508844295460e-02	3.325134844243254201e-02	8.654712112660431500e-02
1.461006604523895703e+03	2.205230990039396266e-01	1.346132310826460010e-01	2.760058697335814881e-01	1.685332967831889572e-01	8.043435323454915797e-02	3.327626874182192107e-02	8.661388142022864722e-02
1.463425489630723177e+03	2.202744042192202878e-01	1.344528640211025139e-01	2.761737850530226468e-01	1.686388288459467755e-01	8.047853502918549118e-02	3.330113010170231147e-02	8.668045272977582816e-02
1.465844374737550879e+03	2.200264191875721531e-01	1.342929546558655485e-01	2.763412074949834207e-01	1.687440595622117789e-01	8.052259083628326986e-02	3.332593267896195866e-02	8.674683558407768336e-02
1.468263259844378354e+03	2.197791418824334431e-01	1.341335016799739543e-01	2.765081384747550830e-01	1.688489898034348791e-01	8.056652101870163951e-02	3.335067663005013283e-02	8.681303051060675069e-02
1.470682144951206283e+03	2.195325702830320247e-01	1.339745037902014546e-01	2.766745794035825323e-01	1.689536204384524121e-01	8.061032593823093395e-02	3.337536211097839184e-02	8.687903803547811221e-02
1.473101030058033530e+03	2.192867023743687582e-01	1.338159596870460155e-01	2.768405316886763945e-01	1.690579523334952983e-01	8.065400595559628349e-02	3.339998927732187872e-02	8.694485868345130930e-02
1.475519915164861459e+03	2.190415361472010658e-01	1.336578680747191883e-01	2.770059967332239581e-01	1.691619863521980904e-01	8.069756143046100116e-02	3.342455828422052910e-02	8.701049297793218840e-02
1.477938800271689161e+03	2.187970695980263336e-01	1.335002276611354233e-01	2.771709759364010539e-01	1.692657233556079943e-01	8.074099272142999661e-02	3.344906928638038263e-02	8.707594144097487165e-02
1.480357685378516862e+03	2.185533007290656193e-01	1.333430371579014673e-01	2.773354706933834901e-01	1.693691642021938615e-01	8.078430018605324558e-02	3.347352243807480421e-02	8.714120459328358881e-02
1.482776570485344337e+03	2.183102275482471377e-01	1.331862952803057887e-01	2.774994823953583212e-01	1.694723097478550711e-01	8.082748418082918995e-02	3.349791789314576079e-02	8.720628295421474496e-02
