1.001418434226643626e+03	2.834612796845553673e-01	1.748923558036594439e-01	2.332896093027429230e-01	1.418634254890097923e-01	6.929113606237248535e-02	2.731467252857238542e-02	6.988752112903960645e-02
1.002869765290740247e+03	2.832039592834825203e-01	1.747269456653775532e-01	2.334652810283799618e-01	1.419728813549788748e-01	6.933685809718671822e-02	2.733840558286894720e-02	6.995566898767743846e-02
1.004321096354836754e+03	2.829470801869837793e-01	1.745618192400333613e-01	2.336406460111827565e-01	1.420821463707764853e-01	6.938250092923292645e-02	2.736210321652057798e-02	7.002370404522215153e-02
1.005772427418933376e+03	2.826906416375001840e-01	1.743969760403679958e-01	2.338157047792946419e-01	1.421912208898372942e-01	6.942806470121822005e-02	2.738576548762855500e-02	7.009162646410517505e-02
1.007223758483029997e+03	2.824346428787775642e-01	1.742324155799635788e-01	2.339904578599516782e-01	1.423001052647833720e-01	6.947354955555148925e-02	2.740939245419256667e-02	7.015943640673184822e-02
1.008675089547126618e+03	2.821790831558640966e-01	1.740681373732417270e-01	2.341649057794844280e-01	1.424087998474272698e-01	6.951895563434430658e-02	2.743298417411092066e-02	7.022713403547937994e-02
1.010126420611223239e+03	2.819239617151080290e-01	1.739041409354621648e-01	2.343390490633193712e-01	1.425173049887750731e-01	6.956428307941188438e-02	2.745654070518074169e-02	7.029471951269487817e-02
1.011577751675319632e+03	2.816692778041555156e-01	1.737404257827211140e-01	2.345128882359804878e-01	1.426256210390294266e-01	6.960953203227400465e-02	2.748006210509816929e-02	7.036219300069346261e-02
1.013029082739416367e+03	2.814150306719483408e-01	1.735769914319498786e-01	2.346864238210908116e-01	1.427337483475923929e-01	6.965470263415596275e-02	2.750354843145857292e-02	7.042955466175622459e-02
1.014480413803512761e+03	2.811612195687216431e-01	1.734138374009133177e-01	2.348596563413740124e-01	1.428416872630687007e-01	6.969979502598942778e-02	2.752699974175674622e-02	7.049680465812835362e-02
1.015931744867609382e+03	2.809078437460014732e-01	1.732509632082085416e-01	2.350325863186558950e-01	1.429494381332684361e-01	6.974480934841345570e-02	2.755041609338710132e-02	7.056394315201724998e-02
1.017383075931706003e+03	2.806549024566029615e-01	1.730883683732631906e-01	2.352052142738660645e-01	1.430570013052102352e-01	6.978974574177526646e-02	2.757379754364387703e-02	7.063097030559063738e-02
1.018834406995802851e+03	2.804023949546275429e-01	1.729260524163341584e-01	2.353775407270392028e-01	1.431643771251240038e-01	6.983460434613131262e-02	2.759714414972134350e-02	7.069788628097468941e-02
1.020285738059899245e+03	2.801503204954611803e-01	1.727640148585060653e-01	2.355495661973169286e-01	1.432715659384539153e-01	6.987938530124804259e-02	2.762045596871398612e-02	7.076469124025218382e-02
1.021737069123995752e+03	2.798986783357717556e-01	1.726022552216898154e-01	2.357212912029491014e-01	1.433785680898613524e-01	6.992408874660288598e-02	2.764373305761671715e-02	7.083138534546067067e-02
1.023188400188092373e+03	2.796474677335070713e-01	1.724407730286211249e-01	2.358927162612954875e-01	1.434853839232276829e-01	6.996871482138510012e-02	2.766697547332506654e-02	7.089796875859070979e-02
1.024639731252188767e+03	2.793966879478926302e-01	1.722795678028591349e-01	2.360638418888272028e-01	1.435920137816572295e-01	7.001326366449667216e-02	2.769018327263538318e-02	7.096444164158405288e-02
1.026091062316285615e+03	2.791463382394291370e-01	1.721186390687847734e-01	2.362346686011282670e-01	1.436984580074800177e-01	7.005773541455319331e-02	2.771335651224503260e-02	7.103080415633186706e-02
1.027542393380382237e+03	2.788964178698906116e-01	1.719579863515995621e-01	2.364051969128972142e-01	1.438047169422546345e-01	7.010213020988473320e-02	2.773649524875259134e-02	7.109705646467297246e-02
1.028993724444478858e+03	2.786469261023217792e-01	1.717976091773239233e-01	2.365754273379485073e-01	1.439107909267710872e-01	7.014644818853676966e-02	2.775959953865803770e-02	7.116319872839216298e-02
1.030445055508575479e+03	2.783978622010363502e-01	1.716375070727960139e-01	2.367453603892140657e-01	1.440166803010534402e-01	7.019068948827096588e-02	2.778266943836294953e-02	7.122923110921844381e-02
1.031896386572671872e+03	2.781492254316143553e-01	1.714776795656700048e-01	2.369149965787448464e-01	1.441223854043628128e-01	7.023485424656611409e-02	2.780570500417070545e-02	7.129515376882333832e-02
1.033347717636768493e+03	2.779010150609003138e-01	1.713181261844148318e-01	2.370843364177123436e-01	1.442279065751999323e-01	7.027894260061895437e-02	2.782870629228667569e-02	7.136096686881920892e-02
1.034799048700865114e+03	2.776532303570005689e-01	1.711588464583126967e-01	2.372533804164100590e-01	1.443332441513080211e-01	7.032295468734500732e-02	2.785167335881841288e-02	7.142667057075760551e-02
1.036250379764961508e+03	2.774058705892813448e-01	1.709998399174575967e-01	2.374221290842550014e-01	1.444383984696754331e-01	7.036689064337948996e-02	2.787460625977584289e-02	7.149226503612764183e-02
1.037701710829058356e+03	2.771589350283669151e-01	1.708411060927540193e-01	2.375905829297892957e-01	1.445433698665383182e-01	7.041075060507810679e-02	2.789750505107146256e-02	7.155775042635427463e-02
1.039153041893154750e+03	2.769124229461366604e-01	1.706826445159153605e-01	2.377587424606815991e-01	1.446481586773835093e-01	7.045453470851793798e-02	2.792036978852052709e-02	7.162312690279681870e-02
1.040604372957251599e+03	2.766663336157235142e-01	1.705244547194625926e-01	2.379266081837286273e-01	1.447527652369510198e-01	7.049824308949823037e-02	2.794320052784124431e-02	7.168839462674722607e-02
1.042055704021347992e+03	2.764206663115113538e-01	1.703665362367229041e-01	2.380941806048566811e-01	1.448571898792367640e-01	7.054187588354128569e-02	2.796599732465496549e-02	7.175355375942858716e-02
1.043507035085444613e+03	2.761754203091331128e-01	1.702088886018280900e-01	2.382614602291230343e-01	1.449614329374951938e-01	7.058543322589320990e-02	2.798876023448637618e-02	7.181860446199354875e-02
1.044958366149541234e+03	2.759305948854684498e-01	1.700515113497133579e-01	2.384284475607175990e-01	1.450654947442419351e-01	7.062891525152480143e-02	2.801148931276368007e-02	7.188354689552275967e-02
1.046409697213637855e+03	2.756861893186416390e-01	1.698944040161157465e-01	2.385951431029642578e-01	1.451693756312563977e-01	7.067232209513236996e-02	2.803418461481880369e-02	7.194838122102334421e-02
1.047861028277734476e+03	2.754422028880194051e-01	1.697375661375728206e-01	2.387615473583225012e-01	1.452730759295844110e-01	7.071565389113851352e-02	2.805684619588755258e-02	7.201310759942740336e-02
1.049312359341831097e+03	2.751986348742086474e-01	1.695809972514212560e-01	2.389276608283887882e-01	1.453765959695407228e-01	7.075891077369299287e-02	2.807947411110984365e-02	7.207772619159047434e-02
1.050763690405927491e+03	2.749554845590543306e-01	1.694246968957953126e-01	2.390934840138980721e-01	1.454799360807116082e-01	7.080209287667343920e-02	2.810206841552986140e-02	7.214223715829008732e-02
1.052215021470024112e+03	2.747127512256375415e-01	1.692686646096255854e-01	2.392590174147253002e-01	1.455830965919574782e-01	7.084520033368628400e-02	2.812462916409625216e-02	7.220664066022426664e-02
1.053666352534120733e+03	2.744704341582729912e-01	1.691128999326375892e-01	2.394242615298869115e-01	1.456860778314153504e-01	7.088823327806745289e-02	2.814715641166231144e-02	7.227093685801014300e-02
1.055117683598217127e+03	2.742285326425071279e-01	1.689574024053502044e-01	2.395892168575422254e-01	1.457888801265014023e-01	7.093119184288321222e-02	2.816965021298616784e-02	7.233512591218241305e-02
1.056569014662313975e+03	2.739870459651158052e-01	1.688021715690745106e-01	2.397538838949950235e-01	1.458915038039134693e-01	7.097407616093097393e-02	2.819211062273098423e-02	7.239920798319197937e-02
1.058020345726410369e+03	2.737459734141022283e-01	1.686472069659122885e-01	2.399182631386949927e-01	1.459939491896335428e-01	7.101688636474001726e-02	2.821453769546511739e-02	7.246318323140459039e-02
1.059471676790506763e+03	2.735053142786949554e-01	1.684925081387545764e-01	2.400823550842390852e-01	1.460962166089302128e-01	7.105962258657236297e-02	2.823693148566231922e-02	7.252705181709934168e-02
1.060923007854603611e+03	2.732650678493455110e-01	1.683380746312802823e-01	2.402461602263731011e-01	1.461983063863611931e-01	7.110228495842345342e-02	2.825929204770191716e-02	7.259081390046739912e-02
1.062374338918700232e+03	2.730252334177263873e-01	1.681839059879549625e-01	2.404096790589932142e-01	1.463002188457757924e-01	7.114487361202304072e-02	2.828161943586899457e-02	7.265446964161055565e-02
1.063825669982796853e+03	2.727858102767288240e-01	1.680300017540293234e-01	2.405729120751472494e-01	1.464019543103172449e-01	7.118738867883583898e-02	2.830391370435458159e-02	7.271801920053992674e-02
1.065277001046893474e+03	2.725467977204609205e-01	1.678763614755377775e-01	2.407358597670362088e-01	1.465035131024252091e-01	7.122983029006238476e-02	2.832617490725583553e-02	7.278146273717465975e-02
1.066728332110990095e+03	2.723081950442453048e-01	1.677229846992972506e-01	2.408985226260158263e-01	1.466048955438381540e-01	7.127219857663974478e-02	2.834840309857621088e-02	7.284480041134049066e-02
1.068179663175086489e+03	2.720700015446170239e-01	1.675698709729056546e-01	2.410609011425979553e-01	1.467061019555958301e-01	7.131449366924232092e-02	2.837059833222565358e-02	7.290803238276857834e-02
1.069630994239183110e+03	2.718322165193216011e-01	1.674170198447405278e-01	2.412229958064519286e-01	1.468071326580415170e-01	7.135671569828259952e-02	2.839276066202078147e-02	7.297115881109411673e-02
1.071082325303279504e+03	2.715948392673126488e-01	1.672644308639577859e-01	2.413848071064061684e-01	1.469079879708244663e-01	7.139886479391183149e-02	2.841489014168505772e-02	7.303417985585511363e-02
1.072533656367376352e+03	2.713578690887501477e-01	1.671121035804902788e-01	2.415463355304495185e-01	1.470086682129022326e-01	7.144094108602087878e-02	2.843698682484897822e-02	7.309709567649110007e-02
1.073984987431472746e+03	2.711213052849979488e-01	1.669600375450463470e-01	2.417075815657327154e-01	1.471091737025430612e-01	7.148294470424094993e-02	2.845905076505025194e-02	7.315990643234188129e-02
1.075436318495569594e+03	2.708851471586219972e-01	1.668082323091086006e-01	2.418685456985698867e-01	1.472095047573281912e-01	7.152487577794423845e-02	2.848108201573396753e-02	7.322261228264631550e-02
1.076887649559666215e+03	2.706493940133880005e-01	1.666566874249325592e-01	2.420292284144398842e-01	1.473096616941541592e-01	7.156673443624478326e-02	2.850308063025278407e-02	7.328521338654110651e-02
1.078338980623762609e+03	2.704140451542594858e-01	1.665054024455451254e-01	2.421896301979877819e-01	1.474096448292350481e-01	7.160852080799913477e-02	2.852504666186711155e-02	7.334770990305954086e-02
1.079790311687859230e+03	2.701790998873957461e-01	1.663543769247435022e-01	2.423497515330263752e-01	1.475094544781048733e-01	7.165023502180710435e-02	2.854698016374528080e-02	7.341010199113034984e-02
1.081241642751955851e+03	2.699445575201496195e-01	1.662036104170935835e-01	2.425095929025374575e-01	1.476090909556198594e-01	7.169187720601249980e-02	2.856888118896371703e-02	7.347238980957650212e-02
1.082692973816052472e+03	2.697104173610656019e-01	1.660531024779287601e-01	2.426691547886733469e-01	1.477085545759605489e-01	7.173344748870383314e-02	2.859074979050713061e-02	7.353457351711403800e-02
1.084144304880149093e+03	2.694766787198775715e-01	1.659028526633485046e-01	2.428284376727582738e-01	1.478078456526342455e-01	7.177494599771504225e-02	2.861258602126868014e-02	7.359665327235088983e-02
1.085595635944245487e+03	2.692433409075068451e-01	1.657528605302171498e-01	2.429874420352899078e-01	1.479069644984771503e-01	7.181637286062622638e-02	2.863438993405015634e-02	7.365862923378578564e-02
1.087046967008342108e+03	2.690104032360600694e-01	1.656031256361623905e-01	2.431461683559406894e-01	1.480059114256565278e-01	7.185772820476432621e-02	2.865616158156215204e-02	7.372050155980708341e-02
1.088498298072438729e+03	2.687778650188271667e-01	1.654536475395740336e-01	2.433046171135591629e-01	1.481046867456730920e-01	7.189901215720388705e-02	2.867790101642424955e-02	7.378227040869168862e-02
1.089949629136535123e+03	2.685457255702792256e-01	1.653044257996026389e-01	2.434627887861715856e-01	1.482032907693630885e-01	7.194022484476766954e-02	2.869960829116517328e-02	7.384393593860388849e-02
1.091400960200631971e+03	2.683139842060667246e-01	1.651554599761582143e-01	2.436206838509832051e-01	1.483017238069004595e-01	7.198136639402746839e-02	2.872128345822298062e-02	7.390549830759431116e-02
1.092852291264728365e+03	2.680826402430170341e-01	1.650067496299087999e-01	2.437783027843797024e-01	1.483999861677990917e-01	7.202243693130472302e-02	2.874292656994523187e-02	7.396695767359882934e-02
1.094303622328825213e+03	2.678516929991326956e-01	1.648582943222793584e-01	2.439356460619286349e-01	1.484980781609148703e-01	7.206343658267126695e-02	2.876453767858915683e-02	7.402831419443747785e-02
1.095754953392921607e+03	2.676211417935892567e-01	1.647100936154501927e-01	2.440927141583807136e-01	1.485960000944480108e-01	7.210436547394999396e-02	2.878611683632184559e-02	7.408956802781342665e-02
1.097206284457018228e+03	2.673909859467333283e-01	1.645621470723557522e-01	2.442495075476715238e-01	1.486937522759450292e-01	7.214522373071553807e-02	2.880766409522039426e-02	7.415071933131189841e-02
1.098657615521114849e+03	2.671612247800805306e-01	1.644144542566833289e-01	2.444060267029224964e-01	1.487913350123009071e-01	7.218601147829496745e-02	2.882917950727209924e-02	7.421176826239918312e-02
1.100108946585211470e+03	2.669318576163132173e-01	1.642670147328716967e-01	2.445622720964426566e-01	1.488887486097612567e-01	7.222672884176850605e-02	2.885066312437461686e-02	7.427271497842158343e-02
1.101560277649308091e+03	2.667028837792788099e-01	1.641198280661097797e-01	2.447182441997297897e-01	1.489859933739243747e-01	7.226737594597018588e-02	2.887211499833613332e-02	7.433355963660440158e-02
1.103011608713404712e+03	2.664743025939876331e-01	1.639728938223354304e-01	2.448739434834719952e-01	1.490830696097434349e-01	7.230795291548845760e-02	2.889353518087555209e-02	7.439430239405095402e-02
1.104462939777501106e+03	2.662461133866108609e-01	1.638262115682340148e-01	2.450293704175490195e-01	1.491799776215284035e-01	7.234845987466695383e-02	2.891492372362263613e-02	7.445494340774160003e-02
1.105914270841597499e+03	2.660183154844784070e-01	1.636797808712371627e-01	2.451845254710336153e-01	1.492767177129482592e-01	7.238889694760516913e-02	2.893628067811819873e-02	7.451548283453271471e-02
1.107365601905694348e+03	2.657909082160771486e-01	1.635336012995214638e-01	2.453394091121929577e-01	1.493732901870329088e-01	7.242926425815902902e-02	2.895760609581427350e-02	7.457592083115577308e-02
1.108816932969790741e+03	2.655638909110486501e-01	1.633876724220071630e-01	2.454940218084900039e-01	1.494696953461753797e-01	7.246956192994163937e-02	2.897890002807426008e-02	7.463625755421642027e-02
1.110268264033887590e+03	2.653372629001874983e-01	1.632419938083568278e-01	2.456483640265849921e-01	1.495659334921337347e-01	7.250979008632391087e-02	2.900016252617311843e-02	7.469649316019347229e-02
1.111719595097984211e+03	2.651110235154389150e-01	1.630965650289740998e-01	2.458024362323366352e-01	1.496620049260331820e-01	7.254994885043523911e-02	2.902139364129753193e-02	7.475662780543797237e-02
1.113170926162080832e+03	2.648851720898970363e-01	1.629513856550023343e-01	2.459562388908035913e-01	1.497579099483680454e-01	7.259003834516408737e-02	2.904259342454605652e-02	7.481666164617237214e-02
1.114622257226177226e+03	2.646597079578029144e-01	1.628064552583234625e-01	2.461097724662458797e-01	1.498536488590037352e-01	7.263005869315876384e-02	2.906376192692931154e-02	7.487659483848950470e-02
1.116073588290273847e+03	2.644346304545421855e-01	1.626617734115564928e-01	2.462630374221262131e-01	1.499492219571788576e-01	7.267001001682794892e-02	2.908489919937012544e-02	7.493642753835175196e-02
1.117524919354370468e+03	2.642099389166436274e-01	1.625173396880563170e-01	2.464160342211113575e-01	1.500446295415070741e-01	7.270989243834141691e-02	2.910600529270371967e-02	7.499615990159014256e-02
1.118976250418467089e+03	2.639856326817767718e-01	1.623731536619124616e-01	2.465687633250734367e-01	1.501398719099790724e-01	7.274970607963061886e-02	2.912708025767786479e-02	7.505579208390350532e-02
1.120427581482563710e+03	2.637617110887499616e-01	1.622292149079477552e-01	2.467212251950914870e-01	1.502349493599645924e-01	7.278945106238939033e-02	2.914812414495304357e-02	7.511532424085755333e-02
1.121878912546660331e+03	2.635381734775084639e-01	1.620855230017171078e-01	2.468734202914526499e-01	1.503298621882143693e-01	7.282912750807452040e-02	2.916913700510262442e-02	7.517475652788400964e-02
1.123330243610756725e+03	2.633150191891326375e-01	1.619420775195061779e-01	2.470253490736535606e-01	1.504246106908620484e-01	7.286873553790644553e-02	2.919011888861302098e-02	7.523408910027987173e-02
1.124781574674853118e+03	2.630922475658357129e-01	1.617988780383300684e-01	2.471770120004017912e-01	1.505191951634260727e-01	7.290827527286981857e-02	2.921106984588385524e-02	7.529332211320645396e-02
1.126232905738949967e+03	2.628698579509619049e-01	1.616559241359321331e-01	2.473284095296170715e-01	1.506136159008117092e-01	7.294774683371418877e-02	2.923198992722812056e-02	7.535245572168863815e-02
1.127684236803046360e+03	2.626478496889845804e-01	1.615132153907826718e-01	2.474795421184328714e-01	1.507078731973127972e-01	7.298715034095458465e-02	2.925287918287234820e-02	7.541149008061398540e-02
1.129135567867143209e+03	2.624262221255040384e-01	1.613707513820776540e-01	2.476304102231974003e-01	1.508019673466138022e-01	7.302648591487218011e-02	2.927373766295677734e-02	7.547042534473202835e-02
1.130586898931239830e+03	2.622049746072457888e-01	1.612285316897374421e-01	2.477810142994752995e-01	1.508958986417916204e-01	7.306575367551486344e-02	2.929456541753549387e-02	7.552926166865336910e-02
1.132038229995336451e+03	2.619841064820586096e-01	1.610865558944055420e-01	2.479313548020487812e-01	1.509896673753174656e-01	7.310495374269790347e-02	2.931536249657662116e-02	7.558799920684898532e-02
1.133489561059432845e+03	2.617636170989123823e-01	1.609448235774473823e-01	2.480814321849190429e-01	1.510832738390587571e-01	7.314408623600449078e-02	2.933612894996245890e-02	7.564663811364941148e-02
1.134940892123529466e+03	2.615435058078962594e-01	1.608033343209490096e-01	2.482312469013076561e-01	1.511767183242809232e-01	7.318315127478643156e-02	2.935686482748966000e-02	7.570517854324396168e-02
1.136392223187626087e+03	2.613237719602168885e-01	1.606620877077158116e-01	2.483807994036577871e-01	1.512700011216493168e-01	7.322214897816473056e-02	2.937757017886938327e-02	7.576362064967996635e-02
1.137843554251722708e+03	2.611044149081962473e-01	1.605210833212712962e-01	2.485300901436356680e-01	1.513631225212310472e-01	7.326107946503014612e-02	2.939824505372745644e-02	7.582196458686207841e-02
1.139294885315819101e+03	2.608854340052697007e-01	1.603803207458558422e-01	2.486791195721318459e-01	1.514560828124967007e-01	7.329994285404385634e-02	2.941888950160453237e-02	7.588021050855148220e-02
1.140746216379915950e+03	2.606668286059843354e-01	1.602397995664254227e-01	2.488278881392625153e-01	1.515488822843223116e-01	7.333873926363802809e-02	2.943950357195625547e-02	7.593835856836514409e-02
1.142197547444012343e+03	2.604485980659967947e-01	1.600995193686504114e-01	2.489763962943708775e-01	1.516415212249910549e-01	7.337746881201639981e-02	2.946008731415341100e-02	7.599640891977516022e-02
1.143648878508108737e+03	2.602307417420712810e-01	1.599594797389142786e-01	2.491246444860284459e-01	1.517339999221951063e-01	7.341613161715489222e-02	2.948064077748210193e-02	7.605436171610799323e-02
1.145100209572205586e+03	2.600132589920780002e-01	1.598196802643123693e-01	2.492726331620364333e-01	1.518263186630374739e-01	7.345472779680224662e-02	2.950116401114388776e-02	7.611221711054382000e-02
1.146551540636302207e+03	2.597961491749908314e-01	1.596801205326506268e-01	2.494203627694269731e-01	1.519184777340336079e-01	7.349325746848051066e-02	2.952165706425595101e-02	7.616997525611575448e-02
1.148002871700398828e+03	2.595794116508857163e-01	1.595408001324445102e-01	2.495678337544645353e-01	1.520104774211133158e-01	7.353172074948570447e-02	2.954211998585125690e-02	7.622763630570923710e-02
1.149454202764495449e+03	2.593630457809386058e-01	1.594017186529175234e-01	2.497150465626472304e-01	1.521023180096225669e-01	7.357011775688838962e-02	2.956255282487870589e-02	7.628520041206132696e-02
1.150905533828591842e+03	2.591470509274235168e-01	1.592628756840001603e-01	2.498620016387080589e-01	1.521939997843250736e-01	7.360844860753422425e-02	2.958295563020329685e-02	7.634266772776006349e-02
1.152356864892688463e+03	2.589314264537107557e-01	1.591242708163285724e-01	2.500086994266162432e-01	1.522855230294041795e-01	7.364671341804455984e-02	2.960332845060627965e-02	7.640003840524374479e-02
1.153808195956785084e+03	2.587161717242650316e-01	1.589859036412434312e-01	2.501551403695786990e-01	1.523768880284645522e-01	7.368491230481705179e-02	2.962367133478530784e-02	7.645731259680033087e-02
1.155259527020881706e+03	2.585012861046434018e-01	1.588477737507885956e-01	2.503013249100410342e-01	1.524680950645338484e-01	7.372304538402615903e-02	2.964398433135459823e-02	7.651449045456679143e-02
1.156710858084978327e+03	2.582867689614933848e-01	1.587098807377100018e-01	2.504472534896892144e-01	1.525591444200645741e-01	7.376111277162374080e-02	2.966426748884509398e-02	7.657157213052846745e-02
1.158162189149074720e+03	2.580726196625512947e-01	1.585722241954543033e-01	2.505929265494505342e-01	1.526500363769356106e-01	7.379911458333968111e-02	2.968452085570459989e-02	7.662855777651846056e-02
1.159613520213171569e+03	2.578588375766401875e-01	1.584348037181678437e-01	2.507383445294951718e-01	1.527407712164540188e-01	7.383705093468238834e-02	2.970474448029796280e-02	7.668544754421696696e-02
1.161064851277267962e+03	2.576454220736679179e-01	1.582976189006952139e-01	2.508835078692373544e-01	1.528313492193567602e-01	7.387492194093936426e-02	2.972493841090720693e-02	7.674224158515075001e-02
1.162516182341364356e+03	2.574323725246254746e-01	1.581606693385781692e-01	2.510284170073366905e-01	1.529217706658123344e-01	7.391272771717778689e-02	2.974510269573169344e-02	7.679894005069244634e-02
1.163967513405461204e+03	2.572196883015849256e-01	1.580239546280543805e-01	2.511730723816995581e-01	1.530120358354223609e-01	7.395046837824510721e-02	2.976523738288826965e-02	7.685554309206005241e-02
1.165418844469557826e+03	2.570073687776974758e-01	1.578874743660562963e-01	2.513174744294802698e-01	1.531021450072234391e-01	7.398814403876949330e-02	2.978534252041142860e-02	7.691205086031627225e-02
1.166870175533654447e+03	2.567954133271918571e-01	1.577512281502098657e-01	2.514616235870822392e-01	1.531920984596887025e-01	7.402575481316051031e-02	2.980541815625346522e-02	7.696846350636800393e-02
1.168321506597751068e+03	2.565838213253723299e-01	1.576152155788332898e-01	2.516055202901598120e-01	1.532818964707293730e-01	7.406330081560956458e-02	2.982546433828461852e-02	7.702478118096574289e-02
1.169772837661847461e+03	2.563725921486167403e-01	1.574794362509358836e-01	2.517491649736188219e-01	1.533715393176965369e-01	7.410078216009054197e-02	2.984548111429323469e-02	7.708100403470298512e-02
1.171224168725944082e+03	2.561617251743747992e-01	1.573438897662168268e-01	2.518925580716184220e-01	1.534610272773827833e-01	7.413819896036030754e-02	2.986546853198590243e-02	7.713713221801574149e-02
1.172675499790040703e+03	2.559512197811661949e-01	1.572085757250640814e-01	2.520357000175721396e-01	1.535503606260237019e-01	7.417555132995923284e-02	2.988542663898762636e-02	7.719316588118192712e-02
1.174126830854137097e+03	2.557410753485784838e-01	1.570734937285530319e-01	2.521785912441491528e-01	1.536395396392996049e-01	7.421283938221177878e-02	2.990535548284195891e-02	7.724910517432088952e-02
1.175578161918233945e+03	2.555312912572657580e-01	1.569386433784453472e-01	2.523212321832757898e-01	1.537285645923371080e-01	7.425006323022700916e-02	2.992525511101115990e-02	7.730495024739281185e-02
1.177029492982330339e+03	2.553218668889464249e-01	1.568040242771878423e-01	2.524636232661363611e-01	1.538174357597106856e-01	7.428722298689915959e-02	2.994512557087634919e-02	7.736070125019819943e-02
1.178480824046426733e+03	2.551128016264013754e-01	1.566696360279112299e-01	2.526057649231749913e-01	1.539061534154443078e-01	7.432431876490812328e-02	2.996496690973764893e-02	7.741635833237742181e-02
1.179932155110523581e+03	2.549040948534722073e-01	1.565354782344289819e-01	2.527476575840962858e-01	1.539947178330130506e-01	7.436135067672000609e-02	2.998477917481433622e-02	7.747192164341014375e-02
1.181383486174620202e+03	2.546957459550595049e-01	1.564015505012360807e-01	2.528893016778672176e-01	1.540831292853446222e-01	7.439831883458768169e-02	3.000456241324500270e-02	7.752739133261483950e-02
1.182834817238716823e+03	2.544877543171208956e-01	1.562678524335078534e-01	2.530306976327180712e-01	1.541713880448208618e-01	7.443522335055127725e-02	3.002431667208768293e-02	7.758276754914830708e-02
1.184286148302813444e+03	2.542801193266692183e-01	1.561343836370988336e-01	2.531718458761434976e-01	1.542594943832794885e-01	7.447206433643872858e-02	3.004404199832002437e-02	7.763805044200516869e-02
1.185737479366910065e+03	2.540728403717705808e-01	1.560011437185415129e-01	2.533127468349041789e-01	1.543474485720154887e-01	7.450884190386632133e-02	3.006373843883941924e-02	7.769324016001741273e-02
1.187188810431006686e+03	2.538659168415428047e-01	1.558681322850452022e-01	2.534534009350280503e-01	1.544352508817827263e-01	7.454555616423916287e-02	3.008340604046316411e-02	7.774833685185386645e-02
1.188640141495103080e+03	2.536593481261534833e-01	1.557353489444948669e-01	2.535938086018111326e-01	1.545229015827954133e-01	7.458220722875173736e-02	3.010304484992859519e-02	7.780334066601977960e-02
1.190091472559199701e+03	2.534531336168179827e-01	1.556027933054499046e-01	2.537339702598193081e-01	1.546104009447297756e-01	7.461879520838840540e-02	3.012265491389324451e-02	7.785825175085636651e-02
1.191542803623296322e+03	2.532472727057979989e-01	1.554704649771430081e-01	2.538738863328892648e-01	1.546977492367254403e-01	7.465532021392393136e-02	3.014223627893498902e-02	7.791307025454034807e-02
1.192994134687392716e+03	2.530417647863994479e-01	1.553383635694789711e-01	2.540135572441299394e-01	1.547849467273870461e-01	7.469178235592398296e-02	3.016178899155219292e-02	7.796779632508343827e-02
1.194445465751489564e+03	2.528366092529706899e-01	1.552064886930336063e-01	2.541529834159235723e-01	1.548719936847856304e-01	7.472818174474564479e-02	3.018131309816384986e-02	7.802243011033199727e-02
1.195896796815585958e+03	2.526318055009009189e-01	1.550748399590524962e-01	2.542921652699270396e-01	1.549588903764602676e-01	7.476451849053797338e-02	3.020080864510973559e-02	7.807697175796655953e-02
1.197348127879682352e+03	2.524273529266181648e-01	1.549434169794497718e-01	2.544311032270732964e-01	1.550456370694194563e-01	7.480079270324241358e-02	3.022027567865055026e-02	7.813142141550140363e-02
1.198799458943779200e+03	2.522232509275875167e-01	1.548122193668071134e-01	2.545697977075722096e-01	1.551322340301426739e-01	7.483700449259338139e-02	3.023971424496805713e-02	7.818577923028413590e-02
1.200250790007875821e+03	2.520194989023095133e-01	1.546812467343724184e-01	2.547082491309121122e-01	1.552186815245818197e-01	7.487315396811873580e-02	3.025912439016524569e-02	7.824004534949527412e-02
1.201702121071972442e+03	2.518160962503181444e-01	1.545504986960588023e-01	2.548464579158610244e-01	1.553049798181626584e-01	7.490924123914027843e-02	3.027850616026646347e-02	7.829421992014783116e-02
1.203153452136069063e+03	2.516130423721791298e-01	1.544199748664433491e-01	2.549844244804676530e-01	1.553911291757863189e-01	7.494526641477425311e-02	3.029785960121755134e-02	7.834830308908695418e-02
1.204604783200165684e+03	2.514103366694881436e-01	1.542896748607659463e-01	2.551221492420630010e-01	1.554771298618307651e-01	7.498122960393187320e-02	3.031718475888600661e-02	7.840229500298946663e-02
1.206056114264262078e+03	2.512079785448690372e-01	1.541595982949282573e-01	2.552596326172612562e-01	1.555629821401522672e-01	7.501713091531973798e-02	3.033648167906111831e-02	7.845619580836354912e-02
1.207507445328358699e+03	2.510059674019721188e-01	1.540297447854923618e-01	2.553968750219613448e-01	1.556486862740866783e-01	7.505297045744040163e-02	3.035575040745410250e-02	7.851000565154829525e-02
1.208958776392455093e+03	2.508043026454722102e-01	1.539001139496798398e-01	2.555338768713477093e-01	1.557342425264511276e-01	7.508874833859283116e-02	3.037499098969825492e-02	7.856372467871335086e-02
1.210410107456551941e+03	2.506029836810670930e-01	1.537707054053704392e-01	2.556706385798919734e-01	1.558196511595452693e-01	7.512446466687291990e-02	3.039420347134909328e-02	7.861735303585859480e-02
1.211861438520648335e+03	2.504020099154754542e-01	1.536415187711010488e-01	2.558071605613540522e-01	1.559049124351526983e-01	7.516011955017394552e-02	3.041338789788449598e-02	7.867089086881370874e-02
1.213312769584745183e+03	2.502013807564356096e-01	1.535125536660645051e-01	2.559434432287832073e-01	1.559900266145424763e-01	7.519571309618702792e-02	3.043254431470484439e-02	7.872433832323781633e-02
1.214764100648841804e+03	2.500010956127031170e-01	1.533838097101085096e-01	2.560794869945193786e-01	1.560749939584704649e-01	7.523124541240169827e-02	3.045167276713316856e-02	7.877769554461921953e-02
1.216215431712937971e+03	2.498011538940494991e-01	1.532552865237343798e-01	2.562152922701944613e-01	1.561598147271807679e-01	7.526671660610631531e-02	3.047077330041527907e-02	7.883096267827492676e-02
1.217666762777034819e+03	2.496015550112602732e-01	1.531269837280959945e-01	2.563508594667335272e-01	1.562444891804070368e-01	7.530212678438855112e-02	3.048984595971991618e-02	7.888413986935043087e-02
1.219118093841131440e+03	2.494022983761332302e-01	1.529989009449987392e-01	2.564861889943557682e-01	1.563290175773739965e-01	7.533747605413587678e-02	3.050889079013889213e-02	7.893722726281927893e-02
1.220569424905228061e+03	2.492033834014767135e-01	1.528710377968982292e-01	2.566212812625761064e-01	1.564134001767987225e-01	7.537276452203604815e-02	3.052790783668722294e-02	7.899022500348278075e-02
1.222020755969324682e+03	2.490048095011078988e-01	1.527433939068992552e-01	2.567561366802061928e-01	1.564976372368920565e-01	7.540799229457752217e-02	3.054689714430327413e-02	7.904313323596970364e-02
1.223472087033421303e+03	2.488065760898509615e-01	1.526159688987546170e-01	2.568907556553555738e-01	1.565817290153599106e-01	7.544315947805002587e-02	3.056585875784890299e-02	7.909595210473593929e-02
1.224923418097517697e+03	2.486086825835353842e-01	1.524887623968640415e-01	2.570251385954330781e-01	1.566656757694047941e-01	7.547826617854497266e-02	3.058479272210958347e-02	7.914868175406417072e-02
1.226374749161614318e+03	2.484111283989942631e-01	1.523617740262730724e-01	2.571592859071476500e-01	1.567494777557270069e-01	7.551331250195589262e-02	3.060369908179456921e-02	7.920132232806358086e-02
1.227826080225710712e+03	2.482139129540624767e-01	1.522350034126719043e-01	2.572931979965100702e-01	1.568331352305260273e-01	7.554829855397895977e-02	3.062257788153701157e-02	7.925387397066954720e-02
1.229277411289807560e+03	2.480170356675751031e-01	1.521084501823942725e-01	2.574268752688337880e-01	1.569166484495019276e-01	7.558322444011340846e-02	3.064142916589410529e-02	7.930633682564337816e-02
1.230728742353903954e+03	2.478204959593654777e-01	1.519821139624163708e-01	2.575603181287362542e-01	1.570000176678565951e-01	7.561809026566204683e-02	3.066025297934722726e-02	7.935871103657195225e-02
1.232180073418000802e+03	2.476242932502636940e-01	1.518559943803557410e-01	2.576935269801401418e-01	1.570832431402951757e-01	7.565289613573168703e-02	3.067904936630207885e-02	7.941099674686749599e-02
1.233631404482097196e+03	2.474284269620947441e-01	1.517300910644700518e-01	2.578265022262742900e-01	1.571663251210273504e-01	7.568764215523357541e-02	3.069781837108881417e-02	7.946319409976727866e-02
1.235082735546193817e+03	2.472328965176768256e-01	1.516044036436561548e-01	2.579592442696751475e-01	1.572492638637685569e-01	7.572232842888391990e-02	3.071656003796218240e-02	7.951530323833333469e-02
1.236534066610290438e+03	2.470377013408196210e-01	1.514789317474488362e-01	2.580917535121879935e-01	1.573320596217415435e-01	7.575695506120427858e-02	3.073527441110165959e-02	7.956732430545217227e-02
1.237985397674387059e+03	2.468428408563226317e-01	1.513536750060198166e-01	2.582240303549680482e-01	1.574147126476774516e-01	7.579152215652204538e-02	3.075396153461159091e-02	7.961925744383453740e-02
1.239436728738483680e+03	2.466483144899734026e-01	1.512286330501765863e-01	2.583560751984815274e-01	1.574972231938172040e-01	7.582602981897092198e-02	3.077262145252133291e-02	7.967110279601517797e-02
1.240888059802580301e+03	2.464541216685458835e-01	1.511038055113612943e-01	2.584878884425070300e-01	1.575795915119128088e-01	7.586047815249129245e-02	3.079125420878537842e-02	7.972286050435251070e-02
1.242339390866676695e+03	2.462602618197986537e-01	1.509791920216496663e-01	2.586194704861365934e-01	1.576618178532286085e-01	7.589486726083075063e-02	3.080985984728349183e-02	7.977453071102845461e-02
1.243790721930773088e+03	2.460667343724732836e-01	1.508547922137499497e-01	2.587508217277769140e-01	1.577439024685426405e-01	7.592919724754451649e-02	3.082843841182084793e-02	7.982611355804812570e-02
1.245242052994869937e+03	2.458735387562926422e-01	1.507306057210017480e-01	2.588819425651504580e-01	1.578258456081478023e-01	7.596346821599586630e-02	3.084698994612817408e-02	7.987760918723962877e-02
1.246693384058966330e+03	2.456806744019590927e-01	1.506066321773749939e-01	2.590128333952967377e-01	1.579076475218532116e-01	7.599768026935660448e-02	3.086551449386187862e-02	7.992901774025380768e-02
1.248144715123063179e+03	2.454881407411529659e-01	1.504828712174687555e-01	2.591434946145735330e-01	1.579893084589854557e-01	7.603183351060747996e-02	3.088401209860417579e-02	7.998033935856399546e-02
1.249596046187159800e+03	2.452959372065307564e-01	1.503593224765102376e-01	2.592739266186578906e-01	1.580708286683898123e-01	7.606592804253864415e-02	3.090248280386323834e-02	8.003157418346582008e-02
1.251047377251256421e+03	2.451040632317234291e-01	1.502359855903537267e-01	2.594041298025473452e-01	1.581522083984315818e-01	7.609996396775005334e-02	3.092092665307331900e-02	8.008272235607699630e-02
1.252498708315352815e+03	2.449125182513348098e-01	1.501128601954793418e-01	2.595341045605612518e-01	1.582334478969971980e-01	7.613394138865198224e-02	3.093934368959488576e-02	8.013378401733703416e-02
1.253950039379449436e+03	2.447213017009398917e-01	1.499899459289921744e-01	2.596638512863415627e-01	1.583145474114956153e-01	7.616786040746538478e-02	3.095773395671476066e-02	8.018475930800712803e-02
1.255401370443546057e+03	2.445304130170831425e-01	1.498672424286209282e-01	2.597933703728545485e-01	1.583955071888595301e-01	7.620172112622232430e-02	3.097609749764624817e-02	8.023564836866985128e-02
1.256852701507642678e+03	2.443398516372767837e-01	1.497447493327171419e-01	2.599226622123914088e-01	1.584763274755465190e-01	7.623552364676645932e-02	3.099443435552926701e-02	8.028645133972901748e-02
1.258304032571739299e+03	2.441496169999991528e-01	1.496224662802539129e-01	2.600517271965698263e-01	1.585570085175403432e-01	7.626926807075345982e-02	3.101274457343048893e-02	8.033716836140948614e-02
1.259755363635835920e+03	2.439597085446930658e-01	1.495003929108248142e-01	2.601805657163348551e-01	1.586375505603521419e-01	7.630295449965138199e-02	3.103102819434346363e-02	8.038779957375689900e-02
1.261206694699932314e+03	2.437701257117642073e-01	1.493785288646429510e-01	2.603091781619603640e-01	1.587179538490216812e-01	7.633658303474115392e-02	3.104928526118875057e-02	8.043834511663752740e-02
1.262658025764028707e+03	2.435808679425792989e-01	1.492568737825398228e-01	2.604375649230498135e-01	1.587982186281184926e-01	7.637015377711699193e-02	3.106751581681406124e-02	8.048880512973814738e-02
1.264109356828125556e+03	2.433919346794645722e-01	1.491354273059641578e-01	2.605657263885378105e-01	1.588783451417431491e-01	7.640366682768681694e-02	3.108571990399437018e-02	8.053917975256576212e-02
1.265560687892221949e+03	2.432033253657040484e-01	1.490141890769810240e-01	2.606936629466909405e-01	1.589583336335284314e-01	7.643712228717265689e-02	3.110389756543207110e-02	8.058946912444747701e-02
1.267012018956318798e+03	2.430150394455379559e-01	1.488931587382706645e-01	2.608213749851090446e-01	1.590381843466405765e-01	7.647052025611107695e-02	3.112204884375709135e-02	8.063967338453031930e-02
1.268463350020415419e+03	2.428270763641609820e-01	1.487723359331273310e-01	2.609488628907263852e-01	1.591178975237803606e-01	7.650386083485360977e-02	3.114017378152702034e-02	8.068979267178105763e-02
1.269914681084511813e+03	2.426394355677207459e-01	1.486517203054584513e-01	2.610761270498127562e-01	1.591974734071844033e-01	7.653714412356718566e-02	3.115827242122725521e-02	8.073982712498604941e-02
1.271366012148608434e+03	2.424521165033160230e-01	1.485313114997833528e-01	2.612031678479745378e-01	1.592769122386262504e-01	7.657037022223450728e-02	3.117634480527111188e-02	8.078977688275107427e-02
1.272817343212705055e+03	2.422651186189952455e-01	1.484111091612323463e-01	2.613299856701560286e-01	1.593562142594175945e-01	7.660353923065450765e-02	3.119439097599996727e-02	8.083964208350115366e-02
1.274268674276801676e+03	2.420784413637547539e-01	1.482911129355456159e-01	2.614565809006405006e-01	1.594353797104094694e-01	7.663665124844269705e-02	3.121241097568338424e-02	8.088942286548049532e-02
1.275720005340898297e+03	2.418920841875371597e-01	1.481713224690721364e-01	2.615829539230511980e-01	1.595144088319933595e-01	7.666970637503170427e-02	3.123040484651924339e-02	8.093911936675217411e-02
1.277171336404994690e+03	2.417060465412297909e-01	1.480517374087686466e-01	2.617091051203526697e-01	1.595933018641023660e-01	7.670270470967151255e-02	3.124837263063386800e-02	8.098873172519817365e-02
1.278622667469091539e+03	2.415203278766629991e-01	1.479323574021986221e-01	2.618350348748517131e-01	1.596720590462124278e-01	7.673564635143001467e-02	3.126631437008216274e-02	8.103826007851910873e-02
1.280073998533187932e+03	2.413349276466085769e-01	1.478131820975312205e-01	2.619607435681987617e-01	1.597506806173433491e-01	7.676853139919333213e-02	3.128423010684771438e-02	8.108770456423415596e-02
1.281525329597284326e+03	2.411498453047781210e-01	1.476942111435401161e-01	2.620862315813887733e-01	1.598291668160600754e-01	7.680135995166627316e-02	3.130211988284295477e-02	8.113706531968090108e-02
1.282976660661381175e+03	2.409650803058213109e-01	1.475754441896026392e-01	2.622114992947623402e-01	1.599075178804737485e-01	7.683413210737269350e-02	3.131998373990926843e-02	8.118634248201521408e-02
1.284427991725477568e+03	2.407806321053245491e-01	1.474568808856986379e-01	2.623365470880070771e-01	1.599857340482428725e-01	7.686684796465592662e-02	3.133782171981713133e-02	8.123553618821109656e-02
1.285879322789574417e+03	2.405965001598090180e-01	1.473385208824093684e-01	2.624613753401583982e-01	1.600638155565744236e-01	7.689950762167920006e-02	3.135563386426622190e-02	8.128464657506064006e-02
1.287330653853671038e+03	2.404126839267292648e-01	1.472203638309166618e-01	2.625859844296010159e-01	1.601417626422250162e-01	7.693211117642596852e-02	3.137342021488555288e-02	8.133367377917380403e-02
1.288781984917767431e+03	2.402291828644716187e-01	1.471024093830016199e-01	2.627103747340697737e-01	1.602195755415019851e-01	7.696465872670038566e-02	3.139118081323361009e-02	8.138261793697836033e-02
1.290233315981864052e+03	2.400459964323524431e-01	1.469846571910437827e-01	2.628345466306507561e-01	1.602972544902644403e-01	7.699715037012766494e-02	3.140891570079847733e-02	8.143147918471975444e-02
