1.001418434226643626e+03	2.788531307898817757e-01	1.811370840210959621e-01	2.338403079400050155e-01	1.411632994488603021e-01	6.884632582965531655e-02	2.675500923099752640e-02	6.940484273945519977e-02
1.003837319333471214e+03	2.784199781267978069e-01	1.808663685311215630e-01	2.341417531346680347e-01	1.413417692023425376e-01	6.892079035868882431e-02	2.679237835662815273e-02	6.951696228970415115e-02
1.006256204440298802e+03	2.779880816586133840e-01	1.805963950845334287e-01	2.344423630448701779e-01	1.415197073149811469e-01	6.899503477390768469e-02	2.682964883115859442e-02	6.962876929188668851e-02
1.008675089547126618e+03	2.775574377405198856e-01	1.803271616426457558e-01	2.347421399771339456e-01	1.416971154723550563e-01	6.906905975139719656e-02	2.686682093529197540e-02	6.974026448060728633e-02
1.011093974653954206e+03	2.771280427383521205e-01	1.800586661723801718e-01	2.350410862316052452e-01	1.418739953533969811e-01	6.914286596482546732e-02	2.690389494891567632e-02	6.985144859047542898e-02
1.013512859760782021e+03	2.766998930285565206e-01	1.797909066462501371e-01	2.353392041020711534e-01	1.420503486304344198e-01	6.921645408545598621e-02	2.694087115110376310e-02	6.996232235607911798e-02
1.015931744867609382e+03	2.762729849981591101e-01	1.795238810423457620e-01	2.356364958759772921e-01	1.422261769692303723e-01	6.928982478216023921e-02	2.697774982011942602e-02	7.007288651195889284e-02
1.018350629974437197e+03	2.758473150447336986e-01	1.792575873443182921e-01	2.359329638344456748e-01	1.424014820290236127e-01	6.936297872143019905e-02	2.701453123341739787e-02	7.018314179258224039e-02
1.020769515081264785e+03	2.754228795763704607e-01	1.789920235413647309e-01	2.362286102522919984e-01	1.425762654625686299e-01	6.943591656739060702e-02	2.705121566764636526e-02	7.029308893231832334e-02
1.023188400188092373e+03	2.749996750116441846e-01	1.787271876282127692e-01	2.365234373980432403e-01	1.427505289161750957e-01	6.950863898181128264e-02	2.708780339865136944e-02	7.040272866541322228e-02
1.025607285294920075e+03	2.745776977795827412e-01	1.784630776051054357e-01	2.368174475339550611e-01	1.429242740297470282e-01	6.958114662411925277e-02	2.712429470147621410e-02	7.051206172596541366e-02
1.028026170401747549e+03	2.741569443196361089e-01	1.781996914777859431e-01	2.371106429160290963e-01	1.430975024368217052e-01	6.965344015141079759e-02	2.716068985036584199e-02	7.062108884790171959e-02
1.030445055508575479e+03	2.737374110816446771e-01	1.779370272574824496e-01	2.374030257940303590e-01	1.432702157646079943e-01	6.972552021846337156e-02	2.719698911876872183e-02	7.072981076495366004e-02
1.032863940615402726e+03	2.733190945258084925e-01	1.776750829608930715e-01	2.376945984115044208e-01	1.434424156340244616e-01	6.979738747774753838e-02	2.723319277933922491e-02	7.083822821063402719e-02
1.035282825722230655e+03	2.729019911226560069e-01	1.774138566101707837e-01	2.379853630057948144e-01	1.436141036597370080e-01	6.986904257943862828e-02	2.726930110393999129e-02	7.094634191821401481e-02
1.037701710829058356e+03	2.724860973530132124e-01	1.771533462329083486e-01	2.382753218080600477e-01	1.437852814501964227e-01	6.994048617142842317e-02	2.730531436364427855e-02	7.105415262070054194e-02
1.040120595935886058e+03	2.720714097079727778e-01	1.768935498621234670e-01	2.385644770432907291e-01	1.439559506076751594e-01	7.001171889933674453e-02	2.734123282873831412e-02	7.116166105081404847e-02
1.042539481042713533e+03	2.716579246888634613e-01	1.766344655362436789e-01	2.388528309303267760e-01	1.441261127283042509e-01	7.008274140652291651e-02	2.737705676872365101e-02	7.126886794096654043e-02
1.044958366149541234e+03	2.712456388072193025e-01	1.763760912990915697e-01	2.391403856818742901e-01	1.442957694021094750e-01	7.015355433409704855e-02	2.741278645231948891e-02	7.137577402324006559e-02
1.047377251256368709e+03	2.708345485847492573e-01	1.761184251998698658e-01	2.394271435045227381e-01	1.444649222130474642e-01	7.022415832093145682e-02	2.744842214746500905e-02	7.148238002936548041e-02
1.049796136363196410e+03	2.704246505533066669e-01	1.758614652931466404e-01	2.397131065987617160e-01	1.446335727390413717e-01	7.029455400367169704e-02	2.748396412132169189e-02	7.158868669070157786e-02
1.052215021470024112e+03	2.700159412548588933e-01	1.756052096388405481e-01	2.399982771589979358e-01	1.448017225520160933e-01	7.036474201674780549e-02	2.751941264027562423e-02	7.169469473821452055e-02
1.054633906576851814e+03	2.696084172414572877e-01	1.753496563022060306e-01	2.402826573735720173e-01	1.449693732179335171e-01	7.043472299238519307e-02	2.755476796993982028e-02	7.180040490245756524e-02
1.057052791683679516e+03	2.692020750752069924e-01	1.750948033538187176e-01	2.405662494247753358e-01	1.451365262968269954e-01	7.050449756061562268e-02	2.759003037515650111e-02	7.190581791355128705e-02
1.059471676790506763e+03	2.687969113282367983e-01	1.748406488695607441e-01	2.408490554888667312e-01	1.453031833428359010e-01	7.057406634928803379e-02	2.762520011999939143e-02	7.201093450116388683e-02
1.061890561897334692e+03	2.683929225826693910e-01	1.745871909306060676e-01	2.411310777360892721e-01	1.454693459042395998e-01	7.064342998407925622e-02	2.766027746777600591e-02	7.211575539449194272e-02
1.064309447004162394e+03	2.679901054305913743e-01	1.743344276234059798e-01	2.414123183306868259e-01	1.456350155234912569e-01	7.071258908850468206e-02	2.769526268102991823e-02	7.222028132224149466e-02
1.066728332110990095e+03	2.675884564740237392e-01	1.740823570396745346e-01	2.416927794309207400e-01	1.458001937372513102e-01	7.078154428392885444e-02	2.773015602154304399e-02	7.232451301260932330e-02
1.069147217217817570e+03	2.671879723248919425e-01	1.738309772763740879e-01	2.419724631890864397e-01	1.459648820764206101e-01	7.085029618957593145e-02	2.776495775033787500e-02	7.242845119326465908e-02
1.071566102324645271e+03	2.667886496049967082e-01	1.735802864357008368e-01	2.422513717515298592e-01	1.461290820661732548e-01	7.091884542254010826e-02	2.779966812767976567e-02	7.253209659133111331e-02
1.073984987431472746e+03	2.663904849459843294e-01	1.733302826250703033e-01	2.425295072586639289e-01	1.462927952259892028e-01	7.098719259779590063e-02	2.783428741307914997e-02	7.263544993336890077e-02
1.076403872538300675e+03	2.659934749893173578e-01	1.730809639571031788e-01	2.428068718449850616e-01	1.464560230696864696e-01	7.105533832820845608e-02	2.786881586529379659e-02	7.273851194535738141e-02
1.078822757645127922e+03	2.655976163862455719e-01	1.728323285496108364e-01	2.430834676390895011e-01	1.466187671054531849e-01	7.112328322454365692e-02	2.790325374233103284e-02	7.284128335267790744e-02
1.081241642751955851e+03	2.652029057977765558e-01	1.725843745255810080e-01	2.433592967636897253e-01	1.467810288358793180e-01	7.119102789547822330e-02	2.793760130144998591e-02	7.294376488009689241e-02
1.083660527858783553e+03	2.648093398946467780e-01	1.723371000131636577e-01	2.436343613356306004e-01	1.469428097579879577e-01	7.125857294760971905e-02	2.797185879916377210e-02	7.304595725174919951e-02
1.086079412965611255e+03	2.644169153572926700e-01	1.720905031456566592e-01	2.439086634659057007e-01	1.471041113632665931e-01	7.132591898546647435e-02	2.800602649124173463e-02	7.314786119112182128e-02
1.088498298072438729e+03	2.640256288758217051e-01	1.718445820614917241e-01	2.441822052596735459e-01	1.472649351376978388e-01	7.139306661151741118e-02	2.804010463271163281e-02	7.324947742103780912e-02
1.090917183179266431e+03	2.636354771499834770e-01	1.715993349042201910e-01	2.444549888162737550e-01	1.474252825617901330e-01	7.146001642618185490e-02	2.807409347786184173e-02	7.335080666364042490e-02
1.093336068286093905e+03	2.632464568891413337e-01	1.713547598224988699e-01	2.447270162292430884e-01	1.475851551106079906e-01	7.152676902783920709e-02	2.810799328024354490e-02	7.345184964037765329e-02
1.095754953392921607e+03	2.628585648122435114e-01	1.711108549700761650e-01	2.449982895863315469e-01	1.477445542538020906e-01	7.159332501283854899e-02	2.814180429267291311e-02	7.355260707198692238e-02
1.098173838499749309e+03	2.624717976477947134e-01	1.708676185057778907e-01	2.452688109695184415e-01	1.479034814556390298e-01	7.165968497550821714e-02	2.817552676723327626e-02	7.365307967848008786e-02
1.100592723606577010e+03	2.620861521338279099e-01	1.706250485934933392e-01	2.455385824550282703e-01	1.480619381750308827e-01	7.172584950816528193e-02	2.820916095527730566e-02	7.375326817912865318e-02
1.103011608713404712e+03	2.617016250178756942e-01	1.703831434021614022e-01	2.458076061133467882e-01	1.482199258655644281e-01	7.179181920112491511e-02	2.824270710742915816e-02	7.385317329244926732e-02
1.105430493820231959e+03	2.613182130569421946e-01	1.701419011057565822e-01	2.460758840092368005e-01	1.483774459755302089e-01	7.185759464270978503e-02	2.827616547358664800e-02	7.395279573618945834e-02
1.107849378927059888e+03	2.609359130174750963e-01	1.699013198832751703e-01	2.463434182017539831e-01	1.485344999479511763e-01	7.192317641925921601e-02	2.830953630292338055e-02	7.405213622731365852e-02
1.110268264033887590e+03	2.605547216753373307e-01	1.696613979187214516e-01	2.466102107442628144e-01	1.486910892206114165e-01	7.198856511513847256e-02	2.834281984389090334e-02	7.415119548198935429e-02
1.112687149140715292e+03	2.601746358157793204e-01	1.694221334010937718e-01	2.468762636844521463e-01	1.488472152260842396e-01	7.205376131274783547e-02	2.837601634422083283e-02	7.424997421557361088e-02
1.115106034247542766e+03	2.597956522334111118e-01	1.691835245243709651e-01	2.471415790643511079e-01	1.490028793917601846e-01	7.211876559253166397e-02	2.840912605092699161e-02	7.434847314259976359e-02
1.117524919354370468e+03	2.594177677321745090e-01	1.689455694874985314e-01	2.474061589203446210e-01	1.491580831398749141e-01	7.218357853298738858e-02	2.844214921030752477e-02	7.444669297676430320e-02
1.119943804461197942e+03	2.590409791253154292e-01	1.687082664943750365e-01	2.476700052831891652e-01	1.493128278875367199e-01	7.224820071067439287e-02	2.847508606794700928e-02	7.454463443091408070e-02
1.122362689568025871e+03	2.586652832353562581e-01	1.684716137538383729e-01	2.479331201780282379e-01	1.494671150467538068e-01	7.231263270022290912e-02	2.850793686871857385e-02	7.464229821703369239e-02
1.124781574674853118e+03	2.582906768940685382e-01	1.682356094796523538e-01	2.481955056244079250e-01	1.496209460244612710e-01	7.237687507434277523e-02	2.854070185678598062e-02	7.473968504623305920e-02
1.127200459781681047e+03	2.579171569424453248e-01	1.680002518904928355e-01	2.484571636362924163e-01	1.497743222225481619e-01	7.244092840383217768e-02	2.857338127560574495e-02	7.483679562873526980e-02
1.129619344888508749e+03	2.575447202306739847e-01	1.677655392099345055e-01	2.487180962220794933e-01	1.499272450378838495e-01	7.250479325758625582e-02	2.860597536792920323e-02	7.493363067386464571e-02
1.132038229995336451e+03	2.571733636181088856e-01	1.675314696664371994e-01	2.489783053846159333e-01	1.500797158623446148e-01	7.256847020260577541e-02	2.863848437580459802e-02	7.503019089003495901e-02
1.134457115102163925e+03	2.568030839732443060e-01	1.672980414933325499e-01	2.492377931212127196e-01	1.502317360828397397e-01	7.263195980400558027e-02	2.867090854057916319e-02	7.512647698473796931e-02
1.136876000208991627e+03	2.564338781736872352e-01	1.670652529288105814e-01	2.494965614236606399e-01	1.503833070813373196e-01	7.269526262502308545e-02	2.870324810290117434e-02	7.522248966453200236e-02
1.139294885315819101e+03	2.560657431061306166e-01	1.668331022159061927e-01	2.497546122782453304e-01	1.505344302348902152e-01	7.275837922702674265e-02	2.873550330272203052e-02	7.531822963503094492e-02
1.141713770422646803e+03	2.556986756663262028e-01	1.666015876024859732e-01	2.500119476657626238e-01	1.506851069156613931e-01	7.282131016952428371e-02	2.876767437929829418e-02	7.541369760089329521e-02
1.144132655529474505e+03	2.553326727590579104e-01	1.663707073412348802e-01	2.502685695615337602e-01	1.508353384909493222e-01	7.288405601017104718e-02	2.879976157119374519e-02	7.550889426581140762e-02
1.146551540636302207e+03	2.549677312981150634e-01	1.661404596896428609e-01	2.505244799354205409e-01	1.509851263232130092e-01	7.294661730477822181e-02	2.883176511628142424e-02	7.560382033250104272e-02
1.148970425743129908e+03	2.546038482062656372e-01	1.659108429099917237e-01	2.507796807518402615e-01	1.511344717700968399e-01	7.300899460732099278e-02	2.886368525174566949e-02	7.569847650269101447e-02
1.151389310849957155e+03	2.542410204152298348e-01	1.656818552693419822e-01	2.510341739697810604e-01	1.512833761844553371e-01	7.307118846994663242e-02	2.889552221408414612e-02	7.579286347711307326e-02
1.153808195956785084e+03	2.538792448656536083e-01	1.654534950395195603e-01	2.512879615428167956e-01	1.514318409143775856e-01	7.313319944298257713e-02	2.892727623910986562e-02	7.588698195549201109e-02
1.156227081063612786e+03	2.535185185070822356e-01	1.652257604971028304e-01	2.515410454191221445e-01	1.515798673032114074e-01	7.319502807494439323e-02	2.895894756195320496e-02	7.598083263653582220e-02
1.158645966170440488e+03	2.531588382979339524e-01	1.649986499234093740e-01	2.517934275414872580e-01	1.517274566895875920e-01	7.325667491254374275e-02	2.899053641706391890e-02	7.607441621792622455e-02
1.161064851277267962e+03	2.528002012054737513e-01	1.647721616044830195e-01	2.520451098473330820e-01	1.518746104074436554e-01	7.331814050069621058e-02	2.902204303821313836e-02	7.616773339630923678e-02
1.163483736384095664e+03	2.524426042057872910e-01	1.645462938310809087e-01	2.522960942687259012e-01	1.520213297860474877e-01	7.337942538252917313e-02	2.905346765849538271e-02	7.626078486728601891e-02
1.165902621490923138e+03	2.520860442837549176e-01	1.643210448986602845e-01	2.525463827323922716e-01	1.521676161500209179e-01	7.344053009938952825e-02	2.908481051033053391e-02	7.635357132540379621e-02
1.168321506597751068e+03	2.517305184330253520e-01	1.640964131073658072e-01	2.527959771597337868e-01	1.523134708193629172e-01	7.350145519085145296e-02	2.911607182546584183e-02	7.644609346414704687e-02
1.170740391704578315e+03	2.513760236559902661e-01	1.638723967620165367e-01	2.530448794668418988e-01	1.524588951094728029e-01	7.356220119472403618e-02	2.914725183497787753e-02	7.653835197592882833e-02
1.173159276811406244e+03	2.510225569637581367e-01	1.636489941720930263e-01	2.532930915645124625e-01	1.526038903311729977e-01	7.362276864705884216e-02	2.917835076927453516e-02	7.663034755208225635e-02
1.175578161918233945e+03	2.506701153761285439e-01	1.634262036517245831e-01	2.535406153582606126e-01	1.527484577907318175e-01	7.368315808215754326e-02	2.920936885809697139e-02	7.672208088285217831e-02
1.177997047025061647e+03	2.503186959215668028e-01	1.632040235196763334e-01	2.537874527483350851e-01	1.528925987898861749e-01	7.374337003257934453e-02	2.924030633052159336e-02	7.681355265738702698e-02
1.180415932131889122e+03	2.499682956371779008e-01	1.629824520993366221e-01	2.540336056297329836e-01	1.530363146258636453e-01	7.380340502914847778e-02	2.927116341496200161e-02	7.690476356373074363e-02
1.182834817238716823e+03	2.496189115686814619e-01	1.627614877187041897e-01	2.542790758922143790e-01	1.531796065914048655e-01	7.386326360096158450e-02	2.930194033917092947e-02	7.699571428881502033e-02
1.185253702345544298e+03	2.492705407703860732e-01	1.625411287103754321e-01	2.545238654203166306e-01	1.533224759747854604e-01	7.392294627539507113e-02	2.933263733024220679e-02	7.708640551845157007e-02
1.187672587452371999e+03	2.489231803051640268e-01	1.623213734115319384e-01	2.547679760933689863e-01	1.534649240598378872e-01	7.398245357811238099e-02	2.936325461461267855e-02	7.717683793732459108e-02
1.190091472559199701e+03	2.485768272444261462e-01	1.621022201639276406e-01	2.550114097855068485e-01	1.536069521259730564e-01	7.404178603307123852e-02	2.939379241806414425e-02	7.726701222898342547e-02
1.192510357666027403e+03	2.482314786680964724e-01	1.618836673138763227e-01	2.552541683656863181e-01	1.537485614482018703e-01	7.410094416253090732e-02	2.942425096572528348e-02	7.735692907583531508e-02
1.194929242772855105e+03	2.478871316645872847e-01	1.616657132122391316e-01	2.554962536976985166e-01	1.538897532971565396e-01	7.415992848705925400e-02	2.945463048207356757e-02	7.744658915913832375e-02
1.197348127879682352e+03	2.475437833307739810e-01	1.614483562144119477e-01	2.557376676401836302e-01	1.540305289391116217e-01	7.421873952553988130e-02	2.948493119093718168e-02	7.753599315899445399e-02
1.199767012986510281e+03	2.472014307719702098e-01	1.612315946803129230e-01	2.559784120466453983e-01	1.541708896360051428e-01	7.427737779517919192e-02	2.951515331549692603e-02	7.762514175434286068e-02
1.202185898093337983e+03	2.468600711019030836e-01	1.610154269743701017e-01	2.562184887654654353e-01	1.543108366454593594e-01	7.433584381151338294e-02	2.954529707828812413e-02	7.771403562295320366e-02
1.204604783200165684e+03	2.465197014426881994e-01	1.607998514655089861e-01	2.564578996399169974e-01	1.544503712208013801e-01	7.439413808841541242e-02	2.957536270120251359e-02	7.780267544141915292e-02
1.207023668306993159e+03	2.461803189248050749e-01	1.605848665271401021e-01	2.566966465081796378e-01	1.545894946110836776e-01	7.445226113810186896e-02	2.960535040549013355e-02	7.789106188515210194e-02
1.209442553413820860e+03	2.458419206870725571e-01	1.603704705371466477e-01	2.569347312033529174e-01	1.547282080611044608e-01	7.451021347113991056e-02	2.963526041176120854e-02	7.797919562837490881e-02
1.211861438520648335e+03	2.455045038766241194e-01	1.601566618778722528e-01	2.571721555534705606e-01	1.548665128114278533e-01	7.456799559645400921e-02	2.966509293998803587e-02	7.806707734411584554e-02
1.214280323627476264e+03	2.451680656488834653e-01	1.599434389361086561e-01	2.574089213815146104e-01	1.550044100984037387e-01	7.462560802133276494e-02	2.969484820950684528e-02	7.815470770420265834e-02
1.216699208734303511e+03	2.448326031675401859e-01	1.597308001030833813e-01	2.576450305054290846e-01	1.551419011541879389e-01	7.468305125143562262e-02	2.972452643901966549e-02	7.824208737925678059e-02
1.219118093841131440e+03	2.444981136045253634e-01	1.595187437744477743e-01	2.578804847381344079e-01	1.552789872067616983e-01	7.474032579079957495e-02	2.975412784659619767e-02	7.832921703868767072e-02
1.221536978947959142e+03	2.441645941399873398e-01	1.593072683502644860e-01	2.581152858875409573e-01	1.554156694799512517e-01	7.479743214184579603e-02	2.978365264967566470e-02	7.841609735068720555e-02
1.223955864054786844e+03	2.438320419622674873e-01	1.590963722349956477e-01	2.583494357565629396e-01	1.555519491934473642e-01	7.485437080538621946e-02	2.981310106506865343e-02	7.850272898222440676e-02
1.226374749161614318e+03	2.435004542678762263e-01	1.588860538374905207e-01	2.585829361431322693e-01	1.556878275628245101e-01	7.491114228063013025e-02	2.984247330895896388e-02	7.858911259904001467e-02
1.228793634268442020e+03	2.431698282614689899e-01	1.586763115709735883e-01	2.588157888402125573e-01	1.558233057995600246e-01	7.496774706519061804e-02	2.987176959690545155e-02	7.867524886564143671e-02
1.231212519375269494e+03	2.428401611558221040e-01	1.584671438530323440e-01	2.590479956358125446e-01	1.559583851110530883e-01	7.502418565509114123e-02	2.990099014384385231e-02	7.876113844529759878e-02
1.233631404482097196e+03	2.425114501718090843e-01	1.582585491056053839e-01	2.592795583130000359e-01	1.560930667006435180e-01	7.508045854477188308e-02	2.993013516408861083e-02	7.884678200003415738e-02
1.236050289588924898e+03	2.421836925383768213e-01	1.580505257549705278e-01	2.595104786499154437e-01	1.562273517676304457e-01	7.513656622709613542e-02	2.995920487133470547e-02	7.893218019062860080e-02
1.238469174695752372e+03	2.418568854925217948e-01	1.578430722317326618e-01	2.597407584197853891e-01	1.563612415072909989e-01	7.519250919335671024e-02	2.998819947865945940e-02	7.901733367660564167e-02
1.240888059802580301e+03	2.415310262792664253e-01	1.576361869708119423e-01	2.599703993909366351e-01	1.564947371108985352e-01	7.524828793328219856e-02	3.001711919852435156e-02	7.910224311623258175e-02
1.243306944909407548e+03	2.412061121516354822e-01	1.574298684114319724e-01	2.601994033268091311e-01	1.566278397657410726e-01	7.530390293504321542e-02	3.004596424277682434e-02	7.918690916651496825e-02
1.245725830016235477e+03	2.408821403706326580e-01	1.572241149971077834e-01	2.604277719859700024e-01	1.567605506551393302e-01	7.535935468525871428e-02	3.007473482265207720e-02	7.927133248319212511e-02
1.248144715123063179e+03	2.405591082052170315e-01	1.570189251756342330e-01	2.606555071221266506e-01	1.568928709584647696e-01	7.541464366900209326e-02	3.010343114877487083e-02	7.935551372073301746e-02
1.250563600229890881e+03	2.402370129322797532e-01	1.568142973990740707e-01	2.608826104841405757e-01	1.570248018511575250e-01	7.546977036980734299e-02	3.013205343116129309e-02	7.943945353233214379e-02
1.252982485336718355e+03	2.399158518366207582e-01	1.566102301237461969e-01	2.611090838160404770e-01	1.571563445047440000e-01	7.552473526967523609e-02	3.016060187922057004e-02	7.952315256990551140e-02
1.255401370443546057e+03	2.395956222109255074e-01	1.564067218102140611e-01	2.613349288570357420e-01	1.572875000868546314e-01	7.557953884907933628e-02	3.018907670175682151e-02	7.960661148408670895e-02
1.257820255550373531e+03	2.392763213557418667e-01	1.562037709232738658e-01	2.615601473415297695e-01	1.574182697612412918e-01	7.563418158697202132e-02	3.021747810697084438e-02	7.968983092422315950e-02
1.260239140657201460e+03	2.389579465794570423e-01	1.560013759319429094e-01	2.617847409991334584e-01	1.575486546877946925e-01	7.568866396079053371e-02	3.024580630246187160e-02	7.977281153837238736e-02
1.262658025764028707e+03	2.386404951982745437e-01	1.557995353094481228e-01	2.620087115546780865e-01	1.576786560225615086e-01	7.574298644646287881e-02	3.027406149522933465e-02	7.985555397329847926e-02
1.265076910870856636e+03	2.383239645361912018e-01	1.555982475332142456e-01	2.622320607282287996e-01	1.578082749177616428e-01	7.579714951841381998e-02	3.030224389167462604e-02	7.993805887446855940e-02
1.267495795977684338e+03	2.380083519249744095e-01	1.553975110848525021e-01	2.624547902350978790e-01	1.579375125218051013e-01	7.585115364957070727e-02	3.033035369760283401e-02	8.002032688604941713e-02
1.269914681084511813e+03	2.376936547041393344e-01	1.551973244501489158e-01	2.626769017858576749e-01	1.580663699793088961e-01	7.590499931136936163e-02	3.035839111822450850e-02	8.010235865090421792e-02
1.272333566191339514e+03	2.373798702209260203e-01	1.549976861190528465e-01	2.628983970863537634e-01	1.581948484311137271e-01	7.595868697375986189e-02	3.038635635815738548e-02	8.018415481058933925e-02
1.274752451298167216e+03	2.370669958302769054e-01	1.547985945856656109e-01	2.631192778377181019e-01	1.583229490143006624e-01	7.601221710521235964e-02	3.041424962142812508e-02	8.026571600535120643e-02
1.277171336404994690e+03	2.367550288948141179e-01	1.546000483482289634e-01	2.633395457363820746e-01	1.584506728622075977e-01	7.606559017272279677e-02	3.044207111147403944e-02	8.034704287412336443e-02
1.279590221511822392e+03	2.364439667848170501e-01	1.544020459091137720e-01	2.635592024740894823e-01	1.585780211044456878e-01	7.611880664181862322e-02	3.046982103114481699e-02	8.042813605452353576e-02
1.282009106618650094e+03	2.361338068781998756e-01	1.542045857748085835e-01	2.637782497379094204e-01	1.587049948669156108e-01	7.617186697656448680e-02	3.049749958270425026e-02	8.050899618285077552e-02
1.284427991725477568e+03	2.358245465604891233e-01	1.540076664559083264e-01	2.639966892102493801e-01	1.588315952718236390e-01	7.622477163956783985e-02	3.052510696783193242e-02	8.058962389408282079e-02
1.286846876832305497e+03	2.355161832248014453e-01	1.538112864671029589e-01	2.642145225688680155e-01	1.589578234376977095e-01	7.627752109198458752e-02	3.055264338762497811e-02	8.067001982187337050e-02
1.289265761939132744e+03	2.352087142718213009e-01	1.536154443271663950e-01	2.644317514868879671e-01	1.590836804794034387e-01	7.633011579352465270e-02	3.058010904259972004e-02	8.075018459854957364e-02
1.291684647045960673e+03	2.349021371097788080e-01	1.534201385589448741e-01	2.646483776328090731e-01	1.592091675081598601e-01	7.638255620245749944e-02	3.060750413269341247e-02	8.083011885510955896e-02
1.294103532152788375e+03	2.345964491544276498e-01	1.532253676893461924e-01	2.648644026705205268e-01	1.593342856315551337e-01	7.643484277561765627e-02	3.063482885726591387e-02	8.090982322122006187e-02
1.296522417259616077e+03	2.342916478290230087e-01	1.530311302493282122e-01	2.650798282593140875e-01	1.594590359535621171e-01	7.648697596841019797e-02	3.066208341510138699e-02	8.098929832521412076e-02
1.298941302366443551e+03	2.339877305642995842e-01	1.528374247738878977e-01	2.652946560538967380e-01	1.595834195745539086e-01	7.653895623481615784e-02	3.068926800440997110e-02	8.106854479408889813e-02
1.301360187473271253e+03	2.336846947984497491e-01	1.526442498020500194e-01	2.655088877044032292e-01	1.597074375913192512e-01	7.659078402739798175e-02	3.071638282282946469e-02	8.114756325350347410e-02
1.303779072580098727e+03	2.333825379771016229e-01	1.524516038768562176e-01	2.657225248564089037e-01	1.598310910970777154e-01	7.664245979730491265e-02	3.074342806742699774e-02	8.122635432777686182e-02
1.306197957686926657e+03	2.330812575532973663e-01	1.522594855453539009e-01	2.659355691509421860e-01	1.599543811814948535e-01	7.669398399427825030e-02	3.077040393470070051e-02	8.130491863988599521e-02
1.308616842793753904e+03	2.327808509874713938e-01	1.520678933585852544e-01	2.661480222244971827e-01	1.600773089306974095e-01	7.674535706665680523e-02	3.079731062058135502e-02	8.138325681146388324e-02
1.311035727900581833e+03	2.324813157474288350e-01	1.518768258715761099e-01	2.663598857090462291e-01	1.601998754272881964e-01	7.679657946138210289e-02	3.082414832043406730e-02	8.146136946279776414e-02
1.313454613007409534e+03	2.321826493083238852e-01	1.516862816433251493e-01	2.665711612320526003e-01	1.603220817503608897e-01	7.684765162400361560e-02	3.085091722905990846e-02	8.153925721282734296e-02
1.315873498114237009e+03	2.318848491526383226e-01	1.514962592367928573e-01	2.667818504164825577e-01	1.604439289755149045e-01	7.689857399868407772e-02	3.087761754069756615e-02	8.161692067914318172e-02
1.318292383221064711e+03	2.315879127701600537e-01	1.513067572188906973e-01	2.669919548808181164e-01	1.605654181748700227e-01	7.694934702820460659e-02	3.090424944902499249e-02	8.169436047798504796e-02
1.320711268327892412e+03	2.312918376579616853e-01	1.511177741604701474e-01	2.672014762390694242e-01	1.606865504170808812e-01	7.699997115396992053e-02	3.093081314716102440e-02	8.177157722424042985e-02
1.323130153434719887e+03	2.309966213203793473e-01	1.509293086363119318e-01	2.674104161007871405e-01	1.608073267673515716e-01	7.705044681601343204e-02	3.095730882766703843e-02	8.184857153144307895e-02
1.325549038541547588e+03	2.307022612689912933e-01	1.507413592251151679e-01	2.676187760710745933e-01	1.609277482874499066e-01	7.710077445300236865e-02	3.098373668254855717e-02	8.192534401177166414e-02
1.327967923648375290e+03	2.304087550225968062e-01	1.505539245094866807e-01	2.678265577506002137e-01	1.610478160357217137e-01	7.715095450224290774e-02	3.101009690325688337e-02	8.200189527604839768e-02
1.330386808755202765e+03	2.301161001071949652e-01	1.503670030759299836e-01	2.680337627356099151e-01	1.611675310671049910e-01	7.720098739968513091e-02	3.103638968069071663e-02	8.207822593373785558e-02
1.332805693862030694e+03	2.298242940559637737e-01	1.501805935148348981e-01	2.682403926179391940e-01	1.612868944331440624e-01	7.725087357992815873e-02	3.106261520519777025e-02	8.215433659294581192e-02
1.335224578968857941e+03	2.295333344092389816e-01	1.499946944204665622e-01	2.684464489850252322e-01	1.614059071820034830e-01	7.730061347622499413e-02	3.108877366657636712e-02	8.223022786041803145e-02
1.337643464075685870e+03	2.292432187144932965e-01	1.498093043909549393e-01	2.686519334199193310e-01	1.615245703584820280e-01	7.735020752048765713e-02	3.111486525407704609e-02	8.230590034153939527e-02
1.340062349182513572e+03	2.289539445263153727e-01	1.496244220282841320e-01	2.688568475012988457e-01	1.616428850040264042e-01	7.739965614329202825e-02	3.114089015640417180e-02	8.238135464033276290e-02
1.342481234289341273e+03	2.286655094063891613e-01	1.494400459382818069e-01	2.690611928034792877e-01	1.617608521567450441e-01	7.744895977388274733e-02	3.116684856171751672e-02	8.245659135945818119e-02
1.344900119396168748e+03	2.283779109234730098e-01	1.492561747306085373e-01	2.692649708964265365e-01	1.618784728514216786e-01	7.749811884017818175e-02	3.119274065763384673e-02	8.253161110021195457e-02
1.347319004502996449e+03	2.280911466533791232e-01	1.490728070187472554e-01	2.694681833457687747e-01	1.619957481195289095e-01	7.754713376877518660e-02	3.121856663122852399e-02	8.260641446252592335e-02
1.349737889609823924e+03	2.278052141789528862e-01	1.488899414199928717e-01	2.696708317128085342e-01	1.621126789892416709e-01	7.759600498495400345e-02	3.124432666903706468e-02	8.268100204496671435e-02
1.352156774716651853e+03	2.275201110900522683e-01	1.487075765554416451e-01	2.698729175545345194e-01	1.622292664854505517e-01	7.764473291268306210e-02	3.127002095705672807e-02	8.275537444473503312e-02
1.354575659823479100e+03	2.272358349835273961e-01	1.485257110499807465e-01	2.700744424236337093e-01	1.623455116297751188e-01	7.769331797462368516e-02	3.129564968074807080e-02	8.282953225766512273e-02
1.356994544930307029e+03	2.269523834632001524e-01	1.483443435322778503e-01	2.702754078685032368e-01	1.624614154405770727e-01	7.774176059213493140e-02	3.132121302503652199e-02	8.290347607822416698e-02
1.359413430037134731e+03	2.266697541398436655e-01	1.481634726347707265e-01	2.704758154332621012e-01	1.625769789329733761e-01	7.779006118527831415e-02	3.134671117431395843e-02	8.297720649951181859e-02
1.361832315143962205e+03	2.263879446311621302e-01	1.479830969936568874e-01	2.706756666577632697e-01	1.626922031188493267e-01	7.783822017282242267e-02	3.137214431244022411e-02	8.305072411325978288e-02
1.364251200250789907e+03	2.261069525617705744e-01	1.478032152488830964e-01	2.708749630776051687e-01	1.628070890068713528e-01	7.788623797224766832e-02	3.139751262274471932e-02	8.312402950983138750e-02
1.366670085357617609e+03	2.258267755631745421e-01	1.476238260441353478e-01	2.710737062241438400e-01	1.629216376025001134e-01	7.793411499975096135e-02	3.142281628802791327e-02	8.319712327822133269e-02
1.369088970464445310e+03	2.255474112737501091e-01	1.474449280268282370e-01	2.712718976245042102e-01	1.630358499080030166e-01	7.798185167025023512e-02	3.144805549056291921e-02	8.327000600605534431e-02
1.371507855571272785e+03	2.252688573387237048e-01	1.472665198480948845e-01	2.714695388015923583e-01	1.631497269224670976e-01	7.802944839738912286e-02	3.147323041209699329e-02	8.334267827958997954e-02
1.373926740678100487e+03	2.249911114101522114e-01	1.470886001627767226e-01	2.716666312741065070e-01	1.632632696418115925e-01	7.807690559354153736e-02	3.149834123385310963e-02	8.341514068371251589e-02
1.376345625784927961e+03	2.247141711469028968e-01	1.469111676294131974e-01	2.718631765565492908e-01	1.633764790588004556e-01	7.812422366981618127e-02	3.152338813653144528e-02	8.348739380194077075e-02
1.378764510891755890e+03	2.244380342146337359e-01	1.467342209102316386e-01	2.720591761592388580e-01	1.634893561630548775e-01	7.817140303606111285e-02	3.154837130031094145e-02	8.355943821642307368e-02
1.381183395998583137e+03	2.241626982857733708e-01	1.465577586711370728e-01	2.722546315883210277e-01	1.636019019410655806e-01	7.821844410086824240e-02	3.157329090485080231e-02	8.363127450793822470e-02
1.383602281105411066e+03	2.238881610395014043e-01	1.463817795817022038e-01	2.724495443457801147e-01	1.637141173762052537e-01	7.826534727157781479e-02	3.159814712929200770e-02	8.370290325589557767e-02
1.386021166212238768e+03	2.236144201617287774e-01	1.462062823151571989e-01	2.726439159294510306e-01	1.638260034487406536e-01	7.831211295428282260e-02	3.162294015225882576e-02	8.377432503833506794e-02
1.388440051319066470e+03	2.233414733450780898e-01	1.460312655483796129e-01	2.728377478330305528e-01	1.639375611358448448e-01	7.835874155383353024e-02	3.164767015186031873e-02	8.384554043192737893e-02
1.390858936425893944e+03	2.230693182888639214e-01	1.458567279618845081e-01	2.730310415460887596e-01	1.640487914116093293e-01	7.840523347384178998e-02	3.167233730569185557e-02	8.391655001197415031e-02
1.393277821532721646e+03	2.227979526990734038e-01	1.456826682398143225e-01	2.732237985540804104e-01	1.641596952470559256e-01	7.845158911668552448e-02	3.169694179083659691e-02	8.398735435240815839e-02
1.395696706639549120e+03	2.225273742883467354e-01	1.455090850699288507e-01	2.734160203383564358e-01	1.642702736101487870e-01	7.849780888351298724e-02	3.172148378386697304e-02	8.405795402579359366e-02
1.398115591746377049e+03	2.222575807759577804e-01	1.453359771435953351e-01	2.736077083761750961e-01	1.643805274658063365e-01	7.854389317424723127e-02	3.174596346084618964e-02	8.412834960332638001e-02
1.400534476853204296e+03	2.219885698877946401e-01	1.451633431557786402e-01	2.737988641407136381e-01	1.644904577759128961e-01	7.858984238759031404e-02	3.177038099732972659e-02	8.419854165483457720e-02
1.402953361960032225e+03	2.217203393563404457e-01	1.449911818050312051e-01	2.739894891010791755e-01	1.646000654993304835e-01	7.863565692102764126e-02	3.179473656836677431e-02	8.426853074877871386e-02
1.405372247066859927e+03	2.214528869206540684e-01	1.448194917934831905e-01	2.741795847223202909e-01	1.647093515919105799e-01	7.868133717083228285e-02	3.181903034850172562e-02	8.433831745225230103e-02
1.407791132173687402e+03	2.211862103263509682e-01	1.446482718268327361e-01	2.743691524654381375e-01	1.648183170065055381e-01	7.872688353206917788e-02	3.184326251177567457e-02	8.440790233098227624e-02
1.410210017280515103e+03	2.209203073255840144e-01	1.444775206143360247e-01	2.745581937873975420e-01	1.649269626929801835e-01	7.877229639859939514e-02	3.186743323172783193e-02	8.447728594932957247e-02
1.412628902387342805e+03	2.206551756770245565e-01	1.443072368687975393e-01	2.747467101411382173e-01	1.650352895982232504e-01	7.881757616308432413e-02	3.189154268139702403e-02	8.454646887028963165e-02
1.415047787494170507e+03	2.203908131458432729e-01	1.441374193065602938e-01	2.749347029755860872e-01	1.651432986661588165e-01	7.886272321698988008e-02	3.191559103332313602e-02	8.461545165549309855e-02
1.417466672600997981e+03	2.201272175036912693e-01	1.439680666474961179e-01	2.751221737356641106e-01	1.652509908377574610e-01	7.890773795059068119e-02	3.193957845954856212e-02	8.468423486520640364e-02
1.419885557707825683e+03	2.198643865286811772e-01	1.437991776149958878e-01	2.753091238623036063e-01	1.653583670510476722e-01	7.895262075297418414e-02	3.196350513161964890e-02	8.475281905833248475e-02
1.422304442814653157e+03	2.196023180053683632e-01	1.436307509359598944e-01	2.754955547924549664e-01	1.654654282411269217e-01	7.899737201204483361e-02	3.198737122058815247e-02	8.482120479241150868e-02
1.424723327921481086e+03	2.193410097247320834e-01	1.434627853407881848e-01	2.756814679590989803e-01	1.655721753401728502e-01	7.904199211452814233e-02	3.201117689701267477e-02	8.488939262362164839e-02
1.427142213028308333e+03	2.190804594841568587e-01	1.432952795633709309e-01	2.758668647912577709e-01	1.656786092774542585e-01	7.908648144597481278e-02	3.203492233096007918e-02	8.495738310677986016e-02
1.429561098135136262e+03	2.188206650874135739e-01	1.431282323410787427e-01	2.760517467140055636e-01	1.657847309793421264e-01	7.913084039076477560e-02	3.205860769200696153e-02	8.502517679534277173e-02
1.431979983241963964e+03	2.185616243446412144e-01	1.429616424147532039e-01	2.762361151484797883e-01	1.658905413693205211e-01	7.917506933211125586e-02	3.208223314924103092e-02	8.509277424140751500e-02
1.434398868348791666e+03	2.183033350723279642e-01	1.427955085286972681e-01	2.764199715118918488e-01	1.659960413679974489e-01	7.921916865206478364e-02	3.210579887126257387e-02	8.516017599571264196e-02
1.436817753455619140e+03	2.180457950932928879e-01	1.426298294306657388e-01	2.766033172175380583e-01	1.661012318931157083e-01	7.926313873151723255e-02	3.212930502618582818e-02	8.522738260763909612e-02
1.439236638562446842e+03	2.177890022366674727e-01	1.424646038718557495e-01	2.767861536748104645e-01	1.662061138595634924e-01	7.930697995020576097e-02	3.215275178164044012e-02	8.529439462521115622e-02
1.441655523669274316e+03	2.175329543378772268e-01	1.422998306068973262e-01	2.769684822892076181e-01	1.663106881793851854e-01	7.935069268671683662e-02	3.217613930477283141e-02	8.536121259509750481e-02
1.444074408776102018e+03	2.172776492386232772e-01	1.421355083938439512e-01	2.771503044623452872e-01	1.664149557617919384e-01	7.939427731849017789e-02	3.219946776224764245e-02	8.542783706261224130e-02
1.446493293882929493e+03	2.170230847868641622e-01	1.419716359941630424e-01	2.773316215919673922e-01	1.665189175131722432e-01	7.943773422182261179e-02	3.222273732024912712e-02	8.549426857171593674e-02
1.448912178989757422e+03	2.167692588367975681e-01	1.418082121727266831e-01	2.775124350719564426e-01	1.666225743371023971e-01	7.948106377187208471e-02	3.224594814448251273e-02	8.556050766501681337e-02
1.451331064096585123e+03	2.165161692488421774e-01	1.416452356978021854e-01	2.776927462923445278e-01	1.667259271343568827e-01	7.952426634266152039e-02	3.226910040017545722e-02	8.562655488377181323e-02
1.453749949203412370e+03	2.162638138896195161e-01	1.414827053410427915e-01	2.778725566393235868e-01	1.668289768029188602e-01	7.956734230708266409e-02	3.229219425207937449e-02	8.569241076788780553e-02
1.456168834310240300e+03	2.160121906319358298e-01	1.413206198774782374e-01	2.780518674952564551e-01	1.669317242379903532e-01	7.961029203689998224e-02	3.231522986447086382e-02	8.575807585592283566e-02
1.458587719417068001e+03	2.157612973547642643e-01	1.411589780855056764e-01	2.782306802386870781e-01	1.670341703320026572e-01	7.965311590275445108e-02	3.233820740115306985e-02	8.582355068508731866e-02
1.461006604523895703e+03	2.155111319432267414e-01	1.409977787468802146e-01	2.784089962443514477e-01	1.671363159746264149e-01	7.969581427416744246e-02	3.236112702545705655e-02	8.588883579124524659e-02
1.463425489630723177e+03	2.152616922885760842e-01	1.408370206467057240e-01	2.785868168831876490e-01	1.672381620527818302e-01	7.973838751954447079e-02	3.238398890024318799e-02	8.595393170891559020e-02
1.465844374737550879e+03	2.150129762881781703e-01	1.406767025734256826e-01	2.787641435223468522e-01	1.673397094506487714e-01	7.978083600617902338e-02	3.240679318790249536e-02	8.601883897127356182e-02
1.468263259844378354e+03	2.147649818454941684e-01	1.405168233188139326e-01	2.789409775252035262e-01	1.674409590496766798e-01	7.982316010025626574e-02	3.242954005035804388e-02	8.608355811015198922e-02
1.470682144951206283e+03	2.145177068700626910e-01	1.403573816779655203e-01	2.791173202513658747e-01	1.675419117285947557e-01	7.986536016685684414e-02	3.245222964906629287e-02	8.614808965604263402e-02
1.473101030058033530e+03	2.142711492774822535e-01	1.401983764492875928e-01	2.792931730566864945e-01	1.676425683634216734e-01	7.990743656996056321e-02	3.247486214501844881e-02	8.621243413809769052e-02
1.475519915164861459e+03	2.140253069893934823e-01	1.400398064344902382e-01	2.794685372932723122e-01	1.677429298274755731e-01	7.994938967245018846e-02	3.249743769874180455e-02	8.627659208413114567e-02
1.477938800271689161e+03	2.137801779334616292e-01	1.398816704385774101e-01	2.796434143094953528e-01	1.678429969913839137e-01	7.999121983611506836e-02	3.251995647030112013e-02	8.634056402062026403e-02
1.480357685378516862e+03	2.135357600433590020e-01	1.397239672698378787e-01	2.798178054500030099e-01	1.679427707230930489e-01	8.003292742165479812e-02	3.254241861929993429e-02	8.640435047270707269e-02
1.482776570485344337e+03	2.132920512587474504e-01	1.395666957398362107e-01	2.799917120557281480e-01	1.680422518878781912e-01	8.007451278868295275e-02	3.256482430488193136e-02	8.646795196419981844e-02
