1.001418434226643626e+03	2.789841585093564280e-01	1.811671481373565706e-01	2.338649075376611486e-01	1.410931153092710721e-01	6.882381903015517832e-02	2.670705502942229137e-02	6.935979644672692068e-02
1.002869765290740247e+03	2.787291359233026733e-01	1.810004918227064996e-01	2.340452470150655162e-01	1.412001810485617737e-01	6.886855536561299618e-02	2.672942534959327904e-02	6.942696347510686483e-02
1.004321096354836754e+03	2.784745711572146343e-01	1.808340965043796766e-01	2.342252795558875111e-01	1.413070583868076546e-01	6.891321393785738991e-02	2.675176123682989834e-02	6.949401922097291073e-02
1.005772427418933376e+03	2.782204633383232317e-01	1.806679618199096282e-01	2.344050056623586120e-01	1.414137476899305634e-01	6.895779489219025504e-02	2.677406275100744845e-02	6.956096384622988127e-02
1.007223758483029997e+03	2.779668115957141805e-01	1.805020874071393833e-01	2.345844258359338352e-01	1.415202493229359149e-01	6.900229837358493046e-02	2.679632995188769434e-02	6.962779751275363638e-02
1.008675089547126618e+03	2.777136150603231046e-01	1.803364729042221948e-01	2.347635405772927897e-01	1.416265636499162150e-01	6.904672452668721150e-02	2.681856289911909580e-02	6.969452038238907465e-02
1.010126420611223239e+03	2.774608728649308742e-01	1.801711179496218451e-01	2.349423503863405649e-01	1.417326910340546420e-01	6.909107349581646018e-02	2.684076165223707802e-02	6.976113261694819045e-02
1.011577751675319632e+03	2.772085841441592757e-01	1.800060221821136452e-01	2.351208557622089801e-01	1.418386318376285704e-01	6.913534542496670154e-02	2.686292627066425368e-02	6.982763437820824204e-02
1.013029082739416367e+03	2.769567480344662380e-01	1.798411852407848788e-01	2.352990572032573890e-01	1.419443864220130413e-01	6.917954045780770611e-02	2.688505681371067962e-02	6.989402582790972540e-02
1.014480413803512761e+03	2.767053636741412803e-01	1.796766067650354959e-01	2.354769552070738736e-01	1.420499551476842315e-01	6.922365873768608624e-02	2.690715334057409286e-02	6.996030712775462568e-02
1.015931744867609382e+03	2.764544302033009604e-01	1.795122863945786407e-01	2.356545502704762152e-01	1.421553383742228949e-01	6.926770040762629532e-02	2.692921591034016029e-02	7.002647843940447425e-02
1.017383075931706003e+03	2.762039467638844337e-01	1.793482237694414005e-01	2.358318428895128660e-01	1.422605364603179434e-01	6.931166561033179352e-02	2.695124458198271816e-02	7.009253992447851689e-02
1.018834406995802851e+03	2.759539124996486792e-01	1.791844185299652781e-01	2.360088335594640319e-01	1.423655497637697220e-01	6.935555448818603308e-02	2.697323941436401834e-02	7.015849174455193737e-02
1.020285738059899245e+03	2.757043265561641698e-01	1.790208703168068849e-01	2.361855227748426989e-01	1.424703786414934781e-01	6.939936718325352694e-02	2.699520046623495387e-02	7.022433406115398402e-02
1.021737069123995752e+03	2.754551880808103759e-01	1.788575787709384413e-01	2.363619110293956604e-01	1.425750234495227475e-01	6.944310383728094505e-02	2.701712779623532609e-02	7.029006703576623494e-02
1.023188400188092373e+03	2.752064962227711020e-01	1.786945435336485255e-01	2.365379988161044611e-01	1.426794845430126579e-01	6.948676459169809971e-02	2.703902146289404937e-02	7.035569082982082167e-02
1.024639731252188767e+03	2.749582501330301576e-01	1.785317642465424903e-01	2.367137866271865621e-01	1.427837622762433423e-01	6.953034958761902806e-02	2.706088152462942861e-02	7.042120560469865287e-02
1.026091062316285615e+03	2.747104489643668601e-01	1.783692405515431845e-01	2.368892749540962850e-01	1.428878570026232420e-01	6.957385896584300511e-02	2.708270803974936747e-02	7.048661152172772115e-02
1.027542393380382237e+03	2.744630918713516499e-01	1.782069720908913690e-01	2.370644642875257280e-01	1.429917690746924375e-01	6.961729286685555684e-02	2.710450106645162505e-02	7.055190874218128516e-02
1.028993724444478858e+03	2.742161780103414825e-01	1.780449585071464669e-01	2.372393551174059867e-01	1.430954988441258957e-01	6.966065143082952882e-02	2.712626066282404144e-02	7.061709742727628747e-02
1.030445055508575479e+03	2.739697065394753883e-01	1.778831994431869790e-01	2.374139479329080427e-01	1.431990466617367730e-01	6.970393479762607147e-02	2.714798688684477365e-02	7.068217773817160599e-02
1.031896386572671872e+03	2.737236766186704195e-01	1.777216945422111227e-01	2.375882432224438456e-01	1.433024128774796346e-01	6.974714310679563933e-02	2.716967979638254538e-02	7.074714983596640250e-02
1.033347717636768493e+03	2.734780874096167658e-01	1.775604434477373594e-01	2.377622414736672574e-01	1.434055978404538134e-01	6.979027649757905960e-02	2.719133944919686560e-02	7.081201388169847122e-02
1.034799048700865114e+03	2.732329380757737014e-01	1.773994458036049493e-01	2.379359431734751062e-01	1.435086018989063794e-01	6.983333510890846196e-02	2.721296590293827491e-02	7.087677003634260120e-02
1.036250379764961508e+03	2.729882277823652004e-01	1.772387012539745343e-01	2.381093488080082698e-01	1.436114254002356094e-01	6.987631907940833331e-02	2.723455921514857450e-02	7.094141846080893876e-02
1.037701710829058356e+03	2.727439556963752731e-01	1.770782094433285547e-01	2.382824588626526185e-01	1.437140686909940124e-01	6.991922854739648918e-02	2.725611944326106206e-02	7.100595931594141930e-02
1.039153041893154750e+03	2.725001209865439145e-01	1.769179700164719427e-01	2.384552738220400148e-01	1.438165321168915489e-01	6.996206365088507295e-02	2.727764664460076427e-02	7.107039276251615745e-02
1.040604372957251599e+03	2.722567228233627734e-01	1.767579826185325109e-01	2.386277941700494232e-01	1.439188160227987123e-01	7.000482452758148566e-02	2.729914087638466574e-02	7.113471896123987892e-02
1.042055704021347992e+03	2.720137603790705461e-01	1.765982468949615913e-01	2.388000203898077434e-01	1.440209207527497204e-01	7.004751131488944071e-02	2.732060219572193457e-02	7.119893807274839392e-02
1.043507035085444613e+03	2.717712328276489786e-01	1.764387624915344510e-01	2.389719529636910866e-01	1.441228466499456795e-01	7.009012414990992146e-02	2.734203065961417559e-02	7.126305025760500123e-02
1.044958366149541234e+03	2.715291393448185375e-01	1.762795290543509030e-01	2.391435923733255253e-01	1.442245940567575269e-01	7.013266316944211098e-02	2.736342632495564198e-02	7.132705567629903098e-02
1.046409697213637855e+03	2.712874791080339132e-01	1.761205462298357227e-01	2.393149390995883141e-01	1.443261633147292222e-01	7.017512850998436358e-02	2.738478924853346430e-02	7.139095448924427656e-02
1.047861028277734476e+03	2.710462512964799120e-01	1.759618136647392583e-01	2.394859936226086949e-01	1.444275547645808289e-01	7.021752030773521780e-02	2.740611948702788986e-02	7.145474685677752347e-02
1.049312359341831097e+03	2.708054550910671265e-01	1.758033310061377086e-01	2.396567564217691459e-01	1.445287687462114279e-01	7.025983869859431241e-02	2.742741709701250474e-02	7.151843293915709221e-02
1.050763690405927491e+03	2.705650896744277722e-01	1.756450979014339830e-01	2.398272279757061864e-01	1.446298055987022546e-01	7.030208381816331620e-02	2.744868213495446282e-02	7.158201289656136723e-02
1.052215021470024112e+03	2.703251542309113575e-01	1.754871139983577855e-01	2.399974087623115426e-01	1.447306656603196962e-01	7.034425580174689940e-02	2.746991465721471126e-02	7.164548688908731200e-02
1.053666352534120733e+03	2.700856479465806870e-01	1.753293789449664186e-01	2.401672992587329525e-01	1.448313492685182891e-01	7.038635478435364967e-02	2.749111472004822296e-02	7.170885507674909509e-02
1.055117683598217127e+03	2.698465700092072539e-01	1.751718923896450619e-01	2.403368999413754148e-01	1.449318567599436336e-01	7.042838090069708512e-02	2.751228237960421513e-02	7.177211761947663304e-02
1.056569014662313975e+03	2.696079196082673546e-01	1.750146539811074098e-01	2.405062112859020496e-01	1.450321884704354469e-01	7.047033428519645926e-02	2.753341769192638525e-02	7.183527467711420256e-02
1.058020345726410369e+03	2.693696959349379250e-01	1.748576633683959491e-01	2.406752337672350972e-01	1.451323447350303664e-01	7.051221507197781568e-02	2.755452071295312264e-02	7.189832640941902497e-02
1.059471676790506763e+03	2.691318981820920442e-01	1.747009202008825701e-01	2.408439678595570288e-01	1.452323258879651136e-01	7.055402339487480690e-02	2.757559149851774444e-02	7.196127297605992013e-02
1.060923007854603611e+03	2.688945255442952709e-01	1.745444241282690101e-01	2.410124140363114342e-01	1.453321322626791590e-01	7.059575938742969348e-02	2.759663010434871416e-02	7.202411453661596019e-02
1.062374338918700232e+03	2.686575772178010357e-01	1.743881748005871868e-01	2.411805727702040769e-01	1.454317641918177473e-01	7.063742318289420452e-02	2.761763658606986027e-02	7.208685125057506804e-02
1.063825669982796853e+03	2.684210524005467557e-01	1.742321718681998644e-01	2.413484445332039763e-01	1.455312220072347840e-01	7.067901491423046745e-02	2.763861099920060169e-02	7.214948327733272659e-02
1.065277001046893474e+03	2.681849502921496708e-01	1.740764149818008755e-01	2.415160297965442127e-01	1.456305060399956663e-01	7.072053471411191006e-02	2.765955339915618372e-02	7.221201077619064657e-02
1.066728332110990095e+03	2.679492700939027361e-01	1.739209037924157042e-01	2.416833290307231208e-01	1.457296166203801424e-01	7.076198271492416259e-02	2.768046384124787582e-02	7.227443390635550358e-02
1.068179663175086489e+03	2.677140110087704028e-01	1.737656379514018468e-01	2.418503427055051225e-01	1.458285540778850864e-01	7.080335904876594588e-02	2.770134238068321791e-02	7.233675282693755038e-02
1.069630994239183110e+03	2.674791722413848438e-01	1.736106171104493390e-01	2.420170712899219478e-01	1.459273187412274964e-01	7.084466384744995959e-02	2.772218907256621123e-02	7.239896769694940948e-02
1.071082325303279504e+03	2.672447529980414016e-01	1.734558409215810892e-01	2.421835152522734680e-01	1.460259109383471032e-01	7.088589724250379809e-02	2.774300397189755768e-02	7.246107867530482416e-02
1.072533656367376352e+03	2.670107524866950355e-01	1.733013090371532949e-01	2.423496750601286664e-01	1.461243309964092019e-01	7.092705936517081089e-02	2.776378713357487843e-02	7.252308592081736782e-02
1.073984987431472746e+03	2.667771699169558808e-01	1.731470211098559697e-01	2.425155511803267772e-01	1.462225792418075376e-01	7.096815034641094921e-02	2.778453861239292902e-02	7.258498959219922275e-02
1.075436318495569594e+03	2.665440045000854186e-01	1.729929767927132211e-01	2.426811440789781449e-01	1.463206560001669987e-01	7.100917031690173742e-02	2.780525846304381099e-02	7.264678984805994499e-02
1.076887649559666215e+03	2.663112554489924788e-01	1.728391757390837502e-01	2.428464542214653354e-01	1.464185615963462528e-01	7.105011940703903628e-02	2.782594674011720434e-02	7.270848684690522923e-02
1.078338980623762609e+03	2.660789219782290216e-01	1.726856176026612399e-01	2.430114820724440516e-01	1.465162963544406338e-01	7.109099774693795892e-02	2.784660349810056876e-02	7.277008074713581243e-02
1.079790311687859230e+03	2.658470033039863067e-01	1.725323020374747440e-01	2.431762280958441325e-01	1.466138605977848064e-01	7.113180546643374513e-02	2.786722879137936565e-02	7.283157170704614158e-02
1.081241642751955851e+03	2.656154986440908972e-01	1.723792286978891031e-01	2.433406927548706078e-01	1.467112546489554026e-01	7.117254269508258013e-02	2.788782267423728020e-02	7.289295988482331901e-02
1.082692973816052472e+03	2.653844072180006619e-01	1.722263972386052500e-01	2.435048765120046699e-01	1.468084788297738252e-01	7.121320956216246889e-02	2.790838520085642954e-02	7.295424543854589494e-02
1.084144304880149093e+03	2.651537282468006129e-01	1.720738073146607372e-01	2.436687798290045892e-01	1.469055334613088293e-01	7.125380619667412430e-02	2.792891642531757784e-02	7.301542852618268797e-02
1.085595635944245487e+03	2.649234609531993523e-01	1.719214585814300145e-01	2.438324031669067693e-01	1.470024188638791585e-01	7.129433272734175819e-02	2.794941640160035143e-02	7.307650930559171643e-02
1.087046967008342108e+03	2.646936045615247424e-01	1.717693506946248727e-01	2.439957469860267736e-01	1.470991353570563487e-01	7.133478928261392793e-02	2.796988518358344347e-02	7.313748793451904651e-02
1.088498298072438729e+03	2.644641582977202421e-01	1.716174833102947217e-01	2.441588117459602414e-01	1.471956832596671150e-01	7.137517599066439677e-02	2.799032282504484992e-02	7.319836457059764045e-02
1.089949629136535123e+03	2.642351213893407436e-01	1.714658560848270619e-01	2.443215979055839426e-01	1.472920628897961826e-01	7.141549297939293883e-02	2.801072937966206031e-02	7.325913937134630183e-02
1.091400960200631971e+03	2.640064930655488529e-01	1.713144686749478174e-01	2.444841059230567215e-01	1.473882745647887849e-01	7.145574037642624110e-02	2.803110490101227634e-02	7.331981249416860691e-02
1.092852291264728365e+03	2.637782725571108933e-01	1.711633207377216692e-01	2.446463362558204124e-01	1.474843186012532170e-01	7.149591830911862511e-02	2.805144944257262352e-02	7.338038409635179449e-02
1.094303622328825213e+03	2.635504590963932414e-01	1.710124119305524437e-01	2.448082893606010335e-01	1.475801953150635004e-01	7.153602690455294899e-02	2.807176305772035932e-02	7.344085433506569727e-02
1.095754953392921607e+03	2.633230519173581086e-01	1.708617419111834734e-01	2.449699656934095637e-01	1.476759050213618807e-01	7.157606628954137074e-02	2.809204579973309523e-02	7.350122336736171491e-02
1.097206284457018228e+03	2.630960502555597658e-01	1.707113103376979302e-01	2.451313657095430532e-01	1.477714480345614367e-01	7.161603659062622251e-02	2.811229772178898759e-02	7.356149135017173157e-02
1.098657615521114849e+03	2.628694533481409912e-01	1.705611168685191303e-01	2.452924898635855666e-01	1.478668246683485232e-01	7.165593793408077394e-02	2.813251887696695958e-02	7.362165844030715833e-02
1.100108946585211470e+03	2.626432604338287402e-01	1.704111611624109512e-01	2.454533386094091829e-01	1.479620352356853796e-01	7.169577044591005088e-02	2.815270931824690598e-02	7.368172479445783685e-02
1.101560277649308091e+03	2.624174707529307593e-01	1.702614428784780809e-01	2.456139124001749108e-01	1.480570800488125449e-01	7.173553425185164034e-02	2.817286909850990478e-02	7.374169056919112342e-02
1.103011608713404712e+03	2.621920835473315892e-01	1.701119616761664621e-01	2.457742116883337713e-01	1.481519594192514389e-01	7.177522947737650927e-02	2.819299827053841842e-02	7.380155592095079264e-02
1.104462939777501106e+03	2.619670980604887345e-01	1.699627172152634869e-01	2.459342369256276584e-01	1.482466736578068045e-01	7.181485624768975395e-02	2.821309688701650192e-02	7.386132100605612150e-02
1.105914270841597499e+03	2.617425135374286116e-01	1.698137091558984679e-01	2.460939885630904767e-01	1.483412230745691784e-01	7.185441468773143270e-02	2.823316500053001457e-02	7.392098598070089011e-02
1.107365601905694348e+03	2.615183292247434399e-01	1.696649371585427779e-01	2.462534670510489188e-01	1.484356079789173055e-01	7.189390492217734296e-02	2.825320266356682111e-02	7.398055100095245196e-02
1.108816932969790741e+03	2.612945443705866899e-01	1.695164008840103487e-01	2.464126728391237142e-01	1.485298286795206923e-01	7.193332707543977078e-02	2.827320992851699646e-02	7.404001622275076244e-02
1.110268264033887590e+03	2.610711582246700857e-01	1.693680999934579490e-01	2.465716063762303512e-01	1.486238854843418555e-01	7.197268127166836504e-02	2.829318684767303735e-02	7.409938180190740742e-02
1.111719595097984211e+03	2.608481700382591084e-01	1.692200341483852954e-01	2.467302681105801310e-01	1.487177787006389029e-01	7.201196763475078977e-02	2.831313347323006005e-02	7.415864789410471503e-02
1.113170926162080832e+03	2.606255790641697767e-01	1.690722030106356355e-01	2.468886584896812231e-01	1.488115086349679206e-01	7.205118628831362615e-02	2.833304985728600164e-02	7.421781465489483975e-02
1.114622257226177226e+03	2.604033845567647609e-01	1.689246062423958306e-01	2.470467779603395253e-01	1.489050755931852210e-01	7.209033735572302481e-02	2.835293605184183510e-02	7.427688223969881876e-02
1.116073588290273847e+03	2.601815857719494418e-01	1.687772435061968557e-01	2.472046269686598297e-01	1.489984798804499244e-01	7.212942096008555237e-02	2.837279210880176011e-02	7.433585080380571142e-02
1.117524919354370468e+03	2.599601819671685798e-01	1.686301144649138273e-01	2.473622059600464884e-01	1.490917218012261236e-01	7.216843722424894081e-02	2.839261807997341125e-02	7.439472050237172507e-02
1.118976250418467089e+03	2.597391724014023739e-01	1.684832187817665583e-01	2.475195153792046354e-01	1.491848016592854098e-01	7.220738627080279526e-02	2.841241401706805225e-02	7.445349149041922965e-02
1.120427581482563710e+03	2.595185563351627978e-01	1.683365561203196969e-01	2.476765556701411575e-01	1.492777197577091486e-01	7.224626822207942667e-02	2.843217997170079461e-02	7.451216392283606382e-02
1.121878912546660331e+03	2.592983330304900469e-01	1.681901261444830320e-01	2.478333272761654438e-01	1.493704763988907003e-01	7.228508320015455957e-02	2.845191599539078145e-02	7.457073795437450803e-02
1.123330243610756725e+03	2.590785017509487642e-01	1.680439285185117704e-01	2.479898306398906072e-01	1.494630718845379458e-01	7.232383132684808147e-02	2.847162213956139221e-02	7.462921373965053506e-02
1.124781574674853118e+03	2.588590617616243206e-01	1.678979629070067869e-01	2.481460662032343445e-01	1.495555065156754515e-01	7.236251272372477839e-02	2.849129845554044388e-02	7.468759143314299132e-02
1.126232905738949967e+03	2.586400123291193176e-01	1.677522289749149575e-01	2.483020344074198804e-01	1.496477805926467730e-01	7.240112751209513975e-02	2.851094499456038878e-02	7.474587118919270856e-02
1.127684236803046360e+03	2.584213527215497574e-01	1.676067263875293811e-01	2.484577356929769665e-01	1.497398944151167588e-01	7.243967581301602454e-02	2.853056180775851575e-02	7.480405316200168520e-02
1.129135567867143209e+03	2.582030822085417676e-01	1.674614548104896850e-01	2.486131704997428526e-01	1.498318482820738817e-01	7.247815774729142457e-02	2.855014894617714794e-02	7.486213750563233682e-02
1.130586898931239830e+03	2.579852000612275487e-01	1.673164139097821634e-01	2.487683392668632865e-01	1.499236424918323762e-01	7.251657343547321388e-02	2.856970646076383707e-02	7.492012437400663583e-02
1.132038229995336451e+03	2.577677055522420990e-01	1.671716033517401667e-01	2.489232424327934012e-01	1.500152773420345698e-01	7.255492299786184263e-02	2.858923440237156818e-02	7.497801392090538974e-02
1.133489561059432845e+03	2.575505979557194403e-01	1.670270228030443227e-01	2.490778804352986875e-01	1.501067531296531310e-01	7.259320655450710036e-02	2.860873282175893997e-02	7.503580629996738083e-02
1.134940892123529466e+03	2.573338765472891754e-01	1.668826719307227313e-01	2.492322537114559922e-01	1.501980701509932348e-01	7.263142422520882380e-02	2.862820176959038343e-02	7.509350166468867216e-02
1.136392223187626087e+03	2.571175406040727696e-01	1.667385504021512421e-01	2.493863626976545456e-01	1.502892287016947270e-01	7.266957612951759071e-02	2.864764129643633875e-02	7.515110016842180274e-02
1.137843554251722708e+03	2.569015894046799975e-01	1.665946578850536763e-01	2.495402078295968218e-01	1.503802290767345395e-01	7.270766238673548321e-02	2.866705145277346697e-02	7.520860196437503808e-02
1.139294885315819101e+03	2.566860222292055571e-01	1.664509940475021044e-01	2.496937895422995102e-01	1.504710715704286050e-01	7.274568311591673997e-02	2.868643228898482347e-02	7.526600720561167635e-02
1.140746216379915950e+03	2.564708383592254060e-01	1.663075585579170401e-01	2.498471082700944867e-01	1.505617564764342720e-01	7.278363843586854731e-02	2.870578385536007304e-02	7.532331604504922951e-02
1.142197547444012343e+03	2.562560370777931529e-01	1.661643510850676630e-01	2.500001644466298134e-01	1.506522840877523306e-01	7.282152846515167754e-02	2.872510620209567378e-02	7.538052863545878501e-02
1.143648878508108737e+03	2.560416176694366164e-01	1.660213712980720957e-01	2.501529585048706816e-01	1.507426546967292058e-01	7.285935332208119675e-02	2.874439937929506791e-02	7.543764512946422862e-02
1.145100209572205586e+03	2.558275794201543829e-01	1.658786188663975980e-01	2.503054908771003562e-01	1.508328685950591774e-01	7.289711312472721416e-02	2.876366343696888303e-02	7.549466567954156437e-02
1.146551540636302207e+03	2.556139216174121986e-01	1.657360934598607338e-01	2.504577619949210909e-01	1.509229260737863232e-01	7.293480799091553446e-02	2.878289842503511942e-02	7.555159043801824847e-02
1.148002871700398828e+03	2.554006435501395278e-01	1.655937947486276762e-01	2.506097722892550173e-01	1.510128274233068779e-01	7.297243803822837938e-02	2.880210439331933395e-02	7.560841955707242601e-02
1.149454202764495449e+03	2.551877445087261109e-01	1.654517224032143463e-01	2.507615221903454206e-01	1.511025729333711765e-01	7.301000338400506773e-02	2.882128139155485519e-02	7.566515318873232032e-02
1.150905533828591842e+03	2.549752237850183012e-01	1.653098760944866630e-01	2.509130121277574066e-01	1.511921628930858463e-01	7.304750414534265379e-02	2.884042946938293953e-02	7.572179148487552525e-02
1.152356864892688463e+03	2.547630806723158448e-01	1.651682554936607095e-01	2.510642425303787895e-01	1.512815975909158894e-01	7.308494043909669058e-02	2.885954867635299667e-02	7.577833459722835285e-02
1.153808195956785084e+03	2.545513144653682724e-01	1.650268602723030664e-01	2.512152138264214241e-01	1.513708773146867081e-01	7.312231238188190985e-02	2.887863906192274926e-02	7.583478267736518119e-02
1.155259527020881706e+03	2.543399244603715137e-01	1.648856901023307564e-01	2.513659264434217055e-01	1.514600023515862703e-01	7.315962009007281885e-02	2.889770067545845145e-02	7.589113587670778815e-02
1.156710858084978327e+03	2.541289099549644548e-01	1.647447446560116879e-01	2.515163808082417907e-01	1.515489729881670800e-01	7.319686367980447750e-02	2.891673356623505539e-02	7.594739434652475474e-02
1.158162189149074720e+03	2.539182702482256082e-01	1.646040236059646833e-01	2.516665773470705414e-01	1.516377895103483142e-01	7.323404326697308120e-02	2.893573778343640213e-02	7.600355823793077115e-02
1.159613520213171569e+03	2.537080046406693379e-01	1.644635266251598116e-01	2.518165164854243576e-01	1.517264522034177388e-01	7.327115896723668254e-02	2.895471337615541929e-02	7.605962770188608169e-02
1.161064851277267962e+03	2.534981124342429726e-01	1.643232533869183609e-01	2.519661986481481764e-01	1.518149613520338725e-01	7.330821089601587126e-02	2.897366039339430849e-02	7.611560288919584638e-02
1.162516182341364356e+03	2.532885929323230312e-01	1.641832035649132548e-01	2.521156242594165264e-01	1.519033172402279308e-01	7.334519916849438492e-02	2.899257888406472569e-02	7.617148395050953036e-02
1.163967513405461204e+03	2.530794454397121140e-01	1.640433768331690523e-01	2.522647937427342502e-01	1.519915201514058789e-01	7.338212389961981663e-02	2.901146889698796513e-02	7.622727103632027934e-02
1.165418844469557826e+03	2.528706692626351837e-01	1.639037728660622806e-01	2.524137075209377246e-01	1.520795703683504030e-01	7.341898520410425344e-02	2.903033048089515358e-02	7.628296429696439229e-02
1.166870175533654447e+03	2.526622637087365675e-01	1.637643913383214356e-01	2.525623660161954720e-01	1.521674681732229639e-01	7.345578319642494247e-02	2.904916368442743077e-02	7.633856388262069692e-02
1.168321506597751068e+03	2.524542280870761823e-01	1.636252319250272591e-01	2.527107696500093259e-01	1.522552138475656569e-01	7.349251799082492931e-02	2.906796855613614367e-02	7.639406994330996681e-02
1.169772837661847461e+03	2.522465617081268152e-01	1.634862943016128778e-01	2.528589188432154855e-01	1.523428076723032376e-01	7.352918970131371024e-02	2.908674514448301995e-02	7.644948262889438018e-02
1.171224168725944082e+03	2.520392638837700150e-01	1.633475781438639696e-01	2.530068140159851264e-01	1.524302499277452039e-01	7.356579844166788451e-02	2.910549349784035192e-02	7.650480208907696478e-02
1.172675499790040703e+03	2.518323339272933725e-01	1.632090831279189302e-01	2.531544555878256775e-01	1.525175408935875720e-01	7.360234432543182048e-02	2.912421366449119420e-02	7.656002847340101503e-02
1.174126830854137097e+03	2.516257711533869124e-01	1.630708089302690122e-01	2.533018439775814312e-01	1.526046808489148476e-01	7.363882746591825235e-02	2.914290569262953032e-02	7.661516193124957852e-02
1.175578161918233945e+03	2.514195748781399287e-01	1.629327552277584079e-01	2.534489796034348208e-01	1.526916700722021070e-01	7.367524797620894628e-02	2.916156963036046698e-02	7.667020261184488705e-02
1.177029492982330339e+03	2.512137444190375435e-01	1.627949216975845825e-01	2.535958628829070305e-01	1.527785088413166903e-01	7.371160596915533880e-02	2.918020552570040754e-02	7.672515066424787089e-02
1.178480824046426733e+03	2.510082790949575982e-01	1.626573080172982744e-01	2.537424942328592725e-01	1.528651974335203945e-01	7.374790155737911967e-02	2.919881342657724976e-02	7.678000623735761754e-02
1.179932155110523581e+03	2.508031782261670450e-01	1.625199138648036057e-01	2.538888740694935087e-01	1.529517361254711105e-01	7.378413485327298127e-02	2.921739338083054888e-02	7.683476947991083050e-02
1.181383486174620202e+03	2.505984411343189500e-01	1.623827389183583325e-01	2.540350028083532830e-01	1.530381251932248499e-01	7.382030596900113206e-02	2.923594543621171188e-02	7.688944054048132970e-02
1.182834817238716823e+03	2.503940671424493281e-01	1.622457828565739835e-01	2.541808808643249984e-01	1.531243649122376316e-01	7.385641501649993501e-02	2.925446964038417100e-02	7.694401956747962124e-02
1.184286148302813444e+03	2.501900555749735910e-01	1.621090453584158597e-01	2.543265086516384721e-01	1.532104555573673144e-01	7.389246210747860144e-02	2.927296604092356411e-02	7.699850670915231454e-02
1.185737479366910065e+03	2.499864057576835219e-01	1.619725261032032571e-01	2.544718865838681010e-01	1.532963974028755394e-01	7.392844735341971840e-02	2.929143468531791861e-02	7.705290211358165053e-02
1.187188810431006686e+03	2.497831170177438609e-01	1.618362247706096879e-01	2.546170150739336946e-01	1.533821907224295067e-01	7.396437086557994256e-02	2.930987562096783530e-02	7.710720592868507139e-02
1.188640141495103080e+03	2.495801886836892802e-01	1.617001410406628259e-01	2.547618945341016405e-01	1.534678357891038902e-01	7.400023275499059694e-02	2.932828889518665147e-02	7.716141830221469322e-02
1.190091472559199701e+03	2.493776200854209979e-01	1.615642745937447000e-01	2.549065253759855154e-01	1.535533328753825866e-01	7.403603313245823991e-02	2.934667455520062820e-02	7.721553938175687581e-02
1.191542803623296322e+03	2.491754105542036690e-01	1.614286251105918890e-01	2.550509080105471393e-01	1.536386822531606855e-01	7.407177210856530358e-02	2.936503264814914124e-02	7.726956931473176471e-02
1.192994134687392716e+03	2.489735594226621662e-01	1.612931922722954659e-01	2.551950428480974087e-01	1.537238841937461631e-01	7.410744979367074603e-02	2.938336322108483362e-02	7.732350824839280545e-02
1.194445465751489564e+03	2.487720660247782767e-01	1.611579757603012752e-01	2.553389302982975173e-01	1.538089389678617969e-01	7.414306629791056480e-02	2.940166632097380994e-02	7.737735632982631340e-02
1.195896796815585958e+03	2.485709296958877879e-01	1.610229752564100170e-01	2.554825707701596227e-01	1.538938468456468589e-01	7.417862173119847691e-02	2.941994199469580989e-02	7.743111370595104348e-02
1.197348127879682352e+03	2.483701497726770180e-01	1.608881904427771903e-01	2.556259646720477341e-01	1.539786080966590587e-01	7.421411620322644620e-02	2.943819028904438515e-02	7.748478052351777390e-02
1.198799458943779200e+03	2.481697255931798740e-01	1.607536210019134826e-01	2.557691124116788228e-01	1.540632229898761529e-01	7.424954982346537724e-02	2.945641125072707284e-02	7.753835692910884814e-02
1.200250790007875821e+03	2.479696564967745487e-01	1.606192666166845473e-01	2.559120143961236549e-01	1.541476917936979163e-01	7.428492270116561491e-02	2.947460492636556906e-02	7.759184306913773088e-02
1.201702121071972442e+03	2.477699418241804119e-01	1.604851269703114203e-01	2.560546710318077346e-01	1.542320147759478066e-01	7.432023494535758279e-02	2.949277136249591272e-02	7.764523908984867495e-02
1.203153452136069063e+03	2.475705809174549854e-01	1.603512017463703532e-01	2.561970827245122484e-01	1.543161922038746858e-01	7.435548666485236602e-02	2.951091060556864515e-02	7.769854513731624945e-02
1.204604783200165684e+03	2.473715731199906953e-01	1.602174906287930078e-01	2.563392498793747865e-01	1.544002243441546796e-01	7.439067796824229417e-02	2.952902270194900092e-02	7.775176135744497896e-02
1.206056114264262078e+03	2.471729177765117635e-01	1.600839933018666228e-01	2.564811729008906749e-01	1.544841114628928702e-01	7.442580896390153800e-02	2.954710769791707436e-02	7.780488789596887167e-02
1.207507445328358699e+03	2.469746142330710992e-01	1.599507094502339855e-01	2.566228521929134754e-01	1.545678538256250456e-01	7.446087975998666453e-02	2.956516563966798961e-02	7.785792489845114184e-02
1.208958776392455093e+03	2.467766618370472453e-01	1.598176387588935432e-01	2.567642881586561510e-01	1.546514516973193920e-01	7.449589046443724771e-02	2.958319657331207053e-02	7.791087251028375182e-02
1.210410107456551941e+03	2.465790599371411873e-01	1.596847809131995422e-01	2.569054812006918431e-01	1.547349053423783261e-01	7.453084118497640964e-02	2.960120054487502816e-02	7.796373087668705126e-02
1.211861438520648335e+03	2.463818078833734659e-01	1.595521355988620271e-01	2.570464317209549265e-01	1.548182150246400213e-01	7.456573202911145892e-02	2.961917760029812718e-02	7.801650014270941624e-02
1.213312769584745183e+03	2.461849050270808470e-01	1.594197025019469527e-01	2.571871401207417862e-01	1.549013810073802677e-01	7.460056310413439029e-02	2.963712778543834206e-02	7.806918045322688848e-02
1.214764100648841804e+03	2.459883507209134623e-01	1.592874813088762664e-01	2.573276068007118167e-01	1.549844035533141096e-01	7.463533451712246747e-02	2.965505114606854786e-02	7.812177195294278675e-02
1.216215431712937971e+03	2.457921443188315902e-01	1.591554717064279090e-01	2.574678321608884213e-01	1.550672829245976214e-01	7.467004637493884767e-02	2.967294772787768334e-02	7.817427478638740157e-02
1.217666762777034819e+03	2.455962851761027688e-01	1.590236733817360637e-01	2.576078166006595671e-01	1.551500193828294349e-01	7.470469878423309507e-02	2.969081757647092090e-02	7.822668909791760661e-02
1.219118093841131440e+03	2.454007726492985764e-01	1.588920860222909903e-01	2.577475605187792285e-01	1.552326131890525152e-01	7.473929185144174980e-02	2.970866073736983318e-02	7.827901503171652564e-02
1.220569424905228061e+03	2.452056060962917450e-01	1.587607093159392746e-01	2.578870643133678864e-01	1.553150646037558535e-01	7.477382568278891084e-02	2.972647725601258034e-02	7.833125273179321335e-02
1.222020755969324682e+03	2.450107848762530516e-01	1.586295429508837174e-01	2.580263283819135833e-01	1.553973738868759669e-01	7.480830038428677720e-02	2.974426717775404891e-02	7.838340234198232226e-02
1.223472087033421303e+03	2.448163083496483483e-01	1.584985866156835010e-01	2.581653531212727559e-01	1.554795412977987845e-01	7.484271606173618918e-02	2.976203054786604948e-02	7.843546400594375578e-02
1.224923418097517697e+03	2.446221758782355649e-01	1.583678399992542729e-01	2.583041389276714561e-01	1.555615670953610641e-01	7.487707282072721127e-02	2.977976741153746595e-02	7.848743786716237680e-02
1.226374749161614318e+03	2.444283868250615721e-01	1.582373027908681173e-01	2.584426861967056843e-01	1.556434515378521954e-01	7.491137076663968719e-02	2.979747781387443936e-02	7.853932406894767460e-02
1.227826080225710712e+03	2.442349405544593788e-01	1.581069746801536668e-01	2.585809953233428327e-01	1.557251948830157551e-01	7.494561000464375344e-02	2.981516179990051363e-02	7.859112275443347340e-02
1.229277411289807560e+03	2.440418364320450229e-01	1.579768553570961021e-01	2.587190667019222956e-01	1.558067973880510881e-01	7.497979063970042213e-02	2.983281941455682637e-02	7.864283406657762709e-02
1.230728742353903954e+03	2.438490738247146850e-01	1.578469445120371517e-01	2.588569007261564692e-01	1.558882593096150015e-01	7.501391277656210832e-02	2.985045070270226156e-02	7.869445814816168616e-02
1.232180073418000802e+03	2.436566521006416075e-01	1.577172418356752592e-01	2.589944977891316946e-01	1.559695809038233183e-01	7.504797651977319906e-02	2.986805570911362645e-02	7.874599514179067561e-02
1.233631404482097196e+03	2.434645706292732914e-01	1.575877470190654717e-01	2.591318582833090911e-01	1.560507624262524595e-01	7.508198197367053905e-02	2.988563447848580079e-02	7.879744518989273416e-02
1.235082735546193817e+03	2.432728287813283874e-01	1.574584597536196340e-01	2.592689826005254439e-01	1.561318041319411098e-01	7.511592924238399971e-02	2.990318705543191374e-02	7.884880843471887835e-02
1.236534066610290438e+03	2.430814259287938650e-01	1.573293797311063336e-01	2.594058711319942034e-01	1.562127062753917439e-01	7.514981842983703419e-02	2.992071348448351042e-02	7.890008501834275267e-02
1.237985397674387059e+03	2.428903614449219872e-01	1.572005066436509002e-01	2.595425242683061517e-01	1.562934691105722085e-01	7.518364963974720483e-02	2.993821381009070803e-02	7.895127508266025496e-02
1.239436728738483680e+03	2.426996347042274793e-01	1.570718401837355449e-01	2.596789423994306789e-01	1.563740928909172490e-01	7.521742297562669655e-02	2.995568807662237973e-02	7.900237876938939752e-02
1.240888059802580301e+03	2.425092450824845036e-01	1.569433800441992766e-01	2.598151259147163938e-01	1.564545778693301747e-01	7.525113854078283038e-02	2.997313632836628994e-02	7.905339622006993250e-02
1.242339390866676695e+03	2.423191919567238839e-01	1.568151259182379575e-01	2.599510752028920679e-01	1.565349242981843025e-01	7.528479643831867407e-02	2.999055860952928171e-02	7.910432757606318532e-02
1.243790721930773088e+03	2.421294747052301077e-01	1.566870774994043314e-01	2.600867906520675787e-01	1.566151324293246216e-01	7.531839677113347231e-02	3.000795496423742242e-02	7.915517297855176326e-02
1.245242052994869937e+03	2.419400927075384400e-01	1.565592344816080783e-01	2.602222726497349092e-01	1.566952025140692095e-01	7.535193964192321570e-02	3.002532543653618421e-02	7.920593256853929176e-02
1.246693384058966330e+03	2.417510453444320917e-01	1.564315965591157875e-01	2.603575215827686473e-01	1.567751348032108138e-01	7.538542515318115422e-02	3.004267007039060008e-02	7.925660648685022014e-02
1.248144715123063179e+03	2.415623319979391947e-01	1.563041634265509294e-01	2.604925378374274847e-01	1.568549295470184346e-01	7.541885340719833852e-02	3.005998890968540962e-02	7.930719487412954405e-02
1.249596046187159800e+03	2.413739520513301373e-01	1.561769347788939666e-01	2.606273217993544944e-01	1.569345869952387673e-01	7.545222450606410558e-02	3.007728199822524290e-02	7.935769787084259730e-02
1.251047377251256421e+03	2.411859048891146218e-01	1.560499103114823538e-01	2.607618738535784630e-01	1.570141073970977574e-01	7.548553855166657833e-02	3.009454937973477656e-02	7.940811561727478818e-02
1.252498708315352815e+03	2.409981898970387226e-01	1.559230897200104549e-01	2.608961943845145570e-01	1.570934910013020158e-01	7.551879564569324854e-02	3.011179109785888305e-02	7.945844825353144680e-02
1.253950039379449436e+03	2.408108064620821387e-01	1.557964727005295147e-01	2.610302837759653216e-01	1.571727380560405118e-01	7.555199588963143476e-02	3.012900719616280754e-02	7.950869591953753368e-02
1.255401370443546057e+03	2.406237539724553065e-01	1.556700589494479092e-01	2.611641424111216248e-01	1.572518488089858779e-01	7.558513938476878191e-02	3.014619771813231014e-02	7.955885875503745930e-02
1.256852701507642678e+03	2.404370318175965693e-01	1.555438481635308956e-01	2.612977706725633231e-01	1.573308235072959638e-01	7.561822623219384421e-02	3.016336270717384985e-02	7.960893689959491759e-02
1.258304032571739299e+03	2.402506393881694013e-01	1.554178400399006676e-01	2.614311689422601503e-01	1.574096623976153353e-01	7.565125653279647366e-02	3.018050220661471633e-02	7.965893049259259451e-02
1.259755363635835920e+03	2.400645760760596048e-01	1.552920342760364392e-01	2.615643376015729937e-01	1.574883657260766623e-01	7.568423038726843077e-02	3.019761625970320343e-02	7.970883967323202923e-02
1.261206694699932314e+03	2.398788412743723952e-01	1.551664305697742774e-01	2.616972770312542829e-01	1.575669337383023005e-01	7.571714789610384244e-02	3.021470490960876873e-02	7.975866458053340602e-02
1.262658025764028707e+03	2.396934343774296539e-01	1.550410286193072973e-01	2.618299876114493774e-01	1.576453666794057351e-01	7.575000915959968772e-02	3.023176819942219318e-02	7.980840535333535990e-02
1.264109356828125556e+03	2.395083547807672075e-01	1.549158281231854395e-01	2.619624697216969555e-01	1.577236647939928849e-01	7.578281427785628355e-02	3.024880617215573372e-02	7.985806213029479628e-02
1.265560687892221949e+03	2.393236018811319421e-01	1.547908287803156646e-01	2.620947237409301800e-01	1.578018283261637400e-01	7.581556335077788145e-02	3.026581887074327945e-02	7.990763504988666888e-02
1.267012018956318798e+03	2.391391750764790547e-01	1.546660302899617589e-01	2.622267500474774193e-01	1.578798575195136944e-01	7.584825647807300064e-02	3.028280633804051464e-02	7.995712425040388260e-02
1.268463350020415419e+03	2.389550737659693336e-01	1.545414323517444177e-01	2.623585490190634140e-01	1.579577526171349611e-01	7.588089375925506641e-02	3.029976861682506448e-02	8.000652986995707150e-02
1.269914681084511813e+03	2.387712973499663272e-01	1.544170346656411619e-01	2.624901210328097756e-01	1.580355138616181265e-01	7.591347529364282642e-02	3.031670574979667201e-02	8.005585204647441833e-02
1.271366012148608434e+03	2.385878452300336239e-01	1.542928369319864212e-01	2.626214664652362085e-01	1.581131414950533720e-01	7.594600118036083647e-02	3.033361777957732999e-02	8.010509091770150192e-02
1.272817343212705055e+03	2.384047168089320767e-01	1.541688388514713404e-01	2.627525856922612313e-01	1.581906357590320555e-01	7.597847151833997392e-02	3.035050474871145432e-02	8.015424662120113064e-02
1.274268674276801676e+03	2.382219114906171664e-01	1.540450401251439172e-01	2.628834790892028983e-01	1.582679968946480997e-01	7.601088640631790960e-02	3.036736669966603325e-02	8.020331929435323137e-02
1.275720005340898297e+03	2.380394286802360870e-01	1.539214404544088366e-01	2.630141470307800211e-01	1.583452251424993240e-01	7.604324594283959349e-02	3.038420367483077658e-02	8.025230907435462746e-02
1.277171336404994690e+03	2.378572677841251926e-01	1.537980395410275536e-01	2.631445898911127235e-01	1.584223207426888602e-01	7.607555022625772656e-02	3.040101571651828219e-02	8.030121609821892770e-02
1.278622667469091539e+03	2.376754282098071935e-01	1.536748370871182101e-01	2.632748080437234961e-01	1.584992839348265126e-01	7.610779935473327429e-02	3.041780286696418520e-02	8.035004050277637366e-02
1.280073998533187932e+03	2.374939093659884648e-01	1.535518327951555795e-01	2.634048018615380848e-01	1.585761149580302287e-01	7.613999342623588296e-02	3.043456516832729677e-02	8.039878242467371483e-02
1.281525329597284326e+03	2.373127106625563532e-01	1.534290263679710387e-01	2.635345717168861568e-01	1.586528140509274598e-01	7.617213253854442090e-02	3.045130266268978800e-02	8.044744200037404203e-02
1.282976660661381175e+03	2.371318315105764019e-01	1.533064175087525682e-01	2.636641179815024105e-01	1.587293814516564650e-01	7.620421678924736708e-02	3.046801539205731824e-02	8.049601936615667641e-02
1.284427991725477568e+03	2.369512713222898803e-01	1.531840059210446692e-01	2.637934410265274088e-01	1.588058173978676990e-01	7.623624627574339396e-02	3.048470339835919127e-02	8.054451465811705846e-02
1.285879322789574417e+03	2.367710295111108143e-01	1.530617913087482518e-01	2.639225412225081890e-01	1.588821221267252282e-01	7.626822109524175608e-02	3.050136672344852182e-02	8.059292801216655366e-02
1.287330653853671038e+03	2.365911054916235157e-01	1.529397733761208023e-01	2.640514189393994848e-01	1.589582958749079789e-01	7.630014134476278964e-02	3.051800540910236739e-02	8.064125956403242479e-02
1.288781984917767431e+03	2.364114986795798068e-01	1.528179518277760773e-01	2.641800745465644473e-01	1.590343388786111811e-01	7.633200712113832886e-02	3.053461949702189829e-02	8.068950944925762370e-02
1.290233315981864052e+03	2.362322084918964671e-01	1.526963263686842431e-01	2.643085084127753115e-01	1.591102513735477009e-01	7.636381852101227496e-02	3.055120902883253636e-02	8.073767780320073584e-02
