1.001418434226643626e+03	2.796356981713372103e-01	1.806721921794881835e-01	2.337148048226541652e-01	1.410969602696754144e-01	6.883925021030444513e-02	2.669125488139050331e-02	6.934983946510066277e-02
1.002869765290740247e+03	2.793838310773485434e-01	1.805028213586608865e-01	2.338939482106175971e-01	1.412044073295155855e-01	6.888419822115875168e-02	2.671375707329237334e-02	6.941703672935689573e-02
1.004321096354836754e+03	2.791324108551671013e-01	1.803337201844229798e-01	2.340727829691107154e-01	1.413116675608912243e-01	6.892906899908061991e-02	2.673622577006431328e-02	6.948412366121373140e-02
1.005772427418933376e+03	2.788814366292754476e-01	1.801648883009875080e-01	2.342513096122906813e-01	1.414187413217557476e-01	6.897386268586561120e-02	2.675866102871075208e-02	6.955110042106496526e-02
1.007223758483029997e+03	2.786309075263438961e-01	1.799963253525699303e-01	2.344295286535085787e-01	1.415256289691547154e-01	6.901857942298980642e-02	2.678106290612484661e-02	6.961796716925899853e-02
1.008675089547126618e+03	2.783808226752223502e-01	1.798280309833916735e-01	2.346074406053104688e-01	1.416323308592295771e-01	6.906321935161086056e-02	2.680343145908876956e-02	6.968472406609706182e-02
1.010126420611223239e+03	2.781311812069326428e-01	1.796600048376836567e-01	2.347850459794383060e-01	1.417388473472215027e-01	6.910778261256916855e-02	2.682576674427398361e-02	6.975137127183143881e-02
1.011577751675319632e+03	2.778819822546607088e-01	1.794922465596898720e-01	2.349623452868309925e-01	1.418451787874748793e-01	6.915226934638894762e-02	2.684806881824154667e-02	6.981790894666378700e-02
1.013029082739416367e+03	2.776332249537485364e-01	1.793247557936707703e-01	2.351393390376252668e-01	1.419513255334411417e-01	6.919667969327934764e-02	2.687033773744237908e-02	6.988433725074331970e-02
1.014480413803512761e+03	2.773849084416866173e-01	1.791575321839067592e-01	2.353160277411566748e-01	1.420572879376823805e-01	6.924101379313556126e-02	2.689257355821753764e-02	6.995065634416514078e-02
1.015931744867609382e+03	2.771370318581063419e-01	1.789905753747016992e-01	2.354924119059606802e-01	1.421630663518750060e-01	6.928527178553986476e-02	2.691477633679852099e-02	7.001686638696859311e-02
1.017383075931706003e+03	2.768895943447720054e-01	1.788238850103862077e-01	2.356684920397734695e-01	1.422686611268133006e-01	6.932945380976275607e-02	2.693694612930753671e-02	7.008296753913551003e-02
1.018834406995802851e+03	2.766425950455732585e-01	1.786574607353211275e-01	2.358442686495330065e-01	1.423740726124129996e-01	6.937356000476399553e-02	2.695908299175777539e-02	7.014895996058861938e-02
1.020285738059899245e+03	2.763960331065176690e-01	1.784913021939007471e-01	2.360197422413801149e-01	1.424793011577149549e-01	6.941759050919368845e-02	2.698118698005369173e-02	7.021484381118987816e-02
1.021737069123995752e+03	2.761499076757230609e-01	1.783254090305563255e-01	2.361949133206592277e-01	1.425843471108885763e-01	6.946154546139336750e-02	2.700325814999128549e-02	7.028061925073887661e-02
1.023188400188092373e+03	2.759042179034098541e-01	1.781597808897592838e-01	2.363697823919195529e-01	1.426892108192354403e-01	6.950542499939703356e-02	2.702529655725838600e-02	7.034628643897118672e-02
1.024639731252188767e+03	2.756589629418936260e-01	1.779944174160243975e-01	2.365443499589160725e-01	1.427938926291927590e-01	6.954922926093222435e-02	2.704730225743489508e-02	7.041184553555676628e-02
1.026091062316285615e+03	2.754141419455777284e-01	1.778293182539132100e-01	2.367186165246102925e-01	1.428983928863368225e-01	6.959295838342105522e-02	2.706927530599309573e-02	7.047729670009848790e-02
1.027542393380382237e+03	2.751697540709457934e-01	1.776644830480371695e-01	2.368925825911715188e-01	1.430027119353865228e-01	6.963661250398124614e-02	2.709121575829790893e-02	7.054264009213048747e-02
1.028993724444478858e+03	2.749257984765544616e-01	1.774999114430608482e-01	2.370662486599776075e-01	1.431068501202067689e-01	6.968019175942717636e-02	2.711312366960715731e-02	7.060787587111663766e-02
1.030445055508575479e+03	2.746822743230257213e-01	1.773356030837050512e-01	2.372396152316161022e-01	1.432108077838119553e-01	6.972369628627092530e-02	2.713499909507185309e-02	7.067300419644902132e-02
1.031896386572671872e+03	2.744391807730399702e-01	1.771715576147501192e-01	2.374126828058851502e-01	1.433145852683692378e-01	6.976712622072328562e-02	2.715684208973645486e-02	7.073802522744643273e-02
1.033347717636768493e+03	2.741965169913284095e-01	1.770077746810389541e-01	2.375854518817944738e-01	1.434181829152020304e-01	6.981048169869477626e-02	2.717865270853914855e-02	7.080293912335289264e-02
1.034799048700865114e+03	2.739542821446659948e-01	1.768442539274800163e-01	2.377579229575663422e-01	1.435216010647933915e-01	6.985376285579668332e-02	2.720043100631209382e-02	7.086774604333616334e-02
1.036250379764961508e+03	2.737124754018640527e-01	1.766809949990506834e-01	2.379300965306366811e-01	1.436248400567892436e-01	6.989696982734205921e-02	2.722217703778171544e-02	7.093244614648629154e-02
1.037701710829058356e+03	2.734710959337633418e-01	1.765179975407999979e-01	2.381019730976558502e-01	1.437279002300017594e-01	6.994010274834670804e-02	2.724389085756895312e-02	7.099703959181412338e-02
1.039153041893154750e+03	2.732301429132267256e-01	1.763552611978518869e-01	2.382735531544898366e-01	1.438307819224126372e-01	6.998316175353018476e-02	2.726557252018952174e-02	7.106152653824994447e-02
1.040604372957251599e+03	2.729896155151320114e-01	1.761927856154081040e-01	2.384448371962210600e-01	1.439334854711764866e-01	7.002614697731683602e-02	2.728722208005419925e-02	7.112590714464195329e-02
1.042055704021347992e+03	2.727495129163650667e-01	1.760305704387512271e-01	2.386158257171495101e-01	1.440360112126239933e-01	7.006905855383674386e-02	2.730883959146905224e-02	7.119018156975498446e-02
1.043507035085444613e+03	2.725098342958127695e-01	1.758686153132476004e-01	2.387865192107936629e-01	1.441383594822651104e-01	7.011189661692672492e-02	2.733042510863573429e-02	7.125434997226902378e-02
1.044958366149541234e+03	2.722705788343555700e-01	1.757069198843503044e-01	2.389569181698914524e-01	1.442405306147924449e-01	7.015466130013130186e-02	2.735197868565171844e-02	7.131841251077787602e-02
1.046409697213637855e+03	2.720317457148611062e-01	1.755454837976020421e-01	2.391270230864011859e-01	1.443425249440843106e-01	7.019735273670367481e-02	2.737350037651057819e-02	7.138236934378777709e-02
1.047861028277734476e+03	2.717933341221769328e-01	1.753843066986379429e-01	2.392968344515027657e-01	1.444443428032080312e-01	7.023997105960667897e-02	2.739499023510222342e-02	7.144622062971611731e-02
1.049312359341831097e+03	2.715553432431235814e-01	1.752233882331885317e-01	2.394663527555984939e-01	1.445459845244229935e-01	7.028251640151381152e-02	2.741644831521318493e-02	7.150996652689003974e-02
1.050763690405927491e+03	2.713177722664879554e-01	1.750627280470826441e-01	2.396355784883140438e-01	1.446474504391839222e-01	7.032498889481009208e-02	2.743787467052684684e-02	7.157360719354513567e-02
1.052215021470024112e+03	2.710806203830162242e-01	1.749023257862500069e-01	2.398045121384995149e-01	1.447487408781439056e-01	7.036738867159308963e-02	2.745926935462371724e-02	7.163714278782418177e-02
1.053666352534120733e+03	2.708438867854070509e-01	1.747421810967242639e-01	2.399731541942304591e-01	1.448498561711575594e-01	7.040971586367382462e-02	2.748063242098167450e-02	7.170057346777580776e-02
1.055117683598217127e+03	2.706075706683048754e-01	1.745822936246456403e-01	2.401415051428087977e-01	1.449507966472841358e-01	7.045197060257774035e-02	2.750196392297622749e-02	7.176389939135323359e-02
1.056569014662313975e+03	2.703716712282931423e-01	1.744226630162636904e-01	2.403095654707637918e-01	1.450515626347905485e-01	7.049415301954563284e-02	2.752326391388076193e-02	7.182712071641303431e-02
1.058020345726410369e+03	2.701361876638876391e-01	1.742632889179401012e-01	2.404773356638531256e-01	1.451521544611545089e-01	7.053626324553458060e-02	2.754453244686680055e-02	7.189023760071383551e-02
1.059471676790506763e+03	2.699011191755297245e-01	1.741041709761513290e-01	2.406448162070638219e-01	1.452525724530674966e-01	7.057830141121884671e-02	2.756576957500424252e-02	7.195325020191516152e-02
1.060923007854603611e+03	2.696664649655797774e-01	1.739453088374912915e-01	2.408120075846132413e-01	1.453528169364377287e-01	7.062026764699086412e-02	2.758697535126162365e-02	7.201615867757613088e-02
1.062374338918700232e+03	2.694322242383103694e-01	1.737867021486740327e-01	2.409789102799500815e-01	1.454528882363934073e-01	7.066216208296209611e-02	2.760814982850636964e-02	7.207896318515430445e-02
1.063825669982796853e+03	2.691983961999001029e-01	1.736283505565364149e-01	2.411455247757553766e-01	1.455527866772853840e-01	7.070398484896399383e-02	2.762929305950502512e-02	7.214166388200445035e-02
1.065277001046893474e+03	2.689649800584265060e-01	1.734702537080406726e-01	2.413118515539434961e-01	1.456525125826903799e-01	7.074573607454884283e-02	2.765040509692352419e-02	7.220426092537741980e-02
1.066728332110990095e+03	2.687319750238598703e-01	1.733124112502770764e-01	2.414778910956630609e-01	1.457520662754138163e-01	7.078741588899072068e-02	2.767148599332741599e-02	7.226675447241889816e-02
1.068179663175086489e+03	2.684993803080567010e-01	1.731548228304664316e-01	2.416436438812980259e-01	1.458514480774928401e-01	7.082902442128639897e-02	2.769253580118212488e-02	7.232914468016833631e-02
1.069630994239183110e+03	2.682671951247531661e-01	1.729974880959627426e-01	2.418091103904687067e-01	1.459506583101991273e-01	7.087056180015621765e-02	2.771355457285318291e-02	7.239143170555774331e-02
1.071082325303279504e+03	2.680354186895587687e-01	1.728404066942556827e-01	2.419742911020326126e-01	1.460496972940418525e-01	7.091202815404495929e-02	2.773454236060649003e-02	7.245361570541059004e-02
1.072533656367376352e+03	2.678040502199498518e-01	1.726835782729730928e-01	2.421391864940855287e-01	1.461485653487705760e-01	7.095342361112276508e-02	2.775549921660854652e-02	7.251569683644067121e-02
1.073984987431472746e+03	2.675730889352631592e-01	1.725270024798835067e-01	2.423037970439625155e-01	1.462472627933781855e-01	7.099474829928598130e-02	2.777642519292668893e-02	7.257767525525098129e-02
1.075436318495569594e+03	2.673425340566898400e-01	1.723706789628986213e-01	2.424681232282388799e-01	1.463457899461035605e-01	7.103600234615810305e-02	2.779732034152934683e-02	7.263955111833268752e-02
1.076887649559666215e+03	2.671123848072686768e-01	1.722146073700757674e-01	2.426321655227312024e-01	1.464441471244345983e-01	7.107718587909055141e-02	2.781818471428626829e-02	7.270132458206396420e-02
1.078338980623762609e+03	2.668826404118801454e-01	1.720587873496203513e-01	2.427959244024983088e-01	1.465423346451109332e-01	7.111829902516361712e-02	2.783901836296876972e-02	7.276299580270900735e-02
1.079790311687859230e+03	2.666533000972398093e-01	1.719032185498881315e-01	2.429594003418421855e-01	1.466403528241267962e-01	7.115934191118729324e-02	2.785982133924996482e-02	7.282456493641691064e-02
1.081241642751955851e+03	2.664243630918926020e-01	1.717479006193878832e-01	2.431225938143091181e-01	1.467382019767337065e-01	7.120031466370210782e-02	2.788059369470501439e-02	7.288603213922068003e-02
1.082692973816052472e+03	2.661958286262061657e-01	1.715928332067835349e-01	2.432855052926904682e-01	1.468358824174434141e-01	7.124121740898003985e-02	2.790133548081134840e-02	7.294739756703610967e-02
1.084144304880149093e+03	2.659676959323649670e-01	1.714380159608965837e-01	2.434481352490240058e-01	1.469333944600304531e-01	7.128205027302532415e-02	2.792204674894891922e-02	7.300866137566085212e-02
1.085595635944245487e+03	2.657399642443639687e-01	1.712834485307084820e-01	2.436104841545945476e-01	1.470307384175350562e-01	7.132281338157531181e-02	2.794272755040041675e-02	7.306982372077334975e-02
1.087046967008342108e+03	2.655126327980026346e-01	1.711291305653629691e-01	2.437725524799351229e-01	1.471279146022657358e-01	7.136350686010127509e-02	2.796337793635152169e-02	7.313088475793187715e-02
1.088498298072438729e+03	2.652857008308787679e-01	1.709750617141682916e-01	2.439343406948279447e-01	1.472249233258021428e-01	7.140413083380930948e-02	2.798399795789113104e-02	7.319184464257351419e-02
1.089949629136535123e+03	2.650591675823826265e-01	1.708212416265994515e-01	2.440958492683054371e-01	1.473217648989976480e-01	7.144468542764112473e-02	2.800458766601158361e-02	7.325270353001318846e-02
1.091400960200631971e+03	2.648330322936907066e-01	1.706676699523006213e-01	2.442570786686511508e-01	1.474184396319820900e-01	7.148517076627487754e-02	2.802514711160890640e-02	7.331346157544271769e-02
1.092852291264728365e+03	2.646072942077599133e-01	1.705143463410871973e-01	2.444180293634007073e-01	1.475149478341643838e-01	7.152558697412600419e-02	2.804567634548302615e-02	7.337411893392986606e-02
1.094303622328825213e+03	2.643819525693213990e-01	1.703612704429481595e-01	2.445787018193430196e-01	1.476112898142351582e-01	7.156593417534802548e-02	2.806617541833801924e-02	7.343467576041734501e-02
1.095754953392921607e+03	2.641570066248747350e-01	1.702084419080482358e-01	2.447390965025210419e-01	1.477074658801695028e-01	7.160621249383336551e-02	2.808664438078233364e-02	7.349513220972191119e-02
1.097206284457018228e+03	2.639324556226820273e-01	1.700558603867300400e-01	2.448992138782329075e-01	1.478034763392294393e-01	7.164642205321418433e-02	2.810708328332900754e-02	7.355548843653349211e-02
1.098657615521114849e+03	2.637082988127621430e-01	1.699035255295163194e-01	2.450590544110327618e-01	1.478993214979666682e-01	7.168656297686315515e-02	2.812749217639591917e-02	7.361574459541421478e-02
1.100108946585211470e+03	2.634845354468844381e-01	1.697514369871119810e-01	2.452186185647319827e-01	1.479950016622250675e-01	7.172663538789431081e-02	2.814787111030598796e-02	7.367590084079748969e-02
1.101560277649308091e+03	2.632611647785633724e-01	1.695995944104062847e-01	2.453779068023999865e-01	1.480905171371432183e-01	7.176663940916377937e-02	2.816822013528742091e-02	7.373595732698720595e-02
1.103011608713404712e+03	2.630381860630524593e-01	1.694479974504750630e-01	2.455369195863653098e-01	1.481858682271571248e-01	7.180657516327063061e-02	2.818853930147392425e-02	7.379591420815677372e-02
1.104462939777501106e+03	2.628155985573385478e-01	1.692966457585825812e-01	2.456956573782165809e-01	1.482810552360026013e-01	7.184644277255768097e-02	2.820882865890493585e-02	7.385577163834829151e-02
1.105914270841597499e+03	2.625934015201362715e-01	1.691455389861838410e-01	2.458541206388034361e-01	1.483760784667179922e-01	7.188624235911221516e-02	2.822908825752584380e-02	7.391552977147167192e-02
1.107365601905694348e+03	2.623715942118819422e-01	1.689946767849264675e-01	2.460123098282376575e-01	1.484709382216464202e-01	7.192597404476680500e-02	2.824931814718822237e-02	7.397518876130380894e-02
1.108816932969790741e+03	2.621501758947281102e-01	1.688440588066528469e-01	2.461702254058940331e-01	1.485656348024385620e-01	7.196563795110011430e-02	2.826951837765002973e-02	7.403474876148768979e-02
1.110268264033887590e+03	2.619291458325377353e-01	1.686936847034021247e-01	2.463278678304113567e-01	1.486601685100549519e-01	7.200523419943764825e-02	2.828968899857585428e-02	7.409420992553168717e-02
1.111719595097984211e+03	2.617085032908788578e-01	1.685435541274121762e-01	2.464852375596935929e-01	1.487545396447685908e-01	7.204476291085253059e-02	2.830983005953711593e-02	7.415357240680858775e-02
1.113170926162080832e+03	2.614882475370186032e-01	1.683936667311216051e-01	2.466423350509105994e-01	1.488487485061672777e-01	7.208422420616625304e-02	2.832994161001230540e-02	7.421283635855485672e-02
1.114622257226177226e+03	2.612683778399177981e-01	1.682440221671717140e-01	2.467991607604993198e-01	1.489427953931561355e-01	7.212361820594948014e-02	2.835002369938718209e-02	7.427200193386988836e-02
1.116073588290273847e+03	2.610488934702253627e-01	1.680946200884085029e-01	2.469557151441646725e-01	1.490366806039601089e-01	7.216294503052278486e-02	2.837007637695500642e-02	7.433106928571511784e-02
1.117524919354370468e+03	2.608297937002727607e-01	1.679454601478846121e-01	2.471119986568805771e-01	1.491304044361261849e-01	7.220220479995738405e-02	2.839009969191675503e-02	7.439003856691331351e-02
1.118976250418467089e+03	2.606110778040685583e-01	1.677965419988610984e-01	2.472680117528909538e-01	1.492239671865260298e-01	7.224139763407592951e-02	2.841009369338132889e-02	7.444890993014777192e-02
1.120427581482563710e+03	2.603927450572927071e-01	1.676478652948094894e-01	2.474237548857106950e-01	1.493173691513582368e-01	7.228052365245324351e-02	2.843005843036578578e-02	7.450768352796155458e-02
1.121878912546660331e+03	2.601747947372912151e-01	1.674994296894136425e-01	2.475792285081266364e-01	1.494106106261508249e-01	7.231958297441708206e-02	2.844999395179554150e-02	7.456635951275678020e-02
1.123330243610756725e+03	2.599572261230709280e-01	1.673512348365714941e-01	2.477344330721986398e-01	1.495036919057634306e-01	7.235857571904881491e-02	2.846990030650458844e-02	7.462493803679381976e-02
1.124781574674853118e+03	2.597400384952938124e-01	1.672032803903970855e-01	2.478893690292603980e-01	1.495966132843898067e-01	7.239750200518424439e-02	2.848977754323571421e-02	7.468341925219061650e-02
1.126232905738949967e+03	2.595232311362716815e-01	1.670555660052222835e-01	2.480440368299206277e-01	1.496893750555601532e-01	7.243636195141431311e-02	2.850962571064070625e-02	7.474180331092192264e-02
1.127684236803046360e+03	2.593068033299607555e-01	1.669080913355986406e-01	2.481984369240639032e-01	1.497819775121434216e-01	7.247515567608578402e-02	2.852944485728056701e-02	7.480009036481861939e-02
1.129135567867143209e+03	2.590907543619564435e-01	1.667608560362991710e-01	2.483525697608517380e-01	1.498744209463495902e-01	7.251388329730203142e-02	2.854923503162573248e-02	7.485828056556698140e-02
1.130586898931239830e+03	2.588750835194879030e-01	1.666138597623202100e-01	2.485064357887235564e-01	1.499667056497320239e-01	7.255254493292377649e-02	2.856899628205627345e-02	7.491637406470798288e-02
1.132038229995336451e+03	2.586597900914128778e-01	1.664671021688830521e-01	2.486600354553976100e-01	1.500588319131897774e-01	7.259114070056973955e-02	2.858872865686211406e-02	7.497437101363663148e-02
1.133489561059432845e+03	2.584448733682121468e-01	1.663205829114358658e-01	2.488133692078720871e-01	1.501508000269698440e-01	7.262967071761737559e-02	2.860843220424323305e-02	7.503227156360127437e-02
1.134940892123529466e+03	2.582303326419848610e-01	1.661743016456552757e-01	2.489664374924259460e-01	1.502426102806693753e-01	7.266813510120365138e-02	2.862810697230987883e-02	7.509007586570291826e-02
1.136392223187626087e+03	2.580161672064425482e-01	1.660282580274482500e-01	2.491192407546200804e-01	1.503342629632380412e-01	7.270653396822568393e-02	2.864775300908276728e-02	7.514778407089457712e-02
1.137843554251722708e+03	2.578023763569046167e-01	1.658824517129536269e-01	2.492717794392981523e-01	1.504257583629801942e-01	7.274486743534148980e-02	2.866737036249330725e-02	7.520539632998061996e-02
1.139294885315819101e+03	2.575889593902926933e-01	1.657368823585439743e-01	2.494240539905877019e-01	1.505170967675570903e-01	7.278313561897066519e-02	2.868695908038379136e-02	7.526291279361611852e-02
1.140746216379915950e+03	2.573759156051257380e-01	1.655915496208272275e-01	2.495760648519009806e-01	1.506082784639891647e-01	7.282133863529509366e-02	2.870651921050761113e-02	7.532033361230623669e-02
1.142197547444012343e+03	2.571632443015148817e-01	1.654464531566482433e-01	2.497278124659360887e-01	1.506993037386582246e-01	7.285947660025964001e-02	2.872605080052945473e-02	7.537765893640555048e-02
1.143648878508108737e+03	2.569509447811581526e-01	1.653015926230906041e-01	2.498792972746779195e-01	1.507901728773096417e-01	7.289754962957285811e-02	2.874555389802551514e-02	7.543488891611747904e-02
1.145100209572205586e+03	2.567390163473355358e-01	1.651569676774781448e-01	2.500305197193990470e-01	1.508808861650544619e-01	7.293555783870764309e-02	2.876502855048369139e-02	7.549202370149363239e-02
1.146551540636302207e+03	2.565274583049041435e-01	1.650125779773765622e-01	2.501814802406608917e-01	1.509714438863716812e-01	7.297350134290198076e-02	2.878447480530380367e-02	7.554906344243322858e-02
1.148002871700398828e+03	2.563162699602926087e-01	1.648684231805950806e-01	2.503321792783145261e-01	1.510618463251103272e-01	7.301138025715957214e-02	2.880389270979778066e-02	7.560600828868248302e-02
1.149454202764495449e+03	2.561054506214965887e-01	1.647245029451880616e-01	2.504826172715017285e-01	1.511520937644916518e-01	7.304919469625054118e-02	2.882328231118986075e-02	7.566285838983405343e-02
1.150905533828591842e+03	2.558949995980735470e-01	1.645808169294565304e-01	2.506327946586558997e-01	1.512421864871112409e-01	7.308694477471210094e-02	2.884264365661680374e-02	7.571961389532640141e-02
1.152356864892688463e+03	2.556849162011377574e-01	1.644373647919496473e-01	2.507827118775033393e-01	1.513321247749411513e-01	7.312463060684926131e-02	2.886197679312809197e-02	7.577627495444327899e-02
1.153808195956785084e+03	2.554751997433555855e-01	1.642941461914664281e-01	2.509323693650638010e-01	1.514219089093319925e-01	7.316225230673545354e-02	2.888128176768612124e-02	7.583284171631315962e-02
1.155259527020881706e+03	2.552658495389402149e-01	1.641511607870572154e-01	2.510817675576517694e-01	1.515115391710151194e-01	7.319980998821322415e-02	2.890055862716640542e-02	7.588931432990859982e-02
1.156710858084978327e+03	2.550568649036470958e-01	1.640084082380251218e-01	2.512309068908773479e-01	1.516010158401045471e-01	7.323730376489487326e-02	2.891980741835777080e-02	7.594569294404579507e-02
1.158162189149074720e+03	2.548482451547688932e-01	1.638658882039275566e-01	2.513797877996472030e-01	1.516903391960992553e-01	7.327473375016314849e-02	2.893902818796255383e-02	7.600197770738395531e-02
1.159613520213171569e+03	2.546399896111306016e-01	1.637236003445778076e-01	2.515284107181656181e-01	1.517795095178851028e-01	7.331210005717189726e-02	2.895822098259680233e-02	7.605816876842486085e-02
1.161064851277267962e+03	2.544320975930846052e-01	1.635815443200464014e-01	2.516767760799354381e-01	1.518685270837368262e-01	7.334940279884670511e-02	2.897738584879046980e-02	7.611426627551221014e-02
1.162516182341364356e+03	2.542245684225063473e-01	1.634397197906626298e-01	2.518248843177590679e-01	1.519573921713202880e-01	7.338664208788556187e-02	2.899652283298761665e-02	7.617027037683123114e-02
1.163967513405461204e+03	2.540174014227889465e-01	1.632981264170159375e-01	2.519727358637394166e-01	1.520461050576943363e-01	7.342381803675950003e-02	2.901563198154659406e-02	7.622618122040808464e-02
1.165418844469557826e+03	2.538105959188386995e-01	1.631567638599574488e-01	2.521203311492808408e-01	1.521346660193129419e-01	7.346093075771324699e-02	2.903471334074024870e-02	7.628199895410935072e-02
1.166870175533654447e+03	2.536041512370704742e-01	1.630156317806012722e-01	2.522676706050903661e-01	1.522230753320271412e-01	7.349798036276586344e-02	2.905376695675611007e-02	7.633772372564161246e-02
1.168321506597751068e+03	2.533980667054025471e-01	1.628747298403259991e-01	2.524147546611783532e-01	1.523113332710870349e-01	7.353496696371140950e-02	2.907279287569658824e-02	7.639335568255087305e-02
1.169772837661847461e+03	2.531923416532524396e-01	1.627340577007760913e-01	2.525615837468595526e-01	1.523994401111438690e-01	7.357189067211954148e-02	2.909179114357916124e-02	7.644889497222213948e-02
1.171224168725944082e+03	2.529869754115318670e-01	1.625936150238632416e-01	2.527081582907541590e-01	1.524873961262518951e-01	7.360875159933616407e-02	2.911076180633656932e-02	7.650434174187888126e-02
1.172675499790040703e+03	2.527819673126420752e-01	1.624534014717676778e-01	2.528544787207889222e-01	1.525752015898703962e-01	7.364554985648406882e-02	2.912970490981701271e-02	7.655969613858264189e-02
1.174126830854137097e+03	2.525773166904694000e-01	1.623134167069395783e-01	2.530005454641978124e-01	1.526628567748656573e-01	7.368228555446354466e-02	2.914862049978433553e-02	7.661495830923248374e-02
1.175578161918233945e+03	2.523730228803805486e-01	1.621736603921004327e-01	2.531463589475231313e-01	1.527503619535129364e-01	7.371895880395303025e-02	2.916750862191820615e-02	7.667012840056459944e-02
1.177029492982330339e+03	2.521690852192177701e-01	1.620341321902442899e-01	2.532919195966165660e-01	1.528377173974983516e-01	7.375556971540969675e-02	2.918636932181433580e-02	7.672520655915184007e-02
1.178480824046426733e+03	2.519655030452946920e-01	1.618948317646392021e-01	2.534372278366401332e-01	1.529249233779208239e-01	7.379211839907011405e-02	2.920520264498463817e-02	7.678019293140327106e-02
1.179932155110523581e+03	2.517622756983914356e-01	1.617557587788283902e-01	2.535822840920670673e-01	1.530119801652939926e-01	7.382860496495081970e-02	2.922400863685743408e-02	7.683508766356372810e-02
1.181383486174620202e+03	2.515594025197502304e-01	1.616169128966315760e-01	2.537270887866828750e-01	1.530988880295482135e-01	7.386502952284898504e-02	2.924278734277762498e-02	7.688989090171338692e-02
1.182834817238716823e+03	2.513568828520708065e-01	1.614782937821462871e-01	2.538716423435863345e-01	1.531856472400323077e-01	7.390139218234298424e-02	2.926153880800689069e-02	7.694460279176736084e-02
1.184286148302813444e+03	2.511547160395058986e-01	1.613399010997491057e-01	2.540159451851902728e-01	1.532722580655155875e-01	7.393769305279300486e-02	2.928026307772388370e-02	7.699922347947522894e-02
1.185737479366910065e+03	2.509529014276567493e-01	1.612017345140969726e-01	2.541599977332228422e-01	1.533587207741896052e-01	7.397393224334168627e-02	2.929896019702439222e-02	7.705375311042073072e-02
1.187188810431006686e+03	2.507514383635687794e-01	1.610637936901282707e-01	2.543038004087282422e-01	1.534450356336701238e-01	7.401010986291468863e-02	2.931763021092154836e-02	7.710819183002126653e-02
1.188640141495103080e+03	2.505503261957270356e-01	1.609260782930642397e-01	2.544473536320678297e-01	1.535312029109990040e-01	7.404622602022131739e-02	2.933627316434599813e-02	7.716253978352750897e-02
1.190091472559199701e+03	2.503495642740516947e-01	1.607885879884100033e-01	2.545906578229211181e-01	1.536172228726459255e-01	7.408228082375510615e-02	2.935488910214608879e-02	7.721679711602304208e-02
1.191542803623296322e+03	2.501491519498937333e-01	1.606513224419559294e-01	2.547337134002864989e-01	1.537030957845103296e-01	7.411827438179439953e-02	2.937347806908805620e-02	7.727096397242397274e-02
1.192994134687392716e+03	2.499490885760306536e-01	1.605142813197787954e-01	2.548765207824825185e-01	1.537888219119232236e-01	7.415420680240299156e-02	2.939204010985619828e-02	7.732504049747852826e-02
1.194445465751489564e+03	2.497493735066618759e-01	1.603774642882428991e-01	2.550190803871487111e-01	1.538744015196490122e-01	7.419007819343063914e-02	2.941057526905307279e-02	7.737902683576670937e-02
1.195896796815585958e+03	2.495500060974046030e-01	1.602408710140012515e-01	2.551613926312464864e-01	1.539598348718872467e-01	7.422588866251372819e-02	2.942908359119966732e-02	7.743292313169988783e-02
1.197348127879682352e+03	2.493509857052893519e-01	1.601045011639967153e-01	2.553034579310603513e-01	1.540451222322745672e-01	7.426163831707580099e-02	2.944756512073557278e-02	7.748672952952048720e-02
1.198799458943779200e+03	2.491523116887557621e-01	1.599683544054631978e-01	2.554452767021985760e-01	1.541302638638863687e-01	7.429732726432819456e-02	2.946601990201918805e-02	7.754044617330159428e-02
1.200250790007875821e+03	2.489539834076481828e-01	1.598324304059267342e-01	2.555868493595943036e-01	1.542152600292386322e-01	7.433295561127054030e-02	2.948444797932788658e-02	7.759407320694661214e-02
1.201702121071972442e+03	2.487560002232114542e-01	1.596967288332066248e-01	2.557281763175065503e-01	1.543001109902897017e-01	7.436852346469140229e-02	2.950284939685817939e-02	7.764761077418894097e-02
1.203153452136069063e+03	2.485583614980866884e-01	1.595612493554165734e-01	2.558692579895212038e-01	1.543848170084420324e-01	7.440403093116886024e-02	2.952122419872592329e-02	7.770105901859161723e-02
1.204604783200165684e+03	2.483610665963069952e-01	1.594259916409657141e-01	2.560100947885516898e-01	1.544693783445439950e-01	7.443947811707100903e-02	2.953957242896647697e-02	7.775441808354698059e-02
1.206056114264262078e+03	2.481641148832932631e-01	1.592909553585598048e-01	2.561506871268404151e-01	1.545537952588915409e-01	7.447486512855659713e-02	2.955789413153489531e-02	7.780768811227632697e-02
1.207507445328358699e+03	2.479675057258499682e-01	1.591561401772021433e-01	2.562910354159593784e-01	1.546380680112300621e-01	7.451019207157555391e-02	2.957618935030609242e-02	7.786086924782967267e-02
1.208958776392455093e+03	2.477712384921609834e-01	1.590215457661947884e-01	2.564311400668112251e-01	1.547221968607560005e-01	7.454545905186957255e-02	2.959445812907502207e-02	7.791396163308532408e-02
1.210410107456551941e+03	2.475753125517853592e-01	1.588871717951394757e-01	2.565710014896301905e-01	1.548061820661186527e-01	7.458066617497267903e-02	2.961270051155686506e-02	7.796696541074962794e-02
1.211861438520648335e+03	2.473797272756534105e-01	1.587530179339387837e-01	2.567106200939833216e-01	1.548900238854218347e-01	7.461581354621175943e-02	2.963091654138718181e-02	7.801988072335666602e-02
1.213312769584745183e+03	2.471844820360622752e-01	1.586190838527970770e-01	2.568499962887708099e-01	1.549737225762256587e-01	7.465090127070712900e-02	2.964910626212211020e-02	7.807270771326793590e-02
1.214764100648841804e+03	2.469895762066719180e-01	1.584853692222215338e-01	2.569891304822276568e-01	1.550572783955480594e-01	7.468592945337310107e-02	2.966726971723853204e-02	7.812544652267210121e-02
1.216215431712937971e+03	2.467950091625011888e-01	1.583518737130232001e-01	2.571280230819242840e-01	1.551406915998667646e-01	7.472089819891851448e-02	2.968540695013423270e-02	7.817809729358463078e-02
1.217666762777034819e+03	2.466007802799236037e-01	1.582185969963179617e-01	2.572666744947675332e-01	1.552239624451207112e-01	7.475580761184731637e-02	2.970351800412809884e-02	7.823066016784759047e-02
1.219118093841131440e+03	2.464068889366632653e-01	1.580855387435275428e-01	2.574050851270015539e-01	1.553070911867118209e-01	7.479065779645908962e-02	2.972160292246027111e-02	7.828313528712926850e-02
1.220569424905228061e+03	2.462133345117908656e-01	1.579526986263803945e-01	2.575432553842089134e-01	1.553900780795066938e-01	7.482544885684959401e-02	2.973966174829232451e-02	7.833552279292403664e-02
1.222020755969324682e+03	2.460201163857197171e-01	1.578200763169128051e-01	2.576811856713114857e-01	1.554729233778381625e-01	7.486018089691126587e-02	2.975769452470744189e-02	7.838782282655193390e-02
1.223472087033421303e+03	2.458272339402016726e-01	1.576876714874697050e-01	2.578188763925713944e-01	1.555556273355070684e-01	7.489485402033384254e-02	2.977570129471058744e-02	7.844003552915851385e-02
1.224923418097517697e+03	2.456346865583232120e-01	1.575554838107057487e-01	2.579563279515920682e-01	1.556381902057838162e-01	7.492946833060486200e-02	2.979368210122866276e-02	7.849216104171453934e-02
1.226374749161614318e+03	2.454424736245012784e-01	1.574235129595861760e-01	2.580935407513188506e-01	1.557206122414099836e-01	7.496402393101016248e-02	2.981163698711069079e-02	7.854419950501571879e-02
1.227826080225710712e+03	2.452505945244796426e-01	1.572917586073877549e-01	2.582305151940404442e-01	1.558028936946000420e-01	7.499852092463446529e-02	2.982956599512798235e-02	7.859615105968251192e-02
1.229277411289807560e+03	2.450590486453247119e-01	1.571602204276996706e-01	2.583672516813896869e-01	1.558850348170428557e-01	7.503295941436188832e-02	2.984746916797430261e-02	7.864801584615983832e-02
1.230728742353903954e+03	2.448678353754216996e-01	1.570288980944244128e-01	2.585037506143441632e-01	1.559670358599033468e-01	7.506733950287645951e-02	2.986534654826603769e-02	7.869979400471681374e-02
1.232180073418000802e+03	2.446769541044706564e-01	1.568977912817787479e-01	2.586400123932278694e-01	1.560488970738241055e-01	7.510166129266267199e-02	2.988319817854237503e-02	7.875148567544659750e-02
1.233631404482097196e+03	2.444864042234827506e-01	1.567668996642945511e-01	2.587760374177112688e-01	1.561306187089269715e-01	7.513592488600596975e-02	2.990102410126544569e-02	7.880309099826608710e-02
1.235082735546193817e+03	2.442961851247762162e-01	1.566362229168196396e-01	2.589118260868130683e-01	1.562122010148145057e-01	7.517013038499328892e-02	2.991882435882051855e-02	7.885461011291575173e-02
1.236534066610290438e+03	2.441062962019725502e-01	1.565057607145187712e-01	2.590473787989007737e-01	1.562936442405717941e-01	7.520427789151358511e-02	2.993659899351615652e-02	7.890604315895936860e-02
1.237985397674387059e+03	2.439167368499927102e-01	1.563755127328742556e-01	2.591826959516916329e-01	1.563749486347678352e-01	7.523836750725834688e-02	2.995434804758437264e-02	7.895739027578382863e-02
1.239436728738483680e+03	2.437275064650533396e-01	1.562454786476871471e-01	2.593177779422536355e-01	1.564561144454570951e-01	7.527239933372208147e-02	2.997207156318080698e-02	7.900865160259892828e-02
1.240888059802580301e+03	2.435386044446628262e-01	1.561156581350777173e-01	2.594526251670065120e-01	1.565371419201811443e-01	7.530637347220286992e-02	2.998976958238488630e-02	7.905982727843713365e-02
1.242339390866676695e+03	2.433500301876175553e-01	1.559860508714865368e-01	2.595872380217225106e-01	1.566180313059701568e-01	7.534029002380285278e-02	3.000744214719999400e-02	7.911091744215342780e-02
1.243790721930773088e+03	2.431617830939982738e-01	1.558566565336751697e-01	2.597216169015276743e-01	1.566987828493444646e-01	7.537414908942874359e-02	3.002508929955362629e-02	7.916192223242508874e-02
1.245242052994869937e+03	2.429738625651661488e-01	1.557274747987270058e-01	2.598557622009023960e-01	1.567793967963160562e-01	7.540795076979230072e-02	3.004271108129756215e-02	7.921284178775146734e-02
1.246693384058966330e+03	2.427862680037591314e-01	1.555985053440480659e-01	2.599896743136828059e-01	1.568598733923901312e-01	7.544169516541091025e-02	3.006030753420802643e-02	7.926367624645387633e-02
1.248144715123063179e+03	2.425989988136882103e-01	1.554697478473677785e-01	2.601233536330612162e-01	1.569402128825665987e-01	7.547538237660803007e-02	3.007787869998583552e-02	7.931442574667532663e-02
1.249596046187159800e+03	2.424120544001336364e-01	1.553412019867397853e-01	2.602568005515873972e-01	1.570204155113415767e-01	7.550901250351367555e-02	3.009542462025659171e-02	7.936509042638036082e-02
1.251047377251256421e+03	2.422254341695412871e-01	1.552128674405426623e-01	2.603900154611694662e-01	1.571004815227088625e-01	7.554258564606497472e-02	3.011294533657081149e-02	7.941567042335491433e-02
1.252498708315352815e+03	2.420391375296190861e-01	1.550847438874807249e-01	2.605229987530748303e-01	1.571804111601615150e-01	7.557610190400659844e-02	3.013044089040410600e-02	7.946616587520614894e-02
1.253950039379449436e+03	2.418531638893331170e-01	1.549568310065846666e-01	2.606557508179310756e-01	1.572602046666932429e-01	7.560956137689128775e-02	3.014791132315733715e-02	7.951657691936223071e-02
1.255401370443546057e+03	2.416675126589041267e-01	1.548291284772125853e-01	2.607882720457270209e-01	1.573398622847999306e-01	7.564296416408036738e-02	3.016535667615677027e-02	7.956690369307221899e-02
1.256852701507642678e+03	2.414821832498038889e-01	1.547016359790502893e-01	2.609205628258133292e-01	1.574193842564810819e-01	7.567631036474421757e-02	3.018277699065425104e-02	7.961714633340588598e-02
1.258304032571739299e+03	2.412971750747515964e-01	1.545743531921124625e-01	2.610526235469040057e-01	1.574987708232412909e-01	7.570960007786269041e-02	3.020017230782734430e-02	7.966730497725353632e-02
1.259755363635835920e+03	2.411124875477101415e-01	1.544472797967429978e-01	2.611844545970767872e-01	1.575780222260917962e-01	7.574283340222573435e-02	3.021754266877950054e-02	7.971737976132592385e-02
1.261206694699932314e+03	2.409281200838826187e-01	1.543204154736160516e-01	2.613160563637745848e-01	1.576571387055517026e-01	7.577601043643375500e-02	3.023488811454021555e-02	7.976737082215404340e-02
1.262658025764028707e+03	2.407440720997087447e-01	1.541937599037363771e-01	2.614474292338059280e-01	1.577361205016496737e-01	7.580913127889812864e-02	3.025220868606519342e-02	7.981727829608901981e-02
1.264109356828125556e+03	2.405603430128613329e-01	1.540673127684402954e-01	2.615785735933461309e-01	1.578149678539251255e-01	7.584219602784175729e-02	3.026950442423648885e-02	7.986710231930195525e-02
1.265560687892221949e+03	2.403769322422426857e-01	1.539410737493963066e-01	2.617094898279383464e-01	1.578936810014299197e-01	7.587520478129942958e-02	3.028677536986267710e-02	7.991684302778379045e-02
1.267012018956318798e+03	2.401938392079810691e-01	1.538150425286056722e-01	2.618401783224943435e-01	1.579722601827295569e-01	7.590815763711834807e-02	3.030402156367899974e-02	7.996650055734519369e-02
1.268463350020415419e+03	2.400110633314272435e-01	1.536892187884032202e-01	2.619706394612955069e-01	1.580507056359047036e-01	7.594105469295864275e-02	3.032124304634753811e-02	8.001607504361640810e-02
1.269914681084511813e+03	2.398286040351509107e-01	1.535636022114578725e-01	2.621008736279936691e-01	1.581290175985525515e-01	7.597389604629375959e-02	3.033843985845734170e-02	8.006556662204714070e-02
1.271366012148608434e+03	2.396464607429373284e-01	1.534381924807732833e-01	2.622308812056122207e-01	1.582071963077883170e-01	7.600668179441101568e-02	3.035561204052460507e-02	8.011497542790647908e-02
1.272817343212705055e+03	2.394646328797837009e-01	1.533129892796886440e-01	2.623606625765469991e-01	1.582852420002464899e-01	7.603941203441198782e-02	3.037275963299281012e-02	8.016430159628269714e-02
1.274268674276801676e+03	2.392831198718958219e-01	1.531879922918791548e-01	2.624902181225670095e-01	1.583631549120823045e-01	7.607208686321303981e-02	3.038988267623288914e-02	8.021354526208319957e-02
1.275720005340898297e+03	2.391019211466846039e-01	1.530632012013566357e-01	2.626195482248155910e-01	1.584409352789731273e-01	7.610470637754573886e-02	3.040698121054337399e-02	8.026270656003441084e-02
1.277171336404994690e+03	2.389210361327626098e-01	1.529386156924703311e-01	2.627486532638112493e-01	1.585185833361197616e-01	7.613727067395736903e-02	3.042405527615054187e-02	8.031178562468165028e-02
1.278622667469091539e+03	2.387404642599407489e-01	1.528142354499072431e-01	2.628775336194486556e-01	1.585960993182479462e-01	7.616977984881133368e-02	3.044110491320857481e-02	8.036078259038904881e-02
1.280073998533187932e+03	2.385602049592247531e-01	1.526900601586929362e-01	2.630061896709995350e-01	1.586734834596096322e-01	7.620223399828765509e-02	3.045813016179970897e-02	8.040969759133941019e-02
1.281525329597284326e+03	2.383802576628118175e-01	1.525660895041920651e-01	2.631346217971134993e-01	1.587507359939842599e-01	7.623463321838339080e-02	3.047513106193439764e-02	8.045853076153419714e-02
1.282976660661381175e+03	2.382006218040873813e-01	1.524423231721089289e-01	2.632628303758191013e-01	1.588278571546802853e-01	7.626697760491316092e-02	3.049210765355144653e-02	8.050728223479335088e-02
1.284427991725477568e+03	2.380212968176214361e-01	1.523187608484880828e-01	2.633908157845247788e-01	1.589048471745363733e-01	7.629926725350950900e-02	3.050905997651816998e-02	8.055595214475526344e-02
1.285879322789574417e+03	2.378422821391655839e-01	1.521954022197148926e-01	2.635185784000197429e-01	1.589817062859228414e-01	7.633150225962342939e-02	3.052598807063054351e-02	8.060454062487665272e-02
1.287330653853671038e+03	2.376635772056494011e-01	1.520722469725160342e-01	2.636461185984746991e-01	1.590584347207428806e-01	7.636368271852475575e-02	3.054289197561335309e-02	8.065304780843254862e-02
1.288781984917767431e+03	2.374851814551772744e-01	1.519492947939601046e-01	2.637734367554431247e-01	1.591350327104339990e-01	7.639580872530268851e-02	3.055977173112033735e-02	8.070147382851612650e-02
1.290233315981864052e+03	2.373070943270249866e-01	1.518265453714582047e-01	2.639005332458620456e-01	1.592115004859692706e-01	7.642788037486611397e-02	3.057662737673435410e-02	8.074981881803869332e-02
