1.001418434226643626e+03	2.801764306886956324e-01	1.802709496640813869e-01	2.335657386239069488e-01	1.411155901257722389e-01	6.885610736955341538e-02	2.668793002650990398e-02	6.932725350142948662e-02
1.002869765290740247e+03	2.799259272428069045e-01	1.801004726530291977e-01	2.337440367236767180e-01	1.412232973283829018e-01	6.890118697811928317e-02	2.671062766893413792e-02	6.939445140499987674e-02
1.004321096354836754e+03	2.796758606255680402e-01	1.799302733922391040e-01	2.339220266744173604e-01	1.413308179559765176e-01	6.894618929701602783e-02	2.673329267174716362e-02	6.946153938298479935e-02
1.005772427418933376e+03	2.794262299979204389e-01	1.797603514968443283e-01	2.340997089960530630e-01	1.414381523603742419e-01	6.899111446607984754e-02	2.675592508868697775e-02	6.952851759399004961e-02
1.007223758483029997e+03	2.791770345230135120e-01	1.795907065819500048e-01	2.342770842076604687e-01	1.415453008925222356e-01	6.903596262484147650e-02	2.677852497338770177e-02	6.959538619657357206e-02
1.008675089547126618e+03	2.789282733661941904e-01	1.794213382626385633e-01	2.344541528274699527e-01	1.416522639024954122e-01	6.908073391252719797e-02	2.680109237937988720e-02	6.966214534924380919e-02
1.010126420611223239e+03	2.786799456949974885e-01	1.792522461539751422e-01	2.346309153728666497e-01	1.417590417395009073e-01	6.912542846806001007e-02	2.682362736009080359e-02	6.972879521045800832e-02
1.011577751675319632e+03	2.784320506791364558e-01	1.790834298710129724e-01	2.348073723603917307e-01	1.418656347518819638e-01	6.917004643006052778e-02	2.684612996884471608e-02	6.979533593862061180e-02
1.013029082739416367e+03	2.781845874904924076e-01	1.789148890287986793e-01	2.349835243057435408e-01	1.419720432871214022e-01	6.921458793684816257e-02	2.686860025886319073e-02	6.986176769208160553e-02
1.014480413803512761e+03	2.779375553031050439e-01	1.787466232423775003e-01	2.351593717237788206e-01	1.420782676918452281e-01	6.925905312644206613e-02	2.689103828326537549e-02	6.992809062913495077e-02
1.015931744867609382e+03	2.776909532931631786e-01	1.785786321267984478e-01	2.353349151285137053e-01	1.421843083118262963e-01	6.930344213656218499e-02	2.691344409506827781e-02	6.999430490801694660e-02
1.017383075931706003e+03	2.774447806389946924e-01	1.784109152971194712e-01	2.355101550331251126e-01	1.422901654919877246e-01	6.934775510463030146e-02	2.693581774718706648e-02	7.006041068690467555e-02
1.018834406995802851e+03	2.771990365210573737e-01	1.782434723684125921e-01	2.356850919499517416e-01	1.423958395764065854e-01	6.939199216777101886e-02	2.695815929243532486e-02	7.012640812391444933e-02
1.020285738059899245e+03	2.769537201219291478e-01	1.780763029557689558e-01	2.358597263904952390e-01	1.425013309083172919e-01	6.943615346281283018e-02	2.698046878352536315e-02	7.019229737710028227e-02
1.021737069123995752e+03	2.767088306262989184e-01	1.779094066743037994e-01	2.360340588654215588e-01	1.426066398301150673e-01	6.948023912628902010e-02	2.700274627306847863e-02	7.025807860445229536e-02
1.023188400188092373e+03	2.764643672209570191e-01	1.777427831391613366e-01	2.362080898845619059e-01	1.427117666833595255e-01	6.952424929443880297e-02	2.702499181357524705e-02	7.032375196389527294e-02
1.024639731252188767e+03	2.762203290947861101e-01	1.775764319655197820e-01	2.363818199569139855e-01	1.428167118087780574e-01	6.956818410320821100e-02	2.704720545745578630e-02	7.038931761328715009e-02
1.026091062316285615e+03	2.759767154387520183e-01	1.774103527685960691e-01	2.365552495906431962e-01	1.429214755462691611e-01	6.961204368825112121e-02	2.706938725702004792e-02	7.045477571041749987e-02
1.027542393380382237e+03	2.757335254458943008e-01	1.772445451636508185e-01	2.367283792930837405e-01	1.430260582349059117e-01	6.965582818493022688e-02	2.709153726447807720e-02	7.052012641300609008e-02
1.028993724444478858e+03	2.754907583113171965e-01	1.770790087659929180e-01	2.369012095707399013e-01	1.431304602129394032e-01	6.969953772831803673e-02	2.711365553194029082e-02	7.058536987870143997e-02
1.030445055508575479e+03	2.752484132321807997e-01	1.769137431909843794e-01	2.370737409292870135e-01	1.432346818178020231e-01	6.974317245319784642e-02	2.713574211141775785e-02	7.065050626507934917e-02
1.031896386572671872e+03	2.750064894076919564e-01	1.767487480540449463e-01	2.372459738735728796e-01	1.433387233861107279e-01	6.978673249406466828e-02	2.715779705482246342e-02	7.071553572964152379e-02
1.033347717636768493e+03	2.747649860390953824e-01	1.765840229706566455e-01	2.374179089076186855e-01	1.434425852536704848e-01	6.983021798512623057e-02	2.717982041396756893e-02	7.078045842981413316e-02
1.034799048700865114e+03	2.745239023296647263e-01	1.764195675563685617e-01	2.375895465346203328e-01	1.435462677554774635e-01	6.987362906030394893e-02	2.720181224056769306e-02	7.084527452294640815e-02
1.036250379764961508e+03	2.742832374846938537e-01	1.762553814268010832e-01	2.377608872569495213e-01	1.436497712257223669e-01	6.991696585323381452e-02	2.722377258623917898e-02	7.090998416630930890e-02
1.037701710829058356e+03	2.740429907114879660e-01	1.760914641976506767e-01	2.379319315761550258e-01	1.437530959977936507e-01	6.996022849726739323e-02	2.724570150250035447e-02	7.097458751709412317e-02
1.039153041893154750e+03	2.738031612193550512e-01	1.759278154846941056e-01	2.381026799929637505e-01	1.438562424042807153e-01	7.000341712547274164e-02	2.726759904077179913e-02	7.103908473241112020e-02
1.040604372957251599e+03	2.735637482195971693e-01	1.757644349037929543e-01	2.382731330072818399e-01	1.439592107769771256e-01	7.004653187063535069e-02	2.728946525237660806e-02	7.110347596928823233e-02
1.042055704021347992e+03	2.733247509255019025e-01	1.756013220708979028e-01	2.384432911181960657e-01	1.440620014468839416e-01	7.008957286525907548e-02	2.731130018854064159e-02	7.116776138466970880e-02
1.043507035085444613e+03	2.730861685523339188e-01	1.754384766020531949e-01	2.386131548239747435e-01	1.441646147442126880e-01	7.013254024156705124e-02	2.733310390039280641e-02	7.123194113541485295e-02
1.044958366149541234e+03	2.728480003173263668e-01	1.752758981134006633e-01	2.387827246220691479e-01	1.442670509983885463e-01	7.017543413150265086e-02	2.735487643896530527e-02	7.129601537829664826e-02
1.046409697213637855e+03	2.726102454396724384e-01	1.751135862211841143e-01	2.389520010091144009e-01	1.443693105380536024e-01	7.021825466673034533e-02	2.737661785519389032e-02	7.135998427000053712e-02
1.047861028277734476e+03	2.723729031405172640e-01	1.749515405417534919e-01	2.391209844809308593e-01	1.444713936910698437e-01	7.026100197863663355e-02	2.739832819991812676e-02	7.142384796712315798e-02
1.049312359341831097e+03	2.721359726429491976e-01	1.747897606915690127e-01	2.392896755325251978e-01	1.445733007845222684e-01	7.030367619833095827e-02	2.742000752388164611e-02	7.148760662617109629e-02
1.050763690405927491e+03	2.718994531719920449e-01	1.746282462872052743e-01	2.394580746580915187e-01	1.446750321447219378e-01	7.034627745664659426e-02	2.744165587773240642e-02	7.155126040355956618e-02
1.052215021470024112e+03	2.716633439545966255e-01	1.744669969453552794e-01	2.396261823510125732e-01	1.447765880972091135e-01	7.038880588414155037e-02	2.746327331202294206e-02	7.161480945561127243e-02
1.053666352534120733e+03	2.714276442196325023e-01	1.743060122828344605e-01	2.397939991038609830e-01	1.448779689667561710e-01	7.043126161109945771e-02	2.748485987721060314e-02	7.167825393855514760e-02
1.055117683598217127e+03	2.711923531978800983e-01	1.741452919165847046e-01	2.399615254084003224e-01	1.449791750773707089e-01	7.047364476753044393e-02	2.750641562365783652e-02	7.174159400852520019e-02
1.056569014662313975e+03	2.709574701220226478e-01	1.739848354636782668e-01	2.401287617555863119e-01	1.450802067522984906e-01	7.051595548317200757e-02	2.752794060163240783e-02	7.180482982155925176e-02
1.058020345726410369e+03	2.707229942266380918e-01	1.738246425413216556e-01	2.402957086355678451e-01	1.451810643140264145e-01	7.055819388748996168e-02	2.754943486130765826e-02	7.186796153359784056e-02
1.059471676790506763e+03	2.704889247481910841e-01	1.736647127668594359e-01	2.404623665376884600e-01	1.452817480842855113e-01	7.060036010967918330e-02	2.757089845276276471e-02	7.193098930048298645e-02
1.060923007854603611e+03	2.702552609250254978e-01	1.735050457577782812e-01	2.406287359504871715e-01	1.453822583840538862e-01	7.064245427866457094e-02	2.759233142598296537e-02	7.199391327795706674e-02
1.062374338918700232e+03	2.700220019973562091e-01	1.733456411317104429e-01	2.407948173616998311e-01	1.454825955335595500e-01	7.068447652310190510e-02	2.761373383085983027e-02	7.205673362166170604e-02
1.063825669982796853e+03	2.697891472072613261e-01	1.731864985064376639e-01	2.409606112582602377e-01	1.455827598522834443e-01	7.072642697137865309e-02	2.763510571719148337e-02	7.211945048713663819e-02
1.065277001046893474e+03	2.695566957986746393e-01	1.730276174998948979e-01	2.411261181263013031e-01	1.456827516589622451e-01	7.076830575161482950e-02	2.765644713468285582e-02	7.218206402981855452e-02
1.066728332110990095e+03	2.693246470173780160e-01	1.728689977301739455e-01	2.412913384511562453e-01	1.457825712715912769e-01	7.081011299166391215e-02	2.767775813294592879e-02	7.224457440504004901e-02
1.068179663175086489e+03	2.690930001109933523e-01	1.727106388155270900e-01	2.414562727173595880e-01	1.458822190074272884e-01	7.085184881911359145e-02	2.769903876149997293e-02	7.230698176802849431e-02
1.069630994239183110e+03	2.688617543289754108e-01	1.725525403743706221e-01	2.416209214086484924e-01	1.459816951829913945e-01	7.089351336128665859e-02	2.772028906977178769e-02	7.236928627390500079e-02
1.071082325303279504e+03	2.686309089226040503e-01	1.723947020252884765e-01	2.417852850079638960e-01	1.460810001140718239e-01	7.093510674524185211e-02	2.774150910709594423e-02	7.243148807768330644e-02
1.072533656367376352e+03	2.684004631449769529e-01	1.722371233870357843e-01	2.419493639974515942e-01	1.461801341157266954e-01	7.097662909777463502e-02	2.776269892271501435e-02	7.249358733426874979e-02
1.073984987431472746e+03	2.681704162510017420e-01	1.720798040785422311e-01	2.421131588584634897e-01	1.462790975022868478e-01	7.101808054541808302e-02	2.778385856577982038e-02	7.255558419845722917e-02
1.075436318495569594e+03	2.679407674973891540e-01	1.719227437189156382e-01	2.422766700715586197e-01	1.463778905873585889e-01	7.105946121444361996e-02	2.780498808534966060e-02	7.261747882493416184e-02
1.076887649559666215e+03	2.677115161426453227e-01	1.717659419274452370e-01	2.424398981165044320e-01	1.464765136838264148e-01	7.110077123086196160e-02	2.782608753039255561e-02	7.267927136827347090e-02
1.078338980623762609e+03	2.674826614470645625e-01	1.716093983236052500e-01	2.426028434722780069e-01	1.465749671038558133e-01	7.114201072042379559e-02	2.784715694978545653e-02	7.274096198293657223e-02
1.079790311687859230e+03	2.672542026727220410e-01	1.714531125270579992e-01	2.427655066170669729e-01	1.466732511588958454e-01	7.118317980862065575e-02	2.786819639231451207e-02	7.280255082327136140e-02
1.081241642751955851e+03	2.670261390834668402e-01	1.712970841576573477e-01	2.429278880282708941e-01	1.467713661596820041e-01	7.122427862068571314e-02	2.788920590667527330e-02	7.286403804351127000e-02
1.082692973816052472e+03	2.667984699449145736e-01	1.711413128354519475e-01	2.430899881825022701e-01	1.468693124162387675e-01	7.126530728159458095e-02	2.791018554147294342e-02	7.292542379777425254e-02
1.084144304880149093e+03	2.665711945244401693e-01	1.709857981806885141e-01	2.432518075555877846e-01	1.469670902378823196e-01	7.130626591606610554e-02	2.793113534522258939e-02	7.298670824006184277e-02
1.085595635944245487e+03	2.663443120911710427e-01	1.708305398138149356e-01	2.434133466225694431e-01	1.470646999332232141e-01	7.134715464856314360e-02	2.795205536634938134e-02	7.304789152425816834e-02
1.087046967008342108e+03	2.661178219159799907e-01	1.706755373554835198e-01	2.435746058577056561e-01	1.471621418101689283e-01	7.138797360329338093e-02	2.797294565318882154e-02	7.310897380412904878e-02
1.088498298072438729e+03	2.658917232714780310e-01	1.705207904265541585e-01	2.437355857344724874e-01	1.472594161759266107e-01	7.142872290421005410e-02	2.799380625398696990e-02	7.316995523332103790e-02
1.089949629136535123e+03	2.656660154320076850e-01	1.703662986480973529e-01	2.438962867255647926e-01	1.473565233370055239e-01	7.146940267501281085e-02	2.801463721690066258e-02	7.323083596536054951e-02
1.091400960200631971e+03	2.654406976736360391e-01	1.702120616413973220e-01	2.440567093028973289e-01	1.474534635992197917e-01	7.151001303914840401e-02	2.803543858999774444e-02	7.329161615365285820e-02
1.092852291264728365e+03	2.652157692741476946e-01	1.700580790279550281e-01	2.442168539376058933e-01	1.475502372676907592e-01	7.155055411981151026e-02	2.805621042125729103e-02	7.335229595148126669e-02
1.094303622328825213e+03	2.649912295130383288e-01	1.699043504294912577e-01	2.443767211000485162e-01	1.476468446468498230e-01	7.159102603994552116e-02	2.807695275856983072e-02	7.341287551200618988e-02
1.095754953392921607e+03	2.647670776715075336e-01	1.697508754679495357e-01	2.445363112598066269e-01	1.477432860404407633e-01	7.163142892224319547e-02	2.809766564973755973e-02	7.347335498826430833e-02
1.097206284457018228e+03	2.645433130324523763e-01	1.695976537654989846e-01	2.446956248856861360e-01	1.478395617515222693e-01	7.167176288914753335e-02	2.811834914247458503e-02	7.353373453316763841e-02
1.098657615521114849e+03	2.643199348804605719e-01	1.694446849445374048e-01	2.448546624457186849e-01	1.479356720824705484e-01	7.171202806285248421e-02	2.813900328440711515e-02	7.359401429950274132e-02
1.100108946585211470e+03	2.640969425018038219e-01	1.692919686276940783e-01	2.450134244071626444e-01	1.480316173349818243e-01	7.175222456530368220e-02	2.815962812307369265e-02	7.365419443992980708e-02
1.101560277649308091e+03	2.638743351844313190e-01	1.691395044378326273e-01	2.451719112365044473e-01	1.481273978100746957e-01	7.179235251819922337e-02	2.818022370592541959e-02	7.371427510698186358e-02
1.103011608713404712e+03	2.636521122179630860e-01	1.689872919980537902e-01	2.453301233994595876e-01	1.482230138080926907e-01	7.183241204299037341e-02	2.820079008032616574e-02	7.377425645306392998e-02
1.104462939777501106e+03	2.634302728936835369e-01	1.688353309316982520e-01	2.454880613609737583e-01	1.483184656287067360e-01	7.187240326088234488e-02	2.822132729355278369e-02	7.383413863045218406e-02
1.105914270841597499e+03	2.632088165045349815e-01	1.686836208623494482e-01	2.456457255852242116e-01	1.484137535709175171e-01	7.191232629283499100e-02	2.824183539279532737e-02	7.389392179129318505e-02
1.107365601905694348e+03	2.629877423451110752e-01	1.685321614138362012e-01	2.458031165356205916e-01	1.485088779330579201e-01	7.195218125956356903e-02	2.826231442515726722e-02	7.395360608760302712e-02
1.108816932969790741e+03	2.627670497116506576e-01	1.683809522102355238e-01	2.459602346748063217e-01	1.486038390127954745e-01	7.199196828153947569e-02	2.828276443765570178e-02	7.401319167126656218e-02
1.110268264033887590e+03	2.625467379020310354e-01	1.682299928758751173e-01	2.461170804646596599e-01	1.486986371071347401e-01	7.203168747899092728e-02	2.830318547722156935e-02	7.407267869403667826e-02
1.111719595097984211e+03	2.623268062157620428e-01	1.680792830353362854e-01	2.462736543662948363e-01	1.487932725124196665e-01	7.207133897190370897e-02	2.832357759069986311e-02	7.413206730753341134e-02
1.113170926162080832e+03	2.621072539539794355e-01	1.679288223134562941e-01	2.464299568400631635e-01	1.488877455243358960e-01	7.211092288002186879e-02	2.834394082484983576e-02	7.419135766324327919e-02
1.114622257226177226e+03	2.618880804194389511e-01	1.677786103353310909e-01	2.465859883455542578e-01	1.489820564379132906e-01	7.215043932284848083e-02	2.836427522634521470e-02	7.425054991251847647e-02
1.116073588290273847e+03	2.616692849165099255e-01	1.676286467263178037e-01	2.467417493415972052e-01	1.490762055475280679e-01	7.218988841964629755e-02	2.838458084177441706e-02	7.430964420657613922e-02
1.117524919354370468e+03	2.614508667511690199e-01	1.674789311120373214e-01	2.468972402862615045e-01	1.491701931469051889e-01	7.222927028943845751e-02	2.840485771764073714e-02	7.436864069649765097e-02
1.118976250418467089e+03	2.612328252309942256e-01	1.673294631183767367e-01	2.470524616368584281e-01	1.492640195291208005e-01	7.226858505100927643e-02	2.842510590036257528e-02	7.442753953322782390e-02
1.120427581482563710e+03	2.610151596651590356e-01	1.671802423714918717e-01	2.472074138499420204e-01	1.493576849866043166e-01	7.230783282290480229e-02	2.844532543627363574e-02	7.448634086757427442e-02
1.121878912546660331e+03	2.607978693644257273e-01	1.670312684978096651e-01	2.473620973813103197e-01	1.494511898111408332e-01	7.234701372343360637e-02	2.846551637162313131e-02	7.454504485020663207e-02
1.123330243610756725e+03	2.605809536411399785e-01	1.668825411240306700e-01	2.475165126860064679e-01	1.495445342938734046e-01	7.238612787066747711e-02	2.848567875257599150e-02	7.460365163165590119e-02
1.124781574674853118e+03	2.603644118092246496e-01	1.667340598771313853e-01	2.476706602183197936e-01	1.496377187253052077e-01	7.242517538244204467e-02	2.850581262521306031e-02	7.466216136231376699e-02
1.126232905738949967e+03	2.601482431841737331e-01	1.665858243843665876e-01	2.478245404317870604e-01	1.497307433953018740e-01	7.246415637635753026e-02	2.852591803553130440e-02	7.472057419243183229e-02
1.127684236803046360e+03	2.599324470830465805e-01	1.664378342732717453e-01	2.479781537791934942e-01	1.498236085930936823e-01	7.250307096977938459e-02	2.854599502944401082e-02	7.477889027212104855e-02
1.129135567867143209e+03	2.597170228244619627e-01	1.662900891716653506e-01	2.481315007125740046e-01	1.499163146072777508e-01	7.254191927983898169e-02	2.856604365278099522e-02	7.483710975135096644e-02
1.130586898931239830e+03	2.595019697285922966e-01	1.661425887076510843e-01	2.482845816832141561e-01	1.500088617258202861e-01	7.258070142343429898e-02	2.858606395128879957e-02	7.489523277994912520e-02
1.132038229995336451e+03	2.592872871171577609e-01	1.659953325096202026e-01	2.484373971416515281e-01	1.501012502360587475e-01	7.261941751723056948e-02	2.860605597063088298e-02	7.495325950760035882e-02
1.133489561059432845e+03	2.590729743134206342e-01	1.658483202062536466e-01	2.485899475376767143e-01	1.501934804247040678e-01	7.265806767766097574e-02	2.862601975638783686e-02	7.501119008384622699e-02
1.134940892123529466e+03	2.588590306421794107e-01	1.657015514265244016e-01	2.487422333203344327e-01	1.502855525778427348e-01	7.269665202092730205e-02	2.864595535405757565e-02	7.506902465808427960e-02
1.136392223187626087e+03	2.586454554297633046e-01	1.655550257996994956e-01	2.488942549379247471e-01	1.503774669809389841e-01	7.273517066300055900e-02	2.866586280905552078e-02	7.512676337956751549e-02
1.137843554251722708e+03	2.584322480040263659e-01	1.654087429553423305e-01	2.490460128380040661e-01	1.504692239188370195e-01	7.277362371962171894e-02	2.868574216671482269e-02	7.518440639740370246e-02
1.139294885315819101e+03	2.582194076943421512e-01	1.652627025233147640e-01	2.491975074673864754e-01	1.505608236757630669e-01	7.281201130630229890e-02	2.870559347228653427e-02	7.524195386055483603e-02
1.140746216379915950e+03	2.580069338315976180e-01	1.651169041337791354e-01	2.493487392721445983e-01	1.506522665353274559e-01	7.285033353832504055e-02	2.872541677093982601e-02	7.529940591783645942e-02
1.142197547444012343e+03	2.577948257481881833e-01	1.649713474172004868e-01	2.494997086976109280e-01	1.507435527805267850e-01	7.288859053074454863e-02	2.874521210776214905e-02	7.535676271791710845e-02
1.143648878508108737e+03	2.575830827780115628e-01	1.648260320043484772e-01	2.496504161883789097e-01	1.508346826937460305e-01	7.292678239838797094e-02	2.876497952775947456e-02	7.541402440931774254e-02
1.145100209572205586e+03	2.573717042564629409e-01	1.646809575262995762e-01	2.498008621883040237e-01	1.509256565567605179e-01	7.296490925585558118e-02	2.878471907585643599e-02	7.547119114041110632e-02
1.146551540636302207e+03	2.571606895204289756e-01	1.645361236144389228e-01	2.499510471405049228e-01	1.510164746507381139e-01	7.300297121752145901e-02	2.880443079689655808e-02	7.552826305942124396e-02
1.148002871700398828e+03	2.569500379082826358e-01	1.643915299004624075e-01	2.501009714873645429e-01	1.511071372562412807e-01	7.304096839753412840e-02	2.882411473564243029e-02	7.558524031442284685e-02
1.149454202764495449e+03	2.567397487598775951e-01	1.642471760163786987e-01	2.502506356705312962e-01	1.511976446532289631e-01	7.307890090981715436e-02	2.884377093677590459e-02	7.564212305334074016e-02
1.150905533828591842e+03	2.565298214165430690e-01	1.641030615945109905e-01	2.504000401309200430e-01	1.512879971210588093e-01	7.311676886806980913e-02	2.886339944489827586e-02	7.569891142394932770e-02
1.152356864892688463e+03	2.563202552210783747e-01	1.639591862674991130e-01	2.505491853087133958e-01	1.513781949384891412e-01	7.315457238576771049e-02	2.888300030453049005e-02	7.575560557387205074e-02
1.153808195956785084e+03	2.561110495177478241e-01	1.638155496683013357e-01	2.506980716433627188e-01	1.514682383836809532e-01	7.319231157616337691e-02	2.890257356011330728e-02	7.581220565058084671e-02
1.155259527020881706e+03	2.559022036522750065e-01	1.636721514301961999e-01	2.508466995735892935e-01	1.515581277341998268e-01	7.322998655228687981e-02	2.892211925600749953e-02	7.586871180139564963e-02
1.156710858084978327e+03	2.556937169718379588e-01	1.635289911867845725e-01	2.509950695373853180e-01	1.516478632670180959e-01	7.326759742694652355e-02	2.894163743649404846e-02	7.592512417348379339e-02
1.158162189149074720e+03	2.554855888250639473e-01	1.633860685719912276e-01	2.511431819720153502e-01	1.517374452585166233e-01	7.330514431272937281e-02	2.896112814577431194e-02	7.598144291385959537e-02
1.159613520213171569e+03	2.552778185620239171e-01	1.632433832200667623e-01	2.512910373140169740e-01	1.518268739844869375e-01	7.334262732200190482e-02	2.898059142797022522e-02	7.603766816938378748e-02
1.161064851277267962e+03	2.550704055342276622e-01	1.631009347655894282e-01	2.514386359992021314e-01	1.519161497201331201e-01	7.338004656691060612e-02	2.900002732712447795e-02	7.609380008676300267e-02
1.162516182341364356e+03	2.548633490946187186e-01	1.629587228434668800e-01	2.515859784626583995e-01	1.520052727400737214e-01	7.341740215938258318e-02	2.901943588720069453e-02	7.614983881254937248e-02
1.163967513405461204e+03	2.546566485975692018e-01	1.628167470889378410e-01	2.517330651387498786e-01	1.520942433183437581e-01	7.345469421112618691e-02	2.903881715208362149e-02	7.620578449313991642e-02
1.165418844469557826e+03	2.544503033988745333e-01	1.626750071375739071e-01	2.518798964611183022e-01	1.521830617283965736e-01	7.349192283363156775e-02	2.905817116557931137e-02	7.626163727477616727e-02
1.166870175533654447e+03	2.542443128557487775e-01	1.625335026252811843e-01	2.520264728626843698e-01	1.522717282431058083e-01	7.352908813817130018e-02	2.907749797141530659e-02	7.631739730354361595e-02
1.168321506597751068e+03	2.540386763268194792e-01	1.623922331883020653e-01	2.521727947756484678e-01	1.523602431347672315e-01	7.356619023580096561e-02	2.909679761324080946e-02	7.637306472537133684e-02
1.169772837661847461e+03	2.538333931721225012e-01	1.622511984632167836e-01	2.523188626314922800e-01	1.524486066751007118e-01	7.360322923735977685e-02	2.911607013462687299e-02	7.642863968603143265e-02
1.171224168725944082e+03	2.536284627530974722e-01	1.621103980869450789e-01	2.524646768609794534e-01	1.525368191352520220e-01	7.364020525347111934e-02	2.913531557906657438e-02	7.648412233113865977e-02
1.172675499790040703e+03	2.534238844325826245e-01	1.619698316967478346e-01	2.526102378941568194e-01	1.526248807857948087e-01	7.367711839454316181e-02	2.915453398997519888e-02	7.653951280614991470e-02
1.174126830854137097e+03	2.532196575748098533e-01	1.618294989302286879e-01	2.527555461603557818e-01	1.527127918967323417e-01	7.371396877076943910e-02	2.917372541069040981e-02	7.659481125636384558e-02
1.175578161918233945e+03	2.530157815454000536e-01	1.616893994253356948e-01	2.529006020881930383e-01	1.528005527374994288e-01	7.375075649212944895e-02	2.919288988447243244e-02	7.665001782692039412e-02
1.177029492982330339e+03	2.528122557113580693e-01	1.615495328203626346e-01	2.530454061055718018e-01	1.528881635769642200e-01	7.378748166838915157e-02	2.921202745450423091e-02	7.670513266280037934e-02
1.178480824046426733e+03	2.526090794410680851e-01	1.614098987539508423e-01	2.531899586396831325e-01	1.529756246834300948e-01	7.382414440910167741e-02	2.923113816389168521e-02	7.676015590882503958e-02
1.179932155110523581e+03	2.524062521042887974e-01	1.612704968650904291e-01	2.533342601170066044e-01	1.530629363246373831e-01	7.386074482360779903e-02	2.925022205566375766e-02	7.681508770965571331e-02
1.181383486174620202e+03	2.522037730721487514e-01	1.611313267931220872e-01	2.534783109633119147e-01	1.531500987677653081e-01	7.389728302103651392e-02	2.926927917277267685e-02	7.686992820979329788e-02
1.182834817238716823e+03	2.520016417171413448e-01	1.609923881777383659e-01	2.536221116036594392e-01	1.532371122794337071e-01	7.393375911030561354e-02	2.928830955809411107e-02	7.692467755357795811e-02
1.184286148302813444e+03	2.517998574131204426e-01	1.608536806589852264e-01	2.537656624624018975e-01	1.533239771257047523e-01	7.397017320012229391e-02	2.930731325442733834e-02	7.697933588518865444e-02
1.185737479366910065e+03	2.515984195352953812e-01	1.607152038772634017e-01	2.539089639631849638e-01	1.534106935720848941e-01	7.400652539898366911e-02	2.932629030449542332e-02	7.703390334864283762e-02
1.187188810431006686e+03	2.513973274602268049e-01	1.605769574733299232e-01	2.540520165289486543e-01	1.534972618835264979e-01	7.404281581517734023e-02	2.934524075094538040e-02	7.708838008779592132e-02
1.188640141495103080e+03	2.511965805658216699e-01	1.604389410882995082e-01	2.541948205819282713e-01	1.535836823244297045e-01	7.407904455678197830e-02	2.936416463634835758e-02	7.714276624634107404e-02
1.190091472559199701e+03	2.509961782313286927e-01	1.603011543636457814e-01	2.543373765436556799e-01	1.536699551586440393e-01	7.411521173166780996e-02	2.938306200319979952e-02	7.719706196780870555e-02
1.191542803623296322e+03	2.507961198373340195e-01	1.601635969412029681e-01	2.544796848349601404e-01	1.537560806494703280e-01	7.415131744749728360e-02	2.940193289391961756e-02	7.725126739556620326e-02
1.192994134687392716e+03	2.505964047657563976e-01	1.600262684631669485e-01	2.546217458759695296e-01	1.538420590596623339e-01	7.418736181172548572e-02	2.942077735085236664e-02	7.730538267281748810e-02
1.194445465751489564e+03	2.503970323998428449e-01	1.598891685720966460e-01	2.547635600861116734e-01	1.539278906514284784e-01	7.422334493160080704e-02	2.943959541626740145e-02	7.735940794260272313e-02
1.195896796815585958e+03	2.501980021241642094e-01	1.597522969109155810e-01	2.549051278841148460e-01	1.540135756864335626e-01	7.425926691416540049e-02	2.945838713235905681e-02	7.741334334779791104e-02
1.197348127879682352e+03	2.499993133246105614e-01	1.596156531229128150e-01	2.550464496880095466e-01	1.540991144258005152e-01	7.429512786625575016e-02	2.947715254124681425e-02	7.746718903111460275e-02
1.198799458943779200e+03	2.498009653883868642e-01	1.594792368517444492e-01	2.551875259151291098e-01	1.541845071301120029e-01	7.433092789450325422e-02	2.949589168497545807e-02	7.752094513509950879e-02
1.200250790007875821e+03	2.496029577040084768e-01	1.593430477414349011e-01	2.553283569821109267e-01	1.542697540594122618e-01	7.436666710533469671e-02	2.951460460551525583e-02	7.757461180213418017e-02
1.201702121071972442e+03	2.494052896612969084e-01	1.592070854363780152e-01	2.554689433048975000e-01	1.543548554732085687e-01	7.440234560497280270e-02	2.953329134476211440e-02	7.762818917443470301e-02
1.203153452136069063e+03	2.492079606513754042e-01	1.590713495813385059e-01	2.556092852987377761e-01	1.544398116304731006e-01	7.443796349943679336e-02	2.955195194453775001e-02	7.768167739405135164e-02
1.204604783200165684e+03	2.490109700666645609e-01	1.589358398214528734e-01	2.557493833781878667e-01	1.545246227896445168e-01	7.447352089454287172e-02	2.957058644658985477e-02	7.773507660286825549e-02
1.206056114264262078e+03	2.488143173008779685e-01	1.588005558022308195e-01	2.558892379571122144e-01	1.546092892086295689e-01	7.450901789590480551e-02	2.958919489259225280e-02	7.778838694260314934e-02
1.207507445328358699e+03	2.486180017490181304e-01	1.586654971695563576e-01	2.560288494486849253e-01	1.546938111448048214e-01	7.454445460893441289e-02	2.960777732414507715e-02	7.784160855480701247e-02
1.208958776392455093e+03	2.484220228073719949e-01	1.585306635696890620e-01	2.561682182653906570e-01	1.547781888550182339e-01	7.457983113884210369e-02	2.962633378277491555e-02	7.789474158086377720e-02
1.210410107456551941e+03	2.482263798735068472e-01	1.583960546492650390e-01	2.563073448190256176e-01	1.548624225955908262e-01	7.461514759063737900e-02	2.964486430993499080e-02	7.794778616199002363e-02
1.211861438520648335e+03	2.480310723462660349e-01	1.582616700552982869e-01	2.564462295206987874e-01	1.549465126223182609e-01	7.465040406912937243e-02	2.966336894700529955e-02	7.800074243923471595e-02
1.213312769584745183e+03	2.478360996257648052e-01	1.581275094351815569e-01	2.565848727808329177e-01	1.550304591904724805e-01	7.468560067892734966e-02	2.968184773529279966e-02	7.805361055347889709e-02
1.214764100648841804e+03	2.476414611133860855e-01	1.579935724366876293e-01	2.567232750091656412e-01	1.551142625548032616e-01	7.472073752444122197e-02	2.970030071603155936e-02	7.810639064543539734e-02
1.216215431712937971e+03	2.474471562117764034e-01	1.578598587079703408e-01	2.568614366147506378e-01	1.551979229695398532e-01	7.475581470988208743e-02	2.971872793038290647e-02	7.815908285564859836e-02
1.217666762777034819e+03	2.472531843248417516e-01	1.577263678975656669e-01	2.569993580059585225e-01	1.552814406883925302e-01	7.479083233926270280e-02	2.973712941943560187e-02	7.821168732449411409e-02
1.219118093841131440e+03	2.470595448577434516e-01	1.575930996543927765e-01	2.571370395904779560e-01	1.553648159645542037e-01	7.482579051639799694e-02	2.975550522420599905e-02	7.826420419217854085e-02
1.220569424905228061e+03	2.468662372168940744e-01	1.574600536277550311e-01	2.572744817753168656e-01	1.554480490507019474e-01	7.486068934490558435e-02	2.977385538563819684e-02	7.831663359873919372e-02
1.222020755969324682e+03	2.466732608099534985e-01	1.573272294673410399e-01	2.574116849668033891e-01	1.555311401989985798e-01	7.489552892820626473e-02	2.979217994460418850e-02	7.836897568404389836e-02
1.223472087033421303e+03	2.464806150458247469e-01	1.571946268232256860e-01	2.575486495705869849e-01	1.556140896610941904e-01	7.493030936952453647e-02	2.981047894190404224e-02	7.842123058779063016e-02
1.224923418097517697e+03	2.462882993346500182e-01	1.570622453458710710e-01	2.576853759916394315e-01	1.556968976881277777e-01	7.496503077188906849e-02	2.982875241826603296e-02	7.847339844950737553e-02
1.226374749161614318e+03	2.460963130878067173e-01	1.569300846861275134e-01	2.578218646342560483e-01	1.557795645307286092e-01	7.499969323813319988e-02	2.984700041434681927e-02	7.852547940855185427e-02
1.227826080225710712e+03	2.459046557179035419e-01	1.567981444952345205e-01	2.579581159020565284e-01	1.558620904390178863e-01	7.503429687089545330e-02	2.986522297073158222e-02	7.857747360411121429e-02
1.229277411289807560e+03	2.457133266387763748e-01	1.566664244248217597e-01	2.580941301979862712e-01	1.559444756626102713e-01	7.506884177262003466e-02	2.988342012793418837e-02	7.862938117520190673e-02
1.230728742353903954e+03	2.455223252654844812e-01	1.565349241269098635e-01	2.582299079243171591e-01	1.560267204506152749e-01	7.510332804555727715e-02	2.990159192639734245e-02	7.868120226066936673e-02
1.232180073418000802e+03	2.453316510143066509e-01	1.564036432539115951e-01	2.583654494826488901e-01	1.561088250516388665e-01	7.513775579176418251e-02	2.991973840649275046e-02	7.873293699918787469e-02
1.233631404482097196e+03	2.451413033027371735e-01	1.562725814586324591e-01	2.585007552739098657e-01	1.561907897137849444e-01	7.517212511310486511e-02	2.993785960852125838e-02	7.878458552926026481e-02
1.235082735546193817e+03	2.449512815494821194e-01	1.561417383942718118e-01	2.586358256983583570e-01	1.562726146846568076e-01	7.520643611125103767e-02	2.995595557271300488e-02	7.883614798921770306e-02
1.236534066610290438e+03	2.447615851744554816e-01	1.560111137144236937e-01	2.587706611555833924e-01	1.563543002113586822e-01	7.524068888768249697e-02	2.997402633922759824e-02	7.888762451721954838e-02
1.237985397674387059e+03	2.445722135987752066e-01	1.558807070730775513e-01	2.589052620445060349e-01	1.564358465404971088e-01	7.527488354368765122e-02	2.999207194815423430e-02	7.893901525125308904e-02
1.239436728738483680e+03	2.443831662447595587e-01	1.557505181246193748e-01	2.590396287633803252e-01	1.565172539181824973e-01	7.530902018036392254e-02	3.001009243951186997e-02	7.899032032913336221e-02
1.240888059802580301e+03	2.441944425359233728e-01	1.556205465238322261e-01	2.591737617097942814e-01	1.565985225900304867e-01	7.534309889861828813e-02	3.002808785324936544e-02	7.904153988850293189e-02
1.242339390866676695e+03	2.440060418969740852e-01	1.554907919258972371e-01	2.593076612806711201e-01	1.566796528011635825e-01	7.537711979916766891e-02	3.004605822924564032e-02	7.909267406683170853e-02
1.243790721930773088e+03	2.438179637538082090e-01	1.553612539863943875e-01	2.594413278722700889e-01	1.567606447962122951e-01	7.541108298253948461e-02	3.006400360730981935e-02	7.914372300141675476e-02
1.245242052994869937e+03	2.436302075335075312e-01	1.552319323613033097e-01	2.595747618801876877e-01	1.568414988193169435e-01	7.544498854907209784e-02	3.008192402718138161e-02	7.919468682938214654e-02
1.246693384058966330e+03	2.434427726643354217e-01	1.551028267070040101e-01	2.597079636993586682e-01	1.569222151141287380e-01	7.547883659891525820e-02	3.009981952853030621e-02	7.924556568767869569e-02
1.248144715123063179e+03	2.432556585757331136e-01	1.549739366802777019e-01	2.598409337240571437e-01	1.570027939238114456e-01	7.551262723203061578e-02	3.011769015095723187e-02	7.929635971308388043e-02
1.249596046187159800e+03	2.430688646983162060e-01	1.548452619383075823e-01	2.599736723478974221e-01	1.570832354910427220e-01	7.554636054819208191e-02	3.013553593399358882e-02	7.934706904220155399e-02
1.251047377251256421e+03	2.428823904638708064e-01	1.547168021386795267e-01	2.601061799638352823e-01	1.571635400580154440e-01	7.558003664698642599e-02	3.015335691710176180e-02	7.939769381146191685e-02
1.252498708315352815e+03	2.426962353053500332e-01	1.545885569393828374e-01	2.602384569641689738e-01	1.572437078664392640e-01	7.561365562781365013e-02	3.017115313967522541e-02	7.944823415712119752e-02
1.253950039379449436e+03	2.425103986568704073e-01	1.544605259988109658e-01	2.603705037405402156e-01	1.573237391575418587e-01	7.564721758988744715e-02	3.018892464103869328e-02	7.949869021526161095e-02
1.255401370443546057e+03	2.423248799537082721e-01	1.543327089757622061e-01	2.605023206839351957e-01	1.574036341720703724e-01	7.568072263223571405e-02	3.020667146044826723e-02	7.954906212179115033e-02
1.256852701507642678e+03	2.421396786322962402e-01	1.542051055294404449e-01	2.606339081846856809e-01	1.574833931502928885e-01	7.571417085370094058e-02	3.022439363709157611e-02	7.959935001244342057e-02
1.258304032571739299e+03	2.419547941302196137e-01	1.540777153194557436e-01	2.607652666324700719e-01	1.575630163319996502e-01	7.574756235294066720e-02	3.024209121008793189e-02	7.964955402277752727e-02
1.259755363635835920e+03	2.417702258862128306e-01	1.539505380058251161e-01	2.608963964163144023e-01	1.576425039565044761e-01	7.578089722842798470e-02	3.025976421848846146e-02	7.969967428817789634e-02
1.261206694699932314e+03	2.415859733401561349e-01	1.538235732489731389e-01	2.610272979245934488e-01	1.577218562626461484e-01	7.581417557845195054e-02	3.027741270127625589e-02	7.974971094385414905e-02
1.262658025764028707e+03	2.414020359330717735e-01	1.536968207097325345e-01	2.611579715450315642e-01	1.578010734887898281e-01	7.584739750111803291e-02	3.029503669736651264e-02	7.979966412484093552e-02
1.264109356828125556e+03	2.412184131071208881e-01	1.535702800493450038e-01	2.612884176647039536e-01	1.578801558728282484e-01	7.588056309434855484e-02	3.031263624560668127e-02	7.984953396599786535e-02
1.265560687892221949e+03	2.410351043055997400e-01	1.534439509294615867e-01	2.614186366700376740e-01	1.579591036521831304e-01	7.591367245588315216e-02	3.033021138477660222e-02	7.989932060200931330e-02
1.267012018956318798e+03	2.408521089729366016e-01	1.533178330121435229e-01	2.615486289468124115e-01	1.580379170638065434e-01	7.594672568327917594e-02	3.034776215358865950e-02	7.994902416738430828e-02
1.268463350020415419e+03	2.406694265546879818e-01	1.531919259598626681e-01	2.616783948801618687e-01	1.581165963441821809e-01	7.597972287391219215e-02	3.036528859068789860e-02	7.999864479645640847e-02
1.269914681084511813e+03	2.404870564975355451e-01	1.530662294355021880e-01	2.618079348545745977e-01	1.581951417293267492e-01	7.601266412497635627e-02	3.038279073465219304e-02	8.004818262338360413e-02
1.271366012148608434e+03	2.403049982492825032e-01	1.529407431023571129e-01	2.619372492538950548e-01	1.582735534547912437e-01	7.604554953348488522e-02	3.040026862399236932e-02	8.009763778214816499e-02
1.272817343212705055e+03	2.401232512588504231e-01	1.528154666241348103e-01	2.620663384613245439e-01	1.583518317556621702e-01	7.607837919627050138e-02	3.041772229715235601e-02	8.014701040655652919e-02
1.274268674276801676e+03	2.399418149762757579e-01	1.526903996649557338e-01	2.621952028594224937e-01	1.584299768665630159e-01	7.611115320998584899e-02	3.043515179250930527e-02	8.019630063023922006e-02
1.275720005340898297e+03	2.397606888527065161e-01	1.525655418893538395e-01	2.623238428301071790e-01	1.585079890216554155e-01	7.614387167110391041e-02	3.045255714837376629e-02	8.024550858665073505e-02
1.277171336404994690e+03	2.395798723403990971e-01	1.524408929622771414e-01	2.624522587546569974e-01	1.585858684546404551e-01	7.617653467591843641e-02	3.046993840298978934e-02	8.029463440906940697e-02
1.278622667469091539e+03	2.393993648927148776e-01	1.523164525490881827e-01	2.625804510137114134e-01	1.586636153987600328e-01	7.620914232054440407e-02	3.048729559453508542e-02	8.034367823059736236e-02
1.280073998533187932e+03	2.392191659641168533e-01	1.521922203155647024e-01	2.627084199872717907e-01	1.587412300867980242e-01	7.624169470091840539e-02	3.050462876112114766e-02	8.039264018416035495e-02
1.281525329597284326e+03	2.390392750101666131e-01	1.520681959278999962e-01	2.628361660547027245e-01	1.588187127510816421e-01	7.627419191279909139e-02	3.052193794079341091e-02	8.044152040250773794e-02
1.282976660661381175e+03	2.388596914875208421e-01	1.519443790527034432e-01	2.629636895947329855e-01	1.588960636234826584e-01	7.630663405176761616e-02	3.053922317153136626e-02	8.049031901821232515e-02
1.284427991725477568e+03	2.386804148539283243e-01	1.518207693570010341e-01	2.630909909854562412e-01	1.589732829354186805e-01	7.633902121322798384e-02	3.055648449124871019e-02	8.053903616367033558e-02
1.285879322789574417e+03	2.385014445682265560e-01	1.516973665082357592e-01	2.632180706043323881e-01	1.590503709178543446e-01	7.637135349240753435e-02	3.057372193779347644e-02	8.058767197110129621e-02
1.287330653853671038e+03	2.383227800903385263e-01	1.515741701742681358e-01	2.633449288281885514e-01	1.591273278013026760e-01	7.640363098435735967e-02	3.059093554894817824e-02	8.063622657254795878e-02
1.288781984917767431e+03	2.381444208812698027e-01	1.514511800233766803e-01	2.634715660332198617e-01	1.592041538158261993e-01	7.643585378395265084e-02	3.060812536242993320e-02	8.068470009987621649e-02
1.290233315981864052e+03	2.379663664031050341e-01	1.513283957242582967e-01	2.635979825949908983e-01	1.592808491910382984e-01	7.646802198589321142e-02	3.062529141589059867e-02	8.073309268477506240e-02
