1.001418434226643626e+03	2.801795185904423779e-01	1.802674021425535733e-01	2.335646061173303478e-01	1.411164140713822013e-01	6.885636093794980650e-02	2.669046115601471370e-02	6.932523698427671410e-02
1.003837319333471214e+03	2.797622521582485700e-01	1.799834299496029244e-01	2.338615933463991658e-01	1.412958182265505458e-01	6.893144802325297527e-02	2.672829426673109868e-02	6.943716402916438879e-02
1.006256204440298802e+03	2.793461975347486526e-01	1.797002286281660643e-01	2.341577255782604228e-01	1.414747047166322047e-01	6.900632065232178980e-02	2.676603685913048897e-02	6.954878603069007681e-02
1.008675089547126618e+03	2.789313508463353020e-01	1.794177963956503086e-01	2.344530052160844202e-01	1.416530751665900367e-01	6.908097947124058891e-02	2.680368918116623686e-02	6.966010372288285180e-02
1.011093974653954206e+03	2.785177082363279322e-01	1.791361314693074303e-01	2.347474346565134873e-01	1.418309311946736040e-01	6.915542512374746320e-02	2.684125147999415900e-02	6.977111783938570733e-02
1.013512859760782021e+03	2.781052658648457410e-01	1.788552320663025497e-01	2.350410162896770239e-01	1.420082744124661622e-01	6.922965825124778594e-02	2.687872400197626951e-02	6.988182911343422676e-02
1.015931744867609382e+03	2.776940199086823102e-01	1.785750964037819688e-01	2.353337524992064334e-01	1.421851064249311791e-01	6.930367949282754958e-02	2.691610699268448190e-02	6.999223827783589147e-02
1.018350629974437197e+03	2.772839665611810389e-01	1.782957226989400346e-01	2.356256456622501383e-01	1.423614288304581865e-01	6.937748948526657744e-02	2.695340069690429011e-02	7.010234606494952780e-02
1.020769515081264785e+03	2.768751020321127965e-01	1.780171091690847529e-01	2.359166981494885962e-01	1.425372432209082996e-01	6.945108886305170759e-02	2.699060535863840801e-02	7.021215320666526760e-02
1.023188400188092373e+03	2.764674225475540204e-01	1.777392540317024316e-01	2.362069123251493707e-01	1.427125511816592640e-01	6.952447825838967144e-02	2.702772122111038802e-02	7.032166043438468905e-02
1.025607285294920075e+03	2.760609243497670340e-01	1.774621555045214627e-01	2.364962905470219534e-01	1.428873542916497263e-01	6.959765830122005559e-02	2.706474852676820156e-02	7.043086847900137393e-02
1.028026170401747549e+03	2.756556036970809198e-01	1.771858118055747444e-01	2.367848351664730011e-01	1.430616541234235595e-01	6.967062961922798614e-02	2.710168751728780218e-02	7.053977807088185337e-02
1.030445055508575479e+03	2.752514568637741688e-01	1.769102211532612712e-01	2.370725485284611300e-01	1.432354522431732446e-01	6.974339283785674359e-02	2.713853843357664358e-02	7.064838993984669246e-02
1.032863940615402726e+03	2.748484801399583843e-01	1.766353817664067516e-01	2.373594329715520979e-01	1.434087502107830037e-01	6.981594858032032225e-02	2.717530151577720113e-02	7.075670481515211607e-02
1.035282825722230655e+03	2.744466698314634301e-01	1.763612918643232275e-01	2.376454908279337086e-01	1.435815495798715147e-01	6.988829746761576756e-02	2.721197700327043084e-02	7.086472342547180114e-02
1.037701710829058356e+03	2.740460222597236872e-01	1.760879496668675825e-01	2.379307244234308283e-01	1.437538518978340729e-01	6.996044011853545797e-02	2.724856513467920766e-02	7.097244649887904377e-02
1.040120595935886058e+03	2.736465337616657001e-01	1.758153533944993019e-01	2.382151360775203452e-01	1.439256587058843351e-01	7.003237714967927574e-02	2.728506614787176363e-02	7.107987476282924544e-02
1.042539481042713533e+03	2.732482006895966542e-01	1.755435012683371487e-01	2.384987281033462136e-01	1.440969715390956196e-01	7.010410917546665288e-02	2.732148027996507064e-02	7.118700894414259350e-02
1.044958366149541234e+03	2.728510194110947418e-01	1.752723915102150087e-01	2.387815028077344692e-01	1.442677919264419018e-01	7.017563680814847826e-02	2.735780776732819886e-02	7.129384976898719972e-02
1.047377251256368709e+03	2.724549863088999713e-01	1.750020223427366239e-01	2.390634624912081341e-01	1.444381213908382811e-01	7.024696065781893539e-02	2.739404884558568204e-02	7.140039796286243301e-02
1.049796136363196410e+03	2.720600977808067533e-01	1.747323919893296607e-01	2.393446094480022601e-01	1.446079614491808385e-01	7.031808133242722914e-02	2.743020374962079275e-02	7.150665425058255753e-02
1.052215021470024112e+03	2.716663502395571528e-01	1.744634986742987781e-01	2.396249459660789727e-01	1.447773136123864657e-01	7.038899943778917367e-02	2.746627271357886257e-02	7.161261935626067610e-02
1.054633906576851814e+03	2.712737401127358616e-01	1.741953406228776979e-01	2.399044743271421809e-01	1.449461793854320280e-01	7.045971557759872494e-02	2.750225597087053650e-02	7.171829400329295112e-02
1.057052791683679516e+03	2.708822638426658380e-01	1.739279160612806907e-01	2.401831968066528988e-01	1.451145602673931390e-01	7.053023035343933267e-02	2.753815375417500294e-02	7.182367891434308926e-02
1.059471676790506763e+03	2.704919178863050000e-01	1.736612232167528691e-01	2.404611156738439282e-01	1.452824577514825743e-01	7.060054436479530626e-02	2.757396629544321340e-02	7.192877481132713136e-02
1.061890561897334692e+03	2.701026987151444181e-01	1.733952603176198426e-01	2.407382331917349294e-01	1.454498733250883802e-01	7.067065820906288931e-02	2.760969382590107782e-02	7.203358241539845053e-02
1.064309447004162394e+03	2.697146028151074515e-01	1.731300255933366228e-01	2.410145516171473545e-01	1.456168084698113707e-01	7.074057248156148670e-02	2.764533657605261485e-02	7.213810244693312501e-02
1.066728332110990095e+03	2.693276266864497170e-01	1.728655172745353352e-01	2.412900732007193794e-01	1.457832646615024597e-01	7.081028777554455866e-02	2.768089477568309864e-02	7.224233562551547749e-02
1.069147217217817570e+03	2.689417668436605013e-01	1.726017335930726260e-01	2.415648001869207806e-01	1.459492433702994918e-01	7.087980468221052877e-02	2.771636865386218479e-02	7.234628266992389201e-02
1.071566102324645271e+03	2.685570198153649502e-01	1.723386727820757913e-01	2.418387348140679516e-01	1.461147460606637694e-01	7.094912379071359465e-02	2.775175843894699818e-02	7.244994429811692227e-02
1.073984987431472746e+03	2.681733821442274790e-01	1.720763330759884358e-01	2.421118793143386960e-01	1.462797741914160510e-01	7.101824568817446948e-02	2.778706435858519300e-02	7.255332122721964982e-02
1.076403872538300675e+03	2.677908503868559609e-01	1.718147127106152416e-01	2.423842359137872715e-01	1.464443292157724397e-01	7.108717095969084576e-02	2.782228663971802324e-02	7.265641417351023645e-02
1.078822757645127922e+03	2.674094211137070243e-01	1.715538099231659896e-01	2.426558068323591555e-01	1.466084125813796879e-01	7.115590018834808128e-02	2.785742550858334374e-02	7.275922385240680967e-02
1.081241642751955851e+03	2.670290909089926279e-01	1.712936229522987464e-01	2.429265942839059778e-01	1.467720257303501419e-01	7.122443395522949638e-02	2.789248119071862861e-02	7.286175097845447313e-02
1.083660527858783553e+03	2.666498563705873015e-01	1.710341500381624691e-01	2.431966004762003697e-01	1.469351700992966303e-01	7.129277283942672683e-02	2.792745391096395149e-02	7.296399626531273330e-02
1.086079412965611255e+03	2.662717141099363860e-01	1.707753894224386670e-01	2.434658276109508135e-01	1.470978471193665760e-01	7.136091741804996558e-02	2.796234389346493460e-02	7.306596042574292627e-02
1.088498298072438729e+03	2.658946607519650507e-01	1.705173393483825905e-01	2.437342778838165469e-01	1.472600582162761351e-01	7.142886826623809360e-02	2.799715136167570118e-02	7.316764417159611622e-02
1.090917183179266431e+03	2.655186929349893088e-01	1.702599980608633656e-01	2.440019534844223847e-01	1.474218048103436707e-01	7.149662595716875513e-02	2.803187653836177601e-02	7.326904821380100796e-02
1.093336068286093905e+03	2.651438073106262561e-01	1.700033638064037678e-01	2.442688565963734570e-01	1.475830883165231699e-01	7.156419106206830805e-02	2.806651964560299278e-02	7.337017326235228953e-02
1.095754953392921607e+03	2.647700005437066961e-01	1.697474348332192184e-01	2.445349893972701139e-01	1.477439101444372183e-01	7.163156415022170487e-02	2.810108090479635987e-02	7.347102002629904427e-02
1.098173838499749309e+03	2.643972693121878215e-01	1.694922093912557826e-01	2.448003540587226357e-01	1.479042716984095562e-01	7.169874578898226269e-02	2.813556053665891565e-02	7.357158921373341265e-02
1.100592723606577010e+03	2.640256103070672822e-01	1.692376857322279715e-01	2.450649527463661659e-01	1.480641743774974151e-01	7.176573654378146094e-02	2.816995876123056658e-02	7.367188153177953169e-02
1.103011608713404712e+03	2.636550202322979763e-01	1.689838621096554916e-01	2.453287876198752548e-01	1.482236195755236574e-01	7.183253697813846150e-02	2.820427579787689390e-02	7.377189768658265479e-02
1.105430493820231959e+03	2.632854958047036731e-01	1.687307367788996038e-01	2.455918608329788755e-01	1.483826086811081968e-01	7.189914765366972604e-02	2.823851186529193966e-02	7.387163838329842414e-02
1.107849378927059888e+03	2.629170337538954683e-01	1.684783079971985953e-01	2.458541745334749395e-01	1.485411430776995834e-01	7.196556913009842515e-02	2.827266718150099958e-02	7.397110432608246244e-02
1.110268264033887590e+03	2.625496308221891839e-01	1.682265740237028628e-01	2.461157308632451468e-01	1.486992241436060069e-01	7.203180196526387524e-02	2.830674196386335356e-02	7.407029621808007558e-02
1.112687149140715292e+03	2.621832837645237668e-01	1.679755331195091905e-01	2.463765319582696400e-01	1.488568532520259113e-01	7.209784671513078114e-02	2.834073642907501342e-02	7.416921476141616343e-02
1.115106034247542766e+03	2.618179893483802423e-01	1.677251835476943898e-01	2.466365799486417709e-01	1.490140317710786644e-01	7.216370393379850645e-02	2.837465079317143604e-02	7.426786065718543606e-02
1.117524919354370468e+03	2.614537443537015560e-01	1.674755235733484948e-01	2.468958769585827273e-01	1.491707610638345893e-01	7.222937417351023293e-02	2.840848527153021566e-02	7.436623460544268538e-02
1.119943804461197942e+03	2.610905455728133595e-01	1.672265514636071260e-01	2.471544251064561881e-01	1.493270424883448022e-01	7.229485798466198099e-02	2.844224007887376227e-02	7.446433730519329275e-02
1.122362689568025871e+03	2.607283898103456843e-01	1.669782654876835193e-01	2.474122265047830060e-01	1.494828773976708547e-01	7.236015591581160256e-02	2.847591542927195227e-02	7.456216945438401411e-02
1.124781574674853118e+03	2.603672738831548372e-01	1.667306639168996685e-01	2.476692832602558625e-01	1.496382671399139885e-01	7.242526851368771834e-02	2.850951153614478956e-02	7.465973174989380678e-02
1.127200459781681047e+03	2.600071946202469064e-01	1.664837450247172446e-01	2.479255974737537838e-01	1.497932130582441124e-01	7.249019632319857187e-02	2.854302861226499372e-02	7.475702488752498931e-02
1.129619344888508749e+03	2.596481488627017109e-01	1.662375070867675719e-01	2.481811712403568515e-01	1.499477164909285842e-01	7.255493988744078637e-02	2.857646686976064027e-02	7.485404956199445681e-02
1.132038229995336451e+03	2.592901334635969723e-01	1.659919483808812990e-01	2.484360066493607189e-01	1.501017787713606055e-01	7.261949974770806615e-02	2.860982652011772112e-02	7.495080646692518778e-02
1.134457115102163925e+03	2.589331452879342077e-01	1.657470671871174028e-01	2.486901057842912377e-01	1.502554012280873930e-01	7.268387644349980081e-02	2.864310777418272239e-02	7.504729629483780640e-02
1.136876000208991627e+03	2.585771812125645663e-01	1.655028617877917496e-01	2.489434707229188914e-01	1.504085851848381006e-01	7.274807051252964174e-02	2.867631084216517787e-02	7.514351973714243627e-02
1.139294885315819101e+03	2.582222381261160549e-01	1.652593304675048780e-01	2.491961035372734501e-01	1.505613319605514089e-01	7.281208249073396754e-02	2.870943593364018789e-02	7.523947748413066516e-02
1.141713770422646803e+03	2.578683129289207066e-01	1.650164715131696158e-01	2.494480062936584031e-01	1.507136428694029751e-01	7.287591291228032175e-02	2.874248325755096242e-02	7.533517022496764859e-02
1.144132655529474505e+03	2.575154025329433605e-01	1.647742832140378089e-01	2.496991810526654476e-01	1.508655192208325224e-01	7.293956230957576725e-02	2.877545302221129128e-02	7.543059864768449085e-02
1.146551540636302207e+03	2.571635038617104407e-01	1.645327638617267718e-01	2.499496298691890328e-01	1.510169623195705968e-01	7.300303121327510192e-02	2.880834543530804912e-02	7.552576343917070945e-02
1.148970425743129908e+03	2.568126138502399014e-01	1.642919117502451287e-01	2.501993547924407646e-01	1.511679734656653507e-01	7.306632015228911592e-02	2.884116070390365175e-02	7.562066528516679653e-02
1.151389310849957155e+03	2.564627294449716155e-01	1.640517251760181816e-01	2.504483578659638110e-01	1.513185539545087166e-01	7.312942965379276572e-02	2.887389903443850561e-02	7.571530487025714129e-02
1.153808195956785084e+03	2.561138476036985412e-01	1.638122024379127240e-01	2.506966411276473350e-01	1.514687050768626364e-01	7.319236024323319545e-02	2.890656063273344678e-02	7.580968287786289672e-02
1.156227081063612786e+03	2.557659652954984986e-01	1.635733418372614656e-01	2.509442066097409274e-01	1.516184281188848737e-01	7.325511244433777214e-02	2.893914570399216263e-02	7.590379999023512403e-02
1.158645966170440488e+03	2.554190795006666681e-01	1.633351416778869580e-01	2.511910563388689566e-01	1.517677243621546046e-01	7.331768677912203769e-02	2.897165445280357882e-02	7.599765688844808964e-02
1.161064851277267962e+03	2.550731872106488107e-01	1.630976002661249091e-01	2.514371923360448347e-01	1.519165950836977586e-01	7.338008376789760534e-02	2.900408708314426362e-02	7.609125425239263163e-02
1.163483736384095664e+03	2.547282854279749875e-01	1.628607159108472202e-01	2.516826166166856726e-01	1.520650415560123314e-01	7.344230392928000062e-02	2.903644379838078715e-02	7.618459276076978981e-02
1.165902621490923138e+03	2.543843711661942231e-01	1.626244869234844126e-01	2.519273311906261581e-01	1.522130650470931157e-01	7.350434778019637738e-02	2.906872480127207711e-02	7.627767309108443583e-02
1.168321506597751068e+03	2.540414414498092244e-01	1.623889116180477765e-01	2.521713380621330991e-01	1.523606668204564862e-01	7.356621583589323388e-02	2.910093029397176068e-02	7.637049591963925022e-02
1.170740391704578315e+03	2.536994933142125430e-01	1.621539883111507430e-01	2.524146392299195796e-01	1.525078481351647697e-01	7.362790860994405939e-02	2.913306047803049942e-02	7.646306192152860226e-02
1.173159276811406244e+03	2.533585238056224598e-01	1.619197153220302554e-01	2.526572366871594477e-01	1.526546102458505583e-01	7.368942661425695317e-02	2.916511555439828610e-02	7.655537177063280463e-02
1.175578161918233945e+03	2.530185299810203126e-01	1.616860909725673090e-01	2.528991324215013048e-01	1.528009544027406630e-01	7.375077035908209067e-02	2.919709572342675183e-02	7.664742613961234019e-02
1.177997047025061647e+03	2.526795089080879353e-01	1.614531135873072121e-01	2.531403284150827715e-01	1.529468818516799000e-01	7.381194035301921752e-02	2.922900118487143165e-02	7.673922569990225540e-02
1.180415932131889122e+03	2.523414576651458741e-01	1.612207814934796812e-01	2.533808266445446433e-01	1.530923938341546275e-01	7.387293710302503258e-02	2.926083213789405432e-02	7.683077112170680345e-02
1.182834817238716823e+03	2.520043733410920472e-01	1.609890930210179649e-01	2.536206290810451569e-01	1.532374915873162269e-01	7.393376111442058474e-02	2.929258878106476630e-02	7.692206307399404586e-02
1.185253702345544298e+03	2.516682530353410718e-01	1.607580465025780503e-01	2.538597376902740899e-01	1.533821763440040564e-01	7.399441289089850327e-02	2.932427131236439374e-02	7.701310222449070375e-02
1.187672587452371999e+03	2.513330938577643114e-01	1.605276402735572316e-01	2.540981544324668606e-01	1.535264493327685165e-01	7.405489293453028365e-02	2.935587992918665956e-02	7.710388923967710639e-02
1.190091472559199701e+03	2.509988929286302572e-01	1.602978726721123459e-01	2.543358812624185172e-01	1.536703117778937533e-01	7.411520174577344855e-02	2.938741482834038646e-02	7.719442478478229230e-02
1.192510357666027403e+03	2.506656473785456307e-01	1.600687420391775362e-01	2.545729201294981148e-01	1.538137648994201967e-01	7.417533982347865318e-02	2.941887620605170700e-02	7.728470952377916592e-02
1.194929242772855105e+03	2.503333543483970969e-01	1.598402467184817377e-01	2.548092729776624821e-01	1.539568099131668477e-01	7.423530766489680466e-02	2.945026425796622854e-02	7.737474411937983465e-02
1.197348127879682352e+03	2.500020109892931996e-01	1.596123850565657476e-01	2.550449417454703771e-01	1.540994480307533443e-01	7.429510576568605640e-02	2.948157917915122592e-02	7.746452923303108473e-02
1.199767012986510281e+03	2.496716144625073797e-01	1.593851554027987949e-01	2.552799283660964758e-01	1.542416804596219715e-01	7.435473461991878863e-02	2.951282116409777515e-02	7.755406552490988481e-02
1.202185898093337983e+03	2.493421619394208810e-01	1.591585561093949719e-01	2.555142347673453052e-01	1.543835084030594218e-01	7.441419472008849179e-02	2.954399040672291490e-02	7.764335365391913935e-02
1.204604783200165684e+03	2.490136506014667961e-01	1.589325855314291103e-01	2.557478628716652325e-01	1.545249330602182225e-01	7.447348655711664989e-02	2.957508710037175942e-02	7.773239427768344201e-02
1.207023668306993159e+03	2.486860776400742212e-01	1.587072420268522965e-01	2.559808145961623982e-01	1.546659556261381352e-01	7.453261062035954065e-02	2.960611143781963217e-02	7.782118805254500948e-02
1.209442553413820860e+03	2.483594402566131620e-01	1.584825239565071375e-01	2.562130918526147605e-01	1.548065772917673333e-01	7.459156739761503563e-02	2.963706361127415451e-02	7.790973563355971243e-02
1.211861438520648335e+03	2.480337356623397993e-01	1.582584296841426930e-01	2.564446965474856954e-01	1.549467992439833020e-01	7.465035737512926151e-02	2.966794381237735506e-02	7.799803767449317582e-02
1.214280323627476264e+03	2.477089610783423379e-01	1.580349575764289083e-01	2.566756305819382078e-01	1.550866226656137659e-01	7.470898103760330311e-02	2.969875223220773408e-02	7.808609482781707356e-02
1.216699208734303511e+03	2.473851137354873830e-01	1.578121060029707701e-01	2.569058958518484204e-01	1.552260487354571450e-01	7.476743886819978147e-02	2.972948906128233121e-02	7.817390774470549253e-02
1.219118093841131440e+03	2.470621908743667883e-01	1.575898733363221560e-01	2.571354942478197292e-01	1.553650786283031215e-01	7.482573134854941799e-02	2.976015448955879328e-02	7.826147707503136597e-02
1.221536978947959142e+03	2.467401897452448645e-01	1.573682579519994906e-01	2.573644276551962928e-01	1.555037135149527627e-01	7.488385895875759868e-02	2.979074870643740394e-02	7.834880346736301793e-02
1.223955864054786844e+03	2.464191076080063381e-01	1.571472582284947350e-01	2.575926979540769102e-01	1.556419545622386158e-01	7.494182217741078567e-02	2.982127190076311329e-02	7.843588756896090197e-02
1.226374749161614318e+03	2.460989417321044759e-01	1.569268725472883208e-01	2.578203070193289537e-01	1.557798029330447476e-01	7.499962148158297037e-02	2.985172426082756056e-02	7.852273002577432603e-02
1.228793634268442020e+03	2.457796893965099594e-01	1.567070992928617512e-01	2.580472567206018586e-01	1.559172597863263121e-01	7.505725734684204342e-02	2.988210597437108984e-02	7.860933148243832991e-02
1.231212519375269494e+03	2.454613478896600087e-01	1.564879368527097303e-01	2.582735489223408343e-01	1.560543262771292572e-01	7.511473024725613679e-02	2.991241722858471730e-02	7.869569258227068764e-02
1.233631404482097196e+03	2.451439145094081173e-01	1.562693836173521533e-01	2.584991854838005754e-01	1.561910035566095589e-01	7.517204065539989655e-02	2.994265821011215037e-02	7.878181396726896546e-02
1.236050289588924898e+03	2.448273865629741475e-01	1.560514379803456808e-01	2.587241682590589731e-01	1.563272927720525951e-01	7.522918904236070015e-02	2.997282910505172718e-02	7.886769627810767680e-02
1.238469174695752372e+03	2.445117613668948975e-01	1.558340983382951461e-01	2.589484990970304934e-01	1.564631950668922133e-01	7.528617587774490139e-02	3.000293009895839760e-02	7.895334015413553452e-02
1.240888059802580301e+03	2.441970362469750855e-01	1.556173630908644356e-01	2.591721798414801103e-01	1.565987115807294383e-01	7.534300162968397829e-02	3.003296137684566269e-02	7.903874623337282801e-02
1.243306944909407548e+03	2.438832085382389714e-01	1.554012306407873967e-01	2.593952123310367397e-01	1.567338434493514843e-01	7.539966676484056995e-02	3.006292312318751062e-02	7.912391515250885576e-02
1.245725830016235477e+03	2.435702755848820622e-01	1.551856993938781626e-01	2.596175983992066727e-01	1.568685918047501848e-01	7.545617174841463826e-02	3.009281552192036302e-02	7.920884754689949681e-02
1.248144715123063179e+03	2.432582347402235112e-01	1.549707677590413391e-01	2.598393398743870653e-01	1.570029577751405059e-01	7.551251704414942145e-02	3.012263875644495548e-02	7.929354405056476818e-02
1.250563600229890881e+03	2.429470833666588780e-01	1.547564341482819406e-01	2.600604385798796492e-01	1.571369424849787533e-01	7.556870311433745713e-02	3.015239300962827690e-02	7.937800529618659062e-02
1.252982485336718355e+03	2.426368188356131661e-01	1.545426969767149383e-01	2.602808963339040549e-01	1.572705470549808082e-01	7.562473041982650801e-02	3.018207846380543957e-02	7.946223191510658201e-02
1.255401370443546057e+03	2.423274385274945264e-01	1.543295546625746972e-01	2.605007149496113561e-01	1.574037726021399464e-01	7.568059942002547391e-02	3.021169530078158388e-02	7.954622453732392018e-02
1.257820255550373531e+03	2.420189398316481832e-01	1.541170056272239686e-01	2.607198962350972260e-01	1.575366202397448234e-01	7.573631057291022040e-02	3.024124370183373101e-02	7.962998379149335837e-02
1.260239140657201460e+03	2.417113201463108318e-01	1.539050482951627441e-01	2.609384419934155375e-01	1.576690910773970999e-01	7.579186433502939357e-02	3.027072384771265640e-02	7.971351030492318523e-02
1.262658025764028707e+03	2.414045768785654245e-01	1.536936810940368325e-01	2.611563540225919078e-01	1.578011862210289273e-01	7.584726116151026265e-02	3.030013591864474248e-02	7.979680470357344846e-02
1.265076910870856636e+03	2.410987074442962619e-01	1.534829024546460474e-01	2.613736341156364662e-01	1.579329067729204339e-01	7.590250150606439594e-02	3.032948009433381747e-02	7.987986761205412289e-02
1.267495795977684338e+03	2.407937092681446123e-01	1.532727108109524783e-01	2.615902840605577873e-01	1.580642538317169055e-01	7.595758582099337852e-02	3.035875655396298722e-02	7.996269965362343135e-02
1.269914681084511813e+03	2.404895797834647464e-01	1.530631046000881512e-01	2.618063056403757138e-01	1.581952284924459107e-01	7.601251455719446048e-02	3.038796547619645669e-02	8.004530145018615150e-02
1.272333566191339514e+03	2.401863164322801114e-01	1.528540822623626338e-01	2.620217006331348464e-01	1.583258318465343706e-01	7.606728816416621908e-02	3.041710703918134445e-02	8.012767362229217261e-02
1.274752451298167216e+03	2.398839166652400878e-01	1.526456422412703073e-01	2.622364708119175880e-01	1.584560649818252120e-01	7.612190709001412370e-02	3.044618142054948337e-02	8.020981678913485791e-02
1.277171336404994690e+03	2.395823779415771071e-01	1.524377829834974996e-01	2.624506179448576892e-01	1.585859289825942431e-01	7.617637178145605925e-02	3.047518879741921427e-02	8.029173156854979565e-02
1.279590221511822392e+03	2.392816977290640468e-01	1.522305029389293962e-01	2.626641437951531266e-01	1.587154249295665842e-01	7.623068268382786339e-02	3.050412934639716925e-02	8.037341857701338355e-02
1.282009106618650094e+03	2.389818735039720421e-01	1.520238005606565634e-01	2.628770501210793697e-01	1.588445538999332385e-01	7.628484024108882211e-02	3.053300324358003415e-02	8.045487842964157976e-02
1.284427991725477568e+03	2.386829027510285750e-01	1.518176743049814148e-01	2.630893386760022601e-01	1.589733169673672730e-01	7.633884489582705435e-02	3.056181066455632492e-02	8.053611174018870944e-02
1.286846876832305497e+03	2.383847829633761739e-01	1.516121226314244008e-01	2.633010112083916110e-01	1.591017152020400560e-01	7.639269708926496594e-02	3.059055178440812928e-02	8.061711912104636835e-02
1.289265761939132744e+03	2.380875116425310301e-01	1.514071440027299209e-01	2.635120694618338089e-01	1.592297496706372717e-01	7.644639726126455093e-02	3.061922677771287266e-02	8.069790118324232653e-02
1.291684647045960673e+03	2.377910862983423912e-01	1.512027368848721243e-01	2.637225151750449692e-01	1.593574214363748798e-01	7.649994585033283168e-02	3.064783581854502864e-02	8.077845853643958463e-02
1.294103532152788375e+03	2.374955044489520661e-01	1.509988997470603500e-01	2.639323500818841484e-01	1.594847315590148529e-01	7.655334329362706303e-02	3.067637908047786063e-02	8.085879178893548569e-02
1.296522417259616077e+03	2.372007636207542625e-01	1.507956310617445672e-01	2.641415759113660555e-01	1.596116810948809417e-01	7.660659002695999198e-02	3.070485673658513576e-02	8.093890154766079925e-02
1.298941302366443551e+03	2.369068613483558960e-01	1.505929293046204820e-01	2.643501943876743754e-01	1.597382710968741348e-01	7.665968648480517289e-02	3.073326895944282489e-02	8.101878841817894417e-02
1.301360187473271253e+03	2.366137951745370394e-01	1.503907929546343669e-01	2.645582072301741472e-01	1.598645026144881187e-01	7.671263310030208837e-02	3.076161592113080961e-02	8.109845300468529472e-02
1.303779072580098727e+03	2.363215626502118971e-01	1.501892204939878073e-01	2.647656161534251984e-01	1.599903766938245708e-01	7.676543030526133959e-02	3.078989779323457535e-02	8.117789591000651450e-02
1.306197957686926657e+03	2.360301613343899485e-01	1.499882104081423362e-01	2.649724228671947457e-01	1.601158943776083698e-01	7.681807853016973942e-02	3.081811474684689051e-02	8.125711773559991802e-02
1.308616842793753904e+03	2.357395887941374224e-01	1.497877611858235147e-01	2.651786290764703846e-01	1.602410567052026391e-01	7.687057820419550269e-02	3.084626695256946841e-02	8.133611908155298498e-02
1.311035727900581833e+03	2.354498426045393278e-01	1.495878713190253173e-01	2.653842364814729127e-01	1.603658647126237347e-01	7.692292975519315901e-02	3.087435458051464993e-02	8.141490054658287456e-02
1.313454613007409534e+03	2.351609203486613175e-01	1.493885393030139619e-01	2.655892467776688748e-01	1.604903194325561222e-01	7.697513360970874297e-02	3.090237780030704803e-02	8.149346272803595359e-02
1.315873498114237009e+03	2.348728196175123850e-01	1.491897636363316293e-01	2.657936616557836640e-01	1.606144218943669766e-01	7.702719019298470693e-02	3.093033678108519230e-02	8.157180622188747732e-02
1.318292383221064711e+03	2.345855380100075049e-01	1.489915428208001547e-01	2.659974828018141224e-01	1.607381731241209755e-01	7.707909992896487539e-02	3.095823169150317689e-02	8.164993162274129801e-02
1.320711268327892412e+03	2.342990731329307463e-01	1.487938753615243304e-01	2.662007118970411423e-01	1.608615741445946212e-01	7.713086324029945484e-02	3.098606269973228425e-02	8.172783952382955963e-02
1.323130153434719887e+03	2.340134226008985519e-01	1.485967597668951534e-01	2.664033506180426003e-01	1.609846259752907849e-01	7.718248054834987715e-02	3.101382997346260537e-02	8.180553051701257294e-02
1.325549038541547588e+03	2.337285840363234335e-01	1.484001945485929341e-01	2.666054006367057361e-01	1.611073296324530002e-01	7.723395227319372613e-02	3.104153367990467038e-02	8.188300519277860734e-02
1.327967923648375290e+03	2.334445550693779736e-01	1.482041782215900716e-01	2.668068636202401422e-01	1.612296861290795080e-01	7.728527883362956707e-02	3.106917398579102721e-02	8.196026414024383533e-02
1.330386808755202765e+03	2.331613333379589648e-01	1.480087093041538571e-01	2.670077412311900322e-01	1.613516964749374394e-01	7.733646064718170676e-02	3.109675105737786521e-02	8.203730794715230479e-02
1.332805693862030694e+03	2.328789164876519657e-01	1.478137863178489442e-01	2.672080351274468968e-01	1.614733616765767765e-01	7.738749813010506462e-02	3.112426506044658689e-02	8.211413719987595283e-02
1.335224578968857941e+03	2.325973021716960520e-01	1.476194077875397637e-01	2.674077469622621606e-01	1.615946827373441752e-01	7.743839169738990502e-02	3.115171616030540380e-02	8.219075248341466133e-02
1.337643464075685870e+03	2.323164880509490104e-01	1.474255722413927439e-01	2.676068783842597276e-01	1.617156606573968980e-01	7.748914176276654187e-02	3.117910452179090131e-02	8.226715438139635406e-02
1.340062349182513572e+03	2.320364717938525057e-01	1.472322782108783090e-01	2.678054310374482494e-01	1.618362964337162202e-01	7.753974873871008477e-02	3.120643030926960326e-02	8.234334347607724647e-02
1.342481234289341273e+03	2.317572510763978577e-01	1.470395242307729056e-01	2.680034065612337257e-01	1.619565910601211411e-01	7.759021303644507428e-02	3.123369368663955065e-02	8.241932034834195675e-02
1.344900119396168748e+03	2.314788235820918749e-01	1.468473088391606118e-01	2.682008065904320504e-01	1.620765455272819011e-01	7.764053506595011700e-02	3.126089481733181769e-02	8.249508557770383887e-02
1.347319004502996449e+03	2.312011870019229365e-01	1.466556305774348590e-01	2.683976327552813346e-01	1.621961608227332208e-01	7.769071523596253470e-02	3.128803386431209393e-02	8.257063974230528791e-02
1.349737889609823924e+03	2.309243390343274638e-01	1.464644879902997632e-01	2.685938866814541193e-01	1.623154379308877071e-01	7.774075395398297172e-02	3.131511099008218307e-02	8.264598341891803146e-02
1.352156774716651853e+03	2.306482773851567525e-01	1.462738796257715135e-01	2.687895699900700874e-01	1.624343778330488708e-01	7.779065162627989138e-02	3.134212635668156416e-02	8.272111718294362925e-02
1.354575659823479100e+03	2.303729997676435826e-01	1.460838040351794542e-01	2.689846842977080543e-01	1.625529815074243933e-01	7.784040865789414176e-02	3.136908012568889736e-02	8.279604160841383398e-02
1.356994544930307029e+03	2.300985039023696055e-01	1.458942597731672230e-01	2.691792312164182910e-01	1.626712499291390057e-01	7.789002545264352151e-02	3.139597245822354360e-02	8.287075726799114639e-02
1.359413430037134731e+03	2.298247875172328425e-01	1.457052453976934725e-01	2.693732123537351808e-01	1.627891840702473392e-01	7.793950241312713745e-02	3.142280351494704943e-02	8.294526473296930102e-02
1.361832315143962205e+03	2.295518483474151550e-01	1.455167594700327305e-01	2.695666293126890434e-01	1.629067848997468593e-01	7.798883994072998427e-02	3.144957345606468058e-02	8.301956457327384908e-02
1.364251200250789907e+03	2.292796841353503257e-01	1.453288005547759554e-01	2.697594836918185135e-01	1.630240533835904670e-01	7.803803843562731601e-02	3.147628244132688602e-02	8.309365735746281068e-02
1.366670085357617609e+03	2.290082926306922506e-01	1.451413672198310079e-01	2.699517770851826981e-01	1.631409904846991832e-01	7.808709829678905923e-02	3.150293063003081762e-02	8.316754365272728544e-02
1.369088970464445310e+03	2.287376715902832147e-01	1.449544580364229285e-01	2.701435110823733887e-01	1.632575971629746658e-01	7.813601992198415669e-02	3.152951818102175952e-02	8.324122402489218808e-02
1.371507855571272785e+03	2.284678187781227499e-01	1.447680715790943262e-01	2.703346872685270519e-01	1.633738743753116451e-01	7.818480370778500832e-02	3.155604525269463390e-02	8.331469903841698388e-02
1.373926740678100487e+03	2.281987319653362434e-01	1.445822064257051842e-01	2.705253072243370971e-01	1.634898230756103021e-01	7.823345004957167614e-02	3.158251200299547201e-02	8.338796925639642421e-02
1.376345625784927961e+03	2.279304089301442959e-01	1.443968611574331096e-01	2.707153725260659227e-01	1.636054442147885368e-01	7.828195934153631130e-02	3.160891858942284360e-02	8.346103524056143474e-02
1.378764510891755890e+03	2.276628474578319405e-01	1.442120343587729447e-01	2.709048847455568509e-01	1.637207387407941528e-01	7.833033197668738679e-02	3.163526516902932101e-02	8.353389755127989258e-02
1.381183395998583137e+03	2.273960453407182503e-01	1.440277246175366288e-01	2.710938454502463402e-01	1.638357075986169864e-01	7.837856834685388852e-02	3.166155189842292245e-02	8.360655674755755606e-02
1.383602281105411066e+03	2.271300003781261123e-01	1.438439305248526423e-01	2.712822562031757534e-01	1.639503517303008973e-01	7.842666884268964522e-02	3.168777893376854837e-02	8.367901338703902236e-02
1.386021166212238768e+03	2.268647103763523631e-01	1.436606506751656465e-01	2.714701185630034597e-01	1.640646720749556753e-01	7.847463385367747790e-02	3.171394643078942477e-02	8.375126802600861564e-02
1.388440051319066470e+03	2.266001731486378123e-01	1.434778836662357060e-01	2.716574340840168245e-01	1.641786695687690034e-01	7.852246376813340478e-02	3.174005454476850480e-02	8.382332121939145564e-02
1.390858936425893944e+03	2.263363865151378773e-01	1.432956280991376508e-01	2.718442043161439226e-01	1.642923451450181149e-01	7.857015897321079079e-02	3.176610343054990515e-02	8.389517352075445689e-02
1.393277821532721646e+03	2.260733483028931901e-01	1.431138825782601320e-01	2.720304308049655839e-01	1.644056997340816173e-01	7.861771985490446923e-02	3.179209324254031466e-02	8.396682548230741117e-02
1.395696706639549120e+03	2.258110563458004538e-01	1.429326457113047066e-01	2.722161150917272177e-01	1.645187342634509831e-01	7.866514679805490518e-02	3.181802413471038204e-02	8.403827765490405610e-02
1.398115591746377049e+03	2.255495084845836051e-01	1.427519161092846434e-01	2.724012587133506913e-01	1.646314496577422071e-01	7.871244018635224771e-02	3.184389626059612455e-02	8.410953058804324090e-02
1.400534476853204296e+03	2.252887025667650034e-01	1.425716923865238961e-01	2.725858632024458772e-01	1.647438468387071309e-01	7.875960040234041004e-02	3.186970977330033650e-02	8.418058482987011981e-02
1.402953361960032225e+03	2.250286364466370925e-01	1.423919731606557160e-01	2.727699300873226984e-01	1.648559267252450167e-01	7.880662782742109407e-02	3.189546482549394241e-02	8.425144092717727629e-02
1.405372247066859927e+03	2.247693079852340070e-01	1.422127570526212359e-01	2.729534608920026750e-01	1.649676902334136774e-01	7.885352284185784266e-02	3.192116156941741251e-02	8.432209942540598580e-02
1.407791132173687402e+03	2.245107150503034277e-01	1.420340426866680272e-01	2.731364571362309146e-01	1.650791382764408011e-01	7.890028582478003649e-02	3.194680015688211583e-02	8.439256086864749262e-02
1.410210017280515103e+03	2.242528555162788539e-01	1.418558286903485177e-01	2.733189203354874919e-01	1.651902717647351360e-01	7.894691715418687694e-02	3.197238073927167329e-02	8.446282579964430048e-02
1.412628902387342805e+03	2.239957272642517927e-01	1.416781136945182429e-01	2.735008520009991617e-01	1.653010916058975099e-01	7.899341720695134128e-02	3.199790346754334547e-02	8.453289475979144929e-02
1.415047787494170507e+03	2.237393281819442803e-01	1.415008963333340974e-01	2.736822536397512384e-01	1.654115987047319047e-01	7.903978635882411008e-02	3.202336849222937876e-02	8.460276828913791680e-02
1.417466672600997981e+03	2.234836561636815433e-01	1.413241752442523924e-01	2.738631267544987535e-01	1.655217939632563640e-01	7.908602498443753626e-02	3.204877596343834456e-02	8.467244692638797865e-02
1.419885557707825683e+03	2.232287091103650201e-01	1.411479490680270232e-01	2.740434728437785572e-01	1.656316782807139010e-01	7.913213345730940596e-02	3.207412603085649933e-02	8.474193120890258224e-02
1.422304442814653157e+03	2.229744849294452436e-01	1.409722164487071661e-01	2.742232934019204205e-01	1.657412525535832404e-01	7.917811214984699086e-02	3.209941884374910986e-02	8.481122167270081780e-02
1.424723327921481086e+03	2.227209815348952515e-01	1.407969760336353349e-01	2.744025899190588036e-01	1.658505176755896704e-01	7.922396143335078134e-02	3.212465455096178563e-02	8.488031885246138941e-02
1.427142213028308333e+03	2.224681968471839133e-01	1.406222264734450778e-01	2.745813638811442359e-01	1.659594745377155345e-01	7.926968167801838605e-02	3.214983330092181096e-02	8.494922328152404445e-02
1.429561098135136262e+03	2.222161287932497287e-01	1.404479664220585622e-01	2.747596167699548619e-01	1.660681240282110005e-01	7.931527325294827901e-02	3.217495524163944964e-02	8.501793549189114174e-02
1.431979983241963964e+03	2.219647753064744322e-01	1.402741945366842435e-01	2.749373500631077105e-01	1.661764670326044968e-01	7.936073652614368534e-02	3.220002052070928406e-02	8.508645601422915039e-02
1.434398868348791666e+03	2.217141343266570974e-01	1.401009094778143949e-01	2.751145652340704628e-01	1.662845044337131484e-01	7.940607186451624500e-02	3.222502928531149197e-02	8.515478537787025959e-02
1.436817753455619140e+03	2.214642037999882684e-01	1.399281099092223590e-01	2.752912637521722772e-01	1.663922371116532406e-01	7.945127963388987080e-02	3.224998168221319267e-02	8.522292411081391905e-02
1.439236638562446842e+03	2.212149816790242862e-01	1.397557944979600231e-01	2.754674470826156685e-01	1.664996659438505444e-01	7.949636019900441219e-02	3.227487785776968904e-02	8.529087273972846273e-02
1.441655523669274316e+03	2.209664659226618366e-01	1.395839619143550980e-01	2.756431166864875548e-01	1.666067918050505581e-01	7.954131392351941610e-02	3.229971795792581368e-02	8.535863178995277412e-02
1.444074408776102018e+03	2.207186544961126651e-01	1.394126108320082047e-01	2.758182740207706374e-01	1.667136155673286935e-01	7.958614117001780452e-02	3.232450212821715713e-02	8.542620178549793775e-02
1.446493293882929493e+03	2.204715453708782635e-01	1.392417399277899592e-01	2.759929205383547246e-01	1.668201381001004346e-01	7.963084230000953834e-02	3.234923051377141395e-02	8.549358324904887674e-02
1.448912178989757422e+03	2.202251365247250570e-01	1.390713478818380866e-01	2.761670576880476125e-01	1.669263602701314131e-01	7.967541767393530872e-02	3.237390325930960405e-02	8.556077670196611529e-02
1.451331064096585123e+03	2.199794259416595898e-01	1.389014333775543397e-01	2.763406869145868527e-01	1.670322829415474275e-01	7.971986765117015927e-02	3.239852050914737019e-02	8.562778266428747176e-02
1.453749949203412370e+03	2.197344116119037127e-01	1.387319951016013353e-01	2.765138096586506333e-01	1.671379069758443525e-01	7.976419259002712203e-02	3.242308240719623397e-02	8.569460165472983504e-02
1.456168834310240300e+03	2.194900915318702961e-01	1.385630317438993897e-01	2.766864273568688803e-01	1.672432332318981307e-01	7.980839284776075626e-02	3.244758909696486560e-02	8.576123419069091314e-02
1.458587719417068001e+03	2.192464637041387776e-01	1.383945419976232993e-01	2.768585414418344715e-01	1.673482625659744871e-01	7.985246878057086772e-02	3.247204072156031213e-02	8.582768078825102342e-02
1.461006604523895703e+03	2.190035261374310149e-01	1.382265245591988989e-01	2.770301533421145046e-01	1.674529958317387546e-01	7.989642074360595037e-02	3.249643742368926030e-02	8.589394196217491062e-02
1.463425489630723177e+03	2.187612768465872770e-01	1.380589781282997863e-01	2.772012644822610117e-01	1.675574338802655328e-01	7.994024909096676679e-02	3.252077934565929945e-02	8.596001822591357866e-02
1.465844374737550879e+03	2.185197138525424576e-01	1.378919014078437422e-01	2.773718762828223383e-01	1.676615775600485136e-01	7.998395417570992871e-02	3.254506662938012884e-02	8.602591009160615032e-02
1.468263259844378354e+03	2.182788351823022610e-01	1.377252931039892325e-01	2.775419901603540240e-01	1.677654277170098074e-01	8.002753634985136644e-02	3.256929941636481363e-02	8.609161807008172684e-02
1.470682144951206283e+03	2.180386388689197485e-01	1.375591519261318563e-01	2.777116075274298490e-01	1.678689851945096845e-01	8.007099596436985378e-02	3.259347784773099915e-02	8.615714267086128919e-02
1.473101030058033530e+03	2.177991229514718852e-01	1.373934765869006258e-01	2.778807297926526587e-01	1.679722508333559294e-01	8.011433336921042203e-02	3.261760206420213221e-02	8.622248440215958543e-02
1.475519915164861459e+03	2.175602854750363635e-01	1.372282658021542479e-01	2.780493583606655217e-01	1.680752254718134442e-01	8.015754891328795428e-02	3.264167220610869613e-02	8.628764377088705972e-02
1.477938800271689161e+03	2.173221244906684002e-01	1.370635182909774319e-01	2.782174946321624431e-01	1.681779099456134074e-01	8.020064294449046061e-02	3.266568841338939044e-02	8.635262128265183690e-02
1.480357685378516862e+03	2.170846380553778376e-01	1.368992327756768934e-01	2.783851400038993562e-01	1.682803050879626283e-01	8.024361580968264462e-02	3.268965082559238677e-02	8.641741744176162365e-02
1.482776570485344337e+03	2.168478242321063842e-01	1.367354079817776069e-01	2.785522958687049466e-01	1.683824117295528999e-01	8.028646785470930358e-02	3.271355958187649460e-02	8.648203275122573475e-02
