1.001418434226643626e+03	2.809656295019110073e-01	1.796698676452847254e-01	2.332679875108072398e-01	1.411745549278289880e-01	6.889368975570306364e-02	2.671708207718778358e-02	6.931118858122278792e-02
1.002869765290740247e+03	2.807156379809737090e-01	1.794991624687692633e-01	2.334450208840653795e-01	1.412826399277458955e-01	6.893892082668379162e-02	2.674033520214059642e-02	6.937828270956694632e-02
1.004321096354836754e+03	2.804660728908420775e-01	1.793287430890224132e-01	2.336217482837864567e-01	1.413905374273827786e-01	6.898407403257923731e-02	2.676355728848945487e-02	6.944526698784314611e-02
1.005772427418933376e+03	2.802169334687264479e-01	1.791586090574392998e-01	2.337981702302046050e-01	1.414982477734783861e-01	6.902914951271110766e-02	2.678674838273663664e-02	6.951214157464907784e-02
1.007223758483029997e+03	2.799682189536119581e-01	1.789887599257550810e-01	2.339742872426701370e-01	1.416057713119630301e-01	6.907414740611397819e-02	2.680990853130012577e-02	6.957890662853126462e-02
1.008675089547126618e+03	2.797199285862497775e-01	1.788191952460493617e-01	2.341500998396512101e-01	1.417131083879616948e-01	6.911906785153616728e-02	2.683303778051385896e-02	6.964556230798346625e-02
1.010126420611223239e+03	2.794720616091485033e-01	1.786499145707506619e-01	2.343256085387352139e-01	1.418202593457973115e-01	6.916391098744065213e-02	2.685613617662797534e-02	6.971210877144513873e-02
1.011577751675319632e+03	2.792246172665658888e-01	1.784809174526405251e-01	2.345008138566302414e-01	1.419272245289939782e-01	6.920867695200597081e-02	2.687920376580906281e-02	6.977854617729978282e-02
1.013029082739416367e+03	2.789775948044999065e-01	1.783122034448578475e-01	2.346757163091666987e-01	1.420340042802800962e-01	6.925336588312701325e-02	2.690224059414041136e-02	6.984487468387343134e-02
1.014480413803512761e+03	2.787309934706806991e-01	1.781437721009029862e-01	2.348503164112988872e-01	1.421405989415915061e-01	6.929797791841602050e-02	2.692524670762225583e-02	6.991109444943310880e-02
1.015931744867609382e+03	2.784848125145620301e-01	1.779756229746418672e-01	2.350246146771063083e-01	1.422470088540746247e-01	6.934251319520334800e-02	2.694822215217200501e-02	6.997720563218530476e-02
1.017383075931706003e+03	2.782390511873133465e-01	1.778077556203099263e-01	2.351986116197953280e-01	1.423532343580895809e-01	6.938697185053843697e-02	2.697116697362449481e-02	7.004320839027441958e-02
1.018834406995802851e+03	2.779937087418113961e-01	1.776401695925161894e-01	2.353723077517005657e-01	1.424592757932132692e-01	6.943135402119055000e-02	2.699408121773223465e-02	7.010910288178134886e-02
1.020285738059899245e+03	2.777487844326322897e-01	1.774728644462470195e-01	2.355457035842865032e-01	1.425651334982424301e-01	6.947565984364972858e-02	2.701696493016562950e-02	7.017488926472191524e-02
1.021737069123995752e+03	2.775042775160433961e-01	1.773058397368701133e-01	2.357187996281489839e-01	1.426708078111966760e-01	6.951988945412761189e-02	2.703981815651324006e-02	7.024056769704546677e-02
1.023188400188092373e+03	2.772601872499955156e-01	1.771390950201381931e-01	2.358915963930165727e-01	1.427762990693215717e-01	6.956404298855826951e-02	2.706264094228199441e-02	7.030613833663337808e-02
1.024639731252188767e+03	2.770165128941149413e-01	1.769726298521927255e-01	2.360640943877521380e-01	1.428816076090914933e-01	6.960812058259908952e-02	2.708543333289743782e-02	7.037160134129763489e-02
1.026091062316285615e+03	2.767732537096956325e-01	1.768064437895675578e-01	2.362362941203544064e-01	1.429867337662128202e-01	6.965212237163154185e-02	2.710819537370396173e-02	7.043695686877946005e-02
1.027542393380382237e+03	2.765304089596916093e-01	1.766405363891926650e-01	2.364081960979593500e-01	1.430916778756267660e-01	6.969604849076208031e-02	2.713092710996503620e-02	7.050220507674780090e-02
1.028993724444478858e+03	2.762879779087094034e-01	1.764749072083974801e-01	2.365798008268416575e-01	1.431964402715122930e-01	6.973989907482297523e-02	2.715362858686343889e-02	7.056734612279803864e-02
1.030445055508575479e+03	2.760459598230002864e-01	1.763095558049145306e-01	2.367511088124162610e-01	1.433010212872891376e-01	6.978367425837306293e-02	2.717629984950148750e-02	7.063238016445050338e-02
1.031896386572671872e+03	2.758043539704527758e-01	1.761444817368828519e-01	2.369221205592397794e-01	1.434054212556206687e-01	6.982737417569861993e-02	2.719894094290126532e-02	7.069730735914922515e-02
1.033347717636768493e+03	2.755631596205854739e-01	1.759796845628513740e-01	2.370928365710121000e-01	1.435096405084168025e-01	6.987099896081419570e-02	2.722155191200483978e-02	7.076212786426049062e-02
1.034799048700865114e+03	2.753223760445391299e-01	1.758151638417821960e-01	2.372632573505777109e-01	1.436136793768367503e-01	6.991454874746338977e-02	2.724413280167450532e-02	7.082684183707153858e-02
1.036250379764961508e+03	2.750820025150701453e-01	1.756509191330538899e-01	2.374333833999272003e-01	1.437175381912920158e-01	6.995802366911968440e-02	2.726668365669299501e-02	7.089144943478925542e-02
1.037701710829058356e+03	2.748420383065426909e-01	1.754869499964647750e-01	2.376032152201988379e-01	1.438212172814491707e-01	7.000142385898720787e-02	2.728920452176369915e-02	7.095595081453880126e-02
1.039153041893154750e+03	2.746024826949217124e-01	1.753232559922359712e-01	2.377727533116798797e-01	1.439247169762326584e-01	7.004474945000156716e-02	2.731169544151090117e-02	7.102034613336243030e-02
1.040604372957251599e+03	2.743633349577661584e-01	1.751598366810146190e-01	2.379419981738080947e-01	1.440280376038275967e-01	7.008800057483065282e-02	2.733415646047998582e-02	7.108463554821806141e-02
1.042055704021347992e+03	2.741245943742212643e-01	1.749966916238769044e-01	2.381109503051732634e-01	1.441311794916824984e-01	7.013117736587540230e-02	2.735658762313766118e-02	7.114881921597809855e-02
1.043507035085444613e+03	2.738862602250122791e-01	1.748338203823311121e-01	2.382796102035185937e-01	1.442341429665121022e-01	7.017427995527059092e-02	2.737898897387217728e-02	7.121289729342816788e-02
1.044958366149541234e+03	2.736483317924371939e-01	1.746712225183205125e-01	2.384479783657421637e-01	1.443369283543001202e-01	7.021730847488560912e-02	2.740136055699354464e-02	7.127686993726585485e-02
1.046409697213637855e+03	2.734108083603599137e-01	1.745088975942263587e-01	2.386160552878984209e-01	1.444395359803018475e-01	7.026026305632528113e-02	2.742370241673373898e-02	7.134073730409945524e-02
1.047861028277734476e+03	2.731736892142034301e-01	1.743468451728707180e-01	2.387838414651995422e-01	1.445419661690469648e-01	7.030314383093058672e-02	2.744601459724692674e-02	7.140449955044680941e-02
1.049312359341831097e+03	2.729369736409432701e-01	1.741850648175193583e-01	2.389513373920169881e-01	1.446442192443422314e-01	7.034595092977943831e-02	2.746829714260968017e-02	7.146815683273403941e-02
1.050763690405927491e+03	2.727006609291006689e-01	1.740235560918843849e-01	2.391185435618828348e-01	1.447462955292740938e-01	7.038868448368751363e-02	2.749055009682116815e-02	7.153170930729439714e-02
1.052215021470024112e+03	2.724647503687359640e-01	1.738623185601270993e-01	2.392854604674913288e-01	1.448481953462113225e-01	7.043134462320889411e-02	2.751277350380339215e-02	7.159515713036704310e-02
1.053666352534120733e+03	2.722292412514421556e-01	1.737013517868606083e-01	2.394520886007002469e-01	1.449499190168077878e-01	7.047393147863693919e-02	2.753496740740138046e-02	7.165850045809593616e-02
1.055117683598217127e+03	2.719941328703383010e-01	1.735406553371525717e-01	2.396184284525322838e-01	1.450514668620048464e-01	7.051644518000500794e-02	2.755713185138339641e-02	7.172173944652861233e-02
1.056569014662313975e+03	2.717594245200632419e-01	1.733802287765276173e-01	2.397844805131766066e-01	1.451528392020341729e-01	7.055888585708715299e-02	2.757926687944114996e-02	7.178487425161507451e-02
1.058020345726410369e+03	2.715251154967689429e-01	1.732200716709700883e-01	2.399502452719902146e-01	1.452540363564201742e-01	7.060125363939893928e-02	2.760137253519000244e-02	7.184790502920669619e-02
1.059471676790506763e+03	2.712912050981143297e-01	1.730601835869263472e-01	2.401157232174994105e-01	1.453550586439826264e-01	7.064354865619816570e-02	2.762344886216917469e-02	7.191083193505502791e-02
1.060923007854603611e+03	2.710576926232590167e-01	1.729005640913073572e-01	2.402809148374011605e-01	1.454559063828392562e-01	7.068577103648558679e-02	2.764549590384193789e-02	7.197365512481071481e-02
1.062374338918700232e+03	2.708245773728572559e-01	1.727412127514911522e-01	2.404458206185644820e-01	1.455565798904082386e-01	7.072792090900566209e-02	2.766751370359582865e-02	7.203637475402244195e-02
1.063825669982796853e+03	2.705918586490513311e-01	1.725821291353250853e-01	2.406104410470320532e-01	1.456570794834106675e-01	7.076999840224725002e-02	2.768950230474284679e-02	7.209899097813579627e-02
1.065277001046893474e+03	2.703595357554659517e-01	1.724233128111281876e-01	2.407747766080214069e-01	1.457574054778731365e-01	7.081200364444442674e-02	2.771146175051965310e-02	7.216150395249221194e-02
1.066728332110990095e+03	2.701276079972018129e-01	1.722647633476935836e-01	2.409388277859265126e-01	1.458575581891302098e-01	7.085393676357712445e-02	2.773339208408776360e-02	7.222391383232794337e-02
1.068179663175086489e+03	2.698960746808297673e-01	1.721064803142906552e-01	2.411025950643189975e-01	1.459575379318269195e-01	7.089579788737185306e-02	2.775529334853376814e-02	7.228622077277295499e-02
1.069630994239183110e+03	2.696649351143849405e-01	1.719484632806671520e-01	2.412660789259498118e-01	1.460573450199210699e-01	7.093758714330250514e-02	2.777716558686950388e-02	7.234842492884992204e-02
1.071082325303279504e+03	2.694341886073606251e-01	1.717907118170515779e-01	2.414292798527504225e-01	1.461569797666858739e-01	7.097930465859095261e-02	2.779900884203225647e-02	7.241052645547318978e-02
1.072533656367376352e+03	2.692038344707025077e-01	1.716332254941551616e-01	2.415921983258342842e-01	1.462564424847122846e-01	7.102095056020785169e-02	2.782082315688496829e-02	7.247252550744776034e-02
1.073984987431472746e+03	2.689738720168030617e-01	1.714760038831740496e-01	2.417548348254982549e-01	1.463557334859113823e-01	7.106252497487326736e-02	2.784260857421641533e-02	7.253442223946830747e-02
1.075436318495569594e+03	2.687443005594955525e-01	1.713190465557913045e-01	2.419171898312239832e-01	1.464548530815168725e-01	7.110402802905745057e-02	2.786436513674140844e-02	7.259621680611812178e-02
1.076887649559666215e+03	2.685151194140484310e-01	1.711623530841789864e-01	2.420792638216793247e-01	1.465538015820873063e-01	7.114545984898147657e-02	2.788609288710098416e-02	7.265790936186823645e-02
1.078338980623762609e+03	2.682863278971596155e-01	1.710059230409999853e-01	2.422410572747196456e-01	1.466525792975085785e-01	7.118682056061800822e-02	2.790779186786260246e-02	7.271950006107630315e-02
1.079790311687859230e+03	2.680579253269508300e-01	1.708497559994102410e-01	2.424025706673893776e-01	1.467511865369962587e-01	7.122811028969189273e-02	2.792946212152031676e-02	7.278098905798577323e-02
1.081241642751955851e+03	2.678299110229623303e-01	1.706938515330603812e-01	2.425638044759232670e-01	1.468496236090978679e-01	7.126932916168096654e-02	2.795110369049498555e-02	7.284237650672487074e-02
1.082692973816052472e+03	2.676022843061471312e-01	1.705382092160977192e-01	2.427247591757478451e-01	1.469478908216952651e-01	7.131047730181662436e-02	2.797271661713444588e-02	7.290366256130566269e-02
1.084144304880149093e+03	2.673750444988655106e-01	1.703828286231681144e-01	2.428854352414826778e-01	1.470459884820068674e-01	7.135155483508458241e-02	2.799430094371370761e-02	7.296484737562314304e-02
1.085595635944245487e+03	2.671481909248798470e-01	1.702277093294177479e-01	2.430458331469419198e-01	1.471439168965900657e-01	7.139256188622554455e-02	2.801585671243512696e-02	7.302593110345428906e-02
1.087046967008342108e+03	2.669217229093490129e-01	1.700728509104948438e-01	2.432059533651355632e-01	1.472416763713433885e-01	7.143349857973582684e-02	2.803738396542860764e-02	7.308691389845718700e-02
1.088498298072438729e+03	2.666956397788231570e-01	1.699182529425515287e-01	2.433657963682709091e-01	1.473392672115088897e-01	7.147436503986809297e-02	2.805888274475177788e-02	7.314779591417010229e-02
1.089949629136535123e+03	2.664699408612381526e-01	1.697639150022453858e-01	2.435253626277538996e-01	1.474366897216742578e-01	7.151516139063199273e-02	2.808035309239017077e-02	7.320857730401057750e-02
1.091400960200631971e+03	2.662446254859107686e-01	1.696098366667411761e-01	2.436846526141904501e-01	1.475339442057751471e-01	7.155588775579482808e-02	2.810179505025740473e-02	7.326925822127461352e-02
1.092852291264728365e+03	2.660196929835332291e-01	1.694560175137125591e-01	2.438436667973877814e-01	1.476310309670973986e-01	7.159654425888221929e-02	2.812320866019537430e-02	7.332983881913572588e-02
1.094303622328825213e+03	2.657951426861681066e-01	1.693024571213436191e-01	2.440024056463560020e-01	1.477279503082792045e-01	7.163713102317877113e-02	2.814459396397442706e-02	7.339031925064412598e-02
1.095754953392921607e+03	2.655709739272430481e-01	1.691491550683304756e-01	2.441608696293092462e-01	1.478247025313133289e-01	7.167764817172869729e-02	2.816595100329353021e-02	7.345069966872588840e-02
1.097206284457018228e+03	2.653471860415459460e-01	1.689961109338826983e-01	2.443190592136671446e-01	1.479212879375493561e-01	7.171809582733650046e-02	2.818727981978046485e-02	7.351098022618206274e-02
1.098657615521114849e+03	2.651237783652198865e-01	1.688433242977249726e-01	2.444769748660561015e-01	1.480177068276957442e-01	7.175847411256765229e-02	2.820858045499199940e-02	7.357116107568786867e-02
1.100108946585211470e+03	2.649007502357578203e-01	1.686907947400985430e-01	2.446346170523107377e-01	1.481139595018220179e-01	7.179878314974917630e-02	2.822985295041405968e-02	7.363124236979187720e-02
1.101560277649308091e+03	2.646781009919980110e-01	1.685385218417626008e-01	2.447919862374751954e-01	1.482100462593609613e-01	7.183902306097031398e-02	2.825109734746191620e-02	7.369122426091521960e-02
1.103011608713404712e+03	2.644558299741189278e-01	1.683865051839957550e-01	2.449490828858044977e-01	1.483059673991107552e-01	7.187919396808317707e-02	2.827231368748034726e-02	7.375110690135068536e-02
1.104462939777501106e+03	2.642339365236343607e-01	1.682347443485973926e-01	2.451059074607659094e-01	1.484017232192370306e-01	7.191929599270339979e-02	2.829350201174381935e-02	7.381089044326209769e-02
1.105914270841597499e+03	2.640124199833888685e-01	1.680832389178891217e-01	2.452624604250402962e-01	1.484973140172750339e-01	7.195932925621073561e-02	2.831466236145665713e-02	7.387057503868335595e-02
1.107365601905694348e+03	2.637912796975523944e-01	1.679319884747159097e-01	2.454187422405234020e-01	1.485927400901316808e-01	7.199929387974969563e-02	2.833579477775322389e-02	7.393016083951779727e-02
1.108816932969790741e+03	2.635705150116159912e-01	1.677809926024475817e-01	2.455747533683272366e-01	1.486880017340876659e-01	7.203918998423022857e-02	2.835689930169807416e-02	7.398964799753730837e-02
1.110268264033887590e+03	2.633501252723869923e-01	1.676302508849800421e-01	2.457304942687814353e-01	1.487830992447994882e-01	7.207901769032824812e-02	2.837797597428615148e-02	7.404903666438170107e-02
1.111719595097984211e+03	2.631301098279842932e-01	1.674797629067364402e-01	2.458859654014345919e-01	1.488780329173016170e-01	7.211877711848635464e-02	2.839902483644293416e-02	7.410832699155783798e-02
1.113170926162080832e+03	2.629104680278336881e-01	1.673295282526685024e-01	2.460411672250555348e-01	1.489728030460083785e-01	7.215846838891437631e-02	2.842004592902461560e-02	7.416751913043899413e-02
1.114622257226177226e+03	2.626911992226633186e-01	1.671795465082575594e-01	2.461961001976347430e-01	1.490674099247161211e-01	7.219809162159004923e-02	2.844103929281827092e-02	7.422661323226406593e-02
1.116073588290273847e+03	2.624723027644990103e-01	1.670298172595159614e-01	2.463507647763855390e-01	1.491618538466051858e-01	7.223764693625958633e-02	2.846200496854202344e-02	7.428560944813686340e-02
1.117524919354370468e+03	2.622537780066597768e-01	1.668803400929879666e-01	2.465051614177456718e-01	1.492561351042418771e-01	7.227713445243831580e-02	2.848294299684521469e-02	7.434450792902538852e-02
1.118976250418467089e+03	2.620356243037533228e-01	1.667311145957509899e-01	2.466592905773782873e-01	1.493502539895805725e-01	7.231655428941127783e-02	2.850385341830856401e-02	7.440330882576116911e-02
1.120427581482563710e+03	2.618178410116716037e-01	1.665821403554166857e-01	2.468131527101735945e-01	1.494442107939655817e-01	7.235590656623382133e-02	2.852473627344432466e-02	7.446201228903849556e-02
1.121878912546660331e+03	2.616004274875864399e-01	1.664334169601319469e-01	2.469667482702500028e-01	1.495380058081332009e-01	7.239519140173221456e-02	2.854559160269648510e-02	7.452061846941382406e-02
1.123330243610756725e+03	2.613833830899449095e-01	1.662849439985800148e-01	2.471200777109553437e-01	1.496316393222136554e-01	7.243440891450425578e-02	2.856641944644087994e-02	7.457912751730498557e-02
1.124781574674853118e+03	2.611667071784652405e-01	1.661367210599813404e-01	2.472731414848684806e-01	1.497251116257330705e-01	7.247355922291986996e-02	2.858721984498539814e-02	7.463753958299063074e-02
1.126232905738949967e+03	2.609503991141322587e-01	1.659887477340948048e-01	2.474259400438003909e-01	1.498184230076153034e-01	7.251264244512166390e-02	2.860799283857012182e-02	7.469585481660946658e-02
1.127684236803046360e+03	2.607344582591931692e-01	1.658410236112185243e-01	2.475784738387954986e-01	1.499115737561841077e-01	7.255165869902555076e-02	2.862873846736748232e-02	7.475407336815965975e-02
1.129135567867143209e+03	2.605188839771533926e-01	1.656935482821907668e-01	2.477307433201330344e-01	1.500045641591647438e-01	7.259060810232137451e-02	2.864945677148244066e-02	7.481219538749817044e-02
1.130586898931239830e+03	2.603036756327721801e-01	1.655463213383910059e-01	2.478827489373283954e-01	1.500973945036861434e-01	7.262949077247340957e-02	2.867014779095263671e-02	7.487022102434012782e-02
1.132038229995336451e+03	2.600888325920585054e-01	1.653993423717406430e-01	2.480344911391343665e-01	1.501900650762826583e-01	7.266830682672099917e-02	2.869081156574853839e-02	7.492815042825819172e-02
1.133489561059432845e+03	2.598743542222669012e-01	1.652526109747039784e-01	2.481859703735423417e-01	1.502825761628960588e-01	7.270705638207913823e-02	2.871144813577361510e-02	7.498598374868188643e-02
1.134940892123529466e+03	2.596602398918930743e-01	1.651061267402890720e-01	2.483371870877838505e-01	1.503749280488773099e-01	7.274573955533904235e-02	2.873205754086448349e-02	7.504372113489705953e-02
1.136392223187626087e+03	2.594464889706702415e-01	1.649598892620485480e-01	2.484881417283316130e-01	1.504671210189884867e-01	7.278435646306871676e-02	2.875263982079108091e-02	7.510136273604522961e-02
1.137843554251722708e+03	2.592331008295646333e-01	1.648138981340802889e-01	2.486388347409010380e-01	1.505591553574045505e-01	7.282290722161355312e-02	2.877319501525679377e-02	7.515890870112298949e-02
1.139294885315819101e+03	2.590200748407718301e-01	1.646681529510283515e-01	2.487892665704514172e-01	1.506510313477153751e-01	7.286139194709684297e-02	2.879372316389864489e-02	7.521635917898140955e-02
1.140746216379915950e+03	2.588074103777123214e-01	1.645226533080837161e-01	2.489394376611871462e-01	1.507427492729273566e-01	7.289981075542042999e-02	2.881422430628742190e-02	7.527371431832548254e-02
1.142197547444012343e+03	2.585951068150278975e-01	1.643773988009849807e-01	2.490893484565591398e-01	1.508343094154654118e-01	7.293816376226519571e-02	2.883469848192783680e-02	7.533097426771349914e-02
1.143648878508108737e+03	2.583831635285773753e-01	1.642323890260189989e-01	2.492389993992660258e-01	1.509257120571746158e-01	7.297645108309165629e-02	2.885514573025869250e-02	7.538813917555652055e-02
1.145100209572205586e+03	2.581715798954329899e-01	1.640876235800217686e-01	2.493883909312555880e-01	1.510169574793222003e-01	7.301467283314055923e-02	2.887556609065302510e-02	7.544520919011776794e-02
1.146551540636302207e+03	2.579603552938761202e-01	1.639431020603789035e-01	2.495375234937257936e-01	1.511080459625992745e-01	7.305282912743336909e-02	2.889595960241824954e-02	7.550218445951213664e-02
1.148002871700398828e+03	2.577494891033939028e-01	1.637988240650264660e-01	2.496863975271262082e-01	1.511989777871224905e-01	7.309092008077286429e-02	2.891632630479632621e-02	7.555906513170561334e-02
1.149454202764495449e+03	2.575389807046748469e-01	1.636547891924514386e-01	2.498350134711593284e-01	1.512897532324359584e-01	7.312894580774370601e-02	2.893666623696389273e-02	7.561585135451466544e-02
1.150905533828591842e+03	2.573288294796055031e-01	1.635109970416924186e-01	2.499833717647818032e-01	1.513803725775129672e-01	7.316690642271293787e-02	2.895697943803243052e-02	7.567254327560581084e-02
1.152356864892688463e+03	2.571190348112661894e-01	1.633674472123402832e-01	2.501314728462056269e-01	1.514708361007577331e-01	7.320480203983058265e-02	2.897726594704840702e-02	7.572914104249503509e-02
1.153808195956785084e+03	2.569095960839276604e-01	1.632241393045386624e-01	2.502793171528995830e-01	1.515611440800070930e-01	7.324263277303016961e-02	2.899752580299341798e-02	7.578564480254730562e-02
1.155259527020881706e+03	2.567005126830471662e-01	1.630810729189844654e-01	2.504269051215903263e-01	1.516512967925323085e-01	7.328039873602926191e-02	2.901775904478435045e-02	7.584205470297600282e-02
1.156710858084978327e+03	2.564917839952648437e-01	1.629382476569284643e-01	2.505742371882637709e-01	1.517412945150408421e-01	7.331810004233003941e-02	2.903796571127350776e-02	7.589837089084247590e-02
1.158162189149074720e+03	2.562834094083997760e-01	1.627956631201759596e-01	2.507213137881662002e-01	1.518311375236778560e-01	7.335573680521978446e-02	2.905814584124877600e-02	7.595459351305550166e-02
1.159613520213171569e+03	2.560753883114467722e-01	1.626533189110870581e-01	2.508681353558057658e-01	1.519208260940281829e-01	7.339330913777147858e-02	2.907829947343376284e-02	7.601072271637078492e-02
1.161064851277267962e+03	2.558677200945723151e-01	1.625112146325772555e-01	2.510147023249535980e-01	1.520103605011177972e-01	7.343081715284426048e-02	2.909842664648794319e-02	7.606675864739052828e-02
1.162516182341364356e+03	2.556604041491112311e-01	1.623693498881179365e-01	2.511610151286451376e-01	1.520997410194156740e-01	7.346826096308400889e-02	2.911852739900679110e-02	7.612270145256289089e-02
1.163967513405461204e+03	2.554534398675629703e-01	1.622277242817366794e-01	2.513070741991811907e-01	1.521889679228353720e-01	7.350564068092391157e-02	2.913860176952194972e-02	7.617855127818153049e-02
1.165418844469557826e+03	2.552468266435880540e-01	1.620863374180179783e-01	2.514528799681294835e-01	1.522780414847366981e-01	7.354295641858486776e-02	2.915864979650135275e-02	7.623430827038515933e-02
1.166870175533654447e+03	2.550405638720047441e-01	1.619451889021032986e-01	2.515984328663255498e-01	1.523669619779274009e-01	7.358020828807614044e-02	2.917867151834937708e-02	7.628997257515705843e-02
1.168321506597751068e+03	2.548346509487852685e-01	1.618042783396916595e-01	2.517437333238744523e-01	1.524557296746648360e-01	7.361739640119582817e-02	2.919866697340697814e-02	7.634554433832463349e-02
1.169772837661847461e+03	2.546290872710523789e-01	1.616636053370401060e-01	2.518887817701515042e-01	1.525443448466575480e-01	7.365452086953135080e-02	2.921863619995183903e-02	7.640102370555897082e-02
1.171224168725944082e+03	2.544238722370760764e-01	1.615231695009638757e-01	2.520335786338039341e-01	1.526328077650669357e-01	7.369158180446006012e-02	2.923857923619850932e-02	7.645641082237439323e-02
1.172675499790040703e+03	2.542190052462700023e-01	1.613829704388369257e-01	2.521781243427518859e-01	1.527211187005088622e-01	7.372857931714962842e-02	2.925849612029853344e-02	7.651170583412800208e-02
1.174126830854137097e+03	2.540144856991881639e-01	1.612430077585920718e-01	2.523224193241896396e-01	1.528092779230553755e-01	7.376551351855868688e-02	2.927838689034060679e-02	7.656690888601930256e-02
1.175578161918233945e+03	2.538103129975213257e-01	1.611032810687214878e-01	2.524664640045871655e-01	1.528972857022361242e-01	7.380238451943726963e-02	2.929825158435071103e-02	7.662202012308971799e-02
1.177029492982330339e+03	2.536064865440940119e-01	1.609637899782768999e-01	2.526102588096909018e-01	1.529851423070401339e-01	7.383919243032731339e-02	2.931809024029225288e-02	7.667703969022221511e-02
1.178480824046426733e+03	2.534030057428608984e-01	1.608245340968699200e-01	2.527538041645254197e-01	1.530728480059172503e-01	7.387593736156322644e-02	2.933790289606618557e-02	7.673196773214087385e-02
1.179932155110523581e+03	2.531998699989033152e-01	1.606855130346723226e-01	2.528971004933942002e-01	1.531604030667798322e-01	7.391261942327230494e-02	2.935768958951117530e-02	7.678680439341048491e-02
1.181383486174620202e+03	2.529970787184265268e-01	1.605467264024162122e-01	2.530401482198814112e-01	1.532478077570042507e-01	7.394923872537534359e-02	2.937745035840370889e-02	7.684154981843617505e-02
1.182834817238716823e+03	2.527946313087558461e-01	1.604081738113943834e-01	2.531829477668526285e-01	1.533350623434325544e-01	7.398579537758703806e-02	2.939718524045825329e-02	7.689620415146297683e-02
1.184286148302813444e+03	2.525925271783337478e-01	1.602698548734604322e-01	2.533254995564562795e-01	1.534221670923738567e-01	7.402228948941655395e-02	2.941689427332737361e-02	7.695076753657544011e-02
1.185737479366910065e+03	2.523907657367164270e-01	1.601317692010291172e-01	2.534678040101249197e-01	1.535091222696060298e-01	7.405872117016797096e-02	2.943657749460188225e-02	7.700524011769729893e-02
1.187188810431006686e+03	2.521893463945709124e-01	1.599939164070764142e-01	2.536098615485762320e-01	1.535959281403772303e-01	7.409509052894081016e-02	2.945623494181096383e-02	7.705962203859102744e-02
1.188640141495103080e+03	2.519882685636713471e-01	1.598562961051397391e-01	2.537516725918146920e-01	1.536825849694073431e-01	7.413139767463056140e-02	2.947586665242231396e-02	7.711391344285753457e-02
1.190091472559199701e+03	2.517875316568964905e-01	1.597189079093182251e-01	2.538932375591320678e-01	1.537690930208896190e-01	7.416764271592905799e-02	2.949547266384226415e-02	7.716811447393577550e-02
1.191542803623296322e+03	2.515871350882258883e-01	1.595817514342726950e-01	2.540345568691093625e-01	1.538554525584921173e-01	7.420382576132510122e-02	2.951505301341593446e-02	7.722222527510237688e-02
1.192994134687392716e+03	2.513870782727372633e-01	1.594448262952258832e-01	2.541756309396177027e-01	1.539416638453591224e-01	7.423994691910486277e-02	2.953460773842734449e-02	7.727624598947126222e-02
1.194445465751489564e+03	2.511873606266031289e-01	1.593081321079626578e-01	2.543164601878193376e-01	1.540277271441129470e-01	7.427600629735239823e-02	2.955413687609955570e-02	7.733017675999337426e-02
1.195896796815585958e+03	2.509879815670878478e-01	1.591716684888299649e-01	2.544570450301693043e-01	1.541136427168550982e-01	7.431200400395011896e-02	2.957364046359479970e-02	7.738401772945628643e-02
1.197348127879682352e+03	2.507889405125444116e-01	1.590354350547371065e-01	2.545973858824162606e-01	1.541994108251678874e-01	7.434794014657926386e-02	2.959311853801461015e-02	7.743776904048386978e-02
1.198799458943779200e+03	2.505902368824115545e-01	1.588994314231557681e-01	2.547374831596037059e-01	1.542850317301160123e-01	7.438381483272042682e-02	2.961257113639995456e-02	7.749143083553595990e-02
1.200250790007875821e+03	2.503918700972106448e-01	1.587636572121199907e-01	2.548773372760715916e-01	1.543705056922478336e-01	7.441962816965398686e-02	2.963199829573135921e-02	7.754500325690802387e-02
1.201702121071972442e+03	2.501938395785426317e-01	1.586281120402263656e-01	2.550169486454569312e-01	1.544558329715969847e-01	7.445538026446060775e-02	2.965140005292904099e-02	7.759848644673086882e-02
1.203153452136069063e+03	2.499961447490851585e-01	1.584927955266340338e-01	2.551563176806954658e-01	1.545410138276837875e-01	7.449107122402166825e-02	2.967077644485304269e-02	7.765188054697029496e-02
1.204604783200165684e+03	2.497987850325894821e-01	1.583577072910647976e-01	2.552954447940225524e-01	1.546260485195166401e-01	7.452670115501980330e-02	2.969012750830334751e-02	7.770518569942680420e-02
1.206056114264262078e+03	2.496017598538776416e-01	1.582228469538030369e-01	2.554343303969745516e-01	1.547109373055935988e-01	7.456227016393933427e-02	2.970945328002002131e-02	7.775840204573523928e-02
1.207507445328358699e+03	2.494050686388394056e-01	1.580882141356958204e-01	2.555729749003899376e-01	1.547956804439035716e-01	7.459777835706669913e-02	2.972875379668332707e-02	7.781152972736460338e-02
1.208958776392455093e+03	2.492087108144294683e-01	1.579538084581528778e-01	2.557113787144105199e-01	1.548802781919280114e-01	7.463322584049100761e-02	2.974802909491386024e-02	7.786456888561761602e-02
1.210410107456551941e+03	2.490126858086644523e-01	1.578196295431465446e-01	2.558495422484824977e-01	1.549647308066421647e-01	7.466861272010444361e-02	2.976727921127267015e-02	7.791751966163057430e-02
1.211861438520648335e+03	2.488169930506200778e-01	1.576856770132118168e-01	2.559874659113579032e-01	1.550490385445165709e-01	7.470393910160270934e-02	2.978650418226139185e-02	7.797038219637288103e-02
1.213312769584745183e+03	2.486216319704282474e-01	1.575519504914463242e-01	2.561251501110954898e-01	1.551332016615183940e-01	7.473920509048553873e-02	2.980570404432236059e-02	7.802315663064696150e-02
1.214764100648841804e+03	2.484266019992742991e-01	1.574184496015103296e-01	2.562625952550621200e-01	1.552172204131128386e-01	7.477441079205714158e-02	2.982487883383874369e-02	7.807584310508786096e-02
1.216215431712937971e+03	2.482319025693940917e-01	1.572851739676264793e-01	2.563998017499338200e-01	1.553010950542646207e-01	7.480955631142666151e-02	2.984402858713466888e-02	7.812844176016299491e-02
1.217666762777034819e+03	2.480375331140712014e-01	1.571521232145799696e-01	2.565367700016971120e-01	1.553848258394392168e-01	7.484464175350857840e-02	2.986315334047533882e-02	7.818095273617189922e-02
1.219118093841131440e+03	2.478434930676342018e-01	1.570192969677183525e-01	2.566735004156499578e-01	1.554684130226044181e-01	7.487966722302323574e-02	2.988225313006716288e-02	7.823337617324599425e-02
1.220569424905228061e+03	2.476497818654538052e-01	1.568866948529515915e-01	2.568099933964031467e-01	1.555518568572314408e-01	7.491463282449724315e-02	2.990132799205787520e-02	7.828571221134826563e-02
1.222020755969324682e+03	2.474563989439401146e-01	1.567543164967517277e-01	2.569462493478812948e-01	1.556351575962965916e-01	7.494953866226397587e-02	2.992037796253665255e-02	7.833796099027302839e-02
1.223472087033421303e+03	2.472633437405398760e-01	1.566221615261530753e-01	2.570822686733241769e-01	1.557183154922823776e-01	7.498438484046396346e-02	2.993940307753424276e-02	7.839012264964573262e-02
1.224923418097517697e+03	2.470706156937338693e-01	1.564902295687518319e-01	2.572180517752876705e-01	1.558013307971790051e-01	7.501917146304534767e-02	2.995840337302309656e-02	7.844219732892265817e-02
1.226374749161614318e+03	2.468782142430339943e-01	1.563585202527061069e-01	2.573535990556451436e-01	1.558842037624856292e-01	7.505389863376438209e-02	2.997737888491746466e-02	7.849418516739069263e-02
1.227826080225710712e+03	2.466861388289806611e-01	1.562270332067358380e-01	2.574889109155885647e-01	1.559669346392117961e-01	7.508856645618582071e-02	2.999632964907353663e-02	7.854608630416710924e-02
1.229277411289807560e+03	2.464943888931402372e-01	1.560957680601225972e-01	2.576239877556295577e-01	1.560495236778787209e-01	7.512317503368337590e-02	3.001525570128954837e-02	7.859790087819933102e-02
1.230728742353903954e+03	2.463029638781021879e-01	1.559647244427092849e-01	2.577588299756006229e-01	1.561319711285205081e-01	7.515772446944014862e-02	3.003415707730591397e-02	7.864962902826469482e-02
1.232180073418000802e+03	2.461118632274764961e-01	1.558339019849002693e-01	2.578934379746563033e-01	1.562142772406856506e-01	7.519221486644905861e-02	3.005303381280534022e-02	7.870127089297022926e-02
1.233631404482097196e+03	2.459210863858910523e-01	1.557033003176609698e-01	2.580278121512744050e-01	1.562964422634382233e-01	7.522664632751333014e-02	3.007188594341294111e-02	7.875282661075246049e-02
1.235082735546193817e+03	2.457306327989890737e-01	1.555729190725178290e-01	2.581619529032568860e-01	1.563784664453591877e-01	7.526101895524685281e-02	3.009071350469636613e-02	7.880429631987719008e-02
1.236534066610290438e+03	2.455405019134264122e-01	1.554427578815580635e-01	2.582958606277313551e-01	1.564603500345477793e-01	7.529533285207469506e-02	3.010951653216590099e-02	7.885568015843927303e-02
1.237985397674387059e+03	2.453506931768690003e-01	1.553128163774294135e-01	2.584295357211518485e-01	1.565420932786227015e-01	7.532958812023345108e-02	3.012829506127460630e-02	7.890697826436240958e-02
1.239436728738483680e+03	2.451612060379902980e-01	1.551830941933400598e-01	2.585629785793004398e-01	1.566236964247234575e-01	7.536378486177175429e-02	3.014704912741841825e-02	7.895819077539895092e-02
1.240888059802580301e+03	2.449720399464686837e-01	1.550535909630583464e-01	2.586961895972880177e-01	1.567051597195116830e-01	7.539792317855062431e-02	3.016577876593627347e-02	7.900931782912973267e-02
1.242339390866676695e+03	2.447831943529850118e-01	1.549243063209125859e-01	2.588291691695555063e-01	1.567864834091723114e-01	7.543200317224393880e-02	3.018448401211022356e-02	7.906035956296385281e-02
1.243790721930773088e+03	2.445946687092198923e-01	1.547952399017907543e-01	2.589619176898749209e-01	1.568676677394148788e-01	7.546602494433889141e-02	3.020316490116554606e-02	7.911131611413847742e-02
1.245242052994869937e+03	2.444064624678514153e-01	1.546663913411404079e-01	2.590944355513508102e-01	1.569487129554748284e-01	7.549998859613632485e-02	3.022182146827087287e-02	7.916218761971867413e-02
1.246693384058966330e+03	2.442185750825524859e-01	1.545377602749682666e-01	2.592267231464211452e-01	1.570296193021147313e-01	7.553389422875123049e-02	3.024045374853828738e-02	7.921297421659724558e-02
1.248144715123063179e+03	2.440310060079882992e-01	1.544093463398401034e-01	2.593587808668583738e-01	1.571103870236255640e-01	7.556774194311310922e-02	3.025906177702345282e-02	7.926367604149449353e-02
1.249596046187159800e+03	2.438437546998140359e-01	1.542811491728803275e-01	2.594906091037708085e-01	1.571910163638279012e-01	7.560153183996648485e-02	3.027764558872571982e-02	7.931429323095813555e-02
1.251047377251256421e+03	2.436568206146722815e-01	1.541531684117719569e-01	2.596222082476035142e-01	1.572715075660731932e-01	7.563526401987118175e-02	3.029620521858824092e-02	7.936482592136305525e-02
1.252498708315352815e+03	2.434702032101905556e-01	1.540254036947560079e-01	2.597535786881396969e-01	1.573518608732450419e-01	7.566893858320286603e-02	3.031474070149809200e-02	7.941527424891119125e-02
1.253950039379449436e+03	2.432839019449789530e-01	1.538978546606315501e-01	2.598847208145014798e-01	1.574320765277603118e-01	7.570255563015340639e-02	3.033325207228636591e-02	7.946563834963131512e-02
1.255401370443546057e+03	2.430979162786277292e-01	1.537705209487552072e-01	2.600156350151514029e-01	1.575121547715704062e-01	7.573611526073126266e-02	3.035173936572831133e-02	7.951591835937897590e-02
1.256852701507642678e+03	2.429122456717048018e-01	1.536434021990409349e-01	2.601463216778933107e-01	1.575920958461625720e-01	7.576961757476192993e-02	3.037020261654341940e-02	7.956611441383627803e-02
1.258304032571739299e+03	2.427268895857534192e-01	1.535164980519596600e-01	2.602767811898735184e-01	1.576718999925609821e-01	7.580306267188836877e-02	3.038864185939555568e-02	7.961622664851168707e-02
1.259755363635835920e+03	2.425418474832897464e-01	1.533898081485390863e-01	2.604070139375819215e-01	1.577515674513280119e-01	7.583645065157135212e-02	3.040705712889306064e-02	7.966625519873998806e-02
1.261206694699932314e+03	2.423571188278005328e-01	1.532633321303631668e-01	2.605370203068531620e-01	1.578310984625653779e-01	7.586978161308993718e-02	3.042544845958885733e-02	7.971620019968210513e-02
1.262658025764028707e+03	2.421727030837407812e-01	1.531370696395720210e-01	2.606668006828677386e-01	1.579104932659154137e-01	7.590305565554179845e-02	3.044381588598056923e-02	7.976606178632490718e-02
1.264109356828125556e+03	2.419885997165311942e-01	1.530110203188614348e-01	2.607963554501529502e-01	1.579897521005621530e-01	7.593627287784369961e-02	3.046215944251063831e-02	7.981584009348115238e-02
1.265560687892221949e+03	2.418048081925562032e-01	1.528851838114825834e-01	2.609256849925842281e-01	1.580688752052326340e-01	7.596943337873186819e-02	3.048047916356641171e-02	7.986553525578932167e-02
1.267012018956318798e+03	2.416213279791613044e-01	1.527595597612416700e-01	2.610547896933861911e-01	1.581478628181980095e-01	7.600253725676237027e-02	3.049877508348027705e-02	7.991514740771345215e-02
1.268463350020415419e+03	2.414381585446509770e-01	1.526341478124995377e-01	2.611836699351336999e-01	1.582267151772747127e-01	7.603558461031155458e-02	3.051704723652975265e-02	7.996467668354312330e-02
1.269914681084511813e+03	2.412552993582862404e-01	1.525089476101713915e-01	2.613123260997529118e-01	1.583054325198255674e-01	7.606857553757641333e-02	3.053529565693760203e-02	8.001412321739320710e-02
1.271366012148608434e+03	2.410727498902824339e-01	1.523839587997264378e-01	2.614407585685225022e-01	1.583840150827611482e-01	7.610151013657504016e-02	3.055352037887194491e-02	8.006348714320382642e-02
1.272817343212705055e+03	2.408905096118069689e-01	1.522591810271873569e-01	2.615689677220748299e-01	1.584624631025406682e-01	7.613438850514692158e-02	3.057172143644636478e-02	8.011276859474021628e-02
1.274268674276801676e+03	2.407085779949770243e-01	1.521346139391301089e-01	2.616969539403967149e-01	1.585407768151733399e-01	7.616721074095342270e-02	3.058989886372001990e-02	8.016196770559264051e-02
1.275720005340898297e+03	2.405269545128572994e-01	1.520102571826834892e-01	2.618247176028308254e-01	1.586189564562194565e-01	7.619997694147810641e-02	3.060805269469773354e-02	8.021108460917626692e-02
1.277171336404994690e+03	2.403456386394577926e-01	1.518861104055286571e-01	2.619522590880767887e-01	1.586970022607915587e-01	7.623268720402720522e-02	3.062618296333012580e-02	8.026011943873104237e-02
1.278622667469091539e+03	2.401646298497315812e-01	1.517621732558988579e-01	2.620795787741920235e-01	1.587749144635554610e-01	7.626534162572995434e-02	3.064428970351369685e-02	8.030907232732162337e-02
1.280073998533187932e+03	2.399839276195725180e-01	1.516384453825789791e-01	2.622066770385930723e-01	1.588526932987314455e-01	7.629794030353899414e-02	3.066237294909095190e-02	8.035794340783726508e-02
1.281525329597284326e+03	2.398035314258132045e-01	1.515149264349050506e-01	2.623335542580566004e-01	1.589303390000954830e-01	7.633048333423074483e-02	3.068043273385049827e-02	8.040673281299171027e-02
1.282976660661381175e+03	2.396234407462225491e-01	1.513916160627639951e-01	2.624602108087203955e-01	1.590078518009801489e-01	7.636297081440582279e-02	3.069846909152714604e-02	8.045544067532314769e-02
1.284427991725477568e+03	2.394436550595038238e-01	1.512685139165931281e-01	2.625866470660846996e-01	1.590852319342759835e-01	7.639540284048938756e-02	3.071648205580202601e-02	8.050406712719408719e-02
1.285879322789574417e+03	2.392641738452923883e-01	1.511456196473797420e-01	2.627128634050129308e-01	1.591624796324324354e-01	7.642777950873154424e-02	3.073447166030267991e-02	8.055261230079124868e-02
1.287330653853671038e+03	2.390849965841535252e-01	1.510229329066606618e-01	2.628388601997332374e-01	1.592395951274589716e-01	7.646010091520771823e-02	3.075243793860318181e-02	8.060107632812557599e-02
1.288781984917767431e+03	2.389061227575803026e-01	1.509004533465218290e-01	2.629646378238392201e-01	1.593165786509262438e-01	7.649236715581904378e-02	3.077038092422422488e-02	8.064945934103202874e-02
1.290233315981864052e+03	2.387275518479913261e-01	1.507781806195978014e-01	2.630901966502910416e-01	1.593934304339671704e-01	7.652457832629275258e-02	3.078830065063323934e-02	8.069776147116959619e-02
