1.001418434226643626e+03	2.813328909203428041e-01	1.793859750612103454e-01	2.330921562510383793e-01	1.412161331906724715e-01	6.891541419864266604e-02	2.675524561260117506e-02	6.930218476543911765e-02
1.003837319333471214e+03	2.809161900668449841e-01	1.791021282818343330e-01	2.333860123157135702e-01	1.413963796378031046e-01	6.899081391139127994e-02	2.679472790816121719e-02	6.941374787819845626e-02
1.006256204440298802e+03	2.805006662794177208e-01	1.788190781358535431e-01	2.336790233584354060e-01	1.415761033080228104e-01	6.906599641449202853e-02	2.683412660906954461e-02	6.952500589465582248e-02
1.008675089547126618e+03	2.800863161584652428e-01	1.785368224460461284e-01	2.339711917718202139e-01	1.417553058054301096e-01	6.914096235597143314e-02	2.687344190492657256e-02	6.963595955728715814e-02
1.011093974653954206e+03	2.796731363159266071e-01	1.782553590396589449e-01	2.342625199416910331e-01	1.419339887281030332e-01	6.921571238167542606e-02	2.691267398480315029e-02	6.974660960808873322e-02
1.013512859760782021e+03	2.792611233751966515e-01	1.779746857484353628e-01	2.345530102470977929e-01	1.421121536681366482e-01	6.929024713527999479e-02	2.695182303724331235e-02	6.985695678855714796e-02
1.015931744867609382e+03	2.788502739710486678e-01	1.776948004086420507e-01	2.348426650603375465e-01	1.422898022116802219e-01	6.936456725830174308e-02	2.699088925026699864e-02	6.996700183966973741e-02
1.018350629974437197e+03	2.784405847495579067e-01	1.774157008610947606e-01	2.351314867469742054e-01	1.424669359389739709e-01	6.943867339010817430e-02	2.702987281137273629e-02	7.007674550186521190e-02
1.020769515081264785e+03	2.780320523680267497e-01	1.771373849511830856e-01	2.354194776658587451e-01	1.426435564243853094e-01	6.951256616792818310e-02	2.706877390754027987e-02	7.018618851502463063e-02
1.023188400188092373e+03	2.776246734949107675e-01	1.768598505288941081e-01	2.357066401691488289e-01	1.428196652364450425e-01	6.958624622686221395e-02	2.710759272523325172e-02	7.029533161845279154e-02
1.025607285294920075e+03	2.772184448097462228e-01	1.765830954488355198e-01	2.359929766023287356e-01	1.429952639378825607e-01	6.965971419989244739e-02	2.714632945040173356e-02	7.040417555085977386e-02
1.028026170401747549e+03	2.768133630030786274e-01	1.763071175702572713e-01	2.362784893042289280e-01	1.431703540856613666e-01	6.973297071789288926e-02	2.718498426848484084e-02	7.051272105034303572e-02
1.030445055508575479e+03	2.764094247763926315e-01	1.760319147570727216e-01	2.365631806070458143e-01	1.433449372310136027e-01	6.980601640963934873e-02	2.722355736441325891e-02	7.062096885436956739e-02
1.032863940615402726e+03	2.760066268420427460e-01	1.757574848778787058e-01	2.368470528363611771e-01	1.435190149194746356e-01	6.987885190181934714e-02	2.726204892261175836e-02	7.072891969975853010e-02
1.035282825722230655e+03	2.756049659231855631e-01	1.754838258059748524e-01	2.371301083111616859e-01	1.436925886909170558e-01	6.995147781904198503e-02	2.730045912700168609e-02	7.083657432266408926e-02
1.037701710829058356e+03	2.752044387537126990e-01	1.752109354193819579e-01	2.374123493438582977e-01	1.438656600795843454e-01	7.002389478384762889e-02	2.733878816100341128e-02	7.094393345855859456e-02
1.040120595935886058e+03	2.748050420781849024e-01	1.749388116008597505e-01	2.376937782403055199e-01	1.440382306141243240e-01	7.009610341671765332e-02	2.737703620753878520e-02	7.105099784221607928e-02
1.042539481042713533e+03	2.744067726517673278e-01	1.746674522379234595e-01	2.379743972998207280e-01	1.442103018176220108e-01	7.016810433608397513e-02	2.741520344903352474e-02	7.115776820769598165e-02
1.044958366149541234e+03	2.740096272401657540e-01	1.743968552228601365e-01	2.382542088152033721e-01	1.443818752076323486e-01	7.023989815833858730e-02	2.745329006741962369e-02	7.126424528832715766e-02
1.047377251256368709e+03	2.736136026195637450e-01	1.741270184527438092e-01	2.385332150727539902e-01	1.445529522962124835e-01	7.031148549784299595e-02	2.749129624413768763e-02	7.137042981669228237e-02
1.049796136363196410e+03	2.732186955765606995e-01	1.738579398294500256e-01	2.388114183522932754e-01	1.447235345899537118e-01	7.038286696693760169e-02	2.752922216013928627e-02	7.147632252461236235e-02
1.052215021470024112e+03	2.728249029081111221e-01	1.735896172596698150e-01	2.390888209271810338e-01	1.448936235900131486e-01	7.045404317595091448e-02	2.756706799588926060e-02	7.158192414313163665e-02
1.054633906576851814e+03	2.724322214214644489e-01	1.733220486549226780e-01	2.393654250643352244e-01	1.450632207921450367e-01	7.052501473320885172e-02	2.760483393136800231e-02	7.168723540250274140e-02
1.057052791683679516e+03	2.720406479341059836e-01	1.730552319315692145e-01	2.396412330242504996e-01	1.452323276867317214e-01	7.059578224504381438e-02	2.764252014607374019e-02	7.179225703217206878e-02
1.059471676790506763e+03	2.716501792736987775e-01	1.727891650108228094e-01	2.399162470610171904e-01	1.454009457588142373e-01	7.066634631580377690e-02	2.768012681902475014e-02	7.189698976076544512e-02
1.061890561897334692e+03	2.712608122780262865e-01	1.725238458187608459e-01	2.401904694223399583e-01	1.455690764881228394e-01	7.073670754786128001e-02	2.771765412876159990e-02	7.200143431607410049e-02
1.064309447004162394e+03	2.708725437949360271e-01	1.722592722863352244e-01	2.404639023495563355e-01	1.457367213491069236e-01	7.080686654162232641e-02	2.775510225334934175e-02	7.210559142504077701e-02
1.066728332110990095e+03	2.704853706822833992e-01	1.719954423493822160e-01	2.407365480776554045e-01	1.459038818109648084e-01	7.087682389553526252e-02	2.779247137037967399e-02	7.220946181374621187e-02
1.069147217217817570e+03	2.700992898078772853e-01	1.717323539486318440e-01	2.410084088352961729e-01	1.460705593376731004e-01	7.094658020609960480e-02	2.782976165697310933e-02	7.231304620739580080e-02
1.071566102324645271e+03	2.697142980494259268e-01	1.714700050297166545e-01	2.412794868448260577e-01	1.462367553880160043e-01	7.101613606787461619e-02	2.786697328978109470e-02	7.241634533030653909e-02
1.073984987431472746e+03	2.693303922944834672e-01	1.712083935431797654e-01	2.415497843222992047e-01	1.464024714156140772e-01	7.108549207348809074e-02	2.790410644498813805e-02	7.251935990589412906e-02
1.076403872538300675e+03	2.689475694403974937e-01	1.709475174444825274e-01	2.418193034774948347e-01	1.465677088689528451e-01	7.115464881364486072e-02	2.794116129831389003e-02	7.262209065666043462e-02
1.078822757645127922e+03	2.685658263942571899e-01	1.706873746940116010e-01	2.420880465139354787e-01	1.467324691914109747e-01	7.122360687713535921e-02	2.797813802501520480e-02	7.272453830418111609e-02
1.081241642751955851e+03	2.681851600728423213e-01	1.704279632570855074e-01	2.423560156289050194e-01	1.468967538212884172e-01	7.129236685084403002e-02	2.801503679988820786e-02	7.282670356909348719e-02
1.083660527858783553e+03	2.678055674025726085e-01	1.701692811039607067e-01	2.426232130134669818e-01	1.470605641918340811e-01	7.136092931975769604e-02	2.805185779727031523e-02	7.292858717108456623e-02
1.086079412965611255e+03	2.674270453194585451e-01	1.699113262098370380e-01	2.428896408524824357e-01	1.472239017312732545e-01	7.142929486697392749e-02	2.808860119104225617e-02	7.303018982887947430e-02
1.088498298072438729e+03	2.670495907690518811e-01	1.696540965548627711e-01	2.431553013246280370e-01	1.473867678628349165e-01	7.149746407370928536e-02	2.812526715463004728e-02	7.313151226022993057e-02
1.090917183179266431e+03	2.666732007063974952e-01	1.693975901241393522e-01	2.434201966024139574e-01	1.475491640047785769e-01	7.156543751930750930e-02	2.816185586100698399e-02	7.323255518190302515e-02
1.093336068286093905e+03	2.662978720959855994e-01	1.691418049077253738e-01	2.436843288522015927e-01	1.477110915704208660e-01	7.163321578124766387e-02	2.819836748269558338e-02	7.333331930967015855e-02
1.095754953392921607e+03	2.659236019117048322e-01	1.688867389006402375e-01	2.439477002342216039e-01	1.478725519681621803e-01	7.170079943515217380e-02	2.823480219176953063e-02	7.343380535829628630e-02
1.098173838499749309e+03	2.655503871367956847e-01	1.686323901028674022e-01	2.442103129025914310e-01	1.480335466015125501e-01	7.176818905479485922e-02	2.827116015985558020e-02	7.353401404152928866e-02
1.100592723606577010e+03	2.651782247638046486e-01	1.683787565193572977e-01	2.444721690053330843e-01	1.481940768691178134e-01	7.183538521210891536e-02	2.830744155813547450e-02	7.363394607208954834e-02
1.103011608713404712e+03	2.648071117945389741e-01	1.681258361600296569e-01	2.447332706843906858e-01	1.483541441647850678e-01	7.190238847719478132e-02	2.834364655734782079e-02	7.373360216165977810e-02
1.105430493820231959e+03	2.644370452400220950e-01	1.678736270397754304e-01	2.449936200756481219e-01	1.485137498775082332e-01	7.196919941832798095e-02	2.837977532778995782e-02	7.383298302087505649e-02
1.107849378927059888e+03	2.640680221204492750e-01	1.676221271784584521e-01	2.452532193089464185e-01	1.486728953914930873e-01	7.203581860196689446e-02	2.841582803931980150e-02	7.393208935931298853e-02
1.110268264033887590e+03	2.637000394651442536e-01	1.673713346009167435e-01	2.455120705081012267e-01	1.488315820861824124e-01	7.210224659276046055e-02	2.845180486135767683e-02	7.403092188548411612e-02
1.112687149140715292e+03	2.633330943125163914e-01	1.671212473369632634e-01	2.457701757909202533e-01	1.489898113362804477e-01	7.216848395355589252e-02	2.848770596288812892e-02	7.412948130682252279e-02
1.115106034247542766e+03	2.629671837100178711e-01	1.668718634213863794e-01	2.460275372692204976e-01	1.491475845117775645e-01	7.223453124540625547e-02	2.852353151246174445e-02	7.422776832967660499e-02
1.117524919354370468e+03	2.626023047141018973e-01	1.666231808939500070e-01	2.462841570488455423e-01	1.493049029779744408e-01	7.230038902757804364e-02	2.855928167819690375e-02	7.432578365930005149e-02
1.119943804461197942e+03	2.622384543901813414e-01	1.663751977993934983e-01	2.465400372296827625e-01	1.494617680955060701e-01	7.236605785755864662e-02	2.859495662778156755e-02	7.442352799984301714e-02
1.122362689568025871e+03	2.618756298125874959e-01	1.661279121874310594e-01	2.467951799056805617e-01	1.496181812203656036e-01	7.243153829106382946e-02	2.863055652847502561e-02	7.452100205434336599e-02
1.124781574674853118e+03	2.615138280645300517e-01	1.658813221127507787e-01	2.470495871648652197e-01	1.497741437039278867e-01	7.249683088204508796e-02	2.866608154710962794e-02	7.461820652471831683e-02
1.127200459781681047e+03	2.611530462380567963e-01	1.656354256350136001e-01	2.473032610893581840e-01	1.499296568929728846e-01	7.256193618269703161e-02	2.870153185009251262e-02	7.471514211175601938e-02
1.129619344888508749e+03	2.607932814340142569e-01	1.653902208188516576e-01	2.475562037553929451e-01	1.500847221297088030e-01	7.262685474346465553e-02	2.873690760340730926e-02	7.481180951510747745e-02
1.132038229995336451e+03	2.604345307620084538e-01	1.651457057338666934e-01	2.478084172333319679e-01	1.502393407517950419e-01	7.269158711305057086e-02	2.877220897261582519e-02	7.490820943327858306e-02
1.134457115102163925e+03	2.600767913403666531e-01	1.649018784546278094e-01	2.480599035876834835e-01	1.503935140923649549e-01	7.275613383842222115e-02	2.880743612285973157e-02	7.500434256362231711e-02
1.136876000208991627e+03	2.597200602960989535e-01	1.646587370606691914e-01	2.483106648771184477e-01	1.505472434800483594e-01	7.282049546481896007e-02	2.884258921886221488e-02	7.510020960233110277e-02
1.139294885315819101e+03	2.593643347648605380e-01	1.644162796364874446e-01	2.485607031544872225e-01	1.507005302389938517e-01	7.288467253575919846e-02	2.887766842492963879e-02	7.519581124442936693e-02
1.141713770422646803e+03	2.590096118909144263e-01	1.641745042715387071e-01	2.488100204668363402e-01	1.508533756888910116e-01	7.294866559304741260e-02	2.891267390495315739e-02	7.529114818376621276e-02
1.144132655529474505e+03	2.586558888270946710e-01	1.639334090602354854e-01	2.490586188554249347e-01	1.510057811449922738e-01	7.301247517678116639e-02	2.894760582241037022e-02	7.538622111300831430e-02
1.146551540636302207e+03	2.583031627347698311e-01	1.636929921019432410e-01	2.493065003557417003e-01	1.511577479181346884e-01	7.307610182535798082e-02	2.898246434036689037e-02	7.548103072363290811e-02
1.148970425743129908e+03	2.579514307838066123e-01	1.634532515009766707e-01	2.495536669975211563e-01	1.513092773147615422e-01	7.313954607548231457e-02	2.901724962147796127e-02	7.557557770592099322e-02
1.151389310849957155e+03	2.576006901525346726e-01	1.632141853665958486e-01	2.498001208047602451e-01	1.514603706369435920e-01	7.320280846217232240e-02	2.905196182799002838e-02	7.566986274895057263e-02
1.153808195956785084e+03	2.572509380277107627e-01	1.629757918130020911e-01	2.500458637957347352e-01	1.516110291824003808e-01	7.326588951876675249e-02	2.908660112174232121e-02	7.576388654059024175e-02
1.156227081063612786e+03	2.569021716044840864e-01	1.627380689593336538e-01	2.502908979830156810e-01	1.517612542445211099e-01	7.332878977693162159e-02	2.912116766416838684e-02	7.585764976749273525e-02
1.158645966170440488e+03	2.565543880863617177e-01	1.625010149296610140e-01	2.505352253734856038e-01	1.519110471123855666e-01	7.339150976666693194e-02	2.915566161629764425e-02	7.595115311508870981e-02
1.161064851277267962e+03	2.562075846851741834e-01	1.622646278529821795e-01	2.507788479683550897e-01	1.520604090707847189e-01	7.345405001631341579e-02	2.919008313875690735e-02	7.604439726758070728e-02
1.163483736384095664e+03	2.558617586210417683e-01	1.620289058632177204e-01	2.510217677631785271e-01	1.522093414002410883e-01	7.351641105255903030e-02	2.922443239177190816e-02	7.613738290793715946e-02
1.165902621490923138e+03	2.555169071223408195e-01	1.617938470992053845e-01	2.512639867478708156e-01	1.523578453770291774e-01	7.357859340044563268e-02	2.925870953516880243e-02	7.623011071788660109e-02
1.168321506597751068e+03	2.551730274256706066e-01	1.615594497046949352e-01	2.515055069067231308e-01	1.525059222731954545e-01	7.364059758337543338e-02	2.929291472837565469e-02	7.632258137791199382e-02
1.170740391704578315e+03	2.548301167758205144e-01	1.613257118283423774e-01	2.517463302184191343e-01	1.526535733565783648e-01	7.370242412311756031e-02	2.932704813042392306e-02	7.641479556724524447e-02
1.173159276811406244e+03	2.544881724257375133e-01	1.610926316237043243e-01	2.519864586560510711e-01	1.528007998908280374e-01	7.376407353981445647e-02	2.936110989994993037e-02	7.650675396386176497e-02
1.175578161918233945e+03	2.541471916364937411e-01	1.608602072492318902e-01	2.522258941871355353e-01	1.529476031354260468e-01	7.382554635198826376e-02	2.939510019519631784e-02	7.659845724447521265e-02
1.177997047025061647e+03	2.538071716772547504e-01	1.606284368682647790e-01	2.524646387736296793e-01	1.530939843457046201e-01	7.388684307654726224e-02	2.942901917401350570e-02	7.668990608453242486e-02
1.180415932131889122e+03	2.534681098252477005e-01	1.603973186490247060e-01	2.527026943719469232e-01	1.532399447728660935e-01	7.394796422879211517e-02	2.946286699386110181e-02	7.678110115820832582e-02
1.182834817238716823e+03	2.531300033657304382e-01	1.601668507646092365e-01	2.529400629329726646e-01	1.533854856640020081e-01	7.400891032242215561e-02	2.949664381180934491e-02	7.687204313840111103e-02
1.185253702345544298e+03	2.527928495919599672e-01	1.599370313929849297e-01	2.531767464020803771e-01	1.535306082621120116e-01	7.406968186954165922e-02	2.953034978454051676e-02	7.696273269672748718e-02
1.187672587452371999e+03	2.524566458051620832e-01	1.597078587169806774e-01	2.534127467191470973e-01	1.536753138061226764e-01	7.413027938066603373e-02	2.956398506835034024e-02	7.705317050351802310e-02
1.190091472559199701e+03	2.521213893145006768e-01	1.594793309242807933e-01	2.536480658185692461e-01	1.538196035309062626e-01	7.419070336472793903e-02	2.959754981914937064e-02	7.714335722781270888e-02
1.192510357666027403e+03	2.517870774370477016e-01	1.592514462074179071e-01	2.538827056292781714e-01	1.539634786672989808e-01	7.425095432908346282e-02	2.963104419246437651e-02	7.723329353735647329e-02
1.194929242772855105e+03	2.514537074977531428e-01	1.590242027637657207e-01	2.541166680747556916e-01	1.541069404421196443e-01	7.431103277951814357e-02	2.966446834343971703e-02	7.732298009859500665e-02
1.197348127879682352e+03	2.511212768294155406e-01	1.587975987955317636e-01	2.543499550730496939e-01	1.542499900781876543e-01	7.437093922025306281e-02	2.969782242683869158e-02	7.741241757667056966e-02
1.199767012986510281e+03	2.507897827726525142e-01	1.585716325097498713e-01	2.545825685367898439e-01	1.543926287943410969e-01	7.443067415395084041e-02	2.973110659704489636e-02	7.750160663541792727e-02
1.202185898093337983e+03	2.504592226758715068e-01	1.583463021182724972e-01	2.548145103732026295e-01	1.545348578054547284e-01	7.449023808172154648e-02	2.976432100806357048e-02	7.759054793736049060e-02
1.204604783200165684e+03	2.501295938952410869e-01	1.581216058377630795e-01	2.550457824841270149e-01	1.546766783224576836e-01	7.454963150312869657e-02	2.979746581352291437e-02	7.767924214370647285e-02
1.207023668306993159e+03	2.498008937946622210e-01	1.578975418896881311e-01	2.552763867660297614e-01	1.548180915523511281e-01	7.460885491619513588e-02	2.983054116667541861e-02	7.776768991434518385e-02
1.209442553413820860e+03	2.494731197457399074e-01	1.576741085003093290e-01	2.555063251100205823e-01	1.549590986982256891e-01	7.466790881740885399e-02	2.986354722039916837e-02	7.785589190784344971e-02
1.211861438520648335e+03	2.491462691277549768e-01	1.574513039006753823e-01	2.557355994018676859e-01	1.550997009592789133e-01	7.472679370172879976e-02	2.989648412719915840e-02	7.794384878144207385e-02
1.214280323627476264e+03	2.488203393276362252e-01	1.572291263266138717e-01	2.559642115220126524e-01	1.552398995308323648e-01	7.478551006259073763e-02	2.992935203920856976e-02	7.803156119105252031e-02
1.216699208734303511e+03	2.484953277399327420e-01	1.570075740187229507e-01	2.561921633455858105e-01	1.553796956043488053e-01	7.484405839191293763e-02	2.996215110819006738e-02	7.811902979125359692e-02
1.219118093841131440e+03	2.481712317667862655e-01	1.567866452223628804e-01	2.564194567424214477e-01	1.555190903674491254e-01	7.490243918010186519e-02	2.999488148553705602e-02	7.820625523528829115e-02
1.221536978947959142e+03	2.478480488179041485e-01	1.565663381876476190e-01	2.566460935770725760e-01	1.556580850039290809e-01	7.496065291605795433e-02	3.002754332227496742e-02	7.829323817506066152e-02
1.223955864054786844e+03	2.475257763105321862e-01	1.563466511694361905e-01	2.568720757088260864e-01	1.557966806937760851e-01	7.501870008718113103e-02	3.006013676906249543e-02	7.837997926113290936e-02
1.226374749161614318e+03	2.472044116694278593e-01	1.561275824273239687e-01	2.570974049917177928e-01	1.559348786131856401e-01	7.507658117937650311e-02	3.009266197619285890e-02	7.846647914272245061e-02
1.228793634268442020e+03	2.468839523268336333e-01	1.559091302256339073e-01	2.573220832745474196e-01	1.560726799345779625e-01	7.513429667705993908e-02	3.012511909359502985e-02	7.855273846769915413e-02
1.231212519375269494e+03	2.465643957224506466e-01	1.556912928334077961e-01	2.575461124008934233e-01	1.562100858266140813e-01	7.519184706316356381e-02	3.015750827083496510e-02	7.863875788258264943e-02
1.233631404482097196e+03	2.462457393034123976e-01	1.554740685243971021e-01	2.577694942091276475e-01	1.563470974542121861e-01	7.524923281914126794e-02	3.018982965711683106e-02	7.872453803253970372e-02
1.236050289588924898e+03	2.459279805242587935e-01	1.552574555770540599e-01	2.579922305324304777e-01	1.564837159785636422e-01	7.530645442497425901e-02	3.022208340128422488e-02	7.881007956138173787e-02
1.238469174695752372e+03	2.456111168469103379e-01	1.550414522745225399e-01	2.582143231988052734e-01	1.566199425571488113e-01	7.536351235917643221e-02	3.025426965182135761e-02	7.889538311156238382e-02
1.240888059802580301e+03	2.452951457406424285e-01	1.548260569046289170e-01	2.584357740310934126e-01	1.567557783437530661e-01	7.542040709879978266e-02	3.028638855685427539e-02	7.898044932417519481e-02
1.243306944909407548e+03	2.449800646820599614e-01	1.546112677598727447e-01	2.586565848469886686e-01	1.568912244884824170e-01	7.547713911943984555e-02	3.031844026415202176e-02	7.906527883895139719e-02
1.245725830016235477e+03	2.446658711550721010e-01	1.543970831374174568e-01	2.588767574590518650e-01	1.570262821377790552e-01	7.553370889524099741e-02	3.035042492112785192e-02	7.914987229425768378e-02
1.248144715123063179e+03	2.443525626508670778e-01	1.541835013390809306e-01	2.590962936747256973e-01	1.571609524344369235e-01	7.559011689890178520e-02	3.038234267484036730e-02	7.923423032709421554e-02
1.250563600229890881e+03	2.440401366678874584e-01	1.539705206713261332e-01	2.593151952963489437e-01	1.572952365176169265e-01	7.564636360168019991e-02	3.041419367199471244e-02	7.931835357309258150e-02
1.252982485336718355e+03	2.437285907118053041e-01	1.537581394452514350e-01	2.595334641211712312e-01	1.574291355228623346e-01	7.570244947339896391e-02	3.044597805894371303e-02	7.940224266651393914e-02
1.255401370443546057e+03	2.434179222954975241e-01	1.535463559765811725e-01	2.597511019413673572e-01	1.575626505821138279e-01	7.575837498245074908e-02	3.047769598168902777e-02	7.948589824024716866e-02
1.257820255550373531e+03	2.431081289390217282e-01	1.533351685856559898e-01	2.599681105440517226e-01	1.576957828237246506e-01	7.581414059580333931e-02	3.050934758588231058e-02	7.956932092580711047e-02
1.260239140657201460e+03	2.427992081695917181e-01	1.531245755974230127e-01	2.601844917112927091e-01	1.578285333724753214e-01	7.586974677900484854e-02	3.054093301682631739e-02	7.965251135333295540e-02
1.262658025764028707e+03	2.424911575215537296e-01	1.529145753414262454e-01	2.604002472201268903e-01	1.579609033495886217e-01	7.592519399618882781e-02	3.057245241947604414e-02	7.973547015158659323e-02
1.265076910870856636e+03	2.421839745363622010e-01	1.527051661517966896e-01	2.606153788425734641e-01	1.580928938727442223e-01	7.598048271007937227e-02	3.060390593843985776e-02	7.981819794795121104e-02
1.267495795977684338e+03	2.418776567625563201e-01	1.524963463672424635e-01	2.608298883456484085e-01	1.582245060560932837e-01	7.603561338199621433e-02	3.063529371798058912e-02	7.990069536842969722e-02
1.269914681084511813e+03	2.415722017557362378e-01	1.522881143310390595e-01	2.610437774913787479e-01	1.583557410102730267e-01	7.609058647185977520e-02	3.066661590201666052e-02	7.998296303764343418e-02
1.272333566191339514e+03	2.412676070785397531e-01	1.520804683910192412e-01	2.612570480368166526e-01	1.584865998424210276e-01	7.614540243819617471e-02	3.069787263412316475e-02	8.006500157883092439e-02
1.274752451298167216e+03	2.409638703006189153e-01	1.518734068995630238e-01	2.614697017340534835e-01	1.586170836561895947e-01	7.620006173814224126e-02	3.072906405753298223e-02	8.014681161384661079e-02
1.277171336404994690e+03	2.406609889986169593e-01	1.516669282135878205e-01	2.616817403302341694e-01	1.587471935517599519e-01	7.625456482745043840e-02	3.076019031513783572e-02	8.022839376315973881e-02
1.279590221511822392e+03	2.403589607561453234e-01	1.514610306945382012e-01	2.618931655675706405e-01	1.588769306258562553e-01	7.630891216049390247e-02	3.079125154948938320e-02	8.030974864585323225e-02
1.282009106618650094e+03	2.400577831637606963e-01	1.512557127083759001e-01	2.621039791833564281e-01	1.590062959717596647e-01	7.636310419027123042e-02	3.082224790280030380e-02	8.039087687962274964e-02
1.284427991725477568e+03	2.397574538189424231e-01	1.510509726255694907e-01	2.623141829099802647e-01	1.591352906793222222e-01	7.641714136841147587e-02	3.085317951694533517e-02	8.047177908077571273e-02
1.286846876832305497e+03	2.394579703260698578e-01	1.508468088210845048e-01	2.625237784749401282e-01	1.592639158349807016e-01	7.647102414517889524e-02	3.088404653346235942e-02	8.055245586423044613e-02
1.289265761939132744e+03	2.391593302963999634e-01	1.506432196743728857e-01	2.627327676008570645e-01	1.593921725217702645e-01	7.652475296947790218e-02	3.091484909355343355e-02	8.063290784351535845e-02
1.291684647045960673e+03	2.388615313480449420e-01	1.504402035693629958e-01	2.629411520054890650e-01	1.595200618193380604e-01	7.657832828885778598e-02	3.094558733808584761e-02	8.071313563076820685e-02
1.294103532152788375e+03	2.385645711059501406e-01	1.502377588944492082e-01	2.631489334017446668e-01	1.596475848039568268e-01	7.663175054951754106e-02	3.097626140759316207e-02	8.079313983673543087e-02
1.296522417259616077e+03	2.382684472018719857e-01	1.500358840424815543e-01	2.633561134976968310e-01	1.597747425485382677e-01	7.668502019631055766e-02	3.100687144227623829e-02	8.087292107077154180e-02
1.298941302366443551e+03	2.379731572743560286e-01	1.498345774107555928e-01	2.635626939965967641e-01	1.599015361226463761e-01	7.673813767274945130e-02	3.103741758200426887e-02	8.095247994083855370e-02
1.301360187473271253e+03	2.376786989687152130e-01	1.496338374010018069e-01	2.637686765968873526e-01	1.600279665925107841e-01	7.679110342101067022e-02	3.106789996631579773e-02	8.103181705350544217e-02
1.303779072580098727e+03	2.373850699370081418e-01	1.494336624193754182e-01	2.639740629922168735e-01	1.601540350210398367e-01	7.684391788193922768e-02	3.109831873441973663e-02	8.111093301394781130e-02
1.306197957686926657e+03	2.370922678380176229e-01	1.492340508764458951e-01	2.641788548714527063e-01	1.602797424678337190e-01	7.689658149505332330e-02	3.112867402519637477e-02	8.118982842594744953e-02
1.308616842793753904e+03	2.368002903372291856e-01	1.490350011871864888e-01	2.643830539186945994e-01	1.604050899891973914e-01	7.694909469854900597e-02	3.115896597719837111e-02	8.126850389189206603e-02
1.311035727900581833e+03	2.365091351068098202e-01	1.488365117709638252e-01	2.645866618132884374e-01	1.605300786381535227e-01	7.700145792930478128e-02	3.118919472865177428e-02	8.134696001277494370e-02
1.313454613007409534e+03	2.362187998255866894e-01	1.486385810515274408e-01	2.647896802298396191e-01	1.606547094644554252e-01	7.705367162288614957e-02	3.121936041745699067e-02	8.142519738819484210e-02
1.315873498114237009e+03	2.359292821790261729e-01	1.484412074569993467e-01	2.649921108382263801e-01	1.607789835145995438e-01	7.710573621355019946e-02	3.124946318118978703e-02	8.150321661635573367e-02
1.318292383221064711e+03	2.356405798592129675e-01	1.482443894198633982e-01	2.651939553036133379e-01	1.609029018318383630e-01	7.715765213425013203e-02	3.127950315710226192e-02	8.158101829406680383e-02
1.320711268327892412e+03	2.353526905648289647e-01	1.480481253769548866e-01	2.653952152864645919e-01	1.610264654561928410e-01	7.720941981663974329e-02	3.130948048212382068e-02	8.165860301674239541e-02
1.323130153434719887e+03	2.350656120011327954e-01	1.478524137694499918e-01	2.655958924425574907e-01	1.611496754244648721e-01	7.726103969107796232e-02	3.133939529286215719e-02	8.173597137840196702e-02
1.325549038541547588e+03	2.347793418799390963e-01	1.476572530428552354e-01	2.657959884229953440e-01	1.612725327702498324e-01	7.731251218663327818e-02	3.136924772560419766e-02	8.181312397167020412e-02
1.327967923648375290e+03	2.344938779195980538e-01	1.474626416469968226e-01	2.659955048742211337e-01	1.613950385239487639e-01	7.736383773108818085e-02	3.139903791631706853e-02	8.189006138777711608e-02
1.330386808755202765e+03	2.342092178449748097e-01	1.472685780360102614e-01	2.661944434380303370e-01	1.615171937127807822e-01	7.741501675094362989e-02	3.142876600064906101e-02	8.196678421655820279e-02
1.332805693862030694e+03	2.339253593874294213e-01	1.470750606683296491e-01	2.663928057515843051e-01	1.616389993607951214e-01	7.746604967142335652e-02	3.145843211393056088e-02	8.204329304645464893e-02
1.335224578968857941e+03	2.336423002847964336e-01	1.468820880066770973e-01	2.665905934474233629e-01	1.617604564888833196e-01	7.751693691647830453e-02	3.148803639117499220e-02	8.211958846451362926e-02
1.337643464075685870e+03	2.333600382813648677e-01	1.466896585180521018e-01	2.667878081534796886e-01	1.618815661147911256e-01	7.756767890879097405e-02	3.151757896707978179e-02	8.219567105638860005e-02
1.340062349182513572e+03	2.330785711278582084e-01	1.464977706737210783e-01	2.669844514930906354e-01	1.620023292531305725e-01	7.761827606977973748e-02	3.154705997602724743e-02	8.227154140633960444e-02
1.342481234289341273e+03	2.327978965814145318e-01	1.463064229492066770e-01	2.671805250850115554e-01	1.621227469153918022e-01	7.766872881960316943e-02	3.157647955208556234e-02	8.234720009723374423e-02
1.344900119396168748e+03	2.325180124055667152e-01	1.461156138242771241e-01	2.673760305434287332e-01	1.622428201099548606e-01	7.771903757716426553e-02	3.160583782900965727e-02	8.242264771054563788e-02
1.347319004502996449e+03	2.322389163702225368e-01	1.459253417829357025e-01	2.675709694779724868e-01	1.623625498421014113e-01	7.776920276011480004e-02	3.163513494024214334e-02	8.249788482635782294e-02
1.349737889609823924e+03	2.319606062516453571e-01	1.457356053134099549e-01	2.677653434937299348e-01	1.624819371140264757e-01	7.781922478485951700e-02	3.166437101891423495e-02	8.257291202336135283e-02
1.352156774716651853e+03	2.316830798324344132e-01	1.455464029081412480e-01	2.679591541912578756e-01	1.626009829248498961e-01	7.786910406656033512e-02	3.169354619784663790e-02	8.264772987885640743e-02
1.354575659823479100e+03	2.314063349015053617e-01	1.453577330637741416e-01	2.681524031665954988e-01	1.627196882706278824e-01	7.791884101914060834e-02	3.172266060955047234e-02	8.272233896875284820e-02
1.356994544930307029e+03	2.311303692540710164e-01	1.451695942811455087e-01	2.683450920112774307e-01	1.628380541443645024e-01	7.796843605528924748e-02	3.175171438622815395e-02	8.279673986757092596e-02
1.359413430037134731e+03	2.308551806916222249e-01	1.449819850652742104e-01	2.685372223123461133e-01	1.629560815360230064e-01	7.801788958646491134e-02	3.178070765977428908e-02	8.287093314844194702e-02
1.361832315143962205e+03	2.305807670219084948e-01	1.447949039253503822e-01	2.687287956523649046e-01	1.630737714325371512e-01	7.806720202290014232e-02	3.180964056177656984e-02	8.294491938310907808e-02
1.364251200250789907e+03	2.303071260589189539e-01	1.446083493747246651e-01	2.689198136094304026e-01	1.631911248178224416e-01	7.811637377360548806e-02	3.183851322351666929e-02	8.301869914192810951e-02
1.366670085357617609e+03	2.300342556228635871e-01	1.444223199308977135e-01	2.691102777571852123e-01	1.633081426727873153e-01	7.816540524637359544e-02	3.186732577597108790e-02	8.309227299386820476e-02
1.369088970464445310e+03	2.297621535401541126e-01	1.442368141155095929e-01	2.693001896648306026e-01	1.634248259753441901e-01	7.821429684778329061e-02	3.189607834981206952e-02	8.316564150651289955e-02
1.371507855571272785e+03	2.294908176433852198e-01	1.440518304543290384e-01	2.694895508971389964e-01	1.635411757004205380e-01	7.826304898320364523e-02	3.192477107540843406e-02	8.323880524606087905e-02
1.373926740678100487e+03	2.292202457713158892e-01	1.438673674772429634e-01	2.696783630144665156e-01	1.636571928199698767e-01	7.831166205679802872e-02	3.195340408282647260e-02	8.331176477732699093e-02
1.376345625784927961e+03	2.289504357688508240e-01	1.436834237182457730e-01	2.698666275727654162e-01	1.637728783029826496e-01	7.836013647152809125e-02	3.198197750183079391e-02	8.338452066374318905e-02
1.378764510891755890e+03	2.286813854870216878e-01	1.434999977154287620e-01	2.700543461235965781e-01	1.638882331154970506e-01	7.840847262915784377e-02	3.201049146188518491e-02	8.345707346735956045e-02
1.381183395998583137e+03	2.284130927829688684e-01	1.433170880109695955e-01	2.702415202141420503e-01	1.640032582206098766e-01	7.845667093025752992e-02	3.203894609215345718e-02	8.352942374884535226e-02
1.383602281105411066e+03	2.281455555199228546e-01	1.431346931511215947e-01	2.704281513872170972e-01	1.641179545784871574e-01	7.850473177420769222e-02	3.206734152150031436e-02	8.360157206749006809e-02
1.386021166212238768e+03	2.278787715671860836e-01	1.429528116862031628e-01	2.706142411812827997e-01	1.642323231463748978e-01	7.855265555920307174e-02	3.209567787849217091e-02	8.367351898120457820e-02
1.388440051319066470e+03	2.276127388001146501e-01	1.427714421705872649e-01	2.707997911304584338e-01	1.643463648786095688e-01	7.860044268225650776e-02	3.212395529139801947e-02	8.374526504652225756e-02
1.390858936425893944e+03	2.273474551001000987e-01	1.425905831626909370e-01	2.709848027645335167e-01	1.644600807266287379e-01	7.864809353920294843e-02	3.215217388819026356e-02	8.381681081860020699e-02
1.393277821532721646e+03	2.270829183545514107e-01	1.424102332249644332e-01	2.711692776089801860e-01	1.645734716389815333e-01	7.869560852470321166e-02	3.218033379654551551e-02	8.388815685122037735e-02
1.395696706639549120e+03	2.268191264568769905e-01	1.422303909238810393e-01	2.713532171849652452e-01	1.646865385613389965e-01	7.874298803224798193e-02	3.220843514384546385e-02	8.395930369679092953e-02
1.398115591746377049e+03	2.265560773064666800e-01	1.420510548299261933e-01	2.715366230093625988e-01	1.647992824365044906e-01	7.879023245416154342e-02	3.223647805717768516e-02	8.403025190634742791e-02
1.400534476853204296e+03	2.262937688086739119e-01	1.418722235175871038e-01	2.717194965947652419e-01	1.649117042044239978e-01	7.883734218160572127e-02	3.226446266333646284e-02	8.410100202955417270e-02
1.402953361960032225e+03	2.260321988747979460e-01	1.416938955653423149e-01	2.719018394494971957e-01	1.650238048021962778e-01	7.888431760458368414e-02	3.229238908882359205e-02	8.417155461470555988e-02
1.405372247066859927e+03	2.257713654220662169e-01	1.415160695556509918e-01	2.720836530776258866e-01	1.651355851640831929e-01	7.893115911194364953e-02	3.232025745984921927e-02	8.424191020872742741e-02
1.407791132173687402e+03	2.255112663736165979e-01	1.413387440749425406e-01	2.722649389789738583e-01	1.652470462215196723e-01	7.897786709138281125e-02	3.234806790233263341e-02	8.431206935717844297e-02
1.410210017280515103e+03	2.252518996584798872e-01	1.411619177136060888e-01	2.724456986491309851e-01	1.653581889031239538e-01	7.902444192945101697e-02	3.237582054190307063e-02	8.438203260425156116e-02
1.412628902387342805e+03	2.249932632115622388e-01	1.409855890659799660e-01	2.726259335794664063e-01	1.654690141347074372e-01	7.907088401155454305e-02	3.240351550390050545e-02	8.445180049277542511e-02
1.415047787494170507e+03	2.247353549736278711e-01	1.408097567303412956e-01	2.728056452571404056e-01	1.655795228392847318e-01	7.911719372195981370e-02	3.243115291337646949e-02	8.452137356421590697e-02
1.417466672600997981e+03	2.244781728912815799e-01	1.406344193088955030e-01	2.729848351651162908e-01	1.656897159370835371e-01	7.916337144379712032e-02	3.245873289509483561e-02	8.459075235867757891e-02
1.419885557707825683e+03	2.242217149169515866e-01	1.404595754077658798e-01	2.731635047821722173e-01	1.657995943455545518e-01	7.920941755906436843e-02	3.248625557353261584e-02	8.465993741490523972e-02
1.422304442814653157e+03	2.239659790088721070e-01	1.402852236369831473e-01	2.733416555829131234e-01	1.659091589793811328e-01	7.925533244863071369e-02	3.251372107288071772e-02	8.472892927028552457e-02
1.424723327921481086e+03	2.237109631310663371e-01	1.401113626104750209e-01	2.735192890377824426e-01	1.660184107504891760e-01	7.930111649224023951e-02	3.254112951704477008e-02	8.479772846084843163e-02
1.427142213028308333e+03	2.234566652533294950e-01	1.399379909460558569e-01	2.736964066130738726e-01	1.661273505680566920e-01	7.934677006851559300e-02	3.256848102964586544e-02	8.486633552126900126e-02
1.429561098135136262e+03	2.232030833512115287e-01	1.397651072654162441e-01	2.738730097709430322e-01	1.662359793385236040e-01	7.939229355496164875e-02	3.259577573402135803e-02	8.493475098486887032e-02
1.431979983241963964e+03	2.229502154060003516e-01	1.395927101941125958e-01	2.740490999694194518e-01	1.663442979656011289e-01	7.943768732796910315e-02	3.262301375322562702e-02	8.500297538361800687e-02
1.434398868348791666e+03	2.226980594047048567e-01	1.394207983615568525e-01	2.742246786624176758e-01	1.664523073502815198e-01	7.948295176281811036e-02	3.265019521003083292e-02	8.507100924813637555e-02
1.436817753455619140e+03	2.224466133400381795e-01	1.392493704010061006e-01	2.743997472997494191e-01	1.665600083908473639e-01	7.952808723368184896e-02	3.267732022692772242e-02	8.513885310769560288e-02
1.439236638562446842e+03	2.221958752104008228e-01	1.390784249495521929e-01	2.745743073271349477e-01	1.666674019828811304e-01	7.957309411363006069e-02	3.270438892612633625e-02	8.520650749022075365e-02
1.441655523669274316e+03	2.219458430198640864e-01	1.389079606481116169e-01	2.747483601862144575e-01	1.667744890192745244e-01	7.961797277463267264e-02	3.273140142955681398e-02	8.527397292229209336e-02
1.444074408776102018e+03	2.216965147781533307e-01	1.387379761414149759e-01	2.749219073145598435e-01	1.668812703902378680e-01	7.966272358756326666e-02	3.275835785887011575e-02	8.534124992914682295e-02
1.446493293882929493e+03	2.214478885006314346e-01	1.385684700779968304e-01	2.750949501456862456e-01	1.669877469833093153e-01	7.970734692220268758e-02	3.278525833543879942e-02	8.540833903468092458e-02
1.448912178989757422e+03	2.211999622082823080e-01	1.383994411101854560e-01	2.752674901090632620e-01	1.670939196833640950e-01	7.975184314724245715e-02	3.281210298035775602e-02	8.547524076145092409e-02
1.451331064096585123e+03	2.209527339276944335e-01	1.382308878940925745e-01	2.754395286301263845e-01	1.671997893726238360e-01	7.979621263028834066e-02	3.283889191444493844e-02	8.554195563067576447e-02
1.453749949203412370e+03	2.207062016910444069e-01	1.380628090896030835e-01	2.756110671302887116e-01	1.673053569306654498e-01	7.984045573786378858e-02	3.286562525824213848e-02	8.560848416223867940e-02
1.456168834310240300e+03	2.204603635360807279e-01	1.378952033603649541e-01	2.757821070269518837e-01	1.674106232344305112e-01	7.988457283541341991e-02	3.289230313201570166e-02	8.567482687468906677e-02
1.458587719417068001e+03	2.202152175061074246e-01	1.377280693737788220e-01	2.759526497335177964e-01	1.675155891582340573e-01	7.992856428730647778e-02	3.291892565575726959e-02	8.574098428524436211e-02
1.461006604523895703e+03	2.199707616499678997e-01	1.375614058009881346e-01	2.761226966593996468e-01	1.676202555737738298e-01	7.997243045684024332e-02	3.294549294918450860e-02	8.580695690979199541e-02
1.463425489630723177e+03	2.197269940220287210e-01	1.373952113168687150e-01	2.762922492100332028e-01	1.677246233501390738e-01	8.001617170624346354e-02	3.297200513174183834e-02	8.587274526289125076e-02
1.465844374737550879e+03	2.194839126821636621e-01	1.372294846000187696e-01	2.764613087868880714e-01	1.678286933538194747e-01	8.005978839667976521e-02	3.299846232260116724e-02	8.593834985777537572e-02
1.468263259844378354e+03	2.192415156957374933e-01	1.370642243327487297e-01	2.766298767874790232e-01	1.679324664487140406e-01	8.010328088825105497e-02	3.302486464066260036e-02	8.600377120635339934e-02
1.470682144951206283e+03	2.189998011335900496e-01	1.368994292010711211e-01	2.767979546053769835e-01	1.680359434961399279e-01	8.014664954000083608e-02	3.305121220455518177e-02	8.606900981921221383e-02
1.473101030058033530e+03	2.187587670720203270e-01	1.367350978946905715e-01	2.769655436302203011e-01	1.681391253548412679e-01	8.018989470991767787e-02	3.307750513263758158e-02	8.613406620561855909e-02
1.475519915164861459e+03	2.185184115927707171e-01	1.365712291069937079e-01	2.771326452477257951e-01	1.682420128809977711e-01	8.023301675493846319e-02	3.310374354299883137e-02	8.619894087352104883e-02
1.477938800271689161e+03	2.182787327830110202e-01	1.364078215350390255e-01	2.772992608396996905e-01	1.683446069282335533e-01	8.027601603095177452e-02	3.312992755345903206e-02	8.626363432955221067e-02
1.480357685378516862e+03	2.180397287353227909e-01	1.362448738795470349e-01	2.774653917840490536e-01	1.684469083476256845e-01	8.031889289280121080e-02	3.315605728157004772e-02	8.632814707903059548e-02
1.482776570485344337e+03	2.178013975476835729e-01	1.360823848448900752e-01	2.776310394547922278e-01	1.685489179877128485e-01	8.036164769428869037e-02	3.318213284461624113e-02	8.639247962596278974e-02
