1.001418434226643626e+03	2.872404194395840604e-01	1.715989525392989934e-01	2.345111658845363545e-01	1.414332193593728082e-01	6.936875857501095810e-02	2.673839043788958300e-02	6.910909376429998086e-02
1.002869765290740247e+03	2.869810167503877851e-01	1.714418475753944904e-01	2.346901068509389954e-01	1.415405614487938724e-01	6.941280131339999659e-02	2.675854676905564666e-02	6.917511929202195542e-02
1.004321096354836754e+03	2.867220523306719393e-01	1.712850080608005476e-01	2.348687375565345903e-01	1.416477159643212136e-01	6.945676905943937163e-02	2.677867299280458496e-02	6.924104403542044595e-02
1.005772427418933376e+03	2.864635254386171392e-01	1.711284335461518702e-01	2.350470585285391323e-01	1.417546832662222589e-01	6.950066194768102223e-02	2.679876915893707884e-02	6.930686811384420554e-02
1.007223758483029997e+03	2.862054353336648815e-01	1.709721235828473296e-01	2.352250702932754678e-01	1.418614637139225254e-01	6.954448011240615957e-02	2.681883531716946698e-02	6.937259164670686595e-02
1.008675089547126618e+03	2.859477812765157112e-01	1.708160777230487426e-01	2.354027733761748509e-01	1.419680576660082294e-01	6.958822368762591914e-02	2.683887151713390193e-02	6.943821475348535555e-02
1.010126420611223239e+03	2.856905625291267792e-01	1.706602955196795668e-01	2.355801683017783310e-01	1.420744654802289786e-01	6.963189280708206863e-02	2.685887780837849584e-02	6.950373755371846984e-02
1.011577751675319632e+03	2.854337783547099550e-01	1.705047765264234849e-01	2.357572555937383629e-01	1.421806875135003256e-01	6.967548760424771559e-02	2.687885424036745227e-02	6.956916016700534500e-02
1.013029082739416367e+03	2.851774280177293841e-01	1.703495202977232392e-01	2.359340357748203887e-01	1.422867241219065160e-01	6.971900821232793199e-02	2.689880086248121541e-02	6.963448271300395898e-02
1.014480413803512761e+03	2.849215107838995453e-01	1.701945263887791882e-01	2.361105093669041977e-01	1.423925756607029580e-01	6.976245476426046199e-02	2.691871772401663310e-02	6.969970531142967440e-02
1.015931744867609382e+03	2.846660259201830301e-01	1.700397943555480573e-01	2.362866768909854254e-01	1.424982424843189432e-01	6.980582739271640191e-02	2.693860487418706789e-02	6.976482808205373976e-02
1.017383075931706003e+03	2.844109726947883221e-01	1.698853237547416628e-01	2.364625388671771911e-01	1.426037249463601719e-01	6.984912623010088029e-02	2.695846236212256705e-02	6.982985114470188770e-02
1.018834406995802851e+03	2.841563503771677435e-01	1.697311141438255511e-01	2.366380958147114855e-01	1.427090233996113344e-01	6.989235140855369621e-02	2.697829023686999436e-02	6.989477461925283630e-02
1.020285738059899245e+03	2.839021582380152897e-01	1.695771650810177500e-01	2.368133482519407806e-01	1.428141381960386924e-01	6.993550305994999938e-02	2.699808854739317587e-02	6.995959862563690124e-02
1.021737069123995752e+03	2.836483955492645204e-01	1.694234761252874366e-01	2.369882966963393622e-01	1.429190696867926880e-01	6.997858131590099784e-02	2.701785734257304561e-02	7.002432328383449700e-02
1.023188400188092373e+03	2.833950615840863940e-01	1.692700468363536881e-01	2.371629416645049393e-01	1.430238182222104137e-01	7.002158630775455472e-02	2.703759667120778434e-02	7.008894871387479075e-02
1.024639731252188767e+03	2.831421556168869924e-01	1.691168767746841495e-01	2.373372836721600876e-01	1.431283841518181665e-01	7.006451816659589604e-02	2.705730658201295838e-02	7.015347503583424515e-02
1.026091062316285615e+03	2.828896769233057440e-01	1.689639655014937569e-01	2.375113232341538039e-01	1.432327678243340285e-01	7.010737702324827680e-02	2.707698712362166873e-02	7.021790236983524447e-02
1.027542393380382237e+03	2.826376247802129815e-01	1.688113125787433499e-01	2.376850608644628937e-01	1.433369695876703098e-01	7.015016300827360551e-02	2.709663834458470033e-02	7.028223083604470678e-02
1.028993724444478858e+03	2.823859984657079436e-01	1.686589175691386167e-01	2.378584970761934425e-01	1.434409897889361019e-01	7.019287625197311031e-02	2.711626029337063648e-02	7.034646055467268233e-02
1.030445055508575479e+03	2.821347972591167208e-01	1.685067800361285950e-01	2.380316323815823976e-01	1.435448287744398033e-01	7.023551688438800511e-02	2.713585301836602889e-02	7.041059164597097964e-02
1.031896386572671872e+03	2.818840204409899242e-01	1.683548995439045626e-01	2.382044672919990114e-01	1.436484868896914791e-01	7.027808503530015571e-02	2.715541656787552605e-02	7.047462423023186096e-02
1.033347717636768493e+03	2.816336672931009644e-01	1.682032756573985655e-01	2.383770023179462572e-01	1.437519644794054696e-01	7.032058083423264883e-02	2.717495099012201543e-02	7.053855842778659901e-02
1.034799048700865114e+03	2.813837370984434982e-01	1.680519079422822804e-01	2.385492379690623554e-01	1.438552618875028333e-01	7.036300441045052756e-02	2.719445633324676578e-02	7.060239435900420024e-02
1.036250379764961508e+03	2.811342291412297079e-01	1.679007959649657655e-01	2.387211747541222173e-01	1.439583794571137332e-01	7.040535589296140206e-02	2.721393264530956244e-02	7.066613214429003087e-02
1.037701710829058356e+03	2.808851427068879691e-01	1.677499392925960175e-01	2.388928131810389432e-01	1.440613175305799631e-01	7.044763541051610178e-02	2.723337997428885646e-02	7.072977190408451242e-02
1.039153041893154750e+03	2.806364770820607979e-01	1.675993374930559165e-01	2.390641537568652386e-01	1.441640764494573901e-01	7.048984309160928607e-02	2.725279836808189304e-02	7.079331375886180333e-02
1.040604372957251599e+03	2.803882315546029069e-01	1.674489901349628107e-01	2.392351969877948847e-01	1.442666565545182300e-01	7.053197906448011034e-02	2.727218787450486764e-02	7.085675782912846665e-02
1.042055704021347992e+03	2.801404054135790411e-01	1.672988967876672950e-01	2.394059433791642655e-01	1.443690581857536293e-01	7.057404345711283666e-02	2.729154854129304392e-02	7.092010423542222108e-02
1.043507035085444613e+03	2.798929979492615905e-01	1.671490570212519899e-01	2.395763934354536440e-01	1.444712816823760237e-01	7.061603639723748604e-02	2.731088041610091333e-02	7.098335309831060869e-02
1.044958366149541234e+03	2.796460084531291468e-01	1.669994704065301816e-01	2.397465476602888834e-01	1.445733273828215260e-01	7.065795801233047679e-02	2.733018354650231310e-02	7.104650453838969038e-02
1.046409697213637855e+03	2.793994362178638946e-01	1.668501365150446558e-01	2.399164065564426962e-01	1.446751956247522841e-01	7.069980842961524903e-02	2.734945797999059278e-02	7.110955867628283855e-02
1.047861028277734476e+03	2.791532805373497239e-01	1.667010549190664492e-01	2.400859706258360871e-01	1.447768867450589247e-01	7.074158777606286141e-02	2.736870376397872520e-02	7.117251563263941871e-02
1.049312359341831097e+03	2.789075407066702317e-01	1.665522251915935170e-01	2.402552403695399907e-01	1.448784010798628008e-01	7.078329617839267118e-02	2.738792094579945574e-02	7.123537552813354046e-02
1.050763690405927491e+03	2.786622160221065014e-01	1.664036469063494839e-01	2.404242162877764655e-01	1.449797389645185730e-01	7.082493376307287536e-02	2.740710957270545145e-02	7.129813848346287786e-02
1.052215021470024112e+03	2.784173057811351049e-01	1.662553196377825337e-01	2.405928988799203305e-01	1.450809007336162360e-01	7.086650065632123241e-02	2.742626969186941210e-02	7.136080461934730945e-02
1.053666352534120733e+03	2.781728092824262699e-01	1.661072429610639944e-01	2.407612886445005262e-01	1.451818867209837549e-01	7.090799698410560348e-02	2.744540135038423673e-02	7.142337405652775251e-02
1.055117683598217127e+03	2.779287258258414939e-01	1.659594164520871717e-01	2.409293860792015296e-01	1.452826972596892308e-01	7.094942287214459076e-02	2.746450459526313809e-02	7.148584691576498340e-02
1.056569014662313975e+03	2.776850547124316004e-01	1.658118396874661282e-01	2.410971916808647975e-01	1.453833326820432870e-01	7.099077844590814812e-02	2.748357947343979188e-02	7.154822331783834699e-02
1.058020345726410369e+03	2.774417952444348523e-01	1.656645122445343510e-01	2.412647059454902376e-01	1.454837933196013455e-01	7.103206383061823337e-02	2.750262603176847204e-02	7.161050338354457701e-02
1.059471676790506763e+03	2.771989467252747863e-01	1.655174337013436414e-01	2.414319293682375966e-01	1.455840795031659030e-01	7.107327915124934947e-02	2.752164431702418257e-02	7.167268723369663030e-02
1.060923007854603611e+03	2.769565084595579929e-01	1.653706036366627552e-01	2.415988624434279031e-01	1.456841915627889172e-01	7.111442453252923845e-02	2.754063437590279981e-02	7.173477498912246564e-02
1.062374338918700232e+03	2.767144797530724509e-01	1.652240216299762920e-01	2.417655056645448830e-01	1.457841298277739728e-01	7.115550009893938099e-02	2.755959625502120078e-02	7.179676677066382240e-02
1.063825669982796853e+03	2.764728599127852515e-01	1.650776872614833635e-01	2.419318595242364311e-01	1.458838946266786118e-01	7.119650597471571807e-02	2.757853000091741238e-02	7.185866269917515203e-02
1.065277001046893474e+03	2.762316482468407663e-01	1.649316001120963715e-01	2.420979245143159153e-01	1.459834862873166661e-01	7.123744228384910893e-02	2.759743566005072243e-02	7.192046289552236904e-02
1.066728332110990095e+03	2.759908440645583161e-01	1.647857597634398708e-01	2.422637011257637585e-01	1.460829051367603937e-01	7.127830915008609436e-02	2.761631327880184616e-02	7.198216748058169911e-02
1.068179663175086489e+03	2.757504466764303386e-01	1.646401657978492361e-01	2.424291898487286323e-01	1.461821515013427275e-01	7.131910669692938243e-02	2.763516290347303381e-02	7.204377657523855505e-02
1.069630994239183110e+03	2.755104553941205570e-01	1.644948177983694970e-01	2.425943911725291224e-01	1.462812257066596344e-01	7.135983504763847296e-02	2.765398458028822323e-02	7.210529030038641263e-02
1.071082325303279504e+03	2.752708695304615927e-01	1.643497153487541163e-01	2.427593055856549220e-01	1.463801280775721969e-01	7.140049432523025430e-02	2.767277835539316486e-02	7.216670877692563102e-02
1.072533656367376352e+03	2.750316883994532446e-01	1.642048580334637686e-01	2.429239335757683305e-01	1.464788589382089445e-01	7.144108465247962780e-02	2.769154427485556735e-02	7.222803212576234255e-02
1.073984987431472746e+03	2.747929113162603243e-01	1.640602454376651198e-01	2.430882756297057246e-01	1.465774186119680189e-01	7.148160615192002132e-02	2.771028238466520868e-02	7.228926046780737025e-02
1.075436318495569594e+03	2.745545375972107682e-01	1.639158771472295495e-01	2.432523322334788352e-01	1.466758074215193663e-01	7.152205894584405532e-02	2.772899273073409221e-02	7.235039392397507596e-02
1.076887649559666215e+03	2.743165665597935843e-01	1.637717527487320968e-01	2.434161038722761627e-01	1.467740256888069306e-01	7.156244315630411190e-02	2.774767535889657855e-02	7.241143261518225016e-02
1.078338980623762609e+03	2.740789975226567976e-01	1.636278718294501000e-01	2.435795910304645318e-01	1.468720737350508454e-01	7.160275890511287600e-02	2.776633031490950351e-02	7.247237666234705722e-02
1.079790311687859230e+03	2.738418298056056188e-01	1.634842339773620867e-01	2.437427941915902285e-01	1.469699518807495719e-01	7.164300631384394602e-02	2.778495764445232385e-02	7.253322618638793906e-02
1.081241642751955851e+03	2.736050627296002236e-01	1.633408387811464690e-01	2.439057138383806111e-01	1.470676604456822023e-01	7.168318550383243060e-02	2.780355739312725255e-02	7.259398130822249107e-02
1.082692973816052472e+03	2.733686956167540871e-01	1.631976858301804334e-01	2.440683504527454140e-01	1.471651997489104025e-01	7.172329659617550368e-02	2.782212960645937677e-02	7.265464214876646287e-02
1.084144304880149093e+03	2.731327277903315975e-01	1.630547747145387194e-01	2.442307045157781908e-01	1.472625701087807160e-01	7.176333971173298742e-02	2.784067432989680707e-02	7.271520882893260651e-02
1.085595635944245487e+03	2.728971585747466122e-01	1.629121050249923430e-01	2.443927765077575087e-01	1.473597718429267012e-01	7.180331497112792116e-02	2.785919160881079534e-02	7.277568146962973272e-02
1.087046967008342108e+03	2.726619872955599044e-01	1.627696763530075696e-01	2.445545669081485851e-01	1.474568052682709574e-01	7.184322249474715816e-02	2.787768148849587707e-02	7.283606019176154522e-02
1.088498298072438729e+03	2.724272132794775536e-01	1.626274882907445263e-01	2.447160761956045649e-01	1.475536707010273452e-01	7.188306240274192072e-02	2.789614401416999623e-02	7.289634511622565538e-02
1.089949629136535123e+03	2.721928358543490023e-01	1.624855404310561191e-01	2.448773048479677972e-01	1.476503684567030683e-01	7.192283481502835529e-02	2.791457923097464405e-02	7.295653636391256913e-02
1.091400960200631971e+03	2.719588543491648913e-01	1.623438323674868122e-01	2.450382533422714171e-01	1.477468988501007552e-01	7.196253985128811537e-02	2.793298718397498048e-02	7.301663405570460452e-02
1.092852291264728365e+03	2.717252680940551168e-01	1.622023636942714619e-01	2.451989221547404840e-01	1.478432621953206239e-01	7.200217763096893042e-02	2.795136791815997640e-02	7.307663831247490638e-02
1.094303622328825213e+03	2.714920764202872205e-01	1.620611340063341232e-01	2.453593117607935914e-01	1.479394588057624804e-01	7.204174827328517494e-02	2.796972147844253159e-02	7.313654925508641935e-02
1.095754953392921607e+03	2.712592786602638917e-01	1.619201428992868563e-01	2.455194226350440601e-01	1.480354889941278285e-01	7.208125189721839576e-02	2.798804790965961700e-02	7.319636700439090260e-02
1.097206284457018228e+03	2.710268741475214127e-01	1.617793899694285331e-01	2.456792552513013261e-01	1.481313530724220895e-01	7.212068862151790882e-02	2.800634725657239268e-02	7.325609168122788895e-02
1.098657615521114849e+03	2.707948622167276054e-01	1.616388748137436715e-01	2.458388100825724121e-01	1.482270513519563793e-01	7.216005856470134039e-02	2.802461956386635700e-02	7.331572340642372732e-02
1.100108946585211470e+03	2.705632422036798879e-01	1.614985970299013252e-01	2.459980876010631756e-01	1.483225841433498393e-01	7.219936184505516830e-02	2.804286487615145415e-02	7.337526230079059741e-02
1.101560277649308091e+03	2.703320134453033874e-01	1.613585562162536957e-01	2.461570882781797809e-01	1.484179517565315243e-01	7.223859858063533257e-02	2.806108323796221646e-02	7.343470848512552440e-02
1.103011608713404712e+03	2.701011752796488863e-01	1.612187519718352724e-01	2.463158125845298363e-01	1.485131545007424836e-01	7.227776888926773502e-02	2.807927469375789617e-02	7.349406208020937969e-02
1.104462939777501106e+03	2.698707270458908791e-01	1.610791838963614164e-01	2.464742609899240600e-01	1.486081926845377876e-01	7.231687288854879436e-02	2.809743928792258691e-02	7.355332320680596503e-02
1.105914270841597499e+03	2.696406680843258519e-01	1.609398515902271953e-01	2.466324339633773899e-01	1.487030666157886094e-01	7.235591069584601520e-02	2.811557706476535204e-02	7.361249198566104102e-02
1.107365601905694348e+03	2.694109977363702280e-01	1.608007546545063837e-01	2.467903319731104550e-01	1.487977766016841674e-01	7.239488242829851539e-02	2.813368806852035997e-02	7.367156853750135570e-02
1.108816932969790741e+03	2.691817153445584809e-01	1.606618926909501865e-01	2.469479554865508519e-01	1.488923229487336963e-01	7.243378820281758113e-02	2.815177234334701253e-02	7.373055298303371474e-02
1.110268264033887590e+03	2.689528202525408584e-01	1.605232653019861289e-01	2.471053049703345050e-01	1.489867059627686119e-01	7.247262813608723597e-02	2.816982993333006641e-02	7.378944544294403773e-02
1.111719595097984211e+03	2.687243118050823276e-01	1.603848720907167513e-01	2.472623808903071096e-01	1.490809259489443706e-01	7.251140234456474043e-02	2.818786088247976149e-02	7.384824603789644226e-02
1.113170926162080832e+03	2.684961893480596884e-01	1.602467126609186110e-01	2.474191837115252701e-01	1.491749832117424401e-01	7.255011094448116094e-02	2.820586523473195620e-02	7.390695488853230022e-02
1.114622257226177226e+03	2.682684522284603523e-01	1.601087866170411711e-01	2.475757138982580818e-01	1.492688780549724092e-01	7.258875405184186946e-02	2.822384303394825239e-02	7.396557211546934962e-02
1.116073588290273847e+03	2.680410997943801221e-01	1.599710935642053578e-01	2.477319719139882137e-01	1.493626107817737636e-01	7.262733178242715415e-02	2.824179432391612024e-02	7.402409783930073706e-02
1.117524919354370468e+03	2.678141313950214153e-01	1.598336331082027273e-01	2.478879582214134347e-01	1.494561816946180233e-01	7.266584425179266338e-02	2.825971914834901622e-02	7.408253218059418499e-02
1.118976250418467089e+03	2.675875463806910992e-01	1.596964048554941895e-01	2.480436732824479740e-01	1.495495910953105745e-01	7.270429157527000252e-02	2.827761755088653572e-02	7.414087525989100647e-02
1.120427581482563710e+03	2.673613441027991033e-01	1.595594084132088142e-01	2.481991175582236309e-01	1.496428392849927513e-01	7.274267386796726131e-02	2.829548957509451720e-02	7.419912719770531406e-02
1.121878912546660331e+03	2.671355239138560322e-01	1.594226433891427208e-01	2.483542915090912739e-01	1.497359265641436121e-01	7.278099124476951343e-02	2.831333526446516702e-02	7.425728811452302069e-02
1.123330243610756725e+03	2.669100851674716113e-01	1.592861093917579407e-01	2.485091955946221731e-01	1.498288532325819655e-01	7.281924382033937160e-02	2.833115466241720171e-02	7.431535813080106245e-02
1.124781574674853118e+03	2.666850272183526882e-01	1.591498060301812789e-01	2.486638302736091655e-01	1.499216195894682857e-01	7.285743170911748723e-02	2.834894781229596594e-02	7.437333736696646880e-02
1.126232905738949967e+03	2.664603494223011793e-01	1.590137329142031763e-01	2.488181960040681817e-01	1.500142259333065720e-01	7.289555502532310549e-02	2.836671475737356091e-02	7.443122594341554377e-02
1.127684236803046360e+03	2.662360511362124593e-01	1.588778896542765162e-01	2.489722932432394398e-01	1.501066725619463749e-01	7.293361388295459269e-02	2.838445554084895878e-02	7.448902398051293616e-02
1.129135567867143209e+03	2.660121317180734746e-01	1.587422758615156249e-01	2.491261224475887492e-01	1.501989597725845449e-01	7.297160839578988034e-02	2.840217020584814150e-02	7.454673159859087628e-02
1.130586898931239830e+03	2.657885905269606885e-01	1.586068911476949395e-01	2.492796840728088714e-01	1.502910878617673140e-01	7.300953867738710357e-02	2.841985879542421878e-02	7.460434891794823220e-02
1.132038229995336451e+03	2.655654269230382503e-01	1.584717351252480089e-01	2.494329785738208238e-01	1.503830571253919335e-01	7.304740484108503129e-02	2.843752135255755639e-02	7.466187605884976042e-02
1.133489561059432845e+03	2.653426402675562179e-01	1.583368074072663556e-01	2.495860064047752402e-01	1.504748678587088107e-01	7.308520700000362136e-02	2.845515792015590115e-02	7.471931314152520376e-02
1.134940892123529466e+03	2.651202299228486714e-01	1.582021076074983656e-01	2.497387680190535086e-01	1.505665203563232024e-01	7.312294526704452013e-02	2.847276854105450228e-02	7.477666028616851424e-02
1.136392223187626087e+03	2.648981952523319361e-01	1.580676353403480672e-01	2.498912638692693255e-01	1.506580149121971579e-01	7.316061975489157598e-02	2.849035325801623289e-02	7.483391761293699262e-02
1.137843554251722708e+03	2.646765356205025843e-01	1.579333902208740481e-01	2.500434944072698062e-01	1.507493518196513227e-01	7.319823057601136662e-02	2.850791211373172179e-02	7.489108524195046968e-02
1.139294885315819101e+03	2.644552503929355480e-01	1.577993718647884014e-01	2.501954600841368448e-01	1.508405313713667983e-01	7.323577784265368484e-02	2.852544515081947146e-02	7.494816329329055671e-02
1.140746216379915950e+03	2.642343389362825645e-01	1.576655798884554482e-01	2.503471613501883075e-01	1.509315538593871131e-01	7.327326166685206588e-02	2.854295241182598294e-02	7.500515188699978519e-02
1.142197547444012343e+03	2.640138006182698449e-01	1.575320139088908500e-01	2.504985986549796984e-01	1.510224195751198595e-01	7.331068216042430086e-02	2.856043393922588075e-02	7.506205114308077408e-02
1.143648878508108737e+03	2.637936348076967974e-01	1.573986735437603313e-01	2.506497724473047972e-01	1.511131288093386371e-01	7.334803943497290868e-02	2.857788977542203776e-02	7.511886118149553593e-02
1.145100209572205586e+03	2.635738408744338623e-01	1.572655584113785143e-01	2.508006831751977139e-01	1.512036818521848569e-01	7.338533360188566335e-02	2.859531996274569318e-02	7.517558212216463032e-02
1.146551540636302207e+03	2.633544181894206249e-01	1.571326681307080031e-01	2.509513312859335543e-01	1.512940789931695729e-01	7.342256477233612133e-02	2.861272454345657398e-02	7.523221408496641449e-02
1.148002871700398828e+03	2.631353661246641495e-01	1.570000023213580786e-01	2.511017172260300856e-01	1.513843205211752307e-01	7.345973305728405178e-02	2.863010355974302326e-02	7.528875718973619680e-02
1.149454202764495449e+03	2.629166840532370375e-01	1.568675606035836723e-01	2.512518414412489021e-01	1.514744067244574721e-01	7.349683856747601940e-02	2.864745705372211820e-02	7.534521155626554278e-02
1.150905533828591842e+03	2.626983713492757611e-01	1.567353425982842829e-01	2.514017043765965909e-01	1.515643378906469940e-01	7.353388141344580076e-02	2.866478506743979845e-02	7.540157730430151195e-02
1.152356864892688463e+03	2.624804273879786654e-01	1.566033479270028395e-01	2.515513064763261752e-01	1.516541143067513253e-01	7.357086170551492554e-02	2.868208764287097715e-02	7.545785455354583893e-02
1.153808195956785084e+03	2.622628515456041920e-01	1.564715762119246178e-01	2.517006481839382803e-01	1.517437362591565475e-01	7.360777955379316229e-02	2.869936482191966579e-02	7.551404342365423961e-02
1.155259527020881706e+03	2.620456431994691582e-01	1.563400270758761035e-01	2.518497299421825764e-01	1.518332040336290711e-01	7.364463506817903182e-02	2.871661664641910958e-02	7.557014403423564786e-02
1.156710858084978327e+03	2.618288017279467583e-01	1.562087001423239363e-01	2.519985521930589445e-01	1.519225179153174954e-01	7.368142835836025140e-02	2.873384315813189149e-02	7.562615650485145224e-02
1.158162189149074720e+03	2.616123265104650097e-01	1.560775950353738006e-01	2.521471153778185870e-01	1.520116781887542456e-01	7.371815953381428976e-02	2.875104439875005025e-02	7.568208095501481603e-02
1.159613520213171569e+03	2.613962169275046987e-01	1.559467113797693150e-01	2.522954199369655814e-01	1.521006851378573776e-01	7.375482870380876965e-02	2.876822040989522253e-02	7.573791750418985835e-02
1.161064851277267962e+03	2.611804723605977707e-01	1.558160488008908384e-01	2.524434663102579357e-01	1.521895390459323538e-01	7.379143597740205063e-02	2.878537123311874710e-02	7.579366627179105753e-02
1.162516182341364356e+03	2.609650921923254430e-01	1.556856069247546659e-01	2.525912549367090310e-01	1.522782401956737641e-01	7.382798146344361767e-02	2.880249690990178621e-02	7.584932737718241835e-02
1.163967513405461204e+03	2.607500758063164281e-01	1.555553853780116680e-01	2.527387862545887320e-01	1.523667888691670191e-01	7.386446527057462241e-02	2.881959748165545052e-02	7.590490093967677820e-02
1.165418844469557826e+03	2.605354225872451024e-01	1.554253837879462641e-01	2.528860607014247752e-01	1.524551853478901264e-01	7.390088750722836886e-02	2.883667298972091356e-02	7.596038707853515481e-02
1.166870175533654447e+03	2.603211319208297292e-01	1.552956017824754509e-01	2.530330787140038784e-01	1.525434299127153559e-01	7.393724828163077134e-02	2.885372347536954360e-02	7.601578591296601073e-02
1.168321506597751068e+03	2.601072031938306273e-01	1.551660389901476089e-01	2.531798407283730734e-01	1.526315228439110161e-01	7.397354770180084027e-02	2.887074897980300425e-02	7.607109756212455942e-02
1.169772837661847461e+03	2.598936357940486164e-01	1.550366950401413924e-01	2.533263471798410382e-01	1.527194644211430918e-01	7.400978587555115396e-02	2.888774954415338284e-02	7.612632214511207140e-02
1.171224168725944082e+03	2.596804291103228524e-01	1.549075695622647575e-01	2.534725985029792072e-01	1.528072549234770205e-01	7.404596291048833046e-02	2.890472520948331181e-02	7.618145978097516646e-02
1.172675499790040703e+03	2.594675825325294949e-01	1.547786621869538248e-01	2.536185951316232146e-01	1.528948946293793576e-01	7.408207891401355494e-02	2.892167601678608674e-02	7.623651058870518915e-02
1.174126830854137097e+03	2.592550954515794870e-01	1.546499725452717966e-01	2.537643374988738376e-01	1.529823838167193306e-01	7.411813399332296826e-02	2.893860200698579119e-02	7.629147468723748715e-02
1.175578161918233945e+03	2.590429672594171118e-01	1.545215002689079020e-01	2.539098260370984961e-01	1.530697227627707824e-01	7.415412825540819430e-02	2.895550322093739734e-02	7.634635219545074514e-02
1.177029492982330339e+03	2.588311973490180495e-01	1.543932449901763426e-01	2.540550611779325285e-01	1.531569117442136418e-01	7.419006180705678410e-02	2.897237969942690478e-02	7.640114323216633252e-02
1.178480824046426733e+03	2.586197851143878235e-01	1.542652063420151543e-01	2.542000433522801917e-01	1.532439510371356173e-01	7.422593475485272929e-02	2.898923148317144108e-02	7.645584791614762343e-02
1.179932155110523581e+03	2.584087299505596347e-01	1.541373839579852634e-01	2.543447729903161036e-01	1.533308409170339170e-01	7.426174720517683681e-02	2.900605861281937981e-02	7.651046636609938612e-02
1.181383486174620202e+03	2.581980312535931410e-01	1.540097774722692658e-01	2.544892505214863543e-01	1.534175816588168872e-01	7.429749926420729789e-02	2.902286112895048273e-02	7.656499870066707514e-02
1.182834817238716823e+03	2.579876884205721810e-01	1.538823865196704554e-01	2.546334763745098928e-01	1.535041735368056492e-01	7.433319103792011828e-02	2.903963907207599005e-02	7.661944503843624854e-02
1.184286148302813444e+03	2.577777008496033861e-01	1.537552107356117415e-01	2.547774509773795271e-01	1.535906168247357095e-01	7.436882263208952071e-02	2.905639248263874527e-02	7.667380549793186006e-02
1.185737479366910065e+03	2.575680679398142381e-01	1.536282497561346216e-01	2.549211747573635334e-01	1.536769117957586250e-01	7.440439415228849995e-02	2.907312140101332015e-02	7.672808019761769016e-02
1.187188810431006686e+03	2.573587890913514031e-01	1.535015032178980443e-01	2.550646481410063227e-01	1.537630587224436685e-01	7.443990570388921146e-02	2.908982586750612220e-02	7.678226925589567986e-02
1.188640141495103080e+03	2.571498637053790670e-01	1.533749707581774369e-01	2.552078715541302723e-01	1.538490578767794104e-01	7.447535739206348482e-02	2.910650592235551268e-02	7.683637279110527851e-02
1.190091472559199701e+03	2.569412911840769365e-01	1.532486520148635678e-01	2.553508454218365586e-01	1.539349095301753290e-01	7.451074932178322618e-02	2.912316160573193147e-02	7.689039092152288868e-02
1.191542803623296322e+03	2.567330709306387959e-01	1.531225466264616031e-01	2.554935701685064342e-01	1.540206139534634755e-01	7.454608159782090404e-02	2.913979295773799771e-02	7.694432376536120000e-02
1.192994134687392716e+03	2.565252023492706202e-01	1.529966542320898848e-01	2.556360462178026705e-01	1.541061714168999452e-01	7.458135432475002102e-02	2.915640001840864512e-02	7.699817144076860631e-02
1.194445465751489564e+03	2.563176848451886869e-01	1.528709744714790986e-01	2.557782739926705018e-01	1.541915821901667094e-01	7.461656760694553026e-02	2.917298282771121562e-02	7.705193406582860893e-02
1.195896796815585958e+03	2.561105178246183556e-01	1.527455069849710523e-01	2.559202539153389022e-01	1.542768465423729474e-01	7.465172154858430720e-02	2.918954142554559122e-02	7.710561175855917826e-02
1.197348127879682352e+03	2.559037006947917914e-01	1.526202514135177046e-01	2.560619864073219176e-01	1.543619647420568231e-01	7.468681625364560761e-02	2.920607585174430851e-02	7.715920463691218478e-02
1.198799458943779200e+03	2.556972328639464664e-01	1.524952073986800827e-01	2.562034718894197760e-01	1.544469370571869837e-01	7.472185182591149777e-02	2.922258614607266616e-02	7.721271281877277459e-02
1.200250790007875821e+03	2.554911137413235500e-01	1.523703745826273104e-01	2.563447107817202752e-01	1.545317637551641976e-01	7.475682836896728467e-02	2.923907234822884296e-02	7.726613642195884202e-02
1.201702121071972442e+03	2.552853427371660211e-01	1.522457526081354429e-01	2.564857035035995603e-01	1.546164451028227971e-01	7.479174598620201564e-02	2.925553449784401225e-02	7.731947556422041901e-02
1.203153452136069063e+03	2.550799192627170031e-01	1.521213411185865783e-01	2.566264504737238994e-01	1.547009813664323719e-01	7.482660478080888078e-02	2.927197263448245990e-02	7.737273036323909225e-02
1.204604783200165684e+03	2.548748427302180430e-01	1.519971397579677197e-01	2.567669521100504060e-01	1.547853728116992678e-01	7.486140485578568482e-02	2.928838679764169187e-02	7.742590093662739259e-02
1.206056114264262078e+03	2.546701125529075571e-01	1.518731481708697761e-01	2.569072088298285927e-01	1.548696197037681410e-01	7.489614631393526345e-02	2.930477702675255910e-02	7.747898740192830924e-02
1.207507445328358699e+03	2.544657281450188324e-01	1.517493660024865632e-01	2.570472210496012599e-01	1.549537223072235403e-01	7.493082925786592741e-02	2.932114336117936162e-02	7.753198987661467922e-02
1.208958776392455093e+03	2.542616889217786391e-01	1.516257928986136094e-01	2.571869891852061052e-01	1.550376808860913780e-01	7.496545378999190656e-02	2.933748584021995953e-02	7.758490847808861834e-02
1.210410107456551941e+03	2.540579942994052876e-01	1.515024285056473796e-01	2.573265136517763896e-01	1.551214957038405395e-01	7.500002001253380790e-02	2.935380450310590139e-02	7.763774332368099385e-02
1.211861438520648335e+03	2.538546436951070184e-01	1.513792724705839698e-01	2.574657948637424920e-01	1.552051670233844105e-01	7.503452802751903183e-02	2.937009938900252484e-02	7.769049453065086930e-02
1.213312769584745183e+03	2.536516365270804485e-01	1.512563244410183860e-01	2.576048332348330194e-01	1.552886951070822641e-01	7.506897793678220243e-02	2.938637053700907456e-02	7.774316221618492173e-02
1.214764100648841804e+03	2.534489722145086277e-01	1.511335840651432949e-01	2.577436291780760280e-01	1.553720802167409820e-01	7.510336984196561150e-02	2.940261798615880981e-02	7.779574649739699754e-02
1.216215431712937971e+03	2.532466501775595402e-01	1.510110509917480248e-01	2.578821831058000780e-01	1.554553226136164146e-01	7.513770384451966267e-02	2.941884177541912587e-02	7.784824749132743249e-02
1.217666762777034819e+03	2.530446698373843284e-01	1.508887248702176220e-01	2.580204954296357323e-01	1.555384225584149349e-01	7.517198004570325998e-02	2.943504194369165813e-02	7.790066531494266311e-02
1.219118093841131440e+03	2.528430306161157937e-01	1.507666053505317683e-01	2.581585665605163338e-01	1.556213803112950211e-01	7.520619854658430747e-02	2.945121852981240351e-02	7.795300008513460222e-02
1.220569424905228061e+03	2.526417319368663428e-01	1.506446920832638647e-01	2.582963969086794487e-01	1.557041961318685885e-01	7.524035944804005616e-02	2.946737157255181760e-02	7.800525191872012543e-02
1.222020755969324682e+03	2.524407732237266555e-01	1.505229847195798942e-01	2.584339868836679210e-01	1.557868702792025717e-01	7.527446285075760357e-02	2.948350111061495346e-02	7.805742093244062707e-02
1.223472087033421303e+03	2.522401539017638528e-01	1.504014829112374496e-01	2.585713368943311496e-01	1.558694030118205065e-01	7.530850885523426852e-02	2.949960718264153792e-02	7.810950724296142345e-02
1.224923418097517697e+03	2.520398733970200533e-01	1.502801863105847346e-01	2.587084473488261427e-01	1.559517945877037237e-01	7.534249756177807678e-02	2.951568982720611731e-02	7.816151096687126709e-02
1.226374749161614318e+03	2.518399311365103199e-01	1.501590945705595648e-01	2.588453186546189055e-01	1.560340452642931530e-01	7.537642907050812191e-02	2.953174908281814073e-02	7.821343222068186107e-02
1.227826080225710712e+03	2.516403265482212714e-01	1.500382073446883402e-01	2.589819512184854400e-01	1.561161552984905720e-01	7.541030348135498163e-02	2.954778498792209190e-02	7.826527112082733162e-02
1.229277411289807560e+03	2.514410590611093621e-01	1.499175242870850189e-01	2.591183454465129099e-01	1.561981249466601884e-01	7.544412089406123123e-02	2.956379758089758628e-02	7.831702778366374240e-02
1.230728742353903954e+03	2.512421281050992716e-01	1.497970450524502006e-01	2.592545017441007515e-01	1.562799544646299998e-01	7.547788140818174896e-02	2.957978690005948902e-02	7.836870232546859494e-02
1.232180073418000802e+03	2.510435331110822399e-01	1.496767692960699059e-01	2.593904205159620613e-01	1.563616441076932928e-01	7.551158512308421555e-02	2.959575298365802257e-02	7.842029486244034286e-02
1.233631404482097196e+03	2.508452735109141241e-01	1.495566966738149650e-01	2.595261021661245948e-01	1.564431941306101137e-01	7.554523213794951675e-02	2.961169586987888111e-02	7.847180551069790622e-02
1.235082735546193817e+03	2.506473487374142328e-01	1.494368268421395751e-01	2.596615470979318774e-01	1.565246047876086843e-01	7.557882255177211794e-02	2.962761559684333815e-02	7.852323438628017183e-02
1.236534066610290438e+03	2.504497582243634946e-01	1.493171594580805783e-01	2.597967557140447026e-01	1.566058763323867897e-01	7.561235646336053606e-02	2.964351220260835404e-02	7.857458160514557699e-02
1.237985397674387059e+03	2.502525014065025699e-01	1.491976941792564904e-01	2.599317284164417430e-01	1.566870090181133046e-01	7.564583397133767262e-02	2.965938572516668703e-02	7.862584728317155436e-02
1.239436728738483680e+03	2.500555777195305751e-01	1.490784306638662238e-01	2.600664656064211600e-01	1.567680030974295258e-01	7.567925517414136882e-02	2.967523620244701121e-02	7.867703153615412948e-02
1.240888059802580301e+03	2.498589866001031945e-01	1.489593685706884219e-01	2.602009676846016029e-01	1.568488588224506985e-01	7.571262017002462763e-02	2.969106367231399979e-02	7.872813447980739343e-02
1.242339390866676695e+03	2.496627274858311818e-01	1.488405075590803484e-01	2.603352350509232638e-01	1.569295764447673491e-01	7.574592905705619661e-02	2.970686817256847773e-02	7.877915622976310039e-02
1.243790721930773088e+03	2.494667998152786392e-01	1.487218472889767773e-01	2.604692681046493208e-01	1.570101562154466446e-01	7.577918193312087325e-02	2.972264974094749115e-02	7.883009690157018190e-02
1.245242052994869937e+03	2.492712030279614910e-01	1.486033874208892158e-01	2.606030672443665486e-01	1.570905983850339471e-01	7.581237889591994905e-02	2.973840841512443225e-02	7.888095661069428888e-02
1.246693384058966330e+03	2.490759365643457901e-01	1.484851276159047107e-01	2.607366328679871503e-01	1.571709032035541465e-01	7.584552004297162586e-02	2.975414423270915376e-02	7.893173547251736144e-02
1.248144715123063179e+03	2.488809998658460532e-01	1.483670675356850155e-01	2.608699653727493128e-01	1.572510709205129642e-01	7.587860547161139058e-02	2.976985723124806263e-02	7.898243360233715704e-02
1.249596046187159800e+03	2.486863923748237615e-01	1.482492068424655918e-01	2.610030651552186498e-01	1.573311017848984528e-01	7.591163527899241759e-02	2.978554744822423800e-02	7.903305111536684802e-02
1.251047377251256421e+03	2.484921135345855847e-01	1.481315451990545540e-01	2.611359326112893675e-01	1.574109960451823553e-01	7.594460956208602675e-02	2.980121492105754222e-02	7.908358812673453586e-02
1.252498708315352815e+03	2.482981627893819654e-01	1.480140822688317537e-01	2.612685681361851531e-01	1.574907539493214659e-01	7.597752841768201648e-02	2.981685968710471799e-02	7.913404475148286266e-02
1.253950039379449436e+03	2.481045395844053703e-01	1.478968177157477526e-01	2.614009721244606177e-01	1.575703757447590447e-01	7.601039194238913554e-02	2.983248178365950631e-02	7.918442110456853922e-02
1.255401370443546057e+03	2.479112433657885972e-01	1.477797512043229344e-01	2.615331449700022404e-01	1.576498616784260676e-01	7.604320023263537454e-02	2.984808124795275061e-02	7.923471730086192877e-02
1.256852701507642678e+03	2.477182735806034986e-01	1.476628823996464224e-01	2.616650870660295336e-01	1.577292119967428075e-01	7.607595338466849322e-02	2.986365811715249036e-02	7.928493345514668611e-02
1.258304032571739299e+03	2.475256296768590103e-01	1.475462109673751909e-01	2.617967988050961536e-01	1.578084269456199729e-01	7.610865149455632583e-02	2.987921242836409988e-02	7.933506968211920252e-02
1.259755363635835920e+03	2.473333111034997089e-01	1.474297365737330112e-01	2.619282805790911772e-01	1.578875067704601509e-01	7.614129465818722520e-02	2.989474421863037162e-02	7.938512609638835593e-02
1.261206694699932314e+03	2.471413173104042571e-01	1.473134588855095906e-01	2.620595327792399343e-01	1.579664517161592230e-01	7.617388297127042351e-02	2.991025352493162023e-02	7.943510281247496974e-02
1.262658025764028707e+03	2.469496477483837660e-01	1.471973775700595455e-01	2.621905557961053956e-01	1.580452620271075859e-01	7.620641652933646260e-02	2.992574038418580051e-02	7.948499994481145192e-02
1.264109356828125556e+03	2.467583018691802133e-01	1.470814922953014303e-01	2.623213500195892278e-01	1.581239379471915674e-01	7.623889542773755468e-02	2.994120483324861151e-02	7.953481760774140652e-02
1.265560687892221949e+03	2.465672791254647500e-01	1.469658027297167935e-01	2.624519158389328477e-01	1.582024797197947863e-01	7.627131976164795713e-02	2.995664690891359366e-02	7.958455591551921726e-02
1.267012018956318798e+03	2.463765789708363130e-01	1.468503085423492061e-01	2.625822536427187548e-01	1.582808875877994015e-01	7.630368962606444427e-02	2.997206664791225370e-02	7.963421498230961737e-02
1.268463350020415419e+03	2.461862008598199036e-01	1.467350094028032903e-01	2.627123638188711974e-01	1.583591617935874440e-01	7.633600511580659886e-02	2.998746408691415483e-02	7.968379492218738425e-02
1.269914681084511813e+03	2.459961442478650340e-01	1.466199049812437760e-01	2.628422467546578378e-01	1.584373025790422052e-01	7.636826632551727001e-02	3.000283926252702432e-02	7.973329584913685375e-02
1.271366012148608434e+03	2.458064085913441443e-01	1.465049949483945568e-01	2.629719028366903633e-01	1.585153101855495406e-01	7.640047334966292014e-02	3.001819221129686452e-02	7.978271787705158713e-02
1.272817343212705055e+03	2.456169933475510214e-01	1.463902789755376910e-01	2.631013324509259843e-01	1.585931848539991196e-01	7.643262628253405522e-02	3.003352296970804997e-02	7.983206111973395469e-02
1.274268674276801676e+03	2.454278979746992717e-01	1.462757567345125687e-01	2.632305359826684343e-01	1.586709268247858129e-01	7.646472521824553004e-02	3.004883157418344886e-02	7.988132569089477497e-02
1.275720005340898297e+03	2.452391219319207116e-01	1.461614278977147741e-01	2.633595138165689131e-01	1.587485363378109138e-01	7.649677025073700620e-02	3.006411806108450283e-02	7.993051170415299556e-02
1.277171336404994690e+03	2.450506646792638410e-01	1.460472921380952804e-01	2.634882663366273636e-01	1.588260136324834704e-01	7.652876147377331295e-02	3.007938246671135185e-02	7.997961927303517959e-02
1.278622667469091539e+03	2.448625256776922332e-01	1.459333491291593676e-01	2.636167939261935822e-01	1.589033589477215902e-01	7.656069898094482185e-02	3.009462482730293140e-02	8.002864851097526988e-02
1.280073998533187932e+03	2.446747043890829532e-01	1.458195985449659282e-01	2.637450969679681068e-01	1.589805725219537169e-01	7.659258286566783536e-02	3.010984517903707997e-02	8.007759953131418640e-02
1.281525329597284326e+03	2.444872002762250862e-01	1.457060400601261907e-01	2.638731758440036601e-01	1.590576545931199071e-01	7.662441322118493381e-02	3.012504355803064318e-02	8.012647244729939611e-02
1.282976660661381175e+03	2.443000128028181006e-01	1.455926733498030812e-01	2.640010309357059270e-01	1.591346053986731346e-01	7.665619014056539171e-02	3.014022000033956747e-02	8.017526737208466314e-02
1.284427991725477568e+03	2.441131414334702932e-01	1.454794980897100021e-01	2.641286626238348312e-01	1.592114251755805399e-01	7.668791371670555246e-02	3.015537454195902148e-02	8.022398441872959085e-02
1.285879322789574417e+03	2.439265856336973459e-01	1.453665139561101105e-01	2.642560712885055341e-01	1.592881141603247341e-01	7.671958404232918916e-02	3.017050721882348283e-02	8.027262370019935811e-02
1.287330653853671038e+03	2.437403448699206610e-01	1.452537206258153191e-01	2.643832573091898230e-01	1.593646725889049653e-01	7.675120120998787931e-02	3.018561806680685605e-02	8.032118532936428912e-02
1.288781984917767431e+03	2.435544186094658892e-01	1.451411177761852966e-01	2.645102210647166108e-01	1.594411006968384781e-01	7.678276531206140731e-02	3.020070712172255936e-02	8.036966941899960359e-02
1.290233315981864052e+03	2.433688063205612928e-01	1.450287050851265525e-01	2.646369629332734896e-01	1.595173987191617904e-01	7.681427644075808359e-02	3.021577441932364952e-02	8.041807608178494493e-02
