1.301360187473271253e+03	2.375509931711457801e-01	1.495321086861295390e-01	2.610785191154754159e-01	1.617385761182449366e-01	7.646517170585867551e-02	3.156577228575802724e-02	8.206885891733305127e-02
1.306197957686926657e+03	2.369654070876192065e-01	1.491324443420490031e-01	2.614711061155143290e-01	1.619988884283935227e-01	7.657282322372468975e-02	3.162855118717734781e-02	8.223077961546726433e-02
1.311035727900581833e+03	2.363831146925166049e-01	1.487350276303534280e-01	2.618613614546863033e-01	1.622577188109233515e-01	7.667990141046251984e-02	3.169106722908476836e-02	8.239180877191847052e-02
1.315873498114237009e+03	2.358040974265190881e-01	1.483398458971567635e-01	2.622492991040728527e-01	1.625150756281300568e-01	7.678640932514398110e-02	3.175332153543036079e-02	8.255195108349240585e-02
1.320711268327892412e+03	2.352283368354325110e-01	1.479468865596542115e-01	2.626349329490285656e-01	1.627709671951523274e-01	7.689235000950599142e-02	3.181531522515383681e-02	8.271121122601804432e-02
1.325549038541547588e+03	2.346558145695697151e-01	1.475561371057383386e-01	2.630182767897254470e-01	1.630254017802640065e-01	7.699772648808381192e-02	3.187704941220670385e-02	8.286959385435749281e-02
1.330386808755202765e+03	2.340865123831376016e-01	1.471675850936162988e-01	2.633993443416935420e-01	1.632783876051631111e-01	7.710254176834215045e-02	3.193852520557447644e-02	8.302710360241832843e-02
1.335224578968857941e+03	2.335204121336289518e-01	1.467812181514282222e-01	2.637781492363587832e-01	1.635299328452577416e-01	7.720679884080471067e-02	3.199974370929873496e-02	8.318374508316836446e-02
1.340062349182513572e+03	2.329574957812186320e-01	1.463970239768669912e-01	2.641547050215769521e-01	1.637800456299492446e-01	7.731050067918182611e-02	3.206070602249923296e-02	8.333952288865269231e-02
1.344900119396168748e+03	2.323977453881645172e-01	1.460149903367991553e-01	2.645290251621644773e-01	1.640287340429122664e-01	7.741365024049627619e-02	3.212141323939589344e-02	8.349444159001290222e-02
1.349737889609823924e+03	2.318411431182127724e-01	1.456351050668872327e-01	2.649011230404263451e-01	1.642760061223721701e-01	7.751625046520754792e-02	3.218186644933080515e-02	8.364850573750857998e-02
1.354575659823479100e+03	2.312876712360075193e-01	1.452573560712132617e-01	2.652710119566798475e-01	1.645218698613796215e-01	7.761830427733422411e-02	3.224206673679011481e-02	8.380171986054078814e-02
1.359413430037134731e+03	2.307373121065045829e-01	1.448817313219038783e-01	2.656387051297759427e-01	1.647663332080825382e-01	7.771981458457490055e-02	3.230201518142593320e-02	8.395408846767755950e-02
1.364251200250789907e+03	2.301900481943896237e-01	1.445082188587567817e-01	2.660042156976165639e-01	1.650094040659953742e-01	7.782078427842742396e-02	3.236171285807812326e-02	8.410561604668140290e-02
1.369088970464445310e+03	2.296458620635003223e-01	1.441368067888685600e-01	2.663675567176692627e-01	1.652510902942659343e-01	7.792121623430647848e-02	3.242116083679606742e-02	8.425630706453866858e-02
1.373926740678100487e+03	2.291047363762526157e-01	1.437674832862642360e-01	2.667287411674780229e-01	1.654913997079395793e-01	7.802111331165972885e-02	3.248036018286040022e-02	8.440616596749067613e-02
1.378764510891755890e+03	2.285666538930708480e-01	1.434002365915280908e-01	2.670877819451714097e-01	1.657303400782211000e-01	7.812047835408242324e-02	3.253931195680462990e-02	8.455519718106670191e-02
1.383602281105411066e+03	2.280315974718219729e-01	1.430350550114360964e-01	2.674446918699669440e-01	1.659679191327343983e-01	7.821931418943046943e-02	3.259801721443673916e-02	8.470340511011857643e-02
1.388440051319066470e+03	2.274995500672534476e-01	1.426719269185901251e-01	2.677994836826725344e-01	1.662041445557792541e-01	7.831762362993212323e-02	3.265647700686072352e-02	8.485079413885696087e-02
1.393277821532721646e+03	2.269704947304351239e-01	1.423108407510533524e-01	2.681521700461848012e-01	1.664390239885865097e-01	7.841540947229816427e-02	3.271469238049804634e-02	8.499736863088920569e-02
1.398115591746377049e+03	2.264444146082046638e-01	1.419517850119876023e-01	2.685027635459837914e-01	1.666725650295705075e-01	7.851267449783078112e-02	3.277266437710906616e-02	8.514313292925873577e-02
1.402953361960032225e+03	2.259212929426169247e-01	1.415947482692922199e-01	2.688512766906249740e-01	1.669047752345796942e-01	7.860942147253098533e-02	3.283039403381438071e-02	8.528809135648594830e-02
1.407791132173687402e+03	2.254011130703966470e-01	1.412397191552445253e-01	2.691977219122277387e-01	1.671356621171448675e-01	7.870565314720481820e-02	3.288788238311609463e-02	8.543224821461042895e-02
1.412628902387342805e+03	2.248838584223950832e-01	1.408866863661419333e-01	2.695421115669608403e-01	1.673652331487255063e-01	7.880137225756805863e-02	3.294513045291902475e-02	8.557560778523468081e-02
1.417466672600997981e+03	2.243695125230499021e-01	1.405356386619458220e-01	2.698844579355247353e-01	1.675934957589538532e-01	7.889658152434980698e-02	3.300213926655189839e-02	8.571817432956914395e-02
1.422304442814653157e+03	2.238580589898487294e-01	1.401865648659269548e-01	2.702247732236307542e-01	1.678204573358772489e-01	7.899128365339476432e-02	3.305890984278837819e-02	8.585995208847838067e-02
1.427142213028308333e+03	2.233494815327961291e-01	1.398394538643127905e-01	2.705630695624769988e-01	1.680461252261982730e-01	7.908548133576419337e-02	3.311544319586810781e-02	8.600094528252864856e-02
1.431979983241963964e+03	2.228437639538839998e-01	1.394942946059362088e-01	2.708993590092216852e-01	1.682705067355130812e-01	7.917917724783582467e-02	3.317174033551763962e-02	8.614115811203662543e-02
1.436817753455619140e+03	2.223408901465653287e-01	1.391510761018862063e-01	2.712336535474527133e-01	1.684936091285479109e-01	7.927237405140241666e-02	3.322780226697133465e-02	8.628059475711918891e-02
1.441655523669274316e+03	2.218408440952311100e-01	1.388097874251601471e-01	2.715659650876544595e-01	1.687154396293935876e-01	7.936507439376924711e-02	3.328362999099214459e-02	8.641925937774438959e-02
1.446493293882929493e+03	2.213436098746910385e-01	1.384704177103177614e-01	2.718963054676717950e-01	1.689360054217382279e-01	7.945728090785041109e-02	3.333922450389233821e-02	8.655715611378350660e-02
1.451331064096585123e+03	2.208491716496568946e-01	1.381329561531369765e-01	2.722246864531706056e-01	1.691553136490983322e-01	7.954899621226403650e-02	3.339458679755416548e-02	8.669428908506406073e-02
1.456168834310240300e+03	2.203575136742295382e-01	1.377973920102713024e-01	2.725511197380955375e-01	1.693733714150479908e-01	7.964022291142644483e-02	3.344971785945045212e-02	8.683066239142384068e-02
1.461006604523895703e+03	2.198686202913888443e-01	1.374637145989090203e-01	2.728756169451246327e-01	1.695901857834464233e-01	7.973096359564507685e-02	3.350461867266511101e-02	8.696628011276592851e-02
1.465844374737550879e+03	2.193824759324871088e-01	1.371319132964342880e-01	2.731981896261213572e-01	1.698057637786636875e-01	7.982122084121054395e-02	3.355929021591358419e-02	8.710114630911452993e-02
1.470682144951206283e+03	2.188990651167451451e-01	1.368019775400895754e-01	2.735188492625829082e-01	1.700201123858050278e-01	7.991099721048749993e-02	3.361373346356316683e-02	8.723526502067176225e-02
1.475519915164861459e+03	2.184183724507519075e-01	1.364738968266402119e-01	2.738376072660863025e-01	1.702332385509332524e-01	8.000029525200465230e-02	3.366794938565335210e-02	8.736864026787531656e-02
1.480357685378516862e+03	2.179403826279668610e-01	1.361476607120405968e-01	2.741544749787311885e-01	1.704451491812898067e-01	8.008911750054363565e-02	3.372193894791600255e-02	8.750127605145685550e-02
1.485195455592172038e+03	2.174650804282254879e-01	1.358232588111018824e-01	2.744694636735798832e-01	1.706558511455140703e-01	8.017746647722694131e-02	3.377570311179547285e-02	8.763317635250120197e-02
1.490033225805827215e+03	2.169924507172479033e-01	1.355006807971618488e-01	2.747825845550941337e-01	1.708653512738611269e-01	8.026534468960494495e-02	3.382924283446869795e-02	8.776434513250631897e-02
1.494870996019482618e+03	2.165224784461501906e-01	1.351799164017560562e-01	2.750938487595694371e-01	1.710736563584182024e-01	8.035275463174193500e-02	3.388255906886517010e-02	8.789478633344398328e-02
1.499708766233137567e+03	2.160551486509590391e-01	1.348609554142910227e-01	2.754032673555664168e-01	1.712807731533193822e-01	8.043969878430125287e-02	3.393565276368679801e-02	8.802450387782112529e-02
1.504546536446793198e+03	2.155904464521288533e-01	1.345437876817190126e-01	2.757108513443390918e-01	1.714867083749588850e-01	8.052617961462953111e-02	3.398852486342776591e-02	8.815350166874187654e-02
1.509384306660448374e+03	2.151283570540623025e-01	1.342284031082147389e-01	2.760166116602605357e-01	1.716914687022030039e-01	8.061219957683998794e-02	3.404117630839428171e-02	8.828178358997017250e-02
1.514222076874103550e+03	2.146688657446331749e-01	1.339147916548534267e-01	2.763205591712457609e-01	1.718950607766004390e-01	8.069776111189491674e-02	3.409360803472418627e-02	8.840935350599307685e-02
1.519059847087758726e+03	2.142119578947125069e-01	1.336029433392910137e-01	2.766227046791715494e-01	1.720974912025914627e-01	8.078286664768728753e-02	3.414582097440659048e-02	8.853621526208457770e-02
1.523897617301414357e+03	2.137576189576973484e-01	1.332928482354457100e-01	2.769230589202937853e-01	1.722987665477153929e-01	8.086751859912146012e-02	3.419781605530134577e-02	8.866237268436992502e-02
1.528735387515069533e+03	2.133058344690422492e-01	1.329844964731815293e-01	2.772216325656617908e-01	1.724988933428170390e-01	8.095171936819324510e-02	3.424959420115847308e-02	8.878782957989064806e-02
1.533573157728724709e+03	2.128565900457937976e-01	1.326778782379934296e-01	2.775184362215301070e-01	1.726978780822513992e-01	8.103547134406892394e-02	3.430115633163750843e-02	8.891258973666987808e-02
1.538410927942380113e+03	2.124098713861275467e-01	1.323729837706942025e-01	2.778134804297672233e-01	1.728957272240874143e-01	8.111877690316358913e-02	3.435250336232673757e-02	8.903665692377832341e-02
1.543248698156035516e+03	2.119656642688880210e-01	1.320698033671029448e-01	2.781067756682621406e-01	1.730924471903101114e-01	8.120163840921879039e-02	3.440363620476242362e-02	8.916003489140053584e-02
1.548086468369690692e+03	2.115239545531311383e-01	1.317683273777353614e-01	2.783983323513279373e-01	1.732880443670216930e-01	8.128405821337920945e-02	3.445455576644783358e-02	8.928272737090180156e-02
1.552924238583346096e+03	2.110847281776695727e-01	1.314685462074957345e-01	2.786881608301022273e-01	1.734825251046410999e-01	8.136603865426877968e-02	3.450526295087229939e-02	8.940473807489528191e-02
1.557762008797001272e+03	2.106479711606205618e-01	1.311704503153705570e-01	2.789762713929456739e-01	1.736758957181024909e-01	8.144758205806594542e-02	3.455575865753014037e-02	8.952607069730961209e-02
1.562599779010656675e+03	2.102136695989565429e-01	1.308740302141237766e-01	2.792626742658375072e-01	1.738681624870524467e-01	8.152869073857824112e-02	3.460604378193949532e-02	8.964672891345693007e-02
1.567437549224311852e+03	2.097818096680583166e-01	1.305792764699938435e-01	2.795473796127684873e-01	1.740593316560458959e-01	8.160936699731610733e-02	3.465611921566112003e-02	8.976671638010115528e-02
1.572275319437967255e+03	2.093523776212707910e-01	1.302861797023923407e-01	2.798303975361312590e-01	1.742494094347408207e-01	8.168961312356610993e-02	3.470598584631703204e-02	8.988603673552662821e-02
1.577113089651622431e+03	2.089253597894614456e-01	1.299947305836042510e-01	2.801117380771077636e-01	1.744384019980917966e-01	8.176943139446336828e-02	3.475564455760914856e-02	9.000469359960715232e-02
1.581950859865277607e+03	2.085007425805812664e-01	1.297049198384900015e-01	2.803914112160548755e-01	1.746263154865423384e-01	8.184882407506335888e-02	3.480509622933777164e-02	9.012269057387523041e-02
1.586788630078933011e+03	2.080785124792282059e-01	1.294167382441890335e-01	2.806694268728867625e-01	1.748131560062161083e-01	8.192779341841301133e-02	3.485434173742004565e-02	9.024003124159164779e-02
1.591626400292587959e+03	2.076586560462132525e-01	1.291301766298250664e-01	2.809457949074548599e-01	1.749989296291068475e-01	8.200634166562120742e-02	3.490338195390831066e-02	9.035671916781526369e-02
1.596464170506243590e+03	2.072411599181290254e-01	1.288452258762129710e-01	2.812205251199255129e-01	1.751836423932672526e-01	8.208447104592862809e-02	3.495221774700835865e-02	9.047275789947309410e-02
1.601301940719898766e+03	2.068260108069207570e-01	1.285618769155672803e-01	2.814936272511550097e-01	1.753673003029967148e-01	8.216218377677687867e-02	3.500084998109762036e-02	9.058815096543061662e-02
1.606139710933553943e+03	2.064131954994598839e-01	1.282801207312123659e-01	2.817651109830619505e-01	1.755499093290279755e-01	8.223948206387714233e-02	3.504927951674327580e-02	9.070290187656228353e-02
1.610977481147209119e+03	2.060027008571201357e-01	1.279999483572941410e-01	2.820349859389974512e-01	1.757314754087125064e-01	8.231636810127811177e-02	3.509750721072027457e-02	9.081701412582224298e-02
1.615815251360864750e+03	2.055945138153558172e-01	1.277213508784934282e-01	2.823032616841128495e-01	1.759120044462050003e-01	8.239284407143333822e-02	3.514553391602925903e-02	9.093049118831524058e-02
1.620653021574519926e+03	2.051886213832827266e-01	1.274443194297408821e-01	2.825699477257245795e-01	1.760915023126466139e-01	8.246891214526802516e-02	3.519336048191444577e-02	9.104333652136768762e-02
1.625490791788175102e+03	2.047850106432616279e-01	1.271688451959336053e-01	2.828350535136769928e-01	1.762699748463472382e-01	8.254457448224525318e-02	3.524098775388136151e-02	9.115555356459890957e-02
1.630328562001830505e+03	2.043836687504836658e-01	1.268949194116531787e-01	2.830985884407028474e-01	1.764474278529666318e-01	8.261983323043155247e-02	3.528841657371455109e-02	9.126714573999254732e-02
1.635166332215485909e+03	2.039845829325587501e-01	1.266225333608854975e-01	2.833605618427810224e-01	1.766238671056945264e-01	8.269469052656201746e-02	3.533564777949519536e-02	9.137811645196802779e-02
1.640004102429141085e+03	2.035877404891058284e-01	1.263516783767418272e-01	2.836209829994920661e-01	1.767992983454297340e-01	8.276914849610474134e-02	3.538268220561859023e-02	9.148846908745218720e-02
1.644841872642796488e+03	2.031931287913456841e-01	1.260823458411818032e-01	2.838798611343716916e-01	1.769737272809581985e-01	8.284320925332486207e-02	3.542952068281162575e-02	9.159820701595108861e-02
1.649679642856451665e+03	2.028007352816961484e-01	1.258145271847377622e-01	2.841372054152612736e-01	1.771471595891298545e-01	8.291687490134799776e-02	3.547616403815013336e-02	9.170733358962179782e-02
1.654517413070107068e+03	2.024105474733695065e-01	1.255482138862406560e-01	2.843930249546565148e-01	1.773196009150347641e-01	8.299014753222307139e-02	3.552261309507614290e-02	9.181585214334429812e-02
1.659355183283762244e+03	2.020225529499723727e-01	1.252833974725475474e-01	2.846473288100536125e-01	1.774910568721780602e-01	8.306302922698477476e-02	3.556886867341507719e-02	9.192376599479348820e-02
1.664192953497417420e+03	2.016367393651076201e-01	1.250200695182705213e-01	2.849001259842932621e-01	1.776615330426539463e-01	8.313552205571542175e-02	3.561493158939289805e-02	9.203107844451129116e-02
1.669030723711072824e+03	2.012530944419788081e-01	1.247582216455073306e-01	2.851514254259021608e-01	1.778310349773185584e-01	8.320762807760635760e-02	3.566080265565307189e-02	9.213779277597866635e-02
1.673868493924728000e+03	2.008716059729967751e-01	1.244978455235733056e-01	2.854012360294325146e-01	1.779995681959621878e-01	8.327934934101882680e-02	3.570648268127357000e-02	9.224391225568784325e-02
1.678706264138383403e+03	2.004922618193884787e-01	1.242389328687349692e-01	2.856495666357990459e-01	1.781671381874801452e-01	8.335068788354429992e-02	3.575197247178367455e-02	9.234944013321445822e-02
1.683544034352038352e+03	2.001150499108081404e-01	1.239814754439450134e-01	2.858964260326138374e-01	1.783337504100429849e-01	8.342164573206453659e-02	3.579727282918081233e-02	9.245437964128974673e-02
1.688381804565693983e+03	1.997399582449504718e-01	1.237254650585788290e-01	2.861418229545193426e-01	1.784994102912655367e-01	8.349222490281092701e-02	3.584238455194722894e-02	9.255873399587277728e-02
1.693219574779349159e+03	1.993669748871662595e-01	1.234708935681725767e-01	2.863857660835184005e-01	1.786641232283751046e-01	8.356242740142350023e-02	3.588730843506659357e-02	9.266250639622267138e-02
1.698057344993004335e+03	1.989960879700801155e-01	1.232177528741625755e-01	2.866282640493029166e-01	1.788278945883787219e-01	8.363225522300948844e-02	3.593204527004055515e-02	9.276570002497078193e-02
1.702895115206659511e+03	1.986272856932102537e-01	1.229660349236263439e-01	2.868693254295795469e-01	1.789907297082294069e-01	8.370171035220136391e-02	3.597659584490519452e-02	9.286831804819292713e-02
1.707732885420315142e+03	1.982605563225907641e-01	1.227157317090249444e-01	2.871089587503942164e-01	1.791526338949916697e-01	8.377079476321451501e-02	3.602096094424738632e-02	9.297036361548154104e-02
1.712570655633970318e+03	1.978958881903956357e-01	1.224668352679468553e-01	2.873471724864534727e-01	1.793136124260057696e-01	8.383951041990438113e-02	3.606514134922109843e-02	9.307183986001783815e-02
1.717408425847625494e+03	1.975332696945652500e-01	1.222193376828533268e-01	2.875839750614442858e-01	1.794736705490513340e-01	8.390785927582329606e-02	3.610913783756361517e-02	9.317274989864392232e-02
1.722246196061280898e+03	1.971726892984347335e-01	1.219732310808250564e-01	2.878193748483519054e-01	1.796328134825102008e-01	8.397584327427676243e-02	3.615295118361164239e-02	9.327309683193481249e-02
1.727083966274936301e+03	1.968141355303646978e-01	1.217285076333103899e-01	2.880533801697748308e-01	1.797910464155278998e-01	8.404346434837944857e-02	3.619658215831738496e-02	9.337288374427046844e-02
1.731921736488591478e+03	1.964575969833739499e-01	1.214851595558748831e-01	2.882859992982387820e-01	1.799483745081746355e-01	8.411072442111063030e-02	3.624003152926450616e-02	9.347211370390776097e-02
1.736759506702246881e+03	1.961030623147742846e-01	1.212431791079523896e-01	2.885172404565076176e-01	1.801048028916052146e-01	8.417762540536935512e-02	3.628330006068402475e-02	9.357078976305230333e-02
1.741597276915902057e+03	1.957505202458072746e-01	1.210025585925973424e-01	2.887471118178928098e-01	1.802603366682181407e-01	8.424416920402909292e-02	3.632638851347013559e-02	9.366891495793035205e-02
1.746435047129557461e+03	1.953999595612832818e-01	1.207632903562387144e-01	2.889756215065608091e-01	1.804149809118139325e-01	8.431035770999210921e-02	3.636929764519591241e-02	9.376649230886041630e-02
1.751272817343212637e+03	1.950513691092224944e-01	1.205253667884350621e-01	2.892027775978380233e-01	1.805687406677523310e-01	8.437619280624333862e-02	3.641202821012901047e-02	9.386352482032497835e-02
1.756110587556867813e+03	1.947047378004979346e-01	1.202887803216311918e-01	2.894285881185140741e-01	1.807216209531088968e-01	8.444167636590393933e-02	3.645458095924720282e-02	9.396001548104200574e-02
1.760948357770523216e+03	1.943600546084804925e-01	1.200535234309161314e-01	2.896530610471432787e-01	1.808736267568305522e-01	8.450681025228448662e-02	3.649695664025389558e-02	9.405596726403647745e-02
1.765786127984178393e+03	1.940173085686860421e-01	1.198195886337823785e-01	2.898762043143435774e-01	1.810247630398904850e-01	8.457159631893768070e-02	3.653915599759354621e-02	9.415138312671160470e-02
1.770623898197833569e+03	1.936764887784245825e-01	1.195869684898866608e-01	2.900980258030940173e-01	1.811750347354420809e-01	8.463603640971084641e-02	3.658117977246699848e-02	9.424626601092017664e-02
1.775461668411488745e+03	1.933375843964512397e-01	1.193556556008119190e-01	2.903185333490299613e-01	1.813244467489719125e-01	8.470013235879791935e-02	3.662302870284676881e-02	9.434061884303567014e-02
1.780299438625144376e+03	1.930005846426194049e-01	1.191256426098306759e-01	2.905377347407365196e-01	1.814730039584522003e-01	8.476388599079119623e-02	3.666470352349220085e-02	9.443444453402316530e-02
1.785137208838799552e+03	1.926654787975357330e-01	1.188969222016698218e-01	2.907556377200400388e-01	1.816207112144921365e-01	8.482729912073262712e-02	3.670620496596461307e-02	9.452774597951035807e-02
1.789974979052454728e+03	1.923322562022171112e-01	1.186694871022765940e-01	2.909722499822977038e-01	1.817675733404885419e-01	8.489037355416483022e-02	3.674753375864229371e-02	9.462052605985819820e-02
1.794812749266109904e+03	1.920009062577496262e-01	1.184433300785859566e-01	2.911875791766850297e-01	1.819135951327757461e-01	8.495311108718177351e-02	3.678869062673548185e-02	9.471278764023159658e-02
1.799650519479765535e+03	1.916714184249494746e-01	1.182184439382893137e-01	2.914016329064818556e-01	1.820587813607745242e-01	8.501551350647901240e-02	3.682967629230124440e-02	9.480453357066982722e-02
1.804488289693420711e+03	1.913437822240257602e-01	1.179948215296044850e-01	2.916144187293558399e-01	1.822031367671403113e-01	8.507758258940367746e-02	3.687049147425829065e-02	9.489576668615688770e-02
1.809326059907075887e+03	1.910179872342451235e-01	1.177724557410469858e-01	2.918259441576449564e-01	1.823466660679106399e-01	8.513932010400415695e-02	3.691113688840166884e-02	9.498648980669173458e-02
1.814163830120731291e+03	1.906940230935984526e-01	1.175513395012026258e-01	2.920362166586374375e-01	1.824893739526517178e-01	8.520072780907937682e-02	3.695161324741746273e-02	9.507670573735822750e-02
1.819001600334386467e+03	1.903718794984693430e-01	1.173314657785013704e-01	2.922452436548501620e-01	1.826312650846042829e-01	8.526180745422774765e-02	3.699192126089735633e-02	9.516641726839507320e-02
1.823839370548041643e+03	1.900515462033044445e-01	1.171128275809925207e-01	2.924530325243052120e-01	1.827723441008285432e-01	8.532256077989591736e-02	3.703206163535311540e-02	9.525562717526556145e-02
1.828677140761696819e+03	1.897330130202858345e-01	1.168954179561210588e-01	2.926595906008046533e-01	1.829126156123485614e-01	8.538298951742706588e-02	3.707203507423104810e-02	9.534433821872703718e-02
1.833514910975352450e+03	1.894162698190050564e-01	1.166792299905054370e-01	2.928649251742035386e-01	1.830520842042955842e-01	8.544309538910892232e-02	3.711184227792636153e-02	9.543255314490038665e-02
1.838352681189008081e+03	1.891013065261390180e-01	1.164642568097164627e-01	2.930690434906808028e-01	1.831907544360508178e-01	8.550288010822156004e-02	3.715148394379742813e-02	9.552027468533923205e-02
1.843190451402663257e+03	1.887881131251278322e-01	1.162504915780574882e-01	2.932719527530089354e-01	1.833286308413873689e-01	8.556234537908477544e-02	3.719096076617998958e-02	9.560750555709891796e-02
1.848028221616318433e+03	1.884766796558545454e-01	1.160379274983458220e-01	2.934736601208214335e-01	1.834657179286114104e-01	8.562149289710523081e-02	3.723027343640133296e-02	9.569424846280547015e-02
1.852865991829973609e+03	1.881669962143264485e-01	1.158265578116954991e-01	2.936741727108789224e-01	1.836020201807025409e-01	8.568032434882329185e-02	3.726942264279430733e-02	9.578050609072426280e-02
1.857703762043628785e+03	1.878590529523583574e-01	1.156163757973010658e-01	2.938734975973329444e-01	1.837375420554534788e-01	8.573884141195951825e-02	3.730840907071134027e-02	9.586628111482850545e-02
1.862541532257283961e+03	1.875528400772576154e-01	1.154073747722228066e-01	2.940716418119888598e-01	1.838722879856090342e-01	8.579704575546096001e-02	3.734723340253835733e-02	9.595157619486756329e-02
1.867379302470939592e+03	1.872483478515109545e-01	1.151995480911730124e-01	2.942686123445661939e-01	1.840062623790041374e-01	8.585493903954710682e-02	3.738589631770864591e-02	9.603639397643511100e-02
1.872217072684594768e+03	1.869455665924730781e-01	1.149928891463035258e-01	2.944644161429579299e-01	1.841394696187014512e-01	8.591252291575551814e-02	3.742439849271658042e-02	9.612073709103707841e-02
1.877054842898249490e+03	1.866444866720570195e-01	1.147873913669945484e-01	2.946590601134877474e-01	1.842719140631278174e-01	8.596979902698725917e-02	3.746274060113138904e-02	9.620460815615944350e-02
1.881892613111905121e+03	1.863450985164261942e-01	1.145830482196445177e-01	2.948525511211657069e-01	1.844036000462103420e-01	8.602676900755198974e-02	3.750092331361074005e-02	9.628800977533567840e-02
1.886730383325560297e+03	1.860473926056883942e-01	1.143798532074613156e-01	2.950448959899423240e-01	1.845345318775117038e-01	8.608343448321283120e-02	3.753894729791434209e-02	9.637094453821420936e-02
1.891568153539215928e+03	1.857513594735912266e-01	1.141777998702545177e-01	2.952361015029610347e-01	1.846647138423644641e-01	8.613979707123090024e-02	3.757681321891741255e-02	9.645341502062555750e-02
1.896405923752871104e+03	1.854569897072194939e-01	1.139768817842289061e-01	2.954261744028087722e-01	1.847941502020049032e-01	8.619585838040960679e-02	3.761452173862413206e-02	9.653542378464924356e-02
1.901243693966526507e+03	1.851642739466942134e-01	1.137770925617791057e-01	2.956151213917652121e-01	1.849228451937062478e-01	8.625162001113874377e-02	3.765207351618095333e-02	9.661697337868055402e-02
1.906081464180181683e+03	1.848732028848733555e-01	1.135784258512854278e-01	2.958029491320501858e-01	1.850508030309107599e-01	8.630708355543818822e-02	3.768946920788994459e-02	9.669806633749711278e-02
1.910919234393836859e+03	1.845837672670542218e-01	1.133808753369108524e-01	2.959896642460697058e-01	1.851780279033615195e-01	8.636225059700146367e-02	3.772670946722196661e-02	9.677870518232523089e-02
1.915757004607492036e+03	1.842959578906775142e-01	1.131844347383991201e-01	2.961752733166602147e-01	1.853045239772333763e-01	8.641712271123892786e-02	3.776379494482983573e-02	9.685889242090593709e-02
1.920594774821147894e+03	1.840097656050332653e-01	1.129890978108739896e-01	2.963597828873313356e-01	1.854302953952631228e-01	8.647170146532082158e-02	3.780072628856140371e-02	9.693863054756096664e-02
1.925432545034802843e+03	1.837251813109682108e-01	1.127948583446396758e-01	2.965431994625069567e-01	1.855553462768790574e-01	8.652598841822001230e-02	3.783750414347256813e-02	9.701792204325845881e-02
1.930270315248458019e+03	1.834421959605947450e-01	1.126017101649823271e-01	2.967255295077650401e-01	1.856796807183297704e-01	8.657998512075448794e-02	3.787412915184022733e-02	9.709676937567836286e-02
1.935108085462113195e+03	1.831608005570019015e-01	1.124096471319727120e-01	2.969067794500755419e-01	1.858033027928123193e-01	8.663369311562958697e-02	3.791060195317515202e-02	9.717517499927777469e-02
1.939945855675768371e+03	1.828809861539675286e-01	1.122186631402699586e-01	2.970869556780368903e-01	1.859262165505997932e-01	8.668711393747999261e-02	3.794692318423481536e-02	9.725314135535595428e-02
1.944783625889424002e+03	1.826027438556724614e-01	1.120287521189264751e-01	2.972660645421112413e-01	1.860484260191679617e-01	8.674024911291153273e-02	3.798309347903609801e-02	9.733067087211912105e-02
1.949621396103079178e+03	1.823260648164160280e-01	1.118399080311938548e-01	2.974441123548577370e-01	1.861699352033214516e-01	8.679310016054266053e-02	3.801911346886802795e-02	9.740776596474509663e-02
1.954459166316734354e+03	1.820509402403334420e-01	1.116521248743300027e-01	2.976211053911644866e-01	1.862907480853190911e-01	8.684566859104579650e-02	3.805498378230431911e-02	9.748442903544765614e-02
1.959296936530389530e+03	1.817773613811143885e-01	1.114653966794073303e-01	2.977970498884793260e-01	1.864108686249987823e-01	8.689795590718828178e-02	3.809070504521600703e-02	9.756066247354067134e-02
1.964134706744044706e+03	1.815053195417237197e-01	1.112797175111219089e-01	2.979719520470384131e-01	1.865303007599014851e-01	8.694996360387327594e-02	3.812627788078386953e-02	9.763646865550204557e-02
1.968972476957700337e+03	1.812348060741232059e-01	1.110950814676038984e-01	2.981458180300943228e-01	1.866490484053946741e-01	8.700169316818030796e-02	3.816170290951086119e-02	9.771184994503742671e-02
1.973810247171355968e+03	1.809658123789953110e-01	1.109114826802288928e-01	2.983186539641415891e-01	1.867671154547951295e-01	8.705314607940564664e-02	3.819698074923449232e-02	9.778680869314362867e-02
1.978648017385010689e+03	1.806983299054682746e-01	1.107289153134304177e-01	2.984904659391416915e-01	1.868845057794909781e-01	8.710432380910236583e-02	3.823211201513910390e-02	9.786134723817194181e-02
1.983485787598666320e+03	1.804323501508427463e-01	1.105473735645134264e-01	2.986612600087458769e-01	1.870012232290631793e-01	8.715522782112035405e-02	3.826709731976807999e-02	9.793546790589109652e-02
1.988323557812321269e+03	1.801678646603201150e-01	1.103668516634689345e-01	2.988310421905174263e-01	1.871172716314062900e-01	8.720585957164590785e-02	3.830193727303603246e-02	9.800917300955004630e-02
1.993161328025976900e+03	1.799048650267322802e-01	1.101873438727895838e-01	2.989998184661516456e-01	1.872326547928486740e-01	8.725622050924122797e-02	3.833663248224090242e-02	9.808246484994051495e-02
1.997999098239632076e+03	1.796433428902728391e-01	1.100088444872863724e-01	2.991675947816946901e-01	1.873473764982719059e-01	8.730631207488365186e-02	3.837118355207599224e-02	9.815534571545933562e-02
2.002836868453287707e+03	1.793832899382300505e-01	1.098313478339063565e-01	2.993343770477615018e-01	1.874614405112297322e-01	8.735613570200469191e-02	3.840559108464194210e-02	9.822781788217052612e-02
2.007674638666942428e+03	1.791246979047211307e-01	1.096548482715513778e-01	2.995001711397514699e-01	1.875748505740662264e-01	8.740569281652882383e-02	3.843985567945865794e-02	9.829988361386711448e-02
2.012512408880597604e+03	1.788675585704280757e-01	1.094793401908978198e-01	2.996649828980635921e-01	1.876876104080333618e-01	8.745498483691208080e-02	3.847397793347713535e-02	9.837154516213274247e-02
2.017350179094252780e+03	1.786118637623349270e-01	1.093048180142174031e-01	2.998288181283095266e-01	1.877997237134081121e-01	8.750401317418050884e-02	3.850795844109129035e-02	9.844280476640308863e-02
2.022187949307908411e+03	1.783576053534667027e-01	1.091312761951990090e-01	2.999916826015256999e-01	1.879111941696085808e-01	8.755277923196820578e-02	3.854179779414965146e-02	9.851366465402698613e-02
2.027025719521564042e+03	1.781047752626296887e-01	1.089587092187714323e-01	3.001535820543840827e-01	1.880220254353098253e-01	8.760128440655542970e-02	3.857549658196706560e-02	9.858412704032731844e-02
2.031863489735218764e+03	1.778533654541530895e-01	1.087871116009272582e-01	3.003145221894013561e-01	1.881322211485589313e-01	8.764953008690626324e-02	3.860905539133629299e-02	9.865419412866167914e-02
2.036701259948874394e+03	1.776033679376323171e-01	1.086164778885475440e-01	3.004745086751469674e-01	1.882417849268894494e-01	8.769751765470623628e-02	3.864247480653954653e-02	9.872386811048282362e-02
2.041539030162529116e+03	1.773547747676736952e-01	1.084468026592277784e-01	3.006335471464496312e-01	1.883507203674352481e-01	8.774524848439964331e-02	3.867575540935998257e-02	9.879315116539887087e-02
2.046376800376184747e+03	1.771075780436404679e-01	1.082780805211045055e-01	3.007916432046030542e-01	1.884590310470437569e-01	8.779272394322672202e-02	3.870889777909317792e-02	9.886204546123320003e-02
2.051214570589840150e+03	1.768617699094004181e-01	1.081103061126831577e-01	3.009488024175693832e-01	1.885667205223886256e-01	8.783994539126058210e-02	3.874190249255843321e-02	9.893055315408422201e-02
2.056052340803495554e+03	1.766173425530749297e-01	1.079434741026668171e-01	3.011050303201823763e-01	1.886737923300816633e-01	8.788691418144399525e-02	3.877477012411013890e-02	9.899867638838481809e-02
2.060890111017150957e+03	1.763742882067891871e-01	1.077775791897858382e-01	3.012603324143487971e-01	1.887802499867843320e-01	8.793363165962593542e-02	3.880750124564900927e-02	9.906641729696159804e-02
2.065727881230805451e+03	1.761325991464241791e-01	1.076126161026285250e-01	3.014147141692483101e-01	1.888860969893185471e-01	8.798009916459793855e-02	3.884009642663327488e-02	9.913377800109390847e-02
2.070565651444461309e+03	1.758922676913697580e-01	1.074485795994728071e-01	3.015681810215325998e-01	1.889913368147769224e-01	8.802631802813030981e-02	3.887255623408983340e-02	9.920076061057252204e-02
2.075403421658116713e+03	1.756532862042792797e-01	1.072854644681187075e-01	3.017207383755227679e-01	1.890959729206322937e-01	8.807228957500809474e-02	3.890488123262533793e-02	9.926736722375822941e-02
2.080241191871772116e+03	1.754156470908256604e-01	1.071232655257219613e-01	3.018723916034060650e-01	1.892000087448469092e-01	8.811801512306684236e-02	3.893707198443720208e-02	9.933359992764005664e-02
2.085078962085427065e+03	1.751793427994586816e-01	1.069619776186283983e-01	3.020231460454306793e-01	1.893034477059807597e-01	8.816349598322824332e-02	3.896912904932459121e-02	9.939946079789334366e-02
2.089916732299082469e+03	1.749443658211636832e-01	1.068015956222093665e-01	3.021730070100997478e-01	1.894062932032994917e-01	8.820873345953553213e-02	3.900105298469931647e-02	9.946495189893751754e-02
2.094754502512737417e+03	1.747107086892218109e-01	1.066421144406980853e-01	3.023219797743639248e-01	1.895085486168817390e-01	8.825372884918872285e-02	3.903284434559671501e-02	9.953007528399364368e-02
2.099592272726392821e+03	1.744783639789713736e-01	1.064835290070267892e-01	3.024700695838129505e-01	1.896102173077257314e-01	8.829848344257963666e-02	3.906450368468640522e-02	9.959483299514174104e-02
2.104430042940048224e+03	1.742473243075706169e-01	1.063258342826649966e-01	3.026172816528657772e-01	1.897113026178554596e-01	8.834299852332681835e-02	3.909603155228309757e-02	9.965922706337784764e-02
2.109267813153704083e+03	1.740175823337619665e-01	1.061690252574585547e-01	3.027636211649594733e-01	1.898118078704263134e-01	8.838727536831016141e-02	3.912742849635722497e-02	9.972325950867089173e-02
2.114105583367359031e+03	1.737891307576374667e-01	1.060130969494696013e-01	3.029090932727373509e-01	1.899117363698299699e-01	8.843131524770542207e-02	3.915869506254560789e-02	9.978693234001918821e-02
2.118943353581013525e+03	1.735619623204054662e-01	1.058580444048175112e-01	3.030537030982353164e-01	1.900110914017987818e-01	8.847511942501853910e-02	3.918983179416204304e-02	9.985024755550692133e-02
2.123781123794669384e+03	1.733360698041589709e-01	1.057038626975206341e-01	3.031974557330673892e-01	1.901098762335097503e-01	8.851868915711981478e-02	3.922083923220779506e-02	9.991320714236016920e-02
2.128618894008324787e+03	1.731114460316448833e-01	1.055505469293390175e-01	3.033403562386101093e-01	1.902080941136877479e-01	8.856202569427785998e-02	3.925171791538210886e-02	9.997581307700278974e-02
2.133456664221980191e+03	1.728880838660348529e-01	1.053980922296179762e-01	3.034824096461853360e-01	1.903057482727083249e-01	8.860513028019334492e-02	3.928246838009261804e-02	1.000380673251120289e-01
2.138294434435635139e+03	1.726659762106972362e-01	1.052464937551325502e-01	3.036236209572426570e-01	1.904028419226997670e-01	8.864800415203268058e-02	3.931309116046567687e-02	1.000999718416739348e-01
2.143132204649290543e+03	1.724451160089704171e-01	1.050957466899328230e-01	3.037639951435398000e-01	1.904993782576447914e-01	8.869064854046142254e-02	3.934358678835672696e-02	1.001615285710385495e-01
2.147969974862945492e+03	1.722254962439374038e-01	1.049458462451901275e-01	3.039035371473224334e-01	1.905953604534817158e-01	8.873306466967754991e-02	3.937395579336052526e-02	1.002227394469747401e-01
2.152807745076601350e+03	1.720071099382017299e-01	1.047967876590441688e-01	3.040422518815029673e-01	1.906907916682047954e-01	8.877525375744457770e-02	3.940419870282137194e-02	1.002836063927249055e-01
2.157645515290255844e+03	1.717899501536645779e-01	1.046485661964509650e-01	3.041801442298375235e-01	1.907856750419643366e-01	8.881721701512448885e-02	3.943431604184322731e-02	1.003441313210594182e-01
2.162483285503912157e+03	1.715740099913031780e-01	1.045011771490315794e-01	3.043172190471024607e-01	1.908800136971661732e-01	8.885895564771047195e-02	3.946430833329986343e-02	1.004043161343308038e-01
2.167321055717567106e+03	1.713592825909504569e-01	1.043546158349218378e-01	3.044534811592695678e-01	1.909738107385704486e-01	8.890047085385957559e-02	3.949417609784489080e-02	1.004641627245277113e-01
2.172158825931222509e+03	1.711457611310758797e-01	1.042088775986228233e-01	3.045889353636802577e-01	1.910670692533901205e-01	8.894176382592505758e-02	3.952391985392177814e-02	1.005236729733285928e-01
2.176996596144877003e+03	1.709334388285677075e-01	1.040639578108522451e-01	3.047235864292182073e-01	1.911597923113886877e-01	8.898283574998873402e-02	3.955354011777378193e-02	1.005828487521552156e-01
2.181834366358532861e+03	1.707223089385161152e-01	1.039198518683965705e-01	3.048574390964815528e-01	1.912519829649775294e-01	8.902368780589300923e-02	3.958303740345386207e-02	1.006416919222258843e-01
2.186672136572187810e+03	1.705123647539980858e-01	1.037765551939641012e-01	3.049904980779537533e-01	1.913436442493127443e-01	8.906432116727285020e-02	3.961241222283452823e-02	1.007002043346084813e-01
2.191509906785843214e+03	1.703035996058629709e-01	1.036340632360388259e-01	3.051227680581730661e-01	1.914347791823912959e-01	8.910473700158756671e-02	3.964166508561762364e-02	1.007583878302731606e-01
2.196347676999498617e+03	1.700960068625196053e-01	1.034923714687350504e-01	3.052542536939015783e-01	1.915253907651468523e-01	8.914493647015241107e-02	3.967079649934412283e-02	1.008162442401449449e-01
2.201185447213154021e+03	1.698895799297245046e-01	1.033514753916529166e-01	3.053849596142924061e-01	1.916154819815449328e-01	8.918492072817001126e-02	3.969980696940378362e-02	1.008737753851560032e-01
2.206023217426809424e+03	1.696843122503712276e-01	1.032113705297347944e-01	3.055148904210566729e-01	1.917050557986776094e-01	8.922469092476174868e-02	3.972869699904481300e-02	1.009309830762976506e-01
2.210860987640464373e+03	1.694801973042810717e-01	1.030720524331223131e-01	3.056440506886289321e-01	1.917941151668577093e-01	8.926424820299878882e-02	3.975746708938348445e-02	1.009878691146722796e-01
2.215698757854119776e+03	1.692772286079947397e-01	1.029335166770143500e-01	3.057724449643314801e-01	1.918826630197124072e-01	8.930359369993312590e-02	3.978611773941369278e-02	1.010444352915448457e-01
2.220536528067775180e+03	1.690753997145653664e-01	1.027957588615256990e-01	3.059000777685380035e-01	1.919707022742764835e-01	8.934272854662839158e-02	3.981464944601643269e-02	1.011006833883942441e-01
2.225374298281430583e+03	1.688747042133526555e-01	1.026587746115466965e-01	3.060269535948359487e-01	1.920582358310849447e-01	8.938165386819053870e-02	3.984306270396929112e-02	1.011566151769644900e-01
2.230212068495085077e+03	1.686751357298181264e-01	1.025225595766035280e-01	3.061530769101881155e-01	1.921452665742651167e-01	8.942037078379833082e-02	3.987135800595584950e-02	1.012122324193154982e-01
2.235049838708740936e+03	1.684766879253215832e-01	1.023871094307192697e-01	3.062784521550926953e-01	1.922317973716283768e-01	8.945888040673374841e-02	3.989953584257502350e-02	1.012675368678738613e-01
2.239887608922396339e+03	1.682793544969186927e-01	1.022524198722758459e-01	3.064030837437430876e-01	1.923178310747612196e-01	8.949718384441211760e-02	3.992759670235041664e-02	1.013225302654831711e-01
2.244725379136052197e+03	1.680831291771597014e-01	1.021184866238767641e-01	3.065269760641861074e-01	1.924033705191159627e-01	8.953528219841226654e-02	3.995554107173955594e-02	1.013772143454542141e-01
2.249563149349706237e+03	1.678880057338893728e-01	1.019853054322104602e-01	3.066501334784794697e-01	1.924884185241008405e-01	8.957317656450636267e-02	3.998336943514314151e-02	1.014315908316149734e-01
2.254400919563362095e+03	1.676939779700479249e-01	1.018528720679145877e-01	3.067725603228481646e-01	1.925729778931697111e-01	8.961086803268969447e-02	4.001108227491419894e-02	1.014856614383603250e-01
2.259238689777017044e+03	1.675010397234732162e-01	1.017211823254410008e-01	3.068942609078399997e-01	1.926570514139113177e-01	8.964835768721028664e-02	4.003868007136725249e-02	1.015394278707015541e-01
2.264076459990672902e+03	1.673091848667039028e-01	1.015902320229215144e-01	3.070152395184801430e-01	1.927406418581378011e-01	8.968564660659834875e-02	4.006616330278735955e-02	1.015928918243155787e-01
