1.001418434226643626e+03	2.816917054636503548e-01	1.791455136786313518e-01	2.329277748298844430e-01	1.415591130016876364e-01	6.841713665062486294e-02	2.688302837845719592e-02	6.937572799701030579e-02
1.002869765290740247e+03	2.814412885257170927e-01	1.789755282923561064e-01	2.331036046476341606e-01	1.416676673217943938e-01	6.846183826534128769e-02	2.690762434786242441e-02	6.944244859924073032e-02
1.004321096354836754e+03	2.811912949256427652e-01	1.788058298766262710e-01	2.332791313734744743e-01	1.417760289162476872e-01	6.850646555227699053e-02	2.693219092303357140e-02	6.950905843264440498e-02
1.005772427418933376e+03	2.809417239420123891e-01	1.786364179502382687e-01	2.334543555219110167e-01	1.418841981453160817e-01	6.855101863750949487e-02	2.695672813521811373e-02	6.957555766774076167e-02
1.007223758483029997e+03	2.806925748547277055e-01	1.784672920327245449e-01	2.336292776065751753e-01	1.419921753684863508e-01	6.859549764687299100e-02	2.698123601563058582e-02	6.964194647492880086e-02
1.008675089547126618e+03	2.804438469450032390e-01	1.782984516443536505e-01	2.338038981402255079e-01	1.420999609444662803e-01	6.863990270595904386e-02	2.700571459545269073e-02	6.970822502448573155e-02
1.010126420611223239e+03	2.801955394953624112e-01	1.781298963061306029e-01	2.339782176347494358e-01	1.422075552311871383e-01	6.868423394011745342e-02	2.703016390583342157e-02	6.977439348656569451e-02
1.011577751675319632e+03	2.799476517896336558e-01	1.779616255397968583e-01	2.341522366011646317e-01	1.423149585858063670e-01	6.872849147445700413e-02	2.705458397788919681e-02	6.984045203119843004e-02
1.013029082739416367e+03	2.797001831129466987e-01	1.777936388678305613e-01	2.343259555496206570e-01	1.424221713647099707e-01	6.877267543384621429e-02	2.707897484270396435e-02	6.990640082828801505e-02
1.014480413803512761e+03	2.794531327517288943e-01	1.776259358134464894e-01	2.344993749894004054e-01	1.425291939235152072e-01	6.881678594291412709e-02	2.710333653132934034e-02	6.997224004761160021e-02
1.015931744867609382e+03	2.792064999937012848e-01	1.774585159005962476e-01	2.346724954289217124e-01	1.426360266170729751e-01	6.886082312605107392e-02	2.712766907478470629e-02	7.003796985881810544e-02
1.017383075931706003e+03	2.789602841278751577e-01	1.772913786539680736e-01	2.348453173757387435e-01	1.427426697994704230e-01	6.890478710740939594e-02	2.715197250405735480e-02	7.010359043142698476e-02
1.018834406995802851e+03	2.787144844445479941e-01	1.771245235989872269e-01	2.350178413365436592e-01	1.428491238240333916e-01	6.894867801090423520e-02	2.717624685010257973e-02	7.016910193482704672e-02
1.020285738059899245e+03	2.784691002353003042e-01	1.769579502618155997e-01	2.351900678171679748e-01	1.429553890433289121e-01	6.899249596021428399e-02	2.720049214384381159e-02	7.023450453827521922e-02
1.021737069123995752e+03	2.782241307929917418e-01	1.767916581693519118e-01	2.353619973225842821e-01	1.430614658091675928e-01	6.903624107878249261e-02	2.722470841617271459e-02	7.029979841089531445e-02
1.023188400188092373e+03	2.779795754117576623e-01	1.766256468492316267e-01	2.355336303569074974e-01	1.431673544726061731e-01	6.907991348981683266e-02	2.724889569794930466e-02	7.036498372167691862e-02
1.024639731252188767e+03	2.777354333870054037e-01	1.764599158298267856e-01	2.357049674233965830e-01	1.432730553839499099e-01	6.912351331629104645e-02	2.727305402000206394e-02	7.043006063947418460e-02
1.026091062316285615e+03	2.774917040154111780e-01	1.762944646402460069e-01	2.358760090244558794e-01	1.433785688927549096e-01	6.916704068094531310e-02	2.729718341312806218e-02	7.049502933300465235e-02
1.027542393380382237e+03	2.772483865949160742e-01	1.761292928103342925e-01	2.360467556616366869e-01	1.434838953478307366e-01	6.921049570628702574e-02	2.732128390809303656e-02	7.055988997084813863e-02
1.028993724444478858e+03	2.770054804247230051e-01	1.759643998706729995e-01	2.362172078356387650e-01	1.435890350972425511e-01	6.925387851459148536e-02	2.734535553563153046e-02	7.062464272144562683e-02
1.030445055508575479e+03	2.767629848052931552e-01	1.757997853525795906e-01	2.363873660463117754e-01	1.436939884883137175e-01	6.929718922790265023e-02	2.736939832644697673e-02	7.068928775309817059e-02
1.031896386572671872e+03	2.765208990383424825e-01	1.756354487881074677e-01	2.365572307926567808e-01	1.437987558676279698e-01	6.934042796803380204e-02	2.739341231121181913e-02	7.075382523396574197e-02
1.033347717636768493e+03	2.762792224268386665e-01	1.754713897100458331e-01	2.367268025728277159e-01	1.439033375810319371e-01	6.938359485656825365e-02	2.741739752056761292e-02	7.081825533206617673e-02
1.034799048700865114e+03	2.760379542749973325e-01	1.753076076519194115e-01	2.368960818841328586e-01	1.440077339736372530e-01	6.942669001486005687e-02	2.744135398512511856e-02	7.088257821527409186e-02
1.036250379764961508e+03	2.757970938882792211e-01	1.751441021479882287e-01	2.370650692230364120e-01	1.441119453898231650e-01	6.946971356403475184e-02	2.746528173546441964e-02	7.094679405131990024e-02
1.037701710829058356e+03	2.755566405733866353e-01	1.749808727332474445e-01	2.372337650851598367e-01	1.442159721732385602e-01	6.951266562498994994e-02	2.748918080213501661e-02	7.101090300778865883e-02
1.039153041893154750e+03	2.753165936382601098e-01	1.748179189434269920e-01	2.374021699652833772e-01	1.443198146668044357e-01	6.955554631839613866e-02	2.751305121565592385e-02	7.107490525211913879e-02
1.040604372957251599e+03	2.750769523920754689e-01	1.746552403149913002e-01	2.375702843573474499e-01	1.444234732127161747e-01	6.959835576469727836e-02	2.753689300651577035e-02	7.113880095160271533e-02
1.042055704021347992e+03	2.748377161452402184e-01	1.744928363851390996e-01	2.377381087544543359e-01	1.445269481524456556e-01	6.964109408411148228e-02	2.756070620517290376e-02	7.120259027338247948e-02
1.043507035085444613e+03	2.745988842093908811e-01	1.743307066918029224e-01	2.379056436488693194e-01	1.446302398267437228e-01	6.968376139663175206e-02	2.758449084205548060e-02	7.126627338445212789e-02
1.044958366149541234e+03	2.743604558973892771e-01	1.741688507736489921e-01	2.380728895320223526e-01	1.447333485756422955e-01	6.972635782202660226e-02	2.760824694756156342e-02	7.132985045165510241e-02
1.046409697213637855e+03	2.741224305233199154e-01	1.740072681700766399e-01	2.382398468945095271e-01	1.448362747384565608e-01	6.976888347984074035e-02	2.763197455205922484e-02	7.139332164168353534e-02
1.047861028277734476e+03	2.738848074024866075e-01	1.738459584212181941e-01	2.384065162260942949e-01	1.449390186537873326e-01	6.981133848939573283e-02	2.765567368588662048e-02	7.145668712107731968e-02
1.049312359341831097e+03	2.736475858514094694e-01	1.736849210679383138e-01	2.385728980157092727e-01	1.450415806595231061e-01	6.985372296979064366e-02	2.767934437935211031e-02	7.151994705622323478e-02
1.050763690405927491e+03	2.734107651878216472e-01	1.735241556518338224e-01	2.387389927514573518e-01	1.451439610928423884e-01	6.989603703990270034e-02	2.770298666273432464e-02	7.158310161335391941e-02
1.052215021470024112e+03	2.731743447306666517e-01	1.733636617152332082e-01	2.389048009206133083e-01	1.452461602902157534e-01	6.993828081838794619e-02	2.772660056628227163e-02	7.164615095854705296e-02
1.053666352534120733e+03	2.729383238000950840e-01	1.732034388011962078e-01	2.390703230096251908e-01	1.453481785874081167e-01	6.998045442368187874e-02	2.775018612021542402e-02	7.170909525772437010e-02
1.055117683598217127e+03	2.727027017174616375e-01	1.730434864535134176e-01	2.392355595041157912e-01	1.454500163194807627e-01	7.002255797400007420e-02	2.777374335472379552e-02	7.177193467665080040e-02
1.056569014662313975e+03	2.724674778053222668e-01	1.728838042167057942e-01	2.394005108888840050e-01	1.455516738207935923e-01	7.006459158733888137e-02	2.779727229996805521e-02	7.183466938093363563e-02
1.058020345726410369e+03	2.722326513874313014e-01	1.727243916360241272e-01	2.395651776479063300e-01	1.456531514250072601e-01	7.010655538147601840e-02	2.782077298607958660e-02	7.189729953602162771e-02
1.059471676790506763e+03	2.719982217887381704e-01	1.725652482574487334e-01	2.397295602643382817e-01	1.457544494650852285e-01	7.014844947397116948e-02	2.784424544316059860e-02	7.195982530720408665e-02
1.060923007854603611e+03	2.717641883353847931e-01	1.724063736276887637e-01	2.398936592205157814e-01	1.458555682732958769e-01	7.019027398216667879e-02	2.786768970128418454e-02	7.202224685961011730e-02
1.062374338918700232e+03	2.715305503547026933e-01	1.722477672941819249e-01	2.400574749979565992e-01	1.459565081812146670e-01	7.023202902318813334e-02	2.789110579049442970e-02	7.208456435820775887e-02
1.063825669982796853e+03	2.712973071752099452e-01	1.720894288050937304e-01	2.402210080773617418e-01	1.460572695197261406e-01	7.027371471394498748e-02	2.791449374080649110e-02	7.214677796780315233e-02
1.065277001046893474e+03	2.710644581266085651e-01	1.719313577093171674e-01	2.403842589386169515e-01	1.461578526190260297e-01	7.031533117113115960e-02	2.793785358220666690e-02	7.220888785303972157e-02
1.066728332110990095e+03	2.708320025397813469e-01	1.717735535564719751e-01	2.405472280607939550e-01	1.462582578086233931e-01	7.035687851122568448e-02	2.796118534465249009e-02	7.227089417839739627e-02
1.068179663175086489e+03	2.705999397467894196e-01	1.716160158969043115e-01	2.407099159221520457e-01	1.463584854173425320e-01	7.039835685049329606e-02	2.798448905807281173e-02	7.233279710819186248e-02
1.069630994239183110e+03	2.703682690808692501e-01	1.714587442816860041e-01	2.408723230001393600e-01	1.464585357733250992e-01	7.043976630498501035e-02	2.800776475236786689e-02	7.239459680657367446e-02
1.071082325303279504e+03	2.701369898764299782e-01	1.713017382626140228e-01	2.410344497713943490e-01	1.465584092040321529e-01	7.048110699053879158e-02	2.803101245740936831e-02	7.245629343752761631e-02
1.072533656367376352e+03	2.699061014690504745e-01	1.711449973922100076e-01	2.411962967117471102e-01	1.466581060362460998e-01	7.052237902278009340e-02	2.805423220304057927e-02	7.251788716487185538e-02
1.073984987431472746e+03	2.696756031954768984e-01	1.709885212237195473e-01	2.413578642962209420e-01	1.467576265960727766e-01	7.056358251712244178e-02	2.807742401907639337e-02	7.257937815225726230e-02
1.075436318495569594e+03	2.694454943936196445e-01	1.708323093111115687e-01	2.415191529990335095e-01	1.468569712089433932e-01	7.060471758876807336e-02	2.810058793530340049e-02	7.264076656316663383e-02
1.076887649559666215e+03	2.692157744025510113e-01	1.706763612090778370e-01	2.416801632935984268e-01	1.469561401996165306e-01	7.064578435270850443e-02	2.812372398147998387e-02	7.270205256091394341e-02
1.078338980623762609e+03	2.689864425625021482e-01	1.705206764730322344e-01	2.418408956525264775e-01	1.470551338921801399e-01	7.068678292372511385e-02	2.814683218733637568e-02	7.276323630864374448e-02
1.079790311687859230e+03	2.687574982148606684e-01	1.703652546591101491e-01	2.420013505476271976e-01	1.471539526100535122e-01	7.072771341638968423e-02	2.816991258257474373e-02	7.282431796933033774e-02
1.081241642751955851e+03	2.685289407021678176e-01	1.702100953241678372e-01	2.421615284499100129e-01	1.472525966759891669e-01	7.076857594506502647e-02	2.819296519686925739e-02	7.288529770577716060e-02
1.082692973816052472e+03	2.683007693681160877e-01	1.700551980257817564e-01	2.423214298295859048e-01	1.473510664120748492e-01	7.080937062390553483e-02	2.821599005986616046e-02	7.294617568061603774e-02
1.084144304880149093e+03	2.680729835575462738e-01	1.699005623222479000e-01	2.424810551560684924e-01	1.474493621397354182e-01	7.085009756685779758e-02	2.823898720118385788e-02	7.300695205630658435e-02
1.085595635944245487e+03	2.678455826164450881e-01	1.697461877725811863e-01	2.426404048979756145e-01	1.475474841797348446e-01	7.089075688766109662e-02	2.826195665041296434e-02	7.306762699513548454e-02
1.087046967008342108e+03	2.676185658919426613e-01	1.695920739365146812e-01	2.427994795231306346e-01	1.476454328521780990e-01	7.093134869984797641e-02	2.828489843711639098e-02	7.312820065921588064e-02
1.088498298072438729e+03	2.673919327323096562e-01	1.694382203744989324e-01	2.429582794985638561e-01	1.477432084765129827e-01	7.097187311674488241e-02	2.830781259082941481e-02	7.318867321048666552e-02
1.089949629136535123e+03	2.671656824869549363e-01	1.692846266477013584e-01	2.431168052905136878e-01	1.478408113715320993e-01	7.101233025147261901e-02	2.833069914105973419e-02	7.324904481071192741e-02
1.091400960200631971e+03	2.669398145064231231e-01	1.691312923180054995e-01	2.432750573644283099e-01	1.479382418553746581e-01	7.105272021694697404e-02	2.835355811728755213e-02	7.330931562148026992e-02
1.092852291264728365e+03	2.667143281423918766e-01	1.689782169480101848e-01	2.434330361849667834e-01	1.480355002455284452e-01	7.109304312587926000e-02	2.837638954896563870e-02	7.336948580420422916e-02
1.094303622328825213e+03	2.664892227476693964e-01	1.688254001010289496e-01	2.435907422160005775e-01	1.481325868588316830e-01	7.113329909077678592e-02	2.839919346551940046e-02	7.342955552011962150e-02
1.095754953392921607e+03	2.662644976761920357e-01	1.686728413410893690e-01	2.437481759206147625e-01	1.482295020114747786e-01	7.117348822394349572e-02	2.842196989634693943e-02	7.348952493028501620e-02
1.097206284457018228e+03	2.660401522830218579e-01	1.685205402329320590e-01	2.439053377611095363e-01	1.483262460190022669e-01	7.121361063748050946e-02	2.844471887081912592e-02	7.354939419558108316e-02
1.098657615521114849e+03	2.658161859243440284e-01	1.683684963420101766e-01	2.440622281990014464e-01	1.484228191963145593e-01	7.125366644328658128e-02	2.846744041827965754e-02	7.360916347671006554e-02
1.100108946585211470e+03	2.655925979574643714e-01	1.682167092344885595e-01	2.442188476950247211e-01	1.485192218576698586e-01	7.129365575305871006e-02	2.849013456804513206e-02	7.366883293419514145e-02
1.101560277649308091e+03	2.653693877408070945e-01	1.680651784772430046e-01	2.443751967091327970e-01	1.486154543166859632e-01	7.133357867829262511e-02	2.851280134940510289e-02	7.372840272837992426e-02
1.103011608713404712e+03	2.651465546339121793e-01	1.679139036378594907e-01	2.445312757004994564e-01	1.487115168863419878e-01	7.137343533028332743e-02	2.853544079162214503e-02	7.378787301942792143e-02
1.104462939777501106e+03	2.649240979974331056e-01	1.677628842846334567e-01	2.446870851275202152e-01	1.488074098789802235e-01	7.141322582012565867e-02	2.855805292393192099e-02	7.384724396732189611e-02
1.105914270841597499e+03	2.647020171931344090e-01	1.676121199865688582e-01	2.448426254478137665e-01	1.489031336063079691e-01	7.145295025871475914e-02	2.858063777554323281e-02	7.390651573186345080e-02
1.107365601905694348e+03	2.644803115838892382e-01	1.674616103133776124e-01	2.449978971182231458e-01	1.489986883793992800e-01	7.149260875674663673e-02	2.860319537563809841e-02	7.396568847267243063e-02
1.108816932969790741e+03	2.642589805336771902e-01	1.673113548354785984e-01	2.451529005948171747e-01	1.490940745086966057e-01	7.153220142471866660e-02	2.862572575337178626e-02	7.402476234918639597e-02
1.110268264033887590e+03	2.640380234075815902e-01	1.671613531239970196e-01	2.453076363328918486e-01	1.491892923040128160e-01	7.157172837293009071e-02	2.864822893787290908e-02	7.408373752066016449e-02
1.111719595097984211e+03	2.638174395717875487e-01	1.670116047507635149e-01	2.454621047869714467e-01	1.492843420745327276e-01	7.161118971148255907e-02	2.867070495824345158e-02	7.414261414616526991e-02
1.113170926162080832e+03	2.635972283935791860e-01	1.668621092883133261e-01	2.456163064108100869e-01	1.493792241288149081e-01	7.165058555028062937e-02	2.869315384355885373e-02	7.420139238458947628e-02
1.114622257226177226e+03	2.633773892413378559e-01	1.667128663098856600e-01	2.457702416573928628e-01	1.494739387747934800e-01	7.168991599903228040e-02	2.871557562286804893e-02	7.426007239463630616e-02
1.116073588290273847e+03	2.631579214845393699e-01	1.665638753894225776e-01	2.459239109789373434e-01	1.495684863197797587e-01	7.172918116724941173e-02	2.873797032519352992e-02	7.431865433482451322e-02
1.117524919354370468e+03	2.629388244937518881e-01	1.664151361015684116e-01	2.460773148268947108e-01	1.496628670704640840e-01	7.176838116424831548e-02	2.876033797953141125e-02	7.437713836348767982e-02
1.118976250418467089e+03	2.627200976406336985e-01	1.662666480216688503e-01	2.462304536519511755e-01	1.497570813329173744e-01	7.180751609915023148e-02	2.878267861485147780e-02	7.443552463877373127e-02
1.120427581482563710e+03	2.625017402979307191e-01	1.661184107257700771e-01	2.463833279040292534e-01	1.498511294125929316e-01	7.184658608088179133e-02	2.880499226009723343e-02	7.449381331864446398e-02
1.121878912546660331e+03	2.622837518394745548e-01	1.659704237906179936e-01	2.465359380322891536e-01	1.499450116143281331e-01	7.188559121817555964e-02	2.882727894418597725e-02	7.455200456087508754e-02
1.123330243610756725e+03	2.620661316401799446e-01	1.658226867936573035e-01	2.466882844851299161e-01	1.500387282423460977e-01	7.192453161957047814e-02	2.884953869600883486e-02	7.461009852305386381e-02
1.124781574674853118e+03	2.618488790760427065e-01	1.656751993130307077e-01	2.468403677101908555e-01	1.501322796002573512e-01	7.196340739341239301e-02	2.887177154443082427e-02	7.466809536258156577e-02
1.126232905738949967e+03	2.616319935241374073e-01	1.655279609275780717e-01	2.469921881543528097e-01	1.502256659910615189e-01	7.200221864785449899e-02	2.889397751829091143e-02	7.472599523667113053e-02
1.127684236803046360e+03	2.614154743626151411e-01	1.653809712168354540e-01	2.471437462637395277e-01	1.503188877171489635e-01	7.204096549085789447e-02	2.891615664640205877e-02	7.478379830234724301e-02
1.129135567867143209e+03	2.611993209707015318e-01	1.652342297610344124e-01	2.472950424837188077e-01	1.504119450803024505e-01	7.207964803019198397e-02	2.893830895755127378e-02	7.484150471644586411e-02
1.130586898931239830e+03	2.609835327286941786e-01	1.650877361411009492e-01	2.474460772589038848e-01	1.505048383816987856e-01	7.211826637343499158e-02	2.896043448049966107e-02	7.489911463561388372e-02
1.132038229995336451e+03	2.607681090179607697e-01	1.649414899386548172e-01	2.475968510331547079e-01	1.505975679219104524e-01	7.215682062797446061e-02	2.898253324398248135e-02	7.495662821630870443e-02
1.133489561059432845e+03	2.605530492209366944e-01	1.647954907360085486e-01	2.477473642495792161e-01	1.506901340009072499e-01	7.219531090100764215e-02	2.900460527670919650e-02	7.501404561479785293e-02
1.134940892123529466e+03	2.603383527211229898e-01	1.646497381161665385e-01	2.478976173505346436e-01	1.507825369180579023e-01	7.223373729954209177e-02	2.902665060736351818e-02	7.507136698715866086e-02
1.136392223187626087e+03	2.601240189030843419e-01	1.645042316628242129e-01	2.480476107776288242e-01	1.508747769721317245e-01	7.227209993039604430e-02	2.904866926460345986e-02	7.512859248927776512e-02
1.137843554251722708e+03	2.599100471524465328e-01	1.643589709603671678e-01	2.481973449717214397e-01	1.509668544613001206e-01	7.231039890019889949e-02	2.907066127706138883e-02	7.518572227685085818e-02
1.139294885315819101e+03	2.596964368558946634e-01	1.642139555938702811e-01	2.483468203729252699e-01	1.510587696831382221e-01	7.234863431539169387e-02	2.909262667334406444e-02	7.524275650538225779e-02
1.140746216379915950e+03	2.594831874011708228e-01	1.640691851490966580e-01	2.484960374206075240e-01	1.511505229346266077e-01	7.238680628222758651e-02	2.911456548203269698e-02	7.529969533018458783e-02
1.142197547444012343e+03	2.592702981770720894e-01	1.639246592124969926e-01	2.486449965533910900e-01	1.512421145121526367e-01	7.242491490677226140e-02	2.913647773168298941e-02	7.535653890637844521e-02
1.143648878508108737e+03	2.590577685734482549e-01	1.637803773712084576e-01	2.487936982091558114e-01	1.513335447115122800e-01	7.246296029490444102e-02	2.915836345082519279e-02	7.541328738889199745e-02
1.145100209572205586e+03	2.588455979812001040e-01	1.636363392130538996e-01	2.489421428250397639e-01	1.514248138279115641e-01	7.250094255231631646e-02	2.918022266796413411e-02	7.546994093246070512e-02
1.146551540636302207e+03	2.586337857922766936e-01	1.634925443265408951e-01	2.490903308374405045e-01	1.515159221559680691e-01	7.253886178451399158e-02	2.920205541157928214e-02	7.552649969162698873e-02
1.148002871700398828e+03	2.584223313996740767e-01	1.633489923008607791e-01	2.492382626820163760e-01	1.516068699897126226e-01	7.257671809681794095e-02	2.922386171012478565e-02	7.558296382073988184e-02
1.149454202764495449e+03	2.582112341974324154e-01	1.632056827258879239e-01	2.493859387936877003e-01	1.516976576225907425e-01	7.261451159436345393e-02	2.924564159202951152e-02	7.563933347395473961e-02
1.150905533828591842e+03	2.580004935806343713e-01	1.630626151921786005e-01	2.495333596066380832e-01	1.517882853474642468e-01	7.265224238210110652e-02	2.926739508569710380e-02	7.569560880523293345e-02
1.152356864892688463e+03	2.577901089454031625e-01	1.629197892909702294e-01	2.496805255543156910e-01	1.518787534566126973e-01	7.268991056479717772e-02	2.928912221950601136e-02	7.575178996834154577e-02
1.153808195956785084e+03	2.575800796889000654e-01	1.627772046141802709e-01	2.498274370694344437e-01	1.519690622417350367e-01	7.272751624703406581e-02	2.931082302180954696e-02	7.580787711685305075e-02
1.155259527020881706e+03	2.573704052093228056e-01	1.626348607544055025e-01	2.499740945839753481e-01	1.520592119939510323e-01	7.276505953321081577e-02	2.933249752093592191e-02	7.586387040414505067e-02
1.156710858084978327e+03	2.571610849059032811e-01	1.624927573049209650e-01	2.501204985291877181e-01	1.521492030038028020e-01	7.280254052754345229e-02	2.935414574518828423e-02	7.591976998339999838e-02
1.158162189149074720e+03	2.569521181789055642e-01	1.623508938596790740e-01	2.502666493355903410e-01	1.522390355612563140e-01	7.283995933406547940e-02	2.937576772284478110e-02	7.597557600760489194e-02
1.159613520213171569e+03	2.567435044296241253e-01	1.622092700133086485e-01	2.504125474329728096e-01	1.523287099557029123e-01	7.287731605662826906e-02	2.939736348215857623e-02	7.603128862955105260e-02
1.161064851277267962e+03	2.565352430603813905e-01	1.620678853611140502e-01	2.505581932503969100e-01	1.524182264759607608e-01	7.291461079890157460e-02	2.941893305135790879e-02	7.608690800183380565e-02
1.162516182341364356e+03	2.563273334745261867e-01	1.619267394990741848e-01	2.507035872161975099e-01	1.525075854102763695e-01	7.295184366437386381e-02	2.944047645864612470e-02	7.614243427685221666e-02
1.163967513405461204e+03	2.561197750764314662e-01	1.617858320238415304e-01	2.508487297579840569e-01	1.525967870463260656e-01	7.298901475635276304e-02	2.946199373220172862e-02	7.619786760680891113e-02
1.165418844469557826e+03	2.559125672714923638e-01	1.616451625327413322e-01	2.509936213026417451e-01	1.526858316712174091e-01	7.302612417796554289e-02	2.948348490017840481e-02	7.625320814370975531e-02
1.166870175533654447e+03	2.557057094661243646e-01	1.615047306237704650e-01	2.511382622763327355e-01	1.527747195714908024e-01	7.306317203215949296e-02	2.950494999070507607e-02	7.630845603936363408e-02
1.168321506597751068e+03	2.554992010677611392e-01	1.613645358955966280e-01	2.512826531044975442e-01	1.528634510331207397e-01	7.310015842170232425e-02	2.952638903188593497e-02	7.636361144538222900e-02
1.169772837661847461e+03	2.552930414848527674e-01	1.612245779475574015e-01	2.514267942118559862e-01	1.529520263415174164e-01	7.313708344918265492e-02	2.954780205180048205e-02	7.641867451317978233e-02
1.171224168725944082e+03	2.550872301268637399e-01	1.610848563796592470e-01	2.515706860224086183e-01	1.530404457815281172e-01	7.317394721701037108e-02	2.956918907850357089e-02	7.647364539397284722e-02
1.172675499790040703e+03	2.548817664042708486e-01	1.609453707925764809e-01	2.517143289594379052e-01	1.531287096374386592e-01	7.321074982741701542e-02	2.959055014002543935e-02	7.652852423878012122e-02
1.174126830854137097e+03	2.546766497285615216e-01	1.608061207876504417e-01	2.518577234455094405e-01	1.532168181929748074e-01	7.324749138245631452e-02	2.961188526437175117e-02	7.658331119842214096e-02
1.175578161918233945e+03	2.544718795122316579e-01	1.606671059668885182e-01	2.520008699024731680e-01	1.533047717313037739e-01	7.328417198400445642e-02	2.963319447952363420e-02	7.663800642352117110e-02
1.177029492982330339e+03	2.542674551687838513e-01	1.605283259329631784e-01	2.521437687514646031e-01	1.533925705350355495e-01	7.332079173376057635e-02	2.965447781343771155e-02	7.669261006450094065e-02
1.178480824046426733e+03	2.540633761127252810e-01	1.603897802892109703e-01	2.522864204129060539e-01	1.534802148862243198e-01	7.335735073324713140e-02	2.967573529404614677e-02	7.674712227158647648e-02
1.179932155110523581e+03	2.538596417595661570e-01	1.602514686396316057e-01	2.524288253065078425e-01	1.535677050663699361e-01	7.339384908381034467e-02	2.969696694925667499e-02	7.680154319480386738e-02
1.181383486174620202e+03	2.536562515258174444e-01	1.601133905888869891e-01	2.525709838512694705e-01	1.536550413564192752e-01	7.343028688662057990e-02	2.971817280695264116e-02	7.685587298398012523e-02
1.182834817238716823e+03	2.534532048289890316e-01	1.599755457423002458e-01	2.527128964654808962e-01	1.537422240367676551e-01	7.346666424267270235e-02	2.973935289499303469e-02	7.691011178874296306e-02
1.184286148302813444e+03	2.532505010875881202e-01	1.598379337058547511e-01	2.528545635667237002e-01	1.538292533872601675e-01	7.350298125278657835e-02	2.976050724121252419e-02	7.696425975852064227e-02
1.185737479366910065e+03	2.530481397211171712e-01	1.597005540861931860e-01	2.529959855718723061e-01	1.539161296871931761e-01	7.353923801760738066e-02	2.978163587342149560e-02	7.701831704254176458e-02
1.187188810431006686e+03	2.528461201500718514e-01	1.595634064906165384e-01	2.531371628970952026e-01	1.540028532153155660e-01	7.357543463760606028e-02	2.980273881940608688e-02	7.707228378983516093e-02
1.188640141495103080e+03	2.526444417959393673e-01	1.594264905270832422e-01	2.532780959578561641e-01	1.540894242498301592e-01	7.361157121307963791e-02	2.982381610692820886e-02	7.712616014922968333e-02
1.190091472559199701e+03	2.524431040811966898e-01	1.592898058042080678e-01	2.534187851689151949e-01	1.541758430683950742e-01	7.364764784415171739e-02	2.984486776372560421e-02	7.717994626935402447e-02
1.191542803623296322e+03	2.522421064293083326e-01	1.591533519312612055e-01	2.535592309443303050e-01	1.542621099481251978e-01	7.368366463077279105e-02	2.986589381751185782e-02	7.723364229863662056e-02
1.192994134687392716e+03	2.520414482647249654e-01	1.590171285181673222e-01	2.536994336974580655e-01	1.543482251655933501e-01	7.371962167272064215e-02	2.988689429597644887e-02	7.728724838530549868e-02
1.194445465751489564e+03	2.518411290128811930e-01	1.588811351755045342e-01	2.538393938409552186e-01	1.544341889968317560e-01	7.375551906960074733e-02	2.990786922678476470e-02	7.734076467738805472e-02
1.195896796815585958e+03	2.516411481001939454e-01	1.587453715145035194e-01	2.539791117867796766e-01	1.545200017173333218e-01	7.379135692084669296e-02	2.992881863757814939e-02	7.739419132271101176e-02
1.197348127879682352e+03	2.514415049540604241e-01	1.586098371470464619e-01	2.541185879461916874e-01	1.546056636020530783e-01	7.382713532572049431e-02	2.994974255597392804e-02	7.744752846890021192e-02
1.198799458943779200e+03	2.512421990028565477e-01	1.584745316856660813e-01	2.542578227297553339e-01	1.546911749254093471e-01	7.386285438331299802e-02	2.997064100956544144e-02	7.750077626338053305e-02
1.200250790007875821e+03	2.510432296759349535e-01	1.583394547435447719e-01	2.543968165473391996e-01	1.547765359612851832e-01	7.389851419254429843e-02	2.999151402592208082e-02	7.755393485337573611e-02
1.201702121071972442e+03	2.508445964036232767e-01	1.582046059345134648e-01	2.545355698081180895e-01	1.548617469830297078e-01	7.393411485216405676e-02	3.001236163258930861e-02	7.760700438590834027e-02
1.203153452136069063e+03	2.506462986172221519e-01	1.580699848730507118e-01	2.546740829205738632e-01	1.549468082634593569e-01	7.396965646075193135e-02	3.003318385708870011e-02	7.765998500779953961e-02
1.204604783200165684e+03	2.504483357490036588e-01	1.579355911742817975e-01	2.548123562924966001e-01	1.550317200748592139e-01	7.400513911671795231e-02	3.005398072691796429e-02	7.771287686566903663e-02
1.206056114264262078e+03	2.502507072322094905e-01	1.578014244539776290e-01	2.549503903309859876e-01	1.551164826889842863e-01	7.404056291830284076e-02	3.007475226955099237e-02	7.776568010593495894e-02
1.207507445328358699e+03	2.500534125010489550e-01	1.576674843285538197e-01	2.550881854424524864e-01	1.552010963770608654e-01	7.407592796357842513e-02	3.009549851243787169e-02	7.781839487481376216e-02
1.208958776392455093e+03	2.498564509906973374e-01	1.575337704150697460e-01	2.552257420326182746e-01	1.552855614097877757e-01	7.411123435044797425e-02	3.011621948300491347e-02	7.787102131832014662e-02
1.210410107456551941e+03	2.496598221372942072e-01	1.574002823312274923e-01	2.553630605065185799e-01	1.553698780573376792e-01	7.414648217664665530e-02	3.013691520865469792e-02	7.792355958226690471e-02
1.211861438520648335e+03	2.494635253779414197e-01	1.572670196953709354e-01	2.555001412685028450e-01	1.554540465893583245e-01	7.418167153974178363e-02	3.015758571676609157e-02	7.797600981226487926e-02
1.213312769584745183e+03	2.492675601507015892e-01	1.571339821264847170e-01	2.556369847222358382e-01	1.555380672749738513e-01	7.421680253713325293e-02	3.017823103469427504e-02	7.802837215372282476e-02
1.214764100648841804e+03	2.490719258945960912e-01	1.570011692441932727e-01	2.557735912706987635e-01	1.556219403827860670e-01	7.425187526605389610e-02	3.019885118977078467e-02	7.808064675184737957e-02
1.216215431712937971e+03	2.488766220496035353e-01	1.568685806687598883e-01	2.559099613161907594e-01	1.557056661808757236e-01	7.428688982356987380e-02	3.021944620930351946e-02	7.813283375164296884e-02
1.217666762777034819e+03	2.486816480566577670e-01	1.567362160210857280e-01	2.560460952603296203e-01	1.557892449368037113e-01	7.432184630658092428e-02	3.024001612057680005e-02	7.818493329791170732e-02
1.219118093841131440e+03	2.484870033576463688e-01	1.566040749227087525e-01	2.561819935040531293e-01	1.558726769176123905e-01	7.435674481182087681e-02	3.026056095085136871e-02	7.823694553525334383e-02
1.220569424905228061e+03	2.482926873954087454e-01	1.564721569958028302e-01	2.563176564476203345e-01	1.559559623898268410e-01	7.439158543585787375e-02	3.028108072736442058e-02	7.828887060806516418e-02
1.222020755969324682e+03	2.480986996137344303e-01	1.563404618631767107e-01	2.564530844906126039e-01	1.560391016194560276e-01	7.442636827509482855e-02	3.030157547732964876e-02	7.834070866054199112e-02
1.223472087033421303e+03	2.479050394573613647e-01	1.562089891482731363e-01	2.565882780319345136e-01	1.561220948719941326e-01	7.446109342576973100e-02	3.032204522793725474e-02	7.839245983667607331e-02
1.224923418097517697e+03	2.477117063719742329e-01	1.560777384751677044e-01	2.567232374698155684e-01	1.562049424124217212e-01	7.449576098395598034e-02	3.034249000635398652e-02	7.844412428025701600e-02
1.226374749161614318e+03	2.475186998042026021e-01	1.559467094685679789e-01	2.568579632018108683e-01	1.562876445052070185e-01	7.453037104556280157e-02	3.036290983972315255e-02	7.849570213487176706e-02
1.227826080225710712e+03	2.473260192016193126e-01	1.558159017538125191e-01	2.569924556248024405e-01	1.563702014143071584e-01	7.456492370633555078e-02	3.038330475516465637e-02	7.854719354390453379e-02
1.229277411289807560e+03	2.471336640127386741e-01	1.556853149568698802e-01	2.571267151350003499e-01	1.564526134031693216e-01	7.459941906185604821e-02	3.040367477977502439e-02	7.859859865053676897e-02
1.230728742353903954e+03	2.469416336870149109e-01	1.555549487043376700e-01	2.572607421279439754e-01	1.565348807347320126e-01	7.463385720754298069e-02	3.042401994062743018e-02	7.864991759774711544e-02
1.232180073418000802e+03	2.467499276748403025e-01	1.554248026234414382e-01	2.573945369985028986e-01	1.566170036714262526e-01	7.466823823865220700e-02	3.044434026477171179e-02	7.870115052831133662e-02
1.233631404482097196e+03	2.465585454275435739e-01	1.552948763420337885e-01	2.575281001408781245e-01	1.566989824751767735e-01	7.470256225027710473e-02	3.046463577923440649e-02	7.875229758480231657e-02
1.235082735546193817e+03	2.463674863973881746e-01	1.551651694885934352e-01	2.576614319486034144e-01	1.567808174074033223e-01	7.473682933734893119e-02	3.048490651101877849e-02	7.880335890959004608e-02
1.236534066610290438e+03	2.461767500375705575e-01	1.550356816922241754e-01	2.577945328145461179e-01	1.568625087290217157e-01	7.477103959463715643e-02	3.050515248710483282e-02	7.885433464484155330e-02
1.237985397674387059e+03	2.459863358022185698e-01	1.549064125826538629e-01	2.579274031309086168e-01	1.569440567004450615e-01	7.480519311674979632e-02	3.052537373444935351e-02	7.890522493252087599e-02
1.239436728738483680e+03	2.457962431463897313e-01	1.547773617902335475e-01	2.580600432892291018e-01	1.570254615815850074e-01	7.483928999813377336e-02	3.054557027998591398e-02	7.895602991438907536e-02
1.240888059802580301e+03	2.456064715260695974e-01	1.546485289459363366e-01	2.581924536803829606e-01	1.571067236318529070e-01	7.487333033307523589e-02	3.056574215062490829e-02	7.900674973200419449e-02
1.242339390866676695e+03	2.454170203981699550e-01	1.545199136813565910e-01	2.583246346945839433e-01	1.571878431101609852e-01	7.490731421569986337e-02	3.058588937325357540e-02	7.905738452672124439e-02
1.243790721930773088e+03	2.452278892205273231e-01	1.543915156287088142e-01	2.584565867213851065e-01	1.572688202749234765e-01	7.494124173997329663e-02	3.060601197473602347e-02	7.910793443969219019e-02
1.245242052994869937e+03	2.450390774519012604e-01	1.542633344208265977e-01	2.585883101496798675e-01	1.573496553840578460e-01	7.497511299970138765e-02	3.062610998191325068e-02	7.915839961186597884e-02
1.246693384058966330e+03	2.448505845519726165e-01	1.541353696911619553e-01	2.587198053677035037e-01	1.574303486949859832e-01	7.500892808853054650e-02	3.064618342160316949e-02	7.920878018398848364e-02
1.248144715123063179e+03	2.446624099813419495e-01	1.540076210737839901e-01	2.588510727630338182e-01	1.575109004646352839e-01	7.504268709994808828e-02	3.066623232060062751e-02	7.925907629660249032e-02
1.249596046187159800e+03	2.444745532015278888e-01	1.538800882033781459e-01	2.589821127225925834e-01	1.575913109494398445e-01	7.507639012728256622e-02	3.068625670567744559e-02	7.930928809004776647e-02
1.251047377251256421e+03	2.442870136749654975e-01	1.537527707152451240e-01	2.591129256326465402e-01	1.576715804053416270e-01	7.511003726370406308e-02	3.070625660358241096e-02	7.935941570446103377e-02
1.252498708315352815e+03	2.440997908650045234e-01	1.536256682452999400e-01	2.592435118788083970e-01	1.577517090877915418e-01	7.514362860222460749e-02	3.072623204104133268e-02	7.940945927977596797e-02
1.253950039379449436e+03	2.439128842359079286e-01	1.534987804300708691e-01	2.593738718460381620e-01	1.578316972517507244e-01	7.517716423569836826e-02	3.074618304475703126e-02	7.945941895572319891e-02
1.255401370443546057e+03	2.437262932528501680e-01	1.533721069066986131e-01	2.595040059186440873e-01	1.579115451516915347e-01	7.521064425682211230e-02	3.076610964140939763e-02	7.950929487183035216e-02
1.256852701507642678e+03	2.435400173819155245e-01	1.532456473129352459e-01	2.596339144802838894e-01	1.579912530415987781e-01	7.524406875813544060e-02	3.078601185765537582e-02	7.955908716742200737e-02
1.258304032571739299e+03	2.433540560900965821e-01	1.531194012871432419e-01	2.597635979139656937e-01	1.580708211749707603e-01	7.527743783202112127e-02	3.080588972012902188e-02	7.960879598161980930e-02
1.259755363635835920e+03	2.431684088452925330e-01	1.529933684682944772e-01	2.598930566020493105e-01	1.581502498048205363e-01	7.531075157070545034e-02	3.082574325544149008e-02	7.965842145334242619e-02
1.261206694699932314e+03	2.429830751163075953e-01	1.528675484959693132e-01	2.600222909262472348e-01	1.582295391836769094e-01	7.534401006625852937e-02	3.084557249018108488e-02	7.970796372130557750e-02
1.262658025764028707e+03	2.427980543728494311e-01	1.527419410103554864e-01	2.601513012676257564e-01	1.583086895635855695e-01	7.537721341059462621e-02	3.086537745091325752e-02	7.975742292402207556e-02
1.264109356828125556e+03	2.426133460855275648e-01	1.526165456522472763e-01	2.602800880066060696e-01	1.583877011961103143e-01	7.541036169547243873e-02	3.088515816418064414e-02	7.980679919980188108e-02
1.265560687892221949e+03	2.424289497258515502e-01	1.524913620630445887e-01	2.604086515229653842e-01	1.584665743323340203e-01	7.544345501249548336e-02	3.090491465650308314e-02	7.985609268675207539e-02
1.267012018956318798e+03	2.422448647662297228e-01	1.523663898847517628e-01	2.605369921958379797e-01	1.585453092228597816e-01	7.547649345311230329e-02	3.092464695437762909e-02	7.990530352277695758e-02
1.268463350020415419e+03	2.420610906799673945e-01	1.522416287599767382e-01	2.606651104037163713e-01	1.586239061178121301e-01	7.550947710861689866e-02	3.094435508427857695e-02	7.995443184557804450e-02
1.269914681084511813e+03	2.418776269412652447e-01	1.521170783319301112e-01	2.607930065244521978e-01	1.587023652668379525e-01	7.554240607014897635e-02	3.096403907265748295e-02	8.000347779265409853e-02
1.271366012148608434e+03	2.416944730252178486e-01	1.519927382444240804e-01	2.609206809352577761e-01	1.587806869191077108e-01	7.557528042869426921e-02	3.098369894594318191e-02	8.005244150130123859e-02
1.272817343212705055e+03	2.415116284078120124e-01	1.518686081418714751e-01	2.610481340127064898e-01	1.588588713233165250e-01	7.560810027508482745e-02	3.100333473054181499e-02	8.010132310861294014e-02
1.274268674276801676e+03	2.413290925659252739e-01	1.517446876692848945e-01	2.611753661327344544e-01	1.589369187276851447e-01	7.564086569999937948e-02	3.102294645283683663e-02	8.015012275148007681e-02
1.275720005340898297e+03	2.411468649773242379e-01	1.516209764722756259e-01	2.613023776706413503e-01	1.590148293799611701e-01	7.567357679396360948e-02	3.104253413918904581e-02	8.019884056659100369e-02
1.277171336404994690e+03	2.409649451206630211e-01	1.514974741970527561e-01	2.614291690010915881e-01	1.590926035274200789e-01	7.570623364735046268e-02	3.106209781593660332e-02	8.024747669043157117e-02
1.278622667469091539e+03	2.407833324754817261e-01	1.513741804904220889e-01	2.615557404981153078e-01	1.591702414168662538e-01	7.573883635038043682e-02	3.108163750939504227e-02	8.029603125928524987e-02
1.280073998533187932e+03	2.406020265222049148e-01	1.512510949997853127e-01	2.616820925351094895e-01	1.592477432946340921e-01	7.577138499312190134e-02	3.110115324585728883e-02	8.034450440923307513e-02
1.281525329597284326e+03	2.404210267421399427e-01	1.511282173731390011e-01	2.618082254848390633e-01	1.593251094065891160e-01	7.580387966549145817e-02	3.112064505159369346e-02	8.039289627615385514e-02
1.282976660661381175e+03	2.402403326174754883e-01	1.510055472590735581e-01	2.619341397194377974e-01	1.594023399981289724e-01	7.583632045725412218e-02	3.114011295285204484e-02	8.044120699572412936e-02
1.284427991725477568e+03	2.400599436312799428e-01	1.508830843067723859e-01	2.620598356104097415e-01	1.594794353141844867e-01	7.586870745802372362e-02	3.115955697585757328e-02	8.048943670341829337e-02
1.285879322789574417e+03	2.398798592674998842e-01	1.507608281660107741e-01	2.621853135286299485e-01	1.595563955992207461e-01	7.590104075726317179e-02	3.117897714681298893e-02	8.053758553450858504e-02
1.287330653853671038e+03	2.397000790109586055e-01	1.506387784871550950e-01	2.623105738443457513e-01	1.596332210972381815e-01	7.593332044428474648e-02	3.119837349189849215e-02	8.058565362406527877e-02
1.288781984917767431e+03	2.395206023473544221e-01	1.505169349211617214e-01	2.624356169271775396e-01	1.597099120517735393e-01	7.596554660825041716e-02	3.121774603727178396e-02	8.063364110695665776e-02
1.290233315981864052e+03	2.393414287632592841e-01	1.503952971195761656e-01	2.625604431461202593e-01	1.597864687059009636e-01	7.599771933817214831e-02	3.123709480906809721e-02	8.068154811784915281e-02
