1.001418434226643626e+03	2.819750513490937860e-01	1.788126565590121841e-01	2.327985573634610283e-01	1.416404295235025590e-01	6.842678695002077371e-02	2.699724422733914067e-02	6.934927402751542291e-02
1.002869765290740247e+03	2.817243248717266613e-01	1.786432440647439390e-01	2.329738569160721973e-01	1.417489198217878610e-01	6.847137622384656674e-02	2.702268277964472651e-02	6.941559532212286665e-02
1.004321096354836754e+03	2.814740218238432901e-01	1.784741176785357430e-01	2.331488546226128389e-01	1.418572155865571449e-01	6.851589123611159793e-02	2.704809234849013880e-02	6.948180670379403012e-02
1.005772427418933376e+03	2.812241414879650403e-01	1.783052769171641905e-01	2.333235509950579989e-01	1.419653171866709640e-01	6.856033211237669289e-02	2.707347295347513685e-02	6.954790834723474646e-02
1.007223758483029997e+03	2.809746831478569518e-01	1.781367212982044312e-01	2.334979465445150559e-01	1.420732249902084132e-01	6.860469897796603322e-02	2.709882461422252059e-02	6.961390042697138125e-02
1.008675089547126618e+03	2.807256460885249050e-01	1.779684503400293105e-01	2.336720417812251926e-01	1.421809393644693498e-01	6.864899195796797526e-02	2.712414735037805419e-02	6.967978311734993047e-02
1.010126420611223239e+03	2.804770295962133453e-01	1.778004635618085361e-01	2.338458372145648667e-01	1.422884606759766135e-01	6.869321117723582726e-02	2.714944118161041059e-02	6.974555659253513229e-02
1.011577751675319632e+03	2.802288329584021187e-01	1.776327604835076790e-01	2.340193333530473097e-01	1.423957892904782474e-01	6.873735676038861264e-02	2.717470612761109516e-02	6.981122102650963446e-02
1.013029082739416367e+03	2.799810554638041404e-01	1.774653406258873412e-01	2.341925307043241089e-01	1.425029255729497735e-01	6.878142883181183331e-02	2.719994220809437285e-02	6.987677659307310607e-02
1.014480413803512761e+03	2.797336964023627859e-01	1.772982035105021281e-01	2.343654297751864846e-01	1.426098698875963577e-01	6.882542751565823291e-02	2.722514944279720572e-02	6.994222346584144656e-02
1.015931744867609382e+03	2.794867550652490595e-01	1.771313486596998998e-01	2.345380310715670102e-01	1.427166225978549197e-01	6.886935293584854623e-02	2.725032785147917663e-02	7.000756181824599467e-02
1.017383075931706003e+03	2.792402307448592080e-01	1.769647755966207159e-01	2.347103350985408343e-01	1.428231840663965468e-01	6.891320521607222083e-02	2.727547745392240944e-02	7.007279182353262637e-02
1.018834406995802851e+03	2.789941227348120001e-01	1.767984838451959473e-01	2.348823423603274285e-01	1.429295546551284102e-01	6.895698447978820811e-02	2.730059826993151695e-02	7.013791365476104711e-02
1.020285738059899245e+03	2.787484303299462285e-01	1.766324729301472773e-01	2.350540533602918092e-01	1.430357347251960398e-01	6.900069085022562942e-02	2.732569031933350379e-02	7.020292748480400080e-02
1.021737069123995752e+03	2.785031528263182676e-01	1.764667423769857579e-01	2.352254686009462026e-01	1.431417246369855178e-01	6.904432445038456712e-02	2.735075362197771087e-02	7.026783348634646487e-02
1.023188400188092373e+03	2.782582895211992979e-01	1.763012917120108936e-01	2.353965885839513772e-01	1.432475247501255322e-01	6.908788540303673065e-02	2.737578819773572175e-02	7.033263183188490086e-02
1.024639731252188767e+03	2.780138397130729189e-01	1.761361204623096977e-01	2.355674138101182258e-01	1.433531354234895416e-01	6.913137383072621989e-02	2.740079406650130361e-02	7.039732269372657447e-02
1.026091062316285615e+03	2.777698027016325955e-01	1.759712281557555547e-01	2.357379447794090421e-01	1.434585570151979128e-01	6.917478985577024675e-02	2.742577124819032403e-02	7.046190624398873670e-02
1.027542393380382237e+03	2.775261777877793268e-01	1.758066143210074428e-01	2.359081819909392141e-01	1.435637898826199743e-01	6.921813360025978745e-02	2.745071976274067113e-02	7.052638265459797162e-02
1.028993724444478858e+03	2.772829642736188704e-01	1.756422784875088516e-01	2.360781259429785284e-01	1.436688343823761815e-01	6.926140518606031804e-02	2.747563963011218427e-02	7.059075209728946088e-02
1.030445055508575479e+03	2.770401614624595221e-01	1.754782201854866996e-01	2.362477771329526410e-01	1.437736908703401428e-01	6.930460473481252215e-02	2.750053087028656029e-02	7.065501474360627587e-02
1.031896386572671872e+03	2.767977686588096731e-01	1.753144389459505292e-01	2.364171360574444936e-01	1.438783597016407567e-01	6.934773236793297102e-02	2.752539350326729806e-02	7.071917076489868392e-02
1.033347717636768493e+03	2.765557851683749790e-01	1.751509343006913966e-01	2.365862032121958392e-01	1.439828412306642103e-01	6.939078820661483127e-02	2.755022754907959087e-02	7.078322033232356536e-02
1.034799048700865114e+03	2.763142102980564729e-01	1.749877057822808168e-01	2.367549790921086861e-01	1.440871358110560885e-01	6.943377237182848938e-02	2.757503302777026752e-02	7.084716361684363639e-02
1.036250379764961508e+03	2.760730433559477892e-01	1.748247529240697928e-01	2.369234641912466299e-01	1.441912437957233173e-01	6.947668498432228723e-02	2.759980995940769857e-02	7.091100078922685235e-02
1.037701710829058356e+03	2.758322836513328880e-01	1.746620752601878712e-01	2.370916590028364357e-01	1.442951655368364394e-01	6.951952616462318824e-02	2.762455836408172355e-02	7.097473202004578319e-02
1.039153041893154750e+03	2.755919304946837234e-01	1.744996723255419768e-01	2.372595640192693422e-01	1.443989013858313630e-01	6.956229603303740183e-02	2.764927826190356763e-02	7.103835747967696124e-02
1.040604372957251599e+03	2.753519831976576349e-01	1.743375436558154690e-01	2.374271797321026167e-01	1.445024516934115544e-01	6.960499470965110513e-02	2.767396967300574800e-02	7.110187733830025669e-02
1.042055704021347992e+03	2.751124410730950709e-01	1.741756887874670867e-01	2.375945066320608312e-01	1.446058168095499807e-01	6.964762231433109518e-02	2.769863261754200098e-02	7.116529176589830863e-02
1.043507035085444613e+03	2.748733034350175353e-01	1.740141072577298942e-01	2.377615452090374726e-01	1.447089970834911088e-01	6.969017896672537182e-02	2.772326711568720570e-02	7.122860093225585887e-02
1.044958366149541234e+03	2.746345695986247559e-01	1.738527986046102258e-01	2.379282959520961638e-01	1.448119928637529030e-01	6.973266478626384546e-02	2.774787318763728000e-02	7.129180500695923850e-02
1.046409697213637855e+03	2.743962388802926311e-01	1.736917623668867428e-01	2.380947593494722736e-01	1.449148044981288241e-01	6.977507989215901707e-02	2.777245085360910762e-02	7.135490415939578501e-02
1.047861028277734476e+03	2.741583105975710088e-01	1.735309980841091837e-01	2.382609358885741935e-01	1.450174323336897997e-01	6.981742440340651945e-02	2.779700013384045487e-02	7.141789855875321780e-02
1.049312359341831097e+03	2.739207840691810225e-01	1.733705052965975324e-01	2.384268260559848640e-01	1.451198767167860837e-01	6.985969843878588048e-02	2.782152104858987701e-02	7.148078837401913854e-02
1.050763690405927491e+03	2.736836586150130368e-01	1.732102835454407963e-01	2.385924303374631072e-01	1.452221379930493383e-01	6.990190211686102273e-02	2.784601361813663842e-02	7.154357377398047613e-02
1.052215021470024112e+03	2.734469335561243164e-01	1.730503323724959797e-01	2.387577492179450422e-01	1.453242165073945213e-01	6.994403555598098510e-02	2.787047786278061892e-02	7.160625492722290375e-02
1.053666352534120733e+03	2.732106082147367498e-01	1.728906513203870565e-01	2.389227831815455283e-01	1.454261126040218843e-01	6.998609887428049181e-02	2.789491380284223401e-02	7.166883200213039484e-02
1.055117683598217127e+03	2.729746819142345737e-01	1.727312399325037495e-01	2.390875327115596083e-01	1.455278266264187215e-01	7.002809218968061855e-02	2.791932145866233422e-02	7.173130516688466796e-02
1.056569014662313975e+03	2.727391539791620412e-01	1.725720977530007805e-01	2.392519982904638132e-01	1.456293589173614789e-01	7.007001561988934757e-02	2.794370085060213921e-02	7.179367458946465941e-02
1.058020345726410369e+03	2.725040237352212014e-01	1.724132243267964826e-01	2.394161803999175775e-01	1.457307098189175865e-01	7.011186928240223382e-02	2.796805199904313366e-02	7.185594043764606531e-02
1.059471676790506763e+03	2.722692905092697346e-01	1.722546191995717735e-01	2.395800795207647105e-01	1.458318796724472899e-01	7.015365329450300169e-02	2.799237492438697711e-02	7.191810287900081422e-02
1.060923007854603611e+03	2.720349536293186765e-01	1.720962819177691561e-01	2.397436961330346727e-01	1.459328688186056211e-01	7.019536777326411403e-02	2.801666964705541024e-02	7.198016208089659529e-02
1.062374338918700232e+03	2.718010124245301973e-01	1.719382120285915805e-01	2.399070307159441306e-01	1.460336775973442858e-01	7.023701283554741048e-02	2.804093618749018552e-02	7.204211821049645581e-02
1.063825669982796853e+03	2.715674662252153260e-01	1.717804090800014172e-01	2.400700837478982330e-01	1.461343063479134674e-01	7.027858859800463487e-02	2.806517456615295961e-02	7.210397143475824611e-02
1.065277001046893474e+03	2.713343143628317300e-01	1.716228726207192912e-01	2.402328557064919434e-01	1.462347554088637702e-01	7.032009517707812907e-02	2.808938480352519626e-02	7.216572192043420320e-02
1.066728332110990095e+03	2.711015561699816612e-01	1.714656022002229718e-01	2.403953470685115668e-01	1.463350251180480233e-01	7.036153268900131874e-02	2.811356692010809691e-02	7.222736983407057609e-02
1.068179663175086489e+03	2.708691909804097908e-01	1.713085973687463737e-01	2.405575583099360260e-01	1.464351158126231123e-01	7.040290124979937947e-02	2.813772093642249311e-02	7.228891534200704294e-02
1.069630994239183110e+03	2.706372181290007117e-01	1.711518576772783073e-01	2.407194899059383331e-01	1.465350278290518116e-01	7.044420097528975022e-02	2.816184687300876677e-02	7.235035861037646121e-02
1.071082325303279504e+03	2.704056369517772174e-01	1.709953826775615637e-01	2.408811423308868382e-01	1.466347615031047269e-01	7.048543198108273011e-02	2.818594475042673214e-02	7.241169980510432647e-02
1.072533656367376352e+03	2.701744467858976928e-01	1.708391719220916094e-01	2.410425160583467286e-01	1.467343171698620163e-01	7.052659438258206126e-02	2.821001458925557689e-02	7.247293909190841155e-02
1.073984987431472746e+03	2.699436469696544494e-01	1.706832249641156429e-01	2.412036115610812770e-01	1.468336951637151944e-01	7.056768829498545614e-02	2.823405641009375105e-02	7.253407663629835023e-02
1.075436318495569594e+03	2.697132368424710602e-01	1.705275413576314014e-01	2.413644293110533412e-01	1.469328958183689360e-01	7.060871383328524986e-02	2.825807023355886988e-02	7.259511260357527640e-02
1.076887649559666215e+03	2.694832157449005838e-01	1.703721206573860503e-01	2.415249697794266126e-01	1.470319194668429363e-01	7.064967111226887198e-02	2.828205608028763751e-02	7.265604715883140774e-02
1.078338980623762609e+03	2.692535830186233436e-01	1.702169624188751562e-01	2.416852334365670874e-01	1.471307664414736593e-01	7.069056024651941550e-02	2.830601397093572558e-02	7.271688046694969876e-02
1.079790311687859230e+03	2.690243380064447631e-01	1.700620661983414383e-01	2.418452207520442876e-01	1.472294370739161418e-01	7.073138135041621977e-02	2.832994392617770724e-02	7.277761269260345223e-02
1.081241642751955851e+03	2.687954800522933674e-01	1.699074315527737411e-01	2.420049321946328158e-01	1.473279316951457973e-01	7.077213453813542554e-02	2.835384596670694618e-02	7.283824400025597223e-02
1.082692973816052472e+03	2.685670085012185071e-01	1.697530580399058409e-01	2.421643682323134650e-01	1.474262506354599989e-01	7.081281992365044686e-02	2.837772011323551336e-02	7.289877455416021723e-02
1.084144304880149093e+03	2.683389226993883603e-01	1.695989452182154744e-01	2.423235293322748563e-01	1.475243942244801043e-01	7.085343762073262330e-02	2.840156638649406901e-02	7.295920451835843923e-02
1.085595635944245487e+03	2.681112219940879893e-01	1.694450926469231178e-01	2.424824159609144936e-01	1.476223627911530389e-01	7.089398774295169181e-02	2.842538480723179675e-02	7.301953405668185071e-02
1.087046967008342108e+03	2.678839057337168428e-01	1.692914998859907372e-01	2.426410285838403458e-01	1.477201566637530439e-01	7.093447040367630019e-02	2.844917539621628563e-02	7.307976333275034708e-02
1.088498298072438729e+03	2.676569732677872571e-01	1.691381664961209841e-01	2.427993676658720679e-01	1.478177761698835357e-01	7.097488571607458996e-02	2.847293817423345030e-02	7.313989250997209035e-02
1.089949629136535123e+03	2.674304239469218469e-01	1.689850920387557520e-01	2.429574336710423610e-01	1.479152216364786332e-01	7.101523379311472373e-02	2.849667316208742002e-02	7.319992175154330094e-02
1.091400960200631971e+03	2.672042571228517849e-01	1.688322760760752328e-01	2.431152270625983602e-01	1.480124933898050443e-01	7.105551474756535701e-02	2.852038038060044842e-02	7.325985122044786912e-02
1.092852291264728365e+03	2.669784721484145806e-01	1.686797181709966953e-01	2.432727483030029669e-01	1.481095917554637320e-01	7.109572869199622114e-02	2.854405985061282333e-02	7.331968107945709134e-02
1.094303622328825213e+03	2.667530683775521383e-01	1.685274178871734585e-01	2.434299978539360976e-01	1.482065170583916069e-01	7.113587573877859505e-02	2.856771159298275575e-02	7.337941149112939265e-02
1.095754953392921607e+03	2.665280451653087579e-01	1.683753747889936703e-01	2.435869761762961550e-01	1.483032696228632485e-01	7.117595600008587431e-02	2.859133562858629657e-02	7.343904261781002141e-02
1.097206284457018228e+03	2.663034018678289705e-01	1.682235884415792804e-01	2.437436837302012216e-01	1.483998497724925147e-01	7.121596958789402909e-02	2.861493197831723248e-02	7.349857462163081334e-02
1.098657615521114849e+03	2.660791378423555398e-01	1.680720584107847360e-01	2.439001209749904753e-01	1.484962578302343739e-01	7.125591661398213150e-02	2.863850066308698886e-02	7.355800766450981687e-02
1.100108946585211470e+03	2.658552524472274636e-01	1.679207842631960101e-01	2.440562883692254936e-01	1.485924941183865144e-01	7.129579718993286908e-02	2.866204170382452912e-02	7.361734190815114043e-02
1.101560277649308091e+03	2.656317450418780313e-01	1.677697655661294085e-01	2.442121863706916141e-01	1.486885589585909551e-01	7.133561142713303049e-02	2.868555512147625761e-02	7.367657751404466104e-02
1.103011608713404712e+03	2.654086149868328248e-01	1.676190018876304866e-01	2.443678154363991550e-01	1.487844526718357374e-01	7.137535943677403294e-02	2.870904093700593282e-02	7.373571464346577453e-02
1.104462939777501106e+03	2.651858616437075544e-01	1.674684927964728287e-01	2.445231760225848316e-01	1.488801755784566194e-01	7.141504132985240783e-02	2.873249917139454948e-02	7.379475345747511794e-02
1.105914270841597499e+03	2.649634843752062263e-01	1.673182378621569932e-01	2.446782685847130601e-01	1.489757279981387406e-01	7.145465721717030039e-02	2.875592984564025525e-02	7.385369411691840302e-02
1.107365601905694348e+03	2.647414825451189779e-01	1.671682366549092913e-01	2.448330935774771788e-01	1.490711102499181762e-01	7.149420720933591378e-02	2.877933298075824667e-02	7.391253678242611092e-02
1.108816932969790741e+03	2.645198555183204681e-01	1.670184887456807876e-01	2.449876514548009199e-01	1.491663226521837415e-01	7.153369141676406417e-02	2.880270859778066850e-02	7.397128161441332561e-02
1.110268264033887590e+03	2.642986026607673788e-01	1.668689937061459683e-01	2.451419426698396020e-01	1.492613655226783798e-01	7.157310994967662487e-02	2.882605671775651662e-02	7.402992877307947028e-02
1.111719595097984211e+03	2.640777233394969725e-01	1.667197511087018524e-01	2.452959676749814077e-01	1.493562391785009658e-01	7.161246291810301201e-02	2.884937736175154088e-02	7.408847841840816850e-02
1.113170926162080832e+03	2.638572169226247599e-01	1.665707605264666602e-01	2.454497269218488542e-01	1.494509439361078329e-01	7.165175043188068416e-02	2.887267055084813752e-02	7.414693071016696668e-02
1.114622257226177226e+03	2.636370827793426685e-01	1.664220215332787578e-01	2.456032208612999035e-01	1.495454801113145216e-01	7.169097260065560029e-02	2.889593630614525552e-02	7.420528580790713979e-02
1.116073588290273847e+03	2.634173202799172664e-01	1.662735337036954641e-01	2.457564499434294059e-01	1.496398480192971669e-01	7.173012953388269164e-02	2.891917464875830290e-02	7.426354387096353871e-02
1.117524919354370468e+03	2.631979287956874303e-01	1.661252966129920794e-01	2.459094146175702933e-01	1.497340479745942754e-01	7.176922134082633353e-02	2.894238559981903228e-02	7.432170505845439590e-02
1.118976250418467089e+03	2.629789076990626806e-01	1.659773098371604694e-01	2.460621153322949950e-01	1.498280802911082510e-01	7.180824813056084499e-02	2.896556918047545406e-02	7.437976952928111729e-02
1.120427581482563710e+03	2.627602563635212940e-01	1.658295729529081497e-01	2.462145525354165754e-01	1.499219452821069498e-01	7.184721001197091894e-02	2.898872541189173244e-02	7.443773744212814347e-02
1.121878912546660331e+03	2.625419741636082493e-01	1.656820855376571755e-01	2.463667266739901773e-01	1.500156432602253176e-01	7.188610709375205243e-02	2.901185431524808123e-02	7.449560895546276929e-02
1.123330243610756725e+03	2.623240604749332849e-01	1.655348471695427814e-01	2.465186381943141880e-01	1.501091745374668329e-01	7.192493948441110174e-02	2.903495591174066331e-02	7.455338422753492178e-02
1.124781574674853118e+03	2.621065146741691221e-01	1.653878574274124658e-01	2.466702875419315988e-01	1.502025394252052559e-01	7.196370729226667096e-02	2.905803022258149348e-02	7.461106341637711858e-02
1.126232905738949967e+03	2.618893361390494112e-01	1.652411158908247690e-01	2.468216751616313098e-01	1.502957382341860992e-01	7.200241062544958381e-02	2.908107726899834822e-02	7.466864667980419035e-02
1.127684236803046360e+03	2.616725242483669556e-01	1.650946221400480807e-01	2.469728014974492958e-01	1.503887712745281546e-01	7.204104959190331392e-02	2.910409707223464079e-02	7.472613417541325298e-02
1.129135567867143209e+03	2.614560783819716017e-01	1.649483757560596675e-01	2.471236669926700491e-01	1.504816388557250750e-01	7.207962429938447046e-02	2.912708965354934496e-02	7.478352606058348562e-02
1.130586898931239830e+03	2.612399979207686296e-01	1.648023763205443137e-01	2.472742720898277180e-01	1.505743412866468456e-01	7.211813485546322844e-02	2.915005503421687696e-02	7.484082249247601959e-02
1.132038229995336451e+03	2.610242822467167545e-01	1.646566234158934050e-01	2.474246172307074387e-01	1.506668788755414767e-01	7.215658136752375884e-02	2.917299323552700191e-02	7.489802362803379965e-02
1.133489561059432845e+03	2.608089307428261283e-01	1.645111166252036516e-01	2.475747028563466123e-01	1.507592519300363365e-01	7.219496394276470053e-02	2.919590427878472963e-02	7.495512962398147294e-02
1.134940892123529466e+03	2.605939427931565633e-01	1.643658555322760062e-01	2.477245294070362092e-01	1.508514607571397881e-01	7.223328268819959042e-02	2.921878818531022104e-02	7.501214063682527800e-02
1.136392223187626087e+03	2.603793177828156447e-01	1.642208397216145255e-01	2.478740973223218791e-01	1.509435056632426886e-01	7.227153771065727983e-02	2.924164497643867364e-02	7.506905682285290593e-02
1.137843554251722708e+03	2.601650550979568988e-01	1.640760687784252603e-01	2.480234070410055058e-01	1.510353869541199157e-01	7.230972911678239246e-02	2.926447467352024170e-02	7.512587833813340332e-02
1.139294885315819101e+03	2.599511541257779057e-01	1.639315422886150897e-01	2.481724590011461784e-01	1.511271049349318385e-01	7.234785701303574068e-02	2.928727729791990794e-02	7.518260533851704730e-02
1.140746216379915950e+03	2.597376142545183009e-01	1.637872598387905554e-01	2.483212536400615511e-01	1.512186599102258444e-01	7.238592150569476968e-02	2.931005287101740714e-02	7.523923797963529003e-02
1.142197547444012343e+03	2.595244348734582762e-01	1.636432210162567791e-01	2.484697913943292036e-01	1.513100521839378099e-01	7.242392270085398764e-02	2.933280141420710821e-02	7.529577641690061995e-02
1.143648878508108737e+03	2.593116153729162487e-01	1.634994254090163801e-01	2.486180726997878065e-01	1.514012820593935160e-01	7.246186070442534044e-02	2.935552294889791705e-02	7.535222080550653401e-02
1.145100209572205586e+03	2.590991551442475838e-01	1.633558726057682542e-01	2.487660979915383708e-01	1.514923498393103141e-01	7.249973562213872513e-02	2.937821749651317940e-02	7.540857130042734335e-02
1.146551540636302207e+03	2.588870535798422634e-01	1.632125621959064632e-01	2.489138677039454961e-01	1.515832558257984575e-01	7.253754755954235078e-02	2.940088507849057328e-02	7.546482805641822889e-02
1.148002871700398828e+03	2.586753100731231658e-01	1.630694937695191249e-01	2.490613822706387037e-01	1.516740003203626008e-01	7.257529662200314091e-02	2.942352571628201532e-02	7.552099122801504694e-02
1.149454202764495449e+03	2.584639240185445108e-01	1.629266669173873583e-01	2.492086421245136019e-01	1.517645836239032431e-01	7.261298291470720534e-02	2.944613943135355322e-02	7.557706096953432928e-02
1.150905533828591842e+03	2.582528948115896950e-01	1.627840812309840068e-01	2.493556476977331349e-01	1.518550060367182819e-01	7.265060654266021489e-02	2.946872624518526509e-02	7.563303743507321375e-02
1.152356864892688463e+03	2.580422218487696817e-01	1.626417363024725560e-01	2.495023994217289154e-01	1.519452678585043737e-01	7.268816761068781773e-02	2.949128617927116239e-02	7.568892077850933320e-02
1.153808195956785084e+03	2.578319045276211696e-01	1.624996317247060784e-01	2.496488977272023069e-01	1.520353693883583768e-01	7.272566622343606957e-02	2.951381925511907187e-02	7.574471115350081551e-02
1.155259527020881706e+03	2.576219422467045383e-01	1.623577670912260684e-01	2.497951430441257836e-01	1.521253109247788504e-01	7.276310248537179448e-02	2.953632549425056278e-02	7.580040871348620035e-02
1.156710858084978327e+03	2.574123344056024609e-01	1.622161419962613316e-01	2.499411358017442075e-01	1.522150927656674979e-01	7.280047650078305677e-02	2.955880491820081502e-02	7.585601361168442525e-02
1.158162189149074720e+03	2.572030804049177943e-01	1.620747560347267635e-01	2.500868764285759660e-01	1.523047152083304989e-01	7.283778837377952176e-02	2.958125754851854625e-02	7.591152600109471460e-02
1.159613520213171569e+03	2.569941796462718031e-01	1.619336088022224340e-01	2.502323653524141656e-01	1.523941785494800638e-01	7.287503820829284440e-02	2.960368340676588703e-02	7.596694603449662131e-02
1.161064851277267962e+03	2.567856315323024941e-01	1.617926998950321993e-01	2.503776030003280195e-01	1.524834830852357936e-01	7.291222610807709947e-02	2.962608251451828364e-02	7.602227386444988799e-02
1.162516182341364356e+03	2.565774354666627843e-01	1.616520289101228414e-01	2.505225897986639860e-01	1.525726291111260680e-01	7.294935217670917016e-02	2.964845489336441486e-02	7.607750964329455801e-02
1.163967513405461204e+03	2.563695908540186141e-01	1.615115954451426805e-01	2.506673261730469338e-01	1.526616169220895158e-01	7.298641651758915050e-02	2.967080056490606355e-02	7.613265352315080892e-02
1.165418844469557826e+03	2.561620971000473368e-01	1.613713990984207425e-01	2.508118125483814742e-01	1.527504468124763759e-01	7.302341923394070622e-02	2.969311955075803686e-02	7.618770565591903576e-02
1.166870175533654447e+03	2.559549536114358870e-01	1.612314394689654540e-01	2.509560493488531829e-01	1.528391190760498841e-01	7.306036042881149106e-02	2.971541187254805177e-02	7.624266619327976779e-02
1.168321506597751068e+03	2.557481597958788933e-01	1.610917161564635602e-01	2.511000369979297098e-01	1.529276340059877726e-01	7.309724020507354925e-02	2.973767755191663795e-02	7.629753528669368234e-02
1.169772837661847461e+03	2.555417150620769018e-01	1.609522287612789593e-01	2.512437759183621111e-01	1.530159918948835185e-01	7.313405866542364853e-02	2.975991661051704401e-02	7.635231308740157707e-02
1.171224168725944082e+03	2.553356188197349330e-01	1.608129768844517304e-01	2.513872665321860711e-01	1.531041930347478430e-01	7.317081591238373817e-02	2.978212907001511964e-02	7.640699974642435610e-02
1.172675499790040703e+03	2.551298704795603722e-01	1.606739601276969132e-01	2.515305092607229565e-01	1.531922377170099880e-01	7.320751204830128200e-02	2.980431495208922185e-02	7.646159541456307163e-02
1.174126830854137097e+03	2.549244694532614153e-01	1.605351780934033967e-01	2.516735045245811486e-01	1.532801262325191594e-01	7.324414717534964703e-02	2.982647427843012483e-02	7.651610024239889618e-02
1.175578161918233945e+03	2.547194151535451256e-01	1.603966303846328101e-01	2.518162527436573761e-01	1.533678588715459423e-01	7.328072139552850583e-02	2.984860707074089847e-02	7.657051438029310875e-02
1.177029492982330339e+03	2.545147069941158802e-01	1.602583166051184671e-01	2.519587543371376581e-01	1.534554359237836063e-01	7.331723481066416970e-02	2.987071335073682860e-02	7.662483797838713639e-02
1.178480824046426733e+03	2.543103443896735927e-01	1.601202363592642564e-01	2.521010097234986369e-01	1.535428576783493815e-01	7.335368752241001877e-02	2.989279314014529898e-02	7.667907118660252652e-02
1.179932155110523581e+03	2.541063267559118821e-01	1.599823892521433644e-01	2.522430193205089100e-01	1.536301244237859853e-01	7.339007963224680742e-02	2.991484646070569423e-02	7.673321415464103012e-02
1.181383486174620202e+03	2.539026535095164072e-01	1.598447748894974152e-01	2.523847835452300292e-01	1.537172364480628162e-01	7.342641124148312215e-02	2.993687333416930260e-02	7.678726703198453241e-02
1.182834817238716823e+03	2.536993240681631456e-01	1.597073928777351659e-01	2.525263028140177779e-01	1.538041940385774242e-01	7.346268245125568697e-02	2.995887378229921197e-02	7.684122996789517768e-02
1.184286148302813444e+03	2.534963378505165621e-01	1.595702428239315351e-01	2.526675775425233361e-01	1.538909974821568438e-01	7.349889336252975192e-02	2.998084782687021263e-02	7.689510311141528609e-02
1.185737479366910065e+03	2.532936942762281096e-01	1.594333243358264374e-01	2.528086081456946133e-01	1.539776470650587870e-01	7.353504407609946780e-02	3.000279548966869325e-02	7.694888661136746466e-02
1.187188810431006686e+03	2.530913927659342311e-01	1.592966370218236727e-01	2.529493950377771916e-01	1.540641430729731420e-01	7.357113469258823313e-02	3.002471679249254025e-02	7.700258061635460727e-02
1.188640141495103080e+03	2.528894327412548604e-01	1.591601804909897888e-01	2.530899386323157696e-01	1.541504857910232229e-01	7.360716531244904104e-02	3.004661175715104063e-02	7.705618527475993629e-02
1.190091472559199701e+03	2.526878136247915352e-01	1.590239543530531097e-01	2.532302393421552167e-01	1.542366755037670734e-01	7.364313603596490954e-02	3.006848040546477099e-02	7.710970073474703035e-02
1.191542803623296322e+03	2.524865348401258980e-01	1.588879582184025141e-01	2.533702975794418499e-01	1.543227124951988272e-01	7.367904696324917291e-02	3.009032275926551078e-02	7.716312714425990760e-02
1.192994134687392716e+03	2.522855958118178088e-01	1.587521916980863812e-01	2.535101137556244333e-01	1.544085970487500403e-01	7.371489819424584256e-02	3.011213884039613126e-02	7.721646465102303958e-02
1.194445465751489564e+03	2.520849959654036798e-01	1.586166544038115356e-01	2.536496882814555653e-01	1.544943294472909123e-01	7.375068982873003720e-02	3.013392867071050529e-02	7.726971340254140674e-02
1.195896796815585958e+03	2.518847347273949766e-01	1.584813459479420261e-01	2.537890215669927341e-01	1.545799099731316739e-01	7.378642196630824657e-02	3.015569227207339290e-02	7.732287354610054009e-02
1.197348127879682352e+03	2.516848115252762197e-01	1.583462659434981545e-01	2.539281140215996491e-01	1.546653389080238916e-01	7.382209470641871996e-02	3.017742966636035792e-02	7.737594522876659053e-02
1.198799458943779200e+03	2.514852257875034303e-01	1.582114140041553929e-01	2.540669660539471852e-01	1.547506165331616890e-01	7.385770814833185482e-02	3.019914087545765360e-02	7.742892859738638445e-02
1.200250790007875821e+03	2.512859769435025759e-01	1.580767897442431347e-01	2.542055780720147151e-01	1.548357431291830510e-01	7.389326239115047434e-02	3.022082592126212885e-02	7.748182379858752078e-02
1.201702121071972442e+03	2.510870644236676830e-01	1.579423927787438064e-01	2.543439504830912745e-01	1.549207189761711567e-01	7.392875753381022985e-02	3.024248482568112767e-02	7.753463097877835719e-02
1.203153452136069063e+03	2.508884876593592272e-01	1.578082227232916190e-01	2.544820836937766173e-01	1.550055443536556832e-01	7.396419367507992004e-02	3.026411761063238851e-02	7.758735028414814883e-02
1.204604783200165684e+03	2.506902460829025236e-01	1.576742791941715682e-01	2.546199781099826587e-01	1.550902195406139716e-01	7.399957091356185179e-02	3.028572429804394714e-02	7.763998186066710383e-02
1.206056114264262078e+03	2.504923391275859501e-01	1.575405618083183246e-01	2.547576341369342523e-01	1.551747448154724429e-01	7.403488934769218710e-02	3.030730490985403605e-02	7.769252585408642497e-02
1.207507445328358699e+03	2.502947662276593377e-01	1.574070701833151786e-01	2.548950521791706891e-01	1.552591204561077076e-01	7.407014907574126228e-02	3.032885946801098381e-02	7.774498240993843456e-02
1.208958776392455093e+03	2.500975268183323608e-01	1.572738039373928476e-01	2.550322326405466966e-01	1.553433467398479817e-01	7.410535019581394878e-02	3.035038799447311794e-02	7.779735167353662995e-02
1.210410107456551941e+03	2.499006203357727607e-01	1.571407626894285314e-01	2.551691759242336599e-01	1.554274239434742244e-01	7.414049280584998625e-02	3.037189051120865735e-02	7.784963378997575290e-02
1.211861438520648335e+03	2.497040462171047914e-01	1.570079460589447751e-01	2.553058824327207321e-01	1.555113523432215539e-01	7.417557700362428785e-02	3.039336704019562560e-02	7.790182890413188677e-02
1.213312769584745183e+03	2.495078039004074988e-01	1.568753536661083303e-01	2.554423525678158891e-01	1.555951322147802462e-01	7.421060288674735661e-02	3.041481760342174337e-02	7.795393716066256751e-02
1.214764100648841804e+03	2.493118928247130828e-01	1.567429851317291845e-01	2.555785867306473724e-01	1.556787638332972346e-01	7.424557055266556294e-02	3.043624222288433129e-02	7.800595870400683918e-02
1.216215431712937971e+03	2.491163124300052600e-01	1.566108400772594222e-01	2.557145853216646891e-01	1.557622474733772189e-01	7.428048009866143608e-02	3.045764092059021627e-02	7.805789367838537884e-02
1.217666762777034819e+03	2.489210621572176541e-01	1.564789181247921435e-01	2.558503487406396104e-01	1.558455834090839431e-01	7.431533162185408048e-02	3.047901371855562397e-02	7.810974222780057985e-02
1.219118093841131440e+03	2.487261414482320465e-01	1.563472188970603804e-01	2.559858773866676152e-01	1.559287719139413886e-01	7.435012521919948103e-02	3.050036063880608855e-02	7.816150449603662120e-02
1.220569424905228061e+03	2.485315497458769063e-01	1.562157420174361266e-01	2.561211716581687781e-01	1.560118132609351060e-01	7.438486098749079456e-02	3.052168170337635211e-02	7.821318062665962023e-02
1.222020755969324682e+03	2.483372864939256408e-01	1.560844871099290876e-01	2.562562319528889909e-01	1.560947077225132984e-01	7.441953902335869675e-02	3.054297693431025015e-02	7.826477076301768809e-02
1.223472087033421303e+03	2.481433511370949585e-01	1.559534537991858760e-01	2.563910586679011838e-01	1.561774555705881806e-01	7.445415942327174297e-02	3.056424635366064915e-02	7.831627504824111019e-02
1.224923418097517697e+03	2.479497431210432312e-01	1.558226417104885964e-01	2.565256521996064354e-01	1.562600570765370900e-01	7.448872228353663194e-02	3.058548998348931472e-02	7.836769362524234617e-02
1.226374749161614318e+03	2.477564618923690509e-01	1.556920504697540397e-01	2.566600129437350830e-01	1.563425125112037906e-01	7.452322770029856658e-02	3.060670784586683180e-02	7.841902663671626583e-02
1.227826080225710712e+03	2.475635068986092868e-01	1.555616797035326015e-01	2.567941412953478331e-01	1.564248221448996390e-01	7.455767576954158704e-02	3.062789996287249711e-02	7.847027422514014916e-02
1.229277411289807560e+03	2.473708775882378363e-01	1.554315290390070881e-01	2.569280376488370377e-01	1.565069862474047502e-01	7.459206658708884830e-02	3.064906635659422895e-02	7.852143653277386670e-02
1.230728742353903954e+03	2.471785734106636823e-01	1.553015981039916893e-01	2.570617023979275828e-01	1.565890050879693018e-01	7.462640024860298094e-02	3.067020704912847007e-02	7.857251370166000448e-02
1.232180073418000802e+03	2.469865938162295327e-01	1.551718865269310355e-01	2.571951359356781652e-01	1.566708789353145892e-01	7.466067684958638262e-02	3.069132206258008352e-02	7.862350587362393339e-02
1.233631404482097196e+03	2.467949382562100169e-01	1.550423939368990034e-01	2.573283386544824580e-01	1.567526080576344127e-01	7.469489648538155113e-02	3.071241141906225908e-02	7.867441319027398960e-02
1.235082735546193817e+03	2.466036061828102421e-01	1.549131199635977452e-01	2.574613109460702765e-01	1.568341927225961330e-01	7.472905925117137582e-02	3.073347514069641601e-02	7.872523579300157170e-02
1.236534066610290438e+03	2.464125970491641004e-01	1.547840642373565223e-01	2.575940532015084106e-01	1.569156331973418361e-01	7.476316524197948454e-02	3.075451324961210944e-02	7.877597382298123785e-02
1.237985397674387059e+03	2.462219103093326589e-01	1.546552263891308732e-01	2.577265658112021796e-01	1.569969297484896109e-01	7.479721455267052121e-02	3.077552576794692976e-02	7.882662742117091392e-02
1.239436728738483680e+03	2.460315454183026329e-01	1.545266060505012806e-01	2.578588491648961534e-01	1.570780826421347143e-01	7.483120727795047888e-02	3.079651271784640890e-02	7.887719672831199069e-02
1.240888059802580301e+03	2.458415018319847489e-01	1.543982028536723117e-01	2.579909036516755405e-01	1.571590921438507094e-01	7.486514351236701892e-02	3.081747412146391626e-02	7.892768188492939319e-02
1.242339390866676695e+03	2.456517790072121898e-01	1.542700164314714517e-01	2.581227296599672427e-01	1.572399585186906035e-01	7.489902335030976244e-02	3.083841000096057550e-02	7.897808303133183050e-02
1.243790721930773088e+03	2.454623764017389576e-01	1.541420464173481886e-01	2.582543275775409652e-01	1.573206820311880694e-01	7.493284688601058174e-02	3.085932037850515688e-02	7.902840030761183743e-02
1.245242052994869937e+03	2.452732934742383186e-01	1.540142924453727913e-01	2.583856977915100495e-01	1.574012629453586665e-01	7.496661421354393340e-02	3.088020527627398717e-02	7.907863385364596875e-02
1.246693384058966330e+03	2.450845296843012222e-01	1.538867541502354497e-01	2.585168406883332493e-01	1.574817015247008678e-01	7.500032542682713577e-02	3.090106471645085590e-02	7.912878380909493803e-02
1.248144715123063179e+03	2.448960844924347457e-01	1.537594311672450809e-01	2.586477566538150641e-01	1.575619980321973090e-01	7.503398061962075760e-02	3.092189872122691127e-02	7.917885031340377022e-02
1.249596046187159800e+03	2.447079573600605407e-01	1.536323231323284411e-01	2.587784460731075153e-01	1.576421527303159820e-01	7.506757988552878458e-02	3.094270731280057696e-02	7.922883350580187112e-02
1.251047377251256421e+03	2.445201477495131392e-01	1.535054296820288489e-01	2.589089093307107015e-01	1.577221658810112059e-01	7.510112331799902174e-02	3.096349051337744102e-02	7.927873352530331874e-02
1.252498708315352815e+03	2.443326551240385114e-01	1.533787504535054080e-01	2.590391468104743522e-01	1.578020377457250156e-01	7.513461101032334333e-02	3.098424834517017612e-02	7.932855051070686336e-02
1.253950039379449436e+03	2.441454789477925102e-01	1.532522850845317586e-01	2.591691588955986059e-01	1.578817685853881048e-01	7.516804305563806743e-02	3.100498083039843894e-02	7.937828460059619118e-02
1.255401370443546057e+03	2.439586186858392070e-01	1.531260332134952162e-01	2.592989459686353415e-01	1.579613586604210751e-01	7.520141954692413644e-02	3.102568799128877300e-02	7.942793593334002145e-02
1.256852701507642678e+03	2.437720738041493918e-01	1.529999944793955513e-01	2.594285084114890116e-01	1.580408082307355189e-01	7.523474057700749174e-02	3.104636985007451153e-02	7.947750464709227303e-02
1.258304032571739299e+03	2.435858437695990475e-01	1.528741685218441559e-01	2.595578466054180300e-01	1.581201175557351568e-01	7.526800623855935124e-02	3.106702642899569766e-02	7.952699087979224479e-02
1.259755363635835920e+03	2.433999280499677120e-01	1.527485549810628507e-01	2.596869609310358262e-01	1.581992868943170316e-01	7.530121662409654248e-02	3.108765775029896997e-02	7.957639476916476828e-02
1.261206694699932314e+03	2.432143261139370349e-01	1.526231534978829130e-01	2.598158517683116231e-01	1.582783165048725627e-01	7.533437182598172466e-02	3.110826383623748262e-02	7.962571645272031873e-02
1.262658025764028707e+03	2.430290374310891954e-01	1.524979637137441335e-01	2.599445194965719352e-01	1.583572066452886562e-01	7.536747193642370779e-02	3.112884470907080828e-02	7.967495606775526484e-02
1.264109356828125556e+03	2.428440614719052648e-01	1.523729852706935672e-01	2.600729644945014019e-01	1.584359575729488712e-01	7.540051704747777195e-02	3.114940039106484093e-02	7.972411375135196598e-02
1.265560687892221949e+03	2.426593977077638187e-01	1.522482178113847562e-01	2.602011871401439524e-01	1.585145695447345571e-01	7.543350725104593091e-02	3.116993090449170570e-02	7.977318964037898030e-02
1.267012018956318798e+03	2.424750456109392716e-01	1.521236609790765359e-01	2.603291878109038615e-01	1.585930428170258810e-01	7.546644263887723747e-02	3.119043627162966861e-02	7.982218387149118966e-02
1.268463350020415419e+03	2.422910046546004614e-01	1.519993144176321198e-01	2.604569668835469698e-01	1.586713776457029934e-01	7.549932330256804713e-02	3.121091651476303602e-02	7.987109658113003552e-02
1.269914681084511813e+03	2.421072743128089566e-01	1.518751777715180162e-01	2.605845247342015725e-01	1.587495742861471104e-01	7.553214933356230953e-02	3.123137165618207131e-02	7.991992790552363002e-02
1.271366012148608434e+03	2.419238540605177512e-01	1.517512506858029742e-01	2.607118617383595294e-01	1.588276329932416797e-01	7.556492082315190151e-02	3.125180171818288388e-02	7.996867798068696409e-02
1.272817343212705055e+03	2.417407433735694888e-01	1.516275328061570671e-01	2.608389782708775417e-01	1.589055540213733519e-01	7.559763786247683526e-02	3.127220672306735977e-02	8.001734694242206014e-02
1.274268674276801676e+03	2.415579417286951303e-01	1.515040237788506383e-01	2.609658747059778738e-01	1.589833376244332019e-01	7.563030054252560530e-02	3.129258669314306102e-02	8.006593492631818021e-02
1.275720005340898297e+03	2.413754486035123159e-01	1.513807232507532186e-01	2.610925514172499629e-01	1.590609840558176724e-01	7.566290895413545214e-02	3.131294165072311814e-02	8.011444206775196475e-02
1.277171336404994690e+03	2.411932634765239780e-01	1.512576308693325544e-01	2.612190087776508074e-01	1.591384935684299062e-01	7.569546318799259821e-02	3.133327161812615724e-02	8.016286850188766855e-02
1.278622667469091539e+03	2.410113858271166476e-01	1.511347462826537480e-01	2.613452471595066329e-01	1.592158664146805513e-01	7.572796333463260865e-02	3.135357661767620985e-02	8.021121436367727175e-02
1.280073998533187932e+03	2.408298151355591221e-01	1.510120691393779246e-01	2.614712669345136131e-01	1.592931028464890653e-01	7.576040948444061340e-02	3.137385667170260184e-02	8.025947978786071579e-02
1.281525329597284326e+03	2.406485508830008002e-01	1.508895990887615113e-01	2.615970684737390917e-01	1.593702031152846033e-01	7.579280172765161250e-02	3.139411180253988409e-02	8.030766490896606991e-02
1.282976660661381175e+03	2.404675925514702939e-01	1.507673357806551540e-01	2.617226521476226364e-01	1.594471674720072674e-01	7.582514015435075361e-02	3.141434203252772145e-02	8.035576986130969768e-02
1.284427991725477568e+03	2.402869396238739297e-01	1.506452788655026076e-01	2.618480183259769833e-01	1.595239961671090778e-01	7.585742485447356798e-02	3.143454738401081638e-02	8.040379477899653460e-02
1.285879322789574417e+03	2.401065915839940834e-01	1.505234279943398201e-01	2.619731673779893133e-01	1.596006894505550278e-01	7.588965591780631736e-02	3.145472787933881187e-02	8.045173979592012969e-02
1.287330653853671038e+03	2.399265479164879311e-01	1.504017828187939887e-01	2.620980996722220291e-01	1.596772475718242212e-01	7.592183343398622997e-02	3.147488354086620116e-02	8.049960504576296472e-02
1.288781984917767431e+03	2.397468081068856449e-01	1.502803429910823940e-01	2.622228155766140323e-01	1.597536707799109001e-01	7.595395749250173634e-02	3.149501439095223759e-02	8.054739066199657904e-02
1.290233315981864052e+03	2.395673716415892551e-01	1.501591081640115677e-01	2.623473154584817779e-01	1.598299593233254989e-01	7.598602818269280246e-02	3.151512045196085132e-02	8.059509677788177784e-02
