1.301360187473271253e+03	2.377706578816458083e-01	1.492747502661634917e-01	2.609217648042977400e-01	1.617432775848878512e-01	7.661968448888484273e-02	3.168151295312546939e-02	8.198835202094006958e-02
1.306197957686926657e+03	2.371841227721711021e-01	1.488766036987103913e-01	2.613131185171354565e-01	1.620022819300978578e-01	7.672829549308268771e-02	3.174626320686036590e-02	8.214931438188742552e-02
1.311035727900581833e+03	2.366008849170420925e-01	1.484806959263864912e-01	2.617021431559387601e-01	1.622598084649164440e-01	7.683632315350974462e-02	3.181075075172463268e-02	8.230939363042714951e-02
1.315873498114237009e+03	2.360209257492013601e-01	1.480870143392271632e-01	2.620888527337195684e-01	1.625158656298178739e-01	7.694377053858261761e-02	3.187497655016215820e-02	8.246859445923453158e-02
1.320711268327892412e+03	2.354442268063833277e-01	1.476955463984087613e-01	2.624732611777674807e-01	1.627704618159441508e-01	7.705064070112069285e-02	3.193894156163813031e-02	8.262692153868268774e-02
1.325549038541547588e+03	2.348707697305181807e-01	1.473062796358481086e-01	2.628553823301739700e-01	1.630236053654412487e-01	7.715693667842773995e-02	3.200264674264589881e-02	8.278437951689002205e-02
1.330386808755202765e+03	2.343005362671393976e-01	1.469192016538042878e-01	2.632352299483540770e-01	1.632753045717915408e-01	7.726266149237279168e-02	3.206609304671385191e-02	8.294097301976927072e-02
1.335224578968857941e+03	2.337335082647945539e-01	1.465343001244825138e-01	2.636128177055652166e-01	1.635255676801421199e-01	7.736781814947021885e-02	3.212928142441228568e-02	8.309670665107828091e-02
1.340062349182513572e+03	2.331696676744602625e-01	1.461515627896399494e-01	2.639881591914238212e-01	1.637744028876295110e-01	7.747240964095913895e-02	3.219221282336030138e-02	8.325158499247214960e-02
1.344900119396168748e+03	2.326089965489599731e-01	1.457709774601939345e-01	2.643612679124188181e-01	1.640218183437006927e-01	7.757643894288215880e-02	3.225488818823266796e-02	8.340561260355693063e-02
1.349737889609823924e+03	2.320514770423858231e-01	1.453925320158319656e-01	2.647321572924223876e-01	1.642678221504303981e-01	7.767990901616325661e-02	3.231730846076669161e-02	8.355879402194464622e-02
1.354575659823479100e+03	2.314970914095235976e-01	1.450162144046239776e-01	2.651008406731985567e-01	1.645124223628349480e-01	7.778282280668520621e-02	3.237947457976911303e-02	8.371113376330975575e-02
1.359413430037134731e+03	2.309458220052812427e-01	1.446420126426367914e-01	2.654673313149085723e-01	1.647556269891826686e-01	7.788518324536621018e-02	3.244138748112294912e-02	8.386263632144676239e-02
1.364251200250789907e+03	2.303976512841206803e-01	1.442699148135503373e-01	2.658316423966137765e-01	1.649974439913009239e-01	7.798699324823588075e-02	3.250304809779436255e-02	8.401330616832919373e-02
1.369088970464445310e+03	2.298525617994932047e-01	1.438999090682762660e-01	2.661937870167759290e-01	1.652378812848798451e-01	7.808825571651076269e-02	3.256445735983953121e-02	8.416314775416963712e-02
1.373926740678100487e+03	2.293105362032779315e-01	1.435319836245785019e-01	2.665537781937543094e-01	1.654769467397727567e-01	7.818897353666903749e-02	3.262561619441150390e-02	8.431216550748105165e-02
1.378764510891755890e+03	2.287715572452237167e-01	1.431661267666960446e-01	2.669116288663007652e-01	1.657146481802936611e-01	7.828914958052481110e-02	3.268652552576704201e-02	8.446036383513901014e-02
1.383602281105411066e+03	2.282356077723944332e-01	1.428023268449674088e-01	2.672673518940516524e-01	1.659509933855113917e-01	7.838878670530168014e-02	3.274718627527346826e-02	8.460774712244509277e-02
1.388440051319066470e+03	2.277026707286171070e-01	1.424405722754577275e-01	2.676209600580167214e-01	1.661859900895409914e-01	7.848788775370582615e-02	3.280759936141550148e-02	8.475431973319118295e-02
1.393277821532721646e+03	2.271727291539339111e-01	1.420808515395873273e-01	2.679724660610663944e-01	1.664196459818319540e-01	7.858645555399862426e-02	3.286776569980207757e-02	8.490008600972481778e-02
1.398115591746377049e+03	2.266457661840567961e-01	1.417231531837629122e-01	2.683218825284147679e-01	1.666519687074536071e-01	7.868449292006846063e-02	3.292768620317319817e-02	8.504505027301534348e-02
1.402953361960032225e+03	2.261217650498256182e-01	1.413674658190102740e-01	2.686692220081013383e-01	1.668829658673778304e-01	7.878200265150234194e-02	3.298736178140672382e-02	8.518921682272097284e-02
1.407791132173687402e+03	2.256007090766692647e-01	1.410137781206093621e-01	2.690144969714690082e-01	1.671126450187587209e-01	7.887898753365675530e-02	3.304679334152517411e-02	8.533258993725668928e-02
1.412628902387342805e+03	2.250825816840700266e-01	1.406620788277313516e-01	2.693577198136400952e-01	1.673410136752098987e-01	7.897545033772815359e-02	3.310598178770254862e-02	8.547517387386295573e-02
1.417466672600997981e+03	2.245673663850310253e-01	1.403123567430775154e-01	2.696989028539887312e-01	1.675680793070787600e-01	7.907139382082287171e-02	3.316492802127107842e-02	8.561697286867507584e-02
1.422304442814653157e+03	2.240550467855466077e-01	1.399646007325204000e-01	2.700380583366114862e-01	1.677938493417184262e-01	7.916682072602662656e-02	3.322363294072804007e-02	8.575799113679336005e-02
1.427142213028308333e+03	2.235456065840761564e-01	1.396187997247468615e-01	2.703751984307948275e-01	1.680183311637570565e-01	7.926173378247348966e-02	3.328209744174252804e-02	8.589823287235401339e-02
1.431979983241963964e+03	2.230390295710204529e-01	1.392749427109029881e-01	2.707103352314798039e-01	1.682415321153645782e-01	7.935613570541442952e-02	3.334032241716217149e-02	8.603770224860050886e-02
1.436817753455619140e+03	2.225352996282015106e-01	1.389330187442412434e-01	2.710434807597240092e-01	1.684634594965170873e-01	7.945002919628538218e-02	3.339830875701992052e-02	8.617640341795575198e-02
1.441655523669274316e+03	2.220344007283450716e-01	1.385930169397694145e-01	2.713746469631611591e-01	1.686841205652587494e-01	7.954341694277496100e-02	3.345605734854078389e-02	8.631434051209473102e-02
1.446493293882929493e+03	2.215363169345663796e-01	1.382549264739015293e-01	2.717038457164577259e-01	1.689035225379613425e-01	7.963630161889159731e-02	3.351356907614851804e-02	8.645151764201773614e-02
1.451331064096585123e+03	2.210410323998586446e-01	1.379187365841109125e-01	2.720310888217668532e-01	1.691216725895815787e-01	7.972868588503034815e-02	3.357084482147240645e-02	8.658793889812411992e-02
1.456168834310240300e+03	2.205485313665845881e-01	1.375844365685849058e-01	2.723563880091795508e-01	1.693385778539160391e-01	7.982057238803927368e-02	3.362788546335389317e-02	8.672360835028655734e-02
1.461006604523895703e+03	2.200587981659709313e-01	1.372520157858818091e-01	2.726797549371736684e-01	1.695542454238538610e-01	7.991196376128537060e-02	3.368469187785335522e-02	8.685853004792573606e-02
1.465844374737550879e+03	2.195718172176056304e-01	1.369214636545895980e-01	2.730012011930595395e-01	1.697686823516274535e-01	8.000286262472015852e-02	3.374126493825672229e-02	8.699270802008560177e-02
1.470682144951206283e+03	2.190875730289383039e-01	1.365927696529865287e-01	2.733207382934232377e-01	1.699818956490607991e-01	8.009327158494482235e-02	3.379760551508217969e-02	8.712614627550883950e-02
1.475519915164861459e+03	2.186060501947831303e-01	1.362659233187037411e-01	2.736383776845673910e-01	1.701938922878157290e-01	8.018319323527500764e-02	3.385371447608682277e-02	8.725884880271292388e-02
1.480357685378516862e+03	2.181272333968248545e-01	1.359409142483898048e-01	2.739541307429488870e-01	1.704046791996361720e-01	8.027263015580519967e-02	3.390959268627329742e-02	8.739081957006644696e-02
1.485195455592172038e+03	2.176511074031275417e-01	1.356177320973770417e-01	2.742680087756146912e-01	1.706142632765904055e-01	8.036158491347276944e-02	3.396524100789646144e-02	8.752206252586580693e-02
1.490033225805827215e+03	2.171776570676462181e-01	1.352963665793497083e-01	2.745800230206338344e-01	1.708226513713110850e-01	8.045006006212163108e-02	3.402066030046996953e-02	8.765258159841221586e-02
1.494870996019482618e+03	2.167068673297411485e-01	1.349768074660143147e-01	2.748901846475281796e-01	1.710298502972335544e-01	8.053805814256548290e-02	3.407585142077291379e-02	8.778238069608906846e-02
1.499708766233137567e+03	2.162387232136950277e-01	1.346590445867713870e-01	2.751985047576994137e-01	1.712358668288320729e-01	8.062558168265082648e-02	3.413081522285642266e-02	8.791146370743947724e-02
1.504546536446793198e+03	2.157732098282329203e-01	1.343430678283895618e-01	2.755049943848540406e-01	1.714407077018541559e-01	8.071263319731951380e-02	3.418555255805024590e-02	8.803983450124419630e-02
1.509384306660448374e+03	2.153103123660447260e-01	1.340288671346810123e-01	2.758096644954256549e-01	1.716443796135531663e-01	8.079921518867098917e-02	3.424006427496932570e-02	8.816749692659973936e-02
1.514222076874103550e+03	2.148500161033106703e-01	1.337164325061791781e-01	2.761125259889947170e-01	1.718468892229187417e-01	8.088533014602425353e-02	3.429435121952036786e-02	8.829445481299662279e-02
1.519059847087758726e+03	2.143923063992294875e-01	1.334057539998179942e-01	2.764135896987053864e-01	1.720482431509058885e-01	8.097098054597934302e-02	3.434841423490838513e-02	8.842071197039803876e-02
1.523897617301414357e+03	2.139371686955489626e-01	1.330968217286131461e-01	2.767128663916801901e-01	1.722484479806618285e-01	8.105616885247869663e-02	3.440225416164324063e-02	8.854627218931845900e-02
1.528735387515069533e+03	2.134845885160993884e-01	1.327896258613449620e-01	2.770103667694319705e-01	1.724475102577513463e-01	8.114089751686798246e-02	3.445587183754617033e-02	8.867113924090262722e-02
1.533573157728724709e+03	2.130345514663298800e-01	1.324841566222431377e-01	2.773061014682734471e-01	1.726454364903803607e-01	8.122516897795674373e-02	3.450926809775632653e-02	8.879531687700455145e-02
1.538410927942380113e+03	2.125870432328468562e-01	1.321804042906734034e-01	2.776000810597238910e-01	1.728422331496177189e-01	8.130898566207871159e-02	3.456244377473723095e-02	8.891880883026669069e-02
1.543248698156035516e+03	2.121420495829554331e-01	1.318783592008257177e-01	2.778923160509135237e-01	1.730379066696154933e-01	8.139234998315172942e-02	3.461539969828329733e-02	8.904161881419933589e-02
1.548086468369690692e+03	2.116995563642035394e-01	1.315780117414044603e-01	2.781828168849854732e-01	1.732324634478273062e-01	8.147526434273749674e-02	3.466813669552629845e-02	8.916375052325997697e-02
1.552924238583346096e+03	2.112595495039282789e-01	1.312793523553202613e-01	2.784715939414951213e-01	1.734259098452253511e-01	8.155773113010088282e-02	3.472065559094184017e-02	8.928520763293285034e-02
1.557762008797001272e+03	2.108220150088052636e-01	1.309823715393834409e-01	2.787586575368067310e-01	1.736182521865157202e-01	8.163975272226905999e-02	3.477295720635580761e-02	8.940599379980848638e-02
1.562599779010656675e+03	2.103869389644001386e-01	1.306870598439995590e-01	2.790440179244882968e-01	1.738094967603519558e-01	8.172133148409023440e-02	3.482504236095080447e-02	8.952611266166346504e-02
1.567437549224311852e+03	2.099543075347229948e-01	1.303934078728662960e-01	2.793276852957030654e-01	1.739996498195473251e-01	8.180246976829215477e-02	3.487691187127258535e-02	8.964556783754006053e-02
1.572275319437967255e+03	2.095241069617850005e-01	1.301014062826722495e-01	2.796096697795991126e-01	1.741887175812852906e-01	8.188316991554032975e-02	3.492856655123646042e-02	8.976436292782603854e-02
1.577113089651622431e+03	2.090963235651578100e-01	1.298110457827974518e-01	2.798899814436964228e-01	1.743767062273287316e-01	8.196343425449592601e-02	3.498000721213372077e-02	8.988250151433442581e-02
1.581950859865277607e+03	2.086709437415353308e-01	1.295223171350155522e-01	2.801686302942714146e-01	1.745636219042274451e-01	8.204326510187343047e-02	3.503123466263801528e-02	8.999998716038330737e-02
1.586788630078933011e+03	2.082479539642979882e-01	1.292352111531976377e-01	2.804456262767390795e-01	1.747494707235242584e-01	8.212266476249800717e-02	3.508224970881173438e-02	9.011682341087572101e-02
1.591626400292587959e+03	2.078273407830795450e-01	1.289497187030177738e-01	2.807209792760330669e-01	1.749342587619597544e-01	8.220163552936254892e-02	3.513305315411235918e-02	9.023301379237937125e-02
1.596464170506243590e+03	2.074090908233363340e-01	1.286658307016602110e-01	2.809946991169826047e-01	1.751179920616754149e-01	8.228017968368454838e-02	3.518364579939886605e-02	9.034856181320648216e-02
1.601301940719898766e+03	2.069931907859188236e-01	1.283835381175282842e-01	2.812667955646878104e-01	1.753006766304154029e-01	8.235829949496260849e-02	3.523402844293802016e-02	9.046347096349355299e-02
1.606139710933553943e+03	2.065796274466458748e-01	1.281028319699548668e-01	2.815372783248920596e-01	1.754823184417270698e-01	8.243599722103275851e-02	3.528420188041071770e-02	9.057774471528108606e-02
1.610977481147209119e+03	2.061683876558811357e-01	1.278237033289146840e-01	2.818061570443526342e-01	1.756629234351598234e-01	8.251327510812443700e-02	3.533416690491833489e-02	9.069138652259331468e-02
1.615815251360864750e+03	2.057594583381120446e-01	1.275461433147379309e-01	2.820734413112084282e-01	1.758424975164628867e-01	8.259013539091626666e-02	3.538392430698900082e-02	9.080439982151780609e-02
1.620653021574519926e+03	2.053528264915310542e-01	1.272701430978257775e-01	2.823391406553454330e-01	1.760210465577815575e-01	8.266658029259156548e-02	3.543347487458391870e-02	9.091678803028505063e-02
1.625490791788175102e+03	2.049484791876194367e-01	1.269956938983673733e-01	2.826032645487601691e-01	1.761985763978521635e-01	8.274261202489355260e-02	3.548281939310364563e-02	9.102855454934796753e-02
1.630328562001830505e+03	2.045464035707331985e-01	1.267227869860584610e-01	2.828658224059208415e-01	1.763750928421957131e-01	8.281823278818038758e-02	3.553195864539433757e-02	9.113970276146136917e-02
1.635166332215485909e+03	2.041465868576916032e-01	1.264514136798217392e-01	2.831268235841256087e-01	1.765506016633101860e-01	8.289344477147991830e-02	3.558089341175405679e-02	9.125023603176121711e-02
1.640004102429141085e+03	2.037490163373677499e-01	1.261815653475284738e-01	2.833862773838592974e-01	1.767251086008617689e-01	8.296825015254408187e-02	3.562962446993900301e-02	9.136015770784394752e-02
1.644841872642796488e+03	2.033536793702817869e-01	1.259132334057220248e-01	2.836441930491474528e-01	1.768986193618744263e-01	8.304265109790326393e-02	3.567815259516973064e-02	9.146947111984560230e-02
1.649679642856451665e+03	2.029605633881961524e-01	1.256464093193427611e-01	2.839005797679082232e-01	1.770711396209186383e-01	8.311664976292025553e-02	3.572647856013742157e-02	9.157817958052082152e-02
1.654517413070107068e+03	2.025696558937132852e-01	1.253810846014546676e-01	2.841554466723019701e-01	1.772426750202985013e-01	8.319024829184394620e-02	3.577460313501006073e-02	9.168628638532182185e-02
1.659355183283762244e+03	2.021809444598754446e-01	1.251172508129733130e-01	2.844088028390788225e-01	1.774132311702378839e-01	8.326344881786296170e-02	3.582252708743866726e-02	9.179379481247715300e-02
1.664192953497417420e+03	2.017944167297670566e-01	1.248548995623954966e-01	2.846606572899236798e-01	1.775828136490653353e-01	8.333625346315884364e-02	3.587025118256347012e-02	9.190070812307038484e-02
1.669030723711072824e+03	2.014100604161190855e-01	1.245940225055303802e-01	2.849110189917993252e-01	1.777514280033975769e-01	8.340866433895913201e-02	3.591777618302011144e-02	9.200702956111862785e-02
1.673868493924728000e+03	2.010278633009157101e-01	1.243346113452322432e-01	2.851598968572873205e-01	1.779190797483220787e-01	8.348068354559017024e-02	3.596510284894580828e-02	9.211276235365094267e-02
1.678706264138383403e+03	2.006478132350032750e-01	1.240766578311345708e-01	2.854072997449263460e-01	1.780857743675783311e-01	8.355231317252967416e-02	3.601223193798551436e-02	9.221790971078658306e-02
1.683544034352038352e+03	2.002698981377014076e-01	1.238201537593858204e-01	2.856532364595490425e-01	1.782515173137378395e-01	8.362355529845906521e-02	3.605916420529807487e-02	9.232247482581305842e-02
1.688381804565693983e+03	1.998941059964164102e-01	1.235650909723865487e-01	2.858977157526160218e-01	1.784163140083832866e-01	8.369441199131556763e-02	3.610590040356236041e-02	9.242646087526411314e-02
1.693219574779349159e+03	1.995204248662567348e-01	1.233114613585281488e-01	2.861407463225482117e-01	1.785801698422861961e-01	8.376488530834412527e-02	3.615244128298340798e-02	9.252987101899749767e-02
1.698057344993004335e+03	1.991488428696506496e-01	1.230592568519330021e-01	2.863823368150568704e-01	1.787430901755837076e-01	8.383497729614905469e-02	3.619878759129854101e-02	9.263270840027254538e-02
1.702895115206659511e+03	1.987793481959662101e-01	1.228084694321961157e-01	2.866224958234714904e-01	1.789050803379541033e-01	8.390468999074540690e-02	3.624494007378345484e-02	9.273497614582761062e-02
1.707732885420315142e+03	1.984119291011331720e-01	1.225590911241282027e-01	2.868612318890657598e-01	1.790661456287912789e-01	8.397402541761024575e-02	3.629089947325835064e-02	9.283667736595732634e-02
1.712570655633970318e+03	1.980465739072673481e-01	1.223111139975003175e-01	2.870985535013810819e-01	1.792262913173782168e-01	8.404298559173360716e-02	3.633666653009398617e-02	9.293781515458972298e-02
1.717408425847625494e+03	1.976832710022966844e-01	1.220645301667897253e-01	2.873344690985486505e-01	1.793855226430591532e-01	8.411157251766922249e-02	3.638224198221780281e-02	9.303839258936305590e-02
1.722246196061280898e+03	1.973220088395897243e-01	1.218193317909275070e-01	2.875689870676085280e-01	1.795438448154108857e-01	8.417978818958511689e-02	3.642762656511995545e-02	9.313841273170253565e-02
1.727083966274936301e+03	1.969627759375862097e-01	1.215755110730473015e-01	2.878021157448277800e-01	1.797012630144128598e-01	8.424763459131387466e-02	3.647282101185937014e-02	9.323787862689685013e-02
1.731921736488591478e+03	1.966055608794296528e-01	1.213330602602357006e-01	2.880338634160155564e-01	1.798577823906163387e-01	8.431511369640276587e-02	3.651782605306980872e-02	9.333679330417440911e-02
1.736759506702246881e+03	1.962503523126019611e-01	1.210919716432838911e-01	2.882642383168368405e-01	1.800134080653124080e-01	8.438222746816365083e-02	3.656264241696590561e-02	9.343515977677956108e-02
1.741597276915902057e+03	1.958971389485602843e-01	1.208522375564408807e-01	2.884932486331239776e-01	1.801681451306989812e-01	8.444897785972259319e-02	3.660727082934921162e-02	9.353298104204837982e-02
1.746435047129557461e+03	1.955459095623756915e-01	1.206138503771679166e-01	2.887209025011858721e-01	1.803219986500468608e-01	8.451536681406934814e-02	3.665171201361416137e-02	9.363026008148443713e-02
1.751272817343212637e+03	1.951966529923741533e-01	1.203768025258944441e-01	2.889472080081159078e-01	1.804749736578646901e-01	8.458139626410664247e-02	3.669596669075413792e-02	9.372699986083425638e-02
1.756110587556867813e+03	1.948493581397794383e-01	1.201410864657754263e-01	2.891721731920973149e-01	1.806270751600628777e-01	8.464706813269913532e-02	3.674003557936744019e-02	9.382320333016259950e-02
1.760948357770523216e+03	1.945040139683578417e-01	1.199066947024499535e-01	2.893958060427066492e-01	1.807783081341166609e-01	8.471238433272228197e-02	3.678391939566329899e-02	9.391887342392751803e-02
1.765786127984178393e+03	1.941606095040653568e-01	1.196736197838013660e-01	2.896181145012155511e-01	1.809286775292279492e-01	8.477734676711091988e-02	3.682761885346784447e-02	9.401401306105518219e-02
1.770623898197833569e+03	1.938191338346963721e-01	1.194418542997185834e-01	2.898391064608903944e-01	1.810781882664865283e-01	8.484195732890768837e-02	3.687113466423005970e-02	9.410862514501450171e-02
1.775461668411488745e+03	1.934795761095347288e-01	1.192113908818588641e-01	2.900587897672901594e-01	1.812268452390299045e-01	8.490621790131119839e-02	3.691446753702777583e-02	9.420271256389146919e-02
1.780299438625144376e+03	1.931419255390065814e-01	1.189822222034119387e-01	2.902771722185620851e-01	1.813746533122024551e-01	8.497013035772403577e-02	3.695761817857359799e-02	9.429627819046337844e-02
1.785137208838799552e+03	1.928061713943351185e-01	1.187543409788654192e-01	2.904942615657358784e-01	1.815216173237135522e-01	8.503369656180055636e-02	3.700058729322087264e-02	9.438932488227272377e-02
1.789974979052454728e+03	1.924723030071974483e-01	1.185277399637715695e-01	2.907100655130154254e-01	1.816677420837947421e-01	8.509691836749441740e-02	3.704337558296959959e-02	9.448185548170089099e-02
1.794812749266109904e+03	1.921403097693833717e-01	1.183024119545153657e-01	2.909245917180695029e-01	1.818130323753558153e-01	8.515979761910597023e-02	3.708598374747239246e-02	9.457387281604165419e-02
1.799650519479765535e+03	1.918101811324560702e-01	1.180783497880839444e-01	2.911378477923196595e-01	1.819574929541403208e-01	8.522233615132943085e-02	3.712841248404034206e-02	9.466537969757436721e-02
1.804488289693420711e+03	1.914819066074145426e-01	1.178555463418372029e-01	2.913498413012268751e-01	1.821011285488797204e-01	8.528453578929985623e-02	3.717066248764899078e-02	9.475637892363696080e-02
1.809326059907075887e+03	1.911554757643583180e-01	1.176339945332799120e-01	2.915605797645762221e-01	1.822439438614470164e-01	8.534639834863985697e-02	3.721273445094416821e-02	9.484687327669866219e-02
1.814163830120731291e+03	1.908308782321536390e-01	1.174136873198349390e-01	2.917700706567596947e-01	1.823859435670091289e-01	8.540792563550625438e-02	3.725462906424793080e-02	9.493686552443254822e-02
1.819001600334386467e+03	1.905081036981019493e-01	1.171946176986178728e-01	2.919783214070572064e-01	1.825271323141786084e-01	8.546911944663634908e-02	3.729634701556440446e-02	9.502635841978779307e-02
1.823839370548041643e+03	1.901871419076098801e-01	1.169767787062128139e-01	2.921853393999155890e-01	1.826675147251643760e-01	8.552998156939409236e-02	3.733788899058569644e-02	9.511535470106168011e-02
1.828677140761696819e+03	1.898679826638614843e-01	1.167601634184495529e-01	2.923911319752263704e-01	1.828070953959215206e-01	8.559051378181614655e-02	3.737925567269773097e-02	9.520385709197132229e-02
1.833514910975352450e+03	1.895506158274918862e-01	1.165447649501819283e-01	2.925957064286011655e-01	1.829458788963003457e-01	8.565071785265754301e-02	3.742044774298610571e-02	9.529186830172522993e-02
1.838352681189008081e+03	1.892350313162631803e-01	1.163305764550674748e-01	2.927990700116453460e-01	1.830838697701942797e-01	8.571059554143732606e-02	3.746146588024196894e-02	9.537939102509460088e-02
1.843190451402663257e+03	1.889212191047419109e-01	1.161175911253483073e-01	2.930012299322306557e-01	1.832210725356873127e-01	8.577014859848389183e-02	3.750231076096783439e-02	9.546642794248430541e-02
1.848028221616318433e+03	1.886091692239785234e-01	1.159058021916332809e-01	2.932021933547649950e-01	1.833574916852002135e-01	8.582937876498018814e-02	3.754298305938341684e-02	9.555298172000363521e-02
1.852865991829973609e+03	1.882988717611885354e-01	1.156952029226812756e-01	2.934019674004613720e-01	1.834931316856360795e-01	8.588828777300867856e-02	3.758348344743144692e-02	9.563905500953683025e-02
1.857703762043628785e+03	1.879903168594355412e-01	1.154857866251858683e-01	2.936005591476049115e-01	1.836279969785249155e-01	8.594687734559615377e-02	3.762381259478350670e-02	9.572465044881335594e-02
1.862541532257283961e+03	1.876834947173159629e-01	1.152775466435610879e-01	2.937979756318175872e-01	1.837620919801675190e-01	8.600514919675834868e-02	3.766397116884581675e-02	9.580977066147787491e-02
1.867379302470939592e+03	1.873783955886457742e-01	1.150704763597284602e-01	2.939942238463221225e-01	1.838954210817784485e-01	8.606310503154432356e-02	3.770395983476503704e-02	9.589441825715999679e-02
1.872217072684594768e+03	1.870750097821487212e-01	1.148645691929052332e-01	2.941893107422036135e-01	1.840279886496280215e-01	8.612074654608069257e-02	3.774377925543406787e-02	9.597859583154377816e-02
1.877054842898249490e+03	1.867733276611464321e-01	1.146598185993938090e-01	2.943832432286695999e-01	1.841597990251838124e-01	8.617807542761563022e-02	3.778343009149782994e-02	9.606230596643694497e-02
1.881892613111905121e+03	1.864733396432503854e-01	1.144562180723723288e-01	2.945760281733086905e-01	1.842908565252509845e-01	8.623509335456275293e-02	3.782291300135903062e-02	9.614555122983985125e-02
1.886730383325560297e+03	1.861750362000555159e-01	1.142537611416865190e-01	2.947676724023470807e-01	1.844211654421120672e-01	8.629180199654473693e-02	3.786222864118392317e-02	9.622833417601416028e-02
1.891568153539215928e+03	1.858784078568354314e-01	1.140524413736426351e-01	2.949581827009040147e-01	1.845507300436657339e-01	8.634820301443674184e-02	3.790137766490808691e-02	9.631065734555131763e-02
1.896405923752871104e+03	1.855834451922396267e-01	1.138522523708016543e-01	2.951475658132450275e-01	1.846795545735649413e-01	8.640429806040975103e-02	3.794036072424217254e-02	9.639252326544078819e-02
1.901243693966526507e+03	1.852901388379921410e-01	1.136531877717745775e-01	2.953358284430339653e-01	1.848076432513541534e-01	8.646008877797359271e-02	3.797917846867760600e-02	9.647393444913787697e-02
1.906081464180181683e+03	1.849984794785922149e-01	1.134552412510188707e-01	2.955229772535832855e-01	1.849350002726058428e-01	8.651557680201989176e-02	3.801783154549238930e-02	9.655489339663143877e-02
1.910919234393836859e+03	1.847084578510163055e-01	1.132584065186361677e-01	2.957090188681025800e-01	1.850616298090561329e-01	8.657076375886474384e-02	3.805632059975678355e-02	9.663540259451126879e-02
1.915757004607492036e+03	1.844200647444219632e-01	1.130626773201709734e-01	2.958939598699458218e-01	1.851875360087397449e-01	8.662565126629120926e-02	3.809464627433903350e-02	9.671546451603524330e-02
1.920594774821147894e+03	1.841332909998535661e-01	1.128680474364106429e-01	2.960778068028567245e-01	1.853127229961240574e-01	8.668024093359175120e-02	3.813280920991108519e-02	9.679508162119615511e-02
1.925432545034802843e+03	1.838481275099492496e-01	1.126745106831863602e-01	2.962605661712128802e-01	1.854371948722426111e-01	8.673453436161029928e-02	3.817081004495428281e-02	9.687425635678835467e-02
1.930270315248458019e+03	1.835645652186499166e-01	1.124820609111753522e-01	2.964422444402678436e-01	1.855609557148275579e-01	8.678853314278424380e-02	3.820864941576508633e-02	9.695299115647404431e-02
1.935108085462113195e+03	1.832825951209097193e-01	1.122906920057041985e-01	2.966228480363921616e-01	1.856840095784415556e-01	8.684223886118626334e-02	3.824632795646072669e-02	9.703128844084940585e-02
1.939945855675768371e+03	1.830022082624082336e-01	1.121003978865531964e-01	2.968023833473125705e-01	1.858063604946088854e-01	8.689565309256586101e-02	3.828384629898490960e-02	9.710915061751035360e-02
1.944783625889424002e+03	1.827233957392641328e-01	1.119111725077618913e-01	2.969808567223498064e-01	1.859280124719456251e-01	8.694877740439087288e-02	3.832120507311349150e-02	9.718658008111810687e-02
1.949621396103079178e+03	1.824461486977507763e-01	1.117230098574356761e-01	2.971582744726548042e-01	1.860489694962894902e-01	8.700161335588864342e-02	3.835840490646012790e-02	9.726357921346441560e-02
1.954459166316734354e+03	1.821704583340129635e-01	1.115359039575534728e-01	2.973346428714433443e-01	1.861692355308284530e-01	8.705416249808708984e-02	3.839544642448195627e-02	9.734015038353666105e-02
1.959296936530389530e+03	1.818963158937856039e-01	1.113498488637766487e-01	2.975099681542293650e-01	1.862888145162289455e-01	8.710642637385565545e-02	3.843233025048521656e-02	9.741629594758247079e-02
1.964134706744044706e+03	1.816237126721140793e-01	1.111648386652587667e-01	2.976842565190566670e-01	1.864077103707632022e-01	8.715840651794592997e-02	3.846905700563092029e-02	9.749201824917431980e-02
1.968972476957700337e+03	1.813526400130757998e-01	1.109808674844565413e-01	2.978575141267291726e-01	1.865259269904359918e-01	8.721010445703224201e-02	3.850562730894047797e-02	9.756731961927365970e-02
1.973810247171355968e+03	1.810830893095036476e-01	1.107979294769419615e-01	2.980297471010397437e-01	1.866434682491103780e-01	8.726152170975196021e-02	3.854204177730132658e-02	9.764220237629489541e-02
1.978648017385010689e+03	1.808150520027108354e-01	1.106160188312152598e-01	2.982009615289973881e-01	1.867603379986331191e-01	8.731265978674568329e-02	3.857830102547256390e-02	9.771666882616904248e-02
1.983485787598666320e+03	1.805485195822174871e-01	1.104351297685191441e-01	2.983711634610533014e-01	1.868765400689590683e-01	8.736352019069722197e-02	3.861440566609054131e-02	9.779072126240713481e-02
1.988323557812321269e+03	1.802834835854784934e-01	1.102552565426539455e-01	2.985403589113251877e-01	1.869920782682750193e-01	8.741410441637340045e-02	3.865035630967447733e-02	9.786436196616338234e-02
1.993161328025976900e+03	1.800199355976131732e-01	1.100763934397938765e-01	2.987085538578203581e-01	1.871069563831226912e-01	8.746441395066373303e-02	3.868615356463207811e-02	9.793759320629806531e-02
1.997999098239632076e+03	1.797578672511362941e-01	1.098985347783042882e-01	2.988757542426571101e-01	1.872211781785212137e-01	8.751445027261989251e-02	3.872179803726510244e-02	9.801041723944006745e-02
2.002836868453287707e+03	1.794972702256907582e-01	1.097216749085600102e-01	2.990419659722851065e-01	1.873347473980888356e-01	8.756421485349494271e-02	3.875729033177496147e-02	9.808283631004932612e-02
2.007674638666942428e+03	1.792381362477815099e-01	1.095458082127647031e-01	2.992071949177042001e-01	1.874476677641638556e-01	8.761370915678248772e-02	3.879263105026829750e-02	9.815485265047885211e-02
2.012512408880597604e+03	1.789804570905114134e-01	1.093709291047711973e-01	2.993714469146815382e-01	1.875599429779249705e-01	8.766293463825565457e-02	3.882782079276254905e-02	9.822646848103654127e-02
2.017350179094252780e+03	1.787242245733181023e-01	1.091970320299028435e-01	2.995347277639679451e-01	1.876715767195109297e-01	8.771189274600578456e-02	3.886286015719151582e-02	9.829768601004675033e-02
2.022187949307908411e+03	1.784694305617128274e-01	1.090241114647759746e-01	2.996970432315120281e-01	1.877825726481394675e-01	8.776058492048108284e-02	3.889774973941092368e-02	9.836850743391153951e-02
2.027025719521564042e+03	1.782160669670203035e-01	1.088521619171232691e-01	2.998583990486738404e-01	1.878929344022256809e-01	8.780901259452503216e-02	3.893249013320395496e-02	9.843893493717174870e-02
2.031863489735218764e+03	1.779641257461203885e-01	1.086811779256180999e-01	3.000188009124367672e-01	1.880026655994994356e-01	8.785717719341464005e-02	3.896708193028680656e-02	9.850897069256768501e-02
2.036701259948874394e+03	1.777135989011910666e-01	1.085111540597000074e-01	3.001782544856177459e-01	1.881117698371225500e-01	8.790508013489850558e-02	3.900152572031422016e-02	9.857861686109968546e-02
2.041539030162529116e+03	1.774644784794528474e-01	1.083420849194009772e-01	3.003367653970769879e-01	1.882202506918049800e-01	8.795272282923478901e-02	3.903582209088501259e-02	9.864787559208829104e-02
2.046376800376184747e+03	1.772167565729146632e-01	1.081739651351728976e-01	3.004943392419252568e-01	1.883281117199204213e-01	8.800010667922886221e-02	3.906997162754759917e-02	9.871674902323419876e-02
2.051214570589840150e+03	1.769704253181212661e-01	1.080067893677157942e-01	3.006509815817309805e-01	1.884353564576213003e-01	8.804723308027095907e-02	3.910397491380549623e-02	9.878523928067800552e-02
2.056052340803495554e+03	1.767254768959019839e-01	1.078405523078072303e-01	3.008066979447253098e-01	1.885419884209532659e-01	8.809410342037357622e-02	3.913783253112283755e-02	9.885334847905964673e-02
2.060890111017150957e+03	1.764819035311208650e-01	1.076752486761324706e-01	3.009614938260058437e-01	1.886480111059685993e-01	8.814071908020863766e-02	3.917154505892986999e-02	9.892107872157752946e-02
2.065727881230805451e+03	1.762396974924283488e-01	1.075108732231158243e-01	3.011153746877396342e-01	1.887534279888394284e-01	8.818708143314465953e-02	3.920511307462843514e-02	9.898843210004745763e-02
2.070565651444461309e+03	1.759988510920140747e-01	1.073474207287527377e-01	3.012683459593643587e-01	1.888582425259701658e-01	8.823319184528358172e-02	3.923853715359748584e-02	9.905541069496129336e-02
2.075403421658116713e+03	1.757593566853615230e-01	1.071848860024429834e-01	3.014204130377886037e-01	1.889624581541091697e-01	8.827905167549757182e-02	3.927181786919854006e-02	9.912201657554536860e-02
2.080241191871772116e+03	1.755212066710036267e-01	1.070232638828246957e-01	3.015715812875903179e-01	1.890660782904599324e-01	8.832466227546548199e-02	3.930495579278114882e-02	9.918825179981856366e-02
2.085078962085427065e+03	1.752843934902800493e-01	1.068625492376094333e-01	3.017218560412147088e-01	1.891691063327915756e-01	8.837002498970936148e-02	3.933795149368835703e-02	9.925411841465021923e-02
2.089916732299082469e+03	1.750489096270956002e-01	1.067027369634180878e-01	3.018712425991705861e-01	1.892715456595488455e-01	8.841514115563066378e-02	3.937080553926219223e-02	9.931961845581774306e-02
2.094754502512737417e+03	1.748147476076802320e-01	1.065438219856177510e-01	3.020197462302252056e-01	1.893733996299612199e-01	8.846001210354628719e-02	3.940351849484907687e-02	9.938475394806391139e-02
2.099592272726392821e+03	1.745819000003502874e-01	1.063857992581595524e-01	3.021673721715982253e-01	1.894746715841516549e-01	8.850463915672455995e-02	3.943609092380529618e-02	9.944952690515405924e-02
2.104430042940048224e+03	1.743503594152710501e-01	1.062286637634173303e-01	3.023141256291544399e-01	1.895753648432446925e-01	8.854902363142090616e-02	3.946852338750242439e-02	9.951393932993279901e-02
2.109267813153704083e+03	1.741201185042207944e-01	1.060724105120273292e-01	3.024600117775948505e-01	1.896754827094737639e-01	8.859316683691348393e-02	3.950081644533275788e-02	9.957799321438068341e-02
2.114105583367359031e+03	1.738911699603558902e-01	1.059170345427286608e-01	3.026050357606471786e-01	1.897750284662881315e-01	8.863707007553858763e-02	3.953297065471471361e-02	9.964169053967050771e-02
2.118943353581013525e+03	1.736635065179776560e-01	1.057625309222047505e-01	3.027492026912546597e-01	1.898740053784590820e-01	8.868073464272593909e-02	3.956498657109828315e-02	9.970503327622336209e-02
2.123781123794669384e+03	1.734371209523000168e-01	1.056088947449257270e-01	3.028925176517639484e-01	1.899724166921855084e-01	8.872416182703371512e-02	3.959686474797041028e-02	9.976802338376440649e-02
2.128618894008324787e+03	1.732120060792190219e-01	1.054561211329915482e-01	3.030349856941116360e-01	1.900702656351990760e-01	8.876735291018361673e-02	3.962860573686038945e-02	9.983066281137852049e-02
2.133456664221980191e+03	1.729881547550831677e-01	1.053042052359762226e-01	3.031766118400096022e-01	1.901675554168685278e-01	8.881030916709550804e-02	3.966021008734529202e-02	9.989295349756549536e-02
2.138294434435635139e+03	1.727655598764653300e-01	1.051531422307727115e-01	3.033174010811294785e-01	1.902642892283036569e-01	8.885303186592215241e-02	3.969167834705530917e-02	9.995489737029515653e-02
2.143132204649290543e+03	1.725442143799358896e-01	1.050029273214388575e-01	3.034573583792855578e-01	1.903604702424585848e-01	8.889552226808361546e-02	3.972301106167917123e-02	1.000164963470621116e-01
2.147969974862945492e+03	1.723241112418371357e-01	1.048535557390440909e-01	3.035964886666169260e-01	1.904561016142343188e-01	8.893778162830157097e-02	3.975420877496946975e-02	1.000777523349403036e-01
2.152807745076601350e+03	1.721052434780590001e-01	1.047050227415170093e-01	3.037347968457679848e-01	1.905511864805810307e-01	8.897981119463342636e-02	3.978527202874808377e-02	1.001386672306373155e-01
2.157645515290255844e+03	1.718876041438158753e-01	1.045573236134939021e-01	3.038722877900682517e-01	1.906457279605995592e-01	8.902161220850640655e-02	3.981620136291148804e-02	1.001992429205483814e-01
2.162483285503912157e+03	1.716711863334250132e-01	1.044104536661680516e-01	3.040089663437108847e-01	1.907397291556423014e-01	8.906318590475130470e-02	3.984699731543612372e-02	1.002594812808101921e-01
2.167321055717567106e+03	1.714559831800858136e-01	1.042644082371399356e-01	3.041448373219299839e-01	1.908331931494137712e-01	8.910453351163614977e-02	3.987766042238373443e-02	1.003193841773544343e-01
2.172158825931222509e+03	1.712419878556606379e-01	1.041191826902681528e-01	3.042799055111770623e-01	1.909261230080703253e-01	8.914565625089980461e-02	3.990819121790671609e-02	1.003789534659610405e-01
2.176996596144877003e+03	1.710291935704568167e-01	1.039747724155214159e-01	3.044141756692960166e-01	1.910185217803195001e-01	8.918655533778525879e-02	3.993859023425343907e-02	1.004381909923112715e-01
2.181834366358532861e+03	1.708175935730097128e-01	1.038311728288311697e-01	3.045476525256972100e-01	1.911103924975187385e-01	8.922723198107285203e-02	3.996885800177354953e-02	1.004970985920404930e-01
2.186672136572187810e+03	1.706071811498671431e-01	1.036883793719451385e-01	3.046803407815305009e-01	1.912017381737734778e-01	8.926768738311337270e-02	3.999899504892332619e-02	1.005556780907907177e-01
2.191509906785843214e+03	1.703979496253751336e-01	1.035463875122817207e-01	3.048122451098571606e-01	1.912925618060349331e-01	8.930792273986092045e-02	4.002900190227094007e-02	1.006139313042628963e-01
2.196347676999498617e+03	1.701898923614645898e-01	1.034051927427851597e-01	3.049433701558204590e-01	1.913828663741970193e-01	8.934793924090568551e-02	4.005887908650178353e-02	1.006718600382689871e-01
2.201185447213154021e+03	1.699830027574394664e-01	1.032647905817815071e-01	3.050737205368157512e-01	1.914726548411929130e-01	8.938773806950651990e-02	4.008862712442377157e-02	1.007294660887837479e-01
2.206023217426809424e+03	1.697772742497659360e-01	1.031251765728355418e-01	3.052033008426588423e-01	1.915619301530911145e-01	8.942732040262341142e-02	4.011824653697260157e-02	1.007867512419962919e-01
2.210860987640464373e+03	1.695727003118628062e-01	1.029863462846082600e-01	3.053321156357536315e-01	1.916506952391908436e-01	8.946668741094976340e-02	4.014773784321705452e-02	1.008437172743614357e-01
2.215698757854119776e+03	1.693692744538932149e-01	1.028482953107154318e-01	3.054601694512587007e-01	1.917389530121168806e-01	8.950584025894454954e-02	4.017710156036423397e-02	1.009003659526507557e-01
2.220536528067775180e+03	1.691669902225574063e-01	1.027110192695867424e-01	3.055874667972529046e-01	1.918267063679140461e-01	8.954478010486430217e-02	4.020633820376488116e-02	1.009566990340034220e-01
2.225374298281430583e+03	1.689658412008866184e-01	1.025745138043259314e-01	3.057140121548997946e-01	1.919139581861410426e-01	8.958350810079493409e-02	4.023544828691858616e-02	1.010127182659768252e-01
2.230212068495085077e+03	1.687658210080383026e-01	1.024387745825714457e-01	3.058398099786108215e-01	1.920007113299637136e-01	8.962202539268350476e-02	4.026443232147904755e-02	1.010684253865968690e-01
2.235049838708740936e+03	1.685669232990923694e-01	1.023037972963582315e-01	3.059648646962081497e-01	1.920869686462478576e-01	8.966033312036968128e-02	4.029329081725933903e-02	1.011238221244081248e-01
2.239887608922396339e+03	1.683691417648485733e-01	1.021695776619799545e-01	3.060891807090855288e-01	1.921727329656515715e-01	8.969843241761721320e-02	4.032202428223712054e-02	1.011789101985237360e-01
2.244725379136052197e+03	1.681724701316251180e-01	1.020361114198523322e-01	3.062127623923693864e-01	1.922580071027169546e-01	8.973632441214510203e-02	4.035063322255987017e-02	1.012336913186749621e-01
2.249563149349706237e+03	1.679769021610584834e-01	1.019033943343768955e-01	3.063356140950774797e-01	1.923427938559612582e-01	8.977401022565879851e-02	4.037911814255010223e-02	1.012881671852606941e-01
2.254400919563362095e+03	1.677824316499041679e-01	1.017714221938058466e-01	3.064577401402776569e-01	1.924270960079678405e-01	8.981149097388110847e-02	4.040747954471057835e-02	1.013423394893964991e-01
2.259238689777017044e+03	1.675890524298385975e-01	1.016401908101074447e-01	3.065791448252452311e-01	1.925109163254761779e-01	8.984876776658295983e-02	4.043571792972953938e-02	1.013962099129636779e-01
2.264076459990672902e+03	1.673967583672623660e-01	1.015096960188322933e-01	3.066998324216193561e-01	1.925942575594717099e-01	8.988584170761421133e-02	4.046383379648586104e-02	1.014497801286578377e-01
