1.001418434226643626e+03	2.820010104961382380e-01	1.786718629999762276e-01	2.328367169074277709e-01	1.416512052211727490e-01	6.845215167734523820e-02	2.704124321691040930e-02	6.934580948097432418e-02
1.002869765290740247e+03	2.817501626929106995e-01	1.785026357709468547e-01	2.330120303257459946e-01	1.417595069392436902e-01	6.849678840951689551e-02	2.706689549055042027e-02	6.941198037103041285e-02
1.004321096354836754e+03	2.814997386525319722e-01	1.783336944284969194e-01	2.331870417719305311e-01	1.418676138534356868e-01	6.854135072553765862e-02	2.709251874555555079e-02	6.947804182245666260e-02
1.005772427418933376e+03	2.812497376567411056e-01	1.781650384895683281e-01	2.333617517583290168e-01	1.419755263370358067e-01	6.858583874948610826e-02	2.711811299847548262e-02	6.954399401030905703e-02
1.007223758483029997e+03	2.810001589885220419e-01	1.779966674719021535e-01	2.335361607964204778e-01	1.420832447625313966e-01	6.863025260522327697e-02	2.714367826590136437e-02	6.960983710944421143e-02
1.008675089547126618e+03	2.807510019321003969e-01	1.778285808940377466e-01	2.337102693968167721e-01	1.421907695016123574e-01	6.867459241639328749e-02	2.716921456446567268e-02	6.967557129451872056e-02
1.010126420611223239e+03	2.805022657729411284e-01	1.776607782753117648e-01	2.338840780692641730e-01	1.422981009251732265e-01	6.871885830642403270e-02	2.719472191084207346e-02	6.974119673998850633e-02
1.011577751675319632e+03	2.802539497977459271e-01	1.774932591358573675e-01	2.340575873226449499e-01	1.424052394033155644e-01	6.876305039852774470e-02	2.722020032174524498e-02	6.980671362010816561e-02
1.013029082739416367e+03	2.800060532944503855e-01	1.773260229966032164e-01	2.342307976649786183e-01	1.425121853053500087e-01	6.880716881570175802e-02	2.724564981393074944e-02	6.987212210893035957e-02
1.014480413803512761e+03	2.797585755522213891e-01	1.771590693792725879e-01	2.344037096034236045e-01	1.426189389997984669e-01	6.885121368072900927e-02	2.727107040419487344e-02	6.993742238030516145e-02
1.015931744867609382e+03	2.795115158614547290e-01	1.769923978063824010e-01	2.345763236442786892e-01	1.427255008543964476e-01	6.889518511617877261e-02	2.729646210937448220e-02	7.000261460787948753e-02
1.017383075931706003e+03	2.792648735137723270e-01	1.768260078012424408e-01	2.347486402929845062e-01	1.428318712360951148e-01	6.893908324440722879e-02	2.732182494634685307e-02	7.006769896509651430e-02
1.018834406995802851e+03	2.790186478020196814e-01	1.766598988879541365e-01	2.349206600541249301e-01	1.429380505110635080e-01	6.898290818755807574e-02	2.734715893202954370e-02	7.013267562519504006e-02
1.020285738059899245e+03	2.787728380202634804e-01	1.764940705914098129e-01	2.350923834314287142e-01	1.430440390446905408e-01	6.902666006756316697e-02	2.737246408338022199e-02	7.019754476120894371e-02
1.021737069123995752e+03	2.785274434637888819e-01	1.763285224372916071e-01	2.352638109277707390e-01	1.431498372015873877e-01	6.907033900614310828e-02	2.739774041739652388e-02	7.026230654596664349e-02
1.023188400188092373e+03	2.782824634290969601e-01	1.761632539520706364e-01	2.354349430451736225e-01	1.432554453455894272e-01	6.911394512480785457e-02	2.742298795111589374e-02	7.032696115209050025e-02
1.024639731252188767e+03	2.780378972139023186e-01	1.759982646630058878e-01	2.356057802848092186e-01	1.433608638397584345e-01	6.915747854485732038e-02	2.744820670161543519e-02	7.039150875199630397e-02
1.026091062316285615e+03	2.777937441171306476e-01	1.758335540981432465e-01	2.357763231469999776e-01	1.434660930463846074e-01	6.920093938738199058e-02	2.747339668601174456e-02	7.045594951789273253e-02
1.027542393380382237e+03	2.775500034389159487e-01	1.756691217863146637e-01	2.359465721312204167e-01	1.435711333269888978e-01	6.924432777326341992e-02	2.749855792146077560e-02	7.052028362178082432e-02
1.028993724444478858e+03	2.773066744805983141e-01	1.755049672571369346e-01	2.361165277360987025e-01	1.436759850423248719e-01	6.928764382317495474e-02	2.752369042515767292e-02	7.058451123545350647e-02
1.030445055508575479e+03	2.770637565447214290e-01	1.753410900410108386e-01	2.362861904594178997e-01	1.437806485523809019e-01	6.933088765758216310e-02	2.754879421433661241e-02	7.064863253049505354e-02
1.031896386572671872e+03	2.768212489350302397e-01	1.751774896691201677e-01	2.364555607981176089e-01	1.438851242163821653e-01	6.937405939674354260e-02	2.757386930627065552e-02	7.071264767828060183e-02
1.033347717636768493e+03	2.765791509564681228e-01	1.750141656734304774e-01	2.366246392482952987e-01	1.439894123927927816e-01	6.941715916071101999e-02	2.759891571827159315e-02	7.077655684997566365e-02
1.034799048700865114e+03	2.763374619151748868e-01	1.748511175866883927e-01	2.367934263052078048e-01	1.440935134393179495e-01	6.946018706933052012e-02	2.762393346768977562e-02	7.084036021653566939e-02
1.036250379764961508e+03	2.760961811184841075e-01	1.746883449424203594e-01	2.369619224632727450e-01	1.441974277129057513e-01	6.950314324224254880e-02	2.764892257191397043e-02	7.090405794870550948e-02
1.037701710829058356e+03	2.758553078749209075e-01	1.745258472749317280e-01	2.371301282160699631e-01	1.443011555697494286e-01	6.954602779888270636e-02	2.767388304837119922e-02	7.096765021701907650e-02
1.039153041893154750e+03	2.756148414941994584e-01	1.743636241193056158e-01	2.372980440563429438e-01	1.444046973652892696e-01	6.958884085848228429e-02	2.769881491452658509e-02	7.103113719179880714e-02
1.040604372957251599e+03	2.753747812872206491e-01	1.742016750114019907e-01	2.374656704760003123e-01	1.445080534542146911e-01	6.963158254006882042e-02	2.772371818788319300e-02	7.109451904315527981e-02
1.042055704021347992e+03	2.751351265660696432e-01	1.740399994878565337e-01	2.376330079661172212e-01	1.446112241904662921e-01	6.967425296246658462e-02	2.774859288598187021e-02	7.115779594098675664e-02
1.043507035085444613e+03	2.748958766440137702e-01	1.738785970860796393e-01	2.378000570169367389e-01	1.447142099272377691e-01	6.971685224429717553e-02	2.777343902640108317e-02	7.122096805497875327e-02
1.044958366149541234e+03	2.746570308354997492e-01	1.737174673442553330e-01	2.379668181178713759e-01	1.448170110169779423e-01	6.975938050398003409e-02	2.779825662675677531e-02	7.128403555460370578e-02
1.046409697213637855e+03	2.744185884561518574e-01	1.735566098013402170e-01	2.381332917575043895e-01	1.449196278113927538e-01	6.980183785973297084e-02	2.782304570470219701e-02	7.134699860912048497e-02
1.047861028277734476e+03	2.741805488227693210e-01	1.733960239970624706e-01	2.382994784235912822e-01	1.450220606614472940e-01	6.984422442957270716e-02	2.784780627792774257e-02	7.140985738757407719e-02
1.049312359341831097e+03	2.739429112533239841e-01	1.732357094719207125e-01	2.384653786030611899e-01	1.451243099173676054e-01	6.988654033131537491e-02	2.787253836416081140e-02	7.147261205879515411e-02
1.050763690405927491e+03	2.737056750669581984e-01	1.730756657671830012e-01	2.386309927820183807e-01	1.452263759286428757e-01	6.992878568257704375e-02	2.789724198116562415e-02	7.153526279139972577e-02
1.052215021470024112e+03	2.734688395839823816e-01	1.729158924248856422e-01	2.387963214457434202e-01	1.453282590440271860e-01	6.997096060077429014e-02	2.792191714674307698e-02	7.159780975378877976e-02
1.053666352534120733e+03	2.732324041258729075e-01	1.727563889878322712e-01	2.389613650786948928e-01	1.454299596115415927e-01	7.001306520312461368e-02	2.794656387873058548e-02	7.166025311414786492e-02
1.055117683598217127e+03	2.729963680152696082e-01	1.725971549995926890e-01	2.391261241645106228e-01	1.455314779784760149e-01	7.005509960664704772e-02	2.797118219500192154e-02	7.172259304044684147e-02
1.056569014662313975e+03	2.727607305759736644e-01	1.724381900045017235e-01	2.392905991860091175e-01	1.456328144913911216e-01	7.009706392816256182e-02	2.799577211346705036e-02	7.178482970043946476e-02
1.058020345726410369e+03	2.725254911329454965e-01	1.722794935476583134e-01	2.394547906251909553e-01	1.457339694961203302e-01	7.013895828429461687e-02	2.802033365207197077e-02	7.184696326166310765e-02
1.059471676790506763e+03	2.722906490123020995e-01	1.721210651749242593e-01	2.396186989632402287e-01	1.458349433377716386e-01	7.018078279146967857e-02	2.804486682879855919e-02	7.190899389143837195e-02
1.060923007854603611e+03	2.720562035413152668e-01	1.719629044329231971e-01	2.397823246805258490e-01	1.459357363607295954e-01	7.022253756591767537e-02	2.806937166166440997e-02	7.197092175686883864e-02
1.062374338918700232e+03	2.718221540484091481e-01	1.718050108690395150e-01	2.399456682566031007e-01	1.460363489086571875e-01	7.026422272367252586e-02	2.809384816872267238e-02	7.203274702484072090e-02
1.063825669982796853e+03	2.715884998631581393e-01	1.716473840314172716e-01	2.401087301702148347e-01	1.461367813244976721e-01	7.030583838057256896e-02	2.811829636806189095e-02	7.209446986202254493e-02
1.065277001046893474e+03	2.713552403162844961e-01	1.714900234689590020e-01	2.402715108992929671e-01	1.462370339504764916e-01	7.034738465226110515e-02	2.814271627780585289e-02	7.215609043486494178e-02
1.066728332110990095e+03	2.711223747396564465e-01	1.713329287313247462e-01	2.404340109209599230e-01	1.463371071281032165e-01	7.038886165418684060e-02	2.816710791611340761e-02	7.221760890960024493e-02
1.068179663175086489e+03	2.708899024662858035e-01	1.711760993689308563e-01	2.405962307115298848e-01	1.464370011981733222e-01	7.043026950160435895e-02	2.819147130117832800e-02	7.227902545224230979e-02
1.069630994239183110e+03	2.706578228303258005e-01	1.710195349329489134e-01	2.407581707465102083e-01	1.465367165007699923e-01	7.047160830957464872e-02	2.821580645122913691e-02	7.234034022858618074e-02
1.071082325303279504e+03	2.704261351670688707e-01	1.708632349753046176e-01	2.409198315006028657e-01	1.466362533752661457e-01	7.051287819296550574e-02	2.824011338452895453e-02	7.240155340420786900e-02
1.072533656367376352e+03	2.701948388129448153e-01	1.707071990486767332e-01	2.410812134477058055e-01	1.467356121603261565e-01	7.055407926645200500e-02	2.826439211937533530e-02	7.246266514446404738e-02
1.073984987431472746e+03	2.699639331055181390e-01	1.705514267064958400e-01	2.412423170609142298e-01	1.468347931939076867e-01	7.059521164451700026e-02	2.828864267410009792e-02	7.252367561449185596e-02
1.075436318495569594e+03	2.697334173834863846e-01	1.703959175029434170e-01	2.414031428125220646e-01	1.469337968132635452e-01	7.063627544145159587e-02	2.831286506706917616e-02	7.258458497920861063e-02
1.076887649559666215e+03	2.695032909866778015e-01	1.702406709929505380e-01	2.415636911740232928e-01	1.470326233549434924e-01	7.067727077135553537e-02	2.833705931668245581e-02	7.264539340331162276e-02
1.078338980623762609e+03	2.692735532560492362e-01	1.700856867321968724e-01	2.417239626161133137e-01	1.471312731547961272e-01	7.071819774813770110e-02	2.836122544137360812e-02	7.270610105127789380e-02
1.079790311687859230e+03	2.690442035336838567e-01	1.699309642771094364e-01	2.418839576086903587e-01	1.472297465479705525e-01	7.075905648551658600e-02	2.838536345960993371e-02	7.276670808736397655e-02
1.081241642751955851e+03	2.688152411627893756e-01	1.697765031848616768e-01	2.420436766208567680e-01	1.473280438689182903e-01	7.079984709702068224e-02	2.840947338989219945e-02	7.282721467560568374e-02
1.082692973816052472e+03	2.685866654876957194e-01	1.696223030133721943e-01	2.422031201209203788e-01	1.474261654513950304e-01	7.084056969598898079e-02	2.843355525075448240e-02	7.288762097981793531e-02
1.084144304880149093e+03	2.683584758538530290e-01	1.694683633213036333e-01	2.423622885763958845e-01	1.475241116284623510e-01	7.088122439557134613e-02	2.845760906076399976e-02	7.294792716359450868e-02
1.085595635944245487e+03	2.681306716078293850e-01	1.693146836680615996e-01	2.425211824540062233e-01	1.476218827324896621e-01	7.092181130872904360e-02	2.848163483852095279e-02	7.300813339030787219e-02
1.087046967008342108e+03	2.679032520973091414e-01	1.691612636137934944e-01	2.426798022196838545e-01	1.477194790951558145e-01	7.096233054823508635e-02	2.850563260265836715e-02	7.306823982310900467e-02
1.088498298072438729e+03	2.676762166710903723e-01	1.690081027193874319e-01	2.428381483385722017e-01	1.478169010474509604e-01	7.100278222667474881e-02	2.852960237184193337e-02	7.312824662492717342e-02
1.089949629136535123e+03	2.674495646790831516e-01	1.688552005464710459e-01	2.429962212750268469e-01	1.479141489196782178e-01	7.104316645644592754e-02	2.855354416476984375e-02	7.318815395846980931e-02
1.091400960200631971e+03	2.672232954723073317e-01	1.687025566574104907e-01	2.431540214926170562e-01	1.480112230414554753e-01	7.108348334975958527e-02	2.857745800017262583e-02	7.324796198622227084e-02
1.092852291264728365e+03	2.669974084028906569e-01	1.685501706153091084e-01	2.433115494541269741e-01	1.481081237417171959e-01	7.112373301864022279e-02	2.860134389681298628e-02	7.330767087044771924e-02
1.094303622328825213e+03	2.667719028240663759e-01	1.683980419840064580e-01	2.434688056215570939e-01	1.482048513487160268e-01	7.116391557492623976e-02	2.862520187348564782e-02	7.336728077318696584e-02
1.095754953392921607e+03	2.665467780901717987e-01	1.682461703280771492e-01	2.436257904561254517e-01	1.483014061900246316e-01	7.120403113027035102e-02	2.864903194901720004e-02	7.342679185625827776e-02
1.097206284457018228e+03	2.663220335566455210e-01	1.680945552128296494e-01	2.437825044182690137e-01	1.483977885925373275e-01	7.124407979614008624e-02	2.867283414226591901e-02	7.348620428125729465e-02
1.098657615521114849e+03	2.660976685800261476e-01	1.679431962043052007e-01	2.439389479676450090e-01	1.484939988824719170e-01	7.128406168381809516e-02	2.869660847212161803e-02	7.354551820955679275e-02
1.100108946585211470e+03	2.658736825179496277e-01	1.677920928692767100e-01	2.440951215631323445e-01	1.485900373853712708e-01	7.132397690440263338e-02	2.872035495750549158e-02	7.360473380230664331e-02
1.101560277649308091e+03	2.656500747291478115e-01	1.676412447752475554e-01	2.442510256628327991e-01	1.486859044261050755e-01	7.136382556880793704e-02	2.874407361736994182e-02	7.366385122043364597e-02
1.103011608713404712e+03	2.654268445734459525e-01	1.674906514904504762e-01	2.444066607240724109e-01	1.487816003288715272e-01	7.140360778776462525e-02	2.876776447069842244e-02	7.372287062464134844e-02
1.104462939777501106e+03	2.652039914117610420e-01	1.673403125838464345e-01	2.445620272034027820e-01	1.488771254171991076e-01	7.144332367182011645e-02	2.879142753650528949e-02	7.378179217541001866e-02
1.105914270841597499e+03	2.649815146060996995e-01	1.671902276251234776e-01	2.447171255566023829e-01	1.489724800139481109e-01	7.148297333133903086e-02	2.881506283383562447e-02	7.384061603299646448e-02
1.107365601905694348e+03	2.647594135195562304e-01	1.670403961846955998e-01	2.448719562386779125e-01	1.490676644413124197e-01	7.152255687650359295e-02	2.883867038176508163e-02	7.389934235743396418e-02
1.108816932969790741e+03	2.645376875163106822e-01	1.668908178337015491e-01	2.450265197038656029e-01	1.491626790208211983e-01	7.156207441731397834e-02	2.886225019939972838e-02	7.395797130853215551e-02
1.110268264033887590e+03	2.643163359616265695e-01	1.667414921440038000e-01	2.451808164056324679e-01	1.492575240733404196e-01	7.160152606358878569e-02	2.888580230587587880e-02	7.401650304587688300e-02
1.111719595097984211e+03	2.640953582218494855e-01	1.665924186881873881e-01	2.453348467966776913e-01	1.493521999190747240e-01	7.164091192496535587e-02	2.890932672035994438e-02	7.407493772883019800e-02
1.113170926162080832e+03	2.638747536644046043e-01	1.664435970395587161e-01	2.454886113289339034e-01	1.494467068775689189e-01	7.168023211090021607e-02	2.893282346204826758e-02	7.413327551653017822e-02
1.114622257226177226e+03	2.636545216577950157e-01	1.662950267721443887e-01	2.456421104535684574e-01	1.495410452677096436e-01	7.171948673066942670e-02	2.895629255016695866e-02	7.419151656789089999e-02
1.116073588290273847e+03	2.634346615715996709e-01	1.661467074606901573e-01	2.457953446209848181e-01	1.496352154077270347e-01	7.175867589336895613e-02	2.897973400397174312e-02	7.424966104160235503e-02
1.117524919354370468e+03	2.632151727764714955e-01	1.659986386806597825e-01	2.459483142808236711e-01	1.497292176151964194e-01	7.179779970791512478e-02	2.900314784274779512e-02	7.430770909613035324e-02
1.118976250418467089e+03	2.629960546441355018e-01	1.658508200082338679e-01	2.461010198819645056e-01	1.498230522070397863e-01	7.183685828304491039e-02	2.902653408580958827e-02	7.436566088971648114e-02
1.120427581482563710e+03	2.627773065473866243e-01	1.657032510203086395e-01	2.462534618725266966e-01	1.499167194995275898e-01	7.187585172731636440e-02	2.904989275250071876e-02	7.442351658037803241e-02
1.121878912546660331e+03	2.625589278600879983e-01	1.655559312944949457e-01	2.464056406998707816e-01	1.500102198082802207e-01	7.191478014910900052e-02	2.907322386219376303e-02	7.448127632590789693e-02
1.123330243610756725e+03	2.623409179571692396e-01	1.654088604091170367e-01	2.465575568105999038e-01	1.501035534482696443e-01	7.195364365662410000e-02	2.909652743429010785e-02	7.453894028387457460e-02
1.124781574674853118e+03	2.621232762146239459e-01	1.652620379432114539e-01	2.467092106505610338e-01	1.501967207338211208e-01	7.199244235788516966e-02	2.911980348821980452e-02	7.459650861162213376e-02
1.126232905738949967e+03	2.619060020095082542e-01	1.651154634765259199e-01	2.468606026648461349e-01	1.502897219786146210e-01	7.203117636073824714e-02	2.914305204344139200e-02	7.465398146627010012e-02
1.127684236803046360e+03	2.616890947199388973e-01	1.649691365895180617e-01	2.470117332977936619e-01	1.503825574956865196e-01	7.206984577285227567e-02	2.916627311944175113e-02	7.471135900471342906e-02
1.129135567867143209e+03	2.614725537250912613e-01	1.648230568633544113e-01	2.471626029929896995e-01	1.504752275974312326e-01	7.210845070171952031e-02	2.918946673573593817e-02	7.476864138362250556e-02
1.130586898931239830e+03	2.612563784051973315e-01	1.646772238799092958e-01	2.473132121932692939e-01	1.505677325956026325e-01	7.214699125465584562e-02	2.921263291186703900e-02	7.482582875944311651e-02
1.132038229995336451e+03	2.610405681415439716e-01	1.645316372217635881e-01	2.474635613407176471e-01	1.506600728013157975e-01	7.218546753880113187e-02	2.923577166740599226e-02	7.488292128839636741e-02
1.133489561059432845e+03	2.608251223164710364e-01	1.643862964722035969e-01	2.476136508766715871e-01	1.507522485250485100e-01	7.222387966111962210e-02	2.925888302195145049e-02	7.493991912647872400e-02
1.134940892123529466e+03	2.606100403133694843e-01	1.642412012152199841e-01	2.477634812417205679e-01	1.508442600766427277e-01	7.226222772840025510e-02	2.928196699512959980e-02	7.499682242946192900e-02
1.136392223187626087e+03	2.603953215166793234e-01	1.640963510355065713e-01	2.479130528757081675e-01	1.509361077653063044e-01	7.230051184725706792e-02	2.930502360659402797e-02	7.505363135289304377e-02
1.137843554251722708e+03	2.601809653118880572e-01	1.639517455184592298e-01	2.480623662177332267e-01	1.510277918996144331e-01	7.233873212412950116e-02	2.932805287602555447e-02	7.511034605209440662e-02
1.139294885315819101e+03	2.599669710855287974e-01	1.638073842501747701e-01	2.482114217061512085e-01	1.511193127875112285e-01	7.237688866528275977e-02	2.935105482313205352e-02	7.516696668216361898e-02
1.140746216379915950e+03	2.597533382251779877e-01	1.636632668174497762e-01	2.483602197785753363e-01	1.512106707363112534e-01	7.241498157680817394e-02	2.937402946764834308e-02	7.522349339797357315e-02
1.142197547444012343e+03	2.595400661194540715e-01	1.635193928077794401e-01	2.485087608718779817e-01	1.513018660527010173e-01	7.245301096462354595e-02	2.939697682933598011e-02	7.527992635417245226e-02
1.143648878508108737e+03	2.593271541580152162e-01	1.633757618093564790e-01	2.486570454221918580e-01	1.513928990427406418e-01	7.249097693447348334e-02	2.941989692798313571e-02	7.533626570518367482e-02
1.145100209572205586e+03	2.591146017315578143e-01	1.632323734110700253e-01	2.488050738649113247e-01	1.514837700118651931e-01	7.252887959192973188e-02	2.944278978340442166e-02	7.539251160520599182e-02
1.146551540636302207e+03	2.589024082318145403e-01	1.630892272025044332e-01	2.489528466346935254e-01	1.515744792648863470e-01	7.256671904239152260e-02	2.946565541544073769e-02	7.544866420821341735e-02
1.148002871700398828e+03	2.586905730515522972e-01	1.629463227739381403e-01	2.491003641654598033e-01	1.516650271059938881e-01	7.260449539108593253e-02	2.948849384395912585e-02	7.550472366795531187e-02
1.149454202764495449e+03	2.584790955845707172e-01	1.628036597163426413e-01	2.492476268903968395e-01	1.517554138387570972e-01	7.264220874306819009e-02	2.951130508885259698e-02	7.556069013795636835e-02
1.150905533828591842e+03	2.582679752257002193e-01	1.626612376213811828e-01	2.493946352419579293e-01	1.518456397661264168e-01	7.267985920322202198e-02	2.953408917003998505e-02	7.561656377151666775e-02
1.152356864892688463e+03	2.580572113708000659e-01	1.625190560814078200e-01	2.495413896518642594e-01	1.519357051904347833e-01	7.271744687626001402e-02	2.955684610746579094e-02	7.567234472171162352e-02
1.153808195956785084e+03	2.578468034167567535e-01	1.623771146894662232e-01	2.496878905511060454e-01	1.520256104133993202e-01	7.275497186672391647e-02	2.957957592110002989e-02	7.572803314139210651e-02
1.155259527020881706e+03	2.576367507614819585e-01	1.622354130392884286e-01	2.498341383699438922e-01	1.521153557361225872e-01	7.279243427898494934e-02	2.960227863093806491e-02	7.578362918318445884e-02
1.156710858084978327e+03	2.574270528039109274e-01	1.620939507252939504e-01	2.499801335379100431e-01	1.522049414590942729e-01	7.282983421724416317e-02	2.962495425700046453e-02	7.583913299949050779e-02
1.158162189149074720e+03	2.572177089440005893e-01	1.619527273425884206e-01	2.501258764838095172e-01	1.522943678821925551e-01	7.286717178553277219e-02	2.964760281933284322e-02	7.589454474248760740e-02
1.159613520213171569e+03	2.570087185827278908e-01	1.618117424869625898e-01	2.502713676357213868e-01	1.523836353046855996e-01	7.290444708771245952e-02	2.967022433800570180e-02	7.594986456412870790e-02
1.161064851277267962e+03	2.568000811220877977e-01	1.616709957548911614e-01	2.504166074210000259e-01	1.524727440252330035e-01	7.294166022747569644e-02	2.969281883311428172e-02	7.600509261614236955e-02
1.162516182341364356e+03	2.565917959650915736e-01	1.615304867435317093e-01	2.505615962662763319e-01	1.525616943418873495e-01	7.297881130834610319e-02	2.971538632477840544e-02	7.606022905003287371e-02
1.163967513405461204e+03	2.563838625157650597e-01	1.613902150507235400e-01	2.507063345974589463e-01	1.526504865520955379e-01	7.301590043367869876e-02	2.973792683314232729e-02	7.611527401708020890e-02
1.165418844469557826e+03	2.561762801791469535e-01	1.612501802749865820e-01	2.508508228397354767e-01	1.527391209527002580e-01	7.305292770666028945e-02	2.976044037837457384e-02	7.617022766834016800e-02
1.166870175533654447e+03	2.559690483612868661e-01	1.611103820155201927e-01	2.509950614175738282e-01	1.528275978399415702e-01	7.308989323030976037e-02	2.978292698066779126e-02	7.622509015464441762e-02
1.168321506597751068e+03	2.557621664692434904e-01	1.609708198722020478e-01	2.511390507547231477e-01	1.529159175094581269e-01	7.312679710747836681e-02	2.980538666023859959e-02	7.627986162660053970e-02
1.169772837661847461e+03	2.555556339110832131e-01	1.608314934455871981e-01	2.512827912742154335e-01	1.530040802562888380e-01	7.316363944085009507e-02	2.982781943732742622e-02	7.633454223459210097e-02
1.171224168725944082e+03	2.553494500958780056e-01	1.606924023369067644e-01	2.514262833983663126e-01	1.530920863748740923e-01	7.320042033294192618e-02	2.985022533219837404e-02	7.638913212877876391e-02
1.172675499790040703e+03	2.551436144337037026e-01	1.605535461480668835e-01	2.515695275487766502e-01	1.531799361590573949e-01	7.323713988610418280e-02	2.987260436513905146e-02	7.644363145909630064e-02
1.174126830854137097e+03	2.549381263356384486e-01	1.604149244816475695e-01	2.517125241463336049e-01	1.532676299020865884e-01	7.327379820252082065e-02	2.989495655646041625e-02	7.649804037525670397e-02
1.175578161918233945e+03	2.547329852137606987e-01	1.602765369409016039e-01	2.518552736112117940e-01	1.533551678966153797e-01	7.331039538420972002e-02	2.991728192649665066e-02	7.655235902674825677e-02
1.177029492982330339e+03	2.545281904811475537e-01	1.601383831297535365e-01	2.519977763628745149e-01	1.534425504347047831e-01	7.334693153302307422e-02	2.993958049560498103e-02	7.660658756283564297e-02
1.178480824046426733e+03	2.543237415518731503e-01	1.600004626527983809e-01	2.521400328200750773e-01	1.535297778078243969e-01	7.338340675064758400e-02	2.996185228416553895e-02	7.666072613256000312e-02
1.179932155110523581e+03	2.541196378410067180e-01	1.598627751153006149e-01	2.522820434008578583e-01	1.536168503068539304e-01	7.341982113860480441e-02	2.998409731258120520e-02	7.671477488473903150e-02
1.181383486174620202e+03	2.539158787646110249e-01	1.597253201231930708e-01	2.524238085225594674e-01	1.537037682220845913e-01	7.345617479825147789e-02	3.000631560127747441e-02	7.676873396796705940e-02
1.182834817238716823e+03	2.537124637397405458e-01	1.595880972830758249e-01	2.525653286018101906e-01	1.537905318432203905e-01	7.349246783077981182e-02	3.002850717070228159e-02	7.682260353061517999e-02
1.184286148302813444e+03	2.535093921844397413e-01	1.594511062022150316e-01	2.527066040545349335e-01	1.538771414593795850e-01	7.352870033721775611e-02	3.005067204132586683e-02	7.687638372083131777e-02
1.185737479366910065e+03	2.533066635177412262e-01	1.593143464885419525e-01	2.528476352959546092e-01	1.539635973590960938e-01	7.356487241842935010e-02	3.007281023364061917e-02	7.693007468654033953e-02
1.187188810431006686e+03	2.531042771596643814e-01	1.591778177506516512e-01	2.529884227405872488e-01	1.540498998303208578e-01	7.360098417511497237e-02	3.009492176816093434e-02	7.698367657544415155e-02
1.188640141495103080e+03	2.529022325312133002e-01	1.590415195978021057e-01	2.531289668022490558e-01	1.541360491604231442e-01	7.363703570781165997e-02	3.011700666542305865e-02	7.703718953502179667e-02
1.190091472559199701e+03	2.527005290543751781e-01	1.589054516399129868e-01	2.532692678940559605e-01	1.542220456361920733e-01	7.367302711689339978e-02	3.013906494598493635e-02	7.709061371252960704e-02
1.191542803623296322e+03	2.524991661521186481e-01	1.587696134875644927e-01	2.534093264284243974e-01	1.543078895438378118e-01	7.370895850257143389e-02	3.016109663042607428e-02	7.714394925500124567e-02
1.192994134687392716e+03	2.522981432483921704e-01	1.586340047519964325e-01	2.535491428170727479e-01	1.543935811689930160e-01	7.374482996489450937e-02	3.018310173934737536e-02	7.719719630924787301e-02
1.194445465751489564e+03	2.520974597681219787e-01	1.584986250451069778e-01	2.536887174710225068e-01	1.544791207967142199e-01	7.378064160374921132e-02	3.020508029337100331e-02	7.725035502185827185e-02
1.195896796815585958e+03	2.518971151372107475e-01	1.583634739794516355e-01	2.538280508005992253e-01	1.545645087114831395e-01	7.381639351886025435e-02	3.022703231314023339e-02	7.730342553919887505e-02
1.197348127879682352e+03	2.516971087825358722e-01	1.582285511682420820e-01	2.539671432154341213e-01	1.546497451972080051e-01	7.385208580979071846e-02	3.024895781931930330e-02	7.735640800741401535e-02
1.198799458943779200e+03	2.514974401319475250e-01	1.580938562253451918e-01	2.541059951244648563e-01	1.547348305372249766e-01	7.388771857594239600e-02	3.027085683259325699e-02	7.740930257242595314e-02
1.200250790007875821e+03	2.512981086142671572e-01	1.579593887652817885e-01	2.542446069359368677e-01	1.548197650142994208e-01	7.392329191655604148e-02	3.029272937366780591e-02	7.746210937993504297e-02
1.201702121071972442e+03	2.510991136592857775e-01	1.578251484032257013e-01	2.543829790574047012e-01	1.549045489106272711e-01	7.395880593071169073e-02	3.031457546326919369e-02	7.751482857541983074e-02
1.203153452136069063e+03	2.509004546977622319e-01	1.576911347550026266e-01	2.545211118957328433e-01	1.549891825078363317e-01	7.399426071732888299e-02	3.033639512214402270e-02	7.756746030413724791e-02
1.204604783200165684e+03	2.507021311614216486e-01	1.575573474370889626e-01	2.546590058570971093e-01	1.550736660869876660e-01	7.402965637516700781e-02	3.035818837105912563e-02	7.762000471112263933e-02
1.206056114264262078e+03	2.505041424829536068e-01	1.574237860666107824e-01	2.547966613469858643e-01	1.551579999285768730e-01	7.406499300282554099e-02	3.037995523080141980e-02	7.767246194119002689e-02
1.207507445328358699e+03	2.503064880960105820e-01	1.572904502613428068e-01	2.549340787702011335e-01	1.552421843125353917e-01	7.410027069874434991e-02	3.040169572217775798e-02	7.772483213893215115e-02
1.208958776392455093e+03	2.501091674352061700e-01	1.571573396397072109e-01	2.550712585308596014e-01	1.553262195182318062e-01	7.413548956120394329e-02	3.042340986601477920e-02	7.777711544872062399e-02
1.210410107456551941e+03	2.499121799361136154e-01	1.570244538207725971e-01	2.552082010323939443e-01	1.554101058244732325e-01	7.417064968832580429e-02	3.044509768315877343e-02	7.782931201470610905e-02
1.211861438520648335e+03	2.497155250352640077e-01	1.568917924242529682e-01	2.553449066775539955e-01	1.554938435095065963e-01	7.420575117807261256e-02	3.046675919447551853e-02	7.788142198081841883e-02
1.213312769584745183e+03	2.495192021701445606e-01	1.567593550705064509e-01	2.554813758684078562e-01	1.555774328510198534e-01	7.424079412824852175e-02	3.048839442085016227e-02	7.793344549076672290e-02
1.214764100648841804e+03	2.493232107791971131e-01	1.566271413805344626e-01	2.556176090063430606e-01	1.556608741261433504e-01	7.427577863649947876e-02	3.051000338318705235e-02	7.798538268803961726e-02
1.216215431712937971e+03	2.491275503018164084e-01	1.564951509759804904e-01	2.557536064920677421e-01	1.557441676114511564e-01	7.431070480031343184e-02	3.053158610240960802e-02	7.803723371590531865e-02
1.217666762777034819e+03	2.489322201783484567e-01	1.563633834791290367e-01	2.558893687256116323e-01	1.558273135829622846e-01	7.434557271702069148e-02	3.055314259946017436e-02	7.808899871741183107e-02
1.219118093841131440e+03	2.487372198500888976e-01	1.562318385129045362e-01	2.560248961063276152e-01	1.559103123161419968e-01	7.438038248379409689e-02	3.057467289529988003e-02	7.814067783538705680e-02
1.220569424905228061e+03	2.485425487592813620e-01	1.561005157008703570e-01	2.561601890328923381e-01	1.559931640859031077e-01	7.441513419764934911e-02	3.059617701090848463e-02	7.819227121243901846e-02
1.222020755969324682e+03	2.483482063491158354e-01	1.559694146672276349e-01	2.562952479033078212e-01	1.560758691666072617e-01	7.444982795544528853e-02	3.061765496728424338e-02	7.824377899095591449e-02
1.223472087033421303e+03	2.481541920637269916e-01	1.558385350368142186e-01	2.564300731149022905e-01	1.561584278320661545e-01	7.448446385388413082e-02	3.063910678544377181e-02	7.829520131310638287e-02
1.224923418097517697e+03	2.479605053481926391e-01	1.557078764351036704e-01	2.565646650643316207e-01	1.562408403555428371e-01	7.451904198951171676e-02	3.066053248642188270e-02	7.834653832083959824e-02
1.226374749161614318e+03	2.477671456485320001e-01	1.555774384882041006e-01	2.566990241475800016e-01	1.563231070097529929e-01	7.455356245871784526e-02	3.068193209127147159e-02	7.839779015588545230e-02
1.227826080225710712e+03	2.475741124117042113e-01	1.554472208228571684e-01	2.568331507599617147e-01	1.564052280668661865e-01	7.458802535773650932e-02	3.070330562106336411e-02	7.844895695975474814e-02
1.229277411289807560e+03	2.473814050856065760e-01	1.553172230664370268e-01	2.569670452961215767e-01	1.564872037985070852e-01	7.462243078264610419e-02	3.072465309688615989e-02	7.850003887373932510e-02
1.230728742353903954e+03	2.471890231190730369e-01	1.551874448469491852e-01	2.571007081500367719e-01	1.565690344757567909e-01	7.465677882936976040e-02	3.074597453984610762e-02	7.855103603891222530e-02
1.232180073418000802e+03	2.469969659618725388e-01	1.550578857930295651e-01	2.572341397150172959e-01	1.566507203691540340e-01	7.469106959367556586e-02	3.076726997106697670e-02	7.860194859612791574e-02
1.233631404482097196e+03	2.468052330647073633e-01	1.549285455339432793e-01	2.573673403837076212e-01	1.567322617486964220e-01	7.472530317117687115e-02	3.078853941168988376e-02	7.865277668602244088e-02
1.235082735546193817e+03	2.466138238792116022e-01	1.547994236995836881e-01	2.575003105480876964e-01	1.568136588838416889e-01	7.475947965733248379e-02	3.080978288287317818e-02	7.870352044901353372e-02
1.236534066610290438e+03	2.464227378579495475e-01	1.546705199204713999e-01	2.576330505994738340e-01	1.568949120435089162e-01	7.479359914744698745e-02	3.083100040579230330e-02	7.875418002530086559e-02
1.237985397674387059e+03	2.462319744544140265e-01	1.545418338277530224e-01	2.577655609285200988e-01	1.569760214960798372e-01	7.482766173667097787e-02	3.085219200163963338e-02	7.880475555486622652e-02
1.239436728738483680e+03	2.460415331230249025e-01	1.544133650532002744e-01	2.578978419252193621e-01	1.570569875093999479e-01	7.486166752000131264e-02	3.087335769162437293e-02	7.885524717747367796e-02
1.240888059802580301e+03	2.458514133191273543e-01	1.542851132292088756e-01	2.580298939789043566e-01	1.571378103507798385e-01	7.489561659228138879e-02	3.089449749697238332e-02	7.890565503266969150e-02
1.242339390866676695e+03	2.456616144989903772e-01	1.541570779887974640e-01	2.581617174782488422e-01	1.572184902869963596e-01	7.492950904820135094e-02	3.091561143892606472e-02	7.895597925978341258e-02
1.243790721930773088e+03	2.454721361198052287e-01	1.540292589656066524e-01	2.582933128112687160e-01	1.572990275842938435e-01	7.496334498229839660e-02	3.093669953874420703e-02	7.900621999792679928e-02
1.245242052994869937e+03	2.452829776396837358e-01	1.539016557938978347e-01	2.584246803653231228e-01	1.573794225083854081e-01	7.499712448895702599e-02	3.095776181770186486e-02	7.905637738599483044e-02
1.246693384058966330e+03	2.450941385176567677e-01	1.537742681085522700e-01	2.585558205271156207e-01	1.574596753244539571e-01	7.503084766240923631e-02	3.097879829709020150e-02	7.910645156266565836e-02
1.248144715123063179e+03	2.449056182136726822e-01	1.536470955450699449e-01	2.586867336826953467e-01	1.575397862971536500e-01	7.506451459673488258e-02	3.099980899821637784e-02	7.915644266640081694e-02
1.249596046187159800e+03	2.447174161885957433e-01	1.535201377395685740e-01	2.588174202174578498e-01	1.576197556906109298e-01	7.509812538586181641e-02	3.102079394240339280e-02	7.920635083544542987e-02
1.251047377251256421e+03	2.445295319042045390e-01	1.533933943287825175e-01	2.589478805161463670e-01	1.576995837684257995e-01	7.513168012356617742e-02	3.104175315098996191e-02	7.925617620782834938e-02
1.252498708315352815e+03	2.443419648231902608e-01	1.532668649500618652e-01	2.590781149628530455e-01	1.577792707936729322e-01	7.516517890347268471e-02	3.106268664533036808e-02	7.930591892136244769e-02
1.253950039379449436e+03	2.441547144091554822e-01	1.531405492413711877e-01	2.592081239410199411e-01	1.578588170289030035e-01	7.519862181905483112e-02	3.108359444679434369e-02	7.935557911364471417e-02
1.255401370443546057e+03	2.439677801266122714e-01	1.530144468412887038e-01	2.593379078334401844e-01	1.579382227361437463e-01	7.523200896363516077e-02	3.110447657676692138e-02	7.940515692205647735e-02
1.256852701507642678e+03	2.437811614409807759e-01	1.528885573890051697e-01	2.594674670222588686e-01	1.580174881769012274e-01	7.526534043038549116e-02	3.112533305664830913e-02	7.945465248376364087e-02
1.258304032571739299e+03	2.435948578185876678e-01	1.527628805243227417e-01	2.595968018889743822e-01	1.580966136121609855e-01	7.529861631232719066e-02	3.114616390785374805e-02	7.950406593571680836e-02
1.259755363635835920e+03	2.434088687266645623e-01	1.526374158876541154e-01	2.597259128144392970e-01	1.581755993023891971e-01	7.533183670233140061e-02	3.116696915181337707e-02	7.955339741465158876e-02
1.261206694699932314e+03	2.432231936333464073e-01	1.525121631200213879e-01	2.598548001788618111e-01	1.582544455075338696e-01	7.536500169311927122e-02	3.118774880997210799e-02	7.960264705708867961e-02
1.262658025764028707e+03	2.430378320076700682e-01	1.523871218630550306e-01	2.599834643618063601e-01	1.583331524870260909e-01	7.539811137726225299e-02	3.120850290378948677e-02	7.965181499933418618e-02
1.264109356828125556e+03	2.428527833195727181e-01	1.522622917589929459e-01	2.601119057421952263e-01	1.584117204997810557e-01	7.543116584718229101e-02	3.122923145473956164e-02	7.970090137747971870e-02
1.265560687892221949e+03	2.426680470398902278e-01	1.521376724506793010e-01	2.602401246983091498e-01	1.584901498041993984e-01	7.546416519515206089e-02	3.124993448431075127e-02	7.974990632740266983e-02
1.267012018956318798e+03	2.424836226403556949e-01	1.520132635815636679e-01	2.603681216077886607e-01	1.585684406581681083e-01	7.549710951329528796e-02	3.127061201400570950e-02	7.979882998476638123e-02
1.268463350020415419e+03	2.422995095935979171e-01	1.518890647956998852e-01	2.604958968476352443e-01	1.586465933190619459e-01	7.552999889358687213e-02	3.129126406534120386e-02	7.984767248502039338e-02
1.269914681084511813e+03	2.421157073731398657e-01	1.517650757377450033e-01	2.606234507942122858e-01	1.587246080437444695e-01	7.556283342785324875e-02	3.131189065984795600e-02	7.989643396340061210e-02
1.271366012148608434e+03	2.419322154533970759e-01	1.516412960529584797e-01	2.607507838232461239e-01	1.588024850885691452e-01	7.559561320777254123e-02	3.133249181907055148e-02	7.994511455492955831e-02
1.272817343212705055e+03	2.417490333096761757e-01	1.515177253872008467e-01	2.608778963098271619e-01	1.588802247093806519e-01	7.562833832487481089e-02	3.135306756456727323e-02	7.999371439441652076e-02
1.274268674276801676e+03	2.415661604181734146e-01	1.513943633869329342e-01	2.610047886284110330e-01	1.589578271615159077e-01	7.566100887054234836e-02	3.137361791790998361e-02	8.004223361645781964e-02
1.275720005340898297e+03	2.413835962559729986e-01	1.512712096992147870e-01	2.611314611528196550e-01	1.590352926998051808e-01	7.569362493600985398e-02	3.139414290068400643e-02	8.009067235543701480e-02
1.277171336404994690e+03	2.412013403010456747e-01	1.511482639717045828e-01	2.612579142562421186e-01	1.591126215785733100e-01	7.572618661236470150e-02	3.141464253448798122e-02	8.013903074552511385e-02
1.278622667469091539e+03	2.410193920322472039e-01	1.510255258526577438e-01	2.613841483112360198e-01	1.591898140516407878e-01	7.575869399054716014e-02	3.143511684093373837e-02	8.018730892068078042e-02
1.280073998533187932e+03	2.408377509293168628e-01	1.509029949909258539e-01	2.615101636897284587e-01	1.592668703723249257e-01	7.579114716135065821e-02	3.145556584164616032e-02	8.023550701465057000e-02
1.281525329597284326e+03	2.406564164728758892e-01	1.507806710359556046e-01	2.616359607630168171e-01	1.593437907934410203e-01	7.582354621542197748e-02	3.147598955826308442e-02	8.028362516096908263e-02
1.282976660661381175e+03	2.404753881444259278e-01	1.506585536377879064e-01	2.617615399017703681e-01	1.594205755673033242e-01	7.585589124326151678e-02	3.149638801243513642e-02	8.033166349295930986e-02
1.284427991725477568e+03	2.402946654263476700e-01	1.505366424470567510e-01	2.618869014760308311e-01	1.594972249457263236e-01	7.588818233522351409e-02	3.151676122582562634e-02	8.037962214373273184e-02
1.285879322789574417e+03	2.401142478018992166e-01	1.504149371149882952e-01	2.620120458552137599e-01	1.595737391800258476e-01	7.592041958151626857e-02	3.153710922011040280e-02	8.042750124618959495e-02
1.287330653853671038e+03	2.399341347552146064e-01	1.502934372933999174e-01	2.621369734081095415e-01	1.596501185210200957e-01	7.595260307220239038e-02	3.155743201697774197e-02	8.047530093301911991e-02
1.288781984917767431e+03	2.397543257713024289e-01	1.501721426346989963e-01	2.622616845028842847e-01	1.597263632190307758e-01	7.598473289719902268e-02	3.157772963812821576e-02	8.052302133669973772e-02
1.290233315981864052e+03	2.395748203360441309e-01	1.500510527918821335e-01	2.623861795070810410e-01	1.598024735238842142e-01	7.601680914627810537e-02	3.159800210527455994e-02	8.057066258949932558e-02
