1.001418434226643626e+03	2.820374067485936220e-01	1.785042540145469758e-01	2.328805822296128036e-01	1.416658922582477997e-01	6.847522538681775905e-02	2.708975170533467480e-02	6.934688765679224154e-02
1.002869765290740247e+03	2.817863897302243514e-01	1.783352369554697114e-01	2.330559199644541557e-01	1.417740371751277928e-01	6.851986403490824273e-02	2.711562021703161490e-02	6.941293192273002843e-02
1.004321096354836754e+03	2.815357969392545123e-01	1.781665055564117806e-01	2.332309555473200402e-01	1.418819871040516156e-01	6.856442807475025825e-02	2.714145958513029117e-02	6.947886719302742708e-02
1.005772427418933376e+03	2.812856276563491797e-01	1.779980593343848949e-01	2.334056894910823132e-01	1.419897424219380977e-01	6.860891763027295032e-02	2.716726982330193788e-02	6.954469364261657571e-02
1.007223758483029997e+03	2.810358811634189879e-01	1.778298978072014869e-01	2.335801223077431099e-01	1.420973035048883615e-01	6.865333282520040548e-02	2.719305094527852892e-02	6.961041144621511745e-02
1.008675089547126618e+03	2.807865567436175214e-01	1.776620204934737379e-01	2.337542545084361767e-01	1.422046707281880706e-01	6.869767378305220717e-02	2.721880296485253495e-02	6.967602077832570073e-02
1.010126420611223239e+03	2.805376536813389832e-01	1.774944269126127183e-01	2.339280866034284256e-01	1.423118444663097337e-01	6.874194062714392151e-02	2.724452589587669782e-02	6.974152181323556299e-02
1.011577751675319632e+03	2.802891712622149756e-01	1.773271165848273878e-01	2.341016191021214055e-01	1.424188250929148691e-01	6.878613348058761068e-02	2.727021975226378084e-02	6.980691472501601713e-02
1.013029082739416367e+03	2.800411087731124460e-01	1.771600890311237353e-01	2.342748525130528003e-01	1.425256129808562811e-01	6.883025246629236038e-02	2.729588454798632588e-02	6.987219968752211852e-02
1.014480413803512761e+03	2.797934655021307448e-01	1.769933437733037240e-01	2.344477873438979842e-01	1.426322085021802522e-01	6.887429770696479325e-02	2.732152029707642094e-02	6.993737687439215145e-02
1.015931744867609382e+03	2.795462407385991832e-01	1.768268803339644035e-01	2.346204241014713532e-01	1.427386120281288195e-01	6.891826932510954073e-02	2.734712701362545378e-02	7.000244645904726837e-02
1.017383075931706003e+03	2.792994337730745347e-01	1.766606982364969658e-01	2.347927632917280183e-01	1.428448239291417454e-01	6.896216744302974266e-02	2.737270471178387260e-02	7.006740861469105963e-02
1.018834406995802851e+03	2.790530438973384264e-01	1.764947970050858017e-01	2.349648054197650549e-01	1.429508445748589873e-01	6.900599218282756075e-02	2.739825340576094309e-02	7.013226351430919270e-02
1.020285738059899245e+03	2.788070704043947301e-01	1.763291761647073630e-01	2.351365509898231121e-01	1.430566743341226688e-01	6.904974366640463657e-02	2.742377310982451605e-02	7.019701133066895415e-02
1.021737069123995752e+03	2.785615125884670640e-01	1.761638352411292741e-01	2.353080005052879120e-01	1.431623135749793829e-01	6.909342201546261886e-02	2.744926383830077060e-02	7.026165223631894441e-02
1.023188400188092373e+03	2.783163697449965168e-01	1.759987737609094716e-01	2.354791544686916094e-01	1.432677626646821911e-01	6.913702735150359380e-02	2.747472560557399565e-02	7.032618640358867523e-02
1.024639731252188767e+03	2.780716411706386504e-01	1.758339912513949554e-01	2.356500133817142906e-01	1.433730219696929820e-01	6.918055979583058457e-02	2.750015842608632619e-02	7.039061400458820894e-02
1.026091062316285615e+03	2.778273261632616120e-01	1.756694872407210395e-01	2.358205777451855834e-01	1.434780918556844420e-01	6.922401946954800933e-02	2.752556231433752124e-02	7.045493521120781144e-02
1.027542393380382237e+03	2.775834240219433591e-01	1.755052612578101578e-01	2.359908480590858226e-01	1.435829726875421930e-01	6.926740649356219470e-02	2.755093728488471755e-02	7.051915019511761917e-02
1.028993724444478858e+03	2.773399340469691055e-01	1.753413128323708658e-01	2.361608248225478268e-01	1.436876648293670400e-01	6.931072098858176433e-02	2.757628335234218325e-02	7.058325912776727828e-02
1.030445055508575479e+03	2.770968555398291011e-01	1.751776414948969796e-01	2.363305085338581468e-01	1.437921686444769975e-01	6.935396307511812464e-02	2.760160053138107847e-02	7.064726218038562544e-02
1.031896386572671872e+03	2.768541878032161896e-01	1.750142467766663545e-01	2.364998996904585371e-01	1.438964844954093714e-01	6.939713287348599213e-02	2.762688883672921938e-02	7.071115952398036864e-02
1.033347717636768493e+03	2.766119301410231435e-01	1.748511282097399699e-01	2.366689987889475377e-01	1.440006127439229511e-01	6.944023050380376816e-02	2.765214828317084234e-02	7.077495132933780964e-02
1.034799048700865114e+03	2.763700818583406660e-01	1.746882853269608460e-01	2.368378063250817511e-01	1.441045537510000085e-01	6.948325608599396908e-02	2.767737888554635400e-02	7.083863776702249704e-02
1.036250379764961508e+03	2.761286422614545044e-01	1.745257176619530171e-01	2.370063227937773964e-01	1.442083078768483517e-01	6.952620973978373975e-02	2.770258065875209202e-02	7.090221900737692096e-02
1.037701710829058356e+03	2.758876106578436183e-01	1.743634247491205047e-01	2.371745486891116694e-01	1.443118754809035176e-01	6.956909158470526988e-02	2.772775361774009253e-02	7.096569522052129098e-02
1.039153041893154750e+03	2.756469863561774591e-01	1.742014061236461797e-01	2.373424845043243248e-01	1.444152569218307425e-01	6.961190174009622422e-02	2.775289777751784731e-02	7.102906657635318921e-02
1.040604372957251599e+03	2.754067686663134729e-01	1.740396613214909016e-01	2.375101307318189525e-01	1.445184525575270995e-01	6.965464032510017278e-02	2.777801315314805050e-02	7.109233324454732050e-02
1.042055704021347992e+03	2.751669568992952120e-01	1.738781898793922143e-01	2.376774878631644494e-01	1.446214627451233581e-01	6.969730745866703492e-02	2.780309975974838699e-02	7.115549539455524874e-02
1.043507035085444613e+03	2.749275503673497267e-01	1.737169913348634853e-01	2.378445563890964898e-01	1.447242878409862876e-01	6.973990325955348180e-02	2.782815761249125830e-02	7.121855319560516095e-02
1.044958366149541234e+03	2.746885483838851783e-01	1.735560652261926851e-01	2.380113367995189133e-01	1.448269282007204894e-01	6.978242784632343598e-02	2.785318672660357445e-02	7.128150681670157585e-02
1.046409697213637855e+03	2.744499502634887289e-01	1.733954110924414427e-01	2.381778295835052239e-01	1.449293841791704507e-01	6.982488133734840452e-02	2.787818711736650065e-02	7.134435642662510790e-02
1.047861028277734476e+03	2.742117553219239889e-01	1.732350284734437973e-01	2.383440352292999775e-01	1.450316561304226259e-01	6.986726385080790913e-02	2.790315880011520755e-02	7.140710219393227309e-02
1.049312359341831097e+03	2.739739628761290180e-01	1.730749169098054208e-01	2.385099542243200865e-01	1.451337444078074079e-01	6.990957550468995807e-02	2.792810179023865608e-02	7.146974428695522519e-02
1.050763690405927491e+03	2.737365722442138827e-01	1.729150759429022022e-01	2.386755870551564018e-01	1.452356493639010704e-01	6.995181641679143469e-02	2.795301610317934074e-02	7.153228287380151984e-02
1.052215021470024112e+03	2.734995827454582140e-01	1.727555051148793597e-01	2.388409342075749897e-01	1.453373713505278497e-01	6.999398670471845829e-02	2.797790175443305369e-02	7.159471812235392030e-02
1.053666352534120733e+03	2.732629937003092646e-01	1.725962039686503025e-01	2.390059961665186583e-01	1.454389107187618879e-01	7.003608648588684205e-02	2.800275875954865573e-02	7.165705020027017536e-02
1.055117683598217127e+03	2.730268044303795771e-01	1.724371720478954650e-01	2.391707734161083176e-01	1.455402678189292032e-01	7.007811587752250937e-02	2.802758713412782654e-02	7.171927927498286670e-02
1.056569014662313975e+03	2.727910142584445974e-01	1.722784088970614191e-01	2.393352664396443397e-01	1.456414430006096328e-01	7.012007499666184085e-02	2.805238689382482525e-02	7.178140551369914524e-02
1.058020345726410369e+03	2.725556225084404538e-01	1.721199140613595135e-01	2.394994757196080848e-01	1.457424366126388593e-01	7.016196396015209058e-02	2.807715805434627190e-02	7.184342908340055067e-02
1.059471676790506763e+03	2.723206285054619036e-01	1.719616870867649305e-01	2.396634017376631232e-01	1.458432490031102702e-01	7.020378288465181638e-02	2.810190063145089068e-02	7.190535015084287274e-02
1.060923007854603611e+03	2.720860315757600012e-01	1.718037275200156311e-01	2.398270449746567334e-01	1.459438805193769562e-01	7.024553188663121284e-02	2.812661464094927052e-02	7.196716888255594302e-02
1.062374338918700232e+03	2.718518310467398225e-01	1.716460349086110782e-01	2.399904059106214016e-01	1.460443315080536819e-01	7.028721108237255544e-02	2.815130009870364658e-02	7.202888544484349620e-02
1.063825669982796853e+03	2.716180262469585771e-01	1.714886088008112097e-01	2.401534850247760422e-01	1.461446023150187457e-01	7.032882058797054747e-02	2.817595702062763996e-02	7.209050000378293410e-02
1.065277001046893474e+03	2.713846165061229443e-01	1.713314487456353563e-01	2.403162827955273861e-01	1.462446932854159498e-01	7.037036051933270864e-02	2.820058542268605306e-02	7.215201272522525633e-02
1.066728332110990095e+03	2.711516011550872962e-01	1.711745542928611585e-01	2.404787997004715350e-01	1.463446047636564606e-01	7.041183099217977748e-02	2.822518532089459201e-02	7.221342377479482433e-02
1.068179663175086489e+03	2.709189795258513667e-01	1.710179249930233458e-01	2.406410362163952377e-01	1.464443370934207511e-01	7.045323212204607222e-02	2.824975673131966195e-02	7.227473331788930588e-02
1.069630994239183110e+03	2.706867509515579195e-01	1.708615603974126540e-01	2.408029928192771951e-01	1.465438906176605161e-01	7.049456402427985158e-02	2.827429967007811379e-02	7.233594151967948083e-02
1.071082325303279504e+03	2.704549147664910280e-01	1.707054600580747428e-01	2.409646699842895867e-01	1.466432656786005595e-01	7.053582681404373111e-02	2.829881415333702563e-02	7.239704854510908838e-02
1.072533656367376352e+03	2.702234703060734655e-01	1.705496235278090300e-01	2.411260681857994026e-01	1.467424626177406266e-01	7.057702060631503016e-02	2.832330019731344947e-02	7.245805455889474389e-02
1.073984987431472746e+03	2.699924169068649293e-01	1.703940503601676371e-01	2.412871878973697759e-01	1.468414817758573188e-01	7.061814551588609101e-02	2.834775781827418920e-02	7.251895972552578618e-02
1.075436318495569594e+03	2.697617539065596537e-01	1.702387401094542230e-01	2.414480295917613428e-01	1.469403234930060087e-01	7.065920165736475078e-02	2.837218703253555074e-02	7.257976420926416650e-02
1.076887649559666215e+03	2.695314806439844668e-01	1.700836923307227910e-01	2.416085937409337137e-01	1.470389881085226169e-01	7.070018914517460507e-02	2.839658785646312356e-02	7.264046817414436530e-02
1.078338980623762609e+03	2.693015964590965150e-01	1.699289065797766618e-01	2.417688808160467495e-01	1.471374759610255545e-01	7.074110809355542429e-02	2.842096030647154464e-02	7.270107178397321179e-02
1.079790311687859230e+03	2.690721006929813197e-01	1.697743824131673074e-01	2.419288912874619502e-01	1.472357873884174717e-01	7.078195861656347287e-02	2.844530439902424532e-02	7.276157520232989784e-02
1.081241642751955851e+03	2.688429926878505571e-01	1.696201193881932134e-01	2.420886256247437862e-01	1.473339227278872010e-01	7.082274082807189786e-02	2.846962015063324303e-02	7.282197859256578365e-02
1.082692973816052472e+03	2.686142717870399488e-01	1.694661170628987412e-01	2.422480842966611425e-01	1.474318823159115333e-01	7.086345484177108967e-02	2.849390757785888809e-02	7.288228211780432841e-02
1.084144304880149093e+03	2.683859373350073740e-01	1.693123749960729618e-01	2.424072677711886226e-01	1.475296664882570219e-01	7.090410077116897358e-02	2.851816669730964510e-02	7.294248594094106253e-02
1.085595635944245487e+03	2.681579886773304833e-01	1.691588927472486292e-01	2.425661765155078531e-01	1.476272755799819536e-01	7.094467872959145383e-02	2.854239752564184662e-02	7.300259022464342107e-02
1.087046967008342108e+03	2.679304251607049214e-01	1.690056698767009313e-01	2.427248109960088995e-01	1.477247099254379858e-01	7.098518883018266334e-02	2.856660007955947808e-02	7.306259513135071604e-02
1.088498298072438729e+03	2.677032461329421631e-01	1.688527059454464074e-01	2.428831716782916539e-01	1.478219698582720343e-01	7.102563118590535240e-02	2.859077437581392447e-02	7.312250082327409473e-02
1.089949629136535123e+03	2.674764509429672921e-01	1.687000005152418103e-01	2.430412590271670559e-01	1.479190557114280213e-01	7.106600590954124941e-02	2.861492043120375181e-02	7.318230746239640094e-02
1.091400960200631971e+03	2.672500389408172250e-01	1.685475531485829126e-01	2.431990735066586473e-01	1.480159678171487914e-01	7.110631311369138008e-02	2.863903826257448160e-02	7.324201521047217500e-02
1.092852291264728365e+03	2.670240094776384909e-01	1.683953634087034246e-01	2.433566155800035713e-01	1.481127065069777760e-01	7.114655291077638666e-02	2.866312788681834103e-02	7.330162422902758435e-02
1.094303622328825213e+03	2.667983619056852329e-01	1.682434308595738837e-01	2.435138857096542930e-01	1.482092721117608536e-01	7.118672541303690260e-02	2.868718932087404791e-02	7.336113467936036803e-02
1.095754953392921607e+03	2.665730955783170986e-01	1.680917550659004056e-01	2.436708843572797101e-01	1.483056649616480704e-01	7.122683073253387176e-02	2.871122258172657121e-02	7.342054672253978120e-02
1.097206284457018228e+03	2.663482098499976303e-01	1.679403355931236019e-01	2.438276119837664846e-01	1.484018853860954446e-01	7.126686898114883983e-02	2.873522768640690214e-02	7.347986051940656738e-02
1.098657615521114849e+03	2.661237040762915451e-01	1.677891720074174975e-01	2.439840690492205422e-01	1.484979337138667421e-01	7.130684027058435681e-02	2.875920465199183207e-02	7.353907623057291676e-02
1.100108946585211470e+03	2.658995776138632361e-01	1.676382638756883092e-01	2.441402560129682375e-01	1.485938102730351706e-01	7.134674471236429616e-02	2.878315349560371661e-02	7.359819401642245240e-02
1.101560277649308091e+03	2.656758298204747737e-01	1.674876107655733082e-01	2.442961733335576868e-01	1.486895153909852108e-01	7.138658241783407687e-02	2.880707423441024317e-02	7.365721403711014692e-02
1.103011608713404712e+03	2.654524600549836300e-01	1.673372122454396260e-01	2.444518214687602109e-01	1.487850493944142816e-01	7.142635349816114920e-02	2.883096688562420545e-02	7.371613645256240577e-02
1.104462939777501106e+03	2.652294676773407911e-01	1.671870678843832558e-01	2.446072008755716121e-01	1.488804126093345170e-01	7.146605806433516117e-02	2.885483146650328831e-02	7.377496142247690070e-02
1.105914270841597499e+03	2.650068520485889811e-01	1.670371772522278031e-01	2.447623120102133953e-01	1.489756053610744868e-01	7.150569622716840268e-02	2.887866799434981452e-02	7.383368910632268078e-02
1.107365601905694348e+03	2.647846125308603860e-01	1.668875399195233200e-01	2.449171553281342117e-01	1.490706279742809448e-01	7.154526809729605530e-02	2.890247648651052964e-02	7.389231966334013080e-02
1.108816932969790741e+03	2.645627484873747659e-01	1.667381554575453062e-01	2.450717312840111350e-01	1.491654807729205501e-01	7.158477378517651146e-02	2.892625696037638694e-02	7.395085325254090181e-02
1.110268264033887590e+03	2.643412592824376794e-01	1.665890234382933210e-01	2.452260403317509663e-01	1.492601640802815599e-01	7.162421340109173529e-02	2.895000943338230104e-02	7.400929003270798057e-02
1.111719595097984211e+03	2.641201442814383182e-01	1.664401434344900954e-01	2.453800829244915105e-01	1.493546782189754674e-01	7.166358705514752625e-02	2.897373392300693282e-02	7.406763016239568953e-02
1.113170926162080832e+03	2.638994028508475642e-01	1.662915150195801439e-01	2.455338595146029645e-01	1.494490235109388609e-01	7.170289485727386614e-02	2.899743044677246043e-02	7.412587379992965908e-02
1.114622257226177226e+03	2.636790343582162133e-01	1.661431377677287935e-01	2.456873705536891939e-01	1.495432002774349789e-01	7.174213691722519659e-02	2.902109902224435031e-02	7.418402110340684141e-02
1.116073588290273847e+03	2.634590381721726438e-01	1.659950112538210454e-01	2.458406164925889814e-01	1.496372088390554578e-01	7.178131334458075219e-02	2.904473966703113516e-02	7.424207223069553829e-02
1.117524919354370468e+03	2.632394136624214287e-01	1.658471350534602429e-01	2.459935977813773877e-01	1.497310495157220256e-01	7.182042424874486575e-02	2.906835239878419186e-02	7.430002733943541493e-02
1.118976250418467089e+03	2.630201601997408933e-01	1.656995087429671831e-01	2.461463148693670555e-01	1.498247226266880838e-01	7.185946973894725975e-02	2.909193723519751598e-02	7.435788658703754161e-02
1.120427581482563710e+03	2.628012771559816163e-01	1.655521318993787294e-01	2.462987682051094585e-01	1.499182284905405949e-01	7.189844992424336556e-02	2.911549419400749281e-02	7.441565013068435208e-02
1.121878912546660331e+03	2.625827639040640427e-01	1.654050041004468397e-01	2.464509582363962892e-01	1.500115674252014419e-01	7.193736491351458706e-02	2.913902329299267527e-02	7.447331812732974066e-02
1.123330243610756725e+03	2.623646198179770406e-01	1.652581249246373452e-01	2.466028854102605694e-01	1.501047397479293721e-01	7.197621481546867539e-02	2.916252454997356885e-02	7.453089073369910389e-02
1.124781574674853118e+03	2.621468442727755699e-01	1.651114939511288127e-01	2.467545501729781487e-01	1.501977457753214396e-01	7.201499973863995097e-02	2.918599798281239915e-02	7.458836810628929892e-02
1.126232905738949967e+03	2.619294366445792943e-01	1.649651107598114064e-01	2.469059529700689259e-01	1.502905858233148095e-01	7.205371979138965044e-02	2.920944360941289328e-02	7.464575040136876838e-02
1.127684236803046360e+03	2.617123963105700279e-01	1.648189749312856944e-01	2.470570942462980424e-01	1.503832602071882574e-01	7.209237508190619037e-02	2.923286144772005435e-02	7.470303777497754039e-02
1.129135567867143209e+03	2.614957226489903475e-01	1.646730860468615665e-01	2.472079744456772143e-01	1.504757692415639725e-01	7.213096571820547254e-02	2.925625151571994986e-02	7.476023038292727019e-02
1.130586898931239830e+03	2.612794150391414272e-01	1.645274436885571789e-01	2.473585940114661763e-01	1.505681132404090294e-01	7.216949180813120313e-02	2.927961383143948271e-02	7.481732838080129566e-02
1.132038229995336451e+03	2.610634728613814293e-01	1.643820474390975672e-01	2.475089533861736801e-01	1.506602925170370810e-01	7.220795345935517029e-02	2.930294841294617258e-02	7.487433192395472059e-02
1.133489561059432845e+03	2.608478954971232833e-01	1.642368968819137576e-01	2.476590530115589661e-01	1.507523073841099681e-01	7.224635077937748007e-02	2.932625527834793050e-02	7.493124116751442854e-02
1.134940892123529466e+03	2.606326823288330763e-01	1.640919916011414070e-01	2.478088933286329565e-01	1.508441581536393850e-01	7.228468387552690333e-02	2.934953444579284712e-02	7.498805626637917998e-02
1.136392223187626087e+03	2.604178327400281101e-01	1.639473311816198875e-01	2.479584747776596154e-01	1.509358451369883780e-01	7.232295285496116721e-02	2.937278593346897421e-02	7.504477737521964009e-02
1.137843554251722708e+03	2.602033461152748473e-01	1.638029152088909257e-01	2.481077977981570870e-01	1.510273686448730390e-01	7.236115782466723267e-02	2.939600975960409562e-02	7.510140464847850361e-02
1.139294885315819101e+03	2.599892218401873567e-01	1.636587432691975763e-01	2.482568628288990831e-01	1.511187289873641426e-01	7.239929889146154429e-02	2.941920594246551571e-02	7.515793824037048099e-02
1.140746216379915950e+03	2.597754593014253155e-01	1.635148149494831116e-01	2.484056703079161044e-01	1.512099264738885340e-01	7.243737616199032170e-02	2.944237450035985457e-02	7.521437830488245102e-02
1.142197547444012343e+03	2.595620578866921213e-01	1.633711298373898002e-01	2.485542206724966341e-01	1.513009614132309610e-01	7.247538974272990653e-02	2.946551545163279481e-02	7.527072499577348863e-02
1.143648878508108737e+03	2.593490169847331162e-01	1.632276875212578249e-01	2.487025143591885534e-01	1.513918341135354617e-01	7.251333973998694282e-02	2.948862881466890115e-02	7.532697846657497587e-02
1.145100209572205586e+03	2.591363359853335324e-01	1.630844875901241164e-01	2.488505518038002240e-01	1.514825448823070853e-01	7.255122625989875174e-02	2.951171460789138792e-02	7.538313887059065743e-02
1.146551540636302207e+03	2.589240142793171051e-01	1.629415296337212160e-01	2.489983334414019311e-01	1.515730940264133908e-01	7.258904940843353970e-02	2.953477284976190054e-02	7.543920636089671006e-02
1.148002871700398828e+03	2.587120512585437404e-01	1.627988132424761925e-01	2.491458597063269387e-01	1.516634818520859462e-01	7.262680929139070374e-02	2.955780355878031077e-02	7.549518109034192292e-02
1.149454202764495449e+03	2.585004463159080723e-01	1.626563380075094489e-01	2.492931310321728766e-01	1.517537086649220768e-01	7.266450601440110901e-02	2.958080675348448776e-02	7.555106321154768378e-02
1.150905533828591842e+03	2.582891988453374088e-01	1.625141035206335571e-01	2.494401478518029902e-01	1.518437747698862250e-01	7.270213968292735252e-02	2.960378245245008644e-02	7.560685287690811773e-02
1.152356864892688463e+03	2.580783082417900109e-01	1.623721093743522303e-01	2.495869105973473334e-01	1.519336804713115885e-01	7.273971040226404061e-02	2.962673067429034968e-02	7.566255023859018436e-02
1.153808195956785084e+03	2.578677739012532055e-01	1.622303551618590745e-01	2.497334197002040457e-01	1.520234260729016740e-01	7.277721827753805273e-02	2.964965143765587591e-02	7.571815544853377489e-02
1.155259527020881706e+03	2.576575952207417197e-01	1.620888404770365887e-01	2.498796755910405731e-01	1.521130118777317963e-01	7.281466341370884665e-02	2.967254476123440746e-02	7.577366865845180932e-02
1.156710858084978327e+03	2.574477715982956827e-01	1.619475649144548890e-01	2.500256786997949732e-01	1.522024381882506328e-01	7.285204591556866671e-02	2.969541066375062932e-02	7.582909001983033359e-02
1.158162189149074720e+03	2.572383024329789047e-01	1.618065280693706531e-01	2.501714294556769969e-01	1.522917053062817494e-01	7.288936588774287684e-02	2.971824916396594365e-02	7.588441968392868608e-02
1.159613520213171569e+03	2.570291871248771565e-01	1.616657295377260661e-01	2.503169282871695600e-01	1.523808135330251279e-01	7.292662343469016872e-02	2.974106028067826507e-02	7.593965780177951153e-02
1.161064851277267962e+03	2.568204250750962814e-01	1.615251689161474880e-01	2.504621756220296591e-01	1.524697631690587196e-01	7.296381866070289490e-02	2.976384403272180901e-02	7.599480452418895526e-02
1.162516182341364356e+03	2.566120156857604195e-01	1.613848458019445653e-01	2.506071718872900367e-01	1.525585545143398614e-01	7.300095166990727691e-02	2.978660043896688009e-02	7.604986000173673266e-02
1.163967513405461204e+03	2.564039583600102867e-01	1.612447597931088994e-01	2.507519175092600694e-01	1.526471878682068295e-01	7.303802256626368283e-02	2.980932951831966396e-02	7.610482438477628175e-02
1.165418844469557826e+03	2.561962525020013981e-01	1.611049104883130745e-01	2.508964129135270449e-01	1.527356635293803944e-01	7.307503145356691876e-02	2.983203128972200524e-02	7.615969782343484651e-02
1.166870175533654447e+03	2.559888975169020697e-01	1.609652974869094366e-01	2.510406585249576050e-01	1.528239817959652913e-01	7.311197843544643693e-02	2.985470577215121671e-02	7.621448046761362949e-02
1.168321506597751068e+03	2.557818928108919754e-01	1.608259203889290390e-01	2.511846547676985786e-01	1.529121429654516640e-01	7.314886361536665493e-02	2.987735298461985725e-02	7.626917246698791675e-02
1.169772837661847461e+03	2.555752377911601481e-01	1.606867787950804205e-01	2.513284020651785911e-01	1.530001473347166463e-01	7.318568709662716387e-02	2.989997294617553411e-02	7.632377397100720273e-02
1.171224168725944082e+03	2.553689318659032592e-01	1.605478723067486624e-01	2.514719008401091194e-01	1.530879952000257227e-01	7.322244898236303368e-02	2.992256567590067043e-02	7.637828512889528743e-02
1.172675499790040703e+03	2.551629744443240089e-01	1.604092005259940557e-01	2.516151515144856021e-01	1.531756868570342822e-01	7.325914937554503514e-02	2.994513119291233524e-02	7.643270608965044288e-02
1.174126830854137097e+03	2.549573649366291273e-01	1.602707630555511020e-01	2.517581545095888829e-01	1.532632226007891174e-01	7.329578837897991750e-02	2.996766951636200757e-02	7.648703700204556588e-02
1.175578161918233945e+03	2.547521027540277649e-01	1.601325594988274037e-01	2.519009102459863203e-01	1.533506027257298676e-01	7.333236609531065819e-02	2.999018066543538211e-02	7.654127801462828895e-02
1.177029492982330339e+03	2.545471873087298276e-01	1.599945894599025253e-01	2.520434191435328986e-01	1.534378275256904622e-01	7.336888262701669883e-02	3.001266465935215066e-02	7.659542927572111914e-02
1.178480824046426733e+03	2.543426180139439774e-01	1.598568525435268561e-01	2.521856816213726149e-01	1.535248972939005641e-01	7.340533807641423658e-02	3.003512151736581828e-02	7.664949093342154907e-02
1.179932155110523581e+03	2.541383942838761345e-01	1.597193483551205551e-01	2.523276980979396455e-01	1.536118123229870958e-01	7.344173254565647402e-02	3.005755125876347772e-02	7.670346313560227891e-02
1.181383486174620202e+03	2.539345155337275894e-01	1.595820765007723574e-01	2.524694689909592893e-01	1.536985729049756277e-01	7.347806613673381337e-02	3.007995390286561516e-02	7.675734602991132749e-02
1.182834817238716823e+03	2.537309811796933934e-01	1.594450365872384923e-01	2.526109947174496329e-01	1.537851793312918491e-01	7.351433895147417574e-02	3.010232946902590551e-02	7.681113976377214325e-02
1.184286148302813444e+03	2.535277906389605262e-01	1.593082282219416279e-01	2.527522756937223836e-01	1.538716318927630111e-01	7.355055109154322313e-02	3.012467797663100424e-02	7.686484448438379857e-02
1.185737479366910065e+03	2.533249433297062869e-01	1.591716510129697060e-01	2.528933123353842016e-01	1.539579308796193702e-01	7.358670265844462210e-02	3.014699944510035312e-02	7.691846033872112853e-02
1.187188810431006686e+03	2.531224386710962948e-01	1.590353045690748035e-01	2.530341050573379214e-01	1.540440765814955204e-01	7.362279375352023814e-02	3.016929389388596852e-02	7.697198747353488357e-02
1.188640141495103080e+03	2.529202760832831576e-01	1.588991884996721338e-01	2.531746542737837169e-01	1.541300692874320311e-01	7.365882447795046861e-02	3.019156134247224371e-02	7.702542603535189603e-02
1.190091472559199701e+03	2.527184549874045283e-01	1.587633024148388527e-01	2.533149603982203235e-01	1.542159092858766678e-01	7.369479493275443716e-02	3.021380181037574414e-02	7.707877617047521890e-02
1.191542803623296322e+03	2.525169748055813290e-01	1.586276459253130044e-01	2.534550238434460367e-01	1.543015968646858638e-01	7.373070521879024342e-02	3.023601531714500967e-02	7.713203802498432016e-02
1.192994134687392716e+03	2.523158349609163076e-01	1.584922186424923274e-01	2.535948450215601557e-01	1.543871323111262184e-01	7.376655543675522675e-02	3.025820188236035685e-02	7.718521174473519375e-02
1.194445465751489564e+03	2.521150348774920946e-01	1.583570201784332832e-01	2.537344243439641489e-01	1.544725159118758018e-01	7.380234568718617438e-02	3.028036152563367070e-02	7.723829747536058166e-02
1.195896796815585958e+03	2.519145739803695938e-01	1.582220501458498907e-01	2.538737622213627088e-01	1.545577479530256537e-01	7.383807607045961285e-02	3.030249426660821740e-02	7.729129536227008490e-02
1.197348127879682352e+03	2.517144516955863165e-01	1.580873081581126438e-01	2.540128590637649175e-01	1.546428287200810880e-01	7.387374668679198841e-02	3.032460012495842919e-02	7.734420555065038561e-02
1.198799458943779200e+03	2.515146674501546054e-01	1.579527938292473455e-01	2.541517152804856905e-01	1.547277584979631082e-01	7.390935763623998622e-02	3.034667912038971696e-02	7.739702818546538576e-02
1.200250790007875821e+03	2.513152206720599691e-01	1.578185067739341085e-01	2.542903312801465532e-01	1.548125375710098228e-01	7.394490901870072463e-02	3.036873127263827257e-02	7.744976341145637377e-02
1.201702121071972442e+03	2.511161107902595280e-01	1.576844466075062179e-01	2.544287074706771401e-01	1.548971662229778889e-01	7.398040093391200500e-02	3.039075660147086411e-02	7.750241137314220485e-02
1.203153452136069063e+03	2.509173372346801267e-01	1.575506129459490479e-01	2.545668442593162495e-01	1.549816447370437889e-01	7.401583348145254759e-02	3.041275512668464506e-02	7.755497221481949532e-02
1.204604783200165684e+03	2.507188994362167245e-01	1.574170054058989521e-01	2.547047420526130090e-01	1.550659733958052733e-01	7.405120676074222752e-02	3.043472686810696007e-02	7.760744608056276139e-02
1.206056114264262078e+03	2.505207968267308405e-01	1.572836236046421532e-01	2.548424012564280972e-01	1.551501524812826938e-01	7.408652087104233841e-02	3.045667184559514712e-02	7.765983311422465507e-02
1.207507445328358699e+03	2.503230288390487779e-01	1.571504671601137715e-01	2.549798222759347421e-01	1.552341822749204459e-01	7.412177591145577282e-02	3.047859007903632594e-02	7.771213345943607520e-02
1.208958776392455093e+03	2.501255949069599027e-01	1.570175356908965758e-01	2.551170055156202210e-01	1.553180630575882182e-01	7.415697198092731368e-02	3.050048158834723841e-02	7.776434725960640337e-02
1.210410107456551941e+03	2.499284944652150897e-01	1.568848288162200399e-01	2.552539513792867476e-01	1.554017951095824357e-01	7.419210917824389795e-02	3.052234639347401954e-02	7.781647465792367047e-02
1.211861438520648335e+03	2.497317269495250291e-01	1.567523461559591214e-01	2.553906602700526385e-01	1.554853787106276475e-01	7.422718760203472765e-02	3.054418451439201709e-02	7.786851579735469542e-02
1.213312769584745183e+03	2.495352917965584783e-01	1.566200873306332897e-01	2.555271325903537005e-01	1.555688141398777757e-01	7.426220735077164459e-02	3.056599597110560423e-02	7.792047082064540442e-02
1.214764100648841804e+03	2.493391884439407624e-01	1.564880519614053889e-01	2.556633687419441192e-01	1.556521016759175313e-01	7.429716852276929684e-02	3.058778078364798175e-02	7.797233987032084479e-02
1.216215431712937971e+03	2.491434163302520544e-01	1.563562396700806101e-01	2.557993691258977353e-01	1.557352415967637460e-01	7.433207121618536084e-02	3.060953897208097685e-02	7.802412308868550417e-02
1.217666762777034819e+03	2.489479748950256532e-01	1.562246500791053538e-01	2.559351341426092108e-01	1.558182341798667325e-01	7.436691552902079116e-02	3.063127055649486619e-02	7.807582061782343541e-02
1.219118093841131440e+03	2.487528635787464026e-01	1.560932828115661197e-01	2.560706641917951942e-01	1.559010797021115891e-01	7.440170155912009808e-02	3.065297555700818508e-02	7.812743259959850639e-02
1.220569424905228061e+03	2.485580818228491085e-01	1.559621374911885350e-01	2.562059596724954869e-01	1.559837784398195037e-01	7.443642940417147247e-02	3.067465399376751237e-02	7.817895917565451103e-02
1.222020755969324682e+03	2.483636290697168181e-01	1.558312137423362442e-01	2.563410209830739861e-01	1.560663306687491703e-01	7.447109916170710497e-02	3.069630588694731432e-02	7.823040048741546071e-02
1.223472087033421303e+03	2.481695047626792106e-01	1.557005111900098271e-01	2.564758485212201289e-01	1.561487366640980368e-01	7.450571092910340809e-02	3.071793125674972605e-02	7.828175667608572308e-02
1.224923418097517697e+03	2.479757083460109868e-01	1.555700294598457156e-01	2.566104426839499464e-01	1.562309967005036382e-01	7.454026480358121043e-02	3.073953012340438148e-02	7.833302788265021632e-02
1.226374749161614318e+03	2.477822392649301486e-01	1.554397681781151119e-01	2.567448038676070632e-01	1.563131110520449563e-01	7.457476088220602040e-02	3.076110250716821912e-02	7.838421424787461733e-02
1.227826080225710712e+03	2.475890969655964724e-01	1.553097269717229334e-01	2.568789324678639185e-01	1.563950799922436685e-01	7.460919926188822049e-02	3.078264842832528769e-02	7.843531591230562539e-02
1.229277411289807560e+03	2.473962808951098991e-01	1.551799054682067580e-01	2.570128288797229876e-01	1.564769037940654806e-01	7.464358003938333097e-02	3.080416790718656234e-02	7.848633301627104542e-02
1.230728742353903954e+03	2.472037905015088688e-01	1.550503032957357974e-01	2.571464934975178918e-01	1.565585827299214305e-01	7.467790331129220416e-02	3.082566096408977108e-02	7.853726569988010719e-02
1.232180073418000802e+03	2.470116252337686835e-01	1.549209200831097588e-01	2.572799267149143421e-01	1.566401170716692215e-01	7.471216917406124647e-02	3.084712761939917974e-02	7.858811410302360412e-02
1.233631404482097196e+03	2.468197845417998970e-01	1.547917554597577905e-01	2.574131289249116383e-01	1.567215070906144703e-01	7.474637772398270985e-02	3.086856789350542890e-02	7.863887836537408749e-02
1.235082735546193817e+03	2.466282678764467884e-01	1.546628090557374824e-01	2.575461005198434461e-01	1.568027530575119843e-01	7.478052905719483057e-02	3.088998180682534303e-02	7.868955862638614407e-02
1.236534066610290438e+03	2.464370746894856690e-01	1.545340805017337560e-01	2.576788418913791290e-01	1.568838552425671218e-01	7.481462326968210674e-02	3.091136937980174318e-02	7.874015502529654875e-02
1.237985397674387059e+03	2.462462044336233002e-01	1.544055694290578096e-01	2.578113534305246368e-01	1.569648139154370403e-01	7.484866045727552042e-02	3.093273063290326655e-02	7.879066770112447271e-02
1.239436728738483680e+03	2.460556565624953396e-01	1.542772754696460913e-01	2.579436355276240600e-01	1.570456293452318908e-01	7.488264071565273183e-02	3.095406558662417221e-02	7.884109679267173321e-02
1.240888059802580301e+03	2.458654305306646748e-01	1.541491982560592167e-01	2.580756885723604066e-01	1.571263018005162326e-01	7.491656414033834310e-02	3.097537426148417108e-02	7.889144243852297400e-02
1.242339390866676695e+03	2.456755257936198700e-01	1.540213374214809139e-01	2.582075129537567681e-01	1.572068315493102275e-01	7.495043082670407864e-02	3.099665667802823169e-02	7.894170477704590128e-02
1.243790721930773088e+03	2.454859418077736111e-01	1.538936925997169969e-01	2.583391090601775408e-01	1.572872188590909437e-01	7.498424086996904880e-02	3.101791285682640661e-02	7.899188394639150568e-02
1.245242052994869937e+03	2.452966780304610128e-01	1.537662634251942551e-01	2.584704772793294802e-01	1.573674639967935218e-01	7.501799436519994424e-02	3.103914281847364870e-02	7.904198008449418722e-02
1.246693384058966330e+03	2.451077339199380645e-01	1.536390495329595651e-01	2.586016179982627006e-01	1.574475672288126460e-01	7.505169140731125788e-02	3.106034658358962364e-02	7.909199332907212998e-02
1.248144715123063179e+03	2.449191089353801587e-01	1.535120505586785866e-01	2.587325316033722289e-01	1.575275288210035707e-01	7.508533209106550699e-02	3.108152417281853305e-02	7.914192381762739925e-02
1.249596046187159800e+03	2.447308025368804540e-01	1.533852661386349292e-01	2.588632184803984493e-01	1.576073490386835085e-01	7.511891651107346912e-02	3.110267560682893756e-02	7.919177168744619133e-02
1.251047377251256421e+03	2.445428141854481541e-01	1.532586959097291257e-01	2.589936790144287682e-01	1.576870281466328516e-01	7.515244476179437638e-02	3.112380090631357635e-02	7.924153707559905557e-02
1.252498708315352815e+03	2.443551433430072028e-01	1.531323395094773554e-01	2.591239135898985579e-01	1.577665664090963649e-01	7.518591693753615135e-02	3.114490009198918677e-02	7.929122011894114419e-02
1.253950039379449436e+03	2.441677894723944808e-01	1.530061965760106391e-01	2.592539225905920452e-01	1.578459640897844629e-01	7.521933313245564301e-02	3.116597318459631352e-02	7.934082095411240654e-02
1.255401370443546057e+03	2.439807520373583061e-01	1.528802667480736732e-01	2.593837063996436432e-01	1.579252214518745423e-01	7.525269344055879328e-02	3.118702020489915253e-02	7.939033971753779728e-02
1.256852701507642678e+03	2.437940305025570187e-01	1.527545496650238588e-01	2.595132653995391725e-01	1.580043387580120640e-01	7.528599795570091457e-02	3.120804117368536357e-02	7.943977654542754008e-02
1.258304032571739299e+03	2.436076243335571490e-01	1.526290449668302462e-01	2.596425999721166389e-01	1.580833162703118577e-01	7.531924677158687020e-02	3.122903611176587949e-02	7.948913157377730798e-02
1.259755363635835920e+03	2.434215329968321129e-01	1.525037522940724533e-01	2.597717104985673986e-01	1.581621542503593436e-01	7.535243998177129643e-02	3.125000503997475698e-02	7.953840493836851488e-02
1.261206694699932314e+03	2.432357559597605468e-01	1.523786712879396932e-01	2.599005973594376018e-01	1.582408529592117530e-01	7.538557767965878287e-02	3.127094797916897539e-02	7.958759677476846817e-02
1.262658025764028707e+03	2.430502926906246697e-01	1.522538015902298036e-01	2.600292609346288586e-01	1.583194126573993499e-01	7.541865995850419169e-02	3.129186495022827363e-02	7.963670721833066013e-02
1.264109356828125556e+03	2.428651426586088957e-01	1.521291428433480253e-01	2.601577016033995715e-01	1.583978336049266800e-01	7.545168691141278250e-02	3.131275597405498018e-02	7.968573640419492066e-02
1.265560687892221949e+03	2.426803053337982241e-01	1.520046946903061136e-01	2.602859197443658235e-01	1.584761160612736530e-01	7.548465863134044829e-02	3.133362107157382226e-02	7.973468446728775028e-02
1.267012018956318798e+03	2.424957801871766294e-01	1.518804567747213397e-01	2.604139157355028211e-01	1.585542602853969307e-01	7.551757521109392357e-02	3.135446026373175932e-02	7.978355154232247282e-02
1.268463350020415419e+03	2.423115666906256460e-01	1.517564287408153245e-01	2.605416899541455056e-01	1.586322665357310369e-01	7.555043674333103421e-02	3.137527357149781648e-02	7.983233776379949909e-02
1.269914681084511813e+03	2.421276643169227027e-01	1.516326102334131787e-01	2.606692427769899956e-01	1.587101350701895786e-01	7.558324332056086392e-02	3.139606101586291109e-02	7.988104326600653504e-02
1.271366012148608434e+03	2.419440725397397352e-01	1.515090008979423641e-01	2.607965745800947532e-01	1.587878661461664398e-01	7.561599503514401799e-02	3.141682261783966534e-02	7.992966818301885934e-02
1.272817343212705055e+03	2.417607908336414368e-01	1.513856003804317230e-01	2.609236857388811948e-01	1.588654600205369194e-01	7.564869197929276201e-02	3.143755839846224670e-02	7.997821264869950375e-02
1.274268674276801676e+03	2.415778186740839828e-01	1.512624083275105058e-01	2.610505766281351892e-01	1.589429169496590355e-01	7.568133424507131335e-02	3.145826837878620830e-02	8.002667679669953071e-02
1.275720005340898297e+03	2.413951555374133084e-01	1.511394243864072062e-01	2.611772476220081129e-01	1.590202371893746358e-01	7.571392192439602153e-02	3.147895257988827383e-02	8.007506076045821375e-02
1.277171336404994690e+03	2.412128009008636942e-01	1.510166482049486725e-01	2.613036990940175719e-01	1.590974209950106188e-01	7.574645510903557644e-02	3.149961102286622655e-02	8.012336467320338440e-02
1.278622667469091539e+03	2.410307542425562388e-01	1.508940794315591083e-01	2.614299314170488997e-01	1.591744686213800719e-01	7.577893389061120255e-02	3.152024372883870107e-02	8.017158866795152938e-02
1.280073998533187932e+03	2.408490150414972497e-01	1.507717177152589072e-01	2.615559449633559908e-01	1.592513803227834923e-01	7.581135836059689492e-02	3.154085071894501685e-02	8.021973287750815140e-02
1.281525329597284326e+03	2.406675827775768273e-01	1.506495627056638753e-01	2.616817401045624103e-01	1.593281563530099809e-01	7.584372861031964119e-02	3.156143201434502554e-02	8.026779743446790794e-02
1.282976660661381175e+03	2.404864569315673384e-01	1.505276140529840101e-01	2.618073172116626157e-01	1.594047969653383245e-01	7.587604473095957425e-02	3.158198763621891669e-02	8.031578247121495817e-02
1.284427991725477568e+03	2.403056369851218343e-01	1.504058714080226677e-01	2.619326766550226782e-01	1.594813024125382173e-01	7.590830681355027754e-02	3.160251760576708591e-02	8.036368811992307404e-02
1.285879322789574417e+03	2.401251224207726354e-01	1.502843344221753419e-01	2.620578188043817258e-01	1.595576729468713983e-01	7.594051494897886834e-02	3.162302194420994750e-02	8.041151451255600102e-02
1.287330653853671038e+03	2.399449127219297206e-01	1.501630027474288587e-01	2.621827440288527211e-01	1.596339088200929290e-01	7.597266922798633082e-02	3.164350067278774714e-02	8.045926178086762470e-02
1.288781984917767431e+03	2.397650073728793962e-01	1.500418760363602944e-01	2.623074526969237374e-01	1.597100102834521640e-01	7.600476974116765483e-02	3.166395381276044391e-02	8.050693005640224831e-02
1.290233315981864052e+03	2.395854058587826296e-01	1.499209539421360038e-01	2.624319451764587918e-01	1.597859775876940835e-01	7.603681657897203017e-02	3.168438138540748822e-02	8.055451947049481476e-02
