1.001418434226643626e+03	2.820389630041134632e-01	1.785025356470741065e-01	2.328793256928354538e-01	1.416686705388700285e-01	6.847310281336962956e-02	2.709209210112296928e-02	6.934531020255951805e-02
1.003837319333471214e+03	2.816208314238187738e-01	1.782210033007576577e-01	2.331713865574674971e-01	1.418488104466250621e-01	6.854744740628125610e-02	2.713520073474477712e-02	6.945532013025021434e-02
1.006256204440298802e+03	2.812038769387140147e-01	1.779402635508967323e-01	2.334626090640475327e-01	1.420284093403772208e-01	6.862158505704685219e-02	2.717822840003691898e-02	6.956502764882600831e-02
1.008675089547126618e+03	2.807880962242566558e-01	1.776603141651458273e-01	2.337529955829499573e-01	1.422074689615388798e-01	6.869551633851200823e-02	2.722117516043282004e-02	6.967443356710917302e-02
1.011093974653954206e+03	2.803734859654882783e-01	1.773811529173285884e-01	2.340425484778528853e-01	1.423859910452398014e-01	6.876924182193974722e-02	2.726404107983497124e-02	6.978353869226108785e-02
1.013512859760782021e+03	2.799600428570007682e-01	1.771027775874258470e-01	2.343312701057574388e-01	1.425639773203558891e-01	6.884276207701711670e-02	2.730682622261181025e-02	6.989234382977649318e-02
1.015931744867609382e+03	2.795477636029030655e-01	1.768251859615634081e-01	2.346191628170067878e-01	1.427414295095376373e-01	6.891607767186190558e-02	2.734953065359461630e-02	7.000084978347795306e-02
1.018350629974437197e+03	2.791366449167876906e-01	1.765483758319998653e-01	2.349062289553053018e-01	1.429183493292384144e-01	6.898918917302908349e-02	2.739215443807439115e-02	7.010905735551055395e-02
1.020769515081264785e+03	2.787266835216983818e-01	1.762723449971140277e-01	2.351924708577375900e-01	1.430947384897424679e-01	6.906209714551729550e-02	2.743469764179874010e-02	7.021696734633683934e-02
1.023188400188092373e+03	2.783178761500970655e-01	1.759970912613923744e-01	2.354778908547872918e-01	1.432705986951929578e-01	6.913480215277513496e-02	2.747716033096874941e-02	7.032458055473177205e-02
1.025607285294920075e+03	2.779102195438319933e-01	1.757226124354163144e-01	2.357624912703562559e-01	1.434459316436194898e-01	6.920730475670740234e-02	2.751954257223587080e-02	7.043189777777805749e-02
1.028026170401747549e+03	2.775037104541056565e-01	1.754489063358492806e-01	2.360462744217831088e-01	1.436207390269657047e-01	6.927960551768128084e-02	2.756184443269880241e-02	7.053891981086159169e-02
1.030445055508575479e+03	2.770983456414431445e-01	1.751759707854237125e-01	2.363292426198621288e-01	1.437950225311165620e-01	6.935170499453242876e-02	2.760406597990038360e-02	7.064564744766702042e-02
1.032863940615402726e+03	2.766941218756609477e-01	1.749038036129279827e-01	2.366113981688619528e-01	1.439687838359255123e-01	6.942360374457091921e-02	2.764620728182445863e-02	7.075208148017358978e-02
1.035282825722230655e+03	2.762910359358356494e-01	1.746324026531930751e-01	2.368927433665442561e-01	1.441420246152412543e-01	6.949530232358717974e-02	2.768826840689278188e-02	7.085822269865107992e-02
1.037701710829058356e+03	2.758890846102731720e-01	1.743617657470792337e-01	2.371732805041823211e-01	1.443147465369347959e-01	6.956680128585784884e-02	2.773024942396188838e-02	7.096407189165600260e-02
1.040120595935886058e+03	2.754882646964781356e-01	1.740918907414625572e-01	2.374530118665794942e-01	1.444869512629256836e-01	6.963810118415149353e-02	2.777215040232000262e-02	7.106962984602788191e-02
1.042539481042713533e+03	2.750885730011234376e-01	1.738227754892214538e-01	2.377319397320877548e-01	1.446586404492086753e-01	6.970920256973434093e-02	2.781397141168392290e-02	7.117489734688564607e-02
1.044958366149541234e+03	2.746900063400202763e-01	1.735544178492229306e-01	2.380100663726260890e-01	1.448298157458798308e-01	6.978010599237578770e-02	2.785571252219590233e-02	7.127987517762439384e-02
1.047377251256368709e+03	2.742925615380882309e-01	1.732868156863089093e-01	2.382873940536987811e-01	1.450004787971625186e-01	6.985081200035411775e-02	2.789737380442058184e-02	7.138456411991206396e-02
1.049796136363196410e+03	2.738962354293255630e-01	1.730199668712823213e-01	2.385639250344138151e-01	1.451706312414333677e-01	6.992132114046176183e-02	2.793895532934185036e-02	7.148896495368643744e-02
1.052215021470024112e+03	2.735010248567799618e-01	1.727538692808933685e-01	2.388396615675009993e-01	1.453402747112479965e-01	6.999163395801084875e-02	2.798045716835978469e-02	7.159307845715220942e-02
1.054633906576851814e+03	2.731069266725189570e-01	1.724885207978253121e-01	2.391146058993302292e-01	1.455094108333664371e-01	7.006175099683847884e-02	2.802187939328753402e-02	7.169690540677822743e-02
1.057052791683679516e+03	2.727139377376012752e-01	1.722239193106807065e-01	2.393887602699296124e-01	1.456780412287785320e-01	7.013167279931196985e-02	2.806322207634825289e-02	7.180044657729485469e-02
1.059471676790506763e+03	2.723220549220478626e-01	1.719600627139671045e-01	2.396621269130033705e-01	1.458461675127292467e-01	7.020139990633408877e-02	2.810448529017200298e-02	7.190370274169151366e-02
1.061890561897334692e+03	2.719312751048134080e-01	1.716969489080828748e-01	2.399347080559501022e-01	1.460137912947435668e-01	7.027093285734822836e-02	2.814566910779268613e-02	7.200667467121432685e-02
1.064309447004162394e+03	2.715415951737576994e-01	1.714345757993031849e-01	2.402065059198805752e-01	1.461809141786514221e-01	7.034027219034341694e-02	2.818677360264495654e-02	7.210936313536392417e-02
1.066728332110990095e+03	2.711530120256177012e-01	1.711729412997655408e-01	2.404775227196356280e-01	1.463475377626124174e-01	7.040941844185936993e-02	2.822779884856117805e-02	7.221176890189337505e-02
1.069147217217817570e+03	2.707655225659792997e-01	1.709120433274554374e-01	2.407477606638040446e-01	1.465136636391403957e-01	7.047837214699145814e-02	2.826874491976833978e-02	7.231389273680621788e-02
1.071566102324645271e+03	2.703791237092496580e-01	1.706518798061921471e-01	2.410172219547402905e-01	1.466792933951278355e-01	7.054713383939560656e-02	2.830961189088501348e-02	7.241573540435466971e-02
1.073984987431472746e+03	2.699938123786292943e-01	1.703924486656141768e-01	2.412859087885823317e-01	1.468444286118700814e-01	7.061570405129312389e-02	2.835039983691828303e-02	7.251729766703791935e-02
1.076403872538300675e+03	2.696095855060848812e-01	1.701337478411648618e-01	2.415538233552692593e-01	1.470090708650894362e-01	7.068408331347551810e-02	2.839110883326072254e-02	7.261858028560055911e-02
1.078822757645127922e+03	2.692264400323216567e-01	1.698757752740779059e-01	2.418209678385588590e-01	1.471732217249591412e-01	7.075227215530922875e-02	2.843173895568733636e-02	7.271958401903114155e-02
1.081241642751955851e+03	2.688443729067564458e-01	1.696185289113627259e-01	2.420873444160452914e-01	1.473368827561271632e-01	7.082027110474033160e-02	2.847229028035253712e-02	7.282030962456084722e-02
1.083660527858783553e+03	2.684633810874905158e-01	1.693620067057900469e-01	2.423529552591764946e-01	1.475000555177397588e-01	7.088808068829914599e-02	2.851276288378712734e-02	7.292075785766224949e-02
1.086079412965611255e+03	2.680834615412828192e-01	1.691062066158772470e-01	2.426178025332717814e-01	1.476627415634651219e-01	7.095570143110482841e-02	2.855315684289526021e-02	7.302092947204823215e-02
1.088498298072438729e+03	2.677046112435234604e-01	1.688511266058737859e-01	2.428818883975390475e-01	1.478249424415166158e-01	7.102313385686995217e-02	2.859347223495144197e-02	7.312082521967096238e-02
1.090917183179266431e+03	2.673268271782068273e-01	1.685967646457464664e-01	2.431452150050923688e-01	1.479866596946760593e-01	7.109037848790493441e-02	2.863370913759752043e-02	7.322044585072101652e-02
1.093336068286093905e+03	2.669501063379054462e-01	1.683431187111649741e-01	2.434077845029691267e-01	1.481478948603167645e-01	7.115743584512253250e-02	2.867386762883968390e-02	7.331979211362660287e-02
1.095754953392921607e+03	2.665744457237438358e-01	1.680901867834870278e-01	2.436695990321473271e-01	1.483086494704263791e-01	7.122430644804220168e-02	2.871394778704547401e-02	7.341886475505289555e-02
1.098173838499749309e+03	2.661998423453720841e-01	1.678379668497437527e-01	2.439306607275627536e-01	1.484689250516298409e-01	7.129099081479450817e-02	2.875394969094080197e-02	7.351766451990139617e-02
1.100592723606577010e+03	2.658262932209400353e-01	1.675864569026250250e-01	2.441909717181262041e-01	1.486287231252119423e-01	7.135748946212537580e-02	2.879387341960697178e-02	7.361619215130951743e-02
1.103011608713404712e+03	2.654537953770718106e-01	1.673356549404647065e-01	2.444505341267405041e-01	1.487880452071398130e-01	7.142380290540040200e-02	2.883371905247771039e-02	7.371444839065012522e-02
1.105430493820231959e+03	2.650823458488394957e-01	1.670855589672259611e-01	2.447093500703175772e-01	1.489468928080853738e-01	7.148993165860903498e-02	2.887348666933621175e-02	7.381243397753135815e-02
1.107849378927059888e+03	2.647119416797381608e-01	1.668361669924864898e-01	2.449674216597954868e-01	1.491052674334475137e-01	7.155587623436880651e-02	2.891317635031218428e-02	7.391014964979630841e-02
1.110268264033887590e+03	2.643425799216601590e-01	1.665874770314239028e-01	2.452247510001552833e-01	1.492631705833742384e-01	7.162163714392946745e-02	2.895278817587889492e-02	7.400759614352302174e-02
1.112687149140715292e+03	2.639742576348697023e-01	1.663394871048007873e-01	2.454813401904379910e-01	1.494206037527846809e-01	7.168721489717710948e-02	2.899232222685025825e-02	7.410477419302435864e-02
1.115106034247542766e+03	2.636069718879782697e-01	1.660921952389501077e-01	2.457371913237614280e-01	1.495775684313908616e-01	7.175261000263817579e-02	2.903177858437788403e-02	7.420168453084820259e-02
1.117524919354370468e+03	2.632407197579187397e-01	1.658455994657605237e-01	2.459923064873369147e-01	1.497340661037195042e-01	7.181782296748355499e-02	2.907115732994818361e-02	7.429832788777752939e-02
1.119943804461197942e+03	2.628754983299211867e-01	1.655996978226614569e-01	2.462466877624861217e-01	1.498900982491335465e-01	7.188285429753256406e-02	2.911045854537942790e-02	7.439470499283064309e-02
1.122362689568025871e+03	2.625113046974876241e-01	1.653544883526085474e-01	2.465003372246578062e-01	1.500456663418537062e-01	7.194770449725690353e-02	2.914968231281889199e-02	7.449081657326150907e-02
1.124781574674853118e+03	2.621481359623675234e-01	1.651099691040687767e-01	2.467532569434442713e-01	1.502007718509797696e-01	7.201237406978454325e-02	2.918882871473991655e-02	7.458666335456021201e-02
1.127200459781681047e+03	2.617859892345331119e-01	1.648661381310058682e-01	2.470054489825981303e-01	1.503554162405117689e-01	7.207686351690370530e-02	2.922789783393905591e-02	7.468224606045330283e-02
1.129619344888508749e+03	2.614248616321552254e-01	1.646229934928654937e-01	2.472569154000488212e-01	1.505096009693711878e-01	7.214117333906663876e-02	2.926688975353319497e-02	7.477756541290449255e-02
1.132038229995336451e+03	2.610647502815783283e-01	1.643805332545605069e-01	2.475076582479189824e-01	1.506633274914218334e-01	7.220530403539349162e-02	2.930580455695669037e-02	7.487262213211517969e-02
1.134457115102163925e+03	2.607056523172969764e-01	1.641387554864563447e-01	2.477576795725410785e-01	1.508165972554907364e-01	7.226925610367611330e-02	2.934464232795851169e-02	7.496741693652519967e-02
1.136876000208991627e+03	2.603475648819311705e-01	1.638976582643563717e-01	2.480069814144737206e-01	1.509694117053889117e-01	7.233303004038175998e-02	2.938340315059938951e-02	7.506195054281360191e-02
1.139294885315819101e+03	2.599904851262025973e-01	1.636572396694870313e-01	2.482555658085180417e-01	1.511217722799319263e-01	7.239662634065689717e-02	2.942208710924899481e-02	7.515622366589946868e-02
1.141713770422646803e+03	2.596344102089105932e-01	1.634174977884833013e-01	2.485034347837339064e-01	1.512736804129604096e-01	7.246004549833083563e-02	2.946069428858310441e-02	7.525023701894281714e-02
1.144132655529474505e+03	2.592793372969082744e-01	1.631784307133740952e-01	2.487505903634562865e-01	1.514251375333604543e-01	7.252328800591949232e-02	2.949922477358079762e-02	7.534399131334562627e-02
1.146551540636302207e+03	2.589252635650789447e-01	1.629400365415673846e-01	2.489970345653114425e-01	1.515761450650839059e-01	7.258635435462892915e-02	2.953767864952161828e-02	7.543748725875283612e-02
1.148970425743129908e+03	2.585721861963122814e-01	1.627023133758358497e-01	2.492427694012331330e-01	1.517267044271685128e-01	7.264924503435908620e-02	2.957605600198282003e-02	7.553072556305345797e-02
1.151389310849957155e+03	2.582201023814809648e-01	1.624652593243021692e-01	2.494877968774784904e-01	1.518768170337578549e-01	7.271196053370729273e-02	2.961435691683654906e-02	7.562370693238176789e-02
1.153808195956785084e+03	2.578690093194171973e-01	1.622288725004243648e-01	2.497321189946444808e-01	1.520264842941214389e-01	7.277450133997187542e-02	2.965258148024708246e-02	7.571643207111856955e-02
1.156227081063612786e+03	2.575189042168894993e-01	1.619931510229813132e-01	2.499757377476836129e-01	1.521757076126744324e-01	7.283686793915565560e-02	2.969072977866805962e-02	7.580890168189240164e-02
1.158645966170440488e+03	2.571697842885791729e-01	1.617580930160581465e-01	2.502186551259200087e-01	1.523244883889973977e-01	7.289906081596950194e-02	2.972880189883973095e-02	7.590111646558098113e-02
1.161064851277267962e+03	2.568216467570574313e-01	1.615236966090317638e-01	2.504608731130653632e-01	1.524728280178558326e-01	7.296108045383579987e-02	2.976679792778620659e-02	7.599307712131252168e-02
1.163483736384095664e+03	2.564744888527620281e-01	1.612899599365563430e-01	2.507023936872348480e-01	1.526207278892197650e-01	7.302292733489189336e-02	2.980471795281271902e-02	7.608478434646726019e-02
1.165902621490923138e+03	2.561283078139746094e-01	1.610568811385487686e-01	2.509432188209628767e-01	1.527681893882830988e-01	7.308460193999360976e-02	2.984256206150289956e-02	7.617623883667896945e-02
1.168321506597751068e+03	2.557831008867976763e-01	1.608244583601742272e-01	2.511833504812188700e-01	1.529152138954828211e-01	7.314610474871859058e-02	2.988033034171608260e-02	7.626744128583651250e-02
1.170740391704578315e+03	2.554388653251319363e-01	1.605926897518316909e-01	2.514227906294231318e-01	1.530618027865182085e-01	7.320743623936971922e-02	2.991802288158457515e-02	7.635839238608549406e-02
1.173159276811406244e+03	2.550955983906532665e-01	1.603615734691396233e-01	2.516615412214625036e-01	1.532079574323700066e-01	7.326859688897846556e-02	2.995563976951098190e-02	7.644909282782988424e-02
1.175578161918233945e+03	2.547532973527904532e-01	1.601311076729215743e-01	2.518996042077059627e-01	1.533536791993192760e-01	7.332958717330829990e-02	2.999318109416551636e-02	7.653954329973382265e-02
1.177997047025061647e+03	2.544119594887023772e-01	1.599012905291915809e-01	2.521369815330201658e-01	1.534989694489662659e-01	7.339040756685796807e-02	3.003064694448332253e-02	7.662974448872332534e-02
1.180415932131889122e+03	2.540715820832558092e-01	1.596721202091400948e-01	2.523736751367851583e-01	1.536438295382492047e-01	7.345105854286479441e-02	3.006803740966183455e-02	7.671969707998815835e-02
1.182834817238716823e+03	2.537321624290028721e-01	1.594435948891195498e-01	2.526096869529098621e-01	1.537882608194629519e-01	7.351154057330805403e-02	3.010535257915810531e-02	7.680940175698371120e-02
1.185253702345544298e+03	2.533936978261587258e-01	1.592157127506300396e-01	2.528450189098476186e-01	1.539322646402775940e-01	7.357185412891212306e-02	3.014259254268617655e-02	7.689885920143282871e-02
1.187672587452371999e+03	2.530561855825796402e-01	1.589884719803051627e-01	2.530796729306112880e-01	1.540758423437568470e-01	7.363199967914979549e-02	3.017975739021445600e-02	7.698807009332787887e-02
1.190091472559199701e+03	2.527196230137405131e-01	1.587618707698976450e-01	2.533136509327891805e-01	1.542189952683764020e-01	7.369197769224553052e-02	3.021684721196308751e-02	7.707703511093270954e-02
1.192510357666027403e+03	2.523840074427130542e-01	1.585359073162651844e-01	2.535469548285598784e-01	1.543617247480423282e-01	7.375178863517860284e-02	3.025386209840135593e-02	7.716575493078470238e-02
1.194929242772855105e+03	2.520493362001436366e-01	1.583105798213563509e-01	2.537795865247077787e-01	1.545040321121090576e-01	7.381143297368633616e-02	3.029080214024508499e-02	7.725423022769682679e-02
1.197348127879682352e+03	2.517156066242316470e-01	1.580858864921962370e-01	2.540115479226383588e-01	1.546459186853976209e-01	7.387091117226726733e-02	3.032766742845404567e-02	7.734246167475984646e-02
1.199767012986510281e+03	2.513828160607074480e-01	1.578618255408725246e-01	2.542428409183933313e-01	1.547873857882134663e-01	7.393022369418431050e-02	3.036445805422940611e-02	7.743044994334442876e-02
1.202185898093337983e+03	2.510509618628108397e-01	1.576383951845213016e-01	2.544734674026658539e-01	1.549284347363645287e-01	7.398937100146789347e-02	3.040117410901114342e-02	7.751819570310333751e-02
1.204604783200165684e+03	2.507200413912691883e-01	1.574155936453129623e-01	2.547034292608155726e-01	1.550690668411788264e-01	7.404835355491909410e-02	3.043781568447550753e-02	7.760569962197376437e-02
1.207023668306993159e+03	2.503900520142760544e-01	1.571934191504382183e-01	2.549327283728837212e-01	1.552092834095222806e-01	7.410717181411269339e-02	3.047438287253247807e-02	7.769296236617950768e-02
1.209442553413820860e+03	2.500609911074694325e-01	1.569718699320941102e-01	2.551613666136081648e-01	1.553490857438162565e-01	7.416582623740033964e-02	3.051087576532323514e-02	7.777998460023337335e-02
1.211861438520648335e+03	2.497328560539106013e-01	1.567509442274699349e-01	2.553893458524384430e-01	1.554884751420551880e-01	7.422431728191360156e-02	3.054729445521763356e-02	7.786676698693947851e-02
1.214280323627476264e+03	2.494056442440624743e-01	1.565306402787334517e-01	2.556166679535507025e-01	1.556274528978238425e-01	7.428264540356697976e-02	3.058363903481170834e-02	7.795331018739565243e-02
1.216699208734303511e+03	2.490793530757685337e-01	1.563109563330167817e-01	2.558433347758626297e-01	1.557660203003147781e-01	7.434081105706101533e-02	3.061990959692517320e-02	7.803961486099589284e-02
1.219118093841131440e+03	2.487539799542314856e-01	1.560918906424026420e-01	2.560693481730481613e-01	1.559041786343454972e-01	7.439881469588528751e-02	3.065610623459893644e-02	7.812568166543278070e-02
1.221536978947959142e+03	2.484295222919921664e-01	1.558734414639104671e-01	2.562947099935524720e-01	1.560419291803756547e-01	7.445665677232141122e-02	3.069222904109263073e-02	7.821151125669997817e-02
1.223955864054786844e+03	2.481059775089083930e-01	1.556556070594826702e-01	2.565194220806066849e-01	1.561792732145241280e-01	7.451433773744610412e-02	3.072827810988214281e-02	7.829710428909474051e-02
1.226374749161614318e+03	2.477833430321340347e-01	1.554383856959705990e-01	2.567434862722424715e-01	1.563162120085859474e-01	7.457185804113410088e-02	3.076425353465717452e-02	7.838246141522049737e-02
1.228793634268442020e+03	2.474616162960980026e-01	1.552217756451210739e-01	2.569669044013072057e-01	1.564527468300492552e-01	7.462921813206116473e-02	3.080015540931878987e-02	7.846758328598937848e-02
1.231212519375269494e+03	2.471407947424834328e-01	1.550057751835624831e-01	2.571896782954779526e-01	1.565888789421120697e-01	7.468641845770707111e-02	3.083598382797700377e-02	7.855247055062485051e-02
1.233631404482097196e+03	2.468208758202068975e-01	1.547903825927911536e-01	2.574118097772766789e-01	1.567246096036989944e-01	7.474345946435848043e-02	3.087173888494835691e-02	7.863712385666436766e-02
1.236050289588924898e+03	2.465018569853975605e-01	1.545755961591576688e-01	2.576333006640843526e-01	1.568599400694778989e-01	7.480034159711192177e-02	3.090742067475350102e-02	7.872154384996199461e-02
1.238469174695752372e+03	2.461837357013766103e-01	1.543614141738532397e-01	2.578541527681558754e-01	1.569948715898764613e-01	7.485706529987673497e-02	3.094302929211482228e-02	7.880573117469114042e-02
1.240888059802580301e+03	2.458665094386366934e-01	1.541478349328961328e-01	2.580743678966342380e-01	1.571294054110985716e-01	7.491363101537794333e-02	3.097856483195404395e-02	7.888968647334725082e-02
1.243306944909407548e+03	2.455501756748211806e-01	1.539348567371180976e-01	2.582939478515651754e-01	1.572635427751408188e-01	7.497003918515915410e-02	3.101402738938986020e-02	7.897341038675052827e-02
1.245725830016235477e+03	2.452347318947039334e-01	1.537224778921507662e-01	2.585128944299115439e-01	1.573972849198087831e-01	7.502629024958545889e-02	3.104941705973558730e-02	7.905690355404873526e-02
1.248144715123063179e+03	2.449201755901687372e-01	1.535106967084123031e-01	2.587312094235675874e-01	1.575306330787331621e-01	7.508238464784629251e-02	3.108473393849679051e-02	7.914016661271995601e-02
1.250563600229890881e+03	2.446065042601890394e-01	1.532995115010938325e-01	2.589488946193732599e-01	1.576635884813860078e-01	7.513832281795833345e-02	3.111997812136896996e-02	7.922320019857544138e-02
1.252982485336718355e+03	2.442937154108076603e-01	1.530889205901460326e-01	2.591659517991284911e-01	1.577961523530967691e-01	7.519410519676829330e-02	3.115514970423521879e-02	7.930600494576237058e-02
1.255401370443546057e+03	2.439818065551165871e-01	1.528789223002657571e-01	2.593823827396076753e-01	1.579283259150683072e-01	7.524973221995580330e-02	3.119024878316391247e-02	7.938858148676683490e-02
1.257820255550373531e+03	2.436707752132367399e-01	1.526695149608826851e-01	2.595981892125734936e-01	1.580601103843926603e-01	7.530520432203627323e-02	3.122527545440641206e-02	7.947093045241662712e-02
1.260239140657201460e+03	2.433606189122980434e-01	1.524606969061458872e-01	2.598133729847914020e-01	1.581915069740670587e-01	7.536052193636359753e-02	3.126022981439476739e-02	7.955305247188412809e-02
1.262658025764028707e+03	2.430513351864193317e-01	1.522524664749106971e-01	2.600279358180435096e-01	1.583225168930095517e-01	7.541568549513308350e-02	3.129511195973942728e-02	7.963494817268929049e-02
1.265076910870856636e+03	2.427429215766883364e-01	1.520448220107253334e-01	2.602418794691428450e-01	1.584531413460747440e-01	7.547069542938417142e-02	3.132992198722699129e-02	7.971661818070255312e-02
1.267495795977684338e+03	2.424353756311418695e-01	1.518377618618176883e-01	2.604552056899471779e-01	1.585833815340693120e-01	7.552555216900330715e-02	3.136465999381792685e-02	7.979806312014778302e-02
1.269914681084511813e+03	2.421286949047458947e-01	1.516312843810821986e-01	2.606679162273731198e-01	1.587132386537675743e-01	7.558025614272662063e-02	3.139932607664432801e-02	7.987928361360531471e-02
1.272333566191339514e+03	2.418228769593758765e-01	1.514253879260666347e-01	2.608800128234102234e-01	1.588427138979269515e-01	7.563480777814277078e-02	3.143392033300770882e-02	7.996028028201485061e-02
1.274752451298167216e+03	2.415179193637970179e-01	1.512200708589589715e-01	2.610914972151348046e-01	1.589718084553033151e-01	7.568920750169567946e-02	3.146844286037673438e-02	8.004105374467855583e-02
1.277171336404994690e+03	2.412138196936445544e-01	1.510153315465743162e-01	2.613023711347235989e-01	1.591005235106662252e-01	7.574345573868727921e-02	3.150289375638502115e-02	8.012160461926405575e-02
1.279590221511822392e+03	2.409105755314042141e-01	1.508111683603418629e-01	2.615126363094679718e-01	1.592288602448142520e-01	7.579755291328026112e-02	3.153727311882896511e-02	8.020193352180753077e-02
1.282009106618650094e+03	2.406081844663926772e-01	1.506075796762918473e-01	2.617222944617875191e-01	1.593568198345900466e-01	7.585149944850080872e-02	3.157158104566552131e-02	8.028204106671675555e-02
1.284427991725477568e+03	2.403066440947381754e-01	1.504045638750425296e-01	2.619313473092436673e-01	1.594844034528954124e-01	7.590529576624130415e-02	3.160581763501001118e-02	8.036192786677412436e-02
1.286846876832305497e+03	2.400059520193608686e-01	1.502021193417873435e-01	2.621397965645537731e-01	1.596116122687063210e-01	7.595894228726308983e-02	3.163998298513400614e-02	8.044159453313981523e-02
1.289265761939132744e+03	2.397061058499537767e-01	1.500002444662818790e-01	2.623476439356044465e-01	1.597384474470879001e-01	7.601243943119911917e-02	3.167407719446310721e-02	8.052104167535494017e-02
1.291684647045960673e+03	2.394071032029632395e-01	1.497989376428310593e-01	2.625548911254655393e-01	1.598649101492091718e-01	7.606578761655673204e-02	3.170810036157484246e-02	8.060026990134454283e-02
1.294103532152788375e+03	2.391089417015698770e-01	1.495981972702762341e-01	2.627615398324034124e-01	1.599910015323579293e-01	7.611898726072025001e-02	3.174205258519652989e-02	8.067927981742085974e-02
1.296522417259616077e+03	2.388116189756692154e-01	1.493980217519824127e-01	2.629675917498947024e-01	1.601167227499554202e-01	7.617203877995372407e-02	3.177593396420312633e-02	8.075807202828640119e-02
1.298941302366443551e+03	2.385151326618527579e-01	1.491984094958254958e-01	2.631730485666398667e-01	1.602420749515709730e-01	7.622494258940358536e-02	3.180974459761515272e-02	8.083664713703718474e-02
1.301360187473271253e+03	2.382194804033888058e-01	1.489993589141793973e-01	2.633779119665765056e-01	1.603670592829366248e-01	7.627769910310133739e-02	3.184348458459654307e-02	8.091500574516584388e-02
1.303779072580098727e+03	2.379246598502035015e-01	1.488008684239034707e-01	2.635821836288928521e-01	1.604916768859615261e-01	7.633030873396619287e-02	3.187715402445261831e-02	8.099314845256487538e-02
1.306197957686926657e+03	2.376306686588618156e-01	1.486029364463298530e-01	2.637858652280414273e-01	1.606159288987464850e-01	7.638277189380772436e-02	3.191075301662793517e-02	8.107107585752980350e-02
1.308616842793753904e+03	2.373375044925487287e-01	1.484055614072506968e-01	2.639889584337520301e-01	1.607398164555983444e-01	7.643508899332852879e-02	3.194428166070428093e-02	8.114878855676242730e-02
1.311035727900581833e+03	2.370451650210504135e-01	1.482087417369055971e-01	2.641914649110453928e-01	1.608633406870441929e-01	7.648726044212683650e-02	3.197774005639858474e-02	8.122628714537404038e-02
1.313454613007409534e+03	2.367536479207353883e-01	1.480124758699690735e-01	2.643933863202462820e-01	1.609865027198456311e-01	7.653928664869918963e-02	3.201112830356087069e-02	8.130357221688863656e-02
1.315873498114237009e+03	2.364629508745357822e-01	1.478167622455379693e-01	2.645947243169969321e-01	1.611093036770129272e-01	7.659116802044300953e-02	3.204444650217223162e-02	8.138064436324621287e-02
1.318292383221064711e+03	2.361730715719287665e-01	1.476215993071189891e-01	2.647954805522700905e-01	1.612317446778191998e-01	7.664290496365926131e-02	3.207769475234279605e-02	8.145750417480597527e-02
1.320711268327892412e+03	2.358840077089179033e-01	1.474269855026161813e-01	2.649956566723822848e-01	1.613538268378143237e-01	7.669449788355502118e-02	3.211087315430974365e-02	8.153415224034962772e-02
1.323130153434719887e+03	2.355957569880145208e-01	1.472329192843184753e-01	2.651952543190069789e-01	1.614755512688390571e-01	7.674594718424611328e-02	3.214398180843525132e-02	8.161058914708468892e-02
1.325549038541547588e+03	2.353083171182192845e-01	1.470393991088873864e-01	2.653942751291876179e-01	1.615969190790388088e-01	7.679725326875970481e-02	3.217702081520455726e-02	8.168681548064769815e-02
1.327967923648375290e+03	2.350216858150037669e-01	1.468464234373445254e-01	2.655927207353508956e-01	1.617179313728775436e-01	7.684841653903685954e-02	3.220999027522392089e-02	8.176283182510758751e-02
1.330386808755202765e+03	2.347358608002919622e-01	1.466539907350593031e-01	2.657905927653195222e-01	1.618385892511514934e-01	7.689943739593516070e-02	3.224289028921871469e-02	8.183863876296890161e-02
1.332805693862030694e+03	2.344508398024421070e-01	1.464620994717366620e-01	2.659878928423253797e-01	1.619588938110029519e-01	7.695031623923130615e-02	3.227572095803143970e-02	8.191423687517521146e-02
1.335224578968857941e+03	2.341666205562281944e-01	1.462707481214047534e-01	2.661846225850225123e-01	1.620788461459339302e-01	7.700105346762357861e-02	3.230848238261976174e-02	8.198962674111233417e-02
1.337643464075685870e+03	2.338832008028219611e-01	1.460799351624027242e-01	2.663807836074998381e-01	1.621984473458196740e-01	7.705164947873456571e-02	3.234117466405457553e-02	8.206480893861171910e-02
1.340062349182513572e+03	2.336005782897745409e-01	1.458896590773685054e-01	2.665763775192943608e-01	1.623176984969222358e-01	7.710210466911358862e-02	3.237379790351811726e-02	8.213978404395375077e-02
1.342481234289341273e+03	2.333187507709984232e-01	1.456999183532266817e-01	2.667714059254036596e-01	1.624366006819038810e-01	7.715241943423928328e-02	3.240635220230200786e-02	8.221455263187113505e-02
1.344900119396168748e+03	2.330377160067493569e-01	1.455107114811762525e-01	2.669658704262991566e-01	1.625551549798405770e-01	7.720259416852220946e-02	3.243883766180536560e-02	8.228911527555216043e-02
1.347319004502996449e+03	2.327574717636083923e-01	1.453220369566786963e-01	2.671597726179384402e-01	1.626733624662352051e-01	7.725262926530732099e-02	3.247125438353290483e-02	8.236347254664413975e-02
1.349737889609823924e+03	2.324780158144638675e-01	1.451338932794456749e-01	2.673531140917782545e-01	1.627912242130309661e-01	7.730252511687653316e-02	3.250360246909304862e-02	8.243762501525669917e-02
1.352156774716651853e+03	2.321993459384934788e-01	1.449462789534272378e-01	2.675458964347872115e-01	1.629087412886245645e-01	7.735228211445126234e-02	3.253588202019607606e-02	8.251157324996519216e-02
1.354575659823479100e+03	2.319214599211464889e-01	1.447591924867997204e-01	2.677381212294583368e-01	1.630259147578792811e-01	7.740190064819493787e-02	3.256809313865224181e-02	8.258531781781405789e-02
1.356994544930307029e+03	2.316443555541257970e-01	1.445726323919536982e-01	2.679297900538217259e-01	1.631427456821381849e-01	7.745138110721548619e-02	3.260023592636992346e-02	8.265885928432015195e-02
1.359413430037134731e+03	2.313680306353704252e-01	1.443865971854821351e-01	2.681209044814574227e-01	1.632592351192371227e-01	7.750072387956791209e-02	3.263231048535378959e-02	8.273219821347617409e-02
1.361832315143962205e+03	2.310924829690375326e-01	1.442010853881685040e-01	2.683114660815074659e-01	1.633753841235176807e-01	7.754992935225676898e-02	3.266431691770296103e-02	8.280533516775402669e-02
1.364251200250789907e+03	2.308177103654850126e-01	1.440160955249748798e-01	2.685014764186888780e-01	1.634911937458401188e-01	7.759899791123864299e-02	3.269625532560919978e-02	8.287827070810822871e-02
1.366670085357617609e+03	2.305437106412536741e-01	1.438316261250300598e-01	2.686909370533059338e-01	1.636066650335962491e-01	7.764792994142469262e-02	3.272812581135509796e-02	8.295100539397926021e-02
1.369088970464445310e+03	2.302704816190498660e-01	1.436476757216179068e-01	2.688798495412626499e-01	1.637217990307222037e-01	7.769672582668310512e-02	3.275992847731225288e-02	8.302353978329703177e-02
1.371507855571272785e+03	2.299980211277279640e-01	1.434642428521653579e-01	2.690682154340752752e-01	1.638365967777111742e-01	7.774538594984160833e-02	3.279166342593951150e-02	8.309587443248420136e-02
1.373926740678100487e+03	2.297263270022727732e-01	1.432813260582308790e-01	2.692560362788845030e-01	1.639510593116262072e-01	7.779391069268996872e-02	3.282333075978118714e-02	8.316800989645961595e-02
1.376345625784927961e+03	2.294553970837823198e-01	1.430989238854926959e-01	2.694433136184681277e-01	1.640651876661126940e-01	7.784230043598239224e-02	3.285493058146527617e-02	8.323994672864171163e-02
1.378764510891755890e+03	2.291852292194504204e-01	1.429170348837371096e-01	2.696300489912529241e-01	1.641789828714110555e-01	7.789055555944007780e-02	3.288646299370169557e-02	8.331168548095195525e-02
1.381183395998583137e+03	2.289158212625493904e-01	1.427356576068468941e-01	2.698162439313274708e-01	1.642924459543692040e-01	7.793867644175365983e-02	3.291792809928055508e-02	8.338322670381817514e-02
1.383602281105411066e+03	2.286471710724127526e-01	1.425547906127896391e-01	2.700018999684538068e-01	1.644055779384550053e-01	7.798666346058565069e-02	3.294932600107040865e-02	8.345457094617807214e-02
1.386021166212238768e+03	2.283792765144181947e-01	1.423744324636062875e-01	2.701870186280801445e-01	1.645183798437686862e-01	7.803451699257288321e-02	3.298065680201651279e-02	8.352571875548256419e-02
1.388440051319066470e+03	2.281121354599703055e-01	1.421945817253994215e-01	2.703716014313528038e-01	1.646308526870552957e-01	7.808223741332905032e-02	3.301192060513915422e-02	8.359667067769921411e-02
1.390858936425893944e+03	2.278457457864835056e-01	1.420152369683218840e-01	2.705556498951284805e-01	1.647429974817167797e-01	7.812982509744705040e-02	3.304311751353189441e-02	8.366742725731568520e-02
1.393277821532721646e+03	2.275801053773649496e-01	1.418363967665652592e-01	2.707391655319861257e-01	1.648548152378244702e-01	7.817728041850148524e-02	3.307424763035988341e-02	8.373798903734314125e-02
1.395696706639549120e+03	2.273152121219976785e-01	1.416580596983484375e-01	2.709221498502391579e-01	1.649663069621311040e-01	7.822460374905108871e-02	3.310531105885820141e-02	8.380835655931966055e-02
1.398115591746377049e+03	2.270510639157234944e-01	1.414802243459062636e-01	2.711046043539476202e-01	1.650774736580830349e-01	7.827179546064114146e-02	3.313630790233013795e-02	8.387853036331366363e-02
1.400534476853204296e+03	2.267876586598262523e-01	1.413028892954779903e-01	2.712865305429299490e-01	1.651883163258322795e-01	7.831885592380594119e-02	3.316723826414556126e-02	8.394851098792732724e-02
1.402953361960032225e+03	2.265249942615148449e-01	1.411260531372961757e-01	2.714679299127751855e-01	1.652988359622486192e-01	7.836578550807118959e-02	3.319810224773924595e-02	8.401829897030005379e-02
1.405372247066859927e+03	2.262630686339064667e-01	1.409497144655751377e-01	2.716488039548547451e-01	1.654090335609314510e-01	7.841258458195642100e-02	3.322889995660922857e-02	8.408789484611185749e-02
1.407791132173687402e+03	2.260018796960098775e-01	1.407738718784998511e-01	2.718291541563344071e-01	1.655189101122218620e-01	7.845925351297743100e-02	3.325963149431515609e-02	8.415729914958679225e-02
1.410210017280515103e+03	2.257414253727086650e-01	1.405985239782145124e-01	2.720089820001860836e-01	1.656284666032143971e-01	7.850579266764867725e-02	3.329029696447667608e-02	8.422651241349639328e-02
1.412628902387342805e+03	2.254817035947446757e-01	1.404236693708114936e-01	2.721882889651997539e-01	1.657377040177688832e-01	7.855220241148566651e-02	3.332089647077181999e-02	8.429553516916311884e-02
1.415047787494170507e+03	2.252227122987013608e-01	1.402493066663200727e-01	2.723670765259952886e-01	1.658466233365221976e-01	7.859848310900739710e-02	3.335143011693538634e-02	8.436436794646375026e-02
1.417466672600997981e+03	2.249644494269870398e-01	1.400754344786952765e-01	2.725453461530341071e-01	1.659552255369000640e-01	7.864463512373873200e-02	3.338189800675734481e-02	8.443301127383281979e-02
1.419885557707825683e+03	2.247069129278187749e-01	1.399020514258068060e-01	2.727230993126310565e-01	1.660635115931286820e-01	7.869065881821279973e-02	3.341230024408124721e-02	8.450146567826608002e-02
1.422304442814653157e+03	2.244501007552055227e-01	1.397291561294279061e-01	2.729003374669659032e-01	1.661714824762462461e-01	7.873655455397336744e-02	3.344263693280265931e-02	8.456973168532387619e-02
1.424723327921481086e+03	2.241940108689319811e-01	1.395567472152242638e-01	2.730770620740952670e-01	1.662791391541146302e-01	7.878232269157724177e-02	3.347290817686756487e-02	8.463780981913460177e-02
1.427142213028308333e+03	2.239386412345420463e-01	1.393848233127430447e-01	2.732532745879639458e-01	1.663864825914308787e-01	7.882796359059668356e-02	3.350311408027083909e-02	8.470570060239812626e-02
1.429561098135136262e+03	2.236839898233225765e-01	1.392133830554019014e-01	2.734289764584169058e-01	1.664935137497386142e-01	7.887347760962169774e-02	3.353325474705467352e-02	8.477340455638920913e-02
1.431979983241963964e+03	2.234300546122871545e-01	1.390424250804779271e-01	2.736041691312105506e-01	1.666002335874395002e-01	7.891886510626246187e-02	3.356333028130705637e-02	8.484092220096092762e-02
1.434398868348791666e+03	2.231768335841597672e-01	1.388719480290968034e-01	2.737788540480243782e-01	1.667066430598045934e-01	7.896412643715172708e-02	3.359334078716021826e-02	8.490825405454811847e-02
1.436817753455619140e+03	2.229243247273586803e-01	1.387019505462218638e-01	2.739530326464723609e-01	1.668127431189856957e-01	7.900926195794710782e-02	3.362328636878914034e-02	8.497540063417075018e-02
1.439236638562446842e+03	2.226725260359803116e-01	1.385324312806431590e-01	2.741267063601146026e-01	1.669185347140265674e-01	7.905427202333348280e-02	3.365316713041000690e-02	8.504236245543740635e-02
1.441655523669274316e+03	2.224214355097830498e-01	1.383633888849667704e-01	2.742998766184687742e-01	1.670240187908741680e-01	7.909915698702535414e-02	3.368298317627874128e-02	8.510914003254865801e-02
1.444074408776102018e+03	2.221710511541713784e-01	1.381948220156037632e-01	2.744725448470212714e-01	1.671291962923898700e-01	7.914391720176919276e-02	3.371273461068948624e-02	8.517573387830050524e-02
1.446493293882929493e+03	2.219213709801796663e-01	1.380267293327596401e-01	2.746447124672389828e-01	1.672340681583605326e-01	7.918855301934575597e-02	3.374242153797312599e-02	8.524214450408779120e-02
1.448912178989757422e+03	2.216723930044564306e-01	1.378591095004234601e-01	2.748163808965801702e-01	1.673386353255094938e-01	7.923306479057248830e-02	3.377204406249580820e-02	8.530837241990758824e-02
1.451331064096585123e+03	2.214241152492483211e-01	1.376919611863571258e-01	2.749875515485061817e-01	1.674428987275078384e-01	7.927745286530581137e-02	3.380160228865749378e-02	8.537441813436263960e-02
1.453749949203412370e+03	2.211765357423842449e-01	1.375252830620847244e-01	2.751582258324924979e-01	1.675468592949851676e-01	7.932171759244348308e-02	3.383109632089047886e-02	8.544028215466478726e-02
1.456168834310240300e+03	2.209296525172595449e-01	1.373590738028818981e-01	2.753284051540401123e-01	1.676505179555406178e-01	7.936585931992692911e-02	3.386052626365797236e-02	8.550596498663830258e-02
1.458587719417068001e+03	2.206834636128203742e-01	1.371933320877650464e-01	2.754980909146866330e-01	1.677538756337537684e-01	7.940987839474354659e-02	3.388989222145264574e-02	8.557146713472338351e-02
1.461006604523895703e+03	2.204379670735477914e-01	1.370280565994809741e-01	2.756672845120175519e-01	1.678569332511953283e-01	7.945377516292909115e-02	3.391919429879519665e-02	8.563678910197948524e-02
1.463425489630723177e+03	2.201931609494421072e-01	1.368632460244961213e-01	2.758359873396773465e-01	1.679596917264381817e-01	7.949754996956992503e-02	3.394843260023294729e-02	8.570193139008876193e-02
1.465844374737550879e+03	2.199490432960073683e-01	1.366988990529861003e-01	2.760042007873806935e-01	1.680621519750679915e-01	7.954120315880533476e-02	3.397760723033841496e-02	8.576689449935943899e-02
1.468263259844378354e+03	2.197056121742357315e-01	1.365350143788252313e-01	2.761719262409234044e-01	1.681643149096938572e-01	7.958473507382990420e-02	3.400671829370792432e-02	8.583167892872925475e-02
1.470682144951206283e+03	2.194628656505918374e-01	1.363715906995759397e-01	2.763391650821936385e-01	1.682661814399591671e-01	7.962814605689579051e-02	3.403576589496021265e-02	8.589628517576879119e-02
1.473101030058033530e+03	2.192208017969972944e-01	1.362086267164784592e-01	2.765059186891827836e-01	1.683677524725519237e-01	7.967143644931498625e-02	3.406475013873504210e-02	8.596071373668487392e-02
1.475519915164861459e+03	2.189794186908153861e-01	1.360461211344402843e-01	2.766721884359965578e-01	1.684690289112156236e-01	7.971460659146167860e-02	3.409367112969182573e-02	8.602496510632398619e-02
1.477938800271689161e+03	2.187387144148355278e-01	1.358840726620258454e-01	2.768379756928659452e-01	1.685700116567595552e-01	7.975765682277453916e-02	3.412252897250826755e-02	8.608903977817564113e-02
1.480357685378516862e+03	2.184986870572579731e-01	1.357224800114461283e-01	2.770032818261581320e-01	1.686707016070693455e-01	7.980058748175899996e-02	3.415132377187900942e-02	8.615293824437576797e-02
1.482776570485344337e+03	2.182593347116783544e-01	1.355613418985483210e-01	2.771681081983873862e-01	1.687710996571175071e-01	7.984339890598951550e-02	3.418005563251425710e-02	8.621666099571004271e-02
