1.001418434226643626e+03	2.820821684354516412e-01	1.783168332902695663e-01	2.329289332657698552e-01	1.416818012780844405e-01	6.849760460901598014e-02	2.714128311425057991e-02	6.935137600709938288e-02
1.002869765290740247e+03	2.818309439198706245e-01	1.781480439315380471e-01	2.331043050700124797e-01	1.417898046436802950e-01	6.854222358691614003e-02	2.716736509631483346e-02	6.941731375160903328e-02
1.004321096354836754e+03	2.815801441996849674e-01	1.779795400042499254e-01	2.332793744965756255e-01	1.418976128942448511e-01	6.858676777418089288e-02	2.719341772544948618e-02	6.948314290555576700e-02
1.005772427418933376e+03	2.813297685542580084e-01	1.778113210254152199e-01	2.334541420589806571e-01	1.420052264098165540e-01	6.863123729535547390e-02	2.721944101268842023e-02	6.954886364342714733e-02
1.007223758483029997e+03	2.810798162642000886e-01	1.776433865128470568e-01	2.336286082698775801e-01	1.421126455695988777e-01	6.867563227478651333e-02	2.724543496914602625e-02	6.961447613948537616e-02
1.008675089547126618e+03	2.808302866113656093e-01	1.774757359851605598e-01	2.338027736410465129e-01	1.422198707519625738e-01	6.871995283662243881e-02	2.727139960601687729e-02	6.967998056776705806e-02
1.010126420611223239e+03	2.805811788788505345e-01	1.773083689617718228e-01	2.339766386833992684e-01	1.423269023344480022e-01	6.876419910481385012e-02	2.729733493457538185e-02	6.974537710208282559e-02
1.011577751675319632e+03	2.803324923509898925e-01	1.771412849628971053e-01	2.341502039069807695e-01	1.424337406937673800e-01	6.880837120311396327e-02	2.732324096617543691e-02	6.981066591601717275e-02
1.013029082739416367e+03	2.800842263133551113e-01	1.769744835095517499e-01	2.343234698209705757e-01	1.425403862058071125e-01	6.885246925507895743e-02	2.734911771225010182e-02	6.987584718292814967e-02
1.014480413803512761e+03	2.798363800527516321e-01	1.768079641235492661e-01	2.344964369336843268e-01	1.426468392456299028e-01	6.889649338406839130e-02	2.737496518431125139e-02	6.994092107594705732e-02
1.015931744867609382e+03	2.795889528572160776e-01	1.766417263275002481e-01	2.346691057525752966e-01	1.427531001874771110e-01	6.894044371324559162e-02	2.740078339394925316e-02	7.000588776797826707e-02
1.017383075931706003e+03	2.793419440160138101e-01	1.764757696448114865e-01	2.348414767842359197e-01	1.428591694047710858e-01	6.898432036557801406e-02	2.742657235283260664e-02	7.007074743169891540e-02
1.018834406995802851e+03	2.790953528196366551e-01	1.763100935996849417e-01	2.350135505343990405e-01	1.429650472701171904e-01	6.902812346383771502e-02	2.745233207270763101e-02	7.013550023955869572e-02
1.020285738059899245e+03	2.788491785598000705e-01	1.761446977171166606e-01	2.351853275079396621e-01	1.430707341553061618e-01	6.907185313060157372e-02	2.747806256539810782e-02	7.020014636377965023e-02
1.021737069123995752e+03	2.786034205294408150e-01	1.759795815228958338e-01	2.353568082088763058e-01	1.431762304313162204e-01	6.911550948825183338e-02	2.750376384280495481e-02	7.026468597635590618e-02
1.023188400188092373e+03	2.783580780227145057e-01	1.758147445436037681e-01	2.355279931403724547e-01	1.432815364683154291e-01	6.915909265897635105e-02	2.752943591690589636e-02	7.032911924905346779e-02
1.024639731252188767e+03	2.781131503349930645e-01	1.756501863066128599e-01	2.356988828047380247e-01	1.433866526356637472e-01	6.920260276476905559e-02	2.755507879975512345e-02	7.039344635341002188e-02
1.026091062316285615e+03	2.778686367628622755e-01	1.754859063400855401e-01	2.358694777034308909e-01	1.434915793019153063e-01	6.924603992743023906e-02	2.758069250348294671e-02	7.045766746073474363e-02
1.027542393380382237e+03	2.776245366041193430e-01	1.753219041729732752e-01	2.360397783370582758e-01	1.435963168348205199e-01	6.928940426856701473e-02	2.760627704029548074e-02	7.052178274210807452e-02
1.028993724444478858e+03	2.773808491577706148e-01	1.751581793350153737e-01	2.362097852053783309e-01	1.437008656013283037e-01	6.933269590959355300e-02	2.763183242247430060e-02	7.058579236838152804e-02
1.030445055508575479e+03	2.771375737240289183e-01	1.749947313567382923e-01	2.363794988073013859e-01	1.438052259675882405e-01	6.937591497173158095e-02	2.765735866237611570e-02	7.064969651017755092e-02
1.031896386572671872e+03	2.768947096043112843e-01	1.748315597694541645e-01	2.365489196408916417e-01	1.439093982989526899e-01	6.941906157601064609e-02	2.768285577243242979e-02	7.071349533788931496e-02
1.033347717636768493e+03	2.766522561012366155e-01	1.746686641052599964e-01	2.367180482033684197e-01	1.440133829599789250e-01	6.946213584326850488e-02	2.770832376514921133e-02	7.077718902168052273e-02
1.034799048700865114e+03	2.764102125186231329e-01	1.745060438970365835e-01	2.368868849911077712e-01	1.441171803144313812e-01	6.950513789415142807e-02	2.773376265310656397e-02	7.084077773148531043e-02
1.036250379764961508e+03	2.761685781614863222e-01	1.743436986784473730e-01	2.370554304996438100e-01	1.442207907252836541e-01	6.954806784911465867e-02	2.775917244895839339e-02	7.090426163700805362e-02
1.037701710829058356e+03	2.759273523360361025e-01	1.741816279839373538e-01	2.372236852236702109e-01	1.443242145547207200e-01	6.959092582842262009e-02	2.778455316543208126e-02	7.096764090772320066e-02
1.039153041893154750e+03	2.756865343496749388e-01	1.740198313487321680e-01	2.373916496570416257e-01	1.444274521641409348e-01	6.963371195214934639e-02	2.780990481532814862e-02	7.103091571287512007e-02
1.040604372957251599e+03	2.754461235109952333e-01	1.738583083088368064e-01	2.375593242927751259e-01	1.445305039141582815e-01	6.967642634017882919e-02	2.783522741151992982e-02	7.109408622147804502e-02
1.042055704021347992e+03	2.752061191297772158e-01	1.736970584010347485e-01	2.377267096230516741e-01	1.446333701646043413e-01	6.971906911220532299e-02	2.786052096695323943e-02	7.115715260231580963e-02
1.043507035085444613e+03	2.749665205169862237e-01	1.735360811628866851e-01	2.378938061392174563e-01	1.447360512745304306e-01	6.976164038773366438e-02	2.788578549464605649e-02	7.122011502394186289e-02
1.044958366149541234e+03	2.747273269847709254e-01	1.733753761327294918e-01	2.380606143317854362e-01	1.448385476022097107e-01	6.980414028607964672e-02	2.791102100768818456e-02	7.128297365467901880e-02
1.046409697213637855e+03	2.744885378464606007e-01	1.732149428496752019e-01	2.382271346904366871e-01	1.449408595051392135e-01	6.984656892637038095e-02	2.793622751924092207e-02	7.134572866261941482e-02
1.047861028277734476e+03	2.742501524165631421e-01	1.730547808536098409e-01	2.383933677040218913e-01	1.450429873400419511e-01	6.988892642754451767e-02	2.796140504253675010e-02	7.140838021562437299e-02
1.049312359341831097e+03	2.740121700107626124e-01	1.728948896851922601e-01	2.385593138605626995e-01	1.451449314628688869e-01	6.993121290835269122e-02	2.798655359087899933e-02	7.147092848132434451e-02
1.050763690405927491e+03	2.737745899459170795e-01	1.727352688858531660e-01	2.387249736472531747e-01	1.452466922288010998e-01	6.997342848735778331e-02	2.801167317764152037e-02	7.153337362711871539e-02
1.052215021470024112e+03	2.735374115400560635e-01	1.725759179977940649e-01	2.388903475504612350e-01	1.453482699922517829e-01	7.001557328293524229e-02	2.803676381626835426e-02	7.159571582017582037e-02
1.053666352534120733e+03	2.733006341123789817e-01	1.724168365639858758e-01	2.390554360557299585e-01	1.454496651068682145e-01	7.005764741327343004e-02	2.806182552027342361e-02	7.165795522743276247e-02
1.055117683598217127e+03	2.730642569832520405e-01	1.722580241281680691e-01	2.392202396477791648e-01	1.455508779255338392e-01	7.009965099637395503e-02	2.808685830324020305e-02	7.172009201559538527e-02
1.056569014662313975e+03	2.728282794742067363e-01	1.720994802348475017e-01	2.393847588105066648e-01	1.456519088003703222e-01	7.014158415005192215e-02	2.811186217882138960e-02	7.178212635113816187e-02
1.058020345726410369e+03	2.725927009079371910e-01	1.719412044292971675e-01	2.395489940269897866e-01	1.457527580827395197e-01	7.018344699193633518e-02	2.813683716073859045e-02	7.184405840030416712e-02
1.059471676790506763e+03	2.723575206082981537e-01	1.717831962575553095e-01	2.397129457794866803e-01	1.458534261232454221e-01	7.022523963947031878e-02	2.816178326278198987e-02	7.190588832910493888e-02
1.060923007854603611e+03	2.721227379003026692e-01	1.716254552664240318e-01	2.398766145494377611e-01	1.459539132717362908e-01	7.026696220991154873e-02	2.818670049881003004e-02	7.196761630332049187e-02
1.062374338918700232e+03	2.718883521101199685e-01	1.714679810034684115e-01	2.400400008174671529e-01	1.460542198773064904e-01	7.030861482033241849e-02	2.821158888274910570e-02	7.202924248849919275e-02
1.063825669982796853e+03	2.716543625650734706e-01	1.713107730170152221e-01	2.402031050633839926e-01	1.461543462882986533e-01	7.035019758762046937e-02	2.823644842859322074e-02	7.209076704995776019e-02
1.065277001046893474e+03	2.714207685936380621e-01	1.711538308561518507e-01	2.403659277661839566e-01	1.462542928523054564e-01	7.039171062847862648e-02	2.826127915040368976e-02	7.215219015278118153e-02
1.066728332110990095e+03	2.711875695254385432e-01	1.709971540707251880e-01	2.405284694040504267e-01	1.463540599161717026e-01	7.043315405942553176e-02	2.828608106230880506e-02	7.221351196182267118e-02
1.068179663175086489e+03	2.709547646912470742e-01	1.708407422113404628e-01	2.406907304543561277e-01	1.464536478259962915e-01	7.047452799679580770e-02	2.831085417850352781e-02	7.227473264170364287e-02
1.069630994239183110e+03	2.707223534229812323e-01	1.706845948293601034e-01	2.408527113936642927e-01	1.465530569271340788e-01	7.051583255674041817e-02	2.833559851324915155e-02	7.233585235681365411e-02
1.071082325303279504e+03	2.704903350537017359e-01	1.705287114769026557e-01	2.410144126977303014e-01	1.466522875641979584e-01	7.055706785522690427e-02	2.836031408087302114e-02	7.239687127131043398e-02
1.072533656367376352e+03	2.702587089176103352e-01	1.703730917068415618e-01	2.411758348415027342e-01	1.467513400810606661e-01	7.059823400803974525e-02	2.838500089576817889e-02	7.245778954911978598e-02
1.073984987431472746e+03	2.700274743500478136e-01	1.702177350728041050e-01	2.413369782991250656e-01	1.468502148208567781e-01	7.063933113078060821e-02	2.840965897239307661e-02	7.251860735393558799e-02
1.075436318495569594e+03	2.697966306874917675e-01	1.700626411291701889e-01	2.414978435439368298e-01	1.469489121259846542e-01	7.068035933886866740e-02	2.843428832527123903e-02	7.257932484921979233e-02
1.076887649559666215e+03	2.695661772675542744e-01	1.699078094310712550e-01	2.416584310484750642e-01	1.470474323381082971e-01	7.072131874754084002e-02	2.845888896899097242e-02	7.263994219820242570e-02
1.078338980623762609e+03	2.693361134289802838e-01	1.697532395343891443e-01	2.418187412844756690e-01	1.471457757981593506e-01	7.076220947185216104e-02	2.848346091820502801e-02	7.270045956388150599e-02
1.079790311687859230e+03	2.691064385116451740e-01	1.695989309957548485e-01	2.419787747228747954e-01	1.472439428463389044e-01	7.080303162667600514e-02	2.850800418763030364e-02	7.276087710902313932e-02
1.081241642751955851e+03	2.688771518565525875e-01	1.694448833725475112e-01	2.421385318338102333e-01	1.473419338221194086e-01	7.084378532670441986e-02	2.853251879204752803e-02	7.282119499616146463e-02
1.082692973816052472e+03	2.686482528058327657e-01	1.692910962228931782e-01	2.422980130866226878e-01	1.474397490642466446e-01	7.088447068644837534e-02	2.855700474630095201e-02	7.288141338759862586e-02
1.084144304880149093e+03	2.684197407027399396e-01	1.691375691056636876e-01	2.424572189498571673e-01	1.475373889107415293e-01	7.092508782023808356e-02	2.858146206529802585e-02	7.294153244540485526e-02
1.085595635944245487e+03	2.681916148916506093e-01	1.689843015804755599e-01	2.426161498912643710e-01	1.476348536989020022e-01	7.096563684222322033e-02	2.860589076400910785e-02	7.300155233141844557e-02
1.087046967008342108e+03	2.679638747180614344e-01	1.688312932076886930e-01	2.427748063778020771e-01	1.477321437653049130e-01	7.100611786637330003e-02	2.863029085746713470e-02	7.306147320724573624e-02
1.088498298072438729e+03	2.677365195285872912e-01	1.686785435484053908e-01	2.429331888756364743e-01	1.478292594458078535e-01	7.104653100647785602e-02	2.865466236076733356e-02	7.312129523426119659e-02
1.089949629136535123e+03	2.675095486709587744e-01	1.685260521644691423e-01	2.430912978501433563e-01	1.479262010755511281e-01	7.108687637614678756e-02	2.867900528906689242e-02	7.318101857360739815e-02
1.091400960200631971e+03	2.672829614940205878e-01	1.683738186184635111e-01	2.432491337659097030e-01	1.480229689889593914e-01	7.112715408881060963e-02	2.870331965758466525e-02	7.324064338619505621e-02
1.092852291264728365e+03	2.670567573477293788e-01	1.682218424737108309e-01	2.434066970867349300e-01	1.481195635197437299e-01	7.116736425772075825e-02	2.872760548160086316e-02	7.330016983270307152e-02
1.094303622328825213e+03	2.668309355831517404e-01	1.680701232942712064e-01	2.435639882756321928e-01	1.482159850009033275e-01	7.120750699594978472e-02	2.875186277645675609e-02	7.335959807357857188e-02
1.095754953392921607e+03	2.666054955524621017e-01	1.679186606449413754e-01	2.437210077948297748e-01	1.483122337647273525e-01	7.124758241639174428e-02	2.877609155755434661e-02	7.341892826903692604e-02
1.097206284457018228e+03	2.663804366089408404e-01	1.677674540912533763e-01	2.438777561057723919e-01	1.484083101427967899e-01	7.128759063176239030e-02	2.880029184035608897e-02	7.347816057906178533e-02
1.098657615521114849e+03	2.661557581069721179e-01	1.676165031994736043e-01	2.440342336691225245e-01	1.485042144659862451e-01	7.132753175459945194e-02	2.882446364038456638e-02	7.353729516340513916e-02
1.100108946585211470e+03	2.659314594020419920e-01	1.674658075366015075e-01	2.441904409447618052e-01	1.485999470644657761e-01	7.136740589726291162e-02	2.884860697322219614e-02	7.359633218158739831e-02
1.101560277649308091e+03	2.657075398507364739e-01	1.673153666703685039e-01	2.443463783917923515e-01	1.486955082677026696e-01	7.140721317193529649e-02	2.887272185451093126e-02	7.365527179289735327e-02
1.103011608713404712e+03	2.654839988107393078e-01	1.671651801692368433e-01	2.445020464685380424e-01	1.487908984044632732e-01	7.144695369062191437e-02	2.889680829995195169e-02	7.371411415639234077e-02
1.104462939777501106e+03	2.652608356408301393e-01	1.670152476023983867e-01	2.446574456325457669e-01	1.488861178028147436e-01	7.148662756515113126e-02	2.892086632530535550e-02	7.377285943089824383e-02
1.105914270841597499e+03	2.650380497008825165e-01	1.668655685397734123e-01	2.448125763405869237e-01	1.489811667901268510e-01	7.152623490717463506e-02	2.894489594638988486e-02	7.383150777500953332e-02
1.107365601905694348e+03	2.648156403518620583e-01	1.667161425520095885e-01	2.449674390486586972e-01	1.490760456930737554e-01	7.156577582816768535e-02	2.896889717908259984e-02	7.389005934708939294e-02
1.108816932969790741e+03	2.645936069558242343e-01	1.665669692104807253e-01	2.451220342119852513e-01	1.491707548376358383e-01	7.160525043942941870e-02	2.899287003931858356e-02	7.394851430526971914e-02
1.110268264033887590e+03	2.643719488759125880e-01	1.664180480872856638e-01	2.452763622850191727e-01	1.492652945491014238e-01	7.164465885208305684e-02	2.901681454309066113e-02	7.400687280745125995e-02
1.111719595097984211e+03	2.641506654763566830e-01	1.662693787552471658e-01	2.454304237214427475e-01	1.493596651520684715e-01	7.168400117707618424e-02	2.904073070644908050e-02	7.406513501130365662e-02
1.113170926162080832e+03	2.639297561224699940e-01	1.661209607879105543e-01	2.455842189741692383e-01	1.494538669704464084e-01	7.172327752518102562e-02	2.906461854550122792e-02	7.412330107426552683e-02
1.114622257226177226e+03	2.637092201806484626e-01	1.659727937595428249e-01	2.457377484953442992e-01	1.495479003274579055e-01	7.176248800699470964e-02	2.908847807641132960e-02	7.418137115354453415e-02
1.116073588290273847e+03	2.634890570183680003e-01	1.658248772451312858e-01	2.458910127363471143e-01	1.496417655456405982e-01	7.180163273293947712e-02	2.911230931540016026e-02	7.423934540611747124e-02
1.117524919354370468e+03	2.632692660041828780e-01	1.656772108203825034e-01	2.460440121477918962e-01	1.497354629468487242e-01	7.184071181326297240e-02	2.913611227874473436e-02	7.429722398873038480e-02
1.118976250418467089e+03	2.630498465077237835e-01	1.655297940617211638e-01	2.461967471795289963e-01	1.498289928522550385e-01	7.187972535803850704e-02	2.915988698277802854e-02	7.435500705789863107e-02
1.120427581482563710e+03	2.628307978996957117e-01	1.653826265462887968e-01	2.463492182806463759e-01	1.499223555823523679e-01	7.191867347716529579e-02	2.918363344388867978e-02	7.441269476990694520e-02
1.121878912546660331e+03	2.626121195518762441e-01	1.652357078519428035e-01	2.465014258994707996e-01	1.500155514569554427e-01	7.195755628036870633e-02	2.920735167852069394e-02	7.447028728080959392e-02
1.123330243610756725e+03	2.623938108371134392e-01	1.650890375572550695e-01	2.466533704835691676e-01	1.501085807952025064e-01	7.199637387720052295e-02	2.923104170317315093e-02	7.452778474643045881e-02
1.124781574674853118e+03	2.621758711293241673e-01	1.649426152415110758e-01	2.468050524797497647e-01	1.502014439155571757e-01	7.203512637703919641e-02	2.925470353439992358e-02	7.458518732236310567e-02
1.126232905738949967e+03	2.619582998034919452e-01	1.647964404847085396e-01	2.469564723340636203e-01	1.502941411358099666e-01	7.207381388909009368e-02	2.927833718880937935e-02	7.464249516397089557e-02
1.127684236803046360e+03	2.617410962356653270e-01	1.646505128675563034e-01	2.471076304918057576e-01	1.503866727730801267e-01	7.211243652238571999e-02	2.930194268306408889e-02	7.469970842638715136e-02
1.129135567867143209e+03	2.615242598029557386e-01	1.645048319714732810e-01	2.472585273975164699e-01	1.504790391438172725e-01	7.215099438578602420e-02	2.932552003388054496e-02	7.475682726451517157e-02
1.130586898931239830e+03	2.613077898835356461e-01	1.643593973785872353e-01	2.474091634949826812e-01	1.505712405638030826e-01	7.218948758797857912e-02	2.934906925802886757e-02	7.481385183302843855e-02
1.132038229995336451e+03	2.610916858566368903e-01	1.642142086717335581e-01	2.475595392272390838e-01	1.506632773481529353e-01	7.222791623747890077e-02	2.937259037233251949e-02	7.487078228637064625e-02
1.133489561059432845e+03	2.608759471025485221e-01	1.640692654344542700e-01	2.477096550365695260e-01	1.507551498113176291e-01	7.226628044263064266e-02	2.939608339366801826e-02	7.492761877875585286e-02
1.134940892123529466e+03	2.606605730026152479e-01	1.639245672509967444e-01	2.478595113645083170e-01	1.508468582670850766e-01	7.230458031160584553e-02	2.941954833896465171e-02	7.498436146416861958e-02
1.136392223187626087e+03	2.604455629392350979e-01	1.637801137063126522e-01	2.480091086518413646e-01	1.509384030285818856e-01	7.234281595240518725e-02	2.944298522520419695e-02	7.504101049636413556e-02
1.137843554251722708e+03	2.602309162958579281e-01	1.636359043860567408e-01	2.481584473386076461e-01	1.510297844082750807e-01	7.238098747285824641e-02	2.946639406942062889e-02	7.509756602886831500e-02
1.139294885315819101e+03	2.600166324569835319e-01	1.634919388765856685e-01	2.483075278641002082e-01	1.511210027179737125e-01	7.241909498062371053e-02	2.948977488869983579e-02	7.515402821497792207e-02
1.140746216379915950e+03	2.598027108081596426e-01	1.633482167649569217e-01	2.484563506668677757e-01	1.512120582688305792e-01	7.245713858318963974e-02	2.951312770017934170e-02	7.521039720776069581e-02
1.142197547444012343e+03	2.595891507359802119e-01	1.632047376389276494e-01	2.486049161847156963e-01	1.513029513713437246e-01	7.249511838787371654e-02	2.953645252104802194e-02	7.526667316005551667e-02
1.143648878508108737e+03	2.593759516280835231e-01	1.630615010869535808e-01	2.487532248547074665e-01	1.513936823353582151e-01	7.253303450182345402e-02	2.955974936854582555e-02	7.532285622447253137e-02
1.145100209572205586e+03	2.591631128731501921e-01	1.629185066981877206e-01	2.489012771131657864e-01	1.514842514700677489e-01	7.257088703201645952e-02	2.958301825996349083e-02	7.537894655339323624e-02
1.146551540636302207e+03	2.589506338609016134e-01	1.627757540624794053e-01	2.490490733956739200e-01	1.515746590840161834e-01	7.260867608526064276e-02	2.960625921264226079e-02	7.543494429897071307e-02
1.148002871700398828e+03	2.587385139820979063e-01	1.626332427703729155e-01	2.491966141370769439e-01	1.516649054850991996e-01	7.264640176819452122e-02	2.962947224397361259e-02	7.549084961312969855e-02
1.149454202764495449e+03	2.585267526285361384e-01	1.624909724131065325e-01	2.493438997714829963e-01	1.517549909805659403e-01	7.268406418728741436e-02	2.965265737139897648e-02	7.554666264756672300e-02
1.150905533828591842e+03	2.583153491930487711e-01	1.623489425826113997e-01	2.494909307322645264e-01	1.518449158770207030e-01	7.272166344883963796e-02	2.967581461240945476e-02	7.560238355375027697e-02
1.152356864892688463e+03	2.581043030695013285e-01	1.622071528715102184e-01	2.496377074520595707e-01	1.519346804804243278e-01	7.275919965898280939e-02	2.969894398454555121e-02	7.565801248292096381e-02
1.153808195956785084e+03	2.578936136527909539e-01	1.620656028731163600e-01	2.497842303627729466e-01	1.520242850960959735e-01	7.279667292368006970e-02	2.972204550539688656e-02	7.571354958609163854e-02
1.155259527020881706e+03	2.576832803388444670e-01	1.619242921814324221e-01	2.499304998955775847e-01	1.521137300287146443e-01	7.283408334872626400e-02	2.974511919260193135e-02	7.576899501404758819e-02
1.156710858084978327e+03	2.574733025246165874e-01	1.617832203911492572e-01	2.500765164809156116e-01	1.522030155823207720e-01	7.287143103974826064e-02	2.976816506384772493e-02	7.582434891734662896e-02
1.158162189149074720e+03	2.572636796080882693e-01	1.616423870976449184e-01	2.502222805484998758e-01	1.522921420603177978e-01	7.290871610220511778e-02	2.979118313686960826e-02	7.587961144631930055e-02
1.159613520213171569e+03	2.570544109882647033e-01	1.615017918969834099e-01	2.503677925273148919e-01	1.523811097654737545e-01	7.294593864138833317e-02	2.981417342945094640e-02	7.593478275106901876e-02
1.161064851277267962e+03	2.568454960651734842e-01	1.613614343859134936e-01	2.505130528456181449e-01	1.524699189999228766e-01	7.298309876242208005e-02	2.983713595942285093e-02	7.598986298147222818e-02
1.162516182341364356e+03	2.566369342398628350e-01	1.612213141618677459e-01	2.506580619309415336e-01	1.525585700651671539e-01	7.302019657026345700e-02	2.986007074466391978e-02	7.604485228717854095e-02
1.163967513405461204e+03	2.564287249144002745e-01	1.610814308229612524e-01	2.508028202100922588e-01	1.526470632620777756e-01	7.305723216970268219e-02	2.988297780309996307e-02	7.609975081761097271e-02
1.165418844469557826e+03	2.562208674918702300e-01	1.609417839679905537e-01	2.509473281091544883e-01	1.527353988908968230e-01	7.309420566536335706e-02	2.990585715270372563e-02	7.615455872196602582e-02
1.166870175533654447e+03	2.560133613763725391e-01	1.608023731964325354e-01	2.510915860534902455e-01	1.528235772512387958e-01	7.313111716170267451e-02	2.992870881149462328e-02	7.620927614921391147e-02
1.168321506597751068e+03	2.558062059730206173e-01	1.606631981084432059e-01	2.512355944677405750e-01	1.529115986420921391e-01	7.316796676301166868e-02	2.995153279753847222e-02	7.626390324809867449e-02
1.169772837661847461e+03	2.555994006879396818e-01	1.605242583048566707e-01	2.513793537758271524e-01	1.529994633618207700e-01	7.320475457341540926e-02	2.997432912894722884e-02	7.631844016713840162e-02
1.171224168725944082e+03	2.553929449282651420e-01	1.603855533871839378e-01	2.515228644009531722e-01	1.530871717081656591e-01	7.324148069687326512e-02	2.999709782387871213e-02	7.637288705462537408e-02
1.172675499790040703e+03	2.551868381021406562e-01	1.602470829576119193e-01	2.516661267656046808e-01	1.531747239782463021e-01	7.327814523717909867e-02	3.001983890053634349e-02	7.642724405862626191e-02
1.174126830854137097e+03	2.549810796187163553e-01	1.601088466190020987e-01	2.518091412915519633e-01	1.532621204685622740e-01	7.331474829796155723e-02	3.004255237716887614e-02	7.648151132698223498e-02
1.175578161918233945e+03	2.547756688881471776e-01	1.599708439748895594e-01	2.519519083998503217e-01	1.533493614749947276e-01	7.335128998268418410e-02	3.006523827207013486e-02	7.653568900730925439e-02
1.177029492982330339e+03	2.545706053215912035e-01	1.598330746294818194e-01	2.520944285108417393e-01	1.534364472928080037e-01	7.338777039464576546e-02	3.008789660357876275e-02	7.658977724699812806e-02
1.178480824046426733e+03	2.543658883312077124e-01	1.596955381876577484e-01	2.522367020441558250e-01	1.535233782166509908e-01	7.342418963698051082e-02	3.011052739007792287e-02	7.664377619321477431e-02
1.179932155110523581e+03	2.541615173301555175e-01	1.595582342549663191e-01	2.523787294187112007e-01	1.536101545405587909e-01	7.346054781265821954e-02	3.013313064999507615e-02	7.669768599290038846e-02
1.181383486174620202e+03	2.539574917325913561e-01	1.594211624376256908e-01	2.525205110527164454e-01	1.536967765579541068e-01	7.349684502448461387e-02	3.015570640180170389e-02	7.675150679277159549e-02
1.182834817238716823e+03	2.537538109536680020e-01	1.592843223425219334e-01	2.526620473636716491e-01	1.537832445616487131e-01	7.353308137510146392e-02	3.017825466401303364e-02	7.680523873932067203e-02
1.184286148302813444e+03	2.535504744095324337e-01	1.591477135772080276e-01	2.528033387683694677e-01	1.538695588438451223e-01	7.356925696698687900e-02	3.020077545518779980e-02	7.685888197881571293e-02
1.185737479366910065e+03	2.533474815173245021e-01	1.590113357499026436e-01	2.529443856828961779e-01	1.539557196961379160e-01	7.360537190245548811e-02	3.022326879392796609e-02	7.691243665730082557e-02
1.187188810431006686e+03	2.531448316951747102e-01	1.588751884694890870e-01	2.530851885226330089e-01	1.540417274095151889e-01	7.364142628365867582e-02	3.024573469887848615e-02	7.696590292059631022e-02
1.188640141495103080e+03	2.529425243622029362e-01	1.587392713455141879e-01	2.532257477022573644e-01	1.541275822743602419e-01	7.367742021258483209e-02	3.026817318872702597e-02	7.701928091429888212e-02
1.190091472559199701e+03	2.527405589385163243e-01	1.586035839881871912e-01	2.533660636357440432e-01	1.542132845804528307e-01	7.371335379105951879e-02	3.029058428220372454e-02	7.707257078378183801e-02
1.191542803623296322e+03	2.525389348452078964e-01	1.584681260083785626e-01	2.535061367363662943e-01	1.542988346169707758e-01	7.374922712074576114e-02	3.031296799808091622e-02	7.712577267419522264e-02
1.192994134687392716e+03	2.523376515043547208e-01	1.583328970176190731e-01	2.536459674166971490e-01	1.543842326724913505e-01	7.378504030314418649e-02	3.033532435517290529e-02	7.717888673046607861e-02
1.194445465751489564e+03	2.521367083390160801e-01	1.581978966280985222e-01	2.537855560886104755e-01	1.544694790349928071e-01	7.382079343959331574e-02	3.035765337233568145e-02	7.723191309729864062e-02
1.195896796815585958e+03	2.519361047732320280e-01	1.580631244526646551e-01	2.539249031632823117e-01	1.545545739918557093e-01	7.385648663126971603e-02	3.037995506846667693e-02	7.728485191917448816e-02
1.197348127879682352e+03	2.517358402320214461e-01	1.579285801048221083e-01	2.540640090511919191e-01	1.546395178298645701e-01	7.389211997918831987e-02	3.040222946250452016e-02	7.733770334035279526e-02
1.198799458943779200e+03	2.515359141413804345e-01	1.577942631987313826e-01	2.542028741621230048e-01	1.547243108352090724e-01	7.392769358420252235e-02	3.042447657342876866e-02	7.739046750487048321e-02
1.200250790007875821e+03	2.513363259282807016e-01	1.576601733492075386e-01	2.543414989051650532e-01	1.548089532934857626e-01	7.396320754700450029e-02	3.044669642025966960e-02	7.744314455654248419e-02
1.201702121071972442e+03	2.511370750206677327e-01	1.575263101717193359e-01	2.544798836887142701e-01	1.548934454896992163e-01	7.399866196812537877e-02	3.046888902205791005e-02	7.749573463896186620e-02
1.203153452136069063e+03	2.509381608474592906e-01	1.573926732823878738e-01	2.546180289204749148e-01	1.549777877082636757e-01	7.403405694793543934e-02	3.049105439792434979e-02	7.754823789550011059e-02
1.204604783200165684e+03	2.507395828385435288e-01	1.572592622979857857e-01	2.547559350074604101e-01	1.550619802330044650e-01	7.406939258664439751e-02	3.051319256699978888e-02	7.760065446930729249e-02
1.206056114264262078e+03	2.505413404247774367e-01	1.571260768359359350e-01	2.548936023559945641e-01	1.551460233471592676e-01	7.410466898430156935e-02	3.053530354846470396e-02	7.765298450331227509e-02
1.207507445328358699e+03	2.503434330379851191e-01	1.569931165143103047e-01	2.550310313717126798e-01	1.552299173333796523e-01	7.413988624079607959e-02	3.055738736153902624e-02	7.770522814022293168e-02
1.208958776392455093e+03	2.501458601109562419e-01	1.568603809518291092e-01	2.551682224595626658e-01	1.553136624737324889e-01	7.417504445585709760e-02	3.057944402548186044e-02	7.775738552252632607e-02
1.210410107456551941e+03	2.499486210774441441e-01	1.567278697678595456e-01	2.553051760238064238e-01	1.553972590497013639e-01	7.421014372905408718e-02	3.060147355959125931e-02	7.780945679248901792e-02
1.211861438520648335e+03	2.497517153721643401e-01	1.565955825824146830e-01	2.554418924680207925e-01	1.554807073421879404e-01	7.424518415979695918e-02	3.062347598320397032e-02	7.786144209215713208e-02
1.213312769584745183e+03	2.495551424307928257e-01	1.564635190161525469e-01	2.555783721950989351e-01	1.555640076315133180e-01	7.428016584733633521e-02	3.064545131569519978e-02	7.791334156335670558e-02
1.214764100648841804e+03	2.493589016899643851e-01	1.563316786903748146e-01	2.557146156072512277e-01	1.556471601974195873e-01	7.431508889076374191e-02	3.066739957647835260e-02	7.796515534769378475e-02
1.216215431712937971e+03	2.491629925872709539e-01	1.562000612270258715e-01	2.558506231060065916e-01	1.557301653190710511e-01	7.434995338901181916e-02	3.068932078500480332e-02	7.801688358655477218e-02
1.217666762777034819e+03	2.489674145612600087e-01	1.560686662486917564e-01	2.559863950922136588e-01	1.558130232750557786e-01	7.438475944085456981e-02	3.071121496076364629e-02	7.806852642110652385e-02
1.219118093841131440e+03	2.487721670514328187e-01	1.559374933785989403e-01	2.561219319660418270e-01	1.558957343433867992e-01	7.441950714490749852e-02	3.073308212328144939e-02	7.812008399229662670e-02
1.220569424905228061e+03	2.485772494982429193e-01	1.558065422406134104e-01	2.562572341269824805e-01	1.559782988015036287e-01	7.445419659962791703e-02	3.075492229212202847e-02	7.817155644085359290e-02
1.222020755969324682e+03	2.483826613430944186e-01	1.556758124592393933e-01	2.563923019738502118e-01	1.560607169262736016e-01	7.448882790331509685e-02	3.077673548688619060e-02	7.822294390728712354e-02
1.223472087033421303e+03	2.481884020283403047e-01	1.555453036596184946e-01	2.565271359047837652e-01	1.561429889939932314e-01	7.452340115411051902e-02	3.079852172721149473e-02	7.827424653188826131e-02
1.224923418097517697e+03	2.479944709972808914e-01	1.554150154675284778e-01	2.566617363172473687e-01	1.562251152803895704e-01	7.455791644999804069e-02	3.082028103277202613e-02	7.832546445472968188e-02
1.226374749161614318e+03	2.478008676941621802e-01	1.552849475093822929e-01	2.567961036080317894e-01	1.563070960606216253e-01	7.459237388880414488e-02	3.084201342327814663e-02	7.837659781566587436e-02
1.227826080225710712e+03	2.476075915641742231e-01	1.551550994122268823e-01	2.569302381732555540e-01	1.563889316092816617e-01	7.462677356819814867e-02	3.086371891847625865e-02	7.842764675433334942e-02
1.229277411289807560e+03	2.474146420534494017e-01	1.550254708037422102e-01	2.570641404083660042e-01	1.564706222003965086e-01	7.466111558569242523e-02	3.088539753814856931e-02	7.847861141015094466e-02
1.230728742353903954e+03	2.472220186090609562e-01	1.548960613122401797e-01	2.571978107081404619e-01	1.565521681074291127e-01	7.469540003864255651e-02	3.090704930211285104e-02	7.852949192231996334e-02
1.232180073418000802e+03	2.470297206790212363e-01	1.547668705666635780e-01	2.573312494666875061e-01	1.566335696032795932e-01	7.472962702424762460e-02	3.092867423022221951e-02	7.858028842982442419e-02
1.233631404482097196e+03	2.468377477122802033e-01	1.546378981965848831e-01	2.574644570774478058e-01	1.567148269602868238e-01	7.476379663955036448e-02	3.095027234236487693e-02	7.863100107143132511e-02
1.235082735546193817e+03	2.466460991587236806e-01	1.545091438322053756e-01	2.575974339331954521e-01	1.567959404502296816e-01	7.479790898143741373e-02	3.097184365846390036e-02	7.868162998569082356e-02
1.236534066610290438e+03	2.464547744691719111e-01	1.543806071043540007e-01	2.577301804260391793e-01	1.568769103443283519e-01	7.483196414663947915e-02	3.099338819847698503e-02	7.873217531093648636e-02
1.237985397674387059e+03	2.462637730953778081e-01	1.542522876444862578e-01	2.578626969474232533e-01	1.569577369132457156e-01	7.486596223173161424e-02	3.101490598239624308e-02	7.878263718528555337e-02
1.239436728738483680e+03	2.460730944900254014e-01	1.541241850846832295e-01	2.579949838881289148e-01	1.570384204270885986e-01	7.489990333313335802e-02	3.103639703024793986e-02	7.883301574663910405e-02
1.240888059802580301e+03	2.458827381067282547e-01	1.539962990576505264e-01	2.581270416382750454e-01	1.571189611554092147e-01	7.493378754710897094e-02	3.105786136209228582e-02	7.888331113268232109e-02
1.242339390866676695e+03	2.456927034000278565e-01	1.538686291967170938e-01	2.582588705873197776e-01	1.571993593672063871e-01	7.496761496976764305e-02	3.107929899802318666e-02	7.893352348088476800e-02
1.243790721930773088e+03	2.455029898253919818e-01	1.537411751358342960e-01	2.583904711240612717e-01	1.572796153309268530e-01	7.500138569706372993e-02	3.110070995816802825e-02	7.898365292850051400e-02
1.245242052994869937e+03	2.453135968392131661e-01	1.536139365095748610e-01	2.585218436366391037e-01	1.573597293144666232e-01	7.503509982479693308e-02	3.112209426268745110e-02	7.903369961256849485e-02
1.246693384058966330e+03	2.451245238988071229e-01	1.534869129531317711e-01	2.586529885125350980e-01	1.574397015851723147e-01	7.506875744861252198e-02	3.114345193177511101e-02	7.908366366991265162e-02
1.248144715123063179e+03	2.449357704624110788e-01	1.533601041023172074e-01	2.587839061385748263e-01	1.575195324098423444e-01	7.510235866400150062e-02	3.116478298565745694e-02	7.913354523714220823e-02
1.249596046187159800e+03	2.447473359891822464e-01	1.532335095935615787e-01	2.589145969009281623e-01	1.575992220547283718e-01	7.513590356630088507e-02	3.118608744459349519e-02	7.918334445065190741e-02
1.251047377251256421e+03	2.445592199391962152e-01	1.531071290639123561e-01	2.590450611851110030e-01	1.576787707855364651e-01	7.516939225069388386e-02	3.120736532887458461e-02	7.923306144662223272e-02
1.252498708315352815e+03	2.443714217734454242e-01	1.529809621510331286e-01	2.591752993759858792e-01	1.577581788674284058e-01	7.520282481221005066e-02	3.122861665882419382e-02	7.928269636101967222e-02
1.253950039379449436e+03	2.441839409538376082e-01	1.528550084932025210e-01	2.593053118577633986e-01	1.578374465650231040e-01	7.523620134572558960e-02	3.124984145479767564e-02	7.933224932959694053e-02
1.255401370443546057e+03	2.439967769431940492e-01	1.527292677293132228e-01	2.594350990140031343e-01	1.579165741423976810e-01	7.526952194596348011e-02	3.127103973718205893e-02	7.938172048789320090e-02
1.256852701507642678e+03	2.438099292052482159e-01	1.526037394988707385e-01	2.595646612276150123e-01	1.579955618630889680e-01	7.530278670749372683e-02	3.129221152639580922e-02	7.943110997123434269e-02
1.258304032571739299e+03	2.436233972046441265e-01	1.524784234419926388e-01	2.596939988808601441e-01	1.580744099900945610e-01	7.533599572473356765e-02	3.131335684288861360e-02	7.948041791473318962e-02
1.259755363635835920e+03	2.434371804069347112e-01	1.523533191994073110e-01	2.598231123553519373e-01	1.581531187858742915e-01	7.536914909194766810e-02	3.133447570714115865e-02	7.952964445328976339e-02
1.261206694699932314e+03	2.432512782785804517e-01	1.522284264124530162e-01	2.599520020320573166e-01	1.582316885123513095e-01	7.540224690324828782e-02	3.135556813966491885e-02	7.957878972159153352e-02
1.262658025764028707e+03	2.430656902869475500e-01	1.521037447230768336e-01	2.600806682912978340e-01	1.583101194309135262e-01	7.543528925259557205e-02	3.137663416100192060e-02	7.962785385411359773e-02
1.264109356828125556e+03	2.428804159003065954e-01	1.519792737738336064e-01	2.602091115127506682e-01	1.583884118024147247e-01	7.546827623379770422e-02	3.139767379172452716e-02	7.967683698511902890e-02
1.265560687892221949e+03	2.426954545878309555e-01	1.518550132078849424e-01	2.603373320754497344e-01	1.584665658871758920e-01	7.550120794051108641e-02	3.141868705243522353e-02	7.972573924865902772e-02
1.267012018956318798e+03	2.425108058195951655e-01	1.517309626689981872e-01	2.604653303577867951e-01	1.585445819449864957e-01	7.553408446624061690e-02	3.143967396376641521e-02	7.977456077857321415e-02
1.268463350020415419e+03	2.423264690665734855e-01	1.516071218015453415e-01	2.605931067375126253e-01	1.586224602351056778e-01	7.556690590433984278e-02	3.146063454638016454e-02	7.982330170848987716e-02
1.269914681084511813e+03	2.421424438006382351e-01	1.514834902505020897e-01	2.607206615917378456e-01	1.587002010162634758e-01	7.559967234801118208e-02	3.148156882096801723e-02	7.987196217182616909e-02
1.271366012148608434e+03	2.419587294945583222e-01	1.513600676614468565e-01	2.608479952969343652e-01	1.587778045466621268e-01	7.563238389030610409e-02	3.150247680825078028e-02	7.992054230178842478e-02
1.272817343212705055e+03	2.417753256219977720e-01	1.512368536805595576e-01	2.609751082289362700e-01	1.588552710839772897e-01	7.566504062412537923e-02	3.152335852897829305e-02	7.996904223137232814e-02
1.274268674276801676e+03	2.415922316575140893e-01	1.511138479546208224e-01	2.611020007629409889e-01	1.589326008853592653e-01	7.569764264221925942e-02	3.154421400392921904e-02	8.001746209336327298e-02
1.275720005340898297e+03	2.414094470765567602e-01	1.509910501310108288e-01	2.612286732735101258e-01	1.590097942074342463e-01	7.573019003718767239e-02	3.156504325391083776e-02	8.006580202033644622e-02
1.277171336404994690e+03	2.412269713554657524e-01	1.508684598577083313e-01	2.613551261345708476e-01	1.590868513063055378e-01	7.576268290148044371e-02	3.158584629975881575e-02	8.011406214465727205e-02
1.278622667469091539e+03	2.410448039714699620e-01	1.507460767832896065e-01	2.614813597194167727e-01	1.591637724375547513e-01	7.579512132739746333e-02	3.160662316233701224e-02	8.016224259848149514e-02
1.280073998533187932e+03	2.408629444026856858e-01	1.506239005569274814e-01	2.616073744007091362e-01	1.592405578562430535e-01	7.582750540708894926e-02	3.162737386253725025e-02	8.021034351375551374e-02
1.281525329597284326e+03	2.406813921281150959e-01	1.505019308283903345e-01	2.617331705504779005e-01	1.593172078169123873e-01	7.585983523255561412e-02	3.164809842127913608e-02	8.025836502221662949e-02
1.282976660661381175e+03	2.405001466276447952e-01	1.503801672480410689e-01	2.618587485401226433e-01	1.593937225735866658e-01	7.589211089564887325e-02	3.166879685950981654e-02	8.030630725539324166e-02
1.284427991725477568e+03	2.403192073820442087e-01	1.502586094668360850e-01	2.619841087404137792e-01	1.594701023797729933e-01	7.592433248807105295e-02	3.168946919820379154e-02	8.035417034460519414e-02
1.285879322789574417e+03	2.401385738729641117e-01	1.501372571363242259e-01	2.621092515214937801e-01	1.595463474884628863e-01	7.595650010137558472e-02	3.171011545836268514e-02	8.040195442096391421e-02
1.287330653853671038e+03	2.399582455829351590e-01	1.500161099086458893e-01	2.622341772528777870e-01	1.596224581521334118e-01	7.598861382696719957e-02	3.173073566101505122e-02	8.044965961537277332e-02
1.288781984917767431e+03	2.397782219953663030e-01	1.498951674365319453e-01	2.623588863034550522e-01	1.596984346227484641e-01	7.602067375610216393e-02	3.175132982721617231e-02	8.049728605852723984e-02
1.290233315981864052e+03	2.395985025945433500e-01	1.497744293733027643e-01	2.624833790414898838e-01	1.597742771517598748e-01	7.605267997988844619e-02	3.177189797804783750e-02	8.054483388091519813e-02
