1.001418434226643626e+03	2.870469759021505030e-01	1.713447800315274216e-01	2.347449066657327776e-01	1.415332696993282235e-01	6.941228676914859563e-02	2.667490602852880255e-02	6.924287490358242703e-02
1.002869765290740247e+03	2.867871034914711292e-01	1.711876223598176039e-01	2.349242147151345550e-01	1.416407326514355358e-01	6.945640792408157294e-02	2.669480111933641292e-02	6.930911773872189263e-02
1.004321096354836754e+03	2.865276715402409469e-01	1.710307310699026306e-01	2.351032108176601965e-01	1.417480077337481548e-01	6.950045386119475810e-02	2.671466632620956086e-02	6.937525865104249290e-02
1.005772427418933376e+03	2.862686793005894126e-01	1.708741057094237958e-01	2.352818955051007299e-01	1.418550953073874910e-01	6.954442471554631022e-02	2.673450169876365884e-02	6.944129776318734570e-02
1.007223758483029997e+03	2.860101260259212963e-01	1.707177458267942760e-01	2.354602693083434617e-01	1.419619957326251902e-01	6.958832062192195356e-02	2.675430728653017953e-02	6.950723519786233817e-02
1.008675089547126618e+03	2.857520109709147382e-01	1.705616509711976037e-01	2.356383327573734476e-01	1.420687093688857983e-01	6.963214171483574078e-02	2.677408313895679806e-02	6.957307107783454458e-02
1.010126420611223239e+03	2.854943333915186399e-01	1.704058206925863628e-01	2.358160863812751029e-01	1.421752365747495639e-01	6.967588812853071911e-02	2.679382930540753077e-02	6.963880552593074147e-02
1.011577751675319632e+03	2.852370925449507211e-01	1.702502545416809399e-01	2.359935307082336453e-01	1.422815777079550759e-01	6.971955999697963813e-02	2.681354583516288095e-02	6.970443866503570063e-02
1.013029082739416367e+03	2.849802876896952997e-01	1.700949520699680528e-01	2.361706662655367606e-01	1.423877331254020939e-01	6.976315745388564360e-02	2.683323277741998109e-02	6.976997061809078748e-02
1.014480413803512761e+03	2.847239180855009599e-01	1.699399128296995853e-01	2.363474935795759624e-01	1.424937031831540746e-01	6.980668063268294365e-02	2.685289018129272814e-02	6.983540150809230962e-02
1.015931744867609382e+03	2.844679829933787207e-01	1.697851363738911157e-01	2.365240131758482856e-01	1.425994882364409744e-01	6.985012966653754429e-02	2.687251809581193973e-02	6.990073145809003186e-02
1.017383075931706003e+03	2.842124816755993155e-01	1.696306222563207233e-01	2.367002255789577014e-01	1.427050886396618590e-01	6.989350468834787389e-02	2.689211656992547897e-02	6.996596059118570521e-02
1.018834406995802851e+03	2.839574133956915825e-01	1.694763700315275456e-01	2.368761313126166168e-01	1.428105047463876232e-01	6.993680583074550483e-02	2.691168565249840716e-02	7.003108903053141543e-02
1.020285738059899245e+03	2.837027774184397444e-01	1.693223792548105566e-01	2.370517308996475114e-01	1.429157369093635443e-01	6.998003322609584742e-02	2.693122539231312257e-02	7.009611689932829237e-02
1.021737069123995752e+03	2.834485730098817990e-01	1.691686494822272624e-01	2.372270248619843813e-01	1.430207854805120304e-01	7.002318700649878824e-02	2.695073583806949225e-02	7.016104432082484466e-02
1.023188400188092373e+03	2.831947994373069100e-01	1.690151802705922857e-01	2.374020137206742653e-01	1.431256508109351178e-01	7.006626730378939794e-02	2.697021703838501164e-02	7.022587141831557189e-02
1.024639731252188767e+03	2.829414559692534636e-01	1.688619711774761722e-01	2.375766979958787439e-01	1.432303332509172189e-01	7.010927424953858345e-02	2.698966904179492601e-02	7.029059831513946588e-02
1.026091062316285615e+03	2.826885418755068491e-01	1.687090217612040033e-01	2.377510782068754103e-01	1.433348331499276485e-01	7.015220797505376804e-02	2.700909189675237618e-02	7.035522513467855343e-02
1.027542393380382237e+03	2.824360564270971818e-01	1.685563315808541462e-01	2.379251548720595077e-01	1.434391508566231765e-01	7.019506861137954357e-02	2.702848565162854766e-02	7.041975200035646698e-02
1.028993724444478858e+03	2.821839988962975831e-01	1.684039001962568394e-01	2.380989285089452900e-01	1.435432867188507211e-01	7.023785628929836433e-02	2.704785035471279561e-02	7.048417903563702902e-02
1.030445055508575479e+03	2.819323685566214044e-01	1.682517271679930537e-01	2.382723996341676309e-01	1.436472410836497349e-01	7.028057113933119937e-02	2.706718605421279400e-02	7.054850636402275332e-02
1.031896386572671872e+03	2.816811646828207283e-01	1.680998120573931331e-01	2.384455687634833843e-01	1.437510142972550364e-01	7.032321329173818469e-02	2.708649279825466744e-02	7.061273410905349879e-02
1.033347717636768493e+03	2.814303865508835933e-01	1.679481544265354065e-01	2.386184364117729939e-01	1.438546067050991140e-01	7.036578287651928942e-02	2.710577063488314384e-02	7.067686239430501227e-02
1.034799048700865114e+03	2.811800334380324951e-01	1.677967538382450774e-01	2.387910030930420480e-01	1.439580186518147620e-01	7.040828002341498193e-02	2.712501961206167933e-02	7.074089134338754081e-02
1.036250379764961508e+03	2.809301046227217769e-01	1.676456098560926977e-01	2.389632693204225278e-01	1.440612504812376071e-01	7.045070486190686820e-02	2.714423977767259702e-02	7.080482107994448548e-02
1.037701710829058356e+03	2.806805993846356317e-01	1.674947220443931684e-01	2.391352356061745843e-01	1.441643025364085784e-01	7.049305752121833024e-02	2.716343117951722924e-02	7.086865172765097198e-02
1.039153041893154750e+03	2.804315170046862149e-01	1.673440899682041572e-01	2.393069024616878149e-01	1.442671751595764884e-01	7.053533813031523381e-02	2.718259386531605981e-02	7.093238341021250448e-02
1.040604372957251599e+03	2.801828567650110902e-01	1.671937131933250442e-01	2.394782703974828175e-01	1.443698686922005037e-01	7.057754681790651130e-02	2.720172788270885586e-02	7.099601625136360561e-02
1.042055704021347992e+03	2.799346179489715647e-01	1.670435912862954786e-01	2.396493399232127175e-01	1.444723834749525315e-01	7.061968371244484177e-02	2.722083327925480661e-02	7.105955037486647030e-02
1.043507035085444613e+03	2.796867998411502465e-01	1.668937238143942681e-01	2.398201115476645273e-01	1.445747198477198014e-01	7.066174894212728930e-02	2.723991010243265870e-02	7.112298590450959190e-02
1.044958366149541234e+03	2.794394017273490460e-01	1.667441103456379359e-01	2.399905857787607566e-01	1.446768781496073630e-01	7.070374263489594135e-02	2.725895839964085493e-02	7.118632296410648541e-02
1.046409697213637855e+03	2.791924228945871778e-01	1.665947504487794995e-01	2.401607631235607998e-01	1.447788587189403620e-01	7.074566491843853333e-02	2.727797821819766960e-02	7.124956167749431357e-02
1.047861028277734476e+03	2.789458626310988842e-01	1.664456436933072492e-01	2.403306440882623796e-01	1.448806618932666768e-01	7.078751592018911465e-02	2.729696960534134728e-02	7.131270216853261013e-02
1.049312359341831097e+03	2.786997202263315487e-01	1.662967896494434439e-01	2.405002291782031842e-01	1.449822880093592503e-01	7.082929576732865939e-02	2.731593260823024505e-02	7.137574456110196142e-02
1.050763690405927491e+03	2.784539949709433082e-01	1.661481878881430341e-01	2.406695188978620614e-01	1.450837374032185045e-01	7.087100458678569082e-02	2.733486727394295393e-02	7.143868897910270188e-02
1.052215021470024112e+03	2.782086861568012215e-01	1.659998379810923852e-01	2.408385137508607110e-01	1.451850104100748384e-01	7.091264250523697521e-02	2.735377364947844114e-02	7.150153554645366505e-02
1.053666352534120733e+03	2.779637930769790488e-01	1.658517395007080564e-01	2.410072142399650730e-01	1.452861073643908485e-01	7.095420964910806316e-02	2.737265178175619235e-02	7.156428438709086515e-02
1.055117683598217127e+03	2.777193150257553644e-01	1.657038920201355237e-01	2.411756208670867430e-01	1.453870285998639378e-01	7.099570614457396955e-02	2.739150171761634001e-02	7.162693562496624811e-02
1.056569014662313975e+03	2.774752512986111697e-01	1.655562951132479310e-01	2.413437341332844988e-01	1.454877744494285918e-01	7.103713211755975643e-02	2.741032350381979177e-02	7.168948938404641480e-02
1.058020345726410369e+03	2.772316011922280055e-01	1.654089483546447581e-01	2.415115545387656326e-01	1.455883452452587101e-01	7.107848769374118525e-02	2.742911718704838658e-02	7.175194578831139980e-02
1.059471676790506763e+03	2.769883640044859541e-01	1.652618513196506822e-01	2.416790825828875888e-01	1.456887413187700486e-01	7.111977299854536916e-02	2.744788281390500226e-02	7.181430496175343625e-02
1.060923007854603611e+03	2.767455390344613630e-01	1.651150035843142738e-01	2.418463187641592127e-01	1.457889630006224679e-01	7.116098815715130033e-02	2.746662043091371852e-02	7.187656702837567912e-02
1.062374338918700232e+03	2.765031255824249024e-01	1.649684047254067476e-01	2.420132635802423604e-01	1.458890106207224868e-01	7.120213329449052997e-02	2.748533008451992457e-02	7.193873211219103947e-02
1.063825669982796853e+03	2.762611229498396215e-01	1.648220543204206301e-01	2.421799175279532035e-01	1.459888845082253639e-01	7.124320853524776509e-02	2.750401182109047174e-02	7.200080033722090767e-02
1.065277001046893474e+03	2.760195304393587290e-01	1.646759519475687050e-01	2.423462811032637831e-01	1.460885849915374846e-01	7.128421400386152074e-02	2.752266568691379492e-02	7.206277182749398769e-02
1.066728332110990095e+03	2.757783473548234832e-01	1.645300971857825423e-01	2.425123548013033703e-01	1.461881123983188591e-01	7.132514982452461960e-02	2.754129172820005134e-02	7.212464670704507586e-02
1.068179663175086489e+03	2.755375730012613045e-01	1.643844896147114987e-01	2.426781391163599366e-01	1.462874670554851764e-01	7.136601612118491367e-02	2.755988999108125934e-02	7.218642509991390899e-02
1.069630994239183110e+03	2.752972066848837218e-01	1.642391288147213024e-01	2.428436345418815701e-01	1.463866492892102189e-01	7.140681301754582544e-02	2.757846052161141981e-02	7.224810713014394314e-02
1.071082325303279504e+03	2.750572477130842630e-01	1.640940143668928874e-01	2.430088415704779459e-01	1.464856594249281108e-01	7.144754063706697245e-02	2.759700336576666191e-02	7.230969292178120178e-02
1.072533656367376352e+03	2.748176953944363454e-01	1.639491458530211165e-01	2.431737606939216312e-01	1.465844977873357047e-01	7.148819910296473623e-02	2.761551856944535754e-02	7.237118259887311000e-02
1.073984987431472746e+03	2.745785490386914440e-01	1.638045228556136157e-01	2.433383924031497503e-01	1.466831647003946915e-01	7.152878853821294236e-02	2.763400617846827403e-02	7.243257628546732885e-02
1.075436318495569594e+03	2.743398079567768710e-01	1.636601449578894418e-01	2.435027371882651226e-01	1.467816604873339037e-01	7.156930906554334615e-02	2.765246623857869207e-02	7.249387410561063116e-02
1.076887649559666215e+03	2.741014714607938330e-01	1.635160117437780558e-01	2.436667955385379003e-01	1.468799854706516195e-01	7.160976080744631267e-02	2.767089879544254796e-02	7.255507618334772202e-02
1.078338980623762609e+03	2.738635388640155988e-01	1.633721227979177681e-01	2.438305679424068451e-01	1.469781399721177551e-01	7.165014388617137187e-02	2.768930389464855160e-02	7.261618264272014234e-02
1.079790311687859230e+03	2.736260094808850019e-01	1.632284777056548786e-01	2.439940548874807991e-01	1.470761243127760576e-01	7.169045842372781530e-02	2.770768158170833217e-02	7.267719360776513093e-02
1.081241642751955851e+03	2.733888826270128858e-01	1.630850760530422050e-01	2.441572568605401838e-01	1.471739388129464088e-01	7.173070454188526512e-02	2.772603190205655960e-02	7.273810920251451428e-02
1.082692973816052472e+03	2.731521576191757728e-01	1.629419174268379733e-01	2.443201743475382770e-01	1.472715837922269344e-01	7.177088236217431250e-02	2.774435490105108329e-02	7.279892955099361018e-02
1.084144304880149093e+03	2.729158337753141983e-01	1.627990014145045405e-01	2.444828078336026556e-01	1.473690595694963079e-01	7.181099200588704490e-02	2.776265062397305014e-02	7.285965477722011752e-02
1.085595635944245487e+03	2.726799104145304353e-01	1.626563276042072570e-01	2.446451578030366114e-01	1.474663664629158877e-01	7.185103359407765677e-02	2.778091911602705369e-02	7.292028500520300605e-02
1.087046967008342108e+03	2.724443868570864402e-01	1.625138955848131617e-01	2.448072247393206224e-01	1.475635047899319097e-01	7.189100724756304628e-02	2.779916042234124515e-02	7.298082035894147557e-02
1.088498298072438729e+03	2.722092624244021319e-01	1.623717049458898998e-01	2.449690091251136015e-01	1.476604748672776246e-01	7.193091308692332875e-02	2.781737458796747914e-02	7.304126096242381794e-02
1.089949629136535123e+03	2.719745364390531162e-01	1.622297552777043905e-01	2.451305114422544784e-01	1.477572770109754907e-01	7.197075123250251671e-02	2.783556165788143508e-02	7.310160693962643175e-02
1.091400960200631971e+03	2.717402082247689088e-01	1.620880461712216336e-01	2.452917321717634769e-01	1.478539115363393663e-01	7.201052180440899175e-02	2.785372167698274906e-02	7.316185841451269822e-02
1.092852291264728365e+03	2.715062771064309932e-01	1.619465772181035712e-01	2.454526717938434743e-01	1.479503787579766194e-01	7.205022492251612898e-02	2.787185469009513875e-02	7.322201551103195427e-02
1.094303622328825213e+03	2.712727424100704332e-01	1.618053480107078945e-01	2.456133307878815009e-01	1.480466789897902646e-01	7.208986070646287991e-02	2.788996074196653865e-02	7.328207835311843776e-02
1.095754953392921607e+03	2.710396034628662632e-01	1.616643581420867393e-01	2.457737096324500992e-01	1.481428125449810729e-01	7.212942927565427209e-02	2.790803987726922508e-02	7.334204706469024670e-02
1.097206284457018228e+03	2.708068595931436007e-01	1.615236072059855754e-01	2.459338088053086291e-01	1.482387797360496806e-01	7.216893074926207519e-02	2.792609214059995834e-02	7.340192176964834003e-02
1.098657615521114849e+03	2.705745101303712596e-01	1.613830947968420693e-01	2.460936287834047664e-01	1.483345808747988659e-01	7.220836524622531449e-02	2.794411757648007991e-02	7.346170259187549678e-02
1.100108946585211470e+03	2.703425544051601959e-01	1.612428205097847234e-01	2.462531700428758352e-01	1.484302162723353802e-01	7.224773288525079828e-02	2.796211622935567201e-02	7.352138965523527525e-02
1.101560277649308091e+03	2.701109917492611756e-01	1.611027839406317941e-01	2.464124330590501677e-01	1.485256862390722521e-01	7.228703378481374231e-02	2.798008814359767213e-02	7.358098308357104156e-02
1.103011608713404712e+03	2.698798214955631103e-01	1.609629846858901259e-01	2.465714183064484644e-01	1.486209910847308413e-01	7.232626806315829715e-02	2.799803336350200830e-02	7.364048300070497044e-02
1.104462939777501106e+03	2.696490429780910025e-01	1.608234223427538745e-01	2.467301262587852373e-01	1.487161311183428092e-01	7.236543583829811721e-02	2.801595193328971015e-02	7.369988953043703217e-02
1.105914270841597499e+03	2.694186555320038923e-01	1.606840965091033968e-01	2.468885573889701701e-01	1.488111066482523115e-01	7.240453722801691583e-02	2.803384389710705804e-02	7.375920279654400724e-02
1.107365601905694348e+03	2.691886584935930804e-01	1.605450067835040295e-01	2.470467121691094503e-01	1.489059179821179690e-01	7.244357234986897875e-02	2.805170929902569416e-02	7.381842292277854267e-02
1.108816932969790741e+03	2.689590512002799638e-01	1.604061527652049512e-01	2.472045910705071015e-01	1.490005654269149771e-01	7.248254132117978865e-02	2.806954818304275429e-02	7.387755003286811117e-02
1.110268264033887590e+03	2.687298329906143701e-01	1.602675340541379889e-01	2.473621945636664821e-01	1.490950492889371315e-01	7.252144425904653857e-02	2.808736059308098928e-02	7.393658425051415073e-02
1.111719595097984211e+03	2.685010032042722261e-01	1.601291502509164244e-01	2.475195231182915068e-01	1.491893698737988549e-01	7.256028128033865932e-02	2.810514657298891078e-02	7.399552569939100988e-02
1.113170926162080832e+03	2.682725611820541145e-01	1.599910009568337454e-01	2.476765772032880619e-01	1.492835274864372785e-01	7.259905250169838842e-02	2.812290616654089873e-02	7.405437450314505954e-02
1.114622257226177226e+03	2.680445062658829980e-01	1.598530857738627020e-01	2.478333572867654211e-01	1.493775224311141014e-01	7.263775803954132526e-02	2.814063941743732630e-02	7.411313078539370769e-02
1.116073588290273847e+03	2.678168377988021653e-01	1.597154043046538630e-01	2.479898638360375218e-01	1.494713550114178391e-01	7.267639801005694455e-02	2.815834636930469870e-02	7.417179466972451118e-02
1.117524919354370468e+03	2.675895551249737880e-01	1.595779561525346169e-01	2.481460973176242979e-01	1.495650255302656551e-01	7.271497252920919308e-02	2.817602706569577453e-02	7.423036627969421819e-02
1.118976250418467089e+03	2.673626575896765334e-01	1.594407409215080340e-01	2.483020581972530949e-01	1.496585342899053872e-01	7.275348171273694764e-02	2.819368155008968035e-02	7.428884573882785225e-02
1.120427581482563710e+03	2.671361445393038436e-01	1.593037582162515897e-01	2.484577469398600302e-01	1.497518815919175461e-01	7.279192567615462572e-02	2.821130986589205636e-02	7.434723317061778247e-02
1.121878912546660331e+03	2.669100153213621041e-01	1.591670076421159985e-01	2.486131640095913253e-01	1.498450677372173412e-01	7.283030453475265731e-02	2.822891205643516047e-02	7.440552869852284923e-02
1.123330243610756725e+03	2.666842692844685336e-01	1.590304888051241594e-01	2.487683098698046102e-01	1.499380930260565403e-01	7.286861840359808162e-02	2.824648816497800363e-02	7.446373244596742047e-02
1.124781574674853118e+03	2.664589057783494086e-01	1.588942013119699348e-01	2.489231849830702559e-01	1.500309577580256071e-01	7.290686739753504675e-02	2.826403823470647475e-02	7.452184453634057293e-02
1.126232905738949967e+03	2.662339241538380641e-01	1.587581447700170401e-01	2.490777898111728450e-01	1.501236622320554492e-01	7.294505163118535085e-02	2.828156230873345861e-02	7.457986509299509292e-02
1.127684236803046360e+03	2.660093237628730622e-01	1.586223187872977669e-01	2.492321248151122826e-01	1.502162067464195283e-01	7.298317121894895565e-02	2.829906043009897815e-02	7.463779423924669920e-02
1.129135567867143209e+03	2.657851039584963049e-01	1.584867229725119842e-01	2.493861904551053499e-01	1.503085915987356636e-01	7.302122627500451379e-02	2.831653264177029158e-02	7.469563209837309925e-02
1.130586898931239830e+03	2.655612640948509795e-01	1.583513569350259720e-01	2.495399871905869538e-01	1.504008170859681415e-01	7.305921691330992396e-02	2.833397898664203468e-02	7.475337879361318438e-02
1.132038229995336451e+03	2.653378035271799495e-01	1.582162202848711730e-01	2.496935154802113754e-01	1.504928835044294644e-01	7.309714324760281656e-02	2.835139950753634216e-02	7.481103444816608605e-02
1.133489561059432845e+03	2.651147216118236449e-01	1.580813126327431095e-01	2.498467757818537693e-01	1.505847911497823211e-01	7.313500539140108114e-02	2.836879424720296222e-02	7.486859918519039869e-02
1.134940892123529466e+03	2.648920177062180636e-01	1.579466335900001905e-01	2.499997685526113012e-01	1.506765403170415296e-01	7.317280345800344921e-02	2.838616324831938834e-02	7.492607312780330542e-02
1.136392223187626087e+03	2.646696911688932730e-01	1.578121827686627121e-01	2.501524942488046466e-01	1.507681313005759804e-01	7.321053756048991057e-02	2.840350655349098072e-02	7.498345639907973148e-02
1.137843554251722708e+03	2.644477413594711890e-01	1.576779597814115252e-01	2.503049533259791293e-01	1.508595643941103848e-01	7.324820781172231010e-02	2.842082420525108427e-02	7.504074912205148384e-02
1.139294885315819101e+03	2.642261676386639113e-01	1.575439642415871200e-01	2.504571462389063030e-01	1.509508398907272730e-01	7.328581432434481957e-02	2.843811624606115349e-02	7.509795141970648791e-02
1.140746216379915950e+03	2.640049693682717247e-01	1.574101957631882376e-01	2.506090734415850063e-01	1.510419580828688546e-01	7.332335721078446500e-02	2.845538271831087734e-02	7.515506341498789933e-02
1.142197547444012343e+03	2.637841459111811560e-01	1.572766539608709824e-01	2.507607353872427502e-01	1.511329192623388495e-01	7.336083658325165402e-02	2.847262366431830422e-02	7.521208523079332686e-02
1.143648878508108737e+03	2.635636966313634200e-01	1.571433384499474895e-01	2.509121325283371062e-01	1.512237237203044038e-01	7.339825255374067547e-02	2.848983912632994941e-02	7.526901698997401358e-02
1.145100209572205586e+03	2.633436208938721990e-01	1.570102488463849255e-01	2.510632653165569828e-01	1.513143717472978933e-01	7.343560523403019902e-02	2.850702914652093745e-02	7.532585881533401806e-02
1.146551540636302207e+03	2.631239180648419218e-01	1.568773847668042953e-01	2.512141342028238467e-01	1.514048636332188114e-01	7.347289473568377471e-02	2.852419376699510609e-02	7.538261082962942339e-02
1.148002871700398828e+03	2.629045875114859321e-01	1.567447458284793593e-01	2.513647396372931109e-01	1.514951996673356283e-01	7.351012117005036040e-02	2.854133302978513129e-02	7.543927315556757385e-02
1.149454202764495449e+03	2.626856286020948228e-01	1.566123316493354956e-01	2.515150820693555223e-01	1.515853801382875399e-01	7.354728464826482126e-02	2.855844697685264860e-02	7.549584591580627002e-02
1.150905533828591842e+03	2.624670407060339938e-01	1.564801418479485617e-01	2.516651619476383828e-01	1.516754053340863551e-01	7.358438528124844336e-02	2.857553565008839197e-02	7.555232923295295000e-02
1.152356864892688463e+03	2.622488231937426528e-01	1.563481760435438406e-01	2.518149797200066042e-01	1.517652755421183830e-01	7.362142317970939154e-02	2.859259909131228392e-02	7.560872322956399549e-02
1.153808195956785084e+03	2.620309754367310950e-01	1.562164338559948185e-01	2.519645358335644847e-01	1.518549910491460708e-01	7.365839845414322296e-02	2.860963734227356739e-02	7.566502802814388529e-02
1.155259527020881706e+03	2.618134968075794822e-01	1.560849149058221308e-01	2.521138307346566521e-01	1.519445521413099465e-01	7.369531121483344216e-02	2.862665044465094455e-02	7.572124375114451522e-02
1.156710858084978327e+03	2.615963866799358439e-01	1.559536188141924795e-01	2.522628648688693964e-01	1.520339591041303673e-01	7.373216157185190356e-02	2.864363844005266696e-02	7.577737052096436554e-02
1.158162189149074720e+03	2.613796444285141352e-01	1.558225452029174951e-01	2.524116386810322243e-01	1.521232122225093242e-01	7.376894963505939429e-02	2.866060137001667785e-02	7.583340845994777923e-02
1.159613520213171569e+03	2.611632694290925150e-01	1.556916936944525709e-01	2.525601526152186915e-01	1.522123117807322179e-01	7.380567551410606442e-02	2.867753927601071270e-02	7.588935769038425427e-02
1.161064851277267962e+03	2.609472610585113483e-01	1.555610639118958360e-01	2.527084071147481237e-01	1.523012580624696910e-01	7.384233931843195431e-02	2.869445219943244502e-02	7.594521833450762482e-02
1.162516182341364356e+03	2.607316186946717074e-01	1.554306554789870454e-01	2.528564026221865046e-01	1.523900513507792653e-01	7.387894115726743871e-02	2.871134018160957299e-02	7.600099051449545062e-02
1.163967513405461204e+03	2.605163417165331508e-01	1.553004680201063581e-01	2.530041395793483083e-01	1.524786919281072017e-01	7.391548113963378186e-02	2.872820326379996875e-02	7.605667435246815655e-02
1.165418844469557826e+03	2.603014295041122805e-01	1.551705011602734496e-01	2.531516184272971093e-01	1.525671800762902763e-01	7.395195937434356770e-02	2.874504148719177893e-02	7.611226997048842202e-02
1.166870175533654447e+03	2.600868814384806327e-01	1.550407545251462627e-01	2.532988396063474146e-01	1.526555160765573904e-01	7.398837597000118560e-02	2.876185489290354613e-02	7.616777749056037605e-02
1.168321506597751068e+03	2.598726969017630672e-01	1.549112277410199245e-01	2.534458035560656075e-01	1.527437002095315410e-01	7.402473103500337159e-02	2.877864352198433034e-02	7.622319703462898666e-02
1.169772837661847461e+03	2.596588752771358255e-01	1.547819204348256095e-01	2.535925107152712799e-01	1.528317327552313754e-01	7.406102467753962471e-02	2.879540741541381996e-02	7.627852872457924205e-02
1.171224168725944082e+03	2.594454159488248091e-01	1.546528322341296502e-01	2.537389615220386752e-01	1.529196139930729392e-01	7.409725700559272044e-02	2.881214661410246361e-02	7.633377268223556777e-02
1.172675499790040703e+03	2.592323183021037480e-01	1.545239627671321503e-01	2.538851564136976324e-01	1.530073442018714536e-01	7.413342812693918260e-02	2.882886115889157427e-02	7.638892902936103568e-02
1.174126830854137097e+03	2.590195817232923137e-01	1.543953116626661515e-01	2.540310958268353070e-01	1.530949236598430074e-01	7.416953814914974130e-02	2.884555109055345068e-02	7.644399788765673942e-02
1.175578161918233945e+03	2.588072055997545640e-01	1.542668785501964401e-01	2.541767801972970031e-01	1.531823526446061956e-01	7.420558717958986028e-02	2.886221644979150222e-02	7.649897937876108667e-02
1.177029492982330339e+03	2.585951893198969453e-01	1.541386630598183538e-01	2.543222099601877284e-01	1.532696314331839782e-01	7.424157532542016713e-02	2.887885727724035650e-02	7.655387362424916076e-02
1.178480824046426733e+03	2.583835322731665163e-01	1.540106648222569208e-01	2.544673855498731374e-01	1.533567603020052628e-01	7.427750269359692514e-02	2.889547361346598078e-02	7.660868074563199903e-02
1.179932155110523581e+03	2.581722338500491154e-01	1.538828834688656111e-01	2.546123073999811415e-01	1.534437395269065696e-01	7.431336939087250515e-02	2.891206549896579298e-02	7.666340086435592671e-02
1.181383486174620202e+03	2.579612934420679182e-01	1.537553186316253373e-01	2.547569759434029635e-01	1.535305693831338081e-01	7.434917552379589900e-02	2.892863297416878310e-02	7.671803410180194627e-02
1.182834817238716823e+03	2.577507104417811057e-01	1.536279699431433443e-01	2.549013916122944701e-01	1.536172501453438588e-01	7.438492119871314978e-02	2.894517607943563817e-02	7.677258057928505741e-02
1.184286148302813444e+03	2.575404842427805874e-01	1.535008370366520991e-01	2.550455548380772264e-01	1.537037820876063499e-01	7.442060652176779589e-02	2.896169485505883934e-02	7.682704041805359096e-02
1.185737479366910065e+03	2.573306142396900587e-01	1.533739195460083471e-01	2.551894660514402169e-01	1.537901654834051557e-01	7.445623159890138454e-02	2.897818934126279375e-02	7.688141373928859823e-02
1.187188810431006686e+03	2.571210998281630022e-01	1.532472171056918353e-01	2.553331256823404560e-01	1.538764006056401734e-01	7.449179653585391581e-02	2.899465957820393514e-02	7.693570066410317099e-02
1.188640141495103080e+03	2.569119404048812449e-01	1.531207293508044798e-01	2.554765341600048201e-01	1.539624877266289882e-01	7.452730143816430064e-02	2.901110560597086260e-02	7.698990131354185862e-02
1.190091472559199701e+03	2.567031353675530148e-01	1.529944559170690888e-01	2.556196919129308243e-01	1.540484271181084552e-01	7.456274641117080493e-02	2.902752746458443431e-02	7.704401580857998810e-02
1.191542803623296322e+03	2.564946841149112200e-01	1.528683964408283913e-01	2.557625993688881216e-01	1.541342190512363375e-01	7.459813156001157686e-02	2.904392519399788888e-02	7.709804427012306727e-02
1.192994134687392716e+03	2.562865860467117285e-01	1.527425505590439825e-01	2.559052569549197242e-01	1.542198637965929708e-01	7.463345698962502162e-02	2.906029883409695994e-02	7.715198681900616029e-02
1.194445465751489564e+03	2.560788405637316467e-01	1.526169179092952410e-01	2.560476650973432244e-01	1.543053616241828463e-01	7.466872280475030099e-02	2.907664842469999400e-02	7.720584357599330483e-02
1.195896796815585958e+03	2.558714470677674324e-01	1.524914981297782468e-01	2.561898242217519051e-01	1.543907128034363030e-01	7.470392910992777746e-02	2.909297400555806504e-02	7.725961466177684589e-02
1.197348127879682352e+03	2.556644049616331738e-01	1.523662908593048093e-01	2.563317347530161272e-01	1.544759176032109993e-01	7.473907600949949992e-02	2.910927561635508892e-02	7.731330019697689460e-02
1.198799458943779200e+03	2.554577136491589240e-01	1.522412957373012188e-01	2.564733971152844960e-01	1.545609762917936614e-01	7.477416360760959224e-02	2.912555329670793447e-02	7.736690030214067593e-02
1.200250790007875821e+03	2.552513725351889806e-01	1.521165124038074967e-01	2.566148117319850819e-01	1.546458891369016375e-01	7.480919200820476678e-02	2.914180708616653098e-02	7.742041509774194585e-02
1.201702121071972442e+03	2.550453810255799980e-01	1.519919404994760359e-01	2.567559790258267527e-01	1.547306564056844524e-01	7.484416131503474068e-02	2.915803702421400356e-02	7.747384470418046398e-02
1.203153452136069063e+03	2.548397385271993776e-01	1.518675796655706844e-01	2.568968994188001176e-01	1.548152783647254171e-01	7.487907163165269386e-02	2.917424315026675985e-02	7.752718924178129967e-02
1.204604783200165684e+03	2.546344444479235469e-01	1.517434295439657466e-01	2.570375733321790812e-01	1.548997552800432387e-01	7.491392306141569923e-02	2.919042550367462532e-02	7.758044883079437404e-02
1.206056114264262078e+03	2.544294981966361280e-01	1.516194897771447891e-01	2.571780011865218984e-01	1.549840874170935190e-01	7.494871570748520839e-02	2.920658412372094739e-02	7.763362359139380775e-02
1.207507445328358699e+03	2.542248991832262717e-01	1.514957600081998368e-01	2.573181834016722291e-01	1.550682750407704202e-01	7.498344967282742635e-02	2.922271904962270295e-02	7.768671364367736587e-02
1.208958776392455093e+03	2.540206468185868816e-01	1.513722398808299840e-01	2.574581203967608589e-01	1.551523184154081636e-01	7.501812506021383886e-02	2.923883032053061284e-02	7.773971910766590276e-02
1.210410107456551941e+03	2.538167405146130040e-01	1.512489290393407015e-01	2.575978125902062543e-01	1.552362178047825836e-01	7.505274197222158716e-02	2.925491797552927029e-02	7.779264010330279311e-02
1.211861438520648335e+03	2.536131796841999964e-01	1.511258271286425314e-01	2.577372603997163392e-01	1.553199734721126823e-01	7.508730051123395366e-02	2.927098205363723449e-02	7.784547675045341841e-02
1.213312769584745183e+03	2.534099637412418615e-01	1.510029337942501992e-01	2.578764642422893827e-01	1.554035856800622395e-01	7.512180077944077827e-02	2.928702259380715212e-02	7.789822916890451476e-02
1.214764100648841804e+03	2.532070921006295272e-01	1.508802486822815592e-01	2.580154245342152208e-01	1.554870546907412554e-01	7.515624287883887478e-02	2.930303963492586136e-02	7.795089747836377037e-02
1.216215431712937971e+03	2.530045641782491805e-01	1.507577714394565116e-01	2.581541416910765885e-01	1.555703807657074778e-01	7.519062691123253039e-02	2.931903321581451338e-02	7.800348179845918717e-02
1.217666762777034819e+03	2.528023793909804917e-01	1.506355017130960317e-01	2.582926161277502852e-01	1.556535641659681224e-01	7.522495297823385274e-02	2.933500337522867984e-02	7.805598224873852575e-02
1.219118093841131440e+03	2.526005371566948376e-01	1.505134391511209757e-01	2.584308482584083966e-01	1.557366051519811223e-01	7.525922118126328331e-02	2.935095015185846742e-02	7.810839894866887512e-02
1.220569424905228061e+03	2.523990368942538587e-01	1.503915834020512765e-01	2.585688384965193487e-01	1.558195039836567652e-01	7.529343162154997215e-02	2.936687358432861841e-02	7.816073201763602818e-02
1.222020755969324682e+03	2.521978780235075157e-01	1.502699341150048329e-01	2.587065872548492407e-01	1.559022609203592757e-01	7.532758440013227752e-02	2.938277371119862869e-02	7.821298157494400993e-02
1.223472087033421303e+03	2.519970599652925913e-01	1.501484909396964273e-01	2.588440949454630657e-01	1.559848762209082307e-01	7.536167961785808500e-02	2.939865057096286566e-02	7.826514773981455009e-02
1.224923418097517697e+03	2.517965821414307470e-01	1.500272535264367268e-01	2.589813619797257105e-01	1.560673501435800303e-01	7.539571737538534879e-02	2.941450420205067584e-02	7.831723063138656959e-02
1.226374749161614318e+03	2.515964439747270798e-01	1.499062215261312836e-01	2.591183887683033982e-01	1.561496829461094804e-01	7.542969777318246638e-02	2.943033464282647851e-02	7.836923036871563941e-02
1.227826080225710712e+03	2.513966448889682903e-01	1.497853945902795081e-01	2.592551757211647434e-01	1.562318748856911799e-01	7.546362091152866713e-02	2.944614193158989757e-02	7.842114707077355029e-02
1.229277411289807560e+03	2.511971843089210177e-01	1.496647723709736422e-01	2.593917232475818624e-01	1.563139262189811585e-01	7.549748689051455353e-02	2.946192610657586211e-02	7.847298085644771604e-02
1.230728742353903954e+03	2.509980616603303405e-01	1.495443545208977876e-01	2.595280317561316497e-01	1.563958372020981258e-01	7.553129581004237869e-02	2.947768720595472097e-02	7.852473184454077104e-02
1.232180073418000802e+03	2.507992763699177785e-01	1.494241406933267957e-01	2.596641016546971104e-01	1.564776080906251643e-01	7.556504776982658766e-02	2.949342526783234331e-02	7.857640015377002907e-02
1.233631404482097196e+03	2.506008278653798493e-01	1.493041305421252962e-01	2.597999333504683039e-01	1.565592391396110616e-01	7.559874286939415045e-02	2.950914033025024003e-02	7.862798590276696975e-02
1.235082735546193817e+03	2.504027155753863476e-01	1.491843237217467810e-01	2.599355272499434544e-01	1.566407306035717539e-01	7.563238120808500609e-02	2.952483243118565401e-02	7.867948921007680840e-02
1.236534066610290438e+03	2.502049389295786797e-01	1.490647198872324664e-01	2.600708837589305045e-01	1.567220827364918523e-01	7.566596288505254841e-02	2.954050160855169888e-02	7.873091019415801028e-02
1.237985397674387059e+03	2.500074973585682536e-01	1.489453186942102936e-01	2.602060032825478930e-01	1.568032957918261139e-01	7.569948799926395910e-02	2.955614790019744226e-02	7.878224897338180488e-02
1.239436728738483680e+03	2.498103902939346199e-01	1.488261197988940410e-01	2.603408862252259426e-01	1.568843700225008020e-01	7.573295664950063788e-02	2.957177134390802722e-02	7.883350566603167242e-02
1.240888059802580301e+03	2.496136171682239446e-01	1.487071228580821580e-01	2.604755329907080252e-01	1.569653056809151570e-01	7.576636893435864661e-02	2.958737197740477290e-02	7.888468039030295531e-02
1.242339390866676695e+03	2.494171774149474552e-01	1.485883275291569050e-01	2.606099439820516728e-01	1.570461030189427842e-01	7.579972495224909790e-02	2.960294983834529242e-02	7.893577326430234464e-02
1.243790721930773088e+03	2.492210704685796363e-01	1.484697334700832982e-01	2.607441196016297424e-01	1.571267622879332082e-01	7.583302480139855750e-02	2.961850496432359356e-02	7.898678440604746387e-02
1.245242052994869937e+03	2.490252957645566478e-01	1.483513403394080554e-01	2.608780602511316382e-01	1.572072837387131494e-01	7.586626857984948846e-02	2.963403739287018279e-02	7.903771393346634144e-02
1.246693384058966330e+03	2.488298527392746318e-01	1.482331477962586519e-01	2.610117663315642544e-01	1.572876676215879954e-01	7.589945638546066742e-02	2.964954716145219715e-02	7.908856196439703612e-02
1.248144715123063179e+03	2.486347408300881023e-01	1.481151555003423215e-01	2.611452382432535857e-01	1.573679141863432718e-01	7.593258831590751767e-02	2.966503430747348055e-02	7.913932861658713735e-02
1.249596046187159800e+03	2.484399594753082807e-01	1.479973631119450850e-01	2.612784763858453374e-01	1.574480236822459189e-01	7.596566446868262268e-02	2.968049886827470174e-02	7.919001400769340449e-02
1.251047377251256421e+03	2.482455081142014852e-01	1.478797702919307511e-01	2.614114811583065356e-01	1.575279963580457909e-01	7.599868494109603134e-02	2.969594088113347574e-02	7.924061825528122549e-02
1.252498708315352815e+03	2.480513861869875214e-01	1.477623767017398615e-01	2.615442529589264709e-01	1.576078324619770432e-01	7.603164983027568824e-02	2.971136038326445752e-02	7.929114147682422842e-02
1.253950039379449436e+03	2.478575931348379058e-01	1.476451820033888029e-01	2.616767921853178636e-01	1.576875322417594649e-01	7.606455923316790546e-02	2.972675741181944262e-02	7.934158378970383729e-02
1.255401370443546057e+03	2.476641283998744503e-01	1.475281858594686690e-01	2.618090992344179191e-01	1.577670959445999499e-01	7.609741324653769567e-02	2.974213200388749895e-02	7.939194531120893905e-02
1.256852701507642678e+03	2.474709914251674858e-01	1.474113879331445387e-01	2.619411745024897709e-01	1.578465238171937735e-01	7.613021196696917459e-02	2.975748419649503970e-02	7.944222615853531455e-02
1.258304032571739299e+03	2.472781816547342804e-01	1.472947878881541439e-01	2.620730183851233686e-01	1.579258161057260357e-01	7.616295549086599115e-02	2.977281402660596210e-02	7.949242644878529163e-02
1.259755363635835920e+03	2.470856985335373734e-01	1.471783853888072313e-01	2.622046312772366439e-01	1.580049730558730214e-01	7.619564391445170226e-02	2.978812153112173067e-02	7.954254629896737039e-02
1.261206694699932314e+03	2.468935415074830775e-01	1.470621800999843132e-01	2.623360135730767317e-01	1.580839949128034772e-01	7.622827733377018911e-02	2.980340674688149519e-02	7.959258582599576526e-02
1.262658025764028707e+03	2.467017100234196736e-01	1.469461716871358625e-01	2.624671656662211361e-01	1.581628819211801928e-01	7.626085584468603185e-02	2.981866971066219132e-02	7.964254514668997476e-02
1.264109356828125556e+03	2.465102035291359406e-01	1.468303598162812307e-01	2.625980879495787845e-01	1.582416343251610846e-01	7.629337954288492596e-02	2.983391045917864470e-02	7.969242437777443455e-02
1.265560687892221949e+03	2.463190214733596006e-01	1.467147441540077590e-01	2.627287808153910831e-01	1.583202523684007490e-01	7.632584852387404306e-02	2.984912902908368887e-02	7.974222363587807338e-02
1.267012018956318798e+03	2.461281633057555429e-01	1.465993243674696966e-01	2.628592446552334150e-01	1.583987362940516563e-01	7.635826288298246112e-02	2.986432545696825203e-02	7.979194303753395223e-02
1.268463350020415419e+03	2.459376284769243248e-01	1.464841001243873952e-01	2.629894798600158068e-01	1.584770863447656220e-01	7.639062271536152526e-02	2.987949977936147153e-02	7.984158269917884798e-02
1.269914681084511813e+03	2.457474164384005066e-01	1.463690710930461436e-01	2.631194868199842607e-01	1.585553027626950551e-01	7.642292811598529190e-02	2.989465203273080143e-02	7.989114273715286485e-02
1.271366012148608434e+03	2.455575266426510972e-01	1.462542369422953625e-01	2.632492659247221423e-01	1.586333857894942911e-01	7.645517917965082011e-02	2.990978225348212005e-02	7.994062326769908744e-02
1.272817343212705055e+03	2.453679585430739996e-01	1.461395973415474669e-01	2.633788175631507911e-01	1.587113356663209518e-01	7.648737600097867129e-02	2.992489047795981669e-02	7.999002440696316441e-02
1.274268674276801676e+03	2.451787115939963180e-01	1.460251519607771997e-01	2.635081421235310750e-01	1.587891526338372494e-01	7.651951867441320054e-02	2.993997674244692001e-02	8.003934627099293375e-02
1.275720005340898297e+03	2.449897852506728868e-01	1.459109004705202439e-01	2.636372399934642785e-01	1.588668369322112639e-01	7.655160729422300081e-02	2.995504108316518477e-02	8.008858897573803426e-02
1.277171336404994690e+03	2.448011789692844942e-01	1.457968425418726399e-01	2.637661115598932682e-01	1.589443888011183303e-01	7.658364195450129142e-02	2.997008353627520286e-02	8.013775263704960017e-02
1.278622667469091539e+03	2.446128922069364942e-01	1.456829778464897029e-01	2.638947572091037141e-01	1.590218084797423437e-01	7.661562274916623727e-02	2.998510413787650042e-02	8.018683737067980322e-02
1.280073998533187932e+03	2.444249244216571693e-01	1.455693060565848851e-01	2.640231773267252002e-01	1.590990962067768966e-01	7.664754977196140684e-02	3.000010292400765929e-02	8.023584329228157508e-02
1.281525329597284326e+03	2.442372750723960650e-01	1.454558268449291369e-01	2.641513722977321121e-01	1.591762522204267782e-01	7.667942311645610520e-02	3.001507993064639682e-02	8.028477051740817716e-02
1.282976660661381175e+03	2.440499436190224636e-01	1.453425398848496586e-01	2.642793425064450807e-01	1.592532767584091402e-01	7.671124287604577652e-02	3.003003519370968724e-02	8.033361916151290916e-02
1.284427991725477568e+03	2.438629295223239124e-01	1.452294448502291779e-01	2.644070883365317592e-01	1.593301700579548563e-01	7.674300914395235096e-02	3.004496874905385542e-02	8.038238933994872049e-02
1.285879322789574417e+03	2.436762322440045592e-01	1.451165414155048683e-01	2.645346101710082110e-01	1.594069323558097440e-01	7.677472201322468881e-02	3.005988063247468089e-02	8.043108116796783558e-02
1.287330653853671038e+03	2.434898512466834863e-01	1.450038292556674602e-01	2.646619083922398530e-01	1.594835638882358964e-01	7.680638157673888577e-02	3.007477087970750890e-02	8.047969476072147632e-02
1.288781984917767431e+03	2.433037859938932956e-01	1.448913080462602143e-01	2.647889833819426775e-01	1.595600648910129038e-01	7.683798792719868931e-02	3.008963952642734752e-02	8.052823023325945961e-02
1.290233315981864052e+03	2.431180359500785260e-01	1.447789774633780335e-01	2.649158355211841398e-01	1.596364355994391304e-01	7.686954115713583169e-02	3.010448660824895789e-02	8.057668770052987817e-02
