1.001418434226643626e+03	2.821171577355542914e-01	1.781823651770712558e-01	2.329618955223609345e-01	1.416953300324846066e-01	6.850990979939690362e-02	2.717911154007134067e-02	6.935423019300714087e-02
1.003837319333471214e+03	2.816984226807703329e-01	1.779014758001669361e-01	2.332540591424785703e-01	1.418750853280011104e-01	6.858418938739176129e-02	2.722280681496444185e-02	6.946396084617327549e-02
1.006256204440298802e+03	2.812808674705843948e-01	1.776213779625197275e-01	2.335453833017442360e-01	1.420542990888867818e-01	6.865826125038411443e-02	2.726642001755372191e-02	6.957339090827338590e-02
1.008675089547126618e+03	2.808644887699666692e-01	1.773420694316594215e-01	2.338358703757956181e-01	1.422329730796587366e-01	6.873212596694038001e-02	2.730995119185915254e-02	6.968252118406639828e-02
1.011093974653954206e+03	2.804492832534881130e-01	1.770635479813155166e-01	2.341255227335535816e-01	1.424111090583331518e-01	6.880578411410334660e-02	2.735340038262355083e-02	6.979135247652906715e-02
1.013512859760782021e+03	2.800352476052874739e-01	1.767858113914046458e-01	2.344143427372415711e-01	1.425887087764549366e-01	6.887923626739674010e-02	2.739676763530728837e-02	6.989988558685361619e-02
1.015931744867609382e+03	2.796223785190383726e-01	1.765088574480176697e-01	2.347023327424046790e-01	1.427657739791273195e-01	6.895248300082959525e-02	2.744005299608301418e-02	7.000812131444557329e-02
1.018350629974437197e+03	2.792106726979171616e-01	1.762326839434064929e-01	2.349894950979287689e-01	1.429423064050410752e-01	6.902552488690059940e-02	2.748325651183039509e-02	7.011606045692171663e-02
1.020769515081264785e+03	2.788001268545705069e-01	1.759572886759709631e-01	2.352758321460595992e-01	1.431183077865038067e-01	6.909836249660236684e-02	2.752637823013086640e-02	7.022370381010817342e-02
1.023188400188092373e+03	2.783907377110834136e-01	1.756826694502455211e-01	2.355613462224218080e-01	1.432937798494686443e-01	6.917099639942576872e-02	2.756941819926241738e-02	7.033105216803860193e-02
1.025607285294920075e+03	2.779825019989482504e-01	1.754088240768859330e-01	2.358460396560378702e-01	1.434687243135632229e-01	6.924342716336405468e-02	2.761237646819437314e-02	7.043810632295254004e-02
1.028026170401747549e+03	2.775754164590326090e-01	1.751357503726554687e-01	2.361299147693469158e-01	1.436431428921181308e-01	6.931565535491704400e-02	2.765525308658219397e-02	7.054486706529387863e-02
1.030445055508575479e+03	2.771694778415487725e-01	1.748634461604114676e-01	2.364129738782236589e-01	1.438170372921953599e-01	6.938768153909516401e-02	2.769804810476231977e-02	7.065133518370945997e-02
1.032863940615402726e+03	2.767646829060229074e-01	1.745919092690915442e-01	2.366952192919969944e-01	1.439904092146165049e-01	6.945950627942361344e-02	2.774076157374700743e-02	7.075751146504768996e-02
1.035282825722230655e+03	2.763610284212640322e-01	1.743211375336996827e-01	2.369766533134688713e-01	1.441632603539907687e-01	6.953113013794631758e-02	2.778339354521918228e-02	7.086339669435746946e-02
1.037701710829058356e+03	2.759585111653340972e-01	1.740511287952922204e-01	2.372572782389327783e-01	1.443355923987428846e-01	6.960255367522989733e-02	2.782594407152732749e-02	7.096899165488704253e-02
1.040120595935886058e+03	2.755571279255178418e-01	1.737818809009640253e-01	2.375370963581924788e-01	1.445074070311407888e-01	6.967377745036759662e-02	2.786841320568037711e-02	7.107429712808306654e-02
1.042539481042713533e+03	2.751568754982928189e-01	1.735133917038342577e-01	2.378161099545803570e-01	1.446787059273231257e-01	6.974480202098320980e-02	2.791080100134265066e-02	7.117931389358975180e-02
1.044958366149541234e+03	2.747577506892996402e-01	1.732456590630321036e-01	2.380943213049760698e-01	1.448494907573265877e-01	6.981562794323489807e-02	2.795310751282874956e-02	7.128404272924811214e-02
1.047377251256368709e+03	2.743597503133126669e-01	1.729786808436827306e-01	2.383717326798247549e-01	1.450197631851131153e-01	6.988625577181903359e-02	2.799533279509854727e-02	7.138848441109531262e-02
1.049796136363196410e+03	2.739628711942108108e-01	1.727124549168927437e-01	2.386483463431555430e-01	1.451895248685968476e-01	6.995668605997396039e-02	2.803747690375214471e-02	7.149263971336414225e-02
1.052215021470024112e+03	2.735671101649483905e-01	1.724469791597358914e-01	2.389241645525997382e-01	1.453587774596710458e-01	7.002691935948371360e-02	2.807953989502486730e-02	7.159650940848256984e-02
1.054633906576851814e+03	2.731724640675261551e-01	1.721822514552386052e-01	2.391991895594091366e-01	1.455275226042347936e-01	7.009695622068179421e-02	2.812152182578227244e-02	7.170009426707338318e-02
1.057052791683679516e+03	2.727789297529631396e-01	1.719182696923654829e-01	2.394734236084741508e-01	1.456957619422194206e-01	7.016679719245477731e-02	2.816342275351518820e-02	7.180339505795393928e-02
1.059471676790506763e+03	2.723865040812676885e-01	1.716550317660048564e-01	2.397468689383419338e-01	1.458634971076148978e-01	7.023644282224598967e-02	2.820524273633473814e-02	7.190641254813602556e-02
1.061890561897334692e+03	2.719951839214093114e-01	1.713925355769539416e-01	2.400195277812344208e-01	1.460307297284960948e-01	7.030589365605911800e-02	2.824698183296744242e-02	7.200914750282573495e-02
1.064309447004162394e+03	2.716049661512909830e-01	1.711307790319043787e-01	2.402914023630664253e-01	1.461974614270487305e-01	7.037515023846178941e-02	2.828864010275028776e-02	7.211160068542353530e-02
1.066728332110990095e+03	2.712158476577205546e-01	1.708697600434274377e-01	2.405624949034635141e-01	1.463636938195953252e-01	7.044421311258908247e-02	2.833021760562583896e-02	7.221377285752436648e-02
1.069147217217817570e+03	2.708278253363836652e-01	1.706094765299593918e-01	2.408328076157799369e-01	1.465294285166209021e-01	7.051308282014714934e-02	2.837171440213736434e-02	7.231566477891780698e-02
1.071566102324645271e+03	2.704408960918155969e-01	1.703499264157866400e-01	2.411023427071164182e-01	1.466946671227986054e-01	7.058175990141661582e-02	2.841313055342399238e-02	7.241727720758836528e-02
1.073984987431472746e+03	2.700550568373744631e-01	1.700911076310310521e-01	2.413711023783380316e-01	1.468594112370150695e-01	7.065024489525606466e-02	2.845446612121586491e-02	7.251861089971581298e-02
1.076403872538300675e+03	2.696703044952133421e-01	1.698330181116349813e-01	2.416390888240918522e-01	1.470236624523956481e-01	7.071853833910553278e-02	2.849572116782933887e-02	7.261966660967564269e-02
1.078822757645127922e+03	2.692866359962537426e-01	1.695756557993465252e-01	2.419063042328247759e-01	1.471874223563296724e-01	7.078664076898986968e-02	2.853689575616218457e-02	7.272044509003956769e-02
1.081241642751955851e+03	2.689040482801582921e-01	1.693190186417046772e-01	2.421727507868009777e-01	1.473506925304953474e-01	7.085455271952215139e-02	2.857798994968881873e-02	7.282094709157607704e-02
1.083660527858783553e+03	2.685225382953041473e-01	1.690631045920243380e-01	2.424384306621195639e-01	1.475134745508846212e-01	7.092227472390705278e-02	2.861900381245554778e-02	7.292117336325111554e-02
1.086079412965611255e+03	2.681421029987561822e-01	1.688079116093814114e-01	2.427033460287321143e-01	1.476757699878277486e-01	7.098980731394421984e-02	2.865993740907584256e-02	7.302112465222884707e-02
1.088498298072438729e+03	2.677627393562407310e-01	1.685534376585980376e-01	2.429674990504601118e-01	1.478375804060179655e-01	7.105715102003150319e-02	2.870079080472562674e-02	7.312080170387240396e-02
1.090917183179266431e+03	2.673844443421189432e-01	1.682996807102273840e-01	2.432308918850124291e-01	1.479989073645358588e-01	7.112430637116838594e-02	2.874156406513857925e-02	7.322020526174478905e-02
1.093336068286093905e+03	2.670072149393608596e-01	1.680466387405389062e-01	2.434935266840025925e-01	1.481597524168735969e-01	7.119127389495917557e-02	2.878225725660145742e-02	7.331933606760979161e-02
1.095754953392921607e+03	2.666310481395191001e-01	1.677943097315033050e-01	2.437554055929662122e-01	1.483201171109590211e-01	7.125805411761629293e-02	2.882287044594947570e-02	7.341819486143297269e-02
1.098173838499749309e+03	2.662559409427031065e-01	1.675426916707775937e-01	2.440165307513781079e-01	1.484800029891795992e-01	7.132464756396350580e-02	2.886340370056164964e-02	7.351678238138281696e-02
1.100592723606577010e+03	2.658818903575532189e-01	1.672917825516900547e-01	2.442769042926696277e-01	1.486394115884064060e-01	7.139105475743917628e-02	2.890385708835619544e-02	7.361509936383175967e-02
1.103011608713404712e+03	2.655088934012149182e-01	1.670415803732253346e-01	2.445365283442458015e-01	1.487983444400176047e-01	7.145727622009941105e-02	2.894423067778594330e-02	7.371314654335743566e-02
1.105430493820231959e+03	2.651369470993135136e-01	1.667920831400094284e-01	2.447954050275023274e-01	1.489568030699222057e-01	7.152331247262132263e-02	2.898452453783376126e-02	7.381092465274392833e-02
1.107849378927059888e+03	2.647660484859283847e-01	1.665432888622946361e-01	2.450535364578428077e-01	1.491147889985833808e-01	7.158916403430612418e-02	2.902473873800802753e-02	7.390843442298307420e-02
1.110268264033887590e+03	2.643961946035680022e-01	1.662951955559447415e-01	2.453109247446956243e-01	1.492723037410418341e-01	7.165483142308233522e-02	2.906487334833807862e-02	7.400567658327582288e-02
1.112687149140715292e+03	2.640273825031443367e-01	1.660478012424199123e-01	2.455675719915310085e-01	1.494293488069388665e-01	7.172031515550890413e-02	2.910492843936972676e-02	7.410265186103368040e-02
1.115106034247542766e+03	2.636596092439481565e-01	1.658011039487617411e-01	2.458234802958778054e-01	1.495859257005394682e-01	7.178561574677828905e-02	2.914490408216077050e-02	7.419936098188018025e-02
1.117524919354370468e+03	2.632928718936239920e-01	1.655551017075783116e-01	2.460786517493404046e-01	1.497420359207551899e-01	7.185073371071962200e-02	2.918480034827651559e-02	7.429580466965239605e-02
1.119943804461197942e+03	2.629271675281450449e-01	1.653097925570291560e-01	2.463330884376156160e-01	1.498976809611669847e-01	7.191566955980173426e-02	2.922461730978534455e-02	7.439198364640255134e-02
1.122362689568025871e+03	2.625624932317885407e-01	1.650651745408104887e-01	2.465867924405092948e-01	1.500528623100478021e-01	7.198042380513632044e-02	2.926435503925429657e-02	7.448789863239967113e-02
1.124781574674853118e+03	2.621988460971114154e-01	1.648212457081400517e-01	2.468397658319531063e-01	1.502075814503850137e-01	7.204499695648093616e-02	2.930401360974466476e-02	7.458355034613120549e-02
1.127200459781681047e+03	2.618362232249253352e-01	1.645780041137423211e-01	2.470920106800212623e-01	1.503618398599029793e-01	7.210938952224205112e-02	2.934359309480760736e-02	7.467893950430486150e-02
1.129619344888508749e+03	2.614746217242725490e-01	1.643354478178335465e-01	2.473435290469470083e-01	1.505156390110851949e-01	7.217360200947807447e-02	2.938309356847979351e-02	7.477406682185032405e-02
1.132038229995336451e+03	2.611140387124014639e-01	1.640935748861068189e-01	2.475943229891392761e-01	1.506689803711964426e-01	7.223763492390242180e-02	2.942251510527906649e-02	7.486893301192105998e-02
1.134457115102163925e+03	2.607544713147425530e-01	1.638523833897172488e-01	2.478443945571990881e-01	1.508218654023048277e-01	7.230148876988648499e-02	2.946185778020012427e-02	7.496353878589624709e-02
1.136876000208991627e+03	2.603959166648840973e-01	1.636118714052669787e-01	2.480937457959362102e-01	1.509742955613036786e-01	7.236516405046265754e-02	2.950112166871022429e-02	7.505788485338267535e-02
1.139294885315819101e+03	2.600383719045484265e-01	1.633720370147905554e-01	2.483423787443853059e-01	1.511262722999333064e-01	7.242866126732730447e-02	2.954030684674489524e-02	7.515197192221674538e-02
1.141713770422646803e+03	2.596818341835676058e-01	1.631328783057397480e-01	2.485902954358225891e-01	1.512777970648027104e-01	7.249198092084375988e-02	2.957941339070369741e-02	7.524580069846638353e-02
1.144132655529474505e+03	2.593263006598600651e-01	1.628943933709690872e-01	2.488374978977819230e-01	1.514288712974109774e-01	7.255512351004525518e-02	2.961844137744597608e-02	7.533937188643319294e-02
1.146551540636302207e+03	2.589717684994065072e-01	1.626565803087207662e-01	2.490839881520712229e-01	1.515794964341688755e-01	7.261808953263791666e-02	2.965739088428666001e-02	7.543268618865446584e-02
1.148970425743129908e+03	2.586182348762266492e-01	1.624194372226100136e-01	2.493297682147886385e-01	1.517296739064200317e-01	7.268087948500367990e-02	2.969626198899205302e-02	7.552574430590536236e-02
1.151389310849957155e+03	2.582656969723552964e-01	1.621829622216103550e-01	2.495748400963387348e-01	1.518794051404621370e-01	7.274349386220321789e-02	2.973505476977567064e-02	7.561854693720101994e-02
1.153808195956785084e+03	2.579141519778191949e-01	1.619471534200387086e-01	2.498192058014485628e-01	1.520286915575680686e-01	7.280593315797892484e-02	2.977376930529408716e-02	7.571109477979882929e-02
1.156227081063612786e+03	2.575635970906136607e-01	1.617120089375408687e-01	2.500628673291839243e-01	1.521775345740067620e-01	7.286819786475776106e-02	2.981240567464280705e-02	7.580338852920062709e-02
1.158645966170440488e+03	2.572140295166792101e-01	1.614775268990766843e-01	2.503058266729651371e-01	1.523259356010640553e-01	7.293028847365420897e-02	2.985096395735214667e-02	7.589542887915495806e-02
1.161064851277267962e+03	2.568654464698784112e-01	1.612437054349054044e-01	2.505480858205834105e-01	1.524738960450635339e-01	7.299220547447313190e-02	2.988944423338315073e-02	7.598721652165943419e-02
1.163483736384095664e+03	2.565178451719727915e-01	1.610105426805710505e-01	2.507896467542163332e-01	1.526214173073869584e-01	7.305394935571271620e-02	2.992784658312352963e-02	7.607875214696303845e-02
1.165902621490923138e+03	2.561712228526000223e-01	1.607780367768878449e-01	2.510305114504440827e-01	1.527685007844949983e-01	7.311552060456733004e-02	2.996617108738359667e-02	7.617003644356852565e-02
1.168321506597751068e+03	2.558255767492507160e-01	1.605461858699255007e-01	2.512706818802653008e-01	1.529151478679473819e-01	7.317691970693036840e-02	3.000441782739225391e-02	7.626107009823483718e-02
1.170740391704578315e+03	2.554809041072459985e-01	1.603149881109947050e-01	2.515101600091126932e-01	1.530613599444233530e-01	7.323814714739718124e-02	3.004258688479297459e-02	7.635185379597951572e-02
1.173159276811406244e+03	2.551372021797142509e-01	1.600844416566326311e-01	2.517489477968689049e-01	1.532071383957417376e-01	7.329920340926784905e-02	3.008067834163982712e-02	7.644238822008121714e-02
1.175578161918233945e+03	2.547944682275689599e-01	1.598545446685883109e-01	2.519870471978822857e-01	1.533524845988811225e-01	7.336008897455013889e-02	3.011869228039349908e-02	7.653267405208218077e-02
1.177997047025061647e+03	2.544526995194856811e-01	1.596252953138082853e-01	2.522244601609824333e-01	1.534973999259996447e-01	7.342080432396227985e-02	3.015662878391735940e-02	7.662271197179078286e-02
1.180415932131889122e+03	2.541118933318800011e-01	1.593966917644219772e-01	2.524611886294959584e-01	1.536418857444550867e-01	7.348134993693582195e-02	3.019448793547353793e-02	7.671250265728407625e-02
1.182834817238716823e+03	2.537720469488847774e-01	1.591687321977273695e-01	2.526972345412619725e-01	1.537859434168244166e-01	7.354172629161848107e-02	3.023226981871900143e-02	7.680204678491041326e-02
1.185253702345544298e+03	2.534331576623278792e-01	1.589414147961766555e-01	2.529325998286477972e-01	1.539295743009234940e-01	7.360193386487692835e-02	3.026997451770169212e-02	7.689134502929206860e-02
1.187672587452371999e+03	2.530952227717101488e-01	1.587147377473616394e-01	2.531672864185640082e-01	1.540727797498266105e-01	7.366197313229962129e-02	3.030760211685665229e-02	7.698039806332780677e-02
1.190091472559199701e+03	2.527582395841828644e-01	1.584886992439996645e-01	2.534012962324805329e-01	1.542155611118860015e-01	7.372184456819966258e-02	3.034515270100218015e-02	7.706920655819564370e-02
1.192510357666027403e+03	2.524222054145259242e-01	1.582632974839190687e-01	2.536346311864414171e-01	1.543579197307510809e-01	7.378154864561758952e-02	3.038262635533601694e-02	7.715777118335548357e-02
1.194929242772855105e+03	2.520871175851256418e-01	1.580385306700450854e-01	2.538672931910806452e-01	1.544998569453877035e-01	7.384108583632412182e-02	3.042002316543152354e-02	7.724609260655186660e-02
1.197348127879682352e+03	2.517529734259529306e-01	1.578143970103854099e-01	2.540992841516372391e-01	1.546413740900972889e-01	7.390045661082304818e-02	3.045734321723392660e-02	7.733417149381671685e-02
1.199767012986510281e+03	2.514197702745413210e-01	1.575908947180162112e-01	2.543306059679705800e-01	1.547824724945359165e-01	7.395966143835393247e-02	3.049458659705654023e-02	7.742200850947207613e-02
1.202185898093337983e+03	2.510875054759652003e-01	1.573680220110676709e-01	2.545612605345756174e-01	1.549231534837331725e-01	7.401870078689497257e-02	3.053175339157701909e-02	7.750960431613290735e-02
1.204604783200165684e+03	2.507561763828181634e-01	1.571457771127099945e-01	2.547912497405980248e-01	1.550634183781110231e-01	7.407757512316574811e-02	3.056884368783363906e-02	7.759695957470996719e-02
1.207023668306993159e+03	2.504257803551911410e-01	1.569241582511392008e-01	2.550205754698495753e-01	1.552032684935026052e-01	7.413628491262998221e-02	3.060585757322160927e-02	7.768407494441252614e-02
1.209442553413820860e+03	2.500963147606510839e-01	1.567031636595631328e-01	2.552492396008227415e-01	1.553427051411707116e-01	7.419483061949835867e-02	3.064279513548937364e-02	7.777095108275131063e-02
1.211861438520648335e+03	2.497677769742192300e-01	1.564827915761873023e-01	2.554772440067061834e-01	1.554817296278264704e-01	7.425321270673122809e-02	3.067965646273495064e-02	7.785758864554132019e-02
1.214280323627476264e+03	2.494401643783498435e-01	1.562630402442008182e-01	2.557045905553997356e-01	1.556203432556478028e-01	7.431143163604145285e-02	3.071644164340230423e-02	7.794398828690479730e-02
1.216699208734303511e+03	2.491134743629086767e-01	1.560439079117625083e-01	2.559312811095290630e-01	1.557585473222976580e-01	7.436948786789711330e-02	3.075315076627770788e-02	7.803015065927407234e-02
1.219118093841131440e+03	2.487877043251518205e-01	1.558253928319868753e-01	2.561573175264608704e-01	1.558963431209423600e-01	7.442738186152424162e-02	3.078978392048613982e-02	7.811607641339451957e-02
1.221536978947959142e+03	2.484628516697043044e-01	1.556074932629301910e-01	2.563827016583177243e-01	1.560337319402697598e-01	7.448511407490963909e-02	3.082634119548771645e-02	7.820176619832749920e-02
1.223955864054786844e+03	2.481389138085391410e-01	1.553902074675765632e-01	2.566074353519928186e-01	1.561707150645072761e-01	7.454268496480359607e-02	3.086282268107411186e-02	7.828722066145334113e-02
1.226374749161614318e+03	2.478158881609561215e-01	1.551735337138240856e-01	2.568315204491647408e-01	1.563072937734398815e-01	7.460009498672257044e-02	3.089922846736502943e-02	7.837244044847434254e-02
1.228793634268442020e+03	2.474937721535607760e-01	1.549574702744710708e-01	2.570549587863124041e-01	1.564434693424280598e-01	7.465734459495201869e-02	3.093555864480465600e-02	7.845742620341775164e-02
1.231212519375269494e+03	2.471725632202434464e-01	1.547420154272020898e-01	2.572777521947296475e-01	1.565792430424254589e-01	7.471443424254911592e-02	3.097181330415818903e-02	7.854217856863877911e-02
1.233631404482097196e+03	2.468522588021583586e-01	1.545271674545744267e-01	2.574999025005398345e-01	1.567146161399967097e-01	7.477136438134543428e-02	3.100799253650832546e-02	7.862669818482362349e-02
1.236050289588924898e+03	2.465328563477028889e-01	1.543129246440041180e-01	2.577214115247106196e-01	1.568495898973349956e-01	7.482813546194973242e-02	3.104409643325180962e-02	7.871098569099259368e-02
1.238469174695752372e+03	2.462143533124966921e-01	1.540992852877524077e-01	2.579422810830683810e-01	1.569841655722795937e-01	7.488474793375060612e-02	3.108012508609597421e-02	7.879504172450307875e-02
1.240888059802580301e+03	2.458967471593611342e-01	1.538862476829120363e-01	2.581625129863129309e-01	1.571183444183333333e-01	7.494120224491930549e-02	3.111607858705532637e-02	7.887886692105268438e-02
1.243306944909407548e+03	2.455800353582985318e-01	1.536738101313935845e-01	2.583821090400319487e-01	1.572521276846798322e-01	7.499749884241238562e-02	3.115195702844814063e-02	7.896246191468232756e-02
1.245725830016235477e+03	2.452642153864717234e-01	1.534619709399120124e-01	2.586010710447153582e-01	1.573855166162008712e-01	7.505363817197444054e-02	3.118776050289305893e-02	7.904582733777933135e-02
1.248144715123063179e+03	2.449492847281834473e-01	1.532507284199728925e-01	2.588194007957698717e-01	1.575185124534935477e-01	7.510962067814080934e-02	3.122348910330573213e-02	7.912896382108051963e-02
1.250563600229890881e+03	2.446352408748560248e-01	1.530400808878589480e-01	2.590371000835332560e-01	1.576511164328874004e-01	7.516544680424028235e-02	3.125914292289545815e-02	7.921187199367543674e-02
1.252982485336718355e+03	2.443220813250109591e-01	1.528300266646167582e-01	2.592541706932888212e-01	1.577833297864612572e-01	7.522111699239782123e-02	3.129472205516187211e-02	7.929455248300938675e-02
1.255401370443546057e+03	2.440098035842485080e-01	1.526205640760429916e-01	2.594706144052794650e-01	1.579151537420603324e-01	7.527663168353726508e-02	3.133022659389159831e-02	7.937700591488666690e-02
1.257820255550373531e+03	2.436984051652276440e-01	1.524116914526712496e-01	2.596864329947223271e-01	1.580465895233129359e-01	7.533199131738402277e-02	3.136565663315499936e-02	7.945923291347367634e-02
1.260239140657201460e+03	2.433878835876456814e-01	1.522034071297584945e-01	2.599016282318225013e-01	1.581776383496473481e-01	7.538719633246775131e-02	3.140101226730287326e-02	7.954123410130219118e-02
1.262658025764028707e+03	2.430782363782183764e-01	1.519957094472717818e-01	2.601162018817876898e-01	1.583083014363082797e-01	7.544224716612506210e-02	3.143629359096319908e-02	7.962301009927245932e-02
1.265076910870856636e+03	2.427694610706596645e-01	1.517885967498749655e-01	2.603301557048420256e-01	1.584385799943736350e-01	7.549714425450219923e-02	3.147150069903791730e-02	7.970456152665647553e-02
1.267495795977684338e+03	2.424615552056617607e-01	1.515820673869153479e-01	2.605434914562402282e-01	1.585684752307709722e-01	7.555188803255778740e-02	3.150663368669969627e-02	7.978588900110113180e-02
1.269914681084511813e+03	2.421545163308752024e-01	1.513761197124104674e-01	2.607562108862817585e-01	1.586979883482939058e-01	7.560647893406542697e-02	3.154169264938873340e-02	7.986699313863147853e-02
1.272333566191339514e+03	2.418483420008890328e-01	1.511707520850348596e-01	2.609683157403246967e-01	1.588271205456183999e-01	7.566091739161645569e-02	3.157667768280957715e-02	7.994787455365397200e-02
1.274752451298167216e+03	2.415430297772108992e-01	1.509659628681069010e-01	2.611798077587998423e-01	1.589558730173191159e-01	7.571520383662255771e-02	3.161158888292795593e-02	8.002853385895969396e-02
1.277171336404994690e+03	2.412385772282474306e-01	1.507617504295757360e-01	2.613906886772245364e-01	1.590842469538854553e-01	7.576933869931851140e-02	3.164642634596766257e-02	8.010897166572762684e-02
1.279590221511822392e+03	2.409349819292843642e-01	1.505581131420080376e-01	2.616009602262167610e-01	1.592122435417378246e-01	7.582332240876481222e-02	3.168119016840739016e-02	8.018918858352781787e-02
1.282009106618650094e+03	2.406322414624670891e-01	1.503550493825750178e-01	2.618106241315085736e-01	1.593398639632435110e-01	7.587715539285036503e-02	3.171588044697764425e-02	8.026918522032479297e-02
1.284427991725477568e+03	2.403303534167809952e-01	1.501525575330393547e-01	2.620196821139604282e-01	1.594671093967326980e-01	7.593083807829517640e-02	3.175049727865764809e-02	8.034896218248074873e-02
1.286846876832305497e+03	2.400293153880319053e-01	1.499506359797422306e-01	2.622281358895745540e-01	1.595939810165142858e-01	7.598437089065294969e-02	3.178504076067228262e-02	8.042852007475881360e-02
1.289265761939132744e+03	2.397291249788267853e-01	1.497492831135903424e-01	2.624359871695089441e-01	1.597204799928917673e-01	7.603775425431384682e-02	3.181951099048900555e-02	8.050785950032640637e-02
1.291684647045960673e+03	2.394297797985541765e-01	1.495484973300429121e-01	2.626432376600908447e-01	1.598466074921787161e-01	7.609098859250708335e-02	3.185390806581485379e-02	8.058698106075849743e-02
1.294103532152788375e+03	2.391312774633649607e-01	1.493482770290988915e-01	2.628498890628306883e-01	1.599723646767146901e-01	7.614407432730359304e-02	3.188823208459339031e-02	8.066588535604092558e-02
1.296522417259616077e+03	2.388336155961530705e-01	1.491486206152839999e-01	2.630559430744353611e-01	1.600977527048805804e-01	7.619701187961870625e-02	3.192248314500173434e-02	8.074457298457368704e-02
1.298941302366443551e+03	2.385367918265361709e-01	1.489495264976379574e-01	2.632614013868222469e-01	1.602227727311141825e-01	7.624980166921481450e-02	3.195666134544754289e-02	8.082304454317425224e-02
1.301360187473271253e+03	2.382408037908367027e-01	1.487509930897017163e-01	2.634662656871321618e-01	1.603474259059256002e-01	7.630244411470397947e-02	3.199076678456608952e-02	8.090130062708095204e-02
1.303779072580098727e+03	2.379456491320625366e-01	1.485530188095046389e-01	2.636705376577434534e-01	1.604717133759124836e-01	7.635493963355061142e-02	3.202479956121728061e-02	8.097934182995621122e-02
1.306197957686926657e+03	2.376513254998880720e-01	1.483556020795517849e-01	2.638742189762851575e-01	1.605956362837754337e-01	7.640728864207414761e-02	3.205875977448275488e-02	8.105716874388996240e-02
1.308616842793753904e+03	2.373578305506351960e-01	1.481587413268112274e-01	2.640773113156503205e-01	1.607191957683330730e-01	7.645949155545160580e-02	3.209264752366295520e-02	8.113478195940294901e-02
1.311035727900581833e+03	2.370651619472543548e-01	1.479624349827014240e-01	2.642798163440096548e-01	1.608423929645371731e-01	7.651154878772034595e-02	3.212646290827422813e-02	8.121218206545009755e-02
1.313454613007409534e+03	2.367733173593057350e-01	1.477666814830785880e-01	2.644817357248247514e-01	1.609652290034877531e-01	7.656346075178062371e-02	3.216020602804597200e-02	8.128936964942380661e-02
1.315873498114237009e+03	2.364822944629403068e-01	1.475714792682240872e-01	2.646830711168614569e-01	1.610877050124479015e-01	7.661522785939828273e-02	3.219387698291777122e-02	8.136634529715736086e-02
1.318292383221064711e+03	2.361920909408811720e-01	1.473768267828319545e-01	2.648838241742031419e-01	1.612098221148588473e-01	7.666685052120732202e-02	3.222747587303652350e-02	8.144310959292828944e-02
1.320711268327892412e+03	2.359027044824047736e-01	1.471827224759962305e-01	2.650839965462637449e-01	1.613315814303546147e-01	7.671832914671257442e-02	3.226100279875365046e-02	8.151966311946169663e-02
1.323130153434719887e+03	2.356141327833223276e-01	1.469891648011986129e-01	2.652835898778012624e-01	1.614529840747768730e-01	7.676966414429235719e-02	3.229445786062228041e-02	8.159600645793362028e-02
1.325549038541547588e+03	2.353263735459610873e-01	1.467961522162959942e-01	2.654826058089307383e-01	1.615740311601895907e-01	7.682085592120108108e-02	3.232784115939445896e-02	8.167214018797445962e-02
1.327967923648375290e+03	2.350394244791459142e-01	1.466036831835079435e-01	2.656810459751373643e-01	1.616947237948936633e-01	7.687190488357185936e-02	3.236115279601835260e-02	8.174806488767230594e-02
1.330386808755202765e+03	2.347532832981807649e-01	1.464117561694045500e-01	2.658789120072898027e-01	1.618150630834413739e-01	7.692281143641917229e-02	3.239439287163553560e-02	8.182378113357631488e-02
1.332805693862030694e+03	2.344679477248302335e-01	1.462203696448938495e-01	2.660762055316528429e-01	1.619350501266509368e-01	7.697357598364140685e-02	3.242756148757820756e-02	8.189928950070009261e-02
1.335224578968857941e+03	2.341834154873010942e-01	1.460295220852095843e-01	2.662729281699007799e-01	1.620546860216209584e-01	7.702419892802359058e-02	3.246065874536650103e-02	8.197459056252512366e-02
1.337643464075685870e+03	2.338996843202241216e-01	1.458392119698989631e-01	2.664690815391301815e-01	1.621739718617445924e-01	7.707468067123993127e-02	3.249368474670575463e-02	8.204968489100405993e-02
1.340062349182513572e+03	2.336167519646356883e-01	1.456494377828104758e-01	2.666646672518729888e-01	1.622929087367239454e-01	7.712502161385645372e-02	3.252663959348382761e-02	8.212457305656420403e-02
1.342481234289341273e+03	2.333346161679595576e-01	1.454601980120815707e-01	2.668596869161092289e-01	1.624114977325843145e-01	7.717522215533359486e-02	3.255952338776844229e-02	8.219925562811085384e-02
1.344900119396168748e+03	2.330532746839888980e-01	1.452714911501264972e-01	2.670541421352800038e-01	1.625297399316880942e-01	7.722528269402884060e-02	3.259233623180451261e-02	8.227373317303068867e-02
1.347319004502996449e+03	2.327727252728678531e-01	1.450833156936242319e-01	2.672480345083003694e-01	1.626476364127491248e-01	7.727520362719933478e-02	3.262507822801149343e-02	8.234800625719516931e-02
1.349737889609823924e+03	2.324929657010736672e-01	1.448956701435063499e-01	2.674413656295718256e-01	1.627651882508464876e-01	7.732498535100444659e-02	3.265774947898079233e-02	8.242207544496397975e-02
1.352156774716651853e+03	2.322139937413986721e-01	1.447085530049450064e-01	2.676341370889955829e-01	1.628823965174384936e-01	7.737462826050842124e-02	3.269035008747312593e-02	8.249594129918833008e-02
1.354575659823479100e+03	2.319358071729323012e-01	1.445219627873406965e-01	2.678263504719847199e-01	1.629992622803766444e-01	7.742413274968293346e-02	3.272288015641593162e-02	8.256960438121443979e-02
1.356994544930307029e+03	2.316584037810431873e-01	1.443358980043105144e-01	2.680180073594773393e-01	1.631157866039192328e-01	7.747349921140972429e-02	3.275533978890082104e-02	8.264306525088691013e-02
1.359413430037134731e+03	2.313817813573612603e-01	1.441503571736760247e-01	2.682091093279488914e-01	1.632319705487453310e-01	7.752272803748316843e-02	3.278772908818099879e-02	8.271632446655209636e-02
1.361832315143962205e+03	2.311059376997600667e-01	1.439653388174513826e-01	2.683996579494249413e-01	1.633478151719682525e-01	7.757181961861291108e-02	3.282004815766872974e-02	8.278938258506152170e-02
1.364251200250789907e+03	2.308308706123388676e-01	1.437808414618313435e-01	2.685896547914937704e-01	1.634633215271493190e-01	7.762077434442639368e-02	3.285229710093277855e-02	8.286224016177533291e-02
1.366670085357617609e+03	2.305565779054050135e-01	1.435968636371796059e-01	2.687791014173189219e-01	1.635784906643112102e-01	7.766959260347147675e-02	3.288447602169596029e-02	8.293489775056561708e-02
1.369088970464445310e+03	2.302830573954563476e-01	1.434134038780166820e-01	2.689679993856514684e-01	1.636933236299517314e-01	7.771827478321904903e-02	3.291658502383259383e-02	8.300735590381988493e-02
1.371507855571272785e+03	2.300103069051636084e-01	1.432304607230083793e-01	2.691563502508428352e-01	1.638078214670569688e-01	7.776682127006558087e-02	3.294862421136603853e-02	8.307961517244440153e-02
1.373926740678100487e+03	2.297383242633526945e-01	1.430480327149538933e-01	2.693441555628569017e-01	1.639219852151148071e-01	7.781523244933569172e-02	3.298059368846622402e-02	8.315167610586762792e-02
1.376345625784927961e+03	2.294671073049874277e-01	1.428661184007739560e-01	2.695314168672826582e-01	1.640358159101281688e-01	7.786350870528477297e-02	3.301249355944722852e-02	8.322353925204363512e-02
1.378764510891755890e+03	2.291966538711519841e-01	1.426847163314994282e-01	2.697181357053465289e-01	1.641493145846282808e-01	7.791165042110149985e-02	3.304432392876480162e-02	8.329520515745547637e-02
1.381183395998583137e+03	2.289269618090334357e-01	1.425038250622593372e-01	2.699043136139244736e-01	1.642624822676877205e-01	7.795965797891046822e-02	3.307608490101397736e-02	8.336667436711861501e-02
1.383602281105411066e+03	2.286580289719045700e-01	1.423234431522694410e-01	2.700899521255545332e-01	1.643753199849337931e-01	7.800753175977473419e-02	3.310777658092668024e-02	8.343794742458431057e-02
1.386021166212238768e+03	2.283898532191065145e-01	1.421435691648204325e-01	2.702750527684489867e-01	1.644878287585613830e-01	7.805527214369839539e-02	3.313939907336931751e-02	8.350902487194303281e-02
1.388440051319066470e+03	2.281224324160314731e-01	1.419642016672666429e-01	2.704596170665066746e-01	1.646000096073459429e-01	7.810287950962911674e-02	3.317095248334039903e-02	8.357990724982782005e-02
1.390858936425893944e+03	2.278557644341055732e-01	1.417853392310142457e-01	2.706436465393249335e-01	1.647118635466565395e-01	7.815035423546076720e-02	3.320243691596821978e-02	8.365059509741776256e-02
1.393277821532721646e+03	2.275898471507716847e-01	1.416069804315099045e-01	2.708271427022121425e-01	1.648233915884686485e-01	7.819769669803589007e-02	3.323385247650846586e-02	8.372108895244133320e-02
1.395696706639549120e+03	2.273246784494723505e-01	1.414291238482291713e-01	2.710101070661994904e-01	1.649345947413770053e-01	7.824490727314833971e-02	3.326519927034194551e-02	8.379138935117977360e-02
1.398115591746377049e+03	2.270602562196328278e-01	1.412517680646651896e-01	2.711925411380531892e-01	1.650454740106083174e-01	7.829198633554576570e-02	3.329647740297224379e-02	8.386149682847059139e-02
1.400534476853204296e+03	2.267965783566439075e-01	1.410749116683171489e-01	2.713744464202865192e-01	1.651560303980340871e-01	7.833893425893222184e-02	3.332768698002342572e-02	8.393141191771079368e-02
1.402953361960032225e+03	2.265336427618450943e-01	1.408985532506790983e-01	2.715558244111719866e-01	1.652662649021830743e-01	7.838575141597070584e-02	3.335882810723776043e-02	8.400113515086043980e-02
1.405372247066859927e+03	2.262714473425077311e-01	1.407226914072283452e-01	2.717366766047529247e-01	1.653761785182540356e-01	7.843243817828568498e-02	3.338990089047345899e-02	8.407066705844595811e-02
1.407791132173687402e+03	2.260099900118180960e-01	1.405473247374143531e-01	2.719170044908560402e-01	1.654857722381281315e-01	7.847899491646563586e-02	3.342090543570242628e-02	8.414000816956351825e-02
1.410210017280515103e+03	2.257492686888606104e-01	1.403724518446473890e-01	2.720968095551026256e-01	1.655950470503814997e-01	7.852542200006561168e-02	3.345184184900801966e-02	8.420915901188245900e-02
1.412628902387342805e+03	2.254892812986011019e-01	1.401980713362872277e-01	2.722760932789211052e-01	1.657040039402976339e-01	7.857171979760974034e-02	3.348271023658281470e-02	8.427812011164866057e-02
1.415047787494170507e+03	2.252300257718700682e-01	1.400241818236320490e-01	2.724548571395583596e-01	1.658126438898796795e-01	7.861788867659380564e-02	3.351351070472639859e-02	8.434689199368793078e-02
1.417466672600997981e+03	2.249715000453461067e-01	1.398507819219071413e-01	2.726331026100919375e-01	1.659209678778628128e-01	7.866392900348775918e-02	3.354424335984320521e-02	8.441547518140937734e-02
1.419885557707825683e+03	2.247137020615392611e-01	1.396778702502538549e-01	2.728108311594413249e-01	1.660289768797264531e-01	7.870984114373824614e-02	3.357490830844030855e-02	8.448387019680882182e-02
1.422304442814653157e+03	2.244566297687744238e-01	1.395054454317183612e-01	2.729880442523804351e-01	1.661366718677065313e-01	7.875562546177114487e-02	3.360550565712526472e-02	8.455207756047214418e-02
1.424723327921481086e+03	2.242002811211748214e-01	1.393335060932406888e-01	2.731647433495487109e-01	1.662440538108074517e-01	7.880128232099405106e-02	3.363603551260394703e-02	8.462009779157864120e-02
1.427142213028308333e+03	2.239446540786456386e-01	1.391620508656435107e-01	2.733409299074630594e-01	1.663511236748143329e-01	7.884681208379884509e-02	3.366649798167844349e-02	8.468793140790446816e-02
1.429561098135136262e+03	2.236897466068576146e-01	1.389910783836213748e-01	2.735166053785293427e-01	1.664578824223049425e-01	7.889221511156420397e-02	3.369689317124491268e-02	8.475557892582594177e-02
1.431979983241963964e+03	2.234355566772305290e-01	1.388205872857294076e-01	2.736917712110542023e-01	1.665643310126617427e-01	7.893749176465808537e-02	3.372722118829146049e-02	8.482304086032294022e-02
1.434398868348791666e+03	2.231820822669170201e-01	1.386505762143725728e-01	2.738664288492564380e-01	1.666704704020837702e-01	7.898264240244023959e-02	3.375748213989608615e-02	8.489031772498226158e-02
1.436817753455619140e+03	2.229293213587861811e-01	1.384810438157946244e-01	2.740405797332787219e-01	1.667763015435985430e-01	7.902766738326480467e-02	3.378767613322454511e-02	8.495741003200098229e-02
1.439236638562446842e+03	2.226772719414075175e-01	1.383119887400671710e-01	2.742142252991990325e-01	1.668818253870737733e-01	7.907256706448266559e-02	3.381780327552835752e-02	8.502431829218985715e-02
1.441655523669274316e+03	2.224259320090345715e-01	1.381434096410790457e-01	2.743873669790421466e-01	1.669870428792292194e-01	7.911734180244407721e-02	3.384786367414267805e-02	8.509104301497660838e-02
1.444074408776102018e+03	2.221752995615889625e-01	1.379753051765252037e-01	2.745600062007910735e-01	1.670919549636483703e-01	7.916199195250112064e-02	3.387785743648431130e-02	8.515758470840931182e-02
1.446493293882929493e+03	2.219253726046441222e-01	1.378076740078960361e-01	2.747321443883984915e-01	1.671965625807901312e-01	7.920651786901018732e-02	3.390778467004966490e-02	8.522394387915976921e-02
1.448912178989757422e+03	2.216761491494093905e-01	1.376405148004664902e-01	2.749037829617981266e-01	1.673008666680003420e-01	7.925091990533447706e-02	3.393764548241273021e-02	8.529012103252682497e-02
1.451331064096585123e+03	2.214276272127139733e-01	1.374738262232855224e-01	2.750749233369162439e-01	1.674048681595234067e-01	7.929519841384652379e-02	3.396743998122309094e-02	8.535611667243968304e-02
1.453749949203412370e+03	2.211798048169910103e-01	1.373076069491651896e-01	2.752455669256825832e-01	1.675085679865137567e-01	7.933935374593063805e-02	3.399716827420396631e-02	8.542193130146133462e-02
1.456168834310240300e+03	2.209326799902615879e-01	1.371418556546700196e-01	2.754157151360421274e-01	1.676119670770473413e-01	7.938338625198540499e-02	3.402683046915019188e-02	8.548756542079181953e-02
1.458587719417068001e+03	2.206862507661190298e-01	1.369765710201064079e-01	2.755853693719660935e-01	1.677150663561329802e-01	7.942729628142616849e-02	3.405642667392627665e-02	8.555301953027158457e-02
1.461006604523895703e+03	2.204405151837129651e-01	1.368117517295119323e-01	2.757545310334631461e-01	1.678178667457237705e-01	7.947108418268750141e-02	3.408595699646448790e-02	8.561829412838482811e-02
1.463425489630723177e+03	2.201954712877335907e-01	1.366473964706448052e-01	2.759232015165906104e-01	1.679203691647283003e-01	7.951475030322570359e-02	3.411542154476288058e-02	8.568338971226277523e-02
1.465844374737550879e+03	2.199511171283959343e-01	1.364835039349732992e-01	2.760913822134657969e-01	1.680225745290219730e-01	7.955829498952125822e-02	3.414482042688339603e-02	8.574830677768707776e-02
1.468263259844378354e+03	2.197074507614242556e-01	1.363200728176651444e-01	2.762590745122768254e-01	1.681244837514581925e-01	7.960171858708127435e-02	3.417415375094996072e-02	8.581304581909306173e-02
1.470682144951206283e+03	2.194644702480363363e-01	1.361571018175771197e-01	2.764262797972941166e-01	1.682260977418795211e-01	7.964502144044201259e-02	3.420342162514657114e-02	8.587760732957308574e-02
1.473101030058033530e+03	2.192221736549278266e-01	1.359945896372445895e-01	2.765929994488811050e-01	1.683274174071286988e-01	7.968820389317123054e-02	3.423262415771545497e-02	8.594199180087983003e-02
1.475519915164861459e+03	2.189805590542569791e-01	1.358325349828709283e-01	2.767592348435055083e-01	1.684284436510598004e-01	7.973126628787079173e-02	3.426176145695514902e-02	8.600619972342961328e-02
1.477938800271689161e+03	2.187396245236288006e-01	1.356709365643172516e-01	2.769249873537500406e-01	1.685291773745492272e-01	7.977420896617898327e-02	3.429083363121870898e-02	8.607023158630572324e-02
1.480357685378516862e+03	2.184993681460798143e-01	1.355097930950919793e-01	2.770902583483239034e-01	1.686296194755066147e-01	7.981703226877306934e-02	3.431984078891181511e-02	8.613408787726162252e-02
1.482776570485344337e+03	2.182597880100625998e-01	1.353491032923403725e-01	2.772550491920730553e-01	1.687297708488857684e-01	7.985973653537169203e-02	3.434878303849097508e-02	8.619776908272436255e-02
