1.001418434226643626e+03	2.821332248684278454e-01	1.781164545599134008e-01	2.329805864472696553e-01	1.416982316437436495e-01	6.851840268585002169e-02	2.719473590701670246e-02	6.935836388772065320e-02
1.002869765290740247e+03	2.818817646158776613e-01	1.779479034833416906e-01	2.331560012086174305e-01	1.418061052179269699e-01	6.856298747476474720e-02	2.722102602323532572e-02	6.942421197617804074e-02
1.004321096354836754e+03	2.816307298022468486e-01	1.777796376105496845e-01	2.333311133293695383e-01	1.419137835826224936e-01	6.860749733611526402e-02	2.724728649997223279e-02	6.948995183906585271e-02
1.005772427418933376e+03	2.813801197054308645e-01	1.776116564584969693e-01	2.335059233237942733e-01	1.420212671206186050e-01	6.865193239545676340e-02	2.727351734590019103e-02	6.955558365024425149e-02
1.007223758483029997e+03	2.811299336045735009e-01	1.774439595449488205e-01	2.336804317052868785e-01	1.421285562138527303e-01	6.869629277814674750e-02	2.729971856979257136e-02	6.962110758334072447e-02
1.008675089547126618e+03	2.808801707800641645e-01	1.772765463884752035e-01	2.338546389863709885e-01	1.422356512434135301e-01	6.874057860934527919e-02	2.732589018052290070e-02	6.968652381174986199e-02
1.010126420611223239e+03	2.806308305135353232e-01	1.771094165084498850e-01	2.340285456787001839e-01	1.423425525895433419e-01	6.878479001401541226e-02	2.735203218706443867e-02	6.975183250863335738e-02
1.011577751675319632e+03	2.803819120878599525e-01	1.769425694250493231e-01	2.342021522930593513e-01	1.424492606316405396e-01	6.882892711692337184e-02	2.737814459848969192e-02	6.981703384691970160e-02
1.013029082739416367e+03	2.801334147871488711e-01	1.767760046592516399e-01	2.343754593393663765e-01	1.425557757482617538e-01	6.887299004263899849e-02	2.740422742397000816e-02	6.988212799930418329e-02
1.014480413803512761e+03	2.798853378967485761e-01	1.766097217328356783e-01	2.345484673266735876e-01	1.426620983171243140e-01	6.891697891553597022e-02	2.743028067277511126e-02	6.994711513824870830e-02
1.015931744867609382e+03	2.796376807032381895e-01	1.764437201683798917e-01	2.347211767631690593e-01	1.427682287151083584e-01	6.896089385979217723e-02	2.745630435427265717e-02	7.001199543598164710e-02
1.017383075931706003e+03	2.793904424944275156e-01	1.762779994892613444e-01	2.348935881561782790e-01	1.428741673182592486e-01	6.900473499938998556e-02	2.748229847792780026e-02	7.007676906449780696e-02
1.018834406995802851e+03	2.791436225593541542e-01	1.761125592196547407e-01	2.350657020121655894e-01	1.429799145017899564e-01	6.904850245811654241e-02	2.750826305330275265e-02	7.014143619555823772e-02
1.020285738059899245e+03	2.788972201882812252e-01	1.759473988845312309e-01	2.352375188367357151e-01	1.430854706400831455e-01	6.909219635956413696e-02	2.753419809005634017e-02	7.020599700069017624e-02
1.021737069123995752e+03	2.786512346726947587e-01	1.757825180096575235e-01	2.354090391346351230e-01	1.431908361066935309e-01	6.913581682713046406e-02	2.756010359794356518e-02	7.027045165118692149e-02
1.023188400188092373e+03	2.784056653053015862e-01	1.756179161215947193e-01	2.355802634097535764e-01	1.432960112743501546e-01	6.917936398401891562e-02	2.758597958681516596e-02	7.033480031810775135e-02
1.024639731252188767e+03	2.781605113800264539e-01	1.754535927476972845e-01	2.357511921651256059e-01	1.434009965149585231e-01	6.922283795323889988e-02	2.761182606661718650e-02	7.039904317227783925e-02
1.026091062316285615e+03	2.779157721920099688e-01	1.752895474161119960e-01	2.359218259029318976e-01	1.435057921996030772e-01	6.926623885760614663e-02	2.763764304739053240e-02	7.046318038428817099e-02
1.027542393380382237e+03	2.776714470376059340e-01	1.751257796557768032e-01	2.360921651245009023e-01	1.436103986985491354e-01	6.930956681974295708e-02	2.766343053927053375e-02	7.052721212449546140e-02
1.028993724444478858e+03	2.774275352143791284e-01	1.749622889964198569e-01	2.362622103303101961e-01	1.437148163812453916e-01	6.935282196207857852e-02	2.768918855248652527e-02	7.059113856302207113e-02
1.030445055508575479e+03	2.771840360211027532e-01	1.747990749685583434e-01	2.364319620199879513e-01	1.438190456163258857e-01	6.939600440684942639e-02	2.771491709736140230e-02	7.065495986975599274e-02
1.031896386572671872e+03	2.769409487577562112e-01	1.746361371034975130e-01	2.366014206923143237e-01	1.439230867716124462e-01	6.943911427609938958e-02	2.774061618431118356e-02	7.071867621435069806e-02
1.033347717636768493e+03	2.766982727255226093e-01	1.744734749333294033e-01	2.367705868452230911e-01	1.440269402141167165e-01	6.948215169168014960e-02	2.776628582384459837e-02	7.078228776622515206e-02
1.034799048700865114e+03	2.764560072267865931e-01	1.743110879909319511e-01	2.369394609758029846e-01	1.441306063100424029e-01	6.952511677525144429e-02	2.779192602656263902e-02	7.084579469456372958e-02
1.036250379764961508e+03	2.762141515651317381e-01	1.741489758099677432e-01	2.371080435802991049e-01	1.442340854247874393e-01	6.956800964828137313e-02	2.781753680315814103e-02	7.090919716831621533e-02
1.037701710829058356e+03	2.759727050453384956e-01	1.739871379248829619e-01	2.372763351541144206e-01	1.443373779229462639e-01	6.961083043204661924e-02	2.784311816441535289e-02	7.097249535619766514e-02
1.039153041893154750e+03	2.757316669733815839e-01	1.738255738709063303e-01	2.374443361918112394e-01	1.444404841683118168e-01	6.965357924763283803e-02	2.786867012120949894e-02	7.103568942668846142e-02
1.040604372957251599e+03	2.754910366564279900e-01	1.736642831840479184e-01	2.376120471871126238e-01	1.445434045238778720e-01	6.969625621593485143e-02	2.789419268450638034e-02	7.109877954803422995e-02
1.042055704021347992e+03	2.752508134028343045e-01	1.735032654010981445e-01	2.377794686329037510e-01	1.446461393518410077e-01	6.973886145765693934e-02	2.791968586536192065e-02	7.116176588824581206e-02
1.043507035085444613e+03	2.750109965221447794e-01	1.733425200596265259e-01	2.379466010212334393e-01	1.447486890136029380e-01	6.978139509331318657e-02	2.794514967492175636e-02	7.122464861509923695e-02
1.044958366149541234e+03	2.747715853250888296e-01	1.731820466979806794e-01	2.381134448433155637e-01	1.448510538697725114e-01	6.982385724322766329e-02	2.797058412442081018e-02	7.128742789613574937e-02
1.046409697213637855e+03	2.745325791235789237e-01	1.730218448552851285e-01	2.382800005895305273e-01	1.449532342801679030e-01	6.986624802753475805e-02	2.799598922518287125e-02	7.135010389866172642e-02
1.047861028277734476e+03	2.742939772307080859e-01	1.728619140714401925e-01	2.384462687494265376e-01	1.450552306038187245e-01	6.990856756617945533e-02	2.802136498862017877e-02	7.141267678974870525e-02
1.049312359341831097e+03	2.740557789607478423e-01	1.727022538871208490e-01	2.386122498117211888e-01	1.451570431989680776e-01	6.995081597891757152e-02	2.804671142623299182e-02	7.147514673623336923e-02
1.050763690405927491e+03	2.738179836291458336e-01	1.725428638437756790e-01	2.387779442643028771e-01	1.452586724230747750e-01	6.999299338531606018e-02	2.807202854960917301e-02	7.153751390471752014e-02
1.052215021470024112e+03	2.735805905525237058e-01	1.723837434836256455e-01	2.389433525942320780e-01	1.453601186328153105e-01	7.003509990475326186e-02	2.809731637042377911e-02	7.159977846156810599e-02
1.053666352534120733e+03	2.733435990486748346e-01	1.722248923496630113e-01	2.391084752877428443e-01	1.454613821840860799e-01	7.007713565641922326e-02	2.812257490043863425e-02	7.166194057291723485e-02
1.055117683598217127e+03	2.731070084365621597e-01	1.720663099856501455e-01	2.392733128302443335e-01	1.455624634320052957e-01	7.011910075931584996e-02	2.814780415150192408e-02	7.172400040466211935e-02
1.056569014662313975e+03	2.728708180363157987e-01	1.719079959361184684e-01	2.394378657063220006e-01	1.456633627309152079e-01	7.016099533225730878e-02	2.817300413554777588e-02	7.178595812246520158e-02
1.058020345726410369e+03	2.726350271692309923e-01	1.717499497463672586e-01	2.396021343997392083e-01	1.457640804343841578e-01	7.020281949387019438e-02	2.819817486459583536e-02	7.184781389175404209e-02
1.059471676790506763e+03	2.723996351577659958e-01	1.715921709624624869e-01	2.397661193934385038e-01	1.458646168952085487e-01	7.024457336259386231e-02	2.822331635075087455e-02	7.190956787772141701e-02
1.060923007854603611e+03	2.721646413255395802e-01	1.714346591312357337e-01	2.399298211695430338e-01	1.459649724654149272e-01	7.028625705668065105e-02	2.824842860620236165e-02	7.197122024532531803e-02
1.062374338918700232e+03	2.719300449973292566e-01	1.712774138002830238e-01	2.400932402093579887e-01	1.460651474962620933e-01	7.032787069419613180e-02	2.827351164322406546e-02	7.203277115928899410e-02
1.063825669982796853e+03	2.716958454990687777e-01	1.711204345179636321e-01	2.402563769933719895e-01	1.461651423382430981e-01	7.036941439301939993e-02	2.829856547417364254e-02	7.209422078410097912e-02
1.065277001046893474e+03	2.714620421578461396e-01	1.709637208333989467e-01	2.404192320012585038e-01	1.462649573410872150e-01	7.041088827084333868e-02	2.832359011149221048e-02	7.215556928401511971e-02
1.066728332110990095e+03	2.712286343019014723e-01	1.708072722964713297e-01	2.405818057118772058e-01	1.463645928537620489e-01	7.045229244517484113e-02	2.834858556770396623e-02	7.221681682305060301e-02
1.068179663175086489e+03	2.709956212606246528e-01	1.706510884578230358e-01	2.407440986032753083e-01	1.464640492244755066e-01	7.049362703333511559e-02	2.837355185541576633e-02	7.227796356499201214e-02
1.069630994239183110e+03	2.707630023645534734e-01	1.704951688688549627e-01	2.409061111526891175e-01	1.465633268006777956e-01	7.053489215245989374e-02	2.839848898731672788e-02	7.233900967338938170e-02
1.071082325303279504e+03	2.705307769453713651e-01	1.703395130817254577e-01	2.410678438365452259e-01	1.466624259290634780e-01	7.057608791949974980e-02	2.842339697617782268e-02	7.239995531155821173e-02
1.072533656367376352e+03	2.702989443359051780e-01	1.701841206493493186e-01	2.412292971304620948e-01	1.467613469555733852e-01	7.061721445122026708e-02	2.844827583485147124e-02	7.246080064257956477e-02
1.073984987431472746e+03	2.700675038701233488e-01	1.700289911253964614e-01	2.413904715092511644e-01	1.468600902253967000e-01	7.065827186420237105e-02	2.847312557627114382e-02	7.252154582930009363e-02
1.075436318495569594e+03	2.698364548831334031e-01	1.698741240642908656e-01	2.415513674469185468e-01	1.469586560829728439e-01	7.069926027484256525e-02	2.849794621345095799e-02	7.258219103433209696e-02
1.076887649559666215e+03	2.696057967111802345e-01	1.697195190212094085e-01	2.417119854166661641e-01	1.470570448719934475e-01	7.074017979935312561e-02	2.852273775948527615e-02	7.264273642005360243e-02
1.078338980623762609e+03	2.693755286916437175e-01	1.695651755520806436e-01	2.418723258908932194e-01	1.471552569354044604e-01	7.078103055376241959e-02	2.854750022754832389e-02	7.270318214860838069e-02
1.079790311687859230e+03	2.691456501630368758e-01	1.694110932135837189e-01	2.420323893411975846e-01	1.472532926154079269e-01	7.082181265391515601e-02	2.857223363089376675e-02	7.276352838190609795e-02
1.081241642751955851e+03	2.689161604650036619e-01	1.692572715631471825e-01	2.421921762383771048e-01	1.473511522534640406e-01	7.086252621547255159e-02	2.859693798285432506e-02	7.282377528162234381e-02
1.082692973816052472e+03	2.686870589383167363e-01	1.691037101589477065e-01	2.423516870524309585e-01	1.474488361902930866e-01	7.090317135391270564e-02	2.862161329684138888e-02	7.288392300919865896e-02
1.084144304880149093e+03	2.684583449248755804e-01	1.689504085599090877e-01	2.425109222525611286e-01	1.475463447658773575e-01	7.094374818453073883e-02	2.864625958634460859e-02	7.294397172584268785e-02
1.085595635944245487e+03	2.682300177677046649e-01	1.687973663257009982e-01	2.426698823071736233e-01	1.476436783194630398e-01	7.098425682243909851e-02	2.867087686493150628e-02	7.300392159252822033e-02
1.087046967008342108e+03	2.680020768109509510e-01	1.686445830167378757e-01	2.428285676838799478e-01	1.477408371895622408e-01	7.102469738256775300e-02	2.869546514624709069e-02	7.306377276999527492e-02
1.088498298072438729e+03	2.677745213998820595e-01	1.684920581941776740e-01	2.429869788494984084e-01	1.478378217139547646e-01	7.106506997966452466e-02	2.872002444401345819e-02	7.312352541875020984e-02
1.089949629136535123e+03	2.675473508808842160e-01	1.683397914199207257e-01	2.431451162700554725e-01	1.479346322296901939e-01	7.110537472829525640e-02	2.874455477202940076e-02	7.318317969906579235e-02
1.091400960200631971e+03	2.673205646014602532e-01	1.681877822566086034e-01	2.433029804107871008e-01	1.480312690730896941e-01	7.114561174284408929e-02	2.876905614417002779e-02	7.324273577098128207e-02
1.092852291264728365e+03	2.670941619102275566e-01	1.680360302676229545e-01	2.434605717361401356e-01	1.481277325797478728e-01	7.118578113751367065e-02	2.879352857438636712e-02	7.330219379430254201e-02
1.094303622328825213e+03	2.668681421569158996e-01	1.678845350170842798e-01	2.436178907097735769e-01	1.482240230845348061e-01	7.122588302632544555e-02	2.881797207670498337e-02	7.336155392860214952e-02
1.095754953392921607e+03	2.666425046923657227e-01	1.677332960698507680e-01	2.437749377945599705e-01	1.483201409215977595e-01	7.126591752311989270e-02	2.884238666522759287e-02	7.342081633321945189e-02
1.097206284457018228e+03	2.664172488685258022e-01	1.675823129915172405e-01	2.439317134525867958e-01	1.484160864243632139e-01	7.130588474155670486e-02	2.886677235413067505e-02	7.347998116726070505e-02
1.098657615521114849e+03	2.661923740384515291e-01	1.674315853484138195e-01	2.440882181451577149e-01	1.485118599255386140e-01	7.134578479511509419e-02	2.889112915766509429e-02	7.353904858959919855e-02
1.100108946585211470e+03	2.659678795563027998e-01	1.672811127076048732e-01	2.442444523327940153e-01	1.486074617571143119e-01	7.138561779709401423e-02	2.891545709015572174e-02	7.359801875887528322e-02
1.101560277649308091e+03	2.657437647773419620e-01	1.671308946368877946e-01	2.444004164752358599e-01	1.487028922503654538e-01	7.142538386061239586e-02	2.893975616600103287e-02	7.365689183349659330e-02
1.103011608713404712e+03	2.655200290579318168e-01	1.669809307047918356e-01	2.445561110314435349e-01	1.487981517358536732e-01	7.146508309860936936e-02	2.896402639967275358e-02	7.371566797163806029e-02
1.104462939777501106e+03	2.652966717555338416e-01	1.668312204805769694e-01	2.447115364595990328e-01	1.488932405434290895e-01	7.150471562384452806e-02	2.898826780571546469e-02	7.377434733124210720e-02
1.105914270841597499e+03	2.650736922287059705e-01	1.666817635342326964e-01	2.448666932171071342e-01	1.489881590022321955e-01	7.154428154889816427e-02	2.901248039874623069e-02	7.383293007001869024e-02
1.107365601905694348e+03	2.648510898371007061e-01	1.665325594364767958e-01	2.450215817605968793e-01	1.490829074406954946e-01	7.158378098617146357e-02	2.903666419345421815e-02	7.389141634544547921e-02
1.108816932969790741e+03	2.646288639414632882e-01	1.663836077587544093e-01	2.451762025459227889e-01	1.491774861865454438e-01	7.162321404788681012e-02	2.906081920460032442e-02	7.394980631476794075e-02
1.110268264033887590e+03	2.644070139036295286e-01	1.662349080732365425e-01	2.453305560281663078e-01	1.492718955668042857e-01	7.166258084608795320e-02	2.908494544701679951e-02	7.400810013499953266e-02
1.111719595097984211e+03	2.641855390865240349e-01	1.660864599528191488e-01	2.454846426616369426e-01	1.493661359077918249e-01	7.170188149264032640e-02	2.910904293560686792e-02	7.406629796292174550e-02
1.113170926162080832e+03	2.639644388541582121e-01	1.659382629711218526e-01	2.456384628998737607e-01	1.494602075351273152e-01	7.174111609923115862e-02	2.913311168534436779e-02	7.412439995508429691e-02
1.114622257226177226e+03	2.637437125716280417e-01	1.657903167024867841e-01	2.457920171956466393e-01	1.495541107737310693e-01	7.178028477736983493e-02	2.915715171127337621e-02	7.418240626780520097e-02
1.116073588290273847e+03	2.635233596051126947e-01	1.656426207219773850e-01	2.459453060009574865e-01	1.496478459478265133e-01	7.181938763838804918e-02	2.918116302850783106e-02	7.424031705717096252e-02
1.117524919354370468e+03	2.633033793218721996e-01	1.654951746053773542e-01	2.460983297670416292e-01	1.497414133809417958e-01	7.185842479344005385e-02	2.920514565223116324e-02	7.429813247903670204e-02
1.118976250418467089e+03	2.630837710902456106e-01	1.653479779291893714e-01	2.462510889443692008e-01	1.498348133959115924e-01	7.189739635350290980e-02	2.922909959769594279e-02	7.435585268902628053e-02
1.120427581482563710e+03	2.628645342796490647e-01	1.652010302706339584e-01	2.464035839826462793e-01	1.499280463148789377e-01	7.193630242937672226e-02	2.925302488022348685e-02	7.441347784253242448e-02
1.121878912546660331e+03	2.626456682605739501e-01	1.650543312076483693e-01	2.465558153308162470e-01	1.500211124592970291e-01	7.197514313168484890e-02	2.927692151520351616e-02	7.447100809471692007e-02
1.123330243610756725e+03	2.624271724045849630e-01	1.649078803188853137e-01	2.467077834370611511e-01	1.501140121499308644e-01	7.201391857087412196e-02	2.930078951809377344e-02	7.452844360051068262e-02
1.124781574674853118e+03	2.622090460843181092e-01	1.647616771837119298e-01	2.468594887488029799e-01	1.502067457068591017e-01	7.205262885721511190e-02	2.932462890441967993e-02	7.458578451461400638e-02
1.126232905738949967e+03	2.619912886734788726e-01	1.646157213822085075e-01	2.470109317127049120e-01	1.502993134494757799e-01	7.209127410080233556e-02	2.934843968977394330e-02	7.464303099149663390e-02
1.127684236803046360e+03	2.617738995468403274e-01	1.644700124951673503e-01	2.471621127746725932e-01	1.503917156964920954e-01	7.212985441155450594e-02	2.937222188981622115e-02	7.470018318539790869e-02
1.129135567867143209e+03	2.615568780802411952e-01	1.643245501040916934e-01	2.473130323798554964e-01	1.504839527659380949e-01	7.216836989921474044e-02	2.939597552027275323e-02	7.475724125032698342e-02
1.130586898931239830e+03	2.613402236505841802e-01	1.641793337911943984e-01	2.474636909726481704e-01	1.505760249751645075e-01	7.220682067335079668e-02	2.941970059693599371e-02	7.481420534006293088e-02
1.132038229995336451e+03	2.611239356358336927e-01	1.640343631393969270e-01	2.476140889966915448e-01	1.506679326408443265e-01	7.224520684335526688e-02	2.944339713566426070e-02	7.487107560815492446e-02
1.133489561059432845e+03	2.609080134150143504e-01	1.638896377323281195e-01	2.477642268948741511e-01	1.507596760789746693e-01	7.228352851844589699e-02	2.946706515238138244e-02	7.492785220792239076e-02
1.134940892123529466e+03	2.606924563682088691e-01	1.637451571543230289e-01	2.479141051093335379e-01	1.508512556048784148e-01	7.232178580766571163e-02	2.949070466307632948e-02	7.498453529245513449e-02
1.136392223187626087e+03	2.604772638765561754e-01	1.636009209904217832e-01	2.480637240814573818e-01	1.509426715332059799e-01	7.235997881988330549e-02	2.951431568380286780e-02	7.504112501461354667e-02
1.137843554251722708e+03	2.602624353222497966e-01	1.634569288263683917e-01	2.482130842518848746e-01	1.510339241779369568e-01	7.239810766379305151e-02	2.953789823067920137e-02	7.509762152702879889e-02
1.139294885315819101e+03	2.600479700885357515e-01	1.633131802486096629e-01	2.483621860605079723e-01	1.511250138523818898e-01	7.243617244791530907e-02	2.956145231988762181e-02	7.515402498210292659e-02
1.140746216379915950e+03	2.598338675597107739e-01	1.631696748442939271e-01	2.485110299464726447e-01	1.512159408691838569e-01	7.247417328059670150e-02	2.958497796767415103e-02	7.521033553200903721e-02
1.142197547444012343e+03	2.596201271211205364e-01	1.630264122012700378e-01	2.486596163481801791e-01	1.513067055403203576e-01	7.251211027001025489e-02	2.960847519034819422e-02	7.526655332869150450e-02
1.143648878508108737e+03	2.594067481591576518e-01	1.628833919080860948e-01	2.488079457032884578e-01	1.513973081771048390e-01	7.254998352415571727e-02	2.963194400428219299e-02	7.532267852386609341e-02
1.145100209572205586e+03	2.591937300612601192e-01	1.627406135539883336e-01	2.489560184487130956e-01	1.514877490901883339e-01	7.258779315085972517e-02	2.965538442591126797e-02	7.537871126902020991e-02
1.146551540636302207e+03	2.589810722159089917e-01	1.625980767289199880e-01	2.491038350206289109e-01	1.515780285895613477e-01	7.262553925777605335e-02	2.967879647173287880e-02	7.543465171541294256e-02
1.148002871700398828e+03	2.587687740126269897e-01	1.624557810235200961e-01	2.492513958544710084e-01	1.516681469845553021e-01	7.266322195238582304e-02	2.970218015830648067e-02	7.549050001407538180e-02
1.149454202764495449e+03	2.585568348419765572e-01	1.623137260291223904e-01	2.493987013849361389e-01	1.517581045838443665e-01	7.270084134199773784e-02	2.972553550225316352e-02	7.554625631581074474e-02
1.150905533828591842e+03	2.583452540955579191e-01	1.621719113377541044e-01	2.495457520459839484e-01	1.518479016954469574e-01	7.273839753374827799e-02	2.974886252025531891e-02	7.560192077119451404e-02
1.152356864892688463e+03	2.581340311660074716e-01	1.620303365421348896e-01	2.496925482708381439e-01	1.519375386267275418e-01	7.277589063460199181e-02	2.977216122905629661e-02	7.565749353057465987e-02
1.153808195956785084e+03	2.579231654469957280e-01	1.618890012356756225e-01	2.498390904919878530e-01	1.520270156843981924e-01	7.281332075135164839e-02	2.979543164546005762e-02	7.571297474407182038e-02
1.155259527020881706e+03	2.577126563332257092e-01	1.617479050124772944e-01	2.499853791411888460e-01	1.521163331745202796e-01	7.285068799061848732e-02	2.981867378633083765e-02	7.576836456157949595e-02
1.156710858084978327e+03	2.575025032204308895e-01	1.616070474673297896e-01	2.501314146494647006e-01	1.522054914025060546e-01	7.288799245885245470e-02	2.984188766859280709e-02	7.582366313276421577e-02
1.158162189149074720e+03	2.572927055053736978e-01	1.614664281957108594e-01	2.502771974471081906e-01	1.522944906731203418e-01	7.292523426233239736e-02	2.986507330922972062e-02	7.587887060706573206e-02
1.159613520213171569e+03	2.570832625858434639e-01	1.613260467937848441e-01	2.504227279636824233e-01	1.523833312904820936e-01	7.296241350716631269e-02	2.988823072528459107e-02	7.593398713369721442e-02
1.161064851277267962e+03	2.568741738606548641e-01	1.611859028584015918e-01	2.505680066280220886e-01	1.524720135580660274e-01	7.299953029929154291e-02	2.991135993385935637e-02	7.598901286164541635e-02
1.162516182341364356e+03	2.566654387296458673e-01	1.610459959870954583e-01	2.507130338682347359e-01	1.525605377787044026e-01	7.303658474447502491e-02	2.993446095211452912e-02	7.604394793967091115e-02
1.163967513405461204e+03	2.564570565936762359e-01	1.609063257780838641e-01	2.508578101117019954e-01	1.526489042545883246e-01	7.307357694831348449e-02	2.995753379726887045e-02	7.609879251630823072e-02
1.165418844469557826e+03	2.562490268546253058e-01	1.607668918302664063e-01	2.510023357850807435e-01	1.527371132872696324e-01	7.311050701623365844e-02	2.998057848659905697e-02	7.615354673986611533e-02
1.166870175533654447e+03	2.560413489153908206e-01	1.606276937432237206e-01	2.511466113143045464e-01	1.528251651776623143e-01	7.314737505349257207e-02	3.000359503743933384e-02	7.620821075842768022e-02
1.168321506597751068e+03	2.558340221798865444e-01	1.604887311172161768e-01	2.512906371245846593e-01	1.529130602260442007e-01	7.318418116517766414e-02	3.002658346718121637e-02	7.626278471985060980e-02
1.169772837661847461e+03	2.556270460530408184e-01	1.603500035531828238e-01	2.514344136404114138e-01	1.530007987320584906e-01	7.322092545620707826e-02	3.004954379327311534e-02	7.631726877176736590e-02
1.171224168725944082e+03	2.554204199407949516e-01	1.602115106527403077e-01	2.515779412855551622e-01	1.530883809947153895e-01	7.325760803132985721e-02	3.007247603322004553e-02	7.637166306158539586e-02
1.172675499790040703e+03	2.552141432501009999e-01	1.600732520181817331e-01	2.517212204830679423e-01	1.531758073123936914e-01	7.329422899512617884e-02	3.009538020458327190e-02	7.642596773648728525e-02
1.174126830854137097e+03	2.550082153889202674e-01	1.599352272524754981e-01	2.518642516552843658e-01	1.532630779828423329e-01	7.333078845200752260e-02	3.011825632497999727e-02	7.648018294343107704e-02
1.175578161918233945e+03	2.548026357662217523e-01	1.597974359592641280e-01	2.520070352238229505e-01	1.533501933031818920e-01	7.336728650621700265e-02	3.014110441208302238e-02	7.653430882915031319e-02
1.177029492982330339e+03	2.545974037919798705e-01	1.596598777428632210e-01	2.521495716095873418e-01	1.534371535699062539e-01	7.340372326182945106e-02	3.016392448362043704e-02	7.658834554015435392e-02
1.178480824046426733e+03	2.543925188771732349e-01	1.595225522082603653e-01	2.522918612327675891e-01	1.535239590788841368e-01	7.344009882275172318e-02	3.018671655737528020e-02	7.664229322272857192e-02
1.179932155110523581e+03	2.541879804337826565e-01	1.593854589611137795e-01	2.524339045128411452e-01	1.536106101253606748e-01	7.347641329272289190e-02	3.020948065118522763e-02	7.669615202293451894e-02
1.181383486174620202e+03	2.539837878747893685e-01	1.592485976077514798e-01	2.525757018685743094e-01	1.536971070039588327e-01	7.351266677531445581e-02	3.023221678294226236e-02	7.674992208661016169e-02
1.182834817238716823e+03	2.537799406141733605e-01	1.591119677551700029e-01	2.527172537180232825e-01	1.537834500086811274e-01	7.354885937393058903e-02	3.025492497059236244e-02	7.680360355937008998e-02
1.184286148302813444e+03	2.535764380669117135e-01	1.589755690110332687e-01	2.528585604785354990e-01	1.538696394329111261e-01	7.358499119180832160e-02	3.027760523213516436e-02	7.685719658660573883e-02
1.185737479366910065e+03	2.533732796489767125e-01	1.588394009836715526e-01	2.529996225667506815e-01	1.539556755694148626e-01	7.362106233201777539e-02	3.030025758562365779e-02	7.691070131348556882e-02
1.187188810431006686e+03	2.531704647773341255e-01	1.587034632820803204e-01	2.531404403986022289e-01	1.540415587103425299e-01	7.365707289746240005e-02	3.032288204916386634e-02	7.696411788495527428e-02
1.188640141495103080e+03	2.529679928699418157e-01	1.585677555159190899e-01	2.532810143893183263e-01	1.541272891472298123e-01	7.369302299087915342e-02	3.034547864091453190e-02	7.701744644573804699e-02
1.190091472559199701e+03	2.527658633457474657e-01	1.584322772955103487e-01	2.534213449534230000e-01	1.542128671709996068e-01	7.372891271483872355e-02	3.036804737908678151e-02	7.707068714033475654e-02
1.191542803623296322e+03	2.525640756246873564e-01	1.582970282318384714e-01	2.535614325047375606e-01	1.542982930719634382e-01	7.376474217174580628e-02	3.039058828194383943e-02	7.712384011302417242e-02
1.192994134687392716e+03	2.523626291276844236e-01	1.581620079365484710e-01	2.537012774563817685e-01	1.543835671398229303e-01	7.380051146383924399e-02	3.041310136780069062e-02	7.717690550786319992e-02
1.194445465751489564e+03	2.521615232766464265e-01	1.580272160219450550e-01	2.538408802207746673e-01	1.544686896636714157e-01	7.383622069319224768e-02	3.043558665502377886e-02	7.722988346868703280e-02
1.195896796815585958e+03	2.519607574944645600e-01	1.578926521009914596e-01	2.539802412096363593e-01	1.545536609319953514e-01	7.387186996171270226e-02	3.045804416203069798e-02	7.728277413910945859e-02
1.197348127879682352e+03	2.517603312050115671e-01	1.577583157873082564e-01	2.541193608339887278e-01	1.546384812326758174e-01	7.390745937114326369e-02	3.048047390728986575e-02	7.733557766252302512e-02
1.198799458943779200e+03	2.515602438331399626e-01	1.576242066951723531e-01	2.542582395041568244e-01	1.547231508529900712e-01	7.394298902306167820e-02	3.050287590932022203e-02	7.738829418209930422e-02
1.200250790007875821e+03	2.513604948046806453e-01	1.574903244395158830e-01	2.543968776297700352e-01	1.548076700796130190e-01	7.397845901888090714e-02	3.052525018669093732e-02	7.744092384078904434e-02
1.201702121071972442e+03	2.511610835464406777e-01	1.573566686359250122e-01	2.545352756197631350e-01	1.548920391986186307e-01	7.401386945984941845e-02	3.054759675802107624e-02	7.749346678132246202e-02
1.203153452136069063e+03	2.509620094862021755e-01	1.572232389006389675e-01	2.546734338823777311e-01	1.549762584954814393e-01	7.404922044705135320e-02	3.056991564197930264e-02	7.754592314620943616e-02
1.204604783200165684e+03	2.507632720527202541e-01	1.570900348505488153e-01	2.548113528251631510e-01	1.550603282550780948e-01	7.408451208140678923e-02	3.059220685728358813e-02	7.759829307773971618e-02
1.206056114264262078e+03	2.505648706757215294e-01	1.569570561031963796e-01	2.549490328549778306e-01	1.551442487616887245e-01	7.411974446367190772e-02	3.061447042270087557e-02	7.765057671798318573e-02
1.207507445328358699e+03	2.503668047859022305e-01	1.568243022767732975e-01	2.550864743779903132e-01	1.552280202989984592e-01	7.415491769443921521e-02	3.063670635704680845e-02	7.770277420879007080e-02
1.208958776392455093e+03	2.501690738149268123e-01	1.566917729901196599e-01	2.552236777996806372e-01	1.553116431500989048e-01	7.419003187413782119e-02	3.065891467918540475e-02	7.775488569179116183e-02
1.210410107456551941e+03	2.499716771954260119e-01	1.565594678627231784e-01	2.553606435248413908e-01	1.553951175974894738e-01	7.422508710303353519e-02	3.068109540802876553e-02	7.780691130839806346e-02
1.211861438520648335e+03	2.497746143609953784e-01	1.564273865147179643e-01	2.554973719575786562e-01	1.554784439230790238e-01	7.426008348122919989e-02	3.070324856253678000e-02	7.785885119980336111e-02
1.213312769584745183e+03	2.495778847461934957e-01	1.562955285668833627e-01	2.556338635013136740e-01	1.555616224081871890e-01	7.429502110866485765e-02	3.072537416171680982e-02	7.791070550698096786e-02
1.214764100648841804e+03	2.493814877865402901e-01	1.561638936406430367e-01	2.557701185587835102e-01	1.556446533335458515e-01	7.432990008511795865e-02	3.074747222462340460e-02	7.796247437068623554e-02
1.216215431712937971e+03	2.491854229185155312e-01	1.560324813580637460e-01	2.559061375320426102e-01	1.557275369793005293e-01	7.436472051020356910e-02	3.076954277035799656e-02	7.801415793145623223e-02
1.217666762777034819e+03	2.489896895795570830e-01	1.559012913418542645e-01	2.560419208224637977e-01	1.558102736250118192e-01	7.439948248337462100e-02	3.079158581806860223e-02	7.806575632960999211e-02
1.219118093841131440e+03	2.487942872080591561e-01	1.557703232153644646e-01	2.561774688307392744e-01	1.558928635496568960e-01	7.443418610392209256e-02	3.081360138694953787e-02	7.811726970524873748e-02
1.220569424905228061e+03	2.485992152433708358e-01	1.556395766025840677e-01	2.563127819568819521e-01	1.559753070316308721e-01	7.446883147097523026e-02	3.083558949624111770e-02	7.816869819825610077e-02
1.222020755969324682e+03	2.484044731257942784e-01	1.555090511281415067e-01	2.564478606002266181e-01	1.560576043487482689e-01	7.450341868350177088e-02	3.085755016522935545e-02	7.822004194829837442e-02
1.223472087033421303e+03	2.482100602965832126e-01	1.553787464173030097e-01	2.565827051594310459e-01	1.561397557782443213e-01	7.453794784030814968e-02	3.087948341324567303e-02	7.827130109482474674e-02
1.224923418097517697e+03	2.480159761979411348e-01	1.552486620959714902e-01	2.567173160324771608e-01	1.562217615967765039e-01	7.457241904003972244e-02	3.090138925966661940e-02	7.832247577706749619e-02
1.226374749161614318e+03	2.478222202730199220e-01	1.551187977906853810e-01	2.568516936166721498e-01	1.563036220804258913e-01	7.460683238118097360e-02	3.092326772391357573e-02	7.837356613404229677e-02
1.227826080225710712e+03	2.476287919659178882e-01	1.549891531286176072e-01	2.569858383086496278e-01	1.563853375046985184e-01	7.464118796205571060e-02	3.094511882545245007e-02	7.842457230454842609e-02
1.229277411289807560e+03	2.474356907216783419e-01	1.548597277375745596e-01	2.571197505043707476e-01	1.564669081445268783e-01	7.467548588082732752e-02	3.096694258379341369e-02	7.847549442716897361e-02
1.230728742353903954e+03	2.472429159862880033e-01	1.547305212459949286e-01	2.572534305991255321e-01	1.565483342742712003e-01	7.470972623549897162e-02	3.098873901849059573e-02	7.852633264027110427e-02
1.232180073418000802e+03	2.470504672066752005e-01	1.546015332829487055e-01	2.573868789875336516e-01	1.566296161677208920e-01	7.474390912391377928e-02	3.101050814914179873e-02	7.857708708200630832e-02
1.233631404482097196e+03	2.468583438307084266e-01	1.544727634781360714e-01	2.575200960635459224e-01	1.567107540980959834e-01	7.477803464375508413e-02	3.103224999538822110e-02	7.862775789031062335e-02
1.235082735546193817e+03	2.466665453071946179e-01	1.543442114618863992e-01	2.576530822204451954e-01	1.567917483380484034e-01	7.481210289254662527e-02	3.105396457691416215e-02	7.867834520290489797e-02
1.236534066610290438e+03	2.464750710858776006e-01	1.542158768651570866e-01	2.577858378508477433e-01	1.568725991596633951e-01	7.484611396765275537e-02	3.107565191344674807e-02	7.872884915729501387e-02
1.237985397674387059e+03	2.462839206174363693e-01	1.540877593195325856e-01	2.579183633467040382e-01	1.569533068344609039e-01	7.488006796627866279e-02	3.109731202475564046e-02	7.877926989077210784e-02
1.239436728738483680e+03	2.460930933534836718e-01	1.539598584572232920e-01	2.580506590993003058e-01	1.570338716333968820e-01	7.491396498547059357e-02	3.111894493065275880e-02	7.882960754041284934e-02
1.240888059802580301e+03	2.459025887465641769e-01	1.538321739110644626e-01	2.581827254992591913e-01	1.571142938268647871e-01	7.494780512211605961e-02	3.114055065099200284e-02	7.887986224307967642e-02
1.242339390866676695e+03	2.457124062501530037e-01	1.537047053145152165e-01	2.583145629365413143e-01	1.571945736846967756e-01	7.498158847294401907e-02	3.116212920566896472e-02	7.893003413542103164e-02
1.243790721930773088e+03	2.455225453186541673e-01	1.535774523016573689e-01	2.584461718004461561e-01	1.572747114761651466e-01	7.501531513452516786e-02	3.118368061462066174e-02	7.898012335387159799e-02
1.245242052994869937e+03	2.453330054073988575e-01	1.534504145071945436e-01	2.585775524796132263e-01	1.573547074699837567e-01	7.504898520327205058e-02	3.120520489782523804e-02	7.903013003465260422e-02
1.246693384058966330e+03	2.451437859726439128e-01	1.533235915664510340e-01	2.587087053620231170e-01	1.574345619343091862e-01	7.508259877543935201e-02	3.122670207530171133e-02	7.908005431377194971e-02
1.248144715123063179e+03	2.449548864715702379e-01	1.531969831153706663e-01	2.588396308349988351e-01	1.575142751367422100e-01	7.511615594712406363e-02	3.124817216710967793e-02	7.912989632702456533e-02
1.249596046187159800e+03	2.447663063622812218e-01	1.530705887905158824e-01	2.589703292852066352e-01	1.575938473443291299e-01	7.514965681426571953e-02	3.126961519334905265e-02	7.917965620999259380e-02
1.251047377251256421e+03	2.445780451038010728e-01	1.529444082290665752e-01	2.591008010986573518e-01	1.576732788235631066e-01	7.518310147264659071e-02	3.129103117415978769e-02	7.922933409804568117e-02
1.252498708315352815e+03	2.443901021560733466e-01	1.528184410688191441e-01	2.592310466607073982e-01	1.577525698403854926e-01	7.521649001789193489e-02	3.131242012972160205e-02	7.927893012634118497e-02
1.253950039379449436e+03	2.442024769799592820e-01	1.526926869481853577e-01	2.593610663560600993e-01	1.578317206601870526e-01	7.524982254547014915e-02	3.133378208025369704e-02	7.932844442982445177e-02
1.255401370443546057e+03	2.440151690372362736e-01	1.525671455061914372e-01	2.594908605687664127e-01	1.579107315478094353e-01	7.528309915069303360e-02	3.135511704601449956e-02	7.937787714322901145e-02
1.256852701507642678e+03	2.438281777905962899e-01	1.524418163824768635e-01	2.596204296822262059e-01	1.579896027675463943e-01	7.531631992871598569e-02	3.137642504730139142e-02	7.942722840107693805e-02
1.258304032571739299e+03	2.436415027036442915e-01	1.523166992172934053e-01	2.597497740791896437e-01	1.580683345831451758e-01	7.534948497453820837e-02	3.139770610445043186e-02	7.947649833767896077e-02
1.259755363635835920e+03	2.434551432408967042e-01	1.521917936515040648e-01	2.598788941417578546e-01	1.581469272578077401e-01	7.538259438300289050e-02	3.141896023783609382e-02	7.952568708713481094e-02
1.261206694699932314e+03	2.432690988677797539e-01	1.520670993265820781e-01	2.600077902513843187e-01	1.582253810541921490e-01	7.541564824879749829e-02	3.144018746787100027e-02	7.957479478333343015e-02
1.262658025764028707e+03	2.430833690506280231e-01	1.519426158846098607e-01	2.601364627888756997e-01	1.583036962344138154e-01	7.544864666645390017e-02	3.146138781500564668e-02	7.962382155995326172e-02
1.264109356828125556e+03	2.428979532566828692e-01	1.518183429682779251e-01	2.602649121343934002e-01	1.583818730600468350e-01	7.548158973034865826e-02	3.148256129972814427e-02	7.967276755046244496e-02
1.265560687892221949e+03	2.427128509540907586e-01	1.516942802208838814e-01	2.603931386674541715e-01	1.584599117921252631e-01	7.551447753470316715e-02	3.150370794256395629e-02	7.972163288811907889e-02
1.267012018956318798e+03	2.425280616119018795e-01	1.515704272863314106e-01	2.605211427669315571e-01	1.585378126911444197e-01	7.554731017358388978e-02	3.152482776407562748e-02	7.977041770597152748e-02
1.268463350020415419e+03	2.423435847000684762e-01	1.514467838091292928e-01	2.606489248110566148e-01	1.586155760170621654e-01	7.558008774090260729e-02	3.154592078486252726e-02	7.981912213685860014e-02
1.269914681084511813e+03	2.421594196894433504e-01	1.513233494343902696e-01	2.607764851774195258e-01	1.586932020293001233e-01	7.561281033041654387e-02	3.156698702556058611e-02	7.986774631340985697e-02
1.271366012148608434e+03	2.419755660517782514e-01	1.512001238078300724e-01	2.609038242429701504e-01	1.587706909867451499e-01	7.564547803572868601e-02	3.158802650684202490e-02	7.991629036804584474e-02
1.272817343212705055e+03	2.417920232597224606e-01	1.510771065757663956e-01	2.610309423840195819e-01	1.588480431477503341e-01	7.567809095028792121e-02	3.160903924941511900e-02	7.996475443297834662e-02
1.274268674276801676e+03	2.416087907868211537e-01	1.509542973851178693e-01	2.611578399762407576e-01	1.589252587701365238e-01	7.571064916738926009e-02	3.163002527402391378e-02	8.001313864021063205e-02
1.275720005340898297e+03	2.414258681075139301e-01	1.508316958834030608e-01	2.612845173946700128e-01	1.590023381111934364e-01	7.574315278017404451e-02	3.165098460144798870e-02	8.006144312153769260e-02
1.277171336404994690e+03	2.412432546971331471e-01	1.507093017187393635e-01	2.614109750137076915e-01	1.590792814276809353e-01	7.577560188163018351e-02	3.167191725250217971e-02	8.010966800854656122e-02
1.278622667469091539e+03	2.410609500319025600e-01	1.505871145398421096e-01	2.615372132071197564e-01	1.591560889758304453e-01	7.580799656459234759e-02	3.169282324803632950e-02	8.015781343261652037e-02
1.280073998533187932e+03	2.408789535889356848e-01	1.504651339960234591e-01	2.616632323480383993e-01	1.592327610113459524e-01	7.584033692174214913e-02	3.171370260893504461e-02	8.020587952491932404e-02
1.281525329597284326e+03	2.406972648462343267e-01	1.503433597371914010e-01	2.617890328089633734e-01	1.593092977894055018e-01	7.587262304560839221e-02	3.173455535611742484e-02	8.025386641641954477e-02
1.282976660661381175e+03	2.405158832826870541e-01	1.502217914138488097e-01	2.619146149617629926e-01	1.593856995646622532e-01	7.590485502856729461e-02	3.175538151053681341e-02	8.030177423787474011e-02
1.284427991725477568e+03	2.403348083780676159e-01	1.501004286770923346e-01	2.620399791776752418e-01	1.594619665912458684e-01	7.593703296284265436e-02	3.177618109318055412e-02	8.034960311983574410e-02
1.285879322789574417e+03	2.401540396130334709e-01	1.499792711786114285e-01	2.621651258273086094e-01	1.595380991227636491e-01	7.596915694050608570e-02	3.179695412506972768e-02	8.039735319264697255e-02
1.287330653853671038e+03	2.399735764691243722e-01	1.498583185706873488e-01	2.622900552806436414e-01	1.596140974123018696e-01	7.600122705347722718e-02	3.181770062725891579e-02	8.044502458644656184e-02
1.288781984917767431e+03	2.397934184287606740e-01	1.497375705061921580e-01	2.624147679070336081e-01	1.596899617124269422e-01	7.603324339352394989e-02	3.183842062083592356e-02	8.049261743116672974e-02
1.290233315981864052e+03	2.396135649752418884e-01	1.496170266385876968e-01	2.625392640752056139e-01	1.597656922751866659e-01	7.606520605226253784e-02	3.185911412692155747e-02	8.054013185653401130e-02
