1.001418434226643626e+03	2.821884468736799434e-01	1.779096460043627648e-01	2.330344688493713179e-01	1.417140519090869244e-01	6.853759610579665540e-02	2.724883778430707559e-02	6.936695247333422853e-02
1.002869765290740247e+03	2.819367325670819047e-01	1.777413371454873992e-01	2.332099346716261512e-01	1.418218031330321094e-01	6.858213948941818683e-02	2.727532719218466947e-02	6.943272580110852743e-02
1.004321096354836754e+03	2.816854443916043116e-01	1.775733132668972369e-01	2.333850975613524503e-01	1.419293590828168139e-01	6.862660785808204211e-02	2.730178660895932891e-02	6.949839123022677478e-02
1.005772427418933376e+03	2.814345816235667708e-01	1.774055738854721509e-01	2.335599580336371051e-01	1.420367201437230387e-01	6.867100133847517385e-02	2.732821604125813125e-02	6.956394893380653255e-02
1.007223758483029997e+03	2.811841435405387779e-01	1.772381185189006725e-01	2.337345166026920940e-01	1.421438867001666995e-01	6.871532005708370916e-02	2.735461549582880736e-02	6.962939908472812189e-02
1.008675089547126618e+03	2.809341294213370532e-01	1.770709466856790759e-01	2.339087737818558443e-01	1.422508591356999863e-01	6.875956414019325502e-02	2.738098497953917604e-02	6.969474185563451218e-02
1.010126420611223239e+03	2.806845385460230435e-01	1.769040579051101292e-01	2.340827300835948699e-01	1.423576378330138337e-01	6.880373371388916193e-02	2.740732449937659590e-02	6.975997741893129322e-02
1.011577751675319632e+03	2.804353701959003686e-01	1.767374516973022058e-01	2.342563860195051861e-01	1.424642231739403075e-01	6.884782890405680145e-02	2.743363406244738942e-02	6.982510594678667526e-02
1.013029082739416367e+03	2.801866236535123234e-01	1.765711275831682303e-01	2.344297421003138648e-01	1.425706155394549091e-01	6.889184983638184379e-02	2.745991367597630170e-02	6.989012761113140570e-02
1.014480413803512761e+03	2.799382982026396571e-01	1.764050850844244844e-01	2.346027988358804217e-01	1.426768153096790170e-01	6.893579663635053534e-02	2.748616334730592803e-02	6.995504258365882466e-02
1.015931744867609382e+03	2.796903931282976874e-01	1.762393237235896915e-01	2.347755567351984540e-01	1.427828228638821917e-01	6.897966942924992073e-02	2.751238308389617609e-02	7.001985103582476777e-02
1.017383075931706003e+03	2.794429077167340791e-01	1.760738430239837948e-01	2.349480163063970006e-01	1.428886385804845338e-01	6.902346834016818977e-02	2.753857289332369701e-02	7.008455313884760784e-02
1.018834406995802851e+03	2.791958412554263469e-01	1.759086425097270423e-01	2.351201780567420685e-01	1.429942628370590163e-01	6.906719349399487173e-02	2.756473278328134061e-02	7.014914906370817160e-02
1.020285738059899245e+03	2.789491930330794123e-01	1.757437217057387091e-01	2.352920424926382426e-01	1.430996960103338989e-01	6.911084501542115455e-02	2.759086276157760378e-02	7.021363898114983682e-02
1.021737069123995752e+03	2.787029623396231615e-01	1.755790801377361543e-01	2.354636101196299069e-01	1.432049384761949762e-01	6.915442302894014848e-02	2.761696283613608582e-02	7.027802306167843516e-02
1.023188400188092373e+03	2.784571484662100582e-01	1.754147173322336273e-01	2.356348814424029103e-01	1.433099906096878262e-01	6.919792765884712205e-02	2.764303301499494020e-02	7.034230147556230772e-02
1.024639731252188767e+03	2.782117507052128125e-01	1.752506328165413518e-01	2.358058569647860370e-01	1.434148527850202526e-01	6.924135902923976571e-02	2.766907330630631601e-02	7.040647439283227726e-02
1.026091062316285615e+03	2.779667683502217157e-01	1.750868261187641661e-01	2.359765371897523945e-01	1.435195253755645328e-01	6.928471726401848330e-02	2.769508371833583407e-02	7.047054198328167596e-02
1.027542393380382237e+03	2.777222006960425871e-01	1.749232967678005790e-01	2.361469226194208848e-01	1.436240087538596388e-01	6.932800248688664180e-02	2.772106425946202490e-02	7.053450441646638702e-02
1.028993724444478858e+03	2.774780470386943310e-01	1.747600442933415765e-01	2.363170137550578143e-01	1.437283032916136238e-01	6.937121482135082118e-02	2.774701493817581174e-02	7.059836186170477534e-02
1.030445055508575479e+03	2.772343066754063279e-01	1.745970682258696227e-01	2.364868110970781701e-01	1.438324093597057873e-01	6.941435439072110580e-02	2.777293576307994852e-02	7.066211448807781237e-02
1.031896386572671872e+03	2.769909789046163251e-01	1.744343680966574106e-01	2.366563151450471192e-01	1.439363273281890621e-01	6.945742131811129261e-02	2.779882674288849248e-02	7.072576246442902059e-02
1.033347717636768493e+03	2.767480630259681607e-01	1.742719434377668353e-01	2.368255263976815905e-01	1.440400575662921789e-01	6.950041572643921028e-02	2.782468788642625951e-02	7.078930595936452908e-02
1.034799048700865114e+03	2.765055583403092099e-01	1.741097937820477726e-01	2.369944453528515793e-01	1.441436004424218598e-01	6.954333773842691357e-02	2.785051920262830022e-02	7.085274514125312895e-02
1.036250379764961508e+03	2.762634641496881649e-01	1.739479186631370522e-01	2.371630725075817014e-01	1.442469563241652597e-01	6.958618747660097470e-02	2.787632070053936567e-02	7.091608017822625953e-02
1.037701710829058356e+03	2.760217797573527587e-01	1.737863176154572364e-01	2.373314083580526090e-01	1.443501255782920212e-01	6.962896506329276092e-02	2.790209238931336960e-02	7.097931123817807775e-02
1.039153041893154750e+03	2.757805044677474338e-01	1.736249901742155377e-01	2.374994533996023227e-01	1.444531085707565221e-01	6.967167062063864269e-02	2.792783427821285414e-02	7.104243848876549972e-02
1.040604372957251599e+03	2.755396375865110659e-01	1.734639358754026806e-01	2.376672081267279246e-01	1.445559056667001241e-01	6.971430427058029899e-02	2.795354637660847630e-02	7.110546209740824242e-02
1.042055704021347992e+03	2.752991784204746883e-01	1.733031542557916804e-01	2.378346730330867520e-01	1.446585172304533928e-01	6.975686613486491161e-02	2.797922869397846679e-02	7.116838223128887919e-02
1.043507035085444613e+03	2.750591262776592716e-01	1.731426448529368445e-01	2.380018486114979792e-01	1.447609436255382354e-01	6.979935633504547043e-02	2.800488123990811304e-02	7.123119905735285362e-02
1.044958366149541234e+03	2.748194804672732805e-01	1.729824072051724948e-01	2.381687353539440610e-01	1.448631852146701482e-01	6.984177499248098164e-02	2.803050402408922837e-02	7.129391274230859055e-02
1.046409697213637855e+03	2.745802402997106206e-01	1.728224408516118582e-01	2.383353337515720094e-01	1.449652423597604378e-01	6.988412222833675913e-02	2.805609705631963852e-02	7.135652345262748220e-02
1.047861028277734476e+03	2.743414050865481957e-01	1.726627453321459560e-01	2.385016442946950033e-01	1.450671154219182746e-01	6.992639816358466043e-02	2.808166034650265430e-02	7.141903135454405471e-02
1.049312359341831097e+03	2.741029741405439646e-01	1.725033201874424382e-01	2.386676674727937486e-01	1.451688047614529409e-01	6.996860291900332263e-02	2.810719390464654771e-02	7.148143661405591265e-02
1.050763690405927491e+03	2.738649467756343880e-01	1.723441649589442792e-01	2.388334037745178384e-01	1.452703107378759684e-01	7.001073661517841218e-02	2.813269774086404537e-02	7.154373939692391937e-02
1.052215021470024112e+03	2.736273223069325411e-01	1.721852791888688894e-01	2.389988536876872516e-01	1.453716337099032752e-01	7.005279937250291633e-02	2.815817186537180813e-02	7.160593986867218319e-02
1.053666352534120733e+03	2.733901000507255596e-01	1.720266624202066996e-01	2.391640176992938516e-01	1.454727740354574139e-01	7.009479131117733741e-02	2.818361628848991066e-02	7.166803819458816838e-02
1.055117683598217127e+03	2.731532793244726420e-01	1.718683141967201344e-01	2.393288962955025523e-01	1.455737320716694871e-01	7.013671255120997039e-02	2.820903102064133486e-02	7.173003453972275067e-02
1.056569014662313975e+03	2.729168594468028841e-01	1.717102340629425017e-01	2.394934899616529833e-01	1.456745081748815618e-01	7.017856321241711104e-02	2.823441607235145992e-02	7.179192906889034220e-02
1.058020345726410369e+03	2.726808397375130588e-01	1.715524215641766326e-01	2.396577991822607945e-01	1.457751027006485289e-01	7.022034341442340288e-02	2.825977145424754533e-02	7.185372194666890533e-02
1.059471676790506763e+03	2.724452195175653957e-01	1.713948762464938547e-01	2.398218244410189881e-01	1.458755160037403520e-01	7.026205327666194822e-02	2.828509717705822088e-02	7.191541333740010533e-02
1.060923007854603611e+03	2.722099981090851939e-01	1.712375976567328262e-01	2.399855662207995566e-01	1.459757484381442039e-01	7.030369291837464119e-02	2.831039325161299400e-02	7.197700340518935203e-02
1.062374338918700232e+03	2.719751748353592680e-01	1.710805853424983425e-01	2.401490250036546759e-01	1.460758003570664654e-01	7.034526245861240368e-02	2.833565968884172934e-02	7.203849231390592467e-02
1.063825669982796853e+03	2.717407490208331722e-01	1.709238388521600316e-01	2.403122012708181210e-01	1.461756721129348624e-01	7.038676201623539352e-02	2.836089649977414917e-02	7.209988022718302747e-02
1.065277001046893474e+03	2.715067199911094242e-01	1.707673577348515215e-01	2.404750955027067649e-01	1.462753640574005753e-01	7.042819170991329591e-02	2.838610369553933380e-02	7.216116730841791449e-02
1.066728332110990095e+03	2.712730870729450627e-01	1.706111415404688303e-01	2.406377081789219108e-01	1.463748765413402375e-01	7.046955165812553157e-02	2.841128128736522540e-02	7.222235372077195903e-02
1.068179663175086489e+03	2.710398495942499264e-01	1.704551898196695336e-01	2.408000397782507351e-01	1.464742099148581278e-01	7.051084197916147878e-02	2.843642928657811805e-02	7.228343962717082016e-02
1.069630994239183110e+03	2.708070068840842115e-01	1.702995021238714046e-01	2.409620907786675925e-01	1.465733645272881136e-01	7.055206279112079260e-02	2.846154770460215463e-02	7.234442519030445662e-02
1.071082325303279504e+03	2.705745582726563070e-01	1.701440780052513591e-01	2.411238616573355142e-01	1.466723407271957602e-01	7.059321421191358525e-02	2.848663655295885846e-02	7.240531057262732106e-02
1.072533656367376352e+03	2.703425030913210736e-01	1.699889170167441232e-01	2.412853528906074574e-01	1.467711388623804125e-01	7.063429635926067596e-02	2.851169584326660594e-02	7.246609593635837399e-02
1.073984987431472746e+03	2.701108406725772904e-01	1.698340187120412070e-01	2.414465649540278314e-01	1.468697592798771101e-01	7.067530935069385456e-02	2.853672558724016164e-02	7.252678144348127798e-02
1.075436318495569594e+03	2.698795703500658227e-01	1.696793826455896270e-01	2.416074983223338302e-01	1.469682023259587522e-01	7.071625330355608974e-02	2.856172579669016484e-02	7.258736725574449489e-02
1.076887649559666215e+03	2.696486914585674022e-01	1.695250083725907686e-01	2.417681534694567369e-01	1.470664683461380684e-01	7.075712833500177878e-02	2.858669648352264725e-02	7.264785353466136908e-02
1.078338980623762609e+03	2.694182033340007387e-01	1.693708954489991370e-01	2.419285308685233671e-01	1.471645576851696446e-01	7.079793456199703905e-02	2.861163765973855772e-02	7.270824044151028009e-02
1.079790311687859230e+03	2.691881053134201340e-01	1.692170434315213856e-01	2.420886309918574286e-01	1.472624706870519495e-01	7.083867210131984671e-02	2.863654933743324527e-02	7.276852813733473979e-02
1.081241642751955851e+03	2.689583967350137605e-01	1.690634518776147899e-01	2.422484543109809929e-01	1.473602076950292772e-01	7.087934106956039759e-02	2.866143152879600461e-02	7.282871678294350337e-02
1.082692973816052472e+03	2.687290769381013300e-01	1.689101203454863864e-01	2.424080012966156328e-01	1.474577690515938566e-01	7.091994158312123209e-02	2.868628424610957656e-02	7.288880653891076367e-02
1.084144304880149093e+03	2.685001452631320951e-01	1.687570483940915578e-01	2.425672724186840046e-01	1.475551550984877114e-01	7.096047375821752656e-02	2.871110750174966919e-02	7.294879756557620665e-02
1.085595635944245487e+03	2.682716010516829064e-01	1.686042355831330053e-01	2.427262681463110416e-01	1.476523661767047690e-01	7.100093771087734318e-02	2.873590130818446525e-02	7.300869002304516409e-02
1.087046967008342108e+03	2.680434436464561032e-01	1.684516814730595280e-01	2.428849889478255919e-01	1.477494026264926930e-01	7.104133355694186580e-02	2.876066567797417456e-02	7.306848407118876620e-02
1.088498298072438729e+03	2.678156723912773485e-01	1.682993856250647180e-01	2.430434352907613893e-01	1.478462647873550473e-01	7.108166141206559430e-02	2.878540062377051359e-02	7.312817986964403882e-02
1.089949629136535123e+03	2.675882866310938524e-01	1.681473476010860169e-01	2.432016076418587192e-01	1.479429529980530733e-01	7.112192139171662209e-02	2.881010615831626834e-02	7.318777757781406990e-02
1.091400960200631971e+03	2.673612857119721520e-01	1.679955669638032723e-01	2.433595064670656949e-01	1.480394675966077433e-01	7.116211361117687206e-02	2.883478229444478430e-02	7.324727735486813440e-02
1.092852291264728365e+03	2.671346689810961128e-01	1.678440432766376555e-01	2.435171322315394515e-01	1.481358089203017314e-01	7.120223818554231865e-02	2.885942904507952586e-02	7.330667935974184701e-02
1.094303622328825213e+03	2.669084357867649304e-01	1.676927761037505793e-01	2.436744853996477278e-01	1.482319773056812451e-01	7.124229522972320983e-02	2.888404642323359056e-02	7.336598375113728698e-02
1.095754953392921607e+03	2.666825854783912431e-01	1.675417650100423650e-01	2.438315664349700873e-01	1.483279730885581071e-01	7.128228485844435858e-02	2.890863444200923033e-02	7.342519068752316469e-02
1.097206284457018228e+03	2.664571174064989667e-01	1.673910095611511328e-01	2.439883758002992509e-01	1.484237966040115042e-01	7.132220718624530942e-02	2.893319311459739002e-02	7.348430032713494653e-02
1.098657615521114849e+03	2.662320309227213522e-01	1.672405093234516082e-01	2.441449139576425120e-01	1.485194481863901517e-01	7.136206232748061595e-02	2.895772245427724600e-02	7.354331282797500757e-02
1.100108946585211470e+03	2.660073253797989867e-01	1.670902638640538729e-01	2.443011813682230693e-01	1.486149281693139590e-01	7.140185039632009067e-02	2.898222247441573432e-02	7.360222834781279810e-02
1.101560277649308091e+03	2.657830001315777402e-01	1.669402727508023376e-01	2.444571784924812197e-01	1.487102368856761392e-01	7.144157150674898538e-02	2.900669318846708575e-02	7.366104704418499627e-02
1.103011608713404712e+03	2.655590545330069885e-01	1.667905355522743549e-01	2.446129057900758852e-01	1.488053746676449851e-01	7.148122577256828258e-02	2.903113460997236439e-02	7.371976907439561910e-02
1.104462939777501106e+03	2.653354879401374489e-01	1.666410518377792194e-01	2.447683637198858619e-01	1.489003418466658402e-01	7.152081330739488985e-02	2.905554675255900970e-02	7.377839459551624457e-02
1.105914270841597499e+03	2.651122997101192369e-01	1.664918211773568357e-01	2.449235527400111245e-01	1.489951387534629301e-01	7.156033422466188954e-02	2.907992962994037159e-02	7.383692376438612259e-02
1.107365601905694348e+03	2.648894892012000346e-01	1.663428431417766917e-01	2.450784733077741862e-01	1.490897657180412783e-01	7.159978863761878864e-02	2.910428325591525936e-02	7.389535673761234158e-02
1.108816932969790741e+03	2.646670557727228701e-01	1.661941173025364704e-01	2.452331258797214031e-01	1.491842230696886207e-01	7.163917665933169920e-02	2.912860764436746991e-02	7.395369367157000884e-02
1.110268264033887590e+03	2.644449987851244521e-01	1.660456432318610509e-01	2.453875109116243625e-01	1.492785111369772377e-01	7.167849840268362971e-02	2.915290280926535055e-02	7.401193472240240323e-02
1.111719595097984211e+03	2.642233175999330608e-01	1.658974205027013149e-01	2.455416288584811313e-01	1.493726302477657586e-01	7.171775398037472105e-02	2.917716876466134451e-02	7.407008004602112783e-02
1.113170926162080832e+03	2.640020115797666045e-01	1.657494486887328144e-01	2.456954801745176165e-01	1.494665807292011317e-01	7.175694350492242690e-02	2.920140552469151912e-02	7.412812979810630420e-02
1.114622257226177226e+03	2.637810800883307882e-01	1.656017273643547449e-01	2.458490653131887860e-01	1.495603629077204844e-01	7.179606708866179132e-02	2.922561310357513556e-02	7.418608413410671121e-02
1.116073588290273847e+03	2.635605224904170041e-01	1.654542561046886406e-01	2.460023847271801678e-01	1.496539771090528159e-01	7.183512484374564300e-02	2.924979151561419091e-02	7.424394320923997925e-02
1.117524919354370468e+03	2.633403381519005548e-01	1.653070344855773477e-01	2.461554388684090156e-01	1.497474236582209683e-01	7.187411688214488670e-02	2.927394077519296714e-02	7.430170717849275686e-02
1.118976250418467089e+03	2.631205264397386556e-01	1.651600620835836919e-01	2.463082281880256408e-01	1.498407028795434304e-01	7.191304331564868368e-02	2.929806089677759046e-02	7.435937619662083553e-02
1.120427581482563710e+03	2.629010867219684910e-01	1.650133384759894239e-01	2.464607531364147452e-01	1.499338150966361971e-01	7.195190425586471539e-02	2.932215189491559418e-02	7.441695041814942735e-02
1.121878912546660331e+03	2.626820183677054388e-01	1.648668632407939150e-01	2.466130141631966977e-01	1.500267606324144909e-01	7.199069981421936382e-02	2.934621378423545382e-02	7.447442999737323432e-02
1.123330243610756725e+03	2.624633207471409602e-01	1.647206359567131295e-01	2.467650117172288660e-01	1.501195398090946487e-01	7.202943010195803075e-02	2.937024657944617076e-02	7.453181508835669822e-02
1.124781574674853118e+03	2.622449932315409349e-01	1.645746562031784044e-01	2.469167462466068941e-01	1.502121529481960094e-01	7.206809523014529040e-02	2.939425029533680733e-02	7.458910584493415319e-02
1.126232905738949967e+03	2.620270351932434960e-01	1.644289235603350885e-01	2.470682181986660619e-01	1.503046003705425515e-01	7.210669530966516694e-02	2.941822494677606703e-02	7.464630242071000621e-02
1.127684236803046360e+03	2.618094460056573647e-01	1.642834376090416548e-01	2.472194280199824235e-01	1.503968823962648360e-01	7.214523045122134270e-02	2.944217054871184347e-02	7.470340496905891747e-02
1.129135567867143209e+03	2.615922250432598517e-01	1.641381979308683403e-01	2.473703761563743608e-01	1.504889993448016716e-01	7.218370076533739410e-02	2.946608711617080059e-02	7.476041364312599469e-02
1.130586898931239830e+03	2.613753716815949146e-01	1.639932041080960357e-01	2.475210630529035560e-01	1.505809515349019745e-01	7.222210636235704140e-02	2.948997466425791469e-02	7.481732859582695960e-02
1.132038229995336451e+03	2.611588852972713259e-01	1.638484557237151196e-01	2.476714891538765451e-01	1.506727392846266000e-01	7.226044735244434303e-02	2.951383320815606157e-02	7.487414997984835618e-02
1.133489561059432845e+03	2.609427652679608411e-01	1.637039523614242376e-01	2.478216549028458837e-01	1.507643629113499806e-01	7.229872384558398701e-02	2.953766276312558281e-02	7.493087794764775877e-02
1.134940892123529466e+03	2.607270109723964224e-01	1.635596936056291917e-01	2.479715607426114798e-01	1.508558227317619849e-01	7.233693595158141587e-02	2.956146334450383828e-02	7.498751265145388312e-02
1.136392223187626087e+03	2.605116217903700182e-01	1.634156790414418026e-01	2.481212071152217868e-01	1.509471190618696945e-01	7.237508378006321519e-02	2.958523496770480016e-02	7.504405424326686391e-02
1.137843554251722708e+03	2.602965971027311198e-01	1.632719082546785772e-01	2.482705944619751637e-01	1.510382522169991248e-01	7.241316744047721077e-02	2.960897764821861927e-02	7.510050287485836584e-02
1.139294885315819101e+03	2.600819362913846522e-01	1.631283808318597095e-01	2.484197232234211516e-01	1.511292225117969179e-01	7.245118704209271843e-02	2.963269140161118448e-02	7.515685869777188888e-02
1.140746216379915950e+03	2.598676387392890308e-01	1.629850963602078873e-01	2.485685938393617234e-01	1.512200302602321744e-01	7.248914269400084931e-02	2.965637624352371327e-02	7.521312186332282379e-02
1.142197547444012343e+03	2.596537038304546630e-01	1.628420544276470427e-01	2.487172067488525318e-01	1.513106757755981746e-01	7.252703450511466254e-02	2.968003218967232848e-02	7.526929252259877134e-02
1.143648878508108737e+03	2.594401309499417274e-01	1.626992546228012981e-01	2.488655623902042424e-01	1.514011593705141268e-01	7.256486258416942892e-02	2.970365925584762812e-02	7.532537082645966720e-02
1.145100209572205586e+03	2.592269194838586754e-01	1.625566965349936888e-01	2.490136612009837824e-01	1.514914813569268048e-01	7.260262703972285292e-02	2.972725745791427593e-02	7.538135692553800393e-02
1.146551540636302207e+03	2.590140688193600105e-01	1.624143797542450807e-01	2.491615036180155340e-01	1.515816420461124359e-01	7.264032798015532255e-02	2.975082681181057120e-02	7.543725097023901149e-02
1.148002871700398828e+03	2.588015783446449003e-01	1.622723038712730881e-01	2.493090900773827223e-01	1.516716417486781709e-01	7.267796551367010360e-02	2.977436733354804632e-02	7.549305311074089309e-02
1.149454202764495449e+03	2.585894474489549566e-01	1.621304684774906579e-01	2.494564210144286642e-01	1.517614807745640559e-01	7.271553974829361722e-02	2.979787903921102613e-02	7.554876349699501947e-02
1.150905533828591842e+03	2.583776755225725141e-01	1.619888731650051816e-01	2.496034968637578233e-01	1.518511594330445302e-01	7.275305079187562030e-02	2.982136194495624629e-02	7.560438227872609551e-02
1.152356864892688463e+03	2.581662619568189099e-01	1.618475175266171628e-01	2.497503180592373362e-01	1.519406780327303141e-01	7.279049875208945530e-02	2.984481606701241616e-02	7.565990960543239607e-02
1.153808195956785084e+03	2.579552061440526511e-01	1.617064011558192183e-01	2.498968850339981507e-01	1.520300368815699354e-01	7.282788373643228619e-02	2.986824142167981630e-02	7.571534562638594645e-02
1.155259527020881706e+03	2.577445074776674727e-01	1.615655236467947731e-01	2.500431982204361914e-01	1.521192362868514780e-01	7.286520585222532043e-02	2.989163802532988218e-02	7.577069049063279993e-02
1.156710858084978327e+03	2.575341653520907270e-01	1.614248845944169508e-01	2.501892580502138586e-01	1.522082765552043304e-01	7.290246520661405882e-02	2.991500589440481209e-02	7.582594434699314878e-02
1.158162189149074720e+03	2.573241791627814412e-01	1.612844835942474631e-01	2.503350649542609996e-01	1.522971579926007124e-01	7.293966190656851756e-02	2.993834504541713001e-02	7.588110734406160185e-02
1.159613520213171569e+03	2.571145483062284853e-01	1.611443202425354715e-01	2.504806193627763244e-01	1.523858809043575346e-01	7.297679605888340859e-02	2.996165549494931440e-02	7.593617963020735107e-02
1.161064851277267962e+03	2.569052721799488515e-01	1.610043941362163666e-01	2.506259217052285160e-01	1.524744455951378697e-01	7.301386777017841723e-02	2.998493725965336795e-02	7.599116135357440738e-02
1.162516182341364356e+03	2.566963501824858218e-01	1.608647048729106299e-01	2.507709724103577842e-01	1.525628523689528115e-01	7.305087714689846579e-02	3.000819035625042902e-02	7.604605266208180891e-02
1.163967513405461204e+03	2.564877817134073590e-01	1.607252520509227511e-01	2.509157719061766434e-01	1.526511015291629747e-01	7.308782429531385239e-02	3.003141480153035878e-02	7.610085370342384303e-02
1.165418844469557826e+03	2.562795661733039410e-01	1.605860352692400628e-01	2.510603206199714110e-01	1.527391933784802147e-01	7.312470932152054237e-02	3.005461061235135262e-02	7.615556462507024060e-02
1.166870175533654447e+03	2.560717029637870623e-01	1.604470541275315465e-01	2.512046189783035954e-01	1.528271282189692382e-01	7.316153233144040424e-02	3.007777780563952730e-02	7.621018557426638418e-02
1.168321506597751068e+03	2.558641914874874579e-01	1.603083082261467229e-01	2.513486674070107840e-01	1.529149063520492402e-01	7.319829343082140394e-02	3.010091639838853583e-02	7.626471669803354392e-02
1.169772837661847461e+03	2.556570311480532154e-01	1.601697971661145692e-01	2.514924663312081976e-01	1.530025280784956254e-01	7.323499272523784076e-02	3.012402640765916503e-02	7.631915814316911351e-02
1.171224168725944082e+03	2.554502213501481100e-01	1.600315205491422144e-01	2.516360161752895785e-01	1.530899936984415621e-01	7.327163032009059718e-02	3.014710785057895040e-02	7.637351005624676281e-02
1.172675499790040703e+03	2.552437614994497173e-01	1.598934779776139681e-01	2.517793173629287451e-01	1.531773035113795645e-01	7.330820632060734698e-02	3.017016074434175979e-02	7.642777258361672932e-02
1.174126830854137097e+03	2.550376510026476917e-01	1.597556690545901548e-01	2.519223703170805906e-01	1.532644578161631854e-01	7.334472083184277735e-02	3.019318510620742912e-02	7.648194587140601242e-02
1.175578161918233945e+03	2.548318892674420466e-01	1.596180933838059202e-01	2.520651754599824712e-01	1.533514569110086545e-01	7.338117395867885251e-02	3.021618095350135993e-02	7.653603006551855381e-02
1.177029492982330339e+03	2.546264757025414327e-01	1.594807505696700933e-01	2.522077332131553162e-01	1.534383010934963487e-01	7.341756580582500802e-02	3.023914830361412384e-02	7.659002531163552896e-02
1.178480824046426733e+03	2.544214097176611955e-01	1.593436402172641320e-01	2.523500439974049603e-01	1.535249906605725689e-01	7.345389647781840059e-02	3.026208717400108092e-02	7.664393175521548585e-02
1.179932155110523581e+03	2.542166907235219875e-01	1.592067619323409289e-01	2.524921082328231425e-01	1.536115259085509832e-01	7.349016607902414400e-02	3.028499758218199112e-02	7.669774954149465029e-02
1.181383486174620202e+03	2.540123181318476031e-01	1.590701153213236740e-01	2.526339263387888945e-01	1.536979071331143476e-01	7.352637471363548949e-02	3.030787954574063262e-02	7.675147881548712026e-02
1.182834817238716823e+03	2.538082913553635911e-01	1.589336999913047721e-01	2.527754987339698167e-01	1.537841346293159772e-01	7.356252248567411722e-02	3.033073308232442020e-02	7.680511972198504622e-02
1.184286148302813444e+03	2.536046098077952005e-01	1.587975155500447044e-01	2.529168258363231336e-01	1.538702086915814393e-01	7.359860949899030280e-02	3.035355820964400625e-02	7.685867240555893654e-02
1.185737479366910065e+03	2.534012729038659928e-01	1.586615616059708633e-01	2.530579080630968591e-01	1.539561296137100244e-01	7.363463585726322258e-02	3.037635494547292342e-02	7.691213701055781005e-02
1.187188810431006686e+03	2.531982800592957328e-01	1.585258377681764974e-01	2.531987458308311845e-01	1.540418976888764391e-01	7.367060166400109245e-02	3.039912330764719256e-02	7.696551368110948754e-02
1.188640141495103080e+03	2.529956306907989450e-01	1.583903436464194903e-01	2.533393395553597549e-01	1.541275132096322498e-01	7.370650702254148701e-02	3.042186331406494110e-02	7.701880256112077217e-02
1.190091472559199701e+03	2.527933242160831373e-01	1.582550788511213335e-01	2.534796896518104470e-01	1.542129764679075477e-01	7.374235203605149225e-02	3.044457498268603526e-02	7.707200379427767145e-02
1.191542803623296322e+03	2.525913600538468584e-01	1.581200429933659890e-01	2.536197965346070338e-01	1.542982877550124199e-01	7.377813680752795533e-02	3.046725833153169152e-02	7.712511752404568877e-02
1.192994134687392716e+03	2.523897376237784762e-01	1.579852356848987505e-01	2.537596606174700731e-01	1.543834473616385039e-01	7.381386143979774828e-02	3.048991337868411575e-02	7.717814389366997596e-02
1.194445465751489564e+03	2.521884563465539020e-01	1.578506565381251059e-01	2.538992823134182397e-01	1.544684555778606527e-01	7.384952603551796224e-02	3.051254014228612157e-02	7.723108304617563868e-02
1.195896796815585958e+03	2.519875156438351471e-01	1.577163051661096271e-01	2.540386620347696023e-01	1.545533126931383783e-01	7.388513069717612958e-02	3.053513864054076613e-02	7.728393512436790291e-02
1.197348127879682352e+03	2.517869149382687133e-01	1.575821811825749152e-01	2.541778001931425668e-01	1.546380189963173779e-01	7.392067552709047362e-02	3.055770889171096835e-02	7.733670027083237863e-02
1.198799458943779200e+03	2.515866536534837605e-01	1.574482842019005180e-01	2.543166971994573200e-01	1.547225747756311443e-01	7.395616062741013075e-02	3.058025091411914823e-02	7.738937862793532352e-02
1.200250790007875821e+03	2.513867312140903865e-01	1.573146138391216531e-01	2.544553534639368841e-01	1.548069803187024085e-01	7.399158610011538628e-02	3.060276472614686591e-02	7.744197033782378170e-02
1.201702121071972442e+03	2.511871470456779609e-01	1.571811697099281813e-01	2.545937693961082271e-01	1.548912359125447225e-01	7.402695204701785492e-02	3.062525034623443665e-02	7.749447554242593073e-02
1.203153452136069063e+03	2.509879005748134606e-01	1.570479514306636348e-01	2.547319454048037057e-01	1.549753418435639296e-01	7.406225856976078603e-02	3.064770779288058036e-02	7.754689438345124808e-02
1.204604783200165684e+03	2.507889912290397483e-01	1.569149586183238854e-01	2.548698818981619540e-01	1.550592983975597194e-01	7.409750576981923020e-02	3.067013708464205041e-02	7.759922700239076099e-02
1.206056114264262078e+03	2.505904184368739074e-01	1.567821908905562001e-01	2.550075792836292710e-01	1.551431058597271262e-01	7.413269374850028903e-02	3.069253824013327622e-02	7.765147354051731010e-02
1.207507445328358699e+03	2.503921816278055212e-01	1.566496478656580760e-01	2.551450379679605640e-01	1.552267645146580277e-01	7.416782260694335105e-02	3.071491127802600252e-02	7.770363413888571602e-02
1.208958776392455093e+03	2.501942802322950632e-01	1.565173291625761576e-01	2.552822583572210147e-01	1.553102746463426720e-01	7.420289244612029989e-02	3.073725621704892497e-02	7.775570893833308461e-02
1.210410107456551941e+03	2.499967136817721758e-01	1.563852344009051820e-01	2.554192408567866335e-01	1.553936365381710927e-01	7.423790336683577795e-02	3.075957307598733287e-02	7.780769807947905681e-02
1.211861438520648335e+03	2.497994814086339221e-01	1.562533632008867301e-01	2.555559858713457588e-01	1.554768504729346912e-01	7.427285546972735297e-02	3.078186187368275178e-02	7.785960170272596126e-02
1.213312769584745183e+03	2.496025828462433427e-01	1.561217151834082828e-01	2.556924938049003337e-01	1.555599167328276800e-01	7.430774885526579554e-02	3.080412262903258966e-02	7.791141994825913353e-02
1.214764100648841804e+03	2.494060174289275400e-01	1.559902899700021106e-01	2.558287650607667940e-01	1.556428355994485535e-01	7.434258362375530116e-02	3.082635536098977946e-02	7.796315295604711038e-02
1.216215431712937971e+03	2.492097845919760690e-01	1.558590871828440805e-01	2.559648000415774005e-01	1.557256073538015595e-01	7.437735987533371229e-02	3.084856008856243226e-02	7.801480086584193507e-02
1.217666762777034819e+03	2.490138837716394382e-01	1.557281064447526842e-01	2.561005991492813494e-01	1.558082322762982530e-01	7.441207770997271265e-02	3.087073683081347289e-02	7.806636381717929618e-02
1.219118093841131440e+03	2.488183144051272777e-01	1.555973473791878725e-01	2.562361627851459378e-01	1.558907106467588288e-01	7.444673722747810474e-02	3.089288560686030347e-02	7.811784194937886061e-02
1.220569424905228061e+03	2.486230759306067573e-01	1.554668096102500285e-01	2.563714913497577852e-01	1.559730427444136758e-01	7.448133852749003192e-02	3.091500643587444253e-02	7.816923540154445404e-02
1.222020755969324682e+03	2.484281677872009209e-01	1.553364927626787739e-01	2.565065852430239435e-01	1.560552288479048200e-01	7.451588170948315881e-02	3.093709933708118157e-02	7.822054431256435236e-02
1.223472087033421303e+03	2.482335894149870215e-01	1.552063964618520531e-01	2.566414448641729518e-01	1.561372692352873681e-01	7.455036687276697660e-02	3.095916432975923810e-02	7.827176882111148981e-02
1.224923418097517697e+03	2.480393402549949666e-01	1.550765203337848563e-01	2.567760706117562242e-01	1.562191641840309786e-01	7.458479411648592794e-02	3.098120143324040870e-02	7.832290906564373656e-02
1.226374749161614318e+03	2.478454197492054867e-01	1.549468640051282764e-01	2.569104628836490489e-01	1.563009139710212492e-01	7.461916353961972614e-02	3.100321066690922556e-02	7.837396518440407911e-02
1.227826080225710712e+03	2.476518273405487469e-01	1.548174271031683702e-01	2.570446220770516432e-01	1.563825188725611881e-01	7.465347524098354948e-02	3.102519205020260948e-02	7.842493731542092561e-02
1.229277411289807560e+03	2.474585624729024880e-01	1.546882092558251043e-01	2.571785485884905964e-01	1.564639791643727407e-01	7.468772931922824931e-02	3.104714560260953687e-02	7.847582559650835565e-02
1.230728742353903954e+03	2.472656245910905271e-01	1.545592100916513001e-01	2.573122428138195916e-01	1.565452951215980104e-01	7.472192587284059995e-02	3.106907134367069279e-02	7.852663016526631456e-02
1.232180073418000802e+03	2.470730131408811481e-01	1.544304292398314959e-01	2.574457051482209047e-01	1.566264670188008967e-01	7.475606500014353450e-02	3.109096929297812395e-02	7.857735115908087709e-02
1.233631404482097196e+03	2.468807275689852976e-01	1.543018663301808924e-01	2.575789359862065142e-01	1.567074951299684271e-01	7.479014679929632536e-02	3.111283947017491613e-02	7.862798871512456655e-02
1.235082735546193817e+03	2.466887673230551969e-01	1.541735209931443251e-01	2.577119357216191564e-01	1.567883797285120895e-01	7.482417136829486171e-02	3.113468189495484720e-02	7.867854297035645206e-02
1.236534066610290438e+03	2.464971318516825660e-01	1.540453928597951827e-01	2.578447047476332687e-01	1.568691210872694697e-01	7.485813880497185768e-02	3.115649658706205749e-02	7.872901406152253700e-02
1.237985397674387059e+03	2.463058206043970133e-01	1.539174815618342962e-01	2.579772434567565442e-01	1.569497194785053895e-01	7.489204920699706058e-02	3.117828356629070638e-02	7.877940212515595342e-02
1.239436728738483680e+03	2.461148330316645094e-01	1.537897867315889122e-01	2.581095522408306531e-01	1.570301751739135165e-01	7.492590267187751452e-02	3.120004285248464612e-02	7.882970729757718398e-02
1.240888059802580301e+03	2.459241685848856940e-01	1.536623080020115550e-01	2.582416314910327415e-01	1.571104884446176964e-01	7.495969929695779632e-02	3.122177446553709226e-02	7.887992971489435345e-02
1.242339390866676695e+03	2.457338267163943490e-01	1.535350450066791106e-01	2.583734815978762644e-01	1.571906595611733126e-01	7.499343917942015436e-02	3.124347842539028711e-02	7.893006951300345075e-02
1.243790721930773088e+03	2.455438068794556505e-01	1.534079973797916330e-01	2.585051029512122067e-01	1.572706887935687581e-01	7.502712241628484158e-02	3.126515475203516664e-02	7.898012682758860648e-02
1.245242052994869937e+03	2.453541085282647805e-01	1.532811647561713453e-01	2.586364959402304153e-01	1.573505764112267391e-01	7.506074910441026815e-02	3.128680346551104136e-02	7.903010179412231495e-02
1.246693384058966330e+03	2.451647311179451227e-01	1.531545467712615571e-01	2.587676609534602656e-01	1.574303226830057190e-01	7.509431934049326518e-02	3.130842458590526317e-02	7.907999454786567017e-02
1.248144715123063179e+03	2.449756741045467645e-01	1.530281430611255822e-01	2.588985983787723821e-01	1.575099278772012501e-01	7.512783322106930672e-02	3.133001813335290625e-02	7.912980522386867110e-02
1.249596046187159800e+03	2.447869369450449417e-01	1.529019532624457667e-01	2.590293086033791936e-01	1.575893922615473897e-01	7.516129084251270409e-02	3.135158412803643740e-02	7.917953395697042984e-02
1.251047377251256421e+03	2.445985190973383461e-01	1.527759770125223793e-01	2.591597920138363764e-01	1.576687161032180873e-01	7.519469230103691115e-02	3.137312259018538302e-02	7.922918088179942142e-02
1.252498708315352815e+03	2.444104200202476540e-01	1.526502139492725840e-01	2.592900489960438537e-01	1.577478996688284341e-01	7.522803769269464924e-02	3.139463354007602375e-02	7.927874613277374749e-02
1.253950039379449436e+03	2.442226391735138058e-01	1.525246637112292469e-01	2.594200799352470721e-01	1.578269432244361337e-01	7.526132711337819858e-02	3.141611699803106839e-02	7.932822984410141387e-02
1.255401370443546057e+03	2.440351760177965346e-01	1.523993259375402143e-01	2.595498852160378345e-01	1.579058470355428623e-01	7.529456065881962035e-02	3.143757298441933468e-02	7.937763214978055260e-02
1.256852701507642678e+03	2.438480300146727286e-01	1.522742002679669249e-01	2.596794652223555766e-01	1.579846113670956287e-01	7.532773842459096481e-02	3.145900151965542318e-02	7.942695318359965784e-02
1.258304032571739299e+03	2.436612006266349606e-01	1.521492863428835496e-01	2.598088203374885885e-01	1.580632364834879955e-01	7.536086050610449338e-02	3.148040262419940505e-02	7.947619307913787734e-02
1.259755363635835920e+03	2.434746873170897385e-01	1.520245838032758534e-01	2.599379509440749580e-01	1.581417226485616057e-01	7.539392699861294234e-02	3.150177631855649585e-02	7.952535196976523446e-02
1.261206694699932314e+03	2.432884895503561185e-01	1.519000922907403073e-01	2.600668574241036257e-01	1.582200701256074316e-01	7.542693799720967540e-02	3.152312262327676418e-02	7.957442998864290573e-02
1.262658025764028707e+03	2.431026067916639832e-01	1.517758114474828668e-01	2.601955401589156058e-01	1.582982791773670517e-01	7.545989359682900299e-02	3.154444155895479857e-02	7.962342726872348453e-02
1.264109356828125556e+03	2.429170385071526272e-01	1.516517409163180563e-01	2.603239995292051523e-01	1.583763500660341494e-01	7.549279389224632097e-02	3.156573314622940912e-02	7.967234394275117537e-02
1.265560687892221949e+03	2.427317841638689799e-01	1.515278803406678310e-01	2.604522359150205912e-01	1.584542830532556235e-01	7.552563897807840210e-02	3.158699740578328058e-02	7.972118014326211310e-02
1.267012018956318798e+03	2.425468432297663290e-01	1.514042293645606330e-01	2.605802496957657644e-01	1.585320784001331695e-01	7.555842894878357641e-02	3.160823435834271555e-02	7.976993600258458494e-02
1.268463350020415419e+03	2.423622151737025721e-01	1.512807876326303647e-01	2.607080412502009170e-01	1.586097363672243632e-01	7.559116389866199492e-02	3.162944402467727373e-02	7.981861165283929416e-02
1.269914681084511813e+03	2.421778994654386341e-01	1.511575547901152505e-01	2.608356109564437531e-01	1.586872572145441584e-01	7.562384392185583781e-02	3.165062642559951511e-02	7.986720722593962374e-02
1.271366012148608434e+03	2.419938955756371357e-01	1.510345304828569213e-01	2.609629591919706004e-01	1.587646412015660535e-01	7.565646911234952254e-02	3.167178158196463922e-02	7.991572285359185845e-02
1.272817343212705055e+03	2.418102029758605886e-01	1.509117143572993314e-01	2.610900863336175770e-01	1.588418885872235342e-01	7.568903956396995369e-02	3.169290951467022832e-02	7.996415866729551791e-02
1.274268674276801676e+03	2.416268211385700360e-01	1.507891060604877043e-01	2.612169927575814787e-01	1.589189996299112950e-01	7.572155537038673112e-02	3.171401024465590052e-02	8.001251479834346758e-02
1.275720005340898297e+03	2.414437495371234421e-01	1.506667052400675610e-01	2.613436788394212229e-01	1.589959745874865438e-01	7.575401662511238587e-02	3.173508379290304604e-02	8.006079137782234900e-02
1.277171336404994690e+03	2.412609876457741109e-01	1.505445115442837212e-01	2.614701449540585143e-01	1.590728137172703338e-01	7.578642342150263000e-02	3.175613018043448726e-02	8.010898853661271857e-02
1.278622667469091539e+03	2.410785349396692423e-01	1.504225246219792200e-01	2.615963914757790665e-01	1.591495172760488686e-01	7.581877585275650921e-02	3.177714942831420808e-02	8.015710640538935283e-02
1.280073998533187932e+03	2.408963908948483501e-01	1.503007441225942264e-01	2.617224187782339340e-01	1.592260855200747505e-01	7.585107401191669430e-02	3.179814155764703471e-02	8.020514511462148444e-02
1.281525329597284326e+03	2.407145549882417079e-01	1.501791696961652656e-01	2.618482272344401784e-01	1.593025187050682856e-01	7.588331799186968929e-02	3.181910658957835120e-02	8.025310479457303803e-02
1.282976660661381175e+03	2.405330266976689058e-01	1.500578009933238866e-01	2.619738172167822010e-01	1.593788170862187048e-01	7.591550788534606742e-02	3.184004454529379413e-02	8.030098557530294945e-02
1.284427991725477568e+03	2.403518055018371846e-01	1.499366376652958854e-01	2.620991890970127969e-01	1.594549809181856070e-01	7.594764378492063761e-02	3.186095544601894730e-02	8.034878758666538778e-02
1.285879322789574417e+03	2.401708908803400766e-01	1.498156793639001672e-01	2.622243432462543211e-01	1.595310104551000419e-01	7.597972578301274982e-02	3.188183931301905027e-02	8.039651095831001903e-02
1.287330653853671038e+03	2.399902823136557950e-01	1.496949257415478296e-01	2.623492800349994658e-01	1.596069059505659249e-01	7.601175397188647542e-02	3.190269616759873472e-02	8.044415581968224205e-02
1.288781984917767431e+03	2.398099792831457078e-01	1.495743764512410812e-01	2.624739998331125368e-01	1.596826676576612036e-01	7.604372844365082929e-02	3.192352603110168441e-02	8.049172230002345219e-02
1.290233315981864052e+03	2.396299812710528387e-01	1.494540311465722415e-01	2.625985030098305084e-01	1.597582958289391897e-01	7.607564929026000566e-02	3.194432892491037845e-02	8.053921052837133276e-02
