1.001418434226643626e+03	2.822458273122188666e-01	1.777022793536392198e-01	2.330894848818683696e-01	1.417297558124439583e-01	6.855594171776867307e-02	2.730150628872982793e-02	6.937520463327231934e-02
1.002869765290740247e+03	2.819938502179172857e-01	1.775342108996451340e-01	2.332650087284819651e-01	1.418373962850544845e-01	6.860043708510081550e-02	2.732818078561932360e-02	6.944091599812217408e-02
1.004321096354836754e+03	2.817422999700504027e-01	1.773664272093208594e-01	2.334402293304566056e-01	1.419448414255962687e-01	6.864485740749468046e-02	2.735482489863125602e-02	6.950651975839117203e-02
1.005772427418933376e+03	2.814911758433088496e-01	1.771989277994528433e-01	2.336151472037431009e-01	1.420520916216365392e-01	6.868920281272644646e-02	2.738143863267345282e-02	6.957201608640005419e-02
1.007223758483029997e+03	2.812404771136348680e-01	1.770317121876392730e-01	2.337897628634153513e-01	1.421591472598628947e-01	6.873347342836536034e-02	2.740802199279396278e-02	6.963740515422962851e-02
1.008675089547126618e+03	2.809902030582198118e-01	1.768647798922890479e-01	2.339640768236717350e-01	1.422660087260857464e-01	6.877766938177387601e-02	2.743457498418038973e-02	6.970268713372075597e-02
1.010126420611223239e+03	2.807403529555017041e-01	1.766981304326204760e-01	2.341380895978367738e-01	1.423726764052407334e-01	6.882179080010801531e-02	2.746109761215918821e-02	6.976786219647440612e-02
1.011577751675319632e+03	2.804909260851627950e-01	1.765317633286604404e-01	2.343118016983624929e-01	1.424791506813911923e-01	6.886583781031760387e-02	2.748758988219501473e-02	6.983293051385174033e-02
1.013029082739416367e+03	2.802419217281269526e-01	1.763656781012431229e-01	2.344852136368300033e-01	1.425854319377305723e-01	6.890981053914654875e-02	2.751405179989003733e-02	6.989789225697412567e-02
1.014480413803512761e+03	2.799933391665572202e-01	1.761998742720089217e-01	2.346583259239508612e-01	1.426915205565848221e-01	6.895370911313312978e-02	2.754048337098324861e-02	6.996274759672317656e-02
1.015931744867609382e+03	2.797451776838534854e-01	1.760343513634033408e-01	2.348311390695687617e-01	1.427974169194148879e-01	6.899753365861022170e-02	2.756688460134982047e-02	7.002749670374086577e-02
1.017383075931706003e+03	2.794974365646499814e-01	1.758691088986759354e-01	2.350036535826608708e-01	1.429031214068189337e-01	6.904128430170564101e-02	2.759325549700041014e-02	7.009213974842952444e-02
1.018834406995802851e+03	2.792501150948131228e-01	1.757041464018790911e-01	2.351758699713394352e-01	1.430086343985349229e-01	6.908496116834231260e-02	2.761959606408051146e-02	7.015667690095191145e-02
1.020285738059899245e+03	2.790032125614385072e-01	1.755394633978669960e-01	2.353477887428531701e-01	1.431139562734428383e-01	6.912856438423864436e-02	2.764590630886977138e-02	7.022110833123133833e-02
1.021737069123995752e+03	2.787567282528491397e-01	1.753750594122945039e-01	2.355194104035887859e-01	1.432190874095671529e-01	6.917209407490873541e-02	2.767218623778134115e-02	7.028543420895164151e-02
1.023188400188092373e+03	2.785106614585926565e-01	1.752109339716158010e-01	2.356907354590724313e-01	1.433240281840791885e-01	6.921555036566263974e-02	2.769843585736120675e-02	7.034965470355733497e-02
1.024639731252188767e+03	2.782650114694392163e-01	1.750470866030836015e-01	2.358617644139712199e-01	1.434287789732994201e-01	6.925893338160667156e-02	2.772465517428753315e-02	7.041376998425363798e-02
1.026091062316285615e+03	2.780197775773788349e-01	1.748835168347477043e-01	2.360324977720946737e-01	1.435333401526998065e-01	6.930224324764364119e-02	2.775084419537000510e-02	7.047778022000657228e-02
1.027542393380382237e+03	2.777749590756194431e-01	1.747202241954540491e-01	2.362029360363962216e-01	1.436377120969062338e-01	6.934548008847314648e-02	2.777700292754917838e-02	7.054168557954304530e-02
1.028993724444478858e+03	2.775305552585839997e-01	1.745572082148434956e-01	2.363730797089745872e-01	1.437418951797006794e-01	6.938864402859179492e-02	2.780313137789582056e-02	7.060548623135090573e-02
1.030445055508575479e+03	2.772865654219087150e-01	1.743944684233505737e-01	2.365429292910753989e-01	1.438458897740237108e-01	6.943173519229350887e-02	2.782922955361025880e-02	7.066918234367905449e-02
1.031896386572671872e+03	2.770429888624403869e-01	1.742320043522025685e-01	2.367124852830925219e-01	1.439496962519767054e-01	6.947475370366978931e-02	2.785529746202173793e-02	7.073277408453751414e-02
1.033347717636768493e+03	2.767998248782340687e-01	1.740698155334181318e-01	2.368817481845695849e-01	1.440533149848240990e-01	6.951769968660996557e-02	2.788133511058777519e-02	7.079626162169752601e-02
1.034799048700865114e+03	2.765570727685510710e-01	1.739079014998062556e-01	2.370507184942013956e-01	1.441567463429957729e-01	6.956057326480147296e-02	2.790734250689350798e-02	7.085964512269166127e-02
1.036250379764961508e+03	2.763147318338563529e-01	1.737462617849650226e-01	2.372193967098354395e-01	1.442599906960893297e-01	6.960337456173010251e-02	2.793331965865106237e-02	7.092292475481389025e-02
1.037701710829058356e+03	2.760728013758163013e-01	1.735848959232804967e-01	2.373877833284732675e-01	1.443630484128723135e-01	6.964610370068025080e-02	2.795926657369890087e-02	7.098610068511969351e-02
1.039153041893154750e+03	2.758312806972965658e-01	1.734238034499255288e-01	2.375558788462719950e-01	1.444659198612844864e-01	6.968876080473522527e-02	2.798518326000119447e-02	7.104917308042615898e-02
1.040604372957251599e+03	2.755901691023597277e-01	1.732629839008586192e-01	2.377236837585458007e-01	1.445686054084402150e-01	6.973134599677748013e-02	2.801106972564718425e-02	7.111214210731206520e-02
1.042055704021347992e+03	2.753494658962630792e-01	1.731024368128227242e-01	2.378911985597672585e-01	1.446711054206305802e-01	6.977385939948885230e-02	2.803692597885054649e-02	7.117500793211802013e-02
1.043507035085444613e+03	2.751091703854562365e-01	1.729421617233440622e-01	2.380584237435688644e-01	1.447734202633256251e-01	6.981630113535090831e-02	2.806275202794876814e-02	7.123777072094657214e-02
1.044958366149541234e+03	2.748692818775790858e-01	1.727821581707309206e-01	2.382253598027444241e-01	1.448755503011767143e-01	6.985867132664509704e-02	2.808854788140250497e-02	7.130043063966230721e-02
1.046409697213637855e+03	2.746297996814593412e-01	1.726224256940726010e-01	2.383920072292504688e-01	1.449774958980186434e-01	6.990097009545308271e-02	2.811431354779496405e-02	7.136298785389190436e-02
1.047861028277734476e+03	2.743907231071105457e-01	1.724629638332380865e-01	2.385583665142077814e-01	1.450792574168719429e-01	6.994319756365700858e-02	2.814004903583127923e-02	7.142544252902437163e-02
1.049312359341831097e+03	2.741520514657296848e-01	1.723037721288749047e-01	2.387244381479027566e-01	1.451808352199449870e-01	6.998535385293969124e-02	2.816575435433788313e-02	7.148779483021104608e-02
1.050763690405927491e+03	2.739137840696951320e-01	1.721448501224079608e-01	2.388902226197888445e-01	1.452822296686363812e-01	7.002743908478496759e-02	2.819142951226188618e-02	7.155004492236577418e-02
1.052215021470024112e+03	2.736759202325641516e-01	1.719861973560384005e-01	2.390557204184879658e-01	1.453834411235369606e-01	7.006945338047790295e-02	2.821707451867046940e-02	7.161219297016503671e-02
1.053666352534120733e+03	2.734384592690711768e-01	1.718278133727423329e-01	2.392209320317918997e-01	1.454844699444321210e-01	7.011139686110504088e-02	2.824268938275024954e-02	7.167423913804805979e-02
1.055117683598217127e+03	2.732014004951251462e-01	1.716696977162697202e-01	2.393858579466638381e-01	1.455853164903038732e-01	7.015326964755468075e-02	2.826827411380667884e-02	7.173618359021692592e-02
1.056569014662313975e+03	2.729647432278075603e-01	1.715118499311431011e-01	2.395504986492396904e-01	1.456859811193332022e-01	7.019507186051714143e-02	2.829382872126342749e-02	7.179802649063669884e-02
1.058020345726410369e+03	2.727284867853704831e-01	1.713542695626564250e-01	2.397148546248294709e-01	1.457864641889020652e-01	7.023680362048503878e-02	2.831935321466177297e-02	7.185976800303561784e-02
1.059471676790506763e+03	2.724926304872338778e-01	1.711969561568739140e-01	2.398789263579188258e-01	1.458867660555956125e-01	7.027846504775350778e-02	2.834484760365999639e-02	7.192140829090516718e-02
1.060923007854603611e+03	2.722571736539839415e-01	1.710399092606288418e-01	2.400427143321703094e-01	1.459868870752043246e-01	7.032005626242048002e-02	2.837031189803276843e-02	7.198294751750018705e-02
1.062374338918700232e+03	2.720221156073707736e-01	1.708831284215223401e-01	2.402062190304249389e-01	1.460868276027262602e-01	7.036157738438691966e-02	2.839574610767054905e-02	7.204438584583908178e-02
1.063825669982796853e+03	2.717874556703061550e-01	1.707266131879221216e-01	2.403694409347034711e-01	1.461865879923690548e-01	7.040302853335710098e-02	2.842115024257898734e-02	7.210572343870395862e-02
1.065277001046893474e+03	2.715531931668616061e-01	1.705703631089614536e-01	2.405323805262078729e-01	1.462861685975520853e-01	7.044440982883888591e-02	2.844652431287832128e-02	7.216696045864065545e-02
1.066728332110990095e+03	2.713193274222659435e-01	1.704143777345378252e-01	2.406950382853226544e-01	1.463855697709086356e-01	7.048572139014394611e-02	2.847186832880278101e-02	7.222809706795903228e-02
1.068179663175086489e+03	2.710858577629036148e-01	1.702586566153117820e-01	2.408574146916163949e-01	1.464847918642880054e-01	7.052696333638801274e-02	2.849718230069998165e-02	7.228913342873302672e-02
1.069630994239183110e+03	2.708527835163122011e-01	1.701031993027056766e-01	2.410195102238430198e-01	1.465838352287575919e-01	7.056813578649118179e-02	2.852246623903034392e-02	7.235006970280083438e-02
1.071082325303279504e+03	2.706201040111803069e-01	1.699480053489026421e-01	2.411813253599432716e-01	1.466827002146049719e-01	7.060923885917813614e-02	2.854772015436650434e-02	7.241090605176499218e-02
1.072533656367376352e+03	2.703878185773458953e-01	1.697930743068451764e-01	2.413428605770459867e-01	1.467813871713400664e-01	7.065027267297838143e-02	2.857294405739271154e-02	7.247164263699261422e-02
1.073984987431472746e+03	2.701559265457935677e-01	1.696384057302341153e-01	2.415041163514695943e-01	1.468798964476971947e-01	7.069123734622657917e-02	2.859813795890424337e-02	7.253227961961551673e-02
1.075436318495569594e+03	2.699244272486531204e-01	1.694839991735272722e-01	2.416650931587234208e-01	1.469782283916371002e-01	7.073213299706272716e-02	2.862330186980682756e-02	7.259281716053034295e-02
1.076887649559666215e+03	2.696933200191968805e-01	1.693298541919384115e-01	2.418257914735091885e-01	1.470763833503490881e-01	7.077295974343242313e-02	2.864843580111605531e-02	7.265325542039875739e-02
1.078338980623762609e+03	2.694626041918380954e-01	1.691759703414359162e-01	2.419862117697222648e-01	1.471743616702530233e-01	7.081371770308718394e-02	2.867353976395679155e-02	7.271359455964757079e-02
1.079790311687859230e+03	2.692322791021285466e-01	1.690223471787415666e-01	2.421463545204531054e-01	1.472721636970015235e-01	7.085440699358462602e-02	2.869861376956260590e-02	7.277383473846890660e-02
1.081241642751955851e+03	2.690023440867564952e-01	1.688689842613295133e-01	2.423062201979886143e-01	1.473697897754818464e-01	7.089502773228875676e-02	2.872365782927520025e-02	7.283397611682038142e-02
1.082692973816052472e+03	2.687727984835450723e-01	1.687158811474248898e-01	2.424658092738135318e-01	1.474672402498180823e-01	7.093558003637022435e-02	2.874867195454381547e-02	7.289401885442524376e-02
1.084144304880149093e+03	2.685436416314495589e-01	1.685630373960027295e-01	2.426251222186117662e-01	1.475645154633729861e-01	7.097606402280656757e-02	2.877365615692466932e-02	7.295396311077255447e-02
1.085595635944245487e+03	2.683148728705558872e-01	1.684104525667866337e-01	2.427841595022678378e-01	1.476616157587502531e-01	7.101647980838250718e-02	2.879861044808038062e-02	7.301380904511732550e-02
1.087046967008342108e+03	2.680864915420783090e-01	1.682581262202477446e-01	2.429429215938681275e-01	1.477585414777963790e-01	7.105682750969014028e-02	2.882353483977941055e-02	7.307355681648072809e-02
1.088498298072438729e+03	2.678584969883574529e-01	1.681060579176034409e-01	2.431014089617023477e-01	1.478552929616026856e-01	7.109710724312924557e-02	2.884842934389547989e-02	7.313320658365021765e-02
1.089949629136535123e+03	2.676308885528583259e-01	1.679542472208160886e-01	2.432596220732648473e-01	1.479518705505074028e-01	7.113731912490750542e-02	2.887329397240701034e-02	7.319275850517972803e-02
1.091400960200631971e+03	2.674036655801682594e-01	1.678026936925919033e-01	2.434175613952559714e-01	1.480482745840976389e-01	7.117746327104078341e-02	2.889812873739656604e-02	7.325221273938985200e-02
1.092852291264728365e+03	2.671768274159947443e-01	1.676513968963797840e-01	2.435752273935834766e-01	1.481445054012113516e-01	7.121753979735337414e-02	2.892293365105028449e-02	7.331156944436799383e-02
1.094303622328825213e+03	2.669503734071637657e-01	1.675003563963700370e-01	2.437326205333637807e-01	1.482405633399393186e-01	7.125754881947823915e-02	2.894770872565732150e-02	7.337082877796856362e-02
1.095754953392921607e+03	2.667243029016175271e-01	1.673495717574932373e-01	2.438897412789233776e-01	1.483364487376272467e-01	7.129749045285728448e-02	2.897245397360928912e-02	7.342999089781311606e-02
1.097206284457018228e+03	2.664986152484125070e-01	1.671990425454189522e-01	2.440465900938001420e-01	1.484321619308775486e-01	7.133736481274161045e-02	2.899716940739971091e-02	7.348905596129057249e-02
1.098657615521114849e+03	2.662733097977175722e-01	1.670487683265546586e-01	2.442031674407447728e-01	1.485277032555514798e-01	7.137717201419176150e-02	2.902185503962344953e-02	7.354802412555738744e-02
1.100108946585211470e+03	2.660483859008117569e-01	1.668987486680444388e-01	2.443594737817220419e-01	1.486230730467709982e-01	7.141691217207796205e-02	2.904651088297617936e-02	7.360689554753770125e-02
1.101560277649308091e+03	2.658238429100825972e-01	1.667489831377677589e-01	2.445155095779121823e-01	1.487182716389207626e-01	7.145658540108040802e-02	2.907113695025381056e-02	7.366567038392356215e-02
1.103011608713404712e+03	2.655996801790238560e-01	1.665994713043384146e-01	2.446712752897121645e-01	1.488132993656501313e-01	7.149619181568950266e-02	2.909573325435196520e-02	7.372434879117506501e-02
1.104462939777501106e+03	2.653758970622337454e-01	1.664502127371032258e-01	2.448267713767370846e-01	1.489081565598749657e-01	7.153573153020609254e-02	2.912029980826542214e-02	7.378293092552058730e-02
1.105914270841597499e+03	2.651524929154128185e-01	1.663012070061408165e-01	2.449819982978215516e-01	1.490028435537796569e-01	7.157520465874174509e-02	2.914483662508756540e-02	7.384141694295694169e-02
1.107365601905694348e+03	2.649294670953621922e-01	1.661524536822604758e-01	2.451369565110208815e-01	1.490973606788190964e-01	7.161461131521899837e-02	2.916934371800984985e-02	7.389980699924957042e-02
1.108816932969790741e+03	2.647068189599813826e-01	1.660039523370010206e-01	2.452916464736125401e-01	1.491917082657204796e-01	7.165395161337161090e-02	2.919382110032126346e-02	7.395810124993271173e-02
1.110268264033887590e+03	2.644845478682666395e-01	1.658557025426293519e-01	2.454460686420974480e-01	1.492858866444853605e-01	7.169322566674481145e-02	2.921826878540778605e-02	7.401629985030962200e-02
1.111719595097984211e+03	2.642626531803085044e-01	1.657077038721395945e-01	2.456002234722012012e-01	1.493798961443914275e-01	7.173243358869556274e-02	2.924268678675185501e-02	7.407440295545278386e-02
1.113170926162080832e+03	2.640411342572904219e-01	1.655599558992516540e-01	2.457541114188756537e-01	1.494737370939945020e-01	7.177157549239278345e-02	2.926707511793182753e-02	7.413241072020405886e-02
1.114622257226177226e+03	2.638199904614864644e-01	1.654124581984101894e-01	2.459077329362999165e-01	1.495674098211303427e-01	7.181065149081768129e-02	2.929143379262145672e-02	7.419032329917486790e-02
1.116073588290273847e+03	2.635992211562595555e-01	1.652652103447832532e-01	2.460610884778818286e-01	1.496609146529166434e-01	7.184966169676389180e-02	2.931576282458934687e-02	7.424814084674641324e-02
1.117524919354370468e+03	2.633788257060593607e-01	1.651182119142612370e-01	2.462141784962593449e-01	1.497542519157548380e-01	7.188860622283783919e-02	2.934006222769844352e-02	7.430586351706988668e-02
1.118976250418467089e+03	2.631588034764205664e-01	1.649714624834555943e-01	2.463670034433017020e-01	1.498474219353320425e-01	7.192748518145891667e-02	2.936433201590548867e-02	7.436349146406666388e-02
1.120427581482563710e+03	2.629391538339608814e-01	1.648249616296977027e-01	2.465195637701108333e-01	1.499404250366228042e-01	7.196629868485976411e-02	2.938857220326051081e-02	7.442102484142844310e-02
1.121878912546660331e+03	2.627198761463790389e-01	1.646787089310376706e-01	2.466718599270226742e-01	1.500332615438911554e-01	7.200504684508650388e-02	2.941278280390629413e-02	7.447846380261755050e-02
1.123330243610756725e+03	2.625009697824530752e-01	1.645327039662431712e-01	2.468238923636083826e-01	1.501259317806923066e-01	7.204372977399906008e-02	2.943696383207786496e-02	7.453580850086703735e-02
1.124781574674853118e+03	2.622824341120383318e-01	1.643869463147981103e-01	2.469756615286757273e-01	1.502184360698745891e-01	7.208234758327131120e-02	2.946111530210196103e-02	7.459305908918091588e-02
1.126232905738949967e+03	2.620642685060654564e-01	1.642414355569016549e-01	2.471271678702703090e-01	1.503107747335812039e-01	7.212090038439139539e-02	2.948523722839652833e-02	7.465021572033440911e-02
1.127684236803046360e+03	2.618464723365385161e-01	1.640961712734669009e-01	2.472784118356769478e-01	1.504029480932522200e-01	7.215938828866202970e-02	2.950932962547019034e-02	7.470727854687410352e-02
1.129135567867143209e+03	2.616290449765334425e-01	1.639511530461197630e-01	2.474293938714209329e-01	1.504949564696262676e-01	7.219781140720060719e-02	2.953339250792175186e-02	7.476424772111815720e-02
1.130586898931239830e+03	2.614119858001957009e-01	1.638063804571977256e-01	2.475801144232693540e-01	1.505868001827423697e-01	7.223616985093958553e-02	2.955742589043967861e-02	7.482112339515650801e-02
1.132038229995336451e+03	2.611952941827386243e-01	1.636618530897486767e-01	2.477305739362323511e-01	1.506784795519419129e-01	7.227446373062666740e-02	2.958142978780158722e-02	7.487790572085113727e-02
1.133489561059432845e+03	2.609789695004415822e-01	1.635175705275297708e-01	2.478807728545643629e-01	1.507699948958702851e-01	7.231269315682510579e-02	2.960540421487373869e-02	7.493459484983615304e-02
1.134940892123529466e+03	2.607630111306478704e-01	1.633735323550062346e-01	2.480307116217655150e-01	1.508613465324788183e-01	7.235085823991387055e-02	2.962934918661053185e-02	7.499119093351810927e-02
1.136392223187626087e+03	2.605474184517631575e-01	1.632297381573501738e-01	2.481803906805828963e-01	1.509525347790264815e-01	7.238895909008802310e-02	2.965326471805400377e-02	7.504769412307618626e-02
1.137843554251722708e+03	2.603321908432533749e-01	1.630861875204393796e-01	2.483298104730117251e-01	1.510435599520817684e-01	7.242699581735888292e-02	2.967715082433332666e-02	7.510410456946239877e-02
1.139294885315819101e+03	2.601173276856431071e-01	1.629428800308561631e-01	2.484789714402967920e-01	1.511344223675244458e-01	7.246496853155426354e-02	2.970100752066429789e-02	7.516042242340177648e-02
1.140746216379915950e+03	2.599028283605134826e-01	1.627998152758862449e-01	2.486278740229335982e-01	1.512251223405473022e-01	7.250287734231879166e-02	2.972483482234885774e-02	7.521664783539261379e-02
1.142197547444012343e+03	2.596886922505002304e-01	1.626569928435174506e-01	2.487765186606697154e-01	1.513156601856580352e-01	7.254072235911412925e-02	2.974863274477457936e-02	7.527278095570669181e-02
1.143648878508108737e+03	2.594749187392923484e-01	1.625144123224386561e-01	2.489249057925060349e-01	1.514060362166809448e-01	7.257850369121920941e-02	2.977240130341418309e-02	7.532882193438945884e-02
1.145100209572205586e+03	2.592615072116297714e-01	1.623720733020385110e-01	2.490730358566980718e-01	1.514962507467587094e-01	7.261622144773051402e-02	2.979614051382503334e-02	7.538477092126026624e-02
1.146551540636302207e+03	2.590484570533015396e-01	1.622299753724044113e-01	2.492209092907571588e-01	1.515863040883542179e-01	7.265387573756230954e-02	2.981985039164865986e-02	7.544062806591257664e-02
1.148002871700398828e+03	2.588357676511443550e-01	1.620881181243211955e-01	2.493685265314517507e-01	1.516761965532521794e-01	7.269146666944691082e-02	2.984353095261025809e-02	7.549639351771417206e-02
1.149454202764495449e+03	2.586234383930404168e-01	1.619465011492700612e-01	2.495158880148087843e-01	1.517659284525610386e-01	7.272899435193490303e-02	2.986718221251821390e-02	7.555206742580740376e-02
1.150905533828591842e+03	2.584114686679157558e-01	1.618051240394273171e-01	2.496629941761147609e-01	1.518555000967146129e-01	7.276645889339544704e-02	2.989080418726360044e-02	7.560764993910937259e-02
1.152356864892688463e+03	2.581998578657381804e-01	1.616639863876632999e-01	2.498098454499171617e-01	1.519449117954738970e-01	7.280386040201648756e-02	2.991439689281970987e-02	7.566314120631217888e-02
1.153808195956785084e+03	2.579886053775157229e-01	1.615230877875411253e-01	2.499564422700255861e-01	1.520341638579287002e-01	7.284119898580501684e-02	2.993796034524156408e-02	7.571854137588314437e-02
1.155259527020881706e+03	2.577777105952946957e-01	1.613824278333156892e-01	2.501027850695131671e-01	1.521232565924995062e-01	7.287847475258732444e-02	2.996149456066543593e-02	7.577385059606497886e-02
1.156710858084978327e+03	2.575671729121579712e-01	1.612420061199323074e-01	2.502488742807176259e-01	1.522121903069391657e-01	7.291568781000927479e-02	2.998499955530837049e-02	7.582906901487608542e-02
1.158162189149074720e+03	2.573569917222229830e-01	1.611018222430256330e-01	2.503947103352427428e-01	1.523009653083344794e-01	7.295283826553650153e-02	3.000847534546770279e-02	7.588419678011072700e-02
1.159613520213171569e+03	2.571471664206401164e-01	1.609618757989185467e-01	2.505402936639594125e-01	1.523895819031080845e-01	7.298992622645472661e-02	3.003192194752059979e-02	7.593923403933923455e-02
1.161064851277267962e+03	2.569376964035908761e-01	1.608221663846209071e-01	2.506856246970069479e-01	1.524780403970200648e-01	7.302695179986994078e-02	3.005533937792356780e-02	7.599418093990831236e-02
1.162516182341364356e+03	2.567285810682859992e-01	1.606826935978285242e-01	2.508307038637945241e-01	1.525663410951696997e-01	7.306391509270873663e-02	3.007872765321199446e-02	7.604903762894119068e-02
1.163967513405461204e+03	2.565198198129636786e-01	1.605434570369219105e-01	2.509755315930019548e-01	1.526544843019970732e-01	7.310081621171848898e-02	3.010208678999966997e-02	7.610380425333786170e-02
1.165418844469557826e+03	2.563114120368878424e-01	1.604044563009651425e-01	2.511201083125814693e-01	1.527424703212848789e-01	7.313765526346761858e-02	3.012541680497831872e-02	7.615848095977532928e-02
1.166870175533654447e+03	2.561033571403463771e-01	1.602656909897046955e-01	2.512644344497585447e-01	1.528302994561600570e-01	7.317443235434589743e-02	3.014871771491714827e-02	7.621306789470781717e-02
1.168321506597751068e+03	2.558956545246492409e-01	1.601271607035683053e-01	2.514085104310335717e-01	1.529179720090954597e-01	7.321114759056464305e-02	3.017198953666236708e-02	7.626756520436699105e-02
1.169772837661847461e+03	2.556883035921267977e-01	1.599888650436638304e-01	2.515523366821824647e-01	1.530054882819114614e-01	7.324780107815698216e-02	3.019523228713673693e-02	7.632197303476223604e-02
1.171224168725944082e+03	2.554813037461279301e-01	1.598508036117781139e-01	2.516959136282586051e-01	1.530928485757777902e-01	7.328439292297808660e-02	3.021844598333909074e-02	7.637629153168083718e-02
1.172675499790040703e+03	2.552746543910183741e-01	1.597129760103759011e-01	2.518392416935934519e-01	1.531800531912151098e-01	7.332092323070550643e-02	3.024163064234389880e-02	7.643052084068820140e-02
1.174126830854137097e+03	2.550683549321789423e-01	1.595753818425984516e-01	2.519823213017982066e-01	1.532671024280965744e-01	7.335739210683929479e-02	3.026478628130079354e-02	7.648466110712814903e-02
1.175578161918233945e+03	2.548624047760036926e-01	1.594380207122627069e-01	2.521251528757648130e-01	1.533539965856496046e-01	7.339379965670236872e-02	3.028791291743412190e-02	7.653871247612305251e-02
1.177029492982330339e+03	2.546568033298982625e-01	1.593008922238599578e-01	2.522677368376672336e-01	1.534407359624575251e-01	7.343014598544067573e-02	3.031101056804248739e-02	7.659267509257415563e-02
1.178480824046426733e+03	2.544515500022779264e-01	1.591639959825547901e-01	2.524100736089627817e-01	1.535273208564611747e-01	7.346643119802351296e-02	3.033407925049830603e-02	7.664654910116179554e-02
1.179932155110523581e+03	2.542466442025660966e-01	1.590273315941838628e-01	2.525521636103931211e-01	1.536137515649605711e-01	7.350265539924372149e-02	3.035711898224733793e-02	7.670033464634554154e-02
1.181383486174620202e+03	2.540420853411923807e-01	1.588908986652548538e-01	2.526940072619857092e-01	1.537000283846164939e-01	7.353881869371797775e-02	3.038012978080825710e-02	7.675403187236456981e-02
1.182834817238716823e+03	2.538378728295909714e-01	1.587546968029452388e-01	2.528356049830547958e-01	1.537861516114521210e-01	7.357492118588705721e-02	3.040311166377219695e-02	7.680764092323780212e-02
1.184286148302813444e+03	2.536340060801988705e-01	1.586187256151013469e-01	2.529769571922028670e-01	1.538721215408546950e-01	7.361096298001601479e-02	3.042606464880230274e-02	7.686116194276415570e-02
1.185737479366910065e+03	2.534304845064539458e-01	1.584829847102369738e-01	2.531180643073216441e-01	1.539579384675771323e-01	7.364694418019449018e-02	3.044898875363329094e-02	7.691459507452279298e-02
1.187188810431006686e+03	2.532273075227935988e-01	1.583474736975323816e-01	2.532589267455934157e-01	1.540436026857395502e-01	7.368286489033695763e-02	3.047188399607100862e-02	7.696794046187335758e-02
1.188640141495103080e+03	2.530244745446526000e-01	1.582121921868331893e-01	2.533995449234923147e-01	1.541291144888309872e-01	7.371872521418297575e-02	3.049475039399198936e-02	7.702119824795622405e-02
1.190091472559199701e+03	2.528219849884617010e-01	1.580771397886492902e-01	2.535399192567852067e-01	1.542144741697109023e-01	7.375452525529740955e-02	3.051758796534301266e-02	7.707436857569270605e-02
1.191542803623296322e+03	2.526198382716457469e-01	1.579423161141535470e-01	2.536800501605334657e-01	1.542996820206108954e-01	7.379026511707066638e-02	3.054039672814067019e-02	7.712745158778530619e-02
1.192994134687392716e+03	2.524180338126220113e-01	1.578077207751807931e-01	2.538199380490935297e-01	1.543847383331361234e-01	7.382594490271904286e-02	3.056317670047093218e-02	7.718044742671793801e-02
1.194445465751489564e+03	2.522165710307983644e-01	1.576733533842267221e-01	2.539595833361183996e-01	1.544696433982670203e-01	7.386156471528487755e-02	3.058592790048871024e-02	7.723335623475621747e-02
1.195896796815585958e+03	2.520154493465717183e-01	1.575392135544467220e-01	2.540989864345591376e-01	1.545543975063608522e-01	7.389712465763682847e-02	3.060865034641742366e-02	7.728617815394765722e-02
1.197348127879682352e+03	2.518146681813262511e-01	1.574053008996548486e-01	2.542381477566653669e-01	1.546390009471532434e-01	7.393262483247013683e-02	3.063134405654857617e-02	7.733891332612188863e-02
1.198799458943779200e+03	2.516142269574316304e-01	1.572716150343224928e-01	2.543770677139871039e-01	1.547234540097598421e-01	7.396806534230687680e-02	3.065400904924132572e-02	7.739156189289098098e-02
1.200250790007875821e+03	2.514141250982414588e-01	1.571381555735775482e-01	2.545157467173757015e-01	1.548077569826777633e-01	7.400344628949617753e-02	3.067664534292205078e-02	7.744412399564958027e-02
1.201702121071972442e+03	2.512143620280913869e-01	1.570049221332030231e-01	2.546541851769849041e-01	1.548919101537872545e-01	7.403876777621450078e-02	3.069925295608392710e-02	7.749659977557524226e-02
1.203153452136069063e+03	2.510149371722976142e-01	1.568719143296361807e-01	2.547923835022723460e-01	1.549759138103531664e-01	7.407402990446589064e-02	3.072183190728650440e-02	7.754898937362859901e-02
1.204604783200165684e+03	2.508158499571550015e-01	1.567391317799672057e-01	2.549303421020003291e-01	1.550597682390265908e-01	7.410923277608220949e-02	3.074438221515529007e-02	7.760129293055366417e-02
1.206056114264262078e+03	2.506170998099355174e-01	1.566065741019382895e-01	2.550680613842374322e-01	1.551434737258462759e-01	7.414437649272340169e-02	3.076690389838131895e-02	7.765351058687802732e-02
1.207507445328358699e+03	2.504186861588865165e-01	1.564742409139423529e-01	2.552055417563593998e-01	1.552270305562403474e-01	7.417946115587771561e-02	3.078939697572074044e-02	7.770564248291313147e-02
1.208958776392455093e+03	2.502206084332290748e-01	1.563421318350220746e-01	2.553427836250505290e-01	1.553104390150276681e-01	7.421448686686198115e-02	3.081186146599440220e-02	7.775768875875450903e-02
1.210410107456551941e+03	2.500228660631562128e-01	1.562102464848686978e-01	2.554797873963045585e-01	1.553936993864195037e-01	7.424945372682184574e-02	3.083429738808742340e-02	7.780964955428200380e-02
1.211861438520648335e+03	2.498254584798312861e-01	1.560785844838209757e-01	2.556165534754261670e-01	1.554768119540209381e-01	7.428436183673203796e-02	3.085670476094880266e-02	7.786152500916002084e-02
1.213312769584745183e+03	2.496283851153863753e-01	1.559471454528640333e-01	2.557530822670319726e-01	1.555597770008324832e-01	7.431921129739660348e-02	3.087908360359097742e-02	7.791331526283781783e-02
1.214764100648841804e+03	2.494316454029204544e-01	1.558159290136283681e-01	2.558893741750516426e-01	1.556425948092515499e-01	7.435400220944914096e-02	3.090143393508943542e-02	7.796502045454967167e-02
1.216215431712937971e+03	2.492352387764978638e-01	1.556849347883885182e-01	2.560254296027293375e-01	1.557252656610740305e-01	7.438873467335307965e-02	3.092375577458229136e-02	7.801664072331519761e-02
1.217666762777034819e+03	2.490391646711466456e-01	1.555541624000622847e-01	2.561612489526244318e-01	1.558077898374956305e-01	7.442340878940194304e-02	3.094604914126989140e-02	7.806817620793955748e-02
1.219118093841131440e+03	2.488434225228567387e-01	1.554236114722094275e-01	2.562968326266130692e-01	1.558901676191135899e-01	7.445802465771952927e-02	3.096831405441439339e-02	7.811962704701369553e-02
1.220569424905228061e+03	2.486480117685784530e-01	1.552932816290305829e-01	2.564321810258892165e-01	1.559723992859279595e-01	7.449258237826018869e-02	3.099055053333937826e-02	7.817099337891464383e-02
1.222020755969324682e+03	2.484529318462207481e-01	1.551631724953662084e-01	2.565672945509658298e-01	1.560544851173433223e-01	7.452708205080914305e-02	3.101275859742942675e-02	7.822227534180568875e-02
1.223472087033421303e+03	2.482581821946496792e-01	1.550332836966955008e-01	2.567021736016760203e-01	1.561364253921701528e-01	7.456152377498262429e-02	3.103493826612973433e-02	7.827347307363669016e-02
1.224923418097517697e+03	2.480637622536865927e-01	1.549036148591353967e-01	2.568368185771738865e-01	1.562182203886263165e-01	7.459590765022822145e-02	3.105708955894571216e-02	7.832458671214426182e-02
1.226374749161614318e+03	2.478696714641066279e-01	1.547741656094392959e-01	2.569712298759363467e-01	1.562998703843384851e-01	7.463023377582500562e-02	3.107921249544256734e-02	7.837561639485207676e-02
1.227826080225710712e+03	2.476759092676369400e-01	1.546449355749961174e-01	2.571054078957636380e-01	1.563813756563437740e-01	7.466450225088394621e-02	3.110130709524493858e-02	7.842656225907110312e-02
1.229277411289807560e+03	2.474824751069551465e-01	1.545159243838291063e-01	2.572393530337807599e-01	1.564627364810910470e-01	7.469871317434802205e-02	3.112337337803646950e-02	7.847742444189982625e-02
1.230728742353903954e+03	2.472893684256877167e-01	1.543871316645949732e-01	2.573730656864388067e-01	1.565439531344424984e-01	7.473286664499249887e-02	3.114541136355943041e-02	7.852820308022454010e-02
1.232180073418000802e+03	2.470965886684082513e-01	1.542585570465825062e-01	2.575065462495155222e-01	1.566250258916750127e-01	7.476696276142520692e-02	3.116742107161433323e-02	7.857889831071955544e-02
1.233631404482097196e+03	2.469041352806358447e-01	1.541302001597117388e-01	2.576397951181172430e-01	1.567059550274817470e-01	7.480100162208680459e-02	3.118940252205952557e-02	7.862951026984746350e-02
1.235082735546193817e+03	2.467120077088336139e-01	1.540020606345327558e-01	2.577728126866792868e-01	1.567867408159734355e-01	7.483498332525095886e-02	3.121135573481080561e-02	7.868003909385939965e-02
1.236534066610290438e+03	2.465202054004068111e-01	1.538741381022246946e-01	2.579055993489677290e-01	1.568673835306799436e-01	7.486890796902465062e-02	3.123328072984105086e-02	7.873048491879529320e-02
1.237985397674387059e+03	2.463287278037015193e-01	1.537464321945946066e-01	2.580381554980800685e-01	1.569478834445517113e-01	7.490277565134841053e-02	3.125517752717979492e-02	7.878084788048407561e-02
1.239436728738483680e+03	2.461375743680027650e-01	1.536189425440763756e-01	2.581704815264464492e-01	1.570282408299611132e-01	7.493658646999652728e-02	3.127704614691288743e-02	7.883112811454401347e-02
1.240888059802580301e+03	2.459467445435330191e-01	1.534916687837297178e-01	2.583025778258310479e-01	1.571084559587039853e-01	7.497034052257735282e-02	3.129888660918208471e-02	7.888132575638287514e-02
1.242339390866676695e+03	2.457562377814505872e-01	1.533646105472390997e-01	2.584344447873330730e-01	1.571885291020009845e-01	7.500403790653351055e-02	3.132069893418466811e-02	7.893144094119823595e-02
1.243790721930773088e+03	2.455660535338479167e-01	1.532377674689126279e-01	2.585660828013877088e-01	1.572684605304990046e-01	7.503767871914215903e-02	3.134248314217306930e-02	7.898147380397771422e-02
1.245242052994869937e+03	2.453761912537501533e-01	1.531111391836809665e-01	2.586974922577674474e-01	1.573482505142726473e-01	7.507126305751525563e-02	3.136423925345448865e-02	7.903142447949922100e-02
1.246693384058966330e+03	2.451866503951133647e-01	1.529847253270963936e-01	2.588286735455833099e-01	1.574278993228256651e-01	7.510479101859975082e-02	3.138596728839052746e-02	7.908129310233119602e-02
1.248144715123063179e+03	2.449974304128230140e-01	1.528585255353316352e-01	2.589596270532856237e-01	1.575074072250922941e-01	7.513826269917787959e-02	3.140766726739680631e-02	7.913107980683289910e-02
1.249596046187159800e+03	2.448085307626924056e-01	1.527325394451788110e-01	2.590903531686655215e-01	1.575867744894386968e-01	7.517167819586741129e-02	3.142933921094258343e-02	7.918078472715465999e-02
1.251047377251256421e+03	2.446199509014609919e-01	1.526067666940484902e-01	2.592208522788558844e-01	1.576660013836643781e-01	7.520503760512185776e-02	3.145098313955040081e-02	7.923040799723808647e-02
1.252498708315352815e+03	2.444316902867928465e-01	1.524812069199684428e-01	2.593511247703323974e-01	1.577450881750035727e-01	7.523834102323075090e-02	3.147259907379569566e-02	7.927994975081634199e-02
1.253950039379449436e+03	2.442437483772751106e-01	1.523558597615828070e-01	2.594811710289147699e-01	1.578240351301266331e-01	7.527158854631989249e-02	3.149418703430643257e-02	7.932941012141442316e-02
1.255401370443546057e+03	2.440561246324162437e-01	1.522307248581508121e-01	2.596109914397679019e-01	1.579028425151414450e-01	7.530478027035157618e-02	3.151574704176273584e-02	7.937878924234938183e-02
1.256852701507642678e+03	2.438688185126446362e-01	1.521058018495459463e-01	2.597405863874028276e-01	1.579815105955947596e-01	7.533791629112483734e-02	3.153727911689652857e-02	7.942808724673060261e-02
1.258304032571739299e+03	2.436818294793069717e-01	1.519810903762547072e-01	2.598699562556778253e-01	1.580600396364736371e-01	7.537099670427573062e-02	3.155878328049118581e-02	7.947730426746002497e-02
1.259755363635835920e+03	2.434951569946665340e-01	1.518565900793756862e-01	2.599991014277999168e-01	1.581384299022068618e-01	7.540402160527755193e-02	3.158025955338111812e-02	7.952644043723242073e-02
1.261206694699932314e+03	2.433088005219017635e-01	1.517323006006185415e-01	2.601280222863254221e-01	1.582166816566661360e-01	7.543699108944107445e-02	3.160170795645145941e-02	7.957549588853568556e-02
1.262658025764028707e+03	2.431227595251046758e-01	1.516082215823027768e-01	2.602567192131615137e-01	1.582947951631676065e-01	7.546990525191479837e-02	3.162312851063767832e-02	7.962447075365100546e-02
1.264109356828125556e+03	2.429370334692791678e-01	1.514843526673569640e-01	2.603851925895669384e-01	1.583727706844732797e-01	7.550276418768522846e-02	3.164452123692523822e-02	7.967336516465318985e-02
1.265560687892221949e+03	2.427516218203396303e-01	1.513606934993174946e-01	2.605134427961535160e-01	1.584506084827921879e-01	7.553556799157706836e-02	3.166588615634922249e-02	7.972217925341089362e-02
1.267012018956318798e+03	2.425665240451092552e-01	1.512372437223276078e-01	2.606414702128869165e-01	1.585283088197819434e-01	7.556831675825349814e-02	3.168722328999398763e-02	7.977091315158685303e-02
1.268463350020415419e+03	2.423817396113184808e-01	1.511140029811363916e-01	2.607692752190878815e-01	1.586058719565499042e-01	7.560101058221642412e-02	3.170853265899280238e-02	7.981956699063820493e-02
1.269914681084511813e+03	2.421972679876035206e-01	1.509909709210976725e-01	2.608968581934332787e-01	1.586832981536547005e-01	7.563364955780671472e-02	3.172981428452747998e-02	7.986814090181666714e-02
1.271366012148608434e+03	2.420131086435047263e-01	1.508681471881690439e-01	2.610242195139574339e-01	1.587605876711074837e-01	7.566623377920442262e-02	3.175106818782807983e-02	7.991663501616885767e-02
1.272817343212705055e+03	2.418292610494651163e-01	1.507455314289108117e-01	2.611513595580527980e-01	1.588377407683732034e-01	7.569876334042908994e-02	3.177229439017247720e-02	7.996504946453651674e-02
1.274268674276801676e+03	2.416457246768286549e-01	1.506231232904849671e-01	2.612782787024714448e-01	1.589147577043721615e-01	7.573123833533990101e-02	3.179349291288608576e-02	8.001338437755675659e-02
1.275720005340898297e+03	2.414624989978389202e-01	1.505009224206541318e-01	2.614049773233259044e-01	1.589916387374811224e-01	7.576365885763601538e-02	3.181466377734146200e-02	8.006163988566233902e-02
1.277171336404994690e+03	2.412795834856374388e-01	1.503789284677806426e-01	2.615314557960903286e-01	1.590683841255347564e-01	7.579602500085677597e-02	3.183580700495797916e-02	8.010981611908193911e-02
1.278622667469091539e+03	2.410969776142622145e-01	1.502571410808253016e-01	2.616577144956016565e-01	1.591449941258268885e-01	7.582833685838193116e-02	3.185692261720148022e-02	8.015791320784036722e-02
1.280073998533187932e+03	2.409146808586460631e-01	1.501355599093466553e-01	2.617837537960604477e-01	1.592214689951119422e-01	7.586059452343191234e-02	3.187801063558393100e-02	8.020593128175884656e-02
1.281525329597284326e+03	2.407326926946151691e-01	1.500141846034996895e-01	2.619095740710323250e-01	1.592978089896061600e-01	7.589279808906808367e-02	3.189907108166308014e-02	8.025387047045529076e-02
1.282976660661381175e+03	2.405510125988875869e-01	1.498930148140349694e-01	2.620351756934487519e-01	1.593740143649889085e-01	7.592494764819292252e-02	3.192010397704211216e-02	8.030173090334449815e-02
1.284427991725477568e+03	2.403696400490716867e-01	1.497720501922975844e-01	2.621605590356082538e-01	1.594500853764040382e-01	7.595704329355035256e-02	3.194110934336931440e-02	8.034951270963849868e-02
1.285879322789574417e+03	2.401885745236644887e-01	1.496512903902262048e-01	2.622857244691774725e-01	1.595260222784611326e-01	7.598908511772593799e-02	3.196208720233773004e-02	8.039721601834673437e-02
1.287330653853671038e+03	2.400078155020504145e-01	1.495307350603518326e-01	2.624106723651922768e-01	1.596018253252368679e-01	7.602107321314711952e-02	3.198303757568482508e-02	8.044484095827635073e-02
1.288781984917767431e+03	2.398273624644994828e-01	1.494103838557971353e-01	2.625354030940587058e-01	1.596774947702762903e-01	7.605300767208347801e-02	3.200396048519216913e-02	8.049238765803244655e-02
1.290233315981864052e+03	2.396472148921659495e-01	1.492902364302750862e-01	2.626599170255542459e-01	1.597530308665940924e-01	7.608488858664695653e-02	3.202485595268506763e-02	8.053985624601836535e-02
