1.301360187473271253e+03	2.379502879507970903e-01	1.485266041435356066e-01	2.610543106166713923e-01	1.616872015638971538e-01	7.677267021658086554e-02	3.200053092722929260e-02	8.200839458122906322e-02
1.306197957686926657e+03	2.373615103351585376e-01	1.481318402613265028e-01	2.614441114408604938e-01	1.619448045247417478e-01	7.688104562955570820e-02	3.206851548153304837e-02	8.216817232676443261e-02
1.311035727900581833e+03	2.367760492338326361e-01	1.477393007087597909e-01	2.618315757937740851e-01	1.622009383042334885e-01	7.698883622126631576e-02	3.213622437788610925e-02	8.232707536018799011e-02
1.315873498114237009e+03	2.361938859270169555e-01	1.473489729258073699e-01	2.622167178970367662e-01	1.624556113759559883e-01	7.709604510418412160e-02	3.220365837120875430e-02	8.248510839873049449e-02
1.320711268327892412e+03	2.356150018008835445e-01	1.469608444235625533e-01	2.625995518847885069e-01	1.627088321626212752e-01	7.720267537443135930e-02	3.227081821812737700e-02	8.264227613552578566e-02
1.325549038541547588e+03	2.350393783469752473e-01	1.465749027838366969e-01	2.629800918042085600e-01	1.629606090364335291e-01	7.730873011186943644e-02	3.233770467691977901e-02	8.279858323969709055e-02
1.330386808755202765e+03	2.344669971616052950e-01	1.461911356587578814e-01	2.633583516160367122e-01	1.632109503194482669e-01	7.741421238018662832e-02	3.240431850746113701e-02	8.295403435644438384e-02
1.335224578968857941e+03	2.338978399452605605e-01	1.458095307703719257e-01	2.637343451950920903e-01	1.634598642839273641e-01	7.751912522698524433e-02	3.247066047117060095e-02	8.310863410713247024e-02
1.340062349182513572e+03	2.333318885020084221e-01	1.454300759102453711e-01	2.641080863307900262e-01	1.637073591526897465e-01	7.762347168386808660e-02	3.253673133095860703e-02	8.326238708937994115e-02
1.344900119396168748e+03	2.327691247389069296e-01	1.450527589390711025e-01	2.644795887276562563e-01	1.639534430994578906e-01	7.772725476652438126e-02	3.260253185117475971e-02	8.341529787714888067e-02
1.349737889609823924e+03	2.322095306654184954e-01	1.446775677862757181e-01	2.648488660058386235e-01	1.641981242492005499e-01	7.783047747481507128e-02	3.266806279755641446e-02	8.356737102083527935e-02
1.354575659823479100e+03	2.316530883928272777e-01	1.443044904496293135e-01	2.652159317016167250e-01	1.644414106784712615e-01	7.793314279285752655e-02	3.273332493717787117e-02	8.371861104736016967e-02
1.359413430037134731e+03	2.310997801336594493e-01	1.439335149948574311e-01	2.655807992679087848e-01	1.646833104157432448e-01	7.803525368910969873e-02	3.279831903840017826e-02	8.386902246026134433e-02
1.364251200250789907e+03	2.305495882011074082e-01	1.435646295552552298e-01	2.659434820747761385e-01	1.649238314417403040e-01	7.813681311645369332e-02	3.286304587082160972e-02	8.401860973978572678e-02
1.369088970464445310e+03	2.300024950084569864e-01	1.431978223313035703e-01	2.663039934099255546e-01	1.651629816897642322e-01	7.823782401227877270e-02	3.292750620522869043e-02	8.416737734298225526e-02
1.373926740678100487e+03	2.294584830685181265e-01	1.428330815902876527e-01	2.666623464792088338e-01	1.654007690460184976e-01	7.833828929856383183e-02	3.299170081354785983e-02	8.431532970379525260e-02
1.378764510891755890e+03	2.289175349930588910e-01	1.424703956659173210e-01	2.670185544071199124e-01	1.656372013499285423e-01	7.843821188195929106e-02	3.305563046879772537e-02	8.446247123315839267e-02
1.383602281105411066e+03	2.283796334922426341e-01	1.421097529579499752e-01	2.673726302372895214e-01	1.658722863944584458e-01	7.853759465386847549e-02	3.311929594504192664e-02	8.460880631908902771e-02
1.388440051319066470e+03	2.278447613740687550e-01	1.417511419318152888e-01	2.677245869329774597e-01	1.661060319264244800e-01	7.863644049052846696e-02	3.318269801734257535e-02	8.475433932678297366e-02
1.393277821532721646e+03	2.273129015438161149e-01	1.413945511182422288e-01	2.680744373775623135e-01	1.663384456468050554e-01	7.873475225309042869e-02	3.324583746171428517e-02	8.489907459870962847e-02
1.398115591746377049e+03	2.267840370034903130e-01	1.410399691128879918e-01	2.684221943750285666e-01	1.665695352110475869e-01	7.883253278769934702e-02	3.330871505507874281e-02	8.504301645470749293e-02
1.402953361960032225e+03	2.262581508512738204e-01	1.406873845759693265e-01	2.687678706504513237e-01	1.667993082293723062e-01	7.892978492557338466e-02	3.337133157521989663e-02	8.518616919208002458e-02
1.407791132173687402e+03	2.257352262809792509e-01	1.403367862318955495e-01	2.691114788504784805e-01	1.670277722670727161e-01	7.902651148308263707e-02	3.343368780073965874e-02	8.532853708569172746e-02
1.412628902387342805e+03	2.252152465815059901e-01	1.399881628689040591e-01	2.694530315438104506e-01	1.672549348448132689e-01	7.912271526182741710e-02	3.349578451101423160e-02	8.547012438806458889e-02
1.417466672600997981e+03	2.246981951362999330e-01	1.396415033386975424e-01	2.697925412216770069e-01	1.674808034389238531e-01	7.921839904871603999e-02	3.355762248615089954e-02	8.561093532947465501e-02
1.422304442814653157e+03	2.241840554228160254e-01	1.392967965560836241e-01	2.701300202983122900e-01	1.677053854816914769e-01	7.931356561604215039e-02	3.361920250694543089e-02	8.575097411804895320e-02
1.427142213028308333e+03	2.236728110119843294e-01	1.389540314986161540e-01	2.704654811114264312e-01	1.679286883616491199e-01	7.940821772156149427e-02	3.368052535483999355e-02	8.589024493986245623e-02
1.431979983241963964e+03	2.231644455676789762e-01	1.386131972062387974e-01	2.707989359226753434e-01	1.681507194238616165e-01	7.950235810856830232e-02	3.374159181188161188e-02	8.602875195903533778e-02
1.436817753455619140e+03	2.226589428461900610e-01	1.382742827809307073e-01	2.711303969181275697e-01	1.683714859702089561e-01	7.959598950597120137e-02	3.380240266068113703e-02	8.616649931783028349e-02
1.441655523669274316e+03	2.221562866956988402e-01	1.379372773863538348e-01	2.714598762087290229e-01	1.685909952596668648e-01	7.968911462836859860e-02	3.386295868437277229e-02	8.630349113674998240e-02
1.446493293882929493e+03	2.216564610557556214e-01	1.376021702475027642e-01	2.717873858307645052e-01	1.688092545085846108e-01	7.978173617612363544e-02	3.392326066657407047e-02	8.643973151463466009e-02
1.451331064096585123e+03	2.211594499567609284e-01	1.372689506503560475e-01	2.721129377463175070e-01	1.690262708909604228e-01	7.987385683543866965e-02	3.398330939134647233e-02	8.657522452875979213e-02
1.456168834310240300e+03	2.206652375194496085e-01	1.369376079415299541e-01	2.724365438437266751e-01	1.692420515387140223e-01	7.996547927842939663e-02	3.404310564315635862e-02	8.670997423493374823e-02
1.461006604523895703e+03	2.201738079543776594e-01	1.366081315279338293e-01	2.727582159380406157e-01	1.694566035419571293e-01	8.005660616319840162e-02	3.410265020683656695e-02	8.684398466759557511e-02
1.465844374737550879e+03	2.196851455614123871e-01	1.362805108764276740e-01	2.730779657714691444e-01	1.696699339492610537e-01	8.014724013390836510e-02	3.416194386754845685e-02	8.697725983991272392e-02
1.470682144951206283e+03	2.191992347292250343e-01	1.359547355134815283e-01	2.733958050138330376e-01	1.698820497679221220e-01	8.023738382085478238e-02	3.422098741074439815e-02	8.710980374387883307e-02
1.475519915164861459e+03	2.187160599347867662e-01	1.356307950248368810e-01	2.737117452630107861e-01	1.700929579642246059e-01	8.032703984053835011e-02	3.427978162213082824e-02	8.724162035041148344e-02
1.480357685378516862e+03	2.182356057428672669e-01	1.353086790551699115e-01	2.740257980453824627e-01	1.703026654637015413e-01	8.041621079573672837e-02	3.433832728763168418e-02	8.737271360944999510e-02
1.485195455592172038e+03	2.177578568055363040e-01	1.349883773077568405e-01	2.743379748162718679e-01	1.705111791513929942e-01	8.050489927557613612e-02	3.439662519335242447e-02	8.750308745005298816e-02
1.490033225805827215e+03	2.172827978616680700e-01	1.346698795441409469e-01	2.746482869603855126e-01	1.707185058721021331e-01	8.059310785560232226e-02	3.445467612554443254e-02	8.763274578049612407e-02
1.494870996019482618e+03	2.168104137364484374e-01	1.343531755838016373e-01	2.749567457922494351e-01	1.709246524306493042e-01	8.068083909785121743e-02	3.451248087056993374e-02	8.776169248836955539e-02
1.499708766233137567e+03	2.163406893408850173e-01	1.340382553038253211e-01	2.752633625566436315e-01	1.711296255921235521e-01	8.076809555091922499e-02	3.457004021486734940e-02	8.788993144067545893e-02
1.504546536446793198e+03	2.158736096713200214e-01	1.337251086385783660e-01	2.755681484290332661e-01	1.713334320821324475e-01	8.085487975003298466e-02	3.462735494491712279e-02	8.801746648392533290e-02
1.509384306660448374e+03	2.154091598089459547e-01	1.334137255793815535e-01	2.758711145159984945e-01	1.715360785870493621e-01	8.094119421711885864e-02	3.468442584720797528e-02	8.814430144423729407e-02
1.514222076874103550e+03	2.149473249193239177e-01	1.331040961741867534e-01	2.761722718556610112e-01	1.717375717542590496e-01	8.102704146087193193e-02	3.474125370820363434e-02	8.827044012743318069e-02
1.519059847087758726e+03	2.144880902519048504e-01	1.327962105272552373e-01	2.764716314181082657e-01	1.719379181924009514e-01	8.111242397682467964e-02	3.479783931430999178e-02	8.839588631913548877e-02
1.523897617301414357e+03	2.140314411395534688e-01	1.324900587988379619e-01	2.767692041058152919e-01	1.721371244716105864e-01	8.119734424741521794e-02	3.485418345184267130e-02	8.852064378486426688e-02
1.528735387515069533e+03	2.135773629980747546e-01	1.321856312048573512e-01	2.770650007540643722e-01	1.723351971237589431e-01	8.128180474205518036e-02	3.491028690699508885e-02	8.864471627013370547e-02
1.533573157728724709e+03	2.131258413257435258e-01	1.318829180165914938e-01	2.773590321313615381e-01	1.725321426426899563e-01	8.136580791719724703e-02	3.496615046580690139e-02	8.876810750054871246e-02
1.538410927942380113e+03	2.126768617028361730e-01	1.315819095603594502e-01	2.776513089398514600e-01	1.727279674844560964e-01	8.144935621640218837e-02	3.502177491413285132e-02	8.889082118190112791e-02
1.543248698156035516e+03	2.122304097911654752e-01	1.312825962172090022e-01	2.779418418157291182e-01	1.729226780675519604e-01	8.153245207040570042e-02	3.507716103761211734e-02	8.901286100026592485e-02
1.548086468369690692e+03	2.117864713336180538e-01	1.309849684226057076e-01	2.782306413296496972e-01	1.731162807731461140e-01	8.161509789718468522e-02	3.513230962163797072e-02	8.913423062209709091e-02
1.552924238583346096e+03	2.113450321536942678e-01	1.306890166661238417e-01	2.785177179871355380e-01	1.733087819453110190e-01	8.169729610202332293e-02	3.518722145132791718e-02	8.925493369432332957e-02
1.557762008797001272e+03	2.109060781550507468e-01	1.303947314911393651e-01	2.788030822289811472e-01	1.735001878912513229e-01	8.177904907757874153e-02	3.524189731149425520e-02	8.937497384444360871e-02
1.562599779010656675e+03	2.104695953210458104e-01	1.301021034945242516e-01	2.790867444316555424e-01	1.736905048815300945e-01	8.186035920394618692e-02	3.529633798661496041e-02	8.949435468062232057e-02
1.567437549224311852e+03	2.100355697142871070e-01	1.298111233263428699e-01	2.793687149077019316e-01	1.738797391502936440e-01	8.194122884872406809e-02	3.535054426080504186e-02	8.961307979178440020e-02
1.572275319437967255e+03	2.096039874761821686e-01	1.295217816895499474e-01	2.796490039061358401e-01	1.740678968954943173e-01	8.202166036707848884e-02	3.540451691778825211e-02	8.973115274771006900e-02
1.577113089651622431e+03	2.091748348264912960e-01	1.292340693396902551e-01	2.799276216128397388e-01	1.742549842791117631e-01	8.210165610180743256e-02	3.545825674086918594e-02	8.984857709912941193e-02
1.581950859865277607e+03	2.087480980628830529e-01	1.289479770846001239e-01	2.802045781509562850e-01	1.744410074273724798e-01	8.218121838340469720e-02	3.551176451290580238e-02	8.996535637781659378e-02
1.586788630078933011e+03	2.083237635604924531e-01	1.286634957841105154e-01	2.804798835812787883e-01	1.746259724309676131e-01	8.226034953012335837e-02	3.556504101628227277e-02	9.008149409668395058e-02
1.591626400292587959e+03	2.079018177714814508e-01	1.283806163497518971e-01	2.807535479026392333e-01	1.748098853452693946e-01	8.233905184803902433e-02	3.561808703288226602e-02	9.019699374987570628e-02
1.596464170506243590e+03	2.074822472246019844e-01	1.280993297444606993e-01	2.810255810522940823e-01	1.749927521905455807e-01	8.241732763111260518e-02	3.567090334406255309e-02	9.031185881286145356e-02
1.601301940719898766e+03	2.070650385247616299e-01	1.278196269822875764e-01	2.812959929063079123e-01	1.751745789521725882e-01	8.249517916125286010e-02	3.572349073062700692e-02	9.042609274252935703e-02
1.606139710933553943e+03	2.066501783525915847e-01	1.275414991281072496e-01	2.815647932799344444e-01	1.753553715808469915e-01	8.257260870837858369e-02	3.577584997280098406e-02	9.053969897727909277e-02
1.610977481147209119e+03	2.062376534640173176e-01	1.272649372973300441e-01	2.818319919279953512e-01	1.755351359927953825e-01	8.264961853048043150e-02	3.582798185020601850e-02	9.065268093711438546e-02
1.615815251360864750e+03	2.058274506898312983e-01	1.269899326556149510e-01	2.820975985452570667e-01	1.757138780699828151e-01	8.272621087368239867e-02	3.587988714183493882e-02	9.076504202373543440e-02
1.620653021574519926e+03	2.054195569352686990e-01	1.267164764185845782e-01	2.823616227668047651e-01	1.758916036603196675e-01	8.280238797230304870e-02	3.593156662602728368e-02	9.087678562063088161e-02
1.625490791788175102e+03	2.050139591795849259e-01	1.264445598515414604e-01	2.826240741684144520e-01	1.760683185778670612e-01	8.287815204891635368e-02	3.598302108044507813e-02	9.098791509316955795e-02
1.630328562001830505e+03	2.046106444756360665e-01	1.261741742691861179e-01	2.828849622669227792e-01	1.762440286030407532e-01	8.295350531441224307e-02	3.603425128204902628e-02	9.109843378869186825e-02
1.635166332215485909e+03	2.042095999494613068e-01	1.259053110353367810e-01	2.831442965205944184e-01	1.764187394828136690e-01	8.302844996805677780e-02	3.608525800707490516e-02	9.120834503660094073e-02
1.640004102429141085e+03	2.038108127998681796e-01	1.256379615626506130e-01	2.834020863294873238e-01	1.765924569309167413e-01	8.310298819755210231e-02	3.613604203101045825e-02	9.131765214845335987e-02
1.644841872642796488e+03	2.034142702980196449e-01	1.253721173123464872e-01	2.836583410358157198e-01	1.767651866280387229e-01	8.317712217909600803e-02	3.618660412857251096e-02	9.142635841804964969e-02
1.649679642856451665e+03	2.030199597870240569e-01	1.251077697939294853e-01	2.839130699243108125e-01	1.769369342220242780e-01	8.325085407744121924e-02	3.623694507368445394e-02	9.153446712152440989e-02
1.654517413070107068e+03	2.026278686815270735e-01	1.248449105649168944e-01	2.841662822225794471e-01	1.771077053280707969e-01	8.332418604595430434e-02	3.628706563945410107e-02	9.164198151743614684e-02
1.659355183283762244e+03	2.022379844673059812e-01	1.245835312305657028e-01	2.844179871014603234e-01	1.772775055289238511e-01	8.339712022667436497e-02	3.633696659815179031e-02	9.174890484685674363e-02
1.664192953497417420e+03	2.018502947008665172e-01	1.243236234436017884e-01	2.846681936753783226e-01	1.774463403750712875e-01	8.346965875037140603e-02	3.638664872118885923e-02	9.185524033346056938e-02
1.669030723711072824e+03	2.014647870090418291e-01	1.240651789039505654e-01	2.849169110026963381e-01	1.776142153849358529e-01	8.354180373660433090e-02	3.643611277909643287e-02	9.196099118361338032e-02
1.673868493924728000e+03	2.010814490885936556e-01	1.238081893584691423e-01	2.851641480860651612e-01	1.777811360450667899e-01	8.361355729377870083e-02	3.648535954150453064e-02	9.206616058646070744e-02
1.678706264138383403e+03	2.007002687058159485e-01	1.235526466006800494e-01	2.854099138727711482e-01	1.779471078103298243e-01	8.368492151920420286e-02	3.653438977712145791e-02	9.217075171401603595e-02
1.683544034352038352e+03	2.003212336961406048e-01	1.232985424705065197e-01	2.856542172550816105e-01	1.781121361040959306e-01	8.375589849915171525e-02	3.658320425371356516e-02	9.227476772124861004e-02
1.688381804565693983e+03	1.999443319637456418e-01	1.230458688540092410e-01	2.858970670705884287e-01	1.782762263184289042e-01	8.382649030891022035e-02	3.663180373808521545e-02	9.237821174617084907e-02
1.693219574779349159e+03	1.995695514811652860e-01	1.227946176831245517e-01	2.861384721025491129e-01	1.784393838142716016e-01	8.389669901284334264e-02	3.668018899605917510e-02	9.248108690992548619e-02
1.698057344993004335e+03	1.991968802889025336e-01	1.225447809354042322e-01	2.863784410802258096e-01	1.786016139216309306e-01	8.396652666444560931e-02	3.672836079245720559e-02	9.258339631687223514e-02
1.702895115206659511e+03	1.988263064950440140e-01	1.222963506337567119e-01	2.866169826792225872e-01	1.787629219397615099e-01	8.403597530639836388e-02	3.677631989108100241e-02	9.268514305467430436e-02
1.707732885420315142e+03	1.984578182748766295e-01	1.220493188461898443e-01	2.868541055218203351e-01	1.789233131373483554e-01	8.410504697062551327e-02	3.682406705469340458e-02	9.278633019438439766e-02
1.712570655633970318e+03	1.980914038705067770e-01	1.218036776855549591e-01	2.870898181773095525e-01	1.790827927526880137e-01	8.417374367834892790e-02	3.687160304499992325e-02	9.288696079053034016e-02
1.717408425847625494e+03	1.977270515904815951e-01	1.215594193092925795e-01	2.873241291623210847e-01	1.792413659938686954e-01	8.424206744014348103e-02	3.691892862263050634e-02	9.298703788120056546e-02
1.722246196061280898e+03	1.973647498094122654e-01	1.213165359191794718e-01	2.875570469411550256e-01	1.793990380389492156e-01	8.431002025599192151e-02	3.696604454712163618e-02	9.308656448812896445e-02
1.727083966274936301e+03	1.970044869675996735e-01	1.210750197610772072e-01	2.877885799261072353e-01	1.795558140361366295e-01	8.437760411533941352e-02	3.701295157689869775e-02	9.318554361677960918e-02
1.731921736488591478e+03	1.966462515706620950e-01	1.208348631246820570e-01	2.880187364777941350e-01	1.797116991039628409e-01	8.444482099714779866e-02	3.705965046925860373e-02	9.328397825643093555e-02
1.736759506702246881e+03	1.962900321891648259e-01	1.205960583432763855e-01	2.882475249054752831e-01	1.798666983314599066e-01	8.451167286994959449e-02	3.710614198035271094e-02	9.338187138025974554e-02
1.741597276915902057e+03	1.959358174582522816e-01	1.203585977934815143e-01	2.884749534673739513e-01	1.800208167783343416e-01	8.457816169190167377e-02	3.715242686517000043e-02	9.347922594542468211e-02
1.746435047129557461e+03	1.955835960772818738e-01	1.201224738950118498e-01	2.887010303709958148e-01	1.801740594751402302e-01	8.464428941083872171e-02	3.719850587752055598e-02	9.357604489314944041e-02
1.751272817343212637e+03	1.952333568094601346e-01	1.198876791104305090e-01	2.889257637734454764e-01	1.803264314234510612e-01	8.471005796432641566e-02	3.724437977001925776e-02	9.367233114880563205e-02
1.756110587556867813e+03	1.948850884814808671e-01	1.196542059449063750e-01	2.891491617817412707e-01	1.804779375960307575e-01	8.477546927971427171e-02	3.729004929406977420e-02	9.376808762199517755e-02
1.760948357770523216e+03	1.945387799831653775e-01	1.194220469459724016e-01	2.893712324531278468e-01	1.806285829370032070e-01	8.484052527418832479e-02	3.733551519984881772e-02	9.386331720663249056e-02
1.765786127984178393e+03	1.941944202671046504e-01	1.191911947032854441e-01	2.895919837953869203e-01	1.807783723620211835e-01	8.490522785482343404e-02	3.738077823629063628e-02	9.395802278102614868e-02
1.770623898197833569e+03	1.938519983483038278e-01	1.189616418483873256e-01	2.898114237671460258e-01	1.809273107584336848e-01	8.496957891863540779e-02	3.742583915107177556e-02	9.405220720796032829e-02
1.775461668411488745e+03	1.935115033038282972e-01	1.187333810544674156e-01	2.900295602781854387e-01	1.810754029854525216e-01	8.503358035263280934e-02	3.747069869059609787e-02	9.414587333477578146e-02
1.780299438625144376e+03	1.931729242724521678e-01	1.185064050361263749e-01	2.902464011897430973e-01	1.812226538743177406e-01	8.509723403386852680e-02	3.751535759998003705e-02	9.423902399345049363e-02
1.785137208838799552e+03	1.928362504543085498e-01	1.182807065491413984e-01	2.904619543148174166e-01	1.813690682284619660e-01	8.516054182949105156e-02	3.755981662303809615e-02	9.433166200067996665e-02
1.789974979052454728e+03	1.925014711105419440e-01	1.180562783902327773e-01	2.906762274184686579e-01	1.815146508236737122e-01	8.522350559679553461e-02	3.760407650226862269e-02	9.442379015795716868e-02
1.794812749266109904e+03	1.921685755629625181e-01	1.178331133968316957e-01	2.908892282181180788e-01	1.816594064082596993e-01	8.528612718327457931e-02	3.764813797883977825e-02	9.451541125165204005e-02
1.799650519479765535e+03	1.918375531937022704e-01	1.176112044468494017e-01	2.911009643838453620e-01	1.818033397032061127e-01	8.534840842666874261e-02	3.769200179257579247e-02	9.460652805309072155e-02
1.804488289693420711e+03	1.915083934448734426e-01	1.173905444584477931e-01	2.913114435386837675e-01	1.819464554023387803e-01	8.541035115501680042e-02	3.773566868194341839e-02	9.469714331863439416e-02
1.809326059907075887e+03	1.911810858182284856e-01	1.171711263898111144e-01	2.915206732589141758e-01	1.820887581724824622e-01	8.547195718670577702e-02	3.777913938403865829e-02	9.478725978975773014e-02
1.814163830120731291e+03	1.908556198748223298e-01	1.169529432389191104e-01	2.917286610743565212e-01	1.822302526536190015e-01	8.553322833052071084e-02	3.782241463457366309e-02	9.487688019312698340e-02
1.819001600334386467e+03	1.905319852346763210e-01	1.167359880433214564e-01	2.919354144686600594e-01	1.823709434590445877e-01	8.559416638569414260e-02	3.786549516786393704e-02	9.496600724067778831e-02
1.823839370548041643e+03	1.902101715764441259e-01	1.165202538799133547e-01	2.921409408795911933e-01	1.825108351755260205e-01	8.565477314195536762e-02	3.790838171681570890e-02	9.505464362969244518e-02
1.828677140761696819e+03	1.898901686370796649e-01	1.163057338647125460e-01	2.923452476993199656e-01	1.826499323634559191e-01	8.571505037957947992e-02	3.795107501291354601e-02	9.514279204287703906e-02
1.833514910975352450e+03	1.895719662115067650e-01	1.160924211526375149e-01	2.925483422747045537e-01	1.827882395570069596e-01	8.577499986943608323e-02	3.799357578620819742e-02	9.523045514843798964e-02
1.838352681189008081e+03	1.892555541522908391e-01	1.158803089372869993e-01	2.927502319075738768e-01	1.829257612642853359e-01	8.583462337303787715e-02	3.803588476530465196e-02	9.531763560015846237e-02
1.843190451402663257e+03	1.889409223693122308e-01	1.156693904507206938e-01	2.929509238550086492e-01	1.830625019674830822e-01	8.589392264258885468e-02	3.807800267735041155e-02	9.540433603747416891e-02
1.848028221616318433e+03	1.886280608294415850e-01	1.154596589632413128e-01	2.931504253296203233e-01	1.831984661230293965e-01	8.595289942103240266e-02	3.811993024802397961e-02	9.549055908554907046e-02
1.852865991829973609e+03	1.883169595562170784e-01	1.152511077831777503e-01	2.933487434998289234e-01	1.833336581617412697e-01	8.601155544209899972e-02	3.816166820152356448e-02	9.557630735535049826e-02
1.857703762043628785e+03	1.880076086295233984e-01	1.150437302566695991e-01	2.935458854901382142e-01	1.834680824889729500e-01	8.606989243035384485e-02	3.820321726055598416e-02	9.566158344372405198e-02
1.862541532257283961e+03	1.876999981852725818e-01	1.148375197674528225e-01	2.937418583814099815e-01	1.836017434847646290e-01	8.612791210124413899e-02	3.824457814632577918e-02	9.574638993346804017e-02
1.867379302470939592e+03	1.873941184150866857e-01	1.146324697366466611e-01	2.939366692111361479e-01	1.837346455039900461e-01	8.618561616114610302e-02	3.828575157852454752e-02	9.583072939340771257e-02
1.872217072684594768e+03	1.870899595659821502e-01	1.144285736225417877e-01	2.941303249737091674e-01	1.838667928765034820e-01	8.624300630741188467e-02	3.832673827532048771e-02	9.591460437846897891e-02
1.877054842898249490e+03	1.867875119400561612e-01	1.142258249203896153e-01	2.943228326206906442e-01	1.839981899072855032e-01	8.630008422841611848e-02	3.836753895334809455e-02	9.599801742975180852e-02
1.881892613111905121e+03	1.864867658941746220e-01	1.140242171621928396e-01	2.945141990610787852e-01	1.841288408765879014e-01	8.635685160360224988e-02	3.840815432769810467e-02	9.608097107460338016e-02
1.886730383325560297e+03	1.861877118396619846e-01	1.138237439164971748e-01	2.947044311615735768e-01	1.842587500400780509e-01	8.641331010352873432e-02	3.844858511190761552e-02	9.616346782669071835e-02
1.891568153539215928e+03	1.858903402419927742e-01	1.136243987881842971e-01	2.948935357468404073e-01	1.843879216289818768e-01	8.646946138991488950e-02	3.848883201795039177e-02	9.624551018607312158e-02
1.896405923752871104e+03	1.855946416204849736e-01	1.134261754182658427e-01	2.950815195997723572e-01	1.845163598502264357e-01	8.652530711568656718e-02	3.852889575622740759e-02	9.632710063927411859e-02
1.901243693966526507e+03	1.853006065479950448e-01	1.132290674836787386e-01	2.952683894617503801e-01	1.846440688865812196e-01	8.658084892502157515e-02	3.856877703555750686e-02	9.640824165935314716e-02
1.906081464180181683e+03	1.850082256506148382e-01	1.130330686970816012e-01	2.954541520329022064e-01	1.847710528967989041e-01	8.663608845339491882e-02	3.860847656316832022e-02	9.648893570597688596e-02
1.910919234393836859e+03	1.847174896073698613e-01	1.128381728066523287e-01	2.956388139723593045e-01	1.848973160157549867e-01	8.669102732762375141e-02	3.864799504468733465e-02	9.656918522549015615e-02
1.915757004607492036e+03	1.844283891499197692e-01	1.126443735958868736e-01	2.958223818985123987e-01	1.850228623545867868e-01	8.674566716591212978e-02	3.868733318413312972e-02	9.664899265098660097e-02
1.920594774821147894e+03	1.841409150622602131e-01	1.124516648833990273e-01	2.960048623892654884e-01	1.851476960008315298e-01	8.680000957789557603e-02	3.872649168390684266e-02	9.672836040237887956e-02
1.925432545034802843e+03	1.838550581804265782e-01	1.122600405227215797e-01	2.961862619822880349e-01	1.852718210185635705e-01	8.685405616468531986e-02	3.876547124478376544e-02	9.680729088646862490e-02
1.930270315248458019e+03	1.835708093921990802e-01	1.120694944021083522e-01	2.963665871752656500e-01	1.853952414485307565e-01	8.690780851891242997e-02	3.880427256590517071e-02	9.688578649701598544e-02
1.935108085462113195e+03	1.832881596368098887e-01	1.118800204443375079e-01	2.965458444261491744e-01	1.855179613082899859e-01	8.696126822477168172e-02	3.884289634477026965e-02	9.696384961480886133e-02
1.939945855675768371e+03	1.830070999046519431e-01	1.116916126065159581e-01	2.967240401534021466e-01	1.856399845923420444e-01	8.701443685806517503e-02	3.888134327722835015e-02	9.704148260773179380e-02
1.944783625889424002e+03	1.827276212369889352e-01	1.115042648798849345e-01	2.969011807362467725e-01	1.857613152722654426e-01	8.706731598624573021e-02	3.891961405747110248e-02	9.711868783083447976e-02
1.949621396103079178e+03	1.824497147256675667e-01	1.113179712896264772e-01	2.970772725149083970e-01	1.858819572968496425e-01	8.711990716846015892e-02	3.895770937802511824e-02	9.719546762639998116e-02
1.954459166316734354e+03	1.821733715128310283e-01	1.111327258946712693e-01	2.972523217908583648e-01	1.860019145922273409e-01	8.717221195559220204e-02	3.899562992974452830e-02	9.727182432401260126e-02
1.959296936530389530e+03	1.818985827906341723e-01	1.109485227875073310e-01	2.974263348270553275e-01	1.861211910620060306e-01	8.722423189030531487e-02	3.903337640180384871e-02	9.734776024062534450e-02
1.964134706744044706e+03	1.816253398009605446e-01	1.107653560939900472e-01	2.975993178481848300e-01	1.862397905873986459e-01	8.727596850708518872e-02	3.907094948169093085e-02	9.742327768062716831e-02
1.968972476957700337e+03	1.813536338351405819e-01	1.105832199731530685e-01	2.977712770408980081e-01	1.863577170273536254e-01	8.732742333228217524e-02	3.910834985520016127e-02	9.749837893590974913e-02
1.973810247171355968e+03	1.810834562336719189e-01	1.104021086170203503e-01	2.979422185540477885e-01	1.864749742186841142e-01	8.737859788415335005e-02	3.914557820642573099e-02	9.757306628593408193e-02
1.978648017385010689e+03	1.808147983859408892e-01	1.102220162504193302e-01	2.981121484989247561e-01	1.865915659761962220e-01	8.742949367290442364e-02	3.918263521775511987e-02	9.764734199779655233e-02
1.983485787598666320e+03	1.805476517299457739e-01	1.100429371307950766e-01	2.982810729494905222e-01	1.867074960928167271e-01	8.748011220073151351e-02	3.921952156986273363e-02	9.772120832629484222e-02
1.988323557812321269e+03	1.802820077520216058e-01	1.098648655480255754e-01	2.984489979426102613e-01	1.868227683397200023e-01	8.753045496186259711e-02	3.925623794170366582e-02	9.779466751399343294e-02
1.993161328025976900e+03	1.800178579865666095e-01	1.096877958242379464e-01	2.986159294782833595e-01	1.869373864664540530e-01	8.758052344259878441e-02	3.929278501050764705e-02	9.786772179128876148e-02
1.997999098239632076e+03	1.797551940157699757e-01	1.095117223136258533e-01	2.987818735198728981e-01	1.870513542010658337e-01	8.763031912135545165e-02	3.932916345177310535e-02	9.794037337647407138e-02
2.002836868453287707e+03	1.794940074693414656e-01	1.093366394022678573e-01	2.989468359943335263e-01	1.871646752502258981e-01	8.767984346870304202e-02	3.936537393926143463e-02	9.801262447580391668e-02
2.007674638666942428e+03	1.792342900242422932e-01	1.091625415079467837e-01	2.991108227924380580e-01	1.872773532993523282e-01	8.772909794740786638e-02	3.940141714499137415e-02	9.808447728355840223e-02
2.012512408880597604e+03	1.789760334044177836e-01	1.089894230799702407e-01	2.992738397690024033e-01	1.873893920127337465e-01	8.777808401247243208e-02	3.943729373923351295e-02	9.815593398210700760e-02
2.017350179094252780e+03	1.787192293805313081e-01	1.088172785989919983e-01	2.994358927431091111e-01	1.875007950336517182e-01	8.782680311117578575e-02	3.947300439050500237e-02	9.822699674197214736e-02
2.022187949307908411e+03	1.784638697696998844e-01	1.086461025768345329e-01	2.995969874983298031e-01	1.876115659845024874e-01	8.787525668311355065e-02	3.950854976556434500e-02	9.829766772189239832e-02
2.027025719521564042e+03	1.782099464352313034e-01	1.084758895563124603e-01	2.997571297829458858e-01	1.877217084669177971e-01	8.792344616023778370e-02	3.954393052940636394e-02	9.836794906888535195e-02
2.031863489735218764e+03	1.779574512863625613e-01	1.083066341110570235e-01	2.999163253101678750e-01	1.878312260618852092e-01	8.797137296689665209e-02	3.957914734525731087e-02	9.843784291831025879e-02
2.036701259948874394e+03	1.777063762780000111e-01	1.081383308453415792e-01	3.000745797583534435e-01	1.879401223298675372e-01	8.801903851987390170e-02	3.961420087457010603e-02	9.850735139393022866e-02
2.041539030162529116e+03	1.774567134104608201e-01	1.079709743939080563e-01	3.002318987712242482e-01	1.880484008109216676e-01	8.806644422842806186e-02	3.964909177701970294e-02	9.857647660797420885e-02
2.046376800376184747e+03	1.772084547292159806e-01	1.078045594217945241e-01	3.003882879580809240e-01	1.881560650248166044e-01	8.811359149433158067e-02	3.968382071049858517e-02	9.864522066119858767e-02
2.051214570589840150e+03	1.769615923246347922e-01	1.076390806241634551e-01	3.005437528940169689e-01	1.882631184711509031e-01	8.816048171190964122e-02	3.971838833111245026e-02	9.871358564294852034e-02
2.056052340803495554e+03	1.767161183317306206e-01	1.074745327261312638e-01	3.006982991201316846e-01	1.883695646294693549e-01	8.820711626807889449e-02	3.975279529317594929e-02	9.878157363121886636e-02
2.060890111017150957e+03	1.764720249299084609e-01	1.073109104825987203e-01	3.008519321437410632e-01	1.884754069593789494e-01	8.825349654238588692e-02	3.978704224920860677e-02	9.884918669271494651e-02
2.065727881230805451e+03	1.762293043427134720e-01	1.071482086780821963e-01	3.010046574385876750e-01	1.885806489006641995e-01	8.829962390704533537e-02	3.982112984993085164e-02	9.891642688291289731e-02
2.070565651444461309e+03	1.759879488375813428e-01	1.069864221265460491e-01	3.011564804450492239e-01	1.886852938734017993e-01	8.834549972697829101e-02	3.985505874426018003e-02	9.898329624611966471e-02
2.075403421658116713e+03	1.757479507255899354e-01	1.068255456712358525e-01	3.013074065703459925e-01	1.887893452780745052e-01	8.839112535984998409e-02	3.988882957930744988e-02	9.904979681553284510e-02
2.080241191871772116e+03	1.755093023612121217e-01	1.066655741845126265e-01	3.014574411887464001e-01	1.888928064956845176e-01	8.843650215610752985e-02	3.992244300037328664e-02	9.911593061330006837e-02
2.085078962085427065e+03	1.752719961420703965e-01	1.065065025676879829e-01	3.016065896417719494e-01	1.889956808878659467e-01	8.848163145901749571e-02	3.995589965094461377e-02	9.918169965057813120e-02
2.089916732299082469e+03	1.750360245086927391e-01	1.063483257508602148e-01	3.017548572384002870e-01	1.890979717969968610e-01	8.852651460470319089e-02	3.998920017269130822e-02	9.924710592759190819e-02
2.094754502512737417e+03	1.748013799442696137e-01	1.061910386927513300e-01	3.019022492552673742e-01	1.891996825463105325e-01	8.857115292218181724e-02	4.002234520546299468e-02	9.931215143369277742e-02
2.099592272726392821e+03	1.745680549744128007e-01	1.060346363805449721e-01	3.020487709368682161e-01	1.893008164400061255e-01	8.861554773340143965e-02	4.005533538728591608e-02	9.937683814741693489e-02
2.104430042940048224e+03	1.743360421669151450e-01	1.058791138297253132e-01	3.021944274957563681e-01	1.894013767633585532e-01	8.865970035327777610e-02	4.008817135435995688e-02	9.944116803654325099e-02
2.109267813153704083e+03	1.741053341315121350e-01	1.057244660839168071e-01	3.023392241127419999e-01	1.895013667828278070e-01	8.870361208973076561e-02	4.012085374105578417e-02	9.950514305815093274e-02
2.114105583367359031e+03	1.738759235196443709e-01	1.055706882147249420e-01	3.024831659370892378e-01	1.896007897461678138e-01	8.874728424372092805e-02	4.015338317991205830e-02	9.956876515867686683e-02
2.118943353581013525e+03	1.736478030242216142e-01	1.054177753215777835e-01	3.026262580867114527e-01	1.896996488825342664e-01	8.879071810928566844e-02	4.018576030163281687e-02	9.963203627397261564e-02
2.123781123794669384e+03	1.734209653793882533e-01	1.052657225315684897e-01	3.027685056483659931e-01	1.897979474025921209e-01	8.883391497357523425e-02	4.021798573508491431e-02	9.969495832936119128e-02
2.128618894008324787e+03	1.731954033602900456e-01	1.051145249992986863e-01	3.029099136778473089e-01	1.898956884986223170e-01	8.887687611688861733e-02	4.025006010729562794e-02	9.975753323969345499e-02
2.133456664221980191e+03	1.729711097828420252e-01	1.049641779067228275e-01	3.030504872001792416e-01	1.899928753446280538e-01	8.891960281270924749e-02	4.028198404345031264e-02	9.981976290940433594e-02
2.138294434435635139e+03	1.727480775034978266e-01	1.048146764629932781e-01	3.031902312098055385e-01	1.900895110964401502e-01	8.896209632774040865e-02	4.031375816689021507e-02	9.988164923256862004e-02
2.143132204649290543e+03	1.725262994190204235e-01	1.046660159043063948e-01	3.033291506707795904e-01	1.901855988918220164e-01	8.900435792194061335e-02	4.034538309911036430e-02	9.994319409295653045e-02
2.147969974862945492e+03	1.723057684662541167e-01	1.045181914937494544e-01	3.034672505169530021e-01	1.902811418505739871e-01	8.904638884855875514e-02	4.037685945975758722e-02	1.000043993640890583e-01
2.152807745076601350e+03	1.720864776218976600e-01	1.043711985211484700e-01	3.036045356521624439e-01	1.903761430746368499e-01	8.908819035416901122e-02	4.040818786662858653e-02	1.000652669092928770e-01
2.157645515290255844e+03	1.718684199022788572e-01	1.042250323029167702e-01	3.037410109504161682e-01	1.904706056481950682e-01	8.912976367870568961e-02	4.043936893566817820e-02	1.001257985817551321e-01
2.162483285503912157e+03	1.716515883631304362e-01	1.040796881819046199e-01	3.038766812560785291e-01	1.905645326377790882e-01	8.917111005549777092e-02	4.047040328096758455e-02	1.001859962245778141e-01
2.167321055717567106e+03	1.714359760993670601e-01	1.039351615272495061e-01	3.040115513840536687e-01	1.906579270923673963e-01	8.921223071130340854e-02	4.050129151476288686e-02	1.002458616708318678e-01
2.172158825931222509e+03	1.712215762448637546e-01	1.037914477342273961e-01	3.041456261199683153e-01	1.907507920434874937e-01	8.925312686634415127e-02	4.053203424743345717e-02	1.003053967436111360e-01
2.176996596144877003e+03	1.710083819722353904e-01	1.036485422241048004e-01	3.042789102203530827e-01	1.908431305053168714e-01	8.929379973433904105e-02	4.056263208750064686e-02	1.003646032560858575e-01
2.181834366358532861e+03	1.707963864926177189e-01	1.035064404439916819e-01	3.044114084128224929e-01	1.909349454747828467e-01	8.933425052253853027e-02	4.059308564162642657e-02	1.004234830115560140e-01
2.186672136572187810e+03	1.705855830554493247e-01	1.033651378666952114e-01	3.045431253962542217e-01	1.910262399316621507e-01	8.937448043175819090e-02	4.062339551461222054e-02	1.004820378035042872e-01
2.191509906785843214e+03	1.703759649482550487e-01	1.032246299905743153e-01	3.046740658409673452e-01	1.911170168386798762e-01	8.941449065641238203e-02	4.065356230939778936e-02	1.005402694156488780e-01
2.196347676999498617e+03	1.701675254964306050e-01	1.030849123393950961e-01	3.048042343888985872e-01	1.912072791416077056e-01	8.945428238454751491e-02	4.068358662706021006e-02	1.005981796219958951e-01
2.201185447213154021e+03	1.699602580630282800e-01	1.029459804621870311e-01	3.049336356537785675e-01	1.912970297693617483e-01	8.949385679787541514e-02	4.071346906681296701e-02	1.006557701868915911e-01
2.206023217426809424e+03	1.697541560485439638e-01	1.028078299331000034e-01	3.050622742213062177e-01	1.913862716340996584e-01	8.953321507180633798e-02	4.074321022600507075e-02	1.007130428650742787e-01
2.210860987640464373e+03	1.695492128907054308e-01	1.026704563512622070e-01	3.051901546493223649e-01	1.914750076313172789e-01	8.957235837548188639e-02	4.077281070012038489e-02	1.007699994017259848e-01
2.215698757854119776e+03	1.693454220642617025e-01	1.025338553406387604e-01	3.053172814679819824e-01	1.915632406399447041e-01	8.961128787180766553e-02	4.080227108277691833e-02	1.008266415325237975e-01
2.220536528067775180e+03	1.691427770807737430e-01	1.023980225498911517e-01	3.054436591799257195e-01	1.916509735224417033e-01	8.965000471748597877e-02	4.083159196572626326e-02	1.008829709836909783e-01
2.225374298281430583e+03	1.689412714884061528e-01	1.022629536522375038e-01	3.055692922604499873e-01	1.917382091248927556e-01	8.968851006304812135e-02	4.086077393885312325e-02	1.009389894720478242e-01
2.230212068495085077e+03	1.687408988717202241e-01	1.021286443453136711e-01	3.056941851576763236e-01	1.918249502771013082e-01	8.972680505288671560e-02	4.088981759017490392e-02	1.009946987050622386e-01
2.235049838708740936e+03	1.685416528514681045e-01	1.019950903510350171e-01	3.058183422927194806e-01	1.919111997926836732e-01	8.976489082528769925e-02	4.091872350584140755e-02	1.010501003809000098e-01
2.239887608922396339e+03	1.683435270843881004e-01	1.018622874154590657e-01	3.059417680598542910e-01	1.919969604691622034e-01	8.980276851246228598e-02	4.094749227013457643e-02	1.011051961884748551e-01
2.244725379136052197e+03	1.681465152630012283e-01	1.017302313086489163e-01	3.060644668266817581e-01	1.920822350880581619e-01	8.984043924057873165e-02	4.097612446546836790e-02	1.011599878074982972e-01
2.249563149349706237e+03	1.679506111154087100e-01	1.015989178245373797e-01	3.061864429342939786e-01	1.921670264149838159e-01	8.987790412979389243e-02	4.100462067238867803e-02	1.012144769085290275e-01
2.254400919563362095e+03	1.677558084050909670e-01	1.014683427807920035e-01	3.063077006974381788e-01	1.922513371997341125e-01	8.991516429428465795e-02	4.103298146957332776e-02	1.012686651530222970e-01
2.259238689777017044e+03	1.675621009307073916e-01	1.013385020186807067e-01	3.064282444046794729e-01	1.923351701763777177e-01	8.995222084227924575e-02	4.106120743383218086e-02	1.013225541933788360e-01
2.264076459990672902e+03	1.673694825258975061e-01	1.012093914029382896e-01	3.065480783185627334e-01	1.924185280633477768e-01	8.998907487608831524e-02	4.108929914010727574e-02	1.013761456729936616e-01
