1.001418434226643626e+03	2.823033724538721034e-01	1.774997699318550115e-01	2.331445510687493450e-01	1.417384291368832538e-01	6.857765871282275882e-02	2.733982869893634288e-02	6.939638999682221088e-02
1.002869765290740247e+03	2.820511331333430682e-01	1.773319348562231168e-01	2.333201387169959451e-01	1.418459375075303286e-01	6.862212379205609447e-02	2.736661499082699428e-02	6.946211700296542335e-02
1.004321096354836754e+03	2.817993213733318014e-01	1.771643843365775794e-01	2.334954227969956442e-01	1.419532506332930322e-01	6.866651385147533315e-02	2.739337062957326874e-02	6.952773637869437418e-02
1.005772427418933376e+03	2.815479364469140044e-01	1.769971178896196373e-01	2.336704038255832394e-01	1.420603689040173534e-01	6.871082901898252493e-02	2.742009561908789750e-02	6.959324829573636240e-02
1.007223758483029997e+03	2.812969776284191536e-01	1.768301350328652932e-01	2.338450823187145922e-01	1.421672927086507776e-01	6.875506942227102569e-02	2.744678996343641666e-02	6.965865292558383326e-02
1.008675089547126618e+03	2.810464441934275581e-01	1.766634352846438716e-01	2.340194587914680713e-01	1.422740224352449512e-01	6.879923518882581635e-02	2.747345366683639351e-02	6.972395043949439208e-02
1.010126420611223239e+03	2.807963354187681393e-01	1.764970181640971858e-01	2.341935337580461629e-01	1.423805584709582350e-01	6.884332644592375261e-02	2.750008673365666664e-02	6.978914100849088753e-02
1.011577751675319632e+03	2.805466505825159329e-01	1.763308831911781505e-01	2.343673077317768583e-01	1.424869012020582304e-01	6.888734332063388421e-02	2.752668916841659666e-02	6.985422480336134221e-02
1.013029082739416367e+03	2.802973889639897020e-01	1.761650298866497544e-01	2.345407812251151802e-01	1.425930510139242768e-01	6.893128593981771857e-02	2.755326097578529587e-02	6.991920199465906371e-02
1.014480413803512761e+03	2.800485498437494392e-01	1.759994577720838949e-01	2.347139547496447931e-01	1.426990082910498947e-01	6.897515443012949832e-02	2.757980216058087894e-02	6.998407275270263073e-02
1.015931744867609382e+03	2.798001325035939235e-01	1.758341663698602120e-01	2.348868288160793072e-01	1.428047734170454497e-01	6.901894891801654830e-02	2.760631272776971692e-02	7.004883724757593466e-02
1.017383075931706003e+03	2.795521362265585008e-01	1.756691552031648951e-01	2.350594039342639163e-01	1.429103467746404010e-01	6.906266952971949757e-02	2.763279268246567402e-02	7.011349564912820742e-02
1.018834406995802851e+03	2.793045602969125296e-01	1.755044237959896281e-01	2.352316806131768967e-01	1.430157287456860493e-01	6.910631639127255699e-02	2.765924202992938244e-02	7.017804812697409078e-02
1.020285738059899245e+03	2.790574040001570499e-01	1.753399716731302571e-01	2.354036593609309669e-01	1.431209197111578679e-01	6.914988962850386611e-02	2.768566077556748606e-02	7.024249485049365027e-02
1.021737069123995752e+03	2.788106666230225072e-01	1.751757983601857638e-01	2.355753406847748976e-01	1.432259200511578900e-01	6.919338936703571530e-02	2.771204892493189451e-02	7.030683598883243068e-02
1.023188400188092373e+03	2.785643474534662545e-01	1.750119033835570714e-01	2.357467250910949552e-01	1.433307301449173732e-01	6.923681573228487873e-02	2.773840648371906151e-02	7.037107171090152546e-02
1.024639731252188767e+03	2.783184457806702206e-01	1.748482862704457963e-01	2.359178130854164002e-01	1.434353503707990196e-01	6.928016884946282261e-02	2.776473345776923202e-02	7.043520218537759059e-02
1.026091062316285615e+03	2.780729608950386900e-01	1.746849465488531372e-01	2.360886051724048751e-01	1.435397811062996132e-01	6.932344884357609371e-02	2.779102985306571710e-02	7.049922758070290008e-02
1.027542393380382237e+03	2.778278920881960268e-01	1.745218837475786822e-01	2.362591018558679867e-01	1.436440227280522675e-01	6.936665583942648594e-02	2.781729567573416884e-02	7.056314806508544313e-02
1.028993724444478858e+03	2.775832386529838991e-01	1.743590973962191593e-01	2.364293036387566938e-01	1.437480756118290071e-01	6.940978996161138725e-02	2.784353093204184129e-02	7.062696380649895189e-02
1.030445055508575479e+03	2.773389998834596692e-01	1.741965870251673543e-01	2.365992110231668888e-01	1.438519401325430713e-01	6.945285133452407111e-02	2.786973562839687238e-02	7.069067497268299860e-02
1.031896386572671872e+03	2.770951750748935627e-01	1.740343521656108616e-01	2.367688245103407585e-01	1.439556166642513291e-01	6.949584008235391852e-02	2.789590977134755526e-02	7.075428173114299557e-02
1.033347717636768493e+03	2.768517635237665031e-01	1.738723923495308910e-01	2.369381446006682268e-01	1.440591055801566933e-01	6.953875632908672333e-02	2.792205336758162362e-02	7.081778424915033399e-02
1.034799048700865114e+03	2.766087645277678364e-01	1.737107071097011290e-01	2.371071717936885648e-01	1.441624072526105360e-01	6.958160019850498368e-02	2.794816642392553702e-02	7.088118269374239777e-02
1.036250379764961508e+03	2.763661773857932213e-01	1.735492959796864632e-01	2.372759065880916673e-01	1.442655220531149918e-01	6.962437181418817955e-02	2.797424894734375569e-02	7.094447723172268849e-02
1.037701710829058356e+03	2.761240013979421870e-01	1.733881584938417875e-01	2.374443494817196909e-01	1.443684503523254281e-01	6.966707129951302258e-02	2.800030094493803981e-02	7.100766802966085312e-02
1.039153041893154750e+03	2.758822358655159124e-01	1.732272941873109207e-01	2.376125009715682745e-01	1.444711925200526659e-01	6.970969877765373357e-02	2.802632242394672082e-02	7.107075525389276727e-02
1.040604372957251599e+03	2.756408800910149504e-01	1.730667025960252736e-01	2.377803615537882331e-01	1.445737489252654773e-01	6.975225437158237562e-02	2.805231339174402150e-02	7.113373907052068790e-02
1.042055704021347992e+03	2.753999333781370629e-01	1.729063832567026837e-01	2.379479317236868618e-01	1.446761199360928063e-01	6.979473820406902063e-02	2.807827385583932384e-02	7.119661964541322552e-02
1.043507035085444613e+03	2.751593950317750004e-01	1.727463357068462213e-01	2.381152119757294350e-01	1.447783059198261557e-01	6.983715039768215171e-02	2.810420382387648561e-02	7.125939714420552462e-02
1.044958366149541234e+03	2.749192643580141149e-01	1.725865594847430240e-01	2.382822028035405659e-01	1.448803072429219740e-01	6.987949107478881594e-02	2.813010330363312564e-02	7.132207173229927755e-02
1.046409697213637855e+03	2.746795406641304171e-01	1.724270541294629921e-01	2.384489046999058171e-01	1.449821242710038482e-01	6.992176035755499897e-02	2.815597230301993686e-02	7.138464357486287715e-02
1.047861028277734476e+03	2.744402232585880785e-01	1.722678191808577064e-01	2.386153181567729487e-01	1.450837573688649185e-01	6.996395836794583323e-02	2.818181083007998897e-02	7.144711283683150005e-02
1.049312359341831097e+03	2.742013114510373772e-01	1.721088541795590399e-01	2.387814436652534178e-01	1.451852069004700985e-01	7.000608522772591713e-02	2.820761889298804143e-02	7.150947968290712053e-02
1.050763690405927491e+03	2.739628045523124222e-01	1.719501586669781867e-01	2.389472817156239048e-01	1.452864732289584626e-01	7.004814105845950933e-02	2.823339650004983922e-02	7.157174427755871871e-02
1.052215021470024112e+03	2.737247018744293214e-01	1.717917321853041634e-01	2.391128327973275347e-01	1.453875567166454108e-01	7.009012598151091733e-02	2.825914365970143977e-02	7.163390678502230824e-02
1.053666352534120733e+03	2.734870027305832951e-01	1.716335742775029205e-01	2.392780973989755700e-01	1.454884577250250555e-01	7.013204011804466398e-02	2.828486038050851553e-02	7.169596736930107517e-02
1.055117683598217127e+03	2.732497064351472882e-01	1.714756844873158159e-01	2.394430760083485765e-01	1.455891766147724975e-01	7.017388358902582057e-02	2.831054667116568099e-02	7.175792619416546114e-02
1.056569014662313975e+03	2.730128123036691945e-01	1.713180623592585883e-01	2.396077691123980336e-01	1.456897137457459357e-01	7.021565651522025664e-02	2.833620254049581261e-02	7.181978342315328834e-02
1.058020345726410369e+03	2.727763196528701917e-01	1.711607074386201077e-01	2.397721771972476934e-01	1.457900694769891092e-01	7.025735901719488974e-02	2.836182799744937227e-02	7.188153921956981496e-02
1.059471676790506763e+03	2.725402278006420764e-01	1.710036192714611547e-01	2.399363007481949139e-01	1.458902441667333516e-01	7.029899121531800466e-02	2.838742305110371691e-02	7.194319374648794341e-02
1.060923007854603611e+03	2.723045360660455994e-01	1.708467974046131155e-01	2.401001402497122406e-01	1.459902381724000608e-01	7.034055322975948932e-02	2.841298771066244275e-02	7.200474716674823417e-02
1.062374338918700232e+03	2.720692437693080223e-01	1.706902413856769274e-01	2.402636961854486275e-01	1.460900518506027534e-01	7.038204518049109848e-02	2.843852198545470875e-02	7.206619964295907232e-02
1.063825669982796853e+03	2.718343502318211202e-01	1.705339507630217466e-01	2.404269690382309643e-01	1.461896855571492848e-01	7.042346718728674515e-02	2.846402588493457744e-02	7.212755133749679248e-02
1.065277001046893474e+03	2.715998547761390158e-01	1.703779250857837269e-01	2.405899592900654915e-01	1.462891396470441807e-01	7.046481936972277815e-02	2.848949941868033145e-02	7.218880241250572039e-02
1.066728332110990095e+03	2.713657567259760706e-01	1.702221639038648260e-01	2.407526674221391050e-01	1.463884144744907745e-01	7.050610184717821805e-02	2.851494259639382814e-02	7.224995302989840884e-02
1.068179663175086489e+03	2.711320554062048860e-01	1.700666667679316402e-01	2.409150939148208825e-01	1.464875103928933719e-01	7.054731473883502080e-02	2.854035542789983004e-02	7.231100335135567936e-02
1.069630994239183110e+03	2.708987501428539169e-01	1.699114332294140994e-01	2.410772392476633330e-01	1.465864277548594996e-01	7.058845816367838311e-02	2.856573792314535259e-02	7.237195353832674705e-02
1.071082325303279504e+03	2.706658402631056948e-01	1.697564628405042186e-01	2.412391038994040338e-01	1.466851669122020418e-01	7.062953224049700607e-02	2.859109009219899800e-02	7.243280375202940102e-02
1.072533656367376352e+03	2.704333250952944412e-01	1.696017551541550150e-01	2.414006883479666854e-01	1.467837282159414891e-01	7.067053708788331723e-02	2.861641194525030990e-02	7.249355415345007381e-02
1.073984987431472746e+03	2.702012039689042910e-01	1.694473097240792592e-01	2.415619930704628604e-01	1.468821120163080196e-01	7.071147282423380365e-02	2.864170349260913503e-02	7.255420490334399397e-02
1.075436318495569594e+03	2.699694762145669613e-01	1.692931261047480873e-01	2.417230185431930856e-01	1.469803186627437475e-01	7.075233956774920618e-02	2.866696474470494319e-02	7.261475616223533880e-02
1.076887649559666215e+03	2.697381411640598636e-01	1.691392038513899465e-01	2.418837652416483963e-01	1.470783485039047489e-01	7.079313743643486645e-02	2.869219571208621311e-02	7.267520809041733143e-02
1.078338980623762609e+03	2.695071981503038838e-01	1.689855425199893735e-01	2.420442336405116690e-01	1.471762018876633660e-01	7.083386654810092109e-02	2.871739640541976640e-02	7.273556084795240739e-02
1.079790311687859230e+03	2.692766465073613280e-01	1.688321416672856901e-01	2.422044242136590919e-01	1.472738791611102327e-01	7.087452702036260710e-02	2.874256683549013952e-02	7.279581459467231175e-02
1.081241642751955851e+03	2.690464855704340352e-01	1.686790008507717820e-01	2.423643374341613865e-01	1.473713806705564400e-01	7.091511897064052550e-02	2.876770701319894541e-02	7.285596949017829338e-02
1.082692973816052472e+03	2.688167146758611570e-01	1.685261196286929886e-01	2.425239737742852508e-01	1.474687067615357006e-01	7.095564251616087725e-02	2.879281694956422472e-02	7.291602569384117438e-02
1.084144304880149093e+03	2.685873331611172143e-01	1.683734975600457429e-01	2.426833337054948025e-01	1.475658577788063752e-01	7.099609777395579635e-02	2.881789665571982476e-02	7.297598336480157211e-02
1.085595635944245487e+03	2.683583403648100996e-01	1.682211342045764890e-01	2.428424176984528560e-01	1.476628340663536376e-01	7.103648486086353020e-02	2.884294614291475073e-02	7.303584266196999630e-02
1.087046967008342108e+03	2.681297356266788001e-01	1.680690291227803224e-01	2.430012262230223652e-01	1.477596359673915838e-01	7.107680389352874495e-02	2.886796542251256203e-02	7.309560374402696015e-02
1.088498298072438729e+03	2.679015182875915668e-01	1.679171818758999346e-01	2.431597597482677564e-01	1.478562638243653138e-01	7.111705498840281692e-02	2.889295450599072348e-02	7.315526676942320228e-02
1.089949629136535123e+03	2.676736876895440820e-01	1.677655920259241984e-01	2.433180187424562047e-01	1.479527179789530689e-01	7.115723826174405464e-02	2.891791340493998774e-02	7.321483189637979783e-02
1.091400960200631971e+03	2.674462431756569059e-01	1.676142591355871403e-01	2.434760036730591326e-01	1.480489987720681744e-01	7.119735382961797643e-02	2.894284213106377429e-02	7.327429928288829719e-02
1.092852291264728365e+03	2.672191840901739779e-01	1.674631827683666085e-01	2.436337150067535429e-01	1.481451065438612325e-01	7.123740180789757404e-02	2.896774069617754840e-02	7.333366908671089257e-02
1.094303622328825213e+03	2.669925097784603962e-01	1.673123624884830796e-01	2.437911532094232947e-01	1.482410416337222037e-01	7.127738231226360410e-02	2.899260911220820358e-02	7.339294146538059838e-02
1.095754953392921607e+03	2.667662195870004194e-01	1.671617978608984645e-01	2.439483187461605473e-01	1.483368043802823499e-01	7.131729545820481020e-02	2.901744739119343705e-02	7.345211657620134837e-02
1.097206284457018228e+03	2.665403128633955787e-01	1.670114884513148601e-01	2.441052120812670923e-01	1.484323951214163995e-01	7.135714136101818650e-02	2.904225554528114955e-02	7.351119457624817610e-02
1.098657615521114849e+03	2.663147889563624582e-01	1.668614338261733276e-01	2.442618336782556021e-01	1.485278141942445174e-01	7.139692013580928309e-02	2.906703358672883125e-02	7.357017562236739527e-02
1.100108946585211470e+03	2.660896472157309733e-01	1.667116335526527549e-01	2.444181839998511574e-01	1.486230619351344151e-01	7.143663189749245579e-02	2.909178152790295457e-02	7.362905987117675244e-02
1.101560277649308091e+03	2.658648869924421509e-01	1.665620871986685514e-01	2.445742635079924676e-01	1.487181386797032656e-01	7.147627676079108816e-02	2.911649938127836013e-02	7.368784747906552413e-02
1.103011608713404712e+03	2.656405076385464636e-01	1.664127943328714831e-01	2.447300726638331758e-01	1.488130447628198960e-01	7.151585484023789685e-02	2.914118715943764953e-02	7.374653860219478052e-02
1.104462939777501106e+03	2.654165085072015540e-01	1.662637545246464510e-01	2.448856119277433296e-01	1.489077805186066750e-01	7.155536625017519525e-02	2.916584487507060605e-02	7.380513339649746873e-02
1.105914270841597499e+03	2.651928889526704580e-01	1.661149673441112973e-01	2.450408817593106581e-01	1.490023462804415388e-01	7.159481110475512944e-02	2.919047254097356658e-02	7.386363201767863484e-02
1.107365601905694348e+03	2.649696483303194960e-01	1.659664323621155568e-01	2.451958826173418482e-01	1.490967423809600734e-01	7.163418951793994183e-02	2.921507017004884230e-02	7.392203462121552104e-02
1.108816932969790741e+03	2.647467859966163850e-01	1.658181491502392635e-01	2.453506149598640163e-01	1.491909691520574011e-01	7.167350160350227650e-02	2.923963777530412186e-02	7.398034136235781544e-02
1.110268264033887590e+03	2.645243013091285178e-01	1.656701172807917566e-01	2.455050792441258178e-01	1.492850269248901796e-01	7.171274747502537350e-02	2.926417536985187473e-02	7.403855239612774919e-02
1.111719595097984211e+03	2.643021936265205762e-01	1.655223363268104320e-01	2.456592759265990022e-01	1.493789160298787388e-01	7.175192724590340188e-02	2.928868296690875783e-02	7.409666787732033244e-02
1.113170926162080832e+03	2.640804623085529768e-01	1.653748058620595762e-01	2.458132054629796615e-01	1.494726367967088854e-01	7.179104102934168175e-02	2.931316057979503273e-02	7.415468796050343758e-02
1.114622257226177226e+03	2.638591067160796499e-01	1.652275254610292010e-01	2.459668683081894791e-01	1.495661895543339559e-01	7.183008893835693409e-02	2.933760822193397927e-02	7.421261280001807681e-02
1.116073588290273847e+03	2.636381262110463197e-01	1.650804946989337385e-01	2.461202649163771461e-01	1.496595746309767327e-01	7.186907108577755832e-02	2.936202590685131272e-02	7.427044254997847150e-02
1.117524919354370468e+03	2.634175201564885049e-01	1.649337131517108479e-01	2.462733957409196095e-01	1.497527923541314421e-01	7.190798758424390980e-02	2.938641364817459051e-02	7.432817736427232980e-02
1.118976250418467089e+03	2.631972879165295764e-01	1.647871803960203607e-01	2.464262612344234604e-01	1.498458430505656691e-01	7.194683854620856356e-02	2.941077145963265013e-02	7.438581739656094372e-02
1.120427581482563710e+03	2.629774288563787588e-01	1.646408960092428375e-01	2.465788618487262385e-01	1.499387270463223842e-01	7.198562408393652245e-02	2.943509935505502287e-02	7.444336280027941122e-02
1.121878912546660331e+03	2.627579423423295202e-01	1.644948595694785964e-01	2.467311980348976252e-01	1.500314446667217472e-01	7.202434430950552247e-02	2.945939734837134741e-02	7.450081372863677498e-02
1.123330243610756725e+03	2.625388277417572969e-01	1.643490706555463809e-01	2.468832702432409709e-01	1.501239962363631331e-01	7.206299933480629638e-02	2.948366545361082516e-02	7.455817033461624443e-02
1.124781574674853118e+03	2.623200844231177165e-01	1.642035288469821941e-01	2.470350789232943767e-01	1.502163820791270477e-01	7.210158927154282360e-02	2.950790368490162352e-02	7.461543277097537619e-02
1.126232905738949967e+03	2.621017117559448772e-01	1.640582337240381328e-01	2.471866245238321103e-01	1.503086025181769869e-01	7.214011423123257993e-02	2.953211205647031726e-02	7.467260119024619891e-02
1.127684236803046360e+03	2.618837091108491832e-01	1.639131848676810832e-01	2.473379074928659105e-01	1.504006578759614632e-01	7.217857432520680128e-02	2.955629058264132650e-02	7.472967574473546315e-02
1.129135567867143209e+03	2.616660758595156233e-01	1.637683818595916663e-01	2.474889282776462918e-01	1.504925484742157538e-01	7.221696966461078893e-02	2.958043927783634425e-02	7.478665658652478010e-02
1.130586898931239830e+03	2.614488113747017728e-01	1.636238242821629607e-01	2.476396873246638208e-01	1.505842746339639548e-01	7.225530036040406223e-02	2.960455815657377782e-02	7.484354386747085752e-02
1.132038229995336451e+03	2.612319150302361281e-01	1.634795117184993929e-01	2.477901850796504213e-01	1.506758366755207301e-01	7.229356652336076106e-02	2.962864723346819024e-02	7.490033773920561078e-02
1.133489561059432845e+03	2.610153862010158865e-01	1.633354437524154046e-01	2.479404219875806781e-01	1.507672349184933092e-01	7.233176826406979842e-02	2.965270652322973821e-02	7.495703835313644037e-02
1.134940892123529466e+03	2.607992242630054469e-01	1.631916199684343705e-01	2.480903984926730033e-01	1.508584696817832915e-01	7.236990569293515196e-02	2.967673604066362741e-02	7.501364586044637073e-02
1.136392223187626087e+03	2.605834285932341898e-01	1.630480399517874046e-01	2.482401150383911625e-01	1.509495412835886174e-01	7.240797892017612758e-02	2.970073580066954003e-02	7.507016041209423063e-02
1.137843554251722708e+03	2.603679985697948673e-01	1.629047032884121393e-01	2.483895720674454133e-01	1.510404500414052609e-01	7.244598805582763701e-02	2.972470581824110045e-02	7.512658215881483359e-02
1.139294885315819101e+03	2.601529335718416602e-01	1.627616095649514760e-01	2.485387700217937812e-01	1.511311962720293389e-01	7.248393320974040599e-02	2.974864610846532018e-02	7.518291125111924156e-02
1.140746216379915950e+03	2.599382329795882907e-01	1.626187583687526139e-01	2.486877093426433927e-01	1.512217802915587217e-01	7.252181449158127957e-02	2.977255668652205312e-02	7.523914783929487593e-02
1.142197547444012343e+03	2.597238961743061902e-01	1.624761492878656344e-01	2.488363904704517515e-01	1.513122024153950307e-01	7.255963201083348579e-02	2.979643756768344046e-02	7.529529207340576735e-02
1.143648878508108737e+03	2.595099225383225572e-01	1.623337819110424463e-01	2.489848138449279047e-01	1.514024629582454151e-01	7.259738587679685773e-02	2.982028876731337638e-02	7.535134410329272225e-02
1.145100209572205586e+03	2.592963114550187465e-01	1.621916558277355924e-01	2.491329799050339688e-01	1.514925622341244116e-01	7.263507619858809716e-02	2.984411030086696684e-02	7.540730407857353101e-02
1.146551540636302207e+03	2.590830623088281603e-01	1.620497706280969730e-01	2.492808890889861850e-01	1.515825005563557759e-01	7.267270308514106603e-02	2.986790218388999871e-02	7.546317214864316225e-02
1.148002871700398828e+03	2.588701744852347497e-01	1.619081259029768183e-01	2.494285418342561678e-01	1.516722782375742595e-01	7.271026664520703620e-02	2.989166443201838122e-02	7.551894846267394323e-02
1.149454202764495449e+03	2.586576473707706825e-01	1.617667212439224400e-01	2.495759385775723482e-01	1.517618955897275801e-01	7.274776698735491154e-02	2.991539706097763249e-02	7.557463316961579580e-02
1.150905533828591842e+03	2.584454803530150113e-01	1.616255562431770099e-01	2.497230797549211401e-01	1.518513529240780036e-01	7.278520421997151935e-02	2.993910008658233826e-02	7.563022641819638903e-02
1.152356864892688463e+03	2.582336728205914533e-01	1.614846304936784771e-01	2.498699658015482439e-01	1.519406505512043426e-01	7.282257845126188789e-02	2.996277352473561764e-02	7.568572835692140288e-02
1.153808195956785084e+03	2.580222241631668911e-01	1.613439435890582918e-01	2.500165971519598407e-01	1.520297887810036497e-01	7.285988978924945458e-02	2.998641739142859919e-02	7.574113913407463927e-02
1.155259527020881706e+03	2.578111337714494300e-01	1.612034951236403502e-01	2.501629742399239520e-01	1.521187679226931044e-01	7.289713834177635743e-02	3.001003170273990051e-02	7.579645889771829959e-02
1.156710858084978327e+03	2.576004010371863995e-01	1.610632846924397732e-01	2.503090974984715777e-01	1.522075882848116235e-01	7.293432421650365705e-02	3.003361647483509742e-02	7.585168779569320674e-02
1.158162189149074720e+03	2.573900253531629656e-01	1.609233118911617133e-01	2.504549673598979731e-01	1.522962501752218589e-01	7.297144752091166975e-02	3.005717172396620007e-02	7.590682597561888845e-02
1.159613520213171569e+03	2.571800061131999104e-01	1.607835763162002440e-01	2.506005842557641472e-01	1.523847539011118635e-01	7.300850836230014795e-02	3.008069746647112908e-02	7.596187358489392416e-02
1.161064851277267962e+03	2.569703427121519668e-01	1.606440775646370833e-01	2.507459486168976959e-01	1.524730997689968115e-01	7.304550684778858549e-02	3.010419371877320893e-02	7.601683077069606997e-02
1.162516182341364356e+03	2.567610345459059862e-01	1.605048152342405943e-01	2.508910608733943559e-01	1.525612880847209418e-01	7.308244308431642577e-02	3.012766049738064764e-02	7.607169767998246679e-02
1.163967513405461204e+03	2.565520810113793848e-01	1.603657889234645084e-01	2.510359214546191708e-01	1.526493191534591121e-01	7.311931717864339486e-02	3.015109781888601626e-02	7.612647445948986236e-02
1.165418844469557826e+03	2.563434815065179784e-01	1.602269982314467878e-01	2.511805307892077122e-01	1.527371932797186582e-01	7.315612923734968187e-02	3.017450569996574239e-02	7.618116125573484720e-02
1.166870175533654447e+03	2.561352354302945389e-01	1.600884427580084590e-01	2.513248893050674115e-01	1.528249107673411433e-01	7.319287936683623041e-02	3.019788415737960016e-02	7.623575821501402117e-02
1.168321506597751068e+03	2.559273421827067407e-01	1.599501221036525311e-01	2.514689974293785601e-01	1.529124719195040782e-01	7.322956767332500227e-02	3.022123320797020021e-02	7.629026548340422931e-02
1.169772837661847461e+03	2.557198011647755509e-01	1.598120358695628018e-01	2.516128555885958629e-01	1.529998770387226426e-01	7.326619426285925496e-02	3.024455286866247969e-02	7.634468320676274233e-02
1.171224168725944082e+03	2.555126117785432860e-01	1.596741836576025531e-01	2.517564642084496596e-01	1.530871264268514609e-01	7.330275924130372212e-02	3.026784315646320958e-02	7.639901153072749251e-02
1.172675499790040703e+03	2.553057734270721135e-01	1.595365650703136351e-01	2.518998237139467022e-01	1.531742203850862682e-01	7.333926271434494659e-02	3.029110408846048125e-02	7.645325060071730960e-02
1.174126830854137097e+03	2.550992855144419980e-01	1.593991797109152175e-01	2.520429345293718759e-01	1.532611592139656864e-01	7.337570478749150249e-02	3.031433568182321375e-02	7.650740056193204575e-02
1.175578161918233945e+03	2.548931474457489799e-01	1.592620271833025958e-01	2.521857970782892533e-01	1.533479432133728615e-01	7.341208556607425884e-02	3.033753795380065080e-02	7.656146155935289466e-02
1.177029492982330339e+03	2.546873586271036216e-01	1.591251070920460808e-01	2.523284117835434270e-01	1.534345726825372958e-01	7.344840515524664326e-02	3.036071092172185765e-02	7.661543373774254428e-02
1.178480824046426733e+03	2.544819184656290645e-01	1.589884190423899168e-01	2.524707790672605090e-01	1.535210479200364297e-01	7.348466365998487793e-02	3.038385460299524235e-02	7.666931724164539885e-02
1.179932155110523581e+03	2.542768263694593078e-01	1.588519626402510043e-01	2.526128993508495735e-01	1.536073692237974186e-01	7.352086118508827095e-02	3.040696901510805267e-02	7.672311221538781478e-02
1.181383486174620202e+03	2.540720817477373772e-01	1.587157374922179010e-01	2.527547730550038230e-01	1.536935368910987698e-01	7.355699783517942458e-02	3.043005417562589035e-02	7.677681880307829498e-02
1.182834817238716823e+03	2.538676840106137700e-01	1.585797432055495171e-01	2.528964005997016429e-01	1.537795512185720082e-01	7.359307371470454051e-02	3.045311010219221848e-02	7.683043714860771090e-02
1.184286148302813444e+03	2.536636325692446792e-01	1.584439793881741165e-01	2.530377824042081558e-01	1.538654125022034524e-01	7.362908892793364191e-02	3.047613681252788614e-02	7.688396739564952453e-02
1.185737479366910065e+03	2.534599268357898838e-01	1.583084456486882063e-01	2.531789188870759988e-01	1.539511210373358252e-01	7.366504357896083710e-02	3.049913432443061498e-02	7.693740968766002442e-02
1.187188810431006686e+03	2.532565662234115833e-01	1.581731415963552045e-01	2.533198104661470440e-01	1.540366771186699735e-01	7.370093777170459715e-02	3.052210265577455506e-02	7.699076416787849209e-02
1.188640141495103080e+03	2.530535501462722880e-01	1.580380668411044687e-01	2.534604575585531205e-01	1.541220810402663677e-01	7.373677160990796398e-02	3.054504182450977837e-02	7.704403097932745192e-02
1.190091472559199701e+03	2.528508780195330985e-01	1.579032209935301856e-01	2.536008605807175131e-01	1.542073330955469890e-01	7.377254519713886960e-02	3.056795184866180001e-02	7.709721026481293482e-02
1.191542803623296322e+03	2.526485492593521509e-01	1.577686036648900947e-01	2.537410199483562390e-01	1.542924335772968558e-01	7.380825863679031651e-02	3.059083274633110985e-02	7.715030216692463083e-02
1.192994134687392716e+03	2.524465632828827300e-01	1.576342144671045442e-01	2.538809360764788803e-01	1.543773827776656893e-01	7.384391203208072463e-02	3.061368453569270065e-02	7.720330682803612510e-02
1.194445465751489564e+03	2.522449195082716589e-01	1.575000530127551313e-01	2.540206093793901942e-01	1.544621809881696062e-01	7.387950548605408396e-02	3.063650723499558928e-02	7.725622439030514765e-02
1.195896796815585958e+03	2.520436173546575787e-01	1.573661189150838136e-01	2.541600402706910566e-01	1.545468284996926178e-01	7.391503910158027379e-02	3.065930086256234144e-02	7.730905499567379546e-02
1.197348127879682352e+03	2.518426562421690051e-01	1.572324117879916050e-01	2.542992291632797941e-01	1.546313256024884064e-01	7.395051298135532636e-02	3.068206543678859977e-02	7.736179878586871284e-02
1.198799458943779200e+03	2.516420355919229968e-01	1.570989312460375764e-01	2.544381764693532944e-01	1.547156725861819071e-01	7.398592722790166276e-02	3.070480097614263632e-02	7.741445590240135510e-02
1.200250790007875821e+03	2.514417548260232116e-01	1.569656769044376898e-01	2.545768826004082830e-01	1.547998697397709178e-01	7.402128194356831503e-02	3.072750749916485641e-02	7.746702648656819679e-02
1.201702121071972442e+03	2.512418133675581866e-01	1.568326483790636883e-01	2.547153479672423781e-01	1.548839173516276813e-01	7.405657723053124530e-02	3.075018502446736149e-02	7.751951067945093976e-02
1.203153452136069063e+03	2.510422106405997278e-01	1.566998452864418745e-01	2.548535729799554228e-01	1.549678157095006337e-01	7.409181319079354011e-02	3.077283357073347728e-02	7.757190862191679082e-02
1.204604783200165684e+03	2.508429460702011893e-01	1.565672672437521951e-01	2.549915580479507060e-01	1.550515651005158202e-01	7.412698992618568794e-02	3.079545315671728539e-02	7.762422045461864206e-02
1.206056114264262078e+03	2.506440190823955860e-01	1.564349138688269913e-01	2.551293035799359621e-01	1.551351658111786436e-01	7.416210753836585678e-02	3.081804380124317233e-02	7.767644631799529298e-02
1.207507445328358699e+03	2.504454291041943725e-01	1.563027847801498615e-01	2.552668099839246474e-01	1.552186181273753351e-01	7.419716612882011619e-02	3.084060552320537496e-02	7.772858635227171409e-02
1.208958776392455093e+03	2.502471755635852224e-01	1.561708795968546337e-01	2.554040776672372726e-01	1.553019223343747590e-01	7.423216579886270095e-02	3.086313834156752603e-02	7.778064069745925513e-02
1.210410107456551941e+03	2.500492578895306961e-01	1.560391979387242833e-01	2.555411070365023463e-01	1.553850787168296887e-01	7.426710664963627473e-02	3.088564227536219273e-02	7.783260949335586709e-02
1.211861438520648335e+03	2.498516755119664090e-01	1.559077394261896843e-01	2.556778984976576519e-01	1.554680875587786948e-01	7.430198878211216607e-02	3.090811734369043259e-02	7.788449287954632427e-02
1.213312769584745183e+03	2.496544278617993939e-01	1.557765036803286651e-01	2.558144524559514132e-01	1.555509491436474212e-01	7.433681229709064586e-02	3.093056356572134943e-02	7.793629099540248795e-02
1.214764100648841804e+03	2.494575143709063803e-01	1.556454903228647046e-01	2.559507693159435715e-01	1.556336637542505008e-01	7.437157729520114946e-02	3.095298096069163188e-02	7.798800398008348678e-02
1.216215431712937971e+03	2.492609344721321563e-01	1.555146989761660992e-01	2.560868494815067287e-01	1.557162316727927764e-01	7.440628387690256806e-02	3.097536954790511277e-02	7.803963197253598050e-02
1.217666762777034819e+03	2.490646875992879594e-01	1.553841292632446303e-01	2.562226933558275355e-01	1.557986531808711050e-01	7.444093214248345691e-02	3.099772934673233546e-02	7.809117511149438196e-02
1.219118093841131440e+03	2.488687731871496167e-01	1.552537808077545933e-01	2.563583013414078016e-01	1.558809285594758565e-01	7.447552219206234059e-02	3.102006037661009935e-02	7.814263353548107915e-02
1.220569424905228061e+03	2.486731906714561291e-01	1.551236532339916596e-01	2.564936738400656058e-01	1.559630580889923290e-01	7.451005412558790730e-02	3.104236265704102271e-02	7.819400738280669894e-02
1.222020755969324682e+03	2.484779394889078952e-01	1.549937461668917382e-01	2.566288112529365173e-01	1.560450420492024703e-01	7.454452804283930034e-02	3.106463620759310901e-02	7.824529679157030126e-02
1.223472087033421303e+03	2.482830190771649903e-01	1.548640592320300324e-01	2.567637139804747060e-01	1.561268807192863484e-01	7.457894404342639560e-02	3.108688104789929588e-02	7.829650189965961515e-02
1.224923418097517697e+03	2.480884288748455846e-01	1.547345920556197074e-01	2.568983824224541079e-01	1.562085743778236502e-01	7.461330222679000979e-02	3.110909719765704573e-02	7.834762284475127458e-02
1.226374749161614318e+03	2.478941683215242497e-01	1.546053442645110299e-01	2.570328169779697025e-01	1.562901233027953474e-01	7.464760269220213629e-02	3.113128467662788779e-02	7.839865976431106831e-02
1.227826080225710712e+03	2.477002368577304048e-01	1.544763154861901744e-01	2.571670180454384558e-01	1.563715277715850283e-01	7.468184553876623666e-02	3.115344350463700174e-02	7.844961279559416190e-02
1.229277411289807560e+03	2.475066339249465952e-01	1.543475053487780857e-01	2.573009860226005419e-01	1.564527880609805632e-01	7.471603086541750427e-02	3.117557370157277366e-02	7.850048207564534752e-02
1.230728742353903954e+03	2.473133589656068276e-01	1.542189134810295625e-01	2.574347213065207862e-01	1.565339044471755758e-01	7.475015877092307248e-02	3.119767528738637968e-02	7.855126774129921052e-02
1.232180073418000802e+03	2.471204114230949878e-01	1.540905395123319810e-01	2.575682242935893873e-01	1.566148772057709415e-01	7.478422935388230608e-02	3.121974828209135924e-02	7.860196992918046244e-02
1.233631404482097196e+03	2.469277907417431750e-01	1.539623830727043230e-01	2.577014953795233043e-01	1.566957066117762865e-01	7.481824271272700944e-02	3.124179270576319181e-02	7.865258877570410756e-02
1.235082735546193817e+03	2.467354963668300372e-01	1.538344437927961494e-01	2.578345349593673119e-01	1.567763929396115696e-01	7.485219894572174570e-02	3.126380857853885975e-02	7.870312441707572049e-02
1.236534066610290438e+03	2.465435277445792162e-01	1.537067213038863511e-01	2.579673434274952770e-01	1.568569364631084706e-01	7.488609815096400335e-02	3.128579592061644238e-02	7.875357698929164041e-02
1.237985397674387059e+03	2.463518843221577104e-01	1.535792152378822051e-01	2.580999211776111024e-01	1.569373374555119716e-01	7.491994042638452922e-02	3.130775475225468230e-02	7.880394662813923479e-02
1.239436728738483680e+03	2.461605655476741261e-01	1.534519252273182643e-01	2.582322686027499481e-01	1.570175961894817729e-01	7.495372586974750895e-02	3.132968509377259680e-02	7.885423346919710752e-02
1.240888059802580301e+03	2.459695708701772898e-01	1.533248509053553588e-01	2.583643860952795079e-01	1.570977129370938474e-01	7.498745457865088615e-02	3.135158696554902341e-02	7.890443764783537650e-02
1.242339390866676695e+03	2.457788997396543607e-01	1.531979919057793460e-01	2.584962740469010090e-01	1.571776879698418838e-01	7.502112665052654283e-02	3.137346038802223125e-02	7.895455929921589566e-02
1.243790721930773088e+03	2.455885516070293872e-01	1.530713478630001956e-01	2.586279328486503770e-01	1.572575215586387021e-01	7.505474218264060471e-02	3.139530538168949780e-02	7.900459855829246314e-02
1.245242052994869937e+03	2.453985259241617256e-01	1.529449184120508787e-01	2.587593628908992915e-01	1.573372139738178632e-01	7.508830127209364935e-02	3.141712196710670646e-02	7.905455555981109883e-02
1.246693384058966330e+03	2.452088221438442628e-01	1.528187031885863134e-01	2.588905645633564068e-01	1.574167654851350295e-01	7.512180401582103928e-02	3.143891016488793017e-02	7.910443043831026644e-02
1.248144715123063179e+03	2.450194397198019458e-01	1.526927018288822546e-01	2.590215382550684620e-01	1.574961763617694077e-01	7.515525051059306072e-02	3.146066999570502204e-02	7.915422332812110939e-02
1.249596046187159800e+03	2.448303781066901164e-01	1.525669139698342947e-01	2.591522843544213361e-01	1.575754468723253032e-01	7.518864085301524280e-02	3.148240148028721291e-02	7.920393436336768678e-02
1.251047377251256421e+03	2.446416367600930120e-01	1.524413392489567531e-01	2.592828032491414358e-01	1.576545772848334526e-01	7.522197513952856573e-02	3.150410463942071582e-02	7.925356367796722312e-02
1.252498708315352815e+03	2.444532151365219896e-01	1.523159773043816501e-01	2.594130953262965278e-01	1.577335678667526053e-01	7.525525346640979385e-02	3.152577949394830964e-02	7.930311140563033045e-02
1.253950039379449436e+03	2.442651126934140826e-01	1.521908277748576510e-01	2.595431609722969046e-01	1.578124188849708287e-01	7.528847592977161440e-02	3.154742606476894362e-02	7.935257767986128585e-02
1.255401370443546057e+03	2.440773288891303072e-01	1.520658902997489570e-01	2.596730005728964952e-01	1.578911306058070618e-01	7.532164262556297063e-02	3.156904437283733489e-02	7.940196263395819798e-02
1.256852701507642678e+03	2.438898631829541919e-01	1.519411645190343607e-01	2.598026145131941966e-01	1.579697032950124480e-01	7.535475364956925604e-02	3.159063443916357294e-02	7.945126640101334015e-02
1.258304032571739299e+03	2.437027150350900839e-01	1.518166500733060531e-01	2.599320031776347628e-01	1.580481372177718613e-01	7.538780909741260583e-02	3.161219628481272415e-02	7.950048911391333073e-02
1.259755363635835920e+03	2.435158839066615677e-01	1.516923466037687074e-01	2.600611669500099699e-01	1.581264326387052666e-01	7.542080906455213285e-02	3.163372993090444313e-02	7.954963090533936909e-02
1.261206694699932314e+03	2.433293692597099933e-01	1.515682537522383411e-01	2.601901062134598375e-01	1.582045898218691071e-01	7.545375364628416348e-02	3.165523539861256341e-02	7.959869190776751313e-02
1.262658025764028707e+03	2.431431705571927837e-01	1.514443711611412613e-01	2.603188213504735171e-01	1.582826090307578037e-01	7.548664293774251521e-02	3.167671270916473658e-02	7.964767225346890134e-02
1.264109356828125556e+03	2.429572872629818803e-01	1.513206984735131488e-01	2.604473127428906798e-01	1.583604905283051700e-01	7.551947703389869093e-02	3.169816188384199512e-02	7.969657207451000258e-02
1.265560687892221949e+03	2.427717188418622440e-01	1.511972353329978647e-01	2.605755807719022377e-01	1.584382345768857447e-01	7.555225602956218423e-02	3.171958294397841938e-02	7.974539150275283816e-02
1.267012018956318798e+03	2.425864647595302181e-01	1.510739813838464785e-01	2.607036258180519539e-01	1.585158414383162073e-01	7.558498001938071531e-02	3.174097591096071425e-02	7.979413066985523162e-02
1.268463350020415419e+03	2.424015244825920012e-01	1.509509362709162417e-01	2.608314482612370533e-01	1.585933113738568490e-01	7.561764909784045308e-02	3.176234080622782757e-02	7.984278970727107239e-02
1.269914681084511813e+03	2.422168974785619822e-01	1.508280996396695051e-01	2.609590484807097210e-01	1.586706446442129048e-01	7.565026335926627876e-02	3.178367765127058236e-02	7.989136874625051010e-02
1.271366012148608434e+03	2.420325832158613244e-01	1.507054711361727195e-01	2.610864268550778799e-01	1.587478415095358586e-01	7.568282289782206351e-02	3.180498646763128823e-02	7.993986791784027379e-02
1.272817343212705055e+03	2.418485811638163563e-01	1.505830504070953813e-01	2.612135837623065227e-01	1.588249022294250801e-01	7.571532780751082103e-02	3.182626727690335278e-02	7.998828735288385228e-02
1.274268674276801676e+03	2.416648907926569056e-01	1.504608370997090327e-01	2.613405195797187108e-01	1.589018270629289631e-01	7.574777818217511005e-02	3.184752010073091388e-02	8.003662718202174398e-02
1.275720005340898297e+03	2.414815115735149675e-01	1.503388308618861247e-01	2.614672346839965744e-01	1.589786162685463966e-01	7.578017411549713145e-02	3.186874496080845803e-02	8.008488753569172058e-02
1.277171336404994690e+03	2.412984429784229556e-01	1.502170313420991554e-01	2.615937294511825884e-01	1.590552701042281247e-01	7.581251570099906134e-02	3.188994187888045256e-02	8.013306854412904912e-02
1.278622667469091539e+03	2.411156844803122312e-01	1.500954381894195611e-01	2.617200042566804608e-01	1.591317888273781067e-01	7.584480303204325924e-02	3.191111087674095709e-02	8.018117033736676946e-02
1.280073998533187932e+03	2.409332355530116321e-01	1.499740510535165772e-01	2.618460594752564097e-01	1.592081726948549603e-01	7.587703620183255948e-02	3.193225197623326961e-02	8.022919304523591644e-02
1.281525329597284326e+03	2.407510956712457795e-01	1.498528695846564340e-01	2.619718954810402733e-01	1.592844219629731828e-01	7.590921530341043777e-02	3.195336519924953100e-02	8.027713679736574182e-02
1.282976660661381175e+03	2.405692643106336071e-01	1.497318934337011631e-01	2.620975126475262318e-01	1.593605368875046224e-01	7.594134042966135811e-02	3.197445056773038502e-02	8.032500172318399190e-02
1.284427991725477568e+03	2.403877409476869453e-01	1.496111222521076256e-01	2.622229113475743612e-01	1.594365177236797826e-01	7.597341167331093936e-02	3.199550810366460357e-02	8.037278795191715730e-02
1.285879322789574417e+03	2.402065250598087454e-01	1.494905556919265688e-01	2.623480919534113553e-01	1.595123647261891264e-01	7.600542912692626052e-02	3.201653782908869122e-02	8.042049561259066726e-02
1.287330653853671038e+03	2.400256161252917741e-01	1.493701934058015157e-01	2.624730548366316918e-01	1.595880781491845202e-01	7.603739288291605503e-02	3.203753976608655907e-02	8.046812483402923655e-02
1.288781984917767431e+03	2.398450136233169772e-01	1.492500350469677661e-01	2.625978003681990192e-01	1.596636582462804821e-01	7.606930303353097444e-02	3.205851393678914307e-02	8.051567574485696266e-02
1.290233315981864052e+03	2.396647170339519517e-01	1.491300802692513139e-01	2.627223289184467681e-01	1.597391052705555980e-01	7.610115967086383826e-02	3.207946036337405021e-02	8.056314847349770047e-02
