1.001418434226643626e+03	2.823600943430403798e-01	1.773077528887566368e-01	2.331993015604555963e-01	1.417254986263635774e-01	6.858921710933219007e-02	2.737355537123434615e-02	6.944458010075428567e-02
1.002869765290740247e+03	2.821076004374550861e-01	1.771401383692101927e-01	2.333749587323962482e-01	1.418327682682140600e-01	6.863371104667150002e-02	2.740040745691373070e-02	6.951041568907624646e-02
1.004321096354836754e+03	2.818555347800824618e-01	1.769728082076583164e-01	2.335503120063551763e-01	1.419398430943630274e-01	6.867812997567608602e-02	2.742722863407143566e-02	6.957614330173053641e-02
1.005772427418933376e+03	2.816038966424562195e-01	1.768057619207462072e-01	2.337253619000478899e-01	1.420467234977209892e-01	6.872247402303612029e-02	2.745401890655549751e-02	6.964176310937410241e-02
1.007223758483029997e+03	2.813526852973655124e-01	1.766389990259362719e-01	2.339001089303088532e-01	1.421534098702654236e-01	6.876674331524308681e-02	2.748077827837271808e-02	6.970727528244519133e-02
1.008675089547126618e+03	2.811019000188522687e-01	1.764725190415067091e-01	2.340745536130931226e-01	1.422599026030438030e-01	6.881093797858992001e-02	2.750750675368784579e-02	6.977267999116333608e-02
1.010126420611223239e+03	2.808515400822091390e-01	1.763063214865506212e-01	2.342486964634779012e-01	1.423662020861760080e-01	6.885505813917132401e-02	2.753420433682275334e-02	6.983797740552927236e-02
1.011577751675319632e+03	2.806016047639766087e-01	1.761404058809746542e-01	2.344225379956639266e-01	1.424723087088573259e-01	6.889910392288396690e-02	2.756087103225562593e-02	6.990316769532485541e-02
1.013029082739416367e+03	2.803520933419410555e-01	1.759747717454979155e-01	2.345960787229770528e-01	1.425782228593610590e-01	6.894307545542666116e-02	2.758750684462017363e-02	6.996825103011301838e-02
1.014480413803512761e+03	2.801030050951320849e-01	1.758094186016506411e-01	2.347693191578697214e-01	1.426839449250413006e-01	6.898697286230072445e-02	2.761411177870479877e-02	7.003322757923767516e-02
1.015931744867609382e+03	2.798543393038201987e-01	1.756443459717731137e-01	2.349422598119224881e-01	1.427894752923355437e-01	6.903079626881006292e-02	2.764068583945180138e-02	7.009809751182367876e-02
1.017383075931706003e+03	2.796060952495144636e-01	1.754795533790144968e-01	2.351149011958454937e-01	1.428948143467675680e-01	6.907454580006149036e-02	2.766722903195659167e-02	7.016286099677675192e-02
1.018834406995802851e+03	2.793582722149601238e-01	1.753150403473315855e-01	2.352872438194799631e-01	1.429999624729498819e-01	6.911822158096490865e-02	2.769374136146687468e-02	7.022751820278348711e-02
1.020285738059899245e+03	2.791108694841363258e-01	1.751508064014875576e-01	2.354592881917997316e-01	1.431049200545866096e-01	6.916182373623357138e-02	2.772022283338186968e-02	7.029206929831122164e-02
1.021737069123995752e+03	2.788638863422535641e-01	1.749868510670507804e-01	2.356310348209126049e-01	1.432096874744760995e-01	6.920535239038429209e-02	2.774667345325151219e-02	7.035651445160800987e-02
1.023188400188092373e+03	2.786173220757516278e-01	1.748231738703937277e-01	2.358024842140620803e-01	1.433142651145134505e-01	6.924880766773765239e-02	2.777309322677566986e-02	7.042085383070262328e-02
1.024639731252188767e+03	2.783711759722971024e-01	1.746597743386916479e-01	2.359736368776286231e-01	1.434186533556933985e-01	6.929218969241826565e-02	2.779948215980335841e-02	7.048508760340445323e-02
1.026091062316285615e+03	2.781254473207810385e-01	1.744966519999213705e-01	2.361444933171311933e-01	1.435228525781127862e-01	6.933549858835499902e-02	2.782584025833195751e-02	7.054921593730348328e-02
1.027542393380382237e+03	2.778801354113168420e-01	1.743338063828600848e-01	2.363150540372287722e-01	1.436268631609732283e-01	6.937873447928115389e-02	2.785216752850643018e-02	7.061323899977033081e-02
1.028993724444478858e+03	2.776352395352376656e-01	1.741712370170841739e-01	2.364853195417217779e-01	1.437306854825838032e-01	6.942189748873477118e-02	2.787846397661855602e-02	7.067715695795609432e-02
1.030445055508575479e+03	2.773907589850943545e-01	1.740089434329679663e-01	2.366552903335536195e-01	1.438343199203635236e-01	6.946498774005877008e-02	2.790472960910614017e-02	7.074096997879240900e-02
1.031896386572671872e+03	2.771466930546531704e-01	1.738469251616825695e-01	2.368249669148120851e-01	1.439377668508440566e-01	6.950800535640126732e-02	2.793096443255227088e-02	7.080467822899136343e-02
1.033347717636768493e+03	2.769030410388933494e-01	1.736851817351944827e-01	2.369943497867308957e-01	1.440410266496723046e-01	6.955095046071566034e-02	2.795716845368452844e-02	7.086828187504556897e-02
1.034799048700865114e+03	2.766598022340049923e-01	1.735237126862645696e-01	2.371634394496910103e-01	1.441440996916129313e-01	6.959382317576101595e-02	2.798334167937422540e-02	7.093178108322802100e-02
1.036250379764961508e+03	2.764169759373866775e-01	1.733625175484467817e-01	2.373322364032222909e-01	1.442469863505510264e-01	6.963662362410216744e-02	2.800948411663565368e-02	7.099517601959214053e-02
1.037701710829058356e+03	2.761745614476434074e-01	1.732015958560868263e-01	2.375007411460047790e-01	1.443496869994945475e-01	6.967935192811003375e-02	2.803559577262531785e-02	7.105846684997177420e-02
1.039153041893154750e+03	2.759325580645842768e-01	1.730409471443210556e-01	2.376689541758702784e-01	1.444522020105769300e-01	6.972200820996178605e-02	2.806167665464118915e-02	7.112165373998118045e-02
1.040604372957251599e+03	2.756909650892201413e-01	1.728805709490752185e-01	2.378368759898037421e-01	1.445545317550596676e-01	6.976459259164106974e-02	2.808772677012194227e-02	7.118473685501497394e-02
1.042055704021347992e+03	2.754497818237613971e-01	1.727204668070631832e-01	2.380045070839447441e-01	1.446566766033348106e-01	6.980710519493824040e-02	2.811374612664621284e-02	7.124771636024815336e-02
1.043507035085444613e+03	2.752090075716160378e-01	1.725606342557857165e-01	2.381718479535889221e-01	1.447586369249275473e-01	6.984954614145061358e-02	2.813973473193185151e-02	7.131059242063610137e-02
1.044958366149541234e+03	2.749686416373869902e-01	1.724010728335293452e-01	2.383388990931894769e-01	1.448604130884985908e-01	6.989191555258264521e-02	2.816569259383517460e-02	7.137336520091457082e-02
1.046409697213637855e+03	2.747286833268703377e-01	1.722417820793649967e-01	2.385056609963585039e-01	1.449620054618468434e-01	6.993421354954618141e-02	2.819161972035022848e-02	7.143603486559969851e-02
1.047861028277734476e+03	2.744891319470529889e-01	1.720827615331468052e-01	2.386721341558685205e-01	1.450634144119117563e-01	6.997644025336068052e-02	2.821751611960804026e-02	7.149860157898800528e-02
1.049312359341831097e+03	2.742499868061102908e-01	1.719240107355108904e-01	2.388383190636538256e-01	1.451646403047759937e-01	7.001859578485339353e-02	2.824338179987589612e-02	7.156106550515638209e-02
1.050763690405927491e+03	2.740112472134043076e-01	1.717655292278741641e-01	2.390042162108120538e-01	1.452656835056677365e-01	7.006068026465966936e-02	2.826921676955660573e-02	7.162342680796213168e-02
1.052215021470024112e+03	2.737729124794810454e-01	1.716073165524330535e-01	2.391698260876055637e-01	1.453665443789632639e-01	7.010269381322309368e-02	2.829502103718776682e-02	7.168568565104294077e-02
1.053666352534120733e+03	2.735349819160687868e-01	1.714493722521621688e-01	2.393351491834627143e-01	1.454672232881892846e-01	7.014463655079578031e-02	2.832079461144104346e-02	7.174784219781694949e-02
1.055117683598217127e+03	2.732974548360755929e-01	1.712916958708133042e-01	2.395001859869795302e-01	1.455677205960256293e-01	7.018650859743852388e-02	2.834653750112143406e-02	7.180989661148270975e-02
1.056569014662313975e+03	2.730603305535874714e-01	1.711342869529139110e-01	2.396649369859209788e-01	1.456680366643074709e-01	7.022831007302109130e-02	2.837224971516656702e-02	7.187184905501924070e-02
1.058020345726410369e+03	2.728236083838658788e-01	1.709771450437660711e-01	2.398294026672224688e-01	1.457681718540278504e-01	7.027004109722240210e-02	2.839793126264595832e-02	7.193369969118604268e-02
1.059471676790506763e+03	2.725872876433459435e-01	1.708202696894452755e-01	2.399935835169911824e-01	1.458681265253401194e-01	7.031170178953075056e-02	2.842358215276031760e-02	7.199544868252309715e-02
1.060923007854603611e+03	2.723513676496340241e-01	1.706636604367989252e-01	2.401574800205075744e-01	1.459679010375603547e-01	7.035329226924402768e-02	2.844920239484081959e-02	7.205709619135095001e-02
1.062374338918700232e+03	2.721158477215057658e-01	1.705073168334454159e-01	2.403210926622267318e-01	1.460674957491697179e-01	7.039481265546997102e-02	2.847479199834841018e-02	7.211864237977066994e-02
1.063825669982796853e+03	2.718807271789038249e-01	1.703512384277726388e-01	2.404844219257797899e-01	1.461669110178169251e-01	7.043626306712637286e-02	2.850035097287307792e-02	7.218008740966390391e-02
1.065277001046893474e+03	2.716460053429360921e-01	1.701954247689370092e-01	2.406474682939754306e-01	1.462661472003205787e-01	7.047764362294127449e-02	2.852587932813316698e-02	7.224143144269294659e-02
1.066728332110990095e+03	2.714116815358731394e-01	1.700398754068619123e-01	2.408102322488011315e-01	1.463652046526716377e-01	7.051895444145324376e-02	2.855137707397466251e-02	7.230267464030075419e-02
1.068179663175086489e+03	2.711777550811463322e-01	1.698845898922367315e-01	2.409727142714247206e-01	1.464640837300356657e-01	7.056019564101152775e-02	2.857684422037050365e-02	7.236381716371095840e-02
1.069630994239183110e+03	2.709442253033458869e-01	1.697295677765154609e-01	2.411349148421956523e-01	1.465627847867553846e-01	7.060136733977631640e-02	2.860228077741987576e-02	7.242485917392790795e-02
1.071082325303279504e+03	2.707110915282183727e-01	1.695748086119155118e-01	2.412968344406465349e-01	1.466613081763527837e-01	7.064246965571896464e-02	2.862768675534752699e-02	7.248580083173673805e-02
1.072533656367376352e+03	2.704783530826651572e-01	1.694203119514164912e-01	2.414584735454944064e-01	1.467596542515316738e-01	7.068350270662221435e-02	2.865306216450306739e-02	7.254664229770343975e-02
1.073984987431472746e+03	2.702460092947398529e-01	1.692660773487589254e-01	2.416198326346421787e-01	1.468578233641799902e-01	7.072446661008038871e-02	2.867840701536028200e-02	7.260738373217479058e-02
1.075436318495569594e+03	2.700140594936465410e-01	1.691121043584430661e-01	2.417809121851801080e-01	1.469558158653720692e-01	7.076536148349965583e-02	2.870372131851645428e-02	7.266802529527853494e-02
1.076887649559666215e+03	2.697825030097375509e-01	1.689583925357275584e-01	2.419417126733870160e-01	1.470536321053710627e-01	7.080618744409820919e-02	2.872900508469167571e-02	7.272856714692337021e-02
1.078338980623762609e+03	2.695513391745114617e-01	1.688049414366283862e-01	2.421022345747318172e-01	1.471512724336311029e-01	7.084694460890651746e-02	2.875425832472815538e-02	7.278900944679900231e-02
1.079790311687859230e+03	2.693205673206111039e-01	1.686517506179174564e-01	2.422624783638748780e-01	1.472487371987998006e-01	7.088763309476750485e-02	2.877948104958956421e-02	7.284935235437620116e-02
1.081241642751955851e+03	2.690901867818213944e-01	1.684988196371214053e-01	2.424224445146692664e-01	1.473460267487203823e-01	7.092825301833684259e-02	2.880467327036034114e-02	7.290959602890688396e-02
1.082692973816052472e+03	2.688601968930673380e-01	1.683461480525204612e-01	2.425821335001623613e-01	1.474431414304340771e-01	7.096880449608311547e-02	2.882983499824503734e-02	7.296974062942412909e-02
1.084144304880149093e+03	2.686305969904119739e-01	1.681937354231470561e-01	2.427415457925970743e-01	1.475400815901824203e-01	7.100928764428807161e-02	2.885496624456762235e-02	7.302978631474227322e-02
1.085595635944245487e+03	2.684013864110545433e-01	1.680415813087846599e-01	2.429006818634132370e-01	1.476368475734094188e-01	7.104970257904681674e-02	2.888006702077084223e-02	7.308973324345695299e-02
1.087046967008342108e+03	2.681725644933279917e-01	1.678896852699666431e-01	2.430595421832490444e-01	1.477334397247639930e-01	7.109004941626805019e-02	2.890513733841553606e-02	7.314958157394517435e-02
1.088498298072438729e+03	2.679441305766975256e-01	1.677380468679749159e-01	2.432181272219423318e-01	1.478298583881020312e-01	7.113032827167427297e-02	2.893017720917999067e-02	7.320933146436539585e-02
1.089949629136535123e+03	2.677160840017580590e-01	1.675866656648386799e-01	2.433764374485319903e-01	1.479261039064888039e-01	7.117053926080203763e-02	2.895518664485926402e-02	7.326898307265757027e-02
1.091400960200631971e+03	2.674884241102326587e-01	1.674355412233333174e-01	2.435344733312593268e-01	1.480221766222011293e-01	7.121068249900217029e-02	2.898016565736453998e-02	7.332853655654324176e-02
1.092852291264728365e+03	2.672611502449702137e-01	1.672846731069790593e-01	2.436922353375694517e-01	1.481180768767296207e-01	7.125075810143995103e-02	2.900511425872246904e-02	7.338799207352557363e-02
1.094303622328825213e+03	2.670342617499437132e-01	1.671340608800398198e-01	2.438497239341125555e-01	1.482138050107809357e-01	7.129076618309537761e-02	2.903003246107451613e-02	7.344734978088947319e-02
1.095754953392921607e+03	2.668077579702478053e-01	1.669837041075218353e-01	2.440069395867453805e-01	1.483093613642799957e-01	7.133070685876333195e-02	2.905492027667631177e-02	7.350660983570166118e-02
1.097206284457018228e+03	2.665816382520973526e-01	1.668336023551726666e-01	2.441638827605325524e-01	1.484047462763722069e-01	7.137058024305389936e-02	2.907977771789701377e-02	7.356577239481068564e-02
1.098657615521114849e+03	2.663559019428249353e-01	1.666837551894797820e-01	2.443205539197478016e-01	1.484999600854255974e-01	7.141038645039249344e-02	2.910460479721865140e-02	7.362483761484710232e-02
1.100108946585211470e+03	2.661305483908793512e-01	1.665341621776693093e-01	2.444769535278754624e-01	1.485950031290330653e-01	7.145012559502010585e-02	2.912940152723548712e-02	7.368380565222347467e-02
1.101560277649308091e+03	2.659055769458232854e-01	1.663848228877050361e-01	2.446330820476117773e-01	1.486898757440146268e-01	7.148979779099355614e-02	2.915416792065338852e-02	7.374267666313449876e-02
1.103011608713404712e+03	2.656809869583315886e-01	1.662357368882869668e-01	2.447889399408662292e-01	1.487845782664194705e-01	7.152940315218569989e-02	2.917890399028917267e-02	7.380145080355705878e-02
1.104462939777501106e+03	2.654567777801888906e-01	1.660869037488500732e-01	2.449445276687629292e-01	1.488791110315282884e-01	7.156894179228563690e-02	2.920360974906998502e-02	7.386012822925035193e-02
1.105914270841597499e+03	2.652329487642881567e-01	1.659383230395633235e-01	2.450998456916418933e-01	1.489734743738552469e-01	7.160841382479894712e-02	2.922828521003266802e-02	7.391870909575591619e-02
1.107365601905694348e+03	2.650094992646284675e-01	1.657899943313281277e-01	2.452548944690604305e-01	1.490676686271503182e-01	7.164781936304788490e-02	2.925293038632311923e-02	7.397719355839781075e-02
1.108816932969790741e+03	2.647864286363129649e-01	1.656419171957774772e-01	2.454096744597943636e-01	1.491616941244013894e-01	7.168715852017164269e-02	2.927754529119568766e-02	7.403558177228261594e-02
1.110268264033887590e+03	2.645637362355471867e-01	1.654940912052743629e-01	2.455641861218395838e-01	1.492555511978363170e-01	7.172643140912653148e-02	2.930212993801252497e-02	7.409387389229955823e-02
1.111719595097984211e+03	2.643414214196369572e-01	1.653465159329108869e-01	2.457184299124131888e-01	1.493492401789251744e-01	7.176563814268625829e-02	2.932668434024299220e-02	7.415207007312064891e-02
1.113170926162080832e+03	2.641194835469863333e-01	1.651991909525067359e-01	2.458724062879548977e-01	1.494427613983823344e-01	7.180477883344209278e-02	2.935120851146300058e-02	7.421017046920069804e-02
1.114622257226177226e+03	2.638979219770958839e-01	1.650521158386082654e-01	2.460261157041283564e-01	1.495361151861685500e-01	7.184385359380311697e-02	2.937570246535444254e-02	7.426817523477748095e-02
1.116073588290273847e+03	2.636767360705606356e-01	1.649052901664870008e-01	2.461795586158224969e-01	1.496293018714931478e-01	7.188286253599641962e-02	2.940016621570453945e-02	7.432608452387182152e-02
1.117524919354370468e+03	2.634559251890681852e-01	1.647587135121386659e-01	2.463327354771527866e-01	1.497223217828160813e-01	7.192180577206737369e-02	2.942459977640524485e-02	7.438389849028767542e-02
1.118976250418467089e+03	2.632354886953968132e-01	1.646123854522817398e-01	2.464856467414625885e-01	1.498151752478500964e-01	7.196068341387980294e-02	2.944900316145264083e-02	7.444161728761226893e-02
1.120427581482563710e+03	2.630154259534135952e-01	1.644663055643564853e-01	2.466382928613244652e-01	1.499078625935627018e-01	7.199949557311624559e-02	2.947337638494631692e-02	7.449924106921611278e-02
1.121878912546660331e+03	2.627957363280721825e-01	1.643204734265235611e-01	2.467906742885415949e-01	1.500003841461783616e-01	7.203824236127813474e-02	2.949771946108878384e-02	7.455676998825322421e-02
1.123330243610756725e+03	2.625764191854113583e-01	1.641748886176628563e-01	2.469427914741489094e-01	1.500927402311805492e-01	7.207692388968604813e-02	2.952203240418485239e-02	7.461420419766118250e-02
1.124781574674853118e+03	2.623574738925528727e-01	1.640295507173723799e-01	2.470946448684145369e-01	1.501849311733137737e-01	7.211554026947994411e-02	2.954631522864104715e-02	7.467154385016122609e-02
1.126232905738949967e+03	2.621388998176994445e-01	1.638844593059668453e-01	2.472462349208411070e-01	1.502769572965856615e-01	7.215409161161935592e-02	2.957056794896500279e-02	7.472878909825836358e-02
1.127684236803046360e+03	2.619206963301331514e-01	1.637396139644766713e-01	2.473975620801669439e-01	1.503688189242690376e-01	7.219257802688361370e-02	2.959479057976487429e-02	7.478594009424149869e-02
1.129135567867143209e+03	2.617028628002132651e-01	1.635950142746466773e-01	2.475486267943674545e-01	1.504605163789039801e-01	7.223099962587209433e-02	2.961898313574873667e-02	7.484299699018355512e-02
1.130586898931239830e+03	2.614853985993745855e-01	1.634506598189348903e-01	2.476994295106564603e-01	1.505520499822998459e-01	7.226935651900442958e-02	2.964314563172400219e-02	7.489995993794155982e-02
1.132038229995336451e+03	2.612683031001253320e-01	1.633065501805113784e-01	2.478499706754874188e-01	1.506434200555372693e-01	7.230764881652072817e-02	2.966727808259683047e-02	7.495682908915678178e-02
1.133489561059432845e+03	2.610515756760454775e-01	1.631626849432570581e-01	2.480002507345548113e-01	1.507346269189701882e-01	7.234587662848178391e-02	2.969138050337154569e-02	7.501360459525487079e-02
1.134940892123529466e+03	2.608352157017847506e-01	1.630190636917623337e-01	2.481502701327953642e-01	1.508256708922279532e-01	7.238404006476931163e-02	2.971545290915003981e-02	7.507028660744589910e-02
1.136392223187626087e+03	2.606192225530608586e-01	1.628756860113261817e-01	2.483000293143893533e-01	1.509165522942173265e-01	7.242213923508618312e-02	2.973949531513122094e-02	7.512687527672455567e-02
1.137843554251722708e+03	2.604035956066574342e-01	1.627325514879547075e-01	2.484495287227618809e-01	1.510072714431243412e-01	7.246017424895663528e-02	2.976350773661039575e-02	7.518337075387024337e-02
1.139294885315819101e+03	2.601883342404223698e-01	1.625896597083601181e-01	2.485987688005842355e-01	1.510978286564164108e-01	7.249814521572650605e-02	2.978749018897872830e-02	7.523977318944718995e-02
1.140746216379915950e+03	2.599734378332659301e-01	1.624470102599593624e-01	2.487477499897751132e-01	1.511882242508443830e-01	7.253605224456344258e-02	2.981144268772265016e-02	7.529608273380461458e-02
1.142197547444012343e+03	2.597589057651587541e-01	1.623046027308731598e-01	2.488964727315019221e-01	1.512784585424444550e-01	7.257389544445713714e-02	2.983536524842328799e-02	7.535229953707679729e-02
1.143648878508108737e+03	2.595447374171301891e-01	1.621624367099245845e-01	2.490449374661820314e-01	1.513685318465400886e-01	7.261167492421952141e-02	2.985925788675590151e-02	7.540842374918320379e-02
1.145100209572205586e+03	2.593309321712662374e-01	1.620205117866380107e-01	2.491931446334841316e-01	1.514584444777440919e-01	7.264939079248504405e-02	2.988312061848931098e-02	7.546445551982870759e-02
1.146551540636302207e+03	2.591174894107078908e-01	1.618788275512379193e-01	2.493410946723293997e-01	1.515481967499605620e-01	7.268704315771083724e-02	2.990695345948532827e-02	7.552039499850357607e-02
1.148002871700398828e+03	2.589044085196492984e-01	1.617373835946476768e-01	2.494887880208928876e-01	1.516377889763867448e-01	7.272463212817698031e-02	2.993075642569821213e-02	7.557624233448373419e-02
1.149454202764495449e+03	2.586916888833357686e-01	1.615961795084883690e-01	2.496362251166046875e-01	1.517272214695151167e-01	7.276215781198669408e-02	2.995452953317408878e-02	7.563199767683081998e-02
1.150905533828591842e+03	2.584793298880619927e-01	1.614552148850775803e-01	2.497834063961512918e-01	1.518164945411352995e-01	7.279962031706660452e-02	2.997827279805040379e-02	7.568766117439233720e-02
1.152356864892688463e+03	2.582673309211703794e-01	1.613144893174282835e-01	2.499303322954768147e-01	1.519056085023358926e-01	7.283701975116692318e-02	3.000198623655537036e-02	7.574323297580178027e-02
1.153808195956785084e+03	2.580556913710490008e-01	1.611740023992476456e-01	2.500770032497843243e-01	1.519945636635065545e-01	7.287435622186171080e-02	3.002566986500740040e-02	7.579871322947878687e-02
1.155259527020881706e+03	2.578444106271299829e-01	1.610337537249357520e-01	2.502234196935369526e-01	1.520833603343398344e-01	7.291162983654903007e-02	3.004932369981457366e-02	7.585410208362927675e-02
1.156710858084978327e+03	2.576334880798875071e-01	1.608937428895846067e-01	2.503695820604592837e-01	1.521719988238331156e-01	7.294884070245127861e-02	3.007294775747407223e-02	7.590939968624556278e-02
1.158162189149074720e+03	2.574229231208360336e-01	1.607539694889767445e-01	2.505154907835386302e-01	1.522604794402905026e-01	7.298598892661531390e-02	3.009654205457164625e-02	7.596460618510650353e-02
1.159613520213171569e+03	2.572127151425285252e-01	1.606144331195842878e-01	2.506611462950262270e-01	1.523488024913247918e-01	7.302307461591273086e-02	3.012010660778105878e-02	7.601972172777765602e-02
1.161064851277267962e+03	2.570028635385548377e-01	1.604751333785675860e-01	2.508065490264384523e-01	1.524369682838593310e-01	7.306009787704008385e-02	3.014364143386355499e-02	7.607474646161141441e-02
1.162516182341364356e+03	2.567933677035394435e-01	1.603360698637741610e-01	2.509516994085582708e-01	1.525249771241298513e-01	7.309705881651909487e-02	3.016714654966731399e-02	7.612968053374714883e-02
1.163967513405461204e+03	2.565842270331400998e-01	1.601972421737374863e-01	2.510965978714361779e-01	1.526128293176864659e-01	7.313395754069684784e-02	3.019062197212690757e-02	7.618452409111131640e-02
1.165418844469557826e+03	2.563754409240457943e-01	1.600586499076758484e-01	2.512412448443916979e-01	1.527005251693954180e-01	7.317079415574610779e-02	3.021406771826277635e-02	7.623927728041766938e-02
1.166870175533654447e+03	2.561670087739750801e-01	1.599202926654911538e-01	2.513856407560145501e-01	1.527880649834411075e-01	7.320756876766544574e-02	3.023748380518069545e-02	7.629394024816733844e-02
1.168321506597751068e+03	2.559589299816741326e-01	1.597821700477677631e-01	2.515297860341659253e-01	1.528754490633278118e-01	7.324428148227950242e-02	3.026087025007122636e-02	7.634851314064901306e-02
1.169772837661847461e+03	2.557512039469151399e-01	1.596442816557713529e-01	2.516736811059795409e-01	1.529626777118817116e-01	7.328093240523922414e-02	3.028422707020921034e-02	7.640299610393909424e-02
1.171224168725944082e+03	2.555438300704945265e-01	1.595066270914478057e-01	2.518173263978632503e-01	1.530497512312525010e-01	7.331752164202208488e-02	3.030755428295322032e-02	7.645738928390184708e-02
1.172675499790040703e+03	2.553368077542309544e-01	1.593692059574219611e-01	2.519607223354999870e-01	1.531366699229154971e-01	7.335404929793228057e-02	3.033085190574505777e-02	7.651169282618952572e-02
1.174126830854137097e+03	2.551301364009637695e-01	1.592320178569964773e-01	2.521038693438489298e-01	1.532234340876733047e-01	7.339051547810100662e-02	3.035411995610920802e-02	7.656590687624252600e-02
1.175578161918233945e+03	2.549238154145511692e-01	1.590950623941507214e-01	2.522467678471470576e-01	1.533100440256577046e-01	7.342692028748661059e-02	3.037735845165234067e-02	7.662003157928957975e-02
1.177029492982330339e+03	2.547178441998682596e-01	1.589583391735396312e-01	2.523894182689102594e-01	1.533965000363314568e-01	7.346326383087489753e-02	3.040056741006278221e-02	7.667406708034783802e-02
1.178480824046426733e+03	2.545122221628057235e-01	1.588218478004924383e-01	2.525318210319343892e-01	1.534828024184902440e-01	7.349954621287928258e-02	3.042374684910999216e-02	7.672801352422307930e-02
1.179932155110523581e+03	2.543069487102675441e-01	1.586855878810116416e-01	2.526739765582965425e-01	1.535689514702643088e-01	7.353576753794108245e-02	3.044689678664405652e-02	7.678187105550986213e-02
1.181383486174620202e+03	2.541020232501696730e-01	1.585495590217718687e-01	2.528158852693566105e-01	1.536549474891203693e-01	7.357192791032969581e-02	3.047001724059517774e-02	7.683563981859165004e-02
1.182834817238716823e+03	2.538974451914380315e-01	1.584137608301186551e-01	2.529575475857579470e-01	1.537407907718634226e-01	7.360802743414279758e-02	3.049310822897315781e-02	7.688931995764100580e-02
1.184286148302813444e+03	2.536932139440067346e-01	1.582781929140673338e-01	2.530989639274291436e-01	1.538264816146384939e-01	7.364406621330665814e-02	3.051616976986689864e-02	7.694291161661973022e-02
1.185737479366910065e+03	2.534893289188167032e-01	1.581428548823018143e-01	2.532401347135848080e-01	1.539120203129324682e-01	7.368004435157630982e-02	3.053920188144389550e-02	7.699641493927898706e-02
1.187188810431006686e+03	2.532857895278133320e-01	1.580077463441736108e-01	2.533810603627271729e-01	1.539974071615758666e-01	7.371596195253575512e-02	3.056220458194972359e-02	7.704983006915956667e-02
1.188640141495103080e+03	2.530825951839453247e-01	1.578728669097005932e-01	2.535217412926469294e-01	1.540826424547445950e-01	7.375181911959821646e-02	3.058517788970754533e-02	7.710315714959192768e-02
1.190091472559199701e+03	2.528797453011624174e-01	1.577382161895658497e-01	2.536621779204245586e-01	1.541677264859618035e-01	7.378761595600637213e-02	3.060812182311761082e-02	7.715639632369640510e-02
1.191542803623296322e+03	2.526772392944142687e-01	1.576037937951166035e-01	2.538023706624318310e-01	1.542526595480994966e-01	7.382335256483256447e-02	3.063103640065675121e-02	7.720954773438343244e-02
1.192994134687392716e+03	2.524750765796482388e-01	1.574695993383629922e-01	2.539423199343326387e-01	1.543374419333805037e-01	7.385902904897904964e-02	3.065392164087790000e-02	7.726261152435361101e-02
1.194445465751489564e+03	2.522732565738078359e-01	1.573356324319770128e-01	2.540820261510843281e-01	1.544220739333800330e-01	7.389464551117816415e-02	3.067677756240958301e-02	7.731558783609791818e-02
1.195896796815585958e+03	2.520717786948309946e-01	1.572018926892913004e-01	2.542214897269390872e-01	1.545065558390275595e-01	7.393020205399261635e-02	3.069960418395543608e-02	7.736847681189787385e-02
1.197348127879682352e+03	2.518706423616483558e-01	1.570683797242981850e-01	2.543607110754447231e-01	1.545908879406084901e-01	7.396569877981568064e-02	3.072240152429371249e-02	7.742127859382572086e-02
1.198799458943779200e+03	2.516698469941814897e-01	1.569350931516483583e-01	2.544996906094463274e-01	1.546750705277659677e-01	7.400113579087141957e-02	3.074516960227679369e-02	7.747399332374454994e-02
1.200250790007875821e+03	2.514693920133411753e-01	1.568020325866499032e-01	2.546384287410871639e-01	1.547591038895025084e-01	7.403651318921493363e-02	3.076790843683071056e-02	7.752662114330852172e-02
1.201702121071972442e+03	2.512692768410259014e-01	1.566691976452669888e-01	2.547769258818099458e-01	1.548429883141818342e-01	7.407183107673255551e-02	3.079061804695465421e-02	7.757916219396296387e-02
1.203153452136069063e+03	2.510695009001198685e-01	1.565365879441189823e-01	2.549151824423581680e-01	1.549267240895305375e-01	7.410708955514209995e-02	3.081329845172049720e-02	7.763161661694464866e-02
1.204604783200165684e+03	2.508700636144914342e-01	1.564042031004791444e-01	2.550531988327772170e-01	1.550103115026397749e-01	7.414228872599307185e-02	3.083594967027231473e-02	7.768398455328184848e-02
1.206056114264262078e+03	2.506709644089915590e-01	1.562720427322735750e-01	2.551909754624152593e-01	1.550937508399670151e-01	7.417742869066688838e-02	3.085857172182590244e-02	7.773626614379458566e-02
1.207507445328358699e+03	2.504722027094516967e-01	1.561401064580801024e-01	2.553285127399249621e-01	1.551770423873377602e-01	7.421250955037711483e-02	3.088116462566831491e-02	7.778846152909477119e-02
1.208958776392455093e+03	2.502737779426825737e-01	1.560083938971272011e-01	2.554658110732642706e-01	1.552601864299471834e-01	7.424753140616971447e-02	3.090372840115736958e-02	7.784057084958637129e-02
1.210410107456551941e+03	2.500756895364721344e-01	1.558769046692927984e-01	2.556028708696978513e-01	1.553431832523618494e-01	7.428249435892327057e-02	3.092626306772119221e-02	7.789259424546562949e-02
1.211861438520648335e+03	2.498779369195840705e-01	1.557456383951032197e-01	2.557396925357979245e-01	1.554260331385214078e-01	7.431739850934911129e-02	3.094876864485774509e-02	7.794453185672119144e-02
1.213312769584745183e+03	2.496805195217560169e-01	1.556145946957320780e-01	2.558762764774459852e-01	1.555087363717402582e-01	7.435224395799169828e-02	3.097124515213435514e-02	7.799638382313428542e-02
1.214764100648841804e+03	2.494834367736979697e-01	1.554837731929991085e-01	2.560126230998334695e-01	1.555912932347092437e-01	7.438703080522872380e-02	3.099369260918725250e-02	7.804815028427890267e-02
1.216215431712937971e+03	2.492866881070904816e-01	1.553531735093691690e-01	2.561487328074631420e-01	1.556737040094972879e-01	7.442175915127140218e-02	3.101611103572110215e-02	7.809983137952201948e-02
1.217666762777034819e+03	2.490902729545831362e-01	1.552227952679511025e-01	2.562846060041503171e-01	1.557559689775531442e-01	7.445642909616467797e-02	3.103850045150854942e-02	7.815142724802370822e-02
1.219118093841131440e+03	2.488941907497927430e-01	1.550926380924965153e-01	2.564202430930239140e-01	1.558380884197068661e-01	7.449104073978743412e-02	3.106086087638975160e-02	7.820293802873735933e-02
1.220569424905228061e+03	2.486984409273017560e-01	1.549627016073988339e-01	2.565556444765278443e-01	1.559200626161716952e-01	7.452559418185275564e-02	3.108319233027192346e-02	7.825436386040983405e-02
1.222020755969324682e+03	2.485030229226565524e-01	1.548329854376921111e-01	2.566908105564217335e-01	1.560018918465455873e-01	7.456008952190812389e-02	3.110549483312888969e-02	7.830570488158168641e-02
1.223472087033421303e+03	2.483079361723658229e-01	1.547034892090499714e-01	2.568257417337825865e-01	1.560835763898127948e-01	7.459452685933562477e-02	3.112776840500061301e-02	7.835696123058727425e-02
1.224923418097517697e+03	2.481131801138988791e-01	1.545742125477845008e-01	2.569604384090056759e-01	1.561651165243455874e-01	7.462890629335224013e-02	3.115001306599275710e-02	7.840813304555502294e-02
1.226374749161614318e+03	2.479187541856839871e-01	1.544451550808451645e-01	2.570949009818057629e-01	1.562465125279058897e-01	7.466322792301001432e-02	3.117222883627623203e-02	7.845922046440755027e-02
1.227826080225710712e+03	2.477246578271067867e-01	1.543163164358177242e-01	2.572291298512182078e-01	1.563277646776468910e-01	7.469749184719633173e-02	3.119441573608674328e-02	7.851022362486186068e-02
1.229277411289807560e+03	2.475308904785084863e-01	1.541876962409231000e-01	2.573631254156003023e-01	1.564088732501146273e-01	7.473169816463406945e-02	3.121657378572434763e-02	7.856114266442956739e-02
1.230728742353903954e+03	2.473374515811844199e-01	1.540592941250163439e-01	2.574968880726321574e-01	1.564898385212496745e-01	7.476584697388187484e-02	3.123870300555300905e-02	7.861197772041698950e-02
1.232180073418000802e+03	2.471443405773821878e-01	1.539311097175855292e-01	2.576304182193180914e-01	1.565706607663886196e-01	7.479993837333441531e-02	3.126080341600015466e-02	7.866272892992541566e-02
1.233631404482097196e+03	2.469515569103002406e-01	1.538031426487506403e-01	2.577637162519876846e-01	1.566513402602658367e-01	7.483397246122251711e-02	3.128287503755622367e-02	7.871339642985128449e-02
1.235082735546193817e+03	2.467591000240860200e-01	1.536753925492625183e-01	2.578967825662968893e-01	1.567318772770149027e-01	7.486794933561349841e-02	3.130491789077424758e-02	7.876398035688635113e-02
1.236534066610290438e+03	2.465669693638345428e-01	1.535478590505017782e-01	2.580296175572291961e-01	1.568122720901703737e-01	7.490186909441130803e-02	3.132693199626940955e-02	7.881448084751783989e-02
1.237985397674387059e+03	2.463751643755865139e-01	1.534205417844777264e-01	2.581622216190968544e-01	1.568925249726692839e-01	7.493573183535678917e-02	3.134891737471859341e-02	7.886489803802870791e-02
1.239436728738483680e+03	2.461836845063269386e-01	1.532934403838272508e-01	2.582945951455419276e-01	1.569726361968526995e-01	7.496953765602788755e-02	3.137087404685996034e-02	7.891523206449778394e-02
1.240888059802580301e+03	2.459925292039833733e-01	1.531665544818137936e-01	2.584267385295375141e-01	1.570526060344673014e-01	7.500328665383994287e-02	3.139280203349251869e-02	7.896548306279996265e-02
1.242339390866676695e+03	2.458016979174243166e-01	1.530398837123262967e-01	2.585586521633888579e-01	1.571324347566670776e-01	7.503697892604579978e-02	3.141470135547569376e-02	7.901565116860638505e-02
1.243790721930773088e+03	2.456111900964575989e-01	1.529134277098780914e-01	2.586903364387344029e-01	1.572121226340146838e-01	7.507061456973612712e-02	3.143657203372889064e-02	7.906573651738466046e-02
1.245242052994869937e+03	2.454210051918287727e-01	1.527871861096058159e-01	2.588217917465469031e-01	1.572916699364831639e-01	7.510419368183958444e-02	3.145841408923108484e-02	7.911573924439904704e-02
1.246693384058966330e+03	2.452311426552194751e-01	1.526611585472683053e-01	2.589530184771349774e-01	1.573710769334575044e-01	7.513771635912311342e-02	3.148022754302037818e-02	7.916565948471061820e-02
1.248144715123063179e+03	2.450416019392458733e-01	1.525353446592456197e-01	2.590840170201436088e-01	1.574503438937360777e-01	7.517118269819210441e-02	3.150201241619359632e-02	7.921549737317749862e-02
1.249596046187159800e+03	2.448523824974569163e-01	1.524097440825379901e-01	2.592147877645557541e-01	1.575294710855322800e-01	7.520459279549064624e-02	3.152376872990584472e-02	7.926525304445497522e-02
1.251047377251256421e+03	2.446634837843328913e-01	1.522843564547646522e-01	2.593453310986931770e-01	1.576084587764760292e-01	7.523794674730174825e-02	3.154549650537011307e-02	7.931492663299581636e-02
1.252498708315352815e+03	2.444749052552837587e-01	1.521591814141628474e-01	2.594756474102177246e-01	1.576873072336153481e-01	7.527124464974756235e-02	3.156719576385683124e-02	7.936451827305032736e-02
1.253950039379449436e+03	2.442866463666475418e-01	1.520342185995867401e-01	2.596057370861324931e-01	1.577660167234178346e-01	7.530448659878961892e-02	3.158886652669347372e-02	7.941402809866668355e-02
1.255401370443546057e+03	2.440987065756887175e-01	1.519094676505064467e-01	2.597356005127827716e-01	1.578445875117722441e-01	7.533767269022903501e-02	3.161050881526415030e-02	7.946345624369099969e-02
1.256852701507642678e+03	2.439110853405966617e-01	1.517849282070067862e-01	2.598652380758574298e-01	1.579230198639899330e-01	7.537080301970677798e-02	3.163212265100918269e-02	7.951280284176760749e-02
1.258304032571739299e+03	2.437237821204840393e-01	1.516605999097864477e-01	2.599946501603896398e-01	1.580013140448064957e-01	7.540387768270383206e-02	3.165370805542469523e-02	7.956206802633920827e-02
1.259755363635835920e+03	2.435367963753851672e-01	1.515364824001567967e-01	2.601238371507585412e-01	1.580794703183831251e-01	7.543689677454146203e-02	3.167526505006219156e-02	7.961125193064709504e-02
1.261206694699932314e+03	2.433501275662545704e-01	1.514125753200408764e-01	2.602527994306897408e-01	1.581574889483082780e-01	7.546986039038143523e-02	3.169679365652818687e-02	7.966035468773134676e-02
1.262658025764028707e+03	2.431637751549651505e-01	1.512888783119723246e-01	2.603815373832568114e-01	1.582353701975990345e-01	7.550276862522625754e-02	3.171829389648375686e-02	7.970937643043102261e-02
1.264109356828125556e+03	2.429777386043069365e-01	1.511653910190943473e-01	2.605100513908824023e-01	1.583131143287027365e-01	7.553562157391938148e-02	3.173976579164417694e-02	7.975831729138432857e-02
1.265560687892221949e+03	2.427920173779852531e-01	1.510421130851587190e-01	2.606383418353392378e-01	1.583907216034983467e-01	7.556841933114541443e-02	3.176120936377847814e-02	7.980717740302888108e-02
1.267012018956318798e+03	2.426066109406191940e-01	1.509190441545246730e-01	2.607664090977511728e-01	1.584681922832979484e-01	7.560116199143035454e-02	3.178262463470908628e-02	7.985595689760183191e-02
1.268463350020415419e+03	2.424215187577400954e-01	1.507961838721578463e-01	2.608942535585944689e-01	1.585455266288483822e-01	7.563384964914188213e-02	3.180401162631139172e-02	7.990465590714015964e-02
1.269914681084511813e+03	2.422367402957900095e-01	1.506735318836293636e-01	2.610218755976987381e-01	1.586227249003324680e-01	7.566648239848947077e-02	3.182537036051337476e-02	7.995327456348075290e-02
1.271366012148608434e+03	2.420522750221200392e-01	1.505510878351145887e-01	2.611492755942481647e-01	1.586997873573707529e-01	7.569906033352470642e-02	3.184670085929521000e-02	8.000181299826074344e-02
1.272817343212705055e+03	2.418681224049887835e-01	1.504288513733922916e-01	2.612764539267825037e-01	1.587767142590227609e-01	7.573158354814146787e-02	3.186800314468885009e-02	8.005027134291757551e-02
1.274268674276801676e+03	2.416842819135608667e-01	1.503068221458434828e-01	2.614034109731981914e-01	1.588535058637886022e-01	7.576405213607614875e-02	3.188927723877765796e-02	8.009864972868931121e-02
1.275720005340898297e+03	2.415007530179053286e-01	1.501849998004504694e-01	2.615301471107495113e-01	1.589301624296102777e-01	7.579646619090787962e-02	3.191052316369601127e-02	8.014694828661478310e-02
1.277171336404994690e+03	2.413175351889940146e-01	1.500633839857957730e-01	2.616566627160497038e-01	1.590066842138732894e-01	7.582882580605881939e-02	3.193174094162889304e-02	8.019516714753377462e-02
1.278622667469091539e+03	2.411346278987001601e-01	1.499419743510610470e-01	2.617829581650719106e-01	1.590830714734080276e-01	7.586113107479428019e-02	3.195293059481155162e-02	8.024330644208731156e-02
1.280073998533187932e+03	2.409520306197966699e-01	1.498207705460261885e-01	2.619090338331503398e-01	1.591593244644911587e-01	7.589338209022301884e-02	3.197409214552907747e-02	8.029136630071778691e-02
1.281525329597284326e+03	2.407697428259547301e-01	1.496997722210682003e-01	2.620348900949814874e-01	1.592354434428471799e-01	7.592557894529743112e-02	3.199522561611602145e-02	8.033934685366916906e-02
1.282976660661381175e+03	2.405877639917421706e-01	1.495789790271602193e-01	2.621605273246249701e-01	1.593114286636497234e-01	7.595772173281381545e-02	3.201633102895602712e-02	8.038724823098722383e-02
1.284427991725477568e+03	2.404060935926219111e-01	1.494583906158704623e-01	2.622859458955049128e-01	1.593872803815231387e-01	7.598981054541252556e-02	3.203740840648144905e-02	8.043507056251975040e-02
1.285879322789574417e+03	2.402247311049505174e-01	1.493380066393612260e-01	2.624111461804107259e-01	1.594629988505437135e-01	7.602184547557827576e-02	3.205845777117295736e-02	8.048281397791673397e-02
1.287330653853671038e+03	2.400436760059766750e-01	1.492178267503878053e-01	2.625361285514983267e-01	1.595385843242413115e-01	7.605382661564033531e-02	3.207947914555919072e-02	8.053047860663056778e-02
1.288781984917767431e+03	2.398629277738393850e-01	1.490978506022975769e-01	2.626608933802912493e-01	1.596140370556005939e-01	7.608575405777269485e-02	3.210047255221635393e-02	8.057806457791627519e-02
1.290233315981864052e+03	2.396824858875668263e-01	1.489780778490289448e-01	2.627854410376817551e-01	1.596893572970626285e-01	7.611762789399439955e-02	3.212143801376786401e-02	8.062557202083170393e-02
