1.001418434226643626e+03	2.824626584735499546e-01	1.769704127039715413e-01	2.333034096006768587e-01	1.416867769761185336e-01	6.860723101637254684e-02	2.743255333924558489e-02	6.953695789000530203e-02
1.002869765290740247e+03	2.822097101599111979e-01	1.768031853061940994e-01	2.334792155719291051e-01	1.417934771975801200e-01	6.865181819561584631e-02	2.745947880705278121e-02	6.960311476165720324e-02
1.004321096354836754e+03	2.819571913224254156e-01	1.766362419212846868e-01	2.336547170021042452e-01	1.418999830850592447e-01	6.869633061470227509e-02	2.748637261966515796e-02	6.966916343469931050e-02
1.005772427418933376e+03	2.817051012298313339e-01	1.764695820657849468e-01	2.338299144105880634e-01	1.420062950398997825e-01	6.874076839722838284e-02	2.751323478214319149e-02	6.973510407446462112e-02
1.007223758483029997e+03	2.814534391521270607e-01	1.763032052570577823e-01	2.340048083158817183e-01	1.421124134624490720e-01	6.878513166660402134e-02	2.754006529972056680e-02	6.980093684610010063e-02
1.008675089547126618e+03	2.812022043605676980e-01	1.761371110132862461e-01	2.341793992356032417e-01	1.422183387520608022e-01	6.882942054605258042e-02	2.756686417780320614e-02	6.986666191456653019e-02
1.010126420611223239e+03	2.809513961276632887e-01	1.759712988534721800e-01	2.343536876864890095e-01	1.423240713070981489e-01	6.887363515861115448e-02	2.759363142196826282e-02	6.993227944463836776e-02
1.011577751675319632e+03	2.807010137271759298e-01	1.758057682974349667e-01	2.345276741843952684e-01	1.424296115249367167e-01	6.891777562713079230e-02	2.762036703796314635e-02	6.999778960090360935e-02
1.013029082739416367e+03	2.804510564341178291e-01	1.756405188658104743e-01	2.347013592442996344e-01	1.425349598019676478e-01	6.896184207427671908e-02	2.764707103170452318e-02	7.006319254776363636e-02
1.014480413803512761e+03	2.802015235247487523e-01	1.754755500800495582e-01	2.348747433803026474e-01	1.426401165336005361e-01	6.900583462252848910e-02	2.767374340927736265e-02	7.012848844943309068e-02
1.015931744867609382e+03	2.799524142765738022e-01	1.753108614624170059e-01	2.350478271056292701e-01	1.427450821142664250e-01	6.904975339418026326e-02	2.770038417693395164e-02	7.019367746993974977e-02
1.017383075931706003e+03	2.797037279683408650e-01	1.751464525359900937e-01	2.352206109326304695e-01	1.428498569374208049e-01	6.909359851134094788e-02	2.772699334109291619e-02	7.025875977312440179e-02
1.018834406995802851e+03	2.794554638800386126e-01	1.749823228246574769e-01	2.353930953727844111e-01	1.429544413955465554e-01	6.913737009593448612e-02	2.775357090833828477e-02	7.032373552264069294e-02
1.020285738059899245e+03	2.792076212928938928e-01	1.748184718531178850e-01	2.355652809366983735e-01	1.430588358801568594e-01	6.918106826969998291e-02	2.778011688541849947e-02	7.038860488195503029e-02
1.021737069123995752e+03	2.789601994893696202e-01	1.746548991468788448e-01	2.357371681341099146e-01	1.431630407817982842e-01	6.922469315419198244e-02	2.780663127924548270e-02	7.045336801434641527e-02
1.023188400188092373e+03	2.787131977531622229e-01	1.744916042322554595e-01	2.359087574738885640e-01	1.432670564900535848e-01	6.926824487078064863e-02	2.783311409689367272e-02	7.051802508290638816e-02
1.024639731252188767e+03	2.784666153691998103e-01	1.743285866363690206e-01	2.360800494640371561e-01	1.433708833935446458e-01	6.931172354065194552e-02	2.785956534559907646e-02	7.058257625053886153e-02
1.026091062316285615e+03	2.782204516236393421e-01	1.741658458871459536e-01	2.362510446116934948e-01	1.434745218799354238e-01	6.935512928480788708e-02	2.788598503275833973e-02	7.064702167996002313e-02
1.027542393380382237e+03	2.779747058038647411e-01	1.740033815133164019e-01	2.364217434231316861e-01	1.435779723359348337e-01	6.939846222406677312e-02	2.791237316592780002e-02	7.071136153369819710e-02
1.028993724444478858e+03	2.777293771984845061e-01	1.738411930444129505e-01	2.365921464037636923e-01	1.436812351472996352e-01	6.944172247906328643e-02	2.793872975282254631e-02	7.077559597409378844e-02
1.030445055508575479e+03	2.774844650973294358e-01	1.736792800107694323e-01	2.367622540581408030e-01	1.437843106988373199e-01	6.948491017024881200e-02	2.796505480131549967e-02	7.083972516329911651e-02
1.031896386572671872e+03	2.772399687914503530e-01	1.735176419435196793e-01	2.369320668899549953e-01	1.438871993744089972e-01	6.952802541789157575e-02	2.799134831943647650e-02	7.090374926327835947e-02
1.033347717636768493e+03	2.769958875731158288e-01	1.733562783745961344e-01	2.371015854020406821e-01	1.439899015569322260e-01	6.957106834207689439e-02	2.801761031537128646e-02	7.096766843580740169e-02
1.034799048700865114e+03	2.767522207358100728e-01	1.731951888367287140e-01	2.372708100963758782e-01	1.440924176283838731e-01	6.961403906270738351e-02	2.804384079746078881e-02	7.103148284247376432e-02
1.036250379764961508e+03	2.765089675742307129e-01	1.730343728634433642e-01	2.374397414740839207e-01	1.441947479698029166e-01	6.965693769950309644e-02	2.807003977419999033e-02	7.109519264467649424e-02
1.037701710829058356e+03	2.762661273842863530e-01	1.728738299890610342e-01	2.376083800354346909e-01	1.442968929612933882e-01	6.969976437200181563e-02	2.809620725423714674e-02	7.115879800362605312e-02
1.039153041893154750e+03	2.760236994630945184e-01	1.727135597486962049e-01	2.377767262798462511e-01	1.443988529820270927e-01	6.974251919955923307e-02	2.812234324637284330e-02	7.122229908034428958e-02
1.040604372957251599e+03	2.757816831089795473e-01	1.725535616782556958e-01	2.379447807058862607e-01	1.445006284102464122e-01	6.978520230134911684e-02	2.814844775955909970e-02	7.128569603566425883e-02
1.042055704021347992e+03	2.755400776214701475e-01	1.723938353144373326e-01	2.381125438112734471e-01	1.446022196232671919e-01	6.982781379636356089e-02	2.817452080289846450e-02	7.134898903023018102e-02
1.043507035085444613e+03	2.752988823012973985e-01	1.722343801947287811e-01	2.382800160928790212e-01	1.447036269974814326e-01	6.987035380341319324e-02	2.820056238564313394e-02	7.141217822449733021e-02
1.044958366149541234e+03	2.750580964503924752e-01	1.720751958574062157e-01	2.384471980467281482e-01	1.448048509083601221e-01	6.991282244112734245e-02	2.822657251719406027e-02	7.147526377873199277e-02
1.046409697213637855e+03	2.748177193718843170e-01	1.719162818415329863e-01	2.386140901680013915e-01	1.449058917304560101e-01	6.995521982795427363e-02	2.825255120710005660e-02	7.153824585301131467e-02
1.047861028277734476e+03	2.745777503700977396e-01	1.717576376869584809e-01	2.387806929510361831e-01	1.450067498374063846e-01	6.999754608216139651e-02	2.827849846505692613e-02	7.160112460722327377e-02
1.049312359341831097e+03	2.743381887505511041e-01	1.715992629343166542e-01	2.389470068893281840e-01	1.451074256019357078e-01	7.003980132183544594e-02	2.830441430090658086e-02	7.166390020106659653e-02
1.050763690405927491e+03	2.740990338199542631e-01	1.714411571250249733e-01	2.391130324755329217e-01	1.452079193958585035e-01	7.008198566488274550e-02	2.833029872463617080e-02	7.172657279405064701e-02
1.052215021470024112e+03	2.738602848862062289e-01	1.712833198012830571e-01	2.392787702014670115e-01	1.453082315900820487e-01	7.012409922902930470e-02	2.835615174637720962e-02	7.178914254549538521e-02
1.053666352534120733e+03	2.736219412583931199e-01	1.711257505060712614e-01	2.394442205581096828e-01	1.454083625546090386e-01	7.016614213182113813e-02	2.838197337640471427e-02	7.185160961453128381e-02
1.055117683598217127e+03	2.733840022467861064e-01	1.709684487831496513e-01	2.396093840356042504e-01	1.455083126585403341e-01	7.020811449062441811e-02	2.840776362513634107e-02	7.191397416009925880e-02
1.056569014662313975e+03	2.731464671628389684e-01	1.708114141770565586e-01	2.397742611232594467e-01	1.456080822700776545e-01	7.025001642262566903e-02	2.843352250313152876e-02	7.197623634095055845e-02
1.058020345726410369e+03	2.729093353191863192e-01	1.706546462331073599e-01	2.399388523095509207e-01	1.457076717565262691e-01	7.029184804483198934e-02	2.845925002109064503e-02	7.203839631564676327e-02
1.059471676790506763e+03	2.726726060296413290e-01	1.704981444973932836e-01	2.401031580821227085e-01	1.458070814842977458e-01	7.033360947407127362e-02	2.848494618985413299e-02	7.210045424255970281e-02
1.060923007854603611e+03	2.724362786091936717e-01	1.703419085167799385e-01	2.402671789277885661e-01	1.459063118189125596e-01	7.037530082699236522e-02	2.851061102040167161e-02	7.216241027987137235e-02
1.062374338918700232e+03	2.722003523740072484e-01	1.701859378389062039e-01	2.404309153325334680e-01	1.460053631250027018e-01	7.041692222006531998e-02	2.853624452385132917e-02	7.222426458557384965e-02
1.063825669982796853e+03	2.719648266414181337e-01	1.700302320121829247e-01	2.405943677815149118e-01	1.461042357663144831e-01	7.045847376958158659e-02	2.856184671145872364e-02	7.228601731746932268e-02
1.065277001046893474e+03	2.717297007299325773e-01	1.698747905857916352e-01	2.407575367590644999e-01	1.462029301057110597e-01	7.049995559165418701e-02	2.858741759461619347e-02	7.234766863316992314e-02
1.066728332110990095e+03	2.714949739592248390e-01	1.697196131096833371e-01	2.409204227486891337e-01	1.463014465051750979e-01	7.054136780221793857e-02	2.861295718485196149e-02	7.240921869009775413e-02
1.068179663175086489e+03	2.712606456501351349e-01	1.695646991345770571e-01	2.410830262330726503e-01	1.463997853258113824e-01	7.058271051702968979e-02	2.863846549382930567e-02	7.247066764548479312e-02
1.069630994239183110e+03	2.710267151246674167e-01	1.694100482119587914e-01	2.412453476940771280e-01	1.464979469278495372e-01	7.062398385166848702e-02	2.866394253334574385e-02	7.253201565637287795e-02
1.071082325303279504e+03	2.707931817059875401e-01	1.692556598940801182e-01	2.414073876127442453e-01	1.465959316706465509e-01	7.066518792153578254e-02	2.868938831533221143e-02	7.259326287961359592e-02
1.072533656367376352e+03	2.705600447184208779e-01	1.691015337339569213e-01	2.415691464692968082e-01	1.466937399126892749e-01	7.070632284185565664e-02	2.871480285185223913e-02	7.265440947186828369e-02
1.073984987431472746e+03	2.703273034874505432e-01	1.689476692853682516e-01	2.417306247431399990e-01	1.467913720115972265e-01	7.074738872767498410e-02	2.874018615510114463e-02	7.271545558960802735e-02
1.075436318495569594e+03	2.700949573397150028e-01	1.687940661028548839e-01	2.418918229128629027e-01	1.468888283241250314e-01	7.078838569386367019e-02	2.876553823740523111e-02	7.277640138911346812e-02
1.076887649559666215e+03	2.698630056030063562e-01	1.686407237417181237e-01	2.420527414562398394e-01	1.469861092061650609e-01	7.082931385511488653e-02	2.879085911122096844e-02	7.283724702647492721e-02
1.078338980623762609e+03	2.696314476062681709e-01	1.684876417580186692e-01	2.422133808502317798e-01	1.470832150127499294e-01	7.087017332594518215e-02	2.881614878913420566e-02	7.289799265759226710e-02
1.079790311687859230e+03	2.694002826795933170e-01	1.683348197085750564e-01	2.423737415709877052e-01	1.471801460980551035e-01	7.091096422069478877e-02	2.884140728385935909e-02	7.295863843817486372e-02
1.081241642751955851e+03	2.691695101542219692e-01	1.681822571509627995e-01	2.425338240938460510e-01	1.472769028154014004e-01	7.095168665352773185e-02	2.886663460823863520e-02	7.301918452374163426e-02
1.082692973816052472e+03	2.689391293625396639e-01	1.680299536435126417e-01	2.426936288933360941e-01	1.473734855172575686e-01	7.099234073843213588e-02	2.889183077524122220e-02	7.307963106962089839e-02
1.084144304880149093e+03	2.687091396380751340e-01	1.678779087453097507e-01	2.428531564431792855e-01	1.474698945552428142e-01	7.103292658922032154e-02	2.891699579796251987e-02	7.313997823095041984e-02
1.085595635944245487e+03	2.684795403154983662e-01	1.677261220161921917e-01	2.430124072162905824e-01	1.475661302801292707e-01	7.107344431952908326e-02	2.894212968962334848e-02	7.320022616267737869e-02
1.087046967008342108e+03	2.682503307306184914e-01	1.675745930167497622e-01	2.431713816847800025e-01	1.476621930418445805e-01	7.111389404281986959e-02	2.896723246356916123e-02	7.326037501955828812e-02
1.088498298072438729e+03	2.680215102203820088e-01	1.674233213083227145e-01	2.433300803199537898e-01	1.477580831894743374e-01	7.115427587237897755e-02	2.899230413326928796e-02	7.332042495615900823e-02
1.089949629136535123e+03	2.677930781228703982e-01	1.672723064530004800e-01	2.434885035923159968e-01	1.478538010712646122e-01	7.119458992131777464e-02	2.901734471231614057e-02	7.338037612685470445e-02
1.091400960200631971e+03	2.675650337772984555e-01	1.671215480136204190e-01	2.436466519715697332e-01	1.479493470346243400e-01	7.123483630257292087e-02	2.904235421442445675e-02	7.344022868582983365e-02
1.092852291264728365e+03	2.673373765240119604e-01	1.669710455537666005e-01	2.438045259266184428e-01	1.480447214261279842e-01	7.127501512890647983e-02	2.906733265343052972e-02	7.349998278707811639e-02
1.094303622328825213e+03	2.671101057044860116e-01	1.668207986377684693e-01	2.439621259255675689e-01	1.481399245915178409e-01	7.131512651290623783e-02	2.909228004329144843e-02	7.355963858440249525e-02
1.095754953392921607e+03	2.668832206613228064e-01	1.666708068306997637e-01	2.441194524357256090e-01	1.482349568757065361e-01	7.135517056698584271e-02	2.911719639808434817e-02	7.361919623141516267e-02
1.097206284457018228e+03	2.666567207382496973e-01	1.665210696983770722e-01	2.442765059236055858e-01	1.483298186227795523e-01	7.139514740338502585e-02	2.914208173200563690e-02	7.367865588153749146e-02
1.098657615521114849e+03	2.664306052801171942e-01	1.663715868073586956e-01	2.444332868549265181e-01	1.484245101759975594e-01	7.143505713416979652e-02	2.916693605937025272e-02	7.373801768800006262e-02
1.100108946585211470e+03	2.662048736328970211e-01	1.662223577249433426e-01	2.445897956946146146e-01	1.485190318777988849e-01	7.147489987123266386e-02	2.919175939461091801e-02	7.379728180384262370e-02
1.101560277649308091e+03	2.659795251436801733e-01	1.660733820191689081e-01	2.447460329068047169e-01	1.486133840698019570e-01	7.151467572629281733e-02	2.921655175227739001e-02	7.385644838191406103e-02
1.103011608713404712e+03	2.657545591606749191e-01	1.659246592588112801e-01	2.449019989548416321e-01	1.487075670928076909e-01	7.155438481089632097e-02	2.924131314703571835e-02	7.391551757487246910e-02
1.104462939777501106e+03	2.655299750332047459e-01	1.657761890133829796e-01	2.450576943012814923e-01	1.488015812868019594e-01	7.159402723641637711e-02	2.926604359366751645e-02	7.397448953518499792e-02
1.105914270841597499e+03	2.653057721117064172e-01	1.656279708531320505e-01	2.452131194078930598e-01	1.488954269909578687e-01	7.163360311405343739e-02	2.929074310706921563e-02	7.403336441512800570e-02
1.107365601905694348e+03	2.650819497477281406e-01	1.654800043490406436e-01	2.453682747356591698e-01	1.489891045436383399e-01	7.167311255483552190e-02	2.931541170225133650e-02	7.409214236678694776e-02
1.108816932969790741e+03	2.648585072939275142e-01	1.653322890728239902e-01	2.455231607447778963e-01	1.490826142823982181e-01	7.171255566961828865e-02	2.934004939433776382e-02	7.415082354205640436e-02
1.110268264033887590e+03	2.646354441040696392e-01	1.651848245969289863e-01	2.456777778946641622e-01	1.491759565439868818e-01	7.175193256908532491e-02	2.936465619856502493e-02	7.420940809264008065e-02
1.111719595097984211e+03	2.644127595330250657e-01	1.650376104945330269e-01	2.458321266439507935e-01	1.492691316643505739e-01	7.179124336374836934e-02	2.938923213028155415e-02	7.426789617005077893e-02
1.113170926162080832e+03	2.641904529367677945e-01	1.648906463395427846e-01	2.459862074504900464e-01	1.493621399786346227e-01	7.183048816394745073e-02	2.941377720494699546e-02	7.432628792561041253e-02
1.114622257226177226e+03	2.639685236723736672e-01	1.647439317065929609e-01	2.461400207713548838e-01	1.494549818211859393e-01	7.186966707985112390e-02	2.943829143813147045e-02	7.438458351045006134e-02
1.116073588290273847e+03	2.637469710980180904e-01	1.645974661710450648e-01	2.462935670628402518e-01	1.495476575255552387e-01	7.190878022145666404e-02	2.946277484551487053e-02	7.444278307550988849e-02
1.117524919354370468e+03	2.635257945729743700e-01	1.644512493089861083e-01	2.464468467804645235e-01	1.496401674244994817e-01	7.194782769859026095e-02	2.948722744288615263e-02	7.450088677153918204e-02
1.118976250418467089e+03	2.633049934576114359e-01	1.643052806972274960e-01	2.465998603789707200e-01	1.497325118499841512e-01	7.198680962090725499e-02	2.951164924614264190e-02	7.455889474909639658e-02
1.120427581482563710e+03	2.630845671133922870e-01	1.641595599133037209e-01	2.467526083123278702e-01	1.498246911331855002e-01	7.202572609789230362e-02	2.953604027128930998e-02	7.461680715854908386e-02
1.121878912546660331e+03	2.628645149028719930e-01	1.640140865354711430e-01	2.469050910337323712e-01	1.499167056044929391e-01	7.206457723885960343e-02	2.956040053443808810e-02	7.467462415007396215e-02
1.123330243610756725e+03	2.626448361896954742e-01	1.638688601427067126e-01	2.470573089956092649e-01	1.500085555935113946e-01	7.210336315295311216e-02	2.958473005180717319e-02	7.473234587365690240e-02
1.124781574674853118e+03	2.624255303385960580e-01	1.637238803147069155e-01	2.472092626496135426e-01	1.501002414290634746e-01	7.214208394914671529e-02	2.960902883972033398e-02	7.478997247909298374e-02
1.126232905738949967e+03	2.622065967153932586e-01	1.635791466318864129e-01	2.473609524466315324e-01	1.501917634391917722e-01	7.218073973624443418e-02	2.963329691460621709e-02	7.484750411598639630e-02
1.127684236803046360e+03	2.619880346869909449e-01	1.634346586753767649e-01	2.475123788367820932e-01	1.502831219511611971e-01	7.221933062288066196e-02	2.965753429299767055e-02	7.490494093375059392e-02
1.129135567867143209e+03	2.617698436213755642e-01	1.632904160270253757e-01	2.476635422694180577e-01	1.503743172914612791e-01	7.225785671752033013e-02	2.968174099153105330e-02	7.496228308160822473e-02
1.130586898931239830e+03	2.615520228876140330e-01	1.631464182693941889e-01	2.478144431931275093e-01	1.504653497858083055e-01	7.229631812845911665e-02	2.970591702694555872e-02	7.501953070859114503e-02
1.132038229995336451e+03	2.613345718558520714e-01	1.630026649857584664e-01	2.479650820557350033e-01	1.505562197591475970e-01	7.233471496382369581e-02	2.973006241608253455e-02	7.507668396354050255e-02
1.133489561059432845e+03	2.611174898973120384e-01	1.628591557601055673e-01	2.481154593043029266e-01	1.506469275356558946e-01	7.237304733157187697e-02	2.975417717588481684e-02	7.513374299510670873e-02
1.134940892123529466e+03	2.609007763842913774e-01	1.627158901771337818e-01	2.482655753851328029e-01	1.507374734387434134e-01	7.241131533949282661e-02	2.977826132339605678e-02	7.519070795174943866e-02
1.136392223187626087e+03	2.606844306901606734e-01	1.625728678222510548e-01	2.484154307437666243e-01	1.508278577910562579e-01	7.244951909520733202e-02	2.980231487576004770e-02	7.524757898173772830e-02
1.137843554251722708e+03	2.604684521893614879e-01	1.624300882815739033e-01	2.485650258249881006e-01	1.509180809144783919e-01	7.248765870616788454e-02	2.982633785022006934e-02	7.530435623314993276e-02
1.139294885315819101e+03	2.602528402574048050e-01	1.622875511419260008e-01	2.487143610728238807e-01	1.510081431301340815e-01	7.252573427965899877e-02	2.985033026411822166e-02	7.536103985387378190e-02
1.140746216379915950e+03	2.600375942708690324e-01	1.621452559908371782e-01	2.488634369305450789e-01	1.510980447583900321e-01	7.256374592279733748e-02	2.987429213489477264e-02	7.541762999160639414e-02
1.142197547444012343e+03	2.598227136073981147e-01	1.620032024165420637e-01	2.490122538406683295e-01	1.511877861188575534e-01	7.260169374253198915e-02	2.989822348008749214e-02	7.547412679385431811e-02
1.143648878508108737e+03	2.596081976456998119e-01	1.618613900079790002e-01	2.491608122449571749e-01	1.512773675303947518e-01	7.263957784564457898e-02	2.992212431733101002e-02	7.553053040793354656e-02
1.145100209572205586e+03	2.593940457655437570e-01	1.617198183547887691e-01	2.493091125844232869e-01	1.513667893111087792e-01	7.267739833874956035e-02	2.994599466435616392e-02	7.558684098096955795e-02
1.146551540636302207e+03	2.591802573477595684e-01	1.615784870473134238e-01	2.494571552993279095e-01	1.514560517783578864e-01	7.271515532829435358e-02	2.996983453898935737e-02	7.564305865989737199e-02
1.148002871700398828e+03	2.589668317742350179e-01	1.614373956765950968e-01	2.496049408291829974e-01	1.515451552487537545e-01	7.275284892055958186e-02	2.999364395915191106e-02	7.569918359146154963e-02
1.149454202764495449e+03	2.587537684279142547e-01	1.612965438343747504e-01	2.497524696127525201e-01	1.516341000381634940e-01	7.279047922165926554e-02	3.001742294285943136e-02	7.575521592221623468e-02
1.150905533828591842e+03	2.585410666927959733e-01	1.611559311130910666e-01	2.498997420880537113e-01	1.517228864617119199e-01	7.282804633754104418e-02	3.004117150822115459e-02	7.581115579852518160e-02
1.152356864892688463e+03	2.583287259539313041e-01	1.610155571058791146e-01	2.500467586923584284e-01	1.518115148337836340e-01	7.286555037398634305e-02	3.006488967343933297e-02	7.586700336656182486e-02
1.153808195956785084e+03	2.581167455974224811e-01	1.608754214065694355e-01	2.501935198621944023e-01	1.518999854680251893e-01	7.290299143661056747e-02	3.008857745680859966e-02	7.592275877230929282e-02
1.155259527020881706e+03	2.579051250104206217e-01	1.607355236096864870e-01	2.503400260333464300e-01	1.519882986773471722e-01	7.294036963086342196e-02	3.011223487671533042e-02	7.597842216156046324e-02
1.156710858084978327e+03	2.576938635811240608e-01	1.605958633104477007e-01	2.504862776408577352e-01	1.520764547739264227e-01	7.297768506202893801e-02	3.013586195163703296e-02	7.603399367991797719e-02
1.158162189149074720e+03	2.574829606987764086e-01	1.604564401047623434e-01	2.506322751190312448e-01	1.521644540692080327e-01	7.301493783522579328e-02	3.015945870014170860e-02	7.608947347279433615e-02
1.159613520213171569e+03	2.572724157536649403e-01	1.603172535892300743e-01	2.507780189014306993e-01	1.522522968739075666e-01	7.305212805540750587e-02	3.018302514088724853e-02	7.614486168541188815e-02
1.161064851277267962e+03	2.570622281371184870e-01	1.601783033611399731e-01	2.509235094208820405e-01	1.523399834980131429e-01	7.308925582736260085e-02	3.020656129262080936e-02	7.620015846280289717e-02
1.162516182341364356e+03	2.568523972415058809e-01	1.600395890184693748e-01	2.510687471094746881e-01	1.524275142507873770e-01	7.312632125571483233e-02	3.023006717417818859e-02	7.625536394980958477e-02
1.163967513405461204e+03	2.566429224602341241e-01	1.599011101598825368e-01	2.512137323985627058e-01	1.525148894407697131e-01	7.316332444492337772e-02	3.025354280448323829e-02	7.631047829108418556e-02
1.165418844469557826e+03	2.564338031877463897e-01	1.597628663847295849e-01	2.513584657187662441e-01	1.526021093757783387e-01	7.320026549928307369e-02	3.027698820254723713e-02	7.636550163108898892e-02
1.166870175533654447e+03	2.562250388195204676e-01	1.596248572930452636e-01	2.515029474999725401e-01	1.526891743629122666e-01	7.323714452292455490e-02	3.030040338746829362e-02	7.642043411409642217e-02
1.168321506597751068e+03	2.560166287520668771e-01	1.594870824855478542e-01	2.516471781713373601e-01	1.527760847085535001e-01	7.327396161981453160e-02	3.032378837843074590e-02	7.647527588418902289e-02
1.169772837661847461e+03	2.558085723829268132e-01	1.593495415636378976e-01	2.517911581612861105e-01	1.528628407183690030e-01	7.331071689375592837e-02	3.034714319470455113e-02	7.653002708525959152e-02
1.171224168725944082e+03	2.556008691106708697e-01	1.592122341293971399e-01	2.519348878975152251e-01	1.529494426973127541e-01	7.334741044838814783e-02	3.037046785564469914e-02	7.658468786101114978e-02
1.172675499790040703e+03	2.553935183348968740e-01	1.590751597855872279e-01	2.520783678069931089e-01	1.530358909496278008e-01	7.338404238718720940e-02	3.039376238069061570e-02	7.663925835495707939e-02
1.174126830854137097e+03	2.551865194562282224e-01	1.589383181356486818e-01	2.522215983159619701e-01	1.531221857788483964e-01	7.342061281346598522e-02	3.041702678936556922e-02	7.669373871042110824e-02
1.175578161918233945e+03	2.549798718763120475e-01	1.588017087836996188e-01	2.523645798499383752e-01	1.532083274878018875e-01	7.345712183037443610e-02	3.044026110127608445e-02	7.674812907053742139e-02
1.177029492982330339e+03	2.547735749978175535e-01	1.586653313345346705e-01	2.525073128337150252e-01	1.532943163786107954e-01	7.349356954089976413e-02	3.046346533611135610e-02	7.680242957825067496e-02
1.178480824046426733e+03	2.545676282244341282e-01	1.585291853936237894e-01	2.526497976913616994e-01	1.533801527526948427e-01	7.352995604786660699e-02	3.048663951364266253e-02	7.685664037631609324e-02
1.179932155110523581e+03	2.543620309608697339e-01	1.583932705671110552e-01	2.527920348462264766e-01	1.534658369107729514e-01	7.356628145393730167e-02	3.050978365372279330e-02	7.691076160729951039e-02
1.181383486174620202e+03	2.541567826128487972e-01	1.582575864618136208e-01	2.529340247209372339e-01	1.535513691528652691e-01	7.360254586161203705e-02	3.053289777628546628e-02	7.696479341357743975e-02
1.182834817238716823e+03	2.539518825871109331e-01	1.581221326852204068e-01	2.530757677374024794e-01	1.536367497782951397e-01	7.363874937322908987e-02	3.055598190134475173e-02	7.701873593733710166e-02
1.184286148302813444e+03	2.537473302914087792e-01	1.579869088454911308e-01	2.532172643168128512e-01	1.537219790856910739e-01	7.367489209096497738e-02	3.057903604899449984e-02	7.707258932057656220e-02
1.185737479366910065e+03	2.535431251345063308e-01	1.578519145514550026e-01	2.533585148796425046e-01	1.538070573729888035e-01	7.371097411683472100e-02	3.060206023940777870e-02	7.712635370510471933e-02
1.187188810431006686e+03	2.533392665261774424e-01	1.577171494126096141e-01	2.534995198456498899e-01	1.538919849374331683e-01	7.374699555269201290e-02	3.062505449283628792e-02	7.718002923254141390e-02
1.188640141495103080e+03	2.531357538772038285e-01	1.575826130391198565e-01	2.536402796338791954e-01	1.539767620755801703e-01	7.378295650022941021e-02	3.064801882960982785e-02	7.723361604431748517e-02
1.190091472559199701e+03	2.529325865993734546e-01	1.574483050418167274e-01	2.537807946626617350e-01	1.540613890832988608e-01	7.381885706097857103e-02	3.067095327013570627e-02	7.728711428167484021e-02
1.191542803623296322e+03	2.527297641054784272e-01	1.573142250321961366e-01	2.539210653496167813e-01	1.541458662557733672e-01	7.385469733631043476e-02	3.069385783489819372e-02	7.734052408566652326e-02
1.192994134687392716e+03	2.525272858093138284e-01	1.571803726224178799e-01	2.540610921116532306e-01	1.542301938875048073e-01	7.389047742743544422e-02	3.071673254445796489e-02	7.739384559715678513e-02
1.194445465751489564e+03	2.523251511256755508e-01	1.570467474253043894e-01	2.542008753649703801e-01	1.543143722723131772e-01	7.392619743540373989e-02	3.073957741945154351e-02	7.744707895682113874e-02
1.195896796815585958e+03	2.521233594703588543e-01	1.569133490543396237e-01	2.543404155250594267e-01	1.543984017033393774e-01	7.396185746110532644e-02	3.076239248059075768e-02	7.750022430514648397e-02
1.197348127879682352e+03	2.519219102601564231e-01	1.567801771236679853e-01	2.544797130067046331e-01	1.544822824730471278e-01	7.399745760527035032e-02	3.078517774866218124e-02	7.755328178243109383e-02
1.198799458943779200e+03	2.517208029128566449e-01	1.566472312480931828e-01	2.546187682239844929e-01	1.545660148732248551e-01	7.403299796846921077e-02	3.080793324452659604e-02	7.760625152878479482e-02
1.200250790007875821e+03	2.515200368472420567e-01	1.565145110430769815e-01	2.547575815902728413e-01	1.546495991949876359e-01	7.406847865111285123e-02	3.083065898911844377e-02	7.765913368412895312e-02
1.201702121071972442e+03	2.513196114830875127e-01	1.563820161247382323e-01	2.548961535182402982e-01	1.547330357287790559e-01	7.410389975345289815e-02	3.085335500344528470e-02	7.771192838819657167e-02
1.203153452136069063e+03	2.511195262411584084e-01	1.562497461098515950e-01	2.550344844198550454e-01	1.548163247643731810e-01	7.413926137558191076e-02	3.087602130858726687e-02	7.776463578053241510e-02
1.204604783200165684e+03	2.509197805432090700e-01	1.561177006158465108e-01	2.551725747063846028e-01	1.548994665908764445e-01	7.417456361743354765e-02	3.089865792569658140e-02	7.781725600049303748e-02
1.206056114264262078e+03	2.507203738119810899e-01	1.559858792608060651e-01	2.553104247883965505e-01	1.549824614967294789e-01	7.420980657878276099e-02	3.092126487599693163e-02	7.786978918724687948e-02
1.207507445328358699e+03	2.505213054712014942e-01	1.558542816634658490e-01	2.554480350757599161e-01	1.550653097697090588e-01	7.424499035924606027e-02	3.094384218078300233e-02	7.792223547977433773e-02
1.208958776392455093e+03	2.503225749455810223e-01	1.557229074432127935e-01	2.555854059776464515e-01	1.551480116969299605e-01	7.428011505828166494e-02	3.096638986141994274e-02	7.797459501686788974e-02
1.210410107456551941e+03	2.501241816608126278e-01	1.555917562200840876e-01	2.557225379025316325e-01	1.552305675648467942e-01	7.431518077518969867e-02	3.098890793934281837e-02	7.802686793713209390e-02
1.211861438520648335e+03	2.499261250435695358e-01	1.554608276147661505e-01	2.558594312581958241e-01	1.553129776592560018e-01	7.435018760911241142e-02	3.101139643605610105e-02	7.807905437898375600e-02
1.213312769584745183e+03	2.497284045215037163e-01	1.553301212485933003e-01	2.559960864517256685e-01	1.553952422652975229e-01	7.438513565903441538e-02	3.103385537313315540e-02	7.813115448065198476e-02
1.214764100648841804e+03	2.495310195232441075e-01	1.551996367435468926e-01	2.561325038895151396e-01	1.554773616674568204e-01	7.442002502378280981e-02	3.105628477221570455e-02	7.818316838017823345e-02
1.216215431712937971e+03	2.493339694783950344e-01	1.550693737222539892e-01	2.562686839772668201e-01	1.555593361495666016e-01	7.445485580202744480e-02	3.107868465501332361e-02	7.823509621541645254e-02
1.217666762777034819e+03	2.491372538175343765e-01	1.549393318079864135e-01	2.564046271199929561e-01	1.556411659948087056e-01	7.448962809228110160e-02	3.110105504330292620e-02	7.828693812403314523e-02
1.219118093841131440e+03	2.489408719722119301e-01	1.548095106246595298e-01	2.565403337220167335e-01	1.557228514857159907e-01	7.452434199289971473e-02	3.112339595892825092e-02	7.833869424350746458e-02
1.220569424905228061e+03	2.487448233749478543e-01	1.546799097968311887e-01	2.566758041869733886e-01	1.558043929041740827e-01	7.455899760208253846e-02	3.114570742379935142e-02	7.839036471113126903e-02
1.222020755969324682e+03	2.485491074592307836e-01	1.545505289497005608e-01	2.568110389178113739e-01	1.558857905314231518e-01	7.459359501787236890e-02	3.116798945989209674e-02	7.844194966400926117e-02
1.223472087033421303e+03	2.483537236595163844e-01	1.544213677091071657e-01	2.569460383167936346e-01	1.559670446480599382e-01	7.462813433815575215e-02	3.119024208924765090e-02	7.849344923905905713e-02
1.224923418097517697e+03	2.481586714112255510e-01	1.542924257015296508e-01	2.570808027854985522e-01	1.560481555340393345e-01	7.466261566066317856e-02	3.121246533397200110e-02	7.854486357301126986e-02
1.226374749161614318e+03	2.479639501507426569e-01	1.541637025540847084e-01	2.572153327248214438e-01	1.561291234686763285e-01	7.469703908296929096e-02	3.123465921623542682e-02	7.859619280240960626e-02
1.227826080225710712e+03	2.477695593154141396e-01	1.540351978945260492e-01	2.573496285349755053e-01	1.562099487306476964e-01	7.473140470249309275e-02	3.125682375827202458e-02	7.864743706361100595e-02
1.229277411289807560e+03	2.475754983435465850e-01	1.539069113512432085e-01	2.574836906154929772e-01	1.562906315979938066e-01	7.476571261649810063e-02	3.127895898237920136e-02	7.869859649278561353e-02
1.230728742353903954e+03	2.473817666744052290e-01	1.537788425532604919e-01	2.576175193652263662e-01	1.563711723481205906e-01	7.479996292209263598e-02	3.130106491091719234e-02	7.874967122591704227e-02
1.232180073418000802e+03	2.471883637482122364e-01	1.536509911302358922e-01	2.577511151823494995e-01	1.564515712578010420e-01	7.483415571622992202e-02	3.132314156630856133e-02	7.880066139880231857e-02
1.233631404482097196e+03	2.469952890061451189e-01	1.535233567124600629e-01	2.578844784643589683e-01	1.565318286031771866e-01	7.486829109570840302e-02	3.134518897103771851e-02	7.885156714705206238e-02
1.235082735546193817e+03	2.468025418903349866e-01	1.533959389308551247e-01	2.580176096080748493e-01	1.566119446597617204e-01	7.490236915717182753e-02	3.136720714765044160e-02	7.890238860609057048e-02
1.236534066610290438e+03	2.466101218438649656e-01	1.532687374169735828e-01	2.581505090096422594e-01	1.566919197024399246e-01	7.493638999710952597e-02	3.138919611875338328e-02	7.895312591115591361e-02
1.237985397674387059e+03	2.464180283107685887e-01	1.531417518029973002e-01	2.582831770645321878e-01	1.567717540054712755e-01	7.497035371185660491e-02	3.141115590701359234e-02	7.900377919730001974e-02
1.239436728738483680e+03	2.462262607360279909e-01	1.530149817217364427e-01	2.584156141675429952e-01	1.568514478424912484e-01	7.500426039759411356e-02	3.143308653515804185e-02	7.905434859938878511e-02
1.240888059802580301e+03	2.460348185655725495e-01	1.528884268066282581e-01	2.585478207128011352e-01	1.569310014865130665e-01	7.503811015034926590e-02	3.145498802597314347e-02	7.910483425210219910e-02
1.242339390866676695e+03	2.458437012462769966e-01	1.527620866917361320e-01	2.586797970937627089e-01	1.570104152099294492e-01	7.507190306599566265e-02	3.147686040230428250e-02	7.915523628993439975e-02
1.243790721930773088e+03	2.456529082259598928e-01	1.526359610117484500e-01	2.588115437032143529e-01	1.570896892845143056e-01	7.510563924025348559e-02	3.149870368705533913e-02	7.920555484719381256e-02
1.245242052994869937e+03	2.454624389533820727e-01	1.525100494019775432e-01	2.589430609332744049e-01	1.571688239814245103e-01	7.513931876868967796e-02	3.152051790318823044e-02	7.925579005800323373e-02
1.246693384058966330e+03	2.452722928782448408e-01	1.523843514983586056e-01	2.590743491753941252e-01	1.572478195712015137e-01	7.517294174671811102e-02	3.154230307372243858e-02	7.930594205629994120e-02
1.248144715123063179e+03	2.450824694511884450e-01	1.522588669374486947e-01	2.592054088203589179e-01	1.573266763237732291e-01	7.520650826959990320e-02	3.156405922173453893e-02	7.935601097583583341e-02
1.249596046187159800e+03	2.448929681237906053e-01	1.521335953564254273e-01	2.593362402582891635e-01	1.574053945084556150e-01	7.524001843244348953e-02	3.158578637035772824e-02	7.940599695017747095e-02
1.251047377251256421e+03	2.447037883485645993e-01	1.520085363930862576e-01	2.594668438786416620e-01	1.574839743939544234e-01	7.527347233020491302e-02	3.160748454278141523e-02	7.945590011270624309e-02
1.252498708315352815e+03	2.445149295789579291e-01	1.518836896858471175e-01	2.595972200702105770e-01	1.575624162483668655e-01	7.530687005768799125e-02	3.162915376225069325e-02	7.950572059661839552e-02
1.253950039379449436e+03	2.443263912693504902e-01	1.517590548737414169e-01	2.597273692211287122e-01	1.576407203391832768e-01	7.534021170954452451e-02	3.165079405206592394e-02	7.955545853492526631e-02
1.255401370443546057e+03	2.441381728750530999e-01	1.516346315964191560e-01	2.598572917188684550e-01	1.577188869332889209e-01	7.537349738027446233e-02	3.167240543558230009e-02	7.960511406045327198e-02
1.256852701507642678e+03	2.439502738523058878e-01	1.515104194941456206e-01	2.599869879502429981e-01	1.577969162969655725e-01	7.540672716422616717e-02	3.169398793620934601e-02	7.965468730584407409e-02
1.258304032571739299e+03	2.437626936582766302e-01	1.513864182078004939e-01	2.601164583014074494e-01	1.578748086958932095e-01	7.543990115559656706e-02	3.171554157741050123e-02	7.970417840355470407e-02
1.259755363635835920e+03	2.435754317510591960e-01	1.512626273788767461e-01	2.602457031578602198e-01	1.579525643951517067e-01	7.547301944843140542e-02	3.173706638270266250e-02	7.975358748585761881e-02
1.261206694699932314e+03	2.433884875896719924e-01	1.511390466494795526e-01	2.603747229044435785e-01	1.580301836592224174e-01	7.550608213662535206e-02	3.175856237565575363e-02	7.980291468484086714e-02
1.262658025764028707e+03	2.432018606340562439e-01	1.510156756623252383e-01	2.605035179253453181e-01	1.581076667519899781e-01	7.553908931392232240e-02	3.178002957989226746e-02	7.985216013240815924e-02
1.264109356828125556e+03	2.430155503450744658e-01	1.508925140607402515e-01	2.606320886040995322e-01	1.581850139367438068e-01	7.557204107391557457e-02	3.180146801908681486e-02	7.990132396027904704e-02
1.265560687892221949e+03	2.428295561845089656e-01	1.507695614886601920e-01	2.607604353235877803e-01	1.582622254761798519e-01	7.560493751004797314e-02	3.182287771696572232e-02	7.995040629998897974e-02
1.267012018956318798e+03	2.426438776150601495e-01	1.506468175906285900e-01	2.608885584660404766e-01	1.583393016324021740e-01	7.563777871561216948e-02	3.184425869730655306e-02	7.999940728288941483e-02
1.268463350020415419e+03	2.424585141003449962e-01	1.505242820117959901e-01	2.610164584130374443e-01	1.584162426669246115e-01	7.567056478375076833e-02	3.186561098393770469e-02	8.004832704014797073e-02
1.269914681084511813e+03	2.422734651048954191e-01	1.504019543979188134e-01	2.611441355455096924e-01	1.584930488406724181e-01	7.570329580745661924e-02	3.188693460073795116e-02	8.009716570274849623e-02
1.271366012148608434e+03	2.420887300941568510e-01	1.502798343953584415e-01	2.612715902437400817e-01	1.585697204139839001e-01	7.573597187957291366e-02	3.190822957163605422e-02	8.014592340149126470e-02
1.272817343212705055e+03	2.419043085344863286e-01	1.501579216510800507e-01	2.613988228873644348e-01	1.586462576466119434e-01	7.576859309279344867e-02	3.192949592061027075e-02	8.019460026699301580e-02
1.274268674276801676e+03	2.417201998931513551e-01	1.500362158126516410e-01	2.615258338553728690e-01	1.587226607977257342e-01	7.580115953966280740e-02	3.195073367168799194e-02	8.024319642968710808e-02
1.275720005340898297e+03	2.415364036383279844e-01	1.499147165282430083e-01	2.616526235261107947e-01	1.587989301259123132e-01	7.583367131257656713e-02	3.197194284894528532e-02	8.029171201982363004e-02
1.277171336404994690e+03	2.413529192390994615e-01	1.497934234466246073e-01	2.617791922772798041e-01	1.588750658891782130e-01	7.586612850378149364e-02	3.199312347650646454e-02	8.034014716746955276e-02
1.278622667469091539e+03	2.411697461654546126e-01	1.496723362171666627e-01	2.619055404859391700e-01	1.589510683449509854e-01	7.589853120537574938e-02	3.201427557854369388e-02	8.038850200250877154e-02
1.280073998533187932e+03	2.409868838882862629e-01	1.495514544898380038e-01	2.620316685285066227e-01	1.590269377500809489e-01	7.593087950930905994e-02	3.203539917927655106e-02	8.043677665464231408e-02
1.281525329597284326e+03	2.408043318793895993e-01	1.494307779152051208e-01	2.621575767807595159e-01	1.591026743608425498e-01	7.596317350738295004e-02	3.205649430297162483e-02	8.048497125338840985e-02
1.282976660661381175e+03	2.406220896114608099e-01	1.493103061444311375e-01	2.622832656178361033e-01	1.591782784329361100e-01	7.599541329125093780e-02	3.207756097394209860e-02	8.053308592808265665e-02
1.284427991725477568e+03	2.404401565580953637e-01	1.491900388292746737e-01	2.624087354142362050e-01	1.592537502214893819e-01	7.602759895241872901e-02	3.209859921654733411e-02	8.058112080787807607e-02
1.285879322789574417e+03	2.402585321937865670e-01	1.490699756220890126e-01	2.625339865438229281e-01	1.593290899810590744e-01	7.605973058224442529e-02	3.211960905519246207e-02	8.062907602174529398e-02
1.287330653853671038e+03	2.400772159939240091e-01	1.489501161758209347e-01	2.626590193798231110e-01	1.594042979656324355e-01	7.609180827193869068e-02	3.214059051432797270e-02	8.067695169847267922e-02
1.288781984917767431e+03	2.398962074347918416e-01	1.488304601440096075e-01	2.627838342948288775e-01	1.594793744286288062e-01	7.612383211256497362e-02	3.216154361844930643e-02	8.072474796666638530e-02
1.290233315981864052e+03	2.397155059935675847e-01	1.487110071807858647e-01	2.629084316607982474e-01	1.595543196229012306e-01	7.615580219503974291e-02	3.218246839209647214e-02	8.077246495475057242e-02
