1.001418434226643626e+03	2.825048189099201856e-01	1.768315323789138305e-01	2.333510951196544614e-01	1.416930528263405098e-01	6.861153135356291843e-02	2.746992892875773848e-02	6.953804048278804106e-02
1.002869765290740247e+03	2.822516824126485857e-01	1.766644639908578618e-01	2.335269779650804844e-01	1.417997225854463750e-01	6.865603498935803073e-02	2.749700073109920262e-02	6.960411732544712071e-02
1.004321096354836754e+03	2.819989759019426168e-01	1.764976794750415523e-01	2.337025559671712105e-01	1.419061981317043808e-01	6.870046394660467293e-02	2.752404056547263361e-02	6.967008601200055939e-02
1.005772427418933376e+03	2.817466986453626143e-01	1.763311783479617478e-01	2.338778296460712336e-01	1.420124798664983423e-01	6.874481834974222050e-02	2.755104843557541414e-02	6.973594670872602930e-02
1.007223758483029997e+03	2.814948499117300718e-01	1.761649601269383025e-01	2.340527995210388290e-01	1.421185681902105424e-01	6.878909832301656480e-02	2.757802434529429275e-02	6.980169958170893973e-02
1.008675089547126618e+03	2.812434289711256974e-01	1.759990243301126911e-01	2.342274661104474243e-01	1.422244635022246462e-01	6.883330399048043224e-02	2.760496829870430491e-02	6.986734479684229837e-02
1.010126420611223239e+03	2.809924350948866945e-01	1.758333704764468708e-01	2.344018299317871812e-01	1.423301662009288371e-01	6.887743547599356475e-02	2.763188030006766271e-02	6.993288251982666959e-02
1.011577751675319632e+03	2.807418675556045962e-01	1.756679980857220047e-01	2.345758915016664115e-01	1.424356766837188704e-01	6.892149290322291399e-02	2.765876035383268289e-02	6.999831291616995244e-02
1.013029082739416367e+03	2.804917256271228232e-01	1.755029066785370184e-01	2.347496513358132975e-01	1.425409953470011537e-01	6.896547639564304388e-02	2.768560846463270081e-02	7.006363615118738064e-02
1.014480413803512761e+03	2.802420085845344633e-01	1.753380957763075176e-01	2.349231099490770580e-01	1.426461225861958004e-01	6.900938607653622769e-02	2.771242463728498806e-02	7.012885239000132831e-02
1.015931744867609382e+03	2.799927157041798287e-01	1.751735649012643725e-01	2.350962678554298357e-01	1.427510587957396271e-01	6.905322206899273951e-02	2.773920887678968036e-02	7.019396179754125442e-02
1.017383075931706003e+03	2.797438462636442913e-01	1.750093135764525798e-01	2.352691255679679183e-01	1.428558043690891510e-01	6.909698449591111791e-02	2.776596118832871940e-02	7.025896453854356405e-02
1.018834406995802851e+03	2.794953995417556736e-01	1.748453413257298472e-01	2.354416835989134871e-01	1.429603596987236713e-01	6.914067347999837410e-02	2.779268157726477034e-02	7.032386077755152509e-02
1.020285738059899245e+03	2.792473748185822502e-01	1.746816476737654000e-01	2.356139424596158383e-01	1.430647251761481831e-01	6.918428914377026950e-02	2.781937004914018796e-02	7.038865067891518501e-02
1.021737069123995752e+03	2.789997713754303610e-01	1.745182321460386488e-01	2.357859026605531594e-01	1.431689011918964582e-01	6.922783160955149617e-02	2.784602660967595150e-02	7.045333440679124593e-02
1.023188400188092373e+03	2.787525884948419130e-01	1.743550942688379679e-01	2.359575647113337227e-01	1.432728881355340433e-01	6.927130099947600983e-02	2.787265126477059957e-02	7.051791212514299523e-02
1.024639731252188767e+03	2.785058254605925487e-01	1.741922335692593360e-01	2.361289291206977170e-01	1.433766863956610071e-01	6.931469743548718254e-02	2.789924402049922050e-02	7.058238399774019456e-02
1.026091062316285615e+03	2.782594815576889813e-01	1.740296495752051142e-01	2.362999963965184691e-01	1.434802963599151604e-01	6.935802103933809415e-02	2.792580488311238729e-02	7.064675018815899654e-02
1.027542393380382237e+03	2.780135560723667187e-01	1.738673418153826866e-01	2.364707670458040811e-01	1.435837184149749146e-01	6.940127193259175431e-02	2.795233385903513404e-02	7.071101085978187539e-02
1.028993724444478858e+03	2.777680482920881211e-01	1.737053098193032941e-01	2.366412415746988462e-01	1.436869529465621409e-01	6.944445023662133842e-02	2.797883095486592211e-02	7.077516617579748814e-02
1.030445055508575479e+03	2.775229575055399578e-01	1.735435531172805912e-01	2.368114204884846918e-01	1.437900003394451398e-01	6.948755607261045131e-02	2.800529617737562010e-02	7.083921629920063301e-02
1.031896386572671872e+03	2.772782830026310208e-01	1.733820712404295361e-01	2.369813042915828172e-01	1.438928609774416112e-01	6.953058956155333536e-02	2.803172953350647686e-02	7.090316139279223551e-02
1.033347717636768493e+03	2.770340240744902371e-01	1.732208637206649748e-01	2.371508934875549701e-01	1.439955352434215130e-01	6.957355082425512038e-02	2.805813103037111539e-02	7.096700161917909866e-02
1.034799048700865114e+03	2.767901800134641155e-01	1.730599300907003368e-01	2.373201885791050569e-01	1.440980235193099201e-01	6.961643998133207334e-02	2.808450067525150584e-02	7.103073714077401402e-02
1.036250379764961508e+03	2.765467501131146366e-01	1.728992698840464970e-01	2.374891900680805856e-01	1.442003261860899666e-01	6.965925715321179268e-02	2.811083847559798371e-02	7.109436811979553961e-02
1.037701710829058356e+03	2.763037336682170886e-01	1.727388826350102768e-01	2.376578984554740814e-01	1.443024436238057318e-01	6.970200246013354139e-02	2.813714443902822285e-02	7.115789471826802770e-02
1.039153041893154750e+03	2.760611299747578462e-01	1.725787678786933621e-01	2.378263142414246412e-01	1.444043762115649887e-01	6.974467602214837192e-02	2.816341857332626056e-02	7.122131709802148603e-02
1.040604372957251599e+03	2.758189383299320951e-01	1.724189251509909426e-01	2.379944379252192654e-01	1.445061243275421459e-01	6.978727795911943144e-02	2.818966088644148452e-02	7.128463542069156389e-02
1.042055704021347992e+03	2.755771580321417225e-01	1.722593539885902691e-01	2.381622700052944963e-01	1.446076883489810783e-01	6.982980839072218393e-02	2.821587138648766133e-02	7.134784984771945504e-02
1.043507035085444613e+03	2.753357883809930406e-01	1.721000539289695708e-01	2.383298109792377495e-01	1.447090686521980141e-01	6.987226743644463223e-02	2.824205008174194079e-02	7.141096054035185603e-02
1.044958366149541234e+03	2.750948286772946783e-01	1.719410245103967227e-01	2.384970613437887577e-01	1.448102656125842269e-01	6.991465521558762330e-02	2.826819698064388792e-02	7.147396765964089682e-02
1.046409697213637855e+03	2.748542782230553594e-01	1.717822652719279142e-01	2.386640215948410970e-01	1.449112796046089502e-01	6.995697184726493156e-02	2.829431209179449763e-02	7.153687136644402977e-02
1.047861028277734476e+03	2.746141363214818498e-01	1.716237757534063157e-01	2.388306922274435473e-01	1.450121110018221249e-01	6.999921745040367516e-02	2.832039542395523718e-02	7.159967182142407127e-02
1.049312359341831097e+03	2.743744022769764590e-01	1.714655554954608863e-01	2.389970737358017294e-01	1.451127601768572029e-01	7.004139214374442701e-02	2.834644698604706428e-02	7.166236918504907683e-02
1.050763690405927491e+03	2.741350753951352637e-01	1.713076040395050403e-01	2.391631666132792988e-01	1.452132275014339502e-01	7.008349604584149239e-02	2.837246678714948692e-02	7.172496361759229944e-02
1.052215021470024112e+03	2.738961549827458319e-01	1.711499209277353717e-01	2.393289713523995277e-01	1.453135133463611950e-01	7.012552927506317257e-02	2.839845483649958494e-02	7.178745527913214797e-02
1.053666352534120733e+03	2.736576403477848363e-01	1.709925057031303208e-01	2.394944884448467481e-01	1.454136180815396029e-01	7.016749194959194524e-02	2.842441114349106637e-02	7.184984432955214551e-02
1.055117683598217127e+03	2.734195307994164992e-01	1.708353579094489816e-01	2.396597183814677678e-01	1.455135420759644249e-01	7.020938418742472820e-02	2.845033571767333416e-02	7.191213092854084610e-02
1.056569014662313975e+03	2.731818256479897622e-01	1.706784770912297688e-01	2.398246616522732855e-01	1.456132856977282453e-01	7.025120610637311525e-02	2.847622856875051470e-02	7.197431523559184863e-02
1.058020345726410369e+03	2.729445242050365650e-01	1.705218627937890863e-01	2.399893187464393063e-01	1.457128493140236458e-01	7.029295782406361215e-02	2.850208970658053842e-02	7.203639741000369967e-02
1.059471676790506763e+03	2.727076257832697914e-01	1.703655145632200774e-01	2.401536901523086687e-01	1.458122332911460095e-01	7.033463945793783090e-02	2.852791914117420308e-02	7.209837761087986574e-02
1.060923007854603611e+03	2.724711296965807716e-01	1.702094319463913208e-01	2.403177763573923209e-01	1.459114379944962681e-01	7.037625112525278115e-02	2.855371688269423350e-02	7.216025599712870553e-02
1.062374338918700232e+03	2.722350352600374501e-01	1.700536144909456371e-01	2.404815778483709310e-01	1.460104637885834555e-01	7.041779294308112003e-02	2.857948294145436219e-02	7.222203272746345604e-02
1.063825669982796853e+03	2.719993417898822763e-01	1.698980617452986730e-01	2.406450951110961356e-01	1.461093110370275117e-01	7.045926502831129090e-02	2.860521732791840993e-02	7.228370796040213542e-02
1.065277001046893474e+03	2.717640486035300396e-01	1.697427732586376803e-01	2.408083286305920112e-01	1.462079801025619741e-01	7.050066749764781482e-02	2.863092005269935250e-02	7.234528185426752911e-02
1.066728332110990095e+03	2.715291550195657044e-01	1.695877485809202945e-01	2.409712788910565728e-01	1.463064713470366152e-01	7.054200046761155418e-02	2.865659112655843249e-02	7.240675456718718983e-02
1.068179663175086489e+03	2.712946603577425786e-01	1.694329872628730638e-01	2.411339463758631341e-01	1.464047851314200510e-01	7.058326405453989316e-02	2.868223056040422950e-02	7.246812625709339595e-02
1.069630994239183110e+03	2.710605639389799260e-01	1.692784888559904222e-01	2.412963315675616116e-01	1.465029218158024893e-01	7.062445837458700137e-02	2.870783836529175806e-02	7.252939708172308209e-02
1.071082325303279504e+03	2.708268650853610238e-01	1.691242529125333016e-01	2.414584349478801351e-01	1.466008817593983382e-01	7.066558354372402817e-02	2.873341455242157255e-02	7.259056719861789464e-02
1.072533656367376352e+03	2.705935631201311087e-01	1.689702789855276888e-01	2.416202569977262959e-01	1.466986653205488988e-01	7.070663967773938019e-02	2.875895913313886512e-02	7.265163676512406687e-02
1.073984987431472746e+03	2.703606573676951008e-01	1.688165666287636257e-01	2.417817981971886188e-01	1.467962728567248631e-01	7.074762689223895729e-02	2.878447211893257404e-02	7.271260593839246056e-02
1.075436318495569594e+03	2.701281471536160494e-01	1.686631153967937391e-01	2.419430590255379765e-01	1.468937047245290062e-01	7.078854530264631906e-02	2.880995352143449553e-02	7.277347487537853821e-02
1.076887649559666215e+03	2.698960318046125240e-01	1.685099248449320741e-01	2.421040399612289784e-01	1.469909612796987952e-01	7.082939502420299016e-02	2.883540335241840599e-02	7.283424373284233533e-02
1.078338980623762609e+03	2.696643106485567820e-01	1.683569945292527625e-01	2.422647414819013023e-01	1.470880428771089987e-01	7.087017617196865460e-02	2.886082162379916688e-02	7.289491266734846042e-02
1.079790311687859230e+03	2.694329830144727711e-01	1.682043240065887180e-01	2.424251640643811379e-01	1.471849498707742399e-01	7.091088886082141940e-02	2.888620834763185735e-02	7.295548183526602559e-02
1.081241642751955851e+03	2.692020482325339081e-01	1.680519128345304147e-01	2.425853081846826298e-01	1.472816826138516333e-01	7.095153320545799502e-02	2.891156353611089996e-02	7.301595139276867430e-02
1.082692973816052472e+03	2.689715056340613586e-01	1.678997605714246111e-01	2.427451743180091825e-01	1.473782414586432832e-01	7.099210932039395905e-02	2.893688720156920025e-02	7.307632149583459524e-02
1.084144304880149093e+03	2.687413545515215940e-01	1.677478667763731557e-01	2.429047629387549034e-01	1.474746267565988644e-01	7.103261731996399209e-02	2.896217935647726199e-02	7.313659230024643909e-02
1.085595635944245487e+03	2.685115943185247822e-01	1.675962310092315166e-01	2.430640745205059627e-01	1.475708388583182040e-01	7.107305731832209983e-02	2.898744001344235113e-02	7.319676396159137399e-02
1.087046967008342108e+03	2.682822242698223447e-01	1.674448528306076711e-01	2.432231095360419537e-01	1.476668781135538067e-01	7.111342942944183509e-02	2.901266918520762142e-02	7.325683663526103007e-02
1.088498298072438729e+03	2.680532437413052360e-01	1.672937318018608566e-01	2.433818684573373636e-01	1.477627448712134084e-01	7.115373376711653375e-02	2.903786688465126442e-02	7.331681047645154103e-02
1.089949629136535123e+03	2.678246520700019451e-01	1.671428674851002105e-01	2.435403517555627950e-01	1.478584394793624746e-01	7.119397044495957838e-02	2.906303312478567338e-02	7.337668564016351647e-02
1.091400960200631971e+03	2.675964485940763304e-01	1.669922594431835217e-01	2.436985599010864645e-01	1.479539622852266700e-01	7.123413957640456484e-02	2.908816791875658975e-02	7.343646228120201402e-02
1.092852291264728365e+03	2.673686326528255108e-01	1.668419072397160363e-01	2.438564933634756182e-01	1.480493136351945238e-01	7.127424127470560755e-02	2.911327127984225660e-02	7.349614055417658109e-02
1.094303622328825213e+03	2.671412035866781443e-01	1.666918104390491540e-01	2.440141526114977810e-01	1.481444938748197326e-01	7.131427565293750603e-02	2.913834322145258948e-02	7.355572061350122703e-02
1.095754953392921607e+03	2.669141607371923741e-01	1.665419686062790949e-01	2.441715381131220886e-01	1.482395033488238534e-01	7.135424282399598084e-02	2.916338375712834372e-02	7.361520261339443705e-02
1.097206284457018228e+03	2.666875034470536643e-01	1.663923813072457902e-01	2.443286503355208694e-01	1.483343424010984957e-01	7.139414290059796497e-02	2.918839290054028521e-02	7.367458670787917219e-02
1.098657615521114849e+03	2.664612310600728007e-01	1.662430481085314660e-01	2.444854897450707554e-01	1.484290113747081807e-01	7.143397599528175657e-02	2.921337066548836472e-02	7.373387305078289711e-02
1.100108946585211470e+03	2.662353429211843370e-01	1.660939685774595609e-01	2.446420568073541801e-01	1.485235106118924231e-01	7.147374222040731029e-02	2.923831706590089216e-02	7.379306179573752456e-02
1.101560277649308091e+03	2.660098383764439856e-01	1.659451422820933109e-01	2.447983519871608227e-01	1.486178404540684228e-01	7.151344168815641777e-02	2.926323211583372122e-02	7.385215309617949864e-02
1.103011608713404712e+03	2.657847167730271187e-01	1.657965687912345831e-01	2.449543757484887174e-01	1.487120012418335080e-01	7.155307451053297130e-02	2.928811582946943756e-02	7.391114710534976706e-02
1.104462939777501106e+03	2.655599774592266593e-01	1.656482476744226273e-01	2.451101285545458086e-01	1.488059933149674108e-01	7.159264079936319969e-02	2.931296822111655043e-02	7.397004397629380890e-02
1.105914270841597499e+03	2.653356197844510822e-01	1.655001785019327432e-01	2.452656108677512825e-01	1.488998170124348208e-01	7.163214066629582100e-02	2.933778930520868425e-02	7.402884386186159293e-02
1.107365601905694348e+03	2.651116430992224160e-01	1.653523608447751425e-01	2.454208231497367887e-01	1.489934726723878000e-01	7.167157422280238943e-02	2.936257909630377722e-02	7.408754691470768872e-02
1.108816932969790741e+03	2.648880467551743001e-01	1.652047942746935894e-01	2.455757658613479666e-01	1.490869606321681695e-01	7.171094158017744802e-02	2.938733760908327289e-02	7.414615328729121102e-02
1.110268264033887590e+03	2.646648301050503194e-01	1.650574783641643173e-01	2.457304394626455279e-01	1.491802812283098689e-01	7.175024284953876452e-02	2.941206485835133957e-02	7.420466313187583374e-02
1.111719595097984211e+03	2.644419925027015061e-01	1.649104126863946140e-01	2.458848444129069222e-01	1.492734347965414266e-01	7.178947814182758125e-02	2.943676085903407236e-02	7.426307660052984538e-02
1.113170926162080832e+03	2.642195333030847859e-01	1.647635968153216279e-01	2.460389811706274743e-01	1.493664216717883741e-01	7.182864756780880933e-02	2.946142562617870900e-02	7.432139384512617686e-02
1.114622257226177226e+03	2.639974518622609789e-01	1.646170303256111467e-01	2.461928501935217450e-01	1.494592421881754396e-01	7.186775123807133403e-02	2.948605917495284237e-02	7.437961501734238756e-02
1.116073588290273847e+03	2.637757475373929128e-01	1.644707127926564039e-01	2.463464519385249185e-01	1.495518966790291560e-01	7.190678926302812579e-02	2.951066152064363290e-02	7.443774026866067928e-02
1.117524919354370468e+03	2.635544196867433131e-01	1.643246437925767744e-01	2.464997868617940513e-01	1.496443854768800819e-01	7.194576175291657327e-02	2.953523267865704877e-02	7.449576975036799331e-02
1.118976250418467089e+03	2.633334676696730270e-01	1.641788229022164980e-01	2.466528554187095157e-01	1.497367089134651330e-01	7.198466881779867765e-02	2.955977266451707830e-02	7.455370361355594111e-02
1.120427581482563710e+03	2.631128908466389693e-01	1.640332496991435962e-01	2.468056580638761655e-01	1.498288673197299969e-01	7.202351056756123304e-02	2.958428149386496675e-02	7.461154200912091528e-02
1.121878912546660331e+03	2.628926885791923462e-01	1.638879237616485129e-01	2.469581952511248624e-01	1.499208610258314645e-01	7.206228711191613179e-02	2.960875918245844951e-02	7.466928508776407569e-02
1.123330243610756725e+03	2.626728602299766568e-01	1.637428446687428929e-01	2.471104674335136697e-01	1.500126903611397333e-01	7.210099856040055877e-02	2.963320574617099232e-02	7.472693299999136340e-02
1.124781574674853118e+03	2.624534051627258613e-01	1.635980120001583882e-01	2.472624750633291568e-01	1.501043556542406843e-01	7.213964502237718568e-02	2.965762120099103491e-02	7.478448589611359776e-02
1.126232905738949967e+03	2.622343227422623269e-01	1.634534253363454370e-01	2.474142185920877590e-01	1.501958572329382680e-01	7.217822660703446247e-02	2.968200556302122081e-02	7.484194392624642089e-02
1.127684236803046360e+03	2.620156123344950516e-01	1.633090842584719871e-01	2.475656984705371655e-01	1.502871954242568364e-01	7.221674342338679775e-02	2.970635884847766181e-02	7.489930724031043652e-02
1.129135567867143209e+03	2.617972733064176660e-01	1.631649883484222741e-01	2.477169151486575405e-01	1.503783705544432803e-01	7.225519558027480860e-02	2.973068107368918161e-02	7.495657598803112664e-02
1.130586898931239830e+03	2.615793050261067676e-01	1.630211371887956839e-01	2.478678690756628000e-01	1.504693829489694712e-01	7.229358318636554259e-02	2.975497225509657340e-02	7.501375031893900425e-02
1.132038229995336451e+03	2.613617068627197559e-01	1.628775303629054483e-01	2.480185607000019998e-01	1.505602329325345379e-01	7.233190635015267211e-02	2.977923240925186080e-02	7.507083038236957162e-02
1.133489561059432845e+03	2.611444781864929454e-01	1.627341674547774508e-01	2.481689904693606952e-01	1.506509208290669755e-01	7.237016517995679965e-02	2.980346155281756240e-02	7.512781632746338978e-02
1.134940892123529466e+03	2.609276183687399553e-01	1.625910480491490617e-01	2.483191588306620790e-01	1.507414469617270880e-01	7.240835978392559658e-02	2.982765970256593888e-02	7.518470830316614784e-02
1.136392223187626087e+03	2.607111267818494893e-01	1.624481717314677776e-01	2.484690662300683972e-01	1.508318116529091812e-01	7.244649027003412234e-02	2.985182687537829213e-02	7.524150645822863526e-02
1.137843554251722708e+03	2.604950027992837258e-01	1.623055380878901111e-01	2.486187131129822259e-01	1.509220152242437274e-01	7.248455674608493549e-02	2.987596308824421246e-02	7.529821094120685288e-02
1.139294885315819101e+03	2.602792457955764305e-01	1.621631467052803699e-01	2.487680999240478308e-01	1.510120579965997800e-01	7.252255931970844061e-02	2.990006835826087422e-02	7.535482190046201290e-02
1.140746216379915950e+03	2.600638551463309023e-01	1.620209971712094910e-01	2.489172271071523057e-01	1.511019402900870556e-01	7.256049809836302711e-02	2.992414270263230036e-02	7.541133948416063604e-02
1.142197547444012343e+03	2.598488302282182527e-01	1.618790890739537081e-01	2.490660951054270711e-01	1.511916624240581819e-01	7.259837318933533290e-02	2.994818613866864765e-02	7.546776384027453766e-02
1.143648878508108737e+03	2.596341704189753519e-01	1.617374220024934695e-01	2.492147043612489288e-01	1.512812247171109736e-01	7.263618469974048031e-02	2.997219868378549895e-02	7.552409511658091101e-02
1.145100209572205586e+03	2.594198750974033851e-01	1.615959955465121611e-01	2.493630553162416164e-01	1.513706274870906254e-01	7.267393273652228425e-02	2.999618035550314851e-02	7.558033346066239666e-02
1.146551540636302207e+03	2.592059436433655772e-01	1.614548092963948855e-01	2.495111484112768618e-01	1.514598710510918211e-01	7.271161740645346039e-02	3.002013117144589419e-02	7.563647901990709632e-02
1.148002871700398828e+03	2.589923754377855269e-01	1.613138628432273236e-01	2.496589840864757992e-01	1.515489557254610653e-01	7.274923881613590271e-02	3.004405114934134008e-02	7.569253194150862840e-02
1.149454202764495449e+03	2.587791698626453196e-01	1.611731557787944857e-01	2.498065627812102174e-01	1.516378818257987371e-01	7.278679707200087778e-02	3.006794030701968878e-02	7.574849237246622513e-02
1.150905533828591842e+03	2.585663263009837509e-01	1.610326876955796016e-01	2.499538849341038371e-01	1.517266496669614217e-01	7.282429228030924684e-02	3.009179866241304402e-02	7.580436045958473257e-02
1.152356864892688463e+03	2.583538441368943839e-01	1.608924581867627324e-01	2.501009509830335320e-01	1.518152595630638535e-01	7.286172454715168778e-02	3.011562623355472368e-02	7.586013634947467998e-02
1.153808195956785084e+03	2.581417227555237726e-01	1.607524668462197714e-01	2.502477613651307164e-01	1.519037118274813303e-01	7.289909397844895889e-02	3.013942303857856247e-02	7.591582018855236313e-02
1.155259527020881706e+03	2.579299615430696302e-01	1.606127132685211678e-01	2.503943165167826779e-01	1.519920067728517121e-01	7.293640067995206533e-02	3.016318909571822846e-02	7.597141212303992752e-02
1.156710858084978327e+03	2.577185598867791083e-01	1.604731970489307324e-01	2.505406168736334926e-01	1.520801447110776139e-01	7.297364475724250898e-02	3.018692442330653952e-02	7.602691229896534064e-02
1.158162189149074720e+03	2.575075171749466874e-01	1.603339177834044726e-01	2.506866628705857192e-01	1.521681259533285424e-01	7.301082631573256598e-02	3.021062903977477648e-02	7.608232086216250301e-02
1.159613520213171569e+03	2.572968327969126223e-01	1.601948750685893985e-01	2.508324549418014526e-01	1.522559508100430059e-01	7.304794546066543937e-02	3.023430296365200651e-02	7.613763795827133141e-02
1.161064851277267962e+03	2.570865061430610554e-01	1.600560685018222740e-01	2.509779935207034907e-01	1.523436195909306234e-01	7.308500229711550888e-02	3.025794621356441699e-02	7.619286373273781443e-02
1.162516182341364356e+03	2.568765366048181287e-01	1.599174976811285620e-01	2.511232790399769432e-01	1.524311326049743454e-01	7.312199692998856693e-02	3.028155880823463555e-02	7.624799833081401246e-02
1.163967513405461204e+03	2.566669235746502631e-01	1.597791622052210925e-01	2.512683119315700098e-01	1.525184901604324517e-01	7.315892946402202668e-02	3.030514076648107083e-02	7.630304189755822419e-02
1.165418844469557826e+03	2.564576664460622157e-01	1.596410616734990073e-01	2.514130926266957555e-01	1.526056925648407447e-01	7.319580000378518581e-02	3.032869210721723247e-02	7.635799457783497279e-02
1.166870175533654447e+03	2.562487646135954145e-01	1.595031956860465117e-01	2.515576215558329998e-01	1.526927401250145200e-01	7.323260865367937911e-02	3.035221284945108233e-02	7.641285651631515852e-02
1.168321506597751068e+03	2.560402174728262370e-01	1.593655638436316802e-01	2.517018991487277035e-01	1.527796331470507862e-01	7.326935551793826995e-02	3.037570301228437533e-02	7.646762785747600322e-02
1.169772837661847461e+03	2.558320244203639571e-01	1.592281657477054302e-01	2.518459258343940244e-01	1.528663719363302642e-01	7.330604070062803068e-02	3.039916261491199326e-02	7.652230874560121687e-02
1.171224168725944082e+03	2.556241848538490791e-01	1.590910010004001618e-01	2.519897020411160926e-01	1.529529567975195237e-01	7.334266430564762018e-02	3.042259167662130989e-02	7.657689932478109474e-02
1.172675499790040703e+03	2.554166981719516727e-01	1.589540692045286197e-01	2.521332281964486222e-01	1.530393880345729540e-01	7.337922643672895040e-02	3.044599021679151793e-02	7.663139973891248957e-02
1.174126830854137097e+03	2.552095637743693746e-01	1.588173699635828384e-01	2.522765047272185757e-01	1.531256659507349016e-01	7.341572719743715003e-02	3.046935825489300101e-02	7.668581013169892269e-02
1.175578161918233945e+03	2.550027810618257784e-01	1.586809028817328937e-01	2.524195320595261638e-01	1.532117908485417790e-01	7.345216669117075881e-02	3.049269581048669187e-02	7.674013064665073658e-02
1.177029492982330339e+03	2.547963494360684367e-01	1.585446675638256808e-01	2.525623106187462885e-01	1.532977630298239247e-01	7.348854502116196341e-02	3.051600290322341660e-02	7.679436142708503943e-02
1.178480824046426733e+03	2.545902682998673616e-01	1.584086636153838878e-01	2.527048408295296533e-01	1.533835827957077957e-01	7.352486229047683342e-02	3.053927955284327020e-02	7.684850261612588551e-02
1.179932155110523581e+03	2.543845370570130826e-01	1.582728906426047188e-01	2.528471231158041510e-01	1.534692504466179386e-01	7.356111860201557107e-02	3.056252577917497465e-02	7.690255435670428907e-02
1.181383486174620202e+03	2.541791551123149251e-01	1.581373482523588114e-01	2.529891579007756963e-01	1.535547662822790149e-01	7.359731405851262231e-02	3.058574160213525794e-02	7.695651679155837699e-02
1.182834817238716823e+03	2.539741218715991233e-01	1.580020360521889877e-01	2.531309456069300579e-01	1.536401306017178559e-01	7.363344876253705151e-02	3.060892704172821568e-02	7.701039006323337488e-02
1.184286148302813444e+03	2.537694367417073216e-01	1.578669536503092274e-01	2.532724866560335797e-01	1.537253437032654602e-01	7.366952281649263856e-02	3.063208211804468659e-02	7.706417431408177365e-02
1.185737479366910065e+03	2.535650991304945201e-01	1.577321006556033633e-01	2.534137814691346247e-01	1.538104058845589373e-01	7.370553632261818422e-02	3.065520685126164185e-02	7.711786968626332950e-02
1.187188810431006686e+03	2.533611084468275765e-01	1.575974766776240543e-01	2.535548304665647956e-01	1.538953174425435610e-01	7.374148938298770439e-02	3.067830126164155027e-02	7.717147632174523042e-02
1.188640141495103080e+03	2.531574641005833182e-01	1.574630813265915918e-01	2.536956340679402677e-01	1.539800786734747684e-01	7.377738209951065218e-02	3.070136536953177106e-02	7.722499436230213787e-02
1.190091472559199701e+03	2.529541655026467106e-01	1.573289142133927065e-01	2.538361926921626766e-01	1.540646898729201020e-01	7.381321457393212604e-02	3.072439919536393629e-02	7.727842394951625615e-02
1.191542803623296322e+03	2.527512120649092475e-01	1.571949749495794302e-01	2.539765067574206725e-01	1.541491513357611531e-01	7.384898690783311959e-02	3.074740275965334377e-02	7.733176522477744341e-02
1.192994134687392716e+03	2.525486032002672299e-01	1.570612631473680687e-01	2.541165766811909754e-01	1.542334633561956714e-01	7.388469920263072976e-02	3.077037608299836025e-02	7.738501832928330881e-02
1.194445465751489564e+03	2.523463383226199341e-01	1.569277784196379533e-01	2.542564028802396514e-01	1.543176262277393407e-01	7.392035155957840664e-02	3.079331918607978655e-02	7.743818340403925415e-02
1.195896796815585958e+03	2.521444168468678915e-01	1.567945203799302467e-01	2.543959857706233341e-01	1.544016402432279167e-01	7.395594407976611995e-02	3.081623208966028510e-02	7.749126058985862653e-02
1.197348127879682352e+03	2.519428381889111668e-01	1.566614886424468611e-01	2.545353257676901682e-01	1.544855056948190031e-01	7.399147686412063663e-02	3.083911481458376583e-02	7.754425002736274608e-02
1.198799458943779200e+03	2.517416017656476379e-01	1.565286828220494864e-01	2.546744232860815305e-01	1.545692228739941332e-01	7.402695001340570125e-02	3.086196738177479984e-02	7.759715185698105866e-02
1.200250790007875821e+03	2.515407069949712748e-01	1.563961025342581190e-01	2.548132787397328070e-01	1.546527920715606019e-01	7.406236362822227193e-02	3.088478981223801920e-02	7.764996621895116358e-02
1.201702121071972442e+03	2.513401532957704188e-01	1.562637473952502298e-01	2.549518925418748916e-01	1.547362135776534642e-01	7.409771780900879790e-02	3.090758212705752364e-02	7.770269325331896626e-02
1.203153452136069063e+03	2.511399400879260058e-01	1.561316170218594312e-01	2.550902651050350189e-01	1.548194876817374221e-01	7.413301265604134438e-02	3.093034434739630120e-02	7.775533309993873377e-02
1.204604783200165684e+03	2.509400667923099015e-01	1.559997110315744784e-01	2.552283968410384296e-01	1.549026146726087405e-01	7.416824826943387017e-02	3.095307649449564186e-02	7.780788589847320580e-02
1.206056114264262078e+03	2.507405328307831804e-01	1.558680290425380199e-01	2.553662881610091473e-01	1.549855948383971616e-01	7.420342474913846353e-02	3.097577858967455119e-02	7.786035178839366411e-02
1.207507445328358699e+03	2.505413376261944602e-01	1.557365706735456823e-01	2.555039394753715332e-01	1.550684284665677926e-01	7.423854219494552265e-02	3.099845065432917449e-02	7.791273090898004350e-02
1.208958776392455093e+03	2.503424806023781257e-01	1.556053355440446262e-01	2.556413511938510630e-01	1.551511158439230764e-01	7.427360070648399148e-02	3.102109270993222076e-02	7.796502339932108450e-02
1.210410107456551941e+03	2.501439611841524968e-01	1.554743232741327419e-01	2.557785237254760480e-01	1.552336572566045403e-01	7.430860038322160965e-02	3.104370477803239034e-02	7.801722939831434722e-02
1.211861438520648335e+03	2.499457787973184686e-01	1.553435334845573168e-01	2.559154574785784120e-01	1.553160529900947939e-01	7.434354132446509278e-02	3.106628688025379545e-02	7.806934904466636405e-02
1.213312769584745183e+03	2.497479328686575406e-01	1.552129657967140086e-01	2.560521528607948571e-01	1.553983033292193339e-01	7.437842362936036844e-02	3.108883903829539816e-02	7.812138247689268122e-02
1.214764100648841804e+03	2.495504228259302348e-01	1.550826198326456795e-01	2.561886102790684183e-01	1.554804085581485140e-01	7.441324739689281209e-02	3.111136127393045528e-02	7.817332983331806706e-02
1.216215431712937971e+03	2.493532480978743193e-01	1.549524952150413692e-01	2.563248301396492956e-01	1.555623689603992665e-01	7.444801272588746910e-02	3.113385360900593896e-02	7.822519125207651192e-02
1.217666762777034819e+03	2.491564081142031428e-01	1.548225915672350739e-01	2.564608128480962979e-01	1.556441848188371002e-01	7.448271971500922128e-02	3.115631606544198504e-02	7.827696687111135310e-02
1.219118093841131440e+03	2.489599023056040805e-01	1.546929085132046910e-01	2.565965588092777860e-01	1.557258564156777936e-01	7.451736846276306447e-02	3.117874866523133448e-02	7.832865682817542752e-02
1.220569424905228061e+03	2.487637301037366189e-01	1.545634456775708820e-01	2.567320684273730058e-01	1.558073840324894210e-01	7.455195906749433055e-02	3.120115143043877826e-02	7.838026126083111333e-02
1.222020755969324682e+03	2.485678909412309678e-01	1.544342026855960448e-01	2.568673421058731421e-01	1.558887679501939905e-01	7.458649162738888172e-02	3.122352438320060222e-02	7.843178030645046872e-02
1.223472087033421303e+03	2.483723842516860070e-01	1.543051791631830927e-01	2.570023802475827068e-01	1.559700084490695249e-01	7.462096624047334648e-02	3.124586754572405284e-02	7.848321410221535677e-02
1.224923418097517697e+03	2.481772094696679809e-01	1.541763747368744275e-01	2.571371832546204828e-01	1.560511058087515890e-01	7.465538300461531385e-02	3.126818094028676470e-02	7.853456278511751487e-02
1.226374749161614318e+03	2.479823660307086119e-01	1.540477890338508016e-01	2.572717515284208556e-01	1.561320603082353431e-01	7.468974201752358322e-02	3.129046458923624707e-02	7.858582649195866576e-02
1.227826080225710712e+03	2.477878533713034903e-01	1.539194216819302630e-01	2.574060854697347578e-01	1.562128722258772640e-01	7.472404337674837249e-02	3.131271851498931141e-02	7.863700535935064240e-02
1.229277411289807560e+03	2.475936709289104642e-01	1.537912723095669898e-01	2.575401854786311673e-01	1.562935418393969211e-01	7.475828717968155401e-02	3.133494274003154750e-02	7.868809952371551286e-02
1.230728742353903954e+03	2.473998181419478359e-01	1.536633405458502355e-01	2.576740519544978292e-01	1.563740694258788644e-01	7.479247352355684886e-02	3.135713728691679608e-02	7.873910912128564976e-02
1.232180073418000802e+03	2.472062944497928350e-01	1.535356260205032464e-01	2.578076852960430321e-01	1.564544552617743445e-01	7.482660250545004887e-02	3.137930217826661455e-02	7.879003428810386900e-02
1.233631404482097196e+03	2.470130992927799529e-01	1.534081283638820958e-01	2.579410859012963297e-01	1.565346996229031451e-01	7.486067422227925261e-02	3.140143743676972188e-02	7.884087516002354079e-02
1.235082735546193817e+03	2.468202321121991949e-01	1.532808472069747407e-01	2.580742541676094848e-01	1.566148027844552759e-01	7.489468877080508735e-02	3.142354308518149203e-02	7.889163187270870070e-02
1.236534066610290438e+03	2.466276923502945806e-01	1.531537821813997724e-01	2.582071904916582450e-01	1.566947650209928877e-01	7.492864624763090342e-02	3.144561914632341970e-02	7.894230456163414678e-02
1.237985397674387059e+03	2.464354794502623125e-01	1.530269329194054173e-01	2.583398952694430650e-01	1.567745866064519655e-01	7.496254674920299621e-02	3.146766564308260683e-02	7.899289336208559220e-02
1.239436728738483680e+03	2.462435928562492493e-01	1.529002990538684548e-01	2.584723688962903831e-01	1.568542678141440494e-01	7.499639037181086987e-02	3.148968259841122830e-02	7.904339840915972082e-02
1.240888059802580301e+03	2.460520320133512961e-01	1.527738802182930511e-01	2.586046117668536204e-01	1.569338089167580941e-01	7.503017721158740383e-02	3.151167003532602540e-02	7.909381983776438141e-02
1.242339390866676695e+03	2.458607963676116837e-01	1.526476760468098159e-01	2.587366242751147904e-01	1.570132101863621066e-01	7.506390736450907486e-02	3.153362797690779235e-02	7.914415778261862933e-02
1.243790721930773088e+03	2.456698853660193860e-01	1.525216861741745533e-01	2.588684068143850547e-01	1.570924718944049503e-01	7.509758092639623461e-02	3.155555644630082812e-02	7.919441237825286528e-02
1.245242052994869937e+03	2.454792984565074832e-01	1.523959102357673456e-01	2.589999597773061657e-01	1.571715943117181769e-01	7.513119799291323453e-02	3.157745546671248543e-02	7.924458375900900187e-02
1.246693384058966330e+03	2.452890350879514125e-01	1.522703478675913602e-01	2.591312835558516880e-01	1.572505777085175804e-01	7.516475865956873115e-02	3.159932506141260866e-02	7.929467205904054683e-02
1.248144715123063179e+03	2.450990947101675810e-01	1.521449987062718223e-01	2.592623785413279425e-01	1.573294223544050019e-01	7.519826302171583876e-02	3.162116525373305509e-02	7.934467741231267246e-02
1.249596046187159800e+03	2.449094767739115608e-01	1.520198623890550160e-01	2.593932451243751158e-01	1.574081285183701329e-01	7.523171117455240697e-02	3.164297606706718835e-02	7.939459995260245151e-02
1.251047377251256421e+03	2.447201807308765076e-01	1.518949385538070629e-01	2.595238836949688155e-01	1.574866964687921256e-01	7.526510321312117335e-02	3.166475752486937190e-02	7.944443981349885719e-02
1.252498708315352815e+03	2.445312060336915783e-01	1.517702268390129228e-01	2.596542946424206244e-01	1.575651264734412582e-01	7.529843923231005487e-02	3.168650965065447633e-02	7.949419712840295749e-02
1.253950039379449436e+03	2.443425521359202657e-01	1.516457268837753947e-01	2.597844783553796000e-01	1.576434187994808223e-01	7.533171932685231442e-02	3.170823246799737982e-02	7.954387203052804001e-02
1.255401370443546057e+03	2.441542184920588721e-01	1.515214383278139509e-01	2.599144352218333842e-01	1.577215737134687046e-01	7.536494359132675513e-02	3.172992600053247542e-02	7.959346465289970918e-02
1.256852701507642678e+03	2.439662045575347604e-01	1.513973608114637381e-01	2.600441656291090919e-01	1.577995914813590805e-01	7.539811212015801178e-02	3.175159027195318534e-02	7.964297512835601112e-02
1.258304032571739299e+03	2.437785097887048558e-01	1.512734939756744668e-01	2.601736699638748096e-01	1.578774723685040515e-01	7.543122500761671734e-02	3.177322530601145445e-02	7.969240358954754466e-02
1.259755363635835920e+03	2.435911336428540908e-01	1.511498374620093843e-01	2.603029486121402614e-01	1.579552166396554491e-01	7.546428234781972499e-02	3.179483112651728532e-02	7.974175016893765566e-02
1.261206694699932314e+03	2.434040755781936294e-01	1.510263909126442206e-01	2.604320019592585300e-01	1.580328245589664449e-01	7.549728423473034411e-02	3.181640775733824561e-02	7.979101499880247861e-02
1.262658025764028707e+03	2.432173350538594792e-01	1.509031539703661051e-01	2.605608303899264455e-01	1.581102963899932157e-01	7.553023076215853449e-02	3.183795522239897535e-02	7.984019821123110316e-02
1.264109356828125556e+03	2.430309115299107425e-01	1.507801262785725405e-01	2.606894342881863613e-01	1.581876323956966091e-01	7.556312202376112841e-02	3.185947354568072903e-02	7.988929993812572683e-02
1.265560687892221949e+03	2.428448044673280626e-01	1.506573074812703195e-01	2.608178140374269871e-01	1.582648328384438086e-01	7.559595811304206658e-02	3.188096275122088291e-02	7.993832031120173820e-02
1.267012018956318798e+03	2.426590133280120409e-01	1.505346972230745539e-01	2.609459700203843324e-01	1.583418979800099990e-01	7.562873912335259241e-02	3.190242286311246317e-02	7.998725946198784187e-02
1.268463350020415419e+03	2.424735375747817112e-01	1.504122951492074811e-01	2.610739026191432055e-01	1.584188280815799765e-01	7.566146514789148791e-02	3.192385390550366714e-02	8.003611752182623884e-02
1.269914681084511813e+03	2.422883766713728737e-01	1.502901009054975756e-01	2.612016122151379904e-01	1.584956234037498690e-01	7.569413627970526803e-02	3.194525590259741921e-02	8.008489462187272367e-02
1.271366012148608434e+03	2.421035300824365688e-01	1.501681141383783835e-01	2.613290991891540349e-01	1.585722842065286631e-01	7.572675261168838878e-02	3.196662887865087121e-02	8.013359089309683714e-02
1.272817343212705055e+03	2.419189972735374117e-01	1.500463344948875510e-01	2.614563639213284829e-01	1.586488107493399247e-01	7.575931423658349706e-02	3.198797285797495837e-02	8.018220646628193560e-02
1.274268674276801676e+03	2.417347777111522045e-01	1.499247616226657420e-01	2.615834067911514960e-01	1.587252032910233812e-01	7.579182124698163880e-02	3.200928786493392048e-02	8.023074147202539919e-02
1.275720005340898297e+03	2.415508708626681045e-01	1.498033951699556388e-01	2.617102281774674188e-01	1.588014620898365870e-01	7.582427373532245329e-02	3.203057392394486474e-02	8.027919604073871507e-02
1.277171336404994690e+03	2.413672761963813196e-01	1.496822347856008317e-01	2.618368284584758898e-01	1.588775874034563940e-01	7.585667179389440906e-02	3.205183105947727318e-02	8.032757030264765785e-02
1.278622667469091539e+03	2.411839931814953319e-01	1.495612801190449037e-01	2.619632080117327844e-01	1.589535794889807563e-01	7.588901551483499819e-02	3.207305929605257233e-02	8.037586438779238673e-02
1.280073998533187932e+03	2.410010212881194824e-01	1.494405308203302640e-01	2.620893672141514918e-01	1.590294386029302842e-01	7.592130499013095835e-02	3.209425865824366148e-02	8.042407842602758428e-02
1.281525329597284326e+03	2.408183599872673331e-01	1.493199865400972048e-01	2.622153064420038593e-01	1.591051650012497154e-01	7.595354031161850872e-02	3.211542917067448238e-02	8.047221254702258131e-02
1.282976660661381175e+03	2.406360087508551127e-01	1.491996469295828465e-01	2.623410260709213571e-01	1.591807589393096356e-01	7.598572157098355817e-02	3.213657085801956137e-02	8.052026688026155121e-02
1.284427991725477568e+03	2.404539670517001348e-01	1.490795116406201104e-01	2.624665264758963001e-01	1.592562206719080331e-01	7.601784885976189954e-02	3.215768374500354437e-02	8.056824155504356544e-02
1.285879322789574417e+03	2.402722343635193825e-01	1.489595803256366646e-01	2.625918080312826253e-01	1.593315504532718530e-01	7.604992226933941779e-02	3.217876785640078063e-02	8.061613670048278779e-02
1.287330653853671038e+03	2.400908101609278422e-01	1.488398526376538966e-01	2.627168711107973342e-01	1.594067485370586346e-01	7.608194189095235371e-02	3.219982321703485084e-02	8.066395244550859933e-02
1.288781984917767431e+03	2.399096939194369227e-01	1.487203282302859975e-01	2.628417160875212710e-01	1.594818151763579828e-01	7.611390781568747044e-02	3.222084985177814387e-02	8.071168891886572327e-02
1.290233315981864052e+03	2.397288851154530109e-01	1.486010067577387683e-01	2.629663433339003431e-01	1.595567506236932609e-01	7.614582013448226161e-02	3.224184778555140574e-02	8.075934624911436377e-02
