1.001418434226643626e+03	2.825406617747285853e-01	1.767140674782137766e-01	2.333946841395594662e-01	1.416841176715207262e-01	6.861812618080262438e-02	2.750322707281552259e-02	6.954511568229967966e-02
1.003837319333471214e+03	2.821187408144770759e-01	1.764360022339342415e-01	2.336877817054327788e-01	1.418616549456032383e-01	6.869216233244407332e-02	2.754852782077299791e-02	6.965513014727590935e-02
1.006256204440298802e+03	2.816980141026572126e-01	1.761587242961769606e-01	2.339800326591324475e-01	1.420386550145840698e-01	6.876599091364066219e-02	2.759373905712962649e-02	6.976484395661934623e-02
1.008675089547126618e+03	2.812784782495305058e-01	1.758822314301164147e-01	2.342714394078345141e-01	1.422151197289472091e-01	6.883961250657583131e-02	2.763886079533416432e-02	6.987425788160170348e-02
1.011093974653954206e+03	2.808601298750811326e-01	1.756065214072749237e-01	2.345620043518800713e-01	1.423910509313636719e-01	6.891302769190035815e-02	2.768389305037707512e-02	6.998337269206304778e-02
1.013512859760782021e+03	2.804429656089862943e-01	1.753315920055060484e-01	2.348517298847946355e-01	1.425664504567331903e-01	6.898623704873542428e-02	2.772883583877552155e-02	7.009218915640912095e-02
1.015931744867609382e+03	2.800269820905856299e-01	1.750574410089779653e-01	2.351406183933077432e-01	1.427413201322258185e-01	6.905924115467562685e-02	2.777368917855851244e-02	7.020070804160892519e-02
1.018350629974437197e+03	2.796121759688516839e-01	1.747840662081567575e-01	2.354286722573722956e-01	1.429156617773231219e-01	6.913204058579201783e-02	2.781845308925212992e-02	7.030893011319219732e-02
1.020769515081264785e+03	2.791985439023600968e-01	1.745114653997898169e-01	2.357158938501840717e-01	1.430894772038590057e-01	6.920463591663514324e-02	2.786312759186488491e-02	7.041685613524714671e-02
1.023188400188092373e+03	2.787860825592601843e-01	1.742396363868891074e-01	2.360022855382009066e-01	1.432627682160606541e-01	6.927702772023808242e-02	2.790771270887316621e-02	7.052448687041802666e-02
1.025607285294920075e+03	2.783747886172456276e-01	1.739685769787143732e-01	2.362878496811620932e-01	1.434355366105888319e-01	6.934921656811943169e-02	2.795220846420684233e-02	7.063182307990294173e-02
1.028026170401747549e+03	2.779646587635249411e-01	1.736982849907565407e-01	2.365725886321075611e-01	1.436077841765781293e-01	6.942120303028639916e-02	2.799661488323492570e-02	7.073886552345165502e-02
1.030445055508575479e+03	2.775556896947929397e-01	1.734287582447208709e-01	2.368565047373968613e-01	1.437795126956768477e-01	6.949298767523783005e-02	2.804093199275137921e-02	7.084561495936342324e-02
1.032863940615402726e+03	2.771478781172015404e-01	1.731599945685102504e-01	2.371396003367284566e-01	1.439507239420866613e-01	6.956457106996724593e-02	2.808515982096101288e-02	7.095207214448497057e-02
1.035282825722230655e+03	2.767412207463310070e-01	1.728919917962084829e-01	2.374218777631587063e-01	1.441214196826021976e-01	6.963595377996582847e-02	2.812929839746551239e-02	7.105823783420840700e-02
1.037701710829058356e+03	2.763357143071615285e-01	1.726247477680634412e-01	2.377033393431207398e-01	1.442916016766499776e-01	6.970713636922554191e-02	2.817334775324954743e-02	7.116411278246932703e-02
1.040120595935886058e+03	2.759313555340446311e-01	1.723582603304703864e-01	2.379839873964435248e-01	1.444612716763275517e-01	6.977811940024210291e-02	2.821730792066701188e-02	7.126969774174486683e-02
1.042539481042713533e+03	2.755281411706748118e-01	1.720925273359552032e-01	2.382638242363706582e-01	1.446304314264420521e-01	6.984890343401808921e-02	2.826117893342734375e-02	7.137499346305188619e-02
1.044958366149541234e+03	2.751260679700616718e-01	1.718275466431576082e-01	2.385428521695791004e-01	1.447990826645486062e-01	6.991948903006589555e-02	2.830496082658199089e-02	7.148000069594515060e-02
1.047377251256368709e+03	2.747251326945013838e-01	1.715633161168144682e-01	2.388210734961980775e-01	1.449672271209885843e-01	6.998987674641085621e-02	2.834865363651092873e-02	7.158472018851563812e-02
1.049796136363196410e+03	2.743253321155492142e-01	1.712998336277430089e-01	2.390984905098277047e-01	1.451348665189276244e-01	7.006006713959425647e-02	2.839225740090933064e-02	7.168915268738880464e-02
1.052215021470024112e+03	2.739266630139915448e-01	1.710370970528241052e-01	2.393751054975575832e-01	1.453020025743931298e-01	7.013006076467637184e-02	2.843577215877431119e-02	7.179329893772300186e-02
1.054633906576851814e+03	2.735291221798180072e-01	1.707751042749855730e-01	2.396509207399853680e-01	1.454686369963119064e-01	7.019985817523950733e-02	2.847919795039178040e-02	7.189715968320788131e-02
1.057052791683679516e+03	2.731327064121944481e-01	1.705138531831854876e-01	2.399259385112353926e-01	1.456347714865473264e-01	7.026945992339107827e-02	2.852253481732340210e-02	7.200073566606288167e-02
1.059471676790506763e+03	2.727374125194351739e-01	1.702533416723954196e-01	2.402001610789771813e-01	1.458004077399363552e-01	7.033886655976662183e-02	2.856578280239365636e-02	7.210402762703574386e-02
1.061890561897334692e+03	2.723432373189754729e-01	1.699935676435838372e-01	2.404735907044436849e-01	1.459655474443261602e-01	7.040807863353289175e-02	2.860894194967699214e-02	7.220703630540113716e-02
1.064309447004162394e+03	2.719501776373449142e-01	1.697345290036994248e-01	2.407462296424497661e-01	1.461301922806108877e-01	7.047709669239084207e-02	2.865201230448508746e-02	7.230976243895924360e-02
1.066728332110990095e+03	2.715582303101400363e-01	1.694762236656544296e-01	2.410180801414105178e-01	1.462943439227678000e-01	7.054592128257873573e-02	2.869499391335420674e-02	7.241220676403446743e-02
1.069147217217817570e+03	2.711673921819973132e-01	1.692186495483080921e-01	2.412891444433594712e-01	1.464580040378933301e-01	7.061455294887516998e-02	2.873788682403264488e-02	7.251437001547417216e-02
1.071566102324645271e+03	2.707776601065664535e-01	1.689618045764499643e-01	2.415594247839668307e-01	1.466211742862390255e-01	7.068299223460214331e-02	2.878069108546829624e-02	7.261625292664745934e-02
1.073984987431472746e+03	2.703890309464836439e-01	1.687056866807834510e-01	2.418289233925576542e-01	1.467838563212470471e-01	7.075123968162810861e-02	2.882340674779629991e-02	7.271785622944401672e-02
1.076403872538300675e+03	2.700015015733449597e-01	1.684502937979091008e-01	2.420976424921298109e-01	1.469460517895856133e-01	7.081929583037099851e-02	2.886603386232676829e-02	7.281918065427295250e-02
1.078822757645127922e+03	2.696150688676797191e-01	1.681956238703082585e-01	2.423655842993722442e-01	1.471077623311842497e-01	7.088716121980129237e-02	2.890857248153264406e-02	7.292022693006181000e-02
1.081241642751955851e+03	2.692297297189242267e-01	1.679416748463263831e-01	2.426327510246827912e-01	1.472689895792685388e-01	7.095483638744513877e-02	2.895102265903763336e-02	7.302099578425545745e-02
1.083660527858783553e+03	2.688454810253955163e-01	1.676884446801567008e-01	2.428991448721861679e-01	1.474297351603950368e-01	7.102232186938731151e-02	2.899338444960422589e-02	7.312148794281515818e-02
1.086079412965611255e+03	2.684623196942650392e-01	1.674359313318237730e-01	2.431647680397518441e-01	1.475900006944856901e-01	7.108961820027430434e-02	2.903565790912182934e-02	7.322170413021764079e-02
1.088498298072438729e+03	2.680802426415325179e-01	1.671841327671669541e-01	2.434296227190119177e-01	1.477497877948621696e-01	7.115672591331745345e-02	2.907784309459496286e-02	7.332164506945421101e-02
1.090917183179266431e+03	2.676992467919999674e-01	1.669330469578240717e-01	2.436937110953788510e-01	1.479090980682798706e-01	7.122364554029587957e-02	2.911994006413158240e-02	7.342131148202990509e-02
1.093336068286093905e+03	2.673193290792461596e-01	1.666826718812150776e-01	2.439570353480632059e-01	1.480679331149618860e-01	7.129037761155962438e-02	2.916194887693148233e-02	7.352070408796269885e-02
1.095754953392921607e+03	2.669404864456002557e-01	1.664330055205256731e-01	2.442195976500913801e-01	1.482262945286325628e-01	7.135692265603273132e-02	2.920386959327476648e-02	7.361982360578275819e-02
1.098173838499749309e+03	2.665627158421164933e-01	1.661840458646910434e-01	2.444814001683231208e-01	1.483841838965510584e-01	7.142328120121622936e-02	2.924570227451043017e-02	7.371867075253177304e-02
1.100592723606577010e+03	2.661860142285484843e-01	1.659357909083795102e-01	2.447424450634692050e-01	1.485416027995444255e-01	7.148945377319125549e-02	2.928744698304504290e-02	7.381724624376222177e-02
1.103011608713404712e+03	2.658103785733236246e-01	1.656882386519764327e-01	2.450027344901089255e-01	1.486985528120408073e-01	7.155544089662208007e-02	2.932910378233148652e-02	7.391555079353680224e-02
1.105430493820231959e+03	2.654358058535178366e-01	1.654413871015678883e-01	2.452622705967074657e-01	1.488550355021020788e-01	7.162124309475920159e-02	2.937067273685780786e-02	7.401358511442787669e-02
1.107849378927059888e+03	2.650622930548300338e-01	1.651952342689245734e-01	2.455210555256335525e-01	1.490110524314566254e-01	7.168686088944237200e-02	2.941215391213614777e-02	7.411134991751686107e-02
1.110268264033887590e+03	2.646898371715570852e-01	1.649497781714855671e-01	2.457790914131765536e-01	1.491666051555316508e-01	7.175229480110369151e-02	2.945354737469176726e-02	7.420884591239383654e-02
1.112687149140715292e+03	2.643184352065685583e-01	1.647050168323423436e-01	2.460363803895640189e-01	1.493216952234854566e-01	7.181754534877064777e-02	2.949485319205214298e-02	7.430607380715700816e-02
1.115106034247542766e+03	2.639480841712817383e-01	1.644609482802226463e-01	2.462929245789787780e-01	1.494763241782393615e-01	7.188261305006918289e-02	2.953607143273615995e-02	7.440303430841230248e-02
1.117524919354370468e+03	2.635787810856365376e-01	1.642175705494743898e-01	2.465487260995763430e-01	1.496304935565096195e-01	7.194749842122677430e-02	2.957720216624338747e-02	7.449972812127310384e-02
1.119943804461197942e+03	2.632105229780707378e-01	1.639748816800498110e-01	2.468037870635018949e-01	1.497842048888390065e-01	7.201220197707548787e-02	2.961824546304343483e-02	7.459615594935978256e-02
1.122362689568025871e+03	2.628433068854951760e-01	1.637328797174894268e-01	2.470581095769074920e-01	1.499374596996281561e-01	7.207672423105501713e-02	2.965920139456540081e-02	7.469231849479948671e-02
1.124781574674853118e+03	2.624771298532690422e-01	1.634915627129061022e-01	2.473116957399690841e-01	1.500902595071669232e-01	7.214106569521576418e-02	2.970007003318739583e-02	7.478821645822586461e-02
1.127200459781681047e+03	2.621119889351751775e-01	1.632509287229691464e-01	2.475645476469036932e-01	1.502426058236652762e-01	7.220522688022193436e-02	2.974085145222614759e-02	7.488385053877888442e-02
1.129619344888508749e+03	2.617478811933954819e-01	1.630109758098884920e-01	2.478166673859861502e-01	1.503945001552842164e-01	7.226920829535452007e-02	2.978154572592669677e-02	7.497922143410461204e-02
1.132038229995336451e+03	2.613848036984868228e-01	1.627717020413989302e-01	2.480680570395662476e-01	1.505459440021664763e-01	7.233301044851445094e-02	2.982215292945216215e-02	7.507432984035510015e-02
1.134457115102163925e+03	2.610227535293561663e-01	1.625331054907442341e-01	2.483187186840854210e-01	1.506969388584668557e-01	7.239663384622560538e-02	2.986267313887359942e-02	7.516917645218829103e-02
1.136876000208991627e+03	2.606617277732367621e-01	1.622951842366615050e-01	2.485686543900936518e-01	1.508474862123825311e-01	7.246007899363786364e-02	2.990310643115992595e-02	7.526376196276793329e-02
1.139294885315819101e+03	2.603017235256634976e-01	1.620579363633654624e-01	2.488178662222662874e-01	1.509975875461831984e-01	7.252334639453018872e-02	2.994345288416794607e-02	7.535808706376356803e-02
1.141713770422646803e+03	2.599427378904491936e-01	1.618213599605327069e-01	2.490663562394206387e-01	1.511472443362409102e-01	7.258643655131367944e-02	2.998371257663242501e-02	7.545215244535055654e-02
1.144132655529474505e+03	2.595847679796602359e-01	1.615854531232861768e-01	2.493141264945328284e-01	1.512964580530598013e-01	7.264934996503466524e-02	3.002388558815626343e-02	7.554595879621010812e-02
1.146551540636302207e+03	2.592278109135927600e-01	1.613502139521795498e-01	2.495611790347543046e-01	1.514452301613056773e-01	7.271208713537767598e-02	3.006397199920075522e-02	7.563950680352934941e-02
1.148970425743129908e+03	2.588718638207486711e-01	1.611156405531817271e-01	2.498075159014284397e-01	1.515935621198352679e-01	7.277464856066861998e-02	3.010397189107589730e-02	7.573279715300144932e-02
1.151389310849957155e+03	2.585169238378119960e-01	1.608817310376612908e-01	2.500531391301070716e-01	1.517414553817254819e-01	7.283703473787772609e-02	3.014388534593078969e-02	7.582583052882577168e-02
1.153808195956785084e+03	2.581629881096248469e-01	1.606484835223710439e-01	2.502980507505669916e-01	1.518889113943023284e-01	7.289924616262269397e-02	3.018371244674413270e-02	7.591860761370808341e-02
1.156227081063612786e+03	2.578100537891641619e-01	1.604158961294325780e-01	2.505422527868264027e-01	1.520359315991698101e-01	7.296128332917169168e-02	3.022345327731474837e-02	7.601112908886073494e-02
1.158645966170440488e+03	2.574581180375178913e-01	1.601839669863209248e-01	2.507857472571612401e-01	1.521825174322384566e-01	7.302314673044639493e-02	3.026310792225224075e-02	7.610339563400290996e-02
1.161064851277267962e+03	2.571071780238615156e-01	1.599526942258491791e-01	2.510285361741216303e-01	1.523286703237538842e-01	7.308483685802513730e-02	3.030267646696767000e-02	7.619540792736095858e-02
1.163483736384095664e+03	2.567572309254346208e-01	1.597220759861532891e-01	2.512706215445481561e-01	1.524743916983250513e-01	7.314635420214588013e-02	3.034215899766433411e-02	7.628716664566864702e-02
1.165902621490923138e+03	2.564082739275176381e-01	1.594921104106765686e-01	2.515120053695880098e-01	1.526196829749523198e-01	7.320769925170927950e-02	3.038155560132863725e-02	7.637867246416756017e-02
1.168321506597751068e+03	2.560603042234085303e-01	1.592627956481547369e-01	2.517526896447112028e-01	1.527645455670554320e-01	7.326887249428172544e-02	3.042086636572099295e-02	7.646992605660742071e-02
1.170740391704578315e+03	2.557133190143993651e-01	1.590341298526005975e-01	2.519926763597268859e-01	1.529089808825013219e-01	7.332987441609842283e-02	3.046009137936681391e-02	7.656092809524661646e-02
1.173159276811406244e+03	2.553673155097536118e-01	1.588061111832889671e-01	2.522319674987992810e-01	1.530529903236316491e-01	7.339070550206643062e-02	3.049923073154760245e-02	7.665167925085251965e-02
1.175578161918233945e+03	2.550222909266827154e-01	1.585787378047413820e-01	2.524705650404638901e-01	1.531965752872902764e-01	7.345136623576770107e-02	3.053828451229205834e-02	7.674218019270202806e-02
1.177997047025061647e+03	2.546782424903232811e-01	1.583520078867113046e-01	2.527084709576434274e-01	1.533397371648504981e-01	7.351185709946213287e-02	3.057725281236731499e-02	7.683243158858206467e-02
1.180415932131889122e+03	2.543351674337142598e-01	1.581259196041689685e-01	2.529456872176636395e-01	1.534824773422422406e-01	7.357217857409061035e-02	3.061613572327018945e-02	7.692243410479007726e-02
1.182834817238716823e+03	2.539930629977739107e-01	1.579004711372863912e-01	2.531822157822696262e-01	1.536247971999788742e-01	7.363233113927804274e-02	3.065493333721855396e-02	7.701218840613466288e-02
1.185253702345544298e+03	2.536519264312770416e-01	1.576756606714224407e-01	2.534180586076412722e-01	1.537666981131839972e-01	7.369231527333640341e-02	3.069364574714273861e-02	7.710169515593610912e-02
1.187672587452371999e+03	2.533117549908324717e-01	1.574514863971080147e-01	2.536532176444094566e-01	1.539081814516181645e-01	7.375213145326781072e-02	3.073227304667702775e-02	7.719095501602704634e-02
1.190091472559199701e+03	2.529725459408603827e-01	1.572279465100310525e-01	2.538876948376715958e-01	1.540492485797051447e-01	7.381178015476749787e-02	3.077081533015120843e-02	7.727996864675308608e-02
1.192510357666027403e+03	2.526342965535696150e-01	1.570050392110218518e-01	2.541214921270074645e-01	1.541899008565584261e-01	7.387126185222687991e-02	3.080927269258219164e-02	7.736873670697350103e-02
1.194929242772855105e+03	2.522970041089354076e-01	1.567827627060382201e-01	2.543546114464947938e-01	1.543301396360071409e-01	7.393057701873662069e-02	3.084764522966570305e-02	7.745725985406197445e-02
1.197348127879682352e+03	2.519606658946766942e-01	1.565611152061507083e-01	2.545870547247252591e-01	1.544699662666221829e-01	7.398972612608963051e-02	3.088593303776803953e-02	7.754553874390726631e-02
1.199767012986510281e+03	2.516252792062340649e-01	1.563400949275280671e-01	2.548188238848197451e-01	1.546093820917419648e-01	7.404870964478409145e-02	3.092413621391789172e-02	7.763357403091403208e-02
1.202185898093337983e+03	2.512908413467472846e-01	1.561197000914223976e-01	2.550499208444438892e-01	1.547483884494979811e-01	7.410752804402649663e-02	3.096225485579823244e-02	7.772136636800357212e-02
1.204604783200165684e+03	2.509573496270331994e-01	1.558999289241546626e-01	2.552803475158237911e-01	1.548869866728405376e-01	7.416618179173470327e-02	3.100028906173826065e-02	7.780891640661470599e-02
1.207023668306993159e+03	2.506248013655635321e-01	1.556807796571000602e-01	2.555101058057614449e-01	1.550251780895638698e-01	7.422467135454090259e-02	3.103823893070542864e-02	7.789622479670457733e-02
1.209442553413820860e+03	2.502931938884428442e-01	1.554622505266735899e-01	2.557391976156500601e-01	1.551629640223314566e-01	7.428299719779471455e-02	3.107610456229752474e-02	7.798329218674950047e-02
1.211861438520648335e+03	2.499625245293865816e-01	1.552443397743155096e-01	2.559676248414896604e-01	1.553003457887010830e-01	7.434115978556615767e-02	3.111388605673482202e-02	7.807011922374594570e-02
1.214280323627476264e+03	2.496327906296989252e-01	1.550270456464767910e-01	2.561953893739021271e-01	1.554373247011496262e-01	7.439915958064864665e-02	3.115158351485227545e-02	7.815670655321137195e-02
1.216699208734303511e+03	2.493039895382511695e-01	1.548103663946048258e-01	2.564224930981467421e-01	1.555739020670978967e-01	7.445699704456208712e-02	3.118919703809180238e-02	7.824305481918521210e-02
1.219118093841131440e+03	2.489761186114599067e-01	1.545943002751290762e-01	2.566489378941352317e-01	1.557100791889351465e-01	7.451467263755583159e-02	3.122672672849462205e-02	7.832916466422981672e-02
1.221536978947959142e+03	2.486491752132651556e-01	1.543788455494467249e-01	2.568747256364473652e-01	1.558458573640436606e-01	7.457218681861167708e-02	3.126417268869365051e-02	7.841503672943152259e-02
1.223955864054786844e+03	2.483231567151087116e-01	1.541640004839082423e-01	2.570998581943454431e-01	1.559812378848228487e-01	7.462954004544694597e-02	3.130153502190594073e-02	7.850067165440158257e-02
1.226374749161614318e+03	2.479980604959126367e-01	1.539497633498033979e-01	2.573243374317901178e-01	1.561162220387136146e-01	7.468673277451744197e-02	3.133881383192523018e-02	7.858607007727728966e-02
1.228793634268442020e+03	2.476738839420576654e-01	1.537361324233468551e-01	2.575481652074550487e-01	1.562508111082222539e-01	7.474376546102044772e-02	3.137600922311450935e-02	7.867123263472300398e-02
1.231212519375269494e+03	2.473506244473617222e-01	1.535231059856640989e-01	2.577713433747420568e-01	1.563850063709442406e-01	7.480063855889777791e-02	3.141312130039866646e-02	7.875615996193123525e-02
1.233631404482097196e+03	2.470282794130585768e-01	1.533106823227773086e-01	2.579938737817961680e-01	1.565188090995880965e-01	7.485735252083870750e-02	3.145015016925716694e-02	7.884085269262382234e-02
1.236050289588924898e+03	2.467068462477763902e-01	1.530988597255912576e-01	2.582157582715203792e-01	1.566522205619989283e-01	7.491390779828301094e-02	3.148709593571684395e-02	7.892531145905297418e-02
1.238469174695752372e+03	2.463863223675165359e-01	1.528876364898792695e-01	2.584369986815908682e-01	1.567852420211818809e-01	7.497030484142400142e-02	3.152395870634469577e-02	7.900953689200253260e-02
1.240888059802580301e+03	2.460667051956323681e-01	1.526770109162692013e-01	2.586575968444715379e-01	1.569178747353253689e-01	7.502654409921140355e-02	3.156073858824076650e-02	7.909352962078908256e-02
1.243306944909407548e+03	2.457479921628080710e-01	1.524669813102295934e-01	2.588775545874290596e-01	1.570501199578242801e-01	7.508262601935448977e-02	3.159743568903108923e-02	7.917729027326320113e-02
1.245725830016235477e+03	2.454301807070375097e-01	1.522575459820555144e-01	2.590968737325474724e-01	1.571819789373030130e-01	7.513855104832492526e-02	3.163405011686068469e-02	7.926081947581069265e-02
1.248144715123063179e+03	2.451132682736032742e-01	1.520487032468549604e-01	2.593155560967430606e-01	1.573134529176383745e-01	7.519431963135986274e-02	3.167058198038658068e-02	7.934411785335376832e-02
1.250563600229890881e+03	2.447972523150556967e-01	1.518404514245347559e-01	2.595336034917788970e-01	1.574445431379822569e-01	7.524993221246488451e-02	3.170703138877094956e-02	7.942718602935242012e-02
1.252982485336718355e+03	2.444821302911919236e-01	1.516327888397869528e-01	2.597510177242797202e-01	1.575752508327843693e-01	7.530538923441694454e-02	3.174339845167425955e-02	7.951002462580561425e-02
1.255401370443546057e+03	2.441678996690352099e-01	1.514257138220749255e-01	2.599678005957464233e-01	1.577055772318146643e-01	7.536069113876739389e-02	3.177968327924849540e-02	7.959263426325269286e-02
1.257820255550373531e+03	2.438545579228139082e-01	1.512192247056197425e-01	2.601839539025705417e-01	1.578355235601855977e-01	7.541583836584493661e-02	3.181588598213042768e-02	7.967501556077465075e-02
1.260239140657201460e+03	2.435421025339410128e-01	1.510133198293864554e-01	2.603994794360487419e-01	1.579650910383745277e-01	7.547083135475858573e-02	3.185200667143495840e-02	7.975716913599546765e-02
1.262658025764028707e+03	2.432305309909933710e-01	1.508079975370704429e-01	2.606143789823976431e-01	1.580942808822456414e-01	7.552567054340066088e-02	3.188804545874848045e-02	7.983909560508356540e-02
1.265076910870856636e+03	2.429198407896910883e-01	1.506032561770837552e-01	2.608286543227676946e-01	1.582230943030719650e-01	7.558035636844970262e-02	3.192400245612234816e-02	7.992079558275315410e-02
1.267495795977684338e+03	2.426100294328770723e-01	1.503990941025417361e-01	2.610423072332582195e-01	1.583515325075572078e-01	7.563488926537347001e-02	3.195987777606633384e-02	8.000226968226561985e-02
1.269914681084511813e+03	2.423010944304965220e-01	1.501955096712492277e-01	2.612553394849313482e-01	1.584795966978574389e-01	7.568926966843189663e-02	3.199567153154222326e-02	8.008351851543099587e-02
1.272333566191339514e+03	2.419930332995765543e-01	1.499925012456873319e-01	2.614677528438262843e-01	1.586072880716026534e-01	7.574349801068007426e-02	3.203138383595734162e-02	8.016454269260943344e-02
1.274752451298167216e+03	2.416858435642058600e-01	1.497900671929997818e-01	2.616795490709737937e-01	1.587346078219182277e-01	7.579757472397108398e-02	3.206701480315828773e-02	8.024534282271258978e-02
1.277171336404994690e+03	2.413795227555143030e-01	1.495882058849797025e-01	2.618907299224105256e-01	1.588615571374462077e-01	7.585150023895907700e-02	3.210256454742458493e-02	8.032591951320519619e-02
1.279590221511822392e+03	2.410740684116529364e-01	1.493869156980560386e-01	2.621012971491930021e-01	1.589881372023664863e-01	7.590527498510216131e-02	3.213803318346244997e-02	8.040627337010652909e-02
1.282009106618650094e+03	2.407694780777736021e-01	1.491861950132803705e-01	2.623112524974118287e-01	1.591143491964179257e-01	7.595889939066534369e-02	3.217342082639861739e-02	8.048640499799196435e-02
1.284427991725477568e+03	2.404657493060089468e-01	1.489860422163136466e-01	2.625205977082056830e-01	1.592401942949193128e-01	7.601237388272347184e-02	3.220872759177417777e-02	8.056631499999447610e-02
1.286846876832305497e+03	2.401628796554524103e-01	1.487864556974127506e-01	2.627293345177756367e-01	1.593656736687900366e-01	7.606569888716416261e-02	3.224395359553849233e-02	8.064600397780623264e-02
1.289265761939132744e+03	2.398608666921381860e-01	1.485874338514175663e-01	2.629374646573990892e-01	1.594907884845709056e-01	7.611887482869073018e-02	3.227909895404316998e-02	8.072547253168015080e-02
1.291684647045960673e+03	2.395597079890212366e-01	1.483889750777374894e-01	2.631449898534436449e-01	1.596155399044447420e-01	7.617190213082512817e-02	3.231416378403605127e-02	8.080472126043153347e-02
1.294103532152788375e+03	2.392594011259575604e-01	1.481910777803385759e-01	2.633519118273811577e-01	1.597399290862566990e-01	7.622478121591087785e-02	3.234914820265530344e-02	8.088375076143963782e-02
1.296522417259616077e+03	2.389599436896843732e-01	1.479937403677302199e-01	2.635582322958017198e-01	1.598639571835347994e-01	7.627751250511595471e-02	3.238405232742350148e-02	8.096256163064931288e-02
1.298941302366443551e+03	2.386613332738002080e-01	1.477969612529521914e-01	2.637639529704273733e-01	1.599876253455098929e-01	7.633009641843571669e-02	3.241887627624179258e-02	8.104115446257266486e-02
1.301360187473271253e+03	2.383635674787453751e-01	1.476007388535616471e-01	2.639690755581260984e-01	1.601109347171360553e-01	7.638253337469586013e-02	3.245362016738412292e-02	8.111952985029069474e-02
1.303779072580098727e+03	2.380666439117822553e-01	1.474050715916201126e-01	2.641736017609255249e-01	1.602338864391102680e-01	7.643482379155523698e-02	3.248828411949145761e-02	8.119768838545496359e-02
1.306197957686926657e+03	2.377705601869758434e-01	1.472099578936804376e-01	2.643775332760266439e-01	1.603564816478925403e-01	7.648696808550885240e-02	3.252286825156613242e-02	8.127563065828936895e-02
1.308616842793753904e+03	2.374753139251740142e-01	1.470153961907740836e-01	2.645808717958175738e-01	1.604787214757254776e-01	7.653896667189072356e-02	3.255737268296615694e-02	8.135335725759172687e-02
1.311035727900581833e+03	2.371809027539883430e-01	1.468213849183981068e-01	2.647836190078872720e-01	1.606006070506540151e-01	7.659081996487678012e-02	3.259179753339964958e-02	8.143086877073561769e-02
1.313454613007409534e+03	2.368873243077744273e-01	1.466279225165023348e-01	2.649857765950390798e-01	1.607221394965448746e-01	7.664252837748773695e-02	3.262614292291925872e-02	8.150816578367203746e-02
1.315873498114237009e+03	2.365945762276127906e-01	1.464350074294766269e-01	2.651873462353043776e-01	1.608433199331059937e-01	7.669409232159205003e-02	3.266040897191667403e-02	8.158524888093120209e-02
1.318292383221064711e+03	2.363026561612893706e-01	1.462426381061381064e-01	2.653883296019562410e-01	1.609641494759058433e-01	7.674551220790870598e-02	3.269459580111716557e-02	8.166211864562430978e-02
1.320711268327892412e+03	2.360115617632764784e-01	1.460508129997183380e-01	2.655887283635226526e-01	1.610846292363926069e-01	7.679678844601020571e-02	3.272870353157413675e-02	8.173877565944528967e-02
1.323130153434719887e+03	2.357212906947134812e-01	1.458595305678507814e-01	2.657885441838004348e-01	1.612047603219131930e-01	7.684792144432536776e-02	3.276273228466379528e-02	8.181522050267266144e-02
1.325549038541547588e+03	2.354318406233877892e-01	1.456687892725581079e-01	2.659877787218681844e-01	1.613245438357322481e-01	7.689891161014224263e-02	3.279668218207981017e-02	8.189145375417127004e-02
1.327967923648375290e+03	2.351432092237157878e-01	1.454785875802395156e-01	2.661864336321000390e-01	1.614439808770510298e-01	7.694975934961095776e-02	3.283055334582801049e-02	8.196747599139420082e-02
1.330386808755202765e+03	2.348553941767237696e-01	1.452889239616582673e-01	2.663845105641790556e-01	1.615630725410260871e-01	7.700046506774661792e-02	3.286434589822118807e-02	8.204328779038454200e-02
1.332805693862030694e+03	2.345683931700290048e-01	1.450997968919290060e-01	2.665820111631102551e-01	1.616818199187879390e-01	7.705102916843210858e-02	3.289805996187388643e-02	8.211888972577729984e-02
1.335224578968857941e+03	2.342822038978208954e-01	1.449112048505054318e-01	2.667789370692341122e-01	1.618002240974595884e-01	7.710145205442102412e-02	3.293169565969725210e-02	8.219428237080120270e-02
1.337643464075685870e+03	2.339968240608421013e-01	1.447231463211676727e-01	2.669752899182397110e-01	1.619182861601749235e-01	7.715173412734045721e-02	3.296525311489392068e-02	8.226946629728065785e-02
1.340062349182513572e+03	2.337122513663697776e-01	1.445356197920099894e-01	2.671710713411781235e-01	1.620360071860971196e-01	7.720187578769391323e-02	3.299873245095298613e-02	8.234444207563754170e-02
1.342481234289341273e+03	2.334284835281967840e-01	1.443486237554282847e-01	2.673662829644754546e-01	1.621533882504366808e-01	7.725187743486409964e-02	3.303213379164497004e-02	8.241921027489322593e-02
1.344900119396168748e+03	2.331455182666130888e-01	1.441621567081078636e-01	2.675609264099458873e-01	1.622704304244696472e-01	7.730173946711578481e-02	3.306545726101681876e-02	8.249377146267042327e-02
1.347319004502996449e+03	2.328633533083871165e-01	1.439762171510109157e-01	2.677550032948049497e-01	1.623871347755556360e-01	7.735146228159869852e-02	3.309870298338701139e-02	8.256812620519510260e-02
1.349737889609823924e+03	2.325819863867472637e-01	1.437908035893644965e-01	2.679485152316825602e-01	1.625035023671557444e-01	7.740104627435023810e-02	3.313187108334064712e-02	8.264227506729850126e-02
1.352156774716651853e+03	2.323014152413631905e-01	1.436059145326480657e-01	2.681414638286360175e-01	1.626195342588501735e-01	7.745049184029842437e-02	3.316496168572459491e-02	8.271621861241901241e-02
1.354575659823479100e+03	2.320216376183276141e-01	1.434215484945813857e-01	2.683338506891628783e-01	1.627352315063561317e-01	7.749979937326462176e-02	3.319797491564268482e-02	8.278995740260419733e-02
1.356994544930307029e+03	2.317426512701377672e-01	1.432377039931122531e-01	2.685256774122140588e-01	1.628505951615452363e-01	7.754896926596645257e-02	3.323091089845095492e-02	8.286349199851275604e-02
1.359413430037134731e+03	2.314644539556770519e-01	1.430543795504044813e-01	2.687169455922067685e-01	1.629656262724611948e-01	7.759800191002054481e-02	3.326376975975290501e-02	8.293682295941649796e-02
1.361832315143962205e+03	2.311870434401968044e-01	1.428715736928257152e-01	2.689076568190372774e-01	1.630803258833370961e-01	7.764689769594537716e-02	3.329655162539484070e-02	8.300995084320234030e-02
1.364251200250789907e+03	2.309104174952980593e-01	1.426892849509354133e-01	2.690978126780937396e-01	1.631946950346126746e-01	7.769565701316405448e-02	3.332925662146117574e-02	8.308287620637436199e-02
1.366670085357617609e+03	2.306345738989132033e-01	1.425075118594727464e-01	2.692874147502690718e-01	1.633087347629515740e-01	7.774428025000716669e-02	3.336188487426989396e-02	8.315559960405582984e-02
1.369088970464445310e+03	2.303595104352881284e-01	1.423262529573446622e-01	2.694764646119737761e-01	1.634224461012584173e-01	7.779276779371556427e-02	3.339443651036792110e-02	8.322812158999112753e-02
1.371507855571272785e+03	2.300852248949638856e-01	1.421455067876138678e-01	2.696649638351484302e-01	1.635358300786957653e-01	7.784112003044309225e-02	3.342691165652663526e-02	8.330044271654794830e-02
1.373926740678100487e+03	2.298117150747588378e-01	1.419652718974869499e-01	2.698529139872766769e-01	1.636488877207010195e-01	7.788933734525947672e-02	3.345931043973735669e-02	8.337256353471925174e-02
1.376345625784927961e+03	2.295389787777505630e-01	1.417855468383024953e-01	2.700403166313977699e-01	1.637616200490033536e-01	7.793742012215304493e-02	3.349163298720692072e-02	8.344448459412541486e-02
1.378764510891755890e+03	2.292670138132580637e-01	1.416063301655191287e-01	2.702271733261191189e-01	1.638740280816403105e-01	7.798536874403352859e-02	3.352387942635323692e-02	8.351620644301616103e-02
1.381183395998583137e+03	2.289958179968237251e-01	1.414276204387037994e-01	2.704134856256289465e-01	1.639861128329744011e-01	7.803318359273485327e-02	3.355604988480095224e-02	8.358772962827282216e-02
1.383602281105411066e+03	2.287253891501957181e-01	1.412494162215199855e-01	2.705992550797087781e-01	1.640978753137097568e-01	7.808086504901787239e-02	3.358814449037708649e-02	8.365905469541032313e-02
1.386021166212238768e+03	2.284557251013100698e-01	1.410717160817158422e-01	2.707844832337459318e-01	1.642093165309083946e-01	7.812841349257318435e-02	3.362016337110673714e-02	8.373018218857934680e-02
1.388440051319066470e+03	2.281868236842729269e-01	1.408945185911125997e-01	2.709691716287462859e-01	1.643204374880066765e-01	7.817582930202385261e-02	3.365210665520882577e-02	8.380111265056838787e-02
1.390858936425893944e+03	2.279186827393430426e-01	1.407178223255927951e-01	2.711533218013463808e-01	1.644312391848314348e-01	7.822311285492818123e-02	3.368397447109188619e-02	8.387184662280593173e-02
1.393277821532721646e+03	2.276513001129140679e-01	1.405416258650886152e-01	2.713369352838257975e-01	1.645417226176162651e-01	7.827026452778249044e-02	3.371576694734985946e-02	8.394238464536256383e-02
1.395696706639549120e+03	2.273846736574970662e-01	1.403659277935704330e-01	2.715200136041197587e-01	1.646518887790175412e-01	7.831728469602380893e-02	3.374748421275794441e-02	8.401272725695312082e-02
1.398115591746377049e+03	2.271188012317028604e-01	1.401907266990349843e-01	2.717025582858315080e-01	1.647617386581303189e-01	7.836417373403267717e-02	3.377912639626848984e-02	8.408287499493882766e-02
1.400534476853204296e+03	2.268536807002247413e-01	1.400160211734939597e-01	2.718845708482443002e-01	1.648712732405042958e-01	7.841093201513585353e-02	3.381069362700692832e-02	8.415282839532951809e-02
1.402953361960032225e+03	2.265893099338210093e-01	1.398418098129625697e-01	2.720660528063340022e-01	1.649804935081595758e-01	7.845755991160907605e-02	3.384218603426768918e-02	8.422258799278571628e-02
1.405372247066859927e+03	2.263256868092976271e-01	1.396680912174478040e-01	2.722470056707809727e-01	1.650894004396023795e-01	7.850405779467975464e-02	3.387360374751023639e-02	8.429215432062088509e-02
1.407791132173687402e+03	2.260628092094908170e-01	1.394948639909372734e-01	2.724274309479825518e-01	1.651979950098406424e-01	7.855042603452974670e-02	3.390494689635509262e-02	8.436152791080357705e-02
1.410210017280515103e+03	2.258006750232499360e-01	1.393221267413875253e-01	2.726073301400651627e-01	1.653062781903995582e-01	7.859666500029800773e-02	3.393621561057987013e-02	8.443070929395964097e-02
1.412628902387342805e+03	2.255392821454202112e-01	1.391498780807129410e-01	2.727867047448962468e-01	1.654142509493370383e-01	7.864277506008339469e-02	3.396741002011539889e-02	8.449969899937441464e-02
1.415047787494170507e+03	2.252786284768256431e-01	1.389781166247741617e-01	2.729655562560967530e-01	1.655219142512590336e-01	7.868875658094730274e-02	3.399853025504182696e-02	8.456849755499493138e-02
1.417466672600997981e+03	2.250187119242518796e-01	1.388068409933668201e-01	2.731438861630526849e-01	1.656292690573348547e-01	7.873460992891641308e-02	3.402957644558483180e-02	8.463710548743218209e-02
1.419885557707825683e+03	2.247595304004290639e-01	1.386360498102103822e-01	2.733216959509274790e-01	1.657363163253122995e-01	7.878033546898541295e-02	3.406054872211175533e-02	8.470552332196329415e-02
1.422304442814653157e+03	2.245010818240150141e-01	1.384657417029367399e-01	2.734989871006737738e-01	1.658430570095327794e-01	7.882593356511961857e-02	3.409144721512791243e-02	8.477375158253377951e-02
1.424723327921481086e+03	2.242433641195781258e-01	1.382959153030790811e-01	2.736757610890457326e-01	1.659494920609463353e-01	7.887140458025775069e-02	3.412227205527278845e-02	8.484179079175978300e-02
1.427142213028308333e+03	2.239863752175805245e-01	1.381265692460607319e-01	2.738520193886104792e-01	1.660556224271265147e-01	7.891674887631457136e-02	3.415302337331637544e-02	8.490964147093034431e-02
1.429561098135136262e+03	2.237301130543611904e-01	1.379577021711838880e-01	2.740277634677604213e-01	1.661614490522854426e-01	7.896196681418357621e-02	3.418370130015549457e-02	8.497730414000959076e-02
1.431979983241963964e+03	2.234745755721191940e-01	1.377893127216185953e-01	2.742029947907246301e-01	1.662669728772882549e-01	7.900705875373968678e-02	3.421430596681016012e-02	8.504477931763905485e-02
1.434398868348791666e+03	2.232197607188969035e-01	1.376213995443916482e-01	2.743777148175811642e-01	1.663721948396680583e-01	7.905202505384190115e-02	3.424483750441998514e-02	8.511206752113995022e-02
1.436817753455619140e+03	2.229656664485633044e-01	1.374539612903755426e-01	2.745519250042684489e-01	1.664771158736403633e-01	7.909686607233600009e-02	3.427529604424057325e-02	8.517916926651543374e-02
1.439236638562446842e+03	2.227122907207972624e-01	1.372869966142773734e-01	2.747256268025972670e-01	1.665817369101177670e-01	7.914158216605717000e-02	3.430568171764004221e-02	8.524608506845285372e-02
1.441655523669274316e+03	2.224596315010710090e-01	1.371205041746279274e-01	2.748988216602623602e-01	1.666860588767242191e-01	7.918617369083268132e-02	3.433599465609545737e-02	8.531281544032609521e-02
1.444074408776102018e+03	2.222076867606335715e-01	1.369544826337707744e-01	2.750715110208540870e-01	1.667900826978094830e-01	7.923064100148455302e-02	3.436623499118939690e-02	8.537936089419782826e-02
1.446493293882929493e+03	2.219564544764941472e-01	1.367889306578512210e-01	2.752436963238703571e-01	1.668938092944634854e-01	7.927498445183216169e-02	3.439640285460646846e-02	8.544572194082181160e-02
1.448912178989757422e+03	2.217059326314058665e-01	1.366238469168054581e-01	2.754153790047278449e-01	1.669972395845303603e-01	7.931920439469490602e-02	3.442649837812992303e-02	8.551189908964529351e-02
1.451331064096585123e+03	2.214561192138490842e-01	1.364592300843497641e-01	2.755865604947737579e-01	1.671003744826227433e-01	7.936330118189488525e-02	3.445652169363826178e-02	8.557789284881116287e-02
1.453749949203412370e+03	2.212070122180152532e-01	1.362950788379696243e-01	2.757572422212973828e-01	1.672032149001356771e-01	7.940727516425949428e-02	3.448647293310187073e-02	8.564370372516040553e-02
1.456168834310240300e+03	2.209586096437904101e-01	1.361313918589088789e-01	2.759274256075416321e-01	1.673057617452606838e-01	7.945112669162401886e-02	3.451635222857972474e-02	8.570933222423433862e-02
1.458587719417068001e+03	2.207109094967390495e-01	1.359681678321590370e-01	2.760971120727144790e-01	1.674080159229996700e-01	7.949485611283434172e-02	3.454615971221607074e-02	8.577477885027702531e-02
1.461006604523895703e+03	2.204639097880878584e-01	1.358054054464485350e-01	2.762663030320005042e-01	1.675099783351786387e-01	7.953846377574948223e-02	3.457589551623716645e-02	8.584004410623753689e-02
1.463425489630723177e+03	2.202176085347094525e-01	1.356431033942319675e-01	2.764349998965720534e-01	1.676116498804615662e-01	7.958195002724427480e-02	3.460555977294806074e-02	8.590512849377232585e-02
1.465844374737550879e+03	2.199720037591064159e-01	1.354812603716795127e-01	2.766032040736009501e-01	1.677130314543639478e-01	7.962531521321190853e-02	3.463515261472936702e-02	8.597003251324758510e-02
1.468263259844378354e+03	2.197270934893949534e-01	1.353198750786662186e-01	2.767709169662697088e-01	1.678141239492665082e-01	7.966855967856660559e-02	3.466467417403410606e-02	8.603475666374155173e-02
1.470682144951206283e+03	2.194828757592890978e-01	1.351589462187614277e-01	2.769381399737828597e-01	1.679149282544286081e-01	7.971168376724617477e-02	3.469412458338455574e-02	8.609930144304692168e-02
1.473101030058033530e+03	2.192393486080846110e-01	1.349984724992181473e-01	2.771048744913781614e-01	1.680154452560017886e-01	7.975468782221462050e-02	3.472350397536912853e-02	8.616366734767319513e-02
1.475519915164861459e+03	2.189965100806430254e-01	1.348384526309625575e-01	2.772711219103379809e-01	1.681156758370431492e-01	7.979757218546473796e-02	3.475281248263926287e-02	8.622785487284900796e-02
1.477938800271689161e+03	2.187543582273757670e-01	1.346788853285834919e-01	2.774368836180004516e-01	1.682156208775285045e-01	7.984033719802063889e-02	3.478205023790641170e-02	8.629186451252451873e-02
1.480357685378516862e+03	2.185128911042282518e-01	1.345197693103219183e-01	2.776021609977705751e-01	1.683152812543657895e-01	7.988298319994041607e-02	3.481121737393894772e-02	8.635569675937382339e-02
1.482776570485344337e+03	2.182721067726641762e-01	1.343611032980604192e-01	2.777669554291317122e-01	1.684146578414081608e-01	7.992551053031868302e-02	3.484031402355921431e-02	8.641935210479727292e-02
