1.001418434226643626e+03	2.825404089808460362e-01	1.767170858667106159e-01	2.333959400062978196e-01	1.416945397381264571e-01	6.860160716093832711e-02	2.750605617969575922e-02	6.954436206732199366e-02
1.002869765290740247e+03	2.822871166205579430e-01	1.765501492584269916e-01	2.335719015992730740e-01	1.418011639578393990e-01	6.864603422211999761e-02	2.753325675338396880e-02	6.961037758833563127e-02
1.004321096354836754e+03	2.820342546653434868e-01	1.763834964023512919e-01	2.337475580641108774e-01	1.419075942949172553e-01	6.869038667814293675e-02	2.756042505582778634e-02	6.967628483924341587e-02
1.005772427418933376e+03	2.817818223818007728e-01	1.762171268149577141e-01	2.339229099216426078e-01	1.420138311504182127e-01	6.873466465410543735e-02	2.758756108979815505e-02	6.974208398721415403e-02
1.007223758483029997e+03	2.815298190377911181e-01	1.760510400135447684e-01	2.340979576918117977e-01	1.421198749243875459e-01	6.877886827490897748e-02	2.761466485826771788e-02	6.980777519922522212e-02
1.008675089547126618e+03	2.812782439024362202e-01	1.758852355162339176e-01	2.342727018936756889e-01	1.422257260158607262e-01	6.882299766525851181e-02	2.764173636440965878e-02	6.987335864206238589e-02
1.010126420611223239e+03	2.810270962461166033e-01	1.757197128419682453e-01	2.344471430454067584e-01	1.423313848228667244e-01	6.886705294966272151e-02	2.766877561159651958e-02	6.993883448231966171e-02
1.011577751675319632e+03	2.807763753404682872e-01	1.755544715105112619e-01	2.346212816642942178e-01	1.424368517424310920e-01	6.891103425243420844e-02	2.769578260339902384e-02	7.000420288639915001e-02
1.013029082739416367e+03	2.805260804583812884e-01	1.753895110424455728e-01	2.347951182667455117e-01	1.425421271705792636e-01	6.895494169768981441e-02	2.772275734358493199e-02	7.006946402051085487e-02
1.014480413803512761e+03	2.802762108739967339e-01	1.752248309591716291e-01	2.349686533682879275e-01	1.426472115023396381e-01	6.899877540935074605e-02	2.774969983611787552e-02	7.013461805067261468e-02
1.015931744867609382e+03	2.800267658627050293e-01	1.750604307829063122e-01	2.351418874835699557e-01	1.427521051317468537e-01	6.904253551114292176e-02	2.777661008515621213e-02	7.019966514270989388e-02
1.017383075931706003e+03	2.797777447011431384e-01	1.748963100366817680e-01	2.353148211263629275e-01	1.428568084518447023e-01	6.908622212659715212e-02	2.780348809505186689e-02	7.026460546225568593e-02
1.018834406995802851e+03	2.795291466671923630e-01	1.747324682443439914e-01	2.354874548095624576e-01	1.429613218546895437e-01	6.912983537904940357e-02	2.783033387034920814e-02	7.032943917475033280e-02
1.020285738059899245e+03	2.792809710399761225e-01	1.745689049305516605e-01	2.356597890451899435e-01	1.430656457313532193e-01	6.917337539164099269e-02	2.785714741578390607e-02	7.039416644544144175e-02
1.021737069123995752e+03	2.790332170998576222e-01	1.744056196207747766e-01	2.358318243443942031e-01	1.431697804719262723e-01	6.921684228731887767e-02	2.788392873628179128e-02	7.045878743938370492e-02
1.023188400188092373e+03	2.787858841284377998e-01	1.742426118412932490e-01	2.360035612174527231e-01	1.432737264655210563e-01	6.926023618883585253e-02	2.791067783695775489e-02	7.052330232143878830e-02
1.024639731252188767e+03	2.785389714085526047e-01	1.740798811191958118e-01	2.361750001737733529e-01	1.433774841002747324e-01	6.930355721875083863e-02	2.793739472311460373e-02	7.058771125627523457e-02
1.026091062316285615e+03	2.782924782242711670e-01	1.739174269823786645e-01	2.363461417218956917e-01	1.434810537633523508e-01	6.934680549942906502e-02	2.796407940024195696e-02	7.065201440836826885e-02
1.027542393380382237e+03	2.780464038608931876e-01	1.737552489595440008e-01	2.365169863694926988e-01	1.435844358409500421e-01	6.938998115304237380e-02	2.799073187401513937e-02	7.071621194199972926e-02
1.028993724444478858e+03	2.778007476049469404e-01	1.735933465801988984e-01	2.366875346233719979e-01	1.436876307182979595e-01	6.943308430156938660e-02	2.801735215029408504e-02	7.078030402125794207e-02
1.030445055508575479e+03	2.775555087441868296e-01	1.734317193746539032e-01	2.368577869894775145e-01	1.437906387796633878e-01	6.947611506679575444e-02	2.804394023512220627e-02	7.084429081003758288e-02
1.031896386572671872e+03	2.773106865675913912e-01	1.732703668740218639e-01	2.370277439728909197e-01	1.438934604083536573e-01	6.951907357031443524e-02	2.807049613472534233e-02	7.090817247203959339e-02
1.033347717636768493e+03	2.770662803653607953e-01	1.731092886102164330e-01	2.371974060778331284e-01	1.439960959867192525e-01	6.956195993352592977e-02	2.809701985551063541e-02	7.097194917077104259e-02
1.034799048700865114e+03	2.768222894289148472e-01	1.729484841159509845e-01	2.373667738076656042e-01	1.440985458961568377e-01	6.960477427763846203e-02	2.812351140406546893e-02	7.103562106954502964e-02
1.036250379764961508e+03	2.765787130508904901e-01	1.727879529247371426e-01	2.375358476648921080e-01	1.442008105171122267e-01	6.964751672366828461e-02	2.814997078715637466e-02	7.109918833148055894e-02
1.037701710829058356e+03	2.763355505251400279e-01	1.726276945708835053e-01	2.377046281511600023e-01	1.443028902290833249e-01	6.969018739243985905e-02	2.817639801172797109e-02	7.116265111950247080e-02
1.039153041893154750e+03	2.760928011467284615e-01	1.724677085894944228e-01	2.378731157672617225e-01	1.444047854106231543e-01	6.973278640458613342e-02	2.820279308490188791e-02	7.122600959634130258e-02
1.040604372957251599e+03	2.758504642119316563e-01	1.723079945164686655e-01	2.380413110131362753e-01	1.445064964393428242e-01	6.977531388054877826e-02	2.822915601397570085e-02	7.128926392453319161e-02
1.042055704021347992e+03	2.756085390182337891e-01	1.721485518884980637e-01	2.382092143878707380e-01	1.446080236919143891e-01	6.981776994057839469e-02	2.825548680642187699e-02	7.135241426641980578e-02
1.043507035085444613e+03	2.753670248643255158e-01	1.719893802430662311e-01	2.383768263897016737e-01	1.447093675440739025e-01	6.986015470473477817e-02	2.828178546988671660e-02	7.141546078414823251e-02
1.044958366149541234e+03	2.751259210501015851e-01	1.718304791184473712e-01	2.385441475160165192e-01	1.448105283706243585e-01	6.990246829288712660e-02	2.830805201218931227e-02	7.147840363967086774e-02
1.046409697213637855e+03	2.748852268766586171e-01	1.716718480537047231e-01	2.387111782633551949e-01	1.449115065454384121e-01	6.994471082471434564e-02	2.833428644132048729e-02	7.154124299474533266e-02
1.047861028277734476e+03	2.746449416462932169e-01	1.715134865886895899e-01	2.388779191274114089e-01	1.450123024414614881e-01	6.998688241970518753e-02	2.836048876544178254e-02	7.160397901093441819e-02
1.049312359341831097e+03	2.744050646624994205e-01	1.713553942640398120e-01	2.390443706030342674e-01	1.451129164307146946e-01	7.002898319715852860e-02	2.838665899288439140e-02	7.166661184960594622e-02
1.050763690405927491e+03	2.741655952299668630e-01	1.711975706211785464e-01	2.392105331842295790e-01	1.452133488842975162e-01	7.007101327618368847e-02	2.841279713214815705e-02	7.172914167193272794e-02
1.052215021470024112e+03	2.739265326545785584e-01	1.710400152023128506e-01	2.393764073641613255e-01	1.453136001723908666e-01	7.011297277570051334e-02	2.843890319190053514e-02	7.179156863889243900e-02
1.053666352534120733e+03	2.736878762434085677e-01	1.708827275504325727e-01	2.395419936351531887e-01	1.454136706642598087e-01	7.015486181443972291e-02	2.846497718097557375e-02	7.185389291126761946e-02
1.055117683598217127e+03	2.734496253047201120e-01	1.707257072093089911e-01	2.397072924886898826e-01	1.455135607282565524e-01	7.019668051094316019e-02	2.849101910837289336e-02	7.191611464964547951e-02
1.056569014662313975e+03	2.732117791479632962e-01	1.705689537234933995e-01	2.398723044154186801e-01	1.456132707318232022e-01	7.023842898356391640e-02	2.851702898325668770e-02	7.197823401441794111e-02
1.058020345726410369e+03	2.729743370837729444e-01	1.704124666383159403e-01	2.400370299051507450e-01	1.457128010414945884e-01	7.028010735046667790e-02	2.854300681495471406e-02	7.204025116578148535e-02
1.059471676790506763e+03	2.727372984239666009e-01	1.702562454998842734e-01	2.402014694468626865e-01	1.458121520229012091e-01	7.032171572962792050e-02	2.856895261295728378e-02	7.210216626373711080e-02
1.060923007854603611e+03	2.725006624815424217e-01	1.701002898550822984e-01	2.403656235286979193e-01	1.459113240407718393e-01	7.036325423883614538e-02	2.859486638691627336e-02	7.216397946809023634e-02
1.062374338918700232e+03	2.722644285706768419e-01	1.699445992515687953e-01	2.405294926379680509e-01	1.460103174589364727e-01	7.040472299569210113e-02	2.862074814664413228e-02	7.222569093845070121e-02
1.063825669982796853e+03	2.720285960067227449e-01	1.697891732377761753e-01	2.406930772611544367e-01	1.461091326403291535e-01	7.044612211760906129e-02	2.864659790211289414e-02	7.228730083423264008e-02
1.065277001046893474e+03	2.717931641062072967e-01	1.696340113629092039e-01	2.408563778839095115e-01	1.462077699469905290e-01	7.048745172181303253e-02	2.867241566345319487e-02	7.234880931465445530e-02
1.066728332110990095e+03	2.715581321868296705e-01	1.694791131769436687e-01	2.410193949910581501e-01	1.463062297400708478e-01	7.052871192534300449e-02	2.869820144095328388e-02	7.241021653873869202e-02
1.068179663175086489e+03	2.713234995674591032e-01	1.693244782306251583e-01	2.411821290665991935e-01	1.464045123798326520e-01	7.056990284505114397e-02	2.872395524505807346e-02	7.247152266531206588e-02
1.069630994239183110e+03	2.710892655681327867e-01	1.691701060754677022e-01	2.413445805937067812e-01	1.465026182256534693e-01	7.061102459760310035e-02	2.874967708636815000e-02	7.253272785300537984e-02
1.071082325303279504e+03	2.708554295100538689e-01	1.690159962637525493e-01	2.415067500547319057e-01	1.466005476360286441e-01	7.065207729947819981e-02	2.877536697563881640e-02	7.259383226025344082e-02
1.072533656367376352e+03	2.706219907155893445e-01	1.688621483485267527e-01	2.416686379312036337e-01	1.466983009685739470e-01	7.069306106696968128e-02	2.880102492377913104e-02	7.265483604529500428e-02
1.073984987431472746e+03	2.703889485082678346e-01	1.687085618836020040e-01	2.418302447038306047e-01	1.467958785800284049e-01	7.073397601618493236e-02	2.882665094185095020e-02	7.271573936617277412e-02
1.075436318495569594e+03	2.701563022127776437e-01	1.685552364235533285e-01	2.419915708525024745e-01	1.468932808262569667e-01	7.077482226304576685e-02	2.885224504106798094e-02	7.277654238073331949e-02
1.076887649559666215e+03	2.699240511549647614e-01	1.684021715237177808e-01	2.421526168562912473e-01	1.469905080622531945e-01	7.081559992328859132e-02	2.887780723279483736e-02	7.283724524662703315e-02
1.078338980623762609e+03	2.696921946618307531e-01	1.682493667401931681e-01	2.423133831934526916e-01	1.470875606421419013e-01	7.085630911246471042e-02	2.890333752854609001e-02	7.289784812130808977e-02
1.079790311687859230e+03	2.694607320615306500e-01	1.680968216298368012e-01	2.424738703414277829e-01	1.471844389191819258e-01	7.089694994594052113e-02	2.892883593998532565e-02	7.295835116203441828e-02
1.081241642751955851e+03	2.692296626833709516e-01	1.679445357502641067e-01	2.426340787768440921e-01	1.472811432457687697e-01	7.093752253889772097e-02	2.895430247892423481e-02	7.301875452586761850e-02
1.082692973816052472e+03	2.689989858578075710e-01	1.677925086598474613e-01	2.427940089755169784e-01	1.473776739734372065e-01	7.097802700633365491e-02	2.897973715732165417e-02	7.307905836967296120e-02
1.084144304880149093e+03	2.687687009164438368e-01	1.676407399177148594e-01	2.429536614124513938e-01	1.474740314528639462e-01	7.101846346306144031e-02	2.900513998728266110e-02	7.313926285011934647e-02
1.085595635944245487e+03	2.685388071920284947e-01	1.674892290837486641e-01	2.431130365618428268e-01	1.475702160338703550e-01	7.105883202371023055e-02	2.903051098105764727e-02	7.319936812367927592e-02
1.087046967008342108e+03	2.683093040184535427e-01	1.673379757185843308e-01	2.432721348970789954e-01	1.476662280654249815e-01	7.109913280272547875e-02	2.905585015104140620e-02	7.325937434662879721e-02
1.088498298072438729e+03	2.680801907307523435e-01	1.671869793836090745e-01	2.434309568907410959e-01	1.477620678956461930e-01	7.113936591436917367e-02	2.908115750977221386e-02	7.331928167504746241e-02
1.089949629136535123e+03	2.678514666650975706e-01	1.670362396409607042e-01	2.435895030146051632e-01	1.478577358718048129e-01	7.117953147272002012e-02	2.910643306993093010e-02	7.337909026481834185e-02
1.091400960200631971e+03	2.676231311587991546e-01	1.668857560535262352e-01	2.437477737396435973e-01	1.479532323403267013e-01	7.121962959167374430e-02	2.913167684434008961e-02	7.343880027162799640e-02
1.092852291264728365e+03	2.673951835503023955e-01	1.667355281849407234e-01	2.439057695360263289e-01	1.480485576467953646e-01	7.125966038494330190e-02	2.915688884596299990e-02	7.349841185096640805e-02
1.094303622328825213e+03	2.671676231791857981e-01	1.665855555995859050e-01	2.440634908731223185e-01	1.481437121359545361e-01	7.129962396605910024e-02	2.918206908790286006e-02	7.355792515812699384e-02
1.095754953392921607e+03	2.669404493861591288e-01	1.664358378625889756e-01	2.442209382195009715e-01	1.482386961517107582e-01	7.133952044836926187e-02	2.920721758340185520e-02	7.361734034820656414e-02
1.097206284457018228e+03	2.667136615130615285e-01	1.662863745398213688e-01	2.443781120429333875e-01	1.483335100371358239e-01	7.137934994503981889e-02	2.923233434584027179e-02	7.367665757610532273e-02
1.098657615521114849e+03	2.664872589028593475e-01	1.661371651978973685e-01	2.445350128103937482e-01	1.484281541344695254e-01	7.141911256905500438e-02	2.925741938873563375e-02	7.373587699652681127e-02
1.100108946585211470e+03	2.662612408996443691e-01	1.659882094041729983e-01	2.446916409880608156e-01	1.485226287851220406e-01	7.145880843321746057e-02	2.928247272574180035e-02	7.379499876397795088e-02
1.101560277649308091e+03	2.660356068486316450e-01	1.658395067267446621e-01	2.448479970413191265e-01	1.486169343296765144e-01	7.149843765014844699e-02	2.930749437064810586e-02	7.385402303276898672e-02
1.103011608713404712e+03	2.658103560961576073e-01	1.656910567344478391e-01	2.450040814347604068e-01	1.487110711078915848e-01	7.153800033228811805e-02	2.933248433737848174e-02	7.391294995701350179e-02
1.104462939777501106e+03	2.655854879896780152e-01	1.655428589968560293e-01	2.451598946321848771e-01	1.488050394587039360e-01	7.157749659189574509e-02	2.935744263999059966e-02	7.397177969062836145e-02
1.105914270841597499e+03	2.653610018777661228e-01	1.653949130842792270e-01	2.453154370966028064e-01	1.488988397202307690e-01	7.161692654104995226e-02	2.938236929267500769e-02	7.403051238733374118e-02
1.107365601905694348e+03	2.651368971101106808e-01	1.652472185677628658e-01	2.454707092902355947e-01	1.489924722297721604e-01	7.165629029164893860e-02	2.940726430975426631e-02	7.408914820065314044e-02
1.108816932969790741e+03	2.649131730375138272e-01	1.650997750190865421e-01	2.456257116745173275e-01	1.490859373238138941e-01	7.169558795541074170e-02	2.943212770568210193e-02	7.414768728391328556e-02
1.110268264033887590e+03	2.646898290118892549e-01	1.649525820107626550e-01	2.457804447100959688e-01	1.491792353380295699e-01	7.173481964387345977e-02	2.945695949504254993e-02	7.420612979024426847e-02
1.111719595097984211e+03	2.644668643862603807e-01	1.648056391160351852e-01	2.459349088568348607e-01	1.492723666072832966e-01	7.177398546839545979e-02	2.948175969254912196e-02	7.426447587257939409e-02
1.113170926162080832e+03	2.642442785147581796e-01	1.646589459088786123e-01	2.460891045738139438e-01	1.493653314656320230e-01	7.181308554015568280e-02	2.950652831304395249e-02	7.432272568365530518e-02
1.114622257226177226e+03	2.640220707526193533e-01	1.645125019639964714e-01	2.462430323193311177e-01	1.494581302463281192e-01	7.185211997015379659e-02	2.953126537149696612e-02	7.438087937601191302e-02
1.116073588290273847e+03	2.638002404561843872e-01	1.643663068568201324e-01	2.463966925509036565e-01	1.495507632818216803e-01	7.189108886921045938e-02	2.955597088300504147e-02	7.443893710199239733e-02
1.117524919354370468e+03	2.635787869828955521e-01	1.642203601635076893e-01	2.465500857252694578e-01	1.496432309037630526e-01	7.192999234796762509e-02	2.958064486279118194e-02	7.449689901374326184e-02
1.118976250418467089e+03	2.633577096912950721e-01	1.640746614609425447e-01	2.467032122983883469e-01	1.497355334430052476e-01	7.196883051688865440e-02	2.960528732620369696e-02	7.455476526321430653e-02
1.120427581482563710e+03	2.631370079410231821e-01	1.639292103267323275e-01	2.468560727254434928e-01	1.498276712296062740e-01	7.200760348625864782e-02	2.962989828871537279e-02	7.461253600215859982e-02
1.121878912546660331e+03	2.629166810928160181e-01	1.637840063392075607e-01	2.470086674608427679e-01	1.499196445928316634e-01	7.204631136618463993e-02	2.965447776592264675e-02	7.467021138213257581e-02
1.123330243610756725e+03	2.626967285085040626e-01	1.636390490774204121e-01	2.471609969582199695e-01	1.500114538611568016e-01	7.208495426659584926e-02	2.967902577354481625e-02	7.472779155449597865e-02
1.124781574674853118e+03	2.624771495510099251e-01	1.634943381211435565e-01	2.473130616704362073e-01	1.501030993622692877e-01	7.212353229724390025e-02	2.970354232742320952e-02	7.478527667041189042e-02
1.126232905738949967e+03	2.622579435843465090e-01	1.633498730508688157e-01	2.474648620495811246e-01	1.501945814230713494e-01	7.216204556770307310e-02	2.972802744352038423e-02	7.484266688084675878e-02
1.127684236803046360e+03	2.620391099736151808e-01	1.632056534478060206e-01	2.476163985469743423e-01	1.502859003696822571e-01	7.220049418737052582e-02	2.975248113791932256e-02	7.489996233657038316e-02
1.129135567867143209e+03	2.618206480850037710e-01	1.630616788938817896e-01	2.477676716131667900e-01	1.503770565274405724e-01	7.223887826546653013e-02	2.977690342682264013e-02	7.495716318815595636e-02
1.130586898931239830e+03	2.616025572857847425e-01	1.629179489717381968e-01	2.479186816979418728e-01	1.504680502209066184e-01	7.227719791103474900e-02	2.980129432655178115e-02	7.501426958598009231e-02
1.132038229995336451e+03	2.613848369443132480e-01	1.627744632647316614e-01	2.480694292503169418e-01	1.505588817738647833e-01	7.231545323294237548e-02	2.982565385354624121e-02	7.507128168022283998e-02
1.133489561059432845e+03	2.611674864300253529e-01	1.626312213569316711e-01	2.482199147185444599e-01	1.506495515093257687e-01	7.235364433988043797e-02	2.984998202436275894e-02	7.512819962086768333e-02
1.134940892123529466e+03	2.609505051134359821e-01	1.624882228331195055e-01	2.483701385501133896e-01	1.507400597495290873e-01	7.239177134036406391e-02	2.987427885567455615e-02	7.518502355770158296e-02
1.136392223187626087e+03	2.607338923661370877e-01	1.623454672787871811e-01	2.485201011917505254e-01	1.508304068159452282e-01	7.242983434273263244e-02	2.989854436427053647e-02	7.524175364031501778e-02
1.137843554251722708e+03	2.605176475607958730e-01	1.622029542801360080e-01	2.486698030894217981e-01	1.509205930292780440e-01	7.246783345515006580e-02	2.992277856705452543e-02	7.529839001810195720e-02
1.139294885315819101e+03	2.603017700711527382e-01	1.620606834240756189e-01	2.488192446883334130e-01	1.510106187094670815e-01	7.250576878560505145e-02	2.994698148104447954e-02	7.535493284025994443e-02
1.140746216379915950e+03	2.600862592720196154e-01	1.619186542982224697e-01	2.489684264329333485e-01	1.511004841756897477e-01	7.254364044191126404e-02	2.997115312337174722e-02	7.541138225579012422e-02
1.142197547444012343e+03	2.598711145392779698e-01	1.617768664908989240e-01	2.491173487669125775e-01	1.511901897463636957e-01	7.258144853170762911e-02	2.999529351128027085e-02	7.546773841349722900e-02
1.143648878508108737e+03	2.596563352498769683e-01	1.616353195911317542e-01	2.492660121332063994e-01	1.512797357391491293e-01	7.261919316245853129e-02	3.001940266212584085e-02	7.552400146198966213e-02
1.145100209572205586e+03	2.594419207818315920e-01	1.614940131886512253e-01	2.494144169739956063e-01	1.513691224709509953e-01	7.265687444145403628e-02	3.004348059337533933e-02	7.558017154967948403e-02
1.146551540636302207e+03	2.592278705142208040e-01	1.613529468738896522e-01	2.495625637307078704e-01	1.514583502579212593e-01	7.269449247581018236e-02	3.006752732260598721e-02	7.563624882478249545e-02
1.148002871700398828e+03	2.590141838271857178e-01	1.612121202379802887e-01	2.497104528440191040e-01	1.515474194154612098e-01	7.273204737246914686e-02	3.009154286750457749e-02	7.569223343531825132e-02
1.149454202764495449e+03	2.588008601019277100e-01	1.610715328727561069e-01	2.498580847538545424e-01	1.516363302582236228e-01	7.276953923819950987e-02	3.011552724586674668e-02	7.574812552911007468e-02
1.150905533828591842e+03	2.585878987207065327e-01	1.609311843707486311e-01	2.500054598993902699e-01	1.517250831001150380e-01	7.280696817959651790e-02	3.013948047559622534e-02	7.580392525378515378e-02
1.152356864892688463e+03	2.583752990668385929e-01	1.607910743251866614e-01	2.501525787190542749e-01	1.518136782542980068e-01	7.284433430308227819e-02	3.016340257470408875e-02	7.585963275677452822e-02
1.153808195956785084e+03	2.581630605246950094e-01	1.606512023299951353e-01	2.502994416505278097e-01	1.519021160331933129e-01	7.288163771490598075e-02	3.018729356130803523e-02	7.591524818531315832e-02
1.155259527020881706e+03	2.579511824796998920e-01	1.605115679797939343e-01	2.504460491307466952e-01	1.519903967484820817e-01	7.291887852114418977e-02	3.021115345363164714e-02	7.597077168643998069e-02
1.156710858084978327e+03	2.577396643183282876e-01	1.603721708698966630e-01	2.505924015959026807e-01	1.520785207111081394e-01	7.295605682770102407e-02	3.023498227000364844e-02	7.602620340699792201e-02
1.158162189149074720e+03	2.575285054281045705e-01	1.602330105963094831e-01	2.507384994814446100e-01	1.521664882312800948e-01	7.299317274030843461e-02	3.025878002885720036e-02	7.608154349363395463e-02
1.159613520213171569e+03	2.573177051976005547e-01	1.600940867557298641e-01	2.508843432220795311e-01	1.522542996184736153e-01	7.303022636452638494e-02	3.028254674872917288e-02	7.613679209279916593e-02
1.161064851277267962e+03	2.571072630164337736e-01	1.599553989455454184e-01	2.510299332517743620e-01	1.523419551814334805e-01	7.306721780574314262e-02	3.030628244825940565e-02	7.619194935074879993e-02
1.162516182341364356e+03	2.568971782752653699e-01	1.598169467638327346e-01	2.511752700037566677e-01	1.524294552281758863e-01	7.310414716917544575e-02	3.032998714619002459e-02	7.624701541354228507e-02
1.163967513405461204e+03	2.566874503657984863e-01	1.596787298093562402e-01	2.513203539105163808e-01	1.525168000659904988e-01	7.314101455986882216e-02	3.035366086136469937e-02	7.630199042704330359e-02
1.165418844469557826e+03	2.564780786807765445e-01	1.595407476815668690e-01	2.514651854038068013e-01	1.526039900014427020e-01	7.317782008269776983e-02	3.037730361272795304e-02	7.635687453691986093e-02
1.166870175533654447e+03	2.562690626139811356e-01	1.594029999806010622e-01	2.516097649146458171e-01	1.526910253403756801e-01	7.321456384236597892e-02	3.040091541932446115e-02	7.641166788864428572e-02
1.168321506597751068e+03	2.560604015602307437e-01	1.592654863072794358e-01	2.517540928733174588e-01	1.527779063879126098e-01	7.325124594340658157e-02	3.042449630029832319e-02	7.646637062749338243e-02
1.169772837661847461e+03	2.558520949153781365e-01	1.591282062631056982e-01	2.518981697093727323e-01	1.528646334484587421e-01	7.328786649018241561e-02	3.044804627489239301e-02	7.652098289854837587e-02
1.171224168725944082e+03	2.556441420763094774e-01	1.589911594502654013e-01	2.520419958516312287e-01	1.529512068257035950e-01	7.332442558688620493e-02	3.047156536244756062e-02	7.657550484669504998e-02
1.172675499790040703e+03	2.554365424409418828e-01	1.588543454716248304e-01	2.521855717281822340e-01	1.530376268226229797e-01	7.336092333754082317e-02	3.049505358240208255e-02	7.662993661662376166e-02
1.174126830854137097e+03	2.552292954082218124e-01	1.587177639307298105e-01	2.523288977663858956e-01	1.531238937414811097e-01	7.339735984599951579e-02	3.051851095429087418e-02	7.668427835282955185e-02
1.175578161918233945e+03	2.550224003781234039e-01	1.585814144318045127e-01	2.524719743928746096e-01	1.532100078838328772e-01	7.343373521594613595e-02	3.054193749774483310e-02	7.673853019961215938e-02
1.177029492982330339e+03	2.548158567516465856e-01	1.584452965797503166e-01	2.526148020335542421e-01	1.532959695505257403e-01	7.347004955089542211e-02	3.056533323249015222e-02	7.679269230107609034e-02
1.178480824046426733e+03	2.546096639308152443e-01	1.583094099801446164e-01	2.527573811136052395e-01	1.533817790417019156e-01	7.350630295419313676e-02	3.058869817834765359e-02	7.684676480113072916e-02
1.179932155110523581e+03	2.544038213186756159e-01	1.581737542392397111e-01	2.528997120574840163e-01	1.534674366568003490e-01	7.354249552901639952e-02	3.061203235523208763e-02	7.690074784349033854e-02
1.181383486174620202e+03	2.541983283192943421e-01	1.580383289639615274e-01	2.530417952889241762e-01	1.535529426945590192e-01	7.357862737837382594e-02	3.063533578315148775e-02	7.695464157167415664e-02
1.182834817238716823e+03	2.539931843377568055e-01	1.579031337619085928e-01	2.531836312309376225e-01	1.536382974530167145e-01	7.361469860510581886e-02	3.065860848220648693e-02	7.700844612900650810e-02
1.184286148302813444e+03	2.537883887801654081e-01	1.577681682413508146e-01	2.533252203058158902e-01	1.537235012295153080e-01	7.365070931188480441e-02	3.068185047258965500e-02	7.706216165861679013e-02
1.185737479366910065e+03	2.535839410536374627e-01	1.576334320112282306e-01	2.534665629351313121e-01	1.538085543207017292e-01	7.368665960121544012e-02	3.070506177458483255e-02	7.711578830343961133e-02
1.187188810431006686e+03	2.533798405663039710e-01	1.574989246811500376e-01	2.536076595397385169e-01	1.538934570225299336e-01	7.372254957543485088e-02	3.072824240856647862e-02	7.716932620621481942e-02
1.188640141495103080e+03	2.531760867273075144e-01	1.573646458613933985e-01	2.537485105397752072e-01	1.539782096302630687e-01	7.375837933671286484e-02	3.075139239499900465e-02	7.722277550948762614e-02
1.190091472559199701e+03	2.529726789468005332e-01	1.572305951629020815e-01	2.538891163546636576e-01	1.540628124384754161e-01	7.379414898705224934e-02	3.077451175443613254e-02	7.727613635560862115e-02
1.191542803623296322e+03	2.527696166359437169e-01	1.570967721972855446e-01	2.540294774031118807e-01	1.541472657410544456e-01	7.382985862828894685e-02	3.079760050752023554e-02	7.732940888673389690e-02
1.192994134687392716e+03	2.525668992069040053e-01	1.569631765768177423e-01	2.541695941031150152e-01	1.542315698312028416e-01	7.386550836209229698e-02	3.082065867498169978e-02	7.738259324482509027e-02
1.194445465751489564e+03	2.523645260728531459e-01	1.568298079144358759e-01	2.543094668719561580e-01	1.543157250014404458e-01	7.390109828996525854e-02	3.084368627763826864e-02	7.743568957164946587e-02
1.195896796815585958e+03	2.521624966479658614e-01	1.566966658237394228e-01	2.544490961262079742e-01	1.543997315436063111e-01	7.393662851324467322e-02	3.086668333639441472e-02	7.748869800878004088e-02
1.197348127879682352e+03	2.519608103474178518e-01	1.565637499189888315e-01	2.545884822817336413e-01	1.544835897488606724e-01	7.397209913310145990e-02	3.088964987224069106e-02	7.754161869759558512e-02
1.198799458943779200e+03	2.517594665873844617e-01	1.564310598151043563e-01	2.547276257536881805e-01	1.545672999076869170e-01	7.400751025054086440e-02	3.091258590625311012e-02	7.759445177928077364e-02
1.200250790007875821e+03	2.515584647850387379e-01	1.562985951276651964e-01	2.548665269565197344e-01	1.546508623098936386e-01	7.404286196640272322e-02	3.093549145959249846e-02	7.764719739482622840e-02
1.201702121071972442e+03	2.513578043585496524e-01	1.561663554729080250e-01	2.550051863039705102e-01	1.547342772446164694e-01	7.407815438136161612e-02	3.095836655350387226e-02	7.769985568502864315e-02
1.203153452136069063e+03	2.511574847270804378e-01	1.560343404677259904e-01	2.551436042090783340e-01	1.548175450003201892e-01	7.411338759592715764e-02	3.098121120931581970e-02	7.775242679049078343e-02
1.204604783200165684e+03	2.509575053107869769e-01	1.559025497296677165e-01	2.552817810841775947e-01	1.549006658648006129e-01	7.414856171044424682e-02	3.100402544843987307e-02	7.780491085162166698e-02
1.206056114264262078e+03	2.507578655308159155e-01	1.557709828769359151e-01	2.554197173409005761e-01	1.549836401251865059e-01	7.418367682509323380e-02	3.102680929236988766e-02	7.785730800863661927e-02
1.207507445328358699e+03	2.505585648093031081e-01	1.556396395283864420e-01	2.555574133901786227e-01	1.550664680679415819e-01	7.421873303989019732e-02	3.104956276268142773e-02	7.790961840155734286e-02
1.208958776392455093e+03	2.503596025693716753e-01	1.555085193035271041e-01	2.556948696422431944e-01	1.551491499788664186e-01	7.425373045468715294e-02	3.107228588103115585e-02	7.796184217021200069e-02
1.210410107456551941e+03	2.501609782351305600e-01	1.553776218225166039e-01	2.558320865066273653e-01	1.552316861431003447e-01	7.428866916917228891e-02	3.109497866915621883e-02	7.801397945423534097e-02
1.211861438520648335e+03	2.499626912316726401e-01	1.552469467061632635e-01	2.559690643921666564e-01	1.553140768451234388e-01	7.432354928287021600e-02	3.111764114887363014e-02	7.806603039306876657e-02
1.213312769584745183e+03	2.497647409850731193e-01	1.551164935759241359e-01	2.561058037070007010e-01	1.553963223687584161e-01	7.435837089514216180e-02	3.114027334207969747e-02	7.811799512596044603e-02
1.214764100648841804e+03	2.495671269223877775e-01	1.549862620539035618e-01	2.562423048585738550e-01	1.554784229971725718e-01	7.439313410518623437e-02	3.116287527074938779e-02	7.816987379196534136e-02
1.216215431712937971e+03	2.493698484716513064e-01	1.548562517628523927e-01	2.563785682536367516e-01	1.555603790128795016e-01	7.442783901203764430e-02	3.118544695693574800e-02	7.822166652994541614e-02
1.217666762777034819e+03	2.491729050618755881e-01	1.547264623261666583e-01	2.565145942982475225e-01	1.556421906977412395e-01	7.446248571456891285e-02	3.120798842276929427e-02	7.827337347856962169e-02
1.219118093841131440e+03	2.489762961230480298e-01	1.545968933678865120e-01	2.566503833977726856e-01	1.557238583329699777e-01	7.449707431149013570e-02	3.123049969045743612e-02	7.832499477631403584e-02
1.220569424905228061e+03	2.487800210861298711e-01	1.544675445126951763e-01	2.567859359568886446e-01	1.558053821991300936e-01	7.453160490134916327e-02	3.125298078228387622e-02	7.837653056146201558e-02
1.222020755969324682e+03	2.485840793830544349e-01	1.543384153859177210e-01	2.569212523795826875e-01	1.558867625761398423e-01	7.456607758253190610e-02	3.127543172060802401e-02	7.842798097210416930e-02
1.223472087033421303e+03	2.483884704467256843e-01	1.542095056135200648e-01	2.570563330691542081e-01	1.559679997432733556e-01	7.460049245326248746e-02	3.129785252786441291e-02	7.847934614613857884e-02
1.224923418097517697e+03	2.481931937110161690e-01	1.540808148221077811e-01	2.571911784282159275e-01	1.560490939791624732e-01	7.463484961160354869e-02	3.132024322656212778e-02	7.853062622127082726e-02
1.226374749161614318e+03	2.479982486107656370e-01	1.539523426389250438e-01	2.573257888586948372e-01	1.561300455617986027e-01	7.466914915545640186e-02	3.134260383928421517e-02	7.858182133501413758e-02
1.227826080225710712e+03	2.478036345817793140e-01	1.538240886918534889e-01	2.574601647618337541e-01	1.562108547685344684e-01	7.470339118256129340e-02	3.136493438868710737e-02	7.863293162468941444e-02
1.229277411289807560e+03	2.476093510608261827e-01	1.536960526094112156e-01	2.575943065381921526e-01	1.562915218760861646e-01	7.473757579049765398e-02	3.138723489750005341e-02	7.868395722742545229e-02
1.230728742353903954e+03	2.474153974856372895e-01	1.535682340207515095e-01	2.577282145876475528e-01	1.563720471605347384e-01	7.477170307668429272e-02	3.140950538852455010e-02	7.873489828015894920e-02
1.232180073418000802e+03	2.472217732949041624e-01	1.534406325556619544e-01	2.578618893093964637e-01	1.564524308973282152e-01	7.480577313837966091e-02	3.143174588463377300e-02	7.878575491963464572e-02
1.233631404482097196e+03	2.470284779282770904e-01	1.533132478445631275e-01	2.579953311019558271e-01	1.565326733612833476e-01	7.483978607268204630e-02	3.145395640877202137e-02	7.883652728240542196e-02
1.235082735546193817e+03	2.468355108263635689e-01	1.531860795185076562e-01	2.581285403631639053e-01	1.566127748265873920e-01	7.487374197652979513e-02	3.147613698395414217e-02	7.888721550483240863e-02
1.236534066610290438e+03	2.466428714307264680e-01	1.530591272091791633e-01	2.582615174901816135e-01	1.566927355667999955e-01	7.490764094670160356e-02	3.149828763326496806e-02	7.893781972308508421e-02
1.237985397674387059e+03	2.464505591838825893e-01	1.529323905488909341e-01	2.583942628794935747e-01	1.567725558548548892e-01	7.494148307981669810e-02	3.152040837985878308e-02	7.898834007314142758e-02
1.239436728738483680e+03	2.462585735293007783e-01	1.528058691705851124e-01	2.585267769269093963e-01	1.568522359630618312e-01	7.497526847233504377e-02	3.154249924695875368e-02	7.903877669078795964e-02
1.240888059802580301e+03	2.460669139114005921e-01	1.526795627078314233e-01	2.586590600275647245e-01	1.569317761631082719e-01	7.500899722055760777e-02	3.156456025785638053e-02	7.908912971161989602e-02
1.242339390866676695e+03	2.458755797755503292e-01	1.525534707948262014e-01	2.587911125759222442e-01	1.570111767260612134e-01	7.504266942062660928e-02	3.158659143591095037e-02	7.913939927104128580e-02
1.243790721930773088e+03	2.456845705680656411e-01	1.524275930663912537e-01	2.589229349657733437e-01	1.570904379223689307e-01	7.507628516852567213e-02	3.160859280454898779e-02	7.918958550426502541e-02
1.245242052994869937e+03	2.454938857362078120e-01	1.523019291579727763e-01	2.590545275902385591e-01	1.571695600218627475e-01	7.510984456008013010e-02	3.163056438726372099e-02	7.923968854631308067e-02
1.246693384058966330e+03	2.453035247281820097e-01	1.521764787056403279e-01	2.591858908417693508e-01	1.572485432937588967e-01	7.514334769095720734e-02	3.165250620761453360e-02	7.928970853201654234e-02
1.248144715123063179e+03	2.451134869931358429e-01	1.520512413460857193e-01	2.593170251121488246e-01	1.573273880066600738e-01	7.517679465666628202e-02	3.167441828922642338e-02	7.933964559601573707e-02
1.249596046187159800e+03	2.449237719811576119e-01	1.519262167166219035e-01	2.594479307924930089e-01	1.574060944285574359e-01	7.521018555255903904e-02	3.169630065578949579e-02	7.938949987276039399e-02
1.251047377251256421e+03	2.447343791432747828e-01	1.518014044551819486e-01	2.595786082732520761e-01	1.574846628268321835e-01	7.524352047382981690e-02	3.171815333105839491e-02	7.943927149650970021e-02
1.252498708315352815e+03	2.445453079314522382e-01	1.516768042003179828e-01	2.597090579442113967e-01	1.575630934682573092e-01	7.527679951551571880e-02	3.173997633885178304e-02	7.948896060133245345e-02
1.253950039379449436e+03	2.443565577985908344e-01	1.515524155912000848e-01	2.598392801944926500e-01	1.576413866189994017e-01	7.531002277249689014e-02	3.176176970305184116e-02	7.953856732110717309e-02
1.255401370443546057e+03	2.441681281985255692e-01	1.514282382676152283e-01	2.599692754125549898e-01	1.577195425446203669e-01	7.534319033949679612e-02	3.178353344760371374e-02	7.958809178952222507e-02
1.256852701507642678e+03	2.439800185860241666e-01	1.513042718699662559e-01	2.600990439861961545e-01	1.577975615100790929e-01	7.537630231108233270e-02	3.180526759651498836e-02	7.963753414007590514e-02
1.258304032571739299e+03	2.437922284167853559e-01	1.511805160392707126e-01	2.602285863025536883e-01	1.578754437797331711e-01	7.540935878166415973e-02	3.182697217385520305e-02	7.968689450607661928e-02
1.259755363635835920e+03	2.436047571474372897e-01	1.510569704171599303e-01	2.603579027481059960e-01	1.579531896173406447e-01	7.544235984549686747e-02	3.184864720375529812e-02	7.973617302064296697e-02
1.261206694699932314e+03	2.434176042355359060e-01	1.509336346458778344e-01	2.604869937086732867e-01	1.580307992860617294e-01	7.547530559667921246e-02	3.187029271040713735e-02	7.978536981670386607e-02
1.262658025764028707e+03	2.432307691395634575e-01	1.508105083682799996e-01	2.606158595694191282e-01	1.581082730484603960e-01	7.550819612915433965e-02	3.189190871806295985e-02	7.983448502699869165e-02
1.264109356828125556e+03	2.430442513189267628e-01	1.506875912278325125e-01	2.607445007148511684e-01	1.581856111665062015e-01	7.554103153671005988e-02	3.191349525103488044e-02	7.988351878407738693e-02
1.265560687892221949e+03	2.428580502339557079e-01	1.505648828686108887e-01	2.608729175288224122e-01	1.582628139015759550e-01	7.557381191297901646e-02	3.193505233369441088e-02	7.993247122030057439e-02
1.267012018956318798e+03	2.426721653459016359e-01	1.504423829352991848e-01	2.610011103945323874e-01	1.583398815144552163e-01	7.560653735143890719e-02	3.195657999047192555e-02	7.998134246783972223e-02
1.268463350020415419e+03	2.424865961169356265e-01	1.503200910731887496e-01	2.611290796945281989e-01	1.584168142653402667e-01	7.563920794541277581e-02	3.197807824585616882e-02	8.003013265867722770e-02
1.269914681084511813e+03	2.423013420101471360e-01	1.501980069281773078e-01	2.612568258107055841e-01	1.584936124138394964e-01	7.567182378806915077e-02	3.199954712439375543e-02	8.007884192460658357e-02
1.271366012148608434e+03	2.421164024895423039e-01	1.500761301467678777e-01	2.613843491243101336e-01	1.585702762189752923e-01	7.570438497242235054e-02	3.202098665068867783e-02	8.012747039723246145e-02
1.272817343212705055e+03	2.419317770200423157e-01	1.499544603760676886e-01	2.615116500159382906e-01	1.586468059391855090e-01	7.573689159133265014e-02	3.204239684940181354e-02	8.017601820797089218e-02
1.274268674276801676e+03	2.417474650674818759e-01	1.498329972637871821e-01	2.616387288655385723e-01	1.587232018323252725e-01	7.576934373750650320e-02	3.206377774525042551e-02	8.022448548804934909e-02
1.275720005340898297e+03	2.415634660986077098e-01	1.497117404582389844e-01	2.617655860524125688e-01	1.587994641556685071e-01	7.580174150349683337e-02	3.208512936300768337e-02	8.027287236850688679e-02
1.277171336404994690e+03	2.413797795810768421e-01	1.495906896083367688e-01	2.618922219552162756e-01	1.588755931659096565e-01	7.583408498170320089e-02	3.210645172750217768e-02	8.032117898019430768e-02
1.278622667469091539e+03	2.411964049834551260e-01	1.494698443635943674e-01	2.620186369519607594e-01	1.589515891191652375e-01	7.586637426437203846e-02	3.212774486361741344e-02	8.036940545377424527e-02
1.280073998533187932e+03	2.410133417752157170e-01	1.493492043741246333e-01	2.621448314200137686e-01	1.590274522709755334e-01	7.589860944359687334e-02	3.214900879629135899e-02	8.041755191972133066e-02
1.281525329597284326e+03	2.408305894267373792e-01	1.492287692906384133e-01	2.622708057361003986e-01	1.591031828763062317e-01	7.593079061131857710e-02	3.217024355051594647e-02	8.046561850832231744e-02
1.282976660661381175e+03	2.406481474093030426e-01	1.491085387644435767e-01	2.623965602763043692e-01	1.591787811895499227e-01	7.596291785932554608e-02	3.219144915133659302e-02	8.051360534967620664e-02
1.284427991725477568e+03	2.404660151950981095e-01	1.489885124474439049e-01	2.625220954160692455e-01	1.592542474645278483e-01	7.599499127925396502e-02	3.221262562385174277e-02	8.056151257369439933e-02
1.285879322789574417e+03	2.402841922572090949e-01	1.488686899921381201e-01	2.626474115301993262e-01	1.593295819544914560e-01	7.602701096258801527e-02	3.223377299321238815e-02	8.060934031010080769e-02
1.287330653853671038e+03	2.401026780696218499e-01	1.487490710516188308e-01	2.627725089928609203e-01	1.594047849121239813e-01	7.605897700066008293e-02	3.225489128462160487e-02	8.065708868843197987e-02
1.288781984917767431e+03	2.399214721072202294e-01	1.486296552795714765e-01	2.628973881775831245e-01	1.594798565895420572e-01	7.609088948465099478e-02	3.227598052333404549e-02	8.070475783803730818e-02
1.290233315981864052e+03	2.397405738457843716e-01	1.485104423302734400e-01	2.630220494572592660e-01	1.595547972382972690e-01	7.612274850559028194e-02	3.229704073465552994e-02	8.075234788807907071e-02
