1.001418434226643626e+03	2.825826445400254072e-01	1.765824918060351079e-01	2.334619359643266279e-01	1.416911677265695890e-01	6.857966124224625093e-02	2.755750736424330063e-02	6.954459135648800860e-02
1.003837319333471214e+03	2.821604263265047319e-01	1.763046824304355109e-01	2.337552565856615694e-01	1.418686063297508460e-01	6.865350355003808913e-02	2.760312072892488061e-02	6.965440404861862611e-02
1.006256204440298802e+03	2.817394036713143368e-01	1.760276599506219453e-01	2.340477294087403848e-01	1.420455082465192087e-01	6.872713947747637053e-02	2.764864299904658956e-02	6.976391624621534893e-02
1.008675089547126618e+03	2.813195731797817900e-01	1.757514221318337011e-01	2.343393568451909992e-01	1.422218753282157577e-01	6.880056960424879575e-02	2.769407418339163776e-02	6.987312872727159674e-02
1.011093974653954206e+03	2.809009314669722035e-01	1.754759667456679273e-01	2.346301412997910674e-01	1.423977094182835579e-01	6.887379450849479001e-02	2.773941429243609660e-02	6.998204226828864949e-02
1.013512859760782021e+03	2.804834751576587015e-01	1.752012915700627560e-01	2.349200851704875137e-01	1.425730123523112347e-01	6.894681476680863952e-02	2.778466333833210650e-02	7.009065764427334366e-02
1.015931744867609382e+03	2.800672008862920559e-01	1.749273943892805105e-01	2.352091908484161276e-01	1.427477859580758568e-01	6.901963095424271111e-02	2.782982133489124432e-02	7.019897562873576857e-02
1.018350629974437197e+03	2.796521052969711540e-01	1.746542729938907468e-01	2.354974607179210200e-01	1.429220320555857904e-01	6.909224364431057475e-02	2.787488829756799152e-02	7.030699699368699040e-02
1.020769515081264785e+03	2.792381850434134671e-01	1.743819251807532389e-01	2.357848971565740526e-01	1.430957524571230821e-01	6.916465340899018155e-02	2.791986424344336873e-02	7.041472250963690116e-02
1.023188400188092373e+03	2.788254367889253516e-01	1.741103487530012428e-01	2.360715025351942109e-01	1.432689489672857308e-01	6.923686081872702791e-02	2.796474919120865016e-02	7.052215294559205372e-02
1.025607285294920075e+03	2.784138572063730721e-01	1.738395415200243432e-01	2.363572792178669779e-01	1.434416233830295706e-01	6.930886644243737515e-02	2.800954316114926540e-02	7.062928906905366344e-02
1.028026170401747549e+03	2.780034429781534921e-01	1.735695012974516893e-01	2.366422295619634575e-01	1.436137774937099321e-01	6.938067084751137203e-02	2.805424617512877403e-02	7.073613164601555425e-02
1.030445055508575479e+03	2.775941907961652633e-01	1.733002259071348694e-01	2.369263559181596646e-01	1.437854130811228870e-01	6.945227459981628826e-02	2.809885825657299635e-02	7.084268144096227127e-02
1.032863940615402726e+03	2.771860973617798485e-01	1.730317131771311467e-01	2.372096606304556488e-01	1.439565319195464099e-01	6.952367826369969250e-02	2.814337943045425866e-02	7.094893921686719340e-02
1.035282825722230655e+03	2.767791593858129895e-01	1.727639609416863620e-01	2.374921460361945624e-01	1.441271357757812066e-01	6.959488240199260267e-02	2.818780972327578072e-02	7.105490573519068764e-02
1.037701710829058356e+03	2.763733735884960074e-01	1.724969670412180578e-01	2.377738144660817010e-01	1.442972264091912371e-01	6.966588757601269166e-02	2.823214916305614650e-02	7.116058175587837431e-02
1.040120595935886058e+03	2.759687366994474922e-01	1.722307293222984925e-01	2.380546682442034323e-01	1.444668055717438782e-01	6.973669434556752089e-02	2.827639777931394496e-02	7.126596803735944785e-02
1.042539481042713533e+03	2.755652454576449917e-01	1.719652456376377092e-01	2.383347096880461535e-01	1.446358750080501132e-01	6.980730326895770443e-02	2.832055560305250450e-02	7.137106533654502538e-02
1.044958366149541234e+03	2.751628966113968677e-01	1.717005138460667435e-01	2.386139411085150264e-01	1.448044364554041397e-01	6.987771490298010091e-02	2.836462266674474181e-02	7.147587440882656462e-02
1.047377251256368709e+03	2.747616869183142629e-01	1.714365318125204707e-01	2.388923648099530450e-01	1.449724916438228928e-01	6.994792980293100537e-02	2.840859900431815313e-02	7.158039600807429570e-02
1.049796136363196410e+03	2.743616131452833451e-01	1.711732974080209246e-01	2.391699830901594936e-01	1.451400422960852366e-01	7.001794852260939672e-02	2.845248465113991640e-02	7.168463088663580562e-02
1.052215021470024112e+03	2.739626720684372740e-01	1.709108085096603391e-01	2.394467982404087092e-01	1.453070901277709603e-01	7.008777161432012959e-02	2.849627964400209754e-02	7.178857979533462275e-02
1.054633906576851814e+03	2.735648604731289457e-01	1.706490630005840781e-01	2.397228125454687886e-01	1.454736368472993868e-01	7.015739962887709846e-02	2.853998402110698857e-02	7.189224348346880122e-02
1.057052791683679516e+03	2.731681751539029590e-01	1.703880587699741767e-01	2.399980282836201295e-01	1.456396841559679800e-01	7.022683311560652675e-02	2.858359782205256369e-02	7.199562269880968590e-02
1.059471676790506763e+03	2.727726129144687484e-01	1.701277937130321605e-01	2.402724477266739989e-01	1.458052337479903704e-01	7.029607262235007537e-02	2.862712108781803599e-02	7.209871818760058004e-02
1.061890561897334692e+03	2.723781705676729947e-01	1.698682657309624200e-01	2.405460731399908514e-01	1.459702873105343801e-01	7.036511869546813180e-02	2.867055386074954249e-02	7.220153069455564898e-02
1.064309447004162394e+03	2.719848449354724251e-01	1.696094727309553352e-01	2.408189067824988983e-01	1.461348465237597705e-01	7.043397187984302976e-02	2.871389618454594020e-02	7.230406096285864337e-02
1.066728332110990095e+03	2.715926328489068342e-01	1.693514126261705111e-01	2.410909509067123146e-01	1.462989130608555455e-01	7.050263271888219940e-02	2.875714810424470635e-02	7.240630973416188609e-02
1.069147217217817570e+03	2.712015311480722723e-01	1.690940833357200412e-01	2.413622077587497528e-01	1.464624885880773109e-01	7.057110175452144252e-02	2.880030966620795996e-02	7.250827774858523145e-02
1.071566102324645271e+03	2.708115366820940118e-01	1.688374827846517712e-01	2.416326795783523551e-01	1.466255747647841057e-01	7.063937952722813829e-02	2.884338091810858748e-02	7.260996574471506593e-02
1.073984987431472746e+03	2.704226463090996790e-01	1.685816089039327004e-01	2.419023685989021011e-01	1.467881732434752617e-01	7.070746657600447682e-02	2.888636190891649344e-02	7.271137445960330903e-02
1.076403872538300675e+03	2.700348568961930540e-01	1.683264596304321070e-01	2.421712770474399590e-01	1.469502856698267079e-01	7.077536343839063715e-02	2.892925268888493773e-02	7.281250462876656671e-02
1.078822757645127922e+03	2.696481653194273131e-01	1.680720329069050889e-01	2.424394071446839272e-01	1.471119136827273299e-01	7.084307065046803464e-02	2.897205330953700475e-02	7.291335698618528482e-02
1.081241642751955851e+03	2.692625684637785510e-01	1.678183266819758546e-01	2.427067611050469642e-01	1.472730589143149138e-01	7.091058874686258229e-02	2.901476382365216281e-02	7.301393226430295813e-02
1.083660527858783553e+03	2.688780632231194678e-01	1.675653389101211532e-01	2.429733411366552520e-01	1.474337229900119783e-01	7.097791826074785482e-02	2.905738428525294140e-02	7.311423119402533921e-02
1.086079412965611255e+03	2.684946465001932792e-01	1.673130675516537880e-01	2.432391494413658206e-01	1.475939075285613022e-01	7.104505972384833612e-02	2.909991474959170224e-02	7.321425450471977237e-02
1.088498298072438729e+03	2.681123152065875703e-01	1.670615105727059346e-01	2.435041882147846726e-01	1.477536141420610905e-01	7.111201366644266664e-02	2.914235527313754209e-02	7.331400292421458298e-02
1.090917183179266431e+03	2.677310662627081506e-01	1.668106659452128215e-01	2.437684596462843800e-01	1.479128444360002792e-01	7.117878061736684914e-02	2.918470591356325458e-02	7.341347717879835588e-02
1.093336068286093905e+03	2.673508965977532958e-01	1.665605316468961317e-01	2.440319659190220702e-01	1.480716000092931472e-01	7.124536110401749611e-02	2.922696672973245507e-02	7.351267799321944962e-02
1.095754953392921607e+03	2.669718031496878807e-01	1.663111056612476824e-01	2.442947092099569673e-01	1.482298824543141769e-01	7.131175565235500780e-02	2.926913778168676455e-02	7.361160609068548299e-02
1.098173838499749309e+03	2.665937828652176211e-01	1.660623859775129940e-01	2.445566916898682941e-01	1.483876933569322210e-01	7.137796478690686119e-02	2.931121913063309756e-02	7.371026219286283543e-02
1.100592723606577010e+03	2.662168326997634282e-01	1.658143705906748033e-01	2.448179155233726756e-01	1.485450342965448922e-01	7.144398903077081586e-02	2.935321083893108890e-02	7.380864701987624454e-02
1.103011608713404712e+03	2.658409496174357622e-01	1.655670575014369927e-01	2.450783828689417354e-01	1.487019068461123139e-01	7.150982890561814742e-02	2.939511297008056898e-02	7.390676129030840369e-02
1.105430493820231959e+03	2.654661305910094860e-01	1.653204447162080204e-01	2.453380958789197208e-01	1.488583125721909817e-01	7.157548493169683945e-02	2.943692558870918824e-02	7.400460572119962888e-02
1.107849378927059888e+03	2.650923726018982740e-01	1.650745302470848774e-01	2.455970566995409332e-01	1.490142530349672922e-01	7.164095762783485866e-02	2.947864876056010761e-02	7.410218102804752571e-02
1.110268264033887590e+03	2.647196726401292999e-01	1.648293121118367954e-01	2.458552674709470198e-01	1.491697297882907391e-01	7.170624751144338838e-02	2.952028255247980335e-02	7.419948792480682287e-02
1.112687149140715292e+03	2.643480277043181448e-01	1.645847883338890372e-01	2.461127303272045153e-01	1.493247443797070528e-01	7.177135509852000661e-02	2.956182703240596218e-02	7.429652712388909452e-02
1.115106034247542766e+03	2.639774348016438732e-01	1.643409569423067429e-01	2.463694473963220777e-01	1.494792983504911188e-01	7.183628090365198893e-02	2.960328226935547702e-02	7.439329933616256607e-02
1.117524919354370468e+03	2.636078909478235532e-01	1.640978159717789153e-01	2.466254208002676973e-01	1.496333932356795626e-01	7.190102544001943097e-02	2.964464833341254324e-02	7.448980527095207249e-02
1.119943804461197942e+03	2.632393931670879428e-01	1.638553634626022382e-01	2.468806526549859881e-01	1.497870305641032518e-01	7.196558921939859299e-02	2.968592529571685221e-02	7.458604563603887794e-02
1.122362689568025871e+03	2.628719384921561764e-01	1.636135974606650612e-01	2.471351450704153963e-01	1.499402118584195753e-01	7.202997275216505013e-02	2.972711322845186452e-02	7.468202113766067574e-02
1.124781574674853118e+03	2.625055239642111737e-01	1.633725160174314406e-01	2.473889001505051588e-01	1.500929386351442796e-01	7.209417654729693981e-02	2.976821220483319083e-02	7.477773248051156063e-02
1.127200459781681047e+03	2.621401466328751595e-01	1.631321171899252354e-01	2.476419199932324289e-01	1.502452124046835813e-01	7.215820111237819523e-02	2.980922229909706289e-02	7.487318036774209817e-02
1.129619344888508749e+03	2.617758035561846830e-01	1.628923990407140920e-01	2.478942066906194286e-01	1.503970346713655870e-01	7.222204695360176507e-02	2.985014358648890170e-02	7.496836550095933860e-02
1.132038229995336451e+03	2.614124918005664711e-01	1.626533596378935131e-01	2.481457623287501857e-01	1.505484069334717956e-01	7.228571457577284698e-02	2.989097614325197938e-02	7.506328858022692785e-02
1.134457115102163925e+03	2.610502084408129475e-01	1.624149970550712863e-01	2.483965889877876865e-01	1.506993306832683233e-01	7.234920448231207946e-02	2.993172004661615038e-02	7.515795030406530186e-02
1.136876000208991627e+03	2.606889505600576973e-01	1.621773093713513303e-01	2.486466887419905014e-01	1.508498074070368788e-01	7.241251717525881704e-02	2.997237537478670763e-02	7.525235136945183922e-02
1.139294885315819101e+03	2.603287152497514301e-01	1.619402946713182079e-01	2.488960636597297715e-01	1.509998385851056280e-01	7.247565315527429441e-02	3.001294220693330808e-02	7.534649247182108323e-02
1.141713770422646803e+03	2.599694996096378330e-01	1.617039510450212769e-01	2.491447158035060006e-01	1.511494256918797796e-01	7.253861292164487384e-02	3.005342062317898841e-02	7.544037430506496389e-02
1.144132655529474505e+03	2.596113007477292012e-01	1.614682765879590365e-01	2.493926472299655972e-01	1.512985701958721174e-01	7.260139697228529254e-02	3.009381070458927790e-02	7.553399756153318656e-02
1.146551540636302207e+03	2.592541157802827345e-01	1.612332694010635281e-01	2.496398599899176951e-01	1.514472735597331421e-01	7.266400580374182683e-02	3.013411253316139113e-02	7.562736293203344007e-02
1.148970425743129908e+03	2.588979418317762238e-01	1.609989275906847095e-01	2.498863561283507229e-01	1.515955372402811585e-01	7.272643991119553952e-02	3.017432619181352124e-02	7.572047110583182694e-02
1.151389310849957155e+03	2.585427760348847359e-01	1.607652492685748558e-01	2.501321376844490851e-01	1.517433626885320852e-01	7.278869978846549960e-02	3.021445176437420263e-02	7.581332277065327974e-02
1.153808195956785084e+03	2.581886155304563002e-01	1.605322325518730997e-01	2.503772066916094552e-01	1.518907513497291528e-01	7.285078592801196018e-02	3.025448933557176728e-02	7.590591861268194962e-02
1.156227081063612786e+03	2.578354574674885380e-01	1.602998755630899164e-01	2.506215651774575948e-01	1.520377046633724083e-01	7.291269882093961985e-02	3.029443899102389481e-02	7.599825931656170597e-02
1.158645966170440488e+03	2.574832990031049040e-01	1.600681764300917465e-01	2.508652151638643968e-01	1.521842240632479970e-01	7.297443895700077288e-02	3.033430081722724228e-02	7.609034556539658045e-02
1.161064851277267962e+03	2.571321373025311496e-01	1.598371332860855365e-01	2.511081586669626220e-01	1.523303109774571673e-01	7.303600682459858440e-02	3.037407490154715381e-02	7.618217804075140542e-02
1.163483736384095664e+03	2.567819695390718415e-01	1.596067442696033623e-01	2.513503976971630527e-01	1.524759668284453584e-01	7.309740291079028229e-02	3.041376133220744654e-02	7.627375742265228575e-02
1.165902621490923138e+03	2.564327928940869361e-01	1.593770075244873297e-01	2.515919342591707020e-01	1.526211930330307887e-01	7.315862770129027970e-02	3.045336019828031454e-02	7.636508438958725109e-02
1.168321506597751068e+03	2.560846045569685203e-01	1.591479211998739485e-01	2.518327703520013006e-01	1.527659910024331269e-01	7.321968168047349179e-02	3.049287158967627434e-02	7.645615961850685260e-02
1.170740391704578315e+03	2.557374017251174969e-01	1.589194834501792830e-01	2.520729079689973950e-01	1.529103621423017756e-01	7.328056533137848605e-02	3.053229559713421110e-02	7.654698378482487076e-02
1.173159276811406244e+03	2.553911816039204363e-01	1.586916924350834368e-01	2.523123490978442796e-01	1.530543078527440981e-01	7.334127913571061863e-02	3.057163231221151148e-02	7.663755756241896755e-02
1.175578161918233945e+03	2.550459414067265396e-01	1.584645463195156478e-01	2.525510957205865936e-01	1.531978295283535074e-01	7.340182357384536505e-02	3.061088182727426249e-02	7.672788162363143594e-02
1.177997047025061647e+03	2.547016783548243235e-01	1.582380432736390230e-01	2.527891498136439208e-01	1.533409285582371662e-01	7.346219912483141490e-02	3.065004423548754048e-02	7.681795663926996309e-02
1.180415932131889122e+03	2.543583896774189723e-01	1.580121814728356333e-01	2.530265133478267758e-01	1.534836063260438255e-01	7.352240626639386378e-02	3.068911963080577995e-02	7.690778327860844921e-02
1.182834817238716823e+03	2.540160726116093559e-01	1.577869590976913317e-01	2.532631882883530916e-01	1.536258642099911642e-01	7.358244547493746068e-02	3.072810810796322220e-02	7.699736220938768749e-02
1.185253702345544298e+03	2.536747244023652148e-01	1.575623743339808480e-01	2.534991765948635400e-01	1.537677035828931560e-01	7.364231722554973048e-02	3.076700976246442634e-02	7.708669409781640502e-02
1.187672587452371999e+03	2.533343423025042340e-01	1.573384253726529125e-01	2.537344802214378525e-01	1.539091258121872696e-01	7.370202199200422133e-02	3.080582469057488795e-02	7.717577960857201214e-02
1.190091472559199701e+03	2.529949235726695611e-01	1.571151104098152118e-01	2.539691011166102519e-01	1.540501322599614475e-01	7.376156024676362721e-02	3.084455298931169931e-02	7.726461940480153223e-02
1.192510357666027403e+03	2.526564654813072686e-01	1.568924276467197343e-01	2.542030412233856063e-01	1.541907242829808344e-01	7.382093246098300754e-02	3.088319475643432066e-02	7.735321414812254548e-02
1.194929242772855105e+03	2.523189653046435943e-01	1.566703752897477542e-01	2.544363024792550276e-01	1.543309032327144781e-01	7.388013910451295130e-02	3.092175009043540007e-02	7.744156449862417413e-02
1.197348127879682352e+03	2.519824203266626261e-01	1.564489515503951766e-01	2.546688868162113595e-01	1.544706704553618082e-01	7.393918064590274120e-02	3.096021909053168347e-02	7.752967111486802620e-02
1.199767012986510281e+03	2.516468278390837643e-01	1.562281546452577718e-01	2.549007961607652195e-01	1.546100272918789209e-01	7.399805755240351779e-02	3.099860185665500104e-02	7.761753465388925022e-02
1.202185898093337983e+03	2.513121851413395724e-01	1.560079827960165755e-01	2.551320324339601542e-01	1.547489750780047246e-01	7.405677028997148525e-02	3.103689848944331947e-02	7.770515577119757600e-02
1.204604783200165684e+03	2.509784895405534622e-01	1.557884342294231228e-01	2.553625975513886814e-01	1.548875151442869469e-01	7.411531932327106165e-02	3.107510909023187065e-02	7.779253512077834165e-02
1.207023668306993159e+03	2.506457383515173776e-01	1.555695071772848215e-01	2.555924934232072787e-01	1.550256488161079749e-01	7.417370511567798752e-02	3.111323376104436003e-02	7.787967335509365929e-02
1.209442553413820860e+03	2.503139288966698128e-01	1.553511998764505464e-01	2.558217219541523701e-01	1.551633774137104183e-01	7.423192812928255946e-02	3.115127260458423059e-02	7.796657112508349752e-02
1.211861438520648335e+03	2.499830585060736354e-01	1.551335105687960403e-01	2.560502850435553146e-01	1.553007022522227831e-01	7.428998882489275257e-02	3.118922572422602041e-02	7.805322908016686101e-02
1.214280323627476264e+03	2.496531245173942148e-01	1.549164375012093697e-01	2.562781845853580598e-01	1.554376246416846463e-01	7.434788766203737076e-02	3.122709322400678972e-02	7.813964786824292852e-02
1.216699208734303511e+03	2.493241242758775233e-01	1.546999789255765478e-01	2.565054224681284079e-01	1.555741458870719129e-01	7.440562509896921084e-02	3.126487520861759295e-02	7.822582813569226023e-02
1.219118093841131440e+03	2.489960551343280981e-01	1.544841330987671291e-01	2.567320005750750589e-01	1.557102672883218242e-01	7.446320159266819894e-02	3.130257178339505147e-02	7.831177052737806066e-02
1.221536978947959142e+03	2.486689144530873918e-01	1.542688982826198596e-01	2.569579207840633761e-01	1.558459901403578540e-01	7.452061759884451297e-02	3.134018305431298529e-02	7.839747568664741373e-02
1.223955864054786844e+03	2.483426996000120124e-01	1.540542727439283555e-01	2.571831849676301518e-01	1.559813157331144118e-01	7.457787357194176070e-02	3.137770912797410716e-02	7.848294425533253182e-02
1.226374749161614318e+03	2.480174079504521290e-01	1.538402547544268639e-01	2.574077949929988729e-01	1.561162453515614890e-01	7.463496996514011605e-02	3.141515011160180004e-02	7.856817687375207415e-02
1.228793634268442020e+03	2.476930368872297672e-01	1.536268425907758861e-01	2.576317527220949866e-01	1.562507802757289177e-01	7.469190723035938617e-02	3.145250611303194305e-02	7.865317418071243738e-02
1.231212519375269494e+03	2.473695838006173542e-01	1.534140345345482159e-01	2.578550600115607216e-01	1.563849217807307679e-01	7.474868581826223102e-02	3.148977724070484152e-02	7.873793681350918505e-02
1.233631404482097196e+03	2.470470460883162911e-01	1.532018288722146460e-01	2.580777187127702432e-01	1.565186711367893835e-01	7.480530617825721651e-02	3.152696360365716405e-02	7.882246540792833822e-02
1.236050289588924898e+03	2.467254211554354426e-01	1.529902238951297844e-01	2.582997306718447517e-01	1.566520296092594744e-01	7.486176875850202028e-02	3.156406531151401823e-02	7.890676059824779098e-02
1.238469174695752372e+03	2.464047064144699040e-01	1.527792178995181493e-01	2.585210977296671930e-01	1.567849984586517642e-01	7.491807400590644317e-02	3.160108247448104729e-02	7.899082301723869826e-02
1.240888059802580301e+03	2.460848992852796846e-01	1.525688091864600970e-01	2.587418217218975247e-01	1.569175789406567212e-01	7.497422236613560109e-02	3.163801520333659606e-02	7.907465329616698846e-02
1.243306944909407548e+03	2.457659971950685862e-01	1.523589960618777495e-01	2.589619044789869817e-01	1.570497723061682060e-01	7.503021428361301981e-02	3.167486360942393941e-02	7.915825206479472353e-02
1.245725830016235477e+03	2.454479975783629142e-01	1.521497768365211445e-01	2.591813478261934534e-01	1.571815798013067311e-01	7.508605020152371579e-02	3.171162780464360786e-02	7.924161995138165326e-02
1.248144715123063179e+03	2.451308978769905500e-01	1.519411498259542470e-01	2.594001535835959715e-01	1.573130026674426640e-01	7.514173056181733257e-02	3.174830790144575476e-02	7.932475758268668631e-02
1.250563600229890881e+03	2.448146955400598568e-01	1.517331133505410989e-01	2.596183235661095878e-01	1.574440421412194313e-01	7.519725580521122166e-02	3.178490401282256517e-02	7.940766558396938901e-02
1.252982485336718355e+03	2.444993880239387796e-01	1.515256657354321079e-01	2.598358595834998619e-01	1.575746994545765001e-01	7.525262637119356501e-02	3.182141625230076182e-02	7.949034457899158135e-02
1.255401370443546057e+03	2.441849727922338342e-01	1.513188053105501418e-01	2.600527634403976274e-01	1.577049758347720543e-01	7.530784269802642816e-02	3.185784473393419441e-02	7.957279519001884960e-02
1.257820255550373531e+03	2.438714473157694851e-01	1.511125304105767342e-01	2.602690369363136469e-01	1.578348725044057543e-01	7.536290522274888271e-02	3.189418957229640111e-02	7.965501803782215617e-02
1.260239140657201460e+03	2.435588090725672450e-01	1.509068393749385395e-01	2.604846818656532115e-01	1.579643906814412468e-01	7.541781438118004555e-02	3.193045088247335045e-02	7.973701374167943556e-02
1.262658025764028707e+03	2.432470555478249696e-01	1.507017305477935110e-01	2.606997000177303514e-01	1.580935315792286189e-01	7.547257060792222916e-02	3.196662878005613467e-02	7.981878291937723191e-02
1.265076910870856636e+03	2.429361842338962907e-01	1.504972022780173835e-01	2.609140931767826577e-01	1.582222964065266579e-01	7.552717433636395306e-02	3.200272338113380882e-02	7.990032618721233659e-02
1.267495795977684338e+03	2.426261926302699379e-01	1.502932529191900735e-01	2.611278631219855484e-01	1.583506863675248622e-01	7.558162599868302467e-02	3.203873480228625059e-02	7.998164415999337029e-02
1.269914681084511813e+03	2.423170782435494219e-01	1.500898808295820230e-01	2.613410116274665906e-01	1.584787026618656169e-01	7.563592602584966185e-02	3.207466316057708267e-02	8.006273745104261486e-02
1.272333566191339514e+03	2.420088385874323011e-01	1.498870843721408497e-01	2.615535404623202664e-01	1.586063464846659277e-01	7.569007484762949045e-02	3.211050857354665750e-02	8.014360667219758150e-02
1.274752451298167216e+03	2.417014711826900031e-01	1.496848619144778014e-01	2.617654513906215730e-01	1.587336190265391522e-01	7.574407289258663911e-02	3.214627115920510453e-02	8.022425243381277327e-02
1.277171336404994690e+03	2.413949735571474520e-01	1.494832118288542400e-01	2.619767461714410661e-01	1.588605214736166504e-01	7.579792058808676458e-02	3.218195103602544682e-02	8.030467534476144753e-02
1.279590221511822392e+03	2.410893432456626961e-01	1.492821324921684012e-01	2.621874265588584607e-01	1.589870550075692668e-01	7.585161836030014648e-02	3.221754832293675236e-02	8.038487601243733682e-02
1.282009106618650094e+03	2.407845777901067852e-01	1.490816222859420448e-01	2.623974943019771744e-01	1.591132208056285913e-01	7.590516663420468491e-02	3.225306313931734087e-02	8.046485504275641132e-02
1.284427991725477568e+03	2.404806747393436750e-01	1.488816795963069373e-01	2.626069511449383720e-01	1.592390200406081924e-01	7.595856583358899516e-02	3.228849560498808779e-02	8.054461304015868295e-02
1.286846876832305497e+03	2.401776316492099661e-01	1.486823028139918346e-01	2.628157988269352319e-01	1.593644538809247391e-01	7.601181638105539151e-02	3.232384584020576990e-02	8.062415060760998176e-02
1.289265761939132744e+03	2.398754460824950585e-01	1.484834903343090762e-01	2.630240390822266017e-01	1.594895234906189008e-01	7.606491869802295414e-02	3.235911396565641779e-02	8.070346834660385715e-02
1.291684647045960673e+03	2.395741156089209734e-01	1.482852405571415122e-01	2.632316736401514867e-01	1.596142300293762195e-01	7.611787320473055451e-02	3.239430010244877256e-02	8.078256685716329877e-02
1.294103532152788375e+03	2.392736378051226187e-01	1.480875518869292085e-01	2.634387042251428168e-01	1.597385746525477601e-01	7.617068032023986690e-02	3.242940437210783261e-02	8.086144673784269321e-02
1.296522417259616077e+03	2.389740102546278888e-01	1.478904227326565124e-01	2.636451325567412685e-01	1.598625585111707048e-01	7.622334046243839367e-02	3.246442689656836578e-02	8.094010858572965594e-02
1.298941302366443551e+03	2.386752305478377911e-01	1.476938515078387582e-01	2.638509603496094758e-01	1.599861827519888369e-01	7.627585404804250457e-02	3.249936779816856719e-02	8.101855299644689090e-02
1.301360187473271253e+03	2.383772962820068231e-01	1.474978366305093602e-01	2.640561893135456861e-01	1.601094485174728299e-01	7.632822149260039268e-02	3.253422719964366855e-02	8.109678056415410563e-02
1.303779072580098727e+03	2.380802050612231824e-01	1.473023765232067961e-01	2.642608211534975826e-01	1.602323569458404540e-01	7.638044321049511365e-02	3.256900522411972781e-02	8.117479188154998193e-02
1.306197957686926657e+03	2.377839544963891993e-01	1.471074696129616166e-01	2.644648575695762727e-01	1.603549091710766983e-01	7.643251961494761104e-02	3.260370199510736339e-02	8.125258753987402160e-02
1.308616842793753904e+03	2.374885422052018524e-01	1.469131143312835952e-01	2.646683002570696663e-01	1.604771063229537276e-01	7.648445111801967233e-02	3.263831763649560624e-02	8.133016812890855873e-02
1.311035727900581833e+03	2.371939658121331174e-01	1.467193091141487105e-01	2.648711509064566871e-01	1.605989495270507272e-01	7.653623813061692649e-02	3.267285227254577290e-02	8.140753423698071645e-02
1.313454613007409534e+03	2.369002229484105937e-01	1.465260524019864063e-01	2.650734112034204837e-01	1.607204399047735821e-01	7.658788106249185546e-02	3.270730602788541469e-02	8.148468645096432206e-02
1.315873498114237009e+03	2.366073112519980759e-01	1.463333426396666581e-01	2.652750828288623075e-01	1.608415785733745551e-01	7.663938032224673624e-02	3.274167902750229481e-02	8.156162535628198873e-02
1.318292383221064711e+03	2.363152283675763465e-01	1.461411782764873990e-01	2.654761674589148912e-01	1.609623666459717717e-01	7.669073631733669405e-02	3.277597139673842086e-02	8.163835153690705837e-02
1.320711268327892412e+03	2.360239719465237196e-01	1.459495577661615306e-01	2.656766667649564373e-01	1.610828052315685655e-01	7.674194945407256108e-02	3.281018326128416762e-02	8.171486557536562778e-02
1.323130153434719887e+03	2.357335396468969169e-01	1.457584795668043776e-01	2.658765824136236633e-01	1.612028954350727405e-01	7.679302013762394352e-02	3.284431474717238592e-02	8.179116805273860258e-02
1.325549038541547588e+03	2.354439291334119444e-01	1.455679421409210861e-01	2.660759160668254020e-01	1.613226383573157785e-01	7.684394877202212204e-02	3.287836598077261557e-02	8.186725954866372335e-02
1.327967923648375290e+03	2.351551380774249134e-01	1.453779439553937736e-01	2.662746693817560906e-01	1.614420350950717953e-01	7.689473576016309098e-02	3.291233708878532616e-02	8.194314064133763342e-02
1.330386808755202765e+03	2.348671641569129998e-01	1.451884834814691216e-01	2.664728440109094265e-01	1.615610867410765539e-01	7.694538150381038943e-02	3.294622819823622012e-02	8.201881190751797446e-02
1.332805693862030694e+03	2.345800050564555150e-01	1.449995591947457751e-01	2.666704416020911905e-01	1.616797943840461160e-01	7.699588640359815439e-02	3.298003943647054986e-02	8.209427392252539868e-02
1.335224578968857941e+03	2.342936584672148381e-01	1.448111695751618799e-01	2.668674637984328468e-01	1.617981591086957716e-01	7.704625085903402115e-02	3.301377093114753192e-02	8.216952726024576159e-02
1.337643464075685870e+03	2.340081220869176803e-01	1.446233131069824540e-01	2.670639122384050324e-01	1.619161819957584403e-01	7.709647526850207933e-02	3.304742281023477501e-02	8.224457249313218976e-02
1.340062349182513572e+03	2.337233936198362116e-01	1.444359882787871752e-01	2.672597885558303243e-01	1.620338641220031850e-01	7.714656002926574552e-02	3.308099520200278448e-02	8.231941019220714861e-02
1.342481234289341273e+03	2.334394707767692145e-01	1.442491935834576688e-01	2.674550943798970071e-01	1.621512065602536135e-01	7.719650553747078869e-02	3.311448823501948052e-02	8.239404092706467675e-02
1.344900119396168748e+03	2.331563512750234879e-01	1.440629275181654623e-01	2.676498313351718394e-01	1.622682103794061692e-01	7.724631218814820288e-02	3.314790203814481362e-02	8.246846526587248150e-02
1.347319004502996449e+03	2.328740328383950842e-01	1.438771885843594112e-01	2.678440010416132111e-01	1.623848766444482283e-01	7.729598037521709375e-02	3.318123674052535915e-02	8.254268377537406221e-02
1.349737889609823924e+03	2.325925131971507409e-01	1.436919752877535150e-01	2.680376051145843541e-01	1.625012064164761683e-01	7.734551049148766233e-02	3.321449247158902301e-02	8.261669702089097234e-02
1.352156774716651853e+03	2.323117900880093400e-01	1.435072861383146492e-01	2.682306451648664436e-01	1.626172007527132979e-01	7.739490292866404997e-02	3.324766936103974724e-02	8.269050556632488724e-02
1.354575659823479100e+03	2.320318612541233949e-01	1.433231196502502969e-01	2.684231227986715318e-01	1.627328607065276767e-01	7.744415807734726653e-02	3.328076753885230582e-02	8.276410997415989401e-02
1.356994544930307029e+03	2.317527244450606483e-01	1.431394743419964477e-01	2.686150396176554822e-01	1.628481873274499336e-01	7.749327632703810476e-02	3.331378713526710056e-02	8.283751080546461476e-02
1.359413430037134731e+03	2.314743774167856427e-01	1.429563487362053575e-01	2.688063972189309592e-01	1.629631816611907813e-01	7.754225806614001293e-02	3.334672828078504014e-02	8.291070861989449647e-02
1.361832315143962205e+03	2.311968179316413463e-01	1.427737413597334470e-01	2.689971971950805285e-01	1.630778447496585848e-01	7.759110368196196761e-02	3.337959110616244701e-02	8.298370397569397594e-02
1.364251200250789907e+03	2.309200437583309728e-01	1.425916507436292280e-01	2.691874411341690920e-01	1.631921776309767924e-01	7.763981356072140183e-02	3.341237574240598501e-02	8.305649742969876959e-02
1.366670085357617609e+03	2.306440526718997464e-01	1.424100754231213128e-01	2.693771306197571547e-01	1.633061813395012829e-01	7.768838808754703618e-02	3.344508232076770504e-02	8.312908953733805228e-02
1.369088970464445310e+03	2.303688424537165547e-01	1.422290139376062856e-01	2.695662672309134256e-01	1.634198569058375183e-01	7.773682764648179311e-02	3.347771097274003516e-02	8.320148085263671944e-02
1.371507855571272785e+03	2.300944108914560193e-01	1.420484648306368780e-01	2.697548525422274746e-01	1.635332053568576971e-01	7.778513262048561416e-02	3.351026183005091641e-02	8.327367192821774622e-02
1.373926740678100487e+03	2.298207557790804267e-01	1.418684266499098956e-01	2.699428881238226663e-01	1.636462277157177403e-01	7.783330339143836041e-02	3.354273502465887624e-02	8.334566331530432470e-02
1.376345625784927961e+03	2.295478749168215760e-01	1.416888979472543941e-01	2.701303755413688168e-01	1.637589250018743614e-01	7.788134034014262963e-02	3.357513068874825451e-02	8.341745556372223702e-02
1.378764510891755890e+03	2.292757661111629597e-01	1.415098772786197445e-01	2.703173163560947390e-01	1.638712982311016086e-01	7.792924384632665680e-02	3.360744895472438792e-02	8.348904922190213129e-02
1.381183395998583137e+03	2.290044271748216953e-01	1.413313632040638645e-01	2.705037121248008991e-01	1.639833484155078791e-01	7.797701428864714512e-02	3.363968995520886379e-02	8.356044483688182534e-02
1.383602281105411066e+03	2.287338559267308724e-01	1.411533542877414227e-01	2.706895643998719625e-01	1.640950765635523501e-01	7.802465204469208326e-02	3.367185382303483632e-02	8.363164295430856876e-02
1.386021166212238768e+03	2.284640501920215672e-01	1.409758490978919032e-01	2.708748747292895609e-01	1.642064836800616046e-01	7.807215749098356250e-02	3.370394069124237058e-02	8.370264411844145769e-02
1.388440051319066470e+03	2.281950078020051897e-01	1.407988462068281987e-01	2.710596446566445050e-01	1.643175707662460350e-01	7.811953100298067720e-02	3.373595069307380734e-02	8.377344887215365521e-02
1.390858936425893944e+03	2.279267265941557208e-01	1.406223441909245919e-01	2.712438757211493301e-01	1.644283388197161633e-01	7.816677295508228651e-02	3.376788396196919728e-02	8.384405775693483387e-02
1.393277821532721646e+03	2.276592044120921421e-01	1.404463416306052370e-01	2.714275694576507858e-01	1.645387888344989058e-01	7.821388372062987315e-02	3.379974063156176989e-02	8.391447131289342387e-02
1.395696706639549120e+03	2.273924391055607841e-01	1.402708371103325857e-01	2.716107273966422708e-01	1.646489218010537270e-01	7.826086367191030513e-02	3.383152083567343704e-02	8.398469007875902781e-02
1.398115591746377049e+03	2.271264285304177843e-01	1.400958292185956744e-01	2.717933510642761008e-01	1.647587387062887931e-01	7.830771318015872229e-02	3.386322470831033132e-02	8.405471459188477990e-02
1.400534476853204296e+03	2.268611705486115737e-01	1.399213165478986609e-01	2.719754419823758873e-01	1.648682405335767376e-01	7.835443261556122863e-02	3.389485238365839287e-02	8.412454538824969130e-02
1.402953361960032225e+03	2.265966630281655014e-01	1.397472976947491674e-01	2.721570016684489168e-01	1.649774282627707034e-01	7.840102234725783437e-02	3.392640399607900481e-02	8.419418300246102327e-02
1.405372247066859927e+03	2.263329038431603768e-01	1.395737712596469560e-01	2.723380316356983077e-01	1.650863028702200530e-01	7.844748274334509275e-02	3.395787968010465646e-02	8.426362796775671571e-02
1.407791132173687402e+03	2.260698908737172330e-01	1.394007358470723545e-01	2.725185333930351117e-01	1.651948653287861057e-01	7.849381417087900048e-02	3.398927957043463427e-02	8.433288081600771868e-02
1.410210017280515103e+03	2.258076220059797856e-01	1.392281900654748772e-01	2.726985084450908592e-01	1.653031166078576808e-01	7.854001699587771779e-02	3.402060380193077521e-02	8.440194207772044876e-02
1.412628902387342805e+03	2.255460951320975016e-01	1.390561325272618165e-01	2.728779582922293279e-01	1.654110576733666682e-01	7.858609158332438560e-02	3.405185250961324794e-02	8.447081228203913439e-02
1.415047787494170507e+03	2.252853081502082522e-01	1.388845618487868638e-01	2.730568844305589216e-01	1.655186894878034332e-01	7.863203829716984561e-02	3.408302582865636865e-02	8.453949195674831385e-02
1.417466672600997981e+03	2.250252589644211598e-01	1.387134766503388683e-01	2.732352883519447717e-01	1.656260130102321371e-01	7.867785750033545744e-02	3.411412389438447934e-02	8.460798162827516677e-02
1.419885557707825683e+03	2.247659454847995564e-01	1.385428755561304570e-01	2.734131715440203947e-01	1.657330291963060309e-01	7.872354955471580484e-02	3.414514684226779145e-02	8.467628182169199824e-02
1.422304442814653157e+03	2.245073656273438856e-01	1.383727571942867940e-01	2.735905354902002373e-01	1.658397389982826098e-01	7.876911482118147123e-02	3.417609480791836130e-02	8.474439306071863964e-02
1.424723327921481086e+03	2.242495173139747999e-01	1.382031201968343948e-01	2.737673816696913343e-01	1.659461433650386286e-01	7.881455365958184300e-02	3.420696792708605161e-02	8.481231586772494668e-02
1.427142213028308333e+03	2.239923984725161743e-01	1.380339631996898853e-01	2.739437115575053538e-01	1.660522432420851735e-01	7.885986642874773245e-02	3.423776633565453476e-02	8.488005076373314473e-02
1.429561098135136262e+03	2.237360070366781750e-01	1.378652848426488720e-01	2.741195266244705331e-01	1.661580395715825109e-01	7.890505348649422268e-02	3.426849016963731676e-02	8.494759826842036843e-02
1.431979983241963964e+03	2.234803409460405232e-01	1.376970837693748395e-01	2.742948283372434459e-01	1.662635332923549369e-01	7.895011518962335995e-02	3.429913956517384455e-02	8.501495890012110423e-02
1.434398868348791666e+03	2.232253981460355641e-01	1.375293586273879376e-01	2.744696181583209382e-01	1.663687253399055432e-01	7.899505189392683202e-02	3.432971465852561327e-02	8.508213317582960511e-02
1.436817753455619140e+03	2.229711765879316687e-01	1.373621080680540452e-01	2.746438975460519516e-01	1.664736166464307887e-01	7.903986395418878541e-02	3.436021558607229437e-02	8.514912161120244405e-02
1.439236638562446842e+03	2.227176742288163869e-01	1.371953307465737515e-01	2.748176679546493473e-01	1.665782081408351822e-01	7.908455172418846213e-02	3.439064248430794002e-02	8.521592472056088718e-02
1.441655523669274316e+03	2.224648890315799044e-01	1.370290253219712817e-01	2.749909308342015080e-01	1.666825007487456600e-01	7.912911555670291974e-02	3.442099548983720836e-02	8.528254301689348893e-02
1.444074408776102018e+03	2.222128189648984731e-01	1.368631904570834779e-01	2.751636876306841062e-01	1.667864953925260740e-01	7.917355580350976529e-02	3.445127473937158874e-02	8.534897701185850671e-02
1.446493293882929493e+03	2.219614620032177577e-01	1.366978248185490574e-01	2.753359397859718172e-01	1.668901929912914583e-01	7.921787281538983372e-02	3.448148036972573799e-02	8.541522721578637123e-02
1.448912178989757422e+03	2.217108161267363764e-01	1.365329270767974834e-01	2.755076887378499206e-01	1.669935944609223788e-01	7.926206694212988013e-02	3.451161251781376116e-02	8.548129413768222606e-02
1.451331064096585123e+03	2.214608793213894977e-01	1.363684959060383062e-01	2.756789359200259582e-01	1.670967007140789495e-01	7.930613853252524437e-02	3.454167132064558249e-02	8.554717828522845346e-02
1.453749949203412370e+03	2.212116495788323534e-01	1.362045299842502000e-01	2.758496827621412795e-01	1.671995126602150439e-01	7.935008793438255714e-02	3.457165691532335799e-02	8.561288016478714458e-02
1.456168834310240300e+03	2.209631248964239181e-01	1.360410279931701660e-01	2.760199306897827554e-01	1.673020312055922276e-01	7.939391549452246011e-02	3.460156943903786031e-02	8.567840028140258357e-02
1.458587719417068001e+03	2.207153032772106727e-01	1.358779886182827912e-01	2.761896811244937688e-01	1.674042572532937478e-01	7.943762155878214548e-02	3.463140902906497454e-02	8.574373913880382891e-02
1.461006604523895703e+03	2.204681827299102004e-01	1.357154105488095619e-01	2.763589354837863166e-01	1.675061917032383552e-01	7.948120647201815936e-02	3.466117582276215942e-02	8.580889723940719749e-02
1.463425489630723177e+03	2.202217612688950610e-01	1.355532924776979842e-01	2.765276951811520556e-01	1.676078354521940428e-01	7.952467057810899687e-02	3.469086995756499869e-02	8.587387508431877647e-02
1.465844374737550879e+03	2.199760369141766370e-01	1.353916331016110364e-01	2.766959616260740717e-01	1.677091893937917855e-01	7.956801421995772505e-02	3.472049157098373168e-02	8.593867317333696298e-02
1.468263259844378354e+03	2.197310076913888965e-01	1.352304311209165388e-01	2.768637362240377597e-01	1.678102544185391676e-01	7.961123773949467519e-02	3.475004080059986705e-02	8.600329200495504534e-02
1.470682144951206283e+03	2.194866716317724620e-01	1.350696852396764125e-01	2.770310203765425916e-01	1.679110314138338722e-01	7.965434147768007955e-02	3.477951778406277589e-02	8.606773207636367329e-02
1.473101030058033530e+03	2.192430267721585113e-01	1.349093941656362428e-01	2.771978154811133854e-01	1.680115212639772537e-01	7.969732577450669431e-02	3.480892265908636096e-02	8.613199388345342544e-02
1.475519915164861459e+03	2.190000711549528190e-01	1.347495566102146214e-01	2.773641229313112411e-01	1.681117248501876049e-01	7.974019096900242243e-02	3.483825556344574692e-02	8.619607792081734887e-02
1.477938800271689161e+03	2.187578028281197962e-01	1.345901712884925994e-01	2.775299441167453640e-01	1.682116430506135629e-01	7.978293739923297823e-02	3.486751663497397041e-02	8.625998468175352651e-02
1.480357685378516862e+03	2.185162198451666704e-01	1.344312369192033063e-01	2.776952804230836125e-01	1.683112767403473209e-01	7.982556540230441311e-02	3.489670601155874657e-02	8.632371465826760293e-02
1.482776570485344337e+03	2.182753202651274982e-01	1.342727522247214034e-01	2.778601332320644324e-01	1.684106267914378396e-01	7.986807531436586338e-02	3.492582383113922162e-02	8.638726834107537944e-02
