1.001418434226643626e+03	2.825955830535220037e-01	1.765372062742978365e-01	2.335077312402776828e-01	1.416748852910580669e-01	6.855988359011078170e-02	2.758197925508260387e-02	6.954273129558656563e-02
1.002869765290740247e+03	2.823420535288057032e-01	1.763704815568353790e-01	2.336839321170196826e-01	1.417813123955259380e-01	6.860415974468610234e-02	2.760945763264651895e-02	6.960860302441630731e-02
1.004321096354836754e+03	2.820889550390658362e-01	1.762040403848634806e-01	2.338598271516464377e-01	1.418875463717204910e-01	6.864836169594280835e-02	2.763690289468968483e-02	6.967436646200689254e-02
1.005772427418933376e+03	2.818362868494543316e-01	1.760378822748623340e-01	2.340354168665366996e-01	1.419935876205096481e-01	6.869248956918524995e-02	2.766431504225022944e-02	6.974002177713724271e-02
1.007223758483029997e+03	2.815840482263888278e-01	1.758720067441384427e-01	2.342107017831782934e-01	1.420994365417221350e-01	6.873654348951510618e-02	2.769169407660022203e-02	6.980556913839271183e-02
1.008675089547126618e+03	2.813322384375508411e-01	1.757064133108232062e-01	2.343856824221696444e-01	1.422050935341510891e-01	6.878052358183178727e-02	2.771903999924429582e-02	6.987100871416489223e-02
1.010126420611223239e+03	2.810808567518830459e-01	1.755411014938717262e-01	2.345603593032213330e-01	1.423105589955575012e-01	6.882442997083255964e-02	2.774635281191822553e-02	6.993634067265143417e-02
1.011577751675319632e+03	2.808299024395871091e-01	1.753760708130613633e-01	2.347347329451574816e-01	1.424158333226737405e-01	6.886826278101283727e-02	2.777363251658753265e-02	7.000156518185576826e-02
1.013029082739416367e+03	2.805793747721213593e-01	1.752113207889905433e-01	2.349088038659174482e-01	1.425209169112069962e-01	6.891202213666645926e-02	2.780087911544609769e-02	7.006668240958698057e-02
1.014480413803512761e+03	2.803292730221983442e-01	1.750468509430773700e-01	2.350825725825573254e-01	1.426258101558427749e-01	6.895570816188589802e-02	2.782809261091477235e-02	7.013169252345950733e-02
1.015931744867609382e+03	2.800795964637825541e-01	1.748826607975582648e-01	2.352560396112513275e-01	1.427305134502483142e-01	6.899932098056253682e-02	2.785527300564001260e-02	7.019659569089303774e-02
1.017383075931706003e+03	2.798303443720882577e-01	1.747187498754866897e-01	2.354292054672934009e-01	1.428350271870760524e-01	6.904286071638689182e-02	2.788242030249249437e-02	7.026139207911226425e-02
1.018834406995802851e+03	2.795815160235771146e-01	1.745551177007318155e-01	2.356020706650988061e-01	1.429393517579669870e-01	6.908632749284891739e-02	2.790953450456575696e-02	7.032608185514668819e-02
1.020285738059899245e+03	2.793331106959557886e-01	1.743917637979773005e-01	2.357746357182054775e-01	1.430434875535540606e-01	6.912972143323821428e-02	2.793661561517484654e-02	7.039066518583043941e-02
1.021737069123995752e+03	2.790851276681737270e-01	1.742286876927197914e-01	2.359469011392756055e-01	1.431474349634657139e-01	6.917304266064426554e-02	2.796366363785495260e-02	7.045514223780206808e-02
1.023188400188092373e+03	2.788375662204211070e-01	1.740658889112677021e-01	2.361188674400971355e-01	1.432511943763289941e-01	6.921629129795674185e-02	2.799067857636008960e-02	7.051951317750440595e-02
1.024639731252188767e+03	2.785904256341261154e-01	1.739033669807398264e-01	2.362905351315852942e-01	1.433547661797731354e-01	6.925946746786573738e-02	2.801766043466173001e-02	7.058377817118434427e-02
1.026091062316285615e+03	2.783437051919531169e-01	1.737411214290640882e-01	2.364619047237840055e-01	1.434581507604328066e-01	6.930257129286199191e-02	2.804460921694749628e-02	7.064793738489266728e-02
1.027542393380382237e+03	2.780974041778001560e-01	1.735791517849762100e-01	2.366329767258675276e-01	1.435613485039514969e-01	6.934560289523716836e-02	2.807152492761981130e-02	7.071199098448385789e-02
1.028993724444478858e+03	2.778515218767966810e-01	1.734174575780183247e-01	2.368037516461417857e-01	1.436643597949847362e-01	6.938856239708413032e-02	2.809840757129460423e-02	7.077593913561600059e-02
1.030445055508575479e+03	2.776060575753014348e-01	1.732560383385377267e-01	2.369742299920459816e-01	1.437671850172034804e-01	6.943144992029713636e-02	2.812525715279998173e-02	7.083978200375050382e-02
1.031896386572671872e+03	2.773610105609002896e-01	1.730948935976855119e-01	2.371444122701539814e-01	1.438698245532974429e-01	6.947426558657214535e-02	2.815207367717493386e-02	7.090351975415201680e-02
1.033347717636768493e+03	2.771163801224036938e-01	1.729340228874152452e-01	2.373142989861758978e-01	1.439722787849782026e-01	6.951700951740703849e-02	2.817885714966801569e-02	7.096715255188820737e-02
1.034799048700865114e+03	2.768721655498448397e-01	1.727734257404816565e-01	2.374838906449595333e-01	1.440745480929826738e-01	6.955968183410189687e-02	2.820560757573608093e-02	7.103068056182967882e-02
1.036250379764961508e+03	2.766283661344771105e-01	1.726131016904392523e-01	2.376531877504918511e-01	1.441766328570761868e-01	6.960228265775923739e-02	2.823232496104296704e-02	7.109410394864973393e-02
1.037701710829058356e+03	2.763849811687721370e-01	1.724530502716411229e-01	2.378221908059004464e-01	1.442785334560558741e-01	6.964481210928431809e-02	2.825900931145822886e-02	7.115742287682426392e-02
1.039153041893154750e+03	2.761420099464174105e-01	1.722932710192375261e-01	2.379909003134550449e-01	1.443802502677536959e-01	6.968727030938529077e-02	2.828566063305586534e-02	7.122063751063159587e-02
1.040604372957251599e+03	2.758994517623141185e-01	1.721337634691745555e-01	2.381593167745689743e-01	1.444817836690398816e-01	6.972965737857356183e-02	2.831227893211303928e-02	7.128374801415233997e-02
1.042055704021347992e+03	2.756573059125750347e-01	1.719745271581928914e-01	2.383274406898005515e-01	1.445831340358259554e-01	6.977197343716397271e-02	2.833886421510883186e-02	7.134675455126923693e-02
1.043507035085444613e+03	2.754155716945222987e-01	1.718155616238264127e-01	2.384952725588547207e-01	1.446843017430680112e-01	6.981421860527511902e-02	2.836541648872296234e-02	7.140965728566700532e-02
1.044958366149541234e+03	2.751742484066851957e-01	1.716568664044008929e-01	2.386628128805843574e-01	1.447852871647697937e-01	6.985639300282955877e-02	2.839193575983455994e-02	7.147245638083224439e-02
1.046409697213637855e+03	2.749333353487979914e-01	1.714984410390327507e-01	2.388300621529917400e-01	1.448860906739859733e-01	6.989849674955406211e-02	2.841842203552091481e-02	7.153515200005325370e-02
1.047861028277734476e+03	2.746928318217977116e-01	1.713402850676275790e-01	2.389970208732301316e-01	1.449867126428251995e-01	6.994052996497993058e-02	2.844487532305622207e-02	7.159774430641992204e-02
1.049312359341831097e+03	2.744527371278222549e-01	1.711823980308789794e-01	2.391636895376051120e-01	1.450871534424532372e-01	6.998249276844317746e-02	2.847129562991037449e-02	7.166023346282361650e-02
1.050763690405927491e+03	2.742130505702078391e-01	1.710247794702671742e-01	2.393300686415761325e-01	1.451874134430961305e-01	7.002438527908481924e-02	2.849768296374772039e-02	7.172261963195700196e-02
1.052215021470024112e+03	2.739737714534870583e-01	1.708674289280577019e-01	2.394961586797578756e-01	1.452874930140432841e-01	7.006620761585115320e-02	2.852403733242584588e-02	7.178490297631394401e-02
1.053666352534120733e+03	2.737348990833867735e-01	1.707103459473000573e-01	2.396619601459217541e-01	1.453873925236505993e-01	7.010795989749399326e-02	2.855035874399435708e-02	7.184708365818941178e-02
1.055117683598217127e+03	2.734964327668258366e-01	1.705535300718264702e-01	2.398274735329972984e-01	1.454871123393434440e-01	7.014964224257090597e-02	2.857664720669368316e-02	7.190916183967932529e-02
1.056569014662313975e+03	2.732583718119131477e-01	1.703969808462504898e-01	2.399926993330736558e-01	1.455866528276198169e-01	7.019125476944550190e-02	2.860290272895386204e-02	7.197113768268044443e-02
1.058020345726410369e+03	2.730207155279453235e-01	1.702406978159657636e-01	2.401576380374011443e-01	1.456860143540534558e-01	7.023279759628765773e-02	2.862912531939333996e-02	7.203301134889027180e-02
1.059471676790506763e+03	2.727834632254046987e-01	1.700846805271446771e-01	2.403222901363923913e-01	1.457851972832966692e-01	7.027427084107383537e-02	2.865531498681779879e-02	7.209478299980690008e-02
1.060923007854603611e+03	2.725466142159572169e-01	1.699289285267370497e-01	2.404866561196239982e-01	1.458842019790835554e-01	7.031567462158726245e-02	2.868147174021895562e-02	7.215645279672897039e-02
1.062374338918700232e+03	2.723101678124501546e-01	1.697734413624688021e-01	2.406507364758380119e-01	1.459830288042329727e-01	7.035700905541822370e-02	2.870759558877337969e-02	7.221802090075550573e-02
1.063825669982796853e+03	2.720741233289102334e-01	1.696182185828406241e-01	2.408145316929431179e-01	1.460816781206515924e-01	7.039827425996436627e-02	2.873368654184133356e-02	7.227948747278584163e-02
1.065277001046893474e+03	2.718384800805412893e-01	1.694632597371268368e-01	2.409780422580163062e-01	1.461801502893367299e-01	7.043947035243086630e-02	2.875974460896558310e-02	7.234085267351950121e-02
1.066728332110990095e+03	2.716032373837225511e-01	1.693085643753738379e-01	2.411412686573041753e-01	1.462784456703794533e-01	7.048059744983076191e-02	2.878576979987026302e-02	7.240211666345612584e-02
1.068179663175086489e+03	2.713683945560059763e-01	1.691541320483990196e-01	2.413042113762244034e-01	1.463765646229675810e-01	7.052165566898517535e-02	2.881176212445969720e-02	7.246327960289536407e-02
1.069630994239183110e+03	2.711339509161146410e-01	1.689999623077892699e-01	2.414668708993671364e-01	1.464745075053885681e-01	7.056264512652356269e-02	2.883772159281725034e-02	7.252434165193676063e-02
1.071082325303279504e+03	2.708999057839405755e-01	1.688460547058998340e-01	2.416292477104963476e-01	1.465722746750324768e-01	7.060356593888400534e-02	2.886364821520419344e-02	7.258530297047971480e-02
1.072533656367376352e+03	2.706662584805425986e-01	1.686924087958529273e-01	2.417913422925514200e-01	1.466698664883948899e-01	7.064441822231344592e-02	2.888954200205855541e-02	7.264616371822335550e-02
1.073984987431472746e+03	2.704330083281440977e-01	1.685390241315364024e-01	2.419531551276484505e-01	1.467672833010798539e-01	7.068520209286796585e-02	2.891540296399398510e-02	7.270692405466644415e-02
1.075436318495569594e+03	2.702001546501312523e-01	1.683859002676025562e-01	2.421146866970816103e-01	1.468645254678027645e-01	7.072591766641300737e-02	2.894123111179862720e-02	7.276758413910734691e-02
1.076887649559666215e+03	2.699676967710507580e-01	1.682330367594667697e-01	2.422759374813246713e-01	1.469615933423933374e-01	7.076656505862369273e-02	2.896702645643400853e-02	7.282814413064389591e-02
1.078338980623762609e+03	2.697356340166079947e-01	1.680804331633062032e-01	2.424369079600323107e-01	1.470584872777983831e-01	7.080714438498499075e-02	2.899278900903390008e-02	7.288860418817333375e-02
1.079790311687859230e+03	2.695039657136646949e-01	1.679280890360584921e-01	2.425975986120416095e-01	1.471552076260847497e-01	7.084765576079210536e-02	2.901851878090321371e-02	7.294896447039225795e-02
1.081241642751955851e+03	2.692726911902371123e-01	1.677760039354205257e-01	2.427580099153733573e-01	1.472517547384421532e-01	7.088809930115057278e-02	2.904421578351689542e-02	7.300922513579650996e-02
1.082692973816052472e+03	2.690418097754938009e-01	1.676241774198470869e-01	2.429181423472334955e-01	1.473481289651860926e-01	7.092847512097667784e-02	2.906988002851882205e-02	7.306938634268114741e-02
1.084144304880149093e+03	2.688113207997537835e-01	1.674726090485495478e-01	2.430779963840145330e-01	1.474443306557606526e-01	7.096878333499760660e-02	2.909551152772070493e-02	7.312944824914037467e-02
1.085595635944245487e+03	2.685812235944842752e-01	1.673212983814946486e-01	2.432375725012968781e-01	1.475403601587411961e-01	7.100902405775176562e-02	2.912111029310100740e-02	7.318941101306740415e-02
1.087046967008342108e+03	2.683515174922989632e-01	1.671702449794031653e-01	2.433968711738503099e-01	1.476362178218374455e-01	7.104919740358897617e-02	2.914667633680384159e-02	7.324927479215447013e-02
1.088498298072438729e+03	2.681222018269556751e-01	1.670194484037486604e-01	2.435558928756353103e-01	1.477319039918960908e-01	7.108930348667080734e-02	2.917220967113789282e-02	7.330903974389277322e-02
1.089949629136535123e+03	2.678932759333544911e-01	1.668689082167561233e-01	2.437146380798044520e-01	1.478274190149036493e-01	7.112934242097081194e-02	2.919771030857536490e-02	7.336870602557236942e-02
1.091400960200631971e+03	2.676647391475357463e-01	1.667186239814007487e-01	2.438731072587037862e-01	1.479227632359892686e-01	7.116931432027474858e-02	2.922317826175087688e-02	7.342827379428214229e-02
1.092852291264728365e+03	2.674365908066779762e-01	1.665685952614066601e-01	2.440313008838742581e-01	1.480179369994274186e-01	7.120921929818088691e-02	2.924861354346042913e-02	7.348774320690974748e-02
1.094303622328825213e+03	2.672088302490959189e-01	1.664188216212456328e-01	2.441892194260530669e-01	1.481129406486407230e-01	7.124905746810024365e-02	2.927401616666031742e-02	7.354711442014158496e-02
1.095754953392921607e+03	2.669814568142385158e-01	1.662693026261357343e-01	2.443468633551749702e-01	1.482077745262026514e-01	7.128882894325683228e-02	2.929938614446609552e-02	7.360638759046267410e-02
1.097206284457018228e+03	2.667544698426870253e-01	1.661200378420401580e-01	2.445042331403738112e-01	1.483024389738403781e-01	7.132853383668794067e-02	2.932472349015152399e-02	7.366556287415670923e-02
1.098657615521114849e+03	2.665278686761527460e-01	1.659710268356658636e-01	2.446613292499837111e-01	1.483969343324373080e-01	7.136817226124442248e-02	2.935002821714752241e-02	7.372464042730594858e-02
1.100108946585211470e+03	2.663016526574754073e-01	1.658222691744623833e-01	2.448181521515405690e-01	1.484912609420359908e-01	7.140774432959089146e-02	2.937530033904112853e-02	7.378362040579118653e-02
1.101560277649308091e+03	2.660758211306207266e-01	1.656737644266204623e-01	2.449747023117834488e-01	1.485854191418407300e-01	7.144725015420601288e-02	2.940053986957446783e-02	7.384250296529172586e-02
1.103011608713404712e+03	2.658503734406789110e-01	1.655255121610708646e-01	2.451309801966556901e-01	1.486794092702203030e-01	7.148668984738276722e-02	2.942574682264373007e-02	7.390128826128533612e-02
1.104462939777501106e+03	2.656253089338623252e-01	1.653775119474830413e-01	2.452869862713066840e-01	1.487732316647105701e-01	7.152606352122868605e-02	2.945092121229813190e-02	7.395997644904818424e-02
1.105914270841597499e+03	2.654006269575036603e-01	1.652297633562639645e-01	2.454427210000928172e-01	1.488668866620172782e-01	7.156537128766614353e-02	2.947606305273891072e-02	7.401856768365486228e-02
1.107365601905694348e+03	2.651763268600539902e-01	1.650822659585567120e-01	2.455981848465791928e-01	1.489603745980186134e-01	7.160461325843262004e-02	2.950117235831830470e-02	7.407706211997829027e-02
1.108816932969790741e+03	2.649524079910806629e-01	1.649350193262393294e-01	2.457533782735406847e-01	1.490536958077679219e-01	7.164378954508091035e-02	2.952624914353854310e-02	7.413545991268977176e-02
1.110268264033887590e+03	2.647288697012655234e-01	1.647880230319235251e-01	2.459083017429634366e-01	1.491468506254962356e-01	7.168290025897940121e-02	2.955129342305085061e-02	7.419376121625886888e-02
1.111719595097984211e+03	2.645057113424029160e-01	1.646412766489533941e-01	2.460629557160461944e-01	1.492398393846151305e-01	7.172194551131240436e-02	2.957630521165443074e-02	7.425196618495345791e-02
1.113170926162080832e+03	2.642829322673975745e-01	1.644947797514041410e-01	2.462173406532017494e-01	1.493326624177190864e-01	7.176092541308032313e-02	2.960128452429549792e-02	7.431007497283965979e-02
1.114622257226177226e+03	2.640605318302628457e-01	1.643485319140809697e-01	2.463714570140580484e-01	1.494253200565882067e-01	7.179984007509992994e-02	2.962623137606626086e-02	7.436808773378182635e-02
1.116073588290273847e+03	2.638385093861186914e-01	1.642025327125176404e-01	2.465253052574597481e-01	1.495178126321908829e-01	7.183868960800465775e-02	2.965114578220396507e-02	7.442600462144255413e-02
1.117524919354370468e+03	2.636168642911898008e-01	1.640567817229753034e-01	2.466788858414694363e-01	1.496101404746863206e-01	7.187747412224486376e-02	2.967602775808989360e-02	7.448382578928262887e-02
1.118976250418467089e+03	2.633955959028034255e-01	1.639112785224412505e-01	2.468321992233690199e-01	1.497023039134270650e-01	7.191619372808802368e-02	2.970087731924839561e-02	7.454155139056102553e-02
1.120427581482563710e+03	2.631747035793878253e-01	1.637660226886276660e-01	2.469852458596611400e-01	1.497943032769616933e-01	7.195484853561906480e-02	2.972569448134591841e-02	7.459918157833492214e-02
1.121878912546660331e+03	2.629541866804700478e-01	1.636210137999703773e-01	2.471380262060702826e-01	1.498861388930372296e-01	7.199343865474060189e-02	2.975047926019005334e-02	7.465671650545963045e-02
1.123330243610756725e+03	2.627340445666740965e-01	1.634762514356275787e-01	2.472905407175443604e-01	1.499778110886017812e-01	7.203196419517317317e-02	2.977523167172856089e-02	7.471415632458866529e-02
1.124781574674853118e+03	2.625142765997190430e-01	1.633317351754786373e-01	2.474427898482558785e-01	1.500693201898071205e-01	7.207042526645550395e-02	2.979995173204842349e-02	7.477150118817363356e-02
1.126232905738949967e+03	2.622948821424170296e-01	1.631874646001227891e-01	2.475947740516033224e-01	1.501606665220110715e-01	7.210882197794482584e-02	2.982463945737488797e-02	7.482875124846437298e-02
1.127684236803046360e+03	2.620758605586714918e-01	1.630434392908780006e-01	2.477464937802124345e-01	1.502518504097800911e-01	7.214715443881702939e-02	2.984929486407052537e-02	7.488590665750881337e-02
1.129135567867143209e+03	2.618572112134749386e-01	1.628996588297796089e-01	2.478979494859375743e-01	1.503428721768918785e-01	7.218542275806703878e-02	2.987391796863428720e-02	7.494296756715305985e-02
1.130586898931239830e+03	2.616389334729075089e-01	1.627561227995791282e-01	2.480491416198631061e-01	1.504337321463377342e-01	7.222362704450897841e-02	2.989850878770056869e-02	7.499993412904135126e-02
1.132038229995336451e+03	2.614210267041346958e-01	1.626128307837431675e-01	2.482000706323046202e-01	1.505244306403250576e-01	7.226176740677647814e-02	2.992306733803827556e-02	7.505680649461610177e-02
1.133489561059432845e+03	2.612034902754056809e-01	1.624697823664518759e-01	2.483507369728102099e-01	1.506149679802799568e-01	7.229984395332290925e-02	2.994759363654989764e-02	7.511358481511785923e-02
1.134940892123529466e+03	2.609863235560513361e-01	1.623269771325980548e-01	2.485011410901618867e-01	1.507053444868495240e-01	7.233785679242168976e-02	2.997208770027059294e-02	7.517026924158536072e-02
1.136392223187626087e+03	2.607695259164822255e-01	1.621844146677857146e-01	2.486512834323769128e-01	1.507955604799044169e-01	7.237580603216647868e-02	2.999654954636725435e-02	7.522685992485550477e-02
1.137843554251722708e+03	2.605530967281869392e-01	1.620420945583288530e-01	2.488011644467089389e-01	1.508856162785413013e-01	7.241369178047149524e-02	3.002097919213761110e-02	7.528335701556340687e-02
1.139294885315819101e+03	2.603370353637299850e-01	1.619000163912503731e-01	2.489507845796495311e-01	1.509755122010852657e-01	7.245151414507172705e-02	3.004537665500930932e-02	7.533976066414235784e-02
1.140746216379915950e+03	2.601213411967502886e-01	1.617581797542807232e-01	2.491001442769291974e-01	1.510652485650922361e-01	7.248927323352319374e-02	3.006974195253901000e-02	7.539607102082387935e-02
1.142197547444012343e+03	2.599060136019588074e-01	1.616165842358567584e-01	2.492492439835190532e-01	1.511548256873514462e-01	7.252696915320325233e-02	3.009407510241149039e-02	7.545228823563772391e-02
1.143648878508108737e+03	2.596910519551370866e-01	1.614752294251204645e-01	2.493980841436317653e-01	1.512442438838877412e-01	7.256460201131081922e-02	3.011837612243873849e-02	7.550841245841190263e-02
1.145100209572205586e+03	2.594764556331351502e-01	1.613341149119177365e-01	2.495466652007231056e-01	1.513335034699641313e-01	7.260217191486662003e-02	3.014264503055908914e-02	7.556444383877269910e-02
1.146551540636302207e+03	2.592622240138696688e-01	1.611932402867972680e-01	2.496949875974931177e-01	1.514226047600840397e-01	7.263967897071348101e-02	3.016688184483629770e-02	7.562038252614468326e-02
1.148002871700398828e+03	2.590483564763222391e-01	1.610526051410092196e-01	2.498430517758873926e-01	1.515115480679937732e-01	7.267712328551656498e-02	3.019108658345869348e-02	7.567622866975076690e-02
1.149454202764495449e+03	2.588348524005373297e-01	1.609122090665040528e-01	2.499908581770984295e-01	1.516003337066848533e-01	7.271450496576362110e-02	3.021525926473827423e-02	7.573198241861218982e-02
1.150905533828591842e+03	2.586217111676205604e-01	1.607720516559312807e-01	2.501384072415668847e-01	1.516889619883963480e-01	7.275182411776523472e-02	3.023939990710984918e-02	7.578764392154857532e-02
1.152356864892688463e+03	2.584089321597369260e-01	1.606321325026383862e-01	2.502856994089828757e-01	1.517774332246173419e-01	7.278908084765516040e-02	3.026350852913016823e-02	7.584321332717794406e-02
1.153808195956785084e+03	2.581965147601086308e-01	1.604924512006694337e-01	2.504327351182872863e-01	1.518657477260891564e-01	7.282627526139048846e-02	3.028758514947705108e-02	7.589869078391678348e-02
1.155259527020881706e+03	2.579844583530136459e-01	1.603530073447640425e-01	2.505795148076730428e-01	1.519539058028077094e-01	7.286340746475193642e-02	3.031162978694851989e-02	7.595407643998000613e-02
1.156710858084978327e+03	2.577727623237835997e-01	1.602138005303560542e-01	2.507260389145861690e-01	1.520419077640259020e-01	7.290047756334412654e-02	3.033564246046195970e-02	7.600937044338106074e-02
1.158162189149074720e+03	2.575614260588021120e-01	1.600748303535723671e-01	2.508723078757275071e-01	1.521297539182558944e-01	7.293748566259582178e-02	3.035962318905325794e-02	7.606457294193190444e-02
1.159613520213171569e+03	2.573504489455027411e-01	1.599360964112318262e-01	2.510183221270536613e-01	1.522174445732713821e-01	7.297443186776018942e-02	3.038357199187594754e-02	7.611968408324309987e-02
1.161064851277267962e+03	2.571398303723674283e-01	1.597975983008438905e-01	2.511640821037783855e-01	1.523049800361099826e-01	7.301131628391503703e-02	3.040748888820038812e-02	7.617470401472381525e-02
1.162516182341364356e+03	2.569295697289244451e-01	1.596593356206074954e-01	2.513095882403737491e-01	1.523923606130753727e-01	7.304813901596311776e-02	3.043137389741288820e-02	7.622963288358189371e-02
1.163967513405461204e+03	2.567196664057466715e-01	1.595213079694099145e-01	2.514548409705714138e-01	1.524795866097397312e-01	7.308490016863233851e-02	3.045522703901490727e-02	7.628447083682385332e-02
1.165418844469557826e+03	2.565101197944499312e-01	1.593835149468255108e-01	2.515998407273642434e-01	1.525666583309459590e-01	7.312159984647603750e-02	3.047904833262220919e-02	7.633921802125498424e-02
1.166870175533654447e+03	2.563009292876908818e-01	1.592459561531145429e-01	2.517445879430070255e-01	1.526535760808098163e-01	7.315823815387326179e-02	3.050283779796402611e-02	7.639387458347936255e-02
1.168321506597751068e+03	2.560920942791652388e-01	1.591086311892220273e-01	2.518890830490181365e-01	1.527403401627224211e-01	7.319481519502896161e-02	3.052659545488225004e-02	7.644844066989989195e-02
1.169772837661847461e+03	2.558836141636062766e-01	1.589715396567764893e-01	2.520333264761805969e-01	1.528269508793523024e-01	7.323133107397433728e-02	3.055032132333060715e-02	7.650291642671837311e-02
1.171224168725944082e+03	2.556754883367827191e-01	1.588346811580888529e-01	2.521773186545433476e-01	1.529134085326476489e-01	7.326778589456700574e-02	3.057401542337383898e-02	7.655730199993557306e-02
1.172675499790040703e+03	2.554677161954971298e-01	1.586980552961512192e-01	2.523210600134226933e-01	1.529997134238385847e-01	7.330417976049134754e-02	3.059767777518689752e-02	7.661159753535123906e-02
1.174126830854137097e+03	2.552602971375838581e-01	1.585616616746356455e-01	2.524645509814031907e-01	1.530858658534394179e-01	7.334051277525865942e-02	3.062130839905415070e-02	7.666580317856415416e-02
1.175578161918233945e+03	2.550532305619075957e-01	1.584254998978930629e-01	2.526077919863394250e-01	1.531718661212508048e-01	7.337678504220751519e-02	3.064490731536854973e-02	7.671991907497222041e-02
1.177029492982330339e+03	2.548465158683613785e-01	1.582895695709520545e-01	2.527507834553566202e-01	1.532577145263619711e-01	7.341299666450391836e-02	3.066847454463085890e-02	7.677394536977250050e-02
1.178480824046426733e+03	2.546401524578645881e-01	1.581538702995176626e-01	2.528935258148524157e-01	1.533434113671528487e-01	7.344914774514164912e-02	3.069201010744884717e-02	7.682788220796127332e-02
1.179932155110523581e+03	2.544341397323617859e-01	1.580184016899702781e-01	2.530360194904979210e-01	1.534289569412962684e-01	7.348523838694245858e-02	3.071551402453649368e-02	7.688172973433411717e-02
1.181383486174620202e+03	2.542284770948202710e-01	1.578831633493643638e-01	2.531782649072388813e-01	1.535143515457603192e-01	7.352126869255637409e-02	3.073898631671321754e-02	7.693548809348593753e-02
1.182834817238716823e+03	2.540231639492287474e-01	1.577481548854274551e-01	2.533202624892968990e-01	1.535995954768101801e-01	7.355723876446190745e-02	3.076242700490307985e-02	7.698915742981106425e-02
1.184286148302813444e+03	2.538181997005953261e-01	1.576133759065588280e-01	2.534620126601709877e-01	1.536846890300105906e-01	7.359314870496634631e-02	3.078583611013401347e-02	7.704273788750329310e-02
1.185737479366910065e+03	2.536135837549458039e-01	1.574788260218284441e-01	2.536035158426384051e-01	1.537696325002278763e-01	7.362899861620597619e-02	3.080921365353704242e-02	7.709622961055592749e-02
1.187188810431006686e+03	2.534093155193219427e-01	1.573445048409757296e-01	2.537447724587560960e-01	1.538544261816319758e-01	7.366478860014637198e-02	3.083255965634551510e-02	7.714963274276193106e-02
1.188640141495103080e+03	2.532053944017796376e-01	1.572104119744084094e-01	2.538857829298618585e-01	1.539390703676988270e-01	7.370051875858263379e-02	3.085587413989433411e-02	7.720294742771391383e-02
1.190091472559199701e+03	2.530018198113873074e-01	1.570765470332014524e-01	2.540265476765756758e-01	1.540235653512122549e-01	7.373618919313960907e-02	3.087915712561919643e-02	7.725617380880422935e-02
1.191542803623296322e+03	2.527985911582238954e-01	1.569429096290957948e-01	2.541670671188007158e-01	1.541079114242662473e-01	7.377180000527222559e-02	3.090240863505583704e-02	7.730931202922508572e-02
1.192994134687392716e+03	2.525957078533772604e-01	1.568094993744972854e-01	2.543073416757248295e-01	1.541921088782669258e-01	7.380735129626567192e-02	3.092562868983926225e-02	7.736236223196853168e-02
1.194445465751489564e+03	2.523931693089425110e-01	1.566763158824754365e-01	2.544473717658216616e-01	1.542761580039348213e-01	7.384284316723570274e-02	3.094881731170300715e-02	7.741532455982662320e-02
1.195896796815585958e+03	2.521909749380200627e-01	1.565433587667623971e-01	2.545871578068518715e-01	1.543600590913067894e-01	7.387827571912884694e-02	3.097197452247838281e-02	7.746819915539145118e-02
1.197348127879682352e+03	2.519891241547140837e-01	1.564106276417516206e-01	2.547267002158641325e-01	1.544438124297382586e-01	7.391364905272271302e-02	3.099510034409373727e-02	7.752098616105523865e-02
1.198799458943779200e+03	2.517876163741306073e-01	1.562781221224969763e-01	2.548659994091967973e-01	1.545274183079051455e-01	7.394896326862618330e-02	3.101819479857371650e-02	7.757368571901042398e-02
1.200250790007875821e+03	2.515864510123758668e-01	1.561458418247113622e-01	2.550050558024787861e-01	1.546108770138059918e-01	7.398421846727970541e-02	3.104125790803851162e-02	7.762629797124967479e-02
1.201702121071972442e+03	2.513856274865545748e-01	1.560137863647657053e-01	2.551438698106308633e-01	1.546941888347641014e-01	7.401941474895556983e-02	3.106428969470314758e-02	7.767882305956606837e-02
1.203153452136069063e+03	2.511851452147680352e-01	1.558819553596877405e-01	2.552824418478667479e-01	1.547773540574295115e-01	7.405455221375810415e-02	3.108729018087674073e-02	7.773126112555310552e-02
1.204604783200165684e+03	2.509850036161127007e-01	1.557503484271609839e-01	2.554207723276947228e-01	1.548603729677809904e-01	7.408963096162396456e-02	3.111025938896177720e-02	7.778361231060484937e-02
1.206056114264262078e+03	2.507852021106782292e-01	1.556189651855235112e-01	2.555588616629183574e-01	1.549432458511282307e-01	7.412465109232237170e-02	3.113319734145339468e-02	7.783587675591598087e-02
1.207507445328358699e+03	2.505857401195457634e-01	1.554878052537667643e-01	2.556967102656379498e-01	1.550259729921136809e-01	7.415961270545537443e-02	3.115610406093865040e-02	7.788805460248184043e-02
1.208958776392455093e+03	2.503866170647863765e-01	1.553568682515346355e-01	2.558343185472516934e-01	1.551085546747147659e-01	7.419451590045812728e-02	3.117897957009582721e-02	7.794014599109862218e-02
1.210410107456551941e+03	2.501878323694592954e-01	1.552261537991221352e-01	2.559716869184568977e-01	1.551909911822457189e-01	7.422936077659907095e-02	3.120182389169370504e-02	7.799215106236336015e-02
1.211861438520648335e+03	2.499893854576098751e-01	1.550956615174743092e-01	2.561088157892510986e-01	1.552732827973596907e-01	7.426414743298025145e-02	3.122463704859086003e-02	7.804406995667410862e-02
1.213312769584745183e+03	2.497912757542684881e-01	1.549653910281851565e-01	2.562457055689333352e-01	1.553554298020507762e-01	7.429887596853755605e-02	3.124741906373496719e-02	7.809590281422995606e-02
1.214764100648841804e+03	2.495935026854483041e-01	1.548353419534965192e-01	2.563823566661053710e-01	1.554374324776559013e-01	7.433354648204094917e-02	3.127016996016208916e-02	7.814764977503117771e-02
1.216215431712937971e+03	2.493960656781438745e-01	1.547055139162968329e-01	2.565187694886727487e-01	1.555192911048568771e-01	7.436815907209470833e-02	3.129288976099597885e-02	7.819931097887927729e-02
1.217666762777034819e+03	2.491989641603292449e-01	1.545759065401202115e-01	2.566549444438462335e-01	1.556010059636823706e-01	7.440271383713774334e-02	3.131557848944740291e-02	7.825088656537712573e-02
1.219118093841131440e+03	2.490021975609564842e-01	1.544465194491451698e-01	2.567908819381426455e-01	1.556825773335098750e-01	7.443721087544380444e-02	3.133823616881342700e-02	7.830237667392905831e-02
1.220569424905228061e+03	2.488057653099537136e-01	1.543173522681935139e-01	2.569265823773862478e-01	1.557640054930675699e-01	7.447165028512169049e-02	3.136086282247675661e-02	7.835378144374097187e-02
1.222020755969324682e+03	2.486096668382236086e-01	1.541884046227293970e-01	2.570620461667100232e-01	1.558452907204364579e-01	7.450603216411558205e-02	3.138345847390502930e-02	7.840510101382036634e-02
1.223472087033421303e+03	2.484139015776416770e-01	1.540596761388579594e-01	2.571972737105567286e-01	1.559264332930521968e-01	7.454035661020524950e-02	3.140602314665015549e-02	7.845633552297653912e-02
1.224923418097517697e+03	2.482184689610545947e-01	1.539311664433243299e-01	2.573322654126801723e-01	1.560074334877069868e-01	7.457462372100628900e-02	3.142855686434764539e-02	7.850748510982061279e-02
1.226374749161614318e+03	2.480233684222784007e-01	1.538028751635126257e-01	2.574670216761459907e-01	1.560882915805515969e-01	7.460883359397041392e-02	3.145105965071590820e-02	7.855854991276567389e-02
1.227826080225710712e+03	2.478285993960969713e-01	1.536748019274447041e-01	2.576015429033335358e-01	1.561690078470972520e-01	7.464298632638566300e-02	3.147353152955559979e-02	7.860953007002688397e-02
1.229277411289807560e+03	2.476341613182603263e-01	1.535469463637791077e-01	2.577358294959364304e-01	1.562495825622175760e-01	7.467708201537669177e-02	3.149597252474897052e-02	7.866042571962156282e-02
1.230728742353903954e+03	2.474400536254828253e-01	1.534193081018099258e-01	2.578698818549639560e-01	1.563300160001504513e-01	7.471112075790498075e-02	3.151838266025919211e-02	7.871123699936931339e-02
1.232180073418000802e+03	2.472462757554416690e-01	1.532918867714657685e-01	2.580037003807424401e-01	1.564103084344999617e-01	7.474510265076912685e-02	3.154076196012969846e-02	7.876196404689210506e-02
1.233631404482097196e+03	2.470528271467750669e-01	1.531646820033085721e-01	2.581372854729159227e-01	1.564904601382382243e-01	7.477902779060506544e-02	3.156311044848351954e-02	7.881260699961441241e-02
1.235082735546193817e+03	2.468597072390807667e-01	1.530376934285326562e-01	2.582706375304478219e-01	1.565704713837073880e-01	7.481289627388630625e-02	3.158542814952264993e-02	7.886316599476332623e-02
1.236534066610290438e+03	2.466669154729141666e-01	1.529109206789634190e-01	2.584037569516217658e-01	1.566503424426213542e-01	7.484670819692421095e-02	3.160771508752738962e-02	7.891364116936860906e-02
1.237985397674387059e+03	2.464744512897869000e-01	1.527843633870564211e-01	2.585366441340429811e-01	1.567300735860678584e-01	7.488046365586825681e-02	3.162997128685569176e-02	7.896403266026288947e-02
1.239436728738483680e+03	2.462823141321650033e-01	1.526580211858961922e-01	2.586692994746392360e-01	1.568096650845101081e-01	7.491416274670623099e-02	3.165219677194254511e-02	7.901434060408173143e-02
1.240888059802580301e+03	2.460905034434673622e-01	1.525318937091951488e-01	2.588017233696621733e-01	1.568891172077887808e-01	7.494780556526453585e-02	3.167439156729930094e-02	7.906456513726375923e-02
1.242339390866676695e+03	2.458990186680639900e-01	1.524059805912926224e-01	2.589339162146884199e-01	1.569684302251238561e-01	7.498139220720838327e-02	3.169655569751306939e-02	7.911470639605076849e-02
1.243790721930773088e+03	2.457078592512744464e-01	1.522802814671536387e-01	2.590658784046205865e-01	1.570476044051164477e-01	7.501492276804208603e-02	3.171868918724605330e-02	7.916476451648780943e-02
1.245242052994869937e+03	2.455170246393661715e-01	1.521547959723679178e-01	2.591976103336887660e-01	1.571266400157506349e-01	7.504839734310929378e-02	3.174079206123496533e-02	7.921473963442339505e-02
1.246693384058966330e+03	2.453265142795527931e-01	1.520295237431486812e-01	2.593291123954512556e-01	1.572055373243952670e-01	7.508181602759324280e-02	3.176286434429036187e-02	7.926463188550951500e-02
1.248144715123063179e+03	2.451363276199926278e-01	1.519044644163317637e-01	2.594603849827960551e-01	1.572842965978058505e-01	7.511517891651696421e-02	3.178490606129603935e-02	7.931444140520184372e-02
1.249596046187159800e+03	2.449464641097869044e-01	1.517796176293743360e-01	2.595914284879417555e-01	1.573629181021263534e-01	7.514848610474358925e-02	3.180691723720841663e-02	7.936416832875979599e-02
1.251047377251256421e+03	2.447569231989782379e-01	1.516549830203539340e-01	2.597222433024389265e-01	1.574414021028908983e-01	7.518173768697657133e-02	3.182889789705589667e-02	7.941381279124669346e-02
1.252498708315352815e+03	2.445677043385489358e-01	1.515305602279673758e-01	2.598528298171710604e-01	1.575197488650257605e-01	7.521493375775993584e-02	3.185084806593828366e-02	7.946337492752988951e-02
1.253950039379449436e+03	2.443788069804193885e-01	1.514063488915297073e-01	2.599831884223556822e-01	1.575979586528510057e-01	7.524807441147851605e-02	3.187276776902615849e-02	7.951285487228083870e-02
1.255401370443546057e+03	2.441902305774464876e-01	1.512823486509730364e-01	2.601133195075456817e-01	1.576760317300823500e-01	7.528115974235821684e-02	3.189465703156026122e-02	7.956225275997526325e-02
1.256852701507642678e+03	2.440019745834219322e-01	1.511585591468456169e-01	2.602432234616304241e-01	1.577539683598329356e-01	7.531418984446623666e-02	3.191651587885091512e-02	7.961156872489329184e-02
1.258304032571739299e+03	2.438140384530707028e-01	1.510349800203105719e-01	2.603729006728366380e-01	1.578317688046150802e-01	7.534716481171134517e-02	3.193834433627740221e-02	7.966080290111958451e-02
1.259755363635835920e+03	2.436264216420493678e-01	1.509116109131451444e-01	2.605023515287299141e-01	1.579094333263420247e-01	7.538008473784410524e-02	3.196014242928737342e-02	7.970995542254342980e-02
1.261206694699932314e+03	2.434391236069445852e-01	1.507884514677393373e-01	2.606315764162154269e-01	1.579869621863298212e-01	7.541294971645710887e-02	3.198191018339625880e-02	7.975902642285888355e-02
1.262658025764028707e+03	2.432521438052712981e-01	1.506655013270949139e-01	2.607605757215394338e-01	1.580643556452989706e-01	7.544575984098525478e-02	3.200364762418667075e-02	7.980801603556492152e-02
1.264109356828125556e+03	2.430654816954713748e-01	1.505427601348245104e-01	2.608893498302901626e-01	1.581416139633761431e-01	7.547851520470598430e-02	3.202535477730782815e-02	7.985692439396553655e-02
1.265560687892221949e+03	2.428791367369118326e-01	1.504202275351503582e-01	2.610178991273990334e-01	1.582187374000960378e-01	7.551121590073950340e-02	3.204703166847494566e-02	7.990575163116991897e-02
1.267012018956318798e+03	2.426931083898833108e-01	1.502979031729033688e-01	2.611462239971417132e-01	1.582957262144030208e-01	7.554386202204904643e-02	3.206867832346867869e-02	7.995449788009253989e-02
1.268463350020415419e+03	2.425073961155984337e-01	1.501757866935220231e-01	2.612743248231393367e-01	1.583725806646529566e-01	7.557645366144113974e-02	3.209029476813452658e-02	8.000316327345331768e-02
1.269914681084511813e+03	2.423219993761903113e-01	1.500538777430513726e-01	2.614022019883595616e-01	1.584493010086147902e-01	7.560899091156579599e-02	3.211188102838227060e-02	8.005174794377772907e-02
1.271366012148608434e+03	2.421369176347107910e-01	1.499321759681419008e-01	2.615298558751175673e-01	1.585258875034724069e-01	7.564147386491679170e-02	3.213343713018539105e-02	8.010025202339697559e-02
1.272817343212705055e+03	2.419521503551290420e-01	1.498106810160486080e-01	2.616572868650774986e-01	1.586023404058261865e-01	7.567390261383188932e-02	3.215496309958049137e-02	8.014867564444809467e-02
1.274268674276801676e+03	2.417676970023298899e-01	1.496893925346297893e-01	2.617844953392531870e-01	1.586786599716948909e-01	7.570627725049314249e-02	3.217645896266674299e-02	8.019701893887411226e-02
1.275720005340898297e+03	2.415835570421122069e-01	1.495683101723461750e-01	2.619114816780096500e-01	1.587548464565172457e-01	7.573859786692704876e-02	3.219792474560531637e-02	8.024528203842415386e-02
1.277171336404994690e+03	2.413997299411873576e-01	1.494474335782597363e-01	2.620382462610637564e-01	1.588309001151536337e-01	7.577086455500486872e-02	3.221936047461883279e-02	8.029346507465361105e-02
1.278622667469091539e+03	2.412162151671776722e-01	1.493267624020327144e-01	2.621647894674858370e-01	1.589068212018877879e-01	7.580307740644280645e-02	3.224076617599077460e-02	8.034156817892430802e-02
1.280073998533187932e+03	2.410330121886148091e-01	1.492062962939266213e-01	2.622911116757001282e-01	1.589826099704284568e-01	7.583523651280228706e-02	3.226214187606496475e-02	8.038959148240457098e-02
1.281525329597284326e+03	2.408501204749382840e-01	1.490860349048011568e-01	2.624172132634866039e-01	1.590582666739112083e-01	7.586734196549020648e-02	3.228348760124499783e-02	8.043753511606942241e-02
1.282976660661381175e+03	2.406675394964937209e-01	1.489659778861131267e-01	2.625430946079816419e-01	1.591337915648998458e-01	7.589939385575916742e-02	3.230480337799368495e-02	8.048539921070071990e-02
1.284427991725477568e+03	2.404852687245314924e-01	1.488461248899154987e-01	2.626687560856791892e-01	1.592091848953882949e-01	7.593139227470771524e-02	3.232608923283249863e-02	8.053318389688729484e-02
1.285879322789574417e+03	2.403033076312049432e-01	1.487264755688562923e-01	2.627941980724319282e-01	1.592844469168021582e-01	7.596333731328056005e-02	3.234734519234108013e-02	8.058088930502506353e-02
1.287330653853671038e+03	2.401216556895690857e-01	1.486070295761776905e-01	2.629194209434522755e-01	1.593595778800003249e-01	7.599522906226884034e-02	3.236857128315662191e-02	8.062851556531724917e-02
1.288781984917767431e+03	2.399403123735789067e-01	1.484877865657147356e-01	2.630444250733134925e-01	1.594345780352767472e-01	7.602706761231035892e-02	3.238976753197340269e-02	8.067606280777445127e-02
1.290233315981864052e+03	2.397592771580877025e-01	1.483687461918946626e-01	2.631692108359510174e-01	1.595094476323619392e-01	7.605885305388984663e-02	3.241093396554220463e-02	8.072353116221481217e-02
