1.001418434226643626e+03	2.825978800714821770e-01	1.765304337301603077e-01	2.335172484587421105e-01	1.416729929026320223e-01	6.855329902879836457e-02	2.759014432723792473e-02	6.953800148088394584e-02
1.003837319333471214e+03	2.821755567453665403e-01	1.762527313367009407e-01	2.338107903375665764e-01	1.418502272759440130e-01	6.862702886088813126e-02	2.763596818000300936e-02	6.964769726346753398e-02
1.006256204440298802e+03	2.817544294324418885e-01	1.759758156441728061e-01	2.341034834394556119e-01	1.420269260788757093e-01	6.870055296946979417e-02	2.768169976185268222e-02	6.975709267366816957e-02
1.008675089547126618e+03	2.813344947362935167e-01	1.756996844179142259e-01	2.343953301792882637e-01	1.422030911628034411e-01	6.877387193325619485e-02	2.772733907824537214e-02	6.986618849213560578e-02
1.011093974653954206e+03	2.809157492702519243e-01	1.754243354296261825e-01	2.346863329650831220e-01	1.423787243711031603e-01	6.884698632939720286e-02	2.777288613645565937e-02	6.997498549801935142e-02
1.013512859760782021e+03	2.804981896573627842e-01	1.751497664573554158e-01	2.349764941980177491e-01	1.425538275391958210e-01	6.891989673348297707e-02	2.781834094555591871e-02	7.008348446896597861e-02
1.015931744867609382e+03	2.800818125303567996e-01	1.748759752854773808e-01	2.352658162724484137e-01	1.427284024945921492e-01	6.899260371954719917e-02	2.786370351639814308e-02	7.019168618111647218e-02
1.018350629974437197e+03	2.796666145316203389e-01	1.746029597046792614e-01	2.355543015759296865e-01	1.429024510569372464e-01	6.906510786007037661e-02	2.790897386159589544e-02	7.029959140910367610e-02
1.020769515081264785e+03	2.792525923131656262e-01	1.743307175119430119e-01	2.358419524892336472e-01	1.430759750380549700e-01	6.913740972598308998e-02	2.795415199550639954e-02	7.040720092604974001e-02
1.023188400188092373e+03	2.788397425366010984e-01	1.740592465105282038e-01	2.361287713863694793e-01	1.432489762419918156e-01	6.920950988666926817e-02	2.799923793421279714e-02	7.051451550356374609e-02
1.025607285294920075e+03	2.784280618731024837e-01	1.737885445099550952e-01	2.364147606346028441e-01	1.434214564650606871e-01	6.928140890996947743e-02	2.804423169550651629e-02	7.062153591173932210e-02
1.028026170401747549e+03	2.780175470033833252e-01	1.735186093259875606e-01	2.366999225944750040e-01	1.435934174958841403e-01	6.935310736218421035e-02	2.808913329886981655e-02	7.072826291915233765e-02
1.030445055508575479e+03	2.776081946176663373e-01	1.732494387806160774e-01	2.369842596198221407e-01	1.437648611154375700e-01	6.942460580807717496e-02	2.813394276545844175e-02	7.083469729285872540e-02
1.032863940615402726e+03	2.772000014156540959e-01	1.729810307020405724e-01	2.372677740577945060e-01	1.439357890970919540e-01	6.949590481087861149e-02	2.817866011808444274e-02	7.094083979839223286e-02
1.035282825722230655e+03	2.767929641065008939e-01	1.727133829246535746e-01	2.375504682488756847e-01	1.441062032066561804e-01	6.956700493228855364e-02	2.822328538119911120e-02	7.104669119976242397e-02
1.037701710829058356e+03	2.763870794087836535e-01	1.724464932890230617e-01	2.378323445269013292e-01	1.442761052024195134e-01	6.963790673248017316e-02	2.826781858087606264e-02	7.115225225945256970e-02
1.040120595935886058e+03	2.759823440504738934e-01	1.721803596418754190e-01	2.381134052190784500e-01	1.444454968351932544e-01	6.970861077010306883e-02	2.831225974479447544e-02	7.125752373841777454e-02
1.042539481042713533e+03	2.755787547689090844e-01	1.719149798360785908e-01	2.383936526460042338e-01	1.446143798483523757e-01	6.977911760228665272e-02	2.835660890222241326e-02	7.136250639608296420e-02
1.044958366149541234e+03	2.751763083107647834e-01	1.716503517306248172e-01	2.386730891216849726e-01	1.447827559778768758e-01	6.984942778464335589e-02	2.840086608400035212e-02	7.146720099034110929e-02
1.047377251256368709e+03	2.747750014320263778e-01	1.713864731906138972e-01	2.389517169535548546e-01	1.449506269523928581e-01	6.991954187127207010e-02	2.844503132252477334e-02	7.157160827755149057e-02
1.049796136363196410e+03	2.743748308979611084e-01	1.711233420872360911e-01	2.392295384424947269e-01	1.451179944932131372e-01	6.998946041476138136e-02	2.848910465173193352e-02	7.167572901253788098e-02
1.052215021470024112e+03	2.739757934830906461e-01	1.708609562977551344e-01	2.395065558828509134e-01	1.452848603143778172e-01	7.005918396619296995e-02	2.853308610708174195e-02	7.177956394858699130e-02
1.054633906576851814e+03	2.735778859711630040e-01	1.705993137054913900e-01	2.397827715624537281e-01	1.454512261226944547e-01	7.012871307514494112e-02	2.857697572554180471e-02	7.188311383744683258e-02
1.057052791683679516e+03	2.731811051551252256e-01	1.703384121998048895e-01	2.400581877626362104e-01	1.456170936177779984e-01	7.019804828969511412e-02	2.862077354557152759e-02	7.198637942932517575e-02
1.059471676790506763e+03	2.727854478370959623e-01	1.700782496760782914e-01	2.403328067582525818e-01	1.457824644920903134e-01	7.026719015642443611e-02	2.866447960710642728e-02	7.208936147288808050e-02
1.061890561897334692e+03	2.723909108283379399e-01	1.698188240357001999e-01	2.406066308176968704e-01	1.459473404309796774e-01	7.033613922042028510e-02	2.870809395154251889e-02	7.219206071525852142e-02
1.064309447004162394e+03	2.719974909492309245e-01	1.695601331860483174e-01	2.408796622029212020e-01	1.461117231127198046e-01	7.040489602527982838e-02	2.875161662172084562e-02	7.229447790201502799e-02
1.066728332110990095e+03	2.716051850292446335e-01	1.693021750404723746e-01	2.411519031694543125e-01	1.462756142085487598e-01	7.047346111311335315e-02	2.879504766191214038e-02	7.239661377719029678e-02
1.069147217217817570e+03	2.712139899069117566e-01	1.690449475182775330e-01	2.414233559664198392e-01	1.464390153827073993e-01	7.054183502454765275e-02	2.883838711780160186e-02	7.249846908327005346e-02
1.071566102324645271e+03	2.708239024298009223e-01	1.687884485447075367e-01	2.416940228365545562e-01	1.466019282924777845e-01	7.061001829872939894e-02	2.888163503647378852e-02	7.260004456119181770e-02
1.073984987431472746e+03	2.704349194544901636e-01	1.685326760509279487e-01	2.419639060162266375e-01	1.467643545882211520e-01	7.067801147332843092e-02	2.892479146639766185e-02	7.270134095034379296e-02
1.076403872538300675e+03	2.700470378465399945e-01	1.682776279740093583e-01	2.422330077354538647e-01	1.469262959134157998e-01	7.074581508454118317e-02	2.896785645741171630e-02	7.280235898856379784e-02
1.078822757645127922e+03	2.696602544804672097e-01	1.680233022569108670e-01	2.425013302179217234e-01	1.470877539046944460e-01	7.081342966709400222e-02	2.901083006070926187e-02	7.290309941213818368e-02
1.081241642751955851e+03	2.692745662397181272e-01	1.677696968484631290e-01	2.427688756810014170e-01	1.472487301918816716e-01	7.088085575424653284e-02	2.905371232882380389e-02	7.300356295580094634e-02
1.083660527858783553e+03	2.688899700166422768e-01	1.675168097033520320e-01	2.430356463357680186e-01	1.474092263980308348e-01	7.094809387779507648e-02	2.909650331561455805e-02	7.310375035273276867e-02
1.086079412965611255e+03	2.685064627124663650e-01	1.672646387821018210e-01	2.433016443870182621e-01	1.475692441394608478e-01	7.101514456807599129e-02	2.913920307625206610e-02	7.320366233456017391e-02
1.088498298072438729e+03	2.681240412372678517e-01	1.670131820510586951e-01	2.435668720332885562e-01	1.477287850257927859e-01	7.108200835396898121e-02	2.918181166720395722e-02	7.330329963135469307e-02
1.090917183179266431e+03	2.677427025099490820e-01	1.667624374823741540e-01	2.438313314668728304e-01	1.478878506599859699e-01	7.114868576290052371e-02	2.922432914622078229e-02	7.340266297163214326e-02
1.093336068286093905e+03	2.673624434582111964e-01	1.665124030539885391e-01	2.440950248738403272e-01	1.480464426383742427e-01	7.121517732084722829e-02	2.926675557232201810e-02	7.350175308235189220e-02
1.095754953392921607e+03	2.669832610185284838e-01	1.662630767496145190e-01	2.443579544340533094e-01	1.482045625507015518e-01	7.128148355233916711e-02	2.930909100578213064e-02	7.360057068891620591e-02
1.098173838499749309e+03	2.666051521361223475e-01	1.660144565587207410e-01	2.446201223211849074e-01	1.483622119801575878e-01	7.134760498046331667e-02	2.935133550811679787e-02	7.369911651516966589e-02
1.100592723606577010e+03	2.662281137649357698e-01	1.657665404765152617e-01	2.448815307027365773e-01	1.485193925034130891e-01	7.141354212686687464e-02	2.939348914206921931e-02	7.379739128339854459e-02
1.103011608713404712e+03	2.658521428676077769e-01	1.655193265039293093e-01	2.451421817400558090e-01	1.486761056906548140e-01	7.147929551176063212e-02	2.943555197159654357e-02	7.389539571433038911e-02
1.105430493820231959e+03	2.654772364154480147e-01	1.652728126476008808e-01	2.454020775883536676e-01	1.488323531056204851e-01	7.154486565392234598e-02	2.947752406185642077e-02	7.399313052713349381e-02
1.107849378927059888e+03	2.651033913884109361e-01	1.650269969198584208e-01	2.456612203967222796e-01	1.489881363056334007e-01	7.161025307070013890e-02	2.951940547919362778e-02	7.409059643941649786e-02
1.110268264033887590e+03	2.647306047750710989e-01	1.647818773387046687e-01	2.459196123081522356e-01	1.491434568416366013e-01	7.167545827801584390e-02	2.956119629112685665e-02	7.418779416722802444e-02
1.112687149140715292e+03	2.643588735725974082e-01	1.645374519278002823e-01	2.461772554595500484e-01	1.492983162582272316e-01	7.174048179036836281e-02	2.960289656633556879e-02	7.428472442505636153e-02
1.115106034247542766e+03	2.639881947867284695e-01	1.642937187164477675e-01	2.464341519817554171e-01	1.494527160936903187e-01	7.180532412083705240e-02	2.964450637464697072e-02	7.438138792582917047e-02
1.117524919354370468e+03	2.636185654317471649e-01	1.640506757395752968e-01	2.466903039995587132e-01	1.496066578800324953e-01	7.186998578108506897e-02	2.968602578702311118e-02	7.447778538091327782e-02
1.119943804461197942e+03	2.632499825304558394e-01	1.638083210377205556e-01	2.469457136317179113e-01	1.497601431430154728e-01	7.193446728136279611e-02	2.972745487554805804e-02	7.457391750011449494e-02
1.122362689568025871e+03	2.628824431141514872e-01	1.635666526570146995e-01	2.472003829909760475e-01	1.499131734021891538e-01	7.199876913051113381e-02	2.976879371341519670e-02	7.466978499167745142e-02
1.124781574674853118e+03	2.625159442226007722e-01	1.633256686491662835e-01	2.474543141840782057e-01	1.500657501709247443e-01	7.206289183596491232e-02	2.981004237491463940e-02	7.476538856228549801e-02
1.127200459781681047e+03	2.621504829040157136e-01	1.630853670714453585e-01	2.477075093117887261e-01	1.502178749564475890e-01	7.212683590375623677e-02	2.985120093542072833e-02	7.486072891706069266e-02
1.129619344888508749e+03	2.617860562150285952e-01	1.628457459866674006e-01	2.479599704689081918e-01	1.503695492598695893e-01	7.219060183851788715e-02	2.989226947137963233e-02	7.495580675956374506e-02
1.132038229995336451e+03	2.614226612206677625e-01	1.626068034631774906e-01	2.482116997442903317e-01	1.505207745762216776e-01	7.225419014348662128e-02	2.993324806029706853e-02	7.505062279179408602e-02
1.134457115102163925e+03	2.610602949943330864e-01	1.623685375748343540e-01	2.484626992208591456e-01	1.506715523944859303e-01	7.231760132050654710e-02	2.997413678072610721e-02	7.514517771418989522e-02
1.136876000208991627e+03	2.606989546177713724e-01	1.621309464009946244e-01	2.487129709756256968e-01	1.508218841976274316e-01	7.238083587003255048e-02	3.001493571225509471e-02	7.523947222562824000e-02
1.139294885315819101e+03	2.603386371810525457e-01	1.618940280264969389e-01	2.489625170797049036e-01	1.509717714626260809e-01	7.244389429113357037e-02	3.005564493549565605e-02	7.533350702342526961e-02
1.141713770422646803e+03	2.599793397825450603e-01	1.616577805416462288e-01	2.492113395983325541e-01	1.511212156605079571e-01	7.250677708149597112e-02	3.009626453207081206e-02	7.542728280333632629e-02
1.144132655529474505e+03	2.596210595288918621e-01	1.614222020421981207e-01	2.494594405908817092e-01	1.512702182563767928e-01	7.256948473742695638e-02	3.013679458460317984e-02	7.552080025955625053e-02
1.146551540636302207e+03	2.592637935349863532e-01	1.611872906293429775e-01	2.497068221108798003e-01	1.514187807094449223e-01	7.263201775385784431e-02	3.017723517670330494e-02	7.561406008471963092e-02
1.148970425743129908e+03	2.589075389239484659e-01	1.609530444096906043e-01	2.499534862060248941e-01	1.515669044730642012e-01	7.269437662434745373e-02	3.021758639295804225e-02	7.570706296990112327e-02
1.151389310849957155e+03	2.585522928271006271e-01	1.607194614952544010e-01	2.501994349182026234e-01	1.517145909947567317e-01	7.275656184108544866e-02	3.025784831891907556e-02	7.579980960461579764e-02
1.153808195956785084e+03	2.581980523839442210e-01	1.604865400034360123e-01	2.504446702835024796e-01	1.518618417162452272e-01	7.281857389489569676e-02	3.029802104109149616e-02	7.589230067681954073e-02
1.156227081063612786e+03	2.578448147421354975e-01	1.602542780570096193e-01	2.506891943322345773e-01	1.520086580734834325e-01	7.288041327523958612e-02	3.033810464692252018e-02	7.598453687290944447e-02
1.158645966170440488e+03	2.574925770574620909e-01	1.600226737841065894e-01	2.509330090889458909e-01	1.521550414966860998e-01	7.294208047021936980e-02	3.037809922479024760e-02	7.607651887772433341e-02
1.161064851277267962e+03	2.571413364938195945e-01	1.597917253182000730e-01	2.511761165724367695e-01	1.523009934103589091e-01	7.300357596658155201e-02	3.041800486399256348e-02	7.616824737454520877e-02
1.163483736384095664e+03	2.567910902231876347e-01	1.595614307980895707e-01	2.514185187957773127e-01	1.524465152333280282e-01	7.306490024972014941e-02	3.045782165473610512e-02	7.625972304509580357e-02
1.165902621490923138e+03	2.564418354256068899e-01	1.593317883678855851e-01	2.516602177663236350e-01	1.525916083787698663e-01	7.312605380368007724e-02	3.049754968812532288e-02	7.635094656954319325e-02
1.168321506597751068e+03	2.560935692891554427e-01	1.591027961769944099e-01	2.519012154857341867e-01	1.527362742542400509e-01	7.318703711116046617e-02	3.053718905615163126e-02	7.644191862649833691e-02
1.170740391704578315e+03	2.557462890099255204e-01	1.588744523801027542e-01	2.521415139499860736e-01	1.528805142617027657e-01	7.324785065351797908e-02	3.057673985168267092e-02	7.653263989301678505e-02
1.173159276811406244e+03	2.553999917920003471e-01	1.586467551371625873e-01	2.523811151493909333e-01	1.530243297975595884e-01	7.330849491077015556e-02	3.061620216845163667e-02	7.662311104459929023e-02
1.175578161918233945e+03	2.550546748474310510e-01	1.584197026133759290e-01	2.526200210686113112e-01	1.531677222526781901e-01	7.336897036159872876e-02	3.065557610104669914e-02	7.671333275519261197e-02
1.177997047025061647e+03	2.547103353962135719e-01	1.581932929791797782e-01	2.528582336866767588e-01	1.533106930124208123e-01	7.342927748335291438e-02	3.069486174490052358e-02	7.680330569719015510e-02
1.180415932131889122e+03	2.543669706662654018e-01	1.579675244102310694e-01	2.530957549769997650e-01	1.534532434566727999e-01	7.348941675205279689e-02	3.073405919627987190e-02	7.689303054143283023e-02
1.182834817238716823e+03	2.540245778934032139e-01	1.577423950873914349e-01	2.533325869073916881e-01	1.535953749598705786e-01	7.354938864239254914e-02	3.077316855227529846e-02	7.698250795720980311e-02
1.185253702345544298e+03	2.536831543213193818e-01	1.575179031967123555e-01	2.535687314400789094e-01	1.537370888910297440e-01	7.360919362774383246e-02	3.081218991079091168e-02	7.707173861225941058e-02
1.187672587452371999e+03	2.533426972015597189e-01	1.572940469294201449e-01	2.538041905317185987e-01	1.538783866137728162e-01	7.366883218015904400e-02	3.085112337053424678e-02	7.716072317276996551e-02
1.190091472559199701e+03	2.530032037935004419e-01	1.570708244819011001e-01	2.540389661334145344e-01	1.540192694863568579e-01	7.372830477037460584e-02	3.088996903100621125e-02	7.724946230338071429e-02
1.192510357666027403e+03	2.526646713643256881e-01	1.568482340556865140e-01	2.542730601907330912e-01	1.541597388617009790e-01	7.378761186781436499e-02	3.092872699249111720e-02	7.733795666718273898e-02
1.194929242772855105e+03	2.523270971890049230e-01	1.566262738574379088e-01	2.545064746437186720e-01	1.542997960874134822e-01	7.384675394059275755e-02	3.096739735604679689e-02	7.742620692571991481e-02
1.197348127879682352e+03	2.519904785502703470e-01	1.564049420989322148e-01	2.547392114269098062e-01	1.544394425058190634e-01	7.390573145551818102e-02	3.100598022349479801e-02	7.751421373898997880e-02
1.199767012986510281e+03	2.516548127385946354e-01	1.561842369970470601e-01	2.549712724693545818e-01	1.545786794539856235e-01	7.396454487809629719e-02	3.104447569741066934e-02	7.760197776544548731e-02
1.202185898093337983e+03	2.513200970521684563e-01	1.559641567737459489e-01	2.552026596946263548e-01	1.547175082637510524e-01	7.402319467253325180e-02	3.108288388111432599e-02	7.768949966199489854e-02
1.204604783200165684e+03	2.509863287968782108e-01	1.557446996560637731e-01	2.554333750208392373e-01	1.548559302617498745e-01	7.408168130173900523e-02	3.112120487866048418e-02	7.777678008400369658e-02
1.207023668306993159e+03	2.506535052862837731e-01	1.555258638760919909e-01	2.556634203606638622e-01	1.549939467694394502e-01	7.414000522733057985e-02	3.115943879482920703e-02	7.786381968529543229e-02
1.209442553413820860e+03	2.503216238415964523e-01	1.553076476709641940e-01	2.558927976213424271e-01	1.551315591031263430e-01	7.419816690963534911e-02	3.119758573511649535e-02	7.795061911815294453e-02
1.211861438520648335e+03	2.499906817916567880e-01	1.550900492828415078e-01	2.561215087047047922e-01	1.552687685739923551e-01	7.425616680769432654e-02	3.123564580572497223e-02	7.803717903331945649e-02
1.214280323627476264e+03	2.496606764729125683e-01	1.548730669588980202e-01	2.563495555071833576e-01	1.554055764881203394e-01	7.431400537926539929e-02	3.127361911355466123e-02	7.812350007999985246e-02
1.216699208734303511e+03	2.493316052293968466e-01	1.546566989513064594e-01	2.565769399198284950e-01	1.555419841465200403e-01	7.437168308082657553e-02	3.131150576619380621e-02	7.820958290586185746e-02
1.219118093841131440e+03	2.490034654127062097e-01	1.544409435172236778e-01	2.568036638283241468e-01	1.556779928451535455e-01	7.442920036757931512e-02	3.134930587190983692e-02	7.829542815703731395e-02
1.221536978947959142e+03	2.486762543819787674e-01	1.542257989187762746e-01	2.570297291130028139e-01	1.558136038749607655e-01	7.448655769345167987e-02	3.138701953964029984e-02	7.838103647812344477e-02
1.223955864054786844e+03	2.483499695038724753e-01	1.540112634230463018e-01	2.572551376488609320e-01	1.559488185218844969e-01	7.454375551110170584e-02	3.142464687898399722e-02	7.846640851218417145e-02
1.226374749161614318e+03	2.480246081525435131e-01	1.537973353020569978e-01	2.574798913055738048e-01	1.560836380668956802e-01	7.460079427192052581e-02	3.146218800019210532e-02	7.855154490075143270e-02
1.228793634268442020e+03	2.477001677096245524e-01	1.535840128327584653e-01	2.577039919475111462e-01	1.562180637860182131e-01	7.465767442603570003e-02	3.149964301415941054e-02	7.863644628382658597e-02
1.231212519375269494e+03	2.473766455642032736e-01	1.533712942970134607e-01	2.579274414337519028e-01	1.563520969503537361e-01	7.471439642231436640e-02	3.153701203241559420e-02	7.872111329988173978e-02
1.233631404482097196e+03	2.470540391128008550e-01	1.531591779815832943e-01	2.581502416180993520e-01	1.564857388261061411e-01	7.477096070836658503e-02	3.157429516711662137e-02	7.880554658586116923e-02
1.236050289588924898e+03	2.467323457593505742e-01	1.529476621781136747e-01	2.583723943490961461e-01	1.566189906746061067e-01	7.482736773054846080e-02	3.161149253103619911e-02	7.888974677718281481e-02
1.238469174695752372e+03	2.464115629151764353e-01	1.527367451831204981e-01	2.585939014700393002e-01	1.567518537523353572e-01	7.488361793396540456e-02	3.164860423755726931e-02	7.897371450773965629e-02
1.240888059802580301e+03	2.460916879989718531e-01	1.525264252979760538e-01	2.588147648189950134e-01	1.568843293109507264e-01	7.493971176247538057e-02	3.168563040066362663e-02	7.905745040990123929e-02
1.243306944909407548e+03	2.457727184367784756e-01	1.523167008288947299e-01	2.590349862288136573e-01	1.570164185973081383e-01	7.499564965869208455e-02	3.172257113493159864e-02	7.914095511451516018e-02
1.245725830016235477e+03	2.454546516619649510e-01	1.521075700869193303e-01	2.592545675271444860e-01	1.571481228534865049e-01	7.505143206398817712e-02	3.175942655552174698e-02	7.922422925090860657e-02
1.248144715123063179e+03	2.451374851152058609e-01	1.518990313879069187e-01	2.594735105364506245e-01	1.572794433168113182e-01	7.510705941849843414e-02	3.179619677817068640e-02	7.930727344688989766e-02
1.250563600229890881e+03	2.448212162444607376e-01	1.516910830525150522e-01	2.596918170740236675e-01	1.574103812198781593e-01	7.516253216112300795e-02	3.183288191918299398e-02	7.939008832875010802e-02
1.252982485336718355e+03	2.445058425049529693e-01	1.514837234061879312e-01	2.599094889519983353e-01	1.575409377905761521e-01	7.521785072953060536e-02	3.186948209542311838e-02	7.947267452126455245e-02
1.255401370443546057e+03	2.441913613591489562e-01	1.512769507791425494e-01	2.601265279773674055e-01	1.576711142521111109e-01	7.527301556016166573e-02	3.190599742430741403e-02	7.955503264769452076e-02
1.257820255550373531e+03	2.438777702767372935e-01	1.510707635063549825e-01	2.603429359519959796e-01	1.578009118230286334e-01	7.532802708823152504e-02	3.194242802379623769e-02	7.963716332978885981e-02
1.260239140657201460e+03	2.435650667346079268e-01	1.508651599275466215e-01	2.605587146726364711e-01	1.579303317172370547e-01	7.538288574773369111e-02	3.197877401238610057e-02	7.971906718778562495e-02
1.262658025764028707e+03	2.432532482168314747e-01	1.506601383871705724e-01	2.607738659309427054e-01	1.580593751440301509e-01	7.543759197144286888e-02	3.201503550910187595e-02	7.980074484041378702e-02
1.265076910870856636e+03	2.429423122146384950e-01	1.504556972343978893e-01	2.609883915134848520e-01	1.581880433081098991e-01	7.549214619091826339e-02	3.205121263348910399e-02	7.988219690489495317e-02
1.267495795977684338e+03	2.426322562263988902e-01	1.502518348231040302e-01	2.612022932017635801e-01	1.583163374096088760e-01	7.554654883650668840e-02	3.208730550560633804e-02	7.996342399694503222e-02
1.269914681084511813e+03	2.423230777576014794e-01	1.500485495118553392e-01	2.614155727722244915e-01	1.584442586441127121e-01	7.560080033734570271e-02	3.212331424601758828e-02	8.004442673077601100e-02
1.272333566191339514e+03	2.420147743208334590e-01	1.498458396638955303e-01	2.616282319962727199e-01	1.585718082026822129e-01	7.565490112136685763e-02	3.215923897578477214e-02	8.012520571909774458e-02
1.274752451298167216e+03	2.417073434357599193e-01	1.496437036471320592e-01	2.618402726402870306e-01	1.586989872718755079e-01	7.570885161529872232e-02	3.219507981646032441e-02	8.020576157311967713e-02
1.277171336404994690e+03	2.414007826291034997e-01	1.494421398341228835e-01	2.620516964656343095e-01	1.588257970337699498e-01	7.576265224467011727e-02	3.223083689007975872e-02	8.028609490255268766e-02
1.279590221511822392e+03	2.410950894346242657e-01	1.492411466020628907e-01	2.622625052286835512e-01	1.589522386659839859e-01	7.581630343381320913e-02	3.226651031915438173e-02	8.036620631561088024e-02
1.282009106618650094e+03	2.407902613930992253e-01	1.490407223327706310e-01	2.624727006808203478e-01	1.590783133416986961e-01	7.586980560586668865e-02	3.230210022666403502e-02	8.044609641901348529e-02
1.284427991725477568e+03	2.404862960523023452e-01	1.488408654126749664e-01	2.626822845684609331e-01	1.592040222296794705e-01	7.592315918277887932e-02	3.233760673604989255e-02	8.052576581798663591e-02
1.286846876832305497e+03	2.401831909669843168e-01	1.486415742328017764e-01	2.628912586330662826e-01	1.593293664942972976e-01	7.597636458531081827e-02	3.237302997120735520e-02	8.060521511626528302e-02
1.289265761939132744e+03	2.398809436988525445e-01	1.484428471887606349e-01	2.630996246111562131e-01	1.594543472955501362e-01	7.602942223303946201e-02	3.240837005647897312e-02	8.068444491609513824e-02
1.291684647045960673e+03	2.395795518165512172e-01	1.482446826807318208e-01	2.633073842343235382e-01	1.595789657890839264e-01	7.608233254436072568e-02	3.244362711664740967e-02	8.076345581823445030e-02
1.294103532152788375e+03	2.392790128956412132e-01	1.480470791134529673e-01	2.635145392292479460e-01	1.597032231262136837e-01	7.613509593649263330e-02	3.247880127692857194e-02	8.084224842195608662e-02
1.296522417259616077e+03	2.389793245185803383e-01	1.478500348962059618e-01	2.637210913177099880e-01	1.598271204539443435e-01	7.618771282547838475e-02	3.251389266296466490e-02	8.092082332504936526e-02
1.298941302366443551e+03	2.386804842747035638e-01	1.476535484428038447e-01	2.639270422166051233e-01	1.599506589149915226e-01	7.624018362618947831e-02	3.254890140081738437e-02	8.099918112382209490e-02
1.301360187473271253e+03	2.383824897602031256e-01	1.474576181715777923e-01	2.641323936379574300e-01	1.600738396478020853e-01	7.629250875232881923e-02	3.258382761696117236e-02	8.107732241310251775e-02
1.303779072580098727e+03	2.380853385781089571e-01	1.472622425053641548e-01	2.643371472889337048e-01	1.601966637865746279e-01	7.634468861643377291e-02	3.261867143827649335e-02	8.115524778624129409e-02
1.306197957686926657e+03	2.377890283382688708e-01	1.470674198714912728e-01	2.645413048718569526e-01	1.603191324612799340e-01	7.639672362987925958e-02	3.265343299204320066e-02	8.123295783511352841e-02
1.308616842793753904e+03	2.374935566573291301e-01	1.468731487017668480e-01	2.647448680842203195e-01	1.604412467976811252e-01	7.644861420288083520e-02	3.268811240593396533e-02	8.131045315012079555e-02
1.311035727900581833e+03	2.371989211587149093e-01	1.466794274324648151e-01	2.649478386187008039e-01	1.605630079173537561e-01	7.650036074449773071e-02	3.272270980800771889e-02	8.138773432019319465e-02
1.313454613007409534e+03	2.369051194726107812e-01	1.464862545043124908e-01	2.651502181631731903e-01	1.606844169377059095e-01	7.655196366263597452e-02	3.275722532670320708e-02	8.146480193279138915e-02
1.315873498114237009e+03	2.366121492359413159e-01	1.462936283624778344e-01	2.653520084007231494e-01	1.608054749719979581e-01	7.660342336405140395e-02	3.279165909083256447e-02	8.154165657390868849e-02
1.318292383221064711e+03	2.363200080923517077e-01	1.461015474565566519e-01	2.655532110096613940e-01	1.609261831293622991e-01	7.665474025435273231e-02	3.282601122957495843e-02	8.161829882807312975e-02
1.320711268327892412e+03	2.360286936921884848e-01	1.459100102405597732e-01	2.657538276635370011e-01	1.610465425148230600e-01	7.670591473800460192e-02	3.286028187247030941e-02	8.169472927834960096e-02
1.323130153434719887e+03	2.357382036924803581e-01	1.457190151729004235e-01	2.659538600311509016e-01	1.611665542293155562e-01	7.675694721833063727e-02	3.289447114941301820e-02	8.177094850634193668e-02
1.325549038541547588e+03	2.354485357569189308e-01	1.455285607163815387e-01	2.661533097765694800e-01	1.612862193697056357e-01	7.680783809751642877e-02	3.292857919064579031e-02	8.184695709219504123e-02
1.327967923648375290e+03	2.351596875558395749e-01	1.453386453381830812e-01	2.663521785591380087e-01	1.614055390288089420e-01	7.685858777661261354e-02	3.296260612675350199e-02	8.192275561459706756e-02
1.330386808755202765e+03	2.348716567662024746e-01	1.451492675098494667e-01	2.665504680334940812e-01	1.615245142954102042e-01	7.690919665553791473e-02	3.299655208865712175e-02	8.199834465078155443e-02
1.332805693862030694e+03	2.345844410715734740e-01	1.449604257072769353e-01	2.667481798495809353e-01	1.616431462542820274e-01	7.695966513308211132e-02	3.303041720760770128e-02	8.207372477652957743e-02
1.335224578968857941e+03	2.342980381621052044e-01	1.447721184107012560e-01	2.669453156526608861e-01	1.617614359862040163e-01	7.700999360690907736e-02	3.306420161518036638e-02	8.214889656617195557e-02
1.337643464075685870e+03	2.340124457345181541e-01	1.445843441046849587e-01	2.671418770833285383e-01	1.618793845679814825e-01	7.706018247355980733e-02	3.309790544326841888e-02	8.222386059259147173e-02
1.340062349182513572e+03	2.337276614920817952e-01	1.443971012781049834e-01	2.673378657775240530e-01	1.619969930724640961e-01	7.711023212845537211e-02	3.313152882407747329e-02	8.229861742722506535e-02
1.342481234289341273e+03	2.334436831445958760e-01	1.442103884241403289e-01	2.675332833665464705e-01	1.621142625685645378e-01	7.716014296589994437e-02	3.316507189011965590e-02	8.237316764006603897e-02
1.344900119396168748e+03	2.331605084083717416e-01	1.440242040402596735e-01	2.677281314770666998e-01	1.622311941212768449e-01	7.720991537908379609e-02	3.319853477420781768e-02	8.244751179966629262e-02
1.347319004502996449e+03	2.328781350062133215e-01	1.438385466282088854e-01	2.679224117311410081e-01	1.623477887916948970e-01	7.725954976008628239e-02	3.323191760944984446e-02	8.252165047313862745e-02
1.349737889609823924e+03	2.325965606673989217e-01	1.436534146939988654e-01	2.681161257462237879e-01	1.624640476370304842e-01	7.730904649987881128e-02	3.326522052924297396e-02	8.259558422615891071e-02
1.352156774716651853e+03	2.323157831276624063e-01	1.434688067478932794e-01	2.683092751351808247e-01	1.625799717106316544e-01	7.735840598832781356e-02	3.329844366726823074e-02	8.266931362296846275e-02
1.354575659823479100e+03	2.320358001291747685e-01	1.432847213043962342e-01	2.685018615063023417e-01	1.626955620620005316e-01	7.740762861419771268e-02	3.333158715748482659e-02	8.274283922637623578e-02
1.356994544930307029e+03	2.317566094205255611e-01	1.431011568822401214e-01	2.686938864633159896e-01	1.628108197368112464e-01	7.745671476515388065e-02	3.336465113412466488e-02	8.281616159776115926e-02
1.359413430037134731e+03	2.314782087567047175e-01	1.429181120043734876e-01	2.688853516053996695e-01	1.629257457769278383e-01	7.750566482776559407e-02	3.339763573168690047e-02	8.288928129707444359e-02
1.361832315143962205e+03	2.312005958990839827e-01	1.427355851979488499e-01	2.690762585271944674e-01	1.630403412204218527e-01	7.755447918750903169e-02	3.343054108493252047e-02	8.296219888284188382e-02
1.364251200250789907e+03	2.309237686153987057e-01	1.425535749943106500e-01	2.692666088188179208e-01	1.631546071015899935e-01	7.760315822877014713e-02	3.346336732887898041e-02	8.303491491216619114e-02
1.366670085357617609e+03	2.306477246797296043e-01	1.423720799289832362e-01	2.694564040658763426e-01	1.632685444509715533e-01	7.765170233484763873e-02	3.349611459879490299e-02	8.310742994072936596e-02
1.369088970464445310e+03	2.303724618724844464e-01	1.421910985416587336e-01	2.696456458494779773e-01	1.633821542953657613e-01	7.770011188795587775e-02	3.352878303019479755e-02	8.317974452279498776e-02
1.371507855571272785e+03	2.300979779803802028e-01	1.420106293761851657e-01	2.698343357462457126e-01	1.634954376578491575e-01	7.774838726922783660e-02	3.356137275883386284e-02	8.325185921121056043e-02
1.373926740678100487e+03	2.298242707964246734e-01	1.418306709805544907e-01	2.700224753283297918e-01	1.636083955577926630e-01	7.779652885871801704e-02	3.359388392070282447e-02	8.332377455740998251e-02
1.376345625784927961e+03	2.295513381198985847e-01	1.416512219068906120e-01	2.702100661634206369e-01	1.637210290108787325e-01	7.784453703540535063e-02	3.362631665202277936e-02	8.339549111141582316e-02
1.378764510891755890e+03	2.292791777563374933e-01	1.414722807114375813e-01	2.703971098147611163e-01	1.638333390291182023e-01	7.789241217719609922e-02	3.365867108924015111e-02	8.346700942184175076e-02
1.381183395998583137e+03	2.290077875175141608e-01	1.412938459545477199e-01	2.705836078411597567e-01	1.639453266208672488e-01	7.794015466092681088e-02	3.369094736902167320e-02	8.353833003589494766e-02
1.383602281105411066e+03	2.287371652214202911e-01	1.411159162006698775e-01	2.707695617970031221e-01	1.640569927908440973e-01	7.798776486236710936e-02	3.372314562824937911e-02	8.360945349937845550e-02
1.386021166212238768e+03	2.284673086922489882e-01	1.409384900183375533e-01	2.709549732322680260e-01	1.641683385401457307e-01	7.803524315622269170e-02	3.375526600401566879e-02	8.368038035669367325e-02
1.388440051319066470e+03	2.281982157603768546e-01	1.407615659801572106e-01	2.711398436925345212e-01	1.642793648662644046e-01	7.808258991613817313e-02	3.378730863361844444e-02	8.375111115084268865e-02
1.390858936425893944e+03	2.279298842623463939e-01	1.405851426627966194e-01	2.713241747189980568e-01	1.643900727631041891e-01	7.812980551469993207e-02	3.381927365455623252e-02	8.382164642343079008e-02
1.393277821532721646e+03	2.276623120408481638e-01	1.404092186469730885e-01	2.715079678484824122e-01	1.645004632209972062e-01	7.817689032343903832e-02	3.385116120452338895e-02	8.389198671466885360e-02
1.395696706639549120e+03	2.273954969447034014e-01	1.402337925174419186e-01	2.716912246134515208e-01	1.646105372267200329e-01	7.822384471283408414e-02	3.388297142140535290e-02	8.396213256337584085e-02
1.398115591746377049e+03	2.271294368288461762e-01	1.400588628629847454e-01	2.718739465420222379e-01	1.647202957635097997e-01	7.827066905231402916e-02	3.391470444327393530e-02	8.403208450698120002e-02
1.400534476853204296e+03	2.268641295543061265e-01	1.398844282763979929e-01	2.720561351579766085e-01	1.648297398110802614e-01	7.831736371026108701e-02	3.394636040838261426e-02	8.410184308152740540e-02
1.402953361960032225e+03	2.265995729881908893e-01	1.397104873544813552e-01	2.722377919807740243e-01	1.649388703456378669e-01	7.836392905401357023e-02	3.397793945516195541e-02	8.417140882167234439e-02
1.405372247066859927e+03	2.263357650036687263e-01	1.395370386980263333e-01	2.724189185255638246e-01	1.650476883398975525e-01	7.841036544986873524e-02	3.400944172221498363e-02	8.424078226069185715e-02
1.407791132173687402e+03	2.260727034799512036e-01	1.393640809118046053e-01	2.725995163031971757e-01	1.651561947630985350e-01	7.845667326308555789e-02	3.404086734831267974e-02	8.430996393048220683e-02
1.410210017280515103e+03	2.258103863022757340e-01	1.391916126045568414e-01	2.727795868202395613e-01	1.652643905810201319e-01	7.850285285788766165e-02	3.407221647238945633e-02	8.437895436156256368e-02
1.412628902387342805e+03	2.255488113618884516e-01	1.390196323889811292e-01	2.729591315789827721e-01	1.653722767559973050e-01	7.854890459746606546e-02	3.410348923353869605e-02	8.444775408307754472e-02
1.415047787494170507e+03	2.252879765560270864e-01	1.388481388817216500e-01	2.731381520774571192e-01	1.654798542469361200e-01	7.859482884398201474e-02	3.413468577100833845e-02	8.451636362279967007e-02
1.417466672600997981e+03	2.250278797879035619e-01	1.386771307033573541e-01	2.733166498094435348e-01	1.655871240093292340e-01	7.864062595856981253e-02	3.416580622419652241e-02	8.458478350713191651e-02
1.419885557707825683e+03	2.247685189666871475e-01	1.385066064783906647e-01	2.734946262644857295e-01	1.656940869952712725e-01	7.868629630133963659e-02	3.419685073264722847e-02	8.465301426111027094e-02
1.422304442814653157e+03	2.245098920074872495e-01	1.383365648352362920e-01	2.736720829279020162e-01	1.658007441534739834e-01	7.873184023138025955e-02	3.422781943604598365e-02	8.472105640840618679e-02
1.424723327921481086e+03	2.242519968313363976e-01	1.381670044062098535e-01	2.738490212807974666e-01	1.659070964292814754e-01	7.877725810676196316e-02	3.425871247421563570e-02	8.478891047132915137e-02
1.427142213028308333e+03	2.239948313651734801e-01	1.379979238275167441e-01	2.740254428000759024e-01	1.660131447646852887e-01	7.882255028453920287e-02	3.428952998711209260e-02	8.485657697082925333e-02
1.429561098135136262e+03	2.237383935418265635e-01	1.378293217392410619e-01	2.742013489584517183e-01	1.661188900983393280e-01	7.886771712075346663e-02	3.432027211482018697e-02	8.492405642649969444e-02
1.431979983241963964e+03	2.234826812999962387e-01	1.376611967853343110e-01	2.743767412244617065e-01	1.662243333655747946e-01	7.891275897043602272e-02	3.435093899754951968e-02	8.499134935657937095e-02
1.434398868348791666e+03	2.232276925842387461e-01	1.374935476136044388e-01	2.745516210624772691e-01	1.663294754984149804e-01	7.895767618761068141e-02	3.438153077563036591e-02	8.505845627795545483e-02
1.436817753455619140e+03	2.229734253449492110e-01	1.373263728757046775e-01	2.747259899327158528e-01	1.664343174255900337e-01	7.900246912529659826e-02	3.441204758950960896e-02	8.512537770616587784e-02
1.439236638562446842e+03	2.227198775383450180e-01	1.371596712271225815e-01	2.748998492912530511e-01	1.665388600725515311e-01	7.904713813551095258e-02	3.444248957974675035e-02	8.519211415540201005e-02
1.441655523669274316e+03	2.224670471264489635e-01	1.369934413271689522e-01	2.750732005900340393e-01	1.666431043614871044e-01	7.909168356927177845e-02	3.447285688700989920e-02	8.525866613851112996e-02
1.444074408776102018e+03	2.222149320770728798e-01	1.368276818389669580e-01	2.752460452768856203e-01	1.667470512113348458e-01	7.913610577660062928e-02	3.450314965207182394e-02	8.532503416699907528e-02
1.446493293882929493e+03	2.219635303638008705e-01	1.366623914294411157e-01	2.754183847955277709e-01	1.668507015377977409e-01	7.918040510652539499e-02	3.453336801580605964e-02	8.539121875103285186e-02
1.448912178989757422e+03	2.217128399659729354e-01	1.364975687693064099e-01	2.755902205855852993e-01	1.669540562533579908e-01	7.922458190708298043e-02	3.456351211918302913e-02	8.545722039944313175e-02
1.451331064096585123e+03	2.214628588686684274e-01	1.363332125330574685e-01	2.757615540825995026e-01	1.670571162672911392e-01	7.926863652532202542e-02	3.459358210326621969e-02	8.552303961972695934e-02
1.453749949203412370e+03	2.212135850626896494e-01	1.361693213989576268e-01	2.759323867180397682e-01	1.671598824856803112e-01	7.931256930730568033e-02	3.462357810920838053e-02	8.558867691805026323e-02
1.456168834310240300e+03	2.209650165445455339e-01	1.360058940490282142e-01	2.761027199193150095e-01	1.672623558114302855e-01	7.935638059811425671e-02	3.465350027824776191e-02	8.565413279925056245e-02
1.458587719417068001e+03	2.207171513164352394e-01	1.358429291690377017e-01	2.762725551097854892e-01	1.673645371442813445e-01	7.940007074184793345e-02	3.468334875170437509e-02	8.571940776683943664e-02
1.461006604523895703e+03	2.204699873862319692e-01	1.356804254484910710e-01	2.764418937087740336e-01	1.674664273808232906e-01	7.944364008162951851e-02	3.471312367097633550e-02	8.578450232300527389e-02
1.463425489630723177e+03	2.202235227674665952e-01	1.355183815806188796e-01	2.766107371315775776e-01	1.675680274145092408e-01	7.948708895960707177e-02	3.474282517753618515e-02	8.584941696861582427e-02
1.465844374737550879e+03	2.199777554793116707e-01	1.353567962623668519e-01	2.767790867894787121e-01	1.676693381356693380e-01	7.953041771695665285e-02	3.477245341292727054e-02	8.591415220322086432e-02
1.468263259844378354e+03	2.197326835465651662e-01	1.351956681943849714e-01	2.769469440897568968e-01	1.677703604315244346e-01	7.957362669388494403e-02	3.480200851876018298e-02	8.597870852505476447e-02
1.470682144951206283e+03	2.194883049996343705e-01	1.350349960810170724e-01	2.771143104356998399e-01	1.678710951861996925e-01	7.961671622963197026e-02	3.483149063670917811e-02	8.604308643103916743e-02
1.473101030058033530e+03	2.192446178745200147e-01	1.348747786302900709e-01	2.772811872266151001e-01	1.679715432807380726e-01	7.965968666247374985e-02	3.486089990850868570e-02	8.610728641678561113e-02
1.475519915164861459e+03	2.190016202128000633e-01	1.347150145539035282e-01	2.774475758578410223e-01	1.680717055931137405e-01	7.970253832972497288e-02	3.489023647594981931e-02	8.617130897659817934e-02
1.477938800271689161e+03	2.187593100616138930e-01	1.345557025672191320e-01	2.776134777207581728e-01	1.681715829982454169e-01	7.974527156774162406e-02	3.491950048087692771e-02	8.623515460347609685e-02
1.480357685378516862e+03	2.185176854736464169e-01	1.343968413892501490e-01	2.777788942028006636e-01	1.682711763680097561e-01	7.978788671192366122e-02	3.494869206518417398e-02	8.629882378911647722e-02
1.482776570485344337e+03	2.182767445071121248e-01	1.342384297426508222e-01	2.779438266874672547e-01	1.683704865712544185e-01	7.983038409671766589e-02	3.497781137081216324e-02	8.636231702391684861e-02
