1.001418434226643626e+03	2.825948266140804188e-01	1.765361533668720617e-01	2.335365663966471883e-01	1.416599197807328070e-01	6.854169549833379060e-02	2.759580486603656346e-02	6.953503347723427597e-02
1.002869765290740247e+03	2.823413028888739906e-01	1.763694334430961630e-01	2.337128467024233158e-01	1.417662691354402149e-01	6.858593658351572198e-02	2.762334549247590434e-02	6.960086575411175702e-02
1.004321096354836754e+03	2.820882101789521923e-01	1.762029970510398946e-01	2.338888209827691966e-01	1.418724256005719220e-01	6.863010361063232034e-02	2.765085278739670693e-02	6.966658978857480367e-02
1.005772427418933376e+03	2.818355477495099737e-01	1.760368437072043213e-01	2.340644897603857966e-01	1.419783895770195259e-01	6.867419670474723958e-02	2.767832675145961985e-02	6.973220574961065676e-02
1.007223758483029997e+03	2.815833148670082720e-01	1.758709729289168744e-01	2.342398535570825169e-01	1.420841614646279338e-01	6.871821599072094888e-02	2.770576738556794136e-02	6.979771380601264286e-02
1.008675089547126618e+03	2.813315107991720132e-01	1.757053842343300754e-01	2.344149128937788595e-01	1.421897416621991372e-01	6.876216159321101029e-02	2.773317469086614487e-02	6.986311412637988272e-02
1.010126420611223239e+03	2.810801348149873924e-01	1.755400771424201201e-01	2.345896682905059538e-01	1.422951305674957645e-01	6.880603363667230077e-02	2.776054866873840787e-02	6.992840687911715258e-02
1.011577751675319632e+03	2.808291861846998194e-01	1.753750511729857131e-01	2.347641202664079163e-01	1.424003285772446059e-01	6.884983224535731750e-02	2.778788932080714091e-02	6.999359223243459271e-02
1.013029082739416367e+03	2.805786641798113656e-01	1.752103058466465690e-01	2.349382693397436273e-01	1.425053360871401664e-01	6.889355754331637216e-02	2.781519664893153734e-02	7.005867035434748535e-02
1.014480413803512761e+03	2.803285680730785434e-01	1.750458406848422188e-01	2.351121160278880073e-01	1.426101534918482738e-01	6.893720965439785464e-02	2.784247065520611963e-02	7.012364141267607431e-02
1.015931744867609382e+03	2.800788971385099746e-01	1.748816552098306221e-01	2.352856608473337385e-01	1.427147811850095205e-01	6.898078870224855219e-02	2.786971134195930649e-02	7.018850557504531518e-02
1.017383075931706003e+03	2.798296506513641702e-01	1.747177489446869736e-01	2.354589043136926241e-01	1.428192195592427605e-01	6.902429481031381597e-02	2.789691871175195570e-02	7.025326300888470876e-02
1.018834406995802851e+03	2.795808278881471431e-01	1.745541214133021490e-01	2.356318469416971706e-01	1.429234690061486346e-01	6.906772810183789413e-02	2.792409276737595203e-02	7.031791388142803745e-02
1.020285738059899245e+03	2.793324281266100773e-01	1.743907721403815114e-01	2.358044892452021424e-01	1.430275299163130953e-01	6.911108869986412606e-02	2.795123351185277785e-02	7.038245835971319864e-02
1.021737069123995752e+03	2.790844506457469953e-01	1.742277006514436899e-01	2.359768317371860047e-01	1.431314026793108762e-01	6.915437672723524776e-02	2.797834094843211147e-02	7.044689661058199659e-02
1.023188400188092373e+03	2.788368947257927055e-01	1.740649064728190809e-01	2.361488749297523670e-01	1.432350876837087672e-01	6.919759230659362770e-02	2.800541508059039425e-02	7.051122880067993426e-02
1.024639731252188767e+03	2.785897596482203586e-01	1.739023891316486548e-01	2.363206193341316763e-01	1.433385853170692226e-01	6.924073556038151667e-02	2.803245591202944975e-02	7.057545509645607451e-02
1.026091062316285615e+03	2.783430446957390059e-01	1.737401481558825123e-01	2.364920654606825490e-01	1.434418959659538029e-01	6.928380661084131142e-02	2.805946344667508210e-02	7.063957566416273481e-02
1.027542393380382237e+03	2.780967491522918222e-01	1.735781830742786358e-01	2.366632138188932699e-01	1.435450200159263667e-01	6.932680558001580451e-02	2.808643768867568821e-02	7.070359066985543173e-02
1.028993724444478858e+03	2.778508723030533312e-01	1.734164934164015570e-01	2.368340649173834023e-01	1.436479578515567068e-01	6.936973258974847567e-02	2.811337864240086998e-02	7.076750027939260335e-02
1.030445055508575479e+03	2.776054134344275726e-01	1.732550787126210523e-01	2.370046192639052585e-01	1.437507098564237695e-01	6.941258776168371392e-02	2.814028631244006734e-02	7.083130465843547052e-02
1.031896386572671872e+03	2.773603718340457158e-01	1.730939384941107273e-01	2.371748773653452602e-01	1.438532764131190689e-01	6.945537121726709506e-02	2.816716070360119825e-02	7.089500397244784258e-02
1.033347717636768493e+03	2.771157467907636174e-01	1.729330722928467956e-01	2.373448397277255484e-01	1.439556579032500450e-01	6.949808307774563154e-02	2.819400182090928825e-02	7.095859838669596464e-02
1.034799048700865114e+03	2.768715375946599333e-01	1.727724796416067188e-01	2.375145068562054262e-01	1.440578547074433391e-01	6.954072346416803607e-02	2.822080966960510348e-02	7.102208806624832338e-02
1.036250379764961508e+03	2.766277435370337323e-01	1.726121600739678463e-01	2.376838792550828028e-01	1.441598672053482078e-01	6.958329249738498534e-02	2.824758425514382887e-02	7.108547317597548043e-02
1.037701710829058356e+03	2.763843639104022754e-01	1.724521131243061667e-01	2.378529574277957748e-01	1.442616957756397145e-01	6.962579029804935593e-02	2.827432558319371153e-02	7.114875388054993366e-02
1.039153041893154750e+03	2.761413980084987396e-01	1.722923383277949749e-01	2.380217418769239590e-01	1.443633407960221160e-01	6.966821698661654350e-02	2.830103365963472159e-02	7.121193034444593672e-02
1.040604372957251599e+03	2.758988451262701647e-01	1.721328352204034295e-01	2.381902331041901300e-01	1.444648026432321097e-01	6.971057268334462931e-02	2.832770849055724072e-02	7.127500273193934643e-02
1.042055704021347992e+03	2.756567045598752874e-01	1.719736033388953589e-01	2.383584316104614964e-01	1.445660816930420256e-01	6.975285750829474107e-02	2.835435008226072640e-02	7.133797120710744233e-02
1.043507035085444613e+03	2.754149756066822108e-01	1.718146422208279012e-01	2.385263378957513947e-01	1.446671783202632400e-01	6.979507158133123335e-02	2.838095844125240047e-02	7.140083593382878790e-02
1.044958366149541234e+03	2.751736575652661276e-01	1.716559514045502000e-01	2.386939524592205375e-01	1.447680928987492288e-01	6.983721502212199284e-02	2.840753357424594117e-02	7.146359707578311959e-02
1.046409697213637855e+03	2.749327497354075445e-01	1.714975304292020442e-01	2.388612757991786240e-01	1.448688258013989261e-01	6.987928795013871597e-02	2.843407548816018551e-02	7.152625479645115247e-02
1.047861028277734476e+03	2.746922514180896724e-01	1.713393788347125635e-01	2.390283084130857272e-01	1.449693774001598601e-01	6.992129048465710317e-02	2.846058419011781790e-02	7.158880925911445536e-02
1.049312359341831097e+03	2.744521619154965397e-01	1.711814961617989517e-01	2.391950507975537932e-01	1.450697480660313177e-01	6.996322274475716418e-02	2.848705968744410025e-02	7.165126062685531205e-02
1.050763690405927491e+03	2.742124805310107161e-01	1.710238819519650788e-01	2.393615034483480286e-01	1.451699381690676749e-01	7.000508484932350950e-02	2.851350198766558139e-02	7.171360906255658252e-02
1.052215021470024112e+03	2.739732065692112584e-01	1.708665357475001867e-01	2.395276668603884274e-01	1.452699480783814223e-01	7.004687691704554464e-02	2.853991109850880989e-02	7.177585472890155027e-02
1.053666352534120733e+03	2.737343393358713239e-01	1.707094570914776677e-01	2.396935415277511583e-01	1.453697781621463292e-01	7.008859906641778936e-02	2.856628702789907465e-02	7.183799778837383909e-02
1.055117683598217127e+03	2.734958781379563941e-01	1.705526455277536491e-01	2.398591279436701196e-01	1.454694287876006353e-01	7.013025141574008581e-02	2.859262978395913854e-02	7.190003840325721873e-02
1.056569014662313975e+03	2.732578222836216653e-01	1.703961006009656332e-01	2.400244266005382709e-01	1.455689003210502153e-01	7.017183408311791770e-02	2.861893937500797208e-02	7.196197673563556330e-02
1.058020345726410369e+03	2.730201710822104944e-01	1.702398218565313315e-01	2.401894379899090770e-01	1.456681931278716036e-01	7.021334718646263240e-02	2.864521580955951829e-02	7.202381294739261530e-02
1.059471676790506763e+03	2.727829238442516790e-01	1.700838088406473048e-01	2.403541626024980060e-01	1.457673075725151590e-01	7.025479084349174619e-02	2.867145909632142636e-02	7.208554720021197182e-02
1.060923007854603611e+03	2.725460798814579033e-01	1.699280611002875196e-01	2.405186009281839454e-01	1.458662440185081177e-01	7.029616517172912471e-02	2.869766924419383039e-02	7.214717965557693180e-02
1.062374338918700232e+03	2.723096385067231284e-01	1.697725781832021830e-01	2.406827534560105619e-01	1.459650028284577017e-01	7.033747028850535765e-02	2.872384626226809692e-02	7.220871047477034343e-02
1.063825669982796853e+03	2.720735990341207611e-01	1.696173596379164095e-01	2.408466206741879390e-01	1.460635843640541720e-01	7.037870631095793916e-02	2.874999015982561759e-02	7.227013981887456251e-02
1.065277001046893474e+03	2.718379607789014885e-01	1.694624050137289173e-01	2.410102030700937703e-01	1.461619889860738541e-01	7.041987335603155929e-02	2.877610094633656357e-02	7.233146784877127200e-02
1.066728332110990095e+03	2.716027230574912243e-01	1.693077138607106125e-01	2.411735011302749421e-01	1.462602170543822189e-01	7.046097154047833988e-02	2.880217863145869209e-02	7.239269472514144044e-02
1.068179663175086489e+03	2.713678851874889442e-01	1.691532857297033954e-01	2.413365153404487817e-01	1.463582689279368798e-01	7.050200098085816769e-02	2.882822322503612519e-02	7.245382060846519701e-02
1.069630994239183110e+03	2.711334464876645201e-01	1.689991201723188563e-01	2.414992461855047512e-01	1.464561449647906466e-01	7.054296179353887475e-02	2.885423473709814238e-02	7.251484565902167889e-02
1.071082325303279504e+03	2.708994062779568890e-01	1.688452167409369709e-01	2.416616941495056126e-01	1.465538455220944669e-01	7.058385409469655758e-02	2.888021317785799749e-02	7.257577003688900352e-02
1.072533656367376352e+03	2.706657638794717768e-01	1.686915749887046845e-01	2.418238597156889269e-01	1.466513709561004242e-01	7.062467800031582699e-02	2.890615855771171833e-02	7.263659390194417143e-02
1.073984987431472746e+03	2.704325186144794779e-01	1.685381944695347467e-01	2.419857433664685809e-01	1.467487216221647905e-01	7.066543362619005786e-02	2.893207088723690965e-02	7.269731741386291357e-02
1.075436318495569594e+03	2.701996698064132452e-01	1.683850747381043511e-01	2.421473455834360355e-01	1.468458978747509136e-01	7.070612108792165285e-02	2.895795017719158745e-02	7.275794073211966362e-02
1.076887649559666215e+03	2.699672167798668476e-01	1.682322153498538864e-01	2.423086668473617700e-01	1.469429000674322139e-01	7.074674050092234767e-02	2.898379643851300286e-02	7.281846401598744689e-02
1.078338980623762609e+03	2.697351588605924610e-01	1.680796158609855206e-01	2.424697076381968075e-01	1.470397285528950160e-01	7.078729198041341930e-02	2.900960968231646592e-02	7.287888742453778324e-02
1.079790311687859230e+03	2.695034953754989471e-01	1.679272758284620637e-01	2.426304684350739649e-01	1.471363836829416294e-01	7.082777564142599125e-02	2.903538991989419379e-02	7.293921111664063150e-02
1.081241642751955851e+03	2.692722256526496882e-01	1.677751948100055235e-01	2.427909497163093511e-01	1.472328658084931796e-01	7.086819159880126950e-02	2.906113716271414502e-02	7.299943525096429242e-02
1.082692973816052472e+03	2.690413490212602565e-01	1.676233723640959128e-01	2.429511519594036717e-01	1.473291752795925502e-01	7.090853996719082009e-02	2.908685142241886762e-02	7.305955998597535306e-02
1.084144304880149093e+03	2.688108648116968036e-01	1.674718080499699169e-01	2.431110756410437834e-01	1.474253124454071862e-01	7.094882086105684660e-02	2.911253271082435770e-02	7.311958547993857582e-02
1.085595635944245487e+03	2.685807723554736737e-01	1.673205014276196168e-01	2.432707212371038874e-01	1.475212776542321191e-01	7.098903439467242615e-02	2.913818103991891797e-02	7.317951189091685682e-02
1.087046967008342108e+03	2.683510709852515164e-01	1.671694520577912402e-01	2.434300892226471391e-01	1.476170712534926877e-01	7.102918068212178693e-02	2.916379642186201632e-02	7.323933937677114259e-02
1.088498298072438729e+03	2.681217600348353436e-01	1.670186595019838016e-01	2.435891800719268141e-01	1.477126935897474513e-01	7.106925983730058571e-02	2.918937886898317902e-02	7.329906809516038846e-02
1.089949629136535123e+03	2.678928388391723092e-01	1.668681233224478255e-01	2.437479942583878900e-01	1.478081450086910775e-01	7.110927197391617161e-02	2.921492839378083545e-02	7.335869820354144755e-02
1.091400960200631971e+03	2.676643067343498772e-01	1.667178430821840973e-01	2.439065322546682679e-01	1.479034258551571168e-01	7.114921720548780804e-02	2.924044500892122866e-02	7.341822985916908462e-02
1.092852291264728365e+03	2.674361630575938231e-01	1.665678183449423866e-01	2.440647945326002988e-01	1.479985364731208897e-01	7.118909564534697809e-02	2.926592872723728783e-02	7.347766321909580955e-02
1.094303622328825213e+03	2.672084071472659583e-01	1.664180486752201982e-01	2.442227815632120325e-01	1.480934772057021787e-01	7.122890740663766207e-02	2.929137956172751800e-02	7.353699844017193288e-02
1.095754953392921607e+03	2.669810383428623535e-01	1.662685336382613288e-01	2.443804938167287721e-01	1.481882483951681151e-01	7.126865260231655952e-02	2.931679752555491764e-02	7.359623567904541308e-02
1.097206284457018228e+03	2.667540559850113402e-01	1.661192728000547847e-01	2.445379317625741844e-01	1.482828503829360101e-01	7.130833134515338068e-02	2.934218263204586841e-02	7.365537509216191214e-02
1.098657615521114849e+03	2.665274594154714016e-01	1.659702657273334214e-01	2.446950958693719369e-01	1.483772835095759357e-01	7.134794374773111014e-02	2.936753489468903883e-02	7.371441683576465675e-02
1.100108946585211470e+03	2.663012479771292851e-01	1.658215119875726118e-01	2.448519866049469196e-01	1.484715481148137506e-01	7.138748992244625668e-02	2.939285432713432261e-02	7.377336106589441056e-02
1.101560277649308091e+03	2.660754210139980036e-01	1.656730111489891355e-01	2.450086044363265769e-01	1.485656445375335977e-01	7.142696998150913079e-02	2.941814094319173192e-02	7.383220793838946028e-02
1.103011608713404712e+03	2.658499778712147266e-01	1.655247627805397082e-01	2.451649498297423790e-01	1.486595731157808464e-01	7.146638403694412223e-02	2.944339475683034613e-02	7.389095760888553244e-02
1.104462939777501106e+03	2.656249178950389478e-01	1.653767664519198710e-01	2.453210232506312094e-01	1.487533341867647019e-01	7.150573220058990820e-02	2.946861578217722932e-02	7.394961023281576562e-02
1.105914270841597499e+03	2.654002404328504872e-01	1.652290217335626588e-01	2.454768251636366139e-01	1.488469280868609801e-01	7.154501458409980030e-02	2.949380403351636870e-02	7.400816596541071046e-02
1.107365601905694348e+03	2.651759448331473812e-01	1.650815281966374060e-01	2.456323560326101885e-01	1.489403551516148005e-01	7.158423129894196657e-02	2.951895952528761635e-02	7.406662496169828802e-02
1.108816932969790741e+03	2.649520304455441622e-01	1.649342854130482761e-01	2.457876163206129949e-01	1.490336157157432506e-01	7.162338245639966738e-02	2.954408227208564844e-02	7.412498737650367875e-02
1.110268264033887590e+03	2.647284966207696932e-01	1.647872929554332067e-01	2.459426064899168374e-01	1.491267101131381057e-01	7.166246816757158855e-02	2.956917228865889660e-02	7.418325336444939189e-02
1.111719595097984211e+03	2.645053427106653365e-01	1.646405503971626050e-01	2.460973270020056225e-01	1.492196386768684380e-01	7.170148854337202171e-02	2.959422958990852448e-02	7.424142307995514056e-02
1.113170926162080832e+03	2.642825680681828437e-01	1.644940573123380712e-01	2.462517783175768027e-01	1.493124017391834757e-01	7.174044369453122516e-02	2.961925419088737299e-02	7.429949667723791118e-02
1.114622257226177226e+03	2.640601720473825798e-01	1.643478132757911492e-01	2.464059608965425974e-01	1.494049996315149897e-01	7.177933373159559038e-02	2.964424610679894379e-02	7.435747431031189403e-02
1.116073588290273847e+03	2.638381540034315242e-01	1.642018178630819947e-01	2.465598751980313807e-01	1.494974326844800971e-01	7.181815876492797512e-02	2.966920535299636535e-02	7.441535613298845553e-02
1.117524919354370468e+03	2.636165132926011623e-01	1.640560706504982369e-01	2.467135216803891251e-01	1.495897012278838423e-01	7.185691890470793930e-02	2.969413194498136607e-02	7.447314229887611048e-02
1.118976250418467089e+03	2.633952492722658745e-01	1.639105712150536465e-01	2.468669008011805110e-01	1.496818055907218614e-01	7.189561426093203644e-02	2.971902589840326805e-02	7.453083296138056368e-02
1.120427581482563710e+03	2.631743613009007721e-01	1.637653191344869974e-01	2.470200130171904818e-01	1.497737461011829363e-01	7.193424494341404962e-02	2.974388722905797061e-02	7.458842827370457118e-02
1.121878912546660331e+03	2.629538487380798095e-01	1.636203139872606516e-01	2.471728587844254921e-01	1.498655230866515753e-01	7.197281106178524124e-02	2.976871595288694064e-02	7.464592838884809289e-02
1.123330243610756725e+03	2.627337109444738417e-01	1.634755553525593652e-01	2.473254385581148407e-01	1.499571368737107335e-01	7.201131272549468609e-02	2.979351208597620995e-02	7.470333345960815385e-02
1.124781574674853118e+03	2.625139472818487363e-01	1.633310428102892065e-01	2.474777527927120024e-01	1.500485877881442276e-01	7.204975004380945180e-02	2.981827564455538648e-02	7.476064363857885808e-02
1.126232905738949967e+03	2.622945571130634868e-01	1.631867759410761398e-01	2.476298019418959051e-01	1.501398761549393446e-01	7.208812312581491799e-02	2.984300664499666203e-02	7.481785907815143022e-02
1.127684236803046360e+03	2.620755398020681581e-01	1.630427543262647494e-01	2.477815864585724281e-01	1.502310022982895066e-01	7.212643208041499832e-02	2.986770510381381652e-02	7.487497993051417389e-02
1.129135567867143209e+03	2.618568947139022773e-01	1.628989775479171564e-01	2.479331067948754852e-01	1.503219665415966855e-01	7.216467701633247356e-02	2.989237103766124309e-02	7.493200634765248558e-02
1.130586898931239830e+03	2.616386212146925017e-01	1.627554451888117704e-01	2.480843634021685229e-01	1.504127692074740119e-01	7.220285804210919978e-02	2.991700446333297320e-02	7.498893848134882689e-02
1.132038229995336451e+03	2.614207186716511755e-01	1.626121568324418731e-01	2.482353567310456866e-01	1.505034106177482733e-01	7.224097526610635811e-02	2.994160539776169472e-02	7.504577648318273841e-02
1.133489561059432845e+03	2.612031864530740544e-01	1.624691120630145369e-01	2.483860872313333745e-01	1.505938910934624397e-01	7.227902879650476009e-02	2.996617385801779443e-02	7.510252050453086747e-02
1.134940892123529466e+03	2.609860239283385841e-01	1.623263104654493749e-01	2.485365553520912929e-01	1.506842109548781616e-01	7.231701874130509744e-02	2.999070986130839347e-02	7.515917069656691263e-02
1.136392223187626087e+03	2.607692304679019579e-01	1.621837516253773481e-01	2.486867615416139543e-01	1.507743705214782404e-01	7.235494520832821963e-02	3.001521342497638981e-02	7.521572721026172081e-02
1.137843554251722708e+03	2.605528054432992846e-01	1.620414351291394328e-01	2.488367062474318159e-01	1.508643701119691538e-01	7.239280830521534205e-02	3.003968456649950061e-02	7.527219019638321795e-02
1.139294885315819101e+03	2.603367482271417566e-01	1.618993605637854549e-01	2.489863899163127781e-01	1.509542100442835821e-01	7.243060813942837906e-02	3.006412330348932210e-02	7.532855980549649222e-02
1.140746216379915950e+03	2.601210581931145960e-01	1.617575275170728133e-01	2.491358129942633226e-01	1.510438906355827116e-01	7.246834481825019381e-02	3.008852965369038235e-02	7.538483618796371077e-02
1.142197547444012343e+03	2.599057347159753339e-01	1.616159355774654249e-01	2.492849759265299281e-01	1.511334122022588711e-01	7.250601844878480640e-02	3.011290363497920453e-02	7.544101949394418916e-02
1.143648878508108737e+03	2.596907771715517566e-01	1.614745843341322817e-01	2.494338791576002912e-01	1.512227750599378362e-01	7.254362913795774082e-02	3.013724526536336670e-02	7.549710987339446067e-02
1.145100209572205586e+03	2.594761849367403506e-01	1.613334733769463958e-01	2.495825231312046866e-01	1.513119795234813270e-01	7.258117699251619148e-02	3.016155456298058937e-02	7.555310747606817923e-02
1.146551540636302207e+03	2.592619573895040275e-01	1.611926022964835226e-01	2.497309082903172439e-01	1.514010259069894504e-01	7.261866211902938406e-02	3.018583154609779523e-02	7.560901245151623040e-02
1.148002871700398828e+03	2.590480939088707912e-01	1.610519706840209120e-01	2.498790350771571966e-01	1.514899145238030875e-01	7.265608462388876976e-02	3.021007623311019324e-02	7.566482494908674528e-02
1.149454202764495449e+03	2.588345938749312403e-01	1.609115781315361982e-01	2.500269039331902143e-01	1.515786456865063359e-01	7.269344461330831675e-02	3.023428864254036619e-02	7.572054511792508658e-02
1.150905533828591842e+03	2.586214566688371796e-01	1.607714242317060394e-01	2.501745152991297072e-01	1.516672197069287853e-01	7.273074219332475998e-02	3.025846879303735124e-02	7.577617310697389030e-02
1.152356864892688463e+03	2.584086816727997338e-01	1.606315085779050911e-01	2.503218696149380196e-01	1.517556368961481272e-01	7.276797746979787873e-02	3.028261670337575873e-02	7.583170906497312125e-02
1.153808195956785084e+03	2.581962682700872369e-01	1.604918307642046182e-01	2.504689673198279287e-01	1.518438975644922639e-01	7.280515054841076028e-02	3.030673239245484235e-02	7.588715314046004523e-02
1.155259527020881706e+03	2.579842158450237344e-01	1.603523903853713850e-01	2.506158088522636995e-01	1.519320020215419176e-01	7.284226153467002196e-02	3.033081587929761791e-02	7.594250548176932625e-02
1.156710858084978327e+03	2.577725237829868177e-01	1.602131870368665445e-01	2.507623946499623613e-01	1.520199505761328507e-01	7.287931053390615810e-02	3.035486718304996473e-02	7.599776623703299872e-02
1.158162189149074720e+03	2.575611914704060146e-01	1.600742203148442788e-01	2.509087251498951510e-01	1.521077435363582253e-01	7.291629765127369267e-02	3.037888632297974789e-02	7.605293555418057849e-02
1.159613520213171569e+03	2.573502182947608463e-01	1.599354898161506056e-01	2.510548007882887345e-01	1.521953812095710179e-01	7.295322299175151237e-02	3.040287331847591965e-02	7.610801358093902125e-02
1.161064851277267962e+03	2.571396036445791067e-01	1.597969951383222953e-01	2.512006220006264279e-01	1.522828639023862396e-01	7.299008666014311641e-02	3.042682818904765552e-02	7.616300046483280572e-02
1.162516182341364356e+03	2.569293469094348081e-01	1.596587358795855949e-01	2.513461892216495297e-01	1.523701919206833511e-01	7.302688876107690796e-02	3.045075095432346959e-02	7.621789635318396150e-02
1.163967513405461204e+03	2.567194474799466830e-01	1.595207116388551172e-01	2.514915028853584866e-01	1.524573655696085384e-01	7.306362939900637454e-02	3.047464163405035065e-02	7.627270139311211061e-02
1.165418844469557826e+03	2.565099047477761296e-01	1.593829220157324811e-01	2.516365634250142813e-01	1.525443851535769890e-01	7.310030867821042111e-02	3.049850024809288782e-02	7.632741573153452308e-02
1.166870175533654447e+03	2.563007181056254358e-01	1.592453666105053400e-01	2.517813712731395426e-01	1.526312509762752512e-01	7.313692670279360597e-02	3.052232681643242754e-02	7.638203951516615853e-02
1.168321506597751068e+03	2.560918869472360582e-01	1.591080450241460220e-01	2.519259268615200442e-01	1.527179633406634540e-01	7.317348357668639058e-02	3.054612135916620272e-02	7.643657289051970782e-02
1.169772837661847461e+03	2.558834106673866793e-01	1.589709568583104193e-01	2.520702306212056487e-01	1.528045225489775838e-01	7.320997940364543100e-02	3.056988389650647578e-02	7.649101600390562083e-02
1.171224168725944082e+03	2.556752886618915421e-01	1.588341017153368506e-01	2.522142829825119725e-01	1.528909289027317875e-01	7.324641428725381376e-02	3.059361444877970251e-02	7.654536900143221745e-02
1.172675499790040703e+03	2.554675203275985074e-01	1.586974791982447563e-01	2.523580843750212743e-01	1.529771827027206488e-01	7.328278833092131961e-02	3.061731303642568555e-02	7.659963202900568757e-02
1.174126830854137097e+03	2.552601050623874990e-01	1.585610889107336163e-01	2.525016352275838982e-01	1.530632842490213807e-01	7.331910163788470103e-02	3.064097967999673128e-02	7.665380523233013277e-02
1.175578161918233945e+03	2.550530422651683393e-01	1.584249304571817563e-01	2.526449359683193285e-01	1.531492338409960741e-01	7.335535431120791816e-02	3.066461440015681716e-02	7.670788875690769115e-02
1.177029492982330339e+03	2.548463313358792504e-01	1.582890034426451820e-01	2.527879870246177996e-01	1.532350317772939174e-01	7.339154645378243025e-02	3.068821721768075564e-02	7.676188274803855127e-02
1.178480824046426733e+03	2.546399716754851328e-01	1.581533074728563304e-01	2.529307888231411838e-01	1.533206783558534736e-01	7.342767816832741767e-02	3.071178815345337876e-02	7.681578735082097986e-02
1.179932155110523581e+03	2.544339626859753456e-01	1.580178421542229594e-01	2.530733417898245463e-01	1.534061738739048719e-01	7.346374955739004564e-02	3.073532722846870555e-02	7.686960271015144675e-02
1.181383486174620202e+03	2.542283037703624293e-01	1.578826070938270099e-01	2.532156463498769217e-01	1.534915186279719734e-01	7.349976072334578336e-02	3.075883446382912320e-02	7.692332897072465259e-02
1.182834817238716823e+03	2.540229943326799966e-01	1.577476018994234674e-01	2.533577029277831461e-01	1.535767129138745635e-01	7.353571176839857060e-02	3.078230988074458219e-02	7.697696627703357053e-02
1.184286148302813444e+03	2.538180337779811224e-01	1.576128261794389473e-01	2.534995119473046898e-01	1.536617570267306554e-01	7.357160279458117846e-02	3.080575350053177397e-02	7.703051477336957109e-02
1.185737479366910065e+03	2.536134215123365121e-01	1.574782795429709170e-01	2.536410738314809343e-01	1.537466512609584890e-01	7.360743390375536210e-02	3.082916534461333652e-02	7.708397460382243604e-02
1.187188810431006686e+03	2.534091569428327251e-01	1.573439615997862528e-01	2.537823890026305040e-01	1.538313959102788064e-01	7.364320519761220762e-02	3.085254543451703899e-02	7.713734591228045556e-02
1.188640141495103080e+03	2.532052394775705095e-01	1.572098719603201578e-01	2.539234578823525434e-01	1.539159912677170450e-01	7.367891677767234027e-02	3.087589379187500108e-02	7.719062884243046985e-02
1.190091472559199701e+03	2.530016685256626929e-01	1.570760102356749677e-01	2.540642808915279383e-01	1.540004376256053908e-01	7.371456874528621583e-02	3.089921043842288814e-02	7.724382353775798016e-02
1.191542803623296322e+03	2.527984434972330718e-01	1.569423760376190968e-01	2.542048584503202591e-01	1.540847352755849720e-01	7.375016120163435662e-02	3.092249539599912014e-02	7.729693014154717656e-02
1.192994134687392716e+03	2.525955638034140804e-01	1.568089689785858443e-01	2.543451909781773712e-01	1.541688845086080228e-01	7.378569424772760121e-02	3.094574868654409103e-02	7.734994879688109060e-02
1.194445465751489564e+03	2.523930288563451807e-01	1.566757886716721448e-01	2.544852788938324339e-01	1.542528856149399663e-01	7.382116798440740979e-02	3.096897033209938810e-02	7.740287964664153975e-02
1.195896796815585958e+03	2.521908380691713636e-01	1.565428347306375700e-01	2.546251226153052882e-01	1.543367388841614951e-01	7.385658251234608618e-02	3.099216035480700446e-02	7.745572283350932175e-02
1.197348127879682352e+03	2.519889908560410396e-01	1.564101067699030789e-01	2.547647225599034004e-01	1.544204446051707924e-01	7.389193793204701377e-02	3.101531877690857919e-02	7.750847849996425620e-02
1.198799458943779200e+03	2.517874866321045957e-01	1.562776044045498802e-01	2.549040791442233056e-01	1.545040030661855579e-01	7.392723434384493308e-02	3.103844562074462368e-02	7.756114678828524012e-02
1.200250790007875821e+03	2.515863248135123964e-01	1.561453272503183498e-01	2.550431927841518842e-01	1.545874145547451173e-01	7.396247184790623319e-02	3.106154090875374793e-02	7.761372784055038665e-02
1.201702121071972442e+03	2.513855048174133411e-01	1.560132749236068372e-01	2.551820638948673059e-01	1.546706793577125039e-01	7.399765054422918764e-02	3.108460466347190074e-02	7.766622179863703901e-02
1.203153452136069063e+03	2.511850260619529207e-01	1.558814470414705833e-01	2.553206928908404172e-01	1.547537977612765681e-01	7.403277053264417651e-02	3.110763690753162378e-02	7.771862880422189535e-02
1.204604783200165684e+03	2.509848879662714971e-01	1.557498432216204431e-01	2.554590801858359073e-01	1.548367700509539202e-01	7.406783191281399170e-02	3.113063766366128485e-02	7.777094899878107814e-02
1.206056114264262078e+03	2.507850899505027487e-01	1.556184630824219151e-01	2.555972261929136402e-01	1.549195965115912066e-01	7.410283478423407288e-02	3.115360695468433541e-02	7.782318252359025912e-02
1.207507445328358699e+03	2.505856314357716164e-01	1.554873062428939190e-01	2.557351313244296542e-01	1.550022774273669413e-01	7.413777924623274340e-02	3.117654480351854732e-02	7.787532951972470086e-02
1.208958776392455093e+03	2.503865118441930271e-01	1.553563723227076865e-01	2.558727959920374939e-01	1.550848130817937542e-01	7.417266539797152947e-02	3.119945123317529809e-02	7.792739012805936782e-02
1.210410107456551941e+03	2.501877305988698397e-01	1.552256609421855671e-01	2.560102206066894315e-01	1.551672037577202512e-01	7.420749333844532669e-02	3.122232626675881112e-02	7.797936448926898190e-02
1.211861438520648335e+03	2.499892871238912073e-01	1.550951717223000847e-01	2.561474055786374104e-01	1.552494497373331228e-01	7.424226316648274704e-02	3.124516992746543056e-02	7.803125274382821663e-02
1.213312769584745183e+03	2.497911808443309956e-01	1.549649042846726055e-01	2.562843513174346555e-01	1.553315513021591987e-01	7.427697498074632698e-02	3.126798223858288234e-02	7.808305503201165565e-02
1.214764100648841804e+03	2.495934111862458948e-01	1.548348582515722827e-01	2.564210582319364495e-01	1.554135087330673348e-01	7.431162887973274955e-02	3.129076322348955247e-02	7.813477149389397303e-02
1.216215431712937971e+03	2.493959775766738940e-01	1.547050332459150024e-01	2.565575267303016882e-01	1.554953223102706061e-01	7.434622496177316353e-02	3.131351290565376894e-02	7.818640226935003046e-02
1.217666762777034819e+03	2.491988794436324484e-01	1.545754288912621899e-01	2.566937572199939344e-01	1.555769923133281940e-01	7.438076332503343324e-02	3.133623130863306266e-02	7.823794749805494664e-02
1.219118093841131440e+03	2.490021162161167867e-01	1.544460448118196716e-01	2.568297501077824729e-01	1.556585190211472736e-01	7.441524406751434673e-02	3.135891845607347017e-02	7.828940731948418053e-02
1.220569424905228061e+03	2.488056873240983291e-01	1.543168806324366482e-01	2.569655057997435876e-01	1.557399027119852342e-01	7.444966728705189329e-02	3.138157437170881192e-02	7.834078187291368400e-02
1.222020755969324682e+03	2.486095921985229107e-01	1.541879359786044734e-01	2.571010247012618377e-01	1.558211436634514557e-01	7.448403308131754108e-02	3.140419907935999150e-02	7.839207129741997127e-02
1.223472087033421303e+03	2.484138302713090884e-01	1.540592104764556547e-01	2.572363072170312237e-01	1.559022421525093349e-01	7.451834154781845909e-02	3.142679260293428090e-02	7.844327573188020208e-02
1.224923418097517697e+03	2.482184009753464760e-01	1.539307037527626598e-01	2.573713537510560201e-01	1.559831984554783113e-01	7.455259278389779476e-02	3.144935496642462663e-02	7.849439531497233447e-02
1.226374749161614318e+03	2.480233037444940780e-01	1.538024154349368344e-01	2.575061647066525516e-01	1.560640128480356992e-01	7.458678688673489598e-02	3.147188619390894199e-02	7.854543018517522179e-02
1.227826080225710712e+03	2.478285380135785698e-01	1.536743451510272918e-01	2.576407404864499706e-01	1.561446856052187415e-01	7.462092395334561645e-02	3.149438630954942003e-02	7.859638048076866834e-02
1.229277411289807560e+03	2.476341032183927149e-01	1.535464925297198024e-01	2.577750814923914224e-01	1.562252170014264419e-01	7.465500408058252380e-02	3.151685533759184671e-02	7.864724633983355417e-02
1.230728742353903954e+03	2.474399987956935332e-01	1.534188572003357398e-01	2.579091881257353225e-01	1.563056073104215349e-01	7.468902736513516327e-02	3.153929330236490691e-02	7.869802790025204331e-02
1.232180073418000802e+03	2.472462241832008578e-01	1.532914387928308864e-01	2.580430607870566884e-01	1.563858568053325404e-01	7.472299390353032145e-02	3.156170022827949756e-02	7.874872529970751434e-02
1.233631404482097196e+03	2.470527788195954200e-01	1.531642369377944068e-01	2.581766998762479726e-01	1.564659657586554009e-01	7.475690379213227599e-02	3.158407613982806145e-02	7.879933867568481021e-02
1.235082735546193817e+03	2.468596621445173778e-01	1.530372512664477380e-01	2.583101057925203392e-01	1.565459344422556465e-01	7.479075712714303159e-02	3.160642106158388642e-02	7.884986816547033539e-02
1.236534066610290438e+03	2.466668735985645400e-01	1.529104814106435617e-01	2.584432789344049963e-01	1.566257631273701434e-01	7.482455400460259753e-02	3.162873501820046701e-02	7.890031390615209750e-02
1.237985397674387059e+03	2.464744126232907562e-01	1.527839270028645002e-01	2.585762196997541951e-01	1.567054520846090371e-01	7.485829452038922360e-02	3.165101803441079664e-02	7.895067603461990158e-02
1.239436728738483680e+03	2.462822786612043069e-01	1.526575876762222006e-01	2.587089284857424509e-01	1.567850015839576672e-01	7.489197877021967764e-02	3.167327013502672928e-02	7.900095468756543338e-02
1.240888059802580301e+03	2.460904711557661828e-01	1.525314630644562797e-01	2.588414056888675985e-01	1.568644118947782884e-01	7.492560684964942597e-02	3.169549134493831327e-02	7.905115000148234261e-02
1.242339390866676695e+03	2.458989895513883917e-01	1.524055528019331029e-01	2.589736517049522346e-01	1.569436832858122077e-01	7.495917885407298031e-02	3.171768168911312524e-02	7.910126211266642338e-02
1.243790721930773088e+03	2.457078332934324871e-01	1.522798565236447854e-01	2.591056669291444403e-01	1.570228160251813943e-01	7.499269487872407824e-02	3.173984119259560394e-02	7.915129115721571129e-02
1.245242052994869937e+03	2.455170018282077649e-01	1.521543738652080535e-01	2.592374517559192237e-01	1.571018103803905053e-01	7.502615501867596071e-02	3.176196988050641878e-02	7.920123727103056677e-02
1.246693384058966330e+03	2.453264946029696525e-01	1.520291044628632182e-01	2.593690065790796306e-01	1.571806666183286072e-01	7.505955936884166346e-02	3.178406777804182459e-02	7.925110058981384153e-02
1.248144715123063179e+03	2.451363110659182110e-01	1.519040479534730648e-01	2.595003317917579655e-01	1.572593850052711462e-01	7.509290802397415587e-02	3.180613491047298153e-02	7.930088124907098968e-02
1.249596046187159800e+03	2.449464506661962471e-01	1.517792039745217703e-01	2.596314277864165687e-01	1.573379658068816134e-01	7.512620107866671559e-02	3.182817130314534448e-02	7.935057938411019252e-02
1.251047377251256421e+03	2.447569128538879257e-01	1.516545721641138766e-01	2.597622949548495375e-01	1.574164092882135435e-01	7.515943862735309511e-02	3.185017698147800391e-02	7.940019513004246965e-02
1.252498708315352815e+03	2.445676970800170213e-01	1.515301521609730973e-01	2.598929336881833363e-01	1.574947157137122633e-01	7.519262076430781316e-02	3.187215197096308905e-02	7.944972862178181772e-02
1.253950039379449436e+03	2.443788027965453080e-01	1.514059436044414009e-01	2.600233443768783514e-01	1.575728853472166680e-01	7.522574758364639069e-02	3.189409629716506711e-02	7.949917999404532143e-02
1.255401370443546057e+03	2.441902294563709497e-01	1.512819461344778182e-01	2.601535274107296125e-01	1.576509184519610529e-01	7.525881917932560061e-02	3.191600998572018122e-02	7.954854938135332010e-02
1.256852701507642678e+03	2.440019765133268626e-01	1.511581593916574151e-01	2.602834831788682357e-01	1.577288152905769181e-01	7.529183564514370375e-02	3.193789306233580511e-02	7.959783691802947703e-02
1.258304032571739299e+03	2.438140434221791608e-01	1.510345830171703485e-01	2.604132120697625896e-01	1.578065761250948273e-01	7.532479707474071251e-02	3.195974555278979085e-02	7.964704273820098768e-02
1.259755363635835920e+03	2.436264296386254913e-01	1.509112166528205068e-01	2.605427144712191834e-01	1.578842012169460463e-01	7.535770356159866845e-02	3.198156748292988599e-02	7.969616697579860742e-02
1.261206694699932314e+03	2.434391346192933681e-01	1.507880599410247047e-01	2.606719907703839989e-01	1.579616908269644848e-01	7.539055519904182268e-02	3.200335887867310214e-02	7.974520976455690136e-02
1.262658025764028707e+03	2.432521578217387292e-01	1.506651125248115453e-01	2.608010413537435457e-01	1.580390452153882797e-01	7.542335208023694115e-02	3.202511976600509735e-02	7.979417123801428591e-02
1.264109356828125556e+03	2.430654987044441606e-01	1.505423740478203098e-01	2.609298666071258599e-01	1.581162646418617646e-01	7.545609429819352676e-02	3.204685017097959332e-02	7.984305152951318152e-02
1.265560687892221949e+03	2.428791567268173968e-01	1.504198441543000697e-01	2.610584669157018367e-01	1.581933493654371081e-01	7.548878194576406908e-02	3.206855011971772307e-02	7.989185077220017916e-02
1.267012018956318798e+03	2.426931313491896836e-01	1.502975224891083816e-01	2.611868426639863960e-01	1.582702996445760624e-01	7.552141511564430809e-02	3.209021963840746894e-02	7.994056909902616526e-02
1.268463350020415419e+03	2.425074220328141683e-01	1.501754086977103719e-01	2.613149942358392597e-01	1.583471157371517390e-01	7.555399390037345619e-02	3.211185875330306583e-02	7.998920664274641878e-02
1.269914681084511813e+03	2.423220282398644010e-01	1.500535024261777373e-01	2.614429220144663391e-01	1.584237979004503305e-01	7.558651839233447578e-02	3.213346749072434894e-02	8.003776353592081949e-02
1.271366012148608434e+03	2.421369494334325856e-01	1.499318033211876344e-01	2.615706263824209565e-01	1.585003463911728860e-01	7.561898868375428739e-02	3.215504587705621947e-02	8.008623991091390337e-02
1.272817343212705055e+03	2.419521850775281646e-01	1.498103110300215424e-01	2.616981077216046225e-01	1.585767614654369773e-01	7.565140486670403341e-02	3.217659393874803403e-02	8.013463589989511249e-02
1.274268674276801676e+03	2.417677346370761260e-01	1.496890252005643740e-01	2.618253664132684233e-01	1.586530433787784189e-01	7.568376703309936948e-02	3.219811170231300784e-02	8.018295163483880883e-02
1.275720005340898297e+03	2.415835975779154488e-01	1.495679454813033660e-01	2.619524028380139646e-01	1.587291923861530452e-01	7.571607527470061716e-02	3.221959919432764580e-02	8.023118724752449638e-02
1.277171336404994690e+03	2.413997733667974932e-01	1.494470715213269685e-01	2.620792173757945376e-01	1.588052087419383473e-01	7.574832968311308312e-02	3.224105644143115262e-02	8.027934286953694598e-02
1.278622667469091539e+03	2.412162614713845299e-01	1.493264029703239293e-01	2.622058104059163952e-01	1.588810926999351669e-01	7.578053034978726732e-02	3.226248347032484309e-02	8.032741863226634804e-02
1.280073998533187932e+03	2.410330613602480743e-01	1.492059394785821835e-01	2.623321823070395298e-01	1.589568445133694996e-01	7.581267736601915441e-02	3.228388030777160078e-02	8.037541466690843739e-02
1.281525329597284326e+03	2.408501725028673046e-01	1.490856806969877713e-01	2.624583334571791160e-01	1.590324644348940497e-01	7.584477082295039418e-02	3.230524698059528133e-02	8.042333110446463207e-02
1.282976660661381175e+03	2.406675943696275355e-01	1.489656262770239215e-01	2.625842642337061772e-01	1.591079527165899510e-01	7.587681081156859297e-02	3.232658351568012262e-02	8.047116807574222763e-02
1.284427991725477568e+03	2.404853264318186912e-01	1.488457758707699141e-01	2.627099750133491951e-01	1.591833096099684597e-01	7.590879742270753572e-02	3.234788993997022438e-02	8.051892571135445265e-02
1.285879322789574417e+03	2.403033681616336403e-01	1.487261291309001365e-01	2.628354661721948871e-01	1.592585353659726477e-01	7.594073074704746351e-02	3.236916628046895839e-02	8.056660414172076012e-02
1.287330653853671038e+03	2.401217190321667527e-01	1.486066857106829731e-01	2.629607380856893162e-01	1.593336302349789291e-01	7.597261087511526789e-02	3.239041256423842025e-02	8.061420349706678590e-02
1.288781984917767431e+03	2.399403785174122616e-01	1.484874452639798059e-01	2.630857911286391126e-01	1.594085944667989196e-01	7.600443789728476840e-02	3.241162881839886045e-02	8.066172390742469556e-02
1.290233315981864052e+03	2.397593460922627373e-01	1.483684074452439605e-01	2.632106256752124729e-01	1.594834283106809358e-01	7.603621190377694850e-02	3.243281507012812231e-02	8.070916550263321221e-02
