1.001418434226643626e+03	2.825840377608460630e-01	1.765655971033017191e-01	2.335609586882085864e-01	1.416416180256763746e-01	6.852054446368660567e-02	2.760399520217709374e-02	6.952324875604153076e-02
1.002869765290740247e+03	2.823305640459305987e-01	1.763988479059630243e-01	2.337373177936434288e-01	1.417478884969686770e-01	6.856475404093079207e-02	2.763158573939600293e-02	6.958904197710544248e-02
1.004321096354836754e+03	2.820775212071593430e-01	1.762323822551746244e-01	2.339133707197908474e-01	1.418539663058984435e-01	6.860888971246800749e-02	2.765914276983254261e-02	6.965472702961421347e-02
1.005772427418933376e+03	2.818249085100421047e-01	1.760661996674669771e-01	2.340891179895714380e-01	1.419598518534004872e-01	6.865295160300514954e-02	2.768666629380812233e-02	6.972030408264380530e-02
1.007223758483029997e+03	2.815727252213545140e-01	1.759002996601968238e-01	2.342645601250138987e-01	1.420655455393564914e-01	6.869693983704600049e-02	2.771415631189449655e-02	6.978577330507582110e-02
1.008675089547126618e+03	2.813209706091358564e-01	1.757346817515456905e-01	2.344396976472569172e-01	1.421710477625985625e-01	6.874085453889144937e-02	2.774161282491223804e-02	6.985113486559740847e-02
1.010126420611223239e+03	2.810696439426863535e-01	1.755693454605186943e-01	2.346145310765502534e-01	1.422763589209128932e-01	6.878469583263983889e-02	2.776903583392919053e-02	6.991638893270089861e-02
1.011577751675319632e+03	2.808187444925651644e-01	1.754042903069431558e-01	2.347890609322566824e-01	1.423814794110433990e-01	6.882846384218714586e-02	2.779642534025896297e-02	6.998153567468361202e-02
1.013029082739416367e+03	2.805682715305879427e-01	1.752395158114672946e-01	2.349632877328531599e-01	1.424864096286954651e-01	6.887215869122727263e-02	2.782378134545938908e-02	7.004657525964762266e-02
1.014480413803512761e+03	2.803182243298243392e-01	1.750750214955589801e-01	2.351372119959325990e-01	1.425911499685393324e-01	6.891578050325229687e-02	2.785110385133103550e-02	7.011150785549956355e-02
1.015931744867609382e+03	2.800686021645958923e-01	1.749108068815043437e-01	2.353108342382053131e-01	1.426957008242137892e-01	6.895932940155272139e-02	2.787839285991569258e-02	7.017633362995036317e-02
1.017383075931706003e+03	2.798194043104736406e-01	1.747468714924065025e-01	2.354841549755005148e-01	1.428000625883298624e-01	6.900280550921773781e-02	2.790564837349487556e-02	7.024105275051502340e-02
1.018834406995802851e+03	2.795706300442757364e-01	1.745832148521841709e-01	2.356571747227677871e-01	1.429042356524741486e-01	6.904620894913550411e-02	2.793287039458834664e-02	7.030566538451243908e-02
1.020285738059899245e+03	2.793222786440652805e-01	1.744198364855703842e-01	2.358298939940787209e-01	1.430082204072125607e-01	6.908953984399339443e-02	2.796005892595262304e-02	7.037017169906514824e-02
1.021737069123995752e+03	2.790743493891479354e-01	1.742567359181112496e-01	2.360023133026282471e-01	1.431120172420937420e-01	6.913279831627822114e-02	2.798721397057951643e-02	7.043457186109915169e-02
1.023188400188092373e+03	2.788268415600697048e-01	1.740939126761645306e-01	2.361744331607363301e-01	1.432156265456526745e-01	6.917598448827655400e-02	2.801433553169464796e-02	7.049886603734367707e-02
1.024639731252188767e+03	2.785797544386144908e-01	1.739313662868983978e-01	2.363462540798493272e-01	1.433190487054140094e-01	6.921909848207494220e-02	2.804142361275601195e-02	7.056305439433098459e-02
1.026091062316285615e+03	2.783330873078020407e-01	1.737690962782899307e-01	2.365177765705415436e-01	1.434222841078957034e-01	6.926214041956020584e-02	2.806847821745250826e-02	7.062713709839618659e-02
1.027542393380382237e+03	2.780868394518856146e-01	1.736071021791240621e-01	2.366890011425167584e-01	1.435253331386124875e-01	6.930511042241965791e-02	2.809549934970250601e-02	7.069111431567703940e-02
1.028993724444478858e+03	2.778410101563495993e-01	1.734453835189921078e-01	2.368599283046096682e-01	1.436281961820792541e-01	6.934800861214138190e-02	2.812248701365239675e-02	7.075498621211376293e-02
1.030445055508575479e+03	2.775955987079073428e-01	1.732839398282904064e-01	2.370305585647874413e-01	1.437308736218143868e-01	6.939083511001450932e-02	2.814944121367518592e-02	7.081875295344881860e-02
1.031896386572671872e+03	2.773506043944990451e-01	1.731227706382191256e-01	2.372008924301511334e-01	1.438333658403435078e-01	6.943359003712945565e-02	2.817636195436903565e-02	7.088241470522675669e-02
1.033347717636768493e+03	2.771060265052893712e-01	1.729618754807808467e-01	2.373709304069371862e-01	1.439356732192025312e-01	6.947627351437822563e-02	2.820324924055587698e-02	7.094597163279402208e-02
1.034799048700865114e+03	2.768618643306652305e-01	1.728012538887792604e-01	2.375406730005189815e-01	1.440377961389412431e-01	6.951888566245460754e-02	2.823010307727999088e-02	7.100942390129877380e-02
1.036250379764961508e+03	2.766181171622334456e-01	1.726409053958178341e-01	2.377101207154082296e-01	1.441397349791267157e-01	6.956142660185450632e-02	2.825692346980660657e-02	7.107277167569070464e-02
1.037701710829058356e+03	2.763747842928189202e-01	1.724808295362985355e-01	2.378792740552565232e-01	1.442414901183465825e-01	6.960389645287616556e-02	2.828371042362050336e-02	7.113601512072087463e-02
1.039153041893154750e+03	2.761318650164619193e-01	1.723210258454205002e-01	2.380481335228566975e-01	1.443430619342123966e-01	6.964629533562043118e-02	2.831046394442462630e-02	7.119915440094154446e-02
1.040604372957251599e+03	2.758893586284162924e-01	1.721614938591786437e-01	2.382166996201444953e-01	1.444444508033629337e-01	6.968862336999105678e-02	2.833718403813869496e-02	7.126218968070602289e-02
1.042055704021347992e+03	2.756472644251469761e-01	1.720022331143624406e-01	2.383849728481998997e-01	1.445456571014676617e-01	6.973088067569491177e-02	2.836387071089784689e-02	7.132512112416848626e-02
1.043507035085444613e+03	2.754055817043278287e-01	1.718432431485545364e-01	2.385529537072486050e-01	1.446466812032298488e-01	6.977306737224224509e-02	2.839052396905124981e-02	7.138794889528379817e-02
1.044958366149541234e+03	2.751643097648397984e-01	1.716845235001295267e-01	2.387206426966635431e-01	1.447475234823900891e-01	6.981518357894701821e-02	2.841714381916076240e-02	7.145067315780739836e-02
1.046409697213637855e+03	2.749234479067683146e-01	1.715260737082525133e-01	2.388880403149662435e-01	1.448481843117293000e-01	6.985722941492709948e-02	2.844373026799955004e-02	7.151329407529510851e-02
1.047861028277734476e+03	2.746829954314012889e-01	1.713678933128777448e-01	2.390551470598284711e-01	1.449486640630722467e-01	6.989920499910456941e-02	2.847028332255076288e-02	7.157581181110303503e-02
1.049312359341831097e+03	2.744429516412269510e-01	1.712099818547475616e-01	2.392219634280734475e-01	1.450489631072906238e-01	6.994111045020595663e-02	2.849680299000618630e-02	7.163822652838734706e-02
1.050763690405927491e+03	2.742033158399316828e-01	1.710523388753908136e-01	2.393884899156775437e-01	1.451490818143063855e-01	6.998294588676254313e-02	2.852328927776490164e-02	7.170053839010420704e-02
1.052215021470024112e+03	2.739640873323978543e-01	1.708949639171216395e-01	2.395547270177715848e-01	1.452490205530949374e-01	7.002471142711057250e-02	2.854974219343196437e-02	7.176274755900957647e-02
1.053666352534120733e+03	2.737252654247016026e-01	1.707378565230382172e-01	2.397206752286423215e-01	1.453487796916883013e-01	7.006640718939155521e-02	2.857616174481707877e-02	7.182485419765909096e-02
1.055117683598217127e+03	2.734868494241107229e-01	1.705810162370213212e-01	2.398863350417338725e-01	1.454483595971784726e-01	7.010803329155254615e-02	2.860254793993328645e-02	7.188685846840797700e-02
1.056569014662313975e+03	2.732488386390826696e-01	1.704244426037331006e-01	2.400517069496492240e-01	1.455477606357203357e-01	7.014958985134638059e-02	2.862890078699565147e-02	7.194876053341084376e-02
1.058020345726410369e+03	2.730112323792622808e-01	1.702681351686158029e-01	2.402167914441516172e-01	1.456469831725350217e-01	7.019107698633192394e-02	2.865522029441997312e-02	7.201056055462159988e-02
1.059471676790506763e+03	2.727740299554796133e-01	1.701120934778902749e-01	2.403815890161660473e-01	1.457460275719131004e-01	7.023249481387439097e-02	2.868150647082147106e-02	7.207225869379330074e-02
1.060923007854603611e+03	2.725372306797478883e-01	1.699563170785549360e-01	2.405461001557806511e-01	1.458448941972176061e-01	7.027384345114558173e-02	2.870775932501351199e-02	7.213385511247803750e-02
1.062374338918700232e+03	2.723008338652614380e-01	1.698008055183841958e-01	2.407103253522480946e-01	1.459435834108872010e-01	7.031512301512417296e-02	2.873397886600631904e-02	7.219534997202685378e-02
1.063825669982796853e+03	2.720648388263934292e-01	1.696455583459272887e-01	2.408742650939871277e-01	1.460420955744392846e-01	7.035633362259591239e-02	2.876016510300569151e-02	7.225674343358956531e-02
1.065277001046893474e+03	2.718292448786938653e-01	1.694905751105069414e-01	2.410379198685839164e-01	1.461404310484731572e-01	7.039747539015397959e-02	2.878631804541175246e-02	7.231803565811470436e-02
1.066728332110990095e+03	2.715940513388875877e-01	1.693358553622180407e-01	2.412012901627934580e-01	1.462385901926729903e-01	7.043854843419918021e-02	2.881243770281767189e-02	7.237922680634933936e-02
1.068179663175086489e+03	2.713592575248718886e-01	1.691813986519264956e-01	2.413643764625411081e-01	1.463365733658110179e-01	7.047955287094027910e-02	2.883852408500840736e-02	7.244031703883904716e-02
1.069630994239183110e+03	2.711248627557147350e-01	1.690272045312676275e-01	2.415271792529239403e-01	1.464343809257505902e-01	7.052048881639418065e-02	2.886457720195945847e-02	7.250130651592776032e-02
1.071082325303279504e+03	2.708908663516523818e-01	1.688732725526450873e-01	2.416896990182121341e-01	1.465320132294491151e-01	7.056135638638627583e-02	2.889059706383562479e-02	7.256219539775767002e-02
1.072533656367376352e+03	2.706572676340875949e-01	1.687196022692295239e-01	2.418519362418504459e-01	1.466294706329612230e-01	7.060215569655069190e-02	2.891658368098976029e-02	7.262298384426911502e-02
1.073984987431472746e+03	2.704240659255872092e-01	1.685661932349572234e-01	2.420138914064595692e-01	1.467267534914417082e-01	7.064288686233051451e-02	2.894253706396154174e-02	7.268367201520054000e-02
1.075436318495569594e+03	2.701912605498805187e-01	1.684130450045288607e-01	2.421755649938376331e-01	1.468238621591485826e-01	7.068354999897810687e-02	2.896845722347624746e-02	7.274426007008831518e-02
1.076887649559666215e+03	2.699588508318568891e-01	1.682601571334082224e-01	2.423369574849615071e-01	1.469207969894460730e-01	7.072414522155535954e-02	2.899434417044353951e-02	7.280474816826672246e-02
1.078338980623762609e+03	2.697268360975637047e-01	1.681075291778208192e-01	2.424980693599882997e-01	1.470175583348075909e-01	7.076467264493394027e-02	2.902019791595623899e-02	7.286513646886781659e-02
1.079790311687859230e+03	2.694952156742042582e-01	1.679551606947526921e-01	2.426589010982566352e-01	1.471141465468186749e-01	7.080513238379559926e-02	2.904601847128912909e-02	7.292542513082136968e-02
1.081241642751955851e+03	2.692639888901360301e-01	1.678030512419490528e-01	2.428194531782882359e-01	1.472105619761800710e-01	7.084552455263241899e-02	2.907180584789774078e-02	7.298561431285476020e-02
1.082692973816052472e+03	2.690331550748684131e-01	1.676512003779130067e-01	2.429797260777892265e-01	1.473068049727105366e-01	7.088584926574706402e-02	2.909756005741716625e-02	7.304570417349293132e-02
1.084144304880149093e+03	2.688027135590604910e-01	1.674996076619043039e-01	2.431397202736514662e-01	1.474028758853498378e-01	7.092610663725303077e-02	2.912328111166086891e-02	7.310569487105829378e-02
1.085595635944245487e+03	2.685726636745194296e-01	1.673482726539379795e-01	2.432994362419540479e-01	1.474987750621617189e-01	7.096629678107500838e-02	2.914896902261948988e-02	7.316558656367061486e-02
1.087046967008342108e+03	2.683430047541980334e-01	1.671971949147831316e-01	2.434588744579646580e-01	1.475945028503367062e-01	7.100641981094905908e-02	2.917462380245969267e-02	7.322537940924700450e-02
1.088498298072438729e+03	2.681137361321929702e-01	1.670463740059615898e-01	2.436180353961409362e-01	1.476900595961951335e-01	7.104647584042289576e-02	2.920024546352296274e-02	7.328507356550180429e-02
1.089949629136535123e+03	2.678848571437426607e-01	1.668958094897466105e-01	2.437769195301318081e-01	1.477854456451899723e-01	7.108646498285620119e-02	2.922583401832445568e-02	7.334466918994654583e-02
1.091400960200631971e+03	2.676563671252252252e-01	1.667455009291617107e-01	2.439355273327790674e-01	1.478806613419096916e-01	7.112638735142085000e-02	2.925138947955183838e-02	7.340416643988986745e-02
1.092852291264728365e+03	2.674282654141565407e-01	1.665954478879792533e-01	2.440938592761186243e-01	1.479757070300810884e-01	7.116624305910115855e-02	2.927691186006413024e-02	7.346356547243748647e-02
1.094303622328825213e+03	2.672005513491881312e-01	1.664456499307192250e-01	2.442519158313818384e-01	1.480705830525722577e-01	7.120603221869423183e-02	2.930240117289054785e-02	7.352286644449206043e-02
1.095754953392921607e+03	2.669732242701053360e-01	1.662961066226479601e-01	2.444096974689969892e-01	1.481652897513952849e-01	7.124575494281012999e-02	2.932785743122937744e-02	7.358206951275320096e-02
1.097206284457018228e+03	2.667462835178251446e-01	1.661468175297768357e-01	2.445672046585906367e-01	1.482598274677092154e-01	7.128541134387224310e-02	2.935328064844682297e-02	7.364117483371743211e-02
1.098657615521114849e+03	2.665197284343941986e-01	1.659977822188610508e-01	2.447244378689888977e-01	1.483541965418227471e-01	7.132500153411745758e-02	2.937867083807588209e-02	7.370018256367806553e-02
1.100108946585211470e+03	2.662935583629869596e-01	1.658490002573982935e-01	2.448813975682189725e-01	1.484483973131971724e-01	7.136452562559650326e-02	2.940402801381521852e-02	7.375909285872521426e-02
1.101560277649308091e+03	2.660677726479035443e-01	1.657004712136274649e-01	2.450380842235103940e-01	1.485424301204489872e-01	7.140398373017418920e-02	2.942935218952803800e-02	7.381790587474570953e-02
1.103011608713404712e+03	2.658423706345678927e-01	1.655521946565275404e-01	2.451944983012963875e-01	1.486362953013528054e-01	7.144337595952962583e-02	2.945464337924098147e-02	7.387662176742308684e-02
1.104462939777501106e+03	2.656173516695256032e-01	1.654041701558160715e-01	2.453506402672153974e-01	1.487299931928441621e-01	7.148270242515659956e-02	2.947990159714301492e-02	7.393524069223750272e-02
1.105914270841597499e+03	2.653927151004421559e-01	1.652563972819481031e-01	2.455065105861122254e-01	1.488235241310221224e-01	7.152196323836373937e-02	2.950512685758430523e-02	7.399376280446572085e-02
1.107365601905694348e+03	2.651684602761007481e-01	1.651088756061148688e-01	2.456621097220395289e-01	1.489168884511521684e-01	7.156115851027486374e-02	2.953031917507515508e-02	7.405218825918109815e-02
1.108816932969790741e+03	2.649445865464005734e-01	1.649616047002425145e-01	2.458174381382590701e-01	1.490100864876688080e-01	7.160028835182916107e-02	2.955547856428488926e-02	7.411051721125347380e-02
1.110268264033887590e+03	2.647210932623545454e-01	1.648145841369907383e-01	2.459724962972432427e-01	1.491031185741784337e-01	7.163935287378155048e-02	2.958060504004076871e-02	7.416874981534921085e-02
1.111719595097984211e+03	2.644979797760875218e-01	1.646678134897517354e-01	2.461272846606762932e-01	1.491959850434619594e-01	7.167835218670286224e-02	2.960569861732691502e-02	7.422688622593115459e-02
1.113170926162080832e+03	2.642752454408345275e-01	1.645212923326487831e-01	2.462818036894556528e-01	1.492886862274775128e-01	7.171728640098018470e-02	2.963075931128323140e-02	7.428492659725852154e-02
1.114622257226177226e+03	2.640528896109384238e-01	1.643750202405350469e-01	2.464360538436933534e-01	1.493812224573630998e-01	7.175615562681708637e-02	2.965578713720433759e-02	7.434287108338702432e-02
1.116073588290273847e+03	2.638309116418482980e-01	1.642289967889922486e-01	2.465900355827173596e-01	1.494735940634393523e-01	7.179495997423389342e-02	2.968078211053849086e-02	7.440071983816871903e-02
1.117524919354370468e+03	2.636093108901171878e-01	1.640832215543295558e-01	2.467437493650728730e-01	1.495658013752122206e-01	7.183369955306795340e-02	2.970574424688654167e-02	7.445847301525204687e-02
1.118976250418467089e+03	2.633880867134005821e-01	1.639376941135821664e-01	2.468971956485236097e-01	1.496578447213755547e-01	7.187237447297391280e-02	2.973067356200086511e-02	7.451613076808176472e-02
1.120427581482563710e+03	2.631672384704539236e-01	1.637924140445101984e-01	2.470503748900534091e-01	1.497497244298137409e-01	7.191098484342396679e-02	2.975557007178433050e-02	7.457369324989898685e-02
1.121878912546660331e+03	2.629467655211312205e-01	1.636473809255973300e-01	2.472032875458671786e-01	1.498414408276043941e-01	7.194953077370812300e-02	2.978043379228923274e-02	7.463116061374112931e-02
1.123330243610756725e+03	2.627266672263827707e-01	1.635025943360496614e-01	2.473559340713925581e-01	1.499329942410209393e-01	7.198801237293453448e-02	2.980526473971627233e-02	7.468853301244192389e-02
1.124781574674853118e+03	2.625069429482533856e-01	1.633580538557943829e-01	2.475083149212811140e-01	1.500243849955352204e-01	7.202642975002968018e-02	2.983006293041351453e-02	7.474581059863137644e-02
1.126232905738949967e+03	2.622875920498804470e-01	1.632137590654785808e-01	2.476604305494095881e-01	1.501156134158201649e-01	7.206478301373867024e-02	2.985482838087536589e-02	7.480299352473576691e-02
1.127684236803046360e+03	2.620686138954920752e-01	1.630697095464680169e-01	2.478122814088813963e-01	1.502066798257523650e-01	7.210307227262552354e-02	2.987956110774154378e-02	7.486008194297769092e-02
1.129135567867143209e+03	2.618500078504050754e-01	1.629259048808457400e-01	2.479638679520277944e-01	1.502975845484145756e-01	7.214129763507338977e-02	2.990426112779606682e-02	7.491707600537599043e-02
1.130586898931239830e+03	2.616317732810230501e-01	1.627823446514111150e-01	2.481151906304092936e-01	1.503883279060983236e-01	7.217945920928489634e-02	2.992892845796623139e-02	7.497397586374579537e-02
1.132038229995336451e+03	2.614139095548345115e-01	1.626390284416783238e-01	2.482662498948169649e-01	1.504789102203065165e-01	7.221755710328232880e-02	2.995356311532161933e-02	7.503078166969849583e-02
1.133489561059432845e+03	2.611964160404111612e-01	1.624959558358752554e-01	2.484170461952737163e-01	1.505693318117559409e-01	7.225559142490795006e-02	2.997816511707307799e-02	7.508749357464172824e-02
1.134940892123529466e+03	2.609792921074056693e-01	1.623531264189423673e-01	2.485675799810356246e-01	1.506595930003797879e-01	7.229356228182426403e-02	3.000273448057173831e-02	7.514411172977943087e-02
1.136392223187626087e+03	2.607625371265500092e-01	1.622105397765312429e-01	2.487178517005932676e-01	1.507496941053302342e-01	7.233146978151423767e-02	3.002727122330800871e-02	7.520063628611187156e-02
1.137843554251722708e+03	2.605461504696536257e-01	1.620681954950035086e-01	2.488678618016730293e-01	1.508396354449809407e-01	7.236931403128164797e-02	3.005177536291060367e-02	7.525706739443550897e-02
1.139294885315819101e+03	2.603301315096012702e-01	1.619260931614295851e-01	2.490176107312383758e-01	1.509294173369295777e-01	7.240709513825127619e-02	3.007624691714554793e-02	7.531340520534320071e-02
1.140746216379915950e+03	2.601144796203514464e-01	1.617842323635874657e-01	2.491670989354912713e-01	1.510190400980002123e-01	7.244481320936917157e-02	3.010068590391520513e-02	7.536964986922407850e-02
1.142197547444012343e+03	2.598991941769342451e-01	1.616426126899614679e-01	2.493163268598732885e-01	1.511085040442459726e-01	7.248246835140299826e-02	3.012509234125729934e-02	7.542580153626358974e-02
1.143648878508108737e+03	2.596842745554497345e-01	1.615012337297410117e-01	2.494652949490670235e-01	1.511978094909513792e-01	7.252006067094220187e-02	3.014946624734396452e-02	7.548186035644356695e-02
1.145100209572205586e+03	2.594697201330658509e-01	1.613600950728194539e-01	2.496140036469974011e-01	1.512869567526348713e-01	7.255759027439835640e-02	3.017380764048075564e-02	7.553782647954218610e-02
1.146551540636302207e+03	2.592555302880167334e-01	1.612191963097927838e-01	2.497624533968329230e-01	1.513759461430513042e-01	7.259505726800537240e-02	3.019811653910571200e-02	7.559370005513399438e-02
1.148002871700398828e+03	2.590417043996007807e-01	1.610785370319585408e-01	2.499106446409870563e-01	1.514647779751942536e-01	7.263246175781978842e-02	3.022239296178840309e-02	7.564948123258996571e-02
1.149454202764495449e+03	2.588282418481787084e-01	1.609381168313144816e-01	2.500585778211193988e-01	1.515534525612986794e-01	7.266980384972103468e-02	3.024663692722896757e-02	7.570517016107750075e-02
1.150905533828591842e+03	2.586151420151719393e-01	1.607979353005573875e-01	2.502062533781370668e-01	1.516419702128430913e-01	7.270708364941171065e-02	3.027084845425718346e-02	7.576076698956046851e-02
1.152356864892688463e+03	2.584024042830604384e-01	1.606579920330819256e-01	2.503536717521958610e-01	1.517303312405521576e-01	7.274430126241780703e-02	3.029502756183152096e-02	7.581627186679919250e-02
1.153808195956785084e+03	2.581900280353811028e-01	1.605182866229793448e-01	2.505008333827016820e-01	1.518185359543990087e-01	7.278145679408901114e-02	3.031917426903821614e-02	7.587168494135053398e-02
1.155259527020881706e+03	2.579780126567257081e-01	1.603788186650363934e-01	2.506477387083118624e-01	1.519065846636077355e-01	7.281855034959897055e-02	3.034328859509034110e-02	7.592700636156789196e-02
1.156710858084978327e+03	2.577663575327394097e-01	1.602395877547340142e-01	2.507943881669361108e-01	1.519944776766557204e-01	7.285558203394555676e-02	3.036737055932687418e-02	7.598223627560125870e-02
1.158162189149074720e+03	2.575550620501184107e-01	1.601005934882461512e-01	2.509407821957383433e-01	1.520822153012759415e-01	7.289255195195108727e-02	3.039142018121178401e-02	7.603737483139726139e-02
1.159613520213171569e+03	2.573441255966086860e-01	1.599618354624386118e-01	2.510869212311372944e-01	1.521697978444594701e-01	7.292946020826264475e-02	3.041543748033311706e-02	7.609242217669912045e-02
1.161064851277267962e+03	2.571335475610037613e-01	1.598233132748678453e-01	2.512328057088083488e-01	1.522572256124577472e-01	7.296630690735232683e-02	3.043942247640208515e-02	7.614737845904680225e-02
1.162516182341364356e+03	2.569233273331430478e-01	1.596850265237796940e-01	2.513784360636845960e-01	1.523444989107849423e-01	7.300309215351748204e-02	3.046337518925216342e-02	7.620224382577697742e-02
1.163967513405461204e+03	2.567134643039098996e-01	1.595469748081082828e-01	2.515238127299579962e-01	1.524316180442203128e-01	7.303981605088102902e-02	3.048729563883818133e-02	7.625701842402313191e-02
1.165418844469557826e+03	2.565039578652300034e-01	1.594091577274747984e-01	2.516689361410808790e-01	1.525185833168105631e-01	7.307647870339165075e-02	3.051118384523544488e-02	7.631170240071551147e-02
1.166870175533654447e+03	2.562948074100692697e-01	1.592715748821862398e-01	2.518138067297669980e-01	1.526053950318720376e-01	7.311308021482411379e-02	3.053503982863882069e-02	7.636629590258130207e-02
1.168321506597751068e+03	2.560860123324324444e-01	1.591342258732343640e-01	2.519584249279928634e-01	1.526920534919932182e-01	7.314962068877949031e-02	3.055886360936186860e-02	7.642079907614453271e-02
1.169772837661847461e+03	2.558775720273607224e-01	1.589971103022943255e-01	2.521027911669991850e-01	1.527785589990368620e-01	7.318610022868549114e-02	3.058265520783595010e-02	7.647521206772624203e-02
1.171224168725944082e+03	2.556694858909304702e-01	1.588602277717236777e-01	2.522469058772918160e-01	1.528649118541424157e-01	7.322251893779663234e-02	3.060641464460935740e-02	7.652953502344446435e-02
1.172675499790040703e+03	2.554617533202512281e-01	1.587235778845610401e-01	2.523907694886430297e-01	1.529511123577282361e-01	7.325887691919456823e-02	3.063014194034643228e-02	7.658376808921431300e-02
1.174126830854137097e+03	2.552543737134637669e-01	1.585871602445250161e-01	2.525343824300931295e-01	1.530371608094938107e-01	7.329517427578832733e-02	3.065383711582670215e-02	7.663791141074802193e-02
1.175578161918233945e+03	2.550473464697385895e-01	1.584509744560129996e-01	2.526777451299514476e-01	1.531230575084221723e-01	7.333141111031460380e-02	3.067750019194401268e-02	7.669196513355500122e-02
1.177029492982330339e+03	2.548406709892739319e-01	1.583150201240999533e-01	2.528208580157974006e-01	1.532088027527819529e-01	7.336758752533795169e-02	3.070113118970567087e-02	7.674592940294189258e-02
1.178480824046426733e+03	2.546343466732939875e-01	1.581792968545372435e-01	2.529637215144822648e-01	1.532943968401298818e-01	7.340370362325113196e-02	3.072473013023158117e-02	7.679980436401268040e-02
1.179932155110523581e+03	2.544283729240471859e-01	1.580438042537515575e-01	2.531063360521297323e-01	1.533798400673128115e-01	7.343975950627532057e-02	3.074829703475341972e-02	7.685359016166863622e-02
1.181383486174620202e+03	2.542227491448045273e-01	1.579085419288435987e-01	2.532487020541378531e-01	1.534651327304700219e-01	7.347575527646037219e-02	3.077183192461375311e-02	7.690728694060852688e-02
1.182834817238716823e+03	2.540174747398574739e-01	1.577735094875870325e-01	2.533908199451799792e-01	1.535502751250354403e-01	7.351169103568511165e-02	3.079533482126521962e-02	7.696089484532854519e-02
1.184286148302813444e+03	2.538125491145163393e-01	1.576387065384272923e-01	2.535326901492057083e-01	1.536352675457398065e-01	7.354756688565759759e-02	3.081880574626968267e-02	7.701441402012246251e-02
1.185737479366910065e+03	2.536079716751086788e-01	1.575041326904802752e-01	2.536743130894424381e-01	1.537201102866130042e-01	7.358338292791533064e-02	3.084224472129739811e-02	7.706784460908168433e-02
1.187188810431006686e+03	2.534037418289774024e-01	1.573697875535315094e-01	2.538156891883967536e-01	1.538048036409861430e-01	7.361913926382555873e-02	3.086565176812618508e-02	7.712118675609527796e-02
1.188640141495103080e+03	2.531998589844789982e-01	1.572356707380345997e-01	2.539568188678552607e-01	1.538893479014937227e-01	7.365483599458552688e-02	3.088902690864060718e-02	7.717444060485009749e-02
1.190091472559199701e+03	2.529963225509817559e-01	1.571017818551103951e-01	2.540977025488860286e-01	1.539737433600759098e-01	7.369047322122275478e-02	3.091237016483113637e-02	7.722760629883082539e-02
1.191542803623296322e+03	2.527931319388639908e-01	1.569681205165456284e-01	2.542383406518399780e-01	1.540579903079805912e-01	7.372605104459525882e-02	3.093568155879335493e-02	7.728068398132002803e-02
1.192994134687392716e+03	2.525902865595122671e-01	1.568346863347918618e-01	2.543787335963517693e-01	1.541420890357656226e-01	7.376156956539184351e-02	3.095896111272712983e-02	7.733367379539829445e-02
1.194445465751489564e+03	2.523877858253198991e-01	1.567014789229642935e-01	2.545188818013411902e-01	1.542260398333009375e-01	7.379702888413236517e-02	3.098220884893579732e-02	7.738657588394425024e-02
1.195896796815585958e+03	2.521856291496848979e-01	1.565684978948406469e-01	2.546587856850144327e-01	1.543098429897707402e-01	7.383242910116799562e-02	3.100542478982539277e-02	7.743939038963464083e-02
1.197348127879682352e+03	2.519838159470084160e-01	1.564357428648599224e-01	2.547984456648652030e-01	1.543934987936755043e-01	7.386777031668143034e-02	3.102860895790381102e-02	7.749211745494447023e-02
1.198799458943779200e+03	2.517823456326928055e-01	1.563032134481214253e-01	2.549378621576759985e-01	1.544770075328342485e-01	7.390305263068719377e-02	3.105176137578003967e-02	7.754475722214702882e-02
1.200250790007875821e+03	2.515812176231401187e-01	1.561709092603835169e-01	2.550770355795193289e-01	1.545603694943865625e-01	7.393827614303191686e-02	3.107488206616334722e-02	7.759730983331399046e-02
1.201702121071972442e+03	2.513804313357502207e-01	1.560388299180623661e-01	2.552159663457588823e-01	1.546435849647947447e-01	7.397344095339454528e-02	3.109797105186249896e-02	7.764977543031546803e-02
1.203153452136069063e+03	2.511799861889191798e-01	1.559069750382310604e-01	2.553546548710508013e-01	1.547266542298459113e-01	7.400854716128660304e-02	3.112102835578499371e-02	7.770215415482017995e-02
1.204604783200165684e+03	2.509798816020373247e-01	1.557753442386182463e-01	2.554931015693447938e-01	1.548095775746540503e-01	7.404359486605252560e-02	3.114405400093626236e-02	7.775444614829545020e-02
1.206056114264262078e+03	2.507801169954877452e-01	1.556439371376071301e-01	2.556313068538855759e-01	1.548923552836621031e-01	7.407858416686981251e-02	3.116704801041889419e-02	7.780665155200731931e-02
1.207507445328358699e+03	2.505806917906445164e-01	1.555127533542343121e-01	2.557692711372136496e-01	1.549749876406441296e-01	7.411351516274937434e-02	3.119001040743187708e-02	7.785877050702071089e-02
1.208958776392455093e+03	2.503816054098709221e-01	1.553817925081885098e-01	2.559069948311669673e-01	1.550574749287072507e-01	7.414838795253572701e-02	3.121294121526982379e-02	7.791080315419939006e-02
1.210410107456551941e+03	2.501828572765177339e-01	1.552510542198096699e-01	2.560444783468818764e-01	1.551398174302937305e-01	7.418320263490729705e-02	3.123584045732220871e-02	7.796274963420615767e-02
1.211861438520648335e+03	2.499844468149214904e-01	1.551205381100876635e-01	2.561817220947942841e-01	1.552220154271831132e-01	7.421795930837664368e-02	3.125870815707261496e-02	7.801461008750290582e-02
1.213312769584745183e+03	2.497863734504029154e-01	1.549902438006612593e-01	2.563187264846409352e-01	1.553040692004941659e-01	7.425265807129073636e-02	3.128154433809795382e-02	7.806638465435072893e-02
1.214764100648841804e+03	2.495886366092650577e-01	1.548601709138169302e-01	2.564554919254607435e-01	1.553859790306869881e-01	7.428729902183119072e-02	3.130434902406774994e-02	7.811807347481000696e-02
1.216215431712937971e+03	2.493912357187917650e-01	1.547303190724877708e-01	2.565920188255956802e-01	1.554677451975649272e-01	7.432188225801457382e-02	3.132712223874337815e-02	7.816967668874051645e-02
1.217666762777034819e+03	2.491941702072457965e-01	1.546006879002523871e-01	2.567283075926922731e-01	1.555493679802767426e-01	7.435640787769262627e-02	3.134986400597730011e-02	7.822119443580149989e-02
1.219118093841131440e+03	2.489974395038671851e-01	1.544712770213337028e-01	2.568643586337026608e-01	1.556308476573184940e-01	7.439087597855247036e-02	3.137257434971236353e-02	7.827262685545183230e-02
1.220569424905228061e+03	2.488010430388715999e-01	1.543420860605979605e-01	2.570001723548855366e-01	1.557121845065355670e-01	7.442528665811699862e-02	3.139525329398103193e-02	7.832397408695004892e-02
1.222020755969324682e+03	2.486049802434485978e-01	1.542131146435534450e-01	2.571357491618078139e-01	1.557933788051247270e-01	7.445964001374497099e-02	3.141790086290466300e-02	7.837523626935445631e-02
1.223472087033421303e+03	2.484092505497600412e-01	1.540843623963496223e-01	2.572710894593455144e-01	1.558744308296360070e-01	7.449393614263138952e-02	3.144051708069279388e-02	7.842641354152331268e-02
1.224923418097517697e+03	2.482138533909382383e-01	1.539558289457757523e-01	2.574061936516848781e-01	1.559553408559748444e-01	7.452817514180772041e-02	3.146310197164239875e-02	7.847750604211488346e-02
1.226374749161614318e+03	2.480187882010844169e-01	1.538275139192599450e-01	2.575410621423237512e-01	1.560361091594038019e-01	7.456235710814210216e-02	3.148565556013718791e-02	7.852851390958751066e-02
1.227826080225710712e+03	2.478240544152669478e-01	1.536994169448680503e-01	2.576756953340726408e-01	1.561167360145447602e-01	7.459648213833969255e-02	3.150817787064685849e-02	7.857943728219975166e-02
1.229277411289807560e+03	2.476296514695196793e-01	1.535715376513024366e-01	2.578100936290559919e-01	1.561972216953808057e-01	7.463055032894283514e-02	3.153066892772641433e-02	7.863027629801054574e-02
1.230728742353903954e+03	2.474355788008404389e-01	1.534438756679009641e-01	2.579442574287131862e-01	1.562775664752580895e-01	7.466456177633136460e-02	3.155312875601543748e-02	7.868103109487924185e-02
1.232180073418000802e+03	2.472418358471890898e-01	1.533164306246360131e-01	2.580781871337998745e-01	1.563577706268878542e-01	7.469851657672285650e-02	3.157555738023738734e-02	7.873170181046576510e-02
1.233631404482097196e+03	2.470484220474860049e-01	1.531892021521131242e-01	2.582118831443889762e-01	1.564378344223483486e-01	7.473241482617284936e-02	3.159795482519890675e-02	7.878228858223067232e-02
1.235082735546193817e+03	2.468553368416104565e-01	1.530621898815701099e-01	2.583453458598720109e-01	1.565177581330867429e-01	7.476625662057514998e-02	3.162032111578911425e-02	7.883279154743536021e-02
1.236534066610290438e+03	2.466625796703988682e-01	1.529353934448758057e-01	2.584785756789601541e-01	1.565975420299210719e-01	7.480004205566201381e-02	3.164265627697891020e-02	7.888321084314207920e-02
1.237985397674387059e+03	2.464701499756432324e-01	1.528088124745291543e-01	2.586115729996855683e-01	1.566771863830420664e-01	7.483377122700449191e-02	3.166496033382028980e-02	7.893354660621410002e-02
1.239436728738483680e+03	2.462780472000893062e-01	1.526824466036579842e-01	2.587443382194024033e-01	1.567566914620151242e-01	7.486744423001262527e-02	3.168723331144564920e-02	7.898379897331585242e-02
1.240888059802580301e+03	2.460862707874351407e-01	1.525562954660178994e-01	2.588768717347878501e-01	1.568360575357822251e-01	7.490106115993569458e-02	3.170947523506710553e-02	7.903396808091300851e-02
1.242339390866676695e+03	2.458948201823293878e-01	1.524303586959913082e-01	2.590091739418435290e-01	1.569152848726637350e-01	7.493462211186248390e-02	3.173168612997583071e-02	7.908405406527262149e-02
1.243790721930773088e+03	2.457036948303695789e-01	1.523046359285862295e-01	2.591412452358966001e-01	1.569943737403603212e-01	7.496812718072155823e-02	3.175386602154134374e-02	7.913405706246322280e-02
1.245242052994869937e+03	2.455128941781005436e-01	1.521791267994352936e-01	2.592730860116008174e-01	1.570733244059548950e-01	7.500157646128145783e-02	3.177601493521086534e-02	7.918397720835498865e-02
1.246693384058966330e+03	2.453224176730127992e-01	1.520538309447945491e-01	2.594046966629376949e-01	1.571521371359143049e-01	7.503497004815104510e-02	3.179813289650862407e-02	7.923381463861982332e-02
1.248144715123063179e+03	2.451322647635408303e-01	1.519287480015425462e-01	2.595360775832177280e-01	1.572308121960913629e-01	7.506830803577964339e-02	3.182021993103521795e-02	7.928356948873152565e-02
1.249596046187159800e+03	2.449424348990615341e-01	1.518038776071790885e-01	2.596672291650813924e-01	1.573093498517266486e-01	7.510159051845738398e-02	3.184227606446694836e-02	7.933324189396583070e-02
1.251047377251256421e+03	2.447529275298925278e-01	1.516792193998242610e-01	2.597981518005005874e-01	1.573877503674502576e-01	7.513481759031535867e-02	3.186430132255513303e-02	7.938283198940064567e-02
1.252498708315352815e+03	2.445637421072905660e-01	1.515547730182173480e-01	2.599288458807794688e-01	1.574660140072837999e-01	7.516798934532602228e-02	3.188629573112547466e-02	7.943233990991610538e-02
1.253950039379449436e+03	2.443748780834499035e-01	1.514305381017157226e-01	2.600593117965556700e-01	1.575441410346420934e-01	7.520110587730324814e-02	3.190825931607740168e-02	7.948176579019475274e-02
1.255401370443546057e+03	2.441863349115006854e-01	1.513065142902937921e-01	2.601895499378014676e-01	1.576221317123350507e-01	7.523416727990274444e-02	3.193019210338341601e-02	7.953110976472160809e-02
1.256852701507642678e+03	2.439981120455073649e-01	1.511827012245419433e-01	2.603195606938250029e-01	1.576999863025694282e-01	7.526717364662220688e-02	3.195209411908847552e-02	7.958037196778436351e-02
1.258304032571739299e+03	2.438102089404669826e-01	1.510590985456654323e-01	2.604493444532712809e-01	1.577777050669507131e-01	7.530012507080162398e-02	3.197396538930930704e-02	7.962955253347345219e-02
1.259755363635835920e+03	2.436226250523076120e-01	1.509357058954833852e-01	2.605789016041233364e-01	1.578552882664849277e-01	7.533302164562351300e-02	3.199580594023380270e-02	7.967865159568222888e-02
1.261206694699932314e+03	2.434353598378868055e-01	1.508125229164277159e-01	2.607082325337033990e-01	1.579327361615802672e-01	7.536586346411315585e-02	3.201761579812036074e-02	7.972766928810709475e-02
1.262658025764028707e+03	2.432484127549898456e-01	1.506895492515420154e-01	2.608373376286740042e-01	1.580100490120491530e-01	7.539865061913882116e-02	3.203939498929728180e-02	7.977660574424762230e-02
1.264109356828125556e+03	2.430617832623283292e-01	1.505667845444805530e-01	2.609662172750391584e-01	1.580872270771097321e-01	7.543138320341206959e-02	3.206114354016211671e-02	7.982546109740672191e-02
1.265560687892221949e+03	2.428754708195385026e-01	1.504442284395071383e-01	2.610948718581455053e-01	1.581642706153878752e-01	7.546406130948798974e-02	3.208286147718105580e-02	7.987423548069072510e-02
1.267012018956318798e+03	2.426894748871794572e-01	1.503218805814941494e-01	2.612233017626831022e-01	1.582411798849187312e-01	7.549668502976543405e-02	3.210454882688829059e-02	7.992292902700956492e-02
1.268463350020415419e+03	2.425037949267318527e-01	1.501997406159215065e-01	2.613515073726870308e-01	1.583179551431486975e-01	7.552925445648725478e-02	3.212620561588541701e-02	7.997154186907690088e-02
1.269914681084511813e+03	2.423184304005961687e-01	1.500778081888755333e-01	2.614794890715382292e-01	1.583945966469370581e-01	7.556176968174058151e-02	3.214783187084079702e-02	8.002007413941027159e-02
1.271366012148608434e+03	2.421333807720910947e-01	1.499560829470478751e-01	2.616072472419647132e-01	1.584711046525577038e-01	7.559423079745704321e-02	3.216942761848896881e-02	8.006852597033123353e-02
1.272817343212705055e+03	2.419486455054520313e-01	1.498345645377346103e-01	2.617347822660425760e-01	1.585474794157009371e-01	7.562663789541301806e-02	3.219099288563004313e-02	8.011689749396545823e-02
1.274268674276801676e+03	2.417642240658293695e-01	1.497132526088350291e-01	2.618620945251971532e-01	1.586237211914751644e-01	7.565899106722991097e-02	3.221252769912905101e-02	8.016518884224296815e-02
1.275720005340898297e+03	2.415801159192871028e-01	1.495921468088507178e-01	2.619891844002041892e-01	1.586998302344086453e-01	7.569129040437436173e-02	3.223403208591541641e-02	8.021340014689819220e-02
1.277171336404994690e+03	2.413963205328010786e-01	1.494712467868844208e-01	2.621160522711910024e-01	1.587758067984511856e-01	7.572353599815850878e-02	3.225550607298228317e-02	8.026153153947018781e-02
1.278622667469091539e+03	2.412128373742574994e-01	1.493505521926390689e-01	2.622426985176373737e-01	1.588516511369758299e-01	7.575572793974023889e-02	3.227694968738595294e-02	8.030958315130269642e-02
1.280073998533187932e+03	2.410296659124512852e-01	1.492300626764167804e-01	2.623691235183767678e-01	1.589273635027806941e-01	7.578786632012343705e-02	3.229836295624531617e-02	8.035755511354435165e-02
1.281525329597284326e+03	2.408468056170846860e-01	1.491097778891175840e-01	2.624953276515975542e-01	1.590029441480904915e-01	7.581995123015822236e-02	3.231974590674122072e-02	8.040544755714885972e-02
1.282976660661381175e+03	2.406642559587654495e-01	1.489896974822387532e-01	2.626213112948439510e-01	1.590783933245583093e-01	7.585198276054117006e-02	3.234109856611590977e-02	8.045326061287502717e-02
1.284427991725477568e+03	2.404820164090054890e-01	1.488698211078735012e-01	2.627470748250171351e-01	1.591537112832673018e-01	7.588396100181560300e-02	3.236242096167242510e-02	8.050099441128705235e-02
1.285879322789574417e+03	2.403000864402191905e-01	1.487501484187100098e-01	2.628726186183764635e-01	1.592288982747323556e-01	7.591588604437184140e-02	3.238371312077404501e-02	8.054864908275459479e-02
1.287330653853671038e+03	2.401184655257219691e-01	1.486306790680304024e-01	2.629979430505404170e-01	1.593039545489017272e-01	7.594775797844738330e-02	3.240497507084369455e-02	8.059622475745292780e-02
1.288781984917767431e+03	2.399371531397285207e-01	1.485114127097097725e-01	2.631230484964877658e-01	1.593788803551587641e-01	7.597957689412716820e-02	3.242620683936337650e-02	8.064372156536311897e-02
1.290233315981864052e+03	2.397561487573514616e-01	1.483923489982151012e-01	2.632479353305586800e-01	1.594536759423235417e-01	7.601134288134389627e-02	3.244740845387358852e-02	8.069113963627218278e-02
