1.001418434226643626e+03	2.825855087136173727e-01	1.765624846480291776e-01	2.335604368616404081e-01	1.416440574117499018e-01	6.851990707258726054e-02	2.760682516123456540e-02	6.952078013108016485e-02
1.003837319333471214e+03	2.821632830717880069e-01	1.762847326389814229e-01	2.338541981613465603e-01	1.418210720903227973e-01	6.859354752191217097e-02	2.765279762993282445e-02	6.963036888565508897e-02
1.006256204440298802e+03	2.817422529849567536e-01	1.760077673552981337e-01	2.341471099264900990e-01	1.419975522787553512e-01	6.866698293282819110e-02	2.769867695364386373e-02	6.973965756796647597e-02
1.008675089547126618e+03	2.813224150584354710e-01	1.757315865625216078e-01	2.344391745739083932e-01	1.421734998286733054e-01	6.874021388159930190e-02	2.774446313522734367e-02	6.984864695957346270e-02
1.011093974653954206e+03	2.809037659072795567e-01	1.754561880325555545e-01	2.347303945135734426e-01	1.423489165836135939e-01	6.881324094292501359e-02	2.779015617946069966e-02	6.995733784053108362e-02
1.013512859760782021e+03	2.804863021562574721e-01	1.751815695436483855e-01	2.350207721486115842e-01	1.425238043790710007e-01	6.888606468994372400e-02	2.783575609301946682e-02	7.006573098938735644e-02
1.015931744867609382e+03	2.800700204398209880e-01	1.749077288803760066e-01	2.353103098753231426e-01	1.426981650425447612e-01	6.895868569423602157e-02	2.788126288445775397e-02	7.017382718318029844e-02
1.018350629974437197e+03	2.796549174020752648e-01	1.746346638336251089e-01	2.355990100832018874e-01	1.428720003935847194e-01	6.903110452582802981e-02	2.792667656418887714e-02	7.028162719743519249e-02
1.020769515081264785e+03	2.792409896967488203e-01	1.743623722005759880e-01	2.358868751549545451e-01	1.430453122438370694e-01	6.910332175319469639e-02	2.797199714446615970e-02	7.038913180616179766e-02
1.023188400188092373e+03	2.788282339871643867e-01	1.740908517846858627e-01	2.361739074665202276e-01	1.432181023970898193e-01	6.917533794326320706e-02	2.801722463936387811e-02	7.049634178185168465e-02
1.025607285294920075e+03	2.784166469462093230e-01	1.738201003956715562e-01	2.364601093870897508e-01	1.433903726493180597e-01	6.924715366141628858e-02	2.806235906475838121e-02	7.060325789547565456e-02
1.028026170401747549e+03	2.780062252563064717e-01	1.735501158494927310e-01	2.367454832791250352e-01	1.435621247887286511e-01	6.931876947149559487e-02	2.810740043830933788e-02	7.070988091648122698e-02
1.030445055508575479e+03	2.775969656093848492e-01	1.732808959683347916e-01	2.370300314983782020e-01	1.437333605958047433e-01	6.939018593580507932e-02	2.815234877944117198e-02	7.081621161279019749e-02
1.032863940615402726e+03	2.771888647068509459e-01	1.730124385805919540e-01	2.373137563939108907e-01	1.439040818433500735e-01	6.946140361511436712e-02	2.819720410932460841e-02	7.092225075079626462e-02
1.035282825722230655e+03	2.767819192595596389e-01	1.727447415208502035e-01	2.375966603081133277e-01	1.440742902965327643e-01	6.953242306866209976e-02	2.824196645085840646e-02	7.102799909536268441e-02
1.037701710829058356e+03	2.763761259877858811e-01	1.724778026298703082e-01	2.378787455767234216e-01	1.442439877129288173e-01	6.960324485415937679e-02	2.828663582865123538e-02	7.113345740982010557e-02
1.040120595935886058e+03	2.759714816211959465e-01	1.722116197545708050e-01	2.381600145288456927e-01	1.444131758425654666e-01	6.967386952779310028e-02	2.833121226900367495e-02	7.123862645596436283e-02
1.042539481042713533e+03	2.755679828988192859e-01	1.719461907480110963e-01	2.384404694869704244e-01	1.445818564279640339e-01	6.974429764422940270e-02	2.837569579989039983e-02	7.134350699405442309e-02
1.044958366149541234e+03	2.751656265690198833e-01	1.716815134693743528e-01	2.387201127669923983e-01	1.447500312041826442e-01	6.981452975661704696e-02	2.842008645094247846e-02	7.144809978281028984e-02
1.047377251256368709e+03	2.747644093894683892e-01	1.714175857839506656e-01	2.389989466782297123e-01	1.449177018988584698e-01	6.988456641659081259e-02	2.846438425342985232e-02	7.155240557941114354e-02
1.049796136363196410e+03	2.743643281271143097e-01	1.711544055631200878e-01	2.392769735234427098e-01	1.450848702322497796e-01	6.995440817427492353e-02	2.850858924024390548e-02	7.165642513949335712e-02
1.052215021470024112e+03	2.739653795581577511e-01	1.708919706843356201e-01	2.395541955988526595e-01	1.452515379172776844e-01	7.002405557828643434e-02	2.855270144588024570e-02	7.176015921714873347e-02
1.054633906576851814e+03	2.735675604680218309e-01	1.706302790311063078e-01	2.398306151941603792e-01	1.454177066595675749e-01	7.009350917573872741e-02	2.859672090642157230e-02	7.186360856492272908e-02
1.057052791683679516e+03	2.731708676513253109e-01	1.703693284929803931e-01	2.401062345925649433e-01	1.455833781574902563e-01	7.016276951224485747e-02	2.864064765952071406e-02	7.196677393381276100e-02
1.059471676790506763e+03	2.727752979118547305e-01	1.701091169655283841e-01	2.403810560707821120e-01	1.457485541022027209e-01	7.023183713192097943e-02	2.868448174438380238e-02	7.206965607326655532e-02
1.061890561897334692e+03	2.723808480625372064e-01	1.698496423503262076e-01	2.406550818990630392e-01	1.459132361776888376e-01	7.030071257738983170e-02	2.872822320175357283e-02	7.217225573118062065e-02
1.064309447004162394e+03	2.719875149254132318e-01	1.695909025549383886e-01	2.409283143412125350e-01	1.460774260607995423e-01	7.036939638978412237e-02	2.877187207389280896e-02	7.227457365389872157e-02
1.066728332110990095e+03	2.715952953316094209e-01	1.693328954929010921e-01	2.412007556546076625e-01	1.462411254212928335e-01	7.043788910874999865e-02	2.881542840456794222e-02	7.237661058621043531e-02
1.069147217217817570e+03	2.712041861213114191e-01	1.690756190837055251e-01	2.414724080902159453e-01	1.464043359218735463e-01	7.050619127245043305e-02	2.885889223903275944e-02	7.247836727134979173e-02
1.071566102324645271e+03	2.708141841437372577e-01	1.688190712527810888e-01	2.417432738926136304e-01	1.465670592182326537e-01	7.057430341756872061e-02	2.890226362401226295e-02	7.257984445099388560e-02
1.073984987431472746e+03	2.704252862571100979e-01	1.685632499314785870e-01	2.420133553000040627e-01	1.467292969590865415e-01	7.064222607931187892e-02	2.894554260768664872e-02	7.268104286526169688e-02
1.076403872538300675e+03	2.700374893286319744e-01	1.683081530570534889e-01	2.422826545442358093e-01	1.468910507862158099e-01	7.070995979141411758e-02	2.898872923967544396e-02	7.278196325271288347e-02
1.078822757645127922e+03	2.696507902344570384e-01	1.680537785726492761e-01	2.425511738508207560e-01	1.470523223345039099e-01	7.077750508614029379e-02	2.903182357102174899e-02	7.288260635034657375e-02
1.081241642751955851e+03	2.692651858596648018e-01	1.678001244272808168e-01	2.428189154389523152e-01	1.472131132319754454e-01	7.084486249428929849e-02	2.907482565417662812e-02	7.298297289360032580e-02
1.083660527858783553e+03	2.688806730982341575e-01	1.675471885758176849e-01	2.430858815215232172e-01	1.473734250998342821e-01	7.091203254519758137e-02	2.911773554298362210e-02	7.308306361634908654e-02
1.086079412965611255e+03	2.684972488530168455e-01	1.672949689789675620e-01	2.433520743051437174e-01	1.475332595525013502e-01	7.097901576674255086e-02	2.916055329266338883e-02	7.318287925090426194e-02
1.088498298072438729e+03	2.681149100357112514e-01	1.670434636032596121e-01	2.436174959901594717e-01	1.476926181976521146e-01	7.104581268534598815e-02	2.920327895979846558e-02	7.328242052801277329e-02
1.090917183179266431e+03	2.677336535668365380e-01	1.667926704210280497e-01	2.438821487706692714e-01	1.478515026362539342e-01	7.111242382597761369e-02	2.924591260231818035e-02	7.338168817685614131e-02
1.093336068286093905e+03	2.673534763757064447e-01	1.665425874103955706e-01	2.441460348345429465e-01	1.480099144626029484e-01	7.117884971215841794e-02	2.928845427948367428e-02	7.348068292504975063e-02
1.095754953392921607e+03	2.669743754004034741e-01	1.662932125552568086e-01	2.444091563634392394e-01	1.481678552643610203e-01	7.124509086596417240e-02	2.933090405187303851e-02	7.357940549864210034e-02
1.098173838499749309e+03	2.665963475877529132e-01	1.660445438452619882e-01	2.446715155328233471e-01	1.483253266225920408e-01	7.131114780802888520e-02	2.937326198136659336e-02	7.367785662211408237e-02
1.100592723606577010e+03	2.662193898932975755e-01	1.657965792758004930e-01	2.449331145119846287e-01	1.484823301117983718e-01	7.137702105754821502e-02	2.941552813113228193e-02	7.377603701837832928e-02
1.103011608713404712e+03	2.658434992812717113e-01	1.655493168479845179e-01	2.451939554640542585e-01	1.486388672999566507e-01	7.144271113228294057e-02	2.945770256561119210e-02	7.387394740877863131e-02
1.105430493820231959e+03	2.654686727245758049e-01	1.653027545686326649e-01	2.454540405460227948e-01	1.487949397485536507e-01	7.150821854856242998e-02	2.949978535050319303e-02	7.397158851308940908e-02
1.107849378927059888e+03	2.650949072047509847e-01	1.650568904502536516e-01	2.457133719087576107e-01	1.489505490126217524e-01	7.157354382128806869e-02	2.954177655275267919e-02	7.406896104951518622e-02
1.110268264033887590e+03	2.647221997119538761e-01	1.648117225110300732e-01	2.459719516970204356e-01	1.491056966407742490e-01	7.163868746393668718e-02	2.958367624053446360e-02	7.416606573469021468e-02
1.112687149140715292e+03	2.643505472449311222e-01	1.645672487748021939e-01	2.462297820494846190e-01	1.492603841752402904e-01	7.170364998856405825e-02	2.962548448323977165e-02	7.426290328367798899e-02
1.115106034247542766e+03	2.639799468109943481e-01	1.643234672710517374e-01	2.464868650987527277e-01	1.494146131518996334e-01	7.176843190580831089e-02	2.966720135146235643e-02	7.435947440997101032e-02
1.117524919354370468e+03	2.636103954259951254e-01	1.640803760348856499e-01	2.467432029713735875e-01	1.495683851003172526e-01	7.183303372489335814e-02	2.970882691698471106e-02	7.445577982549043961e-02
1.119943804461197942e+03	2.632418901142999923e-01	1.638379731070201406e-01	2.469987977878596863e-01	1.497217015437775911e-01	7.189745595363242203e-02	2.975036125276444079e-02	7.455182024058583379e-02
1.122362689568025871e+03	2.628744279087655289e-01	1.635962565337645003e-01	2.472536516627044101e-01	1.498745639993186163e-01	7.196169909843136425e-02	2.979180443292070435e-02	7.464759636403497933e-02
1.124781574674853118e+03	2.625080058507136549e-01	1.633552243670050863e-01	2.475077667043990570e-01	1.500269739777655986e-01	7.202576366429221111e-02	2.983315653272079412e-02	7.474310890304373955e-02
1.127200459781681047e+03	2.621426209899067050e-01	1.631148746641893077e-01	2.477611450154500461e-01	1.501789329837648068e-01	7.208965015481653971e-02	2.987441762856681698e-02	7.483835856324595748e-02
1.129619344888508749e+03	2.617782703845229486e-01	1.628752054883096656e-01	2.480137886923959312e-01	1.503304425158167867e-01	7.215335907220900291e-02	2.991558779798251036e-02	7.493334604870338644e-02
1.132038229995336451e+03	2.614149511011319982e-01	1.626362149078878772e-01	2.482656998258244430e-01	1.504815040663095016e-01	7.221689091728064613e-02	2.995666711960013120e-02	7.502807206190567624e-02
1.134457115102163925e+03	2.610526602146703845e-01	1.623979009969589160e-01	2.485168805003894199e-01	1.506321191215512501e-01	7.228024618945241841e-02	2.999765567314749068e-02	7.512253730377041472e-02
1.136876000208991627e+03	2.606913948084171317e-01	1.621602618350552472e-01	2.487673327948276558e-01	1.507822891618033900e-01	7.234342538675858636e-02	3.003855353943508250e-02	7.521674247364319721e-02
1.139294885315819101e+03	2.603311519739694435e-01	1.619232955071910063e-01	2.490170587819758863e-01	1.509320156613127295e-01	7.240642900585017583e-02	3.007936080034332230e-02	7.531068826929773752e-02
1.141713770422646803e+03	2.599719288112186111e-01	1.616870001038462068e-01	2.492660605287874420e-01	1.510813000883437507e-01	7.246925754199835812e-02	3.012007753880988070e-02	7.540437538693603448e-02
1.144132655529474505e+03	2.596137224283256439e-01	1.614513737209510580e-01	2.495143400963491798e-01	1.512301439052107510e-01	7.253191148909793329e-02	3.016070383881716208e-02	7.549780452118862173e-02
1.146551540636302207e+03	2.592565299416973446e-01	1.612164144598702831e-01	2.497618995398979969e-01	1.513785485683094845e-01	7.259439133967070246e-02	3.020123978537984574e-02	7.559097636511474816e-02
1.148970425743129908e+03	2.589003484759622720e-01	1.609821204273874096e-01	2.500087409088377344e-01	1.515265155281487752e-01	7.265669758486890950e-02	3.024168546453255904e-02	7.568389161020272482e-02
1.151389310849957155e+03	2.585451751639469831e-01	1.607484897356893094e-01	2.502548662467555807e-01	1.516740462293820479e-01	7.271883071447866886e-02	3.028204096331764059e-02	7.577655094637020250e-02
1.153808195956785084e+03	2.581910071466520518e-01	1.605155205023505172e-01	2.505002775914386137e-01	1.518211421108382753e-01	7.278079121692332398e-02	3.032230636977302496e-02	7.586895506196454642e-02
1.156227081063612786e+03	2.578378415732283657e-01	1.602832108503178254e-01	2.507449769748906210e-01	1.519678046055530363e-01	7.284257957926695837e-02	3.036248177292020720e-02	7.596110464376332194e-02
1.158645966170440488e+03	2.574856756009535341e-01	1.600515589078946310e-01	2.509889664233482809e-01	1.521140351407992419e-01	7.290419628721768464e-02	3.040256726275233912e-02	7.605300037697466931e-02
1.161064851277267962e+03	2.571345063952080179e-01	1.598205628087257246e-01	2.512322479572975942e-01	1.522598351381176385e-01	7.296564182513116947e-02	3.044256293022238463e-02	7.614464294523780319e-02
1.163483736384095664e+03	2.567843311294520370e-01	1.595902206917818311e-01	2.514748235914905372e-01	1.524052060133470887e-01	7.302691667601390879e-02	3.048246886723142771e-02	7.623603303062352621e-02
1.165902621490923138e+03	2.564351469852018117e-01	1.593605307013441497e-01	2.517166953349609937e-01	1.525501491766547979e-01	7.308802132152673880e-02	3.052228516661703236e-02	7.632717131363486729e-02
1.168321506597751068e+03	2.560869511520063035e-01	1.591314909869891159e-01	2.519578651910412970e-01	1.526946660325661509e-01	7.314895624198816670e-02	3.056201192214172413e-02	7.641805847320759515e-02
1.170740391704578315e+03	2.557397408274239559e-01	1.589030997035732196e-01	2.521983351573784393e-01	1.528387579799944662e-01	7.320972191637775683e-02	3.060164922848158595e-02	7.650869518671091218e-02
1.173159276811406244e+03	2.553935132169993794e-01	1.586753550112177114e-01	2.524381072259501702e-01	1.529824264122704447e-01	7.327031882233955851e-02	3.064119718121492003e-02	7.659908212994812060e-02
1.175578161918233945e+03	2.550482655342403149e-01	1.584482550752933927e-01	2.526771833830812053e-01	1.531256727171715903e-01	7.333074743618547831e-02	3.068065587681101034e-02	7.668921997715734407e-02
1.177997047025061647e+03	2.547039950005944298e-01	1.582217980664055723e-01	2.529155656094593252e-01	1.532684982769511872e-01	7.339100823289861075e-02	3.072002541261900990e-02	7.677910940101222159e-02
1.180415932131889122e+03	2.543606988454264473e-01	1.579959821603788561e-01	2.531532558801513622e-01	1.534109044683674150e-01	7.345110168613670776e-02	3.075930588685689415e-02	7.686875107262275408e-02
1.182834817238716823e+03	2.540183743059951649e-01	1.577708055382421592e-01	2.533902561646192986e-01	1.535528926627118540e-01	7.351102826823543990e-02	3.079849739860052171e-02	7.695814566153610925e-02
1.185253702345544298e+03	2.536770186274305838e-01	1.575462663862136903e-01	2.536265684267360876e-01	1.536944642258381843e-01	7.357078845021185198e-02	3.083760004777278893e-02	7.704729383573741264e-02
1.187672587452371999e+03	2.533366290627112050e-01	1.573223628956859910e-01	2.538621946248016403e-01	1.538356205181904968e-01	7.363038270176769373e-02	3.087661393513286071e-02	7.713619626165076071e-02
1.190091472559199701e+03	2.529972028726412692e-01	1.570990932632109205e-01	2.540971367115587021e-01	1.539763628948314367e-01	7.368981149129277819e-02	3.091553916226552623e-02	7.722485360414001188e-02
1.192510357666027403e+03	2.526587373258280533e-01	1.568764556904849172e-01	2.543313966342087284e-01	1.541166927054701818e-01	7.374907528586832628e-02	3.095437583157061717e-02	7.731326652650981346e-02
1.194929242772855105e+03	2.523212296986593883e-01	1.566544483843340940e-01	2.545649763344274841e-01	1.542566112944902257e-01	7.380817455127036686e-02	3.099312404625252648e-02	7.740143569050654537e-02
1.197348127879682352e+03	2.519846772752812325e-01	1.564330695566993334e-01	2.547978777483808632e-01	1.543961200009769663e-01	7.386710975197302576e-02	3.103178391030983127e-02	7.748936175631934709e-02
1.199767012986510281e+03	2.516490773475750231e-01	1.562123174246217161e-01	2.550301028067406550e-01	1.545352201587451568e-01	7.392588135115188419e-02	3.107035552852496774e-02	7.757704538258120008e-02
1.202185898093337983e+03	2.513144272151354719e-01	1.559921902102276992e-01	2.552616534346999755e-01	1.546739130963660780e-01	7.398448981068736496e-02	3.110883900645404140e-02	7.766448722636995483e-02
1.204604783200165684e+03	2.509807241852483051e-01	1.557726861407143504e-01	2.554925315519891438e-01	1.548122001371946832e-01	7.404293559116795209e-02	3.114723445041669633e-02	7.775168794320946875e-02
1.207023668306993159e+03	2.506479655728680034e-01	1.555538034483348875e-01	2.557227390728910033e-01	1.549500825993963826e-01	7.410121915189367414e-02	3.118554196748607107e-02	7.783864818707074418e-02
1.209442553413820860e+03	2.503161487005954866e-01	1.553355403703839399e-01	2.559522779062562980e-01	1.550875617959737718e-01	7.415934095087929612e-02	3.122376166547886217e-02	7.792536861037312190e-02
1.211861438520648335e+03	2.499852708986562977e-01	1.551178951491831715e-01	2.561811499555194938e-01	1.552246390347932492e-01	7.421730144485771952e-02	3.126189365294544664e-02	7.801184986398540522e-02
1.214280323627476264e+03	2.496553295048784260e-01	1.549008660320666253e-01	2.564093571187140430e-01	1.553613156186111621e-01	7.427510108928325749e-02	3.129993803916011896e-02	7.809809259722717834e-02
1.216699208734303511e+03	2.493263218646703805e-01	1.546844512713662634e-01	2.566369012884876510e-01	1.554975928451001743e-01	7.433274033833495165e-02	3.133789493411138355e-02	7.818409745787001375e-02
1.219118093841131440e+03	2.489982453309993737e-01	1.544686491243975890e-01	2.568637843521177078e-01	1.556334720068751898e-01	7.439021964491990269e-02	3.137576444849234786e-02	7.826986509213877674e-02
1.221536978947959142e+03	2.486710972643693673e-01	1.542534578534452971e-01	2.570900081915264979e-01	1.557689543915190822e-01	7.444753946067655948e-02	3.141354669369121611e-02	7.835539614471292991e-02
1.223955864054786844e+03	2.483448750327995613e-01	1.540388757257488139e-01	2.573155746832963553e-01	1.559040412816085630e-01	7.450470023597795255e-02	3.145124178178181074e-02	7.844069125872785153e-02
1.226374749161614318e+03	2.480195760118024395e-01	1.538249010134881967e-01	2.575404856986852065e-01	1.560387339547394947e-01	7.456170241993508030e-02	3.148884982551423961e-02	7.852575107577627889e-02
1.228793634268442020e+03	2.476951975843623699e-01	1.536115319937696455e-01	2.577647431036412251e-01	1.561730336835523147e-01	7.461854646040017025e-02	3.152637093830560483e-02	7.861057623590961274e-02
1.231212519375269494e+03	2.473717371409138721e-01	1.533987669486114314e-01	2.579883487588183755e-01	1.563069417357571544e-01	7.467523280396989871e-02	3.156380523423080869e-02	7.869516737763941616e-02
1.233631404482097196e+03	2.470491920793202734e-01	1.531866041649296295e-01	2.582113045195912338e-01	1.564404593741588745e-01	7.473176189598873531e-02	3.160115282801342212e-02	7.877952513793880229e-02
1.236050289588924898e+03	2.467275598048522534e-01	1.529750419345241030e-01	2.584336122360700316e-01	1.565735878566817674e-01	7.478813418055220430e-02	3.163841383501666410e-02	7.886365015224393316e-02
1.238469174695752372e+03	2.464068377301664725e-01	1.527640785540643475e-01	2.586552737531156998e-01	1.567063284363944264e-01	7.484435010051011805e-02	3.167558837123442272e-02	7.894754305445554621e-02
1.240888059802580301e+03	2.460870232752843667e-01	1.525537123250753357e-01	2.588762909103546894e-01	1.568386823615340875e-01	7.490041009746983836e-02	3.171267655328239427e-02	7.903120447694041151e-02
1.243306944909407548e+03	2.457681138675706922e-01	1.523439415539237229e-01	2.590966655421939602e-01	1.569706508755310259e-01	7.495631461179955157e-02	3.174967849838926381e-02	7.911463505053295542e-02
1.245725830016235477e+03	2.454501069417126535e-01	1.521347645518036640e-01	2.593163994778357462e-01	1.571022352170328151e-01	7.501206408263154379e-02	3.178659432438799004e-02	7.919783540453678716e-02
1.248144715123063179e+03	2.451329999396986425e-01	1.519261796347230464e-01	2.595354945412924885e-01	1.572334366199282796e-01	7.506765894786539273e-02	3.182342414970713157e-02	7.928080616672626701e-02
1.250563600229890881e+03	2.448167903107972276e-01	1.517181851234894741e-01	2.597539525514015457e-01	1.573642563133713645e-01	7.512309964417120123e-02	3.186016809336229827e-02	7.936354796334821327e-02
1.252982485336718355e+03	2.445014755115361427e-01	1.515107793436964445e-01	2.599717753218396821e-01	1.574946955218049782e-01	7.517838660699288633e-02	3.189682627494763723e-02	7.944606141912348429e-02
1.255401370443546057e+03	2.441870530056815813e-01	1.513039606257096936e-01	2.601889646611381113e-01	1.576247554649843619e-01	7.523352027055138502e-02	3.193339881462740892e-02	7.952834715724865777e-02
1.257820255550373531e+03	2.438735202642170197e-01	1.510977273046531788e-01	2.604055223726970403e-01	1.577544373580007098e-01	7.528850106784784613e-02	3.196988583312765364e-02	7.961040579939772377e-02
1.260239140657201460e+03	2.435608747653227879e-01	1.508920777203955899e-01	2.606214502547999912e-01	1.578837424113043175e-01	7.534332943066689159e-02	3.200628745172788558e-02	7.969223796572377783e-02
1.262658025764028707e+03	2.432491139943551151e-01	1.506870102175364989e-01	2.608367501006285116e-01	1.580126718307277300e-01	7.539800578957975286e-02	3.204260379225291194e-02	7.977384427486075569e-02
1.265076910870856636e+03	2.429382354438255343e-01	1.504825231453926770e-01	2.610514236982769409e-01	1.581412268175086677e-01	7.545253057394757379e-02	3.207883497706468662e-02	7.985522534392525129e-02
1.267495795977684338e+03	2.426282366133802881e-01	1.502786148579846603e-01	2.612654728307663987e-01	1.582694085683128693e-01	7.550690421192457480e-02	3.211498112905426805e-02	7.993638178851818210e-02
1.269914681084511813e+03	2.423191150097798729e-01	1.500752837140231499e-01	2.614788992760596620e-01	1.583972182752568791e-01	7.556112713046118923e-02	3.215104237163381867e-02	8.001731422272669036e-02
1.272333566191339514e+03	2.420108681468784440e-01	1.498725280768953561e-01	2.616917048070752094e-01	1.585246571259303350e-01	7.561519975530735238e-02	3.218701882872868070e-02	8.009802325912587784e-02
1.274752451298167216e+03	2.417034935456034428e-01	1.496703463146516200e-01	2.619038911917017654e-01	1.586517263034185887e-01	7.566912251101561016e-02	3.222291062476954904e-02	8.017850950878072092e-02
1.277171336404994690e+03	2.413969887339353915e-01	1.494687367999918692e-01	2.621154601928125105e-01	1.587784269863247721e-01	7.572289582094429705e-02	3.225871788468466506e-02	8.025877358124781924e-02
1.279590221511822392e+03	2.410913512468873532e-01	1.492676979102523782e-01	2.623264135682792930e-01	1.589047603487920013e-01	7.577652010726074194e-02	3.229444073389214215e-02	8.033881608457740797e-02
1.282009106618650094e+03	2.407865786264848929e-01	1.490672280273921957e-01	2.625367530709870612e-01	1.590307275605252479e-01	7.582999579094443221e-02	3.233007929829229132e-02	8.041863762531516191e-02
1.284427991725477568e+03	2.404826684217458155e-01	1.488673255379800164e-01	2.627464804488477967e-01	1.591563297868132665e-01	7.588332329179016400e-02	3.236563370426007169e-02	8.049823880850411062e-02
1.286846876832305497e+03	2.401796181886602100e-01	1.486679888331806920e-01	2.629555974448148370e-01	1.592815681885501600e-01	7.593650302841115085e-02	3.240110407863758257e-02	8.057762023768662296e-02
1.289265761939132744e+03	2.398774254901701597e-01	1.484692163087421579e-01	2.631641057968968633e-01	1.594064439222569463e-01	7.598953541824227109e-02	3.243649054872661114e-02	8.065678251490636386e-02
1.291684647045960673e+03	2.395760878961499529e-01	1.482710063649820276e-01	2.633720072381718347e-01	1.595309581401029575e-01	7.604242087754310708e-02	3.247179324228126329e-02	8.073572624071015391e-02
1.294103532152788375e+03	2.392756029833860709e-01	1.480733574067747416e-01	2.635793034968013648e-01	1.596551119899271565e-01	7.609515982140115098e-02	3.250701228750069172e-02	8.081445201415012047e-02
1.296522417259616077e+03	2.389759683355572872e-01	1.478762678435380507e-01	2.637859962960444338e-01	1.597789066152592585e-01	7.614775266373487173e-02	3.254214781302181697e-02	8.089296043278558501e-02
1.298941302366443551e+03	2.386771815432150723e-01	1.476797360892201094e-01	2.639920873542713209e-01	1.599023431553406038e-01	7.620019981729692082e-02	3.257719994791214574e-02	8.097125209268513091e-02
1.301360187473271253e+03	2.383792402037635261e-01	1.474837605622865144e-01	2.641975783849775383e-01	1.600254227451452516e-01	7.625250169367719932e-02	3.261216882166270703e-02	8.104932758842861573e-02
1.303779072580098727e+03	2.380821419214398660e-01	1.472883396857070371e-01	2.644024710967978753e-01	1.601481465154004080e-01	7.630465870330596645e-02	3.264705456418094676e-02	8.112718751310929455e-02
1.306197957686926657e+03	2.377858843072947759e-01	1.470934718869429114e-01	2.646067671935198318e-01	1.602705155926073266e-01	7.635667125545696210e-02	3.268185730578378884e-02	8.120483245833583219e-02
1.308616842793753904e+03	2.374904649791728939e-01	1.468991555979336783e-01	2.648104683740976073e-01	1.603925310990615694e-01	7.640853975825050159e-02	3.271657717719068936e-02	8.128226301423439881e-02
1.311035727900581833e+03	2.371958815616931338e-01	1.467053892550844452e-01	2.650135763326660898e-01	1.605141941528734628e-01	7.646026461865654267e-02	3.275121430951680179e-02	8.135947976945079319e-02
1.313454613007409534e+03	2.369021316862294224e-01	1.465121712992528968e-01	2.652160927585541783e-01	1.606355058679882208e-01	7.651184624249784960e-02	3.278576883426614214e-02	8.143648331115259376e-02
1.315873498114237009e+03	2.366092129908911323e-01	1.463195001757364999e-01	2.654180193362984386e-01	1.607564673542061784e-01	7.656328503445299083e-02	3.282024088332487211e-02	8.151327422503122644e-02
1.318292383221064711e+03	2.363171231205037082e-01	1.461273743342597908e-01	2.656193577456570365e-01	1.608770797172025535e-01	7.661458139805944756e-02	3.285463058895464472e-02	8.158985309530417118e-02
1.320711268327892412e+03	2.360258597265896818e-01	1.459357922289615805e-01	2.658201096616230052e-01	1.609973440585474036e-01	7.666573573571672240e-02	3.288893808378594991e-02	8.166622050471708527e-02
1.323130153434719887e+03	2.357354204673490494e-01	1.457447523183821314e-01	2.660202767544379565e-01	1.611172614757253319e-01	7.671674844868930920e-02	3.292316350081159193e-02	8.174237703454605153e-02
1.325549038541547588e+03	2.354458030076403974e-01	1.455542530654506395e-01	2.662198606896055142e-01	1.612368330621550550e-01	7.676761993710984333e-02	3.295730697338018073e-02	8.181832326459974325e-02
1.327967923648375290e+03	2.351570050189616401e-01	1.453642929374725501e-01	2.664188631279049702e-01	1.613560599072088875e-01	7.681835059998209925e-02	3.299136863518968565e-02	8.189405977322157526e-02
1.330386808755202765e+03	2.348690241794310352e-01	1.451748704061169015e-01	2.666172857254042738e-01	1.614749430962320320e-01	7.686894083518405751e-02	3.302534862028108642e-02	8.196958713729202151e-02
1.332805693862030694e+03	2.345818581737680319e-01	1.449859839474037793e-01	2.668151301334739656e-01	1.615934837105618693e-01	7.691939103947097178e-02	3.305924706303202398e-02	8.204490593223082162e-02
1.335224578968857941e+03	2.342955046932745644e-01	1.447976320416918539e-01	2.670123979988000551e-01	1.617116828275469986e-01	7.696970160847829701e-02	3.309306409815054167e-02	8.212001673199918750e-02
1.337643464075685870e+03	2.340099614358159552e-01	1.446098131736658077e-01	2.672090909633976774e-01	1.618295415205662502e-01	7.701987293672482582e-02	3.312679986066889570e-02	8.219492010910216251e-02
1.340062349182513572e+03	2.337252261058021252e-01	1.444225258323239280e-01	2.674052106646240823e-01	1.619470608590475591e-01	7.706990541761565838e-02	3.316045448593738648e-02	8.226961663459078644e-02
1.342481234289341273e+03	2.334412964141689695e-01	1.442357685109657561e-01	2.676007587351920680e-01	1.620642419084867281e-01	7.711979944344524163e-02	3.319402810961829403e-02	8.234410687806446860e-02
1.344900119396168748e+03	2.331581700783594002e-01	1.440495397071795136e-01	2.677957368031831931e-01	1.621810857304660514e-01	7.716955540540032521e-02	3.322752086767982033e-02	8.241839140767326377e-02
1.347319004502996449e+03	2.328758448223048338e-01	1.438638379228299180e-01	2.679901464920607101e-01	1.622975933826727724e-01	7.721917369356302852e-02	3.326093289639009409e-02	8.249247079012021755e-02
1.349737889609823924e+03	2.325943183764065114e-01	1.436786616640458591e-01	2.681839894206829999e-01	1.624137659189175686e-01	7.726865469691379662e-02	3.329426433231127969e-02	8.256634559066364232e-02
1.352156774716651853e+03	2.323135884775170135e-01	1.434940094412080758e-01	2.683772672033163387e-01	1.625296043891528153e-01	7.731799880333438402e-02	3.332751531229367903e-02	8.264001637311946258e-02
1.354575659823479100e+03	2.320336528689216082e-01	1.433098797689369985e-01	2.685699814496481652e-01	1.626451098394907369e-01	7.736720639961086610e-02	3.336068597346992376e-02	8.271348369986361582e-02
1.356994544930307029e+03	2.317545093003199885e-01	1.431262711660804265e-01	2.687621337647998487e-01	1.627602833122214765e-01	7.741627787143656736e-02	3.339377645324918820e-02	8.278674813183438397e-02
1.359413430037134731e+03	2.314761555278077310e-01	1.429431821557015370e-01	2.689537257493401778e-01	1.628751258458311091e-01	7.746521360341510065e-02	3.342678688931153413e-02	8.285981022853476652e-02
1.361832315143962205e+03	2.311985893138580050e-01	1.427606112650666170e-01	2.691447589992976841e-01	1.629896384750194049e-01	7.751401397906323987e-02	3.345971741960217932e-02	8.293267054803486749e-02
1.364251200250789907e+03	2.309218084273033378e-01	1.425785570256329626e-01	2.693352351061739092e-01	1.631038222307176211e-01	7.756267938081398694e-02	3.349256818232593941e-02	8.300532964697429628e-02
1.366670085357617609e+03	2.306458106433172950e-01	1.423970179730369712e-01	2.695251556569561169e-01	1.632176781401060428e-01	7.761121019001940291e-02	3.352533931594165600e-02	8.307778808056456854e-02
1.369088970464445310e+03	2.303705937433963569e-01	1.422159926470820124e-01	2.697145222341301718e-01	1.633312072266316639e-01	7.765960678695363328e-02	3.355803095915671497e-02	8.315004640259153479e-02
1.371507855571272785e+03	2.300961555153417104e-01	1.420354795917264656e-01	2.699033364156933068e-01	1.634444105100253675e-01	7.770786955081585012e-02	3.359064325092156467e-02	8.322210516541776737e-02
1.373926740678100487e+03	2.298224937532413747e-01	1.418554773550717574e-01	2.700915997751669462e-01	1.635572890063194951e-01	7.775599885973311087e-02	3.362317633042431059e-02	8.329396491998507235e-02
1.376345625784927961e+03	2.295496062574519658e-01	1.416759844893503983e-01	2.702793138816093621e-01	1.636698437278648610e-01	7.780399509076335596e-02	3.365563033708539320e-02	8.336562621581684873e-02
1.378764510891755890e+03	2.292774908345807938e-01	1.414969995509143263e-01	2.704664802996281092e-01	1.637820756833477942e-01	7.785185861989828149e-02	3.368800541055227277e-02	8.343708960102062810e-02
1.381183395998583137e+03	2.290061452974679612e-01	1.413185211002227770e-01	2.706531005893931807e-01	1.638939858778073744e-01	7.789958982206628135e-02	3.372030169069419048e-02	8.350835562229048936e-02
1.383602281105411066e+03	2.287355674651685988e-01	1.411405477018306265e-01	2.708391763066492208e-01	1.640055753126520299e-01	7.794718907113533379e-02	3.375251931759692264e-02	8.357942482490951508e-02
1.386021166212238768e+03	2.284657551629348526e-01	1.409630779243766785e-01	2.710247090027282368e-01	1.641168449856765799e-01	7.799465673991590187e-02	3.378465843155768061e-02	8.365029775275234503e-02
1.388440051319066470e+03	2.281967062221983145e-01	1.407861103405717018e-01	2.712097002245621447e-01	1.642277958910787761e-01	7.804199320016380614e-02	3.381671917307996905e-02	8.372097494828761866e-02
1.390858936425893944e+03	2.279284184805522029e-01	1.406096435271870226e-01	2.713941515146950367e-01	1.643384290194758457e-01	7.808919882258319456e-02	3.384870168286853442e-02	8.379145695258047311e-02
1.393277821532721646e+03	2.276608897817337662e-01	1.404336760650426175e-01	2.715780644112961162e-01	1.644487453579210889e-01	7.813627397682931797e-02	3.388060610182436899e-02	8.386174430529509671e-02
1.395696706639549120e+03	2.273941179756066855e-01	1.402582065389955668e-01	2.717614404481715762e-01	1.645587458899201716e-01	7.818321903151145835e-02	3.391243257103973563e-02	8.393183754469719926e-02
1.398115591746377049e+03	2.271281009181434773e-01	1.400832335379284810e-01	2.719442811547774230e-01	1.646684315954474731e-01	7.823003435419578766e-02	3.394418123179324814e-02	8.400173720765653773e-02
1.400534476853204296e+03	2.268628364714079526e-01	1.399087556547378430e-01	2.721265880562316331e-01	1.647778034509622402e-01	7.827672031140822662e-02	3.397585222554500711e-02	8.407144382964953921e-02
1.402953361960032225e+03	2.265983225035380355e-01	1.397347714863226009e-01	2.723083626733265317e-01	1.648868624294246021e-01	7.832327726863726192e-02	3.400744569393176348e-02	8.414095794476168788e-02
1.405372247066859927e+03	2.263345568887280002e-01	1.395612796335726213e-01	2.724896065225408393e-01	1.649956095003117240e-01	7.836970559033688832e-02	3.403896177876216539e-02	8.421028008569023116e-02
1.407791132173687402e+03	2.260715375072113731e-01	1.393882787013571434e-01	2.726703211160523832e-01	1.651040456296336001e-01	7.841600563992932871e-02	3.407040062201199815e-02	8.427941078374663608e-02
1.410210017280515103e+03	2.258092622452435305e-01	1.392157672985134265e-01	2.728505079617500328e-01	1.652121717799488188e-01	7.846217777980797614e-02	3.410176236581950043e-02	8.434835056885919835e-02
1.412628902387342805e+03	2.255477289950845732e-01	1.390437440378353984e-01	2.730301685632457454e-01	1.653199889103803277e-01	7.850822237134015558e-02	3.413304715248074994e-02	8.441709996957555417e-02
1.415047787494170507e+03	2.252869356549819235e-01	1.388722075360622199e-01	2.732093044198870557e-01	1.654274979766310882e-01	7.855413977486996879e-02	3.416425512444500739e-02	8.448565951306538646e-02
1.417466672600997981e+03	2.250268801291533671e-01	1.387011564138668496e-01	2.733879170267687897e-01	1.655346999309994793e-01	7.859993034972109771e-02	3.419538642431020625e-02	8.455402972512285342e-02
1.419885557707825683e+03	2.247675603277699830e-01	1.385305892958450524e-01	2.735660078747455537e-01	1.656415957223947855e-01	7.864559445419962158e-02	3.422644119481843550e-02	8.462221113016932250e-02
1.422304442814653157e+03	2.245089741669389072e-01	1.383605048105038537e-01	2.737435784504433922e-01	1.657481862963525177e-01	7.869113244559682030e-02	3.425741957885144323e-02	8.469020425125584062e-02
1.424723327921481086e+03	2.242511195686865133e-01	1.381909015902503812e-01	2.739206302362721668e-01	1.658544725950497067e-01	7.873654468019197772e-02	3.428832171942623741e-02	8.475800961006581258e-02
1.427142213028308333e+03	2.239939944609414535e-01	1.380217782713807351e-01	2.740971647104372133e-01	1.659604555573200024e-01	7.878183151325514333e-02	3.431914775969067966e-02	8.482562772691763786e-02
1.429561098135136262e+03	2.237375967775176444e-01	1.378531334940688025e-01	2.742731833469514435e-01	1.660661361186686891e-01	7.882699329904993557e-02	3.434989784291916926e-02	8.489305912076722249e-02
1.431979983241963964e+03	2.234819244580975584e-01	1.376849659023550720e-01	2.744486876156471689e-01	1.661715152112877847e-01	7.887203039083633127e-02	3.438057211250831330e-02	8.496030430921071297e-02
1.434398868348791666e+03	2.232269754482153756e-01	1.375172741441355873e-01	2.746236789821880353e-01	1.662765937640708069e-01	7.891694314087339956e-02	3.441117071197268701e-02	8.502736380848706366e-02
1.436817753455619140e+03	2.229727476992401924e-01	1.373500568711508163e-01	2.747981589080809584e-01	1.663813727026277056e-01	7.896173190042209133e-02	3.444169378494062184e-02	8.509423813348067356e-02
1.439236638562446842e+03	2.227192391683593953e-01	1.371833127389747164e-01	2.749721288506875028e-01	1.664858529492993788e-01	7.900639701974797313e-02	3.447214147515000049e-02	8.516092779772406474e-02
1.441655523669274316e+03	2.224664478185620353e-01	1.370170404070036874e-01	2.751455902632362061e-01	1.665900354231724945e-01	7.905093884812401661e-02	3.450251392644414217e-02	8.522743331340044970e-02
1.444074408776102018e+03	2.222143716186221751e-01	1.368512385384455521e-01	2.753185445948340693e-01	1.666939210400938953e-01	7.909535773383329083e-02	3.453281128276770168e-02	8.529375519134646533e-02
1.446493293882929493e+03	2.219630085430822630e-01	1.366859058003086491e-01	2.754909932904780479e-01	1.667975107126850598e-01	7.913965402417176553e-02	3.456303368816261018e-02	8.535989394105479577e-02
1.448912178989757422e+03	2.217123565722368128e-01	1.365210408633910633e-01	2.756629377910670420e-01	1.669008053503565625e-01	7.918382806545094799e-02	3.459318128676406451e-02	8.542585007067678149e-02
1.451331064096585123e+03	2.214624136921157782e-01	1.363566424022694956e-01	2.758343795334133874e-01	1.670038058593222297e-01	7.922788020300071399e-02	3.462325422279652343e-02	8.549162408702515314e-02
1.453749949203412370e+03	2.212131778944682881e-01	1.361927090952886332e-01	2.760053199502545129e-01	1.671065131426134331e-01	7.927181078117194468e-02	3.465325264056980797e-02	8.555721649557666841e-02
1.456168834310240300e+03	2.209646471767461595e-01	1.360292396245502966e-01	2.761757604702644864e-01	1.672089281000932182e-01	7.931562014333927435e-02	3.468317668447516711e-02	8.562262780047477650e-02
1.458587719417068001e+03	2.207168195420877166e-01	1.358662326759025596e-01	2.763457025180653392e-01	1.673110516284702087e-01	7.935930863190378270e-02	3.471302649898144049e-02	8.568785850453232433e-02
1.461006604523895703e+03	2.204696929993013865e-01	1.357036869389291467e-01	2.765151475142390569e-01	1.674128846213127353e-01	7.940287658829571493e-02	3.474280222863120743e-02	8.575290910923419330e-02
1.463425489630723177e+03	2.202232655628496016e-01	1.355416011069385807e-01	2.766840968753385699e-01	1.675144279690625460e-01	7.944632435297714623e-02	3.477250401803700514e-02	8.581778011474003320e-02
1.465844374737550879e+03	2.199775352528325623e-01	1.353799738769536909e-01	2.768525520138994112e-01	1.676156825590486288e-01	7.948965226544467411e-02	3.480213201187760952e-02	8.588247201988692681e-02
1.468263259844378354e+03	2.197325000949722218e-01	1.352188039497007332e-01	2.770205143384510960e-01	1.677166492755011173e-01	7.953286066423208289e-02	3.483168635489426734e-02	8.594698532219204046e-02
1.470682144951206283e+03	2.194881581205959942e-01	1.350580900295988984e-01	2.771879852535285016e-01	1.678173289995646134e-01	7.957594988691306381e-02	3.486116719188708107e-02	8.601132051785541355e-02
1.473101030058033530e+03	2.192445073666209887e-01	1.348978308247497648e-01	2.773549661596831917e-01	1.679177226093118980e-01	7.961892027010385176e-02	3.489057466771132432e-02	8.607547810176258141e-02
1.475519915164861459e+03	2.190015458755378286e-01	1.347380250469266405e-01	2.775214584534946849e-01	1.680178309797574487e-01	7.966177214946587593e-02	3.491990892727383361e-02	8.613945856748728147e-02
1.477938800271689161e+03	2.187592716953948302e-01	1.345786714115641269e-01	2.776874635275817238e-01	1.681176549828707623e-01	7.970450585970842439e-02	3.494917011552949038e-02	8.620326240729421496e-02
1.480357685378516862e+03	2.185176828797820991e-01	1.344197686377475165e-01	2.778529827706137101e-01	1.682171954875896769e-01	7.974712173459128084e-02	3.497835837747764048e-02	8.626689011214169756e-02
1.482776570485344337e+03	2.182767774878156264e-01	1.342613154482024396e-01	2.780180175673216958e-01	1.683164533598336399e-01	7.978962010692737528e-02	3.500747385815860396e-02	8.633034217168439328e-02
