1.001418434226643626e+03	2.867610217191541300e-01	1.709541691831796550e-01	2.347953411635554932e-01	1.417170008091916400e-01	6.948976091513470177e-02	2.688918069534648389e-02	6.939352551442989903e-02
1.003837319333471214e+03	2.863269070431971874e-01	1.706922567485334163e-01	2.350926100463685275e-01	1.418962524637321920e-01	6.956331682268232508e-02	2.692512456835488219e-02	6.950353230712343067e-02
1.006256204440298802e+03	2.858940236596499984e-01	1.704310872283172629e-01	2.353890063207074723e-01	1.420749776581746726e-01	6.963666099475125659e-02	2.696099508456779870e-02	6.961324905382348938e-02
1.008675089547126618e+03	2.854623680684237330e-01	1.701706585104559022e-01	2.356845324938970643e-01	1.422531780640333421e-01	6.970979406516734922e-02	2.699679241670549165e-02	6.972267638130898171e-02
1.011093974653954206e+03	2.850319367794224013e-01	1.699109684889062721e-01	2.359791910660312408e-01	1.424308553464017080e-01	6.978271666567403830e-02	2.703251673695947557e-02	6.983181491659672113e-02
1.013512859760782021e+03	2.846027263125135431e-01	1.696520150636399993e-01	2.362729845299945952e-01	1.426080111639875247e-01	6.985542942594097360e-02	2.706816821699505743e-02	6.994066528692008400e-02
1.015931744867609382e+03	2.841747331974996960e-01	1.693937961406261350e-01	2.365659153714840535e-01	1.427846471691474606e-01	6.992793297357265125e-02	2.710374702795386934e-02	7.004922811970791530e-02
1.018350629974437197e+03	2.837479539740894730e-01	1.691363096318136139e-01	2.368579860690299965e-01	1.429607650079216252e-01	7.000022793411696254e-02	2.713925334045637003e-02	7.015750404256379524e-02
1.020769515081264785e+03	2.833223851918690306e-01	1.688795534551139899e-01	2.371491990940177708e-01	1.431363663200674874e-01	7.007231493107372866e-02	2.717468732460432898e-02	7.026549368324548628e-02
1.023188400188092373e+03	2.828980234102733693e-01	1.686235255343842832e-01	2.374395569107089488e-01	1.433114527390942083e-01	7.014419458590308298e-02	2.721004914998331400e-02	7.037319766964468537e-02
1.025607285294920075e+03	2.824748651985579673e-01	1.683682237994095776e-01	2.377290619762624235e-01	1.434860258922958653e-01	7.021586751803392257e-02	2.724533898566511292e-02	7.048061662976702613e-02
1.028026170401747549e+03	2.820529071357703033e-01	1.681136461858859787e-01	2.380177167407556693e-01	1.436600874007851747e-01	7.028733434487227649e-02	2.728055700021018992e-02	7.058775119171233070e-02
1.030445055508575479e+03	2.816321458107216014e-01	1.678597906354035163e-01	2.383055236472055582e-01	1.438336388795264376e-01	7.035859568180954926e-02	2.731570336167009685e-02	7.069460198365515313e-02
1.032863940615402726e+03	2.812125778219586314e-01	1.676066550954288803e-01	2.385924851315896766e-01	1.440066819373685414e-01	7.042965214223086134e-02	2.735077823758986365e-02	7.080116963382547535e-02
1.035282825722230655e+03	2.807941997777355092e-01	1.673542375192887399e-01	2.388786036228669196e-01	1.441792181770775172e-01	7.050050433752318157e-02	2.738578179501037838e-02	7.090745477048979173e-02
1.037701710829058356e+03	2.803770082959853860e-01	1.671025358661525073e-01	2.391638815429985299e-01	1.443512491953690136e-01	7.057115287708348728e-02	2.742071420047075686e-02	7.101345802193231860e-02
1.040120595935886058e+03	2.799610000042930813e-01	1.668515481010155732e-01	2.394483213069688587e-01	1.445227765829403821e-01	7.064159836832691053e-02	2.745557562001068458e-02	7.111918001643652287e-02
1.042539481042713533e+03	2.795461715398667168e-01	1.666012721946823760e-01	2.397319253228059610e-01	1.446938019245025686e-01	7.071184141669475953e-02	2.749036621917274464e-02	7.122462138226685890e-02
1.044958366149541234e+03	2.791325195495100719e-01	1.663517061237497208e-01	2.400146959916023004e-01	1.448643267988118655e-01	7.078188262566256772e-02	2.752508616300471805e-02	7.132978274765075510e-02
1.047377251256368709e+03	2.787200406895947724e-01	1.661028478705898481e-01	2.402966357075354276e-01	1.450343527787012199e-01	7.085172259674801798e-02	2.755973561606190128e-02	7.143466474076079487e-02
1.049796136363196410e+03	2.783087316260328126e-01	1.658546954233338366e-01	2.405777468578883249e-01	1.452038814311115422e-01	7.092136192951890850e-02	2.759431474240935794e-02	7.153926798969725831e-02
1.052215021470024112e+03	2.778985890342487441e-01	1.656072467758550604e-01	2.408580318230698625e-01	1.453729143171225424e-01	7.099080122160097983e-02	2.762882370562420170e-02	7.164359312247066403e-02
1.054633906576851814e+03	2.774896095991525868e-01	1.653604999277522858e-01	2.411374929766352815e-01	1.455414529919834832e-01	7.106004106868576975e-02	2.766326266879782364e-02	7.174764076698482429e-02
1.057052791683679516e+03	2.770817900151120727e-01	1.651144528843334347e-01	2.414161326853064005e-01	1.457094990051437389e-01	7.112908206453838478e-02	2.769763179453813701e-02	7.185141155101987254e-02
1.059471676790506763e+03	2.766751269859255569e-01	1.648691036565989310e-01	2.416939533089919045e-01	1.458770539002829658e-01	7.119792480100523013e-02	2.773193124497176990e-02	7.195490610221565164e-02
1.061890561897334692e+03	2.762696172247948168e-01	1.646244502612251859e-01	2.419709572008074960e-01	1.460441192153412171e-01	7.126656986802172578e-02	2.776616118174628570e-02	7.205812504805531038e-02
1.064309447004162394e+03	2.758652574542975744e-01	1.643804907205483889e-01	2.422471467070959894e-01	1.462106964825487521e-01	7.133501785361991143e-02	2.780032176603234456e-02	7.216106901584910804e-02
1.066728332110990095e+03	2.754620444063608509e-01	1.641372230625479933e-01	2.425225241674474341e-01	1.463767872284554850e-01	7.140326934393612102e-02	2.783441315852587181e-02	7.226373863271837172e-02
1.069147217217817570e+03	2.750599748222338214e-01	1.638946453208304510e-01	2.427970919147188766e-01	1.465423929739605724e-01	7.147132492321842112e-02	2.786843551945021938e-02	7.236613452557977277e-02
1.071566102324645271e+03	2.746590454524609481e-01	1.636527555346129481e-01	2.430708522750545941e-01	1.467075152343413624e-01	7.153918517383425768e-02	2.790238900855828916e-02	7.246825732112976981e-02
1.073984987431472746e+03	2.742592530568550013e-01	1.634115517487072788e-01	2.433438075679057178e-01	1.468721555192825101e-01	7.160685067627785283e-02	2.793627378513465279e-02	7.257010764582920437e-02
1.076403872538300675e+03	2.738605944044705809e-01	1.631710320135036085e-01	2.436159601060499946e-01	1.470363153329045935e-01	7.167432200917762952e-02	2.797009000799766457e-02	7.267168612588818799e-02
1.078822757645127922e+03	2.734630662735771933e-01	1.629311943849543753e-01	2.438873121956116330e-01	1.471999961737926466e-01	7.174159974930363615e-02	2.800383783550154312e-02	7.277299338725119748e-02
1.081241642751955851e+03	2.730666654516330505e-01	1.626920369245582476e-01	2.441578661360809255e-01	1.473631995350244417e-01	7.180868447157488788e-02	2.803751742553844614e-02	7.287403005558223956e-02
1.083660527858783553e+03	2.726713887352580912e-01	1.624535576993441366e-01	2.444276242203338168e-01	1.475259269041986621e-01	7.187557674906666638e-02	2.807112893554053121e-02	7.297479675625039020e-02
1.086079412965611255e+03	2.722772329302078909e-01	1.622157547818552092e-01	2.446965887346513879e-01	1.476881797634626570e-01	7.194227715301773629e-02	2.810467252248199932e-02	7.307529411431543109e-02
1.088498298072438729e+03	2.718841948513472939e-01	1.619786262501328733e-01	2.449647619587394520e-01	1.478499595895402807e-01	7.200878625283761714e-02	2.813814834288113492e-02	7.317552275451369437e-02
1.090917183179266431e+03	2.714922713226239903e-01	1.617421701877011231e-01	2.452321461657477608e-01	1.480112678537592874e-01	7.207510461611375818e-02	2.817155655280231125e-02	7.327548330124410148e-02
1.093336068286093905e+03	2.711014591770424809e-01	1.615063846835505246e-01	2.454987436222895725e-01	1.481721060220785591e-01	7.214123280861867160e-02	2.820489730785800606e-02	7.337517637855442421e-02
1.095754953392921607e+03	2.707117552566379870e-01	1.612712678321225612e-01	2.457645565884608030e-01	1.483324755551153340e-01	7.220717139431703790e-02	2.823817076321076883e-02	7.347460261012772609e-02
1.098173838499749309e+03	2.703231564124504160e-01	1.610368177332938411e-01	2.460295873178591775e-01	1.484923779081719075e-01	7.227292093537275586e-02	2.827137707357521915e-02	7.357376261926892869e-02
1.100592723606577010e+03	2.699356595044982154e-01	1.608030324923604426e-01	2.462938380576034925e-01	1.486518145312624994e-01	7.233848199215597852e-02	2.830451639321999308e-02	7.367265702889162771e-02
1.103011608713404712e+03	2.695492614017527266e-01	1.605699102200223161e-01	2.465573110483527397e-01	1.488107868691396496e-01	7.240385512325005213e-02	2.833758887596969644e-02	7.377128646150510338e-02
1.105430493820231959e+03	2.691639589821122058e-01	1.603374490323676571e-01	2.468200085243250352e-01	1.489692963613205301e-01	7.246904088545852440e-02	2.837059467520683734e-02	7.386965153920146965e-02
1.107849378927059888e+03	2.687797491323764554e-01	1.601056470508573359e-01	2.470819327133166043e-01	1.491273444421130634e-01	7.253403983381201403e-02	2.840353394387374816e-02	7.396775288364301759e-02
1.110268264033887590e+03	2.683966287482207336e-01	1.598745024023095207e-01	2.473430858367207941e-01	1.492849325406418737e-01	7.259885252157505242e-02	2.843640683447449385e-02	7.406559111604972545e-02
1.112687149140715292e+03	2.680145947341705526e-01	1.596440132188841066e-01	2.476034701095468082e-01	1.494420620808740441e-01	7.266347950025296709e-02	2.846921349907675924e-02	7.416316685718696289e-02
1.115106034247542766e+03	2.676336440035760322e-01	1.594141776380673947e-01	2.478630877404384703e-01	1.495987344816445408e-01	7.272792131959865403e-02	2.850195408931373645e-02	7.426048072735338956e-02
1.117524919354370468e+03	2.672537734785864205e-01	1.591849938026566880e-01	2.481219409316930968e-01	1.497549511566817482e-01	7.279217852761928065e-02	2.853462875638598795e-02	7.435753334636895084e-02
1.119943804461197942e+03	2.668749800901248359e-01	1.589564598607450807e-01	2.483800318792800943e-01	1.499107135146326153e-01	7.285625167058308593e-02	2.856723765106330970e-02	7.445432533356310945e-02
1.122362689568025871e+03	2.664972607778631208e-01	1.587285739657060268e-01	2.486373627728595548e-01	1.500660229590876360e-01	7.292014129302598624e-02	2.859978092368656993e-02	7.455085730776321584e-02
1.124781574674853118e+03	2.661206124901964176e-01	1.585013342761783794e-01	2.488939357958007692e-01	1.502208808886056346e-01	7.298384793775826440e-02	2.863225872416954448e-02	7.464712988728307297e-02
1.127200459781681047e+03	2.657450321842182994e-01	1.582747389560509033e-01	2.491497531252008235e-01	1.503752886967385516e-01	7.304737214587114780e-02	2.866467120200071744e-02	7.474314368991163970e-02
1.129619344888508749e+03	2.653705168256956237e-01	1.580487861744473976e-01	2.494048169319029451e-01	1.505292477720557576e-01	7.311071445674341418e-02	2.869701850624510955e-02	7.483889933290185925e-02
1.132038229995336451e+03	2.649970633890433858e-01	1.578234741057115420e-01	2.496591293805149048e-01	1.506827594981685614e-01	7.317387540804788648e-02	2.872930078554605457e-02	7.493439743295976507e-02
1.134457115102163925e+03	2.646246688573002936e-01	1.575988009293918246e-01	2.499126926294273354e-01	1.508358252537541078e-01	7.323685553575795537e-02	2.876151818812698949e-02	7.502963860623361458e-02
1.136876000208991627e+03	2.642533302221035107e-01	1.573747648302265822e-01	2.501655088308319397e-01	1.509884464125795522e-01	7.329965537415404631e-02	2.879367086179322049e-02	7.512462346830324489e-02
1.139294885315819101e+03	2.638830444836641198e-01	1.571513639981290678e-01	2.504175801307397808e-01	1.511406243435257923e-01	7.336227545583005882e-02	2.882575895393368198e-02	7.521935263416958117e-02
1.141713770422646803e+03	2.635138086507424204e-01	1.569285966281725453e-01	2.506689086689994905e-01	1.512923604106109765e-01	7.342471631169972257e-02	2.885778261152267821e-02	7.531382671824432551e-02
1.144132655529474505e+03	2.631456197406233377e-01	1.567064609205753856e-01	2.509194965793150600e-01	1.514436559730141518e-01	7.348697847100299496e-02	2.888974198112161801e-02	7.540804633433968729e-02
1.146551540636302207e+03	2.627784747790919417e-01	1.564849550806863276e-01	2.511693459892640479e-01	1.515945123850984122e-01	7.354906246131236169e-02	2.892163720888074607e-02	7.550201209565843286e-02
1.148970425743129908e+03	2.624123708004089117e-01	1.562640773189696297e-01	2.514184590203157321e-01	1.517449309964341575e-01	7.361096880853919278e-02	2.895346844054083948e-02	7.559572461478389349e-02
1.151389310849957155e+03	2.620473048472862776e-01	1.560438258509904697e-01	2.516668377878486518e-01	1.518949131518219642e-01	7.367269803693989039e-02	2.898523582143491123e-02	7.568918450367032036e-02
1.153808195956785084e+03	2.616832739708629396e-01	1.558241988974000958e-01	2.519144844011686479e-01	1.520444601913154281e-01	7.373425066912223103e-02	2.901693949648990675e-02	7.578239237363321168e-02
1.156227081063612786e+03	2.613202752306807430e-01	1.556051946839213107e-01	2.521614009635268494e-01	1.521935734502438409e-01	7.379562722605149949e-02	2.904857961022837276e-02	7.587534883533986196e-02
1.158645966170440488e+03	2.609583056946599422e-01	1.553868114413338719e-01	2.524075895721371587e-01	1.523422542592346718e-01	7.385682822705663675e-02	2.908015630677012256e-02	7.596805449880006389e-02
1.161064851277267962e+03	2.605973624390753862e-01	1.551690474054599200e-01	2.526530523181939603e-01	1.524905039442359389e-01	7.391785418983640166e-02	2.911166972983390139e-02	7.606050997335694897e-02
1.163483736384095664e+03	2.602374425485324827e-01	1.549519008171494072e-01	2.528977912868898836e-01	1.526383238265383580e-01	7.397870563046547721e-02	2.914312002273900665e-02	7.615271586767789758e-02
1.165902621490923138e+03	2.598785431159431059e-01	1.547353699222657752e-01	2.531418085574332344e-01	1.527857152227973248e-01	7.403938306340050735e-02	2.917450732840694977e-02	7.624467278974568496e-02
1.168321506597751068e+03	2.595206612425017267e-01	1.545194529716714116e-01	2.533851062030656465e-01	1.529326794450548976e-01	7.409988700148609220e-02	2.920583178936306257e-02	7.633638134684969656e-02
1.170740391704578315e+03	2.591637940376619320e-01	1.543041482212132998e-01	2.536276862910794572e-01	1.530792178007615578e-01	7.416021795596089428e-02	2.923709354773810359e-02	7.642784214557729605e-02
1.173159276811406244e+03	2.588079386191122766e-01	1.540894539317086975e-01	2.538695508828351377e-01	1.532253315927976089e-01	7.422037643646350880e-02	2.926829274526987837e-02	7.651905579180534600e-02
1.175578161918233945e+03	2.584530921127529135e-01	1.538753683689309260e-01	2.541107020337787792e-01	1.533710221194947709e-01	7.428036295103844500e-02	2.929942952330481104e-02	7.661002289069182569e-02
1.177997047025061647e+03	2.580992516526717795e-01	1.536618898035949088e-01	2.543511417934591345e-01	1.535162906746574685e-01	7.434017800614203808e-02	2.933050402279954380e-02	7.670074404666761547e-02
1.180415932131889122e+03	2.577464143811212249e-01	1.534490165113431559e-01	2.545908722055451046e-01	1.536611385475838698e-01	7.439982210664831952e-02	2.936151638432248426e-02	7.679121986342833661e-02
1.182834817238716823e+03	2.573945774484944771e-01	1.532367467727315802e-01	2.548298953078427798e-01	1.538055670230869254e-01	7.445929575585485960e-02	2.939246674805539097e-02	7.688145094392645484e-02
1.185253702345544298e+03	2.570437380133023253e-01	1.530250788732152867e-01	2.550682131323126489e-01	1.539495773815153234e-01	7.451859945548858222e-02	2.942335525379489308e-02	7.697143789036335615e-02
1.187672587452371999e+03	2.566938932421498065e-01	1.528140111031345283e-01	2.553058277050867519e-01	1.540931708987740567e-01	7.457773370571153804e-02	2.945418204095406195e-02	7.706118130418161682e-02
1.190091472559199701e+03	2.563450403097130570e-01	1.526035417577006892e-01	2.555427410464856663e-01	1.542363488463450172e-01	7.463669900512670541e-02	2.948494724856392732e-02	7.715068178605744009e-02
1.192510357666027403e+03	2.559971763987156645e-01	1.523936691369822127e-01	2.557789551710352716e-01	1.543791124913075907e-01	7.469549585078366638e-02	2.951565101527498999e-02	7.723993993589313434e-02
1.194929242772855105e+03	2.556502986999061866e-01	1.521843915458907237e-01	2.560144720874839575e-01	1.545214630963587243e-01	7.475412473818435211e-02	2.954629347935874492e-02	7.732895635280978563e-02
1.197348127879682352e+03	2.553044044120347800e-01	1.519757072941671228e-01	2.562492937988194996e-01	1.546634019198333265e-01	7.481258616128867722e-02	2.957687477870917306e-02	7.741773163513993028e-02
1.199767012986510281e+03	2.549594907418301637e-01	1.517676146963676531e-01	2.564834223022857129e-01	1.548049302157240570e-01	7.487088061252017424e-02	2.960739505084424364e-02	7.750626638042049099e-02
1.202185898093337983e+03	2.546155549039770261e-01	1.515601120718500783e-01	2.567168595893992711e-01	1.549460492337013662e-01	7.492900858277165566e-02	2.963785443290738869e-02	7.759456118538575475e-02
1.204604783200165684e+03	2.542725941210927654e-01	1.513531977447598598e-01	2.569496076459665268e-01	1.550867602191332573e-01	7.498697056141073736e-02	2.966825306166897755e-02	7.768261664596044780e-02
1.207023668306993159e+03	2.539306056237051745e-01	1.511468700440165014e-01	2.571816684520999985e-01	1.552270644131047983e-01	7.504476703628543133e-02	2.969859107352777056e-02	7.777043335725297712e-02
1.209442553413820860e+03	2.535895866502292373e-01	1.509411273032997824e-01	2.574130439822351346e-01	1.553669630524377732e-01	7.510239849372964127e-02	2.972886860451239358e-02	7.785801191354871365e-02
1.211861438520648335e+03	2.532495344469449794e-01	1.507359678610360187e-01	2.576437362051468560e-01	1.555064573697099439e-01	7.515986541856871372e-02	2.975908579028276393e-02	7.794535290830346963e-02
1.214280323627476264e+03	2.529104462679745979e-01	1.505313900603845179e-01	2.578737470839659873e-01	1.556455485932742300e-01	7.521716829412486427e-02	2.978924276613154065e-02	7.803245693413700390e-02
1.216699208734303511e+03	2.525723193752600904e-01	1.503273922492239789e-01	2.581030785761957436e-01	1.557842379472779981e-01	7.527430760222261763e-02	2.981933966698554345e-02	7.811932458282674907e-02
1.219118093841131440e+03	2.522351510385407170e-01	1.501239727801389756e-01	2.583317326337281616e-01	1.559225266516819364e-01	7.533128382319427552e-02	2.984937662740717174e-02	7.820595644530146939e-02
1.221536978947959142e+03	2.518989385353307409e-01	1.499211300104063282e-01	2.585597112028604760e-01	1.560604159222789278e-01	7.538809743588521795e-02	2.987935378159580629e-02	7.829235311163521005e-02
1.223955864054786844e+03	2.515636791508970016e-01	1.497188623019816700e-01	2.587870162243114946e-01	1.561979069707127299e-01	7.544474891765935720e-02	2.990927126338922826e-02	7.837851517104123256e-02
1.226374749161614318e+03	2.512293701782367106e-01	1.495171680214860965e-01	2.590136496332376415e-01	1.563350010044967098e-01	7.550123874440446692e-02	2.993912920626499649e-02	7.846444321186607507e-02
1.228793634268442020e+03	2.508960089180554687e-01	1.493160455401927877e-01	2.592396133592492213e-01	1.564716992270322460e-01	7.555756739053738624e-02	2.996892774334183537e-02	7.855013782158376534e-02
1.231212519375269494e+03	2.505635926787447842e-01	1.491154932340134909e-01	2.594649093264267958e-01	1.566080028376270472e-01	7.561373532900944605e-02	2.999866700738100869e-02	7.863559958679008921e-02
1.233631404482097196e+03	2.502321187763604793e-01	1.489155094834853366e-01	2.596895394533370038e-01	1.567439130315135820e-01	7.566974303131161761e-02	3.002834713078768661e-02	7.872082909319695621e-02
1.236050289588924898e+03	2.499015845346002074e-01	1.487160926737575994e-01	2.599135056530487708e-01	1.568794309998670644e-01	7.572559096747982776e-02	3.005796824561229874e-02	7.880582692562686231e-02
1.238469174695752372e+03	2.495719872847820264e-01	1.485172411945783200e-01	2.601368098331493517e-01	1.570145579298234673e-01	7.578127960610007985e-02	3.008753048355189072e-02	7.889059366800750539e-02
1.240888059802580301e+03	2.492433243658221664e-01	1.483189534402812315e-01	2.603594538957600402e-01	1.571492950044975356e-01	7.583680941431372724e-02	3.011703397595145645e-02	7.897512990336644223e-02
1.243306944909407548e+03	2.489155931242135467e-01	1.481212278097725765e-01	2.605814397375524893e-01	1.572836434030003283e-01	7.589218085782253875e-02	3.014647885380528428e-02	7.905943621382582887e-02
1.245725830016235477e+03	2.485887909140037655e-01	1.479240627065179503e-01	2.608027692497641437e-01	1.574176043004572312e-01	7.594739440089387505e-02	3.017586524775827533e-02	7.914351318059731355e-02
1.248144715123063179e+03	2.482629150967736731e-01	1.477274565385292282e-01	2.610234443182143371e-01	1.575511788680251657e-01	7.600245050636580957e-02	3.020519328810724810e-02	7.922736138397698524e-02
1.250563600229890881e+03	2.479379630416157498e-01	1.475314077183515482e-01	2.612434668233200585e-01	1.576843682729102969e-01	7.605734963565219386e-02	3.023446310480227411e-02	7.931098140334040536e-02
1.252982485336718355e+03	2.476139321251123460e-01	1.473359146630503769e-01	2.614628386401112725e-01	1.578171736783851586e-01	7.611209224874766754e-02	3.026367482744794779e-02	7.939437381713777830e-02
1.255401370443546057e+03	2.472908197313145595e-01	1.471409757941983809e-01	2.616815616382470733e-01	1.579495962438059731e-01	7.616667880423275139e-02	3.029282858530471176e-02	7.947753920288912199e-02
1.257820255550373531e+03	2.469686232517204760e-01	1.469465895378626041e-01	2.618996376820310612e-01	1.580816371246298035e-01	7.622110975927885723e-02	3.032192450729011279e-02	7.956047813717964656e-02
1.260239140657201460e+03	2.466473400852541853e-01	1.467527543245916166e-01	2.621170686304269415e-01	1.582132974724314300e-01	7.627538556965321459e-02	3.035096272198009940e-02	7.964319119565513305e-02
1.262658025764028707e+03	2.463269676382441875e-01	1.465594685894025528e-01	2.623338563370740673e-01	1.583445784349202523e-01	7.632950668972386665e-02	3.037994335761027773e-02	7.972567895301742313e-02
1.265076910870856636e+03	2.460075033244023823e-01	1.463667307717684274e-01	2.625500026503028161e-01	1.584754811559571930e-01	7.638347357246462466e-02	3.040886654207718837e-02	7.980794198302001985e-02
1.267495795977684338e+03	2.456889445648027803e-01	1.461745393156052564e-01	2.627655094131501334e-01	1.586060067755712677e-01	7.643728666945991124e-02	3.043773240293955185e-02	7.988998085846371611e-02
1.269914681084511813e+03	2.453712887878605753e-01	1.459828926692593176e-01	2.629803784633749086e-01	1.587361564299761829e-01	7.649094643090975643e-02	3.046654106741951765e-02	7.997179615119236196e-02
1.272333566191339514e+03	2.450545334293108835e-01	1.457917892854944941e-01	2.631946116334732411e-01	1.588659312515868227e-01	7.654445330563451610e-02	3.049529266240390973e-02	8.005338843208870125e-02
1.274752451298167216e+03	2.447386759321880101e-01	1.456012276214796730e-01	2.634082107506938719e-01	1.589953323690355413e-01	7.659780774107988188e-02	3.052398731444545127e-02	8.013475827107029159e-02
1.277171336404994690e+03	2.444237137468042720e-01	1.454112061387759502e-01	2.636211776370530058e-01	1.591243609071884835e-01	7.665101018332154403e-02	3.055262514976398933e-02	8.021590623708549361e-02
1.279590221511822392e+03	2.441096443307294306e-01	1.452217233033241961e-01	2.638335141093499647e-01	1.592530179871617657e-01	7.670406107707011811e-02	3.058120629424772308e-02	8.029683289810950197e-02
1.282009106618650094e+03	2.437964651487697365e-01	1.450327775854325096e-01	2.640452219791822319e-01	1.593813047263374361e-01	7.675696086567580789e-02	3.060973087345440768e-02	8.037753882114057058e-02
1.284427991725477568e+03	2.434841736729473349e-01	1.448443674597635344e-01	2.642563030529602730e-01	1.595092222383795444e-01	7.680970999113324871e-02	3.063819901261256168e-02	8.045802457219622394e-02
1.286846876832305497e+03	2.431727673824793379e-01	1.446564914053221351e-01	2.644667591319229683e-01	1.596367716332499354e-01	7.686230889408618427e-02	3.066661083662266390e-02	8.053829071630953795e-02
1.289265761939132744e+03	2.428622437637575349e-01	1.444691479054429073e-01	2.646765920121523785e-01	1.597639540172239858e-01	7.691475801383215738e-02	3.069496647005833315e-02	8.061833781752554551e-02
1.291684647045960673e+03	2.425526003103276040e-01	1.442823354477777431e-01	2.648858034845886777e-01	1.598907704929062867e-01	7.696705778832726996e-02	3.072326603716752855e-02	8.069816643889771157e-02
1.294103532152788375e+03	2.422438345228687950e-01	1.440960525242835633e-01	2.650943953350453075e-01	1.600172221592462418e-01	7.701920865419074891e-02	3.075150966187371881e-02	8.077777714248444985e-02
1.296522417259616077e+03	2.419359439091734454e-01	1.439102976312098270e-01	2.653023693442235209e-01	1.601433101115535551e-01	7.707121104670966449e-02	3.077969746777704102e-02	8.085717048934575046e-02
1.298941302366443551e+03	2.416289259841266079e-01	1.437250692690864029e-01	2.655097272877274817e-01	1.602690354415134411e-01	7.712306539984351006e-02	3.080782957815548714e-02	8.093634703953987708e-02
1.301360187473271253e+03	2.413227782696856782e-01	1.435403659427111345e-01	2.657164709360789190e-01	1.603943992372021121e-01	7.717477214622880943e-02	3.083590611596603165e-02	8.101530735212007783e-02
1.303779072580098727e+03	2.410174982948602995e-01	1.433561861611377664e-01	2.659226020547318936e-01	1.605194025831018501e-01	7.722633171718369660e-02	3.086392720384580762e-02	8.109405198513146285e-02
1.306197957686926657e+03	2.407130835956920734e-01	1.431725284376637042e-01	2.661281224040873972e-01	1.606440465601160772e-01	7.727774454271248150e-02	3.089189296411322394e-02	8.117258149560788172e-02
1.308616842793753904e+03	2.404095317152343814e-01	1.429893912898178021e-01	2.663330337395080072e-01	1.607683322455844277e-01	7.732901105151014642e-02	3.091980351876912753e-02	8.125089643956889818e-02
1.311035727900581833e+03	2.401068402035324845e-01	1.428067732393482892e-01	2.665373378113328195e-01	1.608922607132975968e-01	7.738013167096691181e-02	3.094765898949791011e-02	8.132899737201680634e-02
1.313454613007409534e+03	2.398050066176033446e-01	1.426246728122107232e-01	2.667410363648913818e-01	1.610158330335122456e-01	7.743110682717269100e-02	3.097545949766865314e-02	8.140688484693377192e-02
1.315873498114237009e+03	2.395040285214157516e-01	1.424430885385559731e-01	2.669441311405187367e-01	1.611390502729655727e-01	7.748193694492157280e-02	3.100320516433623108e-02	8.148455941727900109e-02
1.318292383221064711e+03	2.392039034858704227e-01	1.422620189527180334e-01	2.671466238735696885e-01	1.612619134948900801e-01	7.753262244771626233e-02	3.103089611024241468e-02	8.156202163498595115e-02
1.320711268327892412e+03	2.389046290887801849e-01	1.420814625932022013e-01	2.673485162944331250e-01	1.613844237590281450e-01	7.758316375777256357e-02	3.105853245581699854e-02	8.163927205095963813e-02
1.323130153434719887e+03	2.386062029148501296e-01	1.419014180026730854e-01	2.675498101285466723e-01	1.615065821216463415e-01	7.763356129602372313e-02	3.108611432117887666e-02	8.171631121507404172e-02
1.325549038541547588e+03	2.383086225556579618e-01	1.417218837279426991e-01	2.677505070964106837e-01	1.616283896355499849e-01	7.768381548212487109e-02	3.111364182613715612e-02	8.179313967616953784e-02
1.327967923648375290e+03	2.380118856096342939e-01	1.415428583199586365e-01	2.679506089136028391e-01	1.617498473500972311e-01	7.773392673445735090e-02	3.114111509019222568e-02	8.186975798205037291e-02
1.330386808755202765e+03	2.377159896820430496e-01	1.413643403337921378e-01	2.681501172907921893e-01	1.618709563112134542e-01	7.778389547013310479e-02	3.116853423253683822e-02	8.194616667948220745e-02
1.332805693862030694e+03	2.374209323849619524e-01	1.411863283286263204e-01	2.683490339337534225e-01	1.619917175614053184e-01	7.783372210499898969e-02	3.119589937205720018e-02	8.202236631418979851e-02
1.335224578968857941e+03	2.371267113372629298e-01	1.410088208677444943e-01	2.685473605433811306e-01	1.621121321397747117e-01	7.788340705364112104e-02	3.122321062733401237e-02	8.209835743085461268e-02
1.337643464075685870e+03	2.368333241645928511e-01	1.408318165185183379e-01	2.687450988157037424e-01	1.622322010820327898e-01	7.793295072938910550e-02	3.125046811664355939e-02	8.217414057311264730e-02
1.340062349182513572e+03	2.365407684993539317e-01	1.406553138523962410e-01	2.689422504418977344e-01	1.623519254205138262e-01	7.798235354432037081e-02	3.127767195795875393e-02	8.224971628355218223e-02
1.342481234289341273e+03	2.362490419806845821e-01	1.404793114448915636e-01	2.691388171083015646e-01	1.624713061841890627e-01	7.803161590926439850e-02	3.130482226895018455e-02	8.232508510371164268e-02
1.344900119396168748e+03	2.359581422544400897e-01	1.403038078755710627e-01	2.693348004964298825e-01	1.625903443986803087e-01	7.808073823380695666e-02	3.133191916698715301e-02	8.240024757407755918e-02
1.347319004502996449e+03	2.356680669731734679e-01	1.401288017280433451e-01	2.695302022829870747e-01	1.627090410862736258e-01	7.812972092629431875e-02	3.135896276913874292e-02	8.247520423408249979e-02
1.349737889609823924e+03	2.353788137961160820e-01	1.399542915899472384e-01	2.697250241398815307e-01	1.628273972659327884e-01	7.817856439383745470e-02	3.138595319217481888e-02	8.254995562210314108e-02
1.352156774716651853e+03	2.350903803891588040e-01	1.397802760529402444e-01	2.699192677342394098e-01	1.629454139533128842e-01	7.822726904231623590e-02	3.141289055256707430e-02	8.262450227545835302e-02
1.354575659823479100e+03	2.348027644248329160e-01	1.396067537126871039e-01	2.701129347284184634e-01	1.630630921607736095e-01	7.827583527638358463e-02	3.143977496649004444e-02	8.269884473040733930e-02
1.356994544930307029e+03	2.345159635822909316e-01	1.394337231688481948e-01	2.703060267800218019e-01	1.631804328973925633e-01	7.832426349946962352e-02	3.146660654982213340e-02	8.277298352214784716e-02
1.359413430037134731e+03	2.342299755472879441e-01	1.392611830250683191e-01	2.704985455419114393e-01	1.632974371689785709e-01	7.837255411378575565e-02	3.149338541814660636e-02	8.284691918481441875e-02
1.361832315143962205e+03	2.339447980121625859e-01	1.390891318889651562e-01	2.706904926622223928e-01	1.634141059780847283e-01	7.842070752032882786e-02	3.152011168675261654e-02	8.292065225147672580e-02
1.364251200250789907e+03	2.336604286758181825e-01	1.389175683721179111e-01	2.708818697843760614e-01	1.635304403240215865e-01	7.846872411888521082e-02	3.154678547063619748e-02	8.299418325413789044e-02
1.366670085357617609e+03	2.333768652437041291e-01	1.387464910900559900e-01	2.710726785470939371e-01	1.636464412028699744e-01	7.851660430803483748e-02	3.157340688450125527e-02	8.306751272373293082e-02
1.369088970464445310e+03	2.330941054277970159e-01	1.385758986622477873e-01	2.712629205844110936e-01	1.637621096074941551e-01	7.856434848515525537e-02	3.159997604276054001e-02	8.314064119012722076e-02
1.371507855571272785e+03	2.328121469465820048e-01	1.384057897120893055e-01	2.714525975256898427e-01	1.638774465275545100e-01	7.861195704642572057e-02	3.162649305953667278e-02	8.321356918211503251e-02
1.373926740678100487e+03	2.325309875250343716e-01	1.382361628668929698e-01	2.716417109956330567e-01	1.639924529495203620e-01	7.865943038683115285e-02	3.165295804866308932e-02	8.328629722741805186e-02
1.376345625784927961e+03	2.322506248946007990e-01	1.380670167578764429e-01	2.718302626142978795e-01	1.641071298566827430e-01	7.870676890016614635e-02	3.167937112368501840e-02	8.335882585268404588e-02
1.378764510891755890e+03	2.319710567931809186e-01	1.378983500201514112e-01	2.720182539971088831e-01	1.642214782291669117e-01	7.875397297903899418e-02	3.170573239786046021e-02	8.343115558348551675e-02
1.381183395998583137e+03	2.316922809651088544e-01	1.377301612927125107e-01	2.722056867548715564e-01	1.643354990439450103e-01	7.880104301487558804e-02	3.173204198416115784e-02	8.350328694431841114e-02
1.383602281105411066e+03	2.314142951611348753e-01	1.375624492184261971e-01	2.723925624937856838e-01	1.644491932748484986e-01	7.884797939792341503e-02	3.175829999527353398e-02	8.357522045860091287e-02
1.386021166212238768e+03	2.311370971384070216e-01	1.373952124440196709e-01	2.725788828154584453e-01	1.645625618925805611e-01	7.889478251725548508e-02	3.178450654359964850e-02	8.364695664867222158e-02
1.388440051319066470e+03	2.308606846604528695e-01	1.372284496200698589e-01	2.727646493169180175e-01	1.646756058647285414e-01	7.894145276077421669e-02	3.181066174125816298e-02	8.371849603579141486e-02
1.390858936425893944e+03	2.305850554971612121e-01	1.370621594009923394e-01	2.729498635906264514e-01	1.647883261557760715e-01	7.898799051521539216e-02	3.183676570008526358e-02	8.378983914013637957e-02
1.393277821532721646e+03	2.303102074247639908e-01	1.368963404450305177e-01	2.731345272244928291e-01	1.649007237271155057e-01	7.903439616615193231e-02	3.186281853163562550e-02	8.386098648080274331e-02
1.395696706639549120e+03	2.300361382258181431e-01	1.367309914142444960e-01	2.733186418018867525e-01	1.650127995370597178e-01	7.908067009799789326e-02	3.188882034718330816e-02	8.393193857580284745e-02
1.398115591746377049e+03	2.297628456891874227e-01	1.365661109745002766e-01	2.735022089016511115e-01	1.651245545408545068e-01	7.912681269401221351e-02	3.191477125772271273e-02	8.400269594206485890e-02
1.400534476853204296e+03	2.294903276100245804e-01	1.364016977954589371e-01	2.736852300981153507e-01	1.652359896906904213e-01	7.917282433630258576e-02	3.194067137396951195e-02	8.407325909543177100e-02
1.402953361960032225e+03	2.292185817897531563e-01	1.362377505505656394e-01	2.738677069611081816e-01	1.653471059357147499e-01	7.921870540582927334e-02	3.196652080636153831e-02	8.414362855066061242e-02
1.405372247066859927e+03	2.289476060360497722e-01	1.360742679170388880e-01	2.740496410559709606e-01	1.654579042220433449e-01	7.926445628240891272e-02	3.199231966505972774e-02	8.421380482142154511e-02
1.407791132173687402e+03	2.286773981628261732e-01	1.359112485758597888e-01	2.742310339435703459e-01	1.655683854927724741e-01	7.931007734471823278e-02	3.201806805994901473e-02	8.428378842029711493e-02
1.410210017280515103e+03	2.284079559902114365e-01	1.357486912117612243e-01	2.744118871803112869e-01	1.656785506879905334e-01	7.935556897029794055e-02	3.204376610063924130e-02	8.435357985878151610e-02
1.412628902387342805e+03	2.281392773445341804e-01	1.355865945132171402e-01	2.745922023181497917e-01	1.657884007447897323e-01	7.940093153555635719e-02	3.206941389646603829e-02	8.442317964727988344e-02
1.415047787494170507e+03	2.278713600583049392e-01	1.354249571724319146e-01	2.747719809046059170e-01	1.658979365972777509e-01	7.944616541577320667e-02	3.209501155649177595e-02	8.449258829510759850e-02
1.417466672600997981e+03	2.276042019701983998e-01	1.352637778853296446e-01	2.749512244827765350e-01	1.660071591765890642e-01	7.949127098510337663e-02	3.212055918950638272e-02	8.456180631048970664e-02
1.419885557707825683e+03	2.273378009250358323e-01	1.351030553515435439e-01	2.751299345913478800e-01	1.661160694108967384e-01	7.953624861658051270e-02	3.214605690402828897e-02	8.463083420056029260e-02
1.422304442814653157e+03	2.270721547737675761e-01	1.349427882744053397e-01	2.753081127646084814e-01	1.662246682254236441e-01	7.958109868212079330e-02	3.217150480830528042e-02	8.469967247136199473e-02
1.424723327921481086e+03	2.268072613734555265e-01	1.347829753609346148e-01	2.754857605324616543e-01	1.663329565424538359e-01	7.962582155252660721e-02	3.219690301031537943e-02	8.476832162784546376e-02
1.427142213028308333e+03	2.265431185872556208e-01	1.346236153218285103e-01	2.756628794204383226e-01	1.664409352813438769e-01	7.967041759749012020e-02	3.222225161776772623e-02	8.483678217386887710e-02
1.429561098135136262e+03	2.262797242844005463e-01	1.344647068714509563e-01	2.758394709497093977e-01	1.665486053585340520e-01	7.971488718559704978e-02	3.224755073810344624e-02	8.490505461219756411e-02
1.431979983241963964e+03	2.260170763401822547e-01	1.343062487278223749e-01	2.760155366370986019e-01	1.666559676875596085e-01	7.975923068433016239e-02	3.227280047849649669e-02	8.497313944450357592e-02
1.434398868348791666e+03	2.257551726359347255e-01	1.341482396126090770e-01	2.761910779950946249e-01	1.667630231790616646e-01	7.980344846007297877e-02	3.229800094585456860e-02	8.504103717136535234e-02
1.436817753455619140e+03	2.254940110590167857e-01	1.339906782511130490e-01	2.763660965318640583e-01	1.668697727407984777e-01	7.984754087811331280e-02	3.232315224681989174e-02	8.510874829226737492e-02
1.439236638562446842e+03	2.252335895027947898e-01	1.338335633722614049e-01	2.765405937512633860e-01	1.669762172776563802e-01	7.989150830264692138e-02	3.234825448777012280e-02	8.517627330559993104e-02
1.441655523669274316e+03	2.249739058666255231e-01	1.336768937085960895e-01	2.767145711528518071e-01	1.670823576916606323e-01	7.993535109678095996e-02	3.237330777481917110e-02	8.524361270865883633e-02
1.444074408776102018e+03	2.247149580558390203e-01	1.335206679962635534e-01	2.768880302319031150e-01	1.671881948819863017e-01	7.997906962253767404e-02	3.239831221381805904e-02	8.531076699764521265e-02
1.446493293882929493e+03	2.244567439817217180e-01	1.333648849750044552e-01	2.770609724794185769e-01	1.672937297449691718e-01	8.002266424085781316e-02	3.242326791035575473e-02	8.537773666766537706e-02
1.448912178989757422e+03	2.241992615614992190e-01	1.332095433881434476e-01	2.772333993821389786e-01	1.673989631741164275e-01	8.006613531160423902e-02	3.244817496975999777e-02	8.544452221273059200e-02
1.451331064096585123e+03	2.239425087183194440e-01	1.330546419825787974e-01	2.774053124225567268e-01	1.675038960601173410e-01	8.010948319356538116e-02	3.247303349709813880e-02	8.551112412575705146e-02
1.453749949203412370e+03	2.236864833812357567e-01	1.329001795087723370e-01	2.775767130789283943e-01	1.676085292908539026e-01	8.015270824445877573e-02	3.249784359717797916e-02	8.557754289856575602e-02
1.456168834310240300e+03	2.234311834851900325e-01	1.327461547207392234e-01	2.777476028252865992e-01	1.677128637514114506e-01	8.019581082093450719e-02	3.252260537454857575e-02	8.564377902188251290e-02
1.458587719417068001e+03	2.231766069709958944e-01	1.325925663760378348e-01	2.779179831314523286e-01	1.678169003240891632e-01	8.023879127857871940e-02	3.254731893350105293e-02	8.570983298533785266e-02
1.461006604523895703e+03	2.229227517853219487e-01	1.324394132357595844e-01	2.780878554630472066e-01	1.679206398884105778e-01	8.028164997191701568e-02	3.257198437806942820e-02	8.577570527746714024e-02
1.463425489630723177e+03	2.226696158806750758e-01	1.322866940645188172e-01	2.782572212815051516e-01	1.680240833211339435e-01	8.032438725441792826e-02	3.259660181203143797e-02	8.584139638571054720e-02
1.465844374737550879e+03	2.224171972153837218e-01	1.321344076304428738e-01	2.784260820440848105e-01	1.681272314962626024e-01	8.036700347849635995e-02	3.262117133890931470e-02	8.590690679641320437e-02
1.468263259844378354e+03	2.221654937535813557e-01	1.319825527051619596e-01	2.785944392038814388e-01	1.682300852850553141e-01	8.040949899551695645e-02	3.264569306197061260e-02	8.597223699482528514e-02
1.470682144951206283e+03	2.219145034651898718e-01	1.318311280637991523e-01	2.787622942098388346e-01	1.683326455560365253e-01	8.045187415579749257e-02	3.267016708422901261e-02	8.603738746510211644e-02
1.473101030058033530e+03	2.216642243259030476e-01	1.316801324849604660e-01	2.789296485067611631e-01	1.684349131750064454e-01	8.049412930861231386e-02	3.269459350844507867e-02	8.610235869030442857e-02
1.475519915164861459e+03	2.214146543171700843e-01	1.315295647507249144e-01	2.790965035353252244e-01	1.685368890050513990e-01	8.053626480219565342e-02	3.271897243712709041e-02	8.616715115239852174e-02
1.477938800271689161e+03	2.211657914261792590e-01	1.313794236466345744e-01	2.792628607320919998e-01	1.686385739065537348e-01	8.057828098374503201e-02	3.274330397253179953e-02	8.623176533225648810e-02
1.480357685378516862e+03	2.209176336458414658e-01	1.312297079616846773e-01	2.794287215295186422e-01	1.687399687372019841e-01	8.062017819942454699e-02	3.276758821666526239e-02	8.629620170965646153e-02
1.482776570485344337e+03	2.206701789747737841e-01	1.310804164883137557e-01	2.795940873559699669e-01	1.688410743520007140e-01	8.066195679436827248e-02	3.279182527128355479e-02	8.636046076328299237e-02
