1.301360187473271253e+03	2.380222520159647748e-01	1.482193251772272458e-01	2.611481674341122328e-01	1.615042899811585941e-01	7.681713392938482876e-02	3.233977502513678964e-02	8.194905643695062081e-02
1.306197957686926657e+03	2.374325625897947267e-01	1.478259609490726600e-01	2.615357662305595188e-01	1.617610881068714812e-01	7.692545436398584568e-02	3.241105102580333491e-02	8.210811673384744991e-02
1.311035727900581833e+03	2.368461970584981868e-01	1.474348147799567632e-01	2.619210266291164269e-01	1.620164313264269018e-01	7.703319320229183587e-02	3.248202141327249243e-02	8.226631559037238250e-02
1.315873498114237009e+03	2.362631366421881485e-01	1.470458741300820771e-01	2.623039631665849414e-01	1.622703280360186795e-01	7.714035350314378536e-02	3.255268687930973348e-02	8.242365764260757566e-02
1.320711268327892412e+03	2.356833626675394755e-01	1.466591265308720693e-01	2.626845902873545247e-01	1.625227865802092719e-01	7.724693830932449767e-02	3.262304812336534049e-02	8.258014750126975445e-02
1.325549038541547588e+03	2.351068565671783350e-01	1.462745595845637570e-01	2.630629223439697739e-01	1.627738152523229564e-01	7.735295064765426720e-02	3.269310585239344757e-02	8.273578975185234829e-02
1.330386808755202765e+03	2.345335998790756271e-01	1.458921609638026418e-01	2.634389735976960800e-01	1.630234222948339085e-01	7.745839352908559516e-02	3.276286078067380814e-02	8.289058895476729416e-02
1.335224578968857941e+03	2.339635742459436341e-01	1.455119184112400876e-01	2.638127582190820664e-01	1.632716158997493949e-01	7.756326994879707282e-02	3.283231362963628941e-02	8.304454964548643736e-02
1.340062349182513572e+03	2.333967614146366387e-01	1.451338197391328078e-01	2.641842902885205846e-01	1.635184042089883327e-01	7.766758288628622386e-02	3.290146512768810788e-02	8.319767633468236334e-02
1.344900119396168748e+03	2.328331432355546515e-01	1.447578528289447664e-01	2.645535837968063242e-01	1.637637953147550451e-01	7.777133530546165296e-02	3.297031601004366680e-02	8.334997350836889640e-02
1.349737889609823924e+03	2.322727016620511065e-01	1.443840056309513287e-01	2.649206526456917565e-01	1.640077972599086331e-01	7.787453015473416729e-02	3.303886701855700270e-02	8.350144562804090453e-02
1.354575659823479100e+03	2.317154187498437490e-01	1.440122661638456036e-01	2.652855106484399705e-01	1.642504180383277390e-01	7.797717036710720417e-02	3.310711890155686871e-02	8.365209713081382670e-02
1.359413430037134731e+03	2.311612766564291321e-01	1.436426225143470070e-01	2.656481715303748437e-01	1.644916655952710083e-01	7.807925886026624573e-02	3.317507241368426035e-02	8.380193242956243682e-02
1.364251200250789907e+03	2.306102576405005544e-01	1.432750628368122670e-01	2.660086489294295475e-01	1.647315478277333045e-01	7.818079853666762280e-02	3.324272831573255038e-02	8.395095591305912208e-02
1.369088970464445310e+03	2.300623440613693005e-01	1.429095753528484003e-01	2.663669563966914455e-01	1.649700725847977612e-01	7.828179228362633357e-02	3.331008737449001750e-02	8.409917194611170321e-02
1.373926740678100487e+03	2.295175183783894901e-01	1.425461483509281035e-01	2.667231073969450472e-01	1.652072476679837809e-01	7.838224297340323776e-02	3.337715036258481760e-02	8.424658486970046378e-02
1.378764510891755890e+03	2.289757631503861468e-01	1.421847701860073088e-01	2.670771153092121319e-01	1.654430808315908996e-01	7.848215346329130704e-02	3.344391805833239750e-02	8.439319900111479089e-02
1.383602281105411066e+03	2.284370610350865416e-01	1.418254292791448490e-01	2.674289934272891522e-01	1.656775797830388475e-01	7.858152659570126486e-02	3.351039124558519849e-02	8.453901863408905260e-02
1.388440051319066470e+03	2.279013947885551727e-01	1.414681141171243717e-01	2.677787549602825279e-01	1.659107521832038079e-01	7.868036519824633812e-02	3.357657071358476075e-02	8.468404803893785082e-02
1.393277821532721646e+03	2.273687472646316599e-01	1.411128132520785283e-01	2.681264130331404427e-01	1.661426056467508738e-01	7.877867208382645370e-02	3.364245725681608984e-02	8.482829146269076082e-02
1.398115591746377049e+03	2.268391014143723294e-01	1.407595153011151345e-01	2.684719806871825876e-01	1.663731477424626737e-01	7.887645005071146354e-02	3.370805167486425752e-02	8.497175312922630730e-02
1.402953361960032225e+03	2.263124402854946871e-01	1.404082089459455784e-01	2.688154708806270721e-01	1.666023859935647500e-01	7.897370188262393953e-02	3.377335477227329935e-02	8.511443723940534389e-02
1.407791132173687402e+03	2.257887470218253589e-01	1.400588829325154494e-01	2.691568964891148386e-01	1.668303278780469967e-01	7.907043034882101085e-02	3.383836735840726334e-02	8.525634797120369701e-02
1.412628902387342805e+03	2.252680048627511422e-01	1.397115260706371376e-01	2.694962703062309672e-01	1.670569808289820157e-01	7.916663820417568775e-02	3.390309024731345822e-02	8.539748947984421301e-02
1.417466672600997981e+03	2.247501971426733303e-01	1.393661272336247647e-01	2.698336050440236500e-01	1.672823522348396152e-01	7.926232818925742218e-02	3.396752425758779032e-02	8.553786589792809758e-02
1.422304442814653157e+03	2.242353072904652023e-01	1.390226753579309749e-01	2.701689133335202220e-01	1.675064494397984771e-01	7.935750303041202991e-02	3.403167021224226541e-02	8.567748133556553347e-02
1.427142213028308333e+03	2.237233188289325658e-01	1.386811594427859451e-01	2.705022077252406953e-01	1.677292797440542993e-01	7.945216543984093271e-02	3.409552893857453054e-02	8.581633988050567374e-02
1.431979983241963964e+03	2.232142153742776580e-01	1.383415685498386172e-01	2.708335006897086283e-01	1.679508504041246353e-01	7.954631811567984545e-02	3.415910126803948371e-02	8.595444559826584396e-02
1.436817753455619140e+03	2.227079806355658220e-01	1.380038918027997052e-01	2.711628046179587748e-01	1.681711686331507638e-01	7.963996374207664430e-02	3.422238803612288882e-02	8.609180253226009216e-02
1.441655523669274316e+03	2.222045984141956532e-01	1.376681183870870351e-01	2.714901318220427906e-01	1.683902416011963943e-01	7.973310498926877710e-02	3.428539008221696827e-02	8.622841470392703100e-02
1.446493293882929493e+03	2.217040526033720316e-01	1.373342375494728262e-01	2.718154945355314434e-01	1.686080764355434303e-01	7.982574451366006296e-02	3.434810824949800778e-02	8.636428611285691670e-02
1.451331064096585123e+03	2.212063271875820691e-01	1.370022385977328894e-01	2.721389049140145455e-01	1.688246802209846242e-01	7.991788495789665936e-02	3.441054338480583480e-02	8.649942073691807565e-02
1.456168834310240300e+03	2.207114062420744705e-01	1.366721109002981271e-01	2.724603750355981679e-01	1.690400600001133735e-01	8.000952895094276540e-02	3.447269633852522580e-02	8.663382253238258168e-02
1.461006604523895703e+03	2.202192739323414750e-01	1.363438438859078949e-01	2.727799169013988001e-01	1.692542227736107130e-01	8.010067910815547865e-02	3.453456796446920801e-02	8.676749543405112841e-02
1.465844374737550879e+03	2.197299145136041854e-01	1.360174270432652766e-01	2.730975424360351789e-01	1.694671755005293379e-01	8.019133803135915228e-02	3.459615911976419989e-02	8.690044335537736031e-02
1.470682144951206283e+03	2.192433123303006715e-01	1.356928499206944416e-01	2.734132634881171198e-01	1.696789250985750175e-01	8.028150830891919720e-02	3.465747066473697652e-02	8.703267018859124626e-02
1.475519915164861459e+03	2.187594518155770440e-01	1.353701021258001402e-01	2.737270918307316281e-01	1.698894784443851780e-01	8.037119251581534285e-02	3.471850346280344612e-02	8.716417980482191186e-02
1.480357685378516862e+03	2.182783174907814983e-01	1.350491733251288351e-01	2.740390391619264565e-01	1.700988423738048760e-01	8.046039321371430131e-02	3.477925838035916817e-02	8.729497605421959738e-02
1.485195455592172038e+03	2.177998939649613552e-01	1.347300532438321097e-01	2.743491171051906097e-01	1.703070236821601080e-01	8.054911295104186242e-02	3.483973628667168254e-02	8.742506276607701909e-02
1.490033225805827215e+03	2.173241659343629339e-01	1.344127316653318527e-01	2.746573372099325727e-01	1.705140291245285378e-01	8.063735426305451703e-02	3.489993805377449715e-02	8.755444374894984227e-02
1.494870996019482618e+03	2.168511181819342826e-01	1.340971984309874132e-01	2.749637109519553757e-01	1.707198654160077267e-01	8.072511967191052518e-02	3.495986455636283796e-02	8.768312279077655758e-02
1.499708766233137567e+03	2.163807355768308793e-01	1.337834434397646988e-01	2.752682497339292711e-01	1.709245392319808654e-01	8.081241168674041520e-02	3.501951667169100196e-02	8.781110365899752468e-02
1.504546536446793198e+03	2.159130030739241368e-01	1.334714566479071607e-01	2.755709648858615246e-01	1.711280572083799245e-01	8.089923280371705272e-02	3.507889527947143787e-02	8.793839010067337758e-02
1.509384306660448374e+03	2.154479057133127651e-01	1.331612280686086391e-01	2.758718676655634305e-01	1.713304259419466125e-01	8.098558550612511286e-02	3.513800126177541588e-02	8.806498584260255558e-02
1.514222076874103550e+03	2.149854286198368547e-01	1.328527477716883454e-01	2.761709692591149401e-01	1.715316519904906967e-01	8.107147226443010835e-02	3.519683550293530028e-02	8.819089459143826526e-02
1.519059847087758726e+03	2.145255570025949576e-01	1.325460058832673149e-01	2.764682807813260701e-01	1.717317418731462153e-01	8.115689553634691800e-02	3.525539888944842493e-02	8.831612003380458209e-02
1.523897617301414357e+03	2.140682761544638602e-01	1.322409925854470536e-01	2.767638132761960357e-01	1.719307020706253297e-01	8.124185776690777405e-02	3.531369230988251617e-02	8.844066583641191359e-02
1.528735387515069533e+03	2.136135714516210482e-01	1.319376981159899320e-01	2.770575777173695520e-01	1.721285390254696790e-01	8.132636138852986085e-02	3.537171665478267002e-02	8.856453564617161600e-02
1.533573157728724709e+03	2.131614283530700316e-01	1.316361127680014675e-01	2.773495850085905823e-01	1.723252591423000135e-01	8.141040882108235843e-02	3.542947281657980729e-02	8.868773309031008356e-02
1.538410927942380113e+03	2.127118324001683880e-01	1.313362268896144103e-01	2.776398459841529776e-01	1.725208687880629976e-01	8.149400247195305591e-02	3.548696168950068314e-02	8.881026177648183861e-02
1.543248698156035516e+03	2.122647692161585276e-01	1.310380308836745222e-01	2.779283714093489510e-01	1.727153742922763746e-01	8.157714473611447914e-02	3.554418416947931203e-02	8.893212529288216373e-02
1.548086468369690692e+03	2.118202245057010380e-01	1.307415152074285214e-01	2.782151719809146662e-01	1.729087819472717169e-01	8.165983799618957428e-02	3.560114115406990548e-02	8.905332720835884563e-02
1.552924238583346096e+03	2.113781840544109725e-01	1.304466703722134691e-01	2.785002583274731047e-01	1.731010980084352335e-01	8.174208462251696117e-02	3.565783354236118363e-02	8.917387107252328082e-02
1.557762008797001272e+03	2.109386337283966351e-01	1.301534869431481833e-01	2.787836410099744366e-01	1.732923286944463293e-01	8.182388697321574256e-02	3.571426223489212320e-02	8.929376041586077617e-02
1.562599779010656675e+03	2.105015594738010309e-01	1.298619555388262070e-01	2.790653305221334479e-01	1.734824801875143319e-01	8.190524739424977219e-02	3.577042813356913487e-02	8.941299874984029450e-02
1.567437549224311852e+03	2.100669473163459533e-01	1.295720668310108847e-01	2.793453372908648036e-01	1.736715586336130268e-01	8.198616821949165911e-02	3.582633214158454510e-02	8.953158956702332583e-02
1.572275319437967255e+03	2.096347833608788180e-01	1.292838115443319114e-01	2.796236716767152020e-01	1.738595701427134432e-01	8.206665177078620310e-02	3.588197516333647280e-02	8.964953634117214798e-02
1.577113089651622431e+03	2.092050537909220242e-01	1.289971804559836843e-01	2.799003439742932531e-01	1.740465207890143640e-01	8.214670035801349690e-02	3.593735810435005895e-02	8.976684252735733782e-02
1.581950859865277607e+03	2.087777448682247572e-01	1.287121643954255157e-01	2.801753644126965814e-01	1.742324166111712536e-01	8.222631627915152897e-02	3.599248187119995918e-02	8.988351156206461634e-02
1.586788630078933011e+03	2.083528429323176501e-01	1.284287542440835372e-01	2.804487431559363197e-01	1.744172636125231046e-01	8.230550182033848083e-02	3.604734737143416856e-02	8.999954686330099984e-02
1.591626400292587959e+03	2.079303344000699161e-01	1.281469409350542155e-01	2.807204903033589383e-01	1.746010677613173412e-01	8.238425925593449717e-02	3.610195551349909548e-02	9.011495183070017401e-02
1.596464170506243590e+03	2.075102057652488674e-01	1.278667154528096983e-01	2.809906158900660200e-01	1.747838349909331679e-01	8.246259084858313659e-02	3.615630720666596770e-02	9.022972984562734056e-02
1.601301940719898766e+03	2.070924435980821265e-01	1.275880688329047996e-01	2.812591298873304835e-01	1.749655712001027263e-01	8.254049884927240621e-02	3.621040336095836254e-02	9.034388427128320354e-02
1.606139710933553943e+03	2.066770345448224744e-01	1.273109921616857321e-01	2.815260422030111953e-01	1.751462822531308361e-01	8.261798549739540753e-02	3.626424488708107630e-02	9.045741845280740046e-02
1.610977481147209119e+03	2.062639653273148632e-01	1.270354765760004778e-01	2.817913626819643635e-01	1.753259739801126260e-01	8.269505302081052445e-02	3.631783269635013855e-02	9.057033571738114242e-02
1.615815251360864750e+03	2.058532227425662053e-01	1.267615132629107966e-01	2.820551011064527103e-01	1.755046521771496670e-01	8.277170363590134750e-02	3.637116770062401305e-02	9.068263937432932686e-02
1.620653021574519926e+03	2.054447936623174653e-01	1.264890934594060101e-01	2.823172671965523128e-01	1.756823226065642729e-01	8.284793954763611246e-02	3.642425081223601285e-02	9.079433271522185933e-02
1.625490791788175102e+03	2.050386650326184168e-01	1.262182084521182579e-01	2.825778706105562255e-01	1.758589909971120524e-01	8.292376294962686134e-02	3.647708294392783268e-02	9.090541901397433677e-02
1.630328562001830505e+03	2.046348238734046199e-01	1.259488495770396399e-01	2.828369209453763800e-01	1.760346630441929350e-01	8.299917602418813156e-02	3.652966500878424005e-02	9.101590152694809255e-02
1.635166332215485909e+03	2.042332572780769240e-01	1.256810082192407751e-01	2.830944277369422113e-01	1.762093444100603645e-01	8.307418094239535367e-02	3.658199792016889051e-02	9.112578349304956138e-02
1.640004102429141085e+03	2.038339524130834413e-01	1.254146758125910255e-01	2.833504004605975624e-01	1.763830407240289944e-01	8.314877986414281885e-02	3.663408259166124614e-02	9.123506813382899205e-02
1.644841872642796488e+03	2.034368965175038790e-01	1.251498438394804680e-01	2.836048485314944800e-01	1.765557575826807724e-01	8.322297493820136893e-02	3.668591993699456960e-02	9.134375865357854951e-02
1.649679642856451665e+03	2.030420769026361483e-01	1.248865038305432690e-01	2.838577813049849574e-01	1.767275005500692220e-01	8.329676830227566997e-02	3.673751086999504228e-02	9.145185823942972303e-02
1.654517413070107068e+03	2.026494809515856088e-01	1.246246473643828345e-01	2.841092080770099559e-01	1.768982751579224466e-01	8.337016208306116671e-02	3.678885630452188860e-02	9.155937006145008217e-02
1.659355183283762244e+03	2.022590961188564518e-01	1.243642660672984457e-01	2.843591380844860961e-01	1.770680869058442464e-01	8.344315839630066234e-02	3.683995715440857577e-02	9.166629727273944983e-02
1.664192953497417420e+03	2.018709099299454413e-01	1.241053516130134482e-01	2.846075805056899055e-01	1.772369412615140971e-01	8.351575934684055125e-02	3.689081433340504756e-02	9.177264300952545084e-02
1.669030723711072824e+03	2.014849099809381261e-01	1.238478957224050797e-01	2.848545444606394583e-01	1.774048436608852142e-01	8.358796702868677431e-02	3.694142875512096413e-02	9.187841039125832499e-02
1.673868493924728000e+03	2.011010839381072446e-01	1.235918901632358236e-01	2.851000390114739047e-01	1.775717995083813672e-01	8.365978352506039939e-02	3.699180133296994105e-02	9.198360252070524046e-02
1.678706264138383403e+03	2.007194195375135159e-01	1.233373267498863307e-01	2.853440731628305582e-01	1.777378141770920850e-01	8.373121090845279946e-02	3.704193298011478758e-02	9.208822248404391342e-02
1.683544034352038352e+03	2.003399045846086524e-01	1.230841973430898129e-01	2.855866558622189855e-01	1.779028930089665284e-01	8.380225124068060860e-02	3.709182460941370940e-02	9.219227335095567244e-02
1.688381804565693983e+03	1.999625269538407024e-01	1.228324938496680313e-01	2.858277960003938190e-01	1.780670413150057529e-01	8.387290657294030338e-02	3.714147713336748285e-02	9.229575817471782906e-02
1.693219574779349159e+03	1.995872745882617261e-01	1.225822082222687986e-01	2.860675024117241838e-01	1.782302643754535842e-01	8.394317894586249273e-02	3.719089146406755891e-02	9.239867999229553486e-02
1.698057344993004335e+03	1.992141354991375235e-01	1.223333324591049515e-01	2.863057838745613481e-01	1.783925674399862160e-01	8.401307038956577766e-02	3.724006851314509009e-02	9.250104182443295853e-02
1.702895115206659511e+03	1.988430977655598064e-01	1.220858586036948912e-01	2.865426491116035979e-01	1.785539557279001988e-01	8.408258292371051379e-02	3.728900919172093570e-02	9.260284667574393558e-02
1.707732885420315142e+03	1.984741495340603956e-01	1.218397787446045405e-01	2.867781067902592795e-01	1.787144344282991515e-01	8.415171855755196328e-02	3.733771441035650673e-02	9.270409753480196580e-02
1.712570655633970318e+03	1.981072790182278887e-01	1.215950850151908541e-01	2.870121655230072344e-01	1.788740087002791412e-01	8.422047928999346067e-02	3.738618507900551974e-02	9.280479737422966946e-02
1.717408425847625494e+03	1.977424744983263261e-01	1.213517695933467588e-01	2.872448338677547897e-01	1.790326836731126192e-01	8.428886710963899576e-02	3.743442210696665273e-02	9.290494915078757743e-02
1.722246196061280898e+03	1.973797243209161056e-01	1.211098247012475787e-01	2.874761203281937516e-01	1.791904644464310803e-01	8.435688399484563005e-02	3.748242640283707544e-02	9.300455580546249101e-02
1.727083966274936301e+03	1.970190168984771173e-01	1.208692426050989449e-01	2.877060333541536785e-01	1.793473560904063624e-01	8.442453191377562172e-02	3.753019887446677055e-02	9.310362026355514797e-02
1.731921736488591478e+03	1.966603407090339040e-01	1.206300156148860936e-01	2.879345813419537659e-01	1.795033636459306692e-01	8.449181282444820362e-02	3.757774042891377092e-02	9.320214543476729174e-02
1.736759506702246881e+03	1.963036842957830985e-01	1.203921360841246763e-01	2.881617726347510677e-01	1.796584921247952604e-01	8.455872867479105603e-02	3.762505197240020860e-02	9.330013421328833823e-02
1.741597276915902057e+03	1.959490362667230257e-01	1.201555964096129303e-01	2.883876155228878857e-01	1.798127465098678379e-01	8.462528140269155730e-02	3.767213441026914800e-02	9.339758947788126542e-02
1.746435047129557461e+03	1.955963852942853298e-01	1.199203890311853760e-01	2.886121182442361044e-01	1.799661317552687656e-01	8.469147293604765980e-02	3.771898864694227249e-02	9.349451409196816998e-02
1.751272817343212637e+03	1.952457201149686572e-01	1.196865064314677762e-01	2.888352889845393623e-01	1.801186527865458742e-01	8.475730519281853004e-02	3.776561558587834128e-02	9.359091090371503274e-02
1.756110587556867813e+03	1.948970295289746968e-01	1.194539411356337066e-01	2.890571358777533906e-01	1.802703145008482943e-01	8.482278008107488332e-02	3.781201612953243724e-02	9.368678274611619283e-02
1.760948357770523216e+03	1.945503023998460257e-01	1.192226857111623323e-01	2.892776670063834654e-01	1.804211217670986800e-01	8.488789949904905485e-02	3.785819117931597810e-02	9.378213243707803071e-02
1.765786127984178393e+03	1.942055276541061470e-01	1.189927327675976559e-01	2.894968904018205835e-01	1.805710794261645158e-01	8.495266533518479324e-02	3.790414163555749782e-02	9.387696277950230428e-02
1.770623898197833569e+03	1.938626942809016651e-01	1.187640749563092374e-01	2.897148140446748066e-01	1.807201922910280645e-01	8.501707946818672090e-02	3.794986839746419816e-02	9.397127656136881890e-02
1.775461668411488745e+03	1.935217913316463756e-01	1.185367049702541198e-01	2.899314458651061632e-01	1.808684651469552596e-01	8.508114376706957249e-02	3.799537236308419413e-02	9.406507655581766714e-02
1.780299438625144376e+03	1.931828079196675207e-01	1.183106155437402551e-01	2.901467937431546629e-01	1.810159027516632657e-01	8.514486009120722509e-02	3.804065442926954366e-02	9.415836552123085790e-02
1.785137208838799552e+03	1.928457332198539320e-01	1.180857994521912063e-01	2.903608655090665902e-01	1.811625098354869290e-01	8.520823029038127050e-02	3.808571549163992237e-02	9.425114620131347376e-02
1.789974979052454728e+03	1.925105564683062820e-01	1.178622495119122510e-01	2.905736689436198006e-01	1.813082911015441168e-01	8.527125620482950419e-02	3.813055644454709653e-02	9.434342132517430091e-02
1.794812749266109904e+03	1.921772669619893348e-01	1.176399585798578590e-01	2.907852117784462398e-01	1.814532512258998365e-01	8.533393966529405350e-02	3.817517818104004812e-02	9.443519360740593171e-02
1.799650519479765535e+03	1.918458540583862226e-01	1.174189195534003916e-01	2.909955016963530761e-01	1.815973948577292718e-01	8.539628249306926988e-02	3.821958159283075918e-02	9.452646574816435388e-02
1.804488289693420711e+03	1.915163071751545543e-01	1.171991253701002156e-01	2.912045463316407790e-01	1.817407266194796811e-01	8.545828650004937133e-02	3.826376757026071773e-02	9.461724043324805378e-02
1.809326059907075887e+03	1.911886157897847160e-01	1.169805690074771642e-01	2.914123532704198105e-01	1.818832511070311020e-01	8.551995348877580727e-02	3.830773700226808992e-02	9.470752033417663418e-02
1.814163830120731291e+03	1.908627694392599772e-01	1.167632434827832327e-01	2.916189300509252069e-01	1.820249728898561958e-01	8.558128525248430429e-02	3.835149077635552350e-02	9.479730810826889065e-02
1.819001600334386467e+03	1.905387577197184545e-01	1.165471418527765923e-01	2.918242841638287732e-01	1.821658965111786488e-01	8.564228357515182855e-02	3.839502977855862448e-02	9.488660639872038838e-02
1.823839370548041643e+03	1.902165702861172980e-01	1.163322572134969785e-01	2.920284230525493907e-01	1.823060264881307679e-01	8.570295023154315961e-02	3.843835489341507206e-02	9.497541783468059495e-02
1.828677140761696819e+03	1.898961968518985410e-01	1.161185827000422721e-01	2.922313541135615478e-01	1.824453673119098840e-01	8.576328698725717292e-02	3.848146700393434427e-02	9.506374503132951348e-02
1.833514910975352450e+03	1.895776271886569497e-01	1.159061114863463998e-01	2.924330846967012620e-01	1.825839234479336992e-01	8.582329559877305281e-02	3.852436699156807504e-02	9.515159058995380226e-02
1.838352681189008081e+03	1.892608511258098702e-01	1.156948367849585102e-01	2.926336221054705033e-01	1.827216993359946917e-01	8.588297781349610305e-02	3.856705573618104954e-02	9.523895709802247811e-02
1.843190451402663257e+03	1.889458585502687415e-01	1.154847518468234413e-01	2.928329735973395076e-01	1.828586993904132707e-01	8.594233536980333543e-02	3.860953411602275481e-02	9.532584712926207848e-02
1.848028221616318433e+03	1.886326394061128009e-01	1.152758499610634230e-01	2.930311463840469810e-01	1.829949280001900991e-01	8.600136999708887786e-02	3.865180300769954780e-02	9.541226324373137946e-02
1.852865991829973609e+03	1.883211836942642881e-01	1.150681244547610421e-01	2.932281476318983615e-01	1.831303895291572503e-01	8.606008341580909105e-02	3.869386328614742021e-02	9.549820798789566967e-02
1.857703762043628785e+03	1.880114814721657313e-01	1.148615686927433738e-01	2.934239844620621929e-01	1.832650883161283939e-01	8.611847733752749090e-02	3.873571582460533930e-02	9.558368389470053850e-02
1.862541532257283961e+03	1.877035228534592315e-01	1.146561760773675276e-01	2.936186639508644447e-01	1.833990286750481480e-01	8.617655346495936564e-02	3.877736149458912290e-02	9.566869348364522019e-02
1.867379302470939592e+03	1.873972980076672457e-01	1.144519400483072352e-01	2.938121931300808898e-01	1.835322148951400723e-01	8.623431349201621243e-02	3.881880116586591822e-02	9.575323926085543835e-02
1.872217072684594768e+03	1.870927971598753403e-01	1.142488540823407978e-01	2.940045789872279269e-01	1.836646512410539944e-01	8.629175910384995207e-02	3.886003570642921484e-02	9.583732371915587578e-02
1.877054842898249490e+03	1.867900105904167496e-01	1.140469116931401572e-01	2.941958284658506284e-01	1.837963419530121711e-01	8.634889197689681051e-02	3.890106598247439207e-02	9.592094933814213076e-02
1.881892613111905121e+03	1.864889286345589037e-01	1.138461064310612447e-01	2.943859484658099546e-01	1.839272912469546717e-01	8.640571377892113103e-02	3.894189285837481446e-02	9.600411858425225708e-02
1.886730383325560297e+03	1.861895416821914562e-01	1.136464318829354669e-01	2.945749458435673040e-01	1.840575033146835682e-01	8.646222616905883951e-02	3.898251719665844078e-02	9.608683391083788772e-02
1.891568153539215928e+03	1.858918401775162821e-01	1.134478816718624689e-01	2.947628274124673431e-01	1.841869823240062931e-01	8.651843079786068758e-02	3.902293985798500897e-02	9.616909775823483109e-02
1.896405923752871104e+03	1.855958146187392521e-01	1.132504494570039932e-01	2.949495999430192250e-01	1.843157324188781365e-01	8.657432930733532928e-02	3.906316170112362346e-02	9.625091255383337596e-02
1.901243693966526507e+03	1.853014555577637001e-01	1.130541289333790167e-01	2.951352701631755338e-01	1.844437577195435496e-01	8.662992333099214792e-02	3.910318358293096014e-02	9.633228071214802735e-02
1.906081464180181683e+03	1.850087535998856392e-01	1.128589138316599266e-01	2.953198447586098951e-01	1.845710623226767821e-01	8.668521449388383315e-02	3.914300635832991537e-02	9.641320463488690928e-02
1.910919234393836859e+03	1.847176994034908093e-01	1.126647979179700443e-01	2.955033303729921457e-01	1.846976503015215765e-01	8.674020441264881920e-02	3.918263088028874769e-02	9.649368671102072359e-02
1.915757004607492036e+03	1.844282836797533909e-01	1.124717749936821748e-01	2.956857336082623355e-01	1.848235257060296954e-01	8.679489469555334846e-02	3.922205799980069130e-02	9.657372931685120898e-02
1.920594774821147894e+03	1.841404971923363554e-01	1.122798388952183368e-01	2.958670610249024002e-01	1.849486925629987844e-01	8.684928694253352122e-02	3.926128856586409005e-02	9.665333481607933652e-02
1.925432545034802843e+03	1.838543307570937591e-01	1.120889834938506441e-01	2.960473191422062222e-01	1.850731548762093448e-01	8.690338274523692896e-02	3.930032342546295465e-02	9.673250555987297772e-02
1.930270315248458019e+03	1.835697752417745077e-01	1.118992026955033942e-01	2.962265144385477500e-01	1.851969166265606259e-01	8.695718368706430168e-02	3.933916342354799173e-02	9.681124388693419791e-02
1.935108085462113195e+03	1.832868215657279809e-01	1.117104904405561427e-01	2.964046533516478399e-01	1.853199817722058496e-01	8.701069134321065546e-02	3.937780940301811167e-02	9.688955212356613333e-02
1.939945855675768371e+03	1.830054606996111832e-01	1.115228407036480823e-01	2.965817422788386559e-01	1.854423542486863807e-01	8.706390728070650953e-02	3.941626220470235975e-02	9.696743258373947960e-02
1.944783625889424002e+03	1.827256836650977267e-01	1.113362474934834062e-01	2.967577875773267371e-01	1.855640379690651487e-01	8.711683305845872860e-02	3.945452266734228441e-02	9.704488756915856384e-02
1.949621396103079178e+03	1.824474815345883405e-01	1.111507048526378660e-01	2.969327955644542327e-01	1.856850368240591520e-01	8.716947022729115702e-02	3.949259162757477043e-02	9.712191936932705605e-02
1.954459166316734354e+03	1.821708454309231839e-01	1.109662068573663285e-01	2.971067725179582508e-01	1.858053546821711310e-01	8.722182032998518353e-02	3.953046991991526066e-02	9.719853026161320853e-02
1.959296936530389530e+03	1.818957665270956314e-01	1.107827476174116227e-01	2.972797246762287071e-01	1.859249953898203522e-01	8.727388490131988974e-02	3.956815837674145658e-02	9.727472251131484560e-02
1.964134706744044706e+03	1.816222360459678054e-01	1.106003212758143034e-01	2.974516582385643981e-01	1.860439627714726429e-01	8.732566546811219854e-02	3.960565782827735193e-02	9.735049837172381204e-02
1.968972476957700337e+03	1.813502452599876913e-01	1.104189220087235662e-01	2.976225793654271867e-01	1.861622606297694549e-01	8.737716354925670337e-02	3.964296910257775891e-02	9.742586008419013011e-02
1.973810247171355968e+03	1.810797854909079463e-01	1.102385440252092730e-01	2.977924941786947444e-01	1.862798927456562337e-01	8.742838065576533091e-02	3.968009302551320228e-02	9.750080987818572631e-02
1.978648017385010689e+03	1.808108481095061781e-01	1.100591815670750456e-01	2.979614087619115725e-01	1.863968628785098725e-01	8.747931829080676791e-02	3.971703042075516027e-02	9.757534997136783905e-02
1.983485787598666320e+03	1.805434245353068623e-01	1.098808289086723733e-01	2.981293291605380813e-01	1.865131747662654715e-01	8.752997794974577694e-02	3.975378210976181215e-02	9.764948256964202378e-02
1.988323557812321269e+03	1.802775062363050906e-01	1.097034803567158434e-01	2.982962613821984466e-01	1.866288321255420990e-01	8.758036112018216524e-02	3.979034891176404243e-02	9.772320986722468628e-02
1.993161328025976900e+03	1.800130847286913471e-01	1.095271302500993860e-01	2.984622113969264690e-01	1.867438386517679128e-01	8.763046928198976737e-02	3.982673164375195862e-02	9.779653404670550498e-02
1.997999098239632076e+03	1.797501515765785873e-01	1.093517729597136418e-01	2.986271851374098230e-01	1.868581980193044778e-01	8.768030390735501167e-02	3.986293112046163101e-02	9.786945727910918713e-02
2.002836868453287707e+03	1.794886983917300671e-01	1.091774028882643022e-01	2.987911884992330291e-01	1.869719138815701398e-01	8.772986646081544493e-02	3.989894815436233200e-02	9.794198172395703061e-02
2.007674638666942428e+03	1.792287168332895031e-01	1.090040144700914898e-01	2.989542273411182616e-01	1.870849898711628156e-01	8.777915839929803510e-02	3.993478355564407389e-02	9.801410952932812504e-02
2.012512408880597604e+03	1.789701986075122320e-01	1.088316021709902354e-01	2.991163074851651005e-01	1.871974295999819238e-01	8.782818117215719644e-02	3.997043813220550745e-02	9.808584283192013642e-02
2.017350179094252780e+03	1.787131354674980077e-01	1.086601604880318983e-01	2.992774347170881755e-01	1.873092366593495095e-01	8.787693622121274528e-02	4.000591268964218822e-02	9.815718375710975885e-02
2.022187949307908411e+03	1.784575192129256305e-01	1.084896839493866977e-01	2.994376147864536986e-01	1.874204146201305654e-01	8.792542498078761981e-02	4.004120803123517591e-02	9.822813441901283305e-02
2.027025719521564042e+03	1.782033416897887412e-01	1.083201671141471450e-01	2.995968534069139988e-01	1.875309670328528522e-01	8.797364887774539177e-02	4.007632495793995997e-02	9.829869692054410413e-02
2.031863489735218764e+03	1.779505947901331431e-01	1.081516045721526709e-01	2.997551562564408356e-01	1.876408974278255537e-01	8.802160933152758382e-02	4.011126426837578057e-02	9.836887335347660466e-02
2.036701259948874394e+03	1.776992704517959265e-01	1.079839909438149864e-01	2.999125289775568803e-01	1.877502093152575435e-01	8.806930775419082036e-02	4.014602675881521338e-02	9.843866579850073240e-02
2.041539030162529116e+03	1.774493606581456773e-01	1.078173208799447225e-01	3.000689771775659209e-01	1.878589061853747910e-01	8.811674555044388124e-02	4.018061322317409423e-02	9.850807632528299496e-02
2.046376800376184747e+03	1.772008574378245160e-01	1.076515890615788729e-01	3.002245064287812903e-01	1.879669915085369070e-01	8.816392411768440851e-02	4.021502445300178391e-02	9.857710699252433817e-02
2.051214570589840150e+03	1.769537528644914148e-01	1.074867901998092790e-01	3.003791222687527962e-01	1.880744687353531341e-01	8.821084484603547438e-02	4.024926123747175899e-02	9.864575984801825237e-02
2.056052340803495554e+03	1.767080390565669845e-01	1.073229190356120855e-01	3.005328302004923180e-01	1.881813412967975330e-01	8.825750911838216306e-02	4.028332436337247330e-02	9.871403692870846236e-02
2.060890111017150957e+03	1.764637081769798443e-01	1.071599703396782649e-01	3.006856356926979057e-01	1.882876126043235010e-01	8.830391831040765305e-02	4.031721461509853860e-02	9.878194026074628431e-02
2.065727881230805451e+03	1.762207524329142960e-01	1.069979389122449054e-01	3.008375441799761019e-01	1.883932860499774042e-01	8.835007379062935484e-02	4.035093277464220363e-02	9.884947185954770510e-02
2.070565651444461309e+03	1.759791640755594688e-01	1.068368195829276779e-01	3.009885610630628205e-01	1.884983650065117922e-01	8.839597692043479893e-02	4.038447962158519394e-02	9.891663372985011471e-02
2.075403421658116713e+03	1.757389353998599912e-01	1.066766072105541779e-01	3.011386917090431714e-01	1.886028528274976412e-01	8.844162905411734332e-02	4.041785593309071833e-02	9.898342786576871943e-02
2.080241191871772116e+03	1.755000587442680504e-01	1.065172966829981555e-01	3.012879414515693410e-01	1.887067528474360989e-01	8.848703153891170070e-02	4.045106248389587073e-02	9.904985625085258039e-02
2.085078962085427065e+03	1.752625264904965896e-01	1.063588829170147576e-01	3.014363155910771974e-01	1.888100683818693115e-01	8.853218571502932677e-02	4.048410004630425413e-02	9.911592085814040221e-02
2.089916732299082469e+03	1.750263310632745040e-01	1.062013608580767016e-01	3.015838193950013402e-01	1.889128027274907806e-01	8.857709291569355881e-02	4.051696939017891685e-02	9.918162365021597482e-02
2.094754502512737417e+03	1.747914649301026135e-01	1.060447254802114464e-01	3.017304580979891515e-01	1.890149591622549696e-01	8.862175446717467098e-02	4.054967128293555240e-02	9.924696657926333765e-02
2.099592272726392821e+03	1.745579206010114126e-01	1.058889717858391283e-01	3.018762369021127934e-01	1.891165409454861612e-01	8.866617168882470756e-02	4.058220648953595605e-02	9.931195158712154136e-02
2.104430042940048224e+03	1.743256906283200125e-01	1.057340948056116059e-01	3.020211609770802053e-01	1.892175513179867041e-01	8.871034589311217744e-02	4.061457577248174522e-02	9.937658060533920146e-02
2.109267813153704083e+03	1.740947676063966942e-01	1.055800895982523385e-01	3.021652354604443813e-01	1.893179935021445659e-01	8.875427838565651262e-02	4.064677989180836420e-02	9.944085555522870490e-02
2.114105583367359031e+03	1.738651441714204604e-01	1.054269512503971662e-01	3.023084654578117592e-01	1.894178707020403030e-01	8.879797046526244353e-02	4.067881960507934574e-02	9.950477834792005594e-02
2.118943353581013525e+03	1.736368130011442246e-01	1.052746748764360057e-01	3.024508560430486104e-01	1.895171861035531979e-01	8.884142342395415226e-02	4.071069566738078765e-02	9.956835088441454151e-02
2.123781123794669384e+03	1.734097668146593052e-01	1.051232556183554628e-01	3.025924122584864873e-01	1.896159428744669528e-01	8.888463854700925926e-02	4.074240883131611396e-02	9.963157505563798033e-02
2.128618894008324787e+03	1.731839983721612519e-01	1.049726886455823738e-01	3.027331391151258377e-01	1.897141441645745774e-01	8.892761711299268512e-02	4.077395984700105808e-02	9.969445274249372213e-02
2.133456664221980191e+03	1.729595004747169207e-01	1.048229691548282078e-01	3.028730415928390651e-01	1.898117931057826391e-01	8.897036039379031813e-02	4.080534946205893049e-02	9.975698581591534164e-02
2.138294434435635139e+03	1.727362659640329923e-01	1.046740923699343156e-01	3.030121246405714786e-01	1.899088928122150410e-01	8.901286965464248746e-02	4.083657842161604601e-02	9.981917613691908275e-02
2.143132204649290543e+03	1.725142877222256566e-01	1.045260535417181502e-01	3.031503931765409110e-01	1.900054463803159399e-01	8.905514615417733926e-02	4.086764746829747025e-02	9.988102555665594184e-02
2.147969974862945492e+03	1.722935586715918788e-01	1.043788479478203468e-01	3.032878520884365603e-01	1.901014568889521639e-01	8.909719114444400456e-02	4.089855734222293260e-02	9.994253591646348744e-02
2.152807745076601350e+03	1.720740717743817205e-01	1.042324708925525256e-01	3.034245062336161647e-01	1.901969273995149368e-01	8.913900587094562844e-02	4.092930878100298209e-02	1.000037090479173885e-01
2.157645515290255844e+03	1.718558200325719376e-01	1.040869177067462598e-01	3.035603604393017352e-01	1.902918609560211305e-01	8.918059157267221870e-02	4.095990251973538609e-02	1.000645467728826926e-01
2.162483285503912157e+03	1.716387964876411876e-01	1.039421837476025567e-01	3.036954195027740666e-01	1.903862605852136847e-01	8.922194948213335586e-02	4.099033929100172335e-02	1.001250509035647718e-01
2.167321055717567106e+03	1.714229942203460699e-01	1.037982643985425474e-01	3.038296881915662495e-01	1.904801292966615267e-01	8.926308082539069488e-02	4.102061982486420594e-02	1.001852232425599898e-01
2.172158825931222509e+03	1.712084063504988596e-01	1.036551550690587020e-01	3.039631712436555722e-01	1.905734700828588812e-01	8.930398682209042538e-02	4.105074484886268166e-02	1.002450655829061482e-01
2.176996596144877003e+03	1.709950260367462671e-01	1.035128511945671570e-01	3.040958733676539794e-01	1.906662859193239967e-01	8.934466868549541252e-02	4.108071508801192095e-02	1.003045797081325435e-01
2.181834366358532861e+03	1.707828464763493925e-01	1.033713482362607072e-01	3.042277992429976985e-01	1.907585797646972336e-01	8.938512762251733801e-02	4.111053126479899400e-02	1.003637673923098994e-01
2.186672136572187810e+03	1.705718609049652335e-01	1.032306416809627286e-01	3.043589535201353113e-01	1.908503545608384588e-01	8.942536483374856349e-02	4.114019409918096004e-02	1.004226304000999104e-01
2.191509906785843214e+03	1.703620625964291924e-01	1.030907270409819193e-01	3.044893408207148267e-01	1.909416132329241067e-01	8.946538151349392454e-02	4.116970430858268165e-02	1.004811704868044525e-01
2.196347676999498617e+03	1.701534448625388329e-01	1.029515998539678595e-01	3.046189657377690319e-01	1.910323586895434078e-01	8.950517884980230265e-02	4.119906260789486796e-02	1.005393893984147941e-01
2.201185447213154021e+03	1.699460010528389409e-01	1.028132556827673627e-01	3.047478328359000677e-01	1.911225938227941179e-01	8.954475802449812782e-02	4.122826970947228442e-02	1.005972888716601676e-01
2.206023217426809424e+03	1.697397245544078892e-01	1.026756901152817425e-01	3.048759466514625593e-01	1.912123215083776362e-01	8.958412021321260355e-02	4.125732632313219850e-02	1.006548706340564397e-01
2.210860987640464373e+03	1.695346087916449196e-01	1.025388987643247318e-01	3.050033116927456378e-01	1.913015446056937352e-01	8.962326658541493185e-02	4.128623315615293637e-02	1.007121364039541833e-01
2.215698757854119776e+03	1.693306472260589779e-01	1.024028772674814014e-01	3.051299324401534618e-01	1.913902659579343746e-01	8.966219830444330241e-02	4.131499091327269640e-02	1.007690878905868059e-01
2.220536528067775180e+03	1.691278333560586877e-01	1.022676212869677859e-01	3.052558133463850187e-01	1.914784883921772929e-01	8.970091652753568734e-02	4.134360029668848746e-02	1.008257267941180813e-01
2.225374298281430583e+03	1.689261607167432677e-01	1.021331265094912732e-01	3.053809588366121486e-01	1.915662147194787390e-01	8.973942240586060826e-02	4.137206200605526851e-02	1.008820548056897637e-01
2.230212068495085077e+03	1.687256228796948643e-01	1.019993886461118132e-01	3.055053733086569578e-01	1.916534477349658150e-01	8.977771708454762578e-02	4.140037673848525474e-02	1.009380736074686757e-01
2.235049838708740936e+03	1.685262134527721334e-01	1.018664034321040412e-01	3.056290611331675677e-01	1.917401902179284023e-01	8.981580170271780128e-02	4.142854518854739709e-02	1.009937848726936704e-01
2.239887608922396339e+03	1.683279260799047106e-01	1.017341666268199579e-01	3.057520266537929743e-01	1.918264449319100895e-01	8.985367739351395044e-02	4.145656804826704234e-02	1.010491902657223023e-01
2.244725379136052197e+03	1.681307544408890964e-01	1.016026740135526352e-01	3.058742741873565762e-01	1.919122146247990157e-01	8.989134528413070258e-02	4.148444600712570401e-02	1.011042914420772765e-01
2.249563149349706237e+03	1.679346922511856521e-01	1.014719213994004637e-01	3.059958080240288147e-01	1.919975020289178824e-01	8.992880649584450437e-02	4.151217975206106942e-02	1.011590900484926198e-01
2.254400919563362095e+03	1.677397332617167058e-01	1.013419046151323999e-01	3.061166324274982031e-01	1.920823098611135760e-01	8.996606214404345714e-02	4.153976996746710365e-02	1.012135877229595610e-01
2.259238689777017044e+03	1.675458712586657961e-01	1.012126195150538366e-01	3.062367516351415797e-01	1.921666408228461520e-01	9.000311333825697369e-02	4.156721733519436190e-02	1.012677860947722719e-01
2.264076459990672902e+03	1.673531000632781374e-01	1.010840619768732379e-01	3.063561698581933057e-01	1.922504976002773203e-01	9.003996118218532407e-02	4.159452253455038495e-02	1.013216867845732755e-01
