1.001418434226643626e+03	2.823948820678418015e-01	1.771190930352048443e-01	2.336270919466099938e-01	1.414974280634593018e-01	6.838975815449585549e-02	2.757065681297782983e-02	6.940108991934426652e-02
1.002869765290740247e+03	2.821422347976345613e-01	1.769517359796821121e-01	2.338038534008470837e-01	1.416033178665628278e-01	6.843382280167990828e-02	2.759837801647455763e-02	6.946665713705282852e-02
1.004321096354836754e+03	2.818900161695126472e-01	1.767846629528222746e-01	2.339803082483713492e-01	1.417090159921479409e-01	6.847781432116004097e-02	2.762606536349769201e-02	6.953211695242192403e-02
1.005772427418933376e+03	2.816382254539669949e-01	1.766178734713786946e-01	2.341564570119565314e-01	1.418145228412077963e-01	6.852173283530291203e-02	2.765371885251693626e-02	6.959746953360396171e-02
1.007223758483029997e+03	2.813868619227490875e-01	1.764513670529251621e-01	2.343323002134863886e-01	1.419198388136625189e-01	6.856557846627664432e-02	2.768133848228131536e-02	6.966271504855274521e-02
1.008675089547126618e+03	2.811359248488684570e-01	1.762851432158545617e-01	2.345078383739560568e-01	1.420249643083628943e-01	6.860935133605115810e-02	2.770892425181740309e-02	6.972785366502333437e-02
1.010126420611223239e+03	2.808854135065902979e-01	1.761192014793778182e-01	2.346830720134737147e-01	1.421298997230943384e-01	6.865305156639836537e-02	2.773647616042755962e-02	6.979288555057178156e-02
1.011577751675319632e+03	2.806353271714329689e-01	1.759535413635225365e-01	2.348580016512620550e-01	1.422346454545806438e-01	6.869667927889243353e-02	2.776399420768818280e-02	6.985781087255497901e-02
1.013029082739416367e+03	2.803856651201657169e-01	1.757881623891319745e-01	2.350326278056597828e-01	1.423392018984878660e-01	6.874023459491006294e-02	2.779147839344795964e-02	6.992262979813045065e-02
1.014480413803512761e+03	2.801364266308058459e-01	1.756230640778636276e-01	2.352069509941232262e-01	1.424435694494280424e-01	6.878371763563076446e-02	2.781892871782613852e-02	6.998734249425614395e-02
1.015931744867609382e+03	2.798876109826167746e-01	1.754582459521881743e-01	2.353809717332276952e-01	1.425477485009630230e-01	6.882712852203702603e-02	2.784634518121080482e-02	7.005194912769022175e-02
1.017383075931706003e+03	2.796392174561053712e-01	1.752937075353881713e-01	2.355546905386692313e-01	1.426517394456082166e-01	6.887046737491468729e-02	2.787372778425715319e-02	7.011644986499092347e-02
1.018834406995802851e+03	2.793912453330194556e-01	1.751294483515568601e-01	2.357281079252658562e-01	1.427555426748362832e-01	6.891373431485310619e-02	2.790107652788579445e-02	7.018084487251628756e-02
1.020285738059899245e+03	2.791436938963457459e-01	1.749654679255969458e-01	2.359012244069592923e-01	1.428591585790810192e-01	6.895692946224546427e-02	2.792839141328104860e-02	7.024513431642410988e-02
1.021737069123995752e+03	2.788965624303071378e-01	1.748017657832193761e-01	2.360740404968163508e-01	1.429625875477408548e-01	6.900005293728903033e-02	2.795567244188925174e-02	7.030931836267165225e-02
1.023188400188092373e+03	2.786498502203605954e-01	1.746383414509420362e-01	2.362465567070304306e-01	1.430658299691826563e-01	6.904310485998539637e-02	2.798291961541708034e-02	7.037339717701551756e-02
1.024639731252188767e+03	2.784035565531944867e-01	1.744751944560885837e-01	2.364187735489231279e-01	1.431688862307454457e-01	6.908608535014076901e-02	2.801013293582987895e-02	7.043737092501142771e-02
1.026091062316285615e+03	2.781576807167264742e-01	1.743123243267872269e-01	2.365906915329457072e-01	1.432717567187439811e-01	6.912899452736616379e-02	2.803731240534998795e-02	7.050123977201415426e-02
1.027542393380382237e+03	2.779122220001012389e-01	1.741497305919695038e-01	2.367623111686804616e-01	1.433744418184723368e-01	6.917183251107775210e-02	2.806445802645509205e-02	7.056500388317724082e-02
1.028993724444478858e+03	2.776671796936880376e-01	1.739874127813689775e-01	2.369336329648423223e-01	1.434769419142077340e-01	6.921459942049706937e-02	2.809156980187657582e-02	7.062866342345294757e-02
1.030445055508575479e+03	2.774225530890782054e-01	1.738253704255200149e-01	2.371046574292803577e-01	1.435792573892139545e-01	6.925729537465130647e-02	2.811864773459787220e-02	7.069221855759200146e-02
1.031896386572671872e+03	2.771783414790830458e-01	1.736636030557565380e-01	2.372753850689792443e-01	1.436813886257450046e-01	6.929992049237353180e-02	2.814569182785284923e-02	7.075566945014349907e-02
1.033347717636768493e+03	2.769345441577315547e-01	1.735021102042107743e-01	2.374458163900606822e-01	1.437833360050487230e-01	6.934247489230299655e-02	2.817270208512417592e-02	7.081901626545474004e-02
1.034799048700865114e+03	2.766911604202680341e-01	1.733408914038120918e-01	2.376159518977849772e-01	1.438850999073703896e-01	6.938495869288537066e-02	2.819967851014170898e-02	7.088225916767108836e-02
1.036250379764961508e+03	2.764481895631497599e-01	1.731799461882856939e-01	2.377857920965524563e-01	1.439866807119560554e-01	6.942737201237302036e-02	2.822662110688088297e-02	7.094539832073579189e-02
1.037701710829058356e+03	2.762056308840448171e-01	1.730192740921512873e-01	2.379553374899049667e-01	1.440880787970562904e-01	6.946971496882525798e-02	2.825352987956112824e-02	7.100843388838988524e-02
1.039153041893154750e+03	2.759634836818297687e-01	1.728588746507219720e-01	2.381245885805273743e-01	1.441892945399296244e-01	6.951198768010863338e-02	2.828040483264426808e-02	7.107136603417203713e-02
1.040604372957251599e+03	2.757217472565873795e-01	1.726987474001029088e-01	2.382935458702489240e-01	1.442903283168459894e-01	6.955419026389714210e-02	2.830724597083292965e-02	7.113419492141841161e-02
1.042055704021347992e+03	2.754804209096043399e-01	1.725388918771900426e-01	2.384622098600448770e-01	1.443911805030902995e-01	6.959632283767255845e-02	2.833405329906898626e-02	7.119692071326251537e-02
1.043507035085444613e+03	2.752395039433691015e-01	1.723793076196689922e-01	2.386305810500378710e-01	1.444918514729658932e-01	6.963838551872464366e-02	2.836082682253199261e-02	7.125954357263511452e-02
1.044958366149541234e+03	2.749989956615696562e-01	1.722199941660135791e-01	2.387986599394993359e-01	1.445923415997978634e-01	6.968037842415145122e-02	2.838756654663760967e-02	7.132206366226408190e-02
1.046409697213637855e+03	2.747588953690910940e-01	1.720609510554847732e-01	2.389664470268511309e-01	1.446926512559366940e-01	6.972230167085954888e-02	2.841427247703607467e-02	7.138448114467425831e-02
1.047861028277734476e+03	2.745192023720135488e-01	1.719021778281293045e-01	2.391339428096668218e-01	1.447927808127614790e-01	6.976415537556436564e-02	2.844094461961065023e-02	7.144679618218738315e-02
1.049312359341831097e+03	2.742799159776100337e-01	1.717436740247784421e-01	2.393011477846732071e-01	1.448927306406835591e-01	6.980593965479031660e-02	2.846758298047609090e-02	7.150900893692191396e-02
1.050763690405927491e+03	2.740410354943441096e-01	1.715854391870467732e-01	2.394680624477517616e-01	1.449925011091496019e-01	6.984765462487121934e-02	2.849418756597712002e-02	7.157111957079297093e-02
1.052215021470024112e+03	2.738025602318676643e-01	1.714274728573308704e-01	2.396346872939401351e-01	1.450920925866453215e-01	6.988930040195046045e-02	2.852075838268691710e-02	7.163312824551217040e-02
1.053666352534120733e+03	2.735644895010188593e-01	1.712697745788081261e-01	2.398010228174335123e-01	1.451915054406985595e-01	6.993087710198127305e-02	2.854729543740559469e-02	7.169503512258758315e-02
1.055117683598217127e+03	2.733268226138197976e-01	1.711123438954354203e-01	2.399670695115861119e-01	1.452907400378828373e-01	6.997238484072708375e-02	2.857379873715870308e-02	7.175684036332355409e-02
1.056569014662313975e+03	2.730895588834744148e-01	1.709551803519478996e-01	2.401328278689126017e-01	1.453897967438204653e-01	7.001382373376167922e-02	2.860026828919573841e-02	7.181854412882068828e-02
1.058020345726410369e+03	2.728526976243662583e-01	1.707982834938576722e-01	2.402982983810895701e-01	1.454886759231860949e-01	7.005519389646951145e-02	2.862670410098866122e-02	7.188014657997569834e-02
1.059471676790506763e+03	2.726162381520564337e-01	1.706416528674526145e-01	2.404634815389570246e-01	1.455873779397098555e-01	7.009649544404596144e-02	2.865310618023040115e-02	7.194164787748127954e-02
1.060923007854603611e+03	2.723801797832811622e-01	1.704852880197950393e-01	2.406283778325196132e-01	1.456859031561806572e-01	7.013772849149761679e-02	2.867947453483339279e-02	7.200304818182606814e-02
1.062374338918700232e+03	2.721445218359500595e-01	1.703291884987204463e-01	2.407929877509482341e-01	1.457842519344496046e-01	7.017889315364250757e-02	2.870580917292811854e-02	7.206434765329453040e-02
1.063825669982796853e+03	2.719092636291436382e-01	1.701733538528363565e-01	2.409573117825814792e-01	1.458824246354330501e-01	7.021998954511042557e-02	2.873211010286165143e-02	7.212554645196692094e-02
1.065277001046893474e+03	2.716744044831113092e-01	1.700177836315208968e-01	2.411213504149269382e-01	1.459804216191159520e-01	7.026101778034316014e-02	2.875837733319619449e-02	7.218664473771910228e-02
1.066728332110990095e+03	2.714399437192691056e-01	1.698624773849216896e-01	2.412851041346626424e-01	1.460782432445551227e-01	7.030197797359473422e-02	2.878461087270764787e-02	7.224764267022254494e-02
1.068179663175086489e+03	2.712058806601978511e-01	1.697074346639544373e-01	2.414485734276386186e-01	1.461758898698823639e-01	7.034287023893172341e-02	2.881081073038417942e-02	7.230854040894424406e-02
1.069630994239183110e+03	2.709722146296406620e-01	1.695526550203018679e-01	2.416117587788782217e-01	1.462733618523077428e-01	7.038369469023349201e-02	2.883697691542479527e-02	7.236933811314658072e-02
1.071082325303279504e+03	2.707389449525011149e-01	1.693981380064122633e-01	2.417746606725794667e-01	1.463706595481227835e-01	7.042445144119247047e-02	2.886310943723791045e-02	7.243003594188730798e-02
1.072533656367376352e+03	2.705060709548411380e-01	1.692438831754982664e-01	2.419372795921165831e-01	1.464677833127034645e-01	7.046514060531441914e-02	2.888920830543994372e-02	7.249063405401948157e-02
1.073984987431472746e+03	2.702735919638786233e-01	1.690898900815357153e-01	2.420996160200413472e-01	1.465647335005136331e-01	7.050576229591871968e-02	2.891527352985392985e-02	7.255113260819133492e-02
1.075436318495569594e+03	2.700415073079856509e-01	1.689361582792622551e-01	2.422616704380844144e-01	1.466615104651079748e-01	7.054631662613859711e-02	2.894130512050809359e-02	7.261153176284627919e-02
1.076887649559666215e+03	2.698098163166861019e-01	1.687826873241762282e-01	2.424234433271570122e-01	1.467581145591352609e-01	7.058680370892141120e-02	2.896730308763447934e-02	7.267183167622279227e-02
1.078338980623762609e+03	2.695785183206538815e-01	1.686294767725351473e-01	2.425849351673519949e-01	1.468545461343413461e-01	7.062722365702893412e-02	2.899326744166756328e-02	7.273203250635440487e-02
1.079790311687859230e+03	2.693476126517106439e-01	1.684765261813548354e-01	2.427461464379454537e-01	1.469508055415723047e-01	7.066757658303760015e-02	2.901919819324287608e-02	7.279213441106960336e-02
1.081241642751955851e+03	2.691170986428237377e-01	1.683238351084077600e-01	2.429070776173979651e-01	1.470468931307775950e-01	7.070786259933878326e-02	2.904509535319563240e-02	7.285213754799176045e-02
1.082692973816052472e+03	2.688869756281042078e-01	1.681714031122220343e-01	2.430677291833562570e-01	1.471428092510131125e-01	7.074808181813907471e-02	2.907095893255937785e-02	7.291204207453916286e-02
1.084144304880149093e+03	2.686572429428046305e-01	1.680192297520801126e-01	2.432281016126542905e-01	1.472385542504441036e-01	7.078823435146049114e-02	2.909678894256463588e-02	7.297184814792490037e-02
1.085595635944245487e+03	2.684278999233171703e-01	1.678673145880175133e-01	2.433881953813148424e-01	1.473341284763484971e-01	7.082832031114084936e-02	2.912258539463754431e-02	7.303155592515681027e-02
1.087046967008342108e+03	2.681989459071713600e-01	1.677156571808214869e-01	2.435480109645507818e-01	1.474295322751196791e-01	7.086833980883391892e-02	2.914834830039852651e-02	7.309116556303743573e-02
1.088498298072438729e+03	2.679703802330322682e-01	1.675642570920299057e-01	2.437075488367665410e-01	1.475247659922696575e-01	7.090829295600978299e-02	2.917407767166096608e-02	7.315067721816405355e-02
1.089949629136535123e+03	2.677422022406983904e-01	1.674131138839298760e-01	2.438668094715595036e-01	1.476198299724319762e-01	7.094817986395503262e-02	2.919977352042986071e-02	7.321009104692852154e-02
1.091400960200631971e+03	2.675144112710994282e-01	1.672622271195566557e-01	2.440257933417212810e-01	1.477147245593648239e-01	7.098800064377308594e-02	2.922543585890052462e-02	7.326940720551737563e-02
1.092852291264728365e+03	2.672870066662944577e-01	1.671115963626922385e-01	2.441845009192392391e-01	1.478094500959539481e-01	7.102775540638442409e-02	2.925106469945725970e-02	7.332862584991163557e-02
1.094303622328825213e+03	2.670599877694699309e-01	1.669612211778641331e-01	2.443429326752977193e-01	1.479040069242156530e-01	7.106744426252688263e-02	2.927666005467205110e-02	7.338774713588691601e-02
1.095754953392921607e+03	2.668333539249373998e-01	1.668111011303441693e-01	2.445010890802795378e-01	1.479983953852997136e-01	7.110706732275590136e-02	2.930222193730328342e-02	7.344677121901331540e-02
1.097206284457018228e+03	2.666071044781318511e-01	1.666612357861472216e-01	2.446589706037672618e-01	1.480926158194923459e-01	7.114662469744478801e-02	2.932775036029443283e-02	7.350569825465542995e-02
1.098657615521114849e+03	2.663812387756094857e-01	1.665116247120299042e-01	2.448165777145446531e-01	1.481866685662191763e-01	7.118611649678500963e-02	2.935324533677278677e-02	7.356452839797228416e-02
1.100108946585211470e+03	2.661557561650457204e-01	1.663622674754895170e-01	2.449739108805980004e-01	1.482805539640481007e-01	7.122554283078641468e-02	2.937870688004816030e-02	7.362326180391735864e-02
1.101560277649308091e+03	2.659306559952331894e-01	1.662131636447625460e-01	2.451309705691175067e-01	1.483742723506922545e-01	7.126490380927759383e-02	2.940413500361164362e-02	7.368189862723854844e-02
1.103011608713404712e+03	2.657059376160798014e-01	1.660643127888235815e-01	2.452877572464986222e-01	1.484678240630128709e-01	7.130419954190601872e-02	2.942952972113430446e-02	7.374043902247812143e-02
1.104462939777501106e+03	2.654816003786067968e-01	1.659157144773840409e-01	2.454442713783433205e-01	1.485612094370221126e-01	7.134343013813838896e-02	2.945489104646595996e-02	7.379888314397274607e-02
1.105914270841597499e+03	2.652576436349465827e-01	1.657673682808908644e-01	2.456005134294616810e-01	1.486544288078859855e-01	7.138259570726088188e-02	2.948021899363391027e-02	7.385723114585344973e-02
1.107365601905694348e+03	2.650340667383408455e-01	1.656192737705254048e-01	2.457564838638730265e-01	1.487474825099273090e-01	7.142169635837945785e-02	2.950551357684168610e-02	7.391548318204560486e-02
1.108816932969790741e+03	2.648108690431387746e-01	1.654714305182020395e-01	2.459121831448074225e-01	1.488403708766283806e-01	7.146073220042004071e-02	2.953077481046783095e-02	7.397363940626894285e-02
1.110268264033887590e+03	2.645880499047946754e-01	1.653238380965670051e-01	2.460676117347068703e-01	1.489330942406338620e-01	7.149970334212883694e-02	2.955600270906464516e-02	7.403169997203754016e-02
1.111719595097984211e+03	2.643656086798664151e-01	1.651764960789971481e-01	2.462227700952268339e-01	1.490256529337536662e-01	7.153860989207261323e-02	2.958119728735697507e-02	7.408966503265980441e-02
1.113170926162080832e+03	2.641435447260132574e-01	1.650294040395987039e-01	2.463776586872374053e-01	1.491180472869656770e-01	7.157745195863897403e-02	2.960635856024099177e-02	7.414753474123846055e-02
1.114622257226177226e+03	2.639218574019938091e-01	1.648825615532061029e-01	2.465322779708248313e-01	1.492102776304186640e-01	7.161622965003654195e-02	2.963148654278296990e-02	7.420530925067059247e-02
1.116073588290273847e+03	2.637005460676642987e-01	1.647359681953806110e-01	2.466866284052926794e-01	1.493023442934348910e-01	7.165494307429534637e-02	2.965658125021808367e-02	7.426298871364761522e-02
1.117524919354370468e+03	2.634796100839765232e-01	1.645896235424091636e-01	2.468407104491632809e-01	1.493942476045130585e-01	7.169359233926694830e-02	2.968164269794921345e-02	7.432057328265528895e-02
1.118976250418467089e+03	2.632590488129759043e-01	1.644435271713031999e-01	2.469945245601790906e-01	1.494859878913309958e-01	7.173217755262485673e-02	2.970667090154574183e-02	7.437806310997370496e-02
1.120427581482563710e+03	2.630388616177995464e-01	1.642976786597973304e-01	2.471480711953038811e-01	1.495775654807483535e-01	7.177069882186470906e-02	2.973166587674237402e-02	7.443545834767732738e-02
1.121878912546660331e+03	2.628190478626742377e-01	1.641520775863481996e-01	2.473013508107242131e-01	1.496689806988094340e-01	7.180915625430450699e-02	2.975662763943794434e-02	7.449275914763497930e-02
1.123330243610756725e+03	2.625996069129146182e-01	1.640067235301331250e-01	2.474543638618507124e-01	1.497602338707458847e-01	7.184754995708497738e-02	2.978155620569425746e-02	7.454996566150988435e-02
1.124781574674853118e+03	2.623805381349213484e-01	1.638616160710490433e-01	2.476071108033193746e-01	1.498513253209793616e-01	7.188588003716975261e-02	2.980645159173490183e-02	7.460707804075965288e-02
1.126232905738949967e+03	2.621618408961788882e-01	1.637167547897111497e-01	2.477595920889929249e-01	1.499422553731243057e-01	7.192414660134567594e-02	2.983131381394410128e-02	7.466409643663629581e-02
1.127684236803046360e+03	2.619435145652539432e-01	1.635721392674517327e-01	2.479118081719621780e-01	1.500330243499906346e-01	7.196234975622305130e-02	2.985614288886554238e-02	7.472102100018626625e-02
1.129135567867143209e+03	2.617255585117931882e-01	1.634277690863189803e-01	2.480637595045471766e-01	1.501236325735862964e-01	7.200048960823596245e-02	2.988093883320123989e-02	7.477785188225050117e-02
1.130586898931239830e+03	2.615079721065217133e-01	1.632836438290756476e-01	2.482154465382987174e-01	1.502140803651200729e-01	7.203856626364242566e-02	2.990570166381037800e-02	7.483458923346437974e-02
1.132038229995336451e+03	2.612907547212408033e-01	1.631397630791980025e-01	2.483668697239995449e-01	1.503043680450042441e-01	7.207657982852476442e-02	2.993043139770817929e-02	7.489123320425779273e-02
1.133489561059432845e+03	2.610739057288262166e-01	1.629961264208744653e-01	2.485180295116657390e-01	1.503944959328571140e-01	7.211453040878980369e-02	2.995512805206477017e-02	7.494778394485517026e-02
1.134940892123529466e+03	2.608574245032263539e-01	1.628527334390044989e-01	2.486689263505479641e-01	1.504844643475057031e-01	7.215241811016917528e-02	2.997979164420404991e-02	7.500424160527549566e-02
1.136392223187626087e+03	2.606413104194602037e-01	1.627095837191972760e-01	2.488195606891328293e-01	1.505742736069884125e-01	7.219024303821956756e-02	3.000442219160257690e-02	7.506060633533236104e-02
1.137843554251722708e+03	2.604255628536155664e-01	1.625666768477705693e-01	2.489699329751440815e-01	1.506639240285576054e-01	7.222800529832298921e-02	3.002901971188845151e-02	7.511687828463396721e-02
1.139294885315819101e+03	2.602101811828470002e-01	1.624240124117495299e-01	2.491200436555441045e-01	1.507534159286821607e-01	7.226570499568703287e-02	3.005358422284020239e-02	7.517305760258319314e-02
1.140746216379915950e+03	2.599951647853743220e-01	1.622815899988654109e-01	2.492698931765349735e-01	1.508427496230501097e-01	7.230334223534512494e-02	3.007811574238568320e-02	7.522914443837759590e-02
1.142197547444012343e+03	2.597805130404802765e-01	1.621394091975544294e-01	2.494194819835600097e-01	1.509319254265712174e-01	7.234091712215683090e-02	3.010261428860097968e-02	7.528513894100948012e-02
1.143648878508108737e+03	2.595662253285088705e-01	1.619974695969565448e-01	2.495688105213048624e-01	1.510209436533795913e-01	7.237842976080807733e-02	3.012707987970931686e-02	7.534104125926592566e-02
1.145100209572205586e+03	2.593523010308637078e-01	1.618557707869142381e-01	2.497178792336989250e-01	1.511098046168361242e-01	7.241588025581142951e-02	3.015151253407997306e-02	7.539685154172884318e-02
1.146551540636302207e+03	2.591387395300057128e-01	1.617143123579712904e-01	2.498666885639166113e-01	1.511985086295311309e-01	7.245326871150635506e-02	3.017591227022719744e-02	7.545256993677500190e-02
1.148002871700398828e+03	2.589255402094516323e-01	1.615730939013716727e-01	2.500152389543785492e-01	1.512870560032867906e-01	7.249059523205948763e-02	3.020027910680913100e-02	7.550819659257608507e-02
1.149454202764495449e+03	2.587127024537719255e-01	1.614321150090581858e-01	2.501635308467530239e-01	1.513754470491598114e-01	7.252785992146487670e-02	3.022461306262675881e-02	7.556373165709873163e-02
1.150905533828591842e+03	2.585002256485891547e-01	1.612913752736714335e-01	2.503115646819571438e-01	1.514636820774438453e-01	7.256506288354429290e-02	3.024891415662282063e-02	7.561917527810460560e-02
1.152356864892688463e+03	2.582881091805759310e-01	1.611508742885485457e-01	2.504593409001582560e-01	1.515517613976719580e-01	7.260220422194742229e-02	3.027318240788076306e-02	7.567452760315042382e-02
1.153808195956785084e+03	2.580763524374533047e-01	1.610106116477219018e-01	2.506068599407749176e-01	1.516396853186192384e-01	7.263928404015218554e-02	3.029741783562369534e-02	7.572978877958801147e-02
1.155259527020881706e+03	2.578649548079886000e-01	1.608705869459181870e-01	2.507541222424786165e-01	1.517274541483052408e-01	7.267630244146498775e-02	3.032162045921334148e-02	7.578495895456437148e-02
1.156710858084978327e+03	2.576539156819936949e-01	1.607307997785568932e-01	2.509011282431946599e-01	1.518150681939963442e-01	7.271325952902094047e-02	3.034579029814898216e-02	7.584003827502175388e-02
1.158162189149074720e+03	2.574432344503234660e-01	1.605912497417494034e-01	2.510478783801037284e-01	1.519025277622083336e-01	7.275015540578419482e-02	3.036992737206644158e-02	7.589502688769768357e-02
1.159613520213171569e+03	2.572329105048737352e-01	1.604519364322975206e-01	2.511943730896429305e-01	1.519898331587088425e-01	7.278699017454812181e-02	3.039403170073704669e-02	7.594992493912504361e-02
1.161064851277267962e+03	2.570229432385792712e-01	1.603128594476925239e-01	2.513406128075072465e-01	1.520769846885197674e-01	7.282376393793565938e-02	3.041810330406660712e-02	7.600473257563211682e-02
1.162516182341364356e+03	2.568133320454124013e-01	1.601740183861139200e-01	2.514865979686506381e-01	1.521639826559196551e-01	7.286047679839949276e-02	3.044214220209439520e-02	7.605944994334266906e-02
1.163967513405461204e+03	2.566040763203807917e-01	1.600354128464281933e-01	2.516323290072874364e-01	1.522508273644462284e-01	7.289712885822237365e-02	3.046614841499212592e-02	7.611407718817597701e-02
1.165418844469557826e+03	2.563951754595258370e-01	1.598970424281877523e-01	2.517778063568935631e-01	1.523375191168986897e-01	7.293372021951734230e-02	3.049012196306296121e-02	7.616861445584699464e-02
1.166870175533654447e+03	2.561866288599208841e-01	1.597589067316295408e-01	2.519230304502077522e-01	1.524240582153401358e-01	7.297025098422803280e-02	3.051406286674049687e-02	7.622306189186628389e-02
1.168321506597751068e+03	2.559784359196692338e-01	1.596210053576740950e-01	2.520680017192328815e-01	1.525104449611000557e-01	7.300672125412885349e-02	3.053797114658777373e-02	7.627741964154020893e-02
1.169772837661847461e+03	2.557705960379025867e-01	1.594833379079241831e-01	2.522127205952370832e-01	1.525966796547766069e-01	7.304313113082536169e-02	3.056184682329627852e-02	7.633168784997092227e-02
1.171224168725944082e+03	2.555631086147789888e-01	1.593459039846637781e-01	2.523571875087552985e-01	1.526827625962389468e-01	7.307948071575440241e-02	3.058568991768496892e-02	7.638586666205650355e-02
1.172675499790040703e+03	2.553559730514813886e-01	1.592087031908567818e-01	2.525014028895902207e-01	1.527686940846297303e-01	7.311577011018445538e-02	3.060950045069926739e-02	7.643995622249097344e-02
1.174126830854137097e+03	2.551491887502154166e-01	1.590717351301458860e-01	2.526453671668136836e-01	1.528544744183673587e-01	7.315199941521587090e-02	3.063327844341012102e-02	7.649395667576440461e-02
1.175578161918233945e+03	2.549427551142079418e-01	1.589349994068515182e-01	2.527890807687678820e-01	1.529401038951483105e-01	7.318816873178109195e-02	3.065702391701299878e-02	7.654786816616301892e-02
1.177029492982330339e+03	2.547366715477051846e-01	1.587984956259703428e-01	2.529325441230665383e-01	1.530255828119495287e-01	7.322427816064495942e-02	3.068073689282694097e-02	7.660169083776922905e-02
1.178480824046426733e+03	2.545309374559707183e-01	1.586622233931745396e-01	2.530757576565962896e-01	1.531109114650307801e-01	7.326032780240497588e-02	3.070441739229359465e-02	7.665542483446176336e-02
1.179932155110523581e+03	2.543255522452841921e-01	1.585261823148102767e-01	2.532187217955179093e-01	1.531960901499367922e-01	7.329631775749149980e-02	3.072806543697626652e-02	7.670907029991567982e-02
1.181383486174620202e+03	2.541205153229390556e-01	1.583903719978967672e-01	2.533614369652674725e-01	1.532811191614997792e-01	7.333224812616807864e-02	3.075168104855896187e-02	7.676262737760253252e-02
1.182834817238716823e+03	2.539158260972410042e-01	1.582547920501249927e-01	2.535039035905576332e-01	1.533659987938415514e-01	7.336811900853167090e-02	3.077526424884544781e-02	7.681609621079039940e-02
1.184286148302813444e+03	2.537114839775063135e-01	1.581194420798566480e-01	2.536461220953786788e-01	1.534507293403758466e-01	7.340393050451288204e-02	3.079881505975830616e-02	7.686947694254400720e-02
1.185737479366910065e+03	2.535074883740598972e-01	1.579843216961228369e-01	2.537880929030002508e-01	1.535353110938106891e-01	7.343968271387628366e-02	3.082233350333799318e-02	7.692276971572477307e-02
1.187188810431006686e+03	2.533038386982335854e-01	1.578494305086231286e-01	2.539298164359719556e-01	1.536197443461505274e-01	7.347537573622060780e-02	3.084581960174193060e-02	7.697597467299098495e-02
1.188640141495103080e+03	2.531005343623644599e-01	1.577147681277241698e-01	2.540712931161250299e-01	1.537040293886986209e-01	7.351100967097902450e-02	3.086927337724356540e-02	7.702909195679778775e-02
1.190091472559199701e+03	2.528975747797930773e-01	1.575803341644586852e-01	2.542125233645734506e-01	1.537881665120591768e-01	7.354658461741944708e-02	3.089269485223144693e-02	7.708212170939736374e-02
1.191542803623296322e+03	2.526949593648616932e-01	1.574461282305243959e-01	2.543535076017149898e-01	1.538721560061396265e-01	7.358210067464469872e-02	3.091608404920832137e-02	7.713506407283896027e-02
1.192994134687392716e+03	2.524926875329124298e-01	1.573121499382825472e-01	2.544942462472327138e-01	1.539559981601528182e-01	7.361755794159284549e-02	3.093944099079021584e-02	7.718791918896904247e-02
1.194445465751489564e+03	2.522907587002857221e-01	1.571783989007572435e-01	2.546347397200960927e-01	1.540396932626192927e-01	7.365295651703740454e-02	3.096276569970553283e-02	7.724068719943132100e-02
1.195896796815585958e+03	2.520891722843184857e-01	1.570448747316338656e-01	2.547749884385621111e-01	1.541232416013694484e-01	7.368829649958760775e-02	3.098605819879415857e-02	7.729336824566696018e-02
1.197348127879682352e+03	2.518879277033422848e-01	1.569115770452582104e-01	2.549149928201765447e-01	1.542066434635457617e-01	7.372357798768872095e-02	3.100931851100655404e-02	7.734596246891455029e-02
1.198799458943779200e+03	2.516870243766818338e-01	1.567785054566351866e-01	2.550547532817752927e-01	1.542898991356049243e-01	7.375880107962218268e-02	3.103254665940287371e-02	7.739847001021034345e-02
1.200250790007875821e+03	2.514864617246530543e-01	1.566456595814277319e-01	2.551942702394854323e-01	1.543730089033201469e-01	7.379396587350597891e-02	3.105574266715207740e-02	7.745089101038822588e-02
1.201702121071972442e+03	2.512862391685614094e-01	1.565130390359557866e-01	2.553335441087264956e-01	1.544559730517832130e-01	7.382907246729478179e-02	3.107890655753104553e-02	7.750322561007991218e-02
1.203153452136069063e+03	2.510863561307002390e-01	1.563806434371949883e-01	2.554725753042116354e-01	1.545387918654066717e-01	7.386412095878031048e-02	3.110203835392371177e-02	7.755547394971502861e-02
1.204604783200165684e+03	2.508868120343490937e-01	1.562484724027756455e-01	2.556113642399489572e-01	1.546214656279259747e-01	7.389911144559151157e-02	3.112513807982017836e-02	7.760763616952122412e-02
1.206056114264262078e+03	2.506876063037717928e-01	1.561165255509815997e-01	2.557499113292425741e-01	1.547039946224016971e-01	7.393404402519485052e-02	3.114820575881585910e-02	7.765971240952426746e-02
1.207507445328358699e+03	2.504887383642149246e-01	1.559848025007489758e-01	2.558882169846937726e-01	1.547863791312215909e-01	7.396891879489456145e-02	3.117124141461061898e-02	7.771170280954815823e-02
1.208958776392455093e+03	2.502902076419060706e-01	1.558533028716652669e-01	2.560262816182024004e-01	1.548686194361027779e-01	7.400373585183289693e-02	3.119424507100790334e-02	7.776360750921522402e-02
1.210410107456551941e+03	2.500920135640521957e-01	1.557220262839680847e-01	2.561641056409680317e-01	1.549507158180937760e-01	7.403849529299035004e-02	3.121721675191390169e-02	7.781542664794628694e-02
1.211861438520648335e+03	2.498941555588376773e-01	1.555909723585439663e-01	2.563016894634909115e-01	1.550326685575766916e-01	7.407319721518594580e-02	3.124015648133668735e-02	7.786716036496074689e-02
1.213312769584745183e+03	2.496966330554229174e-01	1.554601407169273752e-01	2.564390334955734541e-01	1.551144779342693569e-01	7.410784171507750484e-02	3.126306428338537780e-02	7.791880879927665093e-02
1.214764100648841804e+03	2.494994454839425113e-01	1.553295309812995906e-01	2.565761381463211865e-01	1.551961442272273006e-01	7.414242888916186547e-02	3.128594018226929507e-02	7.797037208971088762e-02
1.216215431712937971e+03	2.493025922755034707e-01	1.551991427744875418e-01	2.567130038241441370e-01	1.552776677148459128e-01	7.417695883377511956e-02	3.130878420229713660e-02	7.802185037487927022e-02
1.217666762777034819e+03	2.491060728621837805e-01	1.550689757199626428e-01	2.568496309367579444e-01	1.553590486748624711e-01	7.421143164509293177e-02	3.133159636787613556e-02	7.807324379319664776e-02
1.219118093841131440e+03	2.489098866770304841e-01	1.549390294418397374e-01	2.569860198911850802e-01	1.554402873843582777e-01	7.424584741913069219e-02	3.135437670351123862e-02	7.812455248287702991e-02
1.220569424905228061e+03	2.487140331540580451e-01	1.548093035648760163e-01	2.571221710937559024e-01	1.555213841197606583e-01	7.428020625174390490e-02	3.137712523380429414e-02	7.817577658193371193e-02
1.222020755969324682e+03	2.485185117282467382e-01	1.546797977144698522e-01	2.572580849501099332e-01	1.556023391568450709e-01	7.431450823862829902e-02	3.139984198345321942e-02	7.822691622817939949e-02
1.223472087033421303e+03	2.483233218355409833e-01	1.545505115166596888e-01	2.573937618651970793e-01	1.556831527707370766e-01	7.434875347532013401e-02	3.142252697725119587e-02	7.827797155922633365e-02
1.224923418097517697e+03	2.481284629128475694e-01	1.544214445981230421e-01	2.575292022432787431e-01	1.557638252359143660e-01	7.438294205719649110e-02	3.144518024008586404e-02	7.832894271248641571e-02
1.226374749161614318e+03	2.479339343980340449e-01	1.542925965861752235e-01	2.576644064879289320e-01	1.558443568262089518e-01	7.441707407947548147e-02	3.146780179693853957e-02	7.837982982517131825e-02
1.227826080225710712e+03	2.477397357299271075e-01	1.541639671087683128e-01	2.577993750020355912e-01	1.559247478148089450e-01	7.445114963721646828e-02	3.149039167288335966e-02	7.843063303429265165e-02
1.229277411289807560e+03	2.475458663483109112e-01	1.540355557944902143e-01	2.579341081878016029e-01	1.560049984742606921e-01	7.448516882532039973e-02	3.151294989308654065e-02	7.848135247666203351e-02
1.230728742353903954e+03	2.473523256939253456e-01	1.539073622725632973e-01	2.580686064467461183e-01	1.560851090764708571e-01	7.451913173852998951e-02	3.153547648280556615e-02	7.853198828889128291e-02
1.232180073418000802e+03	2.471591132084643982e-01	1.537793861728434242e-01	2.582028701797056125e-01	1.561650798927081973e-01	7.455303847142995266e-02	3.155797146738839598e-02	7.858254060739248981e-02
1.233631404482097196e+03	2.469662283345745446e-01	1.536516271258188404e-01	2.583368997868351058e-01	1.562449111936057289e-01	7.458688911844733871e-02	3.158043487227270990e-02	7.863300956837819544e-02
1.235082735546193817e+03	2.467736705158530830e-01	1.535240847626091754e-01	2.584706956676092737e-01	1.563246032491626691e-01	7.462068377385172591e-02	3.160286672298510263e-02	7.868339530786148950e-02
1.236534066610290438e+03	2.465814391968465247e-01	1.533967587149641931e-01	2.586042582208235019e-01	1.564041563287463521e-01	7.465442253175541554e-02	3.162526704514032061e-02	7.873369796165619050e-02
1.237985397674387059e+03	2.463895338230488175e-01	1.532696486152627935e-01	2.587375878445954402e-01	1.564835707010942267e-01	7.468810548611380662e-02	3.164763586444048482e-02	7.878391766537692908e-02
1.239436728738483680e+03	2.461979538408998747e-01	1.531427540965119016e-01	2.588706849363656692e-01	1.565628466343157998e-01	7.472173273072554855e-02	3.166997320667436222e-02	7.883405455443931453e-02
1.240888059802580301e+03	2.460066986977838266e-01	1.530160747923454134e-01	2.590035498928991431e-01	1.566419843958945790e-01	7.475530435923281869e-02	3.169227909771656082e-02	7.888410876406007355e-02
1.242339390866676695e+03	2.458157678420274106e-01	1.528896103370231130e-01	2.591361831102864111e-01	1.567209842526900432e-01	7.478882046512155823e-02	3.171455356352678029e-02	7.893408042925716128e-02
1.243790721930773088e+03	2.456251607228983891e-01	1.527633603654295069e-01	2.592685849839443391e-01	1.567998464709395023e-01	7.482228114172172206e-02	3.173679663014909030e-02	7.898396968484992786e-02
1.245242052994869937e+03	2.454348767906038287e-01	1.526373245130727974e-01	2.594007559086178860e-01	1.568785713162600681e-01	7.485568648220752852e-02	3.175900832371114646e-02	7.903377666545927105e-02
1.246693384058966330e+03	2.452449154962885736e-01	1.525115024160838550e-01	2.595326962783805480e-01	1.569571590536506245e-01	7.488903657959772309e-02	3.178118867042346862e-02	7.908350150550771951e-02
1.248144715123063179e+03	2.450552762920335248e-01	1.523858937112150258e-01	2.596644064866361901e-01	1.570356099474935485e-01	7.492233152675582819e-02	3.180333769657869847e-02	7.913314433921962709e-02
1.249596046187159800e+03	2.448659586308541136e-01	1.522604980358392701e-01	2.597958869261197679e-01	1.571139242615568199e-01	7.495557141639033749e-02	3.182545542855084314e-02	7.918270530062133938e-02
1.251047377251256421e+03	2.446769619666986362e-01	1.521353150279488309e-01	2.599271379888983824e-01	1.571921022589958250e-01	7.498875634105497956e-02	3.184754189279458830e-02	7.923218452354123531e-02
1.252498708315352815e+03	2.444882857544466159e-01	1.520103443261542897e-01	2.600581600663728898e-01	1.572701442023551610e-01	7.502188639314900931e-02	3.186959711584452098e-02	7.928158214160999084e-02
1.253950039379449436e+03	2.442999294499072493e-01	1.518855855696835122e-01	2.601889535492785677e-01	1.573480503535706343e-01	7.505496166491741616e-02	3.189162112431444263e-02	7.933089828826064838e-02
1.255401370443546057e+03	2.441118925098177406e-01	1.517610383983805933e-01	2.603195188276863914e-01	1.574258209739710923e-01	7.508798224845115998e-02	3.191361394489660580e-02	7.938013309672879714e-02
1.256852701507642678e+03	2.439241743918418026e-01	1.516367024527047191e-01	2.604498562910043669e-01	1.575034563242802554e-01	7.512094823568743474e-02	3.193557560436105502e-02	7.942928670005272584e-02
1.258304032571739299e+03	2.437367745545679365e-01	1.515125773737291126e-01	2.605799663279784184e-01	1.575809566646185766e-01	7.515385971840993218e-02	3.195750612955487041e-02	7.947835923107354761e-02
1.259755363635835920e+03	2.435496924575078492e-01	1.513886628031400339e-01	2.607098493266935546e-01	1.576583222545051288e-01	7.518671678824900839e-02	3.197940554740148766e-02	7.952735082243533871e-02
1.261206694699932314e+03	2.433629275610949272e-01	1.512649583832356981e-01	2.608395056745750340e-01	1.577355533528593812e-01	7.521951953668203072e-02	3.200127388489997643e-02	7.957626160658534675e-02
1.262658025764028707e+03	2.431764793266826541e-01	1.511414637569251651e-01	2.609689357583895308e-01	1.578126502180030866e-01	7.525226805503354433e-02	3.202311116912433947e-02	7.962509171577410172e-02
1.264109356828125556e+03	2.429903472165428346e-01	1.510181785677273958e-01	2.610981399642462453e-01	1.578896131076620579e-01	7.528496243447552194e-02	3.204491742722282571e-02	7.967384128205556859e-02
1.265560687892221949e+03	2.428045306938642345e-01	1.508951024597700585e-01	2.612271186775978471e-01	1.579664422789680001e-01	7.531760276602765536e-02	3.206669268641725024e-02	7.972251043728731390e-02
1.267012018956318798e+03	2.426190292227509149e-01	1.507722350777885578e-01	2.613558722832420300e-01	1.580431379884603693e-01	7.535018914055757744e-02	3.208843697400226569e-02	7.977109931313065838e-02
1.268463350020415419e+03	2.424338422682206229e-01	1.506495760671250073e-01	2.614844011653220113e-01	1.581197004920881222e-01	7.538272164878107029e-02	3.211015031734473085e-02	7.981960804105082963e-02
1.269914681084511813e+03	2.422489692962031815e-01	1.505271250737271194e-01	2.616127057073281970e-01	1.581961300452114638e-01	7.541520038126232894e-02	3.213183274388298205e-02	7.986803675231711475e-02
1.271366012148608434e+03	2.420644097735390188e-01	1.504048817441471508e-01	2.617407862920990147e-01	1.582724269026037633e-01	7.544762542841422504e-02	3.215348428112617396e-02	7.991638557800304077e-02
1.272817343212705055e+03	2.418801631679775854e-01	1.502828457255410144e-01	2.618686433018220239e-01	1.583485913184531912e-01	7.547999688049850109e-02	3.217510495665361347e-02	7.996465464898645792e-02
1.274268674276801676e+03	2.416962289481756621e-01	1.501610166656669743e-01	2.619962771180351369e-01	1.584246235463646346e-01	7.551231482762606195e-02	3.219669479811409357e-02	8.001284409594983105e-02
1.275720005340898297e+03	2.415126065836959157e-01	1.500393942128847580e-01	2.621236881216276737e-01	1.585005238393613625e-01	7.554457935975718297e-02	3.221825383322520636e-02	8.006095404938029514e-02
1.277171336404994690e+03	2.413292955450052069e-01	1.499179780161546127e-01	2.622508766928414725e-01	1.585762924498867743e-01	7.557679056670175977e-02	3.223978208977269083e-02	8.010898463956982185e-02
1.278622667469091539e+03	2.411462953034732570e-01	1.497967677250360563e-01	2.623778432112719439e-01	1.586519296298062598e-01	7.560894853811955807e-02	3.226127959560978753e-02	8.015693599661542768e-02
1.280073998533187932e+03	2.409636053313708448e-01	1.496757629896869890e-01	2.625045880558692923e-01	1.587274356304088918e-01	7.564105336352040798e-02	3.228274637865656549e-02	8.020480825041932660e-02
1.281525329597284326e+03	2.407812251018683625e-01	1.495549634608625555e-01	2.626311116049394601e-01	1.588028107024090918e-01	7.567310513226453705e-02	3.230418246689927692e-02	8.025260153068902724e-02
1.282976660661381175e+03	2.405991540890342895e-01	1.494343687899142292e-01	2.627574142361452925e-01	1.588780550959484617e-01	7.570510393356269518e-02	3.232558788838971187e-02	8.030031596693762430e-02
1.284427991725477568e+03	2.404173917678335548e-01	1.493139786287887572e-01	2.628834963265077040e-01	1.589531690605974212e-01	7.573704985647647381e-02	3.234696267124453906e-02	8.034795168848382629e-02
1.285879322789574417e+03	2.402359376141261216e-01	1.491937926300269390e-01	2.630093582524067330e-01	1.590281528453570681e-01	7.576894298991851406e-02	3.236830684364470911e-02	8.039550882445217761e-02
1.287330653853671038e+03	2.400547911046652938e-01	1.490738104467629332e-01	2.631350003895824852e-01	1.591030066986607039e-01	7.580078342265277047e-02	3.238962043383476069e-02	8.044298750377329443e-02
1.288781984917767431e+03	2.398739517170963009e-01	1.489540317327229801e-01	2.632604231131364103e-01	1.591777308683756664e-01	7.583257124329469134e-02	3.241090347012223760e-02	8.049038785518392025e-02
1.290233315981864052e+03	2.396934189299546603e-01	1.488344561422243750e-01	2.633856267975324683e-01	1.592523256018049949e-01	7.586430654031152410e-02	3.243215598087701573e-02	8.053771000722716178e-02
