1.001418434226643626e+03	2.823964820427767863e-01	1.771161259295449264e-01	2.336266980077470745e-01	1.414995049242095404e-01	6.838843770816942225e-02	2.757324103243034147e-02	6.939951035505637078e-02
1.003837319333471214e+03	2.819756327320533940e-01	1.768373609941862323e-01	2.339211298845146059e-01	1.416758838313597335e-01	6.846183859784911452e-02	2.761942783756400274e-02	6.950872612240743820e-02
1.006256204440298802e+03	2.815559727777202093e-01	1.765593841230715111e-01	2.342147110389111719e-01	1.418517309955544536e-01	6.853503661397489233e-02	2.766552053349506310e-02	6.961764391720724754e-02
1.008675089547126618e+03	2.811374988081416504e-01	1.762821930827541406e-01	2.345074438871004585e-01	1.420270482686227798e-01	6.860803232179435440e-02	2.771151911475532373e-02	6.972626451676583459e-02
1.011093974653954206e+03	2.807202074613835419e-01	1.760057856461053616e-01	2.347993308383938826e-01	1.422018374941521335e-01	6.868082628502887588e-02	2.775742357801346330e-02	6.983458869685735260e-02
1.013512859760782021e+03	2.803040953851813621e-01	1.757301595922987070e-01	2.350903742952702435e-01	1.423761005075376007e-01	6.875341906587680019e-02	2.780323392205247268e-02	6.994261723171747713e-02
1.015931744867609382e+03	2.798891592369089354e-01	1.754553127067944862e-01	2.353805766533953736e-01	1.425498391360308370e-01	6.882581122501675586e-02	2.784895014774722843e-02	7.005035089404099136e-02
1.018350629974437197e+03	2.794753956835475117e-01	1.751812427813241313e-01	2.356699403016417338e-01	1.427230551987886398e-01	6.889800332161094554e-02	2.789457225804230570e-02	7.015779045497931576e-02
1.020769515081264785e+03	2.790628014016546810e-01	1.749079476138745148e-01	2.359584676221077315e-01	1.428957505069211320e-01	6.896999591330843504e-02	2.794010025792995414e-02	7.026493668413816285e-02
1.023188400188092373e+03	2.786513730773336195e-01	1.746354250086721016e-01	2.362461609901371773e-01	1.430679268635395573e-01	6.904178955624853953e-02	2.798553415442826126e-02	7.037179034957534440e-02
1.025607285294920075e+03	2.782411074062029477e-01	1.743636727761671557e-01	2.365330227743387137e-01	1.432395860638037699e-01	6.911338480506405701e-02	2.803087395655949610e-02	7.047835221779852333e-02
1.028026170401747549e+03	2.778320010933662543e-01	1.740926887330178363e-01	2.368190553366049111e-01	1.434107298949693354e-01	6.918478221288465457e-02	2.807611967532866459e-02	7.058462305376311807e-02
1.030445055508575479e+03	2.774240508533817873e-01	1.738224707020743776e-01	2.371042610321316968e-01	1.435813601364342440e-01	6.925598233134019899e-02	2.812127132370221411e-02	7.069060362087023486e-02
1.032863940615402726e+03	2.770172534102331996e-01	1.735530165123629620e-01	2.373886422094373949e-01	1.437514785597854283e-01	6.932698571056411518e-02	2.816632891658693225e-02	7.079629468096475253e-02
1.035282825722230655e+03	2.766116054972992955e-01	1.732843239990698725e-01	2.376722012103817949e-01	1.439210869288446992e-01	6.939779289919674465e-02	2.821129247080902958e-02	7.090169699433333805e-02
1.037701710829058356e+03	2.762071038573248871e-01	1.730163910035252828e-01	2.379549403701853583e-01	1.440901869997145146e-01	6.946840444438871776e-02	2.825616200509339579e-02	7.100681131970264237e-02
1.040120595935886058e+03	2.758037452423912628e-01	1.727492153731873814e-01	2.382368620174480645e-01	1.442587805208233043e-01	6.953882089180427051e-02	2.830093754004303283e-02	7.111163841423756571e-02
1.042539481042713533e+03	2.754015264138869878e-01	1.724827949616261624e-01	2.385179684741682848e-01	1.444268692329706283e-01	6.960904278562468628e-02	2.834561909811865454e-02	7.121617903353948120e-02
1.044958366149541234e+03	2.750004441424792612e-01	1.722171276285072439e-01	2.387982620557619062e-01	1.445944548693717246e-01	6.967907066855161258e-02	2.839020670361849449e-02	7.132043393164465284e-02
1.047377251256368709e+03	2.746004952080847716e-01	1.719522112395759084e-01	2.390777450710808716e-01	1.447615391557019737e-01	6.974890508181050275e-02	2.843470038265823868e-02	7.142440386102261174e-02
1.049796136363196410e+03	2.742016763998412765e-01	1.716880436666407272e-01	2.393564198224321093e-01	1.449281238101409464e-01	6.981854656515398827e-02	2.847910016315116297e-02	7.152808957257474065e-02
1.052215021470024112e+03	2.738039845160789021e-01	1.714246227875574624e-01	2.396342886055961852e-01	1.450942105434160079e-01	6.988799565686527882e-02	2.852340607478842313e-02	7.163149181563273349e-02
1.054633906576851814e+03	2.734074163642920552e-01	1.711619464862130235e-01	2.399113537098458426e-01	1.452598010588458388e-01	6.995725289376153455e-02	2.856761814901952884e-02	7.173461133795726308e-02
1.057052791683679516e+03	2.730119687611109458e-01	1.709000126525090091e-01	2.401876174179646828e-01	1.454248970523834561e-01	7.002631881119729396e-02	2.861173641903298065e-02	7.183744888573669052e-02
1.059471676790506763e+03	2.726176385322739981e-01	1.706388191823457190e-01	2.404630820062657326e-01	1.455895002126589566e-01	7.009519394306787388e-02	2.865576091973704581e-02	7.194000520358573292e-02
1.061890561897334692e+03	2.722244225125995953e-01	1.703783639776057790e-01	2.407377497446098469e-01	1.457536122210220109e-01	7.016387882181275570e-02	2.869969168774075610e-02	7.204228103454435317e-02
1.064309447004162394e+03	2.718323175459584351e-01	1.701186449461380423e-01	2.410116228964241936e-01	1.459172347515838852e-01	7.023237397841905483e-02	2.874352876133500628e-02	7.214427712007659421e-02
1.066728332110990095e+03	2.714413204852459960e-01	1.698596600017411862e-01	2.412847037187204335e-01	1.460803694712593526e-01	7.030067994242486518e-02	2.878727218047386419e-02	7.224599420006949657e-02
1.069147217217817570e+03	2.710514281923550595e-01	1.696014070641478078e-01	2.415569944621133169e-01	1.462430180398081869e-01	7.036879724192271479e-02	2.883092198675601264e-02	7.234743301283211303e-02
1.071566102324645271e+03	2.706626375381484539e-01	1.693438840590079097e-01	2.418284973708386965e-01	1.464051821098763528e-01	7.043672640356299364e-02	2.887447822340635795e-02	7.244859429509452331e-02
1.073984987431472746e+03	2.702749454024316877e-01	1.690870889178727743e-01	2.420992146827718183e-01	1.465668633270369170e-01	7.050446795255731203e-02	2.891794093525779791e-02	7.254947878200697364e-02
1.076403872538300675e+03	2.698883486739261373e-01	1.688310195781788647e-01	2.423691486294455022e-01	1.467280633298306547e-01	7.057202241268198395e-02	2.896131016873315991e-02	7.265008720713901635e-02
1.078822757645127922e+03	2.695028442502419574e-01	1.685756739832314777e-01	2.426383014360681267e-01	1.468887837498064342e-01	7.063939030628144100e-02	2.900458597182726736e-02	7.275042030247873270e-02
1.081241642751955851e+03	2.691184290378511590e-01	1.683210500821887001e-01	2.429066753215416985e-01	1.470490262115610736e-01	7.070657215427163245e-02	2.904776839408918301e-02	7.285047879843199736e-02
1.083660527858783553e+03	2.687350999520612960e-01	1.680671458300450893e-01	2.431742724984799209e-01	1.472087923327792536e-01	7.077356847614343915e-02	2.909085748660460158e-02	7.295026342382186779e-02
1.086079412965611255e+03	2.683528539169886540e-01	1.678139591876156023e-01	2.434410951732259853e-01	1.473680837242728192e-01	7.084037978996614304e-02	2.913385330197838796e-02	7.304977490588790423e-02
1.088498298072438729e+03	2.679716878655317713e-01	1.675614881215194696e-01	2.437071455458706126e-01	1.475269019900200540e-01	7.090700661239079938e-02	2.917675589431727168e-02	7.314901397028558683e-02
1.090917183179266431e+03	2.675915987393452933e-01	1.673097306041639865e-01	2.439724258102697052e-01	1.476852487272043712e-01	7.097344945865366461e-02	2.921956531921268696e-02	7.324798134108589931e-02
1.093336068286093905e+03	2.672125834888136042e-01	1.670586846137284420e-01	2.442369381540621942e-01	1.478431255262531163e-01	7.103970884257967966e-02	2.926228163372376900e-02	7.334667774077481550e-02
1.095754953392921607e+03	2.668346390730249040e-01	1.668083481341480490e-01	2.445006847586877474e-01	1.480005339708757306e-01	7.110578527658581449e-02	2.930490489636048898e-02	7.344510389025289687e-02
1.098173838499749309e+03	2.664577624597450622e-01	1.665587191550977897e-01	2.447636677994044496e-01	1.481574756381018876e-01	7.117167927168453756e-02	2.934743516706694519e-02	7.354326050883497334e-02
1.100592723606577010e+03	2.660819506253919164e-01	1.663097956719764292e-01	2.450258894453063718e-01	1.483139520983191295e-01	7.123739133748721586e-02	2.938987250720478603e-02	7.364114831424978247e-02
1.103011608713404712e+03	2.657072005550093485e-01	1.660615756858905001e-01	2.452873518593411961e-01	1.484699649153104484e-01	7.130292198220752886e-02	2.943221697953678911e-02	7.373876802263980290e-02
1.105430493820231959e+03	2.653335092422418606e-01	1.658140572036381766e-01	2.455480571983276461e-01	1.486255156462915061e-01	7.136827171266492409e-02	2.947446864821057916e-02	7.383612034856099071e-02
1.107849378927059888e+03	2.649608736893086514e-01	1.655672382376933705e-01	2.458080076129730007e-01	1.487806058419475219e-01	7.143344103428798941e-02	2.951662757874248463e-02	7.393320600498265449e-02
1.110268264033887590e+03	2.645892909069785248e-01	1.653211168061898551e-01	2.460672052478904970e-01	1.489352370464700204e-01	7.149843045111786699e-02	2.955869383800153322e-02	7.403002570328735821e-02
1.112687149140715292e+03	2.642187579145444665e-01	1.650756909329051669e-01	2.463256522416166772e-01	1.490894107975931915e-01	7.156324046581173659e-02	2.960066749419360682e-02	7.412658015327085181e-02
1.115106034247542766e+03	2.638492717397983855e-01	1.648309586472447574e-01	2.465833507266285696e-01	1.492431286266301393e-01	7.162787157964611851e-02	2.964254861684570072e-02	7.422287006314204350e-02
1.117524919354370468e+03	2.634808294190058575e-01	1.645869179842261165e-01	2.468403028293612023e-01	1.493963920585087701e-01	7.169232429252037075e-02	2.968433727679034573e-02	7.431889613952309681e-02
1.119943804461197942e+03	2.631134279968811440e-01	1.643435669844629521e-01	2.470965106702245895e-01	1.495492026118073470e-01	7.175659910296007526e-02	2.972603354615015875e-02	7.441465908744948621e-02
1.122362689568025871e+03	2.627470645265624904e-01	1.641009036941493415e-01	2.473519763636209123e-01	1.497015617987899339e-01	7.182069650812039630e-02	2.976763749832253211e-02	7.451015961037010804e-02
1.124781574674853118e+03	2.623817360695870349e-01	1.638589261650439111e-01	2.476067020179616718e-01	1.498534711254416452e-01	7.188461700378956376e-02	2.980914920796445475e-02	7.460539841014748874e-02
1.127200459781681047e+03	2.620174396958659391e-01	1.636176324544540983e-01	2.478606897356848138e-01	1.500049320915033679e-01	7.194836108439216227e-02	2.985056875097744436e-02	7.470037618705797910e-02
1.129619344888508749e+03	2.616541724836601301e-01	1.633770206252203039e-01	2.481139416132715214e-01	1.501559461905065118e-01	7.201192924299266995e-02	2.989189620449266352e-02	7.479509363979204573e-02
1.132038229995336451e+03	2.612919315195553205e-01	1.631370887457004593e-01	2.483664597412633124e-01	1.503065149098074260e-01	7.207532197129873364e-02	2.993313164685611205e-02	7.488955146545456243e-02
1.134457115102163925e+03	2.609307138984378049e-01	1.628978348897540951e-01	2.486182462042788865e-01	1.504566397306214276e-01	7.213853975966458276e-02	2.997427515761397904e-02	7.498375035956515722e-02
1.136876000208991627e+03	2.605705167234699804e-01	1.626592571367268536e-01	2.488693030810311124e-01	1.506063221280568298e-01	7.220158309709448496e-02	3.001532681749811624e-02	7.507769101605861473e-02
1.139294885315819101e+03	2.602113371060660318e-01	1.624213535714347512e-01	2.491196324443435972e-01	1.507555635711486375e-01	7.226445247124602123e-02	3.005628670841164682e-02	7.517137412728530643e-02
1.141713770422646803e+03	2.598531721658678961e-01	1.621841222841487185e-01	2.493692363611676732e-01	1.509043655228917979e-01	7.232714836843358308e-02	3.009715491341468513e-02	7.526480038401166250e-02
1.144132655529474505e+03	2.594960190307208370e-01	1.619475613705790018e-01	2.496181168925988847e-01	1.510527294402747300e-01	7.238967127363166165e-02	3.013793151671018827e-02	7.535797047542069915e-02
1.146551540636302207e+03	2.591398748366497418e-01	1.617116689318597034e-01	2.498662760938938632e-01	1.512006567743119367e-01	7.245202167047827546e-02	3.017861660362993956e-02	7.545088508911255987e-02
1.148970425743129908e+03	2.587847367278350297e-01	1.614764430745333490e-01	2.501137160144867311e-01	1.513481489700768956e-01	7.251420004127827335e-02	3.021921026062065335e-02	7.554354491110511216e-02
1.151389310849957155e+03	2.584306018565886154e-01	1.612418819105353174e-01	2.503604386980058383e-01	1.514952074667346715e-01	7.257620686700677615e-02	3.025971257523019445e-02	7.563595062583459983e-02
1.153808195956785084e+03	2.580774673833305943e-01	1.610079835571785467e-01	2.506064461822901657e-01	1.516418336975739745e-01	7.263804262731252126e-02	3.030012363609392925e-02	7.572810291615629519e-02
1.156227081063612786e+03	2.577253304765650954e-01	1.607747461371381859e-01	2.508517404994057842e-01	1.517880290900394391e-01	7.269970780052117942e-02	3.034044353292118107e-02	7.582000246334519300e-02
1.158645966170440488e+03	2.573741883128569663e-01	1.605421677784361900e-01	2.510963236756623140e-01	1.519337950657632108e-01	7.276120286363875478e-02	3.038067235648183456e-02	7.591164994709680147e-02
1.161064851277267962e+03	2.570240380768080701e-01	1.603102466144260552e-01	2.513401977316294111e-01	1.520791330405968089e-01	7.282252829235490166e-02	3.042081019859302002e-02	7.600304604552791943e-02
1.163483736384095664e+03	2.566748769610339154e-01	1.600789807837776635e-01	2.515833646821527547e-01	1.522240444246422131e-01	7.288368456104632465e-02	3.046085715210596415e-02	7.609419143517739959e-02
1.165902621490923138e+03	2.563267021661402301e-01	1.598483684304619623e-01	2.518258265363706450e-01	1.523685306222833102e-01	7.294467214278002598e-02	3.050081331089290332e-02	7.618508679100710612e-02
1.168321506597751068e+03	2.559795109006999803e-01	1.596184077037358096e-01	2.520675852977302123e-01	1.525125930322166479e-01	7.300549150931676112e-02	3.054067876983415294e-02	7.627573278640269183e-02
1.170740391704578315e+03	2.556333003812297222e-01	1.593890967581267915e-01	2.523086429640032935e-01	1.526562330474822982e-01	7.306614313111425840e-02	3.058045362480527746e-02	7.636613009317465284e-02
1.173159276811406244e+03	2.552880678321667873e-01	1.591604337534182345e-01	2.525490015273029187e-01	1.527994520554942226e-01	7.312662747733063295e-02	3.062013797266437479e-02	7.645627938155916126e-02
1.175578161918233945e+03	2.549438104858461340e-01	1.589324168546341065e-01	2.527886629740991320e-01	1.529422514380707754e-01	7.318694501582764800e-02	3.065973191123946839e-02	7.654618132021916155e-02
1.177997047025061647e+03	2.546005255824773661e-01	1.587050442320238619e-01	2.530276292852352005e-01	1.530846325714645684e-01	7.324709621317408714e-02	3.069923553931602073e-02	7.663583657624534196e-02
1.180415932131889122e+03	2.542582103701218066e-01	1.584783140610476482e-01	2.532659024359436017e-01	1.532265968263925582e-01	7.330708153464902954e-02	3.073864895662456465e-02	7.672524581515723086e-02
1.182834817238716823e+03	2.539168621046697938e-01	1.582522245223612067e-01	2.535034843958619000e-01	1.533681455680656613e-01	7.336690144424519444e-02	3.077797226382842505e-02	7.681440970090426534e-02
1.185253702345544298e+03	2.535764780498179771e-01	1.580267738018010515e-01	2.537403771290486221e-01	1.535092801562181752e-01	7.342655640467218858e-02	3.081720556251155499e-02	7.690332889586691534e-02
1.187672587452371999e+03	2.532370554770463911e-01	1.578019600903695641e-01	2.539765825939992450e-01	1.536500019451370880e-01	7.348604687735985075e-02	3.085634895516650017e-02	7.699200406085789095e-02
1.190091472559199701e+03	2.528985916655961397e-01	1.575777815842201446e-01	2.542121027436617386e-01	1.537903122836911107e-01	7.354537332246156855e-02	3.089540254518244322e-02	7.708043585512329432e-02
1.192510357666027403e+03	2.525610839024468035e-01	1.573542364846424457e-01	2.544469395254527755e-01	1.539302125153596823e-01	7.360453619885752585e-02	3.093436643683338330e-02	7.716862493634382703e-02
1.194929242772855105e+03	2.522245294822939021e-01	1.571313229980476900e-01	2.546810948812729958e-01	1.540697039782615019e-01	7.366353596415796401e-02	3.097324073526638508e-02	7.725657196063608068e-02
1.197348127879682352e+03	2.518889257075266341e-01	1.569090393359537094e-01	2.549145707475228839e-01	1.542087880051830062e-01	7.372237307470654033e-02	3.101202554648997342e-02	7.734427758255375818e-02
1.199767012986510281e+03	2.515542698882055062e-01	1.566873837149705684e-01	2.551473690551184781e-01	1.543474659236067359e-01	7.378104798558353383e-02	3.105072097736260792e-02	7.743174245508906151e-02
1.202185898093337983e+03	2.512205593420401839e-01	1.564663543567857973e-01	2.553794917295067468e-01	1.544857390557393129e-01	7.383956115060916203e-02	3.108932713558126143e-02	7.751896722967399622e-02
1.204604783200165684e+03	2.508877913943673987e-01	1.562459494881497102e-01	2.556109406906813541e-01	1.546236087185394736e-01	7.389791302234675896e-02	3.112784412967011319e-02	7.760595255618171762e-02
1.207023668306993159e+03	2.505559633781285767e-01	1.560261673408610272e-01	2.558417178531978697e-01	1.547610762237456028e-01	7.395610405210617522e-02	3.116627206896933205e-02	7.769269908292796012e-02
1.209442553413820860e+03	2.502250726338481335e-01	1.558070061517522475e-01	2.560718251261894784e-01	1.548981428779033775e-01	7.401413468994690048e-02	3.120461106362396736e-02	7.777920745667246671e-02
1.211861438520648335e+03	2.498951165096114646e-01	1.555884641626751608e-01	2.563012644133823015e-01	1.550348099823930237e-01	7.407200538468135254e-02	3.124286122457292994e-02	7.786547832262039059e-02
1.214280323627476264e+03	2.495660923610429349e-01	1.553705396204864420e-01	2.565300376131106619e-01	1.551710788334564883e-01	7.412971658387816631e-02	3.128102266353809807e-02	7.795151232442382172e-02
1.216699208734303511e+03	2.492379975512842849e-01	1.551532307770332741e-01	2.567581466183325167e-01	1.553069507222243906e-01	7.418726873386537191e-02	3.131909549301347545e-02	7.803731010418329950e-02
1.219118093841131440e+03	2.489108294509727037e-01	1.549365358891389988e-01	2.569855933166446671e-01	1.554424269347427223e-01	7.424466227973361421e-02	3.135707982625451917e-02	7.812287230244932545e-02
1.221536978947959142e+03	2.485845854382193465e-01	1.547204532185887382e-01	2.572123795902980792e-01	1.555775087519995770e-01	7.430189766533945583e-02	3.139497577726747118e-02	7.820819955822386205e-02
1.223955864054786844e+03	2.482592628985875460e-01	1.545049810321151296e-01	2.574385073162129278e-01	1.557121974499514339e-01	7.435897533330851350e-02	3.143278346079886321e-02	7.829329250896208126e-02
1.226374749161614318e+03	2.479348592250715244e-01	1.542901176013841691e-01	2.576639783659938066e-01	1.558464942995494151e-01	7.441589572503870542e-02	3.147050299232510145e-02	7.837815179057378012e-02
1.228793634268442020e+03	2.476113718180747159e-01	1.540758612029809183e-01	2.578887946059447711e-01	1.559804005667654037e-01	7.447265928070349872e-02	3.150813448804208605e-02	7.846277803742512935e-02
1.231212519375269494e+03	2.472887980853885059e-01	1.538622101183953206e-01	2.581129578970845495e-01	1.561139175126178003e-01	7.452926643925503192e-02	3.154567806485504555e-02	7.854717188234032477e-02
1.233631404482097196e+03	2.469671354421707765e-01	1.536491626340082683e-01	2.583364700951612525e-01	1.562470463931973641e-01	7.458571763842737623e-02	3.158313384036830901e-02	7.863133395660321101e-02
1.236050289588924898e+03	2.466463813109248671e-01	1.534367170410772807e-01	2.585593330506676946e-01	1.563797884596925813e-01	7.464201331473968581e-02	3.162050193287531397e-02	7.871526488995908566e-02
1.238469174695752372e+03	2.463265331214782583e-01	1.532248716357226537e-01	2.587815486088561046e-01	1.565121449584152002e-01	7.469815390349941742e-02	3.165778246134861446e-02	7.879896531061630904e-02
1.240888059802580301e+03	2.460075883109613115e-01	1.530136247189133325e-01	2.590031186097530580e-01	1.566441171308252944e-01	7.475413983880545288e-02	3.169497554543002082e-02	7.888243584524812224e-02
1.243306944909407548e+03	2.456895443237864241e-01	1.528029745964530894e-01	2.592240448881741877e-01	1.567757062135562984e-01	7.480997155355136041e-02	3.173208130542082284e-02	7.896567711899443731e-02
1.245725830016235477e+03	2.453723986116269629e-01	1.525929195789664516e-01	2.594443292737392270e-01	1.569069134384398767e-01	7.486564947942846160e-02	3.176909986227206828e-02	7.904868975546359977e-02
1.248144715123063179e+03	2.450561486333963090e-01	1.523834579818849067e-01	2.596639735908866098e-01	1.570377400325305983e-01	7.492117404692907878e-02	3.180603133757499423e-02	7.913147437673420659e-02
1.250563600229890881e+03	2.447407918552270134e-01	1.521745881254330801e-01	2.598829796588881247e-01	1.571681872181304451e-01	7.497654568534964370e-02	3.184287585355149303e-02	7.921403160335695193e-02
1.252982485336718355e+03	2.444263257504499520e-01	1.519663083346148857e-01	2.601013492918636816e-01	1.572982562128131812e-01	7.503176482279384774e-02	3.187963353304470310e-02	7.929636205435652840e-02
1.255401370443546057e+03	2.441127477995736483e-01	1.517586169391998141e-01	2.603190842987960218e-01	1.574279482294485000e-01	7.508683188617579218e-02	3.191630449950962761e-02	7.937846634723344508e-02
1.257820255550373531e+03	2.438000554902635952e-01	1.515515122737090825e-01	2.605361864835449848e-01	1.575572644762261720e-01	7.514174730122313850e-02	3.195288887700391961e-02	7.946034509796594258e-02
1.260239140657201460e+03	2.434882463173216327e-01	1.513449926774021737e-01	2.607526576448624400e-01	1.576862061566797479e-01	7.519651149248021693e-02	3.198938679017868797e-02	7.954199892101196379e-02
1.262658025764028707e+03	2.431773177826653809e-01	1.511390564942629855e-01	2.609684995764064985e-01	1.578147744697103450e-01	7.525112488331114902e-02	3.202579836426941440e-02	7.962342842931104114e-02
1.265076910870856636e+03	2.428672673953078121e-01	1.509337020729863699e-01	2.611837140667561119e-01	1.579429706096102948e-01	7.530558789590301172e-02	3.206212372508693287e-02	7.970463423428629512e-02
1.267495795977684338e+03	2.425580926713367114e-01	1.507289277669644767e-01	2.613983028994253943e-01	1.580707957660863472e-01	7.535990095126887667e-02	3.209836299900854784e-02	7.978561694584639097e-02
1.269914681084511813e+03	2.422497911338944987e-01	1.505247319342732648e-01	2.616122678528781664e-01	1.581982511242830680e-01	7.541406446925097429e-02	3.213451631296918021e-02	7.986637717238753709e-02
1.272333566191339514e+03	2.419423603131577449e-01	1.503211129376590405e-01	2.618256107005421107e-01	1.583253378648059040e-01	7.546807886852377467e-02	3.217058379445257577e-02	7.994691552079553898e-02
1.274752451298167216e+03	2.416357977463170492e-01	1.501180691445249404e-01	2.620383332108231489e-01	1.584520571637439978e-01	7.552194456659708233e-02	3.220656557148268706e-02	8.002723259644782539e-02
1.277171336404994690e+03	2.413301009775568606e-01	1.499155989269175815e-01	2.622504371471195972e-01	1.585784101926931422e-01	7.557566197981911704e-02	3.224246177261502061e-02	8.010732900321543282e-02
1.279590221511822392e+03	2.410252675580352999e-01	1.497137006615137378e-01	2.624619242678364883e-01	1.587043981187782615e-01	7.562923152337960864e-02	3.227827252692817839e-02	8.018720534346518436e-02
1.282009106618650094e+03	2.407212950458642309e-01	1.495123727296068239e-01	2.626727963263998378e-01	1.588300221046759775e-01	7.568265361131285007e-02	3.231399796401535768e-02	8.026686221806172972e-02
1.284427991725477568e+03	2.404181810060890823e-01	1.493116135170938774e-01	2.628830550712704661e-01	1.589552833086369521e-01	7.573592865650079220e-02	3.234963821397603828e-02	8.034630022636961300e-02
1.286846876832305497e+03	2.401159230106691411e-01	1.491114214144620698e-01	2.630927022459583209e-01	1.590801828845080368e-01	7.578905707067609687e-02	3.238519340740769054e-02	8.042551996625546540e-02
1.289265761939132744e+03	2.398145186384574301e-01	1.489117948167756056e-01	2.633017395890364654e-01	1.592047219817543657e-01	7.584203926442521781e-02	3.242066367539755967e-02	8.050452203409012852e-02
1.291684647045960673e+03	2.395139654751811953e-01	1.487127321236625110e-01	2.635101688341552340e-01	1.593289017454811718e-01	7.589487564719134272e-02	3.245604914951454728e-02	8.058330702475079155e-02
1.294103532152788375e+03	2.392142611134218944e-01	1.485142317393015887e-01	2.637179917100558324e-01	1.594527233164556301e-01	7.594756662727759899e-02	3.249134996180116225e-02	8.066187553162317003e-02
1.296522417259616077e+03	2.389154031525956012e-01	1.483162920724090950e-01	2.639252099405845486e-01	1.595761878311284243e-01	7.600011261184996814e-02	3.252656624476552710e-02	8.074022814660369862e-02
1.298941302366443551e+03	2.386173891989333828e-01	1.481189115362259445e-01	2.641318252447067416e-01	1.596992964216552291e-01	7.605251400694036656e-02	3.256169813137348851e-02	8.081836546010172373e-02
1.301360187473271253e+03	2.383202168654617592e-01	1.479220885485045545e-01	2.643378393365203860e-01	1.598220502159180267e-01	7.610477121744967099e-02	3.259674575504079713e-02	8.089628806104172398e-02
1.303779072580098727e+03	2.380238837719831635e-01	1.477258215314958267e-01	2.645432539252700055e-01	1.599444503375462845e-01	7.615688464715071604e-02	3.263170924962532915e-02	8.097399653686561394e-02
1.306197957686926657e+03	2.377283875450564576e-01	1.475301089119362974e-01	2.647480707153605506e-01	1.600664979059381043e-01	7.620885469869131956e-02	3.266658874941941182e-02	8.105149147353486738e-02
1.308616842793753904e+03	2.374337258179775034e-01	1.473349491210351470e-01	2.649522914063709988e-01	1.601881940362810675e-01	7.626068177359729416e-02	3.270138438914221846e-02	8.112877345553283492e-02
1.311035727900581833e+03	2.371398962307599001e-01	1.471403405944614051e-01	2.651559176930681216e-01	1.603095398395729121e-01	7.631236627227543090e-02	3.273609630393223974e-02	8.120584306586707546e-02
1.313454613007409534e+03	2.368468964301157498e-01	1.469462817723310444e-01	2.653589512654200289e-01	1.604305364226424613e-01	7.636390859401649689e-02	3.277072462933977581e-02	8.128270088607157662e-02
1.315873498114237009e+03	2.365547240694362841e-01	1.467527710991941847e-01	2.655613938086099357e-01	1.605511848881698289e-01	7.641530913699823291e-02	3.280526950131957414e-02	8.135934749620910011e-02
1.318292383221064711e+03	2.362633768087727681e-01	1.465598070240224926e-01	2.657632470030495964e-01	1.606714863347070144e-01	7.646656829828830937e-02	3.283973105622350203e-02	8.143578347487347158e-02
1.320711268327892412e+03	2.359728523148174606e-01	1.463673880001962191e-01	2.659645125243929042e-01	1.607914418566980530e-01	7.651768647384732391e-02	3.287410943079324688e-02	8.151200939919192590e-02
1.323130153434719887e+03	2.356831482608844064e-01	1.461755124854917376e-01	2.661651920435494922e-01	1.609110525444991668e-01	7.656866405853175739e-02	3.290840476215317612e-02	8.158802584482745257e-02
1.325549038541547588e+03	2.353942623268907020e-01	1.459841789420686931e-01	2.663652872266978888e-01	1.610303194843987484e-01	7.661950144609692981e-02	3.294261718780318315e-02	8.166383338598112718e-02
1.327967923648375290e+03	2.351061921993372050e-01	1.457933858364576230e-01	2.665647997352992848e-01	1.611492437586371784e-01	7.667019902919995633e-02	3.297674684561163055e-02	8.173943259539451223e-02
1.330386808755202765e+03	2.348189355712899384e-01	1.456031316395471065e-01	2.667637312261106342e-01	1.612678264454266708e-01	7.672075719940270322e-02	3.301079387380839031e-02	8.181482404435201639e-02
1.332805693862030694e+03	2.345324901423611608e-01	1.454134148265715520e-01	2.669620833511980873e-01	1.613860686189707294e-01	7.677117634717472994e-02	3.304475841097788413e-02	8.189000830268332309e-02
1.335224578968857941e+03	2.342468536186905759e-01	1.452242338770984020e-01	2.671598577579505363e-01	1.615039713494837714e-01	7.682145686189620348e-02	3.307864059605224866e-02	8.196498593876576366e-02
1.337643464075685870e+03	2.339620237129266811e-01	1.450355872750158925e-01	2.673570560890924930e-01	1.616215357032103339e-01	7.687159913186081273e-02	3.311244056830454224e-02	8.203975751952670425e-02
1.340062349182513572e+03	2.336779981442080323e-01	1.448474735085205078e-01	2.675536799826976342e-01	1.617387627424445029e-01	7.692160354427880764e-02	3.314615846734201426e-02	8.211432361044604389e-02
1.342481234289341273e+03	2.333947746381447308e-01	1.446598910701046570e-01	2.677497310722016244e-01	1.618556535255488149e-01	7.697147048527973323e-02	3.317979443309944376e-02	8.218868477555860141e-02
1.344900119396168748e+03	2.331123509267997718e-01	1.444728384565442947e-01	2.679452109864156606e-01	1.619722091069734082e-01	7.702120033991545489e-02	3.321334860583254056e-02	8.226284157745658576e-02
1.347319004502996449e+03	2.328307247486706422e-01	1.442863141688865425e-01	2.681401213495394065e-01	1.620884305372747580e-01	7.707079349216304498e-02	3.324682112611140189e-02	8.233679457729202456e-02
1.349737889609823924e+03	2.325498938486708356e-01	1.441003167124375040e-01	2.683344637811739819e-01	1.622043188631345223e-01	7.712025032492765553e-02	3.328021213481405227e-02	8.241054433477927599e-02
1.352156774716651853e+03	2.322698559781115057e-01	1.439148445967500800e-01	2.685282398963352302e-01	1.623198751273781382e-01	7.716957122004544645e-02	3.331352177312002505e-02	8.248409140819747132e-02
1.354575659823479100e+03	2.319906088946830924e-01	1.437298963356115622e-01	2.687214513054664855e-01	1.624351003689933071e-01	7.721875655828640272e-02	3.334675018250401329e-02	8.255743635439305450e-02
1.356994544930307029e+03	2.317121503624370582e-01	1.435454704470316423e-01	2.689140996144517848e-01	1.625499956231483689e-01	7.726780671935726263e-02	3.337989750472959705e-02	8.263057972878223856e-02
1.359413430037134731e+03	2.314344781517677085e-01	1.433615654532301720e-01	2.691061864246285240e-01	1.626645619212107041e-01	7.731672208190439044e-02	3.341296388184297750e-02	8.270352208535350358e-02
1.361832315143962205e+03	2.311575900393939842e-01	1.431781798806251726e-01	2.692977133328005590e-01	1.627788002907646914e-01	7.736550302351657971e-02	3.344594945616682219e-02	8.277626397667015024e-02
1.364251200250789907e+03	2.308814838083413090e-01	1.429953122598206783e-01	2.694886819312510284e-01	1.628927117556299708e-01	7.741414992072799539e-02	3.347885437029419348e-02	8.284880595387282554e-02
1.366670085357617609e+03	2.306061572479237154e-01	1.428129611255946896e-01	2.696790938077549549e-01	1.630062973358791800e-01	7.746266314902096328e-02	3.351167876708246313e-02	8.292114856668203471e-02
1.369088970464445310e+03	2.303316081537255533e-01	1.426311250168873224e-01	2.698689505455922899e-01	1.631195580478559393e-01	7.751104308282885658e-02	3.354442278964731017e-02	8.299329236340072247e-02
1.371507855571272785e+03	2.300578343275837823e-01	1.424498024767886506e-01	2.700582537235606817e-01	1.632324949041924489e-01	7.755929009553885756e-02	3.357708658135681590e-02	8.306523789091677101e-02
1.373926740678100487e+03	2.297848335775699580e-01	1.422689920525269658e-01	2.702470049159879095e-01	1.633451089138270862e-01	7.760740455949488581e-02	3.360967028582558663e-02	8.313698569470560906e-02
1.376345625784927961e+03	2.295126037179724132e-01	1.420886922954568421e-01	2.704352056927448178e-01	1.634574010820219470e-01	7.765538684600031827e-02	3.364217404690890423e-02	8.320853631883276535e-02
1.378764510891755890e+03	2.292411425692784666e-01	1.419089017610472014e-01	2.706228576192577506e-01	1.635693724103801927e-01	7.770323732532091743e-02	3.367459800869700148e-02	8.327989030595646380e-02
1.381183395998583137e+03	2.289704479581566310e-01	1.417296190088696006e-01	2.708099622565213194e-01	1.636810238968633424e-01	7.775095636668756527e-02	3.370694231550935838e-02	8.335104819733017700e-02
1.383602281105411066e+03	2.287005177174389892e-01	1.415508426025863520e-01	2.709965211611109481e-01	1.637923565358083700e-01	7.779854433829909433e-02	3.373920711188899135e-02	8.342201053280524914e-02
1.386021166212238768e+03	2.284313496861035409e-01	1.413725711099389493e-01	2.711825358851952528e-01	1.639033713179448293e-01	7.784600160732507712e-02	3.377139254259691609e-02	8.349277785083346337e-02
1.388440051319066470e+03	2.281629417092566059e-01	1.411948031027361328e-01	2.713680079765486419e-01	1.640140692304117576e-01	7.789332853990860173e-02	3.380349875260661718e-02	8.356335068846969250e-02
1.390858936425893944e+03	2.278952916381152827e-01	1.410175371568423430e-01	2.715529389785638625e-01	1.641244512567744673e-01	7.794052550116914446e-02	3.383552588709851788e-02	8.363372958137448021e-02
1.393277821532721646e+03	2.276283973299899899e-01	1.408407718521660912e-01	2.717373304302642123e-01	1.642345183770414219e-01	7.798759285520519280e-02	3.386747409145455384e-02	8.370391506381670566e-02
1.395696706639549120e+03	2.273622566482670082e-01	1.406645057726483017e-01	2.719211838663160297e-01	1.643442715676807775e-01	7.803453096509715969e-02	3.389934351125282325e-02	8.377390766867612304e-02
1.398115591746377049e+03	2.270968674623911332e-01	1.404887375062506827e-01	2.721045008170410728e-01	1.644537118016368704e-01	7.808134019291007588e-02	3.393113429226222999e-02	8.384370792744612333e-02
1.400534476853204296e+03	2.268322276478482724e-01	1.403134656449444018e-01	2.722872828084288432e-01	1.645628400483467313e-01	7.812802089969636543e-02	3.396284658043723786e-02	8.391331637023626000e-02
1.402953361960032225e+03	2.265683350861483758e-01	1.401386887846983176e-01	2.724695313621488535e-01	1.646716572737563777e-01	7.817457344549863518e-02	3.399448052191263170e-02	8.398273352577496909e-02
1.405372247066859927e+03	2.263051876648078942e-01	1.399644055254676556e-01	2.726512479955628399e-01	1.647801644403369958e-01	7.822099818935231152e-02	3.402603626299835482e-02	8.405195992141219208e-02
1.407791132173687402e+03	2.260427832773328483e-01	1.397906144711825449e-01	2.728324342217368637e-01	1.648883625071010939e-01	7.826729548928854086e-02	3.405751395017437427e-02	8.412099608312204047e-02
1.410210017280515103e+03	2.257811198232015926e-01	1.396173142297365555e-01	2.730130915494536348e-01	1.649962524296185729e-01	7.831346570233677085e-02	3.408891373008563624e-02	8.418984253550547414e-02
1.412628902387342805e+03	2.255201952078477734e-01	1.394445034129754291e-01	2.731932214832247796e-01	1.651038351600326581e-01	7.835950918452758152e-02	3.412023574953702842e-02	8.425849980179296594e-02
1.415047787494170507e+03	2.252600073426433702e-01	1.392721806366857273e-01	2.733728255233026649e-01	1.652111116470755814e-01	7.840542629089533588e-02	3.415148015548841870e-02	8.432696840384715231e-02
1.417466672600997981e+03	2.250005541448815150e-01	1.391003445205834521e-01	2.735519051656926659e-01	1.653180828360844568e-01	7.845121737548092777e-02	3.418264709504974241e-02	8.439524886216556721e-02
1.419885557707825683e+03	2.247418335377598109e-01	1.389289936883027210e-01	2.737304619021649343e-01	1.654247496690169072e-01	7.849688279133450186e-02	3.421373671547613127e-02	8.446334169588325114e-02
1.422304442814653157e+03	2.244838434503633184e-01	1.387581267673847762e-01	2.739084972202668888e-01	1.655311130844665801e-01	7.854242289051811821e-02	3.424474916416307690e-02	8.453124742277555448e-02
1.424723327921481086e+03	2.242265818176477632e-01	1.385877423892665217e-01	2.740860126033345945e-01	1.656371740176785234e-01	7.858783802410848618e-02	3.427568458864169165e-02	8.459896655926074649e-02
1.427142213028308333e+03	2.239700465804227436e-01	1.384178391892695315e-01	2.742630095305051974e-01	1.657429334005646182e-01	7.863312854219960124e-02	3.430654313657394844e-02	8.466649962040272148e-02
1.429561098135136262e+03	2.237142356853350222e-01	1.382484158065887259e-01	2.744394894767285265e-01	1.658483921617188717e-01	7.867829479390547887e-02	3.433732495574801785e-02	8.473384711991374663e-02
1.431979983241963964e+03	2.234591470848517614e-01	1.380794708842814911e-01	2.746154539127790839e-01	1.659535512264324331e-01	7.872333712736279132e-02	3.436803019407363990e-02	8.480100957015716812e-02
1.434398868348791666e+03	2.232047787372440917e-01	1.379110030692563826e-01	2.747909043052679245e-01	1.660584115167088592e-01	7.876825588973357384e-02	3.439865899957754436e-02	8.486798748215006183e-02
1.436817753455619140e+03	2.229511286065703202e-01	1.377430110122623008e-01	2.749658421166541467e-01	1.661629739512789083e-01	7.881305142720783363e-02	3.442921152039889882e-02	8.493478136556603664e-02
1.439236638562446842e+03	2.226981946626595543e-01	1.375754933678772773e-01	2.751402688052570489e-01	1.662672394456156111e-01	7.885772408500624220e-02	3.445968790478482618e-02	8.500139172873791282e-02
1.441655523669274316e+03	2.224459748810950488e-01	1.374084487944976785e-01	2.753141858252677321e-01	1.663712089119488424e-01	7.890227420738279984e-02	3.449008830108597073e-02	8.506781907866044212e-02
1.444074408776102018e+03	2.221944672431979406e-01	1.372418759543271305e-01	2.754875946267605902e-01	1.664748832592802819e-01	7.894670213762743083e-02	3.452041285775206414e-02	8.513406392099306941e-02
1.446493293882929493e+03	2.219436697360108179e-01	1.370757735133656396e-01	2.756604966557053560e-01	1.665782633933979018e-01	7.899100821806862016e-02	3.455066172332758867e-02	8.520012676006265273e-02
1.448912178989757422e+03	2.216935803522812887e-01	1.369101401413987673e-01	2.758328933539783145e-01	1.666813502168904837e-01	7.903519279007613363e-02	3.458083504644748202e-02	8.526600809886614174e-02
1.451331064096585123e+03	2.214441970904457158e-01	1.367449745119867222e-01	2.760047861593741825e-01	1.667841446291621621e-01	7.907925619406352968e-02	3.461093297583283518e-02	8.533170843907345038e-02
1.453749949203412370e+03	2.211955179546130912e-01	1.365802753024535354e-01	2.761761765056177098e-01	1.668866475264466631e-01	7.912319876949085173e-02	3.464095566028668749e-02	8.539722828103007979e-02
1.456168834310240300e+03	2.209475409545486879e-01	1.364160411938763751e-01	2.763470658223749488e-01	1.669888598018216541e-01	7.916702085486716778e-02	3.467090324868984247e-02	8.546256812375992162e-02
1.458587719417068001e+03	2.207002641056580172e-01	1.362522708710747488e-01	2.765174555352649666e-01	1.670907823452229546e-01	7.921072278775324882e-02	3.470077588999673224e-02	8.552772846496799197e-02
1.461006604523895703e+03	2.204536854289706471e-01	1.360889630225996239e-01	2.766873470658712808e-01	1.671924160434585527e-01	7.925430490476410850e-02	3.473057373323131664e-02	8.559270980104320692e-02
1.463425489630723177e+03	2.202078029511241875e-01	1.359261163407230466e-01	2.768567418317531836e-01	1.672937617802227328e-01	7.929776754157162599e-02	3.476029692748302397e-02	8.565751262706106095e-02
1.465844374737550879e+03	2.199626147043482471e-01	1.357637295214272066e-01	2.770256412464572326e-01	1.673948204361098424e-01	7.934111103290715505e-02	3.478994562190274031e-02	8.572213743678651354e-02
1.468263259844378354e+03	2.197181187264485580e-01	1.356018012643939175e-01	2.771940467195286306e-01	1.674955928886283640e-01	7.938433571256403587e-02	3.481951996569884050e-02	8.578658472267662594e-02
1.470682144951206283e+03	2.194743130607909043e-01	1.354403302729941250e-01	2.773619596565224943e-01	1.675960800122145988e-01	7.942744191340020410e-02	3.484902010813328149e-02	8.585085497588340608e-02
1.473101030058033530e+03	2.192311957562854685e-01	1.352793152542771105e-01	2.775293814590152897e-01	1.676962826782462113e-01	7.947042996734078601e-02	3.487844619851766109e-02	8.591494868625651482e-02
1.475519915164861459e+03	2.189887648673707887e-01	1.351187549189602211e-01	2.776963135246158787e-01	1.677962017550560236e-01	7.951330020538059651e-02	3.490779838620942238e-02	8.597886634234611081e-02
1.477938800271689161e+03	2.187470184539981322e-01	1.349586479814181006e-01	2.778627572469770102e-01	1.678958381079454776e-01	7.955605295758673423e-02	3.493707682060800263e-02	8.604260843140554282e-02
1.480357685378516862e+03	2.185059545816156745e-01	1.347989931596725033e-01	2.780287140158064219e-01	1.679951925991980954e-01	7.959868855310114899e-02	3.496628165115109321e-02	8.610617543939413920e-02
1.482776570485344337e+03	2.182655713211528736e-01	1.346397891753815801e-01	2.781941852168778873e-01	1.680942660880927753e-01	7.964120732014311199e-02	3.499541302731089959e-02	8.616956785097999727e-02
