1.001418434226643626e+03	2.823387845107292460e-01	1.772863793274749022e-01	2.336336076290261854e-01	1.414592754325945667e-01	6.836036349314239535e-02	2.755328900270250306e-02	6.936830060426291134e-02
1.002869765290740247e+03	2.820863773048163381e-01	1.771188342550483186e-01	2.338104571566345657e-01	1.415651041157330037e-01	6.840439399574843593e-02	2.758102452860332343e-02	6.943380864334865177e-02
1.004321096354836754e+03	2.818343980984785446e-01	1.769515733712167249e-01	2.339870000213624679e-01	1.416707412503466768e-01	6.844835156221677763e-02	2.760872618725532246e-02	6.949920950905613681e-02
1.005772427418933376e+03	2.815828461636148972e-01	1.767845961927923260e-01	2.341632367458228170e-01	1.417761872374182497e-01	6.849223631419409930e-02	2.763639397675329498e-02	6.956450336933697742e-02
1.007223758483029997e+03	2.813317207733839753e-01	1.766179022374053942e-01	2.343391678517391385e-01	1.418814424768569948e-01	6.853604837313118092e-02	2.766402789547597191e-02	6.962969039193994680e-02
1.008675089547126618e+03	2.810810212022012977e-01	1.764514910235032985e-01	2.345147938599471127e-01	1.419865073675026790e-01	6.857978786028323670e-02	2.769162794208421263e-02	6.969477074441075837e-02
1.010126420611223239e+03	2.808307467257366574e-01	1.762853620703491442e-01	2.346901152903960452e-01	1.420913823071294213e-01	6.862345489671008159e-02	2.771919411551919746e-02	6.975974459409196859e-02
1.011577751675319632e+03	2.805808966209119015e-01	1.761195148980207736e-01	2.348651326621504776e-01	1.421960676924494404e-01	6.866704960327639495e-02	2.774672641500064429e-02	6.982461210812278274e-02
1.013029082739416367e+03	2.803314701658983221e-01	1.759539490274095175e-01	2.350398464933916298e-01	1.423005639191169402e-01	6.871057210065199816e-02	2.777422484002502537e-02	6.988937345343892993e-02
1.014480413803512761e+03	2.800824666401140473e-01	1.757886639802190842e-01	2.352142573014189830e-01	1.424048713817318013e-01	6.875402250931207659e-02	2.780168939036379780e-02	6.995402879677253827e-02
1.015931744867609382e+03	2.798338853242219870e-01	1.756236592789642004e-01	2.353883656026517501e-01	1.425089904738434665e-01	6.879740094953738783e-02	2.782912006606165500e-02	7.001857830465194055e-02
1.017383075931706003e+03	2.795857255001267805e-01	1.754589344469696943e-01	2.355621719126303470e-01	1.426129215879546053e-01	6.884070754141459469e-02	2.785651686743475033e-02	7.008302214340157710e-02
1.018834406995802851e+03	2.793379864509729082e-01	1.752944890083690810e-01	2.357356767460180857e-01	1.427166651155248600e-01	6.888394240483645958e-02	2.788387979506896583e-02	7.014736047914184314e-02
1.020285738059899245e+03	2.790906674611422500e-01	1.751303224881035070e-01	2.359088806166024788e-01	1.428202214469746489e-01	6.892710565950210810e-02	2.791120884981818095e-02	7.021159347778897775e-02
1.021737069123995752e+03	2.788437678162511979e-01	1.749664344119205295e-01	2.360817840372968490e-01	1.429235909716887465e-01	6.897019742491723726e-02	2.793850403280254135e-02	7.027572130505491121e-02
1.023188400188092373e+03	2.785972868031487693e-01	1.748028243063728948e-01	2.362543875201418841e-01	1.430267740780200580e-01	6.901321782039446240e-02	2.796576534540673800e-02	7.033974412644714014e-02
1.024639731252188767e+03	2.783512237099139419e-01	1.746394916988174006e-01	2.364266915763069687e-01	1.431297711532932282e-01	6.905616696505344210e-02	2.799299278927831064e-02	7.040366210726863028e-02
1.026091062316285615e+03	2.781055778258532674e-01	1.744764361174135636e-01	2.365986967160918220e-01	1.432325825838083599e-01	6.909904497782123900e-02	2.802018636632593734e-02	7.046747541261767778e-02
1.027542393380382237e+03	2.778603484414987612e-01	1.743136570911225369e-01	2.367704034489279408e-01	1.433352087548445952e-01	6.914185197743252798e-02	2.804734607871775184e-02	7.053118420738775651e-02
1.028993724444478858e+03	2.776155348486051833e-01	1.741511541497058058e-01	2.369418122833801543e-01	1.434376500506637508e-01	6.918458808242980429e-02	2.807447192887965390e-02	7.059478865626749033e-02
1.030445055508575479e+03	2.773711363401479280e-01	1.739889268237241604e-01	2.371129237271480394e-01	1.435399068545139267e-01	6.922725341116373055e-02	2.810156391949363702e-02	7.065828892374043102e-02
1.031896386572671872e+03	2.771271522103205820e-01	1.738269746445362529e-01	2.372837382870673917e-01	1.436419795486330864e-01	6.926984808179330322e-02	2.812862205349613703e-02	7.072168517408507216e-02
1.033347717636768493e+03	2.768835817545327593e-01	1.736652971442975424e-01	2.374542564691118074e-01	1.437438685142526373e-01	6.931237221228613021e-02	2.815564633407635284e-02	7.078497757137462709e-02
1.034799048700865114e+03	2.766404242694074922e-01	1.735038938559589627e-01	2.376244787783940438e-01	1.438455741316009839e-01	6.935482592041870842e-02	2.818263676467461926e-02	7.084816627947700118e-02
1.036250379764961508e+03	2.763976790527791771e-01	1.733427643132658402e-01	2.377944057191676008e-01	1.439470967799070800e-01	6.939720932377665963e-02	2.820959334898075904e-02	7.091125146205468077e-02
1.037701710829058356e+03	2.761553454036911881e-01	1.731819080507565056e-01	2.379640377948281371e-01	1.440484368374038981e-01	6.943952253975499422e-02	2.823651609093245224e-02	7.097423328256460828e-02
1.039153041893154750e+03	2.759134226223934339e-01	1.730213246037611841e-01	2.381333755079149961e-01	1.441495946813320383e-01	6.948176568555833321e-02	2.826340499471361595e-02	7.103711190425809896e-02
1.040604372957251599e+03	2.756719100103403597e-01	1.728610135084008015e-01	2.383024193601126217e-01	1.442505706879431415e-01	6.952393887820119966e-02	2.829026006475278410e-02	7.109988749018078535e-02
1.042055704021347992e+03	2.754308068701884493e-01	1.727009743015856247e-01	2.384711698522520296e-01	1.443513652325033592e-01	6.956604223450825464e-02	2.831708130572151150e-02	7.116256020317245079e-02
1.043507035085444613e+03	2.751901125057940045e-01	1.725412065210141788e-01	2.386396274843123333e-01	1.444519786892968505e-01	6.960807587111457473e-02	2.834386872253277095e-02	7.122513020586700161e-02
1.044958366149541234e+03	2.749498262222108691e-01	1.723817097051718594e-01	2.388077927554220770e-01	1.445524114316292241e-01	6.965003990446587412e-02	2.837062232033937120e-02	7.128759766069239778e-02
1.046409697213637855e+03	2.747099473256882640e-01	1.722224833933298782e-01	2.389756661638609003e-01	1.446526638318309799e-01	6.969193445081876825e-02	2.839734210453236096e-02	7.134996272987051413e-02
1.047861028277734476e+03	2.744704751236685114e-01	1.720635271255438470e-01	2.391432482070607601e-01	1.447527362612608670e-01	6.973375962624103752e-02	2.842402808073947115e-02	7.141222557541711258e-02
1.049312359341831097e+03	2.742314089247847586e-01	1.719048404426527232e-01	2.393105393816075399e-01	1.448526290903093816e-01	6.977551554661191868e-02	2.845068025482353977e-02	7.147438635914173111e-02
1.050763690405927491e+03	2.739927480388587022e-01	1.717464228862774223e-01	2.394775401832424933e-01	1.449523426884020971e-01	6.981720232762229916e-02	2.847729863288096450e-02	7.153644524264765603e-02
1.052215021470024112e+03	2.737544917768984787e-01	1.715882739988196237e-01	2.396442511068636316e-01	1.450518774240029674e-01	6.985882008477502236e-02	2.850388322124015536e-02	7.159840238733176931e-02
1.053666352534120733e+03	2.735166394510963328e-01	1.714303933234606891e-01	2.398106726465271676e-01	1.451512336646177959e-01	6.990036893338506807e-02	2.853043402645997692e-02	7.166025795438457635e-02
1.055117683598217127e+03	2.732791903748266749e-01	1.712727804041601631e-01	2.399768052954489861e-01	1.452504117767975667e-01	6.994184898857991328e-02	2.855695105532823908e-02	7.172201210479009492e-02
1.056569014662313975e+03	2.730421438626435271e-01	1.711154347856546909e-01	2.401426495460061428e-01	1.453494121261416638e-01	6.998326036529971261e-02	2.858343431486016356e-02	7.178366499932577194e-02
1.058020345726410369e+03	2.728054992302784143e-01	1.709583560134567692e-01	2.403082058897382245e-01	1.454482350773012578e-01	7.002460317829763137e-02	2.860988381229685740e-02	7.184521679856246956e-02
1.059471676790506763e+03	2.725692557946384764e-01	1.708015436338534698e-01	2.404734748173487924e-01	1.455468809939826358e-01	7.006587754213999819e-02	2.863629955510381409e-02	7.190666766286436806e-02
1.060923007854603611e+03	2.723334128738039706e-01	1.706449971939052179e-01	2.406384568187068529e-01	1.456453502389504773e-01	7.010708357120663814e-02	2.866268155096941828e-02	7.196801775238895194e-02
1.062374338918700232e+03	2.720979697870262726e-01	1.704887162414445434e-01	2.408031523828481901e-01	1.457436431740310179e-01	7.014822137969112248e-02	2.868902980780344003e-02	7.202926722708689888e-02
1.063825669982796853e+03	2.718629258547256011e-01	1.703327003250748595e-01	2.409675619979769756e-01	1.458417601601154079e-01	7.018929108160103236e-02	2.871534433373556378e-02	7.209041624670209369e-02
1.065277001046893474e+03	2.716282803984888528e-01	1.701769489941691305e-01	2.411316861514669896e-01	1.459397015571629042e-01	7.023029279075816700e-02	2.874162513711388950e-02	7.215146497077155885e-02
1.066728332110990095e+03	2.713940327410676034e-01	1.700214617988688448e-01	2.412955253298631753e-01	1.460374677242041452e-01	7.027122662079884896e-02	2.876787222650348946e-02	7.221241355862537126e-02
1.068179663175086489e+03	2.711601822063758882e-01	1.698662382900824885e-01	2.414590800188830544e-01	1.461350590193442600e-01	7.031209268517417399e-02	2.879408561068492328e-02	7.227326216938664838e-02
1.069630994239183110e+03	2.709267281194880361e-01	1.697112780194845183e-01	2.416223507034180318e-01	1.462324757997662261e-01	7.035289109715024691e-02	2.882026529865279810e-02	7.233401096197156210e-02
1.071082325303279504e+03	2.706936698066365610e-01	1.695565805395140013e-01	2.417853378675349496e-01	1.463297184217338398e-01	7.039362196980850084e-02	2.884641129961431835e-02	7.239466009508919997e-02
1.072533656367376352e+03	2.704610065952100517e-01	1.694021454033734220e-01	2.419480419944774474e-01	1.464267872405951298e-01	7.043428541604586368e-02	2.887252362298783903e-02	7.245520972724160680e-02
1.073984987431472746e+03	2.702287378137510632e-01	1.692479721650274604e-01	2.421104635666673499e-01	1.465236826107852719e-01	7.047488154857510512e-02	2.889860227840144319e-02	7.251566001672371531e-02
1.075436318495569594e+03	2.699968627919538955e-01	1.690940603792016050e-01	2.422726030657060547e-01	1.466204048858299469e-01	7.051541047992505862e-02	2.892464727569150906e-02	7.257601112162329060e-02
1.076887649559666215e+03	2.697653808606627623e-01	1.689404096013812084e-01	2.424344609723759758e-01	1.467169544183482832e-01	7.055587232244082962e-02	2.895065862490130495e-02	7.263626319982098567e-02
1.078338980623762609e+03	2.695342913518694594e-01	1.687870193878098501e-01	2.425960377666419865e-01	1.468133315600560762e-01	7.059626718828415637e-02	2.897663633627956328e-02	7.269641640899025814e-02
1.079790311687859230e+03	2.693035935987111440e-01	1.686338892954884761e-01	2.427573339276527520e-01	1.469095366617688692e-01	7.063659518943360416e-02	2.900258042027909627e-02	7.275647090659735639e-02
1.081241642751955851e+03	2.690732869354687806e-01	1.684810188821738719e-01	2.429183499337421170e-01	1.470055700734050341e-01	7.067685643768484294e-02	2.902849088755538043e-02	7.281642684990126402e-02
1.082692973816052472e+03	2.688433706975644211e-01	1.683284077063775530e-01	2.430790862624305770e-01	1.471014321439888806e-01	7.071705104465088321e-02	2.905436774896519303e-02	7.287628439595372765e-02
1.084144304880149093e+03	2.686138442215596500e-01	1.681760553273644876e-01	2.432395433904265825e-01	1.471971232216536252e-01	7.075717912176236746e-02	2.908021101556521049e-02	7.293604370159925687e-02
1.085595635944245487e+03	2.683847068451532536e-01	1.680239613051518754e-01	2.433997217936279822e-01	1.472926436536445005e-01	7.079724078026783385e-02	2.910602069861064831e-02	7.299570492347502715e-02
1.087046967008342108e+03	2.681559579071792210e-01	1.678721252005078990e-01	2.435596219471234114e-01	1.473879937863218359e-01	7.083723613123391050e-02	2.913179680955388373e-02	7.305526821801097692e-02
1.088498298072438729e+03	2.679275967476046350e-01	1.677205465749504187e-01	2.437192443251936236e-01	1.474831739651639440e-01	7.087716528554564854e-02	2.915753936004310959e-02	7.311473374142969661e-02
1.089949629136535123e+03	2.676996227075276180e-01	1.675692249907459463e-01	2.438785894013129618e-01	1.475781845347702848e-01	7.091702835390677195e-02	2.918324836192098121e-02	7.317410164974647024e-02
1.091400960200631971e+03	2.674720351291755560e-01	1.674181600109080348e-01	2.440376576481506632e-01	1.476730258388643802e-01	7.095682544683989956e-02	2.920892382722325639e-02	7.323337209876927545e-02
1.092852291264728365e+03	2.672448333559026001e-01	1.672673511991964179e-01	2.441964495375721911e-01	1.477676982202967282e-01	7.099655667468682263e-02	2.923456576817747704e-02	7.329254524409876959e-02
1.094303622328825213e+03	2.670180167321880016e-01	1.671167981201155672e-01	2.443549655406408172e-01	1.478622020210479115e-01	7.103622214760878240e-02	2.926017419720162646e-02	7.335162124112827586e-02
1.095754953392921607e+03	2.667915846036340577e-01	1.669665003389134428e-01	2.445132061276187874e-01	1.479565375822314288e-01	7.107582197558671988e-02	2.928574912690281098e-02	7.341060024504376946e-02
1.097206284457018228e+03	2.665655363169637804e-01	1.668164574215803553e-01	2.446711717679687093e-01	1.480507052440967475e-01	7.111535626842149793e-02	2.931129057007594158e-02	7.346948241082397468e-02
1.098657615521114849e+03	2.663398712200192309e-01	1.666666689348476615e-01	2.448288629303550235e-01	1.481447053460321350e-01	7.115482513573422041e-02	2.933679853970242238e-02	7.352826789324025392e-02
1.100108946585211470e+03	2.661145886617594658e-01	1.665171344461865710e-01	2.449862800826453357e-01	1.482385382265676566e-01	7.119422868696645423e-02	2.936227304894885662e-02	7.358695684685667704e-02
1.101560277649308091e+03	2.658896879922582057e-01	1.663678535238068690e-01	2.451434236919117216e-01	1.483322042233780058e-01	7.123356703138049306e-02	2.938771411116573515e-02	7.364554942602999366e-02
1.103011608713404712e+03	2.656651685627022808e-01	1.662188257366556954e-01	2.453002942244320861e-01	1.484257036732854751e-01	7.127284027805962097e-02	2.941312173988616663e-02	7.370404578490968861e-02
1.104462939777501106e+03	2.654410297253892992e-01	1.660700506544163235e-01	2.454568921456916353e-01	1.485190369122627585e-01	7.131204853590840387e-02	2.943849594882457649e-02	7.376244607743796811e-02
1.105914270841597499e+03	2.652172708337258711e-01	1.659215278475070221e-01	2.456132179203840693e-01	1.486122042754358663e-01	7.135119191365288382e-02	2.946383675187544057e-02	7.382075045734977359e-02
1.107365601905694348e+03	2.649938912422255544e-01	1.657732568870795287e-01	2.457692720124131369e-01	1.487052060970869838e-01	7.139027051984088434e-02	2.948914416311201880e-02	7.387895907817282337e-02
1.108816932969790741e+03	2.647708903065068009e-01	1.656252373450180782e-01	2.459250548848937734e-01	1.487980427106572745e-01	7.142928446284226018e-02	2.951441819678508882e-02	7.393707209322759877e-02
1.110268264033887590e+03	2.645482673832910137e-01	1.654774687939382649e-01	2.460805670001535717e-01	1.488907144487497947e-01	7.146823385084914715e-02	2.953965886732168658e-02	7.399508965562739959e-02
1.111719595097984211e+03	2.643260218304006592e-01	1.653299508071854607e-01	2.462358088197340866e-01	1.489832216431322132e-01	7.150711879187622577e-02	2.956486618932386776e-02	7.405301191827833029e-02
1.113170926162080832e+03	2.641041530067572696e-01	1.651826829588338708e-01	2.463907808043922509e-01	1.490755646247396149e-01	7.154593939376098499e-02	2.959004017756745528e-02	7.411083903387935545e-02
1.114622257226177226e+03	2.638826602723794990e-01	1.650356648236852575e-01	2.465454834141015683e-01	1.491677437236774151e-01	7.158469576416398583e-02	2.961518084700080419e-02	7.416857115492229979e-02
1.116073588290273847e+03	2.636615429883809592e-01	1.648888959772675800e-01	2.466999171080535846e-01	1.492597592692240516e-01	7.162338801056912507e-02	2.964028821274358738e-02	7.422620843369191757e-02
1.117524919354370468e+03	2.634408005169686096e-01	1.647423759958339673e-01	2.468540823446591925e-01	1.493516115898337326e-01	7.166201624028385730e-02	2.966536229008555001e-02	7.428375102226587867e-02
1.118976250418467089e+03	2.632204322214405368e-01	1.645961044563613584e-01	2.470079795815499357e-01	1.494433010131392958e-01	7.170058056043948636e-02	2.969040309448530909e-02	7.434119907251483805e-02
1.120427581482563710e+03	2.630004374661841782e-01	1.644500809365492811e-01	2.471616092755793692e-01	1.495348278659548447e-01	7.173908107799140121e-02	2.971541064156913922e-02	7.439855273610246345e-02
1.121878912546660331e+03	2.627808156166743792e-01	1.643043050148187689e-01	2.473149718828243915e-01	1.496261924742785243e-01	7.177751789971939522e-02	2.974038494712977210e-02	7.445581216448542150e-02
1.123330243610756725e+03	2.625615660394713946e-01	1.641587762703109743e-01	2.474680678585864657e-01	1.497173951632952971e-01	7.181589113222783261e-02	2.976532602712518918e-02	7.451297750891350269e-02
1.124781574674853118e+03	2.623426881022187795e-01	1.640134942828860298e-01	2.476208976573931742e-01	1.498084362573795791e-01	7.185420088194596766e-02	2.979023389767743862e-02	7.457004892042960742e-02
1.126232905738949967e+03	2.621241811736420013e-01	1.638684586331217996e-01	2.477734617329993283e-01	1.498993160800979885e-01	7.189244725512820844e-02	2.981510857507145909e-02	7.462702654986978767e-02
1.127684236803046360e+03	2.619060446235459416e-01	1.637236689023127412e-01	2.479257605383883289e-01	1.499900349542120370e-01	7.193063035785433879e-02	2.983995007575387937e-02	7.468391054786331640e-02
1.129135567867143209e+03	2.616882778228132866e-01	1.635791246724685732e-01	2.480777945257735817e-01	1.500805932016807676e-01	7.196875029602976814e-02	2.986475841633186995e-02	7.474070106483270137e-02
1.130586898931239830e+03	2.614708801434026397e-01	1.634348255263131655e-01	2.482295641465996905e-01	1.501709911436634182e-01	7.200680717538585074e-02	2.988953361357196345e-02	7.479739825099376849e-02
1.132038229995336451e+03	2.612538509583464119e-01	1.632907710472833174e-01	2.483810698515439008e-01	1.502612291005221701e-01	7.204480110148009375e-02	2.991427568439889925e-02	7.485400225635568949e-02
1.133489561059432845e+03	2.610371896417491566e-01	1.631469608195274534e-01	2.485323120905172378e-01	1.503513073918246734e-01	7.208273217969643487e-02	2.993898464589446820e-02	7.491051323072103751e-02
1.134940892123529466e+03	2.608208955687855712e-01	1.630033944279045133e-01	2.486832913126660050e-01	1.504412263363467395e-01	7.212060051524547821e-02	2.996366051529636768e-02	7.496693132368582868e-02
1.136392223187626087e+03	2.606049681156984432e-01	1.628600714579827302e-01	2.488340079663729498e-01	1.505309862520749498e-01	7.215840621316477188e-02	2.998830330999706015e-02	7.502325668463961927e-02
1.137843554251722708e+03	2.603894066597970958e-01	1.627169914960383545e-01	2.489844624992585964e-01	1.506205874562092650e-01	7.219614937831908552e-02	3.001291304754263520e-02	7.507948946276547797e-02
1.139294885315819101e+03	2.601742105794552784e-01	1.625741541290545433e-01	2.491346553581826329e-01	1.507100302651656620e-01	7.223383011540057685e-02	3.003748974563167848e-02	7.513562980704016625e-02
1.140746216379915950e+03	2.599593792541092241e-01	1.624315589447200836e-01	2.492845869892450494e-01	1.507993149945786315e-01	7.227144852892919413e-02	3.006203342211416843e-02	7.519167786623408289e-02
1.142197547444012343e+03	2.597449120642560949e-01	1.622892055314282544e-01	2.494342578377876374e-01	1.508884419593038984e-01	7.230900472325280104e-02	3.008654409499032442e-02	7.524763378891137500e-02
1.143648878508108737e+03	2.595308083914517616e-01	1.621470934782756057e-01	2.495836683483950991e-01	1.509774114734208639e-01	7.234649880254748200e-02	3.011102178240952776e-02	7.530349772343000736e-02
1.145100209572205586e+03	2.593170676183091383e-01	1.620052223750607090e-01	2.497328189648964081e-01	1.510662238502351873e-01	7.238393087081784749e-02	3.013546650266920451e-02	7.535926981794183188e-02
1.146551540636302207e+03	2.591036891284962396e-01	1.618635918122830197e-01	2.498817101303661969e-01	1.511548794022813114e-01	7.242130103189721446e-02	3.015987827421371531e-02	7.541495022039260143e-02
1.148002871700398828e+03	2.588906723067343485e-01	1.617222013811416559e-01	2.500303422871258396e-01	1.512433784413251270e-01	7.245860938944787000e-02	3.018425711563327632e-02	7.547053907852213639e-02
1.149454202764495449e+03	2.586780165387961850e-01	1.615810506735341767e-01	2.501787158767449504e-01	1.513317212783663046e-01	7.249585604696139052e-02	3.020860304566286986e-02	7.552603653986426913e-02
1.150905533828591842e+03	2.584657212115040736e-01	1.614401392820555003e-01	2.503268313400425216e-01	1.514199082236409588e-01	7.253304110775884994e-02	3.023291608318115498e-02	7.558144275174703830e-02
1.152356864892688463e+03	2.582537857127280012e-01	1.612994667999965992e-01	2.504746891170882561e-01	1.515079395866240630e-01	7.257016467499106949e-02	3.025719624720940581e-02	7.563675786129267498e-02
1.153808195956785084e+03	2.580422094313838399e-01	1.611590328213433621e-01	2.506222896472037887e-01	1.515958156760320030e-01	7.260722685163888135e-02	3.028144355691042219e-02	7.569198201541771365e-02
1.155259527020881706e+03	2.578309917574314603e-01	1.610188369407753173e-01	2.507696333689641288e-01	1.516835367998250195e-01	7.264422774051342013e-02	3.030565803158747837e-02	7.574711536083306163e-02
1.156710858084978327e+03	2.576201320818730101e-01	1.608788787536646336e-01	2.509167207201988270e-01	1.517711032652096781e-01	7.268116744425631714e-02	3.032983969068326485e-02	7.580215804404408231e-02
1.158162189149074720e+03	2.574096297967510272e-01	1.607391578560747880e-01	2.510635521379930846e-01	1.518585153786413400e-01	7.271804606534001958e-02	3.035398855377882676e-02	7.585711021135066456e-02
1.159613520213171569e+03	2.571994842951465521e-01	1.605996738447593997e-01	2.512101280586893082e-01	1.519457734458266596e-01	7.275486370606797093e-02	3.037810464059251606e-02	7.591197200884730600e-02
1.161064851277267962e+03	2.569896949711774070e-01	1.604604263171610645e-01	2.513564489178882200e-01	1.520328777717258883e-01	7.279162046857494406e-02	3.040218797097896455e-02	7.596674358242319625e-02
1.162516182341364356e+03	2.567802612199962531e-01	1.603214148714101894e-01	2.515025151504501899e-01	1.521198286605554839e-01	7.282831645482724936e-02	3.042623856492803272e-02	7.602142507776232794e-02
1.163967513405461204e+03	2.565711824377888139e-01	1.601826391063238264e-01	2.516483271904964014e-01	1.522066264157903859e-01	7.286495176662298456e-02	3.045025644256378269e-02	7.607601664034351063e-02
1.165418844469557826e+03	2.563624580217723214e-01	1.600440986214044514e-01	2.517938854714101837e-01	1.522932713401664584e-01	7.290152650559231229e-02	3.047424162414345133e-02	7.613051841544053733e-02
1.166870175533654447e+03	2.561540873701932397e-01	1.599057930168388264e-01	2.519391904258382886e-01	1.523797637356829882e-01	7.293804077319770984e-02	3.049819413005643715e-02	7.618493054812221221e-02
1.168321506597751068e+03	2.559460698823258218e-01	1.597677218934968058e-01	2.520842424856921671e-01	1.524661039036049326e-01	7.297449467073421903e-02	3.052211398082328025e-02	7.623925318325248945e-02
1.169772837661847461e+03	2.557384049584701669e-01	1.596298848529301428e-01	2.522290420821490242e-01	1.525522921444654179e-01	7.301088829932969593e-02	3.054600119709465281e-02	7.629348646549052870e-02
1.171224168725944082e+03	2.555310919999505548e-01	1.594922814973714353e-01	2.523735896456533734e-01	1.526383287580680426e-01	7.304722175994504685e-02	3.056985579965036670e-02	7.634763053929083387e-02
1.172675499790040703e+03	2.553241304091133923e-01	1.593549114297328206e-01	2.525178856059180910e-01	1.527242140434892093e-01	7.308349515337456137e-02	3.059367780939835357e-02	7.640168554890323926e-02
1.174126830854137097e+03	2.551175195893257142e-01	1.592177742536048102e-01	2.526619303919256931e-01	1.528099482990805669e-01	7.311970858024605113e-02	3.061746724737370029e-02	7.645565163837315936e-02
1.175578161918233945e+03	2.549112589449732402e-01	1.590808695732552347e-01	2.528057244319295571e-01	1.528955318224712590e-01	7.315586214102116902e-02	3.064122413473763587e-02	7.650952895154154720e-02
1.177029492982330339e+03	2.547053478814585992e-01	1.589441969936280508e-01	2.529492681534552534e-01	1.529809649105703384e-01	7.319195593599567284e-02	3.066494849277657045e-02	7.656331763204510255e-02
1.178480824046426733e+03	2.544997858051997186e-01	1.588077561203420640e-01	2.530925619833017670e-01	1.530662478595689879e-01	7.322799006529963350e-02	3.068864034290109261e-02	7.661701782331625799e-02
1.179932155110523581e+03	2.542945721236277712e-01	1.586715465596899854e-01	2.532356063475426633e-01	1.531513809649429625e-01	7.326396462889771255e-02	3.071229970664502915e-02	7.667062966858338713e-02
1.181383486174620202e+03	2.540897062451855093e-01	1.585355679186370159e-01	2.533784016715274201e-01	1.532363645214547820e-01	7.329987972658941198e-02	3.073592660566445631e-02	7.672415331087086010e-02
1.182834817238716823e+03	2.538851875793256552e-01	1.583998198048199024e-01	2.535209483798825381e-01	1.533211988231560352e-01	7.333573545800935178e-02	3.075952106173674913e-02	7.677758889299911294e-02
1.184286148302813444e+03	2.536810155365089581e-01	1.582643018265457169e-01	2.536632468965129283e-01	1.534058841633897663e-01	7.337153192262746426e-02	3.078308309675962390e-02	7.683093655758482798e-02
1.185737479366910065e+03	2.534771895282026399e-01	1.581290135927906348e-01	2.538052976446030229e-01	1.534904208347925569e-01	7.340726921974929930e-02	3.080661273275018056e-02	7.688419644704097555e-02
1.187188810431006686e+03	2.532737089668781749e-01	1.579939547131988531e-01	2.539471010466179957e-01	1.535748091292969963e-01	7.344294744851624646e-02	3.083010999184397291e-02	7.693736870357696656e-02
1.188640141495103080e+03	2.530705732660102347e-01	1.578591247980814238e-01	2.540886575243052059e-01	1.536590493381338185e-01	7.347856670790577083e-02	3.085357489629405106e-02	7.699045346919869415e-02
1.190091472559199701e+03	2.528677818400743571e-01	1.577245234584151445e-01	2.542299674986950309e-01	1.537431417518341781e-01	7.351412709673171841e-02	3.087700746847003505e-02	7.704345088570874189e-02
1.191542803623296322e+03	2.526653341045453915e-01	1.575901503058413367e-01	2.543710313901024755e-01	1.538270866602318432e-01	7.354962871364452426e-02	3.090040773085719200e-02	7.709636109470642540e-02
1.192994134687392716e+03	2.524632294758959450e-01	1.574560049526648187e-01	2.545118496181281165e-01	1.539108843524654713e-01	7.358507165713146225e-02	3.092377570605548895e-02	7.714918423758790333e-02
1.194445465751489564e+03	2.522614673715942724e-01	1.573220870118526293e-01	2.546524226016594894e-01	1.539945351169808574e-01	7.362045602551690882e-02	3.094711141677869426e-02	7.720192045554634397e-02
1.195896796815585958e+03	2.520600472101028888e-01	1.571883960970329175e-01	2.547927507588722551e-01	1.540780392415330990e-01	7.365578191696259269e-02	3.097041488585344782e-02	7.725456988957198068e-02
1.197348127879682352e+03	2.518589684108765714e-01	1.570549318224939150e-01	2.549328345072313651e-01	1.541613970131886779e-01	7.369104942946784476e-02	3.099368613621836938e-02	7.730713268045229236e-02
1.198799458943779200e+03	2.516582303943609711e-01	1.569216938031827435e-01	2.550726742634924493e-01	1.542446087183279302e-01	7.372625866086983393e-02	3.101692519092312875e-02	7.735960896877201731e-02
1.200250790007875821e+03	2.514578325819904481e-01	1.567886816547041373e-01	2.552122704437026490e-01	1.543276746426469892e-01	7.376140970884384473e-02	3.104013207312756456e-02	7.741199889491338915e-02
1.201702121071972442e+03	2.512577743961866839e-01	1.566558949933195000e-01	2.553516234632022264e-01	1.544105950711600617e-01	7.379650267090351323e-02	3.106330680610078221e-02	7.746430259905620619e-02
1.203153452136069063e+03	2.510580552603567939e-01	1.565233334359457662e-01	2.554907337366256193e-01	1.544933702882015647e-01	7.383153764440102129e-02	3.108644941322025873e-02	7.751652022117792862e-02
1.204604783200165684e+03	2.508586745988917732e-01	1.563909966001540974e-01	2.556296016779026070e-01	1.545760005774282353e-01	7.386651472652745742e-02	3.110955991797096851e-02	7.756865190105383112e-02
1.206056114264262078e+03	2.506596318371645538e-01	1.562588841041689658e-01	2.557682277002594207e-01	1.546584862218213507e-01	7.390143401431296943e-02	3.113263834394449162e-02	7.762069777825712780e-02
1.207507445328358699e+03	2.504609264015285608e-01	1.561269955668668497e-01	2.559066122162202417e-01	1.547408275036888936e-01	7.393629560462704198e-02	3.115568471483814300e-02	7.767265799215908317e-02
1.208958776392455093e+03	2.502625577193158257e-01	1.559953306077752622e-01	2.560447556376080902e-01	1.548230247046675778e-01	7.397109959417878799e-02	3.117869905445409817e-02	7.772453268192915099e-02
1.210410107456551941e+03	2.500645252188353207e-01	1.558638888470715578e-01	2.561826583755461573e-01	1.549050781057249859e-01	7.400584607951710137e-02	3.120168138669852931e-02	7.777632198653505746e-02
1.211861438520648335e+03	2.498668283293712933e-01	1.557326699055817665e-01	2.563203208404591926e-01	1.549869879871617617e-01	7.404053515703098998e-02	3.122463173558074137e-02	7.782802604474302333e-02
1.213312769584745183e+03	2.496694664811815179e-01	1.556016734047795114e-01	2.564577434420741153e-01	1.550687546286136365e-01	7.407516692294979777e-02	3.124755012521232209e-02	7.787964499511779159e-02
1.214764100648841804e+03	2.494724391054956858e-01	1.554708989667849817e-01	2.565949265894219011e-01	1.551503783090535382e-01	7.410974147334342677e-02	3.127043657980627805e-02	7.793117897602283572e-02
1.216215431712937971e+03	2.492757456345137401e-01	1.553403462143636837e-01	2.567318706908383041e-01	1.552318593067937291e-01	7.414425890412261466e-02	3.129329112367618820e-02	7.798262812562041513e-02
1.217666762777034819e+03	2.490793855014040159e-01	1.552100147709254419e-01	2.568685761539651335e-01	1.553131978994878037e-01	7.417871931103917071e-02	3.131611378123536765e-02	7.803399258187176946e-02
1.219118093841131440e+03	2.488833581403017414e-01	1.550799042605230937e-01	2.570050433857515304e-01	1.553943943641327985e-01	7.421312278968621168e-02	3.133890457699602811e-02	7.808527248253724351e-02
1.220569424905228061e+03	2.486876629863072341e-01	1.549500143078517134e-01	2.571412727924551889e-01	1.554754489770713011e-01	7.424746943549842548e-02	3.136166353556844866e-02	7.813646796517637050e-02
1.222020755969324682e+03	2.484922994754842629e-01	1.548203445382471399e-01	2.572772647796433554e-01	1.555563620139933656e-01	7.428175934375230716e-02	3.138439068166012924e-02	7.818757916714812184e-02
1.223472087033421303e+03	2.482972670448584940e-01	1.546908945776851174e-01	2.574130197521941055e-01	1.556371337499386498e-01	7.431599260956638087e-02	3.140708604007497878e-02	7.823860622561087941e-02
1.224923418097517697e+03	2.481025651324156589e-01	1.545616640527801011e-01	2.575485381142975649e-01	1.557177644592984966e-01	7.435016932790150523e-02	3.142974963571249641e-02	7.828954927752274084e-02
1.226374749161614318e+03	2.479081931770999725e-01	1.544326525907842307e-01	2.576838202694569646e-01	1.557982544158178495e-01	7.438428959356108150e-02	3.145238149356693880e-02	7.834040845964151956e-02
1.227826080225710712e+03	2.477141506188124120e-01	1.543038598195860256e-01	2.578188666204898616e-01	1.558786038925973616e-01	7.441835350119127557e-02	3.147498163872654298e-02	7.839118390852498064e-02
1.229277411289807560e+03	2.475204368984091352e-01	1.541752853677095803e-01	2.579536775695295270e-01	1.559588131620953666e-01	7.445236114528129556e-02	3.149755009637267983e-02	7.844187576053093802e-02
1.230728742353903954e+03	2.473270514576997592e-01	1.540469288643132040e-01	2.580882535180255566e-01	1.560388824961298770e-01	7.448631262016362775e-02	3.152008689177906997e-02	7.849248415181739325e-02
1.232180073418000802e+03	2.471339937394458064e-01	1.539187899391885050e-01	2.582225948667455917e-01	1.561188121658805272e-01	7.452020802001430022e-02	3.154259205031099966e-02	7.854300921834272975e-02
1.233631404482097196e+03	2.469412631873588726e-01	1.537908682227592250e-01	2.583567020157762073e-01	1.561986024418907382e-01	7.455404743885306329e-02	3.156506559742449508e-02	7.859345109586575451e-02
1.235082735546193817e+03	2.467488592460992114e-01	1.536631633460801005e-01	2.584905753645242998e-01	1.562782535940695217e-01	7.458783097054369482e-02	3.158750755866556598e-02	7.864380991994593395e-02
1.236534066610290438e+03	2.465567813612738468e-01	1.535356749408358923e-01	2.586242153117179199e-01	1.563577658916934787e-01	7.462155870879423614e-02	3.160991795966939383e-02	7.869408582594354662e-02
1.237985397674387059e+03	2.463650289794352133e-01	1.534084026393402744e-01	2.587576222554075489e-01	1.564371396034087702e-01	7.465523074715718632e-02	3.163229682615956856e-02	7.874427894901975256e-02
1.239436728738483680e+03	2.461736015480792128e-01	1.532813460745346135e-01	2.588907965929674315e-01	1.565163749972331431e-01	7.468884717902983528e-02	3.165464418394731139e-02	7.879438942413677371e-02
1.240888059802580301e+03	2.459824985156437993e-01	1.531545048799869690e-01	2.590237387210965747e-01	1.565954723405578175e-01	7.472240809765440250e-02	3.167696005893067684e-02	7.884441738605807437e-02
1.242339390866676695e+03	2.457917193315072579e-01	1.530278786898911503e-01	2.591564490358198025e-01	1.566744319001494301e-01	7.475591359611834241e-02	3.169924447709383114e-02	7.889436296934848603e-02
1.243790721930773088e+03	2.456012634459866228e-01	1.529014671390653557e-01	2.592889279324891993e-01	1.567532539421519489e-01	7.478936376735459413e-02	3.172149746450625418e-02	7.894422630837433230e-02
1.245242052994869937e+03	2.454111303103360120e-01	1.527752698629513961e-01	2.594211758057848871e-01	1.568319387320885883e-01	7.482275870414177577e-02	3.174371904732198324e-02	7.899400753730365099e-02
1.246693384058966330e+03	2.452213193767451005e-01	1.526492864976133623e-01	2.595531930497165241e-01	1.569104865348638078e-01	7.485609849910444813e-02	3.176590925177887048e-02	7.904370679010626344e-02
1.248144715123063179e+03	2.450318300983372610e-01	1.525235166797366537e-01	2.596849800576241374e-01	1.569888976147651438e-01	7.488938324471337837e-02	3.178806810419781970e-02	7.909332420055398272e-02
1.249596046187159800e+03	2.448426619291682316e-01	1.523979600466269790e-01	2.598165372221795111e-01	1.570671722354650690e-01	7.492261303328573430e-02	3.181019563098205771e-02	7.914285990222075240e-02
1.251047377251256421e+03	2.446538143242243390e-01	1.522726162362091906e-01	2.599478649353872406e-01	1.571453106600230187e-01	7.495578795698538965e-02	3.183229185861635724e-02	7.919231402848279922e-02
1.252498708315352815e+03	2.444652867394209728e-01	1.521474848870262575e-01	2.600789635885857320e-01	1.572233131508872228e-01	7.498890810782309069e-02	3.185435681366634297e-02	7.924168671251878571e-02
1.253950039379449436e+03	2.442770786316008913e-01	1.520225656382381552e-01	2.602098335724484790e-01	1.573011799698964819e-01	7.502197357765673369e-02	3.187639052277771445e-02	7.929097808730996289e-02
1.255401370443546057e+03	2.440891894585326960e-01	1.518978581296208663e-01	2.603404752769852837e-01	1.573789113782821381e-01	7.505498445819161479e-02	3.189839301267555216e-02	7.934018828564035064e-02
1.256852701507642678e+03	2.439016186789091656e-01	1.517733620015652152e-01	2.604708890915430897e-01	1.574565076366699068e-01	7.508794084098066590e-02	3.192036431016356812e-02	7.938931744009687652e-02
1.258304032571739299e+03	2.437143657523457019e-01	1.516490768950759238e-01	2.606010754048074807e-01	1.575339690050817643e-01	7.512084281742466285e-02	3.194230444212338427e-02	7.943836568306951451e-02
1.259755363635835920e+03	2.435274301393787477e-01	1.515250024517704741e-01	2.607310346048035687e-01	1.576112957429377515e-01	7.515369047877248909e-02	3.196421343551383160e-02	7.948733314675150707e-02
1.261206694699932314e+03	2.433408113014641494e-01	1.514011383138780809e-01	2.608607670788971045e-01	1.576884881090579171e-01	7.518648391612138548e-02	3.198609131737020772e-02	7.953621996313947617e-02
1.262658025764028707e+03	2.431545087009756301e-01	1.512774841242386370e-01	2.609902732137957537e-01	1.577655463616639553e-01	7.521922322041717235e-02	3.200793811480359685e-02	7.958502626403358982e-02
1.264109356828125556e+03	2.429685218012030967e-01	1.511540395263016034e-01	2.611195533955500969e-01	1.578424707583811759e-01	7.525190848245448538e-02	3.202975385500014815e-02	7.963375218103771469e-02
1.265560687892221949e+03	2.427828500663511413e-01	1.510308041641251209e-01	2.612486080095547392e-01	1.579192615562403090e-01	7.528453979287701159e-02	3.205153856522036104e-02	7.968239784555963823e-02
1.267012018956318798e+03	2.425974929615374587e-01	1.509077776823747052e-01	2.613774374405495871e-01	1.579959190116793089e-01	7.531711724217772519e-02	3.207329227279841211e-02	7.973096338881115186e-02
1.268463350020415419e+03	2.424124499527912924e-01	1.507849597263223873e-01	2.615060420726206813e-01	1.580724433805451024e-01	7.534964092069916519e-02	3.209501500514144734e-02	7.977944894180828694e-02
1.269914681084511813e+03	2.422277205070517414e-01	1.506623499418456025e-01	2.616344222892015847e-01	1.581488349180954767e-01	7.538211091863360191e-02	3.211670678972889520e-02	7.982785463537139803e-02
1.271366012148608434e+03	2.420433040921663170e-01	1.505399479754261916e-01	2.617625784730743810e-01	1.582250938790008277e-01	7.541452732602332842e-02	3.213836765411177271e-02	7.987618060012542653e-02
1.272817343212705055e+03	2.418592001768893607e-01	1.504177534741492905e-01	2.618905110063708408e-01	1.583012205173458531e-01	7.544689023276088258e-02	3.215999762591200545e-02	7.992442696650001177e-02
1.274268674276801676e+03	2.416754082308803508e-01	1.502957660857023314e-01	2.620182202705732544e-01	1.583772150866314954e-01	7.547919972858929683e-02	3.218159673282174754e-02	7.997259386472964360e-02
1.275720005340898297e+03	2.414919277247025153e-01	1.501739854583740152e-01	2.621457066465160968e-01	1.584530778397766071e-01	7.551145590310226474e-02	3.220316500260271553e-02	8.002068142485387059e-02
1.277171336404994690e+03	2.413087581298211381e-01	1.500524112410532018e-01	2.622729705143865275e-01	1.585288090291197549e-01	7.554365884574448797e-02	3.222470246308550140e-02	8.006868977671745269e-02
1.278622667469091539e+03	2.411258989186020885e-01	1.499310430832279384e-01	2.624000122537258339e-01	1.586044089064208851e-01	7.557580864581182889e-02	3.224620914216892037e-02	8.011661904997051387e-02
1.280073998533187932e+03	2.409433495643101830e-01	1.498098806349843770e-01	2.625268322434305968e-01	1.586798777228631829e-01	7.560790539245154651e-02	3.226768506781933776e-02	8.016446937406875028e-02
1.281525329597284326e+03	2.407611095411077151e-01	1.496889235470058310e-01	2.626534308617534119e-01	1.587552157290547938e-01	7.563994917466260182e-02	3.228913026806999598e-02	8.021224087827356908e-02
1.282976660661381175e+03	2.405791783240529280e-01	1.495681714705716647e-01	2.627798084863043893e-01	1.588304231750304329e-01	7.567194008129579652e-02	3.231054477102038996e-02	8.025993369165228264e-02
1.284427991725477568e+03	2.403975553890982664e-01	1.494476240575562942e-01	2.629059654940519852e-01	1.589055003102533281e-01	7.570387820105409227e-02	3.233192860483558723e-02	8.030754794307826128e-02
1.285879322789574417e+03	2.402162402130891272e-01	1.493272809604281326e-01	2.630319022613242796e-01	1.589804473836167742e-01	7.573576362249280491e-02	3.235328179774558943e-02	8.035508376123112750e-02
1.287330653853671038e+03	2.400352322737621114e-01	1.492071418322485077e-01	2.631576191638098638e-01	1.590552646434458817e-01	7.576759643401982658e-02	3.237460437804467323e-02	8.040254127459689482e-02
1.288781984917767431e+03	2.398545310497435246e-01	1.490872063266708292e-01	2.632831165765592285e-01	1.591299523374993252e-01	7.579937672389586156e-02	3.239589637409077266e-02	8.044992061146820361e-02
1.290233315981864052e+03	2.396741360205479066e-01	1.489674740979393952e-01	2.634083948739854852e-01	1.592045107129709813e-01	7.583110458023470390e-02	3.241715781430482002e-02	8.049722189994441834e-02
