1.001418434226643626e+03	2.823019120217817313e-01	1.773994563537244495e-01	2.336375257254067472e-01	1.414354977781603906e-01	6.833902714386771993e-02	2.754217315328304216e-02	6.934440782370865364e-02
1.003837319333471214e+03	2.818817359070163731e-01	1.771201594424006709e-01	2.339322068251747377e-01	1.416117109645527727e-01	6.841233375478804335e-02	2.758839242627238869e-02	6.945346067972775483e-02
1.006256204440298802e+03	2.814627461514190299e-01	1.768416513564746440e-01	2.342260369320497693e-01	1.417873929809936040e-01	6.848543836794895867e-02	2.763451760291203013e-02	6.956221660813470542e-02
1.008675089547126618e+03	2.810449393942709428e-01	1.765639298629254894e-01	2.345190184609733663e-01	1.419625456791283324e-01	6.855834154315133822e-02	2.768054867476315781e-02	6.967067638472018709e-02
1.011093974653954206e+03	2.806283122845399935e-01	1.762869927350213806e-01	2.348111538200433612e-01	1.421371709023610264e-01	6.863104383870291536e-02	2.772648563557928228e-02	6.977884078368493115e-02
1.013512859760782021e+03	2.802128614808483409e-01	1.760108377523049161e-01	2.351024454105336003e-01	1.423112704859035016e-01	6.870354581142129602e-02	2.777232848128292214e-02	6.988671057763827521e-02
1.015931744867609382e+03	2.797985836514404467e-01	1.757354627005785763e-01	2.353928956269135397e-01	1.424848462568240604e-01	6.877584801663702563e-02	2.781807720994246280e-02	6.999428653759674768e-02
1.018350629974437197e+03	2.793854754741509350e-01	1.754608653718896794e-01	2.356825068568677295e-01	1.426579000340958414e-01	6.884795100819669778e-02	2.786373182174923038e-02	7.010156943298274934e-02
1.020769515081264785e+03	2.789735336363730611e-01	1.751870435645156709e-01	2.359712814813153259e-01	1.428304336286448373e-01	6.891985533846600731e-02	2.790929231899475643e-02	7.020856003162323500e-02
1.023188400188092373e+03	2.785627548350274596e-01	1.749139950829489976e-01	2.362592218744293260e-01	1.430024488433974394e-01	6.899156155833288673e-02	2.795475870604823693e-02	7.031525909974849220e-02
1.025607285294920075e+03	2.781531357765307799e-01	1.746417177378822294e-01	2.365463304036561631e-01	1.431739474733279283e-01	6.906307021721058703e-02	2.800013098933419597e-02	7.042166740199098940e-02
1.028026170401747549e+03	2.777446731767649890e-01	1.743702093461927116e-01	2.368326094297347195e-01	1.433449313055051577e-01	6.913438186304081412e-02	2.804540917731030217e-02	7.052778570138423797e-02
1.030445055508575479e+03	2.773373637610463960e-01	1.740994677309274097e-01	2.371180613067156717e-01	1.435154021191393237e-01	6.920549704229687904e-02	2.809059328044544515e-02	7.063361475936175138e-02
1.032863940615402726e+03	2.769312042640955096e-01	1.738294907212878104e-01	2.374026883819806977e-01	1.436853616856280935e-01	6.927641629998677886e-02	2.813568331119792668e-02	7.073915533575600434e-02
1.035282825722230655e+03	2.765261914300066737e-01	1.735602761526142679e-01	2.376864929962614614e-01	1.438548117686025696e-01	6.934714017965644406e-02	2.818067928399389105e-02	7.084440818879754465e-02
1.037701710829058356e+03	2.761223220122178135e-01	1.732918218663708487e-01	2.379694774836586535e-01	1.440237541239727803e-01	6.941766922339281942e-02	2.822558121520590824e-02	7.094937407511403560e-02
1.040120595935886058e+03	2.757195927734809038e-01	1.730241257101297614e-01	2.382516441716609201e-01	1.441921904999729498e-01	6.948800397182705590e-02	2.827038912313176861e-02	7.105405374972947885e-02
1.042539481042713533e+03	2.753180004858321595e-01	1.727571855375558962e-01	2.385329953811639869e-01	1.443601226372063229e-01	6.955814496413773029e-02	2.831510302797344072e-02	7.115844796606334011e-02
1.044958366149541234e+03	2.749175419305625034e-01	1.724909992083912547e-01	2.388135334264892273e-01	1.445275522686897407e-01	6.962809273805396770e-02	2.835972295181622346e-02	7.126255747592991074e-02
1.047377251256368709e+03	2.745182138981885900e-01	1.722255645884393782e-01	2.390932606154027307e-01	1.446944811198979386e-01	6.969784782985863347e-02	2.840424891860806114e-02	7.136638302953760005e-02
1.049796136363196410e+03	2.741200131884233837e-01	1.719608795495496389e-01	2.393721792491337597e-01	1.448609109088072888e-01	6.976741077439159444e-02	2.844868095413906339e-02	7.146992537548822744e-02
1.052215021470024112e+03	2.737229366101475159e-01	1.716969419696017518e-01	2.396502916223936797e-01	1.450268433459395157e-01	6.983678210505284145e-02	2.849301908602117420e-02	7.157318526077653675e-02
1.054633906576851814e+03	2.733269809813804185e-01	1.714337497324899262e-01	2.399276000233944439e-01	1.451922801344048553e-01	6.990596235380580614e-02	2.853726334366803521e-02	7.167616343078962726e-02
1.057052791683679516e+03	2.729321431292518474e-01	1.711713007281071564e-01	2.402041067338671343e-01	1.453572229699450769e-01	6.997495205118041406e-02	2.858141375827502259e-02	7.177886062930648181e-02
1.059471676790506763e+03	2.725384198899735155e-01	1.709095928523295949e-01	2.404798140290806130e-01	1.455216735409760598e-01	7.004375172627645696e-02	2.862547036279944682e-02	7.188127759849752274e-02
1.061890561897334692e+03	2.721458081088108383e-01	1.706486240070006488e-01	2.407547241778598412e-01	1.456856335286300375e-01	7.011236190676674307e-02	2.866943319194092954e-02	7.198341507892423718e-02
1.064309447004162394e+03	2.717543046400547890e-01	1.703883920999152424e-01	2.410288394426043090e-01	1.458491046067977304e-01	7.018078311890033061e-02	2.871330228212195385e-02	7.208527380953889951e-02
1.066728332110990095e+03	2.713639063469941992e-01	1.701288950448040793e-01	2.413021620793064925e-01	1.460120884421700072e-01	7.024901588750577519e-02	2.875707767146858107e-02	7.218685452768419664e-02
1.069147217217817570e+03	2.709746101018877806e-01	1.698701307613177669e-01	2.415746943375698674e-01	1.461745866942791572e-01	7.031706073599437723e-02	2.880075939979133762e-02	7.228815796909303371e-02
1.071566102324645271e+03	2.705864127859368140e-01	1.696120971750109674e-01	2.418464384606273943e-01	1.463366010155402464e-01	7.038491818636337383e-02	2.884434750856624749e-02	7.238918486788836759e-02
1.073984987431472746e+03	2.701993112892573934e-01	1.693547922173265496e-01	2.421173966853595316e-01	1.464981330512916124e-01	7.045258875919922781e-02	2.888784204091607646e-02	7.248993595658304034e-02
1.076403872538300675e+03	2.698133025108532812e-01	1.690982138255798517e-01	2.423875712423125273e-01	1.466591844398355549e-01	7.052007297368086125e-02	2.893124304159168728e-02	7.259041196607968205e-02
1.078822757645127922e+03	2.694283833585887633e-01	1.688423599429427768e-01	2.426569643557162925e-01	1.468197568124784969e-01	7.058737134758287513e-02	2.897455055695359258e-02	7.269061362567064144e-02
1.081241642751955851e+03	2.690445507491616706e-01	1.685872285184278618e-01	2.429255782435024991e-01	1.469798517935708981e-01	7.065448439727883834e-02	2.901776463495365360e-02	7.279054166303802753e-02
1.083660527858783553e+03	2.686618016080762339e-01	1.683328175068725951e-01	2.431934151173225644e-01	1.471394710005468343e-01	7.072141263774454900e-02	2.906088532511694189e-02	7.289019680425373737e-02
1.086079412965611255e+03	2.682801328696166610e-01	1.680791248689234296e-01	2.434604771825654712e-01	1.472986160439634928e-01	7.078815658256119858e-02	2.910391267852376410e-02	7.298957977377948381e-02
1.088498298072438729e+03	2.678995414768201577e-01	1.678261485710200729e-01	2.437267666383757247e-01	1.474572885275400314e-01	7.085471674391874419e-02	2.914684674779182902e-02	7.308869129446697588e-02
1.090917183179266431e+03	2.675200243814507828e-01	1.675738865853795001e-01	2.439922856776710336e-01	1.476154900481964904e-01	7.092109363261910049e-02	2.918968758705859506e-02	7.318753208755805761e-02
1.093336068286093905e+03	2.671415785439729129e-01	1.673223368899802166e-01	2.442570364871600730e-01	1.477732221960922077e-01	7.098728775807940095e-02	2.923243525196373913e-02	7.328610287268497170e-02
1.095754953392921607e+03	2.667642009335250419e-01	1.670714974685464371e-01	2.445210212473603040e-01	1.479304865546641479e-01	7.105329962833527302e-02	2.927508979963182670e-02	7.338440436787052601e-02
1.098173838499749309e+03	2.663878885278935238e-01	1.668213663105322653e-01	2.447842421326154039e-01	1.480872847006647897e-01	7.111912975004408555e-02	2.931765128865507566e-02	7.348243728952846832e-02
1.100592723606577010e+03	2.660126383134866490e-01	1.665719414111058450e-01	2.450467013111130299e-01	1.482436182041997619e-01	7.118477862848821003e-02	2.936011977907632478e-02	7.358020235246376384e-02
1.103011608713404712e+03	2.656384472853088874e-01	1.663232207711336785e-01	2.453084009449022218e-01	1.483994886287653692e-01	7.125024676757828190e-02	2.940249533237211318e-02	7.367770026987302545e-02
1.105430493820231959e+03	2.652653124469350199e-01	1.660752023971648061e-01	2.455693431899109713e-01	1.485548975312855902e-01	7.131553466985646184e-02	2.944477801143592990e-02	7.377493175334487452e-02
1.107849378927059888e+03	2.648932308104843814e-01	1.658278843014149295e-01	2.458295301959636248e-01	1.487098464621491034e-01	7.138064283649966923e-02	2.948696788056160215e-02	7.387189751286041273e-02
1.110268264033887590e+03	2.645221993965953811e-01	1.655812645017509244e-01	2.460889641067981748e-01	1.488643369652457582e-01	7.144557176732291293e-02	2.952906500542683624e-02	7.396859825679376332e-02
1.112687149140715292e+03	2.641522152344003005e-01	1.653353410216748809e-01	2.463476470600837465e-01	1.490183705780030454e-01	7.151032196078244141e-02	2.957106945307689042e-02	7.406503469191252909e-02
1.115106034247542766e+03	2.637832753614995362e-01	1.650901118903085329e-01	2.466055811874376669e-01	1.491719488314221798e-01	7.157489391397908740e-02	2.961298129190841066e-02	7.416120752337843069e-02
1.117524919354370468e+03	2.634153768239367310e-01	1.648455751423776039e-01	2.468627686144428957e-01	1.493250732501138767e-01	7.163928812266152912e-02	2.965480059165339494e-02	7.425711745474783410e-02
1.119943804461197942e+03	2.630485166761735716e-01	1.646017288181960414e-01	2.471192114606650669e-01	1.494777453523339628e-01	7.170350508122942668e-02	2.969652742336329268e-02	7.435276518797249989e-02
1.122362689568025871e+03	2.626826919810646976e-01	1.643585709636504466e-01	2.473749118396696700e-01	1.496299666500187364e-01	7.176754528273684985e-02	2.973816185939328130e-02	7.444815142340019398e-02
1.124781574674853118e+03	2.623178998098328885e-01	1.641160996301844477e-01	2.476298718590390913e-01	1.497817386488200508e-01	7.183140921889538677e-02	2.977970397338662242e-02	7.454327685977542306e-02
1.127200459781681047e+03	2.619541372420441383e-01	1.638743128747831290e-01	2.478840936203896006e-01	1.499330628481401195e-01	7.189509738007746065e-02	2.982115384025921245e-02	7.463814219424019791e-02
1.129619344888508749e+03	2.615914013655831760e-01	1.636332087599574325e-01	2.481375792193883933e-01	1.500839407411661552e-01	7.195861025531959110e-02	2.986251153618424067e-02	7.473274812233482445e-02
1.132038229995336451e+03	2.612296892766286516e-01	1.633927853537286423e-01	2.483903307457704657e-01	1.502343738149047037e-01	7.202194833232559990e-02	2.990377713857698266e-02	7.482709533799870860e-02
1.134457115102163925e+03	2.608689980796287666e-01	1.631530407296129248e-01	2.486423502833555454e-01	1.503843635502156995e-01	7.208511209746988613e-02	2.994495072607974984e-02	7.492118453357123065e-02
1.136876000208991627e+03	2.605093248872767386e-01	1.629139729666057024e-01	2.488936399100647734e-01	1.505339114218464114e-01	7.214810203580063197e-02	2.998603237854694653e-02	7.501501639979264724e-02
1.139294885315819101e+03	2.601506668204864869e-01	1.626755801491663600e-01	2.491442016979376894e-01	1.506830188984649987e-01	7.221091863104310560e-02	3.002702217703027282e-02	7.510859162580500736e-02
1.141713770422646803e+03	2.597930210083685965e-01	1.624378603672026189e-01	2.493940377131487751e-01	1.508316874426939846e-01	7.227356236560283920e-02	3.006792020376405916e-02	7.520191089915312377e-02
1.144132655529474505e+03	2.594363845882059483e-01	1.622008117160554652e-01	2.496431500160241346e-01	1.509799185111433129e-01	7.233603372056890413e-02	3.010872654215073288e-02	7.529497490578553054e-02
1.146551540636302207e+03	2.590807547054298499e-01	1.619644322964834127e-01	2.498915406610582313e-01	1.511277135544434325e-01	7.239833317571714444e-02	3.014944127674639915e-02	7.538778433005556556e-02
1.148970425743129908e+03	2.587261285135960542e-01	1.617287202146474034e-01	2.501392116969304302e-01	1.512750740172778274e-01	7.246046120951338265e-02	3.019006449324657809e-02	7.548033985472239749e-02
1.151389310849957155e+03	2.583725031743607792e-01	1.614936735820954594e-01	2.503861651665215127e-01	1.514220013384155739e-01	7.252241829911665327e-02	3.023059627847204250e-02	7.557264216095209430e-02
1.153808195956785084e+03	2.580198758574571705e-01	1.612592905157472778e-01	2.506324031069300795e-01	1.515684969507435642e-01	7.258420492038242244e-02	3.027103672035479781e-02	7.566469192831877522e-02
1.156227081063612786e+03	2.576682437406713766e-01	1.610255691378791876e-01	2.508779275494891214e-01	1.517145622812986205e-01	7.264582154786584922e-02	3.031138590792418000e-02	7.575648983480577636e-02
1.158645966170440488e+03	2.573176040098190676e-01	1.607925075761088285e-01	2.511227405197823392e-01	1.518601987512990803e-01	7.270726865482499135e-02	3.035164393129307497e-02	7.584803655680676104e-02
1.161064851277267962e+03	2.569679538587219536e-01	1.605601039633799687e-01	2.513668440376605195e-01	1.520054077761765765e-01	7.276854671322395551e-02	3.039181088164427322e-02	7.593933276912701036e-02
1.163483736384095664e+03	2.566192904891842486e-01	1.603283564379473780e-01	2.516102401172575775e-01	1.521501907656072905e-01	7.282965619373618638e-02	3.043188685121693549e-02	7.603037914498461669e-02
1.165902621490923138e+03	2.562716111109694661e-01	1.600972631433617566e-01	2.518529307670073214e-01	1.522945491235431215e-01	7.289059756574767235e-02	3.047187193329318339e-02	7.612117635601178822e-02
1.168321506597751068e+03	2.559249129417771051e-01	1.598668222284545526e-01	2.520949179896590508e-01	1.524384842482426061e-01	7.295137129736006809e-02	3.051176622218480794e-02	7.621172507225608406e-02
1.170740391704578315e+03	2.555791932072193351e-01	1.596370318473230576e-01	2.523362037822942661e-01	1.525819975323016164e-01	7.301197785539403906e-02	3.055156981322010995e-02	7.630202596218182975e-02
1.173159276811406244e+03	2.552344491407982363e-01	1.594078901593153630e-01	2.525767901363422108e-01	1.527250903626839185e-01	7.307241770539231462e-02	3.059128280273083408e-02	7.639207969267139409e-02
1.175578161918233945e+03	2.548906779838824299e-01	1.591793953290152608e-01	2.528166790375964146e-01	1.528677641207513982e-01	7.313269131162294934e-02	3.063090528803924170e-02	7.648188692902661845e-02
1.177997047025061647e+03	2.545478769856843182e-01	1.589515455262274779e-01	2.530558724662304027e-01	1.530100201822941208e-01	7.319279913708254259e-02	3.067043736744529819e-02	7.657144833497017689e-02
1.180415932131889122e+03	2.542060434032372696e-01	1.587243389259626880e-01	2.532943723968137939e-01	1.531518599175603068e-01	7.325274164349934725e-02	3.070987914021396439e-02	7.666076457264708877e-02
1.182834817238716823e+03	2.538651745013725813e-01	1.584977737084226068e-01	2.535321807983281217e-01	1.532932846912858638e-01	7.331251929133653089e-02	3.074923070656259902e-02	7.674983630262610657e-02
1.185253702345544298e+03	2.535252675526972199e-01	1.582718480589853371e-01	2.537692996341828211e-01	1.534342958627240017e-01	7.337213253979531224e-02	3.078849216764849989e-02	7.683866418390124242e-02
1.187672587452371999e+03	2.531863198375708390e-01	1.580465601681903809e-01	2.540057308622309384e-01	1.535748947856743485e-01	7.343158184681812528e-02	3.082766362555654227e-02	7.692724887389328081e-02
1.190091472559199701e+03	2.528483286440834088e-01	1.578219082317239841e-01	2.542414764347849521e-01	1.537150828085120935e-01	7.349086766909181112e-02	3.086674518328690747e-02	7.701559102845129123e-02
1.192510357666027403e+03	2.525112912680326227e-01	1.575978904504043987e-01	2.544765382986325930e-01	1.538548612742168809e-01	7.354999046205080993e-02	3.090573694474296751e-02	7.710369130185423803e-02
1.194929242772855105e+03	2.521752050129016376e-01	1.573745050301671722e-01	2.547109183950523881e-01	1.539942315204013978e-01	7.360895067988022789e-02	3.094463901471924266e-02	7.719155034681252081e-02
1.197348127879682352e+03	2.518400671898366472e-01	1.571517501820506035e-01	2.549446186598293695e-01	1.541331948793398521e-01	7.366774877551912626e-02	3.098345149888947700e-02	7.727916881446961206e-02
1.199767012986510281e+03	2.515058751176247887e-01	1.569296241221809773e-01	2.551776410232705072e-01	1.542717526779962822e-01	7.372638520066353285e-02	3.102217450379483876e-02	7.736654735440369468e-02
1.202185898093337983e+03	2.511726261226717716e-01	1.567081250717581586e-01	2.554099874102207512e-01	1.544099062380526743e-01	7.378486040576974492e-02	3.106080813683219366e-02	7.745368661462932736e-02
1.204604783200165684e+03	2.508403175389799511e-01	1.564872512570409657e-01	2.556416597400779644e-01	1.545476568759367730e-01	7.384317484005729904e-02	3.109935250624253425e-02	7.754058724159909599e-02
1.207023668306993159e+03	2.505089467081262344e-01	1.562670009093327095e-01	2.558726599268086876e-01	1.546850059028498647e-01	7.390132895151228787e-02	3.113780772109945791e-02	7.762724988020537620e-02
1.209442553413820860e+03	2.501785109792401540e-01	1.560473722649666217e-01	2.561029898789634607e-01	1.548219546247942002e-01	7.395932318689033003e-02	3.117617389129779398e-02	7.771367517378202638e-02
1.211861438520648335e+03	2.498490077089819683e-01	1.558283635652916999e-01	2.563326514996923655e-01	1.549585043426003617e-01	7.401715799171981747e-02	3.121445112754231421e-02	7.779986376410609472e-02
1.214280323627476264e+03	2.495204342615207904e-01	1.556099730566580241e-01	2.565616466867600143e-01	1.550946563519544907e-01	7.407483381030501024e-02	3.125263954133654376e-02	7.788581629139969265e-02
1.216699208734303511e+03	2.491927880085130498e-01	1.553921989904027134e-01	2.567899773325612034e-01	1.552304119434251006e-01	7.413235108572910348e-02	3.129073924497167980e-02	7.797153339433174346e-02
1.219118093841131440e+03	2.488660663290806208e-01	1.551750396228353257e-01	2.570176453241358461e-01	1.553657724024899711e-01	7.418971025985740542e-02	3.132875035151562459e-02	7.805701571001974481e-02
1.221536978947959142e+03	2.485402666097893676e-01	1.549584932152238415e-01	2.572446525431844044e-01	1.555007390095626829e-01	7.424691177334043213e-02	3.136667297480208449e-02	7.814226387403166996e-02
1.223955864054786844e+03	2.482153862446274950e-01	1.547425580337802586e-01	2.574710008660829330e-01	1.556353130400190965e-01	7.430395606561700228e-02	3.140450722941981465e-02	7.822727852038782737e-02
1.226374749161614318e+03	2.478914226349842043e-01	1.545272323496465761e-01	2.576966921638982333e-01	1.557694957642235256e-01	7.436084357491731800e-02	3.144225323070191230e-02	7.831206028156269261e-02
1.228793634268442020e+03	2.475683731896282380e-01	1.543125144388804160e-01	2.579217283024028418e-01	1.559032884475547998e-01	7.441757473826610125e-02	3.147991109471524884e-02	7.839660978848685124e-02
1.231212519375269494e+03	2.472462353246866473e-01	1.540984025824411463e-01	2.581461111420900179e-01	1.560366923504321879e-01	7.447414999148566084e-02	3.151748093824998515e-02	7.848092767054890007e-02
1.233631404482097196e+03	2.469250064636233366e-01	1.538848950661756698e-01	2.583698425381888986e-01	1.561697087283411556e-01	7.453056976919898713e-02	3.155496287880916323e-02	7.856501455559733449e-02
1.236050289588924898e+03	2.466046840372181359e-01	1.536719901808044075e-01	2.585929243406793199e-01	1.563023388318588169e-01	7.458683450483281907e-02	3.159235703459843669e-02	7.864887106994261634e-02
1.238469174695752372e+03	2.462852654835455124e-01	1.534596862219074209e-01	2.588153583943067493e-01	1.564345839066793309e-01	7.464294463062071117e-02	3.162966352451582891e-02	7.873249783835901960e-02
1.240888059802580301e+03	2.459667482479536149e-01	1.532479814899102288e-01	2.590371465385971073e-01	1.565664451936391588e-01	7.469890057760614210e-02	3.166688246814167856e-02	7.881589548408672596e-02
1.243306944909407548e+03	2.456491297830431797e-01	1.530368742900701240e-01	2.592582906078714777e-01	1.566979239287419889e-01	7.475470277564552624e-02	3.170401398572858520e-02	7.889906462883378158e-02
1.245725830016235477e+03	2.453324075486467137e-01	1.528263629324621287e-01	2.594787924312611516e-01	1.568290213431837443e-01	7.481035165341130833e-02	3.174105819819151436e-02	7.898200589277812322e-02
1.248144715123063179e+03	2.450165790118076226e-01	1.526164457319652834e-01	2.596986538327219485e-01	1.569597386633772296e-01	7.486584763839500278e-02	3.177801522709793741e-02	7.906471989456968774e-02
1.250563600229890881e+03	2.447016416467593936e-01	1.524071210082486583e-01	2.599178766310493716e-01	1.570900771109765282e-01	7.492119115691024678e-02	3.181488519465812403e-02	7.914720725133235490e-02
1.252982485336718355e+03	2.443875929349048626e-01	1.521983870857578913e-01	2.601364626398928737e-01	1.572200379029016493e-01	7.497638263409585335e-02	3.185166822371547635e-02	7.922946857866616788e-02
1.255401370443546057e+03	2.440744303647956193e-01	1.519902422937011444e-01	2.603544136677704568e-01	1.573496222513624254e-01	7.503142249391882290e-02	3.188836443773697404e-02	7.931150449064933161e-02
1.257820255550373531e+03	2.437621514321113569e-01	1.517826849660355859e-01	2.605717315180834937e-01	1.574788313638828818e-01	7.508631115917738241e-02	3.192497396080369587e-02	7.939331559984036391e-02
1.260239140657201460e+03	2.434507536396393335e-01	1.515757134414537355e-01	2.607884179891311049e-01	1.576076664433248842e-01	7.514104905150403857e-02	3.196149691760144518e-02	7.947490251728021871e-02
1.262658025764028707e+03	2.431402344972539709e-01	1.513693260633698356e-01	2.610044748741245924e-01	1.577361286879119806e-01	7.519563659136853373e-02	3.199793343341145180e-02	7.955626585249445104e-02
1.265076910870856636e+03	2.428305915218963718e-01	1.511635211799063072e-01	2.612199039612017604e-01	1.578642192912529107e-01	7.525007419808094067e-02	3.203428363410116414e-02	7.963740621349532645e-02
1.267495795977684338e+03	2.425218222375540578e-01	1.509582971438801491e-01	2.614347070334415712e-01	1.579919394423651702e-01	7.530436228979464630e-02	3.207054764611511066e-02	7.971832420678408304e-02
1.269914681084511813e+03	2.422139241752406247e-01	1.507536523127894768e-01	2.616488858688783004e-01	1.581192903256981031e-01	7.535850128350930766e-02	3.210672559646587931e-02	7.979902043735304096e-02
1.272333566191339514e+03	2.419068948729756197e-01	1.505495850488001719e-01	2.618624422405159136e-01	1.582462731211561890e-01	7.541249159507387723e-02	3.214281761272515942e-02	7.987949550868785054e-02
1.274752451298167216e+03	2.416007318757642242e-01	1.503460937187323099e-01	2.620753779163422226e-01	1.583728890041217752e-01	7.546633363918964221e-02	3.217882382301483907e-02	7.995975002276971277e-02
1.277171336404994690e+03	2.412954327355772977e-01	1.501431766940468648e-01	2.622876946593434289e-01	1.584991391454780851e-01	7.552002782941316661e-02	3.221474435599826908e-02	8.003978458007761365e-02
1.279590221511822392e+03	2.409909950113313659e-01	1.499408323508323593e-01	2.624993942275178349e-01	1.586250247116318401e-01	7.557357457815928881e-02	3.225057934087152689e-02	8.011959977959055845e-02
1.282009106618650094e+03	2.406874162688685814e-01	1.497390590697915413e-01	2.627104783738902216e-01	1.587505468645357687e-01	7.562697429670404980e-02	3.228632890735478461e-02	8.019919621878986160e-02
1.284427991725477568e+03	2.403846940809367394e-01	1.495378552362281732e-01	2.629209488465261146e-01	1.588757067617108665e-01	7.568022739518773245e-02	3.232199318568376722e-02	8.027857449366139486e-02
1.286846876832305497e+03	2.400828260271696823e-01	1.493372192400337084e-01	2.631308073885456067e-01	1.590005055562687952e-01	7.573333428261778966e-02	3.235757230660130795e-02	8.035773519869793269e-02
1.289265761939132744e+03	2.397818096940672328e-01	1.491371494756742744e-01	2.633400557381373464e-01	1.591249443969337818e-01	7.578629536687181423e-02	3.239306640134894527e-02	8.043667892690137267e-02
1.291684647045960673e+03	2.394816426749756533e-01	1.489376443421773222e-01	2.635486956285728044e-01	1.592490244280647116e-01	7.583911105470046710e-02	3.242847560165861703e-02	8.051540626978513637e-02
1.294103532152788375e+03	2.391823225700679678e-01	1.487387022431186645e-01	2.637567287882199851e-01	1.593727467896767502e-01	7.589178175173046104e-02	3.246380003974445178e-02	8.059391781737645921e-02
1.296522417259616077e+03	2.388838469863241720e-01	1.485403215866093751e-01	2.639641569405573041e-01	1.594961126174631039e-01	7.594430786246748888e-02	3.249903984829458081e-02	8.067221415821870800e-02
1.298941302366443551e+03	2.385862135375119153e-01	1.483425007852826605e-01	2.641709818041876323e-01	1.596191230428165575e-01	7.599668979029913785e-02	3.253419516046311688e-02	8.075029587937379572e-02
1.301360187473271253e+03	2.382894198441668776e-01	1.481452382562809533e-01	2.643772050928518413e-01	1.597417791928506803e-01	7.604892793749783164e-02	3.256926610986210502e-02	8.082816356642452682e-02
1.303779072580098727e+03	2.379934635335734239e-01	1.479485324212430064e-01	2.645828285154429027e-01	1.598640821904211695e-01	7.610102270522375867e-02	3.260425283055362611e-02	8.090581780347695651e-02
1.306197957686926657e+03	2.376983422397451473e-01	1.477523817062908196e-01	2.647878537760193773e-01	1.599860331541469727e-01	7.615297449352781411e-02	3.263915545704194204e-02	8.098325917316276379e-02
1.308616842793753904e+03	2.374040536034055793e-01	1.475567845420168445e-01	2.649922825738192933e-01	1.601076331984311318e-01	7.620478370135447266e-02	3.267397412426573805e-02	8.106048825664172175e-02
1.311035727900581833e+03	2.371105952719690380e-01	1.473617393634711614e-01	2.651961166032736905e-01	1.602288834334816281e-01	7.625645072654470280e-02	3.270870896759042051e-02	8.113750563360404289e-02
1.313454613007409534e+03	2.368179648995213382e-01	1.471672446101486009e-01	2.653993575540203875e-01	1.603497849653321705e-01	7.630797596583885345e-02	3.274336012280046337e-02	8.121431188227287712e-02
1.315873498114237009e+03	2.365261601468005848e-01	1.469732987259760315e-01	2.656020071109173042e-01	1.604703388958626242e-01	7.635935981487960988e-02	3.277792772609189331e-02	8.129090757940664325e-02
1.318292383221064711e+03	2.362351786811782706e-01	1.467799001592995367e-01	2.658040669540562839e-01	1.605905463228194940e-01	7.641060266821482483e-02	3.281241191406477492e-02	8.136729330030158247e-02
1.320711268327892412e+03	2.359450181766400423e-01	1.465870473628718695e-01	2.660055387587763609e-01	1.607104083398361305e-01	7.646170491930041890e-02	3.284681282371582078e-02	8.144346961879413149e-02
1.323130153434719887e+03	2.356556763137669375e-01	1.463947387938396294e-01	2.662064241956774713e-01	1.608299260364529915e-01	7.651266696050322558e-02	3.288113059243105707e-02	8.151943710726342052e-02
1.325549038541547588e+03	2.353671507797163442e-01	1.462029729137307721e-01	2.664067249306337759e-01	1.609491004981375706e-01	7.656348918310391938e-02	3.291536535797853075e-02	8.159519633663377125e-02
1.327967923648375290e+03	2.350794392682031830e-01	1.460117481884418977e-01	2.666064426248069830e-01	1.610679328063044369e-01	7.661417197729984696e-02	3.294951725850112090e-02	8.167074787637713940e-02
1.330386808755202765e+03	2.347925394794811715e-01	1.458210630882258163e-01	2.668055789346598927e-01	1.611864240383347746e-01	7.666471573220791369e-02	3.298358643250941941e-02	8.174609229451562653e-02
1.332805693862030694e+03	2.345064491203239787e-01	1.456309160876789466e-01	2.670041355119694426e-01	1.613045752675962841e-01	7.671512083586735919e-02	3.301757301887464635e-02	8.182123015762400586e-02
1.335224578968857941e+03	2.342211659040065730e-01	1.454413056657288816e-01	2.672021140038400855e-01	1.614223875634625549e-01	7.676538767524271334e-02	3.305147715682166254e-02	8.189616203083219248e-02
1.337643464075685870e+03	2.339366875502866816e-01	1.452522303056219266e-01	2.673995160527172232e-01	1.615398619913324396e-01	7.681551663622657178e-02	3.308529898592205837e-02	8.197088847782781074e-02
1.340062349182513572e+03	2.336530117853860555e-01	1.450636884949106364e-01	2.675963432964001965e-01	1.616569996126494269e-01	7.686550810364241315e-02	3.311903864608726350e-02	8.204541006085870614e-02
1.342481234289341273e+03	2.333701363419721231e-01	1.448756787254416867e-01	2.677925973680554961e-01	1.617738014849207373e-01	7.691536246124747178e-02	3.315269627756178145e-02	8.211972734073547109e-02
1.344900119396168748e+03	2.330880589591393937e-01	1.446881994933432725e-01	2.679882798962298640e-01	1.618902686617363085e-01	7.696508009173556875e-02	3.318627202091641720e-02	8.219384087683399842e-02
1.347319004502996449e+03	2.328067773823910558e-01	1.445012492990128961e-01	2.681833925048634493e-01	1.620064021927878073e-01	7.701466137673988743e-02	3.321976601704166449e-02	8.226775122709806265e-02
1.349737889609823924e+03	2.325262893636208250e-01	1.443148266471051822e-01	2.683779368133028531e-01	1.621222031238872818e-01	7.706410669683579073e-02	3.325317840714106521e-02	8.234145894804184573e-02
1.352156774716651853e+03	2.322465926610943754e-01	1.441289300465195267e-01	2.685719144363141186e-01	1.622376724969859241e-01	7.711341643154365211e-02	3.328650933272470080e-02	8.241496459475254610e-02
1.354575659823479100e+03	2.319676850394311873e-01	1.439435580103880508e-01	2.687653269840957204e-01	1.623528113501926662e-01	7.716259095933164502e-02	3.331975893560269047e-02	8.248826872089293216e-02
1.356994544930307029e+03	2.316895642695864510e-01	1.437587090560632774e-01	2.689581760622913875e-01	1.624676207177924714e-01	7.721163065761851851e-02	3.335292735787879354e-02	8.256137187870392358e-02
1.359413430037134731e+03	2.314122281288328864e-01	1.435743817051062521e-01	2.691504632720033707e-01	1.625821016302647082e-01	7.726053590277640049e-02	3.338601474194407420e-02	8.263427461900722804e-02
1.361832315143962205e+03	2.311356744007425079e-01	1.433905744832741913e-01	2.693421902098046550e-01	1.626962551143014135e-01	7.730930707013358716e-02	3.341902123047058720e-02	8.270697749120790865e-02
1.364251200250789907e+03	2.308599008751688886e-01	1.432072859205086313e-01	2.695333584677526151e-01	1.628100821928253061e-01	7.735794453397729087e-02	3.345194696640518828e-02	8.277948104329699297e-02
1.366670085357617609e+03	2.305849053482288413e-01	1.430245145509233540e-01	2.697239696334010062e-01	1.629235838850078555e-01	7.740644866755641562e-02	3.348479209296333081e-02	8.285178582185409590e-02
1.369088970464445310e+03	2.303106856222848220e-01	1.428422589127924247e-01	2.699140252898133419e-01	1.630367612062869898e-01	7.745481984308437429e-02	3.351755675362298043e-02	8.292389237205001484e-02
1.371507855571272785e+03	2.300372395059268604e-01	1.426605175485382015e-01	2.701035270155751622e-01	1.631496151683849427e-01	7.750305843174173925e-02	3.355024109211857813e-02	8.299580123764944972e-02
1.373926740678100487e+03	2.297645648139547692e-01	1.424792890047195115e-01	2.702924763848071343e-01	1.632621467793258785e-01	7.755116480367908738e-02	3.358284525243504515e-02	8.306751296101351489e-02
1.376345625784927961e+03	2.294926593673604631e-01	1.422985718320197157e-01	2.704808749671773760e-01	1.633743570434534609e-01	7.759913932801967840e-02	3.361536937880184317e-02	8.313902808310244530e-02
1.378764510891755890e+03	2.292215209933101405e-01	1.421183645852348854e-01	2.706687243279141120e-01	1.634862469614481728e-01	7.764698237286227211e-02	3.364781361568713186e-02	8.321034714347827488e-02
1.381183395998583137e+03	2.289511475251267136e-01	1.419386658232620058e-01	2.708560260278184972e-01	1.635978175303447468e-01	7.769469430528377907e-02	3.368017810779192628e-02	8.328147068030739009e-02
1.383602281105411066e+03	2.286815368022721839e-01	1.417594741090872634e-01	2.710427816232767739e-01	1.637090697435492070e-01	7.774227549134200832e-02	3.371246300004437924e-02	8.335239923036329157e-02
1.386021166212238768e+03	2.284126866703299896e-01	1.415807880097742777e-01	2.712289926662730388e-01	1.638200045908561608e-01	7.778972629607842915e-02	3.374466843759405671e-02	8.342313332902923095e-02
1.388440051319066470e+03	2.281445949809876306e-01	1.414026060964523324e-01	2.714146607044016224e-01	1.639306230584655910e-01	7.783704708352084944e-02	3.377679456580630346e-02	8.349367351030080597e-02
1.390858936425893944e+03	2.278772595920191546e-01	1.412249269443048572e-01	2.715997872808796343e-01	1.640409261289999254e-01	7.788423821668613578e-02	3.380884153025665723e-02	8.356402030678874993e-02
1.393277821532721646e+03	2.276106783672678102e-01	1.410477491325576593e-01	2.717843739345592313e-01	1.641509147815206349e-01	7.793130005758289180e-02	3.384080947672532536e-02	8.363417424972154068e-02
1.395696706639549120e+03	2.273448491766286716e-01	1.408710712444674329e-01	2.719684221999400520e-01	1.642605899915450529e-01	7.797823296721419217e-02	3.387269855119169615e-02	8.370413586894809299e-02
1.398115591746377049e+03	2.270797698960312083e-01	1.406948918673101290e-01	2.721519336071813733e-01	1.643699527310628905e-01	7.802503730558023320e-02	3.390450889982891958e-02	8.377390569294047851e-02
1.400534476853204296e+03	2.268154384074222985e-01	1.405192095923695206e-01	2.723349096821146009e-01	1.644790039685526672e-01	7.807171343168105293e-02	3.393624066899856434e-02	8.384348424879657646e-02
1.402953361960032225e+03	2.265518525987487986e-01	1.403440230149255452e-01	2.725173519462555927e-01	1.645877446689981705e-01	7.811826170351918175e-02	3.396789400524528185e-02	8.391287206224280759e-02
1.405372247066859927e+03	2.262890103639405015e-01	1.401693307342430361e-01	2.726992619168164822e-01	1.646961757939046089e-01	7.816468247810233472e-02	3.399946905529154656e-02	8.398206965763684029e-02
1.407791132173687402e+03	2.260269096028930669e-01	1.399951313535602038e-01	2.728806411067183912e-01	1.648042983013149054e-01	7.821097611144608996e-02	3.403096596603244484e-02	8.405107755797025515e-02
1.410210017280515103e+03	2.257655482214509790e-01	1.398214234800772282e-01	2.730614910246031979e-01	1.649121131458256562e-01	7.825714295857645608e-02	3.406238488453054020e-02	8.411989628487133441e-02
1.412628902387342805e+03	2.255049241313904496e-01	1.396482057249449626e-01	2.732418131748458046e-01	1.650196212786031458e-01	7.830318337353267544e-02	3.409372595801073852e-02	8.418852635860767097e-02
1.415047787494170507e+03	2.252450352504025144e-01	1.394754767032535259e-01	2.734216090575661839e-01	1.651268236473992512e-01	7.834909770936974993e-02	3.412498933385525041e-02	8.425696829808897170e-02
1.417466672600997981e+03	2.249858795020762414e-01	1.393032350340211445e-01	2.736008801686413694e-01	1.652337211965671793e-01	7.839488631816113329e-02	3.415617515959860906e-02	8.432522262086979137e-02
1.419885557707825683e+03	2.247274548158817442e-01	1.391314793401827454e-01	2.737796279997176674e-01	1.653403148670771483e-01	7.844054955100135396e-02	3.418728358292267427e-02	8.439328984315219717e-02
1.422304442814653157e+03	2.244697591271534731e-01	1.389602082485787704e-01	2.739578540382223704e-01	1.654466055965319593e-01	7.848608775800866577e-02	3.421831475165176134e-02	8.446117047978853043e-02
1.424723327921481086e+03	2.242127903770733954e-01	1.387894203899441015e-01	2.741355597673760247e-01	1.655525943191824834e-01	7.853150128832762922e-02	3.424926881374778381e-02	8.452886504428411274e-02
1.427142213028308333e+03	2.239565465126543975e-01	1.386191143988967922e-01	2.743127466662039216e-01	1.656582819659431494e-01	7.857679049013177597e-02	3.428014591730543792e-02	8.459637404880006317e-02
1.429561098135136262e+03	2.237010254867235481e-01	1.384492889139269378e-01	2.744894162095483647e-01	1.657636694644070707e-01	7.862195571062617627e-02	3.431094621054746330e-02	8.466369800415596281e-02
1.431979983241963964e+03	2.234462252579055841e-01	1.382799425773856283e-01	2.746655698680802726e-01	1.658687577388614220e-01	7.866699729605007574e-02	3.434166984181993149e-02	8.473083741983263029e-02
1.434398868348791666e+03	2.231921437906062566e-01	1.381110740354738742e-01	2.748412091083111131e-01	1.659735477103024548e-01	7.871191559167950436e-02	3.437231695958756217e-02	8.479779280397482799e-02
1.436817753455619140e+03	2.229387790549958726e-01	1.379426819382315594e-01	2.750163353926045606e-01	1.660780402964504854e-01	7.875671094182984389e-02	3.440288771242917126e-02	8.486456466339407922e-02
1.439236638562446842e+03	2.226861290269928351e-01	1.377747649395264784e-01	2.751909501791884871e-01	1.661822364117650219e-01	7.880138368985838138e-02	3.443338224903302880e-02	8.493115350357137439e-02
1.441655523669274316e+03	2.224341916882473236e-01	1.376073216970433166e-01	2.753650549221663413e-01	1.662861369674594192e-01	7.884593417816695982e-02	3.446380071819241109e-02	8.499755982865991877e-02
1.444074408776102018e+03	2.221829650261247791e-01	1.374403508722727985e-01	2.755386510715289727e-01	1.663897428715156168e-01	7.889036274820453165e-02	3.449414326880107656e-02	8.506378414148792200e-02
1.446493293882929493e+03	2.219324470336897226e-01	1.372738511305007514e-01	2.757117400731663448e-01	1.664930550286989608e-01	7.893466974046971230e-02	3.452441004984887346e-02	8.512982694356137359e-02
1.448912178989757422e+03	2.216826357096893518e-01	1.371078211407971981e-01	2.758843233688790808e-01	1.665960743405726918e-01	7.897885549451333365e-02	3.455460121041734056e-02	8.519568873506672135e-02
1.451331064096585123e+03	2.214335290585375537e-01	1.369422595760055872e-01	2.760564023963900659e-01	1.666988017055124061e-01	7.902292034894105310e-02	3.458471689967538426e-02	8.526137001487371636e-02
1.453749949203412370e+03	2.211851250902984733e-01	1.367771651127319688e-01	2.762279785893558270e-01	1.668012380187205157e-01	7.906686464141583770e-02	3.461475726687497645e-02	8.532687128053813297e-02
1.456168834310240300e+03	2.209374218206705542e-01	1.366125364313342527e-01	2.763990533773784120e-01	1.669033841722405431e-01	7.911068870866053149e-02	3.464472246134692179e-02	8.539219302830457214e-02
1.458587719417068001e+03	2.206904172709704681e-01	1.364483722159113011e-01	2.765696281860164918e-01	1.670052410549713318e-01	7.915439288646045068e-02	3.467461263249663195e-02	8.545733575310919539e-02
1.461006604523895703e+03	2.204441094681169888e-01	1.362846711542925193e-01	2.767397044367967962e-01	1.671068095526812014e-01	7.919797750966582617e-02	3.470442792979998303e-02	8.552229994858254192e-02
1.463425489630723177e+03	2.201984964446151161e-01	1.361214319380268933e-01	2.769092835472259928e-01	1.672080905480220481e-01	7.924144291219439862e-02	3.473416850279919393e-02	8.558708610705224873e-02
1.465844374737550879e+03	2.199535762385400606e-01	1.359586532623724975e-01	2.770783669308015673e-01	1.673090849205432773e-01	7.928478942703390264e-02	3.476383450109877399e-02	8.565169471954584002e-02
1.468263259844378354e+03	2.197093468935213956e-01	1.357963338262858921e-01	2.772469559970233699e-01	1.674097935467057374e-01	7.932801738624459253e-02	3.479342607436145679e-02	8.571612627579354438e-02
1.470682144951206283e+03	2.194658064587272084e-01	1.356344723324114376e-01	2.774150521514049950e-01	1.675102172998954586e-01	7.937112712096175415e-02	3.482294337230423115e-02	8.578038126423101484e-02
1.473101030058033530e+03	2.192229529888483353e-01	1.354730674870708029e-01	2.775826567954848278e-01	1.676103570504374474e-01	7.941411896139820292e-02	3.485238654469438591e-02	8.584446017200211831e-02
1.475519915164861459e+03	2.189807845440825407e-01	1.353121180002524460e-01	2.777497713268375912e-01	1.677102136656093423e-01	7.945699323684680959e-02	3.488175574134561030e-02	8.590836348496176667e-02
1.477938800271689161e+03	2.187392991901188910e-01	1.351516225856011499e-01	2.779163971390853916e-01	1.678097880096549588e-01	7.949975027568294272e-02	3.491105111211413592e-02	8.597209168767863674e-02
1.480357685378516862e+03	2.184984949981221003e-01	1.349915799604074762e-01	2.780825356219088773e-01	1.679090809437977505e-01	7.954239040536696670e-02	3.494027280689489257e-02	8.603564526343797370e-02
1.482776570485344337e+03	2.182583700447168207e-01	1.348319888455974669e-01	2.782481881610586183e-01	1.680080933262542431e-01	7.958491395244676747e-02	3.496942097561772655e-02	8.609902469424438043e-02
