1.001418434226643626e+03	2.867083449808466300e-01	1.708802501284820974e-01	2.347899523970365665e-01	1.417532671532603372e-01	6.950511815716294006e-02	2.693435697122278580e-02	6.942871021198450399e-02
1.002869765290740247e+03	2.864475865764324336e-01	1.707229998616242028e-01	2.349681932075723123e-01	1.418609221979401092e-01	6.954929354809742670e-02	2.695626226859991481e-02	6.949474233972952053e-02
1.004321096354836754e+03	2.861872725654829308e-01	1.705660176024379193e-01	2.351461190442793447e-01	1.419683871602201719e-01	6.959339245076329172e-02	2.697814156669591304e-02	6.956066961011640737e-02
1.005772427418933376e+03	2.859274021888975614e-01	1.704093028930647458e-01	2.353237304518865369e-01	1.420756624023944981e-01	6.963741500285154651e-02	2.699999489994396595e-02	6.962649216095713467e-02
1.007223758483029997e+03	2.856679746888782234e-01	1.702528552764319691e-01	2.355010279741761303e-01	1.421827482859241432e-01	6.968136134178239127e-02	2.702182230271505184e-02	6.969221013008818078e-02
1.008675089547126618e+03	2.854089893089268304e-01	1.700966742962513878e-01	2.356780121539852613e-01	1.422896451714399102e-01	6.972523160470586734e-02	2.704362380931812221e-02	6.975782365536882523e-02
1.010126420611223239e+03	2.851504452938432022e-01	1.699407594970179514e-01	2.358546835332077929e-01	1.423963534187450697e-01	6.976902592850249551e-02	2.706539945400032038e-02	6.982333287467946958e-02
1.011577751675319632e+03	2.848923418897228443e-01	1.697851104240083175e-01	2.360310426527959526e-01	1.425028733868181074e-01	6.981274444978394222e-02	2.708714927094718616e-02	6.988873792592005529e-02
1.013029082739416367e+03	2.846346783439543948e-01	1.696297266232795753e-01	2.362070900527621364e-01	1.426092054338153892e-01	6.985638730489372727e-02	2.710887329428283282e-02	6.995403894700831515e-02
1.014480413803512761e+03	2.843774539052179584e-01	1.694746076416678293e-01	2.363828262721805462e-01	1.427153499170737971e-01	6.989995462990784836e-02	2.713057155807015869e-02	7.001923607587827447e-02
1.015931744867609382e+03	2.841206678234822203e-01	1.693197530267868678e-01	2.365582518491887998e-01	1.428213071931135059e-01	6.994344656063547494e-02	2.715224409631105187e-02	7.008432945047850249e-02
1.017383075931706003e+03	2.838643193500027251e-01	1.691651623270268023e-01	2.367333673209897626e-01	1.429270776176405078e-01	6.998686323261954501e-02	2.717389094294656027e-02	7.014931920877061355e-02
1.018834406995802851e+03	2.836084077373191015e-01	1.690108350915526803e-01	2.369081732238531857e-01	1.430326615455493888e-01	7.003020478113745895e-02	2.719551213185711011e-02	7.021420548872760181e-02
1.020285738059899245e+03	2.833529322392533967e-01	1.688567708703032633e-01	2.370826700931173148e-01	1.431380593309257987e-01	7.007347134120175958e-02	2.721710769686268988e-02	7.027898842833227300e-02
1.021737069123995752e+03	2.830978921109075230e-01	1.687029692139895010e-01	2.372568584631907507e-01	1.432432713270492819e-01	7.011666304756070112e-02	2.723867767172304111e-02	7.034366816557573177e-02
1.023188400188092373e+03	2.828432866086610376e-01	1.685494296740933373e-01	2.374307388675538644e-01	1.433482978863956647e-01	7.015978003469899860e-02	2.726022209013785266e-02	7.040824483845578574e-02
1.024639731252188767e+03	2.825891149901690325e-01	1.683961518028663229e-01	2.376043118387607123e-01	1.434531393606398031e-01	7.020282243683841072e-02	2.728174098574695505e-02	7.047271858497540509e-02
1.026091062316285615e+03	2.823353765143597482e-01	1.682431351533281438e-01	2.377775779084405905e-01	1.435577961006580805e-01	7.024579038793836439e-02	2.730323439213050082e-02	7.053708954314118207e-02
1.027542393380382237e+03	2.820820704414326308e-01	1.680903792792655671e-01	2.379505376072997280e-01	1.436622684565310448e-01	7.028868402169666241e-02	2.732470234280916233e-02	7.060135785096186001e-02
1.028993724444478858e+03	2.818291960328559442e-01	1.679378837352308029e-01	2.381231914651228965e-01	1.437665567775458231e-01	7.033150347155005255e-02	2.734614487124431559e-02	7.066552364644677897e-02
1.030445055508575479e+03	2.815767525513644953e-01	1.677856480765403946e-01	2.382955400107752142e-01	1.438706614121989247e-01	7.037424887067492141e-02	2.736756201083822074e-02	7.072958706760439085e-02
1.031896386572671872e+03	2.813247392609577457e-01	1.676336718592738306e-01	2.384675837722036451e-01	1.439745827081984897e-01	7.041692035198790500e-02	2.738895379493422322e-02	7.079354825244081606e-02
1.033347717636768493e+03	2.810731554268970922e-01	1.674819546402721293e-01	2.386393232764386918e-01	1.440783210124669811e-01	7.045951804814649944e-02	2.741032025681692727e-02	7.085740733895834476e-02
1.034799048700865114e+03	2.808220003157043121e-01	1.673304959771365896e-01	2.388107590495961163e-01	1.441818766711436828e-01	7.050204209154969925e-02	2.743166142971237981e-02	7.092116446515397965e-02
1.036250379764961508e+03	2.805712731951587879e-01	1.671792954282274590e-01	2.389818916168784946e-01	1.442852500295871976e-01	7.054449261433866358e-02	2.745297734678825083e-02	7.098481976901797885e-02
1.037701710829058356e+03	2.803209733342956755e-01	1.670283525526626289e-01	2.391527215025769371e-01	1.443884414323778342e-01	7.058686974839728512e-02	2.747426804115403118e-02	7.104837338853246809e-02
1.039153041893154750e+03	2.800711000034036280e-01	1.668776669103163579e-01	2.393232492300726710e-01	1.444914512233202164e-01	7.062917362535285626e-02	2.749553354586120255e-02	7.111182546166995577e-02
1.040604372957251599e+03	2.798216524740226863e-01	1.667272380618178007e-01	2.394934753218387335e-01	1.445942797454457251e-01	7.067140437657666585e-02	2.751677389390341441e-02	7.117517612639195912e-02
1.042055704021347992e+03	2.795726300189418922e-01	1.665770655685498147e-01	2.396634002994415535e-01	1.446969273410148304e-01	7.071356213318463757e-02	2.753798911821666445e-02	7.123842552064760247e-02
1.043507035085444613e+03	2.793240319121974014e-01	1.664271489926476832e-01	2.398330246835426172e-01	1.447993943515196724e-01	7.075564702603789891e-02	2.755917925167948937e-02	7.130157378237222954e-02
1.044958366149541234e+03	2.790758574290700955e-01	1.662774878969977554e-01	2.400023489939000221e-01	1.449016811176864483e-01	7.079765918574347505e-02	2.758034432711312101e-02	7.136462104948602947e-02
1.046409697213637855e+03	2.788281058460836959e-01	1.661280818452361419e-01	2.401713737493702261e-01	1.450037879794777995e-01	7.083959874265483014e-02	2.760148437728169105e-02	7.142756745989266298e-02
1.047861028277734476e+03	2.785807764410022092e-01	1.659789304017473266e-01	2.403400994679095737e-01	1.451057152760952540e-01	7.088146582687250563e-02	2.762259943489238367e-02	7.149041315147787456e-02
1.049312359341831097e+03	2.783338684928280404e-01	1.658300331316630294e-01	2.405085266665759336e-01	1.452074633459816688e-01	7.092326056824471703e-02	2.764368953259561251e-02	7.155315826210821573e-02
1.050763690405927491e+03	2.780873812817998281e-01	1.656813896008608733e-01	2.406766558615303087e-01	1.453090325268234784e-01	7.096498309636797841e-02	2.766475470298520797e-02	7.161580292962968497e-02
1.052215021470024112e+03	2.778413140893902233e-01	1.655329993759629414e-01	2.408444875680384178e-01	1.454104231555532201e-01	7.100663354058767140e-02	2.768579497859858379e-02	7.167834729186635390e-02
1.053666352534120733e+03	2.775956661983038920e-01	1.653848620243346390e-01	2.410120223004724449e-01	1.455116355683518103e-01	7.104821202999869745e-02	2.770681039191690356e-02	7.174079148661914596e-02
1.055117683598217127e+03	2.773504368924750718e-01	1.652369771140833610e-01	2.411792605723124538e-01	1.456126701006509316e-01	7.108971869344603289e-02	2.772780097536525767e-02	7.180313565166447642e-02
1.056569014662313975e+03	2.771056254570658517e-01	1.650893442140571876e-01	2.413462028961480543e-01	1.457135270871354193e-01	7.113115365952535352e-02	2.774876676131283679e-02	7.186537992475296177e-02
1.058020345726410369e+03	2.768612311784636737e-01	1.649419628938435800e-01	2.415128497836801225e-01	1.458142068617454545e-01	7.117251705658360350e-02	2.776970778207309837e-02	7.192752444360819841e-02
1.059471676790506763e+03	2.766172533442795012e-01	1.647948327237681032e-01	2.416792017457221609e-01	1.459147097576790064e-01	7.121380901271960606e-02	2.779062406990393669e-02	7.198956934592543044e-02
1.060923007854603611e+03	2.763736912433454318e-01	1.646479532748932606e-01	2.418452592922021305e-01	1.460150361073941916e-01	7.125502965578463244e-02	2.781151565700784936e-02	7.205151476937028676e-02
1.062374338918700232e+03	2.761305441657128101e-01	1.645013241190170228e-01	2.420110229321638384e-01	1.461151862426114112e-01	7.129617911338306802e-02	2.783238257553210387e-02	7.211336085157758757e-02
1.063825669982796853e+03	2.758878114026499517e-01	1.643549448286716896e-01	2.421764931737686311e-01	1.462151604943157934e-01	7.133725751287287031e-02	2.785322485756890759e-02	7.217510773015008152e-02
1.065277001046893474e+03	2.756454922466400337e-01	1.642088149771225303e-01	2.423416705242970037e-01	1.463149591927593307e-01	7.137826498136626285e-02	2.787404253515557428e-02	7.223675554265719667e-02
1.066728332110990095e+03	2.754035859913792073e-01	1.640629341383665341e-01	2.425065554901500997e-01	1.464145826674633222e-01	7.141920164573027641e-02	2.789483564027468027e-02	7.229830442663386092e-02
1.068179663175086489e+03	2.751620919317741554e-01	1.639173018871312171e-01	2.426711485768512921e-01	1.465140312472204831e-01	7.146006763258731798e-02	2.791560420485423785e-02	7.235975451957926685e-02
1.069630994239183110e+03	2.749210093639402608e-01	1.637719177988732344e-01	2.428354502890478217e-01	1.466133052600972764e-01	7.150086306831579530e-02	2.793634826076785843e-02	7.242110595895567826e-02
1.071082325303279504e+03	2.746803375851994966e-01	1.636267814497772144e-01	2.429994611305122676e-01	1.467124050334361329e-01	7.154158807905063033e-02	2.795706783983490859e-02	7.248235888218727829e-02
1.072533656367376352e+03	2.744400758940780949e-01	1.634818924167544818e-01	2.431631816041442684e-01	1.468113308938576722e-01	7.158224279068385598e-02	2.797776297382068011e-02	7.254351342665893432e-02
1.073984987431472746e+03	2.742002235903047702e-01	1.633372502774416979e-01	2.433266122119718544e-01	1.469100831672629226e-01	7.162282732886524061e-02	2.799843369443653224e-02	7.260456972971505996e-02
1.075436318495569594e+03	2.739607799748082773e-01	1.631928546101996391e-01	2.434897534551532239e-01	1.470086621788355419e-01	7.166334181900278766e-02	2.801908003334008593e-02	7.266552792865846322e-02
1.076887649559666215e+03	2.737217443497158009e-01	1.630487049941121147e-01	2.436526058339781864e-01	1.471070682530440654e-01	7.170378638626334622e-02	2.803970202213534532e-02	7.272638816074919466e-02
1.078338980623762609e+03	2.734831160183504584e-01	1.629048010089844400e-01	2.438151698478697726e-01	1.472053017136439046e-01	7.174416115557315232e-02	2.806029969237288507e-02	7.278715056320342325e-02
1.079790311687859230e+03	2.732448942852294671e-01	1.627611422353423820e-01	2.439774459953857610e-01	1.473033628836798448e-01	7.178446625161842565e-02	2.808087307554999260e-02	7.284781527319224292e-02
1.081241642751955851e+03	2.730070784560619246e-01	1.626177282544308267e-01	2.441394347742201210e-01	1.474012520854879327e-01	7.182470179884589689e-02	2.810142220311082767e-02	7.290838242784067336e-02
1.082692973816052472e+03	2.727696678377468653e-01	1.624745586482125026e-01	2.443011366812047891e-01	1.474989696406977524e-01	7.186486792146340452e-02	2.812194710644657855e-02	7.296885216422639708e-02
1.084144304880149093e+03	2.725326617383710959e-01	1.623316329993668705e-01	2.444625522123109740e-01	1.475965158702345903e-01	7.190496474344043598e-02	2.814244781689562852e-02	7.302922461937881582e-02
1.085595635944245487e+03	2.722960594672071966e-01	1.621889508912887079e-01	2.446236818626507936e-01	1.476938910943215166e-01	7.194499238850866896e-02	2.816292436574369118e-02	7.308949993027781533e-02
1.087046967008342108e+03	2.720598603347115785e-01	1.620465119080869987e-01	2.447845261264789130e-01	1.477910956324816061e-01	7.198495098016256810e-02	2.818337678422398046e-02	7.314967823385282175e-02
1.088498298072438729e+03	2.718240636525221521e-01	1.619043156345836565e-01	2.449450854971939040e-01	1.478881298035399638e-01	7.202484064165989852e-02	2.820380510351735634e-02	7.320975966698159421e-02
1.089949629136535123e+03	2.715886687334565508e-01	1.617623616563122479e-01	2.451053604673398278e-01	1.479849939256259461e-01	7.206466149602230864e-02	2.822420935475248097e-02	7.326974436648926725e-02
1.091400960200631971e+03	2.713536748915098551e-01	1.616206495595167991e-01	2.452653515286078167e-01	1.480816883161751030e-01	7.210441366603585756e-02	2.824458956900596437e-02	7.332963246914725453e-02
1.092852291264728365e+03	2.711190814418528716e-01	1.614791789311505743e-01	2.454250591718375452e-01	1.481782132919314821e-01	7.214409727425155627e-02	2.826494577730252755e-02	7.338942411167220792e-02
1.094303622328825213e+03	2.708848877008297462e-01	1.613379493588747715e-01	2.455844838870187841e-01	1.482745691689495438e-01	7.218371244298593670e-02	2.828527801061513428e-02	7.344911943072494898e-02
1.095754953392921607e+03	2.706510929859560766e-01	1.611969604310574122e-01	2.457436261632928165e-01	1.483707562625962983e-01	7.222325929432162062e-02	2.830558629986515418e-02	7.350871856290949746e-02
1.097206284457018228e+03	2.704176966159170803e-01	1.610562117367720369e-01	2.459024864889541029e-01	1.484667748875534432e-01	7.226273795010780543e-02	2.832587067592251540e-02	7.356822164477201664e-02
1.098657615521114849e+03	2.701846979105651525e-01	1.609157028657964561e-01	2.460610653514517243e-01	1.485626253578192224e-01	7.230214853196083313e-02	2.834613116960583643e-02	7.362762881279984184e-02
1.100108946585211470e+03	2.699520961909182004e-01	1.607754334086116121e-01	2.462193632373908814e-01	1.486583079867107304e-01	7.234149116126471768e-02	2.836636781168259264e-02	7.368694020342039797e-02
1.101560277649308091e+03	2.697198907791574785e-01	1.606354029564003860e-01	2.463773806325343652e-01	1.487538230868657441e-01	7.238076595917170009e-02	2.838658063286925159e-02	7.374615595300028359e-02
1.103011608713404712e+03	2.694880809986256454e-01	1.604956111010461539e-01	2.465351180218041116e-01	1.488491709702448873e-01	7.241997304660277579e-02	2.840676966383140836e-02	7.380527619784425786e-02
1.104462939777501106e+03	2.692566661738246547e-01	1.603560574351318990e-01	2.466925758892826448e-01	1.489443519481336020e-01	7.245911254424822201e-02	2.842693493518396244e-02	7.386430107419428293e-02
1.105914270841597499e+03	2.690256456304137567e-01	1.602167415519387128e-01	2.468497547182147422e-01	1.490393663311441186e-01	7.249818457256816673e-02	2.844707647749123228e-02	7.392323071822853864e-02
1.107365601905694348e+03	2.687950186952076659e-01	1.600776630454448235e-01	2.470066549910086562e-01	1.491342144292175376e-01	7.253718925179304666e-02	2.846719432126710789e-02	7.398206526606046496e-02
1.108816932969790741e+03	2.685647846961742857e-01	1.599388215103242084e-01	2.471632771892378344e-01	1.492288965516258281e-01	7.257612670192420401e-02	2.848728849697520701e-02	7.404080485373781828e-02
1.110268264033887590e+03	2.683349429624329874e-01	1.598002165419454002e-01	2.473196217936422248e-01	1.493234130069736598e-01	7.261499704273437217e-02	2.850735903502900001e-02	7.409944961724171386e-02
1.111719595097984211e+03	2.681054928242524449e-01	1.596618477363704325e-01	2.474756892841299405e-01	1.494177641032006509e-01	7.265380039376823085e-02	2.852740596579195903e-02	7.415799969248572376e-02
1.113170926162080832e+03	2.678764336130486923e-01	1.595237146903535075e-01	2.476314801397786480e-01	1.495119501475830892e-01	7.269253687434289180e-02	2.854742931957770374e-02	7.421645521531491929e-02
1.114622257226177226e+03	2.676477646613830141e-01	1.593858170013398579e-01	2.477869948388370103e-01	1.496059714467360136e-01	7.273120660354845390e-02	2.856742912665013318e-02	7.427481632150495505e-02
1.116073588290273847e+03	2.674194853029603913e-01	1.592481542674644979e-01	2.479422338587262131e-01	1.496998283066151292e-01	7.276980970024853057e-02	2.858740541722356795e-02	7.433308314676120854e-02
1.117524919354370468e+03	2.671915948726268364e-01	1.591107260875510299e-01	2.480971976760414366e-01	1.497935210325188060e-01	7.280834628308070766e-02	2.860735822146290297e-02	7.439125582671780867e-02
1.118976250418467089e+03	2.669640927063681168e-01	1.589735320611105340e-01	2.482518867665533535e-01	1.498870499290899660e-01	7.284681647045714026e-02	2.862728756948371839e-02	7.444933449693678928e-02
1.120427581482563710e+03	2.667369781413073127e-01	1.588365717883402639e-01	2.484063016052094619e-01	1.499804153003179708e-01	7.288522038056502450e-02	2.864719349135243925e-02	7.450731929290715927e-02
1.121878912546660331e+03	2.665102505157030954e-01	1.586998448701225917e-01	2.485604426661356947e-01	1.500736174495406750e-01	7.292355813136708331e-02	2.866707601708647773e-02	7.456521035004411158e-02
1.123330243610756725e+03	2.662839091689474524e-01	1.585633509080236758e-01	2.487143104226378632e-01	1.501666566794462032e-01	7.296182984060213539e-02	2.868693517665434414e-02	7.462300780368807951e-02
1.124781574674853118e+03	2.660579534415641878e-01	1.584270895042923510e-01	2.488679053472030445e-01	1.502595332920748927e-01	7.300003562578559480e-02	2.870677099997580653e-02	7.468071178910387631e-02
1.126232905738949967e+03	2.658323826752066465e-01	1.582910602618589901e-01	2.490212279115011085e-01	1.503522475888212362e-01	7.303817560420991506e-02	2.872658351692201212e-02	7.473832244147984860e-02
1.127684236803046360e+03	2.656071962126558827e-01	1.581552627843342551e-01	2.491742785863860499e-01	1.504447998704357414e-01	7.307624989294518592e-02	2.874637275731562955e-02	7.479583989592707149e-02
1.129135567867143209e+03	2.653823933978185501e-01	1.580196966760079313e-01	2.493270578418976258e-01	1.505371904370267078e-01	7.311425860883957739e-02	2.876613875093098766e-02	7.485326428747844651e-02
1.130586898931239830e+03	2.651579735757252365e-01	1.578843615418478175e-01	2.494795661472626047e-01	1.506294195880622799e-01	7.315220186851986717e-02	2.878588152749418996e-02	7.491059575108791058e-02
1.132038229995336451e+03	2.649339360925281883e-01	1.577492569874983930e-01	2.496318039708964320e-01	1.507214876223721967e-01	7.319007978839195405e-02	2.880560111668326387e-02	7.496783442162961719e-02
1.133489561059432845e+03	2.647102802954994782e-01	1.576143826192798192e-01	2.497837717804044233e-01	1.508133948381496225e-01	7.322789248464131595e-02	2.882529754812829595e-02	7.502498043389708993e-02
1.134940892123529466e+03	2.644870055330293956e-01	1.574797380441867178e-01	2.499354700425833742e-01	1.509051415329530910e-01	7.326564007323355110e-02	2.884497085141153952e-02	7.508203392260241749e-02
1.136392223187626087e+03	2.642641111546240595e-01	1.573453228698869777e-01	2.500868992234229204e-01	1.509967280037082527e-01	7.330332266991484991e-02	2.886462105606758116e-02	7.513899502237547656e-02
1.137843554251722708e+03	2.640415965109036978e-01	1.572111367047205610e-01	2.502380597881070923e-01	1.510881545467097631e-01	7.334094039021248068e-02	2.888424819158343440e-02	7.519586386776312692e-02
1.139294885315819101e+03	2.638194609536007040e-01	1.570771791576983933e-01	2.503889522010155355e-01	1.511794214576231143e-01	7.337849334943534474e-02	2.890385228739869583e-02	7.525264059322842036e-02
1.140746216379915950e+03	2.635977038355577506e-01	1.569434498385011978e-01	2.505395769257250382e-01	1.512705290314863005e-01	7.341598166267437886e-02	2.892343337290567348e-02	7.530932533314980970e-02
1.142197547444012343e+03	2.633763245107257900e-01	1.568099483574783570e-01	2.506899344250110850e-01	1.513614775627118714e-01	7.345340544480312428e-02	2.894299147744949091e-02	7.536591822182038547e-02
1.143648878508108737e+03	2.631553223341622783e-01	1.566766743256466921e-01	2.508400251608490783e-01	1.514522673450885704e-01	7.349076481047817078e-02	2.896252663032824679e-02	7.542241939344712653e-02
1.145100209572205586e+03	2.629346966620289550e-01	1.565436273546893797e-01	2.509898495944158370e-01	1.515428986717831661e-01	7.352805987413962852e-02	2.898203886079311203e-02	7.547882898215010905e-02
1.146551540636302207e+03	2.627144468515902886e-01	1.564108070569546760e-01	2.511394081860910399e-01	1.516333718353422289e-01	7.356529075001168316e-02	2.900152819804848597e-02	7.553514712196177094e-02
1.148002871700398828e+03	2.624945722612114229e-01	1.562782130454549168e-01	2.512887013954586690e-01	1.517236871276939070e-01	7.360245755210301222e-02	2.902099467125208998e-02	7.559137394682620414e-02
1.149454202764495449e+03	2.622750722503562337e-01	1.561458449338653243e-01	2.514377296813082863e-01	1.518138448401496476e-01	7.363956039420731237e-02	2.904043830951513749e-02	7.564750959059833579e-02
1.150905533828591842e+03	2.620559461795854972e-01	1.560137023365227860e-01	2.515864935016365322e-01	1.519038452634061120e-01	7.367659938990374358e-02	2.905985914190240688e-02	7.570355418704326211e-02
1.152356864892688463e+03	2.618371934105549470e-01	1.558817848684248830e-01	2.517349933136485141e-01	1.519936886875467574e-01	7.371357465255744257e-02	2.907925719743240794e-02	7.575950786983549901e-02
1.153808195956785084e+03	2.616188133060133869e-01	1.557500921452284193e-01	2.518832295737591931e-01	1.520833754020436968e-01	7.375048629531998079e-02	2.909863250507748259e-02	7.581537077255828816e-02
1.155259527020881706e+03	2.614008052298009699e-01	1.556186237832486718e-01	2.520312027375948838e-01	1.521729056957593640e-01	7.378733443112985013e-02	2.911798509376394006e-02	7.587114302870284765e-02
1.156710858084978327e+03	2.611831685468469222e-01	1.554873793994580033e-01	2.521789132599945860e-01	1.522622798569483182e-01	7.382411917271290702e-02	2.913731499237217151e-02	7.592682477166767807e-02
1.158162189149074720e+03	2.609659026231680445e-01	1.553563586114848349e-01	2.523263615950112615e-01	1.523514981732589091e-01	7.386084063258291366e-02	2.915662222973677831e-02	7.598241613475789635e-02
1.159613520213171569e+03	2.607490068258667693e-01	1.552255610376124251e-01	2.524735481959132777e-01	1.524405609317350252e-01	7.389749892304194046e-02	2.917590683464668308e-02	7.603791725118451417e-02
1.161064851277267962e+03	2.605324805231290508e-01	1.550949862967778425e-01	2.526204735151860170e-01	1.525294684188177874e-01	7.393409415618089342e-02	2.919516883584526504e-02	7.609332825406378564e-02
1.162516182341364356e+03	2.603163230842228115e-01	1.549646340085707175e-01	2.527671380045330429e-01	1.526182209203472695e-01	7.397062644387991659e-02	2.921440826203047791e-02	7.614864927641645798e-02
1.163967513405461204e+03	2.601005338794957211e-01	1.548345037932322144e-01	2.529135421148775431e-01	1.527068187215642470e-01	7.400709589780893327e-02	2.923362514185495753e-02	7.620388045116718856e-02
1.165418844469557826e+03	2.598851122803736424e-01	1.547045952716538386e-01	2.530596862963636062e-01	1.527952621071116956e-01	7.404350262942807626e-02	2.925281950392615363e-02	7.625902191114383721e-02
1.166870175533654447e+03	2.596700576593586329e-01	1.545749080653763818e-01	2.532055709983578318e-01	1.528835513610367070e-01	7.407984674998814578e-02	2.927199137680644436e-02	7.631407378907680006e-02
1.168321506597751068e+03	2.594553693900271130e-01	1.544454417965887005e-01	2.533511966694503847e-01	1.529716867667920699e-01	7.411612837053106750e-02	2.929114078901325774e-02	7.636903621759835725e-02
1.169772837661847461e+03	2.592410468470280338e-01	1.543161960881267170e-01	2.534965637574566610e-01	1.530596686072378809e-01	7.415234760189040597e-02	2.931026776901918263e-02	7.642390932924206237e-02
1.171224168725944082e+03	2.590270894060809903e-01	1.541871705634721978e-01	2.536416727094186752e-01	1.531474971646432648e-01	7.418850455469175320e-02	2.932937234525209019e-02	7.647869325644207628e-02
1.172675499790040703e+03	2.588134964439741670e-01	1.540583648467516720e-01	2.537865239716061705e-01	1.532351727206880676e-01	7.422459933935324217e-02	2.934845454609525534e-02	7.653338813153250098e-02
1.174126830854137097e+03	2.586002673385630612e-01	1.539297785627353754e-01	2.539311179895180071e-01	1.533226955564644112e-01	7.426063206608597700e-02	2.936751439988746076e-02	7.658799408674682452e-02
1.175578161918233945e+03	2.583874014687679854e-01	1.538014113368360303e-01	2.540754552078838269e-01	1.534100659524783861e-01	7.429660284489451871e-02	2.938655193492312884e-02	7.664251125421725486e-02
1.177029492982330339e+03	2.581748982145727345e-01	1.536732627951077623e-01	2.542195360706651641e-01	1.534972841886517170e-01	7.433251178557728767e-02	2.940556717945242218e-02	7.669693976597408147e-02
1.178480824046426733e+03	2.579627569570224765e-01	1.535453325642451294e-01	2.543633610210567220e-01	1.535843505443232893e-01	7.436835899772706315e-02	2.942456016168136512e-02	7.675127975394513413e-02
1.179932155110523581e+03	2.577509770782218657e-01	1.534176202715818726e-01	2.545069305014880379e-01	1.536712652982509253e-01	7.440414459073144138e-02	2.944353090977195817e-02	7.680553134995510289e-02
1.181383486174620202e+03	2.575395579613334318e-01	1.532901255450897782e-01	2.546502449536246493e-01	1.537580287286128278e-01	7.443986867377322403e-02	2.946247945184228556e-02	7.685969468572502461e-02
1.182834817238716823e+03	2.573284989905756937e-01	1.531628480133776782e-01	2.547933048183693150e-01	1.538446411130093561e-01	7.447553135583093176e-02	2.948140581596664020e-02	7.691376989287160293e-02
1.184286148302813444e+03	2.571177995512211600e-01	1.530357873056903684e-01	2.549361105358637358e-01	1.539311027284644695e-01	7.451113274567924827e-02	2.950031003017562423e-02	7.696775710290668093e-02
1.185737479366910065e+03	2.569074590295948313e-01	1.529089430519073312e-01	2.550786625454893874e-01	1.540174138514274205e-01	7.454667295188940890e-02	2.951919212245627047e-02	7.702165644723667215e-02
1.187188810431006686e+03	2.566974768130721452e-01	1.527823148825419308e-01	2.552209612858692966e-01	1.541035747577742809e-01	7.458215208282971409e-02	2.953805212075214653e-02	7.707546805716189442e-02
1.188640141495103080e+03	2.564878522900770341e-01	1.526559024287400812e-01	2.553630071948691516e-01	1.541895857228096078e-01	7.461757024666594573e-02	2.955689005296346233e-02	7.712919206387612581e-02
1.190091472559199701e+03	2.562785848500805930e-01	1.525297053222791632e-01	2.555048007095988560e-01	1.542754470212679696e-01	7.465292755136178349e-02	2.957570594694720195e-02	7.718282859846595234e-02
1.191542803623296322e+03	2.560696738835987474e-01	1.524037231955670535e-01	2.556463422664134733e-01	1.543611589273154727e-01	7.468822410467929052e-02	2.959449983051721036e-02	7.723637779191026842e-02
1.192994134687392716e+03	2.558611187821909216e-01	1.522779556816409863e-01	2.557876323009150021e-01	1.544467217145513993e-01	7.472346001417934369e-02	2.961327173144430794e-02	7.728983977507966618e-02
1.194445465751489564e+03	2.556529189384577072e-01	1.521524024141664988e-01	2.559286712479534320e-01	1.545321356560096782e-01	7.475863538722204993e-02	2.963202167745641533e-02	7.734321467873594980e-02
1.195896796815585958e+03	2.554450737460395304e-01	1.520270630274361545e-01	2.560694595416281305e-01	1.546174010241605501e-01	7.479375033096719028e-02	2.965074969623863674e-02	7.739650263353156645e-02
1.197348127879682352e+03	2.552375825996147096e-01	1.519019371563687937e-01	2.562099976152891756e-01	1.547025180909120112e-01	7.482880495237466401e-02	2.966945581543339178e-02	7.744970377000905126e-02
1.198799458943779200e+03	2.550304448948976233e-01	1.517770244365081733e-01	2.563502859015386881e-01	1.547874871276114506e-01	7.486379935820491882e-02	2.968814006264051258e-02	7.750281821860049991e-02
1.200250790007875821e+03	2.548236600286368225e-01	1.516523245040219958e-01	2.564903248322321638e-01	1.548723084050469823e-01	7.489873365501940883e-02	2.970680246541734099e-02	7.755584610962713843e-02
1.201702121071972442e+03	2.546172273986135881e-01	1.515278369957008542e-01	2.566301148384796948e-01	1.549569821934492220e-01	7.493360794918096923e-02	2.972544305127885686e-02	7.760878757329867095e-02
1.203153452136069063e+03	2.544111464036397652e-01	1.514035615489570663e-01	2.567696563506474683e-01	1.550415087624926469e-01	7.496842234685430206e-02	2.974406184769777181e-02	7.766164273971283560e-02
1.204604783200165684e+03	2.542054164435562091e-01	1.512794978018237591e-01	2.569089497983589321e-01	1.551258883812971778e-01	7.500317695400637863e-02	2.976265888210462979e-02	7.771441173885489107e-02
1.206056114264262078e+03	2.540000369192308982e-01	1.511556453929535915e-01	2.570479956104960162e-01	1.552101213184295669e-01	7.503787187640686973e-02	2.978123418188792504e-02	7.776709470059711693e-02
1.207507445328358699e+03	2.537950072325572681e-01	1.510320039616178944e-01	2.571867942152006314e-01	1.552942078419051186e-01	7.507250721962857587e-02	2.979978777439420273e-02	7.781969175469830025e-02
1.208958776392455093e+03	2.535903267864523802e-01	1.509085731477054215e-01	2.573253460398760573e-01	1.553781482191889385e-01	7.510708308904787134e-02	2.981831968692815263e-02	7.787220303080326367e-02
1.210410107456551941e+03	2.533859949848551452e-01	1.507853525917213777e-01	2.574636515111878299e-01	1.554619427171975710e-01	7.514159958984507892e-02	2.983682994675273398e-02	7.792462865844235198e-02
1.211861438520648335e+03	2.531820112327246020e-01	1.506623419347863646e-01	2.576017110550654077e-01	1.555455916023004981e-01	7.517605682700496950e-02	2.985531858108925879e-02	7.797696876703097413e-02
1.213312769584745183e+03	2.529783749360381973e-01	1.505395408186352979e-01	2.577395250967033924e-01	1.556290951403215272e-01	7.521045490531710898e-02	2.987378561711750286e-02	7.802922348586910362e-02
1.214764100648841804e+03	2.527750855017897869e-01	1.504169488856162973e-01	2.578770940605628059e-01	1.557124535965403178e-01	7.524479392937627464e-02	2.989223108197581330e-02	7.808139294414086218e-02
1.216215431712937971e+03	2.525721423379883035e-01	1.502945657786897427e-01	2.580144183703722005e-01	1.557956672356937966e-01	7.527907400358296863e-02	2.991065500276120573e-02	7.813347727091393691e-02
1.217666762777034819e+03	2.523695448536556474e-01	1.501723911414271084e-01	2.581514984491292686e-01	1.558787363219776845e-01	7.531329523214376487e-02	2.992905740652946484e-02	7.818547659513927495e-02
1.219118093841131440e+03	2.521672924588250209e-01	1.500504246180099921e-01	2.582883347191020085e-01	1.559616611190478563e-01	7.534745771907169765e-02	2.994743832029524849e-02	7.823739104565050062e-02
1.220569424905228061e+03	2.519653845645393742e-01	1.499286658532289762e-01	2.584249276018297237e-01	1.560444418900218955e-01	7.538156156818676124e-02	2.996579777103218489e-02	7.828922075116351298e-02
1.222020755969324682e+03	2.517638205828492959e-01	1.498071144924826292e-01	2.585612775181248546e-01	1.561270788974804813e-01	7.541560688311622906e-02	2.998413578567297663e-02	7.834096584027602783e-02
1.223472087033421303e+03	2.515625999268117363e-01	1.496857701817764230e-01	2.586973848880737004e-01	1.562095724034688327e-01	7.544959376729518108e-02	3.000245239110950132e-02	7.839262644146716141e-02
1.224923418097517697e+03	2.513617220104878980e-01	1.495646325677217892e-01	2.588332501310381395e-01	1.562919226694981234e-01	7.548352232396678130e-02	3.002074761419290874e-02	7.844420268309695854e-02
1.226374749161614318e+03	2.511611862489416813e-01	1.494437012975350088e-01	2.589688736656565182e-01	1.563741299565469256e-01	7.551739265618279129e-02	3.003902148173371797e-02	7.849569469340597627e-02
1.227826080225710712e+03	2.509609920582379083e-01	1.493229760190360467e-01	2.591042559098453713e-01	1.564561945250625974e-01	7.555120486680395875e-02	3.005727402050192149e-02	7.854710260051485371e-02
1.229277411289807560e+03	2.507611388554406018e-01	1.492024563806477189e-01	2.592393972808002545e-01	1.565381166349627540e-01	7.558495905850040608e-02	3.007550525722708576e-02	7.859842653242390953e-02
1.230728742353903954e+03	2.505616260586112642e-01	1.490821420313945267e-01	2.593742981949971882e-01	1.566198965456366554e-01	7.561865533375203285e-02	3.009371521859843454e-02	7.864966661701265627e-02
1.232180073418000802e+03	2.503624530868071574e-01	1.489620326209016021e-01	2.595089590681941005e-01	1.567015345159465667e-01	7.565229379484893213e-02	3.011190393126495987e-02	7.870082298203949500e-02
1.233631404482097196e+03	2.501636193600796920e-01	1.488421277993938197e-01	2.596433803154316600e-01	1.567830308042292009e-01	7.568587454389180680e-02	3.013007142183551229e-02	7.875189575514118800e-02
1.235082735546193817e+03	2.499651242994724298e-01	1.487224272176945750e-01	2.597775623510351073e-01	1.568643856682970517e-01	7.571939768279237204e-02	3.014821771687889798e-02	7.880288506383256730e-02
1.236534066610290438e+03	2.497669673270196955e-01	1.486029305272248691e-01	2.599115055886148662e-01	1.569455993654398362e-01	7.575286331327371614e-02	3.016634284292398632e-02	7.885379103550602120e-02
1.237985397674387059e+03	2.495691478657446893e-01	1.484836373800022258e-01	2.600452104410684306e-01	1.570266721524259113e-01	7.578627153687075846e-02	3.018444682645979316e-02	7.890461379743118897e-02
1.239436728738483680e+03	2.493716653396578220e-01	1.483645474286397759e-01	2.601786773205810865e-01	1.571076042855035770e-01	7.581962245493061026e-02	3.020252969393557793e-02	7.895535347675455840e-02
1.240888059802580301e+03	2.491745191737550491e-01	1.482456603263450357e-01	2.603119066386275771e-01	1.571883960204024377e-01	7.585291616861301878e-02	3.022059147176093044e-02	7.900601020049902168e-02
1.242339390866676695e+03	2.489777087940160394e-01	1.481269757269190468e-01	2.604448988059730463e-01	1.572690476123348446e-01	7.588615277889070032e-02	3.023863218630589572e-02	7.905658409556352850e-02
1.243790721930773088e+03	2.487812336274027591e-01	1.480084932847552381e-01	2.605776542326744827e-01	1.573495593159971451e-01	7.591933238654977045e-02	3.025665186390102956e-02	7.910707528872271133e-02
1.245242052994869937e+03	2.485850931018574739e-01	1.478902126548385099e-01	2.607101733280818290e-01	1.574299313855711535e-01	7.595245509219016034e-02	3.027465053083751995e-02	7.915748390662655232e-02
1.246693384058966330e+03	2.483892866463011939e-01	1.477721334927440955e-01	2.608424565008393703e-01	1.575101640747254284e-01	7.598552099622597755e-02	3.029262821336726336e-02	7.920781007579991151e-02
1.248144715123063179e+03	2.481938136906320092e-01	1.476542554546367292e-01	2.609745041588866776e-01	1.575902576366166041e-01	7.601853019888592244e-02	3.031058493770297582e-02	7.925805392264227700e-02
1.249596046187159800e+03	2.479986736657233959e-01	1.475365781972694523e-01	2.611063167094604398e-01	1.576702123238908071e-01	7.605148280021363505e-02	3.032852073001826576e-02	7.930821557342729311e-02
1.251047377251256421e+03	2.478038660034225238e-01	1.474191013779826143e-01	2.612378945590948520e-01	1.577500283886849319e-01	7.608437890006816695e-02	3.034643561644773807e-02	7.935829515430251058e-02
1.252498708315352815e+03	2.476093901365485628e-01	1.473018246547029564e-01	2.613692381136236143e-01	1.578297060826279186e-01	7.611721859812428659e-02	3.036432962308708433e-02	7.940829279128895635e-02
1.253950039379449436e+03	2.474152454988910177e-01	1.471847476859425297e-01	2.615003477781807639e-01	1.579092456568422231e-01	7.615000199387293722e-02	3.038220277599316607e-02	7.945820861028082827e-02
1.255401370443546057e+03	2.472214315252080352e-01	1.470678701307977232e-01	2.616312239572020082e-01	1.579886473619449561e-01	7.618272918662157001e-02	3.040005510118412232e-02	7.950804273704513425e-02
1.256852701507642678e+03	2.470279476512247940e-01	1.469511916489482095e-01	2.617618670544257786e-01	1.580679114480493530e-01	7.621540027549453256e-02	3.041788662463944595e-02	7.955779529722134535e-02
1.258304032571739299e+03	2.468347933136318118e-01	1.468347119006560286e-01	2.618922774728948966e-01	1.581470381647660239e-01	7.624801535943354081e-02	3.043569737230007732e-02	7.960746641632110432e-02
1.259755363635835920e+03	2.466419679500833073e-01	1.467184305467645056e-01	2.620224556149572392e-01	1.582260277612042021e-01	7.628057453719792880e-02	3.045348737006849452e-02	7.965705621972779538e-02
1.261206694699932314e+03	2.464494709991954524e-01	1.466023472486972512e-01	2.621524018822673496e-01	1.583048804859731040e-01	7.631307790736513441e-02	3.047125664380881394e-02	7.970656483269634995e-02
1.262658025764028707e+03	2.462573019005448727e-01	1.464864616684572185e-01	2.622821166757875466e-01	1.583835965871831786e-01	7.634552556833104631e-02	3.048900521934685970e-02	7.975599238035281646e-02
1.264109356828125556e+03	2.460654600946667325e-01	1.463707734686255646e-01	2.624116003957890908e-01	1.584621763124474669e-01	7.637791761831035087e-02	3.050673312247025731e-02	7.980533898769409662e-02
1.265560687892221949e+03	2.458739450230534029e-01	1.462552823123609014e-01	2.625408534418533502e-01	1.585406199088828239e-01	7.641025415533700405e-02	3.052444037892854470e-02	7.985460477958759851e-02
1.267012018956318798e+03	2.456827561281525740e-01	1.461399878633980742e-01	2.626698762128731324e-01	1.586189276231111944e-01	7.644253527726450892e-02	3.054212701443322769e-02	7.990378988077094513e-02
1.268463350020415419e+03	2.454918928533657563e-01	1.460248897860472739e-01	2.627986691070538505e-01	1.586970997012609463e-01	7.647476108176634590e-02	3.055979305465788762e-02	7.995289441585166912e-02
1.269914681084511813e+03	2.453013546430465042e-01	1.459099877451929816e-01	2.629272325219147444e-01	1.587751363889680356e-01	7.650693166633636133e-02	3.057743852523825759e-02	8.000191850930689352e-02
1.271366012148608434e+03	2.451111409424989174e-01	1.457952814062930813e-01	2.630555668542899350e-01	1.588530379313773944e-01	7.653904712828910051e-02	3.059506345177232314e-02	8.005086228548304039e-02
1.272817343212705055e+03	2.449212511979759199e-01	1.456807704353777766e-01	2.631836725003298683e-01	1.589308045731440688e-01	7.657110756476019631e-02	3.061266785982039856e-02	8.009972586859552546e-02
1.274268674276801676e+03	2.447316848566776781e-01	1.455664544990486753e-01	2.633115498555024248e-01	1.590084365584345794e-01	7.660311307270678549e-02	3.063025177490521708e-02	8.014850938272848058e-02
1.275720005340898297e+03	2.445424413667498520e-01	1.454523332644777345e-01	2.634391993145938637e-01	1.590859341309281139e-01	7.663506374890780015e-02	3.064781522251201068e-02	8.019721295183447618e-02
1.277171336404994690e+03	2.443535201772821241e-01	1.453384063994062891e-01	2.635666212717104329e-01	1.591632975338177491e-01	7.666695968996441179e-02	3.066535822808860376e-02	8.024583669973417432e-02
1.278622667469091539e+03	2.441649207383064790e-01	1.452246735721442195e-01	2.636938161202793673e-01	1.592405270098117831e-01	7.669880099230037829e-02	3.068288081704548947e-02	8.029438075011613440e-02
1.280073998533187932e+03	2.439766425007955930e-01	1.451111344515687296e-01	2.638207842530499447e-01	1.593176228011348450e-01	7.673058775216237692e-02	3.070038301475593034e-02	8.034284522653646621e-02
1.281525329597284326e+03	2.437886849166613079e-01	1.449977887071235427e-01	2.639475260620947616e-01	1.593945851495291999e-01	7.676232006562043464e-02	3.071786484655602417e-02	8.039123025241859399e-02
1.282976660661381175e+03	2.436010474387528268e-01	1.448846360088178187e-01	2.640740419388111770e-01	1.594714142962560255e-01	7.679399802856827495e-02	3.073532633774480119e-02	8.043953595105296506e-02
1.284427991725477568e+03	2.434137295208552987e-01	1.447716760272253211e-01	2.642003322739220894e-01	1.595481104820964946e-01	7.682562173672365102e-02	3.075276751358430385e-02	8.048776244559679993e-02
1.285879322789574417e+03	2.432267306176880139e-01	1.446589084334832798e-01	2.643263974574772690e-01	1.596246739473531351e-01	7.685719128562874813e-02	3.077018839929965971e-02	8.053590985907382871e-02
1.287330653853671038e+03	2.430400501849030448e-01	1.445463328992915852e-01	2.644522378788547456e-01	1.597011049318509401e-01	7.688870677065051673e-02	3.078758902007918546e-02	8.058397831437399961e-02
1.288781984917767431e+03	2.428536876790833576e-01	1.444339490969116235e-01	2.645778539267616414e-01	1.597774036749386173e-01	7.692016828698107489e-02	3.080496940107445639e-02	8.063196793425327080e-02
1.290233315981864052e+03	2.426676425577414531e-01	1.443217566991654988e-01	2.647032459892355027e-01	1.598535704154898096e-01	7.695157592963804138e-02	3.082232956740038263e-02	8.067987884133331900e-02
