1.001418434226643626e+03	2.822230397132697299e-01	1.776376226446960416e-01	2.336474343626527839e-01	1.413819057792471690e-01	6.830034439136879743e-02	2.750824036090551358e-02	6.930141274778918448e-02
1.002869765290740247e+03	2.819711232577991056e-01	1.774696774474911198e-01	2.338244757203286617e-01	1.414876257200083087e-01	6.834430825176444901e-02	2.753598192014453799e-02	6.936680768239308903e-02
1.004321096354836754e+03	2.817196334980986983e-01	1.773020167941534997e-01	2.340012102737290267e-01	1.415931543192458231e-01	6.838819953759391057e-02	2.756368971003432186e-02	6.943209586707399517e-02
1.005772427418933376e+03	2.814685697088735172e-01	1.771346402015930299e-01	2.341776385451936338e-01	1.416984919778263297e-01	6.843201836918630376e-02	2.759136372778920113e-02	6.949727746946728069e-02
1.007223758483029997e+03	2.812179311660866210e-01	1.769675471875326034e-01	2.343537610561739759e-01	1.418036390955448867e-01	6.847576486667962536e-02	2.761900397091442833e-02	6.956235265699724224e-02
1.008675089547126618e+03	2.809677171469562307e-01	1.768007372705071023e-01	2.345295783272348666e-01	1.419085960711289340e-01	6.851943915002096930e-02	2.764661043720430603e-02	6.962732159687703981e-02
1.010126420611223239e+03	2.807179269299532320e-01	1.766342099698622881e-01	2.347050908780561052e-01	1.420133633022420960e-01	6.856304133896679032e-02	2.767418312474034803e-02	6.969218445610858570e-02
1.011577751675319632e+03	2.804685597947986775e-01	1.764679648057538852e-01	2.348802992274338641e-01	1.421179411854879282e-01	6.860657155308309829e-02	2.770172203188943708e-02	6.975694140148255840e-02
1.013029082739416367e+03	2.802196150224611770e-01	1.763020012991463326e-01	2.350552038932821886e-01	1.422223301164137199e-01	6.865002991174570801e-02	2.772922715730199300e-02	6.982159259957830544e-02
1.014480413803512761e+03	2.799710918951544003e-01	1.761363189718117561e-01	2.352298053926346610e-01	1.423265304895141858e-01	6.869341653414046123e-02	2.775669849991015473e-02	6.988613821676378790e-02
1.015931744867609382e+03	2.797229896963343565e-01	1.759709173463289145e-01	2.354041042416457896e-01	1.424305426982353517e-01	6.873673153926343482e-02	2.778413605892596921e-02	6.995057841919559427e-02
1.017383075931706003e+03	2.794753077106970629e-01	1.758057959460820052e-01	2.355781009555926175e-01	1.425343671349781072e-01	6.877997504592117672e-02	2.781153983383959777e-02	7.001491337281884331e-02
1.018834406995802851e+03	2.792280452241759914e-01	1.756409542952597214e-01	2.357517960488761388e-01	1.426380041911019803e-01	6.882314717273098348e-02	2.783890982441751885e-02	7.007914324336715628e-02
1.020285738059899245e+03	2.789812015239395149e-01	1.754763919188539745e-01	2.359251900350228526e-01	1.427414542569288292e-01	6.886624803812105289e-02	2.786624603070074480e-02	7.014326819636258759e-02
1.021737069123995752e+03	2.787347758983883539e-01	1.753121083426589510e-01	2.360982834266863173e-01	1.428447177217465613e-01	6.890927776033074770e-02	2.789354845300304891e-02	7.020728839711561087e-02
1.023188400188092373e+03	2.784887676371534115e-01	1.751481030932697802e-01	2.362710767356485941e-01	1.429477949738126030e-01	6.895223645741087315e-02	2.792081709190920302e-02	7.027120401072513289e-02
1.024639731252188767e+03	2.782431760310929425e-01	1.749843756980816734e-01	2.364435704728217735e-01	1.430506864003578404e-01	6.899512424722384352e-02	2.794805194827322883e-02	7.033501520207832702e-02
1.026091062316285615e+03	2.779980003722902770e-01	1.748209256852885640e-01	2.366157651482494739e-01	1.431533923875899506e-01	6.903794124744390415e-02	2.797525302321664242e-02	7.039872213585075811e-02
1.027542393380382237e+03	2.777532399540515451e-01	1.746577525838821643e-01	2.367876612711082573e-01	1.432559133206971480e-01	6.908068757555746453e-02	2.800242031812671950e-02	7.046232497650622983e-02
1.028993724444478858e+03	2.775088940709029561e-01	1.744948559236506880e-01	2.369592593497093225e-01	1.433582495838517934e-01	6.912336334886320932e-02	2.802955383465477457e-02	7.052582388829681248e-02
1.030445055508575479e+03	2.772649620185884123e-01	1.743322352351777960e-01	2.371305598914997537e-01	1.434604015602138904e-01	6.916596868447244528e-02	2.805665357471443661e-02	7.058921903526281516e-02
1.031896386572671872e+03	2.770214430940674544e-01	1.741698900498414304e-01	2.373015634030641030e-01	1.435623696319346942e-01	6.920850369930922619e-02	2.808371954047993863e-02	7.065251058123274419e-02
1.033347717636768493e+03	2.767783365955123198e-01	1.740078198998126213e-01	2.374722703901259446e-01	1.436641541801602640e-01	6.925096851011068588e-02	2.811075173438442112e-02	7.071569868982328921e-02
1.034799048700865114e+03	2.765356418223061108e-01	1.738460243180544318e-01	2.376426813575492902e-01	1.437657555850349600e-01	6.929336323342719095e-02	2.813775015911823899e-02	7.077878352443932319e-02
1.036250379764961508e+03	2.762933580750400742e-01	1.736845028383207645e-01	2.378127968093400879e-01	1.438671742257049413e-01	6.933568798562263213e-02	2.816471481762727186e-02	7.084176524827386079e-02
1.037701710829058356e+03	2.760514846555111590e-01	1.735232549951551406e-01	2.379826172486476099e-01	1.439684104803217179e-01	6.937794288287466027e-02	2.819164571311125883e-02	7.090464402430803059e-02
1.039153041893154750e+03	2.758100208667201847e-01	1.733622803238896171e-01	2.381521431777660902e-01	1.440694647260455374e-01	6.942012804117490832e-02	2.821854284902212615e-02	7.096742001531110289e-02
1.040604372957251599e+03	2.755689660128690099e-01	1.732015783606435932e-01	2.383213750981360568e-01	1.441703373390489928e-01	6.946224357632917179e-02	2.824540622906233575e-02	7.103009338384043414e-02
1.042055704021347992e+03	2.753283193993582567e-01	1.730411486423226730e-01	2.384903135103458027e-01	1.442710286945203535e-01	6.950428960395778344e-02	2.827223585718323384e-02	7.109266429224149475e-02
1.043507035085444613e+03	2.750880803327852564e-01	1.728809907066174711e-01	2.386589589141329404e-01	1.443715391666670067e-01	6.954626623949572428e-02	2.829903173758340634e-02	7.115513290264784130e-02
1.044958366149541234e+03	2.748482481209414408e-01	1.727211040920024199e-01	2.388273118083858171e-01	1.444718691287189272e-01	6.958817359819291504e-02	2.832579387470705867e-02	7.121749937698111654e-02
1.046409697213637855e+03	2.746088220728102325e-01	1.725614883377345754e-01	2.389953726911449028e-01	1.445720189529320354e-01	6.963001179511443817e-02	2.835252227324237470e-02	7.127976387695104943e-02
1.047861028277734476e+03	2.743698014985647693e-01	1.724021429838526187e-01	2.391631420596044277e-01	1.446719890105916673e-01	6.967178094514080156e-02	2.837921693811992080e-02	7.134192656405544120e-02
1.049312359341831097e+03	2.741311857095654059e-01	1.722430675711754677e-01	2.393306204101135759e-01	1.447717796720158767e-01	6.971348116296817443e-02	2.840587787451103949e-02	7.140398759958016539e-02
1.050763690405927491e+03	2.738929740183576600e-01	1.720842616413010839e-01	2.394978082381781503e-01	1.448713913065587666e-01	6.975511256310858166e-02	2.843250508782623268e-02	7.146594714459920950e-02
1.052215021470024112e+03	2.736551657386698810e-01	1.719257247366055008e-01	2.396647060384619610e-01	1.449708242826139304e-01	6.979667525989023680e-02	2.845909858371358653e-02	7.152780535997460554e-02
1.053666352534120733e+03	2.734177601854109740e-01	1.717674564002414639e-01	2.398313143047882401e-01	1.450700789676176716e-01	6.983816936745766701e-02	2.848565836805718940e-02	7.158956240635652724e-02
1.055117683598217127e+03	2.731807566746681792e-01	1.716094561761372650e-01	2.399976335301410579e-01	1.451691557280524458e-01	6.987959499977203226e-02	2.851218444697556365e-02	7.165121844418320673e-02
1.056569014662313975e+03	2.729441545237046851e-01	1.714517236089956598e-01	2.401636642066668492e-01	1.452680549294500523e-01	6.992095227061134732e-02	2.853867682682009049e-02	7.171277363368101787e-02
1.058020345726410369e+03	2.727079530509577965e-01	1.712942582442924799e-01	2.403294068256758287e-01	1.453667769363949924e-01	6.996224129357071775e-02	2.856513551417345573e-02	7.177422813486447617e-02
1.059471676790506763e+03	2.724721515760361590e-01	1.711370596282756340e-01	2.404948618776432678e-01	1.454653221125277174e-01	7.000346218206258964e-02	2.859156051584811273e-02	7.183558210753619722e-02
1.060923007854603611e+03	2.722367494197181492e-01	1.709801273079638029e-01	2.406600298522112436e-01	1.455636908205478197e-01	7.004461504931698557e-02	2.861795183888472122e-02	7.189683571128696604e-02
1.062374338918700232e+03	2.720017459039490437e-01	1.708234608311453018e-01	2.408249112381897206e-01	1.456618834222174197e-01	7.008570000838176828e-02	2.864430949055064152e-02	7.195798910549573713e-02
1.063825669982796853e+03	2.717671403518394091e-01	1.706670597463768313e-01	2.409895065235582445e-01	1.457599002783643016e-01	7.012671717212282108e-02	2.867063347833838718e-02	7.201904244932967603e-02
1.065277001046893474e+03	2.715329320876623820e-01	1.705109236029822839e-01	2.411538161954672466e-01	1.458577417488851058e-01	7.016766665322439478e-02	2.869692380996412620e-02	7.207999590174414550e-02
1.066728332110990095e+03	2.712991204368520037e-01	1.703550519510516059e-01	2.413178407402393477e-01	1.459554081927486036e-01	7.020854856418923262e-02	2.872318049336615095e-02	7.214084962148274716e-02
1.068179663175086489e+03	2.710657047260006669e-01	1.701994443414395208e-01	2.414815806433711076e-01	1.460528999679988338e-01	7.024936301733887556e-02	2.874940353670340717e-02	7.220160376707734917e-02
1.069630994239183110e+03	2.708326842828570058e-01	1.700441003257643358e-01	2.416450363895340514e-01	1.461502174317582670e-01	7.029011012481392595e-02	2.877559294835398129e-02	7.226225849684810021e-02
1.071082325303279504e+03	2.706000584363239536e-01	1.698890194564068590e-01	2.418082084625763906e-01	1.462473609402310526e-01	7.033078999857425573e-02	2.880174873691361201e-02	7.232281396890349878e-02
1.072533656367376352e+03	2.703678265164562999e-01	1.697342012865090122e-01	2.419710973455242997e-01	1.463443308487061278e-01	7.037140275039922843e-02	2.882787091119423661e-02	7.238327034114036551e-02
1.073984987431472746e+03	2.701359878544589144e-01	1.695796453699727202e-01	2.421337035205832489e-01	1.464411275115602429e-01	7.041194849188804616e-02	2.885395948022250259e-02	7.244362777124391251e-02
1.075436318495569594e+03	2.699045417826841375e-01	1.694253512614587176e-01	2.422960274691395854e-01	1.465377512822612083e-01	7.045242733445986061e-02	2.888001445323830699e-02	7.250388641668774337e-02
1.076887649559666215e+03	2.696734876346300602e-01	1.692713185163853273e-01	2.424580696717618111e-01	1.466342025133710036e-01	7.049283938935406446e-02	2.890603583969335311e-02	7.256404643473395033e-02
1.078338980623762609e+03	2.694428247449381919e-01	1.691175466909272396e-01	2.426198306082019973e-01	1.467304815565487475e-01	7.053318476763061062e-02	2.893202364924969683e-02	7.262410798243308652e-02
1.079790311687859230e+03	2.692125524493913513e-01	1.689640353420142627e-01	2.427813107573972562e-01	1.468265887625539445e-01	7.057346358017015098e-02	2.895797789177830678e-02	7.268407121662426307e-02
1.081241642751955851e+03	2.689826700849116681e-01	1.688107840273302407e-01	2.429425105974710730e-01	1.469225244812494002e-01	7.061367593767434170e-02	2.898389857735763839e-02	7.274393629393513527e-02
1.082692973816052472e+03	2.687531769895585287e-01	1.686577923053117212e-01	2.431034306057346661e-01	1.470182890616043847e-01	7.065382195066605142e-02	2.900978571627221142e-02	7.280370337078197196e-02
1.084144304880149093e+03	2.685240725025261344e-01	1.685050597351467894e-01	2.432640712586884579e-01	1.471138828516975749e-01	7.069390172948963880e-02	2.903563931901119097e-02	7.286337260336971100e-02
1.085595635944245487e+03	2.682953559641418906e-01	1.683525858767739303e-01	2.434244330320233796e-01	1.472093061987201912e-01	7.073391538431120229e-02	2.906145939626697886e-02	7.292294414769198707e-02
1.087046967008342108e+03	2.680670267158638542e-01	1.682003702908806408e-01	2.435845164006223418e-01	1.473045594489789112e-01	7.077386302511878835e-02	2.908724595893381545e-02	7.298241815953120104e-02
1.088498298072438729e+03	2.678390841002790679e-01	1.680484125389024863e-01	2.437443218385615396e-01	1.473996429478989234e-01	7.081374476172265509e-02	2.911299901810639190e-02	7.304179479445853385e-02
1.089949629136535123e+03	2.676115274611012285e-01	1.678967121830216014e-01	2.439038498191118953e-01	1.474945570400269246e-01	7.085356070375552207e-02	2.913871858507844151e-02	7.310107420783402976e-02
1.091400960200631971e+03	2.673843561431687443e-01	1.677452687861656355e-01	2.440631008147403913e-01	1.475893020690340618e-01	7.089331096067282012e-02	2.916440467134137973e-02	7.316025655480662415e-02
1.092852291264728365e+03	2.671575694924425703e-01	1.675940819120065872e-01	2.442220752971114850e-01	1.476838783777189301e-01	7.093299564175291338e-02	2.919005728858293722e-02	7.321934199031422674e-02
1.094303622328825213e+03	2.669311668560043205e-01	1.674431511249594717e-01	2.443807737370884137e-01	1.477782863080104592e-01	7.097261485609739073e-02	2.921567644868578242e-02	7.327833066908374937e-02
1.095754953392921607e+03	2.667051475820542694e-01	1.672924759901811831e-01	2.445391966047346100e-01	1.478725262009709107e-01	7.101216871263123231e-02	2.924126216372617201e-02	7.333722274563121701e-02
1.097206284457018228e+03	2.664795110199088546e-01	1.671420560735693006e-01	2.446973443693151729e-01	1.479665983967988208e-01	7.105165732010314261e-02	2.926681444597259082e-02	7.339601837426174002e-02
1.098657615521114849e+03	2.662542565199991773e-01	1.669918909417608399e-01	2.448552174992979780e-01	1.480605032348318584e-01	7.109108078708574474e-02	2.929233330788442655e-02	7.345471770906963904e-02
1.100108946585211470e+03	2.660293834338687269e-01	1.668419801621310317e-01	2.450128164623553151e-01	1.481542410535496845e-01	7.113043922197583024e-02	2.931781876211061663e-02	7.351332090393850049e-02
1.101560277649308091e+03	2.658048911141714932e-01	1.666923233027921281e-01	2.451701417253649984e-01	1.482478121905769775e-01	7.116973273299465053e-02	2.934327082148832991e-02	7.357182811254121824e-02
1.103011608713404712e+03	2.655807789146695796e-01	1.665429199325922094e-01	2.453271937544119485e-01	1.483412169826862081e-01	7.120896142818806951e-02	2.936868949904164472e-02	7.363023948834007681e-02
1.104462939777501106e+03	2.653570461902318711e-01	1.663937696211140183e-01	2.454839730147894417e-01	1.484344557658005270e-01	7.124812541542691058e-02	2.939407480798022360e-02	7.368855518458680698e-02
1.105914270841597499e+03	2.651336922968313692e-01	1.662448719386736551e-01	2.456404799710003861e-01	1.485275288749965950e-01	7.128722480240712311e-02	2.941942676169801915e-02	7.374677535432266895e-02
1.107365601905694348e+03	2.649107165915435824e-01	1.660962264563193846e-01	2.457967150867588491e-01	1.486204366445074421e-01	7.132625969665008780e-02	2.944474537377196957e-02	7.380490015037852181e-02
1.108816932969790741e+03	2.646881184325442504e-01	1.659478327458305258e-01	2.459526788249912777e-01	1.487131794077252989e-01	7.136523020550282481e-02	2.947003065796070451e-02	7.386292972537489288e-02
1.110268264033887590e+03	2.644658971791077340e-01	1.657996903797162025e-01	2.461083716478378314e-01	1.488057574972044550e-01	7.140413643613827133e-02	2.949528262820325444e-02	7.392086423172201937e-02
1.111719595097984211e+03	2.642440521916047391e-01	1.656517989312140116e-01	2.462637940166538808e-01	1.488981712446639238e-01	7.144297849555548974e-02	2.952050129861777394e-02	7.397870382161997327e-02
1.113170926162080832e+03	2.640225828315004297e-01	1.655041579742889957e-01	2.464189463920111456e-01	1.489904209809903290e-01	7.148175649057993131e-02	2.954568668350026489e-02	7.403644864705870299e-02
1.114622257226177226e+03	2.638014884613523736e-01	1.653567670836323944e-01	2.465738292336991377e-01	1.490825070362407634e-01	7.152047052786369985e-02	2.957083879732331361e-02	7.409409885981813049e-02
1.116073588290273847e+03	2.635807684448087662e-01	1.652096258346603674e-01	2.467284430007264662e-01	1.491744297396453978e-01	7.155912071388575990e-02	2.959595765473483492e-02	7.415165461146822068e-02
1.117524919354370468e+03	2.633604221466063766e-01	1.650627338035128289e-01	2.468827881513222799e-01	1.492661894196103123e-01	7.159770715495221427e-02	2.962104327055681274e-02	7.420911605336905081e-02
1.118976250418467089e+03	2.631404489325683826e-01	1.649160905670523092e-01	2.470368651429374618e-01	1.493577864037202441e-01	7.163622995719652609e-02	2.964609565978405456e-02	7.426648333667092150e-02
1.120427581482563710e+03	2.629208481696027611e-01	1.647696957028626508e-01	2.471906744322459604e-01	1.494492210187413628e-01	7.167468922657981023e-02	2.967111483758294935e-02	7.432375661231442610e-02
1.121878912546660331e+03	2.627016192257002336e-01	1.646235487892478422e-01	2.473442164751462058e-01	1.495404935906238242e-01	7.171308506889102763e-02	2.969610081929024287e-02	7.438093603103052009e-02
1.123330243610756725e+03	2.624827614699323242e-01	1.644776494052308524e-01	2.474974917267623864e-01	1.496316044445046844e-01	7.175141758974723505e-02	2.972105362041180254e-02	7.443802174334063215e-02
1.124781574674853118e+03	2.622642742724492493e-01	1.643319971305524096e-01	2.476505006414457533e-01	1.497225539047105092e-01	7.178968689459384878e-02	2.974597325662140662e-02	7.449501389955674735e-02
1.126232905738949967e+03	2.620461570044782529e-01	1.641865915456698355e-01	2.478032436727760079e-01	1.498133422947599824e-01	7.182789308870493605e-02	2.977085974375951599e-02	7.455191264978150434e-02
1.127684236803046360e+03	2.618284090383213858e-01	1.640414322317557405e-01	2.479557212735625515e-01	1.499039699373667378e-01	7.186603627718335385e-02	2.979571309783208763e-02	7.460871814390822310e-02
1.129135567867143209e+03	2.616110297473539514e-01	1.638965187706969695e-01	2.481079338958457892e-01	1.499944371544418842e-01	7.190411656496106807e-02	2.982053333500934988e-02	7.466543053162108534e-02
1.130586898931239830e+03	2.613940185060222854e-01	1.637518507450933247e-01	2.482598819908984900e-01	1.500847442670968368e-01	7.194213405679938944e-02	2.984532047162462634e-02	7.472204996239514840e-02
1.132038229995336451e+03	2.611773746898420900e-01	1.636074277382563447e-01	2.484115660092270916e-01	1.501748915956457042e-01	7.198008885728922335e-02	2.987007452417314926e-02	7.477857658549652564e-02
1.133489561059432845e+03	2.609610976753962697e-01	1.634632493342082216e-01	2.485629864005730050e-01	1.502648794596080917e-01	7.201798107085127798e-02	2.989479550931085222e-02	7.483501054998241420e-02
1.134940892123529466e+03	2.607451868403331541e-01	1.633193151176805247e-01	2.487141436139138906e-01	1.503547081777117655e-01	7.205581080173635578e-02	2.991948344385323907e-02	7.489135200470121989e-02
1.136392223187626087e+03	2.605296415633647222e-01	1.631756246741129512e-01	2.488650380974649912e-01	1.504443780678950682e-01	7.209357815402557546e-02	2.994413834477417310e-02	7.494760109829262662e-02
1.137843554251722708e+03	2.603144612242644929e-01	1.630321775896523273e-01	2.490156702986804360e-01	1.505338894473096933e-01	7.213128323163063571e-02	2.996876022920473906e-02	7.500375797918774901e-02
1.139294885315819101e+03	2.600996452038658591e-01	1.628889734511511922e-01	2.491660406642545456e-01	1.506232426323232121e-01	7.216892613829402336e-02	2.999334911443207394e-02	7.505982279560918791e-02
1.140746216379915950e+03	2.598851928840599790e-01	1.627460118461668548e-01	2.493161496401230526e-01	1.507124379385215984e-01	7.220650697758929093e-02	3.001790501789822554e-02	7.511579569557116920e-02
1.142197547444012343e+03	2.596711036477939438e-01	1.626032923629599225e-01	2.494659976714644622e-01	1.508014756807118939e-01	7.224402585292127865e-02	3.004242795719900758e-02	7.517167682687957153e-02
1.143648878508108737e+03	2.594573768790691681e-01	1.624608145904933854e-01	2.496155852027014121e-01	1.508903561729246778e-01	7.228148286752640594e-02	3.006691795008285470e-02	7.522746633713216224e-02
1.145100209572205586e+03	2.592440119629392803e-01	1.623185781184312559e-01	2.497649126775018102e-01	1.509790797284166763e-01	7.231887812447283792e-02	3.009137501444969498e-02	7.528316437371858350e-02
1.146551540636302207e+03	2.590310082855081242e-01	1.621765825371374314e-01	2.499139805387802227e-01	1.510676466596732048e-01	7.235621172666080458e-02	3.011579916834983273e-02	7.533877108382053267e-02
1.148002871700398828e+03	2.588183652339282603e-01	1.620348274376745279e-01	2.500627892286991782e-01	1.511560572784108047e-01	7.239348377682280899e-02	3.014019042998281050e-02	7.539428661441179014e-02
1.149454202764495449e+03	2.586060821963987455e-01	1.618933124118027700e-01	2.502113391886702787e-01	1.512443118955797139e-01	7.243069437752387707e-02	3.016454881769631280e-02	7.544971111225844129e-02
1.150905533828591842e+03	2.583941585621636894e-01	1.617520370519786865e-01	2.503596308593558084e-01	1.513324108213663088e-01	7.246784363116180738e-02	3.018887434998504884e-02	7.550504472391889044e-02
1.152356864892688463e+03	2.581825937215099231e-01	1.616110009513539725e-01	2.505076646806695950e-01	1.514203543651956307e-01	7.250493163996739321e-02	3.021316704548965629e-02	7.556028759574401343e-02
1.153808195956785084e+03	2.579713870657656116e-01	1.614702037037743509e-01	2.506554410917787301e-01	1.515081428357339388e-01	7.254195850600468620e-02	3.023742692299559442e-02	7.561543987387729648e-02
1.155259527020881706e+03	2.577605379872982549e-01	1.613296449037782965e-01	2.508029605311044019e-01	1.515957765408910418e-01	7.257892433117127395e-02	3.026165400143207215e-02	7.567050170425489164e-02
1.156710858084978327e+03	2.575500458795125236e-01	1.611893241465960913e-01	2.509502234363234496e-01	1.516832557878229348e-01	7.261582921719846040e-02	3.028584829987095509e-02	7.572547323260579721e-02
1.158162189149074720e+03	2.573399101368490371e-01	1.610492410281483822e-01	2.510972302443695847e-01	1.517705808829340752e-01	7.265267326565150174e-02	3.031000983752567962e-02	7.578035460445189941e-02
1.159613520213171569e+03	2.571301301547820328e-01	1.609093951450451254e-01	2.512439813914347231e-01	1.518577521318799084e-01	7.268945657792995341e-02	3.033413863375019129e-02	7.583514596510818051e-02
1.161064851277267962e+03	2.569207053298178112e-01	1.607697860945845325e-01	2.513904773129700398e-01	1.519447698395693658e-01	7.272617925526780880e-02	3.035823470803787616e-02	7.588984745968277434e-02
1.162516182341364356e+03	2.567116350594927376e-01	1.606304134747516266e-01	2.515367184436874681e-01	1.520316343101671408e-01	7.276284139873377688e-02	3.038229808002049920e-02	7.594445923307707735e-02
1.163967513405461204e+03	2.565029187423715218e-01	1.604912768842173265e-01	2.516827052175606427e-01	1.521183458470961591e-01	7.279944310923153195e-02	3.040632876946714955e-02	7.599898142998592898e-02
1.165418844469557826e+03	2.562945557780456629e-01	1.603523759223372258e-01	2.518284380678265655e-01	1.522049047530399934e-01	7.283598448749997734e-02	3.043032679628318582e-02	7.605341419489769494e-02
1.166870175533654447e+03	2.560865455671311741e-01	1.602137101891503435e-01	2.519739174269866044e-01	1.522913113299452781e-01	7.287246563411342581e-02	3.045429218050920220e-02	7.610775767209437825e-02
1.168321506597751068e+03	2.558788875112669725e-01	1.600752792853780138e-01	2.521191437268077151e-01	1.523775658790240684e-01	7.290888664948190490e-02	3.047822494231998067e-02	7.616201200565179963e-02
1.169772837661847461e+03	2.556715810131132138e-01	1.599370828124227206e-01	2.522641173983239393e-01	1.524636687007561442e-01	7.294524763385135113e-02	3.050212510202346752e-02	7.621617733943963913e-02
1.171224168725944082e+03	2.554646254763493496e-01	1.597991203723669318e-01	2.524088388718373488e-01	1.525496200948914804e-01	7.298154868730390155e-02	3.052599268005974295e-02	7.627025381712168595e-02
1.172675499790040703e+03	2.552580203056724062e-01	1.596613915679720164e-01	2.525533085769194885e-01	1.526354203604525228e-01	7.301778990975810180e-02	3.054982769699999059e-02	7.632424158215581067e-02
1.174126830854137097e+03	2.550517649067952086e-01	1.595238960026769959e-01	2.526975269424126536e-01	1.527210697957365748e-01	7.305397140096915598e-02	3.057363017354550183e-02	7.637814077779422894e-02
1.175578161918233945e+03	2.548458586864444930e-01	1.593866332805974340e-01	2.528414943964309436e-01	1.528065686983180738e-01	7.309009326052917643e-02	3.059740013052664881e-02	7.643195154708358474e-02
1.177029492982330339e+03	2.546403010523591859e-01	1.592496030065242152e-01	2.529852113663616509e-01	1.528919173650509777e-01	7.312615558786740577e-02	3.062113758890188525e-02	7.648567403286506139e-02
1.178480824046426733e+03	2.544350914132886832e-01	1.591128047859224626e-01	2.531286782788665368e-01	1.529771160920710138e-01	7.316215848225046670e-02	3.064484256975674378e-02	7.653930837777452034e-02
1.179932155110523581e+03	2.542302291789910185e-01	1.589762382249303996e-01	2.532718955598828314e-01	1.530621651747980649e-01	7.319810204278263954e-02	3.066851509430285408e-02	7.659285472424266772e-02
1.181383486174620202e+03	2.540257137602310866e-01	1.588399029303581844e-01	2.534148636346247319e-01	1.531470649079383906e-01	7.323398636840602882e-02	3.069215518387693326e-02	7.664631321449515144e-02
1.182834817238716823e+03	2.538215445687790894e-01	1.587037985096866888e-01	2.535575829275844573e-01	1.532318155854869024e-01	7.326981155790086853e-02	3.071576285993982830e-02	7.669968399055270003e-02
1.184286148302813444e+03	2.536177210174084262e-01	1.585679245710664709e-01	2.537000538625336366e-01	1.533164175007295238e-01	7.330557770988578581e-02	3.073933814407551340e-02	7.675296719423130298e-02
1.185737479366910065e+03	2.534142425198939730e-01	1.584322807233165264e-01	2.538422768625244186e-01	1.534008709462453546e-01	7.334128492281793976e-02	3.076288105799013586e-02	7.680616296714228020e-02
1.187188810431006686e+03	2.532111084910108056e-01	1.582968665759232341e-01	2.539842523498907489e-01	1.534851762139090581e-01	7.337693329499331285e-02	3.078639162351104464e-02	7.685927145069247624e-02
1.188640141495103080e+03	2.530083183465318686e-01	1.581616817390391894e-01	2.541259807462495357e-01	1.535693335948929428e-01	7.341252292454703010e-02	3.080986986258582236e-02	7.691229278608439912e-02
1.190091472559199701e+03	2.528058715032264758e-01	1.580267258234820393e-01	2.542674624725018706e-01	1.536533433796692660e-01	7.344805390945344237e-02	3.083331579728132779e-02	7.696522711431630359e-02
1.191542803623296322e+03	2.526037673788587568e-01	1.578919984407333443e-01	2.544086979488344724e-01	1.537372058580125656e-01	7.348352634752652879e-02	3.085672944978275906e-02	7.701807457618239927e-02
1.192994134687392716e+03	2.524020053921854356e-01	1.577574992029374679e-01	2.545496875947205195e-01	1.538209213190017965e-01	7.351894033642002169e-02	3.088011084239268567e-02	7.707083531227293394e-02
1.194445465751489564e+03	2.522005849629546104e-01	1.576232277229003831e-01	2.546904318289210933e-01	1.539044900510224412e-01	7.355429597362768412e-02	3.090345999753013259e-02	7.712350946297441556e-02
1.195896796815585958e+03	2.519995055119037541e-01	1.574891836140887014e-01	2.548309310694865104e-01	1.539879123417689233e-01	7.358959335648354583e-02	3.092677693772962269e-02	7.717609716846968171e-02
1.197348127879682352e+03	2.517987664607579945e-01	1.573553664906283400e-01	2.549711857337572662e-01	1.540711884782466068e-01	7.362483258216219462e-02	3.095006168564025384e-02	7.722859856873805218e-02
1.198799458943779200e+03	2.515983672322285036e-01	1.572217759673034954e-01	2.551111962383653120e-01	1.541543187467741272e-01	7.366001374767892906e-02	3.097331426402477952e-02	7.728101380355553718e-02
1.200250790007875821e+03	2.513983072500105553e-01	1.570884116595555602e-01	2.552509629992354978e-01	1.542373034329854453e-01	7.369513694989002217e-02	3.099653469575867556e-02	7.733334301249490672e-02
1.201702121071972442e+03	2.511985859387821374e-01	1.569552731834818471e-01	2.553904864315864609e-01	1.543201428218321236e-01	7.373020228549299893e-02	3.101972300382923112e-02	7.738558633492589878e-02
1.203153452136069063e+03	2.509992027242018420e-01	1.568223601558345892e-01	2.555297669499319579e-01	1.544028371975853797e-01	7.376520985102687222e-02	3.104287921133464315e-02	7.743774391001533031e-02
1.204604783200165684e+03	2.508001570329076446e-01	1.566896721940198023e-01	2.556688049680820862e-01	1.544853868438383349e-01	7.380015974287233715e-02	3.106600334148310397e-02	7.748981587672727767e-02
1.206056114264262078e+03	2.506014482925147391e-01	1.565572089160962022e-01	2.558076008991445605e-01	1.545677920435080399e-01	7.383505205725202081e-02	3.108909541759189918e-02	7.754180237382317376e-02
1.207507445328358699e+03	2.504030759316139831e-01	1.564249699407739558e-01	2.559461551555256564e-01	1.546500530788377237e-01	7.386988689023075982e-02	3.111215546308651950e-02	7.759370353986205782e-02
1.208958776392455093e+03	2.502050393797703443e-01	1.562929548874136265e-01	2.560844681489316543e-01	1.547321702313988467e-01	7.390466433771578081e-02	3.113518350149976563e-02	7.764551951320060319e-02
1.210410107456551941e+03	2.500073380675210677e-01	1.561611633760251472e-01	2.562225402903698934e-01	1.548141437820932664e-01	7.393938449545697789e-02	3.115817955647085316e-02	7.769725043199336711e-02
1.211861438520648335e+03	2.498099714263740112e-01	1.560295950272665710e-01	2.563603719901501043e-01	1.548959740111552352e-01	7.397404745904717638e-02	3.118114365174455213e-02	7.774889643419291563e-02
1.213312769584745183e+03	2.496129388888059519e-01	1.558982494624430726e-01	2.564979636578854083e-01	1.549776611981536212e-01	7.400865332392225771e-02	3.120407581117029192e-02	7.780045765754996234e-02
1.214764100648841804e+03	2.494162398882609211e-01	1.557671263035056985e-01	2.566353157024936493e-01	1.550592056219939618e-01	7.404320218536153408e-02	3.122697605870130427e-02	7.785193423961354886e-02
1.216215431712937971e+03	2.492198738591485108e-01	1.556362251730504243e-01	2.567724285321983935e-01	1.551406075609204627e-01	7.407769413848791507e-02	3.124984441839373864e-02	7.790332631773116967e-02
1.217666762777034819e+03	2.490238402368421256e-01	1.555055456943169045e-01	2.569093025545304276e-01	1.552218672925182175e-01	7.411212927826814345e-02	3.127268091440581210e-02	7.795463402904896644e-02
1.219118093841131440e+03	2.488281384576774835e-01	1.553750874911875024e-01	2.570459381763285922e-01	1.553029850937151235e-01	7.414650769951304510e-02	3.129548557099696288e-02	7.800585751051186678e-02
1.220569424905228061e+03	2.486327679589507289e-01	1.552448501881860399e-01	2.571823358037412799e-01	1.553839612407840187e-01	7.418082949687773708e-02	3.131825841252697945e-02	7.805699689886372306e-02
1.222020755969324682e+03	2.484377281789169334e-01	1.551148334104768545e-01	2.573184958422273794e-01	1.554647960093447912e-01	7.421509476486191914e-02	3.134099946345515753e-02	7.810805233064754827e-02
1.223472087033421303e+03	2.482430185567883196e-01	1.549850367838634946e-01	2.574544186965574410e-01	1.555454896743662108e-01	7.424930359781005407e-02	3.136370874833945693e-02	7.815902394220558547e-02
1.224923418097517697e+03	2.480486385327326793e-01	1.548554599347878591e-01	2.575901047708150093e-01	1.556260425101681777e-01	7.428345608991165916e-02	3.138638629183567591e-02	7.820991186967951592e-02
1.226374749161614318e+03	2.478545875478716243e-01	1.547261024903289206e-01	2.577255544683976773e-01	1.557064547904236373e-01	7.431755233520147275e-02	3.140903211869659761e-02	7.826071624901062562e-02
1.227826080225710712e+03	2.476608650442790327e-01	1.545969640782016985e-01	2.578607681920184191e-01	1.557867267881605788e-01	7.435159242755974562e-02	3.143164625377117133e-02	7.831143721593991636e-02
1.229277411289807560e+03	2.474674704649793555e-01	1.544680443267561487e-01	2.579957463437064780e-01	1.558668587757641444e-01	7.438557646071244922e-02	3.145422872200368675e-02	7.836207490600835546e-02
1.230728742353903954e+03	2.472744032539458958e-01	1.543393428649761367e-01	2.581304893248086429e-01	1.559468510249784889e-01	7.441950452823151152e-02	3.147677954843295517e-02	7.841262945455697297e-02
1.232180073418000802e+03	2.470816628560992823e-01	1.542108593224782165e-01	2.582649975359906369e-01	1.560267038069088619e-01	7.445337672353509462e-02	3.149929875819149766e-02	7.846310099672705596e-02
1.233631404482097196e+03	2.468892487173056927e-01	1.540825933295106587e-01	2.583992713772378935e-01	1.561064173920236053e-01	7.448719313988776125e-02	3.152178637650471932e-02	7.851348966746031499e-02
1.235082735546193817e+03	2.466971602843754108e-01	1.539545445169523685e-01	2.585333112478570006e-01	1.561859920501560417e-01	7.452095387040072461e-02	3.154424242869011824e-02	7.856379560149900909e-02
1.236534066610290438e+03	2.465053970050609389e-01	1.538267125163116922e-01	2.586671175464767547e-01	1.562654280505065274e-01	7.455465900803209811e-02	3.156666694015648755e-02	7.861401893338618163e-02
1.237985397674387059e+03	2.463139583280555545e-01	1.536990969597254175e-01	2.588006906710492716e-01	1.563447256616443681e-01	7.458830864558717300e-02	3.158905993640308968e-02	7.866415979746578524e-02
1.239436728738483680e+03	2.461228437029916449e-01	1.535716974799577472e-01	2.589340310188512628e-01	1.564238851515097339e-01	7.462190287571857095e-02	3.161142144301889306e-02	7.871421832788284834e-02
1.240888059802580301e+03	2.459320525804390423e-01	1.534445137103989942e-01	2.590671389864850349e-01	1.565029067874156854e-01	7.465544179092652166e-02	3.163375148568176726e-02	7.876419465858365554e-02
1.242339390866676695e+03	2.457415844119033022e-01	1.533175452850647769e-01	2.592000149698797662e-01	1.565817908360500610e-01	7.468892548355907102e-02	3.165605009015770577e-02	7.881408892331595584e-02
1.243790721930773088e+03	2.455514386498243440e-01	1.531907918385948530e-01	2.593326593642926725e-01	1.566605375634773922e-01	7.472235404581234475e-02	3.167831728230004890e-02	7.886390125562905973e-02
1.245242052994869937e+03	2.453616147475745912e-01	1.530642530062519546e-01	2.594650725643097844e-01	1.567391472351408743e-01	7.475572756973077049e-02	3.170055308804869271e-02	7.891363178887404739e-02
1.246693384058966330e+03	2.451721121594574171e-01	1.529379284239207049e-01	2.595972549638477789e-01	1.568176201158642258e-01	7.478904614720728594e-02	3.172275753342933963e-02	7.896328065620396297e-02
1.248144715123063179e+03	2.449829303407056458e-01	1.528118177281067858e-01	2.597292069561544237e-01	1.568959564698536313e-01	7.482230986998360256e-02	3.174493064455270741e-02	7.901284799057395336e-02
1.249596046187159800e+03	2.447940687474797761e-01	1.526859205559356336e-01	2.598609289338101869e-01	1.569741565606995459e-01	7.485551882965042758e-02	3.176707244761377974e-02	7.906233392474146249e-02
1.251047377251256421e+03	2.446055268368665381e-01	1.525602365451513565e-01	2.599924212887290143e-01	1.570522206513787489e-01	7.488867311764768608e-02	3.178918296889105682e-02	7.911173859126637009e-02
1.252498708315352815e+03	2.444173040668771169e-01	1.524347653341158737e-01	2.601236844121598280e-01	1.571301490042561200e-01	7.492177282526477078e-02	3.181126223474578518e-02	7.916106212251124152e-02
1.253950039379449436e+03	2.442293998964457091e-01	1.523095065618077504e-01	2.602547186946874147e-01	1.572079418810864992e-01	7.495481804364073630e-02	3.183331027162120824e-02	7.921030465064143877e-02
1.255401370443546057e+03	2.440418137854278025e-01	1.521844598678210314e-01	2.603855245262336471e-01	1.572855995430166021e-01	7.498780886376454902e-02	3.185532710604183776e-02	7.925946630762528700e-02
1.256852701507642678e+03	2.438545451945987319e-01	1.520596248923643257e-01	2.605161022960584827e-01	1.573631222505868787e-01	7.502074537647537844e-02	3.187731276461269053e-02	7.930854722523431044e-02
1.258304032571739299e+03	2.436675935856519037e-01	1.519350012762596402e-01	2.606464523927612964e-01	1.574405102637333187e-01	7.505362767246270828e-02	3.189926727401855983e-02	7.935754753504338510e-02
1.259755363635835920e+03	2.434809584211973243e-01	1.518105886609414368e-01	2.607765752042818796e-01	1.575177638417893378e-01	7.508645584226666947e-02	3.192119066102328678e-02	7.940646736843089137e-02
1.261206694699932314e+03	2.432946391647599904e-01	1.516863866884554379e-01	2.609064711179016061e-01	1.575948832434876656e-01	7.511922997627820675e-02	3.194308295246901797e-02	7.945530685657892223e-02
1.262658025764028707e+03	2.431086352807783346e-01	1.515623950014578225e-01	2.610361405202443752e-01	1.576718687269620389e-01	7.515195016473937006e-02	3.196494417527549065e-02	7.950406613047343585e-02
1.264109356828125556e+03	2.429229462346026436e-01	1.514386132432137821e-01	2.611655837972781113e-01	1.577487205497490885e-01	7.518461649774345334e-02	3.198677435643931116e-02	7.955274532090449158e-02
1.265560687892221949e+03	2.427375714924933925e-01	1.513150410575968829e-01	2.612948013343154297e-01	1.578254389687902270e-01	7.521722906523531371e-02	3.200857352303324022e-02	7.960134455846636092e-02
1.267012018956318798e+03	2.425525105216198019e-01	1.511916780890877332e-01	2.614237935160151904e-01	1.579020242404334251e-01	7.524978795701155188e-02	3.203034170220547122e-02	7.964986397355774961e-02
1.268463350020415419e+03	2.423677627900581166e-01	1.510685239827730952e-01	2.615525607263832208e-01	1.579784766204349045e-01	7.528229326272074806e-02	3.205207892117892254e-02	7.969830369638196410e-02
1.269914681084511813e+03	2.421833277667901352e-01	1.509455783843447196e-01	2.616811033487737026e-01	1.580547963639610809e-01	7.531474507186371181e-02	3.207378520725053667e-02	7.974666385694710591e-02
1.271366012148608434e+03	2.419992049217017660e-01	1.508228409400983183e-01	2.618094217658901712e-01	1.581309837255902573e-01	7.534714347379367627e-02	3.209546058779057937e-02	7.979494458506625199e-02
1.272817343212705055e+03	2.418153937255812236e-01	1.507003112969327596e-01	2.619375163597865153e-01	1.582070389593144832e-01	7.537948855771653411e-02	3.211710509024194582e-02	7.984314601035760739e-02
1.274268674276801676e+03	2.416318936501176129e-01	1.505779891023486805e-01	2.620653875118683085e-01	1.582829623185411927e-01	7.541178041269108734e-02	3.213871874211944590e-02	7.989126826224476896e-02
1.275720005340898297e+03	2.414487041678993473e-01	1.504558740044476262e-01	2.621930356028937537e-01	1.583587540560951468e-01	7.544401912762924156e-02	3.216030157100915193e-02	7.993931146995680859e-02
1.277171336404994690e+03	2.412658247524125943e-01	1.503339656519310785e-01	2.623204610129749037e-01	1.584344144242200714e-01	7.547620479129629745e-02	3.218185360456766314e-02	7.998727576252850913e-02
1.278622667469091539e+03	2.410832548780396656e-01	1.502122636940992351e-01	2.624476641215786055e-01	1.585099436745804335e-01	7.550833749231108949e-02	3.220337487052147424e-02	8.003516126880058645e-02
1.280073998533187932e+03	2.409009940200576017e-01	1.500907677808501761e-01	2.625746453075277209e-01	1.585853420582632456e-01	7.554041731914626356e-02	3.222486539666627459e-02	8.008296811741981436e-02
1.281525329597284326e+03	2.407190416546365619e-01	1.499694775626787269e-01	2.627014049490021264e-01	1.586606098257797026e-01	7.557244436012849897e-02	3.224632521086626818e-02	8.013069643683924659e-02
1.282976660661381175e+03	2.405373972588382148e-01	1.498483926906754027e-01	2.628279434235399337e-01	1.587357472270669589e-01	7.560441870343874438e-02	3.226775434105351448e-02	8.017834635531836951e-02
1.284427991725477568e+03	2.403560603106142668e-01	1.497275128165254932e-01	2.629542611080383785e-01	1.588107545114899599e-01	7.563634043711241206e-02	3.228915281522725528e-02	8.022591800092332415e-02
1.285879322789574417e+03	2.401750302888050193e-01	1.496068375925078686e-01	2.630803583787552635e-01	1.588856319278429963e-01	7.566820964903961388e-02	3.231052066145325558e-02	8.027341150152708660e-02
1.287330653853671038e+03	2.399943066731375918e-01	1.494863666714941752e-01	2.632062356113096802e-01	1.589603797243514804e-01	7.570002642696542494e-02	3.233185790786315128e-02	8.032082698480967620e-02
1.288781984917767431e+03	2.398138889442246180e-01	1.493660997069476137e-01	2.633318931806832297e-01	1.590349981486736675e-01	7.573179085849005010e-02	3.235316458265376921e-02	8.036816457825826654e-02
1.290233315981864052e+03	2.396337765835626910e-01	1.492460363529220513e-01	2.634573314612210782e-01	1.591094874479023757e-01	7.576350303106908768e-02	3.237444071408651647e-02	8.041542440916749079e-02
