1.001418434226643626e+03	2.822057426781365841e-01	1.776933439588844754e-01	2.336498489015169655e-01	1.413712778185091112e-01	6.828898858469217847e-02	2.750212140537130340e-02	6.928867665282008315e-02
1.003837319333471214e+03	2.817862433927189603e-01	1.774134864116200527e-01	2.339448043541145494e-01	1.415473478068602908e-01	6.836220372309684268e-02	2.754833874967125076e-02	6.939757556184877885e-02
1.006256204440298802e+03	2.813679274790489293e-01	1.771344185327494436e-01	2.342389084515138220e-01	1.417228870550532593e-01	6.843521767914527432e-02	2.759446231172377889e-02	6.950617849069616605e-02
1.008675089547126618e+03	2.809507915870661510e-01	1.768561380895655177e-01	2.345321636077336847e-01	1.418978974141931471e-01	6.850803100775376686e-02	2.764049207957358992e-02	6.961448621404484061e-02
1.011093974653954206e+03	2.805348323763877660e-01	1.765786428556171961e-01	2.348245722299568405e-01	1.420723807271610795e-01	6.858064426237449329e-02	2.768642804349718059e-02	6.972249950493612791e-02
1.013512859760782021e+03	2.801200465162754782e-01	1.763019306106960171e-01	2.351161367185492512e-01	1.422463388286628050e-01	6.865305799499835104e-02	2.773227019597908002e-02	6.983021913476966658e-02
1.015931744867609382e+03	2.797064306856022475e-01	1.760259991408224256e-01	2.354068594670798709e-01	1.424197735452770175e-01	6.872527275615783471e-02	2.777801853168826787e-02	6.993764587330297822e-02
1.018350629974437197e+03	2.792939815728195940e-01	1.757508462382318393e-01	2.356967428623401306e-01	1.425926866955032624e-01	6.879728909492988098e-02	2.782367304745484923e-02	7.004478048865114825e-02
1.020769515081264785e+03	2.788826958759247909e-01	1.754764697013608266e-01	2.359857892843633675e-01	1.427650800898095929e-01	6.886910755893881075e-02	2.786923374224686834e-02	7.015162374728640959e-02
1.023188400188092373e+03	2.784725703024290566e-01	1.752028673348330623e-01	2.362740011064443091e-01	1.429369555306797268e-01	6.894072869435921569e-02	2.791470061714737202e-02	7.025817641403792058e-02
1.025607285294920075e+03	2.780636015693252472e-01	1.749300369494449781e-01	2.365613806951582798e-01	1.431083148126599813e-01	6.901215304591888644e-02	2.796007367533163632e-02	7.036443925209157069e-02
1.028026170401747549e+03	2.776557864030564371e-01	1.746579763621516068e-01	2.368479304103806860e-01	1.432791597224057634e-01	6.908338115690174086e-02	2.800535292204460805e-02	7.047041302298967524e-02
1.030445055508575479e+03	2.772491215394843889e-01	1.743866833960521223e-01	2.371336526053059446e-01	1.434494920387277550e-01	6.915441356915080773e-02	2.805053836457852695e-02	7.057609848663090601e-02
1.032863940615402726e+03	2.768436037238582448e-01	1.741161558803754894e-01	2.374185496264668016e-01	1.436193135326379045e-01	6.922525082307111333e-02	2.809563001225075587e-02	7.068149640127016631e-02
1.035282825722230655e+03	2.764392297107835517e-01	1.738463916504655871e-01	2.377026238137535108e-01	1.437886259673946954e-01	6.929589345763274844e-02	2.814062787638180532e-02	7.078660752351850771e-02
1.037701710829058356e+03	2.760359962641918963e-01	1.735773885477669143e-01	2.379858775004325688e-01	1.439574310985485550e-01	6.936634201037379654e-02	2.818553197027351409e-02	7.089143260834310234e-02
1.040120595935886058e+03	2.756339001573100966e-01	1.733091444198095743e-01	2.382683130131660054e-01	1.441257306739865407e-01	6.943659701740330370e-02	2.823034230918746584e-02	7.099597240906725670e-02
1.042539481042713533e+03	2.752329381726301705e-01	1.730416571201946752e-01	2.385499326720300628e-01	1.442935264339769430e-01	6.950665901340430386e-02	2.827505891032355140e-02	7.110022767737048111e-02
1.044958366149541234e+03	2.748331071018790261e-01	1.727749245085792029e-01	2.388307387905341805e-01	1.444608201112135004e-01	6.957652853163687201e-02	2.831968179279875653e-02	7.120419916328857290e-02
1.047377251256368709e+03	2.744344037459890417e-01	1.725089444506613667e-01	2.391107336756395918e-01	1.446276134308591976e-01	6.964620610394105238e-02	2.836421097762609200e-02	7.130788761521372754e-02
1.049796136363196410e+03	2.740368249150680335e-01	1.722437148181653610e-01	2.393899196277783081e-01	1.447939081105898418e-01	6.971569226073996706e-02	2.840864648769372489e-02	7.141129377989476057e-02
1.052215021470024112e+03	2.736403674283700571e-01	1.719792334888264607e-01	2.396682989408716602e-01	1.449597058606373334e-01	6.978498753104278585e-02	2.845298834774432142e-02	7.151441840243730197e-02
1.054633906576851814e+03	2.732450281142662640e-01	1.717154983463758944e-01	2.399458739023488385e-01	1.451250083838325766e-01	6.985409244244783489e-02	2.849723658435450099e-02	7.161726222630401817e-02
1.057052791683679516e+03	2.728508038102158695e-01	1.714525072805254957e-01	2.402226467931655174e-01	1.452898173756480282e-01	6.992300752114559426e-02	2.854139122591453637e-02	7.171982599331494512e-02
1.059471676790506763e+03	2.724576913627370089e-01	1.711902581869527984e-01	2.404986198878223680e-01	1.454541345242400252e-01	6.999173329192175108e-02	2.858545230260819275e-02	7.182211044364777974e-02
1.061890561897334692e+03	2.720656876273785940e-01	1.709287489672855487e-01	2.407737954543834602e-01	1.456179615104908898e-01	7.006027027816032204e-02	2.862941984639275073e-02	7.192411631583826848e-02
1.064309447004162394e+03	2.716747894686915021e-01	1.706679775290866341e-01	2.410481757544946924e-01	1.457813000080504517e-01	7.012861900184665098e-02	2.867329389097920608e-02	7.202584434678063752e-02
1.066728332110990095e+03	2.712849937602003214e-01	1.704079417858386791e-01	2.413217630434020822e-01	1.459441516833774877e-01	7.019677998357051751e-02	2.871707447181264319e-02	7.212729527172796751e-02
1.069147217217817570e+03	2.708962973843754840e-01	1.701486396569286130e-01	2.415945595699700021e-01	1.461065181957809378e-01	7.026475374252920403e-02	2.876076162605277486e-02	7.222846982429270701e-02
1.071566102324645271e+03	2.705086972326047889e-01	1.698900690676324876e-01	2.418665675766993872e-01	1.462684011974605125e-01	7.033254079653059043e-02	2.880435539255465222e-02	7.232936873644724152e-02
1.073984987431472746e+03	2.701221902051662571e-01	1.696322279490999063e-01	2.421377892997460535e-01	1.464298023335473264e-01	7.040014166199622114e-02	2.884785581184955150e-02	7.242999273852432363e-02
1.076403872538300675e+03	2.697367732111999872e-01	1.693751142383387864e-01	2.424082269689385449e-01	1.465907232421440609e-01	7.046755685396441371e-02	2.889126292612601357e-02	7.253034255921775308e-02
1.078822757645127922e+03	2.693524431686810106e-01	1.691187258781998437e-01	2.426778828077963968e-01	1.467511655543649318e-01	7.053478688609336744e-02	2.893457677921106377e-02	7.263041892558297352e-02
1.081241642751955851e+03	2.689691970043917579e-01	1.688630608173610770e-01	2.429467590335479543e-01	1.469111308943751859e-01	7.060183227066423040e-02	2.897779741655158794e-02	7.273022256303772470e-02
1.083660527858783553e+03	2.685870316538951363e-01	1.686081170103124471e-01	2.432148578571484421e-01	1.470706208794306524e-01	7.066869351858422188e-02	2.902092488519587843e-02	7.282975419536270867e-02
1.086079412965611255e+03	2.682059440615071622e-01	1.683538924173403617e-01	2.434821814832978104e-01	1.472296371199167120e-01	7.073537113938972720e-02	2.906395923377532928e-02	7.292901454470238076e-02
1.088498298072438729e+03	2.678259311802704823e-01	1.681003850045121040e-01	2.437487321104584437e-01	1.473881812193870711e-01	7.080186564124942017e-02	2.910690051248630839e-02	7.302800433156558801e-02
1.090917183179266431e+03	2.674469899719272292e-01	1.678475927436605397e-01	2.440145119308731736e-01	1.475462547746023423e-01	7.086817753096737171e-02	2.914974877307217882e-02	7.312672427482654058e-02
1.093336068286093905e+03	2.670691174068929308e-01	1.675955136123684075e-01	2.442795231305827652e-01	1.477038593755682638e-01	7.093430731398614464e-02	2.919250406880547280e-02	7.322517509172543626e-02
1.095754953392921607e+03	2.666923104642295317e-01	1.673441455939529143e-01	2.445437678894437084e-01	1.478609966055736136e-01	7.100025549438995776e-02	2.923516645447023915e-02	7.332335749786944579e-02
1.098173838499749309e+03	2.663165661316194144e-01	1.670934866774503036e-01	2.448072483811457867e-01	1.480176680412280676e-01	7.106602257490771124e-02	2.927773598634452606e-02	7.342127220723360104e-02
1.100592723606577010e+03	2.659418814053389757e-01	1.668435348576004229e-01	2.450699667732297304e-01	1.481738752524994485e-01	7.113160905691620628e-02	2.932021272218304775e-02	7.351891993216162768e-02
1.103011608713404712e+03	2.655682532902327586e-01	1.665942881348309312e-01	2.453319252271045359e-01	1.483296198027510282e-01	7.119701544044319819e-02	2.936259672119996555e-02	7.361630138336701379e-02
1.105430493820231959e+03	2.651956787996874176e-01	1.663457445152421443e-01	2.455931258980651455e-01	1.484849032487783882e-01	7.126224222417054666e-02	2.940488804405184606e-02	7.371341726993389798e-02
1.107849378927059888e+03	2.648241549556060170e-01	1.660979020105914361e-01	2.458535709353096566e-01	1.486397271408460841e-01	7.132728990543733827e-02	2.944708675282076832e-02	7.381026829931812416e-02
1.110268264033887590e+03	2.644536787883819962e-01	1.658507586382776677e-01	2.461132624819567516e-01	1.487940930227240055e-01	7.139215898024300899e-02	2.948919291099757686e-02	7.390685517734831012e-02
1.112687149140715292e+03	2.640842473368741894e-01	1.656043124213259221e-01	2.463722026750631011e-01	1.489480024317235973e-01	7.145684994325042505e-02	2.953120658346526997e-02	7.400317860822684668e-02
1.115106034247542766e+03	2.637158576483806804e-01	1.653585613883719330e-01	2.466303936456404333e-01	1.491014568987336086e-01	7.152136328778906094e-02	2.957312783648256838e-02	7.409923929453110514e-02
1.117524919354370468e+03	2.633485067786138778e-01	1.651135035736466250e-01	2.468878375186728535e-01	1.492544579482557865e-01	7.158569950585812192e-02	2.961495673766758457e-02	7.419503793721449192e-02
1.119943804461197942e+03	2.629821917916753127e-01	1.648691370169607373e-01	2.471445364131339695e-01	1.494070070984403198e-01	7.164985908812961102e-02	2.965669335598167949e-02	7.429057523560766985e-02
1.122362689568025871e+03	2.626169097600303814e-01	1.646254597636895023e-01	2.474004924420039053e-01	1.495591058611208390e-01	7.171384252395152092e-02	2.969833776171342671e-02	7.438585188741968224e-02
1.124781574674853118e+03	2.622526577644833656e-01	1.643824698647570470e-01	2.476557077122865380e-01	1.497107557418494439e-01	7.177765030135091484e-02	2.973989002646275012e-02	7.448086858873924354e-02
1.127200459781681047e+03	2.618894328941525074e-01	1.641401653766211832e-01	2.479101843250262061e-01	1.498619582399311756e-01	7.184128290703704900e-02	2.978135022312517269e-02	7.457562603403596058e-02
1.129619344888508749e+03	2.615272322464453625e-01	1.638985443612580306e-01	2.481639243753249180e-01	1.500127148484585726e-01	7.190474082640452291e-02	2.982271842587623512e-02	7.467012491616159542e-02
1.132038229995336451e+03	2.611660529270339315e-01	1.636576048861465849e-01	2.484169299523591445e-01	1.501630270543457546e-01	7.196802454353636025e-02	2.986399471015603255e-02	7.476436592635139766e-02
1.134457115102163925e+03	2.608058920498302347e-01	1.634173450242535353e-01	2.486692031393966107e-01	1.503128963383623395e-01	7.203113454120718684e-02	2.990517915265389001e-02	7.485834975422539506e-02
1.136876000208991627e+03	2.604467467369617761e-01	1.631777628540178326e-01	2.489207460138131989e-01	1.504623241751671392e-01	7.209407130088628379e-02	2.994627183129318360e-02	7.495207708778980904e-02
1.139294885315819101e+03	2.600886141187470080e-01	1.629388564593354793e-01	2.491715606471096578e-01	1.506113120333416322e-01	7.215683530274072388e-02	2.998727282521629345e-02	7.504554861343840089e-02
1.141713770422646803e+03	2.597314913336714048e-01	1.627006239295442636e-01	2.494216491049282280e-01	1.507598613754231875e-01	7.221942702563852179e-02	3.002818221476968516e-02	7.513876501595385948e-02
1.144132655529474505e+03	2.593753755283630391e-01	1.624630633594085771e-01	2.496710134470693510e-01	1.509079736579380382e-01	7.228184694715170111e-02	3.006900008148912992e-02	7.523172697850930013e-02
1.146551540636302207e+03	2.590202638575684890e-01	1.622261728491041777e-01	2.499196557275083219e-01	1.510556503314339494e-01	7.234409554355944461e-02	3.010972650808506346e-02	7.532443518266968008e-02
1.148970425743129908e+03	2.586661534841290244e-01	1.619899505042029786e-01	2.501675779944117495e-01	1.512028928405128869e-01	7.240617328985118895e-02	3.015036157842805944e-02	7.541689030839329733e-02
1.151389310849957155e+03	2.583130415789564593e-01	1.617543944356578667e-01	2.504147822901540699e-01	1.513497026238633247e-01	7.246808065972970558e-02	3.019090537753443826e-02	7.550909303403331718e-02
1.153808195956785084e+03	2.579609253210096154e-01	1.615195027597877697e-01	2.506612706513339783e-01	1.514960811142922470e-01	7.252981812561425101e-02	3.023135799155202488e-02	7.560104403633928494e-02
1.156227081063612786e+03	2.576098018972703962e-01	1.612852735982623076e-01	2.509070451087910270e-01	1.516420297387570393e-01	7.259138615864364763e-02	3.027171950774600398e-02	7.569274399045869406e-02
1.158645966170440488e+03	2.572596685027204733e-01	1.610517050780869153e-01	2.511521076876216951e-01	1.517875499183971577e-01	7.265278522867940625e-02	3.031199001448491720e-02	7.578419356993855438e-02
1.161064851277267962e+03	2.569105223403174154e-01	1.608187953315876328e-01	2.513964604071958764e-01	1.519326430685655482e-01	7.271401580430879308e-02	3.035216960122678539e-02	7.587539344672705743e-02
1.163483736384095664e+03	2.565623606209714302e-01	1.605865424963961730e-01	2.516401052811731986e-01	1.520773105988598717e-01	7.277507835284792448e-02	3.039225835850536267e-02	7.596634429117513077e-02
1.165902621490923138e+03	2.562151805635220492e-01	1.603549447154350438e-01	2.518830443175190115e-01	1.522215539131534512e-01	7.283597334034493109e-02	3.043225637791648758e-02	7.605704677203813102e-02
1.168321506597751068e+03	2.558689793947148128e-01	1.601240001369024224e-01	2.521252795185206508e-01	1.523653744096261087e-01	7.289670123158295545e-02	3.047216375210460085e-02	7.614750155647749541e-02
1.170740391704578315e+03	2.555237543491780672e-01	1.598937069142573331e-01	2.523668128808038147e-01	1.525087734807946960e-01	7.295726249008330222e-02	3.051198057474933598e-02	7.623770931006253193e-02
1.173159276811406244e+03	2.551795026693998714e-01	1.596640632062046872e-01	2.526076463953482176e-01	1.526517525135435704e-01	7.301765757810849133e-02	3.055170694055226593e-02	7.632767069677197369e-02
1.175578161918233945e+03	2.548362216057051266e-01	1.594350671766804894e-01	2.528477820475039106e-01	1.527943128891545710e-01	7.307788695666536660e-02	3.059134294522375050e-02	7.641738637899585240e-02
1.177997047025061647e+03	2.544939084162324838e-01	1.592067169948369887e-01	2.530872218170072130e-01	1.529364559833371329e-01	7.313795108550813495e-02	3.063088868546991889e-02	7.650685701753726087e-02
1.180415932131889122e+03	2.541525603669116395e-01	1.589790108350278841e-01	2.533259676779963665e-01	1.530781831662580139e-01	7.319785042314148893e-02	3.067034425897975300e-02	7.659608327161401831e-02
1.182834817238716823e+03	2.538121747314404097e-01	1.587519468767935038e-01	2.535640215990279667e-01	1.532194958025706877e-01	7.325758542682367369e-02	3.070970976441230252e-02	7.668506579886058550e-02
1.185253702345544298e+03	2.534727487912623034e-01	1.585255233048461776e-01	2.538013855430922838e-01	1.533603952514449031e-01	7.331715655256951236e-02	3.074898530138398672e-02	7.677380525532989664e-02
1.187672587452371999e+03	2.531342798355438184e-01	1.582997383090554711e-01	2.540380614676293614e-01	1.535008828665956893e-01	7.337656425515351466e-02	3.078817097045606632e-02	7.686230229549510795e-02
1.190091472559199701e+03	2.527967651611517930e-01	1.580745900844335028e-01	2.542740513245447254e-01	1.536409599963123318e-01	7.343580898811294388e-02	3.082726687312216732e-02	7.695055757225156834e-02
1.192510357666027403e+03	2.524602020726309792e-01	1.578500768311204561e-01	2.545093570602249278e-01	1.537806279834871559e-01	7.349489120375082840e-02	3.086627311179595753e-02	7.703857173691860960e-02
1.194929242772855105e+03	2.521245878821820052e-01	1.576261967543698128e-01	2.547439806155534225e-01	1.539198881656441142e-01	7.355381135313907026e-02	3.090518978979891335e-02	7.712634543924153097e-02
1.197348127879682352e+03	2.517899199096387819e-01	1.574029480645338097e-01	2.549779239259259422e-01	1.540587418749670701e-01	7.361256988612145669e-02	3.094401701134822866e-02	7.721387932739347260e-02
1.199767012986510281e+03	2.514561954824464096e-01	1.571803289770490608e-01	2.552111889212664297e-01	1.541971904383279413e-01	7.367116725131675481e-02	3.098275488154479326e-02	7.730117404797738623e-02
1.202185898093337983e+03	2.511234119356389183e-01	1.569583377124219303e-01	2.554437775260420818e-01	1.543352351773148445e-01	7.372960389612169541e-02	3.102140350636130306e-02	7.738823024602796419e-02
1.204604783200165684e+03	2.507915666118174514e-01	1.567369724962142108e-01	2.556756916592791695e-01	1.544728774082597400e-01	7.378788026671403988e-02	3.105996299263047780e-02	7.747504856501365167e-02
1.207023668306993159e+03	2.504606568611280615e-01	1.565162315590284126e-01	2.559069332345784153e-01	1.546101184422661035e-01	7.384599680805564725e-02	3.109843344803338988e-02	7.756162964683863126e-02
1.209442553413820860e+03	2.501306800412399500e-01	1.562961131364937750e-01	2.561375041601304248e-01	1.547469595852363211e-01	7.390395396389547178e-02	3.113681498108788678e-02	7.764797413184477970e-02
1.211861438520648335e+03	2.498016335173236235e-01	1.560766154692516672e-01	2.563674063387307855e-01	1.548834021378989734e-01	7.396175217677257441e-02	3.117510770113712457e-02	7.773408265881383283e-02
1.214280323627476264e+03	2.494735146620290778e-01	1.558577368029413213e-01	2.565966416677956663e-01	1.550194473958358410e-01	7.401939188801920366e-02	3.121331171833821236e-02	7.781995586496928685e-02
1.216699208734303511e+03	2.491463208554640929e-01	1.556394753881855941e-01	2.568252120393768045e-01	1.551550966495087724e-01	7.407687353776376549e-02	3.125142714365095747e-02	7.790559438597854935e-02
1.219118093841131440e+03	2.488200494851727507e-01	1.554218294805767009e-01	2.570531193401769943e-01	1.552903511842864681e-01	7.413419756493383472e-02	3.128945408882671114e-02	7.799099885595500714e-02
1.221536978947959142e+03	2.484946979461137573e-01	1.552047973406620318e-01	2.572803654515651850e-01	1.554252122804708758e-01	7.419136440725922210e-02	3.132739266639730791e-02	7.807616990746012176e-02
1.223955864054786844e+03	2.481702636406390439e-01	1.549883772339299692e-01	2.575069522495912477e-01	1.555596812133235862e-01	7.424837450127493022e-02	3.136524298966413687e-02	7.816110817150553891e-02
1.226374749161614318e+03	2.478467439784723392e-01	1.547725674307958155e-01	2.577328816050016291e-01	1.556937592530920345e-01	7.430522828232415111e-02	3.140300517268727887e-02	7.824581427755521179e-02
1.228793634268442020e+03	2.475241363766878810e-01	1.545573662065874987e-01	2.579581553832540064e-01	1.558274476650353957e-01	7.436192618456130554e-02	3.144067933027474421e-02	7.833028885352756598e-02
1.231212519375269494e+03	2.472024382596891279e-01	1.543427718415318894e-01	2.581827754445323864e-01	1.559607477094504813e-01	7.441846864095499892e-02	3.147826557797185620e-02	7.841453252579765054e-02
1.233631404482097196e+03	2.468816470591875534e-01	1.541287826207403955e-01	2.584067436437620935e-01	1.560936606416973571e-01	7.447485608329104667e-02	3.151576403205066934e-02	7.849854591919928903e-02
1.236050289588924898e+03	2.465617602141815246e-01	1.539153968341952783e-01	2.586300618306245358e-01	1.562261877122247955e-01	7.453108894217541636e-02	3.155317480949952624e-02	7.858232965702732775e-02
1.238469174695752372e+03	2.462427751709353185e-01	1.537026127767355255e-01	2.588527318495722485e-01	1.563583301665955605e-01	7.458716764703719748e-02	3.159049802801269097e-02	7.866588436103981452e-02
1.240888059802580301e+03	2.459246893829580005e-01	1.534904287480429730e-01	2.590747555398437152e-01	1.564900892455116654e-01	7.464309262613168239e-02	3.162773380598010720e-02	7.874921065146017751e-02
1.243306944909407548e+03	2.456075003109826904e-01	1.532788430526285106e-01	2.592961347354780233e-01	1.566214661848392142e-01	7.469886430654319731e-02	3.166488226247720500e-02	7.883230914697951508e-02
1.245725830016235477e+03	2.452912054229454963e-01	1.530678539998181764e-01	2.595168712653295739e-01	1.567524622156332426e-01	7.475448311418812775e-02	3.170194351725483944e-02	7.891518046475883008e-02
1.248144715123063179e+03	2.449758021939649755e-01	1.528574599037394177e-01	2.597369669530829039e-01	1.568830785641624481e-01	7.480994947381791604e-02	3.173891769072930552e-02	7.899782522043129196e-02
1.250563600229890881e+03	2.446612881063211509e-01	1.526476590833072966e-01	2.599564236172674514e-01	1.570133164519334767e-01	7.486526380902196187e-02	3.177580490397245022e-02	7.908024402810451270e-02
1.252982485336718355e+03	2.443476606494350556e-01	1.524384498622108342e-01	2.601752430712717112e-01	1.571431770957154306e-01	7.492042654223060594e-02	3.181260527870188176e-02	7.916243750036280891e-02
1.255401370443546057e+03	2.440349173198480826e-01	1.522298305688992437e-01	2.603934271233583342e-01	1.572726617075639044e-01	7.497543809471805820e-02	3.184931893727126206e-02	7.924440624826951940e-02
1.257820255550373531e+03	2.437230556212014454e-01	1.520217995365683028e-01	2.606109775766782266e-01	1.574017714948450497e-01	7.503029888660531221e-02	3.188594600266067558e-02	7.932615088136935055e-02
1.260239140657201460e+03	2.434120730642156671e-01	1.518143551031468086e-01	2.608278962292854830e-01	1.575305076602594168e-01	7.508500933686315659e-02	3.192248659846712300e-02	7.940767200769066614e-02
1.262658025764028707e+03	2.431019671666704018e-01	1.516074956112829220e-01	2.610441848741513193e-01	1.576588714018656023e-01	7.513956986331501997e-02	3.195894084889507741e-02	7.948897023374783266e-02
1.265076910870856636e+03	2.427927354533837845e-01	1.514012194083307894e-01	2.612598452991789499e-01	1.577868639131038420e-01	7.519398088263999635e-02	3.199530887874713764e-02	7.957004616454357859e-02
1.267495795977684338e+03	2.424843754561924747e-01	1.511955248463368318e-01	2.614748792872176320e-01	1.579144863828192968e-01	7.524824281037564844e-02	3.203159081341475090e-02	7.965090040357139523e-02
1.269914681084511813e+03	2.421768847139312841e-01	1.509904102820264771e-01	2.616892886160770981e-01	1.580417399952853130e-01	7.530235606092100520e-02	3.206778677886905349e-02	7.973153355281782650e-02
1.272333566191339514e+03	2.418702607724129705e-01	1.507858740767906158e-01	2.619030750585418232e-01	1.581686259302264863e-01	7.535632104753947624e-02	3.210389690165177390e-02	7.981194621276489765e-02
1.274752451298167216e+03	2.415645011844083645e-01	1.505819145966723061e-01	2.621162403823852349e-01	1.582951453628416716e-01	7.541013818236169675e-02	3.213992130886625387e-02	7.989213898239255762e-02
1.277171336404994690e+03	2.412596035096261637e-01	1.503785302123533951e-01	2.623287863503838135e-01	1.584212994638266592e-01	7.546380787638848342e-02	3.217586012816846947e-02	7.997211245918101064e-02
1.279590221511822392e+03	2.409555653146931709e-01	1.501757192991411693e-01	2.625407147203316915e-01	1.585470893993967956e-01	7.551733053949372110e-02	3.221171348775823257e-02	8.005186723911320024e-02
1.282009106618650094e+03	2.406523841731341706e-01	1.499734802369551701e-01	2.627520272450541983e-01	1.586725163313094655e-01	7.557070658042722155e-02	3.224748151637046173e-02	8.013140391667722406e-02
1.284427991725477568e+03	2.403500576653523624e-01	1.497718114103139542e-01	2.629627256724222928e-01	1.587975814168865185e-01	7.562393640681762397e-02	3.228316434326644613e-02	8.021072308486872082e-02
1.286846876832305497e+03	2.400485833786092926e-01	1.495707112083218271e-01	2.631728117453663307e-01	1.589222858090363344e-01	7.567702042517530925e-02	3.231876209822531765e-02	8.028982533519342379e-02
1.289265761939132744e+03	2.397479589070054262e-01	1.493701780246557143e-01	2.633822872018905525e-01	1.590466306562759169e-01	7.572995904089521724e-02	3.235427491153550217e-02	8.036871125766952006e-02
1.291684647045960673e+03	2.394481818514603289e-01	1.491702102575521161e-01	2.635911537750863509e-01	1.591706171027527927e-01	7.578275265825974716e-02	3.238970291398629575e-02	8.044738144083019016e-02
1.294103532152788375e+03	2.391492498196931271e-01	1.489708063097939517e-01	2.637994131931467034e-01	1.592942462882667443e-01	7.583540168044164420e-02	3.242504623685953796e-02	8.052583647172607828e-02
1.296522417259616077e+03	2.388511604262030241e-01	1.487719645886974862e-01	2.640070671793799395e-01	1.594175193482914865e-01	7.588790650950681671e-02	3.246030501192131990e-02	8.060407693592774869e-02
1.298941302366443551e+03	2.385539112922497318e-01	1.485736835060994243e-01	2.642141174522233404e-01	1.595404374139960668e-01	7.594026754641719501e-02	3.249547937141378934e-02	8.068210341752821146e-02
1.301360187473271253e+03	2.382575000458341530e-01	1.483759614783438929e-01	2.644205657252573505e-01	1.596630016122662921e-01	7.599248519103360411e-02	3.253056944804705308e-02	8.075991649914543435e-02
1.303779072580098727e+03	2.379619243216790359e-01	1.481787969262694238e-01	2.646264137072188993e-01	1.597852130657258507e-01	7.604455984211858088e-02	3.256557537499112087e-02	8.083751676192486857e-02
1.306197957686926657e+03	2.376671817612095450e-01	1.479821882751962414e-01	2.648316631020153911e-01	1.599070728927574347e-01	7.609649189733923291e-02	3.260049728586795342e-02	8.091490478554196064e-02
1.308616842793753904e+03	2.373732700125342765e-01	1.477861339549131903e-01	2.650363156087383043e-01	1.600285822075236397e-01	7.614828175327004178e-02	3.263533531474359373e-02	8.099208114820469206e-02
1.311035727900581833e+03	2.370801867304258292e-01	1.475906323996651337e-01	2.652403729216769035e-01	1.601497421199877813e-01	7.619992980539573579e-02	3.267008959612029834e-02	8.106904642665609118e-02
1.313454613007409534e+03	2.367879295763018477e-01	1.473956820481399366e-01	2.654438367303316171e-01	1.602705537359344901e-01	7.625143644811407939e-02	3.270476026492886990e-02	8.114580119617688381e-02
1.315873498114237009e+03	2.364964962182058428e-01	1.472012813434559197e-01	2.656467087194279153e-01	1.603910181569904170e-01	7.630280207473864873e-02	3.273934745652094802e-02	8.122234603058793578e-02
1.318292383221064711e+03	2.362058843307884293e-01	1.470074287331490925e-01	2.658489905689295774e-01	1.605111364806444396e-01	7.635402707750174600e-02	3.277385130666144591e-02	8.129868150225288970e-02
1.320711268327892412e+03	2.359160915952880910e-01	1.468141226691603574e-01	2.660506839540522361e-01	1.606309098002680624e-01	7.640511184755710561e-02	3.280827195152100778e-02	8.137480818208074618e-02
1.323130153434719887e+03	2.356271156995124461e-01	1.466213616078230475e-01	2.662517905452769229e-01	1.607503392051354285e-01	7.645605677498273911e-02	3.284260952766857727e-02	8.145072663952841741e-02
1.325549038541547588e+03	2.353389543378194282e-01	1.464291440098501595e-01	2.664523120083633345e-01	1.608694257804435257e-01	7.650686224878371078e-02	3.287686417206402839e-02	8.152643744260332226e-02
1.327967923648375290e+03	2.350516052110984688e-01	1.462374683403220021e-01	2.666522500043633226e-01	1.609881706073318930e-01	7.655752865689495479e-02	3.291103602205085882e-02	8.160194115786599534e-02
1.330386808755202765e+03	2.347650660267517619e-01	1.460463330686734007e-01	2.668516061896342162e-01	1.611065747629024381e-01	7.660805638618402302e-02	3.294512521534894572e-02	8.167723835043268210e-02
1.332805693862030694e+03	2.344793344986756956e-01	1.458557366686813739e-01	2.670503822158519225e-01	1.612246393202391437e-01	7.665844582245388839e-02	3.297913189004737095e-02	8.175232958397798955e-02
1.335224578968857941e+03	2.341944083472422278e-01	1.456656776184527269e-01	2.672485797300244714e-01	1.613423653484274689e-01	7.670869735044567872e-02	3.301305618459736413e-02	8.182721542073746746e-02
1.337643464075685870e+03	2.339102852992802350e-01	1.454761544004114504e-01	2.674462003745048944e-01	1.614597539125738057e-01	7.675881135384152176e-02	3.304689823780525976e-02	8.190189642151021743e-02
1.340062349182513572e+03	2.336269630880570825e-01	1.452871655012864804e-01	2.676432457870047688e-01	1.615768060738247136e-01	7.680878821526720968e-02	3.308065818882551662e-02	8.197637314566158517e-02
1.342481234289341273e+03	2.333444394532602773e-01	1.450987094120992915e-01	2.678397176006070968e-01	1.616935228893860432e-01	7.685862831629500236e-02	3.311433617715384137e-02	8.205064615112575566e-02
1.344900119396168748e+03	2.330627121409789559e-01	1.449107846281516843e-01	2.680356174437794614e-01	1.618099054125420322e-01	7.690833203744638913e-02	3.314793234262036065e-02	8.212471599440840375e-02
1.347319004502996449e+03	2.327817789036855933e-01	1.447233896490132399e-01	2.682309469403872382e-01	1.619259546926741511e-01	7.695789975819478101e-02	3.318144682538288343e-02	8.219858323058935878e-02
1.349737889609823924e+03	2.325016375002177671e-01	1.445365229785093852e-01	2.684257077097064181e-01	1.620416717752798941e-01	7.700733185696831407e-02	3.321487976592015640e-02	8.227224841332526906e-02
1.352156774716651853e+03	2.322222856957599502e-01	1.443501831247090139e-01	2.686199013664367086e-01	1.621570577019914305e-01	7.705662871115256940e-02	3.324823130502528590e-02	8.234571209485222476e-02
1.354575659823479100e+03	2.319437212618252753e-01	1.441643685999124680e-01	2.688135295207144115e-01	1.622721135105941737e-01	7.710579069709322386e-02	3.328150158379915291e-02	8.241897482598846414e-02
1.356994544930307029e+03	2.316659419762374938e-01	1.439790779206391313e-01	2.690065937781254690e-01	1.623868402350451823e-01	7.715481819009886721e-02	3.331469074364390437e-02	8.249203715613703802e-02
1.359413430037134731e+03	2.313889456231129071e-01	1.437943096076156335e-01	2.691990957397182305e-01	1.625012389054915352e-01	7.720371156444368055e-02	3.334779892625652775e-02	8.256489963328850212e-02
1.361832315143962205e+03	2.311127299928423529e-01	1.436100621857635817e-01	2.693910370020164424e-01	1.626153105482885108e-01	7.725247119337012858e-02	3.338082627362246729e-02	8.263756280402355381e-02
1.364251200250789907e+03	2.308372928820731640e-01	1.434263341841876260e-01	2.695824191570317385e-01	1.627290561860176565e-01	7.730109744909167968e-02	3.341377292800931653e-02	8.271002721351580766e-02
1.366670085357617609e+03	2.305626320936915719e-01	1.432431241361634966e-01	2.697732437922767956e-01	1.628424768375047182e-01	7.734959070279549820e-02	3.344663903196055943e-02	8.278229340553437676e-02
1.369088970464445310e+03	2.302887454368044984e-01	1.430604305791258746e-01	2.699635124907777683e-01	1.629555735178376541e-01	7.739795132464517835e-02	3.347942472828940169e-02	8.285436192244667597e-02
1.371507855571272785e+03	2.300156307267219591e-01	1.428782520546566792e-01	2.701532268310871121e-01	1.630683472383841759e-01	7.744617968378336714e-02	3.351213016007262291e-02	8.292623330522107261e-02
1.373926740678100487e+03	2.297432857849393828e-01	1.426965871084730775e-01	2.703423883872963507e-01	1.631807990068095959e-01	7.749427614833447053e-02	3.354475547064450502e-02	8.299790809342959264e-02
1.376345625784927961e+03	2.294717084391197648e-01	1.425154342904156046e-01	2.705309987290484552e-01	1.632929298270942575e-01	7.754224108540737348e-02	3.357730080359082325e-02	8.306938682525065454e-02
1.378764510891755890e+03	2.292008965230761530e-01	1.423347921544363959e-01	2.707190594215506674e-01	1.634047406995509377e-01	7.759007486109803509e-02	3.360976630274292720e-02	8.314067003747178941e-02
1.381183395998583137e+03	2.289308478767540511e-01	1.421546592585874180e-01	2.709065720255868781e-01	1.635162326208421946e-01	7.763777784049219477e-02	3.364215211217180812e-02	8.321175826549233323e-02
1.383602281105411066e+03	2.286615603462137936e-01	1.419750341650086178e-01	2.710935380975303399e-01	1.636274065839976311e-01	7.768535038766805068e-02	3.367445837618227023e-02	8.328265204332618854e-02
1.386021166212238768e+03	2.283930317836132817e-01	1.417959154399163479e-01	2.712799591893558238e-01	1.637382635784308538e-01	7.773279286569885482e-02	3.370668523930717836e-02	8.335335190360450286e-02
1.388440051319066470e+03	2.281252600471903869e-01	1.416173016535915152e-01	2.714658368486524420e-01	1.638488045899566536e-01	7.778010563665561927e-02	3.373883284630173340e-02	8.342385837757847200e-02
1.390858936425893944e+03	2.278582430012455751e-01	1.414391913803681455e-01	2.716511726186357500e-01	1.639590306008077425e-01	7.782728906160973903e-02	3.377090134213779626e-02	8.349417199512201848e-02
1.393277821532721646e+03	2.275919785161247266e-01	1.412615831986215320e-01	2.718359680381603471e-01	1.640689425896516562e-01	7.787434350063560107e-02	3.380289087199828124e-02	8.356429328473452545e-02
1.395696706639549120e+03	2.273264644682016777e-01	1.410844756907569109e-01	2.720202246417322001e-01	1.641785415316073249e-01	7.792126931281326274e-02	3.383480158127163961e-02	8.363422277354365386e-02
1.398115591746377049e+03	2.270616987398612063e-01	1.409078674431976930e-01	2.722039439595206889e-01	1.642878283982617260e-01	7.796806685623101918e-02	3.386663361554630852e-02	8.370396098730800705e-02
1.400534476853204296e+03	2.267976792194816849e-01	1.407317570463740564e-01	2.723871275173711526e-01	1.643968041576864270e-01	7.801473648798806781e-02	3.389838712060531251e-02	8.377350845041993399e-02
1.402953361960032225e+03	2.265344038014180661e-01	1.405561430947115109e-01	2.725697768368169349e-01	1.645054697744537942e-01	7.806127856419711741e-02	3.393006224242087199e-02	8.384286568590823552e-02
1.405372247066859927e+03	2.262718703859848413e-01	1.403810241866193242e-01	2.727518934350918745e-01	1.646138262096534799e-01	7.810769343998698322e-02	3.396165912714905338e-02	8.391203321544095373e-02
1.407791132173687402e+03	2.260100768794388593e-01	1.402063989244792530e-01	2.729334788251421284e-01	1.647218744209084096e-01	7.815398146950516822e-02	3.399317792112451636e-02	8.398101155932813366e-02
1.410210017280515103e+03	2.257490211939625346e-01	1.400322659146340243e-01	2.731145345156384963e-01	1.648296153623909910e-01	7.820014300592052769e-02	3.402461877085526804e-02	8.404980123652457114e-02
1.412628902387342805e+03	2.254887012476469166e-01	1.398586237673761223e-01	2.732950620109884099e-01	1.649370499848391014e-01	7.824617840142578107e-02	3.405598182301747961e-02	8.411840276463258825e-02
1.415047787494170507e+03	2.252291149644747581e-01	1.396854710969363811e-01	2.734750628113480908e-01	1.650441792355718251e-01	7.829208800724016259e-02	3.408726722445039325e-02	8.418681665990473961e-02
1.417466672600997981e+03	2.249702602743036683e-01	1.395128065214727708e-01	2.736545384126346514e-01	1.651510040585053851e-01	7.833787217361193322e-02	3.411847512215125666e-02	8.425504343724671275e-02
1.419885557707825683e+03	2.247121351128494038e-01	1.393406286630591295e-01	2.738334903065377524e-01	1.652575253941689082e-01	7.838353124982101738e-02	3.414960566327025077e-02	8.432308361021993715e-02
1.422304442814653157e+03	2.244547374216691316e-01	1.391689361476740050e-01	2.740119199805318706e-01	1.653637441797198016e-01	7.842906558418154261e-02	3.418065899510558392e-02	8.439093769104445697e-02
1.424723327921481086e+03	2.241980651481448317e-01	1.389977276051893029e-01	2.741898289178882342e-01	1.654696613489593793e-01	7.847447552404439308e-02	3.421163526509853059e-02	8.445860619060172048e-02
1.427142213028308333e+03	2.239421162454665881e-01	1.388270016693593512e-01	2.743672185976864797e-01	1.655752778323482666e-01	7.851976141579977697e-02	3.424253462082860189e-02	8.452608961843728619e-02
1.429561098135136262e+03	2.236868886726160466e-01	1.386567569778096587e-01	2.745440904948267535e-01	1.656805945570218319e-01	7.856492360487977999e-02	3.427335721000868141e-02	8.459338848276366785e-02
1.431979983241963964e+03	2.234323803943497888e-01	1.384869921720258690e-01	2.747204460800413139e-01	1.657856124468051473e-01	7.860996243576091891e-02	3.430410318048029289e-02	8.466050329046306833e-02
1.434398868348791666e+03	2.231785893811830956e-01	1.383177058973427409e-01	2.748962868199065213e-01	1.658903324222283648e-01	7.865487825196665339e-02	3.433477268020886097e-02	8.472743454709016908e-02
1.436817753455619140e+03	2.229255136093733214e-01	1.381488968029330744e-01	2.750716141768544953e-01	1.659947554005416215e-01	7.869967139606995343e-02	3.436536585727904825e-02	8.479418275687493345e-02
1.439236638562446842e+03	2.226731510609035458e-01	1.379805635417968024e-01	2.752464296091847729e-01	1.660988822957300548e-01	7.874434220969578346e-02	3.439588285989012006e-02	8.486074842272535446e-02
1.441655523669274316e+03	2.224214997234663094e-01	1.378127047707499719e-01	2.754207345710761312e-01	1.662027140185286522e-01	7.878889103352366974e-02	3.442632383635137183e-02	8.492713204623031364e-02
1.444074408776102018e+03	2.221705575904473207e-01	1.376453191504137807e-01	2.755945305125981903e-01	1.663062514764370170e-01	7.883331820729019834e-02	3.445668893507758401e-02	8.499333412766230111e-02
1.446493293882929493e+03	2.219203226609091084e-01	1.374784053452039190e-01	2.757678188797229035e-01	1.664094955737340786e-01	7.887762406979151319e-02	3.448697830458458125e-02	8.505935516598021884e-02
1.448912178989757422e+03	2.216707929395749788e-01	1.373119620233194116e-01	2.759406011143364923e-01	1.665124472114926368e-01	7.892180895888584180e-02	3.451719209348472900e-02	8.512519565883218398e-02
1.451331064096585123e+03	2.214219664368128615e-01	1.371459878567319601e-01	2.761128786542505487e-01	1.666151072875939054e-01	7.896587321149600713e-02	3.454733045048259676e-02	8.519085610255831831e-02
1.453749949203412370e+03	2.211738411686190731e-01	1.369804815211752014e-01	2.762846529332140255e-01	1.667174766967419453e-01	7.900981716361187013e-02	3.457739352437057267e-02	8.525633699219353767e-02
1.456168834310240300e+03	2.209264151566024126e-01	1.368154416961337716e-01	2.764559253809242834e-01	1.668195563304779860e-01	7.905364115029286931e-02	3.460738146402460302e-02	8.532163882147034140e-02
1.458587719417068001e+03	2.206796864279680914e-01	1.366508670648327595e-01	2.766266974230387476e-01	1.669213470771946373e-01	7.909734550567046329e-02	3.463729441839987627e-02	8.538676208282160174e-02
1.461006604523895703e+03	2.204336530155018570e-01	1.364867563142269091e-01	2.767969704811865106e-01	1.670228498221501823e-01	7.914093056295065653e-02	3.466713253652666665e-02	8.545170726738335332e-02
1.463425489630723177e+03	2.201883129575540332e-01	1.363231081349899620e-01	2.769667459729794889e-01	1.671240654474825116e-01	7.918439665441641406e-02	3.469689596750612226e-02	8.551647486499762418e-02
1.465844374737550879e+03	2.199436642980236722e-01	1.361599212215039989e-01	2.771360253120237482e-01	1.672249948322232505e-01	7.922774411143015949e-02	3.472658486050615723e-02	8.558106536421516974e-02
1.468263259844378354e+03	2.196997050863426504e-01	1.359971942718489479e-01	2.773048099079310491e-01	1.673256388523115812e-01	7.927097326443624525e-02	3.475619936475735777e-02	8.564547925229835934e-02
1.470682144951206283e+03	2.194564333774600695e-01	1.358349259877918436e-01	2.774731011663298941e-01	1.674259983806081209e-01	7.931408444296338123e-02	3.478573962954897153e-02	8.570971701522385466e-02
1.473101030058033530e+03	2.192138472318264364e-01	1.356731150747764458e-01	2.776409004888771292e-01	1.675260742869086883e-01	7.935707797562709109e-02	3.481520580422486216e-02	8.577377913768549633e-02
1.475519915164861459e+03	2.189719447153779808e-01	1.355117602419126377e-01	2.778082092732688801e-01	1.676258674379578761e-01	7.939995419013215483e-02	3.484459803817959583e-02	8.583766610309707945e-02
1.477938800271689161e+03	2.187307238995210290e-01	1.353508602019659612e-01	2.779750289132517094e-01	1.677253786974628180e-01	7.944271341327506508e-02	3.487391648085448603e-02	8.590137839359514305e-02
1.480357685378516862e+03	2.184901828611164887e-01	1.351904136713471816e-01	2.781413607986340519e-01	1.678246089261065943e-01	7.948535597094642802e-02	3.490316128173374249e-02	8.596491649004173174e-02
1.482776570485344337e+03	2.182503196824642777e-01	1.350304193701018507e-01	2.783072063152972064e-01	1.679235589815616103e-01	7.952788218813340582e-02	3.493233259034063398e-02	8.602828087202725460e-02
