1.001418434226643626e+03	2.821669746910587251e-01	1.778109877296698838e-01	2.336563296269562051e-01	1.413443516681091028e-01	6.827099679131116983e-02	2.748171291793205864e-02	6.926864657488883414e-02
1.002869765290740247e+03	2.819152923908380126e-01	1.776428414160365066e-01	2.338334757281637644e-01	1.414500260002959087e-01	6.831492868979457955e-02	2.750944664283745678e-02	6.933398913195973345e-02
1.004321096354836754e+03	2.816640361704261242e-01	1.774749798347667884e-01	2.340103149269517069e-01	1.415555090612244105e-01	6.835878817806015362e-02	2.753714670307007284e-02	6.939922512542671951e-02
1.005772427418933376e+03	2.814132053058258087e-01	1.773074025027958078e-01	2.341868477455898434e-01	1.416608012516732962e-01	6.840257537586511005e-02	2.756481309534909718e-02	6.946435472282699863e-02
1.007223758483029997e+03	2.811627990742974759e-01	1.771401089378689675e-01	2.343630747054603336e-01	1.417659029713519148e-01	6.844629040277751264e-02	2.759244581668695434e-02	6.952937809148278248e-02
1.008675089547126618e+03	2.809128167543564203e-01	1.769730986585410504e-01	2.345389963270591016e-01	1.418708146189039954e-01	6.848993337817653460e-02	2.762004486438743994e-02	6.959429539850137125e-02
1.010126420611223239e+03	2.806632576257701572e-01	1.768063711841751928e-01	2.347146131299974181e-01	1.419755365919115331e-01	6.853350442125268061e-02	2.764761023604385415e-02	6.965910681077507050e-02
1.011577751675319632e+03	2.804141209695559245e-01	1.766399260349417744e-01	2.348899256330033991e-01	1.420800692868985082e-01	6.857700365100795337e-02	2.767514192953716631e-02	6.972381249498119105e-02
1.013029082739416367e+03	2.801654060679777958e-01	1.764737627318175572e-01	2.350649343539235880e-01	1.421844130993345501e-01	6.862043118625613114e-02	2.770263994303415536e-02	6.978841261758209069e-02
1.014480413803512761e+03	2.799171122045444604e-01	1.763078807965845207e-01	2.352396398097243713e-01	1.422885684236387949e-01	6.866378714562294816e-02	2.773010427498559180e-02	6.985290734482511865e-02
1.015931744867609382e+03	2.796692386640064476e-01	1.761422797518288341e-01	2.354140425164936434e-01	1.423925356531835218e-01	6.870707164754633056e-02	2.775753492412441278e-02	6.991729684274257395e-02
1.017383075931706003e+03	2.794217847323534620e-01	1.759769591209399131e-01	2.355881429894421120e-01	1.424963151802978722e-01	6.875028481027661842e-02	2.778493188946391454e-02	6.998158127715180254e-02
1.018834406995802851e+03	2.791747496968120523e-01	1.758119184281091707e-01	2.357619417429050734e-01	1.425999073962715413e-01	6.879342675187680167e-02	2.781229517029593437e-02	7.004576081365511409e-02
1.020285738059899245e+03	2.789281328458428355e-01	1.756471571983291569e-01	2.359354392903437736e-01	1.427033126913583860e-01	6.883649759022268666e-02	2.783962476618907431e-02	7.010983561763979577e-02
1.021737069123995752e+03	2.786819334691381655e-01	1.754826749573923095e-01	2.361086361443468506e-01	1.428065314547801168e-01	6.887949744300315980e-02	2.786692067698691086e-02	7.017380585427814010e-02
1.023188400188092373e+03	2.784361508576196353e-01	1.753184712318899829e-01	2.362815328166320006e-01	1.429095640747299334e-01	6.892242642772045125e-02	2.789418290280621868e-02	7.023767168852744491e-02
1.024639731252188767e+03	2.781907843034353012e-01	1.751545455492114212e-01	2.364541298180473372e-01	1.430124109383761333e-01	6.896528466169030147e-02	2.792141144403520112e-02	7.030143328512998557e-02
1.026091062316285615e+03	2.779458330999574622e-01	1.749908974375425641e-01	2.366264276585729465e-01	1.431150724318656364e-01	6.900807226204218325e-02	2.794860630133174512e-02	7.036509080861307053e-02
1.027542393380382237e+03	2.777012965417802182e-01	1.748275264258649653e-01	2.367984268473224685e-01	1.432175489403277047e-01	6.905078934571956539e-02	2.797576747562165872e-02	7.042864442328898578e-02
1.028993724444478858e+03	2.774571739247168045e-01	1.746644320439547649e-01	2.369701278925444299e-01	1.433198408478774111e-01	6.909343602948010699e-02	2.800289496809694675e-02	7.049209429325505039e-02
1.030445055508575479e+03	2.772134645457972058e-01	1.745016138223815794e-01	2.371415313016238258e-01	1.434219485376191927e-01	6.913601242989592111e-02	2.802998878021407264e-02	7.055544058239365812e-02
1.031896386572671872e+03	2.769701677032659348e-01	1.743390712925073083e-01	2.373126375810835909e-01	1.435238723916504311e-01	6.917851866335374134e-02	2.805704891369223755e-02	7.061868345437223582e-02
1.033347717636768493e+03	2.767272826965792021e-01	1.741768039864851347e-01	2.374834472365860427e-01	1.436256127910649494e-01	6.922095484605522708e-02	2.808407537051167344e-02	7.068182307264328501e-02
1.034799048700865114e+03	2.764848088264026948e-01	1.740148114372583321e-01	2.376539607729345194e-01	1.437271701159565096e-01	6.926332109401713011e-02	2.811106815291193606e-02	7.074485960044436805e-02
1.036250379764961508e+03	2.762427453946094680e-01	1.738530931785591815e-01	2.378241786940746005e-01	1.438285447454223098e-01	6.930561752307153045e-02	2.813802726339021537e-02	7.080779320079817751e-02
1.037701710829058356e+03	2.760010917042770573e-01	1.736916487449078894e-01	2.379941015030957729e-01	1.439297370575664259e-01	6.934784424886611398e-02	2.816495270469964590e-02	7.087062403651252229e-02
1.039153041893154750e+03	2.757598470596854812e-01	1.735304776716113662e-01	2.381637297022328736e-01	1.440307474295033641e-01	6.939000138686432506e-02	2.819184447984763794e-02	7.093335227018038314e-02
1.040604372957251599e+03	2.755190107663145760e-01	1.733695794947621716e-01	2.383330637928675333e-01	1.441315762373613640e-01	6.943208905234568573e-02	2.821870259209419488e-02	7.099597806417987100e-02
1.042055704021347992e+03	2.752785821308418313e-01	1.732089537512373212e-01	2.385021042755296194e-01	1.442322238562859515e-01	6.947410736040594836e-02	2.824552704495027558e-02	7.105850158067435196e-02
1.043507035085444613e+03	2.750385604611401691e-01	1.730485999786972318e-01	2.386708516498987076e-01	1.443326906604432691e-01	6.951605642595740098e-02	2.827231784217612218e-02	7.112092298161239168e-02
1.044958366149541234e+03	2.747989450662751687e-01	1.728885177155845276e-01	2.388393064148055800e-01	1.444329770230235177e-01	6.955793636372900601e-02	2.829907498777963284e-02	7.118324242872782481e-02
1.046409697213637855e+03	2.745597352565030680e-01	1.727287065011228473e-01	2.390074690682337522e-01	1.445330833162443152e-01	6.959974728826670565e-02	2.832579848601472078e-02	7.124546008353976889e-02
1.047861028277734476e+03	2.743209303432684876e-01	1.725691658753158442e-01	2.391753401073206942e-01	1.446330099113541656e-01	6.964148931393362996e-02	2.835248834137970436e-02	7.130757610735266594e-02
1.049312359341831097e+03	2.740825296392019328e-01	1.724098953789458821e-01	2.393429200283594405e-01	1.447327571786355405e-01	6.968316255491033284e-02	2.837914455861566265e-02	7.136959066125635187e-02
1.050763690405927491e+03	2.738445324581175733e-01	1.722508945535729252e-01	2.395102093268001442e-01	1.448323254874085420e-01	6.972476712519502795e-02	2.840576714270485678e-02	7.143150390612601486e-02
1.052215021470024112e+03	2.736069381150109669e-01	1.720921629415335108e-01	2.396772084972512984e-01	1.449317152060340674e-01	6.976630313860381072e-02	2.843235609886911319e-02	7.149331600262229247e-02
1.053666352534120733e+03	2.733697459260567841e-01	1.719337000859393616e-01	2.398439180334814014e-01	1.450309267019170845e-01	6.980777070877089430e-02	2.845891143256823463e-02	7.155502711119128556e-02
1.055117683598217127e+03	2.731329552086064760e-01	1.717755055306764145e-01	2.400103384284201780e-01	1.451299603415100448e-01	6.984916994914885935e-02	2.848543314949843197e-02	7.161663739206464152e-02
1.056569014662313975e+03	2.728965652811861098e-01	1.716175788204035435e-01	2.401764701741601615e-01	1.452288164903160483e-01	6.989050097300888997e-02	2.851192125559072824e-02	7.167814700525952654e-02
1.058020345726410369e+03	2.726605754634940926e-01	1.714599195005515053e-01	2.403423137619581096e-01	1.453274955128922019e-01	6.993176389344098187e-02	2.853837575700940085e-02	7.173955611057873660e-02
1.059471676790506763e+03	2.724249850763987846e-01	1.713025271173216624e-01	2.405078696822363915e-01	1.454259977728527831e-01	6.997295882335419215e-02	2.856479666015043425e-02	7.180086486761069753e-02
1.060923007854603611e+03	2.721897934419366116e-01	1.711454012176848449e-01	2.406731384245845151e-01	1.455243236328725709e-01	7.001408587547687523e-02	2.859118397163995171e-02	7.186207343572956208e-02
1.062374338918700232e+03	2.719549998833094007e-01	1.709885413493802409e-01	2.408381204777604312e-01	1.456224734546900101e-01	7.005514516235693268e-02	2.861753769833268526e-02	7.192318197409519609e-02
1.063825669982796853e+03	2.717206037248824924e-01	1.708319470609141466e-01	2.410028163296920045e-01	1.457204475991104864e-01	7.009613679636200745e-02	2.864385784731043882e-02	7.198419064165330339e-02
1.065277001046893474e+03	2.714866042921824096e-01	1.706756179015588293e-01	2.411672264674785682e-01	1.458182464260093791e-01	7.013706088967976149e-02	2.867014442588056503e-02	7.204509959713539802e-02
1.066728332110990095e+03	2.712530009118945817e-01	1.705195534213513608e-01	2.413313513773920338e-01	1.459158702943354480e-01	7.017791755431811163e-02	2.869639744157444564e-02	7.210590899905891527e-02
1.068179663175086489e+03	2.710197929118613458e-01	1.703637531710923414e-01	2.414951915448786679e-01	1.460133195621138302e-01	7.021870690210540999e-02	2.872261690214597193e-02	7.216661900572725330e-02
1.069630994239183110e+03	2.707869796210796709e-01	1.702082167023448445e-01	2.416587474545603131e-01	1.461105945864492883e-01	7.025942904469079098e-02	2.874880281557007020e-02	7.222722977522984256e-02
1.071082325303279504e+03	2.705545603696988821e-01	1.700529435674331957e-01	2.418220195902357761e-01	1.462076957235293184e-01	7.030008409354429610e-02	2.877495519004117513e-02	7.228774146544214574e-02
1.072533656367376352e+03	2.703225344890186621e-01	1.698979333194417796e-01	2.419850084348822983e-01	1.463046233286273146e-01	7.034067215995716549e-02	2.880107403397176233e-02	7.234815423402579659e-02
1.073984987431472746e+03	2.700909013114866641e-01	1.697431855122139011e-01	2.421477144706569440e-01	1.464013777561056495e-01	7.038119335504205987e-02	2.882715935599086676e-02	7.240846823842864155e-02
1.075436318495569594e+03	2.698596601706967357e-01	1.695886997003504815e-01	2.423101381788980713e-01	1.464979593594187002e-01	7.042164778973333816e-02	2.885321116494261179e-02	7.246868363588473971e-02
1.076887649559666215e+03	2.696288104013864206e-01	1.694344754392089758e-01	2.424722800401266642e-01	1.465943684911161504e-01	7.046203557478722401e-02	2.887922946988474154e-02	7.252880058341451552e-02
1.078338980623762609e+03	2.693983513394349050e-01	1.692805122849021515e-01	2.426341405340477209e-01	1.466906055028458500e-01	7.050235682078209720e-02	2.890521428008718113e-02	7.258881923782478651e-02
1.079790311687859230e+03	2.691682823218609077e-01	1.691268097942969506e-01	2.427957201395516684e-01	1.467866707453570063e-01	7.054261163811872959e-02	2.893116560503056905e-02	7.264873975570881881e-02
1.081241642751955851e+03	2.689386026868207380e-01	1.689733675250131850e-01	2.429570193347158069e-01	1.468825645685031822e-01	7.058280013702046551e-02	2.895708345440482778e-02	7.270856229344642430e-02
1.082692973816052472e+03	2.687093117736059078e-01	1.688201850354224820e-01	2.431180385968056135e-01	1.469782873212453211e-01	7.062292242753358262e-02	2.898296783810773089e-02	7.276828700720397447e-02
1.084144304880149093e+03	2.684804089226411339e-01	1.686672618846470073e-01	2.432787784022762134e-01	1.470738393516548004e-01	7.066297861952741677e-02	2.900881876624348404e-02	7.282791405293455311e-02
1.085595635944245487e+03	2.682518934754822837e-01	1.685145976325582995e-01	2.434392392267736849e-01	1.471692210069164564e-01	7.070296882269462568e-02	2.903463624912129212e-02	7.288744358637798404e-02
1.087046967008342108e+03	2.680237647748141550e-01	1.683621918397760764e-01	2.435994215451365019e-01	1.472644326333315268e-01	7.074289314655145267e-02	2.906042029725396797e-02	7.294687576306092824e-02
1.088498298072438729e+03	2.677960221644486438e-01	1.682100440676670416e-01	2.437593258313969502e-01	1.473594745763206482e-01	7.078275170043796249e-02	2.908617092135650992e-02	7.300621073829692553e-02
1.089949629136535123e+03	2.675686649893221913e-01	1.680581538783436635e-01	2.439189525587824037e-01	1.474543471804268813e-01	7.082254459351827736e-02	2.911188813234472789e-02	7.306544866718647779e-02
1.091400960200631971e+03	2.673416925954943402e-01	1.679065208346630089e-01	2.440783021997168234e-01	1.475490507893186531e-01	7.086227193478081277e-02	2.913757194133384174e-02	7.312458970461716001e-02
1.092852291264728365e+03	2.671151043301451811e-01	1.677551445002256059e-01	2.442373752258219788e-01	1.476435857457926160e-01	7.090193383303847185e-02	2.916322235963710388e-02	7.318363400526370355e-02
1.094303622328825213e+03	2.668888995415733545e-01	1.676040244393741385e-01	2.443961721079188909e-01	1.477379523917767001e-01	7.094153039692899232e-02	2.918883939876443234e-02	7.324258172358803776e-02
1.095754953392921607e+03	2.666630775791943297e-01	1.674531602171923650e-01	2.445546933160293035e-01	1.478321510683329731e-01	7.098106173491509907e-02	2.921442307042102990e-02	7.330143301383938714e-02
1.097206284457018228e+03	2.664376377935378515e-01	1.673025513995038405e-01	2.447129393193769875e-01	1.479261821156605816e-01	7.102052795528478180e-02	2.923997338650605182e-02	7.336018803005438238e-02
1.098657615521114849e+03	2.662125795362463854e-01	1.671521975528706960e-01	2.448709105863889901e-01	1.480200458730985269e-01	7.105992916615150312e-02	2.926549035911122504e-02	7.341884692605711582e-02
1.100108946585211470e+03	2.659879021600726756e-01	1.670020982445926394e-01	2.450286075846970779e-01	1.481137426791288014e-01	7.109926547545446229e-02	2.929097400051952280e-02	7.347740985545922476e-02
1.101560277649308091e+03	2.657636050188780241e-01	1.668522530427054840e-01	2.451860307811391804e-01	1.482072728713790255e-01	7.113853699095883110e-02	2.931642432320382199e-02	7.353587697166004411e-02
1.103011608713404712e+03	2.655396874676301255e-01	1.667026615159800662e-01	2.453431806417606109e-01	1.483006367866253894e-01	7.117774382025601754e-02	2.934184133982557785e-02	7.359424842784660636e-02
1.104462939777501106e+03	2.653161488624009023e-01	1.665533232339212466e-01	2.455000576318155103e-01	1.483938347607955122e-01	7.121688607076386013e-02	2.936722506323349510e-02	7.365252437699379429e-02
1.105914270841597499e+03	2.650929885603649505e-01	1.664042377667663830e-01	2.456566622157681512e-01	1.484868671289713005e-01	7.125596384972690545e-02	2.939257550646220615e-02	7.371070497186441028e-02
1.107365601905694348e+03	2.648702059197969860e-01	1.662554046854843592e-01	2.458129948572942980e-01	1.485797342253916964e-01	7.129497726421661630e-02	2.941789268273098043e-02	7.376879036500928744e-02
1.108816932969790741e+03	2.646478003000703461e-01	1.661068235617743083e-01	2.459690560192826503e-01	1.486724363834555918e-01	7.133392642113164928e-02	2.944317660544240600e-02	7.382678070876733112e-02
1.110268264033887590e+03	2.644257710616544355e-01	1.659584939680644744e-01	2.461248461638359530e-01	1.487649739357244927e-01	7.137281142719804905e-02	2.946842728818110241e-02	7.388467615526571330e-02
1.111719595097984211e+03	2.642041175661132835e-01	1.658104154775109640e-01	2.462803657522726064e-01	1.488573472139254894e-01	7.141163238896956755e-02	2.949364474471243350e-02	7.394247685641988643e-02
1.113170926162080832e+03	2.639828391761032678e-01	1.656625876639965522e-01	2.464356152451278037e-01	1.489495565489538653e-01	7.145038941282778888e-02	2.951882898898122373e-02	7.400018296393372219e-02
1.114622257226177226e+03	2.637619352553712271e-01	1.655150101021295173e-01	2.465905951021550024e-01	1.490416022708759558e-01	7.148908260498247624e-02	2.954398003511047449e-02	7.405779462929958090e-02
1.116073588290273847e+03	2.635414051687523518e-01	1.653676823672425023e-01	2.467453057823271734e-01	1.491334847089318405e-01	7.152771207147176624e-02	2.956909789740011854e-02	7.411531200379846418e-02
1.117524919354370468e+03	2.633212482821684630e-01	1.652206040353912386e-01	2.468997477438381882e-01	1.492252041915381189e-01	7.156627791816240480e-02	2.959418259032573634e-02	7.417273523850005656e-02
1.118976250418467089e+03	2.631014639626257923e-01	1.650737746833533248e-01	2.470539214441041242e-01	1.493167610462907136e-01	7.160478025074998309e-02	2.961923412853731050e-02	7.423006448426290593e-02
1.120427581482563710e+03	2.628820515782133160e-01	1.649271938886271716e-01	2.472078273397645687e-01	1.494081555999674515e-01	7.164321917475922896e-02	2.964425252685798373e-02	7.428729989173443737e-02
1.121878912546660331e+03	2.626630104981004243e-01	1.647808612294306696e-01	2.473614658866840343e-01	1.494993881785308953e-01	7.168159479554418734e-02	2.966923780028281332e-02	7.434444161135113360e-02
1.123330243610756725e+03	2.624443400925354219e-01	1.646347762847000795e-01	2.475148375399531253e-01	1.495904591071308964e-01	7.171990721828847004e-02	2.969418996397753252e-02	7.440148979333860435e-02
1.124781574674853118e+03	2.622260397328431414e-01	1.644889386340888660e-01	2.476679427538900913e-01	1.496813687101074264e-01	7.175815654800554722e-02	2.971910903327732584e-02	7.445844458771172514e-02
1.126232905738949967e+03	2.620081087914233331e-01	1.643433478579664764e-01	2.478207819820418822e-01	1.497721173109931858e-01	7.179634288953889998e-02	2.974399502368561821e-02	7.451530614427469279e-02
1.127684236803046360e+03	2.617905466417486671e-01	1.641980035374170921e-01	2.479733556771856195e-01	1.498627052325163245e-01	7.183446634756235349e-02	2.976884795087283986e-02	7.457207461262121972e-02
1.129135567867143209e+03	2.615733526583627344e-01	1.640529052542385180e-01	2.481256642913299004e-01	1.499531327966029115e-01	7.187252702658027126e-02	2.979366783067523630e-02	7.462875014213456171e-02
1.130586898931239830e+03	2.613565262168780490e-01	1.639080525909409891e-01	2.482777082757161025e-01	1.500434003243797942e-01	7.191052503092779102e-02	2.981845467909365402e-02	7.468533288198769826e-02
1.132038229995336451e+03	2.611400666939743820e-01	1.637634451307459771e-01	2.484294880808196326e-01	1.501335081361771517e-01	7.194846046477106072e-02	2.984320851229235738e-02	7.474182298114341594e-02
1.133489561059432845e+03	2.609239734673967082e-01	1.636190824575850522e-01	2.485810041563513428e-01	1.502234565515310760e-01	7.198633343210750213e-02	2.986792934659782822e-02	7.479822058835441934e-02
1.134940892123529466e+03	2.607082459159533738e-01	1.634749641560985234e-01	2.487322569512587234e-01	1.503132458891861811e-01	7.202414403676604682e-02	2.989261719849758969e-02	7.485452585216346988e-02
1.136392223187626087e+03	2.604928834195138765e-01	1.633310898116344945e-01	2.488832469137273185e-01	1.504028764670982954e-01	7.206189238240737205e-02	2.991727208463902318e-02	7.491073892090349684e-02
1.137843554251722708e+03	2.602778853590075325e-01	1.631874590102475597e-01	2.490339744911818920e-01	1.504923486024368762e-01	7.209957857252413671e-02	2.994189402182821647e-02	7.496685994269769449e-02
1.139294885315819101e+03	2.600632511164210903e-01	1.630440713386975826e-01	2.491844401302877876e-01	1.505816626115877854e-01	7.213720271044121723e-02	2.996648302702877714e-02	7.502288906545966085e-02
1.140746216379915950e+03	2.598489800747971201e-01	1.629009263844486410e-01	2.493346442769523164e-01	1.506708188101556767e-01	7.217476489931597128e-02	2.999103911736068773e-02	7.507882643689355040e-02
1.142197547444012343e+03	2.596350716182319607e-01	1.627580237356677506e-01	2.494845873763259225e-01	1.507598175129666040e-01	7.221226524213844589e-02	3.001556231009914685e-02	7.513467220449414341e-02
1.143648878508108737e+03	2.594215251318740534e-01	1.626153629812236989e-01	2.496342698728034326e-01	1.508486590340706868e-01	7.224970384173162730e-02	3.004005262267344170e-02	7.519042651554698475e-02
1.145100209572205586e+03	2.592083400019218331e-01	1.624729437106859353e-01	2.497836922100256374e-01	1.509373436867445240e-01	7.228708080075170461e-02	3.006451007266578226e-02	7.524608951712855043e-02
1.146551540636302207e+03	2.589955156156221183e-01	1.623307655143232942e-01	2.499328548308801523e-01	1.510258717834936926e-01	7.232439622168826410e-02	3.008893467781019460e-02	7.530166135610630307e-02
1.148002871700398828e+03	2.587830513612679462e-01	1.621888279831029123e-01	2.500817581775030551e-01	1.511142436360552732e-01	7.236165020686458060e-02	3.011332645599137589e-02	7.535714217913885848e-02
1.149454202764495449e+03	2.585709466281970181e-01	1.620471307086889801e-01	2.502304026912799961e-01	1.512024595554004591e-01	7.239884285843782574e-02	3.013768542524358079e-02	7.541253213267615219e-02
1.150905533828591842e+03	2.583592008067895907e-01	1.619056732834416312e-01	2.503787888128474748e-01	1.512905198517369432e-01	7.243597427839931768e-02	3.016201160374951465e-02	7.546783136295948102e-02
1.152356864892688463e+03	2.581478132884668097e-01	1.617644553004157770e-01	2.505269169820942277e-01	1.513784248345113881e-01	7.247304456857475707e-02	3.018630500983920592e-02	7.552304001602172523e-02
1.153808195956785084e+03	2.579367834656888236e-01	1.616234763533598573e-01	2.506747876381623108e-01	1.514661748124120355e-01	7.251005383062444909e-02	3.021056566198892027e-02	7.557815823768741781e-02
1.155259527020881706e+03	2.577261107319527844e-01	1.614827360367148135e-01	2.508224012194487096e-01	1.515537700933709542e-01	7.254700216604358098e-02	3.023479357882005725e-02	7.563318617357289719e-02
1.156710858084978327e+03	2.575157944817914046e-01	1.613422339456127286e-01	2.509697581636061714e-01	1.516412109845666489e-01	7.258388967616243026e-02	3.025898877909805745e-02	7.568812396908641826e-02
1.158162189149074720e+03	2.573058341107705149e-01	1.612019696758758280e-01	2.511168589075447599e-01	1.517284977924264755e-01	7.262071646214662834e-02	3.028315128173132698e-02	7.574297176942831888e-02
1.159613520213171569e+03	2.570962290154878427e-01	1.610619428240152307e-01	2.512637038874331319e-01	1.518156308226289997e-01	7.265748262499735488e-02	3.030728110577014453e-02	7.579772971959114480e-02
1.161064851277267962e+03	2.568869785935707917e-01	1.609221529872297551e-01	2.514102935386996474e-01	1.519026103801064953e-01	7.269418826555164304e-02	3.033137827040559287e-02	7.585239796435980231e-02
1.162516182341364356e+03	2.566780822436748877e-01	1.607825997634049486e-01	2.515566282960338129e-01	1.519894367690473314e-01	7.273083348448254604e-02	3.035544279496850753e-02	7.590697664831165536e-02
1.163967513405461204e+03	2.564695393654817801e-01	1.606432827511116712e-01	2.517027085933873365e-01	1.520761102928984143e-01	7.276741838229945636e-02	3.037947469892838398e-02	7.596146591581670604e-02
1.165418844469557826e+03	2.562613493596974656e-01	1.605042015496050967e-01	2.518485348639754040e-01	1.521626312543674364e-01	7.280394305934823063e-02	3.040347400189235411e-02	7.601586591103767776e-02
1.166870175533654447e+03	2.560535116280504564e-01	1.603653557588235190e-01	2.519941075402782338e-01	1.522489999554254292e-01	7.284040761581156431e-02	3.042744072360411417e-02	7.607017677793025123e-02
1.168321506597751068e+03	2.558460255732902255e-01	1.602267449793871867e-01	2.521394270540420202e-01	1.523352166973090394e-01	7.287681215170913052e-02	3.045137488394288397e-02	7.612439866024309221e-02
1.169772837661847461e+03	2.556388905991850424e-01	1.600883688125971094e-01	2.522844938362802103e-01	1.524212817805228604e-01	7.291315676689784364e-02	3.047527650292237641e-02	7.617853170151808739e-02
1.171224168725944082e+03	2.554321061105203627e-01	1.599502268604340305e-01	2.524293083172748919e-01	1.525071955048419026e-01	7.294944156107212307e-02	3.049914560068975669e-02	7.623257604509042773e-02
1.172675499790040703e+03	2.552256715130970521e-01	1.598123187255571509e-01	2.525738709265779591e-01	1.525929581693138415e-01	7.298566663376411523e-02	3.052298219752461531e-02	7.628653183408877492e-02
1.174126830854137097e+03	2.550195862137295544e-01	1.596746440113029075e-01	2.527181820930122780e-01	1.526785700722613770e-01	7.302183208434390171e-02	3.054678631383794460e-02	7.634039921143540020e-02
1.175578161918233945e+03	2.548138496202442260e-01	1.595372023216841406e-01	2.528622422446732410e-01	1.527640315112845371e-01	7.305793801201977689e-02	3.057055797017113261e-02	7.639417831984635088e-02
1.177029492982330339e+03	2.546084611414772825e-01	1.593999932613885673e-01	2.530060518089295440e-01	1.528493427832630369e-01	7.309398451583845602e-02	3.059429718719493957e-02	7.644786930183158913e-02
1.178480824046426733e+03	2.544034201872733547e-01	1.592630164357778932e-01	2.531496112124246856e-01	1.529345041843585273e-01	7.312997169468536673e-02	3.061800398570849180e-02	7.650147229969508911e-02
1.179932155110523581e+03	2.541987261684834354e-01	1.591262714508865916e-01	2.532929208810782984e-01	1.530195160100169538e-01	7.316589964728478779e-02	3.064167838663829288e-02	7.655498745553508677e-02
1.181383486174620202e+03	2.539943784969632690e-01	1.589897579134206540e-01	2.534359812400871492e-01	1.531043785549707492e-01	7.320176847220019600e-02	3.066532041103722100e-02	7.660841491124412150e-02
1.182834817238716823e+03	2.537903765855716309e-01	1.588534754307566188e-01	2.535787927139266373e-01	1.531890921132412209e-01	7.323757826783444669e-02	3.068893008008354364e-02	7.666175480850925816e-02
1.184286148302813444e+03	2.535867198481684959e-01	1.587174236109403225e-01	2.537213557263516828e-01	1.532736569781407432e-01	7.327332913242999568e-02	3.071250741507992876e-02	7.671500728881221198e-02
1.185737479366910065e+03	2.533834076996131501e-01	1.585816020626858724e-01	2.538636707003982251e-01	1.533580734422750336e-01	7.330902116406914915e-02	3.073605243745246296e-02	7.676817249342951510e-02
1.187188810431006686e+03	2.531804395557626375e-01	1.584460103953743426e-01	2.540057380583843338e-01	1.534423417975453730e-01	7.334465446067434113e-02	3.075956516874969737e-02	7.682125056343262759e-02
1.188640141495103080e+03	2.529778148334699828e-01	1.583106482190527187e-01	2.541475582219115403e-01	1.535264623351509372e-01	7.338022912000830011e-02	3.078304563064165195e-02	7.687424163968815949e-02
1.190091472559199701e+03	2.527755329505824156e-01	1.581755151444328156e-01	2.542891316118658374e-01	1.536104353455909621e-01	7.341574523967435428e-02	3.080649384491887174e-02	7.692714586285795408e-02
1.191542803623296322e+03	2.525735933259395383e-01	1.580406107828900841e-01	2.544304586484192332e-01	1.536942611186669083e-01	7.345120291711658422e-02	3.082990983349147285e-02	7.697996337339932382e-02
1.192994134687392716e+03	2.523719953793717163e-01	1.579059347464625007e-01	2.545715397510306399e-01	1.537779399434847372e-01	7.348660224962016985e-02	3.085329361838817439e-02	7.703269431156514746e-02
1.194445465751489564e+03	2.521707385316984129e-01	1.577714866478494571e-01	2.547123753384472056e-01	1.538614721084571590e-01	7.352194333431152917e-02	3.087664522175535484e-02	7.708533881740399496e-02
1.195896796815585958e+03	2.519698222047261904e-01	1.576372661004105113e-01	2.548529658287054800e-01	1.539448579013057705e-01	7.355722626815858201e-02	3.089996466585612570e-02	7.713789703076039117e-02
1.197348127879682352e+03	2.517692458212472117e-01	1.575032727181644443e-01	2.549933116391328580e-01	1.540280976090632192e-01	7.359245114797101361e-02	3.092325197306937390e-02	7.719036909127485746e-02
1.198799458943779200e+03	2.515690088050374640e-01	1.573695061157880382e-01	2.551334131863485788e-01	1.541111915180754244e-01	7.362761807040045514e-02	3.094650716588884590e-02	7.724275513838416152e-02
1.200250790007875821e+03	2.513691105808550375e-01	1.572359659086149108e-01	2.552732708862648359e-01	1.541941399140036861e-01	7.366272713194078892e-02	3.096973026692221437e-02	7.729505531132145613e-02
1.201702121071972442e+03	2.511695505744382939e-01	1.571026517126344613e-01	2.554128851540882761e-01	1.542769430818269893e-01	7.369777842892834274e-02	3.099292129889015535e-02	7.734726974911641795e-02
1.203153452136069063e+03	2.509703282125044232e-01	1.569695631444907868e-01	2.555522564043208877e-01	1.543596013058439742e-01	7.373277205754209807e-02	3.101608028462543576e-02	7.739939859059541405e-02
1.204604783200165684e+03	2.507714429227473896e-01	1.568366998214814345e-01	2.556913850507613883e-01	1.544421148696751567e-01	7.376770811380395365e-02	3.103920724707199055e-02	7.745144197438165456e-02
1.206056114264262078e+03	2.505728941338365434e-01	1.567040613615564293e-01	2.558302715065065014e-01	1.545244840562650657e-01	7.380258669357900314e-02	3.106230220928404145e-02	7.750340003889538698e-02
1.207507445328358699e+03	2.503746812754147344e-01	1.565716473833169975e-01	2.559689161839519000e-01	1.546067091478844080e-01	7.383740789257568771e-02	3.108536519442517410e-02	7.755527292235404879e-02
1.208958776392455093e+03	2.501768037780967013e-01	1.564394575060146231e-01	2.561073194947935394e-01	1.546887904261321223e-01	7.387217180634605973e-02	3.110839622576744984e-02	7.760706076277242016e-02
1.210410107456551941e+03	2.499792610734673792e-01	1.563074913495497986e-01	2.562454818500289333e-01	1.547707281719374883e-01	7.390687853028606036e-02	3.113139532669050025e-02	7.765876369796281820e-02
1.211861438520648335e+03	2.497820525940800396e-01	1.561757485344710261e-01	2.563834036599581534e-01	1.548525226655622089e-01	7.394152815963567216e-02	3.115436252068066666e-02	7.771038186553522187e-02
1.213312769584745183e+03	2.495851777734548194e-01	1.560442286819736235e-01	2.565210853341851616e-01	1.549341741866026023e-01	7.397612078947925218e-02	3.117729783133009469e-02	7.776191540289746629e-02
1.214764100648841804e+03	2.493886360460769724e-01	1.559129314138986422e-01	2.566585272816188645e-01	1.550156830139916009e-01	7.401065651474564300e-02	3.120020128233587028e-02	7.781336444725538148e-02
1.216215431712937971e+03	2.491924268473950932e-01	1.557818563527317846e-01	2.567957299104745017e-01	1.550970494260008326e-01	7.404513543020853350e-02	3.122307289749914200e-02	7.786472913561302833e-02
1.217666762777034819e+03	2.489965496138195900e-01	1.556510031216022938e-01	2.569326936282746998e-01	1.551782737002426749e-01	7.407955763048659770e-02	3.124591270072426055e-02	7.791600960477279569e-02
1.219118093841131440e+03	2.488010037827209087e-01	1.555203713442817881e-01	2.570694188418506942e-01	1.552593561136723088e-01	7.411392321004377226e-02	3.126872071601789760e-02	7.796720599133558083e-02
1.220569424905228061e+03	2.486057887924278675e-01	1.553899606451832338e-01	2.572059059573432727e-01	1.553402969425898561e-01	7.414823226318945082e-02	3.129149696748822346e-02	7.801831843170101144e-02
1.222020755969324682e+03	2.484109040822261028e-01	1.552597706493598628e-01	2.573421553802042183e-01	1.554210964626423497e-01	7.418248488407876151e-02	3.131424147934400160e-02	7.806934706206758445e-02
1.223472087033421303e+03	2.482163490923562088e-01	1.551298009825040070e-01	2.574781675151975313e-01	1.555017549488257322e-01	7.421668116671278903e-02	3.133695427589380106e-02	7.812029201843280479e-02
1.224923418097517697e+03	2.480221232640122397e-01	1.550000512709460432e-01	2.576139427664003168e-01	1.555822726754869378e-01	7.425082120493879667e-02	3.135963538154510483e-02	7.817115343659339355e-02
1.226374749161614318e+03	2.478282260393399883e-01	1.548705211416532557e-01	2.577494815372042281e-01	1.556626499163259181e-01	7.428490509245040674e-02	3.138228482080348408e-02	7.822193145214546839e-02
1.227826080225710712e+03	2.476346568614353483e-01	1.547412102222288366e-01	2.578847842303165772e-01	1.557428869443975572e-01	7.431893292278794749e-02	3.140490261827177942e-02	7.827262620048471009e-02
1.229277411289807560e+03	2.474414151743426493e-01	1.546121181409106649e-01	2.580198512477611672e-01	1.558229840321138093e-01	7.435290478933859193e-02	3.142748879864926126e-02	7.832323781680652908e-02
1.230728742353903954e+03	2.472485004230530192e-01	1.544832445265703902e-01	2.581546829908800134e-01	1.559029414512456135e-01	7.438682078533659370e-02	3.145004338673079020e-02	7.837376643610624583e-02
1.232180073418000802e+03	2.470559120535027187e-01	1.543545890087121286e-01	2.582892798603341200e-01	1.559827594729248645e-01	7.442068100386357854e-02	3.147256640740601907e-02	7.842421219317925740e-02
1.233631404482097196e+03	2.468636495125715591e-01	1.542261512174715465e-01	2.584236422561046465e-01	1.560624383676464111e-01	7.445448553784869694e-02	3.149505788565856029e-02	7.847457522262121787e-02
1.235082735546193817e+03	2.466717122480812097e-01	1.540979307836147505e-01	2.585577705774942947e-01	1.561419784052700266e-01	7.448823448006890169e-02	3.151751784656518091e-02	7.852485565882821872e-02
1.236534066610290438e+03	2.464800997087935319e-01	1.539699273385371769e-01	2.586916652231283087e-01	1.562213798550223798e-01	7.452192792314919767e-02	3.153994631529500464e-02	7.857505363599699699e-02
1.237985397674387059e+03	2.462888113444090532e-01	1.538421405142624543e-01	2.588253265909554734e-01	1.563006429854989776e-01	7.455556595956283616e-02	3.156234331710868618e-02	7.862516928812506023e-02
1.239436728738483680e+03	2.460978466055652736e-01	1.537145699434414314e-01	2.589587550782496694e-01	1.563797680646661081e-01	7.458914868163150913e-02	3.158470887735764093e-02	7.867520274901086685e-02
1.240888059802580301e+03	2.459072049438350560e-01	1.535872152593510676e-01	2.590919510816106497e-01	1.564587553598628111e-01	7.462267618152568227e-02	3.160704302148322625e-02	7.872515415225406210e-02
1.242339390866676695e+03	2.457168858117249333e-01	1.534600760958932664e-01	2.592249149969653166e-01	1.565376051378027100e-01	7.465614855126470606e-02	3.162934577501595734e-02	7.877502363125564455e-02
1.243790721930773088e+03	2.455268886626736646e-01	1.533331520875939602e-01	2.593576472195689431e-01	1.566163176645760657e-01	7.468956588271713493e-02	3.165161716357473703e-02	7.882481131921806328e-02
1.245242052994869937e+03	2.453372129510504041e-01	1.532064428696019165e-01	2.594901481440061719e-01	1.566948932056516364e-01	7.472292826760089379e-02	3.167385721286607864e-02	7.887451734914550927e-02
1.246693384058966330e+03	2.451478581321532568e-01	1.530799480776876831e-01	2.596224181641922368e-01	1.567733320258785090e-01	7.475623579748356951e-02	3.169606594868328714e-02	7.892414185384401260e-02
1.248144715123063179e+03	2.449588236622075310e-01	1.529536673482426445e-01	2.597544576733741839e-01	1.568516343894880982e-01	7.478948856378259125e-02	3.171824339690573757e-02	7.897368496592170606e-02
1.249596046187159800e+03	2.447701089983642664e-01	1.528276003182777454e-01	2.598862670641319261e-01	1.569298005600960610e-01	7.482268665776546646e-02	3.174038958349807704e-02	7.902314681778893624e-02
1.251047377251256421e+03	2.445817135986985691e-01	1.527017466254226019e-01	2.600178467283791872e-01	1.570078308007040735e-01	7.485583017055000288e-02	3.176250453450948918e-02	7.907252754165848552e-02
1.252498708315352815e+03	2.443936369222080018e-01	1.525761059079243365e-01	2.601491970573650003e-01	1.570857253737017734e-01	7.488891919310458611e-02	3.178458827607288234e-02	7.912182726954576639e-02
1.253950039379449436e+03	2.442058784288110296e-01	1.524506778046466060e-01	2.602803184416745963e-01	1.571634845408687031e-01	7.492195381624833228e-02	3.180664083440420259e-02	7.917104613326894635e-02
1.255401370443546057e+03	2.440184375793453542e-01	1.523254619550684363e-01	2.604112112712304583e-01	1.572411085633759475e-01	7.495493413065133781e-02	3.182866223580162884e-02	7.922018426444919770e-02
1.256852701507642678e+03	2.438313138355663601e-01	1.522004579992832229e-01	2.605418759352938762e-01	1.573185977017882431e-01	7.498786022683497088e-02	3.185065250664486508e-02	7.926924179451085017e-02
1.258304032571739299e+03	2.436445066601455045e-01	1.520756655779977040e-01	2.606723128224655572e-01	1.573959522160656710e-01	7.502073219517199631e-02	3.187261167339436319e-02	7.931821885468158528e-02
1.259755363635835920e+03	2.434580155166688464e-01	1.519510843325308780e-01	2.608025223206870136e-01	1.574731723655655169e-01	7.505355012588688091e-02	3.189453976259060131e-02	7.936711557599263056e-02
1.261206694699932314e+03	2.432718398696353534e-01	1.518267139048128656e-01	2.609325048172416728e-01	1.575502584090442415e-01	7.508631410905601544e-02	3.191643680085336221e-02	7.941593208927893999e-02
1.262658025764028707e+03	2.430859791844552642e-01	1.517025539373840215e-01	2.610622606987558769e-01	1.576272106046590626e-01	7.511902423460785350e-02	3.193830281488098388e-02	7.946466852517937440e-02
1.264109356828125556e+03	2.429004329274486729e-01	1.515786040733937690e-01	2.611917903512001593e-01	1.577040292099700092e-01	7.515168059232324449e-02	3.196013783144964482e-02	7.951332501413692355e-02
1.265560687892221949e+03	2.427152005658438361e-01	1.514548639565996002e-01	2.613210941598903547e-01	1.577807144819415863e-01	7.518428327183560023e-02	3.198194187741264238e-02	7.956190168639883098e-02
1.267012018956318798e+03	2.425302815677757018e-01	1.513313332313659665e-01	2.614501725094884876e-01	1.578572666769446353e-01	7.521683236263111694e-02	3.200371497969966422e-02	7.961039867201684384e-02
1.268463350020415419e+03	2.423456754022842441e-01	1.512080115426633342e-01	2.615790257840042710e-01	1.579336860507581097e-01	7.524932795404905284e-02	3.202545716531606662e-02	7.965881610084736553e-02
1.269914681084511813e+03	2.421613815393129365e-01	1.510848985360670749e-01	2.617076543667957167e-01	1.580099728585709074e-01	7.528177013528190853e-02	3.204716846134221531e-02	7.970715410255169164e-02
1.271366012148608434e+03	2.419773994497071978e-01	1.509619938577564102e-01	2.618360586405706902e-01	1.580861273549836465e-01	7.531415899537566294e-02	3.206884889493270829e-02	7.975541280659613486e-02
1.272817343212705055e+03	2.417937286052128376e-01	1.508392971545134964e-01	2.619642389873877986e-01	1.581621497940103871e-01	7.534649462322996760e-02	3.209049849331573057e-02	7.980359234225227472e-02
1.274268674276801676e+03	2.416103684784745020e-01	1.507168080737222304e-01	2.620921957886575004e-01	1.582380404290804343e-01	7.537877710759842420e-02	3.211211728379233243e-02	7.985169283859712419e-02
1.275720005340898297e+03	2.414273185430340640e-01	1.505945262633672510e-01	2.622199294251432722e-01	1.583137995130401154e-01	7.541100653708879276e-02	3.213370529373572870e-02	7.989971442451329620e-02
1.277171336404994690e+03	2.412445782733291799e-01	1.504724513720329671e-01	2.623474402769627178e-01	1.583894272981545559e-01	7.544318300016318590e-02	3.215526255059063948e-02	7.994765722868928115e-02
1.278622667469091539e+03	2.410621471446916797e-01	1.503505830489025308e-01	2.624747287235885129e-01	1.584649240361093725e-01	7.547530658513833257e-02	3.217678908187256159e-02	7.999552137961951637e-02
1.280073998533187932e+03	2.408800246333460127e-01	1.502289209437566719e-01	2.626017951438498477e-01	1.585402899780124497e-01	7.550737738018575840e-02	3.219828491516712327e-02	8.004330700560471912e-02
1.281525329597284326e+03	2.406982102164077209e-01	1.501074647069728374e-01	2.627286399159329822e-01	1.586155253743956328e-01	7.553939547333204940e-02	3.221975007812938330e-02	8.009101423475194215e-02
1.282976660661381175e+03	2.405167033718819125e-01	1.499862139895241364e-01	2.628552634173828007e-01	1.586906304752165875e-01	7.557136095245904628e-02	3.224118459848316492e-02	8.013864319497487898e-02
1.284427991725477568e+03	2.403355035786617078e-01	1.498651684429781750e-01	2.629816660251038662e-01	1.587656055298603264e-01	7.560327390530408032e-02	3.226258850402037581e-02	8.018619401399398883e-02
1.285879322789574417e+03	2.401546103165267676e-01	1.497443277194961397e-01	2.631078481153611981e-01	1.588404507871410964e-01	7.563513441946018157e-02	3.228396182260036273e-02	8.023366681933674638e-02
1.287330653853671038e+03	2.399740230661416285e-01	1.496236914718318822e-01	2.632338100637815481e-01	1.589151664953040166e-01	7.566694258237635640e-02	3.230530458214922462e-02	8.028106173833778059e-02
1.288781984917767431e+03	2.397937413090543424e-01	1.495032593533306420e-01	2.633595522453546778e-01	1.589897529020267430e-01	7.569869848135769852e-02	3.232661681065917419e-02	8.032837889813909671e-02
1.290233315981864052e+03	2.396137645276948391e-01	1.493830310179282417e-01	2.634850750344341352e-01	1.590642102544212177e-01	7.573040220356572205e-02	3.234789853618785793e-02	8.037561842569029835e-02
