1.301360187473271253e+03	2.378306863419483164e-01	1.488709980744946926e-01	2.611082273937289644e-01	1.613287832638445329e-01	7.674681251285546402e-02	3.228527241643230905e-02	8.182921999662554069e-02
1.306197957686926657e+03	2.372433902991256394e-01	1.484748407978993823e-01	2.614954591902960424e-01	1.615857015353458770e-01	7.685524182149335026e-02	3.235702907226470360e-02	8.198833728350485295e-02
1.311035727900581833e+03	2.366593973554878272e-01	1.480809125305763141e-01	2.618803533762424363e-01	1.618411699742027809e-01	7.696309133715448225e-02	3.242847782199349826e-02	8.214659760427256430e-02
1.315873498114237009e+03	2.360786888872511702e-01	1.476892006957792602e-01	2.622629245467003045e-01	1.620951969135313031e-01	7.707036408683205775e-02	3.249961933195821134e-02	8.230400553787761697e-02
1.320711268327892412e+03	2.355012463761516628e-01	1.472996927880657891e-01	2.626431872031423920e-01	1.623477906352709388e-01	7.717706308180513619e-02	3.257045427723311709e-02	8.246056563826088814e-02
1.325549038541547588e+03	2.349270514088392936e-01	1.469123763728911181e-01	2.630211557539660627e-01	1.625989593705774727e-01	7.728319131773229989e-02	3.264098334142302715e-02	8.261628243450064302e-02
1.330386808755202765e+03	2.343560856762758327e-01	1.465272390862043805e-01	2.633968445150752236e-01	1.628487113002107245e-01	7.738875177474417721e-02	3.271120721646234714e-02	8.277116043095722464e-02
1.335224578968857941e+03	2.337883309731364767e-01	1.461442686340467256e-01	2.637702677104594162e-01	1.630970545549174922e-01	7.749374741753520257e-02	3.278112660241724874e-02	8.292520410741728576e-02
1.340062349182513572e+03	2.332237691972152693e-01	1.457634527921520817e-01	2.641414394727704118e-01	1.633439972158094444e-01	7.759818119545434933e-02	3.285074220729099215e-02	8.307841791923731289e-02
1.344900119396168748e+03	2.326623823488339349e-01	1.453847794055497245e-01	2.645103738438959740e-01	1.635895473147365164e-01	7.770205604259498855e-02	3.292005474683225991e-02	8.323080629748649817e-02
1.349737889609823924e+03	2.321041525302543485e-01	1.450082363881691760e-01	2.648770847755314017e-01	1.638337128346555316e-01	7.780537487788391493e-02	3.298906494434655085e-02	8.338237364908897276e-02
1.354575659823479100e+03	2.315490619450946974e-01	1.446338117224472697e-01	2.652415861297480748e-01	1.640765017099944656e-01	7.790814060516944306e-02	3.305777353051057160e-02	8.353312435696540195e-02
1.359413430037134731e+03	2.309970928977490845e-01	1.442614934589374343e-01	2.656038916795593341e-01	1.643179218270121034e-01	7.801035611330874031e-02	3.312618124318948698e-02	8.368306278017378919e-02
1.364251200250789907e+03	2.304482277928106004e-01	1.438912697159210607e-01	2.659640151094837535e-01	1.645579810241536156e-01	7.811202427625418832e-02	3.319428882725713320e-02	8.383219325404964173e-02
1.369088970464445310e+03	2.299024491344978938e-01	1.435231286790211724e-01	2.663219700161057468e-01	1.647966870924017224e-01	7.821314795313907831e-02	3.326209703441903448e-02	8.398052009034544241e-02
1.373926740678100487e+03	2.293597395260853211e-01	1.431570586008180102e-01	2.666777699086330111e-01	1.650340477756236657e-01	7.831372998836240440e-02	3.332960662303825067e-02	8.412804757736935812e-02
1.378764510891755890e+03	2.288200816693362061e-01	1.427930478004671988e-01	2.670314282094519709e-01	1.652700707709145178e-01	7.841377321167292136e-02	3.339681835796394493e-02	8.427477998012324056e-02
1.383602281105411066e+03	2.282834583639397064e-01	1.424310846633196348e-01	2.673829582546797257e-01	1.655047637289359941e-01	7.851328043825243908e-02	3.346373301036272008e-02	8.442072154043983589e-02
1.388440051319066470e+03	2.277498525069510116e-01	1.420711576405436494e-01	2.677323732947136103e-01	1.657381342542516844e-01	7.861225446879828438e-02	3.353035135755261936e-02	8.456587647711924505e-02
1.393277821532721646e+03	2.272192470922347884e-01	1.417132552487494757e-01	2.680796864947778135e-01	1.659701899056585384e-01	7.871069808960508285e-02	3.359667418283975027e-02	8.471024898606470399e-02
1.398115591746377049e+03	2.266916252099120399e-01	1.413573660696156031e-01	2.684249109354672758e-01	1.662009381965144639e-01	7.880861407264576346e-02	3.366270227535755194e-02	8.485384324041750359e-02
1.402953361960032225e+03	2.261669700458101562e-01	1.410034787495174080e-01	2.687680596132886457e-01	1.664303865950622630e-01	7.890600517565192484e-02	3.372843642990859536e-02	8.499666339069120169e-02
1.407791132173687402e+03	2.256452648809162131e-01	1.406515819991578931e-01	2.691091454411986272e-01	1.666585425247501528e-01	7.900287414219341053e-02	3.379387744680890926e-02	8.513871356490498865e-02
1.412628902387342805e+03	2.251264930908335460e-01	1.403016645932002870e-01	2.694481812491394401e-01	1.668854133645486515e-01	7.909922370175716255e-02	3.385902613173481790e-02	8.527999786871631738e-02
1.417466672600997981e+03	2.246106381452414869e-01	1.399537153699031700e-01	2.697851797845710609e-01	1.671110064492640213e-01	7.919505656982553377e-02	3.392388329557222831e-02	8.542052038555275617e-02
1.422304442814653157e+03	2.240976836073583778e-01	1.396077232307572913e-01	2.701201537130011321e-01	1.673353290698483820e-01	7.929037544795378145e-02	3.398844975426830450e-02	8.556028517674298117e-02
1.427142213028308333e+03	2.235876131334076367e-01	1.392636771401245810e-01	2.704531156185119856e-01	1.675583884737064655e-01	7.938518302384701963e-02	3.405272632868557720e-02	8.569929628164704716e-02
1.431979983241963964e+03	2.230804104720868764e-01	1.389215661248793532e-01	2.707840780042842788e-01	1.677801918649993174e-01	7.947948197143640814e-02	3.411671384445833649e-02	8.583755771778581178e-02
1.436817753455619140e+03	2.225760594640404377e-01	1.385813792740513417e-01	2.711130532931184667e-01	1.680007464049444454e-01	7.957327495095475878e-02	3.418041313185139762e-02	8.597507348096956881e-02
1.441655523669274316e+03	2.220745440413347260e-01	1.382431057384710671e-01	2.714400538279528874e-01	1.682200592121131932e-01	7.966656460901157255e-02	3.424382502562110797e-02	8.611184754542589026e-02
1.446493293882929493e+03	2.215758482269367391e-01	1.379067347304168412e-01	2.717650918723793496e-01	1.684381373627248935e-01	7.975935357866734132e-02	3.430695036487860228e-02	8.624788386392669148e-02
1.451331064096585123e+03	2.210799561341956210e-01	1.375722555232642141e-01	2.720881796111555562e-01	1.686549878909380795e-01	7.985164447950734989e-02	3.436978999295529219e-02	8.638318636791435245e-02
1.456168834310240300e+03	2.205868519663272687e-01	1.372396574511371981e-01	2.724093291507148629e-01	1.688706177891385607e-01	7.994343991771482583e-02	3.443234475727051380e-02	8.651775896762724238e-02
1.461006604523895703e+03	2.200965200159019641e-01	1.369089299085614331e-01	2.727285525196731508e-01	1.690850340082248882e-01	8.003474248614349251e-02	3.449461550920130543e-02	8.665160555222427285e-02
1.465844374737550879e+03	2.196089446643348653e-01	1.365800623501195743e-01	2.730458616693326457e-01	1.692982434578907402e-01	8.012555476438958102e-02	3.455660310395436419e-02	8.678472998990870158e-02
1.470682144951206283e+03	2.191241103813796609e-01	1.362530442901085381e-01	2.733612684741832943e-01	1.695102530069045321e-01	8.021587931886324518e-02	3.461830840044001489e-02	8.691713612805117284e-02
1.475519915164861459e+03	2.186420017246250014e-01	1.359278653021986083e-01	2.736747847324008664e-01	1.697210694833864997e-01	8.030571870285949099e-02	3.467973226114828833e-02	8.704882779331181430e-02
1.480357685378516862e+03	2.181626033389939823e-01	1.356045150190947346e-01	2.739864221663419475e-01	1.699306996750827303e-01	8.039507545662841204e-02	3.474087555202700489e-02	8.717980879176175091e-02
1.485195455592172038e+03	2.176858999562464314e-01	1.352829831321996079e-01	2.742961924230372661e-01	1.701391503296368624e-01	8.048395210744495321e-02	3.480173914236180804e-02	8.731008290900360569e-02
1.490033225805827215e+03	2.172118763944842768e-01	1.349632593912787615e-01	2.746041070746806922e-01	1.703464281548590364e-01	8.057235116967825794e-02	3.486232390465827252e-02	8.743965391029125123e-02
1.494870996019482618e+03	2.167405175576595233e-01	1.346453336041275040e-01	2.749101776191164026e-01	1.705525398189920994e-01	8.066027514486029393e-02	3.492263071452581663e-02	8.756852554064888106e-02
1.499708766233137567e+03	2.162718084350852554e-01	1.343291956362399342e-01	2.752144154803227161e-01	1.707574919509757261e-01	8.074772652175411791e-02	3.498266045056364071e-02	8.769670152498913740e-02
1.504546536446793198e+03	2.158057341009494978e-01	1.340148354104797879e-01	2.755168320088932088e-01	1.709612911407076274e-01	8.083470777642146055e-02	3.504241399424844888e-02	8.782418556823053113e-02
1.509384306660448374e+03	2.153422797138317135e-01	1.337022429067530604e-01	2.758174384825149983e-01	1.711639439393026207e-01	8.092122137229000589e-02	3.510189222982412066e-02	8.795098135541398743e-02
1.514222076874103550e+03	2.148814305162224103e-01	1.333914081616826841e-01	2.761162461064444740e-01	1.713654568593490635e-01	8.100726976022007420e-02	3.516109604419309642e-02	8.807709255181872532e-02
1.519059847087758726e+03	2.144231718340451898e-01	1.330823212682850087e-01	2.764132660139794750e-01	1.715658363751631221e-01	8.109285537857081894e-02	3.522002632680967804e-02	8.820252280307722126e-02
1.523897617301414357e+03	2.139674890761818216e-01	1.327749723756481703e-01	2.767085092669294144e-01	1.717650889230406819e-01	8.117798065326589652e-02	3.527868396957498792e-02	8.832727573528950660e-02
1.528735387515069533e+03	2.135143677339998713e-01	1.324693516886123468e-01	2.770019868560822940e-01	1.719632209015068414e-01	8.126264799785878901e-02	3.533706986673377376e-02	8.845135495513653523e-02
1.533573157728724709e+03	2.130637933808832984e-01	1.321654494674517899e-01	2.772937097016685559e-01	1.721602386715632982e-01	8.134685981359754403e-02	3.539518491477290640e-02	8.857476404999298225e-02
1.538410927942380113e+03	2.126157516717655516e-01	1.318632560275586618e-01	2.775836886538229908e-01	1.723561485569334584e-01	8.143061848948912607e-02	3.545303001232150142e-02	8.869750658803905730e-02
1.543248698156035516e+03	2.121702283426653568e-01	1.315627617391288695e-01	2.778719344930428714e-01	1.725509568443054365e-01	8.151392640236329590e-02	3.551060606005281006e-02	8.881958611837170725e-02
1.548086468369690692e+03	2.117272092102253644e-01	1.312639570268495370e-01	2.781584579306440874e-01	1.727446697835727518e-01	8.159678591693600436e-02	3.556791396058772009e-02	8.894100617111495855e-02
1.552924238583346096e+03	2.112866801712534048e-01	1.309668323695883096e-01	2.784432696092138948e-01	1.729372935880731099e-01	8.167919938587235584e-02	3.562495461839987332e-02	8.906177025752952392e-02
1.557762008797001272e+03	2.108486272022662700e-01	1.306713783000846008e-01	2.787263801030613886e-01	1.731288344348249908e-01	8.176116914984921102e-02	3.568172893972236526e-02	8.918188187012172918e-02
1.562599779010656675e+03	2.104130363590362707e-01	1.303775854046423932e-01	2.790077999186649227e-01	1.733192984647621282e-01	8.184269753761728994e-02	3.573823783245604763e-02	8.930134448275153791e-02
1.567437549224311852e+03	2.099798937761403195e-01	1.300854443228249835e-01	2.792875394951169765e-01	1.735086917829661013e-01	8.192378686606287264e-02	3.579448220607940601e-02	8.942016155073997941e-02
1.572275319437967255e+03	2.095491856665117059e-01	1.297949457471514745e-01	2.795656092045660235e-01	1.736970204588969002e-01	8.200443944026902798e-02	3.585046297155987383e-02	8.953833651097570234e-02
1.577113089651622431e+03	2.091208983209942585e-01	1.295060804227948781e-01	2.798420193526557354e-01	1.738842905266215211e-01	8.208465755357657878e-02	3.590618104126679089e-02	8.965587278202093169e-02
1.581950859865277607e+03	2.086950181078994215e-01	1.292188391472821607e-01	2.801167801789619105e-01	1.740705079850405623e-01	8.216444348764444239e-02	3.596163732888569414e-02	8.977277376421652355e-02
1.586788630078933011e+03	2.082715314725655797e-01	1.289332127701958430e-01	2.803899018574258495e-01	1.742556787981129895e-01	8.224379951250979093e-02	3.601683274933421136e-02	8.988904283978645104e-02
1.591626400292587959e+03	2.078504249369199919e-01	1.286491921928775151e-01	2.806613944967858432e-01	1.744398088950789849e-01	8.232272788664768415e-02	3.607176821867931482e-02	9.000468337294147136e-02
1.596464170506243590e+03	2.074316850990433891e-01	1.283667683681327387e-01	2.809312681410053303e-01	1.746229041706809371e-01	8.240123085703029981e-02	3.612644465405599054e-02	9.011969870998211285e-02
1.601301940719898766e+03	2.070152986327368494e-01	1.280859322999380878e-01	2.811995327696990010e-01	1.748049704853827102e-01	8.247931065918588656e-02	3.618086297358737158e-02	9.023409217940089877e-02
1.606139710933553943e+03	2.066012522870913637e-01	1.278066750431494925e-01	2.814661982985555699e-01	1.749860136655869980e-01	8.255696951725723098e-02	3.623502409630618981e-02	9.034786709198394661e-02
1.610977481147209119e+03	2.061895328860598453e-01	1.275289877032125541e-01	2.817312745797583284e-01	1.751660395038508733e-01	8.263420964405981950e-02	3.628892894207760844e-02	9.046102674091174856e-02
1.615815251360864750e+03	2.057801273280315812e-01	1.272528614358743038e-01	2.819947714024028662e-01	1.753450537590996727e-01	8.271103324113952826e-02	3.634257843152340073e-02	9.057357440185942465e-02
1.620653021574519926e+03	2.053730225854089597e-01	1.269782874468967648e-01	2.822566984929124612e-01	1.755230621568391325e-01	8.278744249883011885e-02	3.639597348594744014e-02	9.068551333309603224e-02
1.625490791788175102e+03	2.049682057041869176e-01	1.267052569917721805e-01	2.825170655154499721e-01	1.757000703893658033e-01	8.286343959631016498e-02	3.644911502726248809e-02	9.079684677558344519e-02
1.630328562001830505e+03	2.045656638035346642e-01	1.264337613754396850e-01	2.827758820723284550e-01	1.758760841159757726e-01	8.293902670165979873e-02	3.650200397791827228e-02	9.090757795307437272e-02
1.635166332215485909e+03	2.041653840753798466e-01	1.261637919520038897e-01	2.830331577044178926e-01	1.760511089631717208e-01	8.301420597191699891e-02	3.655464126083082799e-02	9.101771007220980925e-02
1.640004102429141085e+03	2.037673537839951032e-01	1.258953401244549408e-01	2.832889018915502599e-01	1.762251505248683958e-01	8.308897955313354622e-02	3.660702779931306050e-02	9.112724632261572089e-02
1.644841872642796488e+03	2.033715602655869203e-01	1.256283973443901303e-01	2.835431240529213137e-01	1.763982143625962840e-01	8.316334958043065939e-02	3.665916451700655665e-02	9.123618987699910754e-02
1.649679642856451665e+03	2.029779909278869310e-01	1.253629551117373120e-01	2.837958335474903837e-01	1.765703060057040585e-01	8.323731817805428423e-02	3.671105233781461752e-02	9.134454389124344043e-02
1.654517413070107068e+03	2.025866332497455735e-01	1.250990049744796218e-01	2.840470396743770554e-01	1.767414309515590032e-01	8.331088745943002194e-02	3.676269218583642223e-02	9.145231150450333635e-02
1.659355183283762244e+03	2.021974747807280537e-01	1.248365385283820989e-01	2.842967516732559097e-01	1.769115946657461302e-01	8.338405952721772429e-02	3.681408498530243378e-02	9.155949583929871849e-02
1.664192953497417420e+03	2.018105031407125827e-01	1.245755474167196952e-01	2.845449787247480988e-01	1.770808025822657172e-01	8.345683647336582522e-02	3.686523166051092204e-02	9.166610000160820004e-02
1.669030723711072824e+03	2.014257060194910298e-01	1.243160233300068390e-01	2.847917299508109790e-01	1.772490601037293445e-01	8.352922037916525599e-02	3.691613313576563166e-02	9.177212708096191274e-02
1.673868493924728000e+03	2.010430711763717959e-01	1.240579580057287051e-01	2.850370144151248564e-01	1.774163726015544340e-01	8.360121331530304123e-02	3.696679033531457409e-02	9.187758015053368310e-02
1.678706264138383403e+03	2.006625864397849346e-01	1.238013432280738457e-01	2.852808411234771802e-01	1.775827454161570673e-01	8.367281734191571452e-02	3.701720418328990209e-02	9.198246226723252872e-02
1.683544034352038352e+03	2.002842397068896330e-01	1.235461708276685278e-01	2.855232190241446255e-01	1.777481838571437489e-01	8.374403450864220666e-02	3.706737560364891521e-02	9.208677647179355774e-02
1.688381804565693983e+03	1.999080189431839127e-01	1.232924326813124999e-01	2.857641570082724014e-01	1.779126932035014208e-01	8.381486685467658126e-02	3.711730552011611312e-02	9.219052578886829941e-02
1.693219574779349159e+03	1.995339121821165518e-01	1.230401207117162721e-01	2.860036639102510603e-01	1.780762787037862005e-01	8.388531640882039564e-02	3.716699485612631054e-02	9.229371322711436842e-02
1.698057344993004335e+03	1.991619075247012538e-01	1.227892268872400189e-01	2.862417485080913093e-01	1.782389455763105368e-01	8.395538518953479801e-02	3.721644453476876530e-02	9.239634177928447711e-02
1.702895115206659511e+03	1.987919931391329276e-01	1.225397432216338428e-01	2.864784195237957132e-01	1.784006990093290890e-01	8.402507520499225002e-02	3.726565547873240264e-02	9.249841442231493405e-02
1.707732885420315142e+03	1.984241572604064363e-01	1.222916617737796613e-01	2.867136856237283427e-01	1.785615441612231902e-01	8.409438845312802724e-02	3.731462861025196254e-02	9.259993411741347658e-02
1.712570655633970318e+03	1.980583881899372067e-01	1.220449746474344954e-01	2.869475554189822586e-01	1.787214861606840344e-01	8.416332692169138652e-02	3.736336485105521549e-02	9.270090381014653436e-02
1.717408425847625494e+03	1.976946742951841973e-01	1.217996739909752574e-01	2.871800374657439425e-01	1.788805301068943365e-01	8.423189258829640036e-02	3.741186512231111511e-02	9.280132643052592389e-02
1.722246196061280898e+03	1.973330040092750592e-01	1.215557519971449812e-01	2.874111402656558956e-01	1.790386810697087439e-01	8.430008742047263859e-02	3.746013034457894991e-02	9.290120489309489082e-02
1.727083966274936301e+03	1.969733658306333235e-01	1.213132009028006358e-01	2.876408722661767392e-01	1.791959440898329703e-01	8.436791337571539207e-02	3.750816143775839717e-02	9.300054209701362484e-02
1.731921736488591478e+03	1.966157483226078917e-01	1.210720129886621865e-01	2.878692418609389292e-01	1.793523241790015710e-01	8.443537240153570211e-02	3.755595932104057594e-02	9.309934092614424728e-02
1.736759506702246881e+03	1.962601401131044143e-01	1.208321805790632808e-01	2.880962573901037493e-01	1.795078263201543844e-01	8.450246643551012626e-02	3.760352491286000215e-02	9.319760424913510477e-02
1.741597276915902057e+03	1.959065298942189448e-01	1.205936960417033077e-01	2.883219271407148065e-01	1.796624554676117813e-01	8.456919740533018481e-02	3.765085913084743191e-02	9.329533491950457724e-02
1.746435047129557461e+03	1.955549064218737865e-01	1.203565517874008034e-01	2.885462593470483617e-01	1.798162165472486362e-01	8.463556722885151595e-02	3.769796289178359988e-02	9.339253577572434462e-02
1.751272817343212637e+03	1.952052585154551989e-01	1.201207402698483834e-01	2.887692621909617730e-01	1.799691144566669398e-01	8.470157781414280884e-02	3.774483711155391524e-02	9.348920964130205680e-02
1.756110587556867813e+03	1.948575750574532139e-01	1.198862539853691039e-01	2.889909438022396082e-01	1.801211540653673004e-01	8.476723105953444526e-02	3.779148270510392094e-02	9.358535932486346243e-02
1.760948357770523216e+03	1.945118449931038385e-01	1.196530854726740728e-01	2.892113122589374807e-01	1.802723402149192244e-01	8.483252885366684981e-02	3.783790058639569659e-02	9.368098762023398252e-02
1.765786127984178393e+03	1.941680573300327561e-01	1.194212273126215723e-01	2.894303755877233875e-01	1.804226777191299813e-01	8.489747307553859035e-02	3.788409166836505942e-02	9.377609730651981224e-02
1.770623898197833569e+03	1.938262011379016103e-01	1.191906721279775844e-01	2.896481417642171596e-01	1.805721713642125525e-01	8.496206559455422858e-02	3.793005686287962558e-02	9.387069114818835658e-02
1.775461668411488745e+03	1.934862655480559801e-01	1.189614125831775782e-01	2.898646187133273600e-01	1.807208259089522762e-01	8.502630827057193474e-02	3.797579708069764165e-02	9.396477189514830519e-02
1.780299438625144376e+03	1.931482397531754380e-01	1.187334413840898384e-01	2.900798143095861814e-01	1.808686460848721311e-01	8.509020295395075539e-02	3.802131323142772523e-02	9.405834228282898557e-02
1.785137208838799552e+03	1.928121130069257172e-01	1.185067512777799315e-01	2.902937363774818480e-01	1.810156365963972169e-01	8.515375148559768681e-02	3.806660622348927853e-02	9.415140503225939705e-02
1.789974979052454728e+03	1.924778746236127103e-01	1.182813350522767398e-01	2.905063926917890171e-01	1.811618021210177343e-01	8.521695569701449868e-02	3.811167696407377625e-02	9.424396285014656482e-02
1.794812749266109904e+03	1.921455139778386334e-01	1.180571855363396622e-01	2.907177909778970726e-01	1.813071473094510777e-01	8.527981741034432184e-02	3.815652635910678214e-02	9.433601842895347755e-02
1.799650519479765535e+03	1.918150205041599665e-01	1.178342955992273122e-01	2.909279389121359194e-01	1.814516767858027069e-01	8.534233843841788902e-02	3.820115531321074259e-02	9.442757444697646996e-02
1.804488289693420711e+03	1.914863836967474475e-01	1.176126581504674667e-01	2.911368441221000025e-01	1.815953951477257966e-01	8.540452058479966468e-02	3.824556472966852277e-02	9.451863356842211961e-02
1.809326059907075887e+03	1.911595931090481759e-01	1.173922661396282485e-01	2.913445141869696609e-01	1.817383069665799711e-01	8.546636564383361390e-02	3.828975551038769909e-02	9.460919844348367191e-02
1.814163830120731291e+03	1.908346383534492152e-01	1.171731125560907943e-01	2.915509566378308715e-01	1.818804167875888445e-01	8.552787540068884642e-02	3.833372855586555245e-02	9.469927170841692388e-02
1.819001600334386467e+03	1.905115091009435824e-01	1.169551904288231164e-01	2.917561789579927178e-01	1.820217291299963958e-01	8.558905163140483052e-02	3.837748476515478319e-02	9.478885598561563597e-02
1.823839370548041643e+03	1.901901950807979857e-01	1.167384928261552962e-01	2.919601885833022492e-01	1.821622484872224834e-01	8.564989610293662070e-02	3.842102503582996154e-02	9.487795388368647220e-02
1.828677140761696819e+03	1.898706860802221730e-01	1.165230128555559408e-01	2.921629929024581740e-01	1.823019793270170552e-01	8.571041057319964129e-02	3.846435026395463724e-02	9.496656799752346834e-02
1.833514910975352450e+03	1.895529719440407768e-01	1.163087436634099303e-01	2.923645992573215002e-01	1.824409260916134701e-01	8.577059679111433133e-02	3.850746134404914311e-02	9.505470090838195885e-02
1.838352681189008081e+03	1.892370425743664375e-01	1.160956784347975529e-01	2.925650149432246772e-01	1.825790931978807374e-01	8.583045649665052568e-02	3.855035916905908550e-02	9.514235518395210145e-02
1.843190451402663257e+03	1.889228879302751185e-01	1.158838103932746527e-01	2.927642472092786829e-01	1.827164850374746463e-01	8.588999142087162808e-02	3.859304463032448701e-02	9.522953337843192978e-02
1.848028221616318433e+03	1.886104980274833365e-01	1.156731328006543325e-01	2.929623032586775588e-01	1.828531059769879230e-01	8.594920328597854819e-02	3.863551861754958849e-02	9.531623803259989258e-02
1.852865991829973609e+03	1.882998629380269184e-01	1.154636389567896826e-01	2.931591902490014445e-01	1.829889603580994728e-01	8.600809380535336113e-02	3.867778201877329625e-02	9.540247167388697658e-02
1.857703762043628785e+03	1.879909727899418681e-01	1.152553221993578708e-01	2.933549152925174486e-01	1.831240524977224837e-01	8.606666468360284206e-02	3.871983572034026766e-02	9.548823681644837136e-02
1.862541532257283961e+03	1.876838177669470364e-01	1.150481759036454804e-01	2.935494854564782430e-01	1.832583866881514756e-01	8.612491761660168166e-02	3.876168060687260053e-02	9.557353596123462081e-02
1.867379302470939592e+03	1.873783881081284575e-01	1.148421934823349588e-01	2.937429077634188812e-01	1.833919671972085996e-01	8.618285429153556276e-02	3.880331756124218157e-02	9.565837159606245532e-02
1.872217072684594768e+03	1.870746741076256547e-01	1.146373683852924541e-01	2.939351891914517290e-01	1.835247982683886891e-01	8.624047638694391782e-02	3.884474746454359001e-02	9.574274619568502731e-02
1.877054842898249490e+03	1.867726661143196409e-01	1.144336940993567198e-01	2.941263366745591190e-01	1.836568841210035885e-01	8.629778557276254758e-02	3.888597119606763269e-02	9.582666222186179972e-02
1.881892613111905121e+03	1.864723545315226383e-01	1.142311641481293244e-01	2.943163571028842851e-01	1.837882289503253441e-01	8.635478351036600386e-02	3.892698963327546197e-02	9.591012212342805987e-02
1.886730383325560297e+03	1.861737298166697696e-01	1.140297720917660962e-01	2.945052573230200754e-01	1.839188369277284241e-01	8.641147185260972252e-02	3.896780365177325567e-02	9.599312833636378106e-02
1.891568153539215928e+03	1.858767824810124147e-01	1.138295115267695806e-01	2.946930441382960564e-01	1.840487122008312160e-01	8.646785224387204538e-02	3.900841412528750080e-02	9.607568328386230372e-02
1.896405923752871104e+03	1.855815030893132045e-01	1.136303760857828998e-01	2.948797243090636178e-01	1.841778588936363037e-01	8.652392632009582585e-02	3.904882192564079063e-02	9.615778937639844759e-02
1.901243693966526507e+03	1.852878822595428743e-01	1.134323594373846944e-01	2.950653045529788021e-01	1.843062811066700779e-01	8.657969570883011778e-02	3.908902792272824639e-02	9.623944901179624922e-02
1.906081464180181683e+03	1.849959106625789218e-01	1.132354552858852031e-01	2.952497915452836352e-01	1.844339829171212641e-01	8.663516202927132315e-02	3.912903298449440376e-02	9.632066457529624148e-02
1.910919234393836859e+03	1.847055790219058469e-01	1.130396573711235780e-01	2.954331919190855138e-01	1.845609683789785349e-01	8.669032689230443678e-02	3.916883797691069619e-02	9.640143843962241388e-02
1.915757004607492036e+03	1.844168781133171398e-01	1.128449594682663787e-01	2.956155122656343170e-01	1.846872415231672615e-01	8.674519190054387485e-02	3.920844376395343084e-02	9.648177296504865941e-02
1.920594774821147894e+03	1.841297987646189349e-01	1.126513553876071078e-01	2.957967591345983527e-01	1.848128063576853775e-01	8.679975864837419230e-02	3.924785120758230578e-02	9.656167049946483283e-02
1.925432545034802843e+03	1.838443318553354966e-01	1.124588389743670230e-01	2.959769390343376938e-01	1.849376668677384927e-01	8.685402872199056434e-02	3.928706116771942675e-02	9.664113337844243423e-02
1.930270315248458019e+03	1.835604683164162865e-01	1.122674041084969904e-01	2.961560584321761835e-01	1.850618270158737866e-01	8.690800369943911530e-02	3.932607450222883744e-02	9.672016392529995954e-02
1.935108085462113195e+03	1.832781991299446689e-01	1.120770447044805718e-01	2.963341237546714413e-01	1.851852907421132621e-01	8.696168515065698379e-02	3.936489206689655629e-02	9.679876445116770978e-02
1.939945855675768371e+03	1.829975153288483924e-01	1.118877547111381127e-01	2.965111413878828706e-01	1.853080619640861959e-01	8.701507463751220750e-02	3.940351471541106432e-02	9.687693725505229503e-02
1.944783625889424002e+03	1.827184079966115426e-01	1.116995281114320920e-01	2.966871176776384456e-01	1.854301445771605883e-01	8.706817371384344140e-02	3.944194329934432031e-02	9.695468462390076370e-02
1.949621396103079178e+03	1.824408682669883541e-01	1.115123589222734302e-01	2.968620589297987222e-01	1.855515424545736702e-01	8.712098392549946779e-02	3.948017866813323395e-02	9.703200883266425991e-02
1.954459166316734354e+03	1.821648873237185495e-01	1.113262411943291147e-01	2.970359714105201276e-01	1.856722594475619381e-01	8.717350681037844273e-02	3.951822166906157618e-02	9.710891214436143115e-02
1.959296936530389530e+03	1.818904564002442603e-01	1.111411690118306594e-01	2.972088613465155293e-01	1.857922993854899119e-01	8.722574389846711462e-02	3.955607314724240292e-02	9.718539681014129461e-02
1.964134706744044706e+03	1.816175667794286686e-01	1.109571364923839232e-01	2.973807349253138610e-01	1.859116660759783934e-01	8.727769671187964040e-02	3.959373394560088827e-02	9.726146506934590930e-02
1.968972476957700337e+03	1.813462097932760642e-01	1.107741377867798166e-01	2.975515982955172500e-01	1.860303633050316152e-01	8.732936676489634620e-02	3.963120490485762953e-02	9.733711914957250688e-02
1.973810247171355968e+03	1.810763768226538728e-01	1.105921670788062167e-01	2.977214575670572017e-01	1.861483948371639441e-01	8.738075556400227983e-02	3.966848686351237552e-02	9.741236126673534501e-02
1.978648017385010689e+03	1.808080592970157663e-01	1.104112185850608940e-01	2.978903188114483402e-01	1.862657644155254200e-01	8.743186460792558290e-02	3.970558065782819196e-02	9.748719362512717201e-02
1.983485787598666320e+03	1.805412486941267713e-01	1.102312865547655368e-01	2.980581880620404855e-01	1.863824757620265726e-01	8.748269538767559916e-02	3.974248712181605719e-02	9.756161841748035857e-02
1.988323557812321269e+03	1.802759365397897939e-01	1.100523652695807875e-01	2.982250713142697296e-01	1.864985325774626834e-01	8.753324938658089971e-02	3.977920708721986720e-02	9.763563782502759913e-02
1.993161328025976900e+03	1.800121144075736423e-01	1.098744490434225007e-01	2.983909745259070156e-01	1.866139385416369645e-01	8.758352808032705827e-02	3.981574138350186393e-02	9.770925401756233586e-02
1.997999098239632076e+03	1.797497739185426879e-01	1.096975322222787791e-01	2.985559036173054959e-01	1.867286973134829886e-01	8.763353293699424618e-02	3.985209083782845912e-02	9.778246915349873836e-02
2.002836868453287707e+03	1.794889067409880246e-01	1.095216091840283124e-01	2.987198644716459461e-01	1.868428125311865640e-01	8.768326541709468847e-02	3.988825627505646759e-02	9.785528537993143372e-02
2.007674638666942428e+03	1.792295045901602102e-01	1.093466743382595779e-01	2.988828629351807376e-01	1.869562878123065819e-01	8.773272697360988415e-02	3.992423851771970816e-02	9.792770483269476467e-02
2.012512408880597604e+03	1.789715592280033685e-01	1.091727221260912067e-01	2.990449048174760316e-01	1.870691267538952263e-01	8.778191905202768763e-02	3.996003838601604879e-02	9.799972963642189505e-02
2.017350179094252780e+03	1.787150624628911777e-01	1.089997470199932789e-01	2.992059958916522544e-01	1.871813329326174336e-01	8.783084309037918203e-02	3.999565669779476390e-02	9.807136190460333247e-02
2.022187949307908411e+03	1.784600061493639145e-01	1.088277435236097157e-01	2.993661418946232389e-01	1.872929099048695201e-01	8.787950051927539974e-02	4.003109426854430108e-02	9.814260373964527051e-02
2.027025719521564042e+03	1.782063821878672460e-01	1.086567061715816157e-01	2.995253485273334793e-01	1.874038612068971432e-01	8.792789276194382109e-02	4.006635191138043645e-02	9.821345723292757013e-02
2.031863489735218764e+03	1.779541825244926323e-01	1.084866295293716032e-01	2.996836214549938315e-01	1.875141903549124300e-01	8.797602123426480347e-02	4.010143043703474908e-02	9.828392446486133860e-02
2.036701259948874394e+03	1.777033991507187549e-01	1.083175081930892736e-01	2.998409663073154929e-01	1.876239008452104673e-01	8.802388734480767751e-02	4.013633065384347720e-02	9.835400750494630029e-02
2.041539030162529116e+03	1.774540241031549170e-01	1.081493367893175406e-01	2.999973886787428157e-01	1.877329961542850423e-01	8.807149249486680154e-02	4.017105336773672125e-02	9.842370841182765395e-02
2.046376800376184747e+03	1.772060494632857197e-01	1.079821099749399965e-01	3.001528941286840113e-01	1.878414797389435509e-01	8.811883807849736627e-02	4.020559938222802859e-02	9.849302923335281901e-02
2.051214570589840150e+03	1.769594673572171262e-01	1.078158224369693136e-01	3.003074881817407449e-01	1.879493550364213228e-01	8.816592548255111628e-02	4.023996949840424192e-02	9.856197200662768221e-02
2.056052340803495554e+03	1.767142699554238860e-01	1.076504688923765607e-01	3.004611763279359526e-01	1.880566254644951141e-01	8.821275608671173829e-02	4.027416451491575011e-02	9.863053875807262227e-02
2.060890111017150957e+03	1.764704494724986805e-01	1.074860440879214507e-01	3.006139640229398835e-01	1.881632944215960723e-01	8.825933126353030511e-02	4.030818522796705133e-02	9.869873150347814594e-02
2.065727881230805451e+03	1.762279981669025997e-01	1.073225427999837389e-01	3.007658566882951967e-01	1.882693652869217860e-01	8.830565237846033089e-02	4.034203243130762145e-02	9.876655224806031586e-02
2.070565651444461309e+03	1.759869083407168688e-01	1.071599598343953852e-01	3.009168597116400612e-01	1.883748414205477228e-01	8.835172078989279865e-02	4.037570691622311553e-02	9.883400298651570659e-02
2.075403421658116713e+03	1.757471723393961294e-01	1.069982900262737568e-01	3.010669784469296451e-01	1.884797261635380305e-01	8.839753784919099355e-02	4.040920947152690929e-02	9.890108570307618030e-02
2.080241191871772116e+03	1.755087825515231348e-01	1.068375282398558307e-01	3.012162182146568279e-01	1.885840228380555594e-01	8.844310490072508635e-02	4.044254088355190430e-02	9.896780237156331539e-02
2.085078962085427065e+03	1.752717314085648070e-01	1.066776693683332694e-01	3.013645843020704151e-01	1.886877347474712752e-01	8.848842328190673068e-02	4.047570193614265927e-02	9.903415495544248826e-02
2.089916732299082469e+03	1.750360113846297638e-01	1.065187083336884555e-01	3.015120819633925753e-01	1.887908651764729495e-01	8.853349432322328572e-02	4.050869341064783358e-02	9.910014540787671911e-02
2.094754502512737417e+03	1.748016149962270394e-01	1.063606400865314688e-01	3.016587164200347781e-01	1.888934173911731851e-01	8.857831934827202491e-02	4.054151608591290146e-02	9.916577567178017083e-02
2.099592272726392821e+03	1.745685348020263317e-01	1.062034596059380220e-01	3.018044928608117905e-01	1.889953946392168016e-01	8.862289967379413658e-02	4.057417073827316450e-02	9.923104767987134256e-02
2.104430042940048224e+03	1.743367634026196100e-01	1.060471618992882697e-01	3.019494164421546722e-01	1.890968001498875006e-01	8.866723660970855792e-02	4.060665814154707648e-02	9.929596335472593016e-02
2.109267813153704083e+03	1.741062934402839990e-01	1.058917420021065758e-01	3.020934922883221629e-01	1.891976371342139196e-01	8.871133145914561480e-02	4.063897906702979013e-02	9.936052460882960347e-02
2.114105583367359031e+03	1.738771175987461337e-01	1.057371949779021547e-01	3.022367254916105694e-01	1.892979087850750475e-01	8.875518551848059212e-02	4.067113428348703708e-02	9.942473334463011736e-02
2.118943353581013525e+03	1.736492286029476251e-01	1.055835159180106980e-01	3.023791211125625433e-01	1.893976182773049188e-01	8.879880007736706826e-02	4.070312455714925753e-02	9.948859145458952002e-02
2.123781123794669384e+03	1.734226192188122739e-01	1.054306999414368201e-01	3.025206841801739155e-01	1.894967687677967805e-01	8.884217641877012461e-02	4.073495065170597978e-02	9.955210082123576443e-02
2.128618894008324787e+03	1.731972822530141176e-01	1.052787421946974195e-01	3.026614196920995314e-01	1.895953633956065087e-01	8.888531581899936085e-02	4.076661332830049805e-02	9.961526331721427818e-02
2.133456664221980191e+03	1.729732105527472252e-01	1.051276378516659837e-01	3.028013326148575879e-01	1.896934052820553607e-01	8.892821954774181303e-02	4.079811334552476548e-02	9.967808080533900605e-02
2.138294434435635139e+03	1.727503970054963811e-01	1.049773821134177554e-01	3.029404278840324705e-01	1.897908975308323920e-01	8.897088886809470520e-02	4.082945145941459242e-02	9.974055513864342470e-02
2.143132204649290543e+03	1.725288345388094891e-01	1.048279702080757575e-01	3.030787104044765923e-01	1.898878432280957373e-01	8.901332503659799278e-02	4.086062842344505286e-02	9.980268816043107172e-02
2.147969974862945492e+03	1.723085161200710591e-01	1.046793973906577357e-01	3.032161850505102896e-01	1.899842454425737792e-01	8.905552930326676719e-02	4.089164498852615459e-02	9.986448170432592197e-02
2.152807745076601350e+03	1.720894347562770266e-01	1.045316589429239051e-01	3.033528566661206627e-01	1.900801072256654289e-01	8.909750291162354952e-02	4.092250190299874524e-02	9.992593759432240319e-02
2.157645515290255844e+03	1.718715834938106535e-01	1.043847501732256405e-01	3.034887300651592512e-01	1.901754316115398247e-01	8.913924709873045915e-02	4.095319991263066117e-02	9.998705764483517555e-02
2.162483285503912157e+03	1.716549554182202064e-01	1.042386664163550275e-01	3.036238100315380994e-01	1.902702216172354188e-01	8.918076309522113276e-02	4.098373976061310542e-02	1.000478436607487032e-01
2.167321055717567106e+03	1.714395436539972728e-01	1.040934030333952182e-01	3.037581013194244894e-01	1.903644802427584826e-01	8.922205212533254604e-02	4.101412218755725453e-02	1.001082974374664092e-01
2.172158825931222509e+03	1.712253413643568534e-01	1.039489554115716752e-01	3.038916086534345085e-01	1.904582104711811941e-01	8.926311540693668278e-02	4.104434793149111527e-02	1.001684207609596922e-01
2.176996596144877003e+03	1.710123417510183430e-01	1.038053189641042623e-01	3.040243367288251730e-01	1.905514152687386997e-01	8.930395415157206529e-02	4.107441772785654782e-02	1.002282154078166232e-01
2.181834366358532861e+03	1.708005380539881213e-01	1.036624891300601536e-01	3.041562902116853317e-01	1.906440975849260366e-01	8.934456956447511811e-02	4.110433230950658740e-02	1.002876831452903794e-01
2.186672136572187810e+03	1.705899235513429479e-01	1.035204613742075619e-01	3.042874737391253470e-01	1.907362603525941946e-01	8.938496284461137920e-02	4.113409240670288375e-02	1.003468257313474554e-01
2.191509906785843214e+03	1.703804915590149127e-01	1.033792311868704655e-01	3.044178919194652222e-01	1.908279064880456510e-01	8.942513518470662781e-02	4.116369874711345300e-02	1.004056449147155000e-01
2.196347676999498617e+03	1.701722354305774954e-01	1.032387940837838775e-01	3.045475493324216743e-01	1.909190388911294056e-01	8.946508777127776257e-02	4.119315205581054740e-02	1.004641424349310419e-01
2.201185447213154021e+03	1.699651485570329579e-01	1.030991456059502237e-01	3.046764505292939851e-01	1.910096604453353497e-01	8.950482178466362404e-02	4.122245305526879566e-02	1.005223200223868824e-01
2.206023217426809424e+03	1.697592243666006251e-01	1.029602813194962913e-01	3.048046000331484096e-01	1.910997740178881910e-01	8.954433839905560910e-02	4.125160246536352382e-02	1.005801793983792380e-01
2.210860987640464373e+03	1.695544563245067748e-01	1.028221968155312444e-01	3.049320023390013068e-01	1.911893824598406288e-01	8.958363878252817436e-02	4.128060100336922167e-02	1.006377222751545925e-01
2.215698757854119776e+03	1.693508379327754720e-01	1.026848877100052237e-01	3.050586619140012723e-01	1.912784886061660583e-01	8.962272409706922849e-02	4.130944938395830768e-02	1.006949503559563946e-01
2.220536528067775180e+03	1.691483627300206516e-01	1.025483496435688896e-01	3.051845831976099932e-01	1.913670952758507737e-01	8.966159549861027478e-02	4.133814831919999100e-02	1.007518653350714111e-01
2.225374298281430583e+03	1.689470242912394504e-01	1.024125782814336721e-01	3.053097706017815494e-01	1.914552052719855346e-01	8.970025413705658146e-02	4.136669851855936247e-02	1.008084688978758969e-01
2.230212068495085077e+03	1.687468162276064554e-01	1.022775693132329244e-01	3.054342285111409372e-01	1.915428213818566872e-01	8.973870115631701894e-02	4.139510068889665217e-02	1.008647627208814485e-01
2.235049838708740936e+03	1.685477321862695332e-01	1.021433184528837690e-01	3.055579612831610392e-01	1.916299463770365086e-01	8.977693769433391091e-02	4.142335553446669510e-02	1.009207484717807163e-01
2.239887608922396339e+03	1.683497658501465488e-01	1.020098214384497631e-01	3.056809732483385389e-01	1.917165830134733295e-01	8.981496488311264959e-02	4.145146375691855650e-02	1.009764278094927442e-01
2.244725379136052197e+03	1.681529109377231934e-01	1.018770740320044110e-01	3.058032687103688918e-01	1.918027340315808793e-01	8.985278384875125535e-02	4.147942605529529592e-02	1.010318023842082247e-01
2.249563149349706237e+03	1.679571612028521732e-01	1.017450720194953279e-01	3.059248519463195759e-01	1.918884021563271036e-01	8.989039571146967278e-02	4.150724312603398802e-02	1.010868738374343240e-01
2.254400919563362095e+03	1.677625104345534246e-01	1.016138112106092506e-01	3.060457272068025647e-01	1.919735900973226217e-01	8.992780158563910831e-02	4.153491566296583365e-02	1.011416438020394798e-01
2.259238689777017044e+03	1.675689524568153010e-01	1.014832874386378675e-01	3.061658987161454126e-01	1.920583005489084616e-01	8.996500257981104864e-02	4.156244435731646508e-02	1.011961139022977268e-01
2.264076459990672902e+03	1.673764811283973142e-01	1.013534965603442584e-01	3.062853706725615077e-01	1.921425361902434070e-01	9.000199979674625150e-02	4.158982989770643179e-02	1.012502857539330225e-01
