1.001418434226643626e+03	2.820230479386989231e-01	1.782689947711248168e-01	2.336978327848835968e-01	1.412467407753453807e-01	6.819947734953658858e-02	2.739371208050948858e-02	6.917019429983069234e-02
1.002869765290740247e+03	2.817719444311761468e-01	1.781002964696910273e-01	2.338753292640227965e-01	1.413523296623861170e-01	6.824332004554276021e-02	2.742138825372452890e-02	6.923539187338616230e-02
1.004321096354836754e+03	2.815212655135734265e-01	1.779318834754208267e-01	2.340525183831139167e-01	1.414577272850324474e-01	6.828709068013691375e-02	2.744903124132044500e-02	6.930048342133154904e-02
1.005772427418933376e+03	2.812710104649298049e-01	1.777637553051250319e-01	2.342294006646719329e-01	1.415629340438211980e-01	6.833078937219494442e-02	2.747664103840666283e-02	6.936546911077999533e-02
1.007223758483029997e+03	2.810211785655419847e-01	1.775959114764180113e-01	2.344059766303244197e-01	1.416679503382309580e-01	6.837441624040527244e-02	2.750421764038891298e-02	6.943034910862008746e-02
1.008675089547126618e+03	2.807717690969616098e-01	1.774283515077166307e-01	2.345822468008129658e-01	1.417727765666859652e-01	6.841797140326913440e-02	2.753176104296739882e-02	6.949512358151591074e-02
1.010126420611223239e+03	2.805227813419927108e-01	1.772610749182396972e-01	2.347582116959948118e-01	1.418774131265595484e-01	6.846145497910076372e-02	2.755927124213492993e-02	6.955979269590716052e-02
1.011577751675319632e+03	2.802742145846887079e-01	1.770940812280068499e-01	2.349338718348443489e-01	1.419818604141778740e-01	6.850486708602759878e-02	2.758674823417506597e-02	6.962435661800923936e-02
1.013029082739416367e+03	2.800260681103496907e-01	1.769273699578376713e-01	2.351092277354546178e-01	1.420861188248235818e-01	6.854820784199053274e-02	2.761419201566031253e-02	6.968881551381336803e-02
1.014480413803512761e+03	2.797783412055196983e-01	1.767609406293508545e-01	2.352842799150388631e-01	1.421901887527393660e-01	6.859147736474409396e-02	2.764160258345027543e-02	6.975316954908671041e-02
1.015931744867609382e+03	2.795310331579841101e-01	1.765947927649632043e-01	2.354590288899320594e-01	1.422940705911315273e-01	6.863467577185672353e-02	2.766897993468984268e-02	6.981741888937238738e-02
1.017383075931706003e+03	2.792841432567670923e-01	1.764289258878887490e-01	2.356334751755924384e-01	1.423977647321736373e-01	6.867780318071094181e-02	2.769632406680739775e-02	6.988156369998968498e-02
1.018834406995802851e+03	2.790376707921285448e-01	1.762633395221378241e-01	2.358076192866029874e-01	1.425012715670100072e-01	6.872085970850355663e-02	2.772363497751300504e-02	6.994560414603409604e-02
1.020285738059899245e+03	2.787916150555617700e-01	1.760980331925160181e-01	2.359814617366728928e-01	1.426045914857592412e-01	6.876384547224594079e-02	2.775091266479663699e-02	7.000954039237745896e-02
1.021737069123995752e+03	2.785459753397908633e-01	1.759330064246233949e-01	2.361550030386392329e-01	1.427077248775178997e-01	6.880676058876419865e-02	2.777815712692638037e-02	7.007337260366804099e-02
1.023188400188092373e+03	2.783007509387678269e-01	1.757682587448533285e-01	2.363282437044683104e-01	1.428106721303638027e-01	6.884960517469944363e-02	2.780536836244667728e-02	7.013710094433066311e-02
1.024639731252188767e+03	2.780559411476701270e-01	1.756037896803916420e-01	2.365011842452572344e-01	1.429134336313596654e-01	6.889237934650797868e-02	2.783254637017656269e-02	7.020072557856676942e-02
1.026091062316285615e+03	2.778115452628982518e-01	1.754395987592156925e-01	2.366738251712353913e-01	1.430160097665565677e-01	6.893508322046154602e-02	2.785969114920791925e-02	7.026424667035459370e-02
1.027542393380382237e+03	2.775675625820728243e-01	1.752756855100932321e-01	2.368461669917660273e-01	1.431184009209973962e-01	6.897771691264752147e-02	2.788680269890371835e-02	7.032766438344922877e-02
1.028993724444478858e+03	2.773239924040322713e-01	1.751120494625815482e-01	2.370182102153475800e-01	1.432206074787203132e-01	6.902028053896917814e-02	2.791388101889630963e-02	7.039097888138275139e-02
1.030445055508575479e+03	2.770808340288302696e-01	1.749486901470263533e-01	2.371899553496153168e-01	1.433226298227621986e-01	6.906277421514585291e-02	2.794092610908567587e-02	7.045419032746434718e-02
1.031896386572671872e+03	2.768380867577329707e-01	1.747856070945608409e-01	2.373614029013428051e-01	1.434244683351620087e-01	6.910519805671323790e-02	2.796793796963773296e-02	7.051729888478042163e-02
1.033347717636768493e+03	2.765957498932168912e-01	1.746227998371046586e-01	2.375325533764432728e-01	1.435261233969643557e-01	6.914755217902357476e-02	2.799491660098261600e-02	7.058030471619465562e-02
1.034799048700865114e+03	2.763538227389661373e-01	1.744602679073629370e-01	2.377034072799712183e-01	1.436275953882226730e-01	6.918983669724589058e-02	2.802186200381297926e-02	7.064320798434821358e-02
1.036250379764961508e+03	2.761123045998699621e-01	1.742980108388251514e-01	2.378739651161239088e-01	1.437288846880027948e-01	6.923205172636620608e-02	2.804877417908231696e-02	7.070600885165975735e-02
1.037701710829058356e+03	2.758711947820202126e-01	1.741360281657642617e-01	2.380442273882427684e-01	1.438299916743861762e-01	6.927419738118777148e-02	2.807565312800326673e-02	7.076870748032566827e-02
1.039153041893154750e+03	2.756304925927090532e-01	1.739743194232354628e-01	2.382141945988148768e-01	1.439309167244733623e-01	6.931627377633133025e-02	2.810249885204595469e-02	7.083130403232008876e-02
1.040604372957251599e+03	2.753901973404264680e-01	1.738128841470752972e-01	2.383838672494744682e-01	1.440316602143872082e-01	6.935828102623529945e-02	2.812931135293632312e-02	7.089379866939507502e-02
1.042055704021347992e+03	2.751503083348576517e-01	1.736517218739005719e-01	2.385532458410044021e-01	1.441322225192763484e-01	6.940021924515601959e-02	2.815609063265447909e-02	7.095619155308070802e-02
1.043507035085444613e+03	2.749108248868807891e-01	1.734908321411073040e-01	2.387223308733375515e-01	1.442326040133183329e-01	6.944208854716797663e-02	2.818283669343304293e-02	7.101848284468517680e-02
1.044958366149541234e+03	2.746717463085645572e-01	1.733302144868696659e-01	2.388911228455583569e-01	1.443328050697230691e-01	6.948388904616403794e-02	2.820954953775551763e-02	7.108067270529495885e-02
1.046409697213637855e+03	2.744330719131656826e-01	1.731698684501388474e-01	2.390596222559042694e-01	1.444328260607360415e-01	6.952562085585571594e-02	2.823622916835465471e-02	7.114276129577494501e-02
1.047861028277734476e+03	2.741948010151267212e-01	1.730097935706421119e-01	2.392278296017671946e-01	1.445326673576415866e-01	6.956728408977332079e-02	2.826287558821083748e-02	7.120474877676850889e-02
1.049312359341831097e+03	2.739569329300733380e-01	1.728499893888816585e-01	2.393957453796949075e-01	1.446323293307660574e-01	6.960887886126626567e-02	2.828948880055046425e-02	7.126663530869764562e-02
1.050763690405927491e+03	2.737194669748122533e-01	1.726904554461335672e-01	2.395633700853925518e-01	1.447318123494812647e-01	6.965040528350324722e-02	2.831606880884434546e-02	7.132842105176309677e-02
1.052215021470024112e+03	2.734824024673288556e-01	1.725311912844466888e-01	2.397307042137241107e-01	1.448311167822075030e-01	6.969186346947253696e-02	2.834261561680611122e-02	7.139010616594453074e-02
1.053666352534120733e+03	2.732457387267848148e-01	1.723721964466415624e-01	2.398977482587137389e-01	1.449302429964169081e-01	6.973325353198214782e-02	2.836912922839062226e-02	7.145169081100057051e-02
1.055117683598217127e+03	2.730094750735155840e-01	1.722134704763093327e-01	2.400645027135474008e-01	1.450291913586365111e-01	6.977457558366008394e-02	2.839560964779239138e-02	7.151317514646901574e-02
1.056569014662313975e+03	2.727736108290284567e-01	1.720550129178107512e-01	2.402309680705740913e-01	1.451279622344515685e-01	6.981582973695463212e-02	2.842205687944400136e-02	7.157455933166691209e-02
1.058020345726410369e+03	2.725381453159997358e-01	1.718968233162748993e-01	2.403971448213074180e-01	1.452265559885086432e-01	6.985701610413451446e-02	2.844847092801455757e-02	7.163584352569071778e-02
1.059471676790506763e+03	2.723030778582727907e-01	1.717389012175982721e-01	2.405630334564269890e-01	1.453249729845187965e-01	6.989813479728916590e-02	2.847485179840812675e-02	7.169702788741635913e-02
1.060923007854603611e+03	2.720684077808558365e-01	1.715812461684434742e-01	2.407286344657798560e-01	1.454232135852607244e-01	6.993918592832895631e-02	2.850119949576218961e-02	7.175811257549945255e-02
1.062374338918700232e+03	2.718341344099194368e-01	1.714238577162383592e-01	2.408939483383819025e-01	1.455212781525838661e-01	6.998016960898545413e-02	2.852751402544609696e-02	7.181909774837540172e-02
1.063825669982796853e+03	2.716002570727942822e-01	1.712667354091747807e-01	2.410589755624193697e-01	1.456191670474115130e-01	7.002108595081159292e-02	2.855379539305955353e-02	7.187998356425950863e-02
1.065277001046893474e+03	2.713667750979689153e-01	1.711098787962073708e-01	2.412237166252501896e-01	1.457168806297440555e-01	7.006193506518196279e-02	2.858004360443107406e-02	7.194077018114712618e-02
1.066728332110990095e+03	2.711336878150875096e-01	1.709532874270526248e-01	2.413881720134053721e-01	1.458144192586618426e-01	7.010271706329304631e-02	2.860625866561648800e-02	7.200145775681381088e-02
1.068179663175086489e+03	2.709009945549476495e-01	1.707969608521877625e-01	2.415523422125905595e-01	1.459117832923284841e-01	7.014343205616342669e-02	2.863244058289741642e-02	7.206204644881540611e-02
1.069630994239183110e+03	2.706686946494981094e-01	1.706408986228494518e-01	2.417162277076873311e-01	1.460089730879937653e-01	7.018408015463402372e-02	2.865858936277978358e-02	7.212253641448822250e-02
1.071082325303279504e+03	2.704367874318365783e-01	1.704851002910328372e-01	2.418798289827546466e-01	1.461059890019967278e-01	7.022466146936837128e-02	2.868470501199232164e-02	7.218292781094917676e-02
1.072533656367376352e+03	2.702052722362074944e-01	1.703295654094903466e-01	2.420431465210302613e-01	1.462028313897688059e-01	7.026517611085279780e-02	2.871078753748508919e-02	7.224322079509587491e-02
1.073984987431472746e+03	2.699741483979997136e-01	1.701742935317306082e-01	2.422061808049321696e-01	1.462995006058366854e-01	7.030562418939668989e-02	2.873683694642798631e-02	7.230341552360682045e-02
1.075436318495569594e+03	2.697434152537445118e-01	1.700192842120172576e-01	2.423689323160599096e-01	1.463959970038254954e-01	7.034600581513272832e-02	2.876285324620930089e-02	7.236351215294151151e-02
1.076887649559666215e+03	2.695130721411131414e-01	1.698645370053678549e-01	2.425314015351960895e-01	1.464923209364617229e-01	7.038632109801713777e-02	2.878883644443423068e-02	7.242351083934056577e-02
1.078338980623762609e+03	2.692831183989149446e-01	1.697100514675527194e-01	2.426935889423076365e-01	1.465884727555761546e-01	7.042657014782990887e-02	2.881478654892343991e-02	7.248341173882591471e-02
1.079790311687859230e+03	2.690535533670950219e-01	1.695558271550938467e-01	2.428554950165474347e-01	1.466844528121069857e-01	7.046675307417502032e-02	2.884070356771161261e-02	7.254321500720091465e-02
1.081241642751955851e+03	2.688243763867319558e-01	1.694018636252637156e-01	2.430171202362554350e-01	1.467802614561026509e-01	7.050686998648068859e-02	2.886658750904601625e-02	7.260292080005048554e-02
1.082692973816052472e+03	2.685955868000359237e-01	1.692481604360841219e-01	2.431784650789602098e-01	1.468758990367248496e-01	7.054692099399961780e-02	2.889243838138507228e-02	7.266252927274123585e-02
1.084144304880149093e+03	2.683671839503461998e-01	1.690947171463251242e-01	2.433395300213803680e-01	1.469713659022515440e-01	7.058690620580923558e-02	2.891825619339691636e-02	7.272204058042165686e-02
1.085595635944245487e+03	2.681391671821294898e-01	1.689415333155038779e-01	2.435003155394258045e-01	1.470666624000797340e-01	7.062682573081190129e-02	2.894404095395801055e-02	7.278145487802223368e-02
1.087046967008342108e+03	2.679115358409773773e-01	1.687886085038834694e-01	2.436608221081992542e-01	1.471617888767285109e-01	7.066667967773515580e-02	2.896979267215171044e-02	7.284077232025561177e-02
1.088498298072438729e+03	2.676842892736043811e-01	1.686359422724717227e-01	2.438210502019975134e-01	1.472567456778418604e-01	7.070646815513202676e-02	2.899551135726687739e-02	7.289999306161669412e-02
1.089949629136535123e+03	2.674574268278459011e-01	1.684835341830201449e-01	2.439810002943129108e-01	1.473515331481916601e-01	7.074619127138116748e-02	2.902119701879647684e-02	7.295911725638283551e-02
1.091400960200631971e+03	2.672309478526559423e-01	1.683313837980227323e-01	2.441406728578346674e-01	1.474461516316804555e-01	7.078584913468713435e-02	2.904684966643620442e-02	7.301814505861398130e-02
1.092852291264728365e+03	2.670048516981050613e-01	1.681794906807147771e-01	2.443000683644503124e-01	1.475406014713444292e-01	7.082544185308062290e-02	2.907246931008309124e-02	7.307707662215282007e-02
1.094303622328825213e+03	2.667791377153784227e-01	1.680278543950718406e-01	2.444591872852469316e-01	1.476348830093561493e-01	7.086496953441873137e-02	2.909805595983414039e-02	7.313591210062490855e-02
1.095754953392921607e+03	2.665538052567734684e-01	1.678764745058084484e-01	2.446180300905127225e-01	1.477289965870275112e-01	7.090443228638516893e-02	2.912360962598496694e-02	7.319465164743883812e-02
1.097206284457018228e+03	2.663288536756980851e-01	1.677253505783770637e-01	2.447765972497381037e-01	1.478229425448125134e-01	7.094383021649049159e-02	2.914913031902842053e-02	7.325329541578640136e-02
1.098657615521114849e+03	2.661042823266683843e-01	1.675744821789668937e-01	2.449348892316173809e-01	1.479167212223101158e-01	7.098316343207236589e-02	2.917461804965326005e-02	7.331184355864273083e-02
1.100108946585211470e+03	2.658800905653066482e-01	1.674238688745026404e-01	2.450929065040498289e-01	1.480103329582670157e-01	7.102243204029580481e-02	2.920007282874279367e-02	7.337029622876641011e-02
1.101560277649308091e+03	2.656562777483393312e-01	1.672735102326434742e-01	2.452506495341413018e-01	1.481037780905804790e-01	7.106163614815337592e-02	2.922549466737354648e-02	7.342865357869972354e-02
1.103011608713404712e+03	2.654328432335948396e-01	1.671234058217818952e-01	2.454081187882053428e-01	1.481970569563010320e-01	7.110077586246550674e-02	2.925088357681393872e-02	7.348691576076871179e-02
1.104462939777501106e+03	2.652097863800018107e-01	1.669735552110424293e-01	2.455653147317647389e-01	1.482901698916354039e-01	7.113985128988059570e-02	2.927623956852295345e-02	7.354508292708338002e-02
1.105914270841597499e+03	2.649871065475867815e-01	1.668239579702805730e-01	2.457222378295527698e-01	1.483831172319491631e-01	7.117886253687540077e-02	2.930156265414881819e-02	7.360315522953782275e-02
1.107365601905694348e+03	2.647648030974723010e-01	1.666746136700816283e-01	2.458788885455145401e-01	1.484758993117695491e-01	7.121780970975516434e-02	2.932685284552770041e-02	7.366113281981043204e-02
1.108816932969790741e+03	2.645428753918747655e-01	1.665255218817595639e-01	2.460352673428085057e-01	1.485685164647881085e-01	7.125669291465394628e-02	2.935211015468242035e-02	7.371901584936399465e-02
1.110268264033887590e+03	2.643213227941026422e-01	1.663766821773557669e-01	2.461913746838075290e-01	1.486609690238635262e-01	7.129551225753476273e-02	2.937733459382112916e-02	7.377680446944588633e-02
1.111719595097984211e+03	2.641001446685543597e-01	1.662280941296379877e-01	2.463472110301004880e-01	1.487532573210242903e-01	7.133426784418994693e-02	2.940252617533604604e-02	7.383449883108822442e-02
1.113170926162080832e+03	2.638793403807160876e-01	1.660797573120991466e-01	2.465027768424933319e-01	1.488453816874714397e-01	7.137295978024126020e-02	2.942768491180215717e-02	7.389209908510799285e-02
1.114622257226177226e+03	2.636589092971599602e-01	1.659316712989560572e-01	2.466580725810107455e-01	1.489373424535812007e-01	7.141158817114021118e-02	2.945281081597595288e-02	7.394960538210726408e-02
1.116073588290273847e+03	2.634388507855420780e-01	1.657838356651485379e-01	2.468130987048972880e-01	1.490291399489077351e-01	7.145015312216825010e-02	2.947790390079416470e-02	7.400701787247332408e-02
1.117524919354370468e+03	2.632191642146005095e-01	1.656362499863379967e-01	2.469678556726187246e-01	1.491207745021857767e-01	7.148865473843707408e-02	2.950296417937247825e-02	7.406433670637881106e-02
1.118976250418467089e+03	2.629998489541532369e-01	1.654889138389063208e-01	2.471223439418633872e-01	1.492122464413333793e-01	7.152709312488882143e-02	2.952799166500430852e-02	7.412156203378192365e-02
1.120427581482563710e+03	2.627809043750962692e-01	1.653418267999548219e-01	2.472765639695435613e-01	1.493035560934544148e-01	7.156546838629627982e-02	2.955298637115953697e-02	7.417869400442655969e-02
1.121878912546660331e+03	2.625623298494015323e-01	1.651949884473030150e-01	2.474305162117967360e-01	1.493947037848412929e-01	7.160378062726317772e-02	2.957794831148327294e-02	7.423573276784248276e-02
1.123330243610756725e+03	2.623441247501150930e-01	1.650483983594873971e-01	2.475842011239868801e-01	1.494856898409776536e-01	7.164202995222439252e-02	2.960287749979462549e-02	7.429267847334546093e-02
1.124781574674853118e+03	2.621262884513551050e-01	1.649020561157604481e-01	2.477376191607059130e-01	1.495765145865409207e-01	7.168021646544622816e-02	2.962777395008545089e-02	7.434953127003750273e-02
1.126232905738949967e+03	2.619088203283097549e-01	1.647559612960892428e-01	2.478907707757748990e-01	1.496671783454049109e-01	7.171834027102659548e-02	2.965263767651916613e-02	7.440629130680694037e-02
1.127684236803046360e+03	2.616917197572356524e-01	1.646101134811545075e-01	2.480436564222454343e-01	1.497576814406424706e-01	7.175640147289531756e-02	2.967746869342951024e-02	7.446295873232865181e-02
1.129135567867143209e+03	2.614749861154554433e-01	1.644645122523493708e-01	2.481962765524008407e-01	1.498480241945280012e-01	7.179440017481432401e-02	2.970226701531933702e-02	7.451953369506418567e-02
1.130586898931239830e+03	2.612586187813562555e-01	1.643191571917781424e-01	2.483486316177576647e-01	1.499382069285401520e-01	7.183233648037787300e-02	2.972703265685942148e-02	7.457601634326196938e-02
1.132038229995336451e+03	2.610426171343875335e-01	1.641740478822552862e-01	2.485007220690668706e-01	1.500282299633642347e-01	7.187021049301284270e-02	2.975176563288724901e-02	7.463240682495746181e-02
1.133489561059432845e+03	2.608269805550593179e-01	1.640291839073041158e-01	2.486525483563150896e-01	1.501180936188949433e-01	7.190802231597896721e-02	2.977646595840585317e-02	7.468870528797330599e-02
1.134940892123529466e+03	2.606117084249399141e-01	1.638845648511557951e-01	2.488041109287260355e-01	1.502077982142387136e-01	7.194577205236901696e-02	2.980113364858259437e-02	7.474491187991949559e-02
1.136392223187626087e+03	2.603968001266546151e-01	1.637401902987480617e-01	2.489554102347617814e-01	1.502973440677164985e-01	7.198345980510907627e-02	2.982576871874801500e-02	7.480102674819358310e-02
1.137843554251722708e+03	2.601822550438832038e-01	1.635960598357240892e-01	2.491064467221240364e-01	1.503867314968660440e-01	7.202108567695880703e-02	2.985037118439464940e-02	7.485705003998083251e-02
1.139294885315819101e+03	2.599680725613583987e-01	1.634521730484313484e-01	2.492572208377554221e-01	1.504759608184446096e-01	7.205864977051164300e-02	2.987494106117586506e-02	7.491298190225438580e-02
1.140746216379915950e+03	2.597542520648637998e-01	1.633085295239204981e-01	2.494077330278408056e-01	1.505650323484313546e-01	7.209615218819505345e-02	2.989947836490471078e-02	7.496882248177540176e-02
1.142197547444012343e+03	2.595407929412321679e-01	1.631651288499441355e-01	2.495579837378086308e-01	1.506539464020298924e-01	7.213359303227075137e-02	2.992398311155274743e-02	7.502457192509329187e-02
1.143648878508108737e+03	2.593276945783433152e-01	1.630219706149557413e-01	2.497079734123320571e-01	1.507427032936707323e-01	7.217097240483498488e-02	2.994845531724892040e-02	7.508023037854587300e-02
1.145100209572205586e+03	2.591149563651223842e-01	1.628790544081084313e-01	2.498577024953304304e-01	1.508313033370138057e-01	7.220829040781871766e-02	2.997289499827840431e-02	7.513579798825950617e-02
1.146551540636302207e+03	2.589025776915379051e-01	1.627363798192538458e-01	2.500071714299703651e-01	1.509197468449508528e-01	7.224554714298792035e-02	2.999730217108147884e-02	7.519127490014929083e-02
1.148002871700398828e+03	2.586905579485998530e-01	1.625939464389410116e-01	2.501563806586672989e-01	1.510080341296080042e-01	7.228274271194379264e-02	3.002167685225239427e-02	7.524666125991927301e-02
1.149454202764495449e+03	2.584788965283580375e-01	1.624517538584151211e-01	2.503053306230866304e-01	1.510961655023481121e-01	7.231987721612292974e-02	3.004601905853825430e-02	7.530195721306258416e-02
1.150905533828591842e+03	2.582675928238998830e-01	1.623098016696165324e-01	2.504540217641447741e-01	1.511841412737732204e-01	7.235695075679769717e-02	3.007032880683789197e-02	7.535716290486162150e-02
1.152356864892688463e+03	2.580566462293488739e-01	1.621680894651794935e-01	2.506024545220108535e-01	1.512719617537270633e-01	7.239396343507636944e-02	3.009460611420076634e-02	7.541227848038824233e-02
1.153808195956785084e+03	2.578460561398625561e-01	1.620266168384309480e-01	2.507506293361075889e-01	1.513596272512973684e-01	7.243091535190335217e-02	3.011885099782585576e-02	7.546730408450390282e-02
1.155259527020881706e+03	2.576358219516306503e-01	1.618853833833895084e-01	2.508985466451130741e-01	1.514471380748183271e-01	7.246780660805952901e-02	3.014306347506055805e-02	7.552223986185990778e-02
1.156710858084978327e+03	2.574259430618734412e-01	1.617443886947642628e-01	2.510462068869613872e-01	1.515344945318730097e-01	7.250463730416238650e-02	3.016724356339961152e-02	7.557708595689750786e-02
1.158162189149074720e+03	2.572164188688396136e-01	1.616036323679536091e-01	2.511936104988443108e-01	1.516216969292956962e-01	7.254140754066629171e-02	3.019139128048397777e-02	7.563184251384810763e-02
1.159613520213171569e+03	2.570072487718046417e-01	1.614631139990441167e-01	2.513407579172124429e-01	1.517087455731742918e-01	7.257811741786274196e-02	3.021550664409978701e-02	7.568650967673347385e-02
1.161064851277267962e+03	2.567984321710689577e-01	1.613228331848094166e-01	2.514876495777766396e-01	1.517956407688527409e-01	7.261476703588062853e-02	3.023958967217725904e-02	7.574108758936591579e-02
1.162516182341364356e+03	2.565899684679558423e-01	1.611827895227090079e-01	2.516342859155090150e-01	1.518823828209332760e-01	7.265135649468637546e-02	3.026364038278962429e-02	7.579557639534838243e-02
1.163967513405461204e+03	2.563818570648101480e-01	1.610429826108871476e-01	2.517806673646443838e-01	1.519689720332788319e-01	7.268788589408430034e-02	3.028765879415206558e-02	7.584997623807476774e-02
1.165418844469557826e+03	2.561740973649959674e-01	1.609034120481716290e-01	2.519267943586812608e-01	1.520554087090154050e-01	7.272435533371673921e-02	3.031164492462065652e-02	7.590428726072999399e-02
1.166870175533654447e+03	2.559666887728950235e-01	1.607640774340728107e-01	2.520726673303835819e-01	1.521416931505343850e-01	7.276076491306435190e-02	3.033559879269131371e-02	7.595850960629024762e-02
1.168321506597751068e+03	2.557596306939048381e-01	1.606249783687822841e-01	2.522182867117814808e-01	1.522278256594948309e-01	7.279711473144637179e-02	3.035952041699875245e-02	7.601264341752317355e-02
1.169772837661847461e+03	2.555529225344370658e-01	1.604861144531718464e-01	2.523636529341727885e-01	1.523138065368258298e-01	7.283340488802077239e-02	3.038340981631543897e-02	7.606668883698797234e-02
1.171224168725944082e+03	2.553465637019154966e-01	1.603474852887923907e-01	2.525087664281243094e-01	1.523996360827287733e-01	7.286963548178457262e-02	3.040726700955055303e-02	7.612064600703567774e-02
1.172675499790040703e+03	2.551405536047743894e-01	1.602090904778726010e-01	2.526536276234728762e-01	1.524853145966796608e-01	7.290580661157401721e-02	3.043109201574896450e-02	7.617451506980930931e-02
1.174126830854137097e+03	2.549348916524565856e-01	1.600709296233180368e-01	2.527982369493267378e-01	1.525708423774314038e-01	7.294191837606486817e-02	3.045488485409020632e-02	7.622829616724405288e-02
1.175578161918233945e+03	2.547295772554117321e-01	1.599330023287098557e-01	2.529425948340667252e-01	1.526562197230160456e-01	7.297797087377258518e-02	3.047864554388745456e-02	7.628198944106745483e-02
1.177029492982330339e+03	2.545246098250947275e-01	1.597953081983037316e-01	2.530867017053476387e-01	1.527414469307471212e-01	7.301396420305260315e-02	3.050237410458651183e-02	7.633559503279960246e-02
1.178480824046426733e+03	2.543199887739636678e-01	1.596578468370286052e-01	2.532305579900991366e-01	1.528265242972217941e-01	7.304989846210054039e-02	3.052607055576480807e-02	7.638911308375329057e-02
1.179932155110523581e+03	2.541157135154781810e-01	1.595206178504858241e-01	2.533741641145275114e-01	1.529114521183232434e-01	7.308577374895246226e-02	3.054973491713039099e-02	7.644254373503424349e-02
1.181383486174620202e+03	2.539117834640974847e-01	1.593836208449477543e-01	2.535175205041164115e-01	1.529962306892228285e-01	7.312159016148510327e-02	3.057336720852092335e-02	7.649588712754130937e-02
1.182834817238716823e+03	2.537081980352789423e-01	1.592468554273567261e-01	2.536606275836284508e-01	1.530808603043822824e-01	7.315734779741607519e-02	3.059696744990270459e-02	7.654914340196661282e-02
1.184286148302813444e+03	2.535049566454761760e-01	1.591103212053239235e-01	2.538034857771060415e-01	1.531653412575560147e-01	7.319304675430414464e-02	3.062053566136967511e-02	7.660231269879574922e-02
1.185737479366910065e+03	2.533020587121371237e-01	1.589740177871283022e-01	2.539460955078730597e-01	1.532496738417933602e-01	7.322868712954945514e-02	3.064407186314243442e-02	7.665539515830799289e-02
1.187188810431006686e+03	2.530995036537026510e-01	1.588379447817153400e-01	2.540884571985356777e-01	1.533338583494405771e-01	7.326426902039373523e-02	3.066757607556726967e-02	7.670839092057646358e-02
1.188640141495103080e+03	2.528972908896044425e-01	1.587021017986960936e-01	2.542305712709837517e-01	1.534178950721433177e-01	7.329979252392057609e-02	3.069104831911518075e-02	7.676130012546837633e-02
1.190091472559199701e+03	2.526954198402633356e-01	1.585664884483458936e-01	2.543724381463921547e-01	1.535017843008486260e-01	7.333525773705562578e-02	3.071448861438091579e-02	7.681412291264513859e-02
1.191542803623296322e+03	2.524938899270878223e-01	1.584311043416033182e-01	2.545140582452218858e-01	1.535855263258071868e-01	7.337066475656686682e-02	3.073789698208201013e-02	7.686685942156261386e-02
1.192994134687392716e+03	2.522927005724720506e-01	1.582959490900691102e-01	2.546554319872211813e-01	1.536691214365754621e-01	7.340601367906481045e-02	3.076127344305783912e-02	7.691950979147128831e-02
1.194445465751489564e+03	2.520918511997941591e-01	1.581610223060049281e-01	2.547965597914269020e-01	1.537525699220179398e-01	7.344130460100273261e-02	3.078461801826865019e-02	7.697207416141643721e-02
1.195896796815585958e+03	2.518913412334146118e-01	1.580263236023323470e-01	2.549374420761656990e-01	1.538358720703091598e-01	7.347653761867693756e-02	3.080793072879463648e-02	7.702455267023838870e-02
1.197348127879682352e+03	2.516911700986744771e-01	1.578918525926316652e-01	2.550780792590551238e-01	1.539190281689359341e-01	7.351171282822696607e-02	3.083121159583498971e-02	7.707694545657266250e-02
1.198799458943779200e+03	2.514913372218935406e-01	1.577576088911409047e-01	2.552184717570048500e-01	1.540020385046995399e-01	7.354683032563583134e-02	3.085446064070695646e-02	7.712925265885015036e-02
1.200250790007875821e+03	2.512918420303688616e-01	1.576235921127545625e-01	2.553586199862180606e-01	1.540849033637177457e-01	7.358189020673026881e-02	3.087767788484492570e-02	7.718147441529735198e-02
1.201702121071972442e+03	2.510926839523727194e-01	1.574898018730226112e-01	2.554985243621925028e-01	1.541676230314269758e-01	7.361689256718095820e-02	3.090086334979948862e-02	7.723361086393655539e-02
1.203153452136069063e+03	2.508938624171512255e-01	1.573562377881492502e-01	2.556381852997216542e-01	1.542501977925843926e-01	7.365183750250274552e-02	3.092401705723652958e-02	7.728566214258600353e-02
1.204604783200165684e+03	2.506953768549224359e-01	1.572228994749920172e-01	2.557776032128960542e-01	1.543326279312700333e-01	7.368672510805489295e-02	3.094713902893630325e-02	7.733762838886013014e-02
1.206056114264262078e+03	2.504972266968746308e-01	1.570897865510603730e-01	2.559167785151043040e-01	1.544149137308889475e-01	7.372155547904130080e-02	3.097022928679253953e-02	7.738950974016975404e-02
1.207507445328358699e+03	2.502994113751647598e-01	1.569568986345149519e-01	2.560557116190345095e-01	1.544970554741732227e-01	7.375632871051072958e-02	3.099328785281151369e-02	7.744130633372223182e-02
1.208958776392455093e+03	2.501019303229166657e-01	1.568242353441660908e-01	2.561944029366751696e-01	1.545790534431840113e-01	7.379104489735709149e-02	3.101631474911116862e-02	7.749301830652172152e-02
1.210410107456551941e+03	2.499047829742193361e-01	1.566917962994730518e-01	2.563328528793166750e-01	1.546609079193137504e-01	7.382570413431958911e-02	3.103930999792021278e-02	7.754464579536929358e-02
1.211861438520648335e+03	2.497079687641252932e-01	1.565595811205427457e-01	2.564710618575523626e-01	1.547426191832881048e-01	7.386030651598302077e-02	3.106227362157722507e-02	7.759618893686322239e-02
1.213312769584745183e+03	2.495114871286489011e-01	1.564275894281286217e-01	2.566090302812796820e-01	1.548241875151680769e-01	7.389485213677794706e-02	3.108520564252977708e-02	7.764764786739908331e-02
1.214764100648841804e+03	2.493153375047646447e-01	1.562958208436296403e-01	2.567467585597012492e-01	1.549056131943520043e-01	7.392934109098099615e-02	3.110810608333354488e-02	7.769902272317005809e-02
1.216215431712937971e+03	2.491195193304054645e-01	1.561642749890891357e-01	2.568842471013262907e-01	1.549868964995776421e-01	7.396377347271505809e-02	3.113097496665144515e-02	7.775031364016704583e-02
1.217666762777034819e+03	2.489240320444611188e-01	1.560329514871937606e-01	2.570214963139718090e-01	1.550680377089242168e-01	7.399814937594950681e-02	3.115381231525274700e-02	7.780152075417894053e-02
1.219118093841131440e+03	2.487288750867765186e-01	1.559018499612723485e-01	2.571585066047634704e-01	1.551490370998143964e-01	7.403246889450042223e-02	3.117661815201221848e-02	7.785264420079274217e-02
1.220569424905228061e+03	2.485340478981499235e-01	1.557709700352948867e-01	2.572952783801370491e-01	1.552298949490163171e-01	7.406673212203086776e-02	3.119939249990926963e-02	7.790368411539383420e-02
1.222020755969324682e+03	2.483395499203315260e-01	1.556403113338712951e-01	2.574318120458394255e-01	1.553106115326456371e-01	7.410093915205108461e-02	3.122213538202707125e-02	7.795464063316610848e-02
1.223472087033421303e+03	2.481453805960215364e-01	1.555098734822504269e-01	2.575681080069300299e-01	1.553911871261674238e-01	7.413509007791874161e-02	3.124484682155173262e-02	7.800551388909224282e-02
1.224923418097517697e+03	2.479515393688686564e-01	1.553796561063190695e-01	2.577041666677817311e-01	1.554716220043982911e-01	7.416918499283911559e-02	3.126752684177144109e-02	7.805630401795386752e-02
1.226374749161614318e+03	2.477580256834684691e-01	1.552496588326006399e-01	2.578399884320820012e-01	1.555519164415083144e-01	7.420322398986538281e-02	3.129017546607561207e-02	7.810701115433174579e-02
1.227826080225710712e+03	2.475648389853616349e-01	1.551198812882543243e-01	2.579755737028343598e-01	1.556320707110230017e-01	7.423720716189879942e-02	3.131279271795405633e-02	7.815763543260600965e-02
1.229277411289807560e+03	2.473719787210324761e-01	1.549903231010738014e-01	2.581109228823592616e-01	1.557120850858251804e-01	7.427113460168899284e-02	3.133537862099614740e-02	7.820817698695636810e-02
1.230728742353903954e+03	2.471794443379070338e-01	1.548609838994862709e-01	2.582460363722953178e-01	1.557919598381572179e-01	7.430500640183411443e-02	3.135793319888999925e-02	7.825863595136227369e-02
1.232180073418000802e+03	2.469872352843517083e-01	1.547318633125513987e-01	2.583809145736005730e-01	1.558716952396226318e-01	7.433882265478113094e-02	3.138045647542162669e-02	7.830901245960313062e-02
1.233631404482097196e+03	2.467953510096714542e-01	1.546029609699601515e-01	2.585155578865535597e-01	1.559512915611883377e-01	7.437258345282601879e-02	3.140294847447414051e-02	7.835930664525851685e-02
1.235082735546193817e+03	2.466037909641081993e-01	1.544742765020338249e-01	2.586499667107544642e-01	1.560307490731863977e-01	7.440628888811399999e-02	3.142540922002692166e-02	7.840951864170839225e-02
1.236534066610290438e+03	2.464125545988392341e-01	1.543458095397227670e-01	2.587841414451263478e-01	1.561100680453159917e-01	7.443993905263976418e-02	3.144783873615480951e-02	7.845964858213327897e-02
1.237985397674387059e+03	2.462216413659756298e-01	1.542175597146056287e-01	2.589180824879160348e-01	1.561892487466454149e-01	7.447353403824771845e-02	3.147023704702728991e-02	7.850969659951449742e-02
1.239436728738483680e+03	2.460310507185603790e-01	1.540895266588879764e-01	2.590517902366957226e-01	1.562682914456139105e-01	7.450707393663219547e-02	3.149260417690772501e-02	7.855966282663430500e-02
1.240888059802580301e+03	2.458407821105670354e-01	1.539617100054013754e-01	2.591852650883637033e-01	1.563471964100336953e-01	7.454055883933768945e-02	3.151494015015250671e-02	7.860954739607618758e-02
1.242339390866676695e+03	2.456508349968980764e-01	1.538341093876023080e-01	2.593185074391458622e-01	1.564259639070916252e-01	7.457398883775906429e-02	3.153724499121031422e-02	7.865935044022501210e-02
1.243790721930773088e+03	2.454612088333831266e-01	1.537067244395711185e-01	2.594515176845964000e-01	1.565045942033513604e-01	7.460736402314181726e-02	3.155951872462127439e-02	7.870907209126724868e-02
1.245242052994869937e+03	2.452719030767774588e-01	1.535795547960108476e-01	2.595842962195993309e-01	1.565830875647550580e-01	7.464068448658224553e-02	3.158176137501621239e-02	7.875871248119116486e-02
1.246693384058966330e+03	2.450829171847604127e-01	1.534526000922463163e-01	2.597168434383695934e-01	1.566614442566253984e-01	7.467395031902776537e-02	3.160397296711586757e-02	7.880827174178704764e-02
1.248144715123063179e+03	2.448942506159336729e-01	1.533258599642229603e-01	2.598491597344539383e-01	1.567396645436673341e-01	7.470716161127705091e-02	3.162615352573008853e-02	7.885775000464738393e-02
1.249596046187159800e+03	2.447059028298198824e-01	1.531993340485058031e-01	2.599812455007322609e-01	1.568177486899700324e-01	7.474031845398028395e-02	3.164830307575709767e-02	7.890714740116708259e-02
1.251047377251256421e+03	2.445178732868607263e-01	1.530730219822784288e-01	2.601131011294187667e-01	1.568956969590086792e-01	7.477342093763941766e-02	3.167042164218270700e-02	7.895646406254371030e-02
1.252498708315352815e+03	2.443301614484156559e-01	1.529469234033418445e-01	2.602447270120629708e-01	1.569735096136464225e-01	7.480646915260837082e-02	3.169250925007955494e-02	7.900570011977764429e-02
1.253950039379449436e+03	2.441427667767600840e-01	1.528210379501134808e-01	2.603761235395509188e-01	1.570511869161360929e-01	7.483946318909323603e-02	3.171456592460634993e-02	7.905485570367233594e-02
1.255401370443546057e+03	2.439556887350839420e-01	1.526953652616260815e-01	2.605072911021062976e-01	1.571287291281220910e-01	7.487240313715255724e-02	3.173659169100710026e-02	7.910393094483446352e-02
1.256852701507642678e+03	2.437689267874899313e-01	1.525699049775267602e-01	2.606382300892914894e-01	1.572061365106423303e-01	7.490528908669748243e-02	3.175858657461039236e-02	7.915292597367420968e-02
1.258304032571739299e+03	2.435824803989921072e-01	1.524446567380759177e-01	2.607689408900087935e-01	1.572834093241298192e-01	7.493812112749205501e-02	3.178055060082862066e-02	7.920184092040535861e-02
1.259755363635835920e+03	2.433963490355141590e-01	1.523196201841460762e-01	2.608994238925014253e-01	1.573605478284147152e-01	7.497089934915340814e-02	3.180248379515725199e-02	7.925067591504562914e-02
1.261206694699932314e+03	2.432105321638879936e-01	1.521947949572209080e-01	2.610296794843548485e-01	1.574375522827259899e-01	7.500362384115197290e-02	3.182438618317408319e-02	7.929943108741682734e-02
1.262658025764028707e+03	2.430250292518520150e-01	1.520701806993942640e-01	2.611597080524977188e-01	1.575144229456933165e-01	7.503629469281178355e-02	3.184625779053852634e-02	7.934810656714502697e-02
1.264109356828125556e+03	2.428398397680495979e-01	1.519457770533690077e-01	2.612895099832029944e-01	1.575911600753487629e-01	7.506891199331056086e-02	3.186809864299084555e-02	7.939670248366083316e-02
1.265560687892221949e+03	2.426549631820275887e-01	1.518215836624560999e-01	2.614190856620891568e-01	1.576677639291286792e-01	7.510147583168005903e-02	3.188990876635144911e-02	7.944521896619956280e-02
1.267012018956318798e+03	2.424703989642346125e-01	1.516976001705733490e-01	2.615484354741212658e-01	1.577442347638754738e-01	7.513398629680624607e-02	3.191168818652016792e-02	7.949365614380148048e-02
1.268463350020415419e+03	2.422861465860196573e-01	1.515738262222446620e-01	2.616775598036120143e-01	1.578205728358392790e-01	7.516644347742949817e-02	3.193343692947554074e-02	7.954201414531195113e-02
1.269914681084511813e+03	2.421022055196304090e-01	1.514502614625987675e-01	2.618064590342230047e-01	1.578967784006798658e-01	7.519884746214487714e-02	3.195515502127409257e-02	7.959029309938170371e-02
1.271366012148608434e+03	2.419185752382117249e-01	1.513269055373682170e-01	2.619351335489655264e-01	1.579728517134683097e-01	7.523119833940231094e-02	3.197684248804962687e-02	7.963849313446705325e-02
1.272817343212705055e+03	2.417352552158041623e-01	1.512037580928884684e-01	2.620635837302020543e-01	1.580487930286887666e-01	7.526349619750681563e-02	3.199849935601249695e-02	7.968661437883006737e-02
1.274268674276801676e+03	2.415522449273422856e-01	1.510808187760967480e-01	2.621918099596470819e-01	1.581246026002402494e-01	7.529574112461877300e-02	3.202012565144895379e-02	7.973465696053878837e-02
1.275720005340898297e+03	2.413695438486531397e-01	1.509580872345311076e-01	2.623198126183683421e-01	1.582002806814382934e-01	7.532793320875408316e-02	3.204172140072041042e-02	7.978262100746746910e-02
1.277171336404994690e+03	2.411871514564549179e-01	1.508355631163292854e-01	2.624475920867880285e-01	1.582758275250168156e-01	7.536007253778442827e-02	3.206328663026274117e-02	7.983050664729676726e-02
1.278622667469091539e+03	2.410050672283551576e-01	1.507132460702277355e-01	2.625751487446834065e-01	1.583512433831296973e-01	7.539215919943743904e-02	3.208482136658561551e-02	7.987831400751396749e-02
1.280073998533187932e+03	2.408232906428493247e-01	1.505911357455605448e-01	2.627024829711885334e-01	1.584265285073526430e-01	7.542419328129701395e-02	3.210632563627179720e-02	7.992604321541316170e-02
1.281525329597284326e+03	2.406418211793193151e-01	1.504692317922586009e-01	2.628295951447949252e-01	1.585016831486847910e-01	7.545617487080345798e-02	3.212779946597647124e-02	7.997369439809551284e-02
1.282976660661381175e+03	2.404606583180318169e-01	1.503475338608482870e-01	2.629564856433527775e-01	1.585767075575504892e-01	7.548810405525373246e-02	3.214924288242653611e-02	8.002126768246942135e-02
1.284427991725477568e+03	2.402798015401368392e-01	1.502260416024507050e-01	2.630831548440721313e-01	1.586516019838009883e-01	7.551998092180166322e-02	3.217065591241997230e-02	8.006876319525078889e-02
1.285879322789574417e+03	2.400992503276662415e-01	1.501047546687805101e-01	2.632096031235238165e-01	1.587263666767160519e-01	7.555180555745817650e-02	3.219203858282514152e-02	8.011618106296317099e-02
1.287330653853671038e+03	2.399190041635321236e-01	1.499836727121449109e-01	2.633358308576406737e-01	1.588010018850057603e-01	7.558357804909150712e-02	3.221339092058011361e-02	8.016352141193802683e-02
1.288781984917767431e+03	2.397390625315252988e-01	1.498627953854427264e-01	2.634618384217186082e-01	1.588755078568121482e-01	7.561529848342740667e-02	3.223471295269202813e-02	8.021078436831494129e-02
1.290233315981864052e+03	2.395594249163139344e-01	1.497421223421633030e-01	2.635876261904173679e-01	1.589498848397108699e-01	7.564696694704942104e-02	3.225600470623640054e-02	8.025797005804183315e-02
