1.001418434226643626e+03	2.819774365726834819e-01	1.784247475059598242e-01	2.337248018064447819e-01	1.412153368578877299e-01	6.817564980845468303e-02	2.735469621345407165e-02	6.912733123504373467e-02
1.003837319333471214e+03	2.815594530173289867e-01	1.781434081383446444e-01	2.340207441701546431e-01	1.413912009432495565e-01	6.824862227759026512e-02	2.740073430584438058e-02	6.923583714741578243e-02
1.006256204440298802e+03	2.811426463649550067e-01	1.778628610724685699e-01	2.343158329097357884e-01	1.415665341355923090e-01	6.832139505778205002e-02	2.744668095325297763e-02	6.934404950614160568e-02
1.008675089547126618e+03	2.807270132874440383e-01	1.775831040742162636e-01	2.346100704418567218e-01	1.417413382841368197e-01	6.839396869819416858e-02	2.749253613144391276e-02	6.945196908263646940e-02
1.011093974653954206e+03	2.803125504663554479e-01	1.773041349156507795e-01	2.349034591763503321e-01	1.419156152300348195e-01	6.846634374654000932e-02	2.753829981844070282e-02	6.955959664655629593e-02
1.013512859760782021e+03	2.798992545928897790e-01	1.770259513750024882e-01	2.351960015162337658e-01	1.420893668064148185e-01	6.853852074908507730e-02	2.758397199450289550e-02	6.966693296579951067e-02
1.015931744867609382e+03	2.794871223678532801e-01	1.767485512366578637e-01	2.354876998577279390e-01	1.422625948384276251e-01	6.861050025064993618e-02	2.762955264210284131e-02	6.977397880650890172e-02
1.018350629974437197e+03	2.790761505016225996e-01	1.764719322911478816e-01	2.357785565902773550e-01	1.424353011432914207e-01	6.868228279461312258e-02	2.767504174590266000e-02	6.988073493307343786e-02
1.020769515081264785e+03	2.786663357141100361e-01	1.761960923351365560e-01	2.360685740965694224e-01	1.426074875303367240e-01	6.875386892291407426e-02	2.772043929273139071e-02	6.998720210813023923e-02
1.023188400188092373e+03	2.782576747347295099e-01	1.759210291714091434e-01	2.363577547525540501e-01	1.427791558010508277e-01	6.882525917605614163e-02	2.776574527156235039e-02	7.009338109256640914e-02
1.025607285294920075e+03	2.778501643023621459e-01	1.756467406088599859e-01	2.366461009274630767e-01	1.429503077491220409e-01	6.889645409310947433e-02	2.781095967349067610e-02	7.019927264552099089e-02
1.028026170401747549e+03	2.774438011653229119e-01	1.753732244624803538e-01	2.369336149838295880e-01	1.431209451604836536e-01	6.896745421171406043e-02	2.785608249171105111e-02	7.030487752438681348e-02
1.030445055508575479e+03	2.770385820813269784e-01	1.751004785533461783e-01	2.372202992775070407e-01	1.432910698133574023e-01	6.903826006808268245e-02	2.790111372149562535e-02	7.041019648481249005e-02
1.032863940615402726e+03	2.766345038174570226e-01	1.748285007086054499e-01	2.375061561576886915e-01	1.434606834782969353e-01	6.910887219700391493e-02	2.794605336017212671e-02	7.051523028070433297e-02
1.035282825722230655e+03	2.762315631501299773e-01	1.745572887614656177e-01	2.377911879669266648e-01	1.436297879182306114e-01	6.917929113184512202e-02	2.799090140710214919e-02	7.061997966422831063e-02
1.037701710829058356e+03	2.758297568650652232e-01	1.742868405511807106e-01	2.380753970411509379e-01	1.437983848885043547e-01	6.924951740455555227e-02	2.803565786365964582e-02	7.072444538581204587e-02
1.040120595935886058e+03	2.754290817572521144e-01	1.740171539230385145e-01	2.383587857096884366e-01	1.439664761369238710e-01	6.931955154566925292e-02	2.808032273320955688e-02	7.082862819414674493e-02
1.042539481042713533e+03	2.750295346309181155e-01	1.737482267283473047e-01	2.386413562952820477e-01	1.441340634037969193e-01	6.938939408430817857e-02	2.812489602108667400e-02	7.093252883618922366e-02
1.044958366149541234e+03	2.746311122994973819e-01	1.734800568244229124e-01	2.389231111141094377e-01	1.443011484219750007e-01	6.945904554818525811e-02	2.816937773457465002e-02	7.103614805716390590e-02
1.047377251256368709e+03	2.742338115855992853e-01	1.732126420745752071e-01	2.392040524758018150e-01	1.444677329168948254e-01	6.952850646360736464e-02	2.821376788288519968e-02	7.113948660056484963e-02
1.049796136363196410e+03	2.738376293209776602e-01	1.729459803480947466e-01	2.394841826834628318e-01	1.446338186066196685e-01	6.959777735547842403e-02	2.825806647713747718e-02	7.124254520815775926e-02
1.052215021470024112e+03	2.734425623464997179e-01	1.726800695202392599e-01	2.397635040336871803e-01	1.447994072018801981e-01	6.966685874730248196e-02	2.830227353033761689e-02	7.134532461998206732e-02
1.054633906576851814e+03	2.730486075121157930e-01	1.724149074722200747e-01	2.400420188165793556e-01	1.449645004061151654e-01	6.973575116118681250e-02	2.834638905735846828e-02	7.144782557435293280e-02
1.057052791683679516e+03	2.726557616768288117e-01	1.721504920911882675e-01	2.403197293157720849e-01	1.451290999155117056e-01	6.980445511784488799e-02	2.839041307491949051e-02	7.155004880786335064e-02
1.059471676790506763e+03	2.722640217086644832e-01	1.718868212702209797e-01	2.405966378084450075e-01	1.452932074190456113e-01	6.987297113659961256e-02	2.843434560156681348e-02	7.165199505538621949e-02
1.061890561897334692e+03	2.718733844846412118e-01	1.716238929083074016e-01	2.408727465653429656e-01	1.454568245985208841e-01	6.994129973538630585e-02	2.847818665765349325e-02	7.175366505007642337e-02
1.064309447004162394e+03	2.714838468907408431e-01	1.713617049103350332e-01	2.411480578507946282e-01	1.456199531286095084e-01	7.000944143075583936e-02	2.852193626531989573e-02	7.185505952337296887e-02
1.066728332110990095e+03	2.710954058218790763e-01	1.711002551870753896e-01	2.414225739227306433e-01	1.457825946768905867e-01	7.007739673787771739e-02	2.856559444847429560e-02	7.195617920500106679e-02
1.069147217217817570e+03	2.707080581818763210e-01	1.708395416551699852e-01	2.416962970327020122e-01	1.459447509038893920e-01	7.014516617054322722e-02	2.860916123277360695e-02	7.205702482297428324e-02
1.071566102324645271e+03	2.703218008834287200e-01	1.705795622371161502e-01	2.419692294258983800e-01	1.461064234631161141e-01	7.021275024116849228e-02	2.865263664560428400e-02	7.215759710359666290e-02
1.073984987431472746e+03	2.699366308480796728e-01	1.703203148612528472e-01	2.422413733411660497e-01	1.462676140011042736e-01	7.028014946079765013e-02	2.869602071606340218e-02	7.225789677146489398e-02
1.076403872538300675e+03	2.695525450061909134e-01	1.700617974617463224e-01	2.425127310110262724e-01	1.464283241574489414e-01	7.034736433910590558e-02	2.873931347493988500e-02	7.235792454947050090e-02
1.078822757645127922e+03	2.691695402969145334e-01	1.698040079785758105e-01	2.427833046616932056e-01	1.465885555648447636e-01	7.041439538440269486e-02	2.878251495469589041e-02	7.245768115880195370e-02
1.081241642751955851e+03	2.687876136681643935e-01	1.695469443575189639e-01	2.430530965130918153e-01	1.467483098491235427e-01	7.048124310363482192e-02	2.882562518944837768e-02	7.255716731894691629e-02
1.083660527858783553e+03	2.684067620765885898e-01	1.692906045501375856e-01	2.433221087788761394e-01	1.469075886292917077e-01	7.054790800238952553e-02	2.886864421495080602e-02	7.265638374769445296e-02
1.086079412965611255e+03	2.680269824875414209e-01	1.690349865137631136e-01	2.435903436664468569e-01	1.470663935175675063e-01	7.061439058489769882e-02	2.891157206857500675e-02	7.275533116113719334e-02
1.088498298072438729e+03	2.676482718750558543e-01	1.687800882114820489e-01	2.438578033769692732e-01	1.472247261194179480e-01	7.068069135403690084e-02	2.895440878929320810e-02	7.285401027367359450e-02
1.090917183179266431e+03	2.672706272218159373e-01	1.685259076121213839e-01	2.441244901053911120e-01	1.473825880335954130e-01	7.074681081133460392e-02	2.899715441766021265e-02	7.295242179801016136e-02
1.093336068286093905e+03	2.668940455191297079e-01	1.682724426902340586e-01	2.443904060404601397e-01	1.475399808521741518e-01	7.081274945697128842e-02	2.903980899579573782e-02	7.305056644516370878e-02
1.095754953392921607e+03	2.665185237669021046e-01	1.680196914260843055e-01	2.446555533647419289e-01	1.476969061605864497e-01	7.087850778978355137e-02	2.908237256736688828e-02	7.314844492446360980e-02
1.098173838499749309e+03	2.661440589736078222e-01	1.677676518056329114e-01	2.449199342546374836e-01	1.478533655376584877e-01	7.094408630726728449e-02	2.912484517757080518e-02	7.324605794355404376e-02
1.100592723606577010e+03	2.657706481562647771e-01	1.675163218205226456e-01	2.451835508804007524e-01	1.480093605556461189e-01	7.100948550558079664e-02	2.916722687311743695e-02	7.334340620839635561e-02
1.103011608713404712e+03	2.653982883404072401e-01	1.672656994680635500e-01	2.454464054061560874e-01	1.481648927802703131e-01	7.107470587954793639e-02	2.920951770221248342e-02	7.344049042327127630e-02
1.105430493820231959e+03	2.650269765600595240e-01	1.670157827512181448e-01	2.457084999899158129e-01	1.483199637707524055e-01	7.113974792266128389e-02	2.925171771454047540e-02	7.353731129078124040e-02
1.107849378927059888e+03	2.646567098577096155e-01	1.667665696785867735e-01	2.459698367835975730e-01	1.484745750798489583e-01	7.120461212708525944e-02	2.929382696124800678e-02	7.363386951185271756e-02
1.110268264033887590e+03	2.642874852842829747e-01	1.665180582643927265e-01	2.462304179330416787e-01	1.486287282538866494e-01	7.126929898365921834e-02	2.933584549492710206e-02	7.373016578573855784e-02
1.112687149140715292e+03	2.639192998991165551e-01	1.662702465284675857e-01	2.464902455780283996e-01	1.487824248327966614e-01	7.133380898190067043e-02	2.937777336959873989e-02	7.382620081002029544e-02
1.115106034247542766e+03	2.635521507699328247e-01	1.660231324962363753e-01	2.467493218522952281e-01	1.489356663501490985e-01	7.139814261000840268e-02	2.941961064069651202e-02	7.392197528061049405e-02
1.117524919354370468e+03	2.631860349728140092e-01	1.657767141987027681e-01	2.470076488835540596e-01	1.490884543331869871e-01	7.146230035486557386e-02	2.946135736505041750e-02	7.401748989175516158e-02
1.119943804461197942e+03	2.628209495921765004e-01	1.655309896724344310e-01	2.472652287935083182e-01	1.492407903028599714e-01	7.152628270204289263e-02	2.950301360087082339e-02	7.411274533603603998e-02
1.122362689568025871e+03	2.624568917207454888e-01	1.652859569595479250e-01	2.475220636978701094e-01	1.493926757738581468e-01	7.159009013580176772e-02	2.954457940773252272e-02	7.420774230437307550e-02
1.124781574674853118e+03	2.620938584595293719e-01	1.650416141076942456e-01	2.477781557063771234e-01	1.495441122546452561e-01	7.165372313909738888e-02	2.958605484655897969e-02	7.430248148602672242e-02
1.127200459781681047e+03	2.617318469177945528e-01	1.647979591700437507e-01	2.480335069228097877e-01	1.496951012474919684e-01	7.171718219358193258e-02	2.962743997960667550e-02	7.439696356860039939e-02
1.129619344888508749e+03	2.613708542130406820e-01	1.645549902052715063e-01	2.482881194450080875e-01	1.498456442485087137e-01	7.178046777960767066e-02	2.966873487044960345e-02	7.449118923804287640e-02
1.132038229995336451e+03	2.610108774709751223e-01	1.643127052775423813e-01	2.485419953648884683e-01	1.499957427476784899e-01	7.184358037623005122e-02	2.970993958396389578e-02	7.458515917865071732e-02
1.134457115102163925e+03	2.606519138254885792e-01	1.640711024564963649e-01	2.487951367684606840e-01	1.501453982288893374e-01	7.190652046121091823e-02	2.975105418631259283e-02	7.467887407307069458e-02
1.136876000208991627e+03	2.602939604186300104e-01	1.638301798172336343e-01	2.490475457358446443e-01	1.502946121699665627e-01	7.196928851102159241e-02	2.979207874493054048e-02	7.477233460230223172e-02
1.139294885315819101e+03	2.599370144005822003e-01	1.635899354402998440e-01	2.492992243412869291e-01	1.504433860427049352e-01	7.203188500084602153e-02	2.983301332850941609e-02	7.486554144569987357e-02
1.141713770422646803e+03	2.595810729296372243e-01	1.633503674116713045e-01	2.495501746531778309e-01	1.505917213129004673e-01	7.209431040458387507e-02	2.987385800698288268e-02	7.495849528097575654e-02
1.144132655529474505e+03	2.592261331721718021e-01	1.631114738227402439e-01	2.498003987340676746e-01	1.507396194403820555e-01	7.215656519485369458e-02	2.991461285151188199e-02	7.505119678420198170e-02
1.146551540636302207e+03	2.588721923026234828e-01	1.628732527703000699e-01	2.500498986406834989e-01	1.508870818790430113e-01	7.221864984299598833e-02	2.995527793447005580e-02	7.514364662981323773e-02
1.148970425743129908e+03	2.585192475034661097e-01	1.626357023565305482e-01	2.502986764239455986e-01	1.510341100768722022e-01	7.228056481907640940e-02	2.999585332942928534e-02	7.523584549060920168e-02
1.151389310849957155e+03	2.581672959651858390e-01	1.623988206889831198e-01	2.505467341289840388e-01	1.511807054759851665e-01	7.234231059188880875e-02	3.003633911114536592e-02	7.532779403775703708e-02
1.153808195956785084e+03	2.578163348862571591e-01	1.621626058805660797e-01	2.507940737951551702e-01	1.513268695126548657e-01	7.240388762895837160e-02	3.007673535554380648e-02	7.541949294079393351e-02
1.156227081063612786e+03	2.574663614731191319e-01	1.619270560495299771e-01	2.510406974560577820e-01	1.514726036173424106e-01	7.246529639654475385e-02	3.011704213970575403e-02	7.551094286762960461e-02
1.158645966170440488e+03	2.571173729401514674e-01	1.616921693194529053e-01	2.512866071395496448e-01	1.516179092147273699e-01	7.252653735964514903e-02	3.015725954185403263e-02	7.560214448454884162e-02
1.161064851277267962e+03	2.567693665096511535e-01	1.614579438192257355e-01	2.515318048677637197e-01	1.517627877237380796e-01	7.258761098199741080e-02	3.019738764133931413e-02	7.569309845621399746e-02
1.163483736384095664e+03	2.564223394118085309e-01	1.612243776830375452e-01	2.517762926571244786e-01	1.519072405575817575e-01	7.264851772608316161e-02	3.023742651862641045e-02	7.578380544566755417e-02
1.165902621490923138e+03	2.560762888846841445e-01	1.609914690503609636e-01	2.520200725183638912e-01	1.520512691237740910e-01	7.270925805313090129e-02	3.027737625528068369e-02	7.587426611433471801e-02
1.168321506597751068e+03	2.557312121741854294e-01	1.607592160659374880e-01	2.522631464565379122e-01	1.521948748241691018e-01	7.276983242311907407e-02	3.031723693395458469e-02	7.596448112202586200e-02
1.170740391704578315e+03	2.553871065340430624e-01	1.605276168797629410e-01	2.525055164710423017e-01	1.523380590549884839e-01	7.283024129477919106e-02	3.035700863837429223e-02	7.605445112693923204e-02
1.173159276811406244e+03	2.550439692257879809e-01	1.602966696470728425e-01	2.527471845556288899e-01	1.524808232068509684e-01	7.289048512559889725e-02	3.039669145332648398e-02	7.614417678566343106e-02
1.175578161918233945e+03	2.547017975187286787e-01	1.600663725283279215e-01	2.529881526984212869e-01	1.526231686648013008e-01	7.295056437182505238e-02	3.043628546464522550e-02	7.623365875318002804e-02
1.177997047025061647e+03	2.543605886899277246e-01	1.598367236891995169e-01	2.532284228819311478e-01	1.527650968083391070e-01	7.301047948846683955e-02	3.047579075919895630e-02	7.632289768286618092e-02
1.180415932131889122e+03	2.540203400241792253e-01	1.596077213005550888e-01	2.534679970830740481e-01	1.529066090114475918e-01	7.307023092929881836e-02	3.051520742487762172e-02	7.641189422649716234e-02
1.182834817238716823e+03	2.536810488139856767e-01	1.593793635384437302e-01	2.537068772731850275e-01	1.530477066426221833e-01	7.312981914686401963e-02	3.055453555057990184e-02	7.650064903424903806e-02
1.185253702345544298e+03	2.533427123595356489e-01	1.591516485840816231e-01	2.539450654180349098e-01	1.531883910648986491e-01	7.318924459247697079e-02	3.059377522620053413e-02	7.658916275470124824e-02
1.187672587452371999e+03	2.530053279686809153e-01	1.589245746238377444e-01	2.541825634778456244e-01	1.533286636358814070e-01	7.324850771622684609e-02	3.063292654261779227e-02	7.667743603483923032e-02
1.190091472559199701e+03	2.526688929569140263e-01	1.586981398492193218e-01	2.544193734073063595e-01	1.534685257077713083e-01	7.330760896698046425e-02	3.067198959168103770e-02	7.676546952005705582e-02
1.192510357666027403e+03	2.523334046473458270e-01	1.584723424568575401e-01	2.546554971555887725e-01	1.536079786273936154e-01	7.336654879238532767e-02	3.071096446619840312e-02	7.685326385416006711e-02
1.194929242772855105e+03	2.519988603706830310e-01	1.582471806484931354e-01	2.548909366663630327e-01	1.537470237362254522e-01	7.342532763887274494e-02	3.074985125992456964e-02	7.694081967936752808e-02
1.197348127879682352e+03	2.516652574652061825e-01	1.580226526309620461e-01	2.551256938778132533e-01	1.538856623704233095e-01	7.348394595166081456e-02	3.078865006754866879e-02	7.702813763631524702e-02
1.199767012986510281e+03	2.513325932767471738e-01	1.577987566161811184e-01	2.553597707226529234e-01	1.540238958608502184e-01	7.354240417475753355e-02	3.082736098468228866e-02	7.711521836405826891e-02
1.202185898093337983e+03	2.510008651586673190e-01	1.575754908211338401e-01	2.555931691281406737e-01	1.541617255331028946e-01	7.360070275096376735e-02	3.086598410784757024e-02	7.720206250007351223e-02
1.204604783200165684e+03	2.506700704718352601e-01	1.573528534678560464e-01	2.558258910160955413e-01	1.542991527075385227e-01	7.365884212187635838e-02	3.090451953446542860e-02	7.728867068026244735e-02
1.207023668306993159e+03	2.503402065846050406e-01	1.571308427834218480e-01	2.560579383029123468e-01	1.544361786993016517e-01	7.371682272789109591e-02	3.094296736284387825e-02	7.737504353895377496e-02
1.209442553413820860e+03	2.500112708727942890e-01	1.569094569999291700e-01	2.562893128995772374e-01	1.545728048183506453e-01	7.377464500820578308e-02	3.098132769216645557e-02	7.746118170890613219e-02
1.211861438520648335e+03	2.496832607196622922e-01	1.566886943544859301e-01	2.565200167116827856e-01	1.547090323694839953e-01	7.383230940082323446e-02	3.101960062248074537e-02	7.754708582131074335e-02
1.214280323627476264e+03	2.493561735158884018e-01	1.564685530891956056e-01	2.567500516394435328e-01	1.548448626523667437e-01	7.388981634255431530e-02	3.105778625468700108e-02	7.763275650579415377e-02
1.216699208734303511e+03	2.490300066595504125e-01	1.562490314511432721e-01	2.569794195777109769e-01	1.549802969615562964e-01	7.394716626902092527e-02	3.109588469052689680e-02	7.771819439042088051e-02
1.219118093841131440e+03	2.487047575561029400e-01	1.560301276923815594e-01	2.572081224159890600e-01	1.551153365865285128e-01	7.400435961465905155e-02	3.113389603257234878e-02	7.780340010169617404e-02
1.221536978947959142e+03	2.483804236183559944e-01	1.558118400699166073e-01	2.574361620384488791e-01	1.552499828117032687e-01	7.406139681272173869e-02	3.117182038421445478e-02	7.788837426456872437e-02
1.223955864054786844e+03	2.480570022664535523e-01	1.555941668456939375e-01	2.576635403239441180e-01	1.553842369164700754e-01	7.411827829528210010e-02	3.120965784965252024e-02	7.797311750243335338e-02
1.226374749161614318e+03	2.477344909278522966e-01	1.553771062865846597e-01	2.578902591460259797e-01	1.555181001752134751e-01	7.417500449323628786e-02	3.124740853388318848e-02	7.805763043713374871e-02
1.228793634268442020e+03	2.474128870373001610e-01	1.551606566643713714e-01	2.581163203729585076e-01	1.556515738573382990e-01	7.423157583630651812e-02	3.128507254268967502e-02	7.814191368896519774e-02
1.231212519375269494e+03	2.470921880368154022e-01	1.549448162557343356e-01	2.583417258677328521e-01	1.557846592272946751e-01	7.428799275304404093e-02	3.132264998263110944e-02	7.822596787667734919e-02
1.233631404482097196e+03	2.467723913756653120e-01	1.547295833422376310e-01	2.585664774880828687e-01	1.559173575446029247e-01	7.434425567083211006e-02	3.136014096103192234e-02	7.830979361747691936e-02
1.236050289588924898e+03	2.464534945103453722e-01	1.545149562103151908e-01	2.587905770864998845e-01	1.560496700638784595e-01	7.440036501588893902e-02	3.139754558597137452e-02	7.839339152703045377e-02
1.238469174695752372e+03	2.461354949045581053e-01	1.543009331512571469e-01	2.590140265102471862e-01	1.561815980348562616e-01	7.445632121327075414e-02	3.143486396627320073e-02	7.847676221946706110e-02
1.240888059802580301e+03	2.458183900291921742e-01	1.540875124611959246e-01	2.592368276013751749e-01	1.563131427024153641e-01	7.451212468687461177e-02	3.147209621149527070e-02	7.855990630738118874e-02
1.243306944909407548e+03	2.455021773623017878e-01	1.538746924410925032e-01	2.594589821967360210e-01	1.564443053066031097e-01	7.456777585944149300e-02	3.150924243191940977e-02	7.864282440183541223e-02
1.245725830016235477e+03	2.451868543890856900e-01	1.536624713967228439e-01	2.596804921279982636e-01	1.565750870826592978e-01	7.462327515255920418e-02	3.154630273854130279e-02	7.872551711236312755e-02
1.248144715123063179e+03	2.448724186018666482e-01	1.534508476386640397e-01	2.599013592216617430e-01	1.567054892610401651e-01	7.467862298666531895e-02	3.158327724306043971e-02	7.880798504697139606e-02
1.250563600229890881e+03	2.445588675000707479e-01	1.532398194822807425e-01	2.601215852990719224e-01	1.568355130674422560e-01	7.473381978105012036e-02	3.162016605787022067e-02	7.889022881214367844e-02
1.252982485336718355e+03	2.442461985902069366e-01	1.530293852477116467e-01	2.603411721764345987e-01	1.569651597228261530e-01	7.478886595385955682e-02	3.165696929604810972e-02	7.897224901284262411e-02
1.255401370443546057e+03	2.439344093858464846e-01	1.528195432598557224e-01	2.605601216648306684e-01	1.570944304434398753e-01	7.484376192209812872e-02	3.169368707134589958e-02	7.905404625251286066e-02
1.257820255550373531e+03	2.436234974076025572e-01	1.526102918483588367e-01	2.607784355702302270e-01	1.572233264408423592e-01	7.489850810163189987e-02	3.173031949818001102e-02	7.913562113308376944e-02
1.260239140657201460e+03	2.433134601831099531e-01	1.524016293476001538e-01	2.609961156935072801e-01	1.573518489219266903e-01	7.495310490719132857e-02	3.176686669162197968e-02	7.921697425497227496e-02
1.262658025764028707e+03	2.430042952470047313e-01	1.521935540966787292e-01	2.612131638304542314e-01	1.574799990889431678e-01	7.500755275237422359e-02	3.180332876738892200e-02	7.929810621708568985e-02
1.265076910870856636e+03	2.426960001409041168e-01	1.519860644394000759e-01	2.614295817717959824e-01	1.576077781395223421e-01	7.506185204964867241e-02	3.183970584183417468e-02	7.937901761682444879e-02
1.267495795977684338e+03	2.423885724133862662e-01	1.517791587242626472e-01	2.616453713032044215e-01	1.577351872666976629e-01	7.511600321035590000e-02	3.187599803193796183e-02	7.945970905008495344e-02
1.269914681084511813e+03	2.420820096199702010e-01	1.515728353044445698e-01	2.618605342053129115e-01	1.578622276589283502e-01	7.517000664471321092e-02	3.191220545529816627e-02	7.954018111126234802e-02
1.272333566191339514e+03	2.417763093230958504e-01	1.513670925377903487e-01	2.620750722537303345e-01	1.579889005001217372e-01	7.522386276181686204e-02	3.194832823012119793e-02	7.962043439325339200e-02
1.274752451298167216e+03	2.414714690921041240e-01	1.511619287867974892e-01	2.622889872190551919e-01	1.581152069696558360e-01	7.527757196964493525e-02	3.198436647521295251e-02	7.970046948745920790e-02
1.277171336404994690e+03	2.411674865032168713e-01	1.509573424186032298e-01	2.625022808668900365e-01	1.582411482424013749e-01	7.533113467506026562e-02	3.202032030996978390e-02	7.978028698378815398e-02
1.279590221511822392e+03	2.408643591395172034e-01	1.507533318049713855e-01	2.627149549578555177e-01	1.583667254887441145e-01	7.538455128381327253e-02	3.205618985436966412e-02	7.985988747065855820e-02
1.282009106618650094e+03	2.405620845909297589e-01	1.505498953222791092e-01	2.629270112476043142e-01	1.584919398746066632e-01	7.543782220054486010e-02	3.209197522896333615e-02	7.993927153500167415e-02
1.284427991725477568e+03	2.402606604542008861e-01	1.503470313515037071e-01	2.631384514868354008e-01	1.586167925614704322e-01	7.549094782878926213e-02	3.212767655486559876e-02	8.001843976226441502e-02
1.286846876832305497e+03	2.399600843328791033e-01	1.501447382782096218e-01	2.633492774213080367e-01	1.587412847063972010e-01	7.554392857097692870e-02	3.216329395374664668e-02	8.009739273641221236e-02
1.289265761939132744e+03	2.396603538372954756e-01	1.499430144925351371e-01	2.635594907918555885e-01	1.588654174620508508e-01	7.559676482843735723e-02	3.219882754782350115e-02	8.017613103993183332e-02
1.291684647045960673e+03	2.393614665845441858e-01	1.497418583891796384e-01	2.637690933343995736e-01	1.589891919767186523e-01	7.564945700140193741e-02	3.223427745985153053e-02	8.025465525383423948e-02
1.294103532152788375e+03	2.390634201984630502e-01	1.495412683673902898e-01	2.639780867799635944e-01	1.591126093943326658e-01	7.570200548900679616e-02	3.226964381311601265e-02	8.033296595765743175e-02
1.296522417259616077e+03	2.387662123096140343e-01	1.493412428309492113e-01	2.641864728546870489e-01	1.592356708544908073e-01	7.575441068929568422e-02	3.230492673142381505e-02	8.041106372946926761e-02
1.298941302366443551e+03	2.384698405552641010e-01	1.491417801881605165e-01	2.643942532798390088e-01	1.593583774924779983e-01	7.580667299922275171e-02	3.234012633909514461e-02	8.048894914587033378e-02
1.301360187473271253e+03	2.381743025793658097e-01	1.489428788518374069e-01	2.646014297718320418e-01	1.594807304392870384e-01	7.585879281465537916e-02	3.237524276095533893e-02	8.056662278199677729e-02
1.303779072580098727e+03	2.378795960325382763e-01	1.487445372392893206e-01	2.648080040422358672e-01	1.596027308216393936e-01	7.591077053037703637e-02	3.241027612232676158e-02	8.064408521152313658e-02
1.306197957686926657e+03	2.375857185720477993e-01	1.485467537723089426e-01	2.650139777977911226e-01	1.597243797620057637e-01	7.596260654009003022e-02	3.244522654902078779e-02	8.072133700666525580e-02
1.308616842793753904e+03	2.372926678617889862e-01	1.483495268771596320e-01	2.652193527404230755e-01	1.598456783786267599e-01	7.601430123641837733e-02	3.248009416732982463e-02	8.079837873818304650e-02
1.311035727900581833e+03	2.370004415722655744e-01	1.481528549845624876e-01	2.654241305672549456e-01	1.599666277855331942e-01	7.606585501091059354e-02	3.251487910401946319e-02	8.087521097538344361e-02
1.313454613007409534e+03	2.367090373805715853e-01	1.479567365296836634e-01	2.656283129706217827e-01	1.600872290925663688e-01	7.611726825404246943e-02	3.254958148632061676e-02	8.095183428612320875e-02
1.315873498114237009e+03	2.364184529703723947e-01	1.477611699521216293e-01	2.658319016380839561e-01	1.602074834053982821e-01	7.616854135521985980e-02	3.258420144192183260e-02	8.102824923681177516e-02
1.318292383221064711e+03	2.361286860318857761e-01	1.475661536958945697e-01	2.660348982524405326e-01	1.603273918255516406e-01	7.621967470278150081e-02	3.261873909896158275e-02	8.110445639241416205e-02
1.320711268327892412e+03	2.358397342618632764e-01	1.473716862094277547e-01	2.662373044917428766e-01	1.604469554504197037e-01	7.627066868400178556e-02	3.265319458602069375e-02	8.118045631645379179e-02
1.323130153434719887e+03	2.355515953635713422e-01	1.471777659455409393e-01	2.664391220293078066e-01	1.605661753732861297e-01	7.632152368509349805e-02	3.268756803211481793e-02	8.125624957101539036e-02
1.325549038541547588e+03	2.352642670467726960e-01	1.469843913614357345e-01	2.666403525337313618e-01	1.606850526833446813e-01	7.637224009121060253e-02	3.272185956668697410e-02	8.133183671674783233e-02
1.327967923648375290e+03	2.349777470277077951e-01	1.467915609186832004e-01	2.668409976689019025e-01	1.608035884657186831e-01	7.642281828645106079e-02	3.275606931960017149e-02	8.140721831286702737e-02
1.330386808755202765e+03	2.346920330290761525e-01	1.465992730832112734e-01	2.670410590940134887e-01	1.609217838014805335e-01	7.647325865385948274e-02	3.279019742113009617e-02	8.148239491715876526e-02
1.332805693862030694e+03	2.344071227800178514e-01	1.464075263252923587e-01	2.672405384635791470e-01	1.610396397676709390e-01	7.652356157542998527e-02	3.282424400195785991e-02	8.155736708598164408e-02
1.335224578968857941e+03	2.341230140160951989e-01	1.462163191195308687e-01	2.674394374274440822e-01	1.611571574373181492e-01	7.657372743210885679e-02	3.285820919316281841e-02	8.163213537426987354e-02
1.337643464075685870e+03	2.338397044792742407e-01	1.460256499448508438e-01	2.676377576307987227e-01	1.612743378794570248e-01	7.662375660379730502e-02	3.289209312621546588e-02	8.170670033553618927e-02
1.340062349182513572e+03	2.335571919179063871e-01	1.458355172844837400e-01	2.678355007141922650e-01	1.613911821591480222e-01	7.667364946935428804e-02	3.292589593297038514e-02	8.178106252187471170e-02
1.342481234289341273e+03	2.332754740867102883e-01	1.456459196259559108e-01	2.680326683135453858e-01	1.615076913374959566e-01	7.672340640659908173e-02	3.295961774565927399e-02	8.185522248396384648e-02
1.344900119396168748e+03	2.329945487467534326e-01	1.454568554610764786e-01	2.682292620601636202e-01	1.616238664716688478e-01	7.677302779231413854e-02	3.299325869688404800e-02	8.192918077106914332e-02
1.347319004502996449e+03	2.327144136654341333e-01	1.452683232859250106e-01	2.684252835807502402e-01	1.617397086149164886e-01	7.682251400224772431e-02	3.302681891960996402e-02	8.200293793104619644e-02
1.349737889609823924e+03	2.324350666164632651e-01	1.450803216008393626e-01	2.686207344974191891e-01	1.618552188165889583e-01	7.687186541111667992e-02	3.306029854715884092e-02	8.207649451034347565e-02
1.352156774716651853e+03	2.321565053798463063e-01	1.448928489104034656e-01	2.688156164277082927e-01	1.619703981221549682e-01	7.692108239260905811e-02	3.309369771320237741e-02	8.214985105400525456e-02
1.354575659823479100e+03	2.318787277418653536e-01	1.447059037234352530e-01	2.690099309845920272e-01	1.620852475732202091e-01	7.697016531938691286e-02	3.312701655175546989e-02	8.222300810567449714e-02
1.356994544930307029e+03	2.316017314950611083e-01	1.445194845529744476e-01	2.692036797764944533e-01	1.621997682075455305e-01	7.701911456308890847e-02	3.316025519716962050e-02	8.229596620759570269e-02
1.359413430037134731e+03	2.313255144382150019e-01	1.443335899162705438e-01	2.693968644073020391e-01	1.623139610590650095e-01	7.706793049433303955e-02	3.319341378412640764e-02	8.236872590061777855e-02
1.361832315143962205e+03	2.310500743763312936e-01	1.441482183347708446e-01	2.695894864763765386e-01	1.624278271579038257e-01	7.711661348271932337e-02	3.322649244763103277e-02	8.244128772419700990e-02
1.364251200250789907e+03	2.307754091206193903e-01	1.439633683341084158e-01	2.697815475785677042e-01	1.625413675303962191e-01	7.716516389683246435e-02	3.325949132300590194e-02	8.251365221639982150e-02
1.366670085357617609e+03	2.305015164884759993e-01	1.437790384440900127e-01	2.699730493042261648e-01	1.626545831991031976e-01	7.721358210424450474e-02	3.329241054588429755e-02	8.258581991390576138e-02
1.369088970464445310e+03	2.302283943034676150e-01	1.435952271986843387e-01	2.701639932392158605e-01	1.627674751828301625e-01	7.726186847151754467e-02	3.332525025220407083e-02	8.265779135201034578e-02
1.371507855571272785e+03	2.299560403953126719e-01	1.434119331360099725e-01	2.703543809649271434e-01	1.628800444966444771e-01	7.731002336420629562e-02	3.335801057820143162e-02	8.272956706462790410e-02
1.373926740678100487e+03	2.296844525998640862e-01	1.432291547983236546e-01	2.705442140582892119e-01	1.629922921518928147e-01	7.735804714686085604e-02	3.339069166040479347e-02	8.280114758429454880e-02
1.376345625784927961e+03	2.294136287590917977e-01	1.430468907320082972e-01	2.707334940917824340e-01	1.631042191562185328e-01	7.740594018302925094e-02	3.342329363562866057e-02	8.287253344217100637e-02
1.378764510891755890e+03	2.291435667210651173e-01	1.428651394875613267e-01	2.709222226334512817e-01	1.632158265135789654e-01	7.745370283526013810e-02	3.345581664096757002e-02	8.294372516804549011e-02
1.381183395998583137e+03	2.288742643399354626e-01	1.426838996195829157e-01	2.711104012469168767e-01	1.633271152242624924e-01	7.750133546510541704e-02	3.348826081379011055e-02	8.301472329033661446e-02
1.383602281105411066e+03	2.286057194759189282e-01	1.425031696867641584e-01	2.712980314913892577e-01	1.634380862849054428e-01	7.754883843312285197e-02	3.352062629173300362e-02	8.308552833609628152e-02
1.386021166212238768e+03	2.283379299952789931e-01	1.423229482518754141e-01	2.714851149216799819e-01	1.635487406885091644e-01	7.759621209887870852e-02	3.355291321269522620e-02	8.315614083101252607e-02
1.388440051319066470e+03	2.280708937703091743e-01	1.421432338817546770e-01	2.716716530882144487e-01	1.636590794244567881e-01	7.764345682095034895e-02	3.358512171483216124e-02	8.322656129941245762e-02
1.390858936425893944e+03	2.278046086793159286e-01	1.419640251472959747e-01	2.718576475370443335e-01	1.637691034785299649e-01	7.769057295692885501e-02	3.361725193654988703e-02	8.329679026426507760e-02
1.393277821532721646e+03	2.275390726066014446e-01	1.417853206234376828e-01	2.720430998098601338e-01	1.638788138329254351e-01	7.773756086342166471e-02	3.364930401649942476e-02	8.336682824718423535e-02
1.395696706639549120e+03	2.272742834424464620e-01	1.416071188891510624e-01	2.722280114440031595e-01	1.639882114662716273e-01	7.778442089605511200e-02	3.368127809357112507e-02	8.343667576843144529e-02
1.398115591746377049e+03	2.270102390830933958e-01	1.414294185274286852e-01	2.724123839724781337e-01	1.640972973536450052e-01	7.783115340947703575e-02	3.371317430688904743e-02	8.350633334691880127e-02
1.400534476853204296e+03	2.267469374307290730e-01	1.412522181252728881e-01	2.725962189239650724e-01	1.642060724665864169e-01	7.787775875735937492e-02	3.374499279580542993e-02	8.357580150021186316e-02
1.402953361960032225e+03	2.264843763934679677e-01	1.410755162736844204e-01	2.727795178228318851e-01	1.643145377731173307e-01	7.792423729240077757e-02	3.377673369989520752e-02	8.364508074453250175e-02
1.405372247066859927e+03	2.262225538853352147e-01	1.408993115676509533e-01	2.729622821891463103e-01	1.644226942377560174e-01	7.797058936632914050e-02	3.380839715895056496e-02	8.371417159476184089e-02
1.407791132173687402e+03	2.259614678262498177e-01	1.407236026061357281e-01	2.731445135386881828e-01	1.645305428215334820e-01	7.801681532990416279e-02	3.383998331297554535e-02	8.378307456444310242e-02
1.410210017280515103e+03	2.257011161420077183e-01	1.405483879920661205e-01	2.733262133829615359e-01	1.646380844820095335e-01	7.806291553291995478e-02	3.387149230218076262e-02	8.385179016578445110e-02
1.412628902387342805e+03	2.254414967642651146e-01	1.403736663323223999e-01	2.735073832292064799e-01	1.647453201732885508e-01	7.810889032420754996e-02	3.390292426697807948e-02	8.392031890966192287e-02
1.415047787494170507e+03	2.251826076305217250e-01	1.401994362377263492e-01	2.736880245804115264e-01	1.648522508460353031e-01	7.815474005163750015e-02	3.393427934797538931e-02	8.398866130562231136e-02
1.417466672600997981e+03	2.249244466841041623e-01	1.400256963230301355e-01	2.738681389353254669e-01	1.649588774474905206e-01	7.820046506212238735e-02	3.396555768597148139e-02	8.405681786188597127e-02
1.419885557707825683e+03	2.246670118741492805e-01	1.398524452069049018e-01	2.740477277884693641e-01	1.650652009214866045e-01	7.824606570161937724e-02	3.399675942195087147e-02	8.412478908534976041e-02
1.422304442814653157e+03	2.244103011555876881e-01	1.396796815119296931e-01	2.742267926301483749e-01	1.651712222084630310e-01	7.829154231513275886e-02	3.402788469707875713e-02	8.419257548158989857e-02
1.424723327921481086e+03	2.241543124891271499e-01	1.395074038645802705e-01	2.744053349464637970e-01	1.652769422454817283e-01	7.833689524671647031e-02	3.405893365269596629e-02	8.426017755486485405e-02
1.427142213028308333e+03	2.238990438412360728e-01	1.393356108952179817e-01	2.745833562193250033e-01	1.653823619662424527e-01	7.838212483947661069e-02	3.408990643031401674e-02	8.432759580811814704e-02
1.429561098135136262e+03	2.236444931841272965e-01	1.391643012380785749e-01	2.747608579264610995e-01	1.654874823010979434e-01	7.842723143557393806e-02	3.412080317161016868e-02	8.439483074298131937e-02
1.431979983241963964e+03	2.233906584957414954e-01	1.389934735312613190e-01	2.749378415414327481e-01	1.655923041770690773e-01	7.847221537622643683e-02	3.415162401842254669e-02	8.446188285977671018e-02
1.434398868348791666e+03	2.231375377597309695e-01	1.388231264167177348e-01	2.751143085336441030e-01	1.656968285178599398e-01	7.851707700171177418e-02	3.418236911274533801e-02	8.452875265752041178e-02
1.436817753455619140e+03	2.228851289654433798e-01	1.386532585402408535e-01	2.752902603683544669e-01	1.658010562438727298e-01	7.856181665136981185e-02	3.421303859672398390e-02	8.459544063392504532e-02
1.439236638562446842e+03	2.226334301079054834e-01	1.384838685514539758e-01	2.754656985066898933e-01	1.659049882722226366e-01	7.860643466360511811e-02	3.424363261265046116e-02	8.466194728540271663e-02
1.441655523669274316e+03	2.223824391878069795e-01	1.383149551037999303e-01	2.756406244056548993e-01	1.660086255167526337e-01	7.865093137588941019e-02	3.427415130295858453e-02	8.472827310706780579e-02
1.444074408776102018e+03	2.221321542114843284e-01	1.381465168545300271e-01	2.758150395181442893e-01	1.661119688880482448e-01	7.869530712476409395e-02	3.430459481021939233e-02	8.479441859273986748e-02
1.446493293882929493e+03	2.218825731909047638e-01	1.379785524646933159e-01	2.759889452929545350e-01	1.662150192934519488e-01	7.873956224584269248e-02	3.433496327713652513e-02	8.486038423494648986e-02
1.448912178989757422e+03	2.216336941436501951e-01	1.378110605991256787e-01	2.761623431747953217e-01	1.663177776370779459e-01	7.878369707381333020e-02	3.436525684654169466e-02	8.492617052492612562e-02
1.451331064096585123e+03	2.213855150929011917e-01	1.376440399264389769e-01	2.763352346043012608e-01	1.664202448198264517e-01	7.882771194244123092e-02	3.439547566139018742e-02	8.499177795263099244e-02
1.453749949203412370e+03	2.211380340674211631e-01	1.374774891190103376e-01	2.765076210180433258e-01	1.665224217393980743e-01	7.887160718457111863e-02	3.442561986475638908e-02	8.505720700672990409e-02
1.456168834310240300e+03	2.208912491015403157e-01	1.373114068529713294e-01	2.766795038485403424e-01	1.666243092903081924e-01	7.891538313212967393e-02	3.445568959982938523e-02	8.512245817461110142e-02
1.458587719417068001e+03	2.206451582351398322e-01	1.371457918081973315e-01	2.768508845242703686e-01	1.667259083639009709e-01	7.895904011612804585e-02	3.448568500990860375e-02	8.518753194238516679e-02
1.461006604523895703e+03	2.203997595136361343e-01	1.369806426682967648e-01	2.770217644696822412e-01	1.668272198483637114e-01	7.900257846666423889e-02	3.451560623839946412e-02	8.525242879488778569e-02
1.463425489630723177e+03	2.201550509879651452e-01	1.368159581206005448e-01	2.771921451052066221e-01	1.669282446287406463e-01	7.904599851292555546e-02	3.454545342880911696e-02	8.531714921568268883e-02
1.465844374737550879e+03	2.199110307145664689e-01	1.366517368561512846e-01	2.773620278472678224e-01	1.670289835869470940e-01	7.908930058319103840e-02	3.457522672474221126e-02	8.538169368706444162e-02
1.468263259844378354e+03	2.196676967553677917e-01	1.364879775696928588e-01	2.775314141082946273e-01	1.671294376017831429e-01	7.913248500483387182e-02	3.460492626989670334e-02	8.544606269006126131e-02
1.470682144951206283e+03	2.194250471777693112e-01	1.363246789596598008e-01	2.777003052967320085e-01	1.672296075489476674e-01	7.917555210432383750e-02	3.463455220805967266e-02	8.551025670443795912e-02
1.473101030058033530e+03	2.191830800546280544e-01	1.361618397281666726e-01	2.778687028170521711e-01	1.673294943010518177e-01	7.921850220722967406e-02	3.466410468310324178e-02	8.557427620869864637e-02
1.475519915164861459e+03	2.189417934642424179e-01	1.359994585809976841e-01	2.780366080697656006e-01	1.674290987276327858e-01	7.926133563822153338e-02	3.469358383898051706e-02	8.563812168008970438e-02
1.477938800271689161e+03	2.187011854903367358e-01	1.358375342275962294e-01	2.782040224514324978e-01	1.675284216951673788e-01	7.930405272107335368e-02	3.472298981972153642e-02	8.570179359460254609e-02
1.480357685378516862e+03	2.184612542220456810e-01	1.356760653810543116e-01	2.783709473546738256e-01	1.676274640670854521e-01	7.934665377866528813e-02	3.475232276942929327e-02	8.576529242697644717e-02
1.482776570485344337e+03	2.182219977538989997e-01	1.355150507581023012e-01	2.785373841681824669e-01	1.677262267037833154e-01	7.938913913298602243e-02	3.478158283227580916e-02	8.582861865070140484e-02
