1.301360187473271253e+03	2.377510136317168843e-01	1.491151718839111573e-01	2.611046466072706740e-01	1.612743579677968220e-01	7.672668374935455449e-02	3.223734303884581709e-02	8.179078312103296722e-02
1.306197957686926657e+03	2.371644817667730443e-01	1.487178516295743214e-01	2.614917738735488273e-01	1.615314891542924958e-01	7.683521124074023378e-02	3.230915591186408337e-02	8.195003642313582193e-02
1.311035727900581833e+03	2.365812470377025301e-01	1.483227658557811357e-01	2.618765631957434281e-01	1.617871699586118373e-01	7.694315855275281335e-02	3.238066245177905617e-02	8.210843294755805488e-02
1.315873498114237009e+03	2.360012908623023153e-01	1.479299019600112119e-01	2.622590291998836420e-01	1.620414087074138476e-01	7.705052871081571886e-02	3.245186330150213322e-02	8.226597725800004202e-02
1.320711268327892412e+03	2.354245947636326997e-01	1.475392474111655305e-01	2.626391864176571000e-01	1.622942136764293497e-01	7.715732472472291992e-02	3.252275911287202947e-02	8.242267389344931638e-02
1.325549038541547588e+03	2.348511403694123756e-01	1.471507897491604877e-01	2.630170492870060328e-01	1.625455930908473456e-01	7.726354958873056511e-02	3.259335054645048912e-02	8.257852736832166363e-02
1.330386808755202765e+03	2.342809094114172430e-01	1.467645165845240240e-01	2.633926321527204073e-01	1.627955551256964617e-01	7.736920628164797864e-02	3.266363827132118952e-02	8.273354217260162069e-02
1.335224578968857941e+03	2.337138837248827206e-01	1.463804155979938626e-01	2.637659492670291761e-01	1.630441079062215359e-01	7.747429776692753289e-02	3.273362296489178841e-02	8.288772277198233618e-02
1.340062349182513572e+03	2.331500452479099428e-01	1.459984745401180228e-01	2.641370147901876964e-01	1.632912595082556262e-01	7.757882699275367444e-02	3.280330531269898958e-02	8.304107360800502824e-02
1.344900119396168748e+03	2.325893760208755101e-01	1.456186812308574163e-01	2.645058427910630949e-01	1.635370179585874106e-01	7.768279689213117289e-02	3.287268600821667552e-02	8.319359909819765142e-02
1.349737889609823924e+03	2.320318581858451801e-01	1.452410235591905519e-01	2.648724472477164138e-01	1.637813912353242030e-01	7.778621038297248158e-02	3.294176575266705154e-02	8.334530363621305005e-02
1.354575659823479100e+03	2.314774739859906394e-01	1.448654894827205164e-01	2.652368420479819244e-01	1.640243872682504434e-01	7.788907036818418228e-02	3.301054525483466257e-02	8.349619159196648710e-02
1.359413430037134731e+03	2.309262057650103284e-01	1.444920670272839547e-01	2.655990409900439997e-01	1.642660139391821095e-01	7.799137973575268057e-02	3.307902523088339375e-02	8.364626731177240981e-02
1.364251200250789907e+03	2.303780359665533739e-01	1.441207442865622967e-01	2.659590577830103220e-01	1.645062790823167698e-01	7.809314135882915175e-02	3.314720640417627429e-02	8.379553511848072955e-02
1.369088970464445310e+03	2.298329471336473528e-01	1.437515094216950950e-01	2.663169060474829264e-01	1.647451904845796400e-01	7.819435809581355701e-02	3.321508950509807767e-02	8.394399931161225514e-02
1.373926740678100487e+03	2.292909219081294137e-01	1.433843506608955265e-01	2.666725993161260244e-01	1.649827558859656429e-01	7.829503279043797948e-02	3.328267527088078770e-02	8.409166416749358497e-02
1.378764510891755890e+03	2.287519430300805900e-01	1.430192562990680039e-01	2.670261510342307187e-01	1.652189829798774989e-01	7.839516827184921099e-02	3.334996444543169430e-02	8.423853393939123579e-02
1.383602281105411066e+03	2.282159933372640559e-01	1.426562146974278689e-01	2.673775745602771647e-01	1.654538794134599589e-01	7.849476735469052002e-02	3.341695777916425802e-02	8.438461285764509157e-02
1.388440051319066470e+03	2.276830557645660169e-01	1.422952142831233613e-01	2.677268831664936233e-01	1.656874527879304559e-01	7.859383283918275342e-02	3.348365602883159736e-02	8.452990512980111670e-02
1.393277821532721646e+03	2.271531133434407101e-01	1.419362435488595031e-01	2.680740900394124604e-01	1.659197106589056780e-01	7.869236751120463336e-02	3.355005995736257823e-02	8.467441494074338937e-02
1.398115591746377049e+03	2.266261492013580958e-01	1.415792910525242587e-01	2.684192082804232049e-01	1.661506605367250033e-01	7.879037414237249903e-02	3.361617033370053326e-02	8.481814645282539922e-02
1.402953361960032225e+03	2.261021465612552406e-01	1.412243454168166656e-01	2.687622509063228859e-01	1.663803098867699948e-01	7.888785549011916032e-02	3.368198793264446517e-02	8.496110380600058187e-02
1.407791132173687402e+03	2.255810887409907817e-01	1.408713953288772414e-01	2.691032308498630954e-01	1.666086661297807581e-01	7.898481429777219620e-02	3.374751353469278292e-02	8.510329111795215951e-02
1.412628902387342805e+03	2.250629591528027218e-01	1.405204295399202219e-01	2.694421609602941081e-01	1.668357366421685806e-01	7.908125329463160103e-02	3.381274792588953582e-02	8.524471248422223202e-02
1.417466672600997981e+03	2.245477413027693325e-01	1.401714368648681042e-01	2.697790540039063378e-01	1.670615287563255169e-01	7.917717519604661192e-02	3.387769189767299988e-02	8.538537197834014658e-02
1.422304442814653157e+03	2.240354187902732497e-01	1.398244061819881867e-01	2.701139226645683511e-01	1.672860497609304220e-01	7.927258270349209213e-02	3.394234624672674144e-02	8.552527365194997899e-02
1.427142213028308333e+03	2.235259753074689548e-01	1.394793264325311644e-01	2.704467795442621614e-01	1.675093069012521252e-01	7.936747850464415110e-02	3.400671177483297752e-02	8.566442153493748768e-02
1.431979983241963964e+03	2.230193946387530046e-01	1.391361866203717490e-01	2.707776371636156920e-01	1.677313073794490239e-01	7.946186527345512618e-02	3.407078928872832313e-02	8.580281963555612401e-02
1.436817753455619140e+03	2.225156606602378406e-01	1.387949758116513999e-01	2.711065079624315755e-01	1.679520583548660406e-01	7.955574567022806465e-02	3.413457959996177987e-02	8.594047194055234873e-02
1.441655523669274316e+03	2.220147573392283469e-01	1.384556831344229688e-01	2.714334043002138430e-01	1.681715669443281658e-01	7.964912234169047034e-02	3.419808352475502827e-02	8.607738241529021284e-02
1.446493293882929493e+03	2.215166687337015716e-01	1.381182977782976218e-01	2.717583384566910065e-01	1.683898402224312529e-01	7.974199792106750895e-02	3.426130188386491970e-02	8.621355500387514748e-02
1.451331064096585123e+03	2.210213789917895577e-01	1.377828089940934808e-01	2.720813226323363643e-01	1.686068852218298442e-01	7.983437502815469988e-02	3.432423550244816796e-02	8.634899362927697664e-02
1.456168834310240300e+03	2.205288723512651983e-01	1.374492060934864868e-01	2.724023689488852540e-01	1.688227089335219977e-01	7.992625626938984484e-02	3.438688520992820574e-02	8.648370219345218046e-02
1.461006604523895703e+03	2.200391331390310623e-01	1.371174784486630660e-01	2.727214894498493081e-01	1.690373183071315344e-01	8.001764423792462333e-02	3.444925183986417144e-02	8.661768457746539529e-02
1.465844374737550879e+03	2.195521457706111623e-01	1.367876154919750731e-01	2.730386961010279889e-01	1.692507202511873143e-01	8.010854151369542486e-02	3.451133622982203303e-02	8.675094464161016428e-02
1.470682144951206283e+03	2.190678947496458862e-01	1.364596067155964543e-01	2.733540007910166825e-01	1.694629216333998489e-01	8.019895066349376489e-02	3.457313922124769651e-02	8.688348622552888312e-02
1.475519915164861459e+03	2.185863646673896210e-01	1.361334416711819373e-01	2.736674153317119607e-01	1.696739292809353317e-01	8.028887424103611781e-02	3.463466165934225849e-02	8.701531314833198250e-02
1.480357685378516862e+03	2.181075402022115695e-01	1.358091099695278026e-01	2.739789514588142350e-01	1.698837499806868379e-01	8.037831478703319488e-02	3.469590439293918777e-02	8.714642920871640275e-02
1.485195455592172038e+03	2.176314061190991189e-01	1.354866012802344033e-01	2.742886208323269681e-01	1.700923904795432207e-01	8.046727482925872255e-02	3.475686827438353999e-02	8.727683818508324975e-02
1.490033225805827215e+03	2.171579472691645696e-01	1.351659053313707948e-01	2.745964350370532214e-01	1.702998574846551760e-01	8.055575688261774892e-02	3.481755415941308746e-02	8.740654383565464591e-02
1.494870996019482618e+03	2.166871485891543880e-01	1.348470119091412789e-01	2.749024055830888158e-01	1.705061576636990317e-01	8.064376344921433959e-02	3.487796290704143348e-02	8.753554989858998436e-02
1.499708766233137567e+03	2.162189951009613476e-01	1.345299108575536973e-01	2.752065439063132168e-01	1.707112976451380382e-01	8.073129701841885719e-02	3.493809537944292387e-02	8.766386009210125341e-02
1.504546536446793198e+03	2.157534719111396382e-01	1.342145920780897783e-01	2.755088613688768118e-01	1.709152840184810784e-01	8.081836006693475516e-02	3.499795244183953602e-02	8.779147811456765316e-02
1.509384306660448374e+03	2.152905642104227801e-01	1.339010455293775104e-01	2.758093692596857993e-01	1.711181233345392960e-01	8.090495505886476091e-02	3.505753496238955824e-02	8.791840764464953217e-02
1.514222076874103550e+03	2.148302572732442017e-01	1.335892612268650415e-01	2.761080787948835824e-01	1.713198221056801418e-01	8.099108444577680921e-02	3.511684381207806627e-02	8.804465234140146368e-02
1.519059847087758726e+03	2.143725364572606207e-01	1.332792292424967440e-01	2.764050011183295519e-01	1.715203868060792003e-01	8.107675066676925391e-02	3.517587986460923161e-02	8.817021584438468340e-02
1.523897617301414357e+03	2.139173872028784229e-01	1.329709397043911112e-01	2.767001473020751501e-01	1.717198238719697678e-01	8.116195614853580209e-02	3.523464399630037158e-02	8.829510177377861146e-02
1.528735387515069533e+03	2.134647950327825117e-01	1.326643827965203470e-01	2.769935283468366594e-01	1.719181397018902102e-01	8.124670330542989316e-02	3.529313708597773408e-02	8.841931373049186083e-02
1.533573157728724709e+03	2.130147455514679322e-01	1.323595487583921204e-01	2.772851551824650485e-01	1.721153406569291000e-01	8.133099453952868929e-02	3.535136001487401702e-02	8.854285529627231588e-02
1.538410927942380113e+03	2.125672244447743275e-01	1.320564278847326523e-01	2.775750386684133209e-01	1.723114330609682443e-01	8.141483224069655245e-02	3.540931366652756013e-02	8.866573003381655882e-02
1.543248698156035516e+03	2.121222174794230309e-01	1.317550105251721893e-01	2.778631895942006436e-01	1.725064232009235199e-01	8.149821878664811892e-02	3.546699892668317422e-02	8.878794148687854659e-02
1.548086468369690692e+03	2.116797105025568226e-01	1.314552870839318932e-01	2.781496186798735892e-01	1.727003173269836822e-01	8.158115654301101305e-02	3.552441668319469142e-02	8.890949318037755233e-02
1.552924238583346096e+03	2.112396894412822967e-01	1.311572480195127288e-01	2.784343365764649358e-01	1.728931216528469261e-01	8.166364786338797810e-02	3.558156782592901413e-02	8.903038862050541291e-02
1.557762008797001272e+03	2.108021403022150297e-01	1.308608838443860445e-01	2.787173538664488581e-01	1.730848423559557536e-01	8.174569508941868790e-02	3.563845324667189174e-02	8.915063129483301319e-02
1.562599779010656675e+03	2.103670491710271373e-01	1.305661851246860683e-01	2.789986810641941206e-01	1.732754855777295655e-01	8.182730055084119769e-02	3.569507383903514075e-02	8.927022467241606252e-02
1.567437549224311852e+03	2.099344022119976894e-01	1.302731424799039306e-01	2.792783286164137180e-01	1.734650574237953657e-01	8.190846656555288152e-02	3.575143049836548848e-02	8.938917220390017737e-02
1.572275319437967255e+03	2.095041856675656511e-01	1.299817465825838236e-01	2.795563069026121283e-01	1.736535639642165230e-01	8.198919543967095325e-02	3.580752412165494336e-02	8.950747732162518677e-02
1.577113089651622431e+03	2.090763858578852386e-01	1.296919881580205214e-01	2.798326262355296246e-01	1.738410112337196167e-01	8.206948946759272390e-02	3.586335560745260859e-02	8.962514343972889652e-02
1.581950859865277607e+03	2.086509891803841055e-01	1.294038579839589254e-01	2.801072968615835879e-01	1.740274052319193410e-01	8.214935093205534555e-02	3.591892585577804303e-02	8.974217395424995136e-02
1.586788630078933011e+03	2.082279821093237782e-01	1.291173468902951371e-01	2.803803289613074901e-01	1.742127519235416588e-01	8.222878210419518052e-02	3.597423576803601697e-02	8.985857224323008652e-02
1.591626400292587959e+03	2.078073511953629771e-01	1.288324457587795013e-01	2.806517326497864895e-01	1.743970572386450146e-01	8.230778524360686521e-02	3.602928624693280124e-02	8.997434166681572698e-02
1.596464170506243590e+03	2.073890830651231310e-01	1.285491455227211754e-01	2.809215179770907511e-01	1.745803270728397971e-01	8.238636259840192988e-02	3.608407819639374708e-02	9.008948556735886515e-02
1.601301940719898766e+03	2.069731644207565835e-01	1.282674371666943647e-01	2.811896949287058800e-01	1.747625672875059433e-01	8.246451640526700211e-02	3.613861252148239250e-02	9.020400726951724457e-02
1.606139710933553943e+03	2.065595820395172977e-01	1.279873117262464166e-01	2.814562734259604126e-01	1.749437837100088211e-01	8.254224888952177430e-02	3.619289012832083152e-02	9.031791008035387758e-02
1.610977481147209119e+03	2.061483227733338919e-01	1.277087602876075256e-01	2.817212633264506438e-01	1.751239821339134750e-01	8.261956226517648549e-02	3.624691192401152673e-02	9.043119728943586899e-02
1.615815251360864750e+03	2.057393735483852570e-01	1.274317739874020750e-01	2.819846744244630665e-01	1.753031683191969281e-01	8.269645873498909783e-02	3.630067881656041939e-02	9.054387216893258761e-02
1.620653021574519926e+03	2.053327213646784777e-01	1.271563440123616440e-01	2.822465164513935920e-01	1.754813479924590136e-01	8.277294049052213998e-02	3.635419171480135103e-02	9.065593797371319928e-02
1.625490791788175102e+03	2.049283532956294729e-01	1.268824615990397642e-01	2.825067990761644388e-01	1.756585268471314021e-01	8.284900971219910648e-02	3.640745152832179643e-02	9.076739794144347839e-02
1.630328562001830505e+03	2.045262564876456635e-01	1.266101180335282017e-01	2.827655319056380789e-01	1.758347105436849356e-01	8.292466856936063502e-02	3.646045916738988035e-02	9.087825529268203639e-02
1.635166332215485909e+03	2.041264181597114424e-01	1.263393046511749607e-01	2.830227244850286872e-01	1.760099047098356018e-01	8.299991922032025349e-02	3.651321554288267102e-02	9.098851323097587041e-02
1.640004102429141085e+03	2.037288256029755884e-01	1.260700128363038963e-01	2.832783862983109247e-01	1.761841149407484541e-01	8.307476381241980790e-02	3.656572156621565317e-02	9.109817494295517626e-02
1.644841872642796488e+03	2.033334661803415100e-01	1.258022340219358826e-01	2.835325267686258921e-01	1.763573467992403943e-01	8.314920448208458492e-02	3.661797814927351957e-02	9.120724359842771745e-02
1.649679642856451665e+03	2.029403273260594609e-01	1.255359596895116725e-01	2.837851552586846959e-01	1.765296058159811776e-01	8.322324335487803204e-02	3.666998620434206574e-02	9.131572235047241692e-02
1.654517413070107068e+03	2.025493965453213641e-01	1.252711813686162579e-01	2.840362810711692387e-01	1.767008974896927265e-01	8.329688254555628335e-02	3.672174664404138922e-02	9.142361433553228278e-02
1.659355183283762244e+03	2.021606614138578006e-01	1.250078906367049492e-01	2.842859134491303452e-01	1.768712272873472213e-01	8.337012415812218580e-02	3.677326038126015745e-02	9.153092267350686206e-02
1.664192953497417420e+03	2.017741095775374416e-01	1.247460791188309132e-01	2.845340615763834458e-01	1.770406006443634439e-01	8.344297028587915888e-02	3.682452832909108992e-02	9.163765046784393131e-02
1.669030723711072824e+03	2.013897287519687551e-01	1.244857384873743894e-01	2.847807345779016508e-01	1.772090229648017878e-01	8.351542301148466574e-02	3.687555140076757138e-02	9.174380080563065976e-02
1.673868493924728000e+03	2.010075067221037404e-01	1.242268604617733363e-01	2.850259415202060498e-01	1.773764996215575762e-01	8.358748440700332349e-02	3.692633050960135443e-02	9.184937675768412024e-02
1.678706264138383403e+03	2.006274313418444366e-01	1.239694368082557008e-01	2.852696914117536231e-01	1.775430359565532412e-01	8.365915653395988860e-02	3.697686656892142099e-02	9.195438137864120343e-02
1.683544034352038352e+03	2.002494905336512920e-01	1.237134593395733118e-01	2.855119932033227670e-01	1.777086372809286441e-01	8.373044144339170103e-02	3.702716049201389137e-02	9.205881770704793521e-02
1.688381804565693983e+03	1.998736722881538641e-01	1.234589199147371474e-01	2.857528557883958764e-01	1.778733088752304514e-01	8.380134117590096188e-02	3.707721319206303684e-02	9.216268876544819744e-02
1.693219574779349159e+03	1.994999646637639623e-01	1.232058104387541847e-01	2.859922880035398740e-01	1.780370559895996796e-01	8.387185776170669183e-02	3.712702558209331899e-02	9.226599756047182410e-02
1.698057344993004335e+03	1.991283557862906506e-01	1.229541228623658305e-01	2.862302986287837414e-01	1.781998838439581567e-01	8.394199322069641200e-02	3.717659857491249775e-02	9.236874708292222569e-02
1.702895115206659511e+03	1.987588338485578032e-01	1.227038491817878385e-01	2.864668963879940522e-01	1.783617976281933193e-01	8.401174956247747794e-02	3.722593308305575249e-02	9.247094030786325025e-02
1.707732885420315142e+03	1.983913871100236315e-01	1.224549814384516266e-01	2.867020899492476738e-01	1.785228025023419540e-01	8.408112878642813592e-02	3.727503001873083699e-02	9.257258019470564203e-02
1.712570655633970318e+03	1.980260038964024860e-01	1.222075117187471638e-01	2.869358879252021932e-01	1.786829035967723300e-01	8.415013288174835737e-02	3.732389029376419198e-02	9.267366968729280619e-02
1.717408425847625494e+03	1.976626725992889355e-01	1.219614321537673685e-01	2.871682988734635678e-01	1.788421060123652762e-01	8.421876382751025680e-02	3.737251481954809162e-02	9.277421171398610167e-02
1.722246196061280898e+03	1.973013816757836214e-01	1.217167349190538955e-01	2.873993312969518321e-01	1.790004148206935375e-01	8.428702359270838496e-02	3.742090450698871973e-02	9.287420918774948186e-02
1.727083966274936301e+03	1.969421196481218328e-01	1.214734122343444633e-01	2.876289936442643635e-01	1.791578350642002992e-01	8.435491413630963331e-02	3.746906026645522442e-02	9.297366500623366337e-02
1.731921736488591478e+03	1.965848751033036357e-01	1.212314563633215408e-01	2.878572943100359827e-01	1.793143717563761008e-01	8.442243740730293045e-02	3.751698300772969563e-02	9.307258205185965638e-02
1.736759506702246881e+03	1.962296366927265001e-01	1.209908596133625891e-01	2.880842416352974444e-01	1.794700298819345563e-01	8.448959534474853594e-02	3.756467363995808634e-02	9.317096319190180942e-02
1.741597276915902057e+03	1.958763931318199536e-01	1.207516143352916349e-01	2.883098439078313757e-01	1.796248143969868816e-01	8.455638987782729266e-02	3.761213307160203578e-02	9.326881127857032661e-02
1.746435047129557461e+03	1.955251331996822051e-01	1.205137129231323850e-01	2.885341093625256592e-01	1.797787302292150891e-01	8.462282292588935162e-02	3.765936221039159482e-02	9.336612914909316052e-02
1.751272817343212637e+03	1.951758457387190449e-01	1.202771478138626865e-01	2.887570461817245415e-01	1.799317822780440168e-01	8.468889639850281370e-02	3.770636196327886019e-02	9.346291962579747481e-02
1.756110587556867813e+03	1.948285196542846320e-01	1.200419114871703469e-01	2.889786624955774097e-01	1.800839754148120808e-01	8.475461219550206593e-02	3.775313323639243462e-02	9.355918551619048229e-02
1.760948357770523216e+03	1.944831439143244189e-01	1.198079964652105089e-01	2.891989663823852919e-01	1.802353144829408615e-01	8.481997220703578477e-02	3.779967693499279580e-02	9.365492961303983899e-02
1.765786127984178393e+03	1.941397075490201296e-01	1.195753953123642743e-01	2.894179658689449153e-01	1.803858042981034138e-01	8.488497831361478674e-02	3.784599396342851196e-02	9.375015469445345528e-02
1.770623898197833569e+03	1.937981996504368198e-01	1.193441006349988398e-01	2.896356689308907106e-01	1.805354496483915772e-01	8.494963238615953205e-02	3.789208522509323468e-02	9.384486352395883524e-02
1.775461668411488745e+03	1.934586093721718525e-01	1.191141050812288688e-01	2.898520834930340406e-01	1.806842552944818714e-01	8.501393628604743402e-02	3.793795162238360053e-02	9.393905885058188854e-02
1.780299438625144376e+03	1.931209259290058988e-01	1.188854013406793614e-01	2.900672174297008743e-01	1.808322259698004475e-01	8.507789186515990476e-02	3.798359405665788918e-02	9.403274340892522898e-02
1.785137208838799552e+03	1.927851385965560771e-01	1.186579821442498711e-01	2.902810785650663528e-01	1.809793663806867348e-01	8.514150096592910943e-02	3.802901342819548641e-02	9.412591991924598722e-02
1.789974979052454728e+03	1.924512367109308675e-01	1.184318402638799700e-01	2.904936746734879671e-01	1.811256812065560606e-01	8.520476542138454012e-02	3.807421063615715889e-02	9.421859108753308232e-02
1.794812749266109904e+03	1.921192096683871919e-01	1.182069685123161712e-01	2.907050134798358498e-01	1.812711751000610216e-01	8.526768705519927050e-02	3.811918657854607845e-02	9.431075960558410465e-02
1.799650519479765535e+03	1.917890469249892982e-01	1.179833597428801700e-01	2.909151026598211232e-01	1.814158526872519384e-01	8.533026768173605781e-02	3.816394215216963731e-02	9.440242815108154661e-02
1.804488289693420711e+03	1.914607379962697531e-01	1.177610068492383893e-01	2.911239498403218051e-01	1.815597185677359227e-01	8.539250910609312573e-02	3.820847825260201974e-02	9.449359938766874190e-02
1.809326059907075887e+03	1.911342724568922402e-01	1.175399027651728157e-01	2.913315625997071612e-01	1.817027773148352232e-01	8.545441312414975288e-02	3.825279577414745363e-02	9.458427596502511081e-02
1.814163830120731291e+03	1.908096399403163557e-01	1.173200404643532785e-01	2.915379484681590583e-01	1.818450334757440723e-01	8.551598152261155605e-02	3.829689560980428786e-02	9.467446051894115588e-02
1.819001600334386467e+03	1.904868301384643470e-01	1.171014129601108955e-01	2.917431149279915426e-01	1.819864915716847553e-01	8.557721607905566241e-02	3.834077865122971496e-02	9.476415567139277740e-02
1.823839370548041643e+03	1.901658328013897115e-01	1.168840133052128638e-01	2.919470694139684741e-01	1.821271560980625981e-01	8.563811856197550698e-02	3.838444578870526397e-02	9.485336403061525590e-02
1.828677140761696819e+03	1.898466377369476543e-01	1.166678345916386389e-01	2.921498193136186083e-01	1.822670315246197048e-01	8.569869073082551914e-02	3.842789791110293174e-02	9.494208819117670728e-02
1.833514910975352450e+03	1.895292348104674618e-01	1.164528699503571962e-01	2.923513719675485123e-01	1.824061222955878914e-01	8.575893433606548988e-02	3.847113590585206355e-02	9.503033073405110776e-02
1.838352681189008081e+03	1.892136139444268728e-01	1.162391125511058193e-01	2.925517346697540932e-01	1.825444328298403973e-01	8.581885111920475873e-02	3.851416065890685830e-02	9.511809422669087466e-02
1.843190451402663257e+03	1.888997651181281712e-01	1.160265556021699007e-01	2.927509146679291852e-01	1.826819675210427374e-01	8.587844281284620629e-02	3.855697305471458836e-02	9.520538122309896156e-02
1.848028221616318433e+03	1.885876783673760826e-01	1.158151923501642283e-01	2.929489191637721923e-01	1.828187307378023319e-01	8.593771114072992767e-02	3.859957397618447167e-02	9.529219426390048153e-02
1.852865991829973609e+03	1.882773437841576414e-01	1.156050160798153953e-01	2.931457553132914007e-01	1.829547268238173874e-01	8.599665781777676710e-02	3.864196430465714760e-02	9.537853587641394182e-02
1.857703762043628785e+03	1.879687515163239453e-01	1.153960201137455011e-01	2.933414302271071250e-01	1.830899600980246400e-01	8.605528455013158884e-02	3.868414491987485354e-02	9.546440857472204833e-02
1.862541532257283961e+03	1.876618917672734921e-01	1.151881978122570455e-01	2.935359509707525794e-01	1.832244348547460155e-01	8.611359303520632613e-02	3.872611669995219830e-02	9.554981485974202438e-02
1.867379302470939592e+03	1.873567547956375146e-01	1.149815425731191970e-01	2.937293245649724716e-01	1.833581553638345685e-01	8.617158496172290516e-02	3.876788052134755302e-02	9.563475721929547146e-02
1.872217072684594768e+03	1.870533309149670365e-01	1.147760478313551019e-01	2.939215579860196548e-01	1.834911258708191439e-01	8.622926200975573885e-02	3.880943725883508055e-02	9.571923812817791088e-02
1.877054842898249490e+03	1.867516104934218157e-01	1.145717070590304837e-01	2.941126581659495032e-01	1.836233505970483737e-01	8.628662585077431779e-02	3.885078778547735451e-02	9.580326004822779795e-02
1.881892613111905121e+03	1.864515839534608699e-01	1.143685137650435613e-01	2.943026319929126777e-01	1.837548337398336173e-01	8.634367814768527383e-02	3.889193297259854742e-02	9.588682542839513379e-02
1.886730383325560297e+03	1.861532417715349996e-01	1.141664614949160078e-01	2.944914863114455605e-01	1.838855794725907378e-01	8.640042055487445749e-02	3.893287368975825030e-02	9.596993670480968852e-02
1.891568153539215928e+03	1.858565744777809225e-01	1.139655438305851587e-01	2.946792279227589129e-01	1.840155919449813215e-01	8.645685471824868240e-02	3.897361080472581257e-02	9.605259630084883593e-02
1.896405923752871104e+03	1.855615726557172385e-01	1.137657543901974960e-01	2.948658635850246457e-01	1.841448752830527336e-01	8.651298227527730311e-02	3.901414518345531351e-02	9.613480662720486070e-02
1.901243693966526507e+03	1.852682269419419769e-01	1.135670868279032436e-01	2.950514000136604809e-01	1.842734335893772835e-01	8.656880485503362643e-02	3.905447769006101938e-02	9.621657008195197425e-02
1.906081464180181683e+03	1.849765280258320599e-01	1.133695348336520442e-01	2.952358438816125030e-01	1.844012709431905317e-01	8.662432407823604519e-02	3.909460918679346503e-02	9.629788905061291426e-02
1.910919234393836859e+03	1.846864666492444573e-01	1.131730921329900663e-01	2.954192018196363234e-01	1.845283914005286241e-01	8.667954155728901933e-02	3.913454053401604210e-02	9.637876590622508621e-02
1.915757004607492036e+03	1.843980336062189251e-01	1.129777524868579852e-01	2.956014804165759124e-01	1.846547989943647661e-01	8.673445889632376560e-02	3.917427259018209373e-02	9.645920300940627468e-02
1.920594774821147894e+03	1.841112197426824082e-01	1.127835096913903240e-01	2.957826862196404338e-01	1.847804977347448918e-01	8.678907769123897498e-02	3.921380621181258519e-02	9.653920270842011875e-02
1.925432545034802843e+03	1.838260159561554419e-01	1.125903575777158355e-01	2.959628257346798574e-01	1.849054916089223344e-01	8.684339952974098886e-02	3.925314225347427410e-02	9.661876733924107397e-02
1.930270315248458019e+03	1.835424131954599136e-01	1.123982900117590916e-01	2.961419054264576856e-01	1.850297845814916076e-01	8.689742599138411405e-02	3.929228156775836645e-02	9.669789922561899953e-02
1.935108085462113195e+03	1.832604024604286563e-01	1.122073008940431410e-01	2.963199317189229576e-01	1.851533805945214661e-01	8.695115864761049362e-02	3.933122500525972065e-02	9.677660067914335695e-02
1.939945855675768371e+03	1.829799748016165406e-01	1.120173841594933883e-01	2.964969109954794790e-01	1.852762835676869391e-01	8.700459906178989455e-02	3.936997341455650279e-02	9.685487399930707564e-02
1.944783625889424002e+03	1.827011213200133988e-01	1.118285337772424587e-01	2.966728495992536074e-01	1.853984973984006412e-01	8.705774878925932880e-02	3.940852764219036908e-02	9.693272147357001600e-02
1.949621396103079178e+03	1.824238331667585589e-01	1.116407437504363803e-01	2.968477538333601506e-01	1.855200259619432246e-01	8.711060937736239684e-02	3.944688853264707862e-02	9.701014537742200239e-02
1.954459166316734354e+03	1.821481015428568495e-01	1.114540081160416835e-01	2.970216299611667110e-01	1.856408731115928579e-01	8.716318236548849241e-02	3.948505692833764041e-02	9.708714797444560618e-02
1.959296936530389530e+03	1.818739176988963535e-01	1.112683209446536786e-01	2.971944842065556425e-01	1.857610426787540403e-01	8.721546928511181296e-02	3.952303366957987674e-02	9.716373151637842931e-02
1.964134706744044706e+03	1.816012729347678822e-01	1.110836763403058591e-01	2.973663227541848419e-01	1.858805384730855548e-01	8.726747165983016197e-02	3.956081959458045832e-02	9.723989824317511022e-02
1.968972476957700337e+03	1.813301585993858100e-01	1.109000684402803444e-01	2.975371517497463758e-01	1.859993642826274773e-01	8.731919100540355694e-02	3.959841553941739756e-02	9.731565038306894122e-02
1.973810247171355968e+03	1.810605660904105185e-01	1.107174914149194611e-01	2.977069773002235520e-01	1.861175238739275484e-01	8.737062882979274026e-02	3.963582233802299959e-02	9.739099015263311121e-02
1.978648017385010689e+03	1.807924868539727559e-01	1.105359394674383655e-01	2.978758054741460493e-01	1.862350209921666833e-01	8.742178663319731535e-02	3.967304082216721595e-02	9.746591975684162912e-02
1.983485787598666320e+03	1.805259123843991342e-01	1.103554068337387062e-01	2.980436423018433811e-01	1.863518593612835950e-01	8.747266590809392450e-02	3.971007182144144221e-02	9.754044138912981721e-02
1.988323557812321269e+03	1.802608342239395145e-01	1.101758877822234667e-01	2.982104937756967500e-01	1.864680426840987504e-01	8.752326813927409355e-02	3.974691616324278753e-02	9.761455723145458230e-02
1.993161328025976900e+03	1.799972439624957787e-01	1.099973766136126963e-01	2.983763658503891802e-01	1.865835746424374941e-01	8.757359480388192396e-02	3.978357467275865644e-02	9.768826945435420128e-02
1.997999098239632076e+03	1.797351332373521016e-01	1.098198676607604757e-01	2.985412644431535978e-01	1.866984588972523673e-01	8.762364737145163229e-02	3.982004817295185795e-02	9.776158021700787071e-02
2.002836868453287707e+03	1.794744937329070256e-01	1.096433552884727575e-01	2.987051954340197435e-01	1.868126990887445937e-01	8.767342730394490913e-02	3.985633748454605468e-02	9.783449166729479840e-02
2.007674638666942428e+03	1.792153171804067580e-01	1.094678338933264411e-01	2.988681646660589220e-01	1.869262988364850386e-01	8.772293605578804221e-02	3.989244342601160759e-02	9.790700594185310079e-02
2.012512408880597604e+03	1.789575953576801881e-01	1.092932979034892810e-01	2.990301779456272513e-01	1.870392617395341406e-01	8.777217507390892848e-02	3.992836681355185074e-02	9.797912516613825618e-02
2.017350179094252780e+03	1.787013200888753206e-01	1.091197417785409463e-01	2.991912410426075808e-01	1.871515913765611772e-01	8.782114579777387797e-02	3.996410846108972709e-02	9.805085145448123873e-02
2.022187949307908411e+03	1.784464832441972071e-01	1.089471600092951215e-01	2.993513596906491880e-01	1.872632913059628923e-01	8.786984965942427894e-02	3.999966918025481266e-02	9.812218691014634731e-02
2.027025719521564042e+03	1.781930767396474324e-01	1.087755471176224953e-01	2.995105395874061993e-01	1.873743650659812077e-01	8.791828808351302704e-02	4.003504978037069478e-02	9.819313362538871492e-02
2.031863489735218764e+03	1.779410925367651275e-01	1.086048976562748875e-01	2.996687863947744002e-01	1.874848161748202957e-01	8.796646248734080187e-02	4.007025106844276652e-02	9.826369368151144368e-02
2.036701259948874394e+03	1.776905226423692863e-01	1.084352062087103052e-01	2.998261057391262141e-01	1.875946481307628755e-01	8.801437428089223247e-02	4.010527384914632648e-02	9.833386914892246200e-02
2.041539030162529116e+03	1.774413591083026098e-01	1.082664673889191242e-01	2.999825032115442935e-01	1.877038644122858424e-01	8.806202486687175757e-02	4.014011892481508109e-02	9.840366208719103502e-02
2.046376800376184747e+03	1.771935940311770430e-01	1.080986758412510601e-01	3.001379843680530568e-01	1.878124684781751763e-01	8.810941564073951349e-02	4.017478709542999377e-02	9.847307454510394187e-02
2.051214570589840150e+03	1.769472195521203661e-01	1.079318262402432643e-01	3.002925547298495035e-01	1.879204637676399892e-01	8.815654799074681969e-02	4.020927915860843943e-02	9.854210856072141700e-02
2.056052340803495554e+03	1.767022278565245630e-01	1.077659132904493777e-01	3.004462197835316983e-01	1.880278537004260175e-01	8.820342329797170589e-02	4.024359590959375454e-02	9.861076616143264750e-02
2.060890111017150957e+03	1.764586111737954655e-01	1.076009317262696108e-01	3.005989849813259784e-01	1.881346416769284491e-01	8.825004293635412000e-02	4.027773814124508550e-02	9.867904936401110383e-02
2.065727881230805451e+03	1.762163617771038138e-01	1.074368763117816566e-01	3.007508557413124395e-01	1.882408310783038330e-01	8.829640827273105286e-02	4.031170664402759785e-02	9.874696017466944031e-02
2.070565651444461309e+03	1.759754719831377601e-01	1.072737418405726589e-01	3.009018374476493674e-01	1.883464252665814909e-01	8.834252066687148242e-02	4.034550220600296305e-02	9.881450058911417367e-02
2.075403421658116713e+03	1.757359341518569540e-01	1.071115231355722341e-01	3.010519354507952827e-01	1.884514275847741505e-01	8.838838147151113767e-02	4.037912561282022694e-02	9.888167259259994513e-02
2.080241191871772116e+03	1.754977406862476275e-01	1.069502150488862297e-01	3.012011550677304861e-01	1.885558413569879133e-01	8.843399203238708206e-02	4.041257764770694177e-02	9.894847815998365770e-02
2.085078962085427065e+03	1.752608840320794836e-01	1.067898124616315919e-01	3.013495015821761602e-01	1.886596698885316670e-01	8.847935368827217206e-02	4.044585909146063141e-02	9.901491925577814157e-02
2.089916732299082469e+03	1.750253566776637792e-01	1.066303102837721367e-01	3.014969802448128067e-01	1.887629164660255821e-01	8.852446777100936304e-02	4.047897072244056871e-02	9.908099783420562523e-02
2.094754502512737417e+03	1.747911511536128226e-01	1.064717034539552493e-01	3.016435962734963505e-01	1.888655843575089699e-01	8.856933560554577922e-02	4.051191331655983052e-02	9.914671583925088738e-02
2.099592272726392821e+03	1.745582600326007205e-01	1.063139869393495418e-01	3.017893548534733572e-01	1.889676768125478079e-01	8.861395850996672818e-02	4.054468764727765795e-02	9.921207520471404806e-02
2.104430042940048224e+03	1.743266759291257351e-01	1.061571557354833578e-01	3.019342611375947505e-01	1.890691970623411822e-01	8.865833779552947935e-02	4.057729448559212193e-02	9.927707785426322096e-02
2.109267813153704083e+03	1.740963914992737505e-01	1.060012048660843031e-01	3.020783202465277539e-01	1.891701483198273415e-01	8.870247476669686215e-02	4.060973460003305946e-02	9.934172570148670778e-02
2.114105583367359031e+03	1.738673994404832668e-01	1.058461293829196237e-01	3.022215372689667778e-01	1.892705337797890297e-01	8.874637072117082248e-02	4.064200875665530122e-02	9.940602064994501219e-02
2.118943353581013525e+03	1.736396924913115314e-01	1.056919243656375546e-01	3.023639172618423077e-01	1.893703566189580412e-01	8.879002694992570166e-02	4.067411771903213513e-02	9.946996459322254847e-02
2.123781123794669384e+03	1.734132634312022525e-01	1.055385849216094740e-01	3.025054652505290154e-01	1.894696199961194150e-01	8.883344473724143209e-02	4.070606224824911690e-02	9.953355941497905868e-02
2.128618894008324787e+03	1.731881050802545063e-01	1.053861061857730430e-01	3.026461862290520943e-01	1.895683270522147967e-01	8.887662536073653863e-02	4.073784310289808863e-02	9.959680698900073847e-02
2.133456664221980191e+03	1.729642102989928099e-01	1.052344833204762603e-01	3.027860851602920955e-01	1.896664809104450511e-01	8.891957009140100121e-02	4.076946103907149593e-02	9.965970917925107142e-02
2.138294434435635139e+03	1.727415719881388034e-01	1.050837115153222673e-01	3.029251669761886534e-01	1.897640846763726519e-01	8.896228019362895090e-02	4.080091681035691309e-02	9.972226783992148291e-02
2.143132204649290543e+03	1.725201830883840715e-01	1.049337859870152212e-01	3.030634365779426576e-01	1.898611414380230178e-01	8.900475692525125493e-02	4.083221116783191523e-02	9.978448481548159166e-02
2.147969974862945492e+03	1.723000365801641287e-01	1.047847019792069040e-01	3.032008988362170365e-01	1.899576542659854317e-01	8.904700153756789360e-02	4.086334486005910316e-02	9.984636194072925297e-02
2.152807745076601350e+03	1.720811254834339610e-01	1.046364547623443164e-01	3.033375585913360983e-01	1.900536262135134602e-01	8.908901527538019838e-02	4.089431863308144038e-02	9.990790104084035228e-02
2.157645515290255844e+03	1.718634428574446205e-01	1.044890396335180077e-01	3.034734206534837053e-01	1.901490603166244575e-01	8.913079937702299282e-02	4.092513323041777756e-02	9.996910393141826556e-02
2.162483285503912157e+03	1.716469818005213477e-01	1.043424519163114184e-01	3.036084898029000056e-01	1.902439595941987638e-01	8.917235507439653930e-02	4.095578939305869609e-02	1.000299724185431394e-01
2.167321055717567106e+03	1.714317354498424428e-01	1.041966869606509305e-01	3.037427707900767770e-01	1.903383270480780987e-01	8.921368359299827744e-02	4.098628785946251130e-02	1.000905082988208100e-01
2.172158825931222509e+03	1.712176969812202465e-01	1.040517401426569732e-01	3.038762683359516048e-01	1.904321656631634829e-01	8.925478615195453491e-02	4.101662936555154626e-02	1.001507133594315146e-01
2.176996596144877003e+03	1.710048596088823147e-01	1.039076068644957107e-01	3.040089871321003390e-01	1.905254784075124663e-01	8.929566396405204387e-02	4.104681464470861380e-02	1.002105893781783663e-01
2.181834366358532861e+03	1.707932165852548423e-01	1.037642825542318403e-01	3.041409318409287743e-01	1.906182682324359390e-01	8.933631823576923536e-02	4.107684442777374129e-02	1.002701381235355238e-01
2.186672136572187810e+03	1.705827612007465577e-01	1.036217626656820573e-01	3.042721070958624985e-01	1.907105380725940547e-01	8.937675016730750599e-02	4.110671944304108982e-02	1.003293613546960561e-01
2.191509906785843214e+03	1.703734867835342559e-01	1.034800426782694072e-01	3.044025175015360185e-01	1.908022908460919875e-01	8.941696095262230415e-02	4.113644041625611619e-02	1.003882608216197375e-01
2.196347676999498617e+03	1.701653866993494690e-01	1.033391180968784850e-01	3.045321676339799444e-01	1.908935294545746897e-01	8.945695177945393872e-02	4.116600807061293610e-02	1.004468382650803571e-01
2.201185447213154021e+03	1.699584543512663026e-01	1.031989844517114258e-01	3.046610620408074510e-01	1.909842567833213434e-01	8.949672382935852655e-02	4.119542312675188167e-02	1.005050954167129446e-01
2.206023217426809424e+03	1.697526831794904656e-01	1.030596372981447406e-01	3.047892052413991304e-01	1.910744757013391470e-01	8.953627827773846803e-02	4.122468630275730878e-02	1.005630339990606220e-01
2.210860987640464373e+03	1.695480666611495768e-01	1.029210722165869590e-01	3.049166017270867890e-01	1.911641890614566852e-01	8.957561629387303381e-02	4.125379831415552229e-02	1.006206557256213441e-01
2.215698757854119776e+03	1.693445983100845820e-01	1.027832848123371168e-01	3.050432559613358019e-01	1.912533997004164654e-01	8.961473904094867382e-02	4.128275987391302748e-02	1.006779623008942498e-01
2.220536528067775180e+03	1.691422716766424750e-01	1.026462707154439102e-01	3.051691723799264677e-01	1.913421104389670946e-01	8.965364767608924312e-02	4.131157169243483696e-02	1.007349554204259173e-01
2.225374298281430583e+03	1.689410803474699907e-01	1.025100255805658916e-01	3.052943553911338093e-01	1.914303240819549279e-01	8.969234335038607508e-02	4.134023447756307590e-02	1.007916367708562022e-01
2.230212068495085077e+03	1.687410179453086578e-01	1.023745450868322471e-01	3.054188093759064304e-01	1.915180434184149960e-01	8.973082720892791575e-02	4.136874893457571922e-02	1.008480080299639786e-01
2.235049838708740936e+03	1.685420781287910175e-01	1.022398249377044627e-01	3.055425386880441518e-01	1.916052712216615161e-01	8.976910039083067783e-02	4.139711576618553684e-02	1.009040708667126029e-01
2.239887608922396339e+03	1.683442545922378131e-01	1.021058608608387958e-01	3.056655476543741479e-01	1.916920102493778755e-01	8.980716402926709752e-02	4.142533567253920551e-02	1.009598269412950305e-01
2.244725379136052197e+03	1.681475410654565961e-01	1.019726486079494399e-01	3.057878405749260842e-01	1.917782632437060319e-01	8.984501925149630808e-02	4.145340935121662879e-02	1.010152779051788907e-01
2.249563149349706237e+03	1.679519313135412195e-01	1.018401839546725779e-01	3.059094217231061452e-01	1.918640329313353321e-01	8.988266717889312196e-02	4.148133749723040276e-02	1.010704254011511871e-01
2.254400919563362095e+03	1.677574191366725531e-01	1.017084627004311154e-01	3.060302953458697850e-01	1.919493220235908570e-01	8.992010892697736846e-02	4.150912080302545520e-02	1.011252710633627899e-01
2.259238689777017044e+03	1.675639983699206137e-01	1.015774806683002601e-01	3.061504656638931454e-01	1.920341332165213799e-01	8.995734560544291214e-02	4.153675995847889990e-02	1.011798165173727060e-01
2.264076459990672902e+03	1.673716628830472786e-01	1.014472337048738237e-01	3.062699368717437531e-01	1.921184691909863518e-01	8.999437831818665745e-02	4.156425565089997415e-02	1.012340633801921130e-01
