1.001418434226643626e+03	2.819565495604495209e-01	1.784931080667115644e-01	2.337408503456063491e-01	1.411991936963588601e-01	6.816773466823053407e-02	2.733093487746778363e-02	6.911162878510176966e-02
1.002869765290740247e+03	2.817056888026752137e-01	1.783241169872438192e-01	2.339186069777647869e-01	1.413047767560227375e-01	6.821152643162040063e-02	2.735853731947989267e-02	6.917674672511950340e-02
1.004321096354836754e+03	2.814552520443930894e-01	1.781554115819393713e-01	2.340960557909390893e-01	1.414101683732291725e-01	6.825524624173480437e-02	2.738610703871079133e-02	6.924175892898008777e-02
1.005772427418933376e+03	2.812052385657815567e-01	1.779869913672973425e-01	2.342731973082616270e-01	1.415153689483011901e-01	6.829889421751093870e-02	2.741364402921597082e-02	6.930666556355788432e-02
1.007223758483029997e+03	2.809556476482767962e-01	1.778188558606182135e-01	2.344500320519764258e-01	1.416203788805157349e-01	6.834247047769663463e-02	2.744114828534480535e-02	6.937146679549792416e-02
1.008675089547126618e+03	2.807064785745702062e-01	1.776510045800030191e-01	2.346265605434407764e-01	1.417251985681072524e-01	6.838597514085052731e-02	2.746861980173872370e-02	6.943616279121601897e-02
1.010126420611223239e+03	2.804577306286054617e-01	1.774834370443523768e-01	2.348027833031267608e-01	1.418298284082712413e-01	6.842940832534233353e-02	2.749605857332942591e-02	6.950075371689892756e-02
1.011577751675319632e+03	2.802094030955756820e-01	1.773161527733657372e-01	2.349787008506227515e-01	1.419342687971676120e-01	6.847277014935307382e-02	2.752346459533707226e-02	6.956523973850456399e-02
1.013029082739416367e+03	2.799614952619207675e-01	1.771491512875405516e-01	2.351543137046349652e-01	1.420385201299243505e-01	6.851606073087528059e-02	2.755083786326850692e-02	6.962962102176208090e-02
1.014480413803512761e+03	2.797140064153243455e-01	1.769824321081714114e-01	2.353296223829889344e-01	1.421425828006409875e-01	6.855928018771327570e-02	2.757817837291547808e-02	6.969389773217203599e-02
1.015931744867609382e+03	2.794669358447115504e-01	1.768159947573490209e-01	2.355046274026311171e-01	1.422464572023919571e-01	6.860242863748337860e-02	2.760548612035285815e-02	6.975807003500658632e-02
1.017383075931706003e+03	2.792202828402458037e-01	1.766498387579594487e-01	2.356793292796303396e-01	1.423501437272302050e-01	6.864550619761412842e-02	2.763276110193690210e-02	6.982213809530959936e-02
1.018834406995802851e+03	2.789740466933263163e-01	1.764839636336832940e-01	2.358537285291794072e-01	1.424536427661904914e-01	6.868851298534654759e-02	2.766000331430348499e-02	6.988610207789681950e-02
1.020285738059899245e+03	2.787282266965855904e-01	1.763183689089945216e-01	2.360278256655965745e-01	1.425569547092928879e-01	6.873144911773435006e-02	2.768721275436636375e-02	6.994996214735604845e-02
1.021737069123995752e+03	2.784828221438863660e-01	1.761530541091597679e-01	2.362016212023269890e-01	1.426600799455462754e-01	6.877431471164421883e-02	2.771438941931544248e-02	7.001371846804731180e-02
1.023188400188092373e+03	2.782378323303191237e-01	1.759880187602373691e-01	2.363751156519443564e-01	1.427630188629515628e-01	6.881710988375597249e-02	2.774153330661505504e-02	7.007737120410294229e-02
1.024639731252188767e+03	2.779932565521995858e-01	1.758232623890764179e-01	2.365483095261522728e-01	1.428657718485051853e-01	6.885983475056289826e-02	2.776864441400223038e-02	7.014092051942778794e-02
1.026091062316285615e+03	2.777490941070659414e-01	1.756587845233157641e-01	2.367212033357858625e-01	1.429683392882024895e-01	6.890248942837187696e-02	2.779572273948500635e-02	7.020436657769940636e-02
1.027542393380382237e+03	2.775053442936763481e-01	1.754945846913831820e-01	2.368937975908132765e-01	1.430707215670410093e-01	6.894507403330371598e-02	2.782276828134072275e-02	7.026770954236816191e-02
1.028993724444478858e+03	2.772620064120061012e-01	1.753306624224943155e-01	2.370660928003369972e-01	1.431729190690239073e-01	6.898758868129332977e-02	2.784978103811432820e-02	7.033094957665741997e-02
1.030445055508575479e+03	2.770190797632453572e-01	1.751670172466517350e-01	2.372380894725956701e-01	1.432749321771631945e-01	6.903003348809004514e-02	2.787676100861670447e-02	7.039408684356368573e-02
1.031896386572671872e+03	2.767765636497964699e-01	1.750036486946440206e-01	2.374097881149652145e-01	1.433767612734831165e-01	6.907240856925775385e-02	2.790370819192299068e-02	7.045712150585677069e-02
1.033347717636768493e+03	2.765344573752713253e-01	1.748405562980447359e-01	2.375811892339607101e-01	1.434784067390234841e-01	6.911471404017521802e-02	2.793062258737091796e-02	7.052005372607998701e-02
1.034799048700865114e+03	2.762927602444889552e-01	1.746777395892114004e-01	2.377522933352374523e-01	1.435798689538428929e-01	6.915695001603629211e-02	2.795750419455915806e-02	7.058288366655024459e-02
1.036250379764961508e+03	2.760514715634729277e-01	1.745151981012846021e-01	2.379231009235928118e-01	1.436811482970219711e-01	6.919911661185011720e-02	2.798435301334566833e-02	7.064561148935827317e-02
1.037701710829058356e+03	2.758105906394489049e-01	1.743529313681869419e-01	2.380936125029675388e-01	1.437822451466667373e-01	6.924121394244145411e-02	2.801116904384605075e-02	7.070823735636876106e-02
1.039153041893154750e+03	2.755701167808420893e-01	1.741909389246220075e-01	2.382638285764472064e-01	1.438831598799118205e-01	6.928324212245087765e-02	2.803795228643193860e-02	7.077076142922050783e-02
1.040604372957251599e+03	2.753300492972747815e-01	1.740292203060734011e-01	2.384337496462637651e-01	1.439838928729236245e-01	6.932520126633499868e-02	2.806470274172934848e-02	7.083318386932659083e-02
1.042055704021347992e+03	2.750903874995638820e-01	1.738677750488037410e-01	2.386033762137969860e-01	1.440844445009036023e-01	6.936709148836670003e-02	2.809142041061708436e-02	7.089550483787454560e-02
1.043507035085444613e+03	2.748511306997185044e-01	1.737066026898535509e-01	2.387727087795759318e-01	1.441848151380914489e-01	6.940891290263542790e-02	2.811810529422512778e-02	7.095772449582651853e-02
1.044958366149541234e+03	2.746122782109375327e-01	1.735457027670403440e-01	2.389417478432804554e-01	1.442850051577682924e-01	6.945066562304744173e-02	2.814475739393303144e-02	7.101984300391944727e-02
1.046409697213637855e+03	2.743738293476070678e-01	1.733850748189575408e-01	2.391104939037425603e-01	1.443850149322599141e-01	6.949234976332596680e-02	2.817137671136833721e-02	7.108186052266518562e-02
1.047861028277734476e+03	2.741357834252980408e-01	1.732247183849734140e-01	2.392789474589479826e-01	1.444848448329398571e-01	6.953396543701154120e-02	2.819796324840499052e-02	7.114377721235075336e-02
1.049312359341831097e+03	2.738981397607640478e-01	1.730646330052300341e-01	2.394471090060375229e-01	1.445844952302326181e-01	6.957551275746221009e-02	2.822451700716176529e-02	7.120559323303837784e-02
1.050763690405927491e+03	2.736608976719386854e-01	1.729048182206422424e-01	2.396149790413086289e-01	1.446839664936167558e-01	6.961699183785372003e-02	2.825103799000070262e-02	7.126730874456577158e-02
1.052215021470024112e+03	2.734240564779333305e-01	1.727452735728967070e-01	2.397825580602167828e-01	1.447832589916279999e-01	6.965840279117989364e-02	2.827752619952554614e-02	7.132892390654625714e-02
1.053666352534120733e+03	2.731876154990344752e-01	1.725859986044506744e-01	2.399498465573769446e-01	1.448823730918624986e-01	6.969974573025278231e-02	2.830398163858019109e-02	7.139043887836893365e-02
1.055117683598217127e+03	2.729515740567018955e-01	1.724269928585309974e-01	2.401168450265649401e-01	1.449813091609797322e-01	6.974102076770288816e-02	2.833040431024715436e-02	7.145185381919887113e-02
1.056569014662313975e+03	2.727159314735658202e-01	1.722682558791331364e-01	2.402835539607190984e-01	1.450800675647057336e-01	6.978222801597948333e-02	2.835679421784602708e-02	7.151316888797722149e-02
1.058020345726410369e+03	2.724806870734247655e-01	1.721097872110199378e-01	2.404499738519414176e-01	1.451786486678360577e-01	6.982336758735083193e-02	2.838315136493195501e-02	7.157438424342144057e-02
1.059471676790506763e+03	2.722458401812434814e-01	1.719515863997206628e-01	2.406161051914992299e-01	1.452770528342390288e-01	6.986443959390438441e-02	2.840947575529411198e-02	7.163550004402545468e-02
1.060923007854603611e+03	2.720113901231501208e-01	1.717936529915300159e-01	2.407819484698265344e-01	1.453752804268585719e-01	6.990544414754711056e-02	2.843576739295419417e-02	7.169651644805979940e-02
1.062374338918700232e+03	2.717773362264344073e-01	1.716359865335067569e-01	2.409475041765254399e-01	1.454733318077174320e-01	6.994638136000565221e-02	2.846202628216491781e-02	7.175743361357182770e-02
1.063825669982796853e+03	2.715436778195448042e-01	1.714785865734729520e-01	2.411127728003675530e-01	1.455712073379200611e-01	6.998725134282665628e-02	2.848825242740852040e-02	7.181825169838587652e-02
1.065277001046893474e+03	2.713104142320869050e-01	1.713214526600126131e-01	2.412777548292955043e-01	1.456689073776556709e-01	7.002805420737694131e-02	2.851444583339527578e-02	7.187897086010339165e-02
1.066728332110990095e+03	2.710775447948208239e-01	1.711645843424708380e-01	2.414424507504243089e-01	1.457664322862013695e-01	7.006879006484383055e-02	2.854060650506200919e-02	7.193959125610319139e-02
1.068179663175086489e+03	2.708450688396586425e-01	1.710079811709525610e-01	2.416068610500427538e-01	1.458637824219249091e-01	7.010945902623531845e-02	2.856673444757062280e-02	7.200011304354154984e-02
1.069630994239183110e+03	2.706129856996626892e-01	1.708516426963214985e-01	2.417709862136148968e-01	1.459609581422878222e-01	7.015006120238036214e-02	2.859282966630664197e-02	7.206053637935241896e-02
1.071082325303279504e+03	2.703812947090429852e-01	1.706955684701990661e-01	2.419348267257813989e-01	1.460579598038484195e-01	7.019059670392913119e-02	2.861889216687774073e-02	7.212086142024759505e-02
1.072533656367376352e+03	2.701499952031551355e-01	1.705397580449631856e-01	2.420983830703609951e-01	1.461547877622646485e-01	7.023106564135321583e-02	2.864492195511229855e-02	7.218108832271688535e-02
1.073984987431472746e+03	2.699190865184979415e-01	1.703842109737473687e-01	2.422616557303518825e-01	1.462514423722969803e-01	7.027146812494590444e-02	2.867091903705796391e-02	7.224121724302827452e-02
1.075436318495569594e+03	2.696885679927113477e-01	1.702289268104394404e-01	2.424246451879331354e-01	1.463479239878115457e-01	7.031180426482244727e-02	2.869688341898021106e-02	7.230124833722814670e-02
1.076887649559666215e+03	2.694584389645742206e-01	1.700739051096804566e-01	2.425873519244660936e-01	1.464442329617828831e-01	7.035207417092026461e-02	2.872281510736090712e-02	7.236118176114142431e-02
1.078338980623762609e+03	2.692286987740021842e-01	1.699191454268636492e-01	2.427497764204957498e-01	1.465403696462968253e-01	7.039227795299922430e-02	2.874871410889690351e-02	7.242101767037173454e-02
1.079790311687859230e+03	2.689993467620451773e-01	1.697646473181332327e-01	2.429119191557522206e-01	1.466363343925535800e-01	7.043241572064184997e-02	2.877458043049860997e-02	7.248075622030161758e-02
1.081241642751955851e+03	2.687703822708855661e-01	1.696104103403833774e-01	2.430737806091520514e-01	1.467321275508703948e-01	7.047248758325364015e-02	2.880041407928859640e-02	7.254039756609267919e-02
1.082692973816052472e+03	2.685418046438357575e-01	1.694564340512570433e-01	2.432353612587996872e-01	1.468277494706845543e-01	7.051249365006326264e-02	2.882621506260018771e-02	7.259994186268581284e-02
1.084144304880149093e+03	2.683136132253364226e-01	1.693027180091447870e-01	2.433966615819887769e-01	1.469232005005561836e-01	7.055243403012277648e-02	2.885198338797607606e-02	7.265938926480129678e-02
1.085595635944245487e+03	2.680858073609537762e-01	1.691492617731837622e-01	2.435576820552036725e-01	1.470184809881711907e-01	7.059230883230797893e-02	2.887771906316692616e-02	7.271873992693907163e-02
1.087046967008342108e+03	2.678583863973778012e-01	1.689960649032565265e-01	2.437184231541207058e-01	1.471135912803438750e-01	7.063211816531854426e-02	2.890342209613001173e-02	7.277799400337885138e-02
1.088498298072438729e+03	2.676313496824200833e-01	1.688431269599899309e-01	2.438788853536096868e-01	1.472085317230200918e-01	7.067186213767832903e-02	2.892909249502783817e-02	7.283715164818034549e-02
1.089949629136535123e+03	2.674046965650116459e-01	1.686904475047539265e-01	2.440390691277351809e-01	1.473033026612797503e-01	7.071154085773562192e-02	2.895473026822677556e-02	7.289621301518338370e-02
1.091400960200631971e+03	2.671784263952007299e-01	1.685380260996605650e-01	2.441989749497578965e-01	1.473979044393398108e-01	7.075115443366336576e-02	2.898033542429570217e-02	7.295517825800817979e-02
1.092852291264728365e+03	2.669525385241508508e-01	1.683858623075627503e-01	2.443586032921361284e-01	1.474923374005569499e-01	7.079070297345947671e-02	2.900590797200465823e-02	7.301404753005542869e-02
1.094303622328825213e+03	2.667270323041385782e-01	1.682339556920531276e-01	2.445179546265270898e-01	1.475866018874304186e-01	7.083018658494694142e-02	2.903144792032350680e-02	7.307282098450655627e-02
1.095754953392921607e+03	2.665019070885515373e-01	1.680823058174630846e-01	2.446770294237882726e-01	1.476806982416047909e-01	7.086960537577424724e-02	2.905695527842057369e-02	7.313149877432384427e-02
1.097206284457018228e+03	2.662771622318860221e-01	1.679309122488613082e-01	2.448358281539787795e-01	1.477746268038727107e-01	7.090895945341549322e-02	2.908243005566135686e-02	7.319008105225069394e-02
1.098657615521114849e+03	2.660527970897452743e-01	1.677797745520529238e-01	2.449943512863608786e-01	1.478683879141776403e-01	7.094824892517070936e-02	2.910787226160718028e-02	7.324856797081169546e-02
1.100108946585211470e+03	2.658288110188373188e-01	1.676288922935783299e-01	2.451525992894010852e-01	1.479619819116166635e-01	7.098747389816612019e-02	2.913328190601386855e-02	7.330695968231294712e-02
1.101560277649308091e+03	2.656052033769728538e-01	1.674782650407118656e-01	2.453105726307717449e-01	1.480554091344430390e-01	7.102663447935431140e-02	2.915865899883046675e-02	7.336525633884212472e-02
1.103011608713404712e+03	2.653819735230629751e-01	1.673278923614608671e-01	2.454682717773522260e-01	1.481486699200690871e-01	7.106573077551453510e-02	2.918400355019791156e-02	7.342345809226873132e-02
1.104462939777501106e+03	2.651591208171175662e-01	1.671777738245644462e-01	2.456256971952304469e-01	1.482417646050687987e-01	7.110476289325297350e-02	2.920931557044775459e-02	7.348156509424426386e-02
1.105914270841597499e+03	2.649366446202429670e-01	1.670279089994924082e-01	2.457828493497041245e-01	1.483346935251805832e-01	7.114373093900293321e-02	2.923459507010086472e-02	7.353957749620237960e-02
1.107365601905694348e+03	2.647145442946398641e-01	1.668782974564440025e-01	2.459397287052820791e-01	1.484274570153098771e-01	7.118263501902513668e-02	2.925984205986615141e-02	7.359749544935914600e-02
1.108816932969790741e+03	2.644928192036015147e-01	1.667289387663467848e-01	2.460963357256857054e-01	1.485200554095318370e-01	7.122147523940798586e-02	2.928505655063927751e-02	7.365531910471316557e-02
1.110268264033887590e+03	2.642714687115114147e-01	1.665798325008556457e-01	2.462526708738502768e-01	1.486124890410940591e-01	7.126025170606775649e-02	2.931023855350140678e-02	7.371304861304575629e-02
1.111719595097984211e+03	2.640504921838415231e-01	1.664309782323514508e-01	2.464087346119261668e-01	1.487047582424191605e-01	7.129896452474886182e-02	2.933538807971793061e-02	7.377068412492122917e-02
1.113170926162080832e+03	2.638298889871500963e-01	1.662823755339399856e-01	2.465645274012804034e-01	1.487968633451074441e-01	7.133761380102415783e-02	2.936050514073721557e-02	7.382822579068695767e-02
1.114622257226177226e+03	2.636096584890799122e-01	1.661340239794509011e-01	2.467200497024978068e-01	1.488888046799395071e-01	7.137619964029510988e-02	2.938558974818935438e-02	7.388567376047365520e-02
1.116073588290273847e+03	2.633898000583559940e-01	1.659859231434362981e-01	2.468753019753824884e-01	1.489805825768789338e-01	7.141472214779207017e-02	2.941064191388492732e-02	7.394302818419552781e-02
1.117524919354370468e+03	2.631703130647837785e-01	1.658380726011699224e-01	2.470302846789590445e-01	1.490721973650747656e-01	7.145318142857455535e-02	2.943566164981375674e-02	7.400028921155046846e-02
1.118976250418467089e+03	2.629511968792469512e-01	1.656904719286457772e-01	2.471849982714739991e-01	1.491636493728641655e-01	7.149157758753149627e-02	2.946064896814368228e-02	7.405745699202026522e-02
1.120427581482563710e+03	2.627324508737057251e-01	1.655431207025770401e-01	2.473394432103970531e-01	1.492549389277750826e-01	7.152991072938140460e-02	2.948560388121933967e-02	7.411453167487075389e-02
1.121878912546660331e+03	2.625140744211945654e-01	1.653960185003949535e-01	2.474936199524224723e-01	1.493460663565286950e-01	7.156818095867271967e-02	2.951052640156093601e-02	7.417151340915205393e-02
1.123330243610756725e+03	2.622960668958205233e-01	1.652491649002476581e-01	2.476475289534703916e-01	1.494370319850420736e-01	7.160638837978400284e-02	2.953541654186305279e-02	7.422840234369873502e-02
1.124781574674853118e+03	2.620784276727611828e-01	1.651025594809989172e-01	2.478011706686880367e-01	1.495278361384306531e-01	7.164453309692420113e-02	2.956027431499342467e-02	7.428519862713001132e-02
1.126232905738949967e+03	2.618611561282624955e-01	1.649562018222272552e-01	2.479545455524512498e-01	1.496184791410108961e-01	7.168261521413291093e-02	2.958509973399175291e-02	7.434190240784992187e-02
1.127684236803046360e+03	2.616442516396370044e-01	1.648100915042245151e-01	2.481076540583656287e-01	1.497089613163027078e-01	7.172063483528057226e-02	2.960989281206851537e-02	7.439851383404756657e-02
1.129135567867143209e+03	2.614277135852620115e-01	1.646642281079948866e-01	2.482604966392679136e-01	1.497992829870319620e-01	7.175859206406876023e-02	2.963465356260376257e-02	7.445503305369724489e-02
1.130586898931239830e+03	2.612115413445772472e-01	1.645186112152536573e-01	2.484130737472272366e-01	1.498894444751331934e-01	7.179648700403044870e-02	2.965938199914595202e-02	7.451146021455873347e-02
1.132038229995336451e+03	2.609957342980834816e-01	1.643732404084261856e-01	2.485653858335466204e-01	1.499794461017518732e-01	7.183431975853021845e-02	2.968407813541077897e-02	7.456779546417734161e-02
1.133489561059432845e+03	2.607802918273400827e-01	1.642281152706465686e-01	2.487174333487640054e-01	1.500692881872470741e-01	7.187209043076449311e-02	2.970874198528000026e-02	7.462403894988424435e-02
1.134940892123529466e+03	2.605652133149635175e-01	1.640832353857566983e-01	2.488692167426537760e-01	1.501589710511937736e-01	7.190979912376185834e-02	2.973337356280027904e-02	7.468019081879659349e-02
1.136392223187626087e+03	2.603504981446250199e-01	1.639386003383049850e-01	2.490207364642278987e-01	1.502484950123855190e-01	7.194744594038324226e-02	2.975797288218201206e-02	7.473625121781776737e-02
1.137843554251722708e+03	2.601361457010490374e-01	1.637942097135452191e-01	2.491719929617374207e-01	1.503378603888368970e-01	7.198503098332217909e-02	2.978253995779821250e-02	7.479222029363750968e-02
1.139294885315819101e+03	2.599221553700111209e-01	1.636500630974355164e-01	2.493229866826735530e-01	1.504270674977857547e-01	7.202255435510505899e-02	2.980707480418333388e-02	7.484809819273219311e-02
1.140746216379915950e+03	2.597085265383359820e-01	1.635061600766370138e-01	2.494737180737691407e-01	1.505161166556958918e-01	7.206001615809137784e-02	2.983157743603215631e-02	7.490388506136497204e-02
1.142197547444012343e+03	2.594952585938958278e-01	1.633625002385128699e-01	2.496241875809998290e-01	1.506050081782593919e-01	7.209741649447400091e-02	2.985604786819863812e-02	7.495958104558596291e-02
1.143648878508108737e+03	2.592823509256082515e-01	1.632190831711270440e-01	2.497743956495854512e-01	1.506937423803990928e-01	7.213475546627934332e-02	2.988048611569479873e-02	7.501518629123249404e-02
1.145100209572205586e+03	2.590698029234344557e-01	1.630759084632431855e-01	2.499243427239912774e-01	1.507823195762709734e-01	7.217203317536773077e-02	2.990489219368959797e-02	7.507070094392928605e-02
1.146551540636302207e+03	2.588576139783773655e-01	1.629329757043234406e-01	2.500740292479292637e-01	1.508707400792664854e-01	7.220924972343351067e-02	2.992926611750782590e-02	7.512612514908860450e-02
1.148002871700398828e+03	2.586457834824796853e-01	1.627902844845273700e-01	2.502234556643593288e-01	1.509590042020151346e-01	7.224640521200541288e-02	2.995360790262898906e-02	7.518145905191053746e-02
1.149454202764495449e+03	2.584343108288220114e-01	1.626478343947107552e-01	2.503726224154907976e-01	1.510471122563867563e-01	7.228349974244674403e-02	2.997791756468620727e-02	7.523670279738314814e-02
1.150905533828591842e+03	2.582231954115212780e-01	1.625056250264245161e-01	2.505215299427834830e-01	1.511350645534938753e-01	7.232053341595560958e-02	3.000219511946512763e-02	7.529185653028264147e-02
1.152356864892688463e+03	2.580124366257283142e-01	1.623636559719134342e-01	2.506701786869489634e-01	1.512228614036940921e-01	7.235750633356523298e-02	3.002644058290282122e-02	7.534692039517365547e-02
1.153808195956785084e+03	2.578020338676264567e-01	1.622219268241151813e-01	2.508185690879521368e-01	1.513105031165925540e-01	7.239441859614410835e-02	3.005065397108669725e-02	7.540189453640935846e-02
1.155259527020881706e+03	2.575919865344296067e-01	1.620804371766590701e-01	2.509667015850121086e-01	1.513979900010441748e-01	7.243127030439633351e-02	3.007483530025344132e-02	7.545677909813174045e-02
1.156710858084978327e+03	2.573822940243803425e-01	1.619391866238650002e-01	2.511145766166037463e-01	1.514853223651560221e-01	7.246806155886177658e-02	3.009898458678792257e-02	7.551157422427176580e-02
1.158162189149074720e+03	2.571729557367479213e-01	1.617981747607421528e-01	2.512621946204587897e-01	1.515725005162895933e-01	7.250479245991639510e-02	3.012310184722213555e-02	7.556628005854956753e-02
1.159613520213171569e+03	2.569639710718267245e-01	1.616574011829880753e-01	2.514095560335671276e-01	1.516595247610633135e-01	7.254146310777244422e-02	3.014718709823413154e-02	7.562089674447468324e-02
1.161064851277267962e+03	2.567553394309343706e-01	1.615168654869873766e-01	2.515566612921781853e-01	1.517463954053546726e-01	7.257807360247871264e-02	3.017124035664697432e-02	7.567542442534624936e-02
1.162516182341364356e+03	2.565470602164096059e-01	1.613765672698106168e-01	2.517035108318021464e-01	1.518331127543026127e-01	7.261462404392078629e-02	3.019526163942766461e-02	7.572986324425315385e-02
1.163967513405461204e+03	2.563391328316108053e-01	1.612365061292132251e-01	2.518501050872110070e-01	1.519196771123097478e-01	7.265111453182128420e-02	3.021925096368612701e-02	7.578421334407431376e-02
1.165418844469557826e+03	2.561315566809139743e-01	1.610966816636343613e-01	2.519964444924402414e-01	1.520060887830448626e-01	7.268754516574009450e-02	3.024320834667414137e-02	7.583847486747884170e-02
1.166870175533654447e+03	2.559243311697110279e-01	1.609570934721957225e-01	2.521425294807896345e-01	1.520923480694449659e-01	7.272391604507461027e-02	3.026713380578432283e-02	7.589264795692625409e-02
1.168321506597751068e+03	2.557174557044079588e-01	1.608177411547004054e-01	2.522883604848247807e-01	1.521784552737175944e-01	7.276022726906002103e-02	3.029102735854908440e-02	7.594673275466665152e-02
1.169772837661847461e+03	2.555109296924230611e-01	1.606786243116318513e-01	2.524339379363781943e-01	1.522644106973432276e-01	7.279647893676952086e-02	3.031488902263962046e-02	7.600072940274096855e-02
1.171224168725944082e+03	2.553047525421850428e-01	1.605397425441526804e-01	2.525792622665507525e-01	1.523502146410773972e-01	7.283267114711454437e-02	3.033871881586489017e-02	7.605463804298115416e-02
1.172675499790040703e+03	2.550989236631311385e-01	1.604010954541035816e-01	2.527243339057127502e-01	1.524358674049529905e-01	7.286880399884501647e-02	3.036251675617058707e-02	7.610845881701037985e-02
1.174126830854137097e+03	2.548934424657058329e-01	1.602626826440020635e-01	2.528691532835051214e-01	1.525213692882824157e-01	7.290487759054962991e-02	3.038628286163815029e-02	7.616219186624320625e-02
1.175578161918233945e+03	2.546883083613582510e-01	1.601245037170415109e-01	2.530137208288409378e-01	1.526067205896599888e-01	7.294089202065603961e-02	3.041001715048375145e-02	7.621583733188587451e-02
1.177029492982330339e+03	2.544835207625411599e-01	1.599865582770898798e-01	2.531580369699064081e-01	1.526919216069639873e-01	7.297684738743114019e-02	3.043371964105729896e-02	7.626939535493644506e-02
1.178480824046426733e+03	2.542790790827086367e-01	1.598488459286886987e-01	2.533021021341622103e-01	1.527769726373589265e-01	7.301274378898127415e-02	3.045739035184145266e-02	7.632286607618503360e-02
1.179932155110523581e+03	2.540749827363147362e-01	1.597113662770519027e-01	2.534459167483447128e-01	1.528618739772977797e-01	7.304858132325249553e-02	3.048102930145062811e-02	7.637624963621397756e-02
1.181383486174620202e+03	2.538712311388112708e-01	1.595741189280647232e-01	2.535894812384670849e-01	1.529466259225241986e-01	7.308436008803083361e-02	3.050463650863002169e-02	7.642954617539811368e-02
1.182834817238716823e+03	2.536678237066464225e-01	1.594371034882824667e-01	2.537327960298208507e-01	1.530312287680745675e-01	7.312008018094247330e-02	3.052821199225462870e-02	7.648275583390491683e-02
1.184286148302813444e+03	2.534647598572625782e-01	1.593003195649295156e-01	2.538758615469767221e-01	1.531156828082803067e-01	7.315574169945410210e-02	3.055175577132827544e-02	7.653587875169476362e-02
1.185737479366910065e+03	2.532620390090952744e-01	1.591637667658981625e-01	2.540186782137861532e-01	1.531999883367700377e-01	7.319134474087300724e-02	3.057526786498265120e-02	7.658891506852105735e-02
1.187188810431006686e+03	2.530596605815705336e-01	1.590274446997475000e-01	2.541612464533823390e-01	1.532841456464716645e-01	7.322688940234743649e-02	3.059874829247634723e-02	7.664186492393056105e-02
1.188640141495103080e+03	2.528576239951038640e-01	1.588913529757022547e-01	2.543035666881815482e-01	1.533681550296145946e-01	7.326237578086679247e-02	3.062219707319390610e-02	7.669472845726348076e-02
1.190091472559199701e+03	2.526559286710980401e-01	1.587554912036517607e-01	2.544456393398842886e-01	1.534520167777318755e-01	7.329780397326188246e-02	3.064561422664486071e-02	7.674750580765378472e-02
1.191542803623296322e+03	2.524545740319416587e-01	1.586198589941487380e-01	2.545874648294765286e-01	1.535357311816622772e-01	7.333317407620514039e-02	3.066899977246280093e-02	7.680019711402932825e-02
1.192994134687392716e+03	2.522535595010072518e-01	1.584844559584082657e-01	2.547290435772310846e-01	1.536192985315524284e-01	7.336848618621090445e-02	3.069235373040442305e-02	7.685280251511206195e-02
1.194445465751489564e+03	2.520528845026495657e-01	1.583492817083066162e-01	2.548703760027085652e-01	1.537027191168590934e-01	7.340374039963562525e-02	3.071567612034859299e-02	7.690532214941833700e-02
1.195896796815585958e+03	2.518525484622038957e-01	1.582143358563801172e-01	2.550114625247588140e-01	1.537859932263510310e-01	7.343893681267811557e-02	3.073896696229542688e-02	7.695775615525901614e-02
1.197348127879682352e+03	2.516525508059842542e-01	1.580796180158241526e-01	2.551523035615218538e-01	1.538691211481112986e-01	7.347407552137977249e-02	3.076222627636534743e-02	7.701010467073973742e-02
1.198799458943779200e+03	2.514528909612817609e-01	1.579451278004918857e-01	2.552928995304293847e-01	1.539521031695391950e-01	7.350915662162486874e-02	3.078545408279818874e-02	7.706236783376109456e-02
1.200250790007875821e+03	2.512535683563628663e-01	1.578108648248933987e-01	2.554332508482057840e-01	1.540349395773524532e-01	7.354418020914073317e-02	3.080865040195225613e-02	7.711454578201884513e-02
1.201702121071972442e+03	2.510545824204677423e-01	1.576768287041942773e-01	2.555733579308693826e-01	1.541176306575893218e-01	7.357914637949802827e-02	3.083181525430342060e-02	7.716663865300417424e-02
1.203153452136069063e+03	2.508559325838082832e-01	1.575430190542146947e-01	2.557132211937337418e-01	1.542001766956105635e-01	7.361405522811097224e-02	3.085494866044422371e-02	7.721864658400384718e-02
1.204604783200165684e+03	2.506576182775666073e-01	1.574094354914283289e-01	2.558528410514087081e-01	1.542825779761015925e-01	7.364890685023760264e-02	3.087805064108295472e-02	7.727056971210045921e-02
1.206056114264262078e+03	2.504596389338935580e-01	1.572760776329611976e-01	2.559922179178016899e-01	1.543648347830744727e-01	7.368370134097995683e-02	3.090112121704277973e-02	7.732240817417261602e-02
1.207507445328358699e+03	2.502619939859065390e-01	1.571429450965904917e-01	2.561313522061189341e-01	1.544469473998699993e-01	7.371843879528434951e-02	3.092416040926082924e-02	7.737416210689516960e-02
1.208958776392455093e+03	2.500646828676881817e-01	1.570100375007436044e-01	2.562702443288664145e-01	1.545289161091597530e-01	7.375311930794165027e-02	3.094716823878732384e-02	7.742583164673942642e-02
1.210410107456551941e+03	2.498677050142845690e-01	1.568773544644969375e-01	2.564088946978513861e-01	1.546107411929480424e-01	7.378774297358743628e-02	3.097014472678468258e-02	7.747741692997335561e-02
1.211861438520648335e+03	2.496710598617034316e-01	1.567448956075747912e-01	2.565473037241833287e-01	1.546924229325740419e-01	7.382230988670229754e-02	3.099308989452664864e-02	7.752891809266179712e-02
1.213312769584745183e+03	2.494747468469126483e-01	1.566126605503483926e-01	2.566854718182753348e-01	1.547739616087137615e-01	7.385682014161205899e-02	3.101600376339742199e-02	7.758033527066669766e-02
1.214764100648841804e+03	2.492787654078383874e-01	1.564806489138347023e-01	2.568233993898451639e-01	1.548553575013820460e-01	7.389127383248797476e-02	3.103888635489077466e-02	7.763166859964730493e-02
1.216215431712937971e+03	2.490831149833634961e-01	1.563488603196953597e-01	2.569610868479163535e-01	1.549366108899345729e-01	7.392567105334701960e-02	3.106173769060921117e-02	7.768291821506037587e-02
1.217666762777034819e+03	2.488877950133258354e-01	1.562172943902354894e-01	2.570985346008195505e-01	1.550177220530698785e-01	7.396001189805211096e-02	3.108455779226308724e-02	7.773408425216042639e-02
1.219118093841131440e+03	2.486928049385166706e-01	1.560859507484027853e-01	2.572357430561935665e-01	1.550986912688313568e-01	7.399429646031233099e-02	3.110734668166975983e-02	7.778516684599989794e-02
1.220569424905228061e+03	2.484981442006789221e-01	1.559548290177862617e-01	2.573727126209867655e-01	1.551795188146090909e-01	7.402852483368316250e-02	3.113010438075274749e-02	7.783616613142939344e-02
1.222020755969324682e+03	2.483038122425055561e-01	1.558239288226152541e-01	2.575094437014578963e-01	1.552602049671420736e-01	7.406269711156675262e-02	3.115283091154088038e-02	7.788708224309789929e-02
1.223472087033421303e+03	2.481098085076378079e-01	1.556932497877583643e-01	2.576459367031777026e-01	1.553407500025199561e-01	7.409681338721212096e-02	3.117552629616745369e-02	7.793791531545299356e-02
1.224923418097517697e+03	2.479161324406636557e-01	1.555627915387221838e-01	2.577821920310295334e-01	1.554211541961851017e-01	7.413087375371539556e-02	3.119819055686939499e-02	7.798866548274108190e-02
1.226374749161614318e+03	2.477227834871161827e-01	1.554325537016505165e-01	2.579182100892110641e-01	1.555014178229345290e-01	7.416487830402007653e-02	3.122082371598643158e-02	7.803933287900756410e-02
1.227826080225710712e+03	2.475297610934718007e-01	1.553025359033230191e-01	2.580539912812351289e-01	1.555815411569218543e-01	7.419882713091724424e-02	3.124342579596026473e-02	7.808991763809711162e-02
1.229277411289807560e+03	2.473370647071486961e-01	1.551727377711542011e-01	2.581895360099309977e-01	1.556615244716591795e-01	7.423272032704575363e-02	3.126599681933374397e-02	7.814041989365382024e-02
1.230728742353903954e+03	2.471446937765052199e-01	1.550431589331924542e-01	2.583248446774454865e-01	1.557413680400190903e-01	7.426655798489259497e-02	3.128853680875005872e-02	7.819083977912148764e-02
1.232180073418000802e+03	2.469526477508380835e-01	1.549137990181188862e-01	2.584599176852442337e-01	1.558210721342365157e-01	7.430034019679297719e-02	3.131104578695189516e-02	7.824117742774376605e-02
1.233631404482097196e+03	2.467609260803809157e-01	1.547846576552462106e-01	2.585947554341126442e-01	1.559006370259106711e-01	7.433406705493067479e-02	3.133352377678066958e-02	7.829143297256446754e-02
1.235082735546193817e+03	2.465695282163025415e-01	1.546557344745178308e-01	2.587293583241572770e-01	1.559800629860069732e-01	7.436773865133822214e-02	3.135597080117567131e-02	7.834160654642767507e-02
1.236534066610290438e+03	2.463784536107053724e-01	1.545270291065064527e-01	2.588637267548069554e-01	1.560593502848589276e-01	7.440135507789712166e-02	3.137838688317332730e-02	7.839169828197802004e-02
1.237985397674387059e+03	2.461877017166237691e-01	1.543985411824133902e-01	2.589978611248137108e-01	1.561384991921699605e-01	7.443491642633809358e-02	3.140077204590633470e-02	7.844170831166091817e-02
1.239436728738483680e+03	2.459972719880223757e-01	1.542702703340672332e-01	2.591317618322541705e-01	1.562175099770154174e-01	7.446842278824135353e-02	3.142312631260292533e-02	7.849163676772273612e-02
1.240888059802580301e+03	2.458071638797945657e-01	1.541422161939228763e-01	2.592654292745305566e-01	1.562963829078443667e-01	7.450187425503676519e-02	3.144544970658603306e-02	7.854148378221102733e-02
1.242339390866676695e+03	2.456173768477608599e-01	1.540143783950604639e-01	2.593988638483719078e-01	1.563751182524814876e-01	7.453527091800415949e-02	3.146774225127253743e-02	7.859124948697479573e-02
1.243790721930773088e+03	2.454279103486671776e-01	1.538867565711842800e-01	2.595320659498352445e-01	1.564537162781288737e-01	7.456861286827347335e-02	3.149000397017248654e-02	7.864093401366463454e-02
1.245242052994869937e+03	2.452387638401834213e-01	1.537593503566217490e-01	2.596650359743066794e-01	1.565321772513680043e-01	7.460190019682504114e-02	3.151223488688830593e-02	7.869053749373300377e-02
1.246693384058966330e+03	2.450499367809016449e-01	1.536321593863221868e-01	2.597977743165024722e-01	1.566105014381615479e-01	7.463513299448984450e-02	3.153443502511401458e-02	7.874006005843441069e-02
1.248144715123063179e+03	2.448614286303346654e-01	1.535051832958560791e-01	2.599302813704703619e-01	1.566886891038550833e-01	7.466831135194966496e-02	3.155660440863451016e-02	7.878950183882567349e-02
1.249596046187159800e+03	2.446732388489143151e-01	1.533784217214137491e-01	2.600625575295905101e-01	1.567667405131791813e-01	7.470143535973741700e-02	3.157874306132473635e-02	7.883886296576610164e-02
1.251047377251256421e+03	2.444853668979898864e-01	1.532518742998043582e-01	2.601946031865767783e-01	1.568446559302509868e-01	7.473450510823730075e-02	3.160085100714898204e-02	7.888814356991771803e-02
1.252498708315352815e+03	2.442978122398266339e-01	1.531255406684548515e-01	2.603264187334776714e-01	1.569224356185762170e-01	7.476752068768505177e-02	3.162292827016009028e-02	7.893734378174549482e-02
1.253950039379449436e+03	2.441105743376039694e-01	1.529994204654089585e-01	2.604580045616777251e-01	1.570000798410508269e-01	7.480048218816819083e-02	3.164497487449872970e-02	7.898646373151758937e-02
1.255401370443546057e+03	2.439236526554141027e-01	1.528735133293261383e-01	2.605893610618984502e-01	1.570775888599629522e-01	7.483338969962621823e-02	3.166699084439263817e-02	7.903550354930549693e-02
1.256852701507642678e+03	2.437370466582603201e-01	1.527478188994804420e-01	2.607204886241994979e-01	1.571549629369946299e-01	7.486624331185087744e-02	3.168897620415587341e-02	7.908446336498435592e-02
1.258304032571739299e+03	2.435507558120554583e-01	1.526223368157595683e-01	2.608513876379798258e-01	1.572322023332236030e-01	7.489904311448639107e-02	3.171093097818809131e-02	7.913334330823308671e-02
1.259755363635835920e+03	2.433647795836203498e-01	1.524970667186636708e-01	2.609820584919786968e-01	1.573093073091251792e-01	7.493178919702964125e-02	3.173285519097378271e-02	7.918214350853466921e-02
1.261206694699932314e+03	2.431791174406821576e-01	1.523720082493045247e-01	2.611125015742770117e-01	1.573862781245738973e-01	7.496448164883046106e-02	3.175474886708157252e-02	7.923086409517636486e-02
1.262658025764028707e+03	2.429937688518729044e-01	1.522471610494043059e-01	2.612427172722982527e-01	1.574631150388453860e-01	7.499712055909180108e-02	3.177661203116349115e-02	7.927950519724989709e-02
1.264109356828125556e+03	2.428087332867278902e-01	1.521225247612945919e-01	2.613727059728095936e-01	1.575398183106180849e-01	7.502970601687000696e-02	3.179844470795423900e-02	7.932806694365168720e-02
1.265560687892221949e+03	2.426240102156839440e-01	1.519980990279153898e-01	2.615024680619231767e-01	1.576163881979750214e-01	7.506223811107504140e-02	3.182024692227045093e-02	7.937654946308309034e-02
1.267012018956318798e+03	2.424395991100781744e-01	1.518738834928139436e-01	2.616320039250971119e-01	1.576928249584055863e-01	7.509471693047066465e-02	3.184201869901002319e-02	7.942495288405061749e-02
1.268463350020415419e+03	2.422554994421462216e-01	1.517498778001438731e-01	2.617613139471365868e-01	1.577691288488072552e-01	7.512714256367471199e-02	3.186376006315138482e-02	7.947327733486608814e-02
1.269914681084511813e+03	2.420717106850206746e-01	1.516260815946640361e-01	2.618903985121949218e-01	1.578453001254873644e-01	7.515951509915930195e-02	3.188547103975276215e-02	7.952152294364699114e-02
1.271366012148608434e+03	2.418882323127296563e-01	1.515024945217375296e-01	2.620192580037749575e-01	1.579213390441647491e-01	7.519183462525108608e-02	3.190715165395151959e-02	7.956968983831658182e-02
1.272817343212705055e+03	2.417050638001951857e-01	1.513791162273306068e-01	2.621478928047296098e-01	1.579972458599716578e-01	7.522410123013144323e-02	3.192880193096342412e-02	7.961777814660411789e-02
1.274268674276801676e+03	2.415222046232315400e-01	1.512559463580117614e-01	2.622763032972635910e-01	1.580730208274552240e-01	7.525631500183674327e-02	3.195042189608198607e-02	7.966578799604516481e-02
1.275720005340898297e+03	2.413396542585439231e-01	1.511329845609505340e-01	2.624044898629340206e-01	1.581486642005794641e-01	7.528847602825849972e-02	3.197201157467774446e-02	7.971371951398173450e-02
1.277171336404994690e+03	2.411574121837267992e-01	1.510102304839166243e-01	2.625324528826520343e-01	1.582241762327267487e-01	7.532058439714370279e-02	3.199357099219755224e-02	7.976157282756252132e-02
1.278622667469091539e+03	2.409754778772623396e-01	1.508876837752787525e-01	2.626601927366833400e-01	1.582995571766995790e-01	7.535264019609494435e-02	3.201510017416395182e-02	7.980934806374315182e-02
1.280073998533187932e+03	2.407938508185188675e-01	1.507653440840037162e-01	2.627877098046494941e-01	1.583748072847223909e-01	7.538464351257069540e-02	3.203659914617446730e-02	7.985704534928640685e-02
1.281525329597284326e+03	2.406125304877494708e-01	1.506432110596553353e-01	2.629150044655292895e-01	1.584499268084430812e-01	7.541659443388555595e-02	3.205806793390090365e-02	7.990466481076240191e-02
1.282976660661381175e+03	2.404315163660903365e-01	1.505212843523934529e-01	2.630420770976594214e-01	1.585249159989348122e-01	7.544849304721040761e-02	3.207950656308869442e-02	7.995220657454883695e-02
1.284427991725477568e+03	2.402508079355592796e-01	1.503995636129728808e-01	2.631689280787358753e-01	1.585997751066976769e-01	7.548033943957270508e-02	3.210091505955625646e-02	7.999967076683124623e-02
1.285879322789574417e+03	2.400704046790541890e-01	1.502780484927424554e-01	2.632955577858149265e-01	1.586745043816602529e-01	7.551213369785667040e-02	3.212229344919426133e-02	8.004705751360316479e-02
1.287330653853671038e+03	2.398903060803515286e-01	1.501567386436439000e-01	2.634219665953140832e-01	1.587491040731814629e-01	7.554387590880350112e-02	3.214364175796505935e-02	8.009436694066641993e-02
1.288781984917767431e+03	2.397105116241048384e-01	1.500356337182108812e-01	2.635481548830134191e-01	1.588235744300520724e-01	7.557556615901163399e-02	3.216496001190192328e-02	8.014159917363124219e-02
1.290233315981864052e+03	2.395310207958431525e-01	1.499147333695679540e-01	2.636741230240564060e-01	1.588979157004964116e-01	7.560720453493693927e-02	3.218624823710848626e-02	8.018875433791664009e-02
