1.001418434226643626e+03	2.865619107022005507e-01	1.706685841790596680e-01	2.347569755087754728e-01	1.418254707993107933e-01	6.953206559963873157e-02	2.707095588786971943e-02	6.958403732314379087e-02
1.002869765290740247e+03	2.863007416781946923e-01	1.705112974743312748e-01	2.349345185090543353e-01	1.419331442352129991e-01	6.957626359710364361e-02	2.709367099556483569e-02	6.965036351053696673e-02
1.004321096354836754e+03	2.860400188255160514e-01	1.703542794893227741e-01	2.351117453485780384e-01	1.420406272250649971e-01	6.962038492357226771e-02	2.711636043765725326e-02	6.971658375028738641e-02
1.005772427418933376e+03	2.857797413800034492e-01	1.701975297637391138e-01	2.352886565785053674e-01	1.421479201332879472e-01	6.966442971794158112e-02	2.713902424235547020e-02	6.978269818416585335e-02
1.007223758483029997e+03	2.855199085788107660e-01	1.700410478380776080e-01	2.354652527490254388e-01	1.422550233234639028e-01	6.970839811883405845e-02	2.716166243782692016e-02	6.984870695396012963e-02
1.008675089547126618e+03	2.852605196604046101e-01	1.698848332536266326e-01	2.356415344093592268e-01	1.423619371583387805e-01	6.975229026459832393e-02	2.718427505219812509e-02	6.991461020147314576e-02
1.010126420611223239e+03	2.850015738645620966e-01	1.697288855524641815e-01	2.358175021077616729e-01	1.424686619998249693e-01	6.979610629330980365e-02	2.720686211355485828e-02	6.998040806852127982e-02
1.011577751675319632e+03	2.847430704323683504e-01	1.695732042774565629e-01	2.359931563915232677e-01	1.425751982090042169e-01	6.983984634277144721e-02	2.722942364994229703e-02	7.004610069693266439e-02
1.013029082739416367e+03	2.844850086062146732e-01	1.694177889722569830e-01	2.361684978069719942e-01	1.426815461461302115e-01	6.988351055051435223e-02	2.725195968936517874e-02	7.011168822854546567e-02
1.014480413803512761e+03	2.842273876297956581e-01	1.692626391813040754e-01	2.363435268994750482e-01	1.427877061706313566e-01	6.992709905379848601e-02	2.727447025978796402e-02	7.017717080520623207e-02
1.015931744867609382e+03	2.839702067481074121e-01	1.691077544498207907e-01	2.365182442134406149e-01	1.428936786411134918e-01	6.997061198961332384e-02	2.729695538913497893e-02	7.024254856876821496e-02
1.017383075931706003e+03	2.837134652074450591e-01	1.689531343238127037e-01	2.366926502923197562e-01	1.429994639153625569e-01	7.001404949467851524e-02	2.731941510529057801e-02	7.030782166108968945e-02
1.018834406995802851e+03	2.834571622554004633e-01	1.687987783500669026e-01	2.368667456786081038e-01	1.431050623503472286e-01	7.005741170544453611e-02	2.734184943609929003e-02	7.037299022403230297e-02
1.020285738059899245e+03	2.832012971408601198e-01	1.686446860761504352e-01	2.370405309138476635e-01	1.432104743022217241e-01	7.010069875809339657e-02	2.736425840936597062e-02	7.043805439945953484e-02
1.021737069123995752e+03	2.829458691140027127e-01	1.684908570504091430e-01	2.372140065386286745e-01	1.433157001263282160e-01	7.014391078853926542e-02	2.738664205285594108e-02	7.050301432923496148e-02
1.023188400188092373e+03	2.826908774262968382e-01	1.683372908219660236e-01	2.373871730925912749e-01	1.434207401771997181e-01	7.018704793242908080e-02	2.740900039429516183e-02	7.056787015522072992e-02
1.024639731252188767e+03	2.824363213304991738e-01	1.681839869407202037e-01	2.375600311144273058e-01	1.435255948085625011e-01	7.023011032514329954e-02	2.743133346137036077e-02	7.063262201927597572e-02
1.026091062316285615e+03	2.821822000806515907e-01	1.680309449573453573e-01	2.377325811418821155e-01	1.436302643733388951e-01	7.027309810179649396e-02	2.745364128172918597e-02	7.069727006325518537e-02
1.027542393380382237e+03	2.819285129320793781e-01	1.678781644232884007e-01	2.379048237117562803e-01	1.437347492236497326e-01	7.031601139723800409e-02	2.747592388298035135e-02	7.076181442900668361e-02
1.028993724444478858e+03	2.816752591413888562e-01	1.677256448907681885e-01	2.380767593599073528e-01	1.438390497108170130e-01	7.035885034605258992e-02	2.749818129269378242e-02	7.082625525837106528e-02
1.030445055508575479e+03	2.814224379664651554e-01	1.675733859127740699e-01	2.382483886212516666e-01	1.439431661853664557e-01	7.040161508256106981e-02	2.752041353840075158e-02	7.089059269317969647e-02
1.031896386572671872e+03	2.811700486664699961e-01	1.674213870430646955e-01	2.384197120297660288e-01	1.440470989970300542e-01	7.044430574082095886e-02	2.754262064759403772e-02	7.095482687525313248e-02
1.033347717636768493e+03	2.809180905018394125e-01	1.672696478361665184e-01	2.385907301184894969e-01	1.441508484947486846e-01	7.048692245462712114e-02	2.756480264772805805e-02	7.101895794639961901e-02
1.034799048700865114e+03	2.806665627342814773e-01	1.671181678473725729e-01	2.387614434195251822e-01	1.442544150266746039e-01	7.052946535751242196e-02	2.758695956621901035e-02	7.108298604841364887e-02
1.036250379764961508e+03	2.804154646267743578e-01	1.669669466327410312e-01	2.389318524640418884e-01	1.443577989401739203e-01	7.057193458274832465e-02	2.760909143044501524e-02	7.114691132307442156e-02
1.037701710829058356e+03	2.801647954435638188e-01	1.668159837490939823e-01	2.391019577822758868e-01	1.444610005818291742e-01	7.061433026334555663e-02	2.763119826774624449e-02	7.121073391214435833e-02
1.039153041893154750e+03	2.799145544501611127e-01	1.666652787540159886e-01	2.392717599035326104e-01	1.445640202974418365e-01	7.065665253205469232e-02	2.765328010542508069e-02	7.127445395736770051e-02
1.040604372957251599e+03	2.796647409133407591e-01	1.665148312058528368e-01	2.394412593561884572e-01	1.446668584320348339e-01	7.069890152136686090e-02	2.767533697074623517e-02	7.133807160046902462e-02
1.042055704021347992e+03	2.794153541011384356e-01	1.663646406637101782e-01	2.396104566676924563e-01	1.447695153298549642e-01	7.074107736351430142e-02	2.769736889093689716e-02	7.140158698315178520e-02
1.043507035085444613e+03	2.791663932828487016e-01	1.662147066874521961e-01	2.397793523645680158e-01	1.448719913343753385e-01	7.078318019047100118e-02	2.771937589318686571e-02	7.146500024709694088e-02
1.044958366149541234e+03	2.789178577290226113e-01	1.660650288377003292e-01	2.399479469724146719e-01	1.449742867882979069e-01	7.082521013395338960e-02	2.774135800464867449e-02	7.152831153396148334e-02
1.046409697213637855e+03	2.786697467114659932e-01	1.659156066758318282e-01	2.401162410159096705e-01	1.450764020335559290e-01	7.086716732542081010e-02	2.776331525243774453e-02	7.159152098537710507e-02
1.047861028277734476e+03	2.784220595032367851e-01	1.657664397639785625e-01	2.402842350188098552e-01	1.451783374113163050e-01	7.090905189607628334e-02	2.778524766363250215e-02	7.165462874294875606e-02
1.049312359341831097e+03	2.781747953786432026e-01	1.656175276650256878e-01	2.404519295039531657e-01	1.452800932619821295e-01	7.095086397686706237e-02	2.780715526527451423e-02	7.171763494825328378e-02
1.050763690405927491e+03	2.779279536132413519e-01	1.654688699426102860e-01	2.406193249932605527e-01	1.453816699251949118e-01	7.099260369848522934e-02	2.782903808436862705e-02	7.178053974283805927e-02
1.052215021470024112e+03	2.776815334838330651e-01	1.653204661611200887e-01	2.407864220077375328e-01	1.454830677398372130e-01	7.103427119136833390e-02	2.785089614788309118e-02	7.184334326821967265e-02
1.053666352534120733e+03	2.774355342684639569e-01	1.651723158856921447e-01	2.409532210674759645e-01	1.455842870440348102e-01	7.107586658569998994e-02	2.787272948274968631e-02	7.190604566588250368e-02
1.055117683598217127e+03	2.771899552464208161e-01	1.650244186822115433e-01	2.411197226916556025e-01	1.456853281751592233e-01	7.111739001141048622e-02	2.789453811586386014e-02	7.196864707727747279e-02
1.056569014662313975e+03	2.769447956982299952e-01	1.648767741173101098e-01	2.412859273985459851e-01	1.457861914698300454e-01	7.115884159817739696e-02	2.791632207408484972e-02	7.203114764382068103e-02
1.058020345726410369e+03	2.767000549056548575e-01	1.647293817583649900e-01	2.414518357055078779e-01	1.458868772639172473e-01	7.120022147542615087e-02	2.793808138423580292e-02	7.209354750689211944e-02
1.059471676790506763e+03	2.764557321516936672e-01	1.645822411734975399e-01	2.416174481289952436e-01	1.459873858925436196e-01	7.124152977233069728e-02	2.795981607310392414e-02	7.215584680783432292e-02
1.060923007854603611e+03	2.762118267205777022e-01	1.644353519315719103e-01	2.417827651845566583e-01	1.460877176900869934e-01	7.128276661781403345e-02	2.798152616744057491e-02	7.221804568795117674e-02
1.062374338918700232e+03	2.759683378977686452e-01	1.642887136021937700e-01	2.419477873868371154e-01	1.461878729901825991e-01	7.132393214054887076e-02	2.800321169396142312e-02	7.228014428850655648e-02
1.063825669982796853e+03	2.757252649699569735e-01	1.641423257557090010e-01	2.421125152495796351e-01	1.462878521257255093e-01	7.136502646895816204e-02	2.802487267934654011e-02	7.234214275072310685e-02
1.065277001046893474e+03	2.754826072250596281e-01	1.639961879632025055e-01	2.422769492856269302e-01	1.463876554288727205e-01	7.140604973121572607e-02	2.804650915024054642e-02	7.240404121578096486e-02
1.066728332110990095e+03	2.752403639522174039e-01	1.638502997964967622e-01	2.424410900069231545e-01	1.464872832310455952e-01	7.144700205524683045e-02	2.806812113325272626e-02	7.246583982481656638e-02
1.068179663175086489e+03	2.749985344417935629e-01	1.637046608281506332e-01	2.426049379245154569e-01	1.465867358629320827e-01	7.148788356872880223e-02	2.808970865495714550e-02	7.252753871892136939e-02
1.069630994239183110e+03	2.747571179853712797e-01	1.635592706314581146e-01	2.427684935485556472e-01	1.466860136544890225e-01	7.152869439909158300e-02	2.811127174189277309e-02	7.258913803914061880e-02
1.071082325303279504e+03	2.745161138757516994e-01	1.634141287804469767e-01	2.429317573883019166e-01	1.467851169349443374e-01	7.156943467351832566e-02	2.813281042056360245e-02	7.265063792647219465e-02
1.072533656367376352e+03	2.742755214069516057e-01	1.632692348498775148e-01	2.430947299521203919e-01	1.468840460327994479e-01	7.161010451894599116e-02	2.815432471743877993e-02	7.271203852186537697e-02
1.073984987431472746e+03	2.740353398742014224e-01	1.631245884152413006e-01	2.432574117474868569e-01	1.469828012758312985e-01	7.165070406206587583e-02	2.817581465895270185e-02	7.277333996621966616e-02
1.075436318495569594e+03	2.737955685739432155e-01	1.629801890527598496e-01	2.434198032809883061e-01	1.470813829910947168e-01	7.169123342932427756e-02	2.819728027150514987e-02	7.283454240038357563e-02
1.076887649559666215e+03	2.735562068038284722e-01	1.628360363393834553e-01	2.435819050583247214e-01	1.471797915049245509e-01	7.173169274692299535e-02	2.821872158146139509e-02	7.289564596515350769e-02
1.078338980623762609e+03	2.733172538627159920e-01	1.626921298527898019e-01	2.437437175843105153e-01	1.472780271429380006e-01	7.177208214081992610e-02	2.824013861515232635e-02	7.295665080127258784e-02
1.079790311687859230e+03	2.730787090506697212e-01	1.625484691713827146e-01	2.439052413628762794e-01	1.473760902300367270e-01	7.181240173672964744e-02	2.826153139887456131e-02	7.301755704942947123e-02
1.081241642751955851e+03	2.728405716689568661e-01	1.624050538742910499e-01	2.440664768970704224e-01	1.474739810904089898e-01	7.185265166012400062e-02	2.828289995889055400e-02	7.307836485025727413e-02
1.082692973816052472e+03	2.726028410200456165e-01	1.622618835413671690e-01	2.442274246890607237e-01	1.475717000475319785e-01	7.189283203623259011e-02	2.830424432142871621e-02	7.313907434433240817e-02
1.084144304880149093e+03	2.723655164076031476e-01	1.621189577531858828e-01	2.443880852401360271e-01	1.476692474241738384e-01	7.193294299004346359e-02	2.832556451268352510e-02	7.319968567217344235e-02
1.085595635944245487e+03	2.721285971364933443e-01	1.619762760910431476e-01	2.445484590507076839e-01	1.477666235423959196e-01	7.197298464630355608e-02	2.834686055881563763e-02	7.326019897424004834e-02
1.087046967008342108e+03	2.718920825127750240e-01	1.618338381369547885e-01	2.447085466203114679e-01	1.478638287235548576e-01	7.201295712951932826e-02	2.836813248595200510e-02	7.332061439093182087e-02
1.088498298072438729e+03	2.716559718436997728e-01	1.616916434736552777e-01	2.448683484476088523e-01	1.479608632883047947e-01	7.205286056395732164e-02	2.838938032018598415e-02	7.338093206258733403e-02
1.089949629136535123e+03	2.714202644377096685e-01	1.615496916845963749e-01	2.450278650303888417e-01	1.480577275565994055e-01	7.209269507364469975e-02	2.841060408757743738e-02	7.344115212948289229e-02
1.091400960200631971e+03	2.711849596044354493e-01	1.614079823539460723e-01	2.451870968655694705e-01	1.481544218476941177e-01	7.213246078236980330e-02	2.843180381415285132e-02	7.350127473183155902e-02
1.092852291264728365e+03	2.709500566546943490e-01	1.612665150665871794e-01	2.453460444491994685e-01	1.482509464801481658e-01	7.217215781368270522e-02	2.845297952590544396e-02	7.356130000978208794e-02
1.094303622328825213e+03	2.707155549004879869e-01	1.611252894081161013e-01	2.455047082764596766e-01	1.483473017718266729e-01	7.221178629089577972e-02	2.847413124879527233e-02	7.362122810341785450e-02
1.095754953392921607e+03	2.704814536550003701e-01	1.609843049648417568e-01	2.456630888416649616e-01	1.484434880399028711e-01	7.225134633708424348e-02	2.849525900874933654e-02	7.368105915275584283e-02
1.097206284457018228e+03	2.702477522325958392e-01	1.608435613237841344e-01	2.458211866382654931e-01	1.485395056008599612e-01	7.229083807508669690e-02	2.851636283166168392e-02	7.374079329774557712e-02
1.098657615521114849e+03	2.700144499488170147e-01	1.607030580726731273e-01	2.459790021588484088e-01	1.486353547704934164e-01	7.233026162750566534e-02	2.853744274339353043e-02	7.380043067826812242e-02
1.100108946585211470e+03	2.697815461203828535e-01	1.605627947999473393e-01	2.461365358951395355e-01	1.487310358639128693e-01	7.236961711670819586e-02	2.855849876977335083e-02	7.385997143413507160e-02
1.101560277649308091e+03	2.695490400651863183e-01	1.604227710947528640e-01	2.462937883380048043e-01	1.488265491955442776e-01	7.240890466482635679e-02	2.857953093659698629e-02	7.391941570508755999e-02
1.103011608713404712e+03	2.693169311022926560e-01	1.602829865469419801e-01	2.464507599774519164e-01	1.489218950791319218e-01	7.244812439375775126e-02	2.860053926962774495e-02	7.397876363079521067e-02
1.104462939777501106e+03	2.690852185519371220e-01	1.601434407470719579e-01	2.466074513026318138e-01	1.490170738277404594e-01	7.248727642516615555e-02	2.862152379459651300e-02	7.403801535085519081e-02
1.105914270841597499e+03	2.688539017355231486e-01	1.600041332864037824e-01	2.467638628018403446e-01	1.491120857537569233e-01	7.252636088048193541e-02	2.864248453720185175e-02	7.409717100479126795e-02
1.107365601905694348e+03	2.686229799756200132e-01	1.598650637569010713e-01	2.469199949625197898e-01	1.492069311688927757e-01	7.256537788090268448e-02	2.866342152311010874e-02	7.415623073205279692e-02
1.108816932969790741e+03	2.683924525959612839e-01	1.597262317512286867e-01	2.470758482712604454e-01	1.493016103841859343e-01	7.260432754739369610e-02	2.868433477795549399e-02	7.421519467201376230e-02
1.110268264033887590e+03	2.681623189214422665e-01	1.595876368627516528e-01	2.472314232138020929e-01	1.493961237100026596e-01	7.264321000068856005e-02	2.870522432734021537e-02	7.427406296397182084e-02
1.111719595097984211e+03	2.679325782781185050e-01	1.594492786855338240e-01	2.473867202750356653e-01	1.494904714560396919e-01	7.268202536128959279e-02	2.872609019683455486e-02	7.433283574714741326e-02
1.113170926162080832e+03	2.677032299932033399e-01	1.593111568143367740e-01	2.475417399390047457e-01	1.495846539313261669e-01	7.272077374946846196e-02	2.874693241197696925e-02	7.439151316068276509e-02
1.114622257226177226e+03	2.674742733950661866e-01	1.591732708446185474e-01	2.476964826889070936e-01	1.496786714442255861e-01	7.275945528526668593e-02	2.876775099827419413e-02	7.445009534364099846e-02
1.116073588290273847e+03	2.672457078132302599e-01	1.590356203725323270e-01	2.478509490070962273e-01	1.497725243024377872e-01	7.279807008849616123e-02	2.878854598120134112e-02	7.450858243500523004e-02
1.117524919354370468e+03	2.670175325783707421e-01	1.588982049949254904e-01	2.480051393750829503e-01	1.498662128130008320e-01	7.283661827873963435e-02	2.880931738620199495e-02	7.456697457367762738e-02
1.118976250418467089e+03	2.667897470223130063e-01	1.587610243093380835e-01	2.481590542735368776e-01	1.499597372822931429e-01	7.287509997535134010e-02	2.883006523868831411e-02	7.462527189847853459e-02
1.120427581482563710e+03	2.665623504780300079e-01	1.586240779140019597e-01	2.483126941822879907e-01	1.500530980160352801e-01	7.291351529745740412e-02	2.885078956404111758e-02	7.468347454814555642e-02
1.121878912546660331e+03	2.663353422796410630e-01	1.584873654078392258e-01	2.484660595803280803e-01	1.501462953192918559e-01	7.295186436395643959e-02	2.887149038760998196e-02	7.474158266133273942e-02
1.123330243610756725e+03	2.661087217624090173e-01	1.583508863904613539e-01	2.486191509458124671e-01	1.502393294964735893e-01	7.299014729351999131e-02	2.889216773471334557e-02	7.479959637660961447e-02
1.124781574674853118e+03	2.658824882627390251e-01	1.582146404621677382e-01	2.487719687560613069e-01	1.503322008513391372e-01	7.302836420459316025e-02	2.891282163063859170e-02	7.485751583246040564e-02
1.126232905738949967e+03	2.656566411181761067e-01	1.580786272239446955e-01	2.489245134875612553e-01	1.504249096869970381e-01	7.306651521539503369e-02	2.893345210064214579e-02	7.491534116728310044e-02
1.127684236803046360e+03	2.654311796674033719e-01	1.579428462774641329e-01	2.490767856159669391e-01	1.505174563059074877e-01	7.310460044391921264e-02	2.895405916994957946e-02	7.497307251938865880e-02
1.129135567867143209e+03	2.652061032502399107e-01	1.578072972250824102e-01	2.492287856161024551e-01	1.506098410098843932e-01	7.314262000793432528e-02	2.897464286375568340e-02	7.503071002700016645e-02
1.130586898931239830e+03	2.649814112076390171e-01	1.576719796698391740e-01	2.493805139619628686e-01	1.507020641000972050e-01	7.318057402498455433e-02	2.899520320722456801e-02	7.508825382825194683e-02
1.132038229995336451e+03	2.647571028816859684e-01	1.575368932154561641e-01	2.495319711267158236e-01	1.507941258770726933e-01	7.321846261239013665e-02	2.901574022548976395e-02	7.514570406118881163e-02
1.133489561059432845e+03	2.645331776155961379e-01	1.574020374663359922e-01	2.496831575827029304e-01	1.508860266406970019e-01	7.325628588724784895e-02	2.903625394365430198e-02	7.520306086376518651e-02
1.134940892123529466e+03	2.643096347537132185e-01	1.572674120275609488e-01	2.498340738014412643e-01	1.509777666902172577e-01	7.329404396643154906e-02	2.905674438679079277e-02	7.526032437384432006e-02
1.136392223187626087e+03	2.640864736415071135e-01	1.571330165048918648e-01	2.499847202536250035e-01	1.510693463242436529e-01	7.333173696659266161e-02	2.907721157994154482e-02	7.531749472919750665e-02
1.137843554251722708e+03	2.638636936255719379e-01	1.569988505047669458e-01	2.501350974091267609e-01	1.511607658407511656e-01	7.336936500416063600e-02	2.909765554811863039e-02	7.537457206750322602e-02
1.139294885315819101e+03	2.636412940536242422e-01	1.568649136343005512e-01	2.502852057369991945e-01	1.512520255370813638e-01	7.340692819534352931e-02	2.911807631630397575e-02	7.543155652634644937e-02
1.140746216379915950e+03	2.634192742745007365e-01	1.567312055012820837e-01	2.504350457054763668e-01	1.513431257099443483e-01	7.344442665612846421e-02	2.913847390944946172e-02	7.548844824321777891e-02
1.142197547444012343e+03	2.631976336381567916e-01	1.565977257141747403e-01	2.505846177819754939e-01	1.514340666554204462e-01	7.348186050228210087e-02	2.915884835247700008e-02	7.554524735551268466e-02
1.143648878508108737e+03	2.629763714956641629e-01	1.564644738821143743e-01	2.507339224330979999e-01	1.515248486689621532e-01	7.351922984935115035e-02	2.917919967027862369e-02	7.560195400053081050e-02
1.145100209572205586e+03	2.627554871992092145e-01	1.563314496149083022e-01	2.508829601246314600e-01	1.516154720453957438e-01	7.355653481266290206e-02	2.919952788771657329e-02	7.565856831547512762e-02
1.146551540636302207e+03	2.625349801020908647e-01	1.561986525230342482e-01	2.510317313215505997e-01	1.517059370789232697e-01	7.359377550732566775e-02	2.921983302962337381e-02	7.571509043745124068e-02
1.148002871700398828e+03	2.623148495587188656e-01	1.560660822176390683e-01	2.511802364880194038e-01	1.517962440631241694e-01	7.363095204822928119e-02	2.924011512080193845e-02	7.577152050346663836e-02
1.149454202764495449e+03	2.620950949246114714e-01	1.559337383105375285e-01	2.513284760873918944e-01	1.518863932909572112e-01	7.366806455004561160e-02	2.926037418602563459e-02	7.582785865042994400e-02
1.150905533828591842e+03	2.618757155563939953e-01	1.558016204142113892e-01	2.514764505822140728e-01	1.519763850547621309e-01	7.370511312722903552e-02	2.928061025003838094e-02	7.588410501515020778e-02
1.152356864892688463e+03	2.616567108117968110e-01	1.556697281418080447e-01	2.516241604342251970e-01	1.520662196462614635e-01	7.374209789401690862e-02	2.930082333755472043e-02	7.594025973433611576e-02
1.153808195956785084e+03	2.614380800496530211e-01	1.555380611071393859e-01	2.517716061043592246e-01	1.521558973565623196e-01	7.377901896443007923e-02	2.932101347325990690e-02	7.599632294459539306e-02
1.155259527020881706e+03	2.612198226298969583e-01	1.554066189246806895e-01	2.519187880527463674e-01	1.522454184761580231e-01	7.381587645227336014e-02	2.934118068180999184e-02	7.605229478243401287e-02
1.156710858084978327e+03	2.610019379135621320e-01	1.552754012095694802e-01	2.520657067387144235e-01	1.523347832949299985e-01	7.385267047113598660e-02	2.936132498783189729e-02	7.610817538425551643e-02
1.158162189149074720e+03	2.607844252627793402e-01	1.551444075776043097e-01	2.522123626207904978e-01	1.524239921021493804e-01	7.388940113439211588e-02	2.938144641592350947e-02	7.616396488636031914e-02
1.159613520213171569e+03	2.605672840407747270e-01	1.550136376452437570e-01	2.523587561567021131e-01	1.525130451864787906e-01	7.392606855520131304e-02	2.940154499065375168e-02	7.621966342494504443e-02
1.161064851277267962e+03	2.603505136118681174e-01	1.548830910296050967e-01	2.525048878033787636e-01	1.526019428359741137e-01	7.396267284650900886e-02	2.942162073656266405e-02	7.627527113610182985e-02
1.162516182341364356e+03	2.601341133414706852e-01	1.547527673484632438e-01	2.526507580169534695e-01	1.526906853380860796e-01	7.399921412104699947e-02	2.944167367816147643e-02	7.633078815581763321e-02
1.163967513405461204e+03	2.599180825960833996e-01	1.546226662202497271e-01	2.527963672527642758e-01	1.527792729796620674e-01	7.403569249133390429e-02	2.946170383993271247e-02	7.638621461997360806e-02
1.165418844469557826e+03	2.597024207432950260e-01	1.544927872640513566e-01	2.529417159653553071e-01	1.528677060469477711e-01	7.407210806967562400e-02	2.948171124633023124e-02	7.644155066434442369e-02
1.166870175533654447e+03	2.594871271517803502e-01	1.543631300996091693e-01	2.530868046084785439e-01	1.529559848255889198e-01	7.410846096816581241e-02	2.950169592177934522e-02	7.649679642459759898e-02
1.168321506597751068e+03	2.592722011912981239e-01	1.542336943473173183e-01	2.532316336350952102e-01	1.530441096006328883e-01	7.414475129868640380e-02	2.952165789067687229e-02	7.655195203629287792e-02
1.169772837661847461e+03	2.590576422326892336e-01	1.541044796282219631e-01	2.533762034973771615e-01	1.531320806565304726e-01	7.418097917290801535e-02	2.954159717739121213e-02	7.660701763488161897e-02
1.171224168725944082e+03	2.588434496478749236e-01	1.539754855640199926e-01	2.535205146467083837e-01	1.532198982771374451e-01	7.421714470229044680e-02	2.956151380626243982e-02	7.666199335570607343e-02
1.172675499790040703e+03	2.586296228098548533e-01	1.538467117770580539e-01	2.536645675336861583e-01	1.533075627457163304e-01	7.425324799808311060e-02	2.958140780160236835e-02	7.671687933399883030e-02
1.174126830854137097e+03	2.584161610927052100e-01	1.537181578903313861e-01	2.538083626081227284e-01	1.533950743449379595e-01	7.428928917132551768e-02	2.960127918769462838e-02	7.677167570488221959e-02
1.175578161918233945e+03	2.582030638715768767e-01	1.535898235274826829e-01	2.539519003190467972e-01	1.534824333568832189e-01	7.432526833284776313e-02	2.962112798879474804e-02	7.682638260336760450e-02
1.177029492982330339e+03	2.579903305226936561e-01	1.534617083128009540e-01	2.540951811147045825e-01	1.535696400630445768e-01	7.436118559327095645e-02	2.964095422913021541e-02	7.688100016435486794e-02
1.178480824046426733e+03	2.577779604233501609e-01	1.533338118712204157e-01	2.542382054425615379e-01	1.536566947443277764e-01	7.439704106300767950e-02	2.966075793290057216e-02	7.693552852263176034e-02
1.179932155110523581e+03	2.575659529519102042e-01	1.532061338283193519e-01	2.543809737493036294e-01	1.537435976810535010e-01	7.443283485226245833e-02	2.968053912427746910e-02	7.698996781287333058e-02
1.181383486174620202e+03	2.573543074878048564e-01	1.530786738103190603e-01	2.545234864808387787e-01	1.538303491529589562e-01	7.446856707103222117e-02	2.970029782740475285e-02	7.704431816964130153e-02
1.182834817238716823e+03	2.571430234115306135e-01	1.529514314440826583e-01	2.546657440822983620e-01	1.539169494391994519e-01	7.450423782910674253e-02	2.972003406639852491e-02	7.709857972738354270e-02
1.184286148302813444e+03	2.569321001046475650e-01	1.528244063571141120e-01	2.548077469980384313e-01	1.540033988183500957e-01	7.453984723606907337e-02	2.973974786534722831e-02	7.715275262043343185e-02
1.185737479366910065e+03	2.567215369497774513e-01	1.526975981775569036e-01	2.549494956716411576e-01	1.540896975684072912e-01	7.457539540129606848e-02	2.975943924831171705e-02	7.720683698300932762e-02
1.187188810431006686e+03	2.565113333306019427e-01	1.525710065341930877e-01	2.550909905459163851e-01	1.541758459667904035e-01	7.461088243395876118e-02	2.977910823932531509e-02	7.726083294921400058e-02
1.188640141495103080e+03	2.563014886318608077e-01	1.524446310564422091e-01	2.552322320629027419e-01	1.542618442903432863e-01	7.464630844302284907e-02	2.979875486239390303e-02	7.731474065303406418e-02
1.190091472559199701e+03	2.560920022393500251e-01	1.523184713743600260e-01	2.553732206638692492e-01	1.543476928153360017e-01	7.468167353724913804e-02	2.981837914149598062e-02	7.736856022833944746e-02
1.191542803623296322e+03	2.558828735399199528e-01	1.521925271186375939e-01	2.555139567893166541e-01	1.544333918174661813e-01	7.471697782519398645e-02	2.983798110058274305e-02	7.742229180888279827e-02
1.192994134687392716e+03	2.556741019214734401e-01	1.520667979206000442e-01	2.556544408789787615e-01	1.545189415718608017e-01	7.475222141520972141e-02	2.985756076357814343e-02	7.747593552829901142e-02
1.194445465751489564e+03	2.554656867729642733e-01	1.519412834122055578e-01	2.557946733718238774e-01	1.546043423530775451e-01	7.478740441544515227e-02	2.987711815437896906e-02	7.752949152010461809e-02
1.195896796815585958e+03	2.552576274843949555e-01	1.518159832260441988e-01	2.559346547060560861e-01	1.546895944351065755e-01	7.482252693384597309e-02	2.989665329685490397e-02	7.758295991769730005e-02
1.197348127879682352e+03	2.550499234468152632e-01	1.516908969953368602e-01	2.560743853191169150e-01	1.547746980913718429e-01	7.485758907815516505e-02	2.991616621484860170e-02	7.763634085435539012e-02
1.198799458943779200e+03	2.548425740523201921e-01	1.515660243539341812e-01	2.562138656476861120e-01	1.548596535947328878e-01	7.489259095591351001e-02	2.993565693217574777e-02	7.768963446323730315e-02
1.200250790007875821e+03	2.546355786940482369e-01	1.514413649363154923e-01	2.563530961276838105e-01	1.549444612174861735e-01	7.492753267445996512e-02	2.995512547262513953e-02	7.774284087738105031e-02
1.201702121071972442e+03	2.544289367661796142e-01	1.513169183775876225e-01	2.564920771942712507e-01	1.550291212313666955e-01	7.496241434093216249e-02	2.997457185995874851e-02	7.779596022970373947e-02
1.203153452136069063e+03	2.542226476639344313e-01	1.511926843134838716e-01	2.566308092818522790e-01	1.551136339075495085e-01	7.499723606226681161e-02	2.999399611791177603e-02	7.784899265300104787e-02
1.204604783200165684e+03	2.540167107835708538e-01	1.510686623803629558e-01	2.567692928240750683e-01	1.551979995166512527e-01	7.503199794520010180e-02	3.001339827019272946e-02	7.790193827994676412e-02
1.206056114264262078e+03	2.538111255223833296e-01	1.509448522152078698e-01	2.569075282538330063e-01	1.552822183287315971e-01	7.506670009626818796e-02	3.003277834048349512e-02	7.795479724309227476e-02
1.207507445328358699e+03	2.536058912787008679e-01	1.508212534556248041e-01	2.570455160032662500e-01	1.553662906132947941e-01	7.510134262180762077e-02	3.005213635243938683e-02	7.800756967486606464e-02
1.208958776392455093e+03	2.534010074518850408e-01	1.506978657398421462e-01	2.571832565037632246e-01	1.554502166392912332e-01	7.513592562795572138e-02	3.007147232968922571e-02	7.806025570757325893e-02
1.210410107456551941e+03	2.531964734423284846e-01	1.505746887067093143e-01	2.573207501859615665e-01	1.555339966751188296e-01	7.517044922065108103e-02	3.009078629583539916e-02	7.811285547339517910e-02
1.211861438520648335e+03	2.529922886514528457e-01	1.504517219956957030e-01	2.574579974797500115e-01	1.556176309886245779e-01	7.520491350563396349e-02	3.011007827445392332e-02	7.816536910438882935e-02
1.213312769584745183e+03	2.527884524817072820e-01	1.503289652468896564e-01	2.575949988142692826e-01	1.557011198471060509e-01	7.523931858844670750e-02	3.012934828909451593e-02	7.821779673248642484e-02
1.214764100648841804e+03	2.525849643365664643e-01	1.502064181009973021e-01	2.577317546179136443e-01	1.557844635173127601e-01	7.527366457443418479e-02	3.014859636328064835e-02	7.827013848949497532e-02
1.216215431712937971e+03	2.523818236205287446e-01	1.500840801993416351e-01	2.578682653183321793e-01	1.558676622654477928e-01	7.530795156874420249e-02	3.016782252050961496e-02	7.832239450709582718e-02
1.217666762777034819e+03	2.521790297391146574e-01	1.499619511838612418e-01	2.580045313424302877e-01	1.559507163571691168e-01	7.534217967632796109e-02	3.018702678425259217e-02	7.837456491684416382e-02
1.219118093841131440e+03	2.519765820988649763e-01	1.498400306971094664e-01	2.581405531163706857e-01	1.560336260575911349e-01	7.537634900194042920e-02	3.020620917795471469e-02	7.842664985016864487e-02
1.220569424905228061e+03	2.517744801073389382e-01	1.497183183822531349e-01	2.582763310655750155e-01	1.561163916312861277e-01	7.541045965014080144e-02	3.022536972503511721e-02	7.847864943837089269e-02
1.222020755969324682e+03	2.515727231731125224e-01	1.495968138830716387e-01	2.584118656147251225e-01	1.561990133422856697e-01	7.544451172529290095e-02	3.024450844888701070e-02	7.853056381262513153e-02
1.223472087033421303e+03	2.513713107057767293e-01	1.494755168439558246e-01	2.585471571877642760e-01	1.562814914540820999e-01	7.547850533156559572e-02	3.026362537287773102e-02	7.858239310397768795e-02
1.224923418097517697e+03	2.511702421159358045e-01	1.493544269099069399e-01	2.586822062078986684e-01	1.563638262296298820e-01	7.551244057293324263e-02	3.028272052034882214e-02	7.863413744334660227e-02
1.226374749161614318e+03	2.509695168152053513e-01	1.492335437265355502e-01	2.588170130975985805e-01	1.564460179313471311e-01	7.554631755317604835e-02	3.030179391461606739e-02	7.868579696152125380e-02
1.227826080225710712e+03	2.507691342162107762e-01	1.491128669400605400e-01	2.589515782785997144e-01	1.565280668211170290e-01	7.558013637588055500e-02	3.032084557896957272e-02	7.873737178916186130e-02
1.229277411289807560e+03	2.505690937325855128e-01	1.489923961973079469e-01	2.590859021719045252e-01	1.566099731602891010e-01	7.561389714443998711e-02	3.033987553667381876e-02	7.878886205679914989e-02
1.230728742353903954e+03	2.503693947789691343e-01	1.488721311457100738e-01	2.592199851977835534e-01	1.566917372096808814e-01	7.564759996205470960e-02	3.035888381096771976e-02	7.884026789483392084e-02
1.232180073418000802e+03	2.501700367710057438e-01	1.487520714333043781e-01	2.593538277757769239e-01	1.567733592295790512e-01	7.568124493173263023e-02	3.037787042506468263e-02	7.889158943353662135e-02
1.233631404482097196e+03	2.499710191253422531e-01	1.486322167087323343e-01	2.594874303246952341e-01	1.568548394797410206e-01	7.571483215628956043e-02	3.039683540215266586e-02	7.894282680304702537e-02
1.235082735546193817e+03	2.497723412596265513e-01	1.485125666212384898e-01	2.596207932626210524e-01	1.569361782193962607e-01	7.574836173834971487e-02	3.041577876539423506e-02	7.899398013337376179e-02
1.236534066610290438e+03	2.495740025925058392e-01	1.483931208206693830e-01	2.597539170069104175e-01	1.570173757072476917e-01	7.578183378034605844e-02	3.043470053792662888e-02	7.904504955439400904e-02
1.237985397674387059e+03	2.493760025436248529e-01	1.482738789574725435e-01	2.598868019741940039e-01	1.570984322014730705e-01	7.581524838452073645e-02	3.045360074286181107e-02	7.909603519585305109e-02
1.239436728738483680e+03	2.491783405336242541e-01	1.481548406826953823e-01	2.600194485803781763e-01	1.571793479597263510e-01	7.584860565292542156e-02	3.047247940328652940e-02	7.914693718736395822e-02
1.240888059802580301e+03	2.489810159841387704e-01	1.480360056479841924e-01	2.601518572406466001e-01	1.572601232391390991e-01	7.588190568742182729e-02	3.049133654226237472e-02	7.919775565840718456e-02
1.242339390866676695e+03	2.487840283177955303e-01	1.479173735055831218e-01	2.602840283694615175e-01	1.573407582963218532e-01	7.591514858968199941e-02	3.051017218282582252e-02	7.924849073833017954e-02
1.243790721930773088e+03	2.485873769582123416e-01	1.477989439083331469e-01	2.604159623805649137e-01	1.574212533873654563e-01	7.594833446118878784e-02	3.052898634798831626e-02	7.929914255634709641e-02
1.245242052994869937e+03	2.483910613299959991e-01	1.476807165096710173e-01	2.605476596869796824e-01	1.575016087678424159e-01	7.598146340323620740e-02	3.054777906073630200e-02	7.934971124153837596e-02
1.246693384058966330e+03	2.481950808587406743e-01	1.475626909636282291e-01	2.606791207010112910e-01	1.575818246928082922e-01	7.601453551692989585e-02	3.056655034403129440e-02	7.940019692285039954e-02
1.248144715123063179e+03	2.479994349710259449e-01	1.474448669248299426e-01	2.608103458342485581e-01	1.576619014168030575e-01	7.604755090318743305e-02	3.058530022080992519e-02	7.945059972909518375e-02
1.249596046187159800e+03	2.478041230944152962e-01	1.473272440484941215e-01	2.609413354975655408e-01	1.577418391938523456e-01	7.608050966273878502e-02	3.060402871398400226e-02	7.950091978894999190e-02
1.251047377251256421e+03	2.476091446574543997e-01	1.472098219904302840e-01	2.610720901011222006e-01	1.578216382774688953e-01	7.611341189612673419e-02	3.062273584644056509e-02	7.955115723095702862e-02
1.252498708315352815e+03	2.474144990896693652e-01	1.470926004070387538e-01	2.612026100543660689e-01	1.579012989206537709e-01	7.614625770370715696e-02	3.064142164104193683e-02	7.960131218352309301e-02
1.253950039379449436e+03	2.472201858215651304e-01	1.469755789553092995e-01	2.613328957660333574e-01	1.579808213758978064e-01	7.617904718564956490e-02	3.066008612062577632e-02	7.965138477491921776e-02
1.255401370443546057e+03	2.470262042846236294e-01	1.468587572928204132e-01	2.614629476441503453e-01	1.580602058951828537e-01	7.621178044193736845e-02	3.067872930800513709e-02	7.970137513328041934e-02
1.256852701507642678e+03	2.468325539113022105e-01	1.467421350777381173e-01	2.615927660960346568e-01	1.581394527299830877e-01	7.624445757236837651e-02	3.069735122596851939e-02	7.975128338660528171e-02
1.258304032571739299e+03	2.466392341350319151e-01	1.466257119688150201e-01	2.617223515282961488e-01	1.582185621312663937e-01	7.627707867655510177e-02	3.071595189727992226e-02	7.980110966275572038e-02
1.259755363635835920e+03	2.464462443902158684e-01	1.465094876253893175e-01	2.618517043468386873e-01	1.582975343494956166e-01	7.630964385392521865e-02	3.073453134467889203e-02	7.985085408945660768e-02
1.261206694699932314e+03	2.462535841122274471e-01	1.463934617073837374e-01	2.619808249568612024e-01	1.583763696346298655e-01	7.634215320372188252e-02	3.075308959088057792e-02	7.990051679429550913e-02
1.262658025764028707e+03	2.460612527374087533e-01	1.462776338753045413e-01	2.621097137628587981e-01	1.584550682361257901e-01	7.637460682500414599e-02	3.077162665857579790e-02	7.995009790472237809e-02
1.264109356828125556e+03	2.458692497030689206e-01	1.461620037902404690e-01	2.622383711686242513e-01	1.585336304029389409e-01	7.640700481664737531e-02	3.079014257043105607e-02	7.999959754804920886e-02
1.265560687892221949e+03	2.456775744474823386e-01	1.460465711138618783e-01	2.623667975772491223e-01	1.586120563835249353e-01	7.643934727734362500e-02	3.080863734908863283e-02	8.004901585144977294e-02
1.267012018956318798e+03	2.454862264098870428e-01	1.459313355084195796e-01	2.624949933911248645e-01	1.586903464258408725e-01	7.647163430560197095e-02	3.082711101716660920e-02	8.009835294195934152e-02
1.268463350020415419e+03	2.452952050304831044e-01	1.458162966367438917e-01	2.626229590119445456e-01	1.587685007773465828e-01	7.650386599974894064e-02	3.084556359725893274e-02	8.014760894647435241e-02
1.269914681084511813e+03	2.451045097504308823e-01	1.457014541622437265e-01	2.627506948407034026e-01	1.588465196850058214e-01	7.653604245792891558e-02	3.086399511193545914e-02	8.019678399175216021e-02
1.271366012148608434e+03	2.449141400118494960e-01	1.455868077489053669e-01	2.628782012777007848e-01	1.589244033952875446e-01	7.656816377810445051e-02	3.088240558374201125e-02	8.024587820441075880e-02
1.272817343212705055e+03	2.447240952578149664e-01	1.454723570612917183e-01	2.630054787225409307e-01	1.590021521541672422e-01	7.660023005805666196e-02	3.090079503520041376e-02	8.029489171092848987e-02
1.274268674276801676e+03	2.445343749323587446e-01	1.453581017645411699e-01	2.631325275741343006e-01	1.590797662071282148e-01	7.663224139538568624e-02	3.091916348880856258e-02	8.034382463764372373e-02
1.275720005340898297e+03	2.443449784804659908e-01	1.452440415243666516e-01	2.632593482306990196e-01	1.591572457991626832e-01	7.666419788751094311e-02	3.093751096704045606e-02	8.039267711075470668e-02
1.277171336404994690e+03	2.441559053480739094e-01	1.451301760070545788e-01	2.633859410897617104e-01	1.592345911747732046e-01	7.669609963167160760e-02	3.095583749234626092e-02	8.044144925631917242e-02
1.278622667469091539e+03	2.439671549820701668e-01	1.450165048794639644e-01	2.635123065481591587e-01	1.593118025779737545e-01	7.672794672492691537e-02	3.097414308715235043e-02	8.049014120025417551e-02
1.280073998533187932e+03	2.437787268302911980e-01	1.449030278090253365e-01	2.636384450020392012e-01	1.593888802522910875e-01	7.675973926415659288e-02	3.099242777386134948e-02	8.053875306833577219e-02
1.281525329597284326e+03	2.435906203415205140e-01	1.447897444637398223e-01	2.637643568468621691e-01	1.594658244407659298e-01	7.679147734606120435e-02	3.101069157485219704e-02	8.058728498619878444e-02
1.282976660661381175e+03	2.434028349654872303e-01	1.446766545121780101e-01	2.638900424774019426e-01	1.595426353859541735e-01	7.682316106716251258e-02	3.102893451248017395e-02	8.063573707933652246e-02
1.284427991725477568e+03	2.432153701528642631e-01	1.445637576234792554e-01	2.640155022877473390e-01	1.596193133299282085e-01	7.685479052380386755e-02	3.104715660907697225e-02	8.068410947310063197e-02
1.285879322789574417e+03	2.430282253552668859e-01	1.444510534673504043e-01	2.641407366713032778e-01	1.596958585142779774e-01	7.688636581215056720e-02	3.106535788695073338e-02	8.073240229270073343e-02
1.287330653853671038e+03	2.428414000252508420e-01	1.443385417140650162e-01	2.642657460207917808e-01	1.597722711801123630e-01	7.691788702819024603e-02	3.108353836838608289e-02	8.078061566320425546e-02
1.288781984917767431e+03	2.426548936163110126e-01	1.442262220344622259e-01	2.643905307282534700e-01	1.598485515680602709e-01	7.694935426773320819e-02	3.110169807564420671e-02	8.082874970953617122e-02
1.290233315981864052e+03	2.424687055828795568e-01	1.441140940999458553e-01	2.645150911850487896e-01	1.599246999182718787e-01	7.698076762641282988e-02	3.111983703096286163e-02	8.087680455647877631e-02
