1.001418434226643626e+03	2.819350097852826309e-01	1.785742031599153457e-01	2.337670727849055774e-01	1.411837516726544284e-01	6.815554356529046620e-02	2.730159165844643285e-02	6.908282737342884283e-02
1.003837319333471214e+03	2.815172597511533259e-01	1.782925172849368356e-01	2.340633903699821106e-01	1.413596440736210047e-01	6.822845219068902900e-02	2.734750123405625330e-02	6.919123509548515127e-02
1.006256204440298802e+03	2.811006857336712517e-01	1.780116245262702845e-01	2.343588531031185473e-01	1.415350049703089641e-01	6.830116124679197487e-02	2.739332058624030161e-02	6.929934983352234457e-02
1.008675089547126618e+03	2.806852844074483322e-01	1.777315226481264165e-01	2.346534634042088674e-01	1.417098362109061316e-01	6.837367128402592475e-02	2.743904968694922328e-02	6.940717235825874520e-02
1.011093974653954206e+03	2.802710524567718631e-01	1.774522094208899337e-01	2.349472236863028862e-01	1.418841396356226858e-01	6.844598285134673166e-02	2.748468851036178773e-02	6.951470343862778400e-02
1.013512859760782021e+03	2.798579865755685403e-01	1.771736826211085802e-01	2.352401363556259895e-01	1.420579170767355681e-01	6.851809649624256149e-02	2.753023703286221896e-02	6.962194384178017892e-02
1.015931744867609382e+03	2.794460834673689331e-01	1.768959400314822905e-01	2.355322038115989225e-01	1.422311703586323917e-01	6.859001276473702946e-02	2.757569523301768924e-02	6.972889433308639140e-02
1.018350629974437197e+03	2.790353398452719569e-01	1.766189794408518643e-01	2.358234284468574138e-01	1.424039012978551844e-01	6.866173220139237809e-02	2.762106309155603484e-02	6.983555567613886073e-02
1.020769515081264785e+03	2.786257524319099566e-01	1.763427986441875595e-01	2.361138126472717147e-01	1.425761117031438818e-01	6.873325534931259972e-02	2.766634059134362097e-02	6.994192863275437710e-02
1.023188400188092373e+03	2.782173179594145118e-01	1.760673954425773791e-01	2.364033587919661394e-01	1.427478033754792652e-01	6.880458275014664227e-02	2.771152771736339754e-02	7.004801396297635763e-02
1.025607285294920075e+03	2.778100331693820757e-01	1.757927676432152753e-01	2.366920692533384385e-01	1.429189781081258992e-01	6.887571494409157336e-02	2.775662445669316650e-02	7.015381242507726101e-02
1.028026170401747549e+03	2.774038948128400017e-01	1.755189130593892977e-01	2.369799463970791997e-01	1.430896376866745423e-01	6.894665246989577223e-02	2.780163079848399152e-02	7.025932477556086353e-02
1.030445055508575479e+03	2.769988996502132927e-01	1.752458295104691310e-01	2.372669925821912496e-01	1.432597838890844189e-01	6.901739586486209388e-02	2.784654673393880189e-02	7.036455176916467380e-02
1.032863940615402726e+03	2.765950444512911277e-01	1.749735148218941050e-01	2.375532101610087210e-01	1.434294184857251575e-01	6.908794566485114419e-02	2.789137225629118033e-02	7.046949415886225032e-02
1.035282825722230655e+03	2.761923259951942211e-01	1.747019668251603153e-01	2.378386014792163994e-01	1.435985432394184524e-01	6.915830240428444409e-02	2.793610736078432077e-02	7.057415269586557460e-02
1.037701710829058356e+03	2.757907410703422380e-01	1.744311833578083282e-01	2.381231688758686516e-01	1.437671599054792526e-01	6.922846661614762143e-02	2.798075204465015967e-02	7.067852812962742426e-02
1.040120595935886058e+03	2.753902864744214307e-01	1.741611622634103018e-01	2.384069146834086883e-01	1.439352702317570898e-01	6.929843883199370003e-02	2.802530630708868764e-02	7.078262120784380163e-02
1.042539481042713533e+03	2.749909590143527760e-01	1.738919013915569134e-01	2.386898412276873271e-01	1.441028759586766850e-01	6.936821958194629156e-02	2.806977014924742081e-02	7.088643267645626522e-02
1.044958366149541234e+03	2.745927555062602221e-01	1.736233985978445915e-01	2.389719508279820326e-01	1.442699788192786103e-01	6.943780939470284297e-02	2.811414357420106980e-02	7.098996327965433062e-02
1.047377251256368709e+03	2.741956727754391587e-01	1.733556517438621658e-01	2.392532457970158455e-01	1.444365805392594237e-01	6.950720879753789772e-02	2.815842658693134756e-02	7.109321375987792679e-02
1.049796136363196410e+03	2.737997076563254972e-01	1.730886586971777108e-01	2.395337284409759515e-01	1.446026828370116368e-01	6.957641831630628770e-02	2.820261919430695763e-02	7.119618485781972761e-02
1.052215021470024112e+03	2.734048569924647509e-01	1.728224173313250567e-01	2.398134010595326382e-01	1.447682874236635164e-01	6.964543847544647781e-02	2.824672140506375925e-02	7.129887731242764981e-02
1.054633906576851814e+03	2.730111176364810044e-01	1.725569255257904666e-01	2.400922659458578357e-01	1.449333960031184976e-01	6.971426979798374390e-02	2.829073322978508526e-02	7.140129186090722613e-02
1.057052791683679516e+03	2.726184864500472149e-01	1.722921811659988423e-01	2.403703253866438239e-01	1.450980102720942633e-01	6.978291280553343412e-02	2.833465468088223679e-02	7.150342923872404777e-02
1.059471676790506763e+03	2.722269603038544594e-01	1.720281821433002345e-01	2.406475816621217179e-01	1.452621319201617689e-01	6.985136801830431341e-02	2.837848577257512730e-02	7.160529017960624854e-02
1.061890561897334692e+03	2.718365360775822359e-01	1.717649263549561323e-01	2.409240370460799252e-01	1.454257626297838224e-01	6.991963595510175544e-02	2.842222652087309995e-02	7.170687541554689182e-02
1.064309447004162394e+03	2.714472106598688761e-01	1.715024117041253626e-01	2.411996938058826867e-01	1.455889040763534981e-01	6.998771713333105937e-02	2.846587694355590115e-02	7.180818567680645470e-02
1.066728332110990095e+03	2.710589809482819579e-01	1.712406360998505184e-01	2.414745542024883951e-01	1.457515579282322449e-01	7.005561206900069726e-02	2.850943706015481374e-02	7.190922169191529822e-02
1.069147217217817570e+03	2.706718438492889955e-01	1.709795974570435806e-01	2.417486204904678859e-01	1.459137258467877729e-01	7.012332127672558924e-02	2.855290689193395320e-02	7.200998418767613762e-02
1.071566102324645271e+03	2.702857962782285739e-01	1.707192936964722629e-01	2.420218949180227008e-01	1.460754094864316621e-01	7.019084526973042026e-02	2.859628646187171649e-02	7.211047388916651257e-02
1.073984987431472746e+03	2.699008351592815380e-01	1.704597227447456342e-01	2.422943797270033783e-01	1.462366104946568324e-01	7.025818455985285982e-02	2.863957579464238706e-02	7.221069151974127132e-02
1.076403872538300675e+03	2.695169574254420719e-01	1.702008825342999632e-01	2.425660771529274673e-01	1.463973305120744861e-01	7.032533965754694805e-02	2.868277491659789596e-02	7.231063780103511029e-02
1.078822757645127922e+03	2.691341600184894989e-01	1.699427710033845351e-01	2.428369894249976790e-01	1.465575711724511898e-01	7.039231107188627379e-02	2.872588385574973563e-02	7.241031345296500277e-02
1.081241642751955851e+03	2.687524398889601374e-01	1.696853860960474136e-01	2.431071187661199007e-01	1.467173341027453171e-01	7.045909931056730524e-02	2.876890264175102976e-02	7.250971919373275232e-02
1.083660527858783553e+03	2.683717939961191012e-01	1.694287257621210074e-01	2.433764673929211531e-01	1.468766209231436026e-01	7.052570487991269288e-02	2.881183130587875937e-02	7.260885573982754637e-02
1.086079412965611255e+03	2.679922193079323223e-01	1.691727879572077209e-01	2.436450375157675763e-01	1.470354332470972247e-01	7.059212828487451685e-02	2.885466988101611369e-02	7.270772380602838481e-02
1.088498298072438729e+03	2.676137128010392385e-01	1.689175706426654933e-01	2.439128313387822211e-01	1.471937726813576652e-01	7.065837002903760378e-02	2.889741840163501108e-02	7.280632410540668897e-02
1.090917183179266431e+03	2.672362714607247614e-01	1.686630717855933659e-01	2.441798510598628402e-01	1.473516408260124588e-01	7.072443061462284353e-02	2.894007690377878653e-02	7.290465734932882746e-02
1.093336068286093905e+03	2.668598922808925744e-01	1.684092893588169937e-01	2.444460988706997073e-01	1.475090392745206369e-01	7.079031054249040888e-02	2.898264542504497276e-02	7.300272424745865574e-02
1.095754953392921607e+03	2.664845722640373227e-01	1.681562213408741013e-01	2.447115769567932420e-01	1.476659696137478384e-01	7.085601031214308620e-02	2.902512400456828609e-02	7.310052550776006963e-02
1.098173838499749309e+03	2.661103084212181336e-01	1.679038657159998560e-01	2.449762874974716897e-01	1.478224334240014204e-01	7.092153042172956445e-02	2.906751268300370242e-02	7.319806183649958664e-02
1.100592723606577010e+03	2.657370977720314720e-01	1.676522204741124067e-01	2.452402326659086917e-01	1.479784322790650974e-01	7.098687136804771036e-02	2.910981150250971719e-02	7.329533393824888554e-02
1.103011608713404712e+03	2.653649373445844395e-01	1.674012836107981184e-01	2.455034146291409092e-01	1.481339677462334969e-01	7.105203364654787135e-02	2.915202050673173714e-02	7.339234251588738767e-02
1.105430493820231959e+03	2.649938241754685175e-01	1.671510531272970002e-01	2.457658355480853152e-01	1.482890413863465207e-01	7.111701775133615067e-02	2.919413974078559695e-02	7.348908827060487980e-02
1.107849378927059888e+03	2.646237553097329220e-01	1.669015270304881060e-01	2.460274975775567363e-01	1.484436547538233175e-01	7.118182417517766869e-02	2.923616925124123203e-02	7.358557190190406772e-02
1.110268264033887590e+03	2.642547278008584022e-01	1.666527033328747132e-01	2.462884028662852831e-01	1.485978093966960900e-01	7.124645340949987971e-02	2.927810908610649007e-02	7.368179410760319903e-02
1.112687149140715292e+03	2.638867387107313722e-01	1.664045800525697505e-01	2.465485535569335029e-01	1.487515068566439003e-01	7.131090594439583319e-02	2.931995929481107099e-02	7.377775558383864452e-02
1.115106034247542766e+03	2.635197851096177102e-01	1.661571552132810881e-01	2.468079517861137828e-01	1.489047486690258937e-01	7.137518226862747672e-02	2.936171992819060911e-02	7.387345702506752099e-02
1.117524919354370468e+03	2.631538640761371117e-01	1.659104268442967156e-01	2.470665996844055579e-01	1.490575363629146055e-01	7.143928286962891727e-02	2.940339103847089061e-02	7.396889912407032808e-02
1.119943804461197942e+03	2.627889726972373330e-01	1.656643929804700877e-01	2.473244993763724087e-01	1.492098714611288790e-01	7.150320823350966859e-02	2.944497267925220638e-02	7.406408257195358502e-02
1.122362689568025871e+03	2.624251080681687109e-01	1.654190516622054685e-01	2.475816529805792143e-01	1.493617554802666447e-01	7.156695884505799576e-02	2.948646490549384006e-02	7.415900805815237029e-02
1.124781574674853118e+03	2.620622672924587393e-01	1.651744009354430553e-01	2.478380626096091388e-01	1.495131899307374224e-01	7.163053518774409323e-02	2.952786777349868455e-02	7.425367627043312491e-02
1.127200459781681047e+03	2.617004474818868109e-01	1.649304388516442677e-01	2.480937303700807561e-01	1.496641763167947670e-01	7.169393774372345707e-02	2.956918134089798339e-02	7.434808789489616432e-02
1.129619344888508749e+03	2.613396457564591824e-01	1.646871634677770646e-01	2.483486583626649813e-01	1.498147161365682989e-01	7.175716699384007691e-02	2.961040566663622475e-02	7.444224361597837070e-02
1.132038229995336451e+03	2.609798592443837717e-01	1.644445728463012069e-01	2.486028486821018624e-01	1.499648108820956505e-01	7.182022341762969719e-02	2.965154081095613264e-02	7.453614411645588522e-02
1.134457115102163925e+03	2.606210850820454006e-01	1.642026650551533518e-01	2.488563034172175670e-01	1.501144620393541906e-01	7.188310749332312011e-02	2.969258683538382113e-02	7.462979007744674487e-02
1.136876000208991627e+03	2.602633204139809253e-01	1.639614381677325650e-01	2.491090246509411188e-01	1.502636710882925275e-01	7.194581969784945297e-02	2.973354380271405265e-02	7.472318217841358856e-02
1.139294885315819101e+03	2.599065623928545343e-01	1.637208902628853879e-01	2.493610144603212175e-01	1.504124395028618721e-01	7.200836050683931400e-02	2.977441177699562472e-02	7.481632109716626622e-02
1.141713770422646803e+03	2.595508081794334898e-01	1.634810194248912107e-01	2.496122749165428367e-01	1.505607687510470416e-01	7.207073039462814912e-02	2.981519082351689540e-02	7.490920750986462817e-02
1.144132655529474505e+03	2.591960549425633697e-01	1.632418237434475061e-01	2.498628080849439881e-01	1.507086602948974063e-01	7.213292983425945160e-02	2.985588100879141629e-02	7.500184209102113420e-02
1.146551540636302207e+03	2.588422998591440316e-01	1.630033013136551190e-01	2.501126160250322084e-01	1.508561155905576712e-01	7.219495929748798169e-02	2.989648240054369743e-02	7.509422551350358743e-02
1.148970425743129908e+03	2.584895401141050764e-01	1.627654502360035838e-01	2.503617007905012959e-01	1.510031360882982954e-01	7.225681925478302792e-02	2.993699506769510396e-02	7.518635844853782668e-02
1.151389310849957155e+03	2.581377729003823118e-01	1.625282686163564416e-01	2.506100644292476587e-01	1.511497232325458573e-01	7.231851017533168224e-02	2.997741908034984998e-02	7.527824156571050196e-02
1.153808195956785084e+03	2.577869954188931056e-01	1.622917545659365579e-01	2.508577089833867180e-01	1.512958784619131691e-01	7.238003252704197643e-02	3.001775450978113810e-02	7.536987553297166964e-02
1.156227081063612786e+03	2.574372048785130151e-01	1.620559062013113838e-01	2.511046364892696170e-01	1.514416032092291697e-01	7.244138677654619884e-02	3.005800142841739964e-02	7.546126101663765129e-02
1.158645966170440488e+03	2.570883984960516955e-01	1.618207216443783847e-01	2.513508489774992638e-01	1.515868989015687618e-01	7.250257338920407246e-02	3.009815990982866660e-02	7.555239868139361492e-02
1.161064851277267962e+03	2.567405734962295849e-01	1.615861990223503852e-01	2.515963484729467625e-01	1.517317669602822328e-01	7.256359282910601616e-02	3.013823002871305820e-02	7.564328919029647547e-02
1.163483736384095664e+03	2.563937271116539240e-01	1.613523364677409977e-01	2.518411369947676226e-01	1.518762088010247591e-01	7.262444555907626720e-02	3.017821186088337493e-02	7.573393320477751767e-02
1.165902621490923138e+03	2.560478565827955522e-01	1.611191321183499392e-01	2.520852165564182457e-01	1.520202258337854662e-01	7.268513204067625355e-02	3.021810548325382442e-02	7.582433138464519939e-02
1.168321506597751068e+03	2.557029591579655370e-01	1.608865841172484046e-01	2.523285891656717461e-01	1.521638194629164886e-01	7.274565273420761924e-02	3.025791097382684453e-02	7.591448438808781618e-02
1.170740391704578315e+03	2.553590320932918045e-01	1.606546906127646335e-01	2.525712568246342160e-01	1.523069910871617250e-01	7.280600809871555501e-02	3.029762841168005122e-02	7.600439287167641556e-02
1.173159276811406244e+03	2.550160726526961019e-01	1.604234497584693109e-01	2.528132215297608232e-01	1.524497420996855368e-01	7.286619859199194860e-02	3.033725787695330106e-02	7.609405749036741995e-02
1.175578161918233945e+03	2.546740781078706828e-01	1.601928597131610232e-01	2.530544852718717430e-01	1.525920738881010874e-01	7.292622467057857660e-02	3.037679945083586464e-02	7.618347889750544388e-02
1.177997047025061647e+03	2.543330457382555476e-01	1.599629186408517423e-01	2.532950500361683677e-01	1.527339878344987911e-01	7.298608678977028252e-02	3.041625321555370409e-02	7.627265774482608340e-02
1.180415932131889122e+03	2.539929728310153512e-01	1.597336247107524199e-01	2.535349178022487937e-01	1.528754853154741244e-01	7.304578540361821026e-02	3.045561925435686518e-02	7.636159468245866389e-02
1.182834817238716823e+03	2.536538566810169759e-01	1.595049760972584718e-01	2.537740905441243089e-01	1.530165677021557702e-01	7.310532096493294052e-02	3.049489765150698029e-02	7.645029035892907110e-02
1.185253702345544298e+03	2.533156945908062729e-01	1.592769709799352895e-01	2.540125702302346578e-01	1.531572363602332620e-01	7.316469392528764104e-02	3.053408849226489294e-02	7.653874542116247126e-02
1.187672587452371999e+03	2.529784838705860239e-01	1.590496075435039181e-01	2.542503588234642509e-01	1.532974926499844903e-01	7.322390473502128627e-02	3.057319186287835167e-02	7.662696051448615597e-02
1.190091472559199701e+03	2.526422218381927931e-01	1.588228839778266510e-01	2.544874582811577080e-01	1.534373379263032633e-01	7.328295384324182149e-02	3.061220785056985652e-02	7.671493628263231779e-02
1.192510357666027403e+03	2.523069058190750558e-01	1.585967984778926809e-01	2.547238705551357341e-01	1.535767735387263133e-01	7.334184169782928531e-02	3.065113654352458888e-02	7.680267336774085352e-02
1.194929242772855105e+03	2.519725331462704943e-01	1.583713492438037218e-01	2.549595975917102741e-01	1.537158008314604141e-01	7.340056874543898768e-02	3.068997803087843840e-02	7.689017241036220918e-02
1.197348127879682352e+03	2.516391011603837935e-01	1.581465344807596596e-01	2.551946413317009443e-01	1.538544211434092757e-01	7.345913543150461855e-02	3.072873240270614786e-02	7.697743404946012780e-02
1.199767012986510281e+03	2.513066072095644365e-01	1.579223523990444245e-01	2.554290037104498534e-01	1.539926358082003011e-01	7.351754220024143971e-02	3.076739975000957264e-02	7.706445892241450824e-02
1.202185898093337983e+03	2.509750486494847221e-01	1.576988012140116135e-01	2.556626866578375901e-01	1.541304461542109816e-01	7.357578949464943507e-02	3.080598016470601636e-02	7.715124766502419462e-02
1.204604783200165684e+03	2.506444228433175603e-01	1.574758791460702800e-01	2.558956920982984329e-01	1.542678535045954036e-01	7.363387775651636380e-02	3.084447373961667418e-02	7.723780091150984906e-02
1.207023668306993159e+03	2.503147271617147118e-01	1.572535844206707500e-01	2.561280219508358380e-01	1.544048591773103940e-01	7.369180742642093829e-02	3.088288056845519755e-02	7.732411929451675492e-02
1.209442553413820860e+03	2.499859589827846673e-01	1.570319152682904396e-01	2.563596781290379822e-01	1.545414644851415553e-01	7.374957894373597445e-02	3.092120074581634903e-02	7.741020344511764795e-02
1.211861438520648335e+03	2.496581156920710531e-01	1.568108699244197823e-01	2.565906625410929176e-01	1.546776707357291614e-01	7.380719274663144480e-02	3.095943436716473360e-02	7.749605399281550566e-02
1.214280323627476264e+03	2.493311946825309822e-01	1.565904466295480468e-01	2.568209770898038924e-01	1.548134792315938590e-01	7.386464927207762876e-02	3.099758152882367210e-02	7.758167156554648947e-02
1.216699208734303511e+03	2.490051933545132656e-01	1.563706436291492086e-01	2.570506236726047833e-01	1.549488912701622867e-01	7.392194895584820735e-02	3.103564232796413025e-02	7.766705678968270632e-02
1.219118093841131440e+03	2.486801091157369303e-01	1.561514591736680724e-01	2.572796041815749724e-01	1.550839081437924427e-01	7.397909223252334410e-02	3.107361686259377601e-02	7.775221029003509532e-02
1.221536978947959142e+03	2.483559393812697358e-01	1.559328915185060893e-01	2.575079205034548346e-01	1.552185311397988599e-01	7.403607953549279364e-02	3.111150523154611325e-02	7.783713268985625877e-02
1.223955864054786844e+03	2.480326815735068025e-01	1.557149389240074233e-01	2.577355745196606152e-01	1.553527615404778350e-01	7.409291129695901035e-02	3.114930753446972997e-02	7.792182461084334877e-02
1.226374749161614318e+03	2.477103331221491844e-01	1.554975996554449624e-01	2.579625681062996390e-01	1.554866006231322428e-01	7.414958794794018759e-02	3.118702387181761931e-02	7.800628667314089826e-02
1.228793634268442020e+03	2.473888914641828585e-01	1.552808719830064688e-01	2.581889031341854102e-01	1.556200496600963490e-01	7.420610991827335245e-02	3.122465434483660471e-02	7.809051949534366599e-02
1.231212519375269494e+03	2.470683540438572967e-01	1.550647541817806174e-01	2.584145814688523779e-01	1.557531099187604295e-01	7.426247763661744661e-02	3.126219905555687600e-02	7.817452369449957861e-02
1.233631404482097196e+03	2.467487183126645667e-01	1.548492445317432020e-01	2.586396049705712019e-01	1.558857826615952791e-01	7.431869153045636556e-02	3.129965810678157767e-02	7.825829988611249233e-02
1.236050289588924898e+03	2.464299817293180428e-01	1.546343413177431736e-01	2.588639754943632409e-01	1.560180691461765246e-01	7.437475202610203950e-02	3.133703160207652882e-02	7.834184868414514891e-02
1.238469174695752372e+03	2.461121417597317840e-01	1.544200428294889571e-01	2.590876948900157073e-01	1.561499706252087172e-01	7.443065954869747258e-02	3.137431964576001958e-02	7.842517070102204835e-02
1.240888059802580301e+03	2.457951958769993839e-01	1.542063473615347124e-01	2.593107650020964328e-01	1.562814883465494797e-01	7.448641452221979598e-02	3.141152234289269068e-02	7.850826654763225221e-02
1.243306944909407548e+03	2.454791415613733208e-01	1.539932532132664567e-01	2.595331876699685791e-01	1.564126235532332654e-01	7.454201736948329327e-02	3.144863979926751374e-02	7.859113683333233957e-02
1.245725830016235477e+03	2.451639763002441130e-01	1.537807586888884914e-01	2.597549647278054596e-01	1.565433774834951719e-01	7.459746851214245356e-02	3.148567212139984084e-02	7.867378216594926588e-02
1.248144715123063179e+03	2.448496975881196691e-01	1.535688620974096918e-01	2.599760980046051384e-01	1.566737513707945062e-01	7.465276837069499682e-02	3.152261941651757909e-02	7.875620315178324948e-02
1.250563600229890881e+03	2.445363029266047761e-01	1.533575617526299339e-01	2.601965893242050298e-01	1.568037464438381823e-01	7.470791736448484377e-02	3.155948179255142066e-02	7.883840039561065827e-02
1.252982485336718355e+03	2.442237898243803940e-01	1.531468559731263002e-01	2.604164405052968312e-01	1.569333639266040081e-01	7.476291591170525219e-02	3.159625935812516301e-02	7.892037450068689619e-02
1.255401370443546057e+03	2.439121557971833942e-01	1.529367430822398122e-01	2.606356533614405668e-01	1.570626050383639449e-01	7.481776442940167582e-02	3.163295222254613320e-02	7.900212606874931764e-02
1.257820255550373531e+03	2.436013983677860206e-01	1.527272214080615809e-01	2.608542297010795763e-01	1.571914709937070331e-01	7.487246333347488680e-02	3.166956049579567473e-02	7.908365570002008627e-02
1.260239140657201460e+03	2.432915150659755443e-01	1.525182892834196224e-01	2.610721713275546141e-01	1.573199630025622353e-01	7.492701303868391782e-02	3.170608428851974525e-02	7.916496399320914479e-02
1.262658025764028707e+03	2.429825034285340857e-01	1.523099450458651194e-01	2.612894800391187267e-01	1.574480822702212512e-01	7.498141395864905967e-02	3.174252371201956996e-02	7.924605154551703223e-02
1.265076910870856636e+03	2.426743609992184358e-01	1.521021870376591534e-01	2.615061576289511858e-01	1.575758299973610277e-01	7.503566650585484499e-02	3.177887887824241281e-02	7.932691895263785375e-02
1.267495795977684338e+03	2.423670853287398230e-01	1.518950136057592992e-01	2.617222058851720323e-01	1.577032073800662682e-01	7.508977109165303199e-02	3.181514989977236862e-02	7.940756680876213947e-02
1.269914681084511813e+03	2.420606739747439007e-01	1.516884231018061358e-01	2.619376265908564538e-01	1.578302156098517484e-01	7.514372812626561593e-02	3.185133688982134947e-02	7.948799570657977265e-02
1.272333566191339514e+03	2.417551245017907913e-01	1.514824138821100619e-01	2.621524215240491618e-01	1.579568558736844097e-01	7.519753801878770183e-02	3.188743996221999472e-02	7.956820623728289021e-02
1.274752451298167216e+03	2.414504344813350467e-01	1.512769843076380016e-01	2.623665924577781583e-01	1.580831293540055915e-01	7.525120117719055757e-02	3.192345923140881697e-02	7.964819899056882480e-02
1.277171336404994690e+03	2.411466014917058587e-01	1.510721327440001094e-01	2.625801411600695023e-01	1.582090372287527358e-01	7.530471800832447271e-02	3.195939481242934810e-02	7.972797455464297744e-02
1.279590221511822392e+03	2.408436231180872411e-01	1.508678575614364470e-01	2.627930693939610207e-01	1.583345806713813420e-01	7.535808891792185327e-02	3.199524682091532679e-02	7.980753351622175973e-02
1.282009106618650094e+03	2.405414969524982960e-01	1.506641571348039665e-01	2.630053789175166856e-01	1.584597608508865052e-01	7.541131431059999723e-02	3.203101537308408048e-02	7.988687646053549418e-02
1.284427991725477568e+03	2.402402205937734792e-01	1.504610298435632432e-01	2.632170714838405479e-01	1.585845789318244548e-01	7.546439458986410609e-02	3.206670058572789334e-02	7.996600397133135640e-02
1.286846876832305497e+03	2.399397916475430048e-01	1.502584740717654022e-01	2.634281488410907812e-01	1.587090360743340089e-01	7.551733015811025462e-02	3.210230257620546451e-02	8.004491663087626163e-02
1.289265761939132744e+03	2.396402077262133334e-01	1.500564882080389906e-01	2.636386127324937267e-01	1.588331334341576973e-01	7.557012141662823590e-02	3.213782146243348431e-02	8.012361501995979296e-02
1.291684647045960673e+03	2.393414664489476318e-01	1.498550706455770154e-01	2.638484648963577150e-01	1.589568721626630488e-01	7.562276876560451722e-02	3.217325736287822424e-02	8.020209971789714343e-02
1.294103532152788375e+03	2.390435654416463718e-01	1.496542197821238707e-01	2.640577070660870551e-01	1.590802534068634921e-01	7.567527260412515444e-02	3.220861039654727975e-02	8.028037130253203035e-02
1.296522417259616077e+03	2.387465023369279571e-01	1.494539340199623478e-01	2.642663409701961341e-01	1.592032783094393111e-01	7.572763333017866472e-02	3.224388068298131294e-02	8.035843035023962355e-02
1.298941302366443551e+03	2.384502747741093220e-01	1.492542117659007017e-01	2.644743683323226846e-01	1.593259480087582391e-01	7.577985134065895467e-02	3.227906834224592708e-02	8.043627743592945967e-02
1.301360187473271253e+03	2.381548803991868912e-01	1.490550514312597996e-01	2.646817908712422174e-01	1.594482636388962760e-01	7.583192703136817925e-02	3.231417349492356900e-02	8.051391313304837039e-02
1.303779072580098727e+03	2.378603168648171506e-01	1.488564514318601595e-01	2.648886103008812332e-01	1.595702263296581713e-01	7.588386079701965603e-02	3.234919626210554233e-02	8.059133801358341065e-02
1.306197957686926657e+03	2.375665818302976906e-01	1.486584101880091546e-01	2.650948283303312114e-01	1.596918372065976310e-01	7.593565303124075183e-02	3.238413676538406949e-02	8.066855264806484238e-02
1.308616842793753904e+03	2.372736729615480822e-01	1.484609261244882183e-01	2.653004466638622105e-01	1.598130973910377728e-01	7.598730412657569988e-02	3.241899512684444373e-02	8.074555760556895168e-02
1.311035727900581833e+03	2.369815879310908091e-01	1.482639976705400486e-01	2.655054670009365791e-01	1.599340080000910547e-01	7.603881447448854192e-02	3.245377146905723681e-02	8.082235345372108803e-02
1.313454613007409534e+03	2.366903244180324217e-01	1.480676232598559516e-01	2.657098910362224453e-01	1.600545701466795923e-01	7.609018446536587599e-02	3.248846591507058984e-02	8.089894075869849543e-02
1.315873498114237009e+03	2.363998801080445522e-01	1.478718013305629908e-01	2.659137204596073167e-01	1.601747849395547818e-01	7.614141448851982630e-02	3.252307858840254584e-02	8.097532008523335156e-02
1.318292383221064711e+03	2.361102526933452073e-01	1.476765303252114969e-01	2.661169569562114590e-01	1.602946534833171455e-01	7.619250493219083264e-02	3.255760961303351408e-02	8.105149199661565440e-02
1.320711268327892412e+03	2.358214398726798111e-01	1.474818086907622727e-01	2.663196022064018287e-01	1.604141768784361211e-01	7.624345618355048149e-02	3.259205911339872752e-02	8.112745705469610880e-02
1.323130153434719887e+03	2.355334393513026925e-01	1.472876348785741862e-01	2.665216578858047858e-01	1.605333562212694076e-01	7.629426862870436477e-02	3.262642721438082510e-02	8.120321581988912407e-02
1.325549038541547588e+03	2.352462488409581831e-01	1.470940073443914309e-01	2.667231256653201377e-01	1.606521926040825610e-01	7.634494265269488322e-02	3.266071404130248962e-02	8.127876885117574224e-02
1.327967923648375290e+03	2.349598660598622435e-01	1.469009245483311465e-01	2.669240072111340734e-01	1.607706871150682559e-01	7.639547863950409134e-02	3.269491971991912715e-02	8.135411670610652457e-02
1.330386808755202765e+03	2.346742887326838389e-01	1.467083849548708463e-01	2.671243041847328192e-01	1.608888408383653823e-01	7.644587697205647292e-02	3.272904437641164371e-02	8.142925994080450758e-02
1.332805693862030694e+03	2.343895145905263988e-01	1.465163870328359541e-01	2.673240182429156842e-01	1.610066548540783071e-01	7.649613803222179986e-02	3.276308813737927733e-02	8.150419910996815898e-02
1.335224578968857941e+03	2.341055413709094146e-01	1.463249292553874537e-01	2.675231510378083266e-01	1.611241302382956653e-01	7.654626220081789389e-02	3.279705112983248572e-02	8.157893476687431977e-02
1.337643464075685870e+03	2.338223668177501213e-01	1.461340101000094538e-01	2.677217042168761330e-01	1.612412680631093720e-01	7.659624985761342986e-02	3.283093348118593102e-02	8.165346746338109085e-02
1.340062349182513572e+03	2.335399886813451231e-01	1.459436280484968373e-01	2.679196794229373180e-01	1.613580693966332469e-01	7.664610138133072514e-02	3.286473531925148545e-02	8.172779774993083057e-02
1.342481234289341273e+03	2.332584047183521025e-01	1.457537815869430209e-01	2.681170782941758590e-01	1.614745353030217490e-01	7.669581714964854302e-02	3.289845677223136172e-02	8.180192617555299972e-02
1.344900119396168748e+03	2.329776126917716406e-01	1.455644692057275480e-01	2.683139024641547632e-01	1.615906668424884063e-01	7.674539753920484042e-02	3.293209796871120892e-02	8.187585328786720074e-02
1.347319004502996449e+03	2.326976103709290922e-01	1.453756893995039046e-01	2.685101535618292790e-01	1.617064650713243568e-01	7.679484292559951575e-02	3.296565903765337480e-02	8.194957963308606430e-02
1.349737889609823924e+03	2.324183955314564898e-01	1.451874406671874729e-01	2.687058332115596082e-01	1.618219310419165280e-01	7.684415368339723995e-02	3.299914010839020279e-02	8.202310575601813591e-02
1.352156774716651853e+03	2.321399659552744466e-01	1.449997215119429861e-01	2.689009430331240069e-01	1.619370658027658727e-01	7.689333018613014881e-02	3.303254131061731519e-02	8.209643220007090125e-02
1.354575659823479100e+03	2.318623194305741708e-01	1.448125304411727321e-01	2.690954846417318858e-01	1.620518703985055486e-01	7.694237280630063236e-02	3.306586277438709059e-02	8.216955950725364499e-02
1.356994544930307029e+03	2.315854537517995915e-01	1.446258659665042579e-01	2.692894596480364666e-01	1.621663458699188209e-01	7.699128191538404109e-02	3.309910463010209969e-02	8.224248821818040678e-02
1.359413430037134731e+03	2.313093667196294279e-01	1.444397266037784344e-01	2.694828696581479388e-01	1.622804932539569089e-01	7.704005788383147535e-02	3.313226700850861739e-02	8.231521887207296495e-02
1.361832315143962205e+03	2.310340561409593985e-01	1.442541108730372446e-01	2.696757162736458380e-01	1.623943135837568608e-01	7.708870108107244989e-02	3.316535004069023213e-02	8.238775200676370924e-02
1.364251200250789907e+03	2.307595198288843741e-01	1.440690172985119311e-01	2.698680010915925354e-01	1.625078078886592059e-01	7.713721187551768332e-02	3.319835385806149675e-02	8.246008815869855513e-02
1.366670085357617609e+03	2.304857556026807253e-01	1.438844444086109231e-01	2.700597257045453392e-01	1.626209771942254689e-01	7.718559063456176261e-02	3.323127859236163495e-02	8.253222786293991364e-02
1.369088970464445310e+03	2.302127612877886975e-01	1.437003907359080124e-01	2.702508917005695954e-01	1.627338225222556556e-01	7.723383772458589092e-02	3.326412437564830321e-02	8.260417165316964738e-02
1.371507855571272785e+03	2.299405347157946755e-01	1.435168548171303071e-01	2.704415006632512330e-01	1.628463448908056554e-01	7.728195351096059373e-02	3.329689134029140130e-02	8.267592006169195706e-02
1.373926740678100487e+03	2.296690737244137526e-01	1.433338351931464916e-01	2.706315541717094209e-01	1.629585453142045059e-01	7.732993835804834182e-02	3.332957961896698684e-02	8.274747361943628199e-02
1.376345625784927961e+03	2.293983761574720781e-01	1.431513304089549743e-01	2.708210538006093904e-01	1.630704248030714898e-01	7.737779262920638224e-02	3.336218934465121078e-02	8.281883285596032540e-02
1.378764510891755890e+03	2.291284398648895382e-01	1.429693390136720088e-01	2.710100011201746484e-01	1.631819843643332602e-01	7.742551668678929189e-02	3.339472065061428047e-02	8.288999829945287168e-02
1.381183395998583137e+03	2.288592627026622695e-01	1.427878595605199252e-01	2.711983976961999110e-01	1.632932250012407993e-01	7.747311089215173918e-02	3.342717367041454085e-02	8.296097047673678393e-02
1.383602281105411066e+03	2.285908425328453397e-01	1.426068906068155284e-01	2.713862450900633161e-01	1.634041477133862386e-01	7.752057560565110694e-02	3.345954853789259720e-02	8.303174991327193222e-02
1.386021166212238768e+03	2.283231772235354007e-01	1.424264307139583297e-01	2.715735448587389689e-01	1.635147534967196503e-01	7.756791118665021245e-02	3.349184538716544479e-02	8.310233713315802462e-02
1.388440051319066470e+03	2.280562646488535350e-01	1.422464784474188060e-01	2.717602985548095984e-01	1.636250433435657847e-01	7.761511799351990259e-02	3.352406435262071660e-02	8.317273265913764646e-02
1.390858936425893944e+03	2.277901026889279923e-01	1.420670323767268539e-01	2.719465077264787700e-01	1.637350182426405287e-01	7.766219638364176003e-02	3.355620556891095174e-02	8.324293701259914691e-02
1.393277821532721646e+03	2.275246892298770363e-01	1.418880910754601876e-01	2.721321739175830978e-01	1.638446791790675316e-01	7.770914671341075386e-02	3.358826917094791253e-02	8.331295071357951165e-02
1.395696706639549120e+03	2.272600221637918194e-01	1.417096531212327926e-01	2.723172986676049012e-01	1.639540271343943589e-01	7.775596933823782086e-02	3.362025529389698481e-02	8.338277428076729114e-02
1.398115591746377049e+03	2.269960993887194800e-01	1.415317170956832959e-01	2.725018835116843063e-01	1.640630630866090345e-01	7.780266461255257171e-02	3.365216407317161290e-02	8.345240823150561205e-02
1.400534476853204296e+03	2.267329188086459613e-01	1.413542815844635869e-01	2.726859299806316805e-01	1.641717880101560556e-01	7.784923288980585832e-02	3.368399564442776245e-02	8.352185308179498058e-02
1.402953361960032225e+03	2.264704783334792471e-01	1.411773451772272148e-01	2.728694396009395673e-01	1.642802028759526300e-01	7.789567452247248003e-02	3.371575014355850108e-02	8.359110934629623846e-02
1.405372247066859927e+03	2.262087758790322922e-01	1.410009064676181478e-01	2.730524138947951762e-01	1.643883086514045244e-01	7.794198986205369550e-02	3.374742770668856529e-02	8.366017753833347725e-02
1.407791132173687402e+03	2.259478093670063414e-01	1.408249640532591718e-01	2.732348543800923735e-01	1.644961063004221624e-01	7.798817925907990112e-02	3.377902847016899662e-02	8.372905816989696659e-02
1.410210017280515103e+03	2.256875767249740261e-01	1.406495165357406207e-01	2.734167625704438387e-01	1.646035967834363067e-01	7.803424306311321224e-02	3.381055257057187513e-02	8.379775175164602685e-02
1.412628902387342805e+03	2.254280758863626000e-01	1.404745625206091364e-01	2.735981399751931664e-01	1.647107810574138798e-01	7.808018162275008611e-02	3.384200014468502493e-02	8.386625879291195740e-02
1.415047787494170507e+03	2.251693047904373968e-01	1.403001006173562326e-01	2.737789880994270231e-01	1.648176600758735344e-01	7.812599528562388929e-02	3.387337132950685170e-02	8.393457980170095090e-02
1.417466672600997981e+03	2.249112613822850659e-01	1.401261294394069434e-01	2.739593084439870263e-01	1.649242347889012805e-01	7.817168439840746497e-02	3.390466626224115237e-02	8.400271528469702154e-02
1.419885557707825683e+03	2.246539436127969191e-01	1.399526476041088596e-01	2.741391025054816799e-01	1.650305061431658893e-01	7.821724930681574206e-02	3.393588508029202894e-02	8.407066574726484998e-02
1.422304442814653157e+03	2.243973494386525547e-01	1.397796537327207489e-01	2.743183717762984752e-01	1.651364750819343530e-01	7.826269035560830256e-02	3.396702792125884385e-02	8.413843169345269768e-02
1.424723327921481086e+03	2.241414768223032317e-01	1.396071464504013426e-01	2.744971177446158817e-01	1.652421425450870951e-01	7.830800788859194894e-02	3.399809492293118240e-02	8.420601362599533513e-02
1.427142213028308333e+03	2.238863237319554944e-01	1.394351243861983169e-01	2.746753418944148928e-01	1.653475094691332081e-01	7.835320224862324379e-02	3.402908622328391919e-02	8.427341204631694227e-02
1.429561098135136262e+03	2.236318881415546300e-01	1.392635861730371627e-01	2.748530457054912945e-01	1.654525767872255249e-01	7.839827377761110494e-02	3.406000196047231920e-02	8.434062745453398124e-02
1.431979983241963964e+03	2.233781680307685147e-01	1.390925304477100277e-01	2.750302306534672114e-01	1.655573454291757451e-01	7.844322281651928963e-02	3.409084227282714596e-02	8.440766034945808294e-02
1.434398868348791666e+03	2.231251613849711546e-01	1.389219558508647812e-01	2.752068982098029304e-01	1.656618163214693129e-01	7.848804970536900349e-02	3.412160729884986671e-02	8.447451122859897521e-02
1.436817753455619140e+03	2.228728661952265322e-01	1.387518610269939112e-01	2.753830498418087247e-01	1.657659903872802931e-01	7.853275478324139858e-02	3.415229717720789232e-02	8.454118058816734171e-02
1.439236638562446842e+03	2.226212804582722860e-01	1.385822446244236728e-01	2.755586870126565113e-01	1.658698685464860823e-01	7.857733838828011297e-02	3.418291204672980338e-02	8.460766892307769460e-02
1.441655523669274316e+03	2.223704021765036676e-01	1.384131052953029850e-01	2.757338111813915082e-01	1.659734517156822020e-01	7.862180085769376880e-02	3.421345204640074966e-02	8.467397672695131661e-02
1.444074408776102018e+03	2.221202293579573606e-01	1.382444416955926070e-01	2.759084238029439473e-01	1.660767408081968988e-01	7.866614252775851190e-02	3.424391731535775946e-02	8.474010449211910601e-02
1.446493293882929493e+03	2.218707600162953542e-01	1.380762524850542572e-01	2.760825263281407316e-01	1.661797367341056042e-01	7.871036373382053752e-02	3.427430799288516683e-02	8.480605270962447706e-02
1.448912178989757422e+03	2.216219921707890672e-01	1.379085363272397613e-01	2.762561202037170371e-01	1.662824404002453960e-01	7.875446481029857448e-02	3.430462421841010828e-02	8.487182186922617722e-02
1.451331064096585123e+03	2.213739238463033610e-01	1.377412918894801996e-01	2.764292068723275819e-01	1.663848527102293751e-01	7.879844609068636929e-02	3.433486613149797778e-02	8.493741245940125695e-02
1.453749949203412370e+03	2.211265530732803852e-01	1.375745178428751381e-01	2.766017877725585605e-01	1.664869745644609877e-01	7.884230790755522578e-02	3.436503387184799280e-02	8.500282496734790083e-02
1.456168834310240300e+03	2.208798778877239799e-01	1.374082128622818866e-01	2.767738643389386910e-01	1.665888068601481808e-01	7.888605059255641982e-02	3.439512757928878811e-02	8.506805987898825860e-02
1.458587719417068001e+03	2.206338963311837154e-01	1.372423756263047301e-01	2.769454380019510387e-01	1.666903504913174738e-01	7.892967447642373902e-02	3.442514739377405125e-02	8.513311767897137339e-02
1.461006604523895703e+03	2.203886064507391274e-01	1.370770048172842981e-01	2.771165101880443959e-01	1.667916063488281697e-01	7.897317988897595287e-02	3.445509345537819956e-02	8.519799885067605438e-02
1.463425489630723177e+03	2.201440062989839241e-01	1.369120991212868510e-01	2.772870823196444401e-01	1.668925753203860662e-01	7.901656715911922757e-02	3.448496590429209196e-02	8.526270387621368019e-02
1.465844374737550879e+03	2.199000939340103600e-01	1.367476572280936498e-01	2.774571558151651129e-01	1.669932582905576113e-01	7.905983661484963787e-02	3.451476488081881011e-02	8.532723323643111313e-02
1.468263259844378354e+03	2.196568674193935256e-01	1.365836778311903532e-01	2.776267320890203338e-01	1.670936561407835308e-01	7.910298858325562343e-02	3.454449052536944648e-02	8.539158741091353033e-02
1.470682144951206283e+03	2.194143248241758326e-01	1.364201596277565265e-01	2.777958125516347687e-01	1.671937697493925956e-01	7.914602339052038971e-02	3.457414297845893408e-02	8.545576687798731030e-02
1.473101030058033530e+03	2.191724642228513320e-01	1.362571013186549829e-01	2.779643986094554875e-01	1.672935999916153327e-01	7.918894136192443367e-02	3.460372238070198031e-02	8.551977211472283624e-02
1.475519915164861459e+03	2.189312836953503649e-01	1.360945016084213199e-01	2.781324916649629553e-01	1.673931477395974865e-01	7.923174282184787531e-02	3.463322887280895906e-02	8.558360359693739650e-02
1.477938800271689161e+03	2.186907813270239642e-01	1.359323592052534835e-01	2.783000931166824121e-01	1.674924138624136472e-01	7.927442809377296951e-02	3.466266259558188623e-02	8.564726179919802951e-02
1.480357685378516862e+03	2.184509552086284501e-01	1.357706728210013314e-01	2.784672043591946977e-01	1.675913992260806284e-01	7.931699750028652074e-02	3.469202368991043672e-02	8.571074719482434101e-02
1.482776570485344337e+03	2.182118034363100811e-01	1.356094411711560310e-01	2.786338267831478532e-01	1.676901046935707629e-01	7.935945136308228398e-02	3.472131229676798242e-02	8.577406025589137673e-02
