1.001418434226643626e+03	2.819167752958590678e-01	1.786392066600687167e-01	2.337969590850649537e-01	1.411685652226214172e-01	6.814909648434923362e-02	2.726709640107390781e-02	6.906230085088811699e-02
1.002869765290740247e+03	2.816660288499320264e-01	1.784699983523096167e-01	2.339749922585165343e-01	1.412741878626053438e-01	6.819284659626613510e-02	2.729459160207922327e-02	6.912735447821655166e-02
1.004321096354836754e+03	2.814157061700585105e-01	1.783010760587603050e-01	2.341527170320820139e-01	1.413796187380417790e-01	6.823652476510752574e-02	2.732205465109495413e-02	6.919230258478042961e-02
1.005772427418933376e+03	2.811658065368168868e-01	1.781324392953980706e-01	2.343301339298867192e-01	1.414848582489037498e-01	6.828013111031822069e-02	2.734948554128801071e-02	6.925714533731380795e-02
1.007223758483029997e+03	2.809163292320430716e-01	1.779640875790020338e-01	2.345072434751661050e-01	1.415899067941342460e-01	6.832366575114984242e-02	2.737688426611223358e-02	6.932188290231799943e-02
1.008675089547126618e+03	2.806672735388273110e-01	1.777960204271521183e-01	2.346840461902670594e-01	1.416947647716496894e-01	6.836712880666104275e-02	2.740425081930665530e-02	6.938651544606164179e-02
1.010126420611223239e+03	2.804186387415116832e-01	1.776282373582285246e-01	2.348605425966495686e-01	1.417994325783432652e-01	6.841052039571772492e-02	2.743158519489377958e-02	6.945104313458096146e-02
1.011577751675319632e+03	2.801704241256872119e-01	1.774607378914105360e-01	2.350367332148882715e-01	1.419039106100883074e-01	6.845384063699337662e-02	2.745888738717787783e-02	6.951546613367992622e-02
1.013029082739416367e+03	2.799226289781910348e-01	1.772935215466758530e-01	2.352126185646740142e-01	1.420081992617415745e-01	6.849708964896926433e-02	2.748615739074328559e-02	6.957978460893042560e-02
1.014480413803512761e+03	2.796752525871037398e-01	1.771265878447997877e-01	2.353881991648152650e-01	1.421122989271466908e-01	6.854026754993472470e-02	2.751339520045271297e-02	6.964399872567252070e-02
1.015931744867609382e+03	2.794282942417465332e-01	1.769599363073541820e-01	2.355634755332397245e-01	1.422162099991374495e-01	6.858337445798740051e-02	2.754060081144555500e-02	6.970810864901456905e-02
1.017383075931706003e+03	2.791817532326786866e-01	1.767935664567066856e-01	2.357384481869958803e-01	1.423199328695410049e-01	6.862641049103351820e-02	2.756777421913620893e-02	6.977211454383343281e-02
1.018834406995802851e+03	2.789356288516945948e-01	1.766274778160198122e-01	2.359131176422544218e-01	1.424234679291813688e-01	6.866937576678816546e-02	2.759491541921242630e-02	6.983601657477465918e-02
1.020285738059899245e+03	2.786899203918212220e-01	1.764616699092499685e-01	2.360874844143098505e-01	1.425268155678825477e-01	6.871227040277547160e-02	2.762202440763363714e-02	6.989981490625273020e-02
1.021737069123995752e+03	2.784446271473154932e-01	1.762961422611466211e-01	2.362615490175820065e-01	1.426299761744717898e-01	6.875509451632894065e-02	2.764910118062929162e-02	6.996350970245117373e-02
1.023188400188092373e+03	2.781997484136616294e-01	1.761308943972514363e-01	2.364353119656175395e-01	1.427329501367829989e-01	6.879784822459170113e-02	2.767614573469723283e-02	7.002710112732279946e-02
1.024639731252188767e+03	2.779552834875683720e-01	1.759659258438971419e-01	2.366087737710914074e-01	1.428357378416598156e-01	6.884053164451672813e-02	2.770315806660205923e-02	7.009058934458989309e-02
1.026091062316285615e+03	2.777112316669664849e-01	1.758012361282067226e-01	2.367819349458083755e-01	1.429383396749588919e-01	6.888314489286714859e-02	2.773013817337348710e-02	7.015397451774435522e-02
1.027542393380382237e+03	2.774675922510059789e-01	1.756368247780924763e-01	2.369547960007045984e-01	1.430407560215531948e-01	6.892568808621646337e-02	2.775708605230472678e-02	7.021725681004795105e-02
1.028993724444478858e+03	2.772243645400538914e-01	1.754726913222550699e-01	2.371273574458490352e-01	1.431429872653351143e-01	6.896816134094885253e-02	2.778400170095089369e-02	7.028043638453249087e-02
1.030445055508575479e+03	2.769815478356913441e-01	1.753088352901825409e-01	2.372996197904450044e-01	1.432450337892196834e-01	6.901056477325939742e-02	2.781088511712737771e-02	7.034351340399999652e-02
1.031896386572671872e+03	2.767391414407111561e-01	1.751452562121493250e-01	2.374715835428316546e-01	1.433468959751477145e-01	6.905289849915434430e-02	2.783773629890827148e-02	7.040648803102293740e-02
1.033347717636768493e+03	2.764971446591152349e-01	1.749819536192152303e-01	2.376432492104854077e-01	1.434485742040890743e-01	6.909516263445139583e-02	2.786455524462476060e-02	7.046936042794435529e-02
1.034799048700865114e+03	2.762555567961119674e-01	1.748189270432245757e-01	2.378146173000215413e-01	1.435500688560457094e-01	6.913735729477991920e-02	2.789134195286356241e-02	7.053213075687812805e-02
1.036250379764961508e+03	2.760143771581140548e-01	1.746561760168051647e-01	2.379856883171956594e-01	1.436513803100548381e-01	6.917948259558127921e-02	2.791809642246533690e-02	7.059479917970913621e-02
1.037701710829058356e+03	2.757736050527354044e-01	1.744937000733672028e-01	2.381564627669050804e-01	1.437525089441921422e-01	6.922153865210907420e-02	2.794481865252313596e-02	7.065736585809342940e-02
1.039153041893154750e+03	2.755332397887892415e-01	1.743314987471023814e-01	2.383269411531904192e-01	1.438534551355747648e-01	6.926352557942933030e-02	2.797150864238083512e-02	7.071983095345846237e-02
1.040604372957251599e+03	2.752932806762853346e-01	1.741695715729828786e-01	2.384971239792370301e-01	1.439542192603645021e-01	6.930544349242089008e-02	2.799816639163158968e-02	7.078219462700328923e-02
1.042055704021347992e+03	2.750537270264274969e-01	1.740079180867602771e-01	2.386670117473763952e-01	1.440548016937708287e-01	6.934729250577555126e-02	2.802479190011629775e-02	7.084445703969868835e-02
1.043507035085444613e+03	2.748145781516111996e-01	1.738465378249645643e-01	2.388366049590877616e-01	1.441552028100540339e-01	6.938907273399839981e-02	2.805138516792205633e-02	7.090661835228745380e-02
1.044958366149541234e+03	2.745758333654212957e-01	1.736854303249031617e-01	2.390059041149995289e-01	1.442554229825282475e-01	6.943078429140810137e-02	2.807794619538064168e-02	7.096867872528452026e-02
1.046409697213637855e+03	2.743374919826292446e-01	1.735245951246598139e-01	2.391749097148906933e-01	1.443554625835644922e-01	6.947242729213708168e-02	2.810447498306698974e-02	7.103063831897721281e-02
1.047861028277734476e+03	2.740995533191910027e-01	1.733640317630936734e-01	2.393436222576922623e-01	1.444553219845937375e-01	6.951400185013184574e-02	2.813097153179768342e-02	7.109249729342537183e-02
1.049312359341831097e+03	2.738620166922444144e-01	1.732037397798380507e-01	2.395120422414888650e-01	1.445550015561099244e-01	6.955550807915321376e-02	2.815743584262944688e-02	7.115425580846161668e-02
1.050763690405927491e+03	2.736248814201070467e-01	1.730437187152996381e-01	2.396801701635200565e-01	1.446545016676730466e-01	6.959694609277661259e-02	2.818386791685764670e-02	7.121591402369152612e-02
1.052215021470024112e+03	2.733881468222735811e-01	1.728839681106572601e-01	2.398480065201818168e-01	1.447538226879119538e-01	6.963831600439232550e-02	2.821026775601482087e-02	7.127747209849379095e-02
1.053666352534120733e+03	2.731518122194135367e-01	1.727244875078608743e-01	2.400155518070281047e-01	1.448529649845275991e-01	6.967961792720575587e-02	2.823663536186917303e-02	7.133893019202046382e-02
1.055117683598217127e+03	2.729158769333689949e-01	1.725652764496305447e-01	2.401828065187721906e-01	1.449519289242958142e-01	6.972085197423769087e-02	2.826297073642310489e-02	7.140028846319715350e-02
1.056569014662313975e+03	2.726803402871521009e-01	1.724063344794553587e-01	2.403497711492880995e-01	1.450507148730704465e-01	6.976201825832455128e-02	2.828927388191176603e-02	7.146154707072317758e-02
1.058020345726410369e+03	2.724452016049427883e-01	1.722476611415922898e-01	2.405164461916121377e-01	1.451493231957861341e-01	6.980311689211871062e-02	2.831554480080156547e-02	7.152270617307181222e-02
1.059471676790506763e+03	2.722104602120866135e-01	1.720892559810653089e-01	2.406828321379441971e-01	1.452477542564614699e-01	6.984414798808868952e-02	2.834178349578875267e-02	7.158376592849044484e-02
1.060923007854603611e+03	2.719761154350920918e-01	1.719311185436640521e-01	2.408489294796493652e-01	1.453460084182016943e-01	6.988511165851944706e-02	2.836798996979793958e-02	7.164472649500079615e-02
1.062374338918700232e+03	2.717421666016288095e-01	1.717732483759430162e-01	2.410147387072592295e-01	1.454440860432018312e-01	6.992600801551270007e-02	2.839416422598068854e-02	7.170558803039914220e-02
1.063825669982796853e+03	2.715086130405247600e-01	1.716156450252202259e-01	2.411802603104733767e-01	1.455419874927494639e-01	6.996683717098707567e-02	2.842030626771405860e-02	7.176635069225646701e-02
1.065277001046893474e+03	2.712754540817642890e-01	1.714583080395763737e-01	2.413454947781607240e-01	1.456397131272276491e-01	7.000759923667847218e-02	2.844641609859920386e-02	7.182701463791868468e-02
1.066728332110990095e+03	2.710426890564857638e-01	1.713012369678535707e-01	2.415104425983610192e-01	1.457372633061178591e-01	7.004829432414028112e-02	2.847249372245994059e-02	7.188758002450686135e-02
1.068179663175086489e+03	2.708103172969793526e-01	1.711444313596543199e-01	2.416751042582863662e-01	1.458346383880028130e-01	7.008892254474367867e-02	2.849853914334134208e-02	7.194804700891735405e-02
1.069630994239183110e+03	2.705783381366846929e-01	1.709878907653404057e-01	2.418394802443224467e-01	1.459318387305694187e-01	7.012948400967784768e-02	2.852455236550834050e-02	7.200841574782210208e-02
1.071082325303279504e+03	2.703467509101886712e-01	1.708316147360317838e-01	2.420035710420299913e-01	1.460288646906114929e-01	7.016997882995028302e-02	2.855053339344432520e-02	7.206868639766871032e-02
1.072533656367376352e+03	2.701155549532232580e-01	1.706756028236054989e-01	2.421673771361463057e-01	1.461257166240326477e-01	7.021040711638704135e-02	2.857648223184976188e-02	7.212885911468076838e-02
1.073984987431472746e+03	2.698847496026630655e-01	1.705198545806945742e-01	2.423308990105866034e-01	1.462223948858491773e-01	7.025076897963300482e-02	2.860239888564080138e-02	7.218893405485797554e-02
1.075436318495569594e+03	2.696543341965234597e-01	1.703643695606869846e-01	2.424941371484454211e-01	1.463188998301928889e-01	7.029106453015214473e-02	2.862828335994790918e-02	7.224891137397636276e-02
1.076887649559666215e+03	2.694243080739581742e-01	1.702091473177243797e-01	2.426570920319979507e-01	1.464152318103138506e-01	7.033129387822779910e-02	2.865413566011449850e-02	7.230879122758851474e-02
1.078338980623762609e+03	2.691946705752570335e-01	1.700541874067010850e-01	2.428197641427016218e-01	1.465113911785831668e-01	7.037145713396293634e-02	2.867995579169556331e-02	7.236857377102372257e-02
1.079790311687859230e+03	2.689654210418439551e-01	1.698994893832630193e-01	2.429821539611973502e-01	1.466073782864958652e-01	7.041155440728037729e-02	2.870574376045633563e-02	7.242825915938823356e-02
1.081241642751955851e+03	2.687365588162745622e-01	1.697450528038064177e-01	2.431442619673110095e-01	1.467031934846735330e-01	7.045158580792312830e-02	2.873149957237092211e-02	7.248784754756547322e-02
1.082692973816052472e+03	2.685080832422343522e-01	1.695908772254769714e-01	2.433060886400547351e-01	1.467988371228672317e-01	7.049155144545460328e-02	2.875722323362097863e-02	7.254733909021615634e-02
1.084144304880149093e+03	2.682799936645360317e-01	1.694369622061684677e-01	2.434676344576284512e-01	1.468943095499601614e-01	7.053145142925890121e-02	2.878291475059436416e-02	7.260673394177859230e-02
1.085595635944245487e+03	2.680522894291178515e-01	1.692833073045217629e-01	2.436288998974212305e-01	1.469896111139704364e-01	7.057128586854106989e-02	2.880857412988382243e-02	7.266603225646882380e-02
1.087046967008342108e+03	2.678249698830410530e-01	1.691299120799237277e-01	2.437898854360125156e-01	1.470847421620537776e-01	7.061105487232735567e-02	2.883420137828564961e-02	7.272523418828086283e-02
1.088498298072438729e+03	2.675980343744880363e-01	1.689767760925059703e-01	2.439505915491737842e-01	1.471797030405063156e-01	7.065075854946550882e-02	2.885979650279839326e-02	7.278433989098685719e-02
1.089949629136535123e+03	2.673714822527601953e-01	1.688238989031438098e-01	2.441110187118697428e-01	1.472744940947671999e-01	7.069039700862501940e-02	2.888535951062153745e-02	7.284334951813738190e-02
1.091400960200631971e+03	2.671453128682756972e-01	1.686712800734551654e-01	2.442711673982596587e-01	1.473691156694213189e-01	7.072997035829735324e-02	2.891089040915420169e-02	7.290226322306152251e-02
1.092852291264728365e+03	2.669195255725671512e-01	1.685189191657993635e-01	2.444310380816990258e-01	1.474635681082021033e-01	7.076947870679627106e-02	2.893638920599383990e-02	7.296108115886716650e-02
1.094303622328825213e+03	2.666941197182800538e-01	1.683668157432759993e-01	2.445906312347405076e-01	1.475578517539941070e-01	7.080892216225805058e-02	2.896185590893497058e-02	7.301980347844119756e-02
1.095754953392921607e+03	2.664690946591701803e-01	1.682149693697239101e-01	2.447499473291357419e-01	1.476519669488356168e-01	7.084830083264179179e-02	2.898729052596788272e-02	7.307843033444967606e-02
1.097206284457018228e+03	2.662444497501018081e-01	1.680633796097199262e-01	2.449089868358364508e-01	1.477459140339214827e-01	7.088761482572966677e-02	2.901269306527735209e-02	7.313696187933804715e-02
1.098657615521114849e+03	2.660201843470454963e-01	1.679120460285777883e-01	2.450677502249958839e-01	1.478396933496056442e-01	7.092686424912716947e-02	2.903806353524139225e-02	7.319539826533139060e-02
1.100108946585211470e+03	2.657962978070759763e-01	1.677609681923469820e-01	2.452262379659701508e-01	1.479333052354037670e-01	7.096604921026336554e-02	2.906340194442997779e-02	7.325373964443457342e-02
1.101560277649308091e+03	2.655727894883701534e-01	1.676101456678116552e-01	2.453844505273196086e-01	1.480267500299959071e-01	7.100516981639118375e-02	2.908870830160379187e-02	7.331198616843248583e-02
1.103011608713404712e+03	2.653496587502049975e-01	1.674595780224893693e-01	2.455423883768102500e-01	1.481200280712291761e-01	7.104422617458772127e-02	2.911398261571297719e-02	7.337013798889024940e-02
1.104462939777501106e+03	2.651269049529555999e-01	1.673092648246300995e-01	2.457000519814150907e-01	1.482131396961202385e-01	7.108321839175441026e-02	2.913922489589589049e-02	7.342819525715341133e-02
1.105914270841597499e+03	2.649045274580930642e-01	1.671592056432149864e-01	2.458574418073153911e-01	1.483060852408579766e-01	7.112214657461735090e-02	2.916443515147787088e-02	7.348615812434816652e-02
1.107365601905694348e+03	2.646825256281822858e-01	1.670094000479552809e-01	2.460145583199020713e-01	1.483988650408060994e-01	7.116101082972754732e-02	2.918961339196999780e-02	7.354402674138152407e-02
1.108816932969790741e+03	2.644608988268802863e-01	1.668598476092910954e-01	2.461714019837770995e-01	1.484914794305056962e-01	7.119981126346118516e-02	2.921475962706788360e-02	7.360180125894158487e-02
1.110268264033887590e+03	2.642396464189337157e-01	1.667105478983903488e-01	2.463279732627548790e-01	1.485839287436777345e-01	7.123854798201990912e-02	2.923987386665043500e-02	7.365948182749770812e-02
1.111719595097984211e+03	2.640187677701774649e-01	1.665615004871476290e-01	2.464842726198635259e-01	1.486762133132257802e-01	7.127722109143104501e-02	2.926495612077864919e-02	7.371706859730076111e-02
1.113170926162080832e+03	2.637982622475318895e-01	1.664127049481829435e-01	2.466403005173461449e-01	1.487683334712383565e-01	7.131583069754790505e-02	2.929000639969441336e-02	7.377456171838323029e-02
1.114622257226177226e+03	2.635781292190014224e-01	1.662641608548406924e-01	2.467960574166622734e-01	1.488602895489916367e-01	7.135437690604998218e-02	2.931502471381930083e-02	7.383196134055955429e-02
1.116073588290273847e+03	2.633583680536722427e-01	1.661158677811885032e-01	2.469515437784892131e-01	1.489520818769519139e-01	7.139285982244333861e-02	2.934001107375336717e-02	7.388926761342623495e-02
1.117524919354370468e+03	2.631389781217104984e-01	1.659678253020160366e-01	2.471067600627233629e-01	1.490437107847780440e-01	7.143127955206074464e-02	2.936496549027397401e-02	7.394648068636214266e-02
1.118976250418467089e+03	2.629199587943600869e-01	1.658200329928338768e-01	2.472617067284815229e-01	1.491351766013241653e-01	7.146963620006201168e-02	2.938988797433460601e-02	7.400360070852861349e-02
1.120427581482563710e+03	2.627013094439407670e-01	1.656724904298723100e-01	2.474163842341021713e-01	1.492264796546419192e-01	7.150792987143418655e-02	2.941477853706368079e-02	7.406062782886976836e-02
1.121878912546660331e+03	2.624830294438463274e-01	1.655251971900803254e-01	2.475707930371469356e-01	1.493176202719831702e-01	7.154616067099194010e-02	2.943963718976340058e-02	7.411756219611265184e-02
1.123330243610756725e+03	2.622651181685424215e-01	1.653781528511243659e-01	2.477249335944018416e-01	1.494085987798023929e-01	7.158432870337767817e-02	2.946446394390856913e-02	7.417440395876749581e-02
1.124781574674853118e+03	2.620475749935646248e-01	1.652313569913871627e-01	2.478788063618786452e-01	1.494994155037591421e-01	7.162243407306190246e-02	2.948925881114544331e-02	7.423115326512785828e-02
1.126232905738949967e+03	2.618303992955165471e-01	1.650848091899666525e-01	2.480324117948160823e-01	1.495900707687204956e-01	7.166047688434343255e-02	2.951402180329057087e-02	7.428781026327091475e-02
1.127684236803046360e+03	2.616135904520679456e-01	1.649385090266747844e-01	2.481857503476813387e-01	1.496805648987635795e-01	7.169845724134969733e-02	2.953875293232965590e-02	7.434437510105763869e-02
1.129135567867143209e+03	2.613971478419525596e-01	1.647924560820364648e-01	2.483388224741711892e-01	1.497708982171779557e-01	7.173637524803697096e-02	2.956345221041640700e-02	7.440084792613302356e-02
1.130586898931239830e+03	2.611810708449663343e-01	1.646466499372882808e-01	2.484916286272135511e-01	1.498610710464680362e-01	7.177423100819063650e-02	2.958811964987141663e-02	7.445722888592626321e-02
1.132038229995336451e+03	2.609653588419655890e-01	1.645010901743774179e-01	2.486441692589684838e-01	1.499510837083556369e-01	7.181202462542546350e-02	2.961275526318100926e-02	7.451351812765097393e-02
1.133489561059432845e+03	2.607500112148647409e-01	1.643557763759605217e-01	2.487964448208297152e-01	1.500409365237821424e-01	7.184975620318587164e-02	2.963735906299613462e-02	7.456971579830544428e-02
1.134940892123529466e+03	2.605350273466346955e-01	1.642107081254025325e-01	2.489484557634259465e-01	1.501306298129111982e-01	7.188742584474612507e-02	2.966193106213125055e-02	7.462582204467284319e-02
1.136392223187626087e+03	2.603204066213007928e-01	1.640658850067755192e-01	2.491002025366221007e-01	1.502201638951309037e-01	7.192503365321069320e-02	2.968647127356319540e-02	7.468183701332138658e-02
1.137843554251722708e+03	2.601061484239409749e-01	1.639213066048575973e-01	2.492516855895205441e-01	1.503095390890562821e-01	7.196257973151444498e-02	2.971097971043009864e-02	7.473776085060458707e-02
1.139294885315819101e+03	2.598922521406837327e-01	1.637769725051318181e-01	2.494029053704626409e-01	1.503987557125316676e-01	7.200006418242292650e-02	2.973545638603027064e-02	7.479359370266146223e-02
1.140746216379915950e+03	2.596787171587064402e-01	1.636328822937848371e-01	2.495538623270297518e-01	1.504878140826330646e-01	7.203748710853265236e-02	2.975990131382109938e-02	7.484933571541677044e-02
1.142197547444012343e+03	2.594655428662331342e-01	1.634890355577058862e-01	2.497045569060446502e-01	1.505767145156704512e-01	7.207484861227128614e-02	2.978431450741798880e-02	7.490498703458120522e-02
1.143648878508108737e+03	2.592527286525329044e-01	1.633454318844856923e-01	2.498549895535729648e-01	1.506654573271901942e-01	7.211214879589798732e-02	2.980869598059323819e-02	7.496054780565157560e-02
1.145100209572205586e+03	2.590402739079178951e-01	1.632020708624152550e-01	2.500051607149242350e-01	1.507540428319774362e-01	7.214938776150361943e-02	2.983304574727498396e-02	7.501601817391108373e-02
1.146551540636302207e+03	2.588281780237415841e-01	1.630589520804847092e-01	2.501550708346533258e-01	1.508424713440583154e-01	7.218656561101101377e-02	2.985736382154613455e-02	7.507139828442950524e-02
1.148002871700398828e+03	2.586164403923964517e-01	1.629160751283821873e-01	2.503047203565616496e-01	1.509307431767023533e-01	7.222368244617524691e-02	2.988165021764327411e-02	7.512668828206342519e-02
1.149454202764495449e+03	2.584050604073125923e-01	1.627734395964927083e-01	2.504541097236985814e-01	1.510188586424247581e-01	7.226073836858390442e-02	2.990590494995562509e-02	7.518188831145643236e-02
1.150905533828591842e+03	2.581940374629557722e-01	1.626310450758969572e-01	2.506032393783625967e-01	1.511068180529887561e-01	7.229773347965728902e-02	2.993012803302397967e-02	7.523699851703936903e-02
1.152356864892688463e+03	2.579833709548252085e-01	1.624888911583702023e-01	2.507521097621026041e-01	1.511946217194078679e-01	7.233466788064875364e-02	2.995431948153964852e-02	7.529201904303049753e-02
1.153808195956785084e+03	2.577730602794521264e-01	1.623469774363811846e-01	2.509007213157191662e-01	1.512822699519482395e-01	7.237154167264489568e-02	2.997847931034343036e-02	7.534695003343575004e-02
1.155259527020881706e+03	2.575631048343977603e-01	1.622053035030909529e-01	2.510490744792658879e-01	1.513697630601307520e-01	7.240835495656583465e-02	3.000260753442453646e-02	7.540179163204897839e-02
1.156710858084978327e+03	2.573535040182515221e-01	1.620638689523516696e-01	2.511971696920506369e-01	1.514571013527336585e-01	7.244510783316548963e-02	3.002670416891959140e-02	7.545654398245207894e-02
1.158162189149074720e+03	2.571442572306291141e-01	1.619226733787055561e-01	2.513450073926369321e-01	1.515442851377944433e-01	7.248180040303181526e-02	3.005076922911158188e-02	7.551120722801531182e-02
1.159613520213171569e+03	2.569353638721706412e-01	1.617817163773836164e-01	2.514925880188447760e-01	1.516313147226122926e-01	7.251843276658707926e-02	3.007480273042884358e-02	7.556578151189743964e-02
1.161064851277267962e+03	2.567268233445389458e-01	1.616409975443047209e-01	2.516399120077525420e-01	1.517181904137503146e-01	7.255500502408809838e-02	3.009880468844402385e-02	7.562026697704600509e-02
1.162516182341364356e+03	2.565186350504176649e-01	1.615005164760743295e-01	2.517869797956977518e-01	1.518049125170378155e-01	7.259151727562648815e-02	3.012277511887308939e-02	7.567466376619749746e-02
1.163967513405461204e+03	2.563107983935093981e-01	1.613602727699832984e-01	2.519337918182786296e-01	1.518914813375724648e-01	7.262796962112894050e-02	3.014671403757429244e-02	7.572897202187761634e-02
1.165418844469557826e+03	2.561033127785339869e-01	1.612202660240068530e-01	2.520803485103551012e-01	1.519778971797225153e-01	7.266436216035747353e-02	3.017062146054718882e-02	7.578319188640149362e-02
1.166870175533654447e+03	2.558961776112265718e-01	1.610804958368034778e-01	2.522266503060504039e-01	1.520641603471290237e-01	7.270069499290969517e-02	3.019449740393162843e-02	7.583732350187384619e-02
1.168321506597751068e+03	2.556893922983358713e-01	1.609409618077136395e-01	2.523726976387519749e-01	1.521502711427080989e-01	7.273696821821903913e-02	3.021834188400675941e-02	7.589136701018923958e-02
1.169772837661847461e+03	2.554829562476223503e-01	1.608016635367588432e-01	2.525184909411129497e-01	1.522362298686530668e-01	7.277318193555504244e-02	3.024215491719004639e-02	7.594532255303236556e-02
1.171224168725944082e+03	2.552768688678564435e-01	1.606626006246403560e-01	2.526640306450532170e-01	1.523220368264367186e-01	7.280933624402358140e-02	3.026593652003627469e-02	7.599919027187812537e-02
1.172675499790040703e+03	2.550711295688166680e-01	1.605237726727380687e-01	2.528093171817609175e-01	1.524076923168133368e-01	7.284543124256712132e-02	3.028968670923658582e-02	7.605297030799199054e-02
1.174126830854137097e+03	2.548657377612879582e-01	1.603851792831095524e-01	2.529543509816934987e-01	1.524931966398210825e-01	7.288146702996502191e-02	3.031340550161748873e-02	7.610666280243012782e-02
1.175578161918233945e+03	2.546606928570598893e-01	1.602468200584886426e-01	2.530991324745789361e-01	1.525785500947839379e-01	7.291744370483373150e-02	3.033709291413991607e-02	7.616026789603967673e-02
1.177029492982330339e+03	2.544559942689247345e-01	1.601086946022846069e-01	2.532436620894171764e-01	1.526637529803140658e-01	7.295336136562705076e-02	3.036074896389822156e-02	7.621378572945891605e-02
1.178480824046426733e+03	2.542516414106757994e-01	1.599708025185808125e-01	2.533879402544811366e-01	1.527488055943137801e-01	7.298922011063643800e-02	3.038437366811926055e-02	7.626721644311755532e-02
1.179932155110523581e+03	2.540476336971056459e-01	1.598331434121336714e-01	2.535319673973180921e-01	1.528337082339778774e-01	7.302502003799118957e-02	3.040796704416141513e-02	7.632056017723687358e-02
1.181383486174620202e+03	2.538439705440043159e-01	1.596957168883715583e-01	2.536757439447508977e-01	1.529184611957955520e-01	7.306076124565875907e-02	3.043152910951363657e-02	7.637381707182999691e-02
1.182834817238716823e+03	2.536406513681575547e-01	1.595585225533936169e-01	2.538192703228792646e-01	1.530030647755527273e-01	7.309644383144495161e-02	3.045505988179453283e-02	7.642698726670210663e-02
1.184286148302813444e+03	2.534376755873449238e-01	1.594215600139686773e-01	2.539625469570808147e-01	1.530875192683340547e-01	7.313206789299421529e-02	3.047855937875139018e-02	7.648007090145066134e-02
1.185737479366910065e+03	2.532350426203383575e-01	1.592848288775341181e-01	2.541055742720124688e-01	1.531718249685249944e-01	7.316763352778989093e-02	3.050202761825926770e-02	7.653306811546564670e-02
1.187188810431006686e+03	2.530327518869002201e-01	1.591483287521947287e-01	2.542483526916115011e-01	1.532559821698140090e-01	7.320314083315447584e-02	3.052546461832006397e-02	7.658597904792970035e-02
1.188640141495103080e+03	2.528308028077814740e-01	1.590120592467216820e-01	2.543908826390970379e-01	1.533399911651946168e-01	7.323858990624980414e-02	3.054887039706158033e-02	7.663880383781847272e-02
1.190091472559199701e+03	2.526291948047199032e-01	1.588760199705513410e-01	2.545331645369711682e-01	1.534238522469674737e-01	7.327398084407740764e-02	3.057224497273660496e-02	7.669154262390071031e-02
1.191542803623296322e+03	2.524279273004387258e-01	1.587402105337841485e-01	2.546751988070199979e-01	1.535075657067425103e-01	7.330931374347868235e-02	3.059558836372200386e-02	7.674419554473860261e-02
1.192994134687392716e+03	2.522269997186444845e-01	1.586046305471834894e-01	2.548169858703149826e-01	1.535911318354408195e-01	7.334458870113516604e-02	3.061890058851780491e-02	7.679676273868792091e-02
1.194445465751489564e+03	2.520264114840254366e-01	1.584692796221746081e-01	2.549585261472143149e-01	1.536745509232969320e-01	7.337980581356878806e-02	3.064218166574629240e-02	7.684924434389826808e-02
1.195896796815585958e+03	2.518261620222498887e-01	1.583341573708435257e-01	2.550998200573638686e-01	1.537578232598607875e-01	7.341496517714216075e-02	3.066543161415111185e-02	7.690164049831332838e-02
1.197348127879682352e+03	2.516262507599643650e-01	1.581992634059359859e-01	2.552408680196984192e-01	1.538409491339997881e-01	7.345006688805877371e-02	3.068865045259636104e-02	7.695395133967103396e-02
1.198799458943779200e+03	2.514266771247920529e-01	1.580645973408560667e-01	2.553816704524431991e-01	1.539239288339007694e-01	7.348511104236322977e-02	3.071183820006570878e-02	7.700617700550382860e-02
1.200250790007875821e+03	2.512274405453308046e-01	1.579301587896654313e-01	2.555222277731146185e-01	1.540067626470721374e-01	7.352009773594157804e-02	3.073499487566150670e-02	7.705831763313887584e-02
1.201702121071972442e+03	2.510285404511517493e-01	1.577959473670819956e-01	2.556625403985217648e-01	1.540894508603458113e-01	7.355502706452149431e-02	3.075812049860389766e-02	7.711037335969829487e-02
1.203153452136069063e+03	2.508299762727972393e-01	1.576619626884788461e-01	2.558026087447676788e-01	1.541719937598793333e-01	7.358989912367254471e-02	3.078121508822995178e-02	7.716234432209938265e-02
1.204604783200165684e+03	2.506317474417795177e-01	1.575282043698832402e-01	2.559424332272503544e-01	1.542543916311577834e-01	7.362471400880643557e-02	3.080427866399278528e-02	7.721423065705483590e-02
1.206056114264262078e+03	2.504338533905787756e-01	1.573946720279753575e-01	2.560820142606640148e-01	1.543366447589958335e-01	7.365947181517729092e-02	3.082731124546068263e-02	7.726603250107295928e-02
1.207507445328358699e+03	2.502362935526414311e-01	1.572613652800874118e-01	2.562213522590002790e-01	1.544187534275397455e-01	7.369417263788184680e-02	3.085031285231625009e-02	7.731774999045791519e-02
1.208958776392455093e+03	2.500390673623785198e-01	1.571282837442022906e-01	2.563604476355494932e-01	1.545007179202693148e-01	7.372881657185975657e-02	3.087328350435554480e-02	7.736938326130993193e-02
1.210410107456551941e+03	2.498421742551641123e-01	1.569954270389526119e-01	2.564993008029016752e-01	1.545825385199998958e-01	7.376340371189378520e-02	3.089622322148721789e-02	7.742093244952553965e-02
1.211861438520648335e+03	2.496456136673333437e-01	1.568627947836195857e-01	2.566379121729479573e-01	1.546642155088843174e-01	7.379793415261011458e-02	3.091913202373167482e-02	7.747239769079777849e-02
1.213312769584745183e+03	2.494493850361809706e-01	1.567303865981320155e-01	2.567762821568815856e-01	1.547457491684149644e-01	7.383240798847852393e-02	3.094200993122021154e-02	7.752377912061644838e-02
1.214764100648841804e+03	2.492534877999596221e-01	1.565982021030650484e-01	2.569144111651992524e-01	1.548271397794256099e-01	7.386682531381270900e-02	3.096485696419418177e-02	7.757507687426833110e-02
1.216215431712937971e+03	2.490579213978781348e-01	1.564662409196391213e-01	2.570522996077022060e-01	1.549083876220934131e-01	7.390118622277044858e-02	3.098767314300416437e-02	7.762629108683735679e-02
1.217666762777034819e+03	2.488626852700997205e-01	1.563345026697189610e-01	2.571899478934973615e-01	1.549894929759408901e-01	7.393549080935392370e-02	3.101045848810911679e-02	7.767742189320492319e-02
1.219118093841131440e+03	2.486677788577405790e-01	1.562029869758123912e-01	2.573273564309986328e-01	1.550704561198377740e-01	7.396973916740992583e-02	3.103321302007555973e-02	7.772846942805003434e-02
1.220569424905228061e+03	2.484732016028680379e-01	1.560716934610693052e-01	2.574645256279279315e-01	1.551512773320030958e-01	7.400393139063013437e-02	3.105593675957674452e-02	7.777943382584961984e-02
1.222020755969324682e+03	2.482789529484989433e-01	1.559406217492805558e-01	2.576014558913166663e-01	1.552319568900069613e-01	7.403806757255129711e-02	3.107862972739183424e-02	7.783031522087867360e-02
1.223472087033421303e+03	2.480850323385979661e-01	1.558097714648768450e-01	2.577381476275064642e-01	1.553124950707724938e-01	7.407214780655553554e-02	3.110129194440507810e-02	7.788111374721051750e-02
1.224923418097517697e+03	2.478914392180760207e-01	1.556791422329276975e-01	2.578746012421508360e-01	1.553928921505777772e-01	7.410617218587058075e-02	3.112392343160502034e-02	7.793182953871703733e-02
1.226374749161614318e+03	2.476981730327885156e-01	1.555487336791403497e-01	2.580108171402157313e-01	1.554731484050577706e-01	7.414014080357000935e-02	3.114652421008367450e-02	7.798246272906887711e-02
1.227826080225710712e+03	2.475052332295338275e-01	1.554185454298586400e-01	2.581467957259814261e-01	1.555532641092061408e-01	7.417405375257346556e-02	3.116909430103572548e-02	7.803301345173571657e-02
1.229277411289807560e+03	2.473126192560515246e-01	1.552885771120619818e-01	2.582825374030431331e-01	1.556332395373772326e-01	7.420791112564695258e-02	3.119163372575773155e-02	7.808348183998643777e-02
1.230728742353903954e+03	2.471203305610207845e-01	1.551588283533641699e-01	2.584180425743124454e-01	1.557130749632878453e-01	7.424171301540301304e-02	3.121414250564732984e-02	7.813386802688937482e-02
1.232180073418000802e+03	2.469283665940588124e-01	1.550292987820124924e-01	2.585533116420182798e-01	1.557927706600192308e-01	7.427545951430104820e-02	3.123662066220244185e-02	7.818417214531259152e-02
1.233631404482097196e+03	2.467367268057191199e-01	1.548999880268865093e-01	2.586883450077083202e-01	1.558723269000188705e-01	7.430915071464751220e-02	3.125906821702048588e-02	7.823439432792402004e-02
1.235082735546193817e+03	2.465454106474899432e-01	1.547708957174969979e-01	2.588231430722500725e-01	1.559517439551023621e-01	7.434278670859616189e-02	3.128148519179760334e-02	7.828453470719173857e-02
1.236534066610290438e+03	2.463544175717925500e-01	1.546420214839849538e-01	2.589577062358316417e-01	1.560310220964552519e-01	7.437636758814829274e-02	3.130387160832786425e-02	7.833459341538420717e-02
1.237985397674387059e+03	2.461637470319797127e-01	1.545133649571204526e-01	2.590920348979636745e-01	1.561101615946349497e-01	7.440989344515301640e-02	3.132622748850251437e-02	7.838457058457046212e-02
1.239436728738483680e+03	2.459733984823340158e-01	1.543849257683015674e-01	2.592261294574797481e-01	1.561891627195724774e-01	7.444336437130744111e-02	3.134855285430917377e-02	7.843446634662037953e-02
1.240888059802580301e+03	2.457833713780662732e-01	1.542567035495533423e-01	2.593599903125378692e-01	1.562680257405743844e-01	7.447678045815697701e-02	3.137084772783110820e-02	7.848428083320485582e-02
1.242339390866676695e+03	2.455936651753138356e-01	1.541286979335266816e-01	2.594936178606216948e-01	1.563467509263244681e-01	7.451014179709553042e-02	3.139311213124643812e-02	7.853401417579608523e-02
1.243790721930773088e+03	2.454042793311391746e-01	1.540009085534974342e-01	2.596270124985414762e-01	1.564253385448857725e-01	7.454344847936578144e-02	3.141534608682738927e-02	7.858366650566776801e-02
1.245242052994869937e+03	2.452152133035279957e-01	1.538733350433650338e-01	2.597601746224352248e-01	1.565037888637021979e-01	7.457670059605940593e-02	3.143754961693954325e-02	7.863323795389531856e-02
1.246693384058966330e+03	2.450264665513878504e-01	1.537459770376518042e-01	2.598931046277701551e-01	1.565821021496004439e-01	7.460989823811731148e-02	3.145972274404107427e-02	7.868272865135611527e-02
1.248144715123063179e+03	2.448380385345464427e-01	1.536188341715015726e-01	2.600258029093432399e-01	1.566602786687917859e-01	7.464304149632985941e-02	3.148186549068202056e-02	7.873213872872972252e-02
1.249596046187159800e+03	2.446499287137501033e-01	1.534919060806787527e-01	2.601582698612830424e-01	1.567383186868738509e-01	7.467613046133718402e-02	3.150397787950352801e-02	7.878146831649814053e-02
1.251047377251256421e+03	2.444621365506620680e-01	1.533651924015673740e-01	2.602905058770503821e-01	1.568162224688323669e-01	7.470916522362933132e-02	3.152605993323710776e-02	7.883071754494598571e-02
1.252498708315352815e+03	2.442746615078609795e-01	1.532386927711699154e-01	2.604225113494395005e-01	1.568939902790429941e-01	7.474214587354656436e-02	3.154811167470390754e-02	7.887988654416075440e-02
1.253950039379449436e+03	2.440875030488393327e-01	1.531124068271061955e-01	2.605542866705793936e-01	1.569716223812731015e-01	7.477507250127955751e-02	3.157013312681400397e-02	7.892897544403305876e-02
1.255401370443546057e+03	2.439006606380017261e-01	1.529863342076124566e-01	2.606858322319347554e-01	1.570491190386835434e-01	7.480794519686967403e-02	3.159212431256563230e-02	7.897798437425684881e-02
1.256852701507642678e+03	2.437141337406634189e-01	1.528604745515401986e-01	2.608171484243073102e-01	1.571264805138303799e-01	7.484076405020918810e-02	3.161408525504449257e-02	7.902691346432957897e-02
1.258304032571739299e+03	2.435279218230488318e-01	1.527348274983552634e-01	2.609482356378368118e-01	1.572037070686666260e-01	7.487352915104150686e-02	3.163601597742302790e-02	7.907576284355254115e-02
1.259755363635835920e+03	2.433420243522897430e-01	1.526093926881366414e-01	2.610790942620020427e-01	1.572807989645441107e-01	7.490624058896143411e-02	3.165791650295968901e-02	7.912453264103100348e-02
1.261206694699932314e+03	2.431564407964238450e-01	1.524841697615755554e-01	2.612097246856221466e-01	1.573577564622150038e-01	7.493889845341540623e-02	3.167978685499825420e-02	7.917322298567452954e-02
1.262658025764028707e+03	2.429711706243931901e-01	1.523591583599742671e-01	2.613401272968575162e-01	1.574345798218338421e-01	7.497150283370174195e-02	3.170162705696708688e-02	7.922183400619710325e-02
1.264109356828125556e+03	2.427862133060425531e-01	1.522343581252451894e-01	2.614703024832113476e-01	1.575112693029589728e-01	7.500405381897079504e-02	3.172343713237845558e-02	7.927036583111744805e-02
1.265560687892221949e+03	2.426015683121179045e-01	1.521097686999097198e-01	2.616002506315303622e-01	1.575878251645545236e-01	7.503655149822528736e-02	3.174521710482783310e-02	7.931881858875917957e-02
1.267012018956318798e+03	2.424172351142648840e-01	1.519853897270972698e-01	2.617299721280059721e-01	1.576642476649918745e-01	7.506899596032053090e-02	3.176696699799317486e-02	7.936719240725112479e-02
1.268463350020415419e+03	2.422332131850272186e-01	1.518612208505442929e-01	2.618594673581753907e-01	1.577405370620516001e-01	7.510138729396459434e-02	3.178868683563425973e-02	7.941548741452744697e-02
1.269914681084511813e+03	2.420495019978450846e-01	1.517372617145930636e-01	2.619887367069229644e-01	1.578166936129250242e-01	7.513372558771862220e-02	3.181037664159197531e-02	7.946370373832797873e-02
1.271366012148608434e+03	2.418661010270537481e-01	1.516135119641907891e-01	2.621177805584811171e-01	1.578927175742159961e-01	7.516601092999702916e-02	3.183203643978765179e-02	7.951184150619836077e-02
1.272817343212705055e+03	2.416830097478817885e-01	1.514899712448885549e-01	2.622465992964314041e-01	1.579686092019425558e-01	7.519824340906772209e-02	3.185366625422235420e-02	7.955990084549033337e-02
1.274268674276801676e+03	2.415002276364496825e-01	1.513666392028402419e-01	2.623751933037056783e-01	1.580443687515386275e-01	7.523042311305236374e-02	3.187526610897623014e-02	7.960788188336191673e-02
1.275720005340898297e+03	2.413177541697682504e-01	1.512435154848014718e-01	2.625035629625870892e-01	1.581199964778556843e-01	7.526255012992660864e-02	3.189683602820782282e-02	7.965578474677771637e-02
1.277171336404994690e+03	2.411355888257371571e-01	1.511205997381287469e-01	2.626317086547115820e-01	1.581954926351644142e-01	7.529462454752031131e-02	3.191837603615339108e-02	7.970360956250906181e-02
1.278622667469091539e+03	2.409537310831431911e-01	1.509978916107782287e-01	2.627596307610683968e-01	1.582708574771564680e-01	7.532664645351777599e-02	3.193988615712625712e-02	7.975135645713429811e-02
1.280073998533187932e+03	2.407721804216590156e-01	1.508753907513048498e-01	2.628873296620016786e-01	1.583460912569460144e-01	7.535861593545797876e-02	3.196136641551612645e-02	7.979902555703899392e-02
1.281525329597284326e+03	2.405909363218413644e-01	1.507530968088611201e-01	2.630148057372113102e-01	1.584211942270714601e-01	7.539053308073480342e-02	3.198281683578846346e-02	7.984661698841614974e-02
1.282976660661381175e+03	2.404099982651296818e-01	1.506310094331963501e-01	2.631420593657539664e-01	1.584961666394970881e-01	7.542239797659730516e-02	3.200423744248377667e-02	7.989413087726646157e-02
1.284427991725477568e+03	2.402293657338445965e-01	1.505091282746554571e-01	2.632690909260443912e-01	1.585710087456147221e-01	7.545421071014986325e-02	3.202562826021700809e-02	7.994156734939858455e-02
1.285879322789574417e+03	2.400490382111862553e-01	1.503874529841779939e-01	2.633959007958563969e-01	1.586457207962453098e-01	7.548597136835250021e-02	3.204698931367687409e-02	7.998892653042925793e-02
1.287330653853671038e+03	2.398690151812329641e-01	1.502659832132970108e-01	2.635224893523239742e-01	1.587203030416406424e-01	7.551768003802110385e-02	3.206832062762521307e-02	8.003620854578361032e-02
1.288781984917767431e+03	2.396892961289396051e-01	1.501447186141383339e-01	2.636488569719423469e-01	1.587947557314849378e-01	7.554933680582759381e-02	3.208962222689634713e-02	8.008341352069540953e-02
1.290233315981864052e+03	2.395098805401360831e-01	1.500236588394192327e-01	2.637750040305689714e-01	1.588690791148964221e-01	7.558094175830018524e-02	3.211089413639642981e-02	8.013054158020722906e-02
