1.301360187473271253e+03	2.376877839704377160e-01	1.492152441643860017e-01	2.611620738021933064e-01	1.612736423581460909e-01	7.672817812463694764e-02	3.213576773075008802e-02	8.179730984937251537e-02
1.306197957686926657e+03	2.371011320097249908e-01	1.488170322896674724e-01	2.615491898988880903e-01	1.615314647757485067e-01	7.683696354224306413e-02	3.220720186827090437e-02	8.195701561537971358e-02
1.311035727900581833e+03	2.365177808354675670e-01	1.484210619761558159e-01	2.619339654872360201e-01	1.617878287146704841e-01	7.694516555199490404e-02	3.227833757674210963e-02	8.211585985765582074e-02
1.315873498114237009e+03	2.359377118264257833e-01	1.480273205686216120e-01	2.623164152514144698e-01	1.620427425494671003e-01	7.705278720135430581e-02	3.234917545465003375e-02	8.227384714798936793e-02
1.320711268327892412e+03	2.353609064669399120e-01	1.476357954836308994e-01	2.626965537799577088e-01	1.622962146041999065e-01	7.715983152223533648e-02	3.241971610875373638e-02	8.243098203420512471e-02
1.325549038541547588e+03	2.347873463463236998e-01	1.472464742091361134e-01	2.630743955663825129e-01	1.625482531527984165e-01	7.726630153108916821e-02	3.248996015390789860e-02	8.258726904028484972e-02
1.330386808755202765e+03	2.342170131582617110e-01	1.468593443040694391e-01	2.634499550098099996e-01	1.627988664194173762e-01	7.737220022898809446e-02	3.255990821288821946e-02	8.274271266648779155e-02
1.335224578968857941e+03	2.336498887002102787e-01	1.464743933979383572e-01	2.638232464155846335e-01	1.630480625787899540e-01	7.747753060170897710e-02	3.262956091621930371e-02	8.289731738947110629e-02
1.340062349182513572e+03	2.330859548728022035e-01	1.460916091904234104e-01	2.641942839958892342e-01	1.632958497565769607e-01	7.758229561981583311e-02	3.269891890200506829e-02	8.305108766240984486e-02
1.344900119396168748e+03	2.325251936792549490e-01	1.457109794509780509e-01	2.645630818703570419e-01	1.635422360297122957e-01	7.768649823874181071e-02	3.276798281576158434e-02	8.320402791511684326e-02
1.349737889609823924e+03	2.319675872247825843e-01	1.453324920184306535e-01	2.649296540666797872e-01	1.637872294267443962e-01	7.779014139887055479e-02	3.283675331025230626e-02	8.335614255416225193e-02
1.354575659823479100e+03	2.314131177160110853e-01	1.449561348005891370e-01	2.652940145212131506e-01	1.640308379281740225e-01	7.789322802561664261e-02	3.290523104532574322e-02	8.350743596299274596e-02
1.359413430037134731e+03	2.308617674603973824e-01	1.445818957738471966e-01	2.656561770795778377e-01	1.642730694667885183e-01	7.799576102950568635e-02	3.297341668775540663e-02	8.365791250205045770e-02
1.364251200250789907e+03	2.303135188656517396e-01	1.442097629827932270e-01	2.660161554972580999e-01	1.645139319279922407e-01	7.809774330625356142e-02	3.304131091108209600e-02	8.380757650889157639e-02
1.369088970464445310e+03	2.297683544391637134e-01	1.438397245398209123e-01	2.663739634401960932e-01	1.647534331501336879e-01	7.819917773684509354e-02	3.310891439545850246e-02	8.395643229830451748e-02
1.373926740678100487e+03	2.292262567874314982e-01	1.434717686247425072e-01	2.667296144853832929e-01	1.649915809248292120e-01	7.830006718761207962e-02	3.317622782749606036e-02	8.410448416242786995e-02
1.378764510891755890e+03	2.286872086154947414e-01	1.431058834844039784e-01	2.670831221214480800e-01	1.652283829972831519e-01	7.840041451031073971e-02	3.324325190011396397e-02	8.425173637086781631e-02
1.383602281105411066e+03	2.281511927263705775e-01	1.427420574323023661e-01	2.674344997492404397e-01	1.654638470666048300e-01	7.850022254219854445e-02	3.330998731239046690e-02	8.439819317081524719e-02
1.388440051319066470e+03	2.276181920204931319e-01	1.423802788482052550e-01	2.677837606824125527e-01	1.656979807861223841e-01	7.859949410611045961e-02	3.337643476941628412e-02	8.454385878716244584e-02
1.393277821532721646e+03	2.270881894951564395e-01	1.420205361777725772e-01	2.681309181479962778e-01	1.659307917636931307e-01	7.869823201053458006e-02	3.344259498215014503e-02	8.468873742261934234e-02
1.398115591746377049e+03	2.265611682439606089e-01	1.416628179321802738e-01	2.684759852869774144e-01	1.661622875620111517e-01	7.879643904968719470e-02	3.350846866727649753e-02	8.483283325782937923e-02
1.402953361960032225e+03	2.260371114562610972e-01	1.413071126877464001e-01	2.688189751548659689e-01	1.663924756989116072e-01	7.889411800358736571e-02	3.357405654706520359e-02	8.497615045148490531e-02
1.407791132173687402e+03	2.255160024166214805e-01	1.409534090855589783e-01	2.691599007222636453e-01	1.666213636476721882e-01	7.899127163813084163e-02	3.363935934923336507e-02	8.511869314044206991e-02
1.412628902387342805e+03	2.249978245042693059e-01	1.406016958311062104e-01	2.694987748754273937e-01	1.668489588373115173e-01	7.908790270516349863e-02	3.370437780680916179e-02	8.526046543983542558e-02
1.417466672600997981e+03	2.244825611925553299e-01	1.402519616939088831e-01	2.698356104168298519e-01	1.670752686528846898e-01	7.918401394255425441e-02	3.376911265799764639e-02	8.540147144319186479e-02
1.422304442814653157e+03	2.239701960484155596e-01	1.399041955071546328e-01	2.701704200657161770e-01	1.673003004357760948e-01	7.927960807426735756e-02	3.383356464604855146e-02	8.554171522254420956e-02
1.427142213028308333e+03	2.234607127318369024e-01	1.395583861673343473e-01	2.705032164586574916e-01	1.675240614839891562e-01	7.937468781043433008e-02	3.389773451912601876e-02	8.568120082854428776e-02
1.431979983241963964e+03	2.229540949953258133e-01	1.392145226338807051e-01	2.708340121501012221e-01	1.677465590524337413e-01	7.946925584742522974e-02	3.396162303018027129e-02	8.581993229057553740e-02
1.436817753455619140e+03	2.224503266833797455e-01	1.388725939288088518e-01	2.711628196129176049e-01	1.679678003532106001e-01	7.956331486791948238e-02	3.402523093682113114e-02	8.595791361686505594e-02
1.441655523669274316e+03	2.219493917319622367e-01	1.385325891363588247e-01	2.714896512389433081e-01	1.681877925558931675e-01	7.965686754097626998e-02	3.408855900119345944e-02	8.609514879459524705e-02
1.446493293882929493e+03	2.214512741679806052e-01	1.381944974026404760e-01	2.718145193395209436e-01	1.684065427878069510e-01	7.974991652210432214e-02	3.415160798985440727e-02	8.623164179001485685e-02
1.451331064096585123e+03	2.209559581087669200e-01	1.378583079352799223e-01	2.721374361460360825e-01	1.686240581343061984e-01	7.984246445333133269e-02	3.421437867365250546e-02	8.636739654854957982e-02
1.456168834310240300e+03	2.204634277615619697e-01	1.375240100030685753e-01	2.724584138104503284e-01	1.688403456390481783e-01	7.993451396327282132e-02	3.427687182760851686e-02	8.650241699491213743e-02
1.461006604523895703e+03	2.199736674230023670e-01	1.371915929356136432e-01	2.727774644058313380e-01	1.690554123042647960e-01	8.002606766720060660e-02	3.433908823079808575e-02	8.663670703321177391e-02
1.465844374737550879e+03	2.194866614786102899e-01	1.368610461229909647e-01	2.730945999268789559e-01	1.692692650910321006e-01	8.011712816711073770e-02	3.440102866623612199e-02	8.677027054706333564e-02
1.470682144951206283e+03	2.190023944022866376e-01	1.365323590153998956e-01	2.734098322904492395e-01	1.694819109195370710e-01	8.020769805179102374e-02	3.446269392076293375e-02	8.690311139969575382e-02
1.475519915164861459e+03	2.185208507558067115e-01	1.362055211228197504e-01	2.737231733360736552e-01	1.696933566693422935e-01	8.029777989688814677e-02	3.452408478493200483e-02	8.703523343405995816e-02
1.480357685378516862e+03	2.180420151883192825e-01	1.358805220146687420e-01	2.740346348264760534e-01	1.699036091796482240e-01	8.038737626497427513e-02	3.458520205289949967e-02	8.716664047293638806e-02
1.485195455592172038e+03	2.175658724358481844e-01	1.355573513194645585e-01	2.743442284480859805e-01	1.701126752495532024e-01	8.047648970561326054e-02	3.464604652231542681e-02	8.729733631904185165e-02
1.490033225805827215e+03	2.170924073207969318e-01	1.352359987244869388e-01	2.746519658115487150e-01	1.703205616383111631e-01	8.056512275542644652e-02	3.470661899421639135e-02	8.742732475513588508e-02
1.494870996019482618e+03	2.166216047514563925e-01	1.349164539754423298e-01	2.749578584522318070e-01	1.705272750655873193e-01	8.065327793815797730e-02	3.476692027291999887e-02	8.755660954412661234e-02
1.499708766233137567e+03	2.161534497215149564e-01	1.345987068761303473e-01	2.752619178307291747e-01	1.707328222117113770e-01	8.074095776473977359e-02	3.482695116592081364e-02	8.768519442917599438e-02
1.504546536446793198e+03	2.156879273095719529e-01	1.342827472881120421e-01	2.755641553333608718e-01	1.709372097179290007e-01	8.082816473335606433e-02	3.488671248378794748e-02	8.781308313380460639e-02
1.509384306660448374e+03	2.152250226786535658e-01	1.339685651303804403e-01	2.758645822726702446e-01	1.711404441866507531e-01	8.091490132950750203e-02	3.494620504006411277e-02	8.794027936199583229e-02
1.514222076874103550e+03	2.147647210757317182e-01	1.336561503790325844e-01	2.761632098879181485e-01	1.713425321816993141e-01	8.100117002607488959e-02	3.500542965116627825e-02	8.806678679829951784e-02
1.519059847087758726e+03	2.143070078312457605e-01	1.333454930669436544e-01	2.764600493455731667e-01	1.715434802285544791e-01	8.108697328338254628e-02	3.506438713628776821e-02	8.819260910793506880e-02
1.523897617301414357e+03	2.138518683586267399e-01	1.330365832834430884e-01	2.767551117397992755e-01	1.717432948145961313e-01	8.117231354926117415e-02	3.512307831730194368e-02	8.831774993689411879e-02
1.528735387515069533e+03	2.133992881538247233e-01	1.327294111739922844e-01	2.770484080929400683e-01	1.719419823893452159e-01	8.125719325911053004e-02	3.518150401866722982e-02	8.844221291204243385e-02
1.533573157728724709e+03	2.129492527948385894e-01	1.324239669398643293e-01	2.773399493559999263e-01	1.721395493647029373e-01	8.134161483596151487e-02	3.523966506733365589e-02	8.856600164122147012e-02
1.538410927942380113e+03	2.125017479412487365e-01	1.321202408378256421e-01	2.776297464091221356e-01	1.723360021151878751e-01	8.142558069053799918e-02	3.529756229265084561e-02	8.868911971334930699e-02
1.543248698156035516e+03	2.120567593337522316e-01	1.318182231798191717e-01	2.779178100620632863e-01	1.725313469781711018e-01	8.150909322131831558e-02	3.535519652627738124e-02	8.881157069852105290e-02
1.548086468369690692e+03	2.116142727937009860e-01	1.315179043326498709e-01	2.782041510546655050e-01	1.727255902541096066e-01	8.159215481459626551e-02	3.541256860209154866e-02	8.893335814810866824e-02
1.552924238583346096e+03	2.111742742226423997e-01	1.312192747176715302e-01	2.784887800573249694e-01	1.729187382067778334e-01	8.167476784454183458e-02	3.546967935610349093e-02	8.905448559486033033e-02
1.557762008797001272e+03	2.107367496018625885e-01	1.309223248104756654e-01	2.787717076714573694e-01	1.731107970634973570e-01	8.175693467326157482e-02	3.552652962636869416e-02	8.917495655299916002e-02
1.562599779010656675e+03	2.103016849919324693e-01	1.306270451405821542e-01	2.790529444299602591e-01	1.733017730153646185e-01	8.183865765085861221e-02	3.558312025290281955e-02	8.929477451832149026e-02
1.567437549224311852e+03	2.098690665322561766e-01	1.303334262911316765e-01	2.793325007976727448e-01	1.734916722174771331e-01	8.191993911549227958e-02	3.563945207759783990e-02	8.941394296829453803e-02
1.572275319437967255e+03	2.094388804406225324e-01	1.300414588985798203e-01	2.796103871718317868e-01	1.736805007891578378e-01	8.200078139343740247e-02	3.569552594413948760e-02	8.953246536215356266e-02
1.577113089651622431e+03	2.090111130127586259e-01	1.297511336523931025e-01	2.798866138825253924e-01	1.738682648141775811e-01	8.208118679914327975e-02	3.575134269792597241e-02	8.965034514099849694e-02
1.581950859865277607e+03	2.085857506218861679e-01	1.294624412947466274e-01	2.801611911931431442e-01	1.740549703409761673e-01	8.216115763529235894e-02	3.580690318598800381e-02	8.976758572789002300e-02
1.586788630078933011e+03	2.081627797182803996e-01	1.291753726202236052e-01	2.804341293008235092e-01	1.742406233828813766e-01	8.224069619285845345e-02	3.586220825691002062e-02	8.988419052794512087e-02
1.591626400292587959e+03	2.077421868288317208e-01	1.288899184755164518e-01	2.807054383368982053e-01	1.744252299183265964e-01	8.231980475116476570e-02	3.591725876075264889e-02	9.000016292843210364e-02
1.596464170506243590e+03	2.073239585566095111e-01	1.286060697591297208e-01	2.809751283673335154e-01	1.746087958910667037e-01	8.239848557794149375e-02	3.597205554897643653e-02	9.011550629886509733e-02
1.601301940719898766e+03	2.069080815804286710e-01	1.283238174210848126e-01	2.812432093931688804e-01	1.747913272103922555e-01	8.247674092938317436e-02	3.602659947436671894e-02	9.023022399109800751e-02
1.606139710933553943e+03	2.064945426544185780e-01	1.280431524626260975e-01	2.815096913509523846e-01	1.749728297513421793e-01	8.255457305020567904e-02	3.608089139095969899e-02	9.034431933941791670e-02
1.610977481147209119e+03	2.060833286075946791e-01	1.277640659359291775e-01	2.817745841131732432e-01	1.751533093549147713e-01	8.263198417370284932e-02	3.613493215396970659e-02	9.045779566063806565e-02
1.615815251360864750e+03	2.056744263434322761e-01	1.274865489438103405e-01	2.820378974886919021e-01	1.753327718282772230e-01	8.270897652180295156e-02	3.618872261971759624e-02	9.057065625419019606e-02
1.620653021574519926e+03	2.052678228394430870e-01	1.272105926394381248e-01	2.822996412231663643e-01	1.755112229449735661e-01	8.278555230512463226e-02	3.624226364556028951e-02	9.068290440221643545e-02
1.625490791788175102e+03	2.048635051467539991e-01	1.269361882260462704e-01	2.825598249994763500e-01	1.756886684451310077e-01	8.286171372303274829e-02	3.629555608982141385e-02	9.079454336966065464e-02
1.630328562001830505e+03	2.044614603896884042e-01	1.266633269566483921e-01	2.828184584381446265e-01	1.758651140356648490e-01	8.293746296369380877e-02	3.634860081172310020e-02	9.090557640435928399e-02
1.635166332215485909e+03	2.040616757653496705e-01	1.263920001337544285e-01	2.830755510977550071e-01	1.760405653904817957e-01	8.301280220413109756e-02	3.640139867131881452e-02	9.101600673713164391e-02
1.640004102429141085e+03	2.036641385432074736e-01	1.261221991090884231e-01	2.833311124753679078e-01	1.762150281506819904e-01	8.308773361027951831e-02	3.645395052942732028e-02	9.112583758186980354e-02
1.644841872642796488e+03	2.032688360646861259e-01	1.258539152833083874e-01	2.835851520069330167e-01	1.763885079247592691e-01	8.316225933704016193e-02	3.650625724756766805e-02	9.123507213562781493e-02
1.649679642856451665e+03	2.028757557427553482e-01	1.255871401057272740e-01	2.838376790676990780e-01	1.765610102888003352e-01	8.323638152833462422e-02	3.655831968789526043e-02	9.134371357871057251e-02
1.654517413070107068e+03	2.024848850615235119e-01	1.253218650740358653e-01	2.840887029726211210e-01	1.767325407866821574e-01	8.331010231715886560e-02	3.661013871313891638e-02	9.145176507476208971e-02
1.659355183283762244e+03	2.020962115758331012e-01	1.250580817340272710e-01	2.843382329767646932e-01	1.769031049302681458e-01	8.338342382563701527e-02	3.666171518653900396e-02	9.155922977085327596e-02
1.664192953497417420e+03	2.017097229108586187e-01	1.247957816793229119e-01	2.845862782757074827e-01	1.770727081996029406e-01	8.345634816507471743e-02	3.671304997178653773e-02	9.166611079756931124e-02
1.669030723711072824e+03	2.013254067617066545e-01	1.245349565511000567e-01	2.848328480059382217e-01	1.772413560431056745e-01	8.352887743601224158e-02	3.676414393296331684e-02	9.177241126909635449e-02
1.673868493924728000e+03	2.009432508930183992e-01	1.242755980378209835e-01	2.850779512452528697e-01	1.774090538777619852e-01	8.360101372827741240e-02	3.681499793448299307e-02	9.187813428330791898e-02
1.678706264138383403e+03	2.005632431385743208e-01	1.240176978749637504e-01	2.853215970131480761e-01	1.775758070893146134e-01	8.367275912103804003e-02	3.686561284103312408e-02	9.198328292185066479e-02
1.683544034352038352e+03	2.001853714009011742e-01	1.237612478447543962e-01	2.855637942712119237e-01	1.777416210324526680e-01	8.374411568285433649e-02	3.691598951751823288e-02	9.208786025022978883e-02
1.688381804565693983e+03	1.998096236508813128e-01	1.235062397759008196e-01	2.858045519235123400e-01	1.779065010309996142e-01	8.381508547173092960e-02	3.696612882900372071e-02	9.219186931789380424e-02
1.693219574779349159e+03	1.994359879273641112e-01	1.232526655433280743e-01	2.860438788169822888e-01	1.780704523780998749e-01	8.388567053516848837e-02	3.701603164066076534e-02	9.229531315831898675e-02
1.698057344993004335e+03	1.990644523367797458e-01	1.230005170679152465e-01	2.862817837418027422e-01	1.782334803364040987e-01	8.395587291021539000e-02	3.706569881771215602e-02	9.239819478909321038e-02
1.702895115206659511e+03	1.986950050527551970e-01	1.227497863162338443e-01	2.865182754317830427e-01	1.783955901382533182e-01	8.402569462351881791e-02	3.711513122537896808e-02	9.250051721199939458e-02
1.707732885420315142e+03	1.983276343157322485e-01	1.225004653002877003e-01	2.867533625647387119e-01	1.785567869858615542e-01	8.409513769137577643e-02	3.716432972882818819e-02	9.260228341309842404e-02
1.712570655633970318e+03	1.979623284325880694e-01	1.222525460772543315e-01	2.869870537628661511e-01	1.787170760514974477e-01	8.416420411978375871e-02	3.721329519312116529e-02	9.270349636281169370e-02
1.717408425847625494e+03	1.975990757762575156e-01	1.220060207492278392e-01	2.872193575931156762e-01	1.788764624776644219e-01	8.423289590449117847e-02	3.726202848316301219e-02	9.280415901600301554e-02
1.722246196061280898e+03	1.972378647853579858e-01	1.217608814629632524e-01	2.874502825675610551e-01	1.790349513772797052e-01	8.430121503104766323e-02	3.731053046365277043e-02	9.290427431206020603e-02
1.727083966274936301e+03	1.968786839638161923e-01	1.215171204096223700e-01	2.876798371437673807e-01	1.791925478338521338e-01	8.436916347485384771e-02	3.735880199903450494e-02	9.300384517497622960e-02
1.731921736488591478e+03	1.965215218804971797e-01	1.212747298245210187e-01	2.879080297251557230e-01	1.793492569016586768e-01	8.443674320121112575e-02	3.740684395344916896e-02	9.310287451342973142e-02
1.736759506702246881e+03	1.961663671688354538e-01	1.210337019868778230e-01	2.881348686613658394e-01	1.795050836059198518e-01	8.450395616537102750e-02	3.745465719068731547e-02	9.320136522086523712e-02
1.741597276915902057e+03	1.958132085264682187e-01	1.207940292195643917e-01	2.883603622486159979e-01	1.796600329429738629e-01	8.457080431258451325e-02	3.750224257414262047e-02	9.329932017557292234e-02
1.746435047129557461e+03	1.954620347148706971e-01	1.205557038888569465e-01	2.885845187300605241e-01	1.798141098804495741e-01	8.463728957815078169e-02	3.754960096676624587e-02	9.339674224076778553e-02
1.751272817343212637e+03	1.951128345589935587e-01	1.203187184041893953e-01	2.888073462961448512e-01	1.799673193574383434e-01	8.470341388746600864e-02	3.759673323102190323e-02	9.349363426466851534e-02
1.756110587556867813e+03	1.947655969469024584e-01	1.200830652179077501e-01	2.890288530849581261e-01	1.801196662846646923e-01	8.476917915607182219e-02	3.764364022884179178e-02	9.358999908057590023e-02
1.760948357770523216e+03	1.944203108294196292e-01	1.198487368250260865e-01	2.892490471825835963e-01	1.802711555446558367e-01	8.483458728970347251e-02	3.769032282158323727e-02	9.368583950695068274e-02
1.765786127984178393e+03	1.940769652197674167e-01	1.196157257629838072e-01	2.894679366234461648e-01	1.804217919919100799e-01	8.489964018433784898e-02	3.773678186998612183e-02	9.378115834749110868e-02
1.770623898197833569e+03	1.937355491932140905e-01	1.193840246114043074e-01	2.896855293906580031e-01	1.805715804530639290e-01	8.496433972624115039e-02	3.778301823413107025e-02	9.387595839120999042e-02
1.775461668411488745e+03	1.933960518867215705e-01	1.191536259918550833e-01	2.899018334163614985e-01	1.807205257270583787e-01	8.502868779201638860e-02	3.782903277339835085e-02	9.397024241251131227e-02
1.780299438625144376e+03	1.930584624985949294e-01	1.189245225676092005e-01	2.901168565820699263e-01	1.808686325853038901e-01	8.509268624865068409e-02	3.787482634642749812e-02	9.406401317126640571e-02
1.785137208838799552e+03	1.927227702881343652e-01	1.186967070434080535e-01	2.903306067190059570e-01	1.810159057718443987e-01	8.515633695356232546e-02	3.792039981107769159e-02	9.415727341288977759e-02
1.789974979052454728e+03	1.923889645752888677e-01	1.184701721652256096e-01	2.905430916084373871e-01	1.811623500035199619e-01	8.521964175464749602e-02	3.796575402438883556e-02	9.425002586841439711e-02
1.794812749266109904e+03	1.920570347403117994e-01	1.182449107200339855e-01	2.907543189820112617e-01	1.813079699701287406e-01	8.528260249032686147e-02	3.801088984254327729e-02	9.434227325456664981e-02
1.799650519479765535e+03	1.917269702234188078e-01	1.180209155355702033e-01	2.909642965220848310e-01	1.814527703345875653e-01	8.534522098959196335e-02	3.805580812082830222e-02	9.443401827384086122e-02
1.804488289693420711e+03	1.913987605244474033e-01	1.177981794801046117e-01	2.911730318620551206e-01	1.815967557330916138e-01	8.540749907205127944e-02	3.810050971359923988e-02	9.452526361457330717e-02
1.809326059907075887e+03	1.910723952025183692e-01	1.175766954622102928e-01	2.913805325866853368e-01	1.817399307752731175e-01	8.546943854797613149e-02	3.814499547424331227e-02	9.461601195101600192e-02
1.814163830120731291e+03	1.907478638756995859e-01	1.173564564305340091e-01	2.915868062324299959e-01	1.818823000443586801e-01	8.553104121834635698e-02	3.818926625514405121e-02	9.470626594340986193e-02
1.819001600334386467e+03	1.904251562206712989e-01	1.171374553735684415e-01	2.917918602877568324e-01	1.820238680973259859e-01	8.559230887489580053e-02	3.823332290764645813e-02	9.479602823805766132e-02
1.823839370548041643e+03	1.901042619723936067e-01	1.169196853194256480e-01	2.919957021934674324e-01	1.821646394650592582e-01	8.565324330015748611e-02	3.827716628202273291e-02	9.488530146739636295e-02
1.828677140761696819e+03	1.897851709237756701e-01	1.167031393356118690e-01	2.921983393430145903e-01	1.823046186525037193e-01	8.571384626750865043e-02	3.832079722743870348e-02	9.497408825006926902e-02
1.833514910975352450e+03	1.894678729253469474e-01	1.164878105288036786e-01	2.923997790828187227e-01	1.824438101388191069e-01	8.577411954121554050e-02	3.836421659192083833e-02	9.506239119099764434e-02
1.838352681189008081e+03	1.891523578849302056e-01	1.162736920446253569e-01	2.926000287125809507e-01	1.825822183775321073e-01	8.583406487647798899e-02	3.840742522232388351e-02	9.515021288145197875e-02
1.843190451402663257e+03	1.888386157673165588e-01	1.160607770674275258e-01	2.927990954855947403e-01	1.827198477966879286e-01	8.589368401947375387e-02	3.845042396429914494e-02	9.523755589912279163e-02
1.848028221616318433e+03	1.885266365939420874e-01	1.158490588200671439e-01	2.929969866090552100e-01	1.828567027990007643e-01	8.595297870740274682e-02	3.849321366226329116e-02	9.532442280819117264e-02
1.852865991829973609e+03	1.882164104425666229e-01	1.156385305636886407e-01	2.931937092443663295e-01	1.829927877620033116e-01	8.601195066853088711e-02	3.853579515936785688e-02	9.541081615939882299e-02
1.857703762043628785e+03	1.879079274469541982e-01	1.154291855975064784e-01	2.933892705074454543e-01	1.831281070381954035e-01	8.607060162223388600e-02	3.857816929746923224e-02	9.549673849011777738e-02
1.862541532257283961e+03	1.876011777965553573e-01	1.152210172585887565e-01	2.935836774690270268e-01	1.832626649551916120e-01	8.612893327904072582e-02	3.862033691709928357e-02	9.558219232441966806e-02
1.867379302470939592e+03	1.872961517361912687e-01	1.150140189216421888e-01	2.937769371549627251e-01	1.833964658158679650e-01	8.618694734067700036e-02	3.866229885743655004e-02	9.566718017314469746e-02
1.872217072684594768e+03	1.869928395657396714e-01	1.148081839987982883e-01	2.939690565465206684e-01	1.835295138985076069e-01	8.624464550010803310e-02	3.870405595627794682e-02	9.575170453397015280e-02
1.877054842898249490e+03	1.866912316398226246e-01	1.146035059394008432e-01	2.941600425806817909e-01	1.836618134569456551e-01	8.630202944158175959e-02	3.874560905001107891e-02	9.583576789147861541e-02
1.881892613111905121e+03	1.863913183674960061e-01	1.143999782297944051e-01	2.943499021504346613e-01	1.837933687207130573e-01	8.635910084067142944e-02	3.878695897358707539e-02	9.591937271722572600e-02
1.886730383325560297e+03	1.860930902119408981e-01	1.141975943931142490e-01	2.945386421050679160e-01	1.839241838951795327e-01	8.641586136431810006e-02	3.882810656049395792e-02	9.600252146980767232e-02
1.891568153539215928e+03	1.857965376901564436e-01	1.139963479890773734e-01	2.947262692504611925e-01	1.840542631616956526e-01	8.647231267087295004e-02	3.886905264273055050e-02	9.608521659492814948e-02
1.896405923752871104e+03	1.855016513726548411e-01	1.137962326137747504e-01	2.949127903493732883e-01	1.841836106777339777e-01	8.652845641013935662e-02	3.890979805078090270e-02	9.616746052546516765e-02
1.901243693966526507e+03	1.852084218831578644e-01	1.135972418994647265e-01	2.950982121217290421e-01	1.843122305770293623e-01	8.658429422341477888e-02	3.895034361358924030e-02	9.624925568153734623e-02
1.906081464180181683e+03	1.849168398982951322e-01	1.133993695143677011e-01	2.952825412449037179e-01	1.844401269697180656e-01	8.663982774353250205e-02	3.899069015853540154e-02	9.633060447056981945e-02
1.910919234393836859e+03	1.846268961473041537e-01	1.132026091624618869e-01	2.954657843540058337e-01	1.845673039424765849e-01	8.669505859490306277e-02	3.903083851141082167e-02	9.641150928735994774e-02
1.915757004607492036e+03	1.843385814117321220e-01	1.130069545832802919e-01	2.956479480421577710e-01	1.846937655586590177e-01	8.674998839355563263e-02	3.907078949639495452e-02	9.649197251414251553e-02
1.920594774821147894e+03	1.840518865251392078e-01	1.128123995517088252e-01	2.958290388607744958e-01	1.848195158584338138e-01	8.680461874717905479e-02	3.911054393603223545e-02	9.657199652065463769e-02
1.925432545034802843e+03	1.837668023728039057e-01	1.126189378777856104e-01	2.960090633198404486e-01	1.849445588589196943e-01	8.685895125516282511e-02	3.915010265120946048e-02	9.665158366420034675e-02
1.930270315248458019e+03	1.834833198914296304e-01	1.124265634065014369e-01	2.961880278881843243e-01	1.850688985543206821e-01	8.691298750863779565e-02	3.918946646113372761e-02	9.673073628971472215e-02
1.935108085462113195e+03	1.832014300688533937e-01	1.122352700176013213e-01	2.963659389937521316e-01	1.851925389160601620e-01	8.696672909051671174e-02	3.922863618331075969e-02	9.680945672982783912e-02
1.939945855675768371e+03	1.829211239437558700e-01	1.120450516253872209e-01	2.965428030238784207e-01	1.853154838929143566e-01	8.702017757553449917e-02	3.926761263352374076e-02	9.688774730492820397e-02
1.944783625889424002e+03	1.826423926053732660e-01	1.118559021785218432e-01	2.967186263255554568e-01	1.854377374111446375e-01	8.707333453028850978e-02	3.930639662581261046e-02	9.696561032322593976e-02
1.949621396103079178e+03	1.823652271932107716e-01	1.116678156598337468e-01	2.968934152057006726e-01	1.855593033746292531e-01	8.712620151327840623e-02	3.934498897245376076e-02	9.704304808081569422e-02
1.954459166316734354e+03	1.820896188967576768e-01	1.114807860861233152e-01	2.970671759314219562e-01	1.856801856649941962e-01	8.717878007494600512e-02	3.938339048394020464e-02	9.712006286173899272e-02
1.959296936530389530e+03	1.818155589552040430e-01	1.112948075079699534e-01	2.972399147302816624e-01	1.858003881417431835e-01	8.723107175771480093e-02	3.942160196896220964e-02	9.719665693804648010e-02
1.964134706744044706e+03	1.815430386571591781e-01	1.111098740095404908e-01	2.974116377905583475e-01	1.859199146423868576e-01	8.728307809602943446e-02	3.945962423438829220e-02	9.727283256985971849e-02
1.968972476957700337e+03	1.812720493403714994e-01	1.109259797083984866e-01	2.975823512615068944e-01	1.860387689825711288e-01	8.733480061639492531e-02	3.949745808524669777e-02	9.734859200543272140e-02
1.973810247171355968e+03	1.810025823914501453e-01	1.107431187553147983e-01	2.977520612536166955e-01	1.861569549562048231e-01	8.738624083741562687e-02	3.953510432470726949e-02	9.742393748121304375e-02
1.978648017385010689e+03	1.807346292455879744e-01	1.105612853340790652e-01	2.979207738388682247e-01	1.862744763355865252e-01	8.743740026983413960e-02	3.957256375406374704e-02	9.749887122190269151e-02
1.983485787598666320e+03	1.804681813862865636e-01	1.103804736613124837e-01	2.980884950509878895e-01	1.863913368715304775e-01	8.748828041657000232e-02	3.960983717271644028e-02	9.757339544051855940e-02
1.988323557812321269e+03	1.802032303450822881e-01	1.102006779862814284e-01	2.982552308857006063e-01	1.865075402934918969e-01	8.753888277275816143e-02	3.964692537815532603e-02	9.764751233845267442e-02
1.993161328025976900e+03	1.799397677012742891e-01	1.100218925907123502e-01	2.984209873009814329e-01	1.866230903096914029e-01	8.758920882578727363e-02	3.968382916594354742e-02	9.772122410553202299e-02
1.997999098239632076e+03	1.796777850816538291e-01	1.098441117886075347e-01	2.985857702173048689e-01	1.867379906072387241e-01	8.763926005533789754e-02	3.972054932970126018e-02	9.779453292007816989e-02
2.002836868453287707e+03	1.794172741602353682e-01	1.096673299260620682e-01	2.987495855178925463e-01	1.868522448522555723e-01	8.768903793342042174e-02	3.975708666108994371e-02	9.786744094896639157e-02
2.007674638666942428e+03	1.791582266579889171e-01	1.094915413810817889e-01	2.989124390489592553e-01	1.869658566899978502e-01	8.773854392441278460e-02	3.979344194979699684e-02	9.793995034768469832e-02
2.012512408880597604e+03	1.789006343425741663e-01	1.093167405634023204e-01	2.990743366199575259e-01	1.870788297449769710e-01	8.778777948509822182e-02	3.982961598352074972e-02	9.801206326039235694e-02
2.017350179094252780e+03	1.786444890280759479e-01	1.091429219143090074e-01	2.992352840038200457e-01	1.871911676210806508e-01	8.783674606470256996e-02	3.986560954795587142e-02	9.808378181997821910e-02
2.022187949307908411e+03	1.783897825747414179e-01	1.089700799064580450e-01	2.993952869372007441e-01	1.873028739016927013e-01	8.788544510493159767e-02	3.990142342677907572e-02	9.815510814811875817e-02
2.027025719521564042e+03	1.781365068887184877e-01	1.087982090436986210e-01	2.995543511207140464e-01	1.874139521498121852e-01	8.793387804000804553e-02	3.993705840163525034e-02	9.822604435533570377e-02
2.031863489735218764e+03	1.778846539217959211e-01	1.086273038608959046e-01	2.997124822191725713e-01	1.875244059081720427e-01	8.798204629670861032e-02	3.997251525212387746e-02	9.829659254105338473e-02
2.036701259948874394e+03	1.776342156711447906e-01	1.084573589237552566e-01	2.998696858618232763e-01	1.876342386993566924e-01	8.802995129440061017e-02	4.000779475578584293e-02	9.836675479365587782e-02
2.041539030162529116e+03	1.773851841790616279e-01	1.082883688286473134e-01	3.000259676425816036e-01	1.877434540259188545e-01	8.807759444507858027e-02	4.004289768809057154e-02	9.843653319054374018e-02
2.046376800376184747e+03	1.771375515327128225e-01	1.081203282024341128e-01	3.001813331202645152e-01	1.878520553704961238e-01	8.812497715340071591e-02	4.007782482242349537e-02	9.850592979819051964e-02
2.051214570589840150e+03	1.768913098638804915e-01	1.079532317022962179e-01	3.003357878188214203e-01	1.879600461959264335e-01	8.817210081672502420e-02	4.011257693007386910e-02	9.857494667219891815e-02
2.056052340803495554e+03	1.766464513487098487e-01	1.077870740155607715e-01	3.004893372275639352e-01	1.880674299453627407e-01	8.821896682514547561e-02	4.014715478022289757e-02	9.864358585735664986e-02
2.060890111017150957e+03	1.764029682074582384e-01	1.076218498595307299e-01	3.006419868013938124e-01	1.881742100423873798e-01	8.826557656152783649e-02	4.018155913993219641e-02	9.871184938769209105e-02
2.065727881230805451e+03	1.761608527042451133e-01	1.074575539813147490e-01	3.007937419610294261e-01	1.882803898911254714e-01	8.831193140154541821e-02	4.021579077413255099e-02	9.877973928652954150e-02
2.070565651444461309e+03	1.759200971468038444e-01	1.072941811576583609e-01	3.009446080932304812e-01	1.883859728763576935e-01	8.835803271371468759e-02	4.024985044561300157e-02	9.884725756654426376e-02
2.075403421658116713e+03	1.756806938862347511e-01	1.071317261947758726e-01	3.010945905510213905e-01	1.884909623636322751e-01	8.840388185943059973e-02	4.028373891501028231e-02	9.891440622981720332e-02
2.080241191871772116e+03	1.754426353167596597e-01	1.069701839281834016e-01	3.012436946539130411e-01	1.885953616993764903e-01	8.844948019300187536e-02	4.031745694079844761e-02	9.898118726788940336e-02
2.085078962085427065e+03	1.752059138754778478e-01	1.068095492225327597e-01	3.013919256881232855e-01	1.886991742110072923e-01	8.849482906168605612e-02	4.035100527927892172e-02	9.904760266181618367e-02
2.089916732299082469e+03	1.749705220421231555e-01	1.066498169714463345e-01	3.015392889067952109e-01	1.888024032070414471e-01	8.853992980572442106e-02	4.038438468457077740e-02	9.911365438222101421e-02
2.094754502512737417e+03	1.747364523388228730e-01	1.064909820973528876e-01	3.016857895302144654e-01	1.889050519772048631e-01	8.858478375837675056e-02	4.041759590860133367e-02	9.917934438934913888e-02
2.099592272726392821e+03	1.745036973298576266e-01	1.063330395513243376e-01	3.018314327460254187e-01	1.890071237925412817e-01	8.862939224595589582e-02	4.045063970109698953e-02	9.924467463312083848e-02
2.104430042940048224e+03	1.742722496214228478e-01	1.061759843129133352e-01	3.019762237094448243e-01	1.891086219055203022e-01	8.867375658786218195e-02	4.048351680957440468e-02	9.930964705318451324e-02
2.109267813153704083e+03	1.740421018613916015e-01	1.060198113899920302e-01	3.021201675434748157e-01	1.892095495501448787e-01	8.871787809661775548e-02	4.051622797933195075e-02	9.937426357896939066e-02
2.114105583367359031e+03	1.738132467390786362e-01	1.058645158185914648e-01	3.022632693391141823e-01	1.893099099420580134e-01	8.876175807790062655e-02	4.054877395344135688e-02	9.943852612973809457e-02
2.118943353581013525e+03	1.735856769850059877e-01	1.057100926627420889e-01	3.024055341555683674e-01	1.894097062786488095e-01	8.880539783057861403e-02	4.058115547273975776e-02	9.950243661463881173e-02
2.123781123794669384e+03	1.733593853706695831e-01	1.055565370143151105e-01	3.025469670204575245e-01	1.895089417391579434e-01	8.884879864674316563e-02	4.061337327582185963e-02	9.956599693275725027e-02
2.128618894008324787e+03	1.731343647083075088e-01	1.054038439928647319e-01	3.026875729300236850e-01	1.896076194847825247e-01	8.889196181174303935e-02	4.064542809903252257e-02	9.962920897316830671e-02
2.133456664221980191e+03	1.729106078506695288e-01	1.052520087454713454e-01	3.028273568493363710e-01	1.897057426587803741e-01	8.893488860421769338e-02	4.067732067645944694e-02	9.969207461498753864e-02
2.138294434435635139e+03	1.726881076907876844e-01	1.051010264465855742e-01	3.029663237124965436e-01	1.898033143865733297e-01	8.897758029613070385e-02	4.070905173992624831e-02	9.975459572742223502e-02
2.143132204649290543e+03	1.724668571617485602e-01	1.049508922978732023e-01	3.031044784228393296e-01	1.899003377758503863e-01	8.902003815280282173e-02	4.074062201898567825e-02	9.981677416982237538e-02
2.147969974862945492e+03	1.722468492364664927e-01	1.048016015280610891e-01	3.032418258531353050e-01	1.899968159166699477e-01	8.906226343294515457e-02	4.077203224091318495e-02	9.987861179173114501e-02
2.152807745076601350e+03	1.720280769274584176e-01	1.046531493927837786e-01	3.033783708457906680e-01	1.900927518815615225e-01	8.910425738869187651e-02	4.080328313070061969e-02	9.994011043293543617e-02
2.157645515290255844e+03	1.718105332866196044e-01	1.045055311744311627e-01	3.035141182130455806e-01	1.901881487256268100e-01	8.914602126563303530e-02	4.083437541105027629e-02	1.000012719235158498e-01
2.162483285503912157e+03	1.715942114050011402e-01	1.043587421819968941e-01	3.036490727371714549e-01	1.902830094866401478e-01	8.918755630284706803e-02	4.086530980236908334e-02	1.000620980838965446e-01
2.167321055717567106e+03	1.713791044125881624e-01	1.042127777509277570e-01	3.037832391706666857e-01	1.903773371851484875e-01	8.922886373293324735e-02	4.089608702276310154e-02	1.001225907248949054e-01
2.172158825931222509e+03	1.711652054780798127e-01	1.040676332429738282e-01	3.039166222364512726e-01	1.904711348245705094e-01	8.926994478204389183e-02	4.092670778803219472e-02	1.001827516477707819e-01
2.176996596144877003e+03	1.709525078086701622e-01	1.039233040460394997e-01	3.040492266280599987e-01	1.905644053912954605e-01	8.931080066991656241e-02	4.095717281166496443e-02	1.002425826442756296e-01
2.181834366358532861e+03	1.707410046498305245e-01	1.037797855740354019e-01	3.041810570098340549e-01	1.906571518547811595e-01	8.935143260990592584e-02	4.098748280483386491e-02	1.003020854967013320e-01
2.186672136572187810e+03	1.705306892850928513e-01	1.036370732667311195e-01	3.043121180171118323e-01	1.907493771676514460e-01	8.939184180901563193e-02	4.101763847639057492e-02	1.003612619779287868e-01
2.191509906785843214e+03	1.703215550358345987e-01	1.034951625896087524e-01	3.044424142564179370e-01	1.908410842657931872e-01	8.943202946792996877e-02	4.104764053286158454e-02	1.004201138514762282e-01
2.196347676999498617e+03	1.701135952610645374e-01	1.033540490337173517e-01	3.045719503056510957e-01	1.909322760684526443e-01	8.947199678104536535e-02	4.107748967844394167e-02	1.004786428715472718e-01
2.201185447213154021e+03	1.699068033572101177e-01	1.032137281155281611e-01	3.047007307142709509e-01	1.910229554783310635e-01	8.951174493650179698e-02	4.110718661500128990e-02	1.005368507830788072e-01
2.206023217426809424e+03	1.697011727579056106e-01	1.030741953767906199e-01	3.048287600034833011e-01	1.911131253816800157e-01	8.955127511621396863e-02	4.113673204206003825e-02	1.005947393217886121e-01
2.210860987640464373e+03	1.694966969337819429e-01	1.029354463843893536e-01	3.049560426664241208e-01	1.912027886483959327e-01	8.959058849590247064e-02	4.116612665680576683e-02	1.006523102142226345e-01
2.215698757854119776e+03	1.692933693922572813e-01	1.027974767302017589e-01	3.050825831683423028e-01	1.912919481321141979e-01	8.962968624512460125e-02	4.119537115407982675e-02	1.007095651778021905e-01
2.220536528067775180e+03	1.690911836773292265e-01	1.026602820309566455e-01	3.052083859467814575e-01	1.913806066703026276e-01	8.966856952730528629e-02	4.122446622637613439e-02	1.007665059208707470e-01
2.225374298281430583e+03	1.688901333693678120e-01	1.025238579280934592e-01	3.053334554117601018e-01	1.914687670843543965e-01	8.970723949976763811e-02	4.125341256383818073e-02	1.008231341427405919e-01
2.230212068495085077e+03	1.686902120849098075e-01	1.023882000876224357e-01	3.054577959459506276e-01	1.915564321796804081e-01	8.974569731376351445e-02	4.128221085425615167e-02	1.008794515337392561e-01
2.235049838708740936e+03	1.684914134764543825e-01	1.022533041999855313e-01	3.055814119048572697e-01	1.916436047458011660e-01	8.978394411450386914e-02	4.131086178306436069e-02	1.009354597752556426e-01
2.239887608922396339e+03	1.682937312322596857e-01	1.021191659799181028e-01	3.057043076169926876e-01	1.917302875564380060e-01	8.982198104118900572e-02	4.133936603333876469e-02	1.009911605397859763e-01
2.244725379136052197e+03	1.680971590761407286e-01	1.019857811663114622e-01	3.058264873840534914e-01	1.918164833696038574e-01	8.985980922703859508e-02	4.136772428579467420e-02	1.010465554909794339e-01
2.249563149349706237e+03	1.679016907672682690e-01	1.018531455220761106e-01	3.059479554810942692e-01	1.919021949276934480e-01	8.989742979932173472e-02	4.139593721878470634e-02	1.011016462836837049e-01
2.254400919563362095e+03	1.677073200999690816e-01	1.017212548340058476e-01	3.060687161567008374e-01	1.919874249575728997e-01	8.993484387938661950e-02	4.142400550829683503e-02	1.011564345639901219e-01
2.259238689777017044e+03	1.675140409035270617e-01	1.015901049126425731e-01	3.061887736331619370e-01	1.920721761706689623e-01	8.997205258269032335e-02	4.145192982795266323e-02	1.012109219692787221e-01
2.264076459990672902e+03	1.673218470419857717e-01	1.014596915921418957e-01	3.063081321066399298e-01	1.921564512630575539e-01	9.000905701882827570e-02	4.147971084900582694e-02	1.012651101282630028e-01
