1.001418434226643626e+03	2.819137289432018245e-01	1.786997025371507564e-01	2.339422025075789946e-01	1.411657582604661509e-01	6.814562369495538730e-02	2.714273841760878048e-02	6.899024563896204165e-02
1.003837319333471214e+03	2.814958317875338456e-01	1.784175129905007096e-01	2.342397095488195913e-01	1.413420817542682117e-01	6.821842129689126288e-02	2.718798746816616582e-02	6.909845515374417324e-02
1.006256204440298802e+03	2.810791119032721719e-01	1.781361186007466291e-01	2.345363568719369407e-01	1.415178703438239316e-01	6.829101862824822622e-02	2.723315105373146083e-02	6.920637259816463105e-02
1.008675089547126618e+03	2.806635659599038268e-01	1.778555171235985111e-01	2.348321469129122929e-01	1.416931258691398465e-01	6.836341624996135347e-02	2.727822914186589856e-02	6.931399874254226545e-02
1.011093974653954206e+03	2.802491906365632279e-01	1.775757063210043618e-01	2.351270821008332179e-01	1.418678501626600141e-01	6.843561472139879365e-02	2.732322170208979772e-02	6.942133435537459207e-02
1.013512859760782021e+03	2.798359826219981028e-01	1.772966839611376799e-01	2.354211648579133676e-01	1.420420450493042330e-01	6.850761460036586259e-02	2.736812870586424057e-02	6.952838020334052571e-02
1.015931744867609382e+03	2.794239386145355719e-01	1.770184478183848553e-01	2.357143975995122653e-01	1.422157123465062345e-01	6.857941644310908136e-02	2.741295012657292071e-02	6.963513705130315590e-02
1.018350629974437197e+03	2.790130553220483978e-01	1.767409956733324572e-01	2.360067827341552071e-01	1.423888538642512636e-01	6.865102080432020082e-02	2.745768593950410202e-02	6.974160566231243918e-02
1.020769515081264785e+03	2.786033294619221223e-01	1.764643253127543276e-01	2.362983226635526901e-01	1.425614714051138265e-01	6.872242823714030946e-02	2.750233612183273363e-02	6.984778679760808573e-02
1.023188400188092373e+03	2.781947577610217048e-01	1.761884345295985088e-01	2.365890197826202024e-01	1.427335667642950501e-01	6.879363929316381632e-02	2.754690065260266552e-02	6.995368121662216832e-02
1.025607285294920075e+03	2.777873369556592698e-01	1.759133211229740867e-01	2.368788764794975688e-01	1.429051417296597071e-01	6.886465452244254493e-02	2.759137951270903416e-02	7.005928967698200893e-02
1.028026170401747549e+03	2.773810637915614108e-01	1.756389828981379242e-01	2.371678951355684628e-01	1.430761980817730483e-01	6.893547447348971624e-02	2.763577268488076957e-02	7.016461293451289882e-02
1.030445055508575479e+03	2.769759350238372719e-01	1.753654176664811992e-01	2.374560781254800024e-01	1.432467375939376064e-01	6.900609969328404258e-02	2.768008015366323418e-02	7.026965174324094343e-02
1.032863940615402726e+03	2.765719474169466841e-01	1.750926232455158604e-01	2.377434278171618454e-01	1.434167620322295555e-01	6.907653072727371057e-02	2.772430190540097969e-02	7.037440685539576857e-02
1.035282825722230655e+03	2.761690977446685791e-01	1.748205974588609435e-01	2.380299465718454521e-01	1.435862731555349048e-01	6.914676811938041956e-02	2.776843792822067392e-02	7.047887902141335148e-02
1.037701710829058356e+03	2.757673827900698482e-01	1.745493381362289709e-01	2.383156367440835699e-01	1.437552727155856080e-01	6.921681241200340617e-02	2.781248821201410398e-02	7.058306898993882417e-02
1.040120595935886058e+03	2.753667993454742002e-01	1.742788431134118798e-01	2.386005006817689955e-01	1.439237624569952023e-01	6.928666414602349666e-02	2.785645274842135297e-02	7.068697750782926281e-02
1.042539481042713533e+03	2.749673442124311307e-01	1.740091102322671723e-01	2.388845407261540044e-01	1.440917441172944180e-01	6.935632386080703427e-02	2.790033153081408063e-02	7.079060532015649110e-02
1.044958366149541234e+03	2.745690142016857793e-01	1.737401373407039817e-01	2.391677592118691686e-01	1.442592194269665673e-01	6.942579209421000097e-02	2.794412455427894293e-02	7.089395317020991127e-02
1.047377251256368709e+03	2.741718061331481771e-01	1.734719222926687787e-01	2.394501584669424255e-01	1.444261901094825717e-01	6.949506938258190325e-02	2.798783181560112951e-02	7.099702179949932135e-02
1.049796136363196410e+03	2.737757168358636028e-01	1.732044629481312437e-01	2.397317408128178395e-01	1.445926578813359897e-01	6.956415626076986602e-02	2.803145331324802952e-02	7.109981194775770452e-02
1.052215021470024112e+03	2.733807431479821637e-01	1.729377571730700558e-01	2.400125085643746714e-01	1.447586244520776833e-01	6.963305326212260171e-02	2.807498904735302586e-02	7.120232435294407414e-02
1.054633906576851814e+03	2.729868819167294847e-01	1.726718028394584881e-01	2.402924640299459180e-01	1.449240915243502625e-01	6.970176091849433764e-02	2.811843901969940732e-02	7.130455975124633250e-02
1.057052791683679516e+03	2.725941299983772326e-01	1.724065978252500020e-01	2.405716095113371866e-01	1.450890607939224475e-01	6.977027976024893774e-02	2.816180323370440566e-02	7.140651887708406031e-02
1.059471676790506763e+03	2.722024842582135840e-01	1.721421400143637870e-01	2.408499473038453464e-01	1.452535339497231515e-01	6.983861031626371896e-02	2.820508169440336457e-02	7.150820246311141715e-02
1.061890561897334692e+03	2.718119415705143593e-01	1.718784272966702165e-01	2.411274796962770417e-01	1.454175126738752599e-01	6.990675311393354519e-02	2.824827440843400220e-02	7.160961124021991697e-02
1.064309447004162394e+03	2.714224988185143794e-01	1.716154575679763039e-01	2.414042089709673433e-01	1.455809986417294366e-01	6.997470867917474080e-02	2.829138138402081948e-02	7.171074593754134252e-02
1.066728332110990095e+03	2.710341528943783218e-01	1.713532287300110202e-01	2.416801374037981787e-01	1.457439935218975691e-01	7.004247753642910135e-02	2.833440263095962988e-02	7.181160728245057634e-02
1.069147217217817570e+03	2.706469006991725768e-01	1.710917386904106940e-01	2.419552672642167890e-01	1.459064989762859643e-01	7.011006020866779320e-02	2.837733816060218975e-02	7.191219600056848738e-02
1.071566102324645271e+03	2.702607391428367700e-01	1.708309853627042185e-01	2.422296008152541036e-01	1.460685166601284612e-01	7.017745721739530873e-02	2.842018798584094660e-02	7.201251281576473429e-02
1.073984987431472746e+03	2.698756651441558407e-01	1.705709666662982571e-01	2.425031403135430030e-01	1.462300482220194042e-01	7.024466908265349085e-02	2.846295212109392625e-02	7.211255845016070753e-02
1.076403872538300675e+03	2.694916756307317307e-01	1.703116805264626166e-01	2.427758880093366933e-01	1.463910953039461726e-01	7.031169632302534944e-02	2.850563058228971700e-02	7.221233362413237433e-02
1.078822757645127922e+03	2.691087675389560729e-01	1.700531248743151758e-01	2.430478461465267748e-01	1.465516595413217937e-01	7.037853945563911362e-02	2.854822338685256838e-02	7.231183905631316522e-02
1.081241642751955851e+03	2.687269378139822140e-01	1.697952976468072306e-01	2.433190169626614774e-01	1.467117425630171945e-01	7.044519899617211756e-02	2.859073055368761829e-02	7.241107546359686065e-02
1.083660527858783553e+03	2.683461834096980136e-01	1.695381967867084505e-01	2.435894026889637576e-01	1.468713459913932318e-01	7.051167545885464460e-02	2.863315210316622408e-02	7.251004356114044980e-02
1.086079412965611255e+03	2.679665012886982556e-01	1.692818202425920571e-01	2.438590055503492005e-01	1.470304714423327774e-01	7.057796935647397962e-02	2.867548805711140486e-02	7.260874406236711431e-02
1.088498298072438729e+03	2.675878884222578913e-01	1.690261659688198359e-01	2.441278277654442275e-01	1.471891205252723045e-01	7.064408120037819760e-02	2.871773843878340157e-02	7.270717767896901773e-02
1.090917183179266431e+03	2.672103417903046174e-01	1.687712319255271487e-01	2.443958715466038600e-01	1.473472948432334451e-01	7.071001150048014661e-02	2.875990327286534129e-02	7.280534512091028920e-02
1.093336068286093905e+03	2.668338583813925635e-01	1.685170160786080007e-01	2.446631390999296218e-01	1.475049959928544097e-01	7.077576076526129190e-02	2.880198258544902634e-02	7.290324709642989620e-02
1.095754953392921607e+03	2.664584351926752581e-01	1.682635163997001082e-01	2.449296326252873579e-01	1.476622255644210180e-01	7.084132950177562948e-02	2.884397640402081367e-02	7.300088431204458661e-02
1.098173838499749309e+03	2.660840692298791499e-01	1.680107308661696885e-01	2.451953543163250260e-01	1.478189851418978962e-01	7.090671821565357191e-02	2.888588475744761908e-02	7.309825747255177530e-02
1.100592723606577010e+03	2.657107575072774064e-01	1.677586574610966108e-01	2.454603063604903490e-01	1.479752763029590634e-01	7.097192741110580627e-02	2.892770767596301515e-02	7.319536728103248624e-02
1.103011608713404712e+03	2.653384970476633242e-01	1.675072941732592968e-01	2.457244909390485510e-01	1.481311006190187129e-01	7.103695759092715223e-02	2.896944519115345756e-02	7.329221443885426679e-02
1.105430493820231959e+03	2.649672848823244053e-01	1.672566389971196776e-01	2.459879102270999818e-01	1.482864596552614933e-01	7.110180925650043393e-02	2.901109733594459117e-02	7.338879964567412983e-02
1.107849378927059888e+03	2.645971180510165999e-01	1.670066899328082055e-01	2.462505663935974365e-01	1.484413549706729563e-01	7.116648290780035191e-02	2.905266414458768792e-02	7.348512359944148198e-02
1.110268264033887590e+03	2.642279936019379938e-01	1.667574449861086716e-01	2.465124616013640024e-01	1.485957881180695050e-01	7.123097904339732722e-02	2.909414565264617156e-02	7.358118699640105176e-02
1.112687149140715292e+03	2.638599085917034959e-01	1.665089021684433013e-01	2.467735980071101565e-01	1.487497606441283426e-01	7.129529816046129009e-02	2.913554189698226021e-02	7.367699053109587337e-02
1.115106034247542766e+03	2.634928600853190250e-01	1.662610594968576549e-01	2.470339777614514454e-01	1.489032740894172258e-01	7.135944075476557957e-02	2.917685291574369233e-02	7.377253489637020101e-02
1.117524919354370468e+03	2.631268451561559751e-01	1.660139149940055014e-01	2.472936030089255832e-01	1.490563299884240245e-01	7.142340732069071829e-02	2.921807874835058438e-02	7.386782078337243707e-02
1.119943804461197942e+03	2.627618608859262905e-01	1.657674666881337744e-01	2.475524758880099652e-01	1.492089298695860322e-01	7.148719835122824273e-02	2.925921943548236495e-02	7.396284888155815751e-02
1.122362689568025871e+03	2.623979043646567089e-01	1.655217126130677507e-01	2.478105985311387371e-01	1.493610752553193310e-01	7.155081433798451962e-02	2.930027501906482673e-02	7.405761987869301233e-02
1.124781574674853118e+03	2.620349726906640031e-01	1.652766508081956465e-01	2.480679730647200598e-01	1.495127676620477131e-01	7.161425577118454844e-02	2.934124554225726184e-02	7.415213446085569537e-02
1.127200459781681047e+03	2.616730629705297795e-01	1.650322793184538506e-01	2.483246016091532615e-01	1.496640086002316294e-01	7.167752313967576394e-02	2.938213104943973239e-02	7.424639331244096974e-02
1.129619344888508749e+03	2.613121723190758861e-01	1.647885961943117983e-01	2.485804862788457692e-01	1.498147995743968619e-01	7.174061693093174152e-02	2.942293158620038970e-02	7.434039711616255430e-02
1.132038229995336451e+03	2.609522978593394327e-01	1.645455994917569553e-01	2.488356291822303445e-01	1.499651420831631110e-01	7.180353763105609688e-02	2.946364719932294263e-02	7.443414655305613525e-02
1.134457115102163925e+03	2.605934367225481441e-01	1.643032872722799131e-01	2.490900324217819595e-01	1.501150376192723068e-01	7.186628572478619137e-02	2.950427793677417102e-02	7.452764230248234978e-02
1.136876000208991627e+03	2.602355860480959904e-01	1.640616576028592066e-01	2.493436980940347270e-01	1.502644876696169196e-01	7.192886169549687903e-02	2.954482384769160225e-02	7.462088504212976980e-02
1.139294885315819101e+03	2.598787429835185403e-01	1.638207085559464926e-01	2.495966282895988042e-01	1.504134937152678542e-01	7.199126602520428131e-02	2.958528498237121898e-02	7.471387544801788572e-02
1.141713770422646803e+03	2.595229046844687582e-01	1.635804382094515064e-01	2.498488250931772681e-01	1.505620572315025940e-01	7.205349919456956187e-02	2.962566139225530915e-02	7.480661419450009009e-02
1.144132655529474505e+03	2.591680683146929121e-01	1.633408446467271569e-01	2.501002905835827406e-01	1.507101796878326794e-01	7.211556168290259028e-02	2.966595312992037839e-02	7.489910195426663364e-02
1.146551540636302207e+03	2.588142310460062046e-01	1.631019259565545665e-01	2.503510268337543754e-01	1.508578625480314073e-01	7.217745396816575842e-02	2.970616024906517702e-02	7.499133939834769225e-02
1.148970425743129908e+03	2.584613900582688473e-01	1.628636802331280831e-01	2.506010359107742058e-01	1.510051072701611985e-01	7.223917652697765812e-02	2.974628280449883103e-02	7.508332719611632289e-02
1.151389310849957155e+03	2.581095425393623022e-01	1.626261055760405416e-01	2.508503198758841868e-01	1.511519153066009369e-01	7.230072983461680036e-02	2.978632085212902514e-02	7.517506601529144739e-02
1.153808195956785084e+03	2.577586856851653008e-01	1.623892000902682209e-01	2.510988807845023207e-01	1.512982881040729199e-01	7.236211436502525129e-02	2.982627444895033161e-02	7.526655652194090551e-02
1.156227081063612786e+03	2.574088166995302518e-01	1.621529618861560218e-01	2.513467206862395886e-01	1.514442271036699483e-01	7.242333059081247637e-02	2.986614365303257718e-02	7.535779938048441096e-02
1.158645966170440488e+03	2.570599327942594270e-01	1.619173890794027015e-01	2.515938416249162701e-01	1.515897337408819434e-01	7.248437898325892081e-02	2.990592852350934874e-02	7.544879525369661832e-02
1.161064851277267962e+03	2.567120311890817574e-01	1.616824797910460521e-01	2.518402456385783750e-01	1.517348094456227869e-01	7.254526001231970112e-02	2.994562912056655118e-02	7.553954480271006522e-02
1.163483736384095664e+03	2.563651091116290193e-01	1.614482321474479676e-01	2.520859347595140743e-01	1.518794556422566056e-01	7.260597414662832427e-02	2.998524550543108999e-02	7.563004868701826700e-02
1.165902621490923138e+03	2.560191637974128520e-01	1.612146442802797341e-01	2.523309110142699652e-01	1.520236737496243051e-01	7.266652185350026827e-02	3.002477774035961292e-02	7.572030756447865885e-02
1.168321506597751068e+03	2.556741924898012774e-01	1.609817143265073469e-01	2.525751764236673913e-01	1.521674651810695222e-01	7.272690359893674295e-02	3.006422588862735223e-02	7.581032209131567667e-02
1.170740391704578315e+03	2.553301924399957734e-01	1.607494404283767442e-01	2.528187330028189850e-01	1.523108313444647977e-01	7.278711984762824272e-02	3.010359001451706762e-02	7.590009292212376857e-02
1.173159276811406244e+03	2.549871609070079592e-01	1.605178207333990137e-01	2.530615827611442104e-01	1.524537736422375001e-01	7.284717106295823807e-02	3.014287018330804799e-02	7.598962070987037853e-02
1.175578161918233945e+03	2.546450951576367250e-01	1.602868533943359042e-01	2.533037277023862388e-01	1.525962934713954167e-01	7.290705770700681154e-02	3.018206646126523132e-02	7.607890610589902736e-02
1.177997047025061647e+03	2.543039924664455276e-01	1.600565365691849484e-01	2.535451698246276031e-01	1.527383922235524272e-01	7.296678024055421041e-02	3.022117891562837652e-02	7.616794975993229633e-02
1.180415932131889122e+03	2.539638501157393535e-01	1.598268684211649471e-01	2.537859111203062956e-01	1.528800712849539278e-01	7.302633912308455211e-02	3.026020761460137057e-02	7.625675232007494975e-02
1.182834817238716823e+03	2.536246653955419594e-01	1.595978471187014525e-01	2.540259535762320886e-01	1.530213320365021445e-01	7.308573481278934914e-02	3.029915262734155304e-02	7.634531443281684926e-02
1.185253702345544298e+03	2.532864356035736120e-01	1.593694708354120582e-01	2.542652991736020218e-01	1.531621758537813072e-01	7.314496776657115895e-02	3.033801402394918981e-02	7.643363674303609023e-02
1.187672587452371999e+03	2.529491580452280508e-01	1.591417377500919106e-01	2.545039498880167783e-01	1.533026041070825740e-01	7.320403844004715055e-02	3.037679187545698489e-02	7.652171989400198548e-02
1.190091472559199701e+03	2.526128300335505061e-01	1.589146460466991650e-01	2.547419076894961720e-01	1.534426181614289564e-01	7.326294728755267105e-02	3.041548625381970683e-02	7.660956452737814615e-02
1.192510357666027403e+03	2.522774488892149947e-01	1.586881939143406361e-01	2.549791745424954126e-01	1.535822193766001320e-01	7.332169476214479842e-02	3.045409723190387052e-02	7.669717128322547928e-02
1.194929242772855105e+03	2.519430119405020596e-01	1.584623795472570873e-01	2.552157524059205373e-01	1.537214091071568423e-01	7.338028131560599132e-02	3.049262488347751626e-02	7.678454080000529647e-02
1.197348127879682352e+03	2.516095165232767883e-01	1.582372011448089921e-01	2.554516432331440656e-01	1.538601887024655113e-01	7.343870739844754469e-02	3.053106928320007546e-02	7.687167371458228371e-02
1.199767012986510281e+03	2.512769599809663856e-01	1.580126569114621571e-01	2.556868489720210413e-01	1.539985595067225321e-01	7.349697345991315633e-02	3.056943050661229885e-02	7.695857066222763776e-02
1.202185898093337983e+03	2.509453396645383028e-01	1.577887450567732608e-01	2.559213715649044651e-01	1.541365228589783865e-01	7.355507994798250737e-02	3.060770863012628185e-02	7.704523227662204987e-02
1.204604783200165684e+03	2.506146529324781991e-01	1.575654637953754766e-01	2.561552129486608931e-01	1.542740800931615974e-01	7.361302730937471783e-02	3.064590373101555576e-02	7.713165918985877278e-02
1.207023668306993159e+03	2.502848971507680154e-01	1.573428113469642897e-01	2.563883750546860907e-01	1.544112325381029049e-01	7.367081598955189936e-02	3.068401588740527972e-02	7.721785203244672935e-02
1.209442553413820860e+03	2.499560696928642134e-01	1.571207859362831194e-01	2.566208598089203541e-01	1.545479815175588023e-01	7.372844643272269405e-02	3.072204517826247414e-02	7.730381143331351013e-02
1.211861438520648335e+03	2.496281679396759046e-01	1.568993857931091918e-01	2.568526691318643307e-01	1.546843283502352395e-01	7.378591908184571613e-02	3.075999168338636527e-02	7.738953801980841263e-02
1.214280323627476264e+03	2.493011892795433948e-01	1.566786091522391899e-01	2.570838049385939517e-01	1.548202743498111322e-01	7.384323437863307693e-02	3.079785548339880261e-02	7.747503241770556381e-02
1.216699208734303511e+03	2.489751311082163410e-01	1.564584542534752098e-01	2.573142691387761971e-01	1.549558208249617319e-01	7.390039276355389597e-02	3.083563665973472825e-02	7.756029525120697321e-02
1.219118093841131440e+03	2.486499908288324345e-01	1.562389193416105215e-01	2.575440636366843061e-01	1.550909690793818851e-01	7.395739467583768711e-02	3.087333529463276091e-02	7.764532714294554439e-02
1.221536978947959142e+03	2.483257658518958355e-01	1.560200026664154971e-01	2.577731903312128203e-01	1.552257204118090983e-01	7.401424055347788356e-02	3.091095147112581445e-02	7.773012871398815582e-02
1.223955864054786844e+03	2.480024535952558284e-01	1.558017024826234276e-01	2.580016511158933490e-01	1.553600761160465471e-01	7.407093083323532112e-02	3.094848527303182759e-02	7.781470058383878341e-02
1.226374749161614318e+03	2.476800514840854506e-01	1.555840170499167285e-01	2.582294478789093350e-01	1.554940374809859471e-01	7.412746595064161059e-02	3.098593678494454551e-02	7.789904337044149807e-02
1.228793634268442020e+03	2.473585569508604254e-01	1.553669446329126180e-01	2.584565825031112651e-01	1.556276057906302579e-01	7.418384634000262101e-02	3.102330609222437793e-02	7.798315769018353272e-02
1.231212519375269494e+03	2.470379674353379018e-01	1.551504835011493222e-01	2.586830568660320462e-01	1.557607823241162759e-01	7.424007243440192139e-02	3.106059328098934036e-02	7.806704415789839091e-02
1.233631404482097196e+03	2.467182803845352490e-01	1.549346319290721141e-01	2.589088728399016603e-01	1.558935683557370611e-01	7.429614466570416687e-02	3.109779843810605779e-02	7.815070338686891382e-02
1.236050289588924898e+03	2.463994932527093229e-01	1.547193881960193529e-01	2.591340322916624861e-01	1.560259651549644189e-01	7.435206346455854043e-02	3.113492165118085866e-02	7.823413598883027786e-02
1.238469174695752372e+03	2.460816035013352054e-01	1.545047505862086057e-01	2.593585370829842307e-01	1.561579739864709659e-01	7.440782926040212519e-02	3.117196300855091043e-02	7.831734257397317267e-02
1.240888059802580301e+03	2.457646085990855267e-01	1.542907173887228811e-01	2.595823890702788628e-01	1.562895961101523901e-01	7.446344248146333222e-02	3.120892259927546264e-02	7.840032375094677097e-02
1.243306944909407548e+03	2.454485060218096204e-01	1.540772868974966681e-01	2.598055901047154337e-01	1.564208327811492660e-01	7.451890355476524508e-02	3.124580051312711437e-02	7.848308012686187884e-02
1.245725830016235477e+03	2.451332932525127073e-01	1.538644574113023078e-01	2.600281420322350101e-01	1.565516852498689826e-01	7.457421290612904763e-02	3.128259684058320306e-02	7.856561230729394718e-02
1.248144715123063179e+03	2.448189677813353560e-01	1.536522272337361716e-01	2.602500466935653844e-01	1.566821547620075306e-01	7.462937096017736860e-02	3.131931167281724188e-02	7.864792089628619420e-02
1.250563600229890881e+03	2.445055271055327217e-01	1.534405946732050052e-01	2.604713059242358963e-01	1.568122425585710134e-01	7.468437814033759836e-02	3.135594510169039534e-02	7.873000649635263082e-02
1.252982485336718355e+03	2.441929687294540907e-01	1.532295580429121895e-01	2.606919215545922541e-01	1.569419498758971854e-01	7.473923486884531675e-02	3.139249721974309015e-02	7.881186970848115536e-02
1.255401370443546057e+03	2.438812901645223963e-01	1.530191156608441683e-01	2.609118954098110232e-01	1.570712779456768515e-01	7.479394156674756822e-02	3.142896812018662611e-02	7.889351113213663447e-02
1.257820255550373531e+03	2.435704889292137909e-01	1.528092658497567646e-01	2.611312293099144477e-01	1.572002279949751002e-01	7.484849865390624801e-02	3.146535789689490492e-02	7.897493136526397006e-02
1.260239140657201460e+03	2.432605625490373569e-01	1.526000069371618029e-01	2.613499250697848830e-01	1.573288012462524532e-01	7.490290654900139122e-02	3.150166664439618680e-02	7.905613100429116635e-02
1.262658025764028707e+03	2.429515085565147892e-01	1.523913372553132861e-01	2.615679844991794512e-01	1.574569989173858209e-01	7.495716566953448956e-02	3.153789445786495810e-02	7.913711064413242458e-02
1.265076910870856636e+03	2.426433244911601339e-01	1.521832551411941292e-01	2.617854094027445844e-01	1.575848222216895411e-01	7.501127643183183591e-02	3.157404143311382666e-02	7.921787087819116835e-02
1.267495795977684338e+03	2.423360078994597488e-01	1.519757589365025863e-01	2.620022015800303472e-01	1.577122723679360572e-01	7.506523925104777173e-02	3.161010766658549354e-02	7.929841229836319394e-02
1.269914681084511813e+03	2.420295563348521251e-01	1.517688469876389556e-01	2.622183628255050913e-01	1.578393505603765956e-01	7.511905454116798997e-02	3.164609325534478712e-02	7.937873549503966786e-02
1.272333566191339514e+03	2.417239673577080417e-01	1.515625176456919521e-01	2.624338949285696110e-01	1.579660579987617886e-01	7.517272271501282410e-02	3.168199829707080140e-02	7.945884105711024936e-02
1.274752451298167216e+03	2.414192385353102765e-01	1.513567692664255504e-01	2.626487996735715758e-01	1.580923958783621019e-01	7.522624418424053716e-02	3.171782289004904110e-02	7.953872957196615745e-02
1.277171336404994690e+03	2.411153674418340664e-01	1.511516002102656353e-01	2.628630788398199636e-01	1.582183653899881803e-01	7.527961935935054139e-02	3.175356713316365015e-02	7.961840162550318234e-02
1.279590221511822392e+03	2.408123516583270396e-01	1.509470088422867340e-01	2.630767342015991606e-01	1.583439677200110252e-01	7.533284864968670114e-02	3.178923112588971644e-02	7.969785780212489124e-02
1.282009106618650094e+03	2.405101887726895649e-01	1.507429935321985270e-01	2.632897675281831718e-01	1.584692040503821731e-01	7.538593246344053866e-02	3.182481496828565987e-02	7.977709868474554267e-02
1.284427991725477568e+03	2.402088763796550452e-01	1.505395526543330809e-01	2.635021805838500542e-01	1.585940755586537076e-01	7.543887120765450927e-02	3.186031876098559257e-02	7.985612485479329226e-02
1.286846876832305497e+03	2.399084120807701836e-01	1.503366845876311919e-01	2.637139751278956279e-01	1.587185834179980215e-01	7.549166528822517930e-02	3.189574260519186660e-02	7.993493689221316256e-02
1.289265761939132744e+03	2.396087934843754708e-01	1.501343877156296192e-01	2.639251529146480757e-01	1.588427287972277724e-01	7.554431510990650134e-02	3.193108660266759380e-02	8.001353537547019334e-02
1.291684647045960673e+03	2.393100182055857006e-01	1.499326604264477336e-01	2.641357156934815986e-01	1.589665128608155065e-01	7.559682107631297832e-02	3.196635085572923501e-02	8.009192088155249467e-02
1.294103532152788375e+03	2.390120838662704028e-01	1.497315011127745843e-01	2.643456652088307379e-01	1.590899367689131427e-01	7.564918358992288316e-02	3.200153546723930043e-02	8.017009398597424452e-02
1.296522417259616077e+03	2.387149880950344971e-01	1.495309081718558253e-01	2.645550032002040308e-01	1.592130016773715684e-01	7.570140305208149234e-02	3.203664054059907756e-02	8.024805526277889456e-02
1.298941302366443551e+03	2.384187285271990031e-01	1.493308800054806706e-01	2.647637314021981658e-01	1.593357087377599013e-01	7.575347986300419445e-02	3.207166617974138711e-02	8.032580528454208446e-02
1.301360187473271253e+03	2.381233028047816391e-01	1.491314150199689881e-01	2.649718515445119715e-01	1.594580590973848078e-01	7.580541442177970990e-02	3.210661248912347054e-02	8.040334462237481994e-02
1.303779072580098727e+03	2.378287085764777264e-01	1.489325116261583370e-01	2.651793653519601279e-01	1.595800538993095985e-01	7.585720712637326890e-02	3.214147957371986386e-02	8.048067384592652584e-02
1.306197957686926657e+03	2.375349434976408713e-01	1.487341682393910902e-01	2.653862745444869331e-01	1.597016942823732966e-01	7.590885837362976174e-02	3.217626753901538933e-02	8.055779352338802990e-02
1.308616842793753904e+03	2.372420052302640914e-01	1.485363832795015826e-01	2.655925808371803476e-01	1.598229813812096223e-01	7.596036855927686127e-02	3.221097649099816801e-02	8.063470422149474071e-02
1.311035727900581833e+03	2.369498914429605252e-01	1.483391551708032330e-01	2.657982859402853726e-01	1.599439163262656727e-01	7.601173807792821480e-02	3.224560653615269473e-02	8.071140650552965923e-02
1.313454613007409534e+03	2.366585998109446143e-01	1.481424823420758596e-01	2.660033915592180387e-01	1.600645002438209064e-01	7.606296732308656661e-02	3.228015778145298248e-02	8.078790093932643190e-02
1.315873498114237009e+03	2.363681280160131182e-01	1.479463632265527739e-01	2.662078993945789507e-01	1.601847342560055731e-01	7.611405668714681105e-02	3.231463033435576920e-02	8.086418808527241764e-02
1.318292383221064711e+03	2.360784737465261851e-01	1.477507962619082349e-01	2.664118111421669988e-01	1.603046194808193103e-01	7.616500656139921221e-02	3.234902430279376628e-02	8.094026850431178255e-02
1.320711268327892412e+03	2.357896346973886170e-01	1.475557798902447093e-01	2.666151284929927368e-01	1.604241570321495725e-01	7.621581733603244313e-02	3.238333979516893474e-02	8.101614275594851144e-02
1.323130153434719887e+03	2.355016085700311346e-01	1.473613125580801042e-01	2.668178531332922043e-01	1.605433480197899776e-01	7.626648940013673605e-02	3.241757692034589328e-02	8.109181139824947482e-02
1.325549038541547588e+03	2.352143930723915588e-01	1.471673927163353601e-01	2.670199867445402497e-01	1.606621935494585429e-01	7.631702314170694945e-02	3.245173578764531247e-02	8.116727498784752359e-02
1.327967923648375290e+03	2.349279859188962982e-01	1.469740188203216558e-01	2.672215310034641300e-01	1.607806947228158645e-01	7.636741894764562111e-02	3.248581650683739219e-02	8.124253407994454224e-02
1.330386808755202765e+03	2.346423848304416138e-01	1.467811893297281678e-01	2.674224875820567782e-01	1.608988526374830197e-01	7.641767720376607675e-02	3.251981918813540845e-02	8.131758922831441860e-02
1.332805693862030694e+03	2.343575875343753279e-01	1.465889027086091645e-01	2.676228581475904034e-01	1.610166683870596083e-01	7.646779829479551094e-02	3.255374394218925327e-02	8.139244098530623583e-02
1.335224578968857941e+03	2.340735917644780339e-01	1.463971574253719043e-01	2.678226443626295916e-01	1.611341430611416548e-01	7.651778260437801238e-02	3.258759088007911336e-02	8.146708990184718668e-02
1.337643464075685870e+03	2.337903952609449720e-01	1.462059519527640072e-01	2.680218478850449060e-01	1.612512777453392054e-01	7.656763051507763096e-02	3.262136011330912799e-02	8.154153652744570990e-02
1.340062349182513572e+03	2.335079957703674602e-01	1.460152847678610755e-01	2.682204703680258762e-01	1.613680735212940920e-01	7.661734240838140308e-02	3.265505175380115782e-02	8.161578141019454335e-02
1.342481234289341273e+03	2.332263910457146316e-01	1.458251543520543980e-01	2.684185134600944878e-01	1.614845314666974452e-01	7.666691866470239092e-02	3.268866591388855380e-02	8.168982509677367998e-02
1.344900119396168748e+03	2.329455788463153099e-01	1.456355591910385161e-01	2.686159788051182273e-01	1.616006526553072087e-01	7.671635966338273549e-02	3.272220270631002320e-02	8.176366813245351806e-02
1.347319004502996449e+03	2.326655569378396904e-01	1.454464977747990662e-01	2.688128680423234051e-01	1.617164381569654030e-01	7.676566578269661267e-02	3.275566224420351641e-02	8.183731106109785880e-02
1.349737889609823924e+03	2.323863230922811884e-01	1.452579685976003454e-01	2.690091828063080892e-01	1.618318890376155283e-01	7.681483739985330017e-02	3.278904464110016931e-02	8.191075442516695948e-02
1.352156774716651853e+03	2.321078750879383423e-01	1.450699701579732104e-01	2.692049247270553169e-01	1.619470063593196896e-01	7.686387489100014736e-02	3.282235001091832888e-02	8.198399876572053102e-02
1.354575659823479100e+03	2.318302107093969666e-01	1.448825009587028922e-01	2.694000954299460848e-01	1.620617911802756661e-01	7.691277863122557290e-02	3.285557846795757186e-02	8.205704462242084662e-02
1.356994544930307029e+03	2.315533277475118057e-01	1.446955595068167844e-01	2.695946965357724490e-01	1.621762445548339815e-01	7.696154899456202070e-02	3.288873012689283448e-02	8.212989253353571162e-02
1.359413430037134731e+03	2.312772239993889922e-01	1.445091443135723130e-01	2.697887296607505148e-01	1.622903675335146956e-01	7.701018635398899914e-02	3.292180510276852823e-02	8.220254303594154432e-02
1.361832315143962205e+03	2.310018972683679506e-01	1.443232538944448640e-01	2.699821964165331489e-01	1.624041611630244186e-01	7.705869108143599544e-02	3.295480351099278754e-02	8.227499666512641530e-02
1.364251200250789907e+03	2.307273453640036054e-01	1.441378867691157917e-01	2.701750984102232467e-01	1.625176264862728259e-01	7.710706354778543159e-02	3.298772546733167582e-02	8.234725395519300328e-02
1.366670085357617609e+03	2.304535661020486459e-01	1.439530414614603737e-01	2.703674372443862772e-01	1.626307645423894777e-01	7.715530412287566198e-02	3.302057108790348861e-02	8.241931543886170386e-02
1.369088970464445310e+03	2.301805573044358733e-01	1.437687164995356814e-01	2.705592145170632734e-01	1.627435763667401947e-01	7.720341317550384608e-02	3.305334048917313999e-02	8.249118164747362703e-02
1.371507855571272785e+03	2.299083167992603538e-01	1.435849104155688671e-01	2.707504318217835992e-01	1.628560629909437396e-01	7.725139107342894607e-02	3.308603378794648664e-02	8.256285311099360869e-02
1.373926740678100487e+03	2.296368424207619885e-01	1.434016217459451181e-01	2.709410907475777175e-01	1.629682254428880539e-01	7.729923818337464114e-02	3.311865110136484602e-02	8.263433035801324988e-02
1.376345625784927961e+03	2.293661320093079159e-01	1.432188490311957219e-01	2.711311928789899572e-01	1.630800647467464948e-01	7.734695487103217248e-02	3.315119254689942452e-02	8.270561391575394217e-02
1.378764510891755890e+03	2.290961834113749152e-01	1.430365908159863253e-01	2.713207397960910594e-01	1.631915819229942388e-01	7.739454150106336860e-02	3.318365824234588424e-02	8.277670431006983742e-02
1.381183395998583137e+03	2.288269944795320587e-01	1.428548456491050833e-01	2.715097330744909443e-01	1.633027779884242137e-01	7.744199843710347642e-02	3.321604830581890988e-02	8.284760206545094263e-02
1.383602281105411066e+03	2.285585630724232264e-01	1.426736120834509181e-01	2.716981742853512571e-01	1.634136539561632517e-01	7.748932604176404781e-02	3.324836285574685885e-02	8.291830770502604808e-02
1.386021166212238768e+03	2.282908870547498970e-01	1.424928886760216395e-01	2.718860649953981357e-01	1.635242108356878832e-01	7.753652467663586789e-02	3.328060201086641134e-02	8.298882175056580823e-02
1.388440051319066470e+03	2.280239642972536618e-01	1.423126739879023717e-01	2.720734067669344225e-01	1.636344496328404341e-01	7.758359470229177213e-02	3.331276589021730378e-02	8.305914472248569769e-02
1.390858936425893944e+03	2.277577926766991556e-01	1.421329665842538115e-01	2.722602011578523218e-01	1.637443713498445974e-01	7.763053647828961623e-02	3.334485461313708293e-02	8.312927713984905043e-02
1.393277821532721646e+03	2.274923700758566536e-01	1.419537650343006274e-01	2.724464497216461112e-01	1.638539769853212535e-01	7.767735036317502395e-02	3.337686829925592263e-02	8.319921952037005741e-02
1.395696706639549120e+03	2.272276943834851404e-01	1.417750679113198020e-01	2.726321540074241878e-01	1.639632675343039858e-01	7.772403671448431528e-02	3.340880706849148896e-02	8.326897238041675031e-02
1.398115591746377049e+03	2.269637634943151017e-01	1.415968737926290855e-01	2.728173155599216138e-01	1.640722439882547623e-01	7.777059588874732365e-02	3.344067104104381932e-02	8.333853623501398522e-02
1.400534476853204296e+03	2.267005753090314546e-01	1.414191812595753106e-01	2.730019359195126616e-01	1.641809073350792292e-01	7.781702824149022701e-02	3.347246033739027793e-02	8.340791159784649578e-02
1.402953361960032225e+03	2.264381277342566723e-01	1.412419888975231519e-01	2.731860166222229158e-01	1.642892585591421706e-01	7.786333412723839276e-02	3.350417507828053892e-02	8.347709898126183525e-02
1.405372247066859927e+03	2.261764186825336864e-01	1.410652952958434680e-01	2.733695591997415963e-01	1.643972986412828019e-01	7.790951389951919492e-02	3.353581538473160428e-02	8.354609889627337416e-02
1.407791132173687402e+03	2.259154460723091229e-01	1.408890990479018668e-01	2.735525651794338819e-01	1.645050285588298689e-01	7.795556791086484527e-02	3.356738137802290495e-02	8.361491185256331171e-02
1.410210017280515103e+03	2.256552078279163709e-01	1.407133987510472695e-01	2.737350360843530672e-01	1.646124492856169408e-01	7.800149651281516883e-02	3.359887317969138809e-02	8.368353835848563183e-02
1.412628902387342805e+03	2.253957018795588185e-01	1.405381930066006146e-01	2.739169734332528860e-01	1.647195617919973154e-01	7.804730005592042108e-02	3.363029091152667377e-02	8.375197892106908681e-02
1.415047787494170507e+03	2.251369261632931440e-01	1.403634804198434505e-01	2.740983787405995575e-01	1.648263670448591178e-01	7.809297888974407742e-02	3.366163469556626708e-02	8.382023404602020888e-02
1.417466672600997981e+03	2.248788786210125235e-01	1.401892596000066382e-01	2.742792535165839429e-01	1.649328660076400388e-01	7.813853336286562257e-02	3.369290465409080504e-02	8.388830423772626610e-02
1.419885557707825683e+03	2.246215572004301164e-01	1.400155291602590835e-01	2.744595992671335360e-01	1.650390596403423504e-01	7.818396382288328450e-02	3.372410090961931728e-02	8.395618999925820447e-02
1.422304442814653157e+03	2.243649598550623292e-01	1.398422877176964674e-01	2.746394174939245647e-01	1.651449488995474224e-01	7.822927061641686552e-02	3.375522358490456315e-02	8.402389183237367332e-02
1.424723327921481086e+03	2.241090845442123836e-01	1.396695338933300612e-01	2.748187096943942032e-01	1.652505347384305434e-01	7.827445408911044844e-02	3.378627280292838958e-02	8.409141023751993960e-02
1.427142213028308333e+03	2.238539292329537189e-01	1.394972663120754297e-01	2.749974773617522295e-01	1.653558181067754373e-01	7.831951458563517210e-02	3.381724868689715141e-02	8.415874571383688552e-02
1.429561098135136262e+03	2.235994918921136165e-01	1.393254836027414401e-01	2.751757219849931824e-01	1.654607999509887239e-01	7.836445244969199309e-02	3.384815136023711785e-02	8.422589875915996449e-02
1.431979983241963964e+03	2.233457704982567127e-01	1.391541843980190207e-01	2.753534450489082408e-01	1.655654812141145460e-01	7.840926802401440576e-02	3.387898094658999687e-02	8.429286987002317100e-02
1.434398868348791666e+03	2.230927630336687062e-01	1.389833673344701981e-01	2.755306480340969921e-01	1.656698628358486969e-01	7.845396165037112068e-02	3.390973756980843190e-02	8.435965954166194103e-02
1.436817753455619140e+03	2.228404674863400381e-01	1.388130310525168554e-01	2.757073324169795892e-01	1.657739457525530258e-01	7.849853366956886791e-02	3.394042135395158866e-02	8.442626826801617745e-02
1.439236638562446842e+03	2.225888818499495991e-01	1.386431741964298525e-01	2.758834996698080744e-01	1.658777308972696485e-01	7.854298442145507542e-02	3.397103242328072814e-02	8.449269654173316435e-02
1.441655523669274316e+03	2.223380041238485760e-01	1.384737954143180350e-01	2.760591512606786480e-01	1.659812191997349362e-01	7.858731424492058915e-02	3.400157090225487677e-02	8.455894485417049522e-02
1.444074408776102018e+03	2.220878323130442145e-01	1.383048933581172146e-01	2.762342886535431030e-01	1.660844115863938375e-01	7.863152347790230978e-02	3.403203691552648263e-02	8.462501369539904283e-02
1.446493293882929493e+03	2.218383644281837208e-01	1.381364666835792343e-01	2.764089133082205385e-01	1.661873089804136450e-01	7.867561245738598219e-02	3.406243058793713419e-02	8.469090355420590133e-02
1.448912178989757422e+03	2.215895984855382750e-01	1.379685140502610874e-01	2.765830266804093496e-01	1.662899123016979841e-01	7.871958151940881832e-02	3.409275204451332753e-02	8.475661491809727277e-02
1.451331064096585123e+03	2.213415325069868766e-01	1.378010341215141488e-01	2.767566302216985519e-01	1.663922224669006911e-01	7.876343099906216172e-02	3.412300141046225449e-02	8.482214827330146478e-02
1.453749949203412370e+03	2.210941645200003858e-01	1.376340255644731836e-01	2.769297253795794944e-01	1.664942403894395517e-01	7.880716123049417987e-02	3.415317881116761156e-02	8.488750410477180486e-02
1.456168834310240300e+03	2.208474925576257020e-01	1.374674870500455781e-01	2.771023135974572948e-01	1.665959669795100129e-01	7.885077254691255644e-02	3.418328437218549204e-02	8.495268289618954083e-02
1.458587719417068001e+03	2.206015146584697495e-01	1.373014172529007371e-01	2.772743963146627744e-01	1.666974031440988102e-01	7.889426528058708643e-02	3.421331821924027822e-02	8.501768512996674132e-02
1.461006604523895703e+03	2.203562288666837121e-01	1.371358148514590924e-01	2.774459749664636155e-01	1.667985497869974854e-01	7.893763976285234074e-02	3.424328047822058907e-02	8.508251128724930723e-02
1.463425489630723177e+03	2.201116332319472679e-01	1.369706785278815286e-01	2.776170509840760192e-01	1.668994078088159860e-01	7.898089632411031680e-02	3.427317127517523487e-02	8.514716184791978892e-02
1.465844374737550879e+03	2.198677258094526854e-01	1.368060069680587798e-01	2.777876257946759742e-01	1.669999781069959610e-01	7.902403529383307534e-02	3.430299073630925510e-02	8.521163729060038383e-02
1.468263259844378354e+03	2.196245046598893080e-01	1.366417988616006052e-01	2.779577008214110245e-01	1.671002615758242216e-01	7.906705700056533559e-02	3.433273898797994939e-02	8.527593809265575364e-02
1.470682144951206283e+03	2.193819678494278169e-01	1.364780529018252697e-01	2.781272774834111505e-01	1.672002591064459254e-01	7.910996177192711198e-02	3.436241615669294314e-02	8.534006473019599415e-02
1.473101030058033530e+03	2.191401134497046044e-01	1.363147677857490525e-01	2.782963571958005367e-01	1.672999715868778992e-01	7.915274993461633712e-02	3.439202236909835037e-02	8.540401767807953570e-02
1.475519915164861459e+03	2.188989395378062586e-01	1.361519422140754498e-01	2.784649413697086184e-01	1.673993999020216561e-01	7.919542181441144302e-02	3.442155775198686707e-02	8.546779740991600205e-02
1.477938800271689161e+03	2.186584441962540204e-01	1.359895748911848778e-01	2.786330314122816287e-01	1.674985449336766352e-01	7.923797773617394236e-02	3.445102243228601729e-02	8.553140439806916628e-02
1.480357685378516862e+03	2.184186255129882959e-01	1.358276645251240422e-01	2.788006287266937555e-01	1.675974075605531077e-01	7.928041802385105141e-02	3.448041653705631593e-02	8.559483911365975417e-02
1.482776570485344337e+03	2.181794815813531685e-01	1.356662098275956130e-01	2.789677347121581885e-01	1.676959886582851389e-01	7.932274300047822968e-02	3.450974019348758415e-02	8.565810202656842787e-02
