1.001418434226643626e+03	2.819120850508218812e-01	1.787012897605406159e-01	2.339422265838946857e-01	1.411635512074557453e-01	6.814709806814694959e-02	2.714032071986578754e-02	6.899342860919779885e-02
1.002869765290740247e+03	2.816612085515408093e-01	1.785318780972482422e-01	2.341208338378330811e-01	1.412694067690978550e-01	6.819080186868622939e-02	2.716747633160285572e-02	6.905839454391435317e-02
1.004321096354836754e+03	2.814107563445747973e-01	1.783627530179536791e-01	2.342991312428521766e-01	1.413750695248914835e-01	6.823443347687749294e-02	2.719460120619188181e-02	6.912325518658191115e-02
1.005772427418933376e+03	2.811607277092869062e-01	1.781939140370751573e-01	2.344771193260170306e-01	1.414805398731874275e-01	6.827799301413985111e-02	2.722169533632112434e-02	6.918801070389586638e-02
1.007223758483029997e+03	2.809111219262941939e-01	1.780253606698406765e-01	2.346547986134971397e-01	1.415858182113522989e-01	6.832148060168884152e-02	2.724875871493440821e-02	6.925266126231577335e-02
1.008675089547126618e+03	2.806619382774648286e-01	1.778570924322869229e-01	2.348321696305682160e-01	1.416909049357714390e-01	6.836489636053674768e-02	2.727579133522971613e-02	6.931720702806550005e-02
1.010126420611223239e+03	2.804131760459155354e-01	1.776891088412583530e-01	2.350092329016134629e-01	1.417958004418519435e-01	6.840824041149287660e-02	2.730279319065773147e-02	6.938164816713342231e-02
1.011577751675319632e+03	2.801648345160089870e-01	1.775214094144063337e-01	2.351859889501252687e-01	1.419005051240256887e-01	6.845151287516393346e-02	2.732976427492043309e-02	6.944598484527272908e-02
1.013029082739416367e+03	2.799169129733510841e-01	1.773539936701879205e-01	2.353624382987067054e-01	1.420050193757521617e-01	6.849471387195427141e-02	2.735670458196969024e-02	6.951021722800150571e-02
1.014480413803512761e+03	2.796694107047884570e-01	1.771868611278651084e-01	2.355385814690731106e-01	1.421093435895215973e-01	6.853784352206622466e-02	2.738361410600585397e-02	6.957434548060305313e-02
1.015931744867609382e+03	2.794223269984056346e-01	1.770200113075037218e-01	2.357144189820534752e-01	1.422134781568577533e-01	6.858090194550044150e-02	2.741049284147634504e-02	6.963836976812601276e-02
1.017383075931706003e+03	2.791756611435226021e-01	1.768534437299724982e-01	2.358899513575921647e-01	1.423174234683209638e-01	6.862388926205620354e-02	2.743734078307428007e-02	6.970229025538458856e-02
1.018834406995802851e+03	2.789294124306923028e-01	1.766871579169419781e-01	2.360651791147503897e-01	1.424211799135109979e-01	6.866680559133173101e-02	2.746415792573708020e-02	6.976610710695881068e-02
1.020285738059899245e+03	2.786835801516978073e-01	1.765211533908835617e-01	2.362401027717076218e-01	1.425247478810700019e-01	6.870965105272448803e-02	2.749094426464508689e-02	6.982982048719468815e-02
1.021737069123995752e+03	2.784381635995500925e-01	1.763554296750684813e-01	2.364147228457632866e-01	1.426281277586853580e-01	6.875242576543147410e-02	2.751769979522018447e-02	6.989343056020440315e-02
1.023188400188092373e+03	2.781931620684851558e-01	1.761899862935667194e-01	2.365890398533380679e-01	1.427313199330926263e-01	6.879512984844958490e-02	2.754442451312444362e-02	6.995693748986661631e-02
1.024639731252188767e+03	2.779485748539617385e-01	1.760248227712461477e-01	2.367630543099756846e-01	1.428343247900784041e-01	6.883776342057591757e-02	2.757111841425874746e-02	7.002034143982655001e-02
1.026091062316285615e+03	2.777044012526587724e-01	1.758599386337712789e-01	2.369367667303441671e-01	1.429371427144831563e-01	6.888032660040803445e-02	2.759778149476145234e-02	7.008364257349629367e-02
1.027542393380382237e+03	2.774606405624727712e-01	1.756953334076023221e-01	2.371101776282374951e-01	1.430397740902041581e-01	6.892281950634435161e-02	2.762441375100703131e-02	7.014684105405495640e-02
1.028993724444478858e+03	2.772172920825154430e-01	1.755310066199942398e-01	2.372832875165770961e-01	1.431422193001982424e-01	6.896524225658440255e-02	2.765101517960471753e-02	7.020993704444891681e-02
1.030445055508575479e+03	2.769743551131111925e-01	1.753669577989954709e-01	2.374560969074133165e-01	1.432444787264847141e-01	6.900759496912914348e-02	2.767758577739718936e-02	7.027293070739203118e-02
1.031896386572671872e+03	2.767318289557946231e-01	1.752031864734470423e-01	2.376286063119268932e-01	1.433465527501481540e-01	6.904987776178130032e-02	2.770412554145923467e-02	7.033582220536579999e-02
1.033347717636768493e+03	2.764897129133081499e-01	1.750396921729814315e-01	2.378008162404305625e-01	1.434484417513411658e-01	6.909209075214564622e-02	2.773063446909640808e-02	7.039861170061963158e-02
1.034799048700865114e+03	2.762480062895995014e-01	1.748764744280215666e-01	2.379727272023704210e-01	1.435501461092872910e-01	6.913423405762937624e-02	2.775711255784374040e-02	7.046129935517100873e-02
1.036250379764961508e+03	2.760067083898192775e-01	1.747135327697797169e-01	2.381443397063275069e-01	1.436516662022838398e-01	6.917630779544234332e-02	2.778355980546440632e-02	7.052388533080573840e-02
1.037701710829058356e+03	2.757658185203187284e-01	1.745508667302563821e-01	2.383156542600192718e-01	1.437530024077044444e-01	6.921831208259740520e-02	2.780997620994842337e-02	7.058636978907817383e-02
1.039153041893154750e+03	2.755253359886470355e-01	1.743884758422391823e-01	2.384866713703010510e-01	1.438541551020020848e-01	6.926024703591075748e-02	2.783636176951135438e-02	7.064875289131136715e-02
1.040604372957251599e+03	2.752852601035490898e-01	1.742263596393019420e-01	2.386573915431675075e-01	1.439551246607116974e-01	6.930211277200218345e-02	2.786271648259300640e-02	7.071103479859730534e-02
1.042055704021347992e+03	2.750455901749632726e-01	1.740645176558033858e-01	2.388278152837542412e-01	1.440559114584530342e-01	6.934390940729544262e-02	2.788904034785615049e-02	7.077321567179717388e-02
1.043507035085444613e+03	2.748063255140187899e-01	1.739029494268862774e-01	2.389979430963390938e-01	1.441565158689333270e-01	6.938563705801849280e-02	2.791533336418523456e-02	7.083529567154153717e-02
1.044958366149541234e+03	2.745674654330333420e-01	1.737416544884760328e-01	2.391677754843437864e-01	1.442569382649500631e-01	6.942729584020392031e-02	2.794159553068510660e-02	7.089727495823047732e-02
1.046409697213637855e+03	2.743290092455110685e-01	1.735806323772799142e-01	2.393373129503352514e-01	1.443571790183936776e-01	6.946888586968912038e-02	2.796782684667973792e-02	7.095915369203396883e-02
1.047861028277734476e+03	2.740909562661398291e-01	1.734198826307856711e-01	2.395065559960272150e-01	1.444572385002503845e-01	6.951040726211671350e-02	2.799402731171096378e-02	7.102093203289192025e-02
1.049312359341831097e+03	2.738533058107892604e-01	1.732594047872606513e-01	2.396755051222815847e-01	1.445571170806046746e-01	6.955186013293478131e-02	2.802019692553723088e-02	7.108261014051452109e-02
1.050763690405927491e+03	2.736160571965080557e-01	1.730991983857505245e-01	2.398441608291099758e-01	1.446568151286422022e-01	6.959324459739721358e-02	2.804633568813232752e-02	7.114418817438236675e-02
1.052215021470024112e+03	2.733792097415220779e-01	1.729392629660782554e-01	2.400125236156750996e-01	1.447563330126523384e-01	6.963456077056402738e-02	2.807244359968414510e-02	7.120566629374673606e-02
1.053666352534120733e+03	2.731427627652315282e-01	1.727795980688429656e-01	2.401805939802922618e-01	1.448556711000309472e-01	6.967580876730163075e-02	2.809852066059343595e-02	7.126704465762978558e-02
1.055117683598217127e+03	2.729067155882093920e-01	1.726202032354187954e-01	2.403483724204308891e-01	1.449548297572829936e-01	6.971698870228319744e-02	2.812456687147258175e-02	7.132832342482474386e-02
1.056569014662313975e+03	2.726710675321983302e-01	1.724610780079538219e-01	2.405158594327158061e-01	1.450538093500252090e-01	6.975810068998891667e-02	2.815058223314434102e-02	7.138950275389617517e-02
1.058020345726410369e+03	2.724358179201091246e-01	1.723022219293688095e-01	2.406830555129288174e-01	1.451526102429887277e-01	6.979914484470634006e-02	2.817656674664065219e-02	7.145058280318011823e-02
1.059471676790506763e+03	2.722009660760179028e-01	1.721436345433562665e-01	2.408499611560101783e-01	1.452512328000217789e-01	6.984012128053065926e-02	2.820252041320139499e-02	7.151156373078437767e-02
1.060923007854603611e+03	2.719665113251641952e-01	1.719853153943792234e-01	2.410165768560599275e-01	1.453496773840922685e-01	6.988103011136503895e-02	2.822844323427318308e-02	7.157244569458870442e-02
1.062374338918700232e+03	2.717324529939485478e-01	1.718272640276700403e-01	2.411829031063394135e-01	1.454479443572903596e-01	6.992187145092094991e-02	2.825433521150815669e-02	7.163322885224501779e-02
1.063825669982796853e+03	2.714987904099304683e-01	1.716694799892293510e-01	2.413489403992727378e-01	1.455460340808311936e-01	6.996264541271837722e-02	2.828019634676276831e-02	7.169391336117764135e-02
1.065277001046893474e+03	2.712655229018259284e-01	1.715119628258248985e-01	2.415146892264480039e-01	1.456439469150573318e-01	7.000335211008623659e-02	2.830602664209659960e-02	7.175449937858348337e-02
1.066728332110990095e+03	2.710326497995053097e-01	1.713547120849903960e-01	2.416801500786190937e-01	1.457416832194415313e-01	7.004399165616265188e-02	2.833182609977116795e-02	7.181498706143228661e-02
1.068179663175086489e+03	2.708001704339912385e-01	1.711977273150243894e-01	2.418453234457068612e-01	1.458392433525891596e-01	7.008456416389524657e-02	2.835759472224873290e-02	7.187537656646685036e-02
1.069630994239183110e+03	2.705680841374562551e-01	1.710410080649890918e-01	2.420102098168005200e-01	1.459366276722408873e-01	7.012506974604142129e-02	2.838333251219111314e-02	7.193566805020318311e-02
1.071082325303279504e+03	2.703363902432207033e-01	1.708845538847092171e-01	2.421748096801592254e-01	1.460338365352751577e-01	7.016550851516872855e-02	2.840903947245852074e-02	7.199586166893082173e-02
1.072533656367376352e+03	2.701050880857506775e-01	1.707283643247708982e-01	2.423391235232134622e-01	1.461308702977108243e-01	7.020588058365512252e-02	2.843471560610838847e-02	7.205595757871298412e-02
1.073984987431472746e+03	2.698741770006555796e-01	1.705724389365205484e-01	2.425031518325663493e-01	1.462277293147095925e-01	7.024618606368930596e-02	2.846036091639419716e-02	7.211595593538680515e-02
1.075436318495569594e+03	2.696436563246860096e-01	1.704167772720635854e-01	2.426668950939951663e-01	1.463244139405786570e-01	7.028642506727102168e-02	2.848597540676432727e-02	7.217585689456355869e-02
1.076887649559666215e+03	2.694135253957318787e-01	1.702613788842633757e-01	2.428303537924527411e-01	1.464209245287732275e-01	7.032659770621133011e-02	2.851155908086089319e-02	7.223566061162885188e-02
1.078338980623762609e+03	2.691837835528199108e-01	1.701062433267400698e-01	2.429935284120689210e-01	1.465172614318989153e-01	7.036670409213295618e-02	2.853711194251860525e-02	7.229536724174290274e-02
1.079790311687859230e+03	2.689544301361117551e-01	1.699513701538694355e-01	2.431564194361518216e-01	1.466134250017143426e-01	7.040674433647056696e-02	2.856263399576361439e-02	7.235497693984070666e-02
1.081241642751955851e+03	2.687254644869016551e-01	1.697967589207816930e-01	2.433190273471893816e-01	1.467094155891337237e-01	7.044671855047109077e-02	2.858812524481238806e-02	7.241448986063225846e-02
1.082692973816052472e+03	2.684968859476146164e-01	1.696424091833602932e-01	2.434813526268507500e-01	1.468052335442291689e-01	7.048662684519402255e-02	2.861358569407057226e-02	7.247390615860280216e-02
1.084144304880149093e+03	2.682686938618037975e-01	1.694883204982409464e-01	2.436433957559875907e-01	1.469008792162332377e-01	7.052646933151168751e-02	2.863901534813185351e-02	7.253322598801305310e-02
1.085595635944245487e+03	2.680408875741489561e-01	1.693344924228102621e-01	2.438051572146356372e-01	1.469963529535414926e-01	7.056624612010962971e-02	2.866441421177684523e-02	7.259244950289937826e-02
1.087046967008342108e+03	2.678134664304537838e-01	1.691809245152047225e-01	2.439666374820158856e-01	1.470916551037148856e-01	7.060595732148683412e-02	2.868978228997197399e-02	7.265157685707404611e-02
1.088498298072438729e+03	2.675864297776444078e-01	1.690276163343094051e-01	2.441278370365362049e-01	1.471867860134822015e-01	7.064560304595607354e-02	2.871511958786836932e-02	7.271060820412547643e-02
1.089949629136535123e+03	2.673597769637668375e-01	1.688745674397568730e-01	2.442887563557925579e-01	1.472817460287425273e-01	7.068518340364417230e-02	2.874042611080073611e-02	7.276954369741842066e-02
1.091400960200631971e+03	2.671335073379850211e-01	1.687217773919260089e-01	2.444493959165705277e-01	1.473765354945677508e-01	7.072469850449238093e-02	2.876570186428627565e-02	7.282838349009417012e-02
1.092852291264728365e+03	2.669076202505787365e-01	1.685692457519409049e-01	2.446097561948465393e-01	1.474711547552048641e-01	7.076414845825659827e-02	2.879094685402357884e-02	7.288712773507084741e-02
1.094303622328825213e+03	2.666821150529417594e-01	1.684169720816696136e-01	2.447698376657894415e-01	1.475656041540784613e-01	7.080353337450771833e-02	2.881616108589153333e-02	7.294577658504353135e-02
1.095754953392921607e+03	2.664569910975794764e-01	1.682649559437229825e-01	2.449296408037617279e-01	1.476598840337931262e-01	7.084285336263190791e-02	2.884134456594824106e-02	7.300433019248457611e-02
1.097206284457018228e+03	2.662322477381069419e-01	1.681131969014535432e-01	2.450891660823209528e-01	1.477539947361359018e-01	7.088210853183095350e-02	2.886649730042993578e-02	7.306278870964375005e-02
1.098657615521114849e+03	2.660078843292469353e-01	1.679616945189542909e-01	2.452484139742212577e-01	1.478479366020785946e-01	7.092129899112249725e-02	2.889161929574990753e-02	7.312115228854858262e-02
1.100108946585211470e+03	2.657839002268276851e-01	1.678104483610575737e-01	2.454073849514144257e-01	1.479417099717801609e-01	7.096042484934039773e-02	2.891671055849742364e-02	7.317942108100440601e-02
1.101560277649308091e+03	2.655602947877811482e-01	1.676594579933338713e-01	2.455660794850515749e-01	1.480353151845891779e-01	7.099948621513497982e-02	2.894177109543667054e-02	7.323759523859474374e-02
1.103011608713404712e+03	2.653370673701405669e-01	1.675087229820906021e-01	2.457244980454843242e-01	1.481287525790460913e-01	7.103848319697336766e-02	2.896680091350569211e-02	7.329567491268146329e-02
1.104462939777501106e+03	2.651142173330389706e-01	1.673582428943710676e-01	2.458826411022662917e-01	1.482220224928857133e-01	7.107741590313977620e-02	2.899180001981531765e-02	7.335366025440498428e-02
1.105914270841597499e+03	2.648917440367066223e-01	1.672080172979531210e-01	2.460405091241543440e-01	1.483151252630394434e-01	7.111628444173580255e-02	2.901676842164813835e-02	7.341155141468455603e-02
1.107365601905694348e+03	2.646696468424694637e-01	1.670580457613481673e-01	2.461981025791100675e-01	1.484080612256377107e-01	7.115508892068075908e-02	2.904170612645743180e-02	7.346934854421842409e-02
1.108816932969790741e+03	2.644479251127467290e-01	1.669083278537998871e-01	2.463554219343009888e-01	1.485008307160122221e-01	7.119382944771189548e-02	2.906661314186613498e-02	7.352705179348409392e-02
1.110268264033887590e+03	2.642265782110492789e-01	1.667588631452830428e-01	2.465124676561020745e-01	1.485934340686983768e-01	7.123250613038478729e-02	2.909148947566581045e-02	7.358466131273856681e-02
1.111719595097984211e+03	2.640056055019772696e-01	1.666096512065024238e-01	2.466692402100970349e-01	1.486858716174374873e-01	7.127111907607357189e-02	2.911633513581560195e-02	7.364217725201852027e-02
1.113170926162080832e+03	2.637850063512183763e-01	1.664606916088915700e-01	2.468257400610796570e-01	1.487781436951792491e-01	7.130966839197128149e-02	2.914115013044120753e-02	7.369959976114058564e-02
1.114622257226177226e+03	2.635647801255457945e-01	1.663119839246116061e-01	2.469819676730551361e-01	1.488702506340838227e-01	7.134815418509010687e-02	2.916593446783386986e-02	7.375692898970150069e-02
1.116073588290273847e+03	2.633449261928163532e-01	1.661635277265502142e-01	2.471379235092414361e-01	1.489621927655243594e-01	7.138657656226175818e-02	2.919068815644935283e-02	7.381416508707841495e-02
1.117524919354370468e+03	2.631254439219682939e-01	1.660153225883201911e-01	2.472936080320706498e-01	1.490539704200891102e-01	7.142493563013764535e-02	2.921541120490691104e-02	7.387130820242907014e-02
1.118976250418467089e+03	2.629063326830194947e-01	1.658673680842585596e-01	2.474490217031903860e-01	1.491455839275837858e-01	7.146323149518929441e-02	2.924010362198830801e-02	7.392835848469206383e-02
1.120427581482563710e+03	2.626875918470654159e-01	1.657196637894252367e-01	2.476041649834649916e-01	1.492370336170338319e-01	7.150146426370861119e-02	2.926476541663679959e-02	7.398531608258700210e-02
1.121878912546660331e+03	2.624692207862772131e-01	1.655722092796019507e-01	2.477590383329770496e-01	1.493283198166866499e-01	7.153963404180810337e-02	2.928939659795612785e-02	7.404218114461483258e-02
1.123330243610756725e+03	2.622512188738997385e-01	1.654250041312909647e-01	2.479136422110284899e-01	1.494194428540138730e-01	7.157774093542128291e-02	2.931399717520953227e-02	7.409895381905798328e-02
1.124781574674853118e+03	2.620335854842497647e-01	1.652780479217139942e-01	2.480679770761421432e-01	1.495104030557136698e-01	7.161578505030290198e-02	2.933856715781876789e-02	7.415563425398062625e-02
1.126232905738949967e+03	2.618163199927137641e-01	1.651313402288109855e-01	2.482220433860629905e-01	1.496012007477128813e-01	7.165376649202921666e-02	2.936310655536311653e-02	7.421222259722889958e-02
1.127684236803046360e+03	2.615994217757460771e-01	1.649848806312390337e-01	2.483758415977594114e-01	1.496918362551692971e-01	7.169168536599837549e-02	2.938761537757838757e-02	7.426871899643115726e-02
1.129135567867143209e+03	2.613828902108672469e-01	1.648386687083711888e-01	2.485293721674246559e-01	1.497823099024739868e-01	7.172954177743062765e-02	2.941209363435597079e-02	7.432512359899814958e-02
1.130586898931239830e+03	2.611667246766615769e-01	1.646927040402951237e-01	2.486826355504780373e-01	1.498726220132532705e-01	7.176733583136864214e-02	2.943654133574184067e-02	7.438143655212328675e-02
1.132038229995336451e+03	2.609509245527757426e-01	1.645469862078122458e-01	2.488356322015663480e-01	1.499627729103711338e-01	7.180506763267785475e-02	2.946095849193561267e-02	7.443765800278286104e-02
1.133489561059432845e+03	2.607354892199165719e-01	1.644015147924362541e-01	2.489883625745650808e-01	1.500527629159313925e-01	7.184273728604666232e-02	2.948534511328955790e-02	7.449378809773628263e-02
1.134940892123529466e+03	2.605204180598492680e-01	1.642562893763921950e-01	2.491408271225798166e-01	1.501425923512798299e-01	7.188034489598676968e-02	2.950970121030765253e-02	7.454982698352628778e-02
1.136392223187626087e+03	2.603057104553953560e-01	1.641113095426151580e-01	2.492930262979475842e-01	1.502322615370064174e-01	7.191789056683349501e-02	2.953402679364463754e-02	7.460577480647916093e-02
1.137843554251722708e+03	2.600913657904310172e-01	1.639665748747492213e-01	2.494449605522379987e-01	1.503217707929474789e-01	7.195537440274603347e-02	2.955832187410505421e-02	7.466163171270502608e-02
1.139294885315819101e+03	2.598773834498849800e-01	1.638220849571461468e-01	2.495966303362547323e-01	1.504111204381879396e-01	7.199279650770776251e-02	2.958258646264230393e-02	7.471739784809799945e-02
1.140746216379915950e+03	2.596637628197367431e-01	1.636778393748644089e-01	2.497480361000367632e-01	1.505003107910632687e-01	7.203015698552653334e-02	2.960682057035770795e-02	7.477307335833646706e-02
1.142197547444012343e+03	2.594505032870146888e-01	1.635338377136678345e-01	2.498991782928596805e-01	1.505893421691618939e-01	7.206745593983494846e-02	2.963102420849957411e-02	7.482865838888327903e-02
1.143648878508108737e+03	2.592376042397941394e-01	1.633900795600245759e-01	2.500500573632369883e-01	1.506782148893272277e-01	7.210469347409065310e-02	2.965519738846226355e-02	7.488415308498601319e-02
1.145100209572205586e+03	2.590250650671957477e-01	1.632465645011058064e-01	2.502006737589214658e-01	1.507669292676598050e-01	7.214186969157664053e-02	2.967934012178525746e-02	7.493955759167719721e-02
1.146551540636302207e+03	2.588128851593831103e-01	1.631032921247847489e-01	2.503510279269063887e-01	1.508554856195194194e-01	7.217898469540154349e-02	2.970345242015225498e-02	7.499487205377450283e-02
1.148002871700398828e+03	2.586010639075613238e-01	1.629602620196354268e-01	2.505011203134266951e-01	1.509438842595272612e-01	7.221603858849988400e-02	2.972753429539022954e-02	7.505009661588107894e-02
1.149454202764495449e+03	2.583896007039752085e-01	1.628174737749314704e-01	2.506509513639605946e-01	1.510321255015680819e-01	7.225303147363243417e-02	2.975158575946853026e-02	7.510523142238563488e-02
1.150905533828591842e+03	2.581784949419069775e-01	1.626749269806450349e-01	2.508005215232306240e-01	1.511202096587921928e-01	7.228996345338641050e-02	2.977560682449797297e-02	7.516027661746277344e-02
1.152356864892688463e+03	2.579677460156748481e-01	1.625326212274454951e-01	2.509498312352050342e-01	1.512081370436176297e-01	7.232683463017586245e-02	2.979959750272991731e-02	7.521523234507321298e-02
1.153808195956785084e+03	2.577573533206310441e-01	1.623905561066985304e-01	2.510988809430989566e-01	1.512959079677323182e-01	7.236364510624186674e-02	2.982355780655539593e-02	7.527009874896396779e-02
1.155259527020881706e+03	2.575473162531598526e-01	1.622487312104647084e-01	2.512476710893757903e-01	1.513835227420960161e-01	7.240039498365287429e-02	2.984748774850419159e-02	7.532487597266863955e-02
1.156710858084978327e+03	2.573376342106757919e-01	1.621071461314985418e-01	2.513962021157485904e-01	1.514709816769425343e-01	7.243708436430498776e-02	2.987138734124395248e-02	7.537956415950759770e-02
1.158162189149074720e+03	2.571283065916220578e-01	1.619658004632472392e-01	2.515444744631811225e-01	1.515582850817817628e-01	7.247371334992223912e-02	2.989525659757930401e-02	7.543416345258825706e-02
1.159613520213171569e+03	2.569193327954684691e-01	1.618246937998495671e-01	2.516924885718891947e-01	1.516454332654016413e-01	7.251028204205685335e-02	2.991909553045097453e-02	7.548867399480525819e-02
1.161064851277267962e+03	2.567107122227095251e-01	1.616838257361346565e-01	2.518402448813420458e-01	1.517324265358704072e-01	7.254679054208956757e-02	2.994290415293489327e-02	7.554309592884077273e-02
1.162516182341364356e+03	2.565024442748629618e-01	1.615431958676209478e-01	2.519877438302635664e-01	1.518192652005384835e-01	7.258323895122992253e-02	2.996668247824133685e-02	7.559742939716465604e-02
1.163967513405461204e+03	2.562945283544675323e-01	1.614028037905149982e-01	2.521349858566334090e-01	1.519059495660405879e-01	7.261962737051652628e-02	2.999043051971404805e-02	7.565167454203473862e-02
1.165418844469557826e+03	2.560869638650813407e-01	1.612626491017102592e-01	2.522819713976886535e-01	1.519924799382978420e-01	7.265595590081733168e-02	3.001414829082936497e-02	7.570583150549700657e-02
1.166870175533654447e+03	2.558797502112803990e-01	1.611227313987860232e-01	2.524287008899245843e-01	1.520788566225196869e-01	7.269222464282990015e-02	3.003783580519536062e-02	7.575990042938587909e-02
1.168321506597751068e+03	2.556728867986561848e-01	1.609830502800062846e-01	2.525751747690962445e-01	1.521650799232059370e-01	7.272843369708177630e-02	3.006149307655098593e-02	7.581388145532441669e-02
1.169772837661847461e+03	2.554663730338143646e-01	1.608436053443184910e-01	2.527213934702196574e-01	1.522511501441488335e-01	7.276458316393068226e-02	3.008512011876521633e-02	7.586777472472458483e-02
1.171224168725944082e+03	2.552602083243726838e-01	1.607043961913525443e-01	2.528673574275731584e-01	1.523370675884350434e-01	7.280067314356483688e-02	3.010871694583618433e-02	7.592158037878742050e-02
1.172675499790040703e+03	2.550543920789593022e-01	1.605654224214195513e-01	2.530130670746983945e-01	1.524228325584476851e-01	7.283670373600320547e-02	3.013228357189035728e-02	7.597529855850336522e-02
1.174126830854137097e+03	2.548489237072111280e-01	1.604266836355107140e-01	2.531585228444017677e-01	1.525084453558682163e-01	7.287267504109586069e-02	3.015582001118167349e-02	7.602892940465236227e-02
1.175578161918233945e+03	2.546438026197718196e-01	1.602881794352962463e-01	2.533037251687558222e-01	1.525939062816786262e-01	7.290858715852414906e-02	3.017932627809071303e-02	7.608247305780425906e-02
1.177029492982330339e+03	2.544390282282901761e-01	1.601499094231241538e-01	2.534486744791001334e-01	1.526792156361632402e-01	7.294444018780106564e-02	3.020280238712385809e-02	7.613592965831890436e-02
1.178480824046426733e+03	2.542345999454183603e-01	1.600118732020190671e-01	2.535933712060429723e-01	1.527643737189107731e-01	7.298023422827150386e-02	3.022624835291247078e-02	7.618929934634642576e-02
1.179932155110523581e+03	2.540305171848098453e-01	1.598740703756812431e-01	2.537378157794621947e-01	1.528493808288162725e-01	7.301596937911254692e-02	3.024966419021205347e-02	7.624258226182749343e-02
1.181383486174620202e+03	2.538267793611180267e-01	1.597365005484852885e-01	2.538820086285066280e-01	1.529342372640830616e-01	7.305164573933370376e-02	3.027304991390142655e-02	7.629577854449348662e-02
1.182834817238716823e+03	2.536233858899943905e-01	1.595991633254791875e-01	2.540259501815972931e-01	1.530189433222248208e-01	7.308726340777722819e-02	3.029640553898192007e-02	7.634888833386679896e-02
1.184286148302813444e+03	2.534203361880865146e-01	1.594620583123829982e-01	2.541696408664287921e-01	1.531034993000673916e-01	7.312282248311839650e-02	3.031973108057654451e-02	7.640191176926104666e-02
1.185737479366910065e+03	2.532176296730366261e-01	1.593251851155877974e-01	2.543130811099703070e-01	1.531879054937507756e-01	7.315832306386579886e-02	3.034302655392919282e-02	7.645484898978124888e-02
1.187188810431006686e+03	2.530152657634795466e-01	1.591885433421545704e-01	2.544562713384669328e-01	1.532721621987310767e-01	7.319376524836154752e-02	3.036629197440381470e-02	7.650770013432420247e-02
1.188640141495103080e+03	2.528132438790413050e-01	1.590521325998130731e-01	2.545992119774410090e-01	1.533562697097824445e-01	7.322914913478167920e-02	3.038952735748363942e-02	7.656046534157853745e-02
1.190091472559199701e+03	2.526115634403371391e-01	1.589159524969606940e-01	2.547419034516931746e-01	1.534402283209989892e-01	7.326447482113629395e-02	3.041273271877034320e-02	7.661314475002507784e-02
1.191542803623296322e+03	2.524102238689697186e-01	1.587800026426613442e-01	2.548843461853038117e-01	1.535240383257966135e-01	7.329974240526995755e-02	3.043590807398327894e-02	7.666573849793703599e-02
1.192994134687392716e+03	2.522092245875276473e-01	1.586442826466442635e-01	2.550265406016339886e-01	1.536077000169150941e-01	7.333495198486186806e-02	3.045905343895866785e-02	7.671824672338024842e-02
1.194445465751489564e+03	2.520085650195835192e-01	1.585087921193030214e-01	2.551684871233269036e-01	1.536912136864198586e-01	7.337010365742620277e-02	3.048216882964881885e-02	7.677066956421341182e-02
1.195896796815585958e+03	2.518082445896923649e-01	1.583735306716943236e-01	2.553101861723091059e-01	1.537745796257038722e-01	7.340519752031238188e-02	3.050525426212134100e-02	7.682300715808831892e-02
1.197348127879682352e+03	2.516082627233898195e-01	1.582384979155369020e-01	2.554516381697916061e-01	1.538577981254896643e-01	7.344023367070533215e-02	3.052830975255835938e-02	7.687525964245009447e-02
1.198799458943779200e+03	2.514086188471903460e-01	1.581036934632103208e-01	2.555928435362710416e-01	1.539408694758310214e-01	7.347521220562576449e-02	3.055133531725574489e-02	7.692742715453741720e-02
1.200250790007875821e+03	2.512093123885857371e-01	1.579691169277540053e-01	2.557338026915311757e-01	1.540237939661150690e-01	7.351013322193045152e-02	3.057433097262233362e-02	7.697950983138279746e-02
1.201702121071972442e+03	2.510103427760432271e-01	1.578347679228661038e-01	2.558745160546438413e-01	1.541065718850639643e-01	7.354499681631251895e-02	3.059729673517916360e-02	7.703150780981275758e-02
1.203153452136069063e+03	2.508117094390037716e-01	1.577006460629022111e-01	2.560149840439702174e-01	1.541892035207368394e-01	7.357980308530165381e-02	3.062023262155869410e-02	7.708342122644809558e-02
1.204604783200165684e+03	2.506134118078804929e-01	1.575667509628744523e-01	2.561552070771622169e-01	1.542716891605317442e-01	7.361455212526449299e-02	3.064313864850405633e-02	7.713525021770412105e-02
1.206056114264262078e+03	2.504154493140567928e-01	1.574330822384502060e-01	2.562951855711632643e-01	1.543540290911873392e-01	7.364924403240476203e-02	3.066601483286829008e-02	7.718699491979089111e-02
1.207507445328358699e+03	2.502178213898849091e-01	1.572996395059511610e-01	2.564349199422099046e-01	1.544362235987848109e-01	7.368387890276369145e-02	3.068886119161359435e-02	7.723865546871344634e-02
1.208958776392455093e+03	2.500205274686839174e-01	1.571664223823521223e-01	2.565744106058329699e-01	1.545182729687498147e-01	7.371845683222014167e-02	3.071167774181056409e-02	7.729023200027203278e-02
1.210410107456551941e+03	2.498235669847382601e-01	1.570334304852798735e-01	2.567136579768585780e-01	1.546001774858540567e-01	7.375297791649100543e-02	3.073446450063745117e-02	7.734172465006235175e-02
1.211861438520648335e+03	2.496269393732959974e-01	1.569006634330120942e-01	2.568526624694094651e-01	1.546819374342174591e-01	7.378744225113137434e-02	3.075722148537940459e-02	7.739313355347578194e-02
1.213312769584745183e+03	2.494306440705671424e-01	1.567681208444762775e-01	2.569914244969060957e-01	1.547635530973097140e-01	7.382184993153487196e-02	3.077994871342775579e-02	7.744445884569967076e-02
1.214764100648841804e+03	2.492346805137219401e-01	1.566358023392486476e-01	2.571299444720680505e-01	1.548450247579521710e-01	7.385620105293391746e-02	3.080264620227925534e-02	7.749570066171747318e-02
1.216215431712937971e+03	2.490390481408892576e-01	1.565037075375530218e-01	2.572682228069151367e-01	1.549263526983196970e-01	7.389049571039998932e-02	3.082531396953535480e-02	7.754685913630907090e-02
1.217666762777034819e+03	2.488437463911548353e-01	1.563718360602596447e-01	2.574062599127682205e-01	1.550075371999424523e-01	7.392473399884388896e-02	3.084795203290146767e-02	7.759793440405098053e-02
1.219118093841131440e+03	2.486487747045596219e-01	1.562401875288843278e-01	2.575440562002510592e-01	1.550885785437076669e-01	7.395891601301600449e-02	3.087056041018624783e-02	7.764892659931657559e-02
1.220569424905228061e+03	2.484541325220982200e-01	1.561087615655870620e-01	2.576816120792909115e-01	1.551694770098615006e-01	7.399304184750660207e-02	3.089313911930086087e-02	7.769983585627633638e-02
1.222020755969324682e+03	2.482598192857171093e-01	1.559775577931710733e-01	2.578189279591201477e-01	1.552502328780106799e-01	7.402711159674608965e-02	3.091568817825826945e-02	7.775066230889809971e-02
1.223472087033421303e+03	2.480658344383130653e-01	1.558465758350817132e-01	2.579560042482771931e-01	1.553308464271244693e-01	7.406112535500525285e-02	3.093820760517251162e-02	7.780140609094726711e-02
1.224923418097517697e+03	2.478721774237314379e-01	1.557158153154053759e-01	2.580928413546076938e-01	1.554113179355363084e-01	7.409508321639557415e-02	3.096069741825799304e-02	7.785206733598708240e-02
1.226374749161614318e+03	2.476788476867645417e-01	1.555852758588684437e-01	2.582294396852657936e-01	1.554916476809456438e-01	7.412898527486946887e-02	3.098315763582877233e-02	7.790264617737882591e-02
1.227826080225710712e+03	2.474858446731500183e-01	1.554549570908360656e-01	2.583657996467154105e-01	1.555718359404196227e-01	7.416283162422053488e-02	3.100558827629786018e-02	7.795314274828207823e-02
1.229277411289807560e+03	2.472931678295690605e-01	1.553248586373111861e-01	2.585019216447309587e-01	1.556518829903949797e-01	7.419662235808387185e-02	3.102798935817650816e-02	7.800355718165492835e-02
1.230728742353903954e+03	2.471008166036450238e-01	1.551949801249334349e-01	2.586378060843992910e-01	1.557317891066795912e-01	7.423035756993630330e-02	3.105036090007352173e-02	7.805388961025423733e-02
1.232180073418000802e+03	2.469087904439416503e-01	1.550653211809780996e-01	2.587734533701200879e-01	1.558115545644544186e-01	7.426403735309668186e-02	3.107270292069455250e-02	7.810414016663590198e-02
1.233631404482097196e+03	2.467170887999613205e-01	1.549358814333549050e-01	2.589088639056075225e-01	1.558911796382751458e-01	7.429766180072609749e-02	3.109501543884140781e-02	7.815430898315500752e-02
1.235082735546193817e+03	2.465257111221436093e-01	1.548066605106070415e-01	2.590440380938912046e-01	1.559706646020738996e-01	7.433123100582818277e-02	3.111729847341136723e-02	7.820439619196616066e-02
1.236534066610290438e+03	2.463346568618635934e-01	1.546776580419099989e-01	2.591789763373172906e-01	1.560500097291610266e-01	7.436474506124937656e-02	3.113955204339649216e-02	7.825440192502365611e-02
1.237985397674387059e+03	2.461439254714301583e-01	1.545488736570706512e-01	2.593136790375499823e-01	1.561292152922267584e-01	7.439820405967917383e-02	3.116177616788293886e-02	7.830432631408174027e-02
1.239436728738483680e+03	2.459535164040844712e-01	1.544203069865260347e-01	2.594481465955723598e-01	1.562082815633429878e-01	7.443160809365040320e-02	3.118397086605029234e-02	7.835416949069484716e-02
1.240888059802580301e+03	2.457634291139983440e-01	1.542919576613422661e-01	2.595823794116876582e-01	1.562872088139649063e-01	7.446495725553947675e-02	3.120613615717087938e-02	7.840393158621787595e-02
1.242339390866676695e+03	2.455736630562725675e-01	1.541638253132135705e-01	2.597163778855203775e-01	1.563659973149328086e-01	7.449825163756668145e-02	3.122827206060909550e-02	7.845361273180634365e-02
1.243790721930773088e+03	2.453842176869353020e-01	1.540359095744611717e-01	2.598501424160174489e-01	1.564446473364737022e-01	7.453149133179638730e-02	3.125037859582073529e-02	7.850321305841669040e-02
1.245242052994869937e+03	2.451950924629406059e-01	1.539082100780321538e-01	2.599836734014495110e-01	1.565231591482030282e-01	7.456467643013738045e-02	3.127245578235233331e-02	7.855273269680647374e-02
1.246693384058966330e+03	2.450062868421666040e-01	1.537807264574984900e-01	2.601169712394118538e-01	1.566015330191262989e-01	7.459780702434305744e-02	3.129450363984050132e-02	7.860217177753466011e-02
1.248144715123063179e+03	2.448178002834140721e-01	1.536534583470559878e-01	2.602500363268256955e-01	1.566797692176409018e-01	7.463088320601173054e-02	3.131652218801125181e-02	7.865153043096180518e-02
1.249596046187159800e+03	2.446296322464047435e-01	1.535264053815230678e-01	2.603828690599393481e-01	1.567578680115376821e-01	7.466390506658687753e-02	3.133851144667935962e-02	7.870080878725033147e-02
1.251047377251256421e+03	2.444417821917797551e-01	1.533995671963399310e-01	2.605154698343293274e-01	1.568358296680025799e-01	7.469687269735737767e-02	3.136047143574769575e-02	7.875000697636473646e-02
1.252498708315352815e+03	2.442542495810980652e-01	1.532729434275672264e-01	2.606478390449014082e-01	1.569136544536184064e-01	7.472978618945783080e-02	3.138240217520659597e-02	7.879912512807187019e-02
1.253950039379449436e+03	2.440670338768347603e-01	1.531465337118852743e-01	2.607799770858918453e-01	1.569913426343664264e-01	7.476264563386875173e-02	3.140430368513318776e-02	7.884816337194112956e-02
1.255401370443546057e+03	2.438801345423795841e-01	1.530203376865927889e-01	2.609118843508685393e-01	1.570688944756280236e-01	7.479545112141684771e-02	3.142617598569076576e-02	7.889712183734469420e-02
1.256852701507642678e+03	2.436935510420353279e-01	1.528943549896059628e-01	2.610435612327322574e-01	1.571463102421863656e-01	7.482820274277532380e-02	3.144801909712814647e-02	7.894600065345783180e-02
1.258304032571739299e+03	2.435072828410162205e-01	1.527685852594573568e-01	2.611750081237174115e-01	1.572235901982280137e-01	7.486090058846410489e-02	3.146983303977902990e-02	7.899479994925906468e-02
1.259755363635835920e+03	2.433213294054464015e-01	1.526430281352947893e-01	2.613062254153936115e-01	1.573007346073445611e-01	7.489354474885002999e-02	3.149161783406134729e-02	7.904351985353041954e-02
1.261206694699932314e+03	2.431356902023582844e-01	1.525176832568804208e-01	2.614372134986664986e-01	1.573777437325343531e-01	7.492613531414725470e-02	3.151337350047666436e-02	7.909216049485769118e-02
1.262658025764028707e+03	2.429503646996909738e-01	1.523925502645895880e-01	2.615679727637790219e-01	1.574546178362039583e-01	7.495867237441737607e-02	3.153510005960953599e-02	7.914072200163067838e-02
1.264109356828125556e+03	2.427653523662887669e-01	1.522676287994098321e-01	2.616985036003126597e-01	1.575313571801699175e-01	7.499115601956976573e-02	3.155679753212686789e-02	7.918920450204337824e-02
1.265560687892221949e+03	2.425806526718995715e-01	1.521429185029397335e-01	2.618288063971881963e-01	1.576079620256602976e-01	7.502358633936179189e-02	3.157846593877729896e-02	7.923760812409429144e-02
1.267012018956318798e+03	2.423962650871732960e-01	1.520184190173879679e-01	2.619588815426672213e-01	1.576844326333163293e-01	7.505596342339906912e-02	3.160010530039059767e-02	7.928593299558660268e-02
1.268463350020415419e+03	2.422121890836603786e-01	1.518941299855723626e-01	2.620887294243531285e-01	1.577607692631940173e-01	7.508828736113576374e-02	3.162171563787704448e-02	7.933417924412844435e-02
1.269914681084511813e+03	2.420284241338100661e-01	1.517700510509185918e-01	2.622183504291920042e-01	1.578369721747656662e-01	7.512055824187480191e-02	3.164329697222680732e-02	7.938234699713311859e-02
1.271366012148608434e+03	2.418449697109690544e-01	1.516461818574593445e-01	2.623477449434742370e-01	1.579130416269216020e-01	7.515277615476813333e-02	3.166484932450933099e-02	7.943043638181938870e-02
1.272817343212705055e+03	2.416618252893798224e-01	1.515225220498332692e-01	2.624769133528350173e-01	1.579889778779716425e-01	7.518494118881698107e-02	3.168637271587271959e-02	7.947844752521163181e-02
1.274268674276801676e+03	2.414789903441791619e-01	1.513990712732838362e-01	2.626058560422558918e-01	1.580647811856467355e-01	7.521705343287213297e-02	3.170786716754317447e-02	7.952638055414017193e-02
1.275720005340898297e+03	2.412964643513965113e-01	1.512758291736583383e-01	2.627345733960658181e-01	1.581404518071005405e-01	7.524911297563413592e-02	3.172933270082435586e-02	7.957423559524140488e-02
1.277171336404994690e+03	2.411142467879525131e-01	1.511527953974069194e-01	2.628630657979421636e-01	1.582159899989109830e-01	7.528111990565360123e-02	3.175076933709677224e-02	7.962201277495811746e-02
1.278622667469091539e+03	2.409323371316574314e-01	1.510299695915815199e-01	2.629913336309118721e-01	1.582913960170818091e-01	7.531307431133142660e-02	3.177217709781723215e-02	7.966971221953975113e-02
1.280073998533187932e+03	2.407507348612096532e-01	1.509073514038347941e-01	2.631193772773525730e-01	1.583666701170441948e-01	7.534497628091905985e-02	3.179355600451821279e-02	7.971733405504255465e-02
1.281525329597284326e+03	2.405694394561941341e-01	1.507849404824190831e-01	2.632471971189936366e-01	1.584418125536582733e-01	7.537682590251874870e-02	3.181490607880729099e-02	7.976487840732986168e-02
1.282976660661381175e+03	2.403884503970808717e-01	1.506627364761855548e-01	2.633747935369172288e-01	1.585168235812147164e-01	7.540862326408381833e-02	3.183622734236653956e-02	7.981234540207234052e-02
1.284427991725477568e+03	2.402077671652233237e-01	1.505407390345829266e-01	2.635021669115596432e-01	1.585917034534362058e-01	7.544036845341885178e-02	3.185751981695195828e-02	7.985973516474820233e-02
1.285879322789574417e+03	2.400273892428569644e-01	1.504189478076565778e-01	2.636293176227120227e-01	1.586664524234790430e-01	7.547206155818002304e-02	3.187878352439289104e-02	7.990704782064350642e-02
1.287330653853671038e+03	2.398473161130977582e-01	1.502973624460475777e-01	2.637562460495219696e-01	1.587410707439347313e-01	7.550370266587529133e-02	3.190001848659143602e-02	7.995428349485231290e-02
1.288781984917767431e+03	2.396675472599406054e-01	1.501759826009915755e-01	2.638829525704941004e-01	1.588155586668313080e-01	7.553529186386467864e-02	3.192122472552187673e-02	8.000144231227696023e-02
1.290233315981864052e+03	2.394880821682577321e-01	1.500548079243177457e-01	2.640094375634914892e-01	1.588899164436351485e-01	7.556682923936051954e-02	3.194240226323012688e-02	8.004852439762828731e-02
