1.001418434226643626e+03	2.819370000943520194e-01	1.786465699313299071e-01	2.340106319906422316e-01	1.411862153168100265e-01	6.815580592126521675e-02	2.709080793694518263e-02	6.897296880857681223e-02
1.003837319333471214e+03	2.815188197656735003e-01	1.783643793906884711e-01	2.343085249845381079e-01	1.413628124586870372e-01	6.822860168131858472e-02	2.713572080893353680e-02	6.908114091008214774e-02
1.006256204440298802e+03	2.811018181994543452e-01	1.780829845083388430e-01	2.346055564201642851e-01	1.415388731547728152e-01	6.830119664210769492e-02	2.718055006111263355e-02	6.918902101397075843e-02
1.008675089547126618e+03	2.806859920598133717e-01	1.778023830365756952e-01	2.349017287403022680e-01	1.417143992391274310e-01	6.837359136914394897e-02	2.722529566417871555e-02	6.929660989077990330e-02
1.011093974653954206e+03	2.802713380205036908e-01	1.775225727339693471e-01	2.351970443808177325e-01	1.418893925384375476e-01	6.844578642634113752e-02	2.726995759062446345e-02	6.940390830922743559e-02
1.013512859760782021e+03	2.798578527648799552e-01	1.772435513653519978e-01	2.354915057706802872e-01	1.420638548720522532e-01	6.851778237601975630e-02	2.731453581472285258e-02	6.951091703621424533e-02
1.015931744867609382e+03	2.794455329858650527e-01	1.769653167018043760e-01	2.357851153319834581e-01	1.422377880520190041e-01	6.858957977891133595e-02	2.735903031251110326e-02	6.961763683682699322e-02
1.018350629974437197e+03	2.790343753859181875e-01	1.766878665206419452e-01	2.360778754799642831e-01	1.424111938831187918e-01	6.866117919416270254e-02	2.740344106177477340e-02	6.972406847434067800e-02
1.020769515081264785e+03	2.786243766770021835e-01	1.764111986054010262e-01	2.363697886230230749e-01	1.425840741629015307e-01	6.873258117934027966e-02	2.744776804203195864e-02	6.983021271022125942e-02
1.023188400188092373e+03	2.782155335805519547e-01	1.761353107458249190e-01	2.366608571627430158e-01	1.427564306817211137e-01	6.880378629043436278e-02	2.749201123451758960e-02	6.993607030412835046e-02
1.025607285294920075e+03	2.778078428274424749e-01	1.758602007378497756e-01	2.369510834939097532e-01	1.429282652227702455e-01	6.887479508186344912e-02	2.753617062216786107e-02	7.004164201391777089e-02
1.028026170401747549e+03	2.774013011579575805e-01	1.755858663835904721e-01	2.372404700045308290e-01	1.430995795621149702e-01	6.894560810647845650e-02	2.758024618960477209e-02	7.014692859564428118e-02
1.030445055508575479e+03	2.769959053217585510e-01	1.753123054913265089e-01	2.375290190758551356e-01	1.432703754687291997e-01	6.901622591556696995e-02	2.762423792312075979e-02	7.025193080356419151e-02
1.032863940615402726e+03	2.765916520778534116e-01	1.750395158754875224e-01	2.378167330823923176e-01	1.434406547045290192e-01	6.908664905885754381e-02	2.766814581066347548e-02	7.035664939013806796e-02
1.035282825722230655e+03	2.761885381945659024e-01	1.747674953566389633e-01	2.381036143919320058e-01	1.436104190244065493e-01	6.915687808452390672e-02	2.771196984182064740e-02	7.046108510603341091e-02
1.037701710829058356e+03	2.757865604495051692e-01	1.744962417614676076e-01	2.383896653655631082e-01	1.437796701762639184e-01	6.922691353918923596e-02	2.775571000780505809e-02	7.056523870012733346e-02
1.040120595935886058e+03	2.753857156295354547e-01	1.742257529227669022e-01	2.386748883576930436e-01	1.439484099010468199e-01	6.929675596793033465e-02	2.779936630143962570e-02	7.066911091950921209e-02
1.042539481042713533e+03	2.749860005307460109e-01	1.739560266794224763e-01	2.389592857160667549e-01	1.441166399327780401e-01	6.936640591428193392e-02	2.784293871714261376e-02	7.077270250948350383e-02
1.044958366149541234e+03	2.745874119584212902e-01	1.736870608763974033e-01	2.392428597817858604e-01	1.442843619985906822e-01	6.943586392024084231e-02	2.788642725091292074e-02	7.087601421357235532e-02
1.047377251256368709e+03	2.741899467270111912e-01	1.734188533647174069e-01	2.395256128893275827e-01	1.444515778187611676e-01	6.950513052627013688e-02	2.792983190031550142e-02	7.097904677351835057e-02
1.049796136363196410e+03	2.737936016601017486e-01	1.731514020014560951e-01	2.398075473665637614e-01	1.446182891067422094e-01	6.957420627130342372e-02	2.797315266446687848e-02	7.108180092928727267e-02
1.052215021470024112e+03	2.733983735903857126e-01	1.728847046497200557e-01	2.400886655347796717e-01	1.447844975691953973e-01	6.964309169274901512e-02	2.801638954402076859e-02	7.118427741907080997e-02
1.054633906576851814e+03	2.730042593596336276e-01	1.726187591786339515e-01	2.403689697086928978e-01	1.449502049060237829e-01	6.971178732649406518e-02	2.805954254115379173e-02	7.128647697928928995e-02
1.057052791683679516e+03	2.726112558186649104e-01	1.723535634633256985e-01	2.406484621964720960e-01	1.451154128104041596e-01	6.978029370690880251e-02	2.810261165955132284e-02	7.138840034459446870e-02
1.059471676790506763e+03	2.722193598273191517e-01	1.720891153849112287e-01	2.409271452997556462e-01	1.452801229688191476e-01	6.984861136685066585e-02	2.814559690439342315e-02	7.149004824787226486e-02
1.061890561897334692e+03	2.718285682544275272e-01	1.718254128304795847e-01	2.412050213136704147e-01	1.454443370610891684e-01	6.991674083766846737e-02	2.818849828234085142e-02	7.159142142024554900e-02
1.064309447004162394e+03	2.714388779777845984e-01	1.715624536930778765e-01	2.414820925268502394e-01	1.456080567604042253e-01	6.998468264920656989e-02	2.823131580152123815e-02	7.169252059107687758e-02
1.066728332110990095e+03	2.710502858841201124e-01	1.713002358716960993e-01	2.417583612214544431e-01	1.457712837333553779e-01	7.005243732980896698e-02	2.827404947151530151e-02	7.179334648797132401e-02
1.069147217217817570e+03	2.706627888690709693e-01	1.710387572712520343e-01	2.420338296731864292e-01	1.459340196399663003e-01	7.012000540632347401e-02	2.831669930334319157e-02	7.189389983677921259e-02
1.071566102324645271e+03	2.702763838371534111e-01	1.707780158025760386e-01	2.423085001513120840e-01	1.460962661337243673e-01	7.018738740410584986e-02	2.835926530945093171e-02	7.199418136159897730e-02
1.073984987431472746e+03	2.698910677017352655e-01	1.705180093823958631e-01	2.425823749186779843e-01	1.462580248616117684e-01	7.025458384702390480e-02	2.840174750369696063e-02	7.209419178477993739e-02
1.076403872538300675e+03	2.695068373850085797e-01	1.702587359333214978e-01	2.428554562317298826e-01	1.464192974641363165e-01	7.032159525746158046e-02	2.844414590133876458e-02	7.219393182692507294e-02
1.078822757645127922e+03	2.691236898179620862e-01	1.700001933838299062e-01	2.431277463405308870e-01	1.465800855753621457e-01	7.038842215632311328e-02	2.848646051901961712e-02	7.229340220689388363e-02
1.081241642751955851e+03	2.687416219403542250e-01	1.697423796682497321e-01	2.433992474887797242e-01	1.467403908229402976e-01	7.045506506303708671e-02	2.852869137475540912e-02	7.239260364180523377e-02
1.083660527858783553e+03	2.683606307006857761e-01	1.694852927267460341e-01	2.436699619138287531e-01	1.469002148281390030e-01	7.052152449556052527e-02	2.857083848792158279e-02	7.249153684704011391e-02
1.086079412965611255e+03	2.679807130561731587e-01	1.692289305053050197e-01	2.439398918467021449e-01	1.470595592058738244e-01	7.058780097038294676e-02	2.861290187924014905e-02	7.259020253624452745e-02
1.088498298072438729e+03	2.676018659727216753e-01	1.689732909557188356e-01	2.442090395121139235e-01	1.472184255647377427e-01	7.065389500253047017e-02	2.865488157076681586e-02	7.268860142133232172e-02
1.090917183179266431e+03	2.672240864248987546e-01	1.687183720355701633e-01	2.444774071284858685e-01	1.473768155070308283e-01	7.071980710556989569e-02	2.869677758587819982e-02	7.278673421248807451e-02
1.093336068286093905e+03	2.668473713959074733e-01	1.684641717082169254e-01	2.447449969079655840e-01	1.475347306287901339e-01	7.078553779161267379e-02	2.873858994925914193e-02	7.288460161816984195e-02
1.095754953392921607e+03	2.664717178775602990e-01	1.682106879427770207e-01	2.450118110564441232e-01	1.476921725198190594e-01	7.085108757131901303e-02	2.878031868689010300e-02	7.298220434511216992e-02
1.098173838499749309e+03	2.660971228702527225e-01	1.679579187141129748e-01	2.452778517735740849e-01	1.478491427637166344e-01	7.091645695390186299e-02	2.882196382603465987e-02	7.307954309832886963e-02
1.100592723606577010e+03	2.657235833829372784e-01	1.677058620028166191e-01	2.455431212527871554e-01	1.480056429379067451e-01	7.098164644713103599e-02	2.886352539522710203e-02	7.317661858111587647e-02
1.103011608713404712e+03	2.653510964330975108e-01	1.674545157951937702e-01	2.458076216813119830e-01	1.481616746136671658e-01	7.104665655733709284e-02	2.890500342426010130e-02	7.327343149505421982e-02
1.105430493820231959e+03	2.649796590467221047e-01	1.672038780832489635e-01	2.460713552401916915e-01	1.483172393561583424e-01	7.111148778941546456e-02	2.894639794417248543e-02	7.336998254001279862e-02
1.107849378927059888e+03	2.646092682582792399e-01	1.669539468646700775e-01	2.463343241043016163e-01	1.484723387244521187e-01	7.117614064683036590e-02	2.898770898723710548e-02	7.346627241415136511e-02
1.110268264033887590e+03	2.642399211106908896e-01	1.667047201428130399e-01	2.465965304423667070e-01	1.486269742715601860e-01	7.124061563161886157e-02	2.902893658694877602e-02	7.356230181392338363e-02
1.112687149140715292e+03	2.638716146553075070e-01	1.664561959266866176e-01	2.468579764169792079e-01	1.487811475444625053e-01	7.130491324439476586e-02	2.907008077801232285e-02	7.365807143407894497e-02
1.115106034247542766e+03	2.635043459518824349e-01	1.662083722309370126e-01	2.471186641846159493e-01	1.489348600841354786e-01	7.136903398435269497e-02	2.911114159633071408e-02	7.375358196766763907e-02
1.117524919354370468e+03	2.631381120685468145e-01	1.659612470758325686e-01	2.473785958956558062e-01	1.490881134255799267e-01	7.143297834927198053e-02	2.915211907899326396e-02	7.384883410604156651e-02
1.119943804461197942e+03	2.627729100817844388e-01	1.657148184872485885e-01	2.476377736943970453e-01	1.492409090978492059e-01	7.149674683552063870e-02	2.919301326426394783e-02	7.394382853885811402e-02
1.122362689568025871e+03	2.624087370764066063e-01	1.654690844966520136e-01	2.478961997190745892e-01	1.493932486240766300e-01	7.156033993805932525e-02	2.923382419156978634e-02	7.403856595408300767e-02
1.124781574674853118e+03	2.620455901455274184e-01	1.652240431410862131e-01	2.481538761018773076e-01	1.495451335215032262e-01	7.162375815044524918e-02	2.927455190148933392e-02	7.413304703799318551e-02
1.127200459781681047e+03	2.616834663905388547e-01	1.649796924631557193e-01	2.484108049689652264e-01	1.496965653015051578e-01	7.168700196483611398e-02	2.931519643574121911e-02	7.422727247517972582e-02
1.129619344888508749e+03	2.613223629210859600e-01	1.647360305110109890e-01	2.486669884404864861e-01	1.498475454696209241e-01	7.175007187199404501e-02	2.935575783717281340e-02	7.432124294855080304e-02
1.132038229995336451e+03	2.609622768550424743e-01	1.644930553383332494e-01	2.489224286305946610e-01	1.499980755255785336e-01	7.181296836128948924e-02	2.939623614974895202e-02	7.441495913933464379e-02
1.134457115102163925e+03	2.606032053184862418e-01	1.642507650043192047e-01	2.491771276474657182e-01	1.501481569633224544e-01	7.187569192070512869e-02	2.943663141854075543e-02	7.450842172708246891e-02
1.136876000208991627e+03	2.602451454456748969e-01	1.640091575736660479e-01	2.494310875933149207e-01	1.502977912710404540e-01	7.193824303683973853e-02	2.947694368971452705e-02	7.460163138967142171e-02
1.139294885315819101e+03	2.598880943790214393e-01	1.637682311165561955e-01	2.496843105644138416e-01	1.504469799311902167e-01	7.200062219491210058e-02	2.951717301052072737e-02	7.469458880330756556e-02
1.141713770422646803e+03	2.595320492690700309e-01	1.635279837086420773e-01	2.499367986511073225e-01	1.505957244205259615e-01	7.206282987876487522e-02	2.955731942928305211e-02	7.478729464252883985e-02
1.144132655529474505e+03	2.591770072744721820e-01	1.632884134310311486e-01	2.501885539378301271e-01	1.507440262101247264e-01	7.212486657086845943e-02	2.959738299538756251e-02	7.487974958020800209e-02
1.146551540636302207e+03	2.588229655619624370e-01	1.630495183702708184e-01	2.504395785031239274e-01	1.508918867654126250e-01	7.218673275232481701e-02	2.963736375927192301e-02	7.497195428755561164e-02
1.148970425743129908e+03	2.584699213063348378e-01	1.628112966183332677e-01	2.506898744196538464e-01	1.510393075461909929e-01	7.224842890287139219e-02	2.967726177241470850e-02	7.506390943412301342e-02
1.151389310849957155e+03	2.581178716904188319e-01	1.625737462726005167e-01	2.509394437542253886e-01	1.511862900066622828e-01	7.230995550088487045e-02	2.971707708732478775e-02	7.515561568780533552e-02
1.153808195956785084e+03	2.577668139050556806e-01	1.623368654358492980e-01	2.511882885678008437e-01	1.513328355954558779e-01	7.237131302338503658e-02	2.975680975753078675e-02	7.524707371484441742e-02
1.156227081063612786e+03	2.574167451490748659e-01	1.621006522162361241e-01	2.514364109155161620e-01	1.514789457556537378e-01	7.243250194603861880e-02	2.979645983757064215e-02	7.533828417983187697e-02
1.158645966170440488e+03	2.570676626292703881e-01	1.618651047272823551e-01	2.516838128466971636e-01	1.516246219248159333e-01	7.249352274316303579e-02	2.983602738298122767e-02	7.542924774571201085e-02
1.161064851277267962e+03	2.567195635603776172e-01	1.616302210878591272e-01	2.519304964048761364e-01	1.517698655350060710e-01	7.255437588773026858e-02	2.987551245028804286e-02	7.551996507378488932e-02
1.163483736384095664e+03	2.563724451650498115e-01	1.613959994221724759e-01	2.521764636278085447e-01	1.519146780128164398e-01	7.261506185137059366e-02	2.991491509699500603e-02	7.561043682370925667e-02
1.165902621490923138e+03	2.560263046738349701e-01	1.611624378597485141e-01	2.524217165474891278e-01	1.520590607793931293e-01	7.267558110437641328e-02	2.995423538157430260e-02	7.570066365350563986e-02
1.168321506597751068e+03	2.556811393251525177e-01	1.609295345354185836e-01	2.526662571901683862e-01	1.522030152504611211e-01	7.273593411570596079e-02	2.999347336345632026e-02	7.579064621955924896e-02
1.170740391704578315e+03	2.553369463652702676e-01	1.606972875893042108e-01	2.529100875763688472e-01	1.523465428363489638e-01	7.279612135298713094e-02	3.003262910301966043e-02	7.588038517662307192e-02
1.173159276811406244e+03	2.549937230482814954e-01	1.604656951668025633e-01	2.531532097209013288e-01	1.524896449420135025e-01	7.285614328252118521e-02	3.007170266158121219e-02	7.596988117782083050e-02
1.175578161918233945e+03	2.546514666360820689e-01	1.602347554185714062e-01	2.533956256328811496e-01	1.526323229670645543e-01	7.291600036928651274e-02	3.011069410138632330e-02	7.605913487465003342e-02
1.177997047025061647e+03	2.543101743983474661e-01	1.600044665005145861e-01	2.536373373157444489e-01	1.527745783057891937e-01	7.297569307694239116e-02	3.014960348559901637e-02	7.614814691698497395e-02
1.180415932131889122e+03	2.539698436125101266e-01	1.597748265737671813e-01	2.538783467672638960e-01	1.529164123471760950e-01	7.303522186783266423e-02	3.018843087829231955e-02	7.623691795307976915e-02
1.182834817238716823e+03	2.536304715637368590e-01	1.595458338046807645e-01	2.541186559795652333e-01	1.530578264749397344e-01	7.309458720298948886e-02	3.022717634443861795e-02	7.632544862957135745e-02
1.185253702345544298e+03	2.532920555449061917e-01	1.593174863648088579e-01	2.543582669391429296e-01	1.531988220675442880e-01	7.315378954213702656e-02	3.026583994990013002e-02	7.641373959148259343e-02
1.187672587452371999e+03	2.529545928565858359e-01	1.590897824308922237e-01	2.545971816268765564e-01	1.533394004982277237e-01	7.321282934369514883e-02	3.030442176141941168e-02	7.650179148222517600e-02
1.190091472559199701e+03	2.526180808070103700e-01	1.588627201848442361e-01	2.548354020180461643e-01	1.534795631350254208e-01	7.327170706478310092e-02	3.034292184660997496e-02	7.658960494360278481e-02
1.192510357666027403e+03	2.522825167120588130e-01	1.586362978137363933e-01	2.550729300823487145e-01	1.536193113407939015e-01	7.333042316122320714e-02	3.038134027394692391e-02	7.667718061581405009e-02
1.194929242772855105e+03	2.519478978952324200e-01	1.584105135097837458e-01	2.553097677839136215e-01	1.537586464732342562e-01	7.338897808754456242e-02	3.041967711275772590e-02	7.676451913745561961e-02
1.197348127879682352e+03	2.516142216876325888e-01	1.581853654703303802e-01	2.555459170813186853e-01	1.538975698849155693e-01	7.344737229698664049e-02	3.045793243321300373e-02	7.685162114552519796e-02
1.199767012986510281e+03	2.512814854279385446e-01	1.579608518978349030e-01	2.557813799276055233e-01	1.540360829232981787e-01	7.350560624150294375e-02	3.049610630631741440e-02	7.693848727542457189e-02
1.202185898093337983e+03	2.509496864623854684e-01	1.577369709998560077e-01	2.560161582702957239e-01	1.541741869307568791e-01	7.356368037176470864e-02	3.053419880390059390e-02	7.702511816096271891e-02
1.204604783200165684e+03	2.506188221447425146e-01	1.575137209890382362e-01	2.562502540514062233e-01	1.543118832446038202e-01	7.362159513716443060e-02	3.057220999860818175e-02	7.711151443435876329e-02
1.207023668306993159e+03	2.502888898362908288e-01	1.572911000830973238e-01	2.564836692074649593e-01	1.544491731971114334e-01	7.367935098581959719e-02	3.061013996389290101e-02	7.719767672624508470e-02
1.209442553413820860e+03	2.499598869058020367e-01	1.570691065048060442e-01	2.567164056695265262e-01	1.545860581155352187e-01	7.373694836457624080e-02	3.064798877400571470e-02	7.728360566567038514e-02
1.211861438520648335e+03	2.496318107295161792e-01	1.568477384819798315e-01	2.569484653631876614e-01	1.547225393221363376e-01	7.379438771901253302e-02	3.068575650398704460e-02	7.736930188010267273e-02
1.214280323627476264e+03	2.493046586911201734e-01	1.566269942474625421e-01	2.571798502086025673e-01	1.548586181342041235e-01	7.385166949344240672e-02	3.072344322965804911e-02	7.745476599543239804e-02
1.216699208734303511e+03	2.489784281817263856e-01	1.564068720391122158e-01	2.574105621204985095e-01	1.549942958640785629e-01	7.390879413091913652e-02	3.076104902761199467e-02	7.753999863597547948e-02
1.219118093841131440e+03	2.486531165998508430e-01	1.561873700997868097e-01	2.576406030081911380e-01	1.551295738191725282e-01	7.396576207323887764e-02	3.079857397520566198e-02	7.762500042447637028e-02
1.221536978947959142e+03	2.483287213513920844e-01	1.559684866773300982e-01	2.578699747755999749e-01	1.552644533019938711e-01	7.402257376094430186e-02	3.083601815055083545e-02	7.770977198211106995e-02
1.223955864054786844e+03	2.480052398496095933e-01	1.557502200245574064e-01	2.580986793212635133e-01	1.553989356101675157e-01	7.407922963332806698e-02	3.087338163250585507e-02	7.779431392849030236e-02
1.226374749161614318e+03	2.476826695151025104e-01	1.555325683992417052e-01	2.583267185383545383e-01	1.555330220364573857e-01	7.413573012843641119e-02	3.091066450066722732e-02	7.787862688166244385e-02
1.228793634268442020e+03	2.473610077757885384e-01	1.553155300640993441e-01	2.585540943146954485e-01	1.556667138687882201e-01	7.419207568307271961e-02	3.094786683536130886e-02	7.796271145811670134e-02
1.231212519375269494e+03	2.470402520668826540e-01	1.550991032867761188e-01	2.587808085327731322e-01	1.558000123902672507e-01	7.424826673280099376e-02	3.098498871763605625e-02	7.804656827278612374e-02
1.233631404482097196e+03	2.467203998308760970e-01	1.548832863398333093e-01	2.590068630697543450e-01	1.559329188792056287e-01	7.430430371194940431e-02	3.102203022925281717e-02	7.813019793905068289e-02
1.236050289588924898e+03	2.464014485175152758e-01	1.546680775007336361e-01	2.592322597975009191e-01	1.560654346091401579e-01	7.436018705361376047e-02	3.105899145267820849e-02	7.821360106874035434e-02
1.238469174695752372e+03	2.460833955837809506e-01	1.544534750518273269e-01	2.594570005825844183e-01	1.561975608488543610e-01	7.441591718966109048e-02	3.109587247107605673e-02	7.829677827213815666e-02
1.240888059802580301e+03	2.457662384938671951e-01	1.542394772803383218e-01	2.596810872863012376e-01	1.563292988623999069e-01	7.447149455073301394e-02	3.113267336829938017e-02	7.837973015798326004e-02
1.243306944909407548e+03	2.454499747191606907e-01	1.540260824783502569e-01	2.599045217646879236e-01	1.564606499091176217e-01	7.452691956624934999e-02	3.116939422888245076e-02	7.846245733347406714e-02
1.245725830016235477e+03	2.451346017382198816e-01	1.538132889427927807e-01	2.601273058685354966e-01	1.565916152436584996e-01	7.458219266441148965e-02	3.120603513803290804e-02	7.854496040427122461e-02
1.248144715123063179e+03	2.448201170367544088e-01	1.536010949754277877e-01	2.603494414434048276e-01	1.567221961160046306e-01	7.463731427220592074e-02	3.124259618162393906e-02	7.862723997450075941e-02
1.250563600229890881e+03	2.445065181076043759e-01	1.533894988828354844e-01	2.605709303296411816e-01	1.568523937714899341e-01	7.469228481540762798e-02	3.127907744618652064e-02	7.870929664675717363e-02
1.252982485336718355e+03	2.441938024507198657e-01	1.531784989764008453e-01	2.607917743623889284e-01	1.569822094508208921e-01	7.474710471858359018e-02	3.131547901890170682e-02	7.879113102210644204e-02
1.255401370443546057e+03	2.438819675731404568e-01	1.529680935722998458e-01	2.610119753716065860e-01	1.571116443900970050e-01	7.480177440509616638e-02	3.135180098759301343e-02	7.887274370008914848e-02
1.257820255550373531e+03	2.435710109889748232e-01	1.527582809914858897e-01	2.612315351820813647e-01	1.572406998208313034e-01	7.485629429710656535e-02	3.138804344071879915e-02	7.895413527872353898e-02
1.260239140657201460e+03	2.432609302193802503e-01	1.525490595596760701e-01	2.614504556134435997e-01	1.573693769699707479e-01	7.491066481557823176e-02	3.142420646736476808e-02	7.903530635450861652e-02
1.262658025764028707e+03	2.429517227925425127e-01	1.523404276073378194e-01	2.616687384801817395e-01	1.574976770599163245e-01	7.496488638028026008e-02	3.146029015723648958e-02	7.911625752242723575e-02
1.265076910870856636e+03	2.426433862436555011e-01	1.521323834696751420e-01	2.618863855916565564e-01	1.576256013085432783e-01	7.501895940979078081e-02	3.149629460065200837e-02	7.919698937594914223e-02
1.267495795977684338e+03	2.423359181149012109e-01	1.519249254866152088e-01	2.621033987521159681e-01	1.577531509292211531e-01	7.507288432150038826e-02	3.153221988853447538e-02	7.927750250703402557e-02
1.269914681084511813e+03	2.420293159554294526e-01	1.517180520027950341e-01	2.623197797607093040e-01	1.578803271308335809e-01	7.512666153161545735e-02	3.156806611240484811e-02	7.935779750613472516e-02
1.272333566191339514e+03	2.417235773213379513e-01	1.515117613675477370e-01	2.625355304115020161e-01	1.580071311177982663e-01	7.518029145516157141e-02	3.160383336437469493e-02	7.943787496220017230e-02
1.274752451298167216e+03	2.414186997756523345e-01	1.513060519348894128e-01	2.627506524934897780e-01	1.581335640900864703e-01	7.523377450598685290e-02	3.163952173713897864e-02	7.951773546267856818e-02
1.277171336404994690e+03	2.411146808883062043e-01	1.511009220635056438e-01	2.629651477906130297e-01	1.582596272432428564e-01	7.528711109676530788e-02	3.167513132396894415e-02	7.959737959352038150e-02
1.279590221511822392e+03	2.408115182361213469e-01	1.508963701167383153e-01	2.631790180817711877e-01	1.583853217684048076e-01	7.534030163900019839e-02	3.171066221870504076e-02	7.967680793918148485e-02
1.282009106618650094e+03	2.405092094027878047e-01	1.506923944625721823e-01	2.633922651408370230e-01	1.585106488523218560e-01	7.539334654302734529e-02	3.174611451574992776e-02	7.975602108262624945e-02
1.284427991725477568e+03	2.402077519788442805e-01	1.504889934736216572e-01	2.636048907366708161e-01	1.586356096773750557e-01	7.544624621801848674e-02	3.178148831006150088e-02	7.983501960533055664e-02
1.286846876832305497e+03	2.399071435616584591e-01	1.502861655271176544e-01	2.638168966331346232e-01	1.587602054215961622e-01	7.549900107198453947e-02	3.181678369714600191e-02	7.991380408728494811e-02
1.289265761939132744e+03	2.396073817554072172e-01	1.500839090048944058e-01	2.640282845891064323e-01	1.588844372586865894e-01	7.555161151177895718e-02	3.185200077305114924e-02	7.999237510699765130e-02
1.291684647045960673e+03	2.393084641710572780e-01	1.498822222933762771e-01	2.642390563584942065e-01	1.590083063580366163e-01	7.560407794310100571e-02	3.188713963435937243e-02	8.007073324149768800e-02
1.294103532152788375e+03	2.390103884263457268e-01	1.496811037835646674e-01	2.644492136902499291e-01	1.591318138847440666e-01	7.565640077049903822e-02	3.192220037818103290e-02	8.014887906633798298e-02
1.296522417259616077e+03	2.387131521457604155e-01	1.494805518710250192e-01	2.646587583283838696e-01	1.592549609996332383e-01	7.570858039737379808e-02	3.195718310214776953e-02	8.022681315559836157e-02
1.298941302366443551e+03	2.384167529605207281e-01	1.492805649558736625e-01	2.648676920119783507e-01	1.593777488592735825e-01	7.576061722598165238e-02	3.199208790440582345e-02	8.030453608188867221e-02
1.301360187473271253e+03	2.381211885085582347e-01	1.490811414427649917e-01	2.650760164752017922e-01	1.595001786159982449e-01	7.581251165743789489e-02	3.202691488360949468e-02	8.038204841635188114e-02
1.303779072580098727e+03	2.378264564344974297e-01	1.488822797408783094e-01	2.652837334473225339e-01	1.596222514179226337e-01	7.586426409171999341e-02	3.206166413891457789e-02	8.045935072866713944e-02
1.306197957686926657e+03	2.375325543896364966e-01	1.486839782639050866e-01	2.654908446527227683e-01	1.597439684089627943e-01	7.591587492767078171e-02	3.209633576997188847e-02	8.053644358705283612e-02
1.308616842793753904e+03	2.372394800319282959e-01	1.484862354300358900e-01	2.656973518109124743e-01	1.598653307288537273e-01	7.596734456300174854e-02	3.213092987692084401e-02	8.061332755826970675e-02
1.311035727900581833e+03	2.369472310259611303e-01	1.482890496619477527e-01	2.659032566365431283e-01	1.599863395131675692e-01	7.601867339429624337e-02	3.216544656038308053e-02	8.069000320762385881e-02
1.313454613007409534e+03	2.366558050429398707e-01	1.480924193867911021e-01	2.661085608394214153e-01	1.601069958933317161e-01	7.606986181701268224e-02	3.219988592145609646e-02	8.076647109896988030e-02
1.315873498114237009e+03	2.363651997606668609e-01	1.478963430361772413e-01	2.663132661245229960e-01	1.602273009966469208e-01	7.612091022548775343e-02	3.223424806170702150e-02	8.084273179471393456e-02
1.318292383221064711e+03	2.360754128635231541e-01	1.477008190461654435e-01	2.665173741920062178e-01	1.603472559463051672e-01	7.617181901293963719e-02	3.226853308316634389e-02	8.091878585581678551e-02
1.320711268327892412e+03	2.357864420424495566e-01	1.475058458572502118e-01	2.667208867372257153e-01	1.604668618614074338e-01	7.622258857147116984e-02	3.230274108832175556e-02	8.099463384179689251e-02
1.323130153434719887e+03	2.354982849949278645e-01	1.473114219143487336e-01	2.669238054507460101e-01	1.605861198569816239e-01	7.627321929207304951e-02	3.233687218011201819e-02	8.107027631073344953e-02
1.325549038541547588e+03	2.352109394249621566e-01	1.471175456667882520e-01	2.671261320183549448e-01	1.607050310439999963e-01	7.632371156462700035e-02	3.237092646192087086e-02	8.114571381926952154e-02
1.327967923648375290e+03	2.349244030430600871e-01	1.469242155682932705e-01	2.673278681210775609e-01	1.608235965293969838e-01	7.637406577790886719e-02	3.240490403757100013e-02	8.122094692261502824e-02
1.330386808755202765e+03	2.346386735662142342e-01	1.467314300769732016e-01	2.675290154351891991e-01	1.609418174160863746e-01	7.642428231959190466e-02	3.243880501131804484e-02	8.129597617454985270e-02
1.332805693862030694e+03	2.343537487178836420e-01	1.465391876553097106e-01	2.677295756322290998e-01	1.610596948029789366e-01	7.647436157624980246e-02	3.247262948784469805e-02	8.137080212742692220e-02
1.335224578968857941e+03	2.340696262279752249e-01	1.463474867701443083e-01	2.679295503790139477e-01	1.611772297849995705e-01	7.652430393335986347e-02	3.250637757225476043e-02	8.144542533217526137e-02
1.337643464075685870e+03	2.337863038328253096e-01	1.461563258926658060e-01	2.681289413376508057e-01	1.612944234531045462e-01	7.657410977530614005e-02	3.254004937006733933e-02	8.151984633830300364e-02
1.340062349182513572e+03	2.335037792751812336e-01	1.459657034983979362e-01	2.683277501655510489e-01	1.614112768942986831e-01	7.662377948538254269e-02	3.257364498721102009e-02	8.159406569390049990e-02
1.342481234289341273e+03	2.332220503041830539e-01	1.457756180671869461e-01	2.685259785154431866e-01	1.615277911916522535e-01	7.667331344579593477e-02	3.260716453001813453e-02	8.166808394564339935e-02
1.344900119396168748e+03	2.329411146753451733e-01	1.455860680831893295e-01	2.687236280353864082e-01	1.616439674243180247e-01	7.672271203766925507e-02	3.264060810521905720e-02	8.174190163879563320e-02
1.347319004502996449e+03	2.326609701505382433e-01	1.453970520348593642e-01	2.689207003687835718e-01	1.617598066675479951e-01	7.677197564104462635e-02	3.267397581993653627e-02	8.181551931721252335e-02
1.349737889609823924e+03	2.323816144979708176e-01	1.452085684149369282e-01	2.691171971543945274e-01	1.618753099927102979e-01	7.682110463488636687e-02	3.270726778168010079e-02	8.188893752334384935e-02
1.352156774716651853e+03	2.321030454921713670e-01	1.450206157204352309e-01	2.693131200263491620e-01	1.619904784673057707e-01	7.687009939708415451e-02	3.274048409834044715e-02	8.196215679823684597e-02
1.354575659823479100e+03	2.318252609139700438e-01	1.448331924526285452e-01	2.695084706141605557e-01	1.621053131549845816e-01	7.691896030445603827e-02	3.277362487818395731e-02	8.203517768153931189e-02
1.356994544930307029e+03	2.315482585504808344e-01	1.446462971170400791e-01	2.697032505427380267e-01	1.622198151155627432e-01	7.696768773275147746e-02	3.280669022984721017e-02	8.210800071150260726e-02
1.359413430037134731e+03	2.312720361950835191e-01	1.444599282234298454e-01	2.698974614324002874e-01	1.623339854050385722e-01	7.701628205665449201e-02	3.283968026233154147e-02	8.218062642498472070e-02
1.361832315143962205e+03	2.309965916474057135e-01	1.442740842857825612e-01	2.700911048988882679e-01	1.624478250756088704e-01	7.706474364978654901e-02	3.287259508499764532e-02	8.225305535745332242e-02
1.364251200250789907e+03	2.307219227133051054e-01	1.440887638222955180e-01	2.702841825533781606e-01	1.625613351756854119e-01	7.711307288470972687e-02	3.290543480756023126e-02	8.232528804298880343e-02
1.366670085357617609e+03	2.304480272048514966e-01	1.439039653553665365e-01	2.704766960024942435e-01	1.626745167499109024e-01	7.716127013292969905e-02	3.293819954008273682e-02	8.239732501428730094e-02
1.369088970464445310e+03	2.301749029403092617e-01	1.437196874115820311e-01	2.706686468483218699e-01	1.627873708391752161e-01	7.720933576489870387e-02	3.297088939297204008e-02	8.246916680266373756e-02
1.371507855571272785e+03	2.299025477441195009e-01	1.435359285217049918e-01	2.708600366884202360e-01	1.628998984806313000e-01	7.725727015001858378e-02	3.300350447697326245e-02	8.254081393805491607e-02
1.373926740678100487e+03	2.296309594468823878e-01	1.433526872206630498e-01	2.710508671158353700e-01	1.630121007077111883e-01	7.730507365664382458e-02	3.303604490316456449e-02	8.261226694902248924e-02
1.376345625784927961e+03	2.293601358853395444e-01	1.431699620475365420e-01	2.712411397191125118e-01	1.631239785501417683e-01	7.735274665208446976e-02	3.306851078295204582e-02	8.268352636275597134e-02
1.378764510891755890e+03	2.290900749023567495e-01	1.429877515455467429e-01	2.714308560823092131e-01	1.632355330339605448e-01	7.740028950260915974e-02	3.310090222806461729e-02	8.275459270507583287e-02
1.381183395998583137e+03	2.288207743469060640e-01	1.428060542620439299e-01	2.716200177850079389e-01	1.633467651815314059e-01	7.744770257344803233e-02	3.313321935054897721e-02	8.282546650043651204e-02
1.383602281105411066e+03	2.285522320740486779e-01	1.426248687484955868e-01	2.718086264023286680e-01	1.634576760115601379e-01	7.749498622879580356e-02	3.316546226276457371e-02	8.289614827192942625e-02
1.386021166212238768e+03	2.282844459449173691e-01	1.424441935604746912e-01	2.719966835049416054e-01	1.635682665391099688e-01	7.754214083181459882e-02	3.319763107737867119e-02	8.296663854128598359e-02
1.388440051319066470e+03	2.280174138266992667e-01	1.422640272576479459e-01	2.721841906590796167e-01	1.636785377756170279e-01	7.758916674463696428e-02	3.322972590736138904e-02	8.303693782888063590e-02
1.390858936425893944e+03	2.277511335926184766e-01	1.420843684037640664e-01	2.723711494265511068e-01	1.637884907289057501e-01	7.763606432836882287e-02	3.326174686598083047e-02	8.310704665373387645e-02
1.393277821532721646e+03	2.274856031219188446e-01	1.419052155666422066e-01	2.725575613647520101e-01	1.638981264032040863e-01	7.768283394309234702e-02	3.329369406679821841e-02	8.317696553351523747e-02
1.395696706639549120e+03	2.272208202998468318e-01	1.417265673181601904e-01	2.727434280266787803e-01	1.640074457991587409e-01	7.772947594786894232e-02	3.332556762366310071e-02	8.324669498454637107e-02
1.398115591746377049e+03	2.269567830176343337e-01	1.415484222342430209e-01	2.729287509609406581e-01	1.641164499138502986e-01	7.777599070074212029e-02	3.335736765070856924e-02	8.331623552180396353e-02
1.400534476853204296e+03	2.266934891724816659e-01	1.413707788948511956e-01	2.731135317117719952e-01	1.642251397408083513e-01	7.782237855874038490e-02	3.338909426234654837e-02	8.338558765892284397e-02
1.402953361960032225e+03	2.264309366675404112e-01	1.411936358839692984e-01	2.732977718190446881e-01	1.643335162700263752e-01	7.786863987788020247e-02	3.342074757326307655e-02	8.345475190819891254e-02
1.405372247066859927e+03	2.261691234118965443e-01	1.410169917895944536e-01	2.734814728182806132e-01	1.644415804879767184e-01	7.791477501316883270e-02	3.345232769841367110e-02	8.352372878059217964e-02
1.407791132173687402e+03	2.259080473205533346e-01	1.408408452037249181e-01	2.736646362406637834e-01	1.645493333776253397e-01	7.796078431860721525e-02	3.348383475301870693e-02	8.359251878572974970e-02
1.410210017280515103e+03	2.256477063144146922e-01	1.406651947223484245e-01	2.738472636130526716e-01	1.646567759184467128e-01	7.800666814719285636e-02	3.351526885255883687e-02	8.366112243190884645e-02
1.412628902387342805e+03	2.253880983202681820e-01	1.404900389454311060e-01	2.740293564579925345e-01	1.647639090864382871e-01	7.805242685092270150e-02	3.354663011277047441e-02	8.372954022609975511e-02
1.415047787494170507e+03	2.251292212707682316e-01	1.403153764769058676e-01	2.742109162937274580e-01	1.648707338541353651e-01	7.809806078079596647e-02	3.357791864964126266e-02	8.379777267394888929e-02
1.417466672600997981e+03	2.248710731044194222e-01	1.401412059246611719e-01	2.743919446342127366e-01	1.649772511906253958e-01	7.814357028681701012e-02	3.360913457940561261e-02	8.386582027978171927e-02
1.419885557707825683e+03	2.246136517655597797e-01	1.399675259005297434e-01	2.745724429891267526e-01	1.650834620615625470e-01	7.818895571799816535e-02	3.364027801854030386e-02	8.393368354660578345e-02
1.422304442814653157e+03	2.243569552043442605e-01	1.397943350202772717e-01	2.747524128638832441e-01	1.651893674291820824e-01	7.823421742236254250e-02	3.367134908376005764e-02	8.400136297611365821e-02
1.424723327921481086e+03	2.241009813767279313e-01	1.396216319035911146e-01	2.749318557596433510e-01	1.652949682523147112e-01	7.827935574694690202e-02	3.370234789201322773e-02	8.406885906868592773e-02
1.427142213028308333e+03	2.238457282444495933e-01	1.394494151740691967e-01	2.751107731733274941e-01	1.654002654864007160e-01	7.832437103780445775e-02	3.373327456047742895e-02	8.413617232339425100e-02
1.429561098135136262e+03	2.235911937750152123e-01	1.392776834592088508e-01	2.752891665976276436e-01	1.655052600835043297e-01	7.836926364000765255e-02	3.376412920655529754e-02	8.420330323800417904e-02
1.431979983241963964e+03	2.233373759416815985e-01	1.391064353903955220e-01	2.754670375210190869e-01	1.656099529923275304e-01	7.841403389765100318e-02	3.379491194787021674e-02	8.427025230897827734e-02
1.434398868348791666e+03	2.230842727234397804e-01	1.389356696028918037e-01	2.756443874277723083e-01	1.657143451582243909e-01	7.845868215385386202e-02	3.382562290226213270e-02	8.433702003147899862e-02
1.436817753455619140e+03	2.228318821049988796e-01	1.387653847358263359e-01	2.758212177979649793e-01	1.658184375232148455e-01	7.850320875076320648e-02	3.385626218778335639e-02	8.440360689937168037e-02
1.439236638562446842e+03	2.225802020767696510e-01	1.385955794321826751e-01	2.759975301074940046e-01	1.659222310259986510e-01	7.854761402955642846e-02	3.388682992269443500e-02	8.447001340522751478e-02
1.441655523669274316e+03	2.223292306348482739e-01	1.384262523387884691e-01	2.761733258280867909e-01	1.660257266019691813e-01	7.859189833044409601e-02	3.391732622546003717e-02	8.453624004032649075e-02
1.444074408776102018e+03	2.220789657810002538e-01	1.382574021063042724e-01	2.763486064273136256e-01	1.661289251832272218e-01	7.863606199267268726e-02	3.394775121474488677e-02	8.460228729466036379e-02
1.446493293882929493e+03	2.218294055226440742e-01	1.380890273892127207e-01	2.765233733685992235e-01	1.662318276985945698e-01	7.868010535452737986e-02	3.397810500940973838e-02	8.466815565693562584e-02
1.448912178989757422e+03	2.215805478728351541e-01	1.379211268458075679e-01	2.766976281112343838e-01	1.663344350736277177e-01	7.872402875333481265e-02	3.400838772850733882e-02	8.473384561457637798e-02
1.451331064096585123e+03	2.213323908502498605e-01	1.377536991381828890e-01	2.768713721103875924e-01	1.664367482306313983e-01	7.876783252546573633e-02	3.403859949127849976e-02	8.479935765372738354e-02
1.453749949203412370e+03	2.210849324791693826e-01	1.375867429322220337e-01	2.770446068171169562e-01	1.665387680886720456e-01	7.881151700633784452e-02	3.406874041714812867e-02	8.486469225925692694e-02
1.456168834310240300e+03	2.208381707894638002e-01	1.374202568975869954e-01	2.772173336783817499e-01	1.666404955635912566e-01	7.885508253041842441e-02	3.409881062572134997e-02	8.492984991475976964e-02
1.458587719417068001e+03	2.205921038165762071e-01	1.372542397077075038e-01	2.773895541370537399e-01	1.667419315680190584e-01	7.889852943122710460e-02	3.412881023677960535e-02	8.499483110256013385e-02
1.461006604523895703e+03	2.203467296015066690e-01	1.370886900397703945e-01	2.775612696319290085e-01	1.668430770113872308e-01	7.894185804133854734e-02	3.415873937027685131e-02	8.505963630371460305e-02
1.463425489630723177e+03	2.201020461907966241e-01	1.369236065747087561e-01	2.777324815977395001e-01	1.669439327999425182e-01	7.898506869238516859e-02	3.418859814633572886e-02	8.512426599801500848e-02
1.465844374737550879e+03	2.198580516365128967e-01	1.367589879971912448e-01	2.779031914651643453e-01	1.670444998367598133e-01	7.902816171505978871e-02	3.421838668524380955e-02	8.518872066399144072e-02
1.468263259844378354e+03	2.196147439962319869e-01	1.365948329956114815e-01	2.780734006608414077e-01	1.671447790217551466e-01	7.907113743911833859e-02	3.424810510744983466e-02	8.525300077891510842e-02
1.470682144951206283e+03	2.193721213330245279e-01	1.364311402620773661e-01	2.782431106073787741e-01	1.672447712516988150e-01	7.911399619338252420e-02	3.427775353356003057e-02	8.531710681880123881e-02
1.473101030058033530e+03	2.191301817154394094e-01	1.362679084924005302e-01	2.784123227233660236e-01	1.673444774202283158e-01	7.915673830574253278e-02	3.430733208433440345e-02	8.538103925841208919e-02
1.475519915164861459e+03	2.188889232174883737e-01	1.361051363860856789e-01	2.785810384233855519e-01	1.674438984178611700e-01	7.919936410315962794e-02	3.433684088068312407e-02	8.544479857125975020e-02
1.477938800271689161e+03	2.186483439186302502e-01	1.359428226463201828e-01	2.787492591180241730e-01	1.675430351320078004e-01	7.924187391166886973e-02	3.436628004366288486e-02	8.550838522960912957e-02
1.480357685378516862e+03	2.184084419037556346e-01	1.357809659799633639e-01	2.789169862138841105e-01	1.676418884469843273e-01	7.928426805638170982e-02	3.439564969447334031e-02	8.557179970448082484e-02
1.482776570485344337e+03	2.181692152631712900e-01	1.356195650975362266e-01	2.790842211135944884e-01	1.677404592440251418e-01	7.932654686148862822e-02	3.442494995445353340e-02	8.563504246565400990e-02
