1.001418434226643626e+03	2.819716750667287108e-01	1.785564505066174479e-01	2.340811558063411457e-01	1.412187001619903126e-01	6.817023377786173011e-02	2.704003829204037687e-02	6.896174638834334791e-02
1.003837319333471214e+03	2.815531271471970465e-01	1.782743285635144115e-01	2.343794174849683776e-01	1.413956377652481333e-01	6.824304847722668932e-02	2.708454827304321647e-02	6.906989228872516262e-02
1.006256204440298802e+03	2.811357598649119605e-01	1.779930026783447250e-01	2.346768157383944120e-01	1.415720372953329365e-01	6.831566175550213282e-02	2.712897648695518013e-02	6.917774618048175284e-02
1.008675089547126618e+03	2.807195698772736447e-01	1.777124706000401400e-01	2.349733530165613038e-01	1.417479005779737344e-01	6.838807418253652071e-02	2.717332291117634593e-02	6.928530883436143095e-02
1.011093974653954206e+03	2.803045538513053714e-01	1.774327300838471622e-01	2.352690317624713534e-01	1.419232294317377963e-01	6.846028632655785928e-02	2.721758752470211651e-02	6.939258101930144418e-02
1.013512859760782021e+03	2.798907084636216847e-01	1.771537788913125355e-01	2.355638544122071465e-01	1.420980256680638154e-01	6.853229875417819750e-02	2.726177030810948351e-02	6.949956350243031988e-02
1.015931744867609382e+03	2.794780304003963156e-01	1.768756147902685039e-01	2.358578233949514269e-01	1.422722910912952998e-01	6.860411203039808170e-02	2.730587124354337189e-02	6.960625704907023870e-02
1.018350629974437197e+03	2.790665163573315399e-01	1.765982355548180727e-01	2.361509411330066921e-01	1.424460274987134900e-01	6.867572671861101041e-02	2.734989031470309515e-02	6.971266242273939373e-02
1.020769515081264785e+03	2.786561630396265365e-01	1.763216389653202432e-01	2.364432100418150939e-01	1.426192366805702771e-01	6.874714338060793073e-02	2.739382750682890777e-02	6.981878038515434981e-02
1.023188400188092373e+03	2.782469671619466900e-01	1.760458228083749688e-01	2.367346325299780341e-01	1.427919204201208714e-01	6.881836257658163758e-02	2.743768280668860970e-02	6.992461169623254147e-02
1.025607285294920075e+03	2.778389254483931148e-01	1.757707848768083336e-01	2.370252109992756484e-01	1.429640804936562759e-01	6.888938486513120074e-02	2.748145620256430000e-02	7.003015711409456279e-02
1.028026170401747549e+03	2.774320346324716802e-01	1.754965229696573981e-01	2.373149478446864857e-01	1.431357186705355944e-01	6.896021080326641961e-02	2.752514768423916167e-02	7.013541739506672090e-02
1.030445055508575479e+03	2.770262914570633117e-01	1.752230348921551828e-01	2.376038454544068812e-01	1.433068367132181442e-01	6.903084094641222246e-02	2.756875724298438537e-02	7.024039329368339524e-02
1.032863940615402726e+03	2.766216926743935711e-01	1.749503184557154589e-01	2.378919062098703574e-01	1.434774363772954309e-01	6.910127584841303794e-02	2.761228487154616593e-02	7.034508556268952162e-02
1.035282825722230655e+03	2.762182350460029578e-01	1.746783714779175933e-01	2.381791324857669701e-01	1.436475194115229836e-01	6.917151606153720822e-02	2.765573056413276470e-02	7.044949495304309028e-02
1.037701710829058356e+03	2.758159153427172661e-01	1.744071917824911444e-01	2.384655266500625981e-01	1.438170875578518582e-01	6.924156213648134661e-02	2.769909431640170047e-02	7.055362221391758837e-02
1.040120595935886058e+03	2.754147303446182193e-01	1.741367771993006797e-01	2.387510910640182615e-01	1.439861425514601390e-01	6.931141462237469519e-02	2.774237612544699569e-02	7.065746809270453954e-02
1.042539481042713533e+03	2.750146768410138276e-01	1.738671255643304547e-01	2.390358280822091064e-01	1.441546861207841368e-01	6.938107406678352407e-02	2.778557598978654078e-02	7.076103333501598813e-02
1.044958366149541234e+03	2.746157516304095769e-01	1.735982347196688980e-01	2.393197400525436391e-01	1.443227199875495304e-01	6.945054101571541960e-02	2.782869390934950699e-02	7.086431868468701101e-02
1.047377251256368709e+03	2.742179515204795637e-01	1.733301025134932893e-01	2.396028293162827116e-01	1.444902458668023137e-01	6.951981601362364205e-02	2.787172988546387717e-02	7.096732488377825721e-02
1.049796136363196410e+03	2.738212733280375732e-01	1.730627268000542174e-01	2.398850982080584782e-01	1.446572654669393831e-01	6.958889960341144154e-02	2.791468392084405295e-02	7.107005267257854308e-02
1.052215021470024112e+03	2.734257138790086028e-01	1.727961054396600638e-01	2.401665490558934912e-01	1.448237804897392900e-01	6.965779232643638796e-02	2.795755601957853817e-02	7.117250278960733645e-02
1.054633906576851814e+03	2.730312700084003841e-01	1.725302362986616544e-01	2.404471841812193256e-01	1.449897926303925777e-01	6.972649472251465919e-02	2.800034618711772297e-02	7.127467597161737944e-02
1.057052791683679516e+03	2.726379385602751282e-01	1.722651172494366334e-01	2.407270058988955630e-01	1.451553035775320633e-01	6.979500732992531542e-02	2.804305443026173725e-02	7.137657295359726983e-02
1.059471676790506763e+03	2.722457163877216035e-01	1.720007461703737528e-01	2.410060165172285274e-01	1.453203150132628685e-01	6.986333068541458746e-02	2.808568075714840129e-02	7.147819446877400063e-02
1.061890561897334692e+03	2.718546003528269916e-01	1.717371209458574688e-01	2.412842183379898808e-01	1.454848286131923407e-01	6.993146532420019268e-02	2.812822517724124227e-02	7.157954124861563849e-02
1.064309447004162394e+03	2.714645873266492426e-01	1.714742394662522595e-01	2.415616136564353866e-01	1.456488460464598900e-01	6.999941177997551223e-02	2.817068770131761837e-02	7.168061402283389116e-02
1.066728332110990095e+03	2.710756741891893751e-01	1.712120996278870266e-01	2.418382047613234220e-01	1.458123689757664654e-01	7.006717058491393479e-02	2.821306834145688794e-02	7.178141351938671644e-02
1.069147217217817570e+03	2.706878578293639981e-01	1.709506993330394409e-01	2.421139939349334913e-01	1.459753990574041149e-01	7.013474226967300607e-02	2.825536711102871051e-02	7.188194046448102836e-02
1.071566102324645271e+03	2.703011351449780553e-01	1.706900364899203437e-01	2.423889834530848775e-01	1.461379379412851010e-01	7.020212736339873083e-02	2.829758402468137909e-02	7.198219558257529238e-02
1.073984987431472746e+03	2.699155030426975688e-01	1.704301090126580653e-01	2.426631755851547390e-01	1.462999872709711824e-01	7.026932639372975020e-02	2.833971909833026340e-02	7.208217959638220373e-02
1.076403872538300675e+03	2.695309584380226053e-01	1.701709148212827982e-01	2.429365725940967335e-01	1.464615486837024527e-01	7.033633988680158822e-02	2.838177234914632599e-02	7.218189322687131038e-02
1.078822757645127922e+03	2.691474982552602979e-01	1.699124518417108598e-01	2.432091767364592816e-01	1.466226238104262058e-01	7.040316836725080130e-02	2.842374379554471128e-02	7.228133719327174689e-02
1.081241642751955851e+03	2.687651194274980337e-01	1.696547180057291215e-01	2.434809902624036626e-01	1.467832142758255798e-01	7.046981235821921097e-02	2.846563345717343166e-02	7.238051221307491290e-02
1.083660527858783553e+03	2.683838188965770311e-01	1.693977112509792438e-01	2.437520154157223340e-01	1.469433216983480339e-01	7.053627238135805333e-02	2.850744135490209524e-02	7.247941900203712373e-02
1.086079412965611255e+03	2.680035936130656382e-01	1.691414295209421326e-01	2.440222544338571664e-01	1.471029476902336319e-01	7.060254895683219789e-02	2.854916751081076898e-02	7.257805827418239986e-02
1.088498298072438729e+03	2.676244405362328549e-01	1.688858707649222302e-01	2.442917095479173462e-01	1.472620938575433525e-01	7.066864260332424152e-02	2.859081194817886251e-02	7.267643074180510365e-02
1.090917183179266431e+03	2.672463566340221308e-01	1.686310329380318052e-01	2.445603829826974995e-01	1.474207618001870113e-01	7.073455383803869956e-02	2.863237469147411618e-02	7.277453711547270110e-02
1.093336068286093905e+03	2.668693388830254976e-01	1.683769140011753263e-01	2.448282769566956785e-01	1.475789531119512110e-01	7.080028317670616911e-02	2.867385576634167571e-02	7.287237810402850957e-02
1.095754953392921607e+03	2.664933842684569787e-01	1.681235119210338635e-01	2.450953936821312074e-01	1.477366693805270415e-01	7.086583113358739527e-02	2.871525519959321204e-02	7.296995441459437626e-02
1.098173838499749309e+03	2.661184897841271657e-01	1.678708246700494067e-01	2.453617353649627519e-01	1.478939121875376406e-01	7.093119822147743447e-02	2.875657301919615216e-02	7.306726675257350923e-02
1.100592723606577010e+03	2.657446524324172388e-01	1.676188502264092106e-01	2.456273042049058608e-01	1.480506831085657560e-01	7.099638495170977615e-02	2.879780925426296198e-02	7.316431582165321135e-02
1.103011608713404712e+03	2.653718692242533761e-01	1.673675865740302804e-01	2.458921023954509788e-01	1.482069837131808898e-01	7.106139183416040894e-02	2.883896393504050207e-02	7.326110232380761422e-02
1.105430493820231959e+03	2.650001371790809968e-01	1.671170317025437169e-01	2.461561321238810163e-01	1.483628155649664992e-01	7.112621937725190080e-02	2.888003709289947360e-02	7.335762695930050925e-02
1.107849378927059888e+03	2.646294533248395031e-01	1.668671836072789794e-01	2.464193955712890849e-01	1.485181802215470304e-01	7.119086808795757615e-02	2.892102876032393022e-02	7.345389042668808155e-02
1.110268264033887590e+03	2.642598146979368012e-01	1.666180402892485646e-01	2.466818949125960114e-01	1.486730792346147578e-01	7.125533847180545721e-02	2.896193897090086622e-02	7.354989342282175491e-02
1.112687149140715292e+03	2.638912183432242098e-01	1.663695997551322137e-01	2.469436323165680736e-01	1.488275141499564858e-01	7.131963103288241346e-02	2.900276775930986026e-02	7.364563664285093958e-02
1.115106034247542766e+03	2.635236613139713691e-01	1.661218600172615911e-01	2.472046099458342916e-01	1.489814865074800820e-01	7.138374627383818616e-02	2.904351516131281966e-02	7.374112078022589112e-02
1.117524919354370468e+03	2.631571406718408723e-01	1.658748190936045475e-01	2.474648299569040810e-01	1.491349978412409849e-01	7.144768469588941295e-02	2.908418121374378024e-02	7.383634652670049980e-02
1.119943804461197942e+03	2.627916534868637854e-01	1.656284750077497425e-01	2.477242945001845165e-01	1.492880496794685152e-01	7.151144679882372179e-02	2.912476595449877553e-02	7.393131457233512172e-02
1.122362689568025871e+03	2.624271968374145558e-01	1.653828257888911302e-01	2.479830057199977345e-01	1.494406435445918557e-01	7.157503308100365835e-02	2.916526942252579274e-02	7.402602560549939592e-02
1.124781574674853118e+03	2.620637678101864210e-01	1.651378694718124429e-01	2.482409657545982806e-01	1.495927809532662522e-01	7.163844403937079386e-02	2.920569165781477031e-02	7.412048031287508942e-02
1.127200459781681047e+03	2.617013635001668170e-01	1.648936040968717875e-01	2.484981767361902349e-01	1.497444634163988542e-01	7.170168016944966638e-02	2.924603270138769959e-02	7.421467937945896987e-02
1.129619344888508749e+03	2.613399810106127874e-01	1.646500277099862131e-01	2.487546407909445589e-01	1.498956924391743051e-01	7.176474196535179151e-02	2.928629259528878204e-02	7.430862348856563659e-02
1.132038229995336451e+03	2.609796174530265023e-01	1.644071383626163063e-01	2.490103600390161653e-01	1.500464695210805277e-01	7.182762991977963141e-02	2.932647138257463149e-02	7.440231332183035173e-02
1.134457115102163925e+03	2.606202699471311113e-01	1.641649341117507876e-01	2.492653365945609600e-01	1.501967961559340925e-01	7.189034452403060549e-02	2.936656910730459438e-02	7.449574955921196839e-02
1.136876000208991627e+03	2.602619356208463741e-01	1.639234130198912176e-01	2.495195725657531061e-01	1.503466738319055584e-01	7.195288626800103171e-02	2.940658581453109779e-02	7.458893287899572011e-02
1.139294885315819101e+03	2.599046116102647352e-01	1.636825731550365648e-01	2.497730700548017602e-01	1.504961040315447030e-01	7.201525564019006787e-02	2.944652155029008414e-02	7.468186395779619069e-02
1.141713770422646803e+03	2.595482950596269545e-01	1.634424125906680514e-01	2.500258311579681703e-01	1.506450882318055851e-01	7.207745312770369450e-02	2.948637636159150838e-02	7.477454347056015915e-02
1.144132655529474505e+03	2.591929831212985702e-01	1.632029294057337487e-01	2.502778579655825508e-01	1.507936279040714145e-01	7.213947921625857296e-02	2.952615029640990110e-02	7.486697209056945856e-02
1.146551540636302207e+03	2.588386729557455301e-01	1.629641216846333118e-01	2.505291525620610416e-01	1.509417245141793928e-01	7.220133439018608379e-02	2.956584340367500105e-02	7.495915048944393200e-02
1.148970425743129908e+03	2.584853617315110430e-01	1.627259875172028247e-01	2.507797170259221664e-01	1.510893795224454439e-01	7.226301913243612929e-02	2.960545573326245350e-02	7.505107933714429136e-02
1.151389310849957155e+03	2.581330466251912648e-01	1.624885249986996461e-01	2.510295534298039866e-01	1.512365943836886939e-01	7.232453392458111641e-02	2.964498733598457461e-02	7.514275930197503173e-02
1.153808195956785084e+03	2.577817248214123169e-01	1.622517322297871434e-01	2.512786638404805872e-01	1.513833705472558411e-01	7.238587924681978703e-02	2.968443826358117821e-02	7.523419105058737344e-02
1.156227081063612786e+03	2.574313935128063613e-01	1.620156073165196220e-01	2.515270503188788975e-01	1.515297094570456082e-01	7.244705557798120088e-02	2.972380856871047194e-02	7.532537524798214867e-02
1.158645966170440488e+03	2.570820498999881742e-01	1.617801483703271426e-01	2.517747149200951218e-01	1.516756125515326681e-01	7.250806339552849644e-02	2.976309830494001940e-02	7.541631255751275742e-02
1.161064851277267962e+03	2.567336911915321096e-01	1.615453535080004499e-01	2.520216596934112263e-01	1.518210812637918461e-01	7.256890317556281833e-02	2.980230752673775074e-02	7.550700364088809569e-02
1.163483736384095664e+03	2.563863146039486729e-01	1.613112208516760959e-01	2.522678866823118149e-01	1.519661170215219903e-01	7.262957539282721697e-02	2.984143628946306706e-02	7.559744915817545596e-02
1.165902621490923138e+03	2.560399173616613733e-01	1.610777485288212019e-01	2.525133979245002824e-01	1.521107212470697023e-01	7.269008052071038173e-02	2.988048464935797940e-02	7.568764976780351095e-02
1.168321506597751068e+03	2.556944966969835753e-01	1.608449346722184981e-01	2.527581954519152463e-01	1.522548953574530406e-01	7.275041903125056830e-02	2.991945266353832761e-02	7.577760612656521400e-02
1.170740391704578315e+03	2.553500498500956284e-01	1.606127774199515024e-01	2.530022812907470886e-01	1.523986407643850849e-01	7.281059139513938738e-02	2.995834038998504770e-02	7.586731888962079673e-02
1.173159276811406244e+03	2.550065740690218297e-01	1.603812749153895600e-01	2.532456574614539990e-01	1.525419588742973065e-01	7.287059808172564879e-02	2.999714788753551215e-02	7.595678871050071113e-02
1.175578161918233945e+03	2.546640666096076089e-01	1.601504253071727724e-01	2.534883259787786836e-01	1.526848510883628274e-01	7.293043955901913622e-02	3.003587521587494646e-02	7.604601624110855773e-02
1.177997047025061647e+03	2.543225247354969909e-01	1.599202267491973972e-01	2.537302888517641297e-01	1.528273188025196239e-01	7.299011629369445142e-02	3.007452243552786661e-02	7.613500213172408326e-02
1.180415932131889122e+03	2.539819457181095030e-01	1.596906774006008611e-01	2.539715480837701489e-01	1.529693634074935360e-01	7.304962875109474729e-02	3.011308960784961700e-02	7.622374703100616433e-02
1.182834817238716823e+03	2.536423268366179151e-01	1.594617754257469655e-01	2.542121056724891415e-01	1.531109862888213047e-01	7.310897739523553041e-02	3.015157679501793975e-02	7.631225158599572178e-02
1.185253702345544298e+03	2.533036653779255909e-01	1.592335189942112594e-01	2.544519636099625282e-01	1.532521888268732757e-01	7.316816268880844965e-02	3.018998406002463414e-02	7.640051644211875992e-02
1.187672587452371999e+03	2.529659586366440061e-01	1.590059062807661627e-01	2.546911238825966817e-01	1.533929723968760761e-01	7.322718509318501545e-02	3.022831146666725075e-02	7.648854224318932249e-02
1.190091472559199701e+03	2.526292039150703772e-01	1.587789354653663665e-01	2.549295884711788029e-01	1.535333383689353182e-01	7.328604506842038846e-02	3.026655907954085498e-02	7.657632963141246252e-02
1.192510357666027403e+03	2.522933985231654574e-01	1.585526047331340671e-01	2.551673593508930193e-01	1.536732881080579427e-01	7.334474307325711262e-02	3.030472696402984265e-02	7.666387924738725379e-02
1.194929242772855105e+03	2.519585397785312209e-01	1.583269122743445056e-01	2.554044384913360943e-01	1.538128229741745623e-01	7.340327956512879282e-02	3.034281518629983188e-02	7.675119173010977458e-02
1.197348127879682352e+03	2.516246250063887135e-01	1.581018562844112019e-01	2.556408278565335257e-01	1.539519443221617212e-01	7.346165500016391126e-02	3.038082381328960010e-02	7.683826771697609137e-02
1.199767012986510281e+03	2.512916515395561268e-01	1.578774349638715491e-01	2.558765294049552552e-01	1.540906535018640167e-01	7.351986983318943569e-02	3.041875291270306619e-02	7.692510784378528421e-02
1.202185898093337983e+03	2.509596167184266480e-01	1.576536465183722702e-01	2.561115450895314338e-01	1.542289518581160535e-01	7.357792451773460807e-02	3.045660255300136274e-02	7.701171274474247208e-02
1.204604783200165684e+03	2.506285178909465339e-01	1.574304891586548183e-01	2.563458768576679092e-01	1.543668407307643708e-01	7.363581950603456661e-02	3.049437280339493614e-02	7.709808305246172722e-02
1.207023668306993159e+03	2.502983524125932946e-01	1.572079611005410826e-01	2.565795266512623241e-01	1.545043214546892030e-01	7.369355524903407895e-02	3.053206373383572300e-02	7.718421939796918374e-02
1.209442553413820860e+03	2.499691176463539610e-01	1.569860605649188168e-01	2.568124964067194926e-01	1.546413953598260727e-01	7.375113219639116424e-02	3.056967541500936469e-02	7.727012241070599363e-02
1.211861438520648335e+03	2.496408109627032967e-01	1.567647857777273446e-01	2.570447880549671105e-01	1.547780637711874407e-01	7.380855079648082628e-02	3.060720791832749130e-02	7.735579271853136596e-02
1.214280323627476264e+03	2.493134297395822041e-01	1.565441349699433493e-01	2.572764035214709644e-01	1.549143280088840502e-01	7.386581149639863397e-02	3.064466131592006801e-02	7.744123094772557836e-02
1.216699208734303511e+03	2.489869713623761305e-01	1.563241063775663020e-01	2.575073447262509196e-01	1.550501893881463811e-01	7.392291474196439893e-02	3.068203568062778316e-02	7.752643772299300240e-02
1.219118093841131440e+03	2.486614332238935299e-01	1.561046982416043338e-01	2.577376135838959081e-01	1.551856492193457171e-01	7.397986097772582537e-02	3.071933108599448486e-02	7.761141366746511505e-02
1.221536978947959142e+03	2.483368127243445189e-01	1.558859088080600808e-01	2.579672120035796934e-01	1.553207088080152953e-01	7.403665064696209053e-02	3.075654760625969042e-02	7.769615940270355181e-02
1.223955864054786844e+03	2.480131072713194773e-01	1.556677363279163340e-01	2.581961418890760251e-01	1.554553694548713727e-01	7.409328419168749458e-02	3.079368531635114786e-02	7.778067554870311817e-02
1.226374749161614318e+03	2.476903142797677315e-01	1.554501790571219400e-01	2.584244051387739605e-01	1.555896324558340427e-01	7.414976205265505493e-02	3.083074429187743562e-02	7.786496272389481499e-02
1.228793634268442020e+03	2.473684311719762663e-01	1.552332352565776452e-01	2.586520036456932958e-01	1.557234991020480797e-01	7.420608466936010061e-02	3.086772460912062810e-02	7.794902154514889159e-02
1.231212519375269494e+03	2.470474553775487969e-01	1.550169031921221630e-01	2.588789392974996106e-01	1.558569706799036170e-01	7.426225248004383883e-02	3.090462634502902373e-02	7.803285262777787112e-02
1.233631404482097196e+03	2.467273843333843975e-01	1.548011811345178512e-01	2.591052139765195883e-01	1.559900484710566027e-01	7.431826592169699097e-02	3.094144957720990768e-02	7.811645658553957594e-02
1.236050289588924898e+03	2.464082154836566285e-01	1.545860673594369461e-01	2.593308295597560043e-01	1.561227337524494496e-01	7.437412543006328980e-02	3.097819438392237015e-02	7.819983403064019456e-02
1.238469174695752372e+03	2.460899462797925819e-01	1.543715601474474342e-01	2.595557879189029915e-01	1.562550277963313250e-01	7.442983143964305992e-02	3.101486084407018354e-02	7.828298557373733479e-02
1.240888059802580301e+03	2.457725741804519526e-01	1.541576577839991746e-01	2.597800909203609732e-01	1.563869318702783007e-01	7.448538438369678438e-02	3.105144903719473867e-02	7.836591182394302135e-02
1.243306944909407548e+03	2.454560966515062226e-01	1.539443585594099384e-01	2.600037404252517059e-01	1.565184472372136704e-01	7.454078469424862963e-02	3.108795904346801225e-02	7.844861338882677670e-02
1.245725830016235477e+03	2.451405111660178993e-01	1.537316607688515857e-01	2.602267382894333236e-01	1.566495751554279336e-01	7.459603280208997045e-02	3.112439094368560366e-02	7.853109087441863256e-02
1.248144715123063179e+03	2.448258152042197822e-01	1.535195627123362716e-01	2.604490863635151032e-01	1.567803168785987800e-01	7.465112913678292883e-02	3.116074481925980647e-02	7.861334488521225239e-02
1.250563600229890881e+03	2.445120062534943961e-01	1.533080626947025127e-01	2.606707864928726193e-01	1.569106736558108506e-01	7.470607412666384339e-02	3.119702075221275281e-02	7.869537602416792899e-02
1.252982485336718355e+03	2.441990818083533965e-01	1.530971590256016424e-01	2.608918405176622324e-01	1.570406467315756671e-01	7.476086819884682211e-02	3.123321882516958553e-02	7.877718489271560987e-02
1.255401370443546057e+03	2.438870393704170858e-01	1.528868500194838498e-01	2.611122502728360772e-01	1.571702373458510882e-01	7.481551177922717011e-02	3.126933912135169275e-02	7.885877209075801975e-02
1.257820255550373531e+03	2.435758764483938743e-01	1.526771339955846907e-01	2.613320175881568286e-01	1.572994467340609603e-01	7.487000529248495628e-02	3.130538172456999446e-02	7.894013821667368591e-02
1.260239140657201460e+03	2.432655905580600741e-01	1.524680092779112928e-01	2.615511442882124116e-01	1.574282761271145470e-01	7.492434916208838558e-02	3.134134671921826043e-02	7.902128386731997745e-02
1.262658025764028707e+03	2.429561792222394712e-01	1.522594741952288389e-01	2.617696321924307123e-01	1.575567267514259573e-01	7.497854381029733783e-02	3.137723419026650779e-02	7.910220963803618610e-02
1.265076910870856636e+03	2.426476399707830633e-01	1.520515270810469666e-01	2.619874831150940109e-01	1.576847998289332420e-01	7.503258965816680948e-02	3.141304422325440909e-02	7.918291612264657942e-02
1.267495795977684338e+03	2.423399703405489380e-01	1.518441662736062236e-01	2.622046988653536359e-01	1.578124965771177113e-01	7.508648712555032745e-02	3.144877690428478367e-02	7.926340391346345382e-02
1.269914681084511813e+03	2.420331678753820936e-01	1.516373901158645787e-01	2.624212812472447309e-01	1.579398182090229197e-01	7.514023663110340479e-02	3.148443232001710973e-02	7.934367360129018776e-02
1.272333566191339514e+03	2.417272301260944001e-01	1.514311969554839321e-01	2.626372320597005761e-01	1.580667659332736508e-01	7.519383859228695455e-02	3.152001055766112669e-02	7.942372577542435030e-02
1.274752451298167216e+03	2.414221546504446148e-01	1.512255851448167654e-01	2.628525530965670209e-01	1.581933409540947910e-01	7.524729342537070376e-02	3.155551170497040980e-02	7.950356102366068489e-02
1.277171336404994690e+03	2.411179390131184264e-01	1.510205530408926244e-01	2.630672461466169176e-01	1.583195444713300370e-01	7.530060154543664896e-02	3.159093585023608347e-02	7.958317993229424570e-02
1.279590221511822392e+03	2.408145807857084708e-01	1.508160990054049355e-01	2.632813129935646090e-01	1.584453776804607417e-01	7.535376336638235917e-02	3.162628308228049301e-02	7.966258308612342298e-02
1.282009106618650094e+03	2.405120775466946803e-01	1.506122214046974328e-01	2.634947554160801397e-01	1.585708417726243435e-01	7.540677930092448689e-02	3.166155349045098738e-02	7.974177106845302399e-02
1.284427991725477568e+03	2.402104268814244381e-01	1.504089186097512243e-01	2.637075751878035779e-01	1.586959379346328802e-01	7.545964976060198781e-02	3.169674716461374359e-02	7.982074446109728438e-02
1.286846876832305497e+03	2.399096263820928165e-01	1.502061889961711916e-01	2.639197740773593925e-01	1.588206673489915011e-01	7.551237515577968740e-02	3.173186419514757717e-02	7.989950384438304631e-02
1.289265761939132744e+03	2.396096736477230926e-01	1.500040309441730557e-01	2.641313538483704981e-01	1.589450311939166471e-01	7.556495589565145887e-02	3.176690467293786374e-02	7.997804979715271434e-02
1.291684647045960673e+03	2.393105662841470693e-01	1.498024428385700824e-01	2.643423162594724096e-01	1.590690306433543144e-01	7.561739238824367881e-02	3.180186868937049521e-02	8.005638289676733632e-02
1.294103532152788375e+03	2.390123019039854801e-01	1.496014230687599256e-01	2.645526630643276755e-01	1.591926668669982059e-01	7.566968504041853005e-02	3.183675633632584295e-02	8.013450371910973979e-02
1.296522417259616077e+03	2.387148781266286435e-01	1.494009700287116660e-01	2.647623960116395891e-01	1.593159410303077728e-01	7.572183425787736011e-02	3.187156770617281115e-02	8.021241283858751570e-02
1.298941302366443551e+03	2.384182925782170615e-01	1.492010821169526269e-01	2.649715168451665104e-01	1.594388542945260889e-01	7.577384044516399797e-02	3.190630289176289713e-02	8.029011082813615474e-02
1.301360187473271253e+03	2.381225428916219633e-01	1.490017577365553847e-01	2.651800273037358546e-01	1.595614078166978089e-01	7.582570400566802926e-02	3.194096198642432105e-02	8.036759825922203115e-02
1.303779072580098727e+03	2.378276267064261262e-01	1.488029952951247792e-01	2.653879291212577485e-01	1.596836027496868204e-01	7.587742534162816854e-02	3.197554508395620415e-02	8.044487570184553904e-02
1.306197957686926657e+03	2.375335416689046686e-01	1.486047932047849796e-01	2.655952240267394626e-01	1.598054402421939801e-01	7.592900485413550671e-02	3.201005227862274705e-02	8.052194372454414550e-02
1.308616842793753904e+03	2.372402854320056487e-01	1.484071498821665502e-01	2.658019137442988455e-01	1.599269214387747384e-01	7.598044294313680003e-02	3.204448366514751900e-02	8.059880289439540213e-02
1.311035727900581833e+03	2.369478556553312187e-01	1.482100637483935723e-01	2.660079999931785344e-01	1.600480474798565977e-01	7.603174000743778693e-02	3.207883933870772641e-02	8.067545377702006748e-02
1.313454613007409534e+03	2.366562500051184736e-01	1.480135332290708206e-01	2.662134844877596107e-01	1.601688195017564875e-01	7.608289644470642155e-02	3.211311939492857148e-02	8.075189693658513246e-02
1.315873498114237009e+03	2.363654661542203828e-01	1.478175567542710234e-01	2.664183689375752007e-01	1.602892386366982225e-01	7.613391265147613496e-02	3.214732392987761089e-02	8.082813293580695668e-02
1.318292383221064711e+03	2.360755017820869162e-01	1.476221327585219290e-01	2.666226550473246304e-01	1.604093060128295722e-01	7.618478902314909651e-02	3.218145304005919777e-02	8.090416233595421058e-02
1.320711268327892412e+03	2.357863545747461709e-01	1.474272596807937041e-01	2.668263445168866932e-01	1.605290227542395531e-01	7.623552595399947507e-02	3.221550682240893054e-02	8.097998569685105341e-02
1.323130153434719887e+03	2.354980222247854971e-01	1.472329359644861391e-01	2.670294390413335828e-01	1.606483899809754146e-01	7.628612383717661705e-02	3.224948537428817125e-02	8.105560357688013084e-02
1.325549038541547588e+03	2.352105024313327353e-01	1.470391600574161572e-01	2.672319403109444380e-01	1.607674088090597919e-01	7.633658306470832156e-02	3.228338879347859153e-02	8.113101653298562810e-02
1.327967923648375290e+03	2.349237929000374536e-01	1.468459304118049646e-01	2.674338500112187766e-01	1.608860803505073045e-01	7.638690402750404618e-02	3.231721717817677419e-02	8.120622512067637855e-02
1.330386808755202765e+03	2.346378913430523516e-01	1.466532454842656708e-01	2.676351698228902620e-01	1.610044057133416529e-01	7.643708711535809885e-02	3.235097062698880782e-02	8.128122989402890297e-02
1.332805693862030694e+03	2.343527954790146917e-01	1.464611037357905488e-01	2.678359014219401368e-01	1.611223860016122167e-01	7.648713271695281590e-02	3.238464923892497849e-02	8.135603140569043490e-02
1.335224578968857941e+03	2.340685030330275362e-01	1.462695036317386565e-01	2.680360464796105457e-01	1.612400223154107637e-01	7.653704121986182329e-02	3.241825311339448928e-02	8.143063020688201537e-02
1.337643464075685870e+03	2.337850117366415403e-01	1.460784436418233190e-01	2.682356066624180801e-01	1.613573157508879918e-01	7.658681301055314528e-02	3.245178235020018676e-02	8.150502684740155990e-02
1.340062349182513572e+03	2.335023193278362996e-01	1.458879222400995823e-01	2.684345836321673229e-01	1.614742674002700162e-01	7.663644847439239627e-02	3.248523704953339836e-02	8.157922187562685612e-02
1.342481234289341273e+03	2.332204235510020041e-01	1.456979379049519741e-01	2.686329790459638378e-01	1.615908783518748004e-01	7.668594799564594500e-02	3.251861731196868666e-02	8.165321583851868625e-02
1.344900119396168748e+03	2.329393221569211747e-01	1.455084891190820129e-01	2.688307945562276591e-01	1.617071496901284211e-01	7.673531195748407863e-02	3.255192323845879088e-02	8.172700928162383860e-02
1.347319004502996449e+03	2.326590129027502896e-01	1.453195743694958297e-01	2.690280318107066693e-01	1.618230824955814440e-01	7.678454074198411139e-02	3.258515493032949212e-02	8.180060274907816065e-02
1.349737889609823924e+03	2.323794935520016036e-01	1.451311921474920386e-01	2.692246924524897000e-01	1.619386778449249664e-01	7.683363473013357647e-02	3.261831248927457572e-02	8.187399678360962607e-02
1.352156774716651853e+03	2.321007618745250245e-01	1.449433409486492186e-01	2.694207781200196883e-01	1.620539368110067158e-01	7.688259430183330689e-02	3.265139601735082137e-02	8.194719192654137396e-02
1.354575659823479100e+03	2.318228156464898770e-01	1.447560192728139516e-01	2.696162904471069433e-01	1.621688604628471198e-01	7.693141983590055799e-02	3.268440561697300711e-02	8.202018871779476195e-02
1.356994544930307029e+03	2.315456526503669454e-01	1.445692256240883877e-01	2.698112310629423027e-01	1.622834498656551550e-01	7.698011171007212994e-02	3.271734139090898968e-02	8.209298769589239153e-02
1.359413430037134731e+03	2.312692706749103211e-01	1.443829585108181712e-01	2.700056015921100117e-01	1.623977060808443063e-01	7.702867030100747636e-02	3.275020344227479174e-02	8.216558939796117511e-02
1.361832315143962205e+03	2.309936675151397500e-01	1.441972164455803673e-01	2.701994036546010447e-01	1.625116301660482487e-01	7.707709598429175746e-02	3.278299187452973773e-02	8.223799435973537519e-02
1.364251200250789907e+03	2.307188409723223144e-01	1.440119979451712495e-01	2.703926388658258739e-01	1.626252231751365851e-01	7.712538913443897637e-02	3.281570679147165215e-02	8.231020311555964364e-02
1.366670085357617609e+03	2.304447888539548628e-01	1.438273015305943092e-01	2.705853088366276249e-01	1.627384861582304443e-01	7.717355012489500454e-02	3.284834829723203009e-02	8.238221619839207477e-02
1.369088970464445310e+03	2.301715089737461639e-01	1.436431257270482931e-01	2.707774151732947887e-01	1.628514201617179691e-01	7.722157932804066260e-02	3.288091649627131879e-02	8.245403413980721685e-02
1.371507855571272785e+03	2.298989991515991149e-01	1.434594690639149905e-01	2.709689594775742671e-01	1.629640262282699426e-01	7.726947711519482898e-02	3.291341149337417143e-02	8.252565746999909746e-02
1.373926740678100487e+03	2.296272572135930057e-01	1.432763300747475765e-01	2.711599433466843068e-01	1.630763053968550258e-01	7.731724385661739585e-02	3.294583339364479807e-02	8.259708671778434597e-02
1.376345625784927961e+03	2.293562809919659218e-01	1.430937072972583990e-01	2.713503683733272664e-01	1.631882587027551068e-01	7.736487992151237780e-02	3.297818230250230270e-02	8.266832241060509401e-02
1.378764510891755890e+03	2.290860683250972030e-01	1.429115992733073215e-01	2.715402361457022185e-01	1.632998871775806216e-01	7.741238567803092330e-02	3.301045832567606891e-02	8.273936507453208411e-02
1.381183395998583137e+03	2.288166170574898461e-01	1.427300045488897606e-01	2.717295482475179935e-01	1.634111918492856252e-01	7.745976149327431226e-02	3.304266156920122183e-02	8.281021523426770892e-02
1.383602281105411066e+03	2.285479250397530193e-01	1.425489216741247789e-01	2.719183062580056154e-01	1.635221737421829191e-01	7.750700773329703697e-02	3.307479213941403456e-02	8.288087341314900880e-02
1.386021166212238768e+03	2.282799901285845479e-01	1.423683492032434827e-01	2.721065117519314014e-01	1.636328338769590940e-01	7.755412476310970249e-02	3.310685014294748735e-02	8.295134013315072496e-02
1.388440051319066470e+03	2.280128101867537060e-01	1.421882856945771156e-01	2.722941662996090084e-01	1.637431732706894350e-01	7.760111294668214921e-02	3.313883568672675722e-02	8.302161591488824155e-02
1.390858936425893944e+03	2.277463830830837588e-01	1.420087297105454560e-01	2.724812714669125335e-01	1.638531929368528262e-01	7.764797264694633938e-02	3.317074887796479105e-02	8.309170127762072200e-02
1.393277821532721646e+03	2.274807066924346699e-01	1.418296798176450213e-01	2.726678288152888374e-01	1.639628938853465168e-01	7.769470422579941027e-02	3.320258982415793397e-02	8.316159673925403728e-02
1.395696706639549120e+03	2.272157788956859215e-01	1.416511345864375215e-01	2.728538399017702565e-01	1.640722771225009147e-01	7.774130804410657458e-02	3.323435863308153021e-02	8.323130281634380512e-02
1.398115591746377049e+03	2.269515975797192220e-01	1.414730925915381465e-01	2.730393062789868153e-01	1.641813436510941859e-01	7.778778446170414584e-02	3.326605541278560008e-02	8.330082002409842923e-02
1.400534476853204296e+03	2.266881606374016034e-01	1.412955524116040196e-01	2.732242294951789385e-01	1.642900944703668542e-01	7.783413383740245273e-02	3.329768027159057259e-02	8.337014887638209693e-02
1.402953361960032225e+03	2.264254659675680181e-01	1.411185126293226788e-01	2.734086110942099412e-01	1.643985305760362892e-01	7.788035652898883665e-02	3.332923331808299028e-02	8.343928988571777672e-02
1.405372247066859927e+03	2.261635114750045750e-01	1.409419718314005310e-01	2.735924526155780745e-01	1.645066529603112504e-01	7.792645289323052449e-02	3.336071466111128342e-02	8.350824356329021592e-02
1.407791132173687402e+03	2.259022950704314137e-01	1.407659286085513051e-01	2.737757555944294041e-01	1.646144626119061816e-01	7.797242328587762616e-02	3.339212440978157892e-02	8.357701041894895211e-02
1.410210017280515103e+03	2.256418146704858574e-01	1.405903815554847558e-01	2.739585215615694680e-01	1.647219605160555045e-01	7.801826806166597961e-02	3.342346267345355088e-02	8.364559096121136628e-02
1.412628902387342805e+03	2.253820681977053986e-01	1.404153292708950618e-01	2.741407520434761547e-01	1.648291476545279133e-01	7.806398757432012059e-02	3.345472956173625723e-02	8.371398569726561101e-02
1.415047787494170507e+03	2.251230535805109345e-01	1.402407703574495845e-01	2.743224485623116937e-01	1.649360250056405297e-01	7.810958217655616931e-02	3.348592518448405969e-02	8.378219513297359422e-02
1.417466672600997981e+03	2.248647687531900308e-01	1.400667034217773776e-01	2.745036126359348128e-01	1.650425935442729475e-01	7.815505222008477249e-02	3.351704965179255064e-02	8.385021977287406003e-02
1.419885557707825683e+03	2.246072116558801846e-01	1.398931270744580013e-01	2.746842457779130608e-01	1.651488542418813876e-01	7.820039805561390667e-02	3.354810307399452851e-02	8.391806012018553085e-02
1.422304442814653157e+03	2.243503802345519771e-01	1.397200399300101703e-01	2.748643494975348545e-01	1.652548080665124930e-01	7.824562003285182032e-02	3.357908556165599412e-02	8.398571667680923558e-02
1.424723327921481086e+03	2.240942724409926423e-01	1.395474406068805129e-01	2.750439252998218009e-01	1.653604559828174003e-01	7.829071850050987880e-02	3.360999722557213992e-02	8.405318994333221827e-02
1.427142213028308333e+03	2.238388862327892748e-01	1.393753277274323021e-01	2.752229746855404113e-01	1.654657989520654238e-01	7.833569380630546475e-02	3.364083817676347121e-02	8.412048041903022466e-02
1.429561098135136262e+03	2.235842195733124815e-01	1.392036999179343260e-01	2.754014991512144794e-01	1.655708379321579327e-01	7.838054629696479536e-02	3.367160852647185093e-02	8.418758860187068593e-02
1.431979983241963964e+03	2.233302704316997012e-01	1.390325558085497015e-01	2.755795001891369611e-01	1.656755738776420073e-01	7.842527631822578116e-02	3.370230838615663471e-02	8.425451498851577181e-02
1.434398868348791666e+03	2.230770367828389111e-01	1.388618940333247731e-01	2.757569792873818537e-01	1.657800077397240668e-01	7.846988421484085707e-02	3.373293786749081979e-02	8.432126007432529102e-02
1.436817753455619140e+03	2.228245166073520855e-01	1.386917132301780098e-01	2.759339379298163530e-01	1.658841404662833863e-01	7.851437033057985515e-02	3.376349708235724251e-02	8.438782435335966114e-02
1.439236638562446842e+03	2.225727078915790136e-01	1.385220120408888755e-01	2.761103775961125106e-01	1.659879730018857524e-01	7.855873500823279398e-02	3.379398614284477576e-02	8.445420831838294784e-02
1.441655523669274316e+03	2.223216086275607850e-01	1.383527891110868935e-01	2.762862997617593352e-01	1.660915062877966752e-01	7.860297858961268203e-02	3.382440516124456120e-02	8.452041246086573756e-02
1.444074408776102018e+03	2.220712168130237196e-01	1.381840430902405992e-01	2.764617058980745057e-01	1.661947412619949882e-01	7.864710141555836254e-02	3.385475425004631084e-02	8.458643727098816290e-02
1.446493293882929493e+03	2.218215304513631025e-01	1.380157726316466327e-01	2.766365974722162502e-01	1.662976788591860045e-01	7.869110382593728914e-02	3.388503352193458773e-02	8.465228323764284468e-02
1.448912178989757422e+03	2.215725475516269194e-01	1.378479763924186641e-01	2.768109759471949483e-01	1.664003200108148950e-01	7.873498615964832914e-02	3.391524308978514923e-02	8.471795084843783408e-02
1.451331064096585123e+03	2.213242661284998691e-01	1.376806530334766798e-01	2.769848427818851211e-01	1.665026656450796783e-01	7.877874875462449744e-02	3.394538306666129712e-02	8.478344058969958241e-02
1.453749949203412370e+03	2.210766842022872103e-01	1.375138012195359638e-01	2.771581994310370334e-01	1.666047166869445706e-01	7.882239194783585701e-02	3.397545356581026937e-02	8.484875294647589716e-02
1.456168834310240300e+03	2.208297997988987738e-01	1.373474196190963559e-01	2.773310473452881841e-01	1.667064740581528648e-01	7.886591607529215564e-02	3.400545470065966663e-02	8.491388840253884240e-02
1.458587719417068001e+03	2.205836109498330311e-01	1.371815069044313162e-01	2.775033879711752416e-01	1.668079386772399753e-01	7.890932147204562930e-02	3.403538658481388562e-02	8.497884744038772253e-02
1.461006604523895703e+03	2.203381156921611073e-01	1.370160617515773227e-01	2.776752227511454230e-01	1.669091114595464553e-01	7.895260847219377764e-02	3.406524933205063582e-02	8.504363054125205212e-02
1.463425489630723177e+03	2.200933120685108491e-01	1.368510828403229629e-01	2.778465531235683184e-01	1.670099933172307372e-01	7.899577740888209798e-02	3.409504305631737286e-02	8.510823818509441474e-02
1.465844374737550879e+03	2.198491981270510875e-01	1.366865688541983315e-01	2.780173805227471040e-01	1.671105851592820657e-01	7.903882861430681916e-02	3.412476787172788462e-02	8.517267085061343279e-02
1.468263259844378354e+03	2.196057719214758175e-01	1.365225184804642611e-01	2.781877063789303106e-01	1.672108878915331831e-01	7.908176241971759390e-02	3.415442389255884947e-02	8.523692901524669574e-02
1.470682144951206283e+03	2.193630315109883766e-01	1.363589304101017752e-01	2.783575321183232032e-01	1.673109024166729852e-01	7.912457915542030207e-02	3.418401123324640856e-02	8.530101315517371607e-02
1.473101030058033530e+03	2.191209749602858747e-01	1.361958033378013189e-01	2.785268591630992163e-01	1.674106296342592060e-01	7.916727915077967359e-02	3.421353000838277952e-02	8.536492374531880201e-02
1.475519915164861459e+03	2.188796003395433731e-01	1.360331359619523228e-01	2.786956889314111674e-01	1.675100704407310181e-01	7.920986273422205015e-02	3.424298033271290509e-02	8.542866125935401345e-02
1.477938800271689161e+03	2.186389057243985079e-01	1.358709269846325174e-01	2.788640228374031360e-01	1.676092257294214405e-01	7.925233023323809134e-02	3.427236232113112235e-02	8.549222616970206245e-02
1.480357685378516862e+03	2.183988891959356693e-01	1.357091751115974965e-01	2.790318622912213997e-01	1.677080963905698829e-01	7.929468197438539756e-02	3.430167608867787377e-02	8.555561894753921370e-02
1.482776570485344337e+03	2.181595488406706529e-01	1.355478790522701704e-01	2.791992086990257582e-01	1.678066833113345258e-01	7.933691828329124396e-02	3.433092175053640421e-02	8.561884006279821269e-02
