1.301360187473271253e+03	2.377025547952405504e-01	1.490933152858342214e-01	2.612165472216452788e-01	1.613268238183417636e-01	7.673455277708257638e-02	3.208437437918330859e-02	8.184183172259407169e-02
1.306197957686926657e+03	2.371151642117262925e-01	1.486953435777177424e-01	2.616037932381851672e-01	1.615850930145895092e-01	7.684349545196555997e-02	3.215529237707989013e-02	8.200181812865760256e-02
1.311035727900581833e+03	2.365310824300691783e-01	1.482996146706420659e-01	2.619886971147954435e-01	1.618418967412048604e-01	7.695185256495966353e-02	3.222591803925439063e-02	8.216093843899610616e-02
1.315873498114237009e+03	2.359502907622990642e-01	1.479061158880983218e-01	2.623712735466209311e-01	1.620972434200994572e-01	7.705962717705377996e-02	3.229625195909249791e-02	8.231919724665759386e-02
1.320711268327892412e+03	2.353727706264910902e-01	1.475148346255679144e-01	2.627515371327724392e-01	1.623511414229275862e-01	7.716682233381157163e-02	3.236629473718964645e-02	8.247659912116134251e-02
1.325549038541547588e+03	2.347985035461574166e-01	1.471257583501115462e-01	2.631295023769672503e-01	1.626035990714298496e-01	7.727344106544965785e-02	3.243604698120180346e-02	8.263314860860397626e-02
1.330386808755202765e+03	2.342274711496429018e-01	1.467388745999605448e-01	2.635051836881658893e-01	1.628546246377732265e-01	7.737948638691509451e-02	3.250550930569828800e-02	8.278885023176549285e-02
1.335224578968857941e+03	2.336596551695241109e-01	1.463541709841103267e-01	2.638785953812050611e-01	1.631042263448876095e-01	7.748496129796235421e-02	3.257468233201652602e-02	8.294370849021540093e-02
1.340062349182513572e+03	2.330950374420122373e-01	1.459716351819163038e-01	2.642497516774263699e-01	1.633524123667989270e-01	7.758986878322983449e-02	3.264356668811881079e-02	8.309772786041884352e-02
1.344900119396168748e+03	2.325335999063593007e-01	1.455912549426920388e-01	2.646186667053018748e-01	1.635991908289586849e-01	7.769421181231568607e-02	3.271216300845097152e-02	8.325091279584272141e-02
1.349737889609823924e+03	2.319753246042681460e-01	1.452130180853095365e-01	2.649853545010553701e-01	1.638445698085702895e-01	7.779799333985323861e-02	3.278047193380295016e-02	8.340326772706180281e-02
1.354575659823479100e+03	2.314201936793055803e-01	1.448369124978018119e-01	2.653498290092798362e-01	1.640885573349120941e-01	7.790121630558589916e-02	3.284849411117126555e-02	8.355479706186479116e-02
1.359413430037134731e+03	2.308681893763195048e-01	1.444629261369679285e-01	2.657121040835514481e-01	1.643311613896571710e-01	7.800388363444152318e-02	3.291623019362338587e-02	8.370550518536028217e-02
1.364251200250789907e+03	2.303192940408590461e-01	1.440910470279798405e-01	2.660721934870394212e-01	1.645723899071900864e-01	7.810599823660625829e-02	3.298368084016388424e-02	8.385539646008273451e-02
1.369088970464445310e+03	2.297734901185984058e-01	1.437212632639918442e-01	2.664301108931120265e-01	1.648122507749203991e-01	7.820756300759794388e-02	3.305084671560242632e-02	8.400447522609813533e-02
1.373926740678100487e+03	2.292307601547639018e-01	1.433535630057520827e-01	2.667858698859394972e-01	1.650507518335931900e-01	7.830858082833908052e-02	3.311772849042357580e-02	8.415274580110979064e-02
1.378764510891755890e+03	2.286910867935646463e-01	1.429879344812162167e-01	2.671394839610920502e-01	1.652879008775968439e-01	7.840905456522921646e-02	3.318432684065839022e-02	8.430021248056375482e-02
1.383602281105411066e+03	2.281544527776262488e-01	1.426243659851633983e-01	2.674909665261351321e-01	1.655237056552675556e-01	7.850898707021694567e-02	3.325064244775766120e-02	8.444687953775424638e-02
1.388440051319066470e+03	2.276208409474281269e-01	1.422628458788142702e-01	2.678403309012203359e-01	1.657581738691911721e-01	7.860838118087139226e-02	3.331667599846704214e-02	8.459275122392881374e-02
1.393277821532721646e+03	2.270902342407441210e-01	1.419033625894513539e-01	2.681875903196728195e-01	1.659913131765023975e-01	7.870723972045334804e-02	3.338242818470376488e-02	8.473783176839334852e-02
1.398115591746377049e+03	2.265626156920860779e-01	1.415459046100414342e-01	2.685327579285748945e-01	1.662231311891809171e-01	7.880556549798582722e-02	3.344789970343508417e-02	8.488212537861690443e-02
1.402953361960032225e+03	2.260379684321511262e-01	1.411904604988601653e-01	2.688758467893459514e-01	1.664536354743450242e-01	7.890336130832430184e-02	3.351309125655840826e-02	8.502563624033621092e-02
1.407791132173687402e+03	2.255162756872718388e-01	1.408370188791187860e-01	2.692168698783184433e-01	1.666828335545425255e-01	7.900062993222646546e-02	3.357800355078302545e-02	8.516836851766007577e-02
1.412628902387342805e+03	2.249975207788698639e-01	1.404855684385930836e-01	2.695558400873105387e-01	1.669107329080390389e-01	7.909737413642152493e-02	3.364263729751351684e-02	8.531032635317352397e-02
1.417466672600997981e+03	2.244816871229125543e-01	1.401360979292543552e-01	2.698927702241948334e-01	1.671373409691037648e-01	7.919359667367915911e-02	3.370699321273472326e-02	8.545151386804158977e-02
1.422304442814653157e+03	2.239687582293729551e-01	1.397885961669024235e-01	2.702276730134635097e-01	1.673626651282927591e-01	7.928930028287801968e-02	3.377107201689833610e-02	8.559193516211299757e-02
1.427142213028308333e+03	2.234587177016927606e-01	1.394430520308009847e-01	2.705605610967894425e-01	1.675867127327295703e-01	7.938448768907380160e-02	3.383487443481102142e-02	8.573159431402339881e-02
1.431979983241963964e+03	2.229515492362484363e-01	1.390994544633148977e-01	2.708914470335843649e-01	1.678094910863836553e-01	7.947916160356699455e-02	3.389840119552411934e-02	8.587049538129848392e-02
1.436817753455619140e+03	2.224472366218206709e-01	1.387577924695495568e-01	2.712203433015528686e-01	1.680310074503461315e-01	7.957332472397012080e-02	3.396165303222484916e-02	8.600864240045670572e-02
1.441655523669274316e+03	2.219457637390666316e-01	1.384180551169922613e-01	2.715472622972427974e-01	1.682512690431036129e-01	7.966697973427472323e-02	3.402463068212904784e-02	8.614603938711172526e-02
1.446493293882929493e+03	2.214471145599954949e-01	1.380802315351560006e-01	2.718722163365923650e-01	1.684702830408091878e-01	7.976012930491782615e-02	3.408733488637537973e-02	8.628269033607456617e-02
1.451331064096585123e+03	2.209512731474467806e-01	1.377443109152247103e-01	2.721952176554732761e-01	1.686880565775514818e-01	7.985277609284813227e-02	3.414976638992102409e-02	8.641859922145539441e-02
1.456168834310240300e+03	2.204582236545720442e-01	1.374102825097010816e-01	2.725162784102305724e-01	1.689045967456213604e-01	7.994492274159177569e-02	3.421192594143879911e-02	8.655376999676511751e-02
1.461006604523895703e+03	2.199679503243193446e-01	1.370781356320562028e-01	2.728354106782188149e-01	1.691199105957763849e-01	8.003657188131774181e-02	3.427381429321577078e-02	8.668820659501642878e-02
1.465844374737550879e+03	2.194804374889208209e-01	1.367478596563810878e-01	2.731526264583347685e-01	1.693340051375031852e-01	8.012772612890285695e-02	3.433543220105324256e-02	8.682191292882472655e-02
1.470682144951206283e+03	2.189956695693831834e-01	1.364194440170404810e-01	2.734679376715461463e-01	1.695468873392775855e-01	8.021838808799655607e-02	3.439678042416814685e-02	8.695489289050857551e-02
1.475519915164861459e+03	2.185136310749810351e-01	1.360928782083283550e-01	2.737813561614177993e-01	1.697585641288227032e-01	8.030856034908508134e-02	3.445785972509582407e-02	8.708715035218983491e-02
1.480357685378516862e+03	2.180343066027534971e-01	1.357681517841257679e-01	2.740928936946332439e-01	1.699690423933648553e-01	8.039824548955559758e-02	3.451867086959417574e-02	8.721868916589345377e-02
1.485195455592172038e+03	2.175576808370033866e-01	1.354452543575602186e-01	2.744025619615137468e-01	1.701783289798875498e-01	8.048744607375969695e-02	3.457921462654916372e-02	8.734951316364686358e-02
1.490033225805827215e+03	2.170837385487994486e-01	1.351241756006673900e-01	2.747103725765330240e-01	1.703864306953833396e-01	8.057616465307669562e-02	3.463949176788164164e-02	8.747962615757907956e-02
1.494870996019482618e+03	2.166124645954814742e-01	1.348049052440546680e-01	2.750163370788292205e-01	1.705933543071037617e-01	8.066440376597659723e-02	3.469950306845550475e-02	8.760903194001935790e-02
1.499708766233137567e+03	2.161438439201682493e-01	1.344874330765665482e-01	2.753204669327132814e-01	1.707991065428071942e-01	8.075216593808268173e-02	3.475924930598714435e-02	8.773773428359550597e-02
1.504546536446793198e+03	2.156778615512683073e-01	1.341717489449519296e-01	2.756227735281735480e-01	1.710036940910049652e-01	8.083945368223371952e-02	3.481873126095619275e-02	8.786573694133185952e-02
1.509384306660448374e+03	2.152145026019937069e-01	1.338578427535337123e-01	2.759232681813773569e-01	1.712071236012054354e-01	8.092626949854599128e-02	3.487794971651749648e-02	8.799304364674677414e-02
1.514222076874103550e+03	2.147537522698763357e-01	1.335457044638796997e-01	2.762219621351693077e-01	1.714094016841560819e-01	8.101261587447484980e-02	3.493690545841440093e-02	8.811965811394982528e-02
1.519059847087758726e+03	2.142955958362872670e-01	1.332353240944758599e-01	2.765188665595655348e-01	1.716105349120840007e-01	8.109849528487597659e-02	3.499559927489324235e-02	8.824558403773859194e-02
1.523897617301414357e+03	2.138400186659587532e-01	1.329266917204013632e-01	2.768139925522455913e-01	1.718105298189342156e-01	8.118391019206640247e-02	3.505403195661906807e-02	8.837082509369503791e-02
1.528735387515069533e+03	2.133870062065089113e-01	1.326197974730053408e-01	2.771073511390403366e-01	1.720093929006065447e-01	8.126886304588512577e-02	3.511220429659255016e-02	8.849538493828154606e-02
1.533573157728724709e+03	2.129365439879693511e-01	1.323146315395856698e-01	2.773989532744167708e-01	1.722071306151904124e-01	8.135335628375348072e-02	3.517011709006812037e-02	8.861926720893646692e-02
1.538410927942380113e+03	2.124886176223154122e-01	1.320111841630696170e-01	2.776888098419594275e-01	1.724037493831980516e-01	8.143739233073511719e-02	3.522777113447326386e-02	8.874247552416934803e-02
1.543248698156035516e+03	2.120432128029991203e-01	1.317094456416961767e-01	2.779769316548485469e-01	1.725992555877958190e-01	8.152097359959574463e-02	3.528516722932897864e-02	8.886501348365574704e-02
1.548086468369690692e+03	2.116003153044848928e-01	1.314094063287003511e-01	2.782633294563353066e-01	1.727936555750339276e-01	8.160410249086255674e-02	3.534230617617138692e-02	8.898688466833161448e-02
1.552924238583346096e+03	2.111599109817878239e-01	1.311110566319992898e-01	2.785480139202134442e-01	1.729869556540744036e-01	8.168678139288335083e-02	3.539918877847449824e-02	8.910809264048727418e-02
1.557762008797001272e+03	2.107219857700146637e-01	1.308143870138801235e-01	2.788309956512874943e-01	1.731791620974173218e-01	8.176901268188530025e-02	3.545581584157403432e-02	8.922864094386105671e-02
1.562599779010656675e+03	2.102865256839075436e-01	1.305193879906897392e-01	2.791122851858386933e-01	1.733702811411255429e-01	8.185079872203357421e-02	3.551218817259244737e-02	8.934853310373248869e-02
1.567437549224311852e+03	2.098535168173902010e-01	1.302260501325261388e-01	2.793918929920865546e-01	1.735603189850476180e-01	8.193214186548943012e-02	3.556830658036497228e-02	8.946777262701503808e-02
1.572275319437967255e+03	2.094229453431168952e-01	1.299343640629318231e-01	2.796698294706485011e-01	1.737492817930391953e-01	8.201304445246827834e-02	3.562417187536678215e-02	8.958636300234848471e-02
1.577113089651622431e+03	2.089947975120239332e-01	1.296443204585887576e-01	2.799461049549950564e-01	1.739371756931827606e-01	8.209350881129727495e-02	3.567978486964119844e-02	8.970430770019091615e-02
1.581950859865277607e+03	2.085690596528836926e-01	1.293559100490151992e-01	2.802207297119032048e-01	1.741240067780058520e-01	8.217353725847265089e-02	3.573514637672897676e-02	8.982161017291023786e-02
1.586788630078933011e+03	2.081457181718613381e-01	1.290691236162641864e-01	2.804937139419057535e-01	1.743097811046977197e-01	8.225313209871690234e-02	3.579025721159858481e-02	8.993827385487535020e-02
1.591626400292587959e+03	2.077247595520739232e-01	1.287839519946238631e-01	2.807650677797378092e-01	1.744945046953242929e-01	8.233229562503549537e-02	3.584511819057757676e-02	9.005430216254682596e-02
1.596464170506243590e+03	2.073061703531522415e-01	1.285003860703195222e-01	2.810348012947805341e-01	1.746781835370418146e-01	8.241103011877341789e-02	3.589973013128493207e-02	9.016969849456729635e-02
1.601301940719898766e+03	2.068899372108050916e-01	1.282184167812172315e-01	2.813029244915015159e-01	1.748608235823088108e-01	8.248933784967145411e-02	3.595409385256441437e-02	9.028446623185129583e-02
1.606139710933553943e+03	2.064760468363858459e-01	1.279380351165293472e-01	2.815694473098920292e-01	1.750424307490967279e-01	8.256722107592213977e-02	3.600821017441892258e-02	9.039860873767480154e-02
1.610977481147209119e+03	2.060644860164620173e-01	1.276592321165216093e-01	2.818343796259017431e-01	1.752230109210988485e-01	8.264468204422548148e-02	3.606207991794582041e-02	9.051212935776428714e-02
1.615815251360864750e+03	2.056552416123867966e-01	1.273819988722220686e-01	2.820977312518700431e-01	1.754025699479379585e-01	8.272172298984435679e-02	3.611570390527323038e-02	9.062503142038537407e-02
1.620653021574519926e+03	2.052483005598733923e-01	1.271063265251314023e-01	2.823595119369543549e-01	1.755811136453725163e-01	8.279834613665972010e-02	3.616908295949725766e-02	9.073731823643113592e-02
1.625490791788175102e+03	2.048436498685715090e-01	1.268322062669351713e-01	2.826197313675560818e-01	1.757586477955012938e-01	8.287455369722548926e-02	3.622221790462022695e-02	9.084899309950993096e-02
1.630328562001830505e+03	2.044412766216466837e-01	1.265596293392177163e-01	2.828783991677428222e-01	1.759351781469667142e-01	8.295034787282318245e-02	3.627510956548973819e-02	9.096005928603281832e-02
1.635166332215485909e+03	2.040411679753615926e-01	1.262885870331775795e-01	2.831355248996680896e-01	1.761107104151567182e-01	8.302573085351633297e-02	3.632775876773876311e-02	9.107052005530061334e-02
1.640004102429141085e+03	2.036433111586601064e-01	1.260190706893445922e-01	2.833911180639882010e-01	1.762852502824052703e-01	8.310070481820454324e-02	3.638016633772657438e-02	9.118037864959044336e-02
1.644841872642796488e+03	2.032476934727535101e-01	1.257510716972986553e-01	2.836451881002761133e-01	1.764588033981914217e-01	8.317527193467738611e-02	3.643233310248056300e-02	9.128963829424203980e-02
1.649679642856451665e+03	2.028543022907093041e-01	1.254845814953901295e-01	2.838977443874326489e-01	1.766313753793371522e-01	8.324943435966801475e-02	3.648425988963902716e-02	9.139830219774347508e-02
1.654517413070107068e+03	2.024631250570421426e-01	1.252195915704617524e-01	2.841487962440942816e-01	1.768029718102037684e-01	8.332319423890652277e-02	3.653594752739470347e-02	9.150637355181655275e-02
1.659355183283762244e+03	2.020741492873073530e-01	1.249560934575723037e-01	2.843983529290389778e-01	1.769735982428869425e-01	8.339655370717301286e-02	3.658739684443929052e-02	9.161385553150183658e-02
1.664192953497417420e+03	2.016873625676965653e-01	1.246940787397217282e-01	2.846464236415885418e-01	1.771432601974105014e-01	8.346951488835045729e-02	3.663860866990874265e-02	9.172075129524315251e-02
1.669030723711072824e+03	2.013027525546359220e-01	1.244335390475778819e-01	2.848930175220084626e-01	1.773119631619188008e-01	8.354207989547732249e-02	3.668958383332943801e-02	9.182706398497181288e-02
1.673868493924728000e+03	2.009203069743863146e-01	1.241744660592049021e-01	2.851381436519048740e-01	1.774797125928680164e-01	8.361425083079991605e-02	3.674032316456518621e-02	9.193279672619036891e-02
1.678706264138383403e+03	2.005400136226462016e-01	1.239168514997930626e-01	2.853818110546190168e-01	1.776465139152158534e-01	8.368602978582447005e-02	3.679082749376502010e-02	9.203795262805598842e-02
1.683544034352038352e+03	2.001618603641564242e-01	1.236606871413902936e-01	2.856240286956184815e-01	1.778123725226102014e-01	8.375741884136903015e-02	3.684109765131184794e-02	9.214253478346336179e-02
1.688381804565693983e+03	1.997858351323074932e-01	1.234059648026351319e-01	2.858648054828862306e-01	1.779772937775765118e-01	8.382842006761509479e-02	3.689113446777185501e-02	9.224654626912734412e-02
1.693219574779349159e+03	1.994119259287490953e-01	1.231526763484912107e-01	2.861041502673067338e-01	1.781412830117038160e-01	8.389903552415897692e-02	3.694093877384473784e-02	9.234999014566501463e-02
1.698057344993004335e+03	1.990401208230018482e-01	1.229008136899834291e-01	2.863420718430494394e-01	1.783043455258296883e-01	8.396926726006295749e-02	3.699051140031473645e-02	9.245286945767750009e-02
1.702895115206659511e+03	1.986704079520711097e-01	1.226503687839354401e-01	2.865785789479495249e-01	1.784664865902236830e-01	8.403911731390616147e-02	3.703985317800233962e-02	9.255518723383134028e-02
1.707732885420315142e+03	1.983027755200632847e-01	1.224013336327088169e-01	2.868136802638860394e-01	1.786277114447698544e-01	8.410858771383529497e-02	3.708896493771689229e-02	9.265694648693940938e-02
1.712570655633970318e+03	1.979372117978041579e-01	1.221537002839436364e-01	2.870473844171573807e-01	1.787880252991480012e-01	8.417768047761502170e-02	3.713784751020982738e-02	9.275815021404150429e-02
1.717408425847625494e+03	1.975737051224594476e-01	1.219074608303004764e-01	2.872796999788544414e-01	1.789474333330136058e-01	8.424639761267820048e-02	3.718650172612873034e-02	9.285880139648454434e-02
1.722246196061280898e+03	1.972122438971575797e-01	1.216626074092041487e-01	2.875106354652307017e-01	1.791059406961766909e-01	8.431474111617584533e-02	3.723492841597209058e-02	9.295890300000234086e-02
1.727083966274936301e+03	1.968528165906145155e-01	1.214191322025886116e-01	2.877401993380701573e-01	1.792635525087794557e-01	8.438271297502687729e-02	3.728312841004478850e-02	9.305845797479497805e-02
1.731921736488591478e+03	1.964954117367609387e-01	1.211770274366435057e-01	2.879684000050523607e-01	1.794202738614728287e-01	8.445031516596761267e-02	3.733110253841430415e-02	9.315746925560779157e-02
1.736759506702246881e+03	1.961400179343713301e-01	1.209362853815622446e-01	2.881952458201152423e-01	1.795761098155917446e-01	8.451754965560108468e-02	3.737885163086762663e-02	9.325593976181002775e-02
1.741597276915902057e+03	1.957866238466953734e-01	1.206968983512912708e-01	2.884207450838152664e-01	1.797310654033293931e-01	8.458441840044605975e-02	3.742637651686887140e-02	9.335387239747305888e-02
1.746435047129557461e+03	1.954352182010913874e-01	1.204588587032810743e-01	2.886449060436848124e-01	1.798851456279103034e-01	8.465092334698592902e-02	3.747367802551756361e-02	9.345127005144822363e-02
1.751272817343212637e+03	1.950857897886618952e-01	1.202221588382383355e-01	2.888677368945876678e-01	1.800383554637622618e-01	8.471706643171725282e-02	3.752075698550762922e-02	9.354813559744425133e-02
1.756110587556867813e+03	1.947383274638911088e-01	1.199867911998797748e-01	2.890892457790716907e-01	1.801906998566870921e-01	8.478284958119819414e-02	3.756761422508703846e-02	9.364447189410440853e-02
1.760948357770523216e+03	1.943928201442848558e-01	1.197527482746872513e-01	2.893094407877187524e-01	1.803421837240305470e-01	8.484827471209667460e-02	3.761425057201812222e-02	9.374028178508313214e-02
1.765786127984178393e+03	1.940492568100122828e-01	1.195200225916642767e-01	2.895283299594927917e-01	1.804928119548507848e-01	8.491334373123828050e-02	3.766066685353854776e-02	9.383556809912234342e-02
1.770623898197833569e+03	1.937076265035495848e-01	1.192886067220940011e-01	2.897459212820852059e-01	1.806425894100860685e-01	8.497805853565408574e-02	3.770686389632291191e-02	9.393033365012742886e-02
1.775461668411488745e+03	1.933679183293260384e-01	1.190584932792985301e-01	2.899622226922576318e-01	1.807915209227211328e-01	8.504242101262804443e-02	3.775284252644502819e-02	9.402458123724279082e-02
1.780299438625144376e+03	1.930301214533718113e-01	1.188296749183996720e-01	2.901772420761828952e-01	1.809396112979526350e-01	8.510643303974439744e-02	3.779860356934076904e-02	9.411831364492702356e-02
1.785137208838799552e+03	1.926942251029678810e-01	1.186021443360809752e-01	2.903909872697827965e-01	1.810868653133535233e-01	8.517009648493463481e-02	3.784414784977162272e-02	9.421153364302771449e-02
1.789974979052454728e+03	1.923602185662981467e-01	1.183758942703512645e-01	2.906034660590642860e-01	1.812332877190363511e-01	8.523341320652445818e-02	3.788947619178875681e-02	9.430424398685594012e-02
1.794812749266109904e+03	1.920280911921030120e-01	1.181509175003094270e-01	2.908146861804528083e-01	1.813788832378154803e-01	8.529638505328038245e-02	3.793458941869781026e-02	9.439644741726024857e-02
1.799650519479765535e+03	1.916978323893356317e-01	1.179272068459105427e-01	2.910246553211238152e-01	1.815236565653683409e-01	8.535901386445618466e-02	3.797948835302417114e-02	9.448814666070046164e-02
1.804488289693420711e+03	1.913694316268196027e-01	1.177047551677335019e-01	2.912333811193312805e-01	1.816676123703956924e-01	8.542130146983910322e-02	3.802417381647890671e-02	9.457934442932097729e-02
1.809326059907075887e+03	1.910428784329089302e-01	1.174835553667497867e-01	2.914408711647347161e-01	1.818107552947806904e-01	8.548324968979595373e-02	3.806864662992530401e-02	9.467004342102372516e-02
1.814163830120731291e+03	1.907181623951496596e-01	1.172636003840936553e-01	2.916471329987230798e-01	1.819530899537471491e-01	8.554486033531878697e-02	3.811290761334589633e-02	9.476024631954083066e-02
1.819001600334386467e+03	1.903952731599437842e-01	1.170448832008336576e-01	2.918521741147373505e-01	1.820946209360167489e-01	8.560613520807063004e-02	3.815695758581014868e-02	9.484995579450677949e-02
1.823839370548041643e+03	1.900742004322147349e-01	1.168273968377454425e-01	2.920560019585899392e-01	1.822353528039650783e-01	8.566707610043076959e-02	3.820079736544264304e-02	9.493917450153040172e-02
1.828677140761696819e+03	1.897549339750751463e-01	1.166111343550858825e-01	2.922586239287826571e-01	1.823752900937770094e-01	8.572768479554003507e-02	3.824442776939189492e-02	9.502790508226635624e-02
1.833514910975352450e+03	1.894374636094961484e-01	1.163960888523685178e-01	2.924600473768219078e-01	1.825144373156007971e-01	8.578796306734570720e-02	3.828784961379960022e-02	9.511615016448633775e-02
1.838352681189008081e+03	1.891217792139787968e-01	1.161822534681401647e-01	2.926602796075319368e-01	1.826527989537013452e-01	8.584791268064637104e-02	3.833106371377054122e-02	9.520391236214983954e-02
1.843190451402663257e+03	1.888078707242273613e-01	1.159696213797589970e-01	2.928593278793659715e-01	1.827903794666125292e-01	8.590753539113639425e-02	3.837407088334295752e-02	9.529119427547469434e-02
1.848028221616318433e+03	1.884957281328244194e-01	1.157581858031737632e-01	2.930571994047150852e-01	1.829271832872885195e-01	8.596683294545044707e-02	3.841687193545947204e-02	9.537799849100715710e-02
1.852865991829973609e+03	1.881853414889078646e-01	1.155479399927043377e-01	2.932539013502147851e-01	1.830632148232541057e-01	8.602580708120750874e-02	3.845946768193852366e-02	9.546432758169166866e-02
1.857703762043628785e+03	1.878767008978496911e-01	1.153388772408234925e-01	2.934494408370497687e-01	1.831984784567542435e-01	8.608445952705497117e-02	3.850185893344631322e-02	9.555018410694031405e-02
1.862541532257283961e+03	1.875697965209367213e-01	1.151309908779399038e-01	2.936438249412561818e-01	1.833329785449024363e-01	8.614279200271235393e-02	3.854404649946926997e-02	9.563557061270183679e-02
1.867379302470939592e+03	1.872646185750529990e-01	1.149242742721825472e-01	2.938370606940222673e-01	1.834667194198284224e-01	8.620080621901493600e-02	3.858603118828700385e-02	9.572048963153043100e-02
1.872217072684594768e+03	1.869611573323642084e-01	1.147187208291860633e-01	2.940291550819865152e-01	1.835997053888248076e-01	8.625850387795708230e-02	3.862781380694577105e-02	9.580494368265410343e-02
1.877054842898249490e+03	1.866594031200038417e-01	1.145143239918776368e-01	2.942201150475337590e-01	1.837319407344927269e-01	8.631588667273544513e-02	3.866939516123240467e-02	9.588893527204271627e-02
1.881892613111905121e+03	1.863593463197609490e-01	1.143110772402649022e-01	2.944099474890894408e-01	1.838634297148867836e-01	8.637295628779197154e-02	3.871077605564874485e-02	9.597246689247566909e-02
1.886730383325560297e+03	1.860609773677699696e-01	1.141089740912251821e-01	2.945986592614117661e-01	1.839941765636589621e-01	8.642971439885668850e-02	3.875195729338653389e-02	9.605554102360933100e-02
1.891568153539215928e+03	1.857642867542022291e-01	1.139080080982958765e-01	2.947862571758815275e-01	1.841241854902016528e-01	8.648616267299030769e-02	3.879293967630279005e-02	9.613816013204398714e-02
1.896405923752871104e+03	1.854692650229590734e-01	1.137081728514660467e-01	2.949727480007905411e-01	1.842534606797897601e-01	8.654230276862664994e-02	3.883372400489561865e-02	9.622032667139064632e-02
1.901243693966526507e+03	1.851759027713669459e-01	1.135094619769692059e-01	2.951581384616273618e-01	1.843820062937221171e-01	8.659813633561484758e-02	3.887431107828053650e-02	9.630204308233730748e-02
1.906081464180181683e+03	1.848841906498742138e-01	1.133118691370773451e-01	2.953424352413614451e-01	1.845098264694617352e-01	8.665366501526136633e-02	3.891470169416716418e-02	9.638331179271503180e-02
1.910919234393836859e+03	1.845941193617494369e-01	1.131153880298961106e-01	2.955256449807251995e-01	1.846369253207754968e-01	8.670889044037186077e-02	3.895489664883646647e-02	9.646413521756368181e-02
1.915757004607492036e+03	1.843056796627817462e-01	1.129200123891610785e-01	2.957077742784943175e-01	1.847633069378726844e-01	8.676381423529283543e-02	3.899489673711833276e-02	9.654451575919723028e-02
1.920594774821147894e+03	1.840188623609827490e-01	1.127257359840353468e-01	2.958888296917657201e-01	1.848889753875428421e-01	8.681843801595306997e-02	3.903470275236965714e-02	9.662445580726883310e-02
1.925432545034802843e+03	1.837336583162900439e-01	1.125325526189081410e-01	2.960688177362338358e-01	1.850139347132928047e-01	8.687276338990494728e-02	3.907431548645281388e-02	9.670395773883561086e-02
1.930270315248458019e+03	1.834500584402727064e-01	1.123404561331946550e-01	2.962477448864650476e-01	1.851381889354827281e-01	8.692679195636546230e-02	3.911373572971458407e-02	9.678302391842297236e-02
1.935108085462113195e+03	1.831680536958381622e-01	1.121494404011370849e-01	2.964256175761699752e-01	1.852617420514613977e-01	8.698052530625723089e-02	3.915296427096547072e-02	9.686165669808873002e-02
1.939945855675768371e+03	1.828876350969409481e-01	1.119594993316066212e-01	2.966024421984742587e-01	1.853845980357007872e-01	8.703396502224912401e-02	3.919200189745944418e-02	9.693985841748686827e-02
1.944783625889424002e+03	1.826087937082929435e-01	1.117706268679068415e-01	2.967782251061868437e-01	1.855067608399295631e-01	8.708711267879680473e-02	3.923084939487406220e-02	9.701763140393097895e-02
1.949621396103079178e+03	1.823315206450756010e-01	1.115828169875779652e-01	2.969529726120669899e-01	1.856282343932659229e-01	8.713996984218312647e-02	3.926950754729106180e-02	9.709497797245739137e-02
1.954459166316734354e+03	1.820558070726532862e-01	1.113960637022023970e-01	2.971266909890892816e-01	1.857490226023495727e-01	8.719253807055828143e-02	3.930797713717727043e-02	9.717190042588796928e-02
1.959296936530389530e+03	1.817816442062888116e-01	1.112103610572113682e-01	2.972993864707064726e-01	1.858691293514730392e-01	8.724481891397978250e-02	3.934625894536594726e-02	9.724840105489261644e-02
1.964134706744044706e+03	1.815090233108603013e-01	1.110257031316925769e-01	2.974710652511110553e-01	1.859885585027118982e-01	8.729681391445225092e-02	3.938435375103849223e-02	9.732448213805146298e-02
1.968972476957700337e+03	1.812379357005796110e-01	1.108420840381990902e-01	2.976417334854944419e-01	1.861073138960544493e-01	8.734852460596707890e-02	3.942226233170657151e-02	9.740014594191674646e-02
1.973810247171355968e+03	1.809683727387125518e-01	1.106594979225591913e-01	2.978113972903049245e-01	1.862253993495304738e-01	8.739995251454185654e-02	3.945998546319455513e-02	9.747539472107438763e-02
1.978648017385010689e+03	1.807003258373007237e-01	1.104779389636874332e-01	2.979800627435032490e-01	1.863428186593392710e-01	8.745109915825963198e-02	3.949752391962239179e-02	9.755023071820520530e-02
1.983485787598666320e+03	1.804337864568846261e-01	1.102974013733967057e-01	2.981477358848169112e-01	1.864595755999768623e-01	8.750196604730803296e-02	3.953487847338879591e-02	9.762465616414595093e-02
1.988323557812321269e+03	1.801687461062287388e-01	1.101178793962113572e-01	2.983144227159924555e-01	1.865756739243624451e-01	8.755255468401815233e-02	3.957204989515483717e-02	9.769867327794987122e-02
1.993161328025976900e+03	1.799051963420479905e-01	1.099393673091815238e-01	2.984801292010459406e-01	1.866911173639641264e-01	8.760286656290328100e-02	3.960903895382785617e-02	9.777228426694711816e-02
1.997999098239632076e+03	1.796431287687357270e-01	1.097618594216982768e-01	2.986448612665120739e-01	1.868059096289237664e-01	8.765290317069748816e-02	3.964584641654575470e-02	9.784549132680477046e-02
2.002836868453287707e+03	1.793825350380933159e-01	1.095853500753101589e-01	2.988086248016910140e-01	1.869200544081811577e-01	8.770266598639399336e-02	3.968247304866160535e-02	9.791829664158656354e-02
2.007674638666942428e+03	1.791234068490613895e-01	1.094098336435404412e-01	2.989714256588940633e-01	1.870335553695974817e-01	8.775215648128341372e-02	3.971891961372862184e-02	9.799070238381238362e-02
2.012512408880597604e+03	1.788657359474524478e-01	1.092353045317056154e-01	2.991332696536871949e-01	1.871464161600779053e-01	8.780137611899174743e-02	3.975518687348545549e-02	9.806271071451740096e-02
2.017350179094252780e+03	1.786095141256850705e-01	1.090617571767348998e-01	2.992941625651331927e-01	1.872586404056935105e-01	8.785032635551830171e-02	3.979127558784185947e-02	9.813432378331092554e-02
2.022187949307908411e+03	1.783547332225196569e-01	1.088891860469907713e-01	2.994541101360319590e-01	1.873702317118024485e-01	8.789900863927334329e-02	3.982718651486463063e-02	9.820554372843494362e-02
2.027025719521564042e+03	1.781013851227956357e-01	1.087175856420904418e-01	2.996131180731592125e-01	1.874811936631704257e-01	8.794742441111563780e-02	3.986292041076390513e-02	9.827637267682244604e-02
2.031863489735218764e+03	1.778494617571702296e-01	1.085469504927285139e-01	2.997711920475035763e-01	1.875915298240903306e-01	8.799557510438983654e-02	3.989847802987975256e-02	9.834681274415538188e-02
2.036701259948874394e+03	1.775989551018586632e-01	1.083772751605005386e-01	2.999283376945020563e-01	1.877012437385013333e-01	8.804346214496357181e-02	3.993386012466911689e-02	9.841686603492233454e-02
2.041539030162529116e+03	1.773498571783758693e-01	1.082085542377275583e-01	3.000845606142735211e-01	1.878103389301070403e-01	8.809108695126458000e-02	3.996906744569304198e-02	9.848653464247597578e-02
2.046376800376184747e+03	1.771021600532796947e-01	1.080407823472817747e-01	3.002398663718511829e-01	1.879188189024930400e-01	8.813845093431749156e-02	4.000410074160422325e-02	9.855582064909014506e-02
2.051214570589840150e+03	1.768558558379154932e-01	1.078739541424131171e-01	3.003942604974130237e-01	1.880266871392438921e-01	8.818555549778048230e-02	4.003896075913485064e-02	9.862472612601667910e-02
2.056052340803495554e+03	1.766109366881623288e-01	1.077080643065768395e-01	3.005477484865106685e-01	1.881339471040590627e-01	8.823240203798185521e-02	4.007364824308473628e-02	9.869325313354201934e-02
2.060890111017150957e+03	1.763673948041804274e-01	1.075431075532620601e-01	3.007003358002970361e-01	1.882406022408684432e-01	8.827899194395637250e-02	4.010816393630976112e-02	9.876140372104343090e-02
2.065727881230805451e+03	1.761252224301602665e-01	1.073790786258213281e-01	3.008520278657517699e-01	1.883466559739471746e-01	8.832532659748136561e-02	4.014250857971061320e-02	9.882917992704499943e-02
2.070565651444461309e+03	1.758844118540729695e-01	1.072159722973012042e-01	3.010028300759057807e-01	1.884521117080295571e-01	8.837140737311285910e-02	4.017668291222178945e-02	9.889658377927336430e-02
2.075403421658116713e+03	1.756449554074221153e-01	1.070537833702736863e-01	3.011527477900638461e-01	1.885569728284224311e-01	8.841723563822137533e-02	4.021068767080089590e-02	9.896361729471316038e-02
2.080241191871772116e+03	1.754068454649971021e-01	1.068925066766686915e-01	3.013017863340258784e-01	1.886612427011179760e-01	8.846281275302754488e-02	4.024452359041823246e-02	9.903028247966212672e-02
2.085078962085427065e+03	1.751700744446277047e-01	1.067321370776075085e-01	3.014499510003063598e-01	1.887649246729055375e-01	8.850814007063778632e-02	4.027819140404662740e-02	9.909658132978603484e-02
2.089916732299082469e+03	1.749346348069403256e-01	1.065726694632371380e-01	3.015972470483526124e-01	1.888680220714830382e-01	8.855321893707955583e-02	4.031169184265157718e-02	9.916251583017329785e-02
2.094754502512737417e+03	1.747005190551152165e-01	1.064140987525656196e-01	3.017436797047615138e-01	1.889705382055676952e-01	8.859805069133656896e-02	4.034502563518162915e-02	9.922808795538928806e-02
2.099592272726392821e+03	1.744677197346456432e-01	1.062564198932982734e-01	3.018892541634943805e-01	1.890724763650059037e-01	8.864263666538389763e-02	4.037819350855902795e-02	9.929329966953040487e-02
2.104430042940048224e+03	1.742362294330978556e-01	1.060996278616749555e-01	3.020339755860907971e-01	1.891738398208826222e-01	8.868697818422277557e-02	4.041119618767063937e-02	9.935815292627789286e-02
2.109267813153704083e+03	1.740060407798727504e-01	1.059437176623080901e-01	3.021778491018807800e-01	1.892746318256300075e-01	8.873107656591538994e-02	4.044403439535912415e-02	9.942264966895135447e-02
2.114105583367359031e+03	1.737771464459689497e-01	1.057886843280218120e-01	3.023208798081954418e-01	1.893748556131355232e-01	8.877493312161939543e-02	4.047670885241435451e-02	9.948679183056205466e-02
2.118943353581013525e+03	1.735495391437469337e-01	1.056345229196918728e-01	3.024630727705761579e-01	1.894745143988492420e-01	8.881854915562233110e-02	4.050922027756508753e-02	9.955058133386586461e-02
2.123781123794669384e+03	1.733232116266948120e-01	1.054812285260865873e-01	3.026044330229826218e-01	1.895736113798906219e-01	8.886192596537589861e-02	4.054156938747088823e-02	9.961402009141601122e-02
2.128618894008324787e+03	1.730981566891952872e-01	1.053287962637085573e-01	3.027449655679989582e-01	1.896721497351546160e-01	8.890506484153000433e-02	4.057375689671430252e-02	9.967711000561561840e-02
2.133456664221980191e+03	1.728743671662940351e-01	1.051772212766374226e-01	3.028846753770390587e-01	1.897701326254170040e-01	8.894796706796674612e-02	4.060578351779322442e-02	9.973985296876981821e-02
2.138294434435635139e+03	1.726518359334691388e-01	1.050264987363734442e-01	3.030235673905497529e-01	1.898675631934393926e-01	8.899063392183415022e-02	4.063764996111356859e-02	9.980225086313776472e-02
2.143132204649290543e+03	1.724305559064022997e-01	1.048766238416819763e-01	3.031616465182133124e-01	1.899644445640733537e-01	8.903306667357979709e-02	4.066935693498212323e-02	9.986430556098430111e-02
2.147969974862945492e+03	1.722105200407509085e-01	1.047275918184388810e-01	3.032989176391479025e-01	1.900607798443639807e-01	8.907526658698432243e-02	4.070090514559965983e-02	9.992601892463143232e-02
2.152807745076601350e+03	1.719917213319216709e-01	1.045793979194767770e-01	3.034353856021072549e-01	1.901565721236528617e-01	8.911723491919472384e-02	4.073229529705425095e-02	9.998739280650947858e-02
2.157645515290255844e+03	1.717741528148455377e-01	1.044320374244321614e-01	3.035710552256784545e-01	1.902518244736804420e-01	8.915897292075752878e-02	4.076352809131481708e-02	1.000484290492079931e-01
2.162483285503912157e+03	1.715578075637536892e-01	1.042855056395934482e-01	3.037059312984788373e-01	1.903465399486877763e-01	8.920048183565175426e-02	4.079460422822490245e-02	1.001091294855264852e-01
2.167321055717567106e+03	1.713426786919549916e-01	1.041397978977498390e-01	3.038400185793511121e-01	1.904407215855176139e-01	8.924176290132183886e-02	4.082552440549665207e-02	1.001694959385247968e-01
2.172158825931222509e+03	1.711287593516147842e-01	1.039949095580410682e-01	3.039733217975575386e-01	1.905343724037149855e-01	8.928281734871028330e-02	4.085628931870501079e-02	1.002295302215732431e-01
2.176996596144877003e+03	1.709160427335346677e-01	1.038508360058079949e-01	3.041058456529721621e-01	1.906274954056270676e-01	8.932364640229027708e-02	4.088689966128215142e-02	1.002892341384025998e-01
2.181834366358532861e+03	1.707045220669337338e-01	1.037075726524440827e-01	3.042375948162726607e-01	1.907200935765025196e-01	8.936425128009807539e-02	4.091735612451206927e-02	1.003486094831537584e-01
2.186672136572187810e+03	1.704941906192311285e-01	1.035651149352476569e-01	3.043685739291300263e-01	1.908121698845903491e-01	8.940463319376520945e-02	4.094765939752539191e-02	1.004076580404271446e-01
2.191509906785843214e+03	1.702850416958295032e-01	1.034234583172751465e-01	3.044987876043973030e-01	1.909037272812378894e-01	8.944479334855066910e-02	4.097781016729445946e-02	1.004663815853318737e-01
2.196347676999498617e+03	1.700770686399001863e-01	1.032825982871949516e-01	3.046282404262971033e-01	1.909947687009884987e-01	8.948473294337282169e-02	4.100780911862847433e-02	1.005247818835347529e-01
2.201185447213154021e+03	1.698702648321691322e-01	1.031425303591423370e-01	3.047569369506077930e-01	1.910852970616784829e-01	8.952445317084124776e-02	4.103765693416897009e-02	1.005828606913088813e-01
2.206023217426809424e+03	1.696646236907042860e-01	1.030032500725750338e-01	3.048848817048480098e-01	1.911753152645335185e-01	8.956395521728836850e-02	4.106735429438539836e-02	1.006406197555821808e-01
2.210860987640464373e+03	1.694601386707042801e-01	1.028647529921297987e-01	3.050120791884605720e-01	1.912648261942645478e-01	8.960324026280103160e-02	4.109690187757095159e-02	1.006980608139855377e-01
2.215698757854119776e+03	1.692568032642881581e-01	1.027270347074795837e-01	3.051385338729948882e-01	1.913538327191630362e-01	8.964230948125180565e-02	4.112630035983851767e-02	1.007551855949008202e-01
2.220536528067775180e+03	1.690546110002861813e-01	1.025900908331917050e-01	3.052642502022874793e-01	1.914423376911955910e-01	8.968116404033028843e-02	4.115555041511687051e-02	1.008119958175086039e-01
2.225374298281430583e+03	1.688535554440322162e-01	1.024539170085867895e-01	3.053892325926426121e-01	1.915303439460982471e-01	8.971980510157412381e-02	4.118465271514704790e-02	1.008684931918356620e-01
2.230212068495085077e+03	1.686536301971570118e-01	1.023185088975984147e-01	3.055134854330102678e-01	1.916178543034699477e-01	8.975823382040000464e-02	4.121360792947886126e-02	1.009246794188021906e-01
2.235049838708740936e+03	1.684548288973826413e-01	1.021838621886336784e-01	3.056370130851638889e-01	1.917048715668656089e-01	8.979645134613438440e-02	4.124241672546761356e-02	1.009805561902688414e-01
2.239887608922396339e+03	1.682571452183182770e-01	1.020499725944345043e-01	3.057598198838764603e-01	1.917913985238886287e-01	8.983445882204423028e-02	4.127107976827097680e-02	1.010361251890835588e-01
2.244725379136052197e+03	1.680605728692569634e-01	1.019168358519397660e-01	3.058819101370954807e-01	1.918774379462827306e-01	8.987225738536744335e-02	4.129959772084607073e-02	1.010913880891280842e-01
2.249563149349706237e+03	1.678651055949737236e-01	1.017844477221481192e-01	3.060032881261168236e-01	1.919629925900235012e-01	8.990984816734330642e-02	4.132797124394668037e-02	1.011463465553642804e-01
2.254400919563362095e+03	1.676707371755246923e-01	1.016528039899817770e-01	3.061239581057571546e-01	1.920480651954091511e-01	8.994723229324268210e-02	4.135620099612064005e-02	1.012010022438802337e-01
2.259238689777017044e+03	1.674774614260474137e-01	1.015219004641508688e-01	3.062439243045255721e-01	1.921326584871507759e-01	8.998441088239808594e-02	4.138428763370739782e-02	1.012553568019361472e-01
2.264076459990672902e+03	1.672852721965622513e-01	1.013917329770187142e-01	3.063631909247936935e-01	1.922167751744622566e-01	9.002138504823364862e-02	4.141223181083576038e-02	1.013094118680099159e-01
