1.001418434226643626e+03	2.820150174751641647e-01	1.784363581973422985e-01	2.341529393924783320e-01	1.412612269240354212e-01	6.818806203347969885e-02	2.699077202732162034e-02	6.895562395009702250e-02
1.003837319333471214e+03	2.815960367667790232e-01	1.781543629625537972e-01	2.344515516226316765e-01	1.414385649615033935e-01	6.826091828854018162e-02	2.703481190201522527e-02	6.906375349589527479e-02
1.006256204440298802e+03	2.811782388675498345e-01	1.778731640890953147e-01	2.347492985565867996e-01	1.416153633259968070e-01	6.833357242996078440e-02	2.707877176308478434e-02	6.917159096764419202e-02
1.008675089547126618e+03	2.807616204270765303e-01	1.775927593227234758e-01	2.350461826516777042e-01	1.417916238323366496e-01	6.840602503136342105e-02	2.712265159871083894e-02	6.927913713602988632e-02
1.011093974653954206e+03	2.803461781045740175e-01	1.773131464155477399e-01	2.353422063582737700e-01	1.419673482884079296e-01	6.847827666473689512e-02	2.716645139843479329e-02	6.938639276994333638e-02
1.013512859760782021e+03	2.799319085688419806e-01	1.770343231260144146e-01	2.356373721197997095e-01	1.421425384951906512e-01	6.855032790044157665e-02	2.721017115314771501e-02	6.949335863648246903e-02
1.015931744867609382e+03	2.795188084982341281e-01	1.767562872188911671e-01	2.359316823727553858e-01	1.423171962467907337e-01	6.862217930721380144e-02	2.725381085507921561e-02	6.960003550095407443e-02
1.018350629974437197e+03	2.791068745806282170e-01	1.764790364652511490e-01	2.362251395467356574e-01	1.424913233304705984e-01	6.869383145217057562e-02	2.729737049778640026e-02	6.970642412687594325e-02
1.020769515081264785e+03	2.786961035133957987e-01	1.762025686424572579e-01	2.365177460644500851e-01	1.426649215266796999e-01	6.876528490081394718e-02	2.734085007614286966e-02	6.981252527597886504e-02
1.023188400188092373e+03	2.782864920033725209e-01	1.759268815341462344e-01	2.368095043417427215e-01	1.428379926090848906e-01	6.883654021703564108e-02	2.738424958632783290e-02	6.991833970820873767e-02
1.025607285294920075e+03	2.778780367668282625e-01	1.756519729302128130e-01	2.371004167876115398e-01	1.430105383446005907e-01	6.890759796312143082e-02	2.742756902581524464e-02	7.002386818172869065e-02
1.028026170401747549e+03	2.774707345294379346e-01	1.753778406267937351e-01	2.373904858042281962e-01	1.431825604934188478e-01	6.897845869975571809e-02	2.747080839336303246e-02	7.012911145292111126e-02
1.030445055508575479e+03	2.770645820262519488e-01	1.751044824262519006e-01	2.376797137869573751e-01	1.433540608090390911e-01	6.904912298602591814e-02	2.751396768900241097e-02	7.023407027638989275e-02
1.032863940615402726e+03	2.766595760016670735e-01	1.748318961371603253e-01	2.379681031243763289e-01	1.435250410382979958e-01	6.911959137942698395e-02	2.755704691402722367e-02	7.033874540496258543e-02
1.035282825722230655e+03	2.762557132093975132e-01	1.745600795742861533e-01	2.382556561982942245e-01	1.436955029213989876e-01	6.918986443586576385e-02	2.760004607098339585e-02	7.044313758969250605e-02
1.037701710829058356e+03	2.758529904124459309e-01	1.742890305585745869e-01	2.385423753837715155e-01	1.438654481919416361e-01	6.925994270966551181e-02	2.764296516365840825e-02	7.054724757986098604e-02
1.040120595935886058e+03	2.754514043830750269e-01	1.740187469171328993e-01	2.388282630491390668e-01	1.440348785769509088e-01	6.932982675357018953e-02	2.768580419707089915e-02	7.065107612297959194e-02
1.042539481042713533e+03	2.750509519027787841e-01	1.737492264832144195e-01	2.391133215560175274e-01	1.442037957969062589e-01	6.939951711874894902e-02	2.772856317746026644e-02	7.075462396479233196e-02
1.044958366149541234e+03	2.746516297622543790e-01	1.734804670962023232e-01	2.393975532593363986e-01	1.443722015657706303e-01	6.946901435480051790e-02	2.777124211227639111e-02	7.085789184927791806e-02
1.047377251256368709e+03	2.742534347613737045e-01	1.732124666015937009e-01	2.396809605073531302e-01	1.445400975910191566e-01	6.953831900975750158e-02	2.781384101016939198e-02	7.096088051865205582e-02
1.049796136363196410e+03	2.738563637091552816e-01	1.729452228509832656e-01	2.399635456416721602e-01	1.447074855736679155e-01	6.960743163009079637e-02	2.785635988097945673e-02	7.106359071336972033e-02
1.052215021470024112e+03	2.734604134237366702e-01	1.726787337020475044e-01	2.402453109972639000e-01	1.448743672083024070e-01	6.967635276071393324e-02	2.789879873572675972e-02	7.116602317212741835e-02
1.054633906576851814e+03	2.730655807323464357e-01	1.724129970185282468e-01	2.405262589024836639e-01	1.450407441831058630e-01	6.974508294498737992e-02	2.794115758660140059e-02	7.126817863186553359e-02
1.057052791683679516e+03	2.726718624712766159e-01	1.721480106702169000e-01	2.408063916790904868e-01	1.452066181798874756e-01	6.981362272472291242e-02	2.798343644695344343e-02	7.137005782777069984e-02
1.059471676790506763e+03	2.722792554858550762e-01	1.718837725329380728e-01	2.410857116422659430e-01	1.453719908741104572e-01	6.988197264018786159e-02	2.802563533128301851e-02	7.147166149327811857e-02
1.061890561897334692e+03	2.718877566304183091e-01	1.716202804885335609e-01	2.413642211006328808e-01	1.455368639349199356e-01	6.995013323010947082e-02	2.806775425523046208e-02	7.157299036007391813e-02
1.064309447004162394e+03	2.714973627682840673e-01	1.713575324248461929e-01	2.416419223562742413e-01	1.457012390251707923e-01	7.001810503167917032e-02	2.810979323556654641e-02	7.167404515809752685e-02
1.066728332110990095e+03	2.711080707717243299e-01	1.710955262357037876e-01	2.419188177047514876e-01	1.458651178014552241e-01	7.008588858055679605e-02	2.815175229018276187e-02	7.177482661554411558e-02
1.069147217217817570e+03	2.707198775219383791e-01	1.708342598209029728e-01	2.421949094351233678e-01	1.460285019141301932e-01	7.015348441087490561e-02	2.819363143808166494e-02	7.187533545886698461e-02
1.071566102324645271e+03	2.703327799090258776e-01	1.705737310861930867e-01	2.424701998299643724e-01	1.461913930073449053e-01	7.022089305524305269e-02	2.823543069936727823e-02	7.197557241277993678e-02
1.073984987431472746e+03	2.699467748319600013e-01	1.703139379432601352e-01	2.427446911653831918e-01	1.463537927190678711e-01	7.028811504475195038e-02	2.827715009523557380e-02	7.207553820025981717e-02
1.076403872538300675e+03	2.695618591985610712e-01	1.700548783097106387e-01	2.430183857110411183e-01	1.465157026811140517e-01	7.035515090897778712e-02	2.831878964796499462e-02	7.217523354254890000e-02
1.078822757645127922e+03	2.691780299254698527e-01	1.697965501090556162e-01	2.432912857301704479e-01	1.466771245191718087e-01	7.042200117598637621e-02	2.836034938090704893e-02	7.227465915915738670e-02
1.081241642751955851e+03	2.687952839381214654e-01	1.695389512706945434e-01	2.435633934795928268e-01	1.468380598528294945e-01	7.048866637233737464e-02	2.840182931847698086e-02	7.237381576786584836e-02
1.083660527858783553e+03	2.684136181707186819e-01	1.692820797298991986e-01	2.438347112097374314e-01	1.469985102956024026e-01	7.055514702308854358e-02	2.844322948614447233e-02	7.247270408472775149e-02
1.086079412965611255e+03	2.680330295662063378e-01	1.690259334277977310e-01	2.441052411646591758e-01	1.471584774549590524e-01	7.062144365179985617e-02	2.848454991042441778e-02	7.257132482407201157e-02
1.088498298072438729e+03	2.676535150762447413e-01	1.687705103113585070e-01	2.443749855820568639e-01	1.473179629323475848e-01	7.068755678053766089e-02	2.852579061886776832e-02	7.266967869850539385e-02
1.090917183179266431e+03	2.672750716611841382e-01	1.685158083333743173e-01	2.446439466932913698e-01	1.474769683232221296e-01	7.075348692987895594e-02	2.856695164005241400e-02	7.276776641891517794e-02
1.093336068286093905e+03	2.668976962900387884e-01	1.682618254524462509e-01	2.449121267234035393e-01	1.476354952170687851e-01	7.081923461891541371e-02	2.860803300357416673e-02	7.286558869447161413e-02
1.095754953392921607e+03	2.665213859404610974e-01	1.680085596329676523e-01	2.451795278911322595e-01	1.477935451974316527e-01	7.088480036525759975e-02	2.864903474003773973e-02	7.296314623263054633e-02
1.098173838499749309e+03	2.661461375987162481e-01	1.677560088451083842e-01	2.454461524089323887e-01	1.479511198419386775e-01	7.095018468503909437e-02	2.868995688104784489e-02	7.306043973913589618e-02
1.100592723606577010e+03	2.657719482596566651e-01	1.675041710647987014e-01	2.457120024829926030e-01	1.481082207223272662e-01	7.101538809292058663e-02	2.873079945920032144e-02	7.315746991802235533e-02
1.103011608713404712e+03	2.653988149266965357e-01	1.672530442737134859e-01	2.459770803132532713e-01	1.482648494044700171e-01	7.108041110209399605e-02	2.877156250807330964e-02	7.325423747161788346e-02
1.105430493820231959e+03	2.650267346117864409e-01	1.670026264592562870e-01	2.462413880934241905e-01	1.484210074484000330e-01	7.114525422428660817e-02	2.881224606221851822e-02	7.335074310054638669e-02
1.107849378927059888e+03	2.646557043353883754e-01	1.667529156145435010e-01	2.465049280110023500e-01	1.485766964083363728e-01	7.120991796976511301e-02	2.885285015715250215e-02	7.344698750373024332e-02
1.110268264033887590e+03	2.642857211264505457e-01	1.665039097383884670e-01	2.467677022472895831e-01	1.487319178327090874e-01	7.127440284733971287e-02	2.889337482934806189e-02	7.354297137839305165e-02
1.112687149140715292e+03	2.639167820223822791e-01	1.662556068352857019e-01	2.470297129774100819e-01	1.488866732641843660e-01	7.133870936436818855e-02	2.893382011622562533e-02	7.363869542006218349e-02
1.115106034247542766e+03	2.635488840690294321e-01	1.660080049153951354e-01	2.472909623703282433e-01	1.490409642396894885e-01	7.140283802675993774e-02	2.897418605614473369e-02	7.373416032257144870e-02
1.117524919354370468e+03	2.631820243206491328e-01	1.657611019945263442e-01	2.475514525888659334e-01	1.491947922904375556e-01	7.146678933898006902e-02	2.901447268839557267e-02	7.382936677806378745e-02
1.119943804461197942e+03	2.628161998398855781e-01	1.655148960941227598e-01	2.478111857897200010e-01	1.493481589419522748e-01	7.153056380405339865e-02	2.905468005319056940e-02	7.392431547699387928e-02
1.122362689568025871e+03	2.624514076977448873e-01	1.652693852412460140e-01	2.480701641234797916e-01	1.495010657140923571e-01	7.159416192356848896e-02	2.909480819165601723e-02	7.401900710813086315e-02
1.124781574674853118e+03	2.620876449735711211e-01	1.650245674685602570e-01	2.483283897346444113e-01	1.496535141210761644e-01	7.165758419768167298e-02	2.913485714582376984e-02	7.411344235856102969e-02
1.127200459781681047e+03	2.617249087550213571e-01	1.647804408143164756e-01	2.485858647616401018e-01	1.498055056715058841e-01	7.172083112512106506e-02	2.917482695862300829e-02	7.420762191369051353e-02
1.129619344888508749e+03	2.613631961380417090e-01	1.645370033223368944e-01	2.488425913368375042e-01	1.499570418683916218e-01	7.178390320319055773e-02	2.921471767387203572e-02	7.430154645724801332e-02
1.132038229995336451e+03	2.610025042268429574e-01	1.642942530419994329e-01	2.490985715865688399e-01	1.501081242091757140e-01	7.184680092777381843e-02	2.925452933627013460e-02	7.439521667128747018e-02
1.134457115102163925e+03	2.606428301338761799e-01	1.640521880282220513e-01	2.493538076311450358e-01	1.502587541857564879e-01	7.190952479333825864e-02	2.929426199138948639e-02	7.448863323619081545e-02
1.136876000208991627e+03	2.602841709798091041e-01	1.638108063414472626e-01	2.496083015848729880e-01	1.504089332845121030e-01	7.197207529293896122e-02	2.933391568566712931e-02	7.458179683067074628e-02
1.139294885315819101e+03	2.599265238935016820e-01	1.635701060476265623e-01	2.498620555560725209e-01	1.505586629863243375e-01	7.203445291822273278e-02	2.937349046639698563e-02	7.467470813177341793e-02
1.141713770422646803e+03	2.595698860119825535e-01	1.633300852182051899e-01	2.501150716470933455e-01	1.507079447666020422e-01	7.209665815943196165e-02	2.941298638172192698e-02	7.476736781488120542e-02
1.144132655529474505e+03	2.592142544804249549e-01	1.630907419301063643e-01	2.503673519543321291e-01	1.508567800953047600e-01	7.215869150540861476e-02	2.945240348062591607e-02	7.485977655371549300e-02
1.146551540636302207e+03	2.588596264521230705e-01	1.628520742657161569e-01	2.506188985682493708e-01	1.510051704369659298e-01	7.222055344359813722e-02	2.949174181292615535e-02	7.495193502033942190e-02
1.148970425743129908e+03	2.585059990884684411e-01	1.626140803128679202e-01	2.508697135733863326e-01	1.511531172507162013e-01	7.228224446005335202e-02	2.953100142926534319e-02	7.504384388516065207e-02
1.151389310849957155e+03	2.581533695589263155e-01	1.623767581648270786e-01	2.511197990483817755e-01	1.513006219903064997e-01	7.234376503943845682e-02	2.957018238110393007e-02	7.513550381693420710e-02
1.153808195956785084e+03	2.578017350410122255e-01	1.621401059202758066e-01	2.513691570659887242e-01	1.514476861041310629e-01	7.240511566503282648e-02	2.960928472071247541e-02	7.522691548276520812e-02
1.156227081063612786e+03	2.574510927202685040e-01	1.619041216832976526e-01	2.516177896930911762e-01	1.515943110352503398e-01	7.246629681873494044e-02	2.964830850116400782e-02	7.531807954811170491e-02
1.158645966170440488e+03	2.571014397902410265e-01	1.616688035633624398e-01	2.518656989907208654e-01	1.517404982214136666e-01	7.252730898106628243e-02	2.968725377632646864e-02	7.540899667678746532e-02
1.161064851277267962e+03	2.567527734524561178e-01	1.614341496753110006e-01	2.521128870140739719e-01	1.518862490950819988e-01	7.258815263117517069e-02	2.972612060085520064e-02	7.549966753096480632e-02
1.163483736384095664e+03	2.564050909163969050e-01	1.612001581393399663e-01	2.523593558125273861e-01	1.520315650834504762e-01	7.264882824684064377e-02	2.976490903018547476e-02	7.559009277117743897e-02
1.165902621490923138e+03	2.560583893994807236e-01	1.609668270809866686e-01	2.526051074296554733e-01	1.521764476084707385e-01	7.270933630447631857e-02	2.980361912052507598e-02	7.568027305632325785e-02
1.168321506597751068e+03	2.557126661270358592e-01	1.607341546311140679e-01	2.528501439032466158e-01	1.523208980868733242e-01	7.276967727913422057e-02	2.984225092884693412e-02	7.577020904366718601e-02
1.170740391704578315e+03	2.553679183322787316e-01	1.605021389258956543e-01	2.530944672653194227e-01	1.524649179301899304e-01	7.282985164450858639e-02	2.988080451288181380e-02	7.585990138884406153e-02
1.173159276811406244e+03	2.550241432562909694e-01	1.602707781068004322e-01	2.533380795421392162e-01	1.526085085447753675e-01	7.288985987293974955e-02	2.991927993111102510e-02	7.594935074586141310e-02
1.175578161918233945e+03	2.546813381479965943e-01	1.600400703205779318e-01	2.535809827542344075e-01	1.527516713318296526e-01	7.294970243541791521e-02	2.995767724275923832e-02	7.603855776710237435e-02
1.177997047025061647e+03	2.543395002641394842e-01	1.598100137192431935e-01	2.538231789164128172e-01	1.528944076874198532e-01	7.300937980158692109e-02	2.999599650778728144e-02	7.612752310332855654e-02
1.180415932131889122e+03	2.539986268692605020e-01	1.595806064600619745e-01	2.540646700377777734e-01	1.530367190025018476e-01	7.306889243974812320e-02	3.003423778688502771e-02	7.621624740368287965e-02
1.182834817238716823e+03	2.536587152356750141e-01	1.593518467055356769e-01	2.543054581217445431e-01	1.531786066629419463e-01	7.312824081686411515e-02	3.007240114146432497e-02	7.630473131569244505e-02
1.185253702345544298e+03	2.533197626434505745e-01	1.591237326233866656e-01	2.545455451660562640e-01	1.533200720495385694e-01	7.318742539856251672e-02	3.011048663365196304e-02	7.639297548527146375e-02
1.187672587452371999e+03	2.529817663803843319e-01	1.588962623865434187e-01	2.547849331628001535e-01	1.534611165380435627e-01	7.324644664913974867e-02	3.014849432628268974e-02	7.648098055672410134e-02
1.190091472559199701e+03	2.526447237419807701e-01	1.586694341731256785e-01	2.550236240984235514e-01	1.536017414991835417e-01	7.330530503156476585e-02	3.018642428289227547e-02	7.656874717274737840e-02
1.192510357666027403e+03	2.523086320314294473e-01	1.584432461664297964e-01	2.552616199537497965e-01	1.537419482986812636e-01	7.336400100748283193e-02	3.022427656771063328e-02	7.665627597443408492e-02
1.194929242772855105e+03	2.519734885595827922e-01	1.582176965549140224e-01	2.554989227039945465e-01	1.538817382972765546e-01	7.342253503721923868e-02	3.026205124565497714e-02	7.674356760127568067e-02
1.197348127879682352e+03	2.516392906449339550e-01	1.579927835321837393e-01	2.557355343187813768e-01	1.540211128507475435e-01	7.348090757978301135e-02	3.029974838232302181e-02	7.683062269116516796e-02
1.199767012986510281e+03	2.513060356135947693e-01	1.577685052969769464e-01	2.559714567621577119e-01	1.541600733099313392e-01	7.353911909287068338e-02	3.033736804398623477e-02	7.691744188040006147e-02
1.202185898093337983e+03	2.509737207992738250e-01	1.575448600531496324e-01	2.562066919926108133e-01	1.542986210207451248e-01	7.359717003286991854e-02	3.037491029758313324e-02	7.700402580368526095e-02
1.204604783200165684e+03	2.506423435432544311e-01	1.573218460096611759e-01	2.564412419630833773e-01	1.544367573242066971e-01	7.365506085486329957e-02	3.041237521071263328e-02	7.709037509413600719e-02
1.207023668306993159e+03	2.503119011943730210e-01	1.570994613805600237e-01	2.566751086209893562e-01	1.545744835564550890e-01	7.371279201263196412e-02	3.044976285162743004e-02	7.717649038328079636e-02
1.209442553413820860e+03	2.499823911089970041e-01	1.568777043849688968e-01	2.569082939082296124e-01	1.547118010487711359e-01	7.377036395865931018e-02	3.048707328922742321e-02	7.726237230106430820e-02
1.211861438520648335e+03	2.496538106510034216e-01	1.566565732470706074e-01	2.571407997612076279e-01	1.548487111275978212e-01	7.382777714413464587e-02	3.052430659305320135e-02	7.734802147585032039e-02
1.214280323627476264e+03	2.493261571917571584e-01	1.564360661960935150e-01	2.573726281108451031e-01	1.549852151145606760e-01	7.388503201895682548e-02	3.056146283327956792e-02	7.743343853442474778e-02
1.216699208734303511e+03	2.489994281100893769e-01	1.562161814662973158e-01	2.576037808825974995e-01	1.551213143264879024e-01	7.394212903173796869e-02	3.059854208070909506e-02	7.751862410199845954e-02
1.219118093841131440e+03	2.486736207922760067e-01	1.559969172969584983e-01	2.578342599964694726e-01	1.552570100754305515e-01	7.399906862980705491e-02	3.063554440676573287e-02	7.760357880221030458e-02
1.221536978947959142e+03	2.483487326320164001e-01	1.557782719323561882e-01	2.580640673670304697e-01	1.553923036686824521e-01	7.405585125921355927e-02	3.067246988348847417e-02	7.768830325713005358e-02
1.223955864054786844e+03	2.480247610304118500e-01	1.555602436217579654e-01	2.582932049034301070e-01	1.555271964088002501e-01	7.411247736473108860e-02	3.070931858352501931e-02	7.777279808726134114e-02
1.226374749161614318e+03	2.477017033959443837e-01	1.553428306194054309e-01	2.585216745094134905e-01	1.556616895936231704e-01	7.416894738986098967e-02	3.074609058012555546e-02	7.785706391154464945e-02
1.228793634268442020e+03	2.473795571444555030e-01	1.551260311845002737e-01	2.587494780833365926e-01	1.557957845162926680e-01	7.422526177683592963e-02	3.078278594713650812e-02	7.794110134736027817e-02
1.231212519375269494e+03	2.470583196991249786e-01	1.549098435811899210e-01	2.589766175181815733e-01	1.559294824652721345e-01	7.428142096662355975e-02	3.081940475899436205e-02	7.802491101053124489e-02
1.233631404482097196e+03	2.467379884904498111e-01	1.546942660785535495e-01	2.592030947015721010e-01	1.560627847243664379e-01	7.433742539893001267e-02	3.085594709071954808e-02	7.810849351532636597e-02
1.236050289588924898e+03	2.464185609562231094e-01	1.544792969505880409e-01	2.594289115157883407e-01	1.561956925727412682e-01	7.439327551220355217e-02	3.089241301791033692e-02	7.819184947446312928e-02
1.238469174695752372e+03	2.461000345415132462e-01	1.542649344761939934e-01	2.596540698377823864e-01	1.563282072849425386e-01	7.444897174363811210e-02	3.092880261673678841e-02	7.827497949911074726e-02
1.240888059802580301e+03	2.457824066986428746e-01	1.540511769391615104e-01	2.598785715391930817e-01	1.564603301309156758e-01	7.450451452917682127e-02	3.096511596393473550e-02	7.835788419889311296e-02
1.243306944909407548e+03	2.454656748871681116e-01	1.538380226281565177e-01	2.601024184863612865e-01	1.565920623760247155e-01	7.455990430351559783e-02	3.100135313679982726e-02	7.844056418189176982e-02
1.245725830016235477e+03	2.451498365738576934e-01	1.536254698367066907e-01	2.603256125403449750e-01	1.567234052810713152e-01	7.461514150010668811e-02	3.103751421318160300e-02	7.852302005464892320e-02
1.248144715123063179e+03	2.448348892326722981e-01	1.534135168631876878e-01	2.605481555569339469e-01	1.568543601023137668e-01	7.467022655116216379e-02	3.107359927147759077e-02	7.860525242217038244e-02
1.250563600229890881e+03	2.445208303447439779e-01	1.532021620108092175e-01	2.607700493866651481e-01	1.569849280914859535e-01	7.472515988765747463e-02	3.110960839062747521e-02	7.868726188792862786e-02
1.252982485336718355e+03	2.442076573983554266e-01	1.529914035876012435e-01	2.609912958748372702e-01	1.571151104958159739e-01	7.477994193933498734e-02	3.114554165010727585e-02	7.876904905386573896e-02
1.255401370443546057e+03	2.438953678889195231e-01	1.527812399064003290e-01	2.612118968615256276e-01	1.572449085580449601e-01	7.483457313470737171e-02	3.118139912992360513e-02	7.885061452039644758e-02
1.257820255550373531e+03	2.435839593189589314e-01	1.525716692848358425e-01	2.614318541815972008e-01	1.573743235164456189e-01	7.488905390106120885e-02	3.121718091060791608e-02	7.893195888641109381e-02
1.260239140657201460e+03	2.432734291980856167e-01	1.523626900453162458e-01	2.616511696647252916e-01	1.575033566048407163e-01	7.494338466446044678e-02	3.125288707321083326e-02	7.901308274927865138e-02
1.262658025764028707e+03	2.429637750429805010e-01	1.521543005150154948e-01	2.618698451354040668e-01	1.576320090526215911e-01	7.499756584974988372e-02	3.128851769929649057e-02	7.909398670484972527e-02
1.265076910870856636e+03	2.426549943773732287e-01	1.519464990258594939e-01	2.620878824129635465e-01	1.577602820847664733e-01	7.505159788055859593e-02	3.132407287093694204e-02	7.917467134745956314e-02
1.267495795977684338e+03	2.423470847320219057e-01	1.517392839145123296e-01	2.623052833115840921e-01	1.578881769218585529e-01	7.510548117930342105e-02	3.135955267070657249e-02	7.925513726993105301e-02
1.269914681084511813e+03	2.420400436446929759e-01	1.515326535223628923e-01	2.625220496403110060e-01	1.580156947801043821e-01	7.515921616719238585e-02	3.139495718167657073e-02	7.933538506357774855e-02
1.272333566191339514e+03	2.417338686601410991e-01	1.513266061955114428e-01	2.627381832030691866e-01	1.581428368713517496e-01	7.521280326422820350e-02	3.143028648740944786e-02	7.941541531820686672e-02
1.274752451298167216e+03	2.414285573300891663e-01	1.511211402847559004e-01	2.629536857986775056e-01	1.582696044031078331e-01	7.526624288921161809e-02	3.146554067195356935e-02	7.949522862212231311e-02
1.277171336404994690e+03	2.411241072132082885e-01	1.509162541455787154e-01	2.631685592208636293e-01	1.583959985785569347e-01	7.531953545974491571e-02	3.150071981983774277e-02	7.957482556212769342e-02
1.279590221511822392e+03	2.408205158750977848e-01	1.507119461381332681e-01	2.633828052582780077e-01	1.585220205965784113e-01	7.537268139223525509e-02	3.153582401606584706e-02	7.965420672352931108e-02
1.282009106618650094e+03	2.405177808882655588e-01	1.505082146272306576e-01	2.635964256945085293e-01	1.586476716517642993e-01	7.542568110189812325e-02	3.157085334611146876e-02	7.973337269013926198e-02
1.284427991725477568e+03	2.402158998321080319e-01	1.503050579823263233e-01	2.638094223080947875e-01	1.587729529344370505e-01	7.547853500276070771e-02	3.160580789591263540e-02	7.981232404427832106e-02
1.286846876832305497e+03	2.399148702928906585e-01	1.501024745775068059e-01	2.640217968725425135e-01	1.588978656306669901e-01	7.553124350766529660e-02	3.164068775186648641e-02	7.989106136677909253e-02
1.289265761939132744e+03	2.396146898637280809e-01	1.499004627914764520e-01	2.642335511563377870e-01	1.590224109222898030e-01	7.558380702827262321e-02	3.167549300082411062e-02	7.996958523698896593e-02
1.291684647045960673e+03	2.393153561445645339e-01	1.496990210075443140e-01	2.644446869229611918e-01	1.591465899869240475e-01	7.563622597506526601e-02	3.171022373008530737e-02	8.004789623277316912e-02
1.294103532152788375e+03	2.390168667421543325e-01	1.494981476136109100e-01	2.646552059309021376e-01	1.592704039979882802e-01	7.568850075735099325e-02	3.174488002739344478e-02	8.012599493051773825e-02
1.296522417259616077e+03	2.387192192700423043e-01	1.492978410021551516e-01	2.648651099336730153e-01	1.593938541247183482e-01	7.574063178326610746e-02	3.177946198093032498e-02	8.020388190513259852e-02
1.298941302366443551e+03	2.384224113485444996e-01	1.490980995702212153e-01	2.650744006798230745e-01	1.595169415321845696e-01	7.579261945977880388e-02	3.181396967931111874e-02	8.028155773005458962e-02
1.301360187473271253e+03	2.381264406047285398e-01	1.488989217194055803e-01	2.652830799129528017e-01	1.596396673813087197e-01	7.584446419269247341e-02	3.184840321157930004e-02	8.035902297725044940e-02
1.303779072580098727e+03	2.378313046723944946e-01	1.487003058558438728e-01	2.654911493717278526e-01	1.597620328288810732e-01	7.589616638664906101e-02	3.188276266720162233e-02	8.043627821721986704e-02
1.306197957686926657e+03	2.375370011920555635e-01	1.485022503901980706e-01	2.656986107898929861e-01	1.598840390275771961e-01	7.594772644513232696e-02	3.191704813606316415e-02	8.051332401899853608e-02
1.308616842793753904e+03	2.372435278109188417e-01	1.483047537376433744e-01	2.659054658962860529e-01	1.600056871259748215e-01	7.599914477047121919e-02	3.195125970846237479e-02	8.059016095016113823e-02
1.311035727900581833e+03	2.369508821828661682e-01	1.481078143178554685e-01	2.661117164148518732e-01	1.601269782685706411e-01	7.605042176384310681e-02	3.198539747510614067e-02	8.066678957682439643e-02
1.313454613007409534e+03	2.366590619684350583e-01	1.479114305549975306e-01	2.663173640646561702e-01	1.602479135957968481e-01	7.610155782527709689e-02	3.201946152710494903e-02	8.074321046365010024e-02
1.315873498114237009e+03	2.363680648347994961e-01	1.477156008777075202e-01	2.665224105598995030e-01	1.603684942440377903e-01	7.615255335365732348e-02	3.205345195596801672e-02	8.081942417384813115e-02
1.318292383221064711e+03	2.360778884557512558e-01	1.475203237190852723e-01	2.667268576099307009e-01	1.604887213456463735e-01	7.620340874672618114e-02	3.208736885359848856e-02	8.089543126917948801e-02
1.320711268327892412e+03	2.357885305116806385e-01	1.473255975166798681e-01	2.669307069192610182e-01	1.606085960289606041e-01	7.625412440108761403e-02	3.212121231228869112e-02	8.097123230995935395e-02
1.323130153434719887e+03	2.354999886895577654e-01	1.471314207124767293e-01	2.671339601875776792e-01	1.607281194183198536e-01	7.630470071221036321e-02	3.215498242471533791e-02	8.104682785506006626e-02
1.325549038541547588e+03	2.352122606829138152e-01	1.469377917528851551e-01	2.673366191097574784e-01	1.608472926340810405e-01	7.635513807443122802e-02	3.218867928393488731e-02	8.112221846191418340e-02
1.327967923648375290e+03	2.349253441918220942e-01	1.467447090887255556e-01	2.675386853758806027e-01	1.609661167926350056e-01	7.640543688095823016e-02	3.222230298337883103e-02	8.119740468651752419e-02
1.330386808755202765e+03	2.346392369228794128e-01	1.465521711752167666e-01	2.677401606712440651e-01	1.610845930064224718e-01	7.645559752387393049e-02	3.225585361684905894e-02	8.127238708343213769e-02
1.332805693862030694e+03	2.343539365891874615e-01	1.463601764719636988e-01	2.679410466763753051e-01	1.612027223839500867e-01	7.650562039413857929e-02	3.228933127851326551e-02	8.134716620578942570e-02
1.335224578968857941e+03	2.340694409103341866e-01	1.461687234429445703e-01	2.681413450670457332e-01	1.613205060298064653e-01	7.655550588159336367e-02	3.232273606290037016e-02	8.142174260529311258e-02
1.337643464075685870e+03	2.337857476123751665e-01	1.459778105564985273e-01	2.683410575142843313e-01	1.614379450446779829e-01	7.660525437496355783e-02	3.235606806489596532e-02	8.149611683222227065e-02
1.340062349182513572e+03	2.335028544278152096e-01	1.457874362853131545e-01	2.685401856843909196e-01	1.615550405253645683e-01	7.665486626186181207e-02	3.238932737973782700e-02	8.157028943543437327e-02
1.342481234289341273e+03	2.332207590955899246e-01	1.455975991064119845e-01	2.687387312389494798e-01	1.616717935647955240e-01	7.670434192879119206e-02	3.242251410301142528e-02	8.164426096236825081e-02
1.344900119396168748e+03	2.329394593610472908e-01	1.454082975011422307e-01	2.689366958348418657e-01	1.617882052520451530e-01	7.675368176114848173e-02	3.245562833064549041e-02	8.171803195904728256e-02
1.347319004502996449e+03	2.326589529759292840e-01	1.452195299551622965e-01	2.691340811242607933e-01	1.619042766723482740e-01	7.680288614322730578e-02	3.248867015890759963e-02	8.179160297008221392e-02
1.349737889609823924e+03	2.323792376983537522e-01	1.450312949584294797e-01	2.693308887547233854e-01	1.620200089071157923e-01	7.685195545822123830e-02	3.252163968439977099e-02	8.186497453867434826e-02
1.352156774716651853e+03	2.321003112927960688e-01	1.448435910051877884e-01	2.695271203690842166e-01	1.621354030339501040e-01	7.690089008822699468e-02	3.255453700405414735e-02	8.193814720661850293e-02
1.354575659823479100e+03	2.318221715300709251e-01	1.446564165939554780e-01	2.697227776055485804e-01	1.622504601266605007e-01	7.694969041424760958e-02	3.258736221512865266e-02	8.201112151430603459e-02
1.356994544930307029e+03	2.315448161873144006e-01	1.444697702275130891e-01	2.699178620976858678e-01	1.623651812552784623e-01	7.699835681619546235e-02	3.262011541520272451e-02	8.208389800072785070e-02
1.359413430037134731e+03	2.312682430479656714e-01	1.442836504128910124e-01	2.701123754744423899e-01	1.624795674860727568e-01	7.704688967289552437e-02	3.265279670217304669e-02	8.215647720347746263e-02
1.361832315143962205e+03	2.309924499017492194e-01	1.440980556613575547e-01	2.703063193601547010e-01	1.625936198815647882e-01	7.709528936208835670e-02	3.268540617424933042e-02	8.222885965875398329e-02
1.364251200250789907e+03	2.307174345446566521e-01	1.439129844884066423e-01	2.704996953745625876e-01	1.627073395005434742e-01	7.714355626043326031e-02	3.271794392995010237e-02	8.230104590136515241e-02
1.366670085357617609e+03	2.304431947789290225e-01	1.437284354137458309e-01	2.706925051328221699e-01	1.628207273980804559e-01	7.719169074351142634e-02	3.275041006809854827e-02	8.237303646473038976e-02
1.369088970464445310e+03	2.301697284130388432e-01	1.435444069612843154e-01	2.708847502455187795e-01	1.629337846255447808e-01	7.723969318582896149e-02	3.278280468781839124e-02	8.244483188088375103e-02
1.371507855571272785e+03	2.298970332616722678e-01	1.433608976591208284e-01	2.710764323186798941e-01	1.630465122306180570e-01	7.728756396081995494e-02	3.281512788852976314e-02	8.251643268047700874e-02
1.373926740678100487e+03	2.296251071457114656e-01	1.431779060395316494e-01	2.712675529537882935e-01	1.631589112573089972e-01	7.733530344084960095e-02	3.284737976994515224e-02	8.258783939278259434e-02
1.376345625784927961e+03	2.293539478922167751e-01	1.429954306389587537e-01	2.714581137477946604e-01	1.632709827459682961e-01	7.738291199721725189e-02	3.287956043206533008e-02	8.265905254569667904e-02
1.378764510891755890e+03	2.290835533344092179e-01	1.428134699979978217e-01	2.716481162931305149e-01	1.633827277333032568e-01	7.743039000015944362e-02	3.291166997517535470e-02	8.273007266574215757e-02
1.381183395998583137e+03	2.288139213116527348e-01	1.426320226613863873e-01	2.718375621777210926e-01	1.634941472523923356e-01	7.747773781885294864e-02	3.294370849984058075e-02	8.280090027807164577e-02
1.383602281105411066e+03	2.285450496694367561e-01	1.424510871779920973e-01	2.720264529849980573e-01	1.636052423326997129e-01	7.752495582141782915e-02	3.297567610690269047e-02	8.287153590647053369e-02
1.386021166212238768e+03	2.282769362593587148e-01	1.422706621008007211e-01	2.722147902939122677e-01	1.637160140000898101e-01	7.757204437492047633e-02	3.300757289747576623e-02	8.294198007335992773e-02
1.388440051319066470e+03	2.280095789391065331e-01	1.420907459869045486e-01	2.724025756789464903e-01	1.638264632768414719e-01	7.761900384537658015e-02	3.303939897294241174e-02	8.301223329979974530e-02
1.390858936425893944e+03	2.277429755724412752e-01	1.419113373974905112e-01	2.725898107101277779e-01	1.639365911816625110e-01	7.766583459775419640e-02	3.307115443494982460e-02	8.308229610549160149e-02
1.393277821532721646e+03	2.274771240291798280e-01	1.417324348978286075e-01	2.727764969530406258e-01	1.640463987297038628e-01	7.771253699597674425e-02	3.310283938540603543e-02	8.315216900878191764e-02
1.395696706639549120e+03	2.272120221851776090e-01	1.415540370572601903e-01	2.729626359688391846e-01	1.641558869325737691e-01	7.775911140292597612e-02	3.313445392647600823e-02	8.322185252666487731e-02
1.398115591746377049e+03	2.269476679223112747e-01	1.413761424491863095e-01	2.731482293142598050e-01	1.642650567983519327e-01	7.780555818044498917e-02	3.316599816057788641e-02	8.329134717478543781e-02
1.400534476853204296e+03	2.266840591284616235e-01	1.411987496510560269e-01	2.733332785416337507e-01	1.643739093316034794e-01	7.785187768934116737e-02	3.319747219037925273e-02	8.336065346744229998e-02
1.402953361960032225e+03	2.264211936974963868e-01	1.410218572443550367e-01	2.735177851988995212e-01	1.644824455333931124e-01	7.789807028938920686e-02	3.322887611879336150e-02	8.342977191759093358e-02
1.405372247066859927e+03	2.261590695292531317e-01	1.408454638145940074e-01	2.737017508296155088e-01	1.645906664012988796e-01	7.794413633933404417e-02	3.326021004897544708e-02	8.349870303684657491e-02
1.407791132173687402e+03	2.258976845295222746e-01	1.406695679512970920e-01	2.738851769729719887e-01	1.646985729294261902e-01	7.799007619689381221e-02	3.329147408431903238e-02	8.356744733548718274e-02
1.410210017280515103e+03	2.256370366100300673e-01	1.404941682479904919e-01	2.740680651638039977e-01	1.648061661084214424e-01	7.803589021876281007e-02	3.332266832845230675e-02	8.363600532245643593e-02
1.412628902387342805e+03	2.253771236884216933e-01	1.403192633021909386e-01	2.742504169326033248e-01	1.649134469254858737e-01	7.808157876061440350e-02	3.335379288523448310e-02	8.370437750536677268e-02
1.415047787494170507e+03	2.251179436882443374e-01	1.401448517153943973e-01	2.744322338055310007e-01	1.650204163643892441e-01	7.812714217710400866e-02	3.338484785875218269e-02	8.377256439050230485e-02
1.417466672600997981e+03	2.248594945389302824e-01	1.399709320930646317e-01	2.746135173044294553e-01	1.651270754054834089e-01	7.817258082187193702e-02	3.341583335331588939e-02	8.384056648282181556e-02
1.419885557707825683e+03	2.246017741757802555e-01	1.397975030446219347e-01	2.747942689468348965e-01	1.652334250257158077e-01	7.821789504754640687e-02	3.344674947345641081e-02	8.390838428596178455e-02
1.422304442814653157e+03	2.243447805399465533e-01	1.396245631834316936e-01	2.749744902459892448e-01	1.653394661986430092e-01	7.826308520574638827e-02	3.347759632392131868e-02	8.397601830223931640e-02
1.424723327921481086e+03	2.240885115784164994e-01	1.394521111267932045e-01	2.751541827108525129e-01	1.654451998944441449e-01	7.830815164708447573e-02	3.350837400967150020e-02	8.404346903265512425e-02
1.427142213028308333e+03	2.238329652439956796e-01	1.392801454959285146e-01	2.753333478461150174e-01	1.655506270799342039e-01	7.835309472116985807e-02	3.353908263587765393e-02	8.411073697689654127e-02
1.429561098135136262e+03	2.235781394952912893e-01	1.391086649159709865e-01	2.755119871522092589e-01	1.656557487185774391e-01	7.839791477661110786e-02	3.356972230791688272e-02	8.417782263334043502e-02
1.431979983241963964e+03	2.233240322966957847e-01	1.389376680159543909e-01	2.756901021253220785e-01	1.657605657705004953e-01	7.844261216101916512e-02	3.360029313136926599e-02	8.424472649905624666e-02
1.434398868348791666e+03	2.230706416183702301e-01	1.387671534288015818e-01	2.758676942574066482e-01	1.658650791925056212e-01	7.848718722101011291e-02	3.363079521201445959e-02	8.431144906980884979e-02
1.436817753455619140e+03	2.228179654362277828e-01	1.385971197913133945e-01	2.760447650361945171e-01	1.659692899380837972e-01	7.853164030220806391e-02	3.366122865582833745e-02	8.437799084006158967e-02
1.439236638562446842e+03	2.225660017319175121e-01	1.384275657441577101e-01	2.762213159452075462e-01	1.660731989574277534e-01	7.857597174924800532e-02	3.369159356897964697e-02	8.444435230297926698e-02
1.441655523669274316e+03	2.223147484928078288e-01	1.382584899318582139e-01	2.763973484637698985e-01	1.661768071974450978e-01	7.862018190577864385e-02	3.372189005782670612e-02	8.451053395043101046e-02
1.444074408776102018e+03	2.220642037119702761e-01	1.380898910027835436e-01	2.765728640670198635e-01	1.662801156017710280e-01	7.866427111446526454e-02	3.375211822891410751e-02	8.457653627299331622e-02
1.446493293882929493e+03	2.218143653881632371e-01	1.379217676091361588e-01	2.767478642259216248e-01	1.663831251107814047e-01	7.870823971699253407e-02	3.378227818896945012e-02	8.464235975995293426e-02
1.448912178989757422e+03	2.215652315258157534e-01	1.377541184069416280e-01	2.769223504072772513e-01	1.664858366616054908e-01	7.875208805406730406e-02	3.381237004490009884e-02	8.470800489930987998e-02
1.451331064096585123e+03	2.213168001350112324e-01	1.375869420560373591e-01	2.770963240737383537e-01	1.665882511881387196e-01	7.879581646542144213e-02	3.384239390378997181e-02	8.477347217778030686e-02
1.453749949203412370e+03	2.210690692314715156e-01	1.374202372200620526e-01	2.772697866838179648e-01	1.666903696210553232e-01	7.883942528981464914e-02	3.387234987289634847e-02	8.483876208079950410e-02
1.456168834310240300e+03	2.208220368365406694e-01	1.372540025664446550e-01	2.774427396919021405e-01	1.667921928878211280e-01	7.888291486503720695e-02	3.390223805964669157e-02	8.490387509252482479e-02
1.458587719417068001e+03	2.205757009771689703e-01	1.370882367663935342e-01	2.776151845482617841e-01	1.668937219127060168e-01	7.892628552791282337e-02	3.393205857163552469e-02	8.496881169583861415e-02
1.461006604523895703e+03	2.203300596858969174e-01	1.369229384948857930e-01	2.777871226990641929e-01	1.669949576167964744e-01	7.896953761430136609e-02	3.396181151662128195e-02	8.503357237235116550e-02
1.463425489630723177e+03	2.200851110008394118e-01	1.367581064306563898e-01	2.779585555863847701e-01	1.670959009180081334e-01	7.901267145910166600e-02	3.399149700252324102e-02	8.509815760240360683e-02
1.465844374737550879e+03	2.198408529656696586e-01	1.365937392561874797e-01	2.781294846482184058e-01	1.671965527310980970e-01	7.905568739625423724e-02	3.402111513741841453e-02	8.516256786507089838e-02
1.468263259844378354e+03	2.195972836296034292e-01	1.364298356576977289e-01	2.782999113184912998e-01	1.672969139676773742e-01	7.909858575874409437e-02	3.405066602953854549e-02	8.522680363816469151e-02
1.470682144951206283e+03	2.193544010473833517e-01	1.362663943251315457e-01	2.784698370270723422e-01	1.673969855362231196e-01	7.914136687860344466e-02	3.408014978726702643e-02	8.529086539823627078e-02
1.473101030058033530e+03	2.191122032792630347e-01	1.361034139521485609e-01	2.786392631997846592e-01	1.674967683420909015e-01	7.918403108691444980e-02	3.410956651913595039e-02	8.535475362057950988e-02
1.475519915164861459e+03	2.188706883909913581e-01	1.359408932361129141e-01	2.788081912584170485e-01	1.675962632875268865e-01	7.922657871381200145e-02	3.413891633382309249e-02	8.541846877923375825e-02
1.477938800271689161e+03	2.186298544537968735e-01	1.357788308780827624e-01	2.789766226207353594e-01	1.676954712716800244e-01	7.926901008848634411e-02	3.416819934014896781e-02	8.548201134698672765e-02
1.480357685378516862e+03	2.183896995443720679e-01	1.356172255827997053e-01	2.791445587004939832e-01	1.677943931906140385e-01	7.931132553918589234e-02	3.419741564707386855e-02	8.554538179537744813e-02
1.482776570485344337e+03	2.181502217448580139e-01	1.354560760586782098e-01	2.793120009074471222e-01	1.678930299373195267e-01	7.935352539321989529e-02	3.422656536369500513e-02	8.560858059469915460e-02
