1.001418434226643626e+03	2.820134463487742882e-01	1.784378398014187239e-01	2.341527504877400356e-01	1.412587132755386277e-01	6.818951224228339547e-02	2.698857072735052348e-02	6.895916711681421285e-02
1.002869765290740247e+03	2.817619187394216351e-01	1.782685446266365492e-01	2.343320214187434858e-01	1.413651770053533929e-01	6.823325236482707945e-02	2.701499907369821207e-02	6.902408677123947345e-02
1.004321096354836754e+03	2.815108174195383173e-01	1.780995364709722917e-01	2.345109804898293793e-01	1.414714462203904288e-01	6.827691962984915042e-02	2.704139863839869623e-02	6.908890113094157126e-02
1.005772427418933376e+03	2.812601416641964391e-01	1.779308148466784700e-01	2.346896282326840499e-01	1.415775213134889965e-01	6.832051416149556577e-02	2.706776941871200798e-02	6.915361036266429173e-02
1.007223758483029997e+03	2.810098907497173837e-01	1.777623792668325264e-01	2.348679651780890831e-01	1.416834026765859122e-01	6.836403608370028584e-02	2.709411141207533624e-02	6.921821463291924492e-02
1.008675089547126618e+03	2.807600639536695364e-01	1.775942292453357163e-01	2.350459918559230088e-01	1.417890907007179624e-01	6.840748552018552364e-02	2.712042461610215602e-02	6.928271410798587937e-02
1.010126420611223239e+03	2.805106605548657317e-01	1.774263642969116928e-01	2.352237087951626615e-01	1.418945857760242901e-01	6.845086259446223065e-02	2.714670902858136448e-02	6.934710895391177354e-02
1.011577751675319632e+03	2.802616798333610881e-01	1.772587839371054241e-01	2.354011165238849568e-01	1.419998882917489214e-01	6.849416742983029105e-02	2.717296464747641013e-02	6.941139933651263583e-02
1.013029082739416367e+03	2.800131210704504547e-01	1.770914876822819173e-01	2.355782155692682789e-01	1.421049986362430129e-01	6.853740014937903524e-02	2.719919147092443590e-02	6.947558542137259596e-02
1.014480413803512761e+03	2.797649835486661352e-01	1.769244750496249685e-01	2.357550064575941184e-01	1.422099171969673781e-01	6.858056087598747574e-02	2.722538949723540824e-02	6.953966737384426056e-02
1.015931744867609382e+03	2.795172665517755006e-01	1.767577455571361089e-01	2.359314897142484879e-01	1.423146443604947908e-01	6.862364973232472354e-02	2.725155872489127065e-02	6.960364535904887962e-02
1.017383075931706003e+03	2.792699693647786585e-01	1.765912987236330500e-01	2.361076658637236148e-01	1.424191805125124832e-01	6.866666684085030725e-02	2.727769915254509014e-02	6.966751954187652696e-02
1.018834406995802851e+03	2.790230912739062319e-01	1.764251340687488512e-01	2.362835354296193568e-01	1.425235260378243662e-01	6.870961232381453399e-02	2.730381077902020379e-02	6.973129008698626674e-02
1.020285738059899245e+03	2.787766315666167505e-01	1.762592511129303097e-01	2.364590989346447847e-01	1.426276813203534999e-01	6.875248630325882238e-02	2.732989360330937562e-02	6.979495715880626450e-02
1.021737069123995752e+03	2.785305895315946523e-01	1.760936493774370171e-01	2.366343569006196801e-01	1.427316467431444524e-01	6.879528890101607730e-02	2.735594762457394316e-02	6.985852092153393977e-02
1.023188400188092373e+03	2.782849644587478410e-01	1.759283283843399437e-01	2.368093098484761461e-01	1.428354226883656319e-01	6.883802023871102294e-02	2.738197284214299865e-02	6.992198153913618819e-02
1.024639731252188767e+03	2.780397556392053549e-01	1.757632876565203284e-01	2.369839582982599668e-01	1.429390095373115621e-01	6.888068043776057747e-02	2.740796925551253205e-02	6.998533917534947857e-02
1.026091062316285615e+03	2.777949623653151456e-01	1.755985267176683184e-01	2.371583027691323287e-01	1.430424076704053526e-01	6.892326961937411678e-02	2.743393686434460882e-02	7.004859399368003336e-02
1.027542393380382237e+03	2.775505839306414702e-01	1.754340450922818317e-01	2.373323437793712076e-01	1.431456174672008919e-01	6.896578790455391850e-02	2.745987566846653030e-02	7.011174615740398131e-02
1.028993724444478858e+03	2.773066196299633357e-01	1.752698423056652521e-01	2.375060818463728407e-01	1.432486393063853169e-01	6.900823541409545347e-02	2.748578566787001493e-02	7.017479582956753781e-02
1.030445055508575479e+03	2.770630687592716135e-01	1.751059178839282360e-01	2.376795174866534188e-01	1.433514735657811789e-01	6.905061226858776047e-02	2.751166686271037248e-02	7.023774317298715764e-02
1.031896386572671872e+03	2.768199306157668182e-01	1.749422713539844354e-01	2.378526512158503914e-01	1.434541206223489407e-01	6.909291858841376532e-02	2.753751925330567840e-02	7.030058835024965980e-02
1.033347717636768493e+03	2.765772044978572208e-01	1.747789022435502770e-01	2.380254835487241316e-01	1.435565808521890308e-01	6.913515449375061406e-02	2.756334284013596189e-02	7.036333152371243571e-02
1.034799048700865114e+03	2.763348897051562392e-01	1.746158100811436575e-01	2.381980149991593798e-01	1.436588546305442859e-01	6.917732010457004754e-02	2.758913762384238716e-02	7.042597285550361574e-02
1.036250379764961508e+03	2.760929855384804954e-01	1.744529943960827778e-01	2.383702460801667422e-01	1.437609423318022273e-01	6.921941554063874846e-02	2.761490360522644849e-02	7.048851250752222186e-02
1.037701710829058356e+03	2.758514912998472068e-01	1.742904547184848385e-01	2.385421773038841065e-01	1.438628443294973636e-01	6.926144092151864662e-02	2.764064078524915147e-02	7.055095064143830641e-02
1.039153041893154750e+03	2.756104062924724096e-01	1.741281905792648188e-01	2.387138091815783070e-01	1.439645609963134121e-01	6.930339636656726587e-02	2.766634916503021846e-02	7.061328741869318804e-02
1.040604372957251599e+03	2.753697298207684052e-01	1.739662015101342551e-01	2.388851422236464850e-01	1.440660927040855743e-01	6.934528199493807110e-02	2.769202874584727331e-02	7.067552300049956271e-02
1.042055704021347992e+03	2.751294611903417064e-01	1.738044870435999090e-01	2.390561769396176151e-01	1.441674398238027843e-01	6.938709792558085676e-02	2.771767952913506070e-02	7.073765754784167026e-02
1.043507035085444613e+03	2.748895997079908726e-01	1.736430467129625732e-01	2.392269138381540594e-01	1.442686027256100123e-01	6.942884427724198282e-02	2.774330151648463777e-02	7.079969122147548866e-02
1.044958366149541234e+03	2.746501446817041225e-01	1.734818800523158233e-01	2.393973534270529557e-01	1.443695817788104296e-01	6.947052116846484660e-02	2.776889470964257617e-02	7.086162418192891443e-02
1.046409697213637855e+03	2.744110954206573361e-01	1.733209865965447960e-01	2.395674962132477159e-01	1.444703773518676848e-01	6.951212871759006318e-02	2.779445911051018833e-02	7.092345658950190146e-02
1.047861028277734476e+03	2.741724512352117782e-01	1.731603658813248015e-01	2.397373427028095250e-01	1.445709898124081794e-01	6.955366704275595113e-02	2.781999472114272953e-02	7.098518860426665522e-02
1.049312359341831097e+03	2.739342114369120451e-01	1.730000174431202686e-01	2.399068934009488396e-01	1.446714195272232328e-01	6.959513626189878233e-02	2.784550154374861378e-02	7.104682038606779937e-02
1.050763690405927491e+03	2.736963753384837883e-01	1.728399408191833575e-01	2.400761488120168596e-01	1.447716668622712477e-01	6.963653649275314272e-02	2.787097958068863665e-02	7.110835209452258387e-02
1.052215021470024112e+03	2.734589422538314940e-01	1.726801355475526822e-01	2.402451094395069708e-01	1.448717321826800408e-01	6.967786785285226547e-02	2.789642883447519817e-02	7.116978388902096830e-02
1.053666352534120733e+03	2.732219114980364849e-01	1.725206011670522288e-01	2.404137757860561608e-01	1.449716158527489807e-01	6.971913045952836396e-02	2.792184930777152907e-02	7.123111592872589937e-02
1.055117683598217127e+03	2.729852823873546441e-01	1.723613372172898561e-01	2.405821483534466287e-01	1.450713182359511522e-01	6.976032442991297877e-02	2.794724100339091022e-02	7.129234837257342194e-02
1.056569014662313975e+03	2.727490542392144168e-01	1.722023432386562969e-01	2.407502276426071175e-01	1.451708396949356328e-01	6.980144988093729685e-02	2.797260392429591624e-02	7.135348137927288725e-02
1.058020345726410369e+03	2.725132263722145898e-01	1.720436187723236865e-01	2.409180141536144404e-01	1.452701805915296018e-01	6.984250692933248461e-02	2.799793807359764186e-02	7.141451510730711938e-02
1.059471676790506763e+03	2.722777981061220154e-01	1.718851633602445084e-01	2.410855083856948966e-01	1.453693412867404777e-01	6.988349569163004871e-02	2.802324345455494206e-02	7.147544971493262345e-02
1.060923007854603611e+03	2.720427687618698354e-01	1.717269765451501784e-01	2.412527108372257700e-01	1.454683221407582494e-01	6.992441628416212751e-02	2.804852007057367230e-02	7.153628536017968276e-02
1.062374338918700232e+03	2.718081376615550382e-01	1.715690578705498515e-01	2.414196220057368003e-01	1.455671235129574193e-01	6.996526882306185191e-02	2.807376792520592523e-02	7.159702220085263635e-02
1.063825669982796853e+03	2.715739041284364608e-01	1.714114068807291724e-01	2.415862423879115706e-01	1.456657457618993901e-01	7.000605342426365063e-02	2.809898702214929517e-02	7.165766039453001779e-02
1.065277001046893474e+03	2.713400674869328455e-01	1.712540231207490271e-01	2.417525724795889508e-01	1.457641892453343524e-01	7.004677020350363881e-02	2.812417736524609746e-02	7.171820009856472167e-02
1.066728332110990095e+03	2.711066270626203978e-01	1.710969061364442656e-01	2.419186127757645688e-01	1.458624543202036439e-01	7.008741927631986779e-02	2.814933895848264339e-02	7.177864147008422568e-02
1.068179663175086489e+03	2.708735821822310097e-01	1.709400554744225365e-01	2.420843637705923368e-01	1.459605413426418030e-01	7.012800075805271371e-02	2.817447180598849424e-02	7.183898466599071553e-02
1.069630994239183110e+03	2.706409321736500950e-01	1.707834706820628989e-01	2.422498259573857282e-01	1.460584506679786787e-01	7.016851476384518282e-02	2.819957591203571187e-02	7.189922984296132080e-02
1.071082325303279504e+03	2.704086763659143133e-01	1.706271513075146851e-01	2.424149998286193319e-01	1.461561826507415673e-01	7.020896140864325841e-02	2.822465128103811630e-02	7.195937715744830931e-02
1.072533656367376352e+03	2.701768140892099601e-01	1.704710968996961673e-01	2.425798858759302401e-01	1.462537376446573500e-01	7.024934080719619223e-02	2.824969791755055012e-02	7.201942676567918422e-02
1.073984987431472746e+03	2.699453446748702468e-01	1.703153070082933929e-01	2.427444845901194914e-01	1.463511160026545466e-01	7.028965307405686536e-02	2.827471582626816388e-02	7.207937882365697546e-02
1.075436318495569594e+03	2.697142674553737463e-01	1.701597811837587682e-01	2.429087964611534867e-01	1.464483180768654802e-01	7.032989832358213511e-02	2.829970501202564576e-02	7.213923348716037853e-02
1.076887649559666215e+03	2.694835817643422282e-01	1.700045189773100596e-01	2.430728219781654875e-01	1.465453442186283040e-01	7.037007666993311261e-02	2.832466547979654165e-02	7.219899091174393491e-02
1.078338980623762609e+03	2.692532869365383830e-01	1.698495199409289502e-01	2.432365616294569766e-01	1.466421947784891933e-01	7.041018822707549585e-02	2.834959723469248835e-02	7.225865125273822631e-02
1.079790311687859230e+03	2.690233823078641007e-01	1.696947836273598742e-01	2.434000159024989896e-01	1.467388701062042888e-01	7.045023310877991662e-02	2.837450028196251625e-02	7.231821466525009678e-02
1.081241642751955851e+03	2.687938672153580844e-01	1.695403095901087120e-01	2.435631852839337808e-01	1.468353705507418616e-01	7.049021142862228750e-02	2.839937462699232071e-02	7.237768130416277756e-02
1.082692973816052472e+03	2.685647409971941291e-01	1.693860973834415695e-01	2.437260702595759887e-01	1.469316964602844222e-01	7.053012329998406549e-02	2.842422027530355083e-02	7.243705132413612302e-02
1.084144304880149093e+03	2.683360029926789014e-01	1.692321465623836119e-01	2.438886713144141904e-01	1.470278481822306638e-01	7.056996883605262672e-02	2.844903723255308090e-02	7.249632487960679106e-02
1.085595635944245487e+03	2.681076525422499968e-01	1.690784566827176760e-01	2.440509889326122062e-01	1.471238260631975991e-01	7.060974814982155789e-02	2.847382550453231992e-02	7.255550212478843741e-02
1.087046967008342108e+03	2.678796889874739406e-01	1.689250273009831327e-01	2.442130235975107366e-01	1.472196304490225871e-01	7.064946135409101713e-02	2.849858509716648308e-02	7.261458321367192381e-02
1.088498298072438729e+03	2.676521116710440240e-01	1.687718579744746095e-01	2.443747757916284735e-01	1.473152616847653862e-01	7.068910856146801147e-02	2.852331601651390477e-02	7.267356830002542900e-02
1.089949629136535123e+03	2.674249199367784158e-01	1.686189482612406310e-01	2.445362459966636537e-01	1.474107201147102086e-01	7.072868988436674387e-02	2.854801826876532389e-02	7.273245753739478181e-02
1.091400960200631971e+03	2.671981131296182199e-01	1.684662977200826195e-01	2.446974346934955302e-01	1.475060060823677188e-01	7.076820543500896010e-02	2.857269186024318994e-02	7.279125107910350279e-02
1.092852291264728365e+03	2.669716905956252551e-01	1.683139059105534796e-01	2.448583423621856492e-01	1.476011199304770594e-01	7.080765532542419860e-02	2.859733679740095527e-02	7.284994907825312338e-02
1.094303622328825213e+03	2.667456516819802781e-01	1.681617723929564323e-01	2.450189694819792652e-01	1.476960620010078773e-01	7.084703966745019288e-02	2.862195308682239162e-02	7.290855168772331085e-02
1.095754953392921607e+03	2.665199957369808192e-01	1.680098967283436551e-01	2.451793165313067846e-01	1.477908326351623225e-01	7.088635857273314911e-02	2.864654073522089964e-02	7.296705906017209031e-02
1.097206284457018228e+03	2.662947221100394612e-01	1.678582784785151716e-01	2.453393839877851534e-01	1.478854321733770738e-01	7.092561215272805142e-02	2.867109974943880119e-02	7.302547134803602513e-02
1.098657615521114849e+03	2.660698301516815079e-01	1.677069172060175473e-01	2.454991723282191618e-01	1.479798609553253930e-01	7.096480051869902272e-02	2.869563013644667662e-02	7.308378870353043899e-02
1.100108946585211470e+03	2.658453192135430965e-01	1.675558124741427513e-01	2.456586820286029704e-01	1.480741193199190120e-01	7.100392378171961616e-02	2.872013190334267094e-02	7.314201127864955465e-02
1.101560277649308091e+03	2.656211886483695883e-01	1.674049638469267687e-01	2.458179135641213875e-01	1.481682076053101593e-01	7.104298205267314814e-02	2.874460505735180332e-02	7.320013922516677152e-02
1.103011608713404712e+03	2.653974378100131259e-01	1.672543708891484626e-01	2.459768674091513119e-01	1.482621261488936137e-01	7.108197544225298981e-02	2.876904960582530105e-02	7.325817269463481829e-02
1.104462939777501106e+03	2.651740660534308569e-01	1.671040331663283252e-01	2.461355440372630099e-01	1.483558752873085362e-01	7.112090406096290007e-02	2.879346555623992290e-02	7.331611183838596113e-02
1.105914270841597499e+03	2.649510727346832129e-01	1.669539502447272283e-01	2.462939439212216697e-01	1.484494553564405517e-01	7.115976801911740035e-02	2.881785291619727227e-02	7.337395680753219795e-02
1.107365601905694348e+03	2.647284572109314671e-01	1.668041216913452585e-01	2.464520675329885668e-01	1.485428666914236917e-01	7.119856742684196882e-02	2.884221169342315177e-02	7.343170775296545272e-02
1.108816932969790741e+03	2.645062188404361248e-01	1.666545470739203283e-01	2.466099153437227021e-01	1.486361096266423376e-01	7.123730239407344289e-02	2.886654189576687290e-02	7.348936482535778358e-02
1.110268264033887590e+03	2.642843569825549244e-01	1.665052259609270946e-01	2.467674878237818281e-01	1.487291844957331910e-01	7.127597303056032452e-02	2.889084353120060372e-02	7.354692817516161885e-02
1.111719595097984211e+03	2.640628709977408950e-01	1.663561579215757091e-01	2.469247854427241151e-01	1.488220916315871889e-01	7.131457944586309938e-02	2.891511660781869233e-02	7.360439795260988183e-02
1.113170926162080832e+03	2.638417602475403578e-01	1.662073425258105419e-01	2.470818086693094273e-01	1.489148313663514467e-01	7.135312174935451446e-02	2.893936113383701811e-02	7.366177430771626844e-02
1.114622257226177226e+03	2.636210240945911498e-01	1.660587793443089599e-01	2.472385579715005721e-01	1.490074040314312287e-01	7.139160005021992494e-02	2.896357711759233941e-02	7.371905739027539983e-02
1.116073588290273847e+03	2.634006619026204588e-01	1.659104679484801337e-01	2.473950338164648544e-01	1.490998099574918634e-01	7.143001445745762734e-02	2.898776456754162401e-02	7.377624734986304444e-02
1.117524919354370468e+03	2.631806730364431579e-01	1.657624079104638160e-01	2.475512366705752421e-01	1.491920494744606029e-01	7.146836507987909537e-02	2.901192349226140374e-02	7.383334433583634004e-02
1.118976250418467089e+03	2.629610568619595856e-01	1.656145988031290928e-01	2.477071669994118652e-01	1.492841229115286217e-01	7.150665202610936855e-02	2.903605390044712575e-02	7.389034849733397414e-02
1.120427581482563710e+03	2.627418127461540465e-01	1.654670402000731899e-01	2.478628252677632926e-01	1.493760305971529034e-01	7.154487540458735750e-02	2.906015580091250716e-02	7.394725998327637828e-02
1.121878912546660331e+03	2.625229400570924798e-01	1.653197316756202240e-01	2.480182119396279194e-01	1.494677728590581012e-01	7.158303532356612153e-02	2.908422920258888628e-02	7.400407894236595008e-02
1.123330243610756725e+03	2.623044381639208500e-01	1.651726728048199810e-01	2.481733274782152998e-01	1.495593500242384799e-01	7.162113189111317391e-02	2.910827411452457728e-02	7.406080552308727527e-02
1.124781574674853118e+03	2.620863064368629813e-01	1.650258631634467787e-01	2.483281723459475343e-01	1.496507624189598595e-01	7.165916521511084269e-02	2.913229054588424571e-02	7.411743987370729425e-02
1.126232905738949967e+03	2.618685442472191705e-01	1.648793023279981618e-01	2.484827470044605469e-01	1.497420103687613913e-01	7.169713540325654832e-02	2.915627850594825279e-02	7.417398214227556574e-02
1.127684236803046360e+03	2.616511509673635216e-01	1.647329898756936806e-01	2.486370519146053892e-01	1.498330941984574449e-01	7.173504256306312277e-02	2.918023800411203433e-02	7.423043247662440558e-02
1.129135567867143209e+03	2.614341259707428367e-01	1.645869253844737257e-01	2.487910875364497676e-01	1.499240142321396352e-01	7.177288680185910097e-02	2.920416904988546239e-02	7.428679102436913650e-02
1.130586898931239830e+03	2.612174686318741168e-01	1.644411084329983064e-01	2.489448543292792082e-01	1.500147707931784868e-01	7.181066822678905393e-02	2.922807165289221035e-02	7.434305793290829634e-02
1.132038229995336451e+03	2.610011783263431195e-01	1.642955386006458574e-01	2.490983527515984175e-01	1.501053642042254610e-01	7.184838694481389398e-02	2.925194582286914230e-02	7.439923334942383226e-02
1.133489561059432845e+03	2.607852544308021381e-01	1.641502154675119896e-01	2.492515832611326976e-01	1.501957947872147592e-01	7.188604306271115241e-02	2.927579156966567467e-02	7.445531742088128124e-02
1.134940892123529466e+03	2.605696963229685581e-01	1.640051386144083245e-01	2.494045463148291952e-01	1.502860628633650719e-01	7.192363668707534019e-02	2.929960890324315864e-02	7.451131029403008921e-02
1.136392223187626087e+03	2.603545033816224707e-01	1.638603076228612176e-01	2.495572423688582064e-01	1.503761687531816327e-01	7.196116792431819786e-02	2.932339783367426261e-02	7.456721211540366656e-02
1.137843554251722708e+03	2.601396749866052849e-01	1.637157220751106479e-01	2.497096718786146197e-01	1.504661127764579109e-01	7.199863688066905631e-02	2.934715837114235462e-02	7.462302303131973513e-02
1.139294885315819101e+03	2.599252105188175621e-01	1.635713815541089966e-01	2.498618352987191371e-01	1.505558952522774441e-01	7.203604366217511434e-02	2.937089052594088132e-02	7.467874318788043919e-02
1.140746216379915950e+03	2.597111093602171850e-01	1.634272856435197707e-01	2.500137330830196070e-01	1.506455164990157802e-01	7.207338837470174397e-02	2.939459430847275734e-02	7.473437273097265077e-02
1.142197547444012343e+03	2.594973708938178025e-01	1.632834339277165203e-01	2.501653656845924112e-01	1.507349768343421992e-01	7.211067112393279577e-02	2.941826972924977204e-02	7.478991180626805291e-02
1.143648878508108737e+03	2.592839945036865545e-01	1.631398259917814508e-01	2.503167335557437423e-01	1.508242765752215442e-01	7.214789201537089025e-02	2.944191679889195806e-02	7.484536055922348663e-02
1.145100209572205586e+03	2.590709795749424060e-01	1.629964614215044516e-01	2.504678371480107413e-01	1.509134160379160816e-01	7.218505115433777874e-02	2.946553552812700497e-02	7.490071913508110357e-02
1.146551540636302207e+03	2.588583254937544820e-01	1.628533398033817359e-01	2.506186769121632740e-01	1.510023955379873051e-01	7.222214864597459316e-02	2.948912592778963823e-02	7.495598767886854641e-02
1.148002871700398828e+03	2.586460316473400689e-01	1.627104607246147583e-01	2.507692532982046529e-01	1.510912153902976285e-01	7.225918459524216519e-02	2.951268800882103985e-02	7.501116633539919865e-02
1.149454202764495449e+03	2.584340974239627831e-01	1.625678237731089659e-01	2.509195667553734133e-01	1.511798759090123567e-01	7.229615910692131775e-02	2.953622178226823769e-02	7.506625524927240667e-02
1.150905533828591842e+03	2.582225222129306830e-01	1.624254285374726048e-01	2.510696177321443678e-01	1.512683774076014342e-01	7.233307228561319802e-02	2.955972725928350878e-02	7.512125456487370179e-02
1.152356864892688463e+03	2.580113054045946042e-01	1.622832746070155263e-01	2.512194066762299949e-01	1.513567201988410826e-01	7.236992423573956890e-02	2.958320445112379640e-02	7.517616442637495289e-02
1.153808195956785084e+03	2.578004463903461607e-01	1.621413615717480494e-01	2.513689340345817147e-01	1.514449045948157158e-01	7.240671506154308656e-02	2.960665336915011339e-02	7.523098497773464399e-02
1.155259527020881706e+03	2.575899445626161910e-01	1.619996890223796560e-01	2.515182002533911665e-01	1.515329309069197716e-01	7.244344486708761965e-02	2.963007402482694536e-02	7.528571636269805467e-02
1.156710858084978327e+03	2.573797993148726482e-01	1.618582565503179915e-01	2.516672057780916516e-01	1.516207994458593500e-01	7.248011375625856845e-02	2.965346642972168517e-02	7.534035872479752372e-02
1.158162189149074720e+03	2.571700100416189905e-01	1.617170637476674777e-01	2.518159510533591883e-01	1.517085105216539609e-01	7.251672183276311467e-02	2.967683059550403277e-02	7.539491220735260180e-02
1.159613520213171569e+03	2.569605761383922937e-01	1.615761102072283684e-01	2.519644365231139549e-01	1.517960644436384676e-01	7.255326920013056846e-02	2.970016653394541573e-02	7.544937695347028739e-02
1.161064851277267962e+03	2.567514970017614195e-01	1.614353955224953341e-01	2.521126626305215668e-01	1.518834615204646687e-01	7.258975596171267364e-02	2.972347425691842029e-02	7.550375310604527657e-02
1.162516182341364356e+03	2.565427720293253500e-01	1.612949192876564075e-01	2.522606298179943529e-01	1.519707020601031022e-01	7.262618222068388529e-02	2.974675377639620505e-02	7.555804080776011566e-02
1.163967513405461204e+03	2.563344006197111336e-01	1.611546810975917898e-01	2.524083385271925772e-01	1.520577863698448495e-01	7.266254808004164734e-02	2.977000510445192843e-02	7.561224020108550659e-02
1.165418844469557826e+03	2.561263821725724976e-01	1.610146805478726573e-01	2.525557891990258819e-01	1.521447147563031455e-01	7.269885364260671168e-02	2.979322825325817284e-02	7.566635142828045946e-02
1.166870175533654447e+03	2.559187160885876833e-01	1.608749172347599954e-01	2.527029822736542863e-01	1.522314875254152100e-01	7.273509901102344355e-02	2.981642323508639295e-02	7.572037463139248692e-02
1.168321506597751068e+03	2.557114017694578356e-01	1.607353907552034888e-01	2.528499181904897974e-01	1.523181049824439692e-01	7.277128428776014069e-02	2.983959006230632247e-02	7.577430995225792332e-02
1.169772837661847461e+03	2.555044386179052274e-01	1.605961007068402446e-01	2.529965973881975749e-01	1.524045674319797761e-01	7.280740957510926925e-02	2.986272874738542943e-02	7.582815753250204960e-02
1.171224168725944082e+03	2.552978260376713715e-01	1.604570466879936819e-01	2.531430203046969307e-01	1.524908751779420757e-01	7.284347497518781078e-02	2.988583930288834720e-02	7.588191751353937087e-02
1.172675499790040703e+03	2.550915634335155224e-01	1.603182282976723383e-01	2.532891873771629387e-01	1.525770285235811541e-01	7.287948058993752587e-02	2.990892174147630200e-02	7.593559003657375517e-02
1.174126830854137097e+03	2.548856502112124556e-01	1.601796451355688156e-01	2.534350990420277117e-01	1.526630277714798589e-01	7.291542652112528722e-02	2.993197607590657519e-02	7.598917524259876655e-02
1.175578161918233945e+03	2.546800857775511906e-01	1.600412968020584470e-01	2.535807557349814001e-01	1.527488732235553481e-01	7.295131287034332945e-02	2.995500231903193075e-02	7.604267327239778995e-02
1.177029492982330339e+03	2.544748695403328265e-01	1.599031828981982706e-01	2.537261578909736359e-01	1.528345651810606443e-01	7.298713973900959606e-02	2.997800048380007409e-02	7.609608426654432267e-02
1.178480824046426733e+03	2.542700009083690982e-01	1.597653030257257523e-01	2.538713059442148090e-01	1.529201039445864663e-01	7.302290722836798920e-02	3.000097058325308305e-02	7.614940836540209923e-02
1.179932155110523581e+03	2.540654792914803783e-01	1.596276567870577312e-01	2.540162003281772884e-01	1.530054898140628394e-01	7.305861543948868886e-02	3.002391263052687359e-02	7.620264570912543833e-02
1.181383486174620202e+03	2.538613041004941229e-01	1.594902437852891985e-01	2.541608414755966439e-01	1.530907230887608161e-01	7.309426447326840270e-02	3.004682663885065164e-02	7.625579643765935389e-02
1.182834817238716823e+03	2.536574747472429281e-01	1.593530636241922149e-01	2.543052298184728666e-01	1.531758040672941690e-01	7.312985443043075462e-02	3.006971262154636490e-02	7.630886069073983258e-02
1.184286148302813444e+03	2.534539906445630320e-01	1.592161159082146893e-01	2.544493657880718684e-01	1.532607330476209451e-01	7.316538541152645125e-02	3.009257059202815471e-02	7.636183860789406974e-02
1.185737479366910065e+03	2.532508512062921491e-01	1.590794002424791853e-01	2.545932498149263701e-01	1.533455103270453534e-01	7.320085751693368448e-02	3.011540056380181823e-02	7.641473032844063595e-02
1.187188810431006686e+03	2.530480558472683050e-01	1.589429162327819223e-01	2.547368823288373996e-01	1.534301362022191806e-01	7.323627084685836730e-02	3.013820255046428115e-02	7.646753599148975455e-02
1.188640141495103080e+03	2.528456039833276714e-01	1.588066634855914983e-01	2.548802637588755138e-01	1.535146109691436500e-01	7.327162550133442531e-02	3.016097656570304250e-02	7.652025573594346819e-02
1.190091472559199701e+03	2.526434950313029004e-01	1.586706416080478355e-01	2.550233945333819086e-01	1.535989349231709489e-01	7.330692158022411586e-02	3.018372262329565431e-02	7.657288970049590249e-02
1.191542803623296322e+03	2.524417284090215707e-01	1.585348502079609034e-01	2.551662750799698620e-01	1.536831083590059210e-01	7.334215918321827787e-02	3.020644073710919073e-02	7.662543802363350198e-02
1.192994134687392716e+03	2.522403035353044110e-01	1.583992888938096921e-01	2.553089058255259558e-01	1.537671315707077047e-01	7.337733840983666489e-02	3.022913092109970681e-02	7.667790084363519665e-02
1.194445465751489564e+03	2.520392198299633568e-01	1.582639572747410739e-01	2.554512871962109632e-01	1.538510048516913697e-01	7.341245935942819489e-02	3.025179318931171465e-02	7.673027829857267945e-02
1.195896796815585958e+03	2.518384767138001079e-01	1.581288549605685823e-01	2.555934196174615702e-01	1.539347284947295558e-01	7.344752213117126949e-02	3.027442755587766293e-02	7.678257052631061452e-02
1.197348127879682352e+03	2.516380736086042957e-01	1.579939815617713295e-01	2.557353035139913189e-01	1.540183027919541092e-01	7.348252682407405145e-02	3.029703403501741305e-02	7.683477766450683144e-02
1.198799458943779200e+03	2.514380099371517630e-01	1.578593366894928685e-01	2.558769393097919398e-01	1.541017280348576657e-01	7.351747353697475618e-02	3.031961264103771522e-02	7.688689985061260279e-02
1.200250790007875821e+03	2.512382851232029535e-01	1.577249199555401105e-01	2.560183274281344623e-01	1.541850045142953429e-01	7.355236236854192922e-02	3.034216338833168464e-02	7.693893722187283846e-02
1.201702121071972442e+03	2.510388985915009696e-01	1.575907309723820482e-01	2.561594682915706578e-01	1.542681325204862675e-01	7.358719341727475161e-02	3.036468629137829139e-02	7.699088991532629378e-02
1.203153452136069063e+03	2.508398497677702399e-01	1.574567693531487012e-01	2.563003623219340943e-01	1.543511123430152399e-01	7.362196678150330353e-02	3.038718136474184359e-02	7.704275806780583324e-02
1.204604783200165684e+03	2.506411380787144094e-01	1.573230347116301164e-01	2.564410099403414134e-01	1.544339442708343446e-01	7.365668255938886966e-02	3.040964862307148076e-02	7.709454181593862476e-02
1.206056114264262078e+03	2.504427629520149523e-01	1.571895266622749809e-01	2.565814115671934958e-01	1.545166285922645044e-01	7.369134084892420278e-02	3.043208808110064306e-02	7.714624129614637560e-02
1.207507445328358699e+03	2.502447238163293952e-01	1.570562448201897610e-01	2.567215676221768494e-01	1.545991655949971177e-01	7.372594174793384303e-02	3.045449975364658557e-02	7.719785664464559605e-02
1.208958776392455093e+03	2.500470201012895965e-01	1.569231888011373699e-01	2.568614785242645526e-01	1.546815555660955854e-01	7.376048535407439544e-02	3.047688365560986129e-02	7.724938799744773821e-02
1.210410107456551941e+03	2.498496512375000256e-01	1.567903582215361413e-01	2.570011446917178088e-01	1.547637987919970315e-01	7.379497176483479359e-02	3.049923980197381118e-02	7.730083549035951518e-02
1.211861438520648335e+03	2.496526166565361249e-01	1.566577526984587743e-01	2.571405665420868347e-01	1.548458955585136909e-01	7.382940107753657721e-02	3.052156820780407495e-02	7.735219925898305371e-02
1.213312769584745183e+03	2.494559157909426728e-01	1.565253718496310287e-01	2.572797444922122478e-01	1.549278461508346583e-01	7.386377338933421133e-02	3.054386888824807758e-02	7.740347943871617176e-02
1.214764100648841804e+03	2.492595480742320624e-01	1.563932152934308095e-01	2.574186789582263435e-01	1.550096508535274142e-01	7.389808879721534995e-02	3.056614185853454013e-02	7.745467616475258665e-02
1.216215431712937971e+03	2.490635129408826365e-01	1.562612826488869455e-01	2.575573703555539828e-01	1.550913099505392689e-01	7.393234739800109978e-02	3.058838713397298015e-02	7.750578957208213715e-02
1.217666762777034819e+03	2.488678098263370220e-01	1.561295735356780789e-01	2.576958190989143138e-01	1.551728237251990827e-01	7.396654928834636711e-02	3.061060472995320858e-02	7.755681979549101934e-02
1.219118093841131440e+03	2.486724381670004091e-01	1.559980875741315554e-01	2.578340256023214372e-01	1.552541924602187928e-01	7.400069456474006602e-02	3.063279466194485795e-02	7.760776696956202259e-02
1.220569424905228061e+03	2.484773974002389696e-01	1.558668243852223412e-01	2.579719902790859054e-01	1.553354164376948565e-01	7.403478332350545144e-02	3.065495694549686539e-02	7.765863122867472379e-02
1.222020755969324682e+03	2.482826869643781631e-01	1.557357835905719134e-01	2.581097135418159993e-01	1.554164959391099443e-01	7.406881566080034118e-02	3.067709159623701123e-02	7.770941270700575110e-02
1.223472087033421303e+03	2.480883062987011001e-01	1.556049648124470941e-01	2.582471958024186165e-01	1.554974312453344110e-01	7.410279167261747679e-02	3.069919862987141243e-02	7.776011153852901980e-02
1.224923418097517697e+03	2.478942548434469040e-01	1.554743676737590785e-01	2.583844374721006032e-01	1.555782226366278498e-01	7.413671145478474556e-02	3.072127806218404381e-02	7.781072785701588501e-02
1.226374749161614318e+03	2.477005320398088795e-01	1.553439917980622420e-01	2.585214389613701425e-01	1.556588703926405914e-01	7.417057510296547196e-02	3.074332990903626273e-02	7.786126179603547470e-02
1.227826080225710712e+03	2.475071373299331801e-01	1.552138368095530019e-01	2.586582006800377531e-01	1.557393747924152860e-01	7.420438271265872299e-02	3.076535418636632338e-02	7.791171348895484239e-02
1.229277411289807560e+03	2.473140701569168654e-01	1.550839023330687905e-01	2.587947230372174556e-01	1.558197361143883464e-01	7.423813437919953018e-02	3.078735091018888759e-02	7.796208306893924467e-02
1.230728742353903954e+03	2.471213299648064576e-01	1.549541879940869171e-01	2.589310064413280488e-01	1.558999546363916411e-01	7.427183019775925044e-02	3.080932009659456683e-02	7.801237066895230776e-02
1.232180073418000802e+03	2.469289161985961933e-01	1.548246934187234580e-01	2.590670513000942199e-01	1.559800306356537991e-01	7.430547026334576033e-02	3.083126176174944347e-02	7.806257642175634670e-02
1.233631404482097196e+03	2.467368283042264132e-01	1.546954182337322292e-01	2.592028580205477106e-01	1.560599643888018473e-01	7.433905467080380303e-02	3.085317592189458502e-02	7.811270045991251798e-02
1.235082735546193817e+03	2.465450657285820357e-01	1.545663620665037319e-01	2.593384270090287602e-01	1.561397561718627647e-01	7.437258351481522423e-02	3.087506259334558620e-02	7.816274291578109712e-02
1.236534066610290438e+03	2.463536279194907530e-01	1.544375245450638479e-01	2.594737586711868271e-01	1.562194062602648148e-01	7.440605688989924971e-02	3.089692179249209705e-02	7.821270392152164519e-02
1.237985397674387059e+03	2.461625143257214487e-01	1.543089052980729514e-01	2.596088534119821434e-01	1.562989149288392110e-01	7.443947489041276289e-02	3.091875353579735461e-02	7.826258360909331413e-02
1.239436728738483680e+03	2.459717243969826994e-01	1.541805039548247991e-01	2.597437116356867692e-01	1.563782824518215042e-01	7.447283761055062401e-02	3.094055783979772142e-02	7.831238211025505491e-02
1.240888059802580301e+03	2.457812575839210256e-01	1.540523201452453084e-01	2.598783337458857590e-01	1.564575091028531373e-01	7.450614514434589220e-02	3.096233472110222068e-02	7.836209955656581183e-02
1.242339390866676695e+03	2.455911133381193656e-01	1.539243534998917251e-01	2.600127201454782155e-01	1.565365951549829160e-01	7.453939758567013074e-02	3.098408419639206435e-02	7.841173607938477230e-02
1.243790721930773088e+03	2.454012911120952989e-01	1.537966036499513189e-01	2.601468712366786784e-01	1.566155408806683969e-01	7.457259502823365693e-02	3.100580628242021602e-02	7.846129180987163054e-02
1.245242052994869937e+03	2.452117903592996029e-01	1.536690702272403286e-01	2.602807874210181782e-01	1.566943465517775524e-01	7.460573756558583347e-02	3.102750099601090869e-02	7.851076687898676798e-02
1.246693384058966330e+03	2.450226105341146154e-01	1.535417528642030183e-01	2.604144690993454025e-01	1.567730124395901037e-01	7.463882529111535991e-02	3.104916835405921796e-02	7.856016141749151693e-02
1.248144715123063179e+03	2.448337510918525972e-01	1.534146511939104562e-01	2.605479166718276951e-01	1.568515388147990186e-01	7.467185829805049468e-02	3.107080837353058678e-02	7.860947555594839653e-02
1.249596046187159800e+03	2.446452114887540941e-01	1.532877648500594603e-01	2.606811305379526655e-01	1.569299259475119834e-01	7.470483667945937434e-02	3.109242107146036743e-02	7.865870942472130700e-02
1.251047377251256421e+03	2.444569911819863273e-01	1.531610934669717372e-01	2.608141110965288001e-01	1.570081741072528736e-01	7.473776052825030491e-02	3.111400646495339831e-02	7.870786315397577948e-02
1.252498708315352815e+03	2.442690896296417502e-01	1.530346366795924673e-01	2.609468587456871269e-01	1.570862835629631971e-01	7.477062993717195627e-02	3.113556457118353896e-02	7.875693687367922580e-02
1.253950039379449436e+03	2.440815062907363275e-01	1.529083941234894994e-01	2.610793738828818822e-01	1.571642545830035098e-01	7.480344499881369513e-02	3.115709540739322256e-02	7.880593071360116053e-02
1.255401370443546057e+03	2.438942406252078976e-01	1.527823654348521576e-01	2.612116569048920089e-01	1.572420874351549425e-01	7.483620580560584878e-02	3.117859899089302222e-02	7.885484480331339530e-02
1.256852701507642678e+03	2.437072920939146736e-01	1.526565502504902416e-01	2.613437082078222673e-01	1.573197823866206158e-01	7.486891244981995486e-02	3.120007533906119304e-02	7.890367927219034405e-02
1.258304032571739299e+03	2.435206601586336617e-01	1.525309482078329171e-01	2.614755281871042336e-01	1.573973397040270561e-01	7.490156502356902501e-02	3.122152446934325226e-02	7.895243424940917576e-02
1.259755363635835920e+03	2.433343442820590508e-01	1.524055589449276604e-01	2.616071172374975218e-01	1.574747596534255556e-01	7.493416361880787802e-02	3.124294639925151440e-02	7.900110986395011969e-02
1.261206694699932314e+03	2.431483439278006309e-01	1.522803821004392322e-01	2.617384757530909489e-01	1.575520425002938096e-01	7.496670832733334788e-02	3.126434114636467837e-02	7.904970624459663198e-02
1.262658025764028707e+03	2.429626585603821276e-01	1.521554173136485943e-01	2.618696041273037567e-01	1.576291885095371381e-01	7.499919924078456146e-02	3.128570872832738686e-02	7.909822351993568701e-02
1.264109356828125556e+03	2.427772876452398698e-01	1.520306642244518835e-01	2.620005027528865549e-01	1.577061979454900120e-01	7.503163645064322984e-02	3.130704916284977185e-02	7.914666181835793013e-02
1.265560687892221949e+03	2.425922306487209579e-01	1.519061224733592452e-01	2.621311720219226538e-01	1.577830710719174689e-01	7.506402004823391205e-02	3.132836246770705213e-02	7.919502126805801068e-02
1.267012018956318798e+03	2.424074870380818203e-01	1.517817917014939455e-01	2.622616123258289522e-01	1.578598081520164731e-01	7.509635012472423710e-02	3.134964866073908230e-02	7.924330199703477629e-02
1.268463350020415419e+03	2.422230562814866872e-01	1.516576715505911777e-01	2.623918240553573256e-01	1.579364094484173864e-01	7.512862677112525089e-02	3.137090775984995722e-02	7.929150413309142553e-02
1.269914681084511813e+03	2.420389378480059250e-01	1.515337616629971462e-01	2.625218076005957912e-01	1.580128752231853284e-01	7.516085007829163833e-02	3.139213978300752633e-02	7.933962780383586877e-02
1.271366012148608434e+03	2.418551312076145654e-01	1.514100616816678735e-01	2.626515633509693415e-01	1.580892057378215643e-01	7.519302013692198694e-02	3.141334474824303280e-02	7.938767313668085301e-02
1.272817343212705055e+03	2.416716358311906399e-01	1.512865712501682280e-01	2.627810916952413312e-01	1.581654012532650311e-01	7.522513703755906445e-02	3.143452267365066249e-02	7.943564025884428115e-02
1.274268674276801676e+03	2.414884511905137365e-01	1.511632900126709811e-01	2.629103930215144769e-01	1.582414620298935315e-01	7.525720087059005470e-02	3.145567357738710684e-02	7.948352929734939232e-02
1.275720005340898297e+03	2.413055767582634459e-01	1.510402176139555852e-01	2.630394677172320228e-01	1.583173883275252880e-01	7.528921172624687685e-02	3.147679747767116731e-02	7.953134037902503950e-02
1.277171336404994690e+03	2.411230120080176675e-01	1.509173536994071751e-01	2.631683161691787953e-01	1.583931804054202475e-01	7.532116969460640743e-02	3.149789439278333908e-02	7.957907363050584215e-02
1.278622667469091539e+03	2.409407564142512503e-01	1.507946979150156519e-01	2.632969387634824243e-01	1.584688385222814411e-01	7.535307486559078560e-02	3.151896434106538775e-02	7.962672917823249152e-02
1.280073998533187932e+03	2.407588094523343547e-01	1.506722499073744614e-01	2.634253358856146199e-01	1.585443629362565110e-01	7.538492732896762138e-02	3.154000734091992608e-02	7.967430714845195883e-02
1.281525329597284326e+03	2.405771705985308706e-01	1.505500093236797621e-01	2.635535079203918940e-01	1.586197539049388761e-01	7.541672717435032869e-02	3.156102341081001156e-02	7.972180766721773115e-02
1.282976660661381175e+03	2.403958393299970298e-01	1.504279758117291754e-01	2.636814552519768928e-01	1.586950116853692583e-01	7.544847449119830574e-02	3.158201256925875777e-02	7.976923086039006128e-02
1.284427991725477568e+03	2.402148151247796848e-01	1.503061490199209815e-01	2.638091782638795624e-01	1.587701365340369042e-01	7.548016936881726813e-02	3.160297483484886261e-02	7.981657685363618970e-02
1.285879322789574417e+03	2.400340974618149770e-01	1.501845285972528421e-01	2.639366773389581478e-01	1.588451287068811391e-01	7.551181189635948476e-02	3.162391022622227515e-02	7.986384577243055283e-02
1.287330653853671038e+03	2.398536858209265876e-01	1.500631141933210511e-01	2.640639528594204699e-01	1.589199884592925882e-01	7.554340216282404152e-02	3.164481876207975164e-02	7.991103774205503274e-02
1.288781984917767431e+03	2.396735796828243226e-01	1.499419054583192579e-01	2.641910052068246473e-01	1.589947160461145370e-01	7.557494025705709106e-02	3.166570046118044601e-02	7.995815288759922090e-02
1.290233315981864052e+03	2.394937785291026966e-01	1.498209020430374960e-01	2.643178347620807611e-01	1.590693117216443186e-01	7.560642626775215813e-02	3.168655534234152138e-02	8.000519133396062632e-02
