1.001418434226643626e+03	2.799989298748086775e-01	1.805706179549621537e-01	2.347121650085849942e-01	1.410715811122748575e-01	6.803105311995998050e-02	2.681401679598359455e-02	6.880163613334709660e-02
1.002869765290740247e+03	2.797463434175641028e-01	1.804024958547086888e-01	2.348944389727946613e-01	1.411770135936399884e-01	6.807414660318804323e-02	2.683977690801730639e-02	6.886578465000864346e-02
1.004321096354836754e+03	2.794942018804295603e-01	1.802346431106280067e-01	2.350763989335896142e-01	1.412822511079598609e-01	6.811716780738266697e-02	2.686550921892267782e-02	6.892982794100908917e-02
1.005772427418933376e+03	2.792425044238685539e-01	1.800670593389215868e-01	2.352580454130582810e-01	1.413872940557933944e-01	6.816011685820276556e-02	2.689121373008166588e-02	6.899376617999519734e-02
1.007223758483029997e+03	2.789912502101921654e-01	1.798997441560843680e-01	2.354393789324617792e-01	1.414921428367562906e-01	6.820299388108000405e-02	2.691689044301081440e-02	6.905759954033609260e-02
1.008675089547126618e+03	2.787404384035537808e-01	1.797326971789058592e-01	2.356204000122350817e-01	1.415967978495235313e-01	6.824579900121921505e-02	2.694253935936062952e-02	6.912132819512353810e-02
1.010126420611223239e+03	2.784900681699438163e-01	1.795659180244714437e-01	2.358011091719880992e-01	1.417012594918320434e-01	6.828853234359896773e-02	2.696816048091494472e-02	6.918495231717236571e-02
1.011577751675319632e+03	2.782401386771848339e-01	1.793994063101636005e-01	2.359815069305067903e-01	1.418055281604834184e-01	6.833119403297195638e-02	2.699375380959030679e-02	6.924847207902078139e-02
1.013029082739416367e+03	2.779906490949261566e-01	1.792331616536632088e-01	2.361615938057543829e-01	1.419096042513462996e-01	6.837378419386552775e-02	2.701931934743533742e-02	6.931188765293075371e-02
1.014480413803512761e+03	2.777415985946388166e-01	1.790671836729507416e-01	2.363413703148723177e-01	1.420134881593592413e-01	6.841630295058209743e-02	2.704485709663011217e-02	6.937519921088843022e-02
1.015931744867609382e+03	2.774929863496102267e-01	1.789014719863074310e-01	2.365208369741814420e-01	1.421171802785330118e-01	6.845875042719967718e-02	2.707036705948554986e-02	6.943840692460438724e-02
1.017383075931706003e+03	2.772448115349394060e-01	1.787360262123164900e-01	2.366999942991832584e-01	1.422206810019534529e-01	6.850112674757231901e-02	2.709584923844278459e-02	6.950151096551407393e-02
1.018834406995802851e+03	2.769970733275315955e-01	1.785708459698643058e-01	2.368788428045607852e-01	1.423239907217837830e-01	6.854343203533054540e-02	2.712130363607254818e-02	6.956451150477821477e-02
1.020285738059899245e+03	2.767497709060934286e-01	1.784059308781416886e-01	2.370573830041798891e-01	1.424271098292673732e-01	6.858566641388180729e-02	2.714673025507456997e-02	6.962740871328310099e-02
1.021737069123995752e+03	2.765029034511275463e-01	1.782412805566449265e-01	2.372356154110902282e-01	1.425300387147301895e-01	6.862783000641102527e-02	2.717212909827694881e-02	6.969020276164096528e-02
1.023188400188092373e+03	2.762564701449280458e-01	1.780768946251770068e-01	2.374135405375265295e-01	1.426327777675833464e-01	6.866992293588093654e-02	2.719750016863554942e-02	6.975289382019038420e-02
1.024639731252188767e+03	2.760104701715750952e-01	1.779127727038487816e-01	2.375911588949095599e-01	1.427353273763257158e-01	6.871194532503265007e-02	2.722284346923339524e-02	6.981548205899659743e-02
1.026091062316285615e+03	2.757649027169300493e-01	1.777489144130800502e-01	2.377684709938473195e-01	1.428376879285463141e-01	6.875389729638602121e-02	2.724815900328007162e-02	6.987796764785196568e-02
1.027542393380382237e+03	2.755197669686303974e-01	1.775853193736007807e-01	2.379454773441361526e-01	1.429398598109269947e-01	6.879577897224016525e-02	2.727344677411110141e-02	6.994035075627624831e-02
1.028993724444478858e+03	2.752750621160849342e-01	1.774219872064520809e-01	2.381221784547617737e-01	1.430418434092448621e-01	6.883759047467384595e-02	2.729870678518736896e-02	7.000263155351701960e-02
1.030445055508575479e+03	2.750307873504688194e-01	1.772589175329874478e-01	2.382985748339004894e-01	1.431436391083747428e-01	6.887933192554594741e-02	2.732393904009450258e-02	7.006481020854998798e-02
1.031896386572671872e+03	2.747869418647185258e-01	1.770961099748737666e-01	2.384746669889202253e-01	1.432452472922917108e-01	6.892100344649595978e-02	2.734914354254228824e-02	7.012688689007944010e-02
1.033347717636768493e+03	2.745435248535270101e-01	1.769335641540925319e-01	2.386504554263816913e-01	1.433466683440736966e-01	6.896260515894436782e-02	2.737432029636406930e-02	7.018886176653854614e-02
1.034799048700865114e+03	2.743005355133388279e-01	1.767712796929408470e-01	2.388259406520394368e-01	1.434479026459037909e-01	6.900413718409315056e-02	2.739946930551614979e-02	7.025073500608973454e-02
1.036250379764961508e+03	2.740579730423453597e-01	1.766092562140323674e-01	2.390011231708430162e-01	1.435489505790727705e-01	6.904559964292612817e-02	2.742459057407721848e-02	7.031250677662513604e-02
1.037701710829058356e+03	2.738158366404796484e-01	1.764474933402985779e-01	2.391760034869380436e-01	1.436498125239816515e-01	6.908699265620951713e-02	2.744968410624774868e-02	7.037417724576684741e-02
1.039153041893154750e+03	2.735741255094119584e-01	1.762859906949897082e-01	2.393505821036672754e-01	1.437504888601440212e-01	6.912831634449229101e-02	2.747474990634941536e-02	7.043574658086738938e-02
1.040604372957251599e+03	2.733328388525445574e-01	1.761247479016758710e-01	2.395248595235718592e-01	1.438509799661885635e-01	6.916957082810663848e-02	2.749978797882450532e-02	7.049721494901001195e-02
1.042055704021347992e+03	2.730919758750073867e-01	1.759637645842480058e-01	2.396988362483923052e-01	1.439512862198615017e-01	6.921075622716839348e-02	2.752479832823534825e-02	7.055858251700911077e-02
1.043507035085444613e+03	2.728515357836527877e-01	1.758030403669189057e-01	2.398725127790695688e-01	1.440514079980289575e-01	6.925187266157747934e-02	2.754978095926372689e-02	7.061984945141058789e-02
1.044958366149541234e+03	2.726115177870511164e-01	1.756425748742242443e-01	2.400458896157462718e-01	1.441513456766795320e-01	6.929292025101832508e-02	2.757473587671030110e-02	7.068101591849219878e-02
1.046409697213637855e+03	2.723719210954858583e-01	1.754823677310236030e-01	2.402189672577677293e-01	1.442510996309264715e-01	6.933389911496033731e-02	2.759966308549402850e-02	7.074208208426396860e-02
1.047861028277734476e+03	2.721327449209487992e-01	1.753224185625015252e-01	2.403917462036831154e-01	1.443506702350103033e-01	6.937480937265824710e-02	2.762456259065159542e-02	7.080304811446851143e-02
1.049312359341831097e+03	2.718939884771354176e-01	1.751627269941683218e-01	2.405642269512464071e-01	1.444500578623011677e-01	6.941565114315260965e-02	2.764943439733684102e-02	7.086391417458143271e-02
1.050763690405927491e+03	2.716556509794400553e-01	1.750032926518611809e-01	2.407364099974176885e-01	1.445492628853011774e-01	6.945642454527019283e-02	2.767427851082019177e-02	7.092468042981169007e-02
1.052215021470024112e+03	2.714177316449515875e-01	1.748441151617450839e-01	2.409082958383641782e-01	1.446482856756468316e-01	6.949712969762444903e-02	2.769909493648809937e-02	7.098534704510200966e-02
1.053666352534120733e+03	2.711802296924483158e-01	1.746851941503138328e-01	2.410798849694612001e-01	1.447471266041113758e-01	6.953776671861587599e-02	2.772388367984245441e-02	7.104591418512916368e-02
1.055117683598217127e+03	2.709431443423936936e-01	1.745265292443908822e-01	2.412511778852934607e-01	1.448457860406072439e-01	6.957833572643243314e-02	2.774864474650004520e-02	7.110638201430447003e-02
1.056569014662313975e+03	2.707064748169313861e-01	1.743681200711303947e-01	2.414221750796561317e-01	1.449442643541882514e-01	6.961883683905004117e-02	2.777337814219198522e-02	7.116675069677402821e-02
1.058020345726410369e+03	2.704702203398808846e-01	1.742099662580180730e-01	2.415928770455557928e-01	1.450425619130522314e-01	6.965927017423295675e-02	2.779808387276315115e-02	7.122702039641916338e-02
1.059471676790506763e+03	2.702343801367327325e-01	1.740520674328720763e-01	2.417632842752116817e-01	1.451406790845430894e-01	6.969963584953414726e-02	2.782276194417162771e-02	7.128719127685682888e-02
1.060923007854603611e+03	2.699989534346441955e-01	1.738944232238441023e-01	2.419333972600567761e-01	1.452386162351533005e-01	6.973993398229576257e-02	2.784741236248815602e-02	7.134726350143992535e-02
1.062374338918700232e+03	2.697639394624343212e-01	1.737370332594200817e-01	2.421032164907388207e-01	1.453363737305262138e-01	6.978016468964952368e-02	2.787203513389557852e-02	7.140723723325768935e-02
1.063825669982796853e+03	2.695293374505796646e-01	1.735798971684212044e-01	2.422727424571214649e-01	1.454339519354584109e-01	6.982032808851715289e-02	2.789663026468828036e-02	7.146711263513606804e-02
1.065277001046893474e+03	2.692951466312098474e-01	1.734230145800046974e-01	2.424419756482853183e-01	1.455313512139019272e-01	6.986042429561076239e-02	2.792119776127164471e-02	7.152688986963808004e-02
1.066728332110990095e+03	2.690613662381026727e-01	1.732663851236647956e-01	2.426109165525291433e-01	1.456285719289666380e-01	6.990045342743331225e-02	2.794573763016150805e-02	7.158656909906420396e-02
1.068179663175086489e+03	2.688279955066799620e-01	1.731100084292335750e-01	2.427795656573708272e-01	1.457256144429226186e-01	6.994041560027894344e-02	2.797024987798361201e-02	7.164615048545275311e-02
1.069630994239183110e+03	2.685950336740029476e-01	1.729538841268817850e-01	2.429479234495485196e-01	1.458224791172023083e-01	6.998031093023343585e-02	2.799473451147305170e-02	7.170563419058025023e-02
1.071082325303279504e+03	2.683624799787677762e-01	1.727980118471197923e-01	2.431159904150217710e-01	1.459191663124028426e-01	7.002013953317461070e-02	2.801919153747374491e-02	7.176502037596177441e-02
1.072533656367376352e+03	2.681303336613011234e-01	1.726423912207982747e-01	2.432837670389725870e-01	1.460156763882884123e-01	7.005990152477274691e-02	2.804362096293789089e-02	7.182430920285133580e-02
1.073984987431472746e+03	2.678985939635556979e-01	1.724870218791091925e-01	2.434512538058064557e-01	1.461120097037924559e-01	7.009959702049094188e-02	2.806802279492541866e-02	7.188350083224229192e-02
1.075436318495569594e+03	2.676672601291057441e-01	1.723319034535865102e-01	2.436184511991535961e-01	1.462081666170198802e-01	7.013922613558556951e-02	2.809239704060347009e-02	7.194259542486766690e-02
1.076887649559666215e+03	2.674363314031429351e-01	1.721770355761071403e-01	2.437853597018698748e-01	1.463041474852494750e-01	7.017878898510664099e-02	2.811674370724585176e-02	7.200159314120056775e-02
1.078338980623762609e+03	2.672058070324715984e-01	1.720224178788916369e-01	2.439519797960380265e-01	1.463999526649360783e-01	7.021828568389820724e-02	2.814106280223251447e-02	7.206049414145453136e-02
1.079790311687859230e+03	2.669756862655046636e-01	1.718680499945050288e-01	2.441183119629685705e-01	1.464955825117127131e-01	7.025771634659878917e-02	2.816535433304900166e-02	7.211929858558388529e-02
1.081241642751955851e+03	2.667459683522590552e-01	1.717139315558575963e-01	2.442843566832011704e-01	1.465910373803930300e-01	7.029708108764172458e-02	2.818961830728594631e-02	7.217800663328416411e-02
1.082692973816052472e+03	2.665166525443515289e-01	1.715600621962057037e-01	2.444501144365054668e-01	1.466863176249733614e-01	7.033638002125564004e-02	2.821385473263853319e-02	7.223661844399244247e-02
1.084144304880149093e+03	2.662877380949942863e-01	1.714064415491525495e-01	2.446155857018822710e-01	1.467814235986351079e-01	7.037561326146478391e-02	2.823806361690596456e-02	7.229513417688772370e-02
1.085595635944245487e+03	2.660592242589905898e-01	1.712530692486489148e-01	2.447807709575646196e-01	1.468763556537468207e-01	7.041478092208944273e-02	2.826224496799095015e-02	7.235355399089130057e-02
1.087046967008342108e+03	2.658311102927306546e-01	1.710999449289940522e-01	2.449456706810189122e-01	1.469711141418664213e-01	7.045388311674632975e-02	2.828639879389918677e-02	7.241187804466713007e-02
1.088498298072438729e+03	2.656033954541871522e-01	1.709470682248361573e-01	2.451102853489459388e-01	1.470656994137434781e-01	7.049291995884895967e-02	2.831052510273883091e-02	7.247010649662223580e-02
1.089949629136535123e+03	2.653760790029108807e-01	1.707944387711733958e-01	2.452746154372819620e-01	1.471601118193213986e-01	7.053189156160807882e-02	2.833462390271998879e-02	7.252823950490701332e-02
1.091400960200631971e+03	2.651491602000269898e-01	1.706420562033545696e-01	2.454386614211997997e-01	1.472543517077394837e-01	7.057079803803205376e-02	2.835869520215418896e-02	7.258627722741567423e-02
1.092852291264728365e+03	2.649226383082300962e-01	1.704899201570796718e-01	2.456024237751099903e-01	1.473484194273353143e-01	7.060963950092720431e-02	2.838273900945388617e-02	7.264421982178659309e-02
1.094303622328825213e+03	2.646965125917806194e-01	1.703380302684008585e-01	2.457659029726617650e-01	1.474423153256466945e-01	7.064841606289827547e-02	2.840675533313193751e-02	7.270206744540265442e-02
1.095754953392921607e+03	2.644707823165002303e-01	1.701863861737229755e-01	2.459290994867441293e-01	1.475360397494140108e-01	7.068712783634874264e-02	2.843074418180109586e-02	7.275982025539165510e-02
1.097206284457018228e+03	2.642454467497676873e-01	1.700349875098043917e-01	2.460920137894870574e-01	1.476295930445822857e-01	7.072577493348125577e-02	2.845470556417349986e-02	7.281747840862663745e-02
1.098657615521114849e+03	2.640205051605149511e-01	1.698838339137576647e-01	2.462546463522624074e-01	1.477229755563033986e-01	7.076435746629797241e-02	2.847863948906017434e-02	7.287504206172631949e-02
1.100108946585211470e+03	2.637959568192225768e-01	1.697329250230500686e-01	2.464169976456851430e-01	1.478161876289381671e-01	7.080287554660101568e-02	2.850254596537051335e-02	7.293251137105541404e-02
1.101560277649308091e+03	2.635718009979159393e-01	1.695822604755045648e-01	2.465790681396143047e-01	1.479092296060585399e-01	7.084132928599277956e-02	2.852642500211179100e-02	7.298988649272498963e-02
1.103011608713404712e+03	2.633480369701609036e-01	1.694318399093002747e-01	2.467408583031540925e-01	1.480021018304497060e-01	7.087971879587635915e-02	2.855027660838865833e-02	7.304716758259295617e-02
1.104462939777501106e+03	2.631246640110597168e-01	1.692816629629731728e-01	2.469023686046550592e-01	1.480948046441121491e-01	7.091804418745591143e-02	2.857410079340263684e-02	7.310435479626424538e-02
1.105914270841597499e+03	2.629016813972470112e-01	1.691317292754168367e-01	2.470635995117151096e-01	1.481873383882638950e-01	7.095630557173703001e-02	2.859789756645161884e-02	7.316144828909133813e-02
1.107365601905694348e+03	2.626790884068856413e-01	1.689820384858829738e-01	2.472245514911804998e-01	1.482797034033425942e-01	7.099450305952714757e-02	2.862166693692938871e-02	7.321844821617458365e-02
1.108816932969790741e+03	2.624568843196625756e-01	1.688325902339821993e-01	2.473852250091469196e-01	1.483719000290075196e-01	7.103263676143589667e-02	2.864540891432511976e-02	7.327535473236254648e-02
1.110268264033887590e+03	2.622350684167847890e-01	1.686833841596846184e-01	2.475456205309607693e-01	1.484639286041418149e-01	7.107070678787548446e-02	2.866912350822288166e-02	7.333216799225245053e-02
1.111719595097984211e+03	2.620136399809754324e-01	1.685344199033203816e-01	2.477057385212199370e-01	1.485557894668544376e-01	7.110871324906106739e-02	2.869281072830114077e-02	7.338888815019040113e-02
1.113170926162080832e+03	2.617925982964695586e-01	1.683856971055804064e-01	2.478655794437750748e-01	1.486474829544823795e-01	7.114665625501113977e-02	2.871647058433229871e-02	7.344551536027192629e-02
1.114622257226177226e+03	2.615719426490102362e-01	1.682372154075169879e-01	2.480251437617305710e-01	1.487390094035926646e-01	7.118453591554792237e-02	2.874010308618217546e-02	7.350204977634224035e-02
1.116073588290273847e+03	2.613516723258445529e-01	1.680889744505443817e-01	2.481844319374456598e-01	1.488303691499843762e-01	7.122235234029768158e-02	2.876370824380954788e-02	7.355849155199663258e-02
1.117524919354370468e+03	2.611317866157193968e-01	1.679409738764393867e-01	2.483434444325355039e-01	1.489215625286909039e-01	7.126010563869114578e-02	2.878728606726565359e-02	7.361484084058086963e-02
1.118976250418467089e+03	2.609122848088779034e-01	1.677932133273419280e-01	2.485021817078721940e-01	1.490125898739818044e-01	7.129779591996385224e-02	2.881083656669370871e-02	7.367109779519150081e-02
1.120427581482563710e+03	2.606931661970550707e-01	1.676456924457558062e-01	2.486606442235858583e-01	1.491034515193649379e-01	7.133542329315652186e-02	2.883435975232844645e-02	7.372726256867628836e-02
1.121878912546660331e+03	2.604744300734739837e-01	1.674984108745490585e-01	2.488188324390657180e-01	1.491941477975885222e-01	7.137298786711546161e-02	2.885785563449561400e-02	7.378333531363458209e-02
1.123330243610756725e+03	2.602560757328419294e-01	1.673513682569546523e-01	2.489767468129611694e-01	1.492846790406431590e-01	7.141048975049286984e-02	2.888132422361151808e-02	7.383931618241759698e-02
1.124781574674853118e+03	2.600381024713465106e-01	1.672045642365710683e-01	2.491343878031828107e-01	1.493750455797638321e-01	7.144792905174726649e-02	2.890476553018253222e-02	7.389520532712889889e-02
1.126232905738949967e+03	2.598205095866514269e-01	1.670579984573627719e-01	2.492917558669035527e-01	1.494652477454320172e-01	7.148530587914384005e-02	2.892817956480464581e-02	7.395100289962466822e-02
1.127684236803046360e+03	2.596032963778929226e-01	1.669116705636608522e-01	2.494488514605596452e-01	1.495552858673776242e-01	7.152262034075476671e-02	2.895156633816297134e-02	7.400670905151413015e-02
1.129135567867143209e+03	2.593864621456757891e-01	1.667655802001635490e-01	2.496056750398516766e-01	1.496451602745810239e-01	7.155987254445964063e-02	2.897492586103129000e-02	7.406232393415992932e-02
1.130586898931239830e+03	2.591700061920694242e-01	1.666197270119368079e-01	2.497622270597457950e-01	1.497348712952750738e-01	7.159706259794580696e-02	2.899825814427157283e-02	7.411784769867844902e-02
1.132038229995336451e+03	2.589539278206040573e-01	1.664741106444147245e-01	2.499185079744745963e-01	1.498244192569471167e-01	7.163419060870870880e-02	2.902156319883353319e-02	7.417328049594019979e-02
1.133489561059432845e+03	2.587382263362668078e-01	1.663287307434001827e-01	2.500745182375382902e-01	1.499138044863409513e-01	7.167125668405230354e-02	2.904484103575414103e-02	7.422862247657020796e-02
1.134940892123529466e+03	2.585229010454980769e-01	1.661835869550653821e-01	2.502302583017057547e-01	1.500030273094588862e-01	7.170826093108936816e-02	2.906809166615717532e-02	7.428387379094832099e-02
1.136392223187626087e+03	2.583079512561874402e-01	1.660386789259522544e-01	2.503857286190154241e-01	1.500920880515635714e-01	7.174520345674187394e-02	2.909131510125276265e-02	7.433903458920966545e-02
1.137843554251722708e+03	2.580933762776699836e-01	1.658940063029729906e-01	2.505409296407766218e-01	1.501809870371801636e-01	7.178208436774134726e-02	2.911451135233690882e-02	7.439410502124491065e-02
1.139294885315819101e+03	2.578791754207226949e-01	1.657495687334106516e-01	2.506958618175705311e-01	1.502697245900981582e-01	7.181890377062924435e-02	2.913768043079104780e-02	7.444908523670071276e-02
1.140746216379915950e+03	2.576653479975601901e-01	1.656053658649195570e-01	2.508505255992510286e-01	1.503583010333733871e-01	7.185566177175729818e-02	2.916082234808159077e-02	7.450397538498007566e-02
1.142197547444012343e+03	2.574518933218314931e-01	1.654613973455257292e-01	2.510049214349458491e-01	1.504467166893300456e-01	7.189235847728786544e-02	2.918393711575946459e-02	7.455877561524264230e-02
1.143648878508108737e+03	2.572388107086160391e-01	1.653176628236276147e-01	2.511590497730578075e-01	1.505349718795625236e-01	7.192899399319431508e-02	2.920702474545965738e-02	7.461348607640513886e-02
1.145100209572205586e+03	2.570260994744197891e-01	1.651741619479962786e-01	2.513129110612657979e-01	1.506230669249374599e-01	7.196556842526131981e-02	2.923008524890078133e-02	7.466810691714170778e-02
1.146551540636302207e+03	2.568137589371718432e-01	1.650308943677759876e-01	2.514665057465256259e-01	1.507110021455955462e-01	7.200208187908527235e-02	2.925311863788461128e-02	7.472263828588425472e-02
1.148002871700398828e+03	2.566017884162204443e-01	1.648878597324847373e-01	2.516198342750712857e-01	1.507987778609536089e-01	7.203853446007460470e-02	2.927612492429564062e-02	7.477708033082283712e-02
1.149454202764495449e+03	2.563901872323293696e-01	1.647450576920146403e-01	2.517728970924158483e-01	1.508863943897064408e-01	7.207492627345017666e-02	2.929910412010064066e-02	7.483143319990606668e-02
1.150905533828591842e+03	2.561789547076742668e-01	1.646024878966323990e-01	2.519256946433526823e-01	1.509738520498287440e-01	7.211125742424558116e-02	2.932205623734820618e-02	7.488569704084134526e-02
1.152356864892688463e+03	2.559680901658389907e-01	1.644601499969796654e-01	2.520782273719563982e-01	1.510611511585770450e-01	7.214752801730751897e-02	2.934498128816832169e-02	7.493987200109535063e-02
1.153808195956785084e+03	2.557575929318119390e-01	1.643180436440736802e-01	2.522304957215836807e-01	1.511482920324915824e-01	7.218373815729615950e-02	2.936787928477192430e-02	7.499395822789439725e-02
1.155259527020881706e+03	2.555474623319821670e-01	1.641761684893075224e-01	2.523825001348748986e-01	1.512352749873982494e-01	7.221988794868546002e-02	2.939075023945045273e-02	7.504795586822468612e-02
1.156710858084978327e+03	2.553376976941361676e-01	1.640345241844505531e-01	2.525342410537544935e-01	1.513221003384104812e-01	7.225597749576355422e-02	2.941359416457541009e-02	7.510186506883277657e-02
1.158162189149074720e+03	2.551282983474540411e-01	1.638931103816489987e-01	2.526857189194324782e-01	1.514087683999310596e-01	7.229200690263307139e-02	2.943641107259794762e-02	7.515568597622593328e-02
1.159613520213171569e+03	2.549192636225057207e-01	1.637519267334261730e-01	2.528369341724053809e-01	1.514952794856541385e-01	7.232797627321145562e-02	2.945920097604840318e-02	7.520941873667240374e-02
1.161064851277267962e+03	2.547105928512475304e-01	1.636109728926828932e-01	2.529878872524570221e-01	1.515816339085669928e-01	7.236388571123139601e-02	2.948196388753588845e-02	7.526306349620190406e-02
1.162516182341364356e+03	2.545022853670187435e-01	1.634702485126981186e-01	2.531385785986600134e-01	1.516678319809519615e-01	7.239973532024110425e-02	2.950469981974784828e-02	7.531662040060589647e-02
1.163967513405461204e+03	2.542943405045376415e-01	1.633297532471290614e-01	2.532890086493763682e-01	1.517538740143883624e-01	7.243552520360467539e-02	2.952740878544963393e-02	7.537008959543795017e-02
1.165418844469557826e+03	2.540867575998983496e-01	1.631894867500117419e-01	2.534391778422587782e-01	1.518397603197541301e-01	7.247125546450242095e-02	2.955009079748407638e-02	7.542347122601412990e-02
1.166870175533654447e+03	2.538795359905670068e-01	1.630494486757613770e-01	2.535890866142516131e-01	1.519254912072279806e-01	7.250692620593124360e-02	2.957274586877105260e-02	7.547676543741335675e-02
1.168321506597751068e+03	2.536726750153783239e-01	1.629096386791726303e-01	2.537387354015918639e-01	1.520110669862910213e-01	7.254253753070495636e-02	2.959537401230707618e-02	7.552997237447776901e-02
1.169772837661847461e+03	2.534661740145319753e-01	1.627700564154201113e-01	2.538881246398103642e-01	1.520964879657286939e-01	7.257808954145464342e-02	2.961797524116485669e-02	7.558309218181304134e-02
1.171224168725944082e+03	2.532600323295891576e-01	1.626307015400587641e-01	2.540372547637325118e-01	1.521817544536325784e-01	7.261358234062895156e-02	2.964054956849289033e-02	7.563612500378880110e-02
1.172675499790040703e+03	2.530542493034690921e-01	1.624915737090241175e-01	2.541861262074796568e-01	1.522668667574022805e-01	7.264901603049447876e-02	2.966309700751503312e-02	7.568907098453891980e-02
1.174126830854137097e+03	2.528488242804455832e-01	1.623526725786326730e-01	2.543347394044699894e-01	1.523518251837471527e-01	7.268439071313613498e-02	2.968561757153008462e-02	7.574193026796195716e-02
1.175578161918233945e+03	2.526437566061433548e-01	1.622139978055823495e-01	2.544830947874194838e-01	1.524366300386882089e-01	7.271970649045740587e-02	2.970811127391137160e-02	7.579470299772145259e-02
1.177029492982330339e+03	2.524390456275347194e-01	1.620755490469527327e-01	2.546311927883429527e-01	1.525212816275598737e-01	7.275496346418074134e-02	2.973057812810632472e-02	7.584738931724628597e-02
1.178480824046426733e+03	2.522346906929360810e-01	1.619373259602054638e-01	2.547790338385552134e-01	1.526057802550118137e-01	7.279016173584788862e-02	2.975301814763608305e-02	7.589998936973106625e-02
1.179932155110523581e+03	2.520306911520046045e-01	1.617993282031845170e-01	2.549266183686719756e-01	1.526901262250107694e-01	7.282530140682019759e-02	2.977543134609506037e-02	7.595250329813647838e-02
1.181383486174620202e+03	2.518270463557344963e-01	1.616615554341166716e-01	2.550739468086109518e-01	1.527743198408423597e-01	7.286038257827902320e-02	2.979781773715055662e-02	7.600493124518963028e-02
1.182834817238716823e+03	2.516237556564538402e-01	1.615240073116116504e-01	2.552210195875928012e-01	1.528583614051127471e-01	7.289540535122598919e-02	2.982017733454231725e-02	7.605727335338441364e-02
1.184286148302813444e+03	2.514208184078211006e-01	1.613866834946625917e-01	2.553678371341422393e-01	1.529422512197505801e-01	7.293036982648334887e-02	2.984251015208216201e-02	7.610952976498185085e-02
1.185737479366910065e+03	2.512182339648216800e-01	1.612495836426462437e-01	2.555143998760889823e-01	1.530259895860086872e-01	7.296527610469433212e-02	2.986481620365354778e-02	7.616170062201045587e-02
1.187188810431006686e+03	2.510160016837645336e-01	1.611127074153233529e-01	2.556607082405689124e-01	1.531095768044658523e-01	7.300012428632345063e-02	2.988709550321118000e-02	7.621378606626662278e-02
1.188640141495103080e+03	2.508141209222791157e-01	1.609760544728389697e-01	2.558067626540248551e-01	1.531930131750286195e-01	7.303491447165688655e-02	2.990934806478061370e-02	7.626578623931491718e-02
1.190091472559199701e+03	2.506125910393113831e-01	1.608396244757226423e-01	2.559525635422079115e-01	1.532762989969330414e-01	7.306964676080274224e-02	2.993157390245783020e-02	7.631770128248847873e-02
1.191542803623296322e+03	2.504114113951209086e-01	1.607034170848888888e-01	2.560981113301781797e-01	1.533594345687464278e-01	7.310432125369142886e-02	2.995377303040886244e-02	7.636953133688935413e-02
1.192994134687392716e+03	2.502105813512773835e-01	1.605674319616373635e-01	2.562434064423059210e-01	1.534424201883690941e-01	7.313893805007597171e-02	2.997594546286938208e-02	7.642127654338887188e-02
1.194445465751489564e+03	2.500101002706573983e-01	1.604316687676531628e-01	2.563884493022726696e-01	1.535252561530361104e-01	7.317349724953237100e-02	2.999809121414429708e-02	7.647293704262797531e-02
1.195896796815585958e+03	2.498099675174409451e-01	1.602961271650071018e-01	2.565332403330721212e-01	1.536079427593190494e-01	7.320799895145987946e-02	3.002021029860737003e-02	7.652451297501756955e-02
1.197348127879682352e+03	2.496101824571082262e-01	1.601608068161559928e-01	2.566777799570110763e-01	1.536904803031277356e-01	7.324244325508134923e-02	3.004230273070081572e-02	7.657600448073886845e-02
1.198799458943779200e+03	2.494107444564363230e-01	1.600257073839428668e-01	2.568220685957105509e-01	1.537728690797119380e-01	7.327683025944360662e-02	3.006436852493490214e-02	7.662741169974383870e-02
1.200250790007875821e+03	2.492116528834958933e-01	1.598908285315973621e-01	2.569661066701069974e-01	1.538551093836631189e-01	7.331116006341774349e-02	3.008640769588757230e-02	7.667873477175539410e-02
1.201702121071972442e+03	2.490129071076479239e-01	1.597561699227358356e-01	2.571098946004528596e-01	1.539372015089161549e-01	7.334543276569939485e-02	3.010842025820404874e-02	7.672997383626786738e-02
1.203153452136069063e+03	2.488145064995404276e-01	1.596217312213616957e-01	2.572534328063180165e-01	1.540191457487510573e-01	7.337964846480912740e-02	3.013040622659644494e-02	7.678112903254735722e-02
1.204604783200165684e+03	2.486164504311051959e-01	1.594875120918656519e-01	2.573967217065904478e-01	1.541009423957946378e-01	7.341380725909274485e-02	3.015236561584337324e-02	7.683220049963197795e-02
1.206056114264262078e+03	2.484187382755546070e-01	1.593535121990259373e-01	2.575397617194776778e-01	1.541825917420222569e-01	7.344790924672162102e-02	3.017429844078956327e-02	7.688318837633234537e-02
1.207507445328358699e+03	2.482213694073783228e-01	1.592197312080085581e-01	2.576825532625072745e-01	1.542640940787595449e-01	7.348195452569300512e-02	3.019620471634548026e-02	7.693409280123182648e-02
1.208958776392455093e+03	2.480243432023400418e-01	1.590861687843675709e-01	2.578250967525282378e-01	1.543454496966839840e-01	7.351594319383035481e-02	3.021808445748694338e-02	7.698491391268691419e-02
1.210410107456551941e+03	2.478276590374743904e-01	1.589528245940451667e-01	2.579673926057117761e-01	1.544266588858267120e-01	7.354987534878364153e-02	3.023993767925473031e-02	7.703565184882760208e-02
1.211861438520648335e+03	2.476313162910836196e-01	1.588196983033720033e-01	2.581094412375525837e-01	1.545077219355741605e-01	7.358375108802971132e-02	3.026176439675422325e-02	7.708630674755771739e-02
1.213312769584745183e+03	2.474353143427344970e-01	1.586867895790674832e-01	2.582512430628694511e-01	1.545886391346697475e-01	7.361757050887254850e-02	3.028356462515499961e-02	7.713687874655526799e-02
1.214764100648841804e+03	2.472396525732550865e-01	1.585540980882398643e-01	2.583927984958066526e-01	1.546694107712155153e-01	7.365133370844367811e-02	3.030533837969048155e-02	7.718736798327278936e-02
1.216215431712937971e+03	2.470443303647315292e-01	1.584216234983865101e-01	2.585341079498346128e-01	1.547500371326737956e-01	7.368504078370238797e-02	3.032708567565754396e-02	7.723777459493771924e-02
1.217666762777034819e+03	2.468493471005048789e-01	1.582893654773940284e-01	2.586751718377512943e-01	1.548305185058689304e-01	7.371869183143608950e-02	3.034880652841614318e-02	7.728809871855267521e-02
1.219118093841131440e+03	2.466547021651681049e-01	1.581573236935385762e-01	2.588159905716829190e-01	1.549108551769889097e-01	7.375228694826065079e-02	3.037050095338895278e-02	7.733834049089589879e-02
1.220569424905228061e+03	2.464603949445627884e-01	1.580254978154860823e-01	2.589565645630850788e-01	1.549910474315869258e-01	7.378582623062071577e-02	3.039216896606098534e-02	7.738850004852151909e-02
1.222020755969324682e+03	2.462664248257760702e-01	1.578938875122922469e-01	2.590968942227435678e-01	1.550710955545831216e-01	7.381930977478999567e-02	3.041381058197922121e-02	7.743857752775994141e-02
1.223472087033421303e+03	2.460727911971374582e-01	1.577624924534029027e-01	2.592369799607755487e-01	1.551509998302662563e-01	7.385273767687158819e-02	3.043542581675223735e-02	7.748857306471816642e-02
1.224923418097517697e+03	2.458794934482158301e-01	1.576313123086541257e-01	2.593768221866306067e-01	1.552307605422952597e-01	7.388611003279831058e-02	3.045701468604984641e-02	7.753848679528019261e-02
1.226374749161614318e+03	2.456865309698162414e-01	1.575003467482725128e-01	2.595164213090915828e-01	1.553103779737008416e-01	7.391942693833299105e-02	3.047857720560273598e-02	7.758831885510729387e-02
1.227826080225710712e+03	2.454939031539769001e-01	1.573695954428751542e-01	2.596557777362755726e-01	1.553898524068872689e-01	7.395268848906880188e-02	3.050011339120208692e-02	7.763806937963839416e-02
1.229277411289807560e+03	2.453016093939660025e-01	1.572390580634700219e-01	2.597948918756352032e-01	1.554691841236338079e-01	7.398589478042956469e-02	3.052162325869922990e-02	7.768773850409041448e-02
1.230728742353903954e+03	2.451096490842787634e-01	1.571087342814559418e-01	2.599337641339591332e-01	1.555483734050964739e-01	7.401904590767006964e-02	3.054310682400526722e-02	7.773732636345863367e-02
1.232180073418000802e+03	2.449180216206342797e-01	1.569786237686228991e-01	2.600723949173734395e-01	1.556274205318095571e-01	7.405214196587636688e-02	3.056456410309071892e-02	7.778683309251697986e-02
1.233631404482097196e+03	2.447267263999725051e-01	1.568487261971522051e-01	2.602107846313425621e-01	1.557063257836872605e-01	7.408518304996611348e-02	3.058599511198516890e-02	7.783625882581841904e-02
1.235082735546193817e+03	2.445357628204512801e-01	1.567190412396164967e-01	2.603489336806701360e-01	1.557850894400253372e-01	7.411816925468885098e-02	3.060739986677690067e-02	7.788560369769530201e-02
1.236534066610290438e+03	2.443451302814431958e-01	1.565895685689799588e-01	2.604868424695000462e-01	1.558637117795026172e-01	7.415110067462632459e-02	3.062877838361253297e-02	7.793486784225964192e-02
1.237985397674387059e+03	2.441548281835326240e-01	1.564603078585985740e-01	2.606245114013174824e-01	1.559421930801825895e-01	7.418397740419278852e-02	3.065013067869669372e-02	7.798405139340354453e-02
1.239436728738483680e+03	2.439648559285126916e-01	1.563312587822201227e-01	2.607619408789498272e-01	1.560205336195150949e-01	7.421679953763535287e-02	3.067145676829163142e-02	7.803315448479954120e-02
1.240888059802580301e+03	2.437752129193823392e-01	1.562024210139843494e-01	2.608991313045678218e-01	1.560987336743378529e-01	7.424956716903420573e-02	3.069275666871688901e-02	7.808217724990081099e-02
1.242339390866676695e+03	2.435858985603432669e-01	1.560737942284231017e-01	2.610360830796863429e-01	1.561767935208779601e-01	7.428228039230304336e-02	3.071403039634893611e-02	7.813111982194169414e-02
1.243790721930773088e+03	2.433969122567969101e-01	1.559453781004604966e-01	2.611727966051654026e-01	1.562547134347535560e-01	7.431493930118927838e-02	3.073527796762082903e-02	7.817998233393788632e-02
1.245242052994869937e+03	2.432082534153416076e-01	1.558171723054130320e-01	2.613092722812112578e-01	1.563324936909754048e-01	7.434754398927435892e-02	3.075649939902186034e-02	7.822876491868686888e-02
1.246693384058966330e+03	2.430199214437695765e-01	1.556891765189896415e-01	2.614455105073773544e-01	1.564101345639483387e-01	7.438009454997411563e-02	3.077769470709721192e-02	7.827746770876821414e-02
1.248144715123063179e+03	2.428319157510638593e-01	1.555613904172918616e-01	2.615815116825651598e-01	1.564876363274729787e-01	7.441259107653903915e-02	3.079886390844759764e-02	7.832609083654394622e-02
1.249596046187159800e+03	2.426442357473955758e-01	1.554338136768139145e-01	2.617172762050254953e-01	1.565649992547471225e-01	7.444503366205457162e-02	3.082000701972894413e-02	7.837463443415886022e-02
1.251047377251256421e+03	2.424568808441208145e-01	1.553064459744429027e-01	2.618528044723590908e-01	1.566422236183674099e-01	7.447742239944143972e-02	3.084112405765202999e-02	7.842309863354082755e-02
1.252498708315352815e+03	2.422698504537778297e-01	1.551792869874587810e-01	2.619880968815178623e-01	1.567193096903307659e-01	7.450975738145595995e-02	3.086221503898214924e-02	7.847148356640125388e-02
1.253950039379449436e+03	2.420831439900840709e-01	1.550523363935344956e-01	2.621231538288056329e-01	1.567962577420361214e-01	7.454203870069033011e-02	3.088327998053875742e-02	7.851978936423524569e-02
1.255401370443546057e+03	2.418967608679332415e-01	1.549255938707361224e-01	2.622579757098794095e-01	1.568730680442856906e-01	7.457426644957290685e-02	3.090431889919515937e-02	7.856801615832209595e-02
1.256852701507642678e+03	2.417107005033924949e-01	1.547990590975229785e-01	2.623925629197502163e-01	1.569497408672867467e-01	7.460644072036852481e-02	3.092533181187814839e-02	7.861616407972554788e-02
1.258304032571739299e+03	2.415249623136995205e-01	1.546727317527475942e-01	2.625269158527840374e-01	1.570262764806529265e-01	7.463856160517882976e-02	3.094631873556768359e-02	7.866423325929414179e-02
1.259755363635835920e+03	2.413395457172596292e-01	1.545466115156558795e-01	2.626610349027026503e-01	1.571026751534059518e-01	7.467062919594251447e-02	3.096727968729654293e-02	7.871222382766156211e-02
1.261206694699932314e+03	2.411544501336429225e-01	1.544206980658871797e-01	2.627949204625850133e-01	1.571789371539769609e-01	7.470264358443566566e-02	3.098821468414999364e-02	7.876013591524695656e-02
1.262658025764028707e+03	2.409696749835814056e-01	1.542949910834743865e-01	2.629285729248678760e-01	1.572550627502081744e-01	7.473460486227211097e-02	3.100912374326547302e-02	7.880796965225529693e-02
1.264109356828125556e+03	2.407852196889662122e-01	1.541694902488439656e-01	2.630619926813467790e-01	1.573310522093542829e-01	7.476651312090355772e-02	3.103000688183223457e-02	7.885572516867769832e-02
1.265560687892221949e+03	2.406010836728446067e-01	1.540441952428160122e-01	2.631951801231772192e-01	1.574069057980840292e-01	7.479836845162006476e-02	3.105086411709103225e-02	7.890340259429173830e-02
1.267012018956318798e+03	2.404172663594173476e-01	1.539191057466043899e-01	2.633281356408754270e-01	1.574826237824816788e-01	7.483017094555023674e-02	3.107169546633378743e-02	7.895100205866183163e-02
1.268463350020415419e+03	2.402337671740358005e-01	1.537942214418167031e-01	2.634608596243194212e-01	1.575582064280484917e-01	7.486192069366154334e-02	3.109250094690325927e-02	7.899852369113952166e-02
1.269914681084511813e+03	2.400505855431989688e-01	1.536695420104544352e-01	2.635933524627499525e-01	1.576336539997042208e-01	7.489361778676063841e-02	3.111328057619272905e-02	7.904596762086382733e-02
1.271366012148608434e+03	2.398677208945509398e-01	1.535450671349128937e-01	2.637256145447714473e-01	1.577089667617886104e-01	7.492526231549363758e-02	3.113403437164565662e-02	7.909333397676160393e-02
1.272817343212705055e+03	2.396851726568779706e-01	1.534207964979814043e-01	2.638576462583529514e-01	1.577841449780628680e-01	7.495685437034640963e-02	3.115476235075537517e-02	7.914062288754784846e-02
1.274268674276801676e+03	2.395029402601056290e-01	1.532967297828431719e-01	2.639894479908292957e-01	1.578591889117110514e-01	7.498839404164488187e-02	3.117546453106475463e-02	7.918783448172603268e-02
1.275720005340898297e+03	2.393210231352961570e-01	1.531728666730755584e-01	2.641210201289017623e-01	1.579340988253417344e-01	7.501988141955531764e-02	3.119614093016588596e-02	7.923496888758840839e-02
1.277171336404994690e+03	2.391394207146456397e-01	1.530492068526498328e-01	2.642523630586392502e-01	1.580088749809893112e-01	7.505131659408460776e-02	3.121679156569976896e-02	7.928202623321643772e-02
1.278622667469091539e+03	2.389581324314812572e-01	1.529257500059314490e-01	2.643834771654790528e-01	1.580835176401154951e-01	7.508269965508061750e-02	3.123741645535597911e-02	7.932900664648098732e-02
1.280073998533187932e+03	2.387771577202584539e-01	1.528024958176800452e-01	2.645143628342279674e-01	1.581580270636108176e-01	7.511403069223239470e-02	3.125801561687235192e-02	7.937591025504275866e-02
1.281525329597284326e+03	2.385964960165583848e-01	1.526794439730492781e-01	2.646450204490632951e-01	1.582324035117959882e-01	7.514530979507054453e-02	3.127858906803467759e-02	7.942273718635259327e-02
1.282976660661381175e+03	2.384161467570849458e-01	1.525565941575871276e-01	2.647754503935337289e-01	1.583066472444234485e-01	7.517653705296742372e-02	3.129913682667637836e-02	7.946948756765177813e-02
1.284427991725477568e+03	2.382361093796622753e-01	1.524339460572356753e-01	2.649056530505600193e-01	1.583807585206787050e-01	7.520771255513750142e-02	3.131965891067819974e-02	7.951616152597242027e-02
1.285879322789574417e+03	2.380563833232318682e-01	1.523114993583312426e-01	2.650356288024365292e-01	1.584547375991818829e-01	7.523883639063766449e-02	3.134015533796788433e-02	7.956275918813771053e-02
1.287330653853671038e+03	2.378769680278499943e-01	1.521892537476043639e-01	2.651653780308316777e-01	1.585285847379890867e-01	7.526990864836745343e-02	3.136062612651987352e-02	7.960928068076231212e-02
1.288781984917767431e+03	2.376978629346849226e-01	1.520672089121799242e-01	2.652949011167890503e-01	1.586023001945938427e-01	7.530092941706936771e-02	3.138107129435498827e-02	7.965572613025266591e-02
1.290233315981864052e+03	2.375190674860142293e-01	1.519453645395769104e-01	2.654241984407285093e-01	1.586758842259285429e-01	7.533189878532917105e-02	3.140149085954013070e-02	7.970209566280730962e-02
