1.001418434226643626e+03	2.889146157963478068e-01	1.737506269738100795e-01	2.327411739991781803e-01	1.405825305935358982e-01	6.901622458047949882e-02	2.689797663199954697e-02	6.809685142464914909e-02
1.002869765290740247e+03	2.886591885267446034e-01	1.735940592543449290e-01	2.329175668570405977e-01	1.406891073070131171e-01	6.905977272264336719e-02	2.691902617123387992e-02	6.816127916097963757e-02
1.004321096354836754e+03	2.884041814672858028e-01	1.734377491315080289e-01	2.330936622051240636e-01	1.407954999502571691e-01	6.910324788063436363e-02	2.694004438755566097e-02	6.822561497763501848e-02
1.005772427418933376e+03	2.881495939252988747e-01	1.732816961805970779e-01	2.332694605355828399e-01	1.409017088709480225e-01	6.914665018395850515e-02	2.696103133155665008e-02	6.828985897205808175e-02
1.007223758483029997e+03	2.878954252092578714e-01	1.731258999776131846e-01	2.334449623397592821e-01	1.410077344160033663e-01	6.918997976186788690e-02	2.698198705374550699e-02	6.835401124175295717e-02
1.008675089547126618e+03	2.876416746287814297e-01	1.729703600992595625e-01	2.336201681081851445e-01	1.411135769315807198e-01	6.923323674336111233e-02	2.700291160454794046e-02	6.841807188428410125e-02
1.010126420611223239e+03	2.873883414946309944e-01	1.728150761229404475e-01	2.337950783305830227e-01	1.412192367630793755e-01	6.927642125718402877e-02	2.702380503430681924e-02	6.848204099727531191e-02
1.011577751675319632e+03	2.871354251187088757e-01	1.726600476267598772e-01	2.339696934958675478e-01	1.413247142551425084e-01	6.931953343183024085e-02	2.704466739328233518e-02	6.854591867840865993e-02
1.013029082739416367e+03	2.868829248140562505e-01	1.725052741895204966e-01	2.341440140921468849e-01	1.414300097516591470e-01	6.936257339554167956e-02	2.706549873165212117e-02	6.860970502542351745e-02
1.014480413803512761e+03	2.866308398948512748e-01	1.723507553907224765e-01	2.343180406067238986e-01	1.415351235957662268e-01	6.940554127630925441e-02	2.708629909951139683e-02	6.867340013611553107e-02
1.015931744867609382e+03	2.863791696764073635e-01	1.721964908105622916e-01	2.344917735260976521e-01	1.416400561298505612e-01	6.944843720187339475e-02	2.710706854687310735e-02	6.873700410833570584e-02
1.017383075931706003e+03	2.861279134751710806e-01	1.720424800299314994e-01	2.346652133359645731e-01	1.417448076955509229e-01	6.949126129972461874e-02	2.712780712366804833e-02	6.880051703998929513e-02
1.018834406995802851e+03	2.858770706087203073e-01	1.718887226304157412e-01	2.348383605212199243e-01	1.418493786337600149e-01	6.953401369710411617e-02	2.714851487974501501e-02	6.886393902903491238e-02
1.020285738059899245e+03	2.856266403957623545e-01	1.717352181942933820e-01	2.350112155659590529e-01	1.419537692846264132e-01	6.957669452100431751e-02	2.716919186487092366e-02	6.892727017348351803e-02
1.021737069123995752e+03	2.853766221561322425e-01	1.715819663045344556e-01	2.351837789534786949e-01	1.420579799875566485e-01	6.961930389816950449e-02	2.718983812873096428e-02	6.899051057139744814e-02
1.023188400188092373e+03	2.851270152107904243e-01	1.714289665447995270e-01	2.353560511662783628e-01	1.421620110812170934e-01	6.966184195509636523e-02	2.721045372092871159e-02	6.905366032088944284e-02
1.024639731252188767e+03	2.848778188818212875e-01	1.712762184994384429e-01	2.355280326860616502e-01	1.422658629035360445e-01	6.970430881803453549e-02	2.723103869098628810e-02	6.911671952012167497e-02
1.026091062316285615e+03	2.846290324924310999e-01	1.711237217534893051e-01	2.356997239937374533e-01	1.423695357917055537e-01	6.974670461298722313e-02	2.725159308834447860e-02	6.917968826730480636e-02
1.027542393380382237e+03	2.843806553669461779e-01	1.709714758926772493e-01	2.358711255694214415e-01	1.424730300821834550e-01	6.978902946571172161e-02	2.727211696236287244e-02	6.924256666069704413e-02
1.028993724444478858e+03	2.841326868308108322e-01	1.708194805034132790e-01	2.360422378924372233e-01	1.425763461106954455e-01	6.983128350172000676e-02	2.729261036231999185e-02	6.930535479860319703e-02
1.030445055508575479e+03	2.838851262105858697e-01	1.706677351727931002e-01	2.362130614413177343e-01	1.426794842122367790e-01	6.987346684627930571e-02	2.731307333741343421e-02	6.936805277937370395e-02
1.031896386572671872e+03	2.836379728339464834e-01	1.705162394885960664e-01	2.363835966938065691e-01	1.427824447210744585e-01	6.991557962441262430e-02	2.733350593676000043e-02	6.943066070140369028e-02
1.033347717636768493e+03	2.833912260296804209e-01	1.703649930392840128e-01	2.365538441268592029e-01	1.428852279707489847e-01	6.995762196089935769e-02	2.735390820939583023e-02	6.949317866313207970e-02
1.034799048700865114e+03	2.831448851276860967e-01	1.702139954139999800e-01	2.367238042166443512e-01	1.429878342940764935e-01	6.999959398027584545e-02	2.737428020427653055e-02	6.955560676304065049e-02
1.036250379764961508e+03	2.828989494589707610e-01	1.700632462025672420e-01	2.368934774385452191e-01	1.430902640231503931e-01	7.004149580683585730e-02	2.739462197027732124e-02	6.961794509965311961e-02
1.037701710829058356e+03	2.826534183556487223e-01	1.699127449954880853e-01	2.370628642671609165e-01	1.431925174893435293e-01	7.008332756463124535e-02	2.741493355619315647e-02	6.968019377153418514e-02
1.039153041893154750e+03	2.824082911509394056e-01	1.697624913839427818e-01	2.372319651763077075e-01	1.432945950233100174e-01	7.012508937747245763e-02	2.743521501073885663e-02	6.974235287728866584e-02
1.040604372957251599e+03	2.821635671791654643e-01	1.696124849597882289e-01	2.374007806390201203e-01	1.433964969549871848e-01	7.016678136892907924e-02	2.745546638254925051e-02	6.980442251556057132e-02
1.042055704021347992e+03	2.819192457757511150e-01	1.694627253155570334e-01	2.375693111275525016e-01	1.434982236135973199e-01	7.020840366233040142e-02	2.747568772017929331e-02	6.986640278503221391e-02
1.043507035085444613e+03	2.816753262772201949e-01	1.693132120444562627e-01	2.377375571133801824e-01	1.435997753276497813e-01	7.024995638076594884e-02	2.749587907210421581e-02	6.992829378442329269e-02
1.044958366149541234e+03	2.814318080211942186e-01	1.691639447403663898e-01	2.379055190672008102e-01	1.437011524249427463e-01	7.029143964708607639e-02	2.751604048671964578e-02	6.999009561248999145e-02
1.046409697213637855e+03	2.811886903463907128e-01	1.690149229978401280e-01	2.380731974589355704e-01	1.438023552325650989e-01	7.033285358390248265e-02	2.753617201234173639e-02	7.005180836802415989e-02
1.047861028277734476e+03	2.809459725926212736e-01	1.688661464121012923e-01	2.382405927577305182e-01	1.439033840768983719e-01	7.037419831358875111e-02	2.755627369720730843e-02	7.011343214985234218e-02
1.049312359341831097e+03	2.807036541007899011e-01	1.687176145790437454e-01	2.384077054319578837e-01	1.440042392836185792e-01	7.041547395828091915e-02	2.757634558947396480e-02	7.017496705683498592e-02
1.050763690405927491e+03	2.804617342128908342e-01	1.685693270952301481e-01	2.385745359492172368e-01	1.441049211776980754e-01	7.045668063987796381e-02	2.759638773722024319e-02	7.023641318786548460e-02
1.052215021470024112e+03	2.802202122720072186e-01	1.684212835578909606e-01	2.387410847763369037e-01	1.442054300834073877e-01	7.049781848004244011e-02	2.761640018844572705e-02	7.029777064186935875e-02
1.053666352534120733e+03	2.799790876223087199e-01	1.682734835649233596e-01	2.389073523793751597e-01	1.443057663243171584e-01	7.053888760020093907e-02	2.763638299107119486e-02	7.035903951780345111e-02
1.055117683598217127e+03	2.797383596090503577e-01	1.681259267148899061e-01	2.390733392236215615e-01	1.444059302232998665e-01	7.057988812154467051e-02	2.765633619293872761e-02	7.042021991465491348e-02
1.056569014662313975e+03	2.794980275785700630e-01	1.679786126070177132e-01	2.392390457735981968e-01	1.445059221025317697e-01	7.062082016502993498e-02	2.767625984181185453e-02	7.048131193144049900e-02
1.058020345726410369e+03	2.792580908782872906e-01	1.678315408411970855e-01	2.394044724930608492e-01	1.446057422834947093e-01	7.066168385137874819e-02	2.769615398537568496e-02	7.054231566720563229e-02
1.059471676790506763e+03	2.790185488567010208e-01	1.676847110179806311e-01	2.395696198450004144e-01	1.447053910869778859e-01	7.070247930107932677e-02	2.771601867123702628e-02	7.060323122102363236e-02
1.060923007854603611e+03	2.787794008633880938e-01	1.675381227385819849e-01	2.397344882916441211e-01	1.448048688330798028e-01	7.074320663438661561e-02	2.773585394692451925e-02	7.066405869199482437e-02
1.062374338918700232e+03	2.785406462490012114e-01	1.673917756048747818e-01	2.398990782944567524e-01	1.449041758412099312e-01	7.078386597132284297e-02	2.775565985988877327e-02	7.072479817924570700e-02
1.063825669982796853e+03	2.783022843652673273e-01	1.672456692193915462e-01	2.400633903141419223e-01	1.450033124300906251e-01	7.082445743167802010e-02	2.777543645750248438e-02	7.078544978192814752e-02
1.065277001046893474e+03	2.780643145649856485e-01	1.670998031853225263e-01	2.402274248106433807e-01	1.451022789177588701e-01	7.086498113501046858e-02	2.779518378706056364e-02	7.084601359921854913e-02
1.066728332110990095e+03	2.778267362020263032e-01	1.669541771065147506e-01	2.403911822431462064e-01	1.452010756215681153e-01	7.090543720064738931e-02	2.781490189578028280e-02	7.090648973031697666e-02
1.068179663175086489e+03	2.775895486313278981e-01	1.668087905874707511e-01	2.405546630700780841e-01	1.452997028581901329e-01	7.094582574768534822e-02	2.783459083080138188e-02	7.096687827444644880e-02
1.069630994239183110e+03	2.773527512088962421e-01	1.666636432333475915e-01	2.407178677491105534e-01	1.453981609436166278e-01	7.098614689499081754e-02	2.785425063918620797e-02	7.102717933085204993e-02
1.071082325303279504e+03	2.771163432918021807e-01	1.665187346499557020e-01	2.408807967371603131e-01	1.454964501931611809e-01	7.102640076120070312e-02	2.787388136791984355e-02	7.108739299880018070e-02
1.072533656367376352e+03	2.768803242381802643e-01	1.663740644437578242e-01	2.410434504903903596e-01	1.455945709214609418e-01	7.106658746472280241e-02	2.789348306391022797e-02	7.114751937757764211e-02
1.073984987431472746e+03	2.766446934072266939e-01	1.662296322218679012e-01	2.412058294642113465e-01	1.456925234424784610e-01	7.110670712373642899e-02	2.791305577398828924e-02	7.120755856649094162e-02
1.075436318495569594e+03	2.764094501591974340e-01	1.660854375920500503e-01	2.413679341132827227e-01	1.457903080695033826e-01	7.114675985619285659e-02	2.793259954490807245e-02	7.126751066486552988e-02
1.076887649559666215e+03	2.761745938554068247e-01	1.659414801627173419e-01	2.415297648915140094e-01	1.458879251151542766e-01	7.118674577981583262e-02	2.795211442334686811e-02	7.132737577204489865e-02
1.078338980623762609e+03	2.759401238582253613e-01	1.657977595429308559e-01	2.416913222520661875e-01	1.459853748913803317e-01	7.122666501210213330e-02	2.797160045590532662e-02	7.138715398738984530e-02
1.079790311687859230e+03	2.757060395310783063e-01	1.656542753423985437e-01	2.418526066473526970e-01	1.460826577094631318e-01	7.126651767032206319e-02	2.799105768910759712e-02	7.144684541027773728e-02
1.081241642751955851e+03	2.754723402384436914e-01	1.655110271714741177e-01	2.420136185290407693e-01	1.461797738800184043e-01	7.130630387151991323e-02	2.801048616940145231e-02	7.150645014010169331e-02
1.082692973816052472e+03	2.752390253458507074e-01	1.653680146411560525e-01	2.421743583480527318e-01	1.462767237129977416e-01	7.134602373251458518e-02	2.802988594315842033e-02	7.156596827626983404e-02
1.084144304880149093e+03	2.750060942198778724e-01	1.652252373630863913e-01	2.423348265545671454e-01	1.463735075176902933e-01	7.138567736989999413e-02	2.804925705667388885e-02	7.162539991820447705e-02
1.085595635944245487e+03	2.747735462281513108e-01	1.650826949495497742e-01	2.424950235980200819e-01	1.464701256027246545e-01	7.142526490004562356e-02	2.806859955616725424e-02	7.168474516534141527e-02
1.087046967008342108e+03	2.745413807393429773e-01	1.649403870134723282e-01	2.426549499271062893e-01	1.465665782760703639e-01	7.146478643909699724e-02	2.808791348778203606e-02	7.174400411712913983e-02
1.088498298072438729e+03	2.743095971231689356e-01	1.647983131684205294e-01	2.428146059897805242e-01	1.466628658450397360e-01	7.150424210297624816e-02	2.810719889758600543e-02	7.180317687302810448e-02
1.089949629136535123e+03	2.740781947503875826e-01	1.646564730286002864e-01	2.429739922332587176e-01	1.467589886162896096e-01	7.154363200738254880e-02	2.812645583157130647e-02	7.186226353250996235e-02
1.091400960200631971e+03	2.738471729927979825e-01	1.645148662088557756e-01	2.431331091040191683e-01	1.468549468958229853e-01	7.158295626779269394e-02	2.814568433565459160e-02	7.192126419505681656e-02
1.092852291264728365e+03	2.736165312232382019e-01	1.643734923246683299e-01	2.432919570478037641e-01	1.469507409889906913e-01	7.162221499946150316e-02	2.816488445567712912e-02	7.198017896016047079e-02
1.094303622328825213e+03	2.733862688155831444e-01	1.642323509921554403e-01	2.434505365096192864e-01	1.470463712004931589e-01	7.166140831742237594e-02	2.818405623740494192e-02	7.203900792732174929e-02
1.095754953392921607e+03	2.731563851447433300e-01	1.640914418280697007e-01	2.436088479337384927e-01	1.471418378343820887e-01	7.170053633648780511e-02	2.820319972652892207e-02	7.209775119604971971e-02
1.097206284457018228e+03	2.729268795866630071e-01	1.639507644497977534e-01	2.437668917637014487e-01	1.472371411940621433e-01	7.173959917124984875e-02	2.822231496866497297e-02	7.215640886586091596e-02
1.098657615521114849e+03	2.726977515183182654e-01	1.638103184753591235e-01	2.439246684423166944e-01	1.473322815822925291e-01	7.177859693608061586e-02	2.824140200935410655e-02	7.221498103627872756e-02
1.100108946585211470e+03	2.724690003177156483e-01	1.636701035234053303e-01	2.440821784116623538e-01	1.474272593011888011e-01	7.181752974513277987e-02	2.826046089406258899e-02	7.227346780683258087e-02
1.101560277649308091e+03	2.722406253638900431e-01	1.635301192132186388e-01	2.442394221130875509e-01	1.475220746522244164e-01	7.185639771234006434e-02	2.827949166818204824e-02	7.233186927705731462e-02
1.103011608713404712e+03	2.720126260369031823e-01	1.633903651647112543e-01	2.443963999872134363e-01	1.476167279362325391e-01	7.189520095141771483e-02	2.829849437702960935e-02	7.239018554649237491e-02
1.104462939777501106e+03	2.717850017178418676e-01	1.632508409984240183e-01	2.445531124739344642e-01	1.477112194534075107e-01	7.193393957586302623e-02	2.831746906584800896e-02	7.244841671468116306e-02
1.105914270841597499e+03	2.715577517888164705e-01	1.631115463355254924e-01	2.447095600124195858e-01	1.478055495033066824e-01	7.197261369895580074e-02	2.833641577980572715e-02	7.250656288117031389e-02
1.107365601905694348e+03	2.713308756329588234e-01	1.629724807978109036e-01	2.448657430411134706e-01	1.478997183848519137e-01	7.201122343375884749e-02	2.835533456399710189e-02	7.256462414550901574e-02
1.108816932969790741e+03	2.711043726344208871e-01	1.628336440077010616e-01	2.450216619977376165e-01	1.479937263963312932e-01	7.204976889311844046e-02	2.837422546344246094e-02	7.262260060724827493e-02
1.110268264033887590e+03	2.708782421783728078e-01	1.626950355882413879e-01	2.451773173192916266e-01	1.480875738354007487e-01	7.208825018966488751e-02	2.839308852308822934e-02	7.268049236594031903e-02
1.111719595097984211e+03	2.706524836510013077e-01	1.625566551631007495e-01	2.453327094420544585e-01	1.481812609990857121e-01	7.212666743581287732e-02	2.841192378780706129e-02	7.273829952113777808e-02
1.113170926162080832e+03	2.704270964395081855e-01	1.624185023565705155e-01	2.454878388015854229e-01	1.482747881837827020e-01	7.216502074376208997e-02	2.843073130239796506e-02	7.279602217239307393e-02
1.114622257226177226e+03	2.702020799321080968e-01	1.622805767935635024e-01	2.456427058327255719e-01	1.483681556852609329e-01	7.220331022549758559e-02	2.844951111158641396e-02	7.285366041925776803e-02
1.116073588290273847e+03	2.699774335180275542e-01	1.621428780996129193e-01	2.457973109695987535e-01	1.484613637986639811e-01	7.224153599279033167e-02	2.846826326002447477e-02	7.291121436128183975e-02
1.117524919354370468e+03	2.697531565875026516e-01	1.620054059008713410e-01	2.459516546456128328e-01	1.485544128185113943e-01	7.227969815719768876e-02	2.848698779229093606e-02	7.296868409801302024e-02
1.118976250418467089e+03	2.695292485317776765e-01	1.618681598241096808e-01	2.461057372934609411e-01	1.486473030387001903e-01	7.231779683006385462e-02	2.850568475289140882e-02	7.302606972899612636e-02
1.120427581482563710e+03	2.693057087431033891e-01	1.617311394967160809e-01	2.462595593451225584e-01	1.487400347525066335e-01	7.235583212252033602e-02	2.852435418625847222e-02	7.308337135377240834e-02
1.121878912546660331e+03	2.690825366147353015e-01	1.615943445466950512e-01	2.464131212318647624e-01	1.488326082525876504e-01	7.239380414548646225e-02	2.854299613675176719e-02	7.314058907187889758e-02
1.123330243610756725e+03	2.688597315409319566e-01	1.614577746026662486e-01	2.465664233842434216e-01	1.489250238309825503e-01	7.243171300966980142e-02	2.856161064865814919e-02	7.319772298284772660e-02
1.124781574674853118e+03	2.686372929169534296e-01	1.613214292938636163e-01	2.467194662321042231e-01	1.490172817791145521e-01	7.246955882556670170e-02	2.858019776619177485e-02	7.325477318620550460e-02
1.126232905738949967e+03	2.684152201390596071e-01	1.611853082501342460e-01	2.468722502045840317e-01	1.491093823877923663e-01	7.250734170346267993e-02	2.859875753349424773e-02	7.331173978147263737e-02
1.127684236803046360e+03	2.681935126045082995e-01	1.610494111019374341e-01	2.470247757301119174e-01	1.492013259472118047e-01	7.254506175343294894e-02	2.861728999463471895e-02	7.336862286816271672e-02
1.129135567867143209e+03	2.679721697115538537e-01	1.609137374803435161e-01	2.471770432364105152e-01	1.492931127469572794e-01	7.258271908534286165e-02	2.863579519361002246e-02	7.342542254578184047e-02
1.130586898931239830e+03	2.677511908594453205e-01	1.607782870170330614e-01	2.473290531504968859e-01	1.493847430760034123e-01	7.262031380884839682e-02	2.865427317434478954e-02	7.348213891382801566e-02
1.132038229995336451e+03	2.675305754484248455e-01	1.606430593442956523e-01	2.474808058986840142e-01	1.494762172227166452e-01	7.265784603339661696e-02	2.867272398069155986e-02	7.353877207179052022e-02
1.133489561059432845e+03	2.673103228797261144e-01	1.605080540950290513e-01	2.476323019065817810e-01	1.495675354748566832e-01	7.269531586822609859e-02	2.869114765643090981e-02	7.359532211914923683e-02
1.134940892123529466e+03	2.670904325555725767e-01	1.603732709027380632e-01	2.477835415990981005e-01	1.496586981195781318e-01	7.273272342236741794e-02	2.870954424527156698e-02	7.365178915537404225e-02
1.136392223187626087e+03	2.668709038791757249e-01	1.602387094015334801e-01	2.479345254004401977e-01	1.497497054434320241e-01	7.277006880464363670e-02	2.872791379085053512e-02	7.370817327992425227e-02
1.137843554251722708e+03	2.666517362547337067e-01	1.601043692261312212e-01	2.480852537341156905e-01	1.498405577323673188e-01	7.280735212367071829e-02	2.874625633673320510e-02	7.376447459224790004e-02
1.139294885315819101e+03	2.664329290874294376e-01	1.599702500118512505e-01	2.482357270229338109e-01	1.499312552717325109e-01	7.284457348785802755e-02	2.876457192641347291e-02	7.382069319178118094e-02
1.140746216379915950e+03	2.662144817834291022e-01	1.598363513946165493e-01	2.483859456890064876e-01	1.500217983462771298e-01	7.288173300540873312e-02	2.878286060331386453e-02	7.387682917794782811e-02
1.142197547444012343e+03	2.659963937498804332e-01	1.597026730109520898e-01	2.485359101537495119e-01	1.501121872401532109e-01	7.291883078432032095e-02	2.880112241078564700e-02	7.393288265015851568e-02
1.143648878508108737e+03	2.657786643949110461e-01	1.595692144979838911e-01	2.486856208378837030e-01	1.502024222369168216e-01	7.295586693238502451e-02	2.881935739210894978e-02	7.398885370781022042e-02
1.145100209572205586e+03	2.655612931276269406e-01	1.594359754934380202e-01	2.488350781614360741e-01	1.502925036195297825e-01	7.299284155719024114e-02	2.883756559049288279e-02	7.404474245028569435e-02
1.146551540636302207e+03	2.653442793581108350e-01	1.593029556356395371e-01	2.489842825437409701e-01	1.503824316703608333e-01	7.302975476611908712e-02	2.885574704907565083e-02	7.410054897695277087e-02
1.148002871700398828e+03	2.651276224974203344e-01	1.591701545635114956e-01	2.491332344034411506e-01	1.504722066711874362e-01	7.306660666635070300e-02	2.887390181092466812e-02	7.415627338716386519e-02
1.149454202764495449e+03	2.649113219575865985e-01	1.590375719165739998e-01	2.492819341584890103e-01	1.505618289031971091e-01	7.310339736486085038e-02	2.889202991903668319e-02	7.421191578025530811e-02
1.150905533828591842e+03	2.646953771516127318e-01	1.589052073349432048e-01	2.494303822261476622e-01	1.506512986469890070e-01	7.314012696842227268e-02	2.891013141633789335e-02	7.426747625554683263e-02
1.152356864892688463e+03	2.644797874934717297e-01	1.587730604593302619e-01	2.495785790229921586e-01	1.507406161825753654e-01	7.317679558360512537e-02	2.892820634568405921e-02	7.432295491234090778e-02
1.153808195956785084e+03	2.642645523981053124e-01	1.586411309310404028e-01	2.497265249649105456e-01	1.508297817893830273e-01	7.321340331677748947e-02	2.894625474986061223e-02	7.437835184992223903e-02
1.155259527020881706e+03	2.640496712814219826e-01	1.585094183919718291e-01	2.498742204671050571e-01	1.509187957462549412e-01	7.324995027410580173e-02	2.896427667158278305e-02	7.443366716755715762e-02
1.156710858084978327e+03	2.638351435602959705e-01	1.583779224846149081e-01	2.500216659440931966e-01	1.510076583314515219e-01	7.328643656155525710e-02	2.898227215349571950e-02	7.448890096449303777e-02
1.158162189149074720e+03	2.636209686525649021e-01	1.582466428520510060e-01	2.501688618097088201e-01	1.510963698226523433e-01	7.332286228489023894e-02	2.900024123817459415e-02	7.454405333995774152e-02
1.159613520213171569e+03	2.634071459770286339e-01	1.581155791379516562e-01	2.503158084771034408e-01	1.511849304969573315e-01	7.335922754967488801e-02	2.901818396812471876e-02	7.459912439315904975e-02
1.161064851277267962e+03	2.631936749534475317e-01	1.579847309865773375e-01	2.504625063587471723e-01	1.512733406308884865e-01	7.339553246127336616e-02	2.903610038578166228e-02	7.465411422328414870e-02
1.162516182341364356e+03	2.629805550025409167e-01	1.578540980427768359e-01	2.506089558664300054e-01	1.513616005003911302e-01	7.343177712485043918e-02	2.905399053351137573e-02	7.470902292949894996e-02
1.163967513405461204e+03	2.627677855459853995e-01	1.577236799519859400e-01	2.507551574112628634e-01	1.514497103808356282e-01	7.346796164537179596e-02	2.907185445361028589e-02	7.476385061094768802e-02
1.165418844469557826e+03	2.625553660064134931e-01	1.575934763602266919e-01	2.509011114036786005e-01	1.515376705470185270e-01	7.350408612760460370e-02	2.908969218830542713e-02	7.481859736675224026e-02
1.166870175533654447e+03	2.623432958074116139e-01	1.574634869141063320e-01	2.510468182534333348e-01	1.516254812731642199e-01	7.354015067611785472e-02	2.910750377975455591e-02	7.487326329601166897e-02
1.168321506597751068e+03	2.621315743735189163e-01	1.573337112608162169e-01	2.511922783696074468e-01	1.517131428329263065e-01	7.357615539528281068e-02	2.912528927004625484e-02	7.492784849780161072e-02
1.169772837661847461e+03	2.619202011302253497e-01	1.572041490481309589e-01	2.513374921606067458e-01	1.518006554993890922e-01	7.361210038927350208e-02	2.914304870120005414e-02	7.498235307117380455e-02
1.171224168725944082e+03	2.617091755039703815e-01	1.570747999244075377e-01	2.514824600341635796e-01	1.518880195450688642e-01	7.364798576206707525e-02	2.916078211516654264e-02	7.503677711515546744e-02
1.172675499790040703e+03	2.614984969221413325e-01	1.569456635385841070e-01	2.516271823973378341e-01	1.519752352419156127e-01	7.368381161744426422e-02	2.917848955382748230e-02	7.509112072874882249e-02
1.174126830854137097e+03	2.612881648130716550e-01	1.568167395401791897e-01	2.517716596565181542e-01	1.520623028613141414e-01	7.371957805898984861e-02	2.919617105899592613e-02	7.514538401093057152e-02
1.175578161918233945e+03	2.610781786060394349e-01	1.566880275792907062e-01	2.519158922174231097e-01	1.521492226740856490e-01	7.375528519009300066e-02	2.921382667241631884e-02	7.519956706065131224e-02
1.177029492982330339e+03	2.608685377312657816e-01	1.565595273065948922e-01	2.520598804851021946e-01	1.522359949504891730e-01	7.379093311394778476e-02	2.923145643576462865e-02	7.525366997683508030e-02
1.178480824046426733e+03	2.606592416199134399e-01	1.564312383733454936e-01	2.522036248639368816e-01	1.523226199602228936e-01	7.382652193355357384e-02	2.924906039064844795e-02	7.530769285837878024e-02
1.179932155110523581e+03	2.604502897040850140e-01	1.563031604313726286e-01	2.523471257576419546e-01	1.524090979724256611e-01	7.386205175171542403e-02	2.926663857860710427e-02	7.536163580415165819e-02
1.181383486174620202e+03	2.602416814168216352e-01	1.561752931330820104e-01	2.524903835692663967e-01	1.524954292556782720e-01	7.389752267104457428e-02	2.928419104111178173e-02	7.541549891299484387e-02
1.182834817238716823e+03	2.600334161921009635e-01	1.560476361314538651e-01	2.526333987011944449e-01	1.525816140780049956e-01	7.393293479395882106e-02	2.930171781956562166e-02	7.546928228372078162e-02
1.184286148302813444e+03	2.598254934648361325e-01	1.559201890800419599e-01	2.527761715551469779e-01	1.526676527068748512e-01	7.396828822268290693e-02	2.931921895530385791e-02	7.552298601511275855e-02
1.185737479366910065e+03	2.596179126708739182e-01	1.557929516329727981e-01	2.529187025321822935e-01	1.527535454092031342e-01	7.400358305924903402e-02	2.933669448959390011e-02	7.557661020592437717e-02
1.187188810431006686e+03	2.594106732469931287e-01	1.556659234449444262e-01	2.530609920326974960e-01	1.528392924513526374e-01	7.403881940549722485e-02	2.935414446363545857e-02	7.563015495487905582e-02
1.188640141495103080e+03	2.592037746309033275e-01	1.555391041712257394e-01	2.532030404564292736e-01	1.529248940991351224e-01	7.407399736307569704e-02	2.937156891856066224e-02	7.568362036066952903e-02
1.190091472559199701e+03	2.589972162612430573e-01	1.554124934676553160e-01	2.533448482024552306e-01	1.530103506178127626e-01	7.410911703344137680e-02	2.938896789543416627e-02	7.573700652195734795e-02
1.191542803623296322e+03	2.587909975775783966e-01	1.552860909906406406e-01	2.534864156691948311e-01	1.530956622720994198e-01	7.414417851786027358e-02	2.940634143525325608e-02	7.579031353737242238e-02
1.192994134687392716e+03	2.585851180204011834e-01	1.551598963971570488e-01	2.536277432544106758e-01	1.531808293261620324e-01	7.417918191740786871e-02	2.942368957894796189e-02	7.584354150551246565e-02
1.194445465751489564e+03	2.583795770311277940e-01	1.550339093447467564e-01	2.537688313552093899e-01	1.532658520436220029e-01	7.421412733296954556e-02	2.944101236738117661e-02	7.589669052494256440e-02
1.195896796815585958e+03	2.581743740520975328e-01	1.549081294915180262e-01	2.539096803680426784e-01	1.533507306875565024e-01	7.424901486524100591e-02	2.945830984134875999e-02	7.594976069419466513e-02
1.197348127879682352e+03	2.579695085265709675e-01	1.547825564961441691e-01	2.540502906887086576e-01	1.534354655204998863e-01	7.428384461472872791e-02	2.947558204157965309e-02	7.600275211176708845e-02
1.198799458943779200e+03	2.577649798987284302e-01	1.546571900178625447e-01	2.541906627123527995e-01	1.535200568044450542e-01	7.431861668175025748e-02	2.949282900873597887e-02	7.605566487612409887e-02
1.200250790007875821e+03	2.575607876136685737e-01	1.545320297164737011e-01	2.543307968334687641e-01	1.536045048008448100e-01	7.435333116643473572e-02	2.951005078341317062e-02	7.610849908569534972e-02
1.201702121071972442e+03	2.573569311174067620e-01	1.544070752523404311e-01	2.544706934459000092e-01	1.536888097706130829e-01	7.438798816872325970e-02	2.952724740614006554e-02	7.616125483887548064e-02
1.203153452136069063e+03	2.571534098568735716e-01	1.542823262863868006e-01	2.546103529428403456e-01	1.537729719741263990e-01	7.442258778836928490e-02	2.954441891737901588e-02	7.621393223402360417e-02
1.204604783200165684e+03	2.569502232799133479e-01	1.541577824800972607e-01	2.547497757168353250e-01	1.538569916712251850e-01	7.445713012493905547e-02	2.956156535752601372e-02	7.626653136946287548e-02
1.206056114264262078e+03	2.567473708352824846e-01	1.540334434955155929e-01	2.548889621597831279e-01	1.539408691212151015e-01	7.449161527781196501e-02	2.957868676691078474e-02	7.631905234348000666e-02
1.207507445328358699e+03	2.565448519726480359e-01	1.539093089952441873e-01	2.550279126629358406e-01	1.540246045828682908e-01	7.452604334618097293e-02	2.959578318579690268e-02	7.637149525432479491e-02
1.208958776392455093e+03	2.563426661425863284e-01	1.537853786424429048e-01	2.551666276169001768e-01	1.541081983144248491e-01	7.456041442905309014e-02	2.961285465438189685e-02	7.642386020020970616e-02
1.210410107456551941e+03	2.561408127965811854e-01	1.536616521008282998e-01	2.553051074116390873e-01	1.541916505735940468e-01	7.459472862524964276e-02	2.962990121279737016e-02	7.647614727930937550e-02
1.211861438520648335e+03	2.559392913870226494e-01	1.535381290346725658e-01	2.554433524364722041e-01	1.542749616175556338e-01	7.462898603340679948e-02	2.964692290110908929e-02	7.652835658976019084e-02
1.213312769584745183e+03	2.557381013672051506e-01	1.534148091088027299e-01	2.555813630800772840e-01	1.543581317029611710e-01	7.466318675197586296e-02	2.966391975931711653e-02	7.658048822965979330e-02
1.214764100648841804e+03	2.555372421913264525e-01	1.532916919885995988e-01	2.557191397304912628e-01	1.544411610859353912e-01	7.469733087922374171e-02	2.968089182735589304e-02	7.663254229706670251e-02
1.216215431712937971e+03	2.553367133144858192e-01	1.531687773399970365e-01	2.558566827751111439e-01	1.545240500220774471e-01	7.473141851323333862e-02	2.969783914509437767e-02	7.668451888999984478e-02
1.217666762777034819e+03	2.551365141926826285e-01	1.530460648294807713e-01	2.559939926006952193e-01	1.546067987664622723e-01	7.476544975190392572e-02	2.971476175233612321e-02	7.673641810643808125e-02
1.219118093841131440e+03	2.549366442828149282e-01	1.529235541240877294e-01	2.561310695933639026e-01	1.546894075736417185e-01	7.479942469295153273e-02	2.973165968881940832e-02	7.678824004431977768e-02
1.220569424905228061e+03	2.547371030426776595e-01	1.528012448914049526e-01	2.562679141386011716e-01	1.547718766976460270e-01	7.483334343390939114e-02	2.974853299421732766e-02	7.683998480154241584e-02
1.222020755969324682e+03	2.545378899309615472e-01	1.526791367995688209e-01	2.564045266212551799e-01	1.548542063919850498e-01	7.486720607212826728e-02	2.976538170813790643e-02	7.689165247596214947e-02
1.223472087033421303e+03	2.543390044072514344e-01	1.525572295172639703e-01	2.565409074255394772e-01	1.549363969096495541e-01	7.490101270477689255e-02	2.978220587012421830e-02	7.694324316539331854e-02
1.224923418097517697e+03	2.541404459320247278e-01	1.524355227137224600e-01	2.566770569350342313e-01	1.550184485031124437e-01	7.493476342884232422e-02	2.979900551965447911e-02	7.699475696760807453e-02
1.226374749161614318e+03	2.539422139666500655e-01	1.523140160587229397e-01	2.568129755326871710e-01	1.551003614243300355e-01	7.496845834113038953e-02	2.981578069614215440e-02	7.704619398033596411e-02
1.227826080225710712e+03	2.537443079733857076e-01	1.521927092225896505e-01	2.569486636008143643e-01	1.551821359247434751e-01	7.500209753826603265e-02	2.983253143893607739e-02	7.709755430126345732e-02
1.229277411289807560e+03	2.535467274153780926e-01	1.520716018761915089e-01	2.570841215211014941e-01	1.552637722552798194e-01	7.503568111669368934e-02	2.984925778732053919e-02	7.714883802803360058e-02
1.230728742353903954e+03	2.533494717566603938e-01	1.519506936909412187e-01	2.572193496746050245e-01	1.553452706663533966e-01	7.506920917267770332e-02	2.986595978051540673e-02	7.720004525824551711e-02
1.232180073418000802e+03	2.531525404621510211e-01	1.518299843387944659e-01	2.573543484417532001e-01	1.554266314078670552e-01	7.510268180230272872e-02	2.988263745767622340e-02	7.725117608945408776e-02
1.233631404482097196e+03	2.529559329976520665e-01	1.517094734922487809e-01	2.574891182023466563e-01	1.555078547292133850e-01	7.513609910147407700e-02	2.989929085789433047e-02	7.730223061916946525e-02
1.235082735546193817e+03	2.527596488298480271e-01	1.515891608243428446e-01	2.576236593355599735e-01	1.555889408792761053e-01	7.516946116591809168e-02	2.991592002019694344e-02	7.735320894485669951e-02
1.236534066610290438e+03	2.525636874263041953e-01	1.514690460086555168e-01	2.577579722199425660e-01	1.556698901064311191e-01	7.520276809118259242e-02	2.993252498354728383e-02	7.740411116393532132e-02
1.237985397674387059e+03	2.523680482554652715e-01	1.513491287193049761e-01	2.578920572334195693e-01	1.557507026585479015e-01	7.523601997263718033e-02	2.994910578684467986e-02	7.745493737377895371e-02
1.239436728738483680e+03	2.521727307866536982e-01	1.512294086309477481e-01	2.580259147532931174e-01	1.558313787829906649e-01	7.526921690547370980e-02	2.996566246892465660e-02	7.750568767171492346e-02
1.240888059802580301e+03	2.519777344900684946e-01	1.511098854187778451e-01	2.581595451562430643e-01	1.559119187266196360e-01	7.530235898470659384e-02	2.998219506855906435e-02	7.755636215502381692e-02
1.242339390866676695e+03	2.517830588367835909e-01	1.509905587585259057e-01	2.582929488183282607e-01	1.559923227357922493e-01	7.533544630517319263e-02	2.999870362445616542e-02	7.760696092093913312e-02
1.243790721930773088e+03	2.515887032987465521e-01	1.508714283264581957e-01	2.584261261149873867e-01	1.560725910563644792e-01	7.536847896153422988e-02	3.001518817526074162e-02	7.765748406664688130e-02
1.245242052994869937e+03	2.513946673487768568e-01	1.507524937993759140e-01	2.585590774210401732e-01	1.561527239336919504e-01	7.540145704827413975e-02	3.003164875955420532e-02	7.770793168928519234e-02
1.246693384058966330e+03	2.512009504605647314e-01	1.506337548546140825e-01	2.586918031106882898e-01	1.562327216126311868e-01	7.543438065970145545e-02	3.004808541585471046e-02	7.775830388594390241e-02
1.248144715123063179e+03	2.510075521086694850e-01	1.505152111700408246e-01	2.588243035575165107e-01	1.563125843375409441e-01	7.546724988994917005e-02	3.006449818261723930e-02	7.780860075366423378e-02
1.249596046187159800e+03	2.508144717685182878e-01	1.503968624240563379e-01	2.589565791344934920e-01	1.563923123522831804e-01	7.550006483297512505e-02	3.008088709823371343e-02	7.785882238943830913e-02
1.251047377251256421e+03	2.506217089164044509e-01	1.502787082955921172e-01	2.590886302139728814e-01	1.564719059002245560e-01	7.553282558256238510e-02	3.009725220103310131e-02	7.790896889020890170e-02
1.252498708315352815e+03	2.504292630294862043e-01	1.501607484641100110e-01	2.592204571676944846e-01	1.565513652242375153e-01	7.556553223231957106e-02	3.011359352928152239e-02	7.795904035286899125e-02
1.253950039379449436e+03	2.502371335857851986e-01	1.500429826096014163e-01	2.593520603667853197e-01	1.566306905667013971e-01	7.559818487568131795e-02	3.012991112118234768e-02	7.800903687426133382e-02
1.255401370443546057e+03	2.500453200641850615e-01	1.499254104125863074e-01	2.594834401817601166e-01	1.567098821695037392e-01	7.563078360590856641e-02	3.014620501487630388e-02	7.805895855117821192e-02
1.256852701507642678e+03	2.498538219444299269e-01	1.498080315541123753e-01	2.596145969825229272e-01	1.567889402740415550e-01	7.566332851608895127e-02	3.016247524844158090e-02	7.810880548036099047e-02
1.258304032571739299e+03	2.496626387071230746e-01	1.496908457157541950e-01	2.597455311383678467e-01	1.568678651212223329e-01	7.569581969913719011e-02	3.017872185989392206e-02	7.815857775849974209e-02
1.259755363635835920e+03	2.494717698337254319e-01	1.495738525796123097e-01	2.598762430179800687e-01	1.569466569514653687e-01	7.572825724779543022e-02	3.019494488718674208e-02	7.820827548223296954e-02
1.261206694699932314e+03	2.492812148065542133e-01	1.494570518283123151e-01	2.600067329894369395e-01	1.570253160047028751e-01	7.576064125463360943e-02	3.021114436821122420e-02	7.825789874814711999e-02
1.262658025764028707e+03	2.490909731087813939e-01	1.493404431450041092e-01	2.601370014202088465e-01	1.571038425203812872e-01	7.579297181204987244e-02	3.022732034079642083e-02	7.830744765277629360e-02
1.264109356828125556e+03	2.489010442244324606e-01	1.492240262133609774e-01	2.602670486771603287e-01	1.571822367374623164e-01	7.582524901227086223e-02	3.024347284270935757e-02	7.835692229260192432e-02
1.265560687892221949e+03	2.487114276383848577e-01	1.491078007175785924e-01	2.603968751265509640e-01	1.572604988944241167e-01	7.585747294735213642e-02	3.025960191165514082e-02	7.840632276405236356e-02
1.267012018956318798e+03	2.485221228363665713e-01	1.489917663423743210e-01	2.605264811340365361e-01	1.573386292292625888e-01	7.588964370917851421e-02	3.027570758527704450e-02	7.845564916350254714e-02
1.268463350020415419e+03	2.483331293049548250e-01	1.488759227729861967e-01	2.606558670646699216e-01	1.574166279794924628e-01	7.592176138946442332e-02	3.029178990115663495e-02	7.850490158727366219e-02
1.269914681084511813e+03	2.481444465315745251e-01	1.487602696951722536e-01	2.607850332829020346e-01	1.574944953821484084e-01	7.595382607975430245e-02	3.030784889681385069e-02	7.855408013163275860e-02
1.271366012148608434e+03	2.479560740044969291e-01	1.486448067952094720e-01	2.609139801525828806e-01	1.575722316737863393e-01	7.598583787142289270e-02	3.032388460970711352e-02	7.860318489279244369e-02
1.272817343212705055e+03	2.477680112128382850e-01	1.485295337598929455e-01	2.610427080369626673e-01	1.576498370904844681e-01	7.601779685567568168e-02	3.033989707723343601e-02	7.865221596691056305e-02
1.274268674276801676e+03	2.475802576465583327e-01	1.484144502765351592e-01	2.611712172986925817e-01	1.577273118678444719e-01	7.604970312354919493e-02	3.035588633672850825e-02	7.870117345008981191e-02
1.275720005340898297e+03	2.473928127964589441e-01	1.482995560329650186e-01	2.612995082998258445e-01	1.578046562409926856e-01	7.608155676591138450e-02	3.037185242546681582e-02	7.875005743837740213e-02
1.277171336404994690e+03	2.472056761541826797e-01	1.481848507175269614e-01	2.614275814018188204e-01	1.578818704445812127e-01	7.611335787346196202e-02	3.038779538066172653e-02	7.879886802776472909e-02
1.278622667469091539e+03	2.470188472122115397e-01	1.480703340190801243e-01	2.615554369655317957e-01	1.579589547127890903e-01	7.614510653673278728e-02	3.040371523946560489e-02	7.884760531418709417e-02
1.280073998533187932e+03	2.468323254638653264e-01	1.479560056269976220e-01	2.616830753512302543e-01	1.580359092793234277e-01	7.617680284608820129e-02	3.041961203896989194e-02	7.889626939352328838e-02
1.281525329597284326e+03	2.466461104033005614e-01	1.478418652311654091e-01	2.618104969185854891e-01	1.581127343774205718e-01	7.620844689172538711e-02	3.043548581620523011e-02	7.894486036159534259e-02
1.282976660661381175e+03	2.464602015255087653e-01	1.477279125219816969e-01	2.619377020266758782e-01	1.581894302398471897e-01	7.624003876367471677e-02	3.045133660814154652e-02	7.899337831416813893e-02
1.284427991725477568e+03	2.462745983263152916e-01	1.476141471903559821e-01	2.620646910339878288e-01	1.582659970989014064e-01	7.627157855180007051e-02	3.046716445168815360e-02	7.904182334694913326e-02
1.285879322789574417e+03	2.460893003023779113e-01	1.475005689277082421e-01	2.621914642984166099e-01	1.583424351864139712e-01	7.630306634579928082e-02	3.048296938369386352e-02	7.909019555558799430e-02
1.287330653853671038e+03	2.459043069511853419e-01	1.473871774259680190e-01	2.623180221772673515e-01	1.584187447337493670e-01	7.633450223520439615e-02	3.049875144094707155e-02	7.913849503567634003e-02
1.288781984917767431e+03	2.457196177710559148e-01	1.472739723775736420e-01	2.624443650272560991e-01	1.584949259718069492e-01	7.636588630938204170e-02	3.051451066017587047e-02	7.918672188274734902e-02
1.290233315981864052e+03	2.455352322611362437e-01	1.471609534754713122e-01	2.625704932045108686e-01	1.585709791310220274e-01	7.639721865753382191e-02	3.053024707804813387e-02	7.923487619227551071e-02
