1.001418434226643626e+03	2.864298359644563141e-01	1.704698204615276158e-01	2.347182696681318070e-01	1.418698245009111791e-01	6.954470701072405781e-02	2.719550550045466905e-02	6.977203689378107254e-02
1.002869765290740247e+03	2.861682786036358617e-01	1.703125044978658353e-01	2.348951733628804328e-01	1.419774611818669929e-01	6.958891815359401212e-02	2.721883153512597367e-02	6.983883266501753062e-02
1.004321096354836754e+03	2.859071690722052028e-01	1.701554579023519531e-01	2.350717600551522624e-01	1.420849075054899657e-01	6.963305267197564263e-02	2.724213158805238039e-02	6.990552120475922171e-02
1.005772427418933376e+03	2.856465066013236243e-01	1.699986802124709429e-01	2.352480303018441576e-01	1.421921638383347453e-01	6.967711070545669350e-02	2.726540568379906895e-02	6.997210265675733731e-02
1.007223758483029997e+03	2.853862904234772957e-01	1.698421709665065005e-01	2.354239846588598861e-01	1.422992305461015516e-01	6.972109239334525754e-02	2.728865384690957324e-02	7.003857716478652240e-02
1.008675089547126618e+03	2.851265197724769940e-01	1.696859297035394065e-01	2.355996236811118694e-01	1.424061079936390084e-01	6.976499787467049796e-02	2.731187610190586104e-02	7.010494487264297414e-02
1.010126420611223239e+03	2.848671938834558270e-01	1.695299559634462216e-01	2.357749479225232647e-01	1.425127965449470013e-01	6.980882728818328664e-02	2.733507247328840345e-02	7.017120592414263780e-02
1.011577751675319632e+03	2.846083119928667915e-01	1.693742492868978433e-01	2.359499579360298804e-01	1.426192965631794818e-01	6.985258077235700913e-02	2.735824298553627548e-02	7.023736046311937486e-02
1.013029082739416367e+03	2.843498733384805521e-01	1.692188092153581180e-01	2.361246542735820630e-01	1.427256084106473255e-01	6.989625846538817522e-02	2.738138766310722894e-02	7.030340863342317281e-02
1.014480413803512761e+03	2.840918771593832215e-01	1.690636352910825646e-01	2.362990374861465293e-01	1.428317324488211082e-01	6.993986050519714059e-02	2.740450653043776871e-02	7.036935057891832712e-02
1.015931744867609382e+03	2.838343226959738064e-01	1.689087270571168475e-01	2.364731081237083643e-01	1.429376690383339088e-01	6.998338702942885625e-02	2.742759961194323609e-02	7.043518644348167879e-02
1.017383075931706003e+03	2.835772091899620984e-01	1.687540840572954171e-01	2.366468667352728816e-01	1.430434185389840296e-01	7.002683817545349299e-02	2.745066693201789199e-02	7.050091637100085185e-02
1.018834406995802851e+03	2.833205358843663979e-01	1.685997058362402046e-01	2.368203138688675380e-01	1.431489813097378827e-01	7.007021408036713528e-02	2.747370851503498634e-02	7.056654050537254641e-02
1.020285738059899245e+03	2.830643020235110163e-01	1.684455919393590406e-01	2.369934500715438763e-01	1.432543577087326547e-01	7.011351488099250295e-02	2.749672438534684488e-02	7.063205899050072067e-02
1.021737069123995752e+03	2.828085068530243329e-01	1.682917419128445446e-01	2.371662758893792744e-01	1.433595480932790267e-01	7.015674071387963118e-02	2.751971456728493498e-02	7.069747197029493946e-02
1.023188400188092373e+03	2.825531496198360193e-01	1.681381553036725984e-01	2.373387918674789709e-01	1.434645528198639219e-01	7.019989171530650884e-02	2.754267908515995247e-02	7.076277958866866724e-02
1.024639731252188767e+03	2.822982295721752632e-01	1.679848316596009861e-01	2.375109985499778420e-01	1.435693722441532261e-01	7.024296802127981409e-02	2.756561796326189098e-02	7.082798198953756119e-02
1.026091062316285615e+03	2.820437459595682150e-01	1.678317705291679784e-01	2.376828964800423993e-01	1.436740067209945348e-01	7.028596976753556658e-02	2.758853122586012174e-02	7.089307931681780583e-02
1.027542393380382237e+03	2.817896980328357115e-01	1.676789714616910287e-01	2.378544861998724558e-01	1.437784566044197354e-01	7.032889708953979357e-02	2.761141889720345258e-02	7.095807171442444772e-02
1.028993724444478858e+03	2.815360850440911666e-01	1.675264340072654679e-01	2.380257682507031514e-01	1.438827222476476986e-01	7.037175012248919614e-02	2.763428100152022157e-02	7.102295932626975783e-02
1.030445055508575479e+03	2.812829062467380736e-01	1.673741577167630057e-01	2.381967431728068130e-01	1.439868040030869711e-01	7.041452900131185688e-02	2.765711756301835952e-02	7.108774229626155239e-02
1.031896386572671872e+03	2.810301608954680064e-01	1.672221421418304266e-01	2.383674115054947029e-01	1.440907022223384959e-01	7.045723386066786442e-02	2.767992860588546628e-02	7.115242076830166629e-02
1.033347717636768493e+03	2.807778482462582326e-01	1.670703868348882570e-01	2.385377737871190174e-01	1.441944172561980819e-01	7.049986483495000733e-02	2.770271415428886622e-02	7.121699488628426000e-02
1.034799048700865114e+03	2.805259675563693267e-01	1.669188913491293780e-01	2.387078305550745239e-01	1.442979494546591246e-01	7.054242205828441248e-02	2.772547423237570544e-02	7.128146479409425140e-02
1.036250379764961508e+03	2.802745180843432271e-01	1.667676552385176647e-01	2.388775823458006431e-01	1.444012991669151869e-01	7.058490566453122506e-02	2.774820886427300029e-02	7.134583063560578919e-02
1.037701710829058356e+03	2.800234990900008492e-01	1.666166780577866269e-01	2.390470296947831141e-01	1.445044667413626360e-01	7.062731578728524695e-02	2.777091807408771026e-02	7.141009255468058758e-02
1.039153041893154750e+03	2.797729098344396426e-01	1.664659593624381595e-01	2.392161731365558819e-01	1.446074525256031418e-01	7.066965255987660288e-02	2.779360188590681430e-02	7.147425069516648299e-02
1.040604372957251599e+03	2.795227495800317596e-01	1.663154987087410719e-01	2.393850132047029844e-01	1.447102568664463407e-01	7.071191611537140653e-02	2.781626032379738017e-02	7.153830520089581035e-02
1.042055704021347992e+03	2.792730175904214462e-01	1.661652956537298109e-01	2.395535504318602460e-01	1.448128801099123342e-01	7.075410658657238505e-02	2.783889341180661656e-02	7.160225621568390431e-02
1.043507035085444613e+03	2.790237131305231544e-01	1.660153497552030732e-01	2.397217853497171369e-01	1.449153226012342977e-01	7.079622410601953131e-02	2.786150117396196321e-02	7.166610388332760040e-02
1.044958366149541234e+03	2.787748354665189887e-01	1.658656605717225008e-01	2.398897184890186884e-01	1.450175846848608952e-01	7.083826880599077003e-02	2.788408363427112915e-02	7.172984834760372241e-02
1.046409697213637855e+03	2.785263838658567082e-01	1.657162276626113484e-01	2.400573503795672414e-01	1.451196667044589717e-01	7.088024081850256841e-02	2.790664081672218286e-02	7.179348975226761131e-02
1.047861028277734476e+03	2.782783575972475054e-01	1.655670505879531518e-01	2.402246815502242228e-01	1.452215690029159123e-01	7.092214027531061615e-02	2.792917274528360430e-02	7.185702824105161257e-02
1.049312359341831097e+03	2.780307559306636755e-01	1.654181289085903672e-01	2.403917125289119494e-01	1.453232919223421959e-01	7.096396730791043606e-02	2.795167944390434048e-02	7.192046395766367450e-02
1.050763690405927491e+03	2.777835781373363955e-01	1.652694621861230950e-01	2.405584438426154881e-01	1.454248358040738931e-01	7.100572204753802241e-02	2.797416093651390254e-02	7.198379704578582172e-02
1.052215021470024112e+03	2.775368234897538366e-01	1.651210499829076361e-01	2.407248760173843483e-01	1.455262009886751640e-01	7.104740462517046551e-02	2.799661724702239354e-02	7.204702764907278123e-02
1.053666352534120733e+03	2.772904912616585560e-01	1.649728918620553264e-01	2.408910095783343697e-01	1.456273878159406454e-01	7.108901517152663163e-02	2.801904839932058480e-02	7.211015591115051138e-02
1.055117683598217127e+03	2.770445807280455530e-01	1.648249873874310933e-01	2.410568450496494430e-01	1.457283966248979767e-01	7.113055381706774594e-02	2.804145441727998525e-02	7.217318197561484183e-02
1.056569014662313975e+03	2.767990911651599384e-01	1.646773361236522071e-01	2.412223829545833143e-01	1.458292277538101867e-01	7.117202069199800307e-02	2.806383532475288656e-02	7.223610598603001642e-02
1.058020345726410369e+03	2.765540218504948800e-01	1.645299376360869481e-01	2.413876238154613607e-01	1.459298815401781912e-01	7.121341592626526107e-02	2.808619114557242905e-02	7.229892808592737474e-02
1.059471676790506763e+03	2.763093720627894379e-01	1.643827914908533028e-01	2.415525681536824232e-01	1.460303583207431810e-01	7.125473964956161033e-02	2.810852190355268149e-02	7.236164841880386722e-02
1.060923007854603611e+03	2.760651410820261775e-01	1.642358972548175200e-01	2.417172164897204156e-01	1.461306584314889523e-01	7.129599199132398424e-02	2.813082762248866886e-02	7.242426712812077838e-02
1.062374338918700232e+03	2.758213281894291158e-01	1.640892544955930565e-01	2.418815693431262126e-01	1.462307822076443775e-01	7.133717308073483920e-02	2.815310832615645562e-02	7.248678435730239455e-02
1.063825669982796853e+03	2.755779326674616669e-01	1.639428627815390505e-01	2.420456272325294256e-01	1.463307299836858200e-01	7.137828304672272361e-02	2.817536403831319078e-02	7.254920024973457449e-02
1.065277001046893474e+03	2.753349537998243668e-01	1.637967216817590721e-01	2.422093906756400405e-01	1.464305020933394375e-01	7.141932201796287460e-02	2.819759478269717734e-02	7.261151494876345869e-02
1.066728332110990095e+03	2.750923908714527077e-01	1.636508307660998751e-01	2.423728601892503054e-01	1.465300988695835416e-01	7.146029012287789806e-02	2.821980058302791389e-02	7.267372859769417881e-02
1.068179663175086489e+03	2.748502431685149738e-01	1.635051896051500919e-01	2.425360362892363675e-01	1.466295206446510402e-01	7.150118748963829596e-02	2.824198146300616399e-02	7.273584133978953925e-02
1.069630994239183110e+03	2.746085099784100203e-01	1.633597977702389015e-01	2.426989194905600500e-01	1.467287677500316578e-01	7.154201424616314642e-02	2.826413744631401867e-02	7.279785331826867101e-02
1.071082325303279504e+03	2.743671905897653862e-01	1.632146548334346969e-01	2.428615103072706838e-01	1.468278405164743783e-01	7.158277052012065877e-02	2.828626855661492412e-02	7.285976467630583819e-02
1.072533656367376352e+03	2.741262842924347964e-01	1.630697603675438923e-01	2.430238092525066340e-01	1.469267392739896094e-01	7.162345643892879810e-02	2.830837481755377194e-02	7.292157555702907801e-02
1.073984987431472746e+03	2.738857903774962743e-01	1.629251139461095066e-01	2.431858168384972430e-01	1.470254643518517090e-01	7.166407212975588192e-02	2.833045625275692689e-02	7.298328610351902113e-02
1.075436318495569594e+03	2.736457081372500322e-01	1.627807151434099986e-01	2.433475335765644398e-01	1.471240160786010109e-01	7.170461771952119090e-02	2.835251288583229279e-02	7.304489645880757331e-02
1.076887649559666215e+03	2.734060368652160844e-01	1.626365635344579341e-01	2.435089599771245450e-01	1.472223947820464063e-01	7.174509333489557938e-02	2.837454474036936805e-02	7.310640676587668030e-02
1.078338980623762609e+03	2.731667758561323045e-01	1.624926586949986540e-01	2.436700965496898241e-01	1.473206007892673974e-01	7.178549910230198894e-02	2.839655183993929771e-02	7.316781716765717591e-02
1.079790311687859230e+03	2.729279244059522047e-01	1.623490002015091083e-01	2.438309438028703480e-01	1.474186344266164572e-01	7.182583514791612833e-02	2.841853420809492201e-02	7.322912780702746371e-02
1.081241642751955851e+03	2.726894818118429931e-01	1.622055876311964129e-01	2.439915022443757409e-01	1.475164960197212216e-01	7.186610159766705641e-02	2.844049186837082493e-02	7.329033882681237899e-02
1.082692973816052472e+03	2.724514473721832974e-01	1.620624205619967395e-01	2.441517723810167351e-01	1.476141858934868489e-01	7.190629857723770946e-02	2.846242484428339672e-02	7.335145036978195365e-02
1.084144304880149093e+03	2.722138203865608896e-01	1.619194985725739278e-01	2.443117547187069749e-01	1.477117043720981293e-01	7.194642621206553956e-02	2.848433315933087198e-02	7.341246257865027824e-02
1.085595635944245487e+03	2.719766001557710200e-01	1.617768212423183194e-01	2.444714497624646821e-01	1.478090517790217606e-01	7.198648462734312525e-02	2.850621683699339909e-02	7.347337559607428070e-02
1.087046967008342108e+03	2.717397859818140304e-01	1.616343881513453429e-01	2.446308580164143764e-01	1.479062284370085967e-01	7.202647394801867109e-02	2.852807590073307489e-02	7.353418956465257450e-02
1.088498298072438729e+03	2.715033771678930785e-01	1.614921988804944031e-01	2.447899799837885138e-01	1.480032346680957844e-01	7.206639429879664605e-02	2.854991037399398982e-02	7.359490462692429291e-02
1.089949629136535123e+03	2.712673730184123611e-01	1.613502530113274935e-01	2.449488161669292063e-01	1.481000707936090399e-01	7.210624580413836637e-02	2.857172028020229723e-02	7.365552092536800655e-02
1.091400960200631971e+03	2.710317728389748382e-01	1.612085501261279752e-01	2.451073670672899441e-01	1.481967371341646744e-01	7.214602858826253684e-02	2.859350564276624471e-02	7.371603860240054373e-02
1.092852291264728365e+03	2.707965759363803460e-01	1.610670898078992996e-01	2.452656331854372040e-01	1.482932340096720092e-01	7.218574277514586135e-02	2.861526648507622603e-02	7.377645780037581091e-02
1.094303622328825213e+03	2.705617816186232094e-01	1.609258716403638712e-01	2.454236150210521161e-01	1.483895617393352628e-01	7.222538848852358417e-02	2.863700283050483325e-02	7.383677866158379344e-02
1.095754953392921607e+03	2.703273891948904661e-01	1.607848952079616311e-01	2.455813130729322669e-01	1.484857206416559938e-01	7.226496585189010058e-02	2.865871470240690527e-02	7.389700132824938983e-02
1.097206284457018228e+03	2.700933979755594239e-01	1.606441600958488369e-01	2.457387278389931706e-01	1.485817110344350156e-01	7.230447498849945642e-02	2.868040212411955905e-02	7.395712594253130157e-02
1.098657615521114849e+03	2.698598072721958840e-01	1.605036658898968960e-01	2.458958598162700737e-01	1.486775332347746170e-01	7.234391602136598654e-02	2.870206511896225901e-02	7.401715264652100612e-02
1.100108946585211470e+03	2.696266163975520880e-01	1.603634121766910614e-01	2.460527095009195642e-01	1.487731875590806996e-01	7.238328907326485595e-02	2.872370371023684477e-02	7.407708158224163286e-02
1.101560277649308091e+03	2.693938246655642743e-01	1.602233985435291830e-01	2.462092773882212093e-01	1.488686743230648590e-01	7.242259426673261502e-02	2.874531792122759014e-02	7.413691289164692222e-02
1.103011608713404712e+03	2.691614313913511802e-01	1.600836245784204859e-01	2.463655639725793045e-01	1.489639938417464948e-01	7.246183172406779616e-02	2.876690777520123435e-02	7.419664671662017097e-02
1.104462939777501106e+03	2.689294358912114324e-01	1.599440898700842384e-01	2.465215697475243717e-01	1.490591464294549751e-01	7.250100156733137180e-02	2.878847329540703062e-02	7.425628319897321916e-02
1.105914270841597499e+03	2.686978374826217708e-01	1.598047940079486418e-01	2.466772952057149360e-01	1.491541323998316348e-01	7.254010391834742055e-02	2.881001450507680514e-02	7.431582248044532601e-02
1.107365601905694348e+03	2.684666354842351055e-01	1.596657365821496088e-01	2.468327408389390798e-01	1.492489520658318580e-01	7.257913889870366841e-02	2.883153142742497094e-02	7.437526470270222623e-02
1.108816932969790741e+03	2.682358292158781854e-01	1.595269171835293209e-01	2.469879071381160529e-01	1.493436057397272421e-01	7.261810662975196062e-02	2.885302408564860421e-02	7.443461000733511690e-02
1.110268264033887590e+03	2.680054179985497109e-01	1.593883354036351729e-01	2.471427945932980763e-01	1.494380937331075410e-01	7.265700723260894167e-02	2.887449250292746517e-02	7.449385853585960282e-02
1.111719595097984211e+03	2.677754011544182799e-01	1.592499908347185800e-01	2.472974036936717301e-01	1.495324163568827192e-01	7.269584082815645776e-02	2.889593670242404308e-02	7.455301042971472503e-02
1.113170926162080832e+03	2.675457780068202229e-01	1.591118830697335895e-01	2.474517349275597855e-01	1.496265739212850887e-01	7.273460753704223680e-02	2.891735670728360491e-02	7.461206583026194772e-02
1.114622257226177226e+03	2.673165478802578821e-01	1.589740117023357435e-01	2.476057887824227033e-01	1.497205667358713077e-01	7.277330747968037417e-02	2.893875254063423691e-02	7.467102487878422845e-02
1.116073588290273847e+03	2.670877101003971688e-01	1.588363763268808848e-01	2.477595657448603272e-01	1.498143951095243509e-01	7.281194077625187389e-02	2.896012422558687585e-02	7.472988771648503281e-02
1.117524919354370468e+03	2.668592639940658429e-01	1.586989765384238804e-01	2.479130663006134661e-01	1.499080593504555359e-01	7.285050754670517603e-02	2.898147178523535761e-02	7.478865448448732134e-02
1.118976250418467089e+03	2.666312088892512366e-01	1.585618119327174003e-01	2.480662909345654199e-01	1.500015597662065769e-01	7.288900791075675345e-02	2.900279524265645531e-02	7.484732532383267523e-02
1.120427581482563710e+03	2.664035441150987005e-01	1.584248821062107238e-01	2.482192401307437568e-01	1.500948966636515280e-01	7.292744198789158361e-02	2.902409462090991751e-02	7.490590037548029712e-02
1.121878912546660331e+03	2.661762690019089383e-01	1.582881866560485740e-01	2.483719143723217837e-01	1.501880703489987812e-01	7.296580989736377310e-02	2.904536994303851677e-02	7.496437978030613680e-02
1.123330243610756725e+03	2.659493828811365645e-01	1.581517251800698132e-01	2.485243141416201840e-01	1.502810811277930370e-01	7.300411175819700171e-02	2.906662123206807391e-02	7.502276367910186428e-02
1.124781574674853118e+03	2.657228850853876612e-01	1.580154972768062493e-01	2.486764399201086551e-01	1.503739293049173309e-01	7.304234768918509146e-02	2.908784851100751009e-02	7.508105221257406481e-02
1.126232905738949967e+03	2.654967749484181128e-01	1.578795025454814704e-01	2.488282921884073517e-01	1.504666151845949207e-01	7.308051780889254778e-02	2.910905180284887456e-02	7.513924552134326751e-02
1.127684236803046360e+03	2.652710518051313304e-01	1.577437405860096231e-01	2.489798714262887458e-01	1.505591390703913124e-01	7.311862223565508689e-02	2.913023113056738972e-02	7.519734374594307103e-02
1.129135567867143209e+03	2.650457149915764754e-01	1.576082109989942193e-01	2.491311781126789027e-01	1.506515012652160646e-01	7.315666108758017705e-02	2.915138651712147894e-02	7.525534702681922761e-02
1.130586898931239830e+03	2.648207638449462942e-01	1.574729133857269425e-01	2.492822127256593134e-01	1.507437020713249254e-01	7.319463448254753812e-02	2.917251798545282201e-02	7.531325550432878269e-02
1.132038229995336451e+03	2.645961977035751755e-01	1.573378473481862883e-01	2.494329757424683103e-01	1.508357417903215258e-01	7.323254253820966897e-02	2.919362555848637603e-02	7.537106931873921445e-02
1.133489561059432845e+03	2.643720159069373188e-01	1.572030124890366198e-01	2.495834676395027041e-01	1.509276207231595168e-01	7.327038537199237478e-02	2.921470925913040653e-02	7.542878861022751791e-02
1.134940892123529466e+03	2.641482177956445687e-01	1.570684084116268642e-01	2.497336888923194220e-01	1.510193391701443455e-01	7.330816310109530831e-02	2.923576911027653963e-02	7.548641351887939999e-02
1.136392223187626087e+03	2.639248027114444173e-01	1.569340347199892904e-01	2.498836399756368676e-01	1.511108974309351982e-01	7.334587584249245562e-02	2.925680513479979664e-02	7.554394418468841910e-02
1.137843554251722708e+03	2.637017699972180607e-01	1.567998910188383443e-01	2.500333213633367246e-01	1.512022958045468879e-01	7.338352371293270504e-02	2.927781735555861492e-02	7.560138074755509696e-02
1.139294885315819101e+03	2.634791189969785674e-01	1.566659769135693714e-01	2.501827335284653731e-01	1.512935345893517414e-01	7.342110682894029128e-02	2.929880579539489299e-02	7.565872334728618309e-02
1.140746216379915950e+03	2.632568490558687690e-01	1.565322920102576176e-01	2.503318769432354984e-01	1.513846140830814313e-01	7.345862530681536440e-02	2.931977047713402521e-02	7.571597212359371110e-02
1.142197547444012343e+03	2.630349595201592616e-01	1.563988359156569530e-01	2.504807520790275355e-01	1.514755345828289468e-01	7.349607926263448943e-02	2.934071142358493298e-02	7.577312721609429091e-02
1.143648878508108737e+03	2.628134497372465739e-01	1.562656082371985666e-01	2.506293594063914720e-01	1.515662963850503420e-01	7.353346881225114595e-02	2.936162865754008908e-02	7.583018876430823452e-02
1.145100209572205586e+03	2.625923190556510023e-01	1.561326085829899957e-01	2.507776993950481814e-01	1.516568997855665957e-01	7.357079407129628323e-02	2.938252220177558008e-02	7.588715690765875099e-02
1.146551540636302207e+03	2.623715668250149458e-01	1.559998365618137650e-01	2.509257725138909767e-01	1.517473450795656098e-01	7.360805515517876429e-02	2.940339207905110289e-02	7.594403178547121103e-02
1.148002871700398828e+03	2.621511923961007406e-01	1.558672917831264437e-01	2.510735792309871650e-01	1.518376325616037914e-01	7.364525217908589327e-02	2.942423831211002719e-02	7.600081353697230035e-02
1.149454202764495449e+03	2.619311951207887734e-01	1.557349738570571185e-01	2.512211200135797684e-01	1.519277625256081343e-01	7.368238525798394278e-02	2.944506092367940239e-02	7.605750230128928424e-02
1.150905533828591842e+03	2.617115743520754823e-01	1.556028823944066164e-01	2.513683953280886341e-01	1.520177352648778291e-01	7.371945450661865351e-02	2.946585993647001661e-02	7.611409821744920257e-02
1.152356864892688463e+03	2.614923294440714141e-01	1.554710170066460340e-01	2.515154056401124882e-01	1.521075510720862056e-01	7.375646003951569218e-02	2.948663537317640707e-02	7.617060142437816206e-02
1.153808195956785084e+03	2.612734597519995039e-01	1.553393773059156546e-01	2.516621514144301019e-01	1.521972102392825099e-01	7.379340197098122056e-02	2.950738725647689825e-02	7.622701206090048975e-02
1.155259527020881706e+03	2.610549646321928541e-01	1.552079629050239773e-01	2.518086331150017898e-01	1.522867130578936523e-01	7.383028041510232564e-02	2.952811560903363663e-02	7.628333026573808073e-02
1.156710858084978327e+03	2.608368434420930138e-01	1.550767734174462176e-01	2.519548512049712974e-01	1.523760598187260673e-01	7.386709548574754702e-02	2.954882045349261493e-02	7.633955617750962097e-02
1.158162189149074720e+03	2.606190955402477583e-01	1.549458084573233363e-01	2.521008061466668559e-01	1.524652508119674343e-01	7.390384729656740426e-02	2.956950181248370335e-02	7.639568993472983793e-02
1.159613520213171569e+03	2.604017202863095903e-01	1.548150676394609848e-01	2.522464984016030143e-01	1.525542863271884819e-01	7.394053596099484094e-02	2.959015970862068773e-02	7.645173167580880669e-02
1.161064851277267962e+03	2.601847170410333532e-01	1.546845505793280340e-01	2.523919284304820265e-01	1.526431666533447362e-01	7.397716159224572430e-02	2.961079416450128690e-02	7.650768153905118663e-02
1.162516182341364356e+03	2.599680851662747871e-01	1.545542568930557692e-01	2.525370966931954064e-01	1.527318920787783252e-01	7.401372430331937258e-02	2.963140520270719086e-02	7.656353966265556921e-02
1.163967513405461204e+03	2.597518240249882537e-01	1.544241861974365027e-01	2.526820036488252597e-01	1.528204628912196439e-01	7.405022420699898522e-02	2.965199284580408851e-02	7.661930618471372856e-02
1.165418844469557826e+03	2.595359329812249038e-01	1.542943381099225186e-01	2.528266497556461156e-01	1.529088793777891586e-01	7.408666141585218412e-02	2.967255711634170234e-02	7.667498124320996922e-02
1.166870175533654447e+03	2.593204114001308458e-01	1.541647122486248800e-01	2.529710354711260378e-01	1.529971418249991555e-01	7.412303604223144382e-02	2.969309803685378849e-02	7.673056497602036286e-02
1.168321506597751068e+03	2.591052586479453690e-01	1.540353082323123179e-01	2.531151612519284555e-01	1.530852505187554058e-01	7.415934819827464664e-02	2.971361562985820257e-02	7.678605752091215153e-02
1.169772837661847461e+03	2.588904740919987235e-01	1.539061256804100941e-01	2.532590275539133295e-01	1.531732057443589701e-01	7.419559799590551286e-02	2.973410991785691015e-02	7.684145901554301217e-02
1.171224168725944082e+03	2.586760571007103993e-01	1.537771642129987792e-01	2.534026348321389843e-01	1.532610077865078357e-01	7.423178554683410035e-02	2.975458092333601104e-02	7.689676959746043206e-02
1.172675499790040703e+03	2.584620070435872385e-01	1.536484234508132818e-01	2.535459835408633844e-01	1.533486569292985824e-01	7.426791096255727642e-02	2.977502866876576698e-02	7.695198940410098720e-02
1.174126830854137097e+03	2.582483232912215487e-01	1.535199030152415156e-01	2.536890741335455779e-01	1.534361534562282692e-01	7.430397435435920350e-02	2.979545317660063988e-02	7.700711857278977335e-02
1.175578161918233945e+03	2.580350052152891593e-01	1.533916025283233175e-01	2.538319070628473062e-01	1.535234976501959614e-01	7.433997583331181103e-02	2.981585446927930219e-02	7.706215724073965656e-02
1.177029492982330339e+03	2.578220521885475902e-01	1.532635216127494204e-01	2.539744827806343364e-01	1.536106897935044791e-01	7.437591551027526726e-02	2.983623256922467853e-02	7.711710554505074589e-02
1.178480824046426733e+03	2.576094635848341641e-01	1.531356598918602319e-01	2.541168017379780708e-01	1.536977301678620345e-01	7.441179349589845116e-02	2.985658749884396307e-02	7.717196362270964394e-02
1.179932155110523581e+03	2.573972387790640637e-01	1.530080169896446962e-01	2.542588643851568797e-01	1.537846190543838976e-01	7.444760990061945194e-02	2.987691928052864376e-02	7.722673161058891955e-02
1.181383486174620202e+03	2.571853771472285555e-01	1.528805925307391567e-01	2.544006711716577107e-01	1.538713567335941446e-01	7.448336483466599933e-02	2.989722793665453016e-02	7.728140964544638614e-02
1.182834817238716823e+03	2.569738780663931577e-01	1.527533861404263560e-01	2.545422225461774213e-01	1.539579434854272677e-01	7.451905840805596315e-02	2.991751348958178111e-02	7.733599786392460207e-02
1.184286148302813444e+03	2.567627409146955864e-01	1.526263974446340765e-01	2.546835189566242774e-01	1.540443795892297574e-01	7.455469073059781127e-02	2.993777596165492910e-02	7.739049640255014906e-02
1.185737479366910065e+03	2.565519650713439792e-01	1.524996260699343076e-01	2.548245608501195081e-01	1.541306653237618229e-01	7.459026191189105370e-02	2.995801537520290450e-02	7.744490539773311866e-02
1.187188810431006686e+03	2.563415499166151190e-01	1.523730716435418575e-01	2.549653486729984153e-01	1.542168009671990303e-01	7.462577206132675611e-02	2.997823175253905986e-02	7.749922498576644614e-02
1.188640141495103080e+03	2.561314948318524909e-01	1.522467337933134102e-01	2.551058828708123727e-01	1.543027867971338840e-01	7.466122128808795610e-02	2.999842511596118727e-02	7.755345530282536926e-02
1.190091472559199701e+03	2.559217991994645058e-01	1.521206121477463868e-01	2.552461638883297690e-01	1.543886230905774926e-01	7.469660970115013510e-02	3.001859548775154957e-02	7.760759648496683150e-02
1.191542803623296322e+03	2.557124624029225024e-01	1.519947063359777251e-01	2.553861921695376735e-01	1.544743101239611782e-01	7.473193740928174567e-02	3.003874289017690463e-02	7.766164866812892698e-02
1.192994134687392716e+03	2.555034838267590813e-01	1.518690159877828794e-01	2.555259681576433350e-01	1.545598481731380314e-01	7.476720452104454462e-02	3.005886734548852968e-02	7.771561198813026206e-02
1.194445465751489564e+03	2.552948628565661626e-01	1.517435407335746278e-01	2.556654922950754583e-01	1.546452375133845758e-01	7.480241114479413422e-02	3.007896887592223165e-02	7.776948658066948350e-02
1.195896796815585958e+03	2.550865988789931538e-01	1.516182802044020728e-01	2.558047650234856474e-01	1.547304784194023786e-01	7.483755738868042018e-02	3.009904750369838192e-02	7.782327258132464010e-02
1.197348127879682352e+03	2.548786912817450623e-01	1.514932340319494752e-01	2.559437867837499603e-01	1.548155711653195488e-01	7.487264336064805570e-02	3.011910325102194058e-02	7.787697012555266918e-02
1.198799458943779200e+03	2.546711394535806638e-01	1.513684018485351168e-01	2.560825580159702963e-01	1.549005160246924029e-01	7.490766916843685785e-02	3.013913614008247033e-02	7.793057934868886927e-02
1.200250790007875821e+03	2.544639427843109480e-01	1.512437832871101895e-01	2.562210791594757286e-01	1.549853132705070191e-01	7.494263491958234880e-02	3.015914619305416766e-02	7.798410038594630334e-02
1.201702121071972442e+03	2.542571006647968979e-01	1.511193779812577687e-01	2.563593506528239474e-01	1.550699631751808194e-01	7.497754072141607495e-02	3.017913343209586985e-02	7.803753337241531307e-02
1.203153452136069063e+03	2.540506124869479354e-01	1.509951855651916752e-01	2.564973729338028696e-01	1.551544660105640405e-01	7.501238668106618990e-02	3.019909787935109308e-02	7.809087844306296378e-02
1.204604783200165684e+03	2.538444776437198680e-01	1.508712056737554208e-01	2.566351464394316384e-01	1.552388220479414549e-01	7.504717290545780128e-02	3.021903955694804286e-02	7.814413573273254476e-02
1.206056114264262078e+03	2.536386955291133338e-01	1.507474379424210698e-01	2.567726716059625658e-01	1.553230315580337029e-01	7.508189950131347046e-02	3.023895848699963834e-02	7.819730537614301424e-02
1.207507445328358699e+03	2.534332655381719146e-01	1.506238820072880458e-01	2.569099488688820210e-01	1.554070948109991246e-01	7.511656657515365654e-02	3.025885469160353308e-02	7.825038750788855524e-02
1.208958776392455093e+03	2.532281870669800816e-01	1.505005375050822991e-01	2.570469786629122066e-01	1.554910120764350645e-01	7.515117423329716051e-02	3.027872819284213937e-02	7.830338226243799271e-02
1.210410107456551941e+03	2.530234595126616970e-01	1.503774040731550021e-01	2.571837614220123802e-01	1.555747836233794257e-01	7.518572258186151380e-02	3.029857901278263863e-02	7.835628977413434948e-02
1.211861438520648335e+03	2.528190822733780707e-01	1.502544813494815223e-01	2.573202975793802971e-01	1.556584097203123074e-01	7.522021172676349177e-02	3.031840717347701261e-02	7.840911017719430498e-02
1.213312769584745183e+03	2.526150547483261843e-01	1.501317689726603677e-01	2.574565875674537097e-01	1.557418906351573928e-01	7.525464177371955776e-02	3.033821269696205386e-02	7.846184360570777894e-02
1.214764100648841804e+03	2.524113763377368591e-01	1.500092665819120485e-01	2.575926318179115881e-01	1.558252266352836424e-01	7.528901282824619623e-02	3.035799560525938995e-02	7.851449019363734849e-02
1.216215431712937971e+03	2.522080464428730351e-01	1.498869738170780508e-01	2.577284307616754533e-01	1.559084179875065979e-01	7.532332499566046780e-02	3.037775592037550779e-02	7.856705007481787351e-02
1.217666762777034819e+03	2.520050644660279948e-01	1.497648903186197811e-01	2.578639848289111525e-01	1.559914649580899926e-01	7.535757838108041173e-02	3.039749366430176056e-02	7.861952338295594145e-02
1.219118093841131440e+03	2.518024298105233094e-01	1.496430157276174011e-01	2.579992944490298035e-01	1.560743678127472223e-01	7.539177308942542066e-02	3.041720885901439894e-02	7.867191025162946494e-02
1.220569424905228061e+03	2.516001418807075063e-01	1.495213496857688007e-01	2.581343600506894043e-01	1.561571268166428161e-01	7.542590922541676790e-02	3.043690152647458153e-02	7.872421081428718215e-02
1.222020755969324682e+03	2.513982000819539597e-01	1.493998918353885152e-01	2.582691820617960543e-01	1.562397422343939912e-01	7.545998689357795441e-02	3.045657168862839215e-02	7.877642520424819883e-02
1.223472087033421303e+03	2.511966038206590590e-01	1.492786418194067266e-01	2.584037609095055643e-01	1.563222143300720679e-01	7.549400619823522229e-02	3.047621936740686419e-02	7.882855355470158587e-02
1.224923418097517697e+03	2.509953525042407652e-01	1.491575992813680418e-01	2.585380970202246775e-01	1.564045433672038854e-01	7.552796724351790170e-02	3.049584458472599791e-02	7.888059599870585192e-02
1.226374749161614318e+03	2.507944455411365015e-01	1.490367638654305216e-01	2.586721908196124575e-01	1.564867296087733839e-01	7.556187013335889657e-02	3.051544736248677434e-02	7.893255266918855484e-02
1.227826080225710712e+03	2.505938823408016547e-01	1.489161352163647367e-01	2.588060427325815649e-01	1.565687733172230200e-01	7.559571497149507324e-02	3.053502772257517955e-02	7.898442369894591308e-02
1.229277411289807560e+03	2.503936623137075212e-01	1.487957129795524081e-01	2.589396531832998116e-01	1.566506747544551825e-01	7.562950186146773224e-02	3.055458568686221163e-02	7.903620922064227838e-02
1.230728742353903954e+03	2.501937848713398083e-01	1.486754968009856293e-01	2.590730225951913823e-01	1.567324341818336630e-01	7.566323090662299689e-02	3.057412127720390491e-02	7.908790936680974715e-02
1.232180073418000802e+03	2.499942494261968295e-01	1.485554863272656179e-01	2.592061513909382220e-01	1.568140518601850719e-01	7.569690221011222964e-02	3.059363451544134735e-02	7.913952426984778576e-02
1.233631404482097196e+03	2.497950553917875627e-01	1.484356812056017993e-01	2.593390399924814238e-01	1.568955280498003646e-01	7.573051587489249004e-02	3.061312542340069442e-02	7.919105406202275876e-02
1.235082735546193817e+03	2.495962021826300947e-01	1.483160810838106414e-01	2.594716888210225059e-01	1.569768630104362017e-01	7.576407200372693718e-02	3.063259402289318645e-02	7.924249887546758186e-02
1.236534066610290438e+03	2.493976892142497348e-01	1.481966856103146546e-01	2.596040982970248545e-01	1.570580570013163091e-01	7.579757069918523216e-02	3.065204033571516593e-02	7.929385884218125014e-02
1.237985397674387059e+03	2.491995159031774321e-01	1.480774944341413102e-01	2.597362688402150011e-01	1.571391102811330320e-01	7.583101206364395441e-02	3.067146438364809491e-02	7.934513409402843553e-02
1.239436728738483680e+03	2.490016816669478605e-01	1.479585072049220407e-01	2.598682008695838985e-01	1.572200231080486676e-01	7.586439619928707356e-02	3.069086618845855846e-02	7.939632476273916772e-02
1.240888059802580301e+03	2.488041859240977816e-01	1.478397235728911852e-01	2.599998948033884760e-01	1.573007957396968803e-01	7.589772320810631023e-02	3.071024577189830629e-02	7.944743097990836223e-02
1.242339390866676695e+03	2.486070280941642396e-01	1.477211431888848514e-01	2.601313510591528599e-01	1.573814284331840618e-01	7.593099319190156626e-02	3.072960315570424580e-02	7.949845287699551510e-02
1.243790721930773088e+03	2.484102075976828417e-01	1.476027657043399166e-01	2.602625700536695952e-01	1.574619214450908578e-01	7.596420625228132717e-02	3.074893836159846641e-02	7.954939058532427276e-02
1.245242052994869937e+03	2.482137238561861192e-01	1.474845907712931392e-01	2.603935522030012550e-01	1.575422750314734444e-01	7.599736249066310623e-02	3.076825141128824645e-02	7.960024423608204336e-02
1.246693384058966330e+03	2.480175762922017246e-01	1.473666180423799099e-01	2.605242979224812738e-01	1.576224894478649163e-01	7.603046200827381917e-02	3.078754232646608094e-02	7.965101396031966374e-02
1.248144715123063179e+03	2.478217643292506545e-01	1.472488471708331970e-01	2.606548076267158898e-01	1.577025649492767578e-01	7.606350490615021442e-02	3.080681112880968506e-02	7.970169988895099700e-02
1.249596046187159800e+03	2.476262873918455565e-01	1.471312778104827690e-01	2.607850817295851442e-01	1.577825017902000637e-01	7.609649128513927552e-02	3.082605783998201843e-02	7.975230215275259937e-02
1.251047377251256421e+03	2.474311449054891476e-01	1.470139096157538627e-01	2.609151206442439919e-01	1.578623002246070939e-01	7.612942124589863746e-02	3.084528248163129899e-02	7.980282088236337334e-02
1.252498708315352815e+03	2.472363362966722988e-01	1.468967422416663504e-01	2.610449247831241881e-01	1.579419605059524667e-01	7.616229488889696142e-02	3.086448507539099953e-02	7.985325620828417903e-02
1.253950039379449436e+03	2.470418609928723419e-01	1.467797753438336017e-01	2.611744945579350663e-01	1.580214828871746302e-01	7.619511231441442045e-02	3.088366564287988239e-02	7.990360826087752888e-02
1.255401370443546057e+03	2.468477184225515986e-01	1.466630085784615123e-01	2.613038303796649808e-01	1.581008676206971664e-01	7.622787362254294929e-02	3.090282420570200986e-02	7.995387717036718522e-02
1.256852701507642678e+03	2.466539080151554097e-01	1.465464416023474215e-01	2.614329326585830282e-01	1.581801149584301236e-01	7.626057891318682724e-02	3.092196078544674764e-02	8.000406306683786883e-02
1.258304032571739299e+03	2.464604292011104980e-01	1.464300740728791961e-01	2.615618018042396575e-01	1.582592251517714044e-01	7.629322828606294182e-02	3.094107540368879264e-02	8.005416608023492586e-02
1.259755363635835920e+03	2.462672814118233022e-01	1.463139056480340094e-01	2.616904382254685579e-01	1.583381984516081253e-01	7.632582184070128839e-02	3.096016808198816944e-02	8.010418634036396701e-02
1.261206694699932314e+03	2.460744640796783123e-01	1.461979359863775640e-01	2.618188423303876577e-01	1.584170351083178385e-01	7.635835967644530320e-02	3.097923884189025812e-02	8.015412397689057611e-02
1.262658025764028707e+03	2.458819766380362648e-01	1.460821647470628426e-01	2.619470145264004568e-01	1.584957353717699191e-01	7.639084189245226586e-02	3.099828770492579766e-02	8.020397911933996316e-02
1.264109356828125556e+03	2.456898185212325614e-01	1.459665915898292476e-01	2.620749552201974142e-01	1.585742994913269810e-01	7.642326858769371567e-02	3.101731469261091029e-02	8.025375189709664514e-02
1.265560687892221949e+03	2.454979891645755474e-01	1.458512161750014913e-01	2.622026648177572250e-01	1.586527277158460425e-01	7.645563986095588183e-02	3.103631982644710144e-02	8.030344243940418236e-02
1.267012018956318798e+03	2.453064880043447360e-01	1.457360381634886792e-01	2.623301437243480416e-01	1.587310202936799142e-01	7.648795581083998874e-02	3.105530312792127712e-02	8.035305087536478985e-02
1.268463350020415419e+03	2.451153144777892812e-01	1.456210572167832007e-01	2.624573923445289725e-01	1.588091774726784478e-01	7.652021653576274174e-02	3.107426461850575430e-02	8.040257733393910144e-02
1.269914681084511813e+03	2.449244680231262017e-01	1.455062729969597290e-01	2.625844110821509148e-01	1.588871995001899518e-01	7.655242213395664630e-02	3.109320431965828177e-02	8.045202194394583672e-02
1.271366012148608434e+03	2.447339480795386601e-01	1.453916851666742782e-01	2.627112003403582752e-01	1.589650866230623849e-01	7.658457270347042434e-02	3.111212225282204702e-02	8.050138483406150958e-02
1.272817343212705055e+03	2.445437540871744642e-01	1.452772933891631479e-01	2.628377605215900803e-01	1.590428390876446885e-01	7.661666834216944444e-02	3.113101843942567629e-02	8.055066613282016452e-02
1.274268674276801676e+03	2.443538854871441512e-01	1.451630973282419246e-01	2.629640920275812532e-01	1.591204571397880352e-01	7.664870914773606880e-02	3.114989290088326923e-02	8.059986596861301589e-02
1.275720005340898297e+03	2.441643417215195455e-01	1.450490966483044264e-01	2.630901952593638349e-01	1.591979410248471893e-01	7.668069521767004182e-02	3.116874565859439200e-02	8.064898446968825352e-02
1.277171336404994690e+03	2.439751222333319536e-01	1.449352910143217876e-01	2.632160706172684828e-01	1.592752909876817002e-01	7.671262664928886477e-02	3.118757673394409458e-02	8.069802176415072359e-02
1.278622667469091539e+03	2.437862264665706102e-01	1.448216800918414315e-01	2.633417185009255257e-01	1.593525072726572345e-01	7.674450353972822603e-02	3.120638614830292465e-02	8.074697797996162330e-02
1.280073998533187932e+03	2.435976538661808743e-01	1.447082635469860712e-01	2.634671393092662961e-01	1.594295901236467972e-01	7.677632598594237578e-02	3.122517392302693456e-02	8.079585324493829268e-02
1.281525329597284326e+03	2.434094038780626468e-01	1.445950410464526548e-01	2.635923334405242402e-01	1.595065397840320365e-01	7.680809408470444521e-02	3.124394007945769519e-02	8.084464768675388158e-02
1.282976660661381175e+03	2.432214759490688161e-01	1.444820122575114774e-01	2.637173012922365278e-01	1.595833564967044094e-01	7.683980793260690445e-02	3.126268463892230287e-02	8.089336143293714143e-02
1.284427991725477568e+03	2.430338695270034544e-01	1.443691768480050708e-01	2.638420432612449962e-01	1.596600405040665971e-01	7.687146762606192341e-02	3.128140762273339676e-02	8.094199461087212000e-02
1.285879322789574417e+03	2.428465840606202075e-01	1.442565344863472876e-01	2.639665597436975930e-01	1.597365920480335877e-01	7.690307326130174648e-02	3.130010905218916922e-02	8.099054734779795317e-02
1.287330653853671038e+03	2.426596189996207131e-01	1.441440848415223019e-01	2.640908511350494314e-01	1.598130113700340360e-01	7.693462493437905336e-02	3.131878894857336587e-02	8.103901977080853192e-02
1.288781984917767431e+03	2.424729737946529073e-01	1.440318275830836103e-01	2.642149178300643442e-01	1.598892987110114294e-01	7.696612274116738928e-02	3.133744733315528552e-02	8.108741200685239126e-02
1.290233315981864052e+03	2.422866478973094428e-01	1.439197623811530602e-01	2.643387602228158273e-01	1.599654543114254202e-01	7.699756677736147026e-02	3.135608422718984267e-02	8.113572418273230780e-02
