1.001418434226643626e+03	2.794742540142480247e-01	1.809527663233823080e-01	2.348508857312511522e-01	1.411166390105939861e-01	6.803755153550236634e-02	2.672461439894677562e-02	6.884328898598952862e-02
1.003837319333471214e+03	2.790444396578477537e-01	1.806804966076644148e-01	2.351568325065425680e-01	1.412921365895799808e-01	6.810900439254542749e-02	2.676636727625143417e-02	6.895072296948251411e-02
1.006256204440298802e+03	2.786158561467791950e-01	1.804089815352786230e-01	2.354619230124874174e-01	1.414670835583346498e-01	6.818025278032958936e-02	2.680804306892037303e-02	6.905785989778417955e-02
1.008675089547126618e+03	2.781884999460736418e-01	1.801382190102658043e-01	2.357661596345841104e-01	1.416414817646122482e-01	6.825129728604287238e-02	2.684964182255164186e-02	6.916470053578374633e-02
1.011093974653954206e+03	2.777623675309845441e-01	1.798682069424919205e-01	2.360695447516796552e-01	1.418153330493661102e-01	6.832213849515504644e-02	2.689116358333813739e-02	6.927124564689868258e-02
1.013512859760782021e+03	2.773374553869574766e-01	1.795989432476319536e-01	2.363720807359885601e-01	1.419886392467760161e-01	6.839277699142448652e-02	2.693260839806282947e-02	6.937749599307266313e-02
1.015931744867609382e+03	2.769137600096007179e-01	1.793304258471536405e-01	2.366737699531112071e-01	1.421614021842758646e-01	6.846321335690473686e-02	2.697397631409403224e-02	6.948345233477365435e-02
1.018350629974437197e+03	2.764912779046549418e-01	1.790626526683014585e-01	2.369746147620522825e-01	1.423336236825811230e-01	6.853344817195117233e-02	2.701526737938070993e-02	6.958911543099209618e-02
1.020769515081264785e+03	2.760700055879636849e-01	1.787956216440804713e-01	2.372746175152393167e-01	1.425053055557159998e-01	6.860348201522746547e-02	2.705648164244781051e-02	6.969448603923902863e-02
1.023188400188092373e+03	2.756499395854435375e-01	1.785293307132403695e-01	2.375737805585409756e-01	1.426764496110407843e-01	6.867331546371203965e-02	2.709761915239162697e-02	6.979956491554441256e-02
1.025607285294920075e+03	2.752310764330549997e-01	1.782637778202594558e-01	2.378721062312852963e-01	1.428470576492788524e-01	6.874294909270446674e-02	2.713867995887517259e-02	6.990435281445550597e-02
1.028026170401747549e+03	2.748134126767727281e-01	1.779989609153287411e-01	2.381695968662780605e-01	1.430171314645437008e-01	6.881238347583169823e-02	2.717966411212360822e-02	7.000885048903522645e-02
1.030445055508575479e+03	2.743969448725562255e-01	1.777348779543360124e-01	2.384662547898210583e-01	1.431866728443657866e-01	6.888161918505433801e-02	2.722057166291968686e-02	7.011305869086066622e-02
1.032863940615402726e+03	2.739816695863206419e-01	1.774715268988500960e-01	2.387620823217300181e-01	1.433556835697194221e-01	6.895065679067274855e-02	2.726140266259922604e-02	7.021697817002160724e-02
1.035282825722230655e+03	2.735675833939075763e-01	1.772089057161048697e-01	2.390570817753529531e-01	1.435241654150492818e-01	6.901949686133318496e-02	2.730215716304659410e-02	7.032060967511916116e-02
1.037701710829058356e+03	2.731546828810560990e-01	1.769470123789837201e-01	2.393512554575881468e-01	1.436921201482971311e-01	6.908813996403379010e-02	2.734283521669025885e-02	7.042395395326442320e-02
1.040120595935886058e+03	2.727429646433736088e-01	1.766858448660036662e-01	2.396446056689020554e-01	1.438595495309282213e-01	6.915658666413049271e-02	2.738343687649831548e-02	7.052701175007720924e-02
1.042539481042713533e+03	2.723324252863068562e-01	1.764254011612998163e-01	2.399371347033473489e-01	1.440264553179575469e-01	6.922483752534303036e-02	2.742396219597409424e-02	7.062978380968483461e-02
1.044958366149541234e+03	2.719230614251133549e-01	1.761656792546096306e-01	2.402288448485808692e-01	1.441928392579762130e-01	6.929289310976066707e-02	2.746441122915175073e-02	7.073227087472098995e-02
1.047377251256368709e+03	2.715148696848325161e-01	1.759066771412574337e-01	2.405197383858814486e-01	1.443587030931775816e-01	6.936075397784800811e-02	2.750478403059191182e-02	7.083447368632460328e-02
1.049796136363196410e+03	2.711078467002570047e-01	1.756483928221388158e-01	2.408098175901676463e-01	1.445240485593831392e-01	6.942842068845074543e-02	2.754508065537731795e-02	7.093639298413886851e-02
1.052215021470024112e+03	2.707019891159041514e-01	1.753908243037051451e-01	2.410990847300155115e-01	1.446888773860686150e-01	6.949589379880127815e-02	2.758530115910852801e-02	7.103802950631023239e-02
1.054633906576851814e+03	2.702972935859876968e-01	1.751339695979481914e-01	2.413875420676765138e-01	1.448531912963897383e-01	6.956317386452430529e-02	2.762544559789962065e-02	7.113938398948745079e-02
1.057052791683679516e+03	2.698937567743889820e-01	1.748778267223846383e-01	2.416751918590948067e-01	1.450169920072078289e-01	6.963026143964248793e-02	2.766551402837394077e-02	7.124045716882076995e-02
1.059471676790506763e+03	2.694913753546292479e-01	1.746223937000407067e-01	2.419620363539251584e-01	1.451802812291156097e-01	6.969715707658180603e-02	2.770550650765984946e-02	7.134124977796109379e-02
1.061890561897334692e+03	2.690901460098407694e-01	1.743676685594368614e-01	2.422480777955504094e-01	1.453430606664625202e-01	6.976386132617709568e-02	2.774542309338652243e-02	7.144176254905920675e-02
1.064309447004162394e+03	2.686900654327393223e-01	1.741136493345725733e-01	2.425333184210989868e-01	1.455053320173801679e-01	6.983037473767746139e-02	2.778526384367976595e-02	7.154199621276507992e-02
1.066728332110990095e+03	2.682911303255957614e-01	1.738603340649110540e-01	2.428177604614623064e-01	1.456670969738076415e-01	6.989669785875154973e-02	2.782502881715784651e-02	7.164195149822719100e-02
1.069147217217817570e+03	2.678933374002081536e-01	1.736077207953640178e-01	2.431014061413122318e-01	1.458283572215167134e-01	6.996283123549297545e-02	2.786471807292735525e-02	7.174162913309194145e-02
1.071566102324645271e+03	2.674966833778739117e-01	1.733558075762765549e-01	2.433842576791185319e-01	1.459891144401368190e-01	7.002877541242544246e-02	2.790433167057909322e-02	7.184102984350307364e-02
1.073984987431472746e+03	2.671011649893620388e-01	1.731045924634121158e-01	2.436663172871659511e-01	1.461493703031800651e-01	7.009453093250808675e-02	2.794386967018399823e-02	7.194015435410117121e-02
1.076403872538300675e+03	2.667067789748854278e-01	1.728540735179372734e-01	2.439475871715717226e-01	1.463091264780660983e-01	7.016009833714059729e-02	2.798333213228906477e-02	7.203900338802320114e-02
1.078822757645127922e+03	2.663135220840733286e-01	1.726042488064067626e-01	2.442280695323026940e-01	1.464683846261468914e-01	7.022547816616830918e-02	2.802271911791330908e-02	7.213757766690205575e-02
1.081241642751955851e+03	2.659213910759436472e-01	1.723551164007485759e-01	2.445077665631924801e-01	1.466271464027313343e-01	7.029067095788736619e-02	2.806203068854374802e-02	7.223587791086623355e-02
1.083660527858783553e+03	2.655303827188754684e-01	1.721066743782489195e-01	2.447866804519585326e-01	1.467854134571098257e-01	7.035567724904971676e-02	2.810126690613141270e-02	7.233390483853945063e-02
1.086079412965611255e+03	2.651404937905817993e-01	1.718589208215374198e-01	2.450648133802194040e-01	1.469431874325786980e-01	7.042049757486812389e-02	2.814042783308737944e-02	7.243165916704046026e-02
1.088498298072438729e+03	2.647517210780824248e-01	1.716118538185721076e-01	2.453421675235114841e-01	1.471004699664644755e-01	7.048513246902117502e-02	2.817951353227882150e-02	7.252914161198269205e-02
1.090917183179266431e+03	2.643640613776764292e-01	1.713654714626247633e-01	2.456187450513063197e-01	1.472572626901482717e-01	7.054958246365816699e-02	2.821852406702508170e-02	7.262635288747412710e-02
1.093336068286093905e+03	2.639775114949151624e-01	1.711197718522659839e-01	2.458945481270271849e-01	1.474135672290897980e-01	7.061384808940404656e-02	2.825745950109378318e-02	7.272329370611713140e-02
1.095754953392921607e+03	2.635920682445752616e-01	1.708747530913506119e-01	2.461695789080662611e-01	1.475693852028513720e-01	7.067792987536423988e-02	2.829631989869694011e-02	7.281996477900834486e-02
1.098173838499749309e+03	2.632077284506316728e-01	1.706304132890029135e-01	2.464438395458013742e-01	1.477247182251219537e-01	7.074182834912944029e-02	2.833510532448711011e-02	7.291636681573858414e-02
1.100592723606577010e+03	2.628244889462307277e-01	1.703867505596019793e-01	2.467173321856126478e-01	1.478795679037407662e-01	7.080554403678047948e-02	2.837381584355356395e-02	7.301250052439285654e-02
1.103011608713404712e+03	2.624423465736633876e-01	1.701437630227670972e-01	2.469900589668994895e-01	1.480339358407212202e-01	7.086907746289300425e-02	2.841245152141846919e-02	7.310836661155034610e-02
1.105430493820231959e+03	2.620612981843384315e-01	1.699014488033431802e-01	2.472620220230970500e-01	1.481878236322744513e-01	7.093242915054226438e-02	2.845101242403311192e-02	7.320396578228446915e-02
1.107849378927059888e+03	2.616813406387561436e-01	1.696598060313862510e-01	2.475332234816930987e-01	1.483412328688327175e-01	7.099559962130776170e-02	2.848949861777412551e-02	7.329929874016292979e-02
1.110268264033887590e+03	2.613024708064811130e-01	1.694188328421488698e-01	2.478036654642444270e-01	1.484941651350729641e-01	7.105858939527789908e-02	2.852791016943974356e-02	7.339436618724790029e-02
1.112687149140715292e+03	2.609246855661165876e-01	1.691785273760658681e-01	2.480733500863935015e-01	1.486466220099400826e-01	7.112139899105464347e-02	2.856624714624608763e-02	7.348916882409613216e-02
1.115106034247542766e+03	2.605479818052774399e-01	1.689388877787397214e-01	2.483422794578849790e-01	1.487986050666700033e-01	7.118402892575810548e-02	2.860450961582345492e-02	7.358370734975920591e-02
1.117524919354370468e+03	2.601723564205641326e-01	1.686999122009262830e-01	2.486104556825820822e-01	1.489501158728129548e-01	7.124647971503109134e-02	2.864269764621266146e-02	7.367798246178369759e-02
1.119943804461197942e+03	2.597978063175362951e-01	1.684615987985205177e-01	2.488778808584831692e-01	1.491011559902563344e-01	7.130875187304366869e-02	2.868081130586136104e-02	7.377199485621149799e-02
1.122362689568025871e+03	2.594243284106868552e-01	1.682239457325420406e-01	2.491445570777379714e-01	1.492517269752477449e-01	7.137084591249763521e-02	2.871885066362041966e-02	7.386574522758014572e-02
1.124781574674853118e+03	2.590519196234157273e-01	1.679869511691210737e-01	2.494104864266639965e-01	1.494018303784176438e-01	7.143276234463105667e-02	2.875681578874030031e-02	7.395923426892309083e-02
1.127200459781681047e+03	2.586805768880036660e-01	1.677506132794840676e-01	2.496756709857627377e-01	1.495514677448021579e-01	7.149450167922272170e-02	2.879470675086748255e-02	7.405246267177012509e-02
1.129619344888508749e+03	2.583102971455867314e-01	1.675149302399395468e-01	2.499401128297359664e-01	1.497006406138656209e-01	7.155606442459645777e-02	2.883252362004085773e-02	7.414543112614778442e-02
1.132038229995336451e+03	2.579410773461302542e-01	1.672799002318640926e-01	2.502038140275018030e-01	1.498493505195230835e-01	7.161745108762566925e-02	2.887026646668820751e-02	7.423814032057976520e-02
1.134457115102163925e+03	2.575729144484031341e-01	1.670455214416881329e-01	2.504667766422111197e-01	1.499975989901627116e-01	7.167866217373766724e-02	2.890793536162265462e-02	7.433059094208743778e-02
1.136876000208991627e+03	2.572058054199518051e-01	1.668117920608819804e-01	2.507290027312634173e-01	1.501453875486681300e-01	7.173969818691798561e-02	2.894553037603916565e-02	7.442278367619031831e-02
1.139294885315819101e+03	2.568397472370751999e-01	1.665787102859416779e-01	2.509904943463229232e-01	1.502927177124406266e-01	7.180055962971473860e-02	2.898305158151104344e-02	7.451471920690658224e-02
1.141713770422646803e+03	2.564747368847986597e-01	1.663462743183752035e-01	2.512512535333346619e-01	1.504395909934211351e-01	7.186124700324293679e-02	2.902049904998647151e-02	7.460639821675370265e-02
1.144132655529474505e+03	2.561107713568488986e-01	1.661144823646883983e-01	2.515112823325401648e-01	1.505860088981124112e-01	7.192176080718878928e-02	2.905787285378505502e-02	7.469782138674901928e-02
1.146551540636302207e+03	2.557478476556283020e-01	1.658833326363710892e-01	2.517705827784939010e-01	1.507319729276007936e-01	7.198210153981382531e-02	2.909517306559438951e-02	7.478898939641034915e-02
1.148970425743129908e+03	2.553859627921898912e-01	1.656528233498833214e-01	2.520291569000786547e-01	1.508774845775781859e-01	7.204226969795927971e-02	2.913239975846666080e-02	7.487990292375665269e-02
1.151389310849957155e+03	2.550251137862117878e-01	1.654229527266414534e-01	2.522870067205215672e-01	1.510225453383636229e-01	7.210226577705025619e-02	2.916955300581524149e-02	7.497056264530872760e-02
1.153808195956785084e+03	2.546652976659722900e-01	1.651937189930043071e-01	2.525441342574099024e-01	1.511671566949249756e-01	7.216209027109990459e-02	2.920663288141132560e-02	7.506096923608993055e-02
1.156227081063612786e+03	2.543065114683247252e-01	1.649651203802596222e-01	2.528005415227068675e-01	1.513113201269004060e-01	7.222174367271355644e-02	2.924363945938057360e-02	7.515112336962691264e-02
1.158645966170440488e+03	2.539487522386723595e-01	1.647371551246101240e-01	2.530562305227671005e-01	1.514550371086198777e-01	7.228122647309291604e-02	2.928057281419978522e-02	7.524102571795042438e-02
1.161064851277267962e+03	2.535920170309436394e-01	1.645098214671600889e-01	2.533112032583525464e-01	1.515983091091264445e-01	7.234053916204020995e-02	2.931743302069358265e-02	7.533067695159605115e-02
1.163483736384095664e+03	2.532363029075671013e-01	1.642831176539014670e-01	2.535654617246480003e-01	1.517411375921974837e-01	7.239968222796222541e-02	2.935422015403111803e-02	7.542007773960511530e-02
1.165902621490923138e+03	2.528816069394468902e-01	1.640570419357005039e-01	2.538190079112765396e-01	1.518835240163659006e-01	7.245865615787443204e-02	2.939093428972279487e-02	7.550922874952548103e-02
1.168321506597751068e+03	2.525279262059376140e-01	1.638315925682840846e-01	2.540718438023152337e-01	1.520254698349411404e-01	7.251746143740504802e-02	2.942757550361702057e-02	7.559813064741244260e-02
1.170740391704578315e+03	2.521752577948201401e-01	1.636067678122261615e-01	2.543239713763105203e-01	1.521669764960300875e-01	7.257609855079907857e-02	2.946414387189695908e-02	7.568678409782965411e-02
1.173159276811406244e+03	2.518235988022767824e-01	1.633825659329344593e-01	2.545753926062936379e-01	1.523080454425580210e-01	7.263456798092234046e-02	2.950063947107731815e-02	7.577518976385004545e-02
1.175578161918233945e+03	2.514729463328667647e-01	1.631589852006368468e-01	2.548261094597961129e-01	1.524486781122893764e-01	7.269287020926550047e-02	2.953706237800115056e-02	7.586334830705680765e-02
1.177997047025061647e+03	2.511232974995021294e-01	1.629360238903680425e-01	2.550761238988649704e-01	1.525888759378483950e-01	7.275100571594801668e-02	2.957341266983666561e-02	7.595126038754430875e-02
1.180415932131889122e+03	2.507746494234230905e-01	1.627136802819561801e-01	2.553254378800781099e-01	1.527286403467396914e-01	7.280897497972213528e-02	2.960969042407407548e-02	7.603892666391919020e-02
1.182834817238716823e+03	2.504269992341738305e-01	1.624919526600094866e-01	2.555740533545596271e-01	1.528679727613687922e-01	7.286677847797690122e-02	2.964589571852244837e-02	7.612634779330132440e-02
1.185253702345544298e+03	2.500803440695782975e-01	1.622708393139031535e-01	2.558219722679949681e-01	1.530068745990625367e-01	7.292441668674196076e-02	2.968202863130658259e-02	7.621352443132492493e-02
1.187672587452371999e+03	2.497346810757161417e-01	1.620503385377657646e-01	2.560691965606460285e-01	1.531453472720893383e-01	7.298189008069161376e-02	2.971808924086388401e-02	7.630045723213958742e-02
1.190091472559199701e+03	2.493900074068985118e-01	1.618304486304663614e-01	2.563157281673666410e-01	1.532833921876795014e-01	7.303919913314865786e-02	2.975407762594130603e-02	7.638714684841142744e-02
1.192510357666027403e+03	2.490463202256442410e-01	1.616111678956011211e-01	2.565615690176170083e-01	1.534210107480452612e-01	7.309634431608826033e-02	2.978999386559224791e-02	7.647359393132419081e-02
1.194929242772855105e+03	2.487036167026558664e-01	1.613924946414802553e-01	2.568067210354795793e-01	1.535582043504008787e-01	7.315332610014188552e-02	2.982583803917351548e-02	7.655979913058034991e-02
1.197348127879682352e+03	2.483618940167957589e-01	1.611744271811149376e-01	2.570511861396732600e-01	1.536949743869826523e-01	7.321014495460108351e-02	2.986161022634227155e-02	7.664576309440236657e-02
1.199767012986510281e+03	2.480211493550623647e-01	1.609569638322040919e-01	2.572949662435690121e-01	1.538313222450685969e-01	7.326680134742137585e-02	2.989731050705304177e-02	7.673148646953384389e-02
1.202185898093337983e+03	2.476813799125665017e-01	1.607401029171215967e-01	2.575380632552044524e-01	1.539672493069983716e-01	7.332329574522605808e-02	2.993293896155468925e-02	7.681696990124070590e-02
1.204604783200165684e+03	2.473425828925077397e-01	1.605238427629030185e-01	2.577804790772987298e-01	1.541027569501929595e-01	7.337962861331000231e-02	2.996849567038744125e-02	7.690221403331247430e-02
1.207023668306993159e+03	2.470047555061508915e-01	1.603081817012327881e-01	2.580222156072675133e-01	1.542378465471741789e-01	7.343580041564348737e-02	3.000398071437991240e-02	7.698721950806353131e-02
1.209442553413820860e+03	2.466678949728024484e-01	1.600931180684313226e-01	2.582632747372377580e-01	1.543725194655843347e-01	7.349181161487589042e-02	3.003939417464617651e-02	7.707198696633434098e-02
1.211861438520648335e+03	2.463319985197871265e-01	1.598786502054420355e-01	2.585036583540624711e-01	1.545067770682054809e-01	7.354766267233957266e-02	3.007473613258280359e-02	7.715651704749283690e-02
1.214280323627476264e+03	2.459970633824246355e-01	1.596647764578185136e-01	2.587433683393351447e-01	1.546406207129789323e-01	7.360335404805350146e-02	3.011000666986597338e-02	7.724081038943561572e-02
1.216699208734303511e+03	2.456630868040062809e-01	1.594514951757116938e-01	2.589824065694050215e-01	1.547740517530243609e-01	7.365888620072709447e-02	3.014520586844856090e-02	7.732486762858939433e-02
1.219118093841131440e+03	2.453300660357718155e-01	1.592388047138570961e-01	2.592207749153910834e-01	1.549070715366590301e-01	7.371425958776382792e-02	3.018033381055725342e-02	7.740868939991227271e-02
1.221536978947959142e+03	2.449979983368863190e-01	1.590267034315620831e-01	2.594584752431971508e-01	1.550396814074168628e-01	7.376947466526502517e-02	3.021539057868969508e-02	7.749227633689519112e-02
1.223955864054786844e+03	2.446668809744171058e-01	1.588151896926931206e-01	2.596955094135260933e-01	1.551718827040674820e-01	7.382453188803353439e-02	3.025037625561163498e-02	7.757562907156327625e-02
1.226374749161614318e+03	2.443367112233106320e-01	1.586042618656632042e-01	2.599318792818946511e-01	1.553036767606350566e-01	7.387943170957739225e-02	3.028529092435409270e-02	7.765874823447724284e-02
1.228793634268442020e+03	2.440074863663696525e-01	1.583939183234189252e-01	2.601675866986475905e-01	1.554350649064170919e-01	7.393417458211348769e-02	3.032013466821054798e-02	7.774163445473486478e-02
1.231212519375269494e+03	2.436792036942302953e-01	1.581841574434282305e-01	2.604026335089725253e-01	1.555660484660033593e-01	7.398876095657119789e-02	3.035490757073414439e-02	7.782428835997239058e-02
1.233631404482097196e+03	2.433518605053394124e-01	1.579749776076676271e-01	2.606370215529137391e-01	1.556966287592943810e-01	7.404319128259606586e-02	3.038960971573489295e-02	7.790671057636604224e-02
1.236050289588924898e+03	2.430254541059315709e-01	1.577663772026096645e-01	2.608707526653871178e-01	1.558268071015199985e-01	7.409746600855339482e-02	3.042424118727692084e-02	7.798890172863345849e-02
1.238469174695752372e+03	2.426999818100066264e-01	1.575583546192105833e-01	2.611038286761941940e-01	1.559565848032579694e-01	7.415158558153184254e-02	3.045880206967572015e-02	7.807086244003522135e-02
1.240888059802580301e+03	2.423754409393070464e-01	1.573509082528975755e-01	2.613362514100363576e-01	1.560859631704522577e-01	7.420555044734709893e-02	3.049329244749540008e-02	7.815259333237639661e-02
1.243306944909407548e+03	2.420518288232952342e-01	1.571440365035566833e-01	2.615680226865291780e-01	1.562149435044315193e-01	7.425936105054538328e-02	3.052771240554599461e-02	7.823409502600804644e-02
1.245725830016235477e+03	2.417291427991314079e-01	1.569377377755201142e-01	2.617991443202167257e-01	1.563435271019271711e-01	7.431301783440706632e-02	3.056206202888073556e-02	7.831536813982876988e-02
1.248144715123063179e+03	2.414073802116508127e-01	1.567320104775541123e-01	2.620296181205855057e-01	1.564717152550917367e-01	7.436652124095022298e-02	3.059634140279338457e-02	7.839641329128629876e-02
1.250563600229890881e+03	2.410865384133416556e-01	1.565268530228463850e-01	2.622594458920785576e-01	1.565995092515167220e-01	7.441987171093418507e-02	3.063055061281555122e-02	7.847723109637905203e-02
1.252982485336718355e+03	2.407666147643226784e-01	1.563222638289939737e-01	2.624886294341097215e-01	1.567269103742508218e-01	7.447306968386305237e-02	3.066468974471404235e-02	7.855782216965778719e-02
1.255401370443546057e+03	2.404476066323211481e-01	1.561182413179910133e-01	2.627171705410775715e-01	1.568539199018176844e-01	7.452611559798927310e-02	3.069875888448823226e-02	7.863818712422718238e-02
1.257820255550373531e+03	2.401295113926504854e-01	1.559147839162163540e-01	2.629450710023794602e-01	1.569805391082338131e-01	7.457900989031711336e-02	3.073275811836742241e-02	7.871832657174744619e-02
1.260239140657201460e+03	2.398123264281883382e-01	1.557118900544215423e-01	2.631723326024253407e-01	1.571067692630264134e-01	7.463175299660616824e-02	3.076668753280824287e-02	7.879824112243602463e-02
1.262658025764028707e+03	2.394960491293545712e-01	1.555095581677186090e-01	2.633989571206518110e-01	1.572326116312508792e-01	7.468434535137485897e-02	3.080054721449206404e-02	7.887793138506921098e-02
1.265076910870856636e+03	2.391806768940893113e-01	1.553077866955678288e-01	2.636249463315361030e-01	1.573580674735085838e-01	7.473678738790393017e-02	3.083433725032241543e-02	7.895739796698386659e-02
1.267495795977684338e+03	2.388662071278310761e-01	1.551065740817657856e-01	2.638503020046095160e-01	1.574831380459643382e-01	7.478907953823987764e-02	3.086805772742241133e-02	7.903664147407905849e-02
1.269914681084511813e+03	2.385526372434949027e-01	1.549059187744332156e-01	2.640750259044715720e-01	1.576078246003638217e-01	7.484122223319844558e-02	3.090170873313222849e-02	7.911566251081783574e-02
1.272333566191339514e+03	2.382399646614506983e-01	1.547058192260030718e-01	2.642991197908037826e-01	1.577321283840509569e-01	7.489321590236805437e-02	3.093529035500655264e-02	7.919446168022888088e-02
1.274752451298167216e+03	2.379281868095015906e-01	1.545062738932083957e-01	2.645225854183831382e-01	1.578560506399852015e-01	7.494506097411321455e-02	3.096880268081207005e-02	7.927303958390831407e-02
1.277171336404994690e+03	2.376173011228621124e-01	1.543072812370705760e-01	2.647454245370960413e-01	1.579795926067588119e-01	7.499675787557802398e-02	3.100224579852496956e-02	7.935139682202135836e-02
1.279590221511822392e+03	2.373073050441368570e-01	1.541088397228872198e-01	2.649676388919517400e-01	1.581027555186139411e-01	7.504830703268948466e-02	3.103561979632844803e-02	7.942953399330418551e-02
1.282009106618650094e+03	2.369981960232988849e-01	1.539109478202203285e-01	2.651892302230960952e-01	1.582255406054596802e-01	7.509970887016098606e-02	3.106892476261024008e-02	7.950745169506563681e-02
1.284427991725477568e+03	2.366899715176683794e-01	1.537136040028844464e-01	2.654102002658251247e-01	1.583479490928891009e-01	7.515096381149563576e-02	3.110216078596016176e-02	7.958515052318904104e-02
1.286846876832305497e+03	2.363826289918911638e-01	1.535168067489349197e-01	2.656305507505983265e-01	1.584699822021961024e-01	7.520207227898970115e-02	3.113532795516766455e-02	7.966263107213399086e-02
1.289265761939132744e+03	2.360761659179175243e-01	1.533205545406559622e-01	2.658502834030525008e-01	1.585916411503923429e-01	7.525303469373594012e-02	3.116842635921940677e-02	7.973989393493816080e-02
1.291684647045960673e+03	2.357705797749809207e-01	1.531248458645489696e-01	2.660693999440150170e-01	1.587129271502238925e-01	7.530385147562694559e-02	3.120145608729684925e-02	7.981693970321918075e-02
1.294103532152788375e+03	2.354658680495767542e-01	1.529296792113208070e-01	2.662879020895174143e-01	1.588338414101879981e-01	7.535452304335858720e-02	3.123441722877383364e-02	7.989376896717639842e-02
1.296522417259616077e+03	2.351620282354413838e-01	1.527350530758720959e-01	2.665057915508083353e-01	1.589543851345496805e-01	7.540504981443323096e-02	3.126730987321421629e-02	7.997038231559279453e-02
1.298941302366443551e+03	2.348590578335310597e-01	1.525409659572855292e-01	2.667230700343674044e-01	1.590745595233582499e-01	7.545543220516316707e-02	3.130013411036949161e-02	8.004678033583680075e-02
1.301360187473271253e+03	2.345569543520008016e-01	1.523474163588142694e-01	2.669397392419182724e-01	1.591943657724637917e-01	7.550567063067385731e-02	3.133289003017643987e-02	8.012296361386421484e-02
1.303779072580098727e+03	2.342557153061836095e-01	1.521544027878704020e-01	2.671558008704418841e-01	1.593138050735335709e-01	7.555576550490729348e-02	3.136557772275476441e-02	8.019893273422006030e-02
1.306197957686926657e+03	2.339553382185695918e-01	1.519619237560133063e-01	2.673712566121897449e-01	1.594328786140683241e-01	7.560571724062530030e-02	3.139819727840476721e-02	8.027468828004048762e-02
1.308616842793753904e+03	2.336558206187851205e-01	1.517699777789381366e-01	2.675861081546972442e-01	1.595515875774185244e-01	7.565552624941282445e-02	3.143074878760507285e-02	8.035023083305470326e-02
1.311035727900581833e+03	2.333571600435720428e-01	1.515785633764642482e-01	2.678003571807964778e-01	1.596699331428005630e-01	7.570519294168115421e-02	3.146323234101026933e-02	8.042556097358685707e-02
1.313454613007409534e+03	2.330593540367671690e-01	1.513876790725239008e-01	2.680140053686296819e-01	1.597879164853128753e-01	7.575471772667127790e-02	3.149564802944865988e-02	8.050067928055802680e-02
1.315873498114237009e+03	2.327624001492815398e-01	1.511973233951507400e-01	2.682270543916622785e-01	1.599055387759518720e-01	7.580410101245710353e-02	3.152799594391997307e-02	8.057558633148809157e-02
1.318292383221064711e+03	2.324662959390798311e-01	1.510074948764683345e-01	2.684395059186958088e-01	1.600228011816280382e-01	7.585334320594872004e-02	3.156027617559309384e-02	8.065028270249774422e-02
1.320711268327892412e+03	2.321710389711599820e-01	1.508181920526788788e-01	2.686513616138810900e-01	1.601397048651817812e-01	7.590244471289564476e-02	3.159248881580384999e-02	8.072476896831042026e-02
1.323130153434719887e+03	2.318766268175326828e-01	1.506294134640518145e-01	2.688626231367308717e-01	1.602562509853991957e-01	7.595140593789002914e-02	3.162463395605274313e-02	8.079904570225428240e-02
1.325549038541547588e+03	2.315830570572010028e-01	1.504411576549125606e-01	2.690732921421332691e-01	1.603724406970278571e-01	7.600022728436992003e-02	3.165671168800274216e-02	8.087311347626421898e-02
1.327967923648375290e+03	2.312903272761401563e-01	1.502534231736312176e-01	2.692833702803643647e-01	1.604882751507925587e-01	7.604890915462246548e-02	3.168872210347709745e-02	8.094697286088380073e-02
1.330386808755202765e+03	2.309984350672771025e-01	1.500662085726112427e-01	2.694928591971009202e-01	1.606037554934107991e-01	7.609745194978709271e-02	3.172066529445709965e-02	8.102062442526732078e-02
1.332805693862030694e+03	2.307073780304704780e-01	1.498795124082784314e-01	2.697017605334336432e-01	1.607188828676084646e-01	7.614585606985878330e-02	3.175254135307994940e-02	8.109406873718183473e-02
1.335224578968857941e+03	2.304171537724904462e-01	1.496933332410695650e-01	2.699100759258796778e-01	1.608336584121352053e-01	7.619412191369114018e-02	3.178435037163655774e-02	8.116730636300908963e-02
1.337643464075685870e+03	2.301277599069985191e-01	1.495076696354212531e-01	2.701178070063953163e-01	1.609480832617798673e-01	7.624224987899966277e-02	3.181609244256940888e-02	8.124033786774763344e-02
1.340062349182513572e+03	2.298391940545277401e-01	1.493225201597588869e-01	2.703249554023889889e-01	1.610621585473858697e-01	7.629024036236491113e-02	3.184776765847043001e-02	8.131316381501484114e-02
1.342481234289341273e+03	2.295514538424624773e-01	1.491378833864856202e-01	2.705315227367336983e-01	1.611758853958664695e-01	7.633809375923561458e-02	3.187937611207882632e-02	8.138578476704895481e-02
1.344900119396168748e+03	2.292645369050187454e-01	1.489537578919711280e-01	2.707375106277798982e-01	1.612892649302198889e-01	7.638581046393183582e-02	3.191091789627900632e-02	8.145820128471113752e-02
1.347319004502996449e+03	2.289784408832242490e-01	1.487701422565406439e-01	2.709429206893679276e-01	1.614022982695445529e-01	7.643339086964816287e-02	3.194239310409844462e-02	8.153041392748759664e-02
1.349737889609823924e+03	2.286931634248987044e-01	1.485870350644641347e-01	2.711477545308406123e-01	1.615149865290541054e-01	7.648083536845680375e-02	3.197380182870563498e-02	8.160242325349155446e-02
1.352156774716651853e+03	2.284087021846339660e-01	1.484044349039450039e-01	2.713520137570559765e-01	1.616273308200924796e-01	7.652814435131070903e-02	3.200514416340799473e-02	8.167422981946542704e-02
1.354575659823479100e+03	2.281250548237744313e-01	1.482223403671094619e-01	2.715556999683995665e-01	1.617393322501487207e-01	7.657531820804669431e-02	3.203642020164976928e-02	8.174583418078290586e-02
1.356994544930307029e+03	2.278422190103975564e-01	1.480407500499954787e-01	2.717588147607969407e-01	1.618509919228720007e-01	7.662235732738860439e-02	3.206763003701002673e-02	8.181723689145099787e-02
1.359413430037134731e+03	2.275601924192941217e-01	1.478596625525418207e-01	2.719613597257262705e-01	1.619623109380862735e-01	7.666926209695029693e-02	3.209877376320060399e-02	8.188843850411224590e-02
1.361832315143962205e+03	2.272789727319487474e-01	1.476790764785774479e-01	2.721633364502306085e-01	1.620732903918051526e-01	7.671603290323883440e-02	3.212985147406407366e-02	8.195943957004671321e-02
1.364251200250789907e+03	2.269985576365207147e-01	1.474989904358104953e-01	2.723647465169303228e-01	1.621839313762465373e-01	7.676267013165752329e-02	3.216086326357173175e-02	8.203024063917419006e-02
1.366670085357617609e+03	2.267189448278243147e-01	1.473194030358176143e-01	2.725655915040354205e-01	1.622942349798472406e-01	7.680917416650898111e-02	3.219180922582162707e-02	8.210084226005637253e-02
1.369088970464445310e+03	2.264401320073095858e-01	1.471403128940330374e-01	2.727658729853578712e-01	1.624042022872774771e-01	7.685554539099824500e-02	3.222268945503650728e-02	8.217124497989886089e-02
1.371507855571272785e+03	2.261621168830431350e-01	1.469617186297380307e-01	2.729655925303238195e-01	1.625138343794554630e-01	7.690178418723579712e-02	3.225350404556191070e-02	8.224144934455344946e-02
1.373926740678100487e+03	2.258848971696889585e-01	1.467836188660501806e-01	2.731647517039857975e-01	1.626231323335617374e-01	7.694789093624060383e-02	3.228425309186415404e-02	8.231145589852019440e-02
1.376345625784927961e+03	2.256084705884891239e-01	1.466060122299126245e-01	2.733633520670351036e-01	1.627320972230535401e-01	7.699386601794316887e-02	3.231493668852841034e-02	8.238126518494963413e-02
1.378764510891755890e+03	2.253328348672448134e-01	1.464288973520835313e-01	2.735613951758137929e-01	1.628407301176792443e-01	7.703970981118857253e-02	3.234555493025675910e-02	8.245087774564492655e-02
1.381183395998583137e+03	2.250579877402972828e-01	1.462522728671253602e-01	2.737588825823268346e-01	1.629490320834923733e-01	7.708542269373951095e-02	3.237610791186624343e-02	8.252029412106400008e-02
1.383602281105411066e+03	2.247839269485088776e-01	1.460761374133944801e-01	2.739558158342543237e-01	1.630570041828659222e-01	7.713100504227925203e-02	3.240659572828696877e-02	8.258951485032181572e-02
1.386021166212238768e+03	2.245106502392439918e-01	1.459004896330304002e-01	2.741521964749634166e-01	1.631646474745064024e-01	7.717645723241470246e-02	3.243701847456020165e-02	8.265854047119249037e-02
1.388440051319066470e+03	2.242381553663503890e-01	1.457253281719454452e-01	2.743480260435203766e-01	1.632719630134679967e-01	7.722177963867940531e-02	3.246737624583646842e-02	8.272737152011148953e-02
1.390858936425893944e+03	2.239664400901403007e-01	1.455506516798140415e-01	2.745433060747027310e-01	1.633789518511664096e-01	7.726697263453646825e-02	3.249766913737367480e-02	8.279600853217790324e-02
1.393277821532721646e+03	2.236955021773716357e-01	1.453764588100625588e-01	2.747380380990110393e-01	1.634856150353928284e-01	7.731203659238164438e-02	3.252789724453524628e-02	8.286445204115659713e-02
1.395696706639549120e+03	2.234253394012292449e-01	1.452027482198586239e-01	2.749322236426809396e-01	1.635919536103278837e-01	7.735697188354621889e-02	3.255806066278824074e-02	8.293270257948041901e-02
1.398115591746377049e+03	2.231559495413065197e-01	1.450295185701008238e-01	2.751258642276948607e-01	1.636979686165553893e-01	7.740177887830000658e-02	3.258815948770154430e-02	8.300076067825243320e-02
1.400534476853204296e+03	2.228873303835864350e-01	1.448567685254083248e-01	2.753189613717942352e-01	1.638036610910760249e-01	7.744645794585434950e-02	3.261819381494401177e-02	8.306862686724818257e-02
1.402953361960032225e+03	2.226194797204233133e-01	1.446844967541105198e-01	2.755115165884909345e-01	1.639090320673211587e-01	7.749100945436501742e-02	3.264816374028264162e-02	8.313630167491788125e-02
1.405372247066859927e+03	2.223523953505242012e-01	1.445127019282367309e-01	2.757035313870794813e-01	1.640140825751663922e-01	7.753543377093516376e-02	3.267806935958078585e-02	8.320378562838867675e-02
1.407791132173687402e+03	2.220860750789304394e-01	1.443413827235058844e-01	2.758950072726484848e-01	1.641188136409451048e-01	7.757973126161826771e-02	3.270791076879631110e-02	8.327107925346688422e-02
1.410210017280515103e+03	2.218205167169993997e-01	1.441705378193162967e-01	2.760859457460924649e-01	1.642232262874620263e-01	7.762390229142106246e-02	3.273768806397985703e-02	8.333818307464023467e-02
1.412628902387342805e+03	2.215557180823859718e-01	1.440001658987354050e-01	2.762763483041236756e-01	1.643273215340066984e-01	7.766794722430646336e-02	3.276740134127302528e-02	8.340509761508010933e-02
1.415047787494170507e+03	2.212916769990245225e-01	1.438302656484896358e-01	2.764662164392835408e-01	1.644311003963667417e-01	7.771186642319644067e-02	3.279705069690661695e-02	8.347182339664388495e-02
1.417466672600997981e+03	2.210283912971104936e-01	1.436608357589541085e-01	2.766555516399544223e-01	1.645345638868414007e-01	7.775566024997498937e-02	3.282663622719888402e-02	8.353836093987708489e-02
1.419885557707825683e+03	2.207658588130823607e-01	1.434918749241426150e-01	2.768443553903712773e-01	1.646377130142545886e-01	7.779932906549094640e-02	3.285615802855378770e-02	8.360471076401575219e-02
1.422304442814653157e+03	2.205040773896034534e-01	1.433233818416974614e-01	2.770326291706332045e-01	1.647405487839682936e-01	7.784287322956096045e-02	3.288561619745924286e-02	8.367087338698865617e-02
1.424723327921481086e+03	2.202430448755440251e-01	1.431553552128794204e-01	2.772203744567148798e-01	1.648430721978955960e-01	7.788629310097232306e-02	3.291501083048543885e-02	8.373684932541958226e-02
1.427142213028308333e+03	2.199827591259631010e-01	1.429877937425575174e-01	2.774075927204781578e-01	1.649452842545139075e-01	7.792958903748582744e-02	3.294434202428308395e-02	8.380263909462966343e-02
1.429561098135136262e+03	2.197232180020906034e-01	1.428206961391992047e-01	2.775942854296835072e-01	1.650471859488779336e-01	7.797276139583868282e-02	3.297360987558171919e-02	8.386824320863962845e-02
1.431979983241963964e+03	2.194644193713094771e-01	1.426540611148601756e-01	2.777804540480013906e-01	1.651487782726326625e-01	7.801581053174735936e-02	3.300281448118803918e-02	8.393366218017211944e-02
1.434398868348791666e+03	2.192063611071378149e-01	1.424878873851745387e-01	2.779661000350238664e-01	1.652500622140263831e-01	7.805873679991039149e-02	3.303195593798420593e-02	8.399889652065398171e-02
1.436817753455619140e+03	2.189490410892111216e-01	1.423221736693447426e-01	2.781512248462757464e-01	1.653510387579234797e-01	7.810154055401127837e-02	3.306103434292617660e-02	8.406394674021855362e-02
1.439236638562446842e+03	2.186924572032645231e-01	1.421569186901318338e-01	2.783358299332261421e-01	1.654517088858172558e-01	7.814422214672131495e-02	3.309004979304203120e-02	8.412881334770799802e-02
1.441655523669274316e+03	2.184366073411150855e-01	1.419921211738453259e-01	2.785199167432995115e-01	1.655520735758428119e-01	7.818678192970236751e-02	3.311900238543036279e-02	8.419349685067560596e-02
1.444074408776102018e+03	2.181814894006442462e-01	1.418277798503335130e-01	2.787034867198872612e-01	1.656521338027895918e-01	7.822922025360974640e-02	3.314789221725861906e-02	8.425799775538810044e-02
1.446493293882929493e+03	2.179271012857801060e-01	1.416638934529735327e-01	2.788865413023587370e-01	1.657518905381142049e-01	7.827153746809499546e-02	3.317671938576147866e-02	8.432231656682799559e-02
1.448912178989757422e+03	2.176734409064800813e-01	1.415004607186617080e-01	2.790690819260726041e-01	1.658513447499528892e-01	7.831373392180872306e-02	3.320548398823919972e-02	8.438645378869588654e-02
1.451331064096585123e+03	2.174205061787131965e-01	1.413374803878035268e-01	2.792511100223878939e-01	1.659504974031342506e-01	7.835580996240334994e-02	3.323418612205609329e-02	8.445040992341275310e-02
1.453749949203412370e+03	2.171682950244429866e-01	1.411749512043040389e-01	2.794326270186753836e-01	1.660493494591915586e-01	7.839776593653594028e-02	3.326282588463884415e-02	8.451418547212237453e-02
1.456168834310240300e+03	2.169168053716097611e-01	1.410128719155581689e-01	2.796136343383284206e-01	1.661479018763752646e-01	7.843960218987099109e-02	3.329140337347498424e-02	8.457778093469359160e-02
1.458587719417068001e+03	2.166660351541134788e-01	1.408512412724409191e-01	2.797941334007743031e-01	1.662461556096654358e-01	7.848131906708316619e-02	3.331991868611127589e-02	8.464119680972266579e-02
1.461006604523895703e+03	2.164159823117965675e-01	1.406900580292976821e-01	2.799741256214850482e-01	1.663441116107840512e-01	7.852291691186009948e-02	3.334837192015219220e-02	8.470443359453563859e-02
1.463425489630723177e+03	2.161666447904264377e-01	1.405293209439346103e-01	2.801536124119887727e-01	1.664417708282073249e-01	7.856439606690515665e-02	3.337676317325832115e-02	8.476749178519063510e-02
1.465844374737550879e+03	2.159180205416785236e-01	1.403690287776090950e-01	2.803325951798804616e-01	1.665391342071778635e-01	7.860575687394015520e-02	3.340509254314484588e-02	8.483037187648027888e-02
1.468263259844378354e+03	2.156701075231191034e-01	1.402091802950201083e-01	2.805110753288329040e-01	1.666362026897169335e-01	7.864699967370815392e-02	3.343336012757999742e-02	8.489307436193399559e-02
1.470682144951206283e+03	2.154229036981882006e-01	1.400497742642985710e-01	2.806890542586079063e-01	1.667329772146365074e-01	7.868812480597614512e-02	3.346156602438352806e-02	8.495559973382037222e-02
1.473101030058033530e+03	2.151764070361826264e-01	1.398908094569978611e-01	2.808665333650667839e-01	1.668294587175513932e-01	7.872913260953785797e-02	3.348971033142521259e-02	8.501794848314951636e-02
1.475519915164861459e+03	2.149306155122388817e-01	1.397322846480843206e-01	2.810435140401816301e-01	1.669256481308911966e-01	7.877002342221638143e-02	3.351779314662332171e-02	8.508012109967545700e-02
1.477938800271689161e+03	2.146855271073163929e-01	1.395741986159277359e-01	2.812199976720459738e-01	1.670215463839124503e-01	7.881079758086699527e-02	3.354581456794315797e-02	8.514211807189844827e-02
1.480357685378516862e+03	2.144411398081806086e-01	1.394165501422918729e-01	2.813959856448856045e-01	1.671171544027103550e-01	7.885145542137979302e-02	3.357377469339554305e-02	8.520393988706737032e-02
1.482776570485344337e+03	2.141974516073860413e-01	1.392593380123250957e-01	2.815714793390693971e-01	1.672124731102306860e-01	7.889199727868241585e-02	3.360167362103533284e-02	8.526558703118210236e-02
