1.001418434226643626e+03	2.792864721602669742e-01	1.811358760076770824e-01	2.348818394077935023e-01	1.410920315566015770e-01	6.802588237159926110e-02	2.673100505313166786e-02	6.884689344284591894e-02
1.002869765290740247e+03	2.790279545122705263e-01	1.809729285032657120e-01	2.350657741501079034e-01	1.411971988182078308e-01	6.806869601539509984e-02	2.675611749572795114e-02	6.891133050494098466e-02
1.004321096354836754e+03	2.787698823610788024e-01	1.808102511743069074e-01	2.352494005882607986e-01	1.413021675040613823e-01	6.811143598116008169e-02	2.678120210678238203e-02	6.897566028426570239e-02
1.005772427418933376e+03	2.785122549368293510e-01	1.806478435717943642e-01	2.354327192365607557e-01	1.414069380160033196e-01	6.815410239613491072e-02	2.680625889523412589e-02	6.903988294735917408e-02
1.007223758483029997e+03	2.782550714709994266e-01	1.804857052474687085e-01	2.356157306084575298e-01	1.415115107549802242e-01	6.819669538733684477e-02	2.683128787010603811e-02	6.910399866056711471e-02
1.008675089547126618e+03	2.779983311964036030e-01	1.803238357538161085e-01	2.357984352165436170e-01	1.416158861210464193e-01	6.823921508156025051e-02	2.685628904050426508e-02	6.916800759004164412e-02
1.010126420611223239e+03	2.777420333471911640e-01	1.801622346440670541e-01	2.359808335725554485e-01	1.417200645133661341e-01	6.828166160537708917e-02	2.688126241561784521e-02	6.923190990174116211e-02
1.011577751675319632e+03	2.774861771588442161e-01	1.800009014721950795e-01	2.361629261873749996e-01	1.418240463302156695e-01	6.832403508513745782e-02	2.690620800471830304e-02	6.929570576143015415e-02
1.013029082739416367e+03	2.772307618681748576e-01	1.798398357929156532e-01	2.363447135710312341e-01	1.419278319689857015e-01	6.836633564697007504e-02	2.693112581715927795e-02	6.935939533467908036e-02
1.014480413803512761e+03	2.769757867133231799e-01	1.796790371616848181e-01	2.365261962327014078e-01	1.420314218261833628e-01	6.840856341678284991e-02	2.695601586237610092e-02	6.942297878686419510e-02
1.015931744867609382e+03	2.767212509337546589e-01	1.795185051346979144e-01	2.367073746807125956e-01	1.421348162974344909e-01	6.845071852026328452e-02	2.698087814988542332e-02	6.948645628316747758e-02
1.017383075931706003e+03	2.764671537702581006e-01	1.793582392688886085e-01	2.368882494225430513e-01	1.422380157774857101e-01	6.849280108287908453e-02	2.700571268928482482e-02	6.954982798857638204e-02
1.018834406995802851e+03	2.762134944649431434e-01	1.791982391219273940e-01	2.370688209648237343e-01	1.423410206602067352e-01	6.853481122987857554e-02	2.703051949025241443e-02	6.961309406788381005e-02
1.020285738059899245e+03	2.759602722612377601e-01	1.790385042522204539e-01	2.372490898133395032e-01	1.424438313385924526e-01	6.857674908629127208e-02	2.705529856254644885e-02	6.967625468568790226e-02
1.021737069123995752e+03	2.757074864038862594e-01	1.788790342189084670e-01	2.374290564730308362e-01	1.425464482047650583e-01	6.861861477692828004e-02	2.708004991600494391e-02	6.973931000639195521e-02
1.023188400188092373e+03	2.754551361389468433e-01	1.787198285818652477e-01	2.376087214479949417e-01	1.426488716499763054e-01	6.866040842638285180e-02	2.710477356054529982e-02	6.980226019420428252e-02
1.024639731252188767e+03	2.752032207137892206e-01	1.785608869016968581e-01	2.377880852414873958e-01	1.427511020646095585e-01	6.870213015903085807e-02	2.712946950616389186e-02	6.986510541313803446e-02
1.026091062316285615e+03	2.749517393770922191e-01	1.784022087397400258e-01	2.379671483559233913e-01	1.428531398381820139e-01	6.874378009903123199e-02	2.715413776293572334e-02	6.992784582701121188e-02
1.027542393380382237e+03	2.747006913788417326e-01	1.782437936580610616e-01	2.381459112928792921e-01	1.429549853593467812e-01	6.878535837032651035e-02	2.717877834101402323e-02	6.999048159944643022e-02
1.028993724444478858e+03	2.744500759703281667e-01	1.780856412194547489e-01	2.383243745530939373e-01	1.430566390158950485e-01	6.882686509664323604e-02	2.720339125062986099e-02	7.005301289387086405e-02
1.030445055508575479e+03	2.741998924041443297e-01	1.779277509874429564e-01	2.385025386364700017e-01	1.431581011947582194e-01	6.886830040149251320e-02	2.722797650209178924e-02	7.011543987351609442e-02
1.031896386572671872e+03	2.739501399341829901e-01	1.777701225262735274e-01	2.386804040420755502e-01	1.432593722820099946e-01	6.890966440817039573e-02	2.725253410578545171e-02	7.017776270141803940e-02
1.033347717636768493e+03	2.737008178156346005e-01	1.776127554009190590e-01	2.388579712681452305e-01	1.433604526628685927e-01	6.895095723975841473e-02	2.727706407217322590e-02	7.023998154041685704e-02
1.034799048700865114e+03	2.734519253049851328e-01	1.774556491770757083e-01	2.390352408120818839e-01	1.434613427216987203e-01	6.899217901912400863e-02	2.730156641179381366e-02	7.030209655315680650e-02
1.036250379764961508e+03	2.732034616600137467e-01	1.772988034211619435e-01	2.392122131704577104e-01	1.435620428420137373e-01	6.903332986892096734e-02	2.732604113526190814e-02	7.036410790208615096e-02
1.037701710829058356e+03	2.729554261397902915e-01	1.771422177003173504e-01	2.393888888390159064e-01	1.436625534064777943e-01	6.907440991158990407e-02	2.735048825326780522e-02	7.042601574945708820e-02
1.039153041893154750e+03	2.727078180046734190e-01	1.769858915824014944e-01	2.395652683126718308e-01	1.437628747969079412e-01	6.911541926935876878e-02	2.737490777657703225e-02	7.048782025732565348e-02
1.040604372957251599e+03	2.724606365163079746e-01	1.768298246359926718e-01	2.397413520855144753e-01	1.438630073942761822e-01	6.915635806424320908e-02	2.739929971602998379e-02	7.054952158755162239e-02
1.042055704021347992e+03	2.722138809376229429e-01	1.766740164303867155e-01	2.399171406508079085e-01	1.439629515787115566e-01	6.919722641804706975e-02	2.742366408254155730e-02	7.061111990179844144e-02
1.043507035085444613e+03	2.719675505328290610e-01	1.765184665355957472e-01	2.400926345009925245e-01	1.440627077295021929e-01	6.923802445236280911e-02	2.744800088710077843e-02	7.067261536153311707e-02
1.044958366149541234e+03	2.717216445674165426e-01	1.763631745223470937e-01	2.402678341276865415e-01	1.441622762250975021e-01	6.927875228857198475e-02	2.747231014077044370e-02	7.073400812802611848e-02
1.046409697213637855e+03	2.714761623081530240e-01	1.762081399620820388e-01	2.404427400216873345e-01	1.442616574431100918e-01	6.931941004784565596e-02	2.749659185468675271e-02	7.079529836235137763e-02
1.047861028277734476e+03	2.712311030230810105e-01	1.760533624269546571e-01	2.406173526729727674e-01	1.443608517603179320e-01	6.935999785114482785e-02	2.752084604005895427e-02	7.085648622538609498e-02
1.049312359341831097e+03	2.709864659815159338e-01	1.758988414898305652e-01	2.407916725707025807e-01	1.444598595526664642e-01	6.940051581922090929e-02	2.754507270816898210e-02	7.091757187781078109e-02
1.050763690405927491e+03	2.707422504540436536e-01	1.757445767242858115e-01	2.409657002032198347e-01	1.445586811952705164e-01	6.944096407261611537e-02	2.756927187037109053e-02	7.097855548010911786e-02
1.052215021470024112e+03	2.704984557125184597e-01	1.755905677046056823e-01	2.411394360580522145e-01	1.446573170624164961e-01	6.948134273166395314e-02	2.759344353809150413e-02	7.103943719256790301e-02
1.053666352534120733e+03	2.702550810300605177e-01	1.754368140057834258e-01	2.413128806219133338e-01	1.447557675275643052e-01	6.952165191648955467e-02	2.761758772282804988e-02	7.110021717527699459e-02
1.055117683598217127e+03	2.700121256810539827e-01	1.752833152035192799e-01	2.414860343807041787e-01	1.448540329633494772e-01	6.956189174701020439e-02	2.764170443614982764e-02	7.116089558812922766e-02
1.056569014662313975e+03	2.697695889411445003e-01	1.751300708742190015e-01	2.416588978195145232e-01	1.449521137415852312e-01	6.960206234293569993e-02	2.766579368969681804e-02	7.122147259082038662e-02
1.058020345726410369e+03	2.695274700872373197e-01	1.749770805949930341e-01	2.418314714226240669e-01	1.450500102332643038e-01	6.964216382376878234e-02	2.768985549517957029e-02	7.128194834284912185e-02
1.059471676790506763e+03	2.692857683974945737e-01	1.748243439436550362e-01	2.420037556735040729e-01	1.451477228085612803e-01	6.968219630880558013e-02	2.771388986437881355e-02	7.134232300351689426e-02
1.060923007854603611e+03	2.690444831513335577e-01	1.746718604987208823e-01	2.421757510548184500e-01	1.452452518368343437e-01	6.972215991713598404e-02	2.773789680914513431e-02	7.140259673192791978e-02
1.062374338918700232e+03	2.688036136294241762e-01	1.745196298394074419e-01	2.423474580484253349e-01	1.453425976866274116e-01	6.976205476764413271e-02	2.776187634139861554e-02	7.146276968698911380e-02
1.063825669982796853e+03	2.685631591136870000e-01	1.743676515456313303e-01	2.425188771353782857e-01	1.454397607256721903e-01	6.980188097900875965e-02	2.778582847312848630e-02	7.152284202741007735e-02
1.065277001046893474e+03	2.683231188872908790e-01	1.742159251980079926e-01	2.426900087959276975e-01	1.455367413208901173e-01	6.984163866970360957e-02	2.780975321639278519e-02	7.158281391170304153e-02
1.066728332110990095e+03	2.680834922346508331e-01	1.740644503778502605e-01	2.428608535095221344e-01	1.456335398383942770e-01	6.988132795799788244e-02	2.783365058331800646e-02	7.164268549818277043e-02
1.068179663175086489e+03	2.678442784414257205e-01	1.739132266671672977e-01	2.430314117548096065e-01	1.457301566434916207e-01	6.992094896195659437e-02	2.785752058609876000e-02	7.170245694496657496e-02
1.069630994239183110e+03	2.676054767945162394e-01	1.737622536486634894e-01	2.432016840096390131e-01	1.458265921006846599e-01	6.996050179944102165e-02	2.788136323699742791e-02	7.176212840997424347e-02
1.071082325303279504e+03	2.673670865820627629e-01	1.736115309057372769e-01	2.433716707510614197e-01	1.459228465736737701e-01	6.999998658810908936e-02	2.790517854834381403e-02	7.182170005092804177e-02
1.072533656367376352e+03	2.671291070934428413e-01	1.734610580224799081e-01	2.435413724553313897e-01	1.460189204253588557e-01	7.003940344541575991e-02	2.792896653253482478e-02	7.188117202535261596e-02
1.073984987431472746e+03	2.668915376192692590e-01	1.733108345836743835e-01	2.437107895979083450e-01	1.461148140178415988e-01	7.007875248861344941e-02	2.795272720203411873e-02	7.194054449057502021e-02
1.075436318495569594e+03	2.666543774513880360e-01	1.731608601747942622e-01	2.438799226534578701e-01	1.462105277124272351e-01	7.011803383475240237e-02	2.797646056937175274e-02	7.199981760372468897e-02
1.076887649559666215e+03	2.664176258828758193e-01	1.730111343820025238e-01	2.440487720958530449e-01	1.463060618696266080e-01	7.015724760068112187e-02	2.800016664714386969e-02	7.205899152173331212e-02
1.078338980623762609e+03	2.661812822080380503e-01	1.728616567921504310e-01	2.442173383981758039e-01	1.464014168491580559e-01	7.019639390304670268e-02	2.802384544801235847e-02	7.211806640133494595e-02
1.079790311687859230e+03	2.659453457224067452e-01	1.727124269927763078e-01	2.443856220327181028e-01	1.464965930099494384e-01	7.023547285829528919e-02	2.804749698470450359e-02	7.217704239906588826e-02
1.081241642751955851e+03	2.657098157227383295e-01	1.725634445721045407e-01	2.445536234709835555e-01	1.465915907101401072e-01	7.027448458267242237e-02	2.807112127001266250e-02	7.223591967126469227e-02
1.082692973816052472e+03	2.654746915070113067e-01	1.724147091190442738e-01	2.447213431836884612e-01	1.466864103070827374e-01	7.031342919222344223e-02	2.809471831679394294e-02	7.229469837407215271e-02
1.084144304880149093e+03	2.652399723744242599e-01	1.722662202231884654e-01	2.448887816407631923e-01	1.467810521573453819e-01	7.035230680279384863e-02	2.811828813796985252e-02	7.235337866343129198e-02
1.085595635944245487e+03	2.650056576253939089e-01	1.721179774748124724e-01	2.450559393113536377e-01	1.468755166167132753e-01	7.039111753002970373e-02	2.814183074652598995e-02	7.241196069508729072e-02
1.087046967008342108e+03	2.647717465615525567e-01	1.719699804648731623e-01	2.452228166638223128e-01	1.469698040401908601e-01	7.042986148937806223e-02	2.816534615551170503e-02	7.247044462458755720e-02
1.088498298072438729e+03	2.645382384857462577e-01	1.718222287850077468e-01	2.453894141657498307e-01	1.470639147820037296e-01	7.046853879608724891e-02	2.818883437803976558e-02	7.252883060728165798e-02
1.089949629136535123e+03	2.643051327020324859e-01	1.716747220275325059e-01	2.455557322839361234e-01	1.471578491956004597e-01	7.050714956520731658e-02	2.821229542728604170e-02	7.258711879832130398e-02
1.091400960200631971e+03	2.640724285156781925e-01	1.715274597854417604e-01	2.457217714844017742e-01	1.472516076336545521e-01	7.054569391159037917e-02	2.823572931648917969e-02	7.264530935266040601e-02
1.092852291264728365e+03	2.638401252331575297e-01	1.713804416524067620e-01	2.458875322323893498e-01	1.473451904480663766e-01	7.058417194989102805e-02	2.825913605895026895e-02	7.270340242505499151e-02
1.094303622328825213e+03	2.636082221621496857e-01	1.712336672227744439e-01	2.460530149923646770e-01	1.474385979899650312e-01	7.062258379456665125e-02	2.828251566803253320e-02	7.276139817006326005e-02
1.095754953392921607e+03	2.633767186115370529e-01	1.710871360915665329e-01	2.462182202280180643e-01	1.475318306097102572e-01	7.066092955987789137e-02	2.830586815716099741e-02	7.281929674204551395e-02
1.097206284457018228e+03	2.631456138914027298e-01	1.709408478544782173e-01	2.463831484022657725e-01	1.476248886568942986e-01	7.069920935988889543e-02	2.832919353982217558e-02	7.287709829516425541e-02
1.098657615521114849e+03	2.629149073130287451e-01	1.707948021078770362e-01	2.465477999772511253e-01	1.477177724803438730e-01	7.073742330846778670e-02	2.835249182956374112e-02	7.293480298338408940e-02
1.100108946585211470e+03	2.626845981888936699e-01	1.706489984488017975e-01	2.467121754143458967e-01	1.478104824281220031e-01	7.077557151928699775e-02	2.837576303999422150e-02	7.299241096047180688e-02
1.101560277649308091e+03	2.624546858326707865e-01	1.705034364749616060e-01	2.468762751741516437e-01	1.479030188475298213e-01	7.081365410582361741e-02	2.839900718478267916e-02	7.304992237999631544e-02
1.103011608713404712e+03	2.622251695592257015e-01	1.703581157847345040e-01	2.470400997165008994e-01	1.479953820851085400e-01	7.085167118135976549e-02	2.842222427765837486e-02	7.310733739532872255e-02
1.104462939777501106e+03	2.619960486846144576e-01	1.702130359771664436e-01	2.472036495004584777e-01	1.480875724866413112e-01	7.088962285898298132e-02	2.844541433241048328e-02	7.316465615964228009e-02
1.105914270841597499e+03	2.617673225260814251e-01	1.700681966519703436e-01	2.473669249843228335e-01	1.481795903971550865e-01	7.092750925158655684e-02	2.846857736288775642e-02	7.322187882591245367e-02
1.107365601905694348e+03	2.615389904020570810e-01	1.699235974095247015e-01	2.475299266256272279e-01	1.482714361609224485e-01	7.096533047186989740e-02	2.849171338299822526e-02	7.327900554691688106e-02
1.108816932969790741e+03	2.613110516321560661e-01	1.697792378508727051e-01	2.476926548811411166e-01	1.483631101214634151e-01	7.100308663233891038e-02	2.851482240670888402e-02	7.333603647523544156e-02
1.110268264033887590e+03	2.610835055371749647e-01	1.696351175777209563e-01	2.478551102068713430e-01	1.484546126215473549e-01	7.104077784530629658e-02	2.853790444804537099e-02	7.339297176325018657e-02
1.111719595097984211e+03	2.608563514390904170e-01	1.694912361924385824e-01	2.480172930580634982e-01	1.485459440031948741e-01	7.107840422289198046e-02	2.856095952109167363e-02	7.344981156314546455e-02
1.113170926162080832e+03	2.606295886610569545e-01	1.693475932980559040e-01	2.481792038892030872e-01	1.486371046076795377e-01	7.111596587702341543e-02	2.858398763998980588e-02	7.350655602690786550e-02
1.114622257226177226e+03	2.604032165274046684e-01	1.692041884982634359e-01	2.483408431540168881e-01	1.487280947755297567e-01	7.115346291943597246e-02	2.860698881893950982e-02	7.356320530632627641e-02
1.116073588290273847e+03	2.601772343636377105e-01	1.690610213974108045e-01	2.485022113054742021e-01	1.488189148465307032e-01	7.119089546167327309e-02	2.862996307219795381e-02	7.361975955299189522e-02
1.117524919354370468e+03	2.599516414964316846e-01	1.689180916005056654e-01	2.486633087957880739e-01	1.489095651597259484e-01	7.122826361508752258e-02	2.865291041407941330e-02	7.367621891829823078e-02
1.118976250418467089e+03	2.597264372536319255e-01	1.687753987132125377e-01	2.488241360764165966e-01	1.490000460534194326e-01	7.126556749083988451e-02	2.867583085895498290e-02	7.373258355344118609e-02
1.120427581482563710e+03	2.595016209642512228e-01	1.686329423418517770e-01	2.489846935980641884e-01	1.490903578651772421e-01	7.130280719990085558e-02	2.869872442125226061e-02	7.378885360941903060e-02
1.121878912546660331e+03	2.592771919584679896e-01	1.684907220933984096e-01	2.491449818106828140e-01	1.491805009318294128e-01	7.133998285305051534e-02	2.872159111545504948e-02	7.384502923703245569e-02
1.123330243610756725e+03	2.590531495676239304e-01	1.683487375754811055e-01	2.493050011634732610e-01	1.492704755894716517e-01	7.137709456087898419e-02	2.874443095610305920e-02	7.390111058688461632e-02
1.124781574674853118e+03	2.588294931242223762e-01	1.682069883963811241e-01	2.494647521048864169e-01	1.493602821734672514e-01	7.141414243378668703e-02	2.876724395779160781e-02	7.395709780938115874e-02
1.126232905738949967e+03	2.586062219619259528e-01	1.680654741650311201e-01	2.496242350826244349e-01	1.494499210184488391e-01	7.145112658198474187e-02	2.879003013517131976e-02	7.401299105473020667e-02
1.127684236803046360e+03	2.583833354155544715e-01	1.679241944910141171e-01	2.497834505436421493e-01	1.495393924583202083e-01	7.148804711549527902e-02	2.881278950294782759e-02	7.406879047294247231e-02
1.129135567867143209e+03	2.581608328210833747e-01	1.677831489845624802e-01	2.499423989341481578e-01	1.496286968262580119e-01	7.152490414415181574e-02	2.883552207588147703e-02	7.412449621383124243e-02
1.130586898931239830e+03	2.579387135156410160e-01	1.676423372565567782e-01	2.501010806996061819e-01	1.497178344547136220e-01	7.156169777759954775e-02	2.885822786878703208e-02	7.418010842701246166e-02
1.132038229995336451e+03	2.577169768375073278e-01	1.675017589185245903e-01	2.502594962847362603e-01	1.498068056754148225e-01	7.159842812529570999e-02	2.888090689653337664e-02	7.423562726190469085e-02
1.133489561059432845e+03	2.574956221261111566e-01	1.673614135826396732e-01	2.504176461335159698e-01	1.498956108193676418e-01	7.163509529650990970e-02	2.890355917404322655e-02	7.429105286772925976e-02
1.134940892123529466e+03	2.572746487220287093e-01	1.672213008617207119e-01	2.505755306891817025e-01	1.499842502168581837e-01	7.167169940032448727e-02	2.892618471629283469e-02	7.434638539351023923e-02
1.136392223187626087e+03	2.570540559669814984e-01	1.670814203692302657e-01	2.507331503942299977e-01	1.500727241974542103e-01	7.170824054563480765e-02	2.894878353831169954e-02	7.440162498807448288e-02
1.137843554251722708e+03	2.568338432038340113e-01	1.669417717192737682e-01	2.508905056904184860e-01	1.501610330900070844e-01	7.174471884114963505e-02	2.897135565518227027e-02	7.445677180005172424e-02
1.139294885315819101e+03	2.566140097765921002e-01	1.668023545265983620e-01	2.510475970187674433e-01	1.502491772226533795e-01	7.178113439539143825e-02	2.899390108203966226e-02	7.451182597787456285e-02
1.140746216379915950e+03	2.563945550304005949e-01	1.666631684065919827e-01	2.512044248195609009e-01	1.503371569228167393e-01	7.181748731669672370e-02	2.901641983407137262e-02	7.456678766977857531e-02
1.142197547444012343e+03	2.561754783115417489e-01	1.665242129752820821e-01	2.513609895323479226e-01	1.504249725172094598e-01	7.185377771321638241e-02	2.903891192651698178e-02	7.462165702380230137e-02
1.143648878508108737e+03	2.559567789674327409e-01	1.663854878493346845e-01	2.515172915959437150e-01	1.505126243318344326e-01	7.189000569291600917e-02	2.906137737466787940e-02	7.467643418778736886e-02
1.145100209572205586e+03	2.557384563466241212e-01	1.662469926460533598e-01	2.516733314484309036e-01	1.506001126919866984e-01	7.192617136357626340e-02	2.908381619386696607e-02	7.473111930937846592e-02
1.146551540636302207e+03	2.555205097987975904e-01	1.661087269833781133e-01	2.518291095271608104e-01	1.506874379222552796e-01	7.196227483279313275e-02	2.910622839950838259e-02	7.478571253602347979e-02
1.148002871700398828e+03	2.553029386747638907e-01	1.659706904798842475e-01	2.519846262687547300e-01	1.507746003465248730e-01	7.199831620797829401e-02	2.912861400703721515e-02	7.484021401497352455e-02
1.149454202764495449e+03	2.550857423264611401e-01	1.658328827547814743e-01	2.521398821091049847e-01	1.508616002879775708e-01	7.203429559635947388e-02	2.915097303194921774e-02	7.489462389328292724e-02
1.150905533828591842e+03	2.548689201069526677e-01	1.656953034279127490e-01	2.522948774833762564e-01	1.509484380690945260e-01	7.207021310498069877e-02	2.917330548979053112e-02	7.494894231780938054e-02
1.152356864892688463e+03	2.546524713704250709e-01	1.655579521197532433e-01	2.524496128260066974e-01	1.510351140116577284e-01	7.210606884070268341e-02	2.919561139615739487e-02	7.500316943521398438e-02
1.153808195956785084e+03	2.544363954721863275e-01	1.654208284514091798e-01	2.526040885707093175e-01	1.511216284367517260e-01	7.214186291020313613e-02	2.921789076669589064e-02	7.505730539196127371e-02
1.155259527020881706e+03	2.542206917686635759e-01	1.652839320446170546e-01	2.527583051504729839e-01	1.512079816647651787e-01	7.217759541997703643e-02	2.924014361710163684e-02	7.511135033431931562e-02
1.156710858084978327e+03	2.540053596174014494e-01	1.651472625217423329e-01	2.529122629975638636e-01	1.512941740153928016e-01	7.221326647633700968e-02	2.926236996311952152e-02	7.516530440835976490e-02
1.158162189149074720e+03	2.537903983770600225e-01	1.650108195057784499e-01	2.530659625435265347e-01	1.513802058076368362e-01	7.224887618541366019e-02	2.928456982054342475e-02	7.521916775995787785e-02
1.159613520213171569e+03	2.535758074074126456e-01	1.648746026203458948e-01	2.532194042191849848e-01	1.514660773598087706e-01	7.228442465315582099e-02	2.930674320521594808e-02	7.527294053479269276e-02
1.161064851277267962e+03	2.533615860693442801e-01	1.647386114896910447e-01	2.533725884546442209e-01	1.515517889895311165e-01	7.231991198533094245e-02	2.932889013302813694e-02	7.532662287834700210e-02
1.162516182341364356e+03	2.531477337248494441e-01	1.646028457386851385e-01	2.535255156792911024e-01	1.516373410137390465e-01	7.235533828752534202e-02	2.935101061991921001e-02	7.538021493590746358e-02
1.163967513405461204e+03	2.529342497370301590e-01	1.644673049928232489e-01	2.536781863217957844e-01	1.517227337486820038e-01	7.239070366514457899e-02	2.937310468187627477e-02	7.543371685256464176e-02
1.165418844469557826e+03	2.527211334700942280e-01	1.643319888782233118e-01	2.538306008101128830e-01	1.518079675099253956e-01	7.242600822341375977e-02	2.939517233493406378e-02	7.548712877321310522e-02
1.166870175533654447e+03	2.525083842893530162e-01	1.641968970216249601e-01	2.539827595714823083e-01	1.518930426123523691e-01	7.246125206737781543e-02	2.941721359517467105e-02	7.554045084255150977e-02
1.168321506597751068e+03	2.522960015612198403e-01	1.640620290503885803e-01	2.541346630324311517e-01	1.519779593701653386e-01	7.249643530190183482e-02	2.943922847872726747e-02	7.559368320508264016e-02
1.169772837661847461e+03	2.520839846532076933e-01	1.639273845924942574e-01	2.542863116187742412e-01	1.520627180968876502e-01	7.253155803167142535e-02	2.946121700176784416e-02	7.564682600511347943e-02
1.171224168725944082e+03	2.518723329339275785e-01	1.637929632765408039e-01	2.544377057556156951e-01	1.521473191053652751e-01	7.256662036119296277e-02	2.948317918051893832e-02	7.569987938675536154e-02
1.172675499790040703e+03	2.516610457730864003e-01	1.636587647317445937e-01	2.545888458673499777e-01	1.522317627077684199e-01	7.260162239479389656e-02	2.950511503124936610e-02	7.575284349392397143e-02
1.174126830854137097e+03	2.514501225414852992e-01	1.635247885879385632e-01	2.547397323776630085e-01	1.523160492155932466e-01	7.263656423662311068e-02	2.952702457027395894e-02	7.580571847033945598e-02
1.175578161918233945e+03	2.512395626110172642e-01	1.633910344755713784e-01	2.548903657095336062e-01	1.524001789396633999e-01	7.267144599065118726e-02	2.954890781395330679e-02	7.585850445952649346e-02
1.177029492982330339e+03	2.510293653546658010e-01	1.632575020257061582e-01	2.550407462852343765e-01	1.524841521901317276e-01	7.270626776067076746e-02	2.957076477869346673e-02	7.591120160481436285e-02
1.178480824046426733e+03	2.508195301465026561e-01	1.631241908700195309e-01	2.551908745263330447e-01	1.525679692764818352e-01	7.274102965029680123e-02	2.959259548094573394e-02	7.596381004933708270e-02
1.179932155110523581e+03	2.506100563616858734e-01	1.629911006408007457e-01	2.553407508536936210e-01	1.526516305075297786e-01	7.277573176296690816e-02	2.961439993720635031e-02	7.601632993603342492e-02
1.181383486174620202e+03	2.504009433764580739e-01	1.628582309709504516e-01	2.554903756874775667e-01	1.527351361914256189e-01	7.281037420194162724e-02	2.963617816401626498e-02	7.606876140764705363e-02
1.182834817238716823e+03	2.501921905681445124e-01	1.627255814939798373e-01	2.556397494471450704e-01	1.528184866356550597e-01	7.284495707030474998e-02	2.965793017796085687e-02	7.612110460672658063e-02
1.184286148302813444e+03	2.499837973151511072e-01	1.625931518440094925e-01	2.557888725514560480e-01	1.529016821470410292e-01	7.287948047096366733e-02	2.967965599566968482e-02	7.617335967562566257e-02
1.185737479366910065e+03	2.497757629969625526e-01	1.624609416557685204e-01	2.559377454184713629e-01	1.529847230317454565e-01	7.291394450664957783e-02	2.970135563381623434e-02	7.622552675650307030e-02
1.187188810431006686e+03	2.495680869941404867e-01	1.623289505645933994e-01	2.560863684655539929e-01	1.530676095952706040e-01	7.294834927991789009e-02	2.972302910911764351e-02	7.627760599132282771e-02
1.188640141495103080e+03	2.493607686883215768e-01	1.621971782064270673e-01	2.562347421093701949e-01	1.531503421424608158e-01	7.298269489314845870e-02	2.974467643833445321e-02	7.632959752185426716e-02
1.190091472559199701e+03	2.491538074622156040e-01	1.620656242178178663e-01	2.563828667658907823e-01	1.532329209775041279e-01	7.301698144854591732e-02	2.976629763827035730e-02	7.638150148967211284e-02
1.191542803623296322e+03	2.489472026996036313e-01	1.619342882359185165e-01	2.565307428503922904e-01	1.533153464039338221e-01	7.305120904813997007e-02	2.978789272577193545e-02	7.643331803615659170e-02
1.192994134687392716e+03	2.487409537853361718e-01	1.618031698984851718e-01	2.566783707774578649e-01	1.533976187246299805e-01	7.308537779378569688e-02	2.980946171772841727e-02	7.648504730249350292e-02
1.194445465751489564e+03	2.485350601053311070e-01	1.616722688438763933e-01	2.568257509609787048e-01	1.534797382418210399e-01	7.311948778716383102e-02	2.983100463107141165e-02	7.653668942967438438e-02
1.195896796815585958e+03	2.483295210465720215e-01	1.615415847110520942e-01	2.569728838141550065e-01	1.535617052570855123e-01	7.315353912978109219e-02	2.985252148277466044e-02	7.658824455849649882e-02
1.197348127879682352e+03	2.481243359971063156e-01	1.614111171395725686e-01	2.571197697494973511e-01	1.536435200713533733e-01	7.318753192297046406e-02	2.987401228985378521e-02	7.663971282956302811e-02
1.198799458943779200e+03	2.479195043460431513e-01	1.612808657695976033e-01	2.572664091788277041e-01	1.537251829849078377e-01	7.322146626789147184e-02	2.989547706936603391e-02	7.669109438328308714e-02
1.200250790007875821e+03	2.477150254835518428e-01	1.611508302418852567e-01	2.574128025132806363e-01	1.538066942973866646e-01	7.325534226553054307e-02	2.991691583841004851e-02	7.674238935987190424e-02
1.201702121071972442e+03	2.475108988008598854e-01	1.610210101977910535e-01	2.575589501633043787e-01	1.538880543077839058e-01	7.328916001670122971e-02	2.993832861412559082e-02	7.679359789935089053e-02
1.203153452136069063e+03	2.473071236902510406e-01	1.608914052792669303e-01	2.577048525386619326e-01	1.539692633144514322e-01	7.332291962204455504e-02	2.995971541369331706e-02	7.684472014154770936e-02
1.204604783200165684e+03	2.471036995450635321e-01	1.607620151288602084e-01	2.578505100484325685e-01	1.540503216151004329e-01	7.335662118202929127e-02	2.998107625433451065e-02	7.689575622609638728e-02
1.206056114264262078e+03	2.469006257596882692e-01	1.606328393897126228e-01	2.579959231010124920e-01	1.541312295068029692e-01	7.339026479695223704e-02	3.000241115331084632e-02	7.694670629243748061e-02
1.207507445328358699e+03	2.466979017295669596e-01	1.605038777055593779e-01	2.581410921041163431e-01	1.542119872859935847e-01	7.342385056693855050e-02	3.002372012792415071e-02	7.699757047981807545e-02
1.208958776392455093e+03	2.464955268511901942e-01	1.603751297207280935e-01	2.582860174647779727e-01	1.542925952484706931e-01	7.345737859194197139e-02	3.004500319551614562e-02	7.704834892729199580e-02
1.210410107456551941e+03	2.462935005220956708e-01	1.602465950801378880e-01	2.584306995893520531e-01	1.543730536893982430e-01	7.349084897174518183e-02	3.006626037346820518e-02	7.709904177371984524e-02
1.211861438520648335e+03	2.460918221408663342e-01	1.601182734292982413e-01	2.585751388835148545e-01	1.544533629033073008e-01	7.352426180596008387e-02	3.008749167920112683e-02	7.714964915776910404e-02
1.213312769584745183e+03	2.458904911071286281e-01	1.599901644143083002e-01	2.587193357522655224e-01	1.545335231840973544e-01	7.355761719402809096e-02	3.010869713017487112e-02	7.720017121791430958e-02
1.214764100648841804e+03	2.456895068215505240e-01	1.598622676818556021e-01	2.588632905999271872e-01	1.546135348250380348e-01	7.359091523522036382e-02	3.012987674388833623e-02	7.725060809243708415e-02
1.216215431712937971e+03	2.454888686858398006e-01	1.597345828792152145e-01	2.590070038301479638e-01	1.546933981187705587e-01	7.362415602863818520e-02	3.015103053787911158e-02	7.730095991942628753e-02
1.217666762777034819e+03	2.452885761027422395e-01	1.596071096542487910e-01	2.591504758459023949e-01	1.547731133573092277e-01	7.365733967321318187e-02	3.017215852972322462e-02	7.735122683677812805e-02
1.219118093841131440e+03	2.450886284760397382e-01	1.594798476554036004e-01	2.592937070494921725e-01	1.548526808320429549e-01	7.369046626770764385e-02	3.019326073703492916e-02	7.740140898219623200e-02
1.220569424905228061e+03	2.448890252105485055e-01	1.593527965317114159e-01	2.594366978425475811e-01	1.549321008337367078e-01	7.372353591071480194e-02	3.021433717746644515e-02	7.745150649319182401e-02
1.222020755969324682e+03	2.446897657121172021e-01	1.592259559327877105e-01	2.595794486260284972e-01	1.550113736525332020e-01	7.375654870065911917e-02	3.023538786870773321e-02	7.750151950708379645e-02
1.223472087033421303e+03	2.444908493876253031e-01	1.590993255088306024e-01	2.597219598002256102e-01	1.550904995779541218e-01	7.378950473579659608e-02	3.025641282848625171e-02	7.755144816099882044e-02
1.224923418097517697e+03	2.442922756449810995e-01	1.589729049106198833e-01	2.598642317647613109e-01	1.551694788989018414e-01	7.382240411421499282e-02	3.027741207456673134e-02	7.760129259187147077e-02
1.226374749161614318e+03	2.440940438931199774e-01	1.588466937895161024e-01	2.600062649185910790e-01	1.552483119036607850e-01	7.385524693383418993e-02	3.029838562475093561e-02	7.765105293644433693e-02
1.227826080225710712e+03	2.438961535420026694e-01	1.587206917974595399e-01	2.601480596600042605e-01	1.553269988798989532e-01	7.388803329240641038e-02	3.031933349687741461e-02	7.770072933126814796e-02
1.229277411289807560e+03	2.436986040026133671e-01	1.585948985869692629e-01	2.602896163866256218e-01	1.554055401146693938e-01	7.392076328751655268e-02	3.034025570882128986e-02	7.775032191270189741e-02
1.230728742353903954e+03	2.435013946869580004e-01	1.584693138111421540e-01	2.604309354954161826e-01	1.554839358944117012e-01	7.395343701658245450e-02	3.036115227849402534e-02	7.779983081691292657e-02
1.232180073418000802e+03	2.433045250080623501e-01	1.583439371236519955e-01	2.605720173826742148e-01	1.555621865049534036e-01	7.398605457685517028e-02	3.038202322384317075e-02	7.784925617987709101e-02
1.233631404482097196e+03	2.431079943799704379e-01	1.582187681787483868e-01	2.607128624440367415e-01	1.556402922315115733e-01	7.401861606541926264e-02	3.040286856285215333e-02	7.789859813737885774e-02
1.235082735546193817e+03	2.429118022177425007e-01	1.580938066312560231e-01	2.608534710744802587e-01	1.557182533586942141e-01	7.405112157919306604e-02	3.042368831354004891e-02	7.794785682501138846e-02
1.236534066610290438e+03	2.427159479374533801e-01	1.579690521365734734e-01	2.609938436683219565e-01	1.557960701705016215e-01	7.408357121492897823e-02	3.044448249396134593e-02	7.799703237817674772e-02
1.237985397674387059e+03	2.425204309561908023e-01	1.578445043506723211e-01	2.611339806192208846e-01	1.558737429503280481e-01	7.411596506921375171e-02	3.046525112220571305e-02	7.804612493208591684e-02
1.239436728738483680e+03	2.423252506920534066e-01	1.577201629300963304e-01	2.612738823201791183e-01	1.559512719809629799e-01	7.414830323846875737e-02	3.048599421639778054e-02	7.809513462175902976e-02
1.240888059802580301e+03	2.421304065641490533e-01	1.575960275319603643e-01	2.614135491635427022e-01	1.560286575445926638e-01	7.418058581895027592e-02	3.050671179469691130e-02	7.814406158202541475e-02
1.242339390866676695e+03	2.419358979925931852e-01	1.574720978139493854e-01	2.615529815410028158e-01	1.561058999228014943e-01	7.421281290674977549e-02	3.052740387529697189e-02	7.819290594752374701e-02
1.243790721930773088e+03	2.417417243985068576e-01	1.573483734343176788e-01	2.616921798435968838e-01	1.561829993965735408e-01	7.424498459779414750e-02	3.054807047642611392e-02	7.824166785270215974e-02
1.245242052994869937e+03	2.415478852040151281e-01	1.572248540518877691e-01	2.618311444617094641e-01	1.562599562462939351e-01	7.427710098784609527e-02	3.056871161634654513e-02	7.829034743181841061e-02
1.246693384058966330e+03	2.413543798322452805e-01	1.571015393260494775e-01	2.619698757850737469e-01	1.563367707517503147e-01	7.430916217250425893e-02	3.058932731335431421e-02	7.833894481893996509e-02
1.248144715123063179e+03	2.411612077073249372e-01	1.569784289167590885e-01	2.621083742027722763e-01	1.564134431921341828e-01	7.434116824720359007e-02	3.060991758577907840e-02	7.838746014794416295e-02
1.249596046187159800e+03	2.409683682543805050e-01	1.568555224845383234e-01	2.622466401032382266e-01	1.564899738460424350e-01	7.437311930721564324e-02	3.063048245198388489e-02	7.843589355251830153e-02
1.251047377251256421e+03	2.407758608995352878e-01	1.567328196904733406e-01	2.623846738742564577e-01	1.565663629914787469e-01	7.440501544764875630e-02	3.065102193036495573e-02	7.848424516615977453e-02
1.252498708315352815e+03	2.405836850699077656e-01	1.566103201962139591e-01	2.625224759029645138e-01	1.566426109058549343e-01	7.443685676344843904e-02	3.067153603935146230e-02	7.853251512217623853e-02
1.253950039379449436e+03	2.403918401936099014e-01	1.564880236639726030e-01	2.626600465758537895e-01	1.567187178659925073e-01	7.446864334939755359e-02	3.069202479740530676e-02	7.858070355368571014e-02
1.255401370443546057e+03	2.402003256997453096e-01	1.563659297565233308e-01	2.627973862787706394e-01	1.567946841481238363e-01	7.450037530011663356e-02	3.071248822302090342e-02	7.862881059361671865e-02
1.256852701507642678e+03	2.400091410184076179e-01	1.562440381372010301e-01	2.629344953969173226e-01	1.568705100278938169e-01	7.453205271006416166e-02	3.073292633472496718e-02	7.867683637470843094e-02
1.258304032571739299e+03	2.398182855806787750e-01	1.561223484699004183e-01	2.630713743148532791e-01	1.569461957803610919e-01	7.456367567353680559e-02	3.075333915107628449e-02	7.872478102951076251e-02
1.259755363635835920e+03	2.396277588186271068e-01	1.560008604190750159e-01	2.632080234164958510e-01	1.570217416799996046e-01	7.459524428466976498e-02	3.077372669066551214e-02	7.877264469038453010e-02
1.261206694699932314e+03	2.394375601653057906e-01	1.558795736497364248e-01	2.633444430851219487e-01	1.570971480006998211e-01	7.462675863743692406e-02	3.079408897211495175e-02	7.882042748950157662e-02
1.262658025764028707e+03	2.392476890547510504e-01	1.557584878274532181e-01	2.634806337033683832e-01	1.571724150157702560e-01	7.465821882565121248e-02	3.081442601407833812e-02	7.886812955884496545e-02
1.264109356828125556e+03	2.390581449219804366e-01	1.556376026183500794e-01	2.636165956532335874e-01	1.572475429979387218e-01	7.468962494296489674e-02	3.083473783524062414e-02	7.891575103020899429e-02
1.265560687892221949e+03	2.388689272029911881e-01	1.555169176891068872e-01	2.637523293160783933e-01	1.573225322193539111e-01	7.472097708286976059e-02	3.085502445431776916e-02	7.896329203519943107e-02
1.267012018956318798e+03	2.386800353347583725e-01	1.553964327069577989e-01	2.638878350726269750e-01	1.573973829515865619e-01	7.475227533869745200e-02	3.087528589005653079e-02	7.901075270523363892e-02
1.268463350020415419e+03	2.384914687552333046e-01	1.552761473396902236e-01	2.640231133029681265e-01	1.574720954656310123e-01	7.478351980361969131e-02	3.089552216123423942e-02	7.905813317154068709e-02
1.269914681084511813e+03	2.383032269033417694e-01	1.551560612556441288e-01	2.641581643865563711e-01	1.575466700319063940e-01	7.481471057064857655e-02	3.091573328665861084e-02	7.910543356516147595e-02
1.271366012148608434e+03	2.381153092189823017e-01	1.550361741237108459e-01	2.642929887022126834e-01	1.576211069202582138e-01	7.484584773263686097e-02	3.093591928516751730e-02	7.915265401694891734e-02
1.272817343212705055e+03	2.379277151430245762e-01	1.549164856133323775e-01	2.644275866281258769e-01	1.576954063999595201e-01	7.487693138227818901e-02	3.095608017562877928e-02	7.919979465756804560e-02
1.274268674276801676e+03	2.377404441173076033e-01	1.547969953945003418e-01	2.645619585418536035e-01	1.577695687397123181e-01	7.490796161210738768e-02	3.097621597693997128e-02	7.924685561749618412e-02
1.275720005340898297e+03	2.375534955846380636e-01	1.546777031377550848e-01	2.646961048203232969e-01	1.578435942076490406e-01	7.493893851450071641e-02	3.099632670802819623e-02	7.929383702702305636e-02
1.277171336404994690e+03	2.373668689887886984e-01	1.545586085141848198e-01	2.648300258398332274e-01	1.579174830713337141e-01	7.496986218167614457e-02	3.101641238784989124e-02	7.934073901625093850e-02
1.278622667469091539e+03	2.371805637744964779e-01	1.544397111954247115e-01	2.649637219760537232e-01	1.579912355977634852e-01	7.500073270569360129e-02	3.103647303539061250e-02	7.938756171509479820e-02
1.280073998533187932e+03	2.369945793874610185e-01	1.543210108536558489e-01	2.650971936040281141e-01	1.580648520533698698e-01	7.503155017845528074e-02	3.105650866966484097e-02	7.943430525328247505e-02
1.281525329597284326e+03	2.368089152743428349e-01	1.542025071616045795e-01	2.652304410981735638e-01	1.581383327040200570e-01	7.506231469170583648e-02	3.107651930971576729e-02	7.948096976035474992e-02
1.282976660661381175e+03	2.366235708827617856e-01	1.540841997925412599e-01	2.653634648322826806e-01	1.582116778150184089e-01	7.509302633703271446e-02	3.109650497461508706e-02	7.952755536566556704e-02
1.284427991725477568e+03	2.364385456612951575e-01	1.539660884202796731e-01	2.654962651795239048e-01	1.582848876511075420e-01	7.512368520586637510e-02	3.111646568346281352e-02	7.957406219838208949e-02
1.285879322789574417e+03	2.362538390594762505e-01	1.538481727191759185e-01	2.656288425124429531e-01	1.583579624764699101e-01	7.515429138948055698e-02	3.113640145538706244e-02	7.962049038748494900e-02
1.287330653853671038e+03	2.360694505277924904e-01	1.537304523641276344e-01	2.657611972029637060e-01	1.584309025547290251e-01	7.518484497899259600e-02	3.115631230954383699e-02	7.966684006176830146e-02
1.288781984917767431e+03	2.358853795176839296e-01	1.536129270305729988e-01	2.658933296223894849e-01	1.585037081489507615e-01	7.521534606536359191e-02	3.117619826511685427e-02	7.971311134984004898e-02
1.290233315981864052e+03	2.357016254815414713e-01	1.534955963944898971e-01	2.660252401414037182e-01	1.585763795216446337e-01	7.524579473939875529e-02	3.119605934131733024e-02	7.975930438012192314e-02
