1.001418434226643626e+03	2.798346682433663912e-01	1.806037502924076887e-01	2.347867546538918160e-01	1.411576881193449540e-01	6.806594864822446134e-02	2.670586372376307707e-02	6.884532631892072152e-02
1.002869765290740247e+03	2.795775796973598570e-01	1.804393152574999548e-01	2.349698998345899903e-01	1.412634303556277449e-01	6.810901869729128755e-02	2.673080083662874792e-02	6.890995532092153431e-02
1.004321096354836754e+03	2.793209311006364937e-01	1.802751556982904735e-01	2.351527358341921892e-01	1.413689743787162612e-01	6.815201496475987997e-02	2.675571035995892924e-02	6.897447766336491093e-02
1.005772427418933376e+03	2.790647216979764700e-01	1.801112711525307830e-01	2.353352631724507094e-01	1.414743205847664997e-01	6.819493757744234108e-02	2.678059230530717080e-02	6.903889350944515668e-02
1.007223758483029997e+03	2.788089507354651886e-01	1.799476611587485508e-01	2.355174823682436858e-01	1.415794693690692330e-01	6.823778666192786835e-02	2.680544668429179003e-02	6.910320302217284882e-02
1.008675089547126618e+03	2.785536174604909543e-01	1.797843252562460470e-01	2.356993939395764515e-01	1.416844211260522846e-01	6.828056234458326768e-02	2.683027350859559443e-02	6.916740636437462841e-02
1.010126420611223239e+03	2.782987211217427537e-01	1.796212629850988673e-01	2.358809984035830920e-01	1.417891762492823893e-01	6.832326475155352241e-02	2.685507278996553462e-02	6.923150369869308929e-02
1.011577751675319632e+03	2.780442609692079237e-01	1.794584738861546291e-01	2.360622962765279165e-01	1.418937351314673856e-01	6.836589400876236233e-02	2.687984454021240602e-02	6.929549518758659765e-02
1.013029082739416367e+03	2.777902362541699866e-01	1.792959575010317219e-01	2.362432880738068730e-01	1.419980981644582696e-01	6.840845024191267998e-02	2.690458877121053652e-02	6.935938099332911166e-02
1.014480413803512761e+03	2.775366462292062630e-01	1.791337133721180308e-01	2.364239743099490754e-01	1.421022657392512212e-01	6.845093357648714127e-02	2.692930549489746042e-02	6.942316127800998715e-02
1.015931744867609382e+03	2.772834901481855963e-01	1.789717410425696043e-01	2.366043554986181907e-01	1.422062382459896024e-01	6.849334413774867125e-02	2.695399472327363391e-02	6.948683620353394985e-02
1.017383075931706003e+03	2.770307672662660203e-01	1.788100400563093217e-01	2.367844321526139106e-01	1.423100160739661224e-01	6.853568205074095365e-02	2.697865646840210893e-02	6.955040593162076235e-02
1.018834406995802851e+03	2.767784768398929285e-01	1.786486099580256448e-01	2.369642047838734500e-01	1.424135996116247804e-01	6.857794744028898604e-02	2.700329074240823135e-02	6.961387062380519630e-02
1.020285738059899245e+03	2.765266181267961310e-01	1.784874502931714513e-01	2.371436739034729624e-01	1.425169892465629473e-01	6.862014043099955163e-02	2.702789755747932524e-02	6.967723044143685207e-02
1.021737069123995752e+03	2.762751903859882452e-01	1.783265606079625087e-01	2.373228400216290113e-01	1.426201853655333363e-01	6.866226114726171892e-02	2.705247692586439795e-02	6.974048554568000602e-02
1.023188400188092373e+03	2.760241928777621423e-01	1.781659404493763643e-01	2.375017036477000409e-01	1.427231883544461122e-01	6.870430971324732738e-02	2.707702885987383484e-02	6.980363609751347176e-02
1.024639731252188767e+03	2.757736248636885601e-01	1.780055893651510124e-01	2.376802652901877089e-01	1.428259985983708902e-01	6.874628625291155648e-02	2.710155337187909741e-02	6.986668225773048913e-02
1.026091062316285615e+03	2.755234856066142712e-01	1.778455069037837011e-01	2.378585254567384122e-01	1.429286164815386506e-01	6.878819088999336973e-02	2.712605047431241451e-02	6.992962418693851601e-02
1.027542393380382237e+03	2.752737743706594742e-01	1.776856926145295446e-01	2.380364846541448143e-01	1.430310423873439596e-01	6.883002374801597267e-02	2.715052017966648398e-02	6.999246204555921447e-02
1.028993724444478858e+03	2.750244904212156838e-01	1.775261460474002462e-01	2.382141433883470938e-01	1.431332766983467730e-01	6.887178495028732639e-02	2.717496250049417431e-02	7.005519599382820095e-02
1.030445055508575479e+03	2.747756330249436774e-01	1.773668667531628773e-01	2.383915021644344989e-01	1.432353197962745739e-01	6.891347461990064704e-02	2.719937744940822619e-02	7.011782619179499076e-02
1.031896386572671872e+03	2.745272014497710522e-01	1.772078542833386283e-01	2.385685614866468462e-01	1.433371720620242873e-01	6.895509287973487778e-02	2.722376503908096115e-02	7.018035279932284543e-02
1.033347717636768493e+03	2.742791949648900607e-01	1.770491081902015873e-01	2.387453218583757142e-01	1.434388338756643066e-01	6.899663985245518827e-02	2.724812528224396582e-02	7.024277597608867552e-02
1.034799048700865114e+03	2.740316128407554452e-01	1.768906280267772968e-01	2.389217837821661361e-01	1.435403056164364921e-01	6.903811566051334947e-02	2.727245819168782476e-02	7.030509588158291578e-02
1.036250379764961508e+03	2.737844543490822735e-01	1.767324133468416991e-01	2.390979477597178215e-01	1.436415876627581689e-01	6.907952042614833033e-02	2.729676378026179087e-02	7.036731267510938637e-02
1.037701710829058356e+03	2.735377187628436069e-01	1.765744637049196375e-01	2.392738142918867661e-01	1.437426803922240426e-01	6.912085427138668636e-02	2.732104206087352868e-02	7.042942651578520952e-02
1.039153041893154750e+03	2.732914053562683354e-01	1.764167786562839124e-01	2.394493838786864448e-01	1.438435841816082528e-01	6.916211731804305929e-02	2.734529304648879861e-02	7.049143756254069859e-02
1.040604372957251599e+03	2.730455134048390131e-01	1.762593577569537273e-01	2.396246570192894221e-01	1.439442994068662884e-01	6.920330968772062108e-02	2.736951675013116897e-02	7.055334597411924702e-02
1.042055704021347992e+03	2.728000421852896373e-01	1.761022005636936338e-01	2.397996342120287949e-01	1.440448264431369862e-01	6.924443150181153195e-02	2.739371318488174195e-02	7.061515190907720341e-02
1.043507035085444613e+03	2.725549909756034839e-01	1.759453066340121441e-01	2.399743159543993309e-01	1.441451656647444735e-01	6.928548288149739831e-02	2.741788236387883784e-02	7.067685552578382990e-02
1.044958366149541234e+03	2.723103590550108866e-01	1.757886755261605927e-01	2.401487027430591614e-01	1.442453174452001941e-01	6.932646394774975851e-02	2.744202430031772444e-02	7.073845698242113567e-02
1.046409697213637855e+03	2.720661457039871833e-01	1.756323067991318043e-01	2.403227950738311691e-01	1.443452821572046851e-01	6.936737482133047139e-02	2.746613900745032907e-02	7.079995643698379360e-02
1.047861028277734476e+03	2.718223502042502737e-01	1.754762000126589838e-01	2.404965934417041817e-01	1.444450601726497141e-01	6.940821562279221590e-02	2.749022649858495759e-02	7.086135404727909870e-02
1.049312359341831097e+03	2.715789718387588425e-01	1.753203547272142171e-01	2.406700983408345818e-01	1.445446518626201104e-01	6.944898647247889356e-02	2.751428678708598211e-02	7.092264997092682932e-02
1.050763690405927491e+03	2.713360098917096952e-01	1.751647705040074721e-01	2.408433102645475832e-01	1.446440575973957920e-01	6.948968749052612803e-02	2.753831988637360159e-02	7.098384436535920550e-02
1.052215021470024112e+03	2.710934636485359817e-01	1.750094469049852941e-01	2.410162297053387304e-01	1.447432777464535969e-01	6.953031879686165373e-02	2.756232580992351577e-02	7.104493738782072243e-02
1.053666352534120733e+03	2.708513323959048646e-01	1.748543834928295571e-01	2.411888571548752580e-01	1.448423126784692538e-01	6.957088051120577377e-02	2.758630457126667185e-02	7.110592919536816436e-02
1.055117683598217127e+03	2.706096154217154659e-01	1.746995798309561032e-01	2.413611931039974234e-01	1.449411627613193532e-01	6.961137275307177630e-02	2.761025618398896958e-02	7.116681994487045193e-02
1.056569014662313975e+03	2.703683120150965902e-01	1.745450354835137996e-01	2.415332380427200054e-01	1.450398283620831785e-01	6.965179564176640636e-02	2.763418066173098722e-02	7.122760979300860051e-02
1.058020345726410369e+03	2.701274214664046158e-01	1.743907500153829837e-01	2.417049924602336364e-01	1.451383098470447330e-01	6.969214929639022671e-02	2.765807801818770395e-02	7.128829889627563698e-02
1.059471676790506763e+03	2.698869430672214409e-01	1.742367229921745198e-01	2.418764568449061902e-01	1.452366075816945434e-01	6.973243383583814514e-02	2.768194826710821191e-02	7.134888741097654419e-02
1.060923007854603611e+03	2.696468761103520961e-01	1.740829539802283277e-01	2.420476316842841147e-01	1.453347219307316585e-01	6.977264937879974760e-02	2.770579142229545599e-02	7.140937549322814992e-02
1.062374338918700232e+03	2.694072198898230242e-01	1.739294425466123284e-01	2.422185174650939576e-01	1.454326532580654252e-01	6.981279604375978387e-02	2.772960749760593549e-02	7.146976329895909918e-02
1.063825669982796853e+03	2.691679737008794704e-01	1.737761882591211948e-01	2.423891146732435886e-01	1.455304019268175153e-01	6.985287394899851454e-02	2.775339650694945426e-02	7.153005098390978478e-02
1.065277001046893474e+03	2.689291368399837068e-01	1.736231906862750196e-01	2.425594237938237252e-01	1.456279682993237568e-01	6.989288321259222447e-02	2.777715846428883278e-02	7.159023870363223629e-02
1.066728332110990095e+03	2.686907086048127558e-01	1.734704493973182327e-01	2.427294453111091821e-01	1.457253527371360213e-01	6.993282395241356975e-02	2.780089338363962714e-02	7.165032661349013399e-02
1.068179663175086489e+03	2.684526882942562254e-01	1.733179639622183243e-01	2.428991797085602589e-01	1.458225556010241120e-01	6.997269628613200787e-02	2.782460127906987574e-02	7.171031486865871163e-02
1.069630994239183110e+03	2.682150752084143108e-01	1.731657339516646243e-01	2.430686274688242665e-01	1.459195772509776501e-01	7.001250033121420024e-02	2.784828216469982520e-02	7.177020362412467325e-02
1.071082325303279504e+03	2.679778686485956296e-01	1.730137589370670526e-01	2.432377890737366100e-01	1.460164180462079353e-01	7.005223620492447012e-02	2.787193605470164245e-02	7.182999303468617924e-02
1.072533656367376352e+03	2.677410679173150565e-01	1.728620384905550922e-01	2.434066650043224533e-01	1.461130783451498050e-01	7.009190402432514955e-02	2.789556296329916488e-02	7.188968325495280476e-02
1.073984987431472746e+03	2.675046723182916142e-01	1.727105721849763187e-01	2.435752557407979413e-01	1.462095585054635216e-01	7.013150390627700959e-02	2.791916290476762277e-02	7.194927443934544253e-02
1.075436318495569594e+03	2.672686811564465859e-01	1.725593595938954006e-01	2.437435617625715589e-01	1.463058588840366880e-01	7.017103596743967664e-02	2.794273589343336875e-02	7.200876674209628903e-02
1.076887649559666215e+03	2.670330937379010172e-01	1.724084002915927671e-01	2.439115835482454642e-01	1.464019798369859404e-01	7.021050032427199328e-02	2.796628194367362791e-02	7.206816031724880278e-02
1.078338980623762609e+03	2.667979093699739401e-01	1.722576938530634705e-01	2.440793215756169032e-01	1.464979217196589467e-01	7.024989709303246233e-02	2.798980106991620989e-02	7.212745531865763504e-02
1.079790311687859230e+03	2.665631273611803187e-01	1.721072398540160198e-01	2.442467763216795706e-01	1.465936848866362108e-01	7.028922638977962156e-02	2.801329328663926255e-02	7.218665189998862974e-02
1.081241642751955851e+03	2.663287470212286068e-01	1.719570378708710767e-01	2.444139482626249138e-01	1.466892696917328487e-01	7.032848833037244618e-02	2.803675860837100131e-02	7.224575021471872638e-02
1.082692973816052472e+03	2.660947676610190271e-01	1.718070874807602899e-01	2.445808378738435762e-01	1.467846764880005594e-01	7.036768303047072348e-02	2.806019704968944553e-02	7.230475041613600162e-02
1.084144304880149093e+03	2.658611885926412954e-01	1.716573882615252400e-01	2.447474456299265910e-01	1.468799056277293458e-01	7.040681060553549697e-02	2.808360862522216173e-02	7.236365265733954444e-02
1.085595635944245487e+03	2.656280091293726220e-01	1.715079397917160242e-01	2.449137720046668520e-01	1.469749574624493182e-01	7.044587117082938554e-02	2.810699334964599297e-02	7.242245709123949771e-02
1.087046967008342108e+03	2.653952285856755466e-01	1.713587416505902850e-01	2.450798174710603905e-01	1.470698323429326659e-01	7.048486484141699981e-02	2.813035123768680909e-02	7.248116387055700272e-02
1.088498298072438729e+03	2.651628462771959960e-01	1.712097934181117942e-01	2.452455825013078183e-01	1.471645306191953495e-01	7.052379173216534458e-02	2.815368230411924647e-02	7.253977314782412977e-02
1.089949629136535123e+03	2.649308615207612294e-01	1.710610946749494543e-01	2.454110675668155217e-01	1.472590526404989053e-01	7.056265195774419352e-02	2.817698656376644087e-02	7.259828507538394760e-02
1.091400960200631971e+03	2.646992736343775077e-01	1.709126450024760768e-01	2.455762731381971598e-01	1.473533987553523605e-01	7.060144563262645001e-02	2.820026403149978114e-02	7.265669980539038453e-02
1.092852291264728365e+03	2.644680819372282610e-01	1.707644439827671334e-01	2.457411996852748304e-01	1.474475693115139263e-01	7.064017287108859122e-02	2.822351472223864899e-02	7.271501748980829793e-02
1.094303622328825213e+03	2.642372857496721461e-01	1.706164911985996180e-01	2.459058476770804857e-01	1.475415646559928851e-01	7.067883378721094567e-02	2.824673865095016223e-02	7.277323828041340481e-02
1.095754953392921607e+03	2.640068843932407705e-01	1.704687862334508808e-01	2.460702175818572923e-01	1.476353851350513113e-01	7.071742849487816507e-02	2.826993583264892154e-02	7.283136232879229566e-02
1.097206284457018228e+03	2.637768771906366938e-01	1.703213286714974350e-01	2.462343098670609354e-01	1.477290310942059315e-01	7.075595710777952962e-02	2.829310628239675718e-02	7.288938978634236510e-02
1.098657615521114849e+03	2.635472634657314295e-01	1.701741180976137635e-01	2.463981249993608957e-01	1.478225028782298445e-01	7.079441973940941990e-02	2.831625001530247571e-02	7.294732080427185350e-02
1.100108946585211470e+03	2.633180425435633909e-01	1.700271540973711804e-01	2.465616634446418654e-01	1.479158008311543260e-01	7.083281650306755273e-02	2.833936704652161367e-02	7.300515553359979148e-02
1.101560277649308091e+03	2.630892137503357819e-01	1.698804362570366377e-01	2.467249256680049407e-01	1.480089252962706603e-01	7.087114751185943917e-02	2.836245739125617046e-02	7.306289412515605541e-02
1.103011608713404712e+03	2.628607764134147651e-01	1.697339641635715879e-01	2.468879121337690941e-01	1.481018766161318612e-01	7.090941287869675924e-02	2.838552106475437584e-02	7.312053672958122863e-02
1.104462939777501106e+03	2.626327298613271854e-01	1.695877374046307895e-01	2.470506233054723666e-01	1.481946551325544204e-01	7.094761271629768107e-02	2.840855808231042973e-02	7.317808349732675410e-02
1.105914270841597499e+03	2.624050734237587945e-01	1.694417555685611698e-01	2.472130596458732843e-01	1.482872611866201118e-01	7.098574713718729112e-02	2.843156845926426285e-02	7.323553457865479566e-02
1.107365601905694348e+03	2.621778064315519186e-01	1.692960182444006312e-01	2.473752216169520513e-01	1.483796951186777402e-01	7.102381625369788565e-02	2.845455221100128343e-02	7.329289012363832123e-02
1.108816932969790741e+03	2.619509282167035713e-01	1.691505250218768297e-01	2.475371096799119375e-01	1.484719572683449174e-01	7.106182017796937311e-02	2.847750935295212740e-02	7.335015028216104738e-02
1.110268264033887590e+03	2.617244381123637886e-01	1.690052754914062039e-01	2.476987242951806112e-01	1.485640479745096998e-01	7.109975902194963504e-02	2.850043990059242249e-02	7.340731520391748088e-02
1.111719595097984211e+03	2.614983354528329640e-01	1.688602692440926700e-01	2.478600659224113600e-01	1.486559675753325038e-01	7.113763289739490070e-02	2.852334386944253147e-02	7.346438503841286327e-02
1.113170926162080832e+03	2.612726195735604606e-01	1.687155058717265121e-01	2.480211350204844789e-01	1.487477164082477710e-01	7.117544191587005242e-02	2.854622127506731624e-02	7.352135993496322630e-02
1.114622257226177226e+03	2.610472898111422246e-01	1.685709849667831606e-01	2.481819320475084911e-01	1.488392948099656332e-01	7.121318618874905582e-02	2.856907213307589150e-02	7.357824004269539198e-02
1.116073588290273847e+03	2.608223455033187865e-01	1.684267061224221651e-01	2.483424574608215363e-01	1.489307031164737727e-01	7.125086582721525119e-02	2.859189645912138880e-02	7.363502551054694478e-02
1.117524919354370468e+03	2.605977859889734849e-01	1.682826689324859459e-01	2.485027117169926469e-01	1.490219416630390870e-01	7.128848094226176990e-02	2.861469426890070680e-02	7.369171648726627333e-02
1.118976250418467089e+03	2.603736106081304125e-01	1.681388729914986557e-01	2.486626952718229422e-01	1.491130107842093544e-01	7.132603164469178414e-02	2.863746557815426835e-02	7.374831312141255646e-02
1.120427581482563710e+03	2.601498187019521957e-01	1.679953178946651526e-01	2.488224085803470154e-01	1.492039108138150938e-01	7.136351804511897878e-02	2.866021040266579153e-02	7.380481556135579102e-02
1.121878912546660331e+03	2.599264096127382739e-01	1.678520032378696680e-01	2.489818520968342386e-01	1.492946420849711464e-01	7.140094025396784283e-02	2.868292875826203639e-02	7.386122395527679185e-02
1.123330243610756725e+03	2.597033826839229009e-01	1.677089286176748351e-01	2.491410262747899562e-01	1.493852049300784524e-01	7.143829838147403022e-02	2.870562066081257940e-02	7.391753845116721955e-02
1.124781574674853118e+03	2.594807372600730355e-01	1.675660936313204674e-01	2.492999315669569005e-01	1.494755996808257437e-01	7.147559253768466514e-02	2.872828612622957412e-02	7.397375919682959433e-02
1.126232905738949967e+03	2.592584726868863987e-01	1.674234978767223936e-01	2.494585684253163571e-01	1.495658266681912929e-01	7.151282283245877225e-02	2.875092517046750826e-02	7.402988633987729605e-02
1.127684236803046360e+03	2.590365883111895307e-01	1.672811409524714299e-01	2.496169373010895254e-01	1.496558862224444675e-01	7.154998937546755422e-02	2.877353780952297130e-02	7.408592002773459195e-02
1.129135567867143209e+03	2.588150834809357370e-01	1.671390224578320483e-01	2.497750386447387949e-01	1.497457786731475893e-01	7.158709227619473869e-02	2.879612405943442199e-02	7.414186040763667829e-02
1.130586898931239830e+03	2.585939575452034234e-01	1.669971419927415157e-01	2.499328729059689114e-01	1.498355043491574889e-01	7.162413164393698073e-02	2.881868393628194205e-02	7.419770762662968033e-02
1.132038229995336451e+03	2.583732098541937638e-01	1.668554991578085900e-01	2.500904405337284198e-01	1.499250635786273655e-01	7.166110758780411261e-02	2.884121745618702798e-02	7.425346183157066626e-02
1.133489561059432845e+03	2.581528397592289248e-01	1.667140935543123537e-01	2.502477419762108024e-01	1.500144566890082298e-01	7.169802021671958792e-02	2.886372463531232738e-02	7.430912316912771653e-02
1.134940892123529466e+03	2.579328466127500663e-01	1.665729247842012428e-01	2.504047776808558390e-01	1.501036840070507916e-01	7.173486963942073136e-02	2.888620548986143080e-02	7.436469178577989614e-02
1.136392223187626087e+03	2.577132297683153439e-01	1.664319924500918257e-01	2.505615480943508278e-01	1.501927458588069864e-01	7.177165596445909956e-02	2.890866003607863582e-02	7.442016782781732398e-02
1.137843554251722708e+03	2.574939885805981321e-01	1.662912961552676649e-01	2.507180536626318346e-01	1.502816425696317237e-01	7.180837930020086968e-02	2.893108829024870765e-02	7.447555144134117289e-02
1.139294885315819101e+03	2.572751224053848040e-01	1.661508355036782347e-01	2.508742948308850251e-01	1.503703744641844975e-01	7.184503975482710303e-02	2.895349026869665360e-02	7.453084277226372512e-02
1.140746216379915950e+03	2.570566305995732326e-01	1.660106100999378664e-01	2.510302720435478308e-01	1.504589418664311340e-01	7.188163743633411984e-02	2.897586598778750452e-02	7.458604196630840011e-02
1.142197547444012343e+03	2.568385125211703479e-01	1.658706195493244440e-01	2.511859857443102806e-01	1.505473450996453744e-01	7.191817245253381841e-02	2.899821546392606850e-02	7.464114916900976837e-02
1.143648878508108737e+03	2.566207675292904722e-01	1.657308634577784601e-01	2.513414363761163894e-01	1.506355844864104288e-01	7.195464491105403593e-02	2.902053871355672610e-02	7.469616452571362086e-02
1.145100209572205586e+03	2.564033949841534321e-01	1.655913414319018784e-01	2.514966243811651014e-01	1.507236603486208082e-01	7.199105491933881218e-02	2.904283575316317714e-02	7.475108818157694124e-02
1.146551540636302207e+03	2.561863942470823940e-01	1.654520530789569954e-01	2.516515502009117333e-01	1.508115730074838789e-01	7.202740258464881973e-02	2.906510659926824294e-02	7.480592028156805851e-02
1.148002871700398828e+03	2.559697646805022542e-01	1.653129980068652749e-01	2.518062142760691957e-01	1.508993227835215278e-01	7.206368801406161373e-02	2.908735126843362689e-02	7.486066097046656376e-02
1.149454202764495449e+03	2.557535056479375291e-01	1.651741758242063762e-01	2.519606170466093253e-01	1.509869099965716888e-01	7.209991131447195112e-02	2.910956977725968550e-02	7.491531039286342120e-02
1.150905533828591842e+03	2.555376165140104683e-01	1.650355861402169333e-01	2.521147589517640508e-01	1.510743349657901191e-01	7.213607259259219306e-02	2.913176214238522369e-02	7.496986869316100977e-02
1.152356864892688463e+03	2.553220966444390561e-01	1.648972285647894442e-01	2.522686404300266139e-01	1.511615980096519540e-01	7.217217195495254090e-02	2.915392838048724497e-02	7.502433601557315090e-02
1.153808195956785084e+03	2.551069454060352903e-01	1.647591027084713000e-01	2.524222619191528461e-01	1.512486994459532885e-01	7.220820950790145243e-02	2.917606850828075721e-02	7.507871250412512243e-02
1.155259527020881706e+03	2.548921621667031290e-01	1.646212081824635354e-01	2.525756238561624456e-01	1.513356395918128705e-01	7.224418535760589177e-02	2.919818254251854359e-02	7.513299830265375567e-02
1.156710858084978327e+03	2.546777462954366023e-01	1.644835445986198574e-01	2.527287266773400320e-01	1.514224187636736274e-01	7.228009961005169015e-02	2.922027049999092671e-02	7.518719355480746325e-02
1.158162189149074720e+03	2.544636971623180366e-01	1.643461115694454244e-01	2.528815708182366451e-01	1.515090372773043592e-01	7.231595237104386509e-02	2.924233239752557084e-02	7.524129840404629455e-02
1.159613520213171569e+03	2.542500141385160006e-01	1.642089087080957910e-01	2.530341567136709102e-01	1.515954954478013483e-01	7.235174374620691184e-02	2.926436825198724945e-02	7.529531299364196351e-02
1.161064851277267962e+03	2.540366965962834733e-01	1.640719356283759645e-01	2.531864847977301491e-01	1.516817935895898306e-01	7.238747384098516424e-02	2.928637808027763009e-02	7.534923746667794575e-02
1.162516182341364356e+03	2.538237439089560121e-01	1.639351919447390449e-01	2.533385555037717674e-01	1.517679320164256884e-01	7.242314276064305834e-02	2.930836189933506281e-02	7.540307196604947859e-02
1.163967513405461204e+03	2.536111554509498101e-01	1.637986772722854201e-01	2.534903692644243645e-01	1.518539110413970605e-01	7.245875061026552100e-02	2.933031972613436150e-02	7.545681663446364429e-02
1.165418844469557826e+03	2.533989305977596973e-01	1.636623912267614334e-01	2.536419265115889554e-01	1.519397309769258408e-01	7.249429749475823359e-02	2.935225157768658541e-02	7.551047161443942557e-02
1.166870175533654447e+03	2.531870687259575314e-01	1.635263334245584677e-01	2.537932276764403028e-01	1.520253921347693438e-01	7.252978351884797892e-02	2.937415747103881702e-02	7.556403704830776114e-02
1.168321506597751068e+03	2.529755692131901434e-01	1.633905034827117797e-01	2.539442731894280270e-01	1.521108948260218030e-01	7.256520878708291877e-02	2.939603742327396782e-02	7.561751307821157342e-02
1.169772837661847461e+03	2.527644314381774504e-01	1.632549010188994176e-01	2.540950634802778829e-01	1.521962393611160924e-01	7.260057340383295477e-02	2.941789145151054580e-02	7.567089984610586573e-02
1.171224168725944082e+03	2.525536547807106236e-01	1.631195256514411662e-01	2.542455989779930370e-01	1.522814260498251138e-01	7.263587747328997812e-02	2.943971957290245772e-02	7.572419749375780551e-02
1.172675499790040703e+03	2.523432386216503120e-01	1.629843769992975477e-01	2.543958801108550660e-01	1.523664552012634621e-01	7.267112109946827214e-02	2.946152180463878015e-02	7.577740616274669661e-02
1.174126830854137097e+03	2.521331823429246444e-01	1.628494546820685729e-01	2.545459073064255118e-01	1.524513271238889800e-01	7.270630438620474811e-02	2.948329816394356165e-02	7.583052599446413189e-02
1.175578161918233945e+03	2.519234853275273411e-01	1.627147583199927694e-01	2.546956809915468245e-01	1.525360421255043120e-01	7.274142743715927839e-02	2.950504866807561119e-02	7.588355713011397941e-02
1.177029492982330339e+03	2.517141469595160497e-01	1.625802875339461551e-01	2.548452015923436953e-01	1.526206005132584309e-01	7.277649035581502945e-02	2.952677333432828302e-02	7.593649971071253502e-02
1.178480824046426733e+03	2.515051666240104011e-01	1.624460419454410443e-01	2.549944695342239998e-01	1.527050025936481925e-01	7.281149324547869783e-02	2.954847218002926851e-02	7.598935387708852240e-02
1.179932155110523581e+03	2.512965437071900676e-01	1.623120211766251042e-01	2.551434852418805188e-01	1.527892486725199173e-01	7.284643620928092644e-02	2.957014522254038796e-02	7.604211976988316246e-02
1.181383486174620202e+03	2.510882775962930413e-01	1.621782248502802171e-01	2.552922491392917714e-01	1.528733390550709448e-01	7.288131935017651275e-02	2.959179247925738596e-02	7.609479752955028431e-02
1.182834817238716823e+03	2.508803676796136917e-01	1.620446525898214252e-01	2.554407616497231803e-01	1.529572740458510494e-01	7.291614277094478347e-02	2.961341396760972314e-02	7.614738729635636694e-02
1.184286148302813444e+03	2.506728133465009334e-01	1.619113040192958208e-01	2.555890231957285152e-01	1.530410539487641330e-01	7.295090657418985824e-02	2.963500970506037155e-02	7.619988921038056695e-02
1.185737479366910065e+03	2.504656139873565612e-01	1.617781787633816581e-01	2.557370341991509477e-01	1.531246790670695856e-01	7.298561086234098272e-02	2.965657970910560298e-02	7.625230341151488511e-02
1.187188810431006686e+03	2.502587689936332516e-01	1.616452764473870207e-01	2.558847950811241057e-01	1.532081497033840611e-01	7.302025573765277833e-02	2.967812399727478775e-02	7.630463003946419409e-02
1.188640141495103080e+03	2.500522777578327305e-01	1.615125966972489890e-01	2.560323062620736834e-01	1.532914661596826988e-01	7.305484130220565864e-02	2.969964258713019001e-02	7.635686923374626622e-02
1.190091472559199701e+03	2.498461396735039974e-01	1.613801391395325580e-01	2.561795681617181630e-01	1.533746287373008443e-01	7.308936765790598200e-02	2.972113549626677342e-02	7.640902113369191229e-02
1.191542803623296322e+03	2.496403541352414934e-01	1.612479034014294432e-01	2.563265811990703136e-01	1.534576377369354649e-01	7.312383490648646789e-02	2.974260274231197571e-02	7.646108587844503701e-02
1.192994134687392716e+03	2.494349205386832691e-01	1.611158891107572211e-01	2.564733457924383009e-01	1.535404934586467596e-01	7.315824314950644669e-02	2.976404434292553164e-02	7.651306360696270847e-02
1.194445465751489564e+03	2.492298382805092083e-01	1.609840958959580515e-01	2.566198623594267425e-01	1.536231962018595465e-01	7.319259248835217890e-02	2.978546031579925799e-02	7.656495445801522748e-02
1.195896796815585958e+03	2.490251067584391687e-01	1.608525233860978454e-01	2.567661313169382065e-01	1.537057462653648177e-01	7.322688302423713269e-02	2.980685067865685919e-02	7.661675857018623859e-02
1.197348127879682352e+03	2.488207253712311495e-01	1.607211712108651269e-01	2.569121530811739329e-01	1.537881439473212375e-01	7.326111485820231695e-02	2.982821544925371923e-02	7.666847608187277174e-02
1.198799458943779200e+03	2.486166935186795990e-01	1.605900390005698952e-01	2.570579280676354994e-01	1.538703895452567250e-01	7.329528809111654497e-02	2.984955464537670730e-02	7.672010713128536719e-02
1.200250790007875821e+03	2.484130106016134432e-01	1.604591263861428196e-01	2.572034566911255982e-01	1.539524833560697026e-01	7.332940282367672591e-02	2.987086828484397660e-02	7.677165185644811707e-02
1.201702121071972442e+03	2.482096760218944487e-01	1.603284329991339352e-01	2.573487393657495348e-01	1.540344256760308173e-01	7.336345915640819781e-02	2.989215638550478046e-02	7.682311039519877649e-02
1.203153452136069063e+03	2.480066891824153075e-01	1.601979584717116989e-01	2.574937765049160610e-01	1.541162168007843003e-01	7.339745718966500521e-02	2.991341896523925029e-02	7.687448288518883288e-02
1.204604783200165684e+03	2.478040494870978883e-01	1.600677024366620738e-01	2.576385685213389287e-01	1.541978570253495495e-01	7.343139702363017662e-02	2.993465604195822208e-02	7.692576946388358927e-02
1.206056114264262078e+03	2.476017563408914879e-01	1.599376645273872799e-01	2.577831158270378897e-01	1.542793466441224615e-01	7.346527875831604382e-02	2.995586763360302482e-02	7.697697026856224756e-02
1.207507445328358699e+03	2.473998091497709440e-01	1.598078443779050173e-01	2.579274188333396389e-01	1.543606859508769580e-01	7.349910249356453318e-02	2.997705375814528964e-02	7.702808543631803340e-02
1.208958776392455093e+03	2.471982073207349695e-01	1.596782416228471613e-01	2.580714779508792578e-01	1.544418752387665961e-01	7.353286832904742942e-02	2.999821443358675899e-02	7.707911510405823785e-02
1.210410107456551941e+03	2.469969502618042934e-01	1.595488558974588467e-01	2.582152935896014356e-01	1.545229148003257613e-01	7.356657636426669478e-02	3.001934967795909237e-02	7.713005940850430064e-02
1.211861438520648335e+03	2.467960373820198561e-01	1.594196868375975240e-01	2.583588661587614133e-01	1.546038049274713055e-01	7.360022669855474653e-02	3.004045950932367204e-02	7.718091848619196282e-02
1.213312769584745183e+03	2.465954680914410613e-01	1.592907340797317939e-01	2.585021960669261487e-01	1.546845459115040178e-01	7.363381943107476235e-02	3.006154394577139830e-02	7.723169247347129451e-02
1.214764100648841804e+03	2.463952418011440548e-01	1.591619972609404354e-01	2.586452837219757606e-01	1.547651380431099288e-01	7.366735466082094397e-02	3.008260300542252297e-02	7.728238150650681981e-02
1.216215431712937971e+03	2.461953579232199207e-01	1.590334760189114072e-01	2.587881295311043051e-01	1.548455816123619766e-01	7.370083248661883635e-02	3.010363670642644124e-02	7.733298572127758619e-02
1.217666762777034819e+03	2.459958158707729325e-01	1.589051699919408200e-01	2.589307339008211084e-01	1.549258769087211718e-01	7.373425300712561914e-02	3.012464506696149735e-02	7.738350525357728937e-02
1.219118093841131440e+03	2.457966150579187492e-01	1.587770788189318827e-01	2.590730972369520990e-01	1.550060242210382910e-01	7.376761632083034259e-02	3.014562810523480421e-02	7.743394023901432888e-02
1.220569424905228061e+03	2.455977548997826387e-01	1.586492021393939023e-01	2.592152199446405292e-01	1.550860238375552091e-01	7.380092252605426062e-02	3.016658583948205602e-02	7.748429081301196064e-02
1.222020755969324682e+03	2.453992348124978407e-01	1.585215395934412297e-01	2.593571024283486404e-01	1.551658760459062314e-01	7.383417172095108061e-02	3.018751828796732359e-02	7.753455711080831092e-02
1.223472087033421303e+03	2.452010542132036508e-01	1.583940908217922883e-01	2.594987450918582184e-01	1.552455811331197311e-01	7.386736400350732423e-02	3.020842546898288780e-02	7.758473926745655669e-02
1.224923418097517697e+03	2.450032125200437561e-01	1.582668554657685744e-01	2.596401483382723696e-01	1.553251393856193985e-01	7.390049947154253562e-02	3.022930740084904186e-02	7.763483741782495340e-02
1.226374749161614318e+03	2.448057091521645967e-01	1.581398331672936031e-01	2.597813125700162429e-01	1.554045510892257675e-01	7.393357822270958668e-02	3.025016410191390046e-02	7.768485169659700151e-02
1.227826080225710712e+03	2.446085435297133959e-01	1.580130235688918805e-01	2.599222381888381395e-01	1.554838165291575480e-01	7.396660035449495463e-02	3.027099559055321243e-02	7.773478223827148814e-02
1.229277411289807560e+03	2.444117150738366051e-01	1.578864263136880164e-01	2.600629255958110675e-01	1.555629359900330966e-01	7.399956596421905508e-02	3.029180188517019423e-02	7.778462917716263969e-02
1.230728742353903954e+03	2.442152232066780171e-01	1.577600410454055302e-01	2.602033751913333526e-01	1.556419097558718045e-01	7.403247514903643633e-02	3.031258300419532870e-02	7.783439264740016350e-02
1.232180073418000802e+03	2.440190673513771558e-01	1.576338674083659630e-01	2.603435873751302476e-01	1.557207381100955690e-01	7.406532800593615407e-02	3.033333896608617422e-02	7.788407278292941438e-02
1.233631404482097196e+03	2.438232469320675000e-01	1.575079050474878506e-01	2.604835625462547100e-01	1.557994213355300139e-01	7.409812463174197950e-02	3.035406978932720171e-02	7.793366971751142236e-02
1.235082735546193817e+03	2.436277613738747072e-01	1.573821536082858352e-01	2.606233011030886781e-01	1.558779597144061280e-01	7.413086512311269083e-02	3.037477549242960026e-02	7.798318358472310086e-02
1.236534066610290438e+03	2.434326101029150036e-01	1.572566127368693334e-01	2.607628034433441822e-01	1.559563535283614577e-01	7.416354957654242019e-02	3.039545609393108985e-02	7.803261451795724668e-02
1.237985397674387059e+03	2.432377925462933799e-01	1.571312820799419252e-01	2.609020699640645091e-01	1.560346030584416066e-01	7.419617808836084794e-02	3.041611161239575131e-02	7.808196265042270656e-02
1.239436728738483680e+03	2.430433081321018152e-01	1.570061612848001054e-01	2.610411010616253136e-01	1.561127085851016227e-01	7.422875075473352180e-02	3.043674206641383204e-02	7.813122811514446042e-02
1.240888059802580301e+03	2.428491562894176670e-01	1.568812499993324783e-01	2.611798971317357831e-01	1.561906703882073033e-01	7.426126767166213449e-02	3.045734747460158640e-02	7.818041104496373239e-02
1.242339390866676695e+03	2.426553364483019504e-01	1.567565478720185090e-01	2.613184585694395823e-01	1.562684887470366657e-01	7.429372893498478736e-02	3.047792785560107798e-02	7.822951157253810184e-02
1.243790721930773088e+03	2.424618480397975617e-01	1.566320545519277463e-01	2.614567857691161290e-01	1.563461639402812797e-01	7.432613464037629569e-02	3.049848322807999917e-02	7.827852983034164214e-02
1.245242052994869937e+03	2.422686904959276133e-01	1.565077696887188230e-01	2.615948791244817051e-01	1.564236962460476277e-01	7.435848488334842465e-02	3.051901361073150465e-02	7.832746595066497619e-02
1.246693384058966330e+03	2.420758632496937401e-01	1.563836929326383185e-01	2.617327390285905109e-01	1.565010859418585198e-01	7.439077975925019459e-02	3.053951902227402745e-02	7.837632006561540132e-02
1.248144715123063179e+03	2.418833657350742961e-01	1.562598239345198425e-01	2.618703658738358309e-01	1.565783333046543713e-01	7.442301936326814471e-02	3.055999948145110209e-02	7.842509230711704193e-02
1.249596046187159800e+03	2.416911973870228825e-01	1.561361623457831749e-01	2.620077600519511996e-01	1.566554386107946728e-01	7.445520379042662451e-02	3.058045500703119451e-02	7.847378280691089114e-02
1.251047377251256421e+03	2.414993576414663778e-01	1.560127078184330718e-01	2.621449219540113451e-01	1.567324021360592956e-01	7.448733313558801583e-02	3.060088561780751129e-02	7.852239169655499118e-02
1.252498708315352815e+03	2.413078459353034666e-01	1.558894600050583779e-01	2.622818519704334661e-01	1.568092241556498234e-01	7.451940749345307979e-02	3.062129133259783309e-02	7.857091910742451668e-02
1.253950039379449436e+03	2.411166617064028073e-01	1.557664185588311379e-01	2.624185504909782307e-01	1.568859049441909681e-01	7.455142695856119273e-02	3.064167217024434467e-02	7.861936517071188568e-02
1.255401370443546057e+03	2.409258043936014226e-01	1.556435831335054865e-01	2.625550179047509425e-01	1.569624447757318464e-01	7.458339162529060984e-02	3.066202814961345099e-02	7.866773001742688454e-02
1.256852701507642678e+03	2.407352734367030345e-01	1.555209533834166769e-01	2.626912546002024840e-01	1.570388439237473399e-01	7.461530158785872890e-02	3.068235928959561418e-02	7.871601377839677893e-02
1.258304032571739299e+03	2.405450682764762593e-01	1.553985289634802480e-01	2.628272609651307601e-01	1.571151026611395107e-01	7.464715694032238169e-02	3.070266560910516612e-02	7.876421658426639716e-02
1.259755363635835920e+03	2.403551883546530821e-01	1.552763095291908313e-01	2.629630373866813642e-01	1.571912212602387948e-01	7.467895777657813927e-02	3.072294712708014894e-02	7.881233856549832439e-02
1.261206694699932314e+03	2.401656331139270795e-01	1.551542947366213454e-01	2.630985842513491324e-01	1.572671999928054731e-01	7.471070419036252019e-02	3.074320386248214493e-02	7.886037985237297210e-02
1.262658025764028707e+03	2.399764019979517826e-01	1.550324842424219973e-01	2.632339019449788653e-01	1.573430391300310038e-01	7.474239627525226803e-02	3.076343583429608577e-02	7.890834057498867515e-02
1.264109356828125556e+03	2.397874944513390394e-01	1.549108777038191997e-01	2.633689908527666046e-01	1.574187389425391603e-01	7.477403412466467059e-02	3.078364306153010682e-02	7.895622086326184452e-02
1.265560687892221949e+03	2.395989099196572936e-01	1.547894747786148217e-01	2.635038513592607434e-01	1.574942997003876133e-01	7.480561783185775415e-02	3.080382556321537013e-02	7.900402084692709215e-02
1.267012018956318798e+03	2.394106478494299750e-01	1.546682751251849952e-01	2.636384838483628590e-01	1.575697216730689854e-01	7.483714748993061661e-02	3.082398335840587367e-02	7.905174065553734197e-02
1.268463350020415419e+03	2.392227076881337511e-01	1.545472784024793100e-01	2.637728887033292668e-01	1.576450051295124610e-01	7.486862319182369108e-02	3.084411646617831251e-02	7.909938041846392709e-02
1.269914681084511813e+03	2.390350888841970001e-01	1.544264842700197315e-01	2.639070663067716316e-01	1.577201503380848135e-01	7.490004503031894023e-02	3.086422490563189153e-02	7.914694026489672851e-02
1.271366012148608434e+03	2.388477908869980348e-01	1.543058923878997124e-01	2.640410170406582990e-01	1.577951575665919037e-01	7.493141309804021710e-02	3.088430869588816921e-02	7.919442032384434171e-02
1.272817343212705055e+03	2.386608131468636040e-01	1.541855024167832489e-01	2.641747412863155176e-01	1.578700270822799012e-01	7.496272748745347325e-02	3.090436785609088077e-02	7.924182072413411826e-02
1.274268674276801676e+03	2.384741551150669769e-01	1.540653140179038816e-01	2.643082394244280486e-01	1.579447591518366445e-01	7.499398829086702245e-02	3.092440240540578200e-02	7.928914159441236009e-02
1.275720005340898297e+03	2.382878162438266945e-01	1.539453268530637242e-01	2.644415118350407212e-01	1.580193540413928621e-01	7.502519560043183211e-02	3.094441236302046885e-02	7.933638306314441668e-02
1.277171336404994690e+03	2.381017959863044875e-01	1.538255405846325752e-01	2.645745588975593199e-01	1.580938120165235605e-01	7.505634950814177309e-02	3.096439774814423174e-02	7.938354525861476829e-02
1.278622667469091539e+03	2.379160937966039724e-01	1.537059548755469185e-01	2.647073809907515840e-01	1.581681333422492175e-01	7.508745010583392498e-02	3.098435858000786816e-02	7.943062830892726189e-02
1.280073998533187932e+03	2.377307091297688191e-01	1.535865693893088968e-01	2.648399784927484846e-01	1.582423182830371422e-01	7.511849748518875658e-02	3.100429487786354396e-02	7.947763234200508342e-02
1.281525329597284326e+03	2.375456414417812523e-01	1.534673837899855620e-01	2.649723517810451678e-01	1.583163671028027519e-01	7.514949173773043112e-02	3.102420666098460247e-02	7.952455748559104920e-02
1.282976660661381175e+03	2.373608901895603585e-01	1.533483977422077094e-01	2.651045012325018990e-01	1.583902800649107934e-01	7.518043295482709776e-02	3.104409394866542576e-02	7.957140386724760595e-02
1.284427991725477568e+03	2.371764548309604204e-01	1.532296109111691285e-01	2.652364272233452280e-01	1.584640574321767026e-01	7.521132122769112749e-02	3.106395676022125421e-02	7.961817161435703893e-02
1.285879322789574417e+03	2.369923348247693906e-01	1.531110229626254648e-01	2.653681301291692662e-01	1.585376994668678263e-01	7.524215664737933518e-02	3.108379511498803732e-02	7.966486085412155527e-02
1.287330653853671038e+03	2.368085296307071430e-01	1.529926335628933876e-01	2.654996103249365191e-01	1.586112064307047542e-01	7.527293930479332651e-02	3.110360903232226373e-02	7.971147171356342265e-02
1.288781984917767431e+03	2.366250387094239460e-01	1.528744423788497009e-01	2.656308681849790521e-01	1.586845785848625123e-01	7.530366929067967841e-02	3.112339853160081202e-02	7.975800431952512204e-02
1.290233315981864052e+03	2.364418615224988807e-01	1.527564490779302619e-01	2.657619040829994339e-01	1.587578161899718954e-01	7.533434669563024433e-02	3.114316363222077028e-02	7.980445879866943093e-02
