1.301360187473271253e+03	2.358057048874244721e-01	1.509792523827296062e-01	2.613317584621049350e-01	1.616195447938661989e-01	7.616063135231795900e-02	3.192119076382840537e-02	8.218191735764474037e-02
1.306197957686926657e+03	2.352120742724164992e-01	1.505860809029568037e-01	2.617198108316822758e-01	1.618812929278508062e-01	7.626586868690422849e-02	3.198967503534139861e-02	8.234519734276431191e-02
1.311035727900581833e+03	2.346218493576842368e-01	1.501950724575180363e-01	2.621055264505816051e-01	1.621415477559913498e-01	7.637055461765700215e-02	3.205786958101265738e-02	8.250757977947144328e-02
1.315873498114237009e+03	2.340350107541898927e-01	1.498062149320924796e-01	2.624889199778998039e-01	1.624003176199028398e-01	7.647469224122294129e-02	3.212577526356935609e-02	8.266906921103889250e-02
1.320711268327892412e+03	2.334515391823960562e-01	1.494194962818750638e-01	2.628700059743890871e-01	1.626576108162428869e-01	7.657828463314701739e-02	3.219339294858267198e-02	8.282967016328349197e-02
1.325549038541547588e+03	2.328714154716523821e-01	1.490349045311622767e-01	2.632487989031654929e-01	1.629134355969578396e-01	7.668133484807974909e-02	3.226072350435686686e-02	8.298938714454166810e-02
1.330386808755202765e+03	2.322946205595858571e-01	1.486524277729408816e-01	2.636253131304135411e-01	1.631678001695268942e-01	7.678384591998153874e-02	3.232776780182045062e-02	8.314822464564715354e-02
1.335224578968857941e+03	2.317211354914945343e-01	1.482720541684790783e-01	2.639995629260848964e-01	1.634207126972037072e-01	7.688582086232398360e-02	3.239452671441923892e-02	8.330618713991085056e-02
1.340062349182513572e+03	2.311509414197446821e-01	1.478937719469202439e-01	2.643715624645925910e-01	1.636721812992561198e-01	7.698726266828836984e-02	3.246100111801142329e-02	8.346327908310280375e-02
1.344900119396168748e+03	2.305840196031712086e-01	1.475175694048791453e-01	2.647413258255004176e-01	1.639222140512035797e-01	7.708817431096129380e-02	3.252719189076441753e-02	8.361950491343612957e-02
1.349737889609823924e+03	2.300203514064814991e-01	1.471434349060408431e-01	2.651088669942069376e-01	1.641708189850525912e-01	7.718855874352746615e-02	3.259309991305368165e-02	8.377486905155312469e-02
1.354575659823479100e+03	2.294599182996626685e-01	1.467713568807619828e-01	2.654741998626250488e-01	1.644180040895301953e-01	7.728841889945989307e-02	3.265872606736332229e-02	8.392937590051305352e-02
1.359413430037134731e+03	2.289027018573919492e-01	1.464013238256746674e-01	2.658373382298562793e-01	1.646637773103154512e-01	7.738775769270729576e-02	3.272407123818847630e-02	8.408302984578205908e-02
1.364251200250789907e+03	2.283486837584506046e-01	1.460333243032926331e-01	2.661982958028606405e-01	1.649081465502691413e-01	7.748657801787892097e-02	3.278913631193953321e-02	8.423583525522472526e-02
1.369088970464445310e+03	2.277978457851409511e-01	1.456673469416202016e-01	2.665570861971212624e-01	1.651511196696614225e-01	7.758488275042674243e-02	3.285392217684803690e-02	8.438779647909760984e-02
1.373926740678100487e+03	2.272501698227067102e-01	1.453033804337633406e-01	2.669137229373044762e-01	1.653927044863977847e-01	7.768267474682517826e-02	3.291842972287433583e-02	8.453891785004435944e-02
1.378764510891755890e+03	2.267056378587566645e-01	1.449414135375433899e-01	2.672682194579150128e-01	1.656329087762433150e-01	7.777995684474825477e-02	3.298265984161688480e-02	8.468920368309267033e-02
1.383602281105411066e+03	2.261642319826912551e-01	1.445814350751132016e-01	2.676205891039462603e-01	1.658717402730450485e-01	7.787673186324435559e-02	3.304661342622323972e-02	8.483865827565277573e-02
1.388440051319066470e+03	2.256259343851328425e-01	1.442234339325754455e-01	2.679708451315260809e-01	1.661092066689528191e-01	7.797300260290854212e-02	3.311029137130266226e-02	8.498728590751773726e-02
1.393277821532721646e+03	2.250907273573587164e-01	1.438673990596036067e-01	2.683190007085575202e-01	1.663453156146382783e-01	7.806877184605257036e-02	3.317369457284032042e-02	8.513509084086506862e-02
1.398115591746377049e+03	2.245585932907375459e-01	1.435133194690650926e-01	2.686650689153551874e-01	1.665800747195124443e-01	7.816404235687252067e-02	3.323682392811307812e-02	8.528207732026016341e-02
1.402953361960032225e+03	2.240295146761688561e-01	1.431611842366469212e-01	2.690090627452766392e-01	1.668134915519416395e-01	7.825881688161409611e-02	3.329968033560683216e-02	8.542824957266101360e-02
1.407791132173687402e+03	2.235034741035256123e-01	1.428109825004835187e-01	2.693509951053493778e-01	1.670455736394617363e-01	7.835309814873589462e-02	3.336226469493534103e-02	8.557361180742449613e-02
1.412628902387342805e+03	2.229804542610999418e-01	1.424627034607870713e-01	2.696908788168928539e-01	1.672763284689912089e-01	7.844688886907019709e-02	3.342457790676060109e-02	8.571816821631407513e-02
1.417466672600997981e+03	2.224604379350520467e-01	1.421163363794799295e-01	2.700287266161363053e-01	1.675057634870423251e-01	7.854019173598184023e-02	3.348662087271464527e-02	8.586192297350886404e-02
1.422304442814653157e+03	2.219434080088620309e-01	1.417718705798296230e-01	2.703645511548313785e-01	1.677338860999311454e-01	7.863300942552481354e-02	3.354839449532284745e-02	8.600488023561410345e-02
1.427142213028308333e+03	2.214293474627848368e-01	1.414292954460859009e-01	2.706983650008609743e-01	1.679607036739860504e-01	7.872534459659680239e-02	3.360989967792857996e-02	8.614704414167283220e-02
1.431979983241963964e+03	2.209182393733082339e-01	1.410886004231199364e-01	2.710301806388429324e-01	1.681862235357547697e-01	7.881719989109173263e-02	3.367113732461933517e-02	8.628841881317901585e-02
1.436817753455619140e+03	2.204100669126139445e-01	1.407497750160661976e-01	2.713600104707293292e-01	1.684104529722102173e-01	7.890857793405023357e-02	3.373210834015417242e-02	8.642900835409179916e-02
1.441655523669274316e+03	2.199048133480414058e-01	1.404128087899662591e-01	2.716878668164016686e-01	1.686333992309547725e-01	7.899948133380815807e-02	3.379281362989257353e-02	8.656881685085104916e-02
1.446493293882929493e+03	2.194024620415549187e-01	1.400776913694146697e-01	2.720137619142610763e-01	1.688550695204234786e-01	7.908991268214313197e-02	3.385325409972457511e-02	8.670784837239405018e-02
1.451331064096585123e+03	2.189029964492135716e-01	1.397444124382074548e-01	2.723377079218141650e-01	1.690754710100857705e-01	7.917987455441923006e-02	3.391343065600223999e-02	8.684610697017340619e-02
1.456168834310240300e+03	2.184064001206441341e-01	1.394129617389925357e-01	2.726597169162549572e-01	1.692946108306460362e-01	7.926936950972969520e-02	3.397334420547242634e-02	8.698359667817601171e-02
1.461006604523895703e+03	2.179126566985168656e-01	1.390833290729222849e-01	2.729798008950418131e-01	1.695124960742428744e-01	7.935840009103793669e-02	3.403299565521079179e-02	8.712032151294320237e-02
1.465844374737550879e+03	2.174217499180243207e-01	1.387555042993083576e-01	2.732979717764704719e-01	1.697291337946471579e-01	7.944696882531654403e-02	3.409238591255706746e-02	8.725628547359189080e-02
1.470682144951206283e+03	2.169336636063629309e-01	1.384294773352786889e-01	2.736142414002422085e-01	1.699445310074588489e-01	7.953507822368469093e-02	3.415151588505154628e-02	8.739149254183684046e-02
1.475519915164861459e+03	2.164483816822175277e-01	1.381052381554365160e-01	2.739286215280284376e-01	1.701586946903028696e-01	7.962273078154365191e-02	3.421038648037278557e-02	8.752594668201392480e-02
1.480357685378516862e+03	2.159658881552488086e-01	1.377827767915215662e-01	2.742411238440303767e-01	1.703716317830233640e-01	7.970992897871066740e-02	3.426899860627646843e-02	8.765965184110431629e-02
1.485195455592172038e+03	2.154861671255834943e-01	1.374620833320734092e-01	2.745517599555349908e-01	1.705833491878772923e-01	7.979667527955104644e-02	3.432735317053547952e-02	8.779261194875979946e-02
1.490033225805827215e+03	2.150092027833073460e-01	1.371431479220967808e-01	2.748605413934661623e-01	1.707938537697265835e-01	7.988297213310871503e-02	3.438545108088107705e-02	8.792483091732886114e-02
1.494870996019482618e+03	2.145349794079612626e-01	1.368259607627290708e-01	2.751674796129320311e-01	1.710031523562292044e-01	7.996882197323496033e-02	3.444329324494523059e-02	8.805631264188375218e-02
1.499708766233137567e+03	2.140634813680397652e-01	1.365105121109098374e-01	2.754725859937681709e-01	1.712112517380294519e-01	8.005422721871571778e-02	3.450088057020401361e-02	8.818706100024857608e-02
1.504546536446793198e+03	2.135946931204925625e-01	1.361967922790524033e-01	2.757758718410764365e-01	1.714181586689467740e-01	8.013919027339722057e-02	3.455821396392215472e-02	8.831707985302802988e-02
1.509384306660448374e+03	2.131285992102287252e-01	1.358847916347173390e-01	2.760773483857599242e-01	1.716238798661637588e-01	8.022371352631003927e-02	3.461529433309862291e-02	8.844637304363713037e-02
1.514222076874103550e+03	2.126651842696237749e-01	1.355745006002883335e-01	2.763770267850537699e-01	1.718284220104130400e-01	8.030779935179166440e-02	3.467212258441326050e-02	8.857494439833175914e-02
1.519059847087758726e+03	2.122044330180292981e-01	1.352659096526495908e-01	2.766749181230516164e-01	1.720317917461631485e-01	8.039145010960747906e-02	3.472869962417447776e-02	8.870279772624001247e-02
1.523897617301414357e+03	2.117463302612854481e-01	1.349590093228656140e-01	2.769710334112285288e-01	1.722339956818033924e-01	8.047466814507042709e-02	3.478502635826793976e-02	8.882993681939425901e-02
1.528735387515069533e+03	2.112908608912361375e-01	1.346537901958627381e-01	2.772653835889596352e-01	1.724350403898277373e-01	8.055745578915901595e-02	3.484110369210627334e-02	8.895636545276408569e-02
1.533573157728724709e+03	2.108380098852468687e-01	1.343502429101126883e-01	2.775579795240347147e-01	1.726349324070176328e-01	8.063981535863404271e-02	3.489693253057978006e-02	8.908208738428988194e-02
1.538410927942380113e+03	2.103877623057251456e-01	1.340483581573182204e-01	2.778488320131690670e-01	1.728336782346240330e-01	8.072174915615380753e-02	3.495251377800807913e-02	8.920710635491721496e-02
1.543248698156035516e+03	2.099401032996438266e-01	1.337481266821005377e-01	2.781379517825102732e-01	1.730312843385482524e-01	8.080325947038802248e-02	3.500784833809271468e-02	8.933142608863185730e-02
1.548086468369690692e+03	2.094950180980668930e-01	1.334495392816886228e-01	2.784253494881413493e-01	1.732277571495219604e-01	8.088434857613030493e-02	3.506293711387074852e-02	8.945505029249553597e-02
1.552924238583346096e+03	2.090524920156777988e-01	1.331525868056107065e-01	2.787110357165795693e-01	1.734231030632864268e-01	8.096501873440932473e-02	3.511778100766920624e-02	8.957798265668234783e-02
1.557762008797001272e+03	2.086125104503107064e-01	1.328572601553874299e-01	2.789950209852719021e-01	1.736173284407704631e-01	8.104527219259866078e-02	3.517238092106046710e-02	8.970022685451581324e-02
1.562599779010656675e+03	2.081750588824840265e-01	1.325635502842269220e-01	2.792773157430862851e-01	1.738104396082677805e-01	8.112511118452531145e-02	3.522673775481857672e-02	8.982178654250652650e-02
1.567437549224311852e+03	2.077401228749367612e-01	1.322714481967219025e-01	2.795579303707995678e-01	1.740024428576133209e-01	8.120453793057699765e-02	3.528085240887635088e-02	8.994266536039052795e-02
1.572275319437967255e+03	2.073076880721673454e-01	1.319809449485484509e-01	2.798368751815812350e-01	1.741933444463587000e-01	8.128355463780816137e-02	3.533472578228343680e-02	9.006286693116813402e-02
1.577113089651622431e+03	2.068777401999750132e-01	1.316920316461668017e-01	2.801141604214736347e-01	1.743831505979467067e-01	8.136216350004471520e-02	3.538835877316517942e-02	9.018239486114344727e-02
1.581950859865277607e+03	2.064502650650036630e-01	1.314046994465238594e-01	2.803897962698685409e-01	1.745718675018850807e-01	8.144036669798759842e-02	3.544175227868234107e-02	9.030125273996437996e-02
1.586788630078933011e+03	2.060252485542885259e-01	1.311189395567576299e-01	2.806637928399799420e-01	1.747595013139194020e-01	8.151816639931513953e-02	3.549490719499161229e-02	9.041944414066324653e-02
1.591626400292587959e+03	2.056026766348048596e-01	1.308347432339034833e-01	2.809361601793132213e-01	1.749460581562048422e-01	8.159556475878421145e-02	3.554782441720695518e-02	9.053697261969791132e-02
1.596464170506243590e+03	2.051825353530196960e-01	1.305521017846019982e-01	2.812069082701308398e-01	1.751315441174775556e-01	8.167256391833024876e-02	3.560050483936174487e-02	9.065384171699340798e-02
1.601301940719898766e+03	2.047648108344457263e-01	1.302710065648089721e-01	2.814760470299140227e-01	1.753159652532248203e-01	8.174916600716612691e-02	3.565294935437169493e-02	9.077005495598408635e-02
1.606139710933553943e+03	2.043494892831976273e-01	1.299914489795068739e-01	2.817435863118217254e-01	1.754993275858545421e-01	8.182537314187990352e-02	3.570515885399852540e-02	9.088561584365620338e-02
1.610977481147209119e+03	2.039365569815510815e-01	1.297134204824184067e-01	2.820095359051450479e-01	1.756816371048638692e-01	8.190118742653144934e-02	3.575713422881442172e-02	9.100052787059113857e-02
1.615815251360864750e+03	2.035260002895040998e-01	1.294369125757214023e-01	2.822739055357587068e-01	1.758628997670071414e-01	8.197661095274799692e-02	3.580887636816720149e-02	9.111479451100885918e-02
1.620653021574519926e+03	2.031178056443408153e-01	1.291619168097658532e-01	2.825367048665690661e-01	1.760431214964627844e-01	8.205164579981862050e-02	3.586038616014626534e-02	9.122841922281198224e-02
1.625490791788175102e+03	2.027119595601976909e-01	1.288884247827924712e-01	2.827979434979586149e-01	1.762223081849995376e-01	8.212629403478764745e-02	3.591166449154922086e-02	9.134140544763018343e-02
1.630328562001830505e+03	2.023084486276320870e-01	1.286164281406530219e-01	2.830576309682268921e-01	1.764004656921419889e-01	8.220055771254704269e-02	3.596271224784922810e-02	9.145375661086510566e-02
1.635166332215485909e+03	2.019072595131932435e-01	1.283459185765324362e-01	2.833157767540280259e-01	1.765775998453351647e-01	8.227443887592779392e-02	3.601353031316305298e-02	9.156547612173562833e-02
1.640004102429141085e+03	2.015083789589957597e-01	1.280768878306724479e-01	2.835723902708052746e-01	1.767537164401083161e-01	8.234793955579020053e-02	3.606411957021979364e-02	9.167656737332351147e-02
1.644841872642796488e+03	2.011117937822952118e-01	1.278093276900971464e-01	2.838274808732216825e-01	1.769288212402381766e-01	8.242106177111328813e-02	3.611448090033027997e-02	9.178703374261945602e-02
1.649679642856451665e+03	2.007174908750663511e-01	1.275432299883401399e-01	2.840810578555876265e-01	1.771029199779111662e-01	8.249380752908318237e-02	3.616461518335715997e-02	9.189687859056955288e-02
1.654517413070107068e+03	2.003254572035834680e-01	1.272785866051731052e-01	2.843331304522854763e-01	1.772760183538850121e-01	8.256617882518048346e-02	3.621452329768558298e-02	9.200610526212206486e-02
1.659355183283762244e+03	1.999356798080031972e-01	1.270153894663365868e-01	2.845837078381900365e-01	1.774481220376494806e-01	8.263817764326676640e-02	3.626420612019460449e-02	9.211471708627455568e-02
1.664192953497417420e+03	1.995481458019495724e-01	1.267536305432718224e-01	2.848327991290866001e-01	1.776192366675865553e-01	8.270980595567016536e-02	3.631366452622913910e-02	9.222271737612132425e-02
1.669030723711072824e+03	1.991628423721014673e-01	1.264933018528546504e-01	2.850804133820856179e-01	1.777893678511296427e-01	8.278106572326994483e-02	3.636289938957260048e-02	9.233010942890125528e-02
1.673868493924728000e+03	1.987797567777821461e-01	1.262343954571307214e-01	2.853265595960339240e-01	1.779585211649221677e-01	8.285195889558016891e-02	3.641191158242011033e-02	9.243689652604587803e-02
1.678706264138383403e+03	1.983988763505513120e-01	1.259769034630525975e-01	2.855712467119229103e-01	1.781267021549755303e-01	8.292248741083262098e-02	3.646070197535230401e-02	9.254308193322782761e-02
1.683544034352038352e+03	1.980201884937992374e-01	1.257208180222182670e-01	2.858144836132934796e-01	1.782939163368259805e-01	8.299265319605871050e-02	3.650927143730978847e-02	9.264866890040952818e-02
1.688381804565693983e+03	1.976436806823433368e-01	1.254661313306114356e-01	2.860562791266382243e-01	1.784601691956912428e-01	8.306245816717053310e-02	3.655762083556807207e-02	9.275366066189220937e-02
1.693219574779349159e+03	1.972693404620266822e-01	1.252128356283430943e-01	2.862966420217998853e-01	1.786254661866260030e-01	8.313190422904111199e-02	3.660575103571318822e-02	9.285806043636511686e-02
1.698057344993004335e+03	1.968971554493190723e-01	1.249609231993950020e-01	2.865355810123673685e-01	1.787898127346769228e-01	8.320099327558382052e-02	3.665366290161778395e-02	9.296187142695512551e-02
1.702895115206659511e+03	1.965271133309201002e-01	1.247103863713645566e-01	2.867731047560682645e-01	1.789532142350369059e-01	8.326972718983088884e-02	3.670135729541779135e-02	9.306509682127647731e-02
1.707732885420315142e+03	1.961592018633646073e-01	1.244612175152112060e-01	2.870092218551588137e-01	1.791156760531985859e-01	8.333810784401121663e-02	3.674883507748968881e-02	9.316773979148082474e-02
1.712570655633970318e+03	1.957934088726300814e-01	1.242134090450044692e-01	2.872439408568103203e-01	1.792772035251071205e-01	8.340613709962725608e-02	3.679609710642820636e-02	9.326980349430748218e-02
1.717408425847625494e+03	1.954297222537463297e-01	1.239669534176734700e-01	2.874772702534929558e-01	1.794378019573123761e-01	8.347381680753117317e-02	3.684314423902464164e-02	9.337129107113395499e-02
1.722246196061280898e+03	1.950681299704075111e-01	1.237218431327579415e-01	2.877092184833565103e-01	1.795974766271202783e-01	8.354114880800030118e-02	3.688997733024563380e-02	9.347220564802669052e-02
1.727083966274936301e+03	1.947086200545860568e-01	1.234780707321608689e-01	2.879397939306082010e-01	1.797562327827436357e-01	8.360813493081165060e-02	3.693659723321249255e-02	9.357255033579188475e-02
1.731921736488591478e+03	1.943511806061488378e-01	1.232356287999024497e-01	2.881690049258878172e-01	1.799140756434521593e-01	8.367477699531579438e-02	3.698300479918096434e-02	9.367232823002674680e-02
1.736759506702246881e+03	1.939957997924754984e-01	1.229945099618757337e-01	2.883968597466394224e-01	1.800710103997217870e-01	8.374107681051000396e-02	3.702920087752156753e-02	9.377154241117073574e-02
1.741597276915902057e+03	1.936424658480788707e-01	1.227547068856036233e-01	2.886233666174807255e-01	1.802270422133834260e-01	8.380703617511056636e-02	3.707518631570035084e-02	9.387019594455713045e-02
1.746435047129557461e+03	1.932911670742274990e-01	1.225162122799974135e-01	2.888485337105696216e-01	1.803821762177708898e-01	8.387265687762446298e-02	3.712096195926015835e-02	9.396829188046466885e-02
1.751272817343212637e+03	1.929418918385701898e-01	1.222790188951167478e-01	2.890723691459674560e-01	1.805364175178682806e-01	8.393794069642028510e-02	3.716652865180234550e-02	9.406583325416942309e-02
1.756110587556867813e+03	1.925946285747628106e-01	1.220431195219311010e-01	2.892948809919999031e-01	1.806897711904566217e-01	8.400288939979846936e-02	3.721188723496895306e-02	9.416282308599684125e-02
1.760948357770523216e+03	1.922493657820970314e-01	1.218085069920825658e-01	2.895160772656151238e-01	1.808422422842599075e-01	8.406750474606079770e-02	3.725703854842535995e-02	9.425926438137390007e-02
1.765786127984178393e+03	1.919060920251311753e-01	1.215751741776502498e-01	2.897359659327387038e-01	1.809938358200904041e-01	8.413178848357930062e-02	3.730198342984335225e-02	9.435516013088141030e-02
1.770623898197833569e+03	1.915647959333230399e-01	1.213431139909160322e-01	2.899545549086266494e-01	1.811445567909932830e-01	8.419574235086438319e-02	3.734672271488464340e-02	9.445051331030655806e-02
1.775461668411488745e+03	1.912254662006649120e-01	1.211123193841316253e-01	2.901718520582148297e-01	1.812944101623906734e-01	8.425936807663231276e-02	3.739125723718480371e-02	9.454532688069544610e-02
1.780299438625144376e+03	1.908880915853204963e-01	1.208827833492872594e-01	2.903878651964662549e-01	1.814434008722249914e-01	8.432266737987216543e-02	3.743558782833766169e-02	9.463960378840578780e-02
1.785137208838799552e+03	1.905526609092638157e-01	1.206544989178815336e-01	2.906026020887157446e-01	1.815915338311016591e-01	8.438564196991192590e-02	3.747971531788005239e-02	9.473334696515983699e-02
1.789974979052454728e+03	1.902191630579203319e-01	1.204274591606928901e-01	2.908160704510116545e-01	1.817388139224311860e-01	8.444829354648408781e-02	3.752364053327705146e-02	9.482655932809734567e-02
1.794812749266109904e+03	1.898875869798097582e-01	1.202016571875522688e-01	2.910282779504553274e-01	1.818852460025705275e-01	8.451062379979061567e-02	3.756736429990752829e-02	9.491924377982853545e-02
1.799650519479765535e+03	1.895579216861910388e-01	1.199770861471172595e-01	2.912392322055375460e-01	1.820308349009639171e-01	8.457263441056725450e-02	3.761088744105017118e-02	9.501140320848734666e-02
1.804488289693420711e+03	1.892301562507094359e-01	1.197537392266475598e-01	2.914489407864727655e-01	1.821755854202829483e-01	8.463432705014718727e-02	3.765421077786986620e-02	9.510304048778472907e-02
1.809326059907075887e+03	1.889042798090452002e-01	1.195316096517818200e-01	2.916574112155309040e-01	1.823195023365660195e-01	8.469570338052420655e-02	3.769733512940444398e-02	9.519415847706191869e-02
1.814163830120731291e+03	1.885802815585645442e-01	1.193106906863157929e-01	2.918646509673659128e-01	1.824625903993572773e-01	8.475676505441517850e-02	3.774026131255180799e-02	9.528476002134393663e-02
1.819001600334386467e+03	1.882581507579723923e-01	1.190909756319818852e-01	2.920706674693428484e-01	1.826048543318448125e-01	8.481751371532199324e-02	3.778299014205747930e-02	9.537484795139308802e-02
1.823839370548041643e+03	1.879378767269671013e-01	1.188724578282299438e-01	2.922754681018614464e-01	1.827462988309981606e-01	8.487795099759284922e-02	3.782552243050244650e-02	9.546442508376253022e-02
1.828677140761696819e+03	1.876194488458969856e-01	1.186551306520094856e-01	2.924790601986781424e-01	1.828869285677054424e-01	8.493807852648306567e-02	3.786785898829141128e-02	9.555349422084996602e-02
1.833514910975352450e+03	1.873028565554190616e-01	1.184389875175531071e-01	2.926814510472249831e-01	1.830267481869094770e-01	8.499789791821528440e-02	3.791000062364131840e-02	9.564205815095128127e-02
1.838352681189008081e+03	1.869880893561592095e-01	1.182240218761612671e-01	2.928826478889263174e-01	1.831657623077437014e-01	8.505741078003914435e-02	3.795194814257036448e-02	9.573011964831443232e-02
1.843190451402663257e+03	1.866751368083747475e-01	1.180102272159884308e-01	2.930826579195134896e-01	1.833039755236670620e-01	8.511661871029033155e-02	3.799370234888719416e-02	9.581768147319316697e-02
1.848028221616318433e+03	1.863639885316185352e-01	1.177975970618303364e-01	2.932814882893362562e-01	1.834413924025986853e-01	8.517552329844917114e-02	3.803526404418054035e-02	9.590474637190089802e-02
1.852865991829973609e+03	1.860546342044049895e-01	1.175861249749126786e-01	2.934791461036726501e-01	1.835780174870516313e-01	8.523412612519862264e-02	3.807663402780914197e-02	9.599131707686464621e-02
1.857703762043628785e+03	1.857470635638781009e-01	1.173758045526809846e-01	2.936756384230362338e-01	1.837138552942661762e-01	8.529242876248185889e-02	3.811781309689198094e-02	9.607739630667895547e-02
1.862541532257283961e+03	1.854412664054811144e-01	1.171666294285918231e-01	2.938709722634810784e-01	1.838489103163424010e-01	8.535043277355912339e-02	3.815880204629886613e-02	9.616298676615990526e-02
1.867379302470939592e+03	1.851372325826282361e-01	1.169585932719051369e-01	2.940651545969040215e-01	1.839831870203722797e-01	8.540813971306432384e-02	3.819960166864132950e-02	9.624809114639902574e-02
1.872217072684594768e+03	1.848349520063779505e-01	1.167516897874780468e-01	2.942581923513453157e-01	1.841166898485710191e-01	8.546555112706087642e-02	3.824021275426377903e-02	9.633271212481735180e-02
1.877054842898249490e+03	1.845344146451084189e-01	1.165459127155596408e-01	2.944500924112866680e-01	1.842494232184079539e-01	8.552266855309723081e-02	3.828063609123501243e-02	9.641685236521947699e-02
1.881892613111905121e+03	1.842356105241944042e-01	1.163412558315871509e-01	2.946408616179466700e-01	1.843813915227367206e-01	8.557949352026185397e-02	3.832087246534000846e-02	9.650051451784755208e-02
1.886730383325560297e+03	1.839385297256862228e-01	1.161377129459832958e-01	2.948305067695750070e-01	1.845125991299248758e-01	8.563602754923765881e-02	3.836092266007198187e-02	9.658370121943538056e-02
1.891568153539215928e+03	1.836431623879903052e-01	1.159352779039548725e-01	2.950190346217430593e-01	1.846430503839829318e-01	8.569227215235601658e-02	3.840078745662475757e-02	9.666641509326244497e-02
1.896405923752871104e+03	1.833494987055517278e-01	1.157339445852925003e-01	2.952064518876336696e-01	1.847727496046927542e-01	8.574822883365029735e-02	3.844046763388543619e-02	9.674865874920793307e-02
1.901243693966526507e+03	1.830575289285382434e-01	1.155337069041716402e-01	2.953927652383279701e-01	1.849017010877353762e-01	8.580389908890888317e-02	3.847996396842728872e-02	9.683043478380484737e-02
1.906081464180181683e+03	1.827672433625264492e-01	1.153345588089546986e-01	2.955779813030900427e-01	1.850299091048182576e-01	8.585928440572784814e-02	3.851927723450296326e-02	9.691174578029400355e-02
1.910919234393836859e+03	1.824786323681892586e-01	1.151364942819944476e-01	2.957621066696496381e-01	1.851573779038019063e-01	8.591438626356298625e-02	3.855840820403794861e-02	9.699259430867805676e-02
1.915757004607492036e+03	1.821916863609854276e-01	1.149395073394384736e-01	2.959451478844829508e-01	1.852841117088260270e-01	8.596920613378157550e-02	3.859735764662429458e-02	9.707298292577552778e-02
1.920594774821147894e+03	1.819063958108507462e-01	1.147435920310349577e-01	2.961271114530907855e-01	1.854101147204348654e-01	8.602374547971357310e-02	3.863612632951459597e-02	9.715291417527473217e-02
1.925432545034802843e+03	1.816227512418908396e-01	1.145487424399394411e-01	2.963080038402753358e-01	1.855353911157021085e-01	8.607800575670243592e-02	3.867471501761624714e-02	9.723239058778779254e-02
1.930270315248458019e+03	1.813407432320759127e-01	1.143549526825228951e-01	2.964878314704140205e-01	1.856599450483553682e-01	8.613198841215545520e-02	3.871312447348591174e-02	9.731141468090459545e-02
1.935108085462113195e+03	1.810603624129369094e-01	1.141622169081808469e-01	2.966666007277320438e-01	1.857837806488997212e-01	8.618569488559375824e-02	3.875135545732426301e-02	9.738998895924663723e-02
1.939945855675768371e+03	1.807815994692635320e-01	1.139705292991436969e-01	2.968443179565725121e-01	1.859069020247408610e-01	8.623912660870176883e-02	3.878940872697093228e-02	9.746811591452089751e-02
1.944783625889424002e+03	1.805044451388039262e-01	1.137798840702881065e-01	2.970209894616646085e-01	1.860293132603078325e-01	8.629228500537629298e-02	3.882728503789976970e-02	9.754579802557371282e-02
1.949621396103079178e+03	1.802288902119659475e-01	1.135902754689495642e-01	2.971966215083898244e-01	1.861510184171749349e-01	8.634517149177524387e-02	3.886498514321424375e-02	9.762303775844451137e-02
1.954459166316734354e+03	1.799549255315203156e-01	1.134016977747360766e-01	2.973712203230461371e-01	1.862720215341830965e-01	8.639778747636586709e-02	3.890250979364314604e-02	9.769983756641957562e-02
1.959296936530389530e+03	1.796825419923051836e-01	1.132141452993429137e-01	2.975447920931103551e-01	1.863923266275608892e-01	8.645013435997266071e-02	3.893985973753645580e-02	9.777619989008574930e-02
1.964134706744044706e+03	1.794117305409324847e-01	1.130276123863685062e-01	2.977173429674981886e-01	1.865119376910447380e-01	8.650221353582482342e-02	3.897703572086149565e-02	9.785212715738403344e-02
1.968972476957700337e+03	1.791424821754957208e-01	1.128420934111313834e-01	2.978888790568227640e-01	1.866308586959986027e-01	8.655402638960332795e-02	3.901403848719923323e-02	9.792762178366323789e-02
1.973810247171355968e+03	1.788747879452798339e-01	1.126575827804883329e-01	2.980594064336509752e-01	1.867490935915332717e-01	8.660557429948757824e-02	3.905086877774083948e-02	9.800268617173343855e-02
1.978648017385010689e+03	1.786086389504720762e-01	1.124740749326534478e-01	2.982289311327580572e-01	1.868666463046248782e-01	8.665685863620183060e-02	3.908752733128446205e-02	9.807732271191949014e-02
1.983485787598666320e+03	1.783440263418751004e-01	1.122915643370183680e-01	2.983974591513802177e-01	1.869835207402329724e-01	8.670788076306097658e-02	3.912401488423219303e-02	9.815153378211441404e-02
1.988323557812321269e+03	1.780809413206211334e-01	1.121100454939736313e-01	2.985649964494652697e-01	1.870997207814180385e-01	8.675864203601618696e-02	3.916033217058720317e-02	9.822532174783275838e-02
1.993161328025976900e+03	1.778193751378881193e-01	1.119295129347309820e-01	2.987315489499218213e-01	1.872152502894583737e-01	8.680914380370004235e-02	3.919647992195113284e-02	9.829868896226381936e-02
1.997999098239632076e+03	1.775593190946171684e-01	1.117499612211467763e-01	2.988971225388658004e-01	1.873301131039665224e-01	8.685938740747142783e-02	3.923245886752164263e-02	9.837163776632491807e-02
2.002836868453287707e+03	1.773007645412319200e-01	1.115713849455464979e-01	2.990617230658663139e-01	1.874443130430050453e-01	8.690937418145987248e-02	3.926826973409017901e-02	9.844417048871442755e-02
2.007674638666942428e+03	1.770437028773589883e-01	1.113937787305501748e-01	2.992253563441885644e-01	1.875578539032019265e-01	8.695910545260973623e-02	3.930391324603990655e-02	9.851628944596489690e-02
2.012512408880597604e+03	1.767881255515504901e-01	1.112171372288989629e-01	2.993880281510358787e-01	1.876707394598651490e-01	8.700858254072392495e-02	3.933939012534382051e-02	9.858799694249596735e-02
2.017350179094252780e+03	1.765340240610077938e-01	1.110414551232827146e-01	2.995497442277891276e-01	1.877829734670970196e-01	8.705780675850725847e-02	3.937470109156308157e-02	9.865929527066728821e-02
2.022187949307908411e+03	1.762813899513067661e-01	1.108667271261685738e-01	2.997105102802448684e-01	1.878945596579076338e-01	8.710677941160956117e-02	3.940984686184548225e-02	9.873018671083128028e-02
2.027025719521564042e+03	1.760302148161248803e-01	1.106929479796305432e-01	2.998703319788521005e-01	1.880055017443281740e-01	8.715550179866833613e-02	3.944482815092412165e-02	9.880067353138594077e-02
2.031863489735218764e+03	1.757804902969694605e-01	1.105201124551801195e-01	3.000292149589464108e-01	1.881158034175234028e-01	8.720397521135117569e-02	3.947964567111622580e-02	9.887075798882734301e-02
2.036701259948874394e+03	1.755322080829078146e-01	1.103482153535979282e-01	3.001871648209826771e-01	1.882254683479035740e-01	8.725220093439771396e-02	3.951430013232216237e-02	9.894044232780223325e-02
2.041539030162529116e+03	1.752853599102985049e-01	1.101772515047663020e-01	3.003441871307666600e-01	1.883345001852360645e-01	8.730018024566142676e-02	3.954879224202461491e-02	9.900972878116048870e-02
2.046376800376184747e+03	1.750399375625243947e-01	1.100072157675029277e-01	3.005002874196842089e-01	1.884429025587562312e-01	8.734791441615095964e-02	3.958312270528788895e-02	9.907861957000746456e-02
2.051214570589840150e+03	1.747959328697270831e-01	1.098381030293953675e-01	3.006554711849289130e-01	1.885506790772779051e-01	8.739540471007124778e-02	3.961729222475744022e-02	9.914711690375614672e-02
2.056052340803495554e+03	1.745533377085427551e-01	1.096699082066367043e-01	3.008097438897282538e-01	1.886578333293031928e-01	8.744265238486415015e-02	3.965130150065948600e-02	9.921522298017945718e-02
2.060890111017150957e+03	1.743121440018397528e-01	1.095026262438620751e-01	3.009631109635683144e-01	1.887643688831318334e-01	8.748965869124897266e-02	3.968515123080085943e-02	9.928293998546211530e-02
2.065727881230805451e+03	1.740723437184572564e-01	1.093362521139860932e-01	3.011155778024162122e-01	1.888702892869701666e-01	8.753642487326251942e-02	3.971884211056891240e-02	9.935027009425274891e-02
2.070565651444461309e+03	1.738339288729457144e-01	1.091707808180414352e-01	3.012671497689412003e-01	1.889755980690392412e-01	8.758295216829894980e-02	3.975237483293165425e-02	9.941721546971563073e-02
2.075403421658116713e+03	1.735968915253085776e-01	1.090062073850181640e-01	3.014178321927346582e-01	1.890802987376827282e-01	8.762924180714924682e-02	3.978575008843799471e-02	9.948377826358241471e-02
2.080241191871772116e+03	1.733612237807455325e-01	1.088425268717041483e-01	3.015676303705275840e-01	1.891843947814741411e-01	8.767529501404042191e-02	3.981896856521813938e-02	9.954996061620380310e-02
2.085078962085427065e+03	1.731269177893971223e-01	1.086797343625263562e-01	3.017165495664070884e-01	1.892878896693235280e-01	8.772111300667441436e-02	3.985203094898411014e-02	9.961576465660101909e-02
2.089916732299082469e+03	1.728939657460909218e-01	1.085178249693931063e-01	3.018645950120313892e-01	1.893907868505838310e-01	8.776669699626672705e-02	3.988493792303043906e-02	9.968119250251716856e-02
2.094754502512737417e+03	1.726623598900889067e-01	1.083567938315372486e-01	3.020117719068427520e-01	1.894930897551563853e-01	8.781204818758467368e-02	3.991769016823497329e-02	9.974624626046858789e-02
2.099592272726392821e+03	1.724320925048364872e-01	1.081966361153603173e-01	3.021580854182792097e-01	1.895948017935962793e-01	8.785716777898550101e-02	3.995028836305981879e-02	9.981092802579598355e-02
2.104430042940048224e+03	1.722031559177127080e-01	1.080373470142774323e-01	3.023035406819846171e-01	1.896959263572169374e-01	8.790205696245408096e-02	3.998273318355238803e-02	9.987523988271543307e-02
2.109267813153704083e+03	1.719755424997820581e-01	1.078789217485633251e-01	3.024481428020175389e-01	1.897964668181943426e-01	8.794671692364032511e-02	4.001502530334663521e-02	9.993918390436938581e-02
2.114105583367359031e+03	1.717492446655474736e-01	1.077213555651991700e-01	3.025918968510580842e-01	1.898964265296706477e-01	8.799114884189647434e-02	4.004716539366436068e-02	1.000027621528774141e-01
2.118943353581013525e+03	1.715242548727049232e-01	1.075646437377203446e-01	3.027348078706135204e-01	1.899958088258573985e-01	8.803535389031390268e-02	4.007915412331667510e-02	1.000659766793868671e-01
2.123781123794669384e+03	1.713005656218991313e-01	1.074087815660650230e-01	3.028768808712224980e-01	1.900946170221380627e-01	8.807933323575982409e-02	4.011099215870556761e-02	1.001288295241235665e-01
2.128618894008324787e+03	1.710781694564809663e-01	1.072537643764237270e-01	3.030181208326574449e-01	1.901928544151702816e-01	8.812308803891359676e-02	4.014268016382558507e-02	1.001913227164420717e-01
2.133456664221980191e+03	1.708570589622658009e-01	1.070995875210897785e-01	3.031585327041260713e-01	1.902905242829874277e-01	8.816661945430288860e-02	4.017421880026566389e-02	1.002534582748760839e-01
2.138294434435635139e+03	1.706372267672936482e-01	1.069462463783105305e-01	3.032981214044707108e-01	1.903876298850998017e-01	8.820992863033939868e-02	4.020560872721101742e-02	1.003152382071886145e-01
2.143132204649290543e+03	1.704186655415902696e-01	1.067937363521395816e-01	3.034368918223668277e-01	1.904841744625953293e-01	8.825301670935455089e-02	4.023685060144518294e-02	1.003766645104219868e-01
2.147969974862945492e+03	1.702013679969298920e-01	1.066420528722898664e-01	3.035748488165196934e-01	1.905801612382395371e-01	8.829588482763471580e-02	4.026794507735219353e-02	1.004377391709478234e-01
2.152807745076601350e+03	1.699853268865990363e-01	1.064911913939874250e-01	3.037119972158601189e-01	1.906755934165753619e-01	8.833853411545627976e-02	4.029889280691877074e-02	1.004984641645167293e-01
2.157645515290255844e+03	1.697705350051618989e-01	1.063411473978262967e-01	3.038483418197379105e-01	1.907704741840222096e-01	8.838096569712050599e-02	4.032969443973673934e-02	1.005588414563080568e-01
2.162483285503912157e+03	1.695569851882267609e-01	1.061919163896240803e-01	3.039838873981152712e-01	1.908648067089747657e-01	8.842318069098797917e-02	4.036035062300545595e-02	1.006188730009793669e-01
2.167321055717567106e+03	1.693446703122139796e-01	1.060434939002783544e-01	3.041186386917571483e-01	1.909585941419010002e-01	8.846518020951299466e-02	4.039086200153436945e-02	1.006785607427158058e-01
2.172158825931222509e+03	1.691335832941251727e-01	1.058958754856240553e-01	3.042526004124218031e-01	1.910518396154400056e-01	8.850696535927753128e-02	4.042122921774570637e-02	1.007379066152793712e-01
2.176996596144877003e+03	1.689237170913135688e-01	1.057490567262915765e-01	3.043857772430490494e-01	1.911445462444990862e-01	8.854853724102516865e-02	4.045145291167720480e-02	1.007969125420579842e-01
2.181834366358532861e+03	1.687150647012558569e-01	1.056030332275657707e-01	3.045181738379472702e-01	1.912367171263506249e-01	8.858989694969457429e-02	4.048153372098499403e-02	1.008555804361144920e-01
2.186672136572187810e+03	1.685076191613252283e-01	1.054578006192457146e-01	3.046497948229796582e-01	1.913283553407282012e-01	8.863104557445286580e-02	4.051147228094651581e-02	1.009139122002354755e-01
2.191509906785843214e+03	1.683013735485655304e-01	1.053133545555053202e-01	3.047806447957481235e-01	1.914194639499224304e-01	8.867198419872865389e-02	4.054126922446357750e-02	1.009719097269799609e-01
2.196347676999498617e+03	1.680963209794670565e-01	1.051696907147548488e-01	3.049107283257770362e-01	1.915100459988762216e-01	8.871271390024500214e-02	4.057092518206550230e-02	1.010295748987279085e-01
2.201185447213154021e+03	1.678924546097431136e-01	1.050268047995030901e-01	3.050400499546947475e-01	1.916001045152796178e-01	8.875323575105195650e-02	4.060044078191232808e-02	1.010869095877286877e-01
2.206023217426809424e+03	1.676897676341083110e-01	1.048846925362204585e-01	3.051686141964141674e-01	1.916896425096641376e-01	8.879355081755901935e-02	4.062981664979811725e-02	1.011439156561492608e-01
2.210860987640464373e+03	1.674882532860577922e-01	1.047433496752027959e-01	3.052964255373123437e-01	1.917786629754965888e-01	8.883366016056727654e-02	4.065905340915434985e-02	1.012005949561223667e-01
2.215698757854119776e+03	1.672879048376476885e-01	1.046027719904361192e-01	3.054234884364079305e-01	1.918671688892725213e-01	8.887356483530137186e-02	4.068815168105339997e-02	1.012569493297944545e-01
2.220536528067775180e+03	1.670887155992770434e-01	1.044629552794619498e-01	3.055498073255385472e-01	1.919551632106091532e-01	8.891326589144123160e-02	4.071711208421208844e-02	1.013129806093734514e-01
2.225374298281430583e+03	1.668906789194707641e-01	1.043238953632436572e-01	3.056753866095358596e-01	1.920426488823377409e-01	8.895276437315356721e-02	4.074593523499531883e-02	1.013686906171765295e-01
2.230212068495085077e+03	1.666937881846638769e-01	1.041855880860333844e-01	3.058002306663999970e-01	1.921296288305957278e-01	8.899206131912314188e-02	4.077462174741979667e-02	1.014240811656775543e-01
2.235049838708740936e+03	1.664980368189867554e-01	1.040480293152399177e-01	3.059243438474723575e-01	1.922161059649182269e-01	8.903115776258385683e-02	4.080317223315781117e-02	1.014791540575545187e-01
2.239887608922396339e+03	1.663034182840520681e-01	1.039112149412971947e-01	3.060477304776076379e-01	1.923020831783290308e-01	8.907005473134964324e-02	4.083158730154110017e-02	1.015339110857367416e-01
2.244725379136052197e+03	1.661099260787423926e-01	1.037751408775336726e-01	3.061703948553443633e-01	1.923875633474311786e-01	8.910875324784506279e-02	4.085986755956480532e-02	1.015883540334519275e-01
2.249563149349706237e+03	1.659175537389992738e-01	1.036398030600423903e-01	3.062923412530740297e-01	1.924725493324973280e-01	8.914725432913574166e-02	4.088801361189145500e-02	1.016424846742731147e-01
2.254400919563362095e+03	1.657262948376133915e-01	1.035051974475518360e-01	3.064135739172095807e-01	1.925570439775592946e-01	8.918555898695863793e-02	4.091602606085505828e-02	1.016963047721654578e-01
2.259238689777017044e+03	1.655361429840160603e-01	1.033713200212975913e-01	3.065340970683521071e-01	1.926410501104973139e-01	8.922366822775208706e-02	4.094390550646526128e-02	1.017498160815328290e-01
2.264076459990672902e+03	1.653470918240716181e-01	1.032381667848946277e-01	3.066539149014568810e-01	1.927245705431288036e-01	8.926158305268550031e-02	4.097165254641154525e-02	1.018030203472642808e-01
