1.001418434226643626e+03	2.803622827747011548e-01	1.800933048222978505e-01	2.346923480102167114e-01	1.412247870531610494e-01	6.810297397256999397e-02	2.668300495718335663e-02	6.884129840978597814e-02
1.003837319333471214e+03	2.799363580000770457e-01	1.798170466919848665e-01	2.349960934291774328e-01	1.414018643468203384e-01	6.817513713511391682e-02	2.672425239871048866e-02	6.894924799803199555e-02
1.006256204440298802e+03	2.795116391546951795e-01	1.795415670583573875e-01	2.352989785451931604e-01	1.415783928007073589e-01	6.824709535397360805e-02	2.676542366448312824e-02	6.905690342250628277e-02
1.008675089547126618e+03	2.790881228127928826e-01	1.792668637252853026e-01	2.356010057860314366e-01	1.417543742186812838e-01	6.831884921281358714e-02	2.680651882116300358e-02	6.916426542314865755e-02
1.011093974653954206e+03	2.786658055584030347e-01	1.789929345028341834e-01	2.359021775726070913e-01	1.419298103981700421e-01	6.839039929359136405e-02	2.684753793577053169e-02	6.927133473853989976e-02
1.013512859760782021e+03	2.782446839853258691e-01	1.787197772072479096e-01	2.362024963190014759e-01	1.421047031301952424e-01	6.846174617656437811e-02	2.688848107568174092e-02	6.937811210589958644e-02
1.015931744867609382e+03	2.778247546971001625e-01	1.784473896609310717e-01	2.365019644324819481e-01	1.422790541993969871e-01	6.853289044029685362e-02	2.692934830862519710e-02	6.948459826108401016e-02
1.018350629974437197e+03	2.774060143069755346e-01	1.781757696924317624e-01	2.368005843135209121e-01	1.424528653840585191e-01	6.860383266166653060e-02	2.697013970267896771e-02	6.959079393858404183e-02
1.020769515081264785e+03	2.769884594378839715e-01	1.779049151364241466e-01	2.370983583558151364e-01	1.426261384561309242e-01	6.867457341587139552e-02	2.701085532626756880e-02	6.969669987152314616e-02
1.023188400188092373e+03	2.765720867224120139e-01	1.776348238336911134e-01	2.373952889463048221e-01	1.427988751812576673e-01	6.874511327643621772e-02	2.705149524815897433e-02	6.980231679165548042e-02
1.025607285294920075e+03	2.761568928027726688e-01	1.773654936311072350e-01	2.376913784651928097e-01	1.429710773187988782e-01	6.881545281521914137e-02	2.709205953746161161e-02	6.990764542936397929e-02
1.028026170401747549e+03	2.757428743307774877e-01	1.770969223816213911e-01	2.379866292859633692e-01	1.431427466218559708e-01	6.888559260241812476e-02	2.713254826362140534e-02	7.001268651365856466e-02
1.030445055508575479e+03	2.753300279678089768e-01	1.768291079442397551e-01	2.382810437754014077e-01	1.433138848372957075e-01	6.895553320657724083e-02	2.717296149641880779e-02	7.011744077217441085e-02
1.032863940615402726e+03	2.749183503847926202e-01	1.765620481840086131e-01	2.385746242936113426e-01	1.434844937057745129e-01	6.902527519459308869e-02	2.721329930596585664e-02	7.022190893117027932e-02
1.035282825722230655e+03	2.745078382621695678e-01	1.762957409719973223e-01	2.388673731940358647e-01	1.436545749617624546e-01	6.909481913172094147e-02	2.725356176270327807e-02	7.032609171552685334e-02
1.037701710829058356e+03	2.740984882898688246e-01	1.760301841852814630e-01	2.391592928234748394e-01	1.438241303335673904e-01	6.916416558158096362e-02	2.729374893739756891e-02	7.042998984874522528e-02
1.040120595935886058e+03	2.736902971672799390e-01	1.757653757069256861e-01	2.394503855221040700e-01	1.439931615433588108e-01	6.923331510616431705e-02	2.733386090113811701e-02	7.053360405294534230e-02
1.042539481042713533e+03	2.732832616032254691e-01	1.755013134259669760e-01	2.397406536234940044e-01	1.441616703071916805e-01	6.930226826583918420e-02	2.737389772533434587e-02	7.063693504886461860e-02
1.044958366149541234e+03	2.728773783159340049e-01	1.752379952373976923e-01	2.400300994546282485e-01	1.443296583350302531e-01	6.937102561935673539e-02	2.741385948171285239e-02	7.073998355585651987e-02
1.047377251256368709e+03	2.724726440330126898e-01	1.749754190421488331e-01	2.403187253359223841e-01	1.444971273307716075e-01	6.943958772385702694e-02	2.745374624231459310e-02	7.084275029188921713e-02
1.049796136363196410e+03	2.720690554914201309e-01	1.747135827470732428e-01	2.406065335812423989e-01	1.446640789922693238e-01	6.950795513487489918e-02	2.749355807949204963e-02	7.094523597354435163e-02
1.052215021470024112e+03	2.716666094374393658e-01	1.744524842649289309e-01	2.408935264979232549e-01	1.448305150113569084e-01	6.957612840634573581e-02	2.753329506590645320e-02	7.104744131601578583e-02
1.054633906576851814e+03	2.712653026266509948e-01	1.741921215143623913e-01	2.411797063867872071e-01	1.449964370738712482e-01	6.964410809061120922e-02	2.757295727452499512e-02	7.114936703310842381e-02
1.057052791683679516e+03	2.708651318239062578e-01	1.739324924198920042e-01	2.414650755421623163e-01	1.451618468596758416e-01	6.971189473842497042e-02	2.761254477861806514e-02	7.125101383723708715e-02
1.059471676790506763e+03	2.704660938033000006e-01	1.736735949118914657e-01	2.417496362519007402e-01	1.453267460426840851e-01	6.977948889895825568e-02	2.765205765175649671e-02	7.135238243942550185e-02
1.061890561897334692e+03	2.700681853481443628e-01	1.734154269265732184e-01	2.420333907973970522e-01	1.454911362908823946e-01	6.984689111980543763e-02	2.769149596780886083e-02	7.145347354930527140e-02
1.064309447004162394e+03	2.696714032509417991e-01	1.731579864059720475e-01	2.423163414536064209e-01	1.456550192663531584e-01	6.991410194698963187e-02	2.773085980093872860e-02	7.155428787511483590e-02
1.066728332110990095e+03	2.692757443133587114e-01	1.729012712979286492e-01	2.425984904890628735e-01	1.458183966252977470e-01	6.998112192496805384e-02	2.777014922560198246e-02	7.165482612369862558e-02
1.069147217217817570e+03	2.688812053461987484e-01	1.726452795560732278e-01	2.428798401658973649e-01	1.459812700180594947e-01	7.004795159663752824e-02	2.780936431654413427e-02	7.175508900050617256e-02
1.071566102324645271e+03	2.684877831693766592e-01	1.723900091398090917e-01	2.431603927398558740e-01	1.461436410891462090e-01	7.011459150333980428e-02	2.784850514879766425e-02	7.185507720959133371e-02
1.073984987431472746e+03	2.680954746118918708e-01	1.721354580142964996e-01	2.434401504603174726e-01	1.463055114772531529e-01	7.018104218486692636e-02	2.788757179767936689e-02	7.195479145361141637e-02
1.076403872538300675e+03	2.677042765118020640e-01	1.718816241504363129e-01	2.437191155703122558e-01	1.464668828152854152e-01	7.024730417946642436e-02	2.792656433878771410e-02	7.205423243382656773e-02
1.078822757645127922e+03	2.673141857161972501e-01	1.716285055248538693e-01	2.439972903065392718e-01	1.466277567303804763e-01	7.031337802384665658e-02	2.796548284800023931e-02	7.215340085009898374e-02
1.081241642751955851e+03	2.669251990811736253e-01	1.713761001198827738e-01	2.442746768993845075e-01	1.467881348439307176e-01	7.037926425318191681e-02	2.800432740147093535e-02	7.225229740089232633e-02
1.083660527858783553e+03	2.665373134718074244e-01	1.711244059235488002e-01	2.445512775729385968e-01	1.469480187716056263e-01	7.044496340111758292e-02	2.804309807562766627e-02	7.235092278327114046e-02
1.086079412965611255e+03	2.661505257621289977e-01	1.708734209295539042e-01	2.448270945450146119e-01	1.471074101233741382e-01	7.051047599977525171e-02	2.808179494716959296e-02	7.244927769290027131e-02
1.088498298072438729e+03	2.657648328350973310e-01	1.706231431372601248e-01	2.451021300271658543e-01	1.472663105035267594e-01	7.057580257975779037e-02	2.812041809306460929e-02	7.254736282404435077e-02
1.090917183179266431e+03	2.653802315825736224e-01	1.703735705516736254e-01	2.453763862247034522e-01	1.474247215106976594e-01	7.064094367015433251e-02	2.815896759054681633e-02	7.264517886956736725e-02
1.093336068286093905e+03	2.649967189052960803e-01	1.701247011834287892e-01	2.456498653367140683e-01	1.475826447378865702e-01	7.070589979854524643e-02	2.819744351711397576e-02	7.274272652093220770e-02
1.095754953392921607e+03	2.646142917128540550e-01	1.698765330487723435e-01	2.459225695560774139e-01	1.477400817724807414e-01	7.077067149100713106e-02	2.823584595052499799e-02	7.284000646820026903e-02
1.098173838499749309e+03	2.642329469236626704e-01	1.696290641695475110e-01	2.461945010694838454e-01	1.478970341962767276e-01	7.083525927211765938e-02	2.827417496879745806e-02	7.293701940003113893e-02
1.100592723606577010e+03	2.638526814649371222e-01	1.693822925731782170e-01	2.464656620574517398e-01	1.480535035855021775e-01	7.089966366496047723e-02	2.831243065020509764e-02	7.303376600368222116e-02
1.103011608713404712e+03	2.634734922726673645e-01	1.691362162926534074e-01	2.467360546943450084e-01	1.482094915108373157e-01	7.096388519113000504e-02	2.835061307327535474e-02	7.313024696500855515e-02
1.105430493820231959e+03	2.630953762915929639e-01	1.688908333665112282e-01	2.470056811483905268e-01	1.483649995374365926e-01	7.102792437073626730e-02	2.838872231678691779e-02	7.322646296846253844e-02
1.107849378927059888e+03	2.627183304751775084e-01	1.686461418388234823e-01	2.472745435816953163e-01	1.485200292249501675e-01	7.109178172240959714e-02	2.842675845976727622e-02	7.332241469709371851e-02
1.110268264033887590e+03	2.623423517855836828e-01	1.684021397591799196e-01	2.475426441502639463e-01	1.486745821275451684e-01	7.115545776330539640e-02	2.846472158149029180e-02	7.341810283254866787e-02
1.112687149140715292e+03	2.619674371936481783e-01	1.681588251826727498e-01	2.478099850040156871e-01	1.488286597939270095e-01	7.121895300910882631e-02	2.850261176147378742e-02	7.351352805507087307e-02
1.115106034247542766e+03	2.615935836788565449e-01	1.679161961698810990e-01	2.480765682868018018e-01	1.489822637673606787e-01	7.128226797403942883e-02	2.854042907947714272e-02	7.360869104350056813e-02
1.117524919354370468e+03	2.612207882293181016e-01	1.676742507868554388e-01	2.483423961364224775e-01	1.491353955856917213e-01	7.134540317085581729e-02	2.857817361549892105e-02	7.370359247527480395e-02
1.119943804461197942e+03	2.608490478417414549e-01	1.674329871051022933e-01	2.486074706846442273e-01	1.492880567813673620e-01	7.140835911086018672e-02	2.861584544977447894e-02	7.379823302642733729e-02
1.122362689568025871e+03	2.604783595214093528e-01	1.671924032015687789e-01	2.488717940572165721e-01	1.494402488814573493e-01	7.147113630390294903e-02	2.865344466277362084e-02	7.389261337158870013e-02
1.124781574674853118e+03	2.601087202821540934e-01	1.669524971586272277e-01	2.491353683738894154e-01	1.495919734076748830e-01	7.153373525838720159e-02	2.869097133519824677e-02	7.398673418398624135e-02
1.127200459781681047e+03	2.597401271463329886e-01	1.667132670640599224e-01	2.493981957484296130e-01	1.497432318763973758e-01	7.159615648127330700e-02	2.872842554798002088e-02	7.408059613544420996e-02
1.129619344888508749e+03	2.593725771448033290e-01	1.664747110110437744e-01	2.496602782886380711e-01	1.498940257986870195e-01	7.165840047808327840e-02	2.876580738227805731e-02	7.417419989638386613e-02
1.132038229995336451e+03	2.590060673168985139e-01	1.662368270981351426e-01	2.499216180963666767e-01	1.500443566803116024e-01	7.172046775290530363e-02	2.880311691947660610e-02	7.426754613582364772e-02
1.134457115102163925e+03	2.586405947104029601e-01	1.659996134292547332e-01	2.501822172675348122e-01	1.501942260217647429e-01	7.178235880839808902e-02	2.884035424118277374e-02	7.436063552137937849e-02
1.136876000208991627e+03	2.582761563815282879e-01	1.657630681136723072e-01	2.504420778921463975e-01	1.503436353182866225e-01	7.184407414579530027e-02	2.887751942922422987e-02	7.445346871926439292e-02
1.139294885315819101e+03	2.579127493948886185e-01	1.655271892659916921e-01	2.507012020543064046e-01	1.504925860598840814e-01	7.190561426490993391e-02	2.891461256564694521e-02	7.454604639428988322e-02
1.141713770422646803e+03	2.575503708234765932e-01	1.652919750061357385e-01	2.509595918322376495e-01	1.506410797313509631e-01	7.196697966413859171e-02	2.895163373271294679e-02	7.463836920986510748e-02
1.144132655529474505e+03	2.571890177486391149e-01	1.650574234593312484e-01	2.512172492982972516e-01	1.507891178122882925e-01	7.202817084046587992e-02	2.898858301289806289e-02	7.473043782799770884e-02
1.146551540636302207e+03	2.568286872600533122e-01	1.648235327560940711e-01	2.514741765189933975e-01	1.509367017771243713e-01	7.208918828946862811e-02	2.902546048888971289e-02	7.482225290929410411e-02
1.148970425743129908e+03	2.564693764557025024e-01	1.645903010322141424e-01	2.517303755550015509e-01	1.510838330951347619e-01	7.215003250532019130e-02	2.906226624358466959e-02	7.491381511295978901e-02
1.151389310849957155e+03	2.561110824418522114e-01	1.643577264287406081e-01	2.519858484611814942e-01	1.512305132304622712e-01	7.221070398079461328e-02	2.909900036008686991e-02	7.500512509679969908e-02
1.153808195956785084e+03	2.557538023330263033e-01	1.641258070919670020e-01	2.522405972865928714e-01	1.513767436421366575e-01	7.227120320727094260e-02	2.913566292170522917e-02	7.509618351721875085e-02
1.156227081063612786e+03	2.553975332519833885e-01	1.638945411734164248e-01	2.524946240745124526e-01	1.515225257840945861e-01	7.233153067473732656e-02	2.917225401195145187e-02	7.518699102922216104e-02
1.158645966170440488e+03	2.550422723296927874e-01	1.636639268298268612e-01	2.527479308624498988e-01	1.516678611051991143e-01	7.239168687179525774e-02	2.920877371453787369e-02	7.527754828641600171e-02
1.161064851277267962e+03	2.546880167053110489e-01	1.634339622231363864e-01	2.530005196821643043e-01	1.518127510492593701e-01	7.245167228566369577e-02	2.924522211337529654e-02	7.536785594100768593e-02
1.163483736384095664e+03	2.543347635261583584e-01	1.632046455204684832e-01	2.532523925596803505e-01	1.519571970550501472e-01	7.251148740218314737e-02	2.928159929257086874e-02	7.545791464380650904e-02
1.165902621490923138e+03	2.539825099476949455e-01	1.629759748941174702e-01	2.535035515153045149e-01	1.521012005563311675e-01	7.257113270581980191e-02	2.931790533642593399e-02	7.554772504422414825e-02
1.168321506597751068e+03	2.536312531334976583e-01	1.627479485215339028e-01	2.537539985636410589e-01	1.522447629818665105e-01	7.263060867966959766e-02	2.935414032943393231e-02	7.563728779027531490e-02
1.170740391704578315e+03	2.532809902552365933e-01	1.625205645853100012e-01	2.540037357136086249e-01	1.523878857554439303e-01	7.268991580546228792e-02	2.939030435627827328e-02	7.572660352857835120e-02
1.173159276811406244e+03	2.529317184926518358e-01	1.622938212731651619e-01	2.542527649684556135e-01	1.525305702958939802e-01	7.274905456356546563e-02	2.942639750183026828e-02	7.581567290435578532e-02
1.175578161918233945e+03	2.525834350335300904e-01	1.620677167779315253e-01	2.545010883257766143e-01	1.526728180171090798e-01	7.280802543298861562e-02	2.946241985114703144e-02	7.590449656143512247e-02
1.177997047025061647e+03	2.522361370736816988e-01	1.618422492975394311e-01	2.547487077775284492e-01	1.528146303280626672e-01	7.286682889138706987e-02	2.949837148946941531e-02	7.599307514224942772e-02
1.180415932131889122e+03	2.518898218169172143e-01	1.616174170350031525e-01	2.549956253100457704e-01	1.529560086328280999e-01	7.292546541506596258e-02	2.953425250221995355e-02	7.608140928783806156e-02
1.182834817238716823e+03	2.515444864750247533e-01	1.613932181984065184e-01	2.552418429040571035e-01	1.530969543305973901e-01	7.298393547898428257e-02	2.957006297500080691e-02	7.616949963784740152e-02
1.185253702345544298e+03	2.512001282677467362e-01	1.611696510008886474e-01	2.554873625347007238e-01	1.532374688157001896e-01	7.304223955675870350e-02	2.960580299359174411e-02	7.625734683053161933e-02
1.187672587452371999e+03	2.508567444227570165e-01	1.609467136606295423e-01	2.557321861715403100e-01	1.533775534776223859e-01	7.310037812066756679e-02	2.964147264394810868e-02	7.634495150275345809e-02
1.190091472559199701e+03	2.505143321756381769e-01	1.607244044008360739e-01	2.559763157785808207e-01	1.535172097010247538e-01	7.315835164165476745e-02	2.967707201219880325e-02	7.643231428998499555e-02
1.192510357666027403e+03	2.501728887698587145e-01	1.605027214497276311e-01	2.562197533142842043e-01	1.536564388657614966e-01	7.321616058933363980e-02	2.971260118464429806e-02	7.651943582630849061e-02
1.194929242772855105e+03	2.498324114567501975e-01	1.602816630405220488e-01	2.564625007315847749e-01	1.537952423468987584e-01	7.327380543199078777e-02	2.974806024775463603e-02	7.660631674441722994e-02
1.197348127879682352e+03	2.494928974954848111e-01	1.600612274114215638e-01	2.567045599779053111e-01	1.539336215147329434e-01	7.333128663659001234e-02	2.978344928816745868e-02	7.669295767561640220e-02
1.199767012986510281e+03	2.491543441530526537e-01	1.598414128055986039e-01	2.569459329951720994e-01	1.540715777348091453e-01	7.338860466877605848e-02	2.981876839268602850e-02	7.677935924982398630e-02
1.202185898093337983e+03	2.488167487042393378e-01	1.596222174711818542e-01	2.571866217198307547e-01	1.542091123679392717e-01	7.344575999287847323e-02	2.985401764827729648e-02	7.686552209557162563e-02
1.204604783200165684e+03	2.484801084316034248e-01	1.594036396612422968e-01	2.574266280828615971e-01	1.543462267702203350e-01	7.350275307191539431e-02	2.988919714206992456e-02	7.695144684000562729e-02
1.207023668306993159e+03	2.481444206254542206e-01	1.591856776337792490e-01	2.576659540097953061e-01	1.544829222930523827e-01	7.355958436759731101e-02	2.992430696135238780e-02	7.703713410888783641e-02
1.209442553413820860e+03	2.478096825838292938e-01	1.589683296517063749e-01	2.579046014207277970e-01	1.546192002831566215e-01	7.361625434033085280e-02	2.995934719357101761e-02	7.712258452659666308e-02
1.211861438520648335e+03	2.474758916124724095e-01	1.587515939828379463e-01	2.581425722303362091e-01	1.547550620825933476e-01	7.367276344922252251e-02	2.999431792632811442e-02	7.720779871612806766e-02
1.214280323627476264e+03	2.471430450248111865e-01	1.585354688998749928e-01	2.583798683478936709e-01	1.548905090287797659e-01	7.372911215208244329e-02	3.002921924738003248e-02	7.729277729909653227e-02
1.216699208734303511e+03	2.468111401419350870e-01	1.583199526803914514e-01	2.586164916772849542e-01	1.550255424545077809e-01	7.378530090542803621e-02	3.006405124463530643e-02	7.737752089573615710e-02
1.219118093841131440e+03	2.464801742925733230e-01	1.581050436068204279e-01	2.588524441170212409e-01	1.551601636879616497e-01	7.384133016448779507e-02	3.009881400615274649e-02	7.746203012490163187e-02
1.221536978947959142e+03	2.461501448130728742e-01	1.578907399664404854e-01	2.590877275602558316e-01	1.552943740527358008e-01	7.389720038320488071e-02	3.013350762013958933e-02	7.754630560406937378e-02
1.223955864054786844e+03	2.458210490473766163e-01	1.576770400513620440e-01	2.593223438947989123e-01	1.554281748678521258e-01	7.395291201424082639e-02	3.016813217494963492e-02	7.763034794933862393e-02
1.226374749161614318e+03	2.454928843470014777e-01	1.574639421585137256e-01	2.595562950031327643e-01	1.555615674477777433e-01	7.400846550897924314e-02	3.020268775908139039e-02	7.771415777543250192e-02
1.228793634268442020e+03	2.451656480710165953e-01	1.572514445896286694e-01	2.597895827624266962e-01	1.556945531024421236e-01	7.406386131752942803e-02	3.023717446117624510e-02	7.779773569569915781e-02
1.231212519375269494e+03	2.448393375860215548e-01	1.570395456512310994e-01	2.600222090445521439e-01	1.558271331372546864e-01	7.411909988872991684e-02	3.027159237001663533e-02	7.788108232211289617e-02
1.233631404482097196e+03	2.445139502661247688e-01	1.568282436546227232e-01	2.602541757160977132e-01	1.559593088531218696e-01	7.417418167015223107e-02	3.030594157452422971e-02	7.796419826527539731e-02
1.236050289588924898e+03	2.441894834929219660e-01	1.566175369158692710e-01	2.604854846383839462e-01	1.560910815464644774e-01	7.422910710810436130e-02	3.034022216375812167e-02	7.804708413441681369e-02
1.238469174695752372e+03	2.438659346554745699e-01	1.564074237557871172e-01	2.607161376674781983e-01	1.562224525092346383e-01	7.428387664763440312e-02	3.037443422691303574e-02	7.812974053739703273e-02
1.240888059802580301e+03	2.435433011502881884e-01	1.561979024999297361e-01	2.609461366542095706e-01	1.563534230289329030e-01	7.433849073253415152e-02	3.040857785331753729e-02	7.821216808070685644e-02
1.243306944909407548e+03	2.432215803812912414e-01	1.559889714785744896e-01	2.611754834441837869e-01	1.564839943886253415e-01	7.439294980534261192e-02	3.044265313243225621e-02	7.829436736946925046e-02
1.245725830016235477e+03	2.429007697598137006e-01	1.557806290267092220e-01	2.614041798777974601e-01	1.566141678669602799e-01	7.444725430734956684e-02	3.047666015384813132e-02	7.837633900744056525e-02
1.248144715123063179e+03	2.425808667045656619e-01	1.555728734840189365e-01	2.616322277902535798e-01	1.567439447381852036e-01	7.450140467859908688e-02	3.051059900728464100e-02	7.845808359701185453e-02
1.250563600229890881e+03	2.422618686416161959e-01	1.553657031948726952e-01	2.618596290115755010e-01	1.568733262721634381e-01	7.455540135789304190e-02	3.054446978258806844e-02	7.853960173921011034e-02
1.252982485336718355e+03	2.419437730043722257e-01	1.551591165083101853e-01	2.620863853666215992e-01	1.570023137343909692e-01	7.460924478279469529e-02	3.057827256972975652e-02	7.862089403369952600e-02
1.255401370443546057e+03	2.416265772335573214e-01	1.549531117780287293e-01	2.623124986751005361e-01	1.571309083860129574e-01	7.466293538963209020e-02	3.061200745880439389e-02	7.870196107878289771e-02
1.257820255550373531e+03	2.413102787771907454e-01	1.547476873623700178e-01	2.625379707515851369e-01	1.572591114838403359e-01	7.471647361350156058e-02	3.064567454002828026e-02	7.878280347140291517e-02
1.260239140657201460e+03	2.409948750905664683e-01	1.545428416243070924e-01	2.627628034055269346e-01	1.573869242803662138e-01	7.476985988827121454e-02	3.067927390373764024e-02	7.886342180714343841e-02
1.262658025764028707e+03	2.406803636362322141e-01	1.543385729314311894e-01	2.629869984412710471e-01	1.575143480237823634e-01	7.482309464658438991e-02	3.071280564038691291e-02	7.894381668023095489e-02
1.265076910870856636e+03	2.403667418839686987e-01	1.541348796559388334e-01	2.632105576580700546e-01	1.576413839579954845e-01	7.487617831986306816e-02	3.074626984054707260e-02	7.902398868353588401e-02
1.267495795977684338e+03	2.400540073107687578e-01	1.539317601746187647e-01	2.634334828500987657e-01	1.577680333226435805e-01	7.492911133831132997e-02	3.077966659490393928e-02	7.910393840857400660e-02
1.269914681084511813e+03	2.397421574008165579e-01	1.537292128688389214e-01	2.636557758064685397e-01	1.578942973531119731e-01	7.498189413091876920e-02	3.081299599425652708e-02	7.918366644550782485e-02
1.272333566191339514e+03	2.394311896454670852e-01	1.535272361245337003e-01	2.638774383112413857e-01	1.580201772805495952e-01	7.503452712546392067e-02	3.084625812951538246e-02	7.926317338314801952e-02
1.274752451298167216e+03	2.391211015432254117e-01	1.533258283321908555e-01	2.640984721434443960e-01	1.581456743318850333e-01	7.508701074851759083e-02	3.087945309170092578e-02	7.934245980895487937e-02
1.277171336404994690e+03	2.388118905997262120e-01	1.531249878868388703e-01	2.643188790770838459e-01	1.582707897298423760e-01	7.513934542544631334e-02	3.091258097194181376e-02	7.942152630903968891e-02
1.279590221511822392e+03	2.385035543277132242e-01	1.529247131880339117e-01	2.645386608811593487e-01	1.583955246929573124e-01	7.519153158041569363e-02	3.094564186147332266e-02	7.950037346816625494e-02
1.282009106618650094e+03	2.381960902470188490e-01	1.527250026398473126e-01	2.647578193196781227e-01	1.585198804355929247e-01	7.524356963639375340e-02	3.097863585163570729e-02	7.957900186975236378e-02
1.284427991725477568e+03	2.378894958845437502e-01	1.525258546508526103e-01	2.649763561516690347e-01	1.586438581679554538e-01	7.529546001515431686e-02	3.101156303387261545e-02	7.965741209587119676e-02
1.286846876832305497e+03	2.375837687742366477e-01	1.523272676341129728e-01	2.651942731311966450e-01	1.587674590961099808e-01	7.534720313728032748e-02	3.104442349972946075e-02	7.973560472725292614e-02
1.289265761939132744e+03	2.372789064570738626e-01	1.521292400071684869e-01	2.654115720073751405e-01	1.588906844219962478e-01	7.539879942216715092e-02	3.107721734085184401e-02	7.981358034328618622e-02
1.291684647045960673e+03	2.369749064810393324e-01	1.519317701920235297e-01	2.656282545243825455e-01	1.590135353434440901e-01	7.545024928802593345e-02	3.110994464898397122e-02	7.989133952201957212e-02
1.294103532152788375e+03	2.366717664011042943e-01	1.517348566151341949e-01	2.658443224214743217e-01	1.591360130541890072e-01	7.550155315188690486e-02	3.114260551596706450e-02	7.996888284016320791e-02
1.296522417259616077e+03	2.363694837792074677e-01	1.515384977073956918e-01	2.660597774329974685e-01	1.592581187438876222e-01	7.555271142960266750e-02	3.117520003373781476e-02	8.004621087309025940e-02
1.298941302366443551e+03	2.360680561842347369e-01	1.513426919041298835e-01	2.662746212884045116e-01	1.593798535981330866e-01	7.560372453585142982e-02	3.120772829432681000e-02	8.012332419483855772e-02
1.301360187473271253e+03	2.357674811919993618e-01	1.511474376450727131e-01	2.664888557122670476e-01	1.595012187984704011e-01	7.565459288414036476e-02	3.124019038985699492e-02	8.020022337811212598e-02
1.303779072580098727e+03	2.354677563852220767e-01	1.509527333743618249e-01	2.667024824242897330e-01	1.596222155224117090e-01	7.570531688680882942e-02	3.127258641254213045e-02	8.027690899428276128e-02
1.306197957686926657e+03	2.351688793535112176e-01	1.507585775405241857e-01	2.669155031393237731e-01	1.597428449434513675e-01	7.575589695503162635e-02	3.130491645468527762e-02	8.035338161339163066e-02
1.308616842793753904e+03	2.348708476933428768e-01	1.505649685964634554e-01	2.671279195673810225e-01	1.598631082310812968e-01	7.580633349882222316e-02	3.133718060867725363e-02	8.042964180415092257e-02
1.311035727900581833e+03	2.345736590080412798e-01	1.503719049994480528e-01	2.673397334136473069e-01	1.599830065508058841e-01	7.585662692703602772e-02	3.136937896699514006e-02	8.050569013394541507e-02
1.313454613007409534e+03	2.342773109077591065e-01	1.501793852110983596e-01	2.675509463784961905e-01	1.601025410641570279e-01	7.590677764737359390e-02	3.140151162220075620e-02	8.058152716883412725e-02
1.315873498114237009e+03	2.339818010094577849e-01	1.499874076973749526e-01	2.677615601575024651e-01	1.602217129287090702e-01	7.595678606638379959e-02	3.143357866693918812e-02	8.065715347355195686e-02
1.318292383221064711e+03	2.336871269368880344e-01	1.497959709285658358e-01	2.679715764414558055e-01	1.603405232980937289e-01	7.600665258946712188e-02	3.146558019393730365e-02	8.073256961151135946e-02
1.320711268327892412e+03	2.333932863205703534e-01	1.496050733792746446e-01	2.681809969163742591e-01	1.604589733220149195e-01	7.605637762087875953e-02	3.149751629600223979e-02	8.080777614480397220e-02
1.323130153434719887e+03	2.331002767977755352e-01	1.494147135284082939e-01	2.683898232635177350e-01	1.605770641462634096e-01	7.610596156373185261e-02	3.152938706601998708e-02	8.088277363420229293e-02
1.325549038541547588e+03	2.328080960125052945e-01	1.492248898591648221e-01	2.685980571594014377e-01	1.606947969127315579e-01	7.615540482000067446e-02	3.156119259695389090e-02	8.095756263916142892e-02
1.327967923648375290e+03	2.325167416154729771e-01	1.490356008590213721e-01	2.688057002758091341e-01	1.608121727594280237e-01	7.620470779052372634e-02	3.159293298184320808e-02	8.103214371782067882e-02
1.330386808755202765e+03	2.322262112640842424e-01	1.488468450197220627e-01	2.690127542798065874e-01	1.609291928204922562e-01	7.625387087500697103e-02	3.162460831380166371e-02	8.110651742700532296e-02
1.332805693862030694e+03	2.319365026224178561e-01	1.486586208372658591e-01	2.692192208337550463e-01	1.610458582262090377e-01	7.630289447202692754e-02	3.165621868601603550e-02	8.118068432222833031e-02
1.335224578968857941e+03	2.316476133612065946e-01	1.484709268118948322e-01	2.694251015953242345e-01	1.611621701030228615e-01	7.635177897903383526e-02	3.168776419174471060e-02	8.125464495769203765e-02
1.337643464075685870e+03	2.313595411578180661e-01	1.482837614480818633e-01	2.696303982175058400e-01	1.612781295735524478e-01	7.640052479235474869e-02	3.171924492431625608e-02	8.132839988628995376e-02
1.340062349182513572e+03	2.310722836962356974e-01	1.480971232545189031e-01	2.698351123486265046e-01	1.613937377566049269e-01	7.644913230719667385e-02	3.175066097712802432e-02	8.140194965960843854e-02
1.342481234289341273e+03	2.307858386670396944e-01	1.479110107441050925e-01	2.700392456323612578e-01	1.615089957671901610e-01	7.649760191764971851e-02	3.178201244364477207e-02	8.147529482792849331e-02
1.344900119396168748e+03	2.305002037673881954e-01	1.477254224339347721e-01	2.702427997077464505e-01	1.616239047165349829e-01	7.654593401669007591e-02	3.181329941739721029e-02	8.154843594022750941e-02
1.347319004502996449e+03	2.302153767009982865e-01	1.475403568452857417e-01	2.704457762091929118e-01	1.617384657120972957e-01	7.659412899618324444e-02	3.184452199198068573e-02	8.162137354418104451e-02
1.349737889609823924e+03	2.299313551781272114e-01	1.473558125036074085e-01	2.706481767664989935e-01	1.618526798575802284e-01	7.664218724688702522e-02	3.187568026105376540e-02	8.169410818616461289e-02
1.352156774716651853e+03	2.296481369155537189e-01	1.471717879385090189e-01	2.708500030048635598e-01	1.619665482529460410e-01	7.669010915845460297e-02	3.190677431833686961e-02	8.176664041125547566e-02
1.354575659823479100e+03	2.293657196365591344e-01	1.469882816837479178e-01	2.710512565448990885e-01	1.620800719944301693e-01	7.673789511943765462e-02	3.193780425761091890e-02	8.183897076323441711e-02
1.356994544930307029e+03	2.290841010709088188e-01	1.468052922772178914e-01	2.712519390026446042e-01	1.621932521745551303e-01	7.678554551728934696e-02	3.196877017271598093e-02	8.191109978458756269e-02
1.359413430037134731e+03	2.288032789548335999e-01	1.466228182609374819e-01	2.714520519895783912e-01	1.623060898821443998e-01	7.683306073836738970e-02	3.199967215754992433e-02	8.198302801650822480e-02
1.361832315143962205e+03	2.285232510310110654e-01	1.464408581810382470e-01	2.716515971126310380e-01	1.624185862023361238e-01	7.688044116793715799e-02	3.203051030606710037e-02	8.205475599889867910e-02
1.364251200250789907e+03	2.282440150485472163e-01	1.462594105877532968e-01	2.718505759741983718e-01	1.625307422165969129e-01	7.692768719017456513e-02	3.206128471227698284e-02	8.212628427037202417e-02
1.366670085357617609e+03	2.279655687629579819e-01	1.460784740354057198e-01	2.720489901721540593e-01	1.626425590027355261e-01	7.697479918816917122e-02	3.209199547024286364e-02	8.219761336825401332e-02
1.369088970464445310e+03	2.276879099361507619e-01	1.458980470823969255e-01	2.722468412998624854e-01	1.627540376349164430e-01	7.702177754392726394e-02	3.212264267408054819e-02	8.226874382858495593e-02
1.371507855571272785e+03	2.274110363364061360e-01	1.457181282911952092e-01	2.724441309461914096e-01	1.628651791836734641e-01	7.706862263837470362e-02	3.215322641795702319e-02	8.233967618612146599e-02
1.373926740678100487e+03	2.271349457383596004e-01	1.455387162283243163e-01	2.726408606955246783e-01	1.629759847159232278e-01	7.711533485136000399e-02	3.218374679608919375e-02	8.241041097433840501e-02
1.376345625784927961e+03	2.268596359229832216e-01	1.453598094643519245e-01	2.728370321277750477e-01	1.630864552949785884e-01	7.716191456165732987e-02	3.221420390274257195e-02	8.248094872543078326e-02
1.378764510891755890e+03	2.265851046775675948e-01	1.451814065738783188e-01	2.730326468183965072e-01	1.631965919805620779e-01	7.720836214696946698e-02	3.224459783223000003e-02	8.255128997031552229e-02
1.381183395998583137e+03	2.263113497957037201e-01	1.450035061355248733e-01	2.732277063383971583e-01	1.633063958288192008e-01	7.725467798393070851e-02	3.227492867891038064e-02	8.262143523863346717e-02
1.383602281105411066e+03	2.260383690772647669e-01	1.448261067319228379e-01	2.734222122543516487e-01	1.634158678923317565e-01	7.730086244810992213e-02	3.230519653718740697e-02	8.269138505875117673e-02
1.386021166212238768e+03	2.257661603283882268e-01	1.446492069497020416e-01	2.736161661284135516e-01	1.635250092201310790e-01	7.734691591401343658e-02	3.233540150150829989e-02	8.276113995776292198e-02
1.388440051319066470e+03	2.254947213614578450e-01	1.444728053794794576e-01	2.738095695183280776e-01	1.636338208577111097e-01	7.739283875508801147e-02	3.236554366636256591e-02	8.283070046149254573e-02
1.390858936425893944e+03	2.252240499950856623e-01	1.442969006158481005e-01	2.740024239774444537e-01	1.637423038470415815e-01	7.743863134372376555e-02	3.239562312628074814e-02	8.290006709449534994e-02
1.393277821532721646e+03	2.249541440540943349e-01	1.441214912573658413e-01	2.741947310547280803e-01	1.638504592265810633e-01	7.748429405125710490e-02	3.242563997583317731e-02	8.296924038006008029e-02
1.395696706639549120e+03	2.246850013694991210e-01	1.439465759065439998e-01	2.743864922947733542e-01	1.639582880312899782e-01	7.752982724797360947e-02	3.245559430962877134e-02	8.303822084021079963e-02
1.398115591746377049e+03	2.244166197784902284e-01	1.437721531698364086e-01	2.745777092378158257e-01	1.640657912926435924e-01	7.757523130311098913e-02	3.248548622231380023e-02	8.310700899570884481e-02
1.400534476853204296e+03	2.241489971244150503e-01	1.435982216576281445e-01	2.747683834197442443e-01	1.641729700386448110e-01	7.762050658486195631e-02	3.251531580857065090e-02	8.317560536605478339e-02
1.402953361960032225e+03	2.238821312567605692e-01	1.434247799842245930e-01	2.749585163721132153e-01	1.642798252938371117e-01	7.766565346037714035e-02	3.254508316311666843e-02	8.324401046949034266e-02
1.405372247066859927e+03	2.236160200311356760e-01	1.432518267678402624e-01	2.751481096221551903e-01	1.643863580793173407e-01	7.771067229576794633e-02	3.257478838070290705e-02	8.331222482300039422e-02
1.407791132173687402e+03	2.233506613092536564e-01	1.430793606305877375e-01	2.753371646927927352e-01	1.644925694127482851e-01	7.775556345610945552e-02	3.260443155611296440e-02	8.338024894231484130e-02
1.410210017280515103e+03	2.230860529589146490e-01	1.429073801984668546e-01	2.755256831026507425e-01	1.645984603083716358e-01	7.780032730544328423e-02	3.263401278416178108e-02	8.344808334191068655e-02
1.412628902387342805e+03	2.228221928539883268e-01	1.427358841013535717e-01	2.757136663660684772e-01	1.647040317770203932e-01	7.784496420678044259e-02	3.266353215969450274e-02	8.351572853501393334e-02
1.415047787494170507e+03	2.225590788743962711e-01	1.425648709729890329e-01	2.759011159931118451e-01	1.648092848261314969e-01	7.788947452210420730e-02	3.269298977758525182e-02	8.358318503360155638e-02
1.417466672600997981e+03	2.222967089060947643e-01	1.423943394509687987e-01	2.760880334895852162e-01	1.649142204597583983e-01	7.793385861237293877e-02	3.272238573273601042e-02	8.365045334840358338e-02
1.419885557707825683e+03	2.220350808410574694e-01	1.422242881767317446e-01	2.762744203570436374e-01	1.650188396785835232e-01	7.797811683752293999e-02	3.275172012007543376e-02	8.371753398890494080e-02
1.422304442814653157e+03	2.217741925772581946e-01	1.420547157955494300e-01	2.764602780928048786e-01	1.651231434799306785e-01	7.802224955647127369e-02	3.278099303455771912e-02	8.378442746334757718e-02
1.424723327921481086e+03	2.215140420186535730e-01	1.418856209565152737e-01	2.766456081899609787e-01	1.652271328577774590e-01	7.806625712711860732e-02	3.281020457116146094e-02	8.385113427873240599e-02
1.427142213028308333e+03	2.212546270751660771e-01	1.417170023125335909e-01	2.768304121373908466e-01	1.653308088027674316e-01	7.811013990635201631e-02	3.283935482488851976e-02	8.391765494082130405e-02
1.429561098135136262e+03	2.209959456626668373e-01	1.415488585203090732e-01	2.770146914197715304e-01	1.654341723022226263e-01	7.815389825004777358e-02	3.286844389076287731e-02	8.398398995413912382e-02
1.431979983241963964e+03	2.207379957029585171e-01	1.413811882403358533e-01	2.771984475175904850e-01	1.655372243401555532e-01	7.819753251307416664e-02	3.289747186382952632e-02	8.405013982197574729e-02
1.434398868348791666e+03	2.204807751237584379e-01	1.412139901368869854e-01	2.773816819071572293e-01	1.656399658972814992e-01	7.824104304929430098e-02	3.292643883915336023e-02	8.411610504638809827e-02
1.436817753455619140e+03	2.202242818586815365e-01	1.410472628780036486e-01	2.775643960606151706e-01	1.657423979510305456e-01	7.828443021156884785e-02	3.295534491181806303e-02	8.418188612820211303e-02
1.439236638562446842e+03	2.199685138472235180e-01	1.408810051354846826e-01	2.777465914459533725e-01	1.658445214755597530e-01	7.832769435175887529e-02	3.298419017692499206e-02	8.424748356701484975e-02
1.441655523669274316e+03	2.197134690347439245e-01	1.407152155848757635e-01	2.779282695270182124e-01	1.659463374417650683e-01	7.837083582072858212e-02	3.301297472959212331e-02	8.431289786119645913e-02
1.444074408776102018e+03	2.194591453724493990e-01	1.405498929054589952e-01	2.781094317635251500e-01	1.660478468172933153e-01	7.841385496834803182e-02	3.304169866495292734e-02	8.437812950789230770e-02
1.446493293882929493e+03	2.192055408173769204e-01	1.403850357802423898e-01	2.782900796110704955e-01	1.661490505665541850e-01	7.845675214349598359e-02	3.307036207815530066e-02	8.444317900302489299e-02
1.448912178989757422e+03	2.189526533323770396e-01	1.402206428959491824e-01	2.784702145211427893e-01	1.662499496507320318e-01	7.849952769406257080e-02	3.309896506436049712e-02	8.450804684129605004e-02
1.451331064096585123e+03	2.187004808860972815e-01	1.400567129430075330e-01	2.786498379411346260e-01	1.663505450277976971e-01	7.854218196695207654e-02	3.312750771874206634e-02	8.457273351618889434e-02
1.453749949203412370e+03	2.184490214529654917e-01	1.398932446155399800e-01	2.788289513143540344e-01	1.664508376525203059e-01	7.858471530808565364e-02	3.315599013648476423e-02	8.463723951996991735e-02
1.456168834310240300e+03	2.181982730131733217e-01	1.397302366113530314e-01	2.790075560800361898e-01	1.665508284764789793e-01	7.862712806240405861e-02	3.318441241278354686e-02	8.470156534369105428e-02
1.458587719417068001e+03	2.179482335526595760e-01	1.395676876319268123e-01	2.791856536733547389e-01	1.666505184480744917e-01	7.866942057387034393e-02	3.321277464284248110e-02	8.476571147719173804e-02
1.461006604523895703e+03	2.176989010630939470e-01	1.394055963824046007e-01	2.793632455254334013e-01	1.667499085125409009e-01	7.871159318547259198e-02	3.324107692187371760e-02	8.482967840910096702e-02
1.463425489630723177e+03	2.174502735418604449e-01	1.392439615715826418e-01	2.795403330633574046e-01	1.668489996119571495e-01	7.875364623922664897e-02	3.326931934509647776e-02	8.489346662683940059e-02
1.465844374737550879e+03	2.172023489920410499e-01	1.390827819118996556e-01	2.797169177101846427e-01	1.669477926852586391e-01	7.879558007617873394e-02	3.329750200773599206e-02	8.495707661662145471e-02
1.468263259844378354e+03	2.169551254223994197e-01	1.389220561194267345e-01	2.798930008849573325e-01	1.670462886682486103e-01	7.883739503640821433e-02	3.332562500502250780e-02	8.502050886345734193e-02
1.470682144951206283e+03	2.167086008473645964e-01	1.387617829138570180e-01	2.800685840027133389e-01	1.671444884936096054e-01	7.887909145903021502e-02	3.335368843219025520e-02	8.508376385115515306e-02
1.473101030058033530e+03	2.164627732870147980e-01	1.386019610184954232e-01	2.802436684744973316e-01	1.672423930909148482e-01	7.892066968219837997e-02	3.338169238447644821e-02	8.514684206232300823e-02
1.475519915164861459e+03	2.162176407670611533e-01	1.384425891602485692e-01	2.804182557073719995e-01	1.673400033866396797e-01	7.896213004310745354e-02	3.340963695712027143e-02	8.520974397837109693e-02
1.477938800271689161e+03	2.159732013188316313e-01	1.382836660696145636e-01	2.805923471044295403e-01	1.674373203041727431e-01	7.900347287799600049e-02	3.343752224536191558e-02	8.527247007951381519e-02
1.480357685378516862e+03	2.157294529792549709e-01	1.381251904806728714e-01	2.807659440648027083e-01	1.675343447638273364e-01	7.904469852214900116e-02	3.346534834444155754e-02	8.533502084477180560e-02
1.482776570485344337e+03	2.154863937908446381e-01	1.379671611310741008e-01	2.809390479836759713e-01	1.676310776828524862e-01	7.908580730990054375e-02	3.349311534959839576e-02	8.539739675197413615e-02
