1.001418434226643626e+03	2.813286649275432705e-01	1.791656656823023830e-01	2.345077692981029915e-01	1.413417740127927147e-01	6.817883501603168306e-02	2.663310618345721137e-02	6.884418487968310685e-02
1.002869765290740247e+03	2.810755907067113424e-01	1.789972278950802409e-01	2.346885627968592902e-01	1.414491547209787425e-01	6.822266737821094940e-02	2.665746262596306940e-02	6.890933387610968797e-02
1.004321096354836754e+03	2.808229412773410871e-01	1.788290801467697644e-01	2.348690445221868206e-01	1.415563385483018244e-01	6.826642566530202738e-02	2.668179174423006630e-02	6.897437809578173262e-02
1.005772427418933376e+03	2.805707159238761683e-01	1.786612219377920752e-01	2.350492150103714595e-01	1.416633258738776990e-01	6.831011000250317156e-02	2.670609355870384380e-02	6.903931769278884301e-02
1.007223758483029997e+03	2.803189139319727241e-01	1.784936527694286901e-01	2.352290747967766826e-01	1.417701170760387874e-01	6.835372051479508826e-02	2.673036808984311993e-02	6.910415282105814017e-02
1.008675089547126618e+03	2.800675345884973688e-01	1.783263721438197447e-01	2.354086244158451469e-01	1.418767125323357470e-01	6.839725732694153237e-02	2.675461535811960584e-02	6.916888363435401421e-02
1.010126420611223239e+03	2.798165771815249725e-01	1.781593795639628552e-01	2.355878644011003276e-01	1.419831126195392756e-01	6.844072056348976529e-02	2.677883538401788430e-02	6.923351028627804105e-02
1.011577751675319632e+03	2.795660410003367735e-01	1.779926745337113425e-01	2.357667952851479620e-01	1.420893177136418328e-01	6.848411034877108228e-02	2.680302818803528483e-02	6.929803293026882971e-02
1.013029082739416367e+03	2.793159253354182137e-01	1.778262565577728715e-01	2.359454175996777980e-01	1.421953281898592492e-01	6.852742680690132593e-02	2.682719379068179005e-02	6.936245171960181422e-02
1.014480413803512761e+03	2.790662294784568287e-01	1.776601251417080640e-01	2.361237318754650649e-01	1.423011444226326694e-01	6.857067006178139967e-02	2.685133221247990032e-02	6.942676680738911477e-02
1.015931744867609382e+03	2.788169527223402500e-01	1.774942797919289439e-01	2.363017386423720834e-01	1.424067667856300512e-01	6.861384023709776736e-02	2.687544347396454356e-02	6.949097834657939898e-02
1.017383075931706003e+03	2.785680943611540950e-01	1.773287200156974108e-01	2.364794384293498475e-01	1.425121956517479971e-01	6.865693745632295286e-02	2.689952759568294688e-02	6.955508648995771537e-02
1.018834406995802851e+03	2.783196536901800244e-01	1.771634453211239635e-01	2.366568317644395236e-01	1.426174313931135029e-01	6.869996184271609518e-02	2.692358459819453598e-02	6.961909139014534065e-02
1.020285738059899245e+03	2.780716300058935775e-01	1.769984552171660064e-01	2.368339191747741157e-01	1.427224743810855123e-01	6.874291351932330929e-02	2.694761450207081716e-02	6.968299319959964100e-02
1.021737069123995752e+03	2.778240226059621731e-01	1.768337492136266009e-01	2.370107011865799362e-01	1.428273249862567207e-01	6.878579260897829672e-02	2.697161732789526978e-02	6.974679207061391939e-02
1.023188400188092373e+03	2.775768307892431119e-01	1.766693268211528833e-01	2.371871783251782717e-01	1.429319835784553239e-01	6.882859923430281746e-02	2.699559309626324566e-02	6.981048815531730456e-02
1.024639731252188767e+03	2.773300538557814110e-01	1.765051875512346491e-01	2.373633511149867981e-01	1.430364505267466002e-01	6.887133351770712009e-02	2.701954182778183722e-02	6.987408160567458448e-02
1.026091062316285615e+03	2.770836911068078612e-01	1.763413309162028819e-01	2.375392200795212183e-01	1.431407261994346869e-01	6.891399558139045534e-02	2.704346354306979075e-02	6.993757257348608147e-02
1.027542393380382237e+03	2.768377418447371396e-01	1.761777564292283660e-01	2.377147857413968446e-01	1.432448109640641898e-01	6.895658554734157564e-02	2.706735826275739193e-02	7.000096121038749952e-02
1.028993724444478858e+03	2.765922053731653674e-01	1.760144636043201871e-01	2.378900486223300692e-01	1.433487051874220153e-01	6.899910353733917923e-02	2.709122600748634438e-02	7.006424766784984104e-02
1.030445055508575479e+03	2.763470809968685549e-01	1.758514519563242895e-01	2.380650092431400022e-01	1.434524092355388691e-01	6.904154967295242362e-02	2.711506679790968294e-02	7.012743209717921256e-02
1.031896386572671872e+03	2.761023680218002707e-01	1.756887210009220046e-01	2.382396681237499148e-01	1.435559234736910605e-01	6.908392407554132808e-02	2.713888065469165570e-02	7.019051464951676922e-02
1.033347717636768493e+03	2.758580657550897541e-01	1.755262702546287745e-01	2.384140257831887932e-01	1.436592482664021675e-01	6.912622686625730095e-02	2.716266759850761991e-02	7.025349547583854826e-02
1.034799048700865114e+03	2.756141735050398611e-01	1.753640992347924865e-01	2.385880827395930326e-01	1.437623839774446743e-01	6.916845816604358377e-02	2.718642765004392406e-02	7.031637472695535795e-02
1.036250379764961508e+03	2.753706905811251215e-01	1.752022074595921963e-01	2.387618395102077684e-01	1.438653309698416372e-01	6.921061809563575085e-02	2.721016082999782107e-02	7.037915255351266663e-02
1.037701710829058356e+03	2.751276162939896297e-01	1.750405944480366294e-01	2.389352966113884869e-01	1.439680896058683768e-01	6.925270677556205623e-02	2.723386715907735039e-02	7.044182910599049163e-02
1.039153041893154750e+03	2.748849499554449904e-01	1.748792597199627374e-01	2.391084545586025512e-01	1.440706602470541720e-01	6.929472432614401656e-02	2.725754665800123738e-02	7.050440453470326052e-02
1.040604372957251599e+03	2.746426908784686538e-01	1.747182027960344219e-01	2.392813138664308392e-01	1.441730432541838136e-01	6.933667086749678576e-02	2.728119934749878919e-02	7.056687898979971396e-02
1.042055704021347992e+03	2.744008383772014170e-01	1.745574231977409518e-01	2.394538750485690481e-01	1.442752389872993535e-01	6.937854651952964080e-02	2.730482524830978378e-02	7.062925262126282244e-02
1.043507035085444613e+03	2.741593917669459812e-01	1.743969204473954648e-01	2.396261386178293873e-01	1.443772478057017694e-01	6.942035140194643961e-02	2.732842438118437620e-02	7.069152557890963362e-02
1.044958366149541234e+03	2.739183503641643980e-01	1.742366940681338572e-01	2.397981050861420493e-01	1.444790700679524920e-01	6.946208563424602356e-02	2.735199676688298762e-02	7.075369801239120293e-02
1.046409697213637855e+03	2.736777134864765704e-01	1.740767435839130628e-01	2.399697749645567368e-01	1.445807061318752085e-01	6.950374933572268932e-02	2.737554242617620814e-02	7.081577007119246869e-02
1.047861028277734476e+03	2.734374804526580882e-01	1.739170685195098320e-01	2.401411487632441055e-01	1.446821563545573897e-01	6.954534262546663292e-02	2.739906137984468928e-02	7.087774190463219659e-02
1.049312359341831097e+03	2.731976505826380630e-01	1.737576684005192051e-01	2.403122269914974296e-01	1.447834210923519827e-01	6.958686562236436612e-02	2.742255364867904333e-02	7.093961366186281314e-02
1.050763690405927491e+03	2.729582231974974627e-01	1.735985427533531245e-01	2.404830101577339618e-01	1.448845007008790209e-01	6.962831844509918822e-02	2.744601925347974272e-02	7.100138549187037795e-02
1.052215021470024112e+03	2.727191976194669465e-01	1.734396911052391022e-01	2.406534987694964878e-01	1.449853955350272616e-01	6.966970121215156075e-02	2.746945821505701602e-02	7.106305754347445880e-02
1.053666352534120733e+03	2.724805731719249779e-01	1.732811129842187214e-01	2.408236933334548524e-01	1.450861059489558236e-01	6.971101404179959327e-02	2.749287055423075415e-02	7.112462996532804838e-02
1.055117683598217127e+03	2.722423491793958261e-01	1.731228079191463320e-01	2.409935943554075144e-01	1.451866322960958244e-01	6.975225705211947347e-02	2.751625629183040295e-02	7.118610290591743939e-02
1.056569014662313975e+03	2.720045249675476229e-01	1.729647754396875514e-01	2.411632023402828506e-01	1.452869749291519352e-01	6.979343036098582809e-02	2.753961544869486591e-02	7.124747651356219680e-02
1.058020345726410369e+03	2.717670998631903090e-01	1.728070150763179325e-01	2.413325177921408216e-01	1.453871342001041289e-01	6.983453408607219470e-02	2.756294804567239673e-02	7.130875093641503293e-02
1.059471676790506763e+03	2.715300731942739132e-01	1.726495263603215202e-01	2.415015412141745255e-01	1.454871104602091236e-01	6.987556834485147972e-02	2.758625410362051250e-02	7.136992632246175194e-02
1.060923007854603611e+03	2.712934442898862764e-01	1.724923088237894919e-01	2.416702731087114475e-01	1.455869040600021591e-01	6.991653325459627755e-02	2.760953364340588273e-02	7.143100281952116659e-02
1.062374338918700232e+03	2.710572124802515526e-01	1.723353619996188246e-01	2.418387139772152084e-01	1.456865153492984954e-01	6.995742893237939797e-02	2.763278668590424605e-02	7.149198057524497329e-02
1.063825669982796853e+03	2.708213770967277667e-01	1.721786854215107965e-01	2.420068643202868408e-01	1.457859446771950507e-01	6.999825549507418532e-02	2.765601325200029575e-02	7.155285973711775216e-02
1.065277001046893474e+03	2.705859374718052046e-01	1.720222786239696267e-01	2.421747246376663998e-01	1.458851923920719829e-01	7.003901305935499033e-02	2.767921336258759649e-02	7.161364045245682819e-02
1.066728332110990095e+03	2.703508929391044147e-01	1.718661411423011987e-01	2.423422954282344333e-01	1.459842588415943276e-01	7.007970174169755873e-02	2.770238703856846632e-02	7.167432286841227129e-02
1.068179663175086489e+03	2.701162428333741539e-01	1.717102725126115337e-01	2.425095771900133701e-01	1.460831443727135526e-01	7.012032165837946140e-02	2.772553430085390389e-02	7.173490713196670199e-02
1.069630994239183110e+03	2.698819864904895005e-01	1.715546722718055417e-01	2.426765704201691298e-01	1.461818493316691669e-01	7.016087292548044141e-02	2.774865517036347040e-02	7.179539338993536080e-02
1.071082325303279504e+03	2.696481232474501888e-01	1.713993399575855503e-01	2.428432756150124827e-01	1.462803740639903316e-01	7.020135565888291351e-02	2.777174966802521336e-02	7.185578178896598334e-02
1.072533656367376352e+03	2.694146524423782774e-01	1.712442751084499448e-01	2.430096932700006040e-01	1.463787189144973855e-01	7.024176997427228342e-02	2.779481781477555896e-02	7.191607247553870319e-02
1.073984987431472746e+03	2.691815734145164285e-01	1.710894772636918637e-01	2.431758238797384064e-01	1.464768842273034277e-01	7.028211598713733632e-02	2.781785963155920804e-02	7.197626559596602414e-02
1.075436318495569594e+03	2.689488855042260762e-01	1.709349459633977553e-01	2.433416679379802328e-01	1.465748703458160385e-01	7.032239381277075041e-02	2.784087513932905281e-02	7.203636129639279240e-02
1.076887649559666215e+03	2.687165880529854278e-01	1.707806807484460732e-01	2.435072259376311610e-01	1.466726776127385834e-01	7.036260356626936052e-02	2.786386435904609701e-02	7.209635972279605787e-02
1.078338980623762609e+03	2.684846804033874101e-01	1.706266811605058331e-01	2.436724983707483638e-01	1.467703063700720179e-01	7.040274536253465776e-02	2.788682731167932069e-02	7.215626102098508798e-02
1.079790311687859230e+03	2.682531618991380595e-01	1.704729467420353639e-01	2.438374857285428576e-01	1.468677569591163856e-01	7.044281931627308091e-02	2.790976401820562114e-02	7.221606533660128446e-02
1.081241642751955851e+03	2.680220318850544126e-01	1.703194770362808641e-01	2.440021885013807235e-01	1.469650297204723177e-01	7.048282554199650218e-02	2.793267449960970539e-02	7.227577281511812779e-02
1.082692973816052472e+03	2.677912897070626741e-01	1.701662715872750142e-01	2.441666071787846615e-01	1.470621249940426423e-01	7.052276415402253251e-02	2.795555877688399998e-02	7.233538360184112170e-02
1.084144304880149093e+03	2.675609347121962189e-01	1.700133299398357556e-01	2.443307422494354064e-01	1.471590431190339943e-01	7.056263526647496565e-02	2.797841687102855385e-02	7.239489784190776545e-02
1.085595635944245487e+03	2.673309662485938709e-01	1.698606516395648469e-01	2.444945942011731155e-01	1.472557844339582034e-01	7.060243899328415285e-02	2.800124880305095154e-02	7.245431568028749825e-02
1.087046967008342108e+03	2.671013836654979046e-01	1.697082362328465044e-01	2.446581635209989503e-01	1.473523492766340426e-01	7.064217544818737760e-02	2.802405459396621265e-02	7.251363726178161606e-02
1.088498298072438729e+03	2.668721863132522132e-01	1.695560832668460971e-01	2.448214506950764924e-01	1.474487379841886436e-01	7.068184474472924417e-02	2.804683426479671199e-02	7.257286273102329932e-02
1.089949629136535123e+03	2.666433735433003105e-01	1.694041922895086760e-01	2.449844562087330480e-01	1.475449508930590514e-01	7.072144699626199682e-02	2.806958783657206857e-02	7.263199223247751579e-02
1.091400960200631971e+03	2.664149447081836097e-01	1.692525628495579193e-01	2.451471805464612019e-01	1.476409883389938615e-01	7.076098231594600552e-02	2.809231533032907624e-02	7.269102591044096506e-02
1.092852291264728365e+03	2.661868991615394253e-01	1.691011944964944669e-01	2.453096241919202891e-01	1.477368506570546081e-01	7.080045081675009899e-02	2.811501676711160302e-02	7.274996390904210630e-02
1.094303622328825213e+03	2.659592362580991964e-01	1.689500867805948381e-01	2.454717876279377820e-01	1.478325381816173734e-01	7.083985261145187007e-02	2.813769216797049402e-02	7.280880637224106111e-02
1.095754953392921607e+03	2.657319553536865442e-01	1.687992392529098773e-01	2.456336713365106228e-01	1.479280512463743147e-01	7.087918781263814749e-02	2.816034155396348812e-02	7.286755344382959965e-02
1.097206284457018228e+03	2.655050558052154397e-01	1.686486514652636159e-01	2.457952757988067782e-01	1.480233901843351907e-01	7.091845653270528738e-02	2.818296494615512432e-02	7.292620526743112674e-02
1.098657615521114849e+03	2.652785369706883722e-01	1.684983229702518293e-01	2.459566014951666546e-01	1.481185553278288602e-01	7.095765888385961728e-02	2.820556236561665847e-02	7.298476198650059865e-02
1.100108946585211470e+03	2.650523982091944619e-01	1.683482533212406485e-01	2.461176489051044303e-01	1.482135470085048368e-01	7.099679497811776929e-02	2.822813383342596613e-02	7.304322374432453691e-02
1.101560277649308091e+03	2.648266388809074057e-01	1.681984420723654783e-01	2.462784185073096377e-01	1.483083655573347037e-01	7.103586492730699919e-02	2.825067937066746623e-02	7.310159068402097282e-02
1.103011608713404712e+03	2.646012583470839230e-01	1.680488887785293317e-01	2.464389107796484124e-01	1.484030113046138077e-01	7.107486884306565833e-02	2.827319899843200660e-02	7.315986294853943361e-02
1.104462939777501106e+03	2.643762559700619241e-01	1.678995929954018584e-01	2.465991261991650196e-01	1.484974845799625909e-01	7.111380683684342952e-02	2.829569273781680841e-02	7.321804068066091464e-02
1.105914270841597499e+03	2.641516311132583450e-01	1.677505542794177906e-01	2.467590652420832142e-01	1.485917857123281449e-01	7.115267901990178501e-02	2.831816060992535175e-02	7.327612402299789329e-02
1.107365601905694348e+03	2.639273831411676485e-01	1.676017721877756106e-01	2.469187283838076286e-01	1.486859150299858212e-01	7.119148550331431957e-02	2.834060263586729925e-02	7.333411311799417631e-02
1.108816932969790741e+03	2.637035114193597707e-01	1.674532462784364406e-01	2.470781160989253267e-01	1.487798728605405074e-01	7.123022639796708355e-02	2.836301883675841282e-02	7.339200810792505247e-02
1.110268264033887590e+03	2.634800153144782331e-01	1.673049761101224886e-01	2.472372288612069424e-01	1.488736595309283206e-01	7.126890181455898532e-02	2.838540923372045652e-02	7.344980913489715380e-02
1.111719595097984211e+03	2.632568941942384777e-01	1.671569612423159656e-01	2.473960671436084280e-01	1.489672753674180505e-01	7.130751186360208271e-02	2.840777384788111676e-02	7.350751634084844166e-02
1.113170926162080832e+03	2.630341474274260349e-01	1.670092012352575872e-01	2.475546314182721641e-01	1.490607206956125197e-01	7.134605665542201325e-02	2.843011270037390861e-02	7.356512986754827621e-02
1.114622257226177226e+03	2.628117743838945808e-01	1.668616956499454074e-01	2.477129221565284867e-01	1.491539958404503041e-01	7.138453630015828555e-02	2.845242581233809950e-02	7.362264985659729144e-02
1.116073588290273847e+03	2.625897744345643270e-01	1.667144440481334589e-01	2.478709398288970744e-01	1.492471011262069269e-01	7.142295090776465405e-02	2.847471320491862246e-02	7.368007644942746459e-02
1.117524919354370468e+03	2.623681469514196896e-01	1.665674459923303374e-01	2.480286849050883369e-01	1.493400368764966069e-01	7.146130058800947982e-02	2.849697489926597202e-02	7.373740978730206064e-02
1.118976250418467089e+03	2.621468913075081786e-01	1.664207010457981195e-01	2.481861578540047464e-01	1.494328034142735628e-01	7.149958545047606362e-02	2.851921091653614529e-02	7.379465001131564617e-02
1.120427581482563710e+03	2.619260068769380667e-01	1.662742087725508910e-01	2.483433591437424481e-01	1.495254010618335128e-01	7.153780560456299287e-02	2.854142127789054476e-02	7.385179726239404774e-02
1.121878912546660331e+03	2.617054930348766684e-01	1.661279687373536096e-01	2.485002892415922870e-01	1.496178301408151445e-01	7.157596115948450244e-02	2.856360600449588810e-02	7.390885168129436578e-02
1.123330243610756725e+03	2.614853491575487854e-01	1.659819805057206332e-01	2.486569486140414731e-01	1.497100909722016149e-01	7.161405222427080774e-02	2.858576511752413535e-02	7.396581340860497455e-02
1.124781574674853118e+03	2.612655746222346531e-01	1.658362436439145549e-01	2.488133377267749136e-01	1.498021838763220204e-01	7.165207890776841004e-02	2.860789863815239864e-02	7.402268258474549445e-02
1.126232905738949967e+03	2.610461688072681086e-01	1.656907577189449254e-01	2.489694570446765454e-01	1.498941091728527575e-01	7.169004131864052665e-02	2.863000658756285205e-02	7.407945934996680581e-02
1.127684236803046360e+03	2.608271310920348696e-01	1.655455222985668107e-01	2.491253070318306673e-01	1.499858671808190491e-01	7.172793956536735460e-02	2.865208898694266912e-02	7.413614384435102123e-02
1.129135567867143209e+03	2.606084608569709804e-01	1.654005369512797086e-01	2.492808881515234665e-01	1.500774582185964157e-01	7.176577375624644539e-02	2.867414585748391531e-02	7.419273620781152712e-02
1.130586898931239830e+03	2.603901574835605359e-01	1.652558012463261339e-01	2.494362008662442398e-01	1.501688826039120073e-01	7.180354399939303800e-02	2.869617722038348209e-02	7.424923658009296989e-02
1.132038229995336451e+03	2.601722203543343492e-01	1.651113147536903969e-01	2.495912456376868926e-01	1.502601406538462414e-01	7.184125040274035034e-02	2.871818309684299672e-02	7.430564510077118656e-02
1.133489561059432845e+03	2.599546488528678978e-01	1.649670770440973266e-01	2.497460229267511322e-01	1.503512326848339964e-01	7.187889307403999561e-02	2.874016350806874245e-02	7.436196190925334348e-02
1.134940892123529466e+03	2.597374423637795471e-01	1.648230876890109664e-01	2.499005331935440222e-01	1.504421590126662767e-01	7.191647212086228758e-02	2.876211847527156834e-02	7.441818714477782537e-02
1.136392223187626087e+03	2.595206002727288852e-01	1.646793462606332970e-01	2.500547768973812035e-01	1.505329199524914618e-01	7.195398765059653201e-02	2.878404801966683371e-02	7.447432094641426303e-02
1.137843554251722708e+03	2.593041219664149466e-01	1.645358523319029875e-01	2.502087544967884214e-01	1.506235158188169165e-01	7.199143977045140141e-02	2.880595216247428675e-02	7.453036345306360277e-02
1.139294885315819101e+03	2.590880068325742691e-01	1.643926054764941469e-01	2.503624664495026075e-01	1.507139469255102393e-01	7.202882858745524031e-02	2.882783092491801938e-02	7.458631480345800924e-02
1.140746216379915950e+03	2.588722542599792842e-01	1.642496052688150743e-01	2.505159132124735732e-01	1.508042135858007615e-01	7.206615420845642606e-02	2.884968432822637013e-02	7.464217513616100419e-02
1.142197547444012343e+03	2.586568636384365960e-01	1.641068512840068438e-01	2.506690952418652030e-01	1.508943161122810461e-01	7.210341674012366031e-02	2.887151239363184782e-02	7.469794458956734162e-02
1.143648878508108737e+03	2.584418343587849831e-01	1.639643430979422500e-01	2.508220129930566200e-01	1.509842548169081367e-01	7.214061628894631595e-02	2.889331514237104132e-02	7.475362330190310489e-02
1.145100209572205586e+03	2.582271658128938996e-01	1.638220802872243920e-01	2.509746669206439629e-01	1.510740300110051115e-01	7.217775296123475626e-02	2.891509259568455711e-02	7.480921141122573448e-02
1.146551540636302207e+03	2.580128573936615877e-01	1.636800624291855355e-01	2.511270574784412735e-01	1.511636420052624441e-01	7.221482686312069577e-02	2.893684477481692566e-02	7.486470905542394472e-02
1.148002871700398828e+03	2.577989084950132459e-01	1.635382891018857532e-01	2.512791851194822179e-01	1.512530911097393904e-01	7.225183810055745004e-02	2.895857170101652847e-02	7.492011637221784870e-02
1.149454202764495449e+03	2.575853185118994193e-01	1.633967598841117863e-01	2.514310502960211413e-01	1.513423776338654048e-01	7.228878677932033814e-02	2.898027339553551837e-02	7.497543349915890276e-02
1.150905533828591842e+03	2.573720868402941675e-01	1.632554743553756016e-01	2.515826534595346220e-01	1.514315018864415274e-01	7.232567300500693241e-02	2.900194987962973966e-02	7.503066057362996200e-02
1.152356864892688463e+03	2.571592128771932884e-01	1.631144320959133642e-01	2.517339950607226373e-01	1.515204641756418280e-01	7.236249688303741934e-02	2.902360117455865529e-02	7.508579773284529413e-02
1.153808195956785084e+03	2.569466960206127637e-01	1.629736326866841056e-01	2.518850755495101179e-01	1.516092648090147377e-01	7.239925851865493256e-02	2.904522730158525315e-02	7.514084511385055176e-02
1.155259527020881706e+03	2.567345356695868719e-01	1.628330757093683911e-01	2.520358953750480024e-01	1.516979040934845480e-01	7.243595801692583047e-02	2.906682828197599405e-02	7.519580285352286952e-02
1.156710858084978327e+03	2.565227312241663560e-01	1.626927607463671821e-01	2.521864549857147919e-01	1.517863823353526043e-01	7.247259548274005703e-02	2.908840413700070418e-02	7.525067108857083631e-02
1.158162189149074720e+03	2.563112820854167584e-01	1.625526873808006145e-01	2.523367548291177709e-01	1.518746998402988324e-01	7.250917102081141929e-02	2.910995488793251609e-02	7.530544995553455079e-02
1.159613520213171569e+03	2.561001876554169776e-01	1.624128551965066392e-01	2.524867953520944508e-01	1.519628569133830986e-01	7.254568473567792053e-02	2.913148055604779241e-02	7.536013959078560753e-02
1.161064851277267962e+03	2.558894473372570477e-01	1.622732637780399112e-01	2.526365770007136802e-01	1.520508538590466252e-01	7.258213673170206548e-02	2.915298116262604600e-02	7.541474013052715253e-02
1.162516182341364356e+03	2.556790605350368062e-01	1.621339127106705136e-01	2.527861002202771434e-01	1.521386909811131838e-01	7.261852711307117958e-02	2.917445672894985326e-02	7.546925171079391093e-02
1.163967513405461204e+03	2.554690266538639509e-01	1.619948015803826524e-01	2.529353654553205821e-01	1.522263685827907054e-01	7.265485598379774201e-02	2.919590727630479859e-02	7.552367446745220092e-02
1.165418844469557826e+03	2.552593450998523750e-01	1.618559299738735469e-01	2.530843731496152382e-01	1.523138869666725292e-01	7.269112344771964940e-02	2.921733282597937728e-02	7.557800853619994763e-02
1.166870175533654447e+03	2.550500152801205012e-01	1.617172974785521244e-01	2.532331237461691309e-01	1.524012464347386797e-01	7.272732960850059047e-02	2.923873339926493301e-02	7.563225405256676637e-02
1.168321506597751068e+03	2.548410366027895058e-01	1.615789036825378278e-01	2.533816176872281667e-01	1.524884472883574482e-01	7.276347456963025429e-02	2.926010901745558501e-02	7.568641115191396262e-02
1.169772837661847461e+03	2.546324084769816531e-01	1.614407481746593376e-01	2.535298554142778049e-01	1.525754898282865313e-01	7.279955843442477426e-02	2.928145970184813790e-02	7.574047996943451821e-02
1.171224168725944082e+03	2.544241303128186860e-01	1.613028305444534904e-01	2.536778373680439458e-01	1.526623743546744738e-01	7.283558130602693637e-02	2.930278547374201223e-02	7.579446064015323004e-02
1.172675499790040703e+03	2.542162015214198267e-01	1.611651503821638909e-01	2.538255639884947068e-01	1.527491011670620569e-01	7.287154328740648446e-02	2.932408635443918554e-02	7.584835329892665456e-02
1.174126830854137097e+03	2.540086215149003901e-01	1.610277072787398012e-01	2.539730357148412554e-01	1.528356705643836022e-01	7.290744448136048106e-02	2.934536236524409522e-02	7.590215808044317725e-02
1.175578161918233945e+03	2.538013897063698954e-01	1.608905008258348368e-01	2.541202529855395298e-01	1.529220828449683045e-01	7.294328499051358494e-02	2.936661352746358297e-02	7.595587511922305413e-02
1.177029492982330339e+03	2.535945055099304013e-01	1.607535306158058841e-01	2.542672162382912937e-01	1.530083383065416192e-01	7.297906491731834255e-02	2.938783986240681156e-02	7.600950454961845348e-02
1.178480824046426733e+03	2.533879683406748962e-01	1.606167962417117678e-01	2.544139259100454131e-01	1.530944372462265113e-01	7.301478436405552108e-02	2.940904139138518850e-02	7.606304650581345583e-02
1.179932155110523581e+03	2.531817776146855770e-01	1.604802972973121133e-01	2.545603824369992996e-01	1.531803799605449268e-01	7.305044343283438601e-02	2.943021813571230008e-02	7.611650112182415107e-02
1.181383486174620202e+03	2.529759327490321286e-01	1.603440333770660975e-01	2.547065862546000758e-01	1.532661667454190135e-01	7.308604222559299257e-02	2.945137011670383512e-02	7.616986853149862458e-02
1.182834817238716823e+03	2.527704331617699474e-01	1.602080040761312829e-01	2.548525377975460193e-01	1.533517978961724537e-01	7.312158084409850489e-02	2.947249735567750856e-02	7.622314886851705440e-02
1.184286148302813444e+03	2.525652782719386424e-01	1.600722089903623968e-01	2.549982374997876167e-01	1.534372737075318793e-01	7.315705938994751523e-02	2.949359987395300253e-02	7.627634226639171122e-02
1.185737479366910065e+03	2.523604674995603148e-01	1.599366477163101097e-01	2.551436857945290626e-01	1.535225944736280657e-01	7.319247796456629374e-02	2.951467769285187268e-02	7.632944885846701388e-02
1.187188810431006686e+03	2.521560002656377808e-01	1.598013198512199251e-01	2.552888831142294257e-01	1.536077604879973746e-01	7.322783666921110768e-02	2.953573083369749608e-02	7.638246877791958489e-02
1.188640141495103080e+03	2.519518759921530182e-01	1.596662249930307642e-01	2.554338298906040916e-01	1.536927720435829758e-01	7.326313560496855448e-02	2.955675931781499149e-02	7.643540215775829205e-02
1.190091472559199701e+03	2.517480941020653895e-01	1.595313627403741052e-01	2.555785265546257623e-01	1.537776294327362347e-01	7.329837487275579766e-02	2.957776316653113954e-02	7.648824913082427623e-02
1.191542803623296322e+03	2.515446540193101432e-01	1.593967326925724848e-01	2.557229735365259549e-01	1.538623329472179335e-01	7.333355457332088601e-02	2.959874240117432720e-02	7.654100982979102075e-02
1.192994134687392716e+03	2.513415551687964156e-01	1.592623344496385540e-01	2.558671712657961117e-01	1.539468828781996312e-01	7.336867480724304502e-02	2.961969704307446799e-02	7.659368438716440686e-02
1.194445465751489564e+03	2.511387969764060646e-01	1.591281676122736077e-01	2.560111201711892104e-01	1.540312795162650517e-01	7.340373567493300999e-02	2.964062711356292915e-02	7.664627293528276930e-02
1.195896796815585958e+03	2.509363788689915054e-01	1.589942317818667239e-01	2.561548206807206518e-01	1.541155231514111656e-01	7.343873727663323414e-02	2.966153263397247261e-02	7.669877560631686852e-02
1.197348127879682352e+03	2.507343002743744886e-01	1.588605265604933203e-01	2.562982732216695925e-01	1.541996140730496900e-01	7.347367971241829110e-02	2.968241362563716484e-02	7.675119253227005722e-02
1.198799458943779200e+03	2.505325606213441025e-01	1.587270515509140167e-01	2.564414782205804433e-01	1.542835525700083366e-01	7.350856308219505530e-02	2.970327010989232824e-02	7.680352384497826645e-02
1.200250790007875821e+03	2.503311593396553847e-01	1.585938063565736911e-01	2.565844361032639243e-01	1.543673389305320054e-01	7.354338748570304896e-02	2.972410210807445441e-02	7.685576967611007504e-02
1.201702121071972442e+03	2.501300958600274904e-01	1.584607905815999251e-01	2.567271472947983413e-01	1.544509734422841729e-01	7.357815302251473344e-02	2.974490964152115210e-02	7.690793015716675118e-02
1.203153452136069063e+03	2.499293696141421939e-01	1.583280038308021165e-01	2.568696122195308629e-01	1.545344563923481407e-01	7.361285979203580077e-02	2.976569273157106052e-02	7.696000541948232188e-02
1.204604783200165684e+03	2.497289800346420841e-01	1.581954457096702293e-01	2.570118313010790190e-01	1.546177880672283400e-01	7.364750789350542337e-02	2.978645139956379029e-02	7.701199559422361451e-02
1.206056114264262078e+03	2.495289265551290936e-01	1.580631158243735734e-01	2.571538049623315336e-01	1.547009687528515809e-01	7.368209742599658718e-02	2.980718566683985063e-02	7.706390081239034018e-02
1.207507445328358699e+03	2.493292086101627225e-01	1.579310137817596382e-01	2.572955336254498238e-01	1.547839987345683010e-01	7.371662848841632754e-02	2.982789555474058343e-02	7.711572120481513526e-02
1.208958776392455093e+03	2.491298256352585394e-01	1.577991391893530382e-01	2.574370177118692204e-01	1.548668782971539537e-01	7.375110117950606226e-02	2.984858108460809387e-02	7.716745690216363085e-02
1.210410107456551941e+03	2.489307770668864883e-01	1.576674916553541250e-01	2.575782576423001902e-01	1.549496077248101455e-01	7.378551559784189695e-02	2.986924227778518445e-02	7.721910803493446662e-02
1.211861438520648335e+03	2.487320623424691957e-01	1.575360707886381273e-01	2.577192538367297225e-01	1.550321873011659413e-01	7.381987184183480544e-02	2.988987915561528569e-02	7.727067473345941573e-02
1.213312769584745183e+03	2.485336809003804992e-01	1.574048761987536238e-01	2.578600067144223296e-01	1.551146173092791403e-01	7.385417000973101831e-02	2.991049173944238318e-02	7.732215712790342643e-02
1.214764100648841804e+03	2.483356321799436994e-01	1.572739074959217664e-01	2.580005166939214889e-01	1.551968980316376090e-01	7.388841019961225887e-02	2.993108005061096213e-02	7.737355534826467762e-02
1.216215431712937971e+03	2.481379156214299775e-01	1.571431642910348370e-01	2.581407841930506986e-01	1.552790297501603911e-01	7.392259250939603454e-02	2.995164411046593103e-02	7.742486952437462044e-02
1.217666762777034819e+03	2.479405306660567854e-01	1.570126461956552477e-01	2.582808096289149757e-01	1.553610127461990398e-01	7.395671703683588671e-02	2.997218394035255223e-02	7.747609978589806157e-02
1.219118093841131440e+03	2.477434767559862361e-01	1.568823528220142649e-01	2.584205934179017450e-01	1.554428473005389222e-01	7.399078387952175151e-02	2.999269956161638648e-02	7.752724626233324645e-02
1.220569424905228061e+03	2.475467533343234938e-01	1.567522837830109816e-01	2.585601359756824480e-01	1.555245336934003852e-01	7.402479313488014023e-02	3.001319099560322348e-02	7.757830908301190098e-02
1.222020755969324682e+03	2.473503598451151919e-01	1.566224386922110967e-01	2.586994377172135429e-01	1.556060722044399769e-01	7.405874490017450018e-02	3.003365826365899868e-02	7.762928837709928698e-02
1.223472087033421303e+03	2.471542957333477952e-01	1.564928171638457488e-01	2.588384990567377253e-01	1.556874631127518060e-01	7.409263927250543669e-02	3.005410138712975854e-02	7.768018427359434097e-02
1.224923418097517697e+03	2.469585604449460181e-01	1.563634188128104618e-01	2.589773204077852609e-01	1.557687066968686807e-01	7.412647634881100456e-02	3.007452038736157032e-02	7.773099690132963258e-02
1.226374749161614318e+03	2.467631534267711035e-01	1.562342432546638682e-01	2.591159021831752063e-01	1.558498032347633566e-01	7.416025622586702726e-02	3.009491528570047009e-02	7.778172638897151714e-02
1.227826080225710712e+03	2.465680741266195464e-01	1.561052901056267372e-01	2.592542447950165196e-01	1.559307530038498424e-01	7.419397900028731896e-02	3.011528610349237939e-02	7.783237286502017738e-02
1.229277411289807560e+03	2.463733219932211227e-01	1.559765589825806709e-01	2.593923486547094481e-01	1.560115562809845369e-01	7.422764476852398985e-02	3.013563286208306366e-02	7.788293645780969277e-02
1.230728742353903954e+03	2.461788964762375298e-01	1.558480495030670210e-01	2.595302141729465828e-01	1.560922133424675062e-01	7.426125362686769593e-02	3.015595558281805241e-02	7.793341729550812280e-02
1.232180073418000802e+03	2.459847970262607486e-01	1.557197612852858071e-01	2.596678417597141908e-01	1.561727244640437329e-01	7.429480567144794434e-02	3.017625428704257678e-02	7.798381550611753477e-02
1.233631404482097196e+03	2.457910230948114061e-01	1.555916939480945504e-01	2.598052318242933256e-01	1.562530899209041979e-01	7.432830099823334313e-02	3.019652899610151056e-02	7.803413121747415637e-02
1.235082735546193817e+03	2.455975741343373042e-01	1.554638471110070808e-01	2.599423847752612704e-01	1.563333099876873244e-01	7.436173970303186498e-02	3.021677973133930425e-02	7.808436455724838965e-02
1.236534066610290438e+03	2.454044495982117546e-01	1.553362203941925646e-01	2.600793010204922595e-01	1.564133849384800323e-01	7.439512188149119409e-02	3.023700651409991919e-02	7.813451565294488033e-02
1.237985397674387059e+03	2.452116489407319966e-01	1.552088134184741453e-01	2.602159809671592550e-01	1.564933150468189316e-01	7.442844762909889278e-02	3.025720936572676156e-02	7.818458463190261498e-02
1.239436728738483680e+03	2.450191716171176426e-01	1.550816258053280272e-01	2.603524250217348901e-01	1.565731005856916824e-01	7.446171704118270673e-02	3.027738830756262350e-02	7.823457162129503206e-02
1.240888059802580301e+03	2.448270170835091519e-01	1.549546571768822267e-01	2.604886335899925798e-01	1.566527418275380501e-01	7.449493021291091199e-02	3.029754336094962058e-02	7.828447674813002188e-02
1.242339390866676695e+03	2.446351847969662485e-01	1.548279071559155173e-01	2.606246070770079082e-01	1.567322390442511815e-01	7.452808723929246759e-02	3.031767454722912244e-02	7.833430013925005153e-02
1.243790721930773088e+03	2.444436742154662556e-01	1.547013753658562640e-01	2.607603458871598501e-01	1.568115925071787986e-01	7.456118821517737638e-02	3.033778188774170423e-02	7.838404192133224813e-02
1.245242052994869937e+03	2.442524847979026248e-01	1.545750614307813964e-01	2.608958504241316589e-01	1.568908024871244200e-01	7.459423323525689320e-02	3.035786540382706677e-02	7.843370222088846822e-02
1.246693384058966330e+03	2.440616160040834093e-01	1.544489649754150762e-01	2.610311210909123658e-01	1.569698692543484708e-01	7.462722239406384406e-02	3.037792511682398458e-02	7.848328116426533940e-02
1.248144715123063179e+03	2.438710672947296265e-01	1.543230856251278371e-01	2.611661582897980005e-01	1.570487930785695596e-01	7.466015578597282043e-02	3.039796104807023988e-02	7.853277887764439913e-02
1.249596046187159800e+03	2.436808381314737593e-01	1.541974230059353079e-01	2.613009624223924798e-01	1.571275742289656163e-01	7.469303350520052620e-02	3.041797321890256714e-02	7.858219548704213631e-02
1.251047377251256421e+03	2.434909279768581458e-01	1.540719767444972410e-01	2.614355338896092174e-01	1.572062129741751690e-01	7.472585564580601358e-02	3.043796165065657672e-02	7.863153111831011621e-02
1.252498708315352815e+03	2.433013362943334812e-01	1.539467464681162079e-01	2.615698730916718451e-01	1.572847095822983432e-01	7.475862230169093292e-02	3.045792636466671324e-02	7.868078589713500826e-02
1.253950039379449436e+03	2.431120625482572628e-01	1.538217318047366833e-01	2.617039804281157123e-01	1.573630643208982771e-01	7.479133356659981025e-02	3.047786738226618622e-02	7.872995994903869699e-02
1.255401370443546057e+03	2.429231062038921807e-01	1.536969323829437961e-01	2.618378562977889956e-01	1.574412774570020934e-01	7.482398953412029707e-02	3.049778472478690064e-02	7.877905339937837925e-02
1.256852701507642678e+03	2.427344667274047019e-01	1.535723478319623303e-01	2.619715010988539206e-01	1.575193492571021758e-01	7.485659029768346184e-02	3.051767841355940494e-02	7.882806637334661970e-02
1.258304032571739299e+03	2.425461435858634607e-01	1.534479777816555590e-01	2.621049152287878714e-01	1.575972799871574181e-01	7.488913595056403971e-02	3.053754846991282856e-02	7.887699899597143405e-02
1.259755363635835920e+03	2.423581362472376211e-01	1.533238218625242177e-01	2.622380990843846127e-01	1.576750699125941957e-01	7.492162658588069624e-02	3.055739491517482642e-02	7.892585139211641398e-02
1.261206694699932314e+03	2.421704441803955998e-01	1.531998797057053385e-01	2.623710530617553993e-01	1.577527192983076698e-01	7.495406229659630493e-02	3.057721777067150953e-02	7.897462368648079656e-02
1.262658025764028707e+03	2.419830668551033181e-01	1.530761509429710843e-01	2.625037775563301978e-01	1.578302284086629259e-01	7.498644317551814154e-02	3.059701705772738950e-02	7.902331600359950581e-02
1.264109356828125556e+03	2.417960037420227026e-01	1.529526352067278883e-01	2.626362729628589632e-01	1.579075975074961391e-01	7.501876931529823100e-02	3.061679279766532646e-02	7.907192846784331930e-02
1.265560687892221949e+03	2.416092543127102144e-01	1.528293321300150942e-01	2.627685396754125269e-01	1.579848268581157400e-01	7.505104080843358338e-02	3.063654501180646320e-02	7.912046120341889588e-02
1.267012018956318798e+03	2.414228180396153500e-01	1.527062413465041235e-01	2.629005780873840958e-01	1.580619167233034972e-01	7.508325774726640200e-02	3.065627372147015223e-02	7.916891433436887282e-02
1.268463350020415419e+03	2.412366943960790322e-01	1.525833624904971153e-01	2.630323885914902515e-01	1.581388673653157106e-01	7.511542022398441654e-02	3.067597894797392463e-02	7.921728798457200460e-02
1.269914681084511813e+03	2.410508828563321104e-01	1.524606951969261215e-01	2.631639715797720602e-01	1.582156790458844886e-01	7.514752833062107729e-02	3.069566071263340676e-02	7.926558227774316290e-02
1.271366012148608434e+03	2.408653828954939735e-01	1.523382391013517190e-01	2.632953274435962943e-01	1.582923520262186634e-01	7.517958215905588826e-02	3.071531903676227859e-02	7.931379733743354477e-02
1.272817343212705055e+03	2.406801939895709119e-01	1.522159938399622325e-01	2.634264565736567087e-01	1.583688865670051238e-01	7.521158180101458757e-02	3.073495394167221131e-02	7.936193328703064487e-02
1.274268674276801676e+03	2.404953156154545357e-01	1.520939590495723748e-01	2.635573593599749853e-01	1.584452829284098418e-01	7.524352734806945275e-02	3.075456544867279443e-02	7.940999024975839427e-02
1.275720005340898297e+03	2.403107472509204701e-01	1.519721343676224690e-01	2.636880361919020088e-01	1.585215413700790665e-01	7.527541889163950894e-02	3.077415357907149762e-02	7.945796834867732694e-02
1.277171336404994690e+03	2.401264883746267453e-01	1.518505194321770890e-01	2.638184874581189776e-01	1.585976621511404616e-01	7.530725652299086192e-02	3.079371835417360134e-02	7.950586770668455205e-02
1.278622667469091539e+03	2.399425384661122429e-01	1.517291138819241436e-01	2.639487135466386802e-01	1.586736455302042159e-01	7.533904033323690630e-02	3.081325979528215173e-02	7.955368844651394822e-02
1.280073998533187932e+03	2.397588970057952795e-01	1.516079173561737381e-01	2.640787148448065502e-01	1.587494917653641813e-01	7.537077041333853367e-02	3.083277792369788425e-02	7.960143069073614963e-02
1.281525329597284326e+03	2.395755634749721086e-01	1.514869294948571754e-01	2.642084917393015542e-01	1.588252011141990383e-01	7.540244685410449343e-02	3.085227276071918906e-02	7.964909456175874036e-02
1.282976660661381175e+03	2.393925373558153102e-01	1.513661499385257903e-01	2.643380446161379682e-01	1.589007738337733233e-01	7.543406974619155936e-02	3.087174432764202420e-02	7.969668018182633762e-02
1.284427991725477568e+03	2.392098181313724592e-01	1.512455783283499500e-01	2.644673738606658775e-01	1.589762101806386496e-01	7.546563918010482097e-02	3.089119264575989482e-02	7.974418767302060562e-02
1.285879322789574417e+03	2.390274052855645981e-01	1.511252143061179165e-01	2.645964798575727306e-01	1.590515104108347622e-01	7.549715524619793339e-02	3.091061773636376991e-02	7.979161715726047766e-02
1.287330653853671038e+03	2.388452983031846277e-01	1.510050575142349583e-01	2.647253629908843386e-01	1.591266747798907588e-01	7.552861803467336710e-02	3.093001962074203720e-02	7.983896875630214218e-02
1.288781984917767431e+03	2.386634966698959748e-01	1.508851075957220178e-01	2.648540236439658191e-01	1.592017035428260341e-01	7.556002763558264390e-02	3.094939832018044068e-02	7.988624259173920938e-02
1.290233315981864052e+03	2.384819998722310930e-01	1.507653641942149070e-01	2.649824621995232610e-01	1.592765969541515558e-01	7.559138413882660057e-02	3.096875385596203206e-02	7.993343878500276667e-02
