1.301360187473271253e+03	2.378540797074688573e-01	1.484310420830858845e-01	2.613466965836145350e-01	1.617840887066060440e-01	7.629422338701913331e-02	3.196027873651380996e-02	8.232959079560980831e-02
1.306197957686926657e+03	2.372635508558333384e-01	1.480352608732721786e-01	2.617335354757967525e-01	1.620467605150860135e-01	7.639962171587057205e-02	3.202789091999562465e-02	8.249337964406359969e-02
1.311035727900581833e+03	2.366763623004464190e-01	1.476417192829920788e-01	2.621180326349596412e-01	1.623079381229387275e-01	7.650445886735858514e-02	3.209521851708645873e-02	8.265627027413616212e-02
1.315873498114237009e+03	2.360924950984987503e-01	1.472504046024861180e-01	2.625002028545895261e-01	1.625676297978357887e-01	7.660873802681972267e-02	3.216226240985925466e-02	8.281826720982884971e-02
1.320711268327892412e+03	2.355119304150552206e-01	1.468613041944792641e-01	2.628800608292948260e-01	1.628258437629625521e-01	7.671246235880524456e-02	3.222902348188803889e-02	8.297937495743279435e-02
1.325549038541547588e+03	2.349346495224359788e-01	1.464744054937633100e-01	2.632576211554993328e-01	1.630825881972781666e-01	7.681563500725539784e-02	3.229550261817094176e-02	8.313959800551481982e-02
1.330386808755202765e+03	2.343606337996010924e-01	1.460896960067816497e-01	2.636328983321307162e-01	1.633378712357728690e-01	7.691825909567165387e-02	3.236170070505441088e-02	8.329894082490559015e-02
1.335224578968857941e+03	2.337898647315388434e-01	1.457071633112167475e-01	2.640059067613044208e-01	1.635917009697225588e-01	7.702033772728701655e-02	3.242761863015872909e-02	8.345740786868971473e-02
1.340062349182513572e+03	2.332223239086575195e-01	1.453267950555797439e-01	2.643766607490031229e-01	1.638440854469407071e-01	7.712187398523435988e-02	3.249325728230473276e-02	8.361500357219782409e-02
1.344900119396168748e+03	2.326579930261808149e-01	1.449485789588027540e-01	2.647451745057514683e-01	1.640950326720276298e-01	7.722287093271287817e-02	3.255861755144175140e-02	8.377173235300065801e-02
1.349737889609823924e+03	2.320968538835467276e-01	1.445725028098333587e-01	2.651114621472861477e-01	1.643445506066173734e-01	7.732333161315260717e-02	3.262370032857675461e-02	8.392759861090492990e-02
1.354575659823479100e+03	2.315388883838097878e-01	1.441985544672316766e-01	2.654755376952216972e-01	1.645926471696218807e-01	7.742325905037712730e-02	3.268850650570465782e-02	8.408260672795106472e-02
1.359413430037134731e+03	2.309840785330470325e-01	1.438267218587697127e-01	2.658374150777113032e-01	1.648393302374729918e-01	7.752265624876439332e-02	3.275303697573979378e-02	8.423676106841263000e-02
1.364251200250789907e+03	2.304324064397670901e-01	1.434569929810330380e-01	2.661971081301037767e-01	1.650846076443618915e-01	7.762152619340584314e-02	3.281729263244857753e-02	8.439006597879762650e-02
1.369088970464445310e+03	2.298838543143231494e-01	1.430893558990249392e-01	2.665546305955951434e-01	1.653284871824764468e-01	7.771987185026361933e-02	3.288127437038317752e-02	8.454252578785130534e-02
1.373926740678100487e+03	2.293384044683288436e-01	1.427237987457728174e-01	2.669099961258766252e-01	1.655709766022362139e-01	7.781769616632608355e-02	3.294498308481647736e-02	8.469414480656071997e-02
1.378764510891755890e+03	2.287960393140779092e-01	1.423603097219368618e-01	2.672632182817774593e-01	1.658120836125250575e-01	7.791500206976167964e-02	3.300841967167793961e-02	8.484492732816077687e-02
1.383602281105411066e+03	2.282567413639669807e-01	1.419988770954211388e-01	2.676143105339038875e-01	1.660518158809221323e-01	7.801179247007097861e-02	3.307158502749069084e-02	8.499487762814189606e-02
1.388440051319066470e+03	2.277204932299218831e-01	1.416394892009869289e-01	2.679632862632729262e-01	1.662901810339301178e-01	7.810807025823707228e-02	3.313448004930962670e-02	8.514399996425914274e-02
1.393277821532721646e+03	2.271872776228271995e-01	1.412821344398682843e-01	2.683101587619426409e-01	1.665271866572018977e-01	7.820383830687441251e-02	3.319710563466050923e-02	8.529229857654274660e-02
1.398115591746377049e+03	2.266570773519590853e-01	1.409268012793898628e-01	2.686549412336373122e-01	1.667628402957651024e-01	7.829909947037591578e-02	3.325946268148021606e-02	8.543977768731018940e-02
1.402953361960032225e+03	2.261298753244215254e-01	1.405734782525870918e-01	2.689976467943686611e-01	1.669971494542445700e-01	7.839385658505845789e-02	3.332155208805785696e-02	8.558644150117948601e-02
1.407791132173687402e+03	2.256056545445857264e-01	1.402221539578284160e-01	2.693382884730524673e-01	1.672301215970830590e-01	7.848811246930689767e-02	3.338337475297703527e-02	8.573229420508395038e-02
1.412628902387342805e+03	2.250843981135328131e-01	1.398728170584399855e-01	2.696768792121211344e-01	1.674617641487599617e-01	7.858186992371643531e-02	3.344493157505899761e-02	8.587733996828815497e-02
1.417466672600997981e+03	2.245660892284996879e-01	1.395254562823321776e-01	2.700134318681317036e-01	1.676920844940082977e-01	7.867513173123349968e-02	3.350622345330680346e-02	8.602158294240525027e-02
1.422304442814653157e+03	2.240507111823284159e-01	1.391800604216288095e-01	2.703479592123695374e-01	1.679210899780297916e-01	7.876790065729501189e-02	3.356725128685045245e-02	8.616502726141539448e-02
1.427142213028308333e+03	2.235382473629182465e-01	1.388366183322979619e-01	2.706804739314481179e-01	1.681487879067082580e-01	7.886017944996633056e-02	3.362801597489293443e-02	8.630767704168551546e-02
1.431979983241963964e+03	2.230286812526814100e-01	1.384951189337854938e-01	2.710109886279041813e-01	1.683751855468213210e-01	7.895197084007757327e-02	3.368851841665722324e-02	8.644953638199008583e-02
1.436817753455619140e+03	2.225219964280016061e-01	1.381555512086503346e-01	2.713395158207890789e-01	1.686002901262503018e-01	7.904327754135857809e-02	3.374875951133420038e-02	8.659060936353314697e-02
1.441655523669274316e+03	2.220181765586959344e-01	1.378179042022020517e-01	2.716660679462553629e-01	1.688241088341886631e-01	7.913410225057233849e-02	3.380874015803144589e-02	8.673090004997136004e-02
1.446493293882929493e+03	2.215172054074797670e-01	1.374821670221405556e-01	2.719906573581398201e-01	1.690466488213485940e-01	7.922444764764714764e-02	3.386846125572298694e-02	8.687041248743818111e-02
1.451331064096585123e+03	2.210190668294348959e-01	1.371483288381978860e-01	2.723132963285420649e-01	1.692679172001661514e-01	7.931431639580727166e-02	3.392792370319985817e-02	8.700915070456896605e-02
1.456168834310240300e+03	2.205237447714804566e-01	1.368163788817820803e-01	2.726339970483985797e-01	1.694879210450049578e-01	7.940371114170223510e-02	3.398712839902155031e-02	8.714711871252719955e-02
1.461006604523895703e+03	2.200312232718473759e-01	1.364863064456230679e-01	2.729527716280537586e-01	1.697066673923580682e-01	7.949263451553482962e-02	3.404607624146831907e-02	8.728432050503161233e-02
1.465844374737550879e+03	2.195414864595554294e-01	1.361581008834208684e-01	2.732696320978256765e-01	1.699241632410486424e-01	7.958108913118773498e-02	3.410476812849434769e-02	8.742076005838433916e-02
1.470682144951206283e+03	2.190545185538935458e-01	1.358317516094954269e-01	2.735845904085686398e-01	1.701404155524289807e-01	7.966907758634882153e-02	3.416320495768167959e-02	8.755644133149986796e-02
1.475519915164861459e+03	2.185703038639031370e-01	1.355072480984390870e-01	2.738976584322313501e-01	1.703554312505781432e-01	7.975660246263517605e-02	3.422138762619505309e-02	8.769136826593500189e-02
1.480357685378516862e+03	2.180888267878643982e-01	1.351845798847703672e-01	2.742088479624108510e-01	1.705692172224982650e-01	7.984366632571586464e-02	3.427931703073745784e-02	8.782554478591965419e-02
1.485195455592172038e+03	2.176100718127853828e-01	1.348637365625904305e-01	2.745181707149033090e-01	1.707817803183094008e-01	7.993027172543337722e-02	3.433699406750653771e-02	8.795897479838844790e-02
1.490033225805827215e+03	2.171340235138945196e-01	1.345447077852411633e-01	2.748256383282495774e-01	1.709931273514428973e-01	8.001642119592383695e-02	3.439441963215176395e-02	8.809166219301320377e-02
1.494870996019482618e+03	2.166606665541354615e-01	1.342274832649652805e-01	2.751312623642780397e-01	1.712032650988336291e-01	8.010211725573605779e-02	3.445159461973235082e-02	8.822361084223614980e-02
1.499708766233137567e+03	2.161899856836652922e-01	1.339120527725686238e-01	2.754350543086427905e-01	1.714122003011108730e-01	8.018736240794931136e-02	3.450851992467596913e-02	8.835482460130400506e-02
1.504546536446793198e+03	2.157219657393556200e-01	1.335984061370842357e-01	2.757370255713584295e-01	1.716199396627877960e-01	8.027215914028991428e-02	3.456519644073817454e-02	8.848530730830267421e-02
1.509384306660448374e+03	2.152565916442962801e-01	1.332865332454384044e-01	2.760371874873303599e-01	1.718264898524497764e-01	8.035650992524663583e-02	3.462162506096260611e-02	8.861506278419278848e-02
1.514222076874103550e+03	2.147938484073021181e-01	1.329764240421187904e-01	2.763355513168817557e-01	1.720318575029413932e-01	8.044041722018499541e-02	3.467780667764183700e-02	8.874409483284592670e-02
1.519059847087758726e+03	2.143337211224226324e-01	1.326680685288443573e-01	2.766321282462766429e-01	1.722360492115522501e-01	8.052388346746032488e-02	3.473374218227907179e-02	8.887240724108147472e-02
1.523897617301414357e+03	2.138761949684543917e-01	1.323614567642371620e-01	2.769269293882391514e-01	1.724390715402016327e-01	8.060691109452973457e-02	3.478943246555040586e-02	8.900000377870419255e-02
1.528735387515069533e+03	2.134212552084563119e-01	1.320565788634962823e-01	2.772199657824688801e-01	1.726409310156218624e-01	8.068950251406299679e-02	3.484487841726787577e-02	8.912688819854241995e-02
1.533573157728724709e+03	2.129688871892676527e-01	1.317534249980735483e-01	2.775112483961523768e-01	1.728416341295406222e-01	8.077166012405229134e-02	3.490008092634314801e-02	8.925306423648693421e-02
1.538410927942380113e+03	2.125190763410290118e-01	1.314519853953509676e-01	2.778007881244716204e-01	1.730411873388619237e-01	8.085338630792085479e-02	3.495504088075189475e-02	8.937853561153033533e-02
1.543248698156035516e+03	2.120718081767057062e-01	1.311522503383202587e-01	2.780885957911078399e-01	1.732395970658462125e-01	8.093468343463060266e-02	3.500975916749884953e-02	8.950330602580706951e-02
1.548086468369690692e+03	2.116270682916144286e-01	1.308542101652643008e-01	2.783746821487423362e-01	1.734368696982892255e-01	8.101555385878864146e-02	3.506423667258348753e-02	8.962737916463406340e-02
1.552924238583346096e+03	2.111848423629522353e-01	1.305578552694401373e-01	2.786590578795534734e-01	1.736330115896996540e-01	8.109599992075273989e-02	3.511847428096637191e-02	8.975075869655187166e-02
1.557762008797001272e+03	2.107451161493283098e-01	1.302631760987640608e-01	2.789417335957098953e-01	1.738280290594759192e-01	8.117602394673580080e-02	3.517247287653612470e-02	8.987344827336631037e-02
1.562599779010656675e+03	2.103078754902986680e-01	1.299701631554985026e-01	2.792227198398604116e-01	1.740219283930817817e-01	8.125562824890930624e-02	3.522623334207704293e-02	8.999545153019071486e-02
1.567437549224311852e+03	2.098731063059032509e-01	1.296788069959406986e-01	2.795020270856200528e-01	1.742147158422208408e-01	8.133481512550572168e-02	3.527975655923731163e-02	9.011677208548858620e-02
1.572275319437967255e+03	2.094407945962059592e-01	1.293890982301131032e-01	2.797796657380526852e-01	1.744063976250100900e-01	8.141358686091994257e-02	3.533304340849782038e-02	9.023741354111682045e-02
1.577113089651622431e+03	2.090109264408371303e-01	1.291010275214557745e-01	2.800556461341501824e-01	1.745969799261525013e-01	8.149194572580976959e-02	3.538609476914161833e-02	9.035737948236938211e-02
1.581950859865277607e+03	2.085834879985387913e-01	1.288145855865203693e-01	2.803299785433079339e-01	1.747864688971085267e-01	8.156989397719539847e-02	3.543891151922391042e-02	9.047667347802139381e-02
1.586788630078933011e+03	2.081584655067124923e-01	1.285297631946660246e-01	2.806026731677969677e-01	1.749748706562665179e-01	8.164743385855793845e-02	3.549149453554267114e-02	9.059529908037369794e-02
1.591626400292587959e+03	2.077358452809698330e-01	1.282465511677569059e-01	2.808737401432325753e-01	1.751621912891123678e-01	8.172456759993700082e-02	3.554384469360982041e-02	9.071325982529783449e-02
1.596464170506243590e+03	2.073156137146853484e-01	1.279649403798616691e-01	2.811431895390394953e-01	1.753484368483980427e-01	8.180129741802741328e-02	3.559596286762294753e-02	9.083055923228147699e-02
1.601301940719898766e+03	2.068977572785522523e-01	1.276849217569544781e-01	2.814110313589137102e-01	1.755336133543091703e-01	8.187762551627490726e-02	3.564784993043763200e-02	9.094720080447415977e-02
1.606139710933553943e+03	2.064822625201406803e-01	1.274064862766179085e-01	2.816772755412810803e-01	1.757177267946317956e-01	8.195355408497101424e-02	3.569950675354025688e-02	9.106318802873354656e-02
1.610977481147209119e+03	2.060691160634584018e-01	1.271296249677474621e-01	2.819419319597519791e-01	1.759007831249180809e-01	8.202908530134696286e-02	3.575093420702143282e-02	9.117852437567196267e-02
1.615815251360864750e+03	2.056583046085140032e-01	1.268543289102579130e-01	2.822050104235734325e-01	1.760827882686510915e-01	8.210422132966677111e-02	3.580213315954990094e-02	9.129321329970324639e-02
1.620653021574519926e+03	2.052498149308827347e-01	1.265805892347912909e-01	2.824665206780769822e-01	1.762637481174088028e-01	8.217896432131942264e-02	3.585310447834695602e-02	9.140725823909007230e-02
1.625490791788175102e+03	2.048436338812749946e-01	1.263083971224265023e-01	2.827264724051243849e-01	1.764436685310271091e-01	8.225331641491019641e-02	3.590384902916144566e-02	9.152066261599155206e-02
1.630328562001830505e+03	2.044397483851068953e-01	1.260377438043907006e-01	2.829848752235492038e-01	1.766225553377619162e-01	8.232727973635116381e-02	3.595436767624522745e-02	9.163342983651111273e-02
1.635166332215485909e+03	2.040381454420736596e-01	1.257686205617723763e-01	2.832417386895950684e-01	1.768004143344503731e-01	8.240085639895076974e-02	3.600466128232911178e-02	9.174556329074479155e-02
1.640004102429141085e+03	2.036388121257253769e-01	1.255010187252359743e-01	2.834970722973516044e-01	1.769772512866714109e-01	8.247404850350267824e-02	3.605473070859938067e-02	9.185706635282971100e-02
1.644841872642796488e+03	2.032417355830451466e-01	1.252349296747383434e-01	2.837508854791860879e-01	1.771530719289050870e-01	8.254685813837377151e-02	3.610457681467471591e-02	9.196794238099288699e-02
1.649679642856451665e+03	2.028469030340297186e-01	1.249703448392466276e-01	2.840031876061728244e-01	1.773278819646914861e-01	8.261928737959127467e-02	3.615420045858363379e-02	9.207819471760045338e-02
1.654517413070107068e+03	2.024543017712725212e-01	1.247072556964579637e-01	2.842539879885185861e-01	1.775016870667884272e-01	8.269133829092920052e-02	3.620360249674240555e-02	9.218782668920688650e-02
1.659355183283762244e+03	2.020639191595491602e-01	1.244456537725206619e-01	2.845032958759856623e-01	1.776744928773284771e-01	8.276301292399387832e-02	3.625278378393342882e-02	9.229684160660468761e-02
1.664192953497417420e+03	2.016757426354051363e-01	1.241855306417571636e-01	2.847511204583112465e-01	1.778463050079752694e-01	8.283431331830876099e-02	3.630174517328406403e-02	9.240524276487427358e-02
1.669030723711072824e+03	2.012897597067461741e-01	1.239268779263884290e-01	2.849974708656239364e-01	1.780171290400788253e-01	8.290524150139851056e-02	3.635048751624592872e-02	9.251303344343407564e-02
1.673868493924728000e+03	2.009059579524307693e-01	1.236696872962600585e-01	2.852423561688571807e-01	1.781869705248300961e-01	8.297579948887223722e-02	3.639901166257461518e-02	9.262021690609090196e-02
1.678706264138383403e+03	2.005243250218651241e-01	1.234139504685698718e-01	2.854857853801596734e-01	1.783558349834147849e-01	8.304598928450604434e-02	3.644731846030989375e-02	9.272679640109045274e-02
1.683544034352038352e+03	2.001448486346002753e-01	1.231596592075971941e-01	2.857277674533028056e-01	1.785237279071664740e-01	8.311581288032474091e-02	3.649540875575628396e-02	9.283277516116811290e-02
1.688381804565693983e+03	1.997675165799318864e-01	1.229068053244336267e-01	2.859683112840847863e-01	1.786906547577186144e-01	8.318527225668295721e-02	3.654328339346411825e-02	9.293815640359993913e-02
1.693219574779349159e+03	1.993923167165019550e-01	1.226553806767153726e-01	2.862074257107322106e-01	1.788566209671560991e-01	8.325436938234544171e-02	3.659094321621097351e-02	9.304294333025379948e-02
1.698057344993004335e+03	1.990192369719031573e-01	1.224053771683571712e-01	2.864451195142985740e-01	1.790216319381659482e-01	8.332310621456669175e-02	3.663838906498356751e-02	9.314713912764074899e-02
1.702895115206659511e+03	1.986482653422851075e-01	1.221567867492877185e-01	2.866814014190594562e-01	1.791856930441871609e-01	8.339148469916977946e-02	3.668562177896000920e-02	9.325074696696653009e-02
1.707732885420315142e+03	1.982793898919632536e-01	1.219096014151866275e-01	2.869162800929055401e-01	1.793488096295599576e-01	8.345950677062463630e-02	3.673264219549249310e-02	9.335377000418325355e-02
1.712570655633970318e+03	1.979125987530298281e-01	1.216638132072228873e-01	2.871497641477318563e-01	1.795109870096740778e-01	8.352717435212549113e-02	3.677945115009037536e-02	9.345621138004127360e-02
1.717408425847625494e+03	1.975478801249669347e-01	1.214194142117949321e-01	2.873818621398247508e-01	1.796722304711166340e-01	8.359448935566768379e-02	3.682604947640361059e-02	9.355807422014117414e-02
1.722246196061280898e+03	1.971852222742622174e-01	1.211763965602720428e-01	2.876125825702460781e-01	1.798325452718188555e-01	8.366145368212388189e-02	3.687243800620662593e-02	9.365936163498594924e-02
1.727083966274936301e+03	1.968246135340263880e-01	1.209347524287374270e-01	2.878419338852141740e-01	1.799919366412024158e-01	8.372806922131949270e-02	3.691861756938256273e-02	9.376007672003321136e-02
1.731921736488591478e+03	1.964660423036130588e-01	1.206944740377326186e-01	2.880699244764821088e-01	1.801504097803248439e-01	8.379433785210753383e-02	3.696458899390784453e-02	9.386022255574766326e-02
1.736759506702246881e+03	1.961094970482409328e-01	1.204555536520034859e-01	2.882965626817133309e-01	1.803079698620244087e-01	8.386026144244274061e-02	3.701035310583714738e-02	9.395980220765362545e-02
1.741597276915902057e+03	1.957549662986178829e-01	1.202179835802476837e-01	2.885218567848543691e-01	1.804646220310640869e-01	8.392584184945514614e-02	3.705591072928876573e-02	9.405881872638766072e-02
1.746435047129557461e+03	1.954024386505674449e-01	1.199817561748634381e-01	2.887458150165051474e-01	1.806203714042749209e-01	8.399108091952291189e-02	3.710126268643026276e-02	9.415727514775139306e-02
1.751272817343212637e+03	1.950519027646573644e-01	1.197468638316999540e-01	2.889684455542860242e-01	1.807752230706987095e-01	8.405598048834468650e-02	3.714640979746452326e-02	9.425517449276428483e-02
1.756110587556867813e+03	1.947033473658301705e-01	1.195132989898091275e-01	2.891897565232023903e-01	1.809291820917299787e-01	8.412054238101110415e-02	3.719135288061611866e-02	9.435251976771664995e-02
1.760948357770523216e+03	1.943567612430360803e-01	1.192810541311987993e-01	2.894097559960067123e-01	1.810822535012571455e-01	8.418476841207593597e-02	3.723609275211807457e-02	9.444931396422268088e-02
1.765786127984178393e+03	1.940121332488679295e-01	1.190501217805873813e-01	2.896284519935580226e-01	1.812344423058032117e-01	8.424866038562640880e-02	3.728063022619888117e-02	9.454556005927358675e-02
1.770623898197833569e+03	1.936694522991980472e-01	1.188204945051598710e-01	2.898458524851780238e-01	1.813857534846656794e-01	8.431222009535307982e-02	3.732496611506991996e-02	9.464126101529081458e-02
1.775461668411488745e+03	1.933287073728175431e-01	1.185921649143253237e-01	2.900619653890054161e-01	1.815361919900556620e-01	8.437544932461901737e-02	3.736910122891316799e-02	9.473641978017927068e-02
1.780299438625144376e+03	1.929898875110773737e-01	1.183651256594757117e-01	2.902767985723472832e-01	1.816857627472365788e-01	8.443834984652842657e-02	3.741303637586922831e-02	9.483103928738076394e-02
1.785137208838799552e+03	1.926529818175315989e-01	1.181393694337461303e-01	2.904903598520279795e-01	1.818344706546619061e-01	8.450092342399474765e-02	3.745677236202569343e-02	9.492512245592733822e-02
1.789974979052454728e+03	1.923179794575827495e-01	1.179148889717764603e-01	2.907026569947349648e-01	1.819823205841124558e-01	8.456317180980810200e-02	3.750030999140582105e-02	9.501867219049472957e-02
1.794812749266109904e+03	1.919848696581291092e-01	1.176916770494743775e-01	2.909136977173631400e-01	1.821293173808330723e-01	8.462509674670222470e-02	3.754365006595746651e-02	9.511169138145593449e-02
1.799650519479765535e+03	1.916536417072140230e-01	1.174697264837796934e-01	2.911234896873554079e-01	1.822754658636683567e-01	8.468669996742074491e-02	3.758679338554239691e-02	9.520418290493468105e-02
1.804488289693420711e+03	1.913242849536773427e-01	1.172490301324300710e-01	2.913320405230418464e-01	1.824207708251980586e-01	8.474798319478304975e-02	3.762974074792584805e-02	9.529614962285910817e-02
1.809326059907075887e+03	1.909967888068088704e-01	1.170295808937281551e-01	2.915393577939754399e-01	1.825652370318716355e-01	8.480894814174949614e-02	3.767249294876640064e-02	9.538759438301533389e-02
1.814163830120731291e+03	1.906711427360036071e-01	1.168113717063099383e-01	2.917454490212661455e-01	1.827088692241422840e-01	8.486959651148616446e-02	3.771505078160608537e-02	9.547852001910110686e-02
1.819001600334386467e+03	1.903473362704191651e-01	1.165943955489145423e-01	2.919503216779119059e-01	1.828516721166002779e-01	8.492992999742894622e-02	3.775741503786089054e-02	9.556892935077954121e-02
1.823839370548041643e+03	1.900253589986351521e-01	1.163786454401552761e-01	2.921539831891276640e-01	1.829936503981056672e-01	8.498995028334720148e-02	3.779958650681141535e-02	9.565882518373279575e-02
1.828677140761696819e+03	1.897052005683143583e-01	1.161641144382921237e-01	2.923564409326717128e-01	1.831348087319202844e-01	8.504965904340693050e-02	3.784156597559391183e-02	9.574821030971575331e-02
1.833514910975352450e+03	1.893868506858660261e-01	1.159507956410053137e-01	2.925577022391696591e-01	1.832751517558393883e-01	8.510905794223330711e-02	3.788335422919150708e-02	9.583708750660976938e-02
1.838352681189008081e+03	1.890702991161110347e-01	1.157386821851704578e-01	2.927577743924362208e-01	1.834146840823223379e-01	8.516814863497275401e-02	3.792495205042575868e-02	9.592545953847644857e-02
1.843190451402663257e+03	1.887555356819489438e-01	1.155277672466348132e-01	2.929566646297941390e-01	1.835534102986228766e-01	8.522693276735450463e-02	3.796636021994844595e-02	9.601332915561130998e-02
1.848028221616318433e+03	1.884425502640269812e-01	1.153180440399948492e-01	2.931543801423915907e-01	1.836913349669186957e-01	8.528541197575173483e-02	3.800757951623359721e-02	9.610069909459754978e-02
1.852865991829973609e+03	1.881313328004110552e-01	1.151095058183752434e-01	2.933509280755165483e-01	1.838284626244404418e-01	8.534358788724207001e-02	3.804861071556984303e-02	9.618757207835978984e-02
1.857703762043628785e+03	1.878218732862584617e-01	1.149021458732089052e-01	2.935463155289090853e-01	1.839647977836001425e-01	8.540146211966768985e-02	3.808945459205292233e-02	9.627395081621777095e-02
1.862541532257283961e+03	1.875141617734925048e-01	1.146959575340184695e-01	2.937405495570715175e-01	1.841003449321189089e-01	8.545903628169491950e-02	3.813011191757854912e-02	9.635983800394004595e-02
1.867379302470939592e+03	1.872081883704791450e-01	1.144909341681989573e-01	2.939336371695761563e-01	1.842351085331541682e-01	8.551631197287334896e-02	3.817058346183539730e-02	9.644523632379768674e-02
1.872217072684594768e+03	1.869039432417053115e-01	1.142870691808017120e-01	2.941255853313707314e-01	1.843690930254262283e-01	8.557329078369443898e-02	3.821086999229845321e-02	9.653014844461794974e-02
1.877054842898249490e+03	1.866014166074591862e-01	1.140843560143196128e-01	2.943164009630816480e-01	1.845023028233442608e-01	8.562997429564972451e-02	3.825097227422250001e-02	9.661457702183791352e-02
1.881892613111905121e+03	1.863005987435122912e-01	1.138827881484733989e-01	2.945060909413151351e-01	1.846347423171316171e-01	8.568636408128850468e-02	3.829089107063587960e-02	9.669852469755806090e-02
1.886730383325560297e+03	1.860014799808033803e-01	1.136823590999993527e-01	2.946946620989560062e-01	1.847664158729507289e-01	8.574246170427506086e-02	3.833062714233449048e-02	9.678199410059587504e-02
1.891568153539215928e+03	1.857040507051241074e-01	1.134830624224382051e-01	2.948821212254644775e-01	1.848973278330272585e-01	8.579826871944547240e-02	3.837018124787600765e-02	9.686498784653940763e-02
1.896405923752871104e+03	1.854083013568066096e-01	1.132848917059251642e-01	2.950684750671703771e-01	1.850274825157737502e-01	8.585378667286393262e-02	3.840955414357431069e-02	9.694750853780073618e-02
1.901243693966526507e+03	1.851142224304128114e-01	1.130878405769812078e-01	2.952537303275658553e-01	1.851568842159127815e-01	8.590901710187862084e-02	3.844874658349411306e-02	9.702955876366947674e-02
1.906081464180181683e+03	1.848218044744254773e-01	1.128919026983055685e-01	2.954378936675953193e-01	1.852855372045992266e-01	8.596396153517717187e-02	3.848775931944587586e-02	9.711114110036617175e-02
1.910919234393836859e+03	1.845310380909411241e-01	1.126970717685694401e-01	2.956209717059437025e-01	1.854134457295422700e-01	8.601862149284170145e-02	3.852659310098084655e-02	9.719225811109563629e-02
1.915757004607492036e+03	1.842419139353646818e-01	1.125033415222107952e-01	2.958029710193223472e-01	1.855406140151267536e-01	8.607299848640334594e-02	3.856524867538638213e-02	9.727291234610034587e-02
1.920594774821147894e+03	1.839544227161058199e-01	1.123107057292304922e-01	2.959838981427529991e-01	1.856670462625339135e-01	8.612709401889638572e-02	3.860372678768140414e-02	9.735310634271360231e-02
1.925432545034802843e+03	1.836685551942770500e-01	1.121191581949894378e-01	2.961637595698495273e-01	1.857927466498615898e-01	8.618090958491206321e-02	3.864202818061212436e-02	9.743284262541281049e-02
1.930270315248458019e+03	1.833843021833936882e-01	1.119286927600069981e-01	2.963425617530978107e-01	1.859177193322437416e-01	8.623444667065176261e-02	3.868015359464792996e-02	9.751212370587263034e-02
1.935108085462113195e+03	1.831016545490753156e-01	1.117393032997605479e-01	2.965203111041335160e-01	1.860419684419696296e-01	8.628770675398003687e-02	3.871810376797745618e-02	9.759095208301801772e-02
1.939945855675768371e+03	1.828206032087491273e-01	1.115509837244861718e-01	2.966970139940177109e-01	1.861654980886023603e-01	8.634069130447696860e-02	3.875587943650490863e-02	9.766933024307725142e-02
1.944783625889424002e+03	1.825411391313549736e-01	1.113637279789804480e-01	2.968726767535107003e-01	1.862883123590966528e-01	8.639340178349032284e-02	3.879348133384648983e-02	9.774726065963490473e-02
1.949621396103079178e+03	1.822632533370519003e-01	1.111775300424035218e-01	2.970473056733436423e-01	1.864104153179164114e-01	8.644583964418715849e-02	3.883091019132706850e-02	9.782474579368470591e-02
1.954459166316734354e+03	1.819869368969266599e-01	1.109923839280831659e-01	2.972209070044884993e-01	1.865318110071514934e-01	8.649800633160514840e-02	3.886816673797705707e-02	9.790178809368237089e-02
1.959296936530389530e+03	1.817121809327037207e-01	1.108082836833200052e-01	2.973934869584254903e-01	1.866525034466340049e-01	8.654990328270345534e-02	3.890525170052937243e-02	9.797838999559831119e-02
1.964134706744044706e+03	1.814389766164568596e-01	1.106252233891939357e-01	2.975650517074092671e-01	1.867724966340540971e-01	8.660153192641319164e-02	3.894216580341669509e-02	9.805455392297025841e-02
1.968972476957700337e+03	1.811673151703226126e-01	1.104431971603715285e-01	2.977356073847328144e-01	1.868917945450750961e-01	8.665289368368754575e-02	3.897890976876879771e-02	9.813028228695591659e-02
1.973810247171355968e+03	1.808971878662152533e-01	1.102621991449146271e-01	2.979051600849891290e-01	1.870104011334483007e-01	8.670398996755149246e-02	3.901548431641011644e-02	9.820557748638535089e-02
1.978648017385010689e+03	1.806285860255434639e-01	1.100822235240900421e-01	2.980737158643316231e-01	1.871283203311269183e-01	8.675482218315115623e-02	3.905189016385746115e-02	9.828044190781350109e-02
1.983485787598666320e+03	1.803615010189284773e-01	1.099032645121803126e-01	2.982412807407324173e-01	1.872455560483798631e-01	8.680539172780273038e-02	3.908812802631789901e-02	9.835487792557243147e-02
1.988323557812321269e+03	1.800959242659239956e-01	1.097253163562955658e-01	2.984078606942383582e-01	1.873621121739047213e-01	8.685569999104113259e-02	3.912419861668679083e-02	9.842888790182353909e-02
1.993161328025976900e+03	1.798318472347377461e-01	1.095483733361864581e-01	2.985734616672257036e-01	1.874779925749401610e-01	8.690574835466818859e-02	3.916010264554601467e-02	9.850247418660978971e-02
1.997999098239632076e+03	1.795692614419544531e-01	1.093724297640581572e-01	2.987380895646528089e-01	1.875932010973781205e-01	8.695553819280053831e-02	3.919584082116231438e-02	9.857563911790766242e-02
2.002836868453287707e+03	1.793081584522604743e-01	1.091974799843854482e-01	2.989017502543108717e-01	1.877077415658751913e-01	8.700507087191709787e-02	3.923141384948584248e-02	9.864838502167916356e-02
2.007674638666942428e+03	1.790485298781701318e-01	1.090235183737288810e-01	2.990644495670728431e-01	1.878216177839634737e-01	8.705434775090627186e-02	3.926682243414881396e-02	9.872071421192361862e-02
2.012512408880597604e+03	1.787903673797534287e-01	1.088505393405519439e-01	2.992261932971407856e-01	1.879348335341612386e-01	8.710337018111267982e-02	3.930206727646434056e-02	9.879262899072950577e-02
2.017350179094252780e+03	1.785336626643654612e-01	1.086785373250393344e-01	2.993869872022915102e-01	1.880473925780825617e-01	8.715213950638364682e-02	3.933714907542543160e-02	9.886413164832603961e-02
2.022187949307908411e+03	1.782784074863772994e-01	1.085075067989162145e-01	2.995468370041194928e-01	1.881592986565468195e-01	8.720065706311529163e-02	3.937206852770405718e-02	9.893522446313476881e-02
2.027025719521564042e+03	1.780245936469084245e-01	1.083374422652685770e-01	2.997057483882794582e-01	1.882705554896876299e-01	8.724892418029828178e-02	3.940682632765047516e-02	9.900590970182102102e-02
2.031863489735218764e+03	1.777722129935608297e-01	1.081683382583645547e-01	2.998637270047262993e-01	1.883811667770610709e-01	8.729694217956328328e-02	3.944142316729260661e-02	9.907618961934516744e-02
2.036701259948874394e+03	1.775212574201543436e-01	1.080001893434768684e-01	3.000207784679534417e-01	1.884911361977535671e-01	8.734471237522599407e-02	3.947585973633556400e-02	9.914606645901398452e-02
2.041539030162529116e+03	1.772717188664637289e-01	1.078329901167061899e-01	3.001769083572295438e-01	1.886004674104892476e-01	8.739223607433194152e-02	3.951013672216139444e-02	9.921554245253165483e-02
2.046376800376184747e+03	1.770235893179573361e-01	1.076667352048055332e-01	3.003321222168335303e-01	1.887091640537367221e-01	8.743951457670087746e-02	3.954425480982882296e-02	9.928461982005085118e-02
2.051214570589840150e+03	1.767768608055369506e-01	1.075014192650057404e-01	3.004864255562877950e-01	1.888172297458154403e-01	8.748654917497086791e-02	3.957821468207324556e-02	9.935330077022364037e-02
2.056052340803495554e+03	1.765315254052793881e-01	1.073370369848418437e-01	3.006398238505899045e-01	1.889246680850014126e-01	8.753334115464209142e-02	3.961201701930679858e-02	9.942158750025223424e-02
2.060890111017150957e+03	1.762875752381794503e-01	1.071735830819805363e-01	3.007923225404424694e-01	1.890314826496327094e-01	8.757989179412024872e-02	3.964566249961855998e-02	9.948948219593964359e-02
2.065727881230805451e+03	1.760450024698944627e-01	1.070110523040485317e-01	3.009439270324816840e-01	1.891376769982140160e-01	8.762620236475975044e-02	3.967915179877488929e-02	9.955698703174029052e-02
2.070565651444461309e+03	1.758037993104901442e-01	1.068494394284619786e-01	3.010946426995035341e-01	1.892432546695211881e-01	8.767227413090648847e-02	3.971248559021987867e-02	9.962410417081042635e-02
2.075403421658116713e+03	1.755639580141879486e-01	1.066887392622568875e-01	3.012444748806891726e-01	1.893482191827048633e-01	8.771810834994037132e-02	3.974566454507592189e-02	9.969083576505845257e-02
2.080241191871772116e+03	1.753254708791140704e-01	1.065289466419203634e-01	3.013934288818282958e-01	1.894525740373939060e-01	8.776370627231749877e-02	3.977868933214442904e-02	9.975718395519506121e-02
2.085078962085427065e+03	1.750883302470494507e-01	1.063700564332230175e-01	3.015415099755408002e-01	1.895563227137982698e-01	8.780906914161210053e-02	3.981156061790663836e-02	9.982315087078336147e-02
2.089916732299082469e+03	1.748525285031816145e-01	1.062120635310522254e-01	3.016887234014971053e-01	1.896594686728111934e-01	8.785419819455810020e-02	3.984427906652451834e-02	9.988873863028883970e-02
2.094754502512737417e+03	1.746180580758578682e-01	1.060549628592462879e-01	3.018350743666369240e-01	1.897620153561112022e-01	8.789909466109037395e-02	3.987684533984184321e-02	9.995394934112911134e-02
2.099592272726392821e+03	1.743849114363396346e-01	1.058987493704296734e-01	3.019805680453859775e-01	1.898639661862633332e-01	8.794375976438584264e-02	3.990926009738533092e-02	1.000187850997237421e-01
2.104430042940048224e+03	1.741530810985585931e-01	1.057434180458491496e-01	3.021252095798718784e-01	1.899653245668201929e-01	8.798819472090405047e-02	3.994152399636590606e-02	1.000832479915437084e-01
2.109267813153704083e+03	1.739225596188738177e-01	1.055889638952108023e-01	3.022690040801379596e-01	1.900660938824222657e-01	8.803240074042766039e-02	3.997363769168008063e-02	1.001473400911608719e-01
2.114105583367359031e+03	1.736933395958305815e-01	1.054353819565180816e-01	3.024119566243557711e-01	1.901662774988977511e-01	8.807637902610256087e-02	4.000560183591141822e-02	1.002110634622973284e-01
2.118943353581013525e+03	1.734654136699204374e-01	1.052826672959106397e-01	3.025540722590358000e-01	1.902658787633621507e-01	8.812013077447768128e-02	4.003741707933212990e-02	1.002744201578745775e-01
2.123781123794669384e+03	1.732387745233427978e-01	1.051308150075043052e-01	3.026953559992371923e-01	1.903649010043171885e-01	8.816365717554457138e-02	4.006908406990474653e-02	1.003374122200625385e-01
2.128618894008324787e+03	1.730134148797675131e-01	1.049798202132317809e-01	3.028358128287756967e-01	1.904633475317493163e-01	8.820695941277660601e-02	4.010060345328388814e-02	1.004000416803285251e-01
2.133456664221980191e+03	1.727893275040993659e-01	1.048296780626843255e-01	3.029754477004296120e-01	1.905612216372277179e-01	8.825003866316809276e-02	4.013197587281818607e-02	1.004623105594859844e-01
2.138294434435635139e+03	1.725665052022433976e-01	1.046803837329543102e-01	3.031142655361455662e-01	1.906585265940017870e-01	8.829289609727289379e-02	4.016320196955221189e-02	1.005242208677431803e-01
2.143132204649290543e+03	1.723449408208717892e-01	1.045319324284787604e-01	3.032522712272412435e-01	1.907552656570983274e-01	8.833553287924286734e-02	4.019428238222859384e-02	1.005857746047517237e-01
2.147969974862945492e+03	1.721246272471922412e-01	1.043843193808837444e-01	3.033894696346078890e-01	1.908514420634181419e-01	8.837795016686612881e-02	4.022521774729015398e-02	1.006469737596549369e-01
2.152807745076601350e+03	1.719055574087173799e-01	1.042375398488295940e-01	3.035258655889109258e-01	1.909470590318322059e-01	8.842014911160485380e-02	4.025600869888219108e-02	1.007078203111360648e-01
2.157645515290255844e+03	1.716877242730355801e-01	1.040915891178571112e-01	3.036614638907890185e-01	1.910421197632772294e-01	8.846213085863298409e-02	4.028665586885480515e-02	1.007683162274664729e-01
2.162483285503912157e+03	1.714711208475832860e-01	1.039464625002345932e-01	3.037962693110519141e-01	1.911366274408510535e-01	8.850389654687357277e-02	4.031715988676533996e-02	1.008284634665534835e-01
2.167321055717567106e+03	1.712557401794182754e-01	1.038021553348057457e-01	3.039302865908766749e-01	1.912305852299072406e-01	8.854544730903590732e-02	4.034752137988092263e-02	1.008882639759883515e-01
2.172158825931222509e+03	1.710415753549946460e-01	1.036586629868385123e-01	3.040635204420030213e-01	1.913239962781496106e-01	8.858678427165235514e-02	4.037774097318106575e-02	1.009477196930938653e-01
2.176996596144877003e+03	1.708286194999386887e-01	1.035159808478746529e-01	3.041959755469266224e-01	1.914168637157258879e-01	8.862790855511497312e-02	4.040781928936034578e-02	1.010068325449719057e-01
2.181834366358532861e+03	1.706168657788262322e-01	1.033741043355803774e-01	3.043276565590912752e-01	1.915091906553212375e-01	8.866882127371186750e-02	4.043775694883119248e-02	1.010656044485508387e-01
2.186672136572187810e+03	1.704063073949613760e-01	1.032330288935975893e-01	3.044585681030801405e-01	1.916009801922511080e-01	8.870952353566324833e-02	4.046755456972674081e-02	1.011240373106328388e-01
2.191509906785843214e+03	1.701969375901562498e-01	1.030927499913961987e-01	3.045887147748048140e-01	1.916922354045537402e-01	8.875001644315731741e-02	4.049721276790376606e-02	1.011821330279409487e-01
2.196347676999498617e+03	1.699887496445122159e-01	1.029532631241271701e-01	3.047181011416936758e-01	1.917829593530823717e-01	8.879030109238579549e-02	4.052673215694568842e-02	1.012398934871660966e-01
2.201185447213154021e+03	1.697817368762020995e-01	1.028145638124764033e-01	3.048467317428789070e-01	1.918731550815966913e-01	8.883037857357935219e-02	4.055611334816568159e-02	1.012973205650139069e-01
2.206023217426809424e+03	1.695758926412540002e-01	1.026766476025195024e-01	3.049746110893817308e-01	1.919628256168539604e-01	8.887024997104266133e-02	4.058535695060980913e-02	1.013544161282514122e-01
2.210860987640464373e+03	1.693712103333360197e-01	1.025395100655773634e-01	3.051017436642966540e-01	1.920519739686998850e-01	8.890991636318928970e-02	4.061446357106027888e-02	1.014111820337535719e-01
2.215698757854119776e+03	1.691676833835424054e-01	1.024031467980725807e-01	3.052281339229745427e-01	1.921406031301587936e-01	8.894937882257630823e-02	4.064343381403875272e-02	1.014676201285496654e-01
2.220536528067775180e+03	1.689653052601808314e-01	1.022675534213866450e-01	3.053537862932041436e-01	1.922287160775234538e-01	8.898863841593868118e-02	4.067226828180970505e-02	1.015237322498695749e-01
2.225374298281430583e+03	1.687640694685609288e-01	1.021327255817179869e-01	3.054787051753923843e-01	1.923163157704445569e-01	8.902769620422341934e-02	4.070096757438389917e-02	1.015795202251898732e-01
2.230212068495085077e+03	1.685639695507840374e-01	1.019986589499408680e-01	3.056028949427433972e-01	1.924034051520195354e-01	8.906655324262353901e-02	4.072953228952189142e-02	1.016349858722797594e-01
2.235049838708740936e+03	1.683649990855341505e-01	1.018653492214650208e-01	3.057263599414363764e-01	1.924899871488812142e-01	8.910521058061171562e-02	4.075796302273759081e-02	1.016901309992468971e-01
2.239887608922396339e+03	1.681671516878699424e-01	1.017327921160961490e-01	3.058491044908022150e-01	1.925760646712859070e-01	8.914366926197375696e-02	4.078626036730195747e-02	1.017449574045830446e-01
2.244725379136052197e+03	1.679704210090182392e-01	1.016009833778970944e-01	3.059711328834985866e-01	1.926616406132009851e-01	8.918193032484182659e-02	4.081442491424666641e-02	1.017994668772096017e-01
2.249563149349706237e+03	1.677748007361684057e-01	1.014699187750499887e-01	3.060924493856840845e-01	1.927467178523921409e-01	8.921999480172747299e-02	4.084245725236791691e-02	1.018536611965229627e-01
2.254400919563362095e+03	1.675802845922680084e-01	1.013395940997190992e-01	3.062130582371912491e-01	1.928312992505103463e-01	8.925786371955440890e-02	4.087035796823023509e-02	1.019075421324396880e-01
2.259238689777017044e+03	1.673868663358197284e-01	1.012100051679143964e-01	3.063329636516978760e-01	1.929153876531779221e-01	8.929553809969109635e-02	4.089812764617041518e-02	1.019611114454415796e-01
2.264076459990672902e+03	1.671945397606792727e-01	1.010811478193560098e-01	3.064521698168978237e-01	1.929989858900747757e-01	8.933301895798302639e-02	4.092576686830142613e-02	1.020143708866206450e-01
