1.001418434226643626e+03	2.822837495282300435e-01	1.776146754808866357e-01	2.344999583990881875e-01	1.415117611707603640e-01	6.830056884739106604e-02	2.677160888313376633e-02	6.901767769042795042e-02
1.003837319333471214e+03	2.818622248632902116e-01	1.773338042675516590e-01	2.348000375637357140e-01	1.416911868741873026e-01	6.837385808173442048e-02	2.681227096721281941e-02	6.912661738220593488e-02
1.006256204440298802e+03	2.814418955259856969e-01	1.770537297844552993e-01	2.350992427241902771e-01	1.418700684195932371e-01	6.844694285818921087e-02	2.685285550172212404e-02	6.923526518578218547e-02
1.008675089547126618e+03	2.810227581202003888e-01	1.767744497661126180e-01	2.353975763740032145e-01	1.420484075631296694e-01	6.851982375232612554e-02	2.689336259843081584e-02	6.934362182571524036e-02
1.011093974653954206e+03	2.806048092594731203e-01	1.764959619535194091e-01	2.356950409996344531e-01	1.422262060548361295e-01	6.859250133807563710e-02	2.693379236910695487e-02	6.945168802527242058e-02
1.013512859760782021e+03	2.801880455669711334e-01	1.762182640941327982e-01	2.359916390804726594e-01	1.424034656386630737e-01	6.866497618773417799e-02	2.697414492551658549e-02	6.955946450642769285e-02
1.015931744867609382e+03	2.797724636754632122e-01	1.759413539418519801e-01	2.362873730888555568e-01	1.425801880524949494e-01	6.873724887197037170e-02	2.701442037942279606e-02	6.966695198985925486e-02
1.018350629974437197e+03	2.793580602272930924e-01	1.756652292569989837e-01	2.365822454900896876e-01	1.427563750281729826e-01	6.880931995983109728e-02	2.705461884258479610e-02	6.977415119494743967e-02
1.020769515081264785e+03	2.789448318743525390e-01	1.753898878062996880e-01	2.368762587424706190e-01	1.429320282915181317e-01	6.888119001874759562e-02	2.709474042675698649e-02	6.988106283977252309e-02
1.023188400188092373e+03	2.785327752780549782e-01	1.751153273628645868e-01	2.371694152973027325e-01	1.431071495623536804e-01	6.895285961454135359e-02	2.713478524368805045e-02	6.998768764111271135e-02
1.025607285294920075e+03	2.781218871093086853e-01	1.748415457061699707e-01	2.374617175989192086e-01	1.432817405545280254e-01	6.902432931143009931e-02	2.717475340512004803e-02	7.009402631444208720e-02
1.028026170401747549e+03	2.777121640484904730e-01	1.745685406220389702e-01	2.377531680847018158e-01	1.434558029759371023e-01	6.909559967203363073e-02	2.721464502278750711e-02	7.020007957392866704e-02
1.030445055508575479e+03	2.773036027854189345e-01	1.742963099026228480e-01	2.380437691851007287e-01	1.436293385285469792e-01	6.916667125737953337e-02	2.725446020841654909e-02	7.030584813243256903e-02
1.032863940615402726e+03	2.768962000193284090e-01	1.740248513463822921e-01	2.383335233236540673e-01	1.438023489084162831e-01	6.923754462690900890e-02	2.729419907372397647e-02	7.041133270150413959e-02
1.035282825722230655e+03	2.764899524588422253e-01	1.737541627580685422e-01	2.386224329170078817e-01	1.439748358057184874e-01	6.930822033848244024e-02	2.733386173041641928e-02	7.051653399138220479e-02
1.037701710829058356e+03	2.760848568219467225e-01	1.734842419487050702e-01	2.389105003749353862e-01	1.441468009047641441e-01	6.937869894838503970e-02	2.737344829018944006e-02	7.062145271099239119e-02
1.040120595935886058e+03	2.756809098359647159e-01	1.732150867355690405e-01	2.391977281003567768e-01	1.443182458840230886e-01	6.944898101133241408e-02	2.741295886472668378e-02	7.072608956794540491e-02
1.042539481042713533e+03	2.752781082375294619e-01	1.729466949421729072e-01	2.394841184893586328e-01	1.444891724161465885e-01	6.951906708047604633e-02	2.745239356569901396e-02	7.083044526853550515e-02
1.044958366149541234e+03	2.748764487725584571e-01	1.726790643982458739e-01	2.397696739312133452e-01	1.446595821679892147e-01	6.958895770740870790e-02	2.749175250476365226e-02	7.093452051773892209e-02
1.047377251256368709e+03	2.744759281962273478e-01	1.724121929397158248e-01	2.400543968083985458e-01	1.448294768006309075e-01	6.965865344216988497e-02	2.753103579356333888e-02	7.103831601921238581e-02
1.049796136363196410e+03	2.740765432729438400e-01	1.721460784086910611e-01	2.403382894966163419e-01	1.449988579693987645e-01	6.972815483325106589e-02	2.757024354372549294e-02	7.114183247529171084e-02
1.052215021470024112e+03	2.736782907763218309e-01	1.718807186534421216e-01	2.406213543648126618e-01	1.451677273238888288e-01	6.979746242760108410e-02	2.760937586686137632e-02	7.124507058699039441e-02
1.054633906576851814e+03	2.732811674891554299e-01	1.716161115283837690e-01	2.409035937751965450e-01	1.453360865079877107e-01	6.986657677063129457e-02	2.764843287456526105e-02	7.134803105399827039e-02
1.057052791683679516e+03	2.728851702033930904e-01	1.713522548940570045e-01	2.411850100832591826e-01	1.455039371598943476e-01	6.993549840622079183e-02	2.768741467841360701e-02	7.145071457468024634e-02
1.059471676790506763e+03	2.724902957201118525e-01	1.710891466171110542e-01	2.414656056377930404e-01	1.456712809121413765e-01	7.000422787672154479e-02	2.772632138996425702e-02	7.155312184607509618e-02
1.061890561897334692e+03	2.720965408494915860e-01	1.708267845702856058e-01	2.417453827809110944e-01	1.458381193916166441e-01	7.007276572296350370e-02	2.776515312075561459e-02	7.165525356389425282e-02
1.064309447004162394e+03	2.717039024107891776e-01	1.705651666323928228e-01	2.420243438480655651e-01	1.460044542195846062e-01	7.014111248425961009e-02	2.780390998230584249e-02	7.175711042252065630e-02
1.066728332110990095e+03	2.713123772323131622e-01	1.703042906882998309e-01	2.423024911680670690e-01	1.461702870117075337e-01	7.020926869841083440e-02	2.784259208611207168e-02	7.185869311500774070e-02
1.069147217217817570e+03	2.709219621513980214e-01	1.700441546289110095e-01	2.425798270631034093e-01	1.463356193780667724e-01	7.027723490171114418e-02	2.788119954364958950e-02	7.196000233307831007e-02
1.071566102324645271e+03	2.705326540143786485e-01	1.697847563511502289e-01	2.428563538487585327e-01	1.465004529231838382e-01	7.034501162895236137e-02	2.791973246637106942e-02	7.206103876712359468e-02
1.073984987431472746e+03	2.701444496765649794e-01	1.695260937579433913e-01	2.431320738340312093e-01	1.466647892460414826e-01	7.041259941342913053e-02	2.795819096570579046e-02	7.216180310620232130e-02
1.076403872538300675e+03	2.697573460022166247e-01	1.692681647582010285e-01	2.434069893213538227e-01	1.468286299401046491e-01	7.047999878694367892e-02	2.799657515305884609e-02	7.226229603803974166e-02
1.078822757645127922e+03	2.693713398645174451e-01	1.690109672668007879e-01	2.436811026066110220e-01	1.469919765933413447e-01	7.054721027981065984e-02	2.803488513981038793e-02	7.236251824902684149e-02
1.081241642751955851e+03	2.689864281455504047e-01	1.687544992045700298e-01	2.439544159791583733e-01	1.471548307882434570e-01	7.061423442086189883e-02	2.807312103731484862e-02	7.246247042421950779e-02
1.083660527858783553e+03	2.686026077362724251e-01	1.684987584982686470e-01	2.442269317218409286e-01	1.473171941018474596e-01	7.068107173745111216e-02	2.811128295690018888e-02	7.256215324733773786e-02
1.086079412965611255e+03	2.682198755364891829e-01	1.682437430805717726e-01	2.444986521110118494e-01	1.474790681057550346e-01	7.074772275545858358e-02	2.814937100986714819e-02	7.266156740076490372e-02
1.088498298072438729e+03	2.678382284548300185e-01	1.679894508900525996e-01	2.447695794165506977e-01	1.476404543661536950e-01	7.081418799929585506e-02	2.818738530748847448e-02	7.276071356554712766e-02
1.090917183179266431e+03	2.674576634087230120e-01	1.677358798711652277e-01	2.450397159018820048e-01	1.478013544438372129e-01	7.088046799191027869e-02	2.822532596100820260e-02	7.285959242139256054e-02
1.093336068286093905e+03	2.670781773243699475e-01	1.674830279742276218e-01	2.453090638239935339e-01	1.479617698942260196e-01	7.094656325478963799e-02	2.826319308164090133e-02	7.295820464667079897e-02
1.095754953392921607e+03	2.666997671367216105e-01	1.672308931554046529e-01	2.455776254334547104e-01	1.481217022673875783e-01	7.101247430796667204e-02	2.830098678057094488e-02	7.305655091841230242e-02
1.098173838499749309e+03	2.663224297894526971e-01	1.669794733766910566e-01	2.458454029744348568e-01	1.482811531080565071e-01	7.107820167002362743e-02	2.833870716895178429e-02	7.315463191230790752e-02
1.100592723606577010e+03	2.659461622349374443e-01	1.667287666058946127e-01	2.461123986847212897e-01	1.484401239556548957e-01	7.114374585809668528e-02	2.837635435790521882e-02	7.325244830270830065e-02
1.103011608713404712e+03	2.655709614342245950e-01	1.664787708166192981e-01	2.463786147957376382e-01	1.485986163443123453e-01	7.120910738788044370e-02	2.841392845852068125e-02	7.335000076262356006e-02
1.105430493820231959e+03	2.651968243570128614e-01	1.662294839882484943e-01	2.466440535325618577e-01	1.487566318028857859e-01	7.127428677363233100e-02	2.845142958185451973e-02	7.344728996372275331e-02
1.107849378927059888e+03	2.648237479816265560e-01	1.659809041059282231e-01	2.469087171139442705e-01	1.489141718549797377e-01	7.133928452817693555e-02	2.848885783892929000e-02	7.354431657633354880e-02
1.110268264033887590e+03	2.644517292949910003e-01	1.657330291605506045e-01	2.471726077523256904e-01	1.490712380189658515e-01	7.140410116291048825e-02	2.852621334073304760e-02	7.364108126944191035e-02
1.112687149140715292e+03	2.640807652926078775e-01	1.654858571487370644e-01	2.474357276538553252e-01	1.492278318080028643e-01	7.146873718780508145e-02	2.856349619821865055e-02	7.373758471069170872e-02
1.115106034247542766e+03	2.637108529785313626e-01	1.652393860728219310e-01	2.476980790184085679e-01	1.493839547300561399e-01	7.153319311141295711e-02	2.860070652230306890e-02	7.383382756638455502e-02
1.117524919354370468e+03	2.633419893653433097e-01	1.649936139408358371e-01	2.479596640396050378e-01	1.495396082879174027e-01	7.159746944087090614e-02	2.863784442386668391e-02	7.392981050147946764e-02
1.119943804461197942e+03	2.629741714741291592e-01	1.647485387664892609e-01	2.482204849048262052e-01	1.496947939792242499e-01	7.166156668190437617e-02	2.867491001375260459e-02	7.402553417959274740e-02
1.122362689568025871e+03	2.626073963344541240e-01	1.645041585691562336e-01	2.484805437952333218e-01	1.498495132964794974e-01	7.172548533883174593e-02	2.871190340276599806e-02	7.412099926299771380e-02
1.124781574674853118e+03	2.622416609843386537e-01	1.642604713738578803e-01	2.487398428857849342e-01	1.500037677270707193e-01	7.178922591456848856e-02	2.874882470167339915e-02	7.421620641262463569e-02
1.127200459781681047e+03	2.618769624702343979e-01	1.640174752112461554e-01	2.489983843452547307e-01	1.501575587532894551e-01	7.185278891063140438e-02	2.878567402120203386e-02	7.431115628806063411e-02
1.129619344888508749e+03	2.615132978470004477e-01	1.637751681175875773e-01	2.492561703362489722e-01	1.503108878523503611e-01	7.191617482714270093e-02	2.882245147203917057e-02	7.440584954754957125e-02
1.132038229995336451e+03	2.611506641778794657e-01	1.635335481347471032e-01	2.495132030152240887e-01	1.504637564964105001e-01	7.197938416283408691e-02	2.885915716483143656e-02	7.450028684799203660e-02
1.134457115102163925e+03	2.607890585344737056e-01	1.632926133101719190e-01	2.497694845325043600e-01	1.506161661525883266e-01	7.204241741505094943e-02	2.889579121018417268e-02	7.459446884494533303e-02
1.136876000208991627e+03	2.604284779967210861e-01	1.630523616968754252e-01	2.500250170322990684e-01	1.507681182829826438e-01	7.210527507975630912e-02	2.893235371866076724e-02	7.468839619262349072e-02
1.139294885315819101e+03	2.600689196528716551e-01	1.628127913534211657e-01	2.502798026527201514e-01	1.509196143446915883e-01	7.216795765153494191e-02	2.896884480078202109e-02	7.478206954389729488e-02
1.141713770422646803e+03	2.597103805994640524e-01	1.625739003439067298e-01	2.505338435257993268e-01	1.510706557898314484e-01	7.223046562359737577e-02	2.900526456702548495e-02	7.487548955029446618e-02
1.144132655529474505e+03	2.593528579413015289e-01	1.623356867379480151e-01	2.507871417775056067e-01	1.512212440655553991e-01	7.229279948778388754e-02	2.904161312782481755e-02	7.496865686199963297e-02
1.146551540636302207e+03	2.589963487914288542e-01	1.620981486106632119e-01	2.510396995277624499e-01	1.513713806140721818e-01	7.235495973456848584e-02	2.907789059356916811e-02	7.506157212785458110e-02
1.148970425743129908e+03	2.586408502711085577e-01	1.618612840426569555e-01	2.512915188904650265e-01	1.515210668726647281e-01	7.241694685306283852e-02	2.911409707460252058e-02	7.515423599535836496e-02
1.151389310849957155e+03	2.582863595097976139e-01	1.616250911200045326e-01	2.515426019734972041e-01	1.516703042737087559e-01	7.247876133102025553e-02	2.915023268122307262e-02	7.524664911066755724e-02
1.153808195956785084e+03	2.579328736451241277e-01	1.613895679342363110e-01	2.517929508787489778e-01	1.518190942446910607e-01	7.254040365483949149e-02	2.918629752368260763e-02	7.533881211859640159e-02
1.156227081063612786e+03	2.575803898228640754e-01	1.611547125823218074e-01	2.520425677021331801e-01	1.519674382082280839e-01	7.260187430956878407e-02	2.922229171218588065e-02	7.543072566261714573e-02
1.158645966170440488e+03	2.572289051969180451e-01	1.609205231666541447e-01	2.522914545336026881e-01	1.521153375820840925e-01	7.266317377890964269e-02	2.925821535688999386e-02	7.552239038486026346e-02
1.161064851277267962e+03	2.568784169292882558e-01	1.606869977950345363e-01	2.525396134571673556e-01	1.522627937791895258e-01	7.272430254522065096e-02	2.929406856790378599e-02	7.561380692611481547e-02
1.163483736384095664e+03	2.565289221900550753e-01	1.604541345806566044e-01	2.527870465509107767e-01	1.524098082076590088e-01	7.278526108952142193e-02	2.932985145528721471e-02	7.570497592582874080e-02
1.165902621490923138e+03	2.561804181573545391e-01	1.602219316420910034e-01	2.530337558870074388e-01	1.525563822708095874e-01	7.284604989149627563e-02	2.936556412905077032e-02	7.579589802210921767e-02
1.168321506597751068e+03	2.558329020173549240e-01	1.599903871032698488e-01	2.532797435317393764e-01	1.527025173671785752e-01	7.290666942949815266e-02	2.940120669915485471e-02	7.588657385172306591e-02
1.170740391704578315e+03	2.554863709642341552e-01	1.597594990934713688e-01	2.535250115455129349e-01	1.528482148905416782e-01	7.296712018055230564e-02	2.943677927550919504e-02	7.597700405009717717e-02
1.173159276811406244e+03	2.551408222001569359e-01	1.595292657473045272e-01	2.537695619828754245e-01	1.529934762299307305e-01	7.302740262036006014e-02	2.947228196797225391e-02	7.606718925131891740e-02
1.175578161918233945e+03	2.547962529352518213e-01	1.592996852046938139e-01	2.540133968925318841e-01	1.531383027696515131e-01	7.308751722330260325e-02	2.950771488635061876e-02	7.615713008813659868e-02
1.177997047025061647e+03	2.544526603875887361e-01	1.590707556108638121e-01	2.542565183173617904e-01	1.532826958893014346e-01	7.314746446244466127e-02	2.954307814039844327e-02	7.624682719195997882e-02
1.180415932131889122e+03	2.541100417831561042e-01	1.588424751163240722e-01	2.544989282944355447e-01	1.534266569637872668e-01	7.320724480953824664e-02	2.957837183981684714e-02	7.633628119286077485e-02
1.182834817238716823e+03	2.537683943558385891e-01	1.586148418768539570e-01	2.547406288550308484e-01	1.535701873633426862e-01	7.326685873502625235e-02	2.961359609425333675e-02	7.642549271957316259e-02
1.185253702345544298e+03	2.534277153473942779e-01	1.583878540534874590e-01	2.549816220246495790e-01	1.537132884535457322e-01	7.332630670804621276e-02	2.964875101330124302e-02	7.651446239949435957e-02
1.187672587452371999e+03	2.530880020074324221e-01	1.581615098124981578e-01	2.552219098230337213e-01	1.538559615953362658e-01	7.338558919643393963e-02	2.968383670649914208e-02	7.660319085868520783e-02
1.190091472559199701e+03	2.527492515933909001e-01	1.579358073253841754e-01	2.554614942641822428e-01	1.539982081450333162e-01	7.344470666672713033e-02	2.971885328333028972e-02	7.669167872187079849e-02
1.192510357666027403e+03	2.524114613705140675e-01	1.577107447688531894e-01	2.557003773563670812e-01	1.541400294543524008e-01	7.350365958416901768e-02	2.975380085322205936e-02	7.677992661244101291e-02
1.194929242772855105e+03	2.520746286118304424e-01	1.574863203248074439e-01	2.559385611021496310e-01	1.542814268704227054e-01	7.356244841271192270e-02	2.978867952554537651e-02	7.686793515245128605e-02
1.197348127879682352e+03	2.517387505981303342e-01	1.572625321803289289e-01	2.561760474983970082e-01	1.544224017358042378e-01	7.362107361502091829e-02	2.982348940961417061e-02	7.695570496262320315e-02
1.199767012986510281e+03	2.514038246179440272e-01	1.570393785276644194e-01	2.564128385362980378e-01	1.545629553885049245e-01	7.367953565247734038e-02	2.985823061468481643e-02	7.704323666234519363e-02
1.202185898093337983e+03	2.510698479675194106e-01	1.568168575642107931e-01	2.566489362013797959e-01	1.547030891619975423e-01	7.373783498518242385e-02	2.989290324995558593e-02	7.713053086967325278e-02
1.204604783200165684e+03	2.507368179508001060e-01	1.565949674925001256e-01	2.568843424735233194e-01	1.548428043852367320e-01	7.379597207196074427e-02	2.992750742456610699e-02	7.721758820133173273e-02
1.207023668306993159e+03	2.504047318794035970e-01	1.563737065201850629e-01	2.571190593269798152e-01	1.549821023826758182e-01	7.385394737036381219e-02	2.996204324759681875e-02	7.730440927271400864e-02
1.209442553413820860e+03	2.500735870725991350e-01	1.561530728600240836e-01	2.573530887303867587e-01	1.551209844742836574e-01	7.391176133667358428e-02	2.999651082806843033e-02	7.739099469788326968e-02
1.211861438520648335e+03	2.497433808572861458e-01	1.559330647298668715e-01	2.575864326467839360e-01	1.552594519755612912e-01	7.396941442590596050e-02	3.003091027494137963e-02	7.747734508957339339e-02
1.214280323627476264e+03	2.494141105679722470e-01	1.557136803526398272e-01	2.578190930336290432e-01	1.553975061975586269e-01	7.402690709181426743e-02	3.006524169711533023e-02	7.756346105918966727e-02
1.216699208734303511e+03	2.490857735467516543e-01	1.554949179563313300e-01	2.580510718428139505e-01	1.555351484468910916e-01	7.408423978689272771e-02	3.009950520342860245e-02	7.764934321680967699e-02
1.219118093841131440e+03	2.487583671432835319e-01	1.552767757739774157e-01	2.582823710206803014e-01	1.556723800257560353e-01	7.414141296237992951e-02	3.013370090265768061e-02	7.773499217118415294e-02
1.221536978947959142e+03	2.484318887147704547e-01	1.550592520436471777e-01	2.585129925080353885e-01	1.558092022319492731e-01	7.419842706826226819e-02	3.016782890351668231e-02	7.782040852973783063e-02
1.223955864054786844e+03	2.481063356259368413e-01	1.548423450084283615e-01	2.587429382401679745e-01	1.559456163588814059e-01	7.425528255327738802e-02	3.020188931465683096e-02	7.790559289857032499e-02
1.226374749161614318e+03	2.477817052490074445e-01	1.546260529164130981e-01	2.589722101468637239e-01	1.560816236955941960e-01	7.431197986491758223e-02	3.023588224466595628e-02	7.799054588245711572e-02
1.228793634268442020e+03	2.474579949636860066e-01	1.544103740206834996e-01	2.592008101524212460e-01	1.562172255267767762e-01	7.436851944943323467e-02	3.026980780206797034e-02	7.807526808485039382e-02
1.231212519375269494e+03	2.471352021571340263e-01	1.541953065792972533e-01	2.594287401756674161e-01	1.563524231327818315e-01	7.442490175183619217e-02	3.030366609532237493e-02	7.815976010788007466e-02
1.233631404482097196e+03	2.468133242239492764e-01	1.539808488552735222e-01	2.596560021299729737e-01	1.564872177896417804e-01	7.448112721590313678e-02	3.033745723282373769e-02	7.824402255235470005e-02
1.236050289588924898e+03	2.464923585661446814e-01	1.537669991165787342e-01	2.598825979232683436e-01	1.566216107690846793e-01	7.453719628417899978e-02	3.037118132290120634e-02	7.832805601776249294e-02
1.238469174695752372e+03	2.461723025931272790e-01	1.535537556361123435e-01	2.601085294580586793e-01	1.567556033385503755e-01	7.459310939798022289e-02	3.040483847381800567e-02	7.841186110227231498e-02
1.240888059802580301e+03	2.458531537216769036e-01	1.533411166916927304e-01	2.603337986314394614e-01	1.568891967612062455e-01	7.464886699739825549e-02	3.043842879377094135e-02	7.849543840273466577e-02
1.243306944909407548e+03	2.455349093759252865e-01	1.531290805660431020e-01	2.605584073351122076e-01	1.570223922959632368e-01	7.470446952130277429e-02	3.047195239088990731e-02	7.857878851468277914e-02
1.245725830016235477e+03	2.452175669873350727e-01	1.529176455467774753e-01	2.607823574553992940e-01	1.571551911974914673e-01	7.475991740734500013e-02	3.050540937323741042e-02	7.866191203233363627e-02
1.248144715123063179e+03	2.449011239946788376e-01	1.527068099263866330e-01	2.610056508732596092e-01	1.572875947162361010e-01	7.481521109196111186e-02	3.053879984880806045e-02	7.874480954858903425e-02
1.250563600229890881e+03	2.445855778440182982e-01	1.524965720022242177e-01	2.612282894643038755e-01	1.574196040984328637e-01	7.487035101037541052e-02	3.057212392552811214e-02	7.882748165503665472e-02
1.252982485336718355e+03	2.442709259886834960e-01	1.522869300764927991e-01	2.614502750988094149e-01	1.575512205861237525e-01	7.492533759660374715e-02	3.060538171125497253e-02	7.890992894195125729e-02
1.255401370443546057e+03	2.439571658892520922e-01	1.520778824562299958e-01	2.616716096417358584e-01	1.576824454171724954e-01	7.498017128345667304e-02	3.063857331377673951e-02	7.899215199829565104e-02
1.257820255550373531e+03	2.436442950135285224e-01	1.518694274532945698e-01	2.618922949527399680e-01	1.578132798252800395e-01	7.503485250254277039e-02	3.067169884081171263e-02	7.907415141172197126e-02
1.260239140657201460e+03	2.433323108365235687e-01	1.516615633843526878e-01	2.621123328861907908e-01	1.579437250399998993e-01	7.508938168427192750e-02	3.070475840000793516e-02	7.915592776857273416e-02
1.262658025764028707e+03	2.430212108404337656e-01	1.514542885708642372e-01	2.623317252911846476e-01	1.580737822867535614e-01	7.514375925785853061e-02	3.073775209894272220e-02	7.923748165388203035e-02
1.265076910870856636e+03	2.427109925146207769e-01	1.512476013390689766e-01	2.625504740115603974e-01	1.582034527868457496e-01	7.519798565132471135e-02	3.077068004512219929e-02	7.931881365137670448e-02
1.267495795977684338e+03	2.424016533555910791e-01	1.510415000199729074e-01	2.627685808859140382e-01	1.583327377574795247e-01	7.525206129150362189e-02	3.080354234598084787e-02	7.939992434347756256e-02
1.269914681084511813e+03	2.420931908669754495e-01	1.508359829493346183e-01	2.629860477476138048e-01	1.584616384117715493e-01	7.530598660404255740e-02	3.083633910888104387e-02	7.948081431130055163e-02
1.272333566191339514e+03	2.417856025595087888e-01	1.506310484676517680e-01	2.632028764248150465e-01	1.585901559587671317e-01	7.535976201340624514e-02	3.086907044111259629e-02	7.956148413465800873e-02
1.274752451298167216e+03	2.414788859510096919e-01	1.504266949201474302e-01	2.634190687404750486e-01	1.587182916034552416e-01	7.541338794287995306e-02	3.090173644989231000e-02	7.964193439205988212e-02
1.277171336404994690e+03	2.411730385663603538e-01	1.502229206567566033e-01	2.636346265123677979e-01	1.588460465467834704e-01	7.546686481457275109e-02	3.093433724236352780e-02	7.972216566071502197e-02
1.279590221511822392e+03	2.408680579374863906e-01	1.500197240321128334e-01	2.638495515530987490e-01	1.589734219856729358e-01	7.552019304942061972e-02	3.096687292559569329e-02	7.980217851653237382e-02
1.282009106618650094e+03	2.405639416033366063e-01	1.498171034055345574e-01	2.640638456701194792e-01	1.591004191130331036e-01	7.557337306718965586e-02	3.099934360658390328e-02	7.988197353412231083e-02
1.284427991725477568e+03	2.402606871098631469e-01	1.496150571410118923e-01	2.642775106657424544e-01	1.592270391177765254e-01	7.562640528647919524e-02	3.103174939224847065e-02	7.996155128679791058e-02
1.286846876832305497e+03	2.399582920100014061e-01	1.494135836071932288e-01	2.644905483371555177e-01	1.593532831848336606e-01	7.567929012472497663e-02	3.106409038943449760e-02	8.004091234657630116e-02
1.289265761939132744e+03	2.396567538636501238e-01	1.492126811773718531e-01	2.647029604764366550e-01	1.594791524951673922e-01	7.573202799820223652e-02	3.109636670491142119e-02	8.012005728417993800e-02
1.291684647045960673e+03	2.393560702376515414e-01	1.490123482294726798e-01	2.649147488705682618e-01	1.596046482257877097e-01	7.578461932202890106e-02	3.112857844537259694e-02	8.019898666903790829e-02
1.294103532152788375e+03	2.390562387057714733e-01	1.488125831460390680e-01	2.651259153014519643e-01	1.597297715497662529e-01	7.583706451016862526e-02	3.116072571743488256e-02	8.027770106928736049e-02
1.296522417259616077e+03	2.387572568486796831e-01	1.486133843142195821e-01	2.653364615459227749e-01	1.598545236362506894e-01	7.588936397543391554e-02	3.119280862763819384e-02	8.035620105177479489e-02
1.298941302366443551e+03	2.384591222539301503e-01	1.484147501257547519e-01	2.655463893757638028e-01	1.599789056504792029e-01	7.594151812948926605e-02	3.122482728244508829e-02	8.043448718205745140e-02
1.301360187473271253e+03	2.381618325159413352e-01	1.482166789769640836e-01	2.657557005577202425e-01	1.601029187537948428e-01	7.599352738285419795e-02	3.125678178824035924e-02	8.051256002440472515e-02
1.303779072580098727e+03	2.378653852359766674e-01	1.480191692687327920e-01	2.659643968535140290e-01	1.602265641036597632e-01	7.604539214490634025e-02	3.128867225133059871e-02	8.059042014179952640e-02
1.306197957686926657e+03	2.375697780221250888e-01	1.478222194064988948e-01	2.661724800198581597e-01	1.603498428536695442e-01	7.609711282388452458e-02	3.132049877794380183e-02	8.066806809593969618e-02
1.308616842793753904e+03	2.372750084892814582e-01	1.476258278002401947e-01	2.663799518084705720e-01	1.604727561535673197e-01	7.614868982689182442e-02	3.135226147422896098e-02	8.074550444723942177e-02
1.311035727900581833e+03	2.369810742591271224e-01	1.474299928644611513e-01	2.665868139660887426e-01	1.605953051492578221e-01	7.620012355989858044e-02	3.138396044625563902e-02	8.082272975483069388e-02
1.313454613007409534e+03	2.366879729601105709e-01	1.472347130181800579e-01	2.667930682344836768e-01	1.607174909828215648e-01	7.625141442774550915e-02	3.141559580001356683e-02	8.089974457656474993e-02
1.315873498114237009e+03	2.363957022274282560e-01	1.470399866849161352e-01	2.669987163504741745e-01	1.608393147925288036e-01	7.630256283414663110e-02	3.144716764141227555e-02	8.097654946901344797e-02
1.318292383221064711e+03	2.361042597030051093e-01	1.468458122926766807e-01	2.672037600459405970e-01	1.609607777128534423e-01	7.635356918169242113e-02	3.147867607628065251e-02	8.105314498747086260e-02
1.320711268327892412e+03	2.358136430354755286e-01	1.466521882739441618e-01	2.674082010478392446e-01	1.610818808744869657e-01	7.640443387185268109e-02	3.151012121036656649e-02	8.112953168595464504e-02
1.323130153434719887e+03	2.355238498801641156e-01	1.464591130656634210e-01	2.676120410782162895e-01	1.612026254043522344e-01	7.645515730497964846e-02	3.154150314933648613e-02	8.120571011720760513e-02
1.325549038541547588e+03	2.352348778990666633e-01	1.462665851092290470e-01	2.678152818542215985e-01	1.613230124256172793e-01	7.650573988031098005e-02	3.157282199877505663e-02	8.128168083269914079e-02
1.327967923648375290e+03	2.349467247608310327e-01	1.460746028504725236e-01	2.680179250881229436e-01	1.614430430577090403e-01	7.655618199597269413e-02	3.160407786418474585e-02	8.135744438262677847e-02
1.330386808755202765e+03	2.346593881407383064e-01	1.458831647396496844e-01	2.682199724873195468e-01	1.615627184163269670e-01	7.660648404898218189e-02	3.163527085098543495e-02	8.143300131591768576e-02
1.332805693862030694e+03	2.343728657206837207e-01	1.456922692314278622e-01	2.684214257543561799e-01	1.616820396134566740e-01	7.665664643525114952e-02	3.166640106451407144e-02	8.150835218023021189e-02
1.335224578968857941e+03	2.340871551891578473e-01	1.455019147848734540e-01	2.686222865869368204e-01	1.618010077573834304e-01	7.670666954958868522e-02	3.169746861002422506e-02	8.158349752195541427e-02
1.337643464075685870e+03	2.338022542412278026e-01	1.453120998634393479e-01	2.688225566779385844e-01	1.619196239527057601e-01	7.675655378570402088e-02	3.172847359268578249e-02	8.165843788621861277e-02
1.340062349182513572e+03	2.335181605785184578e-01	1.451228229349522947e-01	2.690222377154253275e-01	1.620378893003487086e-01	7.680629953620968231e-02	3.175941611758451716e-02	8.173317381688095795e-02
1.342481234289341273e+03	2.332348719091937028e-01	1.449340824716004450e-01	2.692213313826613552e-01	1.621558048975774158e-01	7.685590719262427872e-02	3.179029628972176308e-02	8.180770585654099925e-02
1.344900119396168748e+03	2.329523859479377956e-01	1.447458769499209152e-01	2.694198393581251350e-01	1.622733718380103274e-01	7.690537714537551417e-02	3.182111421401399853e-02	8.188203454653623925e-02
1.347319004502996449e+03	2.326707004159368208e-01	1.445582048507873252e-01	2.696177633155228404e-01	1.623905912116325179e-01	7.695470978380311577e-02	3.185186999529251300e-02	8.195616042694479908e-02
1.349737889609823924e+03	2.323898130408600105e-01	1.443710646593973912e-01	2.698151049238020627e-01	1.625074641048088187e-01	7.700390549616165092e-02	3.188256373830305329e-02	8.203008403658693104e-02
1.352156774716651853e+03	2.321097215568414529e-01	1.441844548652606306e-01	2.700118658471651334e-01	1.626239916002970853e-01	7.705296466962355262e-02	3.191319554770541411e-02	8.210380591302665620e-02
1.354575659823479100e+03	2.318304237044613580e-01	1.439983739621860659e-01	2.702080477450827245e-01	1.627401747772612983e-01	7.710188769028193667e-02	3.194376552807313280e-02	8.217732659257338812e-02
1.356994544930307029e+03	2.315519172307279328e-01	1.438128204482697903e-01	2.704036522723073377e-01	1.628560147112845802e-01	7.715067494315357155e-02	3.197427378389310071e-02	8.225064661028358426e-02
1.359413430037134731e+03	2.312741998890588679e-01	1.436277928258829217e-01	2.705986810788867380e-01	1.629715124743822408e-01	7.719932681218162618e-02	3.200472041956520936e-02	8.232376649996232809e-02
1.361832315143962205e+03	2.309972694392631587e-01	1.434432896016591963e-01	2.707931358101772767e-01	1.630866691350146280e-01	7.724784368023870917e-02	3.203510553940202427e-02	8.239668679416500829e-02
1.364251200250789907e+03	2.307211236475227578e-01	1.432593092864829221e-01	2.709870181068572692e-01	1.632014857581001177e-01	7.729622592912960277e-02	3.206542924762841029e-02	8.246940802419897021e-02
1.366670085357617609e+03	2.304457602863745069e-01	1.430758503954767114e-01	2.711803296049402623e-01	1.633159634050279641e-01	7.734447393959420491e-02	3.209569164838120547e-02	8.254193072012519505e-02
1.369088970464445310e+03	2.301711771346919844e-01	1.428929114479895734e-01	2.713730719357884125e-01	1.634301031336710952e-01	7.739258809131036032e-02	3.212589284570884635e-02	8.261425541075990975e-02
1.371507855571272785e+03	2.298973719776672697e-01	1.427104909675846189e-01	2.715652467261254754e-01	1.635439059983987420e-01	7.744056876289667768e-02	3.215603294357106956e-02	8.268638262367630776e-02
1.373926740678100487e+03	2.296243426067932081e-01	1.425285874820272081e-01	2.717568555980502953e-01	1.636573730500892332e-01	7.748841633191538847e-02	3.218611204583855800e-02	8.275831288520624218e-02
1.376345625784927961e+03	2.293520868198451468e-01	1.423471995232727938e-01	2.719479001690498499e-01	1.637705053361426522e-01	7.753613117487517803e-02	3.221613025629258692e-02	8.283004672044190497e-02
1.378764510891755890e+03	2.290806024208632274e-01	1.421663256274550702e-01	2.721383820520122954e-01	1.638833039004933267e-01	7.758371366723398888e-02	3.224608767862470471e-02	8.290158465323753390e-02
1.381183395998583137e+03	2.288098872201342893e-01	1.419859643348739542e-01	2.723283028552400675e-01	1.639957697836224026e-01	7.763116418340187952e-02	3.227598441643639987e-02	8.297292720621111950e-02
1.383602281105411066e+03	2.285399390341742998e-01	1.418061141899837618e-01	2.725176641824630375e-01	1.641079040225703889e-01	7.767848309674380003e-02	3.230582057323878181e-02	8.304407490074609821e-02
1.386021166212238768e+03	2.282707556857103970e-01	1.416267737413812455e-01	2.727064676328512793e-01	1.642197076509495368e-01	7.772567077958236759e-02	3.233559625245224084e-02	8.311502825699315644e-02
1.388440051319066470e+03	2.280023350036631813e-01	1.414479415417938535e-01	2.728947148010283374e-01	1.643311816989561636e-01	7.777272760320068368e-02	3.236531155740613591e-02	8.318578779387185429e-02
1.390858936425893944e+03	2.277346748231292017e-01	1.412696161480678780e-01	2.730824072770840494e-01	1.644423271933830866e-01	7.781965393784513740e-02	3.239496659133846157e-02	8.325635402907248517e-02
1.393277821532721646e+03	2.274677729853631925e-01	1.410917961211567428e-01	2.732695466465872025e-01	1.645531451576318360e-01	7.786645015272816717e-02	3.242456145739554263e-02	8.332672747905768562e-02
1.395696706639549120e+03	2.272016273377605033e-01	1.409144800261092068e-01	2.734561344905986902e-01	1.646636366117248951e-01	7.791311661603102234e-02	3.245409625863169417e-02	8.339690865906432271e-02
1.398115591746377049e+03	2.269362357338396419e-01	1.407376664320577064e-01	2.736421723856843347e-01	1.647738025723179400e-01	7.795965369490655272e-02	3.248357109800895093e-02	8.346689808310515934e-02
1.400534476853204296e+03	2.266715960332248425e-01	1.405613539122067268e-01	2.738276619039274884e-01	1.648836440527118863e-01	7.800606175548191468e-02	3.251298607839671340e-02	8.353669626397068615e-02
1.402953361960032225e+03	2.264077061016284698e-01	1.403855410438210605e-01	2.740126046129419679e-01	1.649931620628649898e-01	7.805234116286137447e-02	3.254234130257145641e-02	8.360630371323087007e-02
1.405372247066859927e+03	2.261445638108338652e-01	1.402102264082144001e-01	2.741970020758845439e-01	1.651023576094049761e-01	7.809849228112904218e-02	3.257163687321641687e-02	8.367572094123691684e-02
1.407791132173687402e+03	2.258821670386778890e-01	1.400354085907375978e-01	2.743808558514678198e-01	1.652112316956409199e-01	7.814451547335157788e-02	3.260087289292131624e-02	8.374494845712310287e-02
1.410210017280515103e+03	2.256205136690337398e-01	1.398610861807671468e-01	2.745641674939727217e-01	1.653197853215751523e-01	7.819041110158091168e-02	3.263004946418199964e-02	8.381398676880853771e-02
1.412628902387342805e+03	2.253596015917936624e-01	1.396872577716938291e-01	2.747469385532613217e-01	1.654280194839152784e-01	7.823617952685704702e-02	3.265916668940020001e-02	8.388283638299895428e-02
1.415047787494170507e+03	2.250994287028517671e-01	1.395139219609111136e-01	2.749291705747890502e-01	1.655359351760859465e-01	7.828182110921065584e-02	3.268822467088319111e-02	8.395149780518856852e-02
1.417466672600997981e+03	2.248399929040870160e-01	1.393410773498038324e-01	2.751108650996175742e-01	1.656435333882406158e-01	7.832733620766589577e-02	3.271722351084353081e-02	8.401997153966185572e-02
1.419885557707825683e+03	2.245812921033460696e-01	1.391687225437367170e-01	2.752920236644270657e-01	1.657508151072733249e-01	7.837272518024301915e-02	3.274616331139874881e-02	8.408825808949538239e-02
1.422304442814653157e+03	2.243233242144262174e-01	1.389968561520429913e-01	2.754726478015289692e-01	1.658577813168303772e-01	7.841798838396116245e-02	3.277504417457104829e-02	8.415635795655961038e-02
1.424723327921481086e+03	2.240660871570585855e-01	1.388254767880131302e-01	2.756527390388779919e-01	1.659644329973220256e-01	7.846312617484092755e-02	3.280386620228703531e-02	8.422427164152074264e-02
1.427142213028308333e+03	2.238095788568909561e-01	1.386545830688835357e-01	2.758322989000847048e-01	1.660707711259340746e-01	7.850813890790712957e-02	3.283262949637743428e-02	8.429199964384256893e-02
1.429561098135136262e+03	2.235537972454711142e-01	1.384841736158252679e-01	2.760113289044280882e-01	1.661767966766393989e-01	7.855302693719146134e-02	3.286133415857677570e-02	8.435954246178832550e-02
1.431979983241963964e+03	2.232987402602299165e-01	1.383142470539328317e-01	2.761898305668675224e-01	1.662825106202094338e-01	7.859779061573513026e-02	3.288998029052313948e-02	8.442690059242249911e-02
1.434398868348791666e+03	2.230444058444644440e-01	1.381448020122129083e-01	2.763678053980552218e-01	1.663879139242256944e-01	7.864243029559157827e-02	3.291856799375789122e-02	8.449407453161271453e-02
1.436817753455619140e+03	2.227907919473214871e-01	1.379758371235732251e-01	2.765452549043485586e-01	1.664930075530911824e-01	7.868694632782904930e-02	3.294709736972536995e-02	8.456106477403159405e-02
1.439236638562446842e+03	2.225378965237805873e-01	1.378073510248114530e-01	2.767221805878222196e-01	1.665977924680417110e-01	7.873133906253333703e-02	3.297556851977261755e-02	8.462787181315858942e-02
1.441655523669274316e+03	2.222857175346376335e-01	1.376393423566039942e-01	2.768985839462802523e-01	1.667022696271573123e-01	7.877560884881029679e-02	3.300398154514912891e-02	8.469449614128191084e-02
1.444074408776102018e+03	2.220342529464881531e-01	1.374718097634951564e-01	2.770744664732683882e-01	1.668064399853733948e-01	7.881975603478863501e-02	3.303233654700658134e-02	8.476093824950033107e-02
1.446493293882929493e+03	2.217835007317107421e-01	1.373047518938857736e-01	2.772498296580859778e-01	1.669103044944921233e-01	7.886378096762237944e-02	3.306063362639852926e-02	8.482719862772511443e-02
1.448912178989757422e+03	2.215334588684506612e-01	1.371381674000224371e-01	2.774246749857983141e-01	1.670138641031934934e-01	7.890768399349359918e-02	3.308887288428018908e-02	8.489327776468193199e-02
1.451331064096585123e+03	2.212841253406033493e-01	1.369720549379863928e-01	2.775990039372485119e-01	1.671171197570465172e-01	7.895146545761499990e-02	3.311705442150812695e-02	8.495917614791267947e-02
1.453749949203412370e+03	2.210354981377980199e-01	1.368064131676827166e-01	2.777728179890696092e-01	1.672200723985203530e-01	7.899512570423247726e-02	3.314517833884004366e-02	8.502489426377740633e-02
1.456168834310240300e+03	2.207875752553813409e-01	1.366412407528292683e-01	2.779461186136962803e-01	1.673227229669952687e-01	7.903866507662780927e-02	3.317324473693446241e-02	8.509043259745623089e-02
1.458587719417068001e+03	2.205403546944010029e-01	1.364765363609459214e-01	2.781189072793770478e-01	1.674250723987737444e-01	7.908208391712116814e-02	3.320125371635054140e-02	8.515579163295121379e-02
1.461006604523895703e+03	2.202938344615896771e-01	1.363122986633436007e-01	2.782911854501861626e-01	1.675271216270914632e-01	7.912538256707375706e-02	3.322920537754774778e-02	8.522097185308828704e-02
1.463425489630723177e+03	2.200480125693485833e-01	1.361485263351135677e-01	2.784629545860353161e-01	1.676288715821279973e-01	7.916856136689033596e-02	3.325709982088564248e-02	8.528597373951918303e-02
1.465844374737550879e+03	2.198028870357314757e-01	1.359852180551165968e-01	2.786342161426856312e-01	1.677303231910180770e-01	7.921162065602185831e-02	3.328493714662362352e-02	8.535079777272330803e-02
1.468263259844378354e+03	2.195584558844284606e-01	1.358223725059721498e-01	2.788049715717595411e-01	1.678314773778620816e-01	7.925456077296801072e-02	3.331271745492068309e-02	8.541544443200971282e-02
1.470682144951206283e+03	2.193147171447499266e-01	1.356599883740477186e-01	2.789752223207520587e-01	1.679323350637369761e-01	7.929738205527975259e-02	3.334044084583515088e-02	8.547991419551898007e-02
1.473101030058033530e+03	2.190716688516105293e-01	1.354980643494481385e-01	2.791449698330432105e-01	1.680328971667071070e-01	7.934008483956191127e-02	3.336810741932444424e-02	8.554420754022520890e-02
1.475519915164861459e+03	2.188293090455131484e-01	1.353365991260047918e-01	2.793142155479093613e-01	1.681331646018347781e-01	7.938266946147569392e-02	3.339571727524484612e-02	8.560832494193788833e-02
1.477938800271689161e+03	2.185876357725330954e-01	1.351755914012651716e-01	2.794829609005349824e-01	1.682331382811910192e-01	7.942513625574126879e-02	3.342327051335124144e-02	8.567226687530385409e-02
1.480357685378516862e+03	2.183466470843020424e-01	1.350150398764821125e-01	2.796512073220239203e-01	1.683328191138661334e-01	7.946748555614026321e-02	3.345076723329690194e-02	8.573603381380925925e-02
1.482776570485344337e+03	2.181063410379923129e-01	1.348549432566033823e-01	2.798189562394115537e-01	1.684322080059802995e-01	7.950971769551830326e-02	3.347820753463322252e-02	8.579962622978151709e-02
