1.001418434226643626e+03	2.823358613695415853e-01	1.774459291608861677e-01	2.345615687340535660e-01	1.415582742633191282e-01	6.832930917000505644e-02	2.674334473172510634e-02	6.902571257038020436e-02
1.003837319333471214e+03	2.819138471130023249e-01	1.771653099549974075e-01	2.348618840676585939e-01	1.417381296412227321e-01	6.840277823685939063e-02	2.678331996544958821e-02	6.913473102072077714e-02
1.006256204440298802e+03	2.814930305522426734e-01	1.768854873952931117e-01	2.351613238934114336e-01	1.419174409887101196e-01	6.847604230045999107e-02	2.682321644790972709e-02	6.924345842188373013e-02
1.008675089547126618e+03	2.810734082824657420e-01	1.766064592150901891e-01	2.354598907112601669e-01	1.420962100463470101e-01	6.854910193577233579e-02	2.686303431833471714e-02	6.935189549064060821e-02
1.011093974653954206e+03	2.806549769085487367e-01	1.763282231541974387e-01	2.357575870140387053e-01	1.422744385487313412e-01	6.862195771613464890e-02	2.690277371576428253e-02	6.946004294249558120e-02
1.013512859760782021e+03	2.802377330450164239e-01	1.760507769588957883e-01	2.360544152874871071e-01	1.424521282245153619e-01	6.869461021326397909e-02	2.694243477904868789e-02	6.956790149168333437e-02
1.015931744867609382e+03	2.798216733160148184e-01	1.757741183819187258e-01	2.363503780102717278e-01	1.426292807964274489e-01	6.876705999726226426e-02	2.698201764684877296e-02	6.967547185116694519e-02
1.018350629974437197e+03	2.794067943552843158e-01	1.754982451824328160e-01	2.366454776540053706e-01	1.428058979812940610e-01	6.883930763662229890e-02	2.702152245763598040e-02	6.978275473263588491e-02
1.020769515081264785e+03	2.789930928061336579e-01	1.752231551260181597e-01	2.369397166832672708e-01	1.429819814900615271e-01	6.891135369823364609e-02	2.706094934969238697e-02	6.988975084650400627e-02
1.023188400188092373e+03	2.785805653214134536e-01	1.749488459846493538e-01	2.372330975556231347e-01	1.431575330278177793e-01	6.898319874738849389e-02	2.710029846111073823e-02	6.999646090190769776e-02
1.025607285294920075e+03	2.781692085634896450e-01	1.746753155366761179e-01	2.375256227216450688e-01	1.433325542938139185e-01	6.905484334778748401e-02	2.713956992979448674e-02	7.010288560670395464e-02
1.028026170401747549e+03	2.777590192042172501e-01	1.744025615668042262e-01	2.378172946249314246e-01	1.435070469814858640e-01	6.912628806154536010e-02	2.717876389345782670e-02	7.020902566746867191e-02
1.030445055508575479e+03	2.773499939249143287e-01	1.741305818660764115e-01	2.381081157021267269e-01	1.436810127784758362e-01	6.919753344919672700e-02	2.721788048962575299e-02	7.031488178949481249e-02
1.032863940615402726e+03	2.769421294163353919e-01	1.738593742318535196e-01	2.383980883829414366e-01	1.438544533666537839e-01	6.926858006970161574e-02	2.725691985563408540e-02	7.042045467679081128e-02
1.035282825722230655e+03	2.765354223786453680e-01	1.735889364677956070e-01	2.386872150901714895e-01	1.440273704221387008e-01	6.933942848045109020e-02	2.729588212862952071e-02	7.052574503207888201e-02
1.037701710829058356e+03	2.761298695213935672e-01	1.733192663838430958e-01	2.389754982397182259e-01	1.441997656153199414e-01	6.941007923727267326e-02	2.733476744556968818e-02	7.063075355679349077e-02
1.040120595935886058e+03	2.757254675634872032e-01	1.730503617961982599e-01	2.392629402406078742e-01	1.443716406108783989e-01	6.948053289443589797e-02	2.737357594322320162e-02	7.073548095107980160e-02
1.042539481042713533e+03	2.753222132331659133e-01	1.727822205273064349e-01	2.395495434950110636e-01	1.445429970678076548e-01	6.955079000465760886e-02	2.741230775816971138e-02	7.083992791379220555e-02
1.044958366149541234e+03	2.749201032679752799e-01	1.725148404058376439e-01	2.398353103982624468e-01	1.447138366394350173e-01	6.962085111910738811e-02	2.745096302679995298e-02	7.094409514249293280e-02
1.047377251256368709e+03	2.745191344147409063e-01	1.722482192666679457e-01	2.401202433388799629e-01	1.448841609734424773e-01	6.969071678741281528e-02	2.748954188531581300e-02	7.104798333345063721e-02
1.049796136363196410e+03	2.741193034295427711e-01	1.719823549508613658e-01	2.404043446985844878e-01	1.450539717118876637e-01	6.976038755766472699e-02	2.752804446973039498e-02	7.115159318163914726e-02
1.052215021470024112e+03	2.737206070776891931e-01	1.717172453056513004e-01	2.406876168523188753e-01	1.452232704912246042e-01	6.982986397642240717e-02	2.756647091586806458e-02	7.125492538073610604e-02
1.054633906576851814e+03	2.733230421336909632e-01	1.714528881844224473e-01	2.409700621682675237e-01	1.453920589423245147e-01	6.989914658871874964e-02	2.760482135936452933e-02	7.135798062312183332e-02
1.057052791683679516e+03	2.729266053812357540e-01	1.711892814466925983e-01	2.412516830078753616e-01	1.455603386904965324e-01	6.996823593806536512e-02	2.764309593566689413e-02	7.146075959987806259e-02
1.059471676790506763e+03	2.725312936131621955e-01	1.709264229580946537e-01	2.415324817258672208e-01	1.457281113555081720e-01	7.003713256645763274e-02	2.768129478003374111e-02	7.156326300078692804e-02
1.061890561897334692e+03	2.721371036314343406e-01	1.706643105903586088e-01	2.418124606702668211e-01	1.458953785516060586e-01	7.010583701437975157e-02	2.771941802753517814e-02	7.166549151432977105e-02
1.064309447004162394e+03	2.717440322471161296e-01	1.704029422212935407e-01	2.420916221824159775e-01	1.460621418875361344e-01	7.017434982080968109e-02	2.775746581305293254e-02	7.176744582768616876e-02
1.066728332110990095e+03	2.713520762803457442e-01	1.701423157347697335e-01	2.423699685969934459e-01	1.462284029665642804e-01	7.024267152322409558e-02	2.779543827128041697e-02	7.186912662673290708e-02
1.069147217217817570e+03	2.709612325603101279e-01	1.698824290207010257e-01	2.426475022420339356e-01	1.463941633864964675e-01	7.031080265760322745e-02	2.783333553672279193e-02	7.197053459604303705e-02
1.071566102324645271e+03	2.705714979252195618e-01	1.696232799750269638e-01	2.429242254389471223e-01	1.465594247396989902e-01	7.037874375843582164e-02	2.787115774369705937e-02	7.207167041888498660e-02
1.073984987431472746e+03	2.701828692222824624e-01	1.693648664996952324e-01	2.432001405025364105e-01	1.467241886131187278e-01	7.044649535872386792e-02	2.790890502633213560e-02	7.217253477722165855e-02
1.076403872538300675e+03	2.697953433076796803e-01	1.691071865026440302e-01	2.434752497410177241e-01	1.468884565883031568e-01	7.051405798998736096e-02	2.794657751856892414e-02	7.227312835170968119e-02
1.078822757645127922e+03	2.694089170465395200e-01	1.688502378977844998e-01	2.437495554560382416e-01	1.470522302414202231e-01	7.058143218226910209e-02	2.798417535416040242e-02	7.237345182169854785e-02
1.081241642751955851e+03	2.690235873129124267e-01	1.685940186049834089e-01	2.440230599426952418e-01	1.472155111432785213e-01	7.064861846413934832e-02	2.802169866667170162e-02	7.247350586522989524e-02
1.083660527858783553e+03	2.686393509897458953e-01	1.683385265500455252e-01	2.442957654895545061e-01	1.473783008593470278e-01	7.071561736270050302e-02	2.805914758948019339e-02	7.257329115903685124e-02
1.086079412965611255e+03	2.682562049688594352e-01	1.680837596646965471e-01	2.445676743786690810e-01	1.475406009497748638e-01	7.078242940359170954e-02	2.809652225577557311e-02	7.267280837854329933e-02
1.088498298072438729e+03	2.678741461509193678e-01	1.678297158865657002e-01	2.448387888855978189e-01	1.477024129694109733e-01	7.084905511099347242e-02	2.813382279855994664e-02	7.277205819786332353e-02
1.090917183179266431e+03	2.674931714454137910e-01	1.675763931591685019e-01	2.451091112794237525e-01	1.478637384678238575e-01	7.091549500763220937e-02	2.817104935064792398e-02	7.287104128980055606e-02
1.093336068286093905e+03	2.671132777706279882e-01	1.673237894318897190e-01	2.453786438227725797e-01	1.480245789893210318e-01	7.098174961478474765e-02	2.820820204466669215e-02	7.296975832584770560e-02
1.095754953392921607e+03	2.667344620536195032e-01	1.670719026599662704e-01	2.456473887718310933e-01	1.481849360729686205e-01	7.104781945228290374e-02	2.824528101305613312e-02	7.306820997618600211e-02
1.098173838499749309e+03	2.663567212301930498e-01	1.668207308044701298e-01	2.459153483763653614e-01	1.483448112526106200e-01	7.111370503851779934e-02	2.828228638806888628e-02	7.316639690968471110e-02
1.100592723606577010e+03	2.659800522448758642e-01	1.665702718322913667e-01	2.461825248797392118e-01	1.485042060568883826e-01	7.117940689044441327e-02	2.831921830177045948e-02	7.326431979390075899e-02
1.103011608713404712e+03	2.656044520508935580e-01	1.663205237161213268e-01	2.464489205189323295e-01	1.486631220092598238e-01	7.124492552358591135e-02	2.835607688603932613e-02	7.336197929507823345e-02
1.105430493820231959e+03	2.652299176101445832e-01	1.660714844344358121e-01	2.467145375245584360e-01	1.488215606280185455e-01	7.131026145203804567e-02	2.839286227256700504e-02	7.345937607814809200e-02
1.107849378927059888e+03	2.648564458931765841e-01	1.658231519714781499e-01	2.469793781208833583e-01	1.489795234263130153e-01	7.137541518847348443e-02	2.842957459285816793e-02	7.355651080672782893e-02
1.110268264033887590e+03	2.644840338791611956e-01	1.655755243172425673e-01	2.472434445258432367e-01	1.491370119121655791e-01	7.144038724414610020e-02	2.846621397823073663e-02	7.365338414312111448e-02
1.112687149140715292e+03	2.641126785558701728e-01	1.653285994674575377e-01	2.475067389510624549e-01	1.492940275884915013e-01	7.150517812889525815e-02	2.850278055981598016e-02	7.374999674831762830e-02
1.115106034247542766e+03	2.637423769196506340e-01	1.650823754235690166e-01	2.477692636018716255e-01	1.494505719531177557e-01	7.156978835115010429e-02	2.853927446855861888e-02	7.384634928199271253e-02
1.117524919354370468e+03	2.633731259754009679e-01	1.648368501927241214e-01	2.480310206773254644e-01	1.496066464988019262e-01	7.163421841793371492e-02	2.857569583521691464e-02	7.394244240250728850e-02
1.119943804461197942e+03	2.630049227365465203e-01	1.645920217877544500e-01	2.482920123702208048e-01	1.497622527132509151e-01	7.169846883486737099e-02	2.861204479036278531e-02	7.403827676690759307e-02
1.122362689568025871e+03	2.626377642250152800e-01	1.643478882271597052e-01	2.485522408671141104e-01	1.499173920791396497e-01	7.176254010617466594e-02	2.864832146438189842e-02	7.413385303092505374e-02
1.124781574674853118e+03	2.622716474712141199e-01	1.641044475350912635e-01	2.488117083483395997e-01	1.500720660741296508e-01	7.182643273468571066e-02	2.868452598747378221e-02	7.422917184897628862e-02
1.127200459781681047e+03	2.619065695140043171e-01	1.638616977413357989e-01	2.490704169880266772e-01	1.502262761708875738e-01	7.189014722184119965e-02	2.872065848965192972e-02	7.432423387416288441e-02
1.129619344888508749e+03	2.615425274006779044e-01	1.636196368812991297e-01	2.493283689541177517e-01	1.503800238371037212e-01	7.195368406769650504e-02	2.875671910074389589e-02	7.441903975827146578e-02
1.132038229995336451e+03	2.611795181869334681e-01	1.633782629959898702e-01	2.495855664083858616e-01	1.505333105355103618e-01	7.201704377092579823e-02	2.879270795039141906e-02	7.451359015177361211e-02
1.134457115102163925e+03	2.608175389368524444e-01	1.631375741320032768e-01	2.498420115064521607e-01	1.506861377239000488e-01	7.208022682882608834e-02	2.882862516805051803e-02	7.460788570382592688e-02
1.136876000208991627e+03	2.604565867228753051e-01	1.628975683415051501e-01	2.500977063978033765e-01	1.508385068551439390e-01	7.214323373732116351e-02	2.886447088299159969e-02	7.470192706227002377e-02
1.139294885315819101e+03	2.600966586257777990e-01	1.626582436822157085e-01	2.503526532258093518e-01	1.509904193772098613e-01	7.220606499096568487e-02	2.890024522429958387e-02	7.479571487363266546e-02
1.141713770422646803e+03	2.597377517346470821e-01	1.624195982173936292e-01	2.506068541277405304e-01	1.511418767331804969e-01	7.226872108294910002e-02	2.893594832087398316e-02	7.488924978312580527e-02
1.144132655529474505e+03	2.593798631468584581e-01	1.621816300158200053e-01	2.508603112347852493e-01	1.512928803612713924e-01	7.233120250509966764e-02	2.897158030142905211e-02	7.498253243464673978e-02
1.146551540636302207e+03	2.590229899680516201e-01	1.619443371517824970e-01	2.511130266720669746e-01	1.514434316948489179e-01	7.239350974788831550e-02	2.900714129449387391e-02	7.507556347077830317e-02
1.148970425743129908e+03	2.586671293121071136e-01	1.617077177050594006e-01	2.513650025586617875e-01	1.515935321624481691e-01	7.245564330043258172e-02	2.904263142841247147e-02	7.516834353278896430e-02
1.151389310849957155e+03	2.583122783011229662e-01	1.614717697609038827e-01	2.516162410076152600e-01	1.517431831877906756e-01	7.251760365050050061e-02	2.907805083134393925e-02	7.526087326063314598e-02
1.153808195956785084e+03	2.579584340653914287e-01	1.612364914100281599e-01	2.518667441259601070e-01	1.518923861898023864e-01	7.257939128451448840e-02	2.911339963126254732e-02	7.535315329295136366e-02
1.156227081063612786e+03	2.576055937433752718e-01	1.610018807485878445e-01	2.521165140147326733e-01	1.520411425826311003e-01	7.264100668755515966e-02	2.914867795595784891e-02	7.544518426707054470e-02
1.158645966170440488e+03	2.572537544816852484e-01	1.607679358781660961e-01	2.523655527689906419e-01	1.521894537756642019e-01	7.270245034336521306e-02	2.918388593303480882e-02	7.553696681900430587e-02
1.161064851277267962e+03	2.569029134350561683e-01	1.605346549057582728e-01	2.526138624778295205e-01	1.523373211735461752e-01	7.276372273435315063e-02	2.921902368991392135e-02	7.562850158345325868e-02
1.163483736384095664e+03	2.565530677663243053e-01	1.603020359437561937e-01	2.528614452244001276e-01	1.524847461761960898e-01	7.282482434159717744e-02	2.925409135383130743e-02	7.571978919380535633e-02
1.165902621490923138e+03	2.562042146464039716e-01	1.600700771099325681e-01	2.531083030859249683e-01	1.526317301788250036e-01	7.288575564484885139e-02	2.928908905183885344e-02	7.581083028213625452e-02
1.168321506597751068e+03	2.558563512542649798e-01	1.598387765274257022e-01	2.533544381337156093e-01	1.527782745719532542e-01	7.294651712253695519e-02	2.932401691080432568e-02	7.590162547920971392e-02
1.170740391704578315e+03	2.555094747769092178e-01	1.596081323247238448e-01	2.535998524331891102e-01	1.529243807414277234e-01	7.300710925177113231e-02	2.935887505741148137e-02	7.599217541447797486e-02
1.173159276811406244e+03	2.551635824093481664e-01	1.593781426356499775e-01	2.538445480438851765e-01	1.530700500684391285e-01	7.306753250834566171e-02	2.939366361816019707e-02	7.608248071608224306e-02
1.175578161918233945e+03	2.548186713545797510e-01	1.591488055993464101e-01	2.540885270194825907e-01	1.532152839295390090e-01	7.312778736674310776e-02	2.942838271936658312e-02	7.617254201085309206e-02
1.177997047025061647e+03	2.544747388235660268e-01	1.589201193602595152e-01	2.543317914078159769e-01	1.533600836966569070e-01	7.318787430013806716e-02	2.946303248716310857e-02	7.626235992431097677e-02
1.180415932131889122e+03	2.541317820352101409e-01	1.586920820681245181e-01	2.545743432508925097e-01	1.535044507371172429e-01	7.324779378040076339e-02	2.949761304749872262e-02	7.635193508066674684e-02
1.182834817238716823e+03	2.537897982163337951e-01	1.584646918779502034e-01	2.548161845849084006e-01	1.536483864136562738e-01	7.330754627810075197e-02	2.953212452613897254e-02	7.644126810282217410e-02
1.185253702345544298e+03	2.534487846016548751e-01	1.582379469500038716e-01	2.550573174402657184e-01	1.537918920844391080e-01	7.336713226251045938e-02	2.956656704866613555e-02	7.653035961237046603e-02
1.187672587452371999e+03	2.531087384337647461e-01	1.580118454497962399e-01	2.552977438415883205e-01	1.539349691030761913e-01	7.342655220160893004e-02	2.960094074047933677e-02	7.661921022959686245e-02
1.190091472559199701e+03	2.527696569631059376e-01	1.577863855480662880e-01	2.555374658077388950e-01	1.540776188186402940e-01	7.348580656208529571e-02	2.963524572679467062e-02	7.670782057347924621e-02
1.192510357666027403e+03	2.524315374479497165e-01	1.575615654207662975e-01	2.557764853518351700e-01	1.542198425756829971e-01	7.354489580934243931e-02	2.966948213264532924e-02	7.679619126168871213e-02
1.194929242772855105e+03	2.520943771543737721e-01	1.573373832490470026e-01	2.560148044812660117e-01	1.543616417142513741e-01	7.360382040750050592e-02	2.970365008288172737e-02	7.688432291059023316e-02
1.197348127879682352e+03	2.517581733562401780e-01	1.571138372192424915e-01	2.562524251977081335e-01	1.545030175699045050e-01	7.366258081940046942e-02	2.973774970217162722e-02	7.697221613524329875e-02
1.199767012986510281e+03	2.514229233351728543e-01	1.568909255228554400e-01	2.564893494971419718e-01	1.546439714737298521e-01	7.372117750660771296e-02	2.977178111500027036e-02	7.705987154940262263e-02
1.202185898093337983e+03	2.510886243805356965e-01	1.566686463565422627e-01	2.567255793698683397e-01	1.547845047523597473e-01	7.377961092941545673e-02	2.980574444567048870e-02	7.714728976551878115e-02
1.204604783200165684e+03	2.507552737894105377e-01	1.564469979220983742e-01	2.569611168005240809e-01	1.549246187279876286e-01	7.383788154684835237e-02	2.983963981830285370e-02	7.723447139473900436e-02
1.207023668306993159e+03	2.504228688665749436e-01	1.562259784264433404e-01	2.571959637680985566e-01	1.550643147183844162e-01	7.389598981666592459e-02	2.987346735683578738e-02	7.732141704690782824e-02
1.209442553413820860e+03	2.500914069244805638e-01	1.560055860816062789e-01	2.574301222459497995e-01	1.552035940369145550e-01	7.395393619536602681e-02	2.990722718502569419e-02	7.740812733056791350e-02
1.211861438520648335e+03	2.497608852832309823e-01	1.557858191047111762e-01	2.576635942018201675e-01	1.553424579925522520e-01	7.401172113818836606e-02	2.994091942644709972e-02	7.749460285296078110e-02
1.214280323627476264e+03	2.494313012705600685e-01	1.555666757179622883e-01	2.578963815978526086e-01	1.554809078898975183e-01	7.406934509911791698e-02	2.997454420449276180e-02	7.758084422002761715e-02
1.216699208734303511e+03	2.491026522218102168e-01	1.553481541486295969e-01	2.581284863906065929e-01	1.556189450291921295e-01	7.412680853088833566e-02	3.000810164237381963e-02	7.766685203641010560e-02
1.219118093841131440e+03	2.487749354799105028e-01	1.551302526290342099e-01	2.583599105310738775e-01	1.557565707063356120e-01	7.418411188498538755e-02	3.004159186311991178e-02	7.775262690545124700e-02
1.221536978947959142e+03	2.484481483953553116e-01	1.549129693965339560e-01	2.585906559646945491e-01	1.558937862129010921e-01	7.424125561165040299e-02	3.007501498957931146e-02	7.783816942919614956e-02
1.223955864054786844e+03	2.481222883261825773e-01	1.546963026935090080e-01	2.588207246313725118e-01	1.560305928361510885e-01	7.429824015988360786e-02	3.010837114441904799e-02	7.792348020839298672e-02
1.226374749161614318e+03	2.477973526379523006e-01	1.544802507673473935e-01	2.590501184654915856e-01	1.561669918590532224e-01	7.435506597744752366e-02	3.014166045012505596e-02	7.800855984249381592e-02
1.228793634268442020e+03	2.474733387037251209e-01	1.542648118704306182e-01	2.592788393959309379e-01	1.563029845602960100e-01	7.441173351087033982e-02	3.017488302900230013e-02	7.809340892965550840e-02
1.231212519375269494e+03	2.471502439040410004e-01	1.540499842601194824e-01	2.595068893460811821e-01	1.564385722143043778e-01	7.446824320544928599e-02	3.020803900317489687e-02	7.817802806674060967e-02
1.233631404482097196e+03	2.468280656268977691e-01	1.538357661987397595e-01	2.597342702338594211e-01	1.565737560912552617e-01	7.452459550525396270e-02	3.024112849458625643e-02	7.826241784931840806e-02
1.236050289588924898e+03	2.465068012677299469e-01	1.536221559535679848e-01	2.599609839717251791e-01	1.567085374570931222e-01	7.458079085312965817e-02	3.027415162499922166e-02	7.834657887166572576e-02
1.238469174695752372e+03	2.461864482293874834e-01	1.534091517968171892e-01	2.601870324666960554e-01	1.568429175735452652e-01	7.463682969070063733e-02	3.030710851599619296e-02	7.843051172676798743e-02
1.240888059802580301e+03	2.458670039221146630e-01	1.531967520056229104e-01	2.604124176203628793e-01	1.569768976981373576e-01	7.469271245837354190e-02	3.033999928897926010e-02	7.851421700632016387e-02
1.243306944909407548e+03	2.455484657635289558e-01	1.529849548620290378e-01	2.606371413289054195e-01	1.571104790842086096e-01	7.474843959534059612e-02	3.037282406517034794e-02	7.859769530072779897e-02
1.245725830016235477e+03	2.452308311786000339e-01	1.527737586529737124e-01	2.608612054831075944e-01	1.572436629809271236e-01	7.480401153958292360e-02	3.040558296561134133e-02	7.868094719910802282e-02
1.248144715123063179e+03	2.449140975996288716e-01	1.525631616702753379e-01	2.610846119683729594e-01	1.573764506333049928e-01	7.485942872787383628e-02	3.043827611116422041e-02	7.876397328929053698e-02
1.250563600229890881e+03	2.445982624662265958e-01	1.523531622106187033e-01	2.613073626647399728e-01	1.575088432822134565e-01	7.491469159578202641e-02	3.047090362251120635e-02	7.884677415781873866e-02
1.252982485336718355e+03	2.442833232252938913e-01	1.521437585755409105e-01	2.615294594468974276e-01	1.576408421643979985e-01	7.496980057767489714e-02	3.050346562015488969e-02	7.892935038995069208e-02
1.255401370443546057e+03	2.439692773310000729e-01	1.519349490714175799e-01	2.617509041841993844e-01	1.577724485124932241e-01	7.502475610672174056e-02	3.053596222441836219e-02	7.901170256966030814e-02
1.257820255550373531e+03	2.436561222447624353e-01	1.517267320094489724e-01	2.619716987406805475e-01	1.579036635550380152e-01	7.507955861489697125e-02	3.056839355544536604e-02	7.909383127963832971e-02
1.260239140657201460e+03	2.433438554352254923e-01	1.515191057056461399e-01	2.621918449750714197e-01	1.580344885164901847e-01	7.513420853298338753e-02	3.060075973320041526e-02	7.917573710129355291e-02
1.262658025764028707e+03	2.430324743782404373e-01	1.513120684808172967e-01	2.624113447408132904e-01	1.581649246172413814e-01	7.518870629057533561e-02	3.063306087746894835e-02	7.925742061475385403e-02
1.265076910870856636e+03	2.427219765568445209e-01	1.511056186605539142e-01	2.626301998860735010e-01	1.582949730736319394e-01	7.524305231608187372e-02	3.066529710785746016e-02	7.933888239886736915e-02
1.267495795977684338e+03	2.424123594612405674e-01	1.508997545752171765e-01	2.628484122537600998e-01	1.584246350979654494e-01	7.529724703672999175e-02	3.069746854379363371e-02	7.942012303120361827e-02
1.269914681084511813e+03	2.421036205887766024e-01	1.506944745599242685e-01	2.630659836815372188e-01	1.585539118985234697e-01	7.535129087856780317e-02	3.072957530452648245e-02	7.950114308805469876e-02
1.272333566191339514e+03	2.417957574439253132e-01	1.504897769545347763e-01	2.632829160018397285e-01	1.586828046795800973e-01	7.540518426646766748e-02	3.076161750912649942e-02	7.958194314443646500e-02
1.274752451298167216e+03	2.414887675382639542e-01	1.502856601036370865e-01	2.634992110418881706e-01	1.588113146414164845e-01	7.545892762412935439e-02	3.079359527648578218e-02	7.966252377408969410e-02
1.277171336404994690e+03	2.411826483904538354e-01	1.500821223565349805e-01	2.637148706237036899e-01	1.589394429803353270e-01	7.551252137408319409e-02	3.082550872531818198e-02	7.974288554948130714e-02
1.279590221511822392e+03	2.408773975262203659e-01	1.498791620672339786e-01	2.639298965641226902e-01	1.590671908886752139e-01	7.556596593769318582e-02	3.085735797415943560e-02	7.982302904180557657e-02
1.282009106618650094e+03	2.405730124783325707e-01	1.496767775944280454e-01	2.641442906748118769e-01	1.591945595548250880e-01	7.561926173516013427e-02	3.088914314136730760e-02	7.990295482098536128e-02
1.284427991725477568e+03	2.402694907865833840e-01	1.494749673014861002e-01	2.643580547622825794e-01	1.593215501632384290e-01	7.567240918552474438e-02	3.092086434512173604e-02	7.998266345567336955e-02
1.286846876832305497e+03	2.399668299977692765e-01	1.492737295564386668e-01	2.645711906279057390e-01	1.594481638944474922e-01	7.572540870667075763e-02	3.095252170342496778e-02	8.006215551325336632e-02
1.289265761939132744e+03	2.396650276656705214e-01	1.490730627319644952e-01	2.647837000679264530e-01	1.595744019250776302e-01	7.577826071532801910e-02	3.098411533410170421e-02	8.014143155984151945e-02
1.291684647045960673e+03	2.393640813510310994e-01	1.488729652053773500e-01	2.649955848734784070e-01	1.597002654278611711e-01	7.583096562707555832e-02	3.101564535479923307e-02	8.022049216028759311e-02
1.294103532152788375e+03	2.390639886215388810e-01	1.486734353586127155e-01	2.652068468305985305e-01	1.598257555716517120e-01	7.588352385634464237e-02	3.104711188298758806e-02	8.029933787817629398e-02
1.296522417259616077e+03	2.387647470518058923e-01	1.484744715782145841e-01	2.654174877202418181e-01	1.599508735214379973e-01	7.593593581642188450e-02	3.107851503595966680e-02	8.037796927582858963e-02
1.298941302366443551e+03	2.384663542233484146e-01	1.482760722553222721e-01	2.656275093182952074e-01	1.600756204383579351e-01	7.598820191945228342e-02	3.110985493083139736e-02	8.045638691430299916e-02
1.301360187473271253e+03	2.381688077245674162e-01	1.480782357856572640e-01	2.658369133955924002e-01	1.601999974797124471e-01	7.604032257644222081e-02	3.114113168454185968e-02	8.053459135339691155e-02
1.303779072580098727e+03	2.378721051507288742e-01	1.478809605695102503e-01	2.660457017179281292e-01	1.603240057989792910e-01	7.609229819726254229e-02	3.117234541385344171e-02	8.061258315164794575e-02
1.306197957686926657e+03	2.375762441039441786e-01	1.476842450117278605e-01	2.662538760460726461e-01	1.604476465458269108e-01	7.614412919065159657e-02	3.120349623535198166e-02	8.069036286633532451e-02
1.308616842793753904e+03	2.372812221931506205e-01	1.474880875216996734e-01	2.664614381357857664e-01	1.605709208661281195e-01	7.619581596421821923e-02	3.123458426544690331e-02	8.076793105348116508e-02
1.311035727900581833e+03	2.369870370340917964e-01	1.472924865133454775e-01	2.666683897378313017e-01	1.606938299019738114e-01	7.624735892444475804e-02	3.126560962037136515e-02	8.084528826785196409e-02
1.313454613007409534e+03	2.366936862492984295e-01	1.470974404051019757e-01	2.668747325979912710e-01	1.608163747916864783e-01	7.629875847669004285e-02	3.129657241618240271e-02	8.092243506295990207e-02
1.315873498114237009e+03	2.364011674680688013e-01	1.469029476199101014e-01	2.670804684570800003e-01	1.609385566698339209e-01	7.635001502519241090e-02	3.132747276876109155e-02	8.099937199106421737e-02
1.318292383221064711e+03	2.361094783264495178e-01	1.467090065852020564e-01	2.672855990509583335e-01	1.610603766672426274e-01	7.640112897307267670e-02	3.135831079381264791e-02	8.107609960317271880e-02
1.320711268327892412e+03	2.358186164672162188e-01	1.465156157328884878e-01	2.674901261105477324e-01	1.611818359110113452e-01	7.645210072233710186e-02	3.138908660686660912e-02	8.115261844904309019e-02
1.323130153434719887e+03	2.355285795398544268e-01	1.463227734993457485e-01	2.676940513618442652e-01	1.613029355245243768e-01	7.650293067388036494e-02	3.141980032327698624e-02	8.122892907718440303e-02
1.325549038541547588e+03	2.352393652005404234e-01	1.461304783254030182e-01	2.678973765259328177e-01	1.614236766274649848e-01	7.655361922748850356e-02	3.145045205822236123e-02	8.130503203485853203e-02
1.327967923648375290e+03	2.349509711121220701e-01	1.459387286563296748e-01	2.681001033190006932e-01	1.615440603358286320e-01	7.660416678184188422e-02	3.148104192670608814e-02	8.138092786808155676e-02
1.330386808755202765e+03	2.346633949440998235e-01	1.457475229418226104e-01	2.683022334523519348e-01	1.616640877619363592e-01	7.665457373451813050e-02	3.151157004355641111e-02	8.145661712162527435e-02
1.332805693862030694e+03	2.343766343726078338e-01	1.455568596359935185e-01	2.685037686324211470e-01	1.617837600144478027e-01	7.670484048199502358e-02	3.154203652342661007e-02	8.153210033901867049e-02
1.335224578968857941e+03	2.340906870803948769e-01	1.453667371973562661e-01	2.687047105607871522e-01	1.619030781983743783e-01	7.675496741965348590e-02	3.157244148079514645e-02	8.160737806254934890e-02
1.337643464075685870e+03	2.338055507568055358e-01	1.451771540888143475e-01	2.689050609341870346e-01	1.620220434150924371e-01	7.680495494178044003e-02	3.160278502996582278e-02	8.168245083326507172e-02
1.340062349182513572e+03	2.335212230977614378e-01	1.449881087776484778e-01	2.691048214445296849e-01	1.621406567623562556e-01	7.685480344157173682e-02	3.163306728506790760e-02	8.175731919097521672e-02
1.342481234289341273e+03	2.332377018057424090e-01	1.447995997355037978e-01	2.693039937789098448e-01	1.622589193343109693e-01	7.690451331113508371e-02	3.166328836005630892e-02	8.183198367425231767e-02
1.344900119396168748e+03	2.329549845897678495e-01	1.446116254383776611e-01	2.695025796196215406e-01	1.623768322215055071e-01	7.695408494149286183e-02	3.169344836871170606e-02	8.190644482043354935e-02
1.347319004502996449e+03	2.326730691653779992e-01	1.444241843666070890e-01	2.697005806441719611e-01	1.624943965109055533e-01	7.700351872258506813e-02	3.172354742464070232e-02	8.198070316562228177e-02
1.349737889609823924e+03	2.323919532546153688e-01	1.442372750048563357e-01	2.698979985252949465e-01	1.626116132859062868e-01	7.705281504327217423e-02	3.175358564127595679e-02	8.205475924468959292e-02
1.352156774716651853e+03	2.321116345860061436e-01	1.440508958421046481e-01	2.700948349309645335e-01	1.627284836263450940e-01	7.710197429133797131e-02	3.178356313187636478e-02	8.212861359127582306e-02
1.354575659823479100e+03	2.318321108945417819e-01	1.438650453716338595e-01	2.702910915244086665e-01	1.628450086085144743e-01	7.715099685349245673e-02	3.181348000952717581e-02	8.220226673779210125e-02
1.356994544930307029e+03	2.315533799216604738e-01	1.436797220910159822e-01	2.704867699641226864e-01	1.629611893051745586e-01	7.719988311537469283e-02	3.184333638714014619e-02	8.227571921542195521e-02
1.359413430037134731e+03	2.312754394152287951e-01	1.434949245021012454e-01	2.706818719038824872e-01	1.630770267855657374e-01	7.724863346155561028e-02	3.187313237745369870e-02	8.234897155412285175e-02
1.361832315143962205e+03	2.309982871295233886e-01	1.433106511110056602e-01	2.708763989927583382e-01	1.631925221154213179e-01	7.729724827554082522e-02	3.190286809303308213e-02	8.242202428262773717e-02
1.364251200250789907e+03	2.307219208252126730e-01	1.431269004280988077e-01	2.710703528751281510e-01	1.633076763569799306e-01	7.734572793977356753e-02	3.193254364627048925e-02	8.249487792844670264e-02
1.366670085357617609e+03	2.304463382693384133e-01	1.429436709679918482e-01	2.712637351906907468e-01	1.634224905689981022e-01	7.739407283563740081e-02	3.196215914938523028e-02	8.256753301786851074e-02
1.369088970464445310e+03	2.301715372352979294e-01	1.427609612495252533e-01	2.714565475744792900e-01	1.635369658067626075e-01	7.744228334345908127e-02	3.199171471442387865e-02	8.263999007596220525e-02
1.371507855571272785e+03	2.298975155028256390e-01	1.425787697957568712e-01	2.716487916568743888e-01	1.636511031221027923e-01	7.749035984251134712e-02	3.202121045326040971e-02	8.271224962657876267e-02
1.373926740678100487e+03	2.296242708579750713e-01	1.423970951339497137e-01	2.718404690636175847e-01	1.637649035634030636e-01	7.753830271101570804e-02	3.205064647759636037e-02	8.278431219235266036e-02
1.376345625784927961e+03	2.293518010931008821e-01	1.422159357955601056e-01	2.720315814158243972e-01	1.638783681756149913e-01	7.758611232614526232e-02	3.208002289896098869e-02	8.285617829470351414e-02
1.378764510891755890e+03	2.290801040068408123e-01	1.420352903162256375e-01	2.722221303299975359e-01	1.639914980002696032e-01	7.763378906402745860e-02	3.210933982871139875e-02	8.292784845383775749e-02
1.381183395998583137e+03	2.288091774040978410e-01	1.418551572357531210e-01	2.724121174180398897e-01	1.641042940754895152e-01	7.768133329974685752e-02	3.213859737803270028e-02	8.299932318875019588e-02
1.383602281105411066e+03	2.285390190960222279e-01	1.416755350981069306e-01	2.726015442872680161e-01	1.642167574360011428e-01	7.772874540734793503e-02	3.216779565793818907e-02	8.307060301722572759e-02
1.386021166212238768e+03	2.282696268999937494e-01	1.414964224513969027e-01	2.727904125404245761e-01	1.643288891131466367e-01	7.777602575983783018e-02	3.219693477926945796e-02	8.314168845584093970e-02
1.388440051319066470e+03	2.280009986396039356e-01	1.413178178478665947e-01	2.729787237756919338e-01	1.644406901348961225e-01	7.782317472918906520e-02	3.222601485269657728e-02	8.321258001996585663e-02
1.390858936425893944e+03	2.277331321446383061e-01	1.411397198438814893e-01	2.731664795867048134e-01	1.645521615258594417e-01	7.787019268634234881e-02	3.225503598871821281e-02	8.328327822376549450e-02
1.393277821532721646e+03	2.274660252510586622e-01	1.409621269999171700e-01	2.733536815625632888e-01	1.646633043072981972e-01	7.791708000120926847e-02	3.228399829766181311e-02	8.335378358020160972e-02
1.395696706639549120e+03	2.271996758009856565e-01	1.407850378805476366e-01	2.735403312878459392e-01	1.647741194971376610e-01	7.796383704267502435e-02	3.231290188968374832e-02	8.342409660103437818e-02
1.398115591746377049e+03	2.269340816426809182e-01	1.406084510544335642e-01	2.737264303426221734e-01	1.648846081099786809e-01	7.801046417860117710e-02	3.234174687476946281e-02	8.349421779682404676e-02
1.400534476853204296e+03	2.266692406305299001e-01	1.404323650943107293e-01	2.739119803024655520e-01	1.649947711571092268e-01	7.805696177582836792e-02	3.237053336273361392e-02	8.356414767693268186e-02
1.402953361960032225e+03	2.264051506250240597e-01	1.402567785769781861e-01	2.740969827384663327e-01	1.651046096465163537e-01	7.810333020017899697e-02	3.239926146322024553e-02	8.363388674952582091e-02
1.405372247066859927e+03	2.261418094927436784e-01	1.400816900832868306e-01	2.742814392172445159e-01	1.652141245828978589e-01	7.814956981645995726e-02	3.242793128570293365e-02	8.370343552157420708e-02
1.407791132173687402e+03	2.258792151063404030e-01	1.399070981981277717e-01	2.744653513009622792e-01	1.653233169676738279e-01	7.819568098846532700e-02	3.245654293948492530e-02	8.377279449885549623e-02
1.410210017280515103e+03	2.256173653445199545e-01	1.397330015104207568e-01	2.746487205473364668e-01	1.654321877989984313e-01	7.824166407897903408e-02	3.248509653369931888e-02	8.384196418595597777e-02
1.412628902387342805e+03	2.253562580920247804e-01	1.395593986131028197e-01	2.748315485096519684e-01	1.655407380717713040e-01	7.828751944977756227e-02	3.251359217730920292e-02	8.391094508627232329e-02
1.415047787494170507e+03	2.250958912396169853e-01	1.393862881031165957e-01	2.750138367367735426e-01	1.656489687776491471e-01	7.833324746163261576e-02	3.254202997910780187e-02	8.397973770201327959e-02
1.417466672600997981e+03	2.248362626840609557e-01	1.392136685813990526e-01	2.751955867731588623e-01	1.657568809050571634e-01	7.837884847431379753e-02	3.257041004771863563e-02	8.404834253420144508e-02
1.419885557707825683e+03	2.245773703281064848e-01	1.390415386528700004e-01	2.753768001588710046e-01	1.658644754392004650e-01	7.842432284659127395e-02	3.259873249159568609e-02	8.411676008267496285e-02
1.422304442814653157e+03	2.243192120804715084e-01	1.388698969264207661e-01	2.755574784295907187e-01	1.659717533620755359e-01	7.846967093623841150e-02	3.262699741902352901e-02	8.418499084608933869e-02
1.424723327921481086e+03	2.240617858558251185e-01	1.386987420149028427e-01	2.757376231166292491e-01	1.660787156524814734e-01	7.851489310003445521e-02	3.265520493811751440e-02	8.425303532191917577e-02
1.427142213028308333e+03	2.238050895747706603e-01	1.385280725351165920e-01	2.759172357469403813e-01	1.661853632860313124e-01	7.855998969376712382e-02	3.268335515682389142e-02	8.432089400645989552e-02
1.429561098135136262e+03	2.235491211638286624e-01	1.383578871077998651e-01	2.760963178431332099e-01	1.662916972351632938e-01	7.860496107223528817e-02	3.271144818291998879e-02	8.438856739482952785e-02
1.431979983241963964e+03	2.232938785554201833e-01	1.381881843576170110e-01	2.762748709234842392e-01	1.663977184691519950e-01	7.864980758925158022e-02	3.273948412401436053e-02	8.445605598097054301e-02
1.434398868348791666e+03	2.230393596878497975e-01	1.380189629131473861e-01	2.764528965019497075e-01	1.665034279541195150e-01	7.869452959764501598e-02	3.276746308754693165e-02	8.452336025765153082e-02
1.436817753455619140e+03	2.227855625052888311e-01	1.378502214068743625e-01	2.766303960881781321e-01	1.666088266530466322e-01	7.873912744926364615e-02	3.279538518078917858e-02	8.459048071646904643e-02
1.439236638562446842e+03	2.225324849577587361e-01	1.376819584751741155e-01	2.768073711875224108e-01	1.667139155257838234e-01	7.878360149497706799e-02	3.282325051084424711e-02	8.465741784784940049e-02
1.441655523669274316e+03	2.222801250011142982e-01	1.375141727583045481e-01	2.769838233010520345e-01	1.668186955290622830e-01	7.882795208467914538e-02	3.285105918464714669e-02	8.472417214105040784e-02
1.444074408776102018e+03	2.220284805970269837e-01	1.373468629003941066e-01	2.771597539255652443e-01	1.669231676165049139e-01	7.887217956729052071e-02	3.287881130896486842e-02	8.479074408416323316e-02
1.446493293882929493e+03	2.217775497129685081e-01	1.371800275494308996e-01	2.773351645536011878e-01	1.670273327386372353e-01	7.891628429076127937e-02	3.290650699039659316e-02	8.485713416411418131e-02
1.448912178989757422e+03	2.215273303221941270e-01	1.370136653572515406e-01	2.775100566734521323e-01	1.671311918428984022e-01	7.896026660207342007e-02	3.293414633537379566e-02	8.492334286666644583e-02
1.451331064096585123e+03	2.212778204037261776e-01	1.368477749795302401e-01	2.776844317691755659e-01	1.672347458736518633e-01	7.900412684724353318e-02	3.296172945016041800e-02	8.498937067642203802e-02
1.453749949203412370e+03	2.210290179423376467e-01	1.366823550757678696e-01	2.778582913206061322e-01	1.673379957721963240e-01	7.904786537132534041e-02	3.298925644085302922e-02	8.505521807682353552e-02
1.456168834310240300e+03	2.207809209285358509e-01	1.365174043092808875e-01	2.780316368033675656e-01	1.674409424767764332e-01	7.909148251841223443e-02	3.301672741338100570e-02	8.512088555015587255e-02
1.458587719417068001e+03	2.205335273585459499e-01	1.363529213471906254e-01	2.782044696888850144e-01	1.675435869225935237e-01	7.913497863163986012e-02	3.304414247350664219e-02	8.518637357754825501e-02
1.461006604523895703e+03	2.202868352342947089e-01	1.361889048604124353e-01	2.783767914443965874e-01	1.676459300418162990e-01	7.917835405318864039e-02	3.307150172682533223e-02	8.525168263897589527e-02
1.463425489630723177e+03	2.200408425633941789e-01	1.360253535236446154e-01	2.785486035329655663e-01	1.677479727635914908e-01	7.922160912428638513e-02	3.309880527876573469e-02	8.531681321326189948e-02
1.465844374737550879e+03	2.197955473591256259e-01	1.358622660153579464e-01	2.787199074134921739e-01	1.678497160140544064e-01	7.926474418521070597e-02	3.312605323458991946e-02	8.538176577807911338e-02
1.468263259844378354e+03	2.195509476404231830e-01	1.356996410177846446e-01	2.788907045407253982e-01	1.679511607163395037e-01	7.930775957529169473e-02	3.315324569939351318e-02	8.544654080995195411e-02
1.470682144951206283e+03	2.193070414318578354e-01	1.355374772169078701e-01	2.790609963652747605e-01	1.680523077905909657e-01	7.935065563291432422e-02	3.318038277810589354e-02	8.551113878425828374e-02
1.473101030058033530e+03	2.190638267636213221e-01	1.353757733024507637e-01	2.792307843336222506e-01	1.681531581539730535e-01	7.939343269552104343e-02	3.320746457549031416e-02	8.557556017523118563e-02
1.475519915164861459e+03	2.188213016715100379e-01	1.352145279678660661e-01	2.794000698881338729e-01	1.682537127206806815e-01	7.943609109961427550e-02	3.323449119614406422e-02	8.563980545596089344e-02
1.477938800271689161e+03	2.185794641969092678e-01	1.350537399103251268e-01	2.795688544670715814e-01	1.683539724019496864e-01	7.947863118075888800e-02	3.326146274449864881e-02	8.570387509839663687e-02
1.480357685378516862e+03	2.183383123867769782e-01	1.348934078307076623e-01	2.797371395046048259e-01	1.684539381060672358e-01	7.952105327358471865e-02	3.328837932481992778e-02	8.576776957334848739e-02
1.482776570485344337e+03	2.180978442936280515e-01	1.347335304335908757e-01	2.799049264308220986e-01	1.685536107383821536e-01	7.956335771178911498e-02	3.331524104120828222e-02	8.583148935048921790e-02
