1.001418434226643626e+03	2.823344840779177800e-01	1.774475326678242038e-01	2.345609815242701846e-01	1.415552868621471894e-01	6.833088982943255618e-02	2.674170596402920472e-02	6.902911907429136462e-02
1.002869765290740247e+03	2.820811343014698602e-01	1.772790629172262267e-01	2.347412754091148801e-01	1.416632599097603362e-01	6.837500005990647389e-02	2.676569425259314045e-02	6.909457314984156218e-02
1.004321096354836754e+03	2.818282161813849274e-01	1.771108802900425994e-01	2.349212537523423239e-01	1.417710368885681527e-01	6.841903639436874851e-02	2.678965417467552707e-02	6.915992231853017314e-02
1.005772427418933376e+03	2.815757289809817099e-01	1.769429842958211152e-01	2.351009170948610560e-01	1.418786181752796360e-01	6.846299895721982831e-02	2.681358576041250469e-02	6.922516673533658793e-02
1.007223758483029997e+03	2.813236719648353201e-01	1.767753744449530040e-01	2.352802659766555227e-01	1.419860041458275435e-01	6.850688787264888613e-02	2.683748903991544504e-02	6.929030655507663339e-02
1.008675089547126618e+03	2.810720443987754780e-01	1.766080502486713499e-01	2.354593009367877132e-01	1.420931951753700573e-01	6.855070326463434671e-02	2.686136404327096536e-02	6.935534193240244782e-02
1.010126420611223239e+03	2.808208455498840683e-01	1.764410112190495372e-01	2.356380225133986317e-01	1.422001916382925613e-01	6.859444525694431694e-02	2.688521080054092141e-02	6.942027302180225901e-02
1.011577751675319632e+03	2.805700746864934758e-01	1.762742568689997513e-01	2.358164312437099619e-01	1.423069939082093061e-01	6.863811397313709928e-02	2.690902934176241448e-02	6.948509997760025925e-02
1.013029082739416367e+03	2.803197310781841978e-01	1.761077867122715079e-01	2.359945276640255940e-01	1.424136023579651855e-01	6.868170953656158040e-02	2.693281969694780176e-02	6.954982295395639724e-02
1.014480413803512761e+03	2.800698139957829014e-01	1.759416002634500154e-01	2.361723123097331789e-01	1.425200173596374298e-01	6.872523207035780013e-02	2.695658189608468591e-02	6.961444210486625317e-02
1.015931744867609382e+03	2.798203227113604252e-01	1.757756970379547312e-01	2.363497857153057102e-01	1.426262392845372429e-01	6.876868169745734005e-02	2.698031596913592553e-02	6.967895758416084440e-02
1.017383075931706003e+03	2.795712564982296700e-01	1.756100765520378915e-01	2.365269484143031620e-01	1.427322685032115790e-01	6.881205854058382310e-02	2.700402194603963510e-02	6.974336954550647283e-02
1.018834406995802851e+03	2.793226146309435443e-01	1.754447383227828172e-01	2.367038009393738762e-01	1.428381053854448079e-01	6.885536272225332988e-02	2.702769985670919195e-02	6.980767814240458613e-02
1.020285738059899245e+03	2.790743963852930221e-01	1.752796818681026936e-01	2.368803438222562563e-01	1.429437503002604082e-01	6.889859436477488441e-02	2.705134973103323626e-02	6.987188352819165282e-02
1.021737069123995752e+03	2.788266010383047555e-01	1.751149067067389042e-01	2.370565775937802655e-01	1.430492036159226876e-01	6.894175359025089822e-02	2.707497159887567797e-02	6.993598585603892637e-02
1.023188400188092373e+03	2.785792278682394651e-01	1.749504123582594495e-01	2.372325027838690092e-01	1.431544656999384768e-01	6.898484052057761440e-02	2.709856549007570031e-02	6.999998527895237577e-02
1.024639731252188767e+03	2.783322761545896085e-01	1.747861983430576971e-01	2.374081199215402338e-01	1.432595369190587387e-01	6.902785527744555172e-02	2.712213143444775626e-02	7.006388194977249129e-02
1.026091062316285615e+03	2.780857451780773815e-01	1.746222641823507171e-01	2.375834295349079084e-01	1.433644176392803171e-01	6.907079798233994872e-02	2.714566946178158247e-02	7.012767602117421506e-02
1.027542393380382237e+03	2.778396342206526648e-01	1.744586093981778385e-01	2.377584321511838072e-01	1.434691082258476302e-01	6.911366875654118003e-02	2.716917960184219924e-02	7.019136764566670517e-02
1.028993724444478858e+03	2.775939425654911918e-01	1.742952335133991504e-01	2.379331282966789807e-01	1.435736090432542800e-01	6.915646772112524210e-02	2.719266188436991402e-02	7.025495697559325237e-02
1.030445055508575479e+03	2.773486694969921618e-01	1.741321360516941696e-01	2.381075184968052538e-01	1.436779204552447731e-01	6.919919499696415566e-02	2.721611633908032138e-02	7.031844416313115520e-02
1.031896386572671872e+03	2.771038143007764631e-01	1.739693165375601203e-01	2.382816032760769198e-01	1.437820428248161586e-01	6.924185070472639592e-02	2.723954299566431689e-02	7.038182936029159509e-02
1.033347717636768493e+03	2.768593762636845090e-01	1.738067744963107675e-01	2.384553831581121275e-01	1.438859765142196934e-01	6.928443496487732278e-02	2.726294188378809713e-02	7.044511271891944204e-02
1.034799048700865114e+03	2.766153546737741831e-01	1.736445094540746970e-01	2.386288586656344357e-01	1.439897218849625626e-01	6.932694789767961108e-02	2.728631303309315970e-02	7.050829439069319915e-02
1.036250379764961508e+03	2.763717488203190631e-01	1.734825209377939825e-01	2.388020303204744788e-01	1.440932792978094346e-01	6.936938962319368074e-02	2.730965647319631359e-02	7.057137452712484993e-02
1.037701710829058356e+03	2.761285579938060342e-01	1.733208084752227429e-01	2.389748986435712153e-01	1.441966491127842365e-01	6.941176026127811316e-02	2.733297223368968618e-02	7.063435327955973342e-02
1.039153041893154750e+03	2.758857814859334567e-01	1.731593715949255874e-01	2.391474641549737046e-01	1.442998316891716815e-01	6.945405993159006752e-02	2.735626034414071969e-02	7.069723079917644704e-02
1.040604372957251599e+03	2.756434185896091682e-01	1.729982098262763668e-01	2.393197273738425779e-01	1.444028273855189337e-01	6.949628875358571101e-02	2.737952083409217821e-02	7.076000723698670780e-02
1.042055704021347992e+03	2.754014685989482625e-01	1.728373226994565359e-01	2.394916888184514259e-01	1.445056365596373571e-01	6.953844684652060737e-02	2.740275373306216497e-02	7.082268274383524131e-02
1.043507035085444613e+03	2.751599308092713692e-01	1.726767097454537658e-01	2.396633490061884919e-01	1.446082595686040417e-01	6.958053432945014716e-02	2.742595907054410503e-02	7.088525747039969849e-02
1.044958366149541234e+03	2.749188045171023220e-01	1.725163704960605837e-01	2.398347084535580320e-01	1.447106967687634693e-01	6.962255132122993628e-02	2.744913687600677304e-02	7.094773156719047513e-02
1.046409697213637855e+03	2.746780890201663827e-01	1.723563044838728187e-01	2.400057676761818692e-01	1.448129485157292617e-01	6.966449794051622624e-02	2.747228717889428282e-02	7.101010518455069809e-02
1.047861028277734476e+03	2.744377836173881313e-01	1.721965112422883248e-01	2.401765271888009479e-01	1.449150151643855411e-01	6.970637430576634430e-02	2.749541000862610468e-02	7.107237847265605868e-02
1.049312359341831097e+03	2.741978876088895234e-01	1.720369903055054550e-01	2.403469875052768046e-01	1.450168970688888725e-01	6.974818053523904049e-02	2.751850539459706202e-02	7.113455158151471558e-02
1.050763690405927491e+03	2.739584002959876141e-01	1.718777412085216727e-01	2.405171491385930671e-01	1.451185945826696244e-01	6.978991674699489001e-02	2.754157336617733473e-02	7.119662466096723930e-02
1.052215021470024112e+03	2.737193209811929484e-01	1.717187634871320812e-01	2.406870126008569810e-01	1.452201080584337445e-01	6.983158305889675121e-02	2.756461395271247658e-02	7.125859786068643176e-02
1.053666352534120733e+03	2.734806489682072850e-01	1.715600566779280634e-01	2.408565784033008805e-01	1.453214378481643143e-01	6.987317958861011258e-02	2.758762718352341520e-02	7.132047133017732632e-02
1.055117683598217127e+03	2.732423835619217090e-01	1.714016203182959219e-01	2.410258470562837152e-01	1.454225843031231313e-01	6.991470645360348124e-02	2.761061308790644861e-02	7.138224521877702122e-02
1.056569014662313975e+03	2.730045240684144670e-01	1.712434539464153804e-01	2.411948190692924099e-01	1.455235477738524574e-01	6.995616377114882711e-02	2.763357169513326606e-02	7.144391967565462409e-02
1.058020345726410369e+03	2.727670697949491907e-01	1.710855571012582232e-01	2.413634949509435856e-01	1.456243286101764067e-01	6.999755165832191595e-02	2.765650303445095146e-02	7.150549484981114090e-02
1.059471676790506763e+03	2.725300200499728986e-01	1.709279293225868246e-01	2.415318752089848364e-01	1.457249271612027219e-01	7.003887023200272566e-02	2.767940713508197648e-02	7.156697089007943435e-02
1.060923007854603611e+03	2.722933741431137755e-01	1.707705701509528717e-01	2.416999603502963112e-01	1.458253437753243009e-01	7.008011960887583491e-02	2.770228402622422134e-02	7.162834794512405734e-02
1.062374338918700232e+03	2.720571313851793960e-01	1.706134791276959495e-01	2.418677508808922405e-01	1.459255788002208343e-01	7.012129990543077007e-02	2.772513373705097484e-02	7.168962616344126682e-02
1.063825669982796853e+03	2.718212910881545596e-01	1.704566557949420413e-01	2.420352473059222964e-01	1.460256325828602486e-01	7.016241123796244927e-02	2.774795629671094124e-02	7.175080569335885727e-02
1.065277001046893474e+03	2.715858525651994593e-01	1.703000996956022528e-01	2.422024501296731469e-01	1.461255054695005107e-01	7.020345372257154326e-02	2.777075173432824381e-02	7.181188668303614686e-02
1.066728332110990095e+03	2.713508151306477933e-01	1.701438103733713958e-01	2.423693598555698991e-01	1.462251978056910706e-01	7.024442747516479457e-02	2.779352007900244212e-02	7.187286928046389411e-02
1.068179663175086489e+03	2.711161781000044346e-01	1.699877873727266286e-01	2.425359769861775983e-01	1.463247099362744719e-01	7.028533261145546163e-02	2.781626135980852163e-02	7.193375363346414531e-02
1.069630994239183110e+03	2.708819407899437648e-01	1.698320302389259850e-01	2.427023020232026984e-01	1.464240422053879054e-01	7.032616924696367955e-02	2.783897560579692149e-02	7.199453988969026219e-02
1.071082325303279504e+03	2.706481025183075095e-01	1.696765385180070973e-01	2.428683354674944783e-01	1.465231949564648750e-01	7.036693749701682099e-02	2.786166284599351714e-02	7.205522819662681100e-02
1.072533656367376352e+03	2.704146626041030177e-01	1.695213117567858918e-01	2.430340778190465956e-01	1.466221685322366131e-01	7.040763747674987083e-02	2.788432310939964118e-02	7.211581870158946528e-02
1.073984987431472746e+03	2.701816203675009298e-01	1.693663495028550070e-01	2.431995295769984189e-01	1.467209632747337733e-01	7.044826930110580088e-02	2.790695642499209719e-02	7.217631155172499202e-02
1.075436318495569594e+03	2.699489751298335682e-01	1.692116513045825166e-01	2.433646912396366657e-01	1.468195795252879854e-01	7.048883308483593069e-02	2.792956282172314939e-02	7.223670689401116840e-02
1.076887649559666215e+03	2.697167262135927723e-01	1.690572167111107915e-01	2.435295633043966512e-01	1.469180176245332703e-01	7.052932894250028839e-02	2.795214232852053990e-02	7.229700487525668462e-02
1.078338980623762609e+03	2.694848729424277889e-01	1.689030452723548070e-01	2.436941462678639536e-01	1.470162779124078167e-01	7.056975698846798539e-02	2.797469497428749230e-02	7.235720564210113004e-02
1.079790311687859230e+03	2.692534146411437734e-01	1.687491365390008935e-01	2.438584406257756909e-01	1.471143607281553412e-01	7.061011733691757719e-02	2.799722078790272198e-02	7.241730934101490991e-02
1.081241642751955851e+03	2.690223506356994587e-01	1.685954900625055430e-01	2.440224468730220475e-01	1.472122664103267531e-01	7.065041010183742420e-02	2.801971979822044656e-02	7.247731611829920373e-02
1.082692973816052472e+03	2.687916802532053229e-01	1.684421053950939107e-01	2.441861655036477452e-01	1.473099952967816262e-01	7.069063539702605259e-02	2.804219203407037897e-02	7.253722612008589588e-02
1.084144304880149093e+03	2.685614028219215355e-01	1.682889820897584265e-01	2.443495970108534032e-01	1.474075477246898080e-01	7.073079333609247343e-02	2.806463752425775171e-02	7.259703949233749232e-02
1.085595635944245487e+03	2.683315176712562367e-01	1.681361197002575747e-01	2.445127418869970926e-01	1.475049240305328635e-01	7.077088403245661297e-02	2.808705629756331340e-02	7.265675638084714838e-02
1.087046967008342108e+03	2.681020241317634278e-01	1.679835177811144498e-01	2.446756006235956959e-01	1.476021245501057122e-01	7.081090759934960399e-02	2.810944838274333918e-02	7.271637693123857160e-02
1.088498298072438729e+03	2.678729215351409176e-01	1.678311758876155912e-01	2.448381737113263790e-01	1.476991496185180996e-01	7.085086414981418834e-02	2.813181380852963417e-02	7.277590128896595234e-02
1.089949629136535123e+03	2.676442092142286566e-01	1.676790935758094014e-01	2.450004616400280055e-01	1.477959995701961515e-01	7.089075379670500832e-02	2.815415260362955086e-02	7.283532959931397766e-02
1.091400960200631971e+03	2.674158865030066834e-01	1.675272704025050075e-01	2.451624648987025534e-01	1.478926747388838447e-01	7.093057665268899525e-02	2.817646479672599250e-02	7.289466200739769253e-02
1.092852291264728365e+03	2.671879527365930707e-01	1.673757059252708179e-01	2.453241839755166409e-01	1.479891754576446172e-01	7.097033283024573036e-02	2.819875041647740971e-02	7.295389865816255537e-02
1.094303622328825213e+03	2.669604072512421489e-01	1.672243997024332740e-01	2.454856193578027479e-01	1.480855020588627280e-01	7.101002244166775001e-02	2.822100949151782473e-02	7.301303969638435476e-02
1.095754953392921607e+03	2.667332493843425079e-01	1.670733512930754616e-01	2.456467715320609368e-01	1.481816548742449779e-01	7.104964559906090660e-02	2.824324205045683836e-02	7.307208526666918169e-02
1.097206284457018228e+03	2.665064784744151649e-01	1.669225602570358624e-01	2.458076409839600185e-01	1.482776342348220422e-01	7.108920241434474319e-02	2.826544812187961608e-02	7.313103551345334630e-02
1.098657615521114849e+03	2.662800938611115109e-01	1.667720261549069938e-01	2.459682281983390784e-01	1.483734404709501076e-01	7.112869299925279887e-02	2.828762773434692276e-02	7.318989058100341949e-02
1.100108946585211470e+03	2.660540948852114784e-01	1.666217485480340488e-01	2.461285336592088924e-01	1.484690739123122882e-01	7.116811746533298344e-02	2.830978091639511918e-02	7.324865061341612194e-02
1.101560277649308091e+03	2.658284808886214878e-01	1.664717269985136194e-01	2.462885578497532868e-01	1.485645348879201244e-01	7.120747592394784109e-02	2.833190769653616201e-02	7.330731575461836569e-02
1.103011608713404712e+03	2.656032512143727264e-01	1.663219610691925032e-01	2.464483012523306926e-01	1.486598237261151645e-01	7.124676848627496673e-02	2.835400810325762813e-02	7.336588614836714317e-02
1.104462939777501106e+03	2.653784052066192056e-01	1.661724503236662320e-01	2.466077643484754223e-01	1.487549407545703251e-01	7.128599526330735292e-02	2.837608216502270769e-02	7.342436193824955493e-02
1.105914270841597499e+03	2.651539422106357624e-01	1.660231943262777954e-01	2.467669476188990851e-01	1.488498863002915007e-01	7.132515636585363972e-02	2.839812991027022143e-02	7.348274326768278186e-02
1.107365601905694348e+03	2.649298615728161166e-01	1.658741926421163915e-01	2.469258515434920587e-01	1.489446606896190073e-01	7.136425190453853096e-02	2.842015136741463457e-02	7.354103027991402974e-02
1.108816932969790741e+03	2.647061626406710944e-01	1.657254448370160949e-01	2.470844766013248484e-01	1.490392642482290253e-01	7.140328198980305796e-02	2.844214656484604295e-02	7.359922311802052919e-02
1.110268264033887590e+03	2.644828447628266854e-01	1.655769504775546352e-01	2.472428232706495310e-01	1.491336973011350986e-01	7.144224673190499586e-02	2.846411553093020769e-02	7.365732192490949404e-02
1.111719595097984211e+03	2.642599072890222112e-01	1.654287091310519264e-01	2.474008920289010871e-01	1.492279601726896610e-01	7.148114624091908564e-02	2.848605829400854481e-02	7.371532684331810747e-02
1.113170926162080832e+03	2.640373495701081596e-01	1.652807203655690116e-01	2.475586833526988162e-01	1.493220531865854239e-01	7.151998062673747825e-02	2.850797488239813909e-02	7.377323801581350815e-02
1.114622257226177226e+03	2.638151709580446869e-01	1.651329837499065922e-01	2.477161977178477803e-01	1.494159766658569588e-01	7.155874999906997047e-02	2.852986532439175105e-02	7.383105558479276243e-02
1.116073588290273847e+03	2.635933708058994518e-01	1.649854988536037792e-01	2.478734355993401639e-01	1.495097309328820012e-01	7.159745446744437969e-02	2.855172964825784115e-02	7.388877969248283661e-02
1.117524919354370468e+03	2.633719484678458400e-01	1.648382652469368992e-01	2.480303974713566340e-01	1.496033163093830609e-01	7.163609414120684915e-02	2.857356788224054908e-02	7.394641048094063862e-02
1.118976250418467089e+03	2.631509032991610209e-01	1.646912825009180792e-01	2.481870838072677832e-01	1.496967331164287540e-01	7.167466912952219493e-02	2.859538005455972837e-02	7.400394809205292079e-02
1.120427581482563710e+03	2.629302346562241155e-01	1.645445501872940530e-01	2.483434950796354623e-01	1.497899816744353851e-01	7.171317954137416961e-02	2.861716619341093601e-02	7.406139266753632155e-02
1.121878912546660331e+03	2.627099418965143096e-01	1.643980678785449123e-01	2.484996317602141958e-01	1.498830623031683074e-01	7.175162548556587860e-02	2.863892632696545676e-02	7.411874434893737928e-02
1.123330243610756725e+03	2.624900243786089660e-01	1.642518351478827465e-01	2.486554943199525414e-01	1.499759753217434211e-01	7.179000707072001608e-02	2.866066048337030311e-02	7.417600327763242130e-02
1.124781574674853118e+03	2.622704814621818481e-01	1.641058515692503939e-01	2.488110832289945062e-01	1.500687210486285894e-01	7.182832440527921192e-02	2.868236869074822573e-02	7.423316959482764710e-02
1.126232905738949967e+03	2.620513125080010663e-01	1.639601167173202478e-01	2.489663989566808511e-01	1.501612998016450540e-01	7.186657759750636476e-02	2.870405097719772036e-02	7.429024344155911452e-02
1.127684236803046360e+03	2.618325168779273571e-01	1.638146301674929806e-01	2.491214419715505335e-01	1.502537118979689335e-01	7.190476675548491958e-02	2.872570737079304173e-02	7.434722495869269809e-02
1.129135567867143209e+03	2.616140939349121952e-01	1.636693914958960994e-01	2.492762127413420403e-01	1.503459576541325837e-01	7.194289198711925626e-02	2.874733789958421049e-02	7.440411428692408902e-02
1.130586898931239830e+03	2.613960430429958515e-01	1.635244002793829476e-01	2.494307117329947199e-01	1.504380373860260967e-01	7.198095340013492549e-02	2.876894259159700970e-02	7.446091156677883682e-02
1.132038229995336451e+03	2.611783635673057824e-01	1.633796560955312893e-01	2.495849394126503085e-01	1.505299514088987156e-01	7.201895110207899575e-02	2.879052147483302307e-02	7.451761693861229385e-02
1.133489561059432845e+03	2.609610548740543545e-01	1.632351585226420598e-01	2.497388962456540684e-01	1.506217000373602510e-01	7.205688520032035860e-02	2.881207457726961407e-02	7.457423054260965689e-02
1.134940892123529466e+03	2.607441163305375120e-01	1.630909071397381449e-01	2.498925826965563424e-01	1.507132835853824682e-01	7.209475580205006173e-02	2.883360192685994680e-02	7.463075251878593941e-02
1.136392223187626087e+03	2.605275473051324453e-01	1.629469015265631593e-01	2.500459992291136913e-01	1.508047023663005304e-01	7.213256301428158657e-02	2.885510355153299636e-02	7.468718300698599932e-02
1.137843554251722708e+03	2.603113471672959811e-01	1.628031412635801423e-01	2.501991463062905319e-01	1.508959566928144425e-01	7.217030694385116740e-02	2.887657947919356274e-02	7.474352214688451124e-02
1.139294885315819101e+03	2.600955152875628063e-01	1.626596259319703364e-01	2.503520243902603304e-01	1.509870468769904106e-01	7.220798769741816614e-02	2.889802973772226044e-02	7.479977007798600808e-02
1.140746216379915950e+03	2.598800510375434691e-01	1.625163551136319662e-01	2.505046339424068513e-01	1.510779732302622858e-01	7.224560538146522493e-02	2.891945435497555311e-02	7.485592693962486721e-02
1.142197547444012343e+03	2.596649537899227700e-01	1.623733283911789060e-01	2.506569754233258229e-01	1.511687360634329513e-01	7.228316010229872413e-02	2.894085335878574319e-02	7.491199287096533821e-02
1.143648878508108737e+03	2.594502229184576514e-01	1.622305453479396253e-01	2.508090492928258808e-01	1.512593356866756833e-01	7.232065196604901824e-02	2.896222677696099271e-02	7.496796801100150121e-02
1.145100209572205586e+03	2.592358577979753664e-01	1.620880055679556619e-01	2.509608560099302332e-01	1.513497724095356212e-01	7.235808107867072736e-02	2.898357463728532674e-02	7.502385249855733629e-02
1.146551540636302207e+03	2.590218578043720909e-01	1.619457086359807618e-01	2.511123960328778271e-01	1.514400465409311280e-01	7.239544754594311182e-02	2.900489696751864729e-02	7.507964647228673738e-02
1.148002871700398828e+03	2.588082223146104810e-01	1.618036541374792969e-01	2.512636698191248463e-01	1.515301583891552339e-01	7.243275147347026655e-02	2.902619379539673333e-02	7.513535007067348448e-02
1.149454202764495449e+03	2.585949507067182851e-01	1.616618416586252382e-01	2.514146778253458780e-01	1.516201082618768847e-01	7.246999296668152346e-02	2.904746514863126156e-02	7.519096343203125754e-02
1.150905533828591842e+03	2.583820423597865124e-01	1.615202707863008236e-01	2.515654205074353555e-01	1.517098964661424687e-01	7.250717213083168744e-02	2.906871105490980989e-02	7.524648669450369198e-02
1.152356864892688463e+03	2.581694966539673231e-01	1.613789411080954472e-01	2.517158983205088907e-01	1.517995233083770934e-01	7.254428907100132773e-02	2.908993154189586441e-02	7.530191999606437869e-02
1.153808195956785084e+03	2.579573129704724188e-01	1.612378522123043834e-01	2.518661117189044951e-01	1.518889890943860566e-01	7.258134389209719428e-02	2.911112663722884367e-02	7.535726347451686402e-02
1.155259527020881706e+03	2.577454906915714328e-01	1.610970036879275369e-01	2.520160611561840791e-01	1.519782941293561507e-01	7.261833669885232878e-02	2.913229636852407781e-02	7.541251726749470530e-02
1.156710858084978327e+03	2.575340292005896536e-01	1.609563951246682223e-01	2.521657470851346172e-01	1.520674387178571063e-01	7.265526759582650873e-02	2.915344076337285026e-02	7.546768151246144307e-02
1.158162189149074720e+03	2.573229278819065269e-01	1.608160261129319701e-01	2.523151699577694251e-01	1.521564231638428133e-01	7.269213668740648338e-02	2.917455984934239077e-02	7.552275634671068438e-02
1.159613520213171569e+03	2.571121861209538784e-01	1.606758962438253890e-01	2.524643302253299360e-01	1.522452477706528751e-01	7.272894407780626513e-02	2.919565365397588930e-02	7.557774190736607500e-02
1.161064851277267962e+03	2.569018033042139715e-01	1.605360051091548057e-01	2.526132283382863664e-01	1.523339128410138299e-01	7.276568987106744879e-02	2.921672220479250640e-02	7.563263833138134107e-02
1.162516182341364356e+03	2.566917788192178418e-01	1.603963523014251269e-01	2.527618647463395485e-01	1.524224186770405942e-01	7.280237417105946129e-02	2.923776552928737671e-02	7.568744575554028908e-02
1.163967513405461204e+03	2.564821120545434097e-01	1.602569374138387015e-01	2.529102398984219846e-01	1.525107655802377116e-01	7.283899708147992258e-02	2.925878365493162631e-02	7.574216431645691694e-02
1.165418844469557826e+03	2.562728023998136484e-01	1.601177600402939882e-01	2.530583542426991794e-01	1.525989538515008237e-01	7.287555870585488149e-02	2.927977660917237268e-02	7.579679415057534453e-02
1.166870175533654447e+03	2.560638492456949744e-01	1.599788197753844454e-01	2.532062082265710279e-01	1.526869837911179750e-01	7.291205914753910722e-02	2.930074441943275251e-02	7.585133539416986925e-02
1.168321506597751068e+03	2.558552519838953598e-01	1.598401162143973375e-01	2.533538022966731473e-01	1.527748556987708894e-01	7.294849850971639460e-02	2.932168711311191472e-02	7.590578818334506317e-02
1.169772837661847461e+03	2.556470100071625562e-01	1.597016489533124584e-01	2.535011368988779878e-01	1.528625698735364413e-01	7.298487689539986945e-02	2.934260471758502742e-02	7.596015265403570360e-02
1.171224168725944082e+03	2.554391227092822625e-01	1.595634175888010209e-01	2.536482124782964420e-01	1.529501266138878768e-01	7.302119440743225220e-02	2.936349726020330564e-02	7.601442894200687028e-02
1.172675499790040703e+03	2.552315894850764599e-01	1.594254217182243527e-01	2.537950294792788997e-01	1.530375262176962015e-01	7.305745114848613553e-02	2.938436476829400443e-02	7.606861718285393148e-02
1.174126830854137097e+03	2.550244097304015245e-01	1.592876609396328136e-01	2.539415883454166356e-01	1.531247689822315405e-01	7.309364722106427570e-02	2.940520726916044658e-02	7.612271751200264114e-02
1.175578161918233945e+03	2.548175828421466727e-01	1.591501348517646297e-01	2.540878895195430864e-01	1.532118552041643600e-01	7.312978272749989794e-02	2.942602479008200878e-02	7.617673006470915276e-02
1.177029492982330339e+03	2.546111082182317964e-01	1.590128430540446169e-01	2.542339334437351828e-01	1.532987851795669376e-01	7.316585776995698787e-02	2.944681735831415278e-02	7.623065497606000551e-02
1.178480824046426733e+03	2.544049852576062420e-01	1.588757851465829596e-01	2.543797205593146260e-01	1.533855592039146121e-01	7.320187245043051349e-02	2.946758500108842549e-02	7.628449238097219365e-02
1.179932155110523581e+03	2.541992133602465898e-01	1.587389607301742112e-01	2.545252513068492206e-01	1.534721775720870596e-01	7.323782687074678610e-02	2.948832774561246928e-02	7.633824241419326362e-02
1.181383486174620202e+03	2.539937919271550992e-01	1.586023694062958511e-01	2.546705261261539288e-01	1.535586405783696817e-01	7.327372113256369612e-02	2.950904561907003246e-02	7.639190521030125858e-02
1.182834817238716823e+03	2.537887203603579334e-01	1.584660107771073967e-01	2.548155454562925359e-01	1.536449485164548268e-01	7.330955533737101848e-02	2.952973864862097619e-02	7.644548090370482940e-02
1.184286148302813444e+03	2.535839980629033263e-01	1.583298844454490151e-01	2.549603097355787606e-01	1.537311016794432605e-01	7.334532958649063461e-02	2.955040686140129880e-02	7.649896962864323469e-02
1.185737479366910065e+03	2.533796244388599739e-01	1.581939900148404410e-01	2.551048194015773096e-01	1.538171003598453324e-01	7.338104398107692106e-02	2.957105028452312531e-02	7.655237151918639626e-02
1.187188810431006686e+03	2.531755988933153123e-01	1.580583270894798109e-01	2.552490748911054874e-01	1.539029448495823071e-01	7.341669862211691600e-02	2.959166894507473528e-02	7.660568670923494083e-02
1.188640141495103080e+03	2.529719208323735202e-01	1.579228952742423586e-01	2.553930766402344177e-01	1.539886354399876978e-01	7.345229361043066618e-02	2.961226287012055924e-02	7.665891533252029710e-02
1.190091472559199701e+03	2.527685896631539642e-01	1.577876941746795547e-01	2.555368250842901534e-01	1.540741724218085418e-01	7.348782904667147675e-02	2.963283208670120308e-02	7.671205752260464028e-02
1.191542803623296322e+03	2.525656047937895332e-01	1.576527233970175246e-01	2.556803206578550647e-01	1.541595560852066782e-01	7.352330503132618877e-02	2.965337662183344103e-02	7.676511341288100310e-02
1.192994134687392716e+03	2.523629656334248073e-01	1.575179825481562990e-01	2.558235637947692265e-01	1.542447867197600797e-01	7.355872166471549845e-02	2.967389650251023997e-02	7.681808313657333132e-02
1.194445465751489564e+03	2.521606715922142250e-01	1.573834712356682874e-01	2.559665549281313623e-01	1.543298646144641295e-01	7.359407904699415137e-02	2.969439175570076639e-02	7.687096682673651149e-02
1.195896796815585958e+03	2.519587220813206407e-01	1.572491890677974458e-01	2.561092944903003987e-01	1.544147900577328703e-01	7.362937727815127564e-02	2.971486240835038636e-02	7.692376461625641260e-02
1.197348127879682352e+03	2.517571165129132704e-01	1.571151356534578880e-01	2.562517829128966307e-01	1.544995633374003363e-01	7.366461645801068714e-02	2.973530848738069332e-02	7.697647663784996930e-02
1.198799458943779200e+03	2.515558543001661929e-01	1.569813106022328042e-01	2.563940206268029431e-01	1.545841847407217473e-01	7.369979668623105606e-02	2.975573001968950804e-02	7.702910302406519583e-02
1.200250790007875821e+03	2.513549348572564623e-01	1.568477135243733223e-01	2.565360080621662542e-01	1.546686545543749514e-01	7.373491806230625389e-02	2.977612703215089252e-02	7.708164390728126925e-02
1.201702121071972442e+03	2.511543575993626654e-01	1.567143440307973978e-01	2.566777456483984587e-01	1.547529730644614798e-01	7.376998068556564481e-02	2.979649955161514999e-02	7.713409941970855721e-02
1.203153452136069063e+03	2.509541219426629777e-01	1.565812017330885653e-01	2.568192338141780384e-01	1.548371405565079628e-01	7.380498465517427997e-02	2.981684760490884920e-02	7.718646969338870123e-02
1.204604783200165684e+03	2.507542273043334435e-01	1.564482862434948551e-01	2.569604729874509497e-01	1.549211573154674060e-01	7.383993007013327226e-02	2.983717121883483134e-02	7.723875486019463055e-02
1.206056114264262078e+03	2.505546731025463658e-01	1.563155971749276285e-01	2.571014635954321781e-01	1.550050236257203562e-01	7.387481702927994887e-02	2.985747042017221006e-02	7.729095505183065928e-02
1.207507445328358699e+03	2.503554587564686407e-01	1.561831341409604668e-01	2.572422060646069597e-01	1.550887397710761506e-01	7.390964563128821219e-02	2.987774523567640270e-02	7.734307039983254195e-02
1.208958776392455093e+03	2.501565836862598702e-01	1.560508967558280335e-01	2.573827008207317246e-01	1.551723060347744154e-01	7.394441597466876182e-02	2.989799569207911636e-02	7.739510103556751508e-02
1.210410107456551941e+03	2.499580473130708080e-01	1.559188846344248536e-01	2.575229482888357069e-01	1.552557226994859818e-01	7.397912815776937212e-02	2.991822181608837228e-02	7.744704709023432498e-02
1.211861438520648335e+03	2.497598490590416664e-01	1.557870973923042857e-01	2.576629488932220546e-01	1.553389900473143292e-01	7.401378227877519755e-02	2.993842363438852308e-02	7.749890869486338041e-02
1.213312769584745183e+03	2.495619883473003953e-01	1.556555346456773570e-01	2.578027030574689960e-01	1.554221083597968067e-01	7.404837843570895306e-02	2.995860117364024938e-02	7.755068598031669702e-02
1.214764100648841804e+03	2.493644646019609890e-01	1.555241960114115696e-01	2.579422112044310600e-01	1.555050779179059095e-01	7.408291672643124715e-02	2.997875446048056669e-02	7.760237907728807782e-02
1.216215431712937971e+03	2.491672772481217379e-01	1.553930811070297902e-01	2.580814737562405758e-01	1.555878990020504171e-01	7.411739724864087331e-02	2.999888352152285664e-02	7.765398811630305764e-02
1.217666762777034819e+03	2.489704257118636743e-01	1.552621895507092231e-01	2.582204911343086717e-01	1.556705718920767534e-01	7.415182009987500433e-02	3.001898838335686354e-02	7.770551322771904190e-02
1.219118093841131440e+03	2.487739094202487955e-01	1.551315209612801893e-01	2.583592637593265517e-01	1.557530968672701244e-01	7.418618537750945596e-02	3.003906907254870473e-02	7.775695454172538990e-02
1.220569424905228061e+03	2.485777278013184266e-01	1.550010749582250158e-01	2.584977920512666061e-01	1.558354742063557952e-01	7.422049317875901997e-02	3.005912561564088106e-02	7.780831218834341478e-02
1.222020755969324682e+03	2.483818802840914441e-01	1.548708511616768979e-01	2.586360764293840209e-01	1.559177041875003944e-01	7.425474360067768620e-02	3.007915803915229419e-02	7.785958629742646686e-02
1.223472087033421303e+03	2.481863662985627494e-01	1.547408491924188445e-01	2.587741173122174998e-01	1.559997870883129134e-01	7.428893674015889237e-02	3.009916636957825353e-02	7.791077699866003070e-02
1.224923418097517697e+03	2.479911852757015756e-01	1.546110686718824567e-01	2.589119151175908740e-01	1.560817231858461773e-01	7.432307269393580162e-02	3.011915063339047974e-02	7.796188442156176679e-02
1.226374749161614318e+03	2.477963366474496831e-01	1.544815092221469566e-01	2.590494702626141565e-01	1.561635127565980108e-01	7.435715155858156622e-02	3.013911085703713244e-02	7.801290869548159479e-02
1.227826080225710712e+03	2.476018198467198339e-01	1.543521704659379379e-01	2.591867831636848196e-01	1.562451560765123204e-01	7.439117343050957731e-02	3.015904706694280332e-02	7.806384994960176293e-02
1.229277411289807560e+03	2.474076343073940698e-01	1.542230520266263394e-01	2.593238542364890153e-01	1.563266534209804548e-01	7.442513840597372865e-02	3.017895928950853693e-02	7.811470831293688966e-02
1.230728742353903954e+03	2.472137794643221032e-01	1.540941535282273067e-01	2.594606838960026307e-01	1.564080050648423981e-01	7.445904658106872187e-02	3.019884755111183761e-02	7.816548391433406073e-02
1.232180073418000802e+03	2.470202547533196236e-01	1.539654745953990267e-01	2.595972725564927863e-01	1.564892112823878800e-01	7.449289805173020529e-02	3.021871187810668338e-02	7.821617688247288480e-02
1.233631404482097196e+03	2.468270596111665771e-01	1.538370148534417003e-01	2.597336206315187246e-01	1.565702723473576530e-01	7.452669291373516247e-02	3.023855229682353637e-02	7.826678734586561825e-02
1.235082735546193817e+03	2.466341934756056398e-01	1.537087739282964882e-01	2.598697285339334195e-01	1.566511885329447407e-01	7.456043126270212040e-02	3.025836883356934279e-02	7.831731543285715136e-02
1.236534066610290438e+03	2.464416557853404965e-01	1.535807514465442614e-01	2.600055966758844650e-01	1.567319601117955485e-01	7.459411319409135765e-02	3.027816151462756414e-02	7.836776127162517480e-02
1.237985397674387059e+03	2.462494459800342594e-01	1.534529470354045744e-01	2.601412254688152959e-01	1.568125873560111405e-01	7.462773880320525133e-02	3.029793036625816685e-02	7.841812499018016580e-02
1.239436728738483680e+03	2.460575635003077188e-01	1.533253603227346107e-01	2.602766153234665203e-01	1.568930705371484047e-01	7.466130818518847134e-02	3.031767541469765001e-02	7.846840671636549913e-02
1.240888059802580301e+03	2.458660077877377614e-01	1.531979909370279891e-01	2.604117666498769745e-01	1.569734099262211635e-01	7.469482143502825799e-02	3.033739668615905230e-02	7.851860657785758590e-02
1.242339390866676695e+03	2.456747782848557604e-01	1.530708385074137923e-01	2.605466798573852216e-01	1.570536057937015062e-01	7.472827864755464400e-02	3.035709420683194854e-02	7.856872470216583193e-02
1.243790721930773088e+03	2.454838744351459101e-01	1.529439026636553733e-01	2.606813553546303841e-01	1.571336584095208710e-01	7.476167991744077368e-02	3.037676800288248435e-02	7.861876121663283201e-02
1.245242052994869937e+03	2.452932956830436162e-01	1.528171830361492456e-01	2.608157935495535873e-01	1.572135680430713223e-01	7.479502533920311114e-02	3.039641810045336581e-02	7.866871624843435606e-02
1.246693384058966330e+03	2.451030414739338026e-01	1.526906792559241666e-01	2.609499948493989585e-01	1.572933349632065492e-01	7.482831500720169005e-02	3.041604452566388020e-02	7.871858992457948789e-02
1.248144715123063179e+03	2.449131112541493849e-01	1.525643909546398336e-01	2.610839596607149593e-01	1.573729594382433095e-01	7.486154901564039121e-02	3.043564730460991338e-02	7.876838237191065295e-02
1.249596046187159800e+03	2.447235044709695773e-01	1.524383177645859955e-01	2.612176883893556067e-01	1.574524417359623729e-01	7.489472745856716462e-02	3.045522646336394981e-02	7.881809371710378487e-02
1.251047377251256421e+03	2.445342205726182827e-01	1.523124593186811759e-01	2.613511814404815281e-01	1.575317821236097426e-01	7.492785042987430699e-02	3.047478202797507946e-02	7.886772408666829770e-02
1.252498708315352815e+03	2.443452590082625109e-01	1.521868152504717575e-01	2.614844392185611266e-01	1.576109808678979873e-01	7.496091802329871157e-02	3.049431402446902556e-02	7.891727360694726634e-02
1.253950039379449436e+03	2.441566192280106851e-01	1.520613851941308159e-01	2.616174621273720802e-01	1.576900382350071572e-01	7.499393033242210405e-02	3.051382247884814464e-02	7.896674240411742651e-02
1.255401370443546057e+03	2.439683006829110878e-01	1.519361687844570097e-01	2.617502505700020632e-01	1.577689544905861441e-01	7.502688745067132015e-02	3.053330741709144036e-02	7.901613060418934131e-02
1.256852701507642678e+03	2.437803028249503068e-01	1.518111656568736645e-01	2.618828049488501897e-01	1.578477298997537359e-01	7.505978947131849988e-02	3.055276886515457049e-02	7.906543833300740121e-02
1.258304032571739299e+03	2.435926251070515136e-01	1.516863754474275516e-01	2.620151256656282346e-01	1.579263647270998105e-01	7.509263648748139286e-02	3.057220684896986770e-02	7.911466571624999056e-02
1.259755363635835920e+03	2.434052669830729376e-01	1.515617977927878057e-01	2.621472131213616330e-01	1.580048592366865012e-01	7.512542859212359425e-02	3.059162139444633610e-02	7.916381287942950151e-02
1.261206694699932314e+03	2.432182279078061726e-01	1.514374323302450087e-01	2.622790677163908124e-01	1.580832136920493902e-01	7.515816587805478066e-02	3.061101252746967205e-02	7.921287994789245890e-02
1.262658025764028707e+03	2.430315073369747336e-01	1.513132786977099686e-01	2.624106898503722474e-01	1.581614283561984524e-01	7.519084843793095996e-02	3.063038027390227805e-02	7.926186704681960349e-02
1.264109356828125556e+03	2.428451047272323082e-01	1.511893365337126927e-01	2.625420799222797363e-01	1.582395034916194987e-01	7.522347636425472106e-02	3.064972465958327313e-02	7.931077430122597527e-02
1.265560687892221949e+03	2.426590195361612856e-01	1.510656054774013324e-01	2.626732383304054563e-01	1.583174393602750918e-01	7.525604974937548375e-02	3.066904571032848595e-02	7.935960183596102446e-02
1.267012018956318798e+03	2.424732512222710912e-01	1.509420851685412401e-01	2.628041654723611287e-01	1.583952362236057676e-01	7.528856868548973458e-02	3.068834345193048943e-02	7.940834977570862541e-02
1.268463350020415419e+03	2.422877992449965767e-01	1.508187752475136645e-01	2.629348617450794068e-01	1.584728943425312842e-01	7.532103326464129056e-02	3.070761791015860429e-02	7.945701824498727084e-02
1.269914681084511813e+03	2.421026630646965216e-01	1.506956753553148898e-01	2.630653275448147088e-01	1.585504139774514543e-01	7.535344357872153509e-02	3.072686911075890592e-02	7.950560736815005802e-02
1.271366012148608434e+03	2.419178421426519121e-01	1.505727851335550982e-01	2.631955632671446055e-01	1.586277953882476444e-01	7.538579971946966773e-02	3.074609707945423834e-02	7.955411726938489692e-02
1.272817343212705055e+03	2.417333359410645810e-01	1.504501042244573705e-01	2.633255693069707637e-01	1.587050388342836904e-01	7.541810177847292629e-02	3.076530184194422451e-02	7.960254807271449629e-02
1.274268674276801676e+03	2.415491439230554316e-01	1.503276322708565760e-01	2.634553460585204454e-01	1.587821445744069804e-01	7.545034984716683657e-02	3.078448342390528031e-02	7.965089990199651637e-02
1.275720005340898297e+03	2.413652655526629109e-01	1.502053689161982897e-01	2.635848939153473403e-01	1.588591128669497587e-01	7.548254401683548998e-02	3.080364185099062832e-02	7.969917288092362440e-02
1.277171336404994690e+03	2.411817002948415667e-01	1.500833138045379322e-01	2.637142132703328423e-01	1.589359439697300980e-01	7.551468437861176553e-02	3.082277714883029790e-02	7.974736713302359170e-02
1.278622667469091539e+03	2.409984476154602429e-01	1.499614665805394376e-01	2.638433045156871048e-01	1.590126381400530919e-01	7.554677102347756579e-02	3.084188934303114249e-02	7.979548278165944641e-02
1.280073998533187932e+03	2.408155069813007199e-01	1.498398268894744478e-01	2.639721680429504280e-01	1.590891956347119940e-01	7.557880404226403892e-02	3.086097845917685698e-02	7.984351995002950120e-02
1.281525329597284326e+03	2.406328778600560492e-01	1.497183943772211756e-01	2.641008042429941471e-01	1.591656167099892161e-01	7.561078352565189786e-02	3.088004452282798462e-02	7.989147876116747815e-02
1.282976660661381175e+03	2.404505597203290546e-01	1.495971686902633491e-01	2.642292135060218539e-01	1.592419016216575778e-01	7.564270956417155911e-02	3.089908755952192401e-02	7.993935933794256432e-02
1.284427991725477568e+03	2.402685520316307499e-01	1.494761494756891573e-01	2.643573962215706175e-01	1.593180506249813055e-01	7.567458224820343415e-02	3.091810759477293946e-02	7.998716180305960599e-02
1.285879322789574417e+03	2.400868542643787018e-01	1.493553363811903067e-01	2.644853527785121505e-01	1.593940639747172261e-01	7.570640166797817927e-02	3.093710465407218529e-02	8.003488627905906705e-02
1.287330653853671038e+03	2.399054658898955861e-01	1.492347290550609107e-01	2.646130835650536972e-01	1.594699419251157657e-01	7.573816791357694533e-02	3.095607876288769891e-02	8.008253288831726491e-02
1.288781984917767431e+03	2.397243863804075781e-01	1.491143271461964626e-01	2.647405889687393099e-01	1.595456847299221437e-01	7.576988107493154434e-02	3.097502994666443202e-02	8.013010175304637051e-02
1.290233315981864052e+03	2.395436152090428261e-01	1.489941303040927534e-01	2.648678693764511261e-01	1.596212926423774547e-01	7.580154124182479636e-02	3.099395823082425061e-02	8.017759299529454708e-02
