1.001418434226643626e+03	2.823636351958094814e-01	1.773503465183746131e-01	2.345954468473186172e-01	1.415543026510498459e-01	6.838252580717783802e-02	2.671087666398347035e-02	6.904286631619659109e-02
1.002869765290740247e+03	2.821101149283968268e-01	1.771819630736560236e-01	2.347758185472670622e-01	1.416621790970468697e-01	6.842696529014119511e-02	2.673448578525984901e-02	6.910847327814263752e-02
1.004321096354836754e+03	2.818570268034913395e-01	1.770138667285935385e-01	2.349558743996310595e-01	1.417698588665552706e-01	6.847133119054406303e-02	2.675806579732317031e-02	6.917397621377201211e-02
1.005772427418933376e+03	2.816043700833987251e-01	1.768460569926410542e-01	2.351356149460989420e-01	1.418773423372601816e-01	6.851562362952648422e-02	2.678161673454851344e-02	6.923937527643658774e-02
1.007223758483029997e+03	2.813521440316825162e-01	1.766785333760963195e-01	2.353150407274333389e-01	1.419846298860896749e-01	6.855984272801859958e-02	2.680513863127806026e-02	6.930467061931193384e-02
1.008675089547126618e+03	2.811003479131619631e-01	1.765112953900997705e-01	2.354941522834727019e-01	1.420917218892163991e-01	6.860398860674125909e-02	2.682863152182108843e-02	6.936986239539724708e-02
1.010126420611223239e+03	2.808489809939099802e-01	1.763443425466325876e-01	2.356729501531330540e-01	1.421986187220590225e-01	6.864806138620657694e-02	2.685209544045397828e-02	6.943495075751521250e-02
1.011577751675319632e+03	2.805980425412511470e-01	1.761776743585153904e-01	2.358514348744093769e-01	1.423053207592837877e-01	6.869206118671855599e-02	2.687553042142023021e-02	6.949993585831193421e-02
1.013029082739416367e+03	2.803475318237595437e-01	1.760112903394066286e-01	2.360296069843772770e-01	1.424118283748060654e-01	6.873598812837361516e-02	2.689893649893045427e-02	6.956481785025686593e-02
1.014480413803512761e+03	2.800974481112568082e-01	1.758451900038010551e-01	2.362074670191945669e-01	1.425181419417918538e-01	6.877984233106117229e-02	2.692231370716237360e-02	6.962959688564270000e-02
1.015931744867609382e+03	2.798477906748099708e-01	1.756793728670281995e-01	2.363850155141028198e-01	1.426242618326592493e-01	6.882362391446418537e-02	2.694566208026084875e-02	6.969427311658533963e-02
1.017383075931706003e+03	2.795985587867295119e-01	1.755138384452508138e-01	2.365622530034288684e-01	1.427301884190799730e-01	6.886733299805976316e-02	2.696898165233785685e-02	6.975884669502376012e-02
1.018834406995802851e+03	2.793497517205673630e-01	1.753485862554635399e-01	2.367391800205865260e-01	1.428359220719810363e-01	6.891096970111969255e-02	2.699227245747251938e-02	6.982331777271999496e-02
1.020285738059899245e+03	2.791013687511145758e-01	1.751836158154911061e-01	2.369157970980778627e-01	1.429414631615460174e-01	6.895453414271096593e-02	2.701553452971109173e-02	6.988768650125901094e-02
1.021737069123995752e+03	2.788534091543997673e-01	1.750189266439869940e-01	2.370921047674950932e-01	1.430468120572168100e-01	6.899802644169639176e-02	2.703876790306697711e-02	6.995195303204866655e-02
1.023188400188092373e+03	2.786058722076864558e-01	1.748545182604319403e-01	2.372681035595219090e-01	1.431519691276949002e-01	6.904144671673506650e-02	2.706197261152073694e-02	7.001611751631967029e-02
1.024639731252188767e+03	2.783587571894716728e-01	1.746903901851323548e-01	2.374437940039350325e-01	1.432569347409430593e-01	6.908479508628299903e-02	2.708514868902007350e-02	7.008018010512551133e-02
1.026091062316285615e+03	2.781120633794832986e-01	1.745265419392189044e-01	2.376191766296060215e-01	1.433617092641867041e-01	6.912807166859352703e-02	2.710829616947986118e-02	7.014414094934233457e-02
1.027542393380382237e+03	2.778657900586786744e-01	1.743629730446450143e-01	2.377942519645023511e-01	1.434662930639155343e-01	6.917127658171798310e-02	2.713141508678213951e-02	7.020800019966899619e-02
1.028993724444478858e+03	2.776199365092418270e-01	1.741996830241853145e-01	2.379690205356894128e-01	1.435706865058848924e-01	6.921440994350615272e-02	2.715450547477612359e-02	7.027175800662693872e-02
1.030445055508575479e+03	2.773745020145821916e-01	1.740366714014341676e-01	2.381434828693318462e-01	1.436748899551174019e-01	6.925747187160678775e-02	2.717756736727820754e-02	7.033541452056010779e-02
1.031896386572671872e+03	2.771294858593319477e-01	1.738739377008043374e-01	2.383176394906950102e-01	1.437789037759043265e-01	6.930046248346818927e-02	2.720060079807196454e-02	7.039896989163499375e-02
1.033347717636768493e+03	2.768848873293442980e-01	1.737114814475253233e-01	2.384914909241466763e-01	1.438827283318070971e-01	6.934338189633863780e-02	2.722360580090817106e-02	7.046242426984053453e-02
1.034799048700865114e+03	2.766407057116915813e-01	1.735493021676420000e-01	2.386650376931584439e-01	1.439863639856588662e-01	6.938623022726699008e-02	2.724658240950479648e-02	7.052577780498804627e-02
1.036250379764961508e+03	2.763969402946628851e-01	1.733873993880130915e-01	2.388382803203073779e-01	1.440898110995659231e-01	6.942900759310319247e-02	2.726953065754700659e-02	7.058903064671125105e-02
1.037701710829058356e+03	2.761535903677621584e-01	1.732257726363098382e-01	2.390112193272774521e-01	1.441930700349091654e-01	6.947171411049869738e-02	2.729245057868719473e-02	7.065218294446619363e-02
1.039153041893154750e+03	2.759106552217064356e-01	1.730644214410143322e-01	2.391838552348609925e-01	1.442961411523457083e-01	6.951434989590705993e-02	2.731534220654496456e-02	7.071523484753119981e-02
1.040604372957251599e+03	2.756681341484233938e-01	1.729033453314182678e-01	2.393561885629604535e-01	1.443990248118101893e-01	6.955691506558440984e-02	2.733820557470714036e-02	7.077818650500686259e-02
1.042055704021347992e+03	2.754260264410496872e-01	1.727425438376213318e-01	2.395282198305897225e-01	1.445017213725163230e-01	6.959940973558995103e-02	2.736104071672777749e-02	7.084103806581600049e-02
1.043507035085444613e+03	2.751843313939286717e-01	1.725820164905298437e-01	2.396999495558756743e-01	1.446042311929583712e-01	6.964183402178641957e-02	2.738384766612817281e-02	7.090378967870362981e-02
1.044958366149541234e+03	2.749430483026086280e-01	1.724217628218553677e-01	2.398713782560597252e-01	1.447065546309126705e-01	6.968418803984061105e-02	2.740662645639686812e-02	7.096644149223695075e-02
1.046409697213637855e+03	2.747021764638404862e-01	1.722617823641131030e-01	2.400425064474993597e-01	1.448086920434389635e-01	6.972647190522390792e-02	2.742937712098965364e-02	7.102899365480530580e-02
1.047861028277734476e+03	2.744617151755761042e-01	1.721020746506206345e-01	2.402133346456696017e-01	1.449106437868819819e-01	6.976868573321268197e-02	2.745209969332958189e-02	7.109144631462016584e-02
1.049312359341831097e+03	2.742216637369659926e-01	1.719426392154964067e-01	2.403838633651645684e-01	1.450124102168728613e-01	6.981082963888884940e-02	2.747479420680696768e-02	7.115379961971508849e-02
1.050763690405927491e+03	2.739820214483574823e-01	1.717834755936583080e-01	2.405540931196988863e-01	1.451139916883306402e-01	6.985290373714027334e-02	2.749746069477940549e-02	7.121605371794574590e-02
1.052215021470024112e+03	2.737427876112926706e-01	1.716245833208222271e-01	2.407240244221092451e-01	1.452153885554636481e-01	6.989490814266130503e-02	2.752009919057177290e-02	7.127820875698985537e-02
1.053666352534120733e+03	2.735039615285063674e-01	1.714659619335007212e-01	2.408936577843559523e-01	1.453166011717710038e-01	6.993684296995325567e-02	2.754270972747622018e-02	7.134026488434722091e-02
1.055117683598217127e+03	2.732655425039242636e-01	1.713076109690014615e-01	2.410629937175242932e-01	1.454176298900440589e-01	6.997870833332481277e-02	2.756529233875220850e-02	7.140222224733966394e-02
1.056569014662313975e+03	2.730275298426605990e-01	1.711495299654259561e-01	2.412320327318261681e-01	1.455184750623678691e-01	7.002050434689252589e-02	2.758784705762649947e-02	7.146408099311107875e-02
1.058020345726410369e+03	2.727899228510165530e-01	1.709917184616680796e-01	2.414007753366015641e-01	1.456191370401226093e-01	7.006223112458133395e-02	2.761037391729316559e-02	7.152584126862737701e-02
1.059471676790506763e+03	2.725527208364780796e-01	1.708341759974126295e-01	2.415692220403199142e-01	1.457196161739850448e-01	7.010388878012492608e-02	2.763287295091359716e-02	7.158750322067647387e-02
1.060923007854603611e+03	2.723159231077137976e-01	1.706769021131340214e-01	2.417373733505817635e-01	1.458199128139299472e-01	7.014547742706626898e-02	2.765534419161651616e-02	7.164906699586831573e-02
1.062374338918700232e+03	2.720795289745732704e-01	1.705198963500948184e-01	2.419052297741200730e-01	1.459200273092315370e-01	7.018699717875803712e-02	2.767778767249797628e-02	7.171053274063489413e-02
1.063825669982796853e+03	2.718435377480847848e-01	1.703631582503443709e-01	2.420727918168019133e-01	1.460199600084649552e-01	7.022844814836307070e-02	2.770020342662137675e-02	7.177190060123020410e-02
1.065277001046893474e+03	2.716079487404534087e-01	1.702066873567173733e-01	2.422400599836296575e-01	1.461197112595076786e-01	7.026983044885481977e-02	2.772259148701747278e-02	7.183317072373027190e-02
1.066728332110990095e+03	2.713727612650591037e-01	1.700504832128325317e-01	2.424070347787427859e-01	1.462192814095408799e-01	7.031114419301778828e-02	2.774495188668437556e-02	7.189434325403315507e-02
1.068179663175086489e+03	2.711379746364548371e-01	1.698945453630912039e-01	2.425737167054190790e-01	1.463186708050510099e-01	7.035238949344799209e-02	2.776728465858756267e-02	7.195541833785894237e-02
1.069630994239183110e+03	2.709035881703643067e-01	1.697388733526759008e-01	2.427401062660762832e-01	1.464178797918311015e-01	7.039356646255338912e-02	2.778958983565989541e-02	7.201639612074975383e-02
1.071082325303279504e+03	2.706696011836801641e-01	1.695834667275490093e-01	2.429062039622735536e-01	1.465169087149822136e-01	7.043467521255430963e-02	2.781186745080161532e-02	7.207727674806979623e-02
1.072533656367376352e+03	2.704360129944620161e-01	1.694283250344514324e-01	2.430720102947127592e-01	1.466157579189148741e-01	7.047571585548390027e-02	2.783411753688036852e-02	7.213806036500530761e-02
1.073984987431472746e+03	2.702028229219344269e-01	1.692734478209010907e-01	2.432375257632401200e-01	1.467144277473505232e-01	7.051668850318856818e-02	2.785634012673119178e-02	7.219874711656465438e-02
1.075436318495569594e+03	2.699700302864851409e-01	1.691188346351917282e-01	2.434027508668476225e-01	1.468129185433229011e-01	7.055759326732841119e-02	2.787853525315654030e-02	7.225933714757826198e-02
1.076887649559666215e+03	2.697376344096628076e-01	1.689644850263914144e-01	2.435676861036744079e-01	1.469112306491793807e-01	7.059843025937762029e-02	2.790070294892629463e-02	7.231983060269868424e-02
1.078338980623762609e+03	2.695056346141751491e-01	1.688103985443411836e-01	2.437323319710084091e-01	1.470093644065825766e-01	7.063919959062492371e-02	2.792284324677776070e-02	7.238022762640063112e-02
1.079790311687859230e+03	2.692740302238871286e-01	1.686565747396538140e-01	2.438966889652875447e-01	1.471073201565115118e-01	7.067990137217398938e-02	2.794495617941568019e-02	7.244052836298091325e-02
1.081241642751955851e+03	2.690428205638188963e-01	1.685030131637123008e-01	2.440607575821013564e-01	1.472050982392632545e-01	7.072053571494389679e-02	2.796704177951225834e-02	7.250073295655859451e-02
1.082692973816052472e+03	2.688120049601437911e-01	1.683497133686686076e-01	2.442245383161925354e-01	1.473026989944541398e-01	7.076110272966949777e-02	2.798910007970714653e-02	7.256084155107489497e-02
1.084144304880149093e+03	2.685815827401863420e-01	1.681966749074422784e-01	2.443880316614580883e-01	1.474001227610212961e-01	7.080160252690186062e-02	2.801113111260746316e-02	7.262085429029328798e-02
1.085595635944245487e+03	2.683515532324205477e-01	1.680438973337191055e-01	2.445512381109509747e-01	1.474973698772239494e-01	7.084203521700867257e-02	2.803313491078780403e-02	7.268077131779948630e-02
1.087046967008342108e+03	2.681219157664678776e-01	1.678913802019497692e-01	2.447141581568816060e-01	1.475944406806448950e-01	7.088240091017465605e-02	2.805511150679026317e-02	7.274059277700151149e-02
1.088498298072438729e+03	2.678926696730950519e-01	1.677391230673485334e-01	2.448767922906191219e-01	1.476913355081918289e-01	7.092269971640199899e-02	2.807706093312441892e-02	7.280031881112969394e-02
1.089949629136535123e+03	2.676638142842124313e-01	1.675871254858918302e-01	2.450391410026929173e-01	1.477880546960987918e-01	7.096293174551071559e-02	2.809898322226735828e-02	7.285994956323672833e-02
1.091400960200631971e+03	2.674353489328718525e-01	1.674353870143169831e-01	2.452012047827940577e-01	1.478845985799275287e-01	7.100309710713907652e-02	2.812087840666369076e-02	7.291948517619770143e-02
1.092852291264728365e+03	2.672072729532649071e-01	1.672839072101208746e-01	2.453629841197767225e-01	1.479809674945688214e-01	7.104319591074398366e-02	2.814274651872553795e-02	7.297892579271009206e-02
1.094303622328825213e+03	2.669795856807207213e-01	1.671326856315586695e-01	2.455244795016595927e-01	1.480771617742440149e-01	7.108322826560141416e-02	2.816458759083257171e-02	7.303827155529388215e-02
1.095754953392921607e+03	2.667522864517045122e-01	1.669817218376423440e-01	2.456856914156273775e-01	1.481731817525062944e-01	7.112319428080679518e-02	2.818640165533200376e-02	7.309752260629155673e-02
1.097206284457018228e+03	2.665253746038150906e-01	1.668310153881394919e-01	2.458466203480321743e-01	1.482690277622419894e-01	7.116309406527539239e-02	2.820818874453860300e-02	7.315667908786810392e-02
1.098657615521114849e+03	2.662988494757833613e-01	1.666805658435719928e-01	2.460072667843948291e-01	1.483647001356721284e-01	7.120292772774269863e-02	2.822994889073470251e-02	7.321574114201112593e-02
1.100108946585211470e+03	2.660727104074702143e-01	1.665303727652145960e-01	2.461676312094064623e-01	1.484601992043536878e-01	7.124269537676486408e-02	2.825168212617021335e-02	7.327470891053085300e-02
1.101560277649308091e+03	2.658469567398645261e-01	1.663804357150936442e-01	2.463277141069298570e-01	1.485555252991809794e-01	7.128239712071901546e-02	2.827338848306263502e-02	7.333358253506019886e-02
1.103011608713404712e+03	2.656215878150814946e-01	1.662307542559858797e-01	2.464875159600008470e-01	1.486506787503870664e-01	7.132203306780370011e-02	2.829506799359706240e-02	7.339236215705476074e-02
1.104462939777501106e+03	2.653966029763606405e-01	1.660813279514169738e-01	2.466470372508297593e-01	1.487456598875450953e-01	7.136160332603926071e-02	2.831672068992619959e-02	7.345104791779295816e-02
1.105914270841597499e+03	2.651720015680636422e-01	1.659321563656603049e-01	2.468062784608027749e-01	1.488404690395695729e-01	7.140110800326816831e-02	2.833834660417037382e-02	7.350963995837600518e-02
1.107365601905694348e+03	2.649477829356728376e-01	1.657832390637356546e-01	2.469652400704833994e-01	1.489351065347178926e-01	7.144054720715546647e-02	2.835994576841753198e-02	7.356813841972797974e-02
1.108816932969790741e+03	2.647239464257890584e-01	1.656345756114078749e-01	2.471239225596139066e-01	1.490295727005915838e-01	7.147992104518913203e-02	2.838151821472327183e-02	7.362654344259590700e-02
1.110268264033887590e+03	2.645004913861297435e-01	1.654861655751856397e-01	2.472823264071165872e-01	1.491238678641376991e-01	7.151922962468042211e-02	2.840306397511083852e-02	7.368485516754977316e-02
1.111719595097984211e+03	2.642774171655272730e-01	1.653380085223200846e-01	2.474404520910952754e-01	1.492179923516501194e-01	7.155847305276424875e-02	2.842458308157113506e-02	7.374307373498259488e-02
1.113170926162080832e+03	2.640547231139266371e-01	1.651901040208035021e-01	2.475983000888367092e-01	1.493119464887709968e-01	7.159765143639962304e-02	2.844607556606274304e-02	7.380119928511048866e-02
1.114622257226177226e+03	2.638324085823840481e-01	1.650424516393681207e-01	2.477558708768119455e-01	1.494057306004920038e-01	7.163676488236991879e-02	2.846754146051192966e-02	7.385923195797271246e-02
1.116073588290273847e+03	2.636104729230647759e-01	1.648950509474848281e-01	2.479131649306776930e-01	1.494993450111556932e-01	7.167581349728330276e-02	2.848898079681265114e-02	7.391717189343173511e-02
1.117524919354370468e+03	2.633889154892409823e-01	1.647479015153618387e-01	2.480701827252778657e-01	1.495927900444569136e-01	7.171479738757313704e-02	2.851039360682657703e-02	7.397501923117330569e-02
1.118976250418467089e+03	2.631677356352906672e-01	1.646010029139433617e-01	2.482269247346447771e-01	1.496860660234440865e-01	7.175371665949821509e-02	2.853177992238309715e-02	7.403277411070649516e-02
1.120427581482563710e+03	2.629469327166948367e-01	1.644543547149084350e-01	2.483833914320005831e-01	1.497791732705205381e-01	7.179257141914327511e-02	2.855313977527932506e-02	7.409043667136375189e-02
1.121878912546660331e+03	2.627265060900362270e-01	1.643079564906695933e-01	2.485395832897587254e-01	1.498721121074458318e-01	7.183136177241924991e-02	2.857447319728011539e-02	7.414800705230099875e-02
1.123330243610756725e+03	2.625064551129973611e-01	1.641618078143715076e-01	2.486955007795252914e-01	1.499648828553371560e-01	7.187008782506366933e-02	2.859578022011807774e-02	7.420548539249768871e-02
1.124781574674853118e+03	2.622867791443584951e-01	1.640159082598898754e-01	2.488511443721003469e-01	1.500574858346705454e-01	7.190874968264102107e-02	2.861706087549359054e-02	7.426287183075684639e-02
1.126232905738949967e+03	2.620674775439958415e-01	1.638702574018300606e-01	2.490065145374794064e-01	1.501499213652823517e-01	7.194734745054309766e-02	2.863831519507479759e-02	7.432016650570516525e-02
1.127684236803046360e+03	2.618485496728796269e-01	1.637248548155258443e-01	2.491616117448547385e-01	1.502421897663704375e-01	7.198588123398934335e-02	2.865954321049764275e-02	7.437736955579306308e-02
1.129135567867143209e+03	2.616299948930724262e-01	1.635797000770381482e-01	2.493164364626166973e-01	1.503342913564955641e-01	7.202435113802722888e-02	2.868074495336586996e-02	7.443448111929476529e-02
1.130586898931239830e+03	2.614118125677271087e-01	1.634347927631537023e-01	2.494709891583551942e-01	1.504262264535827232e-01	7.206275726753255673e-02	2.870192045525102667e-02	7.449150133430837428e-02
1.132038229995336451e+03	2.611940020610850621e-01	1.632901324513839902e-01	2.496252702988610295e-01	1.505179953749223587e-01	7.210109972720986360e-02	2.872306974769248816e-02	7.454843033875591107e-02
1.133489561059432845e+03	2.609765627384743603e-01	1.631457187199637782e-01	2.497792803501271974e-01	1.506095984371717822e-01	7.213937862159271186e-02	2.874419286219746447e-02	7.460526827038342634e-02
1.134940892123529466e+03	2.607594939663078204e-01	1.630015511478499213e-01	2.499330197773503570e-01	1.507010359563563939e-01	7.217759405504409198e-02	2.876528983024101427e-02	7.466201526676108369e-02
1.136392223187626087e+03	2.605427951120812824e-01	1.628576293147202259e-01	2.500864890449321365e-01	1.507923082478710985e-01	7.221574613175670010e-02	2.878636068326606220e-02	7.471867146528318737e-02
1.137843554251722708e+03	2.603264655443716102e-01	1.627139528009720892e-01	2.502396886164804379e-01	1.508834156264815540e-01	7.225383495575332660e-02	2.880740545268340239e-02	7.477523700316829336e-02
1.139294885315819101e+03	2.601105046328350268e-01	1.625705211877212231e-01	2.503926189548108527e-01	1.509743584063253929e-01	7.229186063088718917e-02	2.882842416987171225e-02	7.483171201745932033e-02
1.140746216379915950e+03	2.598949117482051707e-01	1.624273340568004320e-01	2.505452805219480217e-01	1.510651369009136935e-01	7.232982326084227975e-02	2.884941686617756643e-02	7.488809664502353580e-02
1.142197547444012343e+03	2.596796862622913205e-01	1.622843909907584758e-01	2.506976737791270504e-01	1.511557514231321175e-01	7.236772294913362824e-02	2.887038357291545759e-02	7.494439102255272267e-02
1.143648878508108737e+03	2.594648275479762289e-01	1.621416915728587094e-01	2.508497991867946753e-01	1.512462022852423260e-01	7.240555979910776041e-02	2.889132432136779297e-02	7.500059528656324859e-02
1.145100209572205586e+03	2.592503349792148470e-01	1.619992353870779167e-01	2.510016572046108174e-01	1.513364897988831725e-01	7.244333391394291999e-02	2.891223914278491861e-02	7.505670957339610760e-02
1.146551540636302207e+03	2.590362079310322696e-01	1.618570220181049790e-01	2.511532482914497488e-01	1.514266142750720634e-01	7.248104539664945722e-02	2.893312806838513329e-02	7.511273401921703119e-02
1.148002871700398828e+03	2.588224457795216815e-01	1.617150510513397921e-01	2.513045729054015909e-01	1.515165760242062065e-01	7.251869435007016196e-02	2.895399112935469199e-02	7.516866876001657150e-02
1.149454202764495449e+03	2.586090479018428034e-01	1.615733220728918784e-01	2.514556315037734802e-01	1.516063753560639160e-01	7.255628087688055505e-02	2.897482835684782668e-02	7.522451393161019850e-02
1.150905533828591842e+03	2.583960136762200599e-01	1.614318346695792772e-01	2.516064245430911783e-01	1.516960125798058889e-01	7.259380507958924922e-02	2.899563978198675673e-02	7.528026966963835553e-02
1.152356864892688463e+03	2.581833424819405254e-01	1.612905884289272673e-01	2.517569524791000157e-01	1.517854880039764542e-01	7.263126706053826820e-02	2.901642543586170284e-02	7.533593610956658415e-02
1.153808195956785084e+03	2.579710336993524256e-01	1.611495829391671186e-01	2.519072157667666123e-01	1.518748019365049051e-01	7.266866692190332433e-02	2.903718534953089736e-02	7.539151338668557967e-02
1.155259527020881706e+03	2.577590867098630834e-01	1.610088177892349259e-01	2.520572148602799878e-01	1.519639546847067757e-01	7.270600476569423487e-02	2.905791955402059826e-02	7.544700163611130217e-02
1.156710858084978327e+03	2.575475008959371981e-01	1.608682925687703602e-01	2.522069502130528940e-01	1.520529465552850346e-01	7.274328069375517181e-02	2.907862808032510293e-02	7.550240099278508754e-02
1.158162189149074720e+03	2.573362756410952357e-01	1.607280068681155027e-01	2.523564222777232580e-01	1.521417778543314170e-01	7.278049480776498104e-02	2.909931095940676907e-02	7.555771159147368909e-02
1.159613520213171569e+03	2.571254103299112637e-01	1.605879602783134852e-01	2.525056315061554590e-01	1.522304488873276740e-01	7.281764720923754319e-02	2.911996822219601461e-02	7.561293356676938859e-02
1.161064851277267962e+03	2.569149043480113415e-01	1.604481523911075180e-01	2.526545783494416608e-01	1.523189599591468490e-01	7.285473799952206508e-02	2.914059989959134206e-02	7.566806705309010728e-02
1.162516182341364356e+03	2.567047570820717439e-01	1.603085827989393919e-01	2.528032632579029770e-01	1.524073113740545271e-01	7.289176727980335724e-02	2.916120602245934196e-02	7.572311218467950300e-02
1.163967513405461204e+03	2.564949679198172405e-01	1.601692510949485337e-01	2.529516866810909703e-01	1.524955034357101114e-01	7.292873515110226412e-02	2.918178662163471715e-02	7.577806909560702575e-02
1.165418844469557826e+03	2.562855362500190415e-01	1.600301568729706470e-01	2.530998490677889290e-01	1.525835364471680444e-01	7.296564171427581680e-02	2.920234172792028973e-02	7.583293791976807030e-02
1.166870175533654447e+03	2.560764614624932434e-01	1.598912997275365455e-01	2.532477508660132548e-01	1.526714107108791130e-01	7.300248707001769088e-02	2.922287137208702187e-02	7.588771879088403172e-02
1.168321506597751068e+03	2.558677429480989418e-01	1.597526792538709883e-01	2.533953925230145732e-01	1.527591265286916133e-01	7.303927131885841473e-02	2.924337558487401234e-02	7.594241184250238863e-02
1.169772837661847461e+03	2.556593800987365661e-01	1.596142950478914302e-01	2.535427744852791210e-01	1.528466842018527116e-01	7.307599456116573022e-02	2.926385439698853813e-02	7.599701720799686977e-02
1.171224168725944082e+03	2.554513723073459919e-01	1.594761467062068283e-01	2.536898971985301343e-01	1.529340840310096372e-01	7.311265689714489813e-02	2.928430783910603713e-02	7.605153502056750947e-02
1.172675499790040703e+03	2.552437189679046536e-01	1.593382338261164488e-01	2.538367611077292363e-01	1.530213263162109039e-01	7.314925842683896173e-02	2.930473594187014974e-02	7.610596541324073094e-02
1.174126830854137097e+03	2.550364194754261016e-01	1.592005560056087843e-01	2.539833666570773807e-01	1.531084113569075589e-01	7.318579925012910770e-02	2.932513873589271194e-02	7.616030851886947117e-02
1.175578161918233945e+03	2.548294732259579476e-01	1.590631128433601937e-01	2.541297142900164618e-01	1.531953394519544875e-01	7.322227946673495746e-02	2.934551625175379000e-02	7.621456447013330582e-02
1.177029492982330339e+03	2.546228796165801445e-01	1.589259039387338479e-01	2.542758044492305358e-01	1.532821108996115234e-01	7.325869917621483096e-02	2.936586852000167350e-02	7.626873339953850472e-02
1.178480824046426733e+03	2.544166380454033760e-01	1.587889288917784525e-01	2.544216375766471527e-01	1.533687259975448636e-01	7.329505847796607965e-02	2.938619557115289618e-02	7.632281543941817070e-02
1.179932155110523581e+03	2.542107479115672253e-01	1.586521873032271379e-01	2.545672141134385780e-01	1.534551850428280684e-01	7.333135747122536408e-02	2.940649743569226371e-02	7.637681072193235055e-02
1.181383486174620202e+03	2.540052086152382316e-01	1.585156787744961548e-01	2.547125345000231245e-01	1.535414883319435320e-01	7.336759625506900084e-02	2.942677414407285363e-02	7.643071937906807667e-02
1.182834817238716823e+03	2.538000195576083917e-01	1.583794029076839305e-01	2.548575991760663739e-01	1.536276361607835372e-01	7.340377492841321239e-02	2.944702572671603277e-02	7.648454154263957527e-02
1.184286148302813444e+03	2.535951801408932171e-01	1.582433593055696530e-01	2.550024085804825091e-01	1.537136288246515048e-01	7.343989359001444617e-02	2.946725221401147107e-02	7.653827734428828022e-02
1.185737479366910065e+03	2.533906897683300685e-01	1.581075475716122170e-01	2.551469631514357017e-01	1.537994666182632975e-01	7.347595233846963836e-02	2.948745363631715896e-02	7.659192691548298570e-02
1.187188810431006686e+03	2.531865478441764905e-01	1.579719673099490573e-01	2.552912633263412223e-01	1.538851498357483860e-01	7.351195127221654690e-02	2.950763002395942816e-02	7.664549038751997112e-02
1.188640141495103080e+03	2.529827537737083798e-01	1.578366181253948453e-01	2.554353095418668285e-01	1.539706787706510427e-01	7.354789048953402908e-02	2.952778140723295169e-02	7.669896789152305661e-02
1.190091472559199701e+03	2.527793069632182088e-01	1.577014996234405719e-01	2.555791022339339857e-01	1.540560537159315901e-01	7.358377008854231904e-02	2.954790781640076469e-02	7.675235955844375568e-02
1.191542803623296322e+03	2.525762068200132493e-01	1.575666114102521609e-01	2.557226418377192001e-01	1.541412749639675950e-01	7.361959016720336091e-02	2.956800928169428869e-02	7.680566551906140016e-02
1.192994134687392716e+03	2.523734527524141291e-01	1.574319530926693578e-01	2.558659287876551280e-01	1.542263428065551167e-01	7.365535082332103078e-02	2.958808583331332814e-02	7.685888590398318176e-02
1.194445465751489564e+03	2.521710441697527227e-01	1.572975242782046479e-01	2.560089635174321310e-01	1.543112575349098181e-01	7.369105215454148372e-02	2.960813750142610862e-02	7.691202084364434644e-02
1.195896796815585958e+03	2.519689804823706525e-01	1.571633245750420071e-01	2.561517464599994409e-01	1.543960194396682695e-01	7.372669425835341739e-02	2.962816431616926288e-02	7.696507046830823595e-02
1.197348127879682352e+03	2.517672611016174566e-01	1.570293535920357642e-01	2.562942780475661597e-01	1.544806288108890868e-01	7.376227723208836351e-02	2.964816630764787603e-02	7.701803490806648222e-02
1.198799458943779200e+03	2.515658854398489797e-01	1.568956109387095177e-01	2.564365587116029799e-01	1.545650859380542363e-01	7.379780117292093766e-02	2.966814350593548547e-02	7.707091429283903505e-02
1.200250790007875821e+03	2.513648529104254847e-01	1.567620962252548877e-01	2.565785888828431283e-01	1.546493911100700891e-01	7.383326617786921398e-02	2.968809594107409133e-02	7.712370875237434253e-02
1.201702121071972442e+03	2.511641629277101551e-01	1.566288090625303775e-01	2.567203689912835873e-01	1.547335446152686700e-01	7.386867234379490554e-02	2.970802364307417731e-02	7.717641841624943433e-02
1.203153452136069063e+03	2.509638149070670954e-01	1.564957490620603187e-01	2.568618994661866495e-01	1.548175467414088513e-01	7.390401976740365586e-02	2.972792664191473491e-02	7.722904341387001881e-02
1.204604783200165684e+03	2.507638082648598887e-01	1.563629158360336224e-01	2.570031807360808607e-01	1.549013977756776017e-01	7.393930854524544127e-02	2.974780496754326348e-02	7.728158387447066346e-02
1.206056114264262078e+03	2.505641424184497645e-01	1.562303089973026693e-01	2.571442132287624638e-01	1.549850980046910964e-01	7.397453877371468201e-02	2.976765864987579793e-02	7.733403992711486430e-02
1.207507445328358699e+03	2.503648167861938778e-01	1.560979281593821710e-01	2.572849973712966198e-01	1.550686477144959385e-01	7.400971054905061686e-02	2.978748771879690879e-02	7.738641170069518460e-02
1.208958776392455093e+03	2.501658307874437548e-01	1.559657729364480050e-01	2.574255335900186292e-01	1.551520471905702969e-01	7.404482396733759464e-02	2.980729220415973685e-02	7.743869932393333821e-02
1.210410107456551941e+03	2.499671838425432113e-01	1.558338429433361594e-01	2.575658223105350975e-01	1.552352967178251275e-01	7.407987912450526846e-02	2.982707213578600011e-02	7.749090292538036995e-02
1.211861438520648335e+03	2.497688753728271871e-01	1.557021377955414287e-01	2.577058639577254895e-01	1.553183965806053946e-01	7.411487611632897043e-02	2.984682754346600422e-02	7.754302263341672496e-02
1.213312769584745183e+03	2.495709048006196640e-01	1.555706571092165535e-01	2.578456589557430179e-01	1.554013470626910975e-01	7.414981503842989208e-02	2.986655845695866673e-02	7.759505857625237368e-02
1.214764100648841804e+03	2.493732715492320839e-01	1.554394005011708046e-01	2.579852077280159195e-01	1.554841484472985758e-01	7.418469598627544515e-02	2.988626490599152405e-02	7.764701088192696443e-02
1.216215431712937971e+03	2.491759750429616282e-01	1.553083675888689286e-01	2.581245106972488990e-01	1.555668010170816740e-01	7.421951905517945591e-02	2.990594692026075918e-02	7.769887967830993447e-02
1.217666762777034819e+03	2.489790147070896353e-01	1.551775579904301761e-01	2.582635682854242942e-01	1.556493050541328249e-01	7.425428434030249825e-02	2.992560452943120869e-02	7.775066509310059326e-02
1.219118093841131440e+03	2.487823899678798523e-01	1.550469713246270254e-01	2.584023809138032424e-01	1.557316608399842983e-01	7.428899193665212952e-02	2.994523776313638003e-02	7.780236725382833063e-02
1.220569424905228061e+03	2.485861002525766861e-01	1.549166072108840719e-01	2.585409490029269564e-01	1.558138686556093111e-01	7.432364193908315431e-02	2.996484665097846889e-02	7.785398628785263064e-02
1.222020755969324682e+03	2.483901449894037050e-01	1.547864652692769183e-01	2.586792729726178908e-01	1.558959287814232209e-01	7.435823444229791579e-02	2.998443122252837309e-02	7.790552232236327979e-02
1.223472087033421303e+03	2.481945236075617234e-01	1.546565451205310915e-01	2.588173532419810741e-01	1.559778414972846639e-01	7.439276954084655946e-02	3.000399150732571338e-02	7.795697548438046409e-02
1.224923418097517697e+03	2.479992355372273583e-01	1.545268463860209052e-01	2.589551902294052743e-01	1.560596070824966930e-01	7.442724732912731067e-02	3.002352753487884732e-02	7.800834590075489405e-02
1.226374749161614318e+03	2.478042802095512254e-01	1.543973686877683493e-01	2.590927843525642760e-01	1.561412258158079713e-01	7.446166790138668279e-02	3.004303933466487622e-02	7.805963369816792952e-02
1.227826080225710712e+03	2.476096570566562460e-01	1.542681116484418968e-01	2.592301360284179901e-01	1.562226979754139378e-01	7.449603135171981028e-02	3.006252693612968332e-02	7.811083900313171846e-02
1.229277411289807560e+03	2.474153655116361206e-01	1.541390748913555597e-01	2.593672456732137865e-01	1.563040238389579173e-01	7.453033777407068461e-02	3.008199036868792683e-02	7.816196194198932190e-02
1.230728742353903954e+03	2.472214050085535242e-01	1.540102580404675847e-01	2.595041137024877154e-01	1.563852036835321757e-01	7.456458726223241795e-02	3.010142966172307116e-02	7.821300264091479715e-02
1.232180073418000802e+03	2.470277749824385805e-01	1.538816607203794817e-01	2.596407405310656724e-01	1.564662377856792796e-01	7.459877990984750684e-02	3.012084484458739386e-02	7.826396122591339211e-02
1.233631404482097196e+03	2.468344748692871127e-01	1.537532825563348859e-01	2.597771265730645096e-01	1.565471264213930680e-01	7.463291581040810974e-02	3.014023594660202032e-02	7.831483782282162853e-02
1.235082735546193817e+03	2.466415041060590063e-01	1.536251231742184198e-01	2.599132722418934227e-01	1.566278698661198177e-01	7.466699505725624131e-02	3.015960299705690642e-02	7.836563255730746858e-02
1.236534066610290438e+03	2.464488621306765714e-01	1.534971822005546382e-01	2.600491779502551726e-01	1.567084683947594370e-01	7.470101774358411939e-02	3.017894602521089403e-02	7.841634555487039804e-02
1.237985397674387059e+03	2.462565483820229328e-01	1.533694592625069186e-01	2.601848441101471399e-01	1.567889222816665484e-01	7.473498396243438702e-02	3.019826506029169716e-02	7.846697694084159291e-02
1.239436728738483680e+03	2.460645622999403093e-01	1.532419539878763504e-01	2.603202711328625463e-01	1.568692318006516817e-01	7.476889380670037610e-02	3.021756013149594008e-02	7.851752684038404428e-02
1.240888059802580301e+03	2.458729033252284313e-01	1.531146660051005415e-01	2.604554594289919534e-01	1.569493972249823011e-01	7.480274736912632949e-02	3.023683126798915391e-02	7.856799537849268322e-02
1.242339390866676695e+03	2.456815708996428205e-01	1.529875949432527305e-01	2.605904094084238731e-01	1.570294188273839708e-01	7.483654474230769238e-02	3.025607849890581125e-02	7.861838267999450569e-02
1.243790721930773088e+03	2.454905644658932629e-01	1.528607404320405372e-01	2.607251214803466555e-01	1.571092968800415213e-01	7.487028601869137601e-02	3.027530185334933663e-02	7.866868886954871132e-02
1.245242052994869937e+03	2.452998834676421991e-01	1.527341021018049361e-01	2.608595960532491542e-01	1.571890316546002142e-01	7.490397129057599357e-02	3.029450136039212038e-02	7.871891407164684218e-02
1.246693384058966330e+03	2.451095273495029481e-01	1.526076795835192013e-01	2.609938335349221150e-01	1.572686234221666868e-01	7.493760065011209615e-02	3.031367704907554292e-02	7.876905841061289382e-02
1.248144715123063179e+03	2.449194955570380972e-01	1.524814725087876299e-01	2.611278343324595630e-01	1.573480724533102559e-01	7.497117418930246413e-02	3.033282894840997820e-02	7.881912201060348178e-02
1.249596046187159800e+03	2.447297875367580866e-01	1.523554805098447373e-01	2.612615988522595800e-01	1.574273790180639176e-01	7.500469200000234316e-02	3.035195708737483192e-02	7.886910499560798038e-02
1.251047377251256421e+03	2.445404027361192667e-01	1.522297032195539523e-01	2.613951275000259145e-01	1.575065433859255126e-01	7.503815417391969389e-02	3.037106149491853105e-02	7.891900748944856436e-02
1.252498708315352815e+03	2.443513406035226210e-01	1.521041402714066459e-01	2.615284206807688139e-01	1.575855658258588365e-01	7.507156080261545572e-02	3.039014219995857247e-02	7.896882961578047255e-02
1.253950039379449436e+03	2.441626005883117956e-01	1.519787912995210488e-01	2.616614787988065238e-01	1.576644466062946670e-01	7.510491197750375492e-02	3.040919923138151251e-02	7.901857149809209113e-02
1.255401370443546057e+03	2.439741821407717948e-01	1.518536559386411133e-01	2.617943022577662315e-01	1.577431859951320403e-01	7.513820778985218218e-02	3.042823261804299823e-02	7.906823325970505079e-02
1.256852701507642678e+03	2.437860847121272323e-01	1.517287338241355421e-01	2.619268914605852316e-01	1.578217842597391674e-01	7.517144833078205635e-02	3.044724238876778816e-02	7.911781502377439323e-02
1.258304032571739299e+03	2.435983077545406661e-01	1.516040245919965945e-01	2.620592468095124250e-01	1.579002416669546272e-01	7.520463369126867414e-02	3.046622857234975584e-02	7.916731691328875165e-02
1.259755363635835920e+03	2.434108507211110994e-01	1.514795278788390875e-01	2.621913687061090403e-01	1.579785584830884770e-01	7.523776396214151840e-02	3.048519119755192103e-02	7.921673905107037839e-02
1.261206694699932314e+03	2.432237130658723157e-01	1.513552433218992299e-01	2.623232575512502440e-01	1.580567349739233352e-01	7.527083923408452171e-02	3.050413029310645313e-02	7.926608155977540870e-02
1.262658025764028707e+03	2.430368942437912960e-01	1.512311705590337618e-01	2.624549137451260838e-01	1.581347714047154351e-01	7.530385959763631620e-02	3.052304588771470595e-02	7.931534456189390236e-02
1.264109356828125556e+03	2.428503937107667210e-01	1.511073092287187059e-01	2.625863376872424881e-01	1.582126680401957919e-01	7.533682514319046952e-02	3.054193801004722805e-02	7.936452817975005181e-02
1.265560687892221949e+03	2.426642109236271383e-01	1.509836589700483400e-01	2.627175297764229311e-01	1.582904251445712285e-01	7.536973596099577621e-02	3.056080668874376974e-02	7.941363253550225154e-02
1.267012018956318798e+03	2.424783453401296029e-01	1.508602194227342264e-01	2.628484904108091547e-01	1.583680429815254587e-01	7.540259214115642428e-02	3.057965195241331424e-02	7.946265775114329244e-02
1.268463350020415419e+03	2.422927964189579564e-01	1.507369902271039896e-01	2.629792199878624448e-01	1.584455218142202526e-01	7.543539377363227272e-02	3.059847382963409163e-02	7.951160394850047275e-02
1.269914681084511813e+03	2.421075636197213277e-01	1.506139710241004293e-01	2.631097189043649087e-01	1.585228619052964083e-01	7.546814094823911523e-02	3.061727234895358918e-02	7.956047124923576463e-02
1.271366012148608434e+03	2.419226464029524404e-01	1.504911614552802979e-01	2.632399875564205294e-01	1.586000635168749173e-01	7.550083375464887447e-02	3.063604753888858612e-02	7.960925977484591132e-02
1.272817343212705055e+03	2.417380442301061416e-01	1.503685611628134133e-01	2.633700263394562757e-01	1.586771269105580195e-01	7.553347228238990740e-02	3.065479942792515358e-02	7.965796964666259361e-02
1.274268674276801676e+03	2.415537565635577644e-01	1.502461697894814652e-01	2.634998356482236015e-01	1.587540523474302578e-01	7.556605662084717179e-02	3.067352804451868586e-02	7.970660098585258257e-02
1.275720005340898297e+03	2.413697828666015177e-01	1.501239869786770986e-01	2.636294158767990559e-01	1.588308400880596161e-01	7.559858685926250377e-02	3.069223341709390387e-02	7.975515391341785054e-02
1.277171336404994690e+03	2.411861226034490435e-01	1.500020123744026934e-01	2.637587674185858932e-01	1.589074903924984350e-01	7.563106308673486766e-02	3.071091557404488984e-02	7.980362855019573765e-02
1.278622667469091539e+03	2.410027752392276401e-01	1.498802456212694756e-01	2.638878906663150170e-01	1.589840035202846891e-01	7.566348539222056413e-02	3.072957454373509076e-02	7.985202501685909060e-02
1.280073998533187932e+03	2.408197402399789577e-01	1.497586863644964350e-01	2.640167860120460341e-01	1.590603797304429023e-01	7.569585386453350773e-02	3.074821035449734966e-02	7.990034343391640148e-02
1.281525329597284326e+03	2.406370170726572222e-01	1.496373342499092152e-01	2.641454538471686431e-01	1.591366192814852865e-01	7.572816859234536568e-02	3.076682303463391943e-02	7.994858392171190486e-02
1.282976660661381175e+03	2.404546052051277083e-01	1.495161889239391140e-01	2.642738945624037439e-01	1.592127224314127953e-01	7.576042966418594649e-02	3.078541261241646287e-02	7.999674660042582763e-02
1.284427991725477568e+03	2.402725041061652411e-01	1.493952500336220846e-01	2.644021085478043820e-01	1.592886894377161244e-01	7.579263716844329701e-02	3.080397911608610123e-02	8.004483159007441673e-02
1.285879322789574417e+03	2.400907132454526693e-01	1.492745172265975973e-01	2.645300961927569694e-01	1.593645205573768209e-01	7.582479119336402174e-02	3.082252257385341074e-02	8.009283901051016119e-02
1.287330653853671038e+03	2.399092320935791722e-01	1.491539901511076960e-01	2.646578578859826170e-01	1.594402160468683105e-01	7.585689182705346312e-02	3.084104301389845385e-02	8.014076898142188932e-02
1.288781984917767431e+03	2.397280601220387886e-01	1.490336684559959990e-01	2.647853940155380781e-01	1.595157761621570636e-01	7.588893915747597918e-02	3.085954046437079309e-02	8.018862162233494906e-02
1.290233315981864052e+03	2.395471968032289178e-01	1.489135517907064776e-01	2.649127049688168589e-01	1.595912011587034551e-01	7.592093327245513779e-02	3.087801495338950153e-02	8.023639705261131905e-02
