1.001418434226643626e+03	2.823840666229492369e-01	1.772864353265240223e-01	2.346181376317080791e-01	1.415697387251761696e-01	6.839083725672295833e-02	2.670841119763692900e-02	6.904237323919756864e-02
1.003837319333471214e+03	2.819615903784810085e-01	1.770060552259760667e-01	2.349186654252252149e-01	1.417495539775407432e-01	6.846492874117897365e-02	2.674753386948975492e-02	6.915167238202324373e-02
1.006256204440298802e+03	2.815403140260124282e-01	1.767264716537856606e-01	2.352183163266172439e-01	1.419288238973884231e-01	6.853881587391835728e-02	2.678657495101875036e-02	6.926068327117415602e-02
1.008675089547126618e+03	2.811202341529426829e-01	1.764476823425080165e-01	2.355170928417069931e-01	1.421075502252485134e-01	6.861249921430273568e-02	2.682553461073175841e-02	6.936940661247438522e-02
1.011093974653954206e+03	2.807013473563631512e-01	1.761696850311975093e-01	2.358149974691826356e-01	1.422857346958442681e-01	6.868597932010273022e-02	2.686441301682812241e-02	6.947784311039670313e-02
1.013512859760782021e+03	2.802836502430311461e-01	1.758924774653876644e-01	2.361120327006181463e-01	1.424633790381125698e-01	6.875925674750496541e-02	2.690321033719899127e-02	6.958599346806165764e-02
1.015931744867609382e+03	2.798671394293436587e-01	1.756160573970714789e-01	2.364082010204933693e-01	1.426404849752235526e-01	6.883233205111884134e-02	2.694192673942764557e-02	6.969385838723665683e-02
1.018350629974437197e+03	2.794518115413109349e-01	1.753404225846816045e-01	2.367035049062141683e-01	1.428170542246001429e-01	6.890520578398341700e-02	2.698056239078980290e-02	6.980143856833516403e-02
1.020769515081264785e+03	2.790376632145302738e-01	1.750655707930708627e-01	2.369979468281326329e-01	1.429930884979376260e-01	6.897787849757405776e-02	2.701911745825391967e-02	6.990873471041586518e-02
1.023188400188092373e+03	2.786246910941596044e-01	1.747914997934927328e-01	2.372915292495670903e-01	1.431685895012231313e-01	6.905035074180909671e-02	2.705759210848154850e-02	7.001574751118203044e-02
1.025607285294920075e+03	2.782128918348915625e-01	1.745182073635818953e-01	2.375842546268221445e-01	1.433435589347548944e-01	6.912262306505642662e-02	2.709598650782760881e-02	7.012247766698076479e-02
1.028026170401747549e+03	2.778022621009270110e-01	1.742456912873350527e-01	2.378761254092085220e-01	1.435179984931617414e-01	6.919469601413988369e-02	2.713430082234074420e-02	7.022892587280243903e-02
1.030445055508575479e+03	2.773927985659489504e-01	1.739739493550915839e-01	2.381671440390630001e-01	1.436919098654223792e-01	6.926657013434578403e-02	2.717253521776361383e-02	7.033509282228010695e-02
1.032863940615402726e+03	2.769844979130964835e-01	1.737029793635146979e-01	2.384573129517682799e-01	1.438652947348845745e-01	6.933824596942918250e-02	2.721068985953323596e-02	7.044097920768900567e-02
1.035282825722230655e+03	2.765773568349385036e-01	1.734327791155721166e-01	2.387466345757728037e-01	1.440381547792844164e-01	6.940972406162020103e-02	2.724876491278129670e-02	7.054658571994608385e-02
1.037701710829058356e+03	2.761713720334479927e-01	1.731633464205173945e-01	2.390351113326102950e-01	1.442104916707654116e-01	6.948100495163025969e-02	2.728676054233449000e-02	7.065191304860955757e-02
1.040120595935886058e+03	2.757665402199757643e-01	1.728946790938709621e-01	2.393227456369196315e-01	1.443823070758975258e-01	6.955208917865815521e-02	2.732467691271482299e-02	7.075696188187857727e-02
1.042539481042713533e+03	2.753628581152243737e-01	1.726267749574014465e-01	2.396095398964643020e-01	1.445536026556962783e-01	6.962297728039616718e-02	2.736251418813995251e-02	7.086173290659289470e-02
1.044958366149541234e+03	2.749603224492224163e-01	1.723596318391070192e-01	2.398954965121520566e-01	1.447243800656417001e-01	6.969366979303608101e-02	2.740027253252352163e-02	7.096622680823257145e-02
1.047377251256368709e+03	2.745589299612986589e-01	1.720932475731967726e-01	2.401806178780543921e-01	1.448946409556972070e-01	6.976416725127515539e-02	2.743795210947546498e-02	7.107044427091778471e-02
1.049796136363196410e+03	2.741586774000558391e-01	1.718276200000722898e-01	2.404649063814259802e-01	1.450643869703284461e-01	6.983447018832195097e-02	2.747555308230235568e-02	7.117438597740857742e-02
1.052215021470024112e+03	2.737595615233452961e-01	1.715627469663092153e-01	2.407483644027240688e-01	1.452336197485221414e-01	6.990457913590224226e-02	2.751307561400773496e-02	7.127805260910474727e-02
1.054633906576851814e+03	2.733615790982409921e-01	1.712986263246389085e-01	2.410309943156278278e-01	1.454023409238048015e-01	6.997449462426476308e-02	2.755051986729243826e-02	7.138144484604576345e-02
1.057052791683679516e+03	2.729647269010136434e-01	1.710352559339302081e-01	2.413127984870576115e-01	1.455705521242614819e-01	7.004421718218685478e-02	2.758788600455492832e-02	7.148456336691069724e-02
1.059471676790506763e+03	2.725690017171055191e-01	1.707726336591713079e-01	2.415937792771942760e-01	1.457382549725542986e-01	7.011374733698019779e-02	2.762517418789163862e-02	7.158740884901818036e-02
1.061890561897334692e+03	2.721744003411044055e-01	1.705107573714516045e-01	2.418739390394982203e-01	1.459054510859410791e-01	7.018308561449637661e-02	2.766238457909729609e-02	7.168998196832644665e-02
1.064309447004162394e+03	2.717809195767181829e-01	1.702496249479436841e-01	2.421532801207285923e-01	1.460721420762939315e-01	7.025223253913243093e-02	2.769951733966525415e-02	7.179228339943337367e-02
1.066728332110990095e+03	2.713885562367492343e-01	1.699892342718853921e-01	2.424318048609623855e-01	1.462383295501175628e-01	7.032118863383636509e-02	2.773657263078784657e-02	7.189431381557662148e-02
1.069147217217817570e+03	2.709973071430691882e-01	1.697295832325619869e-01	2.427095155936134230e-01	1.464040151085678199e-01	7.038995442011253267e-02	2.777355061335670672e-02	7.199607388863372981e-02
1.071566102324645271e+03	2.706071691265934387e-01	1.694706697252882643e-01	2.429864146454512597e-01	1.465692003474699523e-01	7.045853041802706274e-02	2.781045144796312138e-02	7.209756428912231230e-02
1.073984987431472746e+03	2.702181390272554440e-01	1.692124916513909338e-01	2.432625043366201945e-01	1.467338868573370148e-01	7.052691714621317498e-02	2.784727529489836387e-02	7.219878568620025083e-02
1.076403872538300675e+03	2.698302136939820794e-01	1.689550469181908543e-01	2.435377869806580609e-01	1.468980762233879356e-01	7.059511512187642557e-02	2.788402231415403054e-02	7.229973874766598696e-02
1.078822757645127922e+03	2.694433899846677138e-01	1.686983334389855482e-01	2.438122648845150453e-01	1.470617700255658356e-01	7.066312486080002231e-02	2.792069266542238429e-02	7.240042413995875781e-02
1.081241642751955851e+03	2.690576647661495069e-01	1.684423491330315492e-01	2.440859403485725332e-01	1.472249698385561800e-01	7.073094687734993169e-02	2.795728650809670493e-02	7.250084252815894303e-02
1.083660527858783553e+03	2.686730349141819851e-01	1.681870919255270824e-01	2.443588156666615940e-01	1.473876772318046813e-01	7.079858168448005529e-02	2.799380400127162230e-02	7.260099457598839789e-02
1.086079412965611255e+03	2.682894973134120620e-01	1.679325597475945508e-01	2.446308931260817998e-01	1.475498937695354784e-01	7.086602979373726741e-02	2.803024530374347012e-02	7.270088094581084182e-02
1.088498298072438729e+03	2.679070488573540021e-01	1.676787505362632991e-01	2.449021750076197101e-01	1.477116210107689842e-01	7.093329171526650823e-02	2.806661057401061907e-02	7.280050229863233024e-02
1.090917183179266431e+03	2.675256864483644970e-01	1.674256622344523771e-01	2.451726635855676073e-01	1.478728605093397874e-01	7.100036795781573817e-02	2.810289997027383760e-02	7.289985929410161547e-02
1.093336068286093905e+03	2.671454069976176293e-01	1.671732927909532207e-01	2.454423611277417316e-01	1.480336138139146385e-01	7.106725902874094780e-02	2.813911365043662502e-02	7.299895259051070173e-02
1.095754953392921607e+03	2.667662074250801152e-01	1.669216401604126099e-01	2.457112698955008778e-01	1.481938824680100464e-01	7.113396543401098726e-02	2.817525177210557577e-02	7.309778284479530319e-02
1.098173838499749309e+03	2.663880846594864904e-01	1.666707023033155988e-01	2.459793921437647135e-01	1.483536680100101257e-01	7.120048767821247904e-02	2.821131449259070209e-02	7.319635071253544067e-02
1.100592723606577010e+03	2.660110356383143526e-01	1.664204771859685017e-01	2.462467301210320980e-01	1.485129719731841658e-01	7.126682626455460579e-02	2.824730196890581566e-02	7.329465684795598290e-02
1.103011608713404712e+03	2.656350573077596589e-01	1.661709627804819067e-01	2.465132860693994565e-01	1.486717958857043664e-01	7.133298169487392593e-02	2.828321435776885370e-02	7.339270190392728488e-02
1.105430493820231959e+03	2.652601466227121896e-01	1.659221570647538557e-01	2.467790622245789323e-01	1.488301412706633242e-01	7.139895446963909209e-02	2.831905181560223639e-02	7.349048653196578462e-02
1.107849378927059888e+03	2.648863005467308462e-01	1.656740580224529968e-01	2.470440608159165385e-01	1.489880096460915737e-01	7.146474508795555569e-02	2.835481449853323108e-02	7.358801138223466931e-02
1.110268264033887590e+03	2.645135160520193374e-01	1.654266636430017368e-01	2.473082840664103110e-01	1.491454025249749626e-01	7.153035404757018823e-02	2.839050256239428888e-02	7.368527710354459692e-02
1.112687149140715292e+03	2.641417901194014761e-01	1.651799719215596429e-01	2.475717341927284598e-01	1.493023214152721656e-01	7.159578184487595809e-02	2.842611616272340547e-02	7.378228434335436237e-02
1.115106034247542766e+03	2.637711197382970885e-01	1.649339808590067069e-01	2.478344134052272718e-01	1.494587678199318648e-01	7.166102897491646861e-02	2.846165545476447845e-02	7.387903374777168852e-02
1.117524919354370468e+03	2.634015019066974217e-01	1.646886884619268299e-01	2.480963239079690963e-01	1.496147432369101249e-01	7.172609593139053774e-02	2.849712059346766121e-02	7.397552596155396176e-02
1.119943804461197942e+03	2.630329336311411081e-01	1.644440927425912247e-01	2.483574678987403583e-01	1.497702491591876017e-01	7.179098320665663890e-02	2.853251173348970993e-02	7.407176162810907849e-02
1.122362689568025871e+03	2.626654119266896847e-01	1.642001917189420124e-01	2.486178475690693224e-01	1.499252870747867228e-01	7.185569129173746683e-02	2.856782902919435124e-02	7.416774138949618067e-02
1.124781574674853118e+03	2.622989338169038898e-01	1.639569834145756244e-01	2.488774651042440222e-01	1.500798584667887292e-01	7.192022067632425353e-02	2.860307263465263969e-02	7.426346588642658564e-02
1.127200459781681047e+03	2.619334963338191269e-01	1.637144658587266766e-01	2.491363226833298861e-01	1.502339648133508010e-01	7.198457184878129245e-02	2.863824270364331501e-02	7.435893575826461876e-02
1.129619344888508749e+03	2.615690965179217620e-01	1.634726370862514544e-01	2.493944224791876108e-01	1.503876075877229601e-01	7.204874529615021284e-02	2.867333938965314910e-02	7.445415164302851552e-02
1.132038229995336451e+03	2.612057314181250867e-01	1.632314951376117595e-01	2.496517666584907036e-01	1.505407882582651402e-01	7.211274150415436512e-02	2.870836284587732767e-02	7.454911417739135127e-02
1.134457115102163925e+03	2.608433980917451156e-01	1.629910380588586727e-01	2.499083573817431903e-01	1.506935082884639787e-01	7.217656095720303977e-02	2.874331322521979024e-02	7.464382399668192947e-02
1.136876000208991627e+03	2.604820936044772717e-01	1.627512639016163720e-01	2.501641968032971564e-01	1.508457691369496645e-01	7.224020413839582488e-02	2.877819068029361521e-02	7.473828173488582249e-02
1.139294885315819101e+03	2.601218150303722942e-01	1.625121707230661738e-01	2.504192870713701224e-01	1.509975722575127299e-01	7.230367152952678345e-02	2.881299536342134954e-02	7.483248802464632921e-02
1.141713770422646803e+03	2.597625594518126468e-01	1.622737565859302122e-01	2.506736303280626688e-01	1.511489190991207321e-01	7.236696361108868603e-02	2.884772742663540418e-02	7.492644349726543251e-02
1.144132655529474505e+03	2.594043239594886474e-01	1.620360195584557572e-01	2.509272287093760045e-01	1.512998111059349615e-01	7.243008086227713249e-02	2.888238702167839414e-02	7.502014878270492348e-02
1.146551540636302207e+03	2.590471056523752091e-01	1.617989577143990609e-01	2.511800843452289267e-01	1.514502497173269846e-01	7.249302376099474310e-02	2.891697430000351315e-02	7.511360450958740054e-02
1.148970425743129908e+03	2.586909016377081372e-01	1.615625691330095093e-01	2.514321993594754723e-01	1.516002363678952136e-01	7.255579278385523856e-02	2.895148941277490146e-02	7.520681130519732416e-02
1.151389310849957155e+03	2.583357090309607029e-01	1.613268518990138289e-01	2.516835758699221270e-01	1.517497724874814768e-01	7.261838840618749236e-02	2.898593251086799966e-02	7.529976979548212712e-02
1.153808195956785084e+03	2.579815249558202184e-01	1.610918041026003500e-01	2.519342159883449228e-01	1.518988595011873388e-01	7.268081110203963857e-02	2.902030374486992692e-02	7.539248060505333859e-02
1.156227081063612786e+03	2.576283465441646658e-01	1.608574238394030742e-01	2.521841218205067570e-01	1.520474988293905594e-01	7.274306134418305481e-02	2.905460326507984178e-02	7.548494435718774986e-02
1.158645966170440488e+03	2.572761709360394944e-01	1.606237092104861874e-01	2.524332954661744344e-01	1.521956918877614418e-01	7.280513960411635899e-02	2.908883122150931339e-02	7.557716167382846906e-02
1.161064851277267962e+03	2.569249952796344716e-01	1.603906583223283500e-01	2.526817390191356538e-01	1.523434400872790417e-01	7.286704635206939229e-02	2.912298776388267882e-02	7.566913317558615626e-02
1.163483736384095664e+03	2.565748167312603689e-01	1.601582692868070423e-01	2.529294545672162164e-01	1.524907448342474048e-01	7.292878205700711880e-02	2.915707304163742825e-02	7.576085948174023088e-02
1.165902621490923138e+03	2.562256324553258136e-01	1.599265402211831333e-01	2.531764441922969566e-01	1.526376075303117474e-01	7.299034718663358068e-02	2.919108720392456224e-02	7.585234121024002352e-02
1.168321506597751068e+03	2.558774396243146398e-01	1.596954692480852811e-01	2.534227099703306174e-01	1.527840295724745556e-01	7.305174220739574231e-02	2.922503039960896998e-02	7.594357897770606658e-02
1.170740391704578315e+03	2.555302354187625191e-01	1.594650544954946403e-01	2.536682539713587259e-01	1.529300123531115996e-01	7.311296758448737609e-02	2.925890277726979002e-02	7.603457339943124615e-02
1.173159276811406244e+03	2.551840170272343111e-01	1.592352940967292629e-01	2.539130782595284130e-01	1.530755572599880876e-01	7.317402378185287881e-02	2.929270448520078854e-02	7.612532508938216202e-02
1.175578161918233945e+03	2.548387816463010269e-01	1.590061861904289997e-01	2.541571848931094002e-01	1.532206656762744312e-01	7.323491126219107417e-02	2.932643567141073049e-02	7.621583466020033504e-02
1.177997047025061647e+03	2.544945264805172913e-01	1.587777289205399289e-01	2.544005759245103193e-01	1.533653389805621770e-01	7.329563048695901528e-02	2.936009648362374741e-02	7.630610272320353937e-02
1.180415932131889122e+03	2.541512487423983613e-01	1.585499204362993686e-01	2.546432534002958659e-01	1.535095785468799379e-01	7.335618191637573171e-02	2.939368706927971905e-02	7.639612988838707930e-02
1.182834817238716823e+03	2.538089456523975884e-01	1.583227588922204720e-01	2.548852193612031747e-01	1.536533857447090756e-01	7.341656600942596256e-02	2.942720757553463767e-02	7.648591676442513532e-02
1.185253702345544298e+03	2.534676144388839925e-01	1.580962424480772122e-01	2.551264758421584733e-01	1.537967619389994101e-01	7.347678322386383409e-02	2.946065814926098966e-02	7.657546395867209643e-02
1.187672587452371999e+03	2.531272523381195017e-01	1.578703692688891713e-01	2.553670248722936242e-01	1.539397084901850954e-01	7.353683401621662064e-02	2.949403893704812332e-02	7.666477207716394793e-02
1.190091472559199701e+03	2.527878565942364153e-01	1.576451375249064979e-01	2.556068684749626674e-01	1.540822267541999413e-01	7.359671884178832502e-02	2.952735008520263049e-02	7.675384172461960364e-02
1.192510357666027403e+03	2.524494244592154213e-01	1.574205453915949460e-01	2.558460086677581402e-01	1.542243180824932058e-01	7.365643815466339783e-02	2.956059173974871779e-02	7.684267350444230760e-02
1.194929242772855105e+03	2.521119531928627255e-01	1.571965910496208596e-01	2.560844474625276757e-01	1.543659838220450276e-01	7.371599240771027628e-02	2.959376404642857783e-02	7.693126801872102183e-02
1.197348127879682352e+03	2.517754400627881251e-01	1.569732726848362125e-01	2.563221868653902114e-01	1.545072253153819131e-01	7.377538205258504789e-02	2.962686715070278129e-02	7.701962586823186963e-02
1.199767012986510281e+03	2.514398823443826925e-01	1.567505884882637590e-01	2.565592288767524209e-01	1.546480439005920859e-01	7.383460753973500323e-02	2.965990119775064465e-02	7.710774765243953721e-02
1.202185898093337983e+03	2.511052773207965716e-01	1.565285366560822955e-01	2.567955754913248678e-01	1.547884409113409465e-01	7.389366931840216091e-02	2.969286633247060492e-02	7.719563396949875866e-02
1.204604783200165684e+03	2.507716222829168840e-01	1.563071153896116727e-01	2.570312286981383254e-01	1.549284176768861987e-01	7.395256783662683409e-02	2.972576269948060124e-02	7.728328541625570369e-02
1.207023668306993159e+03	2.504389145293456909e-01	1.560863228952982240e-01	2.572661904805598754e-01	1.550679755220933653e-01	7.401130354125115551e-02	2.975859044311845308e-02	7.737070258824950419e-02
1.209442553413820860e+03	2.501071513663781221e-01	1.558661573846999437e-01	2.575004628163090059e-01	1.552071157674506374e-01	7.406987687792251918e-02	2.979134970744224190e-02	7.745788607971373918e-02
1.211861438520648335e+03	2.497763301079803655e-01	1.556466170744719157e-01	2.577340476774738209e-01	1.553458397290844173e-01	7.412828829109709139e-02	2.982404063623069618e-02	7.754483648357789194e-02
1.214280323627476264e+03	2.494464480757677405e-01	1.554277001863517138e-01	2.579669470305270829e-01	1.554841487187740012e-01	7.418653822404325249e-02	2.985666337298355580e-02	7.763155439146890435e-02
1.216699208734303511e+03	2.491175025989830205e-01	1.552094049471446080e-01	2.581991628363420332e-01	1.556220440439669284e-01	7.424462711884503852e-02	2.988921806092196057e-02	7.771804039371263406e-02
1.219118093841131440e+03	2.487894910144747840e-01	1.549917295887094093e-01	2.584306970502083800e-01	1.557595270077938021e-01	7.430255541640552741e-02	2.992170484298883881e-02	7.780429507933546429e-02
1.221536978947959142e+03	2.484624106666754595e-01	1.547746723479437037e-01	2.586615516218483402e-01	1.558965989090833337e-01	7.436032355645028069e-02	2.995412386184927861e-02	7.789031903606576102e-02
1.223955864054786844e+03	2.481362589075799818e-01	1.545582314667695578e-01	2.588917284954324605e-01	1.560332610423771360e-01	7.441793197753064637e-02	2.998647525989091289e-02	7.797611285033551054e-02
1.226374749161614318e+03	2.478110330967240593e-01	1.543424051921189755e-01	2.591212296095952716e-01	1.561695146979445170e-01	7.447538111702721453e-02	3.001875917922431150e-02	7.806167710728185993e-02
1.228793634268442020e+03	2.474867306011628576e-01	1.541271917759197141e-01	2.593500568974511644e-01	1.563053611617973571e-01	7.453267141115307859e-02	3.005097576168333853e-02	7.814701239074867134e-02
1.231212519375269494e+03	2.471633487954494335e-01	1.539125894750808798e-01	2.595782122866101549e-01	1.564408017157048192e-01	7.458980329495719375e-02	3.008312514882556521e-02	7.823211928328813181e-02
1.233631404482097196e+03	2.468408850616133909e-01	1.536985965514786889e-01	2.598056976991934830e-01	1.565758376372080041e-01	7.464677720232765212e-02	3.011520748193263416e-02	7.831699836616233534e-02
1.236050289588924898e+03	2.465193367891395926e-01	1.534852112719421735e-01	2.600325150518492112e-01	1.567104701996345772e-01	7.470359356599504119e-02	3.014722290201065844e-02	7.840165021934493439e-02
1.238469174695752372e+03	2.461987013749469266e-01	1.532724319082391096e-01	2.602586662557679342e-01	1.568447006721132853e-01	7.476025281753560792e-02	3.017917154979058922e-02	7.848607542152274963e-02
1.240888059802580301e+03	2.458789762233670739e-01	1.530602567370618339e-01	2.604841532166982665e-01	1.569785303195885828e-01	7.481675538737458941e-02	3.021105356572861139e-02	7.857027455009732431e-02
1.243306944909407548e+03	2.455601587461233026e-01	1.528486840400131441e-01	2.607089778349621634e-01	1.571119604028350381e-01	7.487310170478943261e-02	3.024286909000652862e-02	7.865424818118668671e-02
1.245725830016235477e+03	2.452422463623096793e-01	1.526377121035921436e-01	2.609331420054706863e-01	1.572449921784717097e-01	7.492929219791301387e-02	3.027461826253214847e-02	7.873799688962690446e-02
1.248144715123063179e+03	2.449252364983697250e-01	1.524273392191804188e-01	2.611566476177392127e-01	1.573776268989766358e-01	7.498532729373683092e-02	3.030630122293966056e-02	7.882152124897380541e-02
1.250563600229890881e+03	2.446091265880756538e-01	1.522175636830279122e-01	2.613794965559028682e-01	1.575098658127010165e-01	7.504120741811422246e-02	3.033791811059003557e-02	7.890482183150460127e-02
1.252982485336718355e+03	2.442939140725074176e-01	1.520083837962390438e-01	2.616016906987317925e-01	1.576417101638835638e-01	7.509693299576349068e-02	3.036946906457139994e-02	7.898789920821960853e-02
1.255401370443546057e+03	2.439795964000318063e-01	1.517997978647588619e-01	2.618232319196464597e-01	1.577731611926647959e-01	7.515250445027112092e-02	3.040095422369943137e-02	7.907075394884389985e-02
1.257820255550373531e+03	2.436661710262818803e-01	1.515918041993590260e-01	2.620441220867328336e-01	1.579042201351010255e-01	7.520792220409489026e-02	3.043237372651774741e-02	7.915338662182903884e-02
1.260239140657201460e+03	2.433536354141360158e-01	1.513844011156242342e-01	2.622643630627576883e-01	1.580348882231785157e-01	7.526318667856696232e-02	3.046372771129828363e-02	7.923579779435473147e-02
1.262658025764028707e+03	2.430419870336973653e-01	1.511775869339382350e-01	2.624839567051838185e-01	1.581651666848277182e-01	7.531829829389707909e-02	3.049501631604169261e-02	7.931798803233057471e-02
1.265076910870856636e+03	2.427312233622732629e-01	1.509713599794702543e-01	2.627029048661847499e-01	1.582950567439370959e-01	7.537325746917557245e-02	3.052623967847772207e-02	7.939995790039780510e-02
1.267495795977684338e+03	2.424213418843546575e-01	1.507657185821612289e-01	2.629212093926603377e-01	1.584245596203671946e-01	7.542806462237654219e-02	3.055739793606561394e-02	7.948170796193097798e-02
1.269914681084511813e+03	2.421123400915956292e-01	1.505606610767101505e-01	2.631388721262511998e-01	1.585536765299645212e-01	7.548272017036083970e-02	3.058849122599449633e-02	7.956323877903970221e-02
1.272333566191339514e+03	2.418042154827928780e-01	1.503561858025605213e-01	2.633558949033543706e-01	1.586824086845754489e-01	7.553722452887914884e-02	3.061951968518374437e-02	7.964455091257044428e-02
1.274752451298167216e+03	2.414969655638656010e-01	1.501522911038867258e-01	2.635722795551375675e-01	1.588107572920599841e-01	7.559157811257506687e-02	3.065048345028340698e-02	7.972564492210824916e-02
1.277171336404994690e+03	2.411905878478348697e-01	1.499489753295804861e-01	2.637880279075545675e-01	1.589387235563055334e-01	7.564578133498810197e-02	3.068138265767457462e-02	7.980652136597846114e-02
1.279590221511822392e+03	2.408850798548036465e-01	1.497462368332374838e-01	2.640031417813596959e-01	1.590663086772407808e-01	7.569983460855667090e-02	3.071221744346978172e-02	7.988718080124856957e-02
1.282009106618650094e+03	2.405804391119363839e-01	1.495440739731437318e-01	2.642176229921229802e-01	1.591935138508491498e-01	7.575373834462111045e-02	3.074298794351338487e-02	7.996762378372991587e-02
1.284427991725477568e+03	2.402766631534389852e-01	1.493424851122623354e-01	2.644314733502446946e-01	1.593203402691825421e-01	7.580749295342667504e-02	3.077369429338195836e-02	8.004785086797949756e-02
1.286846876832305497e+03	2.399737495205387094e-01	1.491414686182199745e-01	2.646446946609699591e-01	1.594467891203749654e-01	7.586109884412652049e-02	3.080433662838469658e-02	8.012786260730180021e-02
1.289265761939132744e+03	2.396716957614641874e-01	1.489410228632937483e-01	2.648572887244038943e-01	1.595728615886559121e-01	7.591455642478461829e-02	3.083491508356378530e-02	8.020765955375051826e-02
1.291684647045960673e+03	2.393704994314254375e-01	1.487411462243976579e-01	2.650692573355256654e-01	1.596985588543639867e-01	7.596786610237878101e-02	3.086542979369481104e-02	8.028724225813042847e-02
1.294103532152788375e+03	2.390701580925938263e-01	1.485418370830695056e-01	2.652806022842034706e-01	1.598238820939602289e-01	7.602102828280356273e-02	3.089588089328713927e-02	8.036661126999913862e-02
1.296522417259616077e+03	2.387706693140823899e-01	1.483430938254576281e-01	2.654913253552088626e-01	1.599488324800415751e-01	7.607404337087313173e-02	3.092626851658431680e-02	8.044576713766896092e-02
1.298941302366443551e+03	2.384720306719259608e-01	1.481449148423077400e-01	2.657014283282315703e-01	1.600734111813541527e-01	7.612691177032425427e-02	3.095659279756446045e-02	8.052471040820867454e-02
1.301360187473271253e+03	2.381742397490614060e-01	1.479472985289498055e-01	2.659109129778937097e-01	1.601976193628066314e-01	7.617963388381916723e-02	3.098685386994065247e-02	8.060344162744538521e-02
1.303779072580098727e+03	2.378772941353080039e-01	1.477502432852848546e-01	2.661197810737642722e-01	1.603214581854834064e-01	7.623221011294846472e-02	3.101705186716132573e-02	8.068196133996638486e-02
1.306197957686926657e+03	2.375811914273477377e-01	1.475537475157720213e-01	2.663280343803735573e-01	1.604449288066578383e-01	7.628464085823398466e-02	3.104718692241066266e-02	8.076027008912092797e-02
1.308616842793753904e+03	2.372859292287058386e-01	1.473578096294154149e-01	2.665356746572273283e-01	1.605680323798053255e-01	7.633692651913166760e-02	3.107725916860899079e-02	8.083836841702211895e-02
1.311035727900581833e+03	2.369915051497311353e-01	1.471624280397512141e-01	2.667427036588214673e-01	1.606907700546165163e-01	7.638906749403437391e-02	3.110726873841316437e-02	8.091625686454877175e-02
1.313454613007409534e+03	2.366979168075766526e-01	1.469676011648347325e-01	2.669491231346560189e-01	1.608131429770102983e-01	7.644106418027481198e-02	3.113721576421697723e-02	8.099393597134722789e-02
1.315873498114237009e+03	2.364051618261802101e-01	1.467733274272273181e-01	2.671549348292493464e-01	1.609351522891467878e-01	7.649291697412828606e-02	3.116710037815154100e-02	8.107140627583327153e-02
1.318292383221064711e+03	2.361132378362450490e-01	1.465796052539838357e-01	2.673601404821523975e-01	1.610567991294403478e-01	7.654462627081552728e-02	3.119692271208568055e-02	8.114866831519390589e-02
1.320711268327892412e+03	2.358221424752205420e-01	1.463864330766394273e-01	2.675647418279630818e-01	1.611780846325724936e-01	7.659619246450556640e-02	3.122668289762633997e-02	8.122572262538933774e-02
1.323130153434719887e+03	2.355318733872830139e-01	1.461938093311969389e-01	2.677687405963399270e-01	1.612990099295047441e-01	7.664761594831845382e-02	3.125638106611895728e-02	8.130256974115475377e-02
1.325549038541547588e+03	2.352424282233164243e-01	1.460017324581141807e-01	2.679721385120165111e-01	1.614195761474914448e-01	7.669889711432809065e-02	3.128601734864788764e-02	8.137921019600227734e-02
1.327967923648375290e+03	2.349538046408933545e-01	1.458102009022910484e-01	2.681749372948152854e-01	1.615397844100925906e-01	7.675003635356496268e-02	3.131559187603676075e-02	8.145564452222281426e-02
1.330386808755202765e+03	2.346660003042558840e-01	1.456192131130569500e-01	2.683771386596616737e-01	1.616596358371864828e-01	7.680103405601897137e-02	3.134510477884891455e-02	8.153187325088796789e-02
1.332805693862030694e+03	2.343790128842965781e-01	1.454287675441580940e-01	2.685787443165978394e-01	1.617791315449825240e-01	7.685189061064212623e-02	3.137455618738776986e-02	8.160789691185187100e-02
1.335224578968857941e+03	2.340928400585395031e-01	1.452388626537449434e-01	2.687797559707968409e-01	1.618982726460337640e-01	7.690260640535133418e-02	3.140394623169721205e-02	8.168371603375319812e-02
1.337643464075685870e+03	2.338074795111212967e-01	1.450494969043595317e-01	2.689801753225763981e-01	1.620170602492495282e-01	7.695318182703109189e-02	3.143327504156202129e-02	8.175933114401695567e-02
1.340062349182513572e+03	2.335229289327723501e-01	1.448606687629230283e-01	2.691800040674125483e-01	1.621354954599079634e-01	7.700361726153624742e-02	3.146254274650824023e-02	8.183474276885648047e-02
1.342481234289341273e+03	2.332391860207979895e-01	1.446723767007231376e-01	2.693792438959536906e-01	1.622535793796685555e-01	7.705391309369470643e-02	3.149174947580357653e-02	8.190995143327527150e-02
1.344900119396168748e+03	2.329562484790596855e-01	1.444846191934016366e-01	2.695778964940340749e-01	1.623713131065846471e-01	7.710406970731012444e-02	3.152089535845780527e-02	8.198495766106896065e-02
1.347319004502996449e+03	2.326741140179564571e-01	1.442973947209420238e-01	2.697759635426877356e-01	1.624886977351157336e-01	7.715408748516458526e-02	3.154998052322315755e-02	8.205976197482722778e-02
1.349737889609823924e+03	2.323927803544060533e-01	1.441107017676569735e-01	2.699734467181621467e-01	1.626057343561399526e-01	7.720396680902134878e-02	3.157900509859471599e-02	8.213436489593574363e-02
1.352156774716651853e+03	2.321122452118264679e-01	1.439245388221761790e-01	2.701703476919316560e-01	1.627224240569663527e-01	7.725370805962746001e-02	3.160796921281082417e-02	8.220876694457801559e-02
1.354575659823479100e+03	2.318325063201174263e-01	1.437389043774338071e-01	2.703666681307112518e-01	1.628387679213471606e-01	7.730331161671645523e-02	3.163687299385347512e-02	8.228296863973739994e-02
1.356994544930307029e+03	2.315535614156419009e-01	1.435537969306563411e-01	2.705624096964699410e-01	1.629547670294901052e-01	7.735277785901099878e-02	3.166571656944869306e-02	8.235697049919900314e-02
1.359413430037134731e+03	2.312754082412075418e-01	1.433692149833502849e-01	2.707575740464445158e-01	1.630704224580706019e-01	7.740210716422551984e-02	3.169450006706694967e-02	8.243077303955163859e-02
1.361832315143962205e+03	2.309980445460484699e-01	1.431851570412899233e-01	2.709521628331527099e-01	1.631857352802437433e-01	7.745129990906890471e-02	3.172322361392355961e-02	8.250437677618975563e-02
1.364251200250789907e+03	2.307214680858067635e-01	1.430016216145051366e-01	2.711461777044070209e-01	1.633007065656566226e-01	7.750035646924706423e-02	3.175188733697905524e-02	8.257778222331539630e-02
1.366670085357617609e+03	2.304456766225144171e-01	1.428186072172693000e-01	2.713396203033277554e-01	1.634153373804602960e-01	7.754927721946558439e-02	3.178049136293960991e-02	8.265098989394011053e-02
1.369088970464445310e+03	2.301706679245748843e-01	1.426361123680870979e-01	2.715324922683565734e-01	1.635296287873218291e-01	7.759806253343232152e-02	3.180903581825743343e-02	8.272400029988695447e-02
1.371507855571272785e+03	2.298964397667450366e-01	1.424541355896824790e-01	2.717247952332697558e-01	1.636435818454362590e-01	7.764671278386003905e-02	3.183752082913113984e-02	8.279681395179241954e-02
1.373926740678100487e+03	2.296229899301169830e-01	1.422726754089865542e-01	2.719165308271914716e-01	1.637571976105385574e-01	7.769522834246897491e-02	3.186594652150617074e-02	8.286943135910837532e-02
1.376345625784927961e+03	2.293503162021000852e-01	1.420917303571257173e-01	2.721077006746071558e-01	1.638704771349155376e-01	7.774360957998942279e-02	3.189431302107520461e-02	8.294185303010405408e-02
1.378764510891755890e+03	2.290784163764028325e-01	1.419112989694095162e-01	2.722983063953763883e-01	1.639834214674176227e-01	7.779185686616429951e-02	3.192262045327851766e-02	8.301407947186800751e-02
1.381183395998583137e+03	2.288072882530149399e-01	1.417313797853188007e-01	2.724883496047464937e-01	1.640960316534707530e-01	7.783997056975175410e-02	3.195086894330440019e-02	8.308611119031006353e-02
1.383602281105411066e+03	2.285369296381894455e-01	1.415519713484938158e-01	2.726778319133653650e-01	1.642083087350880988e-01	7.788795105852769352e-02	3.197905861608955208e-02	8.315794869016333857e-02
1.386021166212238768e+03	2.282673383444247250e-01	1.413730722067221557e-01	2.728667549272946746e-01	1.643202537508818284e-01	7.793579869928830839e-02	3.200718959631948524e-02	8.322959247498612489e-02
1.388440051319066470e+03	2.279985121904468670e-01	1.411946809119272728e-01	2.730551202480228645e-01	1.644318677360747383e-01	7.798351385785270984e-02	3.203526200842891913e-02	8.330104304716395847e-02
1.390858936425893944e+03	2.277304490011918259e-01	1.410167960201563209e-01	2.732429294724783020e-01	1.645431517225119378e-01	7.803109689906535806e-02	3.206327597660216938e-02	8.337230090791149240e-02
1.393277821532721646e+03	2.274631466077876307e-01	1.408394160915685533e-01	2.734301841930419918e-01	1.646541067386723955e-01	7.807854818679865749e-02	3.209123162477355018e-02	8.344336655727459251e-02
1.395696706639549120e+03	2.271966028475368438e-01	1.406625396904235548e-01	2.736168859975610101e-01	1.647647338096805691e-01	7.812586808395544091e-02	3.211912907662776984e-02	8.351424049413221085e-02
1.398115591746377049e+03	2.269308155638988522e-01	1.404861653850695280e-01	2.738030364693608831e-01	1.648750339573178958e-01	7.817305695247149522e-02	3.214696845560034016e-02	8.358492321619842569e-02
1.400534476853204296e+03	2.266657826064724379e-01	1.403102917479316647e-01	2.739886371872586879e-01	1.649850082000342277e-01	7.822011515331807330e-02	3.217474988487796506e-02	8.365541522002442609e-02
1.402953361960032225e+03	2.264015018309781246e-01	1.401349173555004046e-01	2.741736897255759309e-01	1.650946575529592675e-01	7.826704304650433652e-02	3.220247348739892213e-02	8.372571700100045478e-02
1.405372247066859927e+03	2.261379710992408032e-01	1.399600407883199449e-01	2.743581956541513156e-01	1.652039830279140309e-01	7.831384099107993602e-02	3.223013938585348598e-02	8.379582905335786203e-02
1.407791132173687402e+03	2.258751882791723287e-01	1.397856606309766381e-01	2.745421565383535656e-01	1.653129856334221437e-01	7.836050934513739963e-02	3.225774770268432373e-02	8.386575187017104860e-02
1.410210017280515103e+03	2.256131512447540899e-01	1.396117754720873905e-01	2.747255739390938589e-01	1.654216663747211657e-01	7.840704846581461607e-02	3.228529856008687665e-02	8.393548594335947799e-02
1.412628902387342805e+03	2.253518578760197733e-01	1.394383839042882545e-01	2.749084494128388179e-01	1.655300262537738598e-01	7.845345870929738841e-02	3.231279208000976261e-02	8.400503176368964708e-02
1.415047787494170507e+03	2.250913060590380432e-01	1.392654845242228545e-01	2.750907845116231654e-01	1.656380662692793770e-01	7.849974043082175168e-02	3.234022838415517159e-02	8.407438982077712619e-02
1.417466672600997981e+03	2.248314936858954172e-01	1.390930759325310073e-01	2.752725807830622151e-01	1.657457874166845258e-01	7.854589398467655414e-02	3.236760759397927512e-02	8.414356060308850194e-02
1.419885557707825683e+03	2.245724186546789458e-01	1.389211567338373698e-01	2.754538397703644170e-01	1.658531906881948736e-01	7.859191972420581651e-02	3.239492983069262172e-02	8.421254459794344505e-02
1.422304442814653157e+03	2.243140788694592824e-01	1.387497255367399485e-01	2.756345630123440693e-01	1.659602770727858501e-01	7.863781800181118831e-02	3.242219521526051862e-02	8.428134229151659773e-02
1.424723327921481086e+03	2.240564722402735021e-01	1.385787809537988025e-01	2.758147520434337530e-01	1.660670475562138482e-01	7.868358916895436261e-02	3.244940386840344110e-02	8.434995416883972474e-02
1.427142213028308333e+03	2.237995966831080874e-01	1.384083216015248308e-01	2.759944083936966552e-01	1.661735031210272995e-01	7.872923357615953244e-02	3.247655591059742108e-02	8.441838071380360076e-02
1.429561098135136262e+03	2.235434501198821089e-01	1.382383461003683089e-01	2.761735335888392817e-01	1.662796447465774707e-01	7.877475157301574993e-02	3.250365146207447042e-02	8.448662240916007815e-02
1.431979983241963964e+03	2.232880304784300718e-01	1.380688530747078147e-01	2.763521291502236132e-01	1.663854734090296217e-01	7.882014350817938275e-02	3.253069064282294170e-02	8.455467973652402991e-02
1.434398868348791666e+03	2.230333356924851795e-01	1.378998411528389589e-01	2.765301965948797069e-01	1.664909900813738297e-01	7.886540972937645944e-02	3.255767357258794459e-02	8.462255317637544516e-02
1.436817753455619140e+03	2.227793637016625417e-01	1.377313089669631452e-01	2.767077374355177977e-01	1.665961957334358701e-01	7.891055058340512574e-02	3.258460037087174826e-02	8.469024320806135819e-02
1.439236638562446842e+03	2.225261124514423261e-01	1.375632551531765779e-01	2.768847531805407325e-01	1.667010913318880405e-01	7.895556641613796223e-02	3.261147115693416310e-02	8.475775030979788849e-02
1.441655523669274316e+03	2.222735798931530504e-01	1.373956783514589386e-01	2.770612453340560721e-01	1.668056778402599305e-01	7.900045757252441292e-02	3.263828604979295694e-02	8.482507495867228076e-02
1.444074408776102018e+03	2.220217639839549839e-01	1.372285772056624498e-01	2.772372153958887475e-01	1.669099562189493013e-01	7.904522439659310284e-02	3.266504516822423682e-02	8.489221763064486170e-02
1.446493293882929493e+03	2.217706626868233832e-01	1.370619503635008563e-01	2.774126648615926616e-01	1.670139274252326056e-01	7.908986723145426667e-02	3.269174863076284437e-02	8.495917880055108007e-02
1.448912178989757422e+03	2.215202739705320056e-01	1.368957964765382673e-01	2.775875952224633458e-01	1.671175924132758117e-01	7.913438641930205242e-02	3.271839655570276534e-02	8.502595894210356053e-02
1.451331064096585123e+03	2.212705958096365111e-01	1.367301142001782210e-01	2.777620079655497287e-01	1.672209521341450067e-01	7.917878230141689455e-02	3.274498906109751806e-02	8.509255852789401886e-02
1.453749949203412370e+03	2.210216261844580032e-01	1.365649021936528040e-01	2.779359045736664036e-01	1.673240075358169432e-01	7.922305521816784546e-02	3.277152626476054209e-02	8.515897802939535743e-02
1.456168834310240300e+03	2.207733630810666536e-01	1.364001591200115771e-01	2.781092865254057300e-01	1.674267595631897532e-01	7.926720550901490692e-02	3.279800828426560760e-02	8.522521791696367754e-02
1.458587719417068001e+03	2.205258044912651871e-01	1.362358836461109446e-01	2.782821552951496580e-01	1.675292091580932452e-01	7.931123351251140319e-02	3.282443523694722476e-02	8.529127865984026391e-02
1.461006604523895703e+03	2.202789484125726172e-01	1.360720744426029416e-01	2.784545123530819954e-01	1.676313572592995627e-01	7.935513956630622923e-02	3.285080723990100454e-02	8.535716072615362471e-02
1.463425489630723177e+03	2.200327928482079254e-01	1.359087301839246864e-01	2.786263591651999549e-01	1.677332048025336197e-01	7.939892400714625154e-02	3.287712440998408203e-02	8.542286458292147611e-02
1.465844374737550879e+03	2.197873358070737970e-01	1.357458495482874172e-01	2.787976971933265324e-01	1.678347527204833989e-01	7.944258717087854249e-02	3.290338686381549804e-02	8.548839069605282392e-02
1.468263259844378354e+03	2.195425753037403838e-01	1.355834312176658618e-01	2.789685278951220537e-01	1.679360019428105255e-01	7.948612939245273956e-02	3.292959471777662239e-02	8.555373953034992041e-02
1.470682144951206283e+03	2.192985093584292333e-01	1.354214738777873850e-01	2.791388527240960538e-01	1.680369533961603434e-01	7.952955100592330739e-02	3.295574808801151473e-02	8.561891154951030425e-02
1.473101030058033530e+03	2.190551359969971079e-01	1.352599762181212195e-01	2.793086731296193781e-01	1.681376080041724619e-01	7.957285234445185540e-02	3.298184709042732699e-02	8.568390721612884064e-02
1.475519915164861459e+03	2.188124532509199138e-01	1.350989369318680022e-01	2.794779905569356182e-01	1.682379666874908586e-01	7.961603374030938596e-02	3.300789184069471277e-02	8.574872699169970580e-02
1.477938800271689161e+03	2.185704591572766586e-01	1.349383547159490326e-01	2.796468064471731019e-01	1.683380303637741215e-01	7.965909552487861200e-02	3.303388245424823677e-02	8.581337133661845473e-02
1.480357685378516862e+03	2.183291517587335751e-01	1.347782282709955037e-01	2.798151222373563285e-01	1.684377999477058019e-01	7.970203802865619136e-02	3.305981904628673557e-02	8.587784071018400578e-02
1.482776570485344337e+03	2.180885291035280504e-01	1.346185563013382047e-01	2.799829393604181260e-01	1.685372763510043226e-01	7.974486158125505819e-02	3.308570173177372009e-02	8.594213557060065289e-02
