1.001418434226643626e+03	2.824306774014042065e-01	1.771410323613963056e-01	2.346703999251528727e-01	1.416265620635275002e-01	6.834294339084899528e-02	2.669975180929037156e-02	6.908863304829221397e-02
1.003837319333471214e+03	2.820078073832209542e-01	1.768608889816359886e-01	2.349711246936846132e-01	1.418071351165826333e-01	6.841627945258657584e-02	2.673834879533909872e-02	6.919841557686257083e-02
1.006256204440298802e+03	2.815861392560702892e-01	1.765815420311548922e-01	2.352709713510351408e-01	1.419871659622262972e-01	6.848940831824880393e-02	2.677686223033845514e-02	6.930791085083858050e-02
1.008675089547126618e+03	2.811656695993621224e-01	1.763029892413112698e-01	2.355699424083483040e-01	1.421666563119787230e-01	6.856233058144914350e-02	2.681529230602069935e-02	6.941711955144211355e-02
1.011093974653954206e+03	2.807463950022244248e-01	1.760252283499697534e-01	2.358680403696133410e-01	1.423456078716139328e-01	6.863504683409940577e-02	2.685363921367657503e-02	6.952604235871490124e-02
1.013512859760782021e+03	2.803283120634766368e-01	1.757482571014813422e-01	2.361652677316851412e-01	1.425240223411807228e-01	6.870755766641455098e-02	2.689190314415623381e-02	6.963467995151770285e-02
1.015931744867609382e+03	2.799114173916034121e-01	1.754720732466635014e-01	2.364616269843046181e-01	1.427019014150234799e-01	6.877986366691753173e-02	2.693008428787015476e-02	6.974303300752958401e-02
1.018350629974437197e+03	2.794957076047285272e-01	1.751966745427804284e-01	2.367571206101188597e-01	1.428792467818029432e-01	6.885196542244415019e-02	2.696818283479006373e-02	6.985110220324730612e-02
1.020769515081264785e+03	2.790811793305885136e-01	1.749220587535233740e-01	2.370517510847013065e-01	1.430560601245168539e-01	6.892386351814790146e-02	2.700619897444985276e-02	6.995888821398442425e-02
1.023188400188092373e+03	2.786678292065066787e-01	1.746482236489910467e-01	2.373455208765719304e-01	1.432323431205205500e-01	6.899555853750476142e-02	2.704413289594649605e-02	7.006639171387078757e-02
1.025607285294920075e+03	2.782556538793665712e-01	1.743751670056701564e-01	2.376384324472172460e-01	1.434080974415475884e-01	6.906705106231797453e-02	2.708198478794095893e-02	7.017361337585183156e-02
1.028026170401747549e+03	2.778446500055860025e-01	1.741028866064160963e-01	2.379304882511103780e-01	1.435833247537298962e-01	6.913834167272288334e-02	2.711975483865913458e-02	7.028055387168792578e-02
1.030445055508575479e+03	2.774348142510910109e-01	1.738313802404336805e-01	2.382216907357309343e-01	1.437580267176184756e-01	6.920943094719166078e-02	2.715744323589273229e-02	7.038721387195384649e-02
1.032863940615402726e+03	2.770261432912896060e-01	1.735606457032578820e-01	2.385120423415849067e-01	1.439322049882034160e-01	6.928031946253811191e-02	2.719505016700020719e-02	7.049359404603811052e-02
1.035282825722230655e+03	2.766186338110460108e-01	1.732906807967349583e-01	2.388015455022246269e-01	1.441058612149341278e-01	6.935100779392236459e-02	2.723257581890766235e-02	7.059969506214248958e-02
1.037701710829058356e+03	2.762122825046541830e-01	1.730214833290032728e-01	2.390902026442684181e-01	1.442789970417395484e-01	6.942149651485562956e-02	2.727002037810976817e-02	7.070551758728146896e-02
1.040120595935886058e+03	2.758070860758119469e-01	1.727530511144745595e-01	2.393780161874203838e-01	1.444516141070480708e-01	6.949178619720496053e-02	2.730738403067066097e-02	7.081106228728170637e-02
1.042539481042713533e+03	2.754030412375952919e-01	1.724853819738150773e-01	2.396649885444900874e-01	1.446237140438075275e-01	6.956187741119787549e-02	2.734466696222486587e-02	7.091632982678157393e-02
1.044958366149541234e+03	2.750001447124321152e-01	1.722184737339268468e-01	2.399511221214121748e-01	1.447952984795050635e-01	6.963177072542715840e-02	2.738186935797819188e-02	7.102132086923070020e-02
1.047377251256368709e+03	2.745983932320764653e-01	1.719523242279292485e-01	2.402364193172659979e-01	1.449663690361869539e-01	6.970146670685542500e-02	2.741899140270863747e-02	7.112603607688951224e-02
1.049796136363196410e+03	2.741977835375827843e-01	1.716869312951402882e-01	2.405208825242949600e-01	1.451369273304782825e-01	6.977096592081988291e-02	2.745603328076731339e-02	7.123047611082881925e-02
1.052215021470024112e+03	2.737983123792798734e-01	1.714222927810581110e-01	2.408045141279261392e-01	1.453069749736025651e-01	6.984026893103692513e-02	2.749299517607932397e-02	7.133464163092942401e-02
1.054633906576851814e+03	2.733999765167453022e-01	1.711584065373428498e-01	2.410873165067896062e-01	1.454765135714013446e-01	6.990937629960682076e-02	2.752987727214468647e-02	7.143853329588176204e-02
1.057052791683679516e+03	2.730027727187795406e-01	1.708952704217981955e-01	2.413692920327378810e-01	1.456455447243537038e-01	6.997828858701829469e-02	2.756667975203921928e-02	7.154215176318552694e-02
1.059471676790506763e+03	2.726066977633804789e-01	1.706328822983532167e-01	2.416504430708650286e-01	1.458140700275956103e-01	7.004700635215316273e-02	2.760340279841545091e-02	7.164549768914933725e-02
1.061890561897334692e+03	2.722117484377177266e-01	1.703712400370442637e-01	2.419307719795261435e-01	1.459820910709392350e-01	7.011553015229093910e-02	2.764004659350351861e-02	7.174857172889044510e-02
1.064309447004162394e+03	2.718179215381067992e-01	1.701103415139968988e-01	2.422102811103563069e-01	1.461496094388922973e-01	7.018386054311345768e-02	2.767661131911206690e-02	7.185137453633441695e-02
1.066728332110990095e+03	2.714252138699838612e-01	1.698501846114078562e-01	2.424889728082899876e-01	1.463166267106771334e-01	7.025199807870936841e-02	2.771309715662913578e-02	7.195390676421491161e-02
1.069147217217817570e+03	2.710336222478800794e-01	1.695907672175272773e-01	2.427668494115798048e-01	1.464831444602498756e-01	7.031994331157875866e-02	2.774950428702306973e-02	7.205616906407337485e-02
1.071566102324645271e+03	2.706431434953961990e-01	1.693320872266407817e-01	2.430439132518157908e-01	1.466491642563194642e-01	7.038769679263771895e-02	2.778583289084340241e-02	7.215816208625885908e-02
1.073984987431472746e+03	2.702537744451772861e-01	1.690741425390517860e-01	2.433201666539442920e-01	1.468146876623665220e-01	7.045525907122281162e-02	2.782208314822175524e-02	7.225988647992778735e-02
1.076403872538300675e+03	2.698655119388871371e-01	1.688169310610636853e-01	2.435956119362869265e-01	1.469797162366623666e-01	7.052263069509563664e-02	2.785825523887272212e-02	7.236134289304378686e-02
1.078822757645127922e+03	2.694783528271832429e-01	1.685604507049623668e-01	2.438702514105593744e-01	1.471442515322876343e-01	7.058981221044738352e-02	2.789434934209476802e-02	7.246253197237750854e-02
1.081241642751955851e+03	2.690922939696913652e-01	1.683046993889986687e-01	2.441440873818901958e-01	1.473082950971512373e-01	7.065680416190325830e-02	2.793036563677111714e-02	7.256345436350647438e-02
1.083660527858783553e+03	2.687073322349803894e-01	1.680496750373708381e-01	2.444171221488396772e-01	1.474718484740088209e-01	7.072360709252702160e-02	2.796630430137063417e-02	7.266411071081496642e-02
1.086079412965611255e+03	2.683234645005372898e-01	1.677953755802071290e-01	2.446893580034184557e-01	1.476349132004814435e-01	7.079022154382541565e-02	2.800216551394871939e-02	7.276450165749391574e-02
1.088498298072438729e+03	2.679406876527420378e-01	1.675417989535484264e-01	2.449607972311062254e-01	1.477974908090740336e-01	7.085664805575267455e-02	2.803794945214818993e-02	7.286462784554079142e-02
1.090917183179266431e+03	2.675589985868423448e-01	1.672889430993311222e-01	2.452314421108703069e-01	1.479595828271938474e-01	7.092288716671493742e-02	2.807365629320016445e-02	7.296448991575955889e-02
1.093336068286093905e+03	2.671783942069291262e-01	1.670368059653697390e-01	2.455012949151842705e-01	1.481211907771688430e-01	7.098893941357470316e-02	2.810928621392495483e-02	7.306408850776059671e-02
1.095754953392921607e+03	2.667988714259111327e-01	1.667853855053398615e-01	2.457703579100463109e-01	1.482823161762659714e-01	7.105480533165524359e-02	2.814483939073293001e-02	7.316342425996072429e-02
1.098173838499749309e+03	2.664204271654905254e-01	1.665346796787609551e-01	2.460386333549977877e-01	1.484429605367093286e-01	7.112048545474503047e-02	2.818031599962541114e-02	7.326249780958309088e-02
1.100592723606577010e+03	2.660430583561376738e-01	1.662846864509794631e-01	2.463061235031415996e-01	1.486031253656983908e-01	7.118598031510210700e-02	2.821571621619554590e-02	7.336130979265728658e-02
1.103011608713404712e+03	2.656667619370667865e-01	1.660354037931517646e-01	2.465728306011604754e-01	1.487628121654260560e-01	7.125129044345848706e-02	2.825104021562919662e-02	7.345986084401930072e-02
1.105430493820231959e+03	2.652915348562108755e-01	1.657868296822273824e-01	2.468387568893353479e-01	1.489220224330966014e-01	7.131641636902452674e-02	2.828628817270579729e-02	7.355815159731157737e-02
1.107849378927059888e+03	2.649173740701973867e-01	1.655389621009318857e-01	2.471039046015635343e-01	1.490807576609436691e-01	7.138135861949329586e-02	2.832146026179924517e-02	7.365618268498305699e-02
1.110268264033887590e+03	2.645442765443236643e-01	1.652917990377504309e-01	2.473682759653769436e-01	1.492390193362481132e-01	7.144611772104490777e-02	2.835655665687877164e-02	7.375395473828928739e-02
1.112687149140715292e+03	2.641722392525321372e-01	1.650453384869108031e-01	2.476318732019601732e-01	1.493968089413558187e-01	7.151069419835087704e-02	2.839157753150979915e-02	7.385146838729252095e-02
1.115106034247542766e+03	2.638012591773862825e-01	1.647995784483669013e-01	2.478946985261686331e-01	1.495541279536953261e-01	7.157508857457839380e-02	2.842652305885484676e-02	7.394872426086178396e-02
1.117524919354370468e+03	2.634313333100459231e-01	1.645545169277819741e-01	2.481567541465465321e-01	1.497109778457955953e-01	7.163930137139472298e-02	2.846139341167436623e-02	7.404572298667304320e-02
1.119943804461197942e+03	2.630624586502429696e-01	1.643101519365121888e-01	2.484180422653450016e-01	1.498673600853035748e-01	7.170333310897142320e-02	2.849618876232763026e-02	7.414246519120934464e-02
1.122362689568025871e+03	2.626946322062572725e-01	1.640664814915900882e-01	2.486785650785398316e-01	1.500232761350016597e-01	7.176718430598866272e-02	2.853090928277359981e-02	7.423895149976098007e-02
1.124781574674853118e+03	2.623278509948923087e-01	1.638235036157082158e-01	2.489383247758494566e-01	1.501787274528251226e-01	7.183085547963946604e-02	2.856555514457177064e-02	7.433518253642565354e-02
1.127200459781681047e+03	2.619621120414512006e-01	1.635812163372026562e-01	2.491973235407527465e-01	1.503337154918795993e-01	7.189434714563404383e-02	2.860012651888307195e-02	7.443115892410868961e-02
1.129619344888508749e+03	2.615974123797122353e-01	1.633396176900367425e-01	2.494555635505068258e-01	1.504882417004582695e-01	7.195765981820401169e-02	2.863462357647069897e-02	7.452688128452324146e-02
1.132038229995336451e+03	2.612337490519052174e-01	1.630987057137847640e-01	2.497130469761648097e-01	1.506423075220591490e-01	7.202079401010656745e-02	2.866904648770099082e-02	7.462235023819054069e-02
1.134457115102163925e+03	2.608711191086874881e-01	1.628584784536157848e-01	2.499697759825933452e-01	1.507959143954022696e-01	7.208375023262880710e-02	2.870339542254429083e-02	7.471756640444013331e-02
1.136876000208991627e+03	2.605095196091196108e-01	1.626189339602774342e-01	2.502257527284904581e-01	1.509490637544467773e-01	7.214652899559184651e-02	2.873767055057580011e-02	7.481253040141012944e-02
1.139294885315819101e+03	2.601489476206422236e-01	1.623800702900798087e-01	2.504809793664029005e-01	1.511017570284080014e-01	7.220913080735512357e-02	2.877187204097644488e-02	7.490724284604750871e-02
1.141713770422646803e+03	2.597894002190515583e-01	1.621418855048794849e-01	2.507354580427438862e-01	1.512539956417743858e-01	7.227155617482054761e-02	2.880600006253372647e-02	7.500170435410839775e-02
1.144132655529474505e+03	2.594308744884761819e-01	1.619043776720633654e-01	2.509891908978104658e-01	1.514057810143244198e-01	7.233380560343662113e-02	2.884005478364257830e-02	7.509591554015841719e-02
1.146551540636302207e+03	2.590733675213531817e-01	1.616675448645328306e-01	2.512421800658007909e-01	1.515571145611433745e-01	7.239587959720267252e-02	2.887403637230621586e-02	7.518987701757291753e-02
1.148970425743129908e+03	2.587168764184044623e-01	1.614313851606878070e-01	2.514944276748319330e-01	1.517079976926402340e-01	7.245777865867301937e-02	2.890794499613700066e-02	7.528358939853745102e-02
1.151389310849957155e+03	2.583613982886134863e-01	1.611958966444109465e-01	2.517459358469568143e-01	1.518584318145642931e-01	7.251950328896104858e-02	2.894178082235729019e-02	7.537705329404803534e-02
1.153808195956785084e+03	2.580069302492014605e-01	1.609610774050518056e-01	2.519967066981815274e-01	1.520084183280218659e-01	7.258105398774337969e-02	2.897554401780027405e-02	7.547026931391154214e-02
1.156227081063612786e+03	2.576534694256042979e-01	1.607269255374110251e-01	2.522467423384827656e-01	1.521579586294928010e-01	7.264243125326400041e-02	2.900923474891084486e-02	7.556323806674614119e-02
1.158645966170440488e+03	2.573010129514488598e-01	1.604934391417247586e-01	2.524960448718248651e-01	1.523070541108470233e-01	7.270363558233833290e-02	2.904285318174641695e-02	7.565596015998161950e-02
1.161064851277267962e+03	2.569495579685300291e-01	1.602606163236489079e-01	2.527446163961769576e-01	1.524557061593609930e-01	7.276466747035736926e-02	2.907639948197780766e-02	7.574843619985985321e-02
1.163483736384095664e+03	2.565991016267872293e-01	1.600284551942436073e-01	2.529924590035299570e-01	1.526039161577340264e-01	7.282552741129173779e-02	2.910987381489005613e-02	7.584066679143526557e-02
1.165902621490923138e+03	2.562496410842814987e-01	1.597969538699575975e-01	2.532395747799138230e-01	1.527516854841046712e-01	7.288621589769572751e-02	2.914327634538326980e-02	7.593265253857520158e-02
1.168321506597751068e+03	2.559011735071721194e-01	1.595661104726127655e-01	2.534859658054144926e-01	1.528990155120670269e-01	7.294673342071146538e-02	2.917660723797347797e-02	7.602439404396044154e-02
1.170740391704578315e+03	2.555536960696938031e-01	1.593359231293886846e-01	2.537316341541905329e-01	1.530459076106867322e-01	7.300708047007282986e-02	2.920986665679346783e-02	7.611589190908568670e-02
1.173159276811406244e+03	2.552072059541336535e-01	1.591063899728072106e-01	2.539765818944904052e-01	1.531923631445172851e-01	7.306725753410960034e-02	2.924305476559362071e-02	7.620714673426000341e-02
1.175578161918233945e+03	2.548617003508080736e-01	1.588775091407171325e-01	2.542208110886690076e-01	1.533383834736160301e-01	7.312726509975138456e-02	2.927617172774274815e-02	7.629815911860737820e-02
1.177997047025061647e+03	2.545171764580402285e-01	1.586492787762787682e-01	2.544643237932047164e-01	1.534839699535601731e-01	7.318710365253171257e-02	2.930921770622893496e-02	7.638892966006720353e-02
1.180415932131889122e+03	2.541736314821370080e-01	1.584216970279488101e-01	2.547071220587160401e-01	1.536291239354626859e-01	7.324677367659196414e-02	2.934219286366037543e-02	7.647945895539483285e-02
1.182834817238716823e+03	2.538310626373663226e-01	1.581947620494650875e-01	2.549492079299782721e-01	1.537738467659882369e-01	7.330627565468546269e-02	2.937509736226620247e-02	7.656974760016209414e-02
1.185253702345544298e+03	2.534894671459346771e-01	1.579684719998314391e-01	2.551905834459400335e-01	1.539181397873689849e-01	7.336561006818133335e-02	2.940793136389731333e-02	7.665979618875792823e-02
1.187672587452371999e+03	2.531488422379641334e-01	1.577428250433023926e-01	2.554312506397402593e-01	1.540620043374203163e-01	7.342477739706856910e-02	2.944069503002722313e-02	7.674960531438884681e-02
1.190091472559199701e+03	2.528091851514701616e-01	1.575178193493683154e-01	2.556712115387242967e-01	1.542054417495565821e-01	7.348377811995988884e-02	2.947338852175287321e-02	7.683917556907962632e-02
1.192510357666027403e+03	2.524704931323389911e-01	1.572934530927402597e-01	2.559104681644607804e-01	1.543484533528066693e-01	7.354261271409580358e-02	2.950601199979546035e-02	7.692850754367384913e-02
1.194929242772855105e+03	2.521327634343050739e-01	1.570697244533350578e-01	2.561490225327577863e-01	1.544910404718295438e-01	7.360128165534844669e-02	2.953856562450128675e-02	7.701760182783455588e-02
1.197348127879682352e+03	2.517959933189290456e-01	1.568466316162602792e-01	2.563868766536795407e-01	1.546332044269299322e-01	7.365978541822554293e-02	2.957104955584255804e-02	7.710645901004480052e-02
1.199767012986510281e+03	2.514601800555751332e-01	1.566241727717994359e-01	2.566240325315625181e-01	1.547749465340735875e-01	7.371812447587433592e-02	2.960346395341822631e-02	7.719507967760839973e-02
1.202185898093337983e+03	2.511253209213890614e-01	1.564023461153970229e-01	2.568604921650320394e-01	1.549162681049027490e-01	7.377629930008543224e-02	2.963580897645479162e-02	7.728346441665050193e-02
1.204604783200165684e+03	2.507914132012758479e-01	1.561811498476438076e-01	2.570962575470183142e-01	1.550571704467514633e-01	7.383431036129672886e-02	2.966808478380715888e-02	7.737161381211825339e-02
1.207023668306993159e+03	2.504584541878775439e-01	1.559605821742620912e-01	2.573313306647727061e-01	1.551976548626609054e-01	7.389215812859729893e-02	2.970029153395942895e-02	7.745952844778153379e-02
1.209442553413820860e+03	2.501264411815514732e-01	1.557406413060908046e-01	2.575657134998841080e-01	1.553377226513944775e-01	7.394984306973123589e-02	2.973242938502571389e-02	7.754720890623362228e-02
1.211861438520648335e+03	2.497953714903480282e-01	1.555213254590711580e-01	2.577994080282948186e-01	1.554773751074530752e-01	7.400736565110151155e-02	2.976449849475098358e-02	7.763465576889189146e-02
1.214280323627476264e+03	2.494652424299887705e-01	1.553026328542316259e-01	2.580324162203166960e-01	1.556166135210900747e-01	7.406472633777383408e-02	2.979649902051186017e-02	7.772186961599847344e-02
1.216699208734303511e+03	2.491360513238446706e-01	1.550845617176737357e-01	2.582647400406475335e-01	1.557554391783264602e-01	7.412192559348043663e-02	2.982843111931743341e-02	7.780885102662110642e-02
1.219118093841131440e+03	2.488077955029141253e-01	1.548671102805571909e-01	2.584963814483864364e-01	1.558938533609658117e-01	7.417896388062399093e-02	2.986029494781007598e-02	7.789560057865375919e-02
1.221536978947959142e+03	2.484804723058013920e-01	1.546502767790856603e-01	2.587273423970502528e-01	1.560318573466090708e-01	7.423584166028132647e-02	2.989209066226626577e-02	7.798211884881744993e-02
1.223955864054786844e+03	2.481540790786946615e-01	1.544340594544921785e-01	2.589576248345893394e-01	1.561694524086695290e-01	7.429255939220726079e-02	2.992381841859738031e-02	7.806840641266098169e-02
1.226374749161614318e+03	2.478286131753447419e-01	1.542184565530246576e-01	2.591872307034035483e-01	1.563066398163876491e-01	7.434911753483841590e-02	2.995547837235051566e-02	7.815446384456170570e-02
1.228793634268442020e+03	2.475040719570432424e-01	1.540034663259317871e-01	2.594161619403579366e-01	1.564434208348456645e-01	7.440551654529697911e-02	2.998707067870929124e-02	7.824029171772635405e-02
1.231212519375269494e+03	2.471804527926012296e-01	1.537890870294484069e-01	2.596444204767982544e-01	1.565797967249824840e-01	7.446175687939445009e-02	3.001859549249466172e-02	7.832589060419178906e-02
1.233631404482097196e+03	2.468577530583276058e-01	1.535753169247813521e-01	2.598720082385672092e-01	1.567157687436081248e-01	7.451783899163542946e-02	3.005005296816571150e-02	7.841126107482584984e-02
1.236050289588924898e+03	2.465359701380079038e-01	1.533621542780952973e-01	2.600989271460197316e-01	1.568513381434183673e-01	7.457376333522133804e-02	3.008144325982046660e-02	7.849640369932814332e-02
1.238469174695752372e+03	2.462151014228828594e-01	1.531495973604984351e-01	2.603251791140387961e-01	1.569865061730093270e-01	7.462953036205417778e-02	3.011276652119668912e-02	7.858131904623090469e-02
1.240888059802580301e+03	2.458951443116271784e-01	1.529376444480283204e-01	2.605507660520511304e-01	1.571212740768917759e-01	7.468514052274020931e-02	3.014402290567269257e-02	7.866600768289978840e-02
1.243306944909407548e+03	2.455760962103283318e-01	1.527262938216378818e-01	2.607756898640424814e-01	1.572556430955057150e-01	7.474059426659374061e-02	3.017521256626812254e-02	7.875047017553479800e-02
1.245725830016235477e+03	2.452579545324653776e-01	1.525155437671811554e-01	2.609999524485733247e-01	1.573896144652345563e-01	7.479589204164080463e-02	3.020633565564477194e-02	7.883470708917106329e-02
1.248144715123063179e+03	2.449407166988878948e-01	1.523053925753994620e-01	2.612235556987941854e-01	1.575231894184195569e-01	7.485103429462279523e-02	3.023739232610736169e-02	7.891871898767979787e-02
1.250563600229890881e+03	2.446243801377950278e-01	1.520958385419071968e-01	2.614465015024610706e-01	1.576563691833740011e-01	7.490602147100021424e-02	3.026838272960435602e-02	7.900250643376914572e-02
1.252982485336718355e+03	2.443089422847143366e-01	1.518868799671781455e-01	2.616687917419511233e-01	1.577891549843973562e-01	7.496085401495630740e-02	3.029930701772872922e-02	7.908606998898505547e-02
1.255401370443546057e+03	2.439944005824810913e-01	1.516785151565312739e-01	2.618904282942774442e-01	1.579215480417894002e-01	7.501553236940074199e-02	3.033016534171878095e-02	7.916941021371223797e-02
1.257820255550373531e+03	2.436807524812173165e-01	1.514707424201171271e-01	2.621114130311049117e-01	1.580535495718644046e-01	7.507005697597325666e-02	3.036095785245892034e-02	7.925252766717502673e-02
1.260239140657201460e+03	2.433679954383109190e-01	1.512635600729038132e-01	2.623317478187650043e-01	1.581851607869650400e-01	7.512442827504731135e-02	3.039168470048045356e-02	7.933542290743837710e-02
1.262658025764028707e+03	2.430561269183952600e-01	1.510569664346633478e-01	2.625514345182711762e-01	1.583163828954763652e-01	7.517864670573369545e-02	3.042234603596237486e-02	7.941809649140871286e-02
1.265076910870856636e+03	2.427451443933281161e-01	1.508509598299578036e-01	2.627704749853340127e-01	1.584472171018397879e-01	7.523271270588413606e-02	3.045294200873214716e-02	7.950054897483498084e-02
1.267495795977684338e+03	2.424350453421712237e-01	1.506455385881256270e-01	2.629888710703763288e-01	1.585776646065668594e-01	7.528662671209494783e-02	3.048347276826649313e-02	7.958278091230949758e-02
1.269914681084511813e+03	2.421258272511697673e-01	1.504407010432680658e-01	2.632066246185482128e-01	1.587077266062530967e-01	7.534038915971061345e-02	3.051393846369218274e-02	7.966479285726900395e-02
1.272333566191339514e+03	2.418174876137318408e-01	1.502364455342354299e-01	2.634237374697421252e-01	1.588374042935917774e-01	7.539400048282737798e-02	3.054433924378681040e-02	7.974658536199560888e-02
1.274752451298167216e+03	2.415100239304079355e-01	1.500327704046135469e-01	2.636402114586077206e-01	1.589666988573876505e-01	7.544746111429677382e-02	3.057467525697957558e-02	7.982815897761771917e-02
1.277171336404994690e+03	2.412034337088706792e-01	1.498296740027102725e-01	2.638560484145669460e-01	1.590956114825704815e-01	7.550077148572927055e-02	3.060494665135206349e-02	7.990951425411117748e-02
1.279590221511822392e+03	2.408977144638944357e-01	1.496271546815418074e-01	2.640712501618289187e-01	1.592241433502087355e-01	7.555393202749779991e-02	3.063515357463902564e-02	7.999065174030013659e-02
1.282009106618650094e+03	2.405928637173350981e-01	1.494252107988194855e-01	2.642858185194046361e-01	1.593522956375230948e-01	7.560694316874126686e-02	3.066529617422915702e-02	8.007157198385810026e-02
1.284427991725477568e+03	2.402888789981097728e-01	1.492238407169361181e-01	2.644997553011220193e-01	1.594800695178999195e-01	7.565980533736813007e-02	3.069537459716586980e-02	8.015227553130900573e-02
1.286846876832305497e+03	2.399857578421767390e-01	1.490230428029526988e-01	2.647130623156404572e-01	1.596074661609047651e-01	7.571251896005992688e-02	3.072538899014806354e-02	8.023276292802820897e-02
1.289265761939132744e+03	2.396834977925152432e-01	1.488228154285850813e-01	2.649257413664656280e-01	1.597344867322956496e-01	7.576508446227475657e-02	3.075533949953091276e-02	8.031303471824351170e-02
1.291684647045960673e+03	2.393820963991055983e-01	1.486231569701906008e-01	2.651377942519642095e-01	1.598611323940365425e-01	7.581750226825084704e-02	3.078522627132662323e-02	8.039309144503627158e-02
1.294103532152788375e+03	2.390815512189090608e-01	1.484240658087548903e-01	2.653492227653785895e-01	1.599874043043105210e-01	7.586977280100994092e-02	3.081504945120520575e-02	8.047293365034244306e-02
1.296522417259616077e+03	2.387818598158480410e-01	1.482255403298784746e-01	2.655600286948412991e-01	1.601133036175330371e-01	7.592189648236093158e-02	3.084480918449525322e-02	8.055256187495359044e-02
1.298941302366443551e+03	2.384830197607861191e-01	1.480275789237638362e-01	2.657702138233895561e-01	1.602388314843651018e-01	7.597387373290323542e-02	3.087450561618469008e-02	8.063197665851803975e-02
1.301360187473271253e+03	2.381850286315082832e-01	1.478301799852019816e-01	2.659797799289801423e-01	1.603639890517264410e-01	7.602570497203024746e-02	3.090413889092156682e-02	8.071117853954191956e-02
1.303779072580098727e+03	2.378878840127011673e-01	1.476333419135595348e-01	2.661887287845032812e-01	1.604887774628085684e-01	7.607739061793289403e-02	3.093370915301479201e-02	8.079016805539029900e-02
1.306197957686926657e+03	2.375915834959334283e-01	1.474370631127654985e-01	2.663970621577976816e-01	1.606131978570878305e-01	7.612893108760297733e-02	3.096321654643491988e-02	8.086894574228822852e-02
1.308616842793753904e+03	2.372961246796359280e-01	1.472413419912983190e-01	2.666047818116644708e-01	1.607372513703383132e-01	7.618032679683670039e-02	3.099266121481489625e-02	8.094751213532190570e-02
1.311035727900581833e+03	2.370015051690823327e-01	1.470461769621728421e-01	2.668118895038818494e-01	1.608609391346448869e-01	7.623157816023801159e-02	3.102204330145082872e-02	8.102586776843979932e-02
1.313454613007409534e+03	2.367077225763694337e-01	1.468515664429273504e-01	2.670183869872192473e-01	1.609842622784159183e-01	7.628268559122208803e-02	3.105136294930274307e-02	8.110401317445370406e-02
1.315873498114237009e+03	2.364147745203978301e-01	1.466575088556106299e-01	2.672242760094515890e-01	1.611072219263963989e-01	7.633364950201868004e-02	3.108062030099534301e-02	8.118194888503998952e-02
1.318292383221064711e+03	2.361226586268523053e-01	1.464640026267690076e-01	2.674295583133737275e-01	1.612298191996803798e-01	7.638447030367558066e-02	3.110981549881875613e-02	8.125967543074069654e-02
1.320711268327892412e+03	2.358313725281826478e-01	1.462710461874336121e-01	2.676342356368143216e-01	1.613520552157239329e-01	7.643514840606195626e-02	3.113894868472930066e-02	8.133719334096460585e-02
1.323130153434719887e+03	2.355409138635842781e-01	1.460786379731075224e-01	2.678383097126502688e-01	1.614739310883578083e-01	7.648568421787171889e-02	3.116802000035023834e-02	8.141450314398855637e-02
1.325549038541547588e+03	2.352512802789789581e-01	1.458867764237529174e-01	2.680417822688205831e-01	1.615954479278000067e-01	7.653607814662699571e-02	3.119702958697250991e-02	8.149160536695844448e-02
1.327967923648375290e+03	2.349624694269955572e-01	1.456954599837783637e-01	2.682446550283405506e-01	1.617166068406684365e-01	7.658633059868133475e-02	3.122597758555551925e-02	8.156850053589058402e-02
1.330386808755202765e+03	2.346744789669510944e-01	1.455046871020261867e-01	2.684469297093158846e-01	1.618374089299933760e-01	7.663644197922314660e-02	3.125486413672784458e-02	8.164518917567273326e-02
1.332805693862030694e+03	2.343873065648314491e-01	1.453144562317597310e-01	2.686486080249566033e-01	1.619578552952300743e-01	7.668641269227907675e-02	3.128368938078800177e-02	8.172167181006535774e-02
1.335224578968857941e+03	2.341009498932724031e-01	1.451247658306506483e-01	2.688496916835907968e-01	1.620779470322710747e-01	7.673624314071725294e-02	3.131245345770520411e-02	8.179794896170280993e-02
1.337643464075685870e+03	2.338154066315406843e-01	1.449356143607664349e-01	2.690501823886790600e-01	1.621976852334587604e-01	7.678593372625062974e-02	3.134115650712009093e-02	8.187402115209457820e-02
1.340062349182513572e+03	2.335306744655150091e-01	1.447470002885578033e-01	2.692500818388275929e-01	1.623170709875975393e-01	7.683548484944031920e-02	3.136979866834547354e-02	8.194988890162643869e-02
1.342481234289341273e+03	2.332467510876671257e-01	1.445589220848461642e-01	2.694493917278029116e-01	1.624361053799662780e-01	7.688489690969889379e-02	3.139838008036708455e-02	8.202555272956171817e-02
1.344900119396168748e+03	2.329636341970431901e-01	1.443713782248111366e-01	2.696481137445448373e-01	1.625547894923305148e-01	7.693417030529367540e-02	3.142690088184429964e-02	8.210101315404251532e-02
1.347319004502996449e+03	2.326813214992448364e-01	1.441843671879780853e-01	2.698462495731807631e-01	1.626731244029546997e-01	7.698330543334996889e-02	3.145536121111091460e-02	8.217627069209089419e-02
1.349737889609823924e+03	2.323998107064105256e-01	1.439978874582057422e-01	2.700438008930391431e-01	1.627911111866142679e-01	7.703230268985439277e-02	3.148376120617585316e-02	8.225132585961021647e-02
1.352156774716651853e+03	2.321190995371968935e-01	1.438119375236737163e-01	2.702407693786632037e-01	1.629087509146078805e-01	7.708116246965815432e-02	3.151210100472390252e-02	8.232617917138629338e-02
1.354575659823479100e+03	2.318391857167600989e-01	1.436265158768703643e-01	2.704371566998247656e-01	1.630260446547694142e-01	7.712988516648025539e-02	3.154038074411644882e-02	8.240083114108871787e-02
1.356994544930307029e+03	2.315600669767373665e-01	1.434416210145801895e-01	2.706329645215375113e-01	1.631429934714800078e-01	7.717847117291072589e-02	3.156860056139224741e-02	8.247528228127207206e-02
1.359413430037134731e+03	2.312817410552283348e-01	1.432572514378717965e-01	2.708281945040706962e-01	1.632595984256800803e-01	7.722692088041392677e-02	3.159676059326811670e-02	8.254953310337721784e-02
1.361832315143962205e+03	2.310042056967767932e-01	1.430734056520855668e-01	2.710228483029626934e-01	1.633758605748811821e-01	7.727523467933172796e-02	3.162486097613966679e-02	8.262358411773257361e-02
1.364251200250789907e+03	2.307274586523521132e-01	1.428900821668214194e-01	2.712169275690344272e-01	1.634917809731779859e-01	7.732341295888675581e-02	3.165290184608204882e-02	8.269743583355543270e-02
1.366670085357617609e+03	2.304514976793310688e-01	1.427072794959266810e-01	2.714104339484029738e-01	1.636073606712600825e-01	7.737145610718554334e-02	3.168088333885069052e-02	8.277108875895318463e-02
1.369088970464445310e+03	2.301763205414794067e-01	1.425249961574840130e-01	2.716033690824946056e-01	1.637226007164237496e-01	7.741936451122181928e-02	3.170880558988198317e-02	8.284454340092464730e-02
1.371507855571272785e+03	2.299019250089336941e-01	1.423432306737991704e-01	2.717957346080585590e-01	1.638375021525837749e-01	7.746713855687958894e-02	3.173666873429405871e-02	8.291780026536137160e-02
1.373926740678100487e+03	2.296283088581831389e-01	1.421619815713890400e-01	2.719875321571800786e-01	1.639520660202851143e-01	7.751477862893639548e-02	3.176447290688747677e-02	8.299085985704897361e-02
1.376345625784927961e+03	2.293554698720513818e-01	1.419812473809696218e-01	2.721787633572937959e-01	1.640662933567146042e-01	7.756228511106647017e-02	3.179221824214596703e-02	8.306372267966838363e-02
1.378764510891755890e+03	2.290834058396785111e-01	1.418010266374439554e-01	2.723694298311969963e-01	1.641801851957125358e-01	7.760965838584391041e-02	3.181990487423713709e-02	8.313638923579722007e-02
1.381183395998583137e+03	2.288121145565029380e-01	1.416213178798901573e-01	2.725595331970628310e-01	1.642937425677842012e-01	7.765689883474577448e-02	3.184753293701320792e-02	8.320886002691109395e-02
1.383602281105411066e+03	2.285415938242435219e-01	1.414421196515496526e-01	2.727490750684534726e-01	1.644069665001115788e-01	7.770400683815530118e-02	3.187510256401172165e-02	8.328113555338495511e-02
1.386021166212238768e+03	2.282718414508815297e-01	1.412634304998150458e-01	2.729380570543332718e-01	1.645198580165646851e-01	7.775098277536497682e-02	3.190261388845624935e-02	8.335321631449439661e-02
1.388440051319066470e+03	2.280028552506428996e-01	1.410852489762184636e-01	2.731264807590818577e-01	1.646324181377130658e-01	7.779782702457969934e-02	3.193006704325713346e-02	8.342510280841707038e-02
1.390858936425893944e+03	2.277346330439802835e-01	1.409075736364195919e-01	2.733143477825070722e-01	1.647446478808372028e-01	7.784453996291990086e-02	3.195746216101218173e-02	8.349679553223396389e-02
1.393277821532721646e+03	2.274671726575553388e-01	1.407304030401939632e-01	2.735016597198582367e-01	1.648565482599398668e-01	7.789112196642464236e-02	3.198479937400738188e-02	8.356829498193080186e-02
1.395696706639549120e+03	2.272004719242210480e-01	1.405537357514211882e-01	2.736884181618388645e-01	1.649681202857574414e-01	7.793757341005468076e-02	3.201207881421763018e-02	8.363960165239937850e-02
1.398115591746377049e+03	2.269345286830039277e-01	1.403775703380731876e-01	2.738746246946198726e-01	1.650793649657711637e-01	7.798389466769561906e-02	3.203930061330742540e-02	8.371071603743897305e-02
1.400534476853204296e+03	2.266693407790865422e-01	1.402019053722026176e-01	2.740602808998524598e-01	1.651902833042184493e-01	7.803008611216095958e-02	3.206646490263157651e-02	8.378163862975762655e-02
1.402953361960032225e+03	2.264049060637898236e-01	1.400267394299310186e-01	2.742453883546805971e-01	1.653008763021039662e-01	7.807614811519519860e-02	3.209357181323593128e-02	8.385236992097364062e-02
1.405372247066859927e+03	2.261412223945555577e-01	1.398520710914374077e-01	2.744299486317544612e-01	1.654111449572109316e-01	7.812208104747682402e-02	3.212062147585804245e-02	8.392291040161686810e-02
1.407791132173687402e+03	2.258782876349290925e-01	1.396778989409465377e-01	2.746139632992428692e-01	1.655210902641120752e-01	7.816788527862142399e-02	3.214761402092791709e-02	8.399326056113012862e-02
1.410210017280515103e+03	2.256160996545416852e-01	1.395042215667174068e-01	2.747974339208460459e-01	1.656307132141807414e-01	7.821356117718473999e-02	3.217454957856871051e-02	8.406342088787065181e-02
1.412628902387342805e+03	2.253546563290932947e-01	1.393310375610317953e-01	2.749803620558085027e-01	1.657400147956019365e-01	7.825910911066567832e-02	3.220142827859739237e-02	8.413339186911139578e-02
1.415047787494170507e+03	2.250939555403350389e-01	1.391583455201826081e-01	2.751627492589316382e-01	1.658489959933833469e-01	7.830452944550936323e-02	3.222825025052549613e-02	8.420317399104251810e-02
1.417466672600997981e+03	2.248339951760522371e-01	1.389861440444625229e-01	2.753445970805863952e-01	1.659576577893661919e-01	7.834982254711010674e-02	3.225501562355979901e-02	8.427276773877274973e-02
1.419885557707825683e+03	2.245747731300469785e-01	1.388144317381526105e-01	2.755259070667259724e-01	1.660660011622361598e-01	7.839498877981448954e-02	3.228172452660299507e-02	8.434217359633079669e-02
1.422304442814653157e+03	2.243162873021210257e-01	1.386432072095109547e-01	2.757066807588982593e-01	1.661740270875342596e-01	7.844002850692431694e-02	3.230837708825444465e-02	8.441139204666681106e-02
1.424723327921481086e+03	2.240585355980586335e-01	1.384724690707610784e-01	2.758869196942583812e-01	1.662817365376677015e-01	7.848494209069961647e-02	3.233497343681081965e-02	8.448042357165376492e-02
1.427142213028308333e+03	2.238015159296095069e-01	1.383022159380808969e-01	2.760666254055815783e-01	1.663891304819206385e-01	7.852972989236164936e-02	3.236151370026683211e-02	8.454926865208890752e-02
1.429561098135136262e+03	2.235452262144718150e-01	1.381324464315912826e-01	2.762457994212751400e-01	1.664962098864647966e-01	7.857439227209583876e-02	3.238799800631590037e-02	8.461792776769520852e-02
1.431979983241963964e+03	2.232896643762751487e-01	1.379631591753447961e-01	2.764244432653912842e-01	1.666029757143703272e-01	7.861892958905479512e-02	3.241442648235085683e-02	8.468640139712274584e-02
1.434398868348791666e+03	2.230348283445636737e-01	1.377943527973144733e-01	2.766025584576393137e-01	1.667094289256163819e-01	7.866334220136124433e-02	3.244079925546464876e-02	8.475469001795020441e-02
1.436817753455619140e+03	2.227807160547791432e-01	1.376260259293827226e-01	2.767801465133979955e-01	1.668155704771017434e-01	7.870763046611099767e-02	3.246711645245099753e-02	8.482279410668630559e-02
1.439236638562446842e+03	2.225273254482441065e-01	1.374581772073300290e-01	2.769572089437281615e-01	1.669214013226553994e-01	7.875179473937585217e-02	3.249337819980510633e-02	8.489071413877126437e-02
1.441655523669274316e+03	2.222746544721452000e-01	1.372908052708239068e-01	2.771337472553846437e-01	1.670269224130470631e-01	7.879583537620657441e-02	3.251958462372434716e-02	8.495845058857819099e-02
1.444074408776102018e+03	2.220227010795163269e-01	1.371239087634077147e-01	2.773097629508288198e-01	1.671321346959976917e-01	7.883975273063580091e-02	3.254573585010892695e-02	8.502600392941467300e-02
1.446493293882929493e+03	2.217714632292220323e-01	1.369574863324896918e-01	2.774852575282405476e-01	1.672370391161899783e-01	7.888354715568096642e-02	3.257183200456258837e-02	8.509337463352410758e-02
1.448912178989757422e+03	2.215209388859408213e-01	1.367915366293318835e-01	2.776602324815307665e-01	1.673416366152786494e-01	7.892721900334720431e-02	3.259787321239328989e-02	8.516056317208725579e-02
1.451331064096585123e+03	2.212711260201485342e-01	1.366260583090390668e-01	2.778346893003533769e-01	1.674459281319010395e-01	7.897076862463023317e-02	3.262385959861388574e-02	8.522757001522369980e-02
1.453749949203412370e+03	2.210220226081018591e-01	1.364610500305479535e-01	2.780086294701174521e-01	1.675499146016872221e-01	7.901419636951931280e-02	3.264979128794280594e-02	8.529439563199329999e-02
1.456168834310240300e+03	2.207736266318218454e-01	1.362965104566160324e-01	2.781820544719991739e-01	1.676535969572704177e-01	7.905750258700003363e-02	3.267566840480470858e-02	8.536104049039769381e-02
1.458587719417068001e+03	2.205259360790774170e-01	1.361324382538107725e-01	2.783549657829541557e-01	1.677569761282972916e-01	7.910068762505730044e-02	3.270149107333120836e-02	8.542750505738176681e-02
1.461006604523895703e+03	2.202789489433689407e-01	1.359688320924987981e-01	2.785273648757293774e-01	1.678600530414380843e-01	7.914375183067808017e-02	3.272725941736149419e-02	8.549378979883517915e-02
1.463425489630723177e+03	2.200326632239119895e-01	1.358056906468348979e-01	2.786992532188749538e-01	1.679628286203968812e-01	7.918669554985434400e-02	3.275297356044305774e-02	8.555989517959383672e-02
1.465844374737550879e+03	2.197870769256209111e-01	1.356430125947513388e-01	2.788706322767564583e-01	1.680653037859216603e-01	7.922951912758592619e-02	3.277863362583230411e-02	8.562582166344136214e-02
1.468263259844378354e+03	2.195421880590925912e-01	1.354807966179470413e-01	2.790415035095665242e-01	1.681674794558145614e-01	7.927222290788329961e-02	3.280423973649529423e-02	8.569156971311063520e-02
1.470682144951206283e+03	2.192979946405902991e-01	1.353190414018767274e-01	2.792118683733370021e-01	1.682693565449418227e-01	7.931480723377047626e-02	3.282979201510836942e-02	8.575713979028531941e-02
1.473101030058033530e+03	2.190544946920273961e-01	1.351577456357403728e-01	2.793817283199503954e-01	1.683709359652438564e-01	7.935727244728779661e-02	3.285529058405881053e-02	8.582253235560129145e-02
1.475519915164861459e+03	2.188116862409514307e-01	1.349969080124723830e-01	2.795510847971523494e-01	1.684722186257452403e-01	7.939961888949474689e-02	3.288073556544554576e-02	8.588774786864820932e-02
1.477938800271689161e+03	2.185695673205277911e-01	1.348365272287309902e-01	2.797199392485626990e-01	1.685732054325647378e-01	7.944184690047281783e-02	3.290612708107976819e-02	8.595278678797106664e-02
1.480357685378516862e+03	2.183281359695238566e-01	1.346766019848876506e-01	2.798882931136877361e-01	1.686738972889250954e-01	7.948395681932823864e-02	3.293146525248565742e-02	8.601764957107160825e-02
1.482776570485344337e+03	2.180873902322929825e-01	1.345171309850163033e-01	2.800561478279317562e-01	1.687742950951630627e-01	7.952594898419484970e-02	3.295675020090098328e-02	8.608233667440995385e-02
