1.001418434226643626e+03	2.824999522397644847e-01	1.768984990323405060e-01	2.347578067120106304e-01	1.416427216208485385e-01	6.844372401910558956e-02	2.667370719486839015e-02	6.908358918097234902e-02
1.003837319333471214e+03	2.820763764301475462e-01	1.766187178238044220e-01	2.350588582244850788e-01	1.418234337169868020e-01	6.851829618034994962e-02	2.671118516447008526e-02	6.919313245966667025e-02
1.006256204440298802e+03	2.816540056895285304e-01	1.763397327446984131e-01	2.353590294777279102e-01	1.420036050500744773e-01	6.859266340829657527e-02	2.674857443759990835e-02	6.930238919198475345e-02
1.008675089547126618e+03	2.812328365864095736e-01	1.760615415260594341e-01	2.356583229916928424e-01	1.421832373244831249e-01	6.866682625692187292e-02	2.678587524682478349e-02	6.941136006751899568e-02
1.011093974653954206e+03	2.808128656990393490e-01	1.757841419054347598e-01	2.359567412791491736e-01	1.423623322388548607e-01	6.874078527876183176e-02	2.682308782408544812e-02	6.952004577458520407e-02
1.013512859760782021e+03	2.803940896153871987e-01	1.755075316268621677e-01	2.362542868457020995e-01	1.425408914861231169e-01	6.881454102491574298e-02	2.686021240069811494e-02	6.962844700022224886e-02
1.015931744867609382e+03	2.799765049331166544e-01	1.752317084408497316e-01	2.365509621898130577e-01	1.427189167535333481e-01	6.888809404504996070e-02	2.689724920735612340e-02	6.973656443019188300e-02
1.018350629974437197e+03	2.795601082595594034e-01	1.749566701043559491e-01	2.368467698028200730e-01	1.428964097226636532e-01	6.896144488740166278e-02	2.693419847413157375e-02	6.984439874897846456e-02
1.020769515081264785e+03	2.791448962116891974e-01	1.746824143807698126e-01	2.371417121689581020e-01	1.430733720694453703e-01	6.903459409878254238e-02	2.697106043047698201e-02	6.995195063978874861e-02
1.023188400188092373e+03	2.787308654160957078e-01	1.744089390398912698e-01	2.374357917653790728e-01	1.432498054641835605e-01	6.910754222458249940e-02	2.700783530522691406e-02	7.005922078455174840e-02
1.025607285294920075e+03	2.783180125089582124e-01	1.741362418579116000e-01	2.377290110621722297e-01	1.434257115715773523e-01	6.918028980877331813e-02	2.704452332659961628e-02	7.016620986391854109e-02
1.028026170401747549e+03	2.779063341360196726e-01	1.738643206173937916e-01	2.380213725223840060e-01	1.436010920507403144e-01	6.925283739391237259e-02	2.708112472219865660e-02	7.027291855726212899e-02
1.030445055508575479e+03	2.774958269525604759e-01	1.735931731072534456e-01	2.383128786020382028e-01	1.437759485552206895e-01	6.932518552114623478e-02	2.711763971901453435e-02	7.037934754267739790e-02
1.032863940615402726e+03	2.770864876233724572e-01	1.733227971227392361e-01	2.386035317501559727e-01	1.439502827330216006e-01	6.939733473021436616e-02	2.715406854342631779e-02	7.048549749698097833e-02
1.035282825722230655e+03	2.766783128227330302e-01	1.730531904654139252e-01	2.388933344087757482e-01	1.441240962266210901e-01	6.946928555945267036e-02	2.719041142120326091e-02	7.059136909571124552e-02
1.037701710829058356e+03	2.762712992343788754e-01	1.727843509431352120e-01	2.391822890129729762e-01	1.442973906729921596e-01	6.954103854579715693e-02	2.722666857750640282e-02	7.069696301312820841e-02
1.040120595935886058e+03	2.758654435514801828e-01	1.725162763700367197e-01	2.394703979908801017e-01	1.444701677036227261e-01	6.961259422478750791e-02	2.726284023689020883e-02	7.080227992221357902e-02
1.042539481042713533e+03	2.754607424766144508e-01	1.722489645665093161e-01	2.397576637637062746e-01	1.446424289445354394e-01	6.968395313057067220e-02	2.729892662330414901e-02	7.090732049467075859e-02
1.044958366149541234e+03	2.750571927217408397e-01	1.719824133591820459e-01	2.400440887457570005e-01	1.448141760163075553e-01	6.975511579590444600e-02	2.733492796009431847e-02	7.101208540092487920e-02
1.047377251256368709e+03	2.746547910081740818e-01	1.717166205809037283e-01	2.403296753444538747e-01	1.449854105340905586e-01	6.982608275216097005e-02	2.737084447000502629e-02	7.111657531012287314e-02
1.049796136363196410e+03	2.742535340665587240e-01	1.714515840707240835e-01	2.406144259603541224e-01	1.451561341076298417e-01	6.989685452933035170e-02	2.740667637518040198e-02	7.122079089013355624e-02
1.052215021470024112e+03	2.738534186368433154e-01	1.711873016738754139e-01	2.408983429871701942e-01	1.453263483412843005e-01	6.996743165602413439e-02	2.744242389716598438e-02	7.132473280754772493e-02
1.054633906576851814e+03	2.734544414682545943e-01	1.709237712417540911e-01	2.411814288117892224e-01	1.454960548340457627e-01	7.003781465947882257e-02	2.747808725691029685e-02	7.142840172767828122e-02
1.057052791683679516e+03	2.730565993192717866e-01	1.706609906319022651e-01	2.414636858142923670e-01	1.456652551795584449e-01	7.010800406555933728e-02	2.751366667476645017e-02	7.153179831456044080e-02
1.059471676790506763e+03	2.726598889576007378e-01	1.703989577079894624e-01	2.417451163679744386e-01	1.458339509661382705e-01	7.017800039876261053e-02	2.754916237049371067e-02	7.163492323095184411e-02
1.061890561897334692e+03	2.722643071601485998e-01	1.701376703397946000e-01	2.420257228393629112e-01	1.460021437767921315e-01	7.024780418222094369e-02	2.758457456325908580e-02	7.173777713833275060e-02
1.064309447004162394e+03	2.718698507129979069e-01	1.698771264031877781e-01	2.423055075882374620e-01	1.461698351892371239e-01	7.031741593770553245e-02	2.761990347163888193e-02	7.184036069690633020e-02
1.066728332110990095e+03	2.714765164113811524e-01	1.696173237801122113e-01	2.425844729676490674e-01	1.463370267759195875e-01	7.038683618562988076e-02	2.765514931362028639e-02	7.194267456559881591e-02
1.069147217217817570e+03	2.710843010596553082e-01	1.693582603585663537e-01	2.428626213239390985e-01	1.465037201040342296e-01	7.045606544505328417e-02	2.769031230660293566e-02	7.204471940205979530e-02
1.071566102324645271e+03	2.706932014712761236e-01	1.690999340325860245e-01	2.431399549967586116e-01	1.466699167355430822e-01	7.052510423368420212e-02	2.772539266740045930e-02	7.214649586266248804e-02
1.073984987431472746e+03	2.703032144687731453e-01	1.688423427022265333e-01	2.434164763190872494e-01	1.468356182271942922e-01	7.059395306788367186e-02	2.776039061224204810e-02	7.224800460250406509e-02
1.076403872538300675e+03	2.699143368837239043e-01	1.685854842735450831e-01	2.436921876172523094e-01	1.470008261305411068e-01	7.066261246266872242e-02	2.779530635677401190e-02	7.234924627540592623e-02
1.078822757645127922e+03	2.695265655567286034e-01	1.683293566585830348e-01	2.439670912109477008e-01	1.471655419919605523e-01	7.073108293171577465e-02	2.783014011606131655e-02	7.245022153391407482e-02
1.081241642751955851e+03	2.691398973373853587e-01	1.680739577753483094e-01	2.442411894132527628e-01	1.473297673526720863e-01	7.079936498736399964e-02	2.786489210458914165e-02	7.255093102929945081e-02
1.083660527858783553e+03	2.687543290842642763e-01	1.678192855477979861e-01	2.445144845306511938e-01	1.474935037487562217e-01	7.086745914061866325e-02	2.789956253626441410e-02	7.265137541155834711e-02
1.086079412965611255e+03	2.683698576648827494e-01	1.675653379058206771e-01	2.447869788630498700e-01	1.476567527111731781e-01	7.093536590115452622e-02	2.793415162441734850e-02	7.275155532941272873e-02
1.088498298072438729e+03	2.679864799556802013e-01	1.673121127852193746e-01	2.450586747037975244e-01	1.478195157657811176e-01	7.100308577731911930e-02	2.796865958180298414e-02	7.285147143031074635e-02
1.090917183179266431e+03	2.676041928419931049e-01	1.670596081276939648e-01	2.453295743397033157e-01	1.479817944333547408e-01	7.107061927613614327e-02	2.800308662060271847e-02	7.295112436042709703e-02
1.093336068286093905e+03	2.672229932180297807e-01	1.668078218808240754e-01	2.455996800510557021e-01	1.481435902296035778e-01	7.113796690330870254e-02	2.803743295242581979e-02	7.305051476466348226e-02
1.095754953392921607e+03	2.668428779868454725e-01	1.665567519980518940e-01	2.458689941116408151e-01	1.483049046651901404e-01	7.120512916322266350e-02	2.807169878831096421e-02	7.314964328664916304e-02
1.098173838499749309e+03	2.664638440603177560e-01	1.663063964386649884e-01	2.461375187887611393e-01	1.484657392457482128e-01	7.127210655894994362e-02	2.810588433872774836e-02	7.324851056874130684e-02
1.100592723606577010e+03	2.660858883591212809e-01	1.660567531677794306e-01	2.464052563432538590e-01	1.486260954719008931e-01	7.133889959225182820e-02	2.813998981357820547e-02	7.334711725202562593e-02
1.103011608713404712e+03	2.657090078127032351e-01	1.658078201563225884e-01	2.466722090295093428e-01	1.487859748392786896e-01	7.140550876358219001e-02	2.817401542219832161e-02	7.344546397631680767e-02
1.105430493820231959e+03	2.653331993592584759e-01	1.655595953810163612e-01	2.469383790954895186e-01	1.489453788385374233e-01	7.147193457209073675e-02	2.820796137335953094e-02	7.354355138015911120e-02
1.107849378927059888e+03	2.649584599457049383e-01	1.653120768243602767e-01	2.472037687827462471e-01	1.491043089553762413e-01	7.153817751562632776e-02	2.824182787527023536e-02	7.364138010082689478e-02
1.110268264033887590e+03	2.645847865276590438e-01	1.650652624746146990e-01	2.474683803264393911e-01	1.492627666705553524e-01	7.160423809074017987e-02	2.827561513557729292e-02	7.373895077432524037e-02
1.112687149140715292e+03	2.642121760694109978e-01	1.648191503257840085e-01	2.477322159553552727e-01	1.494207534599138187e-01	7.167011679268908697e-02	2.830932336136752353e-02	7.383626403539046701e-02
1.115106034247542766e+03	2.638406255439005310e-01	1.645737383776000873e-01	2.479952778919246037e-01	1.495782707943872636e-01	7.173581411543868136e-02	2.834295275916919737e-02	7.393332051749082479e-02
1.117524919354370468e+03	2.634701319326921420e-01	1.643290246355055273e-01	2.482575683522408594e-01	1.497353201400255240e-01	7.180133055166661171e-02	2.837650353495351288e-02	7.403012085282704990e-02
1.119943804461197942e+03	2.631006922259508940e-01	1.640850071106371710e-01	2.485190895460780980e-01	1.498919029580101925e-01	7.186666659276574887e-02	2.840997589413610594e-02	7.412666567233303083e-02
1.122362689568025871e+03	2.627323034224181564e-01	1.638416838198095693e-01	2.487798436769091126e-01	1.500480207046720471e-01	7.193182272884737771e-02	2.844337004157851054e-02	7.422295560567648831e-02
1.124781574674853118e+03	2.623649625293872356e-01	1.635990527854985221e-01	2.490398329419233059e-01	1.502036748315085934e-01	7.199679944874437520e-02	2.847668618158964368e-02	7.431899128125964149e-02
1.127200459781681047e+03	2.619986665626791167e-01	1.633571120358247031e-01	2.492990595320447034e-01	1.503588667852013283e-01	7.206159724001438838e-02	2.850992451792728338e-02	7.441477332621986018e-02
1.129619344888508749e+03	2.616334125466183713e-01	1.631158596045373388e-01	2.495575256319496615e-01	1.505135980076330871e-01	7.212621658894301235e-02	2.854308525379952929e-02	7.451030236643040039e-02
1.132038229995336451e+03	2.612691975140091216e-01	1.628752935309978889e-01	2.498152334200848534e-01	1.506678699359051965e-01	7.219065798054688510e-02	2.857616859186629110e-02	7.460557902650112594e-02
1.134457115102163925e+03	2.609060185061110038e-01	1.626354118601638366e-01	2.500721850686848380e-01	1.508216840023547667e-01	7.225492189857690706e-02	2.860917473424071794e-02	7.470060392977925789e-02
1.136876000208991627e+03	2.605438725726152427e-01	1.623962126425725627e-01	2.503283827437899345e-01	1.509750416345715940e-01	7.231900882552132204e-02	2.864210388249068678e-02	7.479537769835008232e-02
1.139294885315819101e+03	2.601827567716205047e-01	1.621576939343250812e-01	2.505838286052636810e-01	1.511279442554153418e-01	7.238291924260883969e-02	2.867495623764024226e-02	7.488990095303772743e-02
1.141713770422646803e+03	2.598226681696094165e-01	1.619198537970701623e-01	2.508385248068106810e-01	1.512803932830324161e-01	7.244665362981175805e-02	2.870773200017105731e-02	7.498417431340599626e-02
1.144132655529474505e+03	2.594636038414244728e-01	1.616826902979882075e-01	2.510924734959939508e-01	1.514323901308729237e-01	7.251021246584909985e-02	2.874043137002387643e-02	7.507819839775907445e-02
1.146551540636302207e+03	2.591055608702443336e-01	1.614462015097752334e-01	2.513456768142525166e-01	1.515839362077074093e-01	7.257359622818969347e-02	2.877305454659995904e-02	7.517197382314241838e-02
1.148970425743129908e+03	2.587485363475605649e-01	1.612103855106271355e-01	2.515981368969189003e-01	1.517350329176437307e-01	7.263680539305519823e-02	2.880560172876253308e-02	7.526550120534350463e-02
1.151389310849957155e+03	2.583925273731534911e-01	1.609752403842237278e-01	2.518498558732364390e-01	1.518856816601436288e-01	7.269984043542329633e-02	2.883807311483820718e-02	7.535878115889273199e-02
1.153808195956785084e+03	2.580375310550690471e-01	1.607407642197128950e-01	2.521008358663767157e-01	1.520358838300395199e-01	7.276270182903064876e-02	2.887046890261843468e-02	7.545181429706425413e-02
1.156227081063612786e+03	2.576835445095951860e-01	1.605069551116949655e-01	2.523510789934568233e-01	1.521856408175508435e-01	7.282539004637603175e-02	2.890278928936091882e-02	7.554460123187681231e-02
1.158645966170440488e+03	2.573305648612383423e-01	1.602738111602067805e-01	2.526005873655566281e-01	1.523349540083007991e-01	7.288790555872338983e-02	2.893503447179104904e-02	7.563714257409465125e-02
1.161064851277267962e+03	2.569785892427001728e-01	1.600413304707063167e-01	2.528493630877359788e-01	1.524838247833326665e-01	7.295024883610479183e-02	2.896720464610333390e-02	7.572943893322836573e-02
1.163483736384095664e+03	2.566276147948543529e-01	1.598095111540569213e-01	2.530974082590518592e-01	1.526322545191261537e-01	7.301242034732358110e-02	2.899930000796279925e-02	7.582149091753587200e-02
1.165902621490923138e+03	2.562776386667233175e-01	1.595783513265118247e-01	2.533447249725755968e-01	1.527802445876138282e-01	7.307442055995733154e-02	2.903132075250641764e-02	7.591329913402326823e-02
1.168321506597751068e+03	2.559286580154549462e-01	1.593478491096984861e-01	2.535913153154097377e-01	1.529277963561972431e-01	7.313624994036087290e-02	2.906326707434452039e-02	7.600486418844577818e-02
1.170740391704578315e+03	2.555806700062996373e-01	1.591180026306033557e-01	2.538371813687052558e-01	1.530749111877631741e-01	7.319790895366933003e-02	2.909513916756220619e-02	7.609618668530869490e-02
1.173159276811406244e+03	2.552336718125871595e-01	1.588888100215563037e-01	2.540823252076782612e-01	1.532215904406997731e-01	7.325939806380110664e-02	2.912693722572073582e-02	7.618726722786835215e-02
1.175578161918233945e+03	2.548876606157037261e-01	1.586602694202152997e-01	2.543267489016272642e-01	1.533678354689126111e-01	7.332071773346082733e-02	2.915866144185895112e-02	7.627810641813308201e-02
1.177997047025061647e+03	2.545426336050689575e-01	1.584323789695512019e-01	2.545704545139496622e-01	1.535136476218406376e-01	7.338186842414243238e-02	2.919031200849464547e-02	7.636870485686418630e-02
1.180415932131889122e+03	2.541985879781131774e-01	1.582051368178322981e-01	2.548134441021590035e-01	1.536590282444721955e-01	7.344285059613207822e-02	2.922188911762599317e-02	7.645906314357693578e-02
1.182834817238716823e+03	2.538555209402546531e-01	1.579785411186092892e-01	2.550557197179013635e-01	1.538039786773608142e-01	7.350366470851109335e-02	2.925339296073291295e-02	7.654918187654161099e-02
1.185253702345544298e+03	2.535134297048766139e-01	1.577525900306998852e-01	2.552972834069721642e-01	1.539485002566410854e-01	7.356431121915901761e-02	2.928482372877846615e-02	7.663906165278441818e-02
1.187672587452371999e+03	2.531723114933048802e-01	1.575272817181739837e-01	2.555381372093331049e-01	1.540925943140444287e-01	7.362479058475646099e-02	2.931618161221023755e-02	7.672870306808865504e-02
1.190091472559199701e+03	2.528321635347849372e-01	1.573026143503382934e-01	2.557782831591283168e-01	1.542362621769147457e-01	7.368510326078811512e-02	2.934746680096172317e-02	7.681810671699559889e-02
1.192510357666027403e+03	2.524929830664596753e-01	1.570785861017214569e-01	2.560177232847015150e-01	1.543795051682240460e-01	7.374524970154565373e-02	2.937867948445368332e-02	7.690727319280571406e-02
1.194929242772855105e+03	2.521547673333467410e-01	1.568551951520590626e-01	2.562564596086119861e-01	1.545223246065880462e-01	7.380523036013071636e-02	2.940981985159554779e-02	7.699620308757960940e-02
1.197348127879682352e+03	2.518175135883161664e-01	1.566324396862786850e-01	2.564944941476515194e-01	1.546647218062816576e-01	7.386504568845775331e-02	2.944088809078676539e-02	7.708489699213912083e-02
1.199767012986510281e+03	2.514812190920679980e-01	1.564103178944850348e-01	2.567318289128606712e-01	1.548066980772544454e-01	7.392469613725696775e-02	2.947188438991817094e-02	7.717335549606846312e-02
1.202185898093337983e+03	2.511458811131099811e-01	1.561888279719449435e-01	2.569684659095449186e-01	1.549482547251460895e-01	7.398418215607728554e-02	2.950280893637335228e-02	7.726157918771525690e-02
1.204604783200165684e+03	2.508114969277353001e-01	1.559679681190727085e-01	2.572044071372914797e-01	1.550893930513015662e-01	7.404350419328915855e-02	2.953366191703001367e-02	7.734956865419166661e-02
1.207023668306993159e+03	2.504780638200003740e-01	1.557477365414153825e-01	2.574396545899851896e-01	1.552301143527865801e-01	7.410266269608752066e-02	2.956444351826131856e-02	7.743732448137548297e-02
1.209442553413820860e+03	2.501455790817029845e-01	1.555281314496378686e-01	2.576742102558250980e-01	1.553704199224026639e-01	7.416165811049466039e-02	2.959515392593725994e-02	7.752484725391130260e-02
1.211861438520648335e+03	2.498140400123597948e-01	1.553091510595084601e-01	2.579080761173404568e-01	1.555103110487024154e-01	7.422049088136305206e-02	2.962579332542598920e-02	7.761213755521165214e-02
1.214280323627476264e+03	2.494834439191847553e-01	1.550907935918839908e-01	2.581412541514069292e-01	1.556497890160045972e-01	7.427916145237832557e-02	2.965636190159516919e-02	7.769919596745812618e-02
1.216699208734303511e+03	2.491537881170668711e-01	1.548730572726954580e-01	2.583737463292626879e-01	1.557888551044090408e-01	7.433767026606200035e-02	2.968685983881332383e-02	7.778602307160253915e-02
1.219118093841131440e+03	2.488250699285484979e-01	1.546559403329333116e-01	2.586055546165245689e-01	1.559275105898117741e-01	7.439601776377444131e-02	2.971728732095115996e-02	7.787261944736810493e-02
1.221536978947959142e+03	2.484972866838035810e-01	1.544394410086331326e-01	2.588366809732040585e-01	1.560657567439198701e-01	7.445420438571768995e-02	2.974764453138292741e-02	7.795898567325063033e-02
1.223955864054786844e+03	2.481704357206156175e-01	1.542235575408610337e-01	2.590671273537232255e-01	1.562035948342663516e-01	7.451223057093823987e-02	2.977793165298772693e-02	7.804512232651969472e-02
1.226374749161614318e+03	2.478445143843563125e-01	1.540082881756993094e-01	2.592968957069307079e-01	1.563410261242250410e-01	7.457009675732996501e-02	2.980814886815084247e-02	7.813102998321981574e-02
1.228793634268442020e+03	2.475195200279636798e-01	1.537936311642320308e-01	2.595259879761174227e-01	1.564780518730251313e-01	7.462780338163686744e-02	2.983829635876508041e-02	7.821670921817172606e-02
1.231212519375269494e+03	2.471954500119206699e-01	1.535795847625308075e-01	2.597544060990328862e-01	1.566146733357660914e-01	7.468535087945596396e-02	2.986837430623207057e-02	7.830216060497352526e-02
1.233631404482097196e+03	2.468723017042334655e-01	1.533661472316403818e-01	2.599821520079003689e-01	1.567508917634321819e-01	7.474273968524004774e-02	2.989838289146359851e-02	7.838738471600197044e-02
1.236050289588924898e+03	2.465500724804102206e-01	1.531533168375645015e-01	2.602092276294331041e-01	1.568867084029070824e-01	7.479997023230050557e-02	2.992832229488291695e-02	7.847238212241364197e-02
1.238469174695752372e+03	2.462287597234395220e-01	1.529410918512516537e-01	2.604356348848499425e-01	1.570221244969883800e-01	7.485704295281013498e-02	2.995819269642605379e-02	7.855715339414626186e-02
1.240888059802580301e+03	2.459083608237691565e-01	1.527294705485809923e-01	2.606613756898908396e-01	1.571571412844020854e-01	7.491395827780593375e-02	2.998799427554312003e-02	7.864169909991987339e-02
1.243306944909407548e+03	2.455888731792848223e-01	1.525184512103480439e-01	2.608864519548325100e-01	1.572917599998169824e-01	7.497071663719186152e-02	3.001772721119961781e-02	7.872601980723817339e-02
1.245725830016235477e+03	2.452702941952888127e-01	1.523080321222508582e-01	2.611108655845041371e-01	1.574259818738590333e-01	7.502731845974162928e-02	3.004739168187773798e-02	7.881011608238976118e-02
1.248144715123063179e+03	2.449526212844790607e-01	1.520982115748758523e-01	2.613346184783028048e-01	1.575598081331256728e-01	7.508376417310150264e-02	3.007698786557766457e-02	7.889398849044940154e-02
1.250563600229890881e+03	2.446358518669278503e-01	1.518889878636837387e-01	2.615577125302090411e-01	1.576932400002000467e-01	7.514005420379302191e-02	3.010651593981885851e-02	7.897763759527937077e-02
1.252982485336718355e+03	2.443199833700609169e-01	1.516803592889958419e-01	2.617801496288021390e-01	1.578262786936651674e-01	7.519618897721577766e-02	3.013597608164135522e-02	7.906106395953066412e-02
1.255401370443546057e+03	2.440050132286364359e-01	1.514723241559799150e-01	2.620019316572756440e-01	1.579589254281181798e-01	7.525216891765018623e-02	3.016536846760705173e-02	7.914426814464439741e-02
1.257820255550373531e+03	2.436909388847240399e-01	1.512648807746364843e-01	2.622230604934527309e-01	1.580911814141842675e-01	7.530799444826019595e-02	3.019469327380099044e-02	7.922725071085306991e-02
1.260239140657201460e+03	2.433777577876841403e-01	1.510580274597848327e-01	2.624435380098014692e-01	1.582230478585307798e-01	7.536366599109603492e-02	3.022395067583264275e-02	7.931001221718188277e-02
1.262658025764028707e+03	2.430654673941468613e-01	1.508517625310493160e-01	2.626633660734500886e-01	1.583545259638812208e-01	7.541918396709698658e-02	3.025314084883718238e-02	7.939255322145012672e-02
1.265076910870856636e+03	2.427540651679915840e-01	1.506460843128457072e-01	2.628825465462021893e-01	1.584856169290290995e-01	7.547454879609405420e-02	3.028226396747675866e-02	7.947487428027245893e-02
1.267495795977684338e+03	2.424435485803260459e-01	1.504409911343672634e-01	2.631010812845518965e-01	1.586163219488518628e-01	7.552976089681273653e-02	3.031132020594177676e-02	7.955697594906027681e-02
1.269914681084511813e+03	2.421339151094659137e-01	1.502364813295712642e-01	2.633189721396991811e-01	1.587466422143246902e-01	7.558482068687567834e-02	3.034030973795215705e-02	7.963885878202309199e-02
1.272333566191339514e+03	2.418251622409140211e-01	1.500325532371653003e-01	2.635362209575645709e-01	1.588765789125342331e-01	7.563972858280541833e-02	3.036923273675860499e-02	7.972052333216986253e-02
1.274752451298167216e+03	2.415172874673400527e-01	1.498292052005936736e-01	2.637528295788046373e-01	1.590061332266923255e-01	7.569448500002709523e-02	3.039808937514387049e-02	7.980197015131039462e-02
1.277171336404994690e+03	2.412102882885599209e-01	1.496264355680239355e-01	2.639687998388267620e-01	1.591353063361496400e-01	7.574909035287114012e-02	3.042687982542400388e-02	7.988319979005670257e-02
1.279590221511822392e+03	2.409041622115155046e-01	1.494242426923332590e-01	2.641841335678040137e-01	1.592640994164093160e-01	7.580354505457596870e-02	3.045560425944961527e-02	7.996421279782439662e-02
1.282009106618650094e+03	2.405989067502543322e-01	1.492226249310950881e-01	2.643988325906903580e-01	1.593925136391405317e-01	7.585784951729057646e-02	3.048426284860711669e-02	8.004500972283409843e-02
1.284427991725477568e+03	2.402945194259092088e-01	1.490215806465656212e-01	2.646128987272352018e-01	1.595205501721918828e-01	7.591200415207734198e-02	3.051285576381998835e-02	8.012559111211278728e-02
1.286846876832305497e+03	2.399909977666780936e-01	1.488211082056704881e-01	2.648263337919985472e-01	1.596482101796049824e-01	7.596600936891464984e-02	3.054138317555000690e-02	8.020595751149528496e-02
1.289265761939132744e+03	2.396883393078037827e-01	1.486212059799913721e-01	2.650391395943655359e-01	1.597754948216277004e-01	7.601986557669951350e-02	3.056984525379850132e-02	8.028610946562562967e-02
1.291684647045960673e+03	2.393865415915540362e-01	1.484218723457526867e-01	2.652513179385613262e-01	1.599024052547276531e-01	7.607357318325025375e-02	3.059824216810757419e-02	8.036604751795847768e-02
1.294103532152788375e+03	2.390856021672013998e-01	1.482231056838083094e-01	2.654628706236658031e-01	1.600289426316054420e-01	7.612713259530919097e-02	3.062657408756135069e-02	8.044577221076056051e-02
1.296522417259616077e+03	2.387855185910032207e-01	1.480249043796283415e-01	2.656737994436280670e-01	1.601551081012077826e-01	7.618054421854524028e-02	3.065484118078721024e-02	8.052528408511215596e-02
1.298941302366443551e+03	2.384862884261817195e-01	1.478272668232859521e-01	2.658841061872814771e-01	1.602809028087408827e-01	7.623380845755654833e-02	3.068304361595701468e-02	8.060458368090846204e-02
1.301360187473271253e+03	2.381879092429041722e-01	1.476301914094441670e-01	2.660937926383576957e-01	1.604063278956834593e-01	7.628692571587318560e-02	3.071118156078832956e-02	8.068367153686108184e-02
1.303779072580098727e+03	2.378903786182630653e-01	1.474336765373428226e-01	2.663028605755015654e-01	1.605313844997998673e-01	7.633989639595969989e-02	3.073925518254564879e-02	8.076254819049948075e-02
1.306197957686926657e+03	2.375936941362562504e-01	1.472377206107853831e-01	2.665113117722855973e-01	1.606560737551530893e-01	7.639272089921778086e-02	3.076726464804161940e-02	8.084121417817244359e-02
1.308616842793753904e+03	2.372978533877673768e-01	1.470423220381259777e-01	2.667191479972244039e-01	1.607803967921178079e-01	7.644539962598885519e-02	3.079521012363825583e-02	8.091967003504954570e-02
1.311035727900581833e+03	2.370028539705461568e-01	1.468474792322563560e-01	2.669263710137889101e-01	1.609043547373933125e-01	7.649793297555668170e-02	3.082309177524814731e-02	8.099791629512263780e-02
1.313454613007409534e+03	2.367086934891887984e-01	1.466531906105929817e-01	2.671329825804210634e-01	1.610279487140163501e-01	7.655032134615001593e-02	3.085090976833567908e-02	8.107595349120731709e-02
1.315873498114237009e+03	2.364153695551184653e-01	1.464594545950639870e-01	2.673389844505479340e-01	1.611511798413739482e-01	7.660256513494513586e-02	3.087866426791822591e-02	8.115378215494442604e-02
1.318292383221064711e+03	2.361228797865658202e-01	1.462662696120964334e-01	2.675443783725962033e-01	1.612740492352163213e-01	7.665466473806847869e-02	3.090635543856736986e-02	8.123140281680150954e-02
1.320711268327892412e+03	2.358312218085495404e-01	1.460736340926032939e-01	2.677491660900060966e-01	1.613965580076695272e-01	7.670662055059918050e-02	3.093398344441009376e-02	8.130881600607439696e-02
1.323130153434719887e+03	2.355403932528570554e-01	1.458815464719707133e-01	2.679533493412459833e-01	1.615187072672481516e-01	7.675843296657171300e-02	3.096154844912997472e-02	8.138602225088860387e-02
1.325549038541547588e+03	2.352503917580250070e-01	1.456900051900452686e-01	2.681569298598261986e-01	1.616404981188679923e-01	7.681010237897840931e-02	3.098905061596838803e-02	8.146302207820091401e-02
1.327967923648375290e+03	2.349612149693202923e-01	1.454990086911211733e-01	2.683599093743135322e-01	1.617619316638586047e-01	7.686162917977204523e-02	3.101649010772570061e-02	8.153981601380087818e-02
1.330386808755202765e+03	2.346728605387206068e-01	1.453085554239274824e-01	2.685622896083449951e-01	1.618830089999759581e-01	7.691301375986842048e-02	3.104386708676244722e-02	8.161640458231234074e-02
1.332805693862030694e+03	2.343853261248954600e-01	1.451186438416156299e-01	2.687640722806419746e-01	1.620037312214147596e-01	7.696425650914889838e-02	3.107118171500052387e-02	8.169278830719495232e-02
1.335224578968857941e+03	2.340986093931869960e-01	1.449292724017466893e-01	2.689652591050245012e-01	1.621240994188210549e-01	7.701535781646293155e-02	3.109843415392436750e-02	8.176896771074576575e-02
1.337643464075685870e+03	2.338127080155909254e-01	1.447404395662786336e-01	2.691658517904246262e-01	1.622441146793046074e-01	7.706631806963065712e-02	3.112562456458213556e-02	8.184494331410069323e-02
1.340062349182513572e+03	2.335276196707376517e-01	1.445521438015540394e-01	2.693658520409010215e-01	1.623637780864512214e-01	7.711713765544540855e-02	3.115275310758688562e-02	8.192071563723606065e-02
1.342481234289341273e+03	2.332433420438732308e-01	1.443643835782873475e-01	2.695652615556525245e-01	1.624830907203350383e-01	7.716781695967622756e-02	3.117981994311774460e-02	8.199628519897024514e-02
1.344900119396168748e+03	2.329598728268404972e-01	1.441771573715524835e-01	2.697640820290319041e-01	1.626020536575308317e-01	7.721835636707044537e-02	3.120682523092108140e-02	8.207165251696516006e-02
1.347319004502996449e+03	2.326772097180603294e-01	1.439904636607703681e-01	2.699623151505598506e-01	1.627206679711262205e-01	7.726875626135616681e-02	3.123376913031166921e-02	8.214681810772778148e-02
1.349737889609823924e+03	2.323953504225127475e-01	1.438043009296965102e-01	2.701599626049387970e-01	1.628389347307338808e-01	7.731901702524478226e-02	3.126065180017385814e-02	8.222178248661179967e-02
1.352156774716651853e+03	2.321142926517183180e-01	1.436186676664086281e-01	2.703570260720665752e-01	1.629568550025035090e-01	7.736913904043346557e-02	3.128747339896272017e-02	8.229654616781914567e-02
1.354575659823479100e+03	2.318340341237194180e-01	1.434335623632942702e-01	2.705535072270499608e-01	1.630744298491341449e-01	7.741912268760776927e-02	3.131423408470523917e-02	8.237110966440158721e-02
1.356994544930307029e+03	2.315545725630616669e-01	1.432489835170385195e-01	2.707494077402184951e-01	1.631916603298859958e-01	7.746896834644398377e-02	3.134093401500141762e-02	8.244547348826224142e-02
1.359413430037134731e+03	2.312759057007753027e-01	1.430649296286117811e-01	2.709447292771381965e-01	1.633085475005924825e-01	7.751867639561174639e-02	3.136757334702548056e-02	8.251963815015730952e-02
1.361832315143962205e+03	2.309980312743567521e-01	1.428813992032574032e-01	2.711394734986248833e-01	1.634250924136722849e-01	7.756824721277648382e-02	3.139415223752697881e-02	8.259360415969749236e-02
1.364251200250789907e+03	2.307209470277501451e-01	1.426983907504796589e-01	2.713336420607578847e-01	1.635412961181410552e-01	7.761768117460191019e-02	3.142067084283196865e-02	8.266737202534968354e-02
1.366670085357617609e+03	2.304446507113288856e-01	1.425159027840314230e-01	2.715272366148935301e-01	1.636571596596233802e-01	7.766697865675245560e-02	3.144712931884414281e-02	8.274094225443856532e-02
1.369088970464445310e+03	2.301691400818773603e-01	1.423339338219020422e-01	2.717202588076784164e-01	1.637726840803645501e-01	7.771614003389580583e-02	3.147352782104595459e-02	8.281431535314821846e-02
1.371507855571272785e+03	2.298944129025725924e-01	1.421524823863054010e-01	2.719127102810632302e-01	1.638878704192423541e-01	7.776516567970533089e-02	3.149986650449978359e-02	8.288749182652369041e-02
1.373926740678100487e+03	2.296204669429660061e-01	1.419715470036675975e-01	2.721045926723157371e-01	1.640027197117787938e-01	7.781405596686255532e-02	3.152614552384904595e-02	8.296047217847264676e-02
1.376345625784927961e+03	2.293472999789652744e-01	1.417911262046151755e-01	2.722959076140344381e-01	1.641172329901516569e-01	7.786281126705961453e-02	3.155236503331933923e-02	8.303325691176693946e-02
1.378764510891755890e+03	2.290749097928161393e-01	1.416112185239629118e-01	2.724866567341615586e-01	1.642314112832062023e-01	7.791143195100168339e-02	3.157852518671957348e-02	8.310584652804431371e-02
1.381183395998583137e+03	2.288032941730844261e-01	1.414318225007020202e-01	2.726768416559965380e-01	1.643452556164668732e-01	7.795991838840947430e-02	3.160462613744308841e-02	8.317824152780996239e-02
1.383602281105411066e+03	2.285324509146378080e-01	1.412529366779881335e-01	2.728664639982093520e-01	1.644587670121486211e-01	7.800827094802162409e-02	3.163066803846875663e-02	8.325044241043817739e-02
1.386021166212238768e+03	2.282623778186279595e-01	1.410745596031293958e-01	2.730555253748533917e-01	1.645719464891684802e-01	7.805648999759715045e-02	3.165665104236215638e-02	8.332244967417395953e-02
1.388440051319066470e+03	2.279930726924726814e-01	1.408966898275746671e-01	2.732440273953788967e-01	1.646847950631570578e-01	7.810457590391786664e-02	3.168257530127661925e-02	8.339426381613473938e-02
1.390858936425893944e+03	2.277245333498378599e-01	1.407193259069016988e-01	2.734319716646459453e-01	1.647973137464699145e-01	7.815252903279081009e-02	3.170844096695440983e-02	8.346588533231191764e-02
1.393277821532721646e+03	2.274567576106197309e-01	1.405424664008053104e-01	2.736193597829376101e-01	1.649095035481988880e-01	7.820034974905069880e-02	3.173424819072779429e-02	8.353731471757258609e-02
1.395696706639549120e+03	2.271897433009271716e-01	1.403661098730855927e-01	2.738061933459728370e-01	1.650213654741834457e-01	7.824803841656227665e-02	3.175999712352014365e-02	8.360855246566112342e-02
1.398115591746377049e+03	2.269234882530637709e-01	1.401902548916362790e-01	2.739924739449197677e-01	1.651329005270220640e-01	7.829559539822275593e-02	3.178568791584708564e-02	8.367959906920090229e-02
1.400534476853204296e+03	2.266579903055103151e-01	1.400149000284329481e-01	2.741782031664083963e-01	1.652441097060832198e-01	7.834302105596423205e-02	3.181132071781753862e-02	8.375045501969591299e-02
1.402953361960032225e+03	2.263932473029071635e-01	1.398400438595215067e-01	2.743633825925437253e-01	1.653549940075167979e-01	7.839031575075605662e-02	3.183689567913487034e-02	8.382112080753240102e-02
1.405372247066859927e+03	2.261292570960365400e-01	1.396656849650064203e-01	2.745480138009185889e-01	1.654655544242651932e-01	7.843747984260725226e-02	3.186241294909797350e-02	8.389159692198060181e-02
1.407791132173687402e+03	2.258660175418051308e-01	1.394918219290392225e-01	2.747320983646263648e-01	1.655757919460743299e-01	7.848451369056885785e-02	3.188787267660234820e-02	8.396188385119636444e-02
1.410210017280515103e+03	2.256035265032265702e-01	1.393184533398069136e-01	2.749156378522739086e-01	1.656857075595048190e-01	7.853141765273634334e-02	3.191327501014119827e-02	8.403198208222281695e-02
1.412628902387342805e+03	2.253417818494040381e-01	1.391455777895204693e-01	2.750986338279945986e-01	1.657953022479429495e-01	7.857819208625199670e-02	3.193862009780652766e-02	8.410189210099205948e-02
1.415047787494170507e+03	2.250807814555127739e-01	1.389731938744033779e-01	2.752810878514606041e-01	1.659045769916116242e-01	7.862483734730725538e-02	3.196390808729021593e-02	8.417161439232682951e-02
1.417466672600997981e+03	2.248205232027829237e-01	1.388013001946800662e-01	2.754630014778959302e-01	1.660135327675814065e-01	7.867135379114510718e-02	3.198913912588510766e-02	8.424114943994219507e-02
1.419885557707825683e+03	2.245610049784821094e-01	1.386298953545645751e-01	2.756443762580890189e-01	1.661221705497812895e-01	7.871774177206242173e-02	3.201431336048607412e-02	8.431049772644726159e-02
1.422304442814653157e+03	2.243022246758982208e-01	1.384589779622491801e-01	2.758252137384054059e-01	1.662304913090097147e-01	7.876400164341230969e-02	3.203943093759111654e-02	8.437965973334680958e-02
1.424723327921481086e+03	2.240441801943224009e-01	1.382885466298929555e-01	2.760055154608002104e-01	1.663384960129452306e-01	7.881013375760650974e-02	3.206449200330241389e-02	8.444863594104302928e-02
1.427142213028308333e+03	2.237868694390316993e-01	1.381185999736105063e-01	2.761852829628308470e-01	1.664461856261573447e-01	7.885613846611770617e-02	3.208949670332741921e-02	8.451742682883719993e-02
1.429561098135136262e+03	2.235302903212721404e-01	1.379491366134606989e-01	2.763645177776695716e-01	1.665535611101172098e-01	7.890201611948184646e-02	3.211444518297989353e-02	8.458603287493136891e-02
1.431979983241963964e+03	2.232744407582415713e-01	1.377801551734352814e-01	2.765432214341158601e-01	1.666606234232083927e-01	7.894776706730050053e-02	3.213933758718100914e-02	8.465445455643010042e-02
1.434398868348791666e+03	2.230193186730727861e-01	1.376116542814478094e-01	2.767213954566089540e-01	1.667673735207375330e-01	7.899339165824317832e-02	3.216417406046038346e-02	8.472269234934211302e-02
1.436817753455619140e+03	2.227649219948165393e-01	1.374436325693222938e-01	2.768990413652402394e-01	1.668738123549448338e-01	7.903889024004966124e-02	3.218895474695714770e-02	8.479074672858205597e-02
1.439236638562446842e+03	2.225112486584246985e-01	1.372760886727822371e-01	2.770761606757656259e-01	1.669799408750147485e-01	7.908426315953236141e-02	3.221367979042100843e-02	8.485861816797216073e-02
1.441655523669274316e+03	2.222582966047332853e-01	1.371090212314393098e-01	2.772527548996179814e-01	1.670857600270864440e-01	7.912951076257854210e-02	3.223834933421328847e-02	8.492630714024401728e-02
1.444074408776102018e+03	2.220060637804458781e-01	1.369424288887823027e-01	2.774288255439193440e-01	1.671912707542644316e-01	7.917463339415270474e-02	3.226296352130799544e-02	8.499381411704019784e-02
1.446493293882929493e+03	2.217545481381166805e-01	1.367763102921661089e-01	2.776043741114934127e-01	1.672964739966287806e-01	7.921963139829887868e-02	3.228752249429286264e-02	8.506113956891608874e-02
1.448912178989757422e+03	2.215037476361339797e-01	1.366106640928006488e-01	2.777794021008775927e-01	1.674013706912458044e-01	7.926450511814288336e-02	3.231202639537038290e-02	8.512828396534150022e-02
1.451331064096585123e+03	2.212536602387034090e-01	1.364454889457399622e-01	2.779539110063352636e-01	1.675059617721782190e-01	7.930925489589467359e-02	3.233647536635887026e-02	8.519524777470245669e-02
1.453749949203412370e+03	2.210042839158313788e-01	1.362807835098709952e-01	2.781279023178678811e-01	1.676102481704956071e-01	7.935388107285060166e-02	3.236086954869348692e-02	8.526203146430293145e-02
1.456168834310240300e+03	2.207556166433084777e-01	1.361165464479029141e-01	2.783013775212273555e-01	1.677142308142846872e-01	7.939838398939569331e-02	3.238520908342729099e-02	8.532863550036648426e-02
1.458587719417068001e+03	2.205076564026930974e-01	1.359527764263560312e-01	2.784743380979279870e-01	1.678179106286594724e-01	7.944276398500592362e-02	3.240949411123225654e-02	8.539506034803810708e-02
1.461006604523895703e+03	2.202604011812948070e-01	1.357894721155510076e-01	2.786467855252585668e-01	1.679212885357717344e-01	7.948702139825052082e-02	3.243372477240032831e-02	8.546130647138587555e-02
1.463425489630723177e+03	2.200138489721581159e-01	1.356266321895980287e-01	2.788187212762944789e-01	1.680243654548209120e-01	7.953115656679421441e-02	3.245790120684441393e-02	8.552737433340273920e-02
1.465844374737550879e+03	2.197679977740458757e-01	1.354642553263858407e-01	2.789901468199095791e-01	1.681271423020643807e-01	7.957516982739948341e-02	3.248202355409945258e-02	8.559326439600820069e-02
1.468263259844378354e+03	2.195228455914232657e-01	1.353023402075711479e-01	2.791610636207882967e-01	1.682296199908276391e-01	7.961906151592886005e-02	3.250609195332342799e-02	8.565897712005013376e-02
1.470682144951206283e+03	2.192783904344413337e-01	1.351408855185677327e-01	2.793314731394375694e-01	1.683317994315142174e-01	7.966283196734713634e-02	3.253010654329836077e-02	8.572451296530644860e-02
1.473101030058033530e+03	2.190346303189206756e-01	1.349798899485358250e-01	2.795013768321986669e-01	1.684336815316158087e-01	7.970648151572364004e-02	3.255406746243134919e-02	8.578987239048684044e-02
1.475519915164861459e+03	2.187915632663355592e-01	1.348193521903712500e-01	2.796707761512591262e-01	1.685352671957222048e-01	7.975001049423448285e-02	3.257797484875559618e-02	8.585505585323459365e-02
1.477938800271689161e+03	2.185491873037975485e-01	1.346592709406949639e-01	2.798396725446644639e-01	1.686365573255313721e-01	7.979341923516476698e-02	3.260182883993140157e-02	8.592006381012830263e-02
1.480357685378516862e+03	2.183075004640394889e-01	1.344996448998423133e-01	2.800080674563302230e-01	1.687375528198591657e-01	7.983670806991086111e-02	3.262562957324718904e-02	8.598489671668359258e-02
1.482776570485344337e+03	2.180665007853994919e-01	1.343404727718523761e-01	2.801759623260535736e-01	1.688382545746493490e-01	7.987987732898259308e-02	3.264937718562049146e-02	8.604955502735490980e-02
