1.001418434226643626e+03	2.825044795196243186e-01	1.768802573613002249e-01	2.347647261632010429e-01	1.416438307396727936e-01	6.844610675728290961e-02	2.667077688766919877e-02	6.908982257115836578e-02
1.002869765290740247e+03	2.822501580924042797e-01	1.767123089324053875e-01	2.349454800711324731e-01	1.417523519943706678e-01	6.849088851743233286e-02	2.669321290004660063e-02	6.915559949211712298e-02
1.004321096354836754e+03	2.819962710735710587e-01	1.765446474325624848e-01	2.351259166580112192e-01	1.418606784779997965e-01	6.853559643813858515e-02	2.671561676602806842e-02	6.922127315359764832e-02
1.005772427418933376e+03	2.817428177204636675e-01	1.763772723708113277e-01	2.353060364692382556e-01	1.419688105589842764e-01	6.858023063912367656e-02	2.673798853666975797e-02	6.928684370461789255e-02
1.007223758483029997e+03	2.814897972916872715e-01	1.762101832570376614e-01	2.354858400492810255e-01	1.420767486050035777e-01	6.862479123992340502e-02	2.676032826294461736e-02	6.935231129403131300e-02
1.008675089547126618e+03	2.812372090471113029e-01	1.760433796019716113e-01	2.356653279416749958e-01	1.421844929829941262e-01	6.866927835988763384e-02	2.678263599574250142e-02	6.941767607052679034e-02
1.010126420611223239e+03	2.809850522478671841e-01	1.758768609171860731e-01	2.358445006890251827e-01	1.422920440591509406e-01	6.871369211818061096e-02	2.680491178587032092e-02	6.948293818262862853e-02
1.011577751675319632e+03	2.807333261563467186e-01	1.757106267150952694e-01	2.360233588330079291e-01	1.423994021989292424e-01	6.875803263378117702e-02	2.682715568405217091e-02	6.954809777869648546e-02
1.013029082739416367e+03	2.804820300361995922e-01	1.755446765089530015e-01	2.362019029143722360e-01	1.425065677670461772e-01	6.880230002548315404e-02	2.684936774092945913e-02	6.961315500692541458e-02
1.014480413803512761e+03	2.802311631523315416e-01	1.753790098128512331e-01	2.363801334729415671e-01	1.426135411274822851e-01	6.884649441189555352e-02	2.687154800706104130e-02	6.967811001534578164e-02
1.015931744867609382e+03	2.799807247709025226e-01	1.752136261417185092e-01	2.365580510476153475e-01	1.427203226434831662e-01	6.889061591144288177e-02	2.689369653292335641e-02	6.974296295182325078e-02
1.017383075931706003e+03	2.797307141593242674e-01	1.750485250113183733e-01	2.367356561763705181e-01	1.428269126775611186e-01	6.893466464236543134e-02	2.691581336891055165e-02	6.980771396405881235e-02
1.018834406995802851e+03	2.794811305862585082e-01	1.748837059382478409e-01	2.369129493962631450e-01	1.429333115914966923e-01	6.897864072271955860e-02	2.693789856533462118e-02	6.987236319958869957e-02
1.020285738059899245e+03	2.792319733216149236e-01	1.747191684399359846e-01	2.370899312434299189e-01	1.430395197463403545e-01	6.902254427037797513e-02	2.695995217242553796e-02	6.993691080578440245e-02
1.021737069123995752e+03	2.789832416365490286e-01	1.745549120346421568e-01	2.372666022530898200e-01	1.431455375024140164e-01	6.906637540302999756e-02	2.698197424033138558e-02	7.000135692985265390e-02
1.023188400188092373e+03	2.787349348034603436e-01	1.743909362414546582e-01	2.374429629595456726e-01	1.432513652193126708e-01	6.911013423818186674e-02	2.700396481911848320e-02	7.006570171883538811e-02
1.024639731252188767e+03	2.784870520959900064e-01	1.742272405802891833e-01	2.376190138961856713e-01	1.433570032559059737e-01	6.915382089315699754e-02	2.702592395877151735e-02	7.012994531960975442e-02
1.026091062316285615e+03	2.782395927890189968e-01	1.740638245718872656e-01	2.377947555954849079e-01	1.434624519703397993e-01	6.919743548509629805e-02	2.704785170919368764e-02	7.019408787888806178e-02
1.027542393380382237e+03	2.779925561586661931e-01	1.739006877378148908e-01	2.379701885890070368e-01	1.435677117200378494e-01	6.924097813095840548e-02	2.706974812020682131e-02	7.025812954321783432e-02
1.028993724444478858e+03	2.777459414822860406e-01	1.737378296004607470e-01	2.381453134074058009e-01	1.436727828617032077e-01	6.928444894751999150e-02	2.709161324155150499e-02	7.032207045898172804e-02
1.030445055508575479e+03	2.774997480384668314e-01	1.735752496830349767e-01	2.383201305804264480e-01	1.437776657513200329e-01	6.932784805137602591e-02	2.711344712288722356e-02	7.038591077239753080e-02
1.031896386572671872e+03	2.772539751070284275e-01	1.734129475095675665e-01	2.384946406369075345e-01	1.438823607441548913e-01	6.937117555894005416e-02	2.713524981379248843e-02	7.044965062951820400e-02
1.033347717636768493e+03	2.770086219690202634e-01	1.732509226049068485e-01	2.386688441047822296e-01	1.439868681947585605e-01	6.941443158644446110e-02	2.715702136376496600e-02	7.051329017623184092e-02
1.034799048700865114e+03	2.767636879067196798e-01	1.730891744947180289e-01	2.388427415110799534e-01	1.440911884569674450e-01	6.945761624994079009e-02	2.717876182222159903e-02	7.057682955826163895e-02
1.036250379764961508e+03	2.765191722036294819e-01	1.729277027054818006e-01	2.390163333819280145e-01	1.441953218839052420e-01	6.950072966529996510e-02	2.720047123849875584e-02	7.064026892116591350e-02
1.037701710829058356e+03	2.762750741444758851e-01	1.727665067644927333e-01	2.391896202425530804e-01	1.442992688279844116e-01	6.954377194821260988e-02	2.722214966185234480e-02	7.070360841033812571e-02
1.039153041893154750e+03	2.760313930152070161e-01	1.726055861998578023e-01	2.393626026172826216e-01	1.444030296409077041e-01	6.958674321418928388e-02	2.724379714145794273e-02	7.076684817100682701e-02
1.040604372957251599e+03	2.757881281029903042e-01	1.724449405404950286e-01	2.395352810295466317e-01	1.445066046736698806e-01	6.962964357856078756e-02	2.726541372641093364e-02	7.082998834823564516e-02
1.042055704021347992e+03	2.755452786962108713e-01	1.722845693161319802e-01	2.397076560018789604e-01	1.446099942765590729e-01	6.967247315647841222e-02	2.728699946572663362e-02	7.089302908692336758e-02
1.043507035085444613e+03	2.753028440844692004e-01	1.721244720573042453e-01	2.398797280559190059e-01	1.447131987991583935e-01	6.971523206291421748e-02	2.730855440834041581e-02	7.095597053180384417e-02
1.044958366149541234e+03	2.750608235585794148e-01	1.719646482953540723e-01	2.400514977124131866e-01	1.448162185903475174e-01	6.975792041266129506e-02	2.733007860310784562e-02	7.101881282744604285e-02
1.046409697213637855e+03	2.748192164105669466e-01	1.718050975624288434e-01	2.402229654912164669e-01	1.449190539983041537e-01	6.980053832033406014e-02	2.735157209880480569e-02	7.108155611825404951e-02
1.047861028277734476e+03	2.745780219336670380e-01	1.716458193914796870e-01	2.403941319112938846e-01	1.450217053705055714e-01	6.984308590036850117e-02	2.737303494412762078e-02	7.114420054846705421e-02
1.049312359341831097e+03	2.743372394223221322e-01	1.714868133162599784e-01	2.405649974907220490e-01	1.451241730537302099e-01	6.988556326702245747e-02	2.739446718769319306e-02	7.120674626215933722e-02
1.050763690405927491e+03	2.740968681721802636e-01	1.713280788713239522e-01	2.407355627466906678e-01	1.452264573940591219e-01	6.992797053437588284e-02	2.741586887803912007e-02	7.126919340324033847e-02
1.052215021470024112e+03	2.738569074800929481e-01	1.711696155920252316e-01	2.409058281955040737e-01	1.453285587368775833e-01	6.997030781633112317e-02	2.743724006362383352e-02	7.133154211545457424e-02
1.053666352534120733e+03	2.736173566441130189e-01	1.710114230145154679e-01	2.410757943525828062e-01	1.454304774268764533e-01	7.001257522661319399e-02	2.745858079282672073e-02	7.139379254238170658e-02
1.055117683598217127e+03	2.733782149634930159e-01	1.708535006757428143e-01	2.412454617324649719e-01	1.455322138080538397e-01	7.005477287876998860e-02	2.747989111394825296e-02	7.145594482743655718e-02
1.056569014662313975e+03	2.731394817386826879e-01	1.706958481134505656e-01	2.414148308488079098e-01	1.456337682237165143e-01	7.009690088617263892e-02	2.750117107521011378e-02	7.151799911386909347e-02
1.058020345726410369e+03	2.729011562713273276e-01	1.705384648661757707e-01	2.415839022143895232e-01	1.457351410164815508e-01	7.013895936201568204e-02	2.752242072475531709e-02	7.157995554476440092e-02
1.059471676790506763e+03	2.726632378642658838e-01	1.703813504732476780e-01	2.417526763411099178e-01	1.458363325282776013e-01	7.018094841931740713e-02	2.754364011064834930e-02	7.164181426304276623e-02
1.060923007854603611e+03	2.724257258215285193e-01	1.702245044747865421e-01	2.419211537399929279e-01	1.459373431003466726e-01	7.022286817092006361e-02	2.756482928087528733e-02	7.170357541145964964e-02
1.062374338918700232e+03	2.721886194483350008e-01	1.700679264117019862e-01	2.420893349211875323e-01	1.460381730732453753e-01	7.026471872949016650e-02	2.758598828334391656e-02	7.176523913260569876e-02
1.063825669982796853e+03	2.719519180510926448e-01	1.699116158256918085e-01	2.422572203939692970e-01	1.461388227868465894e-01	7.030650020751870455e-02	2.760711716588387307e-02	7.182680556890676249e-02
1.065277001046893474e+03	2.717156209373942088e-01	1.697555722592404004e-01	2.424248106667420410e-01	1.462392925803408517e-01	7.034821271732145942e-02	2.762821597624676162e-02	7.188827486262393263e-02
1.066728332110990095e+03	2.714797274160160034e-01	1.695997952556174970e-01	2.425921062470391687e-01	1.463395827922378822e-01	7.038985637103929716e-02	2.764928476210628747e-02	7.194964715585354387e-02
1.068179663175086489e+03	2.712442367969158941e-01	1.694442843588766789e-01	2.427591076415252236e-01	1.464396937603680837e-01	7.043143128063829306e-02	2.767032357105836046e-02	7.201092259052714606e-02
1.069630994239183110e+03	2.710091483912312471e-01	1.692890391138540951e-01	2.429258153559974154e-01	1.465396258218840120e-01	7.047293755791012027e-02	2.769133245062125118e-02	7.207210130841157358e-02
1.071082325303279504e+03	2.707744615112770981e-01	1.691340590661669085e-01	2.430922298953870075e-01	1.466393793132617918e-01	7.051437531447229956e-02	2.771231144823570192e-02	7.213318345110897312e-02
1.072533656367376352e+03	2.705401754705440975e-01	1.689793437622120753e-01	2.432583517637608717e-01	1.467389545703026432e-01	7.055574466176836590e-02	2.773326061126503775e-02	7.219416916005680362e-02
1.073984987431472746e+03	2.703062895836964574e-01	1.688248927491649287e-01	2.434241814643228752e-01	1.468383519281343252e-01	7.059704571106824311e-02	2.775417998699531569e-02	7.225505857652782249e-02
1.075436318495569594e+03	2.700728031665700080e-01	1.686707055749777084e-01	2.435897194994155746e-01	1.469375717212126897e-01	7.063827857346842432e-02	2.777506962263542878e-02	7.231585184163016877e-02
1.076887649559666215e+03	2.698397155361704214e-01	1.685167817883783392e-01	2.437549663705213809e-01	1.470366142833230139e-01	7.067944335989229110e-02	2.779592956531725528e-02	7.237654909630734934e-02
1.078338980623762609e+03	2.696070260106710470e-01	1.683631209388689320e-01	2.439199225782642255e-01	1.471354799475815267e-01	7.072054018109029394e-02	2.781675986209575235e-02	7.243715048133828049e-02
1.079790311687859230e+03	2.693747339094109683e-01	1.682097225767244519e-01	2.440845886224110584e-01	1.472341690464369079e-01	7.076156914764028527e-02	2.783756055994910175e-02	7.249765613733731573e-02
1.081241642751955851e+03	2.691428385528931155e-01	1.680565862529914689e-01	2.442489650018732084e-01	1.473326819116715924e-01	7.080253036994772764e-02	2.785833170577883475e-02	7.255806620475420410e-02
1.082692973816052472e+03	2.689113392627822119e-01	1.679037115194866314e-01	2.444130522147078266e-01	1.474310188744034078e-01	7.084342395824598515e-02	2.787907334640993273e-02	7.261838082387421511e-02
1.084144304880149093e+03	2.686802353619028860e-01	1.677510979287953896e-01	2.445768507581194684e-01	1.475291802650868511e-01	7.088425002259654550e-02	2.789978552859097641e-02	7.267860013481811099e-02
1.085595635944245487e+03	2.684495261742377292e-01	1.675987450342706631e-01	2.447403611284615088e-01	1.476271664135146156e-01	7.092500867288929756e-02	2.792046829899425681e-02	7.273872427754217440e-02
1.087046967008342108e+03	2.682192110249252970e-01	1.674466523900314252e-01	2.449035838212374749e-01	1.477249776488190891e-01	7.096570001884280887e-02	2.794112170421590366e-02	7.279875339183827787e-02
1.088498298072438729e+03	2.679892892402582216e-01	1.672948195509614544e-01	2.450665193311026835e-01	1.478226142994735759e-01	7.100632417000447838e-02	2.796174579077599989e-02	7.285868761733385601e-02
1.089949629136535123e+03	2.677597601476810474e-01	1.671432460727079183e-01	2.452291681518656286e-01	1.479200766932940170e-01	7.104688123575095271e-02	2.798234060511871346e-02	7.291852709349197492e-02
1.091400960200631971e+03	2.675306230757886761e-01	1.669919315116800418e-01	2.453915307764893694e-01	1.480173651574401839e-01	7.108737132528822333e-02	2.800290619361241878e-02	7.297827195961135993e-02
1.092852291264728365e+03	2.673018773543241466e-01	1.668408754250477466e-01	2.455536076970929737e-01	1.481144800184172050e-01	7.112779454765200127e-02	2.802344260254981123e-02	7.303792235482640949e-02
1.094303622328825213e+03	2.670735223141766923e-01	1.666900773707404582e-01	2.457153994049531553e-01	1.482114216020769537e-01	7.116815101170785585e-02	2.804394987814803203e-02	7.309747841810725066e-02
1.095754953392921607e+03	2.668455572873798531e-01	1.665395369074455512e-01	2.458769063905053565e-01	1.483081902336195745e-01	7.120844082615156168e-02	2.806442806654880703e-02	7.315694028825975304e-02
1.097206284457018228e+03	2.666179816071095887e-01	1.663892535946071838e-01	2.460381291433455797e-01	1.484047862375946769e-01	7.124866409950932067e-02	2.808487721381854041e-02	7.321630810392557032e-02
1.098657615521114849e+03	2.663907946076823907e-01	1.662392269924249100e-01	2.461990681522315538e-01	1.485012099379029449e-01	7.128882094013799797e-02	2.810529736594845340e-02	7.327558200358219587e-02
1.100108946585211470e+03	2.661639956245531180e-01	1.660894566618524304e-01	2.463597239050842325e-01	1.485974616577975249e-01	7.132891145622535789e-02	2.812568856885470925e-02	7.333476212554297657e-02
1.101560277649308091e+03	2.659375839943134423e-01	1.659399421645961770e-01	2.465200968889893207e-01	1.486935417198853304e-01	7.136893575579038307e-02	2.814605086837851725e-02	7.339384860795715448e-02
1.103011608713404712e+03	2.657115590546895723e-01	1.657906830631140638e-01	2.466801875901985797e-01	1.487894504461284573e-01	7.140889394668345491e-02	2.816638431028627154e-02	7.345284158880992231e-02
1.104462939777501106e+03	2.654859201445404771e-01	1.656416789206140994e-01	2.468399964941313529e-01	1.488851881578457104e-01	7.144878613658661726e-02	2.818668894026966215e-02	7.351174120592243733e-02
1.105914270841597499e+03	2.652606666038559990e-01	1.654929293010531377e-01	2.469995240853758711e-01	1.489807551757138526e-01	7.148861243301382618e-02	2.820696480394579986e-02	7.357054759695187685e-02
1.107365601905694348e+03	2.650357977737548554e-01	1.653444337691356014e-01	2.471587708476908063e-01	1.490761518197691038e-01	7.152837294331124141e-02	2.822721194685733764e-02	7.362926089939145213e-02
1.108816932969790741e+03	2.648113129964828061e-01	1.651961918903120941e-01	2.473177372640066041e-01	1.491713784094083894e-01	7.156806777465740677e-02	2.824743041447258518e-02	7.368788125057050553e-02
1.110268264033887590e+03	2.645872116154107112e-01	1.650482032307781233e-01	2.474764238164269270e-01	1.492664352633909508e-01	7.160769703406355546e-02	2.826762025218563373e-02	7.374640878765449659e-02
1.111719595097984211e+03	2.643634929750326434e-01	1.649004673574729074e-01	2.476348309862300978e-01	1.493613226998394550e-01	7.164726082837381826e-02	2.828778150531647065e-02	7.380484364764508531e-02
1.113170926162080832e+03	2.641401564209638897e-01	1.647529838380778489e-01	2.477929592538704040e-01	1.494560410362416047e-01	7.168675926426545941e-02	2.830791421911111119e-02	7.386318596738014608e-02
1.114622257226177226e+03	2.639172012999391193e-01	1.646057522410155072e-01	2.479508090989796798e-01	1.495505905894513599e-01	7.172619244824919582e-02	2.832801843874170264e-02	7.392143588353383699e-02
1.116073588290273847e+03	2.636946269598106629e-01	1.644587721354481280e-01	2.481083810003685552e-01	1.496449716756904635e-01	7.176556048666934973e-02	2.834809420930665957e-02	7.397959353261665538e-02
1.117524919354370468e+03	2.634724327495461815e-01	1.643120430912763941e-01	2.482656754360279550e-01	1.497391846105496360e-01	7.180486348570414012e-02	2.836814157583076798e-02	7.403765905097539624e-02
1.118976250418467089e+03	2.632506180192271672e-01	1.641655646791381484e-01	2.484226928831304582e-01	1.498332297089900456e-01	7.184410155136594645e-02	2.838816058326531014e-02	7.409563257479333254e-02
1.120427581482563710e+03	2.630291821200469449e-01	1.640193364704071732e-01	2.485794338180317420e-01	1.499271072853446685e-01	7.188327478950151672e-02	2.840815127648819299e-02	7.415351424009017367e-02
1.121878912546660331e+03	2.628081244043086739e-01	1.638733580371918019e-01	2.487358987162718860e-01	1.500208176533196491e-01	7.192238330579223127e-02	2.842811370030405224e-02	7.421130418272212093e-02
1.123330243610756725e+03	2.625874442254235719e-01	1.637276289523336981e-01	2.488920880525768431e-01	1.501143611259955490e-01	7.196142720575433860e-02	2.844804789944437723e-02	7.426900253838199240e-02
1.124781574674853118e+03	2.623671409379090269e-01	1.635821487894065784e-01	2.490480023008599109e-01	1.502077380158288733e-01	7.200040659473917748e-02	2.846795391856763238e-02	7.432660944259912583e-02
1.126232905738949967e+03	2.621472138973867105e-01	1.634369171227149642e-01	2.492036419342229525e-01	1.503009486346532919e-01	7.203932157793346835e-02	2.848783180225936823e-02	7.438412503073957294e-02
1.127684236803046360e+03	2.619276624605805792e-01	1.632919335272928207e-01	2.493590074249578681e-01	1.503939932936810553e-01	7.207817226035952152e-02	2.850768159503234284e-02	7.444154943800609936e-02
1.129135567867143209e+03	2.617084859853152090e-01	1.631471975789024476e-01	2.495140992445479822e-01	1.504868723035043265e-01	7.211695874687548691e-02	2.852750334132663976e-02	7.449888279943824021e-02
1.130586898931239830e+03	2.614896838305137416e-01	1.630027088540330349e-01	2.496689178636694040e-01	1.505795859740965137e-01	7.215568114217556228e-02	2.854729708550979295e-02	7.455612524991230006e-02
1.132038229995336451e+03	2.612712553561961082e-01	1.628584669298995535e-01	2.498234637521924706e-01	1.506721346148135465e-01	7.219433955079032628e-02	2.856706287187689083e-02	7.461327692414147783e-02
1.133489561059432845e+03	2.610531999234771416e-01	1.627144713844413393e-01	2.499777373791831070e-01	1.507645185343953198e-01	7.223293407708683556e-02	2.858680074465070123e-02	7.467033795667593621e-02
1.134940892123529466e+03	2.608355168945648006e-01	1.625707217963210383e-01	2.501317392129040473e-01	1.508567380409669978e-01	7.227146482526904114e-02	2.860651074798178234e-02	7.472730848190274611e-02
1.136392223187626087e+03	2.606182056327581154e-01	1.624272177449231913e-01	2.502854697208163892e-01	1.509487934420402078e-01	7.230993189937785781e-02	2.862619292594861115e-02	7.478418863404606709e-02
1.137843554251722708e+03	2.604012655024455225e-01	1.622839588103529573e-01	2.504389293695810093e-01	1.510406850445145388e-01	7.234833540329152490e-02	2.864584732255768748e-02	7.484097854716713349e-02
1.139294885315819101e+03	2.601846958691028666e-01	1.621409445734350308e-01	2.505921186250598121e-01	1.511324131546788740e-01	7.238667544072577287e-02	2.866547398174366240e-02	7.489767835516433769e-02
1.140746216379915950e+03	2.599684960992916793e-01	1.619981746157123093e-01	2.507450379523170625e-01	1.512239780782125009e-01	7.242495211523410081e-02	2.868507294736943880e-02	7.495428819177325785e-02
1.142197547444012343e+03	2.597526655606572921e-01	1.618556485194445893e-01	2.508976878156207735e-01	1.513153801201866933e-01	7.246316553020799855e-02	2.870464426322630672e-02	7.501080819056675508e-02
1.143648878508108737e+03	2.595372036219267819e-01	1.617133658676073171e-01	2.510500686784442048e-01	1.514066195850657937e-01	7.250131578887719641e-02	2.872418797303404742e-02	7.506723848495500118e-02
1.145100209572205586e+03	2.593221096529074732e-01	1.615713262438905617e-01	2.512021810034671399e-01	1.514976967767086291e-01	7.253940299430988725e-02	2.874370412044105136e-02	7.512357920818557577e-02
1.146551540636302207e+03	2.591073830244848830e-01	1.614295292326975440e-01	2.513540252525770513e-01	1.515886119983698987e-01	7.257742724941296242e-02	2.876319274902442921e-02	7.517983049334349410e-02
1.148002871700398828e+03	2.588930231086210010e-01	1.612879744191434706e-01	2.515056018868708776e-01	1.516793655527012841e-01	7.261538865693224765e-02	2.878265390229013676e-02	7.523599247335130413e-02
1.149454202764495449e+03	2.586790292783522349e-01	1.611466613890543131e-01	2.516569113666559665e-01	1.517699577417528922e-01	7.265328731945276675e-02	2.880208762367308245e-02	7.529206528096907269e-02
1.150905533828591842e+03	2.584654009077878567e-01	1.610055897289655868e-01	2.518079541514516850e-01	1.518603888669745605e-01	7.269112333939894977e-02	2.882149395653724883e-02	7.534804904879452425e-02
1.152356864892688463e+03	2.582521373721080038e-01	1.608647590261211013e-01	2.519587306999905851e-01	1.519506592292170222e-01	7.272889681903486891e-02	2.884087294417580008e-02	7.540394390926309642e-02
1.153808195956785084e+03	2.580392380475617919e-01	1.607241688684717951e-01	2.521092414702199025e-01	1.520407691287333218e-01	7.276660786046448837e-02	2.886022462981120348e-02	7.545974999464795385e-02
1.155259527020881706e+03	2.578267023114658718e-01	1.605838188446744308e-01	2.522594869193027778e-01	1.521307188651800923e-01	7.280425656563190018e-02	2.887954905659534041e-02	7.551546743706012699e-02
1.156710858084978327e+03	2.576145295422020420e-01	1.604437085440903743e-01	2.524094675036197000e-01	1.522205087376188037e-01	7.284184303632151858e-02	2.889884626760962083e-02	7.557109636844849820e-02
1.158162189149074720e+03	2.574027191192159170e-01	1.603038375567844842e-01	2.525591836787697830e-01	1.523101390445169845e-01	7.287936737415835753e-02	2.891811630586510126e-02	7.562663692059992671e-02
1.159613520213171569e+03	2.571912704230147617e-01	1.601642054735237519e-01	2.527086358995722648e-01	1.523996100837496648e-01	7.291682968060825276e-02	2.893735921430259234e-02	7.568208922513929016e-02
1.161064851277267962e+03	2.569801828351659934e-01	1.600248118857761914e-01	2.528578246200674506e-01	1.524889221526005145e-01	7.295423005697809771e-02	2.895657503579277328e-02	7.573745341352955407e-02
1.162516182341364356e+03	2.567694557382951825e-01	1.598856563857096180e-01	2.530067502935184898e-01	1.525780755477630923e-01	7.299156860441605166e-02	2.897576381313631683e-02	7.579272961707182732e-02
1.163967513405461204e+03	2.565590885160841106e-01	1.597467385661904549e-01	2.531554133724124855e-01	1.526670705653423443e-01	7.302884542391180345e-02	2.899492558906398634e-02	7.584791796690548704e-02
1.165418844469557826e+03	2.563490805532693817e-01	1.596080580207823452e-01	2.533038143084617166e-01	1.527559075008555201e-01	7.306606061629677962e-02	2.901406040623676422e-02	7.590301859400816475e-02
1.166870175533654447e+03	2.561394312356401470e-01	1.594696143437452085e-01	2.534519535526053025e-01	1.528445866492338101e-01	7.310321428224440810e-02	2.903316830724594899e-02	7.595803162919587126e-02
1.168321506597751068e+03	2.559301399500367724e-01	1.593314071300339085e-01	2.535998315550100912e-01	1.529331083048232898e-01	7.314030652227029861e-02	2.905224933461328721e-02	7.601295720312305215e-02
1.169772837661847461e+03	2.557212060843486734e-01	1.591934359752970318e-01	2.537474487650724919e-01	1.530214727613863623e-01	7.317733743673250635e-02	2.907130353079106361e-02	7.606779544628267109e-02
1.171224168725944082e+03	2.555126290275125944e-01	1.590557004758757498e-01	2.538948056314192514e-01	1.531096803121029526e-01	7.321430712583179568e-02	2.909033093816223298e-02	7.612254648900623755e-02
1.172675499790040703e+03	2.553044081695111100e-01	1.589182002288025697e-01	2.540419026019091198e-01	1.531977312495717836e-01	7.325121568961179275e-02	2.910933159904053116e-02	7.617721046146394559e-02
1.174126830854137097e+03	2.550965429013704600e-01	1.587809348318001967e-01	2.541887401236341271e-01	1.532856258658116255e-01	7.328806322795926309e-02	2.912830555567057222e-02	7.623178749366468776e-02
1.175578161918233945e+03	2.548890326151588281e-01	1.586439038832803405e-01	2.543353186429207491e-01	1.533733644522625172e-01	7.332484984060434752e-02	2.914725285022797679e-02	7.628627771545617997e-02
1.177029492982330339e+03	2.546818767039847886e-01	1.585071069823424106e-01	2.544816386053314616e-01	1.534609472997870150e-01	7.336157562712074254e-02	2.916617352481947617e-02	7.634068125652496151e-02
1.178480824046426733e+03	2.544750745619954180e-01	1.583705437287725448e-01	2.546277004556657397e-01	1.535483746986714693e-01	7.339824068692599179e-02	2.918506762148302333e-02	7.639499824639656156e-02
1.179932155110523581e+03	2.542686255843745191e-01	1.582342137230422496e-01	2.547735046379616675e-01	1.536356469386271906e-01	7.343484511928170810e-02	2.920393518218791090e-02	7.644922881443552698e-02
1.181383486174620202e+03	2.540625291673407893e-01	1.580981165663072063e-01	2.549190515954969927e-01	1.537227643087917817e-01	7.347138902329371224e-02	2.922277624883486483e-02	7.650337308984546392e-02
1.182834817238716823e+03	2.538567847081459883e-01	1.579622518604062720e-01	2.550643417707905702e-01	1.538097270977303033e-01	7.350787249791236599e-02	2.924159086325619009e-02	7.655743120166916271e-02
1.184286148302813444e+03	2.536513916050734396e-01	1.578266192078600916e-01	2.552093756056036389e-01	1.538965355934365231e-01	7.354429564193276647e-02	2.926037906721585050e-02	7.661140327878866729e-02
1.185737479366910065e+03	2.534463492574360322e-01	1.576912182118700712e-01	2.553541535409409868e-01	1.539831900833340816e-01	7.358065855399494037e-02	2.927914090240958320e-02	7.666528944992535843e-02
1.187188810431006686e+03	2.532416570655744992e-01	1.575560484763171010e-01	2.554986760170525617e-01	1.540696908542778520e-01	7.361696133258413544e-02	2.929787641046502356e-02	7.671908984364000927e-02
1.188640141495103080e+03	2.530373144308556976e-01	1.574211096057604731e-01	2.556429434734343586e-01	1.541560381925550227e-01	7.365320407603097308e-02	2.931658563294180578e-02	7.677280458833285470e-02
1.190091472559199701e+03	2.528333207556709983e-01	1.572864012054366600e-01	2.557869563488300857e-01	1.542422323838864018e-01	7.368938688251171210e-02	2.933526861133167740e-02	7.682643381224373014e-02
1.191542803623296322e+03	2.526296754434342318e-01	1.571519228812581492e-01	2.559307150812321074e-01	1.543282737134276106e-01	7.372550985004848456e-02	2.935392538705859991e-02	7.687997764345207152e-02
1.192994134687392716e+03	2.524263778985801898e-01	1.570176742398123326e-01	2.560742201078830549e-01	1.544141624657703049e-01	7.376157307650949013e-02	2.937255600147887710e-02	7.693343620987706799e-02
1.194445465751489564e+03	2.522234275265626824e-01	1.568836548883602300e-01	2.562174718652769911e-01	1.544998989249433130e-01	7.379757665960924584e-02	2.939116049588125570e-02	7.698680963927767573e-02
1.195896796815585958e+03	2.520208237338530388e-01	1.567498644348354619e-01	2.563604707891604106e-01	1.545854833744138845e-01	7.383352069690880815e-02	2.940973891148702252e-02	7.704009805925275678e-02
1.197348127879682352e+03	2.518185659279381094e-01	1.566163024878430010e-01	2.565032173145340155e-01	1.546709160970889951e-01	7.386940528581596721e-02	2.942829128945012931e-02	7.709330159724112064e-02
1.198799458943779200e+03	2.516166535173187668e-01	1.564829686566580336e-01	2.566457118756537148e-01	1.547561973753164011e-01	7.390523052358553835e-02	2.944681767085730040e-02	7.714642038052162143e-02
1.200250790007875821e+03	2.514150859115080183e-01	1.563498625512248497e-01	2.567879549060317901e-01	1.548413274908858883e-01	7.394099650731950080e-02	2.946531809672813321e-02	7.719945453621326892e-02
1.201702121071972442e+03	2.512138625210291742e-01	1.562169837821556218e-01	2.569299468384383389e-01	1.549263067250305215e-01	7.397670333396727527e-02	2.948379260801522322e-02	7.725240419127524238e-02
1.203153452136069063e+03	2.510129827574145156e-01	1.560843319607293223e-01	2.570716881049026625e-01	1.550111353584277818e-01	7.401235110032595987e-02	2.950224124560425418e-02	7.730526947250704328e-02
1.204604783200165684e+03	2.508124460332030736e-01	1.559519066988904745e-01	2.572131791367141540e-01	1.550958136712007052e-01	7.404793990304045503e-02	2.952066405031412294e-02	7.735805050654853687e-02
1.206056114264262078e+03	2.506122517619392420e-01	1.558197076092481814e-01	2.573544203644239636e-01	1.551803419429191866e-01	7.408346983860382429e-02	2.953906106289703321e-02	7.741074741988006325e-02
1.207507445328358699e+03	2.504123993581710006e-01	1.556877343050747931e-01	2.574954122178459981e-01	1.552647204526011182e-01	7.411894100335743307e-02	2.955743232403861345e-02	7.746336033882250671e-02
1.208958776392455093e+03	2.502128882374481389e-01	1.555559864003048798e-01	2.576361551260584193e-01	1.553489494787134995e-01	7.415435349349117078e-02	2.957577787435802449e-02	7.751588938953739294e-02
1.210410107456551941e+03	2.500137178163205354e-01	1.554244635095340665e-01	2.577766495174045325e-01	1.554330292991737139e-01	7.418970740504367278e-02	2.959409775440806356e-02	7.756833469802693060e-02
1.211861438520648335e+03	2.498148875123364643e-01	1.552931652480178393e-01	2.579168958194945072e-01	1.555169601913506949e-01	7.422500283390258413e-02	2.961239200467527186e-02	7.762069639013420563e-02
1.213312769584745183e+03	2.496163967440409304e-01	1.551620912316705458e-01	2.580568944592062097e-01	1.556007424320659804e-01	7.426023987580475383e-02	2.963066066558005598e-02	7.767297459154312578e-02
1.214764100648841804e+03	2.494182449309739202e-01	1.550312410770640914e-01	2.581966458626867023e-01	1.556843762975950729e-01	7.429541862633642912e-02	2.964890377747677122e-02	7.772516942777864257e-02
1.216215431712937971e+03	2.492204314936686815e-01	1.549006144014269393e-01	2.583361504553534638e-01	1.557678620636684386e-01	7.433053918093350532e-02	2.966712138065384988e-02	7.777728102420670975e-02
1.217666762777034819e+03	2.490229558536500853e-01	1.547702108226429452e-01	2.584754086618956115e-01	1.558512000054728397e-01	7.436560163488173392e-02	2.968531351533389151e-02	7.782930950603451914e-02
1.219118093841131440e+03	2.488258174334329054e-01	1.546400299592501637e-01	2.586144209062751220e-01	1.559343903976522783e-01	7.440060608331694469e-02	2.970348022167378782e-02	7.788125499831044518e-02
1.220569424905228061e+03	2.486290156565200693e-01	1.545100714304398215e-01	2.587531876117281082e-01	1.560174335143093283e-01	7.443555262122528160e-02	2.972162153976481286e-02	7.793311762592425307e-02
1.222020755969324682e+03	2.484325499474010213e-01	1.543803348560551791e-01	2.588917092007660403e-01	1.561003296290062459e-01	7.447044134344338318e-02	2.973973750963274099e-02	7.798489751360708488e-02
1.223472087033421303e+03	2.482364197315500842e-01	1.542508198565902822e-01	2.590299860951769673e-01	1.561830790147661352e-01	7.450527234465864623e-02	2.975782817123795443e-02	7.803659478593161225e-02
1.224923418097517697e+03	2.480406244354246559e-01	1.541215260531890452e-01	2.591680187160269044e-01	1.562656819440740308e-01	7.454004571940942014e-02	2.977589356447553001e-02	7.808820956731214735e-02
1.226374749161614318e+03	2.478451634864635711e-01	1.539924530676439751e-01	2.593058074836607219e-01	1.563481386888781743e-01	7.457476156208520113e-02	2.979393372917537447e-02	7.813974198200469845e-02
1.227826080225710712e+03	2.476500363130855475e-01	1.538636005223951442e-01	2.594433528177038650e-01	1.564304495205909584e-01	7.460941996692688205e-02	2.981194870510230771e-02	7.819119215410702539e-02
1.229277411289807560e+03	2.474552423446872707e-01	1.537349680405289964e-01	2.595806551370631876e-01	1.565126147100903420e-01	7.464402102802697447e-02	2.982993853195617731e-02	7.824256020755882002e-02
1.230728742353903954e+03	2.472607810116418392e-01	1.536065552457773209e-01	2.597177148599282837e-01	1.565946345277207663e-01	7.467856483932981682e-02	2.984790324937196260e-02	7.829384626614172005e-02
1.232180073418000802e+03	2.470666517452972666e-01	1.534783617625160579e-01	2.598545324037729309e-01	1.566765092432943762e-01	7.471305149463174089e-02	2.986584289691988914e-02	7.834505045347946173e-02
1.233631404482097196e+03	2.468728539779745101e-01	1.533503872157643277e-01	2.599911081853559791e-01	1.567582391260921582e-01	7.474748108758139109e-02	2.988375751410551548e-02	7.839617289303789371e-02
1.235082735546193817e+03	2.466793871429659168e-01	1.532226312311831817e-01	2.601274426207226820e-01	1.568398244448650780e-01	7.478185371167983542e-02	2.990164714036985805e-02	7.844721370812518524e-02
1.236534066610290438e+03	2.464862506745336967e-01	1.530950934350745196e-01	2.602635361252061963e-01	1.569212654678351915e-01	7.481616946028087078e-02	2.991951181508947788e-02	7.849817302189185386e-02
1.237985397674387059e+03	2.462934440079080634e-01	1.529677734543800627e-01	2.603993891134284144e-01	1.570025624626967542e-01	7.485042842659114792e-02	2.993735157757659859e-02	7.854905095733082099e-02
1.239436728738483680e+03	2.461009665792857348e-01	1.528406709166802158e-01	2.605350019993012967e-01	1.570837156966174153e-01	7.488463070367046281e-02	2.995516646707920352e-02	7.859984763727759227e-02
1.240888059802580301e+03	2.459088178258281021e-01	1.527137854501929570e-01	2.606703751960282034e-01	1.571647254362392720e-01	7.491877638443195098e-02	2.997295652278115022e-02	7.865056318441029926e-02
1.242339390866676695e+03	2.457169971856597857e-01	1.525871166837727555e-01	2.608055091161050609e-01	1.572455919476800079e-01	7.495286556164226788e-02	2.999072178380226411e-02	7.870119772124979651e-02
1.243790721930773088e+03	2.455255040978668868e-01	1.524606642469094608e-01	2.609404041713214717e-01	1.573263154965340582e-01	7.498689832792183874e-02	3.000846228919844955e-02	7.875175137015980042e-02
1.245242052994869937e+03	2.453343380024952669e-01	1.523344277697272486e-01	2.610750607727620465e-01	1.574068963478736094e-01	7.502087477574505281e-02	3.002617807796178692e-02	7.880222425334694469e-02
1.246693384058966330e+03	2.451434983405490486e-01	1.522084068829834824e-01	2.612094793308076257e-01	1.574873347662498202e-01	7.505479499744048544e-02	3.004386918902064024e-02	7.885261649286087748e-02
1.248144715123063179e+03	2.449529845539888673e-01	1.520826012180676312e-01	2.613436602551362231e-01	1.575676310156939319e-01	7.508865908519114785e-02	3.006153566123976120e-02	7.890292821059440020e-02
1.249596046187159800e+03	2.447627960857302609e-01	1.519570104070002703e-01	2.614776039547246356e-01	1.576477853597182677e-01	7.512246713103459816e-02	3.007917753342039327e-02	7.895315952828350914e-02
1.251047377251256421e+03	2.445729323796420884e-01	1.518316340824318877e-01	2.616113108378492758e-01	1.577277980613174535e-01	7.515621922686327450e-02	3.009679484430037924e-02	7.900331056750754810e-02
1.252498708315352815e+03	2.443833928805448086e-01	1.517064718776418575e-01	2.617447813120876710e-01	1.578076693829694455e-01	7.518991546442461982e-02	3.011438763255425144e-02	7.905338144968926395e-02
1.253950039379449436e+03	2.441941770342089257e-01	1.515815234265373013e-01	2.618780157843194067e-01	1.578873995866366675e-01	7.522355593532134566e-02	3.013195593679334622e-02	7.910337229609494536e-02
1.255401370443546057e+03	2.440052842873532968e-01	1.514567883636520895e-01	2.620110146607274593e-01	1.579669889337670940e-01	7.525714073101161250e-02	3.014949979556590109e-02	7.915328322783447834e-02
1.256852701507642678e+03	2.438167140876435490e-01	1.513322663241457866e-01	2.621437783467993055e-01	1.580464376852953046e-01	7.529066994280925185e-02	3.016701924735716578e-02	7.920311436586151277e-02
1.258304032571739299e+03	2.436284658836904982e-01	1.512079569438024018e-01	2.622763072473282553e-01	1.581257461016437049e-01	7.532414366188398824e-02	3.018451433058949238e-02	7.925286583097346238e-02
1.259755363635835920e+03	2.434405391250484274e-01	1.510838598590295012e-01	2.624086017664146731e-01	1.582049144427234433e-01	7.535756197926160582e-02	3.020198508362244641e-02	7.930253774381171294e-02
1.261206694699932314e+03	2.432529332622135887e-01	1.509599747068570974e-01	2.625406623074666990e-01	1.582839429679356313e-01	7.539092498582425361e-02	3.021943154475290744e-02	7.935213022486166390e-02
1.262658025764028707e+03	2.430656477466225096e-01	1.508363011249364560e-01	2.626724892732019701e-01	1.583628319361723713e-01	7.542423277231052881e-02	3.023685375221516619e-02	7.940164339445283936e-02
1.264109356828125556e+03	2.428786820306503280e-01	1.507128387515392076e-01	2.628040830656486748e-01	1.584415816058177828e-01	7.545748542931580982e-02	3.025425174418103560e-02	7.945107737275898530e-02
1.265560687892221949e+03	2.426920355676093766e-01	1.505895872255561818e-01	2.629354440861466080e-01	1.585201922347492243e-01	7.549068304729235346e-02	3.027162555875994102e-02	7.950043227979819438e-02
1.267012018956318798e+03	2.425057078117473230e-01	1.504665461864963805e-01	2.630665727353483363e-01	1.585986640803382086e-01	7.552382571654961407e-02	3.028897523399903813e-02	7.954970823543300318e-02
1.268463350020415419e+03	2.423196982182458381e-01	1.503437152744858119e-01	2.631974694132205306e-01	1.586769973994515970e-01	7.555691352725435461e-02	3.030630080788329975e-02	7.959890535937047540e-02
1.269914681084511813e+03	2.421340062432187912e-01	1.502210941302667135e-01	2.633281345190449652e-01	1.587551924484526256e-01	7.558994656943091028e-02	3.032360231833561640e-02	7.964802377116231291e-02
1.271366012148608434e+03	2.419486313437107794e-01	1.500986823951960258e-01	2.634585684514198500e-01	1.588332494832019881e-01	7.562292493296139673e-02	3.034087980321690733e-02	7.969706359020496678e-02
1.272817343212705055e+03	2.417635729776954068e-01	1.499764797112448089e-01	2.635887716082609966e-01	1.589111687590588629e-01	7.565584870758591818e-02	3.035813330032621771e-02	7.974602493573974826e-02
1.274268674276801676e+03	2.415788306040738409e-01	1.498544857209969661e-01	2.637187443868027614e-01	1.589889505308819673e-01	7.568871798290272013e-02	3.037536284740081916e-02	7.979490792685292599e-02
1.275720005340898297e+03	2.413944036826730366e-01	1.497327000676481612e-01	2.638484871835994339e-01	1.590665950530307515e-01	7.572153284836849463e-02	3.039256848211631043e-02	7.984371268247583697e-02
1.277171336404994690e+03	2.412102916742444036e-01	1.496111223950047919e-01	2.639780003945263465e-01	1.591441025793662867e-01	7.575429339329849132e-02	3.040975024208671454e-02	7.989243932138498372e-02
1.278622667469091539e+03	2.410264940404619749e-01	1.494897523474830459e-01	2.641072844147810961e-01	1.592214733632524026e-01	7.578699970686678111e-02	3.042690816486457589e-02	7.994108796220213142e-02
1.280073998533187932e+03	2.408430102439210185e-01	1.493685895701077626e-01	2.642363396388844876e-01	1.592987076575567429e-01	7.581965187810646434e-02	3.044404228794108172e-02	7.998965872339441896e-02
1.281525329597284326e+03	2.406598397481362894e-01	1.492476337085114069e-01	2.643651664606819773e-01	1.593758057146518192e-01	7.585224999590986505e-02	3.046115264874613843e-02	8.003815172327451155e-02
1.282976660661381175e+03	2.404769820175406136e-01	1.491268844089329859e-01	2.644937652733445610e-01	1.594527677864160109e-01	7.588479414902869757e-02	3.047823928464847565e-02	8.008656708000064239e-02
1.284427991725477568e+03	2.402944365174832231e-01	1.490063413182170227e-01	2.646221364693701616e-01	1.595295941242347304e-01	7.591728442607433014e-02	3.049530223295575382e-02	8.013490491157673756e-02
1.285879322789574417e+03	2.401122027142281457e-01	1.488860040838126675e-01	2.647502804405846288e-01	1.596062849790012839e-01	7.594972091551799309e-02	3.051234153091465784e-02	8.018316533585255479e-02
1.287330653853671038e+03	2.399302800749527897e-01	1.487658723537724215e-01	2.648781975781429598e-01	1.596828406011180645e-01	7.598210370569091765e-02	3.052935721571100117e-02	8.023134847052376672e-02
1.288781984917767431e+03	2.397486680677462512e-01	1.486459457767512204e-01	2.650058882725304654e-01	1.597592612404975521e-01	7.601443288478459959e-02	3.054634932446982989e-02	8.027945443313205809e-02
1.290233315981864052e+03	2.395673661616077310e-01	1.485262240020054081e-01	2.651333529135637135e-01	1.598355471465633393e-01	7.604670854085100740e-02	3.056331789425549561e-02	8.032748334106526444e-02
