1.001418434226643626e+03	2.825201602380110200e-01	1.768246706684364622e-01	2.347865844616488229e-01	1.416539267209977471e-01	6.845101173608286738e-02	2.666408510746402782e-02	6.909956106726804215e-02
1.002869765290740247e+03	2.822657444379657599e-01	1.766567733280768326e-01	2.349673893528730628e-01	1.417625450715076507e-01	6.849583363378682066e-02	2.668634779969178070e-02	6.916536637600700921e-02
1.004321096354836754e+03	2.820117633100953647e-01	1.764891628943991986e-01	2.351478767335950237e-01	1.418709690439526883e-01	6.854058173240036578e-02	2.670857780309808874e-02	6.923106848236824928e-02
1.005772427418933376e+03	2.817582161111653605e-01	1.763218388764048739e-01	2.353280471496797810e-01	1.419791990053765329e-01	6.858525615140460829e-02	2.673077517078606760e-02	6.929666753509174104e-02
1.007223758483029997e+03	2.815051020992085928e-01	1.761548007839413565e-01	2.355079011460579352e-01	1.420872353220796191e-01	6.862985701009667594e-02	2.675293995577053899e-02	6.936216368275424649e-02
1.008675089547126618e+03	2.812524205335232286e-01	1.759880481277007469e-01	2.356874392667271112e-01	1.421950783596205581e-01	6.867438442758998229e-02	2.677507221097817636e-02	6.942755707376925545e-02
1.010126420611223239e+03	2.810001706746705352e-01	1.758215804192179710e-01	2.358666620547535397e-01	1.423027284828179140e-01	6.871883852281446270e-02	2.679717198924764024e-02	6.949284785638695783e-02
1.011577751675319632e+03	2.807483517844731602e-01	1.756553971708694761e-01	2.360455700522737787e-01	1.424101860557517307e-01	6.876321941451686570e-02	2.681923934332972742e-02	6.955803617869421585e-02
1.013029082739416367e+03	2.804969631260127438e-01	1.754894978958715934e-01	2.362241638004962396e-01	1.425174514417652805e-01	6.880752722126097509e-02	2.684127432588753054e-02	6.962312218861456403e-02
1.014480413803512761e+03	2.802460039636281430e-01	1.753238821082788168e-01	2.364024438397027139e-01	1.426245250034666456e-01	6.885176206142790134e-02	2.686327698949655604e-02	6.968810603390812597e-02
1.015931744867609382e+03	2.799954735629133773e-01	1.751585493229824431e-01	2.365804107092498998e-01	1.427314071027302733e-01	6.889592405321631752e-02	2.688524738664489419e-02	6.975298786217165592e-02
1.017383075931706003e+03	2.797453711907153528e-01	1.749934990557089898e-01	2.367580649475712340e-01	1.428380981006986961e-01	6.894001331464275073e-02	2.690718556973333356e-02	6.981776782083846944e-02
1.018834406995802851e+03	2.794956961151320862e-01	1.748287308230185855e-01	2.369354070921781963e-01	1.429445983577841417e-01	6.898402996354179029e-02	2.692909159107553796e-02	6.988244605717844338e-02
1.020285738059899245e+03	2.792464476055106504e-01	1.746642441423034431e-01	2.371124376796620581e-01	1.430509082336701154e-01	6.902797411756637913e-02	2.695096550289817136e-02	6.994702271829798812e-02
1.021737069123995752e+03	2.789976249324449542e-01	1.745000385317864167e-01	2.372891572456953813e-01	1.431570280873129541e-01	6.907184589418804976e-02	2.697280735734104012e-02	7.001149795114006147e-02
1.023188400188092373e+03	2.787492273677738552e-01	1.743361135105193638e-01	2.374655663250335724e-01	1.432629582769435750e-01	6.911564541069717404e-02	2.699461720645723872e-02	7.007587190248407150e-02
1.024639731252188767e+03	2.785012541845792167e-01	1.741724685983817578e-01	2.376416654515165205e-01	1.433686991600689464e-01	6.915937278420326850e-02	2.701639510221329893e-02	7.014014471894594593e-02
1.026091062316285615e+03	2.782537046571835759e-01	1.740091033160789946e-01	2.378174551580700402e-01	1.434742510934737536e-01	6.920302813163518862e-02	2.703814109648932512e-02	7.020431654697809054e-02
1.027542393380382237e+03	2.780065780611485349e-01	1.738460171851410330e-01	2.379929359767075925e-01	1.435796144332220081e-01	6.924661156974143417e-02	2.705985524107914347e-02	7.026838753286934747e-02
1.028993724444478858e+03	2.777598736732722617e-01	1.736832097279208120e-01	2.381681084385317282e-01	1.436847895346585469e-01	6.929012321509034344e-02	2.708153758769043379e-02	7.033235782274499526e-02
1.030445055508575479e+03	2.775135907715878258e-01	1.735206804675928083e-01	2.383429730737356422e-01	1.437897767524107528e-01	6.933356318407041252e-02	2.710318818794488216e-02	7.039622756256676273e-02
1.031896386572671872e+03	2.772677286353611437e-01	1.733584289281514812e-01	2.385175304116048389e-01	1.438945764403900540e-01	6.937693159289051725e-02	2.712480709337831974e-02	7.045999689813277345e-02
1.033347717636768493e+03	2.770222865450886474e-01	1.731964546344098854e-01	2.386917809805185198e-01	1.439991889517934776e-01	6.942022855758014921e-02	2.714639435544086155e-02	7.052366597507760126e-02
1.034799048700865114e+03	2.767772637824956194e-01	1.730347571119980332e-01	2.388657253079512766e-01	1.441036146391053430e-01	6.946345419398969323e-02	2.716795002549704866e-02	7.058723493887218703e-02
1.036250379764961508e+03	2.765326596305340279e-01	1.728733358873615067e-01	2.390393639204745624e-01	1.442078538540986499e-01	6.950660861779070498e-02	2.718947415482599744e-02	7.065070393482383859e-02
1.037701710829058356e+03	2.762884733733803611e-01	1.727121904877599312e-01	2.392126973437582182e-01	1.443119069478368544e-01	6.954969194447610525e-02	2.721096679462152099e-02	7.071407310807630020e-02
1.039153041893154750e+03	2.760447042964337960e-01	1.725513204412656154e-01	2.393857261025721106e-01	1.444157742706753123e-01	6.959270428936048525e-02	2.723242799599229214e-02	7.077734260360966922e-02
1.040604372957251599e+03	2.758013516863142556e-01	1.723907252767619691e-01	2.395584507207875746e-01	1.445194561722628335e-01	6.963564576758028701e-02	2.725385780996197188e-02	7.084051256624042392e-02
1.042055704021347992e+03	2.755584148308600767e-01	1.722304045239420600e-01	2.397308717213789409e-01	1.446229530015432918e-01	6.967851649409416426e-02	2.727525628746934813e-02	7.090358314062140954e-02
1.043507035085444613e+03	2.753158930191263454e-01	1.720703577133071704e-01	2.399029896264252004e-01	1.447262651067572070e-01	6.972131658368310725e-02	2.729662347936848837e-02	7.096655447124183835e-02
1.044958366149541234e+03	2.750737855413826205e-01	1.719105843761653818e-01	2.400748049571113651e-01	1.448293928354431603e-01	6.976404615095078976e-02	2.731795943642886457e-02	7.102942670242727574e-02
1.046409697213637855e+03	2.748320916891110466e-01	1.717510840446299925e-01	2.402463182337300496e-01	1.449323365344394321e-01	6.980670531032379111e-02	2.733926420933549886e-02	7.109219997833966798e-02
1.047861028277734476e+03	2.745908107550042443e-01	1.715918562516182688e-01	2.404175299756831086e-01	1.450350965498855837e-01	6.984929417605181823e-02	2.736053784868910932e-02	7.115487444297734221e-02
1.049312359341831097e+03	2.743499420329634786e-01	1.714329005308498355e-01	2.405884407014829973e-01	1.451376732272239845e-01	6.989181286220799705e-02	2.738178040500623481e-02	7.121745024017496484e-02
1.050763690405927491e+03	2.741094848180964938e-01	1.712742164168453429e-01	2.407590509287544367e-01	1.452400669112012266e-01	6.993426148268910847e-02	2.740299192871938766e-02	7.127992751360359702e-02
1.052215021470024112e+03	2.738694384067154597e-01	1.711158034449249410e-01	2.409293611742358010e-01	1.453422779458697633e-01	6.997664015121579650e-02	2.742417247017718898e-02	7.134230640677063917e-02
1.053666352534120733e+03	2.736298020963353061e-01	1.709576611512068911e-01	2.410993719537807001e-01	1.454443066745894630e-01	7.001894898133285972e-02	2.744532207964450396e-02	7.140458706301990033e-02
1.055117683598217127e+03	2.733905751856712807e-01	1.707997890726062062e-01	2.412690837823595058e-01	1.455461534400290524e-01	7.006118808640952877e-02	2.746644080730258064e-02	7.146676962553154266e-02
1.056569014662313975e+03	2.731517569746371721e-01	1.706421867468330689e-01	2.414384971740608232e-01	1.456478185841676709e-01	7.010335757963961911e-02	2.748752870324918524e-02	7.152885423732213699e-02
1.058020345726410369e+03	2.729133467643433675e-01	1.704848537123916097e-01	2.416076126420930170e-01	1.457493024482963972e-01	7.014545757404187787e-02	2.750858581749875478e-02	7.159084104124463499e-02
1.059471676790506763e+03	2.726753438570946875e-01	1.703277895085783811e-01	2.417764306987857381e-01	1.458506053730198038e-01	7.018748818246016430e-02	2.752961219998251163e-02	7.165273017998839700e-02
1.060923007854603611e+03	2.724377475563884987e-01	1.701709936754809138e-01	2.419449518555913947e-01	1.459517276982573164e-01	7.022944951756374121e-02	2.755060790054862652e-02	7.171452179607920585e-02
1.062374338918700232e+03	2.722005571669127155e-01	1.700144657539763571e-01	2.421131766230866234e-01	1.460526697632449078e-01	7.027134169184748314e-02	2.757157296896233303e-02	7.177621603187925303e-02
1.063825669982796853e+03	2.719637719945438570e-01	1.698582052857301183e-01	2.422811055109739264e-01	1.461534319065364573e-01	7.031316481763215387e-02	2.759250745490607337e-02	7.183781302958718029e-02
1.065277001046893474e+03	2.717273913463448820e-01	1.697022118131943647e-01	2.424487390280828658e-01	1.462540144660053609e-01	7.035491900706464241e-02	2.761341140797964749e-02	7.189931293123805189e-02
1.066728332110990095e+03	2.714914145305633575e-01	1.695464848796066903e-01	2.426160776823719778e-01	1.463544177788458911e-01	7.039660437211815724e-02	2.763428487770032763e-02	7.196071587870338238e-02
1.068179663175086489e+03	2.712558408566295154e-01	1.693910240289887015e-01	2.427831219809299113e-01	1.464546421815748622e-01	7.043822102459257328e-02	2.765512791350301092e-02	7.202202201369119205e-02
1.069630994239183110e+03	2.710206696351540878e-01	1.692358288061447391e-01	2.429498724299770929e-01	1.465546880100329352e-01	7.047976907611459840e-02	2.767594056474034780e-02	7.208323147774596540e-02
1.071082325303279504e+03	2.707859001779265307e-01	1.690808987566602140e-01	2.431163295348671149e-01	1.466545555993862826e-01	7.052124863813805100e-02	2.769672288068288427e-02	7.214434441224870653e-02
1.072533656367376352e+03	2.705515317979128032e-01	1.689262334269005517e-01	2.432824938000883452e-01	1.467542452841279210e-01	7.056265982194408204e-02	2.771747491051919018e-02	7.220536095841689761e-02
1.073984987431472746e+03	2.703175638092536470e-01	1.687718323640095830e-01	2.434483657292652314e-01	1.468537573980792654e-01	7.060400273864143872e-02	2.773819670335600160e-02	7.226628125730459595e-02
1.075436318495569594e+03	2.700839955272625326e-01	1.686176951159082948e-01	2.436139458251599388e-01	1.469530922743915724e-01	7.064527749916670041e-02	2.775888830821834907e-02	7.232710544980239242e-02
1.076887649559666215e+03	2.698508262684235492e-01	1.684638212312933869e-01	2.437792345896737656e-01	1.470522502455474390e-01	7.068648421428452844e-02	2.777954977404969994e-02	7.238783367663746693e-02
1.078338980623762609e+03	2.696180553503895738e-01	1.683102102596359395e-01	2.439442325238485310e-01	1.471512316433622736e-01	7.072762299458784652e-02	2.780018114971209015e-02	7.244846607837357455e-02
1.079790311687859230e+03	2.693856820919803274e-01	1.681568617511799979e-01	2.441089401278682125e-01	1.472500367989856840e-01	7.076869395049822931e-02	2.782078248398625955e-02	7.250900279541110105e-02
1.081241642751955851e+03	2.691537058131803217e-01	1.680037752569413234e-01	2.442733579010603340e-01	1.473486660429030037e-01	7.080969719226599957e-02	2.784135382557178032e-02	7.256944396798702124e-02
1.082692973816052472e+03	2.689221258351369714e-01	1.678509503287058946e-01	2.444374863418973254e-01	1.474471197049368187e-01	7.085063282997049183e-02	2.786189522308720259e-02	7.262978973617503775e-02
1.084144304880149093e+03	2.686909414801585960e-01	1.676983865190286305e-01	2.446013259479981605e-01	1.475453981142482440e-01	7.089150097352041324e-02	2.788240672507017945e-02	7.269004023988549779e-02
1.085595635944245487e+03	2.684601520717124767e-01	1.675460833812320582e-01	2.447648772161297448e-01	1.476435015993384781e-01	7.093230173265391292e-02	2.790288837997760563e-02	7.275019561886544861e-02
1.087046967008342108e+03	2.682297569344228583e-01	1.673940404694048700e-01	2.449281406422083029e-01	1.477414304880502738e-01	7.097303521693897055e-02	2.792334023618574593e-02	7.281025601269867920e-02
1.088498298072438729e+03	2.679997553940690058e-01	1.672422573384007016e-01	2.450911167213009334e-01	1.478391851075693264e-01	7.101370153577352129e-02	2.794376234199038439e-02	7.287022156080573410e-02
1.089949629136535123e+03	2.677701467775834843e-01	1.670907335438366892e-01	2.452538059476270516e-01	1.479367657844257444e-01	7.105430079838578883e-02	2.796415474560692838e-02	7.293009240244395508e-02
1.091400960200631971e+03	2.675409304130497712e-01	1.669394686420921092e-01	2.454162088145597775e-01	1.480341728444954930e-01	7.109483311383446580e-02	2.798451749517057163e-02	7.298986867670746725e-02
1.092852291264728365e+03	2.673121056297006470e-01	1.667884621903071851e-01	2.455783258146274906e-01	1.481314066130017260e-01	7.113529859100894970e-02	2.800485063873640879e-02	7.304955052252726233e-02
1.094303622328825213e+03	2.670836717579161967e-01	1.666377137463816716e-01	2.457401574395151056e-01	1.482284674145163961e-01	7.117569733862966208e-02	2.802515422427957065e-02	7.310913807867117087e-02
1.095754953392921607e+03	2.668556281292217558e-01	1.664872228689734390e-01	2.459017041800656278e-01	1.483253555729615036e-01	7.121602946524818734e-02	2.804542829969536299e-02	7.316863148374395942e-02
1.097206284457018228e+03	2.666279740762860784e-01	1.663369891174972248e-01	2.460629665262816790e-01	1.484220714116106232e-01	7.125629507924756412e-02	2.806567291279939147e-02	7.322803087618730278e-02
1.098657615521114849e+03	2.664007089329194500e-01	1.661870120521233563e-01	2.462239449673267189e-01	1.485186152530902637e-01	7.129649428884249351e-02	2.808588811132770383e-02	7.328733639427985336e-02
1.100108946585211470e+03	2.661738320340716890e-01	1.660372912337763907e-01	2.463846399915266550e-01	1.486149874193813392e-01	7.133662720207963048e-02	2.810607394293690442e-02	7.334654817613725508e-02
1.101560277649308091e+03	2.659473427158302039e-01	1.658878262241337276e-01	2.465450520863712303e-01	1.487111882318205569e-01	7.137669392683775038e-02	2.812623045520430340e-02	7.340566635971215725e-02
1.103011608713404712e+03	2.657212403154179947e-01	1.657386165856243876e-01	2.467051817385154111e-01	1.488072180111018050e-01	7.141669457082806816e-02	2.814635769562804160e-02	7.346469108279431171e-02
1.104462939777501106e+03	2.654955241711918767e-01	1.655896618814276244e-01	2.468650294337808582e-01	1.489030770772775680e-01	7.145662924159439100e-02	2.816645571162721545e-02	7.352362248301054504e-02
1.105914270841597499e+03	2.652701936226404267e-01	1.654409616754716206e-01	2.470245956571573420e-01	1.489987657497603701e-01	7.149649804651342366e-02	2.818652455054201228e-02	7.358246069782481413e-02
1.107365601905694348e+03	2.650452480103823727e-01	1.652925155324323214e-01	2.471838808928042419e-01	1.490942843473240798e-01	7.153630109279494886e-02	2.820656425963384561e-02	7.364120586453824779e-02
1.108816932969790741e+03	2.648206866761642631e-01	1.651443230177319366e-01	2.473428856240517393e-01	1.491896331881054083e-01	7.157603848748210484e-02	2.822657488608548357e-02	7.369985812028920225e-02
1.110268264033887590e+03	2.645965089628586897e-01	1.649963836975377185e-01	2.475016103334024831e-01	1.492848125896052147e-01	7.161571033745160741e-02	2.824655647700117719e-02	7.375841760205327502e-02
1.111719595097984211e+03	2.643727142144625120e-01	1.648486971387606859e-01	2.476600555025329220e-01	1.493798228686900043e-01	7.165531674941397200e-02	2.826650907940678886e-02	7.381688444664331883e-02
1.113170926162080832e+03	2.641493017760948581e-01	1.647012629090542635e-01	2.478182216122946369e-01	1.494746643415931497e-01	7.169485782991379119e-02	2.828643274024992063e-02	7.387525879070955259e-02
1.114622257226177226e+03	2.639262709939952378e-01	1.645540805768131443e-01	2.479761091427158948e-01	1.495693373239164181e-01	7.173433368532990129e-02	2.830632750640005302e-02	7.393354077073951980e-02
1.116073588290273847e+03	2.637036212155216552e-01	1.644071497111717073e-01	2.481337185730029538e-01	1.496638421306313305e-01	7.177374442187568759e-02	2.832619342464866991e-02	7.399173052305821341e-02
1.117524919354370468e+03	2.634813517891486101e-01	1.642604698820030462e-01	2.482910503815414505e-01	1.497581790760804110e-01	7.181309014559926485e-02	2.834603054170937650e-02	7.404982818382804810e-02
1.118976250418467089e+03	2.632594620644653216e-01	1.641140406599174428e-01	2.484481050458979823e-01	1.498523484739787415e-01	7.185237096238374088e-02	2.836583890421805199e-02	7.410783388904894353e-02
1.120427581482563710e+03	2.630379513921737855e-01	1.639678616162612845e-01	2.486048830428212730e-01	1.499463506374151822e-01	7.189158697794743869e-02	2.838561855873295015e-02	7.416574777455833822e-02
1.121878912546660331e+03	2.628168191240868312e-01	1.638219323231155933e-01	2.487613848482437273e-01	1.500401858788538156e-01	7.193073829784414619e-02	2.840536955173485548e-02	7.422356997603127282e-02
1.123330243610756725e+03	2.625960646131264009e-01	1.636762523532948876e-01	2.489176109372827628e-01	1.501338545101352784e-01	7.196982502746332444e-02	2.842509192962719075e-02	7.428130062898039010e-02
1.124781574674853118e+03	2.623756872133215512e-01	1.635308212803458783e-01	2.490735617842421978e-01	1.502273568424780936e-01	7.200884727203034352e-02	2.844478573873615926e-02	7.433893986875603210e-02
1.126232905738949967e+03	2.621556862798065102e-01	1.633856386785460524e-01	2.492292378626137506e-01	1.503206931864801144e-01	7.204780513660674623e-02	2.846445102531086624e-02	7.439648783054621239e-02
1.127684236803046360e+03	2.619360611688189011e-01	1.632407041229027023e-01	2.493846396450782599e-01	1.504138638521198279e-01	7.208669872609044238e-02	2.848408783552344378e-02	7.445394464937674095e-02
1.129135567867143209e+03	2.617168112376977995e-01	1.630960171891513433e-01	2.495397676035071566e-01	1.505068691487576327e-01	7.212552814521594469e-02	2.850369621546918614e-02	7.451131046011123804e-02
1.130586898931239830e+03	2.614979358448819569e-01	1.629515774537546591e-01	2.496946222089639622e-01	1.505997093851373092e-01	7.216429349855464637e-02	2.852327621116666073e-02	7.456858539745116199e-02
1.132038229995336451e+03	2.612794343499078020e-01	1.628073844939011416e-01	2.498492039317054825e-01	1.506923848693872692e-01	7.220299489051500152e-02	2.854282786855786777e-02	7.462576959593589243e-02
1.133489561059432845e+03	2.610613061134076096e-01	1.626634378875038422e-01	2.500035132411832506e-01	1.507848959090219154e-01	7.224163242534274720e-02	2.856235123350832697e-02	7.468286318994277195e-02
1.134940892123529466e+03	2.608435504971077235e-01	1.625197372131992057e-01	2.501575506060449428e-01	1.508772428109430297e-01	7.228020620712119482e-02	2.858184635180723715e-02	7.473986631368717548e-02
1.136392223187626087e+03	2.606261668638266693e-01	1.623762820503455995e-01	2.503113164941357938e-01	1.509694258814410217e-01	7.231871633977141056e-02	2.860131326916758379e-02	7.479677910122248252e-02
1.137843554251722708e+03	2.604091545774731564e-01	1.622330719790223419e-01	2.504648113724998182e-01	1.510614454261963169e-01	7.235716292705246522e-02	2.862075203122627781e-02	7.485360168644024370e-02
1.139294885315819101e+03	2.601925130030444122e-01	1.620901065800282037e-01	2.506180357073812814e-01	1.511533017502806886e-01	7.239554607256164231e-02	2.864016268354426659e-02	7.491033420307012525e-02
1.140746216379915950e+03	2.599762415066241283e-01	1.619473854348803810e-01	2.507709899642261431e-01	1.512449951581585628e-01	7.243386587973470181e-02	2.865954527160667273e-02	7.496697678468003390e-02
1.142197547444012343e+03	2.597603394553809064e-01	1.618049081258130517e-01	2.509236746076832780e-01	1.513365259536882945e-01	7.247212245184608825e-02	2.867889984082291899e-02	7.502352956467617240e-02
1.143648878508108737e+03	2.595448062175660930e-01	1.616626742357762381e-01	2.510760901016058089e-01	1.514278944401235560e-01	7.251031589200915284e-02	2.869822643652684621e-02	7.507999267630305340e-02
1.145100209572205586e+03	2.593296411625120590e-01	1.615206833484345572e-01	2.512282369090527157e-01	1.515191009201146133e-01	7.254844630317638932e-02	2.871752510397684865e-02	7.513636625264358271e-02
1.146551540636302207e+03	2.591148436606303673e-01	1.613789350481660001e-01	2.513801154922901127e-01	1.516101456957096305e-01	7.258651378813969768e-02	2.873679588835598847e-02	7.519265042661907317e-02
1.148002871700398828e+03	2.589004130834100526e-01	1.612374289200606547e-01	2.515317263127922476e-01	1.517010290683559748e-01	7.262451844953053681e-02	2.875603883477212755e-02	7.524884533098935568e-02
1.149454202764495449e+03	2.586863488034154557e-01	1.610961645499194850e-01	2.516830698312432779e-01	1.517917513389016038e-01	7.266246038982021593e-02	2.877525398825804895e-02	7.530495109835283474e-02
1.150905533828591842e+03	2.584726501942847809e-01	1.609551415242530814e-01	2.518341465075386587e-01	1.518823128075962314e-01	7.270033971132011663e-02	2.879444139377158179e-02	7.536096786114648838e-02
1.152356864892688463e+03	2.582593166307280419e-01	1.608143594302805235e-01	2.519849568007860308e-01	1.519727137740927159e-01	7.273815651618188716e-02	2.881360109619572965e-02	7.541689575164599313e-02
1.153808195956785084e+03	2.580463474885252295e-01	1.606738178559280472e-01	2.521355011693071080e-01	1.520629545374483083e-01	7.277591090639766447e-02	2.883273314033879889e-02	7.547273490196572399e-02
1.155259527020881706e+03	2.578337421445245914e-01	1.605335163898278239e-01	2.522857800706387321e-01	1.521530353961260407e-01	7.281360298380036566e-02	2.885183757093449930e-02	7.552848544405889319e-02
1.156710858084978327e+03	2.576214999766406888e-01	1.603934546213168777e-01	2.524357939615340385e-01	1.522429566479958640e-01	7.285123285006385452e-02	2.887091443264209328e-02	7.558414750971753637e-02
1.158162189149074720e+03	2.574096203638526204e-01	1.602536321404356978e-01	2.525855432979642878e-01	1.523327185903360081e-01	7.288880060670319128e-02	2.888996377004651381e-02	7.563972123057260966e-02
1.159613520213171569e+03	2.571981026862023012e-01	1.601140485379271006e-01	2.527350285351197545e-01	1.524223215198343695e-01	7.292630635507482695e-02	2.890898562765847890e-02	7.569520673809401745e-02
1.161064851277267962e+03	2.569869463247926311e-01	1.599747034052350636e-01	2.528842501274113919e-01	1.525117657325895659e-01	7.296375019637688086e-02	2.892798004991462002e-02	7.575060416359073734e-02
1.162516182341364356e+03	2.567761506617854406e-01	1.598355963345033937e-01	2.530332085284718868e-01	1.526010515241124077e-01	7.300113223164934884e-02	2.894694708117760348e-02	7.580591363821082007e-02
1.163967513405461204e+03	2.565657150803999920e-01	1.596967269185745886e-01	2.531819041911572143e-01	1.526901791893270632e-01	7.303845256177428358e-02	2.896588676573626231e-02	7.586113529294150060e-02
1.165418844469557826e+03	2.563556389649109812e-01	1.595580947509886716e-01	2.533303375675478031e-01	1.527791490225724191e-01	7.307571128747608613e-02	2.898479914780570377e-02	7.591626925860922581e-02
1.166870175533654447e+03	2.561459217006469280e-01	1.594196994259819145e-01	2.534785091089499787e-01	1.528679613176032182e-01	7.311290850932167240e-02	2.900368427152744122e-02	7.597131566587972396e-02
1.168321506597751068e+03	2.559365626739881772e-01	1.592815405384856442e-01	2.536264192658971295e-01	1.529566163675914747e-01	7.315004432772075071e-02	2.902254218096951902e-02	7.602627464525810175e-02
1.169772837661847461e+03	2.557275612723651781e-01	1.591436176841251049e-01	2.537740684881513720e-01	1.530451144651276130e-01	7.318711884292600223e-02	2.904137292012661659e-02	7.608114632708889991e-02
1.171224168725944082e+03	2.555189168842566527e-01	1.590059304592181810e-01	2.539214572247045498e-01	1.531334559022217712e-01	7.322413215503330297e-02	2.906017653292019762e-02	7.613593084155612090e-02
1.172675499790040703e+03	2.553106288991879858e-01	1.588684784607742040e-01	2.540685859237795663e-01	1.532216409703050786e-01	7.326108436398201529e-02	2.907895306319860720e-02	7.619062831868335384e-02
1.174126830854137097e+03	2.551026967077291707e-01	1.587312612864928973e-01	2.542154550328317719e-01	1.533096699602309321e-01	7.329797556955512661e-02	2.909770255473721062e-02	7.624523888833380225e-02
1.175578161918233945e+03	2.548951197014932002e-01	1.585942785347629336e-01	2.543620649985502968e-01	1.533975431622761065e-01	7.333480587137951312e-02	2.911642505123850436e-02	7.629976268021035346e-02
1.177029492982330339e+03	2.546878972731341784e-01	1.584575298046610459e-01	2.545084162668594940e-01	1.534852608661421147e-01	7.337157536892614795e-02	2.913512059633223752e-02	7.635419982385567572e-02
1.178480824046426733e+03	2.544810288163457668e-01	1.583210146959505848e-01	2.546545092829199386e-01	1.535728233609565396e-01	7.340828416151033708e-02	2.915378923357553678e-02	7.640855044865225987e-02
1.179932155110523581e+03	2.542745137258590193e-01	1.581847328090804639e-01	2.548003444911300375e-01	1.536602309352740059e-01	7.344493234829192752e-02	2.917243100645302081e-02	7.646281468382253033e-02
1.181383486174620202e+03	2.540683513974409946e-01	1.580486837451839099e-01	2.549459223351270287e-01	1.537474838770777064e-01	7.348152002827555707e-02	2.919104595837693564e-02	7.651699265842883124e-02
1.182834817238716823e+03	2.538625412278927573e-01	1.579128671060773814e-01	2.550912432577886468e-01	1.538345824737804568e-01	7.351804730031083479e-02	2.920963413268725176e-02	7.657108450137362077e-02
1.184286148302813444e+03	2.536570826150476576e-01	1.577772824942593466e-01	2.552363077012341219e-01	1.539215270122259449e-01	7.355451426309257690e-02	2.922819557265180640e-02	7.662509034139942943e-02
1.185737479366910065e+03	2.534519749577696657e-01	1.576419295129090348e-01	2.553811161068256785e-01	1.540083177786900903e-01	7.359092101516108431e-02	2.924673032146640414e-02	7.667901030708897114e-02
1.187188810431006686e+03	2.532472176559515398e-01	1.575068077658853538e-01	2.555256689151695348e-01	1.540949550588820993e-01	7.362726765490225367e-02	2.926523842225495567e-02	7.673284452686528201e-02
1.188640141495103080e+03	2.530428101105129390e-01	1.573719168577256688e-01	2.556699665661175680e-01	1.541814391379457694e-01	7.366355428054786880e-02	2.928371991806958188e-02	7.678659312899167866e-02
1.190091472559199701e+03	2.528387517233988691e-01	1.572372563936446088e-01	2.558140094987684243e-01	1.542677703004607104e-01	7.369978099017582274e-02	2.930217485189073531e-02	7.684025624157192480e-02
1.191542803623296322e+03	2.526350418975778500e-01	1.571028259795330395e-01	2.559577981514687961e-01	1.543539488304435381e-01	7.373594788171031200e-02	2.932060326662732849e-02	7.689383399255024509e-02
1.192994134687392716e+03	2.524316800370401404e-01	1.569686252219567313e-01	2.561013329618147538e-01	1.544399750113491510e-01	7.377205505292208643e-02	2.933900520511684151e-02	7.694732650971143617e-02
1.194445465751489564e+03	2.522286655467960159e-01	1.568346537281552766e-01	2.562446143666529674e-01	1.545258491260718403e-01	7.380810260142864343e-02	2.935738071012545039e-02	7.700073392068096378e-02
1.195896796815585958e+03	2.520259978328740491e-01	1.567009111060409243e-01	2.563876428020820941e-01	1.546115714569465671e-01	7.384409062469440843e-02	2.937572982434814156e-02	7.705405635292496280e-02
1.197348127879682352e+03	2.518236763023193880e-01	1.565673969641974417e-01	2.565304187034539440e-01	1.546971422857501832e-01	7.388001922003106792e-02	2.939405259040882290e-02	7.710729393375036211e-02
1.198799458943779200e+03	2.516217003631919247e-01	1.564341109118788653e-01	2.566729425053748126e-01	1.547825618937025416e-01	7.391588848459766659e-02	2.941234905086045209e-02	7.716044679030500952e-02
1.200250790007875821e+03	2.514200694245645185e-01	1.563010525590084743e-01	2.568152146417068127e-01	1.548678305614678286e-01	7.395169851540091266e-02	2.943061924818515113e-02	7.721351504957764400e-02
1.201702121071972442e+03	2.512187828965214420e-01	1.561682215161775134e-01	2.569572355455690404e-01	1.549529485691555908e-01	7.398744940929533054e-02	2.944886322479432425e-02	7.726649883839807609e-02
1.203153452136069063e+03	2.510178401901566048e-01	1.560356173946441383e-01	2.570990056493389075e-01	1.550379161963221231e-01	7.402314126298351060e-02	2.946708102302877594e-02	7.731939828343721566e-02
1.204604783200165684e+03	2.508172407175717211e-01	1.559032398063322500e-01	2.572405253846535289e-01	1.551227337219715230e-01	7.405877417301634513e-02	2.948527268515882191e-02	7.737221351120711355e-02
1.206056114264262078e+03	2.506169838918746451e-01	1.557710883638303290e-01	2.573817951824106109e-01	1.552074014245569400e-01	7.409434823579322260e-02	2.950343825338441750e-02	7.742494464806111421e-02
1.207507445328358699e+03	2.504170691271777049e-01	1.556391626803902972e-01	2.575228154727701724e-01	1.552919195819817411e-01	7.412986354756223584e-02	2.952157776983526175e-02	7.747759182019392510e-02
1.208958776392455093e+03	2.502174958385958714e-01	1.555074623699263525e-01	2.576635866851555434e-01	1.553762884716006487e-01	7.416532020442039019e-02	2.953969127657092575e-02	7.753015515364167221e-02
1.210410107456551941e+03	2.500182634422451478e-01	1.553759870470138305e-01	2.578041092482546426e-01	1.554605083702209900e-01	7.420071830231386723e-02	2.955777881558096370e-02	7.758263477428196941e-02
1.211861438520648335e+03	2.498193713552407935e-01	1.552447363268881497e-01	2.579443835900213089e-01	1.555445795541038900e-01	7.423605793703820510e-02	2.957584042878503086e-02	7.763503080783402954e-02
1.213312769584745183e+03	2.496208189956956591e-01	1.551137098254435909e-01	2.580844101376765787e-01	1.556285022989653266e-01	7.427133920423853453e-02	2.959387615803299801e-02	7.768734337985876148e-02
1.214764100648841804e+03	2.494226057827184373e-01	1.549829071592321583e-01	2.582241893177097958e-01	1.557122768799774348e-01	7.430656219940975915e-02	2.961188604510506250e-02	7.773957261575879796e-02
1.216215431712937971e+03	2.492247311364119422e-01	1.548523279454624979e-01	2.583637215558801659e-01	1.557959035717696172e-01	7.434172701789679150e-02	2.962987013171188011e-02	7.779171864077863430e-02
1.217666762777034819e+03	2.490271944778714719e-01	1.547219718019987311e-01	2.585030072772174781e-01	1.558793826484297373e-01	7.437683375489477500e-02	2.964782845949466561e-02	7.784378158000467007e-02
1.219118093841131440e+03	2.488299952291830874e-01	1.545918383473593727e-01	2.586420469060239369e-01	1.559627143835051744e-01	7.441188250544930605e-02	2.966576107002530729e-02	7.789576155836534788e-02
1.220569424905228061e+03	2.486331328134219198e-01	1.544619272007161370e-01	2.587808408658750503e-01	1.560458990500041832e-01	7.444687336445662829e-02	2.968366800480649187e-02	7.794765870063116719e-02
1.222020755969324682e+03	2.484366066546503937e-01	1.543322379818928558e-01	2.589193895796209066e-01	1.561289369203968103e-01	7.448180642666386853e-02	2.970154930527181200e-02	7.799947313141482319e-02
1.223472087033421303e+03	2.482404161779167007e-01	1.542027703113643955e-01	2.590576934693876177e-01	1.562118282666163094e-01	7.451668178666921716e-02	2.971940501278589469e-02	7.805120497517127609e-02
1.224923418097517697e+03	2.480445608092530507e-01	1.540735238102554361e-01	2.591957529565783735e-01	1.562945733600600573e-01	7.455149953892216408e-02	2.973723516864449842e-02	7.810285435619784833e-02
1.226374749161614318e+03	2.478490399756738405e-01	1.539444981003394719e-01	2.593335684618746639e-01	1.563771724715908307e-01	7.458625977772373461e-02	2.975503981407463111e-02	7.815442139863426618e-02
1.227826080225710712e+03	2.476538531051741265e-01	1.538156928040375904e-01	2.594711404052375547e-01	1.564596258715380273e-01	7.462096259722664215e-02	2.977281899023467848e-02	7.820590622646281243e-02
1.229277411289807560e+03	2.474589996267279879e-01	1.536871075444174173e-01	2.596084692059091870e-01	1.565419338296985541e-01	7.465560809143553800e-02	2.979057273821449428e-02	7.825730896350838184e-02
1.230728742353903954e+03	2.472644789702866941e-01	1.535587419451919788e-01	2.597455552824133873e-01	1.566240966153381597e-01	7.469019635420724723e-02	2.980830109903554251e-02	7.830862973343856448e-02
1.232180073418000802e+03	2.470702905667771232e-01	1.534305956307186192e-01	2.598823990525575001e-01	1.567061144971926556e-01	7.472472747925096304e-02	2.982600411365098417e-02	7.835986865976377058e-02
1.233631404482097196e+03	2.468764338481001241e-01	1.533026682259978901e-01	2.600190009334333308e-01	1.567879877434688318e-01	7.475920156012841322e-02	2.984368182294580563e-02	7.841102586583724443e-02
1.235082735546193817e+03	2.466829082471287682e-01	1.531749593566724410e-01	2.601553613414184785e-01	1.568697166218456784e-01	7.479361869025416554e-02	2.986133426773693311e-02	7.846210147485521702e-02
1.236534066610290438e+03	2.464897131977067113e-01	1.530474686490259084e-01	2.602914806921774460e-01	1.569513013994756345e-01	7.482797896289572481e-02	2.987896148877334027e-02	7.851309560985698932e-02
1.237985397674387059e+03	2.462968481346465843e-01	1.529201957299817505e-01	2.604273594006628056e-01	1.570327423429855318e-01	7.486228247117386603e-02	2.989656352673616610e-02	7.856400839372501554e-02
1.239436728738483680e+03	2.461043124937282445e-01	1.527931402271023031e-01	2.605629978811168646e-01	1.571140397184778159e-01	7.489652930806273146e-02	2.991414042223882255e-02	7.861483994918500029e-02
1.240888059802580301e+03	2.459121057116971931e-01	1.526663017685875312e-01	2.606983965470722198e-01	1.571951937915316566e-01	7.493071956639013598e-02	2.993169221582710551e-02	7.866559039880595405e-02
1.242339390866676695e+03	2.457202272262629106e-01	1.525396799832739458e-01	2.608335558113534791e-01	1.572762048272040303e-01	7.496485333883771973e-02	2.994921894797931278e-02	7.871625986500031813e-02
1.243790721930773088e+03	2.455286764760971907e-01	1.524132745006337164e-01	2.609684760860782604e-01	1.573570730900309411e-01	7.499893071794117017e-02	2.996672065910635507e-02	7.876684847002410339e-02
1.245242052994869937e+03	2.453374529008324756e-01	1.522870849507732549e-01	2.611031577826584682e-01	1.574377988440284204e-01	7.503295179609047183e-02	2.998419738955187402e-02	7.881735633597683477e-02
1.246693384058966330e+03	2.451465559410602457e-01	1.521611109644323834e-01	2.612376013118013485e-01	1.575183823526937199e-01	7.506691666553003128e-02	3.000164917959233929e-02	7.886778358480184270e-02
1.248144715123063179e+03	2.449559850383292714e-01	1.520353521729831126e-01	2.613718070835108764e-01	1.575988238790063389e-01	7.510082541835898240e-02	3.001907606943717347e-02	7.891813033828620760e-02
1.249596046187159800e+03	2.447657396351441972e-01	1.519098082084286427e-01	2.615057755070889223e-01	1.576791236854291900e-01	7.513467814653131127e-02	3.003647809922884923e-02	7.896839671806089866e-02
1.251047377251256421e+03	2.445758191749636823e-01	1.517844787034021425e-01	2.616395069911364168e-01	1.577592820339097368e-01	7.516847494185613376e-02	3.005385530904302466e-02	7.901858284560088486e-02
1.252498708315352815e+03	2.443862231021989295e-01	1.516593632911658329e-01	2.617730019435545730e-01	1.578392991858810213e-01	7.520221589599787593e-02	3.007120773888862994e-02	7.906868884222520433e-02
1.253950039379449436e+03	2.441969508622119089e-01	1.515344616056097937e-01	2.619062607715460511e-01	1.579191754022627459e-01	7.523590110047646828e-02	3.008853542870799230e-02	7.911871482909707542e-02
1.255401370443546057e+03	2.440080019013138590e-01	1.514097732812509645e-01	2.620392838816162917e-01	1.579989109434624950e-01	7.526953064666756787e-02	3.010583841837693661e-02	7.916866092722402160e-02
1.256852701507642678e+03	2.438193756667635381e-01	1.512852979532319786e-01	2.621720716795744033e-01	1.580785060693767063e-01	7.530310462580279418e-02	3.012311674770491374e-02	7.921852725745788526e-02
1.258304032571739299e+03	2.436310716067657256e-01	1.511610352573201366e-01	2.623046245705346613e-01	1.581579610393917534e-01	7.533662312896988178e-02	3.014037045643509077e-02	7.926831394049500823e-02
1.259755363635835920e+03	2.434430891704694455e-01	1.510369848299063233e-01	2.624369429589175629e-01	1.582372761123851945e-01	7.537008624711293014e-02	3.015759958424447246e-02	7.931802109687627333e-02
1.261206694699932314e+03	2.432554278079665788e-01	1.509131463080039814e-01	2.625690272484511034e-01	1.583164515467267164e-01	7.540349407103259793e-02	3.017480417074400872e-02	7.936764884698725708e-02
1.262658025764028707e+03	2.430680869702900593e-01	1.507895193292480007e-01	2.627008778421717761e-01	1.583954876002791612e-01	7.543684669138629728e-02	3.019198425547870573e-02	7.941719731105827129e-02
1.264109356828125556e+03	2.428810661094122914e-01	1.506661035318936359e-01	2.628324951424259037e-01	1.584743845303998033e-01	7.547014419868842972e-02	3.020913987792772995e-02	7.946666660916447411e-02
1.265560687892221949e+03	2.426943646782435959e-01	1.505428985548154519e-01	2.629638795508709159e-01	1.585531425939412653e-01	7.550338668331059433e-02	3.022627107750452957e-02	7.951605686122598105e-02
1.267012018956318798e+03	2.425079821306305172e-01	1.504199040375062968e-01	2.630950314684761815e-01	1.586317620472526557e-01	7.553657423548171268e-02	3.024337789355693515e-02	7.956536818700800373e-02
1.268463350020415419e+03	2.423219179213543517e-01	1.502971196200761639e-01	2.632259512955246739e-01	1.587102431461806795e-01	7.556970694528836185e-02	3.026046036536726019e-02	7.961460070612084994e-02
1.269914681084511813e+03	2.421361715061294551e-01	1.501745449432512758e-01	2.633566394316135817e-01	1.587885861460706372e-01	7.560278490267488549e-02	3.027751853215243649e-02	7.966375453802011786e-02
1.271366012148608434e+03	2.419507423416016323e-01	1.500521796483728076e-01	2.634870962756560298e-01	1.588667913017674516e-01	7.563580819744364359e-02	3.029455243306409390e-02	7.971282980200672386e-02
1.272817343212705055e+03	2.417656298853466390e-01	1.499300233773960545e-01	2.636173222258818560e-01	1.589448588676169449e-01	7.566877691925520677e-02	3.031156210718868524e-02	7.976182661722709677e-02
1.274268674276801676e+03	2.415808335958684050e-01	1.498080757728892098e-01	2.637473176798388885e-01	1.590227890974666436e-01	7.570169115762856449e-02	3.032854759354759733e-02	7.981074510267315014e-02
1.275720005340898297e+03	2.413963529325976742e-01	1.496863364780324779e-01	2.638770830343942775e-01	1.591005822446670270e-01	7.573455100194130540e-02	3.034550893109724465e-02	7.985958537718250427e-02
1.277171336404994690e+03	2.412121873558902563e-01	1.495648051366168241e-01	2.640066186857354391e-01	1.591782385620724716e-01	7.576735654142986720e-02	3.036244615872918731e-02	7.990834755943851397e-02
1.278622667469091539e+03	2.410283363270254720e-01	1.494434813930430039e-01	2.641359250293714434e-01	1.592557583020423606e-01	7.580010786518967536e-02	3.037935931527024208e-02	7.995703176797040734e-02
1.280073998533187932e+03	2.408447993082045990e-01	1.493223648923206470e-01	2.642650024601338465e-01	1.593331417164420838e-01	7.583280506217546235e-02	3.039624843948258298e-02	8.000563812115338291e-02
1.281525329597284326e+03	2.406615757625492902e-01	1.492014552800670357e-01	2.643938513721782457e-01	1.594103890566442305e-01	7.586544822120133702e-02	3.041311357006385233e-02	8.005416673720866516e-02
1.282976660661381175e+03	2.404786651541000186e-01	1.490807522025061616e-01	2.645224721589851113e-01	1.594875005735294504e-01	7.589803743094106214e-02	3.042995474564727174e-02	8.010261773420367104e-02
1.284427991725477568e+03	2.402960669478143851e-01	1.489602553064676427e-01	2.646508652133610084e-01	1.595644765174876190e-01	7.593057277992826259e-02	3.044677200480173929e-02	8.015099123005209325e-02
1.285879322789574417e+03	2.401137806095657024e-01	1.488399642393856970e-01	2.647790309274399290e-01	1.596413171384188645e-01	7.596305435655659188e-02	3.046356538603194400e-02	8.019928734251399738e-02
1.287330653853671038e+03	2.399318056061413573e-01	1.487198786492981151e-01	2.649069696926843465e-01	1.597180226857345675e-01	7.599548224907996807e-02	3.048033492777846992e-02	8.024750618919591905e-02
1.288781984917767431e+03	2.397501414052412294e-01	1.485999981848451501e-01	2.650346818998863263e-01	1.597945934083584429e-01	7.602785654561276807e-02	3.049708066841790716e-02	8.029564788755098881e-02
1.290233315981864052e+03	2.395687874754761360e-01	1.484803224952686296e-01	2.651621679391685804e-01	1.598710295547275118e-01	7.606017733412999415e-02	3.051380264626295594e-02	8.034371255487902930e-02
