1.001418434226643626e+03	2.825334086402946365e-01	1.767761138798114584e-01	2.348063633272229334e-01	1.416624703624643211e-01	6.845443812484375279e-02	2.665781965591815586e-02	6.910938600935598308e-02
1.002869765290740247e+03	2.822789101681272284e-01	1.766082606173073333e-01	2.349872149116915554e-01	1.417711775836741350e-01	6.849929534145866861e-02	2.667992213104791732e-02	6.917521924660435806e-02
1.004321096354836754e+03	2.820248465989803610e-01	1.764406942428734804e-01	2.351677488140191952e-01	1.418796908168503679e-01	6.854407881374077749e-02	2.670199139158196608e-02	6.924094932186498907e-02
1.005772427418933376e+03	2.817712171891181838e-01	1.762734142654757696e-01	2.353479655804879833e-01	1.419880104277969901e-01	6.858878866093059967e-02	2.672402749241662226e-02	6.930657638368500906e-02
1.007223758483029997e+03	2.815180211960729983e-01	1.761064201949262831e-01	2.355278657564446598e-01	1.420961367815753995e-01	6.863342500208660657e-02	2.674603048835564462e-02	6.937210058044950001e-02
1.008675089547126618e+03	2.812652578786435376e-01	1.759397115418818436e-01	2.357074498863021284e-01	1.422040702425062808e-01	6.867798795608544282e-02	2.676800043411036931e-02	6.943752206038145136e-02
1.010126420611223239e+03	2.810129264968925789e-01	1.757732878178424329e-01	2.358867185135411215e-01	1.423118111741710767e-01	6.872247764162218997e-02	2.678993738429987989e-02	6.950284097154177387e-02
1.011577751675319632e+03	2.807610263121450012e-01	1.756071485351496098e-01	2.360656721807117275e-01	1.424193599394137644e-01	6.876689417721051911e-02	2.681184139345114958e-02	6.956805746182920247e-02
1.013029082739416367e+03	2.805095565869860641e-01	1.754412932069848718e-01	2.362443114294350555e-01	1.425267169003424372e-01	6.881123768118302397e-02	2.683371251599921126e-02	6.963317167898035176e-02
1.014480413803512761e+03	2.802585165852587989e-01	1.752757213473682130e-01	2.364226368004046785e-01	1.426338824183309983e-01	6.885550827169141519e-02	2.685555080628728580e-02	6.969818377056960501e-02
1.015931744867609382e+03	2.800079055720623988e-01	1.751104324711565685e-01	2.366006488333884661e-01	1.427408568540207146e-01	6.889970606670675624e-02	2.687735631856696950e-02	6.976309388400915579e-02
1.017383075931706003e+03	2.797577228137500538e-01	1.749454260940420947e-01	2.367783480672298602e-01	1.428476405673219929e-01	6.894383118401969934e-02	2.689912910699836582e-02	6.982790216654893856e-02
1.018834406995802851e+03	2.795079675779269524e-01	1.747807017325508361e-01	2.369557350398497353e-01	1.429542339174158516e-01	6.898788374124072142e-02	2.692086922565023466e-02	6.989260876527665645e-02
1.020285738059899245e+03	2.792586391334481721e-01	1.746162589040411162e-01	2.371328102882477307e-01	1.430606372627556688e-01	6.903186385580037387e-02	2.694257672850016924e-02	6.995721382711769798e-02
1.021737069123995752e+03	2.790097367504167369e-01	1.744520971267019549e-01	2.373095743485039988e-01	1.431668509610688200e-01	6.907577164494949074e-02	2.696425166943473492e-02	7.002171749883515095e-02
1.023188400188092373e+03	2.787612597001816184e-01	1.742882159195515424e-01	2.374860277557807597e-01	1.432728753693581214e-01	6.911960722575943850e-02	2.698589410224961488e-02	7.008611992702977467e-02
1.024639731252188767e+03	2.785132072553355154e-01	1.741246148024358231e-01	2.376621710443237445e-01	1.433787108439037172e-01	6.916337071512235202e-02	2.700750408064977320e-02	7.015042125813998608e-02
1.026091062316285615e+03	2.782655786897129113e-01	1.739612932960268865e-01	2.378380047474638881e-01	1.434843577402644399e-01	6.920706222975138433e-02	2.702908165824961448e-02	7.021462163844181814e-02
1.027542393380382237e+03	2.780183732783881312e-01	1.737982509218214955e-01	2.380135293976188005e-01	1.435898164132795030e-01	6.925068188618091480e-02	2.705062688857311215e-02	7.027872121404893369e-02
1.028993724444478858e+03	2.777715902976732876e-01	1.736354872021395324e-01	2.381887455262944042e-01	1.436950872170702498e-01	6.929422980076679894e-02	2.707213982505398894e-02	7.034272013091262543e-02
1.030445055508575479e+03	2.775252290251161713e-01	1.734730016601225555e-01	2.383636536640864889e-01	1.438001705050415413e-01	6.933770608968659044e-02	2.709362052103584523e-02	7.040661853482171884e-02
1.031896386572671872e+03	2.772792887394982531e-01	1.733107938197322451e-01	2.385382543406821820e-01	1.439050666298834491e-01	6.938111086893980484e-02	2.711506902977232208e-02	7.047041657140262760e-02
1.033347717636768493e+03	2.770337687208326849e-01	1.731488632057490151e-01	2.387125480848616144e-01	1.440097759435728375e-01	6.942444425434812771e-02	2.713648540442725396e-02	7.053411438611933981e-02
1.034799048700865114e+03	2.767886682503623019e-01	1.729872093437703762e-01	2.388865354244993633e-01	1.441142987973749734e-01	6.946770636155565060e-02	2.715786969807481438e-02	7.059771212427337628e-02
1.036250379764961508e+03	2.765439866105574573e-01	1.728258317602095473e-01	2.390602168865660904e-01	1.442186355418450805e-01	6.951089730602912076e-02	2.717922196369966861e-02	7.066120993100380443e-02
1.037701710829058356e+03	2.762997230851142461e-01	1.726647299822940407e-01	2.392335929971300124e-01	1.443227865268299770e-01	6.955401720305816327e-02	2.720054225419712632e-02	7.072460795128718281e-02
1.039153041893154750e+03	2.760558769589522843e-01	1.725039035380640517e-01	2.394066642813584833e-01	1.444267521014695188e-01	6.959706616775550303e-02	2.722183062237328380e-02	7.078790632993761656e-02
1.040604372957251599e+03	2.758124475182126556e-01	1.723433519563710437e-01	2.395794312635195211e-01	1.445305326141983204e-01	6.964004431505724235e-02	2.724308712094518706e-02	7.085110521160670194e-02
1.042055704021347992e+03	2.755694340502561346e-01	1.721830747668763040e-01	2.397518944669834451e-01	1.446341284127472815e-01	6.968295175972304134e-02	2.726431180254097406e-02	7.091420474078355407e-02
1.043507035085444613e+03	2.753268358436607999e-01	1.720230715000494459e-01	2.399240544142241527e-01	1.447375398441450856e-01	6.972578861633638159e-02	2.728550471970002042e-02	7.097720506179476530e-02
1.044958366149541234e+03	2.750846521882204798e-01	1.718633416871670205e-01	2.400959116268209237e-01	1.448407672547198377e-01	6.976855499930482984e-02	2.730666592487309557e-02	7.104010631880439131e-02
1.046409697213637855e+03	2.748428823749423100e-01	1.717038848603109902e-01	2.402674666254598357e-01	1.449438109901005911e-01	6.981125102286017681e-02	2.732779547042250845e-02	7.110290865581403441e-02
1.047861028277734476e+03	2.746015256960451234e-01	1.715447005523673407e-01	2.404387199299353184e-01	1.450466713952189290e-01	6.985387680105877017e-02	2.734889340862226362e-02	7.116561221666271864e-02
1.049312359341831097e+03	2.743605814449569524e-01	1.713857882970246105e-01	2.406096720591515969e-01	1.451493488143104638e-01	6.989643244778169506e-02	2.736995979165819312e-02	7.122821714502695911e-02
1.050763690405927491e+03	2.741200489163134746e-01	1.712271476287724470e-01	2.407803235311242740e-01	1.452518435909163630e-01	6.993891807673502381e-02	2.739099467162811954e-02	7.129072358442076207e-02
1.052215021470024112e+03	2.738799274059556810e-01	1.710687780829001359e-01	2.409506748629819117e-01	1.453541560678850431e-01	6.998133380145005189e-02	2.741199810054200520e-02	7.135313167819559710e-02
1.053666352534120733e+03	2.736402162109281555e-01	1.709106791954952131e-01	2.411207265709674197e-01	1.454562865873735289e-01	7.002367973528349221e-02	2.743297013032209089e-02	7.141544156954041100e-02
1.055117683598217127e+03	2.734009146294769654e-01	1.707528505034421051e-01	2.412904791704396645e-01	1.455582354908491194e-01	7.006595599141778041e-02	2.745391081280304513e-02	7.147765340148164170e-02
1.056569014662313975e+03	2.731620219610473299e-01	1.705952915444206019e-01	2.414599331758749967e-01	1.456600031190908029e-01	7.010816268286122754e-02	2.747482019973212022e-02	7.153976731688317658e-02
1.058020345726410369e+03	2.729235375062822877e-01	1.704380018569044419e-01	2.416290891008686381e-01	1.457615898121908671e-01	7.015029992244833923e-02	2.749569834276928762e-02	7.160178345844640801e-02
1.059471676790506763e+03	2.726854605670199216e-01	1.702809809801600072e-01	2.417979474581363197e-01	1.458629959095563700e-01	7.019236782283996834e-02	2.751654529348739053e-02	7.166370196871019171e-02
1.060923007854603611e+03	2.724477904462921929e-01	1.701242284542447414e-01	2.419665087595156971e-01	1.459642217499107775e-01	7.023436649652356478e-02	2.753736110337229315e-02	7.172552299005090226e-02
1.062374338918700232e+03	2.722105264483222209e-01	1.699677438200058455e-01	2.421347735159679049e-01	1.460652676712953235e-01	7.027629605581345307e-02	2.755814582382302286e-02	7.178724666468241922e-02
1.063825669982796853e+03	2.719736678785226736e-01	1.698115266190789174e-01	2.423027422375790552e-01	1.461661340110705365e-01	7.031815661285101271e-02	2.757889950615191599e-02	7.184887313465607162e-02
1.065277001046893474e+03	2.717372140434937133e-01	1.696555763938864259e-01	2.424704154335616535e-01	1.462668211059179046e-01	7.035994827960492803e-02	2.759962220158477392e-02	7.191040254186074898e-02
1.066728332110990095e+03	2.715011642510209988e-01	1.694998926876364331e-01	2.426377936122562640e-01	1.463673292918412361e-01	7.040167116787142410e-02	2.762031396126099145e-02	7.197183502802284583e-02
1.068179663175086489e+03	2.712655178100735753e-01	1.693444750443210967e-01	2.428048772811328138e-01	1.464676589041681853e-01	7.044332538927448872e-02	2.764097483623371293e-02	7.203317073470626164e-02
1.069630994239183110e+03	2.710302740308022651e-01	1.691893230087153921e-01	2.429716669467921475e-01	1.465678102775517522e-01	7.048491105526613620e-02	2.766160487746998145e-02	7.209440980331251192e-02
1.071082325303279504e+03	2.707954322245371137e-01	1.690344361263756701e-01	2.431381631149675815e-01	1.466677837459718359e-01	7.052642827712657381e-02	2.768220413585087414e-02	7.215555237508057551e-02
1.072533656367376352e+03	2.705609917037858914e-01	1.688798139436382129e-01	2.433043662905263194e-01	1.467675796427366230e-01	7.056787716596450710e-02	2.770277266217165135e-02	7.221659859108701951e-02
1.073984987431472746e+03	2.703269517822319279e-01	1.687254560076179299e-01	2.434702769774709508e-01	1.468671983004841419e-01	7.060925783271730649e-02	2.772331050714190587e-02	7.227754859224602701e-02
1.075436318495569594e+03	2.700933117747322254e-01	1.685713618662069702e-01	2.436358956789408670e-01	1.469666400511837612e-01	7.065057038815125701e-02	2.774381772138569471e-02	7.233840251930932774e-02
1.076887649559666215e+03	2.698600709973153489e-01	1.684175310680733895e-01	2.438012228972139261e-01	1.470659052261376332e-01	7.069181494286180811e-02	2.776429435544169877e-02	7.239916051286626741e-02
1.078338980623762609e+03	2.696272287671795387e-01	1.682639631626597077e-01	2.439662591337076747e-01	1.471649941559821373e-01	7.073299160727382351e-02	2.778474045976335807e-02	7.245982271334383551e-02
1.079790311687859230e+03	2.693947844026907124e-01	1.681106577001815205e-01	2.441310048889809847e-01	1.472639071706894343e-01	7.077410049164173378e-02	2.780515608471901060e-02	7.252038926100662364e-02
1.081241642751955851e+03	2.691627372233805771e-01	1.679576142316262233e-01	2.442954606627355252e-01	1.473626445995688261e-01	7.081514170604984171e-02	2.782554128059204143e-02	7.258086029595688105e-02
1.082692973816052472e+03	2.689310865499447423e-01	1.678048323087516225e-01	2.444596269538170941e-01	1.474612067712683383e-01	7.085611536041250269e-02	2.784589609758103199e-02	7.264123595813454237e-02
1.084144304880149093e+03	2.686998317042403328e-01	1.676523114840846040e-01	2.446235042602172838e-01	1.475595940137761353e-01	7.089702156447437453e-02	2.786622058579989528e-02	7.270151638731725541e-02
1.085595635944245487e+03	2.684689720092844345e-01	1.675000513109196620e-01	2.447870930790747579e-01	1.476578066544219081e-01	7.093786042781065337e-02	2.788651479527801819e-02	7.276170172312033946e-02
1.087046967008342108e+03	2.682385067892521513e-01	1.673480513433177053e-01	2.449503939066768055e-01	1.477558450198784845e-01	7.097863205982730961e-02	2.790677877596040371e-02	7.282179210499686861e-02
1.088498298072438729e+03	2.680084353694744403e-01	1.671963111361046694e-01	2.451134072384607843e-01	1.478537094361630777e-01	7.101933656976128217e-02	2.792701257770782014e-02	7.288178767223764398e-02
1.089949629136535123e+03	2.677787570764363356e-01	1.670448302448700462e-01	2.452761335690155364e-01	1.479514002286388685e-01	7.105997406668072836e-02	2.794721625029693290e-02	7.294168856397127698e-02
1.091400960200631971e+03	2.675494712377747275e-01	1.668936082259657172e-01	2.454385733920829149e-01	1.480489177220164487e-01	7.110054465948525970e-02	2.796738984342045028e-02	7.300149491916416156e-02
1.092852291264728365e+03	2.673205771822768084e-01	1.667426446365045112e-01	2.456007272005591158e-01	1.481462622403552087e-01	7.114104845690615020e-02	2.798753340668727607e-02	7.306120687662050195e-02
1.094303622328825213e+03	2.670920742398779080e-01	1.665919390343588713e-01	2.457625954864963436e-01	1.482434341070648087e-01	7.118148556750658607e-02	2.800764698962263100e-02	7.312082457498238208e-02
1.095754953392921607e+03	2.668639617416594945e-01	1.664414909781596619e-01	2.459241787411039770e-01	1.483404336449065664e-01	7.122185609968190168e-02	2.802773064166820885e-02	7.318034815272972393e-02
1.097206284457018228e+03	2.666362390198473986e-01	1.662913000272945863e-01	2.460854774547501789e-01	1.484372611759949279e-01	7.126216016165975997e-02	2.804778441218231180e-02	7.323977774818037079e-02
1.098657615521114849e+03	2.664089054078097041e-01	1.661413657419071044e-01	2.462464921169633114e-01	1.485339170217989113e-01	7.130239786150041614e-02	2.806780835043998570e-02	7.329911349949008725e-02
1.100108946585211470e+03	2.661819602400550266e-01	1.659916876828949894e-01	2.464072232164333798e-01	1.486304015031434389e-01	7.134256930709693967e-02	2.808780250563317274e-02	7.335835554465258701e-02
1.101560277649308091e+03	2.659554028522303493e-01	1.658422654119089956e-01	2.465676712410133919e-01	1.487267149402108912e-01	7.138267460617546412e-02	2.810776692687083633e-02	7.341750402149957444e-02
1.103011608713404712e+03	2.657292325811193012e-01	1.656930984913516092e-01	2.467278366777209409e-01	1.488228576525423841e-01	7.142271386629538144e-02	2.812770166317912074e-02	7.347655906770077239e-02
1.104462939777501106e+03	2.655034487646401598e-01	1.655441864843757160e-01	2.468877200127394533e-01	1.489188299590392672e-01	7.146268719484955012e-02	2.814760676350147248e-02	7.353552082076392216e-02
1.105914270841597499e+03	2.652780507418437961e-01	1.653955289548832142e-01	2.470473217314197723e-01	1.490146321779644845e-01	7.150259469906458665e-02	2.816748227669878604e-02	7.359438941803485290e-02
1.107365601905694348e+03	2.650530378529120656e-01	1.652471254675237922e-01	2.472066423182814332e-01	1.491102646269440446e-01	7.154243648600101813e-02	2.818732825154954269e-02	7.365316499669750938e-02
1.108816932969790741e+03	2.648284094391555321e-01	1.650989755876936527e-01	2.473656822570142744e-01	1.492057276229683538e-01	7.158221266255360149e-02	2.820714473674995615e-02	7.371184769377396584e-02
1.110268264033887590e+03	2.646041648430118576e-01	1.649510788815341522e-01	2.475244420304796855e-01	1.493010214823936033e-01	7.162192333545146228e-02	2.822693178091409752e-02	7.377043764612446763e-02
1.111719595097984211e+03	2.643803034080436931e-01	1.648034349159304135e-01	2.476829221207121345e-01	1.493961465209432959e-01	7.166156861125834443e-02	2.824668943257405140e-02	7.382893499044748675e-02
1.113170926162080832e+03	2.641568244789367359e-01	1.646560432585101874e-01	2.478411230089204442e-01	1.494911030537094121e-01	7.170114859637286009e-02	2.826641774018003733e-02	7.388733986327969405e-02
1.114622257226177226e+03	2.639337274014981194e-01	1.645089034776425208e-01	2.479990451754894021e-01	1.495858913951540192e-01	7.174066339702868389e-02	2.828611675210055548e-02	7.394565240099607029e-02
1.116073588290273847e+03	2.637110115226541929e-01	1.643620151424363685e-01	2.481566890999810371e-01	1.496805118591105210e-01	7.178011311929481664e-02	2.830578651662252546e-02	7.400387273980990610e-02
1.117524919354370468e+03	2.634886761904486896e-01	1.642153778227394278e-01	2.483140552611360907e-01	1.497749647587851007e-01	7.181949786907579347e-02	2.832542708195142506e-02	7.406200101577282979e-02
1.118976250418467089e+03	2.632667207540410614e-01	1.640689910891367509e-01	2.484711441368752938e-01	1.498692504067580533e-01	7.185881775211186429e-02	2.834503849621142213e-02	7.412003736477487670e-02
1.120427581482563710e+03	2.630451445637042585e-01	1.639228545129495507e-01	2.486279562043009761e-01	1.499633691149852011e-01	7.189807287397931290e-02	2.836462080744550987e-02	7.417798192254448919e-02
1.121878912546660331e+03	2.628239469708230636e-01	1.637769676662338691e-01	2.487844919396982879e-01	1.500573211947992258e-01	7.193726334009058199e-02	2.838417406361565948e-02	7.423583482464859995e-02
1.123330243610756725e+03	2.626031273278919831e-01	1.636313301217792726e-01	2.489407518185367818e-01	1.501511069569110568e-01	7.197638925569456447e-02	2.840369831260293465e-02	7.429359620649261808e-02
1.124781574674853118e+03	2.623826849885137480e-01	1.634859414531076860e-01	2.490967363154715231e-01	1.502447267114112583e-01	7.201545072587679786e-02	2.842319360220764771e-02	7.435126620332051239e-02
1.126232905738949967e+03	2.621626193073970934e-01	1.633408012344719495e-01	2.492524459043447549e-01	1.503381807677713344e-01	7.205444785555970011e-02	2.844265998014948102e-02	7.440884495021485301e-02
1.127684236803046360e+03	2.619429296403548157e-01	1.631959090408547364e-01	2.494078810581871752e-01	1.504314694348451442e-01	7.209338074950281949e-02	2.846209749406763273e-02	7.446633258209683914e-02
1.129135567867143209e+03	2.617236153443022184e-01	1.630512644479671369e-01	2.495630422492193801e-01	1.505245930208702065e-01	7.213224951230297333e-02	2.848150619152094512e-02	7.452372923372634073e-02
1.130586898931239830e+03	2.615046757772549468e-01	1.629068670322474655e-01	2.497179299488531679e-01	1.506175518334691155e-01	7.217105424839458105e-02	2.850088611998805033e-02	7.458103503970191228e-02
1.132038229995336451e+03	2.612861102983273232e-01	1.627627163708599833e-01	2.498725446276929829e-01	1.507103461796507893e-01	7.220979506204980303e-02	2.852023732686749177e-02	7.463825013446093171e-02
1.133489561059432845e+03	2.610679182677302923e-01	1.626188120416936500e-01	2.500268867555372476e-01	1.508029763658118583e-01	7.224847205737879030e-02	2.853955985947786989e-02	7.469537465227953088e-02
1.134940892123529466e+03	2.608500990467698122e-01	1.624751536233608462e-01	2.501809568013798613e-01	1.508954426977380525e-01	7.228708533832992056e-02	2.855885376505797740e-02	7.475240872727273445e-02
1.136392223187626087e+03	2.606326519978446887e-01	1.623317406951960973e-01	2.503347552334114212e-01	1.509877454806055341e-01	7.232563500869003403e-02	2.857811909076692428e-02	7.480935249339444593e-02
1.137843554251722708e+03	2.604155764844450216e-01	1.621885728372549074e-01	2.504882825190206663e-01	1.510798850189821463e-01	7.236412117208460004e-02	2.859735588368428685e-02	7.486620608443753100e-02
1.139294885315819101e+03	2.601988718711499837e-01	1.620456496303124272e-01	2.506415391247959201e-01	1.511718616168288287e-01	7.240254393197799454e-02	2.861656419081022237e-02	7.492296963403381749e-02
1.140746216379915950e+03	2.599825375236263225e-01	1.619029706558621773e-01	2.507945255165263121e-01	1.512636755775008945e-01	7.244090339167369441e-02	2.863574405906562162e-02	7.497964327565422027e-02
1.142197547444012343e+03	2.597665728086261949e-01	1.617605354961149378e-01	2.509472421592032765e-01	1.513553272037493902e-01	7.247919965431451339e-02	2.865489553529223382e-02	7.503622714260872739e-02
1.143648878508108737e+03	2.595509770939856131e-01	1.616183437339974438e-01	2.510996895170217735e-01	1.514468167977224000e-01	7.251743282288282411e-02	2.867401866625279849e-02	7.509272136804644171e-02
1.145100209572205586e+03	2.593357497486223351e-01	1.614763949531510534e-01	2.512518680533819548e-01	1.515381446609663785e-01	7.255560300020075237e-02	2.869311349863118768e-02	7.514912608495570578e-02
1.146551540636302207e+03	2.591208901425342548e-01	1.613346887379306094e-01	2.514037782308901070e-01	1.516293110944274269e-01	7.259371028893041311e-02	2.871218007903252739e-02	7.520544142616410188e-02
1.148002871700398828e+03	2.589063976467974038e-01	1.611932246734031904e-01	2.515554205113602615e-01	1.517203163984525982e-01	7.263175479157416015e-02	2.873121845398333638e-02	7.526166752433847973e-02
1.149454202764495449e+03	2.586922716335641748e-01	1.610520023453468619e-01	2.517067953558156379e-01	1.518111608727913397e-01	7.266973661047479438e-02	2.875022866993166490e-02	7.531780451198502591e-02
1.150905533828591842e+03	2.584785114760614344e-01	1.609110213402494272e-01	2.518579032244896432e-01	1.519018448165966040e-01	7.270765584781573032e-02	2.876921077324721271e-02	7.537385252144937486e-02
1.152356864892688463e+03	2.582651165485887468e-01	1.607702812453072616e-01	2.520087445768277590e-01	1.519923685284263193e-01	7.274551260562130139e-02	2.878816481022147128e-02	7.542981168491659505e-02
1.153808195956785084e+03	2.580520862265165971e-01	1.606297816484240637e-01	2.521593198714882633e-01	1.520827323062445280e-01	7.278330698575691260e-02	2.880709082706785912e-02	7.548568213441127217e-02
1.155259527020881706e+03	2.578394198862843378e-01	1.604895221382095505e-01	2.523096295663440070e-01	1.521729364474228297e-01	7.282103908992931807e-02	2.882598886992184320e-02	7.554146400179756471e-02
1.156710858084978327e+03	2.576271169053985788e-01	1.603495023039783474e-01	2.524596741184837456e-01	1.522629812487416023e-01	7.285870901968680147e-02	2.884485898484107774e-02	7.559715741877921780e-02
1.158162189149074720e+03	2.574151766624314108e-01	1.602097217357487391e-01	2.526094539842133058e-01	1.523528670063913071e-01	7.289631687641938418e-02	2.886370121780552911e-02	7.565276251689970199e-02
1.159613520213171569e+03	2.572035985370184075e-01	1.600701800242413930e-01	2.527589696190569724e-01	1.524425940159737092e-01	7.293386276135907509e-02	2.888251561471761458e-02	7.570827942754217166e-02
1.161064851277267962e+03	2.569923819098569595e-01	1.599308767608781934e-01	2.529082214777589321e-01	1.525321625725032659e-01	7.297134677558009264e-02	2.890130222140233421e-02	7.576370828192963147e-02
1.162516182341364356e+03	2.567815261627042212e-01	1.597918115377810755e-01	2.530572100142844394e-01	1.526215729704083757e-01	7.300876901999905910e-02	2.892006108360738875e-02	7.581904921112489482e-02
1.163967513405461204e+03	2.565710306783755557e-01	1.596529839477707213e-01	2.532059356818213702e-01	1.527108255035325712e-01	7.304612959537525041e-02	2.893879224700332195e-02	7.587430234603069479e-02
1.165418844469557826e+03	2.563608948407426480e-01	1.595143935843654215e-01	2.533543989327812218e-01	1.527999204651359633e-01	7.308342860231079041e-02	2.895749575718364541e-02	7.592946781738975359e-02
1.166870175533654447e+03	2.561511180347317285e-01	1.593760400417798540e-01	2.535026002188008332e-01	1.528888581478963504e-01	7.312066614125084518e-02	2.897617165966497738e-02	7.598454575578478254e-02
1.168321506597751068e+03	2.559416996463217964e-01	1.592379229149238629e-01	2.536505399907434399e-01	1.529776388439105517e-01	7.315784231248391445e-02	2.899481999988715378e-02	7.603953629163863470e-02
1.169772837661847461e+03	2.557326390625426216e-01	1.591000417994012928e-01	2.537982186987001176e-01	1.530662628446956552e-01	7.319495721614199812e-02	2.901344082321338086e-02	7.609443955521429104e-02
1.171224168725944082e+03	2.555239356714731902e-01	1.589623962915087396e-01	2.539456367919910029e-01	1.531547304411902954e-01	7.323201095220081835e-02	2.903203417493034968e-02	7.614925567661494366e-02
1.172675499790040703e+03	2.553155888622398173e-01	1.588249859882344406e-01	2.540927947191666814e-01	1.532430419237559016e-01	7.326900362048004156e-02	2.905060010024836104e-02	7.620398478578406520e-02
1.174126830854137097e+03	2.551075980250142594e-01	1.586878104872569417e-01	2.542396929280096307e-01	1.533311975821779749e-01	7.330593532064348661e-02	2.906913864430147459e-02	7.625862701250547826e-02
1.175578161918233945e+03	2.548999625510121048e-01	1.585508693869440155e-01	2.543863318655352757e-01	1.534191977056673373e-01	7.334280615219938848e-02	2.908764985214762344e-02	7.631318248640338309e-02
1.177029492982330339e+03	2.546926818324909969e-01	1.584141622863514676e-01	2.545327119779935421e-01	1.535070425828613250e-01	7.337961621450053706e-02	2.910613376876873548e-02	7.636765133694246865e-02
1.178480824046426733e+03	2.544857552627485808e-01	1.582776887852219705e-01	2.546788337108699118e-01	1.535947325018251208e-01	7.341636560674456857e-02	2.912459043907087569e-02	7.642203369342798203e-02
1.179932155110523581e+03	2.542791822361211151e-01	1.581414484839837320e-01	2.548246975088870325e-01	1.536822677500528922e-01	7.345305442797413209e-02	2.914301990788437102e-02	7.647632968500572836e-02
1.181383486174620202e+03	2.540729621479813072e-01	1.580054409837494955e-01	2.549703038160057167e-01	1.537696486144691510e-01	7.348968277707712549e-02	2.916142221996393183e-02	7.653053944066219583e-02
1.182834817238716823e+03	2.538670943947369252e-01	1.578696658863152913e-01	2.551156530754264407e-01	1.538568753814299195e-01	7.352625075278690359e-02	2.917979741998878718e-02	7.658466308922461108e-02
1.184286148302813444e+03	2.536615783738286889e-01	1.577341227941591872e-01	2.552607457295907323e-01	1.539439483367239514e-01	7.356275845368252797e-02	2.919814555256281322e-02	7.663870075936096704e-02
1.185737479366910065e+03	2.534564134837287153e-01	1.575988113104402066e-01	2.554055822201821146e-01	1.540308677655740366e-01	7.359920597818896126e-02	2.921646666221464073e-02	7.669265257958018944e-02
1.187188810431006686e+03	2.532515991239386866e-01	1.574637310389971068e-01	2.555501629881277714e-01	1.541176339526381389e-01	7.363559342457720591e-02	2.923476079339782166e-02	7.674651867823208129e-02
1.188640141495103080e+03	2.530471346949879630e-01	1.573288815843472410e-01	2.556944884735997681e-01	1.542042471820106730e-01	7.367192089096469276e-02	2.925302799049091240e-02	7.680029918350747553e-02
1.190091472559199701e+03	2.528430195984322504e-01	1.571942625516853931e-01	2.558385591160161066e-01	1.542907077372237257e-01	7.370818847531532270e-02	2.927126829779763337e-02	7.685399422343827669e-02
1.191542803623296322e+03	2.526392532368512689e-01	1.570598735468825835e-01	2.559823753540422797e-01	1.543770159012483045e-01	7.374439627543977194e-02	2.928948175954696614e-02	7.690760392589754413e-02
1.192994134687392716e+03	2.524358350138474205e-01	1.569257141764848484e-01	2.561259376255923814e-01	1.544631719564954209e-01	7.378054438899570022e-02	2.930766841989331309e-02	7.696112841859953368e-02
1.194445465751489564e+03	2.522327643340439018e-01	1.567917840477122127e-01	2.562692463678307164e-01	1.545491761848175050e-01	7.381663291348795897e-02	2.932582832291659100e-02	7.701456782909982257e-02
1.195896796815585958e+03	2.520300406030829277e-01	1.566580827684573851e-01	2.564123020171725220e-01	1.546350288675094331e-01	7.385266194626878555e-02	2.934396151262238378e-02	7.706792228479528162e-02
1.197348127879682352e+03	2.518276632276240101e-01	1.565246099472847319e-01	2.565551050092857444e-01	1.547207302853098598e-01	7.388863158453802538e-02	2.936206803294204651e-02	7.712119191292428344e-02
1.198799458943779200e+03	2.516256316153422379e-01	1.563913651934289717e-01	2.566976557790921487e-01	1.548062807184023837e-01	7.392454192534338164e-02	2.938014792773284770e-02	7.717437684056668856e-02
1.200250790007875821e+03	2.514239451749266663e-01	1.562583481167942046e-01	2.568399547607684852e-01	1.548916804464167130e-01	7.396039306558058191e-02	2.939820124077808378e-02	7.722747719464391480e-02
1.201702121071972442e+03	2.512226033160782634e-01	1.561255583279526071e-01	2.569820023877480430e-01	1.549769297484298869e-01	7.399618510199360011e-02	2.941622801578719706e-02	7.728049310191903443e-02
1.203153452136069063e+03	2.510216054495084115e-01	1.559929954381433781e-01	2.571237990927215944e-01	1.550620289029675247e-01	7.403191813117490638e-02	2.943422829639592495e-02	7.733342468899685740e-02
1.204604783200165684e+03	2.508209509869371856e-01	1.558606590592714614e-01	2.572653453076389485e-01	1.551469781880049081e-01	7.406759224956564747e-02	2.945220212616640396e-02	7.738627208232400079e-02
1.206056114264262078e+03	2.506206393410915778e-01	1.557285488039065746e-01	2.574066414637100064e-01	1.552317778809682858e-01	7.410320755345584098e-02	2.947014954858729816e-02	7.743903540818895814e-02
1.207507445328358699e+03	2.504206699257036650e-01	1.555966642852819604e-01	2.575476879914061490e-01	1.553164282587360112e-01	7.413876413898465301e-02	2.948807060707392749e-02	7.749171479272215501e-02
1.208958776392455093e+03	2.502210421555091657e-01	1.554650051172932201e-01	2.576884853204614578e-01	1.554009295976397087e-01	7.417426210214052296e-02	2.950596534496839271e-02	7.754431036189607385e-02
1.210410107456551941e+03	2.500217554462453862e-01	1.553335709144972043e-01	2.578290338798740478e-01	1.554852821734654389e-01	7.420970153876148279e-02	2.952383380553968636e-02	7.759682224152529562e-02
1.211861438520648335e+03	2.498228092146498047e-01	1.552023612921109019e-01	2.579693340979071214e-01	1.555694862614550034e-01	7.424508254453528189e-02	2.954167603198382466e-02	7.764925055726659697e-02
1.213312769584745183e+03	2.496242028784581291e-01	1.550713758660103581e-01	2.581093864020905237e-01	1.556535421363069438e-01	7.428040521499960913e-02	2.955949206742398278e-02	7.770159543461899188e-02
1.214764100648841804e+03	2.494259358564027140e-01	1.549406142527293695e-01	2.582491912192217964e-01	1.557374500721778188e-01	7.431566964554235655e-02	2.957728195491059892e-02	7.775385699892384261e-02
1.216215431712937971e+03	2.492280075682108409e-01	1.548100760694585132e-01	2.583887489753675104e-01	1.558212103426833972e-01	7.435087593140178586e-02	2.959504573742150271e-02	7.780603537536494307e-02
1.217666762777034819e+03	2.490304174346029964e-01	1.546797609340439250e-01	2.585280600958643760e-01	1.559048232208997964e-01	7.438602416766673664e-02	2.961278345786204705e-02	7.785813068896860201e-02
1.219118093841131440e+03	2.488331648772912075e-01	1.545496684649862174e-01	2.586671250053207971e-01	1.559882889793645366e-01	7.442111444927684838e-02	2.963049515906521908e-02	7.791014306460367078e-02
1.220569424905228061e+03	2.486362493189772926e-01	1.544197982814393411e-01	2.588059441276176487e-01	1.560716078900778736e-01	7.445614687102283802e-02	2.964818088379176861e-02	7.796207262698170992e-02
1.222020755969324682e+03	2.484396701833511967e-01	1.542901500032094475e-01	2.589445178859100527e-01	1.561547802245039085e-01	7.449112152754655547e-02	2.966584067473031910e-02	7.801391950065700298e-02
1.223472087033421303e+03	2.482434268950892697e-01	1.541607232507537506e-01	2.590828467026283777e-01	1.562378062535716150e-01	7.452603851334134444e-02	2.968347457449751342e-02	7.806568381002663981e-02
1.224923418097517697e+03	2.480475188798525465e-01	1.540315176451795276e-01	2.592209309994792377e-01	1.563206862476762271e-01	7.456089792275218120e-02	2.970108262563810747e-02	7.811736567933064146e-02
1.226374749161614318e+03	2.478519455642852753e-01	1.539025328082428146e-01	2.593587711974471022e-01	1.564034204766802105e-01	7.459569984997588277e-02	2.971866487062511247e-02	7.816896523265201568e-02
1.227826080225710712e+03	2.476567063760130305e-01	1.537737683623474350e-01	2.594963677167954619e-01	1.564860092099144284e-01	7.463044438906135669e-02	2.973622135185990251e-02	7.822048259391684022e-02
1.229277411289807560e+03	2.474618007436409639e-01	1.536452239305438061e-01	2.596337209770678278e-01	1.565684527161793627e-01	7.466513163390976759e-02	2.975375211167234982e-02	7.827191788689434604e-02
1.230728742353903954e+03	2.472672280967523062e-01	1.535168991365279123e-01	2.597708313970892302e-01	1.566507512637461963e-01	7.469976167827478697e-02	2.977125719232092890e-02	7.832327123519701451e-02
1.232180073418000802e+03	2.470729878659067291e-01	1.533887936046400002e-01	2.599076993949673842e-01	1.567329051203579793e-01	7.473433461576274583e-02	2.978873663599284835e-02	7.837454276228064676e-02
1.233631404482097196e+03	2.468790794826384305e-01	1.532609069598637741e-01	2.600443253880937999e-01	1.568149145532307387e-01	7.476885053983289842e-02	2.980619048480416880e-02	7.842573259144446085e-02
1.235082735546193817e+03	2.466855023794546631e-01	1.531332388278250356e-01	2.601807097931451707e-01	1.568967798290546445e-01	7.480330954379760255e-02	2.982361878079992090e-02	7.847684084583116115e-02
1.236534066610290438e+03	2.464922559898340138e-01	1.530057888347907402e-01	2.603168530260844826e-01	1.569785012139951474e-01	7.483771172082255563e-02	2.984102156595422675e-02	7.852786764842703549e-02
1.237985397674387059e+03	2.462993397482246827e-01	1.528785566076677482e-01	2.604527555021622365e-01	1.570600789736940617e-01	7.487205716392694721e-02	2.985839888217042479e-02	7.857881312206205227e-02
1.239436728738483680e+03	2.461067530900430123e-01	1.527515417740018810e-01	2.605884176359176685e-01	1.571415133732707581e-01	7.490634596598372275e-02	2.987575077128117734e-02	7.862967738940992990e-02
1.240888059802580301e+03	2.459144954516715997e-01	1.526247439619766166e-01	2.607238398411800828e-01	1.572228046773231913e-01	7.494057821971977784e-02	2.989307727504860596e-02	7.868046057298822005e-02
1.242339390866676695e+03	2.457225662704577429e-01	1.524981628004122569e-01	2.608590225310700172e-01	1.573039531499290655e-01	7.497475401771615255e-02	2.991037843516439199e-02	7.873116279515841864e-02
1.243790721930773088e+03	2.455309649847118025e-01	1.523717979187646232e-01	2.609939661180002979e-01	1.573849590546470556e-01	7.500887345240825343e-02	2.992765429324991538e-02	7.878178417812604917e-02
1.245242052994869937e+03	2.453396910337055925e-01	1.522456489471240848e-01	2.611286710136774825e-01	1.574658226545177786e-01	7.504293661608603394e-02	2.994490489085634838e-02	7.883232484394073203e-02
1.246693384058966330e+03	2.451487438576705480e-01	1.521197155162143655e-01	2.612631376291029706e-01	1.575465442120649040e-01	7.507694360089421648e-02	2.996213026946480118e-02	7.888278491449626784e-02
1.248144715123063179e+03	2.449581228977963099e-01	1.519939972573915998e-01	2.613973663745740583e-01	1.576271239892963749e-01	7.511089449883254221e-02	2.997933047048642954e-02	7.893316451153077618e-02
1.249596046187159800e+03	2.447678275962289207e-01	1.518684938026430564e-01	2.615313576596853262e-01	1.577075622477054906e-01	7.514478940175589594e-02	2.999650553526254926e-02	7.898346375662673724e-02
1.251047377251256421e+03	2.445778573960693536e-01	1.517432047845861942e-01	2.616651118933300268e-01	1.577878592482719333e-01	7.517862840137459757e-02	3.001365550506475063e-02	7.903368277121110286e-02
1.252498708315352815e+03	2.443882117413716804e-01	1.516181298364675800e-01	2.617986294837008066e-01	1.578680152514629065e-01	7.521241158925452697e-02	3.003078042109503035e-02	7.908382167655536588e-02
1.253950039379449436e+03	2.441988900771415449e-01	1.514932685921617506e-01	2.619319108382913153e-01	1.579480305172342725e-01	7.524613905681735992e-02	3.004788032448590246e-02	7.913388059377569894e-02
1.255401370443546057e+03	2.440098918493345814e-01	1.513686206861701300e-01	2.620649563638971502e-01	1.580279053050316351e-01	7.527981089534083181e-02	3.006495525630050250e-02	7.918385964383299613e-02
1.256852701507642678e+03	2.438212165048546098e-01	1.512441857536199752e-01	2.621977664666172436e-01	1.581076398737913669e-01	7.531342719595886248e-02	3.008200525753272625e-02	7.923375894753299786e-02
1.258304032571739299e+03	2.436328634915522762e-01	1.511199634302633210e-01	2.623303415518549175e-01	1.581872344819418019e-01	7.534698804966179220e-02	3.009903036910733382e-02	7.928357862552637414e-02
1.259755363635835920e+03	2.434448322582231650e-01	1.509959533524758979e-01	2.624626820243190495e-01	1.582666893874042358e-01	7.538049354729658980e-02	3.011603063188007107e-02	7.933331879830879396e-02
1.261206694699932314e+03	2.432571222546063561e-01	1.508721551572560216e-01	2.625947882880254047e-01	1.583460048475940907e-01	7.541394377956706085e-02	3.013300608663778066e-02	7.938297958622106409e-02
1.262658025764028707e+03	2.430697329313827038e-01	1.507485684822235661e-01	2.627266607462978021e-01	1.584251811194219706e-01	7.544733883703405586e-02	3.014995677409852692e-02	7.943256110944917070e-02
1.264109356828125556e+03	2.428826637401733102e-01	1.506251929656188537e-01	2.628582998017691130e-01	1.585042184592946879e-01	7.548067881011563673e-02	3.016688273491171038e-02	7.948206348802443200e-02
1.265560687892221949e+03	2.426959141335379155e-01	1.505020282463016834e-01	2.629897058563827050e-01	1.585831171231164294e-01	7.551396378908734053e-02	3.018378400965817179e-02	7.953148684182353989e-02
1.267012018956318798e+03	2.425094835649731495e-01	1.503790739637501372e-01	2.631208793113933853e-01	1.586618773662897275e-01	7.554719386408231818e-02	3.020066063885033097e-02	7.958083129056869875e-02
1.268463350020415419e+03	2.423233714889111434e-01	1.502563297580596091e-01	2.632518205673687883e-01	1.587404994437167094e-01	7.558036912509159821e-02	3.021751266293228044e-02	7.963009695382768094e-02
1.269914681084511813e+03	2.421375773607176984e-01	1.501337952699417222e-01	2.633825300241903200e-01	1.588189836097999297e-01	7.561348966196426713e-02	3.023434012227990686e-02	7.967928395101395167e-02
1.271366012148608434e+03	2.419521006366908422e-01	1.500114701407232742e-01	2.635130080810546560e-01	1.588973301184436748e-01	7.564655556440762207e-02	3.025114305720100899e-02	7.972839240138675232e-02
1.272817343212705055e+03	2.417669407740592191e-01	1.498893540123451273e-01	2.636432551364745192e-01	1.589755392230548237e-01	7.567956692198749002e-02	3.026792150793541913e-02	7.977742242405121142e-02
1.274268674276801676e+03	2.415820972309803971e-01	1.497674465273612643e-01	2.637732715882802337e-01	1.590536111765440686e-01	7.571252382412835269e-02	3.028467551465510721e-02	7.982637413795840020e-02
1.275720005340898297e+03	2.413975694665394245e-01	1.496457473289376505e-01	2.639030578336205579e-01	1.591315462313268869e-01	7.574542636011351304e-02	3.030140511746430218e-02	7.987524766190549907e-02
1.277171336404994690e+03	2.412133569407471645e-01	1.495242560608511517e-01	2.640326142689640720e-01	1.592093446393245959e-01	7.577827461908537288e-02	3.031811035639959614e-02	7.992404311453582544e-02
1.278622667469091539e+03	2.410294591145386023e-01	1.494029723674886456e-01	2.641619412901002883e-01	1.592870066519655459e-01	7.581106869004559934e-02	3.033479127143007617e-02	7.997276061433900018e-02
1.280073998533187932e+03	2.408458754497714294e-01	1.492818958938457730e-01	2.642910392921408169e-01	1.593645325201859531e-01	7.584380866185533310e-02	3.035144790245742491e-02	8.002140027965096158e-02
1.281525329597284326e+03	2.406626054092244338e-01	1.491610262855260216e-01	2.644199086695205314e-01	1.594419224944311209e-01	7.587649462323541039e-02	3.036808028931603856e-02	8.006996222865417345e-02
1.282976660661381175e+03	2.404796484565958348e-01	1.490403631887396441e-01	2.645485498159986237e-01	1.595191768246564112e-01	7.590912666276652954e-02	3.038468847177313789e-02	8.011844657937761127e-02
1.284427991725477568e+03	2.402970040565017562e-01	1.489199062503026305e-01	2.646769631246598253e-01	1.595962957603283272e-01	7.594170486888945915e-02	3.040127248952888619e-02	8.016685344969692872e-02
1.285879322789574417e+03	2.401146716744747278e-01	1.487996551176356264e-01	2.648051489879156839e-01	1.596732795504255120e-01	7.597422932990523237e-02	3.041783238221649685e-02	8.021518295733455484e-02
1.287330653853671038e+03	2.399326507769619365e-01	1.486796094387629330e-01	2.649331077975055626e-01	1.597501284434398316e-01	7.600670013397542446e-02	3.043436818940236169e-02	8.026343521985979113e-02
1.288781984917767431e+03	2.397509408313238666e-01	1.485597688623115087e-01	2.650608399444978058e-01	1.598268426873773740e-01	7.603911736912220831e-02	3.045087995058613772e-02	8.031161035468888099e-02
1.290233315981864052e+03	2.395695413058325784e-01	1.484401330375098305e-01	2.651883458192910159e-01	1.599034225297595868e-01	7.607148112322871525e-02	3.046736770520088247e-02	8.035970847908514847e-02
