1.001418434226643626e+03	2.825440726055254426e-01	1.767347960129251327e-01	2.348239998048657629e-01	1.416694127536645142e-01	6.845675690387134638e-02	2.665201256621680184e-02	6.911894935283741104e-02
1.002869765290740247e+03	2.822895033677715326e-01	1.765669793874987958e-01	2.350048936456250459e-01	1.417781991716374479e-01	6.850164516882510657e-02	2.667396990959528327e-02	6.918480934895314405e-02
1.004321096354836754e+03	2.820353692311430849e-01	1.763994496364193476e-01	2.351854696507273967e-01	1.418867919789534304e-01	6.854645975021028681e-02	2.669589354218558294e-02	6.925056621026720594e-02
1.005772427418933376e+03	2.817816694514736486e-01	1.762322062686171864e-01	2.353657283668247890e-01	1.419951915403259990e-01	6.859120076704430802e-02	2.671778352042149945e-02	6.931622008519890132e-02
1.007223758483029997e+03	2.815284032858657581e-01	1.760652487938692556e-01	2.355456703396330842e-01	1.421033982197267564e-01	6.863586833816417987e-02	2.673963990064071386e-02	6.938177112200656638e-02
1.008675089547126618e+03	2.812755699926891562e-01	1.758985767227973229e-01	2.357252961139335856e-01	1.422114123803871200e-01	6.868046258222665346e-02	2.676146273908495965e-02	6.944721946878755492e-02
1.010126420611223239e+03	2.810231688315784071e-01	1.757321895668664535e-01	2.359046062335746208e-01	1.423192343847999308e-01	6.872498361770851272e-02	2.678325209190018930e-02	6.951256527347825231e-02
1.011577751675319632e+03	2.807711990634311205e-01	1.755660868383834838e-01	2.360836012414731511e-01	1.424268645947211476e-01	6.876943156290678261e-02	2.680500801513672690e-02	6.957780868385397832e-02
1.013029082739416367e+03	2.805196599504057864e-01	1.754002680504953837e-01	2.362622816796163261e-01	1.425343033711715113e-01	6.881380653593889563e-02	2.682673056474944168e-02	6.964294984752901485e-02
1.014480413803512761e+03	2.802685507559199984e-01	1.752347327171877578e-01	2.364406480890630935e-01	1.426415510744381554e-01	6.885810865474295550e-02	2.684841979659791100e-02	6.970798891195652269e-02
1.015931744867609382e+03	2.800178707446479565e-01	1.750694803532831800e-01	2.366187010099458643e-01	1.427486080640763544e-01	6.890233803707791760e-02	2.687007576644656962e-02	6.977292602442855540e-02
1.017383075931706003e+03	2.797676191825188008e-01	1.749045104744398060e-01	2.367964409814719562e-01	1.428554746989111335e-01	6.894649480052386648e-02	2.689169852996489002e-02	6.983776133207598991e-02
1.018834406995802851e+03	2.795177953367143919e-01	1.747398225971497354e-01	2.369738685419252311e-01	1.429621513370388231e-01	6.899057906248216854e-02	2.691328814272752473e-02	6.990249498186854038e-02
1.020285738059899245e+03	2.792683984756674787e-01	1.745754162387374575e-01	2.371509842286677050e-01	1.430686383358288349e-01	6.903459094017573572e-02	2.693484466021449017e-02	6.996712712061468886e-02
1.021737069123995752e+03	2.790194278690594776e-01	1.744112909173583525e-01	2.373277885781411300e-01	1.431749360519252445e-01	6.907853055064919201e-02	2.695636813781130889e-02	7.003165789496171301e-02
1.023188400188092373e+03	2.787708827878184747e-01	1.742474461519971096e-01	2.375042821258684655e-01	1.432810448412484006e-01	6.912239801076916490e-02	2.697785863080918306e-02	7.009608745139560282e-02
1.024639731252188767e+03	2.785227625041172272e-01	1.740838814624663666e-01	2.376804654064555711e-01	1.433869650589965905e-01	6.916619343722446578e-02	2.699931619440514366e-02	7.016041593624107453e-02
1.026091062316285615e+03	2.782750662913711093e-01	1.739205963694049895e-01	2.378563389535926498e-01	1.434926970596476503e-01	6.920991694652627035e-02	2.702074088370222393e-02	7.022464349566157060e-02
1.027542393380382237e+03	2.780277934242360582e-01	1.737575903942766564e-01	2.380319033000559970e-01	1.435982411969605743e-01	6.925356865500841008e-02	2.704213275370961553e-02	7.028877027565916258e-02
1.028993724444478858e+03	2.777809431786066319e-01	1.735948630593683595e-01	2.382071589777092768e-01	1.437035978239771805e-01	6.929714867882755258e-02	2.706349185934281767e-02	7.035279642207460660e-02
1.030445055508575479e+03	2.775345148316139543e-01	1.734324138877888499e-01	2.383821065175054377e-01	1.438087672930236371e-01	6.934065713396339592e-02	2.708481825542381066e-02	7.041672208058727400e-02
1.031896386572671872e+03	2.772885076616236621e-01	1.732702424034672228e-01	2.385567464494879886e-01	1.439137499557121280e-01	6.938409413621893229e-02	2.710611199668121196e-02	7.048054739671517910e-02
1.033347717636768493e+03	2.770429209482337951e-01	1.731083481311513905e-01	2.387310793027926092e-01	1.440185461629424901e-01	6.942745980122067007e-02	2.712737313775043235e-02	7.054427251581489589e-02
1.034799048700865114e+03	2.767977539722729641e-01	1.729467305964065005e-01	2.389051056056487876e-01	1.441231562649037679e-01	6.947075424441878644e-02	2.714860173317383552e-02	7.060789758308159969e-02
1.036250379764961508e+03	2.765530060157980752e-01	1.727853893256136031e-01	2.390788258853813741e-01	1.442275806110757397e-01	6.951397758108744662e-02	2.716979783740089763e-02	7.067142274354905329e-02
1.037701710829058356e+03	2.763086763620926090e-01	1.726243238459680696e-01	2.392522406684119418e-01	1.443318195502307222e-01	6.955712992632492875e-02	2.719096150478837390e-02	7.073484814208953753e-02
1.039153041893154750e+03	2.760647642956642889e-01	1.724635336854782042e-01	2.394253504802605625e-01	1.444358734304349301e-01	6.960021139505390142e-02	2.721209278960044081e-02	7.079817392341389293e-02
1.040604372957251599e+03	2.758212691022432494e-01	1.723030183729636622e-01	2.395981558455472504e-01	1.445397425990501417e-01	6.964322210202160413e-02	2.723319174600886267e-02	7.086140023207146421e-02
1.042055704021347992e+03	2.755781900687799824e-01	1.721427774380540621e-01	2.397706572879934328e-01	1.446434274027353639e-01	6.968616216180012479e-02	2.725425842809315463e-02	7.092452721245012803e-02
1.043507035085444613e+03	2.753355264834433380e-01	1.719828104111875144e-01	2.399428553304235601e-01	1.447469281874482760e-01	6.972903168878655245e-02	2.727529288984073194e-02	7.098755500877626523e-02
1.044958366149541234e+03	2.750932776356183607e-01	1.718231168236091233e-01	2.401147504947666877e-01	1.448502452984468669e-01	6.977183079720325476e-02	2.729629518514706948e-02	7.105048376511476083e-02
1.046409697213637855e+03	2.748514428159046785e-01	1.716636962073696537e-01	2.402863433020579476e-01	1.449533790802910449e-01	6.981455960109804459e-02	2.731726536781585446e-02	7.111331362536894851e-02
1.047861028277734476e+03	2.746100213161138948e-01	1.715045480953238666e-01	2.404576342724400462e-01	1.450563298768440534e-01	6.985721821434442980e-02	2.733820349155914597e-02	7.117604473328066617e-02
1.049312359341831097e+03	2.743690124292680332e-01	1.713456720211293804e-01	2.406286239251647918e-01	1.451590980312742751e-01	6.989980675064184912e-02	2.735910960999754504e-02	7.123867723243020034e-02
1.050763690405927491e+03	2.741284154495974290e-01	1.711870675192448954e-01	2.407993127785946763e-01	1.452616838860565363e-01	6.994232532351585263e-02	2.737998377666032990e-02	7.130121126623632788e-02
1.052215021470024112e+03	2.738882296725385079e-01	1.710287341249290549e-01	2.409697013502044016e-01	1.453640877829738276e-01	6.998477404631832377e-02	2.740082604498561558e-02	7.136364697795626044e-02
1.053666352534120733e+03	2.736484543947321213e-01	1.708706713742387528e-01	2.411397901565823509e-01	1.454663100631187755e-01	7.002715303222775689e-02	2.742163646832052742e-02	7.142598451068565835e-02
1.055117683598217127e+03	2.734090889140213809e-01	1.707128788040279399e-01	2.413095797134320875e-01	1.455683510668951963e-01	7.006946239424940992e-02	2.744241509992133288e-02	7.148822400735865834e-02
1.056569014662313975e+03	2.731701325294494942e-01	1.705553559519460138e-01	2.414790705355739087e-01	1.456702111340196504e-01	7.011170224521552641e-02	2.746316199295360805e-02	7.155036561074784585e-02
1.058020345726410369e+03	2.729315845412579322e-01	1.703981023564365427e-01	2.416482631369463729e-01	1.457718906035229967e-01	7.015387269778564083e-02	2.748387720049239730e-02	7.161240946346419944e-02
1.059471676790506763e+03	2.726934442508845424e-01	1.702411175567357382e-01	2.418171580306077428e-01	1.458733898137518914e-01	7.019597386444667575e-02	2.750456077552236242e-02	7.167435570795720190e-02
1.060923007854603611e+03	2.724557109609612726e-01	1.700844010928710681e-01	2.419857557287375949e-01	1.459747091023703147e-01	7.023800585751326098e-02	2.752521277093792490e-02	7.173620448651477077e-02
1.062374338918700232e+03	2.722183839753124501e-01	1.699279525056599516e-01	2.421540567426381518e-01	1.460758488063611249e-01	7.027996878912788625e-02	2.754583323954344631e-02	7.179795594126323066e-02
1.063825669982796853e+03	2.719814625989525059e-01	1.697717713367082326e-01	2.423220615827359758e-01	1.461768092620275850e-01	7.032186277126116491e-02	2.756642223405335670e-02	7.185961021416739647e-02
1.065277001046893474e+03	2.717449461380843090e-01	1.696158571284088201e-01	2.424897707585833284e-01	1.462775908049948337e-01	7.036368791571205594e-02	2.758697980709232805e-02	7.192116744703053177e-02
1.066728332110990095e+03	2.715088339000968909e-01	1.694602094239402446e-01	2.426571847788597802e-01	1.463781937702114677e-01	7.040544433410804437e-02	2.760750601119540612e-02	7.198262778149432106e-02
1.068179663175086489e+03	2.712731251935636689e-01	1.693048277672653812e-01	2.428243041513735989e-01	1.464786184919510126e-01	7.044713213790537720e-02	2.762800089880819085e-02	7.204399135903895302e-02
1.069630994239183110e+03	2.710378193282403370e-01	1.691497117031299513e-01	2.429911293830632202e-01	1.465788653038133660e-01	7.048875143838931323e-02	2.764846452228696128e-02	7.210525832098305110e-02
1.071082325303279504e+03	2.708029156150629224e-01	1.689948607770611622e-01	2.431576609799988853e-01	1.466789345387263799e-01	7.053030234667428955e-02	2.766889693389884552e-02	7.216642880848370134e-02
1.072533656367376352e+03	2.705684133661457325e-01	1.688402745353663470e-01	2.433238994473839734e-01	1.467788265289474148e-01	7.057178497370418524e-02	2.768929818582197347e-02	7.222750296253650781e-02
1.073984987431472746e+03	2.703343118947795221e-01	1.686859525251316050e-01	2.434898452895566390e-01	1.468785416060646998e-01	7.061319943025254342e-02	2.770966833014561204e-02	7.228848092397552327e-02
1.075436318495569594e+03	2.701006105154294401e-01	1.685318942942203024e-01	2.436554990099910889e-01	1.469780801009988869e-01	7.065454582692275165e-02	2.773000741887033521e-02	7.234936283347331853e-02
1.076887649559666215e+03	2.698673085437330310e-01	1.683780993912718238e-01	2.438208611112992474e-01	1.470774423440045497e-01	7.069582427414829173e-02	2.775031550390816976e-02	7.241014883154096859e-02
1.078338980623762609e+03	2.696344052964983473e-01	1.682245673657002116e-01	2.439859320952321164e-01	1.471766286646716548e-01	7.073703488219293400e-02	2.777059263708274786e-02	7.247083905852806651e-02
1.079790311687859230e+03	2.694019000917018403e-01	1.680712977676926956e-01	2.441507124626813019e-01	1.472756393919270324e-01	7.077817776115098714e-02	2.779083887012944593e-02	7.253143365462272341e-02
1.081241642751955851e+03	2.691697922484865280e-01	1.679182901482084711e-01	2.443152027136805127e-01	1.473744748540359029e-01	7.081925302094753405e-02	2.781105425469555456e-02	7.259193275985158234e-02
1.082692973816052472e+03	2.689380810871599969e-01	1.677655440589771729e-01	2.444794033474069206e-01	1.474731353786032373e-01	7.086026077133858458e-02	2.783123884234041390e-02	7.265233651407985993e-02
1.084144304880149093e+03	2.687067659291923483e-01	1.676130590524976260e-01	2.446433148621826870e-01	1.475716212925753668e-01	7.090120112191135304e-02	2.785139268453557665e-02	7.271264505701131864e-02
1.085595635944245487e+03	2.684758460972143657e-01	1.674608346820364302e-01	2.448069377554764892e-01	1.476699329222412871e-01	7.094207418208443860e-02	2.787151583266494342e-02	7.277285852818833611e-02
1.087046967008342108e+03	2.682453209150155171e-01	1.673088705016267386e-01	2.449702725239048806e-01	1.477680705932343519e-01	7.098288006110807513e-02	2.789160833802491885e-02	7.283297706699183582e-02
1.088498298072438729e+03	2.680151897075419565e-01	1.671571660660667868e-01	2.451333196632338174e-01	1.478660346305334383e-01	7.102361886806435320e-02	2.791167025182456421e-02	7.289300081264139808e-02
1.089949629136535123e+03	2.677854518008946916e-01	1.670057209309185331e-01	2.452960796683800460e-01	1.479638253584646679e-01	7.106429071186738666e-02	2.793170162518575361e-02	7.295292990419521839e-02
1.091400960200631971e+03	2.675561065223274748e-01	1.668545346525064366e-01	2.454585530334126298e-01	1.480614431007026832e-01	7.110489570126360404e-02	2.795170250914329885e-02	7.301276448055014912e-02
1.092852291264728365e+03	2.673271532002449158e-01	1.667036067879159866e-01	2.456207402515543925e-01	1.481588881802721747e-01	7.114543394483192895e-02	2.797167295464511941e-02	7.307250468044171332e-02
1.094303622328825213e+03	2.670985911642007049e-01	1.665529368949924538e-01	2.457826418151832781e-01	1.482561609195492958e-01	7.118590555098401607e-02	2.799161301255239168e-02	7.313215064244410479e-02
1.095754953392921607e+03	2.668704197448953930e-01	1.664025245323395852e-01	2.459442582158339052e-01	1.483532616402631066e-01	7.122631062796441759e-02	2.801152273363967729e-02	7.319170250497022967e-02
1.097206284457018228e+03	2.666426382741745593e-01	1.662523692593181057e-01	2.461055899441989547e-01	1.484501906634969892e-01	7.126664928385087472e-02	2.803140216859508621e-02	7.325116040627174807e-02
1.098657615521114849e+03	2.664152460850269799e-01	1.661024706360446357e-01	2.462666374901305855e-01	1.485469483096901744e-01	7.130692162655451194e-02	2.805125136802043631e-02	7.331052448443903247e-02
1.100108946585211470e+03	2.661882425115825179e-01	1.659528282233901919e-01	2.464274013426419607e-01	1.486435348986390181e-01	7.134712776382004518e-02	2.807107038243136787e-02	7.336979487740127870e-02
1.101560277649308091e+03	2.659616268891104029e-01	1.658034415829788832e-01	2.465878819899085805e-01	1.487399507494985562e-01	7.138726780322597609e-02	2.809085926225752053e-02	7.342897172292643659e-02
1.103011608713404712e+03	2.657353985540171215e-01	1.656543102771867171e-01	2.467480799192697805e-01	1.488361961807838363e-01	7.142734185218485576e-02	2.811061805784266510e-02	7.348805515862127935e-02
1.104462939777501106e+03	2.655095568438445852e-01	1.655054338691401561e-01	2.469079956172302026e-01	1.489322715103714445e-01	7.146735001794350672e-02	2.813034681944485624e-02	7.354704532193148681e-02
1.105914270841597499e+03	2.652841010972681324e-01	1.653568119227148414e-01	2.470676295694611002e-01	1.490281770555008378e-01	7.150729240758320338e-02	2.815004559723657471e-02	7.360594235014156217e-02
1.107365601905694348e+03	2.650590306540946961e-01	1.652084440025343159e-01	2.472269822608018364e-01	1.491239131327757039e-01	7.154716912801989404e-02	2.816971444130487653e-02	7.366474638037490141e-02
1.108816932969790741e+03	2.648343448552608614e-01	1.650603296739686365e-01	2.473860541752613829e-01	1.492194800581655156e-01	7.158698028600449237e-02	2.818935340165153874e-02	7.372345754959386266e-02
1.110268264033887590e+03	2.646100430428308115e-01	1.649124685031332360e-01	2.475448457960195692e-01	1.493148781470067799e-01	7.162672598812296065e-02	2.820896252819320507e-02	7.378207599459975230e-02
1.111719595097984211e+03	2.643861245599947174e-01	1.647648600568873967e-01	2.477033576054286090e-01	1.494101077140045364e-01	7.166640634079664285e-02	2.822854187076152821e-02	7.384060185203285276e-02
1.113170926162080832e+03	2.641625887510665738e-01	1.646175039028331955e-01	2.478615900850145437e-01	1.495051690732337735e-01	7.170602145028244501e-02	2.824809147910331900e-02	7.389903525837246412e-02
1.114622257226177226e+03	2.639394349614823110e-01	1.644703996093140053e-01	2.480195437154785743e-01	1.496000625381407878e-01	7.174557142267305732e-02	2.826761140288069213e-02	7.395737634993694576e-02
1.116073588290273847e+03	2.637166625377979634e-01	1.643235467454133014e-01	2.481772189766985603e-01	1.496947884215444613e-01	7.178505636389717615e-02	2.828710169167120494e-02	7.401562526288373023e-02
1.117524919354370468e+03	2.634942708276878376e-01	1.641769448809533571e-01	2.483346163477303248e-01	1.497893470356378709e-01	7.182447637971965670e-02	2.830656239496801008e-02	7.407378213320935101e-02
1.118976250418467089e+03	2.632722591799424028e-01	1.640305935864939946e-01	2.484917363068091800e-01	1.498837386919894543e-01	7.186383157574185998e-02	2.832599356217999076e-02	7.413184709674949802e-02
1.120427581482563710e+03	2.630506269444665701e-01	1.638844924333312247e-01	2.486485793313512604e-01	1.499779637015445921e-01	7.190312205740176377e-02	2.834539524263191348e-02	7.418982028917903149e-02
1.121878912546660331e+03	2.628293734722778607e-01	1.637386409934960541e-01	2.488051458979549102e-01	1.500720223746268012e-01	7.194234792997421246e-02	2.836476748556457025e-02	7.424770184601200973e-02
1.123330243610756725e+03	2.626084981155041853e-01	1.635930388397530688e-01	2.489614364824021264e-01	1.501659150209392612e-01	7.198150929857112523e-02	2.838411034013490694e-02	7.430549190260175851e-02
1.124781574674853118e+03	2.623880002273824008e-01	1.634476855455993249e-01	2.491174515596598638e-01	1.502596419495660085e-01	7.202060626814175970e-02	2.840342385541618983e-02	7.436319059414087107e-02
1.126232905738949967e+03	2.621678791622560900e-01	1.633025806852629880e-01	2.492731916038816165e-01	1.503532034689734620e-01	7.205963894347285070e-02	2.842270808039813745e-02	7.442079805566129136e-02
1.127684236803046360e+03	2.619481342755736741e-01	1.631577238337020563e-01	2.494286570884086673e-01	1.504465998870117560e-01	7.209860742918891563e-02	2.844196306398705937e-02	7.447831442203428631e-02
1.129135567867143209e+03	2.617287649238868585e-01	1.630131145666031400e-01	2.495838484857714479e-01	1.505398315109160168e-01	7.213751182975240706e-02	2.846118885500600881e-02	7.453573982797050135e-02
1.130586898931239830e+03	2.615097704648485233e-01	1.628687524603801284e-01	2.497387662676910924e-01	1.506328986473077503e-01	7.217635224946392092e-02	2.848038550219491108e-02	7.459307440802005751e-02
1.132038229995336451e+03	2.612911502572106692e-01	1.627246370921729968e-01	2.498934109050806318e-01	1.507258016021963409e-01	7.221512879246248795e-02	2.849955305421072310e-02	7.465031829657253759e-02
1.133489561059432845e+03	2.610729036608229192e-01	1.625807680398465016e-01	2.500477828680465198e-01	1.508185406809801066e-01	7.225384156272571246e-02	2.851869155962755836e-02	7.470747162785702777e-02
1.134940892123529466e+03	2.608550300366305197e-01	1.624371448819889596e-01	2.502018826258898820e-01	1.509111161884479635e-01	7.229249066407003599e-02	2.853780106693683608e-02	7.476453453594215925e-02
1.136392223187626087e+03	2.606375287466723423e-01	1.622937671979108876e-01	2.503557106471080429e-01	1.510035284287805646e-01	7.233107620015094552e-02	2.855688162454742690e-02	7.482150715473617764e-02
1.137843554251722708e+03	2.604203991540791074e-01	1.621506345676439476e-01	2.505092673993958297e-01	1.510957777055516593e-01	7.236959827446315385e-02	2.857593328078578826e-02	7.487838961798694293e-02
1.139294885315819101e+03	2.602036406230715526e-01	1.620077465719395315e-01	2.506625533496468772e-01	1.511878643217294815e-01	7.240805699034086329e-02	2.859495608389610657e-02	7.493518205928202669e-02
1.140746216379915950e+03	2.599872525189586003e-01	1.618651027922675401e-01	2.508155689639551267e-01	1.512797885796780817e-01	7.244645245095795993e-02	2.861395008204043952e-02	7.499188461204869816e-02
1.142197547444012343e+03	2.597712342081354153e-01	1.617227028108151610e-01	2.509683147076161580e-01	1.513715507811586591e-01	7.248478475932823573e-02	2.863291532329884093e-02	7.504849740955399362e-02
1.143648878508108737e+03	2.595555850580816282e-01	1.615805462104856483e-01	2.511207910451284109e-01	1.514631512273308112e-01	7.252305401830559661e-02	2.865185185566953771e-02	7.510502058490477195e-02
1.145100209572205586e+03	2.593403044373593924e-01	1.614386325748970730e-01	2.512729984401948502e-01	1.515545902187539762e-01	7.256126033058428459e-02	2.867075972706902703e-02	7.516145427104775623e-02
1.146551540636302207e+03	2.591253917156117748e-01	1.612969614883810188e-01	2.514249373557240208e-01	1.516458680553886551e-01	7.259940379869908589e-02	2.868963898533223936e-02	7.521779860076956148e-02
1.148002871700398828e+03	2.589108462635605901e-01	1.611555325359814439e-01	2.515766082538316017e-01	1.517369850365977157e-01	7.263748452502555297e-02	2.870848967821268416e-02	7.527405370669676410e-02
1.149454202764495449e+03	2.586966674530047361e-01	1.610143453034534322e-01	2.517280115958416831e-01	1.518279414611478362e-01	7.267550261178022664e-02	2.872731185338256443e-02	7.533021972129594346e-02
1.150905533828591842e+03	2.584828546568183616e-01	1.608733993772618609e-01	2.518791478422879870e-01	1.519187376272106704e-01	7.271345816102084414e-02	2.874610555843294321e-02	7.538629677687372355e-02
1.152356864892688463e+03	2.582694072489490345e-01	1.607326943445802903e-01	2.520300174529156445e-01	1.520093738323642085e-01	7.275135127464653351e-02	2.876487084087386153e-02	7.544228500557681460e-02
1.153808195956785084e+03	2.580563246044158543e-01	1.605922297932896869e-01	2.521806208866821386e-01	1.520998503735941088e-01	7.278918205439807720e-02	2.878360774813448417e-02	7.549818453939209639e-02
1.155259527020881706e+03	2.578436060993076762e-01	1.604520053119771750e-01	2.523309586017586370e-01	1.521901675472950299e-01	7.282695060185806479e-02	2.880231632756323837e-02	7.555399551014661819e-02
1.156710858084978327e+03	2.576312511107811676e-01	1.603120204899348700e-01	2.524810310555317683e-01	1.522803256492717416e-01	7.286465701845117049e-02	2.882099662642795268e-02	7.560971804950769593e-02
1.158162189149074720e+03	2.574192590170593098e-01	1.601722749171586579e-01	2.526308387046044546e-01	1.523703249747406507e-01	7.290230140544433357e-02	2.883964869191599917e-02	7.566535228898293997e-02
1.159613520213171569e+03	2.572076291974290663e-01	1.600327681843469463e-01	2.527803820047976879e-01	1.524601658183309671e-01	7.293988386394696655e-02	2.885827257113441485e-02	7.572089835992031059e-02
1.161064851277267962e+03	2.569963610322399949e-01	1.598934998828994425e-01	2.529296614111514740e-01	1.525498484740860083e-01	7.297740449491119108e-02	2.887686831111005437e-02	7.577635639350818741e-02
1.162516182341364356e+03	2.567854539029023608e-01	1.597544696049159330e-01	2.530786773779264975e-01	1.526393732354644761e-01	7.301486339913201840e-02	2.889543595878972526e-02	7.583172652077541098e-02
1.163967513405461204e+03	2.565749071918851376e-01	1.596156769431952005e-01	2.532274303586051767e-01	1.527287403953416778e-01	7.305226067724761296e-02	2.891397556104031291e-02	7.588700887259131056e-02
1.165418844469557826e+03	2.563647202827143423e-01	1.594771214912336088e-01	2.533759208058932177e-01	1.528179502460110251e-01	7.308959642973947290e-02	2.893248716464894010e-02	7.594220357966578738e-02
1.166870175533654447e+03	2.561548925599712589e-01	1.593388028432240755e-01	2.535241491717208917e-01	1.529070030791850887e-01	7.312687075693265204e-02	2.895097081632307459e-02	7.599731077254938405e-02
1.168321506597751068e+03	2.559454234092905511e-01	1.592007205940547676e-01	2.536721159072442555e-01	1.529958991859968753e-01	7.316408375899594030e-02	2.896942656269068869e-02	7.605233058163331228e-02
1.169772837661847461e+03	2.557363122173585412e-01	1.590628743393079358e-01	2.538198214628465399e-01	1.530846388570012429e-01	7.320123553594215515e-02	2.898785445030037725e-02	7.610726313714952229e-02
1.171224168725944082e+03	2.555275583719113230e-01	1.589252636752587489e-01	2.539672662881396481e-01	1.531732223821760386e-01	7.323832618762828039e-02	2.900625452562151374e-02	7.616210856917075833e-02
1.172675499790040703e+03	2.553191612617328743e-01	1.587878881988739888e-01	2.541144508319652107e-01	1.532616500509234592e-01	7.327535581375570206e-02	2.902462683504436827e-02	7.621686700761061417e-02
1.174126830854137097e+03	2.551111202766537800e-01	1.586507475078110241e-01	2.542613755423959176e-01	1.533499221520711886e-01	7.331232451387044435e-02	2.904297142488024633e-02	7.627153858222360250e-02
1.175578161918233945e+03	2.549034348075486789e-01	1.585138412004164221e-01	2.544080408667371840e-01	1.534380389738737582e-01	7.334923238736336393e-02	2.906128834136162756e-02	7.632612342260519656e-02
1.177029492982330339e+03	2.546961042463350977e-01	1.583771688757249496e-01	2.545544472515279266e-01	1.535260008040137125e-01	7.338607953347035806e-02	2.907957763064229761e-02	7.638062165819188565e-02
1.178480824046426733e+03	2.544891279859713973e-01	1.582407301334582683e-01	2.547005951425422299e-01	1.536138079296029690e-01	7.342286605127257282e-02	2.909783933879749040e-02	7.643503341826130004e-02
1.179932155110523581e+03	2.542825054204549962e-01	1.581045245740237415e-01	2.548464849847906777e-01	1.537014606371839565e-01	7.345959203969663898e-02	2.911607351182400952e-02	7.648935883193215546e-02
1.181383486174620202e+03	2.540762359448207608e-01	1.579685517985133791e-01	2.549921172225214638e-01	1.537889592127309746e-01	7.349625759751483856e-02	2.913428019564037394e-02	7.654359802816441960e-02
1.182834817238716823e+03	2.538703189551389516e-01	1.578328114087024781e-01	2.551374922992219463e-01	1.538763039416512490e-01	7.353286282334538237e-02	2.915245943608693949e-02	7.659775113575933991e-02
1.184286148302813444e+03	2.536647538485136133e-01	1.576973030070485671e-01	2.552826106576196463e-01	1.539634951087863746e-01	7.356940781565257659e-02	2.917061127892604799e-02	7.665181828335947134e-02
1.185737479366910065e+03	2.534595400230809092e-01	1.575620261966902136e-01	2.554274727396836919e-01	1.540505329984134253e-01	7.360589267274704472e-02	2.918873576984214527e-02	7.670579959944878734e-02
1.187188810431006686e+03	2.532546768780072899e-01	1.574269805814458023e-01	2.555720789866262055e-01	1.541374178942462592e-01	7.364231749278594974e-02	2.920683295444191641e-02	7.675969521235274928e-02
1.188640141495103080e+03	2.530501638134876052e-01	1.572921657658124805e-01	2.557164298389035806e-01	1.542241500794366282e-01	7.367868237377317442e-02	2.922490287825443497e-02	7.681350525023829257e-02
1.190091472559199701e+03	2.528460002307434951e-01	1.571575813549647704e-01	2.558605257362175367e-01	1.543107298365755664e-01	7.371498741355954343e-02	2.924294558673128444e-02	7.686722984111399315e-02
1.191542803623296322e+03	2.526421855320215015e-01	1.570232269547536252e-01	2.560043671175167845e-01	1.543971574476944719e-01	7.375123270984310087e-02	2.926096112524667961e-02	7.692086911283006756e-02
1.192994134687392716e+03	2.524387191205913483e-01	1.568891021717051526e-01	2.561479544209980252e-01	1.544834331942664118e-01	7.378741836016922129e-02	2.927894953909761580e-02	7.697442319307847003e-02
1.194445465751489564e+03	2.522356004007443864e-01	1.567552066130194766e-01	2.562912880841072827e-01	1.545695573572072878e-01	7.382354446193084563e-02	2.929691087350399722e-02	7.702789220939293413e-02
1.195896796815585958e+03	2.520328287777916509e-01	1.566215398865695163e-01	2.564343685435413467e-01	1.546555302168770574e-01	7.385961111236875876e-02	2.931484517360875841e-02	7.708127628914906992e-02
1.197348127879682352e+03	2.518304036580620853e-01	1.564881016009000148e-01	2.565771962352489388e-01	1.547413520530809827e-01	7.389561840857172825e-02	2.933275248447800299e-02	7.713457555956441947e-02
1.198799458943779200e+03	2.516283244489009308e-01	1.563548913652260952e-01	2.567197715944319336e-01	1.548270231450707968e-01	7.393156644747672646e-02	2.935063285110114592e-02	7.718779014769849844e-02
1.200250790007875821e+03	2.514265905586679506e-01	1.562219087894322900e-01	2.568620950555468019e-01	1.549125437715459797e-01	7.396745532586916638e-02	2.936848631839102455e-02	7.724092018045292107e-02
1.201702121071972442e+03	2.512252013967355424e-01	1.560891534840714856e-01	2.570041670523057209e-01	1.549979142106548413e-01	7.400328514038309602e-02	2.938631293118404431e-02	7.729396578457140010e-02
1.203153452136069063e+03	2.510241563734873504e-01	1.559566250603635074e-01	2.571459880176778512e-01	1.550831347399957427e-01	7.403905598750140649e-02	2.940411273424030011e-02	7.734692708663989946e-02
1.204604783200165684e+03	2.508234549003161562e-01	1.558243231301941478e-01	2.572875583838908908e-01	1.551682056366184281e-01	7.407476796355604021e-02	2.942188577224371174e-02	7.739980421308663427e-02
1.206056114264262078e+03	2.506230963896223796e-01	1.556922473061140288e-01	2.574288785824319636e-01	1.552531271770250521e-01	7.411042116472822683e-02	2.943963208980215907e-02	7.745259729018216799e-02
1.207507445328358699e+03	2.504230802548122470e-01	1.555603972013373804e-01	2.575699490440491179e-01	1.553378996371714837e-01	7.414601568704863588e-02	2.945735173144759661e-02	7.750530644403948177e-02
1.208958776392455093e+03	2.502234059102961816e-01	1.554287724297408468e-01	2.577107701987526034e-01	1.554225232924684452e-01	7.418155162639764044e-02	2.947504474163619229e-02	7.755793180061405778e-02
1.210410107456551941e+03	2.500240727714870270e-01	1.552973726058625714e-01	2.578513424758158701e-01	1.555069984177826214e-01	7.421702907850549757e-02	2.949271116474846965e-02	7.761047348570394855e-02
1.211861438520648335e+03	2.498250802547982707e-01	1.551661973449007803e-01	2.579916663037771229e-01	1.555913252874379926e-01	7.425244813895257034e-02	2.951035104508940507e-02	7.766293162494984637e-02
1.213312769584745183e+03	2.496264277776424345e-01	1.550352462627128669e-01	2.581317421104405430e-01	1.556755041752169166e-01	7.428780890316952212e-02	2.952796442688859768e-02	7.771530634383515268e-02
1.214764100648841804e+03	2.494281147584292146e-01	1.549045189758141428e-01	2.582715703228773418e-01	1.557595353543613226e-01	7.432311146643753863e-02	2.954555135430035964e-02	7.776759776768603361e-02
1.216215431712937971e+03	2.492301406165640665e-01	1.547740151013767274e-01	2.584111513674272609e-01	1.558434190975739042e-01	7.435835592388854998e-02	2.956311187140387223e-02	7.781980602167154482e-02
1.217666762777034819e+03	2.490325047724461505e-01	1.546437342572284379e-01	2.585504856696997367e-01	1.559271556770192302e-01	7.439354237050536944e-02	2.958064602220330033e-02	7.787193123080368706e-02
1.219118093841131440e+03	2.488352066474668334e-01	1.545136760618516514e-01	2.586895736545750668e-01	1.560107453643249653e-01	7.442867090112201267e-02	2.959815385062792778e-02	7.792397351993746168e-02
1.220569424905228061e+03	2.486382456640079397e-01	1.543838401343821110e-01	2.588284157462057422e-01	1.560941884305830640e-01	7.446374161042380868e-02	2.961563540053227875e-02	7.797593301377096775e-02
1.222020755969324682e+03	2.484416212454401141e-01	1.542542260946079546e-01	2.589670123680176683e-01	1.561774851463508251e-01	7.449875459294766356e-02	2.963309071569624961e-02	7.802780983684545757e-02
1.223472087033421303e+03	2.482453328161210726e-01	1.541248335629684940e-01	2.591053639427112754e-01	1.562606357816521407e-01	7.453370994308222697e-02	2.965051983982523731e-02	7.807960411354546160e-02
1.224923418097517697e+03	2.480493798013938544e-01	1.539956621605530207e-01	2.592434708922632947e-01	1.563436406059786066e-01	7.456860775506812811e-02	2.966792281655026425e-02	7.813131596809880230e-02
1.226374749161614318e+03	2.478537616275852395e-01	1.538667115090998350e-01	2.593813336379272028e-01	1.564264998882907154e-01	7.460344812299816997e-02	2.968529968942810668e-02	7.818294552457671909e-02
1.227826080225710712e+03	2.476584777220040001e-01	1.537379812309950800e-01	2.595189526002350533e-01	1.565092138970189672e-01	7.463823114081755139e-02	2.970265050194141956e-02	7.823449290689390989e-02
1.229277411289807560e+03	2.474635275129393186e-01	1.536094709492716037e-01	2.596563281989984207e-01	1.565917829000650352e-01	7.467295690232404748e-02	2.971997529749886499e-02	7.828595823880868387e-02
1.230728742353903954e+03	2.472689104296589280e-01	1.534811802876078213e-01	2.597934608533098433e-01	1.566742071648029311e-01	7.470762550116825940e-02	2.973727411943524052e-02	7.833734164392296140e-02
1.232180073418000802e+03	2.470746259024076408e-01	1.533531088703266876e-01	2.599303509815438784e-01	1.567564869580800602e-01	7.474223703085375314e-02	2.975454701101159713e-02	7.838864324568237119e-02
1.233631404482097196e+03	2.468806733624055172e-01	1.532252563223945596e-01	2.600669990013583233e-01	1.568386225462184702e-01	7.477679158473733712e-02	2.977179401541538498e-02	7.843986316737636133e-02
1.235082735546193817e+03	2.466870522418462830e-01	1.530976222694200028e-01	2.602034053296956584e-01	1.569206141950159061e-01	7.481128925602922863e-02	2.978901517576055397e-02	7.849100153213826869e-02
1.236534066610290438e+03	2.464937619738955810e-01	1.529702063376528198e-01	2.603395703827840468e-01	1.570024621697470590e-01	7.484573013779327599e-02	2.980621053508769255e-02	7.854205846294540216e-02
1.237985397674387059e+03	2.463008019926894443e-01	1.528430081539828289e-01	2.604754945761387774e-01	1.570841667351644821e-01	7.488011432294712499e-02	2.982338013636415264e-02	7.859303408261909818e-02
1.239436728738483680e+03	2.461081717333325203e-01	1.527160273459388928e-01	2.606111783245630420e-01	1.571657281554999230e-01	7.491444190426246874e-02	2.984052402248418140e-02	7.864392851382484562e-02
1.240888059802580301e+03	2.459158706318963772e-01	1.525892635416877252e-01	2.607466220421497116e-01	1.572471466944653784e-01	7.494871297436526969e-02	2.985764223626902886e-02	7.869474187907234131e-02
1.242339390866676695e+03	2.457238981254180610e-01	1.524627163700327803e-01	2.608818261422822804e-01	1.573284226152542042e-01	7.498292762573588455e-02	2.987473482046708664e-02	7.874547430071558718e-02
1.243790721930773088e+03	2.455322536518980969e-01	1.523363854604131984e-01	2.610167910376359757e-01	1.574095561805422816e-01	7.501708595070932795e-02	2.989180181775400597e-02	7.879612590095297353e-02
1.245242052994869937e+03	2.453409366502991851e-01	1.522102704429027786e-01	2.611515171401793123e-01	1.574905476524889880e-01	7.505118804147549449e-02	2.990884327073282598e-02	7.884669680182733453e-02
1.246693384058966330e+03	2.451499465605443684e-01	1.520843709482087580e-01	2.612860048611747588e-01	1.575713972927385020e-01	7.508523399007932531e-02	2.992585922193409867e-02	7.889718712522608701e-02
1.248144715123063179e+03	2.449592828235153952e-01	1.519586866076708398e-01	2.614202546111805692e-01	1.576521053624208024e-01	7.511922388842101617e-02	2.994284971381600338e-02	7.894759699288125820e-02
1.249596046187159800e+03	2.447689448810511370e-01	1.518332170532600278e-01	2.615542668000515603e-01	1.577326721221528338e-01	7.515315782825622570e-02	2.995981478876448556e-02	7.899792652636965229e-02
1.251047377251256421e+03	2.445789321759459234e-01	1.517079619175775440e-01	2.616880418369404437e-01	1.578130978320395339e-01	7.518703590119629743e-02	2.997675448909336432e-02	7.904817584711285039e-02
1.252498708315352815e+03	2.443892441519478487e-01	1.515829208338537737e-01	2.618215801302991586e-01	1.578933827516750266e-01	7.522085819870841239e-02	2.999366885704446775e-02	7.909834507637733547e-02
1.253950039379449436e+03	2.441998802537572177e-01	1.514580934359471831e-01	2.619548820878798145e-01	1.579735271401436492e-01	7.525462481211586674e-02	3.001055793478775435e-02	7.914843433527458949e-02
1.255401370443546057e+03	2.440108399270248807e-01	1.513334793583432925e-01	2.620879481167359137e-01	1.580535312560211736e-01	7.528833583259821050e-02	3.002742176442142752e-02	7.919844374476116278e-02
1.256852701507642678e+03	2.438221226183506507e-01	1.512090782361534547e-01	2.622207786232239601e-01	1.581333953573756945e-01	7.532199135119149735e-02	3.004426038797206738e-02	7.924837342563879894e-02
1.258304032571739299e+03	2.436337277752815833e-01	1.510848897051139395e-01	2.623533740130040703e-01	1.582131197017688506e-01	7.535559145878845122e-02	3.006107384739474531e-02	7.929822349855444874e-02
1.259755363635835920e+03	2.434456548463103942e-01	1.509609134015847398e-01	2.624857346910416389e-01	1.582927045462570181e-01	7.538913624613868825e-02	3.007786218457315225e-02	7.934799408400043663e-02
1.261206694699932314e+03	2.432579032808739328e-01	1.508371489625485729e-01	2.626178610616081710e-01	1.583721501473921989e-01	7.542262580384891113e-02	3.009462544131972714e-02	7.939768530231450239e-02
1.262658025764028707e+03	2.430704725293514334e-01	1.507135960256098250e-01	2.627497535282827812e-01	1.584514567612231861e-01	7.545606022238313115e-02	3.011136365937575401e-02	7.944729727367993988e-02
1.264109356828125556e+03	2.428833620430629336e-01	1.505902542289933865e-01	2.628814124939530816e-01	1.585306246432966470e-01	7.548943959206284859e-02	3.012807688041151816e-02	7.949683011812563871e-02
1.265560687892221949e+03	2.426965712742677472e-01	1.504671232115436519e-01	2.630128383608165699e-01	1.586096540486582329e-01	7.552276400306726090e-02	3.014476514602639282e-02	7.954628395552618136e-02
1.267012018956318798e+03	2.425100996761627159e-01	1.503442026127235209e-01	2.631440315303817945e-01	1.586885452318535783e-01	7.555603354543345695e-02	3.016142849774899187e-02	7.959565890560196810e-02
1.268463350020415419e+03	2.423239467028807381e-01	1.502214920726131775e-01	2.632749924034694100e-01	1.587672984469295223e-01	7.558924830905662529e-02	3.017806697703726004e-02	7.964495508791928635e-02
1.269914681084511813e+03	2.421381118094890483e-01	1.500989912319091457e-01	2.634057213802135089e-01	1.588459139474350246e-01	7.562240838369028995e-02	3.019468062527861860e-02	7.969417262189039397e-02
1.271366012148608434e+03	2.419525944519876903e-01	1.499766997319232076e-01	2.635362188600627320e-01	1.589243919864222476e-01	7.565551385894643543e-02	3.021126948379008331e-02	7.974331162677364415e-02
1.272817343212705055e+03	2.417673940873079352e-01	1.498546172145813482e-01	2.636664852417813232e-01	1.590027328164477227e-01	7.568856482429575649e-02	3.022783359381836510e-02	7.979237222167351318e-02
1.274268674276801676e+03	2.415825101733106162e-01	1.497327433224227289e-01	2.637965209234505726e-01	1.590809366895733212e-01	7.572156136906788015e-02	3.024437299654000877e-02	7.984135452554079471e-02
1.275720005340898297e+03	2.413979421687845461e-01	1.496110776985985491e-01	2.639263263024697048e-01	1.591590038573674204e-01	7.575450358245150451e-02	3.026088773306151100e-02	7.989025865717261365e-02
1.277171336404994690e+03	2.412136895334450193e-01	1.494896199868709918e-01	2.640559017755573223e-01	1.592369345709058748e-01	7.578739155349466239e-02	3.027737784441942789e-02	7.993908473521252334e-02
1.278622667469091539e+03	2.410297517279321178e-01	1.493683698316123631e-01	2.641852477387521825e-01	1.593147290807730709e-01	7.582022537110490179e-02	3.029384337158051374e-02	7.998783287815067200e-02
1.280073998533187932e+03	2.408461282138091297e-01	1.492473268778038709e-01	2.643143645874148073e-01	1.593923876370630099e-01	7.585300512404942463e-02	3.031028435544181818e-02	8.003650320432380283e-02
1.281525329597284326e+03	2.406628184535610782e-01	1.491264907710345700e-01	2.644432527162282054e-01	1.594699104893803343e-01	7.588573090095541984e-02	3.032670083683082496e-02	8.008509583191540659e-02
1.282976660661381175e+03	2.404798219105930002e-01	1.490058611575003356e-01	2.645719125191995369e-01	1.595472978868414382e-01	7.591840279031010497e-02	3.034309285650556298e-02	8.013361087895583268e-02
1.284427991725477568e+03	2.402971380492284759e-01	1.488854376840029470e-01	2.647003443896607799e-01	1.596245500780754389e-01	7.595102088046104538e-02	3.035946045515471731e-02	8.018204846332230296e-02
1.285879322789574417e+03	2.401147663347080463e-01	1.487652199979489498e-01	2.648285487202702293e-01	1.597016673112252316e-01	7.598358525961629306e-02	3.037580367339775753e-02	8.023040870273911995e-02
1.287330653853671038e+03	2.399327062331875482e-01	1.486452077473485456e-01	2.649565259030134401e-01	1.597786498339486272e-01	7.601609601584463638e-02	3.039212255178506267e-02	8.027869171477770849e-02
1.288781984917767431e+03	2.397509572117366150e-01	1.485254005808147038e-01	2.650842763292045601e-01	1.598554978934192683e-01	7.604855323707572501e-02	3.040841713079801834e-02	8.032689761685665730e-02
1.290233315981864052e+03	2.395695187383371227e-01	1.484057981475620513e-01	2.652118003894872733e-01	1.599322117363277118e-01	7.608095701110034748e-02	3.042468745084915549e-02	8.037502652624192723e-02
