1.001418434226643626e+03	2.825524771729377438e-01	1.767008890129080911e-01	2.348395391981492608e-01	1.416616343168009828e-01	6.845249619692936327e-02	2.667136210219045109e-02	6.912160199999026200e-02
1.002869765290740247e+03	2.822978502241131338e-01	1.765331022207578260e-01	2.350204714380629833e-01	1.417703790397307206e-01	6.849737374622702490e-02	2.669337875196410581e-02	6.918744457905023904e-02
1.004321096354836754e+03	2.820436585394717199e-01	1.763656022939296408e-01	2.352010857073232319e-01	1.418789302744419556e-01	6.854217763346251435e-02	2.671536152309197595e-02	6.925318402818504693e-02
1.005772427418933376e+03	2.817899013744646353e-01	1.761983887413018646e-01	2.353813825529031678e-01	1.419872883854298717e-01	6.858690797756603064e-02	2.673731047234069805e-02	6.931882049589985217e-02
1.007223758483029997e+03	2.815365779858130524e-01	1.760314610725994822e-01	2.355613625208391182e-01	1.420954537364475523e-01	6.863156489728858278e-02	2.675922565638015269e-02	6.938435413053815892e-02
1.008675089547126618e+03	2.812836876315059076e-01	1.758648187983926359e-01	2.357410261562322140e-01	1.422034266905077005e-01	6.867614851120212860e-02	2.678110713178365535e-02	6.944978508028183672e-02
1.010126420611223239e+03	2.810312295707979025e-01	1.756984614300949044e-01	2.359203740032499441e-01	1.423112076098842771e-01	6.872065893769979672e-02	2.680295495502810904e-02	6.951511349315107891e-02
1.011577751675319632e+03	2.807792030642075609e-01	1.755323884799619427e-01	2.360994066051276818e-01	1.424187968561142492e-01	6.876509629499612253e-02	2.682476918249416045e-02	6.958033951700433317e-02
1.013029082739416367e+03	2.805276073735149533e-01	1.753665994610896783e-01	2.362781245041703782e-01	1.425261947899991999e-01	6.880946070112720081e-02	2.684654987046638033e-02	6.964546329953832937e-02
1.014480413803512761e+03	2.802764417617599202e-01	1.752010938874128676e-01	2.364565282417540881e-01	1.426334017716068825e-01	6.885375227395088005e-02	2.686829707513341617e-02	6.971048498828805173e-02
1.015931744867609382e+03	2.800257054932399625e-01	1.750358712737035138e-01	2.366346183583275531e-01	1.427404181602731637e-01	6.889797113114703997e-02	2.689001085258815871e-02	6.977540473062671111e-02
1.017383075931706003e+03	2.797753978335081881e-01	1.748709311355693685e-01	2.368123953934138937e-01	1.428472443146033832e-01	6.894211739021771645e-02	2.691169125882791197e-02	6.984022267376568949e-02
1.018834406995802851e+03	2.795255180493710911e-01	1.747062729894523214e-01	2.369898598856120531e-01	1.429538805924742140e-01	6.898619116848732358e-02	2.693333834975454588e-02	6.990493896475459545e-02
1.020285738059899245e+03	2.792760654088869421e-01	1.745418963526269018e-01	2.371670123725984347e-01	1.430603273510352158e-01	6.903019258310286177e-02	2.695495218117466285e-02	6.996955375048119485e-02
1.021737069123995752e+03	2.790270391813633455e-01	1.743778007431986410e-01	2.373438533911284010e-01	1.431665849467104734e-01	6.907412175103412599e-02	2.697653280879976426e-02	7.003406717767136913e-02
1.023188400188092373e+03	2.787784386373554635e-01	1.742139856801027675e-01	2.375203834770380773e-01	1.432726537352003449e-01	6.911797878907391390e-02	2.699808028824640660e-02	7.009847939288915697e-02
1.024639731252188767e+03	2.785302630486637954e-01	1.740504506831024312e-01	2.376966031652456846e-01	1.433785340714829326e-01	6.916176381383819238e-02	2.701959467503636803e-02	7.016279054253669878e-02
1.026091062316285615e+03	2.782825116883323457e-01	1.738871952727873427e-01	2.378725129897531487e-01	1.434842263098158599e-01	6.920547694176634734e-02	2.704107602459681139e-02	7.022700077285426445e-02
1.027542393380382237e+03	2.780351838306464041e-01	1.737242189705721918e-01	2.380481134836477386e-01	1.435897308037377418e-01	6.924911828912137801e-02	2.706252439226043693e-02	7.029111022992015623e-02
1.028993724444478858e+03	2.777882787511307128e-01	1.735615212986952038e-01	2.382234051791035923e-01	1.436950479060700170e-01	6.929268797199006347e-02	2.708393983326565571e-02	7.035511905965080581e-02
1.030445055508575479e+03	2.775417957265471358e-01	1.733991017802165580e-01	2.383983886073833269e-01	1.438001779689183912e-01	6.933618610628321244e-02	2.710532240275673882e-02	7.041902740780064951e-02
1.031896386572671872e+03	2.772957340348929933e-01	1.732369599390169157e-01	2.385730642988394545e-01	1.439051213436745580e-01	6.937961280773584372e-02	2.712667215578399779e-02	7.048283541996222534e-02
1.033347717636768493e+03	2.770500929553987857e-01	1.730750952997959780e-01	2.387474327829161302e-01	1.440098783810176974e-01	6.942296819190742208e-02	2.714798914730390950e-02	7.054654324156606204e-02
1.034799048700865114e+03	2.768048717685262505e-01	1.729135073880709306e-01	2.389214945881505681e-01	1.441144494309161972e-01	6.946625237418201093e-02	2.716927343217931737e-02	7.061015101788073456e-02
1.036250379764961508e+03	2.765600697559662535e-01	1.727521957301749456e-01	2.390952502421745951e-01	1.442188348426292344e-01	6.950946546976852214e-02	2.719052506517955631e-02	7.067365889401285017e-02
1.037701710829058356e+03	2.763156862006370118e-01	1.725911598532558211e-01	2.392687002717163169e-01	1.443230349647082467e-01	6.955260759370091028e-02	2.721174410098064350e-02	7.073706701490699300e-02
1.039153041893154750e+03	2.760717203866818181e-01	1.724303992852743717e-01	2.394418452026015054e-01	1.444270501449987365e-01	6.959567886083838084e-02	2.723293059416540679e-02	7.080037552534577949e-02
1.040604372957251599e+03	2.758281715994670424e-01	1.722699135550029848e-01	2.396146855597552361e-01	1.445308807306416587e-01	6.963867938586557060e-02	2.725408459922366855e-02	7.086358456994981680e-02
1.042055704021347992e+03	2.755850391255801335e-01	1.721097021920242609e-01	2.397872218672034983e-01	1.446345270680752526e-01	6.968160928329279746e-02	2.727520617055239488e-02	7.092669429317770280e-02
1.043507035085444613e+03	2.753423222528277869e-01	1.719497647267294038e-01	2.399594546480744717e-01	1.447379895030362906e-01	6.972446866745625471e-02	2.729629536245585172e-02	7.098970483932599829e-02
1.044958366149541234e+03	2.751000202702336694e-01	1.717901006903168604e-01	2.401313844246003859e-01	1.448412683805619383e-01	6.976725765251817757e-02	2.731735222914576794e-02	7.105261635252925478e-02
1.046409697213637855e+03	2.748581324680365312e-01	1.716307096147908495e-01	2.403030117181188530e-01	1.449443640449911974e-01	6.980997635246713462e-02	2.733837682474148795e-02	7.111542897676002839e-02
1.047861028277734476e+03	2.746166581376881521e-01	1.714715910329598636e-01	2.404743370490743937e-01	1.450472768399664880e-01	6.985262488111812496e-02	2.735936920327013827e-02	7.117814285582882428e-02
1.049312359341831097e+03	2.743755965718515100e-01	1.713127444784353082e-01	2.406453609370200752e-01	1.451500071084352861e-01	6.989520335211291124e-02	2.738032941866677672e-02	7.124075813338415220e-02
1.050763690405927491e+03	2.741349470643983932e-01	1.711541694856299756e-01	2.408160839006189546e-01	1.452525551926515945e-01	6.993771187892008911e-02	2.740125752477455198e-02	7.130327495291247097e-02
1.052215021470024112e+03	2.738947089104076804e-01	1.709958655897567126e-01	2.409865064576456051e-01	1.453549214341775531e-01	6.998015057483542023e-02	2.742215357534486669e-02	7.136569345773820239e-02
1.053666352534120733e+03	2.736548814061632862e-01	1.708378323268268384e-01	2.411566291249876426e-01	1.454571061738849647e-01	7.002251955298198494e-02	2.744301762403751621e-02	7.142801379102378667e-02
1.055117683598217127e+03	2.734154638491521072e-01	1.706800692336488123e-01	2.413264524186473081e-01	1.455591097519568222e-01	7.006481892631040431e-02	2.746384972442087249e-02	7.149023609576961313e-02
1.056569014662313975e+03	2.731764555380620796e-01	1.705225758478269016e-01	2.414959768537429108e-01	1.456609325078889461e-01	7.010704880759897895e-02	2.748464992997202289e-02	7.155236051481406179e-02
1.058020345726410369e+03	2.729378557727802357e-01	1.703653517077595159e-01	2.416652029445103267e-01	1.457625747804914551e-01	7.014920930945404975e-02	2.750541829407691929e-02	7.161438719083347559e-02
1.059471676790506763e+03	2.726996638543903173e-01	1.702083963526380139e-01	2.418341312043045532e-01	1.458640369078902654e-01	7.019130054431003962e-02	2.752615487003055167e-02	7.167631626634221598e-02
1.060923007854603611e+03	2.724618790851712768e-01	1.700517093224452325e-01	2.420027621456012079e-01	1.459653192275287281e-01	7.023332262442978646e-02	2.754685971103709372e-02	7.173814788369263507e-02
1.062374338918700232e+03	2.722245007685950569e-01	1.698952901579539876e-01	2.421710962799979994e-01	1.460664220761690724e-01	7.027527566190468200e-02	2.756753287021005902e-02	7.179988218507508957e-02
1.063825669982796853e+03	2.719875282093246471e-01	1.697391384007257698e-01	2.423391341182162817e-01	1.461673457898940154e-01	7.031715976865493545e-02	2.758817440057245718e-02	7.186151931251791303e-02
1.065277001046893474e+03	2.717509607132118643e-01	1.695832535931093288e-01	2.425068761701024700e-01	1.462680907041081779e-01	7.035897505642972616e-02	2.760878435505694645e-02	7.192305940788748519e-02
1.066728332110990095e+03	2.715147975872958530e-01	1.694276352782392303e-01	2.426743229446296224e-01	1.463686571535397218e-01	7.040072163680741180e-02	2.762936278650598987e-02	7.198450261288819041e-02
1.068179663175086489e+03	2.712790381398005324e-01	1.692722830000344125e-01	2.428414749498989389e-01	1.464690454722417656e-01	7.044239962119583365e-02	2.764990974767201487e-02	7.204584906906247310e-02
1.069630994239183110e+03	2.710436816801330417e-01	1.691171963031969927e-01	2.430083326931412602e-01	1.465692559935938832e-01	7.048400912083244152e-02	2.767042529121754857e-02	7.210709891779078229e-02
1.071082325303279504e+03	2.708087275188816312e-01	1.689623747332107129e-01	2.431748966807183443e-01	1.466692890503037416e-01	7.052555024678450191e-02	2.769090946971539124e-02	7.216825230029166871e-02
1.072533656367376352e+03	2.705741749678134966e-01	1.688078178363396076e-01	2.433411674181246431e-01	1.467691449744084886e-01	7.056702310994933391e-02	2.771136233564876553e-02	7.222930935762170157e-02
1.073984987431472746e+03	2.703400233398730035e-01	1.686535251596265328e-01	2.435071454099887178e-01	1.468688240972762793e-01	7.060842782105451743e-02	2.773178394141146558e-02	7.229027023067555180e-02
1.075436318495569594e+03	2.701062719491796327e-01	1.684994962508919725e-01	2.436728311600745434e-01	1.469683267496078027e-01	7.064976449065811515e-02	2.775217433930800628e-02	7.235113506018597818e-02
1.076887649559666215e+03	2.698729201110261489e-01	1.683457306587325120e-01	2.438382251712831739e-01	1.470676532614377530e-01	7.069103322914883913e-02	2.777253358155378632e-02	7.241190398672385509e-02
1.078338980623762609e+03	2.696399671418763799e-01	1.681922279325195058e-01	2.440033279456541859e-01	1.471668039621362445e-01	7.073223414674634224e-02	2.779286172027523039e-02	7.247257715069815864e-02
1.079790311687859230e+03	2.694074123593634407e-01	1.680389876223977452e-01	2.441681399843671219e-01	1.472657791804104221e-01	7.077336735350134300e-02	2.781315880750994882e-02	7.253315469235600832e-02
1.081241642751955851e+03	2.691752550822876788e-01	1.678860092792841263e-01	2.443326617877429052e-01	1.473645792443058489e-01	7.081443295929587545e-02	2.783342489520687982e-02	7.259363675178269470e-02
1.082692973816052472e+03	2.689434946306147878e-01	1.677332924548661508e-01	2.444968938552454230e-01	1.474632044812080323e-01	7.085543107384348338e-02	2.785366003522645600e-02	7.265402346890166563e-02
1.084144304880149093e+03	2.687121303254736970e-01	1.675808367016007050e-01	2.446608366854829408e-01	1.475616552178438956e-01	7.089636180668949794e-02	2.787386427934074665e-02	7.271431498347455391e-02
1.085595635944245487e+03	2.684811614891547404e-01	1.674286415727126442e-01	2.448244907762095468e-01	1.476599317802831934e-01	7.093722526721114863e-02	2.789403767923359992e-02	7.277451143510119125e-02
1.087046967008342108e+03	2.682505874451076577e-01	1.672767066221934051e-01	2.449878566243266498e-01	1.477580344939400381e-01	7.097802156461784084e-02	2.791418028650080596e-02	7.283461296321967759e-02
1.088498298072438729e+03	2.680204075179396517e-01	1.671250314047997843e-01	2.451509347258843952e-01	1.478559636835742874e-01	7.101875080795135020e-02	2.793429215265025300e-02	7.289461970710629790e-02
1.089949629136535123e+03	2.677906210334134451e-01	1.669736154760524671e-01	2.453137255760831636e-01	1.479537196732931548e-01	7.105941310608601680e-02	2.795437332910206615e-02	7.295453180587564701e-02
1.091400960200631971e+03	2.675612273184454493e-01	1.668224583922347237e-01	2.454762296692749868e-01	1.480513027865524578e-01	7.110000856772899502e-02	2.797442386718874963e-02	7.301434939848058803e-02
1.092852291264728365e+03	2.673322257011033765e-01	1.666715597103911317e-01	2.456384474989650735e-01	1.481487133461582284e-01	7.114053730142042009e-02	2.799444381815536370e-02	7.307407262371233558e-02
1.094303622328825213e+03	2.671036155106047416e-01	1.665209189883261054e-01	2.458003795578131978e-01	1.482459516742680727e-01	7.118099941553365784e-02	2.801443323315964268e-02	7.313370162020038645e-02
1.095754953392921607e+03	2.668753960773149192e-01	1.663705357846027577e-01	2.459620263376351423e-01	1.483430180923926700e-01	7.122139501827549901e-02	2.803439216327216488e-02	7.319323652641263056e-02
1.097206284457018228e+03	2.666475667327448118e-01	1.662204096585414015e-01	2.461233883294041414e-01	1.484399129213971880e-01	7.126172421768636744e-02	2.805432065947650183e-02	7.325267748065535101e-02
1.098657615521114849e+03	2.664201268095494068e-01	1.660705401702183004e-01	2.462844660232523242e-01	1.485366364815026707e-01	7.130198712164052821e-02	2.807421877266935359e-02	7.331202462107321016e-02
1.100108946585211470e+03	2.661930756415253341e-01	1.659209268804643089e-01	2.464452599084721862e-01	1.486331890922875099e-01	7.134218383784632356e-02	2.809408655366070831e-02	7.337127808564933296e-02
1.101560277649308091e+03	2.659664125636093668e-01	1.657715693508635957e-01	2.466057704735180323e-01	1.487295710726889708e-01	7.138231447384639494e-02	2.811392405317398452e-02	7.343043801220529299e-02
1.103011608713404712e+03	2.657401369118763679e-01	1.656224671437522833e-01	2.467659982060073920e-01	1.488257827410044143e-01	7.142237913701780794e-02	2.813373132184619416e-02	7.348950453840115415e-02
1.104462939777501106e+03	2.655142480235371805e-01	1.654736198222171717e-01	2.469259435927224078e-01	1.489218244148928783e-01	7.146237793457237142e-02	2.815350841022805709e-02	7.354847780173551230e-02
1.105914270841597499e+03	2.652887452369369625e-01	1.653250269500944336e-01	2.470856071196113335e-01	1.490176964113764657e-01	7.150231097355676246e-02	2.817325536878418496e-02	7.360735793954550910e-02
1.107365601905694348e+03	2.650636278915529664e-01	1.651766880919681713e-01	2.472449892717898945e-01	1.491133990468417325e-01	7.154217836085280391e-02	2.819297224789320613e-02	7.366614508900685976e-02
1.108816932969790741e+03	2.648388953279929292e-01	1.650286028131693616e-01	2.474040905335428142e-01	1.492089326370410474e-01	7.158198020317765864e-02	2.821265909784792178e-02	7.372483938713390861e-02
1.110268264033887590e+03	2.646145468879930740e-01	1.648807706797743300e-01	2.475629113883250909e-01	1.493042974970940906e-01	7.162171660708403775e-02	2.823231596885544814e-02	7.378344097077961516e-02
1.111719595097984211e+03	2.643905819144159453e-01	1.647331912586035285e-01	2.477214523187635520e-01	1.493994939414892698e-01	7.166138767896036710e-02	2.825194291103737265e-02	7.384194997663563742e-02
1.113170926162080832e+03	2.641669997512488544e-01	1.645858641172202874e-01	2.478797138066582417e-01	1.494945222840849963e-01	7.170099352503107870e-02	2.827153997442987884e-02	7.390036654123229021e-02
1.114622257226177226e+03	2.639437997436017702e-01	1.644387888239294271e-01	2.480376963329837814e-01	1.495893828381111568e-01	7.174053425135676343e-02	2.829110720898391981e-02	7.395869080093871173e-02
1.116073588290273847e+03	2.637209812377055429e-01	1.642919649477760646e-01	2.481954003778908124e-01	1.496840759161706114e-01	7.178000996383443466e-02	2.831064466456535006e-02	7.401692289196275254e-02
1.117524919354370468e+03	2.634985435809097387e-01	1.641453920585442261e-01	2.483528264207074399e-01	1.497786018302403599e-01	7.181942076819768095e-02	2.833015239095506427e-02	7.407506295035107269e-02
1.118976250418467089e+03	2.632764861216810304e-01	1.639990697267556530e-01	2.485099749399405644e-01	1.498729608916730960e-01	7.185876677001690194e-02	2.834963043784914996e-02	7.413311111198922498e-02
1.120427581482563710e+03	2.630548082096011986e-01	1.638529975236683589e-01	2.486668464132773537e-01	1.499671534111985394e-01	7.189804807469953041e-02	2.836907885485903669e-02	7.419106751260159949e-02
1.121878912546660331e+03	2.628335091953651892e-01	1.637071750212756027e-01	2.488234413175866577e-01	1.500611796989247682e-01	7.193726478749025433e-02	2.838849769151164174e-02	7.424893228775152065e-02
1.123330243610756725e+03	2.626125884307792258e-01	1.635616017923044174e-01	2.489797601289203133e-01	1.501550400643397176e-01	7.197641701347118337e-02	2.840788699724949504e-02	7.430670557284126121e-02
1.124781574674853118e+03	2.623920452687590887e-01	1.634162774102143334e-01	2.491358033225146706e-01	1.502487348163124292e-01	7.201550485756211262e-02	2.842724682143090917e-02	7.436438750311209767e-02
1.126232905738949967e+03	2.621718790633279506e-01	1.632712014491962405e-01	2.492915713727918980e-01	1.503422642630944384e-01	7.205452842452071682e-02	2.844657721333010425e-02	7.442197821364435195e-02
1.127684236803046360e+03	2.619520891696145992e-01	1.631263734841709723e-01	2.494470647533614249e-01	1.504356287123212177e-01	7.209348781894273084e-02	2.846587822213737101e-02	7.447947783935740529e-02
1.129135567867143209e+03	2.617326749438517730e-01	1.629817930907881407e-01	2.496022839370212743e-01	1.505288284710134539e-01	7.213238314526218553e-02	2.848514989695918875e-02	7.453688651500973983e-02
1.130586898931239830e+03	2.615136357433738845e-01	1.628374598454247757e-01	2.497572293957595058e-01	1.506218638455784631e-01	7.217121450775162983e-02	2.850439228681838841e-02	7.459420437519902192e-02
1.132038229995336451e+03	2.612949709266156328e-01	1.626933733251841874e-01	2.499119016007556315e-01	1.507147351418114956e-01	7.220998201052233889e-02	2.852360544065430173e-02	7.465143155436210209e-02
1.133489561059432845e+03	2.610766798531096167e-01	1.625495331078945782e-01	2.500663010223818650e-01	1.508074426648971234e-01	7.224868575752453614e-02	2.854278940732287231e-02	7.470856818677507061e-02
1.134940892123529466e+03	2.608587618834848354e-01	1.624059387721078496e-01	2.502204281302046751e-01	1.508999867194105726e-01	7.228732585254755982e-02	2.856194423559682907e-02	7.476561440655331292e-02
1.136392223187626087e+03	2.606412163794646908e-01	1.622625898970983527e-01	2.503742833929860634e-01	1.509923676093190836e-01	7.232590239922008502e-02	2.858106997416582154e-02	7.482257034765153747e-02
1.137843554251722708e+03	2.604240427038650996e-01	1.621194860628616119e-01	2.505278672786848682e-01	1.510845856379832153e-01	7.236441550101040121e-02	2.860016667163654824e-02	7.487943614386380342e-02
1.139294885315819101e+03	2.602072402205927171e-01	1.619766268501131035e-01	2.506811802544584578e-01	1.511766411081582606e-01	7.240286526122655109e-02	2.861923437653291977e-02	7.493621192882361781e-02
1.140746216379915950e+03	2.599908082946428833e-01	1.618340118402869510e-01	2.508342227866637297e-01	1.512685343219954681e-01	7.244125178301655255e-02	2.863827313729617671e-02	7.499289783600393555e-02
1.142197547444012343e+03	2.597747462920980688e-01	1.616916406155347041e-01	2.509869953408584986e-01	1.513602655810434572e-01	7.247957516936863465e-02	2.865728300228504929e-02	7.504949399871724269e-02
1.143648878508108737e+03	2.595590535801257648e-01	1.615495127587241453e-01	2.511394983818032722e-01	1.514518351862495227e-01	7.251783552311145964e-02	2.867626401977589612e-02	7.510600055011555642e-02
1.145100209572205586e+03	2.593437295269769294e-01	1.614076278534380127e-01	2.512917323734620845e-01	1.515432434379609949e-01	7.255603294691427563e-02	2.869521623796283602e-02	7.516241762319049446e-02
1.146551540636302207e+03	2.591287735019836558e-01	1.612659854839727791e-01	2.514436977790042715e-01	1.516344906359264888e-01	7.259416754328719412e-02	2.871413970495790072e-02	7.521874535077337220e-02
1.148002871700398828e+03	2.589141848755577846e-01	1.611245852353372643e-01	2.515953950608056933e-01	1.517255770792972636e-01	7.263223941458135657e-02	2.873303446879115972e-02	7.527498386553514720e-02
1.149454202764495449e+03	2.586999630191889055e-01	1.609834266932517188e-01	2.517468246804498988e-01	1.518165030666285276e-01	7.267024866298914254e-02	2.875190057741087643e-02	7.533113329998655794e-02
1.150905533828591842e+03	2.584861073054424696e-01	1.608425094441462977e-01	2.518979870987298475e-01	1.519072688958807427e-01	7.270819539054443337e-02	2.877073807868363656e-02	7.538719378647816549e-02
1.152356864892688463e+03	2.582726171079580135e-01	1.607018330751599500e-01	2.520488827756490746e-01	1.519978748644209843e-01	7.274607969912276484e-02	2.878954702039449379e-02	7.544316545720035350e-02
1.153808195956785084e+03	2.580594918014472161e-01	1.605613971741392254e-01	2.521995121704229126e-01	1.520883212690241904e-01	7.278390169044153535e-02	2.880832745024710859e-02	7.549904844418343919e-02
1.155259527020881706e+03	2.578467307616922888e-01	1.604212013296369699e-01	2.523498757414799898e-01	1.521786084058744659e-01	7.282166146606031121e-02	2.882707941586389044e-02	7.555484287929768727e-02
1.156710858084978327e+03	2.576343333655440881e-01	1.602812451309111319e-01	2.524999739464636184e-01	1.522687365705663876e-01	7.285935912738089604e-02	2.884580296478612971e-02	7.561054889425336545e-02
1.158162189149074720e+03	2.574222989909200066e-01	1.601415281679236524e-01	2.526498072422330154e-01	1.523587060581063357e-01	7.289699477564763608e-02	2.886449814447413637e-02	7.566616662060078602e-02
1.159613520213171569e+03	2.572106270168024733e-01	1.600020500313390492e-01	2.527993760848648019e-01	1.524485171629137714e-01	7.293456851194762836e-02	2.888316500230738576e-02	7.572169618973043081e-02
1.161064851277267962e+03	2.569993168232371783e-01	1.598628103125233346e-01	2.529486809296541683e-01	1.525381701788224020e-01	7.297208043721090109e-02	2.890180358558465043e-02	7.577713773287292343e-02
1.162516182341364356e+03	2.567883677913308516e-01	1.597238086035427662e-01	2.530977222311163177e-01	1.526276653990817356e-01	7.300953065221060800e-02	2.892041394152414582e-02	7.583249138109912635e-02
1.163967513405461204e+03	2.565777793032499310e-01	1.595850444971626814e-01	2.532465004429877986e-01	1.527170031163580799e-01	7.304691925756329196e-02	2.893899611726365867e-02	7.588775726532018262e-02
1.165418844469557826e+03	2.563675507422183419e-01	1.594465175868462203e-01	2.533950160182277256e-01	1.528061836227359860e-01	7.308424635372905154e-02	2.895755015986068923e-02	7.594293551628758521e-02
1.166870175533654447e+03	2.561576814925160539e-01	1.593082274667531884e-01	2.535432694090192784e-01	1.528952072097194970e-01	7.312151204101176305e-02	2.897607611629258659e-02	7.599802626459320476e-02
1.168321506597751068e+03	2.559481709394771376e-01	1.591701737317387233e-01	2.536912610667709789e-01	1.529840741682333694e-01	7.315871641955930260e-02	2.899457403345669093e-02	7.605302964066938676e-02
1.169772837661847461e+03	2.557390184694877666e-01	1.590323559773522410e-01	2.538389914421179117e-01	1.530727847886244053e-01	7.319585958936372649e-02	2.901304395817046189e-02	7.610794577478900702e-02
1.171224168725944082e+03	2.555302234699847741e-01	1.588947737998362697e-01	2.539864609849231680e-01	1.531613393606627016e-01	7.323294165026153490e-02	2.903148593717162426e-02	7.616277479706548559e-02
1.172675499790040703e+03	2.553217853294534878e-01	1.587574267961250618e-01	2.541336701442791779e-01	1.532497381735428710e-01	7.326996270193381067e-02	2.904990001711829986e-02	7.621751683745286998e-02
1.174126830854137097e+03	2.551137034374262313e-01	1.586203145638435397e-01	2.542806193685088756e-01	1.533379815158853743e-01	7.330692284390648295e-02	2.906828624458914281e-02	7.627217202574594623e-02
1.175578161918233945e+03	2.549059771844804367e-01	1.584834367013060463e-01	2.544273091051672542e-01	1.534260696757377140e-01	7.334382217555052152e-02	2.908664466608347487e-02	7.632674049158022500e-02
1.177029492982330339e+03	2.546986059622367571e-01	1.583467928075152076e-01	2.545737398010423647e-01	1.535140029405757112e-01	7.338066079608213110e-02	2.910497532802142767e-02	7.638122236443203872e-02
1.178480824046426733e+03	2.544915891633575677e-01	1.582103824821607108e-01	2.547199119021569258e-01	1.536017815973047540e-01	7.341743880456298721e-02	2.912327827674407107e-02	7.643561777361858323e-02
1.179932155110523581e+03	2.542849261815448014e-01	1.580742053256181667e-01	2.548658258537696009e-01	1.536894059322611028e-01	7.345415629990041662e-02	2.914155355851354851e-02	7.648992684829801492e-02
1.181383486174620202e+03	2.540786164115383938e-01	1.579382609389478054e-01	2.550114821003760524e-01	1.537768762312130000e-01	7.349081338084764714e-02	2.915980121951321571e-02	7.654414971746952012e-02
1.182834817238716823e+03	2.538726592491145628e-01	1.578025489238934209e-01	2.551568810857105518e-01	1.538641927793620579e-01	7.352741014600394642e-02	2.917802130584777609e-02	7.659828650997328736e-02
1.184286148302813444e+03	2.536670540910839766e-01	1.576670688828811229e-01	2.553020232527470346e-01	1.539513558613444244e-01	7.356394669381489948e-02	2.919621386354341250e-02	7.665233735449068775e-02
1.185737479366910065e+03	2.534618003352898663e-01	1.575318204190181981e-01	2.554469090437007095e-01	1.540383657612319768e-01	7.360042312257261687e-02	2.921437893854791565e-02	7.670630237954426112e-02
1.187188810431006686e+03	2.532568973806064161e-01	1.573968031360919728e-01	2.555915389000290028e-01	1.541252227625336813e-01	7.363683953041585961e-02	2.923251657673082982e-02	7.676018171349784092e-02
1.188640141495103080e+03	2.530523446269368759e-01	1.572620166385685636e-01	2.557359132624330011e-01	1.542119271481966758e-01	7.367319601533033058e-02	2.925062682388358468e-02	7.681397548455656810e-02
1.190091472559199701e+03	2.528481414752118961e-01	1.571274605315916562e-01	2.558800325708588952e-01	1.542984792006076300e-01	7.370949267514891046e-02	2.926870972571962368e-02	7.686768382076696049e-02
1.191542803623296322e+03	2.526442873273878065e-01	1.569931344209815061e-01	2.560238972644991451e-01	1.543848792015938276e-01	7.374572960755172712e-02	2.928676532787453587e-02	7.692130685001705159e-02
1.192994134687392716e+03	2.524407815864447291e-01	1.568590379132336343e-01	2.561675077817935908e-01	1.544711274324245265e-01	7.378190691006650259e-02	2.930479367590619819e-02	7.697484470003636281e-02
1.194445465751489564e+03	2.522376236563849128e-01	1.567251706155177171e-01	2.563108645604311175e-01	1.545572241738121244e-01	7.381802468006870566e-02	2.932279481529489681e-02	7.702829749839602835e-02
1.195896796815585958e+03	2.520348129422310679e-01	1.565915321356765033e-01	2.564539680373506547e-01	1.546431697059132693e-01	7.385408301478174620e-02	2.934076879144346950e-02	7.708166537250885075e-02
1.197348127879682352e+03	2.518323488500243679e-01	1.564581220822244267e-01	2.565968186487425085e-01	1.547289643083302746e-01	7.389008201127722497e-02	2.935871564967743735e-02	7.713494844962934249e-02
1.198799458943779200e+03	2.516302307868228949e-01	1.563249400643466347e-01	2.567394168300498047e-01	1.548146082601121465e-01	7.392602176647508627e-02	2.937663543524512977e-02	7.718814685685383703e-02
1.200250790007875821e+03	2.514284581606998636e-01	1.561919856918978777e-01	2.568817630159695997e-01	1.549001018397559437e-01	7.396190237714386773e-02	2.939452819331782318e-02	7.724126072112057206e-02
1.201702121071972442e+03	2.512270303807419003e-01	1.560592585754012329e-01	2.570238576404542119e-01	1.549854453252077491e-01	7.399772393990089459e-02	2.941239396898986599e-02	7.729429016920970341e-02
1.203153452136069063e+03	2.510259468570473218e-01	1.559267583260469103e-01	2.571657011367123880e-01	1.550706389938641683e-01	7.403348655121248789e-02	2.943023280727882426e-02	7.734723532774340216e-02
1.204604783200165684e+03	2.508252070007244150e-01	1.557944845556913094e-01	2.573072939372107459e-01	1.551556831225732458e-01	7.406919030739417265e-02	2.944804475312559275e-02	7.740009632318595179e-02
1.206056114264262078e+03	2.506248102238896047e-01	1.556624368768556588e-01	2.574486364736750521e-01	1.552405779876358805e-01	7.410483530461087209e-02	2.946582985139454755e-02	7.745287328184380371e-02
1.207507445328358699e+03	2.504247559396657330e-01	1.555306149027249618e-01	2.575897291770914421e-01	1.553253238648068524e-01	7.414042163887712977e-02	2.948358814687365020e-02	7.750556632986560501e-02
1.208958776392455093e+03	2.502250435621805047e-01	1.553990182471468862e-01	2.577305724777074758e-01	1.554099210292961553e-01	7.417594940605730380e-02	2.950131968427461074e-02	7.755817559324233723e-02
1.210410107456551941e+03	2.500256725065646557e-01	1.552676465246306259e-01	2.578711668050337469e-01	1.554943697557700510e-01	7.421141870186581668e-02	2.951902450823299870e-02	7.761070119780735799e-02
1.211861438520648335e+03	2.498266421889502042e-01	1.551364993503456524e-01	2.580115125878449378e-01	1.555786703183523467e-01	7.424682962186726631e-02	2.953670266330836805e-02	7.766314326923649813e-02
1.213312769584745183e+03	2.496279520264687302e-01	1.550055763401206599e-01	2.581516102541810964e-01	1.556628229906254768e-01	7.428218226147674519e-02	2.955435419398440983e-02	7.771550193304813114e-02
1.214764100648841804e+03	2.494296014372498482e-01	1.548748771104424271e-01	2.582914602313489683e-01	1.557468280456317800e-01	7.431747671595996529e-02	2.957197914466904928e-02	7.776777731460320087e-02
1.216215431712937971e+03	2.492315898404191821e-01	1.547444012784547351e-01	2.584310629459232733e-01	1.558306857558746095e-01	7.435271308043350791e-02	2.958957755969460895e-02	7.781996953910537418e-02
1.217666762777034819e+03	2.490339166560969486e-01	1.546141484619570905e-01	2.585704188237477608e-01	1.559143963933195265e-01	7.438789144986499013e-02	2.960714948331791621e-02	7.787207873160104099e-02
1.219118093841131440e+03	2.488365813053961539e-01	1.544841182794037815e-01	2.587095282899366522e-01	1.559979602293954659e-01	7.442301191907332858e-02	2.962469495972044203e-02	7.792410501697948078e-02
1.220569424905228061e+03	2.486395832104207892e-01	1.543543103499025737e-01	2.588483917688759184e-01	1.560813775349959298e-01	7.445807458272887813e-02	2.964221403300842592e-02	7.797604851997284869e-02
1.222020755969324682e+03	2.484429217942643320e-01	1.542247242932137663e-01	2.589870096842242231e-01	1.561646485804800422e-01	7.449307953535368176e-02	2.965970674721300424e-02	7.802790936515630049e-02
1.223472087033421303e+03	2.482465964810078862e-01	1.540953597297488875e-01	2.591253824589146437e-01	1.562477736356738256e-01	7.452802687132166481e-02	2.967717314629033862e-02	7.807968767694808965e-02
1.224923418097517697e+03	2.480506066957185729e-01	1.539662162805696954e-01	2.592635105151555042e-01	1.563307529698713394e-01	7.456291668485882929e-02	2.969461327412175472e-02	7.813138357960960900e-02
1.226374749161614318e+03	2.478549518644478089e-01	1.538372935673870678e-01	2.594013942744319290e-01	1.564135868518357897e-01	7.459774907004346201e-02	2.971202717451384631e-02	7.818299719724546015e-02
1.227826080225710712e+03	2.476596314142296695e-01	1.537085912125597809e-01	2.595390341575066762e-01	1.564962755498006952e-01	7.463252412080637055e-02	2.972941489119863140e-02	7.823452865380359222e-02
1.229277411289807560e+03	2.474646447730791121e-01	1.535801088390934821e-01	2.596764305844218024e-01	1.565788193314710253e-01	7.466724193093104978e-02	2.974677646783365631e-02	7.828597807307534351e-02
1.230728742353903954e+03	2.472699913699904217e-01	1.534518460706395526e-01	2.598135839744996067e-01	1.566612184640244210e-01	7.470190259405390387e-02	2.976411194800214141e-02	7.833734557869548309e-02
1.232180073418000802e+03	2.470756706349354070e-01	1.533238025314939412e-01	2.599504947463440740e-01	1.567434732141121667e-01	7.473650620366442676e-02	2.978142137521309560e-02	7.838863129414237740e-02
1.233631404482097196e+03	2.468816819988618183e-01	1.531959778465962485e-01	2.600871633178419851e-01	1.568255838478605224e-01	7.477105285310546579e-02	2.979870479290144467e-02	7.843983534273803182e-02
1.235082735546193817e+03	2.466880248936916542e-01	1.530683716415283946e-01	2.602235901061641377e-01	1.569075506308717227e-01	7.480554263557333272e-02	2.981596224442816315e-02	7.849095784764817396e-02
1.236534066610290438e+03	2.464946987523194688e-01	1.529409835425135644e-01	2.603597755277665682e-01	1.569893738282251983e-01	7.483997564411810910e-02	2.983319377308040268e-02	7.854199893188229531e-02
1.237985397674387059e+03	2.463017030086107062e-01	1.528138131764152363e-01	2.604957199983918836e-01	1.570710537044786304e-01	7.487435197164375722e-02	2.985039942207160651e-02	7.859295871829381774e-02
1.239436728738483680e+03	2.461090370974000907e-01	1.526868601707359607e-01	2.606314239330702609e-01	1.571525905236692000e-01	7.490867171090839771e-02	2.986757923454164826e-02	7.864383732958007966e-02
1.240888059802580301e+03	2.459167004544898782e-01	1.525601241536162778e-01	2.607668877461210011e-01	1.572339845493145316e-01	7.494293495452448994e-02	2.988473325355695334e-02	7.869463488828254416e-02
1.242339390866676695e+03	2.457246925166482743e-01	1.524336047538336070e-01	2.609021118511534176e-01	1.573152360444139974e-01	7.497714179495899856e-02	2.990186152211062390e-02	7.874535151678677125e-02
1.243790721930773088e+03	2.455330127216077685e-01	1.523073016008012759e-01	2.610370966610681687e-01	1.573963452714497169e-01	7.501129232453365714e-02	2.991896408312255673e-02	7.879598733732257054e-02
1.245242052994869937e+03	2.453416605080634694e-01	1.521812143245671600e-01	2.611718425880586447e-01	1.574773124923877221e-01	7.504538663542510701e-02	2.993604097943958209e-02	7.884654247196400123e-02
1.246693384058966330e+03	2.451506353156714391e-01	1.520553425558129612e-01	2.613063500436119124e-01	1.575581379686790406e-01	7.507942481966516091e-02	2.995309225383558510e-02	7.889701704262960802e-02
1.248144715123063179e+03	2.449599365850470001e-01	1.519296859258528476e-01	2.614406194385100468e-01	1.576388219612608887e-01	7.511340696914096948e-02	2.997011794901162027e-02	7.894741117108235173e-02
1.249596046187159800e+03	2.447695637577632921e-01	1.518042440666323989e-01	2.615746511828313525e-01	1.577193647305576429e-01	7.514733317559521564e-02	2.998711810759605370e-02	7.899772497892978973e-02
1.251047377251256421e+03	2.445795162763494124e-01	1.516790166107275517e-01	2.617084456859515296e-01	1.577997665364821167e-01	7.518120353062636430e-02	3.000409277214466722e-02	7.904795858762413141e-02
1.252498708315352815e+03	2.443897935842888058e-01	1.515540031913435726e-01	2.618420033565448946e-01	1.578800276384365042e-01	7.521501812568881506e-02	3.002104198514079711e-02	7.909811211846233536e-02
1.253950039379449436e+03	2.442003951260177941e-01	1.514292034423139477e-01	2.619753246025856019e-01	1.579601482953135738e-01	7.524877705209313816e-02	3.003796578899545905e-02	7.914818569258619263e-02
1.255401370443546057e+03	2.440113203469237713e-01	1.513046169980992450e-01	2.621084098313488098e-01	1.580401287654977505e-01	7.528248040100624094e-02	3.005486422604745564e-02	7.919817943098242385e-02
1.256852701507642678e+03	2.438225686933436220e-01	1.511802434937861150e-01	2.622412594494119009e-01	1.581199693068661705e-01	7.531612826345158995e-02	3.007173733856351866e-02	7.924809345448274867e-02
1.258304032571739299e+03	2.436341396125621672e-01	1.510560825650861527e-01	2.623738738626556488e-01	1.581996701767898195e-01	7.534972073030943296e-02	3.008858516873841663e-02	7.929792788376401058e-02
1.259755363635835920e+03	2.434460325528104152e-01	1.509321338483348707e-01	2.625062534762653832e-01	1.582792316321346704e-01	7.538325789231695162e-02	3.010540775869509356e-02	7.934768283934821864e-02
1.261206694699932314e+03	2.432582469632640632e-01	1.508083969804905611e-01	2.626383986947323224e-01	1.583586539292626549e-01	7.541673984006851128e-02	3.012220515048478348e-02	7.939735844160270006e-02
1.262658025764028707e+03	2.430707822940417484e-01	1.506848715991333520e-01	2.627703099218545724e-01	1.584379373240328015e-01	7.545016666401584138e-02	3.013897738608712837e-02	7.944695481074012799e-02
1.264109356828125556e+03	2.428836379962036052e-01	1.505615573424639864e-01	2.629019875607384593e-01	1.585170820718023454e-01	7.548353845446821586e-02	3.015572450741030308e-02	7.949647206681863254e-02
1.265560687892221949e+03	2.426968135217494882e-01	1.504384538493028500e-01	2.630334320137996396e-01	1.585960884274278115e-01	7.551685530159267523e-02	3.017244655629115063e-02	7.954591032974192566e-02
1.267012018956318798e+03	2.425103083236174184e-01	1.503155607590888898e-01	2.631646436827643765e-01	1.586749566452659577e-01	7.555011729541426246e-02	3.018914357449528282e-02	7.959526971925934280e-02
1.268463350020415419e+03	2.423241218556820287e-01	1.501928777118785308e-01	2.632956229686704841e-01	1.587536869791750793e-01	7.558332452581614791e-02	3.020581560371722249e-02	7.964455035496600943e-02
1.269914681084511813e+03	2.421382535727528706e-01	1.500704043483447048e-01	2.634263702718687705e-01	1.588322796825158978e-01	7.561647708253987910e-02	3.022246268558050758e-02	7.969375235630282717e-02
1.271366012148608434e+03	2.419527029305729160e-01	1.499481403097756294e-01	2.635568859920241480e-01	1.589107350081526981e-01	7.564957505518557501e-02	3.023908486163782647e-02	7.974287584255666805e-02
1.272817343212705055e+03	2.417674693858167800e-01	1.498260852380738917e-01	2.636871705281167433e-01	1.589890532084544117e-01	7.568261853321209265e-02	3.025568217337112897e-02	7.979192093286043008e-02
1.274268674276801676e+03	2.415825523960894172e-01	1.497042387757553106e-01	2.638172242784430077e-01	1.590672345352956429e-01	7.571560760593730455e-02	3.027225466219175126e-02	7.984088774619307882e-02
1.275720005340898297e+03	2.413979514199241783e-01	1.495826005659479374e-01	2.639470476406171051e-01	1.591452792400577243e-01	7.574854236253819595e-02	3.028880236944054075e-02	7.988977640137982783e-02
1.277171336404994690e+03	2.412136659167814501e-01	1.494611702523909458e-01	2.640766410115719109e-01	1.592231875736298263e-01	7.578142289205115623e-02	3.030532533638797058e-02	7.993858701709220804e-02
1.278622667469091539e+03	2.410296953470471015e-01	1.493399474794336601e-01	2.642060047875601780e-01	1.593009597864099569e-01	7.581424928337211766e-02	3.032182360423426107e-02	7.998731971184812328e-02
1.280073998533187932e+03	2.408460391720306792e-01	1.492189318920345009e-01	2.643351393641558134e-01	1.593785961283060437e-01	7.584702162525676361e-02	3.033829721410950461e-02	8.003597460401200292e-02
1.281525329597284326e+03	2.406626968539640754e-01	1.490981231357597914e-01	2.644640451362550437e-01	1.594560968487370722e-01	7.587974000632075056e-02	3.035474620707378016e-02	8.008455181179488513e-02
1.282976660661381175e+03	2.404796678559996959e-01	1.489775208567829523e-01	2.645927224980771930e-01	1.595334621966338906e-01	7.591240451503990239e-02	3.037117062411726770e-02	8.013305145325443080e-02
1.284427991725477568e+03	2.402969516422090723e-01	1.488571247018832810e-01	2.647211718431665139e-01	1.596106924204405419e-01	7.594501523975040469e-02	3.038757050616038707e-02	8.018147364629514551e-02
1.285879322789574417e+03	2.401145476775812526e-01	1.487369343184449522e-01	2.648493935643927988e-01	1.596877877681151525e-01	7.597757226864895741e-02	3.040394589405389855e-02	8.022981850866840736e-02
1.287330653853671038e+03	2.399324554280211075e-01	1.486169493544559905e-01	2.649773880539527671e-01	1.597647484871309587e-01	7.601007568979306628e-02	3.042029682857902428e-02	8.027808615797256409e-02
1.288781984917767431e+03	2.397506743603479706e-01	1.484971694585072444e-01	2.651051557033710648e-01	1.598415748244773893e-01	7.604252559110113996e-02	3.043662335044758013e-02	8.032627671165308569e-02
1.290233315981864052e+03	2.395692039422939179e-01	1.483775942797913028e-01	2.652326969035015969e-01	1.599182670266611761e-01	7.607492206035276761e-02	3.045292550030207629e-02	8.037439028700259225e-02
