1.001418434226643626e+03	2.825577668113331553e-01	1.766805031849418561e-01	2.348495865807250227e-01	1.416592554737186038e-01	6.844848132484065983e-02	2.668407571774733880e-02	6.912033090660092693e-02
1.003837319333471214e+03	2.821335726236615660e-01	1.764010482278910164e-01	2.351510030502783344e-01	1.418403504936190940e-01	6.852322125175940026e-02	2.672082279138037267e-02	6.922998156131782155e-02
1.006256204440298802e+03	2.817105863962135470e-01	1.761223891930473184e-01	2.354515370518786566e-01	1.420209088332899383e-01	6.859775682963750731e-02	2.675747561866710991e-02	6.933934607717348597e-02
1.008675089547126618e+03	2.812888046868159964e-01	1.758445238104781039e-01	2.357511911143772565e-01	1.422009321762571776e-01	6.867208860797745229e-02	2.679403446269200406e-02	6.944842514130961098e-02
1.011093974653954206e+03	2.808682240630765437e-01	1.755674498167683339e-01	2.360499677594098400e-01	1.423804222003410003e-01	6.874621713490668140e-02	2.683049958579262345e-02	6.955721943961257203e-02
1.013512859760782021e+03	2.804488411023576266e-01	1.752911649550003836e-01	2.363478695014171460e-01	1.425593805776773360e-01	6.882014295718007213e-02	2.686687124956176412e-02	6.966572965671331830e-02
1.015931744867609382e+03	2.800306523917501234e-01	1.750156669747338634e-01	2.366448988476653470e-01	1.427378089747392831e-01	6.889386662018233409e-02	2.690314971484956963e-02	6.977395647598717832e-02
1.018350629974437197e+03	2.796136545280472063e-01	1.747409536319855516e-01	2.369410582982665048e-01	1.429157090523586471e-01	6.896738866793046541e-02	2.693933524176564398e-02	6.988190057955369350e-02
1.020769515081264785e+03	2.791978441177181969e-01	1.744670226892094944e-01	2.372363503461989986e-01	1.430930824657469791e-01	6.904070964307626457e-02	2.697542808968115408e-02	6.998956264827652096e-02
1.023188400188092373e+03	2.787832177768826414e-01	1.741938719152774095e-01	2.375307774773277036e-01	1.432699308645170311e-01	6.911383008690870355e-02	2.701142851723092528e-02	7.009694336176325313e-02
1.025607285294920075e+03	2.783697721312835549e-01	1.739214990854587861e-01	2.378243421704242799e-01	1.434462558927036557e-01	6.918675053935649522e-02	2.704733678231554042e-02	7.020404339836534835e-02
1.028026170401747549e+03	2.779575038162619971e-01	1.736499019814013445e-01	2.381170468971874066e-01	1.436220591887849285e-01	6.925947153899056352e-02	2.708315314210342842e-02	7.031086343517806148e-02
1.030445055508575479e+03	2.775464094767303713e-01	1.733790783911117739e-01	2.384088941222627933e-01	1.437973423857029642e-01	6.933199362302655544e-02	2.711887785303294246e-02	7.041740414804033288e-02
1.032863940615402726e+03	2.771364857671467785e-01	1.731090261089361093e-01	2.386998863032634144e-01	1.439721071108849004e-01	6.940431732732732506e-02	2.715451117081443475e-02	7.052366621153478843e-02
1.035282825722230655e+03	2.767277293514885939e-01	1.728397429355406911e-01	2.389900258907894648e-01	1.441463549862634919e-01	6.947644318640545935e-02	2.719005335043233121e-02	7.062965029898764235e-02
1.037701710829058356e+03	2.763201369032267651e-01	1.725712266778930137e-01	2.392793153284483165e-01	1.443200876282978440e-01	6.954837173342583168e-02	2.722550464614719237e-02	7.073535708246872500e-02
1.040120595935886058e+03	2.759137051052993339e-01	1.723034751492426853e-01	2.395677570528744471e-01	1.444933066479939521e-01	6.962010350020809979e-02	2.726086531149777420e-02	7.084078723279145506e-02
1.042539481042713533e+03	2.755084306500856783e-01	1.720364861691024427e-01	2.398553534937492016e-01	1.446660136509251016e-01	6.969163901722934262e-02	2.729613559930308547e-02	7.094594141951288124e-02
1.044958366149541234e+03	2.751043102393806450e-01	1.717702575632293338e-01	2.401421070738208319e-01	1.448382102372523794e-01	6.976297881362646114e-02	2.733131576166443130e-02	7.105082031093368222e-02
1.047377251256368709e+03	2.747013405843685141e-01	1.715047871636058985e-01	2.404280202089239815e-01	1.450098980017448524e-01	6.983412341719889838e-02	2.736640604996745316e-02	7.115542457409823607e-02
1.049796136363196410e+03	2.742995184055968538e-01	1.712400728084216839e-01	2.407130953079995306e-01	1.451810785337998289e-01	6.990507335441110970e-02	2.740140671488417237e-02	7.125975487479466186e-02
1.052215021470024112e+03	2.738988404329510407e-01	1.709761123420545648e-01	2.409973347731141913e-01	1.453517534174629533e-01	6.997582915039517182e-02	2.743631800637500590e-02	7.136381187755490296e-02
1.054633906576851814e+03	2.734993034056281136e-01	1.707129036150522305e-01	2.412807409994801866e-01	1.455219242314482742e-01	7.004639132895336406e-02	2.747114017369081326e-02	7.146759624565487967e-02
1.057052791683679516e+03	2.731009040721111836e-01	1.704504444841139221e-01	2.415633163754745127e-01	1.456915925491581443e-01	7.011676041256073577e-02	2.750587346537489847e-02	7.157110864111448922e-02
1.059471676790506763e+03	2.727036391901434542e-01	1.701887328120719189e-01	2.418450632826587565e-01	1.458607599387031772e-01	7.018693692236772919e-02	2.754051812926503612e-02	7.167434972469784171e-02
1.061890561897334692e+03	2.723075055267027422e-01	1.699277664678735533e-01	2.421259840957982745e-01	1.460294279629218428e-01	7.025692137820277461e-02	2.757507441249546637e-02	7.177732015591337111e-02
1.064309447004162394e+03	2.719124998579754426e-01	1.696675433265629196e-01	2.424060811828815942e-01	1.461975981794003121e-01	7.032671429857488554e-02	2.760954256149890720e-02	7.188002059301394631e-02
1.066728332110990095e+03	2.715186189693314933e-01	1.694080612692628607e-01	2.426853569051397874e-01	1.463652721404920254e-01	7.039631620067625384e-02	2.764392282200855283e-02	7.198245169299712087e-02
1.069147217217817570e+03	2.711258596552979516e-01	1.691493181831569270e-01	2.429638136170657881e-01	1.465324513933371764e-01	7.046572760038491423e-02	2.767821543906006168e-02	7.208461411160528576e-02
1.071566102324645271e+03	2.707342187195341809e-01	1.688913119614715297e-01	2.432414536664334326e-01	1.466991374798821968e-01	7.053494901226731173e-02	2.771242065699353746e-02	7.218650850332587743e-02
1.073984987431472746e+03	2.703436929748059825e-01	1.686340405034581214e-01	2.435182793943166946e-01	1.468653319368991572e-01	7.060398094958096615e-02	2.774653871945551020e-02	7.228813552139162768e-02
1.076403872538300675e+03	2.699542792429601712e-01	1.683775017143754327e-01	2.437942931351088083e-01	1.470310362960048634e-01	7.067282392427708115e-02	2.778056986940092080e-02	7.238949581778077180e-02
1.078822757645127922e+03	2.695659743548992626e-01	1.681216935054716810e-01	2.440694972165412535e-01	1.471962520836802291e-01	7.074147844700318100e-02	2.781451434909508122e-02	7.249059004321732613e-02
1.081241642751955851e+03	2.691787751505559934e-01	1.678666137939671121e-01	2.443438939597028237e-01	1.473609808212893169e-01	7.080994502710574734e-02	2.784837240011564866e-02	7.259141884717136561e-02
1.083660527858783553e+03	2.687926784788682300e-01	1.676122605030363755e-01	2.446174856790583607e-01	1.475252240250983504e-01	7.087822417263284214e-02	2.788214426335456145e-02	7.269198287785927359e-02
1.086079412965611255e+03	2.684076811977533783e-01	1.673586315617910658e-01	2.448902746824679066e-01	1.476889832062946717e-01	7.094631639033679993e-02	2.791583017902002015e-02	7.279228278224406101e-02
1.088498298072438729e+03	2.680237801740835146e-01	1.671057249052623761e-01	2.451622632712054106e-01	1.478522598710056424e-01	7.101422218567685074e-02	2.794943038663841653e-02	7.289231920603572723e-02
1.090917183179266431e+03	2.676409722836599059e-01	1.668535384743836392e-01	2.454334537399774918e-01	1.480150555203173790e-01	7.108194206282175687e-02	2.798294512505627996e-02	7.299209279369152370e-02
1.093336068286093905e+03	2.672592544111882518e-01	1.666020702159732025e-01	2.457038483769420634e-01	1.481773716502934324e-01	7.114947652465244965e-02	2.801637463244220638e-02	7.309160418841632867e-02
1.095754953392921607e+03	2.668786234502533716e-01	1.663513180827171090e-01	2.459734494637272895e-01	1.483392097519935504e-01	7.121682607276476340e-02	2.804971914628880819e-02	7.319085403216303576e-02
1.098173838499749309e+03	2.664990763032943355e-01	1.661012800331521100e-01	2.462422592754498762e-01	1.485005713114920800e-01	7.128399120747201667e-02	2.808297890341461545e-02	7.328984296563291478e-02
1.100592723606577010e+03	2.661206098815795396e-01	1.658519540316484020e-01	2.465102800807338901e-01	1.486614578098964523e-01	7.135097242780767679e-02	2.811615413996601531e-02	7.338857162827595870e-02
1.103011608713404712e+03	2.657432211051817261e-01	1.656033380483927508e-01	2.467775141417291040e-01	1.488218707233656679e-01	7.141777023152809378e-02	2.814924509141915332e-02	7.348704065829138321e-02
1.105430493820231959e+03	2.653669069029532812e-01	1.653554300593716164e-01	2.470439637141295386e-01	1.489818115231285878e-01	7.148438511511509552e-02	2.818225199258185890e-02	7.358525069262794593e-02
1.107849378927059888e+03	2.649916642125012545e-01	1.651082280463540553e-01	2.473096310471918080e-01	1.491412816755020576e-01	7.155081757377868001e-02	2.821517507759552235e-02	7.368320236698445991e-02
1.110268264033887590e+03	2.646174899801629898e-01	1.648617299968750671e-01	2.475745183837536056e-01	1.493002826419092266e-01	7.161706810145967994e-02	2.824801457993702386e-02	7.378089631581023766e-02
1.112687149140715292e+03	2.642443811609812010e-01	1.646159339042187753e-01	2.478386279602518283e-01	1.494588158788974497e-01	7.168313719083244107e-02	2.828077073242060355e-02	7.387833317230553531e-02
1.115106034247542766e+03	2.638723347186794355e-01	1.643708377674017451e-01	2.481019620067410059e-01	1.496168828381564675e-01	7.174902533330750065e-02	2.831344376719975922e-02	7.397551356842198278e-02
1.117524919354370468e+03	2.635013476256375387e-01	1.641264395911563312e-01	2.483645227469113148e-01	1.497744849665362254e-01	7.181473301903422424e-02	2.834603391576911990e-02	7.407243813486319439e-02
1.119943804461197942e+03	2.631314168628672290e-01	1.638827373859140790e-01	2.486263123981068690e-01	1.499316237060647761e-01	7.188026073690352569e-02	2.837854140896633667e-02	7.416910750108518524e-02
1.122362689568025871e+03	2.627625394199875619e-01	1.636397291677891830e-01	2.488873331713438164e-01	1.500883004939660703e-01	7.194560897455050397e-02	2.841096647697394229e-02	7.426552229529691240e-02
1.124781574674853118e+03	2.623947122952007827e-01	1.633974129585621660e-01	2.491475872713282969e-01	1.502445167626775824e-01	7.201077821835714932e-02	2.844330934932122121e-02	7.436168314446084393e-02
1.127200459781681047e+03	2.620279324952677902e-01	1.631557867856632260e-01	2.494070768964745388e-01	1.504002739398680177e-01	7.207576895345499390e-02	2.847557025488607965e-02	7.445759067429350009e-02
1.129619344888508749e+03	2.616621970354839344e-01	1.629148486821560271e-01	2.496658042389226229e-01	1.505555734484548547e-01	7.214058166372780412e-02	2.850774942189688438e-02	7.455324550926598071e-02
1.132038229995336451e+03	2.612975029396549798e-01	1.626745966867214344e-01	2.499237714845566893e-01	1.507104167066218303e-01	7.220521683181427286e-02	2.853984707793431885e-02	7.464864827260457580e-02
1.134457115102163925e+03	2.609338472400729581e-01	1.624350288436411938e-01	2.501809808130224244e-01	1.508648051278363156e-01	7.226967493911067020e-02	2.857186344993324287e-02	7.474379958629134846e-02
1.136876000208991627e+03	2.605712269774918544e-01	1.621961432027817784e-01	2.504374343977450734e-01	1.510187401208666902e-01	7.233395646577353566e-02	2.860379876418451053e-02	7.483870007106473154e-02
1.139294885315819101e+03	2.602096392011039594e-01	1.619579378195782071e-01	2.506931344059470934e-01	1.511722230897995789e-01	7.239806189072232889e-02	2.863565324633681949e-02	7.493335034642018000e-02
1.141713770422646803e+03	2.598490809685156111e-01	1.617204107550179459e-01	2.509480829986660000e-01	1.513252554340571154e-01	7.246199169164216358e-02	2.866742712139853586e-02	7.502775103061076756e-02
1.144132655529474505e+03	2.594895493457237134e-01	1.614835600756249767e-01	2.512022823307717423e-01	1.514778385484139289e-01	7.252574634498644424e-02	2.869912061373951565e-02	7.512190274064786677e-02
1.146551540636302207e+03	2.591310414070914225e-01	1.612473838534436987e-01	2.514557345509845221e-01	1.516299738230143523e-01	7.258932632597955847e-02	2.873073394709293321e-02	7.521580609230174574e-02
1.148970425743129908e+03	2.587735542353248319e-01	1.610118801660231636e-01	2.517084418018921688e-01	1.517816626433892147e-01	7.265273210861951381e-02	2.876226734455708187e-02	7.530946170010231755e-02
1.151389310849957155e+03	2.584170849214489363e-01	1.607770470964010046e-01	2.519604062199677363e-01	1.519329063904729105e-01	7.271596416568071319e-02	2.879372102859719534e-02	7.540287017733977859e-02
1.153808195956785084e+03	2.580616305647842612e-01	1.605428827330877828e-01	2.522116299355870450e-01	1.520837064406201644e-01	7.277902296871650856e-02	2.882509522104724498e-02	7.549603213606530250e-02
1.156227081063612786e+03	2.577071882729231045e-01	1.603093851700511385e-01	2.524621150730457231e-01	1.522340641656228233e-01	7.284190898806199022e-02	2.885639014311173686e-02	7.558894818709178953e-02
1.158645966170440488e+03	2.573537551617062769e-01	1.600765525067000261e-01	2.527118637505768040e-01	1.523839809327265371e-01	7.290462269283656815e-02	2.888760601536751599e-02	7.568161893999456047e-02
1.161064851277267962e+03	2.570013283551993433e-01	1.598443828478691431e-01	2.529608780803681567e-01	1.525334581046473847e-01	7.296716455094670595e-02	2.891874305776553564e-02	7.577404500311207824e-02
1.163483736384095664e+03	2.566499049856693637e-01	1.596128743038032760e-01	2.532091601685793614e-01	1.526824970395884440e-01	7.302953502908855754e-02	2.894980148963265457e-02	7.586622698354673899e-02
1.165902621490923138e+03	2.562994821935615231e-01	1.593820249901416464e-01	2.534567121153592506e-01	1.528310990912562506e-01	7.309173459275070117e-02	2.898078152967341337e-02	7.595816548716560757e-02
1.168321506597751068e+03	2.559500571274761493e-01	1.591518330279024784e-01	2.537035360148627294e-01	1.529792656088773128e-01	7.315376370621669289e-02	2.901168339597181081e-02	7.604986111860120856e-02
1.170740391704578315e+03	2.556016269441451771e-01	1.589222965434675117e-01	2.539496339552682058e-01	1.531269979372142931e-01	7.321562283256786985e-02	2.904250730599305941e-02	7.614131448125227575e-02
1.173159276811406244e+03	2.552541888084091104e-01	1.586934136685666241e-01	2.541950080187944105e-01	1.532742974165824390e-01	7.327731243368593161e-02	2.907325347658536174e-02	7.623252617728457081e-02
1.175578161918233945e+03	2.549077398931939853e-01	1.584651825402622893e-01	2.544396602817174391e-01	1.534211653828657651e-01	7.333883297025564629e-02	2.910392212398165909e-02	7.632349680763171607e-02
1.177997047025061647e+03	2.545622773794883331e-01	1.582376013009344218e-01	2.546835928143876271e-01	1.535676031675332065e-01	7.340018490176750121e-02	2.913451346380139390e-02	7.641422697199599934e-02
1.180415932131889122e+03	2.542177984563201432e-01	1.580106680982650558e-01	2.549268076812468142e-01	1.537136120976547171e-01	7.346136868652038132e-02	2.916502771105225142e-02	7.650471726884920665e-02
1.182834817238716823e+03	2.538743003207341586e-01	1.577843810852229967e-01	2.551693069408446646e-01	1.538591934959172014e-01	7.352238478162419211e-02	2.919546508013189795e-02	7.659496829543344099e-02
1.185253702345544298e+03	2.535317801777690616e-01	1.575587384200487773e-01	2.554110926458557640e-01	1.540043486806405848e-01	7.358323364300259350e-02	2.922582578482973287e-02	7.668498064776201051e-02
1.187672587452371999e+03	2.531902352404343803e-01	1.573337382662394757e-01	2.556521668430966066e-01	1.541490789657936067e-01	7.364391572539556730e-02	2.925611003832860602e-02	7.677475492062033058e-02
1.190091472559199701e+03	2.528496627296880628e-01	1.571093787925335328e-01	2.558925315735418038e-01	1.542933856610097521e-01	7.370443148236215103e-02	2.928631805320656284e-02	7.686429170756674256e-02
1.192510357666027403e+03	2.525100598744138281e-01	1.568856581728958477e-01	2.561321888723410156e-01	1.544372700716028224e-01	7.376478136628304705e-02	2.931645004143854441e-02	7.695359160093344364e-02
1.194929242772855105e+03	2.521714239113985734e-01	1.566625745865026786e-01	2.563711407688357147e-01	1.545807334985828674e-01	7.382496582836332866e-02	2.934650621439813603e-02	7.704265519182737498e-02
1.197348127879682352e+03	2.518337520853096145e-01	1.564401262177267382e-01	2.566093892865753401e-01	1.547237772386715615e-01	7.388498531863503527e-02	2.937648678285925338e-02	7.713148307013113769e-02
1.199767012986510281e+03	2.514970416486725924e-01	1.562183112561222331e-01	2.568469364433342839e-01	1.548664025843179692e-01	7.394484028595982306e-02	2.940639195699786684e-02	7.722007582450390872e-02
1.202185898093337983e+03	2.511612898618489353e-01	1.559971278964100150e-01	2.570837842511280447e-01	1.550086108237139493e-01	7.400453117803168501e-02	2.943622194639369805e-02	7.730843404238242622e-02
1.204604783200165684e+03	2.508264939930133219e-01	1.557765743384627866e-01	2.573199347162297146e-01	1.551504032408095868e-01	7.406405844137947669e-02	2.946597696003192338e-02	7.739655830998189157e-02
1.207023668306993159e+03	2.504926513181318093e-01	1.555566487872902803e-01	2.575553898391865215e-01	1.552917811153286254e-01	7.412342252136969178e-02	2.949565720630486707e-02	7.748444921229691307e-02
1.209442553413820860e+03	2.501597591209393512e-01	1.553373494530245758e-01	2.577901516148358718e-01	1.554327457227836495e-01	7.418262386220900173e-02	2.952526289301368387e-02	7.757210733310254680e-02
1.211861438520648335e+03	2.498278146929176491e-01	1.551186745509053333e-01	2.580242220323218927e-01	1.555732983344914888e-01	7.424166290694696191e-02	2.955479422737005216e-02	7.765953325495518478e-02
1.214280323627476264e+03	2.494968153332731142e-01	1.549006223012653338e-01	2.582576030751117524e-01	1.557134402175882892e-01	7.430054009747857902e-02	2.958425141599785660e-02	7.774672755919366518e-02
1.216699208734303511e+03	2.491667583489149129e-01	1.546831909295156016e-01	2.584902967210114255e-01	1.558531726350446955e-01	7.435925587454700336e-02	2.961363466493484656e-02	7.783369082594016053e-02
1.219118093841131440e+03	2.488376410544328732e-01	1.544663786661310545e-01	2.587223049421821242e-01	1.559924968456808392e-01	7.441781067774613789e-02	2.964294417963431877e-02	7.792042363410123240e-02
1.221536978947959142e+03	2.485094607720756688e-01	1.542501837466360159e-01	2.589536297051565628e-01	1.561314141041814374e-01	7.447620494552326109e-02	2.967218016496678962e-02	7.800692656136887226e-02
1.223955864054786844e+03	2.481822148317289201e-01	1.540346044115895319e-01	2.591842729708547233e-01	1.562699256611106424e-01	7.453443911518166376e-02	2.970134282522162578e-02	7.809320018422151455e-02
1.226374749161614318e+03	2.478559005708935448e-01	1.538196389065711323e-01	2.594142366945998979e-01	1.564080327629269740e-01	7.459251362288325804e-02	2.973043236410873730e-02	7.817924507792507749e-02
1.228793634268442020e+03	2.475305153346638309e-01	1.536052854821664537e-01	2.596435228261348427e-01	1.565457366519980575e-01	7.465042890365121420e-02	2.975944898476020825e-02	7.826506181653405947e-02
1.231212519375269494e+03	2.472060564757059264e-01	1.533915423939527234e-01	2.598721333096374875e-01	1.566830385666155567e-01	7.470818539137256964e-02	2.978839288973194124e-02	7.835065097289251046e-02
1.233631404482097196e+03	2.468825213542362174e-01	1.531784079024846590e-01	2.601000700837369783e-01	1.568199397410095786e-01	7.476578351880083795e-02	2.981726428100531581e-02	7.843601311863519776e-02
1.236050289588924898e+03	2.465599073379996786e-01	1.529658802732800915e-01	2.603273350815293319e-01	1.569564414053635781e-01	7.482322371755863177e-02	2.984606335998879478e-02	7.852114882418866071e-02
1.238469174695752372e+03	2.462382118022486410e-01	1.527539577768057821e-01	2.605539302305934779e-01	1.570925447858288193e-01	7.488050641814027186e-02	2.987479032751959307e-02	7.860605865877225151e-02
1.240888059802580301e+03	2.459174321297210586e-01	1.525426386884632668e-01	2.607798574530066360e-01	1.572282511045389186e-01	7.493763204991438220e-02	2.990344538386527709e-02	7.869074319039934262e-02
1.243306944909407548e+03	2.455975657106193866e-01	1.523319212885747564e-01	2.610051186653602473e-01	1.573635615796242226e-01	7.499460104112648517e-02	2.993202872872540235e-02	7.877520298587835368e-02
1.245725830016235477e+03	2.452786099425891542e-01	1.521218038623689539e-01	2.612297157787757396e-01	1.574984774252263242e-01	7.505141381890163832e-02	2.996054056123312673e-02	7.885943861081387563e-02
1.248144715123063179e+03	2.449605622306977870e-01	1.519122846999670928e-01	2.614536506989199038e-01	1.576329998515123287e-01	7.510807080924701562e-02	2.998898107995683071e-02	7.894345062960785031e-02
1.250563600229890881e+03	2.446434199874134574e-01	1.517033620963688934e-01	2.616769253260204375e-01	1.577671300646891761e-01	7.516457243705447488e-02	3.001735048290171681e-02	7.902723960546069459e-02
1.252982485336718355e+03	2.443271806325839068e-01	1.514950343514385733e-01	2.618995415548815986e-01	1.579008692670178515e-01	7.522091912610316677e-02	3.004564896751141939e-02	7.911080610037239669e-02
1.255401370443546057e+03	2.440118415934153795e-01	1.512872997698910260e-01	2.621215012748995821e-01	1.580342186568274854e-01	7.527711129906212995e-02	3.007387673066960407e-02	7.919415067514377904e-02
1.257820255550373531e+03	2.436974003044516113e-01	1.510801566612777758e-01	2.623428063700780632e-01	1.581671794285296195e-01	7.533314937749285845e-02	3.010203396870156020e-02	7.927727388937755304e-02
1.260239140657201460e+03	2.433838542075530409e-01	1.508736033399733223e-01	2.625634587190433522e-01	1.582997527726320852e-01	7.538903378185189685e-02	3.013012087737579336e-02	7.936017630147959578e-02
1.262658025764028707e+03	2.430712007518756601e-01	1.506676381251612074e-01	2.627834601950601034e-01	1.584319398757531305e-01	7.544476493149343543e-02	3.015813765190562129e-02	7.944285846866001866e-02
1.265076910870856636e+03	2.427594373938504191e-01	1.504622593408203035e-01	2.630028126660461929e-01	1.585637419206352428e-01	7.550034324467182201e-02	3.018608448695074206e-02	7.952532094693449960e-02
1.267495795977684338e+03	2.424485615971623820e-01	1.502574653157110474e-01	2.632215179945882610e-01	1.586951600861591649e-01	7.555576913854421262e-02	3.021396157661881618e-02	7.960756429112539334e-02
1.269914681084511813e+03	2.421385708327300212e-01	1.500532543833617838e-01	2.634395780379567564e-01	1.588261955473576348e-01	7.561104302917306952e-02	3.024176911446703822e-02	7.968958905486296651e-02
1.272333566191339514e+03	2.418294625786845120e-01	1.498496248820551657e-01	2.636569946481213123e-01	1.589568494754291517e-01	7.566616533152877022e-02	3.026950729350370850e-02	7.977139579058663277e-02
1.274752451298167216e+03	2.415212343203492762e-01	1.496465751548145540e-01	2.638737696717655679e-01	1.590871230377517431e-01	7.572113645949216099e-02	3.029717630618979779e-02	7.985298504954614629e-02
1.277171336404994690e+03	2.412138835502193324e-01	1.494441035493903891e-01	2.640899049503024898e-01	1.592170173978966208e-01	7.577595682585709647e-02	3.032477634444049816e-02	7.993435738180287853e-02
1.279590221511822392e+03	2.409074077679408676e-01	1.492422084182466469e-01	2.643054023198891933e-01	1.593465337156416972e-01	7.583062684233302098e-02	3.035230759962679117e-02	8.001551333623101170e-02
1.282009106618650094e+03	2.406018044802908651e-01	1.490408881185474599e-01	2.645202636114423189e-01	1.594756731469852418e-01	7.588514691954748037e-02	3.037977026257697791e-02	8.009645346051887105e-02
1.284427991725477568e+03	2.402970712011566756e-01	1.488401410121436563e-01	2.647344906506524653e-01	1.596044368441593697e-01	7.593951746704868944e-02	3.040716452357825408e-02	8.017717830117014610e-02
1.286846876832305497e+03	2.399932054515157842e-01	1.486399654655592983e-01	2.649480852579993440e-01	1.597328259556433649e-01	7.599373889330809928e-02	3.043449057237822275e-02	8.025768840350511191e-02
1.289265761939132744e+03	2.396902047594154650e-01	1.484403598499783039e-01	2.651610492487668780e-01	1.598608416261772525e-01	7.604781160572289533e-02	3.046174859818645206e-02	8.033798431166197518e-02
1.291684647045960673e+03	2.393880666599527696e-01	1.482413225412312352e-01	2.653733844330575797e-01	1.599884849967749822e-01	7.610173601061856474e-02	3.048893878967599141e-02	8.041806656859815106e-02
1.294103532152788375e+03	2.390867886952542098e-01	1.480428519197818371e-01	2.655850926158076497e-01	1.601157572047377797e-01	7.615551251325139437e-02	3.051606133498492232e-02	8.049793571609149823e-02
1.296522417259616077e+03	2.387863684144558574e-01	1.478449463707139644e-01	2.657961755968015760e-01	1.602426593836673296e-01	7.620914151781105206e-02	3.054311642171786412e-02	8.057759229474173446e-02
1.298941302366443551e+03	2.384868033736831650e-01	1.476476042837182034e-01	2.660066351706869003e-01	1.603691926634790432e-01	7.626262342742307077e-02	3.057010423694748319e-02	8.065703684397160234e-02
1.301360187473271253e+03	2.381880911360311492e-01	1.474508240530788550e-01	2.662164731269887064e-01	1.604953581704151033e-01	7.631595864415134656e-02	3.059702496721604728e-02	8.073626990202831255e-02
1.303779072580098727e+03	2.378902292715444622e-01	1.472546040776607223e-01	2.664256912501244412e-01	1.606211570270574540e-01	7.636914756900070600e-02	3.062387879853690348e-02	8.081529200598476514e-02
1.306197957686926657e+03	2.375932153571974625e-01	1.470589427608960109e-01	2.666342913194184594e-01	1.607465903523410677e-01	7.642219060191945967e-02	3.065066591639598742e-02	8.089410369174097892e-02
1.308616842793753904e+03	2.372970469768745927e-01	1.468638385107712829e-01	2.668422751091164558e-01	1.608716592615666574e-01	7.647508814180176140e-02	3.067738650575334639e-02	8.097270549402536821e-02
1.311035727900581833e+03	2.370017217213505334e-01	1.466692897398144679e-01	2.670496443883998983e-01	1.609963648664136660e-01	7.652784058649027277e-02	3.070404075104461381e-02	8.105109794639607512e-02
1.313454613007409534e+03	2.367072371882705251e-01	1.464752948650817344e-01	2.672564009214006275e-01	1.611207082749532282e-01	7.658044833277856400e-02	3.073062883618251848e-02	8.112928158124237121e-02
1.315873498114237009e+03	2.364135909821307724e-01	1.462818523081447497e-01	2.674625464672151787e-01	1.612446905916608830e-01	7.663291177641369523e-02	3.075715094455836948e-02	8.120725692978598975e-02
1.318292383221064711e+03	2.361207807142589044e-01	1.460889604950776355e-01	2.676680827799191587e-01	1.613683129174292852e-01	7.668523131209860344e-02	3.078360725904353765e-02	8.128502452208248574e-02
1.320711268327892412e+03	2.358288040027944898e-01	1.458966178564441996e-01	2.678730116085815682e-01	1.614915763495810841e-01	7.673740733349468379e-02	3.080999796199094740e-02	8.136258488702263758e-02
1.323130153434719887e+03	2.355376584726694977e-01	1.457048228272849744e-01	2.680773346972790683e-01	1.616144819818814138e-01	7.678944023322427370e-02	3.083632323523653740e-02	8.143993855233384871e-02
1.325549038541547588e+03	2.352473417555890067e-01	1.455135738471044771e-01	2.682810537851103017e-01	1.617370309045506327e-01	7.684133040287303984e-02	3.086258326010075242e-02	8.151708604458142438e-02
1.327967923648375290e+03	2.349578514900118043e-01	1.453228693598584420e-01	2.684841706062099376e-01	1.618592242042767859e-01	7.689307823299260103e-02	3.088877821738999357e-02	8.159402788917011207e-02
1.330386808755202765e+03	2.346691853211310685e-01	1.451327078139411919e-01	2.686866868897629379e-01	1.619810629642280952e-01	7.694468411310288747e-02	3.091490828739809973e-02	8.167076461034537826e-02
1.332805693862030694e+03	2.343813409008553006e-01	1.449430876621728148e-01	2.688886043600186571e-01	1.621025482640654769e-01	7.699614843169465261e-02	3.094097364990779434e-02	8.174729673119492113e-02
1.335224578968857941e+03	2.340943158877889785e-01	1.447540073617866185e-01	2.690899247363049973e-01	1.622236811799550593e-01	7.704747157623192955e-02	3.096697448419214252e-02	8.182362477365000275e-02
1.337643464075685870e+03	2.338081079472134616e-01	1.445654653744163631e-01	2.692906497330421756e-01	1.623444627845803123e-01	7.709865393315452897e-02	3.099291096901601872e-02	8.189974925848692022e-02
1.340062349182513572e+03	2.335227147510680057e-01	1.443774601660839096e-01	2.694907810597569897e-01	1.624648941471544539e-01	7.714969588788045396e-02	3.101878328263752566e-02	8.197567070532840727e-02
1.342481234289341273e+03	2.332381339779307228e-01	1.441899902071864803e-01	2.696903204210967520e-01	1.625849763334328291e-01	7.720059782480839794e-02	3.104459160280947233e-02	8.205138963264507757e-02
1.344900119396168748e+03	2.329543633129995683e-01	1.440030539724842518e-01	2.698892695168432221e-01	1.627047104057249283e-01	7.725136012732014557e-02	3.107033610678078261e-02	8.212690655775685411e-02
1.347319004502996449e+03	2.326714004480734954e-01	1.438166499410878651e-01	2.700876300419262632e-01	1.628240974229067106e-01	7.730198317778305683e-02	3.109601697129794895e-02	8.220222199683444031e-02
1.349737889609823924e+03	2.323892430815336640e-01	1.436307765964459915e-01	2.702854036864378307e-01	1.629431384404325944e-01	7.735246735755249570e-02	3.112163437260645482e-02	8.227733646490074937e-02
1.352156774716651853e+03	2.321078889183245120e-01	1.434454324263329528e-01	2.704825921356459051e-01	1.630618345103476141e-01	7.740281304697424480e-02	3.114718848645221111e-02	8.235225047583234759e-02
1.354575659823479100e+03	2.318273356699350751e-01	1.432606159228363429e-01	2.706791970700080374e-01	1.631801866812994661e-01	7.745302062538701737e-02	3.117267948808296815e-02	8.242696454236095316e-02
1.356994544930307029e+03	2.315475810543803636e-01	1.430763255823446767e-01	2.708752201651850600e-01	1.632981959985503051e-01	7.750309047112480254e-02	3.119810755224973822e-02	8.250147917607490722e-02
1.359413430037134731e+03	2.312686227961825991e-01	1.428925599055351214e-01	2.710706630920550753e-01	1.634158635039889562e-01	7.755302296151932173e-02	3.122347285320822147e-02	8.257579488742058937e-02
1.361832315143962205e+03	2.309904586263527571e-01	1.427093173973612850e-01	2.712655275167266122e-01	1.635331902361425171e-01	7.760281847290247115e-02	3.124877556472020063e-02	8.264991218570401366e-02
1.364251200250789907e+03	2.307130862823719986e-01	1.425265965670409751e-01	2.714598151005527260e-01	1.636501772301883484e-01	7.765247738060870875e-02	3.127401586005495310e-02	8.272383157909218854e-02
1.366670085357617609e+03	2.304365035081731017e-01	1.423443959280439042e-01	2.716535275001442651e-01	1.637668255179658139e-01	7.770200005897748285e-02	3.129919391199066647e-02	8.279755357461467125e-02
1.369088970464445310e+03	2.301607080541222261e-01	1.421627139980797261e-01	2.718466663673833605e-01	1.638831361279880217e-01	7.775138688135564691e-02	3.132430989281580896e-02	8.287107867816510820e-02
1.371507855571272785e+03	2.298856976770004001e-01	1.419815492990857686e-01	2.720392333494371928e-01	1.639991100854535366e-01	7.780063822009987418e-02	3.134936397433056576e-02	8.294440739450260891e-02
1.373926740678100487e+03	2.296114701399852576e-01	1.418009003572150151e-01	2.722312300887710923e-01	1.641147484122579825e-01	7.784975444657900312e-02	3.137435632784818518e-02	8.301754022725339743e-02
1.376345625784927961e+03	2.293380232126327190e-01	1.416207657028240585e-01	2.724226582231623062e-01	1.642300521270056712e-01	7.789873593117652151e-02	3.139928712419639417e-02	8.309047767891225567e-02
1.378764510891755890e+03	2.290653546708588950e-01	1.414411438704611668e-01	2.726135193857130989e-01	1.643450222450212050e-01	7.794758304329287013e-02	3.142415653371876533e-02	8.316322025084403602e-02
1.381183395998583137e+03	2.287934622969217957e-01	1.412620333988540977e-01	2.728038152048640197e-01	1.644596597783608560e-01	7.799629615134789917e-02	3.144896472627612544e-02	8.323576844328521573e-02
1.383602281105411066e+03	2.285223438794033168e-01	1.410834328308983865e-01	2.729935473044076133e-01	1.645739657358242236e-01	7.804487562278321355e-02	3.147371187124789471e-02	8.330812275534539568e-02
1.386021166212238768e+03	2.282519972131911434e-01	1.409053407136452996e-01	2.731827173035012990e-01	1.646879411229654755e-01	7.809332182406460154e-02	3.149839813753346762e-02	8.338028368500886855e-02
1.388440051319066470e+03	2.279824200994607086e-01	1.407277555982899830e-01	2.733713268166806376e-01	1.648015869421047552e-01	7.814163512068431072e-02	3.152302369355359374e-02	8.345225172913614542e-02
1.390858936425893944e+03	2.277136103456573746e-01	1.405506760401596666e-01	2.735593774538727097e-01	1.649149041923396453e-01	7.818981587716354598e-02	3.154758870725173081e-02	8.352402738346548228e-02
1.393277821532721646e+03	2.274455657654783636e-01	1.403741005987018398e-01	2.737468708204090495e-01	1.650278938695563247e-01	7.823786445705474546e-02	3.157209334609541174e-02	8.359561114261446213e-02
1.395696706639549120e+03	2.271782841788549390e-01	1.401980278374724276e-01	2.739338085170389125e-01	1.651405569664408102e-01	7.828578122294398145e-02	3.159653777707758376e-02	8.366700350008153542e-02
1.398115591746377049e+03	2.269117634119347804e-01	1.400224563241241615e-01	2.741201921399420982e-01	1.652528944724902527e-01	7.833356653645330570e-02	3.162092216671797545e-02	8.373820494824756044e-02
1.400534476853204296e+03	2.266460012970640259e-01	1.398473846303948109e-01	2.743060232807423282e-01	1.653649073740239561e-01	7.838122075824312252e-02	3.164524668106443589e-02	8.380921597837739934e-02
1.402953361960032225e+03	2.263809956727696471e-01	1.396728113320954701e-01	2.744913035265201251e-01	1.654765966541946465e-01	7.842874424801450639e-02	3.166951148569428776e-02	8.388003708062143071e-02
1.405372247066859927e+03	2.261167443837418523e-01	1.394987350090989842e-01	2.746760344598254688e-01	1.655879632929993794e-01	7.847613736451158895e-02	3.169371674571565961e-02	8.395066874401721502e-02
1.407791132173687402e+03	2.258532452808163782e-01	1.393251542453283198e-01	2.748602176586911194e-01	1.656990082672906706e-01	7.852340046552387653e-02	3.171786262576883203e-02	8.402111145649096557e-02
1.410210017280515103e+03	2.255904962209570319e-01	1.391520676287450464e-01	2.750438546966453290e-01	1.658097325507874031e-01	7.857053390788859559e-02	3.174194929002755600e-02	8.409136570485922779e-02
1.412628902387342805e+03	2.253284950672382325e-01	1.389794737513377065e-01	2.752269471427246650e-01	1.659201371140858472e-01	7.861753804749299634e-02	3.176597690220039211e-02	8.416143197483040572e-02
1.415047787494170507e+03	2.250672396888274140e-01	1.388073712091103806e-01	2.754094965614868329e-01	1.660302229246705397e-01	7.866441323927673979e-02	3.178994562553202896e-02	8.423131075100635801e-02
1.417466672600997981e+03	2.248067279609677338e-01	1.386357586020711963e-01	2.755915045130235552e-01	1.661399909469250258e-01	7.871115983723413201e-02	3.181385562280461543e-02	8.430100251688400770e-02
1.419885557707825683e+03	2.245469577649608084e-01	1.384646345342209206e-01	2.757729725529731168e-01	1.662494421421428503e-01	7.875777819441658056e-02	3.183770705633905129e-02	8.437050775485695209e-02
1.422304442814653157e+03	2.242879269881491722e-01	1.382939976135415250e-01	2.759539022325332991e-01	1.663585774685381602e-01	7.880426866293475940e-02	3.186150008799633337e-02	8.443982694621701701e-02
1.424723327921481086e+03	2.240296335238993186e-01	1.381238464519847220e-01	2.761342950984738143e-01	1.664673978812565569e-01	7.885063159396106525e-02	3.188523487917885313e-02	8.450896057115592219e-02
1.427142213028308333e+03	2.237720752715842421e-01	1.379541796654608354e-01	2.763141526931491843e-01	1.665759043323856436e-01	7.889686733773176863e-02	3.190891159083170808e-02	8.457790910876684942e-02
1.429561098135136262e+03	2.235152501365664512e-01	1.377849958738273373e-01	2.764934765545110640e-01	1.666840977709658778e-01	7.894297624354945642e-02	3.193253038344397859e-02	8.464667303704610790e-02
1.431979983241963964e+03	2.232591560301808165e-01	1.376162937008776066e-01	2.766722682161209534e-01	1.667919791430009235e-01	7.898895865978525221e-02	3.195609141705005318e-02	8.471525283289466079e-02
1.434398868348791666e+03	2.230037908697175830e-01	1.374480717743296609e-01	2.768505292071626878e-01	1.668995493914684214e-01	7.903481493388113399e-02	3.197959485123092610e-02	8.478364897211987383e-02
1.436817753455619140e+03	2.227491525784052462e-01	1.372803287258150262e-01	2.770282610524549272e-01	1.670068094563303684e-01	7.908054541235222390e-02	3.200304084511546715e-02	8.485186192943702799e-02
1.439236638562446842e+03	2.224952390853936479e-01	1.371130631908675235e-01	2.772054652724636470e-01	1.671137602745436657e-01	7.912615044078906423e-02	3.202642955738172620e-02	8.491989217847101257e-02
1.441655523669274316e+03	2.222420483257371571e-01	1.369462738089120557e-01	2.773821433833144612e-01	1.672204027800705262e-01	7.917163036385993502e-02	3.204976114625820299e-02	8.498774019175793504e-02
1.444074408776102018e+03	2.219895782403777384e-01	1.367799592232535610e-01	2.775582968968050568e-01	1.673267379038889391e-01	7.921698552531304671e-02	3.207303576952513779e-02	8.505540644074678636e-02
1.446493293882929493e+03	2.217378267761280775e-01	1.366141180810659383e-01	2.777339273204176284e-01	1.674327665740029392e-01	7.926221626797889941e-02	3.209625358451580895e-02	8.512289139580106467e-02
1.448912178989757422e+03	2.214867918856549545e-01	1.364487490333810005e-01	2.779090361573308687e-01	1.675384897154529873e-01	7.930732293377251718e-02	3.211941474811774722e-02	8.519019552620038516e-02
1.451331064096585123e+03	2.212364715274623972e-01	1.362838507350773443e-01	2.780836249064326249e-01	1.676439082503261846e-01	7.935230586369571015e-02	3.214251941677406799e-02	8.525731930014218696e-02
1.453749949203412370e+03	2.209868636658751939e-01	1.361194218448695259e-01	2.782576950623318890e-01	1.677490230977665420e-01	7.939716539783933658e-02	3.216556774648469952e-02	8.532426318474334304e-02
1.456168834310240300e+03	2.207379662710220736e-01	1.359554610252970142e-01	2.784312481153712326e-01	1.678538351739852497e-01	7.944190187538553716e-02	3.218855989280764579e-02	8.539102764604183937e-02
1.458587719417068001e+03	2.204897773188192744e-01	1.357919669427132547e-01	2.786042855516386307e-01	1.679583453922706970e-01	7.948651563461003877e-02	3.221149601086027714e-02	8.545761314899844030e-02
1.461006604523895703e+03	2.202422947909540019e-01	1.356289382672748456e-01	2.787768088529798960e-01	1.680625546629987144e-01	7.953100701288434715e-02	3.223437625532054457e-02	8.552402015749831221e-02
1.463425489630723177e+03	2.199955166748678304e-01	1.354663736729306289e-01	2.789488194970106694e-01	1.681664638936425649e-01	7.957537634667800897e-02	3.225720078042826344e-02	8.559024913435271664e-02
1.465844374737550879e+03	2.197494409637404666e-01	1.353042718374108666e-01	2.791203189571284660e-01	1.682700739887830754e-01	7.961962397156086002e-02	3.227996973998632085e-02	8.565630054130066173e-02
1.468263259844378354e+03	2.195040656564732906e-01	1.351426314422163599e-01	2.792913087025247210e-01	1.683733858501185454e-01	7.966375022220521795e-02	3.230268328736198014e-02	8.572217483901059532e-02
1.470682144951206283e+03	2.192593887576729517e-01	1.349814511726079025e-01	2.794617901981967800e-01	1.684764003764747664e-01	7.970775543238815819e-02	3.232534157548806741e-02	8.578787248708207025e-02
1.473101030058033530e+03	2.190154082776352151e-01	1.348207297175952890e-01	2.796317649049599452e-01	1.685791184638149587e-01	7.975163993499373438e-02	3.234794475686423448e-02	8.585339394404740976e-02
1.475519915164861459e+03	2.187721222323285308e-01	1.346604657699267127e-01	2.798012342794591878e-01	1.686815410052495967e-01	7.979540406201517111e-02	3.237049298355818006e-02	8.591873966737337276e-02
1.477938800271689161e+03	2.185295286433779904e-01	1.345006580260782181e-01	2.799701997741813608e-01	1.687836688910463456e-01	7.983904814455707044e-02	3.239298640720689182e-02	8.598391011346287471e-02
1.480357685378516862e+03	2.182876255380492569e-01	1.343413051862427654e-01	2.801386628374667453e-01	1.688855030086398035e-01	7.988257251283766014e-02	3.241542517901786769e-02	8.604890573765665296e-02
1.482776570485344337e+03	2.180464109492321889e-01	1.341824059543199887e-01	2.803066249135209298e-01	1.689870442426412711e-01	7.992597749619097247e-02	3.243780944977033009e-02	8.611372699423497368e-02
