1.001418434226643626e+03	2.825605728796150018e-01	1.766557413846460700e-01	2.348643206337543421e-01	1.416447376472123598e-01	6.844313209022237499e-02	2.670298910123444433e-02	6.912850626322181169e-02
1.002869765290740247e+03	2.823058668340562294e-01	1.764879894413199923e-01	2.350453169408022736e-01	1.417533922502423049e-01	6.848799036267448626e-02	2.672511792804683692e-02	6.919432624276428134e-02
1.004321096354836754e+03	2.820515962847106595e-01	1.763205243670679101e-01	2.352259950592557880e-01	1.418618535727502739e-01	6.853277501110040248e-02	2.674721264711249838e-02	6.926004305790889326e-02
1.005772427418933376e+03	2.817977604864768115e-01	1.761533456706564360e-01	2.354063555365984439e-01	1.419701219789724633e-01	6.857748615422745719e-02	2.676927331560523260e-02	6.932565685736953587e-02
1.007223758483029997e+03	2.815443586955241884e-01	1.759864528616992829e-01	2.355863989193759944e-01	1.420781978324019423e-01	6.862212391060613925e-02	2.679129999060137629e-02	6.939116778969746380e-02
1.008675089547126618e+03	2.812913901692911112e-01	1.758198454506556263e-01	2.357661257531978027e-01	1.421860814957903729e-01	6.866668839861023166e-02	2.681329272907998981e-02	6.945657600328127013e-02
1.010126420611223239e+03	2.810388541664828876e-01	1.756535229488286609e-01	2.359455365827384798e-01	1.422937733311495090e-01	6.871117973643699195e-02	2.683525158792298901e-02	6.952188164634684475e-02
1.011577751675319632e+03	2.807867499470695916e-01	1.754874848683639910e-01	2.361246319517395498e-01	1.424012736997531392e-01	6.875559804210738812e-02	2.685717662391534991e-02	6.958708486695741602e-02
1.013029082739416367e+03	2.805350767722839533e-01	1.753217307222479093e-01	2.363034124030109762e-01	1.425085829621386135e-01	6.879994343346615415e-02	2.687906789374523708e-02	6.965218581301352296e-02
1.014480413803512761e+03	2.802838339046196947e-01	1.751562600243060097e-01	2.364818784784328276e-01	1.426157014781085919e-01	6.884421602818205366e-02	2.690092545400419102e-02	6.971718463225297369e-02
1.015931744867609382e+03	2.800330206078290862e-01	1.749910722892015214e-01	2.366600307189567487e-01	1.427226296067327371e-01	6.888841594374801869e-02	2.692274936118729117e-02	6.978208147225088698e-02
1.017383075931706003e+03	2.797826361469211154e-01	1.748261670324338379e-01	2.368378696646076809e-01	1.428293677063492695e-01	6.893254329748133014e-02	2.694453967169331554e-02	6.984687648041966457e-02
1.018834406995802851e+03	2.795326797881595993e-01	1.746615437703369356e-01	2.370153958544853334e-01	1.429359161345667706e-01	6.897659820652377038e-02	2.696629644182490723e-02	6.991156980400894949e-02
1.020285738059899245e+03	2.792831507990606310e-01	1.744972020200777352e-01	2.371926098267658489e-01	1.430422752482658211e-01	6.902058078784181760e-02	2.698801972778873057e-02	6.997616159010565384e-02
1.021737069123995752e+03	2.790340484483912475e-01	1.743331412996547147e-01	2.373695121187032742e-01	1.431484454036006104e-01	6.906449115822685392e-02	2.700970958569565497e-02	7.004065198563394490e-02
1.023188400188092373e+03	2.787853720061667651e-01	1.741693611278962994e-01	2.375461032666312811e-01	1.432544269560006300e-01	6.910832943429524866e-02	2.703136607156089721e-02	7.010504113735521736e-02
1.024639731252188767e+03	2.785371207436491692e-01	1.740058610244593074e-01	2.377223838059646099e-01	1.433602202601722830e-01	6.915209573248860819e-02	2.705298924130419488e-02	7.016932919186812112e-02
1.026091062316285615e+03	2.782892939333449500e-01	1.738426405098275063e-01	2.378983542712007626e-01	1.434658256701006052e-01	6.919579016907397018e-02	2.707457915074997293e-02	7.023351629560854736e-02
1.027542393380382237e+03	2.780418908490029373e-01	1.736796991053100314e-01	2.380740151959214179e-01	1.435712435390508745e-01	6.923941286014388685e-02	2.709613585562748936e-02	7.029760259484964247e-02
1.028993724444478858e+03	2.777949107656125793e-01	1.735170363330399146e-01	2.382493671127941526e-01	1.436764742195701383e-01	6.928296392161673034e-02	2.711765941157101914e-02	7.036158823570171084e-02
1.030445055508575479e+03	2.775483529594016674e-01	1.733546517159725575e-01	2.384244105535738290e-01	1.437815180634890722e-01	6.932644346923677592e-02	2.713914987412000338e-02	7.042547336411236758e-02
1.031896386572671872e+03	2.773022167078342259e-01	1.731925447778842331e-01	2.385991460491043437e-01	1.438863754219233959e-01	6.936985161857441018e-02	2.716060729871921584e-02	7.048925812586639972e-02
1.033347717636768493e+03	2.770565012896087365e-01	1.730307150433706420e-01	2.387735741293200986e-01	1.439910466452756499e-01	6.941318848502631145e-02	2.718203174071892950e-02	7.055294266658583557e-02
1.034799048700865114e+03	2.768112059846560280e-01	1.728691620378452753e-01	2.389476953232475276e-01	1.440955320832366937e-01	6.945645418381565794e-02	2.720342325537505532e-02	7.061652713172991702e-02
1.036250379764961508e+03	2.765663300741372232e-01	1.727078852875380821e-01	2.391215101590066783e-01	1.441998320847874548e-01	6.949964882999225269e-02	2.722478189784933653e-02	7.068001166659511336e-02
1.037701710829058356e+03	2.763218728404416846e-01	1.725468843194939150e-01	2.392950191638127666e-01	1.443039469982003720e-01	6.954277253843274553e-02	2.724610772320948393e-02	7.074339641631512132e-02
1.039153041893154750e+03	2.760778335671849604e-01	1.723861586615711150e-01	2.394682228639777033e-01	1.444078771710411713e-01	6.958582542384084135e-02	2.726740078642934939e-02	7.080668152586086506e-02
1.040604372957251599e+03	2.758342115392070082e-01	1.722257078424399568e-01	2.396411217849116759e-01	1.445116229501703653e-01	6.962880760074742492e-02	2.728866114238907847e-02	7.086986714004051002e-02
1.042055704021347992e+03	2.755910060425699193e-01	1.720655313915811502e-01	2.398137164511246200e-01	1.446151846817448627e-01	6.967171918351078297e-02	2.730988884587528046e-02	7.093295340349943523e-02
1.043507035085444613e+03	2.753482163645558090e-01	1.719056288392845078e-01	2.399860073862278842e-01	1.447185627112196338e-01	6.971456028631677071e-02	2.733108395158117751e-02	7.099594046072024711e-02
1.044958366149541234e+03	2.751058417936651512e-01	1.717459997166474184e-01	2.401579951129356183e-01	1.448217573833492089e-01	6.975733102317900614e-02	2.735224651410676430e-02	7.105882845602282116e-02
1.046409697213637855e+03	2.748638816196145029e-01	1.715866435555734038e-01	2.403296801530664106e-01	1.449247690421893442e-01	6.980003150793905042e-02	2.737337658795897799e-02	7.112161753356424643e-02
1.047861028277734476e+03	2.746223351333346718e-01	1.714275598887705643e-01	2.405010630275447869e-01	1.450275980310985480e-01	6.984266185426661611e-02	2.739447422755185088e-02	7.118430783733889489e-02
1.049312359341831097e+03	2.743812016269684406e-01	1.712687482497503577e-01	2.406721442564027369e-01	1.451302446927396073e-01	6.988522217565970585e-02	2.741553948720666309e-02	7.124689951117836595e-02
1.050763690405927491e+03	2.741404803938689017e-01	1.711102081728259339e-01	2.408429243587811852e-01	1.452327093690813642e-01	6.992771258544486224e-02	2.743657242115211600e-02	7.130939269875156972e-02
1.052215021470024112e+03	2.739001707285969589e-01	1.709519391931108023e-01	2.410134038529316569e-01	1.453349924014000760e-01	6.997013319677729271e-02	2.745757308352447454e-02	7.137178754356464372e-02
1.053666352534120733e+03	2.736602719269199402e-01	1.707939408465173337e-01	2.411835832562177484e-01	1.454370941302810527e-01	7.001248412264111931e-02	2.747854152836773367e-02	7.143408418896102230e-02
1.055117683598217127e+03	2.734207832858089882e-01	1.706362126697555104e-01	2.413534630851164320e-01	1.455390148956202390e-01	7.005476547584948976e-02	2.749947780963377456e-02	7.149628277812145050e-02
1.056569014662313975e+03	2.731817041034375615e-01	1.704787542003312339e-01	2.415230438552199432e-01	1.456407550366257686e-01	7.009697736904486887e-02	2.752038198118252413e-02	7.155838345406394241e-02
1.058020345726410369e+03	2.729430336791791589e-01	1.703215649765450757e-01	2.416923260812370300e-01	1.457423148918194911e-01	7.013911991469912177e-02	2.754125409678211123e-02	7.162038635964385058e-02
1.059471676790506763e+03	2.727047713136052653e-01	1.701646445374908612e-01	2.418613102769945344e-01	1.458436947990385257e-01	7.018119322511379155e-02	2.756209421010901231e-02	7.168229163755386601e-02
1.060923007854603611e+03	2.724669163084835755e-01	1.700079924230541162e-01	2.420299969554388919e-01	1.459448950954368440e-01	7.022319741242023794e-02	2.758290237474822493e-02	7.174409943032396264e-02
1.062374338918700232e+03	2.722294679667757733e-01	1.698516081739108730e-01	2.421983866286377129e-01	1.460459161174867682e-01	7.026513258857984556e-02	2.760367864419341691e-02	7.180580988032150835e-02
1.063825669982796853e+03	2.719924255926357004e-01	1.696954913315260327e-01	2.423664798077811433e-01	1.461467582009805255e-01	7.030699886538417653e-02	2.762442307184708942e-02	7.186742312975122338e-02
1.065277001046893474e+03	2.717557884914072464e-01	1.695396414381521444e-01	2.425342770031835293e-01	1.462474216810318028e-01	7.034879635445524804e-02	2.764513571102070882e-02	7.192893932065522189e-02
1.066728332110990095e+03	2.715195559696225169e-01	1.693840580368278781e-01	2.427017787242847779e-01	1.463479068920772175e-01	7.039052516724564335e-02	2.766581661493489400e-02	7.199035859491298428e-02
1.068179663175086489e+03	2.712837273349996692e-01	1.692287406713767206e-01	2.428689854796519387e-01	1.464482141678778992e-01	7.043218541503873387e-02	2.768646583671955166e-02	7.205168109424139877e-02
1.069630994239183110e+03	2.710483018964409685e-01	1.690736888864055598e-01	2.430358977769806750e-01	1.465483438415209894e-01	7.047377720894890119e-02	2.770708342941404292e-02	7.211290696019480306e-02
1.071082325303279504e+03	2.708132789640309568e-01	1.689189022273032137e-01	2.432025161230967070e-01	1.466482962454211114e-01	7.051530065992166196e-02	2.772766944596732203e-02	7.217403633416495656e-02
1.072533656367376352e+03	2.705786578490342875e-01	1.687643802402391813e-01	2.433688410239573663e-01	1.467480717113220090e-01	7.055675587873393162e-02	2.774822393923810984e-02	7.223506935738110979e-02
1.073984987431472746e+03	2.703444378638937273e-01	1.686101224721621439e-01	2.435348729846530669e-01	1.468476705702979612e-01	7.059814297599416311e-02	2.776874696199503265e-02	7.229600617090994885e-02
1.075436318495569594e+03	2.701106183222283241e-01	1.684561284707986606e-01	2.437006125094087761e-01	1.469470931527552260e-01	7.063946206214256895e-02	2.778923856691678518e-02	7.235684691565569260e-02
1.076887649559666215e+03	2.698771985388314087e-01	1.683023977846517250e-01	2.438660601015854856e-01	1.470463397884337331e-01	7.068071324745131556e-02	2.780969880659228330e-02	7.241759173236005098e-02
1.078338980623762609e+03	2.696441778296684855e-01	1.681489299629995715e-01	2.440312162636817106e-01	1.471454108064083610e-01	7.072189664202473136e-02	2.783012773352081318e-02	7.247824076160229445e-02
1.079790311687859230e+03	2.694115555118754557e-01	1.679957245558940104e-01	2.441960814973349603e-01	1.472443065350906299e-01	7.076301235579945947e-02	2.785052540011219088e-02	7.253879414379925394e-02
1.081241642751955851e+03	2.691793309037564530e-01	1.678427811141592618e-01	2.443606563033232371e-01	1.473430273022300618e-01	7.080406049854465200e-02	2.787089185868691157e-02	7.259925201920533477e-02
1.082692973816052472e+03	2.689475033247820668e-01	1.676900991893906234e-01	2.445249411815664242e-01	1.474415734349157070e-01	7.084504117986226146e-02	2.789122716147629868e-02	7.265961452791253050e-02
1.084144304880149093e+03	2.687160720955871773e-01	1.675376783339529718e-01	2.446889366311278680e-01	1.475399452595776151e-01	7.088595450918711016e-02	2.791153136062266005e-02	7.271988180985050620e-02
1.085595635944245487e+03	2.684850365379691239e-01	1.673855181009795690e-01	2.448526431502157097e-01	1.476381431019883061e-01	7.092680059578715390e-02	2.793180450817944749e-02	7.278005400478652909e-02
1.087046967008342108e+03	2.682543959748858731e-01	1.672336180443705078e-01	2.450160612361845236e-01	1.477361672872643250e-01	7.096757954876366237e-02	2.795204665611139561e-02	7.284013125232557950e-02
1.088498298072438729e+03	2.680241497304536313e-01	1.670819777187915467e-01	2.451791913855365934e-01	1.478340181398675734e-01	7.100829147705145505e-02	2.797225785629467790e-02	7.290011369191032320e-02
1.089949629136535123e+03	2.677942971299455133e-01	1.669305966796726937e-01	2.453420340939235500e-01	1.479316959836068923e-01	7.104893648941901230e-02	2.799243816051706288e-02	7.296000146282113907e-02
1.091400960200631971e+03	2.675648374997888213e-01	1.667794744832068743e-01	2.455045898561476481e-01	1.480292011416394493e-01	7.108951469446875282e-02	2.801258762047806675e-02	7.301979470417618856e-02
1.092852291264728365e+03	2.673357701675639353e-01	1.666286106863485439e-01	2.456668591661633483e-01	1.481265339364722655e-01	7.113002620063718640e-02	2.803270628778908868e-02	7.307949355493144339e-02
1.094303622328825213e+03	2.671070944620017040e-01	1.664780048468123830e-01	2.458288425170787328e-01	1.482236946899636310e-01	7.117047111619514976e-02	2.805279421397357739e-02	7.313909815388061619e-02
1.095754953392921607e+03	2.668788097129818349e-01	1.663276565230720483e-01	2.459905404011569485e-01	1.483206837233245479e-01	7.121084954924795929e-02	2.807285145046718375e-02	7.319860863965528541e-02
1.097206284457018228e+03	2.666509152515308401e-01	1.661775652743587017e-01	2.461519533098176227e-01	1.484175013571202018e-01	7.125116160773563301e-02	2.809287804861788918e-02	7.325802515072493692e-02
1.098657615521114849e+03	2.664234104098200939e-01	1.660277306606597614e-01	2.463130817336383893e-01	1.485141479112713769e-01	7.129140739943308491e-02	2.811287405968618605e-02	7.331734782539689466e-02
1.100108946585211470e+03	2.661962945211640563e-01	1.658781522427175137e-01	2.464739261623562494e-01	1.486106237050559553e-01	7.133158703195036088e-02	2.813283953484520261e-02	7.337657680181644548e-02
1.101560277649308091e+03	2.659695669200180523e-01	1.657288295820279200e-01	2.466344870848690141e-01	1.487069290571102764e-01	7.137170061273274968e-02	2.815277452518085907e-02	7.343571221796683923e-02
1.103011608713404712e+03	2.657432269419766069e-01	1.655797622408392011e-01	2.467947649892368589e-01	1.488030642854306085e-01	7.141174824906106056e-02	2.817267908169202029e-02	7.349475421166931643e-02
1.104462939777501106e+03	2.655172739237713353e-01	1.654309497821505603e-01	2.469547603626835175e-01	1.488990297073746194e-01	7.145173004805181749e-02	2.819255325529064840e-02	7.355370292058314996e-02
1.105914270841597499e+03	2.652917072032691115e-01	1.652823917697107681e-01	2.471144736915980578e-01	1.489948256396627091e-01	7.149164611665737024e-02	2.821239709680194163e-02	7.361255848220563114e-02
1.107365601905694348e+03	2.650665261194701805e-01	1.651340877680170516e-01	2.472739054615359366e-01	1.490904523983795360e-01	7.153149656166622739e-02	2.823221065696448692e-02	7.367132103387220854e-02
1.108816932969790741e+03	2.648417300125061047e-01	1.649860373423135684e-01	2.474330561572206932e-01	1.491859102989752939e-01	7.157128148970316739e-02	2.825199398643041607e-02	7.372999071275640470e-02
1.110268264033887590e+03	2.646173182236378763e-01	1.648382400585902408e-01	2.475919262625453088e-01	1.492811996562673493e-01	7.161100100722943285e-02	2.827174713576553408e-02	7.378856765586992716e-02
1.111719595097984211e+03	2.643932900952541409e-01	1.646906954835814230e-01	2.477505162605735667e-01	1.493763207844413798e-01	7.165065522054300806e-02	2.829147015544948573e-02	7.384705200006269621e-02
1.113170926162080832e+03	2.641696449708691996e-01	1.645434031847645695e-01	2.479088266335414681e-01	1.494712739970529836e-01	7.169024423577873006e-02	2.831116309587589433e-02	7.390544388202283099e-02
1.114622257226177226e+03	2.639463821951209543e-01	1.643963627303590413e-01	2.480668578628587584e-01	1.495660596070290393e-01	7.172976815890852453e-02	2.833082600735251089e-02	7.396374343827676057e-02
1.116073588290273847e+03	2.637235011137693541e-01	1.642495736893247182e-01	2.482246104291103150e-01	1.496606779266690390e-01	7.176922709574164172e-02	2.835045894010135986e-02	7.402195080518921000e-02
1.117524919354370468e+03	2.635010010736940633e-01	1.641030356313606664e-01	2.483820848120573965e-01	1.497551292676465307e-01	7.180862115192479522e-02	2.837006194425888833e-02	7.408006611896325588e-02
1.118976250418467089e+03	2.632788814228929075e-01	1.639567481269039728e-01	2.485392814906392522e-01	1.498494139410105341e-01	7.184795043294241179e-02	2.838963506987611171e-02	7.413808951564035410e-02
1.120427581482563710e+03	2.630571415104797639e-01	1.638107107471283852e-01	2.486962009429744824e-01	1.499435322571869289e-01	7.188721504411679786e-02	2.840917836691875253e-02	7.419602113110042307e-02
1.121878912546660331e+03	2.628357806866826740e-01	1.636649230639430630e-01	2.488528436463623705e-01	1.500374845259797862e-01	7.192641509060837546e-02	2.842869188526739310e-02	7.425386110106180215e-02
1.123330243610756725e+03	2.626147983028421784e-01	1.635193846499912451e-01	2.490092100772843542e-01	1.501312710565728403e-01	7.196555067741583489e-02	2.844817567471763162e-02	7.431160956108136262e-02
1.124781574674853118e+03	2.623941937114091516e-01	1.633740950786490842e-01	2.491653007114054130e-01	1.502248921575307095e-01	7.200462190937635676e-02	2.846762978498020014e-02	7.436926664655456320e-02
1.126232905738949967e+03	2.621739662659430259e-01	1.632290539240242311e-01	2.493211160235754009e-01	1.503183481368004226e-01	7.204362889116587565e-02	2.848705426568114152e-02	7.442683249271539458e-02
1.127684236803046360e+03	2.619541153211099038e-01	1.630842607609546135e-01	2.494766564878305448e-01	1.504116393017127518e-01	7.208257172729917728e-02	2.850644916636192738e-02	7.448430723463653202e-02
1.129135567867143209e+03	2.617346402326807264e-01	1.629397151650072428e-01	2.496319225773947770e-01	1.505047659589835995e-01	7.212145052213014829e-02	2.852581453647961424e-02	7.454169100722930763e-02
1.130586898931239830e+03	2.615155403575293303e-01	1.627954167124769091e-01	2.497869147646811505e-01	1.505977284147152762e-01	7.216026537985202605e-02	2.854515042540699613e-02	7.459898394524379361e-02
1.132038229995336451e+03	2.612968150536305600e-01	1.626513649803847938e-01	2.499416335212931994e-01	1.506905269743979425e-01	7.219901640449748192e-02	2.856445688243273648e-02	7.465618618326881617e-02
1.133489561059432845e+03	2.610784636800582703e-01	1.625075595464773870e-01	2.500960793180262987e-01	1.507831619429109427e-01	7.223770369993894047e-02	2.858373395676151035e-02	7.471329785573205262e-02
1.134940892123529466e+03	2.608604855969838821e-01	1.623639999892251551e-01	2.502502526248692183e-01	1.508756336245241914e-01	7.227632736988873208e-02	2.860298169751416403e-02	7.477031909689998979e-02
1.136392223187626087e+03	2.606428801656741068e-01	1.622206858878212643e-01	2.504041539110053449e-01	1.509679423228994510e-01	7.231488751789930114e-02	2.862220015372783991e-02	7.482725004087807663e-02
1.137843554251722708e+03	2.604256467484892257e-01	1.620776168221803870e-01	2.505577836448140139e-01	1.510600883410916917e-01	7.235338424736338647e-02	2.864138937435613264e-02	7.488409082161068264e-02
1.139294885315819101e+03	2.602087847088811468e-01	1.619347923729372862e-01	2.507111422938719247e-01	1.511520719815505620e-01	7.239181766151425723e-02	2.866054940826922096e-02	7.494084157288119497e-02
1.140746216379915950e+03	2.599922934113915729e-01	1.617922121214458442e-01	2.508642303249546401e-01	1.512438935461215550e-01	7.243018786342587945e-02	2.867968030425402035e-02	7.499750242831204616e-02
1.142197547444012343e+03	2.597761722216502811e-01	1.616498756497775635e-01	2.510170482040379736e-01	1.513355533360474792e-01	7.246849495601316582e-02	2.869878211101432874e-02	7.505407352136478361e-02
1.143648878508108737e+03	2.595604205063731240e-01	1.615077825407204570e-01	2.511695963962991551e-01	1.514270516519696796e-01	7.250673904203212838e-02	2.871785487717095145e-02	7.511055498534011110e-02
1.145100209572205586e+03	2.593450376333603091e-01	1.613659323777777432e-01	2.513218753661181637e-01	1.515183887939294816e-01	7.254492022408012830e-02	2.873689865126185725e-02	7.516694695337790277e-02
1.146551540636302207e+03	2.591300229714943448e-01	1.612243247451666806e-01	2.514738855770795034e-01	1.516095650613694112e-01	7.258303860459600076e-02	2.875591348174232065e-02	7.522324955845731409e-02
1.148002871700398828e+03	2.589153758907383751e-01	1.610829592278172906e-01	2.516256274919730918e-01	1.517005807531345563e-01	7.262109428586036031e-02	2.877489941698504680e-02	7.527946293339680961e-02
1.149454202764495449e+03	2.587010957621343477e-01	1.609418354113710259e-01	2.517771015727959250e-01	1.517914361674739809e-01	7.265908736999573958e-02	2.879385650528034149e-02	7.533558721085419074e-02
1.150905533828591842e+03	2.584871819578008489e-01	1.608009528821797429e-01	2.519283082807533547e-01	1.518821316020419199e-01	7.269701795896681140e-02	2.881278479483622215e-02	7.539162252332667902e-02
1.152356864892688463e+03	2.582736338509317164e-01	1.606603112273042588e-01	2.520792480762603094e-01	1.519726673538991102e-01	7.273488615458058304e-02	2.883168433377857748e-02	7.544756900315095771e-02
1.153808195956785084e+03	2.580604508157940402e-01	1.605199100345133245e-01	2.522299214189429040e-01	1.520630437195141238e-01	7.277269205848657663e-02	2.885055517015130272e-02	7.550342678250322737e-02
1.155259527020881706e+03	2.578476322277261645e-01	1.603797488922822367e-01	2.523803287676395501e-01	1.521532609947647552e-01	7.281043577217706508e-02	2.886939735191643847e-02	7.555919599339927517e-02
1.156710858084978327e+03	2.576351774631361335e-01	1.602398273897917003e-01	2.525304705804023997e-01	1.522433194749391316e-01	7.284811739698729416e-02	2.888821092695430595e-02	7.561487676769450272e-02
1.158162189149074720e+03	2.574230858994996374e-01	1.601001451169265788e-01	2.526803473144987322e-01	1.523332194547372398e-01	7.288573703409562121e-02	2.890699594306366665e-02	7.567046923708398154e-02
1.159613520213171569e+03	2.572113569153583468e-01	1.599607016642747293e-01	2.528299594264122874e-01	1.524229612282720081e-01	7.292329478452379277e-02	2.892575244796184372e-02	7.572597353310253632e-02
1.161064851277267962e+03	2.569999898903179147e-01	1.598214966231256973e-01	2.529793073718444307e-01	1.525125450890707779e-01	7.296079074913705553e-02	2.894448048928485034e-02	7.578138978712478657e-02
1.162516182341364356e+03	2.567889842050462557e-01	1.596825295854695514e-01	2.531283916057158745e-01	1.526019713300764968e-01	7.299822502864444784e-02	2.896318011458756322e-02	7.583671813036520215e-02
1.163967513405461204e+03	2.565783392412719355e-01	1.595438001439957176e-01	2.532772125821676212e-01	1.526912402436490235e-01	7.303559772359896618e-02	2.898185137134383360e-02	7.589195869387817261e-02
1.165418844469557826e+03	2.563680543817821178e-01	1.594053078920916744e-01	2.534257707545625737e-01	1.527803521215664317e-01	7.307290893439775947e-02	2.900049430694663644e-02	7.594711160855804888e-02
1.166870175533654447e+03	2.561581290104207320e-01	1.592670524238418428e-01	2.535740665754866452e-01	1.528693072550262599e-01	7.311015876128233726e-02	2.901910896870820919e-02	7.600217700513921260e-02
1.168321506597751068e+03	2.559485625120866970e-01	1.591290333340263097e-01	2.537221004967502580e-01	1.529581059346468430e-01	7.314734730433879173e-02	2.903769540386018019e-02	7.605715501419614555e-02
1.169772837661847461e+03	2.557393542727323110e-01	1.589912502181196896e-01	2.538698729693895650e-01	1.530467484504684783e-01	7.318447466349797814e-02	2.905625365955371783e-02	7.611204576614347128e-02
1.171224168725944082e+03	2.555305036793611984e-01	1.588537026722898482e-01	2.540173844436679484e-01	1.531352350919548133e-01	7.322154093853569523e-02	2.907478378285966239e-02	7.616684939123601061e-02
1.172675499790040703e+03	2.553220101200266989e-01	1.587163902933967641e-01	2.541646353690770743e-01	1.532235661479941224e-01	7.325854622907293501e-02	2.909328582076867176e-02	7.622156601956889266e-02
1.174126830854137097e+03	2.551138729838299812e-01	1.585793126789912799e-01	2.543116261943384471e-01	1.533117419069004173e-01	7.329549063457607705e-02	2.911175982019134634e-02	7.627619578107752707e-02
1.175578161918233945e+03	2.549060916609183214e-01	1.584424694273140199e-01	2.544583573674046306e-01	1.533997626564148897e-01	7.333237425435708279e-02	2.913020582795837476e-02	7.633073880553777057e-02
1.177029492982330339e+03	2.546986655424830492e-01	1.583058601372941410e-01	2.546048293354605252e-01	1.534876286837070780e-01	7.336919718757367592e-02	2.914862389082066227e-02	7.638519522256592698e-02
1.178480824046426733e+03	2.544915940207582716e-01	1.581694844085480556e-01	2.547510425449248661e-01	1.535753402753760877e-01	7.340595953322959222e-02	2.916701405544948333e-02	7.643956516161878878e-02
1.179932155110523581e+03	2.542848764890185964e-01	1.580333418413783497e-01	2.548969974414511674e-01	1.536628977174519517e-01	7.344266139017474604e-02	2.918537636843659272e-02	7.649384875199376210e-02
1.181383486174620202e+03	2.540785123415776336e-01	1.578974320367725614e-01	2.550426944699294429e-01	1.537503012953967685e-01	7.347930285710543852e-02	2.920371087629438506e-02	7.654804612282892218e-02
1.182834817238716823e+03	2.538725009737861082e-01	1.577617545964020151e-01	2.551881340744874271e-01	1.538375512941060619e-01	7.351588403256455184e-02	2.922201762545602668e-02	7.660215740310302723e-02
1.184286148302813444e+03	2.536668417820301391e-01	1.576263091226206559e-01	2.553333166984915192e-01	1.539246479979098636e-01	7.355240501494179906e-02	2.924029666227557361e-02	7.665618272163564340e-02
1.185737479366910065e+03	2.534615341637294073e-01	1.574910952184638280e-01	2.554782427845486703e-01	1.540115916905741567e-01	7.358886590247386283e-02	2.925854803302812765e-02	7.671012220708718632e-02
1.187188810431006686e+03	2.532565775173354905e-01	1.573561124876471651e-01	2.556229127745071050e-01	1.540983826553019576e-01	7.362526679324461754e-02	2.927677178390995782e-02	7.676397598795896282e-02
1.188640141495103080e+03	2.530519712423300871e-01	1.572213605345653409e-01	2.557673271094579870e-01	1.541850211747345656e-01	7.366160778518537899e-02	2.929496796103864611e-02	7.681774419259329578e-02
1.190091472559199701e+03	2.528477147392230728e-01	1.570868389642909313e-01	2.559114862297366955e-01	1.542715075309528949e-01	7.369788897607504330e-02	2.931313661045321234e-02	7.687142694917352415e-02
1.191542803623296322e+03	2.526438074095508912e-01	1.569525473825733042e-01	2.560553905749238801e-01	1.543578420054785849e-01	7.373411046354032272e-02	2.933127777811425294e-02	7.692502438572415557e-02
1.192994134687392716e+03	2.524402486558748326e-01	1.568184853958372871e-01	2.561990405838470153e-01	1.544440248792752768e-01	7.377027234505594000e-02	2.934939150990407628e-02	7.697853663011085257e-02
1.194445465751489564e+03	2.522370378817793135e-01	1.566846526111822513e-01	2.563424366945816768e-01	1.545300564327498627e-01	7.380637471794482263e-02	2.936747785162683450e-02	7.703196381004054349e-02
1.195896796815585958e+03	2.520341744918699334e-01	1.565510486363806963e-01	2.564855793444525967e-01	1.546159369457536514e-01	7.384241767937832490e-02	2.938553684900866575e-02	7.708530605306147809e-02
1.197348127879682352e+03	2.518316578917717541e-01	1.564176730798772508e-01	2.566284689700351618e-01	1.547016666975835897e-01	7.387840132637642221e-02	2.940356854769780176e-02	7.713856348656332462e-02
1.198799458943779200e+03	2.516294874881277455e-01	1.562845255507875064e-01	2.567711060071566354e-01	1.547872459669835110e-01	7.391432575580789144e-02	2.942157299326473088e-02	7.719173623777722537e-02
1.200250790007875821e+03	2.514276626885970090e-01	1.561516056588967694e-01	2.569134908908974335e-01	1.548726750321453016e-01	7.395019106439056078e-02	2.943955023120232647e-02	7.724482443377581053e-02
1.201702121071972442e+03	2.512261829018527792e-01	1.560189130146590053e-01	2.570556240555924021e-01	1.549579541707101771e-01	7.398599734869146238e-02	2.945750030692596139e-02	7.729782820147340638e-02
1.203153452136069063e+03	2.510250475375810364e-01	1.558864472291956460e-01	2.571975059348320380e-01	1.550430836597697926e-01	7.402174470512704052e-02	2.947542326577365021e-02	7.735074766762597975e-02
1.204604783200165684e+03	2.508242560064785076e-01	1.557542079142944513e-01	2.573391369614639324e-01	1.551280637758674918e-01	7.405743322996338751e-02	2.949331915300619153e-02	7.740358295883124906e-02
1.206056114264262078e+03	2.506238077202511128e-01	1.556221946824082047e-01	2.574805175675938251e-01	1.552128947949995563e-01	7.409306301931643801e-02	2.951118801380728587e-02	7.745633420152879534e-02
1.207507445328358699e+03	2.504237020916120771e-01	1.554904071466539084e-01	2.576216481845870487e-01	1.552975769926162597e-01	7.412863416915213555e-02	2.952902989328367450e-02	7.750900152200008997e-02
1.208958776392455093e+03	2.502239385342803768e-01	1.553588449208113675e-01	2.577625292430696935e-01	1.553821106436232002e-01	7.416414677528666843e-02	2.954684483646527124e-02	7.756158504636859186e-02
1.210410107456551941e+03	2.500245164629789629e-01	1.552275076193221637e-01	2.579031611729298845e-01	1.554664960223823278e-01	7.419960093338665019e-02	2.956463288830529432e-02	7.761408490059983067e-02
1.211861438520648335e+03	2.498254352934328737e-01	1.550963948572883777e-01	2.580435444033192249e-01	1.555507334027134148e-01	7.423499673896934159e-02	2.958239409368039127e-02	7.766650121050143463e-02
1.213312769584745183e+03	2.496266944423677636e-01	1.549655062504716463e-01	2.581836793626537951e-01	1.556348230578949443e-01	7.427033428740283105e-02	2.960012849739077773e-02	7.771883410172328310e-02
1.214764100648841804e+03	2.494282933275081549e-01	1.548348414152919128e-01	2.583235664786154850e-01	1.557187652606653872e-01	7.430561367390622896e-02	2.961783614416036922e-02	7.777108369975752056e-02
1.216215431712937971e+03	2.492302313675754666e-01	1.547043999688262894e-01	2.584632061781533263e-01	1.558025602832244505e-01	7.434083499354993130e-02	2.963551707863689572e-02	7.782325012993865365e-02
1.217666762777034819e+03	2.490325079822866550e-01	1.545741815288080023e-01	2.586025988874847137e-01	1.558862083972341606e-01	7.437599834125575848e-02	2.965317134539205077e-02	7.787533351744364840e-02
1.219118093841131440e+03	2.488351225923523258e-01	1.544441857136251706e-01	2.587417450320966261e-01	1.559697098738200838e-01	7.441110381179716349e-02	2.967079898892161990e-02	7.792733398729199956e-02
1.220569424905228061e+03	2.486380746194750135e-01	1.543144121423197235e-01	2.588806450367470147e-01	1.560530649835724371e-01	7.444615149979945390e-02	2.968840005364559512e-02	7.797925166434573063e-02
1.222020755969324682e+03	2.484413634863475440e-01	1.541848604345863183e-01	2.590192993254658016e-01	1.561362739965473645e-01	7.448114149973997233e-02	2.970597458390832057e-02	7.803108667330962978e-02
1.223472087033421303e+03	2.482449886166513964e-01	1.540555302107710911e-01	2.591577083215563793e-01	1.562193371822679921e-01	7.451607390594830460e-02	2.972352262397861405e-02	7.808283913873118043e-02
1.224923418097517697e+03	2.480489494350548441e-01	1.539264210918706854e-01	2.592958724475965537e-01	1.563022548097256215e-01	7.455094881260650175e-02	2.974104421804989531e-02	7.813450918500075559e-02
1.226374749161614318e+03	2.478532453672114277e-01	1.537975326995311143e-01	2.594337921254403212e-01	1.563850271473809228e-01	7.458576631374924659e-02	2.975853941024032487e-02	7.818609693635157620e-02
1.227826080225710712e+03	2.476578758397581792e-01	1.536688646560464555e-01	2.595714677762183675e-01	1.564676544631650179e-01	7.462052650326406189e-02	2.977600824459292542e-02	7.823760251685993317e-02
1.229277411289807560e+03	2.474628402803139560e-01	1.535404165843579916e-01	2.597088998203400112e-01	1.565501370244806456e-01	7.465522947489153238e-02	2.979345076507569634e-02	7.828902605044515961e-02
1.230728742353903954e+03	2.472681381174777204e-01	1.534121881080528493e-01	2.598460886774939249e-01	1.566324750982033831e-01	7.468987532222551295e-02	2.981086701558177676e-02	7.834036766086974191e-02
1.232180073418000802e+03	2.470737687808269578e-01	1.532841788513632508e-01	2.599830347666496899e-01	1.567146689506827562e-01	7.472446413871328130e-02	2.982825703992953922e-02	7.839162747173944457e-02
1.233631404482097196e+03	2.468797317009159276e-01	1.531563884391649311e-01	2.601197385060589617e-01	1.567967188477432938e-01	7.475899601765575997e-02	2.984562088186273540e-02	7.844280560650333800e-02
1.235082735546193817e+03	2.466860263092739980e-01	1.530288164969764164e-01	2.602562003132565249e-01	1.568786250546858052e-01	7.479347105220772451e-02	2.986295858505061754e-02	7.849390218845389566e-02
1.236534066610290438e+03	2.464926520384039810e-01	1.529014626509577202e-01	2.603924206050616252e-01	1.569603878362883786e-01	7.482788933537801168e-02	2.988027019308808069e-02	7.854491734072710507e-02
1.237985397674387059e+03	2.462996083217805221e-01	1.527743265279093432e-01	2.605283997975794130e-01	1.570420074568076862e-01	7.486225096002969981e-02	2.989755574949575986e-02	7.859585118630249556e-02
1.239436728738483680e+03	2.461068945938483521e-01	1.526474077552710529e-01	2.606641383062017203e-01	1.571234841799799553e-01	7.489655601888034475e-02	2.991481529772018616e-02	7.864670384800331870e-02
1.240888059802580301e+03	2.459145102900206492e-01	1.525207059611209670e-01	2.607996365456086707e-01	1.572048182690221618e-01	7.493080460450210478e-02	2.993204888113390125e-02	7.869747544849652054e-02
1.242339390866676695e+03	2.457224548466773184e-01	1.523942207741742494e-01	2.609348949297697895e-01	1.572860099866331129e-01	7.496499680932199039e-02	2.994925654303557533e-02	7.874816611029290814e-02
1.243790721930773088e+03	2.455307277011634648e-01	1.522679518237821661e-01	2.610699138719451140e-01	1.573670595949946405e-01	7.499913272562210020e-02	2.996643832665015980e-02	7.879877595574719118e-02
1.245242052994869937e+03	2.453393282917877283e-01	1.521418987399309197e-01	2.612046937846865813e-01	1.574479673557727666e-01	7.503321244553974589e-02	2.998359427512897746e-02	7.884930510705812079e-02
1.246693384058966330e+03	2.451482560578205350e-01	1.520160611532405392e-01	2.613392350798390273e-01	1.575287335301186198e-01	7.506723606106770197e-02	3.000072443154988208e-02	7.889975368626848951e-02
1.248144715123063179e+03	2.449575104394924596e-01	1.518904386949639085e-01	2.614735381685416304e-01	1.576093583786697117e-01	7.510120366405437231e-02	3.001782883891736600e-02	7.895012181526532558e-02
1.249596046187159800e+03	2.447670908779926990e-01	1.517650309969855449e-01	2.616076034612288548e-01	1.576898421615510471e-01	7.513511534620402610e-02	3.003490754016268499e-02	7.900040961577986520e-02
1.251047377251256421e+03	2.445769968154672680e-01	1.516398376918206004e-01	2.617414313676320048e-01	1.577701851383761789e-01	7.516897119907696434e-02	3.005196057814399010e-02	7.905061720938774683e-02
1.252498708315352815e+03	2.443872276950175004e-01	1.515148584126136955e-01	2.618750222967801133e-01	1.578503875682482904e-01	7.520277131408972804e-02	3.006898799564645258e-02	7.910074471750903891e-02
1.253950039379449436e+03	2.441977829606982731e-01	1.513900927931379481e-01	2.620083766570011630e-01	1.579304497097613891e-01	7.523651578251532024e-02	3.008598983538238528e-02	7.915079226140835089e-02
1.255401370443546057e+03	2.440086620575165344e-01	1.512655404677936966e-01	2.621414948559236402e-01	1.580103718210013330e-01	7.527020469548334480e-02	3.010296613999136409e-02	7.920075996219488879e-02
1.256852701507642678e+03	2.438198644314295838e-01	1.511412010716077503e-01	2.622743773004772572e-01	1.580901541595469972e-01	7.530383814398028397e-02	3.011991695204036673e-02	7.925064794082259390e-02
1.258304032571739299e+03	2.436313895293433784e-01	1.510170742402320021e-01	2.624070243968943950e-01	1.581697969824712724e-01	7.533741621884963713e-02	3.013684231402387684e-02	7.930045631809022610e-02
1.259755363635835920e+03	2.434432367991110346e-01	1.508931596099425398e-01	2.625394365507114913e-01	1.582493005463421754e-01	7.537093901079211511e-02	3.015374226836402272e-02	7.935018521464140551e-02
1.261206694699932314e+03	2.432554056895311345e-01	1.507694568176383976e-01	2.626716141667697624e-01	1.583286651072240980e-01	7.540440661036588998e-02	3.017061685741069532e-02	7.939983475096476506e-02
1.262658025764028707e+03	2.430678956503461163e-01	1.506459655008406950e-01	2.628035576492168679e-01	1.584078909206786956e-01	7.543781910798676160e-02	3.018746612344167662e-02	7.944940504739401999e-02
1.264109356828125556e+03	2.428807061322406646e-01	1.505226852976914442e-01	2.629352674015076330e-01	1.584869782417659967e-01	7.547117659392835187e-02	3.020429010866275757e-02	7.949889622410800938e-02
1.265560687892221949e+03	2.426938365868401004e-01	1.503996158469524669e-01	2.630667438264056024e-01	1.585659273250456247e-01	7.550447915832232681e-02	3.022108885520785257e-02	7.954830840113086277e-02
1.267012018956318798e+03	2.425072864667087436e-01	1.502767567880043953e-01	2.631979873259841507e-01	1.586447384245777692e-01	7.553772689115852146e-02	3.023786240513915216e-02	7.959764169833206948e-02
1.268463350020415419e+03	2.423210552253483308e-01	1.501541077608455899e-01	2.633289983016275371e-01	1.587234117939242684e-01	7.557091988228524515e-02	3.025461080044721321e-02	7.964689623542657582e-02
1.269914681084511813e+03	2.421351423171963502e-01	1.500316684060910566e-01	2.634597771540322930e-01	1.588019476861496915e-01	7.560405822140940646e-02	3.027133408305109769e-02	7.969607213197486828e-02
1.271366012148608434e+03	2.419495471976245149e-01	1.499094383649714757e-01	2.635903242832081106e-01	1.588803463538224214e-01	7.563714199809673522e-02	3.028803229479849410e-02	7.974516950738302912e-02
1.272817343212705055e+03	2.417642693229372086e-01	1.497874172793319247e-01	2.637206400884791746e-01	1.589586080490157094e-01	7.567017130177194906e-02	3.030470547746583199e-02	7.979418848090288896e-02
1.274268674276801676e+03	2.415793081503697093e-01	1.496656047916311294e-01	2.638507249684854949e-01	1.590367330233088128e-01	7.570314622171898933e-02	3.032135367275842069e-02	7.984312917163212397e-02
1.275720005340898297e+03	2.413946631380867180e-01	1.495440005449401311e-01	2.639805793211838503e-01	1.591147215277879112e-01	7.573606684708121539e-02	3.033797692231054652e-02	7.989199169851429749e-02
1.277171336404994690e+03	2.412103337451807494e-01	1.494226041829413709e-01	2.641102035438490092e-01	1.591925738130473278e-01	7.576893326686157115e-02	3.035457526768561495e-02	7.994077618033904042e-02
1.278622667469091539e+03	2.410263194316705770e-01	1.493014153499276631e-01	2.642395980330749516e-01	1.592702901291904449e-01	7.580174556992277934e-02	3.037114875037626172e-02	7.998948273574202350e-02
1.280073998533187932e+03	2.408426196584995405e-01	1.491804336908010842e-01	2.643687631847759234e-01	1.593478707258308702e-01	7.583450384498760521e-02	3.038769741180447764e-02	8.003811148320519320e-02
1.281525329597284326e+03	2.406592338875340187e-01	1.490596588510719744e-01	2.644976993941878241e-01	1.594253158520934355e-01	7.586720818063896754e-02	3.040422129332172665e-02	8.008666254105675786e-02
1.282976660661381175e+03	2.404761615815619036e-01	1.489390904768578550e-01	2.646264070558691506e-01	1.595026257566152517e-01	7.589985866532017456e-02	3.042072043620906718e-02	8.013513602747132647e-02
1.284427991725477568e+03	2.402934022042909346e-01	1.488187282148823454e-01	2.647548865637021631e-01	1.595798006875468189e-01	7.593245538733513211e-02	3.043719488167727708e-02	8.018353206047001969e-02
1.285879322789574417e+03	2.401109552203471442e-01	1.486985717124742479e-01	2.648831383108942727e-01	1.596568408925529703e-01	7.596499843484849634e-02	3.045364467086696808e-02	8.023185075792056697e-02
1.287330653853671038e+03	2.399288200952733596e-01	1.485786206175663815e-01	2.650111626899788742e-01	1.597337466188140098e-01	7.599748789588593734e-02	3.047006984484871076e-02	8.028009223753736212e-02
1.288781984917767431e+03	2.397469962955275091e-01	1.484588745786946662e-01	2.651389600928168444e-01	1.598105181130266284e-01	7.602992385833423628e-02	3.048647044462314895e-02	8.032825661688162977e-02
1.290233315981864052e+03	2.395654832884811791e-01	1.483393332449969293e-01	2.652665309105973201e-01	1.598871556214050693e-01	7.606230640994159076e-02	3.050284651112112125e-02	8.037634401336146706e-02
