1.001418434226643626e+03	2.825600115290580194e-01	1.766446327503649882e-01	2.348739685352388973e-01	1.416365349540001373e-01	6.843833884458407069e-02	2.671368248910443305e-02	6.913283089755645205e-02
1.002869765290740247e+03	2.823052839573174100e-01	1.764768852155849943e-01	2.350549919235328244e-01	1.417451490404936232e-01	6.848319090340651560e-02	2.673585155568412169e-02	6.919864740388756430e-02
1.004321096354836754e+03	2.820509919517695807e-01	1.763094245641571023e-01	2.352356970364113675e-01	1.418535699465882094e-01	6.852796935724730920e-02	2.675798643265459020e-02	6.926436071107894277e-02
1.005772427418933376e+03	2.817971347671417437e-01	1.761422503047858912e-01	2.354160844215553716e-01	1.419617980364218657e-01	6.857267432471460256e-02	2.678008717733493596e-02	6.932997096795269487e-02
1.007223758483029997e+03	2.815437116594324829e-01	1.759753619470233177e-01	2.355961546257072936e-01	1.420698336733886846e-01	6.861730592424085395e-02	2.680215384694654285e-02	6.939547832316800280e-02
1.008675089547126618e+03	2.812907218859094227e-01	1.758087590012670232e-01	2.357759081946728674e-01	1.421776772201404637e-01	6.866186427408295379e-02	2.682418649861324778e-02	6.946088292522117902e-02
1.010126420611223239e+03	2.810381647051073961e-01	1.756424409787588903e-01	2.359553456733227417e-01	1.422853290385885094e-01	6.870634949232246047e-02	2.684618518936150028e-02	6.952618492244568016e-02
1.011577751675319632e+03	2.807860393768264462e-01	1.754764073915833222e-01	2.361344676055939507e-01	1.423927894899052748e-01	6.875076169686564209e-02	2.686814997612054987e-02	6.959138446301200986e-02
1.013029082739416367e+03	2.805343451621296058e-01	1.753106577526657994e-01	2.363132745344916630e-01	1.425000589345260527e-01	6.879510100544371232e-02	2.689008091572259521e-02	6.965648169492777431e-02
1.014480413803512761e+03	2.802830813233409546e-01	1.751451915757712141e-01	2.364917670020906526e-01	1.426071377321507516e-01	6.883936753561298305e-02	2.691197806490294719e-02	6.972147676603764055e-02
1.015931744867609382e+03	2.800322471240437316e-01	1.749800083755023994e-01	2.366699455495369919e-01	1.427140262417454786e-01	6.888356140475498934e-02	2.693384148030019895e-02	6.978636982402337818e-02
1.017383075931706003e+03	2.797818418290780595e-01	1.748151076672984361e-01	2.368478107170495506e-01	1.428207248215442315e-01	6.892768273007669755e-02	2.695567121845640277e-02	6.985116101640380382e-02
1.018834406995802851e+03	2.795318647045390015e-01	1.746504889674332650e-01	2.370253630439215775e-01	1.429272338290506483e-01	6.897173162861061635e-02	2.697746733581721235e-02	6.991585049053478107e-02
1.020285738059899245e+03	2.792823150177747293e-01	1.744861517930140216e-01	2.372026030685223663e-01	1.430335536210396441e-01	6.901570821721500493e-02	2.699922988873205976e-02	6.998043839360926222e-02
1.021737069123995752e+03	2.790331920373841923e-01	1.743220956619795370e-01	2.373795313282987818e-01	1.431396845535590767e-01	6.905961261257399786e-02	2.702095893345433236e-02	7.004492487265723266e-02
1.023188400188092373e+03	2.787844950332151739e-01	1.741583200930987840e-01	2.375561483597767864e-01	1.432456269819314121e-01	6.910344493119777165e-02	2.704265452614150120e-02	7.010931007454572483e-02
1.024639731252188767e+03	2.785362232763622936e-01	1.739948246059694337e-01	2.377324546985631337e-01	1.433513812607553062e-01	6.914720528942276678e-02	2.706431672285532566e-02	7.017359414597884593e-02
1.026091062316285615e+03	2.782883760391651196e-01	1.738316087210162175e-01	2.379084508793468389e-01	1.434569477439074370e-01	6.919089380341178486e-02	2.708594557956198884e-02	7.023777723349770852e-02
1.027542393380382237e+03	2.780409525952058369e-01	1.736686719594894290e-01	2.380841374359007612e-01	1.435623267845440032e-01	6.923451058915419676e-02	2.710754115213227441e-02	7.030185948348048608e-02
1.028993724444478858e+03	2.777939522193075272e-01	1.735060138434635357e-01	2.382595149010832414e-01	1.436675187351024174e-01	6.927805576246608144e-02	2.712910349634171589e-02	7.036584104214239910e-02
1.030445055508575479e+03	2.775473741875319478e-01	1.733436338958354583e-01	2.384345838068395729e-01	1.437725239473029992e-01	6.932152943899040631e-02	2.715063266787078045e-02	7.042972205553571508e-02
1.031896386572671872e+03	2.773012177771774778e-01	1.731815316403232941e-01	2.386093446842036392e-01	1.438773427721505016e-01	6.936493173419722158e-02	2.717212872230500773e-02	7.049350266954973465e-02
1.033347717636768493e+03	2.770554822667771755e-01	1.730197066014645957e-01	2.387837980632993573e-01	1.439819755599358320e-01	6.940826276338378509e-02	2.719359171513519025e-02	7.055718302991081936e-02
1.034799048700865114e+03	2.768101669360968908e-01	1.728581583046151504e-01	2.389579444733423985e-01	1.440864226602376341e-01	6.945152264167474276e-02	2.721502170175753299e-02	7.062076328218235000e-02
1.036250379764961508e+03	2.765652710661329894e-01	1.726968862759472034e-01	2.391317844426415762e-01	1.441906844219240091e-01	6.949471148402236453e-02	2.723641873747379566e-02	7.068424357176478212e-02
1.037701710829058356e+03	2.763207939391103540e-01	1.725358900424481812e-01	2.393053184986005666e-01	1.442947611931539587e-01	6.953782940520661371e-02	2.725778287749148349e-02	7.074762404389559056e-02
1.039153041893154750e+03	2.760767348384805531e-01	1.723751691319190815e-01	2.394785471677192967e-01	1.443986533213791057e-01	6.958087651983538291e-02	2.727911417692397908e-02	7.081090484364935267e-02
1.040604372957251599e+03	2.758330930489196753e-01	1.722147230729730583e-01	2.396514709755955541e-01	1.445023611533453878e-01	6.962385294234466060e-02	2.730041269079073324e-02	7.087408611593769281e-02
1.042055704021347992e+03	2.755898678563263315e-01	1.720545513950339778e-01	2.398240904469265133e-01	1.446058850350945280e-01	6.966675878699869762e-02	2.732167847401739680e-02	7.093716800550926849e-02
1.043507035085444613e+03	2.753470585478197119e-01	1.718946536283349480e-01	2.399964061055103737e-01	1.447092253119656724e-01	6.970959416789018759e-02	2.734291158143599756e-02	7.100015065694982586e-02
1.044958366149541234e+03	2.751046644117374762e-01	1.717350293039167364e-01	2.401684184742477746e-01	1.448123823285969725e-01	6.975235919894041958e-02	2.736411206778509644e-02	7.106303421468221360e-02
1.046409697213637855e+03	2.748626847376337556e-01	1.715756779536265209e-01	2.403401280751434055e-01	1.449153564289273055e-01	6.979505399389950016e-02	2.738527998770995051e-02	7.112581882296635516e-02
1.047861028277734476e+03	2.746211188162770434e-01	1.714165991101162523e-01	2.405115354293074215e-01	1.450181479561976905e-01	6.983767866634650601e-02	2.740641539576266564e-02	7.118850462589926265e-02
1.049312359341831097e+03	2.743799659396484181e-01	1.712577923068413221e-01	2.406826410569571639e-01	1.451207572529529255e-01	6.988023332968962276e-02	2.742751834640235614e-02	7.125109176741503680e-02
1.050763690405927491e+03	2.741392254009393792e-01	1.710992570780590638e-01	2.408534454774184652e-01	1.452231846610432531e-01	6.992271809716638087e-02	2.744858889399530780e-02	7.131358039128490867e-02
1.052215021470024112e+03	2.738988964945499038e-01	1.709409929588273369e-01	2.410239492091273972e-01	1.453254305216259146e-01	6.996513308184382218e-02	2.746962709281514439e-02	7.137597064111723955e-02
1.053666352534120733e+03	2.736589785160863930e-01	1.707829994850030564e-01	2.411941527696317145e-01	1.454274951751665934e-01	7.000747839661866645e-02	2.749063299704296304e-02	7.143826266035749328e-02
1.055117683598217127e+03	2.734194707623595066e-01	1.706252761932408324e-01	2.413640566755921868e-01	1.455293789614410804e-01	7.004975415421747786e-02	2.751160666076751457e-02	7.150045659228829176e-02
1.056569014662313975e+03	2.731803725313825537e-01	1.704678226209914993e-01	2.415336614427844031e-01	1.456310822195368837e-01	7.009196046719687323e-02	2.753254813798534928e-02	7.156255258002941488e-02
1.058020345726410369e+03	2.729416831223690498e-01	1.703106383065006169e-01	2.417029675861000759e-01	1.457326052878546996e-01	7.013409744794368850e-02	2.755345748260097996e-02	7.162455076653780062e-02
1.059471676790506763e+03	2.727034018357312184e-01	1.701537227888072212e-01	2.418719756195487347e-01	1.458339485041100225e-01	7.017616520867515917e-02	2.757433474842703458e-02	7.168645129460758658e-02
1.060923007854603611e+03	2.724655279730774371e-01	1.699970756077421874e-01	2.420406860562590856e-01	1.459351122053347272e-01	7.021816386143911459e-02	2.759517998918442280e-02	7.174825430687008232e-02
1.062374338918700232e+03	2.722280608372105726e-01	1.698406963039270912e-01	2.422090994084805105e-01	1.460360967278784838e-01	7.026009351811414450e-02	2.761599325850248171e-02	7.180995994579379704e-02
1.063825669982796853e+03	2.719909997321258710e-01	1.696845844187725716e-01	2.423772161875847597e-01	1.461369024074104239e-01	7.030195429040977939e-02	2.763677460991912846e-02	7.187156835368448127e-02
1.065277001046893474e+03	2.717543439630091262e-01	1.695287394944770265e-01	2.425450369040672571e-01	1.462375295789206664e-01	7.034374628986671263e-02	2.765752409688103722e-02	7.193307967268514069e-02
1.066728332110990095e+03	2.715180928362345703e-01	1.693731610740251692e-01	2.427125620675486262e-01	1.463379785767218721e-01	7.038546962785693917e-02	2.767824177274377795e-02	7.199449404477600845e-02
1.068179663175086489e+03	2.712822456593628195e-01	1.692178487011866406e-01	2.428797921867763276e-01	1.464382497344506040e-01	7.042712441558394987e-02	2.769892769077197600e-02	7.205581161177460059e-02
1.069630994239183110e+03	2.710468017411390429e-01	1.690628019205146770e-01	2.430467277696259643e-01	1.465383433850690753e-01	7.046871076408292578e-02	2.771958190413946824e-02	7.211703251533573000e-02
1.071082325303279504e+03	2.708117603914907967e-01	1.689080202773447226e-01	2.432133693231028904e-01	1.466382598608665933e-01	7.051022878422091855e-02	2.774020446592946262e-02	7.217815689695150638e-02
1.072533656367376352e+03	2.705771209215261930e-01	1.687535033177929022e-01	2.433797173533436831e-01	1.467379994934610299e-01	7.055167858669704473e-02	2.776079542913468048e-02	7.223918489795137787e-02
1.073984987431472746e+03	2.703428826435319010e-01	1.685992505887547177e-01	2.435457723656175577e-01	1.468375626138003764e-01	7.059306028204268002e-02	2.778135484665752997e-02	7.230011665950213107e-02
1.075436318495569594e+03	2.701090448709710379e-01	1.684452616379037704e-01	2.437115348643280333e-01	1.469369495521642699e-01	7.063437398062158423e-02	2.780188277131024135e-02	7.236095232260793264e-02
1.076887649559666215e+03	2.698756069184813366e-01	1.682915360136902350e-01	2.438770053530142368e-01	1.470361606381654640e-01	7.067561979263017879e-02	2.782237925581503360e-02	7.242169202811032935e-02
1.078338980623762609e+03	2.696425681018731479e-01	1.681380732653396104e-01	2.440421843343524577e-01	1.471351962007513836e-01	7.071679782809769943e-02	2.784284435280426698e-02	7.248233591668827580e-02
1.079790311687859230e+03	2.694099277381274415e-01	1.679848729428511933e-01	2.442070723101575358e-01	1.472340565682055957e-01	7.075790819688633493e-02	2.786327811482058880e-02	7.254288412885817605e-02
1.081241642751955851e+03	2.691776851453938080e-01	1.678319345969969401e-01	2.443716697813844707e-01	1.473327420681492805e-01	7.079895100869146307e-02	2.788368059431709650e-02	7.260333680497384201e-02
1.082692973816052472e+03	2.689458396429885711e-01	1.676792577793197736e-01	2.445359772481298100e-01	1.474312530275427580e-01	7.083992637304184492e-02	2.790405184365748678e-02	7.266369408522663220e-02
1.084144304880149093e+03	2.687143905513927900e-01	1.675268420421326399e-01	2.446999952096331754e-01	1.475295897726869032e-01	7.088083439929980523e-02	2.792439191511620483e-02	7.272395610964536850e-02
1.085595635944245487e+03	2.684833371922502043e-01	1.673746869385168146e-01	2.448637241642786233e-01	1.476277526292247844e-01	7.092167519666141284e-02	2.794470086087860045e-02	7.278412301809640550e-02
1.087046967008342108e+03	2.682526788883654034e-01	1.672227920223207098e-01	2.450271646095963096e-01	1.477257419221430224e-01	7.096244887415664726e-02	2.796497873304108414e-02	7.284419495028365832e-02
1.088498298072438729e+03	2.680224149637019382e-01	1.670711568481584586e-01	2.451903170422636558e-01	1.478235579757732621e-01	7.100315554064966228e-02	2.798522558361127982e-02	7.290417204574861643e-02
1.089949629136535123e+03	2.677925447433800454e-01	1.669197809714086655e-01	2.453531819581070417e-01	1.479212011137936988e-01	7.104379530483891092e-02	2.800544146450816355e-02	7.296405444387038530e-02
1.091400960200631971e+03	2.675630675536750935e-01	1.667686639482128808e-01	2.455157598521032492e-01	1.480186716592304941e-01	7.108436827525735358e-02	2.802562642756222314e-02	7.302384228386571419e-02
1.092852291264728365e+03	2.673339827220152509e-01	1.666178053354744892e-01	2.456780512183807663e-01	1.481159699344592739e-01	7.112487456027265231e-02	2.804578052451561429e-02	7.308353570478898220e-02
1.094303622328825213e+03	2.671052895769798208e-01	1.664672046908571568e-01	2.458400565502214252e-01	1.482130962612066283e-01	7.116531426808733740e-02	2.806590380702230977e-02	7.314313484553226774e-02
1.095754953392921607e+03	2.668769874482972981e-01	1.663168615727836641e-01	2.460017763400617063e-01	1.483100509605514983e-01	7.120568750673907099e-02	2.808599632664823820e-02	7.320263984482541786e-02
1.097206284457018228e+03	2.666490756668433715e-01	1.661667755404345193e-01	2.461632110794942929e-01	1.484068343529266198e-01	7.124599438410074426e-02	2.810605813487146096e-02	7.326205084123597888e-02
1.098657615521114849e+03	2.664215535646386468e-01	1.660169461537465974e-01	2.463243612592693754e-01	1.485034467581200501e-01	7.128623500788075495e-02	2.812608928308229020e-02	7.332136797316929355e-02
1.100108946585211470e+03	2.661944204748472598e-01	1.658673729734118085e-01	2.464852273692962892e-01	1.485998884952765831e-01	7.132640948562311844e-02	2.814608982258345882e-02	7.338059137886852878e-02
1.101560277649308091e+03	2.659676757317745999e-01	1.657180555608758488e-01	2.466458098986447633e-01	1.486961598828991649e-01	7.136651792470774525e-02	2.816605980459026964e-02	7.343972119641468954e-02
1.103011608713404712e+03	2.657413186708655339e-01	1.655689934783368400e-01	2.468061093355464475e-01	1.487922612388503096e-01	7.140656043235056594e-02	2.818599928023074117e-02	7.349875756372666047e-02
1.104462939777501106e+03	2.655153486287024078e-01	1.654201862887439423e-01	2.469661261673964103e-01	1.488881928803536259e-01	7.144653711560375320e-02	2.820590830054575671e-02	7.355770061856121977e-02
1.105914270841597499e+03	2.652897649430031035e-01	1.652716335557962157e-01	2.471258608807544166e-01	1.489839551239951765e-01	7.148644808135591611e-02	2.822578691648920668e-02	7.361655049851310861e-02
1.107365601905694348e+03	2.650645669526191517e-01	1.651233348439411497e-01	2.472853139613464812e-01	1.490795482857248666e-01	7.152629343633228054e-02	2.824563517892815512e-02	7.367530734101505885e-02
1.108816932969790741e+03	2.648397539975337889e-01	1.649752897183734135e-01	2.474444858940662573e-01	1.491749726808579979e-01	7.156607328709492510e-02	2.826545313864297151e-02	7.373397128333780692e-02
1.110268264033887590e+03	2.646153254188600146e-01	1.648274977450335521e-01	2.476033771629765068e-01	1.492702286240765730e-01	7.160578774004290603e-02	2.828524084632748695e-02	7.379254246259012162e-02
1.111719595097984211e+03	2.643912805588387593e-01	1.646799584906066538e-01	2.477619882513103777e-01	1.493653164294307389e-01	7.164543690141252086e-02	2.830499835258913285e-02	7.385102101571890121e-02
1.113170926162080832e+03	2.641676187608369974e-01	1.645326715225211567e-01	2.479203196414730137e-01	1.494602364103402303e-01	7.168502087727743333e-02	2.832472570794910757e-02	7.390940707950911792e-02
1.114622257226177226e+03	2.639443393693456374e-01	1.643856364089474054e-01	2.480783718150428863e-01	1.495549888795957572e-01	7.172453977354896482e-02	2.834442296284250817e-02	7.396770079058394287e-02
1.116073588290273847e+03	2.637214417299777458e-01	1.642388527187964298e-01	2.482361452527730994e-01	1.496495741493604203e-01	7.176399369597617761e-02	2.836409016761848312e-02	7.402590228540473216e-02
1.117524919354370468e+03	2.634989251894667706e-01	1.640923200217186961e-01	2.483936404345930826e-01	1.497439925311710440e-01	7.180338275014613858e-02	2.838372737254037104e-02	7.408401170027109628e-02
1.118976250418467089e+03	2.632767890956643209e-01	1.639460378881027192e-01	2.485508578396097012e-01	1.498382443359396743e-01	7.184270704148409958e-02	2.840333462778586379e-02	7.414202917132090009e-02
1.120427581482563710e+03	2.630550327975385017e-01	1.638000058890738408e-01	2.487077979461087829e-01	1.499323298739549948e-01	7.188196667525371952e-02	2.842291198344714179e-02	7.419995483453033225e-02
1.121878912546660331e+03	2.628336556451719708e-01	1.636542235964930092e-01	2.488644612315566162e-01	1.500262494548835479e-01	7.192116175655718924e-02	2.844245948953101968e-02	7.425778882571396067e-02
1.123330243610756725e+03	2.626126569897601626e-01	1.635086905829553072e-01	2.490208481726012280e-01	1.501200033877712059e-01	7.196029239033550906e-02	2.846197719595909212e-02	7.431553128052474644e-02
1.124781574674853118e+03	2.623920361836091231e-01	1.633634064217889259e-01	2.491769592450738535e-01	1.502135919810447251e-01	7.199935868136864148e-02	2.848146515256789330e-02	7.437318233445408544e-02
1.126232905738949967e+03	2.621717925801337890e-01	1.632183706870536932e-01	2.493327949239902974e-01	1.503070155425128007e-01	7.203836073427570541e-02	2.850092340910901842e-02	7.443074212283187774e-02
1.127684236803046360e+03	2.619519255338562114e-01	1.630735829535398529e-01	2.494883556835522931e-01	1.504002743793677599e-01	7.207729865351521215e-02	2.852035201524929023e-02	7.448821078082652758e-02
1.129135567867143209e+03	2.617324344004033909e-01	1.629290427967668431e-01	2.496436419971490850e-01	1.504933687981866719e-01	7.211617254338519023e-02	2.853975102057089777e-02	7.454558844344504054e-02
1.130586898931239830e+03	2.615133185365056678e-01	1.627847497929819365e-01	2.497986543373585389e-01	1.505862991049329580e-01	7.215498250802347691e-02	2.855912047457153172e-02	7.460287524553300964e-02
1.132038229995336451e+03	2.612945772999947236e-01	1.626407035191591577e-01	2.499533931759486960e-01	1.506790656049575294e-01	7.219372865140778750e-02	2.857846042666454395e-02	7.466007132177471251e-02
1.133489561059432845e+03	2.610762100498016380e-01	1.624969035529977845e-01	2.501078589838792166e-01	1.507716686030003139e-01	7.223241107735607625e-02	2.859777092617907593e-02	7.471717680669311135e-02
1.134940892123529466e+03	2.608582161459550020e-01	1.623533494729212379e-01	2.502620522313026008e-01	1.508641084031915047e-01	7.227102988952659179e-02	2.861705202236021831e-02	7.477419183464996399e-02
1.136392223187626087e+03	2.606405949495794183e-01	1.622100408580758324e-01	2.504159733875657157e-01	1.509563853090530317e-01	7.230958519141814089e-02	2.863630376436914968e-02	7.483111653984581002e-02
1.137843554251722708e+03	2.604233458228931708e-01	1.620669772883294724e-01	2.505696229212110993e-01	1.510484996234997823e-01	7.234807708637028267e-02	2.865552620128327191e-02	7.488795105632001237e-02
1.139294885315819101e+03	2.602064681292066139e-01	1.619241583442703469e-01	2.507230012999783209e-01	1.511404516488410732e-01	7.238650567756350906e-02	2.867471938209636279e-02	7.494469551795088225e-02
1.140746216379915950e+03	2.599899612329201748e-01	1.617815836072057922e-01	2.508761089908053687e-01	1.512322416867818986e-01	7.242487106801946684e-02	2.869388335571871132e-02	7.500135005845560976e-02
1.142197547444012343e+03	2.597738244995226875e-01	1.616392526591609868e-01	2.510289464598302045e-01	1.513238700384243185e-01	7.246317336060113801e-02	2.871301817097727041e-02	7.505791481139044430e-02
1.143648878508108737e+03	2.595580572955892840e-01	1.614971650828777028e-01	2.511815141723917622e-01	1.514153370042687630e-01	7.250141265801300638e-02	2.873212387661579215e-02	7.511438991015066680e-02
1.145100209572205586e+03	2.593426589887797840e-01	1.613553204618131398e-01	2.513338125930316691e-01	1.515066428842154755e-01	7.253958906280134900e-02	2.875120052129497700e-02	7.517077548797063136e-02
1.146551540636302207e+03	2.591276289478366968e-01	1.612137183801385099e-01	2.514858421854954118e-01	1.515977879775656789e-01	7.257770267735431935e-02	2.877024815359260565e-02	7.522707167792383465e-02
1.148002871700398828e+03	2.589129665425832783e-01	1.610723584227380378e-01	2.516376034127337791e-01	1.516887725830229905e-01	7.261575360390226663e-02	2.878926682200368473e-02	7.528327861292299916e-02
1.149454202764495449e+03	2.586986711439221431e-01	1.609312401752075183e-01	2.517890967369041388e-01	1.517795969986947824e-01	7.265374194451780510e-02	2.880825657494059250e-02	7.533939642572008710e-02
1.150905533828591842e+03	2.584847421238327669e-01	1.607903632238532055e-01	2.519403226193719370e-01	1.518702615220934304e-01	7.269166780111610549e-02	2.882721746073322461e-02	7.539542524890635589e-02
1.152356864892688463e+03	2.582711788553702092e-01	1.606497271556905637e-01	2.520912815207119184e-01	1.519607664501376187e-01	7.272953127545507546e-02	2.884614952762911549e-02	7.545136521491244141e-02
1.153808195956785084e+03	2.580579807126630598e-01	1.605093315584429359e-01	2.522419739007095707e-01	1.520511120791537829e-01	7.276733246913553999e-02	2.886505282379360146e-02	7.550721645600835807e-02
1.155259527020881706e+03	2.578451470709115512e-01	1.603691760205405159e-01	2.523924002183624005e-01	1.521412987048773036e-01	7.280507148360144953e-02	2.888392739730994904e-02	7.556297910430359588e-02
1.156710858084978327e+03	2.576326773063858377e-01	1.602292601311189613e-01	2.525425609318814879e-01	1.522313266224537831e-01	7.284274842014007434e-02	2.890277329617949378e-02	7.561865329174718986e-02
1.158162189149074720e+03	2.574205707964239975e-01	1.600895834800181994e-01	2.526924564986924304e-01	1.523211961264404612e-01	7.288036337988221258e-02	2.892159056832179290e-02	7.567423915012773394e-02
1.159613520213171569e+03	2.572088269194303667e-01	1.599501456577813174e-01	2.528420873754370080e-01	1.524109075108074918e-01	7.291791646380238467e-02	2.894037926157475363e-02	7.572973681107345034e-02
1.161064851277267962e+03	2.569974450548737632e-01	1.598109462556532023e-01	2.529914540179745708e-01	1.525004610689391638e-01	7.295540777271904143e-02	2.895913942369477551e-02	7.578514640605225894e-02
1.162516182341364356e+03	2.567864245832855996e-01	1.596719848655793750e-01	2.531405568813830942e-01	1.525898570936352339e-01	7.299283740729474446e-02	2.897787110235689259e-02	7.584046806637181892e-02
1.163967513405461204e+03	2.565757648862579399e-01	1.595332610802048523e-01	2.532893964199607884e-01	1.526790958771122864e-01	7.303020546803637436e-02	2.899657434515490878e-02	7.589570192317958430e-02
1.165418844469557826e+03	2.563654653464418898e-01	1.593947744928728982e-01	2.534379730872272640e-01	1.527681777110048988e-01	7.306751205529532500e-02	2.901524919960154353e-02	7.595084810746290105e-02
1.166870175533654447e+03	2.561555253475456539e-01	1.592565246976237192e-01	2.535862873359249758e-01	1.528571028863670578e-01	7.310475726926773943e-02	2.903389571312855674e-02	7.600590675004900709e-02
1.168321506597751068e+03	2.559459442743328150e-01	1.591185112891933817e-01	2.537343396180203881e-01	1.529458716936733242e-01	7.314194120999464865e-02	2.905251393308690491e-02	7.606087798160515723e-02
1.169772837661847461e+03	2.557367215126205018e-01	1.589807338630126465e-01	2.538821303847056399e-01	1.530344844228201662e-01	7.317906397736222146e-02	2.907110390674686948e-02	7.611576193263860923e-02
1.171224168725944082e+03	2.555278564492776128e-01	1.588431920152055532e-01	2.540296600863992671e-01	1.531229413631272629e-01	7.321612567110191705e-02	2.908966568129819907e-02	7.617055873349676265e-02
1.172675499790040703e+03	2.553193484722229289e-01	1.587058853425884486e-01	2.541769291727483671e-01	1.532112428033386986e-01	7.325312639079073485e-02	2.910819930385023097e-02	7.622526851436713102e-02
1.174126830854137097e+03	2.551111969704234483e-01	1.585688134426686824e-01	2.543239380926291537e-01	1.532993890316242669e-01	7.329006623585136715e-02	2.912670482143205758e-02	7.627989140527750844e-02
1.175578161918233945e+03	2.549034013338924431e-01	1.584319759136435246e-01	2.544706872941486786e-01	1.533873803355807752e-01	7.332694530555247669e-02	2.914518228099263752e-02	7.633442753609594178e-02
1.177029492982330339e+03	2.546959609536878499e-01	1.582953723543987223e-01	2.546171772246461074e-01	1.534752170022332107e-01	7.336376369900875216e-02	2.916363172940095866e-02	7.638887703653084171e-02
1.178480824046426733e+03	2.544888752219103822e-01	1.581590023645076393e-01	2.547634083306938857e-01	1.535628993180361834e-01	7.340052151518129675e-02	2.918205321344613870e-02	7.644324003613103824e-02
1.179932155110523581e+03	2.542821435317015877e-01	1.580228655442297570e-01	2.549093810580992381e-01	1.536504275688749255e-01	7.343721885287764206e-02	2.920044677983759870e-02	7.649751666428583619e-02
1.181383486174620202e+03	2.540757652772424602e-01	1.578869614945097866e-01	2.550550958519052780e-01	1.537378020400667067e-01	7.347385581075209504e-02	2.921881247520518102e-02	7.655170705022505684e-02
1.182834817238716823e+03	2.538697398537513306e-01	1.577512898169762534e-01	2.552005531563925622e-01	1.538250230163621390e-01	7.351043248730583513e-02	2.923715034609928459e-02	7.660581132301919061e-02
1.184286148302813444e+03	2.536640666574822012e-01	1.576158501139404422e-01	2.553457534150802011e-01	1.539120907819462591e-01	7.354694898088716404e-02	2.925546043899100723e-02	7.665982961157934150e-02
1.185737479366910065e+03	2.534587450857230251e-01	1.574806419883951758e-01	2.554906970707271352e-01	1.539990056204398605e-01	7.358340538969172784e-02	2.927374280027227396e-02	7.671376204465739368e-02
1.187188810431006686e+03	2.532537745367938187e-01	1.573456650440136217e-01	2.556353845653336898e-01	1.540857678149007148e-01	7.361980181176264182e-02	2.929199747625598274e-02	7.676760875084603919e-02
1.188640141495103080e+03	2.530491544100450518e-01	1.572109188851482098e-01	2.557798163401427405e-01	1.541723776478248764e-01	7.365613834499079582e-02	2.931022451317612937e-02	7.682136985857880573e-02
1.190091472559199701e+03	2.528448841058557051e-01	1.570764031168293273e-01	2.559239928356407678e-01	1.542588354011477370e-01	7.369241508711490973e-02	2.932842395718795320e-02	7.687504549613018157e-02
1.191542803623296322e+03	2.526409630256317151e-01	1.569421173447642370e-01	2.560679144915595229e-01	1.543451413562454966e-01	7.372863213572185270e-02	2.934659585436805856e-02	7.692863579161569876e-02
1.192994134687392716e+03	2.524373905718040323e-01	1.568080611753359388e-01	2.562115817468770262e-01	1.544312957939361908e-01	7.376478958824680965e-02	2.936474025071456051e-02	7.698214087299193320e-02
1.194445465751489564e+03	2.522341661478269548e-01	1.566742342156019208e-01	2.563549950398192889e-01	1.545172989944810504e-01	7.380088754197347556e-02	2.938285719214720967e-02	7.703556086805661562e-02
1.195896796815585958e+03	2.520312891581763526e-01	1.565406360732929936e-01	2.564981548078610341e-01	1.546031512375856121e-01	7.383692609403427753e-02	2.940094672450754149e-02	7.708889590444870099e-02
1.197348127879682352e+03	2.518287590083479466e-01	1.564072663568123189e-01	2.566410614877273066e-01	1.546888528024010223e-01	7.387290534141049969e-02	2.941900889355899065e-02	7.714214610964843788e-02
1.198799458943779200e+03	2.516265751048555877e-01	1.562741246752339386e-01	2.567837155153948059e-01	1.547744039675252037e-01	7.390882538093257459e-02	2.943704374498704035e-02	7.719531161097741012e-02
1.200250790007875821e+03	2.514247368552294803e-01	1.561412106383018028e-01	2.569261173260929954e-01	1.548598050110040758e-01	7.394468630928020814e-02	2.945505132439934712e-02	7.724839253559867558e-02
1.201702121071972442e+03	2.512232436680142955e-01	1.560085238564287158e-01	2.570682673543054908e-01	1.549450562103327766e-01	7.398048822298265714e-02	2.947303167732587617e-02	7.730138901051675226e-02
1.203153452136069063e+03	2.510220949527677825e-01	1.558760639406950033e-01	2.572101660337712259e-01	1.550301578424569116e-01	7.401623121841885422e-02	2.949098484921903671e-02	7.735430116257772937e-02
1.204604783200165684e+03	2.508212901200587153e-01	1.557438305028474024e-01	2.573518137974859510e-01	1.551151101837736357e-01	7.405191539181767146e-02	2.950891088545381027e-02	7.740712911846941990e-02
1.206056114264262078e+03	2.506208285814652825e-01	1.556118231552979514e-01	2.574932110777031768e-01	1.551999135101329585e-01	7.408754083925805922e-02	2.952680983132788262e-02	7.745987300472127746e-02
1.207507445328358699e+03	2.504207097495733669e-01	1.554800415111228518e-01	2.576343583059357845e-01	1.552845680968388820e-01	7.412310765666926815e-02	2.954468173206178938e-02	7.751253294770456270e-02
1.208958776392455093e+03	2.502209330379748797e-01	1.553484851840612191e-01	2.577752559129571908e-01	1.553690742186506768e-01	7.415861593983105737e-02	2.956252663279902368e-02	7.756510907363245444e-02
1.210410107456551941e+03	2.500214978612658734e-01	1.552171537885141672e-01	2.579159043288023478e-01	1.554534321497839655e-01	7.419406578437390265e-02	2.958034457860619221e-02	7.761760150856000795e-02
1.211861438520648335e+03	2.498224036350449317e-01	1.550860469395433927e-01	2.580563039827694083e-01	1.555376421639119988e-01	7.422945728577919067e-02	2.959813561447312974e-02	7.767001037838437705e-02
1.213312769584745183e+03	2.496236497759115047e-01	1.549551642528703144e-01	2.581964553034206689e-01	1.556217045341667937e-01	7.426479053937938557e-02	2.961589978531304485e-02	7.772233580884474469e-02
1.214764100648841804e+03	2.494252357014640209e-01	1.548245053448746578e-01	2.583363587185840693e-01	1.557056195331402992e-01	7.430006564035829264e-02	2.963363713596263438e-02	7.777457792552250337e-02
1.216215431712937971e+03	2.492271608302983887e-01	1.546940698325934838e-01	2.584760146553543025e-01	1.557893874328856176e-01	7.433528268375115544e-02	2.965134771118222573e-02	7.782673685384129680e-02
1.217666762777034819e+03	2.490294245820060814e-01	1.545638573337201060e-01	2.586154235400940915e-01	1.558730085049181702e-01	7.437044176444496113e-02	2.966903155565590519e-02	7.787881271906707537e-02
1.219118093841131440e+03	2.488320263771726659e-01	1.544338674666028699e-01	2.587545857984355213e-01	1.559564830202168906e-01	7.440554297717857923e-02	2.968668871399165327e-02	7.793080564630820717e-02
1.220569424905228061e+03	2.486349656373758599e-01	1.543040998502439032e-01	2.588935018552812606e-01	1.560398112492253075e-01	7.444058641654298369e-02	2.970431923072146263e-02	7.798271576051554743e-02
1.222020755969324682e+03	2.484382417851840330e-01	1.541745541042983669e-01	2.590321721348057271e-01	1.561229934618528215e-01	7.447557217698143328e-02	2.972192315030148385e-02	7.803454318648250787e-02
1.223472087033421303e+03	2.482418542441543197e-01	1.540452298490729288e-01	2.591705970604563647e-01	1.562060299274758146e-01	7.451050035278967976e-02	2.973950051711213294e-02	7.808628804884512609e-02
1.224923418097517697e+03	2.480458024388310923e-01	1.539161267055248750e-01	2.593087770549549753e-01	1.562889209149388170e-01	7.454537103811617604e-02	2.975705137545824400e-02	7.813795047208219047e-02
1.226374749161614318e+03	2.478500857947442404e-01	1.537872442952608887e-01	2.594467125402988295e-01	1.563716666925556720e-01	7.458018432696227051e-02	2.977457576956919066e-02	7.818953058051524019e-02
1.227826080225710712e+03	2.476547037384073391e-01	1.536585822405360235e-01	2.595844039377621093e-01	1.564542675281107298e-01	7.461494031318240128e-02	2.979207374359901100e-02	7.824102849830877338e-02
1.229277411289807560e+03	2.474596556973161499e-01	1.535301401642525099e-01	2.597218516678969080e-01	1.565367236888598468e-01	7.464963909048429047e-02	2.980954534162653241e-02	7.829244434947020548e-02
1.230728742353903954e+03	2.472649410999468444e-01	1.534019176899586168e-01	2.598590561505345620e-01	1.566190354415317731e-01	7.468428075242912467e-02	2.982699060765552079e-02	7.834377825784998028e-02
1.232180073418000802e+03	2.470705593757543395e-01	1.532739144418476529e-01	2.599960178047870385e-01	1.567012030523290689e-01	7.471886539243181857e-02	2.984440958561478119e-02	7.839503034714169483e-02
1.233631404482097196e+03	2.468765099551706033e-01	1.531461300447568008e-01	2.601327370490478796e-01	1.567832267869294915e-01	7.475339310376113988e-02	2.986180231935830695e-02	7.844620074088215489e-02
1.235082735546193817e+03	2.466827922696030462e-01	1.530185641241659511e-01	2.602692143009937009e-01	1.568651069104868567e-01	7.478786397953993137e-02	2.987916885266540118e-02	7.849728956245147216e-02
1.236534066610290438e+03	2.464894057514327441e-01	1.528912163061967588e-01	2.604054499775851905e-01	1.569468436876323980e-01	7.482227811274533291e-02	2.989650922924079815e-02	7.854829693507309196e-02
1.237985397674387059e+03	2.462963498340129398e-01	1.527640862176112557e-01	2.605414444950685526e-01	1.570284373824758217e-01	7.485663559620894802e-02	2.991382349271480209e-02	7.859922298181394595e-02
1.239436728738483680e+03	2.461036239516671553e-01	1.526371734858111007e-01	2.606771982689765621e-01	1.571098882586064172e-01	7.489093652261707978e-02	2.993111168664341210e-02	7.865006782558449372e-02
1.240888059802580301e+03	2.459112275396876657e-01	1.525104777388361921e-01	2.608127117141299522e-01	1.571911965790942500e-01	7.492518098451088349e-02	2.994837385450843659e-02	7.870083158913887544e-02
1.242339390866676695e+03	2.457191600343338611e-01	1.523839986053637519e-01	2.609479852446383585e-01	1.572723626064912450e-01	7.495936907428657481e-02	2.996561003971763906e-02	7.875151439507488416e-02
1.243790721930773088e+03	2.455274208728304985e-01	1.522577357147070765e-01	2.610830192739018174e-01	1.573533866028322958e-01	7.499350088419565186e-02	2.998282028560485257e-02	7.880211636583414614e-02
1.245242052994869937e+03	2.453360094933660918e-01	1.521316886968146209e-01	2.612178142146118209e-01	1.574342688296364312e-01	7.502757650634506170e-02	3.000000463543010462e-02	7.885263762370213481e-02
1.246693384058966330e+03	2.451449253350913293e-01	1.520058571822687776e-01	2.613523704787526492e-01	1.575150095479079526e-01	7.506159603269745018e-02	3.001716313237975942e-02	7.890307829080835111e-02
1.248144715123063179e+03	2.449541678381172705e-01	1.518802408022848216e-01	2.614866884776024802e-01	1.575956090181374614e-01	7.509555955507128677e-02	3.003429581956662195e-02	7.895343848912630969e-02
1.249596046187159800e+03	2.447637364435138463e-01	1.517548391887098003e-01	2.616207686217346673e-01	1.576760675003029966e-01	7.512946716514110057e-02	3.005140274003006984e-02	7.900371834047370534e-02
1.251047377251256421e+03	2.445736305933081667e-01	1.516296519740215065e-01	2.617546113210188485e-01	1.577563852538712563e-01	7.516331895443770228e-02	3.006848393673619904e-02	7.905391796651245473e-02
1.252498708315352815e+03	2.443838497304828272e-01	1.515046787913273685e-01	2.618882169846222796e-01	1.578365625377985970e-01	7.519711501434832301e-02	3.008553945257792794e-02	7.910403748874877961e-02
1.253950039379449436e+03	2.441943932989743549e-01	1.513799192743632838e-01	2.620215860210109993e-01	1.579165996105321434e-01	7.523085543611683634e-02	3.010256933037512572e-02	7.915407702853334559e-02
1.255401370443546057e+03	2.440052607436714871e-01	1.512553730574927036e-01	2.621547188379508841e-01	1.579964967300108991e-01	7.526454031084399421e-02	3.011957361287474072e-02	7.920403670706131771e-02
1.256852701507642678e+03	2.438164515104136454e-01	1.511310397757054114e-01	2.622876158425090920e-01	1.580762541536669119e-01	7.529816972948757958e-02	3.013655234275092534e-02	7.925391664537242975e-02
1.258304032571739299e+03	2.436279650459892421e-01	1.510069190646165238e-01	2.624202774410551164e-01	1.581558721384262456e-01	7.533174378286260076e-02	3.015350556260516096e-02	7.930371696435108142e-02
1.259755363635835920e+03	2.434398007981339873e-01	1.508830105604653804e-01	2.625527040392618972e-01	1.582353509407102565e-01	7.536526256164151338e-02	3.017043331496637587e-02	7.935343778472649101e-02
1.261206694699932314e+03	2.432519582155294180e-01	1.507593139001145166e-01	2.626848960421073187e-01	1.583146908164364819e-01	7.539872615635437314e-02	3.018733564229107713e-02	7.940307922707270927e-02
1.262658025764028707e+03	2.430644367478011769e-01	1.506358287210485258e-01	2.628168538538749877e-01	1.583938920210198886e-01	7.543213465738909940e-02	3.020421258696347200e-02	7.945264141180873041e-02
1.264109356828125556e+03	2.428772358455174307e-01	1.505125546613730048e-01	2.629485778781557870e-01	1.584729548093738449e-01	7.546548815499160012e-02	3.022106419129559629e-02	7.950212445919863091e-02
1.265560687892221949e+03	2.426903549601871490e-01	1.503894913598134708e-01	2.630800685178488196e-01	1.585518794359113137e-01	7.549878673926603556e-02	3.023789049752743235e-02	7.955152848935156951e-02
1.267012018956318798e+03	2.425037935442587167e-01	1.502666384557144741e-01	2.632113261751627409e-01	1.586306661545458518e-01	7.553203050017497089e-02	3.025469154782702008e-02	7.960085362222200922e-02
1.268463350020415419e+03	2.423175510511181296e-01	1.501439955890382927e-01	2.633423512516168130e-01	1.587093152186927203e-01	7.556521952753957050e-02	3.027146738429060957e-02	7.965009997760966187e-02
1.269914681084511813e+03	2.421316269350874129e-01	1.500215624003639614e-01	2.634731441480422376e-01	1.587878268812699112e-01	7.559835391103979230e-02	3.028821804894275480e-02	7.969926767515969623e-02
1.271366012148608434e+03	2.419460206514230660e-01	1.498993385308862725e-01	2.636037052645832657e-01	1.588662013946993135e-01	7.563143374021463750e-02	3.030494358373645933e-02	7.974835683436277967e-02
1.272817343212705055e+03	2.417607316563144815e-01	1.497773236224146376e-01	2.637340350006982526e-01	1.589444390109076843e-01	7.566445910446226164e-02	3.032164403055328042e-02	7.979736757455517526e-02
1.274268674276801676e+03	2.415757594068823622e-01	1.496555173173720332e-01	2.638641337551609900e-01	1.590225399813278706e-01	7.569743009304022441e-02	3.033831943120346084e-02	7.984630001491885287e-02
1.275720005340898297e+03	2.413911033611769175e-01	1.495339192587940014e-01	2.639940019260618720e-01	1.591005045568996690e-01	7.573034679506569777e-02	3.035496982742605029e-02	7.989515427448157237e-02
1.277171336404994690e+03	2.412067629781765310e-01	1.494125290903276226e-01	2.641236399108090049e-01	1.591783329880709918e-01	7.576320929951559091e-02	3.037159526088902342e-02	7.994393047211699466e-02
1.278622667469091539e+03	2.410227377177860675e-01	1.492913464562303505e-01	2.642530481061293735e-01	1.592560255247990053e-01	7.579601769522682775e-02	3.038819577318940812e-02	7.999262872654475109e-02
1.280073998533187932e+03	2.408390270408352074e-01	1.491703710013690121e-01	2.643822269080700060e-01	1.593335824165510728e-01	7.582877207089648575e-02	3.040477140585340007e-02	8.004124915633052673e-02
1.281525329597284326e+03	2.406556304090770038e-01	1.490496023712188367e-01	2.645111767119993074e-01	1.594110039123058098e-01	7.586147251508200406e-02	3.042132220033648415e-02	8.008979187988624071e-02
1.282976660661381175e+03	2.404725472851862444e-01	1.489290402118623180e-01	2.646398979126079465e-01	1.594882902605542219e-01	7.589411911620141948e-02	3.043784819802356281e-02	8.013825701547004632e-02
1.284427991725477568e+03	2.402897771327578147e-01	1.488086841699881868e-01	2.647683909039100780e-01	1.595654417093006483e-01	7.592671196253346355e-02	3.045434944022906709e-02	8.018664468118646971e-02
1.285879322789574417e+03	2.401073194163052260e-01	1.486885338928904121e-01	2.648966560792446745e-01	1.596424585060639556e-01	7.595925114221786789e-02	3.047082596819708500e-02	8.023495499498650707e-02
1.287330653853671038e+03	2.399251736012588399e-01	1.485685890284671462e-01	2.650246938312766365e-01	1.597193408978783979e-01	7.599173674325548911e-02	3.048727782310147946e-02	8.028318807466772178e-02
1.288781984917767431e+03	2.397433391539645908e-01	1.484488492252196146e-01	2.651525045519977364e-01	1.597960891312948384e-01	7.602416885350850306e-02	3.050370504604600283e-02	8.033134403787435540e-02
1.290233315981864052e+03	2.395618155416822104e-01	1.483293141322512276e-01	2.652800886327281171e-01	1.598727034523816370e-01	7.605654756070064082e-02	3.052010767806442523e-02	8.037942300209738322e-02
