1.001418434226643626e+03	2.825575651187963722e-01	1.766395059801714462e-01	2.348828525603704476e-01	1.416312618370730858e-01	6.843207388958513770e-02	2.672176812139765920e-02	6.913497249251066012e-02
1.003837319333471214e+03	2.821332412396168610e-01	1.763600832965717957e-01	2.351844229531415698e-01	1.418121240830763907e-01	6.850677595158048694e-02	2.675874918274002631e-02	6.924460329317770613e-02
1.006256204440298802e+03	2.817101260096212534e-01	1.760814566533467629e-01	2.354851100515353568e-01	1.419924505904243128e-01	6.858127386092635613e-02	2.679563520465741075e-02	6.935394762939335600e-02
1.008675089547126618e+03	2.812882159838401841e-01	1.758036237796263557e-01	2.357849163875371523e-01	1.421722430412304949e-01	6.865556816516554806e-02	2.683242645257849501e-02	6.946300618992669318e-02
1.011093974653954206e+03	2.808675077270933462e-01	1.755265824110639195e-01	2.360838444859058860e-01	1.423515031118810503e-01	6.872965941049592742e-02	2.686912319117822426e-02	6.957177966228658694e-02
1.013512859760782021e+03	2.804479978139635676e-01	1.752503302898159865e-01	2.363818968641948626e-01	1.425302324730567394e-01	6.880354814177225276e-02	2.690572568437993653e-02	6.968026873272162303e-02
1.015931744867609382e+03	2.800296828287706652e-01	1.749748651645218200e-01	2.366790760327720788e-01	1.427084327897546745e-01	6.887723490250810543e-02	2.694223419535750341e-02	6.978847408622010362e-02
1.018350629974437197e+03	2.796125593655452990e-01	1.747001847902834859e-01	2.369753844948407073e-01	1.428861057213102748e-01	6.895072023487780477e-02	2.697864898653746374e-02	6.989639640650996411e-02
1.020769515081264785e+03	2.791966240280028266e-01	1.744262869286456741e-01	2.372708247464594966e-01	1.430632529214187765e-01	6.902400467971828157e-02	2.701497031960113648e-02	7.000403637605880081e-02
1.023188400188092373e+03	2.787818734295173240e-01	1.741531693475758813e-01	2.375653992765631994e-01	1.432398760381569380e-01	6.909708877653106263e-02	2.705119845548675794e-02	7.011139467607384324e-02
1.025607285294920075e+03	2.783683041930953839e-01	1.738808298214447601e-01	2.378591105669826400e-01	1.434159767140044117e-01	6.916997306348419972e-02	2.708733365439157381e-02	7.021847198650200961e-02
1.028026170401747549e+03	2.779559129513500815e-01	1.736092661310064122e-01	2.381519610924651420e-01	1.435915565858652543e-01	6.924265807741433743e-02	2.712337617577396248e-02	7.032526898602985133e-02
1.030445055508575479e+03	2.775446963464747729e-01	1.733384760633788213e-01	2.384439533206945960e-01	1.437666172850891044e-01	6.931514435382865602e-02	2.715932627835552365e-02	7.043178635208363625e-02
1.032863940615402726e+03	2.771346510302171162e-01	1.730684574120245067e-01	2.387350897123115823e-01	1.439411604374924436e-01	6.938743242690691149e-02	2.719518422012318776e-02	7.053802476082939032e-02
1.035282825722230655e+03	2.767257736638530918e-01	1.727992079767312339e-01	2.390253727209333545e-01	1.441151876633796625e-01	6.945952282950355883e-02	2.723095025833129415e-02	7.064398488717296698e-02
1.037701710829058356e+03	2.763180609181607461e-01	1.725307255635927517e-01	2.393148047931740185e-01	1.442887005775640996e-01	6.953141609314973659e-02	2.726662464950367973e-02	7.074966740476008875e-02
1.040120595935886058e+03	2.759115094733946005e-01	1.722630079849896967e-01	2.396033883686643495e-01	1.444617007893889138e-01	6.960311274805537629e-02	2.730220764943575712e-02	7.085507298597643056e-02
1.042539481042713533e+03	2.755061160192592284e-01	1.719960530595706916e-01	2.398911258800717206e-01	1.446341899027478450e-01	6.967461332311136735e-02	2.733769951319658595e-02	7.096020230194777234e-02
1.044958366149541234e+03	2.751018772548834423e-01	1.717298586122333326e-01	2.401780197531198924e-01	1.448061695161060314e-01	6.974591834589158323e-02	2.737310049513094409e-02	7.106505602254002685e-02
1.047377251256368709e+03	2.746987898887944812e-01	1.714644224741054546e-01	2.404640724066088031e-01	1.449776412225205480e-01	6.981702834265511581e-02	2.740841084886137813e-02	7.116963481635942002e-02
1.049796136363196410e+03	2.742968506388921424e-01	1.711997424825263125e-01	2.407492862524344690e-01	1.451486066096609739e-01	6.988794383834838475e-02	2.744363082729027112e-02	7.127393935075264364e-02
1.052215021470024112e+03	2.738960562324226355e-01	1.709358164810281799e-01	2.410336636956083300e-01	1.453190672598298760e-01	6.995866535660731633e-02	2.747876068260188612e-02	7.137797029180693864e-02
1.054633906576851814e+03	2.734964034059531035e-01	1.706726423193176689e-01	2.413172071342771507e-01	1.454890247499830702e-01	7.002919341975953615e-02	2.751380066626440968e-02	7.148172830435028935e-02
1.057052791683679516e+03	2.730978889053454206e-01	1.704102178532572454e-01	2.415999189597424213e-01	1.456584806517499386e-01	7.009952854882657569e-02	2.754875102903199535e-02	7.158521405195163168e-02
1.059471676790506763e+03	2.727005094857309353e-01	1.701485409448469932e-01	2.418818015564799251e-01	1.458274365314535803e-01	7.016967126352603723e-02	2.758361202094678985e-02	7.168842819692097801e-02
1.061890561897334692e+03	2.723042619114843799e-01	1.698876094622063238e-01	2.421628573021591957e-01	1.459958939501308228e-01	7.023962208227392534e-02	2.761838389134096267e-02	7.179137140030966702e-02
1.064309447004162394e+03	2.719091429561982243e-01	1.696274212795556846e-01	2.424430885676628900e-01	1.461638544635523451e-01	7.030938152218681181e-02	2.765306688883872877e-02	7.189404432191059957e-02
1.066728332110990095e+03	2.715151494026571966e-01	1.693679742771986019e-01	2.427224977171061893e-01	1.463313196222424672e-01	7.037895009908411159e-02	2.768766126135836433e-02	7.199644762025836364e-02
1.069147217217817570e+03	2.711222780428126367e-01	1.691092663415035557e-01	2.430010871078560064e-01	1.464982909714989401e-01	7.044832832749035878e-02	2.772216725611421906e-02	7.209858195262958125e-02
1.071566102324645271e+03	2.707305256777568503e-01	1.688512953648861337e-01	2.432788590905502202e-01	1.466647700514127906e-01	7.051751672063746867e-02	2.775658511961870412e-02	7.220044797504314438e-02
1.073984987431472746e+03	2.703398891176977403e-01	1.685940592457909615e-01	2.435558160091169655e-01	1.468307583968878338e-01	7.058651579046706925e-02	2.779091509768431834e-02	7.230204634226045091e-02
1.076403872538300675e+03	2.699503651819331607e-01	1.683375558886741896e-01	2.438319602007936460e-01	1.469962575376602687e-01	7.065532604763276325e-02	2.782515743542561884e-02	7.240337770778568216e-02
1.078822757645127922e+03	2.695619506988258252e-01	1.680817832039855630e-01	2.441072939961461130e-01	1.471612689983181343e-01	7.072394800150244576e-02	2.785931237726121945e-02	7.250444272386612210e-02
1.081241642751955851e+03	2.691746425057774950e-01	1.678267391081507964e-01	2.443818197190875396e-01	1.473257942983206559e-01	7.079238216016067731e-02	2.789338016691577174e-02	7.260524204149246263e-02
1.083660527858783553e+03	2.687884374492040540e-01	1.675724215235541437e-01	2.446555396868975440e-01	1.474898349520176177e-01	7.086062903041093208e-02	2.792736104742194608e-02	7.270577631039912281e-02
1.086079412965611255e+03	2.684033323845100294e-01	1.673188283785207175e-01	2.449284562102410634e-01	1.476533924686685151e-01	7.092868911777805430e-02	2.796125526112238149e-02	7.280604617906458187e-02
1.088498298072438729e+03	2.680193241760635003e-01	1.670659576072991981e-01	2.452005715931871166e-01	1.478164683524615941e-01	7.099656292651050637e-02	2.799506304967167708e-02	7.290605229471171234e-02
1.090917183179266431e+03	2.676364096971707851e-01	1.668138071500444575e-01	2.454718881332277058e-01	1.479790641025330311e-01	7.106425095958281146e-02	2.802878465403834188e-02	7.300579530330815470e-02
1.093336068286093905e+03	2.672545858300515720e-01	1.665623749528001019e-01	2.457424081212965516e-01	1.481411812129857786e-01	7.113175371869787100e-02	2.806242031450674121e-02	7.310527584956670599e-02
1.095754953392921607e+03	2.668738494658134952e-01	1.663116589674814849e-01	2.460121338417878001e-01	1.483028211729084389e-01	7.119907170428937948e-02	2.809597027067906039e-02	7.320449457694569451e-02
1.098173838499749309e+03	2.664941975044274880e-01	1.660616571518583051e-01	2.462810675725747023e-01	1.484639854663941383e-01	7.126620541552419752e-02	2.812943476147723373e-02	7.330345212764934060e-02
1.100592723606577010e+03	2.661156268547026360e-01	1.658123674695376748e-01	2.465492115850280164e-01	1.486246755725591506e-01	7.133315535030475274e-02	2.816281402514489440e-02	7.340214914262825630e-02
1.103011608713404712e+03	2.657381344342613638e-01	1.655637878899470783e-01	2.468165681440348813e-01	1.487848929655615493e-01	7.139992200527142674e-02	2.819610829924929993e-02	7.350058626157979225e-02
1.105430493820231959e+03	2.653617171695145660e-01	1.653159163883173022e-01	2.470831395080170523e-01	1.489446391146197479e-01	7.146650587580502534e-02	2.822931782068326123e-02	7.359876412294849568e-02
1.107849378927059888e+03	2.649863719956366270e-01	1.650687509456656432e-01	2.473489279289494691e-01	1.491039154840309300e-01	7.153290745602912393e-02	2.826244282566706470e-02	7.369668336392659613e-02
1.110268264033887590e+03	2.646120958565411629e-01	1.648222895487789774e-01	2.476139356523785195e-01	1.492627235331894509e-01	7.159912723881252383e-02	2.829548354975038732e-02	7.379434462045443566e-02
1.112687149140715292e+03	2.642388857048559858e-01	1.645765301901969957e-01	2.478781649174404966e-01	1.494210647166051842e-01	7.166516571577168093e-02	2.832844022781420487e-02	7.389174852722098230e-02
1.115106034247542766e+03	2.638667385018984568e-01	1.643314708681955505e-01	2.481416179568798341e-01	1.495789404839216463e-01	7.173102337727314814e-02	2.836131309407270013e-02	7.398889571766428808e-02
1.117524919354370468e+03	2.634956512176510612e-01	1.640871095867698359e-01	2.484042969970673143e-01	1.497363522799342039e-01	7.179670071243604568e-02	2.839410238207516410e-02	7.408578682397198856e-02
1.119943804461197942e+03	2.631256208307369837e-01	1.638434443556179287e-01	2.486662042580183307e-01	1.498933015446081429e-01	7.186219820913446188e-02	2.842680832470789037e-02	7.418242247708187187e-02
1.122362689568025871e+03	2.627566443283955722e-01	1.636004731901242459e-01	2.489273419534108467e-01	1.500497897130966540e-01	7.192751635399990962e-02	2.845943115419605207e-02	7.427880330668235054e-02
1.124781574674853118e+03	2.623887187064578574e-01	1.633581941113429470e-01	2.491877122906037412e-01	1.502058182157586241e-01	7.199265563242381039e-02	2.849197110210561004e-02	7.437492994121307210e-02
1.127200459781681047e+03	2.620218409693224615e-01	1.631166051459815580e-01	2.494473174706545171e-01	1.503613884781766497e-01	7.205761652855997845e-02	2.852442839934517596e-02	7.447080300786539098e-02
1.129619344888508749e+03	2.616560081299310614e-01	1.628757043263845683e-01	2.497061596883375090e-01	1.505165019211746891e-01	7.212239952532704945e-02	2.855680327616787542e-02	7.456642313258297905e-02
1.132038229995336451e+03	2.612912172097444086e-01	1.626354896905171654e-01	2.499642411321617574e-01	1.506711599608357155e-01	7.218700510441097840e-02	2.858909596217323879e-02	7.466179094006242245e-02
1.134457115102163925e+03	2.609274652387182369e-01	1.623959592819489706e-01	2.502215639843887729e-01	1.508253640085194247e-01	7.225143374626750992e-02	2.862130668630904692e-02	7.475690705375379053e-02
1.136876000208991627e+03	2.605647492552787270e-01	1.621571111498377460e-01	2.504781304210505488e-01	1.509791154708795546e-01	7.231568593012464852e-02	2.865343567687319085e-02	7.485177209586127423e-02
1.139294885315819101e+03	2.602030663062991356e-01	1.619189433489132968e-01	2.507339426119671866e-01	1.511324157498815934e-01	7.237976213398517045e-02	2.868548316151553826e-02	7.494638668734376896e-02
1.141713770422646803e+03	2.598424134470754265e-01	1.616814539394614003e-01	2.509890027207645757e-01	1.512852662428199879e-01	7.244366283462912171e-02	2.871744936723975156e-02	7.504075144791549912e-02
1.144132655529474505e+03	2.594827877413022343e-01	1.614446409873077082e-01	2.512433129048922686e-01	1.514376683423354908e-01	7.250738850761626053e-02	2.874933452040516133e-02	7.513486699604672581e-02
1.146551540636302207e+03	2.591241862610493829e-01	1.612085025638017588e-01	2.514968753156407999e-01	1.515896234364323691e-01	7.257093962728858316e-02	2.878113884672857739e-02	7.522873394896432975e-02
1.148970425743129908e+03	2.587666060867380713e-01	1.609730367458010181e-01	2.517496920981595609e-01	1.517411329084956129e-01	7.263431666677284959e-02	2.881286257128613457e-02	7.532235292265253290e-02
1.151389310849957155e+03	2.584100443071168929e-01	1.607382416156550864e-01	2.520017653914742861e-01	1.518921981373078933e-01	7.269752009798306769e-02	2.884450591851511064e-02	7.541572453185353686e-02
1.153808195956785084e+03	2.580544980192382987e-01	1.605041152611896837e-01	2.522530973285042055e-01	1.520428204970666886e-01	7.276055039162297733e-02	2.887606911221575826e-02	7.550884939006823060e-02
1.156227081063612786e+03	2.576999643284352270e-01	1.602706557756909955e-01	2.525036900360796976e-01	1.521930013574012142e-01	7.282340801718857615e-02	2.890755237555309859e-02	7.560172810955692602e-02
1.158645966170440488e+03	2.573464403482972340e-01	1.600378612578899629e-01	2.527535456349599974e-01	1.523427420833891599e-01	7.288609344297065917e-02	2.893895593105876018e-02	7.569436130134003793e-02
1.161064851277267962e+03	2.569939232006471785e-01	1.598057298119464620e-01	2.530026662398496828e-01	1.524920440355736484e-01	7.294860713605731684e-02	2.897028000063275530e-02	7.578674957519881961e-02
1.163483736384095664e+03	2.566424100155177412e-01	1.595742595474337888e-01	2.532510539594167165e-01	1.526409085699798052e-01	7.301094956233636357e-02	2.900152480554529788e-02	7.587889353967611217e-02
1.165902621490923138e+03	2.562918979311281653e-01	1.593434485793229771e-01	2.534987108963094316e-01	1.527893370381315230e-01	7.307312118649800237e-02	2.903269056643860077e-02	7.597079380207710786e-02
1.168321506597751068e+03	2.559423840938609973e-01	1.591132950279673663e-01	2.537456391471735184e-01	1.529373307870679766e-01	7.313512247203723948e-02	2.906377750332865550e-02	7.606245096847007170e-02
1.170740391704578315e+03	2.555938656582387725e-01	1.588837970190869753e-01	2.539918408026693442e-01	1.530848911593601369e-01	7.319695388125645186e-02	2.909478583560701562e-02	7.615386564368716027e-02
1.173159276811406244e+03	2.552463397869008666e-01	1.586549526837532087e-01	2.542373179474889389e-01	1.532320194931272306e-01	7.325861587526789898e-02	2.912571578204258341e-02	7.624503843132521275e-02
1.175578161918233945e+03	2.548998036505802922e-01	1.584267601583733420e-01	2.544820726603730376e-01	1.533787171220530599e-01	7.332010891399622088e-02	2.915656756078338976e-02	7.633596993374652806e-02
1.177997047025061647e+03	2.545542544280809394e-01	1.581992175846752280e-01	2.547261070141282890e-01	1.535249853754023508e-01	7.338143345618101943e-02	2.918734138935834277e-02	7.642666075207966980e-02
1.180415932131889122e+03	2.542096893062543717e-01	1.579723231096921143e-01	2.549694230756437974e-01	1.536708255780369625e-01	7.344258995937932855e-02	2.921803748467901793e-02	7.651711148622029890e-02
1.182834817238716823e+03	2.538661054799769001e-01	1.577460748857471839e-01	2.552120229059082201e-01	1.538162390504320409e-01	7.350357887996816775e-02	2.924865606304139984e-02	7.660732273483203403e-02
1.185253702345544298e+03	2.535235001521268794e-01	1.575204710704384281e-01	2.554539085600265325e-01	1.539612271086921169e-01	7.356440067314705400e-02	2.927919734012763425e-02	7.669729509534725653e-02
1.187672587452371999e+03	2.531818705335618369e-01	1.572955098266236029e-01	2.556950820872369579e-01	1.541057910645671492e-01	7.362505579294056912e-02	2.930966153100779750e-02	7.678702916396799860e-02
1.190091472559199701e+03	2.528412138430956579e-01	1.570711893224049915e-01	2.559355455309275662e-01	1.542499322254684557e-01	7.368554469220084391e-02	2.934004885014161734e-02	7.687652553566677593e-02
1.192510357666027403e+03	2.525015273074761035e-01	1.568475077311143884e-01	2.561753009286529825e-01	1.543936518944846181e-01	7.374586782261011164e-02	2.937035951138023196e-02	7.696578480418747592e-02
1.194929242772855105e+03	2.521628081613619954e-01	1.566244632312981111e-01	2.564143503121510403e-01	1.545369513703973297e-01	7.380602563468323385e-02	2.940059372796791429e-02	7.705480756204630133e-02
1.197348127879682352e+03	2.518250536473009005e-01	1.564020540067019016e-01	2.566526957073594351e-01	1.546798319476971051e-01	7.386601857777021218e-02	2.943075171254380326e-02	7.714359440053258909e-02
1.199767012986510281e+03	2.514882610157064269e-01	1.561802782462562433e-01	2.568903391344321552e-01	1.548222949165989903e-01	7.392584710005875581e-02	2.946083367714362120e-02	7.723214590970978177e-02
1.202185898093337983e+03	2.511524275248359639e-01	1.559591341440612622e-01	2.571272826077561358e-01	1.549643415630581333e-01	7.398551164857677942e-02	2.949083983320140850e-02	7.732046267841632958e-02
1.204604783200165684e+03	2.508175504407681444e-01	1.557386198993719328e-01	2.573635281359675786e-01	1.551059731687855214e-01	7.404501266919497060e-02	2.952077039155122720e-02	7.740854529426660635e-02
1.207023668306993159e+03	2.504836270373808627e-01	1.555187337165834238e-01	2.575990777219683281e-01	1.552471910112633302e-01	7.410435060662927398e-02	2.955062556242887828e-02	7.749639434365189483e-02
1.209442553413820860e+03	2.501506545963286809e-01	1.552994738052161927e-01	2.578339333629425800e-01	1.553879963637602724e-01	7.416352590444343085e-02	2.958040555547359479e-02	7.758401041174128876e-02
1.211861438520648335e+03	2.498186304070208752e-01	1.550808383799013590e-01	2.580680970503725913e-01	1.555283904953471963e-01	7.422253900505156043e-02	2.961011057972976271e-02	7.767139408248271981e-02
1.214280323627476264e+03	2.494875517665991471e-01	1.548628256603659936e-01	2.583015707700556107e-01	1.556683746709122407e-01	7.428139034972060240e-02	2.963974084364858971e-02	7.775854593860384578e-02
1.216699208734303511e+03	2.491574159799158361e-01	1.546454338714186583e-01	2.585343565021195333e-01	1.558079501511760723e-01	7.434008037857293971e-02	2.966929655508982258e-02	7.784546656161314693e-02
1.219118093841131440e+03	2.488282203595117426e-01	1.544286612429346395e-01	2.587664562210395536e-01	1.559471181927070960e-01	7.439860953058881343e-02	2.969877792132340558e-02	7.793215653180081415e-02
1.221536978947959142e+03	2.484999622255941731e-01	1.542125060098415434e-01	2.589978718956538195e-01	1.560858800479365538e-01	7.445697824360900108e-02	2.972818514903118742e-02	7.801861642823987308e-02
1.223955864054786844e+03	2.481726389060151250e-01	1.539969664121047521e-01	2.592286054891799196e-01	1.562242369651735685e-01	7.451518695433717587e-02	2.975751844430857967e-02	7.810484682878707230e-02
1.226374749161614318e+03	2.478462477362495253e-01	1.537820406947130458e-01	2.594586589592306480e-01	1.563621901886201870e-01	7.457323609834255740e-02	2.978677801266623598e-02	7.819084831008399350e-02
1.228793634268442020e+03	2.475207860593734155e-01	1.535677271076642258e-01	2.596880342578302137e-01	1.564997409583862020e-01	7.463112611006238184e-02	2.981596405903171390e-02	7.827662144755806461e-02
1.231212519375269494e+03	2.471962512260423017e-01	1.533540239059506538e-01	2.599167333314300610e-01	1.566368905105040843e-01	7.468885742280439999e-02	2.984507678775114373e-02	7.836216681542361451e-02
1.233631404482097196e+03	2.468726405944695335e-01	1.531409293495449853e-01	2.601447581209246351e-01	1.567736400769438043e-01	7.474643046874950014e-02	2.987411640259087647e-02	7.844748498668289993e-02
1.236050289588924898e+03	2.465499515304046818e-01	1.529284417033859589e-01	2.603721105616676468e-01	1.569099908856274872e-01	7.480384567895409509e-02	2.990308310673914574e-02	7.853257653312721576e-02
1.238469174695752372e+03	2.462281814071121122e-01	1.527165592373641023e-01	2.605987925834874486e-01	1.570459441604441786e-01	7.486110348335277276e-02	2.993197710280770529e-02	7.861744202533794967e-02
1.240888059802580301e+03	2.459073276053494461e-01	1.525052802263075769e-01	2.608248061107030225e-01	1.571815011212643887e-01	7.491820431076066933e-02	2.996079859283348051e-02	7.870208203268765079e-02
1.243306944909407548e+03	2.455873875133463002e-01	1.522946029499681053e-01	2.610501530621396338e-01	1.573166629839547470e-01	7.497514858887613376e-02	2.998954777828019905e-02	7.878649712334115374e-02
1.245725830016235477e+03	2.452683585267828315e-01	1.520845256930067335e-01	2.612748353511445409e-01	1.574514309603923523e-01	7.503193674428314253e-02	3.001822486004003185e-02	7.887068786425664724e-02
1.248144715123063179e+03	2.449502380487685593e-01	1.518750467449798136e-01	2.614988548856025941e-01	1.575858062584793717e-01	7.508856920245385314e-02	3.004683003843521688e-02	7.895465482118682599e-02
1.250563600229890881e+03	2.446330234898211331e-01	1.516661644003250708e-01	2.617222135679518891e-01	1.577197900821572796e-01	7.514504638775107437e-02	3.007536351321968282e-02	7.903839855868001474e-02
1.252982485336718355e+03	2.443167122678452374e-01	1.514578769583475593e-01	2.619449132951992554e-01	1.578533836314213179e-01	7.520136872343087531e-02	3.010382548358068316e-02	7.912191964008125078e-02
1.255401370443546057e+03	2.440013018081113316e-01	1.512501827232057561e-01	2.621669559589356324e-01	1.579865881023346519e-01	7.525753663164497231e-02	3.013221614814037830e-02	7.920521862753347742e-02
1.257820255550373531e+03	2.436867895432348885e-01	1.510430800038975729e-01	2.623883434453517793e-01	1.581194046870425807e-01	7.531355053344329642e-02	3.016053570495748695e-02	7.928829608197868195e-02
1.260239140657201460e+03	2.433731729131552168e-01	1.508365671142466724e-01	2.626090776352534295e-01	1.582518345737866650e-01	7.536941084877649133e-02	3.018878435152885439e-02	7.937115256315901979e-02
1.262658025764028707e+03	2.430604493651145892e-01	1.506306423728885069e-01	2.628291604040768337e-01	1.583838789469189101e-01	7.542511799649842530e-02	3.021696228479108653e-02	7.945378862961802180e-02
1.265076910870856636e+03	2.427486163536375363e-01	1.504253041032565519e-01	2.630485936219039700e-01	1.585155389869157272e-01	7.548067239436867526e-02	3.024506970112211812e-02	7.953620483870177393e-02
1.267495795977684338e+03	2.424376713405098915e-01	1.502205506335687335e-01	2.632673791534780317e-01	1.586468158703918663e-01	7.553607445905499707e-02	3.027310679634281562e-02	7.961840174656006908e-02
1.269914681084511813e+03	2.421276117947580575e-01	1.500163802968135784e-01	2.634855188582182484e-01	1.587777107701143775e-01	7.559132460613590676e-02	3.030107376571858357e-02	7.970037990814764217e-02
1.272333566191339514e+03	2.418184351926284392e-01	1.498127914307365860e-01	2.637030145902355405e-01	1.589082248550165166e-01	7.564642325010308144e-02	3.032897080396091197e-02	7.978213987722533596e-02
1.274752451298167216e+03	2.415101390175668772e-01	1.496097823778266556e-01	2.639198681983472849e-01	1.590383592902114285e-01	7.570137080436389887e-02	3.035679810522898606e-02	7.986368220636133608e-02
1.277171336404994690e+03	2.412027207601978862e-01	1.494073514853024587e-01	2.641360815260926365e-01	1.591681152370059138e-01	7.575616768124390776e-02	3.038455586313124068e-02	7.994500744693239236e-02
1.279590221511822392e+03	2.408961779183042828e-01	1.492054971050989776e-01	2.643516564117475709e-01	1.592974938529142515e-01	7.581081429198935351e-02	3.041224427072693540e-02	8.002611614912502613e-02
1.282009106618650094e+03	2.405905079968067850e-01	1.490042175938540159e-01	2.645665946883398734e-01	1.594264962916716599e-01	7.586531104676959292e-02	3.043986352052772265e-02	8.010700886193679315e-02
1.284427991725477568e+03	2.402857085077435007e-01	1.488035113128946541e-01	2.647808981836640152e-01	1.595551237032479253e-01	7.591965835467963386e-02	3.046741380449920905e-02	8.018768613317750482e-02
1.286846876832305497e+03	2.399817769702498049e-01	1.486033766282238711e-01	2.649945687202962530e-01	1.596833772338609458e-01	7.597385662374257775e-02	3.049489531406250273e-02	8.026814850947049107e-02
1.289265761939132744e+03	2.396787109105379121e-01	1.484038119105071940e-01	2.652076081156093390e-01	1.598112580259901938e-01	7.602790626091213144e-02	3.052230824009577459e-02	8.034839653625389100e-02
1.291684647045960673e+03	2.393765078618765585e-01	1.482048155350594310e-01	2.654200181817876203e-01	1.599387672183901765e-01	7.608180767207504969e-02	3.054965277293580916e-02	8.042843075778184636e-02
1.294103532152788375e+03	2.390751653645712405e-01	1.480063858818311540e-01	2.656318007258415270e-01	1.600659059461036482e-01	7.613556126205360541e-02	3.057692910237952422e-02	8.050825171712588935e-02
1.296522417259616077e+03	2.387746809659437031e-01	1.478085213353956262e-01	2.658429575496224495e-01	1.601926753404749881e-01	7.618916743460811547e-02	3.060413741768553200e-02	8.058785995617609443e-02
1.298941302366443551e+03	2.384750522203121781e-01	1.476112202849355348e-01	2.660534904498377817e-01	1.603190765291635234e-01	7.624262659243931373e-02	3.063127790757567276e-02	8.066725601564249393e-02
1.301360187473271253e+03	2.381762766889712890e-01	1.474144811242298347e-01	2.662634012180651322e-01	1.604451106361566015e-01	7.629593913719084908e-02	3.065835076023652739e-02	8.074644043505629920e-02
1.303779072580098727e+03	2.378783519401721225e-01	1.472183022516405093e-01	2.664726916407670898e-01	1.605707787817828025e-01	7.634910546945182508e-02	3.068535616332095789e-02	8.082541375277126072e-02
1.306197957686926657e+03	2.375812755491023831e-01	1.470226820700995807e-01	2.666813634993059345e-01	1.606960820827250114e-01	7.640212598875911754e-02	3.071229430394962351e-02	8.090417650596493093e-02
1.308616842793753904e+03	2.372850450978666315e-01	1.468276189870958981e-01	2.668894185699581811e-01	1.608210216520334357e-01	7.645500109359992802e-02	3.073916536871249688e-02	8.098272923064003814e-02
1.311035727900581833e+03	2.369896581754664666e-01	1.466331114146622872e-01	2.670968586239289011e-01	1.609455985991385951e-01	7.650773118141421247e-02	3.076596954367037326e-02	8.106107246162579105e-02
1.313454613007409534e+03	2.366951123777808474e-01	1.464391577693623936e-01	2.673036854273664331e-01	1.610698140298642556e-01	7.656031664859712371e-02	3.079270701435638663e-02	8.113920673257918326e-02
1.315873498114237009e+03	2.364014053075464417e-01	1.462457564722777492e-01	2.675099007413767604e-01	1.611936690464403077e-01	7.661275789050142615e-02	3.081937796577750160e-02	8.121713257598642266e-02
1.318292383221064711e+03	2.361085345743381414e-01	1.460529059489950321e-01	2.677155063220377218e-01	1.613171647475155346e-01	7.666505530144000768e-02	3.084598258241602609e-02	8.129485052316420823e-02
1.320711268327892412e+03	2.358164977945493013e-01	1.458606046295929104e-01	2.679205039204134442e-01	1.614403022281705180e-01	7.671720927468823892e-02	3.087252104823109619e-02	8.137236110426111779e-02
1.323130153434719887e+03	2.355252925913725037e-01	1.456688509486294414e-01	2.681248952825688314e-01	1.615630825799302395e-01	7.676922020248649892e-02	3.089899354666017506e-02	8.144966484825899578e-02
1.325549038541547588e+03	2.352349165947800469e-01	1.454776433451290818e-01	2.683286821495834418e-01	1.616855068907767090e-01	7.682108847604249280e-02	3.092540026062052735e-02	8.152676228297428551e-02
1.327967923648375290e+03	2.349453674415045434e-01	1.452869802625700590e-01	2.685318662575662541e-01	1.618075762451617605e-01	7.687281448553380525e-02	3.095174137251071114e-02	8.160365393505943088e-02
1.330386808755202765e+03	2.346566427750197414e-01	1.450968601488715204e-01	2.687344493376692678e-01	1.619292917240194862e-01	7.692439862011023199e-02	3.097801706421205586e-02	8.168034033000425020e-02
1.332805693862030694e+03	2.343687402455210400e-01	1.449072814563808764e-01	2.689364331161020472e-01	1.620506544047788100e-01	7.697584126789626391e-02	3.100422751709012992e-02	8.175682199213736567e-02
1.335224578968857941e+03	2.340816575099065877e-01	1.447182426418612000e-01	2.691378193141456543e-01	1.621716653613758663e-01	7.702714281599343238e-02	3.103037291199622211e-02	8.183309944462756336e-02
1.337643464075685870e+03	2.337953922317578537e-01	1.445297421664785698e-01	2.693386096481668046e-01	1.622923256642665180e-01	7.707830365048279342e-02	3.105645342926878494e-02	8.190917320948522262e-02
1.340062349182513572e+03	2.335099420813207816e-01	1.443417784957893579e-01	2.695388058296317446e-01	1.624126363804386797e-01	7.712932415642735628e-02	3.108246924873492995e-02	8.198504380756371779e-02
1.342481234289341273e+03	2.332253047354866105e-01	1.441543500997279348e-01	2.697384095651203517e-01	1.625325985734246415e-01	7.718020471787441494e-02	3.110842054971184670e-02	8.206071175856083366e-02
1.344900119396168748e+03	2.329414778777728900e-01	1.439674554525938732e-01	2.699374225563400675e-01	1.626522133033133644e-01	7.723094571785803220e-02	3.113430751100828078e-02	8.213617758102019495e-02
1.347319004502996449e+03	2.326584591983046901e-01	1.437810930330397086e-01	2.701358465001396647e-01	1.627714816267626097e-01	7.728154753840137114e-02	3.116013031092597710e-02	8.221144179233275118e-02
1.349737889609823924e+03	2.323762463937955047e-01	1.435952613240583375e-01	2.703336830885233466e-01	1.628904045970111791e-01	7.733201056051913769e-02	3.118588912726111967e-02	8.228650490873812284e-02
1.352156774716651853e+03	2.320948371675286837e-01	1.434099588129707226e-01	2.705309340086643477e-01	1.630089832638910996e-01	7.738233516421998137e-02	3.121158413730577841e-02	8.236136744532612797e-02
1.354575659823479100e+03	2.318142292293385309e-01	1.432251839914133740e-01	2.707276009429188668e-01	1.631272186738395302e-01	7.743252172850885462e-02	3.123721551784934200e-02	8.243602991603816987e-02
1.356994544930307029e+03	2.315344202955915975e-01	1.430409353553261931e-01	2.709236855688398893e-01	1.632451118699109471e-01	7.748257063138945522e-02	3.126278344517994384e-02	8.251049283366873599e-02
1.359413430037134731e+03	2.312554080891680297e-01	1.428572114049400099e-01	2.711191895591903989e-01	1.633626638917890228e-01	7.753248224986655779e-02	3.128828809508590186e-02	8.258475670986686890e-02
1.361832315143962205e+03	2.309771903394430004e-01	1.426740106447644263e-01	2.713141145819576439e-01	1.634798757757985332e-01	7.758225695994838689e-02	3.131372964285714794e-02	8.265882205513758185e-02
1.364251200250789907e+03	2.306997647822681685e-01	1.424913315835755756e-01	2.715084623003665709e-01	1.635967485549174039e-01	7.763189513664908725e-02	3.133910826328661914e-02	8.273268937884338536e-02
1.366670085357617609e+03	2.304231291599531384e-01	1.423091727344038548e-01	2.717022343728931477e-01	1.637132832587883113e-01	7.768139715399099976e-02	3.136442413067170448e-02	8.280635918920574434e-02
1.369088970464445310e+03	2.301472812212470020e-01	1.421275326145218787e-01	2.718954324532781297e-01	1.638294809137306185e-01	7.773076338500704840e-02	3.138967741881564660e-02	8.287983199330659079e-02
1.371507855571272785e+03	2.298722187213199930e-01	1.419464097454322393e-01	2.720880581905407158e-01	1.639453425427521149e-01	7.777999420174316891e-02	3.141486830102892952e-02	8.295310829708975320e-02
1.373926740678100487e+03	2.295979394217451397e-01	1.417658026528554327e-01	2.722801132289919268e-01	1.640608691655606188e-01	7.782908997526059858e-02	3.143999695013072193e-02	8.302618860536256640e-02
1.376345625784927961e+03	2.293244410904799468e-01	1.415857098667178959e-01	2.724715992082477056e-01	1.641760617985757176e-01	7.787805107563827711e-02	3.146506353845024417e-02	8.309907342179724543e-02
1.378764510891755890e+03	2.290517215018482711e-01	1.414061299211399614e-01	2.726625177632426289e-01	1.642909214549403141e-01	7.792687787197520588e-02	3.149006823782817682e-02	8.317176324893246764e-02
1.381183395998583137e+03	2.287797784365218912e-01	1.412270613544237552e-01	2.728528705242433960e-01	1.644054491445322008e-01	7.797557073239277936e-02	3.151501121961805540e-02	8.324425858817491308e-02
1.383602281105411066e+03	2.285086096815027168e-01	1.410485027090414012e-01	2.730426591168618744e-01	1.645196458739755507e-01	7.802413002403713049e-02	3.153989265468765818e-02	8.331655993980068009e-02
1.386021166212238768e+03	2.282382130301044143e-01	1.408704525316230027e-01	2.732318851620684219e-01	1.646335126466524079e-01	7.807255611308150378e-02	3.156471271342038004e-02	8.338866780295693670e-02
1.388440051319066470e+03	2.279685862819345044e-01	1.406929093729447633e-01	2.734205502762051543e-01	1.647470504627140675e-01	7.812084936472854513e-02	3.158947156571661335e-02	8.346058267566335009e-02
1.390858936425893944e+03	2.276997272428764596e-01	1.405158717879172736e-01	2.736086560709992122e-01	1.648602603190924831e-01	7.816901014321274432e-02	3.161416938099513574e-02	8.353230505481366863e-02
1.393277821532721646e+03	2.274316337250716635e-01	1.403393383355734658e-01	2.737962041535759727e-01	1.649731432095115358e-01	7.821703881180264162e-02	3.163880632819447702e-02	8.360383543617726232e-02
1.395696706639549120e+03	2.271643035469015637e-01	1.401633075790570393e-01	2.739831961264719284e-01	1.650857001244983580e-01	7.826493573280325633e-02	3.166338257577428622e-02	8.367517431440064934e-02
1.398115591746377049e+03	2.268977345329698525e-01	1.399877780856105813e-01	2.741696335876478985e-01	1.651979320513946303e-01	7.831270126755833505e-02	3.168789829171669153e-02	8.374632218300905040e-02
1.400534476853204296e+03	2.266319245140847594e-01	1.398127484265638820e-01	2.743555181305023516e-01	1.653098399743676561e-01	7.836033577645271087e-02	3.171235364352767427e-02	8.381727953440795686e-02
1.402953361960032225e+03	2.263668713272412314e-01	1.396382171773223879e-01	2.745408513438840625e-01	1.654214248744215465e-01	7.840783961891464870e-02	3.173674879823840805e-02	8.388804685988469900e-02
1.405372247066859927e+03	2.261025728156033365e-01	1.394641829173553227e-01	2.747256348121052127e-01	1.655326877294083787e-01	7.845521315341812130e-02	3.176108392240661882e-02	8.395862464960995863e-02
1.407791132173687402e+03	2.258390268284866109e-01	1.392906442301843073e-01	2.749098701149543800e-01	1.656436295140392145e-01	7.850245673748511288e-02	3.178535918211793793e-02	8.402901339263942060e-02
1.410210017280515103e+03	2.255762312213405174e-01	1.391175997033715916e-01	2.750935588277093058e-01	1.657542511998950918e-01	7.854957072768797843e-02	3.180957474298725524e-02	8.409921357691522992e-02
1.412628902387342805e+03	2.253141838557309318e-01	1.389450479285086193e-01	2.752767025211498852e-01	1.658645537554380711e-01	7.859655547965167799e-02	3.183373077016002362e-02	8.416922568926769876e-02
1.415047787494170507e+03	2.250528825993226012e-01	1.387729875012044811e-01	2.754593027615711565e-01	1.659745381460221159e-01	7.864341134805613587e-02	3.185782742831364672e-02	8.423905021541680527e-02
1.417466672600997981e+03	2.247923253258618248e-01	1.386014170210744245e-01	2.756413611107957351e-01	1.660842053339038893e-01	7.869013868663848887e-02	3.188186488165876964e-02	8.430868763997380333e-02
1.419885557707825683e+03	2.245325099151590231e-01	1.384303350917284736e-01	2.758228791261866930e-01	1.661935562782538289e-01	7.873673784819540389e-02	3.190584329394063889e-02	8.437813844644283245e-02
1.422304442814653157e+03	2.242734342530714742e-01	1.382597403207598830e-01	2.760038583606605478e-01	1.663025919351667492e-01	7.878320918458535382e-02	3.192976282844040004e-02	8.444740311722247206e-02
1.424723327921481086e+03	2.240150962314859662e-01	1.380896313197338687e-01	2.761843003626996418e-01	1.664113132576726384e-01	7.882955304673090746e-02	3.195362364797645072e-02	8.451648213360739292e-02
1.427142213028308333e+03	2.237574937483016724e-01	1.379200067041762845e-01	2.763642066763647986e-01	1.665197211957474277e-01	7.887576978462101929e-02	3.197742591490573133e-02	8.458537597578989764e-02
1.429561098135136262e+03	2.235006247074128871e-01	1.377508650935621859e-01	2.765435788413082019e-01	1.666278166963236218e-01	7.892185974731327769e-02	3.200116979112505727e-02	8.465408512286159981e-02
1.431979983241963964e+03	2.232444870186919839e-01	1.375822051113046174e-01	2.767224183927856074e-01	1.667356007033010123e-01	7.896782328293619480e-02	3.202485543807243040e-02	8.472261005281499224e-02
1.434398868348791666e+03	2.229890785979723178e-01	1.374140253847433435e-01	2.769007268616692219e-01	1.668430741575570864e-01	7.901366073869145468e-02	3.204848301672832966e-02	8.479095124254507065e-02
1.436817753455619140e+03	2.227343973670311561e-01	1.372463245451336633e-01	2.770785057744599711e-01	1.669502379969578232e-01	7.905937246085621706e-02	3.207205268761702255e-02	8.485910916785097124e-02
1.439236638562446842e+03	2.224804412535727749e-01	1.370791012276352250e-01	2.772557566533001006e-01	1.670570931563679362e-01	7.910495879478532388e-02	3.209556461080787654e-02	8.492708430343756665e-02
1.441655523669274316e+03	2.222272081912114450e-01	1.369123540713008125e-01	2.774324810159856103e-01	1.671636405676615866e-01	7.915042008491358916e-02	3.211901894591664280e-02	8.499487712291710351e-02
1.444074408776102018e+03	2.219746961194546953e-01	1.367460817190652711e-01	2.776086803759785226e-01	1.672698811597326529e-01	7.919575667475804714e-02	3.214241585210674684e-02	8.506248809881084005e-02
1.446493293882929493e+03	2.217229029836863541e-01	1.365802828177343775e-01	2.777843562424194279e-01	1.673758158585051392e-01	7.924096890692018669e-02	3.216575548809058605e-02	8.512991770255069757e-02
1.448912178989757422e+03	2.214718267351498127e-01	1.364149560179738763e-01	2.779595101201395857e-01	1.674814455869435836e-01	7.928605712308819942e-02	3.218903801213079952e-02	8.519716640448088407e-02
1.451331064096585123e+03	2.212214653309313717e-01	1.362500999742982666e-01	2.781341435096735260e-01	1.675867712650633001e-01	7.933102166403920019e-02	3.221226358204156565e-02	8.526423467385951804e-02
1.453749949203412370e+03	2.209718167339433381e-01	1.360857133450600054e-01	2.783082579072710394e-01	1.676917938099406480e-01	7.937586286964151694e-02	3.223543235518988581e-02	8.533112297886030762e-02
1.456168834310240300e+03	2.207228789129076774e-01	1.359217947924384884e-01	2.784818548049093900e-01	1.677965141357233014e-01	7.942058107885685558e-02	3.225854448849682643e-02	8.539783178657418816e-02
1.458587719417068001e+03	2.204746498423391654e-01	1.357583429824290311e-01	2.786549356903058050e-01	1.679009331536403526e-01	7.946517662974257601e-02	3.228160013843881654e-02	8.546436156301097375e-02
1.461006604523895703e+03	2.202271275025289854e-01	1.355953565848320441e-01	2.788275020469292986e-01	1.680050517720125536e-01	7.950964985945387087e-02	3.230459946104889679e-02	8.553071277310102249e-02
1.463425489630723177e+03	2.199803098795282408e-01	1.354328342732421253e-01	2.789995553540129958e-01	1.681088708962623912e-01	7.955400110424605542e-02	3.232754261191801010e-02	8.559688588069686022e-02
1.465844374737550879e+03	2.197341949651314408e-01	1.352707747250373183e-01	2.791710970865661223e-01	1.682123914289240518e-01	7.959823069947666307e-02	3.235042974619622286e-02	8.566288134857488745e-02
1.468263259844378354e+03	2.194887807568601523e-01	1.351091766213681211e-01	2.793421287153860511e-01	1.683156142696535518e-01	7.964233897960777686e-02	3.237326101859400174e-02	8.572869963843707253e-02
1.470682144951206283e+03	2.192440652579465965e-01	1.349480386471468840e-01	2.795126517070702921e-01	1.684185403152387295e-01	7.968632627820818048e-02	3.239603658338348346e-02	8.579434121091251975e-02
1.473101030058033530e+03	2.190000464773174116e-01	1.347873594910369843e-01	2.796826675240287052e-01	1.685211704596091820e-01	7.973019292795553714e-02	3.241875659439969609e-02	8.585980652555924575e-02
1.475519915164861459e+03	2.187567224295773327e-01	1.346271378454421408e-01	2.798521776244949355e-01	1.686235055938461180e-01	7.977393926063865159e-02	3.244142120504180798e-02	8.592509604086580322e-02
1.477938800271689161e+03	2.185140911349929826e-01	1.344673724064956721e-01	2.800211834625389584e-01	1.687255466061922393e-01	7.981756560715960735e-02	3.246403056827436989e-02	8.599021021425296007e-02
1.480357685378516862e+03	2.182721506194767180e-01	1.343080618740498944e-01	2.801896864880785709e-01	1.688272943820617045e-01	7.986107229753597325e-02	3.248658483662856394e-02	8.605514950207539260e-02
1.482776570485344337e+03	2.180308989145705312e-01	1.341492049516654628e-01	2.803576881468912152e-01	1.689287498040497326e-01	7.990445966090298224e-02	3.250908416220343877e-02	8.611991435962342012e-02
