1.001418434226643626e+03	2.825391568795693198e-01	1.766588654174675033e-01	2.348933339152461386e-01	1.416115963981070813e-01	6.842276555380757963e-02	2.672651469359220433e-02	6.914776714211318120e-02
1.002869765290740247e+03	2.822844392298240468e-01	1.764910768668379315e-01	2.350744243464536753e-01	1.417201011970024571e-01	6.846761059356216983e-02	2.674874582991720526e-02	6.921360193630553270e-02
1.004321096354836754e+03	2.820301571653113237e-01	1.763235752941991474e-01	2.352551963184829342e-01	1.418284131083095423e-01	6.851238209109387911e-02	2.677094265327294512e-02	6.927933336923321195e-02
1.005772427418933376e+03	2.817763099406811467e-01	1.761563602080427060e-01	2.354356503793929578e-01	1.419365324960325525e-01	6.855708016456522891e-02	2.679310522119513274e-02	6.934496158999323145e-02
1.007223758483029997e+03	2.815228968118546615e-01	1.759894311177081783e-01	2.356157870763037621e-01	1.420444597234280237e-01	6.860170493196642016e-02	2.681523359112138530e-02	6.941048674752049730e-02
1.008675089547126618e+03	2.812699170360220546e-01	1.758227875333816526e-01	2.357956069553979184e-01	1.421521951530066441e-01	6.864625651111541660e-02	2.683732782039139828e-02	6.947590899058785074e-02
1.010126420611223239e+03	2.810173698716405544e-01	1.756564289660940692e-01	2.359751105619221634e-01	1.422597391465348637e-01	6.869073501965809736e-02	2.685938796624711203e-02	6.954122846780601275e-02
1.011577751675319632e+03	2.807652545784324327e-01	1.754903549277197494e-01	2.361542984401890088e-01	1.423670920650368099e-01	6.873514057506839581e-02	2.688141408583287831e-02	6.960644532762355619e-02
1.013029082739416367e+03	2.805135704173829514e-01	1.753245649309746745e-01	2.363331711335782126e-01	1.424742542687958691e-01	6.877947329464841053e-02	2.690340623619563026e-02	6.967155971832693362e-02
1.014480413803512761e+03	2.802623166507385299e-01	1.751590584894150704e-01	2.365117291845386105e-01	1.425812261173564355e-01	6.882373329552851637e-02	2.692536447428504204e-02	6.973657178804046342e-02
1.015931744867609382e+03	2.800114925420043033e-01	1.749938351174355755e-01	2.366899731345894764e-01	1.426880079695256875e-01	6.886792069466751709e-02	2.694728885695370918e-02	6.980148168472627423e-02
1.017383075931706003e+03	2.797610973559424563e-01	1.748288943302679643e-01	2.368679035243222708e-01	1.427946001833752809e-01	6.891203560885277024e-02	2.696917944095729089e-02	6.986628955618437442e-02
1.018834406995802851e+03	2.795111303585702256e-01	1.746642356439794541e-01	2.370455208934021119e-01	1.429010031162429861e-01	6.895607815470033986e-02	2.699103628295469737e-02	6.993099555005258261e-02
1.020285738059899245e+03	2.792615908171575123e-01	1.744998585754710951e-01	2.372228257805694129e-01	1.430072171247344925e-01	6.900004844865509357e-02	2.701285943950823554e-02	6.999559981380651386e-02
1.021737069123995752e+03	2.790124780002252169e-01	1.743357626424763551e-01	2.373998187236414648e-01	1.431132425647250461e-01	6.904394660699082753e-02	2.703464896708379292e-02	7.006010249475960738e-02
1.023188400188092373e+03	2.787637911775430188e-01	1.741719473635595095e-01	2.375765002595140174e-01	1.432190797913611702e-01	6.908777274581046068e-02	2.705640492205099029e-02	7.012450374006309883e-02
1.024639731252188767e+03	2.785155296201273778e-01	1.740084122581141146e-01	2.377528709241627791e-01	1.433247291590623862e-01	6.913152698104613192e-02	2.707812736068335169e-02	7.018880369670604802e-02
1.026091062316285615e+03	2.782676926002397577e-01	1.738451568463613983e-01	2.379289312526451650e-01	1.434301910215227682e-01	6.917520942845933885e-02	2.709981633915846400e-02	7.025300251151525566e-02
1.027542393380382237e+03	2.780202793913841841e-01	1.736821806493488995e-01	2.381046817791016290e-01	1.435354657317128024e-01	6.921882020364107657e-02	2.712147191355814002e-02	7.031710033115536052e-02
1.028993724444478858e+03	2.777732892683055232e-01	1.735194831889488309e-01	2.382801230367573853e-01	1.436405536418809692e-01	6.926235942201203200e-02	2.714309413986859196e-02	7.038109730212874227e-02
1.030445055508575479e+03	2.775267215069873727e-01	1.733570639878565800e-01	2.384552555579239619e-01	1.437454551035553807e-01	6.930582719882261156e-02	2.716468307398057364e-02	7.044499357077553536e-02
1.031896386572671872e+03	2.772805753846499521e-01	1.731949225695892658e-01	2.386300798740007834e-01	1.438501704675455295e-01	6.934922364915320492e-02	2.718623877168957134e-02	7.050878928327369843e-02
1.033347717636768493e+03	2.770348501797482155e-01	1.730330584584841014e-01	2.388045965154766137e-01	1.439547000839439539e-01	6.939254888791422660e-02	2.720776128869594954e-02	7.057248458563891713e-02
1.034799048700865114e+03	2.767895451719697419e-01	1.728714711796970338e-01	2.389788060119312496e-01	1.440590443021277367e-01	6.943580302984636576e-02	2.722925068060511045e-02	7.063607962372468740e-02
1.036250379764961508e+03	2.765446596422328485e-01	1.727101602592011897e-01	2.391527088920369637e-01	1.441632034707603927e-01	6.947898618952062788e-02	2.725070700292766407e-02	7.069957454322221835e-02
1.037701710829058356e+03	2.763001928726844802e-01	1.725491252237853490e-01	2.393263056835601144e-01	1.442671779377932839e-01	6.952209848133855674e-02	2.727213031107959124e-02	7.076296948966050160e-02
1.039153041893154750e+03	2.760561441466980459e-01	1.723883656010525567e-01	2.394995969133626723e-01	1.443709680504675352e-01	6.956514001953235937e-02	2.729352066038239627e-02	7.082626460840628357e-02
1.040604372957251599e+03	2.758125127488716410e-01	1.722278809194185134e-01	2.396725831074038304e-01	1.444745741553153939e-01	6.960811091816504481e-02	2.731487810606327699e-02	7.088946004466406547e-02
1.042055704021347992e+03	2.755692979650260499e-01	1.720676707081102430e-01	2.398452647907414748e-01	1.445779965981620341e-01	6.965101129113056289e-02	2.733620270325528082e-02	7.095255594347614492e-02
1.043507035085444613e+03	2.753264990822024139e-01	1.719077344971645105e-01	2.400176424875336834e-01	1.446812357241271385e-01	6.969384125215401238e-02	2.735749450699747135e-02	7.101555244972250491e-02
1.044958366149541234e+03	2.750841153886605106e-01	1.717480718174264342e-01	2.401897167210404471e-01	1.447842918776265086e-01	6.973660091479171041e-02	2.737875357223508443e-02	7.107844970812098040e-02
1.046409697213637855e+03	2.748421461738767557e-01	1.715886822005479595e-01	2.403614880136249743e-01	1.448871654023737576e-01	6.977929039243142839e-02	2.739997995381968435e-02	7.114124786322710559e-02
1.047861028277734476e+03	2.746005907285419823e-01	1.714295651789864428e-01	2.405329568867554113e-01	1.449898566413817813e-01	6.982190979829248911e-02	2.742117370650934069e-02	7.120394705943421110e-02
1.049312359341831097e+03	2.743594483445595533e-01	1.712707202860031530e-01	2.407041238610062861e-01	1.450923659369645624e-01	6.986445924542594721e-02	2.744233488496875678e-02	7.126654744097338234e-02
1.050763690405927491e+03	2.741187183150434192e-01	1.711121470556619117e-01	2.408749894560600346e-01	1.451946936307386693e-01	6.990693884671471403e-02	2.746346354376946394e-02	7.132904915191348727e-02
1.052215021470024112e+03	2.738783999343158970e-01	1.709538450228275386e-01	2.410455541907085553e-01	1.452968400636247825e-01	6.994934871487375194e-02	2.748455973738995681e-02	7.139145233616117636e-02
1.053666352534120733e+03	2.736384924979060052e-01	1.707958137231645190e-01	2.412158185828547075e-01	1.453988055758494158e-01	6.999168896245022697e-02	2.750562352021586679e-02	7.145375713746088264e-02
1.055117683598217127e+03	2.733989953025471320e-01	1.706380526931354502e-01	2.413857831495138662e-01	1.455005905069465533e-01	7.003395970182361985e-02	2.752665494654011127e-02	7.151596369939482167e-02
1.056569014662313975e+03	2.731599076461752595e-01	1.704805614699998195e-01	2.415554484068153929e-01	1.456021951957590654e-01	7.007616104520594802e-02	2.754765407056305668e-02	7.157807216538300543e-02
1.058020345726410369e+03	2.729212288279267429e-01	1.703233395918122284e-01	2.417248148700041899e-01	1.457036199804404852e-01	7.011829310464191833e-02	2.756862094639267458e-02	7.164008267868325619e-02
1.059471676790506763e+03	2.726829581481366449e-01	1.701663865974212819e-01	2.418938830534421991e-01	1.458048651984564237e-01	7.016035599200902417e-02	2.758955562804469783e-02	7.170199538239119263e-02
1.060923007854603611e+03	2.724450949083364049e-01	1.700097020264680625e-01	2.420626534706099564e-01	1.459059311865862074e-01	7.020234981901778137e-02	2.761045816944278711e-02	7.176381041944027150e-02
1.062374338918700232e+03	2.722076384112518954e-01	1.698532854193847141e-01	2.422311266341079794e-01	1.460068182809245163e-01	7.024427469721181150e-02	2.763132862441867663e-02	7.182552793260177371e-02
1.063825669982796853e+03	2.719705879608017018e-01	1.696971363173930547e-01	2.423993030556584050e-01	1.461075268168828822e-01	7.028613073796813326e-02	2.765216704671233719e-02	7.188714806448480432e-02
1.065277001046893474e+03	2.717339428620949571e-01	1.695412542625030217e-01	2.425671832461064326e-01	1.462080571291912712e-01	7.032791805249717643e-02	2.767297348997213233e-02	7.194867095753632036e-02
1.066728332110990095e+03	2.714977024214292323e-01	1.693856387975114786e-01	2.427347677154217953e-01	1.463084095518996375e-01	7.036963675184303157e-02	2.769374800775498136e-02	7.201009675404113075e-02
1.068179663175086489e+03	2.712618659462886495e-01	1.692302894660007717e-01	2.429020569727003698e-01	1.464085844183795060e-01	7.041128694688360279e-02	2.771449065352650162e-02	7.207142559612193800e-02
1.069630994239183110e+03	2.710264327453419941e-01	1.690752058123371204e-01	2.430690515261655082e-01	1.465085820613254708e-01	7.045286874833076030e-02	2.773520148066117852e-02	7.213265762573928264e-02
1.071082325303279504e+03	2.707914021284405504e-01	1.689203873816695900e-01	2.432357518831696486e-01	1.466084028127568051e-01	7.049438226673053476e-02	2.775588054244250771e-02	7.219379298469164041e-02
1.072533656367376352e+03	2.705567734066163244e-01	1.687658337199283431e-01	2.434021585501958129e-01	1.467080470040189877e-01	7.053582761246322830e-02	2.777652789206316170e-02	7.225483181461538063e-02
1.073984987431472746e+03	2.703225458920799906e-01	1.686115443738234465e-01	2.435682720328590234e-01	1.468075149657851741e-01	7.057720489574365041e-02	2.779714358262514590e-02	7.231577425698478001e-02
1.075436318495569594e+03	2.700887188982187270e-01	1.684575188908435106e-01	2.437340928359078840e-01	1.469068070280578064e-01	7.061851422662122901e-02	2.781772766713994094e-02	7.237662045311206438e-02
1.076887649559666215e+03	2.698552917395946049e-01	1.683037568192541911e-01	2.438996214632258575e-01	1.470059235201701398e-01	7.065975571498023244e-02	2.783828019852866917e-02	7.243737054414742249e-02
1.078338980623762609e+03	2.696222637319423132e-01	1.681502577080968841e-01	2.440648584178330416e-01	1.471048647707877965e-01	7.070092947053986665e-02	2.785880122962224731e-02	7.249802467107896442e-02
1.079790311687859230e+03	2.693896341921672710e-01	1.679970211071873665e-01	2.442298042018874182e-01	1.472036311079101267e-01	7.074203560285452497e-02	2.787929081316154259e-02	7.255858297473284646e-02
1.081241642751955851e+03	2.691574024383436292e-01	1.678440465671144355e-01	2.443944593166864354e-01	1.473022228588719840e-01	7.078307422131389914e-02	2.789974900179751152e-02	7.261904559577316010e-02
1.082692973816052472e+03	2.689255677897126051e-01	1.676913336392384379e-01	2.445588242626684228e-01	1.474006403503449747e-01	7.082404543514317363e-02	2.792017584809138031e-02	7.267941267470205691e-02
1.084144304880149093e+03	2.686941295666800955e-01	1.675388818756899934e-01	2.447228995394140905e-01	1.474988839083391789e-01	7.086494935340320600e-02	2.794057140451476628e-02	7.273968435185970693e-02
1.085595635944245487e+03	2.684630870908147893e-01	1.673866908293686617e-01	2.448866856456480556e-01	1.475969538582045382e-01	7.090578608499070734e-02	2.796093572344986178e-02	7.279986076742434031e-02
1.087046967008342108e+03	2.682324396848465020e-01	1.672347600539415835e-01	2.450501830792401747e-01	1.476948505246324095e-01	7.094655573863836717e-02	2.798126885718956597e-02	7.285994206141227503e-02
1.088498298072438729e+03	2.680021866726641222e-01	1.670830891038419530e-01	2.452133923372071256e-01	1.477925742316570368e-01	7.098725842291504773e-02	2.800157085793765141e-02	7.291992837367787528e-02
1.089949629136535123e+03	2.677723273793133352e-01	1.669316775342680192e-01	2.453763139157137674e-01	1.478901253026570772e-01	7.102789424622601988e-02	2.802184177780890281e-02	7.297981984391367638e-02
1.091400960200631971e+03	2.675428611309949578e-01	1.667805249011813373e-01	2.455389483100747783e-01	1.479875040603570169e-01	7.106846331681303253e-02	2.804208166882928357e-02	7.303961661165031538e-02
1.092852291264728365e+03	2.673137872550631067e-01	1.666296307613056860e-01	2.457012960147558767e-01	1.480847108268287526e-01	7.110896574275456239e-02	2.806229058293607109e-02	7.309931881625661432e-02
1.094303622328825213e+03	2.670851050800229221e-01	1.664789946721257630e-01	2.458633575233754032e-01	1.481817459234929801e-01	7.114940163196595280e-02	2.808246857197803023e-02	7.315892659693955247e-02
1.095754953392921607e+03	2.668568139355289026e-01	1.663286161918856310e-01	2.460251333287057640e-01	1.482786096711208035e-01	7.118977109219963573e-02	2.810261568771553822e-02	7.321844009274430798e-02
1.097206284457018228e+03	2.666289131523827405e-01	1.661784948795875516e-01	2.461866239226749020e-01	1.483753023898350398e-01	7.123007423104522895e-02	2.812273198182076162e-02	7.327785944255431339e-02
1.098657615521114849e+03	2.664014020625316004e-01	1.660286302949905701e-01	2.463478297963676567e-01	1.484718243991118292e-01	7.127031115592978583e-02	2.814281750587779157e-02	7.333718478509122785e-02
1.100108946585211470e+03	2.661742799990660102e-01	1.658790219986092385e-01	2.465087514400273183e-01	1.485681760177820221e-01	7.131048197411797573e-02	2.816287231138279654e-02	7.339641625891502041e-02
1.101560277649308091e+03	2.659475462962181402e-01	1.657296695517123108e-01	2.466693893430569606e-01	1.486643575640327064e-01	7.135058679271216731e-02	2.818289644974417488e-02	7.345555400242395616e-02
1.103011608713404712e+03	2.657212002893595271e-01	1.655805725163213282e-01	2.468297439940209392e-01	1.487603693554085671e-01	7.139062571865270601e-02	2.820288997228270408e-02	7.351459815385461005e-02
1.104462939777501106e+03	2.654952413149994639e-01	1.654317304552094248e-01	2.469898158806463351e-01	1.488562117088134407e-01	7.143059885871806680e-02	2.822285293023169342e-02	7.357354885128193633e-02
1.105914270841597499e+03	2.652696687107829465e-01	1.652831429318998846e-01	2.471496054898243422e-01	1.489518849405117584e-01	7.147050631952500677e-02	2.824278537473713310e-02	7.363240623261925466e-02
1.107365601905694348e+03	2.650444818154887860e-01	1.651348095106649205e-01	2.473091133076117665e-01	1.490473893661298788e-01	7.151034820752878718e-02	2.826268735685783656e-02	7.369117043561831948e-02
1.108816932969790741e+03	2.648196799690277214e-01	1.649867297565243141e-01	2.474683398192323580e-01	1.491427253006576414e-01	7.155012462902329839e-02	2.828255892756559656e-02	7.374984159786933391e-02
1.110268264033887590e+03	2.645952625124402546e-01	1.648389032352442218e-01	2.476272855090783653e-01	1.492378930584498109e-01	7.158983569014126802e-02	2.830240013774533783e-02	7.380841985680094974e-02
1.111719595097984211e+03	2.643712287878951517e-01	1.646913295133356214e-01	2.477859508607118955e-01	1.493328929532274918e-01	7.162948149685446908e-02	2.832221103819524896e-02	7.386690534968032296e-02
1.113170926162080832e+03	2.641475781386871113e-01	1.645440081580532843e-01	2.479443363568662739e-01	1.494277252980794612e-01	7.166906215497387267e-02	2.834199167962694887e-02	7.392529821361316922e-02
1.114622257226177226e+03	2.639243099092352662e-01	1.643969387373943603e-01	2.481024424794474881e-01	1.495223904054638064e-01	7.170857777014980061e-02	2.836174211266563258e-02	7.398359858554375001e-02
1.116073588290273847e+03	2.637014234450809624e-01	1.642501208200971008e-01	2.482602697095356858e-01	1.496168885872091181e-01	7.174802844787216138e-02	2.838146238785020301e-02	7.404180660225492816e-02
1.117524919354370468e+03	2.634789180928858165e-01	1.641035539756394157e-01	2.484178185273865913e-01	1.497112201545160171e-01	7.178741429347060277e-02	2.840115255563343405e-02	7.409992240036820943e-02
1.118976250418467089e+03	2.632567932004302169e-01	1.639572377742378739e-01	2.485750894124327814e-01	1.498053854179586530e-01	7.182673541211470614e-02	2.842081266638211978e-02	7.415794611634374256e-02
1.120427581482563710e+03	2.630350481166110477e-01	1.638111717868461770e-01	2.487320828432851572e-01	1.498993846874859814e-01	7.186599190881415300e-02	2.844044277037720628e-02	7.421587788648037476e-02
1.121878912546660331e+03	2.628136821914397458e-01	1.636653555851539654e-01	2.488887992977344699e-01	1.499932182724232343e-01	7.190518388841893316e-02	2.846004291781395815e-02	7.427371784691572110e-02
1.123330243610756725e+03	2.625926947760408581e-01	1.635197887415855422e-01	2.490452392527525705e-01	1.500868864814733084e-01	7.194431145561948349e-02	2.847961315880208344e-02	7.433146613362612287e-02
1.124781574674853118e+03	2.623720852226497091e-01	1.633744708292986236e-01	2.492014031844938804e-01	1.501803896227182078e-01	7.198337471494692386e-02	2.849915354336590018e-02	7.438912288242677251e-02
1.126232905738949967e+03	2.621518528846106810e-01	1.632294014221828682e-01	2.493572915682967517e-01	1.502737280036203771e-01	7.202237377077320979e-02	2.851866412144447166e-02	7.444668822897167193e-02
1.127684236803046360e+03	2.619319971163752148e-01	1.630845800948589608e-01	2.495129048786849379e-01	1.503669019310241439e-01	7.206130872731132675e-02	2.853814494289174872e-02	7.450416230875368806e-02
1.129135567867143209e+03	2.617125172735002558e-01	1.629400064226769751e-01	2.496682435893688989e-01	1.504599117111570517e-01	7.210017968861547055e-02	2.855759605747672930e-02	7.456154525710462222e-02
1.130586898931239830e+03	2.614934127126459784e-01	1.627956799817153466e-01	2.498233081732472438e-01	1.505527576496313580e-01	7.213898675858122778e-02	2.857701751488358685e-02	7.461883720919522400e-02
1.132038229995336451e+03	2.612746827915741199e-01	1.626516003487794848e-01	2.499780991024081467e-01	1.506454400514452840e-01	7.217773004094577005e-02	2.859640936471182990e-02	7.467603830003524679e-02
1.133489561059432845e+03	2.610563268691460936e-01	1.625077671014006075e-01	2.501326168481307066e-01	1.507379592209845409e-01	7.221640963928803447e-02	2.861577165647643736e-02	7.473314866447348936e-02
1.134940892123529466e+03	2.608383443053209905e-01	1.623641798178343254e-01	2.502868618808862800e-01	1.508303154620235509e-01	7.225502565702891788e-02	2.863510443960800775e-02	7.479016843719778207e-02
1.136392223187626087e+03	2.606207344611539689e-01	1.622208380770595870e-01	2.504408346703399513e-01	1.509225090777268630e-01	7.229357819743142954e-02	2.865440776345290486e-02	7.484709775273509780e-02
1.137843554251722708e+03	2.604034966987940347e-01	1.620777414587772358e-01	2.505945356853518935e-01	1.510145403706506517e-01	7.233206736360094091e-02	2.867368167727339309e-02	7.490393674545156588e-02
1.139294885315819101e+03	2.601866303814825421e-01	1.619348895434088997e-01	2.507479653939787001e-01	1.511064096427439385e-01	7.237049325848531056e-02	2.869292623024779360e-02	7.496068554955251373e-02
1.140746216379915950e+03	2.599701348735510842e-01	1.617922819120956590e-01	2.509011242634747729e-01	1.511981171953499237e-01	7.240885598487510622e-02	2.871214147147061954e-02	7.501734429908249457e-02
1.142197547444012343e+03	2.597540095404197169e-01	1.616499181466967694e-01	2.510540127602937654e-01	1.512896633292075410e-01	7.244715564540375741e-02	2.873132744995271839e-02	7.507391312792534299e-02
1.143648878508108737e+03	2.595382537485951269e-01	1.615077978297884687e-01	2.512066313500899151e-01	1.513810483444526234e-01	7.248539234254777752e-02	2.875048421462143150e-02	7.513039216980424428e-02
1.145100209572205586e+03	2.593228668656686886e-01	1.613659205446628386e-01	2.513589804977193753e-01	1.514722725406192627e-01	7.252356617862693033e-02	2.876961181432070511e-02	7.518678155828173448e-02
1.146551540636302207e+03	2.591078482603149102e-01	1.612242858753263341e-01	2.515110606672414928e-01	1.515633362166413367e-01	7.256167725580443817e-02	2.878871029781126731e-02	7.524308142675978361e-02
1.148002871700398828e+03	2.588931973022890465e-01	1.610828934064987006e-01	2.516628723219204722e-01	1.516542396708535911e-01	7.259972567608714844e-02	2.880777971377074601e-02	7.529929190847982345e-02
1.149454202764495449e+03	2.586789133624257109e-01	1.609417427236117804e-01	2.518144159242264313e-01	1.517449832009932220e-01	7.263771154132571406e-02	2.882682011079382850e-02	7.535541313652277529e-02
1.150905533828591842e+03	2.584649958126369884e-01	1.608008334128080696e-01	2.519656919358369551e-01	1.518355671042011246e-01	7.267563495321481548e-02	2.884583153739238640e-02	7.541144524380913317e-02
1.152356864892688463e+03	2.582514440259103816e-01	1.606601650609397192e-01	2.521167008176383173e-01	1.519259916770231145e-01	7.271349601329331336e-02	2.886481404199562825e-02	7.546738836309899168e-02
1.153808195956785084e+03	2.580382573763071452e-01	1.605197372555671742e-01	2.522674430297269232e-01	1.520162572154113989e-01	7.275129482294445671e-02	2.888376767295024183e-02	7.552324262699210145e-02
1.155259527020881706e+03	2.578254352389603432e-01	1.603795495849579533e-01	2.524179190314106980e-01	1.521063640147258811e-01	7.278903148339609108e-02	2.890269247852053289e-02	7.557900816792789689e-02
1.156710858084978327e+03	2.576129769900732391e-01	1.602396016380855381e-01	2.525681292812102519e-01	1.521963123697354370e-01	7.282670609572078346e-02	2.892158850688856045e-02	7.563468511818557949e-02
1.158162189149074720e+03	2.574008820069171866e-01	1.600998930046279578e-01	2.527180742368604904e-01	1.522861025746192476e-01	7.286431876083608594e-02	2.894045580615428256e-02	7.569027360988414554e-02
1.159613520213171569e+03	2.571891496678300193e-01	1.599604232749667065e-01	2.528677543553116691e-01	1.523757349229681590e-01	7.290186957950466062e-02	2.895929442433570200e-02	7.574577377498244168e-02
1.161064851277267962e+03	2.569777793522140530e-01	1.598211920401855224e-01	2.530171700927311140e-01	1.524652097077859036e-01	7.293935865233450166e-02	2.897810440936899462e-02	7.580118574527920650e-02
1.162516182341364356e+03	2.567667704405344753e-01	1.596821988920691937e-01	2.531663219045041657e-01	1.525545272214905435e-01	7.297678607977912957e-02	2.899688580910865857e-02	7.585650965241315380e-02
1.163967513405461204e+03	2.565561223143173475e-01	1.595434434231022547e-01	2.533152102452356225e-01	1.526436877559156635e-01	7.301415196213778547e-02	2.901563867132765651e-02	7.591174562786297264e-02
1.165418844469557826e+03	2.563458343561478836e-01	1.594049252264677641e-01	2.534638355687514055e-01	1.527326916023117043e-01	7.305145639955559766e-02	2.903436304371754054e-02	7.596689380294742444e-02
1.166870175533654447e+03	2.561359059496685631e-01	1.592666438960462227e-01	2.536121983280994474e-01	1.528215390513472938e-01	7.308869949202376204e-02	2.905305897388860831e-02	7.602195430882537075e-02
1.168321506597751068e+03	2.559263364795775764e-01	1.591285990264142969e-01	2.537602989755512461e-01	1.529102303931104689e-01	7.312588133937975021e-02	2.907172650937003139e-02	7.607692727649585651e-02
1.169772837661847461e+03	2.557171253316267157e-01	1.589907902128436246e-01	2.539081379626032531e-01	1.529987659171100356e-01	7.316300204130753160e-02	2.909036569760999405e-02	7.613181283679815170e-02
1.171224168725944082e+03	2.555082718926195984e-01	1.588532170512995667e-01	2.540557157399779831e-01	1.530871459122769007e-01	7.320006169733771217e-02	2.910897658597584592e-02	7.618661112041176520e-02
1.172675499790040703e+03	2.552997755504101129e-01	1.587158791384400969e-01	2.542030327576255133e-01	1.531753706669652104e-01	7.323706040684774266e-02	2.912755922175421647e-02	7.624132225785656969e-02
1.174126830854137097e+03	2.550916356939003093e-01	1.585787760716145245e-01	2.543500894647247046e-01	1.532634404689537932e-01	7.327399826906209890e-02	2.914611365215117461e-02	7.629594637949281555e-02
1.175578161918233945e+03	2.548838517130390113e-01	1.584419074488623569e-01	2.544968863096847556e-01	1.533513556054472982e-01	7.331087538305250395e-02	2.916463992429235708e-02	7.635048361552117246e-02
1.177029492982330339e+03	2.546764229988195960e-01	1.583052728689120781e-01	2.546434237401461465e-01	1.534391163630776100e-01	7.334769184773808071e-02	2.918313808522309677e-02	7.640493409598284047e-02
1.178480824046426733e+03	2.544693489432784950e-01	1.581688719311800384e-01	2.547897022029821934e-01	1.535267230279049877e-01	7.338444776188557395e-02	2.920160818190858584e-02	7.645929795075957769e-02
1.179932155110523581e+03	2.542626289394931960e-01	1.580327042357690670e-01	2.549357221443004362e-01	1.536141758854193962e-01	7.342114322410951688e-02	2.922005026123399365e-02	7.651357530957372810e-02
1.181383486174620202e+03	2.540562623815807997e-01	1.578967693834675279e-01	2.550814840094437486e-01	1.537014752205418389e-01	7.345777833287245318e-02	2.923846437000459514e-02	7.656776630198834643e-02
1.182834817238716823e+03	2.538502486646959100e-01	1.577610669757479600e-01	2.552269882429917258e-01	1.537886213176254679e-01	7.349435318648507576e-02	2.925685055494593387e-02	7.662187105740722592e-02
1.184286148302813444e+03	2.536445871850289135e-01	1.576255966147659948e-01	2.553722352887620173e-01	1.538756144604569998e-01	7.353086788310644883e-02	2.927520886270393655e-02	7.667588970507491219e-02
1.185737479366910065e+03	2.534392773398044807e-01	1.574903579033591350e-01	2.555172255898117140e-01	1.539624549322578251e-01	7.356732252074422995e-02	2.929353933984506220e-02	7.672982237407684203e-02
1.187188810431006686e+03	2.532343185272793451e-01	1.573553504450455887e-01	2.556619595884383478e-01	1.540491430156854524e-01	7.360371719725479489e-02	2.931184203285643053e-02	7.678366919333938501e-02
1.188640141495103080e+03	2.530297101467409160e-01	1.572205738440231038e-01	2.558064377261815014e-01	1.541356789928345350e-01	7.364005201034348747e-02	2.933011698814595725e-02	7.683743029162984350e-02
1.190091472559199701e+03	2.528254515985053352e-01	1.570860277051677467e-01	2.559506604438240296e-01	1.542220631452382584e-01	7.367632705756478606e-02	2.934836425204249283e-02	7.689110579755657759e-02
1.191542803623296322e+03	2.526215422839158675e-01	1.569517116340328478e-01	2.560946281813933356e-01	1.543082957538695899e-01	7.371254243632247016e-02	2.936658387079596477e-02	7.694469583956907444e-02
1.192994134687392716e+03	2.524179816053409575e-01	1.568176252368477519e-01	2.562383413781626484e-01	1.543943770991424713e-01	7.374869824386987016e-02	2.938477589057749903e-02	7.699820054595797603e-02
1.194445465751489564e+03	2.522147689661726200e-01	1.566837681205165700e-01	2.563818004726522437e-01	1.544803074609130411e-01	7.378479457731000613e-02	2.940294035747955878e-02	7.705162004485514859e-02
1.195896796815585958e+03	2.520119037708245524e-01	1.565501398926171517e-01	2.565250059026308316e-01	1.545660871184808827e-01	7.382083153359580985e-02	2.942107731751609015e-02	7.710495446423376587e-02
1.197348127879682352e+03	2.518093854247304697e-01	1.564167401613999753e-01	2.566679581051170000e-01	1.546517163505903014e-01	7.385680920953030526e-02	2.943918681662264017e-02	7.715820393190836457e-02
1.198799458943779200e+03	2.516072133343424944e-01	1.562835685357867599e-01	2.568106575163801031e-01	1.547371954354315182e-01	7.389272770176676108e-02	2.945726890065649556e-02	7.721136857553488608e-02
1.200250790007875821e+03	2.514053869071291025e-01	1.561506246253694941e-01	2.569531045719419260e-01	1.548225246506418906e-01	7.392858710680898227e-02	2.947532361539683537e-02	7.726444852261081520e-02
1.201702121071972442e+03	2.512039055515736252e-01	1.560179080404092145e-01	2.570952997065776846e-01	1.549077042733071063e-01	7.396438752101140712e-02	2.949335100654483163e-02	7.731744390047515236e-02
1.203153452136069063e+03	2.510027686771724720e-01	1.558854183918348957e-01	2.572372433543175241e-01	1.549927345799624878e-01	7.400012904057934326e-02	2.951135111972380543e-02	7.737035483630852473e-02
1.204604783200165684e+03	2.508019756944333545e-01	1.557531552912422845e-01	2.573789359484475736e-01	1.550776158465940746e-01	7.403581176156913413e-02	2.952932400047935529e-02	7.742318145713328326e-02
1.206056114264262078e+03	2.506015260148735102e-01	1.556211183508926510e-01	2.575203779215115008e-01	1.551623483486399835e-01	7.407143577988838101e-02	2.954726969427948907e-02	7.747592388981351663e-02
1.207507445328358699e+03	2.504014190510180926e-01	1.554893071837117891e-01	2.576615697053115661e-01	1.552469323609914909e-01	7.410700119129609575e-02	2.956518824651476612e-02	7.752858226105516226e-02
1.208958776392455093e+03	2.502016542163984503e-01	1.553577214032888509e-01	2.578025117309098446e-01	1.553313681579943650e-01	7.414250809140295051e-02	2.958307970249840491e-02	7.758115669740604792e-02
1.210410107456551941e+03	2.500022309255501285e-01	1.552263606238750981e-01	2.579432044286298353e-01	1.554156560134499765e-01	7.417795657567143042e-02	2.960094410746644256e-02	7.763364732525598888e-02
1.211861438520648335e+03	2.498031485940116203e-01	1.550952244603828467e-01	2.580836482280572941e-01	1.554997962006164636e-01	7.421334673941598625e-02	2.961878150657785286e-02	7.768605427083681569e-02
1.213312769584745183e+03	2.496044066383222293e-01	1.549643125283843015e-01	2.582238435580417324e-01	1.555837889922100647e-01	7.424867867780332586e-02	2.963659194491467808e-02	7.773837766022251294e-02
1.214764100648841804e+03	2.494060044760205430e-01	1.548336244441104459e-01	2.583637908466977495e-01	1.556676346604061734e-01	7.428395248585251132e-02	2.965437546748216080e-02	7.779061761932919150e-02
1.216215431712937971e+03	2.492079415256427399e-01	1.547031598244498762e-01	2.585034905214060874e-01	1.557513334768406699e-01	7.431916825843519481e-02	2.967213211920889313e-02	7.784277427391528281e-02
1.217666762777034819e+03	2.490102172067208686e-01	1.545729182869476914e-01	2.586429430088149628e-01	1.558348857126109210e-01	7.435432609027581297e-02	2.968986194494692074e-02	7.789484774958149726e-02
1.219118093841131440e+03	2.488128309397809879e-01	1.544428994498043828e-01	2.587821487348414551e-01	1.559182916382771955e-01	7.438942607595178114e-02	2.970756498947188171e-02	7.794683817177097684e-02
1.220569424905228061e+03	2.486157821463416961e-01	1.543131029318745850e-01	2.589211081246725610e-01	1.560015515238636075e-01	7.442446830989364603e-02	2.972524129748314869e-02	7.799874566576929513e-02
1.222020755969324682e+03	2.484190702489122993e-01	1.541835283526661604e-01	2.590598216027665268e-01	1.560846656388594766e-01	7.445945288638533555e-02	2.974289091360395390e-02	7.805057035670463772e-02
1.223472087033421303e+03	2.482226946709911175e-01	1.540541753323389218e-01	2.591982895928542363e-01	1.561676342522204386e-01	7.449437989956429751e-02	2.976051388238151046e-02	7.810231236954774670e-02
1.224923418097517697e+03	2.480266548370638757e-01	1.539250434917035226e-01	2.593365125179402098e-01	1.562504576323696104e-01	7.452924944342173563e-02	2.977811024828715472e-02	7.815397182911214269e-02
1.226374749161614318e+03	2.478309501726018993e-01	1.537961324522203743e-01	2.594744908003038808e-01	1.563331360471987841e-01	7.456406161180274828e-02	2.979568005571646763e-02	7.820554886005402773e-02
1.227826080225710712e+03	2.476355801040605042e-01	1.536674418359985361e-01	2.596122248615010952e-01	1.564156697640695093e-01	7.459881649840660600e-02	2.981322334898941009e-02	7.825704358687250728e-02
1.229277411289807560e+03	2.474405440588771932e-01	1.535389712657945216e-01	2.597497151223650547e-01	1.564980590498144530e-01	7.463351419678683485e-02	2.983074017235045131e-02	7.830845613390960414e-02
1.230728742353903954e+03	2.472458414654702119e-01	1.534107203650112994e-01	2.598869620030077598e-01	1.565803041707383159e-01	7.466815480035149388e-02	2.984823056996869367e-02	7.835978662535035555e-02
1.232180073418000802e+03	2.470514717532366344e-01	1.532826887576970720e-01	2.600239659228210654e-01	1.566624053926191362e-01	7.470273840236334173e-02	2.986569458593800117e-02	7.841103518522286875e-02
1.233631404482097196e+03	2.468574343525508086e-01	1.531548760685442767e-01	2.601607273004780674e-01	1.567443629807094563e-01	7.473726509593998923e-02	2.988313226427714159e-02	7.846220193739836257e-02
1.235082735546193817e+03	2.466637286947625796e-01	1.530272819228883641e-01	2.602972465539342695e-01	1.568261771997374043e-01	7.477173497405413538e-02	2.990054364892989411e-02	7.851328700559137563e-02
1.236534066610290438e+03	2.464703542121958191e-01	1.528999059467067712e-01	2.604335241004288037e-01	1.569078483139078883e-01	7.480614812953377546e-02	2.991792878376519499e-02	7.856429051335969693e-02
1.237985397674387059e+03	2.462773103381465101e-01	1.527727477666178391e-01	2.605695603564856522e-01	1.569893765869037339e-01	7.484050465506233984e-02	2.993528771257725554e-02	7.861521258410451851e-02
1.239436728738483680e+03	2.460845965068812480e-01	1.526458070098795639e-01	2.607053557379149233e-01	1.570707622818868221e-01	7.487480464317891604e-02	2.995262047908569397e-02	7.866605334107056036e-02
1.240888059802580301e+03	2.458922121536355199e-01	1.525190833043886807e-01	2.608409106598141292e-01	1.571520056614992000e-01	7.490904818627844297e-02	2.996992712693566721e-02	7.871681290734602876e-02
1.242339390866676695e+03	2.457001567146120391e-01	1.523925762786794424e-01	2.609762255365692396e-01	1.572331069878643017e-01	7.494323537661186363e-02	2.998720769969798541e-02	7.876749140586278286e-02
1.243790721930773088e+03	2.455084296269790800e-01	1.522662855619225653e-01	2.611113007818559040e-01	1.573140665225880030e-01	7.497736630628638876e-02	3.000446224086925420e-02	7.881808895939641790e-02
1.245242052994869937e+03	2.453170303288688958e-01	1.521402107839241180e-01	2.612461368086408386e-01	1.573948845267597596e-01	7.501144106726562177e-02	3.002169079387199263e-02	7.886860569056630688e-02
1.246693384058966330e+03	2.451259582593759700e-01	1.520143515751244678e-01	2.613807340291828818e-01	1.574755612609538280e-01	7.504545975136979463e-02	3.003889340205475808e-02	7.891904172183573929e-02
1.248144715123063179e+03	2.449352128585554622e-01	1.518887075665971698e-01	2.615150928550344367e-01	1.575560969852302651e-01	7.507942245027589279e-02	3.005607010869228851e-02	7.896939717551190729e-02
1.249596046187159800e+03	2.447447935674214592e-01	1.517632783900478566e-01	2.616492136970423599e-01	1.576364919591361491e-01	7.511332925551794659e-02	3.007322095698560308e-02	7.901967217374608610e-02
1.251047377251256421e+03	2.445546998279453654e-01	1.516380636778131286e-01	2.617830969653493489e-01	1.577167464417066067e-01	7.514718025848715621e-02	3.009034599006215130e-02	7.906986683853367559e-02
1.252498708315352815e+03	2.443649310830543764e-01	1.515130630628596098e-01	2.619167430693951082e-01	1.577968606914660621e-01	7.518097555043207203e-02	3.010744525097592411e-02	7.911998129171428362e-02
1.253950039379449436e+03	2.441754867766296466e-01	1.513882761787826992e-01	2.620501524179175701e-01	1.578768349664292081e-01	7.521471522245881669e-02	3.012451878270758915e-02	7.917001565497182314e-02
1.255401370443546057e+03	2.439863663535048466e-01	1.512637026598055712e-01	2.621833254189542828e-01	1.579566695241022278e-01	7.524839936553126551e-02	3.014156662816461218e-02	7.921997004983456769e-02
1.256852701507642678e+03	2.437975692594643307e-01	1.511393421407780102e-01	2.623162624798432430e-01	1.580363646214838214e-01	7.528202807047125467e-02	3.015858883018137857e-02	7.926984459767527635e-02
1.258304032571739299e+03	2.436090949412416662e-01	1.510151942571755224e-01	2.624489640072242280e-01	1.581159205150664548e-01	7.531560142795876156e-02	3.017558543151932851e-02	7.931963941971127696e-02
1.259755363635835920e+03	2.434209428465179959e-01	1.508912586450980864e-01	2.625814304070402394e-01	1.581953374608372487e-01	7.534911952853207140e-02	3.019255647486706814e-02	7.936935463700450777e-02
1.261206694699932314e+03	2.432331124239203168e-01	1.507675349412691268e-01	2.627136620845382797e-01	1.582746157142792542e-01	7.538258246258799922e-02	3.020950200284051174e-02	7.941899037046162846e-02
1.262658025764028707e+03	2.430456031230199543e-01	1.506440227830344314e-01	2.628456594442710181e-01	1.583537555303724809e-01	7.541599032038205641e-02	3.022642205798298579e-02	7.946854674083415893e-02
1.264109356828125556e+03	2.428584143943308404e-01	1.505207218083611798e-01	2.629774228900975119e-01	1.584327571635950338e-01	7.544934319202865891e-02	3.024331668276537127e-02	7.951802386871845152e-02
1.265560687892221949e+03	2.426715456893080713e-01	1.503976316558367221e-01	2.631089528251845944e-01	1.585116208679241134e-01	7.548264116750132147e-02	3.026018591958621121e-02	7.956742187455589921e-02
1.267012018956318798e+03	2.424849964603461028e-01	1.502747519646676355e-01	2.632402496520082624e-01	1.585903468968372365e-01	7.551588433663285194e-02	3.027702981077184941e-02	7.961674087863293559e-02
1.268463350020415419e+03	2.422987661607772514e-01	1.501520823746785582e-01	2.633713137723546205e-01	1.586689355033132354e-01	7.554907278911549007e-02	3.029384839857654846e-02	7.966598100108121527e-02
1.269914681084511813e+03	2.421128542448700016e-01	1.500296225263112182e-01	2.635021455873208795e-01	1.587473869398333959e-01	7.558220661450115729e-02	3.031064172518261116e-02	7.971514236187757230e-02
1.271366012148608434e+03	2.419272601678275625e-01	1.499073720606233229e-01	2.636327454973170781e-01	1.588257014583824567e-01	7.561528590220165102e-02	3.032740983270049151e-02	7.976422508084424212e-02
1.272817343212705055e+03	2.417419833857860911e-01	1.497853306192875877e-01	2.637631139020668036e-01	1.589038793104497194e-01	7.564831074148876955e-02	3.034415276316894741e-02	7.981322927764887554e-02
1.274268674276801676e+03	2.415570233558131663e-01	1.496634978445905151e-01	2.638932512006085807e-01	1.589819207470302420e-01	7.568128122149454795e-02	3.036087055855514472e-02	7.986215507180466355e-02
1.275720005340898297e+03	2.413723795359062063e-01	1.495418733794314781e-01	2.640231577912968142e-01	1.590598260186257273e-01	7.571419743121145240e-02	3.037756326075477867e-02	7.991100258267037904e-02
1.277171336404994690e+03	2.411880513849908592e-01	1.494204568673215827e-01	2.641528340718033441e-01	1.591375953752457717e-01	7.574705945949256058e-02	3.039423091159219187e-02	7.995977192945052936e-02
1.278622667469091539e+03	2.410040383629193650e-01	1.492992479523826688e-01	2.642822804391182223e-01	1.592152290664088088e-01	7.577986739505175595e-02	3.041087355282051305e-02	8.000846323119541192e-02
1.280073998533187932e+03	2.408203399304691406e-01	1.491782462793463104e-01	2.644114972895512117e-01	1.592927273411431921e-01	7.581262132646389429e-02	3.042749122612176463e-02	8.005707660680121129e-02
1.281525329597284326e+03	2.406369555493409196e-01	1.490574514935526229e-01	2.645404850187326740e-01	1.593700904479883329e-01	7.584532134216502575e-02	3.044408397310699108e-02	8.010561217501011022e-02
1.282976660661381175e+03	2.404538846821573650e-01	1.489368632409493465e-01	2.646692440216149578e-01	1.594473186349956717e-01	7.587796753045258913e-02	3.046065183531638035e-02	8.015407005441035904e-02
1.284427991725477568e+03	2.402711267924614313e-01	1.488164811680907085e-01	2.647977746924733422e-01	1.595244121497298162e-01	7.591055997948553680e-02	3.047719485421938185e-02	8.020245036343638667e-02
1.285879322789574417e+03	2.400886813447148382e-01	1.486963049221365352e-01	2.649260774249074246e-01	1.596013712392695127e-01	7.594309877728458447e-02	3.049371307121482091e-02	8.025075322036887004e-02
1.287330653853671038e+03	2.399065478042964050e-01	1.485763341508510027e-01	2.650541526118421198e-01	1.596781961502087566e-01	7.597558401173239162e-02	3.051020652763103413e-02	8.029897874333485897e-02
1.288781984917767431e+03	2.397247256375006075e-01	1.484565685026017212e-01	2.651820006455288259e-01	1.597548871286578187e-01	7.600801577057376968e-02	3.052667526472599077e-02	8.034712705030784552e-02
1.290233315981864052e+03	2.395432143115358015e-01	1.483370076263586801e-01	2.653096219175465897e-01	1.598314444202443563e-01	7.604039414141577913e-02	3.054311932368739685e-02	8.039519825910787509e-02
