1.001418434226643626e+03	2.825218239294206568e-01	1.766860767057888693e-01	2.348986749107403460e-01	1.416038252727020996e-01	6.841548012235351695e-02	2.672375969959277925e-02	6.915035935930582967e-02
1.003837319333471214e+03	2.820975987324392253e-01	1.764065193737314741e-01	2.352003567183023336e-01	1.417845045810978144e-01	6.849018488938322935e-02	2.676079299576544779e-02	6.926004270918457995e-02
1.006256204440298802e+03	2.816745819028463882e-01	1.761277584689864284e-01	2.355011547915031311e-01	1.419646490278878292e-01	6.856468564151503575e-02	2.679773109002954457e-02	6.936943907713578883e-02
1.008675089547126618e+03	2.812527699965653438e-01	1.758497917195024351e-01	2.358010716636705362e-01	1.421442602946552114e-01	6.863898292423528669e-02	2.683457424827497689e-02	6.947854915300034906e-02
1.011093974653954206e+03	2.808321595793027425e-01	1.755726168597581405e-01	2.361001098609022963e-01	1.423233400572216645e-01	6.871307728171213713e-02	2.687132273563659635e-02	6.958737362537056881e-02
1.013512859760782021e+03	2.804127472265225407e-01	1.752962316307414559e-01	2.363982719020867596e-01	1.425018899856700105e-01	6.878696925679694818e-02	2.690797681649638104e-02	6.969591318159007454e-02
1.015931744867609382e+03	2.799945295234200215e-01	1.750206337799294354e-01	2.366955602989231355e-01	1.426799117443666443e-01	6.886065939102577194e-02	2.694453675448554505e-02	6.980416850775358895e-02
1.018350629974437197e+03	2.795775030648960380e-01	1.747458210612678475e-01	2.369919775559422292e-01	1.428574069919836542e-01	6.893414822462086422e-02	2.698100281248668256e-02	6.991214028870681996e-02
1.020769515081264785e+03	2.791616644555308113e-01	1.744717912351511357e-01	2.372875261705265915e-01	1.430343773815211106e-01	6.900743629649221111e-02	2.701737525263589804e-02	7.001982920804640520e-02
1.023188400188092373e+03	2.787470103095580631e-01	1.741985420684023789e-01	2.375822086329310301e-01	1.432108245603290475e-01	6.908052414423908327e-02	2.705365433632492267e-02	7.012723594811967609e-02
1.025607285294920075e+03	2.783335372508389249e-01	1.739260713342533626e-01	2.378760274263028163e-01	1.433867501701294733e-01	6.915341230415163187e-02	2.708984032420323068e-02	7.023436119002469946e-02
1.028026170401747549e+03	2.779212419128361256e-01	1.736543768123251230e-01	2.381689850267019459e-01	1.435621558470381587e-01	6.922610131121252619e-02	2.712593347618015571e-02	7.034120561361009716e-02
1.030445055508575479e+03	2.775101209385879564e-01	1.733834562886079345e-01	2.384610839031212903e-01	1.437370432215864247e-01	6.929859169909859118e-02	2.716193405142698289e-02	7.044776989747494889e-02
1.032863940615402726e+03	2.771001709806823476e-01	1.731133075554420475e-01	2.387523265175066911e-01	1.439114139187426811e-01	6.937088400018245893e-02	2.719784230837906519e-02	7.055405471896883385e-02
1.035282825722230655e+03	2.766913887012308337e-01	1.728439284114981767e-01	2.390427153247770553e-01	1.440852695579341314e-01	6.944297874553434502e-02	2.723365850473790165e-02	7.066006075419166421e-02
1.037701710829058356e+03	2.762837707718426294e-01	1.725753166617582657e-01	2.393322527728443949e-01	1.442586117530680889e-01	6.951487646492371386e-02	2.726938289747322941e-02	7.076578867799372674e-02
1.040120595935886058e+03	2.758773138735989838e-01	1.723074701174962808e-01	2.396209413026337831e-01	1.444314421125533487e-01	6.958657768682101341e-02	2.730501574282510543e-02	7.087123916397555790e-02
1.042539481042713533e+03	2.754720146970268679e-01	1.720403865962590872e-01	2.399087833481031162e-01	1.446037622393214206e-01	6.965808293839957643e-02	2.734055729630598119e-02	7.097641288448799934e-02
1.044958366149541234e+03	2.750678699420734952e-01	1.717740639218474918e-01	2.401957813362630978e-01	1.447755737308476787e-01	6.972939274553724420e-02	2.737600781270277395e-02	7.108131051063217021e-02
1.047377251256368709e+03	2.746648763180803421e-01	1.715084999242974251e-01	2.404819376871970005e-01	1.449468781791724281e-01	6.980050763281836490e-02	2.741136754607893453e-02	7.118593271225946706e-02
1.049796136363196410e+03	2.742630305437571692e-01	1.712436924398609839e-01	2.407672548140803725e-01	1.451176771709217217e-01	6.987142812353554222e-02	2.744663674977650125e-02	7.129028015797160556e-02
1.052215021470024112e+03	2.738623293471565967e-01	1.709796393109879464e-01	2.410517351232007721e-01	1.452879722873283985e-01	6.994215473969152275e-02	2.748181567641815384e-02	7.139435351512057881e-02
1.054633906576851814e+03	2.734627694656480146e-01	1.707163383863069539e-01	2.413353810139772238e-01	1.454577651042526509e-01	7.001268800200109721e-02	2.751690457790926039e-02	7.149815344980878229e-02
1.057052791683679516e+03	2.730643476458920471e-01	1.704537875206072195e-01	2.416181948789800360e-01	1.456270571922027857e-01	7.008302842989300174e-02	2.755190370543991740e-02	7.160168062688902768e-02
1.059471676790506763e+03	2.726670606438147959e-01	1.701919845748199600e-01	2.419001791039501470e-01	1.457958501163557352e-01	7.015317654151186078e-02	2.758681330948698635e-02	7.170493570996458454e-02
1.061890561897334692e+03	2.722709052245823047e-01	1.699309274160000494e-01	2.421813360678186089e-01	1.459641454365775692e-01	7.022313285372015768e-02	2.762163363981613717e-02	7.180791936138930520e-02
1.064309447004162394e+03	2.718758781625748022e-01	1.696706139173078387e-01	2.424616681427260445e-01	1.461319447074438393e-01	7.029289788210012213e-02	2.765636494548384672e-02	7.191063224226772188e-02
1.066728332110990095e+03	2.714819762413611670e-01	1.694110419579910043e-01	2.427411776940419097e-01	1.462992494782597852e-01	7.036247214095582569e-02	2.769100747483943525e-02	7.201307501245510223e-02
1.069147217217817570e+03	2.710891962536734479e-01	1.691522094233663953e-01	2.430198670803839223e-01	1.464660612930806516e-01	7.043185614331512467e-02	2.772556147552708225e-02	7.211524833055761585e-02
1.071566102324645271e+03	2.706975350013813841e-01	1.688941142048020760e-01	2.432977386536372411e-01	1.466323816907316446e-01	7.050105040093168629e-02	2.776002719448782477e-02	7.221715285393241757e-02
1.073984987431472746e+03	2.703069892954669262e-01	1.686367541996993680e-01	2.435747947589735896e-01	1.467982122048280269e-01	7.057005542428700096e-02	2.779440487796156628e-02	7.231878923868786946e-02
1.076403872538300675e+03	2.699175559559987558e-01	1.683801273114750585e-01	2.438510377348704905e-01	1.469635543637949626e-01	7.063887172259250558e-02	2.782869477148906118e-02	7.242015813968358251e-02
1.078822757645127922e+03	2.695292318121070840e-01	1.681242314495435541e-01	2.441264699131302784e-01	1.471284096908873351e-01	7.070749980379159583e-02	2.786289711991392706e-02	7.252126021053069416e-02
1.081241642751955851e+03	2.691420137019581715e-01	1.678690645292992278e-01	2.444010936188991956e-01	1.472927797042095088e-01	7.077594017456174946e-02	2.789701216738460152e-02	7.262209610359202094e-02
1.083660527858783553e+03	2.687558984727291822e-01	1.676146244720988498e-01	2.446749111706863211e-01	1.474566659167349525e-01	7.084419334031658022e-02	2.793104015735635784e-02	7.272266646998219730e-02
1.086079412965611255e+03	2.683708829805829810e-01	1.673609092052439351e-01	2.449479248803825004e-01	1.476200698363258068e-01	7.091225980520800276e-02	2.796498133259324101e-02	7.282297195956796698e-02
1.088498298072438729e+03	2.679869640906428763e-01	1.671079166619633405e-01	2.452201370532791913e-01	1.477829929657522579e-01	7.098014007212831433e-02	2.799883593517006608e-02	7.292301322096837735e-02
1.090917183179266431e+03	2.676041386769674735e-01	1.668556447813958066e-01	2.454915499880874208e-01	1.479454368027119937e-01	7.104783464271237359e-02	2.803260420647436454e-02	7.302279090155500141e-02
1.093336068286093905e+03	2.672224036225257504e-01	1.666040915085726659e-01	2.457621659769562983e-01	1.481074028398494669e-01	7.111534401733969613e-02	2.806628638720835150e-02	7.312230564745217376e-02
1.095754953392921607e+03	2.668417558191719663e-01	1.663532547944005513e-01	2.460319873054919726e-01	1.482688925647750733e-01	7.118266869513668882e-02	2.809988271739086510e-02	7.322155810353729588e-02
1.098173838499749309e+03	2.664621921676206262e-01	1.661031325956441873e-01	2.463010162527761171e-01	1.484299074600842760e-01	7.124980917397878699e-02	2.813339343635933021e-02	7.332054891344111369e-02
1.100592723606577010e+03	2.660837095774217231e-01	1.658537228749092929e-01	2.465692550913846093e-01	1.485904490033765901e-01	7.131676595049266099e-02	2.816681878277168399e-02	7.341927871954795348e-02
1.103011608713404712e+03	2.657063049669356469e-01	1.656050236006254284e-01	2.468367060874060992e-01	1.487505186672745949e-01	7.138353952005838110e-02	2.820015899460832573e-02	7.351774816299609661e-02
1.105430493820231959e+03	2.653299752633085928e-01	1.653570327470290924e-01	2.471033715004604114e-01	1.489101179194427249e-01	7.145013037681166579e-02	2.823341430917403541e-02	7.361595788367802928e-02
1.107849378927059888e+03	2.649547174024477481e-01	1.651097482941467076e-01	2.473692535837171969e-01	1.490692482226060600e-01	7.151653901364611599e-02	2.826658496309989929e-02	7.371390852024081730e-02
1.110268264033887590e+03	2.645805283289966447e-01	1.648631682277778010e-01	2.476343545839140847e-01	1.492279110345690052e-01	7.158276592221538004e-02	2.829967119234523890e-02	7.381160071008641133e-02
1.112687149140715292e+03	2.642074049963102911e-01	1.646172905394780728e-01	2.478986767413751957e-01	1.493861078082338867e-01	7.164881159293548518e-02	2.833267323219951575e-02	7.390903508937207711e-02
1.115106034247542766e+03	2.638353443664309128e-01	1.643721132265427709e-01	2.481622222900293495e-01	1.495438399916195205e-01	7.171467651498698859e-02	2.836559131728423958e-02	7.400621229301067305e-02
1.117524919354370468e+03	2.634643434100633064e-01	1.641276342919899822e-01	2.484249934574283281e-01	1.497011090278795864e-01	7.178036117631733659e-02	2.839842568155487995e-02	7.410313295467110817e-02
1.119943804461197942e+03	2.630943991065500809e-01	1.638838517445438958e-01	2.486869924647650831e-01	1.498579163553209470e-01	7.184586606364305739e-02	2.843117655830275717e-02	7.419979770677866127e-02
1.122362689568025871e+03	2.627255084438478439e-01	1.636407635986182607e-01	2.489482215268918608e-01	1.500142634074220216e-01	7.191119166245205085e-02	2.846384418015693307e-02	7.429620718051548056e-02
1.124781574674853118e+03	2.623576684185022767e-01	1.633983678742999546e-01	2.492086828523382702e-01	1.501701516128509106e-01	7.197633845700592004e-02	2.849642877908610539e-02	7.439236200582095837e-02
1.127200459781681047e+03	2.619908760356240984e-01	1.631566625973324969e-01	2.494683786433294082e-01	1.503255823954835757e-01	7.204130693034223321e-02	2.852893058640048121e-02	7.448826281139214744e-02
1.129619344888508749e+03	2.616251283088648627e-01	1.629156457990995344e-01	2.497273110958036502e-01	1.504805571744217418e-01	7.210609756427679984e-02	2.856134983275365399e-02	7.458391022468426057e-02
1.132038229995336451e+03	2.612604222603926440e-01	1.626753155166085485e-01	2.499854823994308028e-01	1.506350773640109664e-01	7.217071083940600207e-02	2.859368674814448050e-02	7.467930487191108690e-02
1.134457115102163925e+03	2.608967549208679459e-01	1.624356697924747017e-01	2.502428947376297841e-01	1.507891443738584858e-01	7.223514723510915392e-02	2.862594156191894737e-02	7.477444737804553321e-02
1.136876000208991627e+03	2.605341233294197756e-01	1.621967066749044339e-01	2.504995502875865809e-01	1.509427596088509793e-01	7.229940722955074950e-02	2.865811450277202035e-02	7.486933836682001242e-02
1.139294885315819101e+03	2.601725245336214964e-01	1.619584242176793365e-01	2.507554512202720964e-01	1.510959244691722492e-01	7.236349129968282223e-02	2.869020579874950738e-02	7.496397846072705429e-02
1.141713770422646803e+03	2.598119555894669586e-01	1.617208204801400540e-01	2.510105997004596912e-01	1.512486403503209564e-01	7.242739992124729020e-02	2.872221567724991126e-02	7.505836828101974945e-02
1.144132655529474505e+03	2.594524135613465177e-01	1.614838935271701581e-01	2.512649978867429468e-01	1.514009086431281348e-01	7.249113356877828762e-02	2.875414436502627194e-02	7.515250844771229066e-02
1.146551540636302207e+03	2.590938955220233875e-01	1.612476414291801885e-01	2.515186479315533741e-01	1.515527307337746210e-01	7.255469271560446853e-02	2.878599208818800187e-02	7.524639957958055569e-02
1.148970425743129908e+03	2.587363985526097698e-01	1.610120622620916653e-01	2.517715519811778435e-01	1.517041080038085687e-01	7.261807783385146320e-02	2.881775907220271785e-02	7.534004229416257914e-02
1.151389310849957155e+03	2.583799197425431515e-01	1.607771541073211852e-01	2.520237121757762377e-01	1.518550418301626292e-01	7.268128939444414016e-02	2.884944554189807636e-02	7.543343720775920469e-02
1.153808195956785084e+03	2.580244561895627120e-01	1.605429150517645454e-01	2.522751306493989376e-01	1.520055335851713540e-01	7.274432786710899324e-02	2.888105172146360894e-02	7.552658493543461249e-02
1.156227081063612786e+03	2.576700049996856201e-01	1.603093431877808395e-01	2.525258095300040306e-01	1.521555846365882925e-01	7.280719372037651460e-02	2.891257783445250890e-02	7.561948609101692975e-02
1.158645966170440488e+03	2.573165632871836084e-01	1.600764366131769978e-01	2.527757509394750746e-01	1.523051963476031168e-01	7.286988742158359567e-02	2.894402410378347015e-02	7.571214128709884139e-02
1.161064851277267962e+03	2.569641281745597139e-01	1.598441934311917445e-01	2.530249569936380838e-01	1.524543700768586363e-01	7.293240943687587241e-02	2.897539075174249482e-02	7.580455113503821452e-02
1.163483736384095664e+03	2.566126967925245195e-01	1.596126117504801933e-01	2.532734298022789599e-01	1.526031071784677284e-01	7.299476023121008461e-02	2.900667799998468341e-02	7.589671624495866742e-02
1.165902621490923138e+03	2.562622662799730056e-01	1.593816896850979714e-01	2.535211714691606444e-01	1.527514090020303250e-01	7.305694026835649058e-02	2.903788606953603899e-02	7.598863722575031898e-02
1.168321506597751068e+03	2.559128337839612910e-01	1.591514253544860369e-01	2.537681840920404386e-01	1.528992768926500656e-01	7.311895001090125412e-02	2.906901518079526084e-02	7.608031468507037154e-02
1.170740391704578315e+03	2.555643964596835405e-01	1.589218168834547473e-01	2.540144697626871007e-01	1.530467121909512285e-01	7.318078992024884544e-02	2.910006555353553473e-02	7.617174922934374925e-02
1.173159276811406244e+03	2.552169514704483722e-01	1.586928624021687606e-01	2.542600305668978877e-01	1.531937162330951618e-01	7.324246045662438642e-02	2.913103740690631271e-02	7.626294146376388916e-02
1.175578161918233945e+03	2.548704959876562093e-01	1.584645600461314363e-01	2.545048685845154868e-01	1.533402903507970760e-01	7.330396207907613482e-02	2.916193095943507910e-02	7.635389199229332402e-02
1.177997047025061647e+03	2.545250271907762984e-01	1.582369079561695424e-01	2.547489858894451675e-01	1.534864358713423638e-01	7.336529524547778791e-02	2.919274642902915454e-02	7.644460141766447336e-02
1.180415932131889122e+03	2.541805422673232284e-01	1.580099042784179064e-01	2.549923845496717134e-01	1.536321541176032812e-01	7.342646041253096667e-02	2.922348403297742730e-02	7.653507034138025411e-02
1.182834817238716823e+03	2.538370384128346147e-01	1.577835471643041776e-01	2.552350666272761859e-01	1.537774464080551573e-01	7.348745803576758884e-02	2.925414398795214005e-02	7.662529936371496875e-02
1.185253702345544298e+03	2.534945128308478401e-01	1.575578347705335613e-01	2.554770341784529109e-01	1.539223140567927972e-01	7.354828856955226979e-02	2.928472651001063146e-02	7.671528908371487432e-02
1.187672587452371999e+03	2.531529627328775733e-01	1.573327652590737480e-01	2.557182892535261320e-01	1.540667583735465807e-01	7.360895246708475115e-02	2.931523181459710220e-02	7.680504009919904285e-02
1.190091472559199701e+03	2.528123853383927866e-01	1.571083367971396472e-01	2.559588338969669419e-01	1.542107806636987544e-01	7.366945018040231552e-02	2.934566011654435660e-02	7.689455300676009686e-02
1.192510357666027403e+03	2.524727778747942741e-01	1.568845475571785386e-01	2.561986701474097683e-01	1.543543822282994749e-01	7.372978216038218735e-02	2.937601163007554084e-02	7.698382840176500042e-02
1.194929242772855105e+03	2.521341375773921145e-01	1.566613957168547511e-01	2.564378000376693612e-01	1.544975643640828511e-01	7.378994885674398929e-02	2.940628656880588804e-02	7.707286687835585015e-02
1.197348127879682352e+03	2.517964616893828556e-01	1.564388794590349241e-01	2.566762255947568350e-01	1.546403283634829318e-01	7.384995071805210143e-02	2.943648514574443917e-02	7.716166902945063855e-02
1.199767012986510281e+03	2.514597474618273099e-01	1.562169969717729368e-01	2.569139488398968774e-01	1.547826755146495814e-01	7.390978819171814540e-02	2.946660757329578814e-02	7.725023544674410048e-02
1.202185898093337983e+03	2.511239921536280173e-01	1.559957464482950307e-01	2.571509717885437918e-01	1.549246071014641901e-01	7.396946172400335751e-02	2.949665406326179226e-02	7.733856672070853200e-02
1.204604783200165684e+03	2.507891930315069851e-01	1.557751260869850163e-01	2.573872964503980953e-01	1.550661244035556052e-01	7.402897176002105895e-02	2.952662482684328960e-02	7.742666344059463690e-02
1.207023668306993159e+03	2.504553473699833166e-01	1.555551340913694236e-01	2.576229248294231167e-01	1.552072286963157022e-01	7.408831874373905668e-02	2.955652007464182329e-02	7.751452619443234549e-02
1.209442553413820860e+03	2.501224524513509517e-01	1.553357686701027640e-01	2.578578589238609831e-01	1.553479212509150664e-01	7.414750311798205817e-02	2.958634001666132426e-02	7.760215556903168888e-02
1.211861438520648335e+03	2.497905055656566009e-01	1.551170280369528198e-01	2.580921007262492739e-01	1.554882033343185088e-01	7.420652532443415550e-02	2.961608486230984591e-02	7.768955214998367331e-02
1.214280323627476264e+03	2.494595040106776518e-01	1.548989104107859338e-01	2.583256522234371744e-01	1.556280762093005254e-01	7.426538580364114295e-02	2.964575482040124332e-02	7.777671652166114058e-02
1.216699208734303511e+03	2.491294450919000758e-01	1.546814140155524375e-01	2.585585153966017402e-01	1.557675411344608685e-01	7.432408499501307053e-02	2.967535009915686986e-02	7.786364926721972557e-02
1.219118093841131440e+03	2.488003261224963902e-01	1.544645370802720796e-01	2.587906922212640515e-01	1.559065993642396730e-01	7.438262333682664484e-02	2.970487090620727022e-02	7.795035096859866119e-02
1.221536978947959142e+03	2.484721444233037868e-01	1.542482778390194820e-01	2.590221846673054218e-01	1.560452521489329170e-01	7.444100126622757441e-02	2.973431744859385620e-02	7.803682220652177759e-02
1.223955864054786844e+03	2.481448973228022881e-01	1.540326345309095402e-01	2.592529946989833300e-01	1.561835007347076310e-01	7.449921921923310930e-02	2.976368993277059283e-02	7.812306356049837641e-02
1.226374749161614318e+03	2.478185821570929870e-01	1.538176054000831294e-01	2.594831242749475186e-01	1.563213463636169975e-01	7.455727763073441428e-02	2.979298856460566719e-02	7.820907560882417453e-02
1.228793634268442020e+03	2.474931962698762034e-01	1.536031886956926162e-01	2.597125753482562582e-01	1.564587902736154501e-01	7.461517693449901123e-02	2.982221354938316762e-02	7.829485892858228935e-02
1.231212519375269494e+03	2.471687370124298622e-01	1.533893826718874254e-01	2.599413498663918354e-01	1.565958336985737720e-01	7.467291756317324947e-02	2.985136509180473172e-02	7.838041409564415474e-02
1.233631404482097196e+03	2.468452017435878720e-01	1.531761855877999678e-01	2.601694497712768173e-01	1.567324778682940289e-01	7.473049994828465104e-02	2.988044339599122551e-02	7.846574168467049248e-02
1.236050289588924898e+03	2.465225878297185591e-01	1.529635957075310693e-01	2.603968769992898169e-01	1.568687240085244461e-01	7.478792452024443649e-02	2.990944866548438108e-02	7.855084226911229761e-02
1.238469174695752372e+03	2.462008926447032120e-01	1.527516113001359255e-01	2.606236334812812028e-01	1.570045733409743682e-01	7.484519170834992574e-02	2.993838110324845841e-02	7.863571642121189309e-02
1.240888059802580301e+03	2.458801135699145435e-01	1.525402306396098084e-01	2.608497211425891971e-01	1.571400270833288315e-01	7.490230194078691117e-02	2.996724091167188991e-02	7.872036471200379026e-02
1.243306944909407548e+03	2.455602479941954852e-01	1.523294520048739664e-01	2.610751419030551412e-01	1.572750864492635237e-01	7.495925564463215562e-02	2.999602829256891798e-02	7.880478771131581295e-02
1.245725830016235477e+03	2.452412933138376494e-01	1.521192736797614686e-01	2.612998976770395387e-01	1.574097526484592169e-01	7.501605324585583490e-02	3.002474344718122218e-02	7.888898598777011051e-02
1.248144715123063179e+03	2.449232469325602346e-01	1.519096939530032164e-01	2.615239903734374871e-01	1.575440268866165616e-01	7.507269516932391085e-02	3.005338657617957765e-02	7.897296010878412931e-02
1.250563600229890881e+03	2.446061062614887927e-01	1.517007111182138157e-01	2.617474218956943322e-01	1.576779103654704639e-01	7.512918183880057388e-02	3.008195787966545798e-02	7.905671064057168129e-02
1.252982485336718355e+03	2.442898687191340235e-01	1.514923234738776436e-01	2.619701941418213220e-01	1.578114042828046570e-01	7.518551367695071319e-02	3.011045755717266584e-02	7.914023814814404034e-02
1.255401370443546057e+03	2.439745317313707917e-01	1.512845293233349431e-01	2.621923090044110949e-01	1.579445098324661068e-01	7.524169110534231764e-02	3.013888580766894976e-02	7.922354319531091371e-02
1.257820255550373531e+03	2.436600927314169773e-01	1.510773269747678338e-01	2.624137683706528890e-01	1.580772282043792498e-01	7.529771454444889045e-02	3.016724282955761394e-02	7.930662634468160777e-02
1.260239140657201460e+03	2.433465491598127417e-01	1.508707147411865457e-01	2.626345741223481967e-01	1.582095605845605102e-01	7.535358441365190563e-02	3.019552882067914543e-02	7.938948815766602718e-02
1.262658025764028707e+03	2.430338984643993505e-01	1.506646909404154855e-01	2.628547281359261967e-01	1.583415081551322878e-01	7.540930113124316714e-02	3.022374397831278231e-02	7.947212919447579904e-02
1.265076910870856636e+03	2.427221381002985512e-01	1.504592538950795255e-01	2.630742322824588530e-01	1.584730720943372806e-01	7.546486511442733469e-02	3.025188849917815129e-02	7.955455001412541083e-02
1.267495795977684338e+03	2.424112655298916452e-01	1.502544019325902369e-01	2.632930884276763472e-01	1.586042535765525285e-01	7.552027677932426908e-02	3.027996257943683586e-02	7.963675117443326512e-02
1.269914681084511813e+03	2.421012782227988380e-01	1.500501333851322894e-01	2.635112984319821772e-01	1.587350537723035415e-01	7.557553654097147466e-02	3.030796641469397923e-02	7.971873323202281758e-02
1.272333566191339514e+03	2.417921736558585610e-01	1.498464465896495734e-01	2.637288641504687003e-01	1.588654738482782047e-01	7.563064481332652800e-02	3.033590019999986287e-02	7.980049674232368717e-02
1.274752451298167216e+03	2.414839493131068771e-01	1.496433398878317667e-01	2.639457874329317888e-01	1.589955149673407953e-01	7.568560200926946480e-02	3.036376412985150250e-02	7.988204225957286353e-02
1.277171336404994690e+03	2.411766026857568579e-01	1.494408116261007335e-01	2.641620701238864832e-01	1.591251782885458044e-01	7.574040854060525019e-02	3.039155839819419891e-02	7.996337033681573392e-02
1.279590221511822392e+03	2.408701312721782117e-01	1.492388601555969252e-01	2.643777140625814814e-01	1.592544649671518431e-01	7.579506481806615181e-02	3.041928319842313391e-02	8.004448152590735999e-02
1.282009106618650094e+03	2.405645325778766885e-01	1.490374838321658346e-01	2.645927210830146259e-01	1.593833761546352423e-01	7.584957125131416844e-02	3.044693872338493160e-02	8.012537637751356023e-02
1.284427991725477568e+03	2.402598041154738739e-01	1.488366810163446741e-01	2.648070930139477808e-01	1.595119129987039863e-01	7.590392824894343082e-02	3.047452516537921263e-02	8.020605544111214513e-02
1.286846876832305497e+03	2.399559434046867890e-01	1.486364500733488025e-01	2.650208316789216534e-01	1.596400766433111462e-01	7.595813621848263031e-02	3.050204271616016247e-02	8.028651926499404123e-02
1.289265761939132744e+03	2.396529479723075728e-01	1.484367893730584587e-01	2.652339388962706157e-01	1.597678682286686469e-01	7.601219556639743358e-02	3.052949156693808216e-02	8.036676839626448465e-02
1.291684647045960673e+03	2.393508153521833881e-01	1.482376972900053269e-01	2.654464164791378034e-01	1.598952888912606451e-01	7.606610669809285574e-02	3.055687190838093925e-02	8.044680338084432558e-02
1.294103532152788375e+03	2.390495430851962144e-01	1.480391722033592983e-01	2.656582662354898816e-01	1.600223397638571576e-01	7.611987001791567509e-02	3.058418393061591509e-02	8.052662476347111076e-02
1.296522417259616077e+03	2.387491287192428369e-01	1.478412124969152031e-01	2.658694899681316448e-01	1.601490219755274114e-01	7.617348592915687555e-02	3.061142782323093836e-02	8.060623308770033246e-02
1.298941302366443551e+03	2.384495698092146676e-01	1.476438165590794882e-01	2.660800894747208378e-01	1.602753366516532774e-01	7.622695483405397820e-02	3.063860377527622900e-02	8.068562889590671916e-02
1.301360187473271253e+03	2.381508639169778729e-01	1.474469827828571444e-01	2.662900665477830331e-01	1.604012849139424268e-01	7.628027713379352537e-02	3.066571197526583165e-02	8.076481272928540123e-02
1.303779072580098727e+03	2.378530086113535558e-01	1.472507095658384113e-01	2.664994229747258414e-01	1.605268678804417648e-01	7.633345322851338433e-02	3.069275261117913531e-02	8.084378512785315996e-02
1.306197957686926657e+03	2.375560014680976051e-01	1.470549953101858154e-01	2.667081605378539000e-01	1.606520866655505586e-01	7.638648351730523145e-02	3.071972587046240336e-02	8.092254663044973206e-02
1.308616842793753904e+03	2.372598400698811560e-01	1.468598384226210696e-01	2.669162810143832498e-01	1.607769423800335939e-01	7.643936839821686979e-02	3.074663194003029662e-02	8.100109777473900319e-02
1.311035727900581833e+03	2.369645220062707169e-01	1.466652373144118615e-01	2.671237861764559907e-01	1.609014361310342756e-01	7.649210826825464382e-02	3.077347100626737220e-02	8.107943909721034015e-02
1.313454613007409534e+03	2.366700448737085460e-01	1.464711904013591415e-01	2.673306777911545473e-01	1.610255690220877556e-01	7.654470352338586803e-02	3.080024325502961347e-02	8.115757113317979832e-02
1.315873498114237009e+03	2.363764062754929174e-01	1.462776961037837997e-01	2.675369576205162692e-01	1.611493421531337289e-01	7.659715455854114452e-02	3.082694887164592196e-02	8.123549441679145389e-02
1.318292383221064711e+03	2.360836038217587196e-01	1.460847528465140932e-01	2.677426274215477520e-01	1.612727566205295338e-01	7.664946176761680552e-02	3.085358804091962309e-02	8.131320948101866675e-02
1.320711268327892412e+03	2.357916351294577217e-01	1.458923590588725450e-01	2.679476889462392708e-01	1.613958135170629749e-01	7.670162554347725870e-02	3.088016094712997192e-02	8.139071685766542663e-02
1.323130153434719887e+03	2.355004978223392276e-01	1.457005131746631765e-01	2.681521439415789909e-01	1.615185139319651186e-01	7.675364627795736028e-02	3.090666777403363805e-02	8.146801707736761600e-02
1.325549038541547588e+03	2.352101895309306190e-01	1.455092136321585738e-01	2.683559941495673451e-01	1.616408589509231997e-01	7.680552436186481591e-02	3.093310870486619749e-02	8.154511066959432841e-02
1.327967923648375290e+03	2.349207078925179826e-01	1.453184588740873417e-01	2.685592413072311890e-01	1.617628496560932216e-01	7.685726018498253986e-02	3.095948392234360372e-02	8.162199816264920083e-02
1.330386808755202765e+03	2.346320505511269028e-01	1.451282473476211143e-01	2.687618871466379011e-01	1.618844871261126139e-01	7.690885413607102816e-02	3.098579360866370036e-02	8.169868008367173196e-02
1.332805693862030694e+03	2.343442151575031718e-01	1.449385775043620095e-01	2.689639333949098154e-01	1.620057724361129714e-01	7.696030660287073166e-02	3.101203794550766099e-02	8.177515695863868395e-02
1.335224578968857941e+03	2.340571993690934438e-01	1.447494478003298335e-01	2.691653817742379329e-01	1.621267066577325444e-01	7.701161797210441529e-02	3.103821711404149489e-02	8.185142931236533137e-02
1.337643464075685870e+03	2.337710008500263059e-01	1.445608566959495911e-01	2.693662340018964652e-01	1.622472908591287566e-01	7.706278862947950337e-02	3.106433129491748338e-02	8.192749766850686288e-02
1.340062349182513572e+03	2.334856172710930988e-01	1.443728026560388289e-01	2.695664917902564350e-01	1.623675261049906671e-01	7.711381895969045275e-02	3.109038066827566477e-02	8.200336254955974125e-02
1.342481234289341273e+03	2.332010463097289321e-01	1.441852841497950899e-01	2.697661568467998316e-01	1.624874134565514605e-01	7.716470934642113977e-02	3.111636541374529150e-02	8.207902447686304948e-02
1.344900119396168748e+03	2.329172856499936717e-01	1.439982996507833124e-01	2.699652308741337103e-01	1.626069539716007151e-01	7.721546017234715009e-02	3.114228571044627344e-02	8.215448397059990637e-02
1.347319004502996449e+03	2.326343329825530104e-01	1.438118476369234788e-01	2.701637155700038484e-01	1.627261487044968369e-01	7.726607181913819344e-02	3.116814173699064550e-02	8.222974154979879879e-02
1.349737889609823924e+03	2.323521860046596221e-01	1.436259265904780424e-01	2.703616126273086784e-01	1.628449987061791060e-01	7.731654466746039345e-02	3.119393367148400736e-02	8.230479773233499718e-02
1.352156774716651853e+03	2.320708424201343989e-01	1.434405349980395206e-01	2.705589237341131659e-01	1.629635050241801664e-01	7.736687909697870236e-02	3.121966169152695300e-02	8.237965303493191560e-02
1.354575659823479100e+03	2.317902999393475216e-01	1.432556713505183099e-01	2.707556505736627428e-01	1.630816687026379885e-01	7.741707548635916314e-02	3.124532597421653818e-02	8.245430797316258276e-02
1.356994544930307029e+03	2.315105562791999472e-01	1.430713341431300578e-01	2.709517948243967966e-01	1.631994907823080820e-01	7.746713421327131033e-02	3.127092669614769255e-02	8.252876306145098817e-02
1.359413430037134731e+03	2.312316091631046733e-01	1.428875218753835608e-01	2.711473581599624927e-01	1.633169723005755136e-01	7.751705565439048762e-02	3.129646403341466293e-02	8.260301881307349769e-02
1.361832315143962205e+03	2.309534563209681979e-01	1.427042330510684132e-01	2.713423422492283743e-01	1.634341142914669809e-01	7.756684018540015157e-02	3.132193816161241845e-02	8.267707574016032457e-02
1.364251200250789907e+03	2.306760954891718673e-01	1.425214661782427672e-01	2.715367487562982407e-01	1.635509177856627194e-01	7.761648818099425862e-02	3.134734925583809034e-02	8.275093435369690331e-02
1.366670085357617609e+03	2.303995244105533913e-01	1.423392197692211758e-01	2.717305793405244141e-01	1.636673838105085210e-01	7.766600001487954097e-02	3.137269749069242220e-02	8.282459516352534690e-02
1.369088970464445310e+03	2.301237408343885515e-01	1.421574923405624080e-01	2.719238356565215620e-01	1.637835133900274465e-01	7.771537605977785201e-02	3.139798304028109527e-02	8.289805867834590392e-02
1.371507855571272785e+03	2.298487425163726616e-01	1.419762824130572088e-01	2.721165193541800753e-01	1.638993075449317882e-01	7.776461668742848388e-02	3.142320607821624812e-02	8.297132540571836024e-02
1.373926740678100487e+03	2.295745272186022479e-01	1.417955885117164472e-01	2.723086320786794468e-01	1.640147672926347833e-01	7.781372226859051278e-02	3.144836677761779498e-02	8.304439585206353780e-02
1.376345625784927961e+03	2.293010927095568974e-01	1.416154091657588210e-01	2.725001754705020374e-01	1.641298936472623538e-01	7.786269317304503335e-02	3.147346531111487600e-02	8.311727052266472404e-02
1.378764510891755890e+03	2.290284367640808838e-01	1.414357429085988938e-01	2.726911511654461218e-01	1.642446876196648475e-01	7.791152976959757337e-02	3.149850185084723808e-02	8.318994992166914293e-02
1.381183395998583137e+03	2.287565571633650430e-01	1.412565882778352155e-01	2.728815607946394883e-01	1.643591502174285568e-01	7.796023242608030035e-02	3.152347656846663654e-02	8.326243455208943989e-02
1.383602281105411066e+03	2.284854516949286485e-01	1.410779438152382770e-01	2.730714059845525954e-01	1.644732824448874031e-01	7.800880150935440849e-02	3.154838963513821593e-02	8.333472491580515285e-02
1.386021166212238768e+03	2.282151181526013151e-01	1.408998080667384911e-01	2.732606883570120604e-01	1.645870853031343728e-01	7.805723738531239464e-02	3.157324122154189783e-02	8.340682151356416940e-02
1.388440051319066470e+03	2.279455543365050130e-01	1.407221795824144528e-01	2.734494095292136495e-01	1.647005597900332019e-01	7.810554041888030652e-02	3.159803149787377557e-02	8.347872484498423951e-02
1.390858936425893944e+03	2.276767580530361101e-01	1.405450569164810870e-01	2.736375711137357669e-01	1.648137069002296173e-01	7.815371097402011580e-02	3.162276063384749508e-02	8.355043540855448814e-02
1.393277821532721646e+03	2.274087271148473588e-01	1.403684386272776585e-01	2.738251747185523888e-01	1.649265276251628554e-01	7.820174941373195243e-02	3.164742879869560099e-02	8.362195370163687247e-02
1.395696706639549120e+03	2.271414593408301319e-01	1.401923232772561978e-01	2.740122219470463860e-01	1.650390229530769581e-01	7.824965610005642225e-02	3.167203616117093834e-02	8.369328022046769455e-02
1.398115591746377049e+03	2.268749525560965208e-01	1.400167094329695938e-01	2.741987143980224584e-01	1.651511938690321257e-01	7.829743139407685515e-02	3.169658288954799175e-02	8.376441546015915562e-02
1.400534476853204296e+03	2.266092045919617104e-01	1.398415956650599923e-01	2.743846536657202906e-01	1.652630413549159571e-01	7.834507565592166434e-02	3.172106915162427321e-02	8.383535991470084103e-02
1.402953361960032225e+03	2.263442132859260769e-01	1.396669805482469717e-01	2.745700413398275419e-01	1.653745663894547469e-01	7.839258924476651125e-02	3.174549511472167518e-02	8.390611407696121904e-02
1.405372247066859927e+03	2.260799764816576463e-01	1.394928626613159972e-01	2.747548790054929468e-01	1.654857699482245037e-01	7.843997251883666477e-02	3.176986094568780283e-02	8.397667843868919513e-02
1.407791132173687402e+03	2.258164920289744138e-01	1.393192405871068185e-01	2.749391682433390272e-01	1.655966530036622197e-01	7.848722583540923559e-02	3.179416681089734797e-02	8.404705349051566632e-02
1.410210017280515103e+03	2.255537577838268304e-01	1.391461129125017848e-01	2.751229106294752480e-01	1.657072165250768891e-01	7.853434955081546598e-02	3.181841287625345599e-02	8.411723972195501997e-02
1.412628902387342805e+03	2.252917716082802613e-01	1.389734782284143544e-01	2.753061077355107855e-01	1.658174614786606105e-01	7.858134402044296418e-02	3.184259930718901649e-02	8.418723762140667422e-02
1.415047787494170507e+03	2.250305313704975829e-01	1.388013351297776310e-01	2.754887611285672389e-01	1.659273888274995223e-01	7.862820959873799420e-02	3.186672626866803720e-02	8.425704767615664614e-02
1.417466672600997981e+03	2.247700349447216694e-01	1.386296822155327346e-01	2.756708723712916753e-01	1.660369995315847114e-01	7.867494663920769626e-02	3.189079392518699013e-02	8.432667037237912000e-02
1.419885557707825683e+03	2.245102802112581009e-01	1.384585180886174494e-01	2.758524430218692869e-01	1.661462945478232867e-01	7.872155549442237665e-02	3.191480244077610218e-02	8.439610619513794598e-02
1.422304442814653157e+03	2.242512650564578436e-01	1.382878413559548159e-01	2.760334746340361023e-01	1.662552748300490657e-01	7.876803651601772815e-02	3.193875197900072210e-02	8.446535562838827782e-02
1.424723327921481086e+03	2.239929873726999032e-01	1.381176506284416683e-01	2.762139687570915880e-01	1.663639413290335378e-01	7.881439005469710601e-02	3.196264270296263893e-02	8.453441915497807158e-02
1.427142213028308333e+03	2.237354450583742271e-01	1.379479445209373933e-01	2.763939269359116380e-01	1.664722949924964945e-01	7.886061646023373450e-02	3.198647477530137256e-02	8.460329725664970935e-02
1.429561098135136262e+03	2.234786360178644404e-01	1.377787216522524949e-01	2.765733507109606748e-01	1.665803367651169098e-01	7.890671608147295513e-02	3.201024835819553382e-02	8.467199041404153970e-02
1.431979983241963964e+03	2.232225581615308874e-01	1.376099806451373253e-01	2.767522416183046952e-01	1.666880675885435981e-01	7.895268926633448869e-02	3.203396361336410814e-02	8.474049910668947361e-02
1.434398868348791666e+03	2.229672094056932841e-01	1.374417201262708998e-01	2.769306011896236486e-01	1.667954884014057892e-01	7.899853636181461414e-02	3.205762070206777392e-02	8.480882381302858042e-02
1.436817753455619140e+03	2.227125876726140374e-01	1.372739387262496280e-01	2.771084309522238720e-01	1.669026001393238146e-01	7.904425771398845835e-02	3.208121978511020017e-02	8.487696501039465602e-02
1.439236638562446842e+03	2.224586908904809812e-01	1.371066350795760724e-01	2.772857324290506353e-01	1.670094037349196536e-01	7.908985366801217498e-02	3.210476102283937178e-02	8.494492317502580492e-02
1.441655523669274316e+03	2.222055169933906116e-01	1.369398078246478190e-01	2.774625071387005759e-01	1.671159001178274539e-01	7.913532456812517879e-02	3.212824457514884546e-02	8.501269878206410557e-02
1.444074408776102018e+03	2.219530639213312118e-01	1.367734556037464855e-01	2.776387565954342440e-01	1.672220902147040222e-01	7.918067075765236607e-02	3.215167060147910982e-02	8.508029230555715083e-02
1.446493293882929493e+03	2.217013296201659767e-01	1.366075770630264252e-01	2.778144823091883153e-01	1.673279749492392054e-01	7.922589257900630733e-02	3.217503926081879267e-02	8.514770421845965775e-02
1.448912178989757422e+03	2.214503120416162207e-01	1.364421708525036803e-01	2.779896857855876924e-01	1.674335552421664375e-01	7.927099037368948165e-02	3.219835071170602109e-02	8.521493499263510518e-02
1.451331064096585123e+03	2.212000091432447524e-01	1.362772356260451567e-01	2.781643685259583831e-01	1.675388320112728702e-01	7.931596448229645546e-02	3.222160511222965651e-02	8.528198509885734357e-02
1.453749949203412370e+03	2.209504188884391096e-01	1.361127700413573005e-01	2.783385320273393249e-01	1.676438061714099759e-01	7.936081524451610303e-02	3.224480262003061315e-02	8.534885500681220483e-02
1.456168834310240300e+03	2.207015392463948511e-01	1.359487727599754114e-01	2.785121777824947076e-01	1.677484786345035395e-01	7.940554299913381298e-02	3.226794339230310005e-02	8.541554518509913985e-02
1.458587719417068001e+03	2.204533681920992083e-01	1.357852424472526243e-01	2.786853072799262421e-01	1.678528503095640945e-01	7.945014808403365325e-02	3.229102758579590476e-02	8.548205610123281450e-02
1.461006604523895703e+03	2.202059037063142655e-01	1.356221777723488897e-01	2.788579220038853168e-01	1.679569221026970538e-01	7.949463083620057768e-02	3.231405535681369096e-02	8.554838822164480272e-02
1.463425489630723177e+03	2.199591437755606393e-01	1.354595774082202331e-01	2.790300234343848773e-01	1.680606949171128128e-01	7.953899159172263256e-02	3.233702686121819880e-02	8.561454201168515465e-02
1.465844374737550879e+03	2.197130863921010480e-01	1.352974400316079018e-01	2.792016130472119717e-01	1.681641696531369634e-01	7.958323068579307991e-02	3.235994225442957728e-02	8.568051793562404816e-02
1.468263259844378354e+03	2.194677295539238515e-01	1.351357643230273742e-01	2.793726923139394636e-01	1.682673472082202859e-01	7.962734845271260409e-02	3.238280169142760540e-02	8.574631645665348190e-02
1.470682144951206283e+03	2.192230712647266766e-01	1.349745489667578680e-01	2.795432627019380223e-01	1.683702284769488522e-01	7.967134522589154610e-02	3.240560532675292732e-02	8.581193803688884347e-02
1.473101030058033530e+03	2.189791095339001514e-01	1.348137926508313489e-01	2.797133256743883911e-01	1.684728143510539067e-01	7.971522133785199915e-02	3.242835331450835690e-02	8.587738313737064422e-02
1.475519915164861459e+03	2.187358423765116966e-01	1.346534940670219005e-01	2.798828826902930444e-01	1.685751057194219693e-01	7.975897712022998742e-02	3.245104580836007807e-02	8.594265221806610122e-02
1.477938800271689161e+03	2.184932678132892880e-01	1.344936519108350659e-01	2.800519352044883448e-01	1.686771034681046888e-01	7.980261290377764494e-02	3.247368296153890777e-02	8.600774573787083044e-02
1.480357685378516862e+03	2.182513838706051923e-01	1.343342648814971341e-01	2.802204846676562555e-01	1.687788084803287236e-01	7.984612901836539434e-02	3.249626492684154488e-02	8.607266415461051201e-02
1.482776570485344337e+03	2.180101885804599793e-01	1.341753316819445374e-01	2.803885325263363870e-01	1.688802216365055120e-01	7.988952579298404244e-02	3.251879185663178462e-02	8.613740792504254173e-02
