1.301360187473271253e+03	2.379344757503924213e-01	1.478288090162935275e-01	2.613662996667041050e-01	1.618694732867780040e-01	7.663899474524658861e-02	3.189198084886160633e-02	8.246996668562779631e-02
1.306197957686926657e+03	2.373412564671822655e-01	1.474349723694305947e-01	2.617520458752966017e-01	1.621320042484129254e-01	7.674915508675769771e-02	3.195680218158664793e-02	8.263376377123726746e-02
1.311035727900581833e+03	2.367514043042643623e-01	1.470433717377162552e-01	2.621354620767001320e-01	1.623930368082072417e-01	7.685872872251343912e-02	3.202134403348338987e-02	8.279665231701918704e-02
1.315873498114237009e+03	2.361649001145732507e-01	1.466539944001860885e-01	2.625165630817499207e-01	1.626525793162707512e-01	7.696771856724413108e-02	3.208560753962536732e-02	8.295863698025443544e-02
1.320711268327892412e+03	2.355817248602383451e-01	1.462668277085046875e-01	2.628953635990809445e-01	1.629106400771551943e-01	7.707612752368105113e-02	3.214959383135700816e-02	8.311972239988671407e-02
1.325549038541547588e+03	2.350018596119579362e-01	1.458818590865471054e-01	2.632718782359106391e-01	1.631672273501258430e-01	7.718395848257381120e-02	3.221330403629435457e-02	8.327991319649423463e-02
1.330386808755202765e+03	2.344252855483769382e-01	1.454990760299834929e-01	2.636461214988151669e-01	1.634223493494300905e-01	7.729121432270827374e-02	3.227673927832605538e-02	8.343921397226389258e-02
1.335224578968857941e+03	2.338519839554682178e-01	1.451184661058655678e-01	2.640181077944991350e-01	1.636760142445635169e-01	7.739789791092484272e-02	3.233990067761445542e-02	8.359762931096804961e-02
1.340062349182513572e+03	2.332819362259175300e-01	1.447400169522159441e-01	2.643878514305593730e-01	1.639282301605329006e-01	7.750401210213728187e-02	3.240278935059691390e-02	8.375516377794388345e-02
1.344900119396168748e+03	2.327151238585117576e-01	1.443637162776197080e-01	2.647553666162413277e-01	1.641790051781169546e-01	7.760955973935186603e-02	3.246540640998725469e-02	8.391182192007493046e-02
1.349737889609823924e+03	2.321515284575309812e-01	1.439895518608186320e-01	2.651206674631901850e-01	1.644283473341242030e-01	7.771454365368717088e-02	3.252775296477742467e-02	8.406760826577520940e-02
1.354575659823479100e+03	2.315911317321439067e-01	1.436175115503073585e-01	2.654837679861953292e-01	1.646762646216484161e-01	7.781896666439404309e-02	3.258983012023929093e-02	8.422252732497551020e-02
1.359413430037134731e+03	2.310339154958067631e-01	1.432475832639324709e-01	2.658446821039282537e-01	1.649227649903216852e-01	7.792283157887612555e-02	3.265163897792661141e-02	8.437658358911195866e-02
1.364251200250789907e+03	2.304798616656656141e-01	1.428797549884937013e-01	2.662034236396750297e-01	1.651678563465648619e-01	7.802614119271077120e-02	3.271318063567715817e-02	8.452978153111675996e-02
1.369088970464445310e+03	2.299289522619623605e-01	1.425140147793472756e-01	2.665600063220620597e-01	1.654115465538357754e-01	7.812889828967034545e-02	3.277445618761503504e-02	8.468212560541102385e-02
1.373926740678100487e+03	2.293811694074438801e-01	1.421503507600120897e-01	2.669144437857760566e-01	1.656538434328750919e-01	7.823110564174395876e-02	3.283546672415310619e-02	8.483362024789971312e-02
1.378764510891755890e+03	2.288364953267747748e-01	1.417887511217776897e-01	2.672667495722780284e-01	1.658947547619498142e-01	7.833276600915950461e-02	3.289621333199558434e-02	8.498426987596852111e-02
1.383602281105411066e+03	2.282949123459532548e-01	1.414292041233150277e-01	2.676169371305111011e-01	1.661342882770947826e-01	7.843388214040609985e-02	3.295669709414082715e-02	8.513407888848277538e-02
1.388440051319066470e+03	2.277564028917308525e-01	1.410716980902891049e-01	2.679650198176027898e-01	1.663724516723517344e-01	7.853445677225699695e-02	3.301691908988418217e-02	8.528305166578820096e-02
1.393277821532721646e+03	2.272209494910349958e-01	1.407162214149741686e-01	2.683110108995609422e-01	1.666092526000064467e-01	7.863449262979269050e-02	3.307688039482108849e-02	8.543119256971358488e-02
1.398115591746377049e+03	2.266885347703952169e-01	1.403627625558709346e-01	2.686549235519642975e-01	1.668446986708235491e-01	7.873399242642453721e-02	3.313658208085022705e-02	8.557850594357518936e-02
1.402953361960032225e+03	2.261591414553725532e-01	1.400113100373262254e-01	2.689967708606471053e-01	1.670787974542795873e-01	7.883295886391858409e-02	3.319602521617687901e-02	8.572499611218295512e-02
1.407791132173687402e+03	2.256327523699923621e-01	1.396618524491549662e-01	2.693365658223780268e-01	1.673115564787939213e-01	7.893139463241985454e-02	3.325521086531639525e-02	8.587066738184838399e-02
1.412628902387342805e+03	2.251093504361801889e-01	1.393143784462639312e-01	2.696743213455334298e-01	1.675429832319575985e-01	7.902930241047684268e-02	3.331414008909779068e-02	8.601552404039414235e-02
1.417466672600997981e+03	2.245889186732010767e-01	1.389688767482781806e-01	2.700100502507650768e-01	1.677730851607603935e-01	7.912668486506646559e-02	3.337281394466751205e-02	8.615957035716524659e-02
1.422304442814653157e+03	2.240714401971021785e-01	1.386253361391694416e-01	2.703437652716620954e-01	1.680018696718159343e-01	7.922354465161925152e-02	3.343123348549328216e-02	8.630281058304180297e-02
1.427142213028308333e+03	2.235568982201583954e-01	1.382837454668866817e-01	2.706754790554075085e-01	1.682293441315850513e-01	7.931988441404487500e-02	3.348939976136814517e-02	8.644524895045332946e-02
1.431979983241963964e+03	2.230452760503212617e-01	1.379440936429888742e-01	2.710052041634296582e-01	1.684555158665971830e-01	7.941570678475796952e-02	3.354731381841456056e-02	8.658688967339450704e-02
1.436817753455619140e+03	2.225365570906712165e-01	1.376063696422798743e-01	2.713329530720474114e-01	1.686803921636700621e-01	7.951101438470424554e-02	3.360497669908871221e-02	8.672773694744251305e-02
1.441655523669274316e+03	2.220307248388726229e-01	1.372705625024455978e-01	2.716587381731108697e-01	1.689039802701276793e-01	7.960580982338688605e-02	3.366238944218481743e-02	8.686779494977556193e-02
1.446493293882929493e+03	2.215277628866324788e-01	1.369366613236929209e-01	2.719825717746359728e-01	1.691262873940165279e-01	7.970009569889333068e-02	3.371955308283972746e-02	8.700706783919305576e-02
1.451331064096585123e+03	2.210276549191618478e-01	1.366046552683911064e-01	2.723044661014344392e-01	1.693473207043200979e-01	7.979387459792215698e-02	3.377646865253745162e-02	8.714555975613687278e-02
1.456168834310240300e+03	2.205303847146404539e-01	1.362745335607152553e-01	2.726244332957381555e-01	1.695670873311717619e-01	7.988714909581037804e-02	3.383313717911397983e-02	8.728327482271404369e-02
1.461006604523895703e+03	2.200359361436845795e-01	1.359462854862913683e-01	2.729424854178181814e-01	1.697855943660661615e-01	7.997992175656098990e-02	3.388955968676207742e-02	8.742021714272071864e-02
1.465844374737550879e+03	2.195442931688177390e-01	1.356199003918442947e-01	2.732586344465989803e-01	1.700028488620687339e-01	8.007219513287068546e-02	3.394573719603628803e-02	8.755639080166731369e-02
1.470682144951206283e+03	2.190554398439447936e-01	1.352953676848469566e-01	2.735728922802675434e-01	1.702188578340239622e-01	8.016397176615792930e-02	3.400167072385799211e-02	8.769179986680486483e-02
1.475519915164861459e+03	2.185693603138286201e-01	1.349726768331720728e-01	2.738852707368770178e-01	1.704336282587618490e-01	8.025525418659122667e-02	3.405736128352061104e-02	8.782644838715257529e-02
1.480357685378516862e+03	2.180860388135703043e-01	1.346518173647457406e-01	2.741957815549458943e-01	1.706471670753031133e-01	8.034604491311765628e-02	3.411280988469489461e-02	8.796034039352641776e-02
1.485195455592172038e+03	2.176054596680918884e-01	1.343327788672030454e-01	2.745044363940515875e-01	1.708594811850626394e-01	8.043634645349162504e-02	3.416801753343431947e-02	8.809347989856892991e-02
1.490033225805827215e+03	2.171276072916224764e-01	1.340155509875457507e-01	2.748112468354196314e-01	1.710705774520517308e-01	8.052616130430384489e-02	3.422298523218058469e-02	8.822587089678002314e-02
1.494870996019482618e+03	2.166524661871870316e-01	1.337001234318019038e-01	2.751162243825078235e-01	1.712804627030787286e-01	8.061549195101053167e-02	3.427771397976922541e-02	8.835751736454881822e-02
1.499708766233137567e+03	2.161800209460983113e-01	1.333864859646873846e-01	2.754193804615852614e-01	1.714891437279483510e-01	8.070434086796290929e-02	3.433220477143529570e-02	8.848842326018652171e-02
1.504546536446793198e+03	2.157102562474516039e-01	1.330746284092696463e-01	2.757207264223069387e-01	1.716966272796595916e-01	8.079271051843679718e-02	3.438645859881921119e-02	8.861859252396026010e-02
1.509384306660448374e+03	2.152431568576224918e-01	1.327645406466329836e-01	2.760202735382834005e-01	1.719029200746022557e-01	8.088060335466246142e-02	3.444047644997259155e-02	8.874802907812788522e-02
1.514222076874103550e+03	2.147787076297674458e-01	1.324562126155462150e-01	2.763180330076456248e-01	1.721080287927521657e-01	8.096802181785470176e-02	3.449425930936427659e-02	8.887673682697365407e-02
1.519059847087758726e+03	2.143168935033273048e-01	1.321496343121320027e-01	2.766140159536053522e-01	1.723119600778650617e-01	8.105496833824306357e-02	3.454780815788641157e-02	8.900471965684490783e-02
1.523897617301414357e+03	2.138576995035336714e-01	1.318447957895382272e-01	2.769082334250106969e-01	1.725147205376690862e-01	8.114144533510236901e-02	3.460112397286059516e-02	8.913198143618945857e-02
1.528735387515069533e+03	2.134011107409180263e-01	1.315416871576109981e-01	2.772006963968974280e-01	1.727163167440562697e-01	8.122745521678326197e-02	3.465420772804415211e-02	8.925852601559400301e-02
1.533573157728724709e+03	2.129471124108238689e-01	1.312402985825701640e-01	2.774914157710348661e-01	1.729167552332724067e-01	8.131300038074308623e-02	3.470706039363648243e-02	8.938435722782323012e-02
1.538410927942380113e+03	2.124956897929215494e-01	1.309406202866859881e-01	2.777804023764685049e-01	1.731160425061059327e-01	8.139808321357681897e-02	3.475968293628549366e-02	8.950947888785974749e-02
1.543248698156035516e+03	2.120468282507259328e-01	1.306426425479581543e-01	2.780676669700571924e-01	1.733141850280755514e-01	8.148270609104830975e-02	3.481207631909409572e-02	8.963389479294484041e-02
1.548086468369690692e+03	2.116005132311168102e-01	1.303463556997964956e-01	2.783532202370059272e-01	1.735111892296165026e-01	8.156687137812157484e-02	3.486424150162681368e-02	8.975760872261988321e-02
1.552924238583346096e+03	2.111567302638621690e-01	1.300517501307036361e-01	2.786370727913950462e-01	1.737070615062658585e-01	8.165058142899227211e-02	3.491617943991646295e-02	8.988062443876854157e-02
1.557762008797001272e+03	2.107154649611439612e-01	1.297588162839593273e-01	2.789192351767041389e-01	1.739018082188465153e-01	8.173383858711938399e-02	3.496789108647088001e-02	9.000294568565972431e-02
1.562599779010656675e+03	2.102767030170870355e-01	1.294675446573068101e-01	2.791997178663321311e-01	1.740954356936500746e-01	8.181664518525701146e-02	3.501937739027978502e-02	9.012457618999106246e-02
1.567437549224311852e+03	2.098404302072904848e-01	1.291779258026408694e-01	2.794785312641128727e-01	1.742879502226185318e-01	8.189900354548636241e-02	3.507063929682165127e-02	9.024551966093320721e-02
1.572275319437967255e+03	2.094066323883615743e-01	1.288899503256976109e-01	2.797556857048266732e-01	1.744793580635249919e-01	8.198091597924778151e-02	3.512167774807072734e-02	9.036577979017466900e-02
1.577113089651622431e+03	2.089752954974527233e-01	1.286036088857462900e-01	2.800311914547075065e-01	1.746696654401530269e-01	8.206238478737302999e-02	3.517249368250403851e-02	9.048536025196735055e-02
1.581950859865277607e+03	2.085464055518009840e-01	1.283188921952827799e-01	2.803050587119460535e-01	1.748588785424752823e-01	8.214341226011770414e-02	3.522308803510854763e-02	9.060426470317260728e-02
1.586788630078933011e+03	2.081199486482699923e-01	1.280357910197247040e-01	2.805772976071886360e-01	1.750470035268306690e-01	8.222400067719363992e-02	3.527346173738832302e-02	9.072249678330795986e-02
1.591626400292587959e+03	2.076959109628949141e-01	1.277542961771085117e-01	2.808479182040320432e-01	1.752340465161007776e-01	8.230415230780162295e-02	3.532361571737182432e-02	9.084006011459427876e-02
1.596464170506243590e+03	2.072742787504297524e-01	1.274743985377882471e-01	2.811169304995141394e-01	1.754200135998849330e-01	8.238386941066408453e-02	3.537355089961918830e-02	9.095695830200363485e-02
1.601301940719898766e+03	2.068550383438972906e-01	1.271960890241359832e-01	2.813843444246009184e-01	1.756049108346745824e-01	8.246315423405799205e-02	3.542326820522963271e-02	9.107319493330756632e-02
1.606139710933553943e+03	2.064381761541417559e-01	1.269193586102441429e-01	2.816501698446688962e-01	1.757887442440264625e-01	8.254200901584787808e-02	3.547276855184891553e-02	9.118877357912591464e-02
1.610977481147209119e+03	2.060236786693839250e-01	1.266441983216294309e-01	2.819144165599842267e-01	1.759715198187345453e-01	8.262043598351888340e-02	3.552205285367684290e-02	9.130369779297611843e-02
1.615815251360864750e+03	2.056115324547788947e-01	1.263705992349385132e-01	2.821770943061772674e-01	1.761532435170015121e-01	8.269843735420993880e-02	3.557112202147485330e-02	9.141797111132302089e-02
1.620653021574519926e+03	2.052017241519762947e-01	1.260985524776553068e-01	2.824382127547137578e-01	1.763339212646087562e-01	8.277601533474712725e-02	3.561997696257363649e-02	9.153159705362912124e-02
1.625490791788175102e+03	2.047942404786832205e-01	1.258280492278101848e-01	2.826977815133618899e-01	1.765135589550856365e-01	8.285317212167701839e-02	3.566861858088083564e-02	9.164457912240524251e-02
1.630328562001830505e+03	2.043890682282293869e-01	1.255590807136905684e-01	2.829558101266557157e-01	1.766921624498777321e-01	8.292990990130021112e-02	3.571704777688878424e-02	9.175692080326161570e-02
1.635166332215485909e+03	2.039861942691351127e-01	1.252916382135534634e-01	2.832123080763545575e-01	1.768697375785141523e-01	8.300623084970490395e-02	3.576526544768231231e-02	9.186862556495949128e-02
1.640004102429141085e+03	2.035856055446815249e-01	1.250257130553394935e-01	2.834672847818988095e-01	1.770462901387739318e-01	8.308213713280057644e-02	3.581327248694661514e-02	9.197969685946300045e-02
1.644841872642796488e+03	2.031872890724833736e-01	1.247612966163886283e-01	2.837207496008621876e-01	1.772218258968513982e-01	8.315763090635171217e-02	3.586106978497514974e-02	9.209013812199147442e-02
1.649679642856451665e+03	2.027912319440643707e-01	1.244983803231576036e-01	2.839727118293998709e-01	1.773963505875207347e-01	8.323271431601166059e-02	3.590865822867758683e-02	9.219995277107213838e-02
1.654517413070107068e+03	2.023974213244347509e-01	1.242369556509387990e-01	2.842231807026933676e-01	1.775698699142995440e-01	8.330738949735652654e-02	3.595603870158783910e-02	9.230914420859313851e-02
1.659355183283762244e+03	2.020058444516714680e-01	1.239770141235810308e-01	2.844721653953916629e-01	1.777423895496116069e-01	8.338165857591918473e-02	3.600321208387213118e-02	9.241771581985687434e-02
1.664192953497417420e+03	2.016164886365007236e-01	1.237185473132116770e-01	2.847196750220487016e-01	1.779139151349486414e-01	8.345552366722329418e-02	3.605017925233706955e-02	9.252567097363380288e-02
1.669030723711072824e+03	2.012293412618829658e-01	1.234615468399605925e-01	2.849657186375574303e-01	1.780844522810312858e-01	8.352898687681746537e-02	3.609694108043782351e-02	9.263301302221632616e-02
1.673868493924728000e+03	2.008443897826001356e-01	1.232060043716854680e-01	2.852103052375802861e-01	1.782540065679690533e-01	8.360205030030937179e-02	3.614349843828631309e-02	9.273974530147319206e-02
1.678706264138383403e+03	2.004616217248454124e-01	1.229519116236989368e-01	2.854534437589760776e-01	1.784225835454196496e-01	8.367471602340006975e-02	3.618985219265946629e-02	9.284587113090410349e-02
1.683544034352038352e+03	2.000810246858153452e-01	1.226992603584971392e-01	2.856951430802236458e-01	1.785901887327473181e-01	8.374698612191822100e-02	3.623600320700749028e-02	9.295139381369456333e-02
1.688381804565693983e+03	1.997025863333040940e-01	1.224480423854898831e-01	2.859354120218416950e-01	1.787568276191802974e-01	8.381886266185450962e-02	3.628195234146219805e-02	9.305631663677110810e-02
1.693219574779349159e+03	1.993262944053003360e-01	1.221982495607323582e-01	2.861742593468056817e-01	1.789225056639674183e-01	8.389034769939596181e-02	3.632770045284539062e-02	9.316064287085662476e-02
1.698057344993004335e+03	1.989521367095863358e-01	1.219498737866584331e-01	2.864116937609612612e-01	1.790872282965339790e-01	8.396144328096047382e-02	3.637324839467726001e-02	9.326437577052605621e-02
1.702895115206659511e+03	1.985801011233392366e-01	1.217029070118154227e-01	2.866477239134339605e-01	1.792510009166367879e-01	8.403215144323125663e-02	3.641859701718482001e-02	9.336751857426231482e-02
1.707732885420315142e+03	1.982101755927347109e-01	1.214573412306004796e-01	2.868823583970360747e-01	1.794138288945183457e-01	8.410247421319136385e-02	3.646374716731040633e-02	9.347007450451234878e-02
1.712570655633970318e+03	1.978423481325530531e-01	1.212131684829984291e-01	2.871156057486701219e-01	1.795757175710602227e-01	8.417241360815828910e-02	3.650869968872020449e-02	9.357204676774347196e-02
1.717408425847625494e+03	1.974766068257871876e-01	1.209703808543210884e-01	2.873474744497287459e-01	1.797366722579355203e-01	8.424197163581853554e-02	3.655345542181279161e-02	9.367343855449992984e-02
1.722246196061280898e+03	1.971129398232533414e-01	1.207289704749482107e-01	2.875779729264917872e-01	1.798966982377608881e-01	8.431115029426226870e-02	3.659801520372772676e-02	9.377425303945956248e-02
1.727083966274936301e+03	1.967513353432035761e-01	1.204889295200698568e-01	2.878071095505201349e-01	1.800558007642473202e-01	8.437995157201799712e-02	3.664237986835418986e-02	9.387449338149073119e-02
1.731921736488591478e+03	1.963917816709407627e-01	1.202502502094301706e-01	2.880348926390461362e-01	1.802139850623504791e-01	8.444837744808721125e-02	3.668655024633962064e-02	9.397416272370942569e-02
1.736759506702246881e+03	1.960342671584357765e-01	1.200129248070727350e-01	2.882613304553611200e-01	1.803712563284201320e-01	8.451642989197917510e-02	3.673052716509840609e-02	9.407326419353642666e-02
1.741597276915902057e+03	1.956787802239468022e-01	1.197769456210873995e-01	2.884864312091997007e-01	1.805276197303488372e-01	8.458411086374559296e-02	3.677431144882062353e-02	9.417180090275475979e-02
1.746435047129557461e+03	1.953253093516409133e-01	1.195423050033585094e-01	2.887102030571210842e-01	1.806830804077198260e-01	8.465142231401541484e-02	3.681790391848076965e-02	9.426977594756720535e-02
1.751272817343212637e+03	1.949738430912176523e-01	1.193089953493146060e-01	2.889326541028871542e-01	1.808376434719542181e-01	8.471836618402957264e-02	3.686130539184651750e-02	9.436719240865398817e-02
1.756110587556867813e+03	1.946243700575350233e-01	1.190770090976796119e-01	2.891537923978378388e-01	1.809913140064573489e-01	8.478494440567579948e-02	3.690451668348757042e-02	9.446405335123056468e-02
1.760948357770523216e+03	1.942768789302374288e-01	1.188463387302253343e-01	2.893736259412630907e-01	1.811440970667645978e-01	8.485115890152337970e-02	3.694753860478443980e-02	9.456036182510552113e-02
1.765786127984178393e+03	1.939313584533858825e-01	1.186169767715255230e-01	2.895921626807722027e-01	1.812959976806861884e-01	8.491701158485802370e-02	3.699037196393734073e-02	9.465612086473867981e-02
1.770623898197833569e+03	1.935877974350902753e-01	1.183889157887112881e-01	2.898094105126600151e-01	1.814470208484514346e-01	8.498250435971660410e-02	3.703301756597504601e-02	9.475133348929919153e-02
1.775461668411488745e+03	1.932461847471437233e-01	1.181621483912278919e-01	2.900253772822703469e-01	1.815971715428522926e-01	8.504763912092204448e-02	3.707547621276380267e-02	9.484600270272375289e-02
1.780299438625144376e+03	1.929065093246591367e-01	1.179366672305930258e-01	2.902400707843564298e-01	1.817464547093859684e-01	8.511241775411806931e-02	3.711774870301628310e-02	9.494013149377496241e-02
1.785137208838799552e+03	1.925687601657077030e-01	1.177124650001564188e-01	2.904534987634383447e-01	1.818948752663970825e-01	8.517684213580403729e-02	3.715983583230049458e-02	9.503372283609975990e-02
1.789974979052454728e+03	1.922329263309595637e-01	1.174895344348608345e-01	2.906656689141579597e-01	1.820424381052190288e-01	8.524091413336983003e-02	3.720173839304879299e-02	9.512677968828783803e-02
1.794812749266109904e+03	1.918989969433266274e-01	1.172678683110044140e-01	2.908765888816307044e-01	1.821891480903145011e-01	8.530463560513050492e-02	3.724345717456681998e-02	9.521930499393022052e-02
1.799650519479765535e+03	1.915669611876072431e-01	1.170474594460044621e-01	2.910862662617948460e-01	1.823350100594154366e-01	8.536800840036129490e-02	3.728499296304259303e-02	9.531130168167790961e-02
1.804488289693420711e+03	1.912368083101330385e-01	1.168283006981625655e-01	2.912947086017577125e-01	1.824800288236622936e-01	8.543103435933221967e-02	3.732634654155547738e-02	9.540277266530050593e-02
1.809326059907075887e+03	1.909085276184176727e-01	1.166103849664310299e-01	2.915019234001392512e-01	1.826242091677426349e-01	8.549371531334298835e-02	3.736751869008524823e-02	9.549372084374491143e-02
1.814163830120731291e+03	1.905821084808078658e-01	1.163937051901806907e-01	2.917079181074132554e-01	1.827675558500288511e-01	8.555605308475768001e-02	3.740851018552118074e-02	9.558414910119415742e-02
1.819001600334386467e+03	1.902575403261361209e-01	1.161782543489700559e-01	2.919127001262452059e-01	1.829100736027154395e-01	8.561804948703959084e-02	3.744932180167111907e-02	9.567406030712612142e-02
1.823839370548041643e+03	1.899348126433755835e-01	1.159640254623157118e-01	2.921162768118280018e-01	1.830517671319554784e-01	8.567970632478588699e-02	3.748995430927057337e-02	9.576345731637238290e-02
1.828677140761696819e+03	1.896139149812968994e-01	1.157510115894642144e-01	2.923186554722148056e-01	1.831926411179964631e-01	8.574102539376232679e-02	3.753040847599185131e-02	9.585234296917702346e-02
1.833514910975352450e+03	1.892948369481270432e-01	1.155392058291651175e-01	2.925198433686493904e-01	1.833327002153154195e-01	8.580200848093802457e-02	3.757068506645316885e-02	9.594072009125555189e-02
1.838352681189008081e+03	1.889775682112099786e-01	1.153286013194453619e-01	2.927198477158935441e-01	1.834719490527533525e-01	8.586265736452003416e-02	3.761078484222781654e-02	9.602859149385370441e-02
1.843190451402663257e+03	1.886620984966694836e-01	1.151191912373850101e-01	2.929186756825523652e-01	1.836103922336492222e-01	8.592297381398802947e-02	3.765070856185329801e-02	9.611595997380638356e-02
1.848028221616318433e+03	1.883484175890736689e-01	1.149109687988942585e-01	2.931163343913967823e-01	1.837480343359730595e-01	8.598295959012895728e-02	3.769045698084052404e-02	9.620282831359651399e-02
1.852865991829973609e+03	1.880365153311016890e-01	1.147039272584916697e-01	2.933128309196835759e-01	1.838848799124583877e-01	8.604261644507156526e-02	3.773003085168295800e-02	9.628919928141391193e-02
1.857703762043628785e+03	1.877263816232120075e-01	1.144980599090837242e-01	2.935081722994727915e-01	1.840209334907342842e-01	8.610194612232099920e-02	3.776943092386585155e-02	9.637507563121412713e-02
1.862541532257283961e+03	1.874180064233129939e-01	1.142933600817456347e-01	2.937023655179427095e-01	1.841561995734563861e-01	8.616095035679328940e-02	3.780865794387541085e-02	9.646046010277734006e-02
1.867379302470939592e+03	1.871113797464350748e-01	1.140898211455034228e-01	2.938954175177024286e-01	1.842906826384377028e-01	8.621963087484993404e-02	3.784771265520803923e-02	9.654535542176717611e-02
1.872217072684594768e+03	1.868064916644048834e-01	1.138874365071172318e-01	2.940873351971019511e-01	1.844243871387784006e-01	8.627798939433224679e-02	3.788659579837953817e-02	9.662976429978949178e-02
1.877054842898249490e+03	1.865033323055212966e-01	1.136861996108659428e-01	2.942781254105398814e-01	1.845573175029951996e-01	8.633602762459584301e-02	3.792530811093434290e-02	9.671368943445117494e-02
1.881892613111905121e+03	1.862018918542333035e-01	1.134861039383329440e-01	2.944677949687686258e-01	1.846894781351501036e-01	8.639374726654500125e-02	3.796385032745478588e-02	9.679713350941890337e-02
1.886730383325560297e+03	1.859021605508197617e-01	1.132871430081931891e-01	2.946563506391972620e-01	1.848208734149783261e-01	8.645115001266699684e-02	3.800222317957029083e-02	9.688009919447777840e-02
1.891568153539215928e+03	1.856041286910708188e-01	1.130893103760014229e-01	2.948437991461921870e-01	1.849515076980159378e-01	8.650823754706643554e-02	3.804042739596667083e-02	9.696258914559008346e-02
1.896405923752871104e+03	1.853077866259715267e-01	1.128925996339816828e-01	2.950301471713751567e-01	1.850813853157264877e-01	8.656501154549946231e-02	3.807846370239537093e-02	9.704460600495384837e-02
1.901243693966526507e+03	1.850131247613869268e-01	1.126970044108180219e-01	2.952154013539190491e-01	1.852105105756272907e-01	8.662147367540799781e-02	3.811633282168272463e-02	9.712615240106144132e-02
1.906081464180181683e+03	1.847201335577489667e-01	1.125025183714463556e-01	2.953995682908417963e-01	1.853388877614151053e-01	8.667762559595390548e-02	3.815403547373923815e-02	9.720723094875806380e-02
1.910919234393836859e+03	1.844288035297454165e-01	1.123091352168475582e-01	2.955826545372973180e-01	1.854665211330909780e-01	8.673346895805310319e-02	3.819157237556885381e-02	9.728784424930023156e-02
1.915757004607492036e+03	1.841391252460104211e-01	1.121168486838417383e-01	2.957646666068646235e-01	1.855934149270847267e-01	8.678900540440961930e-02	3.822894424127821350e-02	9.736799489041411682e-02
1.920594774821147894e+03	1.838510893288168024e-01	1.119256525448837081e-01	2.959456109718348049e-01	1.857195733563785922e-01	8.684423656954964876e-02	3.826615178208597062e-02	9.744768544635394603e-02
1.925432545034802843e+03	1.835646864537702760e-01	1.117355406078595903e-01	2.961254940634951982e-01	1.858450006106306673e-01	8.689916407985545654e-02	3.830319570633203968e-02	9.752691847796020330e-02
1.930270315248458019e+03	1.832799073495052777e-01	1.115465067158846330e-01	2.963043222724123238e-01	1.859697008562971321e-01	8.695378955359935047e-02	3.834007671948691520e-02	9.760569653271783386e-02
1.935108085462113195e+03	1.829967427973825667e-01	1.113585447471021478e-01	2.964821019487114406e-01	1.860936782367545450e-01	8.700811460097747363e-02	3.837679552416090739e-02	9.768402214481435031e-02
1.939945855675768371e+03	1.827151836311885769e-01	1.111716486144836841e-01	2.966588394023550457e-01	1.862169368724210516e-01	8.706214082414368005e-02	3.841335282011347496e-02	9.776189783519788346e-02
1.944783625889424002e+03	1.824352207368364620e-01	1.109858122656301738e-01	2.968345409034185423e-01	1.863394808608773712e-01	8.711586981724321610e-02	3.844974930426250243e-02	9.783932611163508042e-02
1.949621396103079178e+03	1.821568450520689997e-01	1.108010296825744229e-01	2.970092126823640211e-01	1.864613142769867837e-01	8.716930316644647125e-02	3.848598567069357046e-02	9.791630946876900277e-02
1.954459166316734354e+03	1.818800475661629390e-01	1.106172948815846296e-01	2.971828609303120983e-01	1.865824411730149790e-01	8.722244244998254847e-02	3.852206261066925402e-02	9.799285038817691362e-02
1.959296936530389530e+03	1.816048193196352079e-01	1.104346019129690548e-01	2.973554917993109226e-01	1.867028655787490443e-01	8.727528923817283457e-02	3.855798081263840660e-02	9.806895133842785661e-02
1.964134706744044706e+03	1.813311514039508687e-01	1.102529448608817464e-01	2.975271114026044050e-01	1.868225915016159533e-01	8.732784509346454282e-02	3.859374096224544443e-02	9.814461477514038745e-02
1.968972476957700337e+03	1.810590349612325456e-01	1.100723178431295413e-01	2.976977258148971184e-01	1.869416229268004159e-01	8.738011157046413069e-02	3.862934374233964463e-02	9.821984314103990310e-02
1.973810247171355968e+03	1.807884611839717104e-01	1.098927150109799411e-01	2.978673410726179749e-01	1.870599638173624235e-01	8.743209021597067587e-02	3.866478983298439476e-02	9.829463886601613742e-02
1.978648017385010689e+03	1.805194213147414684e-01	1.097141305489703345e-01	2.980359631741815174e-01	1.871776181143538498e-01	8.748378256900919692e-02	3.870007991146647702e-02	9.836900436718039320e-02
1.983485787598666320e+03	1.802519066459110642e-01	1.095365586747181208e-01	2.982035980802473230e-01	1.872945897369347190e-01	8.753519016086391824e-02	3.873521465230538030e-02	9.844294204892271860e-02
1.988323557812321269e+03	1.799859085193620811e-01	1.093599936387320559e-01	2.983702517139774635e-01	1.874108825824888358e-01	8.758631451511139643e-02	3.877019472726251498e-02	9.851645430296893102e-02
1.993161328025976900e+03	1.797214183262061393e-01	1.091844297242245826e-01	2.985359299612918571e-01	1.875265005267389151e-01	8.763715714765367426e-02	3.880502080535051107e-02	9.858954350843764092e-02
1.997999098239632076e+03	1.794584275065043422e-01	1.090098612469252853e-01	2.987006386711216765e-01	1.876414474238610741e-01	8.768771956675136536e-02	3.883969355284248165e-02	9.866221203189705358e-02
2.002836868453287707e+03	1.791969275489881386e-01	1.088362825548954554e-01	2.988643836556613143e-01	1.877557271065989075e-01	8.773800327305650293e-02	3.887421363328125851e-02	9.873446222742167377e-02
2.007674638666942428e+03	1.789369099907820171e-01	1.086636880283436274e-01	2.990271706906176274e-01	1.878693433863767859e-01	8.778800975964558273e-02	3.890858170748865558e-02	9.880629643664892714e-02
2.012512408880597604e+03	1.786783664171276986e-01	1.084920720794422255e-01	2.991890055154579064e-01	1.879823000534127930e-01	8.783774051205227307e-02	3.894279843357472543e-02	9.887771698883560112e-02
2.017350179094252780e+03	1.784212884611097172e-01	1.083214291521452655e-01	2.993498938336556781e-01	1.880946008768311084e-01	8.788719700830024961e-02	3.897686446694698104e-02	9.894872620091425819e-02
2.022187949307908411e+03	1.781656678033829155e-01	1.081517537220070824e-01	2.995098413129346215e-01	1.882062496047737232e-01	8.793638071893587760e-02	3.901078046031963148e-02	9.901932637754944089e-02
2.027025719521564042e+03	1.779114961719012455e-01	1.079830402960021141e-01	2.996688535855109303e-01	1.883172499645117681e-01	8.798529310706074136e-02	3.904454706372280370e-02	9.908951981119375196e-02
2.031863489735218764e+03	1.776587653416482337e-01	1.078152834123456971e-01	2.998269362483333977e-01	1.884276056625561191e-01	8.803393562836429875e-02	3.907816492451177820e-02	9.915930878214385125e-02
2.036701259948874394e+03	1.774074671343688903e-01	1.076484776403159455e-01	2.999840948633221704e-01	1.885373203847676427e-01	8.808230973115624418e-02	3.911163468737616222e-02	9.922869555859628599e-02
2.041539030162529116e+03	1.771575934183032552e-01	1.074826175800765726e-01	3.001403349576054480e-01	1.886463977964668026e-01	8.813041685639892708e-02	3.914495699434913933e-02	9.929768239670319629e-02
2.046376800376184747e+03	1.769091361079215274e-01	1.073176978625007411e-01	3.002956620237540730e-01	1.887548415425427673e-01	8.817825843773964556e-02	3.917813248481662874e-02	9.936627154062790956e-02
2.051214570589840150e+03	1.766620871636604972e-01	1.071537131489960076e-01	3.004500815200150665e-01	1.888626552475620168e-01	8.822583590154285671e-02	3.921116179552647935e-02	9.943446522260034059e-02
2.056052340803495554e+03	1.764164385916615618e-01	1.069906581313301575e-01	3.006035988705428319e-01	1.889698425158763406e-01	8.827315066692235923e-02	3.924404556059766375e-02	9.950226566297232234e-02
2.060890111017150957e+03	1.761721824435104888e-01	1.068285275314580923e-01	3.007562194656288046e-01	1.890764069317304175e-01	8.832020414577332335e-02	3.927678441152939598e-02	9.956967507027271458e-02
2.065727881230805451e+03	1.759293108159782626e-01	1.066673161013497600e-01	3.009079486619294364e-01	1.891823520593687302e-01	8.836699774280429298e-02	3.930937897721033941e-02	9.963669564126245715e-02
2.070565651444461309e+03	1.756878158507637344e-01	1.065070186228189580e-01	3.010587917826922366e-01	1.892876814431421473e-01	8.841353285556906305e-02	3.934182988392771751e-02	9.970332956098940103e-02
2.075403421658116713e+03	1.754476897342375219e-01	1.063476299073531778e-01	3.012087541179807038e-01	1.893923986076137822e-01	8.845981087449852898e-02	3.937413775537646626e-02	9.976957900284308400e-02
2.080241191871772116e+03	1.752089246971876013e-01	1.061891447959444623e-01	3.013578409248965917e-01	1.894965070576645205e-01	8.850583318293243906e-02	3.940630321266835878e-02	9.983544612860925649e-02
2.085078962085427065e+03	1.749715130145661213e-01	1.060315581589211936e-01	3.015060574278015659e-01	1.896000102785979635e-01	8.855160115715098035e-02	3.943832687434112999e-02	9.990093308852429632e-02
2.089916732299082469e+03	1.747354470052378539e-01	1.058748648957807681e-01	3.016534088185364171e-01	1.897029117362447059e-01	8.859711616640643383e-02	3.947020935636753186e-02	9.996604202132955419e-02
2.094754502512737417e+03	1.745007190317299783e-01	1.057190599350234100e-01	3.017999002566390532e-01	1.898052148770664194e-01	8.864237957295455217e-02	3.950195127216447194e-02	1.000307750543253660e-01
2.099592272726392821e+03	1.742673214999833353e-01	1.055641382339867623e-01	3.019455368695606601e-01	1.899069231282591308e-01	8.868739273208608997e-02	3.953355323260206167e-02	1.000951343034251623e-01
2.104430042940048224e+03	1.740352468591050417e-01	1.054100947786815179e-01	3.020903237528804741e-01	1.900080398978562235e-01	8.873215699215802887e-02	3.956501584601271326e-02	1.001591218732091892e-01
2.109267813153704083e+03	1.738044876011226314e-01	1.052569245836279532e-01	3.022342659705186674e-01	1.901085685748307441e-01	8.877667369462481639e-02	3.959633971820016030e-02	1.002227398569781741e-01
2.114105583367359031e+03	1.735750362607395292e-01	1.051046226916934612e-01	3.023773685549479007e-01	1.902085125291973489e-01	8.882094417406950770e-02	3.962752545244851987e-02	1.002859903368068656e-01
2.118943353581013525e+03	1.733468854150919392e-01	1.049531841739308885e-01	3.025196365074030447e-01	1.903078751121136669e-01	8.886496975823485189e-02	3.965857364953131320e-02	1.003488753835973663e-01
2.123781123794669384e+03	1.731200276835071217e-01	1.048026041294179561e-01	3.026610747980897353e-01	1.904066596559812752e-01	8.890875176805423941e-02	3.968948490772047921e-02	1.004113970571322983e-01
2.128618894008324787e+03	1.728944557272629745e-01	1.046528776850974979e-01	3.028016883663908754e-01	1.905048694745459237e-01	8.895229151768255238e-02	3.972025982279535350e-02	1.004735574061278586e-01
2.133456664221980191e+03	1.726701622493492239e-01	1.045039999956186016e-01	3.029414821210721365e-01	1.906025078629977054e-01	8.899559031452697333e-02	3.975089898805170274e-02	1.005353584682866924e-01
2.138294434435635139e+03	1.724471399942296979e-01	1.043559662431787355e-01	3.030804609404853522e-01	1.906995780980703104e-01	8.903864945927768282e-02	3.978140299431064120e-02	1.005968022703505743e-01
2.143132204649290543e+03	1.722253817476060711e-01	1.042087716373667067e-01	3.032186296727710784e-01	1.907960834381400017e-01	8.908147024593848773e-02	3.981177242992763043e-02	1.006578908281529627e-01
2.147969974862945492e+03	1.720048803361831358e-01	1.040624114150065921e-01	3.033559931360591544e-01	1.908920271233240096e-01	8.912405396185728301e-02	3.984200788080140970e-02	1.007186261466713334e-01
2.152807745076601350e+03	1.717856286274350996e-01	1.039168808400024596e-01	3.034925561186678222e-01	1.909874123755786191e-01	8.916640188775654119e-02	3.987210993038290546e-02	1.007790102200794707e-01
2.157645515290255844e+03	1.715676195293733830e-01	1.037721752031841443e-01	3.036283233793016234e-01	1.910822423987965368e-01	8.920851529776359368e-02	3.990207915968417562e-02	1.008390450317994680e-01
2.162483285503912157e+03	1.713508459903157477e-01	1.036282898221536630e-01	3.037632996472477420e-01	1.911765203789039802e-01	8.925039545944088437e-02	3.993191614728727051e-02	1.008987325545535746e-01
2.167321055717567106e+03	1.711353009986568974e-01	1.034852200411327250e-01	3.038974896225707933e-01	1.912702494839571554e-01	8.929204363381618159e-02	3.996162146935315629e-02	1.009580747504159881e-01
2.172158825931222509e+03	1.709209775826399658e-01	1.033429612308110895e-01	3.040308979763061692e-01	1.913634328642382920e-01	8.933346107541258185e-02	3.999119569963054122e-02	1.010170735708642714e-01
2.176996596144877003e+03	1.707078688101296704e-01	1.032015087881956172e-01	3.041635293506522175e-01	1.914560736523513162e-01	8.937464903227847202e-02	4.002063940946473664e-02	1.010757309568308809e-01
2.181834366358532861e+03	1.704959677883867708e-01	1.030608581364604037e-01	3.042953883591606457e-01	1.915481749633168584e-01	8.941560874601740816e-02	4.004995316780651099e-02	1.011340488387542785e-01
2.186672136572187810e+03	1.702852676638435259e-01	1.029210047247976489e-01	3.044264795869260909e-01	1.916397398946668440e-01	8.945634145181792507e-02	4.007913754122089528e-02	1.011920291366299324e-01
2.191509906785843214e+03	1.700757616218807888e-01	1.027819440282693730e-01	3.045568075907735262e-01	1.917307715265388346e-01	8.949684837848316532e-02	4.010819309389596077e-02	1.012496737600612484e-01
2.196347676999498617e+03	1.698674428866060460e-01	1.026436715476600481e-01	3.046863768994447219e-01	1.918212729217696477e-01	8.953713074846053610e-02	4.013712038765163831e-02	1.013069846083102382e-01
2.201185447213154021e+03	1.696603047206330095e-01	1.025061828093300348e-01	3.048151920137837090e-01	1.919112471259884767e-01	8.957718977787115788e-02	4.016591998194845442e-02	1.013639635703479924e-01
2.206023217426809424e+03	1.694543404248622931e-01	1.023694733650698657e-01	3.049432574069201318e-01	1.920006971677098717e-01	8.961702667653929921e-02	4.019459243389630898e-02	1.014206125249051127e-01
2.210860987640464373e+03	1.692495433382633641e-01	1.022335387919553334e-01	3.050705775244516582e-01	1.920896260584258886e-01	8.965664264802163108e-02	4.022313829826317660e-02	1.014769333405217827e-01
2.215698757854119776e+03	1.690459068376577723e-01	1.020983746922034252e-01	3.051971567846253897e-01	1.921780367926980704e-01	8.969603888963652294e-02	4.025155812748383577e-02	1.015329278755978254e-01
2.220536528067775180e+03	1.688434243375036559e-01	1.019639766930291735e-01	3.053229995785171069e-01	1.922659323482487359e-01	8.973521659249306115e-02	4.027985247166857019e-02	1.015885979784425103e-01
2.225374298281430583e+03	1.686420892896814405e-01	1.018303404465031314e-01	3.054481102702101269e-01	1.923533156860520177e-01	8.977417694152016459e-02	4.030802187861184244e-02	1.016439454873241527e-01
2.230212068495085077e+03	1.684418951832807043e-01	1.016974616294098188e-01	3.055724931969719949e-01	1.924401897504243175e-01	8.981292111549542267e-02	4.033606689380096061e-02	1.016989722305196436e-01
2.235049838708740936e+03	1.682428355443883194e-01	1.015653359431069463e-01	3.056961526694309539e-01	1.925265574691143178e-01	8.985145028707398895e-02	4.036398806042468951e-02	1.017536800263637159e-01
2.239887608922396339e+03	1.680449039358778152e-01	1.014339591133853746e-01	3.058190929717498063e-01	1.926124217533926597e-01	8.988976562281725258e-02	4.039178591938191731e-02	1.018080706832980575e-01
2.244725379136052197e+03	1.678480939571999897e-01	1.013033268903300310e-01	3.059413183617997745e-01	1.926977854981410665e-01	8.992786828322156534e-02	4.041946100929021818e-02	1.018621459999202589e-01
2.249563149349706237e+03	1.676523992441745770e-01	1.011734350481814093e-01	3.060628330713321965e-01	1.927826515819410225e-01	8.996575942274664950e-02	4.044701386649448421e-02	1.019159077650325373e-01
2.254400919563362095e+03	1.674578134687831621e-01	1.010442793851980409e-01	3.061836413061496676e-01	1.928670228671620357e-01	9.000344018984414440e-02	4.047444502507544645e-02	1.019693577576903792e-01
2.259238689777017044e+03	1.672643303389633740e-01	1.009158557235196596e-01	3.063037472462752930e-01	1.929509022000494844e-01	9.004091172698588941e-02	4.050175501685825130e-02	1.020224977472508621e-01
2.264076459990672902e+03	1.670719435984042156e-01	1.007881599090311997e-01	3.064231550461212206e-01	1.930342924108119640e-01	9.007817517069222069e-02	4.052894437142098849e-02	1.020753294934209909e-01
