1.001418434226643626e+03	2.824896266627405228e-01	1.767443485855501040e-01	2.348993404192595558e-01	1.415866623317919293e-01	6.840815212158843361e-02	2.671049378150792269e-02	6.916137609746336734e-02
1.002869765290740247e+03	2.822350317015143717e-01	1.765764385464697883e-01	2.350804797547015046e-01	1.416950785887273467e-01	6.845301113997133424e-02	2.673269747507147492e-02	6.922726279344600109e-02
1.004321096354836754e+03	2.819808720553628190e-01	1.764088156554711739e-01	2.352613005559552051e-01	1.418033022373861862e-01	6.849779664814370506e-02	2.675486691906569028e-02	6.929304592851699696e-02
1.005772427418933376e+03	2.817271469795185057e-01	1.762414794207971536e-01	2.354418033711479785e-01	1.419113336418414972e-01	6.854250876384956892e-02	2.677700217090768151e-02	6.935872565183941185e-02
1.007223758483029997e+03	2.814738557304835576e-01	1.760744293515394132e-01	2.356219887474681196e-01	1.420191731654130429e-01	6.858714760466361193e-02	2.679910328791668128e-02	6.942430211241737426e-02
1.008675089547126618e+03	2.812209975660275862e-01	1.759076649576369056e-01	2.358018572311664507e-01	1.421268211706692985e-01	6.863171328799123894e-02	2.682117032731422615e-02	6.948977545909601483e-02
1.010126420611223239e+03	2.809685717451857467e-01	1.757411857498743235e-01	2.359814093675580704e-01	1.422342780194289780e-01	6.867620593106879556e-02	2.684320334622431262e-02	6.955514584056152194e-02
1.011577751675319632e+03	2.807165775282564613e-01	1.755749912398804069e-01	2.361606457010237969e-01	1.423415440727630321e-01	6.872062565096356823e-02	2.686520240167357063e-02	6.962041340534097511e-02
1.013029082739416367e+03	2.804650141767996985e-01	1.754090809401262774e-01	2.363395667750118057e-01	1.424486196909962865e-01	6.876497256457388130e-02	2.688716755059141969e-02	6.968557830180240054e-02
1.014480413803512761e+03	2.802138809536349751e-01	1.752434543639240783e-01	2.365181731320392389e-01	1.425555052337092732e-01	6.880924678862929134e-02	2.690909884981024236e-02	6.975064067815477109e-02
1.015931744867609382e+03	2.799631771228389687e-01	1.750781110254251982e-01	2.366964653136937879e-01	1.426622010597399237e-01	6.885344843969061490e-02	2.693099635606555423e-02	6.981560068244785366e-02
1.017383075931706003e+03	2.797129019497439084e-01	1.749130504396187724e-01	2.368744438606353309e-01	1.427687075271854289e-01	6.889757763415005343e-02	2.695286012599614964e-02	6.988045846257229243e-02
1.018834406995802851e+03	2.794630547009354649e-01	1.747482721223300450e-01	2.370521093125973755e-01	1.428750249934038763e-01	6.894163448823135976e-02	2.697469021614429252e-02	6.994521416625952559e-02
1.020285738059899245e+03	2.792136346442505301e-01	1.745837755902189536e-01	2.372294622083888360e-01	1.429811538150160821e-01	6.898561911798985202e-02	2.699648668295586557e-02	7.000986794108179923e-02
1.021737069123995752e+03	2.789646410487755523e-01	1.744195603607784639e-01	2.374065030858954761e-01	1.430870943479072843e-01	6.902953163931260794e-02	2.701824958278052982e-02	7.007441993445208406e-02
1.023188400188092373e+03	2.787160731848442041e-01	1.742556259523329876e-01	2.375832324820814356e-01	1.431928469472288912e-01	6.907337216791852030e-02	2.703997897187190858e-02	7.013887029362404768e-02
1.024639731252188767e+03	2.784679303240355508e-01	1.740919718840368835e-01	2.377596509329910346e-01	1.432984119674002021e-01	6.911714081935847742e-02	2.706167490638772960e-02	7.020321916569209619e-02
1.026091062316285615e+03	2.782202117391719964e-01	1.739285976758730146e-01	2.379357589737500778e-01	1.434037897621101842e-01	6.916083770901543248e-02	2.708333744239000210e-02	7.026746669759129094e-02
1.027542393380382237e+03	2.779729167043171745e-01	1.737655028486510267e-01	2.381115571385676311e-01	1.435089806843191096e-01	6.920446295210454235e-02	2.710496663584517282e-02	7.033161303609730686e-02
1.028993724444478858e+03	2.777260444947741158e-01	1.736026869240059611e-01	2.382870459607374647e-01	1.436139850862603318e-01	6.924801666367326469e-02	2.712656254262429609e-02	7.039565832782647414e-02
1.030445055508575479e+03	2.774795943870831949e-01	1.734401494243967556e-01	2.384622259726396354e-01	1.437188033194420067e-01	6.929149895860149677e-02	2.714812521850319335e-02	7.045960271923568108e-02
1.031896386572671872e+03	2.772335656590199093e-01	1.732778898731044959e-01	2.386370977057420684e-01	1.438234357346487025e-01	6.933490995160172810e-02	2.716965471916261629e-02	7.052344635662241568e-02
1.033347717636768493e+03	2.769879575895931589e-01	1.731159077942311941e-01	2.388116616906021672e-01	1.439278826819432311e-01	6.937824975721910981e-02	2.719115110018840292e-02	7.058718938612466853e-02
1.034799048700865114e+03	2.767427694590430809e-01	1.729542027126981241e-01	2.389859184568682848e-01	1.440321445106682863e-01	6.942151848983160733e-02	2.721261441707165107e-02	7.065083195372097447e-02
1.036250379764961508e+03	2.764980005488389958e-01	1.727927741542443218e-01	2.391598685332812779e-01	1.441362215694480531e-01	6.946471626365013918e-02	2.723404472520887451e-02	7.071437420523035700e-02
1.037701710829058356e+03	2.762536501416775758e-01	1.726316216454251706e-01	2.393335124476761444e-01	1.442401142061900399e-01	6.950784319271867406e-02	2.725544207990215559e-02	7.077781628631232835e-02
1.039153041893154750e+03	2.760097175214805687e-01	1.724707447136108462e-01	2.395068507269834668e-01	1.443438227680866603e-01	6.955089939091438356e-02	2.727680653635932567e-02	7.084115834246682009e-02
1.040604372957251599e+03	2.757662019733931325e-01	1.723101428869848184e-01	2.396798838972310497e-01	1.444473476016170099e-01	6.959388497194776702e-02	2.729813814969410737e-02	7.090440051903425245e-02
1.042055704021347992e+03	2.755231027837815594e-01	1.721498156945423241e-01	2.398526124835453910e-01	1.445506890525483645e-01	6.963680004936277645e-02	2.731943697492628456e-02	7.096754296119542338e-02
1.043507035085444613e+03	2.752804192402313888e-01	1.719897626660890633e-01	2.400250370101532915e-01	1.446538474659379847e-01	6.967964473653696922e-02	2.734070306698186195e-02	7.103058581397153626e-02
1.044958366149541234e+03	2.750381506315454083e-01	1.718299833322396442e-01	2.401971580003833262e-01	1.447568231861347809e-01	6.972241914668163287e-02	2.736193648069323511e-02	7.109352922222413051e-02
1.046409697213637855e+03	2.747962962477414339e-01	1.716704772244159738e-01	2.403689759766674261e-01	1.448596165567809513e-01	6.976512339284189623e-02	2.738313727079931884e-02	7.115637333065516490e-02
1.047861028277734476e+03	2.745548553800507552e-01	1.715112438748459533e-01	2.405404914605423494e-01	1.449622279208135633e-01	6.980775758789689589e-02	2.740430549194574489e-02	7.121911828380692033e-02
1.049312359341831097e+03	2.743138273209156930e-01	1.713522828165620071e-01	2.407117049726512914e-01	1.450646576204662752e-01	6.985032184455987336e-02	2.742544119868499386e-02	7.128176422606199991e-02
1.050763690405927491e+03	2.740732113639878786e-01	1.711935935833995837e-01	2.408826170327453831e-01	1.451669059972709452e-01	6.989281627537839714e-02	2.744654444547657904e-02	7.134431130164330115e-02
1.052215021470024112e+03	2.738330068041260890e-01	1.710351757099957404e-01	2.410532281596852178e-01	1.452689733920593529e-01	6.993524099273441819e-02	2.746761528668717825e-02	7.140675965461402985e-02
1.053666352534120733e+03	2.735932129373944699e-01	1.708770287317876446e-01	2.412235388714423501e-01	1.453708601449647253e-01	6.997759610884442261e-02	2.748865377659080386e-02	7.146910942887765850e-02
1.055117683598217127e+03	2.733538290610601496e-01	1.707191521850111859e-01	2.413935496851008222e-01	1.454725665954233749e-01	7.001988173575962593e-02	2.750965996936896932e-02	7.153136076817794009e-02
1.056569014662313975e+03	2.731148544735916839e-01	1.705615456066995050e-01	2.415632611168587185e-01	1.455740930821764201e-01	7.006209798536605637e-02	2.753063391911083832e-02	7.159351381609889431e-02
1.058020345726410369e+03	2.728762884746567252e-01	1.704042085346815227e-01	2.417326736820296362e-01	1.456754399432713676e-01	7.010424496938470751e-02	2.755157567981338790e-02	7.165556871606472422e-02
1.059471676790506763e+03	2.726381303651203569e-01	1.702471405075806632e-01	2.419017878950442402e-01	1.457766075160636110e-01	7.014632279937173254e-02	2.757248530538155412e-02	7.171752561133991344e-02
1.060923007854603611e+03	2.724003794470428175e-01	1.700903410648132719e-01	2.420706042694517335e-01	1.458775961372181795e-01	7.018833158671851369e-02	2.759336284962840211e-02	7.177938464502914284e-02
1.062374338918700232e+03	2.721630350236775575e-01	1.699338097465872555e-01	2.422391233179213843e-01	1.459784061427113755e-01	7.023027144265188426e-02	2.761420836627527867e-02	7.184114596007731834e-02
1.063825669982796853e+03	2.719260963994694080e-01	1.697775460939006387e-01	2.424073455522440246e-01	1.460790378678321899e-01	7.027214247823422577e-02	2.763502190895196844e-02	7.190280969926952925e-02
1.065277001046893474e+03	2.716895628800525819e-01	1.696215496485401764e-01	2.425752714833336043e-01	1.461794916471841066e-01	7.031394480436362060e-02	2.765580353119685697e-02	7.196437600523103439e-02
1.066728332110990095e+03	2.714534337722484536e-01	1.694658199530800213e-01	2.427429016212285795e-01	1.462797678146865454e-01	7.035567853177400466e-02	2.767655328645707291e-02	7.202584502042730374e-02
1.068179663175086489e+03	2.712177083840639491e-01	1.693103565508800590e-01	2.429102364750934662e-01	1.463798667035765555e-01	7.039734377103534779e-02	2.769727122808865460e-02	7.208721688716397680e-02
1.069630994239183110e+03	2.709823860246891036e-01	1.691551589860848526e-01	2.430772765532204505e-01	1.464797886464103138e-01	7.043894063255373705e-02	2.771795740935670271e-02	7.214849174758682093e-02
1.071082325303279504e+03	2.707474660044955628e-01	1.690002268036220334e-01	2.432440223630306375e-01	1.465795339750647908e-01	7.048046922657159874e-02	2.773861188343553635e-02	7.220966974368182856e-02
1.072533656367376352e+03	2.705129476350343065e-01	1.688455595492009131e-01	2.434104744110757723e-01	1.466791030207392488e-01	7.052192966316780942e-02	2.775923470340885268e-02	7.227075101727506445e-02
1.073984987431472746e+03	2.702788302290337619e-01	1.686911567693111236e-01	2.435766332030396553e-01	1.467784961139568523e-01	7.056332205225786247e-02	2.777982592226986569e-02	7.233173571003280455e-02
1.075436318495569594e+03	2.700451131003979155e-01	1.685370180112213123e-01	2.437424992437395022e-01	1.468777135845662496e-01	7.060464650359402072e-02	2.780038559292148312e-02	7.239262396346143880e-02
1.076887649559666215e+03	2.698117955642042598e-01	1.683831428229775884e-01	2.439080730371276096e-01	1.469767557617430997e-01	7.064590312676546913e-02	2.782091376817644179e-02	7.245341591890752664e-02
1.078338980623762609e+03	2.695788769367016835e-01	1.682295307534022455e-01	2.440733550862927426e-01	1.470756229739916265e-01	7.068709203119846740e-02	2.784141050075748108e-02	7.251411171755772767e-02
1.079790311687859230e+03	2.693463565353088063e-01	1.680761813520924297e-01	2.442383458934616336e-01	1.471743155491462285e-01	7.072821332615650269e-02	2.786187584329747127e-02	7.257471150043887098e-02
1.081241642751955851e+03	2.691142336786118139e-01	1.679230941694187240e-01	2.444030459600003979e-01	1.472728338143729776e-01	7.076926712074044223e-02	2.788230984833959397e-02	7.263521540841791357e-02
1.082692973816052472e+03	2.688825076863626262e-01	1.677702687565237605e-01	2.445674557864161436e-01	1.473711780961712015e-01	7.081025352388872762e-02	2.790271256833747396e-02	7.269562358220195419e-02
1.084144304880149093e+03	2.686511778794767880e-01	1.676177046653208047e-01	2.447315758723583035e-01	1.474693487203749820e-01	7.085117264437749973e-02	2.792308405565534571e-02	7.275593616233817784e-02
1.085595635944245487e+03	2.684202435800317477e-01	1.674654014484924791e-01	2.448954067166201343e-01	1.475673460121546265e-01	7.089202459082072361e-02	2.794342436256819912e-02	7.281615328921398067e-02
1.087046967008342108e+03	2.681897041112645819e-01	1.673133586594893751e-01	2.450589488171402985e-01	1.476651702960184442e-01	7.093280947167043826e-02	2.796373354126193908e-02	7.287627510305683121e-02
1.088498298072438729e+03	2.679595587975702187e-01	1.671615758525287487e-01	2.452222026710041136e-01	1.477628218958141060e-01	7.097352739521681220e-02	2.798401164383353124e-02	7.293630174393438137e-02
1.089949629136535123e+03	2.677298069644996614e-01	1.670100525825931048e-01	2.453851687744451893e-01	1.478603011347300045e-01	7.101417846958842095e-02	2.800425872229115112e-02	7.299623335175441097e-02
1.091400960200631971e+03	2.675004479387578238e-01	1.668587884054287540e-01	2.455478476228468154e-01	1.479576083352971416e-01	7.105476280275227485e-02	2.802447482855435074e-02	7.305607006626482769e-02
1.092852291264728365e+03	2.672714810482014758e-01	1.667077828775447024e-01	2.457102397107434888e-01	1.480547438193903775e-01	7.109528050251411047e-02	2.804466001445419382e-02	7.311581202705372262e-02
1.094303622328825213e+03	2.670429056218375785e-01	1.665570355562111249e-01	2.458723455318222173e-01	1.481517079082300126e-01	7.113573167651843221e-02	2.806481433173341200e-02	7.317545937354930086e-02
1.095754953392921607e+03	2.668147209898212857e-01	1.664065459994580887e-01	2.460341655789241300e-01	1.482485009223832861e-01	7.117611643224878992e-02	2.808493783204656438e-02	7.323501224501999252e-02
1.097206284457018228e+03	2.665869264834538344e-01	1.662563137660742207e-01	2.461957003440457814e-01	1.483451231817659310e-01	7.121643487702786213e-02	2.810503056696017285e-02	7.329447078057432785e-02
1.098657615521114849e+03	2.663595214351808238e-01	1.661063384156053480e-01	2.463569503183407339e-01	1.484415750056435890e-01	7.125668711801765032e-02	2.812509258795288861e-02	7.335383511916104826e-02
1.100108946585211470e+03	2.661325051785902174e-01	1.659566195083531648e-01	2.465179159921209451e-01	1.485378567126334204e-01	7.129687326221963162e-02	2.814512394641563442e-02	7.341310539956907855e-02
1.101560277649308091e+03	2.659058770484103995e-01	1.658071566053739287e-01	2.466785978548581004e-01	1.486339686207054367e-01	7.133699341647493919e-02	2.816512469365175034e-02	7.347228176042751302e-02
1.103011608713404712e+03	2.656796363805080663e-01	1.656579492684771560e-01	2.468389963951853061e-01	1.487299110471841657e-01	7.137704768746454265e-02	2.818509488087714981e-02	7.353136434020568490e-02
1.104462939777501106e+03	2.654537825118866712e-01	1.655089970602243166e-01	2.469991121008982271e-01	1.488256843087500114e-01	7.141703618170935908e-02	2.820503455922047584e-02	7.359035327721309694e-02
1.105914270841597499e+03	2.652283147806840935e-01	1.653602995439273637e-01	2.471589454589567803e-01	1.489212887214407532e-01	7.145695900557046121e-02	2.822494377972323276e-02	7.364924870959951853e-02
1.107365601905694348e+03	2.650032325261710842e-01	1.652118562836475679e-01	2.473184969554863555e-01	1.490167246006530444e-01	7.149681626524924394e-02	2.824482259333994591e-02	7.370805077535490246e-02
1.108816932969790741e+03	2.647785350887493228e-01	1.650636668441942123e-01	2.474777670757793702e-01	1.491119922611438831e-01	7.153660806678757700e-02	2.826467105093831075e-02	7.376675961230948209e-02
1.110268264033887590e+03	2.645542218099491416e-01	1.649157307911232051e-01	2.476367563042967124e-01	1.492070920170320836e-01	7.157633451606799924e-02	2.828448920329933863e-02	7.382537535813372964e-02
1.111719595097984211e+03	2.643302920324279714e-01	1.647680476907357749e-01	2.477954651246689899e-01	1.493020241817996641e-01	7.161599571881382964e-02	2.830427710111750941e-02	7.388389815033842567e-02
1.113170926162080832e+03	2.641067450999682875e-01	1.646206171100772497e-01	2.479538940196982233e-01	1.493967890682934563e-01	7.165559178058944489e-02	2.832403479500091026e-02	7.394232812627458962e-02
1.114622257226177226e+03	2.638835803574758332e-01	1.644734386169356410e-01	2.481120434713590672e-01	1.494913869887263824e-01	7.169512280680032101e-02	2.834376233547139523e-02	7.400066542313357698e-02
1.116073588290273847e+03	2.636607971509773995e-01	1.643265117798404229e-01	2.482699139608002259e-01	1.495858182546790649e-01	7.173458890269328314e-02	2.836345977296472753e-02	7.405891017794703768e-02
1.117524919354370468e+03	2.634383948276193821e-01	1.641798361680613105e-01	2.484275059683459241e-01	1.496800831771011586e-01	7.177399017335667208e-02	2.838312715783071830e-02	7.411706252758695768e-02
1.118976250418467089e+03	2.632163727356655047e-01	1.640334113516068171e-01	2.485848199734973785e-01	1.497741820663128776e-01	7.181332672372045534e-02	2.840276454033338963e-02	7.417512260876570063e-02
1.120427581482563710e+03	2.629947302244950991e-01	1.638872369012229768e-01	2.487418564549341293e-01	1.498681152320063825e-01	7.185259865855650463e-02	2.842237197065110646e-02	7.423309055803595236e-02
1.121878912546660331e+03	2.627734666446011613e-01	1.637413123883921517e-01	2.488986158905153734e-01	1.499618829832471967e-01	7.189180608247867921e-02	2.844194949887673268e-02	7.429096651179084576e-02
1.123330243610756725e+03	2.625525813475885206e-01	1.635956373853317269e-01	2.490550987572815733e-01	1.500554856284756766e-01	7.193094909994297848e-02	2.846149717501776991e-02	7.434875060626386367e-02
1.124781574674853118e+03	2.623320736861718960e-01	1.634502114649927784e-01	2.492113055314556791e-01	1.501489234755084556e-01	7.197002781524784731e-02	2.848101504899652053e-02	7.440644297752894987e-02
1.126232905738949967e+03	2.621119430141740092e-01	1.633050342010587963e-01	2.493672366884446268e-01	1.502421968315398315e-01	7.200904233253421771e-02	2.850050317065020572e-02	7.446404376150046744e-02
1.127684236803046360e+03	2.618921886865237525e-01	1.631601051679444914e-01	2.495228927028406152e-01	1.503353060031432376e-01	7.204799275578571693e-02	2.851996158973113538e-02	7.452155309393326821e-02
1.129135567867143209e+03	2.616728100592541906e-01	1.630154239407944627e-01	2.496782740484226049e-01	1.504282512962725471e-01	7.208687918882887569e-02	2.853939035590684001e-02	7.457897111042269267e-02
1.130586898931239830e+03	2.614538064895008951e-01	1.628709900954818379e-01	2.498333811981578167e-01	1.505210330162636001e-01	7.212570173533328077e-02	2.855878951876022337e-02	7.463629794640458393e-02
1.132038229995336451e+03	2.612351773354998352e-01	1.627268032086072180e-01	2.499882146242028425e-01	1.506136514678355909e-01	7.216446049881171387e-02	2.857815912778969777e-02	7.469353373715534317e-02
1.133489561059432845e+03	2.610169219565857124e-01	1.625828628574972068e-01	2.501427747979052540e-01	1.507061069550924282e-01	7.220315558262040134e-02	2.859749923240933675e-02	7.475067861779190193e-02
1.134940892123529466e+03	2.607990397131900173e-01	1.624391686202033003e-01	2.502970621898049086e-01	1.507983997815241228e-01	7.224178708995913911e-02	2.861680988194902422e-02	7.480773272327179146e-02
1.136392223187626087e+03	2.605815299668390872e-01	1.622957200755004714e-01	2.504510772696353360e-01	1.508905302500082868e-01	7.228035512387145922e-02	2.863609112565457596e-02	7.486469618839315665e-02
1.137843554251722708e+03	2.603643920801522182e-01	1.621525168028860320e-01	2.506048205063250989e-01	1.509824986628114374e-01	7.231885978724485187e-02	2.865534301268791301e-02	7.492156914779478372e-02
1.139294885315819101e+03	2.601476254168400559e-01	1.620095583825784114e-01	2.507582923679992915e-01	1.510743053215904130e-01	7.235730118281089029e-02	2.867456559212718317e-02	7.497835173595610025e-02
1.140746216379915950e+03	2.599312293417024855e-01	1.618668443955157410e-01	2.509114933219806498e-01	1.511659505273937332e-01	7.239567941314543897e-02	2.869375891296691711e-02	7.503504408719725849e-02
1.142197547444012343e+03	2.597152032206269112e-01	1.617243744233547997e-01	2.510644238347913837e-01	1.512574345806630138e-01	7.243399458066884788e-02	2.871292302411816016e-02	7.509164633567909364e-02
1.143648878508108737e+03	2.594995464205863689e-01	1.615821480484695705e-01	2.512170843721540092e-01	1.513487577812343554e-01	7.247224678764607741e-02	2.873205797440862852e-02	7.514815861540319331e-02
1.145100209572205586e+03	2.592842583096375275e-01	1.614401648539501299e-01	2.513694753989931252e-01	1.514399204283397027e-01	7.251043613618689265e-02	2.875116381258283407e-02	7.520458106021196687e-02
1.146551540636302207e+03	2.590693382569193015e-01	1.612984244236014275e-01	2.515215973794364124e-01	1.515309228206081493e-01	7.254856272824608543e-02	2.877024058730224751e-02	7.526091380378858997e-02
1.148002871700398828e+03	2.588547856326503527e-01	1.611569263419418696e-01	2.516734507768164097e-01	1.516217652560674367e-01	7.258662666562358534e-02	2.878928834714542667e-02	7.531715697965708778e-02
1.149454202764495449e+03	2.586405998081277580e-01	1.610156701942023205e-01	2.518250360536716803e-01	1.517124480321452307e-01	7.262462804996470955e-02	2.880830714060815881e-02	7.537331072118233499e-02
1.150905533828591842e+03	2.584267801557249000e-01	1.608746555663246314e-01	2.519763536717481434e-01	1.518029714456705093e-01	7.266256698276025994e-02	2.882729701610360976e-02	7.542937516157013911e-02
1.152356864892688463e+03	2.582133260488899129e-01	1.607338820449605854e-01	2.521274040920002957e-01	1.518933357928748951e-01	7.270044356534677288e-02	2.884625802196245925e-02	7.548535043386724042e-02
1.153808195956785084e+03	2.580002368621435727e-01	1.605933492174706489e-01	2.522781877745928769e-01	1.519835413693939596e-01	7.273825789890665805e-02	2.886519020643303970e-02	7.554123667096133976e-02
1.155259527020881706e+03	2.577875119710775209e-01	1.604530566719226115e-01	2.524287051789021463e-01	1.520735884702687502e-01	7.277601008446840658e-02	2.888409361768147846e-02	7.559703400558114017e-02
1.156710858084978327e+03	2.575751507523526551e-01	1.603130039970904752e-01	2.525789567635169930e-01	1.521634773899469550e-01	7.281370022290672983e-02	2.890296830379185389e-02	7.565274257029638849e-02
1.158162189149074720e+03	2.573631525836969081e-01	1.601731907824532619e-01	2.527289429862405457e-01	1.522532084222843474e-01	7.285132841494279532e-02	2.892181431276630993e-02	7.570836249751790314e-02
1.159613520213171569e+03	2.571515168439038601e-01	1.600336166181936526e-01	2.528786643040913384e-01	1.523427818605460338e-01	7.288889476114433774e-02	2.894063169252521217e-02	7.576389391949761576e-02
1.161064851277267962e+03	2.569402429128306298e-01	1.598942810951969051e-01	2.530281211733049207e-01	1.524321979974078700e-01	7.292639936192590877e-02	2.895942049090728665e-02	7.581933696832859892e-02
1.162516182341364356e+03	2.567293301713960418e-01	1.597551838050495498e-01	2.531773140493348007e-01	1.525214571249577933e-01	7.296384231754900196e-02	2.897818075566975515e-02	7.587469177594510783e-02
1.163967513405461204e+03	2.565187780015791841e-01	1.596163243400382237e-01	2.533262433868541108e-01	1.526105595346970989e-01	7.300122372812227478e-02	2.899691253448847747e-02	7.592995847412264965e-02
1.165418844469557826e+03	2.563085857864171868e-01	1.594777022931484489e-01	2.534749096397568291e-01	1.526995055175418003e-01	7.303854369360170129e-02	2.901561587495809363e-02	7.598513719447795578e-02
1.166870175533654447e+03	2.560987529100035576e-01	1.593393172580634676e-01	2.536233132611591112e-01	1.527882953638239061e-01	7.307580231379075253e-02	2.903429082459214883e-02	7.604022806846907900e-02
1.168321506597751068e+03	2.558892787574864602e-01	1.592011688291628813e-01	2.537714547034006229e-01	1.528769293632927795e-01	7.311299968834059082e-02	2.905293743082325297e-02	7.609523122739540735e-02
1.169772837661847461e+03	2.556801627150667167e-01	1.590632566015216520e-01	2.539193344180459277e-01	1.529654078051164989e-01	7.315013591675026405e-02	2.907155574100320564e-02	7.615014680239770573e-02
1.171224168725944082e+03	2.554714041699962523e-01	1.589255801709087701e-01	2.540669528558857082e-01	1.530537309778830235e-01	7.318721109836685834e-02	2.909014580240313480e-02	7.620497492445818533e-02
1.172675499790040703e+03	2.552630025105761535e-01	1.587881391337860881e-01	2.542143104669380982e-01	1.531418991696016918e-01	7.322422533238570619e-02	2.910870766221364259e-02	7.625971572440048973e-02
1.174126830854137097e+03	2.550549571261549464e-01	1.586509330873071277e-01	2.543614077004502372e-01	1.532299126677043044e-01	7.326117871785055302e-02	2.912724136754492668e-02	7.631436933288981983e-02
1.175578161918233945e+03	2.548472674071267097e-01	1.585139616293158582e-01	2.545082450048991585e-01	1.533177717590466504e-01	7.329807135365370985e-02	2.914574696542693993e-02	7.636893588043289216e-02
1.177029492982330339e+03	2.546399327449293537e-01	1.583772243583455586e-01	2.546548228279935655e-01	1.534054767299095901e-01	7.333490333853631693e-02	2.916422450280951525e-02	7.642341549737803608e-02
1.178480824046426733e+03	2.544329525320428442e-01	1.582407208736175686e-01	2.548011416166748311e-01	1.534930278660005254e-01	7.337167477108842706e-02	2.918267402656250092e-02	7.647780831391520762e-02
1.179932155110523581e+03	2.542263261619874259e-01	1.581044507750401229e-01	2.549472018171183851e-01	1.535804254524546775e-01	7.340838574974928310e-02	2.920109558347589937e-02	7.653211446007605889e-02
1.181383486174620202e+03	2.540200530293219017e-01	1.579684136632071578e-01	2.550930038747352691e-01	1.536676697738361685e-01	7.344503637280742903e-02	2.921948922026000942e-02	7.658633406573397973e-02
1.182834817238716823e+03	2.538141325296416340e-01	1.578326091393972008e-01	2.552385482341729683e-01	1.537547611141395210e-01	7.348162673840091808e-02	2.923785498354555118e-02	7.664046726060412540e-02
1.184286148302813444e+03	2.536085640595768798e-01	1.576970368055720384e-01	2.553838353393171889e-01	1.538416997567909061e-01	7.351815694451750705e-02	2.925619291988382220e-02	7.669451417424351380e-02
1.185737479366910065e+03	2.534033470167913471e-01	1.575616962643756891e-01	2.555288656332928565e-01	1.539284859846493103e-01	7.355462708899482283e-02	2.927450307574680499e-02	7.674847493605098381e-02
1.187188810431006686e+03	2.531984807999800302e-01	1.574265871191331267e-01	2.556736395584655597e-01	1.540151200800078946e-01	7.359103726952054281e-02	2.929278549752732663e-02	7.680234967526733403e-02
1.188640141495103080e+03	2.529939648088674331e-01	1.572917089738491425e-01	2.558181575564427712e-01	1.541016023245953270e-01	7.362738758363261693e-02	2.931104023153918714e-02	7.685613852097533671e-02
1.190091472559199701e+03	2.527897984442059598e-01	1.571570614332071791e-01	2.559624200680753470e-01	1.541879329995768655e-01	7.366367812871936482e-02	2.932926732401729131e-02	7.690984160209976550e-02
1.191542803623296322e+03	2.525859811077743045e-01	1.570226441025681374e-01	2.561064275334584694e-01	1.542741123855558283e-01	7.369990900201979500e-02	2.934746682111778054e-02	7.696345904740749255e-02
1.192994134687392716e+03	2.523825122023754530e-01	1.568884565879692106e-01	2.562501803919332022e-01	1.543601407625746491e-01	7.373608030062363261e-02	2.936563876891817165e-02	7.701699098550748857e-02
1.194445465751489564e+03	2.521793911318350734e-01	1.567544984961227461e-01	2.563936790820877665e-01	1.544460184101162925e-01	7.377219212147161087e-02	2.938378321341750601e-02	7.707043754485090603e-02
1.195896796815585958e+03	2.519766173009994614e-01	1.566207694344150803e-01	2.565369240417586516e-01	1.545317456071054196e-01	7.380824456135562373e-02	2.940190020053646061e-02	7.712379885373113475e-02
1.197348127879682352e+03	2.517741901157342643e-01	1.564872690109052888e-01	2.566799157080322802e-01	1.546173226319097205e-01	7.384423771691892013e-02	2.941998977611748681e-02	7.717707504028384347e-02
1.198799458943779200e+03	2.515721089829224821e-01	1.563539968343241882e-01	2.568226545172458408e-01	1.547027497623410519e-01	7.388017168465628448e-02	2.943805198592495259e-02	7.723026623248700762e-02
1.200250790007875821e+03	2.513703733104626914e-01	1.562209525140729749e-01	2.569651409049888424e-01	1.547880272756567976e-01	7.391604656091417536e-02	2.945608687564527789e-02	7.728337255816104812e-02
1.201702121071972442e+03	2.511689825072674354e-01	1.560881356602222825e-01	2.571073753061042799e-01	1.548731554485610062e-01	7.395186244189098923e-02	2.947409449088706293e-02	7.733639414496877584e-02
1.203153452136069063e+03	2.509679359832613921e-01	1.559555458835108210e-01	2.572493581546900221e-01	1.549581345572056679e-01	7.398761942363715760e-02	2.949207487718120968e-02	7.738933112041551654e-02
1.204604783200165684e+03	2.507672331493795981e-01	1.558231827953444892e-01	2.573910898840999772e-01	1.550429648771919910e-01	7.402331760205542455e-02	2.951002807998107449e-02	7.744218361184915245e-02
1.206056114264262078e+03	2.505668734175660051e-01	1.556910460077949032e-01	2.575325709269455365e-01	1.551276466835715684e-01	7.405895707290098551e-02	2.952795414466259302e-02	7.749495174646017781e-02
1.207507445328358699e+03	2.503668562007713150e-01	1.555591351335984807e-01	2.576738017150965177e-01	1.552121802508476256e-01	7.409453793178163994e-02	2.954585311652440857e-02	7.754763565128174052e-02
1.208958776392455093e+03	2.501671809129516477e-01	1.554274497861552196e-01	2.578147826796828301e-01	1.552965658529762982e-01	7.413006027415801336e-02	2.956372504078800742e-02	7.760023545318972538e-02
1.210410107456551941e+03	2.499678469690665983e-01	1.552959895795275880e-01	2.579555142510954191e-01	1.553808037633677142e-01	7.416552419534373775e-02	2.958156996259785412e-02	7.765275127890280960e-02
1.211861438520648335e+03	2.497688537850775992e-01	1.551647541284393306e-01	2.580959968589877085e-01	1.554648942548873536e-01	7.420092979050565973e-02	2.959938792702151988e-02	7.770518325498250445e-02
1.213312769584745183e+03	2.495702007779462273e-01	1.550337430482743306e-01	2.582362309322769334e-01	1.555488375998572148e-01	7.423627715466396548e-02	2.961717897904981786e-02	7.775753150783321077e-02
1.214764100648841804e+03	2.493718873656323998e-01	1.549029559550755275e-01	2.583762168991451946e-01	1.556326340700569799e-01	7.427156638269241662e-02	2.963494316359692113e-02	7.780979616370228835e-02
1.216215431712937971e+03	2.491739129670926811e-01	1.547723924655437511e-01	2.585159551870407912e-01	1.557162839367253471e-01	7.430679756931851676e-02	2.965268052550050840e-02	7.786197734868013920e-02
1.217666762777034819e+03	2.489762770022787286e-01	1.546420521970366113e-01	2.586554462226794970e-01	1.557997874705611130e-01	7.434197080912370581e-02	2.967039110952189238e-02	7.791407518870023530e-02
1.219118093841131440e+03	2.487789788921354051e-01	1.545119347675672772e-01	2.587946904320458930e-01	1.558831449417243664e-01	7.437708619654351261e-02	2.968807496034614815e-02	7.796608980953918799e-02
1.220569424905228061e+03	2.485820180585991412e-01	1.543820397958034774e-01	2.589336882403944773e-01	1.559663566198378204e-01	7.441214382586779086e-02	2.970573212258224502e-02	7.801802133681683127e-02
1.222020755969324682e+03	2.483853939245963260e-01	1.542523669010663345e-01	2.590724400722509979e-01	1.560494227739878392e-01	7.444714379124087178e-02	2.972336264076316792e-02	7.806986989599627724e-02
1.223472087033421303e+03	2.481891059140413913e-01	1.541229157033291441e-01	2.592109463514137291e-01	1.561323436727257985e-01	7.448208618666173064e-02	2.974096655934606662e-02	7.812163561238394394e-02
1.224923418097517697e+03	2.479931534518354241e-01	1.539936858232163752e-01	2.593492075009546372e-01	1.562151195840691120e-01	7.451697110598423657e-02	2.975854392271235979e-02	7.817331861112965241e-02
1.226374749161614318e+03	2.477975359638642516e-01	1.538646768820025046e-01	2.594872239432206018e-01	1.562977507755025919e-01	7.455179864291726355e-02	2.977609477516789463e-02	7.822491901722668228e-02
1.227826080225710712e+03	2.476022528769967201e-01	1.537358885016108512e-01	2.596249960998348594e-01	1.563802375139794754e-01	7.458656889102494025e-02	2.979361916094304744e-02	7.827643695551186886e-02
1.229277411289807560e+03	2.474073036190833075e-01	1.536073203046125490e-01	2.597625243916979465e-01	1.564625800659226740e-01	7.462128194372677492e-02	2.981111712419286588e-02	7.832787255066561705e-02
1.230728742353903954e+03	2.472126876189540412e-01	1.534789719142254094e-01	2.598998092389891990e-01	1.565447786972259669e-01	7.465593789429789129e-02	2.982858870899720433e-02	7.837922592721198456e-02
1.232180073418000802e+03	2.470184043064171664e-01	1.533508429543127272e-01	2.600368510611678619e-01	1.566268336732551669e-01	7.469053683586918124e-02	2.984603395936084522e-02	7.843049720951876524e-02
1.233631404482097196e+03	2.468244531122572583e-01	1.532229330493822261e-01	2.601736502769743109e-01	1.567087452588492580e-01	7.472507886142752687e-02	2.986345291921362055e-02	7.848168652179754456e-02
1.235082735546193817e+03	2.466308334682336401e-01	1.530952418245849489e-01	2.603102073044313292e-01	1.567905137183215614e-01	7.475956406381591146e-02	2.988084563241055411e-02	7.853279398810376899e-02
1.236534066610290438e+03	2.464375448070786900e-01	1.529677689057141743e-01	2.604465225608453283e-01	1.568721393154609844e-01	7.479399253573369710e-02	2.989821214273197594e-02	7.858381973233680151e-02
1.237985397674387059e+03	2.462445865624962038e-01	1.528405139192043904e-01	2.605825964628075142e-01	1.569536223135330477e-01	7.482836436973676342e-02	2.991555249388366117e-02	7.863476387824003266e-02
1.239436728738483680e+03	2.460519581691596736e-01	1.527134764921299348e-01	2.607184294261952751e-01	1.570349629752812448e-01	7.486267965823767412e-02	2.993286672949695831e-02	7.868562654940090828e-02
1.240888059802580301e+03	2.458596590627106782e-01	1.525866562522041336e-01	2.608540218661732357e-01	1.571161615629279307e-01	7.489693849350588517e-02	2.995015489312889689e-02	7.873640786925098500e-02
1.242339390866676695e+03	2.456676886797571902e-01	1.524600528277780809e-01	2.609893741971944237e-01	1.571972183381757093e-01	7.493114096766793908e-02	2.996741702826234005e-02	7.878710796106606906e-02
1.243790721930773088e+03	2.454760464578719659e-01	1.523336658478396111e-01	2.611244868330017677e-01	1.572781335622084886e-01	7.496528717270765918e-02	2.998465317830610252e-02	7.883772694796620240e-02
1.245242052994869937e+03	2.452847318355907968e-01	1.522074949420121337e-01	2.612593601866290971e-01	1.573589074956925904e-01	7.499937720046628842e-02	3.000186338659506860e-02	7.888826495291582919e-02
1.246693384058966330e+03	2.450937442524109833e-01	1.520815397405536618e-01	2.613939946704023631e-01	1.574395403987779718e-01	7.503341114264271139e-02	3.001904769639033091e-02	7.893872209872378198e-02
1.248144715123063179e+03	2.449030831487896409e-01	1.519557998743555904e-01	2.615283906959409710e-01	1.575200325310993354e-01	7.506738909079360700e-02	3.003620615087930837e-02	7.898909850804339272e-02
1.249596046187159800e+03	2.447127479661419802e-01	1.518302749749416425e-01	2.616625486741587792e-01	1.576003841517772674e-01	7.510131113633371214e-02	3.005333879317587109e-02	7.903939430337256211e-02
1.251047377251256421e+03	2.445227381468397521e-01	1.517049646744668412e-01	2.617964690152655982e-01	1.576805955194193476e-01	7.513517737053587719e-02	3.007044566632047222e-02	7.908960960705384291e-02
1.252498708315352815e+03	2.443330531342096656e-01	1.515798686057163169e-01	2.619301521287681900e-01	1.577606668921213429e-01	7.516898788453139912e-02	3.008752681328027631e-02	7.913974454127450930e-02
1.253950039379449436e+03	2.441436923725315566e-01	1.514549864021043357e-01	2.620635984234714888e-01	1.578405985274682899e-01	7.520274276931009083e-02	3.010458227694927727e-02	7.918979922806659855e-02
1.255401370443546057e+03	2.439546553070369439e-01	1.513303176976731890e-01	2.621968083074798783e-01	1.579203906825356052e-01	7.523644211572051710e-02	3.012161210014841980e-02	7.923977378930704973e-02
1.256852701507642678e+03	2.437659413839073363e-01	1.512058621270920555e-01	2.623297821881982461e-01	1.580000436138903064e-01	7.527008601447016112e-02	3.013861632562573820e-02	7.928966834671774544e-02
1.258304032571739299e+03	2.435775500502725122e-01	1.510816193256559192e-01	2.624625204723334826e-01	1.580795575775920114e-01	7.530367455612564653e-02	3.015559499605647772e-02	7.933948302186553947e-02
1.259755363635835920e+03	2.433894807542090200e-01	1.509575889292846251e-01	2.625950235658953691e-01	1.581589328291940766e-01	7.533720783111286234e-02	3.017254815404319876e-02	7.938921793616243727e-02
1.261206694699932314e+03	2.432017329447385690e-01	1.508337705745217139e-01	2.627272918741977992e-01	1.582381696237448176e-01	7.537068592971719883e-02	3.018947584211592941e-02	7.943887321086559594e-02
1.262658025764028707e+03	2.430143060718263082e-01	1.507101638985332837e-01	2.628593258018601109e-01	1.583172682157885647e-01	7.540410894208371406e-02	3.020637810273227308e-02	7.948844896707742136e-02
1.264109356828125556e+03	2.428271995863791888e-01	1.505867685391069910e-01	2.629911257528083079e-01	1.583962288593667167e-01	7.543747695821730048e-02	3.022325497827753685e-02	7.953794532574565146e-02
1.265560687892221949e+03	2.426404129402445486e-01	1.504635841346510516e-01	2.631226921302759481e-01	1.584750518080189075e-01	7.547079006798292078e-02	3.024010651106486328e-02	7.958736240766342562e-02
1.267012018956318798e+03	2.424539455862082526e-01	1.503406103241930469e-01	2.632540253368058081e-01	1.585537373147840601e-01	7.550404836110574669e-02	3.025693274333532759e-02	7.963670033346936794e-02
1.268463350020415419e+03	2.422677969779932772e-01	1.502178467473789247e-01	2.633851257742506613e-01	1.586322856322015806e-01	7.553725192717133941e-02	3.027373371725809725e-02	7.968595922364769824e-02
1.269914681084511813e+03	2.420819665702579615e-01	1.500952930444719446e-01	2.635159938437746097e-01	1.587106970123123573e-01	7.557040085562588549e-02	3.029050947493052218e-02	7.973513919852825982e-02
1.271366012148608434e+03	2.418964538185945645e-01	1.499729488563515678e-01	2.636466299458542495e-01	1.587889717066599260e-01	7.560349523577629405e-02	3.030726005837828391e-02	7.978424037828664439e-02
1.272817343212705055e+03	2.417112581795274606e-01	1.498508138245124854e-01	2.637770344802798372e-01	1.588671099662915254e-01	7.563653515679050199e-02	3.032398550955549971e-02	7.983326288294421980e-02
1.274268674276801676e+03	2.415263791105116686e-01	1.497288875910635086e-01	2.639072078461564552e-01	1.589451120417591790e-01	7.566952070769754346e-02	3.034068587034485787e-02	7.988220683236828268e-02
1.275720005340898297e+03	2.413418160699313253e-01	1.496071697987264304e-01	2.640371504419052884e-01	1.590229781831208611e-01	7.570245197738779963e-02	3.035736118255772178e-02	7.993107234627205848e-02
1.277171336404994690e+03	2.411575685170979644e-01	1.494856600908350819e-01	2.641668626652646235e-01	1.591007086399414683e-01	7.573532905461316522e-02	3.037401148793427222e-02	7.997985954421488186e-02
1.278622667469091539e+03	2.409736359122489069e-01	1.493643581113343055e-01	2.642963449132911258e-01	1.591783036612940128e-01	7.576815202798724280e-02	3.039063682814362177e-02	8.002856854560219668e-02
1.280073998533187932e+03	2.407900177165458178e-01	1.492432635047787892e-01	2.644255975823610050e-01	1.592557634957605939e-01	7.580092098598549544e-02	3.040723724478393286e-02	8.007719946968568092e-02
1.281525329597284326e+03	2.406067133920730128e-01	1.491223759163321505e-01	2.645546210681713473e-01	1.593330883914334806e-01	7.583363601694548262e-02	3.042381277938253914e-02	8.012575243556331606e-02
1.282976660661381175e+03	2.404237224018359320e-01	1.490016949917657985e-01	2.646834157657407260e-01	1.594102785959163604e-01	7.586629720906699903e-02	3.044036347339607040e-02	8.017422756217947033e-02
1.284427991725477568e+03	2.402410442097594467e-01	1.488812203774578236e-01	2.648119820694109783e-01	1.594873343563251999e-01	7.589890465041226886e-02	3.045688936821057749e-02	8.022262496832499590e-02
1.285879322789574417e+03	2.400586782806864716e-01	1.487609517203921650e-01	2.649403203728480927e-01	1.595642559192894105e-01	7.593145842890614006e-02	3.047339050514163983e-02	8.027094477263729821e-02
1.287330653853671038e+03	2.398766240803762440e-01	1.486408886681574171e-01	2.650684310690433754e-01	1.596410435309529308e-01	7.596395863233627865e-02	3.048986692543450075e-02	8.031918709360044706e-02
1.288781984917767431e+03	2.396948810755028525e-01	1.485210308689457748e-01	2.651963145503146158e-01	1.597176974369751978e-01	7.599640534835333527e-02	3.050631867026417504e-02	8.036735204954523204e-02
1.290233315981864052e+03	2.395134487336535445e-01	1.484013779715520898e-01	2.653239712083072521e-01	1.597942178825323412e-01	7.602879866447109780e-02	3.052274578073557731e-02	8.041543975864927363e-02
