1.001418434226643626e+03	2.824909311066279849e-01	1.767422326672842270e-01	2.349003473560205557e-01	1.415898001425425212e-01	6.840734830100715647e-02	2.671114233415041936e-02	6.915819809226868287e-02
1.003837319333471214e+03	2.820668426749134983e-01	1.764625470734902113e-01	2.352020704139615448e-01	1.417703993700203113e-01	6.848207046715243385e-02	2.674813052443957700e-02	6.926793947592396750e-02
1.006256204440298802e+03	2.816439620937183363e-01	1.761836581921608080e-01	2.355029096610263828e-01	1.419504641672770240e-01	6.855658866347855152e-02	2.678502367885038718e-02	6.937739354339002296e-02
1.008675089547126618e+03	2.812222859208430292e-01	1.759055637505967107e-01	2.358028676305331806e-01	1.421299962162963781e-01	6.863090343435017393e-02	2.682182206276430975e-02	6.948656098451770624e-02
1.011093974653954206e+03	2.808018107238630656e-01	1.756282614826319699e-01	2.361019468485707762e-01	1.423089971932736397e-01	6.870501532282638490e-02	2.685852594080928926e-02	6.959544248792637333e-02
1.013512859760782021e+03	2.803825330801031357e-01	1.753517491286131769e-01	2.364001498340193852e-01	1.424874687686384644e-01	6.877892487066207539e-02	2.689513557686191991e-02	6.970403874100340735e-02
1.015931744867609382e+03	2.799644495766111518e-01	1.750760244353792017e-01	2.366974790985710286e-01	1.426654126070775463e-01	6.885263261830913695e-02	2.693165123404956188e-02	6.981235042990399653e-02
1.018350629974437197e+03	2.795475568101325470e-01	1.748010851562407653e-01	2.369939371467499889e-01	1.428428303675572664e-01	6.892613910491787732e-02	2.696807317475247504e-02	6.992037823955075948e-02
1.020769515081264785e+03	2.791318513870841844e-01	1.745269290509603444e-01	2.372895264759331824e-01	1.430197237033461188e-01	6.899944486833846369e-02	2.700440166060594227e-02	7.002812285363343991e-02
1.023188400188092373e+03	2.787173299235286561e-01	1.742535538857320765e-01	2.375842495763705320e-01	1.431960942620371935e-01	6.907255044512224107e-02	2.704063695250239277e-02	7.013558495460860132e-02
1.025607285294920075e+03	2.783039890451483034e-01	1.739809574331617203e-01	2.378781089312052288e-01	1.433719436855703522e-01	6.914545637052328664e-02	2.707677931059350104e-02	7.024276522369933551e-02
1.028026170401747549e+03	2.778918253872192934e-01	1.737091374722470050e-01	2.381711070164939104e-01	1.435472736102543778e-01	6.921816317849983913e-02	2.711282899429230328e-02	7.034966434089499898e-02
1.030445055508575479e+03	2.774808355945858063e-01	1.734380917883578677e-01	2.384632463012269221e-01	1.437220856667891511e-01	6.929067140171585315e-02	2.714878626227528943e-02	7.045628298495087982e-02
1.032863940615402726e+03	2.770710163216341670e-01	1.731678181732168587e-01	2.387545292473482739e-01	1.438963814802874108e-01	6.936298157154251187e-02	2.718465137248450222e-02	7.056262183338803118e-02
1.035282825722230655e+03	2.766623642322669774e-01	1.728983144248796566e-01	2.390449583097759290e-01	1.440701626702967364e-01	6.943509421805985071e-02	2.722042458212962229e-02	7.066868156249295208e-02
1.037701710829058356e+03	2.762548759998772474e-01	1.726295783477158063e-01	2.393345359364215663e-01	1.442434308508212526e-01	6.950700987005831166e-02	2.725610614769004986e-02	7.077446284731742088e-02
1.040120595935886058e+03	2.758485483073226385e-01	1.723616077523894008e-01	2.396232645682107032e-01	1.444161876303432790e-01	6.957872905504040861e-02	2.729169632491698985e-02	7.087996636167824549e-02
1.042539481042713533e+03	2.754433778468994842e-01	1.720944004558399854e-01	2.399111466391024294e-01	1.445884346118448682e-01	6.965025229922237882e-02	2.732719536883550931e-02	7.098519277815704132e-02
1.044958366149541234e+03	2.750393613203170884e-01	1.718279542812634342e-01	2.401981845761093914e-01	1.447601733928291778e-01	6.972158012753587597e-02	2.736260353374660864e-02	7.109014276810006472e-02
1.047377251256368709e+03	2.746364954386720236e-01	1.715622670580931319e-01	2.404843807993175542e-01	1.449314055653418698e-01	6.979271306362966332e-02	2.739792107322929632e-02	7.119481700161806037e-02
1.049796136363196410e+03	2.742347769224223741e-01	1.712973366219811000e-01	2.407697377219058243e-01	1.451021327159923158e-01	6.986365162987136224e-02	2.743314824014261508e-02	7.129921614758602533e-02
1.052215021470024112e+03	2.738342025013619230e-01	1.710331608147792060e-01	2.410542577501658124e-01	1.452723564259746636e-01	6.993439634734921473e-02	2.746828528662771662e-02	7.140334087364313964e-02
1.054633906576851814e+03	2.734347689145944504e-01	1.707697374845205673e-01	2.413379432835214000e-01	1.454420782710889593e-01	7.000494773587383202e-02	2.750333246410988086e-02	7.150719184619257207e-02
1.057052791683679516e+03	2.730364729105082544e-01	1.705070644854009554e-01	2.416207967145483637e-01	1.456112998217620746e-01	7.007530631398001253e-02	2.753829002330057327e-02	7.161076973040136906e-02
1.059471676790506763e+03	2.726393112467504487e-01	1.702451396777603376e-01	2.419028204289938311e-01	1.457800226430685242e-01	7.014547259892858766e-02	2.757315821419946064e-02	7.171407519020038535e-02
1.061890561897334692e+03	2.722432806902012614e-01	1.699839609280646424e-01	2.421840168057957654e-01	1.459482482947511151e-01	7.021544710670823974e-02	2.760793728609645115e-02	7.181710888828410355e-02
1.064309447004162394e+03	2.718483780169486108e-01	1.697235261088872182e-01	2.424643882171023668e-01	1.461159783312417360e-01	7.028523035203737557e-02	2.764262748757371005e-02	7.191987148611066194e-02
1.066728332110990095e+03	2.714546000122624037e-01	1.694638330988907648e-01	2.427439370282913622e-01	1.462832143016817854e-01	7.035482284836599987e-02	2.767722906650766160e-02	7.202236364390168788e-02
1.069147217217817570e+03	2.710619434705693331e-01	1.692048797828093198e-01	2.430226655979894068e-01	1.464499577499426552e-01	7.042422510787765821e-02	2.771174227007100477e-02	7.212458602064231172e-02
1.071566102324645271e+03	2.706704051954272883e-01	1.689466640514299400e-01	2.433005762780912629e-01	1.466162102146460755e-01	7.049343764149128277e-02	2.774616734473473595e-02	7.222653927408108354e-02
1.073984987431472746e+03	2.702799819994999853e-01	1.686891838015750489e-01	2.435776714137789234e-01	1.467819732291844315e-01	7.056246095886320457e-02	2.778050453627011959e-02	7.232822406073000088e-02
1.076403872538300675e+03	2.698906707045314879e-01	1.684324369360843954e-01	2.438539533435408746e-01	1.469472483217407754e-01	7.063129556838906864e-02	2.781475408975069008e-02	7.242964103586442548e-02
1.078822757645127922e+03	2.695024681413210610e-01	1.681764213637972349e-01	2.441294243991910529e-01	1.471120370153091161e-01	7.069994197720586016e-02	2.784891624955424666e-02	7.253079085352316657e-02
1.081241642751955851e+03	2.691153711496979128e-01	1.679211349995346214e-01	2.444040869058879129e-01	1.472763408277142083e-01	7.076840069119383347e-02	2.788299125936482062e-02	7.263167416650843922e-02
1.083660527858783553e+03	2.687293765784958266e-01	1.676665757640818655e-01	2.446779431821534956e-01	1.474401612716315368e-01	7.083667221497851052e-02	2.791697936217465634e-02	7.273229162638593370e-02
1.086079412965611255e+03	2.683444812855280692e-01	1.674127415841707711e-01	2.449509955398921079e-01	1.476034998546070509e-01	7.090475705193280409e-02	2.795088080028618888e-02	7.283264388348484331e-02
1.088498298072438729e+03	2.679606821375623560e-01	1.671596303924623161e-01	2.452232462844094740e-01	1.477663580790768705e-01	7.097265570417891911e-02	2.798469581531399727e-02	7.293273158689790592e-02
1.090917183179266431e+03	2.675779760102955929e-01	1.669072401275290829e-01	2.454946977144313314e-01	1.479287374423870205e-01	7.104036867259048982e-02	2.801842464818676826e-02	7.303255538448158446e-02
1.093336068286093905e+03	2.671963597883290076e-01	1.666555687338379388e-01	2.457653521221223047e-01	1.480906394368128043e-01	7.110789645679463367e-02	2.805206753914924953e-02	7.313211592285601137e-02
1.095754953392921607e+03	2.668158303651430030e-01	1.664046141617327168e-01	2.460352117931045857e-01	1.482520655495782325e-01	7.117523955517401912e-02	2.808562472776419267e-02	7.323141384740519677e-02
1.098173838499749309e+03	2.664363846430724547e-01	1.661543743674171181e-01	2.463042790064765841e-01	1.484130172628755073e-01	7.124239846486893346e-02	2.811909645291430643e-02	7.333044980227711174e-02
1.100592723606577010e+03	2.660580195332816200e-01	1.659048473129373646e-01	2.465725560348314138e-01	1.485734960538842020e-01	7.130937368177944768e-02	2.815248295280418575e-02	7.342922443038382707e-02
1.103011608713404712e+03	2.656807319557394909e-01	1.656560309661651853e-01	2.468400451442756549e-01	1.487335033947903840e-01	7.137616570056745657e-02	2.818578446496224424e-02	7.352773837340169372e-02
1.105430493820231959e+03	2.653045188391948694e-01	1.654079233007808847e-01	2.471067485944477282e-01	1.488930407528057109e-01	7.144277501465885749e-02	2.821900122624263624e-02	7.362599227177142602e-02
1.107849378927059888e+03	2.649293771211517767e-01	1.651605222962562181e-01	2.473726686385363249e-01	1.490521095901865267e-01	7.150920211624567369e-02	2.825213347282718931e-02	7.372398676469840706e-02
1.110268264033887590e+03	2.645553037478448055e-01	1.649138259378375437e-01	2.476378075232988640e-01	1.492107113642526239e-01	7.157544749628826086e-02	2.828518144022730899e-02	7.382172249015274412e-02
1.112687149140715292e+03	2.641822956742143624e-01	1.646678322165290587e-01	2.479021674890797278e-01	1.493688475274062011e-01	7.164151164451734721e-02	2.831814536328589038e-02	7.391920008486958793e-02
1.115106034247542766e+03	2.638103498638822431e-01	1.644225391290759786e-01	2.481657507698286913e-01	1.495265195271504866e-01	7.170739504943630938e-02	2.835102547617922644e-02	7.401642018434929915e-02
1.117524919354370468e+03	2.634394632891270960e-01	1.641779446779477181e-01	2.484285595931190471e-01	1.496837288061084181e-01	7.177309819832332349e-02	2.838382201241889877e-02	7.411338342285769820e-02
1.119943804461197942e+03	2.630696329308599979e-01	1.639340468713215426e-01	2.486905961801658127e-01	1.498404768020413225e-01	7.183862157723354402e-02	2.841653520485368234e-02	7.421009043342634282e-02
1.122362689568025871e+03	2.627008557786001952e-01	1.636908437230654989e-01	2.489518627458439104e-01	1.499967649478672338e-01	7.190396567100131031e-02	2.844916528567142597e-02	7.430654184785273619e-02
1.124781574674853118e+03	2.623331288304504572e-01	1.634483332527223443e-01	2.492123614987061808e-01	1.501525946716793791e-01	7.196913096324238091e-02	2.848171248640093620e-02	7.440273829670063233e-02
1.127200459781681047e+03	2.619664490930730394e-01	1.632065134854928101e-01	2.494720946410015072e-01	1.503079673967645524e-01	7.203411793635612625e-02	2.851417703791386121e-02	7.449868040930038293e-02
1.129619344888508749e+03	2.616008135816655922e-01	1.629653824522192818e-01	2.497310643686927178e-01	1.504628845416211835e-01	7.209892707152777691e-02	2.854655917042654353e-02	7.459436881374920114e-02
1.132038229995336451e+03	2.612362193199367355e-01	1.627249381893693669e-01	2.499892728714744883e-01	1.506173475199777401e-01	7.216355884873063009e-02	2.857885911350192126e-02	7.468980413691146680e-02
1.134457115102163925e+03	2.608726633400821338e-01	1.624851787390195756e-01	2.502467223327913270e-01	1.507713577408106020e-01	7.222801374672831176e-02	2.861107709605135996e-02	7.478498700441911506e-02
1.136876000208991627e+03	2.605101426827604039e-01	1.622461021488392219e-01	2.505034149298551727e-01	1.509249166083620475e-01	7.229229224307703872e-02	2.864321334633651572e-02	7.487991804067195556e-02
1.139294885315819101e+03	2.601486543970692455e-01	1.620077064720740756e-01	2.507593528336636290e-01	1.510780255221583213e-01	7.235639481412785290e-02	2.867526809197119830e-02	7.497459786883804711e-02
1.141713770422646803e+03	2.597881955405213494e-01	1.617699897675302922e-01	2.510145382090172017e-01	1.512306858770273710e-01	7.242032193502888349e-02	2.870724155992319948e-02	7.506902711085407243e-02
1.144132655529474505e+03	2.594287631790206938e-01	1.615329500995583145e-01	2.512689732145371724e-01	1.513828990631166105e-01	7.248407407972767835e-02	2.873913397651614576e-02	7.516320638742578220e-02
1.146551540636302207e+03	2.590703543868386749e-01	1.612965855380368574e-01	2.515226600026832515e-01	1.515346664659105169e-01	7.254765172097339676e-02	2.877094556743133372e-02	7.525713631802834203e-02
1.148970425743129908e+03	2.587129662465903479e-01	1.610608941583568932e-01	2.517756007197711754e-01	1.516859894662484221e-01	7.261105533031915471e-02	2.880267655770955490e-02	7.535081752090677654e-02
1.151389310849957155e+03	2.583565958492108905e-01	1.608258740414057475e-01	2.520277975059901365e-01	1.518368694403418595e-01	7.267428537812430089e-02	2.883432717175292079e-02	7.544425061307645508e-02
1.153808195956785084e+03	2.580012402939317884e-01	1.605915232735512232e-01	2.522792524954202698e-01	1.519873077597920508e-01	7.273734233355670653e-02	2.886589763332668770e-02	7.553743621032345257e-02
1.156227081063612786e+03	2.576468966882574652e-01	1.603578399466258630e-01	2.525299678160502492e-01	1.521373057916073357e-01	7.280022666459508296e-02	2.889738816556107134e-02	7.563037492720509070e-02
1.158645966170440488e+03	2.572935621479418011e-01	1.601248221579110453e-01	2.527799455897943859e-01	1.522868648982202977e-01	7.286293883803124372e-02	2.892879899095304741e-02	7.572306737705038204e-02
1.161064851277267962e+03	2.569412337969643745e-01	1.598924680101213303e-01	2.530291879325101134e-01	1.524359864375051943e-01	7.292547931947249151e-02	2.896013033136816614e-02	7.581551417196055742e-02
1.163483736384095664e+03	2.565899087675074242e-01	1.596607756113888055e-01	2.532776969540153633e-01	1.525846717627948601e-01	7.298784857334386644e-02	2.899138240804234948e-02	7.590771592280955160e-02
1.165902621490923138e+03	2.562395841999325907e-01	1.594297430752474598e-01	2.535254747581054957e-01	1.527329222228979710e-01	7.305004706289049132e-02	2.902255544158367437e-02	7.599967323924451679e-02
1.168321506597751068e+03	2.558902572427573241e-01	1.591993685206176123e-01	2.537725234425708964e-01	1.528807391621159195e-01	7.311207525017994480e-02	2.905364965197418381e-02	7.609138672968637773e-02
1.170740391704578315e+03	2.555419250526320130e-01	1.589696500717903971e-01	2.540188450992136304e-01	1.530281239202597177e-01	7.317393359610452341e-02	2.908466525857164586e-02	7.618285700133037297e-02
1.173159276811406244e+03	2.551945847943166146e-01	1.587405858584123586e-01	2.542644418138649831e-01	1.531750778326668450e-01	7.323562256038360085e-02	2.911560248011135776e-02	7.627408466014659605e-02
1.175578161918233945e+03	2.548482336406577842e-01	1.585121740154698533e-01	2.545093156664021694e-01	1.533216022302180959e-01	7.329714260156600103e-02	2.914646153470789106e-02	7.636507031088060615e-02
1.177997047025061647e+03	2.545028687725657823e-01	1.582844126832739506e-01	2.547534687307653756e-01	1.534676984393540944e-01	7.335849417703227404e-02	2.917724263985688876e-02	7.645581455705401097e-02
1.180415932131889122e+03	2.541584873789915489e-01	1.580573000074448620e-01	2.549969030749749122e-01	1.536133677820920862e-01	7.341967774299711091e-02	2.920794601243680358e-02	7.654631800096503569e-02
1.182834817238716823e+03	2.538150866569038322e-01	1.578308341388968417e-01	2.552396207611477563e-01	1.537586115760423700e-01	7.348069375451161955e-02	2.923857186871068117e-02	7.663658124368918911e-02
1.185253702345544298e+03	2.534726638112663744e-01	1.576050132338228382e-01	2.554816238455147048e-01	1.539034311344248118e-01	7.354154266546576724e-02	2.926912042432789490e-02	7.672660488507986043e-02
1.187672587452371999e+03	2.531312160550150403e-01	1.573798354536793953e-01	2.557229143784370273e-01	1.540478277660852768e-01	7.360222492859067045e-02	2.929959189432590136e-02	7.681638952376897145e-02
1.190091472559199701e+03	2.527907406090352804e-01	1.571552989651714693e-01	2.559634944044231752e-01	1.541918027755117826e-01	7.366274099546094023e-02	2.932998649313198897e-02	7.690593575716765662e-02
1.192510357666027403e+03	2.524512347021393155e-01	1.569314019402374416e-01	2.562033659621455461e-01	1.543353574628509861e-01	7.372309131649713854e-02	2.936030443456500924e-02	7.699524418146684590e-02
1.194929242772855105e+03	2.521126955710437656e-01	1.567081425560339913e-01	2.564425310844570816e-01	1.544784931239242542e-01	7.378327634096799870e-02	2.939054593183710803e-02	7.708431539163805579e-02
1.197348127879682352e+03	2.517751204603470572e-01	1.564855189949210801e-01	2.566809917984079759e-01	1.546212110502437620e-01	7.384329651699292341e-02	2.942071119755546721e-02	7.717314998143399996e-02
1.199767012986510281e+03	2.514385066225068854e-01	1.562635294444471024e-01	2.569187501252620520e-01	1.547635125290286184e-01	7.390315229154428844e-02	2.945080044372401853e-02	7.726174854338935249e-02
1.202185898093337983e+03	2.511028513178178989e-01	1.560421720973339532e-01	2.571558080805133595e-01	1.549053988432207152e-01	7.396284411044980189e-02	2.948081388174516801e-02	7.735011166882142797e-02
1.204604783200165684e+03	2.507681518143893284e-01	1.558214451514620957e-01	2.573921676739028830e-01	1.550468712715007413e-01	7.402237241839491888e-02	2.951075172242149935e-02	7.743823994783097242e-02
1.207023668306993159e+03	2.504344053881227827e-01	1.556013468098558505e-01	2.576278309094344188e-01	1.551879310883040042e-01	7.408173765892520080e-02	2.954061417595750180e-02	7.752613396930280176e-02
1.209442553413820860e+03	2.501016093226899883e-01	1.553818752806685743e-01	2.578627997853912834e-01	1.553285795638361388e-01	7.414094027444864676e-02	2.957040145196124931e-02	7.761379432090667607e-02
1.211861438520648335e+03	2.497697609095106686e-01	1.551630287771680328e-01	2.580970762943528007e-01	1.554688179640888734e-01	7.419998070623812225e-02	2.960011375944613179e-02	7.770122158909797960e-02
1.214280323627476264e+03	2.494388574477304221e-01	1.549448055177216066e-01	2.583306624232101778e-01	1.556086475508556277e-01	7.425885939443371830e-02	2.962975130683251704e-02	7.778841635911855346e-02
1.216699208734303511e+03	2.491088962441987131e-01	1.547272037257817756e-01	2.585635601531829919e-01	1.557480695817471117e-01	7.431757677804516626e-02	2.965931430194946802e-02	7.787537921499747273e-02
1.219118093841131440e+03	2.487798746134469441e-01	1.545102216298713527e-01	2.587957714598351777e-01	1.558870853102068132e-01	7.437613329495412762e-02	2.968880295203640829e-02	7.796211073955186532e-02
1.221536978947959142e+03	2.484517898776664735e-01	1.542938574635691895e-01	2.590272983130915141e-01	1.560256959855263470e-01	7.443452938191667811e-02	2.971821746374481502e-02	7.804861151438768907e-02
1.223955864054786844e+03	2.481246393666869110e-01	1.540781094654954386e-01	2.592581426772532782e-01	1.561639028528609419e-01	7.449276547456561148e-02	2.974755804313988436e-02	7.813488211990063381e-02
1.226374749161614318e+03	2.477984204179541072e-01	1.538629758792972591e-01	2.594883065110146214e-01	1.563017071532447066e-01	7.455084200741289580e-02	2.977682489570221067e-02	7.822092313527688467e-02
1.228793634268442020e+03	2.474731303765086710e-01	1.536484549536344113e-01	2.597177917674783343e-01	1.564391101236057846e-01	7.460875941385199106e-02	2.980601822632944833e-02	7.830673513849405187e-02
1.231212519375269494e+03	2.471487665949641810e-01	1.534345449421647689e-01	2.599466003941719450e-01	1.565761129967816190e-01	7.466651812616023620e-02	2.983513823933797368e-02	7.839231870632194787e-02
1.233631404482097196e+03	2.468253264334855090e-01	1.532212441035300243e-01	2.601747343330635953e-01	1.567127170015340798e-01	7.472411857550131931e-02	2.986418513846454334e-02	7.847767441432354496e-02
1.236050289588924898e+03	2.465028072597675590e-01	1.530085507013415336e-01	2.604021955205778616e-01	1.568489233625643964e-01	7.478156119192753970e-02	2.989315912686793530e-02	7.856280283685583565e-02
1.238469174695752372e+03	2.461812064490134233e-01	1.527964630041659111e-01	2.606289858876116861e-01	1.569847333005281176e-01	7.483884640438227820e-02	2.992206040713061427e-02	7.864770454707072089e-02
1.240888059802580301e+03	2.458605213839132331e-01	1.525849792855108467e-01	2.608551073595498093e-01	1.571201480320502109e-01	7.489597464070235633e-02	2.995088918126035532e-02	7.873238011691591209e-02
1.243306944909407548e+03	2.455407494546226477e-01	1.523740978238111166e-01	2.610805618562809793e-01	1.572551687697397171e-01	7.495294632762042331e-02	2.997964565069190235e-02	7.881683011713590259e-02
1.245725830016235477e+03	2.452218880587416772e-01	1.521638169024143450e-01	2.613053512922133281e-01	1.573897967222046002e-01	7.500976189076732914e-02	3.000833001628856744e-02	7.890105511727284193e-02
1.248144715123063179e+03	2.449039346012933382e-01	1.519541348095668210e-01	2.615294775762900814e-01	1.575240330940665123e-01	7.506642175467453937e-02	3.003694247834390318e-02	7.898505568566753510e-02
1.250563600229890881e+03	2.445868864947024768e-01	1.517450498383996760e-01	2.617529426120051017e-01	1.576578790859753665e-01	7.512292634277649428e-02	3.006548323658329164e-02	7.906883238946034453e-02
1.252982485336718355e+03	2.442707411587747290e-01	1.515365602869147843e-01	2.619757482974184315e-01	1.577913358946240185e-01	7.517927607741298202e-02	3.009395249016557847e-02	7.915238579459221713e-02
1.255401370443546057e+03	2.439554960206753165e-01	1.513286644579708851e-01	2.621978965251719473e-01	1.579244047127627004e-01	7.523547137983155331e-02	3.012235043768468276e-02	7.923571646580560013e-02
1.257820255550373531e+03	2.436411485149082290e-01	1.511213606592695657e-01	2.624193891825046809e-01	1.580570867292136750e-01	7.529151267018988070e-02	3.015067727717121032e-02	7.931882496664548199e-02
1.260239140657201460e+03	2.433276960832951308e-01	1.509146472033414399e-01	2.626402281512681958e-01	1.581893831288854191e-01	7.534740036755815940e-02	3.017893320609405308e-02	7.940171185946034993e-02
1.262658025764028707e+03	2.430151361749544880e-01	1.507085224075323526e-01	2.628604153079421302e-01	1.583212950927870843e-01	7.540313488992149427e-02	3.020711842136199546e-02	7.948437770540321690e-02
1.265076910870856636e+03	2.427034662462808079e-01	1.505029845939896416e-01	2.630799525236491854e-01	1.584528237980428744e-01	7.545871665418227292e-02	3.023523311932530683e-02	7.956682306443266239e-02
1.267495795977684338e+03	2.423926837609238216e-01	1.502980320896482314e-01	2.632988416641708906e-01	1.585839704179060894e-01	7.551414607616251107e-02	3.026327749577733747e-02	7.964904849531384556e-02
1.269914681084511813e+03	2.420827861897678068e-01	1.500936632262171166e-01	2.635170845899625358e-01	1.587147361217734476e-01	7.556942357060625337e-02	3.029125174595609718e-02	7.973105455561953214e-02
1.272333566191339514e+03	2.417737710109108540e-01	1.498898763401654843e-01	2.637346831561682703e-01	1.588451220751991022e-01	7.562454955118201594e-02	3.031915606454585119e-02	7.981284180173117693e-02
1.274752451298167216e+03	2.414656357096444383e-01	1.496866697727093354e-01	2.639516392126365907e-01	1.589751294399087966e-01	7.567952443048504840e-02	3.034699064567867796e-02	7.989441078883992298e-02
1.277171336404994690e+03	2.411583777784327698e-01	1.494840418697976625e-01	2.641679546039350512e-01	1.591047593738136590e-01	7.573434862003981805e-02	3.037475568293606515e-02	7.997576207094778122e-02
1.279590221511822392e+03	2.408519947168921982e-01	1.492819909820990998e-01	2.643836311693658070e-01	1.592340130310243851e-01	7.578902253030229963e-02	3.040245136935045694e-02	8.005689620086858804e-02
1.282009106618650094e+03	2.405464840317710906e-01	1.490805154649882946e-01	2.645986707429801021e-01	1.593628915618649222e-01	7.584354657066240402e-02	3.043007789740683963e-02	8.013781373022918486e-02
1.284427991725477568e+03	2.402418432369291812e-01	1.488796136785325297e-01	2.648130751535936467e-01	1.594913961128863189e-01	7.589792114944635126e-02	3.045763545904428549e-02	8.021851520947051450e-02
1.286846876832305497e+03	2.399380698533174761e-01	1.486792839874782057e-01	2.650268462248014378e-01	1.596195278268805751e-01	7.595214667391898822e-02	3.048512424565751402e-02	8.029900118784867591e-02
1.289265761939132744e+03	2.396351614089578530e-01	1.484795247612375191e-01	2.652399857749925260e-01	1.597472878428942700e-01	7.600622355028618937e-02	3.051254444809844632e-02	8.037927221343608986e-02
1.291684647045960673e+03	2.393331154389229942e-01	1.482803343738750557e-01	2.654524956173651140e-01	1.598746772962421903e-01	7.606015218369727160e-02	3.053989625667774543e-02	8.045932883312259531e-02
1.294103532152788375e+03	2.390319294853161802e-01	1.480817112040944961e-01	2.656643775599411006e-01	1.600016973185209301e-01	7.611393297824727011e-02	3.056717986116636032e-02	8.053917159261662906e-02
1.296522417259616077e+03	2.387316010972511948e-01	1.478836536352254316e-01	2.658756334055810688e-01	1.601283490376224361e-01	7.616756633697938095e-02	3.059439545079706974e-02	8.061880103644637752e-02
1.298941302366443551e+03	2.384321278308324799e-01	1.476861600552100140e-01	2.660862649519988299e-01	1.602546335777474407e-01	7.622105266188727857e-02	3.062154321426600184e-02	8.069821770796090088e-02
1.301360187473271253e+03	2.381335072491348737e-01	1.474892288565898268e-01	2.662962739917763000e-01	1.603805520594189515e-01	7.627439235391750283e-02	3.064862333973417813e-02	8.077742214933131271e-02
1.303779072580098727e+03	2.378357369221839879e-01	1.472928584364927018e-01	2.665056623123780444e-01	1.605061055994954911e-01	7.632758581297180434e-02	3.067563601482902955e-02	8.085641490155191791e-02
1.306197957686926657e+03	2.375388144269362234e-01	1.470970471966196180e-01	2.667144316961657102e-01	1.606312953111845299e-01	7.638063343790948978e-02	3.070258142664592307e-02	8.093519650444151725e-02
1.308616842793753904e+03	2.372427373472590362e-01	1.469017935432316291e-01	2.669225839204128481e-01	1.607561223040556431e-01	7.643353562654980893e-02	3.072945976174966745e-02	8.101376749664446208e-02
1.311035727900581833e+03	2.369475032739111198e-01	1.467070958871367625e-01	2.671301207573192338e-01	1.608805876840537497e-01	7.648629277567428608e-02	3.075627120617603974e-02	8.109212841563194496e-02
1.313454613007409534e+03	2.366531098045228099e-01	1.465129526436770580e-01	2.673370439740255233e-01	1.610046925535121853e-01	7.653890528102906543e-02	3.078301594543327718e-02	8.117027979770317925e-02
1.315873498114237009e+03	2.363595545435764611e-01	1.463193622327156607e-01	2.675433553326276304e-01	1.611284380111658587e-01	7.659137353732731190e-02	3.080969416450358989e-02	8.124822217798663426e-02
1.318292383221064711e+03	2.360668351023867684e-01	1.461263230786237766e-01	2.677490565901908814e-01	1.612518251521642965e-01	7.664369793825144550e-02	3.083630604784465615e-02	8.132595609044125651e-02
1.320711268327892412e+03	2.357749490990814212e-01	1.459338336102679046e-01	2.679541494987647821e-01	1.613748550680844940e-01	7.669587887645565316e-02	3.086285177939111432e-02	8.140348206785771867e-02
1.323130153434719887e+03	2.354838941585815637e-01	1.457418922609967915e-01	2.681586358053970054e-01	1.614975288469439607e-01	7.674791674356808147e-02	3.088933154255606509e-02	8.148080064185962701e-02
1.325549038541547588e+03	2.351936679125823382e-01	1.455504974686288588e-01	2.683625172521477698e-01	1.616198475732135431e-01	7.679981193019322361e-02	3.091574552023254249e-02	8.155791234290486746e-02
1.327967923648375290e+03	2.349042679995336502e-01	1.453596476754392408e-01	2.685657955761039939e-01	1.617418123278301922e-01	7.685156482591432026e-02	3.094209389479500583e-02	8.163481770028674367e-02
1.330386808755202765e+03	2.346156920646207678e-01	1.451693413281471001e-01	2.687684725093936189e-01	1.618634241882098701e-01	7.690317581929560775e-02	3.096837684810080718e-02	8.171151724213536471e-02
1.332805693862030694e+03	2.343279377597452529e-01	1.449795768779029714e-01	2.689705497791996525e-01	1.619846842282600397e-01	7.695464529788469121e-02	3.099459456149167638e-02	8.178801149541883864e-02
1.335224578968857941e+03	2.340410027435055884e-01	1.447903527802759660e-01	2.691720291077744909e-01	1.621055935183924324e-01	7.700597364821488988e-02	3.102074721579518163e-02	8.186430098594461857e-02
1.337643464075685870e+03	2.337548846811781933e-01	1.446016674952412540e-01	2.693729122124534081e-01	1.622261531255357603e-01	7.705716125580752696e-02	3.104683499132620053e-02	8.194038623836079338e-02
1.340062349182513572e+03	2.334695812446982432e-01	1.444135194871674632e-01	2.695732008056693219e-01	1.623463641131480950e-01	7.710820850517428882e-02	3.107285806788837382e-02	8.201626777615732278e-02
1.342481234289341273e+03	2.331850901126407971e-01	1.442259072248040508e-01	2.697728965949663937e-01	1.624662275412293855e-01	7.715911577981955649e-02	3.109881662477556249e-02	8.209194612166745286e-02
1.344900119396168748e+03	2.329014089702016177e-01	1.440388291812687849e-01	2.699720012830138516e-01	1.625857444663340035e-01	7.720988346224268162e-02	3.112471084077331196e-02	8.216742179606893737e-02
1.347319004502996449e+03	2.326185355091785478e-01	1.438522838340353105e-01	2.701705165676201448e-01	1.627049159415830670e-01	7.726051193394034566e-02	3.115054089416028141e-02	8.224269531938546707e-02
1.349737889609823924e+03	2.323364674279524145e-01	1.436662696649207149e-01	2.703684441417468221e-01	1.628237430166768196e-01	7.731100157540886364e-02	3.117630696270970794e-02	8.231776721048789103e-02
1.352156774716651853e+03	2.320552024314683215e-01	1.434807851600729822e-01	2.705657856935220207e-01	1.629422267379068701e-01	7.736135276614650169e-02	3.120200922369082905e-02	8.239263798709565989e-02
1.354575659823479100e+03	2.317747382312169702e-01	1.432958288099587529e-01	2.707625429062547884e-01	1.630603681481684886e-01	7.741156588465578081e-02	3.122764785387032935e-02	8.246730816577810264e-02
1.356994544930307029e+03	2.314950725452157576e-01	1.431113991093509175e-01	2.709587174584483504e-01	1.631781682869728189e-01	7.746164130844578055e-02	3.125322302951377001e-02	8.254177826195584211e-02
1.359413430037134731e+03	2.312162030979904304e-01	1.429274945573163202e-01	2.711543110238139875e-01	1.632956281904589246e-01	7.751157941403444274e-02	3.127873492638700431e-02	8.261604878990209955e-02
1.361832315143962205e+03	2.309381276205563216e-01	1.427441136572034641e-01	2.713493252712848025e-01	1.634127488914060011e-01	7.756138057695091681e-02	3.130418371975763475e-02	8.269012026274409621e-02
1.364251200250789907e+03	2.306608438503997272e-01	1.425612549166302423e-01	2.715437618650293761e-01	1.635295314192453109e-01	7.761104517173778028e-02	3.132956958439638007e-02	8.276399319246445507e-02
1.366670085357617609e+03	2.303843495314596423e-01	1.423789168474718925e-01	2.717376224644649785e-01	1.636459768000722570e-01	7.766057357195341182e-02	3.135489269457854972e-02	8.283766808990256081e-02
1.369088970464445310e+03	2.301086424141091935e-01	1.421970979658485901e-01	2.719309087242716694e-01	1.637620860566582903e-01	7.770996615017422560e-02	3.138015322408541086e-02	8.291114546475591984e-02
1.371507855571272785e+03	2.298337202551372638e-01	1.420157967921135134e-01	2.721236222944055094e-01	1.638778602084628444e-01	7.775922327799701661e-02	3.140535134620560387e-02	8.298442582558163139e-02
1.373926740678100487e+03	2.295595808177303132e-01	1.418350118508407143e-01	2.723157648201118275e-01	1.639933002716451038e-01	7.780834532604122278e-02	3.143048723373657177e-02	8.305750967979773358e-02
1.376345625784927961e+03	2.292862218714539213e-01	1.416547416708129059e-01	2.725073379419390984e-01	1.641084072590758558e-01	7.785733266395117314e-02	3.145556105898592719e-02	8.313039753368463292e-02
1.378764510891755890e+03	2.290136411922346626e-01	1.414749847850096109e-01	2.726983432957520437e-01	1.642231821803493141e-01	7.790618566039844706e-02	3.148057299377288176e-02	8.320308989238654751e-02
1.381183395998583137e+03	2.287418365623419547e-01	1.412957397305950880e-01	2.728887825127452871e-01	1.643376260417946100e-01	7.795490468308408083e-02	3.150552320942958534e-02	8.327558725991290878e-02
1.383602281105411066e+03	2.284708057703699058e-01	1.411170050489063688e-01	2.730786572194562889e-01	1.644517398464877267e-01	7.800349009874087136e-02	3.153041187680256235e-02	8.334789013913980471e-02
1.386021166212238768e+03	2.282005466112192738e-01	1.409387792854413790e-01	2.732679690377788906e-01	1.645655245942628520e-01	7.805194227313569377e-02	3.155523916625408570e-02	8.341999903181138154e-02
1.388440051319066470e+03	2.279310568860794528e-01	1.407610609898469478e-01	2.734567195849764709e-01	1.646789812817241183e-01	7.810026157107168021e-02	3.158000524766352290e-02	8.349191443854135641e-02
1.390858936425893944e+03	2.276623344024104878e-01	1.405838487159071504e-01	2.736449104736952131e-01	1.647921109022569830e-01	7.814844835639056519e-02	3.160471029042877245e-02	8.356363685881441905e-02
1.393277821532721646e+03	2.273943769739252552e-01	1.404071410215312066e-01	2.738325433119771501e-01	1.649049144460398575e-01	7.819650299197489218e-02	3.162935446346757523e-02	8.363516679098771667e-02
1.395696706639549120e+03	2.271271824205714218e-01	1.402309364687418791e-01	2.740196197032734315e-01	1.650173929000553485e-01	7.824442583975033116e-02	3.165393793521891624e-02	8.370650473229226951e-02
1.398115591746377049e+03	2.268607485685139036e-01	1.400552336236637607e-01	2.742061412464574799e-01	1.651295472481017490e-01	7.829221726068788523e-02	3.167846087364437069e-02	8.377765117883451129e-02
1.400534476853204296e+03	2.265950732501168519e-01	1.398800310565113392e-01	2.743921095358378137e-01	1.652413784708042510e-01	7.833987761480616652e-02	3.170292344622949177e-02	8.384860662559770472e-02
1.402953361960032225e+03	2.263301543039261676e-01	1.397053273415775621e-01	2.745775261611712592e-01	1.653528875456264091e-01	7.838740726117365831e-02	3.172732581998513601e-02	8.391937156644346807e-02
1.405372247066859927e+03	2.260659895746515713e-01	1.395311210572220129e-01	2.747623927076759398e-01	1.654640754468812147e-01	7.843480655791092160e-02	3.175166816144881637e-02	8.398994649411321844e-02
1.407791132173687402e+03	2.258025769131494220e-01	1.393574107858593092e-01	2.749467107560439327e-01	1.655749431457423648e-01	7.848207586219288490e-02	3.177595063668608305e-02	8.406033190022971224e-02
1.410210017280515103e+03	2.255399141764047322e-01	1.391841951139476119e-01	2.751304818824545917e-01	1.656854916102553643e-01	7.852921553025109247e-02	3.180017341129183495e-02	8.413052827529850231e-02
1.412628902387342805e+03	2.252779992275139309e-01	1.390114726319769400e-01	2.753137076585871479e-01	1.657957218053486281e-01	7.857622591737586926e-02	3.182433665039167275e-02	8.420053610870946448e-02
1.415047787494170507e+03	2.250168299356672952e-01	1.388392419344577633e-01	2.754963896516337551e-01	1.659056346928446390e-01	7.862310737791861071e-02	3.184844051864323816e-02	8.427035588873832417e-02
1.417466672600997981e+03	2.247564041761316578e-01	1.386675016199094557e-01	2.756785294243119799e-01	1.660152312314707723e-01	7.866986026529401710e-02	3.187248518023753918e-02	8.433998810254812739e-02
1.419885557707825683e+03	2.244967198302329214e-01	1.384962502908488602e-01	2.758601285348779575e-01	1.661245123768704257e-01	7.871648493198232788e-02	3.189647079890028242e-02	8.440943323619076732e-02
1.422304442814653157e+03	2.242377747853387948e-01	1.383254865537788258e-01	2.760411885371387708e-01	1.662334790816138441e-01	7.876298172953150045e-02	3.192039753789320533e-02	8.447869177460858026e-02
1.424723327921481086e+03	2.239795669348416118e-01	1.381552090191769111e-01	2.762217109804653292e-01	1.663421322952090553e-01	7.880935100855943065e-02	3.194426556001538769e-02	8.454776420163581663e-02
1.427142213028308333e+03	2.237220941781411232e-01	1.379854163014839208e-01	2.764016974098049140e-01	1.664504729641126390e-01	7.885559311875627031e-02	3.196807502760458386e-02	8.461665100000012596e-02
1.429561098135136262e+03	2.234653544206271769e-01	1.378161070190926374e-01	2.765811493656938902e-01	1.665585020317406351e-01	7.890170840888649506e-02	3.199182610253850645e-02	8.468535265132422218e-02
1.431979983241963964e+03	2.232093455736628429e-01	1.376472797943365522e-01	2.767600683842703080e-01	1.666662204384790902e-01	7.894769722679123580e-02	3.201551894623618638e-02	8.475386963612735469e-02
1.434398868348791666e+03	2.229540655545671768e-01	1.374789332534785691e-01	2.769384559972863369e-01	1.667736291216949940e-01	7.899355991939040200e-02	3.203915371965922188e-02	8.482220243382689040e-02
1.436817753455619140e+03	2.226995122865983723e-01	1.373110660266997907e-01	2.771163137321208669e-01	1.668807290157467149e-01	7.903929683268494377e-02	3.206273058331311765e-02	8.489035152273981255e-02
1.439236638562446842e+03	2.224456836989366360e-01	1.371436767480882779e-01	2.772936431117919431e-01	1.669875210519948805e-01	7.908490831175900293e-02	3.208624969724858944e-02	8.495831738008434442e-02
1.441655523669274316e+03	2.221925777266673951e-01	1.369767640556280031e-01	2.774704456549690890e-01	1.670940061588126746e-01	7.913039470078217508e-02	3.210971122106283382e-02	8.502610048198151749e-02
1.444074408776102018e+03	2.219401923107643393e-01	1.368103265911876087e-01	2.776467228759860739e-01	1.672001852615964956e-01	7.917575634301161902e-02	3.213311531390082576e-02	8.509370130345668415e-02
1.446493293882929493e+03	2.216885253980727666e-01	1.366443630005093335e-01	2.778224762848529039e-01	1.673060592827765591e-01	7.922099358079431886e-02	3.215646213445663704e-02	8.516112031844116914e-02
1.448912178989757422e+03	2.214375749412925976e-01	1.364788719331979927e-01	2.779977073872683113e-01	1.674116291418271396e-01	7.926610675556923502e-02	3.217975184097467828e-02	8.522835799977375448e-02
1.451331064096585123e+03	2.211873388989619160e-01	1.363138520427098765e-01	2.781724176846319674e-01	1.675168957552770621e-01	7.931109620786946923e-02	3.220298459125100349e-02	8.529541481920238644e-02
1.453749949203412370e+03	2.209378152354400104e-01	1.361493019863418696e-01	2.783466086740569168e-01	1.676218600367201383e-01	7.935596227732452657e-02	3.222616054263457291e-02	8.536229124738567431e-02
1.456168834310240300e+03	2.206890019208909981e-01	1.359852204252202934e-01	2.785202818483815679e-01	1.677265228968254085e-01	7.940070530266235549e-02	3.224927985202855757e-02	8.542898775389450028e-02
1.458587719417068001e+03	2.204408969312671163e-01	1.358216060242900813e-01	2.786934386961822385e-01	1.678308852433474108e-01	7.944532562171162382e-02	3.227234267589156047e-02	8.549550480721364309e-02
1.461006604523895703e+03	2.201934982482922354e-01	1.356584574523039544e-01	2.788660807017849241e-01	1.679349479811364787e-01	7.948982357140386978e-02	3.229534917023892115e-02	8.556184287474337402e-02
1.463425489630723177e+03	2.199468038594453168e-01	1.354957733818112908e-01	2.790382093452775658e-01	1.680387120121489275e-01	7.953419948777565307e-02	3.231829949064396468e-02	8.562800242280102503e-02
1.465844374737550879e+03	2.197008117579441755e-01	1.353335524891476072e-01	2.792098261025222072e-01	1.681421782354571848e-01	7.957845370597071977e-02	3.234119379223926449e-02	8.569398391662266801e-02
1.468263259844378354e+03	2.194555199427288550e-01	1.351717934544234001e-01	2.793809324451669296e-01	1.682453475472598936e-01	7.962258656024212566e-02	3.236403222971789839e-02	8.575978782036465520e-02
1.470682144951206283e+03	2.192109264184453898e-01	1.350104949615136829e-01	2.795515298406581195e-01	1.683482208408920988e-01	7.966659838395447057e-02	3.238681495733469057e-02	8.582541459710529841e-02
1.473101030058033530e+03	2.189670291954295689e-01	1.348496556980469385e-01	2.797216197522521819e-01	1.684507990068351835e-01	7.971048950958596613e-02	3.240954212890746061e-02	8.589086470884649271e-02
1.475519915164861459e+03	2.187238262896905594e-01	1.346892743553946836e-01	2.798912036390274749e-01	1.685530829327268609e-01	7.975426026873060070e-02	3.243221389781830027e-02	8.595613861651527077e-02
1.477938800271689161e+03	2.184813157228948921e-01	1.345293496286605606e-01	2.800602829558965223e-01	1.686550735033711390e-01	7.979791099210033212e-02	3.245483041701475307e-02	8.602123677996552364e-02
1.480357685378516862e+03	2.182394955223501132e-01	1.343698802166697626e-01	2.802288591536176154e-01	1.687567716007483676e-01	7.984144200952715542e-02	3.247739183901110493e-02	8.608615965797958292e-02
1.482776570485344337e+03	2.179983637209887415e-01	1.342108648219583478e-01	2.803969336788068589e-01	1.688581781040249807e-01	7.988485364996533722e-02	3.249989831588961237e-02	8.615090770826985822e-02
