1.001418434226643626e+03	2.861439741291640360e-01	1.699995950695527280e-01	2.346065687893561513e-01	1.419695470924348668e-01	6.957830362866786189e-02	2.752406086135395641e-02	7.017795042945547401e-02
1.003837319333471214e+03	2.857067549760204384e-01	1.697374829163635357e-01	2.348988202767867683e-01	1.421487946152785176e-01	6.965204937746291569e-02	2.756551778484781293e-02	7.029058005322511016e-02
1.006256204440298802e+03	2.852707890809322855e-01	1.694761221351498426e-01	2.351901884671340204e-01	1.423275151965010810e-01	6.972558288970572005e-02	2.760689860733464909e-02	7.040290362322748630e-02
1.008675089547126618e+03	2.848360728406560960e-01	1.692155105653534719e-01	2.354806759909061631e-01	1.425057105454993478e-01	6.979890481638094391e-02	2.764820339729670562e-02	7.051492184389232531e-02
1.011093974653954206e+03	2.844026026623751591e-01	1.689556460526706883e-01	2.357702854705528428e-01	1.426833823648628041e-01	6.987201580623426944e-02	2.768943222353589112e-02	7.062663541975343351e-02
1.013512859760782021e+03	2.839703749636681707e-01	1.686965264490337679e-01	2.360590195204937403e-01	1.428605323504127111e-01	6.994491650578232855e-02	2.773058515517150269e-02	7.073804505542281851e-02
1.015931744867609382e+03	2.835393861724792575e-01	1.684381496125925137e-01	2.363468807471469091e-01	1.430371621912408520e-01	7.001760755932240343e-02	2.777166226163797769e-02	7.084915145556511251e-02
1.018350629974437197e+03	2.831096327270870017e-01	1.681805134076959918e-01	2.366338717489567256e-01	1.432132735697480563e-01	7.009008960894219653e-02	2.781266361268262474e-02	7.095995532487242574e-02
1.020769515081264785e+03	2.826811110760740764e-01	1.679236157048741851e-01	2.369199951164221163e-01	1.433888681616823091e-01	7.016236329452939235e-02	2.785358927836337900e-02	7.107045736803960234e-02
1.023188400188092373e+03	2.822538176782967145e-01	1.676674543808198137e-01	2.372052534321242856e-01	1.435639476361765532e-01	7.023442925378135804e-02	2.789443932904655740e-02	7.118065828973982323e-02
1.025607285294920075e+03	2.818277490028548438e-01	1.674120273183699048e-01	2.374896492707545270e-01	1.437385136557862986e-01	7.030628812221453861e-02	2.793521383540459313e-02	7.129055879460043099e-02
1.028026170401747549e+03	2.814029015290614999e-01	1.671573324064879462e-01	2.377731851991418399e-01	1.439125678765266758e-01	7.037794053317403264e-02	2.797591286841382210e-02	7.140015958717935152e-02
1.030445055508575479e+03	2.809792717464127954e-01	1.669033675402457062e-01	2.380558637762803520e-01	1.440861119479094343e-01	7.044938711784295982e-02	2.801653649935222784e-02	7.150946137194166830e-02
1.032863940615402726e+03	2.805568561545581652e-01	1.666501306208052202e-01	2.383376875533566308e-01	1.442591475129794965e-01	7.052062850525175897e-02	2.805708479979721406e-02	7.161846485323666855e-02
1.035282825722230655e+03	2.801356512632701690e-01	1.663976195554007775e-01	2.386186590737769397e-01	1.444316762083511785e-01	7.059166532228755564e-02	2.809755784162338080e-02	7.172717073527509757e-02
1.037701710829058356e+03	2.797156535924149590e-01	1.661458322573211022e-01	2.388987808731941886e-01	1.446036996642443284e-01	7.066249819370330754e-02	2.813795569700030391e-02	7.183557972210692644e-02
1.040120595935886058e+03	2.792968596719223040e-01	1.658947666458914505e-01	2.391780554795349678e-01	1.447752195045197698e-01	7.073312774212701937e-02	2.817827843839030427e-02	7.194369251759927253e-02
1.042539481042713533e+03	2.788792660417561686e-01	1.656444206464558200e-01	2.394564854130263043e-01	1.449462373467149401e-01	7.080355458807084668e-02	2.821852613854625852e-02	7.205150982541481952e-02
1.044958366149541234e+03	2.784628692518849591e-01	1.653947921903592133e-01	2.397340731862221963e-01	1.451167548020788067e-01	7.087377934994017192e-02	2.825869887050936127e-02	7.215903234899041785e-02
1.047377251256368709e+03	2.780476658622524355e-01	1.651458792149300692e-01	2.400108213040303418e-01	1.452867734756067841e-01	7.094380264404251402e-02	2.829879670760694285e-02	7.226626079151605986e-02
1.049796136363196410e+03	2.776336524427481245e-01	1.648976796634623876e-01	2.402867322637383951e-01	1.454562949660752058e-01	7.101362508459659051e-02	2.833881972345026271e-02	7.237319585591424353e-02
1.052215021470024112e+03	2.772208255731779536e-01	1.646501914851984938e-01	2.405618085550403074e-01	1.456253208660755749e-01	7.108324728374108836e-02	2.837876799193232019e-02	7.247983824481948889e-02
1.054633906576851814e+03	2.768091818432354412e-01	1.644034126353111913e-01	2.408360526600624441e-01	1.457938527620485925e-01	7.115266985154357349e-02	2.841864158722566189e-02	7.258618866055836782e-02
1.057052791683679516e+03	2.763987178524722754e-01	1.641573410748865258e-01	2.411094670533895923e-01	1.459618922343177694e-01	7.122189339600924762e-02	2.845844058378019931e-02	7.269224780512967277e-02
1.059471676790506763e+03	2.759894302102695596e-01	1.639119747709063823e-01	2.413820542020908566e-01	1.461294408571228998e-01	7.129091852308963584e-02	2.849816505632103356e-02	7.279801638018493226e-02
1.061890561897334692e+03	2.755813155358088351e-01	1.636673116962309160e-01	2.416538165657454995e-01	1.462965001986532010e-01	7.135974583669130178e-02	2.853781507984628693e-02	7.290349508700925962e-02
1.064309447004162394e+03	2.751743704580433270e-01	1.634233498295814824e-01	2.419247565964684488e-01	1.464630718210802041e-01	7.142837593868443802e-02	2.857739072962492063e-02	7.300868462650250690e-02
1.066728332110990095e+03	2.747685916156691333e-01	1.631800871555233179e-01	2.421948767389359158e-01	1.466291572805903110e-01	7.149680942891138702e-02	2.861689208119459413e-02	7.311358569916062700e-02
1.069147217217817570e+03	2.743639756570968036e-01	1.629375216644484148e-01	2.424641794304108200e-01	1.467947581274172131e-01	7.156504690519524536e-02	2.865631921035948979e-02	7.321819900505741052e-02
1.071566102324645271e+03	2.739605192404224732e-01	1.626956513525581738e-01	2.427326671007679071e-01	1.469598759058739768e-01	7.163308896334821818e-02	2.869567219318817225e-02	7.332252524382644465e-02
1.073984987431472746e+03	2.735582190333998298e-01	1.624544742218465565e-01	2.430003421725191459e-01	1.471245121543849066e-01	7.170093619718011235e-02	2.873495110601144431e-02	7.342656511464337732e-02
1.076403872538300675e+03	2.731570717134113591e-01	1.622139882800830435e-01	2.432672070608385695e-01	1.472886684055170481e-01	7.176858919850664931e-02	2.877415602542020279e-02	7.353031931620848671e-02
1.078822757645127922e+03	2.727570739674404221e-01	1.619741915407955091e-01	2.435332641735873382e-01	1.474523461860116069e-01	7.183604855715773618e-02	2.881328702826330829e-02	7.363378854672947282e-02
1.081241642751955851e+03	2.723582224920428896e-01	1.617350820232532904e-01	2.437985159113383871e-01	1.476155470168150907e-01	7.190331486098579250e-02	2.885234419164546191e-02	7.373697350390455429e-02
1.083660527858783553e+03	2.719605139933189419e-01	1.614966577524505897e-01	2.440629646674013220e-01	1.477782724131099235e-01	7.197038869587388255e-02	2.889132759292506458e-02	7.383987488490578732e-02
1.086079412965611255e+03	2.715639451868853138e-01	1.612589167590893768e-01	2.443266128278468730e-01	1.479405238843452264e-01	7.203727064574394490e-02	2.893023730971213542e-02	7.394249338636268987e-02
1.088498298072438729e+03	2.711685127978472609e-01	1.610218570795627080e-01	2.445894627715313185e-01	1.481023029342671826e-01	7.210396129256484155e-02	2.896907341986616757e-02	7.404482970434615730e-02
1.090917183179266431e+03	2.707742135607705825e-01	1.607854767559379894e-01	2.448515168701209110e-01	1.482636110609490965e-01	7.217046121636044864e-02	2.900783600149403618e-02	7.414688453435255844e-02
1.093336068286093905e+03	2.703810442196541430e-01	1.605497738359404625e-01	2.451127774881161070e-01	1.484244497568212029e-01	7.223677099521760847e-02	2.904652513294790975e-02	7.424865857128808144e-02
1.095754953392921607e+03	2.699890015279021727e-01	1.603147463729364119e-01	2.453732469828756591e-01	1.485848205087005047e-01	7.230289120529420632e-02	2.908514089282314419e-02	7.435015250945342657e-02
1.098173838499749309e+03	2.695980822482964556e-01	1.600803924259167066e-01	2.456329277046405968e-01	1.487447247978199716e-01	7.236882242082698369e-02	2.912368335995621157e-02	7.445136704252866555e-02
1.100592723606577010e+03	2.692082831529689635e-01	1.598467100594802015e-01	2.458918219965582075e-01	1.489041640998578220e-01	7.243456521413943472e-02	2.916215261342260459e-02	7.455230286355832292e-02
1.103011608713404712e+03	2.688196010233744881e-01	1.596136973438173901e-01	2.461499321947058228e-01	1.490631398849665556e-01	7.250012015564964718e-02	2.920054873253478261e-02	7.465296066493683214e-02
1.105430493820231959e+03	2.684320326502634413e-01	1.593813523546940003e-01	2.464072606281143551e-01	1.492216536178015973e-01	7.256548781387807401e-02	2.923887179684007964e-02	7.475334113839401939e-02
1.107849378927059888e+03	2.680455748336542099e-01	1.591496731734344805e-01	2.466638096187921403e-01	1.493797067575497739e-01	7.263066875545523549e-02	2.927712188611867120e-02	7.485344497498104543e-02
1.110268264033887590e+03	2.676602243828064553e-01	1.589186578869059008e-01	2.469195814817481682e-01	1.495373007579576807e-01	7.269566354512944917e-02	2.931529908038149959e-02	7.495327286505640285e-02
1.112687149140715292e+03	2.672759781161938020e-01	1.586883045875015774e-01	2.471745785250155092e-01	1.496944370673597702e-01	7.276047274577446267e-02	2.935340345986823390e-02	7.505282549827226035e-02
1.115106034247542766e+03	2.668928328614768586e-01	1.584586113731248358e-01	2.474288030496746282e-01	1.498511171287061072e-01	7.282509691839701704e-02	2.939143510504522647e-02	7.515210356356094579e-02
1.117524919354370468e+03	2.665107854554763511e-01	1.582295763471730232e-01	2.476822573498765057e-01	1.500073423795900696e-01	7.288953662214443796e-02	2.942939409660347977e-02	7.525110774912172062e-02
1.119943804461197942e+03	2.661298327441463663e-01	1.580011976185212441e-01	2.479349437128657019e-01	1.501631142522758255e-01	7.295379241431211581e-02	2.946728051545662030e-02	7.534983874240772095e-02
1.122362689568025871e+03	2.657499715825475395e-01	1.577734733015063451e-01	2.481868644190032003e-01	1.503184341737254515e-01	7.301786485035098584e-02	2.950509444273887241e-02	7.544829723011317602e-02
1.124781574674853118e+03	2.653711988348202988e-01	1.575464015159109832e-01	2.484380217417894443e-01	1.504733035656260487e-01	7.308175448387498052e-02	2.954283595980304600e-02	7.554648389816077947e-02
1.127200459781681047e+03	2.649935113741584969e-01	1.573199803869475832e-01	2.486884179478869028e-01	1.506277238444164446e-01	7.314546186666832928e-02	2.958050514821852078e-02	7.564439943168931035e-02
1.129619344888508749e+03	2.646169060827827657e-01	1.570942080452424339e-01	2.489380552971427463e-01	1.507816964213139765e-01	7.320898754869301084e-02	2.961810208976925485e-02	7.574204451504143454e-02
1.132038229995336451e+03	2.642413798519140933e-01	1.568690826268199778e-01	2.491869360426114122e-01	1.509352227023406656e-01	7.327233207809592808e-02	2.965562686645178275e-02	7.583941983175178370e-02
1.134457115102163925e+03	2.638669295817476779e-01	1.566446022730867138e-01	2.494350624305771424e-01	1.510883040883495565e-01	7.333549600121626322e-02	2.969307956047322755e-02	7.593652606453510368e-02
1.136876000208991627e+03	2.634935521814263937e-01	1.564207651308156810e-01	2.496824367005760770e-01	1.512409419750507800e-01	7.339847986259263879e-02	2.973046025424931627e-02	7.603336389527476369e-02
1.139294885315819101e+03	2.631212445690148671e-01	1.561975693521307218e-01	2.499290610854187633e-01	1.513931377530371991e-01	7.346128420497030631e-02	2.976776903040241617e-02	7.612993400501134877e-02
1.141713770422646803e+03	2.627500036714732201e-01	1.559750130944907442e-01	2.501749378112121391e-01	1.515448928078101665e-01	7.352390956930829335e-02	2.980500597175954683e-02	7.622623707393148818e-02
1.144132655529474505e+03	2.623798264246312573e-01	1.557530945206740680e-01	2.504200690973816257e-01	1.516962085198048649e-01	7.358635649478645346e-02	2.984217116135044062e-02	7.632227378135693352e-02
1.146551540636302207e+03	2.620107097731621537e-01	1.555318117987629645e-01	2.506644571566929991e-01	1.518470862644156205e-01	7.364862551881254382e-02	2.987926468240557562e-02	7.641804480573366476e-02
1.148970425743129908e+03	2.616426506705570310e-01	1.553111631021281691e-01	2.509081041952745950e-01	1.519975274120209108e-01	7.371071717702927517e-02	2.991628661835421879e-02	7.651355082462139856e-02
1.151389310849957155e+03	2.612756460790989776e-01	1.550911466094131164e-01	2.511510124126384302e-01	1.521475333280082332e-01	7.377263200332120907e-02	2.995323705282250740e-02	7.660879251468312445e-02
1.153808195956785084e+03	2.609096929698373479e-01	1.548717605045190071e-01	2.513931840017024633e-01	1.522971053727987245e-01	7.383437052982176618e-02	2.999011606963149917e-02	7.670377055167486302e-02
1.156227081063612786e+03	2.605447883225620598e-01	1.546530029765889325e-01	2.516346211488117990e-01	1.524462449018718357e-01	7.389593328692006802e-02	3.002692375279525372e-02	7.679848561043567390e-02
1.158645966170440488e+03	2.601809291257782819e-01	1.544348722199928581e-01	2.518753260337605604e-01	1.525949532657894514e-01	7.395732080326784808e-02	3.006366018651889654e-02	7.689293836487774703e-02
1.161064851277267962e+03	2.598181123766808431e-01	1.542173664343122197e-01	2.521153008298127607e-01	1.527432318102201481e-01	7.401853360578621033e-02	3.010032545519673169e-02	7.698712948797674371e-02
1.163483736384095664e+03	2.594563350811288083e-01	1.540004838243247687e-01	2.523545477037240081e-01	1.528910818759630363e-01	7.407957221967247097e-02	3.013691964341030927e-02	7.708105965176226260e-02
1.165902621490923138e+03	2.590955942536202761e-01	1.537842225999892509e-01	2.525930688157626003e-01	1.530385047989717417e-01	7.414043716840687526e-02	3.017344283592655191e-02	7.717472952730851377e-02
1.168321506597751068e+03	2.587358869172670106e-01	1.535685809764303078e-01	2.528308663197303963e-01	1.531855019103778859e-01	7.420112897375930050e-02	3.020989511769583621e-02	7.726813978472513167e-02
1.170740391704578315e+03	2.583772101037694058e-01	1.533535571739234882e-01	2.530679423629842995e-01	1.533320745365144566e-01	7.426164815579597289e-02	3.024627657385012963e-02	7.736129109314822394e-02
1.173159276811406244e+03	2.580195608533913387e-01	1.531391494178800383e-01	2.533042990864567967e-01	1.534782239989392338e-01	7.432199523288601783e-02	3.028258728970109614e-02	7.745418412073144798e-02
1.175578161918233945e+03	2.576629362149353009e-01	1.529253559388320804e-01	2.535399386246769970e-01	1.536239516144578265e-01	7.438217072170812127e-02	3.031882735073824012e-02	7.754681953463746225e-02
1.177997047025061647e+03	2.573073332457171958e-01	1.527121749724173749e-01	2.537748631057913928e-01	1.537692586951466267e-01	7.444217513725712165e-02	3.035499684262703626e-02	7.763919800102929425e-02
1.180415932131889122e+03	2.569527490115418034e-01	1.524996047593646653e-01	2.540090746515844544e-01	1.539141465483754856e-01	7.450200899285044920e-02	3.039109585120706655e-02	7.773132018506209717e-02
1.182834817238716823e+03	2.565991805866778552e-01	1.522876435454787458e-01	2.542425753774992248e-01	1.540586164768305011e-01	7.456167280013471788e-02	3.042712446249018834e-02	7.782318675087486481e-02
1.185253702345544298e+03	2.562466250538332213e-01	1.520762895816254734e-01	2.544753673926579141e-01	1.542026697785362499e-01	7.462116706909208141e-02	3.046308276265866782e-02	7.791479836158249350e-02
1.187672587452371999e+03	2.558950795041305404e-01	1.518655411237172514e-01	2.547074527998821059e-01	1.543463077468782696e-01	7.468049230804676974e-02	3.049897083806336548e-02	7.800615567926781624e-02
1.190091472559199701e+03	2.555445410370824622e-01	1.516553964326980974e-01	2.549388336957133516e-01	1.544895316706250132e-01	7.473964902367136176e-02	3.053478877522190077e-02	7.809725936497391441e-02
1.192510357666027403e+03	2.551950067605672778e-01	1.514458537745290434e-01	2.551695121704332103e-01	1.546323428339499428e-01	7.479863772099321073e-02	3.057053666081682719e-02	7.818811007869656826e-02
1.194929242772855105e+03	2.548464737908045508e-01	1.512369114201733977e-01	2.553994903080834544e-01	1.547747425164532897e-01	7.485745890340077258e-02	3.060621458169382816e-02	7.827870847937676291e-02
1.197348127879682352e+03	2.544989392523305805e-01	1.510285676455822845e-01	2.556287701864863315e-01	1.549167319931836762e-01	7.491611307264986475e-02	3.064182262485990599e-02	7.836905522489343023e-02
1.199767012986510281e+03	2.541524002779744218e-01	1.508208207316799609e-01	2.558573538772641598e-01	1.550583125346597091e-01	7.497460072886991123e-02	3.067736087748157772e-02	7.845915097205632960e-02
1.202185898093337983e+03	2.538068540088335157e-01	1.506136689643493565e-01	2.560852434458595894e-01	1.551994854068912688e-01	7.503292237057018754e-02	3.071282942688309189e-02	7.854899637659903955e-02
1.204604783200165684e+03	2.534622975942497081e-01	1.504071106344176401e-01	2.563124409515552538e-01	1.553402518714007419e-01	7.509107849464599638e-02	3.074822836054464173e-02	7.863859209317207444e-02
1.207023668306993159e+03	2.531187281917850473e-01	1.502011440376417317e-01	2.565389484474937531e-01	1.554806131852439766e-01	7.514906959638482931e-02	3.078355776610058533e-02	7.872793877533619533e-02
1.209442553413820860e+03	2.527761429671980253e-01	1.499957674746939251e-01	2.567647679806969174e-01	1.556205706010313494e-01	7.520689616947250078e-02	3.081881773133767627e-02	7.881703707555580418e-02
1.211861438520648335e+03	2.524345390944194856e-01	1.497909792511476212e-01	2.569899015920856233e-01	1.557601253669484154e-01	7.526455870599919884e-02	3.085400834419330107e-02	7.890588764519254616e-02
1.214280323627476264e+03	2.520939137555290310e-01	1.495867776774629232e-01	2.572143513164995010e-01	1.558992787267765301e-01	7.532205769646559135e-02	3.088912969275372719e-02	7.899449113449891202e-02
1.216699208734303511e+03	2.517542641407310433e-01	1.493831610689725087e-01	2.574381191827159188e-01	1.560380319199134169e-01	7.537939362978884894e-02	3.092418186525235438e-02	7.908284819261211795e-02
1.219118093841131440e+03	2.514155874483311459e-01	1.491801277458673636e-01	2.576612072134697451e-01	1.561763861813933729e-01	7.543656699330857085e-02	3.095916495006796956e-02	7.917095946754805491e-02
1.221536978947959142e+03	2.510778808847126675e-01	1.489776760331825434e-01	2.578836174254723335e-01	1.563143427419075304e-01	7.549357827279283562e-02	3.099407903572300865e-02	7.925882560619533501e-02
1.223955864054786844e+03	2.507411416643128832e-01	1.487758042607831288e-01	2.581053518294307847e-01	1.564519028278239243e-01	7.555042795244412690e-02	3.102892421088184610e-02	7.934644725430950452e-02
1.226374749161614318e+03	2.504053670095998108e-01	1.485745107633502093e-01	2.583264124300672648e-01	1.565890676612073096e-01	7.560711651490520380e-02	3.106370056434906712e-02	7.943382505650736780e-02
1.228793634268442020e+03	2.500705541510486185e-01	1.483737938803667000e-01	2.585468012261376014e-01	1.567258384598390897e-01	7.566364444126497113e-02	3.109840818506774685e-02	7.952095965626143625e-02
1.231212519375269494e+03	2.497367003271184771e-01	1.481736519561035192e-01	2.587665202104507678e-01	1.568622164372368288e-01	7.572001221106433588e-02	3.113304716211776763e-02	7.960785169589452981e-02
1.233631404482097196e+03	2.494038027842291061e-01	1.479740833396054611e-01	2.589855713698873130e-01	1.569982028026738474e-01	7.577622030230203587e-02	3.116761758471409821e-02	7.969450181657442012e-02
1.236050289588924898e+03	2.490718587767377090e-01	1.477750863846773455e-01	2.592039566854185129e-01	1.571337987611985121e-01	7.583226919144041289e-02	3.120211954220512493e-02	7.978091065830868189e-02
1.238469174695752372e+03	2.487408655669159641e-01	1.475766594498702511e-01	2.594216781321249110e-01	1.572690055136535536e-01	7.588815935341114427e-02	3.123655312407095166e-02	7.986707885993959977e-02
1.240888059802580301e+03	2.484108204249268481e-01	1.473788008984675268e-01	2.596387376792149704e-01	1.574038242566951351e-01	7.594389126162100212e-02	3.127091841992173799e-02	7.995300705913917227e-02
1.243306944909407548e+03	2.480817206288016274e-01	1.471815090984711083e-01	2.598551372900438361e-01	1.575382561828119199e-01	7.599946538795750162e-02	3.130521551949602688e-02	8.003869589240436566e-02
1.245725830016235477e+03	2.477535634644170981e-01	1.469847824225877786e-01	2.600708789221317652e-01	1.576723024803437789e-01	7.605488220279466027e-02	3.133944451265906900e-02	8.012414599505229829e-02
1.248144715123063179e+03	2.474263462254726598e-01	1.467886192482153740e-01	2.602859645271823341e-01	1.578059643335006923e-01	7.611014217499853518e-02	3.137360548940121285e-02	8.020935800121564707e-02
1.250563600229890881e+03	2.471000662134676118e-01	1.465930179574292946e-01	2.605003960511010908e-01	1.579392429223812622e-01	7.616524577193287127e-02	3.140769853983620824e-02	8.029433254383810947e-02
1.252982485336718355e+03	2.467747207376783658e-01	1.463979769369687101e-01	2.607141754340138728e-01	1.580721394229911980e-01	7.622019345946469404e-02	3.144172375419960336e-02	8.037907025467004585e-02
1.255401370443546057e+03	2.464503071151358526e-01	1.462034945782230144e-01	2.609273046102849047e-01	1.582046550072616631e-01	7.627498570196986072e-02	3.147568122284708642e-02	8.046357176426417734e-02
1.257820255550373531e+03	2.461268226706030127e-01	1.460095692772183928e-01	2.611397855085348385e-01	1.583367908430675652e-01	7.632962296233858357e-02	3.150957103625287581e-02	8.054783770197132542e-02
1.260239140657201460e+03	2.458042647365523137e-01	1.458161994346042489e-01	2.613516200516590171e-01	1.584685480942455982e-01	7.638410570198088390e-02	3.154339328500812417e-02	8.063186869593641504e-02
1.262658025764028707e+03	2.454826306531432689e-01	1.456233834556397155e-01	2.615628101568454600e-01	1.585999279206123935e-01	7.643843438083217090e-02	3.157714805981927386e-02	8.071566537309443623e-02
1.265076910870856636e+03	2.451619177682000106e-01	1.454311197501802488e-01	2.617733577355927377e-01	1.587309314779821179e-01	7.649260945735855688e-02	3.161083545150647489e-02	8.079922835916655832e-02
1.267495795977684338e+03	2.448421234371891408e-01	1.452394067326643889e-01	2.619832646937279574e-01	1.588615599181845695e-01	7.654663138856239446e-02	3.164445555100197510e-02	8.088255827865635517e-02
1.269914681084511813e+03	2.445232450231973886e-01	1.450482428221002151e-01	2.621925329314244157e-01	1.589918143890825530e-01	7.660050062998756404e-02	3.167800844934855198e-02	8.096565575484609978e-02
1.272333566191339514e+03	2.442052798969096272e-01	1.448576264420522175e-01	2.624011643432193619e-01	1.591216960345895326e-01	7.665421763572491387e-02	3.171149423769792364e-02	8.104852140979322550e-02
1.274752451298167216e+03	2.438882254365865587e-01	1.446675560206278910e-01	2.626091608180318171e-01	1.592512059946870617e-01	7.670778285841753363e-02	3.174491300730917370e-02	8.113115586432675941e-02
1.277171336404994690e+03	2.435720790280428150e-01	1.444780299904646903e-01	2.628165242391800049e-01	1.593803454054419644e-01	7.676119674926612513e-02	3.177826484954718311e-02	8.121355973804395001e-02
1.279590221511822392e+03	2.432568380646250583e-01	1.442890467887167627e-01	2.630232564843989485e-01	1.595091153990236821e-01	7.681445975803424808e-02	3.181154985588108969e-02	8.129573364930699209e-02
1.282009106618650094e+03	2.429424999471898328e-01	1.441006048570417364e-01	2.632293594258579006e-01	1.596375171037212881e-01	7.686757233305360759e-02	3.184476811788271300e-02	8.137767821523975154e-02
1.284427991725477568e+03	2.426290620840820533e-01	1.439127026415877308e-01	2.634348349301776637e-01	1.597655516439603907e-01	7.692053492122924441e-02	3.187791972722502781e-02	8.145939405172469838e-02
1.286846876832305497e+03	2.423165218911131069e-01	1.437253385929803118e-01	2.636396848584481312e-01	1.598932201403200359e-01	7.697334796804480850e-02	3.191100477568061672e-02	8.154088177339981203e-02
1.289265761939132744e+03	2.420048767915390642e-01	1.435385111663093904e-01	2.638439110662453846e-01	1.600205237095495003e-01	7.702601191756767995e-02	3.194402335512015745e-02	8.162214199365566691e-02
1.291684647045960673e+03	2.416941242160391412e-01	1.433522188211162618e-01	2.640475154036489580e-01	1.601474634645849160e-01	7.707852721245414540e-02	3.197697555751087550e-02	8.170317532463258758e-02
1.294103532152788375e+03	2.413842616026941335e-01	1.431664600213807259e-01	2.642504997152589352e-01	1.602740405145657021e-01	7.713089429395456054e-02	3.200986147491505923e-02	8.178398237721780373e-02
1.296522417259616077e+03	2.410752863969649051e-01	1.429812332355080984e-01	2.644528658402128807e-01	1.604002559648511628e-01	7.718311360191841553e-02	3.204268119948853327e-02	8.186456376104284116e-02
1.298941302366443551e+03	2.407671960516709619e-01	1.427965369363164150e-01	2.646546156122033255e-01	1.605261109170367240e-01	7.723518557479946978e-02	3.207543482347915281e-02	8.194492008448085729e-02
1.301360187473271253e+03	2.404599880269689682e-01	1.426123696010235531e-01	2.648557508594939769e-01	1.606516064689701706e-01	7.728711064966073407e-02	3.210812243922532561e-02	8.202505195464415699e-02
1.303779072580098727e+03	2.401536597903315695e-01	1.424287297112345196e-01	2.650562734049372593e-01	1.607767437147677170e-01	7.733888926217960536e-02	3.214074413915452011e-02	8.210495997738170848e-02
1.306197957686926657e+03	2.398482088165260762e-01	1.422456157529286280e-01	2.652561850659906906e-01	1.609015237448301050e-01	7.739052184665277945e-02	3.217330001578178750e-02	8.218464475727679797e-02
1.308616842793753904e+03	2.395436325875933414e-01	1.420630262164467583e-01	2.654554876547338682e-01	1.610259476458585082e-01	7.744200883600131646e-02	3.220579016170830450e-02	8.226410689764475370e-02
1.311035727900581833e+03	2.392399285928265562e-01	1.418809595964787840e-01	2.656541829778850672e-01	1.611500165008703245e-01	7.749335066177556741e-02	3.223821466961986765e-02	8.234334700053071165e-02
1.313454613007409534e+03	2.389370943287501825e-01	1.416994143920509430e-01	2.658522728368177823e-01	1.612737313892149138e-01	7.754454775416008694e-02	3.227057363228547776e-02	8.242236566670751996e-02
1.315873498114237009e+03	2.386351272990990535e-01	1.415183891065130428e-01	2.660497590275774926e-01	1.613970933865891411e-01	7.759560054197864321e-02	3.230286714255588276e-02	8.250116349567365726e-02
1.318292383221064711e+03	2.383340250147973904e-01	1.413378822475261642e-01	2.662466433408979816e-01	1.615201035650530581e-01	7.764650945269901960e-02	3.233509529336210664e-02	8.257974108565123428e-02
1.320711268327892412e+03	2.380337849939378192e-01	1.411578923270499775e-01	2.664429275622178794e-01	1.616427629930451693e-01	7.769727491243791362e-02	3.236725817771405472e-02	8.265809903358416200e-02
1.323130153434719887e+03	2.377344047617607758e-01	1.409784178613302796e-01	2.666386134716968725e-01	1.617650727353979745e-01	7.774789734596580792e-02	3.239935588869905653e-02	8.273623793513622260e-02
1.325549038541547588e+03	2.374358818506335511e-01	1.407994573708866159e-01	2.668337028442323011e-01	1.618870338533529019e-01	7.779837717671175823e-02	3.243138851948045021e-02	8.281415838468939028e-02
1.327967923648375290e+03	2.371382138000298345e-01	1.406210093804997896e-01	2.670281974494752020e-01	1.620086474045756841e-01	7.784871482676822274e-02	3.246335616329618784e-02	8.289186097534206876e-02
1.330386808755202765e+03	2.368413981565088422e-01	1.404430724191994551e-01	2.672220990518465733e-01	1.621299144431714301e-01	7.789891071689585000e-02	3.249525891345737827e-02	8.296934629890753699e-02
1.332805693862030694e+03	2.365454324736948610e-01	1.402656450202519334e-01	2.674154094105534174e-01	1.622508360196994182e-01	7.794896526652819735e-02	3.252709686334695482e-02	8.304661494591232540e-02
1.335224578968857941e+03	2.362503143122568205e-01	1.400887257211477777e-01	2.676081302796049499e-01	1.623714131811880568e-01	7.799887889377650485e-02	3.255887010641822510e-02	8.312366750559481432e-02
1.337643464075685870e+03	2.359560412398877260e-01	1.399123130635895051e-01	2.678002634078285871e-01	1.624916469711497058e-01	7.804865201543438602e-02	3.259057873619351786e-02	8.320050456590372123e-02
1.340062349182513572e+03	2.356626108312843970e-01	1.397364055934795235e-01	2.679918105388859328e-01	1.626115384295952482e-01	7.809828504698253238e-02	3.262222284626278834e-02	8.327712671349683793e-02
1.342481234289341273e+03	2.353700206681269558e-01	1.395610018609077241e-01	2.681827734112884887e-01	1.627310885930488282e-01	7.814777840259339026e-02	3.265380253028224433e-02	8.335353453373967048e-02
1.344900119396168748e+03	2.350782683390588157e-01	1.393861004201394638e-01	2.683731537584136961e-01	1.628502984945622567e-01	7.819713249513579600e-02	3.268531788197300003e-02	8.342972861070424573e-02
1.347319004502996449e+03	2.347873514396663086e-01	1.392116998296034913e-01	2.685629533085208687e-01	1.629691691637294160e-01	7.824634773617959727e-02	3.271676899511970216e-02	8.350570952716797335e-02
1.349737889609823924e+03	2.344972675724585898e-01	1.390377986518796793e-01	2.687521737847663461e-01	1.630877016267007207e-01	7.829542453600030205e-02	3.274815596356919073e-02	8.358147786461253559e-02
1.352156774716651853e+03	2.342080143468476261e-01	1.388643954536871450e-01	2.689408169052198705e-01	1.632058969061972453e-01	7.834436330358358902e-02	3.277947888122913211e-02	8.365703420322277706e-02
1.354575659823479100e+03	2.339195893791280456e-01	1.386914888058721484e-01	2.691288843828796851e-01	1.633237560215249906e-01	7.839316444662997041e-02	3.281073784206670757e-02	8.373237912188587206e-02
1.356994544930307029e+03	2.336319902924572367e-01	1.385190772833962136e-01	2.693163779256883550e-01	1.634412799885888723e-01	7.844182837155924681e-02	3.284193294010725322e-02	8.380751319819025602e-02
1.359413430037134731e+03	2.333452147168355029e-01	1.383471594653240822e-01	2.695032992365481439e-01	1.635584698199067655e-01	7.849035548351504521e-02	3.287306426943298332e-02	8.388243700842491768e-02
1.361832315143962205e+03	2.330592602890861342e-01	1.381757339348118341e-01	2.696896500133365571e-01	1.636753265246234379e-01	7.853874618636938476e-02	3.290413192418162325e-02	8.395715112757844156e-02
1.364251200250789907e+03	2.327741246528357011e-01	1.380047992790950917e-01	2.698754319489216069e-01	1.637918511085243445e-01	7.858700088272710382e-02	3.293513599854513280e-02	8.403165612933839734e-02
1.366670085357617609e+03	2.324898054584942364e-01	1.378343540894770847e-01	2.700606467311773562e-01	1.639080445740493941e-01	7.863511997393032860e-02	3.296607658676839470e-02	8.410595258609059044e-02
1.369088970464445310e+03	2.322063003632356126e-01	1.376643969613169094e-01	2.702452960429989059e-01	1.640239079203066330e-01	7.868310386006291401e-02	3.299695378314792399e-02	8.418004106891845140e-02
1.371507855571272785e+03	2.319236070309780295e-01	1.374949264940178439e-01	2.704293815623178276e-01	1.641394421430857897e-01	7.873095293995488464e-02	3.302776768203057045e-02	8.425392214760241139e-02
1.373926740678100487e+03	2.316417231323643078e-01	1.373259412910153576e-01	2.706129049621173732e-01	1.642546482348718473e-01	7.877866761118682004e-02	3.305851837781222796e-02	8.432759639061945811e-02
1.376345625784927961e+03	2.313606463447424322e-01	1.371574399597657312e-01	2.707958679104474076e-01	1.643695271848584216e-01	7.882624827009424018e-02	3.308920596493658550e-02	8.440106436514262234e-02
1.378764510891755890e+03	2.310803743521461784e-01	1.369894211117342053e-01	2.709782720704396186e-01	1.644840799789611119e-01	7.887369531177197690e-02	3.311983053789382958e-02	8.447432663704058931e-02
1.381183395998583137e+03	2.308009048452757395e-01	1.368218833623833786e-01	2.711601191003223943e-01	1.645983075998308232e-01	7.892100913007850382e-02	3.315039219121940217e-02	8.454738377087728241e-02
1.383602281105411066e+03	2.305222355214782692e-01	1.366548253311617445e-01	2.713414106534360326e-01	1.647122110268669781e-01	7.896819011764028007e-02	3.318089101949275171e-02	8.462023632991158562e-02
1.386021166212238768e+03	2.302443640847288420e-01	1.364882456414919232e-01	2.715221483782471745e-01	1.648257912362305067e-01	7.901523866585601075e-02	3.321132711733607024e-02	8.469288487609707983e-02
1.388440051319066470e+03	2.299672882456110512e-01	1.363221429207593094e-01	2.717023339183643471e-01	1.649390492008571130e-01	7.906215516490099071e-02	3.324170057941305129e-02	8.476532997008182080e-02
1.390858936425893944e+03	2.296910057212979139e-01	1.361565158003005538e-01	2.718819689125520633e-01	1.650519858904699599e-01	7.910894000373133728e-02	3.327201150042764788e-02	8.483757217120818650e-02
1.393277821532721646e+03	2.294155142355328025e-01	1.359913629153920445e-01	2.720610549947460322e-01	1.651646022715928808e-01	7.915559357008825070e-02	3.330225997512288594e-02	8.490961203751276609e-02
1.395696706639549120e+03	2.291408115186104322e-01	1.358266829052385272e-01	2.722395937940676469e-01	1.652768993075629800e-01	7.920211625050224691e-02	3.333244609827959448e-02	8.498145012572623502e-02
1.398115591746377049e+03	2.288668953073579038e-01	1.356624744129617255e-01	2.724175869348386403e-01	1.653888779585435120e-01	7.924850843029734859e-02	3.336256996471520520e-02	8.505308699127339667e-02
1.400534476853204296e+03	2.285937633451156081e-01	1.354987360855890166e-01	2.725950360365957392e-01	1.655005391815364268e-01	7.929477049359527630e-02	3.339263166928256588e-02	8.512452318827318232e-02
1.402953361960032225e+03	2.283214133817185187e-01	1.353354665740420237e-01	2.727719427141051534e-01	1.656118839303950263e-01	7.934090282331965338e-02	3.342263130686871919e-02	8.519575926953870670e-02
1.405372247066859927e+03	2.280498431734773457e-01	1.351726645331254306e-01	2.729483085773771189e-01	1.657229131558366209e-01	7.938690580120015550e-02	3.345256897239369531e-02	8.526679578657737901e-02
1.407791132173687402e+03	2.277790504831597729e-01	1.350103286215156850e-01	2.731241352316803872e-01	1.658336278054548807e-01	7.943277980777659064e-02	3.348244476080936699e-02	8.533763328959111105e-02
1.410210017280515103e+03	2.275090330799717231e-01	1.348484575017497855e-01	2.732994242775562688e-01	1.659440288237322148e-01	7.947852522240310413e-02	3.351225876709822832e-02	8.540827232747642828e-02
1.412628902387342805e+03	2.272397887395387894e-01	1.346870498402140126e-01	2.734741773108335661e-01	1.660541171520521220e-01	7.952414242325224480e-02	3.354201108627221511e-02	8.547871344782480285e-02
1.415047787494170507e+03	2.269713152438875281e-01	1.345261043071329377e-01	2.736483959226422846e-01	1.661638937287114870e-01	7.956963178731904507e-02	3.357170181337158082e-02	8.554895719692286182e-02
1.417466672600997981e+03	2.267036103814270287e-01	1.343656195765582373e-01	2.738220816994282325e-01	1.662733594889327093e-01	7.961499369042503160e-02	3.360133104346370997e-02	8.561900411975277569e-02
1.419885557707825683e+03	2.264366719469304012e-01	1.342055943263575357e-01	2.739952362229670646e-01	1.663825153648758326e-01	7.966022850722238868e-02	3.363089887164194547e-02	8.568885475999256374e-02
1.422304442814653157e+03	2.261704977415163742e-01	1.340460272382034135e-01	2.741678610703784380e-01	1.664913622856506181e-01	7.970533661119791335e-02	3.366040539302445761e-02	8.575850966001656583e-02
1.424723327921481086e+03	2.259050855726307538e-01	1.338869169975624163e-01	2.743399578141401118e-01	1.665999011773285632e-01	7.975031837467705387e-02	3.368985070275310606e-02	8.582796936089583106e-02
1.427142213028308333e+03	2.256404332540283830e-01	1.337282622936840082e-01	2.745115280221019360e-01	1.667081329629547526e-01	7.979517416882789260e-02	3.371923489599229495e-02	8.589723440239865893e-02
1.429561098135136262e+03	2.253765386057546005e-01	1.335700618195896083e-01	2.746825732575000067e-01	1.668160585625597103e-01	7.983990436366511512e-02	3.374855806792784185e-02	8.596630532299105731e-02
1.431979983241963964e+03	2.251133994541273109e-01	1.334123142720617383e-01	2.748530950789704885e-01	1.669236788931712512e-01	7.988450932805400695e-02	3.377782031376586752e-02	8.603518265983735314e-02
1.434398868348791666e+03	2.248510136317185271e-01	1.332550183516330589e-01	2.750230950405634367e-01	1.670309948688261659e-01	7.992898942971438103e-02	3.380702172873167183e-02	8.610386694880077518e-02
1.436817753455619140e+03	2.245893789773365234e-01	1.330981727625756006e-01	2.751925746917568971e-01	1.671380074005818783e-01	7.997334503522451898e-02	3.383616240806860270e-02	8.617235872444407863e-02
1.439236638562446842e+03	2.243284933360076561e-01	1.329417762128897729e-01	2.753615355774703399e-01	1.672447173965280476e-01	8.001757651002502914e-02	3.386524244703698755e-02	8.624065852003025279e-02
1.441655523669274316e+03	2.240683545589583492e-01	1.327858274142937611e-01	2.755299792380788149e-01	1.673511257617981141e-01	8.006168421842281557e-02	3.389426194091302996e-02	8.630876686752317339e-02
1.444074408776102018e+03	2.238089605035971930e-01	1.326303250822126190e-01	2.756979072094265515e-01	1.674572333985807349e-01	8.010566852359493617e-02	3.392322098498769256e-02	8.637668429758837974e-02
1.446493293882929493e+03	2.235503090334970966e-01	1.324752679357676100e-01	2.758653210228402264e-01	1.675630412061312191e-01	8.014952978759244673e-02	3.395211967456562840e-02	8.644441133959386570e-02
1.448912178989757422e+03	2.232923980183773305e-01	1.323206546977655218e-01	2.760322222051431740e-01	1.676685500807829077e-01	8.019326837134425900e-02	3.398095810496410546e-02	8.651194852161085691e-02
1.451331064096585123e+03	2.230352253340858737e-01	1.321664840946878972e-01	2.761986122786684317e-01	1.677737609159583587e-01	8.023688463466094323e-02	3.400973637151194495e-02	8.657929637041465731e-02
1.453749949203412370e+03	2.227787888625816226e-01	1.320127548566805142e-01	2.763644927612728397e-01	1.678786746021806997e-01	8.028037893623858612e-02	3.403845456954841808e-02	8.664645541148552343e-02
1.456168834310240300e+03	2.225230864919165996e-01	1.318594657175427010e-01	2.765298651663498086e-01	1.679832920270846741e-01	8.032375163366256565e-02	3.406711279442221213e-02	8.671342616900960809e-02
1.458587719417068001e+03	2.222681161162185781e-01	1.317066154147167878e-01	2.766947310028434748e-01	1.680876140754278270e-01	8.036700308341133969e-02	3.409571114149039656e-02	8.678020916587984857e-02
1.461006604523895703e+03	2.220138756356731802e-01	1.315542026892775884e-01	2.768590917752614122e-01	1.681916416291014960e-01	8.041013364086020687e-02	3.412424970611732666e-02	8.684680492369699356e-02
1.463425489630723177e+03	2.217603629565066681e-01	1.314022262859218249e-01	2.770229489836885661e-01	1.682953755671419138e-01	8.045314366028506747e-02	3.415272858367364439e-02	8.691321396277054689e-02
1.465844374737550879e+03	2.215075759909682362e-01	1.312506849529577191e-01	2.771863041238001868e-01	1.683988167657409496e-01	8.049603349486614268e-02	3.418114786953520973e-02	8.697943680211983608e-02
1.468263259844378354e+03	2.212555126573127195e-01	1.310995774422945293e-01	2.773491586868750969e-01	1.685019660982571277e-01	8.053880349669170768e-02	3.420950765908211538e-02	8.704547395947509481e-02
1.470682144951206283e+03	2.210041708797831628e-01	1.309489025094320303e-01	2.775115141598090140e-01	1.686048244352263414e-01	8.058145401676178321e-02	3.423780804769762515e-02	8.711132595127850375e-02
1.473101030058033530e+03	2.207535485885935012e-01	1.307986589134502997e-01	2.776733720251275961e-01	1.687073926443727334e-01	8.062398540499181310e-02	3.426604913076715386e-02	8.717699329268534247e-02
1.475519915164861459e+03	2.205036437199112964e-01	1.306488454169991431e-01	2.778347337609998746e-01	1.688096715906193257e-01	8.066639801021638356e-02	3.429423100367729599e-02	8.724247649756512735e-02
1.477938800271689161e+03	2.202544542158405283e-01	1.304994607862880185e-01	2.779956008412509116e-01	1.689116621360986226e-01	8.070869218019285918e-02	3.432235376181477782e-02	8.730777607850279121e-02
1.480357685378516862e+03	2.200059780244044694e-01	1.303505037910754616e-01	2.781559747353749557e-01	1.690133651401632409e-01	8.075086826160500497e-02	3.435041750056549992e-02	8.737289254679991846e-02
1.482776570485344337e+03	2.197582130995284211e-01	1.302019732046590939e-01	2.783158569085485978e-01	1.691147814593964571e-01	8.079292660006660853e-02	3.437842231531349629e-02	8.743782641247592469e-02
