1.001418434226643626e+03	2.824671056410520409e-01	1.767884875657788069e-01	2.348982116824575028e-01	1.415790801025305357e-01	6.840522552517937227e-02	2.669826606107384218e-02	6.916362342183103584e-02
1.002869765290740247e+03	2.822125772412797939e-01	1.766205202775411043e-01	2.350793625550759713e-01	1.416874755868102742e-01	6.845009624536936566e-02	2.672043830354090335e-02	6.922952979028568210e-02
1.004321096354836754e+03	2.819584839998827142e-01	1.764528402079406089e-01	2.352601948955890809e-01	1.417956785484874027e-01	6.849489343520694107e-02	2.674257636384315059e-02	6.929533254895317573e-02
1.005772427418933376e+03	2.817048251724396102e-01	1.762854468651366413e-01	2.354407092520709732e-01	1.419036893516466280e-01	6.853961721240887928e-02	2.676468029927533271e-02	6.936103184692496426e-02
1.007223758483029997e+03	2.814516000157978870e-01	1.761183397581377041e-01	2.356209061716570130e-01	1.420115083596176775e-01	6.858426769452330429e-02	2.678675016703454051e-02	6.942662783313489905e-02
1.008675089547126618e+03	2.811988077880715475e-01	1.759515183967997332e-01	2.358007862005452870e-01	1.421191359349769368e-01	6.862884499892986379e-02	2.680878602422038723e-02	6.949212065635923530e-02
1.010126420611223239e+03	2.809464477486392497e-01	1.757849822918246541e-01	2.359803498839982694e-01	1.422265724395493647e-01	6.867334924283974296e-02	2.683078792783516117e-02	6.955751046521657655e-02
1.011577751675319632e+03	2.806945191581421417e-01	1.756187309547586339e-01	2.361595977663442925e-01	1.423338182344102976e-01	6.871778054329581720e-02	2.685275593478400266e-02	6.962279740816781914e-02
1.013029082739416367e+03	2.804430212784820853e-01	1.754527638979905824e-01	2.363385303909793789e-01	1.424408736798871145e-01	6.876213901717270760e-02	2.687469010187506710e-02	6.968798163351612451e-02
1.014480413803512761e+03	2.801919533728194356e-01	1.752870806347504307e-01	2.365171483003685737e-01	1.425477391355611800e-01	6.880642478117689198e-02	2.689659048581968456e-02	6.975306328940691913e-02
1.015931744867609382e+03	2.799413147055710427e-01	1.751216806791077440e-01	2.366954520360477487e-01	1.426544149602695100e-01	6.885063795184680202e-02	2.691845714323253327e-02	6.981804252382776965e-02
1.017383075931706003e+03	2.796911045424084752e-01	1.749565635459699176e-01	2.368734421386250455e-01	1.427609015121065472e-01	6.889477864555296205e-02	2.694029013063179226e-02	6.988291948460842451e-02
1.018834406995802851e+03	2.794413221502556888e-01	1.747917287510808437e-01	2.370511191477825685e-01	1.428671991484259385e-01	6.893884697849797516e-02	2.696208950443932176e-02	6.994769431942074456e-02
1.020285738059899245e+03	2.791919667972874164e-01	1.746271758110192196e-01	2.372284836022778565e-01	1.429733082258423660e-01	6.898284306671680077e-02	2.698385532098081241e-02	7.001236717577867530e-02
1.021737069123995752e+03	2.789430377529267813e-01	1.744629042431968535e-01	2.374055360399454917e-01	1.430792291002331851e-01	6.902676702607671300e-02	2.700558763648596219e-02	7.007693820103820526e-02
1.023188400188092373e+03	2.786945342878434095e-01	1.742989135658574162e-01	2.375822769976987103e-01	1.431849621267402839e-01	6.907061897227743941e-02	2.702728650708862909e-02	7.014140754239731046e-02
1.024639731252188767e+03	2.784464556739515428e-01	1.741352032980745812e-01	2.377587070115310119e-01	1.432905076597717486e-01	6.911439902085134146e-02	2.704895198882700108e-02	7.020577534689596833e-02
1.026091062316285615e+03	2.781988011844078179e-01	1.739717729597508034e-01	2.379348266165176307e-01	1.433958660530036400e-01	6.915810728716342837e-02	2.707058413764375573e-02	7.027004176141607439e-02
1.027542393380382237e+03	2.779515700936096012e-01	1.738086220716154595e-01	2.381106363468171727e-01	1.435010376593817416e-01	6.920174388641153751e-02	2.709218300938623716e-02	7.033420693268144230e-02
1.028993724444478858e+03	2.777047616771925465e-01	1.736457501552235438e-01	2.382861367356731708e-01	1.436060228311231701e-01	6.924530893362643158e-02	2.711374865980658785e-02	7.039827100725774833e-02
1.030445055508575479e+03	2.774583752120288738e-01	1.734831567329540580e-01	2.384613283154156105e-01	1.437108219197183456e-01	6.928880254367188185e-02	2.713528114456194643e-02	7.046223413155251747e-02
1.031896386572671872e+03	2.772124099762252603e-01	1.733208413280084847e-01	2.386362116174625403e-01	1.438154352759324905e-01	6.933222483124480695e-02	2.715678051921458988e-02	7.052609645181505404e-02
1.033347717636768493e+03	2.769668652491209526e-01	1.731588034644093443e-01	2.388107871723215703e-01	1.439198632498073782e-01	6.937557591087541164e-02	2.717824683923208973e-02	7.058985811413649725e-02
1.034799048700865114e+03	2.767217403112856022e-01	1.729970426669985017e-01	2.389850555095915374e-01	1.440241061906631648e-01	6.941885589692725622e-02	2.719968015998749586e-02	7.065351926444969621e-02
1.036250379764961508e+03	2.764770344445173222e-01	1.728355584614359175e-01	2.391590171579639490e-01	1.441281644470999712e-01	6.946206490359742303e-02	2.722108053675947534e-02	7.071708004852923779e-02
1.037701710829058356e+03	2.762327469318406892e-01	1.726743503741979824e-01	2.393326726452246200e-01	1.442320383669995765e-01	6.950520304491661361e-02	2.724244802473248933e-02	7.078054061199136326e-02
1.039153041893154750e+03	2.759888770575048000e-01	1.725134179325760186e-01	2.395060224982550612e-01	1.443357282975272216e-01	6.954827043474927362e-02	2.726378267899694577e-02	7.084390110029401000e-02
1.040604372957251599e+03	2.757454241069811629e-01	1.723527606646748922e-01	2.396790672430342828e-01	1.444392345851332193e-01	6.959126718679373158e-02	2.728508455454936241e-02	7.090716165873672816e-02
1.042055704021347992e+03	2.755023873669616985e-01	1.721923780994114583e-01	2.398518074046400439e-01	1.445425575755546754e-01	6.963419341458226830e-02	2.730635370629251948e-02	7.097032243246068073e-02
1.043507035085444613e+03	2.752597661253569084e-01	1.720322697665130629e-01	2.400242435072506286e-01	1.446456976138171535e-01	6.967704923148133889e-02	2.732759018903564013e-02	7.103338356644860185e-02
1.044958366149541234e+03	2.750175596712936543e-01	1.718724351965161268e-01	2.401963760741462617e-01	1.447486550442362851e-01	6.971983475069160052e-02	2.734879405749453263e-02	7.109634520552479686e-02
1.046409697213637855e+03	2.747757672951133268e-01	1.717128739207646748e-01	2.403682056277107459e-01	1.448514302104196017e-01	6.976255008524813450e-02	2.736996536629174998e-02	7.115920749435508674e-02
1.047861028277734476e+03	2.745343882883697351e-01	1.715535854714087538e-01	2.405397326894328502e-01	1.449540234552680329e-01	6.980519534802050174e-02	2.739110416995675645e-02	7.122197057744680815e-02
1.049312359341831097e+03	2.742934219438269983e-01	1.713945693814031279e-01	2.407109577799079192e-01	1.450564351209776559e-01	6.984777065171289545e-02	2.741221052292607679e-02	7.128463459914874401e-02
1.050763690405927491e+03	2.740528675554580462e-01	1.712358251845057522e-01	2.408818814188393997e-01	1.451586655490413325e-01	6.989027610886430764e-02	2.743328447954347313e-02	7.134719970365116515e-02
1.052215021470024112e+03	2.738127244184419551e-01	1.710773524152763292e-01	2.410525041250403677e-01	1.452607150802503744e-01	6.993271183184859852e-02	2.745432609406008723e-02	7.140966603498577481e-02
1.053666352534120733e+03	2.735729918291624485e-01	1.709191506090748380e-01	2.412228264164351099e-01	1.453625840546961256e-01	6.997507793287470468e-02	2.747533542063460010e-02	7.147203373702568086e-02
1.055117683598217127e+03	2.733336690852056217e-01	1.707612193020600633e-01	2.413928488100605119e-01	1.454642728117717387e-01	7.001737452398672235e-02	2.749631251333339854e-02	7.153430295348539580e-02
1.056569014662313975e+03	2.730947554853582759e-01	1.706035580311882904e-01	2.415625718220676399e-01	1.455657816901736734e-01	7.005960171706404616e-02	2.751725742613072428e-02	7.159647382792079517e-02
1.058020345726410369e+03	2.728562503296055319e-01	1.704461663342117239e-01	2.417319959677232954e-01	1.456671110279033898e-01	7.010175962382153569e-02	2.753817021290883363e-02	7.165854650372910362e-02
1.059471676790506763e+03	2.726181529191291641e-01	1.702890437496770992e-01	2.419011217614114861e-01	1.457682611622690139e-01	7.014384835580961264e-02	2.755905092745816048e-02	7.172052112414890879e-02
1.060923007854603611e+03	2.723804625563053805e-01	1.701321898169243230e-01	2.420699497166348968e-01	1.458692324298868359e-01	7.018586802441446892e-02	2.757989962347746210e-02	7.178239783226006421e-02
1.062374338918700232e+03	2.721431785447030460e-01	1.699756040760849463e-01	2.422384803460164715e-01	1.459700251666831428e-01	7.022781874085810838e-02	2.760071635457398906e-02	7.184417677098375865e-02
1.063825669982796853e+03	2.719063001890814624e-01	1.698192860680808325e-01	2.424067141613008847e-01	1.460706397078955499e-01	7.026970061619859653e-02	2.762150117426362753e-02	7.190585808308243287e-02
1.065277001046893474e+03	2.716698267953887580e-01	1.696632353346226862e-01	2.425746516733560676e-01	1.461710763880749164e-01	7.031151376133012998e-02	2.764225413597106926e-02	7.196744191115980738e-02
1.066728332110990095e+03	2.714337576707593902e-01	1.695074514182086656e-01	2.427422933921746795e-01	1.462713355410866778e-01	7.035325828698318906e-02	2.766297529302995731e-02	7.202892839766089628e-02
1.068179663175086489e+03	2.711980921235127018e-01	1.693519338621229942e-01	2.429096398268755508e-01	1.463714175001125939e-01	7.039493430372469052e-02	2.768366469868304217e-02	7.209031768487188241e-02
1.069630994239183110e+03	2.709628294631505341e-01	1.691966822104345181e-01	2.430766914857053207e-01	1.464713225976523869e-01	7.043654192195816788e-02	2.770432240608234134e-02	7.215160991492020059e-02
1.071082325303279504e+03	2.707279690003556172e-01	1.690416960079952902e-01	2.432434488760397973e-01	1.465710511655251846e-01	7.047808125192384088e-02	2.772494846828929202e-02	7.221280522977449601e-02
1.072533656367376352e+03	2.704935100469891274e-01	1.688869748004392657e-01	2.434099125043855394e-01	1.466706035348712411e-01	7.051955240369885136e-02	2.774554293827491067e-02	7.227390377124461029e-02
1.073984987431472746e+03	2.702594519160892994e-01	1.687325181341808034e-01	2.435760828763812447e-01	1.467699800361534357e-01	7.056095548719734656e-02	2.776610586891994567e-02	7.233490568098155382e-02
1.075436318495569594e+03	2.700257939218689285e-01	1.685783255564133609e-01	2.437419604967993036e-01	1.468691809991588826e-01	7.060229061217063173e-02	2.778663731301501960e-02	7.239581110047753343e-02
1.076887649559666215e+03	2.697925353797137049e-01	1.684243966151080796e-01	2.439075458695472987e-01	1.469682067530005132e-01	7.064355788820736448e-02	2.780713732326079574e-02	7.245662017106589692e-02
1.078338980623762609e+03	2.695596756061802712e-01	1.682707308590123685e-01	2.440728394976694748e-01	1.470670576261186302e-01	7.068475742473366574e-02	2.782760595226813766e-02	7.251733303392114693e-02
1.079790311687859230e+03	2.693272139189940018e-01	1.681173278376485725e-01	2.442378418833481279e-01	1.471657339462824898e-01	7.072588933101327247e-02	2.784804325255824109e-02	7.257794983005896872e-02
1.081241642751955851e+03	2.690951496370473373e-01	1.679641871013125842e-01	2.444025535279052141e-01	1.472642360405918560e-01	7.076695371614770413e-02	2.786844927656281778e-02	7.263847070033613296e-02
1.082692973816052472e+03	2.688634820803976755e-01	1.678113082010725121e-01	2.445669749318037101e-01	1.473625642354785270e-01	7.080795068907641543e-02	2.788882407662421348e-02	7.269889578545057907e-02
1.084144304880149093e+03	2.686322105702654839e-01	1.676586906887672368e-01	2.447311065946491671e-01	1.474607188567079175e-01	7.084888035857694888e-02	2.790916770499558483e-02	7.275922522594134578e-02
1.085595635944245487e+03	2.684013344290321901e-01	1.675063341170050790e-01	2.448949490151911268e-01	1.475587002293806127e-01	7.088974283326507364e-02	2.792948021384105209e-02	7.281945916218858506e-02
1.087046967008342108e+03	2.681708529802384611e-01	1.673542380391624396e-01	2.450585026913245645e-01	1.476565086779339231e-01	7.093053822159496591e-02	2.794976165523583439e-02	7.287959773441357592e-02
1.088498298072438729e+03	2.679407655485821493e-01	1.672024020093824948e-01	2.452217681200914157e-01	1.477541445261433273e-01	7.097126663185930606e-02	2.797001208116641283e-02	7.293964108267871060e-02
1.089949629136535123e+03	2.677110714599162944e-01	1.670508255825736976e-01	2.453847457976819912e-01	1.478516080971241653e-01	7.101192817218955622e-02	2.799023154353069004e-02	7.299958934688746681e-02
1.091400960200631971e+03	2.674817700412472354e-01	1.668995083144086400e-01	2.455474362194364490e-01	1.479488997133330264e-01	7.105252295055597411e-02	2.801042009413812553e-02	7.305944266678442156e-02
1.092852291264728365e+03	2.672528606207327240e-01	1.667484497613224981e-01	2.457098398798463201e-01	1.480460196965693309e-01	7.109305107476787677e-02	2.803057778470989525e-02	7.311920118195527896e-02
1.094303622328825213e+03	2.670243425276798699e-01	1.665976494805118668e-01	2.458719572725557856e-01	1.481429683679768849e-01	7.113351265247372379e-02	2.805070466687904079e-02	7.317886503182681468e-02
1.095754953392921607e+03	2.667962150925432541e-01	1.664471070299332611e-01	2.460337888903632864e-01	1.482397460480453788e-01	7.117390779116132549e-02	2.807080079219061858e-02	7.323843435566690374e-02
1.097206284457018228e+03	2.665684776469229855e-01	1.662968219683019222e-01	2.461953352252228833e-01	1.483363530566118582e-01	7.121423659815798168e-02	2.809086621210185944e-02	7.329790929258450660e-02
1.098657615521114849e+03	2.663411295235628695e-01	1.661467938550903745e-01	2.463565967682458113e-01	1.484327897128622509e-01	7.125449918063068988e-02	2.811090097798230394e-02	7.335728998152969693e-02
1.100108946585211470e+03	2.661141700563484092e-01	1.659970222505270931e-01	2.465175740097017842e-01	1.485290563353329207e-01	7.129469564558621464e-02	2.813090514111396545e-02	7.341657656129366161e-02
1.101560277649308091e+03	2.658875985803048625e-01	1.658475067155952554e-01	2.466782674390204655e-01	1.486251532419121113e-01	7.133482609987132350e-02	2.815087875269147236e-02	7.347576917050864520e-02
1.103011608713404712e+03	2.656614144315951331e-01	1.656982468120314078e-01	2.468386775447929948e-01	1.487210807498414722e-01	7.137489065017291190e-02	2.817082186382221728e-02	7.353486794764803325e-02
1.104462939777501106e+03	2.654356169475182714e-01	1.655492421023240512e-01	2.469988048147733761e-01	1.488168391757175302e-01	7.141488940301818356e-02	2.819073452552650627e-02	7.359387303102629674e-02
1.105914270841597499e+03	2.652102054665071984e-01	1.654004921497123914e-01	2.471586497358798651e-01	1.489124288354932157e-01	7.145482246477483090e-02	2.821061678873772183e-02	7.365278455879903374e-02
1.107365601905694348e+03	2.649851793281269852e-01	1.652519965181850348e-01	2.473182127941964126e-01	1.490078500444793064e-01	7.149468994165113223e-02	2.823046870430244784e-02	7.371160266896292779e-02
1.108816932969790741e+03	2.647605378730729098e-01	1.651037547724786281e-01	2.474774944749741634e-01	1.491031031173459254e-01	7.153449193969618758e-02	2.825029032298063264e-02	7.377032749935583111e-02
1.110268264033887590e+03	2.645362804431684034e-01	1.649557664780765820e-01	2.476364952626327887e-01	1.491981883681239851e-01	7.157422856480005757e-02	2.827008169544573818e-02	7.382895918765666754e-02
1.111719595097984211e+03	2.643124063813632740e-01	1.648080312012077941e-01	2.477952156407620121e-01	1.492931061102067691e-01	7.161389992269391602e-02	2.828984287228487882e-02	7.388749787138555736e-02
1.113170926162080832e+03	2.640889150317318745e-01	1.646605485088452336e-01	2.479536560921229427e-01	1.493878566563512644e-01	7.165350611895024424e-02	2.830957390399897397e-02	7.394594368790373407e-02
1.114622257226177226e+03	2.638658057394708822e-01	1.645133179687048031e-01	2.481118170986494897e-01	1.494824403186796602e-01	7.169304725898295594e-02	2.832927484100290078e-02	7.400429677441357212e-02
1.116073588290273847e+03	2.636430778508978001e-01	1.643663391492438397e-01	2.482696991414498622e-01	1.495768574086809022e-01	7.173252344804760539e-02	2.834894573362563286e-02	7.406255726795861472e-02
1.117524919354370468e+03	2.634207307134487919e-01	1.642196116196599776e-01	2.484273027008079560e-01	1.496711082372120249e-01	7.177193479124152620e-02	2.836858663211039300e-02	7.412072530542360149e-02
1.118976250418467089e+03	2.631987636756768500e-01	1.640731349498898706e-01	2.485846282561846032e-01	1.497651931144997062e-01	7.181128139350402562e-02	2.838819758661479190e-02	7.417880102353441307e-02
1.120427581482563710e+03	2.629771760872500197e-01	1.639269087106077494e-01	2.487416762862192932e-01	1.498591123501415712e-01	7.185056335961650942e-02	2.840777864721098084e-02	7.423678455885815430e-02
1.121878912546660331e+03	2.627559672989493444e-01	1.637809324732242278e-01	2.488984472687312544e-01	1.499528662531078305e-01	7.188978079420271783e-02	2.842732986388580435e-02	7.429467604780315426e-02
1.123330243610756725e+03	2.625351366626669236e-01	1.636352058098850537e-01	2.490549416807211480e-01	1.500464551317425843e-01	7.192893380172882267e-02	2.844685128654093204e-02	7.435247562661891074e-02
1.124781574674853118e+03	2.623146835314043579e-01	1.634897282934697216e-01	2.492111599983721781e-01	1.501398792937652937e-01	7.196802248650364942e-02	2.846634296499301123e-02	7.441018343139620128e-02
1.126232905738949967e+03	2.620946072592704734e-01	1.633444994975903064e-01	2.493671026970517846e-01	1.502331390462722238e-01	7.200704695267880207e-02	2.848580494897381271e-02	7.446779959806702764e-02
1.127684236803046360e+03	2.618749072014796009e-01	1.631995189965901871e-01	2.495227702513128365e-01	1.503262346957378315e-01	7.204600730424888522e-02	2.850523728813037991e-02	7.452532426240465746e-02
1.129135567867143209e+03	2.616555827143500212e-01	1.630547863655425755e-01	2.496781631348950758e-01	1.504191665480162643e-01	7.208490364505164283e-02	2.852464003202516418e-02	7.458275756002363810e-02
1.130586898931239830e+03	2.614366331553015232e-01	1.629103011802495171e-01	2.498332818207265604e-01	1.505119349083427205e-01	7.212373607876813864e-02	2.854401323013616709e-02	7.464009962637981055e-02
1.132038229995336451e+03	2.612180578828537381e-01	1.627660630172404477e-01	2.499881267809249685e-01	1.506045400813348645e-01	7.216250470892290880e-02	2.856335693185710692e-02	7.469735059677035105e-02
1.133489561059432845e+03	2.609998562566245850e-01	1.626220714537710277e-01	2.501426984867990422e-01	1.506969823709943535e-01	7.220120963888415622e-02	2.858267118649754010e-02	7.475451060633374334e-02
1.134940892123529466e+03	2.607820276373278845e-01	1.624783260678216990e-01	2.502969974088500860e-01	1.507892620807080031e-01	7.223985097186391702e-02	2.860195604328301389e-02	7.481157979004982028e-02
1.136392223187626087e+03	2.605645713867720259e-01	1.623348264380967132e-01	2.504510240167729940e-01	1.508813795132494529e-01	7.227842881091822713e-02	2.862121155135520859e-02	7.486855828273981939e-02
1.137843554251722708e+03	2.603474868678576359e-01	1.621915721440226332e-01	2.506047787794580262e-01	1.509733349707804428e-01	7.231694325894730269e-02	2.864043775977208328e-02	7.492544621906632729e-02
1.139294885315819101e+03	2.601307734445760245e-01	1.620485627657471117e-01	2.507582621649920851e-01	1.510651287548522292e-01	7.235539441869573429e-02	2.865963471750802155e-02	7.498224373353337691e-02
1.140746216379915950e+03	2.599144304820072415e-01	1.619057978841377810e-01	2.509114746406597707e-01	1.511567611664069166e-01	7.239378239275261195e-02	2.867880247345396330e-02	7.503895096048639191e-02
1.142197547444012343e+03	2.596984573463180235e-01	1.617632770807808651e-01	2.510644166729452120e-01	1.512482325057789845e-01	7.243210728355171935e-02	2.869794107641755396e-02	7.509556803411229775e-02
1.143648878508108737e+03	2.594828534047605162e-01	1.616209999379799866e-01	2.512170887275332332e-01	1.513395430726965640e-01	7.247036919337171423e-02	2.871705057512329018e-02	7.515209508843945230e-02
1.145100209572205586e+03	2.592676180256696661e-01	1.614789660387548342e-01	2.513694912693106853e-01	1.514306931662828537e-01	7.250856822433632276e-02	2.873613101821266558e-02	7.520853225733775682e-02
1.146551540636302207e+03	2.590527505784619433e-01	1.613371749668401078e-01	2.515216247623678347e-01	1.515216830850574792e-01	7.254670447841447822e-02	2.875518245424429215e-02	7.526487967451861438e-02
1.148002871700398828e+03	2.588382504336333989e-01	1.611956263066840755e-01	2.516734896699998614e-01	1.516125131269379367e-01	7.258477805742052924e-02	2.877420493169406679e-02	7.532113747353498534e-02
1.149454202764495449e+03	2.586241169627574998e-01	1.610543196434474356e-01	2.518250864547079138e-01	1.517031835892408975e-01	7.262278906301437853e-02	2.879319849895530317e-02	7.537730578778142898e-02
1.150905533828591842e+03	2.584103495384836857e-01	1.609132545630021227e-01	2.519764155782008297e-01	1.517936947686835958e-01	7.266073759670169108e-02	2.881216320433886702e-02	7.543338475049407577e-02
1.152356864892688463e+03	2.581969475345354814e-01	1.607724306519299484e-01	2.521274775013962466e-01	1.518840469613851329e-01	7.269862375983404679e-02	2.883109909607332183e-02	7.548937449475071060e-02
1.153808195956785084e+03	2.579839103257084432e-01	1.606318474975214627e-01	2.522782726844220447e-01	1.519742404628680044e-01	7.273644765360914866e-02	2.885000622230507461e-02	7.554527515347077282e-02
1.155259527020881706e+03	2.577712372878683822e-01	1.604915046877747054e-01	2.524288015866177348e-01	1.520642755680592650e-01	7.277420937907096155e-02	2.886888463109850769e-02	7.560108685941538398e-02
1.156710858084978327e+03	2.575589277979498659e-01	1.603514018113940676e-01	2.525790646665356798e-01	1.521541525712920284e-01	7.281190903710990647e-02	2.888773437043612446e-02	7.565680974518740332e-02
1.158162189149074720e+03	2.573469812339538310e-01	1.602115384577888491e-01	2.527290623819424820e-01	1.522438717663067154e-01	7.284954672846305490e-02	2.890655548821869161e-02	7.571244394323140003e-02
1.159613520213171569e+03	2.571353969749463619e-01	1.600719142170722309e-01	2.528787951898205377e-01	1.523334334462524142e-01	7.288712255371426751e-02	2.892534803226537443e-02	7.576798958583376431e-02
1.161064851277267962e+03	2.569241744010565820e-01	1.599325286800599988e-01	2.530282635463691476e-01	1.524228379036883241e-01	7.292463661329441627e-02	2.894411205031386866e-02	7.582344680512267954e-02
1.162516182341364356e+03	2.567133128934745989e-01	1.597933814382692941e-01	2.531774679070057932e-01	1.525120854305849760e-01	7.296208900748150927e-02	2.896284759002056355e-02	7.587881573306816396e-02
1.163967513405461204e+03	2.565028118344502284e-01	1.596544720839174758e-01	2.533264087263678022e-01	1.526011763183256209e-01	7.299947983640095450e-02	2.898155469896064942e-02	7.593409650148212620e-02
1.165418844469557826e+03	2.562926706072907734e-01	1.595158002099208439e-01	2.534750864583134589e-01	1.526901108577075061e-01	7.303680920002564303e-02	2.900023342462828765e-02	7.598928924201837909e-02
1.166870175533654447e+03	2.560828885963593593e-01	1.593773654098934178e-01	2.536235015559232253e-01	1.527788893389433467e-01	7.307407719817617109e-02	2.901888381443672518e-02	7.604439408617266749e-02
1.168321506597751068e+03	2.558734651870732124e-01	1.592391672781457990e-01	2.537716544715013511e-01	1.528675120516624908e-01	7.311128393052102048e-02	2.903750591571844716e-02	7.609941116528273763e-02
1.169772837661847461e+03	2.556643997659016621e-01	1.591012054096838657e-01	2.539195456565769282e-01	1.529559792849122801e-01	7.314842949657672511e-02	2.905609977572530880e-02	7.615434061052832326e-02
1.171224168725944082e+03	2.554556917203644750e-01	1.589634794002077189e-01	2.540671755619055561e-01	1.530442913271594374e-01	7.318551399570806526e-02	2.907466544162867414e-02	7.620918255293122889e-02
1.172675499790040703e+03	2.552473404390301348e-01	1.588259888461103497e-01	2.542145446374702300e-01	1.531324484662913155e-01	7.322253752712826191e-02	2.909320296051955829e-02	7.626393712335532982e-02
1.174126830854137097e+03	2.550393453115138431e-01	1.586887333444764459e-01	2.543616533324831175e-01	1.532204509896172295e-01	7.325950018989912937e-02	2.911171237940875928e-02	7.631860445250662761e-02
1.175578161918233945e+03	2.548317057284760212e-01	1.585517124930813093e-01	2.545085020953866128e-01	1.533082991838697340e-01	7.329640208293124182e-02	2.913019374522698990e-02	7.637318467093329177e-02
1.177029492982330339e+03	2.546244210816202003e-01	1.584149258903895796e-01	2.546550913738545585e-01	1.533959933352059546e-01	7.333324330498414145e-02	2.914864710482503382e-02	7.642767790902570135e-02
1.178480824046426733e+03	2.544174907636915228e-01	1.582783731355539847e-01	2.548014216147939104e-01	1.534835337292090041e-01	7.337002395466650506e-02	2.916707250497386356e-02	7.648208429701645883e-02
1.179932155110523581e+03	2.542109141684747442e-01	1.581420538284143140e-01	2.549474932643456260e-01	1.535709206508889813e-01	7.340674413043633828e-02	2.918546999236478617e-02	7.653640396498045950e-02
1.181383486174620202e+03	2.540046906907925672e-01	1.580059675694961141e-01	2.550933067678864408e-01	1.536581543846845532e-01	7.344340393060114214e-02	2.920383961360957514e-02	7.659063704283493312e-02
1.182834817238716823e+03	2.537988197265037549e-01	1.578701139600095227e-01	2.552388625700297564e-01	1.537452352144641210e-01	7.348000345331810734e-02	2.922218141524060564e-02	7.664478366033945778e-02
1.184286148302813444e+03	2.535933006725017425e-01	1.577344926018480475e-01	2.553841611146271950e-01	1.538321634235270963e-01	7.351654279659428082e-02	2.924049544371100026e-02	7.669884394709600151e-02
1.185737479366910065e+03	2.533881329267122506e-01	1.575991030975875118e-01	2.555292028447698205e-01	1.539189392946052337e-01	7.355302205828675999e-02	2.925878174539475393e-02	7.675281803254901947e-02
1.187188810431006686e+03	2.531833158880920642e-01	1.574639450504847493e-01	2.556739882027894151e-01	1.540055631098639077e-01	7.358944133610285931e-02	2.927704036658687267e-02	7.680670604598542617e-02
1.188640141495103080e+03	2.529788489566270338e-01	1.573290180644764669e-01	2.558185176302599229e-01	1.540920351509033337e-01	7.362580072760030458e-02	2.929527135350350892e-02	7.686050811653467874e-02
1.190091472559199701e+03	2.527747315333302991e-01	1.571943217441781337e-01	2.559627915679985599e-01	1.541783556987598724e-01	7.366210033018738557e-02	2.931347475228209681e-02	7.691422437316883243e-02
1.191542803623296322e+03	2.525709630202405687e-01	1.570598556948827329e-01	2.561068104560673131e-01	1.542645250339073626e-01	7.369834024112319193e-02	2.933165060898148407e-02	7.696785494470254063e-02
1.192994134687392716e+03	2.523675428204204541e-01	1.569256195225595951e-01	2.562505747337739392e-01	1.543505434362582029e-01	7.373452055751776590e-02	2.934979896958207074e-02	7.702139995979317977e-02
1.194445465751489564e+03	2.521644703379545271e-01	1.567916128338532888e-01	2.563940848396734640e-01	1.544364111851648791e-01	7.377064137633226881e-02	2.936791987998594797e-02	7.707485954694079378e-02
1.195896796815585958e+03	2.519617449779477658e-01	1.566578352360823989e-01	2.565373412115695140e-01	1.545221285594210181e-01	7.380670279437918924e-02	2.938601338601701252e-02	7.712823383448821901e-02
1.197348127879682352e+03	2.517593661465237220e-01	1.565242863372383886e-01	2.566803442865155382e-01	1.546076958372627208e-01	7.384270490832249567e-02	2.940407953342112288e-02	7.718152295062109813e-02
1.198799458943779200e+03	2.515573332508227455e-01	1.563909657459844893e-01	2.568230945008160293e-01	1.546931132963697830e-01	7.387864781467784470e-02	2.942211836786621723e-02	7.723472702336794948e-02
1.200250790007875821e+03	2.513556456990003740e-01	1.562578730716543962e-01	2.569655922900279110e-01	1.547783812138670001e-01	7.391453160981274750e-02	2.944012993494245570e-02	7.728784618060019485e-02
1.201702121071972442e+03	2.511543029002254457e-01	1.561250079242512689e-01	2.571078380889617043e-01	1.548634998663253326e-01	7.395035638994677807e-02	2.945811428016234870e-02	7.734088055003220108e-02
1.203153452136069063e+03	2.509533042646783785e-01	1.559923699144465103e-01	2.572498323316828595e-01	1.549484695297632941e-01	7.398612225115172580e-02	2.947607144896089576e-02	7.739383025922139114e-02
1.204604783200165684e+03	2.507526492035495602e-01	1.558599586535786286e-01	2.573915754515131438e-01	1.550332904796479505e-01	7.402182928935178985e-02	2.949400148669571037e-02	7.744669543556821634e-02
1.206056114264262078e+03	2.505523371290375723e-01	1.557277737536520434e-01	2.575330678810317520e-01	1.551179629908964464e-01	7.405747760032375948e-02	2.951190443864715532e-02	7.749947620631626732e-02
1.207507445328358699e+03	2.503523674543474686e-01	1.555958148273360042e-01	2.576743100520765273e-01	1.552024873378769765e-01	7.409306727969720840e-02	2.952978035001847801e-02	7.755217269855228801e-02
1.208958776392455093e+03	2.501527395936889442e-01	1.554640814879634236e-01	2.578153023957455714e-01	1.552868637944101737e-01	7.412859842295466128e-02	2.954762926593593533e-02	7.760478503920624493e-02
1.210410107456551941e+03	2.499534529622746970e-01	1.553325733495297123e-01	2.579560453423981881e-01	1.553710926337703302e-01	7.416407112543177416e-02	2.956545123144893594e-02	7.765731335505136890e-02
1.211861438520648335e+03	2.497545069763187908e-01	1.552012900266916129e-01	2.580965393216561043e-01	1.554551741286865352e-01	7.419948548231755647e-02	2.958324629153016166e-02	7.770975777270425211e-02
1.213312769584745183e+03	2.495559010530348232e-01	1.550702311347661733e-01	2.582367847624050250e-01	1.555391085513439797e-01	7.423484158865449600e-02	2.960101449107570629e-02	7.776211841862484819e-02
1.214764100648841804e+03	2.493576346106342878e-01	1.549393962897294141e-01	2.583767820927956871e-01	1.556228961733850946e-01	7.427013953933878088e-02	2.961875587490519698e-02	7.781439541911656932e-02
1.216215431712937971e+03	2.491597070683247983e-01	1.548087851082154409e-01	2.585165317402451923e-01	1.557065372659108549e-01	7.430537942912046612e-02	2.963647048776192963e-02	7.786658890032628622e-02
1.217666762777034819e+03	2.489621178463084505e-01	1.546783972075151670e-01	2.586560341314383393e-01	1.557900320994819177e-01	7.434056135260368181e-02	2.965415837431301105e-02	7.791869898824445306e-02
1.219118093841131440e+03	2.487648663657801018e-01	1.545482322055751201e-01	2.587952896923285118e-01	1.558733809441198992e-01	7.437568540424678576e-02	2.967181957914947002e-02	7.797072580870513525e-02
1.220569424905228061e+03	2.485679520489256222e-01	1.544182897209964433e-01	2.589342988481394547e-01	1.559565840693084848e-01	7.441075167836255777e-02	2.968945414678640302e-02	7.802266948738606489e-02
1.222020755969324682e+03	2.483713743189203405e-01	1.542885693730337571e-01	2.590730620233661075e-01	1.560396417439947059e-01	7.444576026911840783e-02	2.970706212166309215e-02	7.807453014980868244e-02
1.223472087033421303e+03	2.481751325999271285e-01	1.541590707815938821e-01	2.592115796417761020e-01	1.561225542365901053e-01	7.448071127053648710e-02	2.972464354814314050e-02	7.812630792133822000e-02
1.224923418097517697e+03	2.479792263170948752e-01	1.540297935672349516e-01	2.593498521264109291e-01	1.562053218149719591e-01	7.451560477649397940e-02	2.974219847051460391e-02	7.817800292718375677e-02
1.226374749161614318e+03	2.477836548965567653e-01	1.539007373511651067e-01	2.594878798995871594e-01	1.562879447464844695e-01	7.455044088072319830e-02	2.975972693299011596e-02	7.822961529239828848e-02
1.227826080225710712e+03	2.475884177654286145e-01	1.537719017552414136e-01	2.596256633828976645e-01	1.563704232979398756e-01	7.458521967681176756e-02	2.977722897970701971e-02	7.828114514187876904e-02
1.229277411289807560e+03	2.473935143518070645e-01	1.536432864019688094e-01	2.597632029972129497e-01	1.564527577356197574e-01	7.461994125820289869e-02	2.979470465472749616e-02	7.833259260036615212e-02
1.230728742353903954e+03	2.471989440847680852e-01	1.535148909144989360e-01	2.599004991626822081e-01	1.565349483252761742e-01	7.465460571819550195e-02	2.981215400203869603e-02	7.838395779244552997e-02
1.232180073418000802e+03	2.470047063943651700e-01	1.533867149166290855e-01	2.600375522987348753e-01	1.566169953321328023e-01	7.468921314994433902e-02	2.982957706555285082e-02	7.843524084254610562e-02
1.233631404482097196e+03	2.468108007116277258e-01	1.532587580328010068e-01	2.601743628240814621e-01	1.566988990208861010e-01	7.472376364646025892e-02	2.984697388910742197e-02	7.848644187494131785e-02
1.235082735546193817e+03	2.466172264685593252e-01	1.531310198880997953e-01	2.603109311567150530e-01	1.567806596557066168e-01	7.475825730061040619e-02	2.986434451646522922e-02	7.853756101374886889e-02
1.236534066610290438e+03	2.464239830981361234e-01	1.530035001082528934e-01	2.604472577139125833e-01	1.568622775002399827e-01	7.479269420511833188e-02	2.988168899131455822e-02	7.858859838293080768e-02
1.237985397674387059e+03	2.462310700343051661e-01	1.528761983196288698e-01	2.605833429122357825e-01	1.569437528176082508e-01	7.482707445256424339e-02	2.989900735726930270e-02	7.863955410629359932e-02
1.239436728738483680e+03	2.460384867119826957e-01	1.527491141492364202e-01	2.607191871675327843e-01	1.570250858704108909e-01	7.486139813538515708e-02	2.991629965786909290e-02	7.869042830748818051e-02
1.240888059802580301e+03	2.458462325670525139e-01	1.526222472247231454e-01	2.608547908949389593e-01	1.571062769207261234e-01	7.489566534587506486e-02	2.993356593657941697e-02	7.874122111001002899e-02
1.242339390866676695e+03	2.456543070363643444e-01	1.524955971743745531e-01	2.609901545088783026e-01	1.571873262301118901e-01	7.492987617618512841e-02	2.995080623679174589e-02	7.879193263719921902e-02
1.243790721930773088e+03	2.454627095577321672e-01	1.523691636271129191e-01	2.611252784230648216e-01	1.572682340596071870e-01	7.496403071832392906e-02	2.996802060182366875e-02	7.884256301224050467e-02
1.245242052994869937e+03	2.452714395699325256e-01	1.522429462124962329e-01	2.612601630505034245e-01	1.573490006697331189e-01	7.499812906415755098e-02	2.998520907491901075e-02	7.889311235816336143e-02
1.246693384058966330e+03	2.450804965127029444e-01	1.521169445607169490e-01	2.613948088034913630e-01	1.574296263204940649e-01	7.503217130540983104e-02	3.000237169924796499e-02	7.894358079784209725e-02
1.248144715123063179e+03	2.448898798267402366e-01	1.519911583026011814e-01	2.615292160936193433e-01	1.575101112713788443e-01	7.506615753366248367e-02	3.001950851790721048e-02	7.899396845399586642e-02
1.249596046187159800e+03	2.446995889536988655e-01	1.518655870696073440e-01	2.616633853317728575e-01	1.575904557813618267e-01	7.510008784035536455e-02	3.003661957392005782e-02	7.904427544918882220e-02
1.251047377251256421e+03	2.445096233361893079e-01	1.517402304938251512e-01	2.617973169281334056e-01	1.576706601089040982e-01	7.513396231678660941e-02	3.005370491023654292e-02	7.909450190583007523e-02
1.252498708315352815e+03	2.443199824177764157e-01	1.516150882079746465e-01	2.619310112921792721e-01	1.577507245119545431e-01	7.516778105411278665e-02	3.007076456973358652e-02	7.914464794617384613e-02
1.253950039379449436e+03	2.441306656429778621e-01	1.514901598454049536e-01	2.620644688326873584e-01	1.578306492479511491e-01	7.520154414334914716e-02	3.008779859521508102e-02	7.919471369231950719e-02
1.255401370443546057e+03	2.439416724572623096e-01	1.513654450400932772e-01	2.621976899577339593e-01	1.579104345738219783e-01	7.523525167536979086e-02	3.010480702941206038e-02	7.924469926621167948e-02
1.256852701507642678e+03	2.437530023070480223e-01	1.512409434266437924e-01	2.623306750746960958e-01	1.579900807459862777e-01	7.526890374090779157e-02	3.012178991498278349e-02	7.929460478964026060e-02
1.258304032571739299e+03	2.435646546397010892e-01	1.511166546402866184e-01	2.624634245902528473e-01	1.580695880203557002e-01	7.530250043055544684e-02	3.013874729451288328e-02	7.934443038424054961e-02
1.259755363635835920e+03	2.433766289035337593e-01	1.509925783168766522e-01	2.625959389103861286e-01	1.581489566523354151e-01	7.533604183476445837e-02	3.015567921051549166e-02	7.939417617149323314e-02
1.261206694699932314e+03	2.431889245478029427e-01	1.508687140928926251e-01	2.627282184403823551e-01	1.582281868968251903e-01	7.536952804384605686e-02	3.017258570543134011e-02	7.944384227272457966e-02
1.262658025764028707e+03	2.430015410227085448e-01	1.507450616054359094e-01	2.628602635848335534e-01	1.583072790082205028e-01	7.540295914797126575e-02	3.018946682162891582e-02	7.949342880910643949e-02
1.264109356828125556e+03	2.428144777793918851e-01	1.506216204922295188e-01	2.629920747476381937e-01	1.583862332404137041e-01	7.543633523717101219e-02	3.020632260140455189e-02	7.954293590165628647e-02
1.265560687892221949e+03	2.426277342699339479e-01	1.504983903916169707e-01	2.631236523320027443e-01	1.584650498467951030e-01	7.546965640133639075e-02	3.022315308698258693e-02	7.959236367123739830e-02
1.267012018956318798e+03	2.424413099473539945e-01	1.503753709425612872e-01	2.632549967404426705e-01	1.585437290802541033e-01	7.550292273021874667e-02	3.023995832051544833e-02	7.964171223855882886e-02
1.268463350020415419e+03	2.422552042656078153e-01	1.502525617846439676e-01	2.633861083747838228e-01	1.586222711931802309e-01	7.553613431342996731e-02	3.025673834408381183e-02	7.969098172417553305e-02
1.269914681084511813e+03	2.420694166795860358e-01	1.501299625580637676e-01	2.635169876361633801e-01	1.587006764374642998e-01	7.556929124044256540e-02	3.027349319969670563e-02	7.974017224848845009e-02
1.271366012148608434e+03	2.418839466451127018e-01	1.500075729036358108e-01	2.636476349250310158e-01	1.587789450644995215e-01	7.560239360058991498e-02	3.029022292929163529e-02	7.978928393174455902e-02
1.272817343212705055e+03	2.416987936189435859e-01	1.498853924627904510e-01	2.637780506411503967e-01	1.588570773251826163e-01	7.563544148306645953e-02	3.030692757473469126e-02	7.983831689403696197e-02
1.274268674276801676e+03	2.415139570587646334e-01	1.497634208775721620e-01	2.639082351836000706e-01	1.589350734699148116e-01	7.566843497692783693e-02	3.032360717782070850e-02	7.988727125530496742e-02
1.275720005340898297e+03	2.413294364231902411e-01	1.496416577906385936e-01	2.640381889507747437e-01	1.590129337486030081e-01	7.570137417109108757e-02	3.034026178027335666e-02	7.993614713533415961e-02
1.277171336404994690e+03	2.411452311717619257e-01	1.495201028452594338e-01	2.641679123403862794e-01	1.590906584106608901e-01	7.573425915433484867e-02	3.035689142374526847e-02	7.998494465375652340e-02
1.278622667469091539e+03	2.409613407649464079e-01	1.493987556853153820e-01	2.642974057494651974e-01	1.591682477050100353e-01	7.576709001529956244e-02	3.037349614981816812e-02	8.003366393005045820e-02
1.280073998533187932e+03	2.407777646641343083e-01	1.492776159552972048e-01	2.644266695743615059e-01	1.592457018800808033e-01	7.579986684248757323e-02	3.039007600000298570e-02	8.008230508354084731e-02
1.281525329597284326e+03	2.405945023316383991e-01	1.491566833003044601e-01	2.645557042107461454e-01	1.593230211838136678e-01	7.583258972426339117e-02	3.040663101573998564e-02	8.013086823339923837e-02
1.282976660661381175e+03	2.404115532306920489e-01	1.490359573660446357e-01	2.646845100536119322e-01	1.594002058636601327e-01	7.586525874885385878e-02	3.042316123839887421e-02	8.017935349864382943e-02
1.284427991725477568e+03	2.402289168254477525e-01	1.489154377988320677e-01	2.648130874972747795e-01	1.594772561665838972e-01	7.589787400434828968e-02	3.043966670927893831e-02	8.022776099813959394e-02
1.285879322789574417e+03	2.400465925809753820e-01	1.487951242455868572e-01	2.649414369353750853e-01	1.595541723390618560e-01	7.593043557869869065e-02	3.045614746960915303e-02	8.027609085059835003e-02
1.287330653853671038e+03	2.398645799632607711e-01	1.486750163538338443e-01	2.650695587608784543e-01	1.596309546270852087e-01	7.596294355971998369e-02	3.047260356054830310e-02	8.032434317457884387e-02
1.288781984917767431e+03	2.396828784392040224e-01	1.485551137717016079e-01	2.651974533660771405e-01	1.597076032761605702e-01	7.599539803509010316e-02	3.048903502318510428e-02	8.037251808848681900e-02
1.290233315981864052e+03	2.395014874766180912e-01	1.484354161479213563e-01	2.653251211425912692e-01	1.597841185313109147e-01	7.602779909235021782e-02	3.050544189853833174e-02	8.042061571057515512e-02
