1.001418434226643626e+03	2.824419499617392137e-01	1.768399295887268241e-01	2.348955883854618176e-01	1.415714327633818270e-01	6.840271256287572266e-02	2.668255872985574734e-02	6.916582800785957275e-02
1.002869765290740247e+03	2.821875005691747984e-01	1.766718977441330829e-01	2.350767483905502608e-01	1.416798084301298388e-01	6.844759794959838495e-02	2.670468779518464508e-02	6.923175912112969344e-02
1.004321096354836754e+03	2.819334861451949226e-01	1.765041531935363228e-01	2.352575898794243003e-01	1.417879916611063384e-01	6.849240977947597397e-02	2.672678276990788845e-02	6.929758657125498211e-02
1.005772427418933376e+03	2.816799059458001686e-01	1.763366954450159840e-01	2.354381134000660680e-01	1.418959828204558737e-01	6.853714817020832573e-02	2.674884371115471282e-02	6.936331050719968250e-02
1.007223758483029997e+03	2.814267592282586050e-01	1.761695240075008551e-01	2.356183194995190300e-01	1.420037822715656262e-01	6.858181323932732720e-02	2.677087067595699740e-02	6.942893107777238504e-02
1.008675089547126618e+03	2.811740452511038990e-01	1.760026383907675185e-01	2.357982087238897906e-01	1.421113903770672149e-01	6.862640510419701356e-02	2.679286372124943527e-02	6.949444843162601304e-02
1.010126420611223239e+03	2.809217632741332626e-01	1.758360381054385191e-01	2.359777816183494803e-01	1.422188074988385287e-01	6.867092388201362363e-02	2.681482290386969641e-02	6.955986271725768388e-02
1.011577751675319632e+03	2.806699125584056764e-01	1.756697226629810316e-01	2.361570387271355598e-01	1.423260339980054190e-01	6.871536968980575255e-02	2.683674828055858733e-02	6.962517408300875066e-02
1.013029082739416367e+03	2.804184923662394469e-01	1.755036915757051119e-01	2.363359805935533187e-01	1.424330702349436151e-01	6.875974264443437955e-02	2.685863990796022449e-02	6.969038267706466339e-02
1.014480413803512761e+03	2.801675019612105966e-01	1.753379443567621154e-01	2.365146077599773744e-01	1.425399165692805281e-01	6.880404286259296509e-02	2.688049784262219397e-02	6.975548864745498290e-02
1.015931744867609382e+03	2.799169406081506994e-01	1.751724805201430590e-01	2.366929207678534486e-01	1.426465733598969721e-01	6.884827046080754798e-02	2.690232214099572486e-02	6.982049214205332532e-02
1.017383075931706003e+03	2.796668075731448266e-01	1.750072995806772336e-01	2.368709201576997547e-01	1.427530409649290233e-01	6.889242555543684254e-02	2.692411285943583504e-02	6.988539330857726495e-02
1.018834406995802851e+03	2.794171021235297148e-01	1.748424010540303442e-01	2.370486064691087746e-01	1.428593197417697136e-01	6.893650826267234966e-02	2.694587005420150810e-02	6.995019229458834809e-02
1.020285738059899245e+03	2.791678235278916564e-01	1.746777844567032056e-01	2.372259802407487017e-01	1.429654100470709455e-01	6.898051869853842610e-02	2.696759378145586680e-02	7.001488924749199594e-02
1.021737069123995752e+03	2.789189710560644464e-01	1.745134493060299663e-01	2.374030420103650785e-01	1.430713122367451295e-01	6.902445697889236786e-02	2.698928409726631533e-02	7.007948431453750460e-02
1.023188400188092373e+03	2.786705439791274941e-01	1.743493951201767478e-01	2.375797923147823232e-01	1.431770266659670165e-01	6.906832321942457664e-02	2.701094105760471625e-02	7.014397764281793402e-02
1.024639731252188767e+03	2.784225415694037697e-01	1.741856214181399520e-01	2.377562316899053396e-01	1.432825536891754736e-01	6.911211753565858762e-02	2.703256471834754315e-02	7.020836937927013577e-02
1.026091062316285615e+03	2.781749631004578061e-01	1.740221277197447902e-01	2.379323606707211269e-01	1.433878936600752052e-01	6.915584004295119436e-02	2.705415513527606106e-02	7.027265967067464203e-02
1.027542393380382237e+03	2.779278078470935887e-01	1.738589135456437285e-01	2.381081797913002784e-01	1.434930469316385016e-01	6.919949085649260145e-02	2.707571236407646867e-02	7.033684866365566557e-02
1.028993724444478858e+03	2.776810750853528353e-01	1.736959784173148780e-01	2.382836895847985081e-01	1.435980138561070429e-01	6.924307009130645230e-02	2.709723646034007880e-02	7.040093650468107200e-02
1.030445055508575479e+03	2.774347640925125535e-01	1.735333218570606351e-01	2.384588905834584271e-01	1.437027947849935372e-01	6.928657786224998172e-02	2.711872747956346058e-02	7.046492334006225489e-02
1.031896386572671872e+03	2.771888741470835416e-01	1.733709433880059603e-01	2.386337833186108204e-01	1.438073900690835794e-01	6.933001428401416866e-02	2.714018547714861992e-02	7.052880931595417735e-02
1.033347717636768493e+03	2.769434045288079460e-01	1.732088425340970461e-01	2.388083683206763397e-01	1.439118000584373169e-01	6.937337947112373615e-02	2.716161050840314867e-02	7.059259457835530271e-02
1.034799048700865114e+03	2.766983545186575966e-01	1.730470188200996240e-01	2.389826461191671692e-01	1.440160251023911986e-01	6.941667353793735951e-02	2.718300262854039112e-02	7.065627927310751122e-02
1.036250379764961508e+03	2.764537233988317300e-01	1.728854717715976597e-01	2.391566172426883297e-01	1.441200655495596117e-01	6.945989659864774957e-02	2.720436189267960367e-02	7.071986354589616941e-02
1.037701710829058356e+03	2.762095104527552136e-01	1.727242009149916047e-01	2.393302822189394830e-01	1.442239217478367141e-01	6.950304876728174985e-02	2.722568835584611435e-02	7.078334754224993586e-02
1.039153041893154750e+03	2.759657149650764363e-01	1.725632057774972306e-01	2.395036415747162362e-01	1.443275940443980998e-01	6.954613015770046147e-02	2.724698207297148247e-02	7.084673140754087217e-02
1.040604372957251599e+03	2.757223362216653095e-01	1.724024858871437416e-01	2.396766958359119182e-01	1.444310827857024915e-01	6.958914088359939576e-02	2.726824309889366513e-02	7.091001528698429035e-02
1.042055704021347992e+03	2.754793735096113805e-01	1.722420407727726088e-01	2.398494455275189396e-01	1.445343883174934341e-01	6.963208105850852980e-02	2.728947148835716985e-02	7.097319932563878053e-02
1.043507035085444613e+03	2.752368261172215558e-01	1.720818699640359328e-01	2.400218911736304306e-01	1.446375109848010709e-01	6.967495079579248685e-02	2.731066729601320728e-02	7.103628366840616937e-02
1.044958366149541234e+03	2.749946933340183808e-01	1.719219729913950556e-01	2.401940332974417391e-01	1.447404511319436704e-01	6.971775020865063344e-02	2.733183057641987504e-02	7.109926846003145062e-02
1.046409697213637855e+03	2.747529744507379301e-01	1.717623493861190065e-01	2.403658724212520137e-01	1.448432091025295687e-01	6.976047941011717657e-02	2.735296138404228958e-02	7.116215384510277131e-02
1.047861028277734476e+03	2.745116687593279758e-01	1.716029986802830587e-01	2.405374090664657016e-01	1.449457852394585300e-01	6.980313851306135797e-02	2.737405977325275963e-02	7.122493996805140393e-02
1.049312359341831097e+03	2.742707755529456559e-01	1.714439204067672862e-01	2.407086437535940759e-01	1.450481798849236892e-01	6.984572763018750963e-02	2.739512579833094236e-02	7.128762697315170482e-02
1.050763690405927491e+03	2.740302941259558089e-01	1.712851140992550092e-01	2.408795770022566785e-01	1.451503933804131063e-01	6.988824687403519254e-02	2.741615951346400293e-02	7.135021500452104481e-02
1.052215021470024112e+03	2.737902237739287536e-01	1.711265792922315732e-01	2.410502093311830130e-01	1.452524260667115152e-01	6.993069635697934938e-02	2.743716097274676372e-02	7.141270420611986469e-02
1.053666352534120733e+03	2.735505637936385126e-01	1.709683155209826277e-01	2.412205412582139885e-01	1.453542782839017944e-01	6.997307619123044331e-02	2.745813023018187429e-02	7.147509472175155032e-02
1.055117683598217127e+03	2.733113134830607027e-01	1.708103223215929056e-01	2.413905733003034182e-01	1.454559503713668267e-01	7.001538648883455507e-02	2.747906733967996062e-02	7.153738669506244652e-02
1.056569014662313975e+03	2.730724721413704814e-01	1.706525992309445572e-01	2.415603059735195179e-01	1.455574426677910538e-01	7.005762736167352178e-02	2.749997235505978813e-02	7.159958026954184318e-02
1.058020345726410369e+03	2.728340390689408257e-01	1.704951457867159570e-01	2.417297397930464609e-01	1.456587555111621968e-01	7.009979892146506186e-02	2.752084533004841432e-02	7.166167558852191977e-02
1.059471676790506763e+03	2.725960135673400342e-01	1.703379615273800662e-01	2.418988752731859315e-01	1.457598892387728384e-01	7.014190127976295541e-02	2.754168631828134498e-02	7.172367279517767591e-02
1.060923007854603611e+03	2.723583949393303949e-01	1.701810459922031282e-01	2.420677129273585138e-01	1.458608441872220052e-01	7.018393454795712749e-02	2.756249537330268326e-02	7.178557203252701469e-02
1.062374338918700232e+03	2.721211824888657427e-01	1.700243987212431696e-01	2.422362532681053282e-01	1.459616206924169435e-01	7.022589883727380078e-02	2.758327254856530672e-02	7.184737344343058996e-02
1.063825669982796853e+03	2.718843755210896829e-01	1.698680192553486401e-01	2.424044968070894757e-01	1.460622190895746186e-01	7.026779425877562046e-02	2.760401789743100950e-02	7.190907717059186188e-02
1.065277001046893474e+03	2.716479733423335374e-01	1.697119071361569420e-01	2.425724440550975358e-01	1.461626397132234356e-01	7.030962092336182079e-02	2.762473147317065156e-02	7.197068335655704141e-02
1.066728332110990095e+03	2.714119752601142910e-01	1.695560619060930974e-01	2.427400955220410106e-01	1.462628828972048212e-01	7.035137894176836382e-02	2.764541332896433209e-02	7.203219214371506252e-02
1.068179663175086489e+03	2.711763805831327590e-01	1.694004831083682494e-01	2.429074517169579339e-01	1.463629489746747780e-01	7.039306842456802271e-02	2.766606351790152490e-02	7.209360367429758221e-02
1.069630994239183110e+03	2.709411886212718668e-01	1.692451702869783026e-01	2.430745131480142873e-01	1.464628382781056615e-01	7.043468948217058989e-02	2.768668209298124835e-02	7.215491809037892501e-02
1.071082325303279504e+03	2.707063986855939852e-01	1.690901229867025068e-01	2.432412803225055542e-01	1.465625511392875391e-01	7.047624222482300194e-02	2.770726910711220764e-02	7.221613553387608297e-02
1.072533656367376352e+03	2.704720100883394873e-01	1.689353407531020701e-01	2.434077537468581354e-01	1.466620878893300228e-01	7.051772676260942285e-02	2.772782461311296479e-02	7.227725614654870179e-02
1.073984987431472746e+03	2.702380221429248053e-01	1.687808231325188257e-01	2.435739339266308756e-01	1.467614488586637400e-01	7.055914320545148000e-02	2.774834866371207742e-02	7.233828006999901139e-02
1.075436318495569594e+03	2.700044341639401546e-01	1.686265696720736229e-01	2.437398213665165903e-01	1.468606343770419709e-01	7.060049166310836122e-02	2.776884131154826185e-02	7.239920744567182598e-02
1.076887649559666215e+03	2.697712454671478688e-01	1.684725799196652440e-01	2.439054165703434252e-01	1.469596447735422029e-01	7.064177224517695364e-02	2.778930260917053877e-02	7.246003841485457175e-02
1.078338980623762609e+03	2.695384553694801788e-01	1.683188534239688505e-01	2.440707200410764666e-01	1.470584803765677129e-01	7.068298506109196855e-02	2.780973260903839631e-02	7.252077311867721754e-02
1.079790311687859230e+03	2.693060631890374923e-01	1.681653897344345672e-01	2.442357322808191011e-01	1.471571415138492323e-01	7.072413022012619122e-02	2.783013136352192884e-02	7.258141169811226090e-02
1.081241642751955851e+03	2.690740682450862842e-01	1.680121884012862332e-01	2.444004537908146535e-01	1.472556285124463626e-01	7.076520783139048087e-02	2.785049892490201393e-02	7.264195429397471426e-02
1.082692973816052472e+03	2.688424698580572092e-01	1.678592489755199313e-01	2.445648850714476075e-01	1.473539416987492967e-01	7.080621800383404829e-02	2.787083534537043369e-02	7.270240104692211880e-02
1.084144304880149093e+03	2.686112673495431591e-01	1.677065710089027384e-01	2.447290266222453825e-01	1.474520813984803169e-01	7.084716084624453902e-02	2.789114067703005878e-02	7.276275209745448891e-02
1.085595635944245487e+03	2.683804600422972086e-01	1.675541540539711161e-01	2.448928789418795549e-01	1.475500479366953499e-01	7.088803646724817220e-02	2.791141497189496973e-02	7.282300758591428447e-02
1.087046967008342108e+03	2.681500472602308394e-01	1.674019976640298557e-01	2.450564425281673564e-01	1.476478416377855207e-01	7.092884497530994869e-02	2.793165828189062699e-02	7.288316765248646634e-02
1.088498298072438729e+03	2.679200283284118855e-01	1.672501013931504965e-01	2.452197178780732845e-01	1.477454628254787627e-01	7.096958647873376214e-02	2.795187065885403055e-02	7.294323243719839922e-02
1.089949629136535123e+03	2.676904025730625358e-01	1.670984647961700487e-01	2.453827054877104341e-01	1.478429118228412886e-01	7.101026108566252382e-02	2.797205215453384478e-02	7.300320207991990717e-02
1.091400960200631971e+03	2.674611693215575570e-01	1.669470874286896889e-01	2.455454058523419414e-01	1.479401889522791724e-01	7.105086890407838474e-02	2.799220282059057194e-02	7.306307672036320422e-02
1.092852291264728365e+03	2.672323279024222398e-01	1.667959688470733448e-01	2.457078194663825654e-01	1.480372945355399317e-01	7.109141004180287438e-02	2.801232270859669096e-02	7.312285649808292209e-02
1.094303622328825213e+03	2.670038776453304008e-01	1.666451086084463629e-01	2.458699468233999652e-01	1.481342288937138874e-01	7.113188460649698397e-02	2.803241187003682397e-02	7.318254155247611026e-02
1.095754953392921607e+03	2.667758178811027170e-01	1.664945062706941481e-01	2.460317884161162816e-01	1.482309923472359403e-01	7.117229270566141630e-02	2.805247035630785771e-02	7.324213202278215262e-02
1.097206284457018228e+03	2.665481479417045052e-01	1.663441613924609153e-01	2.461933447364095529e-01	1.483275852158869035e-01	7.121263444663665509e-02	2.807249821871911702e-02	7.330162804808285082e-02
1.098657615521114849e+03	2.663208671602438904e-01	1.661940735331482177e-01	2.463546162753151303e-01	1.484240078187951672e-01	7.125290993660322869e-02	2.809249550849251056e-02	7.336102976730236869e-02
1.100108946585211470e+03	2.660939748709699737e-01	1.660442422529137263e-01	2.465156035230271492e-01	1.485202604744380317e-01	7.129311928258175168e-02	2.811246227676267306e-02	7.342033731920721840e-02
1.101560277649308091e+03	2.658674704092707231e-01	1.658946671126698413e-01	2.466763069688999166e-01	1.486163435006434552e-01	7.133326259143317472e-02	2.813239857457712489e-02	7.347955084240627432e-02
1.103011608713404712e+03	2.656413531116712523e-01	1.657453476740824716e-01	2.468367271014494380e-01	1.487122572145913868e-01	7.137333996985886775e-02	2.815230445289641434e-02	7.353867047535073143e-02
1.104462939777501106e+03	2.654156223158316563e-01	1.655962834995695077e-01	2.469968644083548326e-01	1.488080019328152648e-01	7.141335152440084211e-02	2.817217996259425636e-02	7.359769635633417462e-02
1.105914270841597499e+03	2.651902773605454566e-01	1.654474741522996839e-01	2.471567193764596382e-01	1.489035779712036822e-01	7.145329736144187538e-02	2.819202515445770607e-02	7.365662862349250939e-02
1.107365601905694348e+03	2.649653175857374365e-01	1.652989191961911353e-01	2.473162924917733929e-01	1.489989856450017747e-01	7.149317758720566407e-02	2.821184007918728365e-02	7.371546741480393405e-02
1.108816932969790741e+03	2.647407423324615872e-01	1.651506181959102038e-01	2.474755842394730510e-01	1.490942252688126357e-01	7.153299230775703177e-02	2.823162478739713738e-02	7.377421286808902301e-02
1.110268264033887590e+03	2.645165509428994977e-01	1.650025707168700784e-01	2.476345951039042870e-01	1.491892971565989268e-01	7.157274162900202630e-02	2.825137932961517898e-02	7.383286512101065735e-02
1.111719595097984211e+03	2.642927427603584123e-01	1.648547763252293796e-01	2.477933255685831060e-01	1.492842016216843481e-01	7.161242565668812787e-02	2.827110375628324318e-02	7.389142431107403874e-02
1.113170926162080832e+03	2.640693171292691210e-01	1.647072345878911326e-01	2.479517761161969813e-01	1.493789389767550269e-01	7.165204449640440176e-02	2.829079811775721959e-02	7.394989057562673107e-02
1.114622257226177226e+03	2.638462733951842387e-01	1.645599450725011015e-01	2.481099472286066032e-01	1.494735095338611264e-01	7.169159825358166482e-02	2.831046246430721919e-02	7.400826405185857715e-02
1.116073588290273847e+03	2.636236109047763176e-01	1.644129073474467906e-01	2.482678393868470446e-01	1.495679136044182067e-01	7.173108703349262427e-02	2.833009684611771314e-02	7.406654487680178200e-02
1.117524919354370468e+03	2.634013290058357937e-01	1.642661209818559453e-01	2.484254530711293707e-01	1.496621514992087509e-01	7.177051094125207198e-02	2.834970131328765769e-02	7.412473318733087124e-02
1.118976250418467089e+03	2.631794270472691544e-01	1.641195855455953589e-01	2.485827887608418607e-01	1.497562235283836085e-01	7.180987008181705100e-02	2.836927591583068148e-02	7.418282912016269104e-02
1.120427581482563710e+03	2.629579043790972182e-01	1.639733006092696510e-01	2.487398469345515062e-01	1.498501300014634663e-01	7.184916455998696661e-02	2.838882070367520008e-02	7.424083281185642202e-02
1.121878912546660331e+03	2.627367603524529693e-01	1.638272657442197966e-01	2.488966280700054268e-01	1.499438712273402641e-01	7.188839448040382218e-02	2.840833572666456863e-02	7.429874439881360704e-02
1.123330243610756725e+03	2.625159943195798373e-01	1.636814805225219605e-01	2.490531326441322302e-01	1.500374475142786657e-01	7.192755994755235804e-02	2.842782103455723103e-02	7.435656401727808174e-02
1.124781574674853118e+03	2.622956056338298647e-01	1.635359445169862480e-01	2.492093611330435110e-01	1.501308591699175854e-01	7.196666106576019017e-02	2.844727667702686910e-02	7.441429180333607174e-02
1.126232905738949967e+03	2.620755936496617644e-01	1.633906573011552621e-01	2.493653140120351275e-01	1.502241065012714927e-01	7.200569793919801842e-02	2.846670270366253447e-02	7.447192789291615100e-02
1.127684236803046360e+03	2.618559577226388102e-01	1.632456184493030205e-01	2.495209917555886447e-01	1.503171898147319940e-01	7.204467067187977913e-02	2.848609916396880812e-02	7.452947242178924181e-02
1.129135567867143209e+03	2.616366972094273935e-01	1.631008275364335680e-01	2.496763948373727782e-01	1.504101094160691376e-01	7.208357936766282559e-02	2.850546610736593572e-02	7.458692552556865640e-02
1.130586898931239830e+03	2.614178114677949138e-01	1.629562841382797278e-01	2.498315237302446978e-01	1.505028656104328844e-01	7.212242413024803900e-02	2.852480358318997336e-02	7.464428733971005536e-02
1.132038229995336451e+03	2.611992998566078361e-01	1.628119878313018243e-01	2.499863789062514996e-01	1.505954587023546620e-01	7.216120506318007832e-02	2.854411164069292975e-02	7.470155799951150311e-02
1.133489561059432845e+03	2.609811617358299141e-01	1.626679381926864065e-01	2.501409608366315096e-01	1.506878889957485590e-01	7.219992226984749129e-02	2.856339032904291544e-02	7.475873764011346789e-02
1.134940892123529466e+03	2.607633964665204696e-01	1.625241348003450548e-01	2.502952699918157276e-01	1.507801567939129617e-01	7.223857585348292254e-02	2.858263969732428508e-02	7.481582639649879407e-02
1.136392223187626087e+03	2.605460034108323941e-01	1.623805772329130759e-01	2.504493068414292423e-01	1.508722623995317758e-01	7.227716591716325245e-02	2.860185979453777269e-02	7.487282440349278534e-02
1.137843554251722708e+03	2.603289819320100396e-01	1.622372650697481711e-01	2.506030718542924807e-01	1.509642061146760084e-01	7.231569256380979138e-02	2.862105066960064781e-02	7.492973179576316312e-02
1.139294885315819101e+03	2.601123313943878301e-01	1.620941978909293257e-01	2.507565654984227344e-01	1.510559882408051002e-01	7.235415589618843235e-02	2.864021237134684386e-02	7.498654870782005266e-02
1.140746216379915950e+03	2.598960511633881532e-01	1.619513752772553383e-01	2.509097882410353808e-01	1.511476090787683690e-01	7.239255601690983144e-02	2.865934494852711428e-02	7.504327527401610798e-02
1.142197547444012343e+03	2.596801406055194716e-01	1.618087968102438767e-01	2.510627405485454378e-01	1.512390689288062862e-01	7.243089302842956045e-02	2.867844844980916089e-02	7.509991162854638691e-02
1.143648878508108737e+03	2.594645990883746589e-01	1.616664620721299794e-01	2.512154228865688954e-01	1.513303680905520032e-01	7.246916703304831509e-02	2.869752292377779346e-02	7.515645790544847604e-02
1.145100209572205586e+03	2.592494259806290002e-01	1.615243706458648620e-01	2.513678357199238267e-01	1.514215068630327676e-01	7.250737813291206757e-02	2.871656841893505813e-02	7.521291423860247682e-02
1.146551540636302207e+03	2.590346206520383610e-01	1.613825221151147793e-01	2.515199795126321081e-01	1.515124855446711716e-01	7.254552643001223322e-02	2.873558498370037614e-02	7.526928076173099169e-02
1.148002871700398828e+03	2.588201824734374656e-01	1.612409160642596095e-01	2.516718547279205853e-01	1.516033044332866508e-01	7.258361202618585084e-02	2.875457266641069654e-02	7.532555760839913794e-02
1.149454202764495449e+03	2.586061108167379552e-01	1.610995520783918000e-01	2.518234618282225168e-01	1.516939638260967893e-01	7.262163502311573537e-02	2.877353151532062794e-02	7.538174491201461713e-02
1.150905533828591842e+03	2.583924050549264995e-01	1.609584297433150069e-01	2.519748012751787947e-01	1.517844640197188177e-01	7.265959552233069996e-02	2.879246157860258781e-02	7.543784280582770119e-02
1.152356864892688463e+03	2.581790645620630764e-01	1.608175486455428738e-01	2.521258735296394438e-01	1.518748053101708351e-01	7.269749362520570857e-02	2.881136290434693770e-02	7.549385142293124629e-02
1.153808195956785084e+03	2.579660887132791958e-01	1.606769083722978664e-01	2.522766790516649538e-01	1.519649879928732239e-01	7.273532943296201481e-02	2.883023554056212551e-02	7.554977089626076225e-02
1.155259527020881706e+03	2.577534768847758451e-01	1.605365085115099955e-01	2.524272183005276671e-01	1.520550123626501493e-01	7.277310304666734231e-02	2.884907953517482429e-02	7.560560135859434316e-02
1.156710858084978327e+03	2.575412284538218799e-01	1.603963486518155679e-01	2.525774917347128889e-01	1.521448787137307523e-01	7.281081456723612066e-02	2.886789493603006754e-02	7.566134294255276449e-02
1.158162189149074720e+03	2.573293427987522475e-01	1.602564283825560210e-01	2.527274998119207194e-01	1.522345873397505933e-01	7.284846409542962420e-02	2.888668179089139837e-02	7.571699578059948310e-02
1.159613520213171569e+03	2.571178192989658773e-01	1.601167472937766734e-01	2.528772429890667750e-01	1.523241385337529841e-01	7.288605173185609687e-02	2.890544014744100138e-02	7.577256000504066502e-02
1.161064851277267962e+03	2.569066573349241267e-01	1.599773049762255039e-01	2.530267217222840759e-01	1.524135325881903202e-01	7.292357757697101595e-02	2.892417005327984833e-02	7.582803574802519930e-02
1.162516182341364356e+03	2.566958562881488937e-01	1.598381010213519582e-01	2.531759364669239898e-01	1.525027697949254968e-01	7.296104173107720303e-02	2.894287155592783350e-02	7.588342314154472579e-02
1.163967513405461204e+03	2.564854155412207848e-01	1.596991350213056715e-01	2.533248876775578973e-01	1.525918504452331570e-01	7.299844429432503223e-02	2.896154470282390203e-02	7.593872231743366286e-02
1.165418844469557826e+03	2.562753344777773945e-01	1.595604065689352757e-01	2.534735758079781909e-01	1.526807748298011358e-01	7.303578536671259669e-02	2.898018954132621644e-02	7.599393340736924907e-02
1.166870175533654447e+03	2.560656124825114177e-01	1.594219152577872889e-01	2.536220013111999960e-01	1.527695432387317087e-01	7.307306504808587511e-02	2.899880611871225727e-02	7.604905654287154315e-02
1.168321506597751068e+03	2.558562489411687624e-01	1.592836606821048107e-01	2.537701646394621702e-01	1.528581559615429797e-01	7.311028343813895380e-02	2.901739448217899656e-02	7.610409185530343790e-02
1.169772837661847461e+03	2.556472432405469397e-01	1.591456424368263012e-01	2.539180662442288572e-01	1.529466132871702133e-01	7.314744063641412386e-02	2.903595467884300882e-02	7.615903947587074341e-02
1.171224168725944082e+03	2.554385947684931213e-01	1.590078601175844430e-01	2.540657065761905975e-01	1.530349155039671116e-01	7.318453674230210315e-02	2.905448675574062375e-02	7.621389953562218711e-02
1.172675499790040703e+03	2.552303029139026402e-01	1.588703133207048368e-01	2.542130860852657714e-01	1.531230628997071463e-01	7.322157185504224453e-02	2.907299075982805805e-02	7.626867216544945538e-02
1.174126830854137097e+03	2.550223670667167708e-01	1.587330016432050295e-01	2.543602052206020425e-01	1.532110557615849467e-01	7.325854607372267457e-02	2.909146673798155766e-02	7.632335749608719355e-02
1.175578161918233945e+03	2.548147866179211740e-01	1.585959246827930713e-01	2.545070644305773566e-01	1.532988943762175760e-01	7.329545949728044629e-02	2.910991473699752613e-02	7.637795565811303367e-02
1.177029492982330339e+03	2.546075609595440659e-01	1.584590820378664333e-01	2.546536641628017184e-01	1.533865790296458365e-01	7.333231222450180276e-02	2.912833480359265995e-02	7.643246678194767774e-02
1.178480824046426733e+03	2.544006894846546074e-01	1.583224733075107582e-01	2.548000048641180237e-01	1.534741100073355180e-01	7.336910435402227426e-02	2.914672698440410464e-02	7.648689099785491163e-02
1.179932155110523581e+03	2.541941715873608509e-01	1.581860980914987502e-01	2.549460869806036700e-01	1.535614875941788415e-01	7.340583598432687262e-02	2.916509132598956583e-02	7.654122843594160508e-02
1.181383486174620202e+03	2.539880066628081301e-01	1.580499559902890372e-01	2.550919109575718324e-01	1.536487120744956247e-01	7.344250721375029933e-02	2.918342787482745143e-02	7.659547922615778104e-02
1.182834817238716823e+03	2.537821941071772835e-01	1.579140466050247549e-01	2.552374772395726854e-01	1.537357837320346698e-01	7.347911814047712598e-02	2.920173667731702435e-02	7.664964349829661572e-02
1.184286148302813444e+03	2.535767333176827676e-01	1.577783695375326034e-01	2.553827862703947904e-01	1.538227028499749849e-01	7.351566886254191913e-02	2.922001777977851697e-02	7.670372138199452183e-02
1.185737479366910065e+03	2.533716236925711018e-01	1.576429243903215704e-01	2.555278384930663171e-01	1.539094697109272269e-01	7.355215947782947628e-02	2.923827122845327683e-02	7.675771300673116249e-02
1.187188810431006686e+03	2.531668646311189264e-01	1.575077107665817100e-01	2.556726343498563758e-01	1.539960845969347292e-01	7.358859008407495073e-02	2.925649706950390200e-02	7.681161850182945117e-02
1.188640141495103080e+03	2.529624555336313363e-01	1.573727282701830599e-01	2.558171742822764050e-01	1.540825477894750828e-01	7.362496077886410140e-02	2.927469534901436590e-02	7.686543799645564889e-02
1.190091472559199701e+03	2.527583958014399945e-01	1.572379765056744205e-01	2.559614587310813927e-01	1.541688595694611641e-01	7.366127165963344547e-02	2.929286611299016657e-02	7.691917161961937810e-02
1.191542803623296322e+03	2.525546848369015218e-01	1.571034550782821615e-01	2.561054881362711533e-01	1.542550202172426055e-01	7.369752282367038332e-02	2.931100940735844804e-02	7.697281950017365038e-02
1.192994134687392716e+03	2.523513220433958315e-01	1.569691635939090557e-01	2.562492629370916042e-01	1.543410300126069057e-01	7.373371436811346213e-02	2.932912527796813912e-02	7.702638176681490811e-02
1.194445465751489564e+03	2.521483068253240201e-01	1.568351016591332525e-01	2.563927835720362092e-01	1.544268892347808175e-01	7.376984638995248700e-02	2.934721377059008873e-02	7.707985854808309389e-02
1.195896796815585958e+03	2.519456385881069793e-01	1.567012688812068344e-01	2.565360504788469775e-01	1.545125981624315969e-01	7.380591898602875678e-02	2.936527493091719773e-02	7.713324997236166436e-02
1.197348127879682352e+03	2.517433167381833981e-01	1.565676648680549010e-01	2.566790640945160740e-01	1.545981570736682520e-01	7.384193225303521679e-02	2.938330880456455421e-02	7.718655616787760410e-02
1.198799458943779200e+03	2.515413406830083187e-01	1.564342892282743480e-01	2.568218248552868732e-01	1.546835662460427918e-01	7.387788628751661146e-02	2.940131543706956535e-02	7.723977726270152278e-02
1.200250790007875821e+03	2.513397098310510280e-01	1.563011415711326180e-01	2.569643331966554034e-01	1.547688259565514202e-01	7.391378118586972024e-02	2.941929487389208578e-02	7.729291338474768291e-02
1.201702121071972442e+03	2.511384235917937247e-01	1.561682215065666457e-01	2.571065895533715673e-01	1.548539364816359509e-01	7.394961704434349636e-02	2.943724716041455983e-02	7.734596466177404150e-02
1.203153452136069063e+03	2.509374813757294098e-01	1.560355286451816370e-01	2.572485943594403079e-01	1.549388980971849461e-01	7.398539395903926119e-02	2.945517234194215336e-02	7.739893122138226389e-02
1.204604783200165684e+03	2.507368825943603885e-01	1.559030625982499585e-01	2.573903480481228856e-01	1.550237110785350203e-01	7.402111202591094008e-02	2.947307046370286482e-02	7.745181319101782091e-02
1.206056114264262078e+03	2.505366266601964931e-01	1.557708229777099995e-01	2.575318510519385984e-01	1.551083757004719788e-01	7.405677134076513179e-02	2.949094157084768825e-02	7.750461069796998892e-02
1.207507445328358699e+03	2.503367129867533625e-01	1.556388093961650065e-01	2.576731038026653375e-01	1.551928922372321773e-01	7.409237199926135831e-02	2.950878570845072088e-02	7.755732386937191913e-02
1.208958776392455093e+03	2.501371409885506658e-01	1.555070214668818895e-01	2.578141067313413637e-01	1.552772609625037159e-01	7.412791409691227296e-02	2.952660292150931232e-02	7.760995283220066543e-02
1.210410107456551941e+03	2.499379100811104926e-01	1.553754588037901396e-01	2.579548602682663061e-01	1.553614821494276876e-01	7.416339772908375760e-02	2.954439325494418248e-02	7.766249771327729534e-02
1.211861438520648335e+03	2.497390196809555207e-01	1.552441210214806633e-01	2.580953648430027725e-01	1.554455560705993167e-01	7.419882299099517242e-02	2.956215675359955344e-02	7.771495863926680681e-02
1.213312769584745183e+03	2.495404692056073792e-01	1.551130077352046721e-01	2.582356208843772927e-01	1.555294829980693461e-01	7.423418997771953631e-02	2.957989346224329866e-02	7.776733573667833632e-02
1.214764100648841804e+03	2.493422580735848992e-01	1.549821185608724616e-01	2.583756288204815399e-01	1.556132632033451757e-01	7.426949878418366568e-02	2.959760342556704699e-02	7.781962913186507569e-02
1.216215431712937971e+03	2.491443857044024490e-01	1.548514531150524121e-01	2.585153890786738851e-01	1.556968969573920281e-01	7.430474950516836874e-02	2.961528668818632845e-02	7.787183895102442466e-02
1.217666762777034819e+03	2.489468515185681852e-01	1.547210110149697671e-01	2.586549020855803960e-01	1.557803845306342805e-01	7.433994223530866752e-02	2.963294329464069912e-02	7.792396532019794930e-02
1.219118093841131440e+03	2.487496549375824151e-01	1.545907918785054402e-01	2.587941682670961696e-01	1.558637261929566031e-01	7.437507706909395055e-02	2.965057328939388684e-02	7.797600836527150692e-02
1.220569424905228061e+03	2.485527953839358206e-01	1.544607953241950160e-01	2.589331880483866644e-01	1.559469222137051803e-01	7.441015410086812554e-02	2.966817671683388835e-02	7.802796821197527377e-02
1.222020755969324682e+03	2.483562722811077650e-01	1.543310209712276115e-01	2.590719618538889213e-01	1.560299728616889869e-01	7.444517342482984135e-02	2.968575362127312892e-02	7.807984498588377287e-02
1.223472087033421303e+03	2.481600850535647385e-01	1.542014684394446000e-01	2.592104901073126189e-01	1.561128784051808438e-01	7.448013513503266847e-02	2.970330404694858026e-02	7.813163881241595721e-02
1.224923418097517697e+03	2.479642331267584709e-01	1.540721373493387225e-01	2.593487732316415717e-01	1.561956391119188325e-01	7.451503932538527941e-02	2.972082803802188894e-02	7.818334981683522367e-02
1.226374749161614318e+03	2.477687159271243778e-01	1.539430273220527001e-01	2.594868116491349519e-01	1.562782552491073229e-01	7.454988608965160135e-02	2.973832563857950126e-02	7.823497812424955178e-02
1.227826080225710712e+03	2.475735328820798664e-01	1.538141379793783181e-01	2.596246057813282881e-01	1.563607270834182217e-01	7.458467552145102430e-02	2.975579689263280550e-02	7.828652385961146210e-02
1.229277411289807560e+03	2.473786834200226437e-01	1.536854689437552601e-01	2.597621560490350201e-01	1.564430548809921107e-01	7.461940771425856767e-02	2.977324184411824989e-02	7.833798714771815497e-02
1.230728742353903954e+03	2.471841669703289390e-01	1.535570198382699703e-01	2.598994628723474420e-01	1.565252389074396067e-01	7.465408276140510224e-02	2.979066053689746751e-02	7.838936811321148279e-02
1.232180073418000802e+03	2.469899829633519228e-01	1.534287902866545428e-01	2.600365266706381462e-01	1.566072794278423608e-01	7.468870075607748904e-02	2.980805301475741506e-02	7.844066688057807490e-02
1.233631404482097196e+03	2.467961308304200962e-01	1.533007799132855842e-01	2.601733478625613549e-01	1.566891767067543073e-01	7.472326179131878743e-02	2.982541932141049082e-02	7.849188357414935147e-02
1.235082735546193817e+03	2.466026100038355151e-01	1.531729883431832140e-01	2.603099268660535870e-01	1.567709310082029128e-01	7.475776596002842167e-02	2.984275950049466303e-02	7.854301831810162060e-02
1.236534066610290438e+03	2.464094199168720967e-01	1.530454152020098157e-01	2.604462640983357113e-01	1.568525425956902586e-01	7.479221335496234746e-02	2.986007359557361213e-02	7.859407123645612003e-02
1.237985397674387059e+03	2.462165600037741486e-01	1.529180601160689823e-01	2.605823599759134468e-01	1.569340117321942341e-01	7.482660406873327397e-02	2.987736165013683484e-02	7.864504245307905872e-02
1.239436728738483680e+03	2.460240296997544540e-01	1.527909227123044611e-01	2.607182149145789718e-01	1.570153386801697581e-01	7.486093819381083037e-02	2.989462370759978296e-02	7.869593209168168624e-02
1.240888059802580301e+03	2.458318284409928001e-01	1.526640026182989607e-01	2.608538293294122012e-01	1.570965237015499172e-01	7.489521582252173237e-02	2.991185981130399865e-02	7.874674027582037605e-02
1.242339390866676695e+03	2.456399556646342019e-01	1.525372994622732348e-01	2.609892036347816191e-01	1.571775670577470752e-01	7.492943704704999042e-02	2.992907000451722546e-02	7.879746712889665328e-02
1.243790721930773088e+03	2.454484108087873484e-01	1.524108128730847223e-01	2.611243382443458882e-01	1.572584690096541227e-01	7.496360195943707616e-02	2.994625433043353324e-02	7.884811277415729180e-02
1.245242052994869937e+03	2.452571933125229087e-01	1.522845424802266867e-01	2.612592335710549052e-01	1.573392298176455872e-01	7.499771065158208905e-02	2.996341283217346732e-02	7.889867733469432820e-02
1.246693384058966330e+03	2.450663026158717839e-01	1.521584879138269952e-01	2.613938900271510213e-01	1.574198497415787990e-01	7.503176321524199222e-02	2.998054555278414218e-02	7.894916093344517272e-02
1.248144715123063179e+03	2.448757381598237193e-01	1.520326488046470081e-01	2.615283080241703195e-01	1.575003290407950840e-01	7.506575974203175128e-02	2.999765253523939759e-02	7.899956369319265093e-02
1.249596046187159800e+03	2.446854993863253891e-01	1.519070247840805798e-01	2.616624879729436137e-01	1.575806679741208194e-01	7.509970032342451474e-02	3.001473382243989921e-02	7.904988573656508699e-02
1.251047377251256421e+03	2.444955857382789255e-01	1.517816154841528931e-01	2.617964302835979473e-01	1.576608667998687097e-01	7.513358505075180827e-02	3.003178945721327736e-02	7.910012718603630366e-02
1.252498708315352815e+03	2.443059966595402255e-01	1.516564205375194874e-01	2.619301353655575926e-01	1.577409257758388139e-01	7.516741401520371513e-02	3.004881948231425196e-02	7.915028816392577493e-02
1.253950039379449436e+03	2.441167315949172578e-01	1.515314395774650380e-01	2.620636036275454384e-01	1.578208451593197115e-01	7.520118730782908434e-02	3.006582394042474696e-02	7.920036879239862604e-02
1.255401370443546057e+03	2.439277899901685920e-01	1.514066722379023289e-01	2.621968354775838783e-01	1.579006252070896954e-01	7.523490501953566945e-02	3.008280287415403265e-02	7.925036919346575837e-02
1.256852701507642678e+03	2.437391712920015940e-01	1.512821181533712256e-01	2.623298313229962542e-01	1.579802661754178550e-01	7.526856724109032282e-02	3.009975632603882970e-02	7.930028948898386332e-02
1.258304032571739299e+03	2.435508749480709279e-01	1.511577769590375098e-01	2.624625915704080770e-01	1.580597683200652415e-01	7.530217406311921768e-02	3.011668433854344795e-02	7.935012980065550559e-02
1.259755363635835920e+03	2.433629004069768342e-01	1.510336482906918798e-01	2.625951166257481373e-01	1.581391318962860060e-01	7.533572557610798692e-02	3.013358695405989399e-02	7.939989025002919254e-02
1.261206694699932314e+03	2.431752471182636044e-01	1.509097317847487851e-01	2.627274068942497265e-01	1.582183571588284265e-01	7.536922187040187571e-02	3.015046421490802375e-02	7.944957095849947137e-02
1.262658025764028707e+03	2.429879145324179146e-01	1.507860270782454548e-01	2.628594627804517470e-01	1.582974443619361848e-01	7.540266303620604682e-02	3.016731616333563626e-02	7.949917204730692910e-02
1.264109356828125556e+03	2.428009021008672164e-01	1.506625338088407873e-01	2.629912846881999888e-01	1.583763937593493931e-01	7.543604916358562229e-02	3.018414284151861235e-02	7.954869363753834521e-02
1.265560687892221949e+03	2.426142092759780711e-01	1.505392516148141846e-01	2.631228730206482957e-01	1.584552056043056489e-01	7.546938034246594706e-02	3.020094429156102919e-02	7.959813585012671944e-02
1.267012018956318798e+03	2.424278355110546790e-01	1.504161801350647476e-01	2.632542281802598416e-01	1.585338801495413397e-01	7.550265666263274167e-02	3.021772055549529559e-02	7.964749880585129949e-02
1.268463350020415419e+03	2.422417802603371306e-01	1.502933190091098603e-01	2.633853505688080188e-01	1.586124176472925584e-01	7.553587821373232425e-02	3.023447167528226301e-02	7.969678262533774760e-02
1.269914681084511813e+03	2.420560429789999080e-01	1.501706678770844128e-01	2.635162405873779368e-01	1.586908183492963809e-01	7.556904508527172160e-02	3.025119769281135046e-02	7.974598742905815441e-02
1.271366012148608434e+03	2.418706231231501635e-01	1.500482263797396354e-01	2.636468986363675326e-01	1.587690825067918088e-01	7.560215736661891894e-02	3.026789864990066942e-02	7.979511333733109446e-02
1.272817343212705055e+03	2.416855201498263050e-01	1.499259941584419886e-01	2.637773251154886256e-01	1.588472103705210192e-01	7.563521514700299875e-02	3.028457458829714177e-02	7.984416047032175112e-02
1.274268674276801676e+03	2.415007335169961911e-01	1.498039708551721916e-01	2.639075204237681938e-01	1.589252021907303358e-01	7.566821851551434885e-02	3.030122554967662474e-02	7.989312894804193044e-02
1.275720005340898297e+03	2.413162626835556601e-01	1.496821561125241673e-01	2.640374849595494844e-01	1.590030582171714502e-01	7.570116756110484291e-02	3.031785157564403574e-02	7.994201889035019992e-02
1.277171336404994690e+03	2.411321071093269486e-01	1.495605495737038770e-01	2.641672191204932352e-01	1.590807786991024209e-01	7.573406237258800688e-02	3.033445270773346691e-02	7.999083041695193019e-02
1.278622667469091539e+03	2.409482662550569976e-01	1.494391508825283488e-01	2.642967233035788954e-01	1.591583638852887561e-01	7.576690303863921339e-02	3.035102898740831001e-02	8.003956364739935048e-02
1.280073998533187932e+03	2.407647395824160930e-01	1.493179596834247058e-01	2.644259979051055698e-01	1.592358140240046627e-01	7.579968964779584817e-02	3.036758045606137435e-02	8.008821870109164576e-02
1.281525329597284326e+03	2.405815265539959780e-01	1.491969756214290010e-01	2.645550433206934060e-01	1.593131293630339063e-01	7.583242228845753219e-02	3.038410715501501519e-02	8.013679569727504004e-02
1.282976660661381175e+03	2.403986266333085209e-01	1.490761983421851344e-01	2.646838599452847607e-01	1.593903101496710883e-01	7.586510104888624650e-02	3.040060912552124128e-02	8.018529475504285187e-02
1.284427991725477568e+03	2.402160392847839943e-01	1.489556274919440204e-01	2.648124481731451985e-01	1.594673566307226176e-01	7.589772601720655432e-02	3.041708640876184325e-02	8.023371599333560533e-02
1.285879322789574417e+03	2.400337639737696038e-01	1.488352627175622278e-01	2.649408083978648243e-01	1.595442690525078200e-01	7.593029728140578138e-02	3.043353904584851846e-02	8.028205953094105785e-02
1.287330653853671038e+03	2.398518001665278510e-01	1.487151036665012860e-01	2.650689410123592271e-01	1.596210476608599382e-01	7.596281492933419643e-02	3.044996707782297862e-02	8.033032548649433890e-02
1.288781984917767431e+03	2.396701473302349228e-01	1.485951499868264081e-01	2.651968464088709232e-01	1.596976927011273806e-01	7.599527904870513606e-02	3.046637054565708505e-02	8.037851397847795010e-02
1.290233315981864052e+03	2.394888049329792767e-01	1.484754013272054918e-01	2.653245249789701887e-01	1.597742044181746368e-01	7.602768972709528228e-02	3.048274949025294930e-02	8.042662512522194551e-02
