1.001418434226643626e+03	2.824060492135431200e-01	1.769172877545771572e-01	2.348909390960127741e-01	1.415622061033157963e-01	6.839804505448214555e-02	2.666494633664446071e-02	6.916052644132543448e-02
1.003837319333471214e+03	2.819824106858468959e-01	1.766372389192365777e-01	2.351927114914595385e-01	1.417426680617916435e-01	6.847282394739884204e-02	2.670179237615308981e-02	6.927035451801429045e-02
1.006256204440298802e+03	2.815599782014749364e-01	1.763579874946380743e-01	2.354936002424704578e-01	1.419225962962289145e-01	6.854739852707450454e-02	2.673854461804363661e-02	6.937989461997040586e-02
1.008675089547126618e+03	2.811387483248871111e-01	1.760795312068637875e-01	2.357936078808470504e-01	1.421019924897345132e-01	6.862176933800386014e-02	2.677520332365635608e-02	6.948914743590831056e-02
1.011093974653954206e+03	2.807187176302916587e-01	1.758018677885343772e-01	2.360927369311690283e-01	1.422808583195637466e-01	6.869593692339207025e-02	2.681176875358778217e-02	6.959811365336233957e-02
1.013512859760782021e+03	2.802998827016197625e-01	1.755249949787882902e-01	2.363909899108148638e-01	1.424591954571437780e-01	6.876990182515578531e-02	2.684824116769287880e-02	6.970679395868566164e-02
1.015931744867609382e+03	2.798822401324995712e-01	1.752489105232613031e-01	2.366883693299821623e-01	1.426370055680973026e-01	6.884366458392407462e-02	2.688462082508715628e-02	6.981518903704941881e-02
1.018350629974437197e+03	2.794657865262308860e-01	1.749736121740658734e-01	2.369848776917082012e-01	1.428142903122659457e-01	6.891722573903948101e-02	2.692090798414876682e-02	6.992329957244181049e-02
1.020769515081264785e+03	2.790505184957591811e-01	1.746990976897710157e-01	2.372805174918901361e-01	1.429910513437335773e-01	6.899058582855917277e-02	2.695710290252065211e-02	7.003112624766721916e-02
1.023188400188092373e+03	2.786364326636500688e-01	1.744253648353819575e-01	2.375752912193054289e-01	1.431672903108494044e-01	6.906374538925608153e-02	2.699320583711260074e-02	7.013866974434543322e-02
1.025607285294920075e+03	2.782235256620635422e-01	1.741524113823202102e-01	2.378692013556319707e-01	1.433430088562510640e-01	6.913670495662006810e-02	2.702921704410338535e-02	7.024593074291070327e-02
1.028026170401747549e+03	2.778117941327283846e-01	1.738802351084036135e-01	2.381622503754683984e-01	1.435182086168877158e-01	6.920946506485910199e-02	2.706513677894282696e-02	7.035290992261093723e-02
1.030445055508575479e+03	2.774012347269163015e-01	1.736088337978264340e-01	2.384544407463541627e-01	1.436928912240426071e-01	6.928202624690056599e-02	2.710096529635389398e-02	7.045960796150699257e-02
1.032863940615402726e+03	2.769918441054165514e-01	1.733382052411398255e-01	2.387457749287895392e-01	1.438670583033559991e-01	6.935438903439251901e-02	2.713670285033478388e-02	7.056602553647171872e-02
1.035282825722230655e+03	2.765836189385098565e-01	1.730683472352322061e-01	2.390362553762558073e-01	1.440407114748477047e-01	6.942655395770504223e-02	2.717234969416099447e-02	7.067216332318929095e-02
1.037701710829058356e+03	2.761765559059431441e-01	1.727992575833097455e-01	2.393258845352351227e-01	1.442138523529395699e-01	6.949852154593155751e-02	2.720790608038738123e-02	7.077802199615441936e-02
1.040120595935886058e+03	2.757706516969034571e-01	1.725309340948771863e-01	2.396146648452303629e-01	1.443864825464778456e-01	6.957029232689024290e-02	2.724337226085024252e-02	7.088360222867159943e-02
1.042539481042713533e+03	2.753659030099926963e-01	1.722633745857184151e-01	2.399025987387851389e-01	1.445586036587554746e-01	6.964186682712544818e-02	2.727874848666935956e-02	7.098890469285437654e-02
1.044958366149541234e+03	2.749623065532019739e-01	1.719965768778773663e-01	2.401896886415035293e-01	1.447302172875342408e-01	6.971324557190913818e-02	2.731403500825005382e-02	7.109393005962466594e-02
1.047377251256368709e+03	2.745598590438854680e-01	1.717305387996392319e-01	2.404759369720698148e-01	1.449013250250668627e-01	6.978442908524237764e-02	2.734923207528523748e-02	7.119867899871201722e-02
1.049796136363196410e+03	2.741585572087354983e-01	1.714652581855112268e-01	2.407613461422681844e-01	1.450719284581188373e-01	6.985541788985683009e-02	2.738433993675743958e-02	7.130315217865296207e-02
1.052215021470024112e+03	2.737583977837568239e-01	1.712007328762039648e-01	2.410459185570023866e-01	1.452420291679903941e-01	6.992621250721629822e-02	2.741935884094085646e-02	7.140735026679032038e-02
1.054633906576851814e+03	2.733593775142407756e-01	1.709369607186125850e-01	2.413296566143153521e-01	1.454116287305380617e-01	6.999681345751833372e-02	2.745428903540336404e-02	7.151127392927257576e-02
1.057052791683679516e+03	2.729614931547399981e-01	1.706739395657982938e-01	2.416125627054086233e-01	1.455807287161965113e-01	7.006722125969570836e-02	2.748913076700856134e-02	7.161492383105329262e-02
1.059471676790506763e+03	2.725647414690431369e-01	1.704116672769696861e-01	2.418946392146619773e-01	1.457493306899998176e-01	7.013743643141819029e-02	2.752388428191777578e-02	7.171830063589040849e-02
1.061890561897334692e+03	2.721691192301490259e-01	1.701501417174643427e-01	2.421758885196527156e-01	1.459174362116030799e-01	7.020745948909405676e-02	2.755854982559207203e-02	7.182140500634572045e-02
1.064309447004162394e+03	2.717746232202414292e-01	1.698893607587305121e-01	2.424563129911751491e-01	1.460850468353035447e-01	7.027729094787180109e-02	2.759312764279425387e-02	7.192423760378430231e-02
1.066728332110990095e+03	2.713812502306637842e-01	1.696293222783087917e-01	2.427359149932598048e-01	1.462521641100620051e-01	7.034693132164182572e-02	2.762761797759088686e-02	7.202679908837392175e-02
1.069147217217817570e+03	2.709889970618937216e-01	1.693700241598139478e-01	2.430146968831927434e-01	1.464187895795237004e-01	7.041638112303817698e-02	2.766202107335426555e-02	7.212909011908449908e-02
1.071566102324645271e+03	2.705978605235177525e-01	1.691114642929167633e-01	2.432926610115348220e-01	1.465849247820394663e-01	7.048564086344023816e-02	2.769633717276442572e-02	7.223111135368760760e-02
1.073984987431472746e+03	2.702078374342060663e-01	1.688536405733261359e-01	2.435698097221407343e-01	1.467505712506864957e-01	7.055471105297450585e-02	2.773056651781110812e-02	7.233286344875598795e-02
1.076403872538300675e+03	2.698189246216873838e-01	1.685965509027710640e-01	2.438461453521782729e-01	1.469157305132892666e-01	7.062359220051636632e-02	2.776470934979575686e-02	7.243434705966299292e-02
1.078822757645127922e+03	2.694311189227235337e-01	1.683401931889827174e-01	2.441216702321472309e-01	1.470804040924401923e-01	7.069228481369184414e-02	2.779876590933346575e-02	7.253556284058219894e-02
1.081241642751955851e+03	2.690444171830843612e-01	1.680845653456768118e-01	2.443963866858984424e-01	1.472445935055201327e-01	7.076078939887951724e-02	2.783273643635496980e-02	7.263651144448692032e-02
1.083660527858783553e+03	2.686588162575229699e-01	1.678296652925358456e-01	2.446702970306527392e-01	1.474083002647189888e-01	7.082910646121227949e-02	2.786662117010859502e-02	7.273719352314977904e-02
1.086079412965611255e+03	2.682743130097502426e-01	1.675754909551913363e-01	2.449434035770198248e-01	1.475715258770560756e-01	7.089723650457918636e-02	2.790042034916220826e-02	7.283760972714228843e-02
1.088498298072438729e+03	2.678909043124101386e-01	1.673220402652064731e-01	2.452157086290171206e-01	1.477342718444003555e-01	7.096518003162738397e-02	2.793413421140518438e-02	7.293776070583449234e-02
1.090917183179266431e+03	2.675085870470544358e-01	1.670693111600585201e-01	2.454872144840886394e-01	1.478965396634907559e-01	7.103293754376396874e-02	2.796776299405033181e-02	7.303764710739452104e-02
1.093336068286093905e+03	2.671273581041180289e-01	1.668173015831213857e-01	2.457579234331235818e-01	1.480583308259561803e-01	7.110050954115783306e-02	2.800130693363584236e-02	7.313726957878831370e-02
1.095754953392921607e+03	2.667472143828940601e-01	1.665660094836483862e-01	2.460278377604749878e-01	1.482196468183356042e-01	7.116789652274169153e-02	2.803476626602721677e-02	7.323662876577922975e-02
1.098173838499749309e+03	2.663681527915090497e-01	1.663154328167548435e-01	2.462969597439785552e-01	1.483804891220978917e-01	7.123509898621396830e-02	2.806814122641921108e-02	7.333572531292770202e-02
1.100592723606577010e+03	2.659901702468981388e-01	1.660655695434009871e-01	2.465652916549710139e-01	1.485408592136616412e-01	7.130211742804073993e-02	2.810143204933772745e-02	7.343455986359104237e-02
1.103011608713404712e+03	2.656132636747801645e-01	1.658164176303747461e-01	2.468328357583088051e-01	1.487007585644150309e-01	7.136895234345771999e-02	2.813463896864176056e-02	7.353313305992301152e-02
1.105430493820231959e+03	2.652374300096335680e-01	1.655679750502747349e-01	2.470995943123863725e-01	1.488601886407353303e-01	7.143560422647225738e-02	2.816776221752529535e-02	7.363144554287368027e-02
1.107849378927059888e+03	2.648626661946711369e-01	1.653202397814932667e-01	2.473655695691547862e-01	1.490191509040084683e-01	7.150207356986530705e-02	2.820080202851921181e-02	7.372949795218911029e-02
1.110268264033887590e+03	2.644889691818158028e-01	1.650732098081993393e-01	2.476307637741399503e-01	1.491776468106484899e-01	7.156836086519342832e-02	2.823375863349319309e-02	7.382729092641113211e-02
1.112687149140715292e+03	2.641163359316761050e-01	1.648268831203217877e-01	2.478951791664609772e-01	1.493356778121169293e-01	7.163446660279085276e-02	2.826663226365760603e-02	7.392482510287713693e-02
1.115106034247542766e+03	2.637447634135215435e-01	1.645812577135325194e-01	2.481588179788484783e-01	1.494932453549420448e-01	7.170039127177149640e-02	2.829942314956541277e-02	7.402210111771991008e-02
1.117524919354370468e+03	2.633742486052585430e-01	1.643363315892296950e-01	2.484216824376626886e-01	1.496503508807379978e-01	7.176613536003099980e-02	2.833213152111403732e-02	7.411911960586740900e-02
1.119943804461197942e+03	2.630047884934058056e-01	1.640921027545211852e-01	2.486837747629117024e-01	1.498069958262240042e-01	7.183169935424882357e-02	2.836475760754724948e-02	7.421588120104265218e-02
1.122362689568025871e+03	2.626363800730699971e-01	1.638485692222077517e-01	2.489450971682695690e-01	1.499631816232432635e-01	7.189708373989027457e-02	2.839730163745704181e-02	7.431238653576355269e-02
1.124781574674853118e+03	2.622690203479217663e-01	1.636057290107665874e-01	2.492056518610943072e-01	1.501189096987819160e-01	7.196228900120861527e-02	2.842976383878548924e-02	7.440863624134279319e-02
1.127200459781681047e+03	2.619027063301713198e-01	1.633635801443348023e-01	2.494654410424460012e-01	1.502741814749878335e-01	7.202731562124717324e-02	2.846214443882661566e-02	7.450463094788772889e-02
1.129619344888508749e+03	2.615374350405445525e-01	1.631221206526930201e-01	2.497244669071046475e-01	1.504289983691893262e-01	7.209216408184139502e-02	2.849444366422826044e-02	7.460037128430031805e-02
1.132038229995336451e+03	2.611732035082587888e-01	1.628813485712488351e-01	2.499827316435880575e-01	1.505833617939138502e-01	7.215683486362103882e-02	2.852666174099392424e-02	7.469585787827702494e-02
1.134457115102163925e+03	2.608100087709988579e-01	1.626412619410206872e-01	2.502402374341698432e-01	1.507372731569065760e-01	7.222132844601221457e-02	2.855879889448460426e-02	7.479109135630879202e-02
1.136876000208991627e+03	2.604478478748930570e-01	1.624018588086214854e-01	2.504969864548969860e-01	1.508907338611487903e-01	7.228564530723957660e-02	2.859085534942064702e-02	7.488607234368099830e-02
1.139294885315819101e+03	2.600867178744893371e-01	1.621631372262422877e-01	2.507529808756080447e-01	1.510437453048763534e-01	7.234978592432846078e-02	2.862283132988358708e-02	7.498080146447348715e-02
1.141713770422646803e+03	2.597266158327315999e-01	1.619250952516363418e-01	2.510082228599502252e-01	1.511963088815979628e-01	7.241375077310700792e-02	2.865472705931797551e-02	7.507527934156049687e-02
1.144132655529474505e+03	2.593675388209357724e-01	1.616877309481027924e-01	2.512627145653974492e-01	1.513484259801133602e-01	7.247754032820834247e-02	2.868654276053319782e-02	7.516950659661070233e-02
1.146551540636302207e+03	2.590094839187659925e-01	1.614510423844708331e-01	2.515164581432678959e-01	1.515000979845315121e-01	7.254115506307275141e-02	2.871827865570530242e-02	7.526348385008729824e-02
1.148970425743129908e+03	2.586524482142111836e-01	1.612150276350834688e-01	2.517694557387415433e-01	1.516513262742886781e-01	7.260459544994984915e-02	2.874993496637881507e-02	7.535721172124801304e-02
1.151389310849957155e+03	2.582964288035612954e-01	1.609796847797817787e-01	2.520217094908775435e-01	1.518021122241663412e-01	7.266786195990078412e-02	2.878151191346854307e-02	7.545069082814520600e-02
1.153808195956785084e+03	2.579414227913839341e-01	1.607450119038888736e-01	2.522732215326319860e-01	1.519524572043090549e-01	7.273095506280038980e-02	2.881300971726139318e-02	7.554392178762595056e-02
1.156227081063612786e+03	2.575874272905006590e-01	1.605110070981941583e-01	2.525239939908748288e-01	1.521023625802422619e-01	7.279387522733937743e-02	2.884442859741815496e-02	7.563690521533213140e-02
1.158645966170440488e+03	2.572344394219637786e-01	1.602776684589375111e-01	2.527740289864075507e-01	1.522518297128901688e-01	7.285662292102665361e-02	2.887576877297530140e-02	7.572964172570058328e-02
1.161064851277267962e+03	2.568824563150329254e-01	1.600449940877934629e-01	2.530233286339806931e-01	1.524008599585931767e-01	7.291919861019137417e-02	2.890703046234678261e-02	7.582213193196322976e-02
1.163483736384095664e+03	2.565314751071516297e-01	1.598129820918557098e-01	2.532718950423104576e-01	1.525494546691255338e-01	7.298160275998528956e-02	2.893821388332580222e-02	7.591437644614723590e-02
1.165902621490923138e+03	2.561814929439242272e-01	1.595816305836212645e-01	2.535197303140965253e-01	1.526976151917128766e-01	7.304383583438489591e-02	2.896931925308660408e-02	7.600637587907520254e-02
1.168321506597751068e+03	2.558325069790927664e-01	1.593509376809750522e-01	2.537668365460389319e-01	1.528453428690495219e-01	7.310589829619369706e-02	2.900034678818623479e-02	7.609813084036534669e-02
1.170740391704578315e+03	2.554845143745137492e-01	1.591209015071742838e-01	2.540132158288552211e-01	1.529926390393158975e-01	7.316779060704443893e-02	2.903129670456633046e-02	7.618964193843170973e-02
1.173159276811406244e+03	2.551375123001349277e-01	1.588915201908330244e-01	2.542588702472974860e-01	1.531395050361956389e-01	7.322951322740134383e-02	2.906216921755486529e-02	7.628090978048442106e-02
1.175578161918233945e+03	2.547914979339727104e-01	1.586627918659066216e-01	2.545038018801693003e-01	1.532859421888929097e-01	7.329106661656237254e-02	2.909296454186790712e-02	7.637193497252985075e-02
1.177997047025061647e+03	2.544464684620889039e-01	1.584347146716765520e-01	2.547480128003429267e-01	1.534319518221494427e-01	7.335245123266144474e-02	2.912368289161138685e-02	7.646271811937099816e-02
1.180415932131889122e+03	2.541024210785678972e-01	1.582072867527348492e-01	2.549915050747761924e-01	1.535775352562614993e-01	7.341366753267074274e-02	2.915432448028283316e-02	7.655325982460765843e-02
1.182834817238716823e+03	2.537593529854940133e-01	1.579805062589690889e-01	2.552342807645289202e-01	1.537226938070968552e-01	7.347471597240294583e-02	2.918488952077311765e-02	7.664356069063678334e-02
1.185253702345544298e+03	2.534172613929285278e-01	1.577543713455468732e-01	2.554763419247802481e-01	1.538674287861116485e-01	7.353559700651350617e-02	2.921537822536820345e-02	7.673362131865274494e-02
1.187672587452371999e+03	2.530761435188871311e-01	1.575288801729008148e-01	2.557176906048452825e-01	1.540117415003671442e-01	7.359631108850286929e-02	2.924579080575086948e-02	7.682344230864769641e-02
1.190091472559199701e+03	2.527359965893172244e-01	1.573040309067133546e-01	2.559583288481915853e-01	1.541556332525464423e-01	7.365685867071887494e-02	2.927612747300243137e-02	7.691302425941190513e-02
1.192510357666027403e+03	2.523968178380753824e-01	1.570798217179015799e-01	2.561982586924561600e-01	1.542991053409711322e-01	7.371724020435886648e-02	2.930638843760448309e-02	7.700236776853409959e-02
1.194929242772855105e+03	2.520586045069049264e-01	1.568562507826024022e-01	2.564374821694619944e-01	1.544421590596178617e-01	7.377745613947210568e-02	2.933657390944060389e-02	7.709147343240185801e-02
1.197348127879682352e+03	2.517213538454132760e-01	1.566333162821572644e-01	2.566760013052344358e-01	1.545847956981347415e-01	7.383750692496199308e-02	2.936668409779806879e-02	7.718034184620199689e-02
1.199767012986510281e+03	2.513850631110497447e-01	1.564110164030973471e-01	2.569138181200179005e-01	1.547270165418578591e-01	7.389739300858839954e-02	2.939671921136957286e-02	7.726897360392093184e-02
1.202185898093337983e+03	2.510497295690830577e-01	1.561893493371287467e-01	2.571509346282924158e-01	1.548688228718274884e-01	7.395711483696992827e-02	2.942667945825491044e-02	7.735736929834519104e-02
1.204604783200165684e+03	2.507153504925793142e-01	1.559683132811174044e-01	2.573873528387898846e-01	1.550102159648044098e-01	7.401667285558619080e-02	2.945656504596269251e-02	7.744552952106176225e-02
1.207023668306993159e+03	2.503819231623795050e-01	1.557479064370744237e-01	2.576230747545107391e-01	1.551511970932862583e-01	7.407606750878015234e-02	2.948637618141203981e-02	7.753345486245862006e-02
1.209442553413820860e+03	2.500494448670775305e-01	1.555281270121412485e-01	2.578581023727398724e-01	1.552917675255233443e-01	7.413529923976040770e-02	2.951611307093425854e-02	7.762114591172510070e-02
1.211861438520648335e+03	2.497179129029981626e-01	1.553089732185749805e-01	2.580924376850632918e-01	1.554319285255348626e-01	7.419436849060344341e-02	2.954577592027453348e-02	7.770860325685247094e-02
1.214280323627476264e+03	2.493873245741748124e-01	1.550904432737336691e-01	2.583260826773843832e-01	1.555716813531248521e-01	7.425327570225605245e-02	2.957536493459360719e-02	7.779582748463440001e-02
1.216699208734303511e+03	2.490576771923278254e-01	1.548725354000616561e-01	2.585590393299397327e-01	1.557110272638981274e-01	7.431202131453752691e-02	2.960488031846945575e-02	7.788281918066745912e-02
1.219118093841131440e+03	2.487289680768423605e-01	1.546552478250750040e-01	2.587913096173157235e-01	1.558499675092760717e-01	7.437060576614201723e-02	2.963432227589895759e-02	7.796957892935164891e-02
1.221536978947959142e+03	2.484011945547466849e-01	1.544385787813468969e-01	2.590228955084644680e-01	1.559885033365123741e-01	7.442902949464084983e-02	2.966369101029954838e-02	7.805610731389096835e-02
1.223955864054786844e+03	2.480743539606903025e-01	1.542225265064932627e-01	2.592537989667197951e-01	1.561266359887087396e-01	7.448729293648483074e-02	2.969298672451088986e-02	7.814240491629394214e-02
1.226374749161614318e+03	2.477484436369223053e-01	1.540070892431581184e-01	2.594840219498134037e-01	1.562643667048305429e-01	7.454539652700656327e-02	2.972220962079653167e-02	7.822847231737420359e-02
1.228793634268442020e+03	2.474234609332696677e-01	1.537922652389994149e-01	2.597135664098908503e-01	1.564016967197223440e-01	7.460334070042273780e-02	2.975135990084554205e-02	7.831431009675109134e-02
1.231212519375269494e+03	2.470994032071156532e-01	1.535780527466743817e-01	2.599424342935273136e-01	1.565386272641233756e-01	7.466112588983650489e-02	2.978043776577417312e-02	7.839991883285023222e-02
1.233631404482097196e+03	2.467762678233783036e-01	1.533644500238253716e-01	2.601706275417435821e-01	1.566751595646830031e-01	7.471875252723970962e-02	2.980944341612749154e-02	7.848529910290417966e-02
1.236050289588924898e+03	2.464540521544888452e-01	1.531514553330654838e-01	2.603981480900220413e-01	1.568112948439759347e-01	7.477622104351532017e-02	2.983837705188100570e-02	7.857045148295301040e-02
1.238469174695752372e+03	2.461327535803703725e-01	1.529390669419644078e-01	2.606249978683221613e-01	1.569470343205176810e-01	7.483353186843966220e-02	2.986723887244232059e-02	7.865537654784500454e-02
1.240888059802580301e+03	2.458123694884165045e-01	1.527272831230340744e-01	2.608511788010965393e-01	1.570823792087796822e-01	7.489068543068477801e-02	2.989602907665274423e-02	7.874007487123729776e-02
1.243306944909407548e+03	2.454928972734699844e-01	1.525161021537146666e-01	2.610766928073063320e-01	1.572173307192044345e-01	7.494768215782073029e-02	2.992474786278892171e-02	7.882454702559650583e-02
1.245725830016235477e+03	2.451743343378015028e-01	1.523055223163604366e-01	2.613015418004371870e-01	1.573518900582205893e-01	7.500452247631796132e-02	2.995339542856444159e-02	7.890879358219947404e-02
1.248144715123063179e+03	2.448566780910885476e-01	1.520955418982254947e-01	2.615257276885146198e-01	1.574860584282579690e-01	7.506120681154956897e-02	2.998197197113145265e-02	7.899281511113394327e-02
1.250563600229890881e+03	2.445399259503940881e-01	1.518861591914500431e-01	2.617492523741197230e-01	1.576198370277624994e-01	7.511773558779363813e-02	3.001047768708227370e-02	7.907661218129927172e-02
1.252982485336718355e+03	2.442240753401457853e-01	1.516773724930460809e-01	2.619721177544048207e-01	1.577532270512111146e-01	7.517410922823562769e-02	3.003891277245100341e-02	7.916018536040715647e-02
1.255401370443546057e+03	2.439091236921147043e-01	1.514691801048836939e-01	2.621943257211085676e-01	1.578862296891265227e-01	7.523032815497064651e-02	3.006727742271509893e-02	7.924353521498235520e-02
1.257820255550373531e+03	2.435950684453946635e-01	1.512615803336769815e-01	2.624158781605716584e-01	1.580188461280920831e-01	7.528639278900574328e-02	3.009557183279699261e-02	7.932666231036349103e-02
1.260239140657201460e+03	2.432819070463810573e-01	1.510545714909703185e-01	2.626367769537522601e-01	1.581510775507662669e-01	7.534230355026229342e-02	3.012379619706567063e-02	7.940956721070376034e-02
1.262658025764028707e+03	2.429696369487502339e-01	1.508481518931243659e-01	2.628570239762412775e-01	1.582829251358975065e-01	7.539806085757831677e-02	3.015195070933824814e-02	7.949225047897175156e-02
1.265076910870856636e+03	2.426582556134385671e-01	1.506423198613024428e-01	2.630766210982775632e-01	1.584143900583386277e-01	7.545366512871076736e-02	3.018003556288157557e-02	7.957471267695220840e-02
1.267495795977684338e+03	2.423477605086218345e-01	1.504370737214566767e-01	2.632955701847632946e-01	1.585454734890613948e-01	7.550911678033792040e-02	3.020805095041377911e-02	7.965695436524686257e-02
1.269914681084511813e+03	2.420381491096946225e-01	1.502324118043143197e-01	2.635138730952791830e-01	1.586761765951708869e-01	7.556441622806162051e-02	3.023599706410586355e-02	7.973897610327523866e-02
1.272333566191339514e+03	2.417294188992495929e-01	1.500283324453641209e-01	2.637315316840996848e-01	1.588065005399199592e-01	7.561956388640965476e-02	3.026387409558326663e-02	7.982077844927548682e-02
1.274752451298167216e+03	2.414215673670569717e-01	1.498248339848426425e-01	2.639485478002080443e-01	1.589364464827234535e-01	7.567456016883805647e-02	3.029168223592741335e-02	7.990236196030518767e-02
1.277171336404994690e+03	2.411145920100441209e-01	1.496219147677206596e-01	2.641649232873115039e-01	1.590660155791724373e-01	7.572940548773346436e-02	3.031942167567729107e-02	7.998372719224230987e-02
1.279590221511822392e+03	2.408084903322750825e-01	1.494195731436896990e-01	2.643806599838560700e-01	1.591952089810485527e-01	7.578410025441541242e-02	3.034709260483098303e-02	8.006487469978594562e-02
1.282009106618650094e+03	2.405032598449302061e-01	1.492178074671484389e-01	2.645957597230419456e-01	1.593240278363379503e-01	7.583864487913864749e-02	3.037469521284722612e-02	8.014580503645726828e-02
1.284427991725477568e+03	2.401988980662859430e-01	1.490166160971893028e-01	2.648102243328381844e-01	1.594524732892453611e-01	7.589303977109548849e-02	3.040222968864696174e-02	8.022651875460044824e-02
1.286846876832305497e+03	2.398954025216943897e-01	1.488159973975849704e-01	2.650240556359976241e-01	1.595805464802082241e-01	7.594728533841811624e-02	3.042969622061486926e-02	8.030701640538349950e-02
1.289265761939132744e+03	2.395927707435633047e-01	1.486159497367749993e-01	2.652372554500718738e-01	1.597082485459105361e-01	7.600138198818090496e-02	3.045709499660089609e-02	8.038729853879919562e-02
1.291684647045960673e+03	2.392910002713357631e-01	1.484164714878526137e-01	2.654498255874260804e-01	1.598355806192967021e-01	7.605533012640272594e-02	3.048442620392179114e-02	8.046736570366605501e-02
1.294103532152788375e+03	2.389900886514702560e-01	1.482175610285511314e-01	2.656617678552537498e-01	1.599625438295854685e-01	7.610913015804927906e-02	3.051169002936263835e-02	8.054721844762921523e-02
1.296522417259616077e+03	2.386900334374206234e-01	1.480192167412309190e-01	2.658730840555915131e-01	1.600891393022834952e-01	7.616278248703542419e-02	3.053888665917836934e-02	8.062685731716141835e-02
1.298941302366443551e+03	2.383908321896160420e-01	1.478214370128659860e-01	2.660837759853336704e-01	1.602153681591992618e-01	7.621628751622749887e-02	3.056601627909528995e-02	8.070628285756398235e-02
1.301360187473271253e+03	2.380924824754411528e-01	1.476242202350309674e-01	2.662938454362471785e-01	1.603412315184565839e-01	7.626964564744559416e-02	3.059307907431257911e-02	8.078549561296773096e-02
1.303779072580098727e+03	2.377949818692161876e-01	1.474275648038878006e-01	2.665032941949859180e-01	1.604667304945082140e-01	7.632285728146591397e-02	3.062007522950381880e-02	8.086449612633402062e-02
1.306197957686926657e+03	2.374983279521771518e-01	1.472314691201727088e-01	2.667121240431054585e-01	1.605918661981493578e-01	7.637592281802302319e-02	3.064700492881847899e-02	8.094328493945572578e-02
1.308616842793753904e+03	2.372025183124561454e-01	1.470359315891830443e-01	2.669203367570776031e-01	1.607166397365311916e-01	7.642884265581224856e-02	3.067386835588342339e-02	8.102186259295825199e-02
1.311035727900581833e+03	2.369075505450616570e-01	1.468409506207643267e-01	2.671279341083048209e-01	1.608410522131742404e-01	7.648161719249191304e-02	3.070066569380441868e-02	8.110022962630052124e-02
1.313454613007409534e+03	2.366134222518588570e-01	1.466465246292971703e-01	2.673349178631348466e-01	1.609651047279816727e-01	7.653424682468570883e-02	3.072739712516760549e-02	8.117838657777605438e-02
1.315873498114237009e+03	2.363201310415501688e-01	1.464526520336843773e-01	2.675412897828748360e-01	1.610887983772527066e-01	7.658673194798494566e-02	3.075406283204099034e-02	8.125633398451397038e-02
1.318292383221064711e+03	2.360276745296556455e-01	1.462593312573378934e-01	2.677470516238059095e-01	1.612121342536956548e-01	7.663907295695088218e-02	3.078066299597594785e-02	8.133407238248004101e-02
1.320711268327892412e+03	2.357360503384935413e-01	1.460665607281660394e-01	2.679522051371976410e-01	1.613351134464413861e-01	7.669127024511702972e-02	3.080719779800866753e-02	8.141160230647778717e-02
1.323130153434719887e+03	2.354452560971608543e-01	1.458743388785605777e-01	2.681567520693219353e-01	1.614577370410561763e-01	7.674332420499142826e-02	3.083366741866165606e-02	8.148892429014947814e-02
1.325549038541547588e+03	2.351552894415140926e-01	1.456826641453839721e-01	2.683606941614675723e-01	1.615800061195549198e-01	7.679523522805901947e-02	3.086007203794519441e-02	8.156603886597729725e-02
1.327967923648375290e+03	2.348661480141499003e-01	1.454915349699565097e-01	2.685640331499544176e-01	1.617019217604141745e-01	7.684700370478386722e-02	3.088641183535880200e-02	8.164294656528438276e-02
1.330386808755202765e+03	2.345778294643857675e-01	1.453009497980435882e-01	2.687667707661475780e-01	1.618234850385849577e-01	7.689863002461146124e-02	3.091268698989270772e-02	8.171964791823595198e-02
1.332805693862030694e+03	2.342903314482409904e-01	1.451109070798430600e-01	2.689689087364714459e-01	1.619446970255058182e-01	7.695011457597106252e-02	3.093889768002929322e-02	8.179614345384039753e-02
1.335224578968857941e+03	2.340036516284173529e-01	1.449214052699725475e-01	2.691704487824237435e-01	1.620655587891155214e-01	7.700145774627796535e-02	3.096504408374455702e-02	8.187243369995041153e-02
1.337643464075685870e+03	2.337177876742802529e-01	1.447324428274567032e-01	2.693713926205896780e-01	1.621860713938660103e-01	7.705265992193575941e-02	3.099112637850956475e-02	8.194851918326413742e-02
1.340062349182513572e+03	2.334327372618394680e-01	1.445440182157147757e-01	2.695717419626559863e-01	1.623062359007349797e-01	7.710372148833867512e-02	3.101714474129188548e-02	8.202440042932629405e-02
1.342481234289341273e+03	2.331484980737303370e-01	1.443561299025478695e-01	2.697714985154249234e-01	1.624260533672387541e-01	7.715464282987384570e-02	3.104309934855703501e-02	8.210007796252932755e-02
1.344900119396168748e+03	2.328650677991948303e-01	1.441687763601266214e-01	2.699706639808279740e-01	1.625455248474446390e-01	7.720542432992358317e-02	3.106899037626991919e-02	8.217555230611457706e-02
1.347319004502996449e+03	2.325824441340626492e-01	1.439819560649785168e-01	2.701692400559398965e-01	1.626646513919837445e-01	7.725606637086765427e-02	3.109481799989626330e-02	8.225082398217344049e-02
1.349737889609823924e+03	2.323006247807324065e-01	1.437956674979755656e-01	2.703672284329926012e-01	1.627834340480634190e-01	7.730656933408559806e-02	3.112058239440403107e-02	8.232589351164858182e-02
1.352156774716651853e+03	2.320196074481529758e-01	1.436099091443218123e-01	2.705646307993889166e-01	1.629018738594796845e-01	7.735693359995894636e-02	3.114628373426486102e-02	8.240076141433509693e-02
1.354575659823479100e+03	2.317393898518045614e-01	1.434246794935410407e-01	2.707614488377161899e-01	1.630199718666296982e-01	7.740715954787355524e-02	3.117192219345547508e-02	8.247542820888167925e-02
1.356994544930307029e+03	2.314599697136804080e-01	1.432399770394643113e-01	2.709576842257605533e-01	1.631377291065241042e-01	7.745724755622183932e-02	3.119749794545911142e-02	8.254989441279191043e-02
1.359413430037134731e+03	2.311813447622678430e-01	1.430558002802178041e-01	2.711533386365198584e-01	1.632551466127993012e-01	7.750719800240507551e-02	3.122301116326691578e-02	8.262416054242541219e-02
1.361832315143962205e+03	2.309035127325299586e-01	1.428721477182103572e-01	2.713484137382178862e-01	1.633722254157298492e-01	7.755701126283565117e-02	3.124846201937936038e-02	8.269822711299908147e-02
1.364251200250789907e+03	2.306264713658870702e-01	1.426890178601213921e-01	2.715429111943179485e-01	1.634889665422405158e-01	7.760668771293931234e-02	3.127385068580765259e-02	8.277209463858833938e-02
1.366670085357617609e+03	2.303502184101982597e-01	1.425064092168885632e-01	2.717368326635360987e-01	1.636053710159183772e-01	7.765622772715746747e-02	3.129917733407511921e-02	8.284576363212838024e-02
1.369088970464445310e+03	2.300747516197430009e-01	1.423243203036957671e-01	2.719301797998548431e-01	1.637214398570252250e-01	7.770563167894946333e-02	3.132444213521861504e-02	8.291923460541537894e-02
1.371507855571272785e+03	2.298000687552029242e-01	1.421427496399608192e-01	2.721229542525367973e-01	1.638371740825092793e-01	7.775489994079474998e-02	3.134964525978992111e-02	8.299250806910780931e-02
1.373926740678100487e+03	2.295261675836433590e-01	1.419616957493235188e-01	2.723151576661380635e-01	1.639525747060174288e-01	7.780403288419522612e-02	3.137478687785709430e-02	8.306558453272769316e-02
1.376345625784927961e+03	2.292530458784952374e-01	1.417811571596334641e-01	2.725067916805214430e-01	1.640676427379070546e-01	7.785303087967744562e-02	3.139986715900591752e-02	8.313846450466186311e-02
1.378764510891755890e+03	2.289807014195368862e-01	1.416011324029380902e-01	2.726978579308700912e-01	1.641823791852579928e-01	7.790189429679493516e-02	3.142488627234120424e-02	8.321114849216325327e-02
1.381183395998583137e+03	2.287091319928759581e-01	1.414216200154706504e-01	2.728883580477006743e-01	1.642967850518843864e-01	7.795062350413034524e-02	3.144984438648821407e-02	8.328363700135220371e-02
1.383602281105411066e+03	2.284383353909312797e-01	1.412426185376382537e-01	2.730782936568769137e-01	1.644108613383464257e-01	7.799921886929776782e-02	3.147474166959404740e-02	8.335593053721777890e-02
1.386021166212238768e+03	2.281683094124148936e-01	1.410641265140099854e-01	2.732676663796224648e-01	1.645246090419622276e-01	7.804768075894495671e-02	3.149957828932896386e-02	8.342802960361901665e-02
1.388440051319066470e+03	2.278990518623139894e-01	1.408861424933048889e-01	2.734564778325345724e-01	1.646380291568194099e-01	7.809600953875557583e-02	3.152435441288776313e-02	8.349993470328630207e-02
1.390858936425893944e+03	2.276305605518732511e-01	1.407086650283802809e-01	2.736447296275969499e-01	1.647511226737867485e-01	7.814420557345141960e-02	3.154907020699116577e-02	8.357164633782267205e-02
1.393277821532721646e+03	2.273628332985765943e-01	1.405316926762197882e-01	2.738324233721931011e-01	1.648638905805259458e-01	7.819226922679464731e-02	3.157372583788714548e-02	8.364316500770514751e-02
1.395696706639549120e+03	2.270958679261297075e-01	1.403552239979216909e-01	2.740195606691194219e-01	1.649763338615030661e-01	7.824020086159004517e-02	3.159832147135229613e-02	8.371449121228609347e-02
1.398115591746377049e+03	2.268296622644421501e-01	1.401792575586870149e-01	2.742061431165982444e-01	1.650884534979999707e-01	7.828800083968723289e-02	3.162285727269315699e-02	8.378562544979456517e-02
1.400534476853204296e+03	2.265642141496096440e-01	1.400037919278079024e-01	2.743921723082907715e-01	1.652002504681259476e-01	7.833566952198289801e-02	3.164733340674757978e-02	8.385656821733761257e-02
1.402953361960032225e+03	2.262995214238963659e-01	1.398288256786558992e-01	2.745776498333103444e-01	1.653117257468290358e-01	7.838320726842300246e-02	3.167175003788606780e-02	8.392732001090170979e-02
1.405372247066859927e+03	2.260355819357174056e-01	1.396543573886702971e-01	2.747625772762350427e-01	1.654228803059073771e-01	7.843061443800501686e-02	3.169610733001309438e-02	8.399788132535407348e-02
1.407791132173687402e+03	2.257723935396212522e-01	1.394803856393466157e-01	2.749469562171210635e-01	1.655337151140206242e-01	7.847789138878014104e-02	3.172040544656845595e-02	8.406825265444411999e-02
1.410210017280515103e+03	2.255099540962722249e-01	1.393069090162248613e-01	2.751307882315152664e-01	1.656442311367011255e-01	7.852503847785551050e-02	3.174464455052859041e-02	8.413843449080474213e-02
1.412628902387342805e+03	2.252482614724329313e-01	1.391339261088780088e-01	2.753140748904681079e-01	1.657544293363651389e-01	7.857205606139643084e-02	3.176882480440789552e-02	8.420842732595378022e-02
1.415047787494170507e+03	2.249873135409470037e-01	1.389614355109005661e-01	2.754968177605466306e-01	1.658643106723241001e-01	7.861894449462854262e-02	3.179294637026007508e-02	8.427823165029539598e-02
1.417466672600997981e+03	2.247271081807216686e-01	1.387894358198969169e-01	2.756790184038470648e-01	1.659738761007957253e-01	7.866570413184006960e-02	3.181700940967942259e-02	8.434784795312148808e-02
1.419885557707825683e+03	2.244676432767104268e-01	1.386179256374701352e-01	2.758606783780074845e-01	1.660831265749150298e-01	7.871233532638399755e-02	3.184101408380216047e-02	8.441727672261307991e-02
1.422304442814653157e+03	2.242089167198958455e-01	1.384469035692103001e-01	2.760417992362208528e-01	1.661920630447454306e-01	7.875883843068028078e-02	3.186496055330774457e-02	8.448651844584177673e-02
1.424723327921481086e+03	2.239509264072723493e-01	1.382763682246832548e-01	2.762223825272475675e-01	1.663006864572897647e-01	7.880521379621806266e-02	3.188884897842014787e-02	8.455557360877113959e-02
1.427142213028308333e+03	2.236936702418289291e-01	1.381063182174191994e-01	2.764024297954277842e-01	1.664089977565012535e-01	7.885146177355779884e-02	3.191267951890919968e-02	8.462444269625817028e-02
1.429561098135136262e+03	2.234371461325322383e-01	1.379367521649013384e-01	2.765819425806944065e-01	1.665169978832942432e-01	7.889758271233353326e-02	3.193645233409186934e-02	8.469312619205474069e-02
1.431979983241963964e+03	2.231813519943093294e-01	1.377676686885546675e-01	2.767609224185855199e-01	1.666246877755552525e-01	7.894357696125504920e-02	3.196016758283352910e-02	8.476162457880900836e-02
1.434398868348791666e+03	2.229262857480307780e-01	1.375990664137347330e-01	2.769393708402568821e-01	1.667320683681537408e-01	7.898944486811002030e-02	3.198382542354930719e-02	8.482993833806690143e-02
1.436817753455619140e+03	2.226719453204936416e-01	1.374309439697162238e-01	2.771172893724945241e-01	1.668391405929527949e-01	7.903518677976625884e-02	3.200742601420532296e-02	8.489806795027354802e-02
1.439236638562446842e+03	2.224183286444046392e-01	1.372632999896820083e-01	2.772946795377271845e-01	1.669459053788199809e-01	7.908080304217382506e-02	3.203096951231998446e-02	8.496601389477476118e-02
1.441655523669274316e+03	2.221654336583630818e-01	1.370961331107117265e-01	2.774715428540385775e-01	1.670523636516378918e-01	7.912629400036723382e-02	3.205445607496528598e-02	8.503377664981850992e-02
1.444074408776102018e+03	2.219132583068443298e-01	1.369294419737709934e-01	2.776478808351799388e-01	1.671585163343149438e-01	7.917165999846766111e-02	3.207788585876806403e-02	8.510135669255637636e-02
1.446493293882929493e+03	2.216618005401827796e-01	1.367632252236999357e-01	2.778236949905823483e-01	1.672643643467957852e-01	7.921690137968506740e-02	3.210125901991127406e-02	8.516875449904506845e-02
1.448912178989757422e+03	2.214110583145552369e-01	1.365974815092023953e-01	2.779989868253690544e-01	1.673699086060720376e-01	7.926201848632033475e-02	3.212457571413526031e-02	8.523597054424789099e-02
1.451331064096585123e+03	2.211610295919642644e-01	1.364322094828347431e-01	2.781737578403677413e-01	1.674751500261926762e-01	7.930701165976751510e-02	3.214783609673903947e-02	8.530300530203620279e-02
1.453749949203412370e+03	2.209117123402215555e-01	1.362674078009949441e-01	2.783480095321226866e-01	1.675800895182744943e-01	7.935188124051592573e-02	3.217104032258152196e-02	8.536985924519101265e-02
1.456168834310240300e+03	2.206631045329313090e-01	1.361030751239115655e-01	2.785217433929072506e-01	1.676847279905125943e-01	7.939662756815230038e-02	3.219418854608280950e-02	8.543653284540436710e-02
1.458587719417068001e+03	2.204152041494736036e-01	1.359392101156328692e-01	2.786949609107356451e-01	1.677890663481907407e-01	7.944125098136296803e-02	3.221728092122542325e-02	8.550302657328096023e-02
1.461006604523895703e+03	2.201680091749881607e-01	1.357758114440158204e-01	2.788676635693754235e-01	1.678931054936916578e-01	7.948575181793601785e-02	3.224031760155556675e-02	8.556934089833957702e-02
1.463425489630723177e+03	2.199215176003576633e-01	1.356128777807153463e-01	2.790398528483593599e-01	1.679968463265073819e-01	7.953013041476339473e-02	3.226329874018437488e-02	8.563547628901467534e-02
1.465844374737550879e+03	2.196757274221916023e-01	1.354504078011733448e-01	2.792115302229977170e-01	1.681002897432494481e-01	7.957438710784306424e-02	3.228622448978914899e-02	8.570143321265787095e-02
1.468263259844378354e+03	2.194306366428095678e-01	1.352884001846079154e-01	2.793826971643902368e-01	1.682034366376591594e-01	7.961852223228116365e-02	3.230909500261459899e-02	8.576721213553949175e-02
1.470682144951206283e+03	2.191862432702253727e-01	1.351268536140026177e-01	2.795533551394380201e-01	1.683062879006177459e-01	7.966253612229413916e-02	3.233191043047407842e-02	8.583281352285007659e-02
1.473101030058033530e+03	2.189425453181304826e-01	1.349657667760957858e-01	2.797235056108556273e-01	1.684088444201564672e-01	7.970642911121084140e-02	3.235467092475083351e-02	8.589823783870199903e-02
1.475519915164861459e+03	2.186995408058779733e-01	1.348051383613695642e-01	2.798931500371829029e-01	1.685111070814667156e-01	7.975020153147467650e-02	3.237737663639921742e-02	8.596348554613092441e-02
1.477938800271689161e+03	2.184572277584663491e-01	1.346449670640394725e-01	2.800622898727970211e-01	1.686130767669100083e-01	7.979385371464575716e-02	3.240002771594589770e-02	8.602855710709740589e-02
1.480357685378516862e+03	2.182156042065234169e-01	1.344852515820436079e-01	2.802309265679242545e-01	1.687147543560281182e-01	7.983738599140297043e-02	3.242262431349112600e-02	8.609345298248846645e-02
1.482776570485344337e+03	2.179746681862901325e-01	1.343259906170320150e-01	2.803990615686517418e-01	1.688161407255528990e-01	7.988079869154615653e-02	3.244516657870989695e-02	8.615817363211908386e-02
