1.001418434226643626e+03	2.823530781460494854e-01	1.770340016670197136e-01	2.348801652498481995e-01	1.415354216051008529e-01	6.838810758734487072e-02	2.666678946265715888e-02	6.914243628187934088e-02
1.002869765290740247e+03	2.820989372258366212e-01	1.768657398382526835e-01	2.350613417352327150e-01	1.416436368553110059e-01	6.843295141660311887e-02	2.668913188719420487e-02	6.920826104146926561e-02
1.004321096354836754e+03	2.818452305115580758e-01	1.766977655470160224e-01	2.352421998273992454e-01	1.417516597037693227e-01	6.847772137839050477e-02	2.671144140959880522e-02	6.927398162216773236e-02
1.005772427418933376e+03	2.815919572608718835e-01	1.765300783011617969e-01	2.354227400738331533e-01	1.418594905152352759e-01	6.852241759095364926e-02	2.673371808417164194e-02	6.933959817367228717e-02
1.007223758483029997e+03	2.813391167327001230e-01	1.763626776093918935e-01	2.356029630210826342e-01	1.419671296537002025e-01	6.856704017237230664e-02	2.675596196511942707e-02	6.940511084553309396e-02
1.008675089547126618e+03	2.810867081872267526e-01	1.761955629812564650e-01	2.357828692147601601e-01	1.420745774823891361e-01	6.861158924055936470e-02	2.677817310655507613e-02	6.947051978715271248e-02
1.010126420611223239e+03	2.808347308858957225e-01	1.760287339271522367e-01	2.359624591995441167e-01	1.421818343637627768e-01	6.865606491326098348e-02	2.680035156249787470e-02	6.953582514778600121e-02
1.011577751675319632e+03	2.805831840914087549e-01	1.758621899583208970e-01	2.361417335191805245e-01	1.422889006595192962e-01	6.870046730805659529e-02	2.682249738687364493e-02	6.960102707653997856e-02
1.013029082739416367e+03	2.803320670677237336e-01	1.756959305868475152e-01	2.363206927164844262e-01	1.423957767305963906e-01	6.874479654235905735e-02	2.684461063351491206e-02	6.966612572237368406e-02
1.014480413803512761e+03	2.800813790800524283e-01	1.755299553256589595e-01	2.364993373333415805e-01	1.425024629371729190e-01	6.878905273341467952e-02	2.686669135616108137e-02	6.973112123409808127e-02
1.015931744867609382e+03	2.798311193948585518e-01	1.753642636885222872e-01	2.366776679107100712e-01	1.426089596386710401e-01	6.883323599830336315e-02	2.688873960845859085e-02	6.979601376037590510e-02
1.017383075931706003e+03	2.795812872798558169e-01	1.751988551900430791e-01	2.368556849886218341e-01	1.427152671937579054e-01	6.887734645393861488e-02	2.691075544396108812e-02	6.986080344972148137e-02
1.018834406995802851e+03	2.793318820040059935e-01	1.750337293456640519e-01	2.370333891061843223e-01	1.428213859603476299e-01	6.892138421706767160e-02	2.693273891612959700e-02	6.992549045050068524e-02
1.020285738059899245e+03	2.790829028375166887e-01	1.748688856716632267e-01	2.372107808015818942e-01	1.429273162956030963e-01	6.896534940427158367e-02	2.695469007833267011e-02	6.999007491093074684e-02
1.021737069123995752e+03	2.788343490518397916e-01	1.747043236851526238e-01	2.373878606120775892e-01	1.430330585559378698e-01	6.900924213196532597e-02	2.697660898384656933e-02	7.005455697908016810e-02
1.023188400188092373e+03	2.785862199196690869e-01	1.745400429040764867e-01	2.375646290740146271e-01	1.431386130970179471e-01	6.905306251639781179e-02	2.699849568585543577e-02	7.011893680286859776e-02
1.024639731252188767e+03	2.783385147149382566e-01	1.743760428472099222e-01	2.377410867228179903e-01	1.432439802737637269e-01	6.909681067365208706e-02	2.702035023745143552e-02	7.018321453006665100e-02
1.026091062316285615e+03	2.780912327128192141e-01	1.742123230341570683e-01	2.379172340929959495e-01	1.433491604403517305e-01	6.914048671964538595e-02	2.704217269163493309e-02	7.024739030829585396e-02
1.027542393380382237e+03	2.778443731897198288e-01	1.740488829853499009e-01	2.380930717181416190e-01	1.434541539502165175e-01	6.918409077012914465e-02	2.706396310131466837e-02	7.031146428502850487e-02
1.028993724444478858e+03	2.775979354232820384e-01	1.738857222220463739e-01	2.382686001309345936e-01	1.435589611560524892e-01	6.922762294068925126e-02	2.708572151930790581e-02	7.037543660758752151e-02
1.030445055508575479e+03	2.773519186923797952e-01	1.737228402663291427e-01	2.384438198631425310e-01	1.436635824098156933e-01	6.927108334674601797e-02	2.710744799834059748e-02	7.043930742314635784e-02
1.031896386572671872e+03	2.771063222771173451e-01	1.735602366411038711e-01	2.386187314456225395e-01	1.437680180627256277e-01	6.931447210355434763e-02	2.712914259104755657e-02	7.050307687872889306e-02
1.033347717636768493e+03	2.768611454588267295e-01	1.733979108700977878e-01	2.387933354083228987e-01	1.438722684652671280e-01	6.935778932620380310e-02	2.715080534997262041e-02	7.056674512120923726e-02
1.034799048700865114e+03	2.766163875200661204e-01	1.732358624778581047e-01	2.389676322802845587e-01	1.439763339671921161e-01	6.940103512961873222e-02	2.717243632756880314e-02	7.063031229731174532e-02
1.036250379764961508e+03	2.763720477446179880e-01	1.730740909897505730e-01	2.391416225896426384e-01	1.440802149175214042e-01	6.944420962855835100e-02	2.719403557619847270e-02	7.069377855361078100e-02
1.037701710829058356e+03	2.761281254174866584e-01	1.729125959319579853e-01	2.393153068636280911e-01	1.441839116645464436e-01	6.948731293761688244e-02	2.721560314813349993e-02	7.075714403653068918e-02
1.039153041893154750e+03	2.758846198248968151e-01	1.727513768314785092e-01	2.394886856285690924e-01	1.442874245558311841e-01	6.953034517122361202e-02	2.723713909555543211e-02	7.082040889234562930e-02
1.040604372957251599e+03	2.756415302542911672e-01	1.725904332161244392e-01	2.396617594098926773e-01	1.443907539382138783e-01	6.957330644364308203e-02	2.725864347055563866e-02	7.088357326717949214e-02
1.042055704021347992e+03	2.753988559943284509e-01	1.724297646145205032e-01	2.398345287321263231e-01	1.444939001578087190e-01	6.961619686897510539e-02	2.728011632513549153e-02	7.094663730700576099e-02
1.043507035085444613e+03	2.751565963348817645e-01	1.722693705561025579e-01	2.400069941188993916e-01	1.445968635600077545e-01	6.965901656115493223e-02	2.730155771120652483e-02	7.100960115764745617e-02
1.044958366149541234e+03	2.749147505670362368e-01	1.721092505711158960e-01	2.401791560929447122e-01	1.446996444894826650e-01	6.970176563395336089e-02	2.732296768059057704e-02	7.107246496477696851e-02
1.046409697213637855e+03	2.746733179830872507e-01	1.719494041906139137e-01	2.403510151761000524e-01	1.448022432901863721e-01	6.974444420097683506e-02	2.734434628501997491e-02	7.113522887391600380e-02
1.047861028277734476e+03	2.744322978765385002e-01	1.717898309464566120e-01	2.405225718893097830e-01	1.449046603053549542e-01	6.978705237566755482e-02	2.736569357613767572e-02	7.119789303043543016e-02
1.049312359341831097e+03	2.741916895420996036e-01	1.716305303713091535e-01	2.406938267526262387e-01	1.450068958775092565e-01	6.982959027130364316e-02	2.738700960549743726e-02	7.126045757955522253e-02
1.050763690405927491e+03	2.739514922756846604e-01	1.714715019986403077e-01	2.408647802852113828e-01	1.451089503484567778e-01	6.987205800099920150e-02	2.740829442456397397e-02	7.132292266634432387e-02
1.052215021470024112e+03	2.737117053744099193e-01	1.713127453627210639e-01	2.410354330053382232e-01	1.452108240592933086e-01	6.991445567770446234e-02	2.742954808471311998e-02	7.138528843572056193e-02
1.053666352534120733e+03	2.734723281365920022e-01	1.711542599986231594e-01	2.412057854303923943e-01	1.453125173504046797e-01	6.995678341420588642e-02	2.745077063723198874e-02	7.144755503245053818e-02
1.055117683598217127e+03	2.732333598617457948e-01	1.709960454422176923e-01	2.413758380768736556e-01	1.454140305614685935e-01	6.999904132312631533e-02	2.747196213331912565e-02	7.150972260114953072e-02
1.056569014662313975e+03	2.729947998505824480e-01	1.708381012301735391e-01	2.415455914603973908e-01	1.455153640314561792e-01	7.004122951692509647e-02	2.749312262408467461e-02	7.157179128628141096e-02
1.058020345726410369e+03	2.727566474050074907e-01	1.706804268999560226e-01	2.417150460956961344e-01	1.456165180986338237e-01	7.008334810789818015e-02	2.751425216055053066e-02	7.163376123215853264e-02
1.059471676790506763e+03	2.725189018281189424e-01	1.705230219898254962e-01	2.418842024966210702e-01	1.457174931005648655e-01	7.012539720817821676e-02	2.753535079365049612e-02	7.169563258294163466e-02
1.060923007854603611e+03	2.722815624242051480e-01	1.703658860388357899e-01	2.420530611761435857e-01	1.458182893741112873e-01	7.016737692973476492e-02	2.755641857423044710e-02	7.175740548263974394e-02
1.062374338918700232e+03	2.720446284987428354e-01	1.702090185868328498e-01	2.422216226463567157e-01	1.459189072554354927e-01	7.020928738437436090e-02	2.757745555304848620e-02	7.181908007511010605e-02
1.063825669982796853e+03	2.718080993583952276e-01	1.700524191744533786e-01	2.423898874184766128e-01	1.460193470800018600e-01	7.025112868374068509e-02	2.759846178077509510e-02	7.188065650405806029e-02
1.065277001046893474e+03	2.715719743110099893e-01	1.698960873431233087e-01	2.425578560028442132e-01	1.461196091825785470e-01	7.029290093931461758e-02	2.761943730799329769e-02	7.194213491303698416e-02
1.066728332110990095e+03	2.713362526656175056e-01	1.697400226350564423e-01	2.427255289089264856e-01	1.462196938972391558e-01	7.033460426241444630e-02	2.764038218519881962e-02	7.200351544544818239e-02
1.068179663175086489e+03	2.711009337324284951e-01	1.695842245932529802e-01	2.428929066453181240e-01	1.463196015573644537e-01	7.037623876419596414e-02	2.766129646280023405e-02	7.206479824454080363e-02
1.069630994239183110e+03	2.708660168228325116e-01	1.694286927614982452e-01	2.430599897197429637e-01	1.464193324956439002e-01	7.041780455565263552e-02	2.768218019111912814e-02	7.212598345341174333e-02
1.071082325303279504e+03	2.706315012493956118e-01	1.692734266843611279e-01	2.432267786390554520e-01	1.465188870440775060e-01	7.045930174761565190e-02	2.770303342039025229e-02	7.218707121500557433e-02
1.072533656367376352e+03	2.703973863258585242e-01	1.691184259071927820e-01	2.433932739092422026e-01	1.466182655339774432e-01	7.050073045075413991e-02	2.772385620076167623e-02	7.224806167211443586e-02
1.073984987431472746e+03	2.701636713671348167e-01	1.689636899761251809e-01	2.435594760354234112e-01	1.467174682959696275e-01	7.054209077557528629e-02	2.774464858229494860e-02	7.230895496737799188e-02
1.075436318495569594e+03	2.699303556893086764e-01	1.688092184380697303e-01	2.437253855218543819e-01	1.468164956599954662e-01	7.058338283242443500e-02	2.776541061496524965e-02	7.236975124328332010e-02
1.076887649559666215e+03	2.696974386096332443e-01	1.686550108407159076e-01	2.438910028719269707e-01	1.469153479553134689e-01	7.062460673148525381e-02	2.778614234866154040e-02	7.243045064216485640e-02
1.078338980623762609e+03	2.694649194465285058e-01	1.685010667325298195e-01	2.440563285881710842e-01	1.470140255105009397e-01	7.066576258277988687e-02	2.780684383318672570e-02	7.249105330620424226e-02
1.079790311687859230e+03	2.692327975195794587e-01	1.683473856627529242e-01	2.442213631722560951e-01	1.471125286534555876e-01	7.070685049616903806e-02	2.782751511825780344e-02	7.255155937743033856e-02
1.081241642751955851e+03	2.690010721495339485e-01	1.681939671814005610e-01	2.443861071249924244e-01	1.472108577113971084e-01	7.074787058135217910e-02	2.784815625350601370e-02	7.261196899771908686e-02
1.082692973816052472e+03	2.687697426583007809e-01	1.680408108392605349e-01	2.445505609463329566e-01	1.473090130108689333e-01	7.078882294786764673e-02	2.786876728847700532e-02	7.267228230879348161e-02
1.084144304880149093e+03	2.685388083689480565e-01	1.678879161878918669e-01	2.447147251353744557e-01	1.474069948777398109e-01	7.082970770509276759e-02	2.788934827263098160e-02	7.273249945222344526e-02
1.085595635944245487e+03	2.683082686057008392e-01	1.677352827796233792e-01	2.448786001903591192e-01	1.475048036372053895e-01	7.087052496224406639e-02	2.790989925534284599e-02	7.279262056942580050e-02
1.087046967008342108e+03	2.680781226939394912e-01	1.675829101675523070e-01	2.450421866086759382e-01	1.476024396137898820e-01	7.091127482837733531e-02	2.793042028590236869e-02	7.285264580166411763e-02
1.088498298072438729e+03	2.678483699601976742e-01	1.674307979055429108e-01	2.452054848868622794e-01	1.476999031313476762e-01	7.095195741238782827e-02	2.795091141351432884e-02	7.291257529004878390e-02
1.089949629136535123e+03	2.676190097321603512e-01	1.672789455482252274e-01	2.453684955206052454e-01	1.477971945130649167e-01	7.099257282301039973e-02	2.797137268729866372e-02	7.297240917553676764e-02
1.091400960200631971e+03	2.673900413386618435e-01	1.671273526509935714e-01	2.455312190047431176e-01	1.478943140814611146e-01	7.103312116881960181e-02	2.799180415629064222e-02	7.303214759893167374e-02
1.092852291264728365e+03	2.671614641096840548e-01	1.669760187700053133e-01	2.456936558332669107e-01	1.479912621583908128e-01	7.107360255822989248e-02	2.801220586944098631e-02	7.309179070088363261e-02
1.094303622328825213e+03	2.669332773763543054e-01	1.668249434621794924e-01	2.458558064993217329e-01	1.480880390650450851e-01	7.111401709949576044e-02	2.803257787561603750e-02	7.315133862188920311e-02
1.095754953392921607e+03	2.667054804709437232e-01	1.666741262851953453e-01	2.460176714952082289e-01	1.481846451219532013e-01	7.115436490071183617e-02	2.805292022359791304e-02	7.321079150229137245e-02
1.097206284457018228e+03	2.664780727268649674e-01	1.665235667974912237e-01	2.461792513123840787e-01	1.482810806489841815e-01	7.119464606981310006e-02	2.807323296208465158e-02	7.327014948227941749e-02
1.098657615521114849e+03	2.662510534786705629e-01	1.663732645582630398e-01	2.463405464414654411e-01	1.483773459653483784e-01	7.123486071457500735e-02	2.809351613969035197e-02	7.332941270188889082e-02
1.100108946585211470e+03	2.660244220620507916e-01	1.662232191274629900e-01	2.465015573722283138e-01	1.484734413895990313e-01	7.127500894261359909e-02	2.811376980494533981e-02	7.338858130100156529e-02
1.101560277649308091e+03	2.657981778138320261e-01	1.660734300657982221e-01	2.466622845936100872e-01	1.485693672396339315e-01	7.131509086138569653e-02	2.813399400629630967e-02	7.344765541934535069e-02
1.103011608713404712e+03	2.655723200719745658e-01	1.659238969347296144e-01	2.468227285937109050e-01	1.486651238326968383e-01	7.135510657818905367e-02	2.815418879210648470e-02	7.350663519649419664e-02
1.104462939777501106e+03	2.653468481755709707e-01	1.657746192964701659e-01	2.469828898597950517e-01	1.487607114853791435e-01	7.139505620016248222e-02	2.817435421065574153e-02	7.356552077186812033e-02
1.105914270841597499e+03	2.651217614648438414e-01	1.656255967139840801e-01	2.471427688782924792e-01	1.488561305136214541e-01	7.143493983428601812e-02	2.819449031014078719e-02	7.362431228473306777e-02
1.107365601905694348e+03	2.648970592811440983e-01	1.654768287509850722e-01	2.473023661348001667e-01	1.489513812327151188e-01	7.147475758738107421e-02	2.821459713867528751e-02	7.368300987420092762e-02
1.108816932969790741e+03	2.646727409669492048e-01	1.653283149719352585e-01	2.474616821140836198e-01	1.490464639573036987e-01	7.151450956611056509e-02	2.823467474429002672e-02	7.374161367922943411e-02
1.110268264033887590e+03	2.644488058658610030e-01	1.651800549420437969e-01	2.476207173000781470e-01	1.491413790013845775e-01	7.155419587697914308e-02	2.825472317493304963e-02	7.380012383862208369e-02
1.111719595097984211e+03	2.642252533226039368e-01	1.650320482272655820e-01	2.477794721758905527e-01	1.492361266783105433e-01	7.159381662633323984e-02	2.827474247846981439e-02	7.385854049102814900e-02
1.113170926162080832e+03	2.640020826830232759e-01	1.648842943942998573e-01	2.479379472238001647e-01	1.493307073007912600e-01	7.163337192036130230e-02	2.829473270268334159e-02	7.391686377494258164e-02
1.114622257226177226e+03	2.637792932940830615e-01	1.647367930105890776e-01	2.480961429252606099e-01	1.494251211808948210e-01	7.167286186509391754e-02	2.831469389527435307e-02	7.397509382870597061e-02
1.116073588290273847e+03	2.635568845038641084e-01	1.645895436443174931e-01	2.482540597609010635e-01	1.495193686300493041e-01	7.171228656640396548e-02	2.833462610386142458e-02	7.403323079050452837e-02
1.117524919354370468e+03	2.633348556615623393e-01	1.644425458644097893e-01	2.484116982105276095e-01	1.496134499590442424e-01	7.175164613000679925e-02	2.835452937598112802e-02	7.409127479836996599e-02
1.118976250418467089e+03	2.631132061174869530e-01	1.642957992405299217e-01	2.485690587531247941e-01	1.497073654780320950e-01	7.179094066146037012e-02	2.837440375908818410e-02	7.414922599017952087e-02
1.120427581482563710e+03	2.628919352230582596e-01	1.641493033430798387e-01	2.487261418668569313e-01	1.498011154965299685e-01	7.183017026616539402e-02	2.839424930055560459e-02	7.420708450365587350e-02
1.121878912546660331e+03	2.626710423308059594e-01	1.640030577431979830e-01	2.488829480290695173e-01	1.498947003234208930e-01	7.186933504936553196e-02	2.841406604767484148e-02	7.426485047636710579e-02
1.123330243610756725e+03	2.624505267943674225e-01	1.638570620127582367e-01	2.490394777162906470e-01	1.499881202669555158e-01	7.190843511614752881e-02	2.843385404765593275e-02	7.432252404572664561e-02
1.124781574674853118e+03	2.622303879684854122e-01	1.637113157243684780e-01	2.491957314042323735e-01	1.500813756347533778e-01	7.194747057144137981e-02	2.845361334762763761e-02	7.438010534899328063e-02
1.126232905738949967e+03	2.620106252090065313e-01	1.635658184513694990e-01	2.493517095677922069e-01	1.501744667338046346e-01	7.198644152002046936e-02	2.847334399463759616e-02	7.443759452327103343e-02
1.127684236803046360e+03	2.617912378728793898e-01	1.634205697678334512e-01	2.495074126810543913e-01	1.502673938704714163e-01	7.202534806650176535e-02	2.849304603565246466e-02	7.449499170550918925e-02
1.129135567867143209e+03	2.615722253181523849e-01	1.632755692485627630e-01	2.496628412172913480e-01	1.503601573504893818e-01	7.206419031534594399e-02	2.851271951755806125e-02	7.455229703250221274e-02
1.130586898931239830e+03	2.613535869039722570e-01	1.631308164690888629e-01	2.498179956489650910e-01	1.504527574789691624e-01	7.210296837085759802e-02	2.853236448715951862e-02	7.460951064088972018e-02
1.132038229995336451e+03	2.611353219905819256e-01	1.629863110056707365e-01	2.499728764477285314e-01	1.505451945603978881e-01	7.214168233718533385e-02	2.855198099118141583e-02	7.466663266715646563e-02
1.133489561059432845e+03	2.609174299393187124e-01	1.628420524352938992e-01	2.501274840844269765e-01	1.506374688986405197e-01	7.218033231832196583e-02	2.857156907626792752e-02	7.472366324763228540e-02
1.134940892123529466e+03	2.606999101126126206e-01	1.626980403356689253e-01	2.502818190290994060e-01	1.507295807969415424e-01	7.221891841810469670e-02	2.859112878898296961e-02	7.478060251849205642e-02
1.136392223187626087e+03	2.604827618739842809e-01	1.625542742852303657e-01	2.504358817509800272e-01	1.508215305579262977e-01	7.225744074021528407e-02	2.861066017581033807e-02	7.483745061575565460e-02
1.137843554251722708e+03	2.602659845880433420e-01	1.624107538631353598e-01	2.505896727184992456e-01	1.509133184836024266e-01	7.229589938818010986e-02	2.863016328315385814e-02	7.489420767528794098e-02
1.139294885315819101e+03	2.600495776204862497e-01	1.622674786492623311e-01	2.507431923992855527e-01	1.510049448753613688e-01	7.233429446537049945e-02	2.864963815733751959e-02	7.495087383279878945e-02
1.140746216379915950e+03	2.598335403380947484e-01	1.621244482242099327e-01	2.508964412601665805e-01	1.510964100339798333e-01	7.237262607500273559e-02	2.866908484460562248e-02	7.500744922384289248e-02
1.142197547444012343e+03	2.596178721087338270e-01	1.619816621692955760e-01	2.510494197671705452e-01	1.511877142596212420e-01	7.241089432013833593e-02	2.868850339112292286e-02	7.506393398381991378e-02
1.143648878508108737e+03	2.594025723013500540e-01	1.618391200665543483e-01	2.512021283855277454e-01	1.512788578518371452e-01	7.244909930368413631e-02	2.870789384297476460e-02	7.512032824797432173e-02
1.145100209572205586e+03	2.591876402859695228e-01	1.616968214987376529e-01	2.513545675796715617e-01	1.513698411095686647e-01	7.248724112839249889e-02	2.872725624616723206e-02	7.517663215139545885e-02
1.146551540636302207e+03	2.589730754336962981e-01	1.615547660493120430e-01	2.515067378132402331e-01	1.514606643311479928e-01	7.252531989686147873e-02	2.874659064662728539e-02	7.523284582901743067e-02
1.148002871700398828e+03	2.587588771167101398e-01	1.614129533024579177e-01	2.516586395490780226e-01	1.515513278142997244e-01	7.256333571153493478e-02	2.876589709020290625e-02	7.528896941561914746e-02
1.149454202764495449e+03	2.585450447082652814e-01	1.612713828430683005e-01	2.518102732492365492e-01	1.516418318561423839e-01	7.260128867470279357e-02	2.878517562266323312e-02	7.534500304582429642e-02
1.150905533828591842e+03	2.583315775826880434e-01	1.611300542567476457e-01	2.519616393749763428e-01	1.517321767531897569e-01	7.263917888850114635e-02	2.880442628969870009e-02	7.540094685410125841e-02
1.152356864892688463e+03	2.581184751153753898e-01	1.609889671298105340e-01	2.521127383867678429e-01	1.518223628013524173e-01	7.267700645491241562e-02	2.882364913692119293e-02	7.545680097476316350e-02
1.153808195956785084e+03	2.579057366827928188e-01	1.608481210492805069e-01	2.522635707442930642e-01	1.519123902959390870e-01	7.271477147576552169e-02	2.884284420986416020e-02	7.551256554196777993e-02
1.155259527020881706e+03	2.576933616624727530e-01	1.607075156028888174e-01	2.524141369064469287e-01	1.520022595316580238e-01	7.275247405273609080e-02	2.886201155398278664e-02	7.556824068971759734e-02
1.156710858084978327e+03	2.574813494330127628e-01	1.605671503790730981e-01	2.525644373313383206e-01	1.520919708026184369e-01	7.279011428734658007e-02	2.888115121465411120e-02	7.562382655185972968e-02
1.158162189149074720e+03	2.572696993740734572e-01	1.604270249669762782e-01	2.527144724762918626e-01	1.521815244023319857e-01	7.282769228096648562e-02	2.890026323717716575e-02	7.567932326208592908e-02
1.159613520213171569e+03	2.570584108663768741e-01	1.602871389564453353e-01	2.528642427978488594e-01	1.522709206237140289e-01	7.286520813481243974e-02	2.891934766677312085e-02	7.573473095393253030e-02
1.161064851277267962e+03	2.568474832917047035e-01	1.601474919380300455e-01	2.530137487517687966e-01	1.523601597590851509e-01	7.290266194994847460e-02	2.893840454858543146e-02	7.579004976078052014e-02
1.162516182341364356e+03	2.566369160328965116e-01	1.600080835029817627e-01	2.531629907930308399e-01	1.524492421001724662e-01	7.294005382728610543e-02	2.895743392767996180e-02	7.584527981585544032e-02
1.163967513405461204e+03	2.564267084738477420e-01	1.598689132432521420e-01	2.533119693758349444e-01	1.525381679381111188e-01	7.297738386758453877e-02	2.897643584904512765e-02	7.590042125222738745e-02
1.165418844469557826e+03	2.562168599995081619e-01	1.597299807514921122e-01	2.534606849536033546e-01	1.526269375634455305e-01	7.301465217145086672e-02	2.899541035759203508e-02	7.595547420281105466e-02
1.166870175533654447e+03	2.560073699958798077e-01	1.595912856210504327e-01	2.536091379789816580e-01	1.527155512661308168e-01	7.305185883934017799e-02	2.901435749815462276e-02	7.601043880036564837e-02
1.168321506597751068e+03	2.557982378500153753e-01	1.594528274459726391e-01	2.537573289038404512e-01	1.528040093355342577e-01	7.308900397155576600e-02	2.903327731548979371e-02	7.606531517749491600e-02
1.169772837661847461e+03	2.555894629500163329e-01	1.593146058209998495e-01	2.539052581792764496e-01	1.528923120604366026e-01	7.312608766824929551e-02	2.905216985427754722e-02	7.612010346664713212e-02
1.171224168725944082e+03	2.553810446850313109e-01	1.591766203415674319e-01	2.540529262556138757e-01	1.529804597290334300e-01	7.316311002942095520e-02	2.907103515912113842e-02	7.617480380011509844e-02
1.172675499790040703e+03	2.551729824452539930e-01	1.590388706038039501e-01	2.542003335824059018e-01	1.530684526289365355e-01	7.320007115491966587e-02	2.908987327454718233e-02	7.622941631003610219e-02
1.174126830854137097e+03	2.549652756219216720e-01	1.589013562045298589e-01	2.543474806084357054e-01	1.531562910471752359e-01	7.323697114444317757e-02	2.910868424500582044e-02	7.628394112839192998e-02
1.175578161918233945e+03	2.547579236073131970e-01	1.587640767412562826e-01	2.544943677817180228e-01	1.532439752701978686e-01	7.327381009753834717e-02	2.912746811487083171e-02	7.633837838700885392e-02
1.177029492982330339e+03	2.545509257947474735e-01	1.586270318121839606e-01	2.546409955495003707e-01	1.533315055838730123e-01	7.331058811360119387e-02	2.914622492843979215e-02	7.639272821755765941e-02
1.178480824046426733e+03	2.543442815785813549e-01	1.584902210162019986e-01	2.547873643582643233e-01	1.534188822734908475e-01	7.334730529187717674e-02	2.916495472993418589e-02	7.644699075155361734e-02
1.179932155110523581e+03	2.541379903542082541e-01	1.583536439528865636e-01	2.549334746537268992e-01	1.535061056237645716e-01	7.338396173146127799e-02	2.918365756349956125e-02	7.650116612035647023e-02
1.181383486174620202e+03	2.539320515180559235e-01	1.582173002224998015e-01	2.550793268808417835e-01	1.535931759188317314e-01	7.342055753129823892e-02	2.920233347320565220e-02	7.655525445517041838e-02
1.182834817238716823e+03	2.537264644675851777e-01	1.580811894259887274e-01	2.552249214838007707e-01	1.536800934422554998e-01	7.345709279018269866e-02	2.922098250304653103e-02	7.660925588704417533e-02
1.184286148302813444e+03	2.535212286012876737e-01	1.579453111649838648e-01	2.553702589060349859e-01	1.537668584770260360e-01	7.349356760675937461e-02	2.923960469694071584e-02	7.666317054687091237e-02
1.185737479366910065e+03	2.533163433186846336e-01	1.578096650417981917e-01	2.555153395902160507e-01	1.538534713055618730e-01	7.352998207952321508e-02	2.925820009873132677e-02	7.671699856538828632e-02
1.187188810431006686e+03	2.531118080203245135e-01	1.576742506594258630e-01	2.556601639782576929e-01	1.539399322097111389e-01	7.356633630681962133e-02	2.927676875218621425e-02	7.677074007317843951e-02
1.188640141495103080e+03	2.529076221077818376e-01	1.575390676215412122e-01	2.558047325113168013e-01	1.540262414707530281e-01	7.360263038684460024e-02	2.929531070099809092e-02	7.682439520066798588e-02
1.190091472559199701e+03	2.527037849836549221e-01	1.574041155324973074e-01	2.559490456297947580e-01	1.541123993693990224e-01	7.363886441764488922e-02	2.931382598878466694e-02	7.687796407812803878e-02
1.191542803623296322e+03	2.525002960515645434e-01	1.572693939973250354e-01	2.560931037733387150e-01	1.541984061857941124e-01	7.367503849711816433e-02	2.933231465908877830e-02	7.693144683567419706e-02
1.192994134687392716e+03	2.522971547161519390e-01	1.571349026217317979e-01	2.562369073808430375e-01	1.542842621995184071e-01	7.371115272301324850e-02	2.935077675537852912e-02	7.698484360326655895e-02
1.194445465751489564e+03	2.520943603830771429e-01	1.570006410121003448e-01	2.563804568904504699e-01	1.543699676895880779e-01	7.374720719293025029e-02	2.936921232104741653e-02	7.703815451070972209e-02
1.195896796815585958e+03	2.518919124590172642e-01	1.568666087754877758e-01	2.565237527395534123e-01	1.544555229344570235e-01	7.378320200432073039e-02	2.938762139941446597e-02	7.709137968765281124e-02
1.197348127879682352e+03	2.516898103516647112e-01	1.567328055196240133e-01	2.566667953647951972e-01	1.545409282120178140e-01	7.381913725448786823e-02	2.940600403372436653e-02	7.714451926358946443e-02
1.198799458943779200e+03	2.514880534697255254e-01	1.565992308529109978e-01	2.568095852020714775e-01	1.546261837996033006e-01	7.385501304058667005e-02	2.942436026714760275e-02	7.719757336785784685e-02
1.200250790007875821e+03	2.512866412229176061e-01	1.564658843844213831e-01	2.569521226865313923e-01	1.547112899739877256e-01	7.389082945962413551e-02	2.944269014278058302e-02	7.725054212964065081e-02
1.201702121071972442e+03	2.510855730219688220e-01	1.563327657238973711e-01	2.570944082525789542e-01	1.547962470113881106e-01	7.392658660845938257e-02	2.946099370364576447e-02	7.730342567796513742e-02
1.203153452136069063e+03	2.508848482786156242e-01	1.561998744817495732e-01	2.572364423338741046e-01	1.548810551874653940e-01	7.396228458380392501e-02	2.947927099269179868e-02	7.735622414170312267e-02
1.204604783200165684e+03	2.506844664056009919e-01	1.560672102690559282e-01	2.573782253633343231e-01	1.549657147773259580e-01	7.399792348222171412e-02	2.949752205279366005e-02	7.740893764957100520e-02
1.206056114264262078e+03	2.504844268166729893e-01	1.559347726975603976e-01	2.575197577731355714e-01	1.550502260555227108e-01	7.403350340012943009e-02	2.951574692675276376e-02	7.746156633012976633e-02
1.207507445328358699e+03	2.502847289265828779e-01	1.558025613796719389e-01	2.576610399947137364e-01	1.551345892960563910e-01	7.406902443379662082e-02	2.953394565729711846e-02	7.751411031178499778e-02
1.208958776392455093e+03	2.500853721510832850e-01	1.556705759284633395e-01	2.578020724587659074e-01	1.552188047723769559e-01	7.410448667934581291e-02	2.955211828708143029e-02	7.756656972278690165e-02
1.210410107456551941e+03	2.498863559069268714e-01	1.555388159576700791e-01	2.579428555952516522e-01	1.553028727573847190e-01	7.413989023275276147e-02	2.957026485868725560e-02	7.761894469123033213e-02
1.211861438520648335e+03	2.496876796118642772e-01	1.554072810816891359e-01	2.580833898333940724e-01	1.553867935234316822e-01	7.417523518984661668e-02	2.958838541462312233e-02	7.767123534505478155e-02
1.213312769584745183e+03	2.494893426846425399e-01	1.552759709155778489e-01	2.582236756016813573e-01	1.554705673423228129e-01	7.421052164631004866e-02	2.960647999732465840e-02	7.772344181204442204e-02
1.214764100648841804e+03	2.492913445450034016e-01	1.551448850750528630e-01	2.583637133278678388e-01	1.555541944853172653e-01	7.424574969767951116e-02	2.962454864915471664e-02	7.777556421982814716e-02
1.216215431712937971e+03	2.490936846136815597e-01	1.550140231764889076e-01	2.585035034389753239e-01	1.556376752231295735e-01	7.428091943934532482e-02	2.964259141240351697e-02	7.782760269587950253e-02
1.217666762777034819e+03	2.488963623124030300e-01	1.548833848369177701e-01	2.586430463612943154e-01	1.557210098259311504e-01	7.431603096655191310e-02	2.966060832928876095e-02	7.787955736751682456e-02
1.219118093841131440e+03	2.486993770638834256e-01	1.547529696740269634e-01	2.587823425203852890e-01	1.558041985633511761e-01	7.435108437439794105e-02	2.967859944195578095e-02	7.793142836190315725e-02
1.220569424905228061e+03	2.485027282918262359e-01	1.546227773061587540e-01	2.589213923410800255e-01	1.558872417044782077e-01	7.438607975783652349e-02	2.969656479247763381e-02	7.798321580604637704e-02
1.222020755969324682e+03	2.483064154209211338e-01	1.544928073523091083e-01	2.590601962474826658e-01	1.559701395178610950e-01	7.442101721167537765e-02	2.971450442285526738e-02	7.803491982679910954e-02
1.223472087033421303e+03	2.481104378768423657e-01	1.543630594321263594e-01	2.591987546629710981e-01	1.560528922715105071e-01	7.445589683057701746e-02	2.973241837501762810e-02	7.808654055085882673e-02
1.224923418097517697e+03	2.479147950862469751e-01	1.542335331659102082e-01	2.593370680101981240e-01	1.561355002328999597e-01	7.449071870905887849e-02	2.975030669082178586e-02	7.813807810476787463e-02
1.226374749161614318e+03	2.477194864767732485e-01	1.541042281746105302e-01	2.594751367110928464e-01	1.562179636689671192e-01	7.452548294149358155e-02	2.976816941205307626e-02	7.818953261491341789e-02
1.227826080225710712e+03	2.475245114770388000e-01	1.539751440798264037e-01	2.596129611868617237e-01	1.563002828461150517e-01	7.456018962210902989e-02	2.978600658042521859e-02	7.824090420752760622e-02
1.229277411289807560e+03	2.473298695166392114e-01	1.538462805038048886e-01	2.597505418579898473e-01	1.563824580302133893e-01	7.459483884498865902e-02	2.980381823758043724e-02	7.829219300868746345e-02
1.230728742353903954e+03	2.471355600261460617e-01	1.537176370694397776e-01	2.598878791442422731e-01	1.564644894865996894e-01	7.462943070407151991e-02	2.982160442508959702e-02	7.834339914431499852e-02
1.232180073418000802e+03	2.469415824371054557e-01	1.535892134002707354e-01	2.600249734646651878e-01	1.565463774800804897e-01	7.466396529315252883e-02	2.983936518445233152e-02	7.839452274017719158e-02
1.233631404482097196e+03	2.467479361820362760e-01	1.534610091204821058e-01	2.601618252375871299e-01	1.566281222749325575e-01	7.469844270588262003e-02	2.985710055709716454e-02	7.844556392188606342e-02
1.235082735546193817e+03	2.465546206944285446e-01	1.533330238549016622e-01	2.602984348806202664e-01	1.567097241349041936e-01	7.473286303576892609e-02	2.987481058438163153e-02	7.849652281489867545e-02
1.236534066610290438e+03	2.463616354087417304e-01	1.532052572289996639e-01	2.604348028106615587e-01	1.567911833232163987e-01	7.476722637617494449e-02	2.989249530759242532e-02	7.854739954451717132e-02
1.237985397674387059e+03	2.461689797604031393e-01	1.530777088688877186e-01	2.605709294438939838e-01	1.568725001025640109e-01	7.480153282032073192e-02	2.991015476794549668e-02	7.859819423588883247e-02
1.239436728738483680e+03	2.459766531858061378e-01	1.529503784013176160e-01	2.607068151957878666e-01	1.569536747351170103e-01	7.483578246128305689e-02	2.992778900658618971e-02	7.864890701400607809e-02
1.240888059802580301e+03	2.457846551223086817e-01	1.528232654536802737e-01	2.608424604811019343e-01	1.570347074825216016e-01	7.486997539199560792e-02	2.994539806458937706e-02	7.869953800370652064e-02
1.242339390866676695e+03	2.455929850082315402e-01	1.526963696540045989e-01	2.609778657138847047e-01	1.571155986059015186e-01	7.490411170524911844e-02	2.996298198295956061e-02	7.875008732967296587e-02
1.243790721930773088e+03	2.454016422828567134e-01	1.525696906309564893e-01	2.611130313074755405e-01	1.571963483658591898e-01	7.493819149369161658e-02	2.998054080263103105e-02	7.880055511643350996e-02
1.245242052994869937e+03	2.452106263864256563e-01	1.524432280138375839e-01	2.612479576745059262e-01	1.572769570224768765e-01	7.497221484982856399e-02	2.999807456446795459e-02	7.885094148836151173e-02
1.246693384058966330e+03	2.450199367601378353e-01	1.523169814325843474e-01	2.613826452269008005e-01	1.573574248353179494e-01	7.500618186602298065e-02	3.001558330926452911e-02	7.890124656967568983e-02
1.248144715123063179e+03	2.448295728461488963e-01	1.521909505177667932e-01	2.615170943758795552e-01	1.574377520634279159e-01	7.504009263449573641e-02	3.003306707774508824e-02	7.895147048444012272e-02
1.249596046187159800e+03	2.446395340875692492e-01	1.520651349005875397e-01	2.616513055319574232e-01	1.575179389653357798e-01	7.507394724732563418e-02	3.005052591056422973e-02	7.900161335656429029e-02
1.251047377251256421e+03	2.444498199284621254e-01	1.519395342128807003e-01	2.617852791049465888e-01	1.575979857990551514e-01	7.510774579644960425e-02	3.006795984830694032e-02	7.905167530980312940e-02
1.252498708315352815e+03	2.442604298138422447e-01	1.518141480871106341e-01	2.619190155039572976e-01	1.576778928220853027e-01	7.514148837366292633e-02	3.008536893148872765e-02	7.910165646775707549e-02
1.253950039379449436e+03	2.440713631896740399e-01	1.516889761563711692e-01	2.620525151373993555e-01	1.577576602914125270e-01	7.517517507061934057e-02	3.010275320055572426e-02	7.915155695387204871e-02
1.255401370443546057e+03	2.438826195028700461e-01	1.515640180543842419e-01	2.621857784129830171e-01	1.578372884635111939e-01	7.520880597883129737e-02	3.012011269588482990e-02	7.920137689143962045e-02
1.256852701507642678e+03	2.436941982012892915e-01	1.514392734154988984e-01	2.623188057377203175e-01	1.579167775943449981e-01	7.524238118967005451e-02	3.013744745778381903e-02	7.925111640359690235e-02
1.258304032571739299e+03	2.435060987337356875e-01	1.513147418746902950e-01	2.624515975179262939e-01	1.579961279393679030e-01	7.527590079436591308e-02	3.015475752649146926e-02	7.930077561332672664e-02
1.259755363635835920e+03	2.433183205499563351e-01	1.511904230675585603e-01	2.625841541592200401e-01	1.580753397535256399e-01	7.530936488400838402e-02	3.017204294217768965e-02	7.935035464345759071e-02
1.261206694699932314e+03	2.431308631006400545e-01	1.510663166303277127e-01	2.627164760665262611e-01	1.581544132912565126e-01	7.534277354954636852e-02	3.018930374494363869e-02	7.939985361666375419e-02
1.262658025764028707e+03	2.429437258374155528e-01	1.509424221998445503e-01	2.628485636440758832e-01	1.582333488064928684e-01	7.537612688178831066e-02	3.020653997482183190e-02	7.944927265546528061e-02
1.264109356828125556e+03	2.427569082128501476e-01	1.508187394135777348e-01	2.629804172954077757e-01	1.583121465526619864e-01	7.540942497140237788e-02	3.022375167177628399e-02	7.949861188222807906e-02
1.265560687892221949e+03	2.425704096804477683e-01	1.506952679096165426e-01	2.631120374233695824e-01	1.583908067826873267e-01	7.544266790891665520e-02	3.024093887570262693e-02	7.954787141916393189e-02
1.267012018956318798e+03	2.423842296946476516e-01	1.505720073266699210e-01	2.632434244301191106e-01	1.584693297489897235e-01	7.547585578471932566e-02	3.025810162642821391e-02	7.959705138833056415e-02
1.268463350020415419e+03	2.421983677108226485e-01	1.504489573040652950e-01	2.633745787171254404e-01	1.585477157034884121e-01	7.550898868905883687e-02	3.027523996371226170e-02	7.964615191163171293e-02
1.269914681084511813e+03	2.420128231852775036e-01	1.503261174817476509e-01	2.635055006851700354e-01	1.586259648976022507e-01	7.554206671204408141e-02	3.029235392724595466e-02	7.969517311081711353e-02
1.271366012148608434e+03	2.418275955752474948e-01	1.502034875002784542e-01	2.636361907343481303e-01	1.587040775822508576e-01	7.557508994364456334e-02	3.030944355665258008e-02	7.974411510748263821e-02
1.272817343212705055e+03	2.416426843388966295e-01	1.500810670008344838e-01	2.637666492640695637e-01	1.587820540078556386e-01	7.560805847369057864e-02	3.032650889148762879e-02	7.979297802307025456e-02
1.274268674276801676e+03	2.414580889353161175e-01	1.499588556252068050e-01	2.638968766730603321e-01	1.588598944243410638e-01	7.564097239187342336e-02	3.034354997123893741e-02	7.984176197886816428e-02
1.275720005340898297e+03	2.412738088245228174e-01	1.498368530157998257e-01	2.640268733593634787e-01	1.589375990811356665e-01	7.567383178774553243e-02	3.036056683532679587e-02	7.989046709601077545e-02
1.277171336404994690e+03	2.410898434674577373e-01	1.497150588156300755e-01	2.641566397203403138e-01	1.590151682271731537e-01	7.570663675072064613e-02	3.037755952310406196e-02	7.993909349547881349e-02
1.278622667469091539e+03	2.409061923259842031e-01	1.495934726683253446e-01	2.642861761526718589e-01	1.590926021108937105e-01	7.573938737007405997e-02	3.039452807385629660e-02	7.998764129809934897e-02
1.280073998533187932e+03	2.407228548628865261e-01	1.494720942181234635e-01	2.644154830523595678e-01	1.591699009802448606e-01	7.577208373494269400e-02	3.041147252680185750e-02	8.003611062454586700e-02
1.281525329597284326e+03	2.405398305418682270e-01	1.493509231098713308e-01	2.645445608147268257e-01	1.592470650826827427e-01	7.580472593432537043e-02	3.042839292109205188e-02	8.008450159533830881e-02
1.282976660661381175e+03	2.403571188275507031e-01	1.492299589890238587e-01	2.646734098344198371e-01	1.593240946651731937e-01	7.583731405708295237e-02	3.044528929581122659e-02	8.013281433084315508e-02
1.284427991725477568e+03	2.401747191854713415e-01	1.491092015016429462e-01	2.648020305054090695e-01	1.594009899741927749e-01	7.586984819193849650e-02	3.046216168997689655e-02	8.018104895127341203e-02
1.285879322789574417e+03	2.399926310820822140e-01	1.489886502943963964e-01	2.649304232209902521e-01	1.594777512557299937e-01	7.590232842747746123e-02	3.047901014253986615e-02	8.022920557668876407e-02
1.287330653853671038e+03	2.398108539847484399e-01	1.488683050145569176e-01	2.650585883737854864e-01	1.595543787552862747e-01	7.593475485214785936e-02	3.049583469238434374e-02	8.027728432699558769e-02
1.288781984917767431e+03	2.396293873617465209e-01	1.487481653100010404e-01	2.651865263557445784e-01	1.596308727178772369e-01	7.596712755426046626e-02	3.051263537832805614e-02	8.032528532194697923e-02
1.290233315981864052e+03	2.394482306822629247e-01	1.486282308292081467e-01	2.653142375581460377e-01	1.597072333880335815e-01	7.599944662198897249e-02	3.052941223912237698e-02	8.037320868114285199e-02
