1.001418434226643626e+03	2.823194828166257220e-01	1.771094470855199277e-01	2.348733456761324667e-01	1.415197982041832836e-01	6.838227924502512933e-02	2.666846918042101514e-02	6.912717779199116508e-02
1.002869765290740247e+03	2.820654643787446902e-01	1.769410986853591217e-01	2.350545256767967717e-01	1.416279324975482368e-01	6.842709094934211478e-02	2.669095769100927537e-02	6.919293012109856145e-02
1.004321096354836754e+03	2.818118798397571401e-01	1.767730379086419612e-01	2.352353873430159115e-01	1.417358743531195175e-01	6.847182862848733009e-02	2.671341386272164248e-02	6.925857806415521012e-02
1.005772427418933376e+03	2.815587284579766369e-01	1.766052642631491532e-01	2.354159312220549805e-01	1.418436241360244154e-01	6.851649240113102945e-02	2.673583774821328835e-02	6.932412177134922304e-02
1.007223758483029997e+03	2.813060094929790700e-01	1.764377772575113912e-01	2.355961578602422668e-01	1.419511822106174770e-01	6.856108238577644787e-02	2.675822940004768738e-02	6.938956139272443868e-02
1.008675089547126618e+03	2.810537222056009310e-01	1.762705764012075238e-01	2.357760678029710844e-01	1.420585489404822821e-01	6.860559870075988442e-02	2.678058887069676569e-02	6.945489707818028324e-02
1.010126420611223239e+03	2.808018658579376492e-01	1.761036612045631389e-01	2.359556615947011049e-01	1.421657246884335257e-01	6.865004146425074394e-02	2.680291621254108844e-02	6.952012897747153475e-02
1.011577751675319632e+03	2.805504397133409822e-01	1.759370311787488705e-01	2.361349397789601068e-01	1.422727098165188775e-01	6.869441079425163410e-02	2.682521147787001597e-02	6.958525724020822589e-02
1.013029082739416367e+03	2.802994430364176282e-01	1.757706858357788171e-01	2.363139028983455847e-01	1.423795046860209801e-01	6.873870680859843485e-02	2.684747471888189463e-02	6.965028201585543588e-02
1.014480413803512761e+03	2.800488750930266724e-01	1.756046246885088757e-01	2.364925514945262208e-01	1.424861096574592534e-01	6.878292962496038165e-02	2.686970598768419205e-02	6.971520345373309613e-02
1.015931744867609382e+03	2.797987351502781439e-01	1.754388472506352437e-01	2.366708861082435500e-01	1.425925250905919484e-01	6.882707936084014877e-02	2.689190533629370189e-02	6.978002170301587925e-02
1.017383075931706003e+03	2.795490224765306286e-01	1.752733530366928083e-01	2.368489072793135419e-01	1.426987513444180067e-01	6.887115613357391863e-02	2.691407281663668258e-02	6.984473691273297702e-02
1.018834406995802851e+03	2.792997363413896039e-01	1.751081415620534820e-01	2.370266155466281555e-01	1.428047887771788926e-01	6.891516006033146513e-02	2.693620848054904121e-02	6.990934923176797544e-02
1.020285738059899245e+03	2.790508760157050516e-01	1.749432123429247588e-01	2.372040114481568929e-01	1.429106377463605915e-01	6.895909125811622298e-02	2.695831237977649661e-02	6.997385880885866050e-02
1.021737069123995752e+03	2.788024407715697373e-01	1.747785648963479377e-01	2.373810955209484097e-01	1.430162986086954968e-01	6.900294984376545426e-02	2.698038456597474585e-02	7.003826579259683771e-02
1.023188400188092373e+03	2.785544298823172116e-01	1.746141987401968743e-01	2.375578683011321801e-01	1.431217717201642425e-01	6.904673593395024844e-02	2.700242509070962388e-02	7.010257033142824890e-02
1.024639731252188767e+03	2.783068426225198677e-01	1.744501133931762038e-01	2.377343303239197458e-01	1.432270574359976179e-01	6.909044964517564724e-02	2.702443400545729082e-02	7.016677257365232234e-02
1.026091062316285615e+03	2.780596782679866652e-01	1.742863083748198150e-01	2.379104821236067147e-01	1.433321561106784270e-01	6.913409109378072792e-02	2.704641136160437428e-02	7.023087266742206181e-02
1.027542393380382237e+03	2.778129360957614091e-01	1.741227832054892954e-01	2.380863242335740093e-01	1.434370680979433765e-01	6.917766039593871430e-02	2.706835721044814624e-02	7.029487076074385221e-02
1.028993724444478858e+03	2.775666153841206962e-01	1.739595374063724886e-01	2.382618571862894774e-01	1.435417937507849351e-01	6.922115766765706002e-02	2.709027160319668615e-02	7.035876700147739027e-02
1.030445055508575479e+03	2.773207154125720830e-01	1.737965704994819394e-01	2.384370815133096400e-01	1.436463334214531651e-01	6.926458302477754569e-02	2.711215459096905089e-02	7.042256153733540691e-02
1.031896386572671872e+03	2.770752354618516433e-01	1.736338820076532286e-01	2.386119977452809682e-01	1.437506874614576657e-01	6.930793658297637605e-02	2.713400622479543445e-02	7.048625451588359792e-02
1.033347717636768493e+03	2.768301748139224139e-01	1.734714714545435299e-01	2.387866064119416043e-01	1.438548562215692939e-01	6.935121845776427707e-02	2.715582655561733783e-02	7.054984608454045736e-02
1.034799048700865114e+03	2.765855327519721740e-01	1.733093383646302221e-01	2.389609080421229992e-01	1.439588400518220235e-01	6.939442876448662090e-02	2.717761563428771829e-02	7.061333639057708333e-02
1.036250379764961508e+03	2.763413085604116692e-01	1.731474822632091959e-01	2.391349031637511890e-01	1.440626393015149165e-01	6.943756761832352298e-02	2.719937351157117322e-02	7.067672558111710857e-02
1.037701710829058356e+03	2.760975015248725017e-01	1.729859026763934382e-01	2.393085923038486273e-01	1.441662543192138157e-01	6.948063513428986981e-02	2.722110023814408933e-02	7.074001380313649223e-02
1.039153041893154750e+03	2.758541109322049101e-01	1.728245991311115060e-01	2.394819759885354615e-01	1.442696854527531491e-01	6.952363142723555489e-02	2.724279586459481262e-02	7.080320120346338120e-02
1.040604372957251599e+03	2.756111360704762703e-01	1.726635711551060270e-01	2.396550547430313371e-01	1.443729330492378726e-01	6.956655661184549255e-02	2.726446044142380454e-02	7.086628792877799898e-02
1.042055704021347992e+03	2.753685762289686534e-01	1.725028182769322016e-01	2.398278290916567301e-01	1.444759974550451909e-01	6.960941080263977065e-02	2.728609401904381893e-02	7.092927412561243761e-02
1.043507035085444613e+03	2.751264306981771601e-01	1.723423400259563587e-01	2.400002995578346399e-01	1.445788790158263892e-01	6.965219411397370608e-02	2.730769664778004771e-02	7.099215994035057431e-02
1.044958366149541234e+03	2.748846987698077005e-01	1.721821359323544298e-01	2.401724666640918937e-01	1.446815780765086379e-01	6.969490666003802515e-02	2.732926837787029092e-02	7.105494551922790503e-02
1.046409697213637855e+03	2.746433797367752172e-01	1.720222055271104500e-01	2.403443309320609234e-01	1.447840949812967681e-01	6.973754855485893300e-02	2.735080925946511282e-02	7.111763100833143336e-02
1.047861028277734476e+03	2.744024728932015766e-01	1.718625483420151701e-01	2.405158928824812359e-01	1.448864300736750765e-01	6.978011991229822464e-02	2.737231934262801536e-02	7.118021655359949018e-02
1.049312359341831097e+03	2.741619775344136811e-01	1.717031639096645301e-01	2.406871530352008293e-01	1.449885836964091013e-01	6.982262084605345143e-02	2.739379867733558391e-02	7.124270230082162259e-02
1.050763690405927491e+03	2.739218929569413041e-01	1.715440517634581608e-01	2.408581119091778300e-01	1.450905561915473985e-01	6.986505146965797663e-02	2.741524731347765031e-02	7.130508839563845513e-02
1.052215021470024112e+03	2.736822184585153694e-01	1.713852114375980507e-01	2.410287700224819085e-01	1.451923479004233464e-01	6.990741189648110032e-02	2.743666530085746985e-02	7.136737498354156495e-02
1.053666352534120733e+03	2.734429533380657307e-01	1.712266424670869647e-01	2.411991278922959170e-01	1.452939591636568661e-01	6.994970223972819812e-02	2.745805268919185999e-02	7.142956220987334293e-02
1.055117683598217127e+03	2.732040968957193394e-01	1.710683443877270005e-01	2.413691860349172769e-01	1.453953903211561982e-01	6.999192261244083224e-02	2.747940952811137386e-02	7.149165021982682722e-02
1.056569014662313975e+03	2.729656484327983024e-01	1.709103167361182007e-01	2.415389449657596443e-01	1.454966417121197064e-01	7.003407312749689029e-02	2.750073586716044946e-02	7.155363915844567546e-02
1.058020345726410369e+03	2.727276072518177719e-01	1.707525590496571100e-01	2.417084051993542704e-01	1.455977136750375711e-01	7.007615389761069624e-02	2.752203175579757966e-02	7.161552917062388723e-02
1.059471676790506763e+03	2.724899726564841140e-01	1.705950708665353310e-01	2.418775672493515549e-01	1.456986065476935099e-01	7.011816503533309375e-02	2.754329724339545787e-02	7.167732040110581793e-02
1.060923007854603611e+03	2.722527439516928549e-01	1.704378517257380543e-01	2.420464316285226569e-01	1.457993206671666098e-01	7.016010665305161265e-02	2.756453237924114466e-02	7.173901299448598445e-02
1.062374338918700232e+03	2.720159204435266265e-01	1.702809011670426420e-01	2.422149988487608263e-01	1.458998563698329642e-01	7.020197886299060774e-02	2.758573721253623073e-02	7.180060709520895423e-02
1.063825669982796853e+03	2.717795014392535013e-01	1.701242187310172405e-01	2.423832694210830141e-01	1.460002139913675334e-01	7.024378177721134209e-02	2.760691179239698617e-02	7.186210284756922029e-02
1.065277001046893474e+03	2.715434862473246613e-01	1.699678039590193368e-01	2.425512438556313988e-01	1.461003938667456981e-01	7.028551550761213962e-02	2.762805616785452001e-02	7.192350039571109022e-02
1.066728332110990095e+03	2.713078741773726765e-01	1.698116563931943712e-01	2.427189226616746631e-01	1.462003963302450915e-01	7.032718016592853782e-02	2.764917038785493636e-02	7.198479988362857518e-02
1.068179663175086489e+03	2.710726645402095070e-01	1.696557755764742104e-01	2.428863063476098261e-01	1.463002217154472928e-01	7.036877586373331550e-02	2.767025450125949054e-02	7.204600145516522336e-02
1.069630994239183110e+03	2.708378566478243377e-01	1.695001610525758706e-01	2.430533954209634917e-01	1.463998703552395753e-01	7.041030271243675642e-02	2.769130855684474868e-02	7.210710525401403670e-02
1.071082325303279504e+03	2.706034498133820243e-01	1.693448123660001303e-01	2.432201903883933758e-01	1.464993425818164607e-01	7.045176082328669098e-02	2.771233260330275075e-02	7.216811142371740151e-02
1.072533656367376352e+03	2.703694433512207063e-01	1.691897290620298921e-01	2.433866917556898601e-01	1.465986387266816071e-01	7.049315030736866272e-02	2.773332668924114591e-02	7.222902010766689418e-02
1.073984987431472746e+03	2.701358365768501968e-01	1.690349106867291007e-01	2.435529000277773803e-01	1.466977591206494180e-01	7.053447127560605323e-02	2.775429086318336944e-02	7.228983144910322567e-02
1.075436318495569594e+03	2.699026288069497626e-01	1.688803567869411604e-01	2.437188157087160079e-01	1.467967040938466527e-01	7.057572383876020705e-02	2.777522517356878148e-02	7.235054559111611661e-02
1.076887649559666215e+03	2.696698193593664028e-01	1.687260669102876032e-01	2.438844393017028933e-01	1.468954739757142303e-01	7.061690810743059821e-02	2.779612966875284058e-02	7.241116267664418626e-02
1.078338980623762609e+03	2.694374075531126289e-01	1.685720406051666731e-01	2.440497713090736265e-01	1.469940690950088946e-01	7.065802419205491347e-02	2.781700439700723892e-02	7.247168284847481379e-02
1.079790311687859230e+03	2.692053927083647991e-01	1.684182774207518829e-01	2.442148122323039017e-01	1.470924897798047970e-01	7.069907220290921890e-02	2.783784940652006198e-02	7.253210624924406880e-02
1.081241642751955851e+03	2.689737741464610643e-01	1.682647769069908761e-01	2.443795625720108222e-01	1.471907363574951888e-01	7.074005225010811249e-02	2.785866474539595850e-02	7.259243302143661425e-02
1.082692973816052472e+03	2.687425511898993702e-01	1.681115386146037616e-01	2.445440228279545380e-01	1.472888091547942535e-01	7.078096444360483519e-02	2.787945046165627230e-02	7.265266330738558154e-02
1.084144304880149093e+03	2.685117231623355694e-01	1.679585620950818925e-01	2.447081934990395224e-01	1.473867084977384667e-01	7.082180889319142358e-02	2.790020660323920196e-02	7.271279724927247334e-02
1.085595635944245487e+03	2.682812893885815897e-01	1.678058469006865061e-01	2.448720750833161541e-01	1.474844347116885113e-01	7.086258570849883476e-02	2.792093321799996725e-02	7.277283498912706650e-02
1.087046967008342108e+03	2.680512491946031028e-01	1.676533925844473083e-01	2.450356680779822161e-01	1.475819881213307205e-01	7.090329499899709897e-02	2.794163035371093756e-02	7.283277666882730095e-02
1.088498298072438729e+03	2.678216019075180809e-01	1.675011987001610581e-01	2.451989729793841444e-01	1.476793690506789103e-01	7.094393687399547233e-02	2.796229805806181579e-02	7.289262243009918263e-02
1.089949629136535123e+03	2.675923468555945761e-01	1.673492648023903462e-01	2.453619902830187771e-01	1.477765778230759053e-01	7.098451144264254775e-02	2.798293637865975625e-02	7.295237241451672794e-02
1.091400960200631971e+03	2.673634833682489997e-01	1.671975904464621798e-01	2.455247204835345198e-01	1.478736147611951768e-01	7.102501881392642158e-02	2.800354536302954514e-02	7.301202676350179721e-02
1.092852291264728365e+03	2.671350107760439019e-01	1.670461751884665946e-01	2.456871640747330388e-01	1.479704801870424524e-01	7.106545909667484617e-02	2.802412505861373235e-02	7.307158561832408084e-02
1.094303622328825213e+03	2.669069284106862505e-01	1.668950185852554058e-01	2.458493215495705375e-01	1.480671744219574093e-01	7.110583239955532708e-02	2.804467551277279799e-02	7.313104912010090497e-02
1.095754953392921607e+03	2.666792356050254331e-01	1.667441201944406537e-01	2.460111934001593115e-01	1.481636977866152560e-01	7.114613883107533121e-02	2.806519677278528774e-02	7.319041740979725930e-02
1.097206284457018228e+03	2.664519316930516468e-01	1.665934795743935493e-01	2.461727801177691355e-01	1.482600506010282870e-01	7.118637849958234232e-02	2.808568888584797932e-02	7.324969062822561661e-02
1.098657615521114849e+03	2.662250160098933449e-01	1.664430962842429196e-01	2.463340821928286795e-01	1.483562331845476312e-01	7.122655151326413858e-02	2.810615189907602132e-02	7.330886891604589117e-02
1.100108946585211470e+03	2.659984878918156825e-01	1.662929698838739034e-01	2.464951001149270626e-01	1.484522458558647229e-01	7.126665798014882036e-02	2.812658585950308932e-02	7.336795241376532772e-02
1.101560277649308091e+03	2.657723466762189068e-01	1.661430999339267023e-01	2.466558343728151026e-01	1.485480889330129395e-01	7.130669800810500447e-02	2.814699081408153503e-02	7.342694126173844593e-02
1.103011608713404712e+03	2.655465917016359145e-01	1.659934859957951925e-01	2.468162854544069806e-01	1.486437627333692113e-01	7.134667170484199072e-02	2.816736680968252859e-02	7.348583560016690164e-02
1.104462939777501106e+03	2.653212223077304754e-01	1.658441276316256208e-01	2.469764538467814075e-01	1.487392675736555758e-01	7.138657917790985907e-02	2.818771389309621817e-02	7.354463556909947297e-02
1.105914270841597499e+03	2.650962378352956783e-01	1.656950244043152443e-01	2.471363400361833440e-01	1.488346037699408431e-01	7.142642053469967778e-02	2.820803211103187561e-02	7.360334130843192157e-02
1.107365601905694348e+03	2.648716376262515992e-01	1.655461758775111092e-01	2.472959445080251673e-01	1.489297716376421221e-01	7.146619588244360055e-02	2.822832151011804569e-02	7.366195295790693709e-02
1.108816932969790741e+03	2.646474210236436364e-01	1.653975816156086076e-01	2.474552677468882800e-01	1.490247714915262922e-01	7.150590532821506085e-02	2.824858213690268488e-02	7.372047065711405389e-02
1.110268264033887590e+03	2.644235873716405116e-01	1.652492411837502007e-01	2.476143102365243875e-01	1.491196036457117235e-01	7.154554897892889676e-02	2.826881403785332439e-02	7.377889454548959558e-02
1.111719595097984211e+03	2.642001360155323275e-01	1.651011541478241695e-01	2.477730724598570244e-01	1.492142684136698594e-01	7.158512694134148979e-02	2.828901725935720896e-02	7.383722476231655008e-02
1.113170926162080832e+03	2.639770663017288466e-01	1.649533200744632278e-01	2.479315548989829143e-01	1.493087661082266315e-01	7.162463932205098693e-02	2.830919184772144256e-02	7.389546144672456962e-02
1.114622257226177226e+03	2.637543775777574928e-01	1.648057385310432998e-01	2.480897580351734133e-01	1.494030970415641257e-01	7.166408622749735613e-02	2.832933784917314110e-02	7.395360473768979037e-02
1.116073588290273847e+03	2.635320691922614089e-01	1.646584090856821336e-01	2.482476823488758977e-01	1.494972615252220527e-01	7.170346776396259447e-02	2.834945530985957807e-02	7.401165477403487403e-02
1.117524919354370468e+03	2.633101404949976798e-01	1.645113313072380790e-01	2.484053283197152628e-01	1.495912598700994411e-01	7.174278403757089473e-02	2.836954427584832336e-02	7.406961169442885518e-02
1.118976250418467089e+03	2.630885908368354453e-01	1.643645047653086999e-01	2.485626964264951166e-01	1.496850923864559979e-01	7.178203515428877024e-02	2.838960479312740981e-02	7.412747563738709966e-02
1.120427581482563710e+03	2.628674195697539018e-01	1.642179290302295258e-01	2.487197871471994726e-01	1.497787593839137732e-01	7.182122121992520758e-02	2.840963690760545113e-02	7.418524674127126295e-02
1.121878912546660331e+03	2.626466260468405256e-01	1.640716036730728300e-01	2.488766009589938599e-01	1.498722611714585762e-01	7.186034234013183308e-02	2.842964066511180846e-02	7.424292514428915135e-02
1.123330243610756725e+03	2.624262096222890750e-01	1.639255282656462420e-01	2.490331383382269614e-01	1.499655980574416958e-01	7.189939862040309326e-02	2.844961611139673260e-02	7.430051098449476366e-02
1.124781574674853118e+03	2.622061696513980356e-01	1.637797023804914986e-01	2.491893997604318900e-01	1.500587703495812053e-01	7.193839016607636583e-02	2.846956329213149589e-02	7.435800439978811072e-02
1.126232905738949967e+03	2.619865054905683444e-01	1.636341255908831671e-01	2.493453857003275764e-01	1.501517783549636276e-01	7.197731708233212622e-02	2.848948225290855868e-02	7.441540552791525709e-02
1.127684236803046360e+03	2.617672164973016691e-01	1.634887974708273684e-01	2.495010966318202128e-01	1.502446223800454339e-01	7.201617947419412802e-02	2.850937303924169081e-02	7.447271450646818225e-02
1.129135567867143209e+03	2.615483020301986872e-01	1.633437175950605003e-01	2.496565330280046124e-01	1.503373027306544596e-01	7.205497744652958336e-02	2.852923569656613464e-02	7.452993147288472509e-02
1.130586898931239830e+03	2.613297614489570320e-01	1.631988855390479332e-01	2.498116953611656532e-01	1.504298197119914859e-01	7.209371110404923233e-02	2.854907027023874042e-02	7.458705656444859777e-02
1.132038229995336451e+03	2.611115941143696273e-01	1.630543008789827608e-01	2.499665841027795821e-01	1.505221736286317946e-01	7.213238055130757886e-02	2.856887680553810496e-02	7.464408991828921924e-02
1.133489561059432845e+03	2.608937993883225781e-01	1.629099631917845792e-01	2.501211997235154305e-01	1.506143647845265554e-01	7.217098589270304343e-02	2.858865534766473135e-02	7.470103167138177069e-02
1.134940892123529466e+03	2.606763766337934496e-01	1.627658720550981819e-01	2.502755426932363747e-01	1.507063934830043528e-01	7.220952723247807403e-02	2.860840594174115029e-02	7.475788196054705681e-02
1.136392223187626087e+03	2.604593252148494908e-01	1.626220270472921725e-01	2.504296134810012342e-01	1.507982600267727680e-01	7.224800467471936827e-02	2.862812863281208320e-02	7.481464092245147801e-02
1.137843554251722708e+03	2.602426444966457475e-01	1.624784277474579375e-01	2.505834125550657210e-01	1.508899647179196835e-01	7.228641832335798434e-02	2.864782346584456713e-02	7.487130869360700269e-02
1.139294885315819101e+03	2.600263338454230633e-01	1.623350737354082585e-01	2.507369403828837995e-01	1.509815078579148928e-01	7.232476828216952147e-02	2.866749048572811431e-02	7.492788541037107009e-02
1.140746216379915950e+03	2.598103926285063037e-01	1.621919645916760078e-01	2.508901974311090743e-01	1.510728897476115717e-01	7.236305465477428644e-02	2.868712973727483712e-02	7.498437120894659025e-02
1.142197547444012343e+03	2.595948202143027461e-01	1.620490998975129826e-01	2.510431841655962892e-01	1.511641106872477491e-01	7.240127754463746013e-02	2.870674126521960412e-02	7.504076622538180530e-02
1.143648878508108737e+03	2.593796159722999151e-01	1.619064792348886284e-01	2.511959010514025481e-01	1.512551709764476948e-01	7.243943705506922237e-02	2.872632511422017546e-02	7.509707059557040043e-02
1.145100209572205586e+03	2.591647792730639166e-01	1.617641021864888451e-01	2.513483485527887029e-01	1.513460709142234184e-01	7.247753328922496019e-02	2.874588132885734157e-02	7.515328445525128187e-02
1.146551540636302207e+03	2.589503094882376621e-01	1.616219683357146275e-01	2.515005271332208525e-01	1.514368107989761958e-01	7.251556635010540652e-02	2.876540995363506201e-02	7.520940794000864627e-02
1.148002871700398828e+03	2.587362059905388145e-01	1.614800772666809270e-01	2.516524372553714528e-01	1.515273909284979847e-01	7.255353634055680678e-02	2.878491103298062154e-02	7.526544118527186966e-02
1.149454202764495449e+03	2.585224681537581781e-01	1.613384285642152915e-01	2.518040793811208156e-01	1.516178115999728127e-01	7.259144336327108538e-02	2.880438461124474811e-02	7.532138432631553526e-02
1.150905533828591842e+03	2.583090953527577005e-01	1.611970218138567834e-01	2.519554539715586072e-01	1.517080731099782753e-01	7.262928752078601224e-02	2.882383073270176552e-02	7.537723749825932240e-02
1.152356864892688463e+03	2.580960869634688626e-01	1.610558566018546189e-01	2.521065614869847926e-01	1.517981757544870081e-01	7.266706891548535552e-02	2.884324944154973216e-02	7.543300083606800654e-02
1.153808195956785084e+03	2.578834423628906247e-01	1.609149325151670584e-01	2.522574023869116333e-01	1.518881198288681011e-01	7.270478764959904805e-02	2.886264078191058680e-02	7.548867447455140378e-02
1.155259527020881706e+03	2.576711609290878169e-01	1.607742491414599906e-01	2.524079771300641872e-01	1.519779056278884599e-01	7.274244382520336782e-02	2.888200479783026992e-02	7.554425854836435694e-02
1.156710858084978327e+03	2.574592420411890847e-01	1.606338060691058778e-01	2.525582861743825291e-01	1.520675334457143590e-01	7.278003754422106286e-02	2.890134153327887645e-02	7.559975319200663846e-02
1.158162189149074720e+03	2.572476850793854464e-01	1.604936028871823961e-01	2.527083299770224167e-01	1.521570035759127748e-01	7.281756890842157326e-02	2.892065103215079799e-02	7.565515853982299199e-02
1.159613520213171569e+03	2.570364894249280163e-01	1.603536391854713805e-01	2.528581089943570115e-01	1.522463163114528284e-01	7.285503801942116997e-02	2.893993333826484077e-02	7.571047472600304917e-02
1.161064851277267962e+03	2.568256544601265623e-01	1.602139145544574927e-01	2.530076236819781554e-01	1.523354719447072569e-01	7.289244497868310746e-02	2.895918849536438522e-02	7.576570188458127408e-02
1.162516182341364356e+03	2.566151795683477288e-01	1.600744285853269444e-01	2.531568744946975924e-01	1.524244707674537180e-01	7.292978988751781799e-02	2.897841654711752132e-02	7.582084014943701877e-02
1.163967513405461204e+03	2.564050641340128167e-01	1.599351808699663591e-01	2.533058618865483003e-01	1.525133130708762885e-01	7.296707284708303654e-02	2.899761753711717349e-02	7.587588965429442611e-02
1.165418844469557826e+03	2.561953075425963400e-01	1.597961710009616620e-01	2.534545863107859343e-01	1.526019991455668245e-01	7.300429395838402280e-02	2.901679150888123934e-02	7.593085053272238816e-02
1.166870175533654447e+03	2.559859091806243048e-01	1.596573985715966093e-01	2.536030482198901592e-01	1.526905292815263770e-01	7.304145332227365839e-02	2.903593850585274236e-02	7.598572291813454616e-02
1.168321506597751068e+03	2.557768684356720446e-01	1.595188631758518716e-01	2.537512480655659819e-01	1.527789037681666073e-01	7.307855103945269659e-02	2.905505857139994985e-02	7.604050694378926278e-02
1.169772837661847461e+03	2.555681846963628878e-01	1.593805644084035633e-01	2.538991862987448611e-01	1.528671228943111471e-01	7.311558721046985954e-02	2.907415174881653255e-02	7.609520274278960827e-02
1.171224168725944082e+03	2.553598573523658821e-01	1.592425018646222434e-01	2.540468633695863176e-01	1.529551869481969306e-01	7.315256193572206023e-02	2.909321808132166523e-02	7.614981044808329103e-02
1.172675499790040703e+03	2.551518857943945173e-01	1.591046751405715831e-01	2.541942797274790444e-01	1.530430962174758047e-01	7.318947531545452745e-02	2.911225761206019669e-02	7.620433019246267148e-02
1.174126830854137097e+03	2.549442694142044497e-01	1.589670838330072555e-01	2.543414358210425164e-01	1.531308509892156389e-01	7.322632744976098618e-02	2.913127038410277120e-02	7.625876210856473436e-02
1.175578161918233945e+03	2.547370076045921139e-01	1.588297275393756869e-01	2.544883320981278785e-01	1.532184515499017963e-01	7.326311843858383799e-02	2.915025644044596034e-02	7.631310632887103318e-02
1.177029492982330339e+03	2.545300997593927805e-01	1.586926058578128629e-01	2.546349690058196669e-01	1.533058981854385772e-01	7.329984838171432759e-02	2.916921582401240179e-02	7.636736298570773185e-02
1.178480824046426733e+03	2.543235452734787794e-01	1.585557183871431630e-01	2.547813469904367523e-01	1.533931911811505233e-01	7.333651737879270938e-02	2.918814857765093806e-02	7.642153221124550755e-02
1.179932155110523581e+03	2.541173435427577232e-01	1.584190647268780838e-01	2.549274664975340055e-01	1.534803308217838058e-01	7.337312552930841392e-02	2.920705474413674840e-02	7.647561413749962012e-02
1.181383486174620202e+03	2.539114939641708979e-01	1.582826444772151842e-01	2.550733279719033519e-01	1.535673173915075018e-01	7.340967293260020066e-02	2.922593436617147364e-02	7.652960889632981489e-02
1.182834817238716823e+03	2.537059959356911532e-01	1.581464572390368639e-01	2.552189318575751598e-01	1.536541511739151489e-01	7.344615968785637994e-02	2.924478748638336539e-02	7.658351661944036437e-02
1.184286148302813444e+03	2.535008488563215701e-01	1.580105026139090596e-01	2.553642785978196272e-01	1.537408324520258274e-01	7.348258589411491015e-02	2.926361414732741792e-02	7.663733743837999879e-02
1.185737479366910065e+03	2.532960521260934073e-01	1.578747802040802728e-01	2.555093686351478932e-01	1.538273615082857704e-01	7.351895165026363366e-02	2.928241439148548952e-02	7.669107148454194778e-02
1.187188810431006686e+03	2.530916051460644911e-01	1.577392896124801824e-01	2.556542024113135358e-01	1.539137386245695016e-01	7.355525705504041556e-02	2.930118826126644482e-02	7.674471888916388485e-02
1.188640141495103080e+03	2.528875073183172728e-01	1.576040304427185901e-01	2.557987803673137939e-01	1.539999640821812787e-01	7.359150220703331025e-02	2.931993579900628658e-02	7.679827978332795513e-02
1.190091472559199701e+03	2.526837580459572741e-01	1.574690022990842264e-01	2.559431029433906768e-01	1.540860381618565089e-01	7.362768720468075567e-02	2.933865704696828405e-02	7.685175429796069213e-02
1.191542803623296322e+03	2.524803567331113108e-01	1.573342047865435578e-01	2.560871705790326858e-01	1.541719611437629422e-01	7.366381214627169827e-02	2.935735204734311529e-02	7.690514256383311487e-02
1.192994134687392716e+03	2.522773027849256611e-01	1.571996375107396204e-01	2.562309837129757017e-01	1.542577333075019763e-01	7.369987712994582885e-02	2.937602084224898852e-02	7.695844471156061684e-02
1.194445465751489564e+03	2.520745956075644556e-01	1.570653000779908548e-01	2.563745427832043178e-01	1.543433549321101828e-01	7.373588225369370752e-02	2.939466347373177746e-02	7.701166087160303542e-02
1.195896796815585958e+03	2.518722346082077901e-01	1.569311920952899397e-01	2.565178482269535043e-01	1.544288262960603619e-01	7.377182761535694411e-02	2.941327998376516012e-02	7.706479117426459635e-02
1.197348127879682352e+03	2.516702191950501155e-01	1.567973131703027101e-01	2.566609004807093308e-01	1.545141476772631250e-01	7.380771331262835078e-02	2.943187041425073674e-02	7.711783574969391375e-02
1.198799458943779200e+03	2.514685487772984063e-01	1.566636629113667967e-01	2.568036999802106868e-01	1.545993193530680876e-01	7.384353944305219186e-02	2.945043480701817207e-02	7.717079472788401784e-02
1.200250790007875821e+03	2.512672227651704948e-01	1.565302409274906825e-01	2.569462471604502807e-01	1.546843416002650629e-01	7.387930610402426712e-02	2.946897320382532021e-02	7.722366823867231334e-02
1.201702121071972442e+03	2.510662405698932953e-01	1.563970468283523430e-01	2.570885424556761389e-01	1.547692146950856162e-01	7.391501339279209215e-02	2.948748564635835998e-02	7.727645641174060720e-02
1.203153452136069063e+03	2.508656016037010827e-01	1.562640802242983018e-01	2.572305862993927716e-01	1.548539389132041477e-01	7.395066140645513431e-02	2.950597217623191978e-02	7.732915937661509476e-02
1.204604783200165684e+03	2.506653052798338832e-01	1.561313407263424102e-01	2.573723791243623937e-01	1.549385145297393074e-01	7.398625024196492372e-02	2.952443283498921295e-02	7.738177726266633194e-02
1.206056114264262078e+03	2.504653510125355864e-01	1.559988279461645144e-01	2.575139213626063683e-01	1.550229418192552722e-01	7.402177999612527537e-02	2.954286766410216258e-02	7.743431019910930468e-02
1.207507445328358699e+03	2.502657382170524469e-01	1.558665414961095674e-01	2.576552134454061505e-01	1.551072210557630504e-01	7.405725076559240005e-02	2.956127670497153345e-02	7.748675831500334565e-02
1.208958776392455093e+03	2.500664663096310858e-01	1.557344809891862969e-01	2.577962558033049523e-01	1.551913525127217586e-01	7.409266264687514036e-02	2.957965999892706380e-02	7.753912173925221751e-02
1.210410107456551941e+03	2.498675347075169639e-01	1.556026460390661781e-01	2.579370488661088534e-01	1.552753364630398702e-01	7.412801573633506780e-02	2.959801758722759024e-02	7.759140060060404354e-02
1.211861438520648335e+03	2.496689428289526613e-01	1.554710362600822959e-01	2.580775930628877446e-01	1.553591731790765207e-01	7.416331013018677421e-02	2.961634951106118310e-02	7.764359502765137699e-02
1.213312769584745183e+03	2.494706900931761839e-01	1.553396512672280405e-01	2.582178888219772150e-01	1.554428629326428390e-01	7.419854592449791342e-02	2.963465581154525741e-02	7.769570514883114565e-02
1.214764100648841804e+03	2.492727759204191595e-01	1.552084906761561911e-01	2.583579365709791631e-01	1.555264059950031696e-01	7.423372321518949268e-02	2.965293652972672209e-02	7.774773109242472113e-02
1.216215431712937971e+03	2.490751997319052835e-01	1.550775541031776117e-01	2.584977367367635170e-01	1.556098026368762932e-01	7.426884209803591430e-02	2.967119170658210139e-02	7.779967298655787733e-02
1.217666762777034819e+03	2.488779609498484868e-01	1.549468411652601685e-01	2.586372897454693454e-01	1.556930531284368147e-01	7.430390266866528093e-02	2.968942138301766329e-02	7.785153095920083199e-02
1.219118093841131440e+03	2.486810589974513264e-01	1.548163514800276475e-01	2.587765960225060224e-01	1.557761577393163288e-01	7.433890502255949273e-02	2.970762559986953738e-02	7.790330513816824676e-02
1.220569424905228061e+03	2.484844932989032917e-01	1.546860846657585331e-01	2.589156559925545054e-01	1.558591167386047527e-01	7.437384925505444166e-02	2.972580439790385720e-02	7.795499565111922713e-02
1.222020755969324682e+03	2.482882632793790845e-01	1.545560403413850092e-01	2.590544700795687216e-01	1.559419303948514635e-01	7.440873546134016414e-02	2.974395781781686773e-02	7.800660262555732249e-02
1.223472087033421303e+03	2.480923683650369249e-01	1.544262181264917100e-01	2.591930387067765129e-01	1.560245989760667140e-01	7.444356373646109082e-02	2.976208590023507114e-02	7.805812618883056775e-02
1.224923418097517697e+03	2.478968079830169424e-01	1.542966176413146373e-01	2.593313622966813004e-01	1.561071227497227987e-01	7.447833417531608824e-02	2.978018868571534819e-02	7.810956646813149717e-02
1.226374749161614318e+03	2.477015815614393990e-01	1.541672385067400786e-01	2.594694412710629727e-01	1.561895019827552467e-01	7.451304687265876414e-02	2.979826621474508316e-02	7.816092359049711669e-02
1.227826080225710712e+03	2.475066885294030516e-01	1.540380803443034130e-01	2.596072760509792743e-01	1.562717369415641544e-01	7.454770192309755072e-02	2.981631852774228181e-02	7.821219768280900098e-02
1.229277411289807560e+03	2.473121283169834872e-01	1.539091427761880571e-01	2.597448670567669704e-01	1.563538278920153790e-01	7.458229942109595445e-02	2.983434566505571706e-02	7.826338887179322412e-02
1.230728742353903954e+03	2.471179003552314846e-01	1.537804254252243263e-01	2.598822147080430689e-01	1.564357750994417873e-01	7.461683946097266706e-02	2.985234766696502617e-02	7.831449728402041510e-02
1.232180073418000802e+03	2.469240040761712940e-01	1.536519279148882977e-01	2.600193194237062633e-01	1.565175788286445047e-01	7.465132213690177376e-02	2.987032457368085994e-02	7.836552304590577167e-02
1.233631404482097196e+03	2.467304389127989717e-01	1.535236498693007545e-01	2.601561816219379875e-01	1.565992393438941088e-01	7.468574754291290585e-02	2.988827642534500409e-02	7.841646628370908811e-02
1.235082735546193817e+03	2.465372042990807144e-01	1.533955909132260209e-01	2.602928017202035260e-01	1.566807569089318231e-01	7.472011577289142115e-02	2.990620326203049031e-02	7.846732712353479688e-02
1.236534066610290438e+03	2.463442996699512777e-01	1.532677506720709071e-01	2.604291801352535130e-01	1.567621317869708764e-01	7.475442692057859828e-02	2.992410512374173853e-02	7.851810569133191309e-02
1.237985397674387059e+03	2.461517244613122268e-01	1.531401287718835436e-01	2.605653172831249309e-01	1.568433642406975581e-01	7.478868107957181710e-02	2.994198205041466443e-02	7.856880211289410387e-02
1.239436728738483680e+03	2.459594781100303273e-01	1.530127248393522987e-01	2.607012135791423879e-01	1.569244545322725504e-01	7.482287834332466969e-02	2.995983408191682171e-02	7.861941651385975782e-02
1.240888059802580301e+03	2.457675600539358796e-01	1.528855385018047519e-01	2.608368694379194497e-01	1.570054029233320658e-01	7.485701880514721018e-02	2.997766125804750270e-02	7.866994901971192944e-02
1.242339390866676695e+03	2.455759697318210533e-01	1.527585693872064443e-01	2.609722852733597498e-01	1.570862096749890968e-01	7.489110255820609352e-02	2.999546361853788756e-02	7.872039975577842241e-02
1.243790721930773088e+03	2.453847065834382779e-01	1.526318171241599631e-01	2.611074614986583220e-01	1.571668750478346088e-01	7.492512969552475588e-02	3.001324120305115181e-02	7.877076884723177574e-02
1.245242052994869937e+03	2.451937700494985217e-01	1.525052813419036368e-01	2.612423985263024884e-01	1.572473993019387339e-01	7.495910030998362283e-02	3.003099405118258430e-02	7.882105641908930538e-02
1.246693384058966330e+03	2.450031595716697930e-01	1.523789616703106475e-01	2.613770967680734136e-01	1.573277826968520199e-01	7.499301449432019262e-02	3.004872220245972947e-02	7.887126259621311808e-02
1.248144715123063179e+03	2.448128745925753635e-01	1.522528577398877814e-01	2.615115566350472709e-01	1.574080254916065125e-01	7.502687234112929981e-02	3.006642569634249834e-02	7.892138750331018082e-02
1.249596046187159800e+03	2.446229145557922424e-01	1.521269691817744296e-01	2.616457785375963518e-01	1.574881279447170324e-01	7.506067394286326799e-02	3.008410457222328652e-02	7.897143126493232079e-02
1.251047377251256421e+03	2.444332789058494548e-01	1.520012956277414784e-01	2.617797628853902325e-01	1.575680903141824241e-01	7.509441939183207626e-02	3.010175886942710252e-02	7.902139400547623926e-02
1.252498708315352815e+03	2.442439670882264324e-01	1.518758367101902262e-01	2.619135100873970501e-01	1.576479128574865551e-01	7.512810878020352578e-02	3.011938862721168925e-02	7.907127584918358099e-02
1.253950039379449436e+03	2.440549785493514034e-01	1.517505920621512461e-01	2.620470205518847240e-01	1.577275958315996485e-01	7.516174220000343409e-02	3.013699388476764537e-02	7.912107692014093419e-02
1.255401370443546057e+03	2.438663127365998107e-01	1.516255613172833860e-01	2.621802946864221773e-01	1.578071394929794757e-01	7.519531974311582934e-02	3.015457468121854334e-02	7.917079734227987220e-02
1.256852701507642678e+03	2.436779690982925906e-01	1.515007441098726315e-01	2.623133328978803913e-01	1.578865440975724121e-01	7.522884150128303360e-02	3.017213105562106118e-02	7.922043723937698123e-02
1.258304032571739299e+03	2.434899470836946189e-01	1.513761400748311059e-01	2.624461355924336270e-01	1.579658099008147132e-01	7.526230756610596817e-02	3.018966304696508660e-02	7.926999673505395749e-02
1.259755363635835920e+03	2.433022461430130734e-01	1.512517488476958771e-01	2.625787031755608680e-01	1.580449371576335971e-01	7.529571802904423683e-02	3.020717069417384881e-02	7.931947595277752394e-02
1.261206694699932314e+03	2.431148657273959068e-01	1.511275700646279307e-01	2.627110360520467092e-01	1.581239261224484938e-01	7.532907298141633401e-02	3.022465403610404000e-02	7.936887501585956906e-02
1.262658025764028707e+03	2.429278052889301265e-01	1.510036033624111429e-01	2.628431346259826884e-01	1.582027770491721552e-01	7.536237251439982521e-02	3.024211311154593324e-02	7.941819404745713296e-02
1.264109356828125556e+03	2.427410642806401564e-01	1.508798483784511701e-01	2.629749993007684528e-01	1.582814901912118211e-01	7.539561671903151352e-02	3.025954795922350046e-02	7.946743317057244904e-02
1.265560687892221949e+03	2.425546421564863664e-01	1.507563047507743670e-01	2.631066304791128130e-01	1.583600658014703844e-01	7.542880568620757842e-02	3.027695861779452699e-02	7.951659250805299950e-02
1.267012018956318798e+03	2.423685383713633512e-01	1.506329721180267589e-01	2.632380285630351868e-01	1.584385041323475574e-01	7.546193950668382555e-02	3.029434512585074679e-02	7.956567218259158469e-02
1.268463350020415419e+03	2.421827523810984595e-01	1.505098501194729876e-01	2.633691939538664872e-01	1.585168054357410095e-01	7.549501827107581164e-02	3.031170752191795006e-02	7.961467231672626765e-02
1.269914681084511813e+03	2.419972836424501006e-01	1.503869383949951455e-01	2.635001270522506212e-01	1.585949699630474774e-01	7.552804206985903879e-02	3.032904584445609772e-02	7.966359303284052673e-02
1.271366012148608434e+03	2.418121316131060516e-01	1.502642365850918316e-01	2.636308282581453777e-01	1.586729979651639588e-01	7.556101099336913485e-02	3.034636013185945669e-02	7.971243445316318621e-02
1.272817343212705055e+03	2.416272957516820974e-01	1.501417443308770139e-01	2.637612979708237604e-01	1.587508896924888224e-01	7.559392513180197837e-02	3.036365042245670401e-02	7.976119669976855509e-02
1.274268674276801676e+03	2.414427755177202817e-01	1.500194612740790578e-01	2.638915365888751530e-01	1.588286453949230292e-01	7.562678457521396225e-02	3.038091675451105519e-02	7.980987989457644094e-02
1.275720005340898297e+03	2.412585703716873531e-01	1.498973870570395606e-01	2.640215445102063185e-01	1.589062653218710763e-01	7.565958941352209088e-02	3.039815916622036485e-02	7.985848415935214994e-02
1.277171336404994690e+03	2.410746797749732384e-01	1.497755213227123794e-01	2.641513221320428428e-01	1.589837497222423013e-01	7.569233973650420222e-02	3.041537769571726890e-02	7.990700961570662564e-02
1.278622667469091539e+03	2.408911031898894051e-01	1.496538637146626050e-01	2.642808698509300780e-01	1.590610988444519369e-01	7.572503563379913427e-02	3.043257238106928525e-02	7.995545638509637953e-02
1.280073998533187932e+03	2.407078400796672513e-01	1.495324138770653399e-01	2.644101880627344192e-01	1.591383129364223603e-01	7.575767719490687779e-02	3.044974326027893863e-02	8.000382458882361603e-02
1.281525329597284326e+03	2.405248899084565795e-01	1.494111714547048941e-01	2.645392771626445261e-01	1.592153922455838977e-01	7.579026450918875668e-02	3.046689037128387165e-02	8.005211434803628789e-02
1.282976660661381175e+03	2.403422521413240975e-01	1.492901360929735355e-01	2.646681375451721552e-01	1.592923370188763510e-01	7.582279766586763614e-02	3.048401375195697663e-02	8.010032578372808243e-02
1.284427991725477568e+03	2.401599262442516702e-01	1.491693074378705741e-01	2.647967696041537145e-01	1.593691475027497750e-01	7.585527675402807535e-02	3.050111344010648581e-02	8.014845901673851858e-02
1.285879322789574417e+03	2.399779116841348481e-01	1.490486851360012244e-01	2.649251737327512068e-01	1.594458239431657820e-01	7.588770186261652173e-02	3.051818947347610667e-02	8.019651416775297470e-02
1.287330653853671038e+03	2.397962079287814241e-01	1.489282688345756611e-01	2.650533503234536181e-01	1.595223665855985962e-01	7.592007308044144975e-02	3.053524188974514331e-02	8.024449135730274407e-02
1.288781984917767431e+03	2.396148144469096297e-01	1.488080581814079373e-01	2.651812997680776385e-01	1.595987756750361919e-01	7.595239049617355520e-02	3.055227072652860060e-02	8.029239070576511816e-02
1.290233315981864052e+03	2.394337307081467470e-01	1.486880528249148736e-01	2.653090224577691059e-01	1.596750514559813205e-01	7.598465419834594947e-02	3.056927602137729863e-02	8.034021233336338663e-02
