1.001418434226643626e+03	2.822839881662188022e-01	1.771890767154730428e-01	2.348660291393449562e-01	1.415031961318941600e-01	6.837705627623245908e-02	2.666966002812935430e-02	6.911099354260738514e-02
1.002869765290740247e+03	2.820300998263630676e-01	1.770206375317299186e-01	2.350472122002910669e-01	1.416112430502800279e-01	6.842183589385429643e-02	2.669229533809765534e-02	6.917667615928406455e-02
1.004321096354836754e+03	2.817766450585965643e-01	1.768524860600503290e-01	2.352280769910695124e-01	1.417190974982246998e-01	6.846654132353538480e-02	2.671489886443919465e-02	6.924225420398437414e-02
1.005772427418933376e+03	2.815236231219252483e-01	1.766846218081459530e-01	2.354086240587071055e-01	1.418267598413104902e-01	6.851117268445243436e-02	2.673747065798968633e-02	6.930772782736922821e-02
1.007223758483029997e+03	2.812710332766162891e-01	1.765170442845782617e-01	2.355888539492945466e-01	1.419342304443415859e-01	6.855573009561477527e-02	2.676001076949594340e-02	6.937309717995875091e-02
1.008675089547126618e+03	2.810188747841962931e-01	1.763497529987570756e-01	2.357687672079880337e-01	1.420415096713461001e-01	6.860021367586445484e-02	2.678251924961603386e-02	6.943836241213209581e-02
1.010126420611223239e+03	2.807671469074492498e-01	1.761827474609389266e-01	2.359483643790108442e-01	1.421485978855780985e-01	6.864462354387630694e-02	2.680499614891947505e-02	6.950352367412714061e-02
1.011577751675319632e+03	2.805158489104145336e-01	1.760160271822253375e-01	2.361276460056548898e-01	1.422554954495194868e-01	6.868895981815802132e-02	2.682744151788738624e-02	6.956858111604033446e-02
1.013029082739416367e+03	2.802649800583850159e-01	1.758495916745612397e-01	2.363066126302823533e-01	1.423622027248820365e-01	6.873322261705021308e-02	2.684985540691266215e-02	6.963353488782646206e-02
1.014480413803512761e+03	2.800145396179046786e-01	1.756834404507335023e-01	2.364852647943272157e-01	1.424687200726093561e-01	6.877741205872653363e-02	2.687223786630014641e-02	6.969838513929846324e-02
1.015931744867609382e+03	2.797645268567672816e-01	1.755175730243692389e-01	2.366636030382968936e-01	1.425750478528788889e-01	6.882152826119365685e-02	2.689458894626679808e-02	6.976313202012716930e-02
1.017383075931706003e+03	2.795149410440137538e-01	1.753519889099341977e-01	2.368416279017738213e-01	1.426811864251037454e-01	6.886557134229148724e-02	2.691690869694185126e-02	6.982777567984110867e-02
1.018834406995802851e+03	2.792657814499304170e-01	1.751866876227312075e-01	2.370193399234169496e-01	1.427871361479347845e-01	6.890954141969313218e-02	2.693919716836700937e-02	6.989231626782634044e-02
1.020285738059899245e+03	2.790170473460473199e-01	1.750216686788987341e-01	2.371967396409634388e-01	1.428928973792625012e-01	6.895343861090505455e-02	2.696145441049658045e-02	6.995675393332616288e-02
1.021737069123995752e+03	2.787687380051357411e-01	1.748569315954091319e-01	2.373738275912301576e-01	1.429984704762189140e-01	6.899726303326714216e-02	2.698368047319767149e-02	7.002108882544100243e-02
1.023188400188092373e+03	2.785208527012065782e-01	1.746924758900671171e-01	2.375506043101152376e-01	1.431038557951795909e-01	6.904101480395272161e-02	2.700587540625034449e-02	7.008532109312815006e-02
1.024639731252188767e+03	2.782733907095080728e-01	1.745283010815083524e-01	2.377270703325996548e-01	1.432090536917655366e-01	6.908469403996878033e-02	2.702803925934777612e-02	7.014945088520153915e-02
1.026091062316285615e+03	2.780263513065239778e-01	1.743644066891976707e-01	2.379032261927488956e-01	1.433140645208450803e-01	6.912830085815595271e-02	2.705017208209644156e-02	7.021347835033166229e-02
1.027542393380382237e+03	2.777797337699716151e-01	1.742007922334277703e-01	2.380790724237143441e-01	1.434188886365357629e-01	6.917183537518865888e-02	2.707227392401627061e-02	7.027740363704523818e-02
1.028993724444478858e+03	2.775335373787997661e-01	1.740374572353174665e-01	2.382546095577349476e-01	1.435235263922063631e-01	6.921529770757517408e-02	2.709434483454081083e-02	7.034122689372508674e-02
1.030445055508575479e+03	2.772877614131867841e-01	1.738744012168103592e-01	2.384298381261387711e-01	1.436279781404786460e-01	6.925868797165772583e-02	2.711638486301740439e-02	7.040494826860989319e-02
1.031896386572671872e+03	2.770424051545384847e-01	1.737116237006731401e-01	2.386047586593445791e-01	1.437322442332293615e-01	6.930200628361260495e-02	2.713839405870733384e-02	7.046856790979409702e-02
1.033347717636768493e+03	2.767974678854861481e-01	1.735491242104941767e-01	2.387793716868632232e-01	1.438363250215921041e-01	6.934525275945027656e-02	2.716037247078601294e-02	7.053208596522758667e-02
1.034799048700865114e+03	2.765529488898848531e-01	1.733869022706819307e-01	2.389536777372994192e-01	1.439402208559592000e-01	6.938842751501542172e-02	2.718232014834313232e-02	7.059550258271561629e-02
1.036250379764961508e+03	2.763088474528109240e-01	1.732249574064634590e-01	2.391276773383531895e-01	1.440439320859835115e-01	6.943153066598707623e-02	2.720423714038282606e-02	7.065881790991854206e-02
1.037701710829058356e+03	2.760651628605605423e-01	1.730632891438829424e-01	2.393013710168213348e-01	1.441474590605804351e-01	6.947456232787875552e-02	2.722612349582384170e-02	7.072203209435166948e-02
1.039153041893154750e+03	2.758218944006473050e-01	1.729018970098001595e-01	2.394747592985990992e-01	1.442508021279296226e-01	6.951752261603852401e-02	2.724797926349970326e-02	7.078514528338505918e-02
1.040604372957251599e+03	2.755790413618005030e-01	1.727407805318890155e-01	2.396478427086816410e-01	1.443539616354769239e-01	6.956041164564912005e-02	2.726980449215886393e-02	7.084815762424337415e-02
1.042055704021347992e+03	2.753366030339630677e-01	1.725799392386359876e-01	2.398206217711656152e-01	1.444569379299362188e-01	6.960322953172803917e-02	2.729159923046488995e-02	7.091106926400564392e-02
1.043507035085444613e+03	2.750945787082894611e-01	1.724193726593387099e-01	2.399930970092505889e-01	1.445597313572913045e-01	6.964597638912763122e-02	2.731336352699659589e-02	7.097388034960515346e-02
1.044958366149541234e+03	2.748529676771439001e-01	1.722590803241044743e-01	2.401652689452408174e-01	1.446623422627976163e-01	6.968865233253525304e-02	2.733509743024822858e-02	7.103659102782919343e-02
1.046409697213637855e+03	2.746117692340981353e-01	1.720990617638487041e-01	2.403371381005464380e-01	1.447647709909841984e-01	6.973125747647336559e-02	2.735680098862961623e-02	7.109920144531892139e-02
1.047861028277734476e+03	2.743709826739297863e-01	1.719393165102935661e-01	2.405087049956853573e-01	1.448670178856554247e-01	6.977379193529961721e-02	2.737847425046633851e-02	7.116171174856923687e-02
1.049312359341831097e+03	2.741306072926201209e-01	1.717798440959664164e-01	2.406799701502844446e-01	1.449690832898928861e-01	6.981625582320698242e-02	2.740011726399988606e-02	7.122412208392850386e-02
1.050763690405927491e+03	2.738906423873520013e-01	1.716206440541984957e-01	2.408509340830813084e-01	1.450709675460571946e-01	6.985864925422388683e-02	2.742173007738781323e-02	7.128643259759845363e-02
1.052215021470024112e+03	2.736510872565082741e-01	1.714617159191231810e-01	2.410215973119256838e-01	1.451726709957897599e-01	6.990097234221426259e-02	2.744331273870390803e-02	7.134864343563401823e-02
1.053666352534120733e+03	2.734119411996694948e-01	1.713030592256748474e-01	2.411919603537809043e-01	1.452741939800146209e-01	6.994322520087772888e-02	2.746486529593834477e-02	7.141075474394312228e-02
1.055117683598217127e+03	2.731732035176119844e-01	1.711446735095871752e-01	2.413620237247256217e-01	1.453755368389402780e-01	6.998540794374968899e-02	2.748638779699785067e-02	7.147276666828654423e-02
1.056569014662313975e+03	2.729348735123057756e-01	1.709865583073918727e-01	2.415317879399550560e-01	1.454766999120613580e-01	7.002752068420141363e-02	2.750788028970586538e-02	7.153467935427776370e-02
1.058020345726410369e+03	2.726969504869130034e-01	1.708287131564171502e-01	2.417012535137827156e-01	1.455776835381605294e-01	7.006956353544020744e-02	2.752934282180269018e-02	7.159649294738276715e-02
1.059471676790506763e+03	2.724594337457855175e-01	1.706711375947863318e-01	2.418704209596418131e-01	1.456784880553102790e-01	7.011153661050952002e-02	2.755077544094565456e-02	7.165820759291992303e-02
1.060923007854603611e+03	2.722223225944632174e-01	1.705138311614163293e-01	2.420392907900867363e-01	1.457791138008746046e-01	7.015344002228907083e-02	2.757217819470927575e-02	7.171982343605977361e-02
1.062374338918700232e+03	2.719856163396719428e-01	1.703567933960163372e-01	2.422078635167946303e-01	1.458795611115108470e-01	7.019527388349494634e-02	2.759355113058541142e-02	7.178134062182493780e-02
1.063825669982796853e+03	2.717493142893213642e-01	1.702000238390863340e-01	2.423761396505668131e-01	1.459798303231714389e-01	7.023703830667971104e-02	2.761489429598342274e-02	7.184275929508993075e-02
1.065277001046893474e+03	2.715134157525033731e-01	1.700435220319156671e-01	2.425441197013303296e-01	1.460799217711056530e-01	7.027873340423260173e-02	2.763620773823032700e-02	7.190407960058099734e-02
1.066728332110990095e+03	2.712779200394898615e-01	1.698872875165816643e-01	2.427118041781395064e-01	1.461798357898613787e-01	7.032035928837958305e-02	2.765749150457095726e-02	7.196530168287600115e-02
1.068179663175086489e+03	2.710428264617308347e-01	1.697313198359481357e-01	2.428791935891772558e-01	1.462795727132868706e-01	7.036191607118352787e-02	2.767874564216812189e-02	7.202642568640418852e-02
1.069630994239183110e+03	2.708081343318523571e-01	1.695756185336641519e-01	2.430462884417567970e-01	1.463791328745324694e-01	7.040340386454428667e-02	2.769997019810275032e-02	7.208745175544614692e-02
1.071082325303279504e+03	2.705738429636548315e-01	1.694201831541624070e-01	2.432130892423228774e-01	1.464785166060523225e-01	7.044482278019884025e-02	2.772116521937405959e-02	7.214838003413359679e-02
1.072533656367376352e+03	2.703399516721107232e-01	1.692650132426580245e-01	2.433795964964535485e-01	1.465777242396061886e-01	7.048617292972148007e-02	2.774233075289970346e-02	7.220921066644923891e-02
1.073984987431472746e+03	2.701064597733630057e-01	1.691101083451469755e-01	2.435458107088613600e-01	1.466767561062610470e-01	7.052745442452384994e-02	2.776346684551593905e-02	7.226994379622668496e-02
1.075436318495569594e+03	2.698733665847228291e-01	1.689554680084048577e-01	2.437117323833951077e-01	1.467756125363929576e-01	7.056866737585515414e-02	2.778457354397777246e-02	7.233057956715020775e-02
1.076887649559666215e+03	2.696406714246677438e-01	1.688010917799853683e-01	2.438773620230411110e-01	1.468742938596886705e-01	7.060981189480222686e-02	2.780565089495910455e-02	7.239111812275467184e-02
1.078338980623762609e+03	2.694083736128397577e-01	1.686469792082189723e-01	2.440427001299247944e-01	1.469728004051473469e-01	7.065088809228972644e-02	2.782669894505290439e-02	7.245155960642539472e-02
1.079790311687859230e+03	2.691764724700433931e-01	1.684931298422115420e-01	2.442077472053121034e-01	1.470711325010823356e-01	7.069189607908020478e-02	2.784771774077134804e-02	7.251190416139799422e-02
1.081241642751955851e+03	2.689449673182436329e-01	1.683395432318429696e-01	2.443725037496110308e-01	1.471692904751227826e-01	7.073283596577430166e-02	2.786870732854598853e-02	7.257215193075823578e-02
1.082692973816052472e+03	2.687138574805642000e-01	1.681862189277657516e-01	2.445369702623729491e-01	1.472672746542153799e-01	7.077370786281082793e-02	2.788966775472788429e-02	7.263230305744193538e-02
1.084144304880149093e+03	2.684831422812853363e-01	1.680331564814037115e-01	2.447011472422942480e-01	1.473650853646260861e-01	7.081451188046697376e-02	2.791059906558778295e-02	7.269235768423479294e-02
1.085595635944245487e+03	2.682528210458421936e-01	1.678803554449504187e-01	2.448650351872176945e-01	1.474627229319417088e-01	7.085524812885835022e-02	2.793150130731624284e-02	7.275231595377228133e-02
1.087046967008342108e+03	2.680228931008225568e-01	1.677278153713681053e-01	2.450286345941339594e-01	1.475601876810716806e-01	7.089591671793918359e-02	2.795237452602381684e-02	7.281217800853954925e-02
1.088498298072438729e+03	2.677933577739651794e-01	1.675755358143861118e-01	2.451919459591829775e-01	1.476574799362496138e-01	7.093651775750248190e-02	2.797321876774117033e-02	7.287194399087122687e-02
1.089949629136535123e+03	2.675642143941577289e-01	1.674235163284996109e-01	2.453549697776555016e-01	1.477546000210351596e-01	7.097705135718007652e-02	2.799403407841926511e-02	7.293161404295135652e-02
1.091400960200631971e+03	2.673354622914348999e-01	1.672717564689682468e-01	2.455177065439945183e-01	1.478515482583154794e-01	7.101751762644287203e-02	2.801482050392948772e-02	7.299118830681322612e-02
1.092852291264728365e+03	2.671071007969763045e-01	1.671202557918146647e-01	2.456801567517966356e-01	1.479483249703070213e-01	7.105791667460092942e-02	2.803557809006381255e-02	7.305066692433929976e-02
1.094303622328825213e+03	2.668791292431049733e-01	1.669690138538233726e-01	2.458423208938135818e-01	1.480449304785571019e-01	7.109824861080361880e-02	2.805630688253494751e-02	7.311005003726105123e-02
1.095754953392921607e+03	2.666515469632850244e-01	1.668180302125391867e-01	2.460041994619536765e-01	1.481413651039455992e-01	7.113851354403974425e-02	2.807700692697649020e-02	7.316933778715886683e-02
1.097206284457018228e+03	2.664243532921199420e-01	1.666673044262660663e-01	2.461657929472832740e-01	1.482376291666865908e-01	7.117871158313771041e-02	2.809767826894306667e-02	7.322853031546190661e-02
1.098657615521114849e+03	2.661975475653505230e-01	1.665168360540656978e-01	2.463271018400281787e-01	1.483337229863299356e-01	7.121884283676567506e-02	2.811832095391049446e-02	7.328762776344803498e-02
1.100108946585211470e+03	2.659711291198531558e-01	1.663666246557561068e-01	2.464881266295750051e-01	1.484296468817630221e-01	7.125890741343166024e-02	2.813893502727592491e-02	7.334663027224365417e-02
1.101560277649308091e+03	2.657450972936377664e-01	1.662166697919103819e-01	2.466488678044727323e-01	1.485254011712122679e-01	7.129890542148370480e-02	2.815952053435799227e-02	7.340553798282362097e-02
1.103011608713404712e+03	2.655194514258459870e-01	1.660669710238553698e-01	2.468093258524340916e-01	1.486209861722448400e-01	7.133883696911004491e-02	2.818007752039696293e-02	7.346435103601113570e-02
1.104462939777501106e+03	2.652941908567491569e-01	1.659175279136703152e-01	2.469695012603370377e-01	1.487164022017701814e-01	7.137870216433921111e-02	2.820060603055488460e-02	7.352306957247764507e-02
1.105914270841597499e+03	2.650693149277464911e-01	1.657683400241855287e-01	2.471293945142261084e-01	1.488116495760417324e-01	7.141850111504019494e-02	2.822110610991573551e-02	7.358169373274267566e-02
1.107365601905694348e+03	2.648448229813631927e-01	1.656194069189811102e-01	2.472890060993138128e-01	1.489067286106584009e-01	7.145823392892261539e-02	2.824157780348557009e-02	7.364022365717377838e-02
1.108816932969790741e+03	2.646207143612483992e-01	1.654707281623855331e-01	2.474483364999821855e-01	1.490016396205663118e-01	7.149790071353684384e-02	2.826202115619266819e-02	7.369865948598643135e-02
1.110268264033887590e+03	2.643969884121735725e-01	1.653223033194744507e-01	2.476073861997841186e-01	1.490963829200603608e-01	7.153750157627418449e-02	2.828243621288768078e-02	7.375700135924392886e-02
1.111719595097984211e+03	2.641736444800303341e-01	1.651741319560694199e-01	2.477661556814448052e-01	1.491909588227857131e-01	7.157703662436692982e-02	2.830282301834378261e-02	7.381524941685725649e-02
1.113170926162080832e+03	2.639506819118287440e-01	1.650262136387363188e-01	2.479246454268631827e-01	1.492853676417395248e-01	7.161650596488865206e-02	2.832318161725680752e-02	7.387340379858499395e-02
1.114622257226177226e+03	2.637281000556952471e-01	1.648785479347843752e-01	2.480828559171132375e-01	1.493796096892724135e-01	7.165590970475425869e-02	2.834351205424540110e-02	7.393146464403325957e-02
1.116073588290273847e+03	2.635058982608709521e-01	1.647311344122646681e-01	2.482407876324455587e-01	1.494736852770901236e-01	7.169524795072014511e-02	2.836381437385116638e-02	7.398943209265554377e-02
1.117524919354370468e+03	2.632840758777096335e-01	1.645839726399688785e-01	2.483984410522886710e-01	1.495675947162550257e-01	7.173452080938438891e-02	2.838408862053881654e-02	7.404730628375270907e-02
1.118976250418467089e+03	2.630626322576760101e-01	1.644370621874280125e-01	2.485558166552504222e-01	1.496613383171877254e-01	7.177372838718687476e-02	2.840433483869631362e-02	7.410508735647279577e-02
1.120427581482563710e+03	2.628415667533435807e-01	1.642904026249110971e-01	2.487129149191193989e-01	1.497549163896686464e-01	7.181287079040943322e-02	2.842455307263500042e-02	7.416277544981096648e-02
1.121878912546660331e+03	2.626208787183929583e-01	1.641439935234238201e-01	2.488697363208663971e-01	1.498483292428395841e-01	7.185194812517604890e-02	2.844474336658977046e-02	7.422037070260946445e-02
1.123330243610756725e+03	2.624005675076100386e-01	1.639978344547073641e-01	2.490262813366457550e-01	1.499415771852052048e-01	7.189096049745292982e-02	2.846490576471919637e-02	7.427787325355746095e-02
1.124781574674853118e+03	2.621806324768840568e-01	1.638519249912370190e-01	2.491825504417967407e-01	1.500346605246347109e-01	7.192990801304874338e-02	2.848504031110567561e-02	7.433528324119098585e-02
1.126232905738949967e+03	2.619610729832056450e-01	1.637062647062209608e-01	2.493385441108449396e-01	1.501275795683632008e-01	7.196879077761472732e-02	2.850514704975558311e-02	7.439260080389284435e-02
1.127684236803046360e+03	2.617418883846650002e-01	1.635608531735989746e-01	2.494942628175037258e-01	1.502203346229934178e-01	7.200760889664484243e-02	2.852522602459939965e-02	7.444982607989254764e-02
1.129135567867143209e+03	2.615230780404499966e-01	1.634156899680411223e-01	2.496497070346755665e-01	1.503129259944971374e-01	7.204636247547595296e-02	2.854527727949186799e-02	7.450695920726621568e-02
1.130586898931239830e+03	2.613046413108445210e-01	1.632707746649465219e-01	2.498048772344534652e-01	1.504053539882167501e-01	7.208505161928795146e-02	2.856530085821212817e-02	7.456400032393646626e-02
1.132038229995336451e+03	2.610865775572264180e-01	1.631261068404420145e-01	2.499597738881222664e-01	1.504976189088667871e-01	7.212367643310398091e-02	2.858529680446387014e-02	7.462094956767238718e-02
1.133489561059432845e+03	2.608688861420656591e-01	1.629816860713810267e-01	2.501143974661602098e-01	1.505897210605354752e-01	7.216223702179046240e-02	2.860526516187545873e-02	7.467780707608942525e-02
1.134940892123529466e+03	2.606515664289225098e-01	1.628375119353421274e-01	2.502687484382400962e-01	1.506816607466862079e-01	7.220073349005738661e-02	2.862520597400009317e-02	7.473457298664933079e-02
1.136392223187626087e+03	2.604346177824456432e-01	1.626935840106278619e-01	2.504228272732307858e-01	1.507734382701590437e-01	7.223916594245841094e-02	2.864511928431593552e-02	7.479124743666004660e-02
1.137843554251722708e+03	2.602180395683703629e-01	1.625499018762635306e-01	2.505766344391985312e-01	1.508650539331722606e-01	7.227753448339101217e-02	2.866500513622626672e-02	7.484783056327566630e-02
1.139294885315819101e+03	2.600018311535168825e-01	1.624064651119958291e-01	2.507301704034083922e-01	1.509565080373238832e-01	7.231583921709665297e-02	2.868486357305961160e-02	7.490432250349636500e-02
1.140746216379915950e+03	2.597859919057881606e-01	1.622632732982916548e-01	2.508834356323255688e-01	1.510478008835930697e-01	7.235408024766097623e-02	2.870469463806989141e-02	7.496072339416827435e-02
1.142197547444012343e+03	2.595705211941682355e-01	1.621203260163368298e-01	2.510364305916167882e-01	1.511389327723417220e-01	7.239225767901388831e-02	2.872449837443655229e-02	7.501703337198348254e-02
1.143648878508108737e+03	2.593554183887204490e-01	1.619776228480349078e-01	2.511891557461517488e-01	1.512299040033159570e-01	7.243037161492979492e-02	2.874427482526472136e-02	7.507325257347992331e-02
1.145100209572205586e+03	2.591406828605855028e-01	1.618351633760058417e-01	2.513416115600042855e-01	1.513207148756475495e-01	7.246842215902771223e-02	2.876402403358532811e-02	7.512938113504132043e-02
1.146551540636302207e+03	2.589263139819796278e-01	1.616929471835847898e-01	2.514937984964538686e-01	1.514113656878553760e-01	7.250640941477144719e-02	2.878374604235526754e-02	7.518541919289709052e-02
1.148002871700398828e+03	2.587123111261929176e-01	1.615509738548208396e-01	2.516457170179869918e-01	1.515018567378470515e-01	7.254433348546975024e-02	2.880344089445751460e-02	7.524136688312234311e-02
1.149454202764495449e+03	2.584986736675873864e-01	1.614092429744758139e-01	2.517973675862985039e-01	1.515921883229202072e-01	7.258219447427650961e-02	2.882310863270127685e-02	7.529722434163779732e-02
1.150905533828591842e+03	2.582854009815949703e-01	1.612677541280229943e-01	2.519487506622927753e-01	1.516823607397640994e-01	7.261999248419083453e-02	2.884274929982213326e-02	7.535299170420964310e-02
1.152356864892688463e+03	2.580724924447159729e-01	1.611265069016459550e-01	2.520998667060854181e-01	1.517723742844610257e-01	7.265772761805731894e-02	2.886236293848216602e-02	7.540866910644959675e-02
1.153808195956785084e+03	2.578599474345172338e-01	1.609855008822371758e-01	2.522507161770043416e-01	1.518622292524877959e-01	7.269539997856612479e-02	2.888194959127010630e-02	7.546425668381474827e-02
1.155259527020881706e+03	2.576477653296301296e-01	1.608447356573969866e-01	2.524012995335910281e-01	1.519519259387171195e-01	7.273300966825316238e-02	2.890150930070146257e-02	7.551975457160757521e-02
1.156710858084978327e+03	2.574359455097489091e-01	1.607042108154321802e-01	2.525516172336024212e-01	1.520414646374191603e-01	7.277055678950028472e-02	2.892104210921867327e-02	7.557516290497584555e-02
1.158162189149074720e+03	2.572244873556288614e-01	1.605639259453549572e-01	2.527016697340114804e-01	1.521308456422629241e-01	7.280804144453541238e-02	2.894054805919122134e-02	7.563048181891254829e-02
1.159613520213171569e+03	2.570133902490844835e-01	1.604238806368815662e-01	2.528514574910091794e-01	1.522200692463177574e-01	7.284546373543271391e-02	2.896002719291579722e-02	7.568571144825589347e-02
1.161064851277267962e+03	2.568026535729875937e-01	1.602840744804311934e-01	2.530009809600055060e-01	1.523091357420546799e-01	7.288282376411278629e-02	2.897947955261641340e-02	7.574085192768920116e-02
1.162516182341364356e+03	2.565922767112657765e-01	1.601445070671245474e-01	2.531502405956309043e-01	1.523980454213478830e-01	7.292012163234276589e-02	2.899890518044455356e-02	7.579590339174087366e-02
1.163967513405461204e+03	2.563822590489002740e-01	1.600051779887829151e-01	2.532992368517376081e-01	1.524867985754762290e-01	7.295735744173656445e-02	2.901830411847930793e-02	7.585086597478438164e-02
1.165418844469557826e+03	2.561725999719244862e-01	1.598660868379267186e-01	2.534479701814008057e-01	1.525753954951245550e-01	7.299453129375499394e-02	2.903767640872749467e-02	7.590573981103818091e-02
1.166870175533654447e+03	2.559632988674219178e-01	1.597272332077744328e-01	2.535964410369203614e-01	1.526638364703850892e-01	7.303164328970589148e-02	2.905702209312381254e-02	7.596052503456564298e-02
1.168321506597751068e+03	2.557543551235246237e-01	1.595886166922413640e-01	2.537446498698217034e-01	1.527521217907589768e-01	7.306869353074439688e-02	2.907634121353097970e-02	7.601522177927505508e-02
1.169772837661847461e+03	2.555457681294112660e-01	1.594502368859384012e-01	2.538925971308573781e-01	1.528402517451576681e-01	7.310568211787298043e-02	2.909563381173984470e-02	7.606983017891955079e-02
1.171224168725944082e+03	2.553375372753052264e-01	1.593120933841707942e-01	2.540402832700084379e-01	1.529282266219042230e-01	7.314260915194172041e-02	2.911489992946954264e-02	7.612435036709706837e-02
1.172675499790040703e+03	2.551296619524731635e-01	1.591741857829370443e-01	2.541877087364855514e-01	1.530160467087348652e-01	7.317947473364844191e-02	2.913413960836762698e-02	7.617878247725032304e-02
1.174126830854137097e+03	2.549221415532229029e-01	1.590365136789275990e-01	2.543348739787305024e-01	1.531037122928002592e-01	7.321627896353882781e-02	2.915335289001018751e-02	7.623312664266673755e-02
1.175578161918233945e+03	2.547149754709018277e-01	1.588990766695237422e-01	2.544817794444173553e-01	1.531912236606669808e-01	7.325302194200661310e-02	2.917253981590199954e-02	7.628738299647844223e-02
1.177029492982330339e+03	2.545081630998951572e-01	1.587618743527963172e-01	2.546284255804538987e-01	1.532785810983188501e-01	7.328970376929380692e-02	2.919170042747665575e-02	7.634155167166221945e-02
1.178480824046426733e+03	2.543017038356240045e-01	1.586249063275045890e-01	2.547748128329828665e-01	1.533657848911584021e-01	7.332632454549080359e-02	2.921083476609669105e-02	7.639563280103944809e-02
1.179932155110523581e+03	2.540955970745437664e-01	1.584881721930951060e-01	2.549209416473833256e-01	1.534528353240081633e-01	7.336288437053654909e-02	2.922994287305372835e-02	7.644962651727608971e-02
1.181383486174620202e+03	2.538898422141422917e-01	1.583516715497003402e-01	2.550668124682719529e-01	1.535397326811121232e-01	7.339938334421872157e-02	2.924902478956859994e-02	7.650353295288263300e-02
1.182834817238716823e+03	2.536844386529380491e-01	1.582154039981377158e-01	2.552124257395042561e-01	1.536264772461370665e-01	7.343582156617392553e-02	2.926808055679148285e-02	7.655735224021412155e-02
1.184286148302813444e+03	2.534793857904785175e-01	1.580793691399082213e-01	2.553577819041760177e-01	1.537130693021739880e-01	7.347219913588781681e-02	2.928711021580203411e-02	7.661108451147002896e-02
1.185737479366910065e+03	2.532746830273382432e-01	1.579435665771954378e-01	2.555028814046244601e-01	1.537995091317393703e-01	7.350851615269528294e-02	2.930611380760952261e-02	7.666472989869432819e-02
1.187188810431006686e+03	2.530703297651172301e-01	1.578079959128641518e-01	2.556477246824296334e-01	1.538857970167766542e-01	7.354477271578060971e-02	2.932509137315295056e-02	7.671828853377535284e-02
1.188640141495103080e+03	2.528663254064392740e-01	1.576726567504592724e-01	2.557923121784156928e-01	1.539719332386575157e-01	7.358096892417767543e-02	2.934404295330120260e-02	7.677176054844589426e-02
1.190091472559199701e+03	2.526626693549499647e-01	1.575375486942047487e-01	2.559366443326521745e-01	1.540579180781832536e-01	7.361710487677010362e-02	2.936296858885315691e-02	7.682514607428303499e-02
1.191542803623296322e+03	2.524593610153151313e-01	1.574026713490022100e-01	2.560807215844553286e-01	1.541437518155861774e-01	7.365318067229140175e-02	2.938186832053783434e-02	7.687844524270825985e-02
1.192994134687392716e+03	2.522563997932190105e-01	1.572680243204299666e-01	2.562245443723894511e-01	1.542294347305308844e-01	7.368919640932518333e-02	2.940074218901451292e-02	7.693165818498735875e-02
1.194445465751489564e+03	2.520537850953625258e-01	1.571336072147417606e-01	2.563681131342679387e-01	1.543149671021156744e-01	7.372515218630530665e-02	2.941959023487286662e-02	7.698478503223037117e-02
1.195896796815585958e+03	2.518515163294615666e-01	1.569994196388655450e-01	2.565114283071546764e-01	1.544003492088738272e-01	7.376104810151602742e-02	2.943841249863309029e-02	7.703782591539165558e-02
1.197348127879682352e+03	2.516495929042452673e-01	1.568654612004024285e-01	2.566544903273656475e-01	1.544855813287749902e-01	7.379688425309223476e-02	2.945720902074604533e-02	7.709078096526980617e-02
1.198799458943779200e+03	2.514480142294543419e-01	1.567317315076254269e-01	2.567972996304697109e-01	1.545706637392264549e-01	7.383266073901952053e-02	2.947597984159336382e-02	7.714365031250765281e-02
1.200250790007875821e+03	2.512467797158390859e-01	1.565982301694784362e-01	2.569398566512901549e-01	1.546555967170745449e-01	7.386837765713445692e-02	2.949472500148759072e-02	7.719643408759220560e-02
1.201702121071972442e+03	2.510458887751580437e-01	1.564649567955748444e-01	2.570821618239059192e-01	1.547403805386059206e-01	7.390403510512469354e-02	2.951344454067231227e-02	7.724913242085471032e-02
1.203153452136069063e+03	2.508453408201758994e-01	1.563319109961966435e-01	2.572242155816529818e-01	1.548250154795489109e-01	7.393963318052915179e-02	2.953213849932229476e-02	7.730174544247057911e-02
1.204604783200165684e+03	2.506451352646620334e-01	1.561990923822931254e-01	2.573660183571253590e-01	1.549095018150747349e-01	7.397517198073817746e-02	2.955080691754358863e-02	7.735427328245939038e-02
1.206056114264262078e+03	2.504452715233886906e-01	1.560665005654797155e-01	2.575075705821767702e-01	1.549938398197989453e-01	7.401065160299374890e-02	2.956944983537367067e-02	7.740671607068488891e-02
1.207507445328358699e+03	2.502457490121293149e-01	1.559341351580368629e-01	2.576488726879214153e-01	1.550780297677827324e-01	7.404607214438962970e-02	2.958806729278157591e-02	7.745907393685491638e-02
1.208958776392455093e+03	2.500465671476567731e-01	1.558019957729089300e-01	2.577899251047355844e-01	1.551620719325340902e-01	7.408143370187152132e-02	2.960665932966801903e-02	7.751134701052148079e-02
1.210410107456551941e+03	2.498477253477417170e-01	1.556700820237029714e-01	2.579307282622589348e-01	1.552459665870092598e-01	7.411673637223725741e-02	2.962522598586552272e-02	7.756353542108071486e-02
1.211861438520648335e+03	2.496492230311507798e-01	1.555383935246876514e-01	2.580712825893955453e-01	1.553297140036140056e-01	7.415198025213697031e-02	2.964376730113854261e-02	7.761563929777283433e-02
1.213312769584745183e+03	2.494510596176450490e-01	1.554069298907920782e-01	2.582115885143153045e-01	1.554133144542048095e-01	7.418716543807322983e-02	2.966228331518358866e-02	7.766765876968215188e-02
1.214764100648841804e+03	2.492532345279781791e-01	1.552756907376046658e-01	2.583516464644551869e-01	1.554967682100902859e-01	7.422229202640130696e-02	2.968077406762936743e-02	7.771959396573711876e-02
1.216215431712937971e+03	2.490557471838948100e-01	1.551446756813720518e-01	2.584914568665203638e-01	1.555800755420324588e-01	7.425736011332922937e-02	2.969923959803690006e-02	7.777144501471022764e-02
1.217666762777034819e+03	2.488585970081287901e-01	1.550138843389978482e-01	2.586310201464857572e-01	1.556632367202478995e-01	7.429236979491801729e-02	2.971767994589963671e-02	7.782321204521806812e-02
1.219118093841131440e+03	2.486617834244015668e-01	1.548833163280416148e-01	2.587703367295968726e-01	1.557462520144091978e-01	7.432732116708187786e-02	2.973609515064360581e-02	7.787489518572132674e-02
1.220569424905228061e+03	2.484653058574204099e-01	1.547529712667176649e-01	2.589094070403712977e-01	1.558291216936460999e-01	7.436221432558828837e-02	2.975448525162750768e-02	7.792649456452477308e-02
1.222020755969324682e+03	2.482691637328768020e-01	1.546228487738940116e-01	2.590482315026000348e-01	1.559118460265468131e-01	7.439704936605827379e-02	2.977285028814287068e-02	7.797801030977723202e-02
1.223472087033421303e+03	2.480733564774447453e-01	1.544929484690911459e-01	2.591868105393483890e-01	1.559944252811593657e-01	7.443182638396649009e-02	2.979119029941416225e-02	7.802944254947161151e-02
1.224923418097517697e+03	2.478778835187790963e-01	1.543632699724809820e-01	2.593251445729576887e-01	1.560768597249927725e-01	7.446654547464148788e-02	2.980950532459891028e-02	7.808079141144491642e-02
1.226374749161614318e+03	2.476827442855137618e-01	1.542338129048856921e-01	2.594632340250461744e-01	1.561591496250182842e-01	7.450120673326579568e-02	2.982779540278783503e-02	7.813205702337823466e-02
1.227826080225710712e+03	2.474879382072601997e-01	1.541045768877766509e-01	2.596010793165104413e-01	1.562412952476706918e-01	7.453581025487614198e-02	2.984606057300496357e-02	7.818323951279672335e-02
1.229277411289807560e+03	2.472934647146056431e-01	1.539755615432732705e-01	2.597386808675262726e-01	1.563232968588496308e-01	7.457035613436360788e-02	2.986430087420775467e-02	7.823433900706963651e-02
1.230728742353903954e+03	2.470993232391114625e-01	1.538467664941417790e-01	2.598760390975504708e-01	1.564051547239206641e-01	7.460484446647384915e-02	2.988251634528724110e-02	7.828535563341029735e-02
1.232180073418000802e+03	2.469055132133114172e-01	1.537181913637943875e-01	2.600131544253216909e-01	1.564868691077167251e-01	7.463927534580715173e-02	2.990070702506813019e-02	7.833628951887616765e-02
1.233631404482097196e+03	2.467120340707102122e-01	1.535898357762879307e-01	2.601500272688618276e-01	1.565684402745392556e-01	7.467364886681875091e-02	2.991887295230893570e-02	7.838714079036879223e-02
1.235082735546193817e+03	2.465188852457815549e-01	1.534616993563228393e-01	2.602866580454769596e-01	1.566498684881594272e-01	7.470796512381890075e-02	2.993701416570209578e-02	7.843790957463385449e-02
1.236534066610290438e+03	2.463260661739666846e-01	1.533337817292419747e-01	2.604230471717590700e-01	1.567311540118194735e-01	7.474222421097310998e-02	2.995513070387410132e-02	7.848859599826117639e-02
1.237985397674387059e+03	2.461335762916727066e-01	1.532060825210296851e-01	2.605591950635867682e-01	1.568122971082337724e-01	7.477642622230226688e-02	2.997322260538561739e-02	7.853920018768464906e-02
1.239436728738483680e+03	2.459414150362708440e-01	1.530786013583105010e-01	2.606951021361270104e-01	1.568932980395902621e-01	7.481057125168284749e-02	2.999128990873160469e-02	7.858972226918238546e-02
1.240888059802580301e+03	2.457495818460948556e-01	1.529513378683481917e-01	2.608307688038357663e-01	1.569741570675514952e-01	7.484465939284705438e-02	3.000933265234143402e-02	7.864016236887663713e-02
1.242339390866676695e+03	2.455580761604393980e-01	1.528242916790445161e-01	2.609661954804596284e-01	1.570548744532559715e-01	7.487869073938303865e-02	3.002735087457902505e-02	7.869052061273382193e-02
1.243790721930773088e+03	2.453668974195582775e-01	1.526974624189383067e-01	2.611013825790369225e-01	1.571354504573193034e-01	7.491266538473501102e-02	3.004534461374294696e-02	7.874079712656453789e-02
1.245242052994869937e+03	2.451760450646629785e-01	1.525708497172042211e-01	2.612363305118988732e-01	1.572158853398354927e-01	7.494658342220349156e-02	3.006331390806654680e-02	7.879099203602361878e-02
1.246693384058966330e+03	2.449855185379209710e-01	1.524444532036517141e-01	2.613710396906709366e-01	1.572961793603780412e-01	7.498044494494540690e-02	3.008125879571808131e-02	7.884110546661007857e-02
1.248144715123063179e+03	2.447953172824539059e-01	1.523182725087239564e-01	2.615055105262737989e-01	1.573763327780011712e-01	7.501425004597431223e-02	3.009917931480082104e-02	7.889113754366723630e-02
1.249596046187159800e+03	2.446054407423361998e-01	1.521923072634966956e-01	2.616397434289246537e-01	1.574563458512411862e-01	7.504799881816055784e-02	3.011707550335317868e-02	7.894108839238259123e-02
1.251047377251256421e+03	2.444158883625933143e-01	1.520665570996771743e-01	2.617737388081387562e-01	1.575362188381174977e-01	7.508169135423145568e-02	3.013494739934883052e-02	7.899095813778798936e-02
1.252498708315352815e+03	2.442266595892001735e-01	1.519410216496031307e-01	2.619074970727299223e-01	1.576159519961339017e-01	7.511532774677143198e-02	3.015279504069683092e-02	7.904074690475952625e-02
1.253950039379449436e+03	2.440377538690794157e-01	1.518157005462416331e-01	2.620410186308123612e-01	1.576955455822797447e-01	7.514890808822227708e-02	3.017061846524173030e-02	7.909045481801765809e-02
1.255401370443546057e+03	2.438491706500998946e-01	1.516905934231879693e-01	2.621743038898017297e-01	1.577749998530311726e-01	7.518243247088321479e-02	3.018841771076370348e-02	7.914008200212716004e-02
1.256852701507642678e+03	2.436609093810750415e-01	1.515656999146646200e-01	2.623073532564160204e-01	1.578543150643521853e-01	7.521590098691116610e-02	3.020619281497866071e-02	7.918962858149716788e-02
1.258304032571739299e+03	2.434729695117612003e-01	1.514410196555202315e-01	2.624401671366769495e-01	1.579334914716959970e-01	7.524931372832086018e-02	3.022394381553836912e-02	7.923909468038123349e-02
1.259755363635835920e+03	2.432853504928559896e-01	1.513165522812284225e-01	2.625727459359114002e-01	1.580125293300060629e-01	7.528267078698504255e-02	3.024167075003056718e-02	7.928848042287731102e-02
1.261206694699932314e+03	2.430980517759968595e-01	1.511922974278867848e-01	2.627050900587522553e-01	1.580914288937173839e-01	7.531597225463465550e-02	3.025937365597908962e-02	7.933778593292778458e-02
1.262658025764028707e+03	2.429110728137592878e-01	1.510682547322157454e-01	2.628371999091396738e-01	1.581701904167575612e-01	7.534921822285899073e-02	3.027705257084398541e-02	7.938701133431950996e-02
1.264109356828125556e+03	2.427244130596552252e-01	1.509444238315576503e-01	2.629690758903224235e-01	1.582488141525480452e-01	7.538240878310586979e-02	3.029470753202162525e-02	7.943615675068389781e-02
1.265560687892221949e+03	2.425380719681316244e-01	1.508208043638754881e-01	2.631007184048587688e-01	1.583273003540053292e-01	7.541554402668178281e-02	3.031233857684483002e-02	7.948522230549681655e-02
1.267012018956318798e+03	2.423520489945686363e-01	1.506973959677520014e-01	2.632321278546180809e-01	1.584056492735419763e-01	7.544862404475217998e-02	3.032994574258297826e-02	7.953420812207871726e-02
1.268463350020415419e+03	2.421663435952781662e-01	1.505741982823884939e-01	2.633633046407815592e-01	1.584838611630679794e-01	7.548164892834149931e-02	3.034752906644213807e-02	7.958311432359467530e-02
1.269914681084511813e+03	2.419809552275021536e-01	1.504512109476038306e-01	2.634942491638438411e-01	1.585619362739917604e-01	7.551461876833341635e-02	3.036508858556516421e-02	7.963194103305433480e-02
1.271366012148608434e+03	2.417958833494111004e-01	1.503284336038333280e-01	2.636249618236137238e-01	1.586398748572213913e-01	7.554753365547105248e-02	3.038262433703182996e-02	7.968068837331200582e-02
1.272817343212705055e+03	2.416111274201024339e-01	1.502058658921278100e-01	2.637554430192157184e-01	1.587176771631657324e-01	7.558039368035705807e-02	3.040013635785893467e-02	7.972935646706670598e-02
1.274268674276801676e+03	2.414266868995988968e-01	1.500835074541523873e-01	2.638856931490911051e-01	1.587953434417355980e-01	7.561319893345386234e-02	3.041762468500042865e-02	7.977794543686217432e-02
1.275720005340898297e+03	2.412425612488469373e-01	1.499613579321855683e-01	2.640157126109988761e-01	1.588728739423448388e-01	7.564594950508382598e-02	3.043508935534751381e-02	7.982645540508688520e-02
1.277171336404994690e+03	2.410587499297152381e-01	1.498394169691180389e-01	2.641455018020172352e-01	1.589502689139115632e-01	7.567864548542940772e-02	3.045253040572877545e-02	7.987488649397411766e-02
1.278622667469091539e+03	2.408752524049930788e-01	1.497176842084517456e-01	2.642750611185447629e-01	1.590275286048592196e-01	7.571128696453333085e-02	3.046994787291028989e-02	7.992323882560201098e-02
1.280073998533187932e+03	2.406920681383886707e-01	1.495961592942987584e-01	2.644043909563011385e-01	1.591046532631178179e-01	7.574387403229879134e-02	3.048734179359574234e-02	7.997151252189353687e-02
1.281525329597284326e+03	2.405091965945276855e-01	1.494748418713802707e-01	2.645334917103288053e-01	1.591816431361249007e-01	7.577640677848956896e-02	3.050471220442653106e-02	8.001970770461658278e-02
1.282976660661381175e+03	2.403266372389517569e-01	1.493537315850256009e-01	2.646623637749939140e-01	1.592584984708268481e-01	7.580888529273029086e-02	3.052205914198189915e-02	8.006782449538400737e-02
1.284427991725477568e+03	2.401443895381167037e-01	1.492328280811709706e-01	2.647910075439874888e-01	1.593352195136799043e-01	7.584130966450654265e-02	3.053938264277903172e-02	8.011586301565362667e-02
1.285879322789574417e+03	2.399624529593910871e-01	1.491121310063586725e-01	2.649194234103265377e-01	1.594118065106513438e-01	7.587367998316506268e-02	3.055668274327318426e-02	8.016382338672833896e-02
1.287330653853671038e+03	2.397808269710546836e-01	1.489916400077359038e-01	2.650476117663553288e-01	1.594882597072204977e-01	7.590599633791390854e-02	3.057395947985779017e-02	8.021170572975608315e-02
1.288781984917767431e+03	2.395995110422968755e-01	1.488713547330537679e-01	2.651755730037463898e-01	1.595645793483800035e-01	7.593825881782263754e-02	3.059121288886457180e-02	8.025951016572990815e-02
1.290233315981864052e+03	2.394185046432150688e-01	1.487512748306662469e-01	2.653033075135017849e-01	1.596407656786368590e-01	7.597046751182247315e-02	3.060844300656365494e-02	8.030723681548805615e-02
