1.001418434226643626e+03	2.822974689614346500e-01	1.771600095943554609e-01	2.348695546155971647e-01	1.415112341958591480e-01	6.837720638889049907e-02	2.667186651219362326e-02	6.911265973156831277e-02
1.003837319333471214e+03	2.818744836998521852e-01	1.768794937075109930e-01	2.351713493178571868e-01	1.416912584360333627e-01	6.845180738168886447e-02	2.670951900158538214e-02	6.922208845537082544e-02
1.006256204440298802e+03	2.814527017609053661e-01	1.765997760151050422e-01	2.354722608793109184e-01	1.418707486352193958e-01	6.852620266944275951e-02	2.674708284915538331e-02	6.933122719075993090e-02
1.008675089547126618e+03	2.810321197187379272e-01	1.763208542420857117e-01	2.357722918285691249e-01	1.420497064817355659e-01	6.860039280237373305e-02	2.678455829229400842e-02	6.944007663410273201e-02
1.011093974653954206e+03	2.806127341572093870e-01	1.760427261199422333e-01	2.360714446870341154e-01	1.422281336579347133e-01	6.867437832941353237e-02	2.682194556770084795e-02	6.954863748066399121e-02
1.013512859760782021e+03	2.801945416698694014e-01	1.757653893866842343e-01	2.363697219689202822e-01	1.424060318402294578e-01	6.874815979820497747e-02	2.685924491138688350e-02	6.965691042460353533e-02
1.015931744867609382e+03	2.797775388599323398e-01	1.754888417868211703e-01	2.366671261812745286e-01	1.425834026991173731e-01	6.882173775510291858e-02	2.689645655867667698e-02	6.976489615897379926e-02
1.018350629974437197e+03	2.793617223402513616e-01	1.752130810713417863e-01	2.369636598239965031e-01	1.427602478992059665e-01	6.889511274517530481e-02	2.693358074421054599e-02	6.987259537571730017e-02
1.020769515081264785e+03	2.789470887332932691e-01	1.749381049976938551e-01	2.372593253898589716e-01	1.429365690992374927e-01	6.896828531220414171e-02	2.697061770194672525e-02	6.998000876566426443e-02
1.023188400188092373e+03	2.785336346711126954e-01	1.746639113297639712e-01	2.375541253645281348e-01	1.431123679521136005e-01	6.904125599868668473e-02	2.700756766516351770e-02	7.008713701853011568e-02
1.025607285294920075e+03	2.781213567953264576e-01	1.743904978378574278e-01	2.378480622265836952e-01	1.432876461049200079e-01	6.911402534583645230e-02	2.704443086646145591e-02	7.019398082291319896e-02
1.028026170401747549e+03	2.777102517570881890e-01	1.741178622986782609e-01	2.381411384475391191e-01	1.434624051989508708e-01	6.918659389358446099e-02	2.708120753776543932e-02	7.030054086629235199e-02
1.030445055508575479e+03	2.773003162170624147e-01	1.738460024953095151e-01	2.384333564918616477e-01	1.436366468697332366e-01	6.925896218058033571e-02	2.711789791032687136e-02	7.040681783502465707e-02
1.032863940615402726e+03	2.768915468453992945e-01	1.735749162171934534e-01	2.387247188169923651e-01	1.438103727470509963e-01	6.933113074419362809e-02	2.715450221472580361e-02	7.051281241434313729e-02
1.035282825722230655e+03	2.764839403217088099e-01	1.733046012601119623e-01	2.390152278733661539e-01	1.439835844549691712e-01	6.940310012051498223e-02	2.719102068087302093e-02	7.061852528835453613e-02
1.037701710829058356e+03	2.760774933350353399e-01	1.730350554261671503e-01	2.393048861044315689e-01	1.441562836118577551e-01	6.947487084435749471e-02	2.722745353801218904e-02	7.072395714003708311e-02
1.040120595935886058e+03	2.756722025838319601e-01	1.727662765237619746e-01	2.395936959466708482e-01	1.443284718304154446e-01	6.954644344925799138e-02	2.726380101472195006e-02	7.082910865123839828e-02
1.042539481042713533e+03	2.752680647759350729e-01	1.724982623675808402e-01	2.398816598296195368e-01	1.445001507176934818e-01	6.961781846747833180e-02	2.730006333891802153e-02	7.093398050267325783e-02
1.044958366149541234e+03	2.748650766285388181e-01	1.722310107785705313e-01	2.401687801758864427e-01	1.446713218751189967e-01	6.968899643000692201e-02	2.733624073785528505e-02	7.103857337392155413e-02
1.047377251256368709e+03	2.744632348681694811e-01	1.719645195839213103e-01	2.404550594011731490e-01	1.448419868985186265e-01	6.975997786655994959e-02	2.737233343812986788e-02	7.114288794342621403e-02
1.049796136363196410e+03	2.740625362306600699e-01	1.716987866170476551e-01	2.407404999142938040e-01	1.450121473781416925e-01	6.983076330558293798e-02	2.740834166568124203e-02	7.124692488849114491e-02
1.052215021470024112e+03	2.736629774611249455e-01	1.714338097175696907e-01	2.410251041171946329e-01	1.451818048986834864e-01	6.990135327425216205e-02	2.744426564579427116e-02	7.135068488527929187e-02
1.054633906576851814e+03	2.732645553139343986e-01	1.711695867312942876e-01	2.413088744049735612e-01	1.453509610393082241e-01	6.997174829847613298e-02	2.748010560310127845e-02	7.145416860881059762e-02
1.057052791683679516e+03	2.728672665526890029e-01	1.709061155101963547e-01	2.415918131658996437e-01	1.455196173736720555e-01	7.004194890289708320e-02	2.751586176158411085e-02	7.155737673296015677e-02
1.059471676790506763e+03	2.724711079501945243e-01	1.706433939124004928e-01	2.418739227814324377e-01	1.456877754699459349e-01	7.011195561089253458e-02	2.755153434457618955e-02	7.166030993045624520e-02
1.061890561897334692e+03	2.720760762884364969e-01	1.703814198021622595e-01	2.421552056262415431e-01	1.458554368908381860e-01	7.018176894457686665e-02	2.758712357476453270e-02	7.176296887287850201e-02
1.064309447004162394e+03	2.716821683585547986e-01	1.701201910498499059e-01	2.424356640682257535e-01	1.460226031936171787e-01	7.025138942480285698e-02	2.762262967419181273e-02	7.186535423065608386e-02
1.066728332110990095e+03	2.712893809608185047e-01	1.698597055319260585e-01	2.427153004685325133e-01	1.461892759301338107e-01	7.032081757116326326e-02	2.765805286425837561e-02	7.196746667306586076e-02
1.069147217217817570e+03	2.708977109046006304e-01	1.695999611309295385e-01	2.429941171815769851e-01	1.463554566468438234e-01	7.039005390199251644e-02	2.769339336572425314e-02	7.206930686823069532e-02
1.071566102324645271e+03	2.705071550083528731e-01	1.693409557354571826e-01	2.432721165550612019e-01	1.465211468848300336e-01	7.045909893436834437e-02	2.772865139871118559e-02	7.217087548311765244e-02
1.073984987431472746e+03	2.701177100995805214e-01	1.690826872401457737e-01	2.435493009299932732e-01	1.466863481798244273e-01	7.052795318411336778e-02	2.776382718270462707e-02	7.227217318353637565e-02
1.076403872538300675e+03	2.697293730148174751e-01	1.688251535456541386e-01	2.438256726407064534e-01	1.468510620622303087e-01	7.059661716579690438e-02	2.779892093655574048e-02	7.237320063413739402e-02
1.078822757645127922e+03	2.693421405996005991e-01	1.685683525586452458e-01	2.441012340148780990e-01	1.470152900571439769e-01	7.066509139273656481e-02	2.783393287848339934e-02	7.247395849841047066e-02
1.081241642751955851e+03	2.689560097084454648e-01	1.683122821917683032e-01	2.443759873735485977e-01	1.471790336843767366e-01	7.073337637700000124e-02	2.786886322607615846e-02	7.257444743868303461e-02
1.083660527858783553e+03	2.685709772048208710e-01	1.680569403636411330e-01	2.446499350311402698e-01	1.473422944584764083e-01	7.080147262940669761e-02	2.790371219629425234e-02	7.267466811611864030e-02
1.086079412965611255e+03	2.681870399611239741e-01	1.678023249988324916e-01	2.449230792954762703e-01	1.475050738887488944e-01	7.086938065952967658e-02	2.793848000547154847e-02	7.277462119071539948e-02
1.088498298072438729e+03	2.678041948586554755e-01	1.675484340278444451e-01	2.451954224677993233e-01	1.476673734792797177e-01	7.093710097569731754e-02	2.797316686931751797e-02	7.287430732130449618e-02
1.090917183179266431e+03	2.674224387875944742e-01	1.672952653870949102e-01	2.454669668427905405e-01	1.478291947289553099e-01	7.100463408499509133e-02	2.800777300291919583e-02	7.297372716554878513e-02
1.093336068286093905e+03	2.670417686469740981e-01	1.670428170189001693e-01	2.457377147085879621e-01	1.479905391314842444e-01	7.107198049326741984e-02	2.804229862074314114e-02	7.307288137994122357e-02
1.095754953392921607e+03	2.666621813446564127e-01	1.667910868714575223e-01	2.460076683468054304e-01	1.481514081754183310e-01	7.113914070511948018e-02	2.807674393663735918e-02	7.317177061980362218e-02
1.098173838499749309e+03	2.662836737973079404e-01	1.665400728988279955e-01	2.462768300325508530e-01	1.483118033441737371e-01	7.120611522391902259e-02	2.811110916383325470e-02	7.327039553928521576e-02
1.100592723606577010e+03	2.659062429303747921e-01	1.662897730609191882e-01	2.465452020344449935e-01	1.484717261160517776e-01	7.127290455179828566e-02	2.814539451494756095e-02	7.336875679136128925e-02
1.103011608713404712e+03	2.655298856780582972e-01	1.660401853234678982e-01	2.468127866146399563e-01	1.486311779642597863e-01	7.133950918965580035e-02	2.817960020198425827e-02	7.346685502783194266e-02
1.105430493820231959e+03	2.651545989832899686e-01	1.657913076580232736e-01	2.470795860288373391e-01	1.487901603569317388e-01	7.140592963715830521e-02	2.821372643633649965e-02	7.356469089932082817e-02
1.107849378927059888e+03	2.647803797977075213e-01	1.655431380419296328e-01	2.473456025263068569e-01	1.489486747571489300e-01	7.147216639274261984e-02	2.824777342878851544e-02	7.366226505527380397e-02
1.110268264033887590e+03	2.644072250816301706e-01	1.652956744583095328e-01	2.476108383499046606e-01	1.491067226229605136e-01	7.153821995361760167e-02	2.828174138951751113e-02	7.375957814395786571e-02
1.112687149140715292e+03	2.640351318040342066e-01	1.650489148960469499e-01	2.478752957360914888e-01	1.492643054074037356e-01	7.160409081576600554e-02	2.831563052809558251e-02	7.385663081245988359e-02
1.115106034247542766e+03	2.636640969425286807e-01	1.648028573497702931e-01	2.481389769149509594e-01	1.494214245585243350e-01	7.166977947394648218e-02	2.834944105349159610e-02	7.395342370668549214e-02
1.117524919354370468e+03	2.632941174833312026e-01	1.645574998198358063e-01	2.484018841102076935e-01	1.495780815193966662e-01	7.173528642169546554e-02	2.838317317407306264e-02	7.404995747135796613e-02
1.119943804461197942e+03	2.629251904212434598e-01	1.643128403123108039e-01	2.486640195392454677e-01	1.497342777281437942e-01	7.180061215132914343e-02	2.841682709760803144e-02	7.414623275001713809e-02
1.122362689568025871e+03	2.625573127596273482e-01	1.640688768389568508e-01	2.489253854131252830e-01	1.498900146179575898e-01	7.186575715394545594e-02	2.845040303126694994e-02	7.424225018501834361e-02
1.124781574674853118e+03	2.621904815103805464e-01	1.638256074172134702e-01	2.491859839366034057e-01	1.500452936171183804e-01	7.193072191942607996e-02	2.848390118162454077e-02	7.433801041753142214e-02
1.127200459781681047e+03	2.618246936939125913e-01	1.635830300701814066e-01	2.494458173081492147e-01	1.502001161490149339e-01	7.199550693643837207e-02	2.851732175466164740e-02	7.443351408753964837e-02
1.129619344888508749e+03	2.614599463391208412e-01	1.633411428266061949e-01	2.497048877199632422e-01	1.503544836321641098e-01	7.206011269243739470e-02	2.855066495576709037e-02	7.452876183383888575e-02
1.132038229995336451e+03	2.610962364833664395e-01	1.630999437208618674e-01	2.499631973579949651e-01	1.505083974802303437e-01	7.212453967366794227e-02	2.858393098973950608e-02	7.462375429403660110e-02
1.134457115102163925e+03	2.607335611724505564e-01	1.628594307929344398e-01	2.502207484019606243e-01	1.506618591020452702e-01	7.218878836516656738e-02	2.861712006078920290e-02	7.471849210455090706e-02
1.136876000208991627e+03	2.603719174605904074e-01	1.626196020884056737e-01	2.504775430253610713e-01	1.508148699016270133e-01	7.225285925076357918e-02	2.865023237253997226e-02	7.481297590060978497e-02
1.139294885315819101e+03	2.600113024103954396e-01	1.623804556584369230e-01	2.507335833954993931e-01	1.509674312781995043e-01	7.231675281308509728e-02	2.868326812803092749e-02	7.490720631625019665e-02
1.141713770422646803e+03	2.596517130928437944e-01	1.621419895597528693e-01	2.509888716734984815e-01	1.511195446262117437e-01	7.238046953355509183e-02	2.871622752971831477e-02	7.500118398431723787e-02
1.144132655529474505e+03	2.592931465872582719e-01	1.619042018546253958e-01	2.512434100143188243e-01	1.512712113353568422e-01	7.244400989239745126e-02	2.874911077947734164e-02	7.509490953646340283e-02
1.146551540636302207e+03	2.589355999812830711e-01	1.616670906108574890e-01	2.514972005667759358e-01	1.514224327905911160e-01	7.250737436863807783e-02	2.878191807860396370e-02	7.518838360314783476e-02
1.148970425743129908e+03	2.585790703708600313e-01	1.614306539017673625e-01	2.517502454735580097e-01	1.515732103721528501e-01	7.257056344010688609e-02	2.881464962781669220e-02	7.528160681363550710e-02
1.151389310849957155e+03	2.582235548602052622e-01	1.611948898061723590e-01	2.520025468712432937e-01	1.517235454555813101e-01	7.263357758343996773e-02	2.884730562725839817e-02	7.537457979599666846e-02
1.153808195956785084e+03	2.578690505617856066e-01	1.609597964083730737e-01	2.522541068903175199e-01	1.518734394117353392e-01	7.269641727408161780e-02	2.887988627649809570e-02	7.546730317710603764e-02
1.156227081063612786e+03	2.575155545962952153e-01	1.607253717981375063e-01	2.525049276551910582e-01	1.520228936068120928e-01	7.275908298628647186e-02	2.891239177453271136e-02	7.555977758264223465e-02
1.158645966170440488e+03	2.571630640926322320e-01	1.604916140706852679e-01	2.527550112842166796e-01	1.521719094023655239e-01	7.282157519312155991e-02	2.894482231978887099e-02	7.565200363708714237e-02
1.161064851277267962e+03	2.568115761878757564e-01	1.602585213266718434e-01	2.530043598897063206e-01	1.523204881553248402e-01	7.288389436646847130e-02	2.897717811012466907e-02	7.574398196372530978e-02
1.163483736384095664e+03	2.564610880272623072e-01	1.600260916721729099e-01	2.532529755779487357e-01	1.524686312180129066e-01	7.294604097702545031e-02	2.900945934283143471e-02	7.583571318464341071e-02
1.165902621490923138e+03	2.561115967641629521e-01	1.597943232186685991e-01	2.535008604492263173e-01	1.526163399381645636e-01	7.300801549430950554e-02	2.904166621463548023e-02	7.592719792072971652e-02
1.168321506597751068e+03	2.557630995600599921e-01	1.595632140830279544e-01	2.537480165978324709e-01	1.527636156589447791e-01	7.306981838665856099e-02	2.907379892169985325e-02	7.601843679167351320e-02
1.170740391704578315e+03	2.554155935845240366e-01	1.593327623874934706e-01	2.539944461120886010e-01	1.529104597189666903e-01	7.313145012123355160e-02	2.910585765962608873e-02	7.610943041596474057e-02
1.173159276811406244e+03	2.550690760151911318e-01	1.591029662596654404e-01	2.542401510743608761e-01	1.530568734523096441e-01	7.319291116402064368e-02	2.913784262345594719e-02	7.620017941089345104e-02
1.175578161918233945e+03	2.547235440377396687e-01	1.588738238324866048e-01	2.544851335610776588e-01	1.532028581885372942e-01	7.325420197983330273e-02	2.916975400767313903e-02	7.629068439254942102e-02
1.177997047025061647e+03	2.543789948458677896e-01	1.586453332442267772e-01	2.547293956427461037e-01	1.533484152527151145e-01	7.331532303231447223e-02	2.920159200620506268e-02	7.638094597582172074e-02
1.180415932131889122e+03	2.540354256412702405e-01	1.584174926384674109e-01	2.549729393839691993e-01	1.534935459654284962e-01	7.337627478393873859e-02	2.923335681242451856e-02	7.647096477439838114e-02
1.182834817238716823e+03	2.536928336336159995e-01	1.581903001640864448e-01	2.552157668434624771e-01	1.536382516428001777e-01	7.343705769601449607e-02	2.926504861915141947e-02	7.656074140076597756e-02
1.185253702345544298e+03	2.533512160405254621e-01	1.579637539752428432e-01	2.554578800740707201e-01	1.537825335965079254e-01	7.349767222868608396e-02	2.929666761865451843e-02	7.665027646620939383e-02
1.187672587452371999e+03	2.530105700875477370e-01	1.577378522313615805e-01	2.556992811227850604e-01	1.539263931338020197e-01	7.355811884093599318e-02	2.932821400265308437e-02	7.673957058081143368e-02
1.190091472559199701e+03	2.526708930081382753e-01	1.575125930971184030e-01	2.559399720307592441e-01	1.540698315575226296e-01	7.361839799058701728e-02	2.935968796231862299e-02	7.682862435345264029e-02
1.192510357666027403e+03	2.523321820436363327e-01	1.572879747424247854e-01	2.561799548333265064e-01	1.542128501661172435e-01	7.367851013430444518e-02	2.939108968827655599e-02	7.691743839181096332e-02
1.194929242772855105e+03	2.519944344432424321e-01	1.570639953424127211e-01	2.564192315600160588e-01	1.543554502536577389e-01	7.373845572759828160e-02	2.942241937060792109e-02	7.700601330236159225e-02
1.197348127879682352e+03	2.516576474639962702e-01	1.568406530774199559e-01	2.566578042345696864e-01	1.544976331098577571e-01	7.379823522482535647e-02	2.945367719885102695e-02	7.709434969037670671e-02
1.199767012986510281e+03	2.513218183707540132e-01	1.566179461329748057e-01	2.568956748749581798e-01	1.546394000200896346e-01	7.385784907919157316e-02	2.948486336200314278e-02	7.718244815992536534e-02
1.202185898093337983e+03	2.509869444361664259e-01	1.563958726997813631e-01	2.571328454933978769e-01	1.547807522654014445e-01	7.391729774275410114e-02	2.951597804852217413e-02	7.727030931387331159e-02
1.204604783200165684e+03	2.506530229406565002e-01	1.561744309737045366e-01	2.573693180963670391e-01	1.549216911225339000e-01	7.397658166642354094e-02	2.954702144632831429e-02	7.735793375388283488e-02
1.207023668306993159e+03	2.503200511723974730e-01	1.559536191557552853e-01	2.576050946846221157e-01	1.550622178639372017e-01	7.403570129996620008e-02	2.957799374280569230e-02	7.744532208041272903e-02
1.209442553413820860e+03	2.499880264272904551e-01	1.557334354520757969e-01	2.578401772532141201e-01	1.552023337577879136e-01	7.409465709200620254e-02	2.960889512480404176e-02	7.753247489271815340e-02
1.211861438520648335e+03	2.496569460089428094e-01	1.555138780739248050e-01	2.580745677915050051e-01	1.553420400680053659e-01	7.415344949002776465e-02	2.963972577864034882e-02	7.761939278885059135e-02
1.214280323627476264e+03	2.493268072286459469e-01	1.552949452376628792e-01	2.583082682831835952e-01	1.554813380542685308e-01	7.421207894037740171e-02	2.967048589010046894e-02	7.770607636565783627e-02
1.216699208734303511e+03	2.489976074053535937e-01	1.550766351647377694e-01	2.585412807062820728e-01	1.556202289720323706e-01	7.427054588826612069e-02	2.970117564444077832e-02	7.779252621878397778e-02
1.219118093841131440e+03	2.486693438656599198e-01	1.548589460816697516e-01	2.587736070331918548e-01	1.557587140725443242e-01	7.432885077777164062e-02	2.973179522638980110e-02	7.787874294266941555e-02
1.221536978947959142e+03	2.483420139437776675e-01	1.546418762200371944e-01	2.590052492306797460e-01	1.558967946028606832e-01	7.438699405184064084e-02	2.976234482014982266e-02	7.796472713055088710e-02
1.223955864054786844e+03	2.480156149815166966e-01	1.544254238164620152e-01	2.592362092599040380e-01	1.560344718058628843e-01	7.444497615229095366e-02	2.979282460939852717e-02	7.805047937446149553e-02
1.226374749161614318e+03	2.476901443282621129e-01	1.542095871125949702e-01	2.594664890764305509e-01	1.561717469202736630e-01	7.450279751981381260e-02	2.982323477729058314e-02	7.813600026523087605e-02
1.228793634268442020e+03	2.473655993409527298e-01	1.539943643551016927e-01	2.596960906302483441e-01	1.563086211806732906e-01	7.456045859397605891e-02	2.985357550645927061e-02	7.822129039248523763e-02
1.231212519375269494e+03	2.470419773840596966e-01	1.537797537956478722e-01	2.599250158657856469e-01	1.564450958175154782e-01	7.461795981322238980e-02	2.988384697901807358e-02	7.830635034464744626e-02
1.233631404482097196e+03	2.467192758295648491e-01	1.535657536908851539e-01	2.601532667219260131e-01	1.565811720571434473e-01	7.467530161487756502e-02	2.991404937656226559e-02	7.839118070893728862e-02
1.236050289588924898e+03	2.463974920569393656e-01	1.533523623024368177e-01	2.603808451320238082e-01	1.567168511218058335e-01	7.473248443514868278e-02	2.994418288017052301e-02	7.847578207137155537e-02
1.238469174695752372e+03	2.460766234531224783e-01	1.531395778968834276e-01	2.606077530239200857e-01	1.568521342296725352e-01	7.478950870912735860e-02	2.997424767040648974e-02	7.856015501676422152e-02
1.240888059802580301e+03	2.457566674125001294e-01	1.529273987457487327e-01	2.608339923199581856e-01	1.569870225948503673e-01	7.484637487079204288e-02	3.000424392732036621e-02	7.864430012872673792e-02
1.243306944909407548e+03	2.454376213368837378e-01	1.527158231254854559e-01	2.610595649369997773e-01	1.571215174273987991e-01	7.490308335301015807e-02	3.003417183045047414e-02	7.872821798966815610e-02
1.245725830016235477e+03	2.451194826354891332e-01	1.525048493174611663e-01	2.612844727864399030e-01	1.572556199333456639e-01	7.495963458754041631e-02	3.006403155882483511e-02	7.881190918079548913e-02
1.248144715123063179e+03	2.448022487249152945e-01	1.522944756079441797e-01	2.615087177742229652e-01	1.573893313147024797e-01	7.501602900503502591e-02	3.009382329096272485e-02	7.889537428211387815e-02
1.250563600229890881e+03	2.444859170291234229e-01	1.520847002880895693e-01	2.617323018008582136e-01	1.575226527694800760e-01	7.507226703504195353e-02	3.012354720487623455e-02	7.897861387242699482e-02
1.252982485336718355e+03	2.441704849794158749e-01	1.518755216539251218e-01	2.619552267614352892e-01	1.576555854917039423e-01	7.512834910600715843e-02	3.015320347807182860e-02	7.906162852933726337e-02
1.255401370443546057e+03	2.438559500144153180e-01	1.516669380063373762e-01	2.621774945456393224e-01	1.577881306714294940e-01	7.518427564527684070e-02	3.018279228755187463e-02	7.914441882924622140e-02
1.257820255550373531e+03	2.435423095800437199e-01	1.514589476510577182e-01	2.623991070377668655e-01	1.579202894947573099e-01	7.524004707909967560e-02	3.021231380981620820e-02	7.922698534735490850e-02
1.260239140657201460e+03	2.432295611295017257e-01	1.512515488986485857e-01	2.626200661167407135e-01	1.580520631438484536e-01	7.529566383262907558e-02	3.024176822086365249e-02	7.930932865766418538e-02
1.262658025764028707e+03	2.429177021232477029e-01	1.510447400644894800e-01	2.628403736561256143e-01	1.581834527969394055e-01	7.535112632992543857e-02	3.027115569619354823e-02	7.939144933297519191e-02
1.265076910870856636e+03	2.426067300289772299e-01	1.508385194687632824e-01	2.630600315241434228e-01	1.583144596283571348e-01	7.540643499395835447e-02	3.030047641080729423e-02	7.947334794488968013e-02
1.267495795977684338e+03	2.422966423216022513e-01	1.506328854364424596e-01	2.632790415836882003e-01	1.584450848085341146e-01	7.546159024660896442e-02	3.032973053920984957e-02	7.955502506381049999e-02
1.269914681084511813e+03	2.419874364832307612e-01	1.504278362972754635e-01	2.634974056923414798e-01	1.585753295040231992e-01	7.551659250867205631e-02	3.035891825541127409e-02	7.963648125894205732e-02
1.272333566191339514e+03	2.416791100031460138e-01	1.502233703857727698e-01	2.637151257023876982e-01	1.587051948775123622e-01	7.557144219985845179e-02	3.038803973292821328e-02	7.971771709829071628e-02
1.274752451298167216e+03	2.413716603777861791e-01	1.500194860411936115e-01	2.639322034608289069e-01	1.588346820878396015e-01	7.562613973879717122e-02	3.041709514478541793e-02	7.979873314866535450e-02
1.277171336404994690e+03	2.410650851107239701e-01	1.498161816075321562e-01	2.641486408093997595e-01	1.589637922900074829e-01	7.568068554303772344e-02	3.044608466351723941e-02	7.987952997567786262e-02
1.279590221511822392e+03	2.407593817126462421e-01	1.496134554335040168e-01	2.643644395845829442e-01	1.590925266351978506e-01	7.573508002905234016e-02	3.047500846116913201e-02	7.996010814374361619e-02
1.282009106618650094e+03	2.404545477013337318e-01	1.494113058725327348e-01	2.645796016176238385e-01	1.592208862707863160e-01	7.578932361223825187e-02	3.050386670929913085e-02	8.004046821608205853e-02
1.284427991725477568e+03	2.401505806016407119e-01	1.492097312827363464e-01	2.647941287345456640e-01	1.593488723403568008e-01	7.584341670691990833e-02	3.053265957897934382e-02	8.012061075471725580e-02
1.286846876832305497e+03	2.398474779454750627e-01	1.490087300269138382e-01	2.650080227561640855e-01	1.594764859837159154e-01	7.589735972635125449e-02	3.056138724079743643e-02	8.020053632047847991e-02
1.289265761939132744e+03	2.395452372717778444e-01	1.488083004725319070e-01	2.652212854981021439e-01	1.596037283369073356e-01	7.595115308271796484e-02	3.059004986485809943e-02	8.028024547300077751e-02
1.291684647045960673e+03	2.392438561265034513e-01	1.486084409917114990e-01	2.654339187708052994e-01	1.597306005322259859e-01	7.600479718713971933e-02	3.061864762078451638e-02	8.035973877072562221e-02
1.294103532152788375e+03	2.389433320625994894e-01	1.484091499612145704e-01	2.656459243795558645e-01	1.598571036982323890e-01	7.605829244967240998e-02	3.064718067771984161e-02	8.043901677090149749e-02
1.296522417259616077e+03	2.386436626399869032e-01	1.482104257624307087e-01	2.658573041244879920e-01	1.599832389597668214e-01	7.611163927931043072e-02	3.067564920432864703e-02	8.051808002958459054e-02
1.298941302366443551e+03	2.383448454255400473e-01	1.480122667813639492e-01	2.660680598006020525e-01	1.601090074379632744e-01	7.616483808398893940e-02	3.070405336879838618e-02	8.059692910163943069e-02
1.301360187473271253e+03	2.380468779930668410e-01	1.478146714086196467e-01	2.662781931977795113e-01	1.602344102502635814e-01	7.621788927058607832e-02	3.073239333884083754e-02	8.067556454073954164e-02
1.303779072580098727e+03	2.377497579232889513e-01	1.476176380393912357e-01	2.664877061007974723e-01	1.603594485104313794e-01	7.627079324492519463e-02	3.076066928169355827e-02	8.075398689936820473e-02
1.306197957686926657e+03	2.374534828038221690e-01	1.474211650734471024e-01	2.666966002893431664e-01	1.604841233285659308e-01	7.632355041177721344e-02	3.078888136412131701e-02	8.083219672881911122e-02
1.308616842793753904e+03	2.371580502291566472e-01	1.472252509151175393e-01	2.669048775380284400e-01	1.606084358111160015e-01	7.637616117486271949e-02	3.081702975241753031e-02	8.091019457919712554e-02
1.311035727900581833e+03	2.368634578006373614e-01	1.470298939732816723e-01	2.671125396164042987e-01	1.607323870608936556e-01	7.642862593685430250e-02	3.084511461240569893e-02	8.098798099941902084e-02
1.313454613007409534e+03	2.365697031264444028e-01	1.468350926613545271e-01	2.673195882889752850e-01	1.608559781770878827e-01	7.648094509937884700e-02	3.087313610944083034e-02	8.106555653721425614e-02
1.315873498114237009e+03	2.362767838215737437e-01	1.466408453972739001e-01	2.675260253152138556e-01	1.609792102552783100e-01	7.653311906301965561e-02	3.090109440841086463e-02	8.114292173912571182e-02
1.318292383221064711e+03	2.359846975078175313e-01	1.464471506034875636e-01	2.677318524495747032e-01	1.611020843874488018e-01	7.658514822731882221e-02	3.092898967373807970e-02	8.122007715051049459e-02
1.320711268327892412e+03	2.356934418137447695e-01	1.462540067069404148e-01	2.679370714415091892e-01	1.612246016620009215e-01	7.663703299077936903e-02	3.095682206938051365e-02	8.129702331554079786e-02
1.323130153434719887e+03	2.354030143746821124e-01	1.460614121390614029e-01	2.681416840354794995e-01	1.613467631637673372e-01	7.668877375086757819e-02	3.098459175883336997e-02	8.137376077720466505e-02
1.325549038541547588e+03	2.351134128326943795e-01	1.458693653357509279e-01	2.683456919709727440e-01	1.614685699740254499e-01	7.674037090401519823e-02	3.101229890513040877e-02	8.145029007730683612e-02
1.327967923648375290e+03	2.348246348365654601e-01	1.456778647373679625e-01	2.685490969825153895e-01	1.615900231705104106e-01	7.679182484562167843e-02	3.103994367084536923e-02	8.152661175646963576e-02
1.330386808755202765e+03	2.345366780417790509e-01	1.454869087887173396e-01	2.687519007996873044e-01	1.617111238274286378e-01	7.684313597005640317e-02	3.106752621809333662e-02	8.160272635413381992e-02
1.332805693862030694e+03	2.342495401104996988e-01	1.452964959390369570e-01	2.689541051471357469e-01	1.618318730154709728e-01	7.689430467066098174e-02	3.109504670853214386e-02	8.167863440855943624e-02
1.335224578968857941e+03	2.339632187115535944e-01	1.451066246419852324e-01	2.691557117445894098e-01	1.619522718018257257e-01	7.694533133975142714e-02	3.112250530336374901e-02	8.175433645682675388e-02
1.337643464075685870e+03	2.336777115204095867e-01	1.449172933556284182e-01	2.693567223068726868e-01	1.620723212501919419e-01	7.699621636862047369e-02	3.114990216333562295e-02	8.182983303483715165e-02
1.340062349182513572e+03	2.333930162191602542e-01	1.447285005424278903e-01	2.695571385439194390e-01	1.621920224207923367e-01	7.704696014753971423e-02	3.117723744874211292e-02	8.190512467731404789e-02
1.342481234289341273e+03	2.331091304965030031e-01	1.445402446692278520e-01	2.697569621607869839e-01	1.623113763703862844e-01	7.709756306576193152e-02	3.120451131942581988e-02	8.198021191780387185e-02
1.344900119396168748e+03	2.328260520477211937e-01	1.443525242072425108e-01	2.699561948576700288e-01	1.624303841522828085e-01	7.714802551152324939e-02	3.123172393477896547e-02	8.205509528867697966e-02
1.347319004502996449e+03	2.325437785746653774e-01	1.441653376320438384e-01	2.701548383299143818e-01	1.625490468163532931e-01	7.719834787204543636e-02	3.125887545374474163e-02	8.212977532112863965e-02
1.349737889609823924e+03	2.322623077857345342e-01	1.439786834235488866e-01	2.703528942680310521e-01	1.626673654090444454e-01	7.724853053353809840e-02	3.128596603481868105e-02	8.220425254517998992e-02
1.352156774716651853e+03	2.319816373958573930e-01	1.437925600660075742e-01	2.705503643577097939e-01	1.627853409733909518e-01	7.729857388120091322e-02	3.131299583604999631e-02	8.227852748967903751e-02
1.354575659823479100e+03	2.317017651264738354e-01	1.436069660479901700e-01	2.707472502798328740e-01	1.629029745490281900e-01	7.734847829922589235e-02	3.133996501504293652e-02	8.235260068230171315e-02
1.356994544930307029e+03	2.314226887055162440e-01	1.434218998623750518e-01	2.709435537104888381e-01	1.630202671722049135e-01	7.739824417079955998e-02	3.136687372895811260e-02	8.242647264955285658e-02
1.359413430037134731e+03	2.311444058673910451e-01	1.432373600063363006e-01	2.711392763209862222e-01	1.631372198757957415e-01	7.744787187810521500e-02	3.139372213451386423e-02	8.250014391676720182e-02
1.361832315143962205e+03	2.308669143529602508e-01	1.430533449813314595e-01	2.713344197778669309e-01	1.632538336893137321e-01	7.749736180232510985e-02	3.142051038798756440e-02	8.257361500811052912e-02
1.364251200250789907e+03	2.305902119095228076e-01	1.428698532930893217e-01	2.715289857429202813e-01	1.633701096389227891e-01	7.754671432364275419e-02	3.144723864521698636e-02	8.264688644658060857e-02
1.366670085357617609e+03	2.303142962907966940e-01	1.426868834515976903e-01	2.717229758731959377e-01	1.634860487474501800e-01	7.759592982124507987e-02	3.147390706160156648e-02	8.271995875400837972e-02
1.369088970464445310e+03	2.300391652569000744e-01	1.425044339710912766e-01	2.719163918210179554e-01	1.636016520343987757e-01	7.764500867332466139e-02	3.150051579210379205e-02	8.279283245105897859e-02
1.371507855571272785e+03	2.297648165743333692e-01	1.423225033700394604e-01	2.721092352339979925e-01	1.637169205159594021e-01	7.769395125708195016e-02	3.152706499125047801e-02	8.286550805723280622e-02
1.373926740678100487e+03	2.294912480159610468e-01	1.421410901711342711e-01	2.723015077550486884e-01	1.638318552050231081e-01	7.774275794872746725e-02	3.155355481313409233e-02	8.293798609086670826e-02
1.376345625784927961e+03	2.292184573609932774e-01	1.419601929012783148e-01	2.724932110223974302e-01	1.639464571111932945e-01	7.779142912348403771e-02	3.157998541141403964e-02	8.301026706913502973e-02
1.378764510891755890e+03	2.289464423949678917e-01	1.417798100915727555e-01	2.726843466695990648e-01	1.640607272407978989e-01	7.783996515558902485e-02	3.160635693931801438e-02	8.308235150805079461e-02
1.381183395998583137e+03	2.286752009097324512e-01	1.415999402773052418e-01	2.728749163255497767e-01	1.641746665969013863e-01	7.788836641829650909e-02	3.163266954964324279e-02	8.315423992246682994e-02
1.383602281105411066e+03	2.284047307034260954e-01	1.414205819979380274e-01	2.730649216145001335e-01	1.642882761793169610e-01	7.793663328387950839e-02	3.165892339475781525e-02	8.322593282607693155e-02
1.386021166212238768e+03	2.281350295804616402e-01	1.412417337970960085e-01	2.732543641560684078e-01	1.644015569846183078e-01	7.798476612363217098e-02	3.168511862660196299e-02	8.329743073141698817e-02
1.388440051319066470e+03	2.278660953515077026e-01	1.410633942225548998e-01	2.734432455652536231e-01	1.645145100061517485e-01	7.803276530787196796e-02	3.171125539668934179e-02	8.336873414986624431e-02
1.390858936425893944e+03	2.275979258334707434e-01	1.408855618262292997e-01	2.736315674524488206e-01	1.646271362340478994e-01	7.808063120594198325e-02	3.173733385610832264e-02	8.343984359164842435e-02
1.393277821532721646e+03	2.273305188494774698e-01	1.407082351641608664e-01	2.738193314234543263e-01	1.647394366552336342e-01	7.812836418621300905e-02	3.176335415552326152e-02	8.351075956583293991e-02
1.395696706639549120e+03	2.270638722288569333e-01	1.405314127965066329e-01	2.740065390794905742e-01	1.648514122534437409e-01	7.817596461608578018e-02	3.178931644517576927e-02	8.358148258033611111e-02
1.398115591746377049e+03	2.267979838071227938e-01	1.403550932875270718e-01	2.741931920172112624e-01	1.649630640092326905e-01	7.822343286199322232e-02	3.181522087488598827e-02	8.365201314192241555e-02
1.400534476853204296e+03	2.265328514259557779e-01	1.401792752055746050e-01	2.743792918287165095e-01	1.650743928999863774e-01	7.827076928940254752e-02	3.184106759405386233e-02	8.372235175620568182e-02
1.402953361960032225e+03	2.262684729331861100e-01	1.400039571230816682e-01	2.745648401015657325e-01	1.651853998999335271e-01	7.831797426281754404e-02	3.186685675166037873e-02	8.379249892765035235e-02
1.405372247066859927e+03	2.260048461827758315e-01	1.398291376165492761e-01	2.747498384187904152e-01	1.652960859801574367e-01	7.836504814578071354e-02	3.189258849626884496e-02	8.386245515957271857e-02
1.407791132173687402e+03	2.257419690348013430e-01	1.396548152665353093e-01	2.749342883589073194e-01	1.654064521086074657e-01	7.841199130087549152e-02	3.191826297602612383e-02	8.393222095414222539e-02
1.410210017280515103e+03	2.254798393554360569e-01	1.394809886576428293e-01	2.751181914959310859e-01	1.655164992501103327e-01	7.845880408972837061e-02	3.194388033866389642e-02	8.400179681238272023e-02
1.412628902387342805e+03	2.252184550169328836e-01	1.393076563785087540e-01	2.753015493993871687e-01	1.656262283663817170e-01	7.850548687301116269e-02	3.196944073149989712e-02	8.407118323417372974e-02
1.415047787494170507e+03	2.249578138976069952e-01	1.391348170217921176e-01	2.754843636343246582e-01	1.657356404160374719e-01	7.855204001044313600e-02	3.199494430143914186e-02	8.414038071825176435e-02
1.417466672600997981e+03	2.246979138818184507e-01	1.389624691841627735e-01	2.756666357613290486e-01	1.658447363546050046e-01	7.859846386079319402e-02	3.202039119497519098e-02	8.420938976221165051e-02
1.419885557707825683e+03	2.244387528599548487e-01	1.387906114662897095e-01	2.758483673365349498e-01	1.659535171345345728e-01	7.864475878188208202e-02	3.204578155819138435e-02	8.427821086250779359e-02
1.422304442814653157e+03	2.241803287284143964e-01	1.386192424728298345e-01	2.760295599116385779e-01	1.660619837052103309e-01	7.869092513058453808e-02	3.207111553676201404e-02	8.434684451445556563e-02
1.424723327921481086e+03	2.239226393895885348e-01	1.384483608124165710e-01	2.762102150339107443e-01	1.661701370129616828e-01	7.873696326283144420e-02	3.209639327595361497e-02	8.441529121223256826e-02
1.427142213028308333e+03	2.236656827518449242e-01	1.382779650976483643e-01	2.763903342462093460e-01	1.662779780010743558e-01	7.878287353361207446e-02	3.212161492062615836e-02	8.448355144888002044e-02
1.429561098135136262e+03	2.234094567295103750e-01	1.381080539450774414e-01	2.765699190869916890e-01	1.663855076098012531e-01	7.882865629697616283e-02	3.214678061523423142e-02	8.455162571630410462e-02
1.431979983241963964e+03	2.231539592428538610e-01	1.379386259751985699e-01	2.767489710903273115e-01	1.664927267763737784e-01	7.887431190603612363e-02	3.217189050382832094e-02	8.461951450527732677e-02
1.434398868348791666e+03	2.228991882180695050e-01	1.377696798124377342e-01	2.769274917859104734e-01	1.665996364350125492e-01	7.891984071296921643e-02	3.219694473005596524e-02	8.468721830543989026e-02
1.436817753455619140e+03	2.226451415872597595e-01	1.376012140851409493e-01	2.771054826990723696e-01	1.667062375169384991e-01	7.896524306901971102e-02	3.222194343716298232e-02	8.475473760530105594e-02
1.439236638562446842e+03	2.223918172884185029e-01	1.374332274255629927e-01	2.772829453507939523e-01	1.668125309503836196e-01	7.901051932450099680e-02	3.224688676799466330e-02	8.482207289224057145e-02
1.441655523669274316e+03	2.221392132654142482e-01	1.372657184698563293e-01	2.774598812577180884e-01	1.669185176606018117e-01	7.905566982879777549e-02	3.227177486499696601e-02	8.488922465251001748e-02
1.444074408776102018e+03	2.218873274679733498e-01	1.370986858580599821e-01	2.776362919321618827e-01	1.670241985698797671e-01	7.910069493036823995e-02	3.229660787021770146e-02	8.495619337123425097e-02
1.446493293882929493e+03	2.216361578516633790e-01	1.369321282340883461e-01	2.778121788821292237e-01	1.671295745975475144e-01	7.914559497674616972e-02	3.232138592530774124e-02	8.502297953241282069e-02
1.448912178989757422e+03	2.213857023778763033e-01	1.367660442457202530e-01	2.779875436113226628e-01	1.672346466599893000e-01	7.919037031454309594e-02	3.234610917152219711e-02	8.508958361892136890e-02
1.451331064096585123e+03	2.211359590138119724e-01	1.366004325445878131e-01	2.781623876191562372e-01	1.673394156706540514e-01	7.923502128945049405e-02	3.237077774972157984e-02	8.515600611251304686e-02
1.453749949203412370e+03	2.208869257324615754e-01	1.364352917861655079e-01	2.783367124007671833e-01	1.674438825400660913e-01	7.927954824624180996e-02	3.239539180037299265e-02	8.522224749381999975e-02
1.456168834310240300e+03	2.206386005125910432e-01	1.362706206297591427e-01	2.785105194470284817e-01	1.675480481758356288e-01	7.932395152877472211e-02	3.241995146355129698e-02	8.528830824235479613e-02
1.458587719417068001e+03	2.203909813387246175e-01	1.361064177384949392e-01	2.786838102445607923e-01	1.676519134826692792e-01	7.936823147999323702e-02	3.244445687894031288e-02	8.535418883651188504e-02
1.461006604523895703e+03	2.201440662011283911e-01	1.359426817793086828e-01	2.788565862757446667e-01	1.677554793623805274e-01	7.941238844192978485e-02	3.246890818583394317e-02	8.541988975356903935e-02
1.463425489630723177e+03	2.198978530957939881e-01	1.357794114229347870e-01	2.790288490187324832e-01	1.678587467139001088e-01	7.945642275570741209e-02	3.249330552313733911e-02	8.548541146968882676e-02
1.465844374737550879e+03	2.196523400244221880e-01	1.356166053438954688e-01	2.792005999474608258e-01	1.679617164332863621e-01	7.950033476154186318e-02	3.251764902936806617e-02	8.555075445992010863e-02
1.468263259844378354e+03	2.194075249944065498e-01	1.354542622204899238e-01	2.793718405316621411e-01	1.680643894137356098e-01	7.954412479874369002e-02	3.254193884265729059e-02	8.561591919819956653e-02
1.470682144951206283e+03	2.191634060188173416e-01	1.352923807347835017e-01	2.795425722368770072e-01	1.681667665455924554e-01	7.958779320572048621e-02	3.256617510075087568e-02	8.568090615735307614e-02
1.473101030058033530e+03	2.189199811163852205e-01	1.351309595725970480e-01	2.797127965244659009e-01	1.682688487163598590e-01	7.963134031997884388e-02	3.259035794101054068e-02	8.574571580909731705e-02
1.475519915164861459e+03	2.186772483114852172e-01	1.349699974234961353e-01	2.798825148516209671e-01	1.683706368107094897e-01	7.967476647812661572e-02	3.261448750041504030e-02	8.581034862404124386e-02
1.477938800271689161e+03	2.184352056341204162e-01	1.348094929807803766e-01	2.800517286713782861e-01	1.684721317104918292e-01	7.971807201587492731e-02	3.263856391556125419e-02	8.587480507168758492e-02
1.480357685378516862e+03	2.181938511199060515e-01	1.346494449414727679e-01	2.802204394326294756e-01	1.685733342947462188e-01	7.976125726804038363e-02	3.266258732266535958e-02	8.593908562043438282e-02
1.482776570485344337e+03	2.179531828100535473e-01	1.344898520063090575e-01	2.803886485801334594e-01	1.686742454397110180e-01	7.980432256854705364e-02	3.268655785756394150e-02	8.600319073757653476e-02
