1.001418434226643626e+03	2.822355288384170713e-01	1.772983129673369185e-01	2.348568652185999417e-01	1.414818754057240724e-01	6.836985675126414086e-02	2.667301119253356542e-02	6.908454962602193772e-02
1.003837319333471214e+03	2.818129220103798294e-01	1.770175355213176038e-01	2.351586681127912082e-01	1.416616387725232462e-01	6.844437083949023171e-02	2.671106751738316562e-02	6.919379722601232130e-02
1.006256204440298802e+03	2.813915169202096944e-01	1.767375566899736516e-01	2.354595881803255852e-01	1.418408679859994581e-01	6.851867845568396231e-02	2.674903767591983728e-02	6.930275409178535129e-02
1.008675089547126618e+03	2.809713101475972419e-01	1.764583741977398534e-01	2.357596279478804124e-01	1.420195647386384985e-01	6.859278015461174605e-02	2.678692189035890639e-02	6.941142092307084344e-02
1.011093974653954206e+03	2.805522982819334543e-01	1.761799857755908250e-01	2.360587899349324559e-01	1.421977307168857119e-01	6.866667648974229821e-02	2.682472038226856037e-02	6.951979841854424857e-02
1.013512859760782021e+03	2.801344779222839088e-01	1.759023891610204116e-01	2.363570766537782808e-01	1.423753676011723923e-01	6.874036801324746870e-02	2.686243337257204419e-02	6.962788727582300274e-02
1.015931744867609382e+03	2.797178456773634081e-01	1.756255820980211768e-01	2.366544906095548739e-01	1.425524770659420126e-01	6.881385527600319962e-02	2.690006108154984962e-02	6.973568819146301612e-02
1.018350629974437197e+03	2.793023981655100574e-01	1.753495623370640855e-01	2.369510343002596831e-01	1.427290607796761479e-01	6.888713882759046891e-02	2.693760372884190096e-02	6.984320186095521743e-02
1.020769515081264785e+03	2.788881320146596732e-01	1.750743276350781863e-01	2.372467102167711839e-01	1.429051204049203994e-01	6.896021921629631735e-02	2.697506153344969917e-02	6.995042897872208454e-02
1.023188400188092373e+03	2.784750438623203594e-01	1.747998757554305171e-01	2.375415208428689195e-01	1.430806575983102069e-01	6.903309698911481995e-02	2.701243471373849028e-02	7.005737023811427211e-02
1.025607285294920075e+03	2.780631303555466394e-01	1.745262044679061486e-01	2.378354686552536790e-01	1.432556740105963011e-01	6.910577269174819626e-02	2.704972348743943031e-02	7.016402633140721157e-02
1.028026170401747549e+03	2.776523881509137537e-01	1.742533115486882556e-01	2.381285561235677306e-01	1.434301712866702938e-01	6.917824686860790662e-02	2.708692807165170163e-02	7.027039794979790532e-02
1.030445055508575479e+03	2.772428139144923476e-01	1.739811947803384662e-01	2.384207857104148065e-01	1.436041510655899356e-01	6.925052006281576245e-02	2.712404868284467099e-02	7.037648578340160999e-02
1.032863940615402726e+03	2.768344043218224915e-01	1.737098519517770445e-01	2.387121598713800585e-01	1.437776149806042347e-01	6.932259281620513358e-02	2.716108553685998156e-02	7.048229052124863059e-02
1.035282825722230655e+03	2.764271560578883125e-01	1.734392808582635725e-01	2.390026810550500980e-01	1.439505646591785482e-01	6.939446566932214178e-02	2.719803884891370052e-02	7.058781285128118421e-02
1.037701710829058356e+03	2.760210658170921816e-01	1.731694793013773270e-01	2.392923517030328961e-01	1.441230017230195060e-01	6.946613916142689582e-02	2.723490883359841463e-02	7.069305346035033299e-02
1.040120595935886058e+03	2.756161303032294563e-01	1.729004450889981559e-01	2.395811742499775188e-01	1.442949277880996306e-01	6.953761383049471279e-02	2.727169570488532577e-02	7.079801303421281999e-02
1.042539481042713533e+03	2.752123462294624456e-01	1.726321760352870216e-01	2.398691511235940543e-01	1.444663444646820671e-01	6.960889021321747805e-02	2.730839967612633257e-02	7.090269225752812710e-02
1.044958366149541234e+03	2.748097103182954304e-01	1.723646699606672106e-01	2.401562847446732374e-01	1.446372533573450636e-01	6.967996884500493593e-02	2.734502096005613295e-02	7.100709181385547741e-02
1.047377251256368709e+03	2.744082193015485727e-01	1.720979246918051264e-01	2.404425775271062105e-01	1.448076560650062572e-01	6.975085025998604971e-02	2.738155976879428147e-02	7.111121238565089320e-02
1.049796136363196410e+03	2.740078699203329915e-01	1.718319380615914160e-01	2.407280318779041195e-01	1.449775541809468771e-01	6.982153499101033389e-02	2.741801631384727100e-02	7.121505465426436476e-02
1.052215021470024112e+03	2.736086589250247836e-01	1.715667079091221237e-01	2.410126501972175705e-01	1.451469492928358918e-01	6.989202356964936691e-02	2.745439080611055890e-02	7.131861929993693616e-02
1.054633906576851814e+03	2.732105830752399878e-01	1.713022320796800668e-01	2.412964348783563917e-01	1.453158429827539622e-01	6.996231652619809560e-02	2.749068345587065559e-02	7.142190700179799900e-02
1.057052791683679516e+03	2.728136391398089944e-01	1.710385084247161847e-01	2.415793883078088677e-01	1.454842368272171171e-01	7.003241438967637567e-02	2.752689447280712992e-02	7.152491843786248915e-02
1.059471676790506763e+03	2.724178238967510102e-01	1.707755348018308861e-01	2.418615128652612523e-01	1.456521323972005955e-01	7.010231768783041495e-02	2.756302406599466653e-02	7.162765428502822218e-02
1.061890561897334692e+03	2.720231341332491892e-01	1.705133090747557867e-01	2.421428109236171411e-01	1.458195312581623548e-01	7.017202694713427225e-02	2.759907244390507122e-02	7.173011521907320109e-02
1.064309447004162394e+03	2.716295666456247648e-01	1.702518291133352513e-01	2.424232848490167347e-01	1.459864349700664421e-01	7.024154269279145324e-02	2.763503981440930055e-02	7.183230191465307668e-02
1.066728332110990095e+03	2.712371182393122360e-01	1.699910927935081029e-01	2.427029370008560172e-01	1.461528450874064189e-01	7.031086544873635380e-02	2.767092638477945676e-02	7.193421504529845523e-02
1.069147217217817570e+03	2.708457857288338322e-01	1.697310979972894429e-01	2.429817697318061021e-01	1.463187631592283988e-01	7.037999573763589756e-02	2.770673236169080705e-02	7.203585528341252542e-02
1.071566102324645271e+03	2.704555659377746446e-01	1.694718426127526101e-01	2.432597853878322725e-01	1.464841907291541956e-01	7.044893408089110409e-02	2.774245795122375069e-02	7.213722330026847707e-02
1.073984987431472746e+03	2.700664556987570908e-01	1.692133245340110836e-01	2.435369863082130770e-01	1.466491293354041936e-01	7.051768099863871264e-02	2.777810335886581744e-02	7.223831976600710025e-02
1.076403872538300675e+03	2.696784518534160457e-01	1.689555416612005256e-01	2.438133748255593702e-01	1.468135805108201908e-01	7.058623700975283355e-02	2.781366878951364516e-02	7.233914534963438447e-02
1.078822757645127922e+03	2.692915512523738619e-01	1.686984919004610450e-01	2.440889532658332972e-01	1.469775457828880472e-01	7.065460263184655809e-02	2.784915444747494348e-02	7.243970071901920105e-02
1.081241642751955851e+03	2.689057507552151671e-01	1.684421731639191844e-01	2.443637239483672230e-01	1.471410266737602779e-01	7.072277838127365157e-02	2.788456053647044366e-02	7.253998654089095777e-02
1.083660527858783553e+03	2.685210472304618845e-01	1.681865833696704060e-01	2.446376891858826341e-01	1.473040247002784520e-01	7.079076477313024640e-02	2.791988725963586923e-02	7.264000348083737846e-02
1.086079412965611255e+03	2.681374375555483636e-01	1.679317204417613840e-01	2.449108512845088736e-01	1.474665413739955633e-01	7.085856232125654908e-02	2.795513481952386844e-02	7.273975220330224090e-02
1.088498298072438729e+03	2.677549186167965112e-01	1.676775823101723517e-01	2.451832125438020982e-01	1.476285782011981518e-01	7.092617153823853327e-02	2.799030341810595721e-02	7.283923337158322575e-02
1.090917183179266431e+03	2.673734873093910336e-01	1.674241669107996988e-01	2.454547752567636520e-01	1.477901366829283969e-01	7.099359293540975779e-02	2.802539325677443072e-02	7.293844764782979329e-02
1.093336068286093905e+03	2.669931405373544564e-01	1.671714721854385688e-01	2.457255417098590800e-01	1.479512183150061833e-01	7.106082702285303199e-02	2.806040453634430984e-02	7.303739569304106005e-02
1.095754953392921607e+03	2.666138752135225887e-01	1.669194960817654005e-01	2.459955141830365843e-01	1.481118245880508610e-01	7.112787430940223365e-02	2.809533745705523888e-02	7.313607816706375886e-02
1.098173838499749309e+03	2.662356882595196539e-01	1.666682365533207477e-01	2.462646949497455939e-01	1.482719569875029231e-01	7.119473530264411321e-02	2.813019221857339380e-02	7.323449572859024037e-02
1.100592723606577010e+03	2.658585766057336985e-01	1.664176915594919870e-01	2.465330862769552489e-01	1.484316169936457375e-01	7.126141050892008388e-02	2.816496901999337651e-02	7.333264903515648858e-02
1.103011608713404712e+03	2.654825371912921672e-01	1.661678590654961929e-01	2.468006904251728861e-01	1.485908060816269749e-01	7.132790043332802588e-02	2.819966805984010921e-02	7.343053874314020568e-02
1.105430493820231959e+03	2.651075669640372001e-01	1.659187370423630681e-01	2.470675096484624689e-01	1.487495257214799804e-01	7.139420557972415982e-02	2.823428953607072522e-02	7.352816550775891080e-02
1.107849378927059888e+03	2.647336628805011527e-01	1.656703234669179292e-01	2.473335461944628499e-01	1.489077773781451730e-01	7.146032645072486478e-02	2.826883364607642862e-02	7.362552998306810814e-02
1.110268264033887590e+03	2.643608219058823372e-01	1.654226163217646928e-01	2.475988023044062014e-01	1.490655625114910010e-01	7.152626354770851014e-02	2.830330058668437121e-02	7.372263282195945511e-02
1.112687149140715292e+03	2.639890410140202648e-01	1.651756135952690274e-01	2.478632802131361113e-01	1.492228825763352029e-01	7.159201737081739847e-02	2.833769055415950866e-02	7.381947467615902758e-02
1.115106034247542766e+03	2.636183171873718867e-01	1.649293132815415619e-01	2.481269821491258465e-01	1.493797390224655963e-01	7.165758841895959741e-02	2.837200374420646015e-02	7.391605619622557133e-02
1.117524919354370468e+03	2.632486474169867807e-01	1.646837133804211206e-01	2.483899103344965886e-01	1.495361332946609501e-01	7.172297718981086867e-02	2.840624035197134370e-02	7.401237803154879502e-02
1.119943804461197942e+03	2.628800287024834481e-01	1.644388118974579038e-01	2.486520669850353638e-01	1.496920668327117732e-01	7.178818417981656930e-02	2.844040057204362537e-02	7.410844083034776042e-02
1.122362689568025871e+03	2.625124580520246664e-01	1.641946068438969453e-01	2.489134543102131947e-01	1.498475410714408540e-01	7.185320988419358068e-02	2.847448459845793728e-02	7.420424523966927255e-02
1.124781574674853118e+03	2.621459324822937864e-01	1.639510962366615421e-01	2.491740745132030310e-01	1.500025574407237716e-01	7.191805479693223757e-02	2.850849262469591291e-02	7.429979190538622824e-02
1.127200459781681047e+03	2.617804490184703070e-01	1.637082780983366292e-01	2.494339297908977626e-01	1.501571173655092684e-01	7.198271941079828484e-02	2.854242484368800167e-02	7.439508147219618672e-02
1.129619344888508749e+03	2.614160046942063942e-01	1.634661504571525148e-01	2.496930223339280663e-01	1.503112222658396502e-01	7.204720421733479263e-02	2.857628144781526949e-02	7.449011458361978755e-02
1.132038229995336451e+03	2.610525965516025670e-01	1.632247113469681710e-01	2.499513543266801696e-01	1.504648735568708540e-01	7.211150970686419637e-02	2.861006262891120644e-02	7.458489188199936282e-02
1.134457115102163925e+03	2.606902216411837170e-01	1.629839588072551915e-01	2.502089279473138084e-01	1.506180726488926258e-01	7.217563636849019804e-02	2.864376857826352735e-02	7.467941400849745226e-02
1.136876000208991627e+03	2.603288770218757375e-01	1.627438908830812769e-01	2.504657453677798240e-01	1.507708209473484495e-01	7.223958469009982009e-02	2.867739948661594818e-02	7.477368160309544320e-02
1.139294885315819101e+03	2.599685597609815435e-01	1.625045056250941644e-01	2.507218087538378160e-01	1.509231198528553919e-01	7.230335515836532057e-02	2.871095554416997625e-02	7.486769530459225219e-02
1.141713770422646803e+03	2.596092669341573123e-01	1.622658010895053071e-01	2.509771202650739608e-01	1.510749707612239201e-01	7.236694825874633030e-02	2.874443694058666926e-02	7.496145575060295108e-02
1.144132655529474505e+03	2.592509956253888359e-01	1.620277753380738317e-01	2.512316820549185259e-01	1.512263750634775805e-01	7.243036447549171253e-02	2.877784386498842203e-02	7.505496357755754577e-02
1.146551540636302207e+03	2.588937429269680401e-01	1.617904264380904955e-01	2.514854962706633001e-01	1.513773341458725386e-01	7.249360429164170005e-02	2.881117650596070473e-02	7.514821942069969951e-02
1.148970425743129908e+03	2.585375059394694475e-01	1.615537524623615606e-01	2.517385650534791353e-01	1.515278493899170353e-01	7.255666818902989368e-02	2.884443505155384266e-02	7.524122391408553934e-02
1.151389310849957155e+03	2.581822817717266960e-01	1.613177514891929454e-01	2.519908905384334874e-01	1.516779221723908166e-01	7.261955664828526058e-02	2.887761968928472672e-02	7.533397769058250426e-02
1.153808195956785084e+03	2.578280675408091138e-01	1.610824216023742372e-01	2.522424748545077366e-01	1.518275538653643397e-01	7.268227014883425763e-02	2.891073060613858631e-02	7.542648138186819340e-02
1.156227081063612786e+03	2.574748603719984597e-01	1.608477608911628720e-01	2.524933201246144510e-01	1.519767458362179802e-01	7.274480916890285753e-02	2.894376798857068930e-02	7.551873561842926963e-02
1.158645966170440488e+03	2.571226573987653863e-01	1.606137674502683410e-01	2.527434284656147057e-01	1.521254994476610722e-01	7.280717418551857500e-02	2.897673202250809765e-02	7.561074102956039100e-02
1.161064851277267962e+03	2.567714557627465144e-01	1.603804393798364258e-01	2.529928019883355139e-01	1.522738160577509214e-01	7.286936567451259006e-02	2.900962289335136390e-02	7.570249824336319766e-02
1.163483736384095664e+03	2.564212526137212289e-01	1.601477747854335165e-01	2.532414427975868132e-01	1.524216970199116228e-01	7.293138411052180192e-02	2.904244078597625206e-02	7.579400788674527101e-02
1.165902621490923138e+03	2.560720451095884198e-01	1.599157717780309851e-01	2.534893529921785627e-01	1.525691436829529346e-01	7.299322996699093846e-02	2.907518588473543761e-02	7.588527058541924553e-02
1.168321506597751068e+03	2.557238304163435005e-01	1.596844284739894482e-01	2.537365346649379516e-01	1.527161573910888748e-01	7.305490371617463785e-02	2.910785837346021102e-02	7.597628696390182346e-02
1.170740391704578315e+03	2.553766057080555374e-01	1.594537429950434460e-01	2.539829899027265525e-01	1.528627394839564002e-01	7.311640582913948860e-02	2.914045843546216388e-02	7.606705764551287274e-02
1.173159276811406244e+03	2.550303681668440459e-01	1.592237134682857325e-01	2.542287207864571408e-01	1.530088912966337811e-01	7.317773677576625002e-02	2.917298625353487510e-02	7.615758325237459436e-02
1.175578161918233945e+03	2.546851149828565086e-01	1.589943380261519823e-01	2.544737293911107368e-01	1.531546141596591137e-01	7.323889702475186447e-02	2.920544200995559003e-02	7.624786440541067578e-02
1.177997047025061647e+03	2.543408433542451719e-01	1.587656148064053308e-01	2.547180177857533145e-01	1.532999093990485839e-01	7.329988704361162233e-02	2.923782588648689285e-02	7.633790172434549992e-02
1.180415932131889122e+03	2.539975504871446188e-01	1.585375419521209972e-01	2.549615880335530105e-01	1.534447783363147022e-01	7.336070729868129914e-02	2.927013806437837179e-02	7.642769582770339576e-02
1.182834817238716823e+03	2.536552335956488990e-01	1.583101176116710751e-01	2.552044421917966655e-01	1.535892222884843727e-01	7.342135825511920955e-02	2.930237872436827415e-02	7.651724733280784729e-02
1.185253702345544298e+03	2.533138899017890466e-01	1.580833399387091831e-01	2.554465823119065337e-01	1.537332425681170456e-01	7.348184037690845549e-02	2.933454804668515770e-02	7.660655685578086904e-02
1.187672587452371999e+03	2.529735166355103759e-01	1.578572070921553383e-01	2.556880104394573250e-01	1.538768404833225634e-01	7.354215412685893849e-02	2.936664621104954562e-02	7.669562501154225664e-02
1.190091472559199701e+03	2.526341110346499996e-01	1.576317172361807462e-01	2.559287286141924689e-01	1.540200173377790083e-01	7.360229996660962171e-02	2.939867339667555021e-02	7.678445241380896236e-02
1.192510357666027403e+03	2.522956703449144022e-01	1.574068685401927570e-01	2.561687388700408796e-01	1.541627744307505210e-01	7.366227835663059775e-02	2.943062978227252088e-02	7.687303967509458158e-02
1.194929242772855105e+03	2.519581918198572357e-01	1.571826591788196836e-01	2.564080432351337202e-01	1.543051130571049812e-01	7.372208975622526750e-02	2.946251554604666437e-02	7.696138740670863121e-02
1.197348127879682352e+03	2.516216727208567261e-01	1.569590873318959245e-01	2.566466437318207228e-01	1.544470345073314654e-01	7.378173462353250500e-02	2.949433086570265802e-02	7.704949621875607779e-02
1.199767012986510281e+03	2.512861103170935251e-01	1.567361511844470034e-01	2.568845423766865643e-01	1.545885400675579280e-01	7.384121341552885021e-02	2.952607591844527354e-02	7.713736672013683793e-02
1.202185898093337983e+03	2.509515018855285051e-01	1.565138489266744981e-01	2.571217411805676312e-01	1.547296310195684921e-01	7.390052658803061836e-02	2.955775088098097983e-02	7.722499951854519540e-02
1.204604783200165684e+03	2.506178447108807772e-01	1.562921787539412743e-01	2.573582421485679506e-01	1.548703086408207696e-01	7.395967459569609270e-02	2.958935592951954935e-02	7.731239522046948198e-02
1.207023668306993159e+03	2.502851360856052088e-01	1.560711388667566368e-01	2.575940472800760106e-01	1.550105742044632084e-01	7.401865789202773105e-02	2.962089123977564714e-02	7.739955443119149459e-02
1.209442553413820860e+03	2.499533733098707189e-01	1.558507274707615908e-01	2.578291585687805809e-01	1.551504289793520786e-01	7.407747692937430295e-02	2.965235698697042330e-02	7.748647775478618993e-02
1.211861438520648335e+03	2.496225536915383236e-01	1.556309427767140763e-01	2.580635780026872550e-01	1.552898742300687085e-01	7.413613215893306851e-02	2.968375334583308808e-02	7.757316579412130986e-02
1.214280323627476264e+03	2.492926745461391536e-01	1.554117830004741740e-01	2.582973075641346594e-01	1.554289112169363329e-01	7.419462403075202661e-02	2.971508049060249748e-02	7.765961915085697886e-02
1.216699208734303511e+03	2.489637331968525824e-01	1.551932463629896175e-01	2.585303492298103856e-01	1.555675411960370513e-01	7.425295299373202429e-02	2.974633859502872138e-02	7.774583842544542656e-02
1.219118093841131440e+03	2.486357269744844944e-01	1.549753310902811376e-01	2.587627049707671989e-01	1.557057654192285923e-01	7.431111949562904662e-02	2.977752783237460829e-02	7.783182421713071009e-02
1.221536978947959142e+03	2.483086532174455241e-01	1.547580354134278080e-01	2.589943767524392482e-01	1.558435851341611333e-01	7.436912398305629834e-02	2.980864837541734660e-02	7.791757712394843660e-02
1.223955864054786844e+03	2.479825092717294621e-01	1.545413575685526952e-01	2.592253665346577751e-01	1.559810015842938713e-01	7.442696690148646599e-02	2.983970039645000155e-02	7.800309774272549956e-02
1.226374749161614318e+03	2.476572924908915507e-01	1.543252957968082317e-01	2.594556762716673792e-01	1.561180160089116475e-01	7.448464869525395216e-02	2.987068406728308340e-02	7.808838666907991222e-02
1.228793634268442020e+03	2.473330002360271118e-01	1.541098483443618661e-01	2.596853079121416719e-01	1.562546296431413517e-01	7.454216980755704047e-02	2.990159955924607746e-02	7.817344449742061330e-02
1.231212519375269494e+03	2.470096298757498976e-01	1.538950134623817689e-01	2.599142633991993745e-01	1.563908437179683253e-01	7.459953068046008828e-02	2.993244704318897761e-02	7.825827182094731438e-02
1.233631404482097196e+03	2.466871787861706633e-01	1.536807894070223168e-01	2.601425446704199729e-01	1.565266594602528205e-01	7.465673175489576097e-02	2.996322668948381979e-02	7.834286923165037497e-02
1.236050289588924898e+03	2.463656443508760452e-01	1.534671744394098536e-01	2.603701536578595932e-01	1.566620780927460987e-01	7.471377347066726626e-02	2.999393866802619116e-02	7.842723732031070538e-02
1.238469174695752372e+03	2.460450239609069112e-01	1.532541668256284795e-01	2.605970922880667673e-01	1.567971008341065842e-01	7.477065626645051921e-02	3.002458314823677407e-02	7.851137667649966956e-02
1.240888059802580301e+03	2.457253150147374332e-01	1.530417648367058681e-01	2.608233624820980312e-01	1.569317288989160730e-01	7.482738057979639035e-02	3.005516029906282402e-02	7.859528788857904347e-02
1.243306944909407548e+03	2.454065149182536043e-01	1.528299667485989721e-01	2.610489661555336904e-01	1.570659634976956653e-01	7.488394684713292615e-02	3.008567028897969967e-02	7.867897154370102897e-02
1.245725830016235477e+03	2.450886210847323943e-01	1.526187708421800349e-01	2.612739052184933630e-01	1.571998058369216411e-01	7.494035550376756949e-02	3.011611328599236165e-02	7.876242822780819830e-02
1.248144715123063179e+03	2.447716309348205166e-01	1.524081754032224623e-01	2.614981815756514116e-01	1.573332571190413920e-01	7.499660698388938007e-02	3.014648945763684362e-02	7.884565852563356347e-02
1.250563600229890881e+03	2.444555418965134452e-01	1.521981787223866955e-01	2.617217971262527088e-01	1.574663185424891032e-01	7.505270172057125488e-02	3.017679897098177189e-02	7.892866302070060402e-02
1.252982485336718355e+03	2.441403514051345147e-01	1.519887790952063056e-01	2.619447537641279022e-01	1.575989913017015187e-01	7.510864014577216252e-02	3.020704199262982254e-02	7.901144229532330865e-02
1.255401370443546057e+03	2.438260569033139646e-01	1.517799748220739764e-01	2.621670533777090140e-01	1.577312765871336231e-01	7.516442269033937751e-02	3.023721868871921334e-02	7.909399693060636949e-02
1.257820255550373531e+03	2.435126558409682063e-01	1.515717642082277383e-01	2.623886978500445943e-01	1.578631755852739349e-01	7.522004978401070074e-02	3.026732922492516784e-02	7.917632750644520989e-02
1.260239140657201460e+03	2.432001456752788393e-01	1.513641455637368127e-01	2.626096890588153765e-01	1.579946894786602996e-01	7.527552185541667995e-02	3.029737376646138292e-02	7.925843460152617870e-02
1.262658025764028707e+03	2.428885238706721961e-01	1.511571172034880395e-01	2.628300288763491532e-01	1.581258194458949884e-01	7.533083933208288563e-02	3.032735247808148946e-02	7.934031879332671677e-02
1.265076910870856636e+03	2.425777878987985525e-01	1.509506774471719437e-01	2.630497191696365977e-01	1.582565666616601863e-01	7.538600264043213151e-02	3.035726552408050949e-02	7.942198065811553742e-02
1.267495795977684338e+03	2.422679352385115059e-01	1.507448246192690244e-01	2.632687618003459185e-01	1.583869322967331739e-01	7.544101220578666722e-02	3.038711306829629949e-02	7.950342077095284843e-02
1.269914681084511813e+03	2.419589633758475467e-01	1.505395570490359602e-01	2.634871586248382913e-01	1.585169175180015655e-01	7.549586845237044042e-02	3.041689527411099714e-02	7.958463970569058799e-02
1.272333566191339514e+03	2.416508698040054359e-01	1.503348730704921754e-01	2.637049114941829586e-01	1.586465234884782971e-01	7.555057180331137268e-02	3.044661230445246461e-02	7.966563803497270224e-02
1.274752451298167216e+03	2.413436520233258054e-01	1.501307710224058789e-01	2.639220222541722172e-01	1.587757513673166698e-01	7.560512268064356611e-02	3.047626432179570410e-02	7.974641633023542286e-02
1.277171336404994690e+03	2.410373075412709509e-01	1.499272492482807140e-01	2.641384927453367393e-01	1.589046023098254212e-01	7.565952150530952380e-02	3.050585148816430808e-02	7.982697516170757235e-02
1.279590221511822392e+03	2.407318338724042661e-01	1.497243060963421579e-01	2.643543248029601722e-01	1.590330774674834358e-01	7.571376869716245350e-02	3.053537396513186439e-02	7.990731509841086933e-02
1.282009106618650094e+03	2.404272285383702856e-01	1.495219399195238941e-01	2.645695202570942928e-01	1.591611779879546773e-01	7.576786467496840483e-02	3.056483191382338566e-02	7.998743670816031714e-02
1.284427991725477568e+03	2.401234890678741740e-01	1.493201490754544891e-01	2.647840809325738842e-01	1.592889050151028163e-01	7.582180985640862847e-02	3.059422549491670404e-02	8.006734055756455082e-02
1.286846876832305497e+03	2.398206129966618250e-01	1.491189319264438762e-01	2.649980086490316133e-01	1.594162596890060235e-01	7.587560465808175503e-02	3.062355486864389367e-02	8.014702721202623947e-02
1.289265761939132744e+03	2.395185978674996552e-01	1.489182868394699488e-01	2.652113052209129629e-01	1.595432431459714029e-01	7.592924949550604319e-02	3.065282019479265846e-02	8.022649723574247493e-02
1.291684647045960673e+03	2.392174412301546760e-01	1.487182121861652662e-01	2.654239724574908310e-01	1.596698565185497021e-01	7.598274478312164182e-02	3.068202163270773719e-02	8.030575119170525744e-02
1.294103532152788375e+03	2.389171406413743703e-01	1.485187063428037302e-01	2.656360121628802973e-01	1.597961009355496065e-01	7.603609093429279653e-02	3.071115934129229133e-02	8.038478964170192587e-02
1.296522417259616077e+03	2.386176936648670144e-01	1.483197676902872630e-01	2.658474261360533886e-01	1.599219775220522832e-01	7.608928836131013951e-02	3.074023347900928238e-02	8.046361314631562955e-02
1.298941302366443551e+03	2.383190978712815544e-01	1.481213946141325677e-01	2.660582161708537341e-01	1.600474873994255087e-01	7.614233747539293773e-02	3.076924420388286313e-02	8.054222226492580017e-02
1.301360187473271253e+03	2.380213508381880394e-01	1.479235855044580272e-01	2.662683840560111093e-01	1.601726316853380738e-01	7.619523868669128563e-02	3.079819167349974116e-02	8.062061755570870680e-02
1.303779072580098727e+03	2.377244501500577756e-01	1.477263387559703822e-01	2.664779315751560351e-01	1.602974114937738837e-01	7.624799240428838110e-02	3.082707604501055618e-02	8.069879957563799722e-02
1.306197957686926657e+03	2.374283933982435646e-01	1.475296527679517133e-01	2.666868605068343223e-01	1.604218279350461129e-01	7.630059903620278750e-02	3.085589747513124356e-02	8.077676888048521131e-02
1.308616842793753904e+03	2.371331781809602191e-01	1.473335259442464240e-01	2.668951726245216149e-01	1.605458821158112503e-01	7.635305898939065417e-02	3.088465612014438741e-02	8.085452602482037787e-02
1.311035727900581833e+03	2.368388021032648838e-01	1.471379566932480287e-01	2.671028696966377680e-01	1.606695751390830595e-01	7.640537266974796460e-02	3.091335213590058403e-02	8.093207156201263908e-02
1.313454613007409534e+03	2.365452627770375793e-01	1.469429434278862467e-01	2.673099534865612248e-01	1.607929081042464570e-01	7.645754048211277076e-02	3.094198567781978465e-02	8.100940604423079172e-02
1.315873498114237009e+03	2.362525578209617449e-01	1.467484845656140124e-01	2.675164257526433942e-01	1.609158821070715284e-01	7.650956283026751070e-02	3.097055690089263805e-02	8.108653002244400887e-02
1.318292383221064711e+03	2.359606848605046991e-01	1.465545785283945690e-01	2.677222882482230837e-01	1.610384982397271014e-01	7.656144011694113183e-02	3.099906595968183673e-02	8.116344404642239496e-02
1.320711268327892412e+03	2.356696415278985157e-01	1.463612237426884510e-01	2.679275427216406547e-01	1.611607575907945400e-01	7.661317274381143627e-02	3.102751300832344572e-02	8.124014866473774910e-02
1.323130153434719887e+03	2.353794254621205118e-01	1.461684186394408835e-01	2.681321909162522887e-01	1.612826612452814834e-01	7.666476111150725969e-02	3.105589820052823136e-02	8.131664442476417565e-02
1.325549038541547588e+03	2.350900343088740407e-01	1.459761616540687090e-01	2.683362345704442542e-01	1.614042102846353077e-01	7.671620561961077500e-02	3.108422168958298315e-02	8.139293187267881979e-02
1.327967923648375290e+03	2.348014657205694244e-01	1.457844512264476478e-01	2.685396754176468392e-01	1.615254057867567539e-01	7.676750666665968503e-02	3.111248362835184605e-02	8.146901155346258916e-02
1.330386808755202765e+03	2.345137173563047461e-01	1.455932858008996966e-01	2.687425151863489514e-01	1.616462488260133334e-01	7.681866465014948464e-02	3.114068416927762151e-02	8.154488401090093097e-02
1.332805693862030694e+03	2.342267868818466714e-01	1.454026638261802507e-01	2.689447556001118289e-01	1.617667404732527348e-01	7.686967996653569501e-02	3.116882346438308235e-02	8.162054978758451207e-02
1.335224578968857941e+03	2.339406719696116854e-01	1.452125837554655574e-01	2.691463983775829183e-01	1.618868817958161732e-01	7.692055301123609801e-02	3.119690166527227040e-02	8.169600942491005158e-02
1.337643464075685870e+03	2.336553702986467751e-01	1.450230440463400050e-01	2.693474452325103075e-01	1.620066738575516585e-01	7.697128417863303984e-02	3.122491892313181139e-02	8.177126346308109806e-02
1.340062349182513572e+03	2.333708795546108328e-01	1.448340431607835765e-01	2.695478978737564368e-01	1.621261177188272062e-01	7.702187386207555442e-02	3.125287538873219861e-02	8.184631244110883441e-02
1.342481234289341273e+03	2.330871974297555604e-01	1.446455795651591936e-01	2.697477580053120882e-01	1.622452144365439941e-01	7.707232245388170866e-02	3.128077121242908709e-02	8.192115689681292445e-02
1.344900119396168748e+03	2.328043216229068180e-01	1.444576517302003926e-01	2.699470273263102627e-01	1.623639650641494070e-01	7.712263034534079520e-02	3.130860654416457722e-02	8.199579736682230391e-02
1.347319004502996449e+03	2.325222498394457216e-01	1.442702581309985299e-01	2.701457075310398914e-01	1.624823706516501931e-01	7.717279792671556671e-02	3.133638153346849503e-02	8.207023438657612413e-02
1.349737889609823924e+03	2.322409797912900753e-01	1.440833972469905411e-01	2.703438003089598807e-01	1.626004322456252593e-01	7.722282558724448409e-02	3.136409632945966891e-02	8.214446849032454312e-02
1.352156774716651853e+03	2.319605091968756638e-01	1.438970675619465900e-01	2.705413073447127670e-01	1.627181508892386608e-01	7.727271371514393694e-02	3.139175108084721333e-02	8.221850021112962759e-02
1.354575659823479100e+03	2.316808357811376284e-01	1.437112675639574677e-01	2.707382303181382066e-01	1.628355276222525072e-01	7.732246269761050561e-02	3.141934593593177089e-02	8.229233008086632439e-02
1.356994544930307029e+03	2.314019572754920095e-01	1.435259957454223800e-01	2.709345709042870753e-01	1.629525634810396473e-01	7.737207292082316779e-02	3.144688104260678907e-02	8.236595863022332098e-02
1.359413430037134731e+03	2.311238714178172060e-01	1.433412506030366240e-01	2.711303307734347912e-01	1.630692594985964916e-01	7.742154476994553280e-02	3.147435654835979008e-02	8.243938638870398905e-02
1.361832315143962205e+03	2.308465759524354344e-01	1.431570306377793200e-01	2.713255115910950255e-01	1.631856167045555306e-01	7.747087862912808987e-02	3.150177260027358511e-02	8.251261388462736990e-02
1.364251200250789907e+03	2.305700686300944935e-01	1.429733343549011160e-01	2.715201150180334699e-01	1.633016361251981574e-01	7.752007488151042847e-02	3.152912934502757891e-02	8.258564164512910422e-02
1.366670085357617609e+03	2.302943472079494180e-01	1.427901602639120859e-01	2.717141427102808815e-01	1.634173187834670471e-01	7.756913390922345886e-02	3.155642692889897016e-02	8.265847019616245905e-02
1.369088970464445310e+03	2.300194094495441322e-01	1.426075068785694067e-01	2.719075963191470713e-01	1.635326656989787020e-01	7.761805609339164636e-02	3.158366549776400051e-02	8.273110006249928539e-02
1.371507855571272785e+03	2.297452531247932972e-01	1.424253727168653949e-01	2.721004774912341162e-01	1.636476778880359417e-01	7.766684181413524568e-02	3.161084519709918966e-02	8.280353176773101731e-02
1.373926740678100487e+03	2.294718760099640209e-01	1.422437563010153505e-01	2.722927878684496816e-01	1.637623563636402824e-01	7.771549145057250751e-02	3.163796617198257749e-02	8.287576583426976840e-02
1.376345625784927961e+03	2.291992758876578440e-01	1.420626561574453439e-01	2.724845290880207327e-01	1.638767021355040931e-01	7.776400538082192671e-02	3.166502856709494523e-02	8.294780278334928925e-02
1.378764510891755890e+03	2.289274505467926435e-01	1.418820708167804479e-01	2.726757027825064128e-01	1.639907162100630866e-01	7.781238398200442108e-02	3.169203252672101595e-02	8.301964313502609161e-02
1.381183395998583137e+03	2.286563977825845362e-01	1.417019988138325526e-01	2.728663105798118660e-01	1.641043995904883923e-01	7.786062763024559352e-02	3.171897819475069658e-02	8.309128740818047532e-02
1.383602281105411066e+03	2.283861153965300039e-01	1.415224386875885143e-01	2.730563541032008379e-01	1.642177532766987968e-01	7.790873670067795242e-02	3.174586571468028529e-02	8.316273612051763853e-02
1.386021166212238768e+03	2.281166011963879636e-01	1.413433889811981370e-01	2.732458349713096646e-01	1.643307782653727345e-01	7.795671156744311825e-02	3.177269522961368581e-02	8.323398978856871855e-02
1.388440051319066470e+03	2.278478529961618926e-01	1.411648482419622930e-01	2.734347547981598736e-01	1.644434755499604162e-01	7.800455260369400234e-02	3.179946688226357315e-02	8.330504892769199921e-02
1.390858936425893944e+03	2.275798686160819539e-01	1.409868150213211824e-01	2.736231151931714511e-01	1.645558461206958201e-01	7.805226018159705514e-02	3.182618081495263568e-02	8.337591405207391004e-02
1.393277821532721646e+03	2.273126458825872886e-01	1.408092878748423704e-01	2.738109177611762202e-01	1.646678909646085154e-01	7.809983467233448662e-02	3.185283716961477551e-02	8.344658567473028921e-02
1.395696706639549120e+03	2.270461826283083351e-01	1.406322653622091301e-01	2.739981641024306080e-01	1.647796110655356805e-01	7.814727644610648671e-02	3.187943608779626042e-02	8.351706430750743815e-02
1.398115591746377049e+03	2.267804766920490656e-01	1.404557460472085073e-01	2.741848558126288582e-01	1.648910074041338991e-01	7.819458587213337641e-02	3.190597771065693117e-02	8.358735046108332900e-02
1.400534476853204296e+03	2.265155259187694448e-01	1.402797284977198300e-01	2.743709944829158531e-01	1.650020809578908454e-01	7.824176331865788370e-02	3.193246217897137418e-02	8.365744464496877031e-02
1.402953361960032225e+03	2.262513281595678605e-01	1.401042112857028288e-01	2.745565816999001596e-01	1.651128327011370800e-01	7.828880915294728071e-02	3.195888963313012199e-02	8.372734736750855888e-02
1.405372247066859927e+03	2.259878812716636098e-01	1.399291929871860907e-01	2.747416190456672402e-01	1.652232636050577352e-01	7.833572374129565974e-02	3.198526021314081202e-02	8.379705913588272881e-02
1.407791132173687402e+03	2.257251831183794688e-01	1.397546721822553184e-01	2.749261080977917771e-01	1.653333746377040059e-01	7.838250744902608425e-02	3.201157405862934541e-02	8.386658045610778656e-02
1.410210017280515103e+03	2.254632315691242062e-01	1.395806474550420062e-01	2.751100504293509941e-01	1.654431667640048620e-01	7.842916064049279545e-02	3.203783130884108044e-02	8.393591183303783509e-02
1.412628902387342805e+03	2.252020244993752085e-01	1.394071173937115049e-01	2.752934476089373139e-01	1.655526409457784287e-01	7.847568367908343279e-02	3.206403210264195669e-02	8.400505377036589227e-02
1.415047787494170507e+03	2.249415597906612996e-01	1.392340805904518919e-01	2.754763012006710698e-01	1.656617981417435048e-01	7.852207692722121268e-02	3.209017657851969546e-02	8.407400677062512595e-02
1.417466672600997981e+03	2.246818353305453653e-01	1.390615356414621473e-01	2.756586127642132178e-01	1.657706393075309426e-01	7.856834074636712129e-02	3.211626487458489609e-02	8.414277133519006135e-02
1.419885557707825683e+03	2.244228490126072006e-01	1.388894811469409685e-01	2.758403838547782705e-01	1.658791653956950551e-01	7.861447549702212101e-02	3.214229712857224336e-02	8.421134796427791336e-02
1.422304442814653157e+03	2.241645987364262460e-01	1.387179157110752237e-01	2.760216160231466209e-01	1.659873773557248577e-01	7.866048153872931548e-02	3.216827347784162461e-02	8.427973715694986323e-02
1.424723327921481086e+03	2.239070824075646005e-01	1.385468379420285445e-01	2.762023108156775320e-01	1.660952761340552808e-01	7.870635923007612833e-02	3.219419405937926082e-02	8.434793941111230764e-02
1.427142213028308333e+03	2.236502979375498412e-01	1.383762464519300295e-01	2.763824697743216263e-01	1.662028626740785220e-01	7.875210892869657919e-02	3.222005900979885845e-02	8.441595522351819092e-02
1.429561098135136262e+03	2.233942432438581205e-01	1.382061398568628918e-01	2.765620944366332101e-01	1.663101379161550097e-01	7.879773099127335145e-02	3.224586846534274048e-02	8.448378508976832346e-02
1.431979983241963964e+03	2.231389162498970957e-01	1.380365167768531354e-01	2.767411863357830404e-01	1.664171027976246164e-01	7.884322577354002659e-02	3.227162256188296358e-02	8.455142950431271398e-02
1.434398868348791666e+03	2.228843148849890821e-01	1.378673758358583967e-01	2.769197470005707595e-01	1.665237582528176774e-01	7.888859363028326299e-02	3.229732143492246299e-02	8.461888896045187403e-02
1.436817753455619140e+03	2.226304370843540936e-01	1.376987156617566765e-01	2.770977779554373299e-01	1.666301052130659544e-01	7.893383491534498864e-02	3.232296521959614199e-02	8.468616395033820576e-02
1.439236638562446842e+03	2.223772807890931624e-01	1.375305348863350707e-01	2.772752807204775793e-01	1.667361446067137376e-01	7.897894998162455216e-02	3.234855405067203066e-02	8.475325496497732036e-02
1.441655523669274316e+03	2.221248439461713797e-01	1.373628321452786960e-01	2.774522568114521914e-01	1.668418773591284765e-01	7.902393918108087389e-02	3.237408806255235444e-02	8.482016249422942578e-02
1.444074408776102018e+03	2.218731245084012982e-01	1.371956060781595599e-01	2.776287077398005843e-01	1.669473043927119094e-01	7.906880286473465247e-02	3.239956738927465829e-02	8.488688702681071452e-02
1.446493293882929493e+03	2.216221204344262230e-01	1.370288553284254307e-01	2.778046350126528452e-01	1.670524266269106661e-01	7.911354138267051583e-02	3.242499216451291688e-02	8.495342905029470981e-02
1.448912178989757422e+03	2.213718296887035586e-01	1.368625785433887909e-01	2.779800401328421100e-01	1.671572449782271763e-01	7.915815508403922784e-02	3.245036252157865869e-02	8.501978905111373663e-02
1.451331064096585123e+03	2.211222502414882940e-01	1.366967743742157348e-01	2.781549245989168861e-01	1.672617603602302994e-01	7.920264431705979769e-02	3.247567859342200686e-02	8.508596751456022622e-02
1.453749949203412370e+03	2.208733800688162940e-01	1.365314414759150885e-01	2.783292899051530989e-01	1.673659736835659551e-01	7.924700942902168643e-02	3.250094051263280326e-02	8.515196492478824264e-02
1.456168834310240300e+03	2.206252171524880623e-01	1.363665785073274184e-01	2.785031375415664145e-01	1.674698858559677817e-01	7.929125076628687485e-02	3.252614841144171876e-02	8.521778176481484279e-02
1.458587719417068001e+03	2.203777594800520045e-01	1.362021841311140125e-01	2.786764689939243422e-01	1.675734977822677385e-01	7.933536867429213935e-02	3.255130242172128707e-02	8.528341851652150585e-02
1.461006604523895703e+03	2.201310050447883582e-01	1.360382570137460279e-01	2.788492857437582240e-01	1.676768103644065144e-01	7.937936349755114751e-02	3.257640267498704278e-02	8.534887566065564590e-02
1.463425489630723177e+03	2.198849518456925667e-01	1.358747958254935828e-01	2.790215892683754473e-01	1.677798245014441858e-01	7.942323557965658143e-02	3.260144930239854133e-02	8.541415367683195814e-02
1.465844374737550879e+03	2.196395978874591259e-01	1.357117992404149598e-01	2.791933810408714356e-01	1.678825410895704584e-01	7.946698526328237200e-02	3.262644243476048311e-02	8.547925304353398701e-02
1.468263259844378354e+03	2.193949411804652361e-01	1.355492659363457808e-01	2.793646625301415831e-01	1.679849610221151313e-01	7.951061289018575284e-02	3.265138220252375434e-02	8.554417423811552790e-02
1.470682144951206283e+03	2.191509797407547033e-01	1.353871945948882660e-01	2.795354352008933008e-01	1.680870851895583939e-01	7.955411880120943913e-02	3.267626873578649560e-02	8.560891773680215366e-02
1.473101030058033530e+03	2.189077115900217030e-01	1.352255839014002703e-01	2.797057005136578955e-01	1.681889144795412072e-01	7.959750333628379249e-02	3.270110216429517741e-02	8.567348401469268571e-02
1.475519915164861459e+03	2.186651347555946534e-01	1.350644325449848471e-01	2.798754599248024499e-01	1.682904497768754337e-01	7.964076683442891658e-02	3.272588261744564797e-02	8.573787354576066500e-02
1.477938800271689161e+03	2.184232472704202010e-01	1.349037392184794237e-01	2.800447148865418678e-01	1.683916919635541354e-01	7.968390963375684977e-02	3.275061022428419483e-02	8.580208680285587863e-02
1.480357685378516862e+03	2.181820471730471778e-01	1.347435026184451712e-01	2.802134668469503653e-01	1.684926419187616486e-01	7.972693207147364680e-02	3.277528511350857876e-02	8.586612425770592805e-02
1.482776570485344337e+03	2.179415325076105581e-01	1.345837214451563180e-01	2.803817172499736277e-01	1.685933005188837708e-01	7.976983448388150211e-02	3.279990741346911626e-02	8.592998638091764452e-02
