1.001418434226643626e+03	2.822080541964970823e-01	1.773579501840654993e-01	2.348506161743519893e-01	1.414669773746305981e-01	6.836870682188000981e-02	2.667078422968923584e-02	6.907691101878524198e-02
1.002869765290740247e+03	2.819544441746578700e-01	1.771893196402403448e-01	2.350318050736051878e-01	1.415748299662463183e-01	6.841342422815904767e-02	2.669371007646766450e-02	6.914246684052317848e-02
1.004321096354836754e+03	2.817012670252733719e-01	1.770209769920124410e-01	2.352126758416457908e-01	1.416824900479139171e-01	6.845806711191979033e-02	2.671660519910163886e-02	6.920791778203265465e-02
1.005772427418933376e+03	2.814485220088118189e-01	1.768529217469642090e-01	2.353932290249877712e-01	1.417899579863761694e-01	6.850263559358533982e-02	2.673946964435282292e-02	6.927326399482147679e-02
1.007223758483029997e+03	2.811962083870006013e-01	1.766851534135275570e-01	2.355734651692101833e-01	1.418972341475853161e-01	6.854712979341003043e-02	2.676230345890130008e-02	6.933850563026462688e-02
1.008675089547126618e+03	2.809443254228240483e-01	1.765176715009824093e-01	2.357533848189589387e-01	1.420043188967051451e-01	6.859154983147947027e-02	2.678510668934575359e-02	6.940364283960383240e-02
1.010126420611223239e+03	2.806928723805217074e-01	1.763504755194550411e-01	2.359329885179481112e-01	1.421112125981131569e-01	6.863589582771061071e-02	2.680787938220363306e-02	6.946867577394730264e-02
1.011577751675319632e+03	2.804418485255862348e-01	1.761835649799164683e-01	2.361122768089617407e-01	1.422179156154025625e-01	6.868016790185181575e-02	2.683062158391131755e-02	6.953360458426943724e-02
1.013029082739416367e+03	2.801912531247611193e-01	1.760169393941808658e-01	2.362912502338553322e-01	1.423244283113844766e-01	6.872436617348297305e-02	2.685333334082429593e-02	6.959842942141045152e-02
1.014480413803512761e+03	2.799410854460392395e-01	1.758505982749040686e-01	2.364699093335575486e-01	1.424307510480898042e-01	6.876849076201548006e-02	2.687601469921732655e-02	6.966315043607608504e-02
1.015931744867609382e+03	2.796913447586603652e-01	1.756845411355817954e-01	2.366482546480715710e-01	1.425368841867715175e-01	6.881254178669236887e-02	2.689866570528461412e-02	6.972776777883733790e-02
1.017383075931706003e+03	2.794420303331093813e-01	1.755187674905483164e-01	2.368262867164768193e-01	1.426428280879065980e-01	6.885651936658840344e-02	2.692128640513997279e-02	6.979228160013009608e-02
1.018834406995802851e+03	2.791931414411142343e-01	1.753532768549746768e-01	2.370040060769305901e-01	1.427485831111981185e-01	6.890042362061012116e-02	2.694387684481699963e-02	6.985669205025482609e-02
1.020285738059899245e+03	2.789446773556440440e-01	1.751880687448672536e-01	2.371814132666695274e-01	1.428541496155773249e-01	6.894425466749590226e-02	2.696643707026923076e-02	6.992099927937633908e-02
1.021737069123995752e+03	2.786966373509068839e-01	1.750231426770661736e-01	2.373585088220112049e-01	1.429595279592055235e-01	6.898801262581606697e-02	2.698896712737032522e-02	6.998520343752341610e-02
1.023188400188092373e+03	2.784490207023481156e-01	1.748584981692437590e-01	2.375352932783556803e-01	1.430647184994763010e-01	6.903169761397295878e-02	2.701146706191421415e-02	7.004930467458853061e-02
1.024639731252188767e+03	2.782018266866480571e-01	1.746941347399030009e-01	2.377117671701871326e-01	1.431697215930174683e-01	6.907530975020102770e-02	2.703393691961528122e-02	7.011330314032758471e-02
1.026091062316285615e+03	2.779550545817200957e-01	1.745300519083760049e-01	2.378879310310753892e-01	1.432745375956930578e-01	6.911884915256689965e-02	2.705637674610852222e-02	7.017719898435959003e-02
1.027542393380382237e+03	2.777087036667088005e-01	1.743662491948223814e-01	2.380637853936774517e-01	1.433791668626053506e-01	6.916231593896948748e-02	2.707878658694970464e-02	7.024099235616639014e-02
1.028993724444478858e+03	2.774627732219878684e-01	1.742027261202278576e-01	2.382393307897391066e-01	1.434836097480969019e-01	6.920571022714003262e-02	2.710116648761554461e-02	7.030468340509234138e-02
1.030445055508575479e+03	2.772172625291579595e-01	1.740394822064026958e-01	2.384145677500963678e-01	1.435878666057525122e-01	6.924903213464227159e-02	2.712351649350386307e-02	7.036827228034404913e-02
1.031896386572671872e+03	2.769721708710449204e-01	1.738765169759801110e-01	2.385894968046772258e-01	1.436919377884011972e-01	6.929228177887243600e-02	2.714583664993375570e-02	7.043175913099009033e-02
1.033347717636768493e+03	2.767274975316977859e-01	1.737138299524148555e-01	2.387641184825030349e-01	1.437958236481182150e-01	6.933545927705940526e-02	2.716812700214574564e-02	7.049514410596070813e-02
1.034799048700865114e+03	2.764832417963866695e-01	1.735514206599816089e-01	2.389384333116900960e-01	1.438995245362270359e-01	6.937856474626481751e-02	2.719038759530196733e-02	7.055842735404758981e-02
1.036250379764961508e+03	2.762394029516007654e-01	1.733892886237735909e-01	2.391124418194512102e-01	1.440030408033013409e-01	6.942159830338309745e-02	2.721261847448630186e-02	7.062160902390350603e-02
1.037701710829058356e+03	2.759959802850464050e-01	1.732274333697009783e-01	2.392861445320972891e-01	1.441063727991668264e-01	6.946456006514160897e-02	2.723481968470456427e-02	7.068468926404210262e-02
1.039153041893154750e+03	2.757529730856451144e-01	1.730658544244894625e-01	2.394595419750388254e-01	1.442095208729033684e-01	6.950745014810071065e-02	2.725699127088464582e-02	7.074766822283760914e-02
1.040604372957251599e+03	2.755103806435316716e-01	1.729045513156786951e-01	2.396326346727873646e-01	1.443124853728468271e-01	6.955026866865389457e-02	2.727913327787669789e-02	7.081054604852456136e-02
1.042055704021347992e+03	2.752682022500518855e-01	1.727435235716208717e-01	2.398054231489571420e-01	1.444152666465911006e-01	6.959301574302786952e-02	2.730124575045326726e-02	7.087332288919757917e-02
1.043507035085444613e+03	2.750264371977608202e-01	1.725827707214792062e-01	2.399779079262666370e-01	1.445178650409899568e-01	6.963569148728264435e-02	2.732332873330947653e-02	7.093599889281100579e-02
1.044958366149541234e+03	2.747850847804207408e-01	1.724222922952264314e-01	2.401500895265400171e-01	1.446202809021590041e-01	6.967829601731163891e-02	2.734538227106317679e-02	7.099857420717875511e-02
1.046409697213637855e+03	2.745441442929990039e-01	1.722620878236434672e-01	2.403219684707086634e-01	1.447225145754776621e-01	6.972082944884186451e-02	2.736740640825510371e-02	7.106104897997399250e-02
1.047861028277734476e+03	2.743036150316662813e-01	1.721021568383177824e-01	2.404935452788128092e-01	1.448245664055910209e-01	6.976329189743389614e-02	2.738940118934905105e-02	7.112342335872888499e-02
1.049312359341831097e+03	2.740634962937946173e-01	1.719424988716420355e-01	2.406648204700029270e-01	1.449264367364117012e-01	6.980568347848208066e-02	2.741136665873201289e-02	7.118569749083435150e-02
1.050763690405927491e+03	2.738237873779551523e-01	1.717831134568125750e-01	2.408357945625413110e-01	1.450281259111219079e-01	6.984800430721460618e-02	2.743330286071435364e-02	7.124787152353981301e-02
1.052215021470024112e+03	2.735844875839163470e-01	1.716240001278280247e-01	2.410064680738035758e-01	1.451296342721752342e-01	6.989025449869362694e-02	2.745520983952996416e-02	7.130994560395294279e-02
1.053666352534120733e+03	2.733455962126420391e-01	1.714651584194877565e-01	2.411768415202802107e-01	1.452309621612985213e-01	6.993243416781536048e-02	2.747708763933641093e-02	7.137191987903944435e-02
1.055117683598217127e+03	2.731071125662893895e-01	1.713065878673905307e-01	2.413469154175779952e-01	1.453321099194937738e-01	6.997454342931017091e-02	2.749893630421510957e-02	7.143379449562275996e-02
1.056569014662313975e+03	2.728690359482068284e-01	1.711482880079330526e-01	2.415166902804216920e-01	1.454330778870401020e-01	7.001658239774276316e-02	2.752075587817146354e-02	7.149556960038382092e-02
1.058020345726410369e+03	2.726313656629323345e-01	1.709902583783084740e-01	2.416861666226553795e-01	1.455338664034954987e-01	7.005855118751222466e-02	2.754254640513504465e-02	7.155724533986089486e-02
1.059471676790506763e+03	2.723941010161910481e-01	1.708324985165050047e-01	2.418553449572439784e-01	1.456344758076987544e-01	7.010044991285215021e-02	2.756430792895971787e-02	7.161882186044923881e-02
1.060923007854603611e+03	2.721572413148937719e-01	1.706750079613044424e-01	2.420242257962748333e-01	1.457349064377712888e-01	7.014227868783080855e-02	2.758604049342382528e-02	7.168029930840091879e-02
1.062374338918700232e+03	2.719207858671347511e-01	1.705177862522808396e-01	2.421928096509591288e-01	1.458351586311190662e-01	7.018403762635121168e-02	2.760774414223033171e-02	7.174167782982461550e-02
1.063825669982796853e+03	2.716847339821896190e-01	1.703608329297989499e-01	2.423610970316334434e-01	1.459352327244343994e-01	7.022572684215122596e-02	2.762941891900696362e-02	7.180295757068531903e-02
1.065277001046893474e+03	2.714490849705137321e-01	1.702041475350129229e-01	2.425290884477612763e-01	1.460351290536976987e-01	7.026734644880373859e-02	2.765106486730640328e-02	7.186413867680413459e-02
1.066728332110990095e+03	2.712138381437399492e-01	1.700477296098648339e-01	2.426967844079344350e-01	1.461348479541794976e-01	7.030889655971674090e-02	2.767268203060639642e-02	7.192522129385804652e-02
1.068179663175086489e+03	2.709789928146766891e-01	1.698915786970833508e-01	2.428641854198745620e-01	1.462343897604421461e-01	7.035037728813343938e-02	2.769427045230994297e-02	7.198620556737973797e-02
1.069630994239183110e+03	2.707445482973061535e-01	1.697356943401822360e-01	2.430312919904346891e-01	1.463337548063416982e-01	7.039178874713242218e-02	2.771583017574543242e-02	7.204709164275727162e-02
1.071082325303279504e+03	2.705105039067821626e-01	1.695800760834589305e-01	2.431981046256006251e-01	1.464329434250296602e-01	7.043313104962774240e-02	2.773736124416679646e-02	7.210787966523399262e-02
1.072533656367376352e+03	2.702768589594283788e-01	1.694247234719932771e-01	2.433646238304924825e-01	1.465319559489548507e-01	7.047440430836907077e-02	2.775886370075366164e-02	7.216856977990822319e-02
1.073984987431472746e+03	2.700436127727361413e-01	1.692696360516459941e-01	2.435308501093662314e-01	1.466307927098652042e-01	7.051560863594179274e-02	2.778033758861151933e-02	7.222916213173306843e-02
1.075436318495569594e+03	2.698107646653626901e-01	1.691148133690573985e-01	2.436967839656149770e-01	1.467294540388095758e-01	7.055674414476716116e-02	2.780178295077185072e-02	7.228965686551623582e-02
1.076887649559666215e+03	2.695783139571292231e-01	1.689602549716459623e-01	2.438624259017706797e-01	1.468279402661395172e-01	7.059781094710243510e-02	2.782319983019230364e-02	7.235005412591979934e-02
1.078338980623762609e+03	2.693462599690188419e-01	1.688059604076068976e-01	2.440277764195054044e-01	1.469262517215110253e-01	7.063880915504094915e-02	2.784458826975682103e-02	7.241035405745997744e-02
1.079790311687859230e+03	2.691146020231747760e-01	1.686519292259108238e-01	2.441928360196329861e-01	1.470243887338864019e-01	7.067973888051226616e-02	2.786594831227580740e-02	7.247055680450693871e-02
1.081241642751955851e+03	2.688833394428980506e-01	1.684981609763023802e-01	2.443576052021103062e-01	1.471223516315360025e-01	7.072060023528237149e-02	2.788728000048627115e-02	7.253066251128462150e-02
1.082692973816052472e+03	2.686524715526460438e-01	1.683446552092988935e-01	2.445220844660389303e-01	1.472201407420399566e-01	7.076139333095370076e-02	2.790858337705198061e-02	7.259067132187049798e-02
1.084144304880149093e+03	2.684219976780303774e-01	1.681914114761889067e-01	2.446862743096664128e-01	1.473177563922900002e-01	7.080211827896536192e-02	2.792985848456361678e-02	7.265058338019542150e-02
1.085595635944245487e+03	2.681919171458146400e-01	1.680384293290308750e-01	2.448501752303879342e-01	1.474151989084912240e-01	7.084277519059320460e-02	2.795110536553889816e-02	7.271039883004334903e-02
1.087046967008342108e+03	2.679622292839130004e-01	1.678857083206518608e-01	2.450137877247476337e-01	1.475124686161636833e-01	7.088336417694994507e-02	2.797232406242276467e-02	7.277011781505125787e-02
1.088498298072438729e+03	2.677329334213879863e-01	1.677332480046460350e-01	2.451771122884399967e-01	1.476095658401444244e-01	7.092388534898540209e-02	2.799351461758750603e-02	7.282974047870884038e-02
1.089949629136535123e+03	2.675040288884483752e-01	1.675810479353734284e-01	2.453401494163114926e-01	1.477064909045890106e-01	7.096433881748651085e-02	2.801467707333290744e-02	7.288926696435840680e-02
1.091400960200631971e+03	2.672755150164478066e-01	1.674291076679585988e-01	2.455028996023619070e-01	1.478032441329732716e-01	7.100472469307750334e-02	2.803581147188640571e-02	7.294869741519463546e-02
1.092852291264728365e+03	2.670473911378822840e-01	1.672774267582892160e-01	2.456653633397458125e-01	1.478998258480951067e-01	7.104504308622006103e-02	2.805691785540323155e-02	7.300803197426440627e-02
1.094303622328825213e+03	2.668196565863886205e-01	1.671260047630146739e-01	2.458275411207740124e-01	1.479962363720761509e-01	7.108529410721343977e-02	2.807799626596656564e-02	7.306727078446664803e-02
1.095754953392921607e+03	2.665923106967423295e-01	1.669748412395448689e-01	2.459894334369150115e-01	1.480924760263635787e-01	7.112547786619460854e-02	2.809904674558767398e-02	7.312641398855207475e-02
1.097206284457018228e+03	2.663653528048557373e-01	1.668239357460487571e-01	2.461510407787963761e-01	1.481885451317316860e-01	7.116559447313837439e-02	2.812006933620605359e-02	7.318546172912311631e-02
1.098657615521114849e+03	2.661387822477763176e-01	1.666732878414530772e-01	2.463123636362062607e-01	1.482844440082836945e-01	7.120564403785754892e-02	2.814106407968959209e-02	7.324441414863362698e-02
1.100108946585211470e+03	2.659125983636843604e-01	1.665228970854409629e-01	2.464734024980948512e-01	1.483801729754534726e-01	7.124562667000304550e-02	2.816203101783469609e-02	7.330327138938881604e-02
1.101560277649308091e+03	2.656868004918913062e-01	1.663727630384506939e-01	2.466341578525756417e-01	1.484757323520070615e-01	7.128554247906407348e-02	2.818297019236645079e-02	7.336203359354499798e-02
1.103011608713404712e+03	2.654613879728378589e-01	1.662228852616742525e-01	2.467946301869270442e-01	1.485711224560445909e-01	7.132539157436822153e-02	2.820388164493875527e-02	7.342070090310946762e-02
1.104462939777501106e+03	2.652363601480920430e-01	1.660732633170561579e-01	2.469548199875937489e-01	1.486663436050018328e-01	7.136517406508166572e-02	2.822476541713447168e-02	7.347927345994030579e-02
1.105914270841597499e+03	2.650117163603472048e-01	1.659238967672919673e-01	2.471147277401881670e-01	1.487613961156518949e-01	7.140489006020925289e-02	2.824562155046556056e-02	7.353775140574619895e-02
1.107365601905694348e+03	2.647874559534202366e-01	1.657747851758270830e-01	2.472743539294917914e-01	1.488562803041069416e-01	7.144453966859465321e-02	2.826645008637324041e-02	7.359613488208632814e-02
1.108816932969790741e+03	2.645635782722496332e-01	1.656259281068554190e-01	2.474336990394566671e-01	1.489509964858197755e-01	7.148412299892052679e-02	2.828725106622811958e-02	7.365442403037016084e-02
1.110268264033887590e+03	2.643400826628936606e-01	1.654773251253179867e-01	2.475927635532068627e-01	1.490455449755855866e-01	7.152364015970866240e-02	2.830802453133033497e-02	7.371261899185729827e-02
1.111719595097984211e+03	2.641169684725281352e-01	1.653289757969017004e-01	2.477515479530397469e-01	1.491399260875435617e-01	7.156309125932013016e-02	2.832877052290971170e-02	7.377071990765732279e-02
1.113170926162080832e+03	2.638942350494450917e-01	1.651808796880381014e-01	2.479100527204275151e-01	1.492341401351786057e-01	7.160247640595539254e-02	2.834948908212588450e-02	7.382872691872963133e-02
1.114622257226177226e+03	2.636718817430506179e-01	1.650330363659018862e-01	2.480682783360186328e-01	1.493281874313228674e-01	7.164179570765447091e-02	2.837018025006845731e-02	7.388664016588331052e-02
1.116073588290273847e+03	2.634499079038628011e-01	1.648854453984097412e-01	2.482262252796390567e-01	1.494220682881574891e-01	7.168104927229708434e-02	2.839084406775713512e-02	7.394445978977694234e-02
1.117524919354370468e+03	2.632283128835100072e-01	1.647381063542190105e-01	2.483838940302938725e-01	1.495157830172141877e-01	7.172023720760282994e-02	2.841148057614186276e-02	7.400218593091849317e-02
1.118976250418467089e+03	2.630070960347291043e-01	1.645910188027263632e-01	2.485412850661684880e-01	1.496093319293769208e-01	7.175935962113130784e-02	2.843208981610297059e-02	7.405981872966513335e-02
1.120427581482563710e+03	2.627862567113632974e-01	1.644441823140666004e-01	2.486983988646302435e-01	1.497027153348834683e-01	7.179841662028224603e-02	2.845267182845131679e-02	7.411735832622309839e-02
1.121878912546660331e+03	2.625657942683607415e-01	1.642975964591112392e-01	2.488552359022296045e-01	1.497959335433270145e-01	7.183740831229568080e-02	2.847322665392843302e-02	7.417480486064755019e-02
1.123330243610756725e+03	2.623457080617720427e-01	1.641512608094673198e-01	2.490117966547017447e-01	1.498889868636580081e-01	7.187633480425208166e-02	2.849375433320663550e-02	7.423215847284245217e-02
1.124781574674853118e+03	2.621259974487489264e-01	1.640051749374760726e-01	2.491680815969677387e-01	1.499818756041854106e-01	7.191519620307255944e-02	2.851425490688920539e-02	7.428941930256038884e-02
1.126232905738949967e+03	2.619066617875420167e-01	1.638593384162116418e-01	2.493240912031361722e-01	1.500746000725785845e-01	7.195399261551892189e-02	2.853472841551048939e-02	7.434658748940246864e-02
1.127684236803046360e+03	2.616877004374991711e-01	1.637137508194798641e-01	2.494798259465044188e-01	1.501671605758687633e-01	7.199272414819388177e-02	2.855517489953606977e-02	7.440366317281814357e-02
1.129135567867143209e+03	2.614691127590635378e-01	1.635684117218168532e-01	2.496352862995599720e-01	1.502595574204506623e-01	7.203139090754123730e-02	2.857559439936287887e-02	7.446064649210512587e-02
1.130586898931239830e+03	2.612508981137718345e-01	1.634233206984878894e-01	2.497904727339819442e-01	1.503517909120841156e-01	7.206999299984594154e-02	2.859598695531935519e-02	7.451753758640920766e-02
1.132038229995336451e+03	2.610330558642521837e-01	1.632784773254860600e-01	2.499453857206423713e-01	1.504438613558956306e-01	7.210853053123435219e-02	2.861635260766556485e-02	7.457433659472413601e-02
1.133489561059432845e+03	2.608155853742226138e-01	1.631338811795309818e-01	2.501000257296076557e-01	1.505357690563799145e-01	7.214700360767428711e-02	2.863669139659335075e-02	7.463104365589154354e-02
1.134940892123529466e+03	2.605984860084889498e-01	1.629895318380676084e-01	2.502543932301398710e-01	1.506275143174015119e-01	7.218541233497524634e-02	2.865700336222646444e-02	7.468765890860069867e-02
1.136392223187626087e+03	2.603817571329431479e-01	1.628454288792648141e-01	2.504084886906981500e-01	1.507190974421964147e-01	7.222375681878853704e-02	2.867728854462070834e-02	7.474418249138853332e-02
1.137843554251722708e+03	2.601653981145612970e-01	1.627015718820144230e-01	2.505623125789401273e-01	1.508105187333735053e-01	7.226203716460745385e-02	2.869754698376405719e-02	7.480061454263942089e-02
1.139294885315819101e+03	2.599494083214018980e-01	1.625579604259295430e-01	2.507158653617233002e-01	1.509017784929162775e-01	7.230025347776737610e-02	2.871777871957681416e-02	7.485695520058506525e-02
1.140746216379915950e+03	2.597337871226039763e-01	1.624145940913436781e-01	2.508691475051063047e-01	1.509928770221841965e-01	7.233840586344598977e-02	2.873798379191173230e-02	7.491320460330438968e-02
1.142197547444012343e+03	2.595185338883853055e-01	1.622714724593092850e-01	2.510221594743503037e-01	1.510838146219143918e-01	7.237649442666342636e-02	2.875816224055414982e-02	7.496936288872342591e-02
1.143648878508108737e+03	2.593036479900402980e-01	1.621285951115965795e-01	2.511749017339204859e-01	1.511745915922232120e-01	7.241451927228235996e-02	2.877831410522212890e-02	7.502543019461521689e-02
1.145100209572205586e+03	2.590891287999386172e-01	1.619859616306923156e-01	2.513273747474872311e-01	1.512652082326076397e-01	7.245248050500827097e-02	2.879843942556659792e-02	7.508140665859963647e-02
1.146551540636302207e+03	2.588749756915230127e-01	1.618435715997984248e-01	2.514795789779276092e-01	1.513556648419469575e-01	7.249037822938947384e-02	2.881853824117146592e-02	7.513729241814334769e-02
1.148002871700398828e+03	2.586611880393077101e-01	1.617014246028309066e-01	2.516315148873267127e-01	1.514459617185041906e-01	7.252821254981739463e-02	2.883861059155377535e-02	7.519308761055967794e-02
1.149454202764495449e+03	2.584477652188762464e-01	1.615595202244184958e-01	2.517831829369789332e-01	1.515360991599277174e-01	7.256598357052664039e-02	2.885865651616382685e-02	7.524879237300848012e-02
1.150905533828591842e+03	2.582347066068801933e-01	1.614178580499015248e-01	2.519345835873894601e-01	1.516260774632526565e-01	7.260369139559524898e-02	2.887867605438530771e-02	7.530440684249602168e-02
1.152356864892688463e+03	2.580220115810367698e-01	1.612764376653305354e-01	2.520857172982754468e-01	1.517158969249025602e-01	7.264133612894473069e-02	2.889866924553544450e-02	7.535993115587495683e-02
1.153808195956785084e+03	2.578096795201273994e-01	1.611352586574651968e-01	2.522365845285675645e-01	1.518055578406907746e-01	7.267891787434031803e-02	2.891863612886511406e-02	7.541536544984411838e-02
1.155259527020881706e+03	2.575977098039958779e-01	1.609943206137730287e-01	2.523871857364110571e-01	1.518950605058220216e-01	7.271643673539107677e-02	2.893857674355897538e-02	7.547070986094847611e-02
1.156710858084978327e+03	2.573861018135463197e-01	1.608536231224280966e-01	2.525375213791674622e-01	1.519844052148938696e-01	7.275389281555010024e-02	2.895849112873561879e-02	7.552596452557905349e-02
1.158162189149074720e+03	2.571748549307416032e-01	1.607131657723099294e-01	2.526875919134156101e-01	1.520735922618982328e-01	7.279128621811464805e-02	2.897837932344768386e-02	7.558112957997278891e-02
1.159613520213171569e+03	2.569639685386015948e-01	1.605729481530021041e-01	2.528373977949531226e-01	1.521626219402229530e-01	7.282861704622631271e-02	2.899824136668200172e-02	7.563620516021242468e-02
1.161064851277267962e+03	2.567534420212009838e-01	1.604329698547912464e-01	2.529869394787979120e-01	1.522514945426531319e-01	7.286588540287117222e-02	2.901807729735970953e-02	7.569119140222646536e-02
1.162516182341364356e+03	2.565432747636677835e-01	1.602932304686656428e-01	2.531362174191890690e-01	1.523402103613727132e-01	7.290309139087995660e-02	2.903788715433639270e-02	7.574608844178906675e-02
1.163967513405461204e+03	2.563334661521816105e-01	1.601537295863141586e-01	2.532852320695885839e-01	1.524287696879658982e-01	7.294023511292818673e-02	2.905767097640222021e-02	7.580089641451993876e-02
1.165418844469557826e+03	2.561240155739717417e-01	1.600144668001248494e-01	2.534339838826825675e-01	1.525171728134187832e-01	7.297731667153639634e-02	2.907742880228205221e-02	7.585561545588423438e-02
1.166870175533654447e+03	2.559149224173152271e-01	1.598754417031839070e-01	2.535824733103825834e-01	1.526054200281205808e-01	7.301433616907025692e-02	2.909716067063559952e-02	7.591024570119250803e-02
1.168321506597751068e+03	2.557061860715353352e-01	1.597366538892743548e-01	2.537307008038268696e-01	1.526935116218652855e-01	7.305129370774070263e-02	2.911686662005752782e-02	7.596478728560059068e-02
1.169772837661847461e+03	2.554978059269996660e-01	1.595981029528749928e-01	2.538786668133817814e-01	1.527814478838530055e-01	7.308818938960415235e-02	2.913654668907760328e-02	7.601924034410953435e-02
1.171224168725944082e+03	2.552897813751182632e-01	1.594597884891589268e-01	2.540263717886430683e-01	1.528692291026915451e-01	7.312502331656263455e-02	2.915620091616081058e-02	7.607360501156550103e-02
1.172675499790040703e+03	2.550821118083419492e-01	1.593217100939926245e-01	2.541738161784372618e-01	1.529568555663977369e-01	7.316179559036398161e-02	2.917582933970747777e-02	7.612788142265970726e-02
1.174126830854137097e+03	2.548747966201607151e-01	1.591838673639346113e-01	2.543210004308228411e-01	1.530443275623989408e-01	7.319850631260195473e-02	2.919543199805342548e-02	7.618206971192831300e-02
1.175578161918233945e+03	2.546678352051015559e-01	1.590462598962342489e-01	2.544679249930916209e-01	1.531316453775344588e-01	7.323515558471643816e-02	2.921500892947007100e-02	7.623617001375239399e-02
1.177029492982330339e+03	2.544612269587270270e-01	1.589088872888305415e-01	2.546145903117701947e-01	1.532188092980570349e-01	7.327174350799361968e-02	2.923456017216456357e-02	7.629018246235781675e-02
1.178480824046426733e+03	2.542549712776333570e-01	1.587717491403510539e-01	2.547609968326209895e-01	1.533058196096342418e-01	7.330827018356608771e-02	2.925408576427991625e-02	7.634410719181519700e-02
1.179932155110523581e+03	2.540490675594487824e-01	1.586348450501105234e-01	2.549071450006437090e-01	1.533926765973498973e-01	7.334473571241303946e-02	2.927358574389512733e-02	7.639794433603981638e-02
1.181383486174620202e+03	2.538435152028314379e-01	1.584981746181098605e-01	2.550530352600767769e-01	1.534793805457055627e-01	7.338114019536046140e-02	2.929306014902530869e-02	7.645169402879153919e-02
1.182834817238716823e+03	2.536383136074681355e-01	1.583617374450348725e-01	2.551986680543983921e-01	1.535659317386217915e-01	7.341748373308128184e-02	2.931250901762181074e-02	7.650535640367474299e-02
1.184286148302813444e+03	2.534334621740721438e-01	1.582255331322550695e-01	2.553440438263278600e-01	1.536523304594397954e-01	7.345376642609550977e-02	2.933193238757235075e-02	7.655893159413826310e-02
1.185737479366910065e+03	2.532289603043817450e-01	1.580895612818225271e-01	2.554891630178271478e-01	1.537385769909226374e-01	7.348998837477042911e-02	2.935133029670114121e-02	7.661241973347536482e-02
1.187188810431006686e+03	2.530248074011583470e-01	1.579538214964706921e-01	2.556340260701018274e-01	1.538246716152567306e-01	7.352614967932075141e-02	2.937070278276899399e-02	7.666582095482359083e-02
1.188640141495103080e+03	2.528210028681846522e-01	1.578183133796132176e-01	2.557786334236026859e-01	1.539106146140532816e-01	7.356225043980881007e-02	2.939004988347347982e-02	7.671913539116476111e-02
1.190091472559199701e+03	2.526175461102632136e-01	1.576830365353427132e-01	2.559229855180267799e-01	1.539964062683495949e-01	7.359829075614465754e-02	2.940937163644902208e-02	7.677236317532491749e-02
1.191542803623296322e+03	2.524144365332143813e-01	1.575479905684297188e-01	2.560670827923187676e-01	1.540820468586104885e-01	7.363427072808632901e-02	2.942866807926703895e-02	7.682550443997419876e-02
1.192994134687392716e+03	2.522116735438745816e-01	1.574131750843213440e-01	2.562109256846724081e-01	1.541675366647298207e-01	7.367019045523991172e-02	2.944793924943605798e-02	7.687855931762685446e-02
1.194445465751489564e+03	2.520092565500948734e-01	1.572785896891402968e-01	2.563545146325315049e-01	1.542528759660316551e-01	7.370605003705979485e-02	2.946718518440184092e-02	7.693152794064114786e-02
1.195896796815585958e+03	2.518071849607388946e-01	1.571442339896835516e-01	2.564978500725913491e-01	1.543380650412717603e-01	7.374184957284875275e-02	2.948640592154752257e-02	7.698441044121930033e-02
1.197348127879682352e+03	2.516054581856812522e-01	1.570101075934212942e-01	2.566409324408002735e-01	1.544231041686389971e-01	7.377758916175819470e-02	2.950560149819370093e-02	7.703720695140747754e-02
1.198799458943779200e+03	2.514040756358058570e-01	1.568762101084956728e-01	2.567837621723604302e-01	1.545079936257566788e-01	7.381326890278830377e-02	2.952477195159859333e-02	7.708991760309570618e-02
1.200250790007875821e+03	2.512030367230041472e-01	1.567425411437197991e-01	2.569263397017292894e-01	1.545927336896839588e-01	7.384888889478817553e-02	2.954391731895814055e-02	7.714254252801779066e-02
1.201702121071972442e+03	2.510023408601733674e-01	1.566091003085763878e-01	2.570686654626210266e-01	1.546773246369171073e-01	7.388444923645601237e-02	2.956303763740613169e-02	7.719508185775131315e-02
1.203153452136069063e+03	2.508019874612147371e-01	1.564758872132167300e-01	2.572107398880076889e-01	1.547617667433909272e-01	7.391995002633926226e-02	2.958213294401433255e-02	7.724753572371761967e-02
1.204604783200165684e+03	2.506019759410320624e-01	1.563429014684594442e-01	2.573525634101205273e-01	1.548460602844801415e-01	7.395539136283488246e-02	2.960120327579259317e-02	7.729990425718163971e-02
1.206056114264262078e+03	2.504023057155295717e-01	1.562101426857894493e-01	2.574941364604511618e-01	1.549302055350007257e-01	7.399077334418936724e-02	2.962024866968898662e-02	7.735218758925198335e-02
1.207507445328358699e+03	2.502029762016106385e-01	1.560776104773567707e-01	2.576354594697528588e-01	1.550142027692112123e-01	7.402609606849903934e-02	2.963926916258991656e-02	7.740438585088084411e-02
1.208958776392455093e+03	2.500039868171757274e-01	1.559453044559752921e-01	2.577765328680418078e-01	1.550980522608141066e-01	7.406135963371011932e-02	2.965826479132024213e-02	7.745649917286391573e-02
1.210410107456551941e+03	2.498053369811209512e-01	1.558132242351217556e-01	2.579173570845985641e-01	1.551817542829571905e-01	7.409656413761897542e-02	2.967723559264339936e-02	7.750852768584043373e-02
1.211861438520648335e+03	2.496070261133361279e-01	1.556813694289345962e-01	2.580579325479689379e-01	1.552653091082348558e-01	7.413170967787224841e-02	2.969618160326152265e-02	7.756047152029303671e-02
1.213312769584745183e+03	2.494090536347033094e-01	1.555497396522126652e-01	2.581982596859656032e-01	1.553487170086894076e-01	7.416679635196701814e-02	2.971510285981555921e-02	7.761233080654784955e-02
1.214764100648841804e+03	2.492114189670949775e-01	1.554183345204142030e-01	2.583383389256690976e-01	1.554319782558123975e-01	7.420182425725101172e-02	2.973399939888538707e-02	7.766410567477434468e-02
1.216215431712937971e+03	2.490141215333723235e-01	1.552871536496557847e-01	2.584781706934292655e-01	1.555150931205460385e-01	7.423679349092272839e-02	2.975287125698995380e-02	7.771579625498534205e-02
1.217666762777034819e+03	2.488171607573835542e-01	1.551561966567109596e-01	2.586177554148665347e-01	1.555980618732844267e-01	7.427170415003164772e-02	2.977171847058735984e-02	7.776740267703698140e-02
1.219118093841131440e+03	2.486205360639623663e-01	1.550254631590093635e-01	2.587570935148728601e-01	1.556808847838748455e-01	7.430655633147836836e-02	2.979054107607501112e-02	7.781892507062869446e-02
1.220569424905228061e+03	2.484242468789260028e-01	1.548949527746353860e-01	2.588961854176132782e-01	1.557635621216192090e-01	7.434135013201480235e-02	2.980933910978971618e-02	7.787036356530317727e-02
1.222020755969324682e+03	2.482282926290737823e-01	1.547646651223271996e-01	2.590350315465269615e-01	1.558460941552751444e-01	7.437608564824432777e-02	2.982811260800781461e-02	7.792171829044633458e-02
1.223472087033421303e+03	2.480326727421853505e-01	1.546345998214755102e-01	2.591736323243286066e-01	1.559284811530575743e-01	7.441076297662198302e-02	2.984686160694529147e-02	7.797298937528727991e-02
1.224923418097517697e+03	2.478373866470190146e-01	1.545047564921225303e-01	2.593119881730095999e-01	1.560107233826397710e-01	7.444538221345460560e-02	2.986558614275789530e-02	7.802417694889828004e-02
1.226374749161614318e+03	2.476424337733099112e-01	1.543751347549607855e-01	2.594500995138392940e-01	1.560928211111547448e-01	7.447994345490101253e-02	2.988428625154125606e-02	7.807528114019476884e-02
1.227826080225710712e+03	2.474478135517686195e-01	1.542457342313320601e-01	2.595879667673660629e-01	1.561747746051966035e-01	7.451444679697219464e-02	2.990296196933099615e-02	7.812630207793529180e-02
1.229277411289807560e+03	2.472535254140793282e-01	1.541165545432262030e-01	2.597255903534187449e-01	1.562565841308217462e-01	7.454889233553145533e-02	2.992161333210285185e-02	7.817723989072147828e-02
1.230728742353903954e+03	2.470595687928981432e-01	1.539875953132800734e-01	2.598629706911079196e-01	1.563382499535501957e-01	7.458328016629461876e-02	2.994024037577278780e-02	7.822809470699808310e-02
1.232180073418000802e+03	2.468659431218515055e-01	1.538588561647763753e-01	2.600001081988269624e-01	1.564197723383668470e-01	7.461761038483015473e-02	2.995884313619712191e-02	7.827886665505286168e-02
1.233631404482097196e+03	2.466726478355344976e-01	1.537303367216426575e-01	2.601370032942532662e-01	1.565011515497227723e-01	7.465188308655940075e-02	2.997742164917262253e-02	7.832955586301665329e-02
1.235082735546193817e+03	2.464796823695091510e-01	1.536020366084500099e-01	2.602736563943496839e-01	1.565823878515364420e-01	7.468609836675667302e-02	2.999597595043664716e-02	7.838016245886329780e-02
1.236534066610290438e+03	2.462870461603028638e-01	1.534739554504121750e-01	2.604100679153654174e-01	1.566634815071950571e-01	7.472025632054953015e-02	3.001450607566723272e-02	7.843068657040964953e-02
1.237985397674387059e+03	2.460947386454067354e-01	1.533460928733842710e-01	2.605462382728375159e-01	1.567444327795558257e-01	7.475435704291882866e-02	3.003301206048323083e-02	7.848112832531557725e-02
1.239436728738483680e+03	2.459027592632738457e-01	1.532184485038617650e-01	2.606821678815920418e-01	1.568252419309471013e-01	7.478840062869900052e-02	3.005149394044440841e-02	7.853148785108389485e-02
1.240888059802580301e+03	2.457111074533176454e-01	1.530910219689793628e-01	2.608178571557451808e-01	1.569059092231697428e-01	7.482238717257813643e-02	3.006995175105157958e-02	7.858176527506040288e-02
1.242339390866676695e+03	2.455197826559104013e-01	1.529638128965099264e-01	2.609533065087045745e-01	1.569864349174984186e-01	7.485631676909824950e-02	3.008838552774669231e-02	7.863196072443384699e-02
1.243790721930773088e+03	2.453287843123814482e-01	1.528368209148633083e-01	2.610885163531703745e-01	1.570668192746827174e-01	7.489018951265537238e-02	3.010679530591297073e-02	7.868207432623593178e-02
1.245242052994869937e+03	2.451381118650155233e-01	1.527100456530853523e-01	2.612234871011366866e-01	1.571470625549485078e-01	7.492400549749976546e-02	3.012518112087500533e-02	7.873210620734130694e-02
1.246693384058966330e+03	2.449477647570512950e-01	1.525834867408566720e-01	2.613582191638925689e-01	1.572271650179990765e-01	7.495776481773606947e-02	3.014354300789888821e-02	7.878205649446756720e-02
1.248144715123063179e+03	2.447577424326795315e-01	1.524571438084917352e-01	2.614927129520233096e-01	1.573071269230165159e-01	7.499146756732348595e-02	3.016188100219230339e-02	7.883192531417519688e-02
1.249596046187159800e+03	2.445680443370416568e-01	1.523310164869376704e-01	2.616269688754117029e-01	1.573869485286627790e-01	7.502511384007598538e-02	3.018019513890465855e-02	7.888171279286762538e-02
1.251047377251256421e+03	2.443786699162279752e-01	1.522051044077730730e-01	2.617609873432392154e-01	1.574666300930810670e-01	7.505870372966241821e-02	3.019848545312718222e-02	7.893141905679119941e-02
1.252498708315352815e+03	2.441896186172761163e-01	1.520794072032071176e-01	2.618947687639870403e-01	1.575461718738969397e-01	7.509223732960675080e-02	3.021675197989305214e-02	7.898104423203518298e-02
1.253950039379449436e+03	2.440008898881693422e-01	1.519539245060783639e-01	2.620283135454374301e-01	1.576255741282195921e-01	7.512571473328817639e-02	3.023499475417749244e-02	7.903058844453178522e-02
1.255401370443546057e+03	2.438124831778351598e-01	1.518286559498537025e-01	2.621616220946748621e-01	1.577048371126431592e-01	7.515913603394129561e-02	3.025321381089788458e-02	7.908005182005609091e-02
1.256852701507642678e+03	2.436243979361433776e-01	1.517036011686272445e-01	2.622946948180873705e-01	1.577839610832477146e-01	7.519250132465636616e-02	3.027140918491389929e-02	7.912943448422612991e-02
1.258304032571739299e+03	2.434366336139046905e-01	1.515787597971193224e-01	2.624275321213675460e-01	1.578629462956006868e-01	7.522581069837940004e-02	3.028958091102758668e-02	7.917873656250284942e-02
1.259755363635835920e+03	2.432491896628690420e-01	1.514541314706753516e-01	2.625601344095137568e-01	1.579417930047579688e-01	7.525906424791235783e-02	3.030772902398349428e-02	7.922795818019012781e-02
1.261206694699932314e+03	2.430620655357240423e-01	1.513297158252646657e-01	2.626925020868313698e-01	1.580205014652651674e-01	7.529226206591332904e-02	3.032585355846876760e-02	7.927709946243478856e-02
1.262658025764028707e+03	2.428752606860932473e-01	1.512055124974796272e-01	2.628246355569339165e-01	1.580990719311587966e-01	7.532540424489668485e-02	3.034395454911328546e-02	7.932616053422654467e-02
1.264109356828125556e+03	2.426887745685347153e-01	1.510815211245344625e-01	2.629565352227443698e-01	1.581775046559674436e-01	7.535849087723327233e-02	3.036203203048974328e-02	7.937514152039812365e-02
1.265560687892221949e+03	2.425026066385392587e-01	1.509577413442642069e-01	2.630882014864961427e-01	1.582557998927130172e-01	7.539152205515056715e-02	3.038008603711378139e-02	7.942404254562515642e-02
1.267012018956318798e+03	2.423167563525289447e-01	1.508341727951235944e-01	2.632196347497345323e-01	1.583339578939118863e-01	7.542449787073290945e-02	3.039811660344407529e-02	7.947286373442627450e-02
1.268463350020415419e+03	2.421312231678554305e-01	1.507108151161859477e-01	2.633508354133175522e-01	1.584119789115760457e-01	7.545741841592157328e-02	3.041612376388247441e-02	7.952160521116306835e-02
1.269914681084511813e+03	2.419460065427984641e-01	1.505876679471424284e-01	2.634818038774175419e-01	1.584898631972144478e-01	7.549028378251505800e-02	3.043410755277407495e-02	7.957026710004011516e-02
1.271366012148608434e+03	2.417611059365642467e-01	1.504647309283005940e-01	2.636125405415218337e-01	1.585676110018339746e-01	7.552309406216914378e-02	3.045206800440735870e-02	7.961884952510502045e-02
1.272817343212705055e+03	2.415765208092837957e-01	1.503420037005834542e-01	2.637430458044343062e-01	1.586452225759408530e-01	7.555584934639716921e-02	3.047000515301429013e-02	7.966735261024837644e-02
1.274268674276801676e+03	2.413922506220114728e-01	1.502194859055284992e-01	2.638733200642764398e-01	1.587226981695415984e-01	7.558854972657011451e-02	3.048791903277041360e-02	7.971577647920381759e-02
1.275720005340898297e+03	2.412082948367232360e-01	1.500971771852866177e-01	2.640033637184883708e-01	1.588000380321442639e-01	7.562119529391686523e-02	3.050580967779498165e-02	7.976412125554802057e-02
1.277171336404994690e+03	2.410246529163152795e-01	1.499750771826209306e-01	2.641331771638303350e-01	1.588772424127596894e-01	7.565378613952432330e-02	3.052367712215104875e-02	7.981238706270077365e-02
1.278622667469091539e+03	2.408413243246022850e-01	1.498531855409059310e-01	2.642627607963835001e-01	1.589543115599026113e-01	7.568632235433758737e-02	3.054152139984557882e-02	7.986057402392489346e-02
1.280073998533187932e+03	2.406583085263159227e-01	1.497315019041262907e-01	2.643921150115514096e-01	1.590312457215927455e-01	7.571880402916017494e-02	3.055934254482956317e-02	7.990868226232632210e-02
1.281525329597284326e+03	2.404756049871032697e-01	1.496100259168758051e-01	2.645212402040609811e-01	1.591080451453560363e-01	7.575123125465411944e-02	3.057714059099811768e-02	7.995671190085414104e-02
1.282976660661381175e+03	2.402932131735252275e-01	1.494887572243564500e-01	2.646501367679635619e-01	1.591847100782258773e-01	7.578360412134022006e-02	3.059491557219059382e-02	8.000466306230059887e-02
1.284427991725477568e+03	2.401111325530549401e-01	1.493676954723772432e-01	2.647788050966363715e-01	1.592612407667440277e-01	7.581592271959816665e-02	3.061266752219068618e-02	8.005253586930108356e-02
1.285879322789574417e+03	2.399293625940762675e-01	1.492468403073532179e-01	2.649072455827835015e-01	1.593376374569620557e-01	7.584818713966673398e-02	3.063039647472652616e-02	8.010033044433419180e-02
1.287330653853671038e+03	2.397479027658823147e-01	1.491261913763044511e-01	2.650354586184370254e-01	1.594139003944421429e-01	7.588039747164394833e-02	3.064810246347080686e-02	8.014804690972174295e-02
1.288781984917767431e+03	2.395667525386737107e-01	1.490057483268549809e-01	2.651634445949582197e-01	1.594900298242585834e-01	7.591255380548728171e-02	3.066578552204087676e-02	8.019568538762882060e-02
1.290233315981864052e+03	2.393859113835570540e-01	1.488855108072317524e-01	2.652912039030385638e-01	1.595660259909986722e-01	7.594465623101379070e-02	3.068344568399884731e-02	8.024324600006378649e-02
