1.001418434226643626e+03	2.821693731263021365e-01	1.774438405637159266e-01	2.348438499303827087e-01	1.414496711247101024e-01	6.836433902165472976e-02	2.667339120911439015e-02	6.905553502401846899e-02
1.003837319333471214e+03	2.817471681042995613e-01	1.771627889766015373e-01	2.351456615028945096e-01	1.416291432713261411e-01	6.843876883650523713e-02	2.671184656241436944e-02	6.916462274585709336e-02
1.006256204440298802e+03	2.813261631393060291e-01	1.768825364386497068e-01	2.354465905798852621e-01	1.418080812372654598e-01	6.851299140312827607e-02	2.675021807469515900e-02	6.927341912696857729e-02
1.008675089547126618e+03	2.809063548167906599e-01	1.766030806738238257e-01	2.357466396859899671e-01	1.419864867201712511e-01	6.858700728174220440e-02	2.678850595130522969e-02	6.938192487007535658e-02
1.011093974653954206e+03	2.804877397319102683e-01	1.763244194126231401e-01	2.360458113386512957e-01	1.421643614115573606e-01	6.866081703125401225e-02	2.682671039700259760e-02	6.949014067689975038e-02
1.013512859760782021e+03	2.800703144894837182e-01	1.760465503920624897e-01	2.363441080481398782e-01	1.423417069968358761e-01	6.873442120926025189e-02	2.686483161595700636e-02	6.959806724815921497e-02
1.015931744867609382e+03	2.796540757039656100e-01	1.757694713556519905e-01	2.366415323175747321e-01	1.425185251553446053e-01	6.880782037204774548e-02	2.690286981175207467e-02	6.970570528356159756e-02
1.018350629974437197e+03	2.792390199994210231e-01	1.754931800533767738e-01	2.369380866429436350e-01	1.426948175603743874e-01	6.888101507459458428e-02	2.694082518738744741e-02	6.981305548180047338e-02
1.020769515081264785e+03	2.788251440094991485e-01	1.752176742416770294e-01	2.372337735131232750e-01	1.428705858791962657e-01	6.895400587057107233e-02	2.697869794528093973e-02	6.992011854055052433e-02
1.023188400188092373e+03	2.784124443774078084e-01	1.749429516834280218e-01	2.375285954098995400e-01	1.430458317730884388e-01	6.902679331234065629e-02	2.701648828727064994e-02	7.002689515646307039e-02
1.025607285294920075e+03	2.780009177558875888e-01	1.746690101479203006e-01	2.378225548079876683e-01	1.432205568973630994e-01	6.909937795096093849e-02	2.705419641461708630e-02	7.013338602516150377e-02
1.028026170401747549e+03	2.775905608071859154e-01	1.743958474108399104e-01	2.381156541750522881e-01	1.433947629013930247e-01	6.917176033618475939e-02	2.709182252800527296e-02	7.023959184123697297e-02
1.030445055508575479e+03	2.771813702030315185e-01	1.741234612542489346e-01	2.384078959717274571e-01	1.435684514286381941e-01	6.924394101646125232e-02	2.712936682754684553e-02	7.034551329824396959e-02
1.032863940615402726e+03	2.767733426246083428e-01	1.738518494665658998e-01	2.386992826516367294e-01	1.437416241166720454e-01	6.931592053893693983e-02	2.716682951278213271e-02	7.045115108869605403e-02
1.035282825722230655e+03	2.763664747625302343e-01	1.735810098425463466e-01	2.389898166614130293e-01	1.439142825972077322e-01	6.938769944945691326e-02	2.720421078268224144e-02	7.055650590406166434e-02
1.037701710829058356e+03	2.759607633168147389e-01	1.733109401832637342e-01	2.392795004407185233e-01	1.440864284961241304e-01	6.945927829256601238e-02	2.724151083565110737e-02	7.066157843475989742e-02
1.040120595935886058e+03	2.755562049968577343e-01	1.730416382960900945e-01	2.395683364222644107e-01	1.442580634334917622e-01	6.953065761151001889e-02	2.727872986952757650e-02	7.076636937015647055e-02
1.042539481042713533e+03	2.751527965214077831e-01	1.727731019946769642e-01	2.398563270318308238e-01	1.444291890235985532e-01	6.960183794823690540e-02	2.731586808158743482e-02	7.087087939855962748e-02
1.044958366149541234e+03	2.747505346185402098e-01	1.725053290989364274e-01	2.401434746882863958e-01	1.445998068749752563e-01	6.967281984339809831e-02	2.735292566854544138e-02	7.097510920721618322e-02
1.047377251256368709e+03	2.743494160256318981e-01	1.722383174350222423e-01	2.404297818036079393e-01	1.447699185904211816e-01	6.974360383634978233e-02	2.738990282655736838e-02	7.107905948230759663e-02
1.049796136363196410e+03	2.739494374893353124e-01	1.719720648353110226e-01	2.407152507829001531e-01	1.449395257670292314e-01	6.981419046515423277e-02	2.742679975122200992e-02	7.118273090894608468e-02
1.052215021470024112e+03	2.735505957655531839e-01	1.717065691383835024e-01	2.409998840244150231e-01	1.451086299962111581e-01	6.988458026658113387e-02	2.746361663758320470e-02	7.128612417117086153e-02
1.054633906576851814e+03	2.731528876194129207e-01	1.714418281890059126e-01	2.412836839195714178e-01	1.452772328637225996e-01	6.995477377610898051e-02	2.750035368013180673e-02	7.138923995194436378e-02
1.057052791683679516e+03	2.727563098252412388e-01	1.711778398381114952e-01	2.415666528529745727e-01	1.454453359496878373e-01	7.002477152792650761e-02	2.753701107280770444e-02	7.149207893314860063e-02
1.059471676790506763e+03	2.723608591665386269e-01	1.709146019427820462e-01	2.418487932024352693e-01	1.456129408286246929e-01	7.009457405493410564e-02	2.757358900900177753e-02	7.159464179558146235e-02
1.061890561897334692e+03	2.719665324359539782e-01	1.706521123662295414e-01	2.421301073389893754e-01	1.457800490694688145e-01	7.016418188874523620e-02	2.761008768155788842e-02	7.169692921895320925e-02
1.064309447004162394e+03	2.715733264352591103e-01	1.703903689777777619e-01	2.424105976269170515e-01	1.459466622355984344e-01	7.023359555968793078e-02	2.764650728277481470e-02	7.179894188188293280e-02
1.066728332110990095e+03	2.711812379753237301e-01	1.701293696528442811e-01	2.426902664237619578e-01	1.461127818848584059e-01	7.030281559680634507e-02	2.768284800440822327e-02	7.190068046189514173e-02
1.069147217217817570e+03	2.707902638760898428e-01	1.698691122729222014e-01	2.429691160803504613e-01	1.462784095695844888e-01	7.037184252786217453e-02	2.771911003767261322e-02	7.200214563541627866e-02
1.071566102324645271e+03	2.704004009665468278e-01	1.696095947255622238e-01	2.432471489408106757e-01	1.464435468366273307e-01	7.044067687933630584e-02	2.775529357324323099e-02	7.210333807777145887e-02
1.073984987431472746e+03	2.700116460847060140e-01	1.693508149043544686e-01	2.435243673425916411e-01	1.466081952273763922e-01	7.050931917643031566e-02	2.779139880125800627e-02	7.220425846318116736e-02
1.076403872538300675e+03	2.696239960775756450e-01	1.690927707089109888e-01	2.438007736164822525e-01	1.467723562777836221e-01	7.057776994306805274e-02	2.782742591131946719e-02	7.230490746475801145e-02
1.078822757645127922e+03	2.692374478011356764e-01	1.688354600448474796e-01	2.440763700866301900e-01	1.469360315183871335e-01	7.064602970189730324e-02	2.786337509249664501e-02	7.240528575450354276e-02
1.081241642751955851e+03	2.688519981203130738e-01	1.685788808237658754e-01	2.443511590705609304e-01	1.470992224743346011e-01	7.071409897429137281e-02	2.789924653332696153e-02	7.250539400330516249e-02
1.083660527858783553e+03	2.684676439089562217e-01	1.683230309632366417e-01	2.446251428791965388e-01	1.472619306654066873e-01	7.078197828035069639e-02	2.793504042181812683e-02	7.260523288093302663e-02
1.086079412965611255e+03	2.680843820498104990e-01	1.680679083867810675e-01	2.448983238168744581e-01	1.474241576060401904e-01	7.084966813890458681e-02	2.797075694545001628e-02	7.270480305603709004e-02
1.088498298072438729e+03	2.677022094344931880e-01	1.678135110238538064e-01	2.451707041813662169e-01	1.475859048053512479e-01	7.091716906751287242e-02	2.800639629117653712e-02	7.280410519614405329e-02
1.090917183179266431e+03	2.673211229634686048e-01	1.675598368098253632e-01	2.454422862638961922e-01	1.477471737671581242e-01	7.098448158246754847e-02	2.804195864542749494e-02	7.290313996765455939e-02
1.093336068286093905e+03	2.669411195460232866e-01	1.673068836859649133e-01	2.457130723491602331e-01	1.479079659900041643e-01	7.105160619879458128e-02	2.807744419411043607e-02	7.300190803584029331e-02
1.095754953392921607e+03	2.665621961002413443e-01	1.670546495994227332e-01	2.459830647153442573e-01	1.480682829671803868e-01	7.111854343025557357e-02	2.811285312261249669e-02	7.310041006484119253e-02
1.098173838499749309e+03	2.661843495529795933e-01	1.668031325032131029e-01	2.462522656341426808e-01	1.482281261867481603e-01	7.118529378934956853e-02	2.814818561580224518e-02	7.319864671766269926e-02
1.100592723606577010e+03	2.658075768398430738e-01	1.665523303561970703e-01	2.465206773707770416e-01	1.483874971315615465e-01	7.125185778731475683e-02	2.818344185803149313e-02	7.329661865617306815e-02
1.103011608713404712e+03	2.654318749051604587e-01	1.663022411230653252e-01	2.467883021840144298e-01	1.485463972792897269e-01	7.131823593413028073e-02	2.821862203313712028e-02	7.339432654110070176e-02
1.105430493820231959e+03	2.650572407019594068e-01	1.660528627743212970e-01	2.470551423261857227e-01	1.487048281024390961e-01	7.138442873851805204e-02	2.825372632444289253e-02	7.349177103203162476e-02
1.107849378927059888e+03	2.646836711919422491e-01	1.658041932862638901e-01	2.473212000432039592e-01	1.488627910683753552e-01	7.145043670794452850e-02	2.828875491476124174e-02	7.358895278740684720e-02
1.110268264033887590e+03	2.643111633454613973e-01	1.655562306409707751e-01	2.475864775745827973e-01	1.490202876393455500e-01	7.151626034862254566e-02	2.832370798639508025e-02	7.368587246451997752e-02
1.112687149140715292e+03	2.639397141414949188e-01	1.653089728262814306e-01	2.478509771534545270e-01	1.491773192724997754e-01	7.158190016551317647e-02	2.835858572113955992e-02	7.378253071951472453e-02
1.115106034247542766e+03	2.635693205676225004e-01	1.650624178357804339e-01	2.481147010065882508e-01	1.493338874199130195e-01	7.164735666232753541e-02	2.839338830028387620e-02	7.387892820738246880e-02
1.117524919354370468e+03	2.631999796200009678e-01	1.648165636687806412e-01	2.483776513544081466e-01	1.494899935286065906e-01	7.171263034152870752e-02	2.842811590461300983e-02	7.397506558196001447e-02
1.119943804461197942e+03	2.628316883033403051e-01	1.645714083303064235e-01	2.486398304110114532e-01	1.496456390405696835e-01	7.177772170433356635e-02	2.846276871440949624e-02	7.407094349592721616e-02
1.122362689568025871e+03	2.624644436308791184e-01	1.643269498310772347e-01	2.489012403841864285e-01	1.498008253927807232e-01	7.184263125071470302e-02	2.849734690945518456e-02	7.416656260080477236e-02
1.124781574674853118e+03	2.620982426243610441e-01	1.640831861874909314e-01	2.491618834754304179e-01	1.499555540172285428e-01	7.190735947940228578e-02	2.853185066903296541e-02	7.426192354695203279e-02
1.127200459781681047e+03	2.617330823140101570e-01	1.638401154216073408e-01	2.494217618799676739e-01	1.501098263409336164e-01	7.197190688788603075e-02	2.856628017192850907e-02	7.435702698356483342e-02
1.129619344888508749e+03	2.613689597385077112e-01	1.635977355611316908e-01	2.496808777867673690e-01	1.502636437859689866e-01	7.203627397241707531e-02	2.860063559643200026e-02	7.445187355867337320e-02
1.132038229995336451e+03	2.610058719449675491e-01	1.633560446393983456e-01	2.499392333785612763e-01	1.504170077694810814e-01	7.210046122800993496e-02	2.863491712033984851e-02	7.454646391914024339e-02
1.134457115102163925e+03	2.606438159889125639e-01	1.631150406953544019e-01	2.501968308318615608e-01	1.505699197037106418e-01	7.216446914844447391e-02	2.866912492095639517e-02	7.464079871065827654e-02
1.136876000208991627e+03	2.602827889342509415e-01	1.628747217735434516e-01	2.504536723169785706e-01	1.507223809960132332e-01	7.222829822626782026e-02	2.870325917509562383e-02	7.473487857774872845e-02
1.139294885315819101e+03	2.599227878532522906e-01	1.626350859240893454e-01	2.507097599980383507e-01	1.508743930488798957e-01	7.229194895279636435e-02	2.873732005908285342e-02	7.482870416375927980e-02
1.141713770422646803e+03	2.595638098265241611e-01	1.623961312026800108e-01	2.509650960330003233e-01	1.510259572599575162e-01	7.235542181811770168e-02	2.877130774875642089e-02	7.492227611086219041e-02
1.144132655529474505e+03	2.592058519429881192e-01	1.621578556705513541e-01	2.512196825736751071e-01	1.511770750220692294e-01	7.241871731109267296e-02	2.880522241946936388e-02	7.501559506005243960e-02
1.146551540636302207e+03	2.588489112998566544e-01	1.619202573944712176e-01	2.514735217657415589e-01	1.513277477232345403e-01	7.248183591935733472e-02	2.883906424609108607e-02	7.510866165114599147e-02
1.148970425743129908e+03	2.584929850026089770e-01	1.616833344467233369e-01	2.517266157487645373e-01	1.514779767466894467e-01	7.254477812932494385e-02	2.887283340300902945e-02	7.520147652277800465e-02
1.151389310849957155e+03	2.581380701649684806e-01	1.614470849050913814e-01	2.519789666562123887e-01	1.516277634709065070e-01	7.260754442618803928e-02	2.890653006413032577e-02	7.529404031240118089e-02
1.153808195956785084e+03	2.577841639088784831e-01	1.612115068528432171e-01	2.522305766154739892e-01	1.517771092696146573e-01	7.267013529392037097e-02	2.894015440288344107e-02	7.538635365628411356e-02
1.156227081063612786e+03	2.574312633644795789e-01	1.609765983787147525e-01	2.524814477478763974e-01	1.519260155118190292e-01	7.273255121527900935e-02	2.897370659221982364e-02	7.547841718950965006e-02
1.158645966170440488e+03	2.570793656700859908e-01	1.607423575768944790e-01	2.527315821687019515e-01	1.520744835618206281e-01	7.279479267180639923e-02	2.900718680461553123e-02	7.557023154597330983e-02
1.161064851277267962e+03	2.567284679721626439e-01	1.605087825470075114e-01	2.529809819872054222e-01	1.522225147792358180e-01	7.285686014383231657e-02	2.904059521207285818e-02	7.566179735838182707e-02
1.163483736384095664e+03	2.563785674253016289e-01	1.602758713940999336e-01	2.532296493066313325e-01	1.523701105190159166e-01	7.291875411047600564e-02	2.907393198612195570e-02	7.575311525825161041e-02
1.165902621490923138e+03	2.560296611921995535e-01	1.600436222286232002e-01	2.534775862242311106e-01	1.525172721314664859e-01	7.298047504964824683e-02	2.910719729782244511e-02	7.584418587590731342e-02
1.168321506597751068e+03	2.556817464436343945e-01	1.598120331664185101e-01	2.537247948312800205e-01	1.526640009622666216e-01	7.304202343805339670e-02	2.914039131776500341e-02	7.593500984048046076e-02
1.170740391704578315e+03	2.553348203584424603e-01	1.595811023287012631e-01	2.539712772130941487e-01	1.528102983524880221e-01	7.310339975119144185e-02	2.917351421607299045e-02	7.602558777990807426e-02
1.173159276811406244e+03	2.549888801234955205e-01	1.593508278420457114e-01	2.542170354490475570e-01	1.529561656386141388e-01	7.316460446336017776e-02	2.920656616240400669e-02	7.611592032093132676e-02
1.175578161918233945e+03	2.546439229336779353e-01	1.591212078383692496e-01	2.544620716125891025e-01	1.531016041525591065e-01	7.322563804765720719e-02	2.923954732595149958e-02	7.620600808909430701e-02
1.177997047025061647e+03	2.542999459918641181e-01	1.588922404549172607e-01	2.547063877712593682e-01	1.532466152216865607e-01	7.328650097598210511e-02	2.927245787544632133e-02	7.629585170874275679e-02
1.180415932131889122e+03	2.539569465088954425e-01	1.586639238342475999e-01	2.549499859867073170e-01	1.533912001688284010e-01	7.334719371903851426e-02	2.930529797915831097e-02	7.638545180302284965e-02
1.182834817238716823e+03	2.536149217035579273e-01	1.584362561242154688e-01	2.551928683147074439e-01	1.535353603123034705e-01	7.340771674633622679e-02	2.933806780489783134e-02	7.647480899388010844e-02
1.185253702345544298e+03	2.532738688025594764e-01	1.582092354779580379e-01	2.554350368051760967e-01	1.536790969659360406e-01	7.346807052619332146e-02	2.937076752001734764e-02	7.656392390205819798e-02
1.187672587452371999e+03	2.529337850405073973e-01	1.579828600538792926e-01	2.556764935021884066e-01	1.538224114390742969e-01	7.352825552573830081e-02	2.940339729141296099e-02	7.665279714709785641e-02
1.190091472559199701e+03	2.525946676598859186e-01	1.577571280156348510e-01	2.559172404439948867e-01	1.539653050366087683e-01	7.358827221091224224e-02	2.943595728552594881e-02	7.674142934733590993e-02
1.192510357666027403e+03	2.522565139110338195e-01	1.575320375321169197e-01	2.561572796630379734e-01	1.541077790589905072e-01	7.364812104647089352e-02	2.946844766834429835e-02	7.682982111990416252e-02
1.194929242772855105e+03	2.519193210521220028e-01	1.573075867774391678e-01	2.563966131859686803e-01	1.542498348022492416e-01	7.370780249598681000e-02	2.950086860540422976e-02	7.691797308072852168e-02
1.197348127879682352e+03	2.515830863491312352e-01	1.570837739309217662e-01	2.566352430336628632e-01	1.543914735580114439e-01	7.376731702185156114e-02	2.953322026179171916e-02	7.700588584452802698e-02
1.199767012986510281e+03	2.512478070758299431e-01	1.568605971770764274e-01	2.568731712212380391e-01	1.545326966135184277e-01	7.382666508527782612e-02	2.956550280214400445e-02	7.709356002481393411e-02
1.202185898093337983e+03	2.509134805137521185e-01	1.566380547055914452e-01	2.571103997580693745e-01	1.546735052516440556e-01	7.388584714630157257e-02	2.959771639065110135e-02	7.718099623388885444e-02
1.204604783200165684e+03	2.505801039521751150e-01	1.564161447113168457e-01	2.573469306478065044e-01	1.548139007509126142e-01	7.394486366378424935e-02	2.962986119105728844e-02	7.726819508284595017e-02
1.207023668306993159e+03	2.502476746880974989e-01	1.561948653942495657e-01	2.575827658883894089e-01	1.549538843855164938e-01	7.400371509541490977e-02	2.966193736666260239e-02	7.735515718156814324e-02
1.209442553413820860e+03	2.499161900262173719e-01	1.559742149595186311e-01	2.578179074720648445e-01	1.550934574253338138e-01	7.406240189771239046e-02	2.969394508032432642e-02	7.744188313872732432e-02
1.211861438520648335e+03	2.495856472789101110e-01	1.557541916173704744e-01	2.580523573854026087e-01	1.552326211359458530e-01	7.412092452602753179e-02	2.972588449445847172e-02	7.752837356178368666e-02
1.214280323627476264e+03	2.492560437662068307e-01	1.555347935831541684e-01	2.582861176093116384e-01	1.553713767786546185e-01	7.417928343454528728e-02	2.975775577104123465e-02	7.761462905698499060e-02
1.216699208734303511e+03	2.489273768157722611e-01	1.553160190773069382e-01	2.585191901190563302e-01	1.555097256104999437e-01	7.423747907628697185e-02	2.978955907161047467e-02	7.770065022936591126e-02
1.219118093841131440e+03	2.485996437628832101e-01	1.550978663253393397e-01	2.587515768842722497e-01	1.556476688842769185e-01	7.429551190311244058e-02	2.982129455726717851e-02	7.778643768274745574e-02
1.221536978947959142e+03	2.482728419504068307e-01	1.548803335578208817e-01	2.589832798689826188e-01	1.557852078485529868e-01	7.435338236572223980e-02	2.985296238867688953e-02	7.787199201973635243e-02
1.223955864054786844e+03	2.479469687287789714e-01	1.546634190103653994e-01	2.592143010316139695e-01	1.559223437476849883e-01	7.441109091365985528e-02	2.988456272607117187e-02	7.795731384172449596e-02
1.226374749161614318e+03	2.476220214559826660e-01	1.544471209236166487e-01	2.594446423250120204e-01	1.560590778218361174e-01	7.446863799531389105e-02	2.991609572924905369e-02	7.804240374888844756e-02
1.228793634268442020e+03	2.472979974975265671e-01	1.542314375432338736e-01	2.596743056964579410e-01	1.561954113069928540e-01	7.452602405792026208e-02	2.994756155757843930e-02	7.812726234018893545e-02
1.231212519375269494e+03	2.469748942264235470e-01	1.540163671198773454e-01	2.599032930876840064e-01	1.563313454349816167e-01	7.458324954756444247e-02	2.997896036999755584e-02	7.821189021337038305e-02
1.233631404482097196e+03	2.466527090231692976e-01	1.538019079091941244e-01	2.601316064348893065e-01	1.564668814334857494e-01	7.464031490918361655e-02	3.001029232501636543e-02	7.829628796496049259e-02
1.236050289588924898e+03	2.463314392757209592e-01	1.535880581718037097e-01	2.603592476687555668e-01	1.566020205260618692e-01	7.469722058656894093e-02	3.004155758071798063e-02	7.838045619026988431e-02
1.238469174695752372e+03	2.460110823794759982e-01	1.533748161732838011e-01	2.605862187144630804e-01	1.567367639321565198e-01	7.475396702236773716e-02	3.007275629476006268e-02	7.846439548339170789e-02
1.240888059802580301e+03	2.456916357372507798e-01	1.531621801841561159e-01	2.608125214917060286e-01	1.568711128671226862e-01	7.481055465808574001e-02	3.010388862437624394e-02	7.854810643720129548e-02
1.243306944909407548e+03	2.453730967592597234e-01	1.529501484798721223e-01	2.610381579147083575e-01	1.570050685422360037e-01	7.486698393408929009e-02	3.013495472637750874e-02	7.863158964335589807e-02
1.245725830016235477e+03	2.450554628630939036e-01	1.527387193407989951e-01	2.612631298922392653e-01	1.571386321647111617e-01	7.492325528960755432e-02	3.016595475715358118e-02	7.871484569229440786e-02
1.248144715123063179e+03	2.447387314737001773e-01	1.525278910522055165e-01	2.614874393276288567e-01	1.572718049377181682e-01	7.497936916273480190e-02	3.019688887267430941e-02	7.879787517323710855e-02
1.250563600229890881e+03	2.444229000233602289e-01	1.523176619042480584e-01	2.617110881187833527e-01	1.574045880603982539e-01	7.503532599043258311e-02	3.022775722849106034e-02	7.888067867418545320e-02
1.252982485336718355e+03	2.441079659516696143e-01	1.521080301919564559e-01	2.619340781582008004e-01	1.575369827278800816e-01	7.509112620853197750e-02	3.025855997973806236e-02	7.896325678192191166e-02
1.255401370443546057e+03	2.437939267055169168e-01	1.518989942152202399e-01	2.621564113329865608e-01	1.576689901312957331e-01	7.514677025173585601e-02	3.028929728113379655e-02	7.904561008200981786e-02
1.257820255550373531e+03	2.434807797390630135e-01	1.516905522787745653e-01	2.623780895248683520e-01	1.578006114577964192e-01	7.520225855362105971e-02	3.031996928698234284e-02	7.912773915879321718e-02
1.260239140657201460e+03	2.431685225137201756e-01	1.514827026921864161e-01	2.625991146102117368e-01	1.579318478905683831e-01	7.525759154664071748e-02	3.035057615117473656e-02	7.920964459539678315e-02
1.262658025764028707e+03	2.428571524981316121e-01	1.512754437698407284e-01	2.628194884600354997e-01	1.580627006088486386e-01	7.531276966212642476e-02	3.038111802719030766e-02	7.929132697372578975e-02
1.265076910870856636e+03	2.425466671681506814e-01	1.510687738309265671e-01	2.630392129400266898e-01	1.581931707879404847e-01	7.536779333029051953e-02	3.041159506809804416e-02	7.937278687446602810e-02
1.267495795977684338e+03	2.422370640068203795e-01	1.508626911994234987e-01	2.632582899105558871e-01	1.583232595992292435e-01	7.542266298022831661e-02	3.044200742655790021e-02	7.945402487708380646e-02
1.269914681084511813e+03	2.419283405043529400e-01	1.506571942040876855e-01	2.634767212266924119e-01	1.584529682101974979e-01	7.547737903992034203e-02	3.047235525482215601e-02	7.953504155982599189e-02
1.272333566191339514e+03	2.416204941581091836e-01	1.504522811784384240e-01	2.636945087382194242e-01	1.585822977844407733e-01	7.553194193623459507e-02	3.050263870473670855e-02	7.961583749972001023e-02
1.274752451298167216e+03	2.413135224725783679e-01	1.502479504607442951e-01	2.639116542896486339e-01	1.587112494816825814e-01	7.558635209492882423e-02	3.053285792774242460e-02	7.969641327257394325e-02
1.277171336404994690e+03	2.410074229593576478e-01	1.500442003940097579e-01	2.641281597202360110e-01	1.588398244577898799e-01	7.564060994065273380e-02	3.056301307487643490e-02	7.977676945297665356e-02
1.279590221511822392e+03	2.407021931371319534e-01	1.498410293259614390e-01	2.643440268639961066e-01	1.589680238647881438e-01	7.569471589695025981e-02	3.059310429677344206e-02	7.985690661429782622e-02
1.282009106618650094e+03	2.403978305316536446e-01	1.496384356090347534e-01	2.645592575497172083e-01	1.590958488508764646e-01	7.574867038626180438e-02	3.062313174366702515e-02	7.993682532868823243e-02
1.284427991725477568e+03	2.400943326757224994e-01	1.494364176003604161e-01	2.647738536009763832e-01	1.592233005604425378e-01	7.580247382992655325e-02	3.065309556539093719e-02	8.001652616707978505e-02
1.286846876832305497e+03	2.397916971091655358e-01	1.492349736617508693e-01	2.649878168361541886e-01	1.593503801340776793e-01	7.585612664818466855e-02	3.068299591138039586e-02	8.009600969918578839e-02
1.289265761939132744e+03	2.394899213788169445e-01	1.490341021596870430e-01	2.652011490684493822e-01	1.594770887085916466e-01	7.590962926017956469e-02	3.071283293067336717e-02	8.017527649350124352e-02
1.291684647045960673e+03	2.391890030384981325e-01	1.488338014653048935e-01	2.654138521058937994e-01	1.596034274170274325e-01	7.596298208396015661e-02	3.074260677191184912e-02	8.025432711730295932e-02
1.294103532152788375e+03	2.388889396489978223e-01	1.486340699543821642e-01	2.656259277513671191e-01	1.597293973886759477e-01	7.601618553648314958e-02	3.077231758334314157e-02	8.033316213664989935e-02
1.296522417259616077e+03	2.385897287780521514e-01	1.484349060073250626e-01	2.658373778026113521e-01	1.598549997490907870e-01	7.606924003361525966e-02	3.080196551282111950e-02	8.041178211638350115e-02
1.298941302366443551e+03	2.382913680003247991e-01	1.482363080091550211e-01	2.660482040522456626e-01	1.599802356201026898e-01	7.612214599013554517e-02	3.083155070780748547e-02	8.049018762012793982e-02
1.301360187473271253e+03	2.379938548973873913e-01	1.480382743494955688e-01	2.662584082877809677e-01	1.601051061198340564e-01	7.617490381973759939e-02	3.086107331537304641e-02	8.056837921029054439e-02
1.303779072580098727e+03	2.376971870576995993e-01	1.478408034225590084e-01	2.664679922916343147e-01	1.602296123627133806e-01	7.622751393503179873e-02	3.089053348219894871e-02	8.064635744806208928e-02
1.306197957686926657e+03	2.374013620765896004e-01	1.476438936271335101e-01	2.666769578411435360e-01	1.603537554594896830e-01	7.627997674754767587e-02	3.091993135457794459e-02	8.072412289341725222e-02
1.308616842793753904e+03	2.371063775562344822e-01	1.474475433665697888e-01	2.668853067085816266e-01	1.604775365172467216e-01	7.633229266773605692e-02	3.094926707841560640e-02	8.080167610511501675e-02
1.311035727900581833e+03	2.368122311056406470e-01	1.472517510487681980e-01	2.670930406611712327e-01	1.606009566394171473e-01	7.638446210497139288e-02	3.097854079923159643e-02	8.087901764069907462e-02
1.313454613007409534e+03	2.365189203406244667e-01	1.470565150861657955e-01	2.673001614610990284e-01	1.607240169257968532e-01	7.643648546755403561e-02	3.100775266216087428e-02	8.095614805649831158e-02
1.315873498114237009e+03	2.362264428837926311e-01	1.468618338957232150e-01	2.675066708655300385e-01	1.608467184725587973e-01	7.648836316271245828e-02	3.103690281195493547e-02	8.103306790762733469e-02
1.318292383221064711e+03	2.359347963645229973e-01	1.466677058989117599e-01	2.677125706266219596e-01	1.609690623722672131e-01	7.654009559660554518e-02	3.106599139298302920e-02	8.110977774798691642e-02
1.320711268327892412e+03	2.356439784189451603e-01	1.464741295217006078e-01	2.679178624915394269e-01	1.610910497138914876e-01	7.659168317432485384e-02	3.109501854923337610e-02	8.118627813026456363e-02
1.323130153434719887e+03	2.353539866899212185e-01	1.462811031945438212e-01	2.681225482024682250e-01	1.612126815828199555e-01	7.664312629989687708e-02	3.112398442431437567e-02	8.126256960593498946e-02
1.325549038541547588e+03	2.350648188270266226e-01	1.460886253523676070e-01	2.683266294966294430e-01	1.613339590608738050e-01	7.669442537628533285e-02	3.115288916145582399e-02	8.133865272526082102e-02
1.327967923648375290e+03	2.347764724865308572e-01	1.458966944345575223e-01	2.685301081062937967e-01	1.614548832263207057e-01	7.674558080539339855e-02	3.118173290351009680e-02	8.141452803729307131e-02
1.330386808755202765e+03	2.344889453313785677e-01	1.457053088849457334e-01	2.687329857587954507e-01	1.615754551538886030e-01	7.679659298806598700e-02	3.121051579295336040e-02	8.149019608987177754e-02
1.332805693862030694e+03	2.342022350311703249e-01	1.455144671517982768e-01	2.689352641765461183e-01	1.616956759147792633e-01	7.684746232409198075e-02	3.123923797188675813e-02	8.156565742962669507e-02
1.335224578968857941e+03	2.339163392621437521e-01	1.453241676878024302e-01	2.691369450770493832e-01	1.618155465766817624e-01	7.689818921220656356e-02	3.126789958203759351e-02	8.164091260197788025e-02
1.337643464075685870e+03	2.336312557071545948e-01	1.451344089500540002e-01	2.693380301729144111e-01	1.619350682037860034e-01	7.694877405009346860e-02	3.129650076476051673e-02	8.171596215113641204e-02
1.340062349182513572e+03	2.333469820556577368e-01	1.449451894000448049e-01	2.695385211718698826e-01	1.620542418567961218e-01	7.699921723438718502e-02	3.132504166103870086e-02	8.179080662010504432e-02
1.342481234289341273e+03	2.330635160036884923e-01	1.447565075036500448e-01	2.697384197767778713e-01	1.621730685929438087e-01	7.704951916067527551e-02	3.135352241148502139e-02	8.186544655067895526e-02
1.344900119396168748e+03	2.327808552538437603e-01	1.445683617311158409e-01	2.699377276856481100e-01	1.622915494660015501e-01	7.709968022350062455e-02	3.138194315634319081e-02	8.193988248344644121e-02
1.347319004502996449e+03	2.324989975152633725e-01	1.443807505570466887e-01	2.701364465916511470e-01	1.624096855262959216e-01	7.714970081636372823e-02	3.141030403548895206e-02	8.201411495778972160e-02
1.349737889609823924e+03	2.322179405036113309e-01	1.441936724603929965e-01	2.703345781831327788e-01	1.625274778207206894e-01	7.719958133172490078e-02	3.143860518843123036e-02	8.208814451188566064e-02
1.352156774716651853e+03	2.319376819410572943e-01	1.440071259244387614e-01	2.705321241436272062e-01	1.626449273927498829e-01	7.724932216100656446e-02	3.146684675431327127e-02	8.216197168270659990e-02
1.354575659823479100e+03	2.316582195562579272e-01	1.438211094367890797e-01	2.707290861518712455e-01	1.627620352824507843e-01	7.729892369459555324e-02	3.149502887191382716e-02	8.223559700602112166e-02
1.356994544930307029e+03	2.313795510843384973e-01	1.436356214893578787e-01	2.709254658818177619e-01	1.628788025264969463e-01	7.734838632184530549e-02	3.152315167964823972e-02	8.230902101639492319e-02
1.359413430037134731e+03	2.311016742668743629e-01	1.434506605783555100e-01	2.711212650026492144e-01	1.629952301581810703e-01	7.739771043107818160e-02	3.155121531556961262e-02	8.238224424719160777e-02
1.361832315143962205e+03	2.308245868518725152e-01	1.432662252042765649e-01	2.713164851787913667e-01	1.631113192074278573e-01	7.744689640958765664e-02	3.157921991736997031e-02	8.245526723057361451e-02
1.364251200250789907e+03	2.305482865937533987e-01	1.430823138718876064e-01	2.715111280699269436e-01	1.632270707008066646e-01	7.749594464364063795e-02	3.160716562238132660e-02	8.252809049750300940e-02
1.366670085357617609e+03	2.302727712533323978e-01	1.428989250902149288e-01	2.717051953310087309e-01	1.633424856615443843e-01	7.754485551847972724e-02	3.163505256757686429e-02	8.260071457774249837e-02
1.369088970464445310e+03	2.299980385978017960e-01	1.427160573725324844e-01	2.718986886122736202e-01	1.634575651095379889e-01	7.759362941832542715e-02	3.166288088957201763e-02	8.267313999985625994e-02
1.371507855571272785e+03	2.297240864007124572e-01	1.425337092363495872e-01	2.720916095592555428e-01	1.635723100613671044e-01	7.764226672637843107e-02	3.169065072462560334e-02	8.274536729121088896e-02
1.373926740678100487e+03	2.294509124419557011e-01	1.423518792033990066e-01	2.722839598127991256e-01	1.636867215303065837e-01	7.769076782482187138e-02	3.171836220864094474e-02	8.281739697797636801e-02
1.376345625784927961e+03	2.291785145077452901e-01	1.421705657996247818e-01	2.724757410090729581e-01	1.638008005263390243e-01	7.773913309482359535e-02	3.174601547716694033e-02	8.288922958512702499e-02
1.378764510891755890e+03	2.289068903905993324e-01	1.419897675551701766e-01	2.726669547795829707e-01	1.639145480561670642e-01	7.778736291653835788e-02	3.177361066539920176e-02	8.296086563644249068e-02
1.381183395998583137e+03	2.286360378893222689e-01	1.418094830043657995e-01	2.728576027511857016e-01	1.640279651232258440e-01	7.783545766911011132e-02	3.180114790818113629e-02	8.303230565450875345e-02
1.383602281105411066e+03	2.283659548089870261e-01	1.416297106857174748e-01	2.730476865461015090e-01	1.641410527276951359e-01	7.788341773067430918e-02	3.182862734000504318e-02	8.310355016071913070e-02
1.386021166212238768e+03	2.280966389609170308e-01	1.414504491418945020e-01	2.732372077819277822e-01	1.642538118665117786e-01	7.793124347836004329e-02	3.185604909501318222e-02	8.317459967527529585e-02
1.388440051319066470e+03	2.278280881626685572e-01	1.412716969197176098e-01	2.734261680716520981e-01	1.643662435333816951e-01	7.797893528829238918e-02	3.188341330699889786e-02	8.324545471718836076e-02
1.390858936425893944e+03	2.275603002380127138e-01	1.410934525701472431e-01	2.736145690236653771e-01	1.644783487187921056e-01	7.802649353559459877e-02	3.191072010940766007e-02	8.331611580427994435e-02
1.393277821532721646e+03	2.272932730169178184e-01	1.409157146482715728e-01	2.738024122417749284e-01	1.645901284100236006e-01	7.807391859439034854e-02	3.193796963533816063e-02	8.338658345318318565e-02
1.395696706639549120e+03	2.270270043355318568e-01	1.407384817132948662e-01	2.739896993252176061e-01	1.647015835911619930e-01	7.812121083780602937e-02	3.196516201754336789e-02	8.345685817934390960e-02
1.398115591746377049e+03	2.267614920361646358e-01	1.405617523285256354e-01	2.741764318686727431e-01	1.648127152431104192e-01	7.816837063797291152e-02	3.199229738843162307e-02	8.352694049702166779e-02
1.400534476853204296e+03	2.264967339672702973e-01	1.403855250613648964e-01	2.743626114622751966e-01	1.649235243436011633e-01	7.821539836602947604e-02	3.201937588006766033e-02	8.359683091929093202e-02
1.402953361960032225e+03	2.262327279834298599e-01	1.402097984832945954e-01	2.745482396916281154e-01	1.650340118672075362e-01	7.826229439212359362e-02	3.204639762417371002e-02	8.366652995804216286e-02
1.405372247066859927e+03	2.259694719453335943e-01	1.400345711698658402e-01	2.747333181378161515e-01	1.651441787853556720e-01	7.830905908541474503e-02	3.207336275213051868e-02	8.373603812398305868e-02
1.407791132173687402e+03	2.257069637197637590e-01	1.398598417006873817e-01	2.749178483774179504e-01	1.652540260663361293e-01	7.835569281407633868e-02	3.210027139497840382e-02	8.380535592663958255e-02
1.410210017280515103e+03	2.254452011795770872e-01	1.396856086594139568e-01	2.751018319825193625e-01	1.653635546753156327e-01	7.840219594529786173e-02	3.212712368341830854e-02	8.387448387435726682e-02
1.412628902387342805e+03	2.251841822036875773e-01	1.395118706337347692e-01	2.752852705207259332e-01	1.654727655743487569e-01	7.844856884528716989e-02	3.215391974781285633e-02	8.394342247430236492e-02
1.415047787494170507e+03	2.249239046770490913e-01	1.393386262153618604e-01	2.754681655551760033e-01	1.655816597223894182e-01	7.849481187927268011e-02	3.218065971818735022e-02	8.401217223246303101e-02
1.417466672600997981e+03	2.246643664906382287e-01	1.391658740000188133e-01	2.756505186445529776e-01	1.656902380753023374e-01	7.854092541150563267e-02	3.220734372423083441e-02	8.408073365365058283e-02
1.419885557707825683e+03	2.244055655414370909e-01	1.389936125874291772e-01	2.758323313430983692e-01	1.657985015858745859e-01	7.858690980526229775e-02	3.223397189529712131e-02	8.414910724150072296e-02
1.422304442814653157e+03	2.241474997324162111e-01	1.388218405813050893e-01	2.760136052006244012e-01	1.659064512038268824e-01	7.863276542284619586e-02	3.226054436040580453e-02	8.421729349847477397e-02
1.424723327921481086e+03	2.238901669725173738e-01	1.386505565893358105e-01	2.761943417625265518e-01	1.660140878758250838e-01	7.867849262559037382e-02	3.228706124824327894e-02	8.428529292586095512e-02
1.427142213028308333e+03	2.236335651766366839e-01	1.384797592231764574e-01	2.763745425697959890e-01	1.661214125454913426e-01	7.872409177385955581e-02	3.231352268716378151e-02	8.435310602377564526e-02
1.429561098135136262e+03	2.233776922656075248e-01	1.383094470984366775e-01	2.765542091590323937e-01	1.662284261534154595e-01	7.876956322705239155e-02	3.233992880519036967e-02	8.442073329116470126e-02
1.431979983241963964e+03	2.231225461661836551e-01	1.381396188346692977e-01	2.767333430624562829e-01	1.663351296371659294e-01	7.881490734360370454e-02	3.236627973001596215e-02	8.448817522580469308e-02
1.434398868348791666e+03	2.228681248110223334e-01	1.379702730553590828e-01	2.769119458079216667e-01	1.664415239313011829e-01	7.886012448098667083e-02	3.239257558900433126e-02	8.455543232430430545e-02
1.436817753455619140e+03	2.226144261386674150e-01	1.378014083879116058e-01	2.770900189189281493e-01	1.665476099673807164e-01	7.890521499571505337e-02	3.241881650919108820e-02	8.462250508210557298e-02
1.439236638562446842e+03	2.223614480935325877e-01	1.376330234636419236e-01	2.772675639146336968e-01	1.666533886739760273e-01	7.895017924334539472e-02	3.244500261728469614e-02	8.468939399348526798e-02
1.441655523669274316e+03	2.221091886258846904e-01	1.374651169177634746e-01	2.774445823098668495e-01	1.667588609766816055e-01	7.899501757847926520e-02	3.247113403966746248e-02	8.475609955155626041e-02
1.444074408776102018e+03	2.218576456918269491e-01	1.372976873893769767e-01	2.776210756151389347e-01	1.668640277981259523e-01	7.903973035476544173e-02	3.249721090239652416e-02	8.482262224826882246e-02
1.446493293882929493e+03	2.216068172532823510e-01	1.371307335214592693e-01	2.777970453366566117e-01	1.669688900579823776e-01	7.908431792490210055e-02	3.252323333120483995e-02	8.488896257441204407e-02
1.448912178989757422e+03	2.213567012779771026e-01	1.369642539608522669e-01	2.779724929763338626e-01	1.670734486729798796e-01	7.912878064063907924e-02	3.254920145150216187e-02	8.495512101961520679e-02
1.451331064096585123e+03	2.211072957394240035e-01	1.367982473582520231e-01	2.781474200318044820e-01	1.671777045569139419e-01	7.917311885278001393e-02	3.257511538837601361e-02	8.502109807234915773e-02
1.453749949203412370e+03	2.208585986169059323e-01	1.366327123681975175e-01	2.783218279964339570e-01	1.672816586206571920e-01	7.921733291118460141e-02	3.260097526659267581e-02	8.508689421992776669e-02
1.456168834310240300e+03	2.206106078954594429e-01	1.364676476490599144e-01	2.784957183593319563e-01	1.673853117721701977e-01	7.926142316477070848e-02	3.262678121059815056e-02	8.515250994850927235e-02
1.458587719417068001e+03	2.203633215658583888e-01	1.363030518630314880e-01	2.786690926053642658e-01	1.674886649165120145e-01	7.930538996151668962e-02	3.265253334451910516e-02	8.521794574309778103e-02
1.461006604523895703e+03	2.201167376245974083e-01	1.361389236761147148e-01	2.788419522151647789e-01	1.675917189558507603e-01	7.934923364846346860e-02	3.267823179216387819e-02	8.528320208754464060e-02
1.463425489630723177e+03	2.198708540738758266e-01	1.359752617581115042e-01	2.790142986651478751e-01	1.676944747894742738e-01	7.939295457171681447e-02	3.270387667702340934e-02	8.534827946454995318e-02
1.465844374737550879e+03	2.196256689215811964e-01	1.358120647826122906e-01	2.791861334275200779e-01	1.677969333138004948e-01	7.943655307644942321e-02	3.272946812227218311e-02	8.541317835566393513e-02
1.468263259844378354e+03	2.193811801812731999e-01	1.356493314269851813e-01	2.793574579702922112e-01	1.678990954223879839e-01	7.948002950690324919e-02	3.275500625076922107e-02	8.547789924128854078e-02
1.470682144951206283e+03	2.191373858721673840e-01	1.354870603723652145e-01	2.795282737572913345e-01	1.680009620059462749e-01	7.952338420639160077e-02	3.278049118505899778e-02	8.554244260067878081e-02
1.473101030058033530e+03	2.188942840191190620e-01	1.353252503036435628e-01	2.796985822481727890e-01	1.681025339523462003e-01	7.956661751730129128e-02	3.280592304737237064e-02	8.560680891194430431e-02
1.475519915164861459e+03	2.186518726526072987e-01	1.351638999094569582e-01	2.798683848984317435e-01	1.682038121466302438e-01	7.960972978109488729e-02	3.283130195962757902e-02	8.567099865205086984e-02
1.477938800271689161e+03	2.184101498087187287e-01	1.350030078821768120e-01	2.800376831594153515e-01	1.683047974710227823e-01	7.965272133831285961e-02	3.285662804343111865e-02	8.573501229682187197e-02
1.480357685378516862e+03	2.181691135291317363e-01	1.348425729178986399e-01	2.802064784783344642e-01	1.684054908049403276e-01	7.969559252857577603e-02	3.288190142007870603e-02	8.579885032093984010e-02
1.482776570485344337e+03	2.179287618611003563e-01	1.346825937164314868e-01	2.803747722982753987e-01	1.685058930250016296e-01	7.973834369058641069e-02	3.290712221055620834e-02	8.586251319794799275e-02
