1.001418434226643626e+03	2.821265920845287267e-01	1.775352994555662589e-01	2.348351310620077070e-01	1.414264189574419850e-01	6.836271490367842874e-02	2.667140879242975784e-02	6.904243474424040516e-02
1.002869765290740247e+03	2.818732775007377622e-01	1.773664685847269884e-01	2.350163267447596960e-01	1.415340493343830719e-01	6.840737113111687584e-02	2.669462304790769583e-02	6.910788365626112373e-02
1.004321096354836754e+03	2.816203950485809404e-01	1.771979257991098400e-01	2.351972044406015760e-01	1.416414872130666303e-01	6.845195250326602254e-02	2.671780755846416000e-02	6.917322743680409669e-02
1.005772427418933376e+03	2.813679439900366730e-01	1.770296706061832426e-01	2.353777646955108327e-01	1.417487329617024838e-01	6.849645914204903485e-02	2.674096236626438000e-02	6.923846623814654266e-02
1.007223758483029997e+03	2.811159235883411989e-01	1.768617025142643351e-01	2.355580080545313093e-01	1.418557869476946565e-01	6.854089116921789626e-02	2.676408751340191711e-02	6.930360021244186264e-02
1.008675089547126618e+03	2.808643331079859751e-01	1.766940210325173011e-01	2.357379350617748726e-01	1.419626495376435926e-01	6.858524870635336612e-02	2.678718304189881341e-02	6.936862951171923752e-02
1.010126420611223239e+03	2.806131718147159559e-01	1.765266256709518700e-01	2.359175462604229945e-01	1.420693210973483500e-01	6.862953187486510453e-02	2.681024899370578266e-02	6.943355428788311468e-02
1.011577751675319632e+03	2.803624389755273727e-01	1.763595159404216794e-01	2.360968421927282512e-01	1.421758019918089311e-01	6.867374079599172787e-02	2.683328541070235246e-02	6.949837469271283319e-02
1.013029082739416367e+03	2.801121338586659015e-01	1.761926913526227767e-01	2.362758234000160440e-01	1.422820925852283092e-01	6.871787559080086427e-02	2.685629233469705168e-02	6.956309087786215206e-02
1.014480413803512761e+03	2.798622557336246097e-01	1.760261514200919808e-01	2.364544904226859867e-01	1.423881932410148710e-01	6.876193638018922305e-02	2.687926980742756308e-02	6.962770299485887548e-02
1.015931744867609382e+03	2.796128038711417352e-01	1.758598956562053839e-01	2.366328438002136825e-01	1.424941043217844150e-01	6.880592328488263631e-02	2.690221787056088984e-02	6.969221119510429774e-02
1.017383075931706003e+03	2.793637775431989656e-01	1.756939235751768524e-01	2.368108840711522500e-01	1.425998261893624275e-01	6.884983642543618387e-02	2.692513656569351863e-02	6.975661562987287012e-02
1.018834406995802851e+03	2.791151760230191070e-01	1.755282346920562786e-01	2.369886117731338226e-01	1.427053592047862751e-01	6.889367592223419323e-02	2.694802593435158614e-02	6.982091645031179850e-02
1.020285738059899245e+03	2.788669985850643074e-01	1.753628285227283312e-01	2.371660274428711301e-01	1.428107037283073422e-01	6.893744189549035062e-02	2.697088601799103175e-02	6.988511380744057144e-02
1.021737069123995752e+03	2.786192445050338917e-01	1.751977045839107072e-01	2.373431316161591642e-01	1.429158601193931954e-01	6.898113446524778425e-02	2.699371685799777792e-02	6.994920785215053005e-02
1.023188400188092373e+03	2.783719130598624192e-01	1.750328623931526606e-01	2.375199248278766218e-01	1.430208287367297770e-01	6.902475375137911984e-02	2.701651849568787941e-02	7.001319873520449322e-02
1.024639731252188767e+03	2.781250035277177401e-01	1.748683014688335036e-01	2.376964076119875979e-01	1.431256099382235414e-01	6.906829987358659162e-02	2.703929097230767936e-02	7.007708660723634131e-02
1.026091062316285615e+03	2.778785151879986648e-01	1.747040213301610523e-01	2.378725805015430017e-01	1.432302040810036203e-01	6.911177295140204235e-02	2.706203432903398973e-02	7.014087161875061371e-02
1.027542393380382237e+03	2.776324473213332977e-01	1.745400214971701280e-01	2.380484440286822767e-01	1.433346115214238214e-01	6.915517310418710373e-02	2.708474860697423006e-02	7.020455392012206475e-02
1.028993724444478858e+03	2.773867992095768731e-01	1.743763014907211140e-01	2.382239987246347890e-01	1.434388326150649873e-01	6.919850045113318249e-02	2.710743384716659751e-02	7.026813366159534446e-02
1.030445055508575479e+03	2.771415701358098116e-01	1.742128608324983174e-01	2.383992451197214923e-01	1.435428677167369105e-01	6.924175511126165472e-02	2.713009009058022641e-02	7.033161099328452681e-02
1.031896386572671872e+03	2.768967593843355002e-01	1.740496990450085546e-01	2.385741837433564549e-01	1.436467171804805265e-01	6.928493720342383810e-02	2.715271737811535135e-02	7.039498606517274881e-02
1.033347717636768493e+03	2.766523662406785156e-01	1.738868156515796515e-01	2.387488151240483580e-01	1.437503813595700508e-01	6.932804684630113068e-02	2.717531575060345289e-02	7.045825902711183586e-02
1.034799048700865114e+03	2.764083899915825149e-01	1.737242101763589175e-01	2.389231397894021891e-01	1.438538606065149772e-01	6.937108415840513576e-02	2.719788524880741715e-02	7.052143002882188538e-02
1.036250379764961508e+03	2.761648299250082372e-01	1.735618821443116744e-01	2.390971582661205741e-01	1.439571552730622706e-01	6.941404925807768966e-02	2.722042591342170928e-02	7.058449921989089215e-02
1.037701710829058356e+03	2.759216853301315053e-01	1.733998310812198407e-01	2.392708710800054428e-01	1.440602657101983652e-01	6.945694226349095890e-02	2.724293778507250186e-02	7.064746674977438745e-02
1.039153041893154750e+03	2.756789554973411716e-01	1.732380565136803219e-01	2.394442787559595831e-01	1.441631922681513023e-01	6.949976329264756503e-02	2.726542090431786913e-02	7.071033276779506438e-02
1.040604372957251599e+03	2.754366397182372861e-01	1.730765579691036782e-01	2.396173818179881398e-01	1.442659352963927277e-01	6.954251246338068182e-02	2.728787531164790156e-02	7.077309742314238927e-02
1.042055704021347992e+03	2.751947372856288765e-01	1.729153349757125424e-01	2.397901807892001413e-01	1.443684951436400299e-01	6.958518989335410465e-02	2.731030104748489312e-02	7.083576086487222701e-02
1.043507035085444613e+03	2.749532474935320048e-01	1.727543870625401767e-01	2.399626761918099704e-01	1.444708721578582822e-01	6.962779570006233376e-02	2.733269815218348012e-02	7.089832324190649404e-02
1.044958366149541234e+03	2.747121696371678246e-01	1.725937137594290849e-01	2.401348685471390854e-01	1.445730666862624081e-01	6.967033000083071304e-02	2.735506666603078688e-02	7.096078470303279762e-02
1.046409697213637855e+03	2.744715030129605826e-01	1.724333145970294301e-01	2.403067583756172965e-01	1.446750790753191240e-01	6.971279291281551327e-02	2.737740662924660617e-02	7.102314539690406103e-02
1.047861028277734476e+03	2.742312469185356205e-01	1.722731891067977306e-01	2.404783461967844871e-01	1.447769096707490211e-01	6.975518455300401544e-02	2.739971808198353107e-02	7.108540547203816284e-02
1.049312359341831097e+03	2.739914006527172652e-01	1.721133368209952774e-01	2.406496325292920291e-01	1.448785588175285910e-01	6.979750503821464946e-02	2.742200106432711101e-02	7.114756507681763154e-02
1.050763690405927491e+03	2.737519635155270525e-01	1.719537572726868024e-01	2.408206178909043371e-01	1.449800268598921138e-01	6.983975448509706363e-02	2.744425561629601149e-02	7.120962435948922920e-02
1.052215021470024112e+03	2.735129348081814515e-01	1.717944499957389237e-01	2.409913027985003398e-01	1.450813141413338225e-01	6.988193301013223557e-02	2.746648177784215619e-02	7.127158346816364620e-02
1.053666352534120733e+03	2.732743138330901989e-01	1.716354145248188690e-01	2.411616877680750615e-01	1.451824210046098185e-01	6.992404072963258332e-02	2.748867958885088322e-02	7.133344255081516816e-02
1.055117683598217127e+03	2.730360998938540784e-01	1.714766503953927823e-01	2.413317733147410937e-01	1.452833477917401805e-01	6.996607775974207633e-02	2.751084908914109423e-02	7.139520175528131507e-02
1.056569014662313975e+03	2.727982922952629230e-01	1.713181571437245865e-01	2.415015599527300938e-01	1.453840948440107139e-01	7.000804421643633257e-02	2.753299031846541053e-02	7.145686122926249439e-02
1.058020345726410369e+03	2.725608903432939489e-01	1.711599343068743451e-01	2.416710481953943113e-01	1.454846625019751982e-01	7.004994021552274353e-02	2.755510331651031194e-02	7.151842112032170962e-02
1.059471676790506763e+03	2.723238933451093136e-01	1.710019814226969581e-01	2.418402385552080869e-01	1.455850511054571084e-01	7.009176587264057123e-02	2.757718812289629631e-02	7.157988157588418554e-02
1.060923007854603611e+03	2.720873006090545609e-01	1.708442980298407188e-01	2.420091315437693513e-01	1.456852609935517795e-01	7.013352130326105938e-02	2.759924477717801486e-02	7.164124274323706298e-02
1.062374338918700232e+03	2.718511114446562904e-01	1.706868836677458423e-01	2.421777276718010408e-01	1.457852925046282944e-01	7.017520662268755816e-02	2.762127331884443870e-02	7.170250476952909346e-02
1.063825669982796853e+03	2.716153251626203802e-01	1.705297378766431338e-01	2.423460274491527622e-01	1.458851459763313707e-01	7.021682194605562144e-02	2.764327378731899418e-02	7.176366780177025062e-02
1.065277001046893474e+03	2.713799410748301000e-01	1.703728601975525170e-01	2.425140313848021811e-01	1.459848217455833597e-01	7.025836738833313166e-02	2.766524622195971894e-02	7.182473198683150817e-02
1.066728332110990095e+03	2.711449584943438906e-01	1.702162501722816468e-01	2.426817399868564373e-01	1.460843201485861886e-01	7.029984306432042473e-02	2.768719066205939383e-02	7.188569747144446520e-02
1.068179663175086489e+03	2.709103767353935877e-01	1.700599073434245767e-01	2.428491537625538654e-01	1.461836415208232487e-01	7.034124908865038717e-02	2.770910714684570592e-02	7.194656440220102700e-02
1.069630994239183110e+03	2.706761951133824229e-01	1.699038312543602325e-01	2.430162732182651886e-01	1.462827861970613652e-01	7.038258557578856711e-02	2.773099571548138034e-02	7.200733292555314136e-02
1.071082325303279504e+03	2.704424129448830261e-01	1.697480214492512185e-01	2.431830988594952114e-01	1.463817545113527407e-01	7.042385264003332701e-02	2.775285640706433993e-02	7.206800318781246550e-02
1.072533656367376352e+03	2.702090295476353710e-01	1.695924774730422080e-01	2.433496311908841803e-01	1.464805467970367592e-01	7.046505039551594074e-02	2.777468926062783700e-02	7.212857533515008857e-02
1.073984987431472746e+03	2.699760442405449989e-01	1.694371988714586108e-01	2.435158707162093372e-01	1.465791633867419008e-01	7.050617895620073239e-02	2.779649431514060604e-02	7.218904951359617073e-02
1.075436318495569594e+03	2.697434563436809651e-01	1.692821851910053244e-01	2.436818179383864191e-01	1.466776046123877686e-01	7.054723843588515952e-02	2.781827160950700942e-02	7.224942586903969344e-02
1.076887649559666215e+03	2.695112651782738955e-01	1.691274359789652348e-01	2.438474733594710175e-01	1.467758708051867811e-01	7.058822894819996585e-02	2.784002118256717270e-02	7.230970454722820961e-02
1.078338980623762609e+03	2.692794700667140995e-01	1.689729507833978850e-01	2.440128374806601330e-01	1.468739622956462543e-01	7.062915060660933386e-02	2.786174307309712689e-02	7.236988569376745506e-02
1.079790311687859230e+03	2.690480703325495160e-01	1.688187291531379752e-01	2.441779108022935629e-01	1.469718794135701501e-01	7.067000352441091260e-02	2.788343731980896800e-02	7.242996945412115417e-02
1.081241642751955851e+03	2.688170653004837707e-01	1.686647706377942535e-01	2.443426938238555113e-01	1.470696224880609360e-01	7.071078781473605357e-02	2.790510396135098201e-02	7.248995597361067300e-02
1.082692973816052472e+03	2.685864542963743995e-01	1.685110747877479054e-01	2.445071870439759210e-01	1.471671918475215557e-01	7.075150359054990790e-02	2.792674303630779051e-02	7.254984539741475558e-02
1.084144304880149093e+03	2.683562366472305727e-01	1.683576411541513052e-01	2.446713909604320003e-01	1.472645878196571501e-01	7.079215096465145407e-02	2.794835458320049648e-02	7.260963787056927410e-02
1.085595635944245487e+03	2.681264116812114850e-01	1.682044692889266280e-01	2.448353060701496109e-01	1.473618107314769721e-01	7.083273004967378939e-02	2.796993864048682304e-02	7.266933353796689588e-02
1.087046967008342108e+03	2.678969787276243020e-01	1.680515587447645454e-01	2.449989328692047941e-01	1.474588609092962743e-01	7.087324095808412994e-02	2.799149524656125571e-02	7.272893254435686128e-02
1.088498298072438729e+03	2.676679371169222166e-01	1.678989090751227542e-01	2.451622718528251588e-01	1.475557386787380854e-01	7.091368380218399103e-02	2.801302443975517767e-02	7.278843503434472006e-02
1.089949629136535123e+03	2.674392861807025623e-01	1.677465198342247832e-01	2.453253235153914358e-01	1.476524443647350138e-01	7.095405869410933986e-02	2.803452625833700862e-02	7.284784115239199831e-02
1.091400960200631971e+03	2.672110252517047035e-01	1.675943905770584663e-01	2.454880883504388100e-01	1.477489782915311078e-01	7.099436574583066484e-02	2.805600074051235390e-02	7.290715104281601799e-02
1.092852291264728365e+03	2.669831536638083702e-01	1.674425208593747771e-01	2.456505668506583917e-01	1.478453407826837152e-01	7.103460506915316997e-02	2.807744792442412943e-02	7.296636484978957782e-02
1.094303622328825213e+03	2.667556707520314929e-01	1.672909102376863300e-01	2.458127595078987426e-01	1.479415321610652034e-01	7.107477677571688579e-02	2.809886784815271432e-02	7.302548271734071728e-02
1.095754953392921607e+03	2.665285758525284265e-01	1.671395582692661863e-01	2.459746668131672087e-01	1.480375527488648202e-01	7.111488097699676658e-02	2.812026054971607583e-02	7.308450478935248074e-02
1.097206284457018228e+03	2.663018683025882294e-01	1.669884645121464117e-01	2.461362892566314187e-01	1.481334028675904968e-01	7.115491778430289849e-02	2.814162606706991504e-02	7.314343120956259825e-02
1.098657615521114849e+03	2.660755474406321652e-01	1.668376285251167712e-01	2.462976273276207273e-01	1.482290828380706249e-01	7.119488730878055505e-02	2.816296443810780564e-02	7.320226212156333290e-02
1.100108946585211470e+03	2.658496126062123155e-01	1.666870498677233969e-01	2.464586815146275756e-01	1.483245929804558050e-01	7.123478966141039148e-02	2.818427570066131885e-02	7.326099766880116160e-02
1.101560277649308091e+03	2.656240631400094698e-01	1.665367281002675115e-01	2.466194523053090171e-01	1.484199336142206782e-01	7.127462495300858347e-02	2.820555989250016909e-02	7.331963799457652531e-02
1.103011608713404712e+03	2.653988983838311833e-01	1.663866627838040679e-01	2.467799401864880782e-01	1.485151050581656751e-01	7.131439329422688267e-02	2.822681705133234242e-02	7.337818324204364862e-02
1.104462939777501106e+03	2.651741176806100553e-01	1.662368534801403896e-01	2.469401456441552012e-01	1.486101076304187918e-01	7.135409479555288037e-02	2.824804721480424566e-02	7.343663355421026218e-02
1.105914270841597499e+03	2.649497203744015650e-01	1.660872997518348937e-01	2.471000691634696877e-01	1.487049416484373665e-01	7.139372956731004916e-02	2.826925042050083131e-02	7.349498907393735292e-02
1.107365601905694348e+03	2.647257058103824612e-01	1.659380011621958417e-01	2.472597112287610865e-01	1.487996074290098003e-01	7.143329771965790942e-02	2.829042670594572595e-02	7.355324994393896976e-02
1.108816932969790741e+03	2.645020733348484310e-01	1.657889572752798413e-01	2.474190723235306089e-01	1.488941052882573057e-01	7.147279936259219590e-02	2.831157610860137591e-02	7.361141630678194603e-02
1.110268264033887590e+03	2.642788222952127120e-01	1.656401676558907632e-01	2.475781529304526551e-01	1.489884355416356554e-01	7.151223460594495485e-02	2.833269866586917568e-02	7.366948830488573297e-02
1.111719595097984211e+03	2.640559520400039273e-01	1.654916318695782429e-01	2.477369535313760363e-01	1.490825985039369583e-01	7.155160355938472438e-02	2.835379441508959278e-02	7.372746608052212214e-02
1.113170926162080832e+03	2.638334619188641983e-01	1.653433494826365702e-01	2.478954746073255277e-01	1.491765944892912976e-01	7.159090633241668722e-02	2.837486339354232390e-02	7.378534977581503729e-02
1.114622257226177226e+03	2.636113512825472016e-01	1.651953200621031626e-01	2.480537166385032577e-01	1.492704238111685622e-01	7.163014303438271224e-02	2.839590563844640245e-02	7.384313953274034004e-02
1.116073588290273847e+03	2.633896194829165038e-01	1.650475431757574551e-01	2.482116801042900112e-01	1.493640867823801122e-01	7.166931377446163209e-02	2.841692118696034428e-02	7.390083549312555233e-02
1.117524919354370468e+03	2.631682658729434521e-01	1.649000183921195128e-01	2.483693654832467845e-01	1.494575837150805275e-01	7.170841866166932643e-02	2.843791007618226910e-02	7.395843779864971768e-02
1.118976250418467089e+03	2.629472898067055087e-01	1.647527452804487536e-01	2.485267732531161178e-01	1.495509149207691901e-01	7.174745780485883295e-02	2.845887234315004968e-02	7.401594659084313743e-02
1.120427581482563710e+03	2.627266906393841417e-01	1.646057234107426159e-01	2.486839038908234822e-01	1.496440807102921711e-01	7.178643131272056943e-02	2.847980802484141594e-02	7.407336201108716267e-02
1.121878912546660331e+03	2.625064677272630487e-01	1.644589523537354492e-01	2.488407578724786962e-01	1.497370813938437850e-01	7.182533929378243087e-02	2.850071715817410756e-02	7.413068420061404151e-02
1.123330243610756725e+03	2.622866204277264357e-01	1.643124316808970142e-01	2.489973356733772847e-01	1.498299172809683388e-01	7.186418185640991441e-02	2.852159978000599547e-02	7.418791330050662769e-02
1.124781574674853118e+03	2.620671480992567970e-01	1.641661609644312625e-01	2.491536377680019509e-01	1.499225886805617969e-01	7.190295910880632746e-02	2.854245592713521712e-02	7.424504945169825565e-02
1.126232905738949967e+03	2.618480501014334716e-01	1.640201397772751701e-01	2.493096646300237973e-01	1.500150959008734741e-01	7.194167115901288490e-02	2.856328563630029099e-02	7.430209279497251851e-02
1.127684236803046360e+03	2.616293257949305340e-01	1.638743676930972670e-01	2.494654167323039351e-01	1.501074392495076737e-01	7.198031811490887555e-02	2.858408894418025883e-02	7.435904347096300437e-02
1.129135567867143209e+03	2.614109745415148511e-01	1.637288442862965543e-01	2.496208945468948170e-01	1.501996190334254078e-01	7.201890008421184264e-02	2.860486588739481056e-02	7.441590162015322696e-02
1.130586898931239830e+03	2.611929957040444727e-01	1.635835691320010887e-01	2.497760985450414584e-01	1.502916355589460351e-01	7.205741717447768091e-02	2.862561650250440570e-02	7.447266738287634802e-02
1.132038229995336451e+03	2.609753886464666328e-01	1.634385418060668449e-01	2.499310291971829356e-01	1.503834891317488986e-01	7.209586949310078929e-02	2.864634082601041562e-02	7.452934089931501083e-02
1.133489561059432845e+03	2.607581527338158622e-01	1.632937618850762995e-01	2.500856869729537468e-01	1.504751800568749631e-01	7.213425714731425131e-02	2.866703889435523109e-02	7.458592230950115975e-02
1.134940892123529466e+03	2.605412873322122125e-01	1.631492289463372658e-01	2.502400723411852823e-01	1.505667086387285358e-01	7.217258024418998774e-02	2.868771074392241147e-02	7.464241175331580436e-02
1.136392223187626087e+03	2.603247918088593127e-01	1.630049425678816444e-01	2.503941857699070739e-01	1.506580751810787933e-01	7.221083889063889538e-02	2.870835641103678879e-02	7.469880937048893610e-02
1.137843554251722708e+03	2.601086655320428154e-01	1.628609023284641466e-01	2.505480277263480993e-01	1.507492799870614741e-01	7.224903319341098584e-02	2.872897593196459959e-02	7.475511530059927856e-02
1.139294885315819101e+03	2.598929078711282314e-01	1.627171078075609345e-01	2.507015986769383087e-01	1.508403233591805725e-01	7.228716325909555207e-02	2.874956934291363064e-02	7.481132968307410702e-02
1.140746216379915950e+03	2.596775181965590984e-01	1.625735585853685661e-01	2.508548990873100681e-01	1.509312055993098367e-01	7.232522919412133489e-02	2.877013668003330915e-02	7.486745265718910969e-02
1.142197547444012343e+03	2.594624958798553704e-01	1.624302542428025242e-01	2.510079294222992141e-01	1.510219270086944343e-01	7.236323110475663400e-02	2.879067797941486234e-02	7.492348436206820728e-02
1.143648878508108737e+03	2.592478402936114756e-01	1.622871943614961898e-01	2.511606901459466634e-01	1.511124878879525624e-01	7.240116909710951620e-02	2.881119327709141462e-02	7.497942493668335873e-02
1.145100209572205586e+03	2.590335508114944285e-01	1.621443785237993984e-01	2.513131817214998565e-01	1.512028885370771125e-01	7.243904327712795410e-02	2.883168260903812979e-02	7.503527451985439467e-02
1.146551540636302207e+03	2.588196268082419982e-01	1.620018063127773578e-01	2.514654046114135899e-01	1.512931292554371698e-01	7.247685375059990942e-02	2.885214601117231867e-02	7.509103325024889253e-02
1.148002871700398828e+03	2.586060676596610430e-01	1.618594773122092878e-01	2.516173592773520706e-01	1.513832103417797059e-01	7.251460062315359667e-02	2.887258351935358125e-02	7.514670126638199610e-02
1.149454202764495449e+03	2.583928727426255678e-01	1.617173911065871994e-01	2.517690461801897484e-01	1.514731320942310222e-01	7.255228400025759417e-02	2.889299516938391085e-02	7.520227870661623515e-02
1.150905533828591842e+03	2.581800414350748363e-01	1.615755472811147564e-01	2.519204657800129254e-01	1.515628948102985263e-01	7.258990398722098281e-02	2.891338099700783287e-02	7.525776570916138664e-02
1.152356864892688463e+03	2.579675731160117613e-01	1.614339454217059711e-01	2.520716185361210893e-01	1.516524987868721752e-01	7.262746068919349873e-02	2.893374103791250887e-02	7.531316241207428042e-02
1.153808195956785084e+03	2.577554671655009066e-01	1.612925851149838996e-01	2.522225049070280778e-01	1.517419443202260854e-01	7.266495421116574149e-02	2.895407532772787534e-02	7.536846895325871598e-02
1.155259527020881706e+03	2.575437229646667103e-01	1.611514659482794765e-01	2.523731253504636896e-01	1.518312317060200867e-01	7.270238465796928506e-02	2.897438390202675823e-02	7.542368547046526817e-02
1.156710858084978327e+03	2.573323398956917085e-01	1.610105875096304318e-01	2.525234803233747938e-01	1.519203612393013325e-01	7.273975213427685826e-02	2.899466679632499433e-02	7.547881210129112062e-02
1.158162189149074720e+03	2.571213173418148701e-01	1.608699493877798203e-01	2.526735702819267182e-01	1.520093332145057985e-01	7.277705674460245577e-02	2.901492404608154579e-02	7.553384898317995477e-02
1.159613520213171569e+03	2.569106546873295427e-01	1.607295511721749393e-01	2.528233956815047478e-01	1.520981479254598923e-01	7.281429859330157406e-02	2.903515568669863545e-02	7.558879625342179720e-02
1.161064851277267962e+03	2.567003513175817875e-01	1.605893924529660788e-01	2.529729569767152353e-01	1.521868056653819246e-01	7.285147778457132239e-02	2.905536175352184391e-02	7.564365404915283919e-02
1.162516182341364356e+03	2.564904066189685472e-01	1.604494728210053289e-01	2.531222546213870439e-01	1.522753067268837746e-01	7.288859442245058939e-02	2.907554228184025535e-02	7.569842250735539513e-02
1.163967513405461204e+03	2.562808199789359809e-01	1.603097918678453304e-01	2.532712890685729912e-01	1.523636514019722221e-01	7.292564861082019567e-02	2.909569730688655806e-02	7.575310176485763880e-02
1.165418844469557826e+03	2.560715907859774654e-01	1.601703491857380812e-01	2.534200607705508479e-01	1.524518399820507242e-01	7.296264045340306037e-02	2.911582686383715896e-02	7.580769195833353402e-02
1.166870175533654447e+03	2.558627184296319301e-01	1.600311443676337153e-01	2.535685701788250035e-01	1.525398727579208025e-01	7.299957005376438157e-02	2.913593098781233279e-02	7.586219322430273748e-02
1.168321506597751068e+03	2.556542023004820807e-01	1.598921770071792814e-01	2.537168177441275763e-01	1.526277500197835146e-01	7.303643751531177508e-02	2.915600971387630191e-02	7.591660569913037671e-02
1.169772837661847461e+03	2.554460417901524560e-01	1.597534466987176327e-01	2.538648039164198567e-01	1.527154720572411195e-01	7.307324294129542708e-02	2.917606307703737856e-02	7.597092951902698066e-02
1.171224168725944082e+03	2.552382362913079850e-01	1.596149530372860392e-01	2.540125291448935840e-01	1.528030391592984927e-01	7.310998643480828840e-02	2.919609111224807582e-02	7.602516482004834097e-02
1.172675499790040703e+03	2.550307851976520435e-01	1.594766956186151330e-01	2.541599938779722234e-01	1.528904516143646253e-01	7.314666809878619946e-02	2.921609385440521872e-02	7.607931173809541481e-02
1.174126830854137097e+03	2.548236879039243452e-01	1.593386740391277145e-01	2.543071985633122978e-01	1.529777097102541783e-01	7.318328803600807064e-02	2.923607133835007255e-02	7.613337040891413054e-02
1.175578161918233945e+03	2.546169438058997203e-01	1.592008878959374762e-01	2.544541436478048313e-01	1.530648137341889536e-01	7.321984634909607659e-02	2.925602359886844694e-02	7.618734096809534617e-02
1.177029492982330339e+03	2.544105523003860614e-01	1.590633367868478643e-01	2.546008295775763486e-01	1.531517639727993374e-01	7.325634314051573948e-02	2.927595067069081736e-02	7.624122355107466886e-02
1.178480824046426733e+03	2.542045127852225472e-01	1.589260203103508295e-01	2.547472567979905400e-01	1.532385607121259374e-01	7.329277851257615106e-02	2.929585258849244297e-02	7.629501829313237171e-02
1.179932155110523581e+03	2.539988246592779775e-01	1.587889380656257177e-01	2.548934257536492609e-01	1.533252042376208879e-01	7.332915256743015309e-02	2.931572938689347776e-02	7.634872532939325496e-02
1.181383486174620202e+03	2.537934873224489962e-01	1.586520896525380198e-01	2.550393368883941414e-01	1.534116948341493758e-01	7.336546540707446218e-02	2.933558110045909190e-02	7.640234479482657659e-02
1.182834817238716823e+03	2.535885001756582602e-01	1.585154746716382346e-01	2.551849906453075856e-01	1.534980327859912230e-01	7.340171713334983639e-02	2.935540776369957583e-02	7.645587682424591358e-02
1.184286148302813444e+03	2.533838626208527733e-01	1.583790927241606195e-01	2.553303874667142148e-01	1.535842183768422187e-01	7.343790784794124171e-02	2.937520941107046174e-02	7.650932155230903697e-02
1.185737479366910065e+03	2.531795740610021106e-01	1.582429434120220524e-01	2.554755277941822555e-01	1.536702518898156455e-01	7.347403765237804640e-02	2.939498607697263802e-02	7.656267911351784250e-02
1.187188810431006686e+03	2.529756339000966414e-01	1.581070263378208385e-01	2.556204120685245385e-01	1.537561336074436680e-01	7.351010664803415973e-02	2.941473779575246375e-02	7.661594964221819792e-02
1.188640141495103080e+03	2.527720415431458645e-01	1.579713411048356275e-01	2.557650407298001638e-01	1.538418638116788861e-01	7.354611493612818462e-02	2.943446460170186935e-02	7.666913327259990141e-02
1.190091472559199701e+03	2.525687963961764648e-01	1.578358873170240539e-01	2.559094142173155007e-01	1.539274427838957515e-01	7.358206261772361201e-02	2.945416652905848490e-02	7.672223013869654273e-02
1.191542803623296322e+03	2.523658978662308705e-01	1.577006645790217099e-01	2.560535329696255746e-01	1.540128708048920103e-01	7.361794979372897341e-02	2.947384361200575120e-02	7.677524037438537841e-02
1.192994134687392716e+03	2.521633453613653097e-01	1.575656724961409516e-01	2.561973974245354557e-01	1.540981481548900911e-01	7.365377656489802138e-02	2.949349588467301692e-02	7.682816411338733165e-02
1.194445465751489564e+03	2.519611382906481456e-01	1.574309106743697062e-01	2.563410080191013685e-01	1.541832751135386315e-01	7.368954303182985444e-02	2.951312338113566691e-02	7.688100148926675648e-02
1.195896796815585958e+03	2.517592760641581551e-01	1.572963787203702779e-01	2.564843651896321353e-01	1.542682519599137825e-01	7.372524929496913904e-02	2.953272613541522984e-02	7.693375263543149323e-02
1.197348127879682352e+03	2.515577580929827528e-01	1.571620762414782380e-01	2.566274693716901756e-01	1.543530789725206798e-01	7.376089545460624841e-02	2.955230418147948221e-02	7.698641768513266037e-02
1.198799458943779200e+03	2.513565837892162702e-01	1.570280028457012311e-01	2.567703210000930603e-01	1.544377564292950256e-01	7.379648161087742908e-02	2.957185755324256982e-02	7.703899677146462677e-02
1.200250790007875821e+03	2.511557525659583456e-01	1.568941581417178655e-01	2.569129205089147328e-01	1.545222846076042267e-01	7.383200786376496738e-02	2.959138628456510836e-02	7.709149002736491452e-02
1.201702121071972442e+03	2.509552638373120370e-01	1.567605417388764910e-01	2.570552683314868414e-01	1.546066637842490044e-01	7.386747431309736989e-02	2.961089040925430141e-02	7.714389758561410182e-02
1.203153452136069063e+03	2.507551170183822120e-01	1.566271532471941175e-01	2.571973649003996831e-01	1.546908942354647543e-01	7.390288105854951606e-02	2.963036996106404447e-02	7.719621957883575358e-02
1.204604783200165684e+03	2.505553115252738827e-01	1.564939922773551095e-01	2.573392106475038688e-01	1.547749762369229620e-01	7.393822819964283866e-02	2.964982497369503950e-02	7.724845613949635204e-02
1.206056114264262078e+03	2.503558467750903183e-01	1.563610584407102988e-01	2.574808060039113777e-01	1.548589100637324523e-01	7.397351583574547640e-02	2.966925548079489550e-02	7.730060739990515795e-02
1.207507445328358699e+03	2.501567221859315460e-01	1.562283513492755682e-01	2.576221513999968904e-01	1.549426959904410261e-01	7.400874406607248213e-02	2.968866151595824648e-02	7.735267349221419675e-02
1.208958776392455093e+03	2.499579371768925473e-01	1.560958706157308529e-01	2.577632472653989537e-01	1.550263342910366549e-01	7.404391298968594770e-02	2.970804311272686252e-02	7.740465454841816140e-02
1.210410107456551941e+03	2.497594911680614538e-01	1.559636158534189188e-01	2.579040940290212580e-01	1.551098252389489784e-01	7.407902270549519830e-02	2.972740030458974683e-02	7.745655070035434298e-02
1.211861438520648335e+03	2.495613835805180480e-01	1.558315866763443636e-01	2.580446921190341358e-01	1.551931691070506103e-01	7.411407331225693118e-02	2.974673312498325034e-02	7.750836207970253355e-02
1.213312769584745183e+03	2.493636138363319044e-01	1.556997826991722844e-01	2.581850419628755056e-01	1.552763661676585527e-01	7.414906490857540999e-02	2.976604160729117918e-02	7.756008881798501231e-02
1.214764100648841804e+03	2.491661813585608620e-01	1.555682035372272787e-01	2.583251439872522037e-01	1.553594166925355569e-01	7.418399759290267292e-02	2.978532578484490226e-02	7.761173104656639288e-02
1.216215431712937971e+03	2.489690855712491380e-01	1.554368488064922227e-01	2.584649986181413173e-01	1.554423209528914829e-01	7.421887146353862985e-02	2.980458569092345189e-02	7.766328889665362334e-02
1.217666762777034819e+03	2.487723258994257447e-01	1.553057181236071893e-01	2.586046062807914603e-01	1.555250792193846598e-01	7.425368661863125663e-02	2.982382135875364521e-02	7.771476249929590296e-02
1.219118093841131440e+03	2.485759017691028805e-01	1.551748111058682822e-01	2.587439673997238287e-01	1.556076917621232736e-01	7.428844315617681715e-02	2.984303282151017436e-02	7.776615198538462670e-02
1.220569424905228061e+03	2.483798126072740697e-01	1.550441273712266088e-01	2.588830823987335328e-01	1.556901588506666989e-01	7.432314117401994658e-02	2.986222011231571757e-02	7.781745748565328802e-02
1.222020755969324682e+03	2.481840578419126642e-01	1.549136665382869760e-01	2.590219517008909844e-01	1.557724807540267764e-01	7.435778076985390117e-02	2.988138326424104665e-02	7.786867913067746505e-02
1.223472087033421303e+03	2.479886369019700387e-01	1.547834282263068906e-01	2.591605757285430078e-01	1.558546577406693112e-01	7.439236204122065543e-02	2.990052231030513805e-02	7.791981705087476506e-02
1.224923418097517697e+03	2.477935492173739540e-01	1.546534120551954217e-01	2.592989549033140606e-01	1.559366900785152943e-01	7.442688508551116577e-02	2.991963728347526996e-02	7.797087137650469957e-02
1.226374749161614318e+03	2.475987942190269464e-01	1.545236176455120070e-01	2.594370896461074549e-01	1.560185780349422069e-01	7.446134999996543991e-02	2.993872821666712647e-02	7.802184223766869819e-02
1.227826080225710712e+03	2.474043713388045240e-01	1.543940446184654536e-01	2.595749803771066899e-01	1.561003218767855472e-01	7.449575688167278664e-02	2.995779514274490851e-02	7.807272976431001155e-02
1.229277411289807560e+03	2.472102800095536401e-01	1.542646925959127169e-01	2.597126275157765063e-01	1.561819218703399126e-01	7.453010582757195468e-02	2.997683809452143452e-02	7.812353408621369733e-02
1.230728742353903954e+03	2.470165196650909722e-01	1.541355612003577902e-01	2.598500314808644407e-01	1.562633782813604710e-01	7.456439693445132688e-02	2.999585710475824105e-02	7.817425533300657869e-02
1.232180073418000802e+03	2.468230897402012847e-01	1.540066500549506778e-01	2.599871926904017694e-01	1.563446913750642375e-01	7.459863029894905906e-02	3.001485220616569374e-02	7.822489363415714714e-02
1.233631404482097196e+03	2.466299896706357075e-01	1.538779587834862017e-01	2.601241115617046740e-01	1.564258614161313787e-01	7.463280601755326038e-02	3.003382343140308108e-02	7.827544911897552082e-02
1.235082735546193817e+03	2.464372188931101826e-01	1.537494870104029188e-01	2.602607885113757402e-01	1.565068886687066008e-01	7.466692418660220154e-02	3.005277081307872883e-02	7.832592191661347236e-02
1.236534066610290438e+03	2.462447768453037145e-01	1.536212343607819830e-01	2.603972239553050128e-01	1.565877733964003149e-01	7.470098490228443966e-02	3.007169438375009024e-02	7.837631215606429003e-02
1.237985397674387059e+03	2.460526629658568165e-01	1.534932004603460909e-01	2.605334183086712163e-01	1.566685158622900531e-01	7.473498826063901257e-02	3.009059417592386057e-02	7.842661996616279163e-02
1.239436728738483680e+03	2.458608766943697899e-01	1.533653849354583432e-01	2.606693719859429215e-01	1.567491163289217171e-01	7.476893435755561923e-02	3.010947022205607768e-02	7.847684547558529677e-02
1.240888059802580301e+03	2.456694174714010859e-01	1.532377874131212458e-01	2.608050854008800434e-01	1.568295750583108827e-01	7.480282328877478626e-02	3.012832255455220876e-02	7.852698881284951582e-02
1.242339390866676695e+03	2.454782847384656963e-01	1.531104075209753501e-01	2.609405589665346192e-01	1.569098923119441324e-01	7.483665514988804834e-02	3.014715120576726831e-02	7.857705010631459153e-02
1.243790721930773088e+03	2.452874779380335712e-01	1.529832448872984751e-01	2.610757930952524175e-01	1.569900683507802486e-01	7.487043003633808702e-02	3.016595620800591529e-02	7.862702948418105742e-02
1.245242052994869937e+03	2.450969965135278150e-01	1.528562991410043481e-01	2.612107881986737712e-01	1.570701034352515457e-01	7.490414804341896660e-02	3.018473759352255023e-02	7.867692707449074063e-02
1.246693384058966330e+03	2.449068399093232984e-01	1.527295699116416883e-01	2.613455446877351873e-01	1.571499978252651475e-01	7.493780926627623129e-02	3.020349539452141935e-02	7.872674300512678969e-02
1.248144715123063179e+03	2.447170075707447434e-01	1.526030568293930134e-01	2.614800629726701242e-01	1.572297517802042910e-01	7.497141379990718280e-02	3.022222964315671515e-02	7.877647740381361896e-02
1.249596046187159800e+03	2.445274989440653357e-01	1.524767595250736130e-01	2.616143434630106013e-01	1.573093655589295481e-01	7.500496173916093579e-02	3.024094037153267356e-02	7.882613039811690869e-02
1.251047377251256421e+03	2.443383134765050313e-01	1.523506776301304100e-01	2.617483865675882537e-01	1.573888394197800744e-01	7.503845317873866771e-02	3.025962761170367804e-02	7.887570211544352172e-02
1.252498708315352815e+03	2.441494506162288358e-01	1.522248107766409064e-01	2.618821926945352763e-01	1.574681736205749694e-01	7.507188821319377148e-02	3.027829139567434977e-02	7.892519268304151736e-02
1.253950039379449436e+03	2.439609098123453335e-01	1.520991585973121285e-01	2.620157622512859774e-01	1.575473684186143863e-01	7.510526693693204969e-02	3.029693175539966213e-02	7.897460222800013752e-02
1.255401370443546057e+03	2.437726905149049106e-01	1.519737207254794331e-01	2.621490956445777232e-01	1.576264240706809205e-01	7.513858944421185349e-02	3.031554872278502746e-02	7.902393087724976506e-02
1.256852701507642678e+03	2.435847921748983957e-01	1.518484967951055364e-01	2.622821932804523248e-01	1.577053408330407469e-01	7.517185582914427677e-02	3.033414232968639768e-02	7.907317875756188219e-02
1.258304032571739299e+03	2.433972142442551723e-01	1.517234864407794037e-01	2.624150555642571492e-01	1.577841189614450357e-01	7.520506618569336443e-02	3.035271260791036485e-02	7.912234599554909820e-02
1.259755363635835920e+03	2.432099561758417072e-01	1.515986892977151668e-01	2.625476829006461732e-01	1.578627587111309516e-01	7.523822060767619557e-02	3.037125958921425839e-02	7.917143271766509394e-02
1.261206694699932314e+03	2.430230174234599971e-01	1.514741050017510415e-01	2.626800756935813719e-01	1.579412603368230694e-01	7.527131918876316108e-02	3.038978330530624911e-02	7.922043905020462184e-02
1.262658025764028707e+03	2.428363974418458193e-01	1.513497331893482456e-01	2.628122343463338839e-01	1.580196240927345952e-01	7.530436202247807465e-02	3.040828378784542554e-02	7.926936511930349205e-02
1.264109356828125556e+03	2.426500956866672332e-01	1.512255734975899713e-01	2.629441592614850109e-01	1.580978502325685042e-01	7.533734920219838094e-02	3.042676106844192582e-02	7.931821105093853075e-02
1.265560687892221949e+03	2.424641116145229980e-01	1.511016255641802752e-01	2.630758508409274943e-01	1.581759390095188733e-01	7.537028082115530825e-02	3.044521517865699661e-02	7.936697697092759407e-02
1.267012018956318798e+03	2.422784446829409355e-01	1.509778890274430518e-01	2.632073094858667917e-01	1.582538906762719633e-01	7.540315697243406279e-02	3.046364615000312498e-02	7.941566300492956809e-02
1.268463350020415419e+03	2.420930943503763477e-01	1.508543635263209226e-01	2.633385355968221875e-01	1.583317054850076344e-01	7.543597774897395358e-02	3.048205401394410777e-02	7.946426927844434107e-02
1.269914681084511813e+03	2.419080600762103794e-01	1.507310487003741539e-01	2.634695295736279030e-01	1.584093836874003458e-01	7.546874324356867003e-02	3.050043880189516610e-02	7.951279591681277570e-02
1.271366012148608434e+03	2.417233413207486026e-01	1.506079441897797411e-01	2.636002918154343178e-01	1.584869255346205708e-01	7.550145354886639293e-02	3.051880054522302169e-02	7.956124304521673685e-02
1.272817343212705055e+03	2.415389375452192122e-01	1.504850496353301870e-01	2.637308227207091349e-01	1.585643312773358515e-01	7.553410875736991936e-02	3.053713927524601482e-02	7.960961078867907770e-02
1.274268674276801676e+03	2.413548482117715832e-01	1.503623646784324475e-01	2.638611226872385473e-01	1.586416011657120206e-01	7.556670896143692640e-02	3.055545502323418067e-02	7.965789927206361198e-02
1.275720005340898297e+03	2.411710727834747159e-01	1.502398889611070154e-01	2.639911921121284033e-01	1.587187354494145053e-01	7.559925425328013759e-02	3.057374782040936032e-02	7.970610862007515562e-02
1.277171336404994690e+03	2.409876107243154875e-01	1.501176221259866994e-01	2.641210313918054275e-01	1.587957343776094099e-01	7.563174472496744793e-02	3.059201769794528750e-02	7.975423895725947121e-02
1.278622667469091539e+03	2.408044614991973198e-01	1.499955638163157357e-01	2.642506409220183317e-01	1.588725981989647651e-01	7.566418046842214584e-02	3.061026468696767880e-02	7.980229040800330964e-02
1.280073998533187932e+03	2.406216245739384030e-01	1.498737136759485389e-01	2.643800210978388132e-01	1.589493271616517212e-01	7.569656157542305197e-02	3.062848881855433081e-02	7.985026309653439625e-02
1.281525329597284326e+03	2.404390994152702798e-01	1.497520713493488698e-01	2.645091723136630546e-01	1.590259215133456860e-01	7.572888813760472737e-02	3.064669012373522766e-02	7.989815714692145854e-02
1.282976660661381175e+03	2.402568854908361529e-01	1.496306364815886691e-01	2.646380949632125557e-01	1.591023815012275466e-01	7.576116024645762614e-02	3.066486863349261044e-02	7.994597268307414295e-02
1.284427991725477568e+03	2.400749822691894686e-01	1.495094087183470311e-01	2.647667894395354660e-01	1.591787073719848344e-01	7.579337799332831749e-02	3.068302437876108471e-02	7.999370982874315361e-02
1.285879322789574417e+03	2.398933892197921969e-01	1.493883877059090926e-01	2.648952561350078061e-01	1.592548993718128358e-01	7.582554146941958284e-02	3.070115739042772462e-02	8.004136870752015520e-02
1.287330653853671038e+03	2.397121058130133597e-01	1.492675730911651177e-01	2.650234954413343003e-01	1.593309577464159521e-01	7.585765076579069344e-02	3.071926769933213536e-02	8.008894944283781459e-02
1.288781984917767431e+03	2.395311315201275604e-01	1.491469645216094431e-01	2.651515077495498751e-01	1.594068827410086431e-01	7.588970597335746582e-02	3.073735533626657801e-02	8.013645215796982857e-02
1.290233315981864052e+03	2.393504658133132623e-01	1.490265616453393394e-01	2.652792934500206035e-01	1.594826746003167317e-01	7.592170718289255327e-02	3.075542033197604594e-02	8.018387697603088227e-02
