1.001418434226643626e+03	2.821000309743429968e-01	1.775932314942195167e-01	2.348312297740078325e-01	1.414141193611519742e-01	6.835982151574968024e-02	2.667414201235723467e-02	6.902742486806484612e-02
1.003837319333471214e+03	2.816782421820658855e-01	1.773118988903973348e-01	2.351330522538705170e-01	1.415932645083551877e-01	6.843416584125681934e-02	2.671299862797076388e-02	6.913637769597757998e-02
1.006256204440298802e+03	2.812576517109506846e-01	1.770313657772660532e-01	2.354339925691239233e-01	1.417718755687895904e-01	6.850830216837190678e-02	2.675177356912716853e-02	6.924503863626477185e-02
1.008675089547126618e+03	2.808382561522929644e-01	1.767516298783777251e-01	2.357340532423342627e-01	1.419499542462163977e-01	6.858223106338967590e-02	2.679046702266452140e-02	6.935340839461850981e-02
1.011093974653954206e+03	2.804200521070678853e-01	1.764726889238130703e-01	2.360332367888834104e-01	1.421275022381618958e-01	6.865595309127515977e-02	2.682907917490211930e-02	6.946148767579056471e-02
1.013512859760782021e+03	2.800030361859037198e-01	1.761945406501612410e-01	2.363315457169892497e-01	1.423045212359466405e-01	6.872946881566444066e-02	2.686761021164260285e-02	6.956927718358613122e-02
1.015931744867609382e+03	2.795872050090559280e-01	1.759171828005001437e-01	2.366289825277262393e-01	1.424810129247144896e-01	6.880277879886544101e-02	2.690606031817403820e-02	6.967677762085773552e-02
1.018350629974437197e+03	2.791725552063807347e-01	1.756406131243763991e-01	2.369255497150454526e-01	1.426569789834614688e-01	6.887588360185875613e-02	2.694442967927197438e-02	6.978398968949919845e-02
1.020769515081264785e+03	2.787590834173091503e-01	1.753648293777856360e-01	2.372212497657950614e-01	1.428324210850643594e-01	6.894878378429854238e-02	2.698271847920153191e-02	6.989091409043968195e-02
1.023188400188092373e+03	2.783467862908207691e-01	1.750898293231529512e-01	2.375160851597403477e-01	1.430073408963092596e-01	6.902147990451340531e-02	2.702092690171942549e-02	6.999755152363776323e-02
1.025607285294920075e+03	2.779356604854176793e-01	1.748156107293133144e-01	2.378100583695839376e-01	1.431817400779198668e-01	6.909397251950738505e-02	2.705905513007602139e-02	7.010390268807570324e-02
1.028026170401747549e+03	2.775257026690982065e-01	1.745421713714921663e-01	2.381031718609858683e-01	1.433556202845855942e-01	6.916626218496094158e-02	2.709710334701735668e-02	7.020996828175374294e-02
1.030445055508575479e+03	2.771169095193312115e-01	1.742695090312860462e-01	2.383954280925835723e-01	1.435289831649895764e-01	6.923834945523192619e-02	2.713507173478714798e-02	7.031574900168442721e-02
1.032863940615402726e+03	2.767092777230296119e-01	1.739976214966433565e-01	2.386868295160119446e-01	1.437018303618363413e-01	6.931023488335667782e-02	2.717296047512880036e-02	7.042124554388709545e-02
1.035282825722230655e+03	2.763028039765249022e-01	1.737265065618453230e-01	2.389773785759231606e-01	1.438741635118795104e-01	6.938191902105116105e-02	2.721076974928738831e-02	7.052645860338239980e-02
1.037701710829058356e+03	2.758974849855407863e-01	1.734561620274868154e-01	2.392670777100065482e-01	1.440459842459491380e-01	6.945340241871199305e-02	2.724849973801164726e-02	7.063138887418689282e-02
1.040120595935886058e+03	2.754933174651674754e-01	1.731865857004574460e-01	2.395559293490084618e-01	1.442172941889790783e-01	6.952468562541763708e-02	2.728615062155592338e-02	7.073603704930776781e-02
1.042539481042713533e+03	2.750902981398356539e-01	1.729177753939226958e-01	2.398439359167519047e-01	1.443880949600340469e-01	6.959576918892962372e-02	2.732372257968214424e-02	7.084040382073759912e-02
1.044958366149541234e+03	2.746884237432908327e-01	1.726497289273051794e-01	2.401310998301564026e-01	1.445583881723365161e-01	6.966665365569373047e-02	2.736121579166175474e-02	7.094448987944920737e-02
1.047377251256368709e+03	2.742876910185674810e-01	1.723824441262658269e-01	2.404174234992574599e-01	1.447281754332934711e-01	6.973733957084120305e-02	2.739863043627765310e-02	7.104829591539053857e-02
1.049796136363196410e+03	2.738880967179631587e-01	1.721159188226853154e-01	2.407029093272262665e-01	1.448974583445230002e-01	6.980782747819008760e-02	2.743596669182610248e-02	7.115182261747975134e-02
1.052215021470024112e+03	2.734896376030127585e-01	1.718501508546456391e-01	2.409875597103891542e-01	1.450662385018808009e-01	6.987811792024647972e-02	2.747322473611865656e-02	7.125507067360019320e-02
1.054633906576851814e+03	2.730923104444630822e-01	1.715851380664115133e-01	2.412713770382471368e-01	1.452345174954864093e-01	6.994821143820587062e-02	2.751040474648404344e-02	7.135804077059562656e-02
1.057052791683679516e+03	2.726961120222470836e-01	1.713208783084120557e-01	2.415543636934953109e-01	1.454022969097492346e-01	7.001810857195453486e-02	2.754750689977006339e-02	7.146073359426541316e-02
1.059471676790506763e+03	2.723010391254581108e-01	1.710573694372225506e-01	2.418365220520421743e-01	1.455695783233946217e-01	7.008780986007084879e-02	2.758453137234546243e-02	7.156314982935986502e-02
1.061890561897334692e+03	2.719070885523247050e-01	1.707946093155461309e-01	2.421178544830290269e-01	1.457363633094896083e-01	7.015731583982673381e-02	2.762147834010179187e-02	7.166529015957556759e-02
1.064309447004162394e+03	2.715142571101848423e-01	1.705325958121957641e-01	2.423983633488490941e-01	1.459026534354685434e-01	7.022662704718908577e-02	2.765834797845527493e-02	7.176715526755089725e-02
1.066728332110990095e+03	2.711225416154606771e-01	1.702713268020760451e-01	2.426780510051669282e-01	1.460684502631585391e-01	7.029574401682120444e-02	2.769514046234863858e-02	7.186874583486146939e-02
1.069147217217817570e+03	2.707319388936329507e-01	1.700108001661653212e-01	2.429569198009373099e-01	1.462337553488048669e-01	7.036466728208429222e-02	2.773185596625295929e-02	7.197006254201578079e-02
1.071566102324645271e+03	2.703424457792157343e-01	1.697510137914977346e-01	2.432349720784246494e-01	1.463985702430960489e-01	7.043339737503895304e-02	2.776849466416947756e-02	7.207110606845086587e-02
1.073984987431472746e+03	2.699540591157312264e-01	1.694919655711453754e-01	2.435122101732216937e-01	1.465628964911889764e-01	7.050193482644670495e-02	2.780505672963140551e-02	7.217187709252803618e-02
1.076403872538300675e+03	2.695667757556843847e-01	1.692336534042004903e-01	2.437886364142687889e-01	1.467267356327336958e-01	7.057028016577153451e-02	2.784154233570574830e-02	7.227237629152870324e-02
1.078822757645127922e+03	2.691805925605379457e-01	1.689760751957577745e-01	2.440642531238726709e-01	1.468900892018981663e-01	7.063843392118145104e-02	2.787795165499507705e-02	7.237260434165025680e-02
1.081241642751955851e+03	2.687955064006870565e-01	1.687192288568968301e-01	2.443390626177253944e-01	1.470529587273928240e-01	7.070639661955004096e-02	2.791428485963930867e-02	7.247256191800197089e-02
1.083660527858783553e+03	2.684115141554342387e-01	1.684631123046644585e-01	2.446130672049231514e-01	1.472153457324949510e-01	7.077416878645814702e-02	2.795054212131749607e-02	7.257224969460103481e-02
1.086079412965611255e+03	2.680286127129643536e-01	1.682077234620572570e-01	2.448862691879850895e-01	1.473772517350731004e-01	7.084175094619540869e-02	2.798672361124956640e-02	7.267166834436872280e-02
1.088498298072438729e+03	2.676467989703197881e-01	1.679530602580041609e-01	2.451586708628719358e-01	1.475386782476110770e-01	7.090914362176199692e-02	2.802282950019808344e-02	7.277081853912643894e-02
1.090917183179266431e+03	2.672660698333754747e-01	1.676991206273490409e-01	2.454302745190047597e-01	1.476996267772320293e-01	7.097634733487016845e-02	2.805885995846999284e-02	7.286970094959199784e-02
1.093336068286093905e+03	2.668864222168138567e-01	1.674459025108335219e-01	2.457010824392835968e-01	1.478600988257222082e-01	7.104336260594604213e-02	2.809481515591833595e-02	7.296831624537589156e-02
1.095754953392921607e+03	2.665078530441002957e-01	1.671934038550795809e-01	2.459710969001059067e-01	1.480200958895547536e-01	7.111018995413123656e-02	2.813069526194399150e-02	7.306666509497766748e-02
1.098173838499749309e+03	2.661303592474582036e-01	1.669416226125724767e-01	2.462403201713852241e-01	1.481796194599132310e-01	7.117682989728460474e-02	2.816650044549736873e-02	7.316474816578230622e-02
1.100592723606577010e+03	2.657539377678443948e-01	1.666905567416435696e-01	2.465087545165695615e-01	1.483386710227150573e-01	7.124328295198395500e-02	2.820223087508011775e-02	7.326256612405675217e-02
1.103011608713404712e+03	2.653785855549244954e-01	1.664402042064533349e-01	2.467764021926597273e-01	1.484972520586347045e-01	7.130954963352784115e-02	2.823788671874681924e-02	7.336011963494643018e-02
1.105430493820231959e+03	2.650042995670482404e-01	1.661905629769744042e-01	2.470432654502278669e-01	1.486553640431270140e-01	7.137563045593725564e-02	2.827346814410666015e-02	7.345740936247185937e-02
1.107849378927059888e+03	2.646310767712251599e-01	1.659416310289744956e-01	2.473093465334355590e-01	1.488130084464500957e-01	7.144152593195747525e-02	2.830897531832511638e-02	7.355443596952537799e-02
1.110268264033887590e+03	2.642589141430998212e-01	1.656934063439996774e-01	2.475746476800522733e-01	1.489701867336882257e-01	7.150723657305982361e-02	2.834440840812560772e-02	7.365120011786781273e-02
1.112687149140715292e+03	2.638878086669277367e-01	1.654458869093574647e-01	2.478391711214734394e-01	1.491269003647746338e-01	7.157276288944344755e-02	2.837976757979115625e-02	7.374770246812534236e-02
1.115106034247542766e+03	2.635177573355507730e-01	1.651990707181002216e-01	2.481029190827386266e-01	1.492831507945140135e-01	7.163810539003724609e-02	2.841505299916602043e-02	7.384394367978627804e-02
1.117524919354370468e+03	2.631487571503730583e-01	1.649529557690082859e-01	2.483658937825496682e-01	1.494389394726051423e-01	7.170326458250159130e-02	2.845026483165734657e-02	7.393992441119809356e-02
1.119943804461197942e+03	2.627808051213367802e-01	1.647075400665733991e-01	2.486280974332886196e-01	1.495942678436630591e-01	7.176824097323024343e-02	2.848540324223677520e-02	7.403564531956433048e-02
1.122362689568025871e+03	2.624138982668976494e-01	1.644628216209822191e-01	2.488895322410359101e-01	1.497491373472414622e-01	7.183303506735219668e-02	2.852046839544207860e-02	7.413110706094167002e-02
1.124781574674853118e+03	2.620480336140013078e-01	1.642187984480996399e-01	2.491502004055881347e-01	1.499035494178546923e-01	7.189764736873356654e-02	2.855546045537874292e-02	7.422631029023703253e-02
1.127200459781681047e+03	2.616832081980590141e-01	1.639754685694524983e-01	2.494101041204760671e-01	1.500575054849996870e-01	7.196207837997950496e-02	2.859037958572158145e-02	7.432125566120476035e-02
1.129619344888508749e+03	2.613194190629236635e-01	1.637328300122130043e-01	2.496692455729823956e-01	1.502110069731778796e-01	7.202632860243605994e-02	2.862522594971632708e-02	7.441594382644381445e-02
1.132038229995336451e+03	2.609566632608658066e-01	1.634908808091825039e-01	2.499276269441596254e-01	1.503640553019168491e-01	7.209039853619210458e-02	2.865999971018120054e-02	7.451037543739504054e-02
1.134457115102163925e+03	2.605949378525500570e-01	1.632496189987751589e-01	2.501852504088477036e-01	1.505166518857918578e-01	7.215428868008126606e-02	2.869470102950849241e-02	7.460455114433856005e-02
1.136876000208991627e+03	2.602342399070110002e-01	1.630090426250016544e-01	2.504421181356918380e-01	1.506687981344474181e-01	7.221799953168391017e-02	2.872933006966612093e-02	7.469847159639110556e-02
1.139294885315819101e+03	2.598745665016296003e-01	1.627691497374530727e-01	2.506982322871600388e-01	1.508204954526185804e-01	7.228153158732905648e-02	2.876388699219918632e-02	7.479213744150350895e-02
1.141713770422646803e+03	2.595159147221095530e-01	1.625299383912846563e-01	2.509535950195607712e-01	1.509717452401521387e-01	7.234488534209629340e-02	2.879837195823151466e-02	7.488554932645820339e-02
1.144132655529474505e+03	2.591582816624535268e-01	1.622914066471998484e-01	2.512082084830604134e-01	1.511225488920276416e-01	7.240806128981783218e-02	2.883278512846718794e-02	7.497870789686673920e-02
1.146551540636302207e+03	2.588016644249396814e-01	1.620535525714341674e-01	2.514620748217007984e-01	1.512729077983785142e-01	7.247105992308044975e-02	2.886712666319209489e-02	7.507161379716746630e-02
1.148970425743129908e+03	2.584460601200982421e-01	1.618163742357393020e-01	2.517151961734166443e-01	1.514228233445128191e-01	7.253388173322750099e-02	2.890139672227542630e-02	7.516426767062316106e-02
1.151389310849957155e+03	2.580914658666880745e-01	1.615798697173671250e-01	2.519675746700531516e-01	1.515722969109339624e-01	7.259652721036088940e-02	2.893559546517119815e-02	7.525667015931875037e-02
1.153808195956785084e+03	2.577378787916729808e-01	1.613440370990538442e-01	2.522192124373829336e-01	1.517213298733613436e-01	7.265899684334313491e-02	2.896972305091974689e-02	7.534882190415911896e-02
1.156227081063612786e+03	2.573852960301989956e-01	1.611088744690041263e-01	2.524701115951236696e-01	1.518699236027508392e-01	7.272129111979935834e-02	2.900377963814923521e-02	7.544072354486688892e-02
1.158645966170440488e+03	2.570337147255705168e-01	1.608743799208754433e-01	2.527202742569552019e-01	1.520180794653151479e-01	7.278341052611930762e-02	2.903776538507713001e-02	7.553237571998035194e-02
1.161064851277267962e+03	2.566831320292274898e-01	1.606405515537622508e-01	2.529697025305367442e-01	1.521657988225441627e-01	7.284535554745946717e-02	2.907168044951168040e-02	7.562377906685135986e-02
1.163483736384095664e+03	2.563335451007222598e-01	1.604073874721802517e-01	2.532183985175239238e-01	1.523130830312249273e-01	7.290712666774501471e-02	2.910552498885339567e-02	7.571493422164334020e-02
1.165902621490923138e+03	2.559849511076964790e-01	1.601748857860509634e-01	2.534663643135861566e-01	1.524599334434618148e-01	7.296872436967193065e-02	2.913929916009648860e-02	7.580584181932933929e-02
1.168321506597751068e+03	2.556373472258579582e-01	1.599430446106860360e-01	2.537136020084233556e-01	1.526063514066964277e-01	7.303014913470909364e-02	2.917300311983035688e-02	7.589650249369005175e-02
1.170740391704578315e+03	2.552907306389577413e-01	1.597118620667716260e-01	2.539601136857831953e-01	1.527523382637273885e-01	7.309140144310029286e-02	2.920663702424100214e-02	7.598691687731201627e-02
1.173159276811406244e+03	2.549450985387675117e-01	1.594813362803531032e-01	2.542059014234779313e-01	1.528978953527300177e-01	7.315248177386635131e-02	2.924020102911249058e-02	7.607708560158572830e-02
1.175578161918233945e+03	2.546004481250566664e-01	1.592514653828195348e-01	2.544509672934013866e-01	1.530430240072759296e-01	7.321339060480724914e-02	2.927369528982836852e-02	7.616700929670398856e-02
1.177997047025061647e+03	2.542567766055692235e-01	1.590222475108882816e-01	2.546953133615458276e-01	1.531877255563524887e-01	7.327412841250416364e-02	2.930711996137308484e-02	7.625668859166005731e-02
1.180415932131889122e+03	2.539140811960015620e-01	1.587936808065897043e-01	2.549389416880186165e-01	1.533320013243821833e-01	7.333469567232159259e-02	2.934047519833341694e-02	7.634612411424608613e-02
1.182834817238716823e+03	2.535723591199794957e-01	1.585657634172518982e-01	2.551818543270589768e-01	1.534758526312419435e-01	7.339509285840949138e-02	2.937376115489987241e-02	7.643531649105138326e-02
1.185253702345544298e+03	2.532316076090359580e-01	1.583384934954854273e-01	2.554240533270549784e-01	1.536192807922822090e-01	7.345532044370539637e-02	2.940697798486807679e-02	7.652426634746095635e-02
1.187672587452371999e+03	2.528918239025883530e-01	1.581118691991680869e-01	2.556655407305599703e-01	1.537622871183459972e-01	7.351537889993652042e-02	2.944012584164018564e-02	7.661297430765390271e-02
1.190091472559199701e+03	2.525530052479161292e-01	1.578858886914298598e-01	2.559063185743091773e-01	1.539048729157878326e-01	7.357526869762193167e-02	2.947320487822625498e-02	7.670144099460195208e-02
1.192510357666027403e+03	2.522151489001382418e-01	1.576605501406377063e-01	2.561463888892362428e-01	1.540470394864926207e-01	7.363499030607464912e-02	2.950621524724562558e-02	7.678966703006800953e-02
1.194929242772855105e+03	2.518782521221910597e-01	1.574358517203806318e-01	2.563857537004901044e-01	1.541887881278943273e-01	7.369454419340383533e-02	2.953915710092828648e-02	7.687765303460478150e-02
1.197348127879682352e+03	2.515423121848061605e-01	1.572117916094546430e-01	2.566244150274510916e-01	1.543301201329946304e-01	7.375393082651691967e-02	2.957203059111623844e-02	7.696539962755341580e-02
1.199767012986510281e+03	2.512073263664877376e-01	1.569883679918477604e-01	2.568623748837473575e-01	1.544710367903813775e-01	7.381315067112179107e-02	2.960483586926485403e-02	7.705290742704219709e-02
1.202185898093337983e+03	2.508732919534908401e-01	1.567655790567250296e-01	2.570996352772715876e-01	1.546115393842471264e-01	7.387220419172893515e-02	2.963757308644422370e-02	7.714017704998528402e-02
1.204604783200165684e+03	2.505402062397992791e-01	1.565434229984138670e-01	2.573361982101969869e-01	1.547516291944072975e-01	7.393109185165362696e-02	2.967024239334049157e-02	7.722720911208150185e-02
1.207023668306993159e+03	2.502080665271032012e-01	1.563218980163890992e-01	2.575720656789937668e-01	1.548913074963185477e-01	7.398981411301809585e-02	2.970284394025718769e-02	7.731400422781313508e-02
1.209442553413820860e+03	2.498768701247777169e-01	1.561010023152581416e-01	2.578072396744452988e-01	1.550305755610967562e-01	7.404837143675371824e-02	2.973537787711656374e-02	7.740056301044481724e-02
1.211861438520648335e+03	2.495466143498605571e-01	1.558807341047463435e-01	2.580417221816643791e-01	1.551694346555351489e-01	7.410676428260319637e-02	2.976784435346090454e-02	7.748688607202244838e-02
1.214280323627476264e+03	2.492172965270304241e-01	1.556610915996823052e-01	2.582755151801092719e-01	1.553078860421221452e-01	7.416499310912276488e-02	2.980024351845384292e-02	7.757297402337214043e-02
1.216699208734303511e+03	2.488889139885852586e-01	1.554420730199831957e-01	2.585086206436000289e-01	1.554459309790592048e-01	7.422305837368439740e-02	2.983257552088166425e-02	7.765882747409916242e-02
1.219118093841131440e+03	2.485614640744203407e-01	1.552236765906401805e-01	2.587410405403342550e-01	1.555835707202785079e-01	7.428096053247797148e-02	2.986484050915460403e-02	7.774444703258702460e-02
1.221536978947959142e+03	2.482349441320067795e-01	1.550059005417039060e-01	2.589727768329032620e-01	1.557208065154606080e-01	7.433870004051351676e-02	2.989703863130814196e-02	7.782983330599654859e-02
1.223955864054786844e+03	2.479093515163700023e-01	1.547887431082698717e-01	2.592038314783082775e-01	1.558576396100520289e-01	7.439627735162344935e-02	2.992917003500428566e-02	7.791498690026493756e-02
1.226374749161614318e+03	2.475846835900680221e-01	1.545722025304640534e-01	2.594342064279758220e-01	1.559940712452825562e-01	7.445369291846469506e-02	2.996123486753284049e-02	7.799990842010495751e-02
1.228793634268442020e+03	2.472609377231700378e-01	1.543562770534283868e-01	2.596639036277740287e-01	1.561301026581826401e-01	7.451094719252100707e-02	2.999323327581269322e-02	7.808459846900413226e-02
1.231212519375269494e+03	2.469381112932350630e-01	1.541409649273065841e-01	2.598929250180283534e-01	1.562657350816007429e-01	7.456804062410515854e-02	3.002516540639307840e-02	7.816905764922393862e-02
1.233631404482097196e+03	2.466162016852906369e-01	1.539262644072295627e-01	2.601212725335373954e-01	1.564009697442202695e-01	7.462497366236116314e-02	3.005703140545482738e-02	7.825328656179911246e-02
1.236050289588924898e+03	2.462952062918113416e-01	1.537121737533013177e-01	2.603489481035884401e-01	1.565358078705768041e-01	7.468174675526652317e-02	3.008883141881161030e-02	7.833728580653691320e-02
1.238469174695752372e+03	2.459751225126977359e-01	1.534986912305845441e-01	2.605759536519734465e-01	1.566702506810750961e-01	7.473836034963447783e-02	3.012056559191120253e-02	7.842105598201649930e-02
1.240888059802580301e+03	2.456559477552550663e-01	1.532858151090865095e-01	2.608022910970044794e-01	1.568042993920057693e-01	7.479481489111620973e-02	3.015223406983671278e-02	7.850459768558827600e-02
1.243306944909407548e+03	2.453376794341722844e-01	1.530735436637448987e-01	2.610279623515294189e-01	1.569379552155621971e-01	7.485111082420312090e-02	3.018383699730781480e-02	7.858791151337334024e-02
1.245725830016235477e+03	2.450203149715008688e-01	1.528618751744135196e-01	2.612529693229474481e-01	1.570712193598572670e-01	7.490724859222906706e-02	3.021537451868197555e-02	7.867099806026289777e-02
1.248144715123063179e+03	2.447038517966338977e-01	1.526508079258485084e-01	2.614773139132246516e-01	1.572040930289398397e-01	7.496322863737259201e-02	3.024684677795567295e-02	7.875385791991779127e-02
1.250563600229890881e+03	2.443882873462850935e-01	1.524403402076940361e-01	2.617009980189096141e-01	1.573365774228113745e-01	7.501905140065927291e-02	3.027825391876560329e-02	7.883649168476797309e-02
1.252982485336718355e+03	2.440736190644679782e-01	1.522304703144683746e-01	2.619240235311484088e-01	1.574686737374423051e-01	7.507471732196384362e-02	3.030959608438989900e-02	7.891889994601211655e-02
1.255401370443546057e+03	2.437598444024750011e-01	1.520211965455500469e-01	2.621463923357005288e-01	1.576003831647883879e-01	7.513022684001255391e-02	3.034087341774931862e-02	7.900108329361714421e-02
1.257820255550373531e+03	2.434469608188567780e-01	1.518125172051636995e-01	2.623681063129537083e-01	1.577317068928069388e-01	7.518558039238541768e-02	3.037208606140845077e-02	7.908304231631789472e-02
1.260239140657201460e+03	2.431349657794015240e-01	1.516044306023664745e-01	2.625891673379396885e-01	1.578626461054730701e-01	7.524077841551844725e-02	3.040323415757690065e-02	7.916477760161680366e-02
1.262658025764028707e+03	2.428238567571141537e-01	1.513969350510339651e-01	2.628095772803491492e-01	1.579932019827957057e-01	7.529582134470594323e-02	3.043431784811046273e-02	7.924628973578354274e-02
1.265076910870856636e+03	2.425136312321959919e-01	1.511900288698465045e-01	2.630293380045470308e-01	1.581233757008335128e-01	7.535070961410275658e-02	3.046533727451231077e-02	7.932757930385478384e-02
1.267495795977684338e+03	2.422042866920240678e-01	1.509837103822753712e-01	2.632484513695877992e-01	1.582531684317109444e-01	7.540544365672662008e-02	3.049629257793415316e-02	7.940864688963390761e-02
1.269914681084511813e+03	2.418958206311306314e-01	1.507779779165691891e-01	2.634669192292303785e-01	1.583825813436340046e-01	7.546002390446032715e-02	3.052718389917741248e-02	7.948949307569089240e-02
1.272333566191339514e+03	2.415882305511828365e-01	1.505728298057401326e-01	2.636847434319533612e-01	1.585116156009059585e-01	7.551445078805409106e-02	3.055801137869437051e-02	7.957011844336203676e-02
1.274752451298167216e+03	2.412815139609624515e-01	1.503682643875502711e-01	2.639019258209699959e-01	1.586402723639430412e-01	7.556872473712779315e-02	3.058877515658934079e-02	7.965052357274987616e-02
1.277171336404994690e+03	2.409756683763453200e-01	1.501642800044981352e-01	2.641184682342431755e-01	1.587685527892900017e-01	7.562284618017328652e-02	3.061947537261977895e-02	7.973070904272305803e-02
1.279590221511822392e+03	2.406706913202813769e-01	1.499608750038049498e-01	2.643343725045004811e-01	1.588964580296355622e-01	7.567681554455665816e-02	3.065011216619745529e-02	7.981067543091621697e-02
1.282009106618650094e+03	2.403665803227742759e-01	1.497580477374013119e-01	2.645496404592490580e-01	1.590239892338279615e-01	7.573063325652051869e-02	3.068068567638958938e-02	7.989042331372997463e-02
1.284427991725477568e+03	2.400633329208614886e-01	1.495557965619136176e-01	2.647642739207902718e-01	1.591511475468901093e-01	7.578429974118633394e-02	3.071119604191995672e-02	7.996995326633091206e-02
1.286846876832305497e+03	2.397609466585940152e-01	1.493541198386506008e-01	2.649782747062348620e-01	1.592779341100349633e-01	7.583781542255665920e-02	3.074164340117003721e-02	8.004926586265156963e-02
1.289265761939132744e+03	2.394594190870165118e-01	1.491530159335900108e-01	2.651916446275174311e-01	1.594043500606806829e-01	7.589118072351744293e-02	3.077202789218011492e-02	8.012836167539047483e-02
1.291684647045960673e+03	2.391587477641473058e-01	1.489524832173652058e-01	2.654043854914114320e-01	1.595303965324656459e-01	7.594439606584039992e-02	3.080234965265039870e-02	8.020724127601221165e-02
1.294103532152788375e+03	2.388589302549585236e-01	1.487525200652518587e-01	2.656164990995437680e-01	1.596560746552635746e-01	7.599746187018516230e-02	3.083260881994213595e-02	8.028590523474754548e-02
1.296522417259616077e+03	2.385599641313561337e-01	1.485531248571546614e-01	2.658279872484094475e-01	1.597813855551983853e-01	7.605037855610170816e-02	3.086280553107869501e-02	8.036435412059352024e-02
1.298941302366443551e+03	2.382618469721603793e-01	1.483542959775940306e-01	2.660388517293860722e-01	1.599063303546590653e-01	7.610314654203262363e-02	3.089293992274668235e-02	8.044258850131362493e-02
1.301360187473271253e+03	2.379645763630858502e-01	1.481560318156930900e-01	2.662490943287486034e-01	1.600309101723145222e-01	7.615576624531537886e-02	3.092301213129702159e-02	8.052060894343796016e-02
1.303779072580098727e+03	2.376681498967219974e-01	1.479583307651643198e-01	2.664587168276839058e-01	1.601551261231280998e-01	7.620823808218461781e-02	3.095302229274603939e-02	8.059841601226348795e-02
1.306197957686926657e+03	2.373725651725133445e-01	1.477611912242964565e-01	2.666677210023049582e-01	1.602789793183724276e-01	7.626056246777451753e-02	3.098297054277654103e-02	8.067601027185419826e-02
1.308616842793753904e+03	2.370778197967400303e-01	1.475646115959414750e-01	2.668761086236656199e-01	1.604024708656438536e-01	7.631273981612103630e-02	3.101285701673889630e-02	8.075339228504145594e-02
1.311035727900581833e+03	2.367839113824983244e-01	1.473685902875015441e-01	2.670838814577749520e-01	1.605256018688769881e-01	7.636477054016425903e-02	3.104268184965210467e-02	8.083056261342422277e-02
1.313454613007409534e+03	2.364908375496811155e-01	1.471731257109158697e-01	2.672910412656114287e-01	1.606483734283589981e-01	7.641665505175067319e-02	3.107244517620485688e-02	8.090752181736943216e-02
1.315873498114237009e+03	2.361985959249585931e-01	1.469782162826479277e-01	2.674975898031374810e-01	1.607707866407440123e-01	7.646839376163550028e-02	3.110214713075658624e-02	8.098427045601229446e-02
1.318292383221064711e+03	2.359071841417588744e-01	1.467838604236723909e-01	2.677035288213135411e-01	1.608928425990673872e-01	7.651998707948498568e-02	3.113178784733854065e-02	8.106080908725667167e-02
1.320711268327892412e+03	2.356165998402486583e-01	1.465900565594622784e-01	2.679088600661125308e-01	1.610145423927598907e-01	7.657143541387870234e-02	3.116136745965480959e-02	8.113713826777546601e-02
1.323130153434719887e+03	2.353268406673141300e-01	1.463968031199761044e-01	2.681135852785340168e-01	1.611358871076617183e-01	7.662273917231188225e-02	3.119088610108338572e-02	8.121325855301110563e-02
1.325549038541547588e+03	2.350379042765417537e-01	1.462040985396449999e-01	2.683177061946181441e-01	1.612568778260366487e-01	7.667389876119769243e-02	3.122034390467719883e-02	8.128917049717589161e-02
1.327967923648375290e+03	2.347497883281990660e-01	1.460119412573599729e-01	2.685212245454600688e-01	1.613775156265859489e-01	7.672491458586958024e-02	3.124974100316513931e-02	8.136487465325251134e-02
1.330386808755202765e+03	2.344624904892157469e-01	1.458203297164592238e-01	2.687241420572237804e-01	1.614978015844623083e-01	7.677578705058354935e-02	3.127907752895309201e-02	8.144037157299459373e-02
1.332805693862030694e+03	2.341760084331645508e-01	1.456292623647152396e-01	2.689264604511563683e-01	1.616177367712835489e-01	7.682651655852047734e-02	3.130835361412495632e-02	8.151566180692709773e-02
1.335224578968857941e+03	2.338903398402423228e-01	1.454387376543223587e-01	2.691281814436018438e-01	1.617373222551465595e-01	7.687710351178847490e-02	3.133756939044368001e-02	8.159074590434699237e-02
1.337643464075685870e+03	2.336054823972511518e-01	1.452487540418839485e-01	2.693293067460152956e-01	1.618565591006408400e-01	7.692754831142509242e-02	3.136672498935225845e-02	8.166562441332371469e-02
1.340062349182513572e+03	2.333214337975795249e-01	1.450593099883998038e-01	2.695298380649764347e-01	1.619754483688621571e-01	7.697785135739974860e-02	3.139582054197474076e-02	8.174029788069984981e-02
1.342481234289341273e+03	2.330381917411835091e-01	1.448704039592537962e-01	2.697297771022040269e-01	1.620939911174260617e-01	7.702801304861596476e-02	3.142485617911723594e-02	8.181476685209165822e-02
1.344900119396168748e+03	2.327557539345680715e-01	1.446820344242010503e-01	2.699291255545693269e-01	1.622121884004814607e-01	7.707803378291366858e-02	3.145383203126892596e-02	8.188903187188975585e-02
1.347319004502996449e+03	2.324741180907682614e-01	1.444941998573557318e-01	2.701278851141099002e-01	1.623300412687239125e-01	7.712791395707158104e-02	3.148274822860303718e-02	8.196309348325982180e-02
1.349737889609823924e+03	2.321932819293308081e-01	1.443068987371784462e-01	2.703260574680435568e-01	1.624475507694090048e-01	7.717765396680943690e-02	3.151160490097783956e-02	8.203695222814315346e-02
1.352156774716651853e+03	2.319132431762953028e-01	1.441201295464636656e-01	2.705236442987820622e-01	1.625647179463657055e-01	7.722725420679034392e-02	3.154040217793763895e-02	8.211060864725749919e-02
1.354575659823479100e+03	2.316339995641758520e-01	1.439338907723276550e-01	2.707206472839446820e-01	1.626815438400094349e-01	7.727671507062308653e-02	3.156914018871374850e-02	8.218406328009768280e-02
1.356994544930307029e+03	2.313555488319425646e-01	1.437481809061959270e-01	2.709170680963719491e-01	1.627980294873553335e-01	7.732603695086445739e-02	3.159781906222545317e-02	8.225731666493642236e-02
1.359413430037134731e+03	2.310778887250030111e-01	1.435629984437910567e-01	2.711129084041392634e-01	1.629141759220312236e-01	7.737522023902149160e-02	3.162643892708100896e-02	8.233036933882503794e-02
1.361832315143962205e+03	2.308010169951840440e-01	1.433783418851202196e-01	2.713081698705702705e-01	1.630299841742907652e-01	7.742426532555385377e-02	3.165499991157859350e-02	8.240322183759429819e-02
1.364251200250789907e+03	2.305249314007133676e-01	1.431942097344631182e-01	2.715028541542507390e-01	1.631454552710261963e-01	7.747317259987611393e-02	3.168350214370726364e-02	8.247587469585518360e-02
1.366670085357617609e+03	2.302496297062013586e-01	1.430106005003597136e-01	2.716969629090418281e-01	1.632605902357814331e-01	7.752194245036006515e-02	3.171194575114790609e-02	8.254832844699969141e-02
1.369088970464445310e+03	2.299751096826227748e-01	1.428275126955979857e-01	2.718904977840934656e-01	1.633753900887647270e-01	7.757057526433701333e-02	3.174033086127421577e-02	8.262058362320177929e-02
1.371507855571272785e+03	2.297013691072986585e-01	1.426449448372019702e-01	2.720834604238580590e-01	1.634898558468614871e-01	7.761907142810009486e-02	3.176865760115360482e-02	8.269264075541812864e-02
1.373926740678100487e+03	2.294284057638782126e-01	1.424628954464194908e-01	2.722758524681034853e-01	1.636039885236469649e-01	7.766743132690659412e-02	3.179692609754819488e-02	8.276450037338910215e-02
1.376345625784927961e+03	2.291562174423207310e-01	1.422813630487101411e-01	2.724676755519266358e-01	1.637177891293989385e-01	7.771565534498021954e-02	3.182513647691571912e-02	8.283616300563963197e-02
1.378764510891755890e+03	2.288848019388776966e-01	1.421003461737333218e-01	2.726589313057668496e-01	1.638312586711101193e-01	7.776374386551343498e-02	3.185328886541047289e-02	8.290762917948013566e-02
1.381183395998583137e+03	2.286141570560746017e-01	1.419198433553361671e-01	2.728496213554190142e-01	1.639443981525007810e-01	7.781169727066974962e-02	3.188138338888422268e-02	8.297889942100748761e-02
1.383602281105411066e+03	2.283442806026933503e-01	1.417398531315416099e-01	2.730397473220467774e-01	1.640572085740311936e-01	7.785951594158603550e-02	3.190942017288717764e-02	8.304997425510592113e-02
1.386021166212238768e+03	2.280751703937542174e-01	1.415603740445364467e-01	2.732293108221956479e-01	1.641696909329139198e-01	7.790720025837481744e-02	3.193739934266886377e-02	8.312085420544809700e-02
1.388440051319066470e+03	2.278068242504981411e-01	1.413814046406594305e-01	2.734183134678064842e-01	1.642818462231262766e-01	7.795475060012653501e-02	3.196532102317906077e-02	8.319153979449606107e-02
1.390858936425893944e+03	2.275392400003688476e-01	1.412029434703894748e-01	2.736067568662282623e-01	1.643936754354224650e-01	7.800216734491192960e-02	3.199318533906873180e-02	8.326203154350225732e-02
1.393277821532721646e+03	2.272724154769953098e-01	1.410249890883337465e-01	2.737946426202312877e-01	1.645051795573458098e-01	7.804945086978427871e-02	3.202099241469089780e-02	8.333232997251058261e-02
1.395696706639549120e+03	2.270063485201740672e-01	1.408475400532159805e-01	2.739819723280202401e-01	1.646163595732409168e-01	7.809660155078169963e-02	3.204874237410157423e-02	8.340243560035741355e-02
1.398115591746377049e+03	2.267410369758515731e-01	1.406705949278645729e-01	2.741687475832471632e-01	1.647272164642657466e-01	7.814361976292945322e-02	3.207643534106065925e-02	8.347234894467271682e-02
1.400534476853204296e+03	2.264764786961067089e-01	1.404941522792010067e-01	2.743549699750243986e-01	1.648377512084035768e-01	7.819050588024226145e-02	3.210407143903282190e-02	8.354207052188111771e-02
1.402953361960032225e+03	2.262126715391332699e-01	1.403182106782280558e-01	2.745406410879375203e-01	1.649479647804751037e-01	7.823726027572656949e-02	3.213165079118841805e-02	8.361160084720299646e-02
1.405372247066859927e+03	2.259496133692225628e-01	1.401427687000181832e-01	2.747257625020582128e-01	1.650578581521501831e-01	7.828388332138284944e-02	3.215917352040434385e-02	8.368094043465564014e-02
1.407791132173687402e+03	2.256873020567459476e-01	1.399678249237019112e-01	2.749103357929572056e-01	1.651674322919597648e-01	7.833037538820787626e-02	3.218663974926496557e-02	8.375008979705436674e-02
1.410210017280515103e+03	2.254257354781375178e-01	1.397933779324562753e-01	2.750943625317169294e-01	1.652766881653076614e-01	7.837673684619704539e-02	3.221404960006294532e-02	8.381904944601364926e-02
1.412628902387342805e+03	2.251649115158768366e-01	1.396194263134931945e-01	2.752778442849445617e-01	1.653856267344822883e-01	7.842296806434666256e-02	3.224140319480017780e-02	8.388781989194833699e-02
1.415047787494170507e+03	2.249048280584717563e-01	1.394459686580479252e-01	2.754607826147844052e-01	1.654942489586683219e-01	7.846906941065617813e-02	3.226870065518861602e-02	8.395640164407482120e-02
1.417466672600997981e+03	2.246454830004410153e-01	1.392730035613677086e-01	2.756431790789309333e-01	1.656025557939584114e-01	7.851504125213056018e-02	3.229594210265115950e-02	8.402479521041222865e-02
1.419885557707825683e+03	2.243868742422973073e-01	1.391005296227002253e-01	2.758250352306412245e-01	1.657105481933645597e-01	7.856088395478247333e-02	3.232312765832251467e-02	8.409300109778365673e-02
1.422304442814653157e+03	2.241289996905300730e-01	1.389285454452822144e-01	2.760063526187477301e-01	1.658182271068297242e-01	7.860659788363467959e-02	3.235025744305006223e-02	8.416101981181740854e-02
1.424723327921481086e+03	2.238718572575885135e-01	1.387570496363279837e-01	2.761871327876709303e-01	1.659255934812393640e-01	7.865218340272218944e-02	3.237733157739471068e-02	8.422885185694822807e-02
1.427142213028308333e+03	2.236154448618644930e-01	1.385860408070181682e-01	2.763673772774316584e-01	1.660326482604326526e-01	7.869764087509463490e-02	3.240435018163173586e-02	8.429649773641856303e-02
1.429561098135136262e+03	2.233597604276757742e-01	1.384155175724882947e-01	2.765470876236637565e-01	1.661393923852139687e-01	7.874297066281854551e-02	3.243131337575166223e-02	8.436395795227985550e-02
1.431979983241963964e+03	2.231048018852488934e-01	1.382454785518177076e-01	2.767262653576266218e-01	1.662458267933641654e-01	7.878817312697956876e-02	3.245822127946107472e-02	8.443123300539381870e-02
1.434398868348791666e+03	2.228505671707025348e-01	1.380759223680179948e-01	2.769049120062176406e-01	1.663519524196516719e-01	7.883324862768475993e-02	3.248507401218347912e-02	8.449832339543376925e-02
1.436817753455619140e+03	2.225970542260304608e-01	1.379068476480220795e-01	2.770830290919845673e-01	1.664577701958437905e-01	7.887819752406487195e-02	3.251187169306014174e-02	8.456522962088590389e-02
1.439236638562446842e+03	2.223442609990850805e-01	1.377382530226727297e-01	2.772606181331379038e-01	1.665632810507178263e-01	7.892302017427664518e-02	3.253861444095090816e-02	8.463195217905068735e-02
1.441655523669274316e+03	2.220921854435604637e-01	1.375701371267116224e-01	2.774376806435632781e-01	1.666684859100721616e-01	7.896771693550500015e-02	3.256530237443504283e-02	8.469849156604417062e-02
1.444074408776102018e+03	2.218408255189757983e-01	1.374024985987681302e-01	2.776142181328337677e-01	1.667733856967371919e-01	7.901228816396541066e-02	3.259193561181206872e-02	8.476484827679935108e-02
1.446493293882929493e+03	2.215901791906587925e-01	1.372353360813481915e-01	2.777902321062221125e-01	1.668779813305863446e-01	7.905673421490608255e-02	3.261851427110257218e-02	8.483102280506754633e-02
1.448912178989757422e+03	2.213402444297290772e-01	1.370686482208233747e-01	2.779657240647130378e-01	1.669822737285470704e-01	7.910105544261022970e-02	3.264503847004901482e-02	8.489701564341982365e-02
1.451331064096585123e+03	2.210910192130816909e-01	1.369024336674196374e-01	2.781406955050154117e-01	1.670862638046116400e-01	7.914525220039836384e-02	3.267150832611659395e-02	8.496282728324833222e-02
1.453749949203412370e+03	2.208425015233706212e-01	1.367366910752064457e-01	2.783151479195744016e-01	1.671899524698479134e-01	7.918932484063052890e-02	3.269792395649400579e-02	8.502845821476776034e-02
1.456168834310240300e+03	2.205946893489923732e-01	1.365714191020858392e-01	2.784890827965836313e-01	1.672933406324101369e-01	7.923327371470857694e-02	3.272428547809427823e-02	8.509390892701675091e-02
1.458587719417068001e+03	2.203475806840695661e-01	1.364066164097814116e-01	2.786625016199975047e-01	1.673964291975497121e-01	7.927709917307841636e-02	3.275059300755558261e-02	8.515917990785934477e-02
1.461006604523895703e+03	2.201011735284347237e-01	1.362422816638275136e-01	2.788354058695428628e-01	1.674992190676258264e-01	7.932080156523221848e-02	3.277684666124201091e-02	8.522427164398642396e-02
1.463425489630723177e+03	2.198554658876138157e-01	1.360784135335581790e-01	2.790077970207312519e-01	1.676017111421160000e-01	7.936438123971072123e-02	3.280304655524439450e-02	8.528918462091718278e-02
1.465844374737550879e+03	2.196104557728101037e-01	1.359150106920965217e-01	2.791796765448709139e-01	1.677039063176267719e-01	7.940783854410547737e-02	3.282919280538110218e-02	8.535391932300061268e-02
1.468263259844378354e+03	2.193661412008880429e-01	1.357520718163436890e-01	2.793510459090788323e-01	1.678058054879041083e-01	7.945117382506107495e-02	3.285528552719880341e-02	8.541847623341695950e-02
1.470682144951206283e+03	2.191225201943570455e-01	1.355895955869682590e-01	2.795219065762923893e-01	1.679074095438438663e-01	7.949438742827741322e-02	3.288132483597330097e-02	8.548285583417924993e-02
1.473101030058033530e+03	2.188795907813552988e-01	1.354275806883954159e-01	2.796922600052816343e-01	1.680087193735022577e-01	7.953747969851185373e-02	3.290731084671028039e-02	8.554705860613477653e-02
1.475519915164861459e+03	2.186373509956338612e-01	1.352660258087962086e-01	2.798621076506608296e-01	1.681097358621062576e-01	7.958045097958159342e-02	3.293324367414610793e-02	8.561108502896665196e-02
1.477938800271689161e+03	2.183957988765406755e-01	1.351049296400768929e-01	2.800314509629005522e-01	1.682104598920637906e-01	7.962330161436578790e-02	3.295912343274858686e-02	8.567493558119529395e-02
1.480357685378516862e+03	2.181549324690044145e-01	1.349442908778682726e-01	2.802002913883391289e-01	1.683108923429741111e-01	7.966603194480782746e-02	3.298495023671776244e-02	8.573861074018000739e-02
1.482776570485344337e+03	2.179147498235187719e-01	1.347841082215150421e-01	2.803686303691949044e-01	1.684110340916379900e-01	7.970864231191758520e-02	3.301072419998668517e-02	8.580211098212053855e-02
