1.301360187473271253e+03	2.376831080170755395e-01	1.484715536068034469e-01	2.611987030470317994e-01	1.617828908708970614e-01	7.656814806842018872e-02	3.187900372258964388e-02	8.241659266707869469e-02
1.306197957686926657e+03	2.370927719034138237e-01	1.480750352430188765e-01	2.615829237840860966e-01	1.620449537151700259e-01	7.667827410740661598e-02	3.194570338620754402e-02	8.258033786059336412e-02
1.311035727900581833e+03	2.365057786817626462e-01	1.476807630530768412e-01	2.619648231418683637e-01	1.623055208319657272e-01	7.678781445161049490e-02	3.201212607332459131e-02	8.274317376628770315e-02
1.315873498114237009e+03	2.359221093797072843e-01	1.472887242808398334e-01	2.623444160116144008e-01	1.625646005601632249e-01	7.689677199290027854e-02	3.207827270209741288e-02	8.290510507257393968e-02
1.320711268327892412e+03	2.353417451329001819e-01	1.468989062429326697e-01	2.627217171798852946e-01	1.628222011934914726e-01	7.700514961165173811e-02	3.214414419020509422e-02	8.306613644882991643e-02
1.325549038541547588e+03	2.347646671844416388e-01	1.465112963283235203e-01	2.630967413293879842e-01	1.630783309807901926e-01	7.711295017675663666e-02	3.220974145481259737e-02	8.322627254538378372e-02
1.330386808755202765e+03	2.341908568842638594e-01	1.461258819979072698e-01	2.634695030397893323e-01	1.633329981262680308e-01	7.722017654563198552e-02	3.227506541253474109e-02	8.338551799350120419e-02
1.335224578968857941e+03	2.336202956885188031e-01	1.457426507840913765e-01	2.638400167885229797e-01	1.635862107897577966e-01	7.732683156422985593e-02	3.234011697940074315e-02	8.354387740537488893e-02
1.340062349182513572e+03	2.330529651589693385e-01	1.453615902903842572e-01	2.642082969515898161e-01	1.638379770869692886e-01	7.743291806704782898e-02	3.240489707081931070e-02	8.370135537411654836e-02
1.344900119396168748e+03	2.324888469623841991e-01	1.449826881909858922e-01	2.645743578043512900e-01	1.640883050897395112e-01	7.753843887713995908e-02	3.246940660154435526e-02	8.385795647375116069e-02
1.349737889609823924e+03	2.319279228699361595e-01	1.446059322303811234e-01	2.649382135223161128e-01	1.643372028262802542e-01	7.764339680612829253e-02	3.253364648564111006e-02	8.401368525921322494e-02
1.354575659823479100e+03	2.313701747566038192e-01	1.442313102229353661e-01	2.652998781819203011e-01	1.645846782814233966e-01	7.774779465421491342e-02	3.259761763645296212e-02	8.416854626634548420e-02
1.359413430037134731e+03	2.308155846005767731e-01	1.438588100524923474e-01	2.656593657613004478e-01	1.648307393968638235e-01	7.785163521019462796e-02	3.266132096656869377e-02	8.432254401189945292e-02
1.364251200250789907e+03	2.302641344826643621e-01	1.434884196719746763e-01	2.660166901410609408e-01	1.650753940713998724e-01	7.795492125146798179e-02	3.272475738779025145e-02	8.447568299353809540e-02
1.369088970464445310e+03	2.297158065857076714e-01	1.431201271029864663e-01	2.663718651050336339e-01	1.653186501611718096e-01	7.805765554405499906e-02	3.278792781110113908e-02	8.462796768984043316e-02
1.373926740678100487e+03	2.291705831939950810e-01	1.427539204354184577e-01	2.667249043410322984e-01	1.655605154798977796e-01	7.815984084260925446e-02	3.285083314663521381e-02	8.477940256030806754e-02
1.378764510891755890e+03	2.286284466926811199e-01	1.423897878270554140e-01	2.670758214415996368e-01	1.658009977991078687e-01	7.826147989043254205e-02	3.291347430364604393e-02	8.492999204537354796e-02
1.383602281105411066e+03	2.280893795672086777e-01	1.420277175031857964e-01	2.674246299047485231e-01	1.660401048483758912e-01	7.836257541949000205e-02	3.297585219047675931e-02	8.507974056641050276e-02
1.388440051319066470e+03	2.275533644027345204e-01	1.416676977562137119e-01	2.677713431346968598e-01	1.662778443155493724e-01	7.846313015042576111e-02	3.303796771453040154e-02	8.522865252574553241e-02
1.393277821532721646e+03	2.270203838835583021e-01	1.413097169452734725e-01	2.681159744425957725e-01	1.665142238469771163e-01	7.856314679257897504e-02	3.309982178224075283e-02	8.537673230667182367e-02
1.398115591746377049e+03	2.264904207925545476e-01	1.409537634958457630e-01	2.684585370472522547e-01	1.667492510477354140e-01	7.866262804400032949e-02	3.316141529904366447e-02	8.552398427346430410e-02
1.402953361960032225e+03	2.259634580106083812e-01	1.405998258993768069e-01	2.687990440758449284e-01	1.669829334818516975e-01	7.876157659146908185e-02	3.322274916934885025e-02	8.567041277139651745e-02
1.407791132173687402e+03	2.254394785160541426e-01	1.402478927128992248e-01	2.691375085646344756e-01	1.672152786725269180e-01	7.885999511051047794e-02	3.328382429651215169e-02	8.581602212675897012e-02
1.412628902387342805e+03	2.249184653841173331e-01	1.398979525586552808e-01	2.694739434596672423e-01	1.674462941023556750e-01	7.895788626541357103e-02	3.334464158280827512e-02	8.596081664687892088e-02
1.417466672600997981e+03	2.244004017863599765e-01	1.395499941237225705e-01	2.698083616174735688e-01	1.676759872135448470e-01	7.905525270924958214e-02	3.340520192940401450e-02	8.610480062014172487e-02
1.422304442814653157e+03	2.238852709901288651e-01	1.392040061596414302e-01	2.701407758057596808e-01	1.679043654081302239e-01	7.915209708389053800e-02	3.346550623633187671e-02	8.624797831601357934e-02
1.427142213028308333e+03	2.233730563580073325e-01	1.388599774820450661e-01	2.704711987040937515e-01	1.681314360481918346e-01	7.924842202002845004e-02	3.352555540246418553e-02	8.639035398506554608e-02
1.431979983241963964e+03	2.228637413472700224e-01	1.385178969702913487e-01	2.707996429045863573e-01	1.683572064560671100e-01	7.934423013719474338e-02	3.358535032548765065e-02	8.653193185899896167e-02
1.436817753455619140e+03	2.223573095093407670e-01	1.381777535670971613e-01	2.711261209125646054e-01	1.685816839145628798e-01	7.943952404378025467e-02	3.364489190187834600e-02	8.667271615067215218e-02
1.441655523669274316e+03	2.218537444892537402e-01	1.378395362781746625e-01	2.714506451472413762e-01	1.688048756671653994e-01	7.953430633705550756e-02	3.370418102687712525e-02	8.681271105412838307e-02
1.446493293882929493e+03	2.213530300251175809e-01	1.375032341718696871e-01	2.717732279423780151e-01	1.690267889182491268e-01	7.962857960319134898e-02	3.376321859446545365e-02	8.695192074462496090e-02
1.451331064096585123e+03	2.208551499475827906e-01	1.371688363788023945e-01	2.720938815469419736e-01	1.692474308332837518e-01	7.972234641728000171e-02	3.382200549734171863e-02	8.709034937866359793e-02
1.456168834310240300e+03	2.203600881793119914e-01	1.368363320915098880e-01	2.724126181257582324e-01	1.694668085390398371e-01	7.981560934335650559e-02	3.388054262689788737e-02	8.722800109402188695e-02
1.461006604523895703e+03	2.198678287344535132e-01	1.365057105640909707e-01	2.727294497601558398e-01	1.696849291237929047e-01	7.990837093442047789e-02	3.393883087319663622e-02	8.736488000978584467e-02
1.465844374737550879e+03	2.193783557181177568e-01	1.361769611118529566e-01	2.730443884486086770e-01	1.699017996375262463e-01	8.000063373245817899e-02	3.399687112494882701e-02	8.750099022638352375e-02
1.470682144951206283e+03	2.188916533258567498e-01	1.358500731109606174e-01	2.733574461073704498e-01	1.701174270921322063e-01	8.009240026846498051e-02	3.405466426949142061e-02	8.763633582561972113e-02
1.475519915164861459e+03	2.184077058431467266e-01	1.355250359980871011e-01	2.736686345711047408e-01	1.703318184616119391e-01	8.018367306246818038e-02	3.411221119276583447e-02	8.777092087071167170e-02
1.480357685378516862e+03	2.179264976448735125e-01	1.352018392700667926e-01	2.739779655935094538e-01	1.705449806822741110e-01	8.027445462355006778e-02	3.416951277929658470e-02	8.790474940632565792e-02
1.485195455592172038e+03	2.174480131948212103e-01	1.348804724835504787e-01	2.742854508479359854e-01	1.707569206529321038e-01	8.036474744987141816e-02	3.422656991217040701e-02	8.803782545861460473e-02
1.490033225805827215e+03	2.169722370451634130e-01	1.345609252546621781e-01	2.745911019280032339e-01	1.709676452350998577e-01	8.045455402869515493e-02	3.428338347301573136e-02	8.817015303525667369e-02
1.494870996019482618e+03	2.164991538359576917e-01	1.342431872586583308e-01	2.748949303482061679e-01	1.711771612531865772e-01	8.054387683641042739e-02	3.433995434198249680e-02	8.830173612549455098e-02
1.499708766233137567e+03	2.160287482946430526e-01	1.339272482295885969e-01	2.751969475445193436e-01	1.713854754946899928e-01	8.063271833855700788e-02	3.439628339772242416e-02	8.843257870017579014e-02
1.504546536446793198e+03	2.155610052355398931e-01	1.336130979599590152e-01	2.754971648749953705e-01	1.715925947103885962e-01	8.072108098984985547e-02	3.445237151736957326e-02	8.856268471179384871e-02
1.509384306660448374e+03	2.150959095593532322e-01	1.333007263003968268e-01	2.757955936203581593e-01	1.717985256145324879e-01	8.080896723420409600e-02	3.450821957652132344e-02	8.869205809453001299e-02
1.514222076874103550e+03	2.146334462526786890e-01	1.329901231593172695e-01	2.760922449845911730e-01	1.720032748850330306e-01	8.089637950476018247e-02	3.456382844921964542e-02	8.882070276429607225e-02
1.519059847087758726e+03	2.141736003875112926e-01	1.326812785025925367e-01	2.763871300955206833e-01	1.722068491636514764e-01	8.098332022390947182e-02	3.461919900793282434e-02	8.894862261877770071e-02
1.523897617301414357e+03	2.137163571207571500e-01	1.323741823532224582e-01	2.766802600053940853e-01	1.724092550561862891e-01	8.106979180331981560e-02	3.467433212353744632e-02	8.907582153747868603e-02
1.528735387515069533e+03	2.132617016937478627e-01	1.320688247910071778e-01	2.769716456914534941e-01	1.726104991326592730e-01	8.115579664396167792e-02	3.472922866530077368e-02	8.920230338176572682e-02
1.533573157728724709e+03	2.128096194317578571e-01	1.317651959522216643e-01	2.772612980565036800e-01	1.728105879275008416e-01	8.124133713613436447e-02	3.478388950086346021e-02	8.932807199491404893e-02
1.538410927942380113e+03	2.123600957435245185e-01	1.314632860292922201e-01	2.775492279294765052e-01	1.730095279397339536e-01	8.132641565949258466e-02	3.483831549622257856e-02	8.945313120215354907e-02
1.543248698156035516e+03	2.119131161207709613e-01	1.311630852704746830e-01	2.778354460659894221e-01	1.732073256331569666e-01	8.141103458307311080e-02	3.489250751571502246e-02	8.957748481071568791e-02
1.548086468369690692e+03	2.114686661377316312e-01	1.308645839795348487e-01	2.781199631488999180e-01	1.734039874365254918e-01	8.149519626532181205e-02	3.494646642200120723e-02	8.970113660988093818e-02
1.552924238583346096e+03	2.110267314506806824e-01	1.305677725154303082e-01	2.784027897888548542e-01	1.735995197437331938e-01	8.157890305412088261e-02	3.500019307604907565e-02	8.982409037102685734e-02
1.557762008797001272e+03	2.105872977974629634e-01	1.302726412919944787e-01	2.786839365248353628e-01	1.737939289139915355e-01	8.166215728681630592e-02	3.505368833711847848e-02	8.994634984767671537e-02
1.562599779010656675e+03	2.101503509970278905e-01	1.299791807776223274e-01	2.789634138246971373e-01	1.739872212720084410e-01	8.174496129024547142e-02	3.510695306274584648e-02	9.006791877554869152e-02
1.567437549224311852e+03	2.097158769489658459e-01	1.296873814949578152e-01	2.792412320857062258e-01	1.741794031081660699e-01	8.182731738076509664e-02	3.515998810872914687e-02	9.018880087260568168e-02
1.572275319437967255e+03	2.092838616330472412e-01	1.293972340205833682e-01	2.795174016350699397e-01	1.743704806786973704e-01	8.190922786427930202e-02	3.521279432911320062e-02	9.030899983910543882e-02
1.577113089651622431e+03	2.088542911087644394e-01	1.291087289847111241e-01	2.797919327304637660e-01	1.745604602058619947e-01	8.199069503626787991e-02	3.526537257617524956e-02	9.042851935765140736e-02
1.581950859865277607e+03	2.084271515148760912e-01	1.288218570708757338e-01	2.800648355605535045e-01	1.747493478781208254e-01	8.207172118181484122e-02	3.531772370041086351e-02	9.054736309324395993e-02
1.586788630078933011e+03	2.080024290689542754e-01	1.285366090156292163e-01	2.803361202455131318e-01	1.749371498503099476e-01	8.215230857563705913e-02	3.536984855052013876e-02	9.066553469333209214e-02
1.591626400292587959e+03	2.075801100669340815e-01	1.282529756082374517e-01	2.806057968375381684e-01	1.751238722438132611e-01	8.223245948211314882e-02	3.542174797339416731e-02	9.078303778786557532e-02
1.596464170506243590e+03	2.071601808826659674e-01	1.279709476903784227e-01	2.808738753213549932e-01	1.753095211467345649e-01	8.231217615531248588e-02	3.547342281410182513e-02	9.089987598934755331e-02
1.601301940719898766e+03	2.067426279674705325e-01	1.276905161558422874e-01	2.811403656147255514e-01	1.754941026140685034e-01	8.239146083902457174e-02	3.552487391587681037e-02	9.101605289288758338e-02
1.606139710933553943e+03	2.063274378496959827e-01	1.274116719502330630e-01	2.814052775689480645e-01	1.756776226678704311e-01	8.247031576678826026e-02	3.557610212010500761e-02	9.113157207625501022e-02
1.610977481147209119e+03	2.059145971342781212e-01	1.271344060706722234e-01	2.816686209693534115e-01	1.758600872974258045e-01	8.254874316192145622e-02	3.562710826631208805e-02	9.124643709993277008e-02
1.615815251360864750e+03	2.055040925023028098e-01	1.268587095655038244e-01	2.819304055357971794e-01	1.760415024594182698e-01	8.262674523755078604e-02	3.567789319215140115e-02	9.136065150717161132e-02
1.620653021574519926e+03	2.050959107105710111e-01	1.265845735340014599e-01	2.821906409231481061e-01	1.762218740780970849e-01	8.270432419664157375e-02	3.572845773339215075e-02	9.147421882404450921e-02
1.625490791788175102e+03	2.046900385911663844e-01	1.263119891260768013e-01	2.824493367217716933e-01	1.764012080454437081e-01	8.278148223202778933e-02	3.577880272390780714e-02	9.158714255950167749e-02
1.630328562001830505e+03	2.042864630510251855e-01	1.260409475419899950e-01	2.827065024580106556e-01	1.765795102213372769e-01	8.285822152644231608e-02	3.582892899566482436e-02	9.169942620542566314e-02
1.635166332215485909e+03	2.038851710715089138e-01	1.257714400320615322e-01	2.829621475946602072e-01	1.767567864337194483e-01	8.293454425254727369e-02	3.587883737871156581e-02	9.181107323668696862e-02
1.640004102429141085e+03	2.034861497079791526e-01	1.255034578963859782e-01	2.832162815314405169e-01	1.769330424787583789e-01	8.301045257296450763e-02	3.592852870116754194e-02	9.192208711119974340e-02
1.644841872642796488e+03	2.030893860893751290e-01	1.252369924845471993e-01	2.834689136054645564e-01	1.771082841210117609e-01	8.308594864030621752e-02	3.597800378921286318e-02	9.203247126997800287e-02
1.649679642856451665e+03	2.026948674177934673e-01	1.249720351953353820e-01	2.837200530917020624e-01	1.772825170935891370e-01	8.316103459720566859e-02	3.602726346707795652e-02	9.214222913719201380e-02
1.654517413070107068e+03	2.023025809680704112e-01	1.247085774764655347e-01	2.839697092034400017e-01	1.774557470983132712e-01	8.323571257634812537e-02	3.607630855703352485e-02	9.225136412022488797e-02
1.659355183283762244e+03	2.019125140873667124e-01	1.244466108242977126e-01	2.842178910927383728e-01	1.776279798058808534e-01	8.330998470050182680e-02	3.612513987938074933e-02	9.235987960972957822e-02
1.664192953497417420e+03	2.015246541947543768e-01	1.241861267835588645e-01	2.844646078508835663e-01	1.777992208560222331e-01	8.338385308254907258e-02	3.617375825244175530e-02	9.246777897968594395e-02
1.669030723711072824e+03	2.011389887808063826e-01	1.239271169470662903e-01	2.847098685088365611e-01	1.779694758576605418e-01	8.345731982551755912e-02	3.622216449255027254e-02	9.257506558745824676e-02
1.673868493924728000e+03	2.007555054071884504e-01	1.236695729554526252e-01	2.849536820376781243e-01	1.781387503890698720e-01	8.353038702261160464e-02	3.627035941404255920e-02	9.268174277385267390e-02
1.678706264138383403e+03	2.003741917062531186e-01	1.234134864968924328e-01	2.851960573490500694e-01	1.783070499980327628e-01	8.360305675724369334e-02	3.631834382924855470e-02	9.278781386317522251e-02
1.683544034352038352e+03	1.999950353806362602e-01	1.231588493068305201e-01	2.854370032955932945e-01	1.784743802019967684e-01	8.367533110306600574e-02	3.636611854848325470e-02	9.289328216328969490e-02
1.688381804565693983e+03	1.996180242028559593e-01	1.229056531677115705e-01	2.856765286713814911e-01	1.786407464882305285e-01	8.374721212400207393e-02	3.641368438003832197e-02	9.299815096567591588e-02
1.693219574779349159e+03	1.992431460149135525e-01	1.226538899087115941e-01	2.859146422123515219e-01	1.788061543139786991e-01	8.381870187427852004e-02	3.646104213017387768e-02	9.310242354548813049e-02
1.698057344993004335e+03	1.988703887278971405e-01	1.224035514054707396e-01	2.861513525967304128e-01	1.789706091066164961e-01	8.388980239845690579e-02	3.650819260311059106e-02	9.320610316161355435e-02
1.702895115206659511e+03	1.984997403215872647e-01	1.221546295798277282e-01	2.863866684454589584e-01	1.791341162638031836e-01	8.396051573146569302e-02	3.655513660102190088e-02	9.330919305673113229e-02
1.707732885420315142e+03	1.981311888440648039e-01	1.219071163995558427e-01	2.866205983226109977e-01	1.792966811536351179e-01	8.403084389863225978e-02	3.660187492402650067e-02	9.341169645737038008e-02
1.712570655633970318e+03	1.977647224113213698e-01	1.216610038781003739e-01	2.868531507358100807e-01	1.794583091147976817e-01	8.410078891571491633e-02	3.664840837018102510e-02	9.351361657397043448e-02
1.717408425847625494e+03	1.974003292068716164e-01	1.214162840743176486e-01	2.870843341366424162e-01	1.796190054567168015e-01	8.417035278893521266e-02	3.669473773547290985e-02	9.361495660093921423e-02
1.722246196061280898e+03	1.970379974813679935e-01	1.211729490922155289e-01	2.873141569210663215e-01	1.797787754597096332e-01	8.423953751501006559e-02	3.674086381381354294e-02	9.371571971671269208e-02
1.727083966274936301e+03	1.966777155522177467e-01	1.209309910806954103e-01	2.875426274298182316e-01	1.799376243751344140e-01	8.430834508118416337e-02	3.678678739703150624e-02	9.381590908381429172e-02
1.731921736488591478e+03	1.963194718032018893e-01	1.206904022332956905e-01	2.877697539488155987e-01	1.800955574255397595e-01	8.437677746526231481e-02	3.683250927486609455e-02	9.391552784891443739e-02
1.736759506702246881e+03	1.959632546840966438e-01	1.204511747879367795e-01	2.879955447095561838e-01	1.802525798048131289e-01	8.444483663564190945e-02	3.687803023496100813e-02	9.401457914289008955e-02
1.741597276915902057e+03	1.956090527102968823e-01	1.202133010266675239e-01	2.882200078895144624e-01	1.804086966783286783e-01	8.451252455134543318e-02	3.692335106285821178e-02	9.411306608088454428e-02
1.746435047129557461e+03	1.952568544624417590e-01	1.199767732754131316e-01	2.884431516125343098e-01	1.805639131830942545e-01	8.457984316205303943e-02	3.696847254199207150e-02	9.421099176236717720e-02
1.751272817343212637e+03	1.949066485860424802e-01	1.197415839037244689e-01	2.886649839492188563e-01	1.807182344278978614e-01	8.464679440813516198e-02	3.701339545368353967e-02	9.430835927119333995e-02
1.756110587556867813e+03	1.945584237911123782e-01	1.195077253245289683e-01	2.888855129173168446e-01	1.808716654934533763e-01	8.471338022068521101e-02	3.705812057713468027e-02	9.440517167566427059e-02
1.760948357770523216e+03	1.942121688517988998e-01	1.192751899938827853e-01	2.891047464821058233e-01	1.810242114325454621e-01	8.477960252155226917e-02	3.710264868942323574e-02	9.450143202858721225e-02
1.765786127984178393e+03	1.938678726060177604e-01	1.190439704107244395e-01	2.893226925567727870e-01	1.811758772701740072e-01	8.484546322337388480e-02	3.714698056549750604e-02	9.459714336733532347e-02
1.770623898197833569e+03	1.935255239550892625e-01	1.188140591166300386e-01	2.895393590027905972e-01	1.813266680036976219e-01	8.491096422960890677e-02	3.719111697817129025e-02	9.469230871390797721e-02
1.775461668411488745e+03	1.931851118633766962e-01	1.185854486955696674e-01	2.897547536302924054e-01	1.814765886029767739e-01	8.497610743457026383e-02	3.723505869811909175e-02	9.478693107499078230e-02
1.780299438625144376e+03	1.928466253579267931e-01	1.183581317736652899e-01	2.899688841984425225e-01	1.816256440105158410e-01	8.504089472345796596e-02	3.727880649387144141e-02	9.488101344201588239e-02
1.785137208838799552e+03	1.925100535281121794e-01	1.181321010189501086e-01	2.901817584158041252e-01	1.817738391416048593e-01	8.510532797239189762e-02	3.732236113181041509e-02	9.497455879122215783e-02
1.789974979052454728e+03	1.921753855252760490e-01	1.179073491411292279e-01	2.903933839407041861e-01	1.819211788844604938e-01	8.516940904844487459e-02	3.736572337616531764e-02	9.506757008371558015e-02
1.794812749266109904e+03	1.918426105623787514e-01	1.176838688913416781e-01	2.906037683815955730e-01	1.820676681003662034e-01	8.523313980967557602e-02	3.740889398900853341e-02	9.516005026552937229e-02
1.799650519479765535e+03	1.915117179136464343e-01	1.174616530619239235e-01	2.908129192974158728e-01	1.822133116238120187e-01	8.529652210516157351e-02	3.745187373025155031e-02	9.525200226768440470e-02
1.804488289693420711e+03	1.911826969142216004e-01	1.172406944861745792e-01	2.910208441979433291e-01	1.823581142626333196e-01	8.535955777503236031e-02	3.749466335764110175e-02	9.534342900624949435e-02
1.809326059907075887e+03	1.908555369598159968e-01	1.170209860381206529e-01	2.912275505441501711e-01	1.825020807981492799e-01	8.542224865050239424e-02	3.753726362675554457e-02	9.543433338240171759e-02
1.814163830120731291e+03	1.905302275063650852e-01	1.168025206322849813e-01	2.914330457485529990e-01	1.826452159853004520e-01	8.548459655390419631e-02	3.757967529100131321e-02	9.552471828248676466e-02
1.819001600334386467e+03	1.902067580696848170e-01	1.165852912234550537e-01	2.916373371755598964e-01	1.827875245527858239e-01	8.554660329872137980e-02	3.762189910160958911e-02	9.561458657807916928e-02
1.823839370548041643e+03	1.898851182251302117e-01	1.163692908064532100e-01	2.918404321418154312e-01	1.829290112031992099e-01	8.560827068962181818e-02	3.766393580763309490e-02	9.570394112604274639e-02
1.828677140761696819e+03	1.895652976072558504e-01	1.161545124159081704e-01	2.920423379165422162e-01	1.830696806131649756e-01	8.566960052249071589e-02	3.770578615594304128e-02	9.579278476859078018e-02
1.833514910975352450e+03	1.892472859094785353e-01	1.159409491260277453e-01	2.922430617218801374e-01	1.832095374334730409e-01	8.573059458446373460e-02	3.774745089122622660e-02	9.588112033334630913e-02
1.838352681189008081e+03	1.889310728837416964e-01	1.157285940503730570e-01	2.924426107332225855e-01	1.833485862892134943e-01	8.579125465396014727e-02	3.778893075598230289e-02	9.596895063340239729e-02
1.843190451402663257e+03	1.886166483401817695e-01	1.155174403416338730e-01	2.926409920795502440e-01	1.834868317799103754e-01	8.585158250071593666e-02	3.783022649052111830e-02	9.605627846738233611e-02
1.848028221616318433e+03	1.883040021467966008e-01	1.153074811914053394e-01	2.928382128437618803e-01	1.836242784796548455e-01	8.591157988581690774e-02	3.787133883296030235e-02	9.614310661949979075e-02
1.852865991829973609e+03	1.879931242291154603e-01	1.150987098299659644e-01	2.930342800630025835e-01	1.837609309372378041e-01	8.597124856173185559e-02	3.791226851922291363e-02	9.622943785961900198e-02
1.857703762043628785e+03	1.876840045698713599e-01	1.148911195260569340e-01	2.932292007289896696e-01	1.838967936762818667e-01	8.603059027234567779e-02	3.795301628303525410e-02	9.631527494331484918e-02
1.862541532257283961e+03	1.873766332086748698e-01	1.146847035866625508e-01	2.934229817883353131e-01	1.840318711953727038e-01	8.608960675299251464e-02	3.799358285592480122e-02	9.640062061193288567e-02
1.867379302470939592e+03	1.870710002416900997e-01	1.144794553567921591e-01	2.936156301428671789e-01	1.841661679681897423e-01	8.614829973048883371e-02	3.803396896721832066e-02	9.648547759264933243e-02
1.872217072684594768e+03	1.867670958213123178e-01	1.142753682192630821e-01	2.938071526499461683e-01	1.842996884436363669e-01	8.620667092316655622e-02	3.807417534404004822e-02	9.656984859853105785e-02
1.877054842898249490e+03	1.864649101558475408e-01	1.140724355944850027e-01	2.939975561227820000e-01	1.844324370459694273e-01	8.626472204090618323e-02	3.811420271131005927e-02	9.665373632859547426e-02
1.881892613111905121e+03	1.861644335091939828e-01	1.138706509402454686e-01	2.941868473307454601e-01	1.845644181749279689e-01	8.632245478516976933e-02	3.815405179174273520e-02	9.673714346787029572e-02
1.886730383325560297e+03	1.858656562005252533e-01	1.136700077514966878e-01	2.943750329996790982e-01	1.846956362058618240e-01	8.637987084903413215e-02	3.819372330584536873e-02	9.682007268745333739e-02
1.891568153539215928e+03	1.855685686039753035e-01	1.134704995601435173e-01	2.945621198122048701e-01	1.848260954898591213e-01	8.643697191722379825e-02	3.823321797191685939e-02	9.690252664457217613e-02
1.896405923752871104e+03	1.852731611483255103e-01	1.132721199348326740e-01	2.947481144080295601e-01	1.849558003538734341e-01	8.649375966614408773e-02	3.827253650604661023e-02	9.698450798264378336e-02
1.901243693966526507e+03	1.849794243166930363e-01	1.130748624807432212e-01	2.949330233842474835e-01	1.850847551008503178e-01	8.655023576391408791e-02	3.831167962211344535e-02	9.706601933133406079e-02
1.906081464180181683e+03	1.846873486462215219e-01	1.128787208393781522e-01	2.951168532956410240e-01	1.852129640098532093e-01	8.660640187039969629e-02	3.835064803178475645e-02	9.714706330661726508e-02
1.910919234393836859e+03	1.843969247277731094e-01	1.126836886883571809e-01	2.952996106549790611e-01	1.853404313361887157e-01	8.666225963724652481e-02	3.838944244451565624e-02	9.722764251083540477e-02
1.915757004607492036e+03	1.841081432056225209e-01	1.124897597412109068e-01	2.954813019333120683e-01	1.854671613115314310e-01	8.671781070791285961e-02	3.842806356754832620e-02	9.730775953275752621e-02
1.920594774821147894e+03	1.838209947771527464e-01	1.122969277471758676e-01	2.956619335602660992e-01	1.855931581440480593e-01	8.677305671770259299e-02	3.846651210591144759e-02	9.738741694763886070e-02
1.925432545034802843e+03	1.835354701925524801e-01	1.121051864909910351e-01	2.958415119243334446e-01	1.857184260185209268e-01	8.682799929379807213e-02	3.850478876241975740e-02	9.746661731727999933e-02
1.930270315248458019e+03	1.832515602545153888e-01	1.119145297926953109e-01	2.960200433731614567e-01	1.858429690964710224e-01	8.688264005529293399e-02	3.854289423767371520e-02	9.754536319008583201e-02
1.935108085462113195e+03	1.829692558179410455e-01	1.117249515074262706e-01	2.961975342138391531e-01	1.859667915162804830e-01	8.693698061322499560e-02	3.858082923005926035e-02	9.762365710112448636e-02
1.939945855675768371e+03	1.826885477896375010e-01	1.115364455252200043e-01	2.963739907131811013e-01	1.860898973933142742e-01	8.699102257060897792e-02	3.861859443574767320e-02	9.770150157218615572e-02
1.944783625889424002e+03	1.824094271280256307e-01	1.113490057708121928e-01	2.965494190980096367e-01	1.862122908200415650e-01	8.704476752246922966e-02	3.865619054869560284e-02	9.777889911184174665e-02
1.949621396103079178e+03	1.821318848428453152e-01	1.111626262034402235e-01	2.967238255554345283e-01	1.863339758661564094e-01	8.709821705587247886e-02	3.869361826064512261e-02	9.785585221550151258e-02
1.954459166316734354e+03	1.818559119948630065e-01	1.109773008166465152e-01	2.968972162331302567e-01	1.864549565786977892e-01	8.715137274996051509e-02	3.873087826112392440e-02	9.793236336547352094e-02
1.959296936530389530e+03	1.815814996955812111e-01	1.107930236380829242e-01	2.970695972396116269e-01	1.865752369821692680e-01	8.720423617598278831e-02	3.876797123744561702e-02	9.800843503102203702e-02
1.964134706744044706e+03	1.813086391069494985e-01	1.106097887293163579e-01	2.972409746445067724e-01	1.866948210786579798e-01	8.725680889732898016e-02	3.880489787471011476e-02	9.808406966842576902e-02
1.968972476957700337e+03	1.810373214410773146e-01	1.104275901856353603e-01	2.974113544788281049e-01	1.868137128479529507e-01	8.730909246956157499e-02	3.884165885580413702e-02	9.815926972103602988e-02
1.973810247171355968e+03	1.807675379599482657e-01	1.102464221358579466e-01	2.975807427352412660e-01	1.869319162476630602e-01	8.736108844044836175e-02	3.887825486140177728e-02	9.823403761933473255e-02
1.978648017385010689e+03	1.804992799751360955e-01	1.100662787421404915e-01	2.977491453683320244e-01	1.870494352133343641e-01	8.741279834999489406e-02	3.891468656996519004e-02	9.830837578099235752e-02
1.983485787598666320e+03	1.802325388475224666e-01	1.098871541997876594e-01	2.979165682948706206e-01	1.871662736585667786e-01	8.746422373047685328e-02	3.895095465774538884e-02	9.838228661092564276e-02
1.988323557812321269e+03	1.799673059870159908e-01	1.097090427370635557e-01	2.980830173940747230e-01	1.872824354751303488e-01	8.751536610647241143e-02	3.898705979878307887e-02	9.845577250135528757e-02
1.993161328025976900e+03	1.797035728522732856e-01	1.095319386150037655e-01	2.982484985078697193e-01	1.873979245330809063e-01	8.756622699489458039e-02	3.902300266490964925e-02	9.852883583186351768e-02
1.997999098239632076e+03	1.794413309504213350e-01	1.093558361272287255e-01	2.984130174411472880e-01	1.875127446808750598e-01	8.761680790502346383e-02	3.905878392574819308e-02	9.860147896945138657e-02
2.002836868453287707e+03	1.791805718367814881e-01	1.091807295997579003e-01	2.985765799620219707e-01	1.876268997454849374e-01	8.766711033853839818e-02	3.909440424871465924e-02	9.867370426859610466e-02
2.007674638666942428e+03	1.789212871145952066e-01	1.090066133908252355e-01	2.987391918020855797e-01	1.877403935325120399e-01	8.771713578955013524e-02	3.912986429901907370e-02	9.874551407130816028e-02
2.012512408880597604e+03	1.786634684347510604e-01	1.088334818906955548e-01	2.989008586566598291e-01	1.878532298263008160e-01	8.776688574463294146e-02	3.916516473966685785e-02	9.881691070718834347e-02
2.017350179094252780e+03	1.784071074955137504e-01	1.086613295214820252e-01	2.990615861850466906e-01	1.879654123900515450e-01	8.781636168285666955e-02	3.920030623146019549e-02	9.888789649348454780e-02
2.022187949307908411e+03	1.781521960422542128e-01	1.084901507369647328e-01	2.992213800107770827e-01	1.880769449659326908e-01	8.786556507581864961e-02	3.923528943299953164e-02	9.895847373514850276e-02
2.027025719521564042e+03	1.778987258671815286e-01	1.083199400224102160e-01	2.993802457218577295e-01	1.881878312751927851e-01	8.791449738767567745e-02	3.927011500068511296e-02	9.902864472489242287e-02
2.031863489735218764e+03	1.776466888090762475e-01	1.081506918943920675e-01	2.995381888710154650e-01	1.882980750182718377e-01	8.796316007517586411e-02	3.930478358871864614e-02	9.909841174324536539e-02
2.036701259948874394e+03	1.773960767530254889e-01	1.079824009006125768e-01	2.996952149759405937e-01	1.884076798749119985e-01	8.801155458769041595e-02	3.933929584910499794e-02	9.916777705860951864e-02
2.041539030162529116e+03	1.771468816301591809e-01	1.078150616197253997e-01	2.998513295195273098e-01	1.885166495042678581e-01	8.805968236724540099e-02	3.937365243165398543e-02	9.923674292731643476e-02
2.046376800376184747e+03	1.768990954173880470e-01	1.076486686611591997e-01	3.000065379501135054e-01	1.886249875450162483e-01	8.810754484855337632e-02	3.940785398398223560e-02	9.930531159368295724e-02
2.051214570589840150e+03	1.766527101371431763e-01	1.074832166649423854e-01	3.001608456817174142e-01	1.887326976154653224e-01	8.815514345904507110e-02	3.944190115151516990e-02	9.937348529006709286e-02
2.056052340803495554e+03	1.764077178571166749e-01	1.073187003015287355e-01	3.003142580942733120e-01	1.888397833136633563e-01	8.820247961890087529e-02	3.947579457748897486e-02	9.944126623692373101e-02
2.060890111017150957e+03	1.761641106900043996e-01	1.071551142716241078e-01	3.004667805338651076e-01	1.889462482175068014e-01	8.824955474108232834e-02	3.950953490295273235e-02	9.950865664286018264e-02
2.065727881230805451e+03	1.759218807932496076e-01	1.069924533060141458e-01	3.006184183129582133e-01	1.890520958848480315e-01	8.829637023136358009e-02	3.954312276677054983e-02	9.957565870469153868e-02
2.070565651444461309e+03	1.756810203687884375e-01	1.068307121653929159e-01	3.007691767106294156e-01	1.891573298536023684e-01	8.834292748836268527e-02	3.957655880562381545e-02	9.964227460749598697e-02
2.075403421658116713e+03	1.754415216627966678e-01	1.066698856401925716e-01	3.009190609727954158e-01	1.892619536418546911e-01	8.838922790357289783e-02	3.960984365401348101e-02	9.970850652466987929e-02
2.080241191871772116e+03	1.752033769654379458e-01	1.065099685504140026e-01	3.010680763124390369e-01	1.893659707479656285e-01	8.843527286139386823e-02	3.964297794426244886e-02	9.977435661798261801e-02
2.085078962085427065e+03	1.749665786106135434e-01	1.063509557454583726e-01	3.012162279098342665e-01	1.894693846506770585e-01	8.848106373916282685e-02	3.967596230651800060e-02	9.983982703763150113e-02
2.089916732299082469e+03	1.747311189757134453e-01	1.061928421039597670e-01	3.013635209127690229e-01	1.895721988092171628e-01	8.852660190718560085e-02	3.970879736875429500e-02	9.990491992229627582e-02
2.094754502512737417e+03	1.744969904813689077e-01	1.060356225336186314e-01	3.015099604367667552e-01	1.896744166634050377e-01	8.857188872876764485e-02	3.974148375677492850e-02	9.996963739919365044e-02
2.099592272726392821e+03	1.742641855912064608e-01	1.058792919710362657e-01	3.016555515653060460e-01	1.897760416337546940e-01	8.861692556024493295e-02	3.977402209421558588e-02	1.000339815841315289e-01
2.104430042940048224e+03	1.740326968116032436e-01	1.057238453815503160e-01	3.018002993500384923e-01	1.898770771215786968e-01	8.866171375101482288e-02	3.980641300254673248e-02	1.000979545815632032e-01
2.109267813153704083e+03	1.738025166914438091e-01	1.055692777590710868e-01	3.019442088110050326e-01	1.899775265090911103e-01	8.870625464356683698e-02	3.983865710107633434e-02	1.001615584846412554e-01
2.114105583367359031e+03	1.735736378218782072e-01	1.054155841259187959e-01	3.020872849368507751e-01	1.900773931595101107e-01	8.875054957351338758e-02	3.987075500695270308e-02	1.002247953752714721e-01
2.118943353581013525e+03	1.733460528360817043e-01	1.052627595326619259e-01	3.022295326850378827e-01	1.901766804171599601e-01	8.879459986962029427e-02	3.990270733516736862e-02	1.002876673241663436e-01
2.123781123794669384e+03	1.731197544090154472e-01	1.051107990579562834e-01	3.023709569820569598e-01	1.902753916075726470e-01	8.883840685383746771e-02	3.993451469855799352e-02	1.003501763908986322e-01
2.128618894008324787e+03	1.728947352571890417e-01	1.049596978083851551e-01	3.025115627236368843e-01	1.903735300375889450e-01	8.888197184132930195e-02	3.996617770781137752e-02	1.004123246239546907e-01
2.133456664221980191e+03	1.726709881384239920e-01	1.048094509183002537e-01	3.026513547749531408e-01	1.904710989954589151e-01	8.892529614050508069e-02	3.999769697146648983e-02	1.004741140607875588e-01
2.138294434435635139e+03	1.724485058516187774e-01	1.046600535496636647e-01	3.027903379708342113e-01	1.905681017509419928e-01	8.896838105304930022e-02	4.002907309591758472e-02	1.005355467278698928e-01
2.143132204649290543e+03	1.722272812365151784e-01	1.045115008918906518e-01	3.029285171159669110e-01	1.906645415554065748e-01	8.901122787395190916e-02	4.006030668541734480e-02	1.005966246407468817e-01
2.147969974862945492e+03	1.720073071734660175e-01	1.043637881616933522e-01	3.030658969850997253e-01	1.907604216419291066e-01	8.905383789153839547e-02	4.009139834208007985e-02	1.006573498040887749e-01
2.152807745076601350e+03	1.717885765832040112e-01	1.042169106029254000e-01	3.032024823232448152e-01	1.908557452253928088e-01	8.909621238749998451e-02	4.012234866588502286e-02	1.007177242117433952e-01
2.157645515290255844e+03	1.715710824266122592e-01	1.040708634864274534e-01	3.033382778458785234e-01	1.909505155025856271e-01	8.913835263692351796e-02	4.015315825467958427e-02	1.007777498467884170e-01
2.162483285503912157e+03	1.713548177044958987e-01	1.039256421098735256e-01	3.034732882391403264e-01	1.910447356522980145e-01	8.918025990832142980e-02	4.018382770418278682e-02	1.008374286815834908e-01
2.167321055717567106e+03	1.711397754573547869e-01	1.037812417976182872e-01	3.036075181600300654e-01	1.911384088354200206e-01	8.922193546366154193e-02	4.021435760798861003e-02	1.008967626778221327e-01
2.172158825931222509e+03	1.709259487651580978e-01	1.036376579005452020e-01	3.037409722366042342e-01	1.912315381950379922e-01	8.926338055839683205e-02	4.024474855756948743e-02	1.009557537865835714e-01
2.176996596144877003e+03	1.707133307471196126e-01	1.034948857959155227e-01	3.038736550681702675e-01	1.913241268565308573e-01	8.930459644149509046e-02	4.027500114227981071e-02	1.010144039483843043e-01
2.181834366358532861e+03	1.705019145614746212e-01	1.033529208872181332e-01	3.040055712254794429e-01	1.914161779276657704e-01	8.934558435546849364e-02	4.030511594935948239e-02	1.010727150932295149e-01
2.186672136572187810e+03	1.702916934052579601e-01	1.032117586040203483e-01	3.041367252509187269e-01	1.915076944986934815e-01	8.938634553640313618e-02	4.033509356393751022e-02	1.011306891406643232e-01
2.191509906785843214e+03	1.700826605140834946e-01	1.030713944018194494e-01	3.042671216587006788e-01	1.915986796424430094e-01	8.942688121398834067e-02	4.036493456903565702e-02	1.011883279998248841e-01
2.196347676999498617e+03	1.698748091619246003e-01	1.029318237618950943e-01	3.043967649350523552e-01	1.916891364144160392e-01	8.946719261154610636e-02	4.039463954557213909e-02	1.012456335694891935e-01
2.201185447213154021e+03	1.696681326608961149e-01	1.027930421911626563e-01	3.045256595384023823e-01	1.917790678528809023e-01	8.950728094606025254e-02	4.042420907236535244e-02	1.013026077381279227e-01
2.206023217426809424e+03	1.694626243610374006e-01	1.026550452220272996e-01	3.046538098995670296e-01	1.918684769789656963e-01	8.954714742820564510e-02	4.045364372613764747e-02	1.013592523839548509e-01
2.210860987640464373e+03	1.692582776500967112e-01	1.025178284122389566e-01	3.047812204219347287e-01	1.919573667967514885e-01	8.958679326237717344e-02	4.048294408151916629e-02	1.014155693749773102e-01
2.215698757854119776e+03	1.690550859533168915e-01	1.023813873447480816e-01	3.049078954816490938e-01	1.920457402933646585e-01	8.962621964671883823e-02	4.051211071105167982e-02	1.014715605690462985e-01
2.220536528067775180e+03	1.688530427332220474e-01	1.022457176275622798e-01	3.050338394277907761e-01	1.921336004390688801e-01	8.966542777315253399e-02	4.054114418519250140e-02	1.015272278139065509e-01
2.225374298281430583e+03	1.686521414894056048e-01	1.021108148936036991e-01	3.051590565825578194e-01	1.922209501873568260e-01	8.970441882740694262e-02	4.057004507231841417e-02	1.015825729472462774e-01
2.230212068495085077e+03	1.684523757583196446e-01	1.019766748005673518e-01	3.052835512414446839e-01	1.923077924750411227e-01	8.974319398904619105e-02	4.059881393872966787e-02	1.016375977967468730e-01
2.235049838708740936e+03	1.682537391130652094e-01	1.018432930307800743e-01	3.054073276734202702e-01	1.923941302223450556e-01	8.978175443149850887e-02	4.062745134865398955e-02	1.016923041801324201e-01
2.239887608922396339e+03	1.680562251631840809e-01	1.017106652910604453e-01	3.055303901211040007e-01	1.924799663329927746e-01	8.982010132208474718e-02	4.065595786425061503e-02	1.017466939052188712e-01
2.244725379136052197e+03	1.678598275544515295e-01	1.015787873125794244e-01	3.056527428009411795e-01	1.925653036942990282e-01	8.985823582204680027e-02	4.068433404561441757e-02	1.018007687699632041e-01
2.249563149349706237e+03	1.676645399686703675e-01	1.014476548507217829e-01	3.057743899033765755e-01	1.926501451772584805e-01	8.989615908657604126e-02	4.071258045077999488e-02	1.018545305625123687e-01
2.254400919563362095e+03	1.674703561234660854e-01	1.013172636849484359e-01	3.058953355930272289e-01	1.927344936366344741e-01	8.993387226484150787e-02	4.074069763572586017e-02	1.019079810612520121e-01
2.259238689777017044e+03	1.672772697720832924e-01	1.011876096186593577e-01	3.060155840088535917e-01	1.928183519110475697e-01	8.997137650001814368e-02	4.076868615437862636e-02	1.019611220348550368e-01
2.264076459990672902e+03	1.670852747031831842e-01	1.010586884790575374e-01	3.061351392643294478e-01	1.929017228230634484e-01	9.000867292931481745e-02	4.079654655861723878e-02	1.020139552423299789e-01
