1.001418434226643626e+03	2.820412859383180093e-01	1.777154201144835743e-01	2.348209652198047226e-01	1.413815396991868756e-01	6.835805006894325742e-02	2.667308553367546062e-02	6.900965342548437409e-02
1.002869765290740247e+03	2.817882745497409247e-01	1.775463855055434970e-01	2.350021710794499008e-01	1.414889207257745141e-01	6.840264349379991671e-02	2.669659064367089357e-02	6.907501400191669305e-02
1.004321096354836754e+03	2.815356945372305963e-01	1.773776391740375380e-01	2.351830590893959350e-01	1.415961093306978003e-01	6.844716174579783263e-02	2.672006689926172476e-02	6.914026922347497883e-02
1.005772427418933376e+03	2.812835451642528573e-01	1.772091806273415893e-01	2.353636297950948419e-01	1.417031058838531532e-01	6.849160494856283699e-02	2.674351433753015955e-02	6.920541924326106820e-02
1.007223758483029997e+03	2.810318256955303684e-01	1.770410093736785317e-01	2.355438837410661901e-01	1.418099107543134008e-01	6.853597322554602633e-02	2.676693299549964822e-02	6.927046421426243106e-02
1.008675089547126618e+03	2.807805353970406759e-01	1.768731249221167090e-01	2.357238214708987645e-01	1.419165243103300555e-01	6.858026670002377589e-02	2.679032291013503861e-02	6.933540428935157374e-02
1.010126420611223239e+03	2.805296735360141569e-01	1.767055267825684561e-01	2.359034435272520935e-01	1.420229469193359240e-01	6.862448549509779505e-02	2.681368411834272533e-02	6.940023962128546997e-02
1.011577751675319632e+03	2.802792393809318550e-01	1.765382144657884345e-01	2.360827504518581144e-01	1.421291789479472711e-01	6.866862973369523837e-02	2.683701665697080588e-02	6.946497036270493641e-02
1.013029082739416367e+03	2.800292322015232038e-01	1.763711874833722992e-01	2.362617427855226993e-01	1.422352207619664022e-01	6.871269953856866397e-02	2.686032056280925409e-02	6.952959666613411915e-02
1.014480413803512761e+03	2.797796512687644177e-01	1.762044453477549788e-01	2.364404210681272656e-01	1.423410727263838826e-01	6.875669503229618618e-02	2.688359587259005201e-02	6.959411868397989698e-02
1.015931744867609382e+03	2.795304958548760488e-01	1.760379875722093701e-01	2.366187858386303022e-01	1.424467352053809255e-01	6.880061633728148940e-02	2.690684262298734947e-02	6.965853656853124298e-02
1.017383075931706003e+03	2.792817652333209888e-01	1.758718136708446178e-01	2.367968376350690352e-01	1.425522085623318058e-01	6.884446357575389752e-02	2.693006085061763061e-02	6.972285047195876662e-02
1.018834406995802851e+03	2.790334586788025262e-01	1.757059231586048098e-01	2.369745769945609259e-01	1.426574931598061091e-01	6.888823686976842942e-02	2.695325059203984575e-02	6.978706054631408917e-02
1.020285738059899245e+03	2.787855754672622921e-01	1.755403155512672841e-01	2.371520044533053095e-01	1.427625893595711459e-01	6.893193634120586832e-02	2.697641188375557789e-02	6.985116694352930256e-02
1.021737069123995752e+03	2.785381148758779846e-01	1.753749903654413245e-01	2.373291205465848097e-01	1.428674975225941723e-01	6.897556211177287289e-02	2.699954476220918151e-02	6.991516981541644193e-02
1.023188400188092373e+03	2.782910761830614810e-01	1.752099471185665225e-01	2.375059258087671155e-01	1.429722180090448047e-01	6.901911430300197714e-02	2.702264926378795604e-02	6.997906931366691674e-02
1.024639731252188767e+03	2.780444586684568398e-01	1.750451853289113624e-01	2.376824207733064243e-01	1.430767511782972401e-01	6.906259303625171542e-02	2.704572542482226033e-02	7.004286558985095557e-02
1.026091062316285615e+03	2.777982616129380800e-01	1.748807045155716666e-01	2.378586059727449964e-01	1.431810973889326155e-01	6.910599843270666398e-02	2.706877328158569657e-02	7.010655879541710656e-02
1.027542393380382237e+03	2.775524842986071827e-01	1.747165041984692357e-01	2.380344819387147925e-01	1.432852569987412006e-01	6.914933061337753817e-02	2.709179287029523861e-02	7.017014908169171006e-02
1.028993724444478858e+03	2.773071260087921486e-01	1.745525838983502664e-01	2.382100492019388338e-01	1.433892303647247846e-01	6.919258969910126178e-02	2.711478422711137773e-02	7.023363659987831575e-02
1.030445055508575479e+03	2.770621860280446658e-01	1.743889431367838805e-01	2.383853082922330335e-01	1.434930178430987857e-01	6.923577581054105035e-02	2.713774738813828566e-02	7.029702150105722469e-02
1.031896386572671872e+03	2.768176636421385006e-01	1.742255814361607091e-01	2.385602597385075851e-01	1.435966197892947771e-01	6.927888906818646664e-02	2.716068238942394991e-02	7.036030393618493417e-02
1.033347717636768493e+03	2.765735581380671104e-01	1.740624983196913667e-01	2.387349040687685164e-01	1.437000365579624295e-01	6.932192959235353169e-02	2.718358926696032643e-02	7.042348405609363815e-02
1.034799048700865114e+03	2.763298688040417561e-01	1.738996933114051180e-01	2.389092418101192161e-01	1.438032685029718705e-01	6.936489750318479419e-02	2.720646805668347143e-02	7.048656201149071376e-02
1.036250379764961508e+03	2.760865949294892818e-01	1.737371659361483245e-01	2.390832734887620159e-01	1.439063159774159883e-01	6.940779292064941375e-02	2.722931879447370099e-02	7.054953795295824948e-02
1.037701710829058356e+03	2.758437358050502830e-01	1.735749157195828618e-01	2.392569996299997725e-01	1.440091793336125969e-01	6.945061596454327191e-02	2.725214151615572983e-02	7.061241203095247609e-02
1.039153041893154750e+03	2.756012907225769970e-01	1.734129421881849820e-01	2.394304207582372834e-01	1.441118589231065727e-01	6.949336675448902767e-02	2.727493625749881356e-02	7.067518439580335043e-02
1.040604372957251599e+03	2.753592589751313047e-01	1.732512448692435370e-01	2.396035373969829518e-01	1.442143550966721866e-01	6.953604540993620076e-02	2.729770305421689441e-02	7.073785519771401409e-02
1.042055704021347992e+03	2.751176398569825654e-01	1.730898232908587853e-01	2.397763500688502303e-01	1.443166682043151849e-01	6.957865205016129651e-02	2.732044194196873999e-02	7.080042458676032158e-02
1.043507035085444613e+03	2.748764326636057853e-01	1.729286769819407543e-01	2.399488592955592026e-01	1.444187985952750664e-01	6.962118679426790302e-02	2.734315295635808898e-02	7.086289271289036851e-02
1.044958366149541234e+03	2.746356366916793967e-01	1.727678054722080470e-01	2.401210655979379993e-01	1.445207466180272460e-01	6.966364976118673280e-02	2.736583613293379000e-02	7.092525972592399197e-02
1.046409697213637855e+03	2.743952512390834819e-01	1.726072082921861206e-01	2.402929694959244633e-01	1.446225126202851097e-01	6.970604106967576152e-02	2.738849150718993680e-02	7.098752577555232646e-02
1.047861028277734476e+03	2.741552756048974970e-01	1.724468849732060938e-01	2.404645715085676760e-01	1.447240969490023177e-01	6.974836083832028355e-02	2.741111911456602795e-02	7.104969101133733200e-02
1.049312359341831097e+03	2.739157090893983848e-01	1.722868350474031640e-01	2.406358721540294010e-01	1.448254999503749141e-01	6.979060918553307846e-02	2.743371899044707435e-02	7.111175558271128072e-02
1.050763690405927491e+03	2.736765509940584651e-01	1.721270580477153034e-01	2.408068719495854715e-01	1.449267219698434639e-01	6.983278622955445269e-02	2.745629117016376575e-02	7.117371963897640985e-02
1.052215021470024112e+03	2.734378006215435475e-01	1.719675535078817596e-01	2.409775714116276224e-01	1.450277633520951348e-01	6.987489208845233668e-02	2.747883568899259915e-02	7.123558332930432502e-02
1.053666352534120733e+03	2.731994572757109330e-01	1.718083209624416685e-01	2.411479710556647116e-01	1.451286244410659176e-01	6.991692688012242363e-02	2.750135258215600717e-02	7.129734680273563940e-02
1.055117683598217127e+03	2.729615202616073044e-01	1.716493599467326103e-01	2.413180713963243851e-01	1.452293055799426524e-01	6.995889072228826666e-02	2.752384188482251762e-02	7.135901020817952967e-02
1.056569014662313975e+03	2.727239888854666727e-01	1.714906699968892778e-01	2.414878729473545760e-01	1.453298071111652767e-01	7.000078373250133434e-02	2.754630363210686453e-02	7.142057369441325021e-02
1.058020345726410369e+03	2.724868624547086005e-01	1.713322506498420050e-01	2.416573762216248922e-01	1.454301293764287406e-01	7.004260602814117720e-02	2.756873785907014429e-02	7.148203741008171686e-02
1.059471676790506763e+03	2.722501402779359814e-01	1.711741014433153796e-01	2.418265817311282817e-01	1.455302727166852550e-01	7.008435772641549710e-02	2.759114460071994054e-02	7.154340150369707663e-02
1.060923007854603611e+03	2.720138216649330420e-01	1.710162219158267716e-01	2.419954899869823650e-01	1.456302374721462900e-01	7.012603894436028606e-02	2.761352389201045254e-02	7.160466612363824979e-02
1.062374338918700232e+03	2.717779059266633990e-01	1.708586116066851401e-01	2.421641014994310726e-01	1.457300239822847399e-01	7.016764979883988174e-02	2.763587576784264435e-02	7.166583141815056901e-02
1.063825669982796853e+03	2.715423923752683377e-01	1.707012700559894236e-01	2.423324167778460048e-01	1.458296325858368381e-01	7.020919040654713394e-02	2.765820026306437321e-02	7.172689753534527979e-02
1.065277001046893474e+03	2.713072803240644260e-01	1.705441968046272350e-01	2.425004363307280697e-01	1.459290636208044334e-01	7.025066088400347408e-02	2.768049741247051790e-02	7.178786462319919348e-02
1.066728332110990095e+03	2.710725690875416816e-01	1.703873913942735574e-01	2.426681606657088985e-01	1.460283174244568494e-01	7.029206134755908164e-02	2.770276725080311753e-02	7.184873282955420160e-02
1.068179663175086489e+03	2.708382579813615187e-01	1.702308533673891899e-01	2.428355902895522889e-01	1.461273943333330494e-01	7.033339191339293972e-02	2.772500981275148949e-02	7.190950230211690108e-02
1.069630994239183110e+03	2.706043463223550272e-01	1.700745822672194429e-01	2.430027257081557313e-01	1.462262946832436628e-01	7.037465269751295993e-02	2.774722513295238904e-02	7.197017318845821965e-02
1.071082325303279504e+03	2.703708334285205850e-01	1.699185776377928614e-01	2.431695674265519080e-01	1.463250188092728721e-01	7.041584381575613505e-02	2.776941324599010996e-02	7.203074563601299940e-02
1.072533656367376352e+03	2.701377186190221380e-01	1.697628390239197260e-01	2.433361159489100811e-01	1.464235670457807170e-01	7.045696538378859453e-02	2.779157418639663021e-02	7.209121979207953890e-02
1.073984987431472746e+03	2.699050012141873123e-01	1.696073659711906934e-01	2.435023717785377850e-01	1.465219397264048706e-01	7.049801751710579878e-02	2.781370798865174035e-02	7.215159580381926008e-02
1.075436318495569594e+03	2.696726805355052492e-01	1.694521580259754079e-01	2.436683354178819927e-01	1.466201371840626655e-01	7.053900033103260858e-02	2.783581468718317187e-02	7.221187381825633356e-02
1.076887649559666215e+03	2.694407559056247181e-01	1.692972147354212809e-01	2.438340073685308640e-01	1.467181597509532587e-01	7.057991394072340996e-02	2.785789431636672212e-02	7.227205398227723454e-02
1.078338980623762609e+03	2.692092266483520069e-01	1.691425356474519914e-01	2.439993881312149671e-01	1.468160077585594636e-01	7.062075846116219746e-02	2.787994691052638960e-02	7.233213644263042363e-02
1.079790311687859230e+03	2.689780920886494231e-01	1.689881203107660712e-01	2.441644782058090268e-01	1.469136815376498040e-01	7.066153400716281008e-02	2.790197250393449888e-02	7.239212134592590275e-02
1.081241642751955851e+03	2.687473515526325185e-01	1.688339682748357662e-01	2.443292780913330908e-01	1.470111814182804288e-01	7.070224069336893125e-02	2.792397113081181853e-02	7.245200883863490982e-02
1.082692973816052472e+03	2.685170043675690899e-01	1.686800790899055380e-01	2.444937882859542500e-01	1.471085077297971944e-01	7.074287863425425538e-02	2.794594282532770688e-02	7.251179906708947465e-02
1.084144304880149093e+03	2.682870498618764032e-01	1.685264523069906761e-01	2.446580092869879153e-01	1.472056608008375234e-01	7.078344794412265439e-02	2.796788762160021605e-02	7.257149217748209979e-02
1.085595635944245487e+03	2.680574873651198620e-01	1.683730874778759934e-01	2.448219415908992891e-01	1.473026409593324593e-01	7.082394873710826100e-02	2.798980555369623077e-02	7.263108831586544134e-02
1.087046967008342108e+03	2.678283162080105639e-01	1.682199841551145492e-01	2.449855856933049747e-01	1.473994485325084425e-01	7.086438112717557969e-02	2.801169665563159675e-02	7.269058762815182317e-02
1.088498298072438729e+03	2.675995357224036919e-01	1.680671418920262061e-01	2.451489420889742532e-01	1.474960838468894475e-01	7.090474522811966718e-02	2.803356096137123513e-02	7.274999026011301495e-02
1.089949629136535123e+03	2.673711452412965150e-01	1.679145602426963535e-01	2.453120112718306101e-01	1.475925472282988149e-01	7.094504115356620177e-02	2.805539850482926742e-02	7.280929635737980188e-02
1.091400960200631971e+03	2.671431440988263351e-01	1.677622387619745470e-01	2.454747937349531783e-01	1.476888390018611108e-01	7.098526901697166380e-02	2.807720931986914734e-02	7.286850606544166553e-02
1.092852291264728365e+03	2.669155316302684877e-01	1.676101770054731488e-01	2.456372899705780988e-01	1.477849594920042642e-01	7.102542893162343274e-02	2.809899344030377874e-02	7.292761952964642302e-02
1.094303622328825213e+03	2.666883071720347886e-01	1.674583745295660508e-01	2.457995004701001018e-01	1.478809090224612599e-01	7.106552101063991211e-02	2.812075089989563015e-02	7.298663689519990783e-02
1.095754953392921607e+03	2.664614700616710907e-01	1.673068308913873148e-01	2.459614257240739232e-01	1.479766879162721094e-01	7.110554536697070993e-02	2.814248173235687003e-02	7.304555830716560894e-02
1.097206284457018228e+03	2.662350196378557854e-01	1.671555456488298952e-01	2.461230662222155530e-01	1.480722964957858212e-01	7.114550211339670804e-02	2.816418597134948132e-02	7.310438391046437945e-02
1.098657615521114849e+03	2.660089552403975821e-01	1.670045183605441963e-01	2.462844224534039839e-01	1.481677350826621775e-01	7.118539136253027033e-02	2.818586365048538628e-02	7.316311384987406186e-02
1.100108946585211470e+03	2.657832762102338431e-01	1.668537485859368508e-01	2.464454949056823496e-01	1.482630039978736491e-01	7.122521322681527045e-02	2.820751480332655756e-02	7.322174827002915498e-02
1.101560277649308091e+03	2.655579818894284183e-01	1.667032358851693874e-01	2.466062840662594791e-01	1.483581035617073662e-01	7.126496781852735551e-02	2.822913946338515001e-02	7.328028731542055030e-02
1.103011608713404712e+03	2.653330716211698137e-01	1.665529798191568989e-01	2.467667904215113672e-01	1.484530340937668669e-01	7.130465524977397385e-02	2.825073766412361520e-02	7.333873113039518499e-02
1.104462939777501106e+03	2.651085447497693592e-01	1.664029799495667927e-01	2.469270144569824799e-01	1.485477959129739844e-01	7.134427563249455539e-02	2.827230943895481241e-02	7.339707985915568111e-02
1.105914270841597499e+03	2.648844006206592661e-01	1.662532358388173759e-01	2.470869566573873355e-01	1.486423893375707905e-01	7.138382907846069214e-02	2.829385482124214396e-02	7.345533364576013746e-02
1.107365601905694348e+03	2.646606385803906281e-01	1.661037470500765778e-01	2.472466175066117267e-01	1.487368146851213158e-01	7.142331569927616586e-02	2.831537384429965928e-02	7.351349263412169932e-02
1.108816932969790741e+03	2.644372579766316456e-01	1.659545131472607293e-01	2.474059974877143298e-01	1.488310722725134094e-01	7.146273560637719791e-02	2.833686654139216943e-02	7.357155696800833644e-02
1.110268264033887590e+03	2.642142581581655159e-01	1.658055336950331748e-01	2.475650970829279263e-01	1.489251624159607379e-01	7.150208891103254638e-02	2.835833294573538929e-02	7.362952679104249609e-02
1.111719595097984211e+03	2.639916384748889344e-01	1.656568082588029678e-01	2.477239167736610403e-01	1.490190854310043944e-01	7.154137572434360326e-02	2.837977309049602437e-02	7.368740224670085326e-02
1.113170926162080832e+03	2.637693982778097079e-01	1.655083364047236216e-01	2.478824570404991601e-01	1.491128416325148420e-01	7.158059615724463032e-02	2.840118700879189911e-02	7.374518347831400533e-02
1.114622257226177226e+03	2.635475369190452000e-01	1.653601176996917776e-01	2.480407183632062085e-01	1.492064313346936621e-01	7.161975032050280077e-02	2.842257473369207491e-02	7.380287062906612516e-02
1.116073588290273847e+03	2.633260537518202771e-01	1.652121517113460392e-01	2.481987012207259591e-01	1.492998548510754697e-01	7.165883832471843518e-02	2.844393629821696107e-02	7.386046384199473902e-02
1.117524919354370468e+03	2.631049481304655879e-01	1.650644380080654450e-01	2.483564060911834515e-01	1.493931124945295508e-01	7.169786028032505698e-02	2.846527173533843630e-02	7.391796325999039352e-02
1.118976250418467089e+03	2.628842194104153984e-01	1.649169761589683592e-01	2.485138334518862957e-01	1.494862045772618331e-01	7.173681629758960066e-02	2.848658107797995276e-02	7.397536902579644746e-02
1.120427581482563710e+03	2.626638669482060373e-01	1.647697657339111943e-01	2.486709837793262545e-01	1.495791314108165238e-01	7.177570648661253661e-02	2.850786435901665056e-02	7.403268128200869713e-02
1.121878912546660331e+03	2.624438901014738423e-01	1.646228063034870237e-01	2.488278575491804367e-01	1.496718933060779966e-01	7.181453095732799607e-02	2.852912161127548613e-02	7.408990017107518200e-02
1.123330243610756725e+03	2.622242882289532728e-01	1.644760974390243602e-01	2.489844552363127961e-01	1.497644905732725407e-01	7.185328981950393767e-02	2.855035286753532242e-02	7.414702583529583779e-02
1.124781574674853118e+03	2.620050606904749668e-01	1.643296387125859070e-01	2.491407773147755189e-01	1.498569235219699980e-01	7.189198318274230004e-02	2.857155816052706424e-02	7.420405841682231607e-02
1.126232905738949967e+03	2.617862068469641312e-01	1.641834296969672535e-01	2.492968242578104121e-01	1.499491924610857896e-01	7.193061115647914061e-02	2.859273752293374493e-02	7.426099805765766504e-02
1.127684236803046360e+03	2.615677260604384324e-01	1.640374699656955426e-01	2.494525965378502630e-01	1.500412976988824421e-01	7.196917384998476053e-02	2.861389098739066869e-02	7.431784489965606588e-02
1.129135567867143209e+03	2.613496176940062754e-01	1.638917590930283608e-01	2.496080946265201994e-01	1.501332395429713917e-01	7.200767137236391280e-02	2.863501858648549031e-02	7.437459908452258295e-02
1.130586898931239830e+03	2.611318811118649164e-01	1.637462966539522946e-01	2.497633189946391608e-01	1.502250183003147610e-01	7.204610383255587169e-02	2.865612035275834357e-02	7.443126075381295559e-02
1.132038229995336451e+03	2.609145156792984088e-01	1.636010822241818208e-01	2.499182701122211470e-01	1.503166342772270792e-01	7.208447133933466866e-02	2.867719631870195574e-02	7.448783004893325121e-02
1.133489561059432845e+03	2.606975207626761049e-01	1.634561153801578903e-01	2.500729484484767728e-01	1.504080877793770588e-01	7.212277400130914784e-02	2.869824651676173774e-02	7.454430711113971264e-02
1.134940892123529466e+03	2.604808957294504346e-01	1.633113956990468463e-01	2.502273544718143783e-01	1.504993791117892055e-01	7.216101192692320199e-02	2.871927097933591605e-02	7.460069208153843889e-02
1.136392223187626087e+03	2.602646399481554074e-01	1.631669227587389803e-01	2.503814886498417769e-01	1.505905085788456221e-01	7.219918522445591125e-02	2.874026973877562285e-02	7.465698510108517705e-02
1.137843554251722708e+03	2.600487527884045025e-01	1.630226961378474226e-01	2.505353514493671718e-01	1.506814764842877297e-01	7.223729400202162643e-02	2.876124282738501403e-02	7.471318631058508630e-02
1.139294885315819101e+03	2.598332336208888926e-01	1.628787154157068373e-01	2.506889433364009045e-01	1.507722831312178768e-01	7.227533836757019103e-02	2.878219027742137323e-02	7.476929585069250206e-02
1.140746216379915950e+03	2.596180818173756677e-01	1.627349801723721456e-01	2.508422647761566204e-01	1.508629288221011722e-01	7.231331842888706618e-02	2.880311212109522290e-02	7.482531386191067224e-02
1.142197547444012343e+03	2.594032967507060028e-01	1.625914899886173604e-01	2.509953162330527121e-01	1.509534138587670660e-01	7.235123429359349712e-02	2.882400839057043182e-02	7.488124048459156301e-02
1.143648878508108737e+03	2.591888777947932154e-01	1.624482444459341979e-01	2.511480981707136517e-01	1.510437385424110712e-01	7.238908606914663812e-02	2.884487911796431228e-02	7.493707585893562284e-02
1.145100209572205586e+03	2.589748243246209891e-01	1.623052431265310513e-01	2.513006110519712122e-01	1.511339031735964289e-01	7.242687386283976070e-02	2.886572433534774842e-02	7.499282012499153272e-02
1.146551540636302207e+03	2.587611357162415970e-01	1.621624856133314641e-01	2.514528553388661880e-01	1.512239080522558288e-01	7.246459778180236455e-02	2.888654407474527258e-02	7.504847342265601184e-02
1.148002871700398828e+03	2.585478113467739592e-01	1.620199714899732135e-01	2.516048314926493390e-01	1.513137534776930748e-01	7.250225793300035804e-02	2.890733836813519017e-02	7.510403589167360949e-02
1.149454202764495449e+03	2.583348505944020879e-01	1.618777003408067849e-01	2.517565399737829446e-01	1.514034397485846672e-01	7.253985442323619692e-02	2.892810724744968032e-02	7.515950767163642743e-02
1.150905533828591842e+03	2.581222528383728121e-01	1.617356717508943720e-01	2.519079812419421360e-01	1.514929671629815233e-01	7.257738735914903705e-02	2.894885074457489646e-02	7.521488890198402277e-02
1.152356864892688463e+03	2.579100174589943895e-01	1.615938853060084890e-01	2.520591557560162843e-01	1.515823360183106150e-01	7.261485684721490086e-02	2.896956889135107391e-02	7.527017972200304718e-02
1.153808195956785084e+03	2.576981438376346190e-01	1.614523405926307775e-01	2.522100639741102768e-01	1.516715466113766064e-01	7.265226299374685781e-02	2.899026171957264433e-02	7.532538027082717746e-02
1.155259527020881706e+03	2.574866313567186205e-01	1.613110371979508406e-01	2.523607063535457384e-01	1.517605992383635194e-01	7.268960590489514928e-02	2.901092926098831556e-02	7.538049068743682413e-02
1.156710858084978327e+03	2.572754793997276690e-01	1.611699747098649382e-01	2.525110833508625863e-01	1.518494941948363153e-01	7.272688568664736897e-02	2.903157154730119302e-02	7.543551111065899262e-02
1.158162189149074720e+03	2.570646873511968078e-01	1.610291527169749048e-01	2.526611954218203060e-01	1.519382317757425604e-01	7.276410244482857392e-02	2.905218861016887338e-02	7.549044167916700576e-02
1.159613520213171569e+03	2.568542545967135715e-01	1.608885708085866784e-01	2.528110430213992843e-01	1.520268122754140361e-01	7.280125628510154823e-02	2.907278048120355562e-02	7.554528253148037886e-02
1.161064851277267962e+03	2.566441805229157103e-01	1.607482285747093564e-01	2.529606266038021412e-01	1.521152359875683480e-01	7.283834731296684462e-02	2.909334719197212427e-02	7.560003380596461153e-02
1.162516182341364356e+03	2.564344645174896353e-01	1.606081256060538087e-01	2.531099466224548400e-01	1.522035032053105086e-01	7.287537563376302041e-02	2.911388877399627428e-02	7.565469564083096565e-02
1.163967513405461204e+03	2.562251059691688093e-01	1.604682614940315388e-01	2.532590035300084641e-01	1.522916142211346024e-01	7.291234135266679017e-02	2.913440525875259784e-02	7.570926817413634047e-02
1.165418844469557826e+03	2.560161042677314702e-01	1.603286358307534076e-01	2.534077977783401048e-01	1.523795693269253682e-01	7.294924457469313672e-02	2.915489667767269186e-02	7.576375154378302279e-02
1.166870175533654447e+03	2.558074588039992436e-01	1.601892482090285230e-01	2.535563298185544712e-01	1.524673688139597527e-01	7.298608540469554706e-02	2.917536306214324471e-02	7.581814588751852046e-02
1.168321506597751068e+03	2.555991689698351998e-01	1.600500982223629354e-01	2.537046001009851115e-01	1.525550129729084381e-01	7.302286394736612340e-02	2.919580444350615075e-02	7.587245134293540971e-02
1.169772837661847461e+03	2.553912341581420775e-01	1.599111854649584996e-01	2.538526090751956898e-01	1.526425020938376176e-01	7.305958030723574970e-02	2.921622085305860053e-02	7.592666804747114084e-02
1.171224168725944082e+03	2.551836537628606738e-01	1.597725095317116817e-01	2.540003571899813184e-01	1.527298364662103558e-01	7.309623458867428591e-02	2.923661232205318830e-02	7.598079613840787172e-02
1.172675499790040703e+03	2.549764271789677905e-01	1.596340700182123096e-01	2.541478448933698897e-01	1.528170163788883651e-01	7.313282689589070684e-02	2.925697888169800573e-02	7.603483575287231511e-02
1.174126830854137097e+03	2.547695538024746242e-01	1.594958665207423520e-01	2.542950726326234645e-01	1.529040421201333655e-01	7.316935733293326860e-02	2.927732056315673556e-02	7.608878702783548886e-02
1.175578161918233945e+03	2.545630330304251010e-01	1.593578986362748917e-01	2.544420408542395484e-01	1.529909139776087779e-01	7.320582600368967519e-02	2.929763739754875571e-02	7.614265010011266044e-02
1.177029492982330339e+03	2.543568642608938224e-01	1.592201659624726817e-01	2.545887500039522022e-01	1.530776322383811949e-01	7.324223301188724500e-02	2.931792941594923638e-02	7.619642510636311095e-02
1.178480824046426733e+03	2.541510468929845112e-01	1.590826680976871466e-01	2.547352005267335961e-01	1.531641971889219911e-01	7.327857846109306350e-02	2.933819664938923030e-02	7.625011218308998251e-02
1.179932155110523581e+03	2.539455803268282907e-01	1.589454046409571331e-01	2.548813928667951756e-01	1.532506091151088212e-01	7.331486245471419139e-02	2.935843912885578028e-02	7.630371146664018112e-02
1.181383486174620202e+03	2.537404639635816306e-01	1.588083751920077447e-01	2.550273274675891599e-01	1.533368683022271750e-01	7.335108509599774784e-02	2.937865688529200589e-02	7.635722309320411294e-02
1.182834817238716823e+03	2.535356972054250146e-01	1.586715793512490924e-01	2.551730047718094863e-01	1.534229750349719867e-01	7.338724648803118811e-02	2.939884994959720069e-02	7.641064719881564271e-02
1.184286148302813444e+03	2.533312794555608871e-01	1.585350167197751570e-01	2.553184252213933636e-01	1.535089295974489676e-01	7.342334673374237286e-02	2.941901835262693971e-02	7.646398391935188554e-02
1.185737479366910065e+03	2.531272101182120426e-01	1.583986868993626507e-01	2.554635892575226053e-01	1.535947322731763265e-01	7.345938593589977639e-02	2.943916212519315581e-02	7.651723339053302653e-02
1.187188810431006686e+03	2.529234885986197945e-01	1.582625894924697962e-01	2.556084973206247946e-01	1.536803833450861301e-01	7.349536419711266699e-02	2.945928129806424725e-02	7.657039574792225134e-02
1.188640141495103080e+03	2.527201143030421426e-01	1.581267241022351333e-01	2.557531498503745060e-01	1.537658830955259126e-01	7.353128161983123190e-02	2.947937590196516786e-02	7.662347112692555196e-02
1.190091472559199701e+03	2.525170866387523860e-01	1.579910903324763805e-01	2.558975472856948041e-01	1.538512318062601469e-01	7.356713830634679929e-02	2.949944596757752419e-02	7.667645966279164338e-02
1.191542803623296322e+03	2.523144050140370687e-01	1.578556877876892417e-01	2.560416900647583538e-01	1.539364297584717434e-01	7.360293435879194934e-02	2.951949152553966574e-02	7.672936149061171385e-02
1.192994134687392716e+03	2.521120688381942587e-01	1.577205160730462963e-01	2.561855786249886968e-01	1.540214772327635762e-01	7.363866987914076401e-02	2.953951260644677168e-02	7.678217674531941095e-02
1.194445465751489564e+03	2.519100775215319943e-01	1.575855747943956942e-01	2.563292134030617508e-01	1.541063745091598158e-01	7.367434496920889642e-02	2.955950924085096534e-02	7.683490556169061958e-02
1.195896796815585958e+03	2.517084304753663959e-01	1.574508635582601290e-01	2.564725948349069196e-01	1.541911218671076778e-01	7.370995973065379292e-02	2.957948145926138014e-02	7.688754807434340643e-02
1.197348127879682352e+03	2.515071271120200014e-01	1.573163819718356726e-01	2.566157233557083139e-01	1.542757195854786989e-01	7.374551426497490125e-02	2.959942929214427754e-02	7.694010441773782571e-02
1.198799458943779200e+03	2.513061668448201003e-01	1.571821296429905257e-01	2.567585993999061400e-01	1.543601679425702367e-01	7.378100867351375380e-02	2.961935276992311641e-02	7.699257472617584974e-02
1.200250790007875821e+03	2.511055490880969021e-01	1.570481061802638800e-01	2.569012234011978091e-01	1.544444672161070509e-01	7.381644305745420354e-02	2.963925192297865718e-02	7.704495913380120242e-02
1.201702121071972442e+03	2.509052732571818711e-01	1.569143111928648360e-01	2.570435957925396031e-01	1.545286176832426084e-01	7.385181751782256276e-02	2.965912678164905197e-02	7.709725777459923435e-02
1.203153452136069063e+03	2.507053387684061163e-01	1.567807442906712090e-01	2.571857170061473963e-01	1.546126196205606373e-01	7.388713215548779745e-02	2.967897737622993137e-02	7.714947078239682565e-02
1.204604783200165684e+03	2.505057450390983931e-01	1.566474050842282806e-01	2.573275874734982649e-01	1.546964733040765705e-01	7.392238707116166596e-02	2.969880373697449810e-02	7.720159829086227499e-02
1.206056114264262078e+03	2.503064914875837155e-01	1.565142931847477992e-01	2.574692076253317641e-01	1.547801790092389329e-01	7.395758236539894115e-02	2.971860589409361375e-02	7.725364043350518850e-02
1.207507445328358699e+03	2.501075775331814688e-01	1.563814082041068143e-01	2.576105778916510380e-01	1.548637370109309241e-01	7.399271813859752134e-02	2.973838387775589939e-02	7.730559734367635494e-02
1.208958776392455093e+03	2.499090025962037720e-01	1.562487497548463999e-01	2.577516987017241523e-01	1.549471475834716949e-01	7.402779449099866627e-02	2.975813771808780844e-02	7.735746915456757911e-02
1.210410107456551941e+03	2.497107660979537014e-01	1.561163174501706830e-01	2.578925704840852595e-01	1.550304110006178737e-01	7.406281152268712198e-02	2.977786744517373074e-02	7.740925599921170963e-02
1.211861438520648335e+03	2.495128674607237640e-01	1.559841109039454832e-01	2.580331936665360981e-01	1.551135275355649545e-01	7.409776933359128737e-02	2.979757308905606888e-02	7.746095801048240304e-02
1.213312769584745183e+03	2.493153061077940102e-01	1.558521297306974251e-01	2.581735686761469917e-01	1.551964974609487402e-01	7.413266802348345008e-02	2.981725467973534230e-02	7.751257532109409598e-02
1.214764100648841804e+03	2.491180814634305074e-01	1.557203735456126614e-01	2.583136959392581811e-01	1.552793210488467579e-01	7.416750769197988369e-02	2.983691224717025664e-02	7.756410806360188037e-02
1.216215431712937971e+03	2.489211929528834244e-01	1.555888419645357623e-01	2.584535758814810458e-01	1.553619985707796469e-01	7.420228843854105583e-02	2.985654582127780093e-02	7.761555637040137845e-02
1.217666762777034819e+03	2.487246400023856163e-01	1.554575346039685502e-01	2.585932089276994916e-01	1.554445302977126298e-01	7.423701036247182250e-02	2.987615543193334125e-02	7.766692037372870117e-02
1.219118093841131440e+03	2.485284220391507648e-01	1.553264510810689614e-01	2.587325955020710055e-01	1.555269165000568443e-01	7.427167356292155298e-02	2.989574110897070050e-02	7.771820020566030940e-02
1.220569424905228061e+03	2.483325384913717959e-01	1.551955910136500194e-01	2.588717360280280433e-01	1.556091574476707595e-01	7.430627813888436572e-02	2.991530288218224171e-02	7.776939599811295845e-02
1.222020755969324682e+03	2.481369887882191316e-01	1.550649540201786136e-01	2.590106309282791397e-01	1.556912534098615908e-01	7.434082418919923940e-02	2.993484078131896861e-02	7.782050788284355924e-02
1.223472087033421303e+03	2.479417723598390244e-01	1.549345397197743890e-01	2.591492806248101854e-01	1.557732046553866878e-01	7.437531181255024881e-02	2.995435483609059160e-02	7.787153599144912286e-02
1.224923418097517697e+03	2.477468886373519474e-01	1.548043477322086359e-01	2.592876855388858148e-01	1.558550114524548946e-01	7.440974110746668979e-02	2.997384507616562832e-02	7.792248045536667722e-02
1.226374749161614318e+03	2.475523370528507905e-01	1.546743776779031798e-01	2.594258460910504605e-01	1.559366740687279929e-01	7.444411217232324574e-02	2.999331153117149040e-02	7.797334140587318385e-02
1.227826080225710712e+03	2.473581170393994444e-01	1.545446291779292158e-01	2.595637627011294635e-01	1.560181927713219785e-01	7.447842510534026517e-02	3.001275423069455633e-02	7.802411897408544073e-02
1.229277411289807560e+03	2.471642280310308581e-01	1.544151018540063092e-01	2.597014357882306834e-01	1.560995678268084774e-01	7.451268000458377561e-02	3.003217320428026860e-02	7.807481329095999900e-02
1.230728742353903954e+03	2.469706694627455124e-01	1.542857953285011186e-01	2.598388657707455529e-01	1.561807995012161054e-01	7.454687696796581664e-02	3.005156848143321693e-02	7.812542448729312139e-02
1.232180073418000802e+03	2.467774407705097817e-01	1.541567092244263137e-01	2.599760530663501323e-01	1.562618880600318561e-01	7.458101609324449544e-02	3.007094009161721121e-02	7.817595269372064337e-02
1.233631404482097196e+03	2.465845413912542416e-01	1.540278431654396041e-01	2.601129980920064422e-01	1.563428337682024882e-01	7.461509747802426429e-02	3.009028806425537508e-02	7.822639804071797320e-02
1.235082735546193817e+03	2.463919707628720868e-01	1.538991967758425172e-01	2.602497012639639062e-01	1.564236368901357754e-01	7.464912121975599002e-02	3.010961242873023622e-02	7.827676065859998089e-02
1.236534066610290438e+03	2.461997283242173540e-01	1.537707696805792335e-01	2.603861629977601289e-01	1.565042976897018656e-01	7.468308741573721765e-02	3.012891321438379219e-02	7.832704067752091492e-02
1.237985397674387059e+03	2.460078135151033407e-01	1.536425615052356697e-01	2.605223837082225602e-01	1.565848164302347245e-01	7.471699616311235082e-02	3.014819045051760071e-02	7.837723822747434677e-02
1.239436728738483680e+03	2.458162257763010228e-01	1.535145718760381472e-01	2.606583638094692734e-01	1.566651933745334124e-01	7.475084755887272114e-02	3.016744416639286983e-02	7.842735343829314310e-02
1.240888059802580301e+03	2.456249645495372780e-01	1.533868004198525314e-01	2.607941037149106300e-01	1.567454287848633332e-01	7.478464169985689358e-02	3.018667439123054116e-02	7.847738643964936867e-02
1.242339390866676695e+03	2.454340292774934429e-01	1.532592467641828715e-01	2.609296038372502236e-01	1.568255229229577885e-01	7.481837868275079129e-02	3.020588115421135589e-02	7.852733736105417528e-02
1.243790721930773088e+03	2.452434194038034809e-01	1.531319105371705402e-01	2.610648645884860453e-01	1.569054760500190326e-01	7.485205860408783440e-02	3.022506448447594835e-02	7.857720633185782955e-02
1.245242052994869937e+03	2.450531343730524281e-01	1.530047913675929294e-01	2.611998863799118165e-01	1.569852884267197712e-01	7.488568156024918987e-02	3.024422441112492241e-02	7.862699348124962961e-02
1.246693384058966330e+03	2.448631736307748108e-01	1.528778888848625894e-01	2.613346696221182097e-01	1.570649603132044381e-01	7.491924764746388243e-02	3.026336096321894861e-02	7.867669893825780802e-02
1.248144715123063179e+03	2.446735366234529807e-01	1.527512027190258692e-01	2.614692147249939036e-01	1.571444919690904440e-01	7.495275696180905833e-02	3.028247416977881273e-02	7.872632283174953172e-02
1.249596046187159800e+03	2.444842227985154770e-01	1.526247325007621114e-01	2.616035220977270259e-01	1.572238836534696205e-01	7.498620959921005469e-02	3.030156405978554068e-02	7.877586529043080488e-02
1.251047377251256421e+03	2.442952316043354166e-01	1.524984778613823200e-01	2.617375921488059864e-01	1.573031356249093293e-01	7.501960565544067705e-02	3.032063066218043668e-02	7.882532644284646894e-02
1.252498708315352815e+03	2.441065624902288844e-01	1.523724384328281611e-01	2.618714252860210867e-01	1.573822481414539343e-01	7.505294522612332431e-02	3.033967400586518037e-02	7.887470641738009158e-02
1.253950039379449436e+03	2.439182149064532679e-01	1.522466138476709918e-01	2.620050219164653527e-01	1.574612214606259664e-01	7.508622840672915522e-02	3.035869411970191709e-02	7.892400534225395281e-02
1.255401370443546057e+03	2.437301883042058137e-01	1.521210037391106107e-01	2.621383824465359780e-01	1.575400558394275674e-01	7.511945529257832432e-02	3.037769103251332023e-02	7.897322334552903111e-02
1.256852701507642678e+03	2.435424821356217406e-01	1.519956077409742590e-01	2.622715072819354343e-01	1.576187515343416001e-01	7.515262597884012075e-02	3.039666477308268153e-02	7.902236055510490631e-02
1.258304032571739299e+03	2.433550958537728792e-01	1.518704254877154547e-01	2.624043968276725813e-01	1.576973088013330082e-01	7.518574056053313470e-02	3.041561537015398733e-02	7.907141709871973179e-02
1.259755363635835920e+03	2.431680289126659789e-01	1.517454566144130768e-01	2.625370514880638884e-01	1.577757278958501486e-01	7.521879913252546568e-02	3.043454285243198804e-02	7.912039310395023450e-02
1.261206694699932314e+03	2.429812807672410424e-01	1.516207007567701714e-01	2.626694716667347662e-01	1.578540090728259293e-01	7.525180178953491672e-02	3.045344724858229171e-02	7.916928869821161785e-02
1.262658025764028707e+03	2.427948508733698274e-01	1.514961575511128977e-01	2.628016577666205666e-01	1.579321525866792253e-01	7.528474862612916096e-02	3.047232858723143006e-02	7.921810400875757552e-02
1.264109356828125556e+03	2.426087386878542085e-01	1.513718266343895003e-01	2.629336101899679146e-01	1.580101586913160716e-01	7.531763973672585266e-02	3.049118689696694862e-02	7.926683916268023600e-02
1.265560687892221949e+03	2.424229436684245675e-01	1.512477076441691992e-01	2.630653293383356517e-01	1.580880276401308293e-01	7.535047521559291861e-02	3.051002220633746570e-02	7.931549428691012094e-02
1.267012018956318798e+03	2.422374652737382394e-01	1.511238002186411633e-01	2.631968156125961689e-01	1.581657596860076287e-01	7.538325515684868305e-02	3.052883454385276960e-02	7.936406950821611739e-02
1.268463350020415419e+03	2.420523029633779299e-01	1.510001039966133163e-01	2.633280694129366273e-01	1.582433550813215350e-01	7.541597965446202034e-02	3.054762393798388445e-02	7.941256495320549169e-02
1.269914681084511813e+03	2.418674561978500226e-01	1.508766186175114488e-01	2.634590911388601242e-01	1.583208140779397421e-01	7.544864880225259085e-02	3.056639041716313968e-02	7.946098074832377844e-02
1.271366012148608434e+03	2.416829244385831632e-01	1.507533437213780803e-01	2.635898811891866922e-01	1.583981369272228212e-01	7.548126269389102139e-02	3.058513400978426708e-02	7.950931701985484990e-02
1.272817343212705055e+03	2.414987071479265668e-01	1.506302789488713489e-01	2.637204399620546313e-01	1.584753238800260811e-01	7.551382142289900234e-02	3.060385474420245985e-02	7.955757389392083267e-02
1.274268674276801676e+03	2.413148037891484632e-01	1.505074239412640680e-01	2.638507678549216195e-01	1.585523751867006781e-01	7.554632508264957913e-02	3.062255264873445237e-02	7.960575149648208004e-02
1.275720005340898297e+03	2.411312138264345706e-01	1.503847783404425875e-01	2.639808652645658782e-01	1.586292910970949210e-01	7.557877376636727706e-02	3.064122775165860346e-02	7.965384995333718576e-02
1.277171336404994690e+03	2.409479367248864023e-01	1.502623417889056845e-01	2.641107325870873934e-01	1.587060718605553811e-01	7.561116756712826792e-02	3.065988008121495884e-02	7.970186939012292859e-02
1.278622667469091539e+03	2.407649719505198793e-01	1.501401139297637022e-01	2.642403702179089153e-01	1.587827177259283351e-01	7.564350657786060583e-02	3.067850966560533785e-02	7.974980993231430004e-02
1.280073998533187932e+03	2.405823189702635811e-01	1.500180944067372735e-01	2.643697785517772347e-01	1.588592289415607095e-01	7.567579089134435222e-02	3.069711653299339593e-02	7.979767170522446273e-02
1.281525329597284326e+03	2.403999772519573308e-01	1.498962828641564604e-01	2.644989579827645154e-01	1.589356057553015233e-01	7.570802060021177005e-02	3.071570071150471481e-02	7.984545483400473653e-02
1.282976660661381175e+03	2.402179462643505015e-01	1.497746789469595885e-01	2.646279089042689603e-01	1.590118484145029432e-01	7.574019579694753201e-02	3.073426222922686496e-02	7.989315944364459854e-02
1.284427991725477568e+03	2.400362254771006010e-01	1.496532823006922475e-01	2.647566317090165322e-01	1.590879571660216707e-01	7.577231657388888708e-02	3.075280111420948190e-02	7.994078565897164146e-02
1.285879322789574417e+03	2.398548143607715788e-01	1.495320925715062366e-01	2.648851267890615091e-01	1.591639322562198589e-01	7.580438302322582700e-02	3.077131739446433908e-02	7.998833360465158748e-02
1.287330653853671038e+03	2.396737123868324104e-01	1.494111094061585654e-01	2.650133945357883158e-01	1.592397739309666105e-01	7.583639523700129448e-02	3.078981109796542423e-02	8.003580340518828828e-02
1.288781984917767431e+03	2.394929190276553765e-01	1.492903324520103159e-01	2.651414353399120793e-01	1.593154824356390331e-01	7.586835330711134973e-02	3.080828225264901563e-02	8.008319518492369726e-02
1.290233315981864052e+03	2.393124337565146753e-01	1.491697613570257541e-01	2.652692495914801274e-01	1.593910580151233769e-01	7.590025732530535085e-02	3.082673088641374459e-02	8.013050906803789730e-02
