1.001418434226643626e+03	2.820283853605700108e-01	1.777432273722389100e-01	2.348198813509413119e-01	1.413756737670910368e-01	6.835607778906167831e-02	2.667593987630210994e-02	6.900081448368755588e-02
1.003837319333471214e+03	2.816070180380821353e-01	1.774616118025835743e-01	2.351217198657783447e-01	1.415544621271929704e-01	6.843033362125562624e-02	2.671520214868704571e-02	6.910965239631292056e-02
1.006256204440298802e+03	2.811868472904204275e-01	1.771807961687743571e-01	2.354226765239564034e-01	1.417327166249501280e-01	6.850438074109205244e-02	2.675438473646584922e-02	6.921819791423342028e-02
1.008675089547126618e+03	2.807678697145563063e-01	1.769007781940211133e-01	2.357227538460502092e-01	1.419104389708085445e-01	6.857821972155660195e-02	2.679348780644476291e-02	6.932645174645504782e-02
1.011093974653954206e+03	2.803500819171385605e-01	1.766215556080507343e-01	2.360219543454578350e-01	1.420876308688619749e-01	6.865185113428087793e-02	2.683251152499997391e-02	6.943441460110266750e-02
1.013512859760782021e+03	2.799334805144665927e-01	1.763431261470876366e-01	2.363202805284208008e-01	1.422642940168828418e-01	6.872527554954298290e-02	2.687145605807957777e-02	6.954208718541224354e-02
1.015931744867609382e+03	2.795180621324633852e-01	1.760654875538342767e-01	2.366177348940447789e-01	1.424404301063531553e-01	6.879849353626839303e-02	2.691032157120552132e-02	6.964947020572315184e-02
1.018350629974437197e+03	2.791038234066491319e-01	1.757886375774518062e-01	2.369143199343196893e-01	1.426160408224951825e-01	6.887150566203066593e-02	2.694910822947554907e-02	6.975656436747061651e-02
1.020769515081264785e+03	2.786907609821143161e-01	1.755125739735409751e-01	2.372100381341399611e-01	1.427911278443017018e-01	6.894431249305227327e-02	2.698781619756511138e-02	6.986337037517828530e-02
1.023188400188092373e+03	2.782788715134931201e-01	1.752372945041227037e-01	2.375048919713248219e-01	1.429656928445664221e-01	6.901691459420546126e-02	2.702644563972927266e-02	6.996988893245079111e-02
1.025607285294920075e+03	2.778681516649368910e-01	1.749627969376192083e-01	2.377988839166383095e-01	1.431397374899138486e-01	6.908931252901312492e-02	2.706499671980460917e-02	7.007612074196657714e-02
1.028026170401747549e+03	2.774585981100875509e-01	1.746890790488348499e-01	2.380920164338094225e-01	1.433132634408291750e-01	6.916150685964973788e-02	2.710346960121107554e-02	7.018206650547074987e-02
1.030445055508575479e+03	2.770502075320511182e-01	1.744161386189373164e-01	2.383842919795521043e-01	1.434862723516878436e-01	6.923349814694236548e-02	2.714186444695386793e-02	7.028772692376801523e-02
1.032863940615402726e+03	2.766429766233711729e-01	1.741439734354386093e-01	2.386757130035852548e-01	1.436587658707849657e-01	6.930528695037162235e-02	2.718018141962529055e-02	7.039310269671572584e-02
1.035282825722230655e+03	2.762369020860027113e-01	1.738725812921764480e-01	2.389662819486525203e-01	1.438307456403645768e-01	6.937687382807269931e-02	2.721842068140656670e-02	7.049819452321708091e-02
1.037701710829058356e+03	2.758319806312856670e-01	1.736019599892953957e-01	2.392560012505423050e-01	1.440022132966486124e-01	6.944825933683651531e-02	2.725658239406967068e-02	7.060300310121440936e-02
1.040120595935886058e+03	2.754282089799185429e-01	1.733321073332284301e-01	2.395448733381075335e-01	1.441731704698658023e-01	6.951944403211070267e-02	2.729466671897914226e-02	7.070752912768246690e-02
1.042539481042713533e+03	2.750255838619322657e-01	1.730630211366781801e-01	2.398329006332852176e-01	1.443436187842802310e-01	6.959042846800085613e-02	2.733267381709387003e-02	7.081177329862196890e-02
1.044958366149541234e+03	2.746241020166641511e-01	1.727946992185986907e-01	2.401200855511163301e-01	1.445135598582198699e-01	6.966121319727161532e-02	2.737060384896887119e-02	7.091573630905313730e-02
1.047377251256368709e+03	2.742237601927314250e-01	1.725271394041767714e-01	2.404064304997653168e-01	1.446829953041047778e-01	6.973179877134792759e-02	2.740845697475706791e-02	7.101941885300933066e-02
1.049796136363196410e+03	2.738245551480054663e-01	1.722603395248138436e-01	2.406919378805398579e-01	1.448519267284752443e-01	6.980218574031622769e-02	2.744623335421104288e-02	7.112282162353088244e-02
1.052215021470024112e+03	2.734264836495858830e-01	1.719942974181076223e-01	2.409766100879101036e-01	1.450203557320196013e-01	6.987237465292574223e-02	2.748393314668477749e-02	7.122594531265886986e-02
1.054633906576851814e+03	2.730295424737740340e-01	1.717290109278339361e-01	2.412604495095283519e-01	1.451882839096020061e-01	6.994236605658972483e-02	2.752155651113537271e-02	7.132879061142911870e-02
1.057052791683679516e+03	2.726337284060477706e-01	1.714644779039285472e-01	2.415434585262483946e-01	1.453557128502899753e-01	7.001216049738681613e-02	2.755910360612477336e-02	7.143135820986622198e-02
1.059471676790506763e+03	2.722390382410352361e-01	1.712006962024691381e-01	2.418256395121448910e-01	1.455226441373816682e-01	7.008175852006236217e-02	2.759657458982146816e-02	7.153364879697773904e-02
1.061890561897334692e+03	2.718454687824891081e-01	1.709376636856572984e-01	2.421069948345325740e-01	1.456890793484331426e-01	7.015116066802977446e-02	2.763396962000218629e-02	7.163566306074835299e-02
1.064309447004162394e+03	2.714530168432610635e-01	1.706753782218007887e-01	2.423875268539855687e-01	1.458550200552852782e-01	7.022036748337194545e-02	2.767128885405356620e-02	7.173740168813426410e-02
1.066728332110990095e+03	2.710616792452757440e-01	1.704138376852953329e-01	2.426672379243566824e-01	1.460204678240906440e-01	7.028937950684266411e-02	2.770853244897383133e-02	7.183886536505754150e-02
1.069147217217817570e+03	2.706714528195056091e-01	1.701530399566071883e-01	2.429461303927962779e-01	1.461854242153401429e-01	7.035819727786804534e-02	2.774570056137443466e-02	7.194005477640068313e-02
1.071566102324645271e+03	2.702823344059451238e-01	1.698929829222552146e-01	2.432242065997716474e-01	1.463498907838895191e-01	7.042682133454800097e-02	2.778279334748170321e-02	7.204097060600120339e-02
1.073984987431472746e+03	2.698943208535853344e-01	1.696336644747931943e-01	2.435014688790858028e-01	1.465138690789855314e-01	7.049525221365775252e-02	2.781981096313846866e-02	7.214161353664631793e-02
1.076403872538300675e+03	2.695074090203884443e-01	1.693750825127924020e-01	2.437779195578965996e-01	1.466773606442922651e-01	7.056349045064928827e-02	2.785675356380568415e-02	7.224198425006769786e-02
1.078822757645127922e+03	2.691215957732623898e-01	1.691172349408238684e-01	2.440535609567356379e-01	1.468403670179170284e-01	7.063153657965298704e-02	2.789362130456402716e-02	7.234208342693637661e-02
1.081241642751955851e+03	2.687368779880359160e-01	1.688601196694410334e-01	2.443283953895270255e-01	1.470028897324361095e-01	7.069939113347910309e-02	2.793041434011549889e-02	7.244191174685765677e-02
1.083660527858783553e+03	2.683532525494325971e-01	1.686037346151623151e-01	2.446024251636063074e-01	1.471649303149205057e-01	7.076705464361938980e-02	2.796713282478499943e-02	7.254146988836614185e-02
1.086079412965611255e+03	2.679707163510465229e-01	1.683480777004537632e-01	2.448756525797391725e-01	1.473264902869612925e-01	7.083452764024866788e-02	2.800377691252190285e-02	7.264075852892092067e-02
1.088498298072438729e+03	2.675892662953164303e-01	1.680931468537117668e-01	2.451480799321401893e-01	1.474875711646950749e-01	7.090181065222647683e-02	2.804034675690161849e-02	7.273977834490068239e-02
1.090917183179266431e+03	2.672088992935011675e-01	1.678389400092457073e-01	2.454197095084914293e-01	1.476481744588289402e-01	7.096890420709869862e-02	2.807684251112713136e-02	7.283853001159908136e-02
1.093336068286093905e+03	2.668296122656544922e-01	1.675854551072610554e-01	2.456905435899610635e-01	1.478083016746656875e-01	7.103580883109922306e-02	2.811326432803054609e-02	7.293701420322004636e-02
1.095754953392921607e+03	2.664514021406002575e-01	1.673326900938419126e-01	2.459605844512219308e-01	1.479679543121284746e-01	7.110252504915162697e-02	2.814961236007460302e-02	7.303523159287327038e-02
1.098173838499749309e+03	2.660742658559074325e-01	1.670806429209341915e-01	2.462298343604700512e-01	1.481271338657856318e-01	7.116905338487088117e-02	2.818588675935420826e-02	7.313318285256972806e-02
1.100592723606577010e+03	2.656982003578652329e-01	1.668293115463285459e-01	2.464982955794429720e-01	1.482858418248750310e-01	7.123539436056505747e-02	2.822208767759792208e-02	7.323086865321731809e-02
1.103011608713404712e+03	2.653232026014586964e-01	1.665786939336434680e-01	2.467659703634383084e-01	1.484440796733285939e-01	7.130154849723706334e-02	2.825821526616945426e-02	7.332828966461651943e-02
1.105430493820231959e+03	2.649492695503437578e-01	1.663287880523082740e-01	2.470328609613320070e-01	1.486018488897964118e-01	7.136751631458639056e-02	2.829426967606915588e-02	7.342544655545613086e-02
1.107849378927059888e+03	2.645763981768224915e-01	1.660795918775465063e-01	2.472989696155965533e-01	1.487591509476709206e-01	7.143329833101091930e-02	2.833025105793546966e-02	7.352233999330921865e-02
1.110268264033887590e+03	2.642045854618191303e-01	1.658311033903588916e-01	2.475642985623193737e-01	1.489159873151106317e-01	7.149889506360862512e-02	2.836615956204642519e-02	7.361897064462896711e-02
1.112687149140715292e+03	2.638338283948550300e-01	1.655833205775067707e-01	2.478288500312208764e-01	1.490723594550641129e-01	7.156430702817952183e-02	2.840199533832104759e-02	7.371533917474469566e-02
1.115106034247542766e+03	2.634641239740244667e-01	1.653362414314954454e-01	2.480926262456726317e-01	1.492282688252934419e-01	7.162953473922731296e-02	2.843775853632082504e-02	7.381144624785793140e-02
1.117524919354370468e+03	2.630954692059702671e-01	1.650898639505575805e-01	2.483556294227154126e-01	1.493837168783977432e-01	7.169457870996130688e-02	2.847344930525112783e-02	7.390729252703860663e-02
1.119943804461197942e+03	2.627278611058595503e-01	1.648441861386364948e-01	2.486178617730773199e-01	1.495387050618364466e-01	7.175943945229831811e-02	2.850906779396263427e-02	7.400287867422124244e-02
1.122362689568025871e+03	2.623612966973594141e-01	1.645992060053698414e-01	2.488793255011917116e-01	1.496932348179525751e-01	7.182411747686442971e-02	2.854461415095273236e-02	7.409820535020124332e-02
1.124781574674853118e+03	2.619957730126130091e-01	1.643549215660730645e-01	2.491400228052150501e-01	1.498473075839956703e-01	7.188861329299693625e-02	2.858008852436692143e-02	7.419327321463128899e-02
1.127200459781681047e+03	2.616312870922150591e-01	1.641113308417229966e-01	2.493999558770448877e-01	1.500009247921447741e-01	7.195292740874623116e-02	2.861549106200020343e-02	7.428808292601780938e-02
1.129619344888508749e+03	2.612678359851881016e-01	1.638684318589415934e-01	2.496591269023376303e-01	1.501540878695310777e-01	7.201706033087766634e-02	2.865082191129846023e-02	7.438263514171744584e-02
1.132038229995336451e+03	2.609054167489585074e-01	1.636262226499795303e-01	2.499175380605263286e-01	1.503067982382605972e-01	7.208101256487355057e-02	2.868608121935981720e-02	7.447693051793366492e-02
1.134457115102163925e+03	2.605440264493324998e-01	1.633847012527000486e-01	2.501751915248383584e-01	1.504590573154366839e-01	7.214478461493499528e-02	2.872126913293601008e-02	7.457096970971341388e-02
1.136876000208991627e+03	2.601836621604722843e-01	1.631438657105627466e-01	2.504320894623132676e-01	1.506108665131822566e-01	7.220837698398391291e-02	2.875638579843373469e-02	7.466475337094387321e-02
1.139294885315819101e+03	2.598243209648724017e-01	1.629037140726074251e-01	2.506882340338200676e-01	1.507622272386620332e-01	7.227179017366498759e-02	2.879143136191598951e-02	7.475828215434922319e-02
1.141713770422646803e+03	2.594659999533358019e-01	1.626642443934379623e-01	2.509436273940751083e-01	1.509131408941046804e-01	7.233502468434763188e-02	2.882640596910340108e-02	7.485155671148749357e-02
1.144132655529474505e+03	2.591086962249505854e-01	1.624254547332064647e-01	2.511982716916594249e-01	1.510636088768245733e-01	7.239808101512795746e-02	2.886130976537554585e-02	7.494457769274753822e-02
1.146551540636302207e+03	2.587524068870659111e-01	1.621873431575970026e-01	2.514521690690364464e-01	1.512136325792438063e-01	7.246095966383075959e-02	2.889614289577226852e-02	7.503734574734595431e-02
1.148970425743129908e+03	2.583971290552688482e-01	1.619499077378099006e-01	2.517053216625689815e-01	1.513632133889136200e-01	7.252366112701158496e-02	2.893090550499497274e-02	7.512986152332426504e-02
1.151389310849957155e+03	2.580428598533607287e-01	1.617131465505457222e-01	2.519577316025370384e-01	1.515123526885361060e-01	7.258618589995866066e-02	2.896559773740793944e-02	7.522212566754592211e-02
1.153808195956785084e+03	2.576895964133339434e-01	1.614770576779894773e-01	2.522094010131549768e-01	1.516610518559855236e-01	7.264853447669500364e-02	2.900021973703957937e-02	7.531413882569358564e-02
1.156227081063612786e+03	2.573373358753485163e-01	1.612416392077948568e-01	2.524603320125886063e-01	1.518093122643295878e-01	7.271070734998041907e-02	2.903477164758373405e-02	7.540590164226633474e-02
1.158645966170440488e+03	2.569860753877086790e-01	1.610068892330685231e-01	2.527105267129726718e-01	1.519571352818506194e-01	7.277270501131356817e-02	2.906925361240094222e-02	7.549741476057700296e-02
1.161064851277267962e+03	2.566358121068399445e-01	1.607728058523542891e-01	2.529599872204279509e-01	1.521045222720665280e-01	7.283452795093402210e-02	2.910366577451968181e-02	7.558867882274955541e-02
1.163483736384095664e+03	2.562865431972657926e-01	1.605393871696176034e-01	2.532087156350783519e-01	1.522514745937517400e-01	7.289617665782431588e-02	2.913800827663763290e-02	7.567969446971653524e-02
1.165902621490923138e+03	2.559382658315846881e-01	1.603066312942298399e-01	2.534567140510678995e-01	1.523979936009579317e-01	7.295765161971207169e-02	2.917228126112291278e-02	7.577046234121655177e-02
1.168321506597751068e+03	2.555909771904469330e-01	1.600745363409529498e-01	2.537039845565779994e-01	1.525440806430346796e-01	7.301895332307205277e-02	2.920648487001531110e-02	7.586098307579186573e-02
1.170740391704578315e+03	2.552446744625319619e-01	1.598431004299237512e-01	2.539505292338442022e-01	1.526897370646499719e-01	7.308008225312830064e-02	2.924061924502751805e-02	7.595125731078600229e-02
1.173159276811406244e+03	2.548993548445253055e-01	1.596123216866386363e-01	2.541963501591732455e-01	1.528349642058106361e-01	7.314103889385618895e-02	2.927468452754633521e-02	7.604128568234143348e-02
1.175578161918233945e+03	2.545550155410956639e-01	1.593821982419380001e-01	2.544414494029598184e-01	1.529797634018825181e-01	7.320182372798458847e-02	2.930868085863387595e-02	7.613106882539731612e-02
1.177997047025061647e+03	2.542116537648723695e-01	1.591527282319910308e-01	2.546858290297036587e-01	1.531241359836107152e-01	7.326243723699797650e-02	2.934260837902877977e-02	7.622060737368732686e-02
1.180415932131889122e+03	2.538692667364225164e-01	1.589239097982803606e-01	2.549294910980259288e-01	1.532680832771395885e-01	7.332287990113858789e-02	2.937646722914739189e-02	7.630990195973745560e-02
1.182834817238716823e+03	2.535278516842285890e-01	1.586957410875868002e-01	2.551724376606863132e-01	1.534116066040326354e-01	7.338315219940851064e-02	2.941025754908494633e-02	7.639895321486397939e-02
1.185253702345544298e+03	2.531874058446655362e-01	1.584682202519740735e-01	2.554146707645997272e-01	1.535547072812923630e-01	7.344325460957192020e-02	2.944397947861674900e-02	7.648776176917138070e-02
1.187672587452371999e+03	2.528479264619785671e-01	1.582413454487738014e-01	2.556561924508525818e-01	1.536973866213798834e-01	7.350318760815717500e-02	2.947763315719933302e-02	7.657632825155043232e-02
1.190091472559199701e+03	2.525094107882606131e-01	1.580151148405700978e-01	2.558970047547196591e-01	1.538396459322345089e-01	7.356295167045898142e-02	2.951121872397162102e-02	7.666465328967624060e-02
1.192510357666027403e+03	2.521718560834298462e-01	1.577895265951847481e-01	2.561371097056808765e-01	1.539814865172931813e-01	7.362254727054064196e-02	2.954473631775608386e-02	7.675273751000638578e-02
1.194929242772855105e+03	2.518352596152075296e-01	1.575645788856620821e-01	2.563765093274372742e-01	1.541229096755098171e-01	7.368197488123616468e-02	2.957818607705987521e-02	7.684058153777907629e-02
1.197348127879682352e+03	2.514996186590956473e-01	1.573402698902539032e-01	2.566152056379277235e-01	1.542639167013745705e-01	7.374123497415248363e-02	2.961156814007596949e-02	7.692818599701149729e-02
1.199767012986510281e+03	2.511649304983548103e-01	1.571165977924047497e-01	2.568532006493455255e-01	1.544045088849328728e-01	7.380032801967160994e-02	2.964488264468428599e-02	7.701555151049797876e-02
1.202185898093337983e+03	2.508311924239820523e-01	1.568935607807367683e-01	2.570904963681543975e-01	1.545446875118044183e-01	7.385925448695290774e-02	2.967812972845281644e-02	7.710267869980839961e-02
1.204604783200165684e+03	2.504984017346887915e-01	1.566711570490350036e-01	2.573270947951051824e-01	1.546844538632020927e-01	7.391801484393528687e-02	2.971130952863872479e-02	7.718956818528661945e-02
1.207023668306993159e+03	2.501665557368788484e-01	1.564493847962325768e-01	2.575629979252517798e-01	1.548238092159507084e-01	7.397660955733942334e-02	2.974442218218947137e-02	7.727622058604886879e-02
1.209442553413820860e+03	2.498356517446263803e-01	1.562282422263958359e-01	2.577982077479675227e-01	1.549627548425057677e-01	7.403503909266991034e-02	2.977746782574389531e-02	7.736263651998225022e-02
1.211861438520648335e+03	2.495056870796542592e-01	1.560077275487097292e-01	2.580327262469614968e-01	1.551012920109718918e-01	7.409330391421756201e-02	2.981044659563330743e-02	7.744881660374335064e-02
1.214280323627476264e+03	2.491766590713120066e-01	1.557878389774629835e-01	2.582665554002942510e-01	1.552394219851212787e-01	7.415140448506167548e-02	2.984335862788257965e-02	7.753476145275678411e-02
1.216699208734303511e+03	2.488485650565541718e-01	1.555685747320336709e-01	2.584996971803942278e-01	1.553771460244121327e-01	7.420934126707219580e-02	2.987620405821121705e-02	7.762047168121385954e-02
1.219118093841131440e+03	2.485214023799185712e-01	1.553499330368745268e-01	2.587321535540738626e-01	1.555144653840068725e-01	7.426711472091197808e-02	2.990898302203442299e-02	7.770594790207127622e-02
1.221536978947959142e+03	2.481951683935046948e-01	1.551319121214982943e-01	2.589639264825451814e-01	1.556513813147901715e-01	7.432472530603913274e-02	2.994169565446416423e-02	7.779119072704980542e-02
1.223955864054786844e+03	2.478698604569521124e-01	1.549145102204633750e-01	2.591950179214362326e-01	1.557878950633870829e-01	7.438217348070913504e-02	2.997434209031023256e-02	7.787620076663323565e-02
1.226374749161614318e+03	2.475454759374189073e-01	1.546977255733593404e-01	2.594254298208066301e-01	1.559240078721809697e-01	7.443945970197721196e-02	3.000692246408128219e-02	7.796097863006704043e-02
1.228793634268442020e+03	2.472220122095604156e-01	1.544815564247924156e-01	2.596551641251634845e-01	1.560597209793312401e-01	7.449658442570056271e-02	3.003943690998586366e-02	7.804552492535733743e-02
1.231212519375269494e+03	2.468994666555076045e-01	1.542660010243712132e-01	2.598842227734773358e-01	1.561950356187911670e-01	7.455354810654063469e-02	3.007188556193348891e-02	7.812984025926983378e-02
1.233631404482097196e+03	2.465778366648459508e-01	1.540510576266923282e-01	2.601126076991978620e-01	1.563299530203253740e-01	7.461035119796538551e-02	3.010426855353562012e-02	7.821392523732878521e-02
1.236050289588924898e+03	2.462571196345939295e-01	1.538367244913260712e-01	2.603403208302694227e-01	1.564644744095275153e-01	7.466699415225164227e-02	3.013658601810672438e-02	7.829778046381599688e-02
1.238469174695752372e+03	2.459373129691820037e-01	1.536229998828022580e-01	2.605673640891471576e-01	1.565986010078375124e-01	7.472347742048726649e-02	3.016883808866525907e-02	7.838140654176987965e-02
1.240888059802580301e+03	2.456184140804314742e-01	1.534098820705959154e-01	2.607937393928120295e-01	1.567323340325590397e-01	7.477980145257355493e-02	3.020102489793470568e-02	7.846480407298458970e-02
1.243306944909407548e+03	2.453004203875332467e-01	1.531973693291132088e-01	2.610194486527869229e-01	1.568656746968766502e-01	7.483596669722748784e-02	3.023314657834454480e-02	7.854797365800916809e-02
1.245725830016235477e+03	2.449833293170269322e-01	1.529854599376772317e-01	2.612444937751520202e-01	1.569986242098729556e-01	7.489197360198407427e-02	3.026520326203126568e-02	7.863091589614673582e-02
1.248144715123063179e+03	2.446671383027798352e-01	1.527741521805140168e-01	2.614688766605602344e-01	1.571311837765455577e-01	7.494782261319855865e-02	3.029719508083935503e-02	7.871363138545367510e-02
1.250563600229890881e+03	2.443518447859660547e-01	1.525634443467383805e-01	2.616925992042525850e-01	1.572633545978240066e-01	7.500351417604887716e-02	3.032912216632227542e-02	7.879612072273897705e-02
1.252982485336718355e+03	2.440374462150456114e-01	1.523533347303401009e-01	2.619156632960738529e-01	1.573951378705867599e-01	7.505904873453782267e-02	3.036098464974343672e-02	7.887838450356353392e-02
1.255401370443546057e+03	2.437239400457436866e-01	1.521438216301697344e-01	2.621380708204878451e-01	1.575265347876777522e-01	7.511442673149545945e-02	3.039278266207717100e-02	7.896042332223950078e-02
1.257820255550373531e+03	2.434113237410298336e-01	1.519349033499248491e-01	2.623598236565924946e-01	1.576575465379231877e-01	7.516964860858141306e-02	3.042451633400969704e-02	7.904223777182965704e-02
1.260239140657201460e+03	2.430995947710973548e-01	1.517265781981360917e-01	2.625809236781355693e-01	1.577881743061479158e-01	7.522471480628720175e-02	3.045618579594006406e-02	7.912382844414689309e-02
1.262658025764028707e+03	2.427887506133427353e-01	1.515188444881534480e-01	2.628013727535294386e-01	1.579184192731920844e-01	7.527962576393852634e-02	3.048779117798111615e-02	7.920519592975366896e-02
1.265076910870856636e+03	2.424787887523449925e-01	1.513117005381323099e-01	2.630211727458666715e-01	1.580482826159273768e-01	7.533438191969768494e-02	3.051933260996043951e-02	7.928634081796150090e-02
1.267495795977684338e+03	2.421697066798452203e-01	1.511051446710197088e-01	2.632403255129350250e-01	1.581777655072733324e-01	7.538898371056580727e-02	3.055081022142128178e-02	7.936726369683057281e-02
1.269914681084511813e+03	2.418615018947261608e-01	1.508991752145407983e-01	2.634588329072323765e-01	1.583068691162134722e-01	7.544343157238528330e-02	3.058222414162350272e-02	7.944796515316927821e-02
1.272333566191339514e+03	2.415541719029918322e-01	1.506937905011850043e-01	2.636766967759820446e-01	1.584355946078115918e-01	7.549772593984203917e-02	3.061357449954449361e-02	7.952844577253387337e-02
1.274752451298167216e+03	2.412477142177471556e-01	1.504889888681924526e-01	2.638939189611476110e-01	1.585639431432274982e-01	7.555186724646789642e-02	3.064486142388010356e-02	7.960870613922814421e-02
1.277171336404994690e+03	2.409421263591777496e-01	1.502847686575403130e-01	2.641105012994480750e-01	1.586919158797331086e-01	7.560585592464291738e-02	3.067608504304554159e-02	7.968874683630311484e-02
1.279590221511822392e+03	2.406374058545297512e-01	1.500811282159293103e-01	2.643264456223726744e-01	1.588195139707282433e-01	7.565969240559776432e-02	3.070724548517630992e-02	7.976856844555675619e-02
1.282009106618650094e+03	2.403335502380895272e-01	1.498780658947701794e-01	2.645417537561957633e-01	1.589467385657563347e-01	7.571337711941605875e-02	3.073834287812907476e-02	7.984817154753379165e-02
1.284427991725477568e+03	2.400305570511637177e-01	1.496755800501703149e-01	2.647564275219917995e-01	1.590735908105201102e-01	7.576691049503671282e-02	3.076937734948260311e-02	7.992755672152553059e-02
1.286846876832305497e+03	2.397284238420591962e-01	1.494736690429200598e-01	2.649704687356498334e-01	1.592000718468971621e-01	7.582029296025626086e-02	3.080034902653861623e-02	8.000672454556964630e-02
1.289265761939132744e+03	2.394271481660629752e-01	1.492723312384795498e-01	2.651838792078887175e-01	1.593261828129554358e-01	7.587352494173130180e-02	3.083125803632270900e-02	8.008567559645010658e-02
1.291684647045960673e+03	2.391267275854224439e-01	1.490715650069652232e-01	2.653966607442714287e-01	1.594519248429686065e-01	7.592660686498077516e-02	3.086210450558521390e-02	8.016441044969709051e-02
1.294103532152788375e+03	2.388271596693254395e-01	1.488713687231365546e-01	2.656088151452200008e-01	1.595772990674314273e-01	7.597953915438833417e-02	3.089288856080207521e-02	8.024292967958690515e-02
1.296522417259616077e+03	2.385284419938804024e-01	1.486717407663828150e-01	2.658203442060300681e-01	1.597023066130749402e-01	7.603232223320477434e-02	3.092361032817573727e-02	8.032123385914199942e-02
1.298941302366443551e+03	2.382305721420966416e-01	1.484726795207097771e-01	2.660312497168854096e-01	1.598269486028816022e-01	7.608495652355030947e-02	3.095426993363598750e-02	8.039932356013096415e-02
1.301360187473271253e+03	2.379335477038647395e-01	1.482741833747264759e-01	2.662415334628726038e-01	1.599512261561004678e-01	7.613744244641700021e-02	3.098486750284083074e-02	8.047719935306855976e-02
1.303779072580098727e+03	2.376373662759367344e-01	1.480762507216320800e-01	2.664511972239954063e-01	1.600751403882620383e-01	7.618978042167109943e-02	3.101540316117733925e-02	8.055486180721585510e-02
1.306197957686926657e+03	2.373420254619067193e-01	1.478788799592028469e-01	2.666602427751895155e-01	1.601986924111932220e-01	7.624197086805542534e-02	3.104587703376250965e-02	8.063231149058028291e-02
1.308616842793753904e+03	2.370475228721912464e-01	1.476820694897788555e-01	2.668686718863365614e-01	1.603218833330321280e-01	7.629401420319176230e-02	3.107628924544409560e-02	8.070954896991582028e-02
1.311035727900581833e+03	2.367538561240098427e-01	1.474858177202511278e-01	2.670764863222789276e-01	1.604447142582428876e-01	7.634591084358316460e-02	3.110663992080145782e-02	8.078657481072309965e-02
1.313454613007409534e+03	2.364610228413655812e-01	1.472901230620485002e-01	2.672836878428336838e-01	1.605671862876302258e-01	7.639766120461639887e-02	3.113692918414638633e-02	8.086338957724970022e-02
1.315873498114237009e+03	2.361690206550257909e-01	1.470949839311246898e-01	2.674902782028072967e-01	1.606893005183541445e-01	7.644926570056428949e-02	3.116715715952394355e-02	8.093999383249032842e-02
1.318292383221064711e+03	2.358778472025026829e-01	1.469003987479453877e-01	2.676962591520096191e-01	1.608110580439442994e-01	7.650072474458810556e-02	3.119732397071327615e-02	8.101638813818710927e-02
1.320711268327892412e+03	2.355875001280341718e-01	1.467063659374752971e-01	2.679016324352682110e-01	1.609324599543145717e-01	7.655203874873990622e-02	3.122742974122844767e-02	8.109257305482985012e-02
1.323130153434719887e+03	2.352979770825646966e-01	1.465128839291653107e-01	2.681063997924425513e-01	1.610535073357773073e-01	7.660320812396501089e-02	3.125747459431923309e-02	8.116854914165638757e-02
1.325549038541547588e+03	2.350092757237259022e-01	1.463199511569396871e-01	2.683105629584380813e-01	1.611742012710576377e-01	7.665423328010423365e-02	3.128745865297195144e-02	8.124431695665293440e-02
1.327967923648375290e+03	2.347213937158178498e-01	1.461275660591832282e-01	2.685141236632204165e-01	1.612945428393077196e-01	7.670511462589640894e-02	3.131738203991026037e-02	8.131987705655448206e-02
1.330386808755202765e+03	2.344343287297897815e-01	1.459357270787285665e-01	2.687170836318293898e-01	1.614145331161208063e-01	7.675585256898068143e-02	3.134724487759594364e-02	8.139522999684514759e-02
1.332805693862030694e+03	2.341480784432211637e-01	1.457444326628434816e-01	2.689194445843930970e-01	1.615341731735453201e-01	7.680644751589890684e-02	3.137704728822972300e-02	8.147037633175870097e-02
1.335224578968857941e+03	2.338626405403028685e-01	1.455536812632180488e-01	2.691212082361416624e-01	1.616534640800987854e-01	7.685689987209806673e-02	3.140678939375204926e-02	8.154531661427895373e-02
1.337643464075685870e+03	2.335780127118181893e-01	1.453634713359522324e-01	2.693223762974214508e-01	1.617724069007817622e-01	7.690721004193262766e-02	3.143647131584387938e-02	8.162005139614027238e-02
1.340062349182513572e+03	2.332941926551241607e-01	1.451738013415431461e-01	2.695229504737088888e-01	1.618910026970916682e-01	7.695737842866690048e-02	3.146609317592745370e-02	8.169458122782813358e-02
1.342481234289341273e+03	2.330111780741326855e-01	1.449846697448724797e-01	2.697229324656243432e-01	1.620092525270366013e-01	7.700740543447748276e-02	3.149565509516708689e-02	8.176890665857962370e-02
1.344900119396168748e+03	2.327289666792918543e-01	1.447960750151940923e-01	2.699223239689458875e-01	1.621271574451489117e-01	7.705729146045559030e-02	3.152515719446993825e-02	8.184302823638402169e-02
1.347319004502996449e+03	2.324475561875674057e-01	1.446080156261213279e-01	2.701211266746231243e-01	1.622447185024988026e-01	7.710703690660945797e-02	3.155459959448676105e-02	8.191694650798340971e-02
1.349737889609823924e+03	2.321669443224239626e-01	1.444204900556146365e-01	2.703193422687909520e-01	1.623619367467080410e-01	7.715664217186674056e-02	3.158398241561268666e-02	8.199066201887329763e-02
1.352156774716651853e+03	2.318871288138066311e-01	1.442334967859693062e-01	2.705169724327831093e-01	1.624788132219632253e-01	7.720610765407687204e-02	3.161330577798798086e-02	8.206417531330324755e-02
1.354575659823479100e+03	2.316081073981224592e-01	1.440470343038028345e-01	2.707140188431461092e-01	1.625953489690292186e-01	7.725543375001345248e-02	3.164256980149877246e-02	8.213748693427756764e-02
1.356994544930307029e+03	2.313298778182219517e-01	1.438611011000426876e-01	2.709104831716526718e-01	1.627115450252626383e-01	7.730462085537669059e-02	3.167177460577783737e-02	8.221059742355597832e-02
1.359413430037134731e+03	2.310524378233807241e-01	1.436756956699140053e-01	2.711063670853153806e-01	1.628274024246248730e-01	7.735366936479567967e-02	3.170092031020533413e-02	8.228350732165438941e-02
1.361832315143962205e+03	2.307757851692812667e-01	1.434908165129272772e-01	2.713016722464003383e-01	1.629429221976955167e-01	7.740257967183089560e-02	3.173000703390953248e-02	8.235621716784559398e-02
1.364251200250789907e+03	2.304999176179944875e-01	1.433064621328661026e-01	2.714964003124404335e-01	1.630581053716853024e-01	7.745135216897647279e-02	3.175903489576756278e-02	8.242872750016004557e-02
1.366670085357617609e+03	2.302248329379616432e-01	1.431226310377750333e-01	2.716905529362489968e-01	1.631729529704492032e-01	7.749998724766267444e-02	3.178800401440614459e-02	8.250103885538670467e-02
1.369088970464445310e+03	2.299505289039760203e-01	1.429393217399473337e-01	2.718841317659332346e-01	1.632874660144994494e-01	7.754848529825826564e-02	3.181691450820231526e-02	8.257315176907378818e-02
1.371507855571272785e+03	2.296770032971649500e-01	1.427565327559128516e-01	2.720771384449074959e-01	1.634016455210184626e-01	7.759684671007283097e-02	3.184576649528415848e-02	8.264506677552961589e-02
1.373926740678100487e+03	2.294042539049716833e-01	1.425742626064259999e-01	2.722695746119067617e-01	1.635154925038715956e-01	7.764507187135923083e-02	3.187456009353151903e-02	8.271678440782348485e-02
1.376345625784927961e+03	2.291322785211374058e-01	1.423925098164534886e-01	2.724614419009999677e-01	1.636290079736200664e-01	7.769316116931593297e-02	3.190329542057672441e-02	8.278830519778657138e-02
1.378764510891755890e+03	2.288610749456831406e-01	1.422112729151625843e-01	2.726527419416032716e-01	1.637421929375335872e-01	7.774111499008945492e-02	3.193197259380530645e-02	8.285962967601281925e-02
1.381183395998583137e+03	2.285906409848920406e-01	1.420305504359088422e-01	2.728434763584931533e-01	1.638550483996030205e-01	7.778893371877665386e-02	3.196059173035668138e-02	8.293075837185985566e-02
1.383602281105411066e+03	2.283209744512912920e-01	1.418503409162242823e-01	2.730336467718196825e-01	1.639675753605529807e-01	7.783661773942719686e-02	3.198915294712487839e-02	8.300169181344993485e-02
1.386021166212238768e+03	2.280520731636345166e-01	1.416706428978053711e-01	2.732232547971199521e-01	1.640797748178543791e-01	7.788416743504589235e-02	3.201765636075923349e-02	8.307243052767093738e-02
1.388440051319066470e+03	2.277839349468838981e-01	1.414914549265012533e-01	2.734123020453307351e-01	1.641916477657368589e-01	7.793158318759506320e-02	3.204610208766508345e-02	8.314297504017731377e-02
1.390858936425893944e+03	2.275165576321924732e-01	1.413127755523018447e-01	2.736007901228020844e-01	1.643031951952012293e-01	7.797886537799694762e-02	3.207449024400446658e-02	8.321332587539115311e-02
1.393277821532721646e+03	2.272499390568864797e-01	1.411346033293258695e-01	2.737887206313101562e-01	1.644144180940317335e-01	7.802601438613605833e-02	3.210282094569680972e-02	8.328348355650318224e-02
1.395696706639549120e+03	2.269840770644478145e-01	1.409569368158092029e-01	2.739760951680699219e-01	1.645253174468083446e-01	7.807303059086156960e-02	3.213109430841959435e-02	8.335344860547376500e-02
1.398115591746377049e+03	2.267189695044963260e-01	1.407797745740931583e-01	2.741629153257488238e-01	1.646358942349190613e-01	7.811991436998970417e-02	3.215931044760907132e-02	8.342322154303405402e-02
1.400534476853204296e+03	2.264546142327724942e-01	1.406031151706126081e-01	2.743491826924790988e-01	1.647461494365719259e-01	7.816666610030607865e-02	3.218746947846091999e-02	8.349280288868704547e-02
1.402953361960032225e+03	2.261910091111198340e-01	1.404269571758844093e-01	2.745348988518710454e-01	1.648560840268072092e-01	7.821328615756809044e-02	3.221557151593092139e-02	8.356219316070868930e-02
1.405372247066859927e+03	2.259281520074675476e-01	1.402512991644956908e-01	2.747200653830256800e-01	1.649656989775093452e-01	7.825977491650727702e-02	3.224361667473561732e-02	8.363139287614899942e-02
1.407791132173687402e+03	2.256660407958130665e-01	1.400761397150922793e-01	2.749046838605478937e-01	1.650749952574190049e-01	7.830613275083171676e-02	3.227160506935301126e-02	8.370040255083321945e-02
1.410210017280515103e+03	2.254046733562049265e-01	1.399014774103670145e-01	2.750887558545587197e-01	1.651839738321448647e-01	7.835236003322836040e-02	3.229953681402319976e-02	8.376922269936298848e-02
1.412628902387342805e+03	2.251440475747253644e-01	1.397273108370483685e-01	2.752722829307087116e-01	1.652926356641756245e-01	7.839845713536541805e-02	3.232741202274905246e-02	8.383785383511747902e-02
1.415047787494170507e+03	2.248841613434731379e-01	1.395536385858886508e-01	2.754552666501903224e-01	1.654009817128916371e-01	7.844442442789473224e-02	3.235523080929684353e-02	8.390629647025465987e-02
1.417466672600997981e+03	2.246250125605463721e-01	1.393804592516527940e-01	2.756377085697505058e-01	1.655090129345767602e-01	7.849026228045410947e-02	3.238299328719692477e-02	8.397455111571250352e-02
1.419885557707825683e+03	2.243665991300255180e-01	1.392077714331067251e-01	2.758196102417035944e-01	1.656167302824299026e-01	7.853597106166970709e-02	3.241069956974438476e-02	8.404261828121016575e-02
1.422304442814653157e+03	2.241089189619561439e-01	1.390355737330060404e-01	2.760009732139436789e-01	1.657241347065767090e-01	7.858155113915843426e-02	3.243834976999965258e-02	8.411049847524929013e-02
1.424723327921481086e+03	2.238519699723320322e-01	1.388638647580845153e-01	2.761817990299575976e-01	1.658312271540811345e-01	7.862700287953022782e-02	3.246594400078919168e-02	8.417819220511527090e-02
1.427142213028308333e+03	2.235957500830781930e-01	1.386926431190428077e-01	2.763620892288370379e-01	1.659380085689568518e-01	7.867232664839045320e-02	3.249348237470609663e-02	8.424569997687851586e-02
1.429561098135136262e+03	2.233402572220339888e-01	1.385219074305371056e-01	2.765418453452913039e-01	1.660444798921787979e-01	7.871752281034229137e-02	3.252096500411075231e-02	8.431302229539575088e-02
1.431979983241963964e+03	2.230854893229360925e-01	1.383516563111678588e-01	2.767210689096596399e-01	1.661506420616944424e-01	7.876259172898905647e-02	3.254839200113145148e-02	8.438015966431136605e-02
1.434398868348791666e+03	2.228314443254018895e-01	1.381818883834685097e-01	2.768997614479239422e-01	1.662564960124352509e-01	7.880753376693652723e-02	3.257576347766504704e-02	8.444711258605872017e-02
1.436817753455619140e+03	2.225781201749126026e-01	1.380126022738943081e-01	2.770779244817207498e-01	1.663620426763278426e-01	7.885234928579534786e-02	3.260307954537754183e-02	8.451388156186150080e-02
1.439236638562446842e+03	2.223255148227965827e-01	1.378437966128109593e-01	2.772555595283539009e-01	1.664672829823052036e-01	7.889703864618337337e-02	3.263034031570474086e-02	8.458046709173508426e-02
1.441655523669274316e+03	2.220736262262125726e-01	1.376754700344836879e-01	2.774326681008068562e-01	1.665722178563179556e-01	7.894160220772795944e-02	3.265754589985285505e-02	8.464686967448796506e-02
1.444074408776102018e+03	2.218224523481332200e-01	1.375076211770658863e-01	2.776092517077548005e-01	1.666768482213453195e-01	7.898604032906840489e-02	3.268469640879911875e-02	8.471308980772303265e-02
1.446493293882929493e+03	2.215719911573283685e-01	1.373402486825882063e-01	2.777853118535771326e-01	1.667811749974063007e-01	7.903035336785819986e-02	3.271179195329242118e-02	8.477912798783912574e-02
1.448912178989757422e+03	2.213222406283485988e-01	1.371733511969473185e-01	2.779608500383696224e-01	1.668851991015705694e-01	7.907454168076739898e-02	3.273883264385386849e-02	8.484498471003236453e-02
1.451331064096585123e+03	2.210731987415086308e-01	1.370069273698950041e-01	2.781358677579565675e-01	1.669889214479694795e-01	7.911860562348500825e-02	3.276581859077744990e-02	8.491066046829759406e-02
1.453749949203412370e+03	2.208248634828710866e-01	1.368409758550271083e-01	2.783103665039028951e-01	1.670923429478069211e-01	7.916254555072126109e-02	3.279274990413059976e-02	8.497615575542988298e-02
1.456168834310240300e+03	2.205772328442298924e-01	1.366754953097724934e-01	2.784843477635263742e-01	1.671954645093702008e-01	7.920636181620997751e-02	3.281962669375480118e-02	8.504147106302596681e-02
1.458587719417068001e+03	2.203303048230941530e-01	1.365104843953822145e-01	2.786578130199096615e-01	1.672982870380407550e-01	7.925005477271089560e-02	3.284644906926621061e-02	8.510660688148571906e-02
1.461006604523895703e+03	2.200840774226715812e-01	1.363459417769185833e-01	2.788307637519125137e-01	1.674008114363049471e-01	7.929362477201203074e-02	3.287321714005621287e-02	8.517156370001367771e-02
1.463425489630723177e+03	2.198385486518524556e-01	1.361818661232442607e-01	2.790032014341835565e-01	1.675030386037647256e-01	7.933707216493195158e-02	3.289993101529204572e-02	8.523634200662051630e-02
1.465844374737550879e+03	2.195937165251933831e-01	1.360182561070113760e-01	2.791751275371723851e-01	1.676049694371482823e-01	7.938039730132212535e-02	3.292659080391736187e-02	8.530094228812457047e-02
1.468263259844378354e+03	2.193495790629010900e-01	1.358551104046507585e-01	2.793465435271414998e-01	1.677066048303205437e-01	7.942360053006930487e-02	3.295319661465284655e-02	8.536536503015342003e-02
1.470682144951206283e+03	2.191061342908163234e-01	1.356924276963611953e-01	2.795174508661782964e-01	1.678079456742937459e-01	7.946668219909773512e-02	3.297974855599673794e-02	8.542961071714537391e-02
1.473101030058033530e+03	2.188633802403978923e-01	1.355302066660985794e-01	2.796878510122068340e-01	1.679089928572379820e-01	7.950964265537156794e-02	3.300624673622549327e-02	8.549367983235107993e-02
1.475519915164861459e+03	2.186213149487064022e-01	1.353684460015652513e-01	2.798577454189997149e-01	1.680097472644915269e-01	7.955248224489713804e-02	3.303269126339428846e-02	8.555757285783506527e-02
1.477938800271689161e+03	2.183799364583884905e-01	1.352071443941993134e-01	2.800271355361900194e-01	1.681102097785713012e-01	7.959520131272528054e-02	3.305908224533762874e-02	8.562129027447733243e-02
1.480357685378516862e+03	2.181392428176609222e-01	1.350463005391638605e-01	2.801960228092829630e-01	1.682103812791830577e-01	7.963780020295366247e-02	3.308541978966993147e-02	8.568483256197495512e-02
1.482776570485344337e+03	2.178992320802945470e-01	1.348859131353365159e-01	2.803644086796676649e-01	1.683102626432317894e-01	7.968027925872908646e-02	3.311170400378604661e-02	8.574820019884368816e-02
