1.001418434226643626e+03	2.819978031905913118e-01	1.778046527742144223e-01	2.348147532572000817e-01	1.413577982379246034e-01	6.835614971905593085e-02	2.667469080281056198e-02	6.899415201809463993e-02
1.002869765290740247e+03	2.817449432156628464e-01	1.776355168643224125e-01	2.349959660721185062e-01	1.414650465826093051e-01	6.840071048804574616e-02	2.669834315090360150e-02	6.905947362622923136e-02
1.004321096354836754e+03	2.814925142421551008e-01	1.774666693277405505e-01	2.351768610997854447e-01	1.415721025683105427e-01	6.844519593305144201e-02	2.672196705365493738e-02	6.912468977519359292e-02
1.005772427418933376e+03	2.812405155342461716e-01	1.772981096718085348e-01	2.353574388854045296e-01	1.416789665658079456e-01	6.848960617862538680e-02	2.674556254543377851e-02	6.918980061856526420e-02
1.007223758483029997e+03	2.809889463573712609e-01	1.771298374047117485e-01	2.355376999732475274e-01	1.417856389450480592e-01	6.853394134914288227e-02	2.676912966055832246e-02	6.925480630981180330e-02
1.008675089547126618e+03	2.807378059782205115e-01	1.769618520354799551e-01	2.357176449066558932e-01	1.418921200751468714e-01	6.857820156880226059e-02	2.679266843329589434e-02	6.931970700229017623e-02
1.010126420611223239e+03	2.804870936647370083e-01	1.767941530739857714e-01	2.358972742280424917e-01	1.419984103243922546e-01	6.862238696162489826e-02	2.681617889786309245e-02	6.938450284924600753e-02
1.011577751675319632e+03	2.802368086861145580e-01	1.766267400309431135e-01	2.360765884788930125e-01	1.421045100602465472e-01	6.866649765145529938e-02	2.683966108842596177e-02	6.944919400381298347e-02
1.013029082739416367e+03	2.799869503127957460e-01	1.764596124179057257e-01	2.362555881997677465e-01	1.422104196493488570e-01	6.871053376196115114e-02	2.686311503910009807e-02	6.951378061901213046e-02
1.014480413803512761e+03	2.797375178164696607e-01	1.762927697472657651e-01	2.364342739303030294e-01	1.423161394575175875e-01	6.875449541663332387e-02	2.688654078395083177e-02	6.957826284775125991e-02
1.015931744867609382e+03	2.794885104700698397e-01	1.761262115322522193e-01	2.366126462092128513e-01	1.424216698497529354e-01	6.879838273878600974e-02	2.690993835699335285e-02	6.964264084282421885e-02
1.017383075931706003e+03	2.792399275477722709e-01	1.759599372869294631e-01	2.367907055742904665e-01	1.425270111902392223e-01	6.884219585155672283e-02	2.693330779219284959e-02	6.970691475691036254e-02
1.018834406995802851e+03	2.789917683249932834e-01	1.757939465261957601e-01	2.369684525624099203e-01	1.426321638423475036e-01	6.888593487790641012e-02	2.695664912346467171e-02	6.977108474257383286e-02
1.020285738059899245e+03	2.787440320783872161e-01	1.756282387657818744e-01	2.371458877095276585e-01	1.427371281686377336e-01	6.892959994061945150e-02	2.697996238467445865e-02	6.983515095226298930e-02
1.021737069123995752e+03	2.784967180858445857e-01	1.754628135222495167e-01	2.373230115506840820e-01	1.428419045308613744e-01	6.897319116230377078e-02	2.700324760963828535e-02	6.989911353830978447e-02
1.023188400188092373e+03	2.782498256264899772e-01	1.752976703129898173e-01	2.374998246200050733e-01	1.429464932899636720e-01	6.901670866539094673e-02	2.702650483212280449e-02	6.996297265292908407e-02
1.024639731252188767e+03	2.780033539806799348e-01	1.751328086562220221e-01	2.376763274507036616e-01	1.430508948060860985e-01	6.906015257213615754e-02	2.704973408584538525e-02	7.002672844821815346e-02
1.026091062316285615e+03	2.777573024300007964e-01	1.749682280709918825e-01	2.378525205750813831e-01	1.431551094385687117e-01	6.910352300461837516e-02	2.707293540447425553e-02	7.009038107615599145e-02
1.027542393380382237e+03	2.775116702572665850e-01	1.748039280771703785e-01	2.380284045245301683e-01	1.432591375459524863e-01	6.914682008474037911e-02	2.709610882162863735e-02	7.015393068860274750e-02
1.028993724444478858e+03	2.772664567465172314e-01	1.746399081954520260e-01	2.382039798295335353e-01	1.433629794859817286e-01	6.919004393422882593e-02	2.711925437087889246e-02	7.021737743729911108e-02
1.030445055508575479e+03	2.770216611830161324e-01	1.744761679473536276e-01	2.383792470196684221e-01	1.434666356156063804e-01	6.923319467463440180e-02	2.714237208574664384e-02	7.028072147386578428e-02
1.031896386572671872e+03	2.767772828532483187e-01	1.743127068552127179e-01	2.385542066236065462e-01	1.435701062909843506e-01	6.927627242733176705e-02	2.716546199970493874e-02	7.034396294980280184e-02
1.033347717636768493e+03	2.765333210449182344e-01	1.741495244421861210e-01	2.387288591691160422e-01	1.436733918674838739e-01	6.931927731351973654e-02	2.718852414617835625e-02	7.040710201648903155e-02
1.034799048700865114e+03	2.762897750469478497e-01	1.739866202322485622e-01	2.389032051830630166e-01	1.437764926996858705e-01	6.936220945422134909e-02	2.721155855854316685e-02	7.047013882518159134e-02
1.036250379764961508e+03	2.760466441494743295e-01	1.738239937501912247e-01	2.390772451914130181e-01	1.438794091413860832e-01	6.940506897028393685e-02	2.723456527012745737e-02	7.053307352701525257e-02
1.037701710829058356e+03	2.758039276438483678e-01	1.736616445216203064e-01	2.392509797192327037e-01	1.439821415455975750e-01	6.944785598237920854e-02	2.725754431421125931e-02	7.059590627300189880e-02
1.039153041893154750e+03	2.755616248226317455e-01	1.734995720729554658e-01	2.394244092906912258e-01	1.440846902645528949e-01	6.949057061100331889e-02	2.728049572402669459e-02	7.065863721402992903e-02
1.040604372957251599e+03	2.753197349795955540e-01	1.733377759314286559e-01	2.395975344290618703e-01	1.441870556497063527e-01	6.953321297647699351e-02	2.730341953275810390e-02	7.072126650086378585e-02
1.042055704021347992e+03	2.750782574097179189e-01	1.731762556250824314e-01	2.397703556567235550e-01	1.442892380517363515e-01	6.957578319894557051e-02	2.732631577354217162e-02	7.078379428414334484e-02
1.043507035085444613e+03	2.748371914091821133e-01	1.730150106827686440e-01	2.399428734951622733e-01	1.443912378205476077e-01	6.961828139837915319e-02	2.734918447946806455e-02	7.084622071438338720e-02
1.044958366149541234e+03	2.745965362753745032e-01	1.728540406341471380e-01	2.401150884649728423e-01	1.444930553052735100e-01	6.966070769457266554e-02	2.737202568357757076e-02	7.090854594197304461e-02
1.046409697213637855e+03	2.743562913068823828e-01	1.726933450096840850e-01	2.402870010858601524e-01	1.445946908542781462e-01	6.970306220714593548e-02	2.739483941886521751e-02	7.097077011717532746e-02
1.047861028277734476e+03	2.741164558034921428e-01	1.725329233406507623e-01	2.404586118766408875e-01	1.446961448151586893e-01	6.974534505554380592e-02	2.741762571827840306e-02	7.103289339012654191e-02
1.049312359341831097e+03	2.738770290661869944e-01	1.723727751591220825e-01	2.406299213552449967e-01	1.447974175347476189e-01	6.978755635903624577e-02	2.744038461471752510e-02	7.109491591083577644e-02
1.050763690405927491e+03	2.736380103971450817e-01	1.722128999979751773e-01	2.408009300387171925e-01	1.448985093591148576e-01	6.982969623671840542e-02	2.746311614103611951e-02	7.115683782918441613e-02
1.052215021470024112e+03	2.733993990997374834e-01	1.720532973908879826e-01	2.409716384432183944e-01	1.449994206335700753e-01	6.987176480751074170e-02	2.748582033004097480e-02	7.121865929492557368e-02
1.053666352534120733e+03	2.731611944785261037e-01	1.718939668723379055e-01	2.411420470840273667e-01	1.451001517026647980e-01	6.991376219015914273e-02	2.750849721449227098e-02	7.128038045768364528e-02
1.055117683598217127e+03	2.729233958392616732e-01	1.717349079776002985e-01	2.413121564755421611e-01	1.452007029101946567e-01	6.995568850323496957e-02	2.753114682710369743e-02	7.134200146695376943e-02
1.056569014662313975e+03	2.726860024888817513e-01	1.715761202427472099e-01	2.414819671312816163e-01	1.453010745992015518e-01	6.999754386513522275e-02	2.755376920054257439e-02	7.140352247210132730e-02
1.058020345726410369e+03	2.724490137355085606e-01	1.714176032046459131e-01	2.416514795638868840e-01	1.454012671119757349e-01	7.003932839408258393e-02	2.757636436742999866e-02	7.146494362236147091e-02
1.059471676790506763e+03	2.722124288884473220e-01	1.712593564009575464e-01	2.418206942851229002e-01	1.455012807900581406e-01	7.008104220812561014e-02	2.759893236034094421e-02	7.152626506683862351e-02
1.060923007854603611e+03	2.719762472581839230e-01	1.711013793701356422e-01	2.419896118058799672e-01	1.456011159742424399e-01	7.012268542513876157e-02	2.762147321180441137e-02	7.158748695450600774e-02
1.062374338918700232e+03	2.717404681563829194e-01	1.709436716514248500e-01	2.421582326361751414e-01	1.457007730045771221e-01	7.016425816282249872e-02	2.764398695430352396e-02	7.164860943420514605e-02
1.063825669982796853e+03	2.715050908958856479e-01	1.707862327848595763e-01	2.423265572851536764e-01	1.458002522203677431e-01	7.020576053870347666e-02	2.766647362027566462e-02	7.170963265464538883e-02
1.065277001046893474e+03	2.712701147907082833e-01	1.706290623112624028e-01	2.424945862610907998e-01	1.458995539601790070e-01	7.024719267013458668e-02	2.768893324211260665e-02	7.177055676440348420e-02
1.066728332110990095e+03	2.710355391560396732e-01	1.704721597722429760e-01	2.426623200713928230e-01	1.459986785618369587e-01	7.028855467429508119e-02	2.771136585216061807e-02	7.183138191192305066e-02
1.068179663175086489e+03	2.708013633082393956e-01	1.703155247101964809e-01	2.428297592225989177e-01	1.460976263624308713e-01	7.032984666819071251e-02	2.773377148272059348e-02	7.189210824551416079e-02
1.069630994239183110e+03	2.705675865648359268e-01	1.701591566683022805e-01	2.429969042203824481e-01	1.461963976983156333e-01	7.037106876865378835e-02	2.775615016604817201e-02	7.195273591335286933e-02
1.071082325303279504e+03	2.703342082445244210e-01	1.700030551905225840e-01	2.431637555695524977e-01	1.462949929051136355e-01	7.041222109234336612e-02	2.777850193435385528e-02	7.201326506348078305e-02
1.072533656367376352e+03	2.701012276671647672e-01	1.698472198216010587e-01	2.433303137740553956e-01	1.463934123177169644e-01	7.045330375574530846e-02	2.780082681980312886e-02	7.207369584380457495e-02
1.073984987431472746e+03	2.698686441537795910e-01	1.696916501070615257e-01	2.434965793369760489e-01	1.464916562702894276e-01	7.049431687517243583e-02	2.782312485451658365e-02	7.213402840209558187e-02
1.075436318495569594e+03	2.696364570265525895e-01	1.695363455932064889e-01	2.436625527605395525e-01	1.465897250962686360e-01	7.053526056676459599e-02	2.784539607057003041e-02	7.219426288598934649e-02
1.076887649559666215e+03	2.694046656088260883e-01	1.693813058271158301e-01	2.438282345461126044e-01	1.466876191283680853e-01	7.057613494648885821e-02	2.786764049999461423e-02	7.225439944298517325e-02
1.078338980623762609e+03	2.691732692250992653e-01	1.692265303566455603e-01	2.439936251942049772e-01	1.467853386985791819e-01	7.061694013013956883e-02	2.788985817477693599e-02	7.231443822044573977e-02
1.079790311687859230e+03	2.689422672010263193e-01	1.690720187304263766e-01	2.441587252044709888e-01	1.468828841381732697e-01	7.065767623333851777e-02	2.791204912685917722e-02	7.237437936559662499e-02
1.081241642751955851e+03	2.687116588634143044e-01	1.689177704978621908e-01	2.443235350757109459e-01	1.469802557777037111e-01	7.069834337153499404e-02	2.793421338813919033e-02	7.243422302552590675e-02
1.082692973816052472e+03	2.684814435402212429e-01	1.687637852091290747e-01	2.444880553058726980e-01	1.470774539470078857e-01	7.073894166000600781e-02	2.795635099047064434e-02	7.249396934718377317e-02
1.084144304880149093e+03	2.682516205605540160e-01	1.686100624151736227e-01	2.446522863920528867e-01	1.471744789752092442e-01	7.077947121385634588e-02	2.797846196566312199e-02	7.255361847738205083e-02
1.085595635944245487e+03	2.680221892546667539e-01	1.684566016677118416e-01	2.448162288304986112e-01	1.472713311907192790e-01	7.081993214801869663e-02	2.800054634548223079e-02	7.261317056279388560e-02
1.087046967008342108e+03	2.677931489539585597e-01	1.683034025192276240e-01	2.449798831166088153e-01	1.473680109212394951e-01	7.086032457725381650e-02	2.802260416164973483e-02	7.267262574995324298e-02
1.088498298072438729e+03	2.675644989909716776e-01	1.681504645229716099e-01	2.451432497449356762e-01	1.474645184937635467e-01	7.090064861615062719e-02	2.804463544584364504e-02	7.273198418525457509e-02
1.089949629136535123e+03	2.673362386993894946e-01	1.679977872329596056e-01	2.453063292091860748e-01	1.475608542345790697e-01	7.094090437912634051e-02	2.806664022969834749e-02	7.279124601495237656e-02
1.091400960200631971e+03	2.671083674140346531e-01	1.678453702039715556e-01	2.454691220022231779e-01	1.476570184692697629e-01	7.098109198042663881e-02	2.808861854480471446e-02	7.285041138516087922e-02
1.092852291264728365e+03	2.668808844708669414e-01	1.676932129915499614e-01	2.456316286160676599e-01	1.477530115227173035e-01	7.102121153412571664e-02	2.811057042271020850e-02	7.290948044185358023e-02
1.094303622328825213e+03	2.666537892069816840e-01	1.675413151519987154e-01	2.457938495418993119e-01	1.478488337191033175e-01	7.106126315412648886e-02	2.813249589491899696e-02	7.296845333086286745e-02
1.095754953392921607e+03	2.664270809606075208e-01	1.673896762423816298e-01	2.459557852700583469e-01	1.479444853819114059e-01	7.110124695416067397e-02	2.815439499289206296e-02	7.302733019787968627e-02
1.097206284457018228e+03	2.662007590711045757e-01	1.672382958205212988e-01	2.461174362900469259e-01	1.480399668339289765e-01	7.114116304778896061e-02	2.817626774804731990e-02	7.308611118845316501e-02
1.098657615521114849e+03	2.659748228789624580e-01	1.670871734449976276e-01	2.462788030905306846e-01	1.481352783972493259e-01	7.118101154840117406e-02	2.819811419175970515e-02	7.314479644799019853e-02
1.100108946585211470e+03	2.657492717257984305e-01	1.669363086751466663e-01	2.464398861593398993e-01	1.482304203932734432e-01	7.122079256921629020e-02	2.821993435536131190e-02	7.320338612175510129e-02
1.101560277649308091e+03	2.655241049543554666e-01	1.667857010710590837e-01	2.466006859834711795e-01	1.483253931427120087e-01	7.126050622328268525e-02	2.824172827014147236e-02	7.326188035486928818e-02
1.103011608713404712e+03	2.652993219085001964e-01	1.666353501935791126e-01	2.467612030490886621e-01	1.484201969655872810e-01	7.130015262347823291e-02	2.826349596734688274e-02	7.332027929231081653e-02
1.104462939777501106e+03	2.650749219332211304e-01	1.664852556043029952e-01	2.469214378415256206e-01	1.485148321812350680e-01	7.133973188251042929e-02	2.828523747818170730e-02	7.337858307891415022e-02
1.105914270841597499e+03	2.648509043746267166e-01	1.663354168655779286e-01	2.470813908452858532e-01	1.486092991083065584e-01	7.137924411291657334e-02	2.830695283380768243e-02	7.343679185936977105e-02
1.107365601905694348e+03	2.646272685799433977e-01	1.661858335405005382e-01	2.472410625440449872e-01	1.487035980647702649e-01	7.141868942706387779e-02	2.832864206534422419e-02	7.349490577822376247e-02
1.108816932969790741e+03	2.644040138975136678e-01	1.660365051929157398e-01	2.474004534206520334e-01	1.487977293679138835e-01	7.145806793714955252e-02	2.835030520386852895e-02	7.355292497987753197e-02
1.110268264033887590e+03	2.641811396767943521e-01	1.658874313874153517e-01	2.475595639571306628e-01	1.488916933343462368e-01	7.149737975520105426e-02	2.837194228041568789e-02	7.361084960858751969e-02
1.111719595097984211e+03	2.639586452683543860e-01	1.657386116893368733e-01	2.477183946346807886e-01	1.489854902799990777e-01	7.153662499307615608e-02	2.839355332597879103e-02	7.366867980846475428e-02
1.113170926162080832e+03	2.637365300238731503e-01	1.655900456647620977e-01	2.478769459336798153e-01	1.490791205201290326e-01	7.157580376246311382e-02	2.841513837150901403e-02	7.372641572347458927e-02
1.114622257226177226e+03	2.635147932961385830e-01	1.654417328805158627e-01	2.480352183336841099e-01	1.491725843693193498e-01	7.161491617488077721e-02	2.843669744791574652e-02	7.378405749743636999e-02
1.116073588290273847e+03	2.632934344390450709e-01	1.652936729041648567e-01	2.481932123134304169e-01	1.492658821414818426e-01	7.165396234167882572e-02	2.845823058606667538e-02	7.384160527402310048e-02
1.117524919354370468e+03	2.630724528075917834e-01	1.651458653040161761e-01	2.483509283508373022e-01	1.493590141498587209e-01	7.169294237403778247e-02	2.847973781678789923e-02	7.389905919676112434e-02
1.118976250418467089e+03	2.628518477578807300e-01	1.649983096491161594e-01	2.485083669230063741e-01	1.494519807070244233e-01	7.173185638296923627e-02	2.850121917086402903e-02	7.395641940902983325e-02
1.120427581482563710e+03	2.626316186471148728e-01	1.648510055092490267e-01	2.486655285062238929e-01	1.495447821248873932e-01	7.177070447931598041e-02	2.852267467903828874e-02	7.401368605406129231e-02
1.121878912546660331e+03	2.624117648335960729e-01	1.647039524549357425e-01	2.488224135759620481e-01	1.496374187146920776e-01	7.180948677375215139e-02	2.854410437201260198e-02	7.407085927494003186e-02
1.123330243610756725e+03	2.621922856767233689e-01	1.645571500574325996e-01	2.489790226068804013e-01	1.497298907870206197e-01	7.184820337678338165e-02	2.856550828044772741e-02	7.412793921460264501e-02
1.124781574674853118e+03	2.619731805369912570e-01	1.644105978887299424e-01	2.491353560728271632e-01	1.498221986517946080e-01	7.188685439874693828e-02	2.858688643496332116e-02	7.418492601583753787e-02
1.126232905738949967e+03	2.617544487759874694e-01	1.642642955215509737e-01	2.492914144468407478e-01	1.499143426182769634e-01	7.192543994981187572e-02	2.860823886613805475e-02	7.424181982128461033e-02
1.127684236803046360e+03	2.615360897563914211e-01	1.641182425293505054e-01	2.494471982011510769e-01	1.500063229950737709e-01	7.196396013997918839e-02	2.862956560450972271e-02	7.429862077343499238e-02
1.129135567867143209e+03	2.613181028419720442e-01	1.639724384863136541e-01	2.496027078071809679e-01	1.500981400901360285e-01	7.200241507908194949e-02	2.865086668057532232e-02	7.435532901463073885e-02
1.130586898931239830e+03	2.611004873975861784e-01	1.638268829673544535e-01	2.497579437355474663e-01	1.501897942107614237e-01	7.204080487678549138e-02	2.867214212479116467e-02	7.441194468706453791e-02
1.132038229995336451e+03	2.608832427891765726e-01	1.636815755481148549e-01	2.499129064560632885e-01	1.502812856635961092e-01	7.207912964258753052e-02	2.869339196757296831e-02	7.446846793277941967e-02
1.133489561059432845e+03	2.606663683837701084e-01	1.635365158049632284e-01	2.500675964377381266e-01	1.503726147546365077e-01	7.211738948581829234e-02	2.871461623929595641e-02	7.452489889366849252e-02
1.134940892123529466e+03	2.604498635494759129e-01	1.633917033149932529e-01	2.502220141487801475e-01	1.504637817892310325e-01	7.215558451564071940e-02	2.873581497029495391e-02	7.458123771147465164e-02
1.136392223187626087e+03	2.602337276554834156e-01	1.632471376560226950e-01	2.503761600565972967e-01	1.505547870720818915e-01	7.219371484105061021e-02	2.875698819086448810e-02	7.463748452779032927e-02
1.137843554251722708e+03	2.600179600720606277e-01	1.631028184065919651e-01	2.505300346277984924e-01	1.506456309072467525e-01	7.223178057087673021e-02	2.877813593125887540e-02	7.469363948405721709e-02
1.139294885315819101e+03	2.598025601705523102e-01	1.629587451459629521e-01	2.506836383281953462e-01	1.507363135981406865e-01	7.226978181378103383e-02	2.879925822169233235e-02	7.474970272156600259e-02
1.140746216379915950e+03	2.595875273233780867e-01	1.628149174541179411e-01	2.508369716228031621e-01	1.508268354475376383e-01	7.230771867825876165e-02	2.882035509233905196e-02	7.480567438145604986e-02
1.142197547444012343e+03	2.593728609040303890e-01	1.626713349117581420e-01	2.509900349758426574e-01	1.509171967575723416e-01	7.234559127263863465e-02	2.884142657333330431e-02	7.486155460471527467e-02
1.143648878508108737e+03	2.591585602870730143e-01	1.625279971003025792e-01	2.511428288507409623e-01	1.510073978297419572e-01	7.238339970508299304e-02	2.886247269476954758e-02	7.491734353217974207e-02
1.145100209572205586e+03	2.589446248481390156e-01	1.623849036018867598e-01	2.512953537101332291e-01	1.510974389649078486e-01	7.242114408358792110e-02	2.888349348670249395e-02	7.497304130453349980e-02
1.146551540636302207e+03	2.587310539639289808e-01	1.622420539993615629e-01	2.514476100158638538e-01	1.511873204632973311e-01	7.245882451598346929e-02	2.890448897914722759e-02	7.502864806230830075e-02
1.148002871700398828e+03	2.585178470122091454e-01	1.620994478762919355e-01	2.515995982289879751e-01	1.512770426245051980e-01	7.249644110993375135e-02	2.892545920207928098e-02	7.508416394588336706e-02
1.149454202764495449e+03	2.583050033718096716e-01	1.619570848169556432e-01	2.517513188097726395e-01	1.513666057474956361e-01	7.253399397293718021e-02	2.894640418543473898e-02	7.513958909548515419e-02
1.150905533828591842e+03	2.580925224226227610e-01	1.618149644063419657e-01	2.519027722176983008e-01	1.514560101306037521e-01	7.257148321232652355e-02	2.896732395911032210e-02	7.519492365118708721e-02
1.152356864892688463e+03	2.578804035456007115e-01	1.616730862301507254e-01	2.520539589114599854e-01	1.515452560715373487e-01	7.260890893526915357e-02	2.898821855296348018e-02	7.525016775290936655e-02
1.153808195956785084e+03	2.576686461227542524e-01	1.615314498747907335e-01	2.522048793489688467e-01	1.516343438673786181e-01	7.264627124876715802e-02	2.900908799681248956e-02	7.530532154041867654e-02
1.155259527020881706e+03	2.574572495371508785e-01	1.613900549273787899e-01	2.523555339873533310e-01	1.517232738145857796e-01	7.268357025965749285e-02	2.902993232043653282e-02	7.536038515332800503e-02
1.156710858084978327e+03	2.572462131729126300e-01	1.612489009757384351e-01	2.525059232829606759e-01	1.518120462089946610e-01	7.272080607461219037e-02	2.905075155357579944e-02	7.541535873109639354e-02
1.158162189149074720e+03	2.570355364152146493e-01	1.611079876083986173e-01	2.526560476913581876e-01	1.519006613458205590e-01	7.275797880013847030e-02	2.907154572593156905e-02	7.547024241302874303e-02
1.159613520213171569e+03	2.568252186502832379e-01	1.609673144145925827e-01	2.528059076673344063e-01	1.519891195196597378e-01	7.279508854257894790e-02	2.909231486716631204e-02	7.552503633827553631e-02
1.161064851277267962e+03	2.566152592653940800e-01	1.608268809842566538e-01	2.529555036649007160e-01	1.520774210244911495e-01	7.283213540811177278e-02	2.911305900690376244e-02	7.557974064583268536e-02
1.162516182341364356e+03	2.564056576488703554e-01	1.606866869080289806e-01	2.531048361372924549e-01	1.521655661536780169e-01	7.286911950275076766e-02	2.913377817472900810e-02	7.563435547454129548e-02
1.163967513405461204e+03	2.561964131900811292e-01	1.605467317772483193e-01	2.532539055369703584e-01	1.522535551999694980e-01	7.290604093234560878e-02	2.915447240018860520e-02	7.568888096308740154e-02
1.165418844469557826e+03	2.559875252794393541e-01	1.604070151839528391e-01	2.534027123156218919e-01	1.523413884555024078e-01	7.294289980258203410e-02	2.917514171279062679e-02	7.574331725000181537e-02
1.166870175533654447e+03	2.557789933084002043e-01	1.602675367208789836e-01	2.535512569241624159e-01	1.524290662118026607e-01	7.297969621898194037e-02	2.919578614200477734e-02	7.579766447365997306e-02
1.168321506597751068e+03	2.555708166694592998e-01	1.601282959814601392e-01	2.536995398127367407e-01	1.525165887597870473e-01	7.301643028690359138e-02	2.921640571726247249e-02	7.585192277228160196e-02
1.169772837661847461e+03	2.553629947561509850e-01	1.599892925598255522e-01	2.538475614307202366e-01	1.526039563897647611e-01	7.305310211154178446e-02	2.923700046795692925e-02	7.590609228393063734e-02
1.171224168725944082e+03	2.551555269630463862e-01	1.598505260507990522e-01	2.539953222267202215e-01	1.526911693914390633e-01	7.308971179792797535e-02	2.925757042344323891e-02	7.596017314651494490e-02
1.172675499790040703e+03	2.549484126857515798e-01	1.597119960498978586e-01	2.541428226485774600e-01	1.527782280539088378e-01	7.312625945093045865e-02	2.927811561303846760e-02	7.601416549778619580e-02
1.174126830854137097e+03	2.547416513209061484e-01	1.595737021533314426e-01	2.542900631433671066e-01	1.528651326656702558e-01	7.316274517525458987e-02	2.929863606602173612e-02	7.606806947533961694e-02
1.175578161918233945e+03	2.545352422661811276e-01	1.594356439580002782e-01	2.544370441574002606e-01	1.529518835146182199e-01	7.319916907544286866e-02	2.931913181163430665e-02	7.612188521661385210e-02
1.177029492982330339e+03	2.543291849202772847e-01	1.592978210614946766e-01	2.545837661362251869e-01	1.530384808880481118e-01	7.323553125587516088e-02	2.933960287907965911e-02	7.617561285889075384e-02
1.178480824046426733e+03	2.541234786829235093e-01	1.591602330620935923e-01	2.547302295246287596e-01	1.531249250726572919e-01	7.327183182076886514e-02	2.936004929752358827e-02	7.622925253929517531e-02
1.179932155110523581e+03	2.539181229548747587e-01	1.590228795587634858e-01	2.548764347666376828e-01	1.532112163545466532e-01	7.330807087417903767e-02	2.938047109609428359e-02	7.628280439479485919e-02
1.181383486174620202e+03	2.537131171379106709e-01	1.588857601511569628e-01	2.550223823055196570e-01	1.532973550192222589e-01	7.334424851999860051e-02	2.940086830388240549e-02	7.633626856220024348e-02
1.182834817238716823e+03	2.535084606348334546e-01	1.587488744396118590e-01	2.551680725837847663e-01	1.533833413515967858e-01	7.338036486195850805e-02	2.942124094994117561e-02	7.638964517816419775e-02
1.184286148302813444e+03	2.533041528494664463e-01	1.586122220251497961e-01	2.553135060431868664e-01	1.534691756359912451e-01	7.341642000362789966e-02	2.944158906328646352e-02	7.644293437918199541e-02
1.185737479366910065e+03	2.531001931866520560e-01	1.584758025094752387e-01	2.554586831247248613e-01	1.535548581561363701e-01	7.345241404841430788e-02	2.946191267289685611e-02	7.649613630159106392e-02
1.187188810431006686e+03	2.528965810522503244e-01	1.583396154949741064e-01	2.556036042686437582e-01	1.536403891951742540e-01	7.348834709956372779e-02	2.948221180771374780e-02	7.654925108157079050e-02
1.188640141495103080e+03	2.526933158531369794e-01	1.582036605847128297e-01	2.557482699144362770e-01	1.537257690356598483e-01	7.352421926016093623e-02	2.950248649664142381e-02	7.660227885514243884e-02
1.190091472559199701e+03	2.524903969972017159e-01	1.580679373824369072e-01	2.558926805008439054e-01	1.538109979595625176e-01	7.356003063312956114e-02	2.952273676854713647e-02	7.665521975816895484e-02
1.191542803623296322e+03	2.522878238933465300e-01	1.579324454925699339e-01	2.560368364658583973e-01	1.538960762482676214e-01	7.359578132123226202e-02	2.954296265226118851e-02	7.670807392635478617e-02
1.192994134687392716e+03	2.520855959514839428e-01	1.577971845202123524e-01	2.561807382467227723e-01	1.539810041825778741e-01	7.363147142707092419e-02	2.956316417657701631e-02	7.676084149524578515e-02
1.194445465751489564e+03	2.518837125825352796e-01	1.576621540711403979e-01	2.563243862799329253e-01	1.540657820427150104e-01	7.366710105308683920e-02	2.958334137025126626e-02	7.681352260022900058e-02
1.195896796815585958e+03	2.516821731984288935e-01	1.575273537518047662e-01	2.564677810012386261e-01	1.541504101083212563e-01	7.370267030156082977e-02	2.960349426200387449e-02	7.686611737653255283e-02
1.197348127879682352e+03	2.514809772120985554e-01	1.573927831693295032e-01	2.566109228456449065e-01	1.542348886584608003e-01	7.373817927461347177e-02	2.962362288051814327e-02	7.691862595922549506e-02
1.198799458943779200e+03	2.512801240374815670e-01	1.572584419315109783e-01	2.567538122474132267e-01	1.543192179716213197e-01	7.377362807420526081e-02	2.964372725444083465e-02	7.697104848321766057e-02
1.200250790007875821e+03	2.510796130895172618e-01	1.571243296468165795e-01	2.568964496400630293e-01	1.544033983257155074e-01	7.380901680213675098e-02	2.966380741238222943e-02	7.702338508325952404e-02
1.201702121071972442e+03	2.508794437841450620e-01	1.569904459243835759e-01	2.570388354563727384e-01	1.544874299980824317e-01	7.384434556004876304e-02	2.968386338291621740e-02	7.707563589394209047e-02
1.203153452136069063e+03	2.506796155383029245e-01	1.568567903740180070e-01	2.571809701283810923e-01	1.545713132654892574e-01	7.387961444942255096e-02	2.970389519458038058e-02	7.712780104969670092e-02
1.204604783200165684e+03	2.504801277699255091e-01	1.567233626061935725e-01	2.573228540873884751e-01	1.546550484041324669e-01	7.391482357157995453e-02	2.972390287587604873e-02	7.717988068479496311e-02
1.206056114264262078e+03	2.502809798979425127e-01	1.565901622320503284e-01	2.574644877639580831e-01	1.547386356896394699e-01	7.394997302768362146e-02	2.974388645526839653e-02	7.723187493334855713e-02
1.207507445328358699e+03	2.500821713422770598e-01	1.564571888633937147e-01	2.576058715879173122e-01	1.548220753970700747e-01	7.398506291873714613e-02	2.976384596118652331e-02	7.728378392930913832e-02
1.208958776392455093e+03	2.498837015238438986e-01	1.563244421126933070e-01	2.577470059883588682e-01	1.549053678009179313e-01	7.402009334558523612e-02	2.978378142202350864e-02	7.733560780646825394e-02
1.210410107456551941e+03	2.496855698645477073e-01	1.561919215930817062e-01	2.578878913936420436e-01	1.549885131751119471e-01	7.405506440891390652e-02	2.980369286613651636e-02	7.738734669845717673e-02
1.211861438520648335e+03	2.494877757872814017e-01	1.560596269183534002e-01	2.580285282313941053e-01	1.550715117930177855e-01	7.408997620925066030e-02	2.982358032184683622e-02	7.743900073874675216e-02
1.213312769584745183e+03	2.492903187159244971e-01	1.559275577029636262e-01	2.581689169285115160e-01	1.551543639274393371e-01	7.412482884696465490e-02	2.984344381743999838e-02	7.749057006064734299e-02
1.214764100648841804e+03	2.490931980753413322e-01	1.557957135620271494e-01	2.583090579111610441e-01	1.552370698506200519e-01	7.415962242226688261e-02	2.986328338116581507e-02	7.754205479730870432e-02
1.216215431712937971e+03	2.488964132913794869e-01	1.556640941113173193e-01	2.584489516047809854e-01	1.553196298342444936e-01	7.419435703521035097e-02	2.988309904123847421e-02	7.759345508171980321e-02
1.217666762777034819e+03	2.486999637908679783e-01	1.555326989672647375e-01	2.585885984340827726e-01	1.554020441494397553e-01	7.422903278569023544e-02	2.990289082583660885e-02	7.764477104670883256e-02
1.219118093841131440e+03	2.485038490016156787e-01	1.554015277469562029e-01	2.587279988230517525e-01	1.554843130667767914e-01	7.426364977344410145e-02	2.992265876310337344e-02	7.769600282494294741e-02
1.220569424905228061e+03	2.483080683524095944e-01	1.552705800681337123e-01	2.588671531949487403e-01	1.555664368562719724e-01	7.429820809805201542e-02	2.994240288114652024e-02	7.774715054892832045e-02
1.222020755969324682e+03	2.481126212730131730e-01	1.551398555491930731e-01	2.590060619723110746e-01	1.556484157873883889e-01	7.433270785893680843e-02	2.996212320803846169e-02	7.779821435100989224e-02
1.223472087033421303e+03	2.479175071941646380e-01	1.550093538091829870e-01	2.591447255769540048e-01	1.557302501290373231e-01	7.436714915536418724e-02	2.998181977181635371e-02	7.784919436337137122e-02
1.224923418097517697e+03	2.477227255475753231e-01	1.548790744678038012e-01	2.592831444299718013e-01	1.558119401495796641e-01	7.440153208644295635e-02	3.000149260048216512e-02	7.790009071803510876e-02
1.226374749161614318e+03	2.475282757659280630e-01	1.547490171454065644e-01	2.594213189517390883e-01	1.558934861168272679e-01	7.443585675112514288e-02	3.002114172200275391e-02	7.795090354686196044e-02
1.227826080225710712e+03	2.473341572828754165e-01	1.546191814629916117e-01	2.595592495619120643e-01	1.559748882980443452e-01	7.447012324820621865e-02	3.004076716430992972e-02	7.800163298155127212e-02
1.229277411289807560e+03	2.471403695330380845e-01	1.544895670422077594e-01	2.596969366794296130e-01	1.560561469599489326e-01	7.450433167632526665e-02	3.006036895530054057e-02	7.805227915364071345e-02
1.230728742353903954e+03	2.469469119520032452e-01	1.543601735053510005e-01	2.598343807225145796e-01	1.561372623687141692e-01	7.453848213396518929e-02	3.007994712283653879e-02	7.810284219450620846e-02
1.232180073418000802e+03	2.467537839763228324e-01	1.542310004753634500e-01	2.599715821086751033e-01	1.562182347899697676e-01	7.457257471945281935e-02	3.009950169474504694e-02	7.815332223536185230e-02
1.233631404482097196e+03	2.465609850435119821e-01	1.541020475758322628e-01	2.601085412547057829e-01	1.562990644888033742e-01	7.460660953095918368e-02	3.011903269881842371e-02	7.820371940725985571e-02
1.235082735546193817e+03	2.463685145920473940e-01	1.539733144309883839e-01	2.602452585766887871e-01	1.563797517297619288e-01	7.464058666649961427e-02	3.013854016281435760e-02	7.825403384109040628e-02
1.236534066610290438e+03	2.461763720613654727e-01	1.538448006657057165e-01	2.603817344899951869e-01	1.564602967768529973e-01	7.467450622393394244e-02	3.015802411445591552e-02	7.830426566758162676e-02
1.237985397674387059e+03	2.459845568918609393e-01	1.537165059054997340e-01	2.605179694092862319e-01	1.565406998935461869e-01	7.470836830096672099e-02	3.017748458143161908e-02	7.835441501729949187e-02
1.239436728738483680e+03	2.457930685248850278e-01	1.535884297765264805e-01	2.606539637485143501e-01	1.566209613427744785e-01	7.474217299514737678e-02	3.019692159139552787e-02	7.840448202064773109e-02
1.240888059802580301e+03	2.456019064027439858e-01	1.534605719055814887e-01	2.607897179209244798e-01	1.567010813869355867e-01	7.477592040387036343e-02	3.021633517196727764e-02	7.845446680786778704e-02
1.242339390866676695e+03	2.454110699686971875e-01	1.533329319200987251e-01	2.609252323390554018e-01	1.567810602878933479e-01	7.480961062437539721e-02	3.023572535073218437e-02	7.850436950903869060e-02
1.243790721930773088e+03	2.452205586669558846e-01	1.532055094481494240e-01	2.610605074147407390e-01	1.568608983069789409e-01	7.484324375374758198e-02	3.025509215524129283e-02	7.855419025407707478e-02
1.245242052994869937e+03	2.450303719426811522e-01	1.530783041184409499e-01	2.611955435591102881e-01	1.569405957049923861e-01	7.487681988891767282e-02	3.027443561301145294e-02	7.860392917273699431e-02
1.246693384058966330e+03	2.448405092419826123e-01	1.529513155603157981e-01	2.613303411825912415e-01	1.570201527422037668e-01	7.491033912666214545e-02	3.029375575152538219e-02	7.865358639460996726e-02
1.248144715123063179e+03	2.446509700119166020e-01	1.528245434037504846e-01	2.614649006949091858e-01	1.570995696783545614e-01	7.494380156360348766e-02	3.031305259823173504e-02	7.870316204912485014e-02
1.249596046187159800e+03	2.444617537004846186e-01	1.526979872793544357e-01	2.615992225050894904e-01	1.571788467726590866e-01	7.497720729621028257e-02	3.033232618054517923e-02	7.875265626554778242e-02
1.251047377251256421e+03	2.442728597566316828e-01	1.525716468183688779e-01	2.617333070214585278e-01	1.572579842838057185e-01	7.501055642079748620e-02	3.035157652584644788e-02	7.880206917298214486e-02
1.252498708315352815e+03	2.440842876302447562e-01	1.524455216526658108e-01	2.618671546516447846e-01	1.573369824699581421e-01	7.504384903352653846e-02	3.037080366148242616e-02	7.885140090036847627e-02
1.253950039379449436e+03	2.438960367721510480e-01	1.523196114147468139e-01	2.620007658025800268e-01	1.574158415887567941e-01	7.507708523040557136e-02	3.039000761476619641e-02	7.890065157648444572e-02
1.255401370443546057e+03	2.437081066341164615e-01	1.521939157377421026e-01	2.621341408805006323e-01	1.574945618973201678e-01	7.511026510728960326e-02	3.040918841297712144e-02	7.894982132994476931e-02
1.256852701507642678e+03	2.435204966688440664e-01	1.520684342554093904e-01	2.622672802909485901e-01	1.575731436522460338e-01	7.514338875988070543e-02	3.042834608336090693e-02	7.899891028920119629e-02
1.258304032571739299e+03	2.433332063299723236e-01	1.519431666021327787e-01	2.624001844387727767e-01	1.576515871096127452e-01	7.517645628372819633e-02	3.044748065312966046e-02	7.904791858254241188e-02
1.259755363635835920e+03	2.431462350720736409e-01	1.518181124129216741e-01	2.625328537281302332e-01	1.577298925249805972e-01	7.520946777422880813e-02	3.046659214946196431e-02	7.909684633809405119e-02
1.261206694699932314e+03	2.429595823506526253e-01	1.516932713234098451e-01	2.626652885624871092e-01	1.578080601533930483e-01	7.524242332662689492e-02	3.048568059950293799e-02	7.914569368381856040e-02
1.262658025764028707e+03	2.427732476221445557e-01	1.515686429698541449e-01	2.627974893446200499e-01	1.578860902493780805e-01	7.527532303601459918e-02	3.050474603036431448e-02	7.919446074751526621e-02
1.264109356828125556e+03	2.425872303439138844e-01	1.514442269891335957e-01	2.629294564766174180e-01	1.579639830669493650e-01	7.530816699733201836e-02	3.052378846912448193e-02	7.924314765682022310e-02
1.265560687892221949e+03	2.424015299742524610e-01	1.513200230187482509e-01	2.630611903598803480e-01	1.580417388596077055e-01	7.534095530536744079e-02	3.054280794282856343e-02	7.929175453920626893e-02
1.267012018956318798e+03	2.422161459723780608e-01	1.511960306968181955e-01	2.631926913951237457e-01	1.581193578803421207e-01	7.537368805475748446e-02	3.056180447848848639e-02	7.934028152198289996e-02
1.268463350020415419e+03	2.420310777984327755e-01	1.510722496620823530e-01	2.633239599823778976e-01	1.581968403816312319e-01	7.540636533998730517e-02	3.058077810308303460e-02	7.938872873229631255e-02
1.269914681084511813e+03	2.418463249134814308e-01	1.509486795538975412e-01	2.634549965209893596e-01	1.582741866154445398e-01	7.543898725539077699e-02	3.059972884355792108e-02	7.943709629712931986e-02
1.271366012148608434e+03	2.416618867795100045e-01	1.508253200122374182e-01	2.635858014096220669e-01	1.583513968332435906e-01	7.547155389515064483e-02	3.061865672682584014e-02	7.948538434330133795e-02
1.272817343212705055e+03	2.414777628594240166e-01	1.507021706776913161e-01	2.637163750462586109e-01	1.584284712859833077e-01	7.550406535329874658e-02	3.063756177976654713e-02	7.953359299746834421e-02
1.274268674276801676e+03	2.412939526170470028e-01	1.505792311914632420e-01	2.638467178282014602e-01	1.585054102241131857e-01	7.553652172371620732e-02	3.065644402922690706e-02	7.958172238612283567e-02
1.275720005340898297e+03	2.411104555171188490e-01	1.504565011953708509e-01	2.639768301520740157e-01	1.585822138975785944e-01	7.556892310013357816e-02	3.067530350202096398e-02	7.962977263559384289e-02
1.277171336404994690e+03	2.409272710252944594e-01	1.503339803318443912e-01	2.641067124138218869e-01	1.586588825558220006e-01	7.560126957613108600e-02	3.069414022493000688e-02	7.967774387204684672e-02
1.278622667469091539e+03	2.407443986081418130e-01	1.502116682439255391e-01	2.642363650087138915e-01	1.587354164477841612e-01	7.563356124513874457e-02	3.071295422470261827e-02	7.972563622148384765e-02
1.280073998533187932e+03	2.405618377331407987e-01	1.500895645752664542e-01	2.643657883313433876e-01	1.588118158219054277e-01	7.566579820043659033e-02	3.073174552805475745e-02	7.977344980974322708e-02
1.281525329597284326e+03	2.403795878686812992e-01	1.499676689701288090e-01	2.644949827756291616e-01	1.588880809261269400e-01	7.569798053515486291e-02	3.075051416166980217e-02	7.982118476249981665e-02
1.282976660661381175e+03	2.401976484840618598e-01	1.498459810733825393e-01	2.646239487348168717e-01	1.589642120078918197e-01	7.573010834227417165e-02	3.076926015219861449e-02	7.986884120526481501e-02
1.284427991725477568e+03	2.400160190494881329e-01	1.497245005305049559e-01	2.647526866014801028e-01	1.590402093141464190e-01	7.576218171462570372e-02	3.078798352625961368e-02	7.991641926338582946e-02
1.285879322789574417e+03	2.398346990360711029e-01	1.496032269875796072e-01	2.648811967675214207e-01	1.591160730913415700e-01	7.579420074489136294e-02	3.080668431043882827e-02	7.996391906204682043e-02
1.287330653853671038e+03	2.396536879158258082e-01	1.494821600912953075e-01	2.650094796241737050e-01	1.591918035854337499e-01	7.582616552560403345e-02	3.082536253128995152e-02	8.001134072626810145e-02
1.288781984917767431e+03	2.394729851616695937e-01	1.493612994889451095e-01	2.651375355620011476e-01	1.592674010418863584e-01	7.585807614914770458e-02	3.084401821533441085e-02	8.005868438090633921e-02
1.290233315981864052e+03	2.392925902474207500e-01	1.492406448284251119e-01	2.652653649709003081e-01	1.593428657056708275e-01	7.588993270775767908e-02	3.086265138906143374e-02	8.010595015065452573e-02
