1.001418434226643626e+03	2.860141282849353872e-01	1.697505168765371386e-01	2.345441998351035784e-01	1.419975777151847862e-01	6.958576266929213106e-02	2.767181528902047660e-02	7.043599932991424784e-02
1.003837319333471214e+03	2.855760898139504400e-01	1.694884066282647261e-01	2.348354120822007673e-01	1.421767785151913099e-01	6.965957024025780375e-02	2.771420192185173118e-02	7.054954079827099878e-02
1.006256204440298802e+03	2.851393101385704676e-01	1.692270496510000777e-01	2.351257407197779037e-01	1.423554541252901873e-01	6.973316614562970195e-02	2.775650890375647509e-02	7.066277031596292224e-02
1.008675089547126618e+03	2.847037856302864212e-01	1.689664437731344671e-01	2.354151883988970240e-01	1.425336062571672668e-01	6.980655103598289168e-02	2.779873629697162188e-02	7.077568860754797353e-02
1.011093974653954206e+03	2.842695126711229370e-01	1.687065868293659565e-01	2.357037577623517788e-01	1.427112366155409429e-01	6.987972555961147192e-02	2.784088416426049387e-02	7.088829639773414071e-02
1.013512859760782021e+03	2.838364876536065839e-01	1.684474766606806062e-01	2.359914514446983247e-01	1.428883468982036220e-01	6.995269036253906614e-02	2.788295256890824941e-02	7.100059441135127269e-02
1.015931744867609382e+03	2.834047069807352215e-01	1.681891111143338779e-01	2.362782720722859942e-01	1.430649387960628016e-01	7.002544608852911967e-02	2.792494157471734489e-02	7.111258337332340695e-02
1.018350629974437197e+03	2.829741670659465247e-01	1.679314880438319835e-01	2.365642222632878822e-01	1.432410139931815929e-01	7.009799337909533579e-02	2.796685124600299666e-02	7.122426400864144413e-02
1.020769515081264785e+03	2.825448643330875087e-01	1.676746053089133159e-01	2.368493046277310443e-01	1.434165741668191607e-01	7.017033287351186199e-02	2.800868164758870890e-02	7.133563704233621128e-02
1.023188400188092373e+03	2.821167952163830539e-01	1.674184607755299925e-01	2.371335217675268892e-01	1.435916209874707195e-01	7.024246520882343470e-02	2.805043284480179117e-02	7.144670319945196912e-02
1.025607285294920075e+03	2.816899561604055968e-01	1.671630523158292025e-01	2.374168762765010710e-01	1.437661561189071124e-01	7.031439101985555162e-02	2.809210490346892436e-02	7.155746320502034963e-02
1.028026170401747549e+03	2.812643436200444325e-01	1.669083778081351388e-01	2.376993707404233269e-01	1.439401812182141693e-01	7.038611093922447770e-02	2.813369788991174417e-02	7.166791778403455715e-02
1.030445055508575479e+03	2.808399540604748501e-01	1.666544351369304289e-01	2.379810077370372035e-01	1.441136979358316472e-01	7.045762559734720931e-02	2.817521187094245566e-02	7.177806766142406925e-02
1.032863940615402726e+03	2.804167839571279353e-01	1.664012221928379831e-01	2.382617898360895603e-01	1.442867079155918109e-01	7.052893562245142467e-02	2.821664691385945486e-02	7.188791356202972604e-02
1.035282825722230655e+03	2.799948297956601495e-01	1.661487368726026759e-01	2.385417195993599082e-01	1.444592127947578464e-01	7.060004164058526765e-02	2.825800308644300582e-02	7.199745621057906941e-02
1.037701710829058356e+03	2.795740880719229104e-01	1.658969770790733045e-01	2.388207995806895800e-01	1.446312142040618032e-01	7.067094427562718717e-02	2.829928045695091071e-02	7.210669633166219561e-02
1.040120595935886058e+03	2.791545552919325601e-01	1.656459407211844648e-01	2.390990323260108741e-01	1.448027137677422305e-01	7.074164414929559608e-02	2.834047909411423552e-02	7.221563464970791324e-02
1.042539481042713533e+03	2.787362279718402780e-01	1.653956257139384822e-01	2.393764203733757812e-01	1.449737131035815640e-01	7.081214188115854402e-02	2.838159906713302871e-02	7.232427188896020653e-02
1.044958366149541234e+03	2.783191026379019384e-01	1.651460299783874264e-01	2.396529662529847393e-01	1.451442138229431522e-01	7.088243808864332085e-02	2.842264044567209200e-02	7.243260877345518434e-02
1.047377251256368709e+03	2.779031758264484120e-01	1.648971514416152362e-01	2.399286724872152499e-01	1.453142175308078932e-01	7.095253338704593515e-02	2.846360329985677187e-02	7.254064602699827891e-02
1.049796136363196410e+03	2.774884440838557009e-01	1.646489880367197345e-01	2.402035415906502713e-01	1.454837258258108723e-01	7.102242838954060666e-02	2.850448770026875120e-02	7.264838437314184716e-02
1.052215021470024112e+03	2.770749039665150182e-01	1.644015377027950309e-01	2.404775760701064191e-01	1.456527403002771393e-01	7.109212370718916152e-02	2.854529371794189627e-02	7.275582453516307724e-02
1.054633906576851814e+03	2.766625520408035332e-01	1.641547983849135917e-01	2.407507784246620541e-01	1.458212625402578455e-01	7.116161994895037202e-02	2.858602142435810387e-02	7.286296723604222814e-02
1.057052791683679516e+03	2.762513848830546181e-01	1.639087680341085873e-01	2.410231511456852604e-01	1.459892941255655496e-01	7.123091772168919922e-02	2.862667089144320040e-02	7.296981319844128566e-02
1.059471676790506763e+03	2.758413990795284265e-01	1.636634446073563232e-01	2.412946967168617396e-01	1.461568366298094945e-01	7.130001763018604943e-02	2.866724219156283060e-02	7.307636314468286820e-02
1.061890561897334692e+03	2.754325912263826948e-01	1.634188260675585036e-01	2.415654176142222331e-01	1.463238916204305240e-01	7.136892027714590581e-02	2.870773539751839479e-02	7.318261779672947942e-02
1.064309447004162394e+03	2.750249579296433211e-01	1.631749103835248571e-01	2.418353163061702504e-01	1.464904606587357216e-01	7.143762626320747378e-02	2.874815058254301045e-02	7.328857787616309405e-02
1.066728332110990095e+03	2.746184958051754443e-01	1.629316955299555669e-01	2.421043952535092691e-01	1.466565452999327723e-01	7.150613618695214613e-02	2.878848782029747033e-02	7.339424410416506284e-02
1.069147217217817570e+03	2.742132014786540783e-01	1.626891794874239239e-01	2.423726569094700467e-01	1.468221470931639905e-01	7.157445064491306519e-02	2.882874718486626298e-02	7.349961720149629507e-02
1.071566102324645271e+03	2.738090715855355795e-01	1.624473602423588958e-01	2.426401037197376265e-01	1.469872675815401819e-01	7.164257023158393523e-02	2.886892875075358980e-02	7.360469788847785744e-02
1.073984987431472746e+03	2.734061027710282810e-01	1.622062357870278637e-01	2.429067381224783440e-01	1.471519083021740337e-01	7.171049553942802912e-02	2.890903259287940646e-02	7.370948688497171164e-02
1.076403872538300675e+03	2.730042916900640160e-01	1.619658041195193854e-01	2.431725625483664166e-01	1.473160707862134489e-01	7.177822715888693139e-02	2.894905878657550585e-02	7.381398491036193776e-02
1.078822757645127922e+03	2.726036350072694736e-01	1.617260632437258483e-01	2.434375794206108945e-01	1.474797565588744641e-01	7.184576567838926731e-02	2.898900740758160455e-02	7.391819268353612415e-02
1.081241642751955851e+03	2.722041293969372222e-01	1.614870111693266219e-01	2.437017911549818339e-01	1.476429671394739462e-01	7.191311168435941814e-02	2.902887853204146051e-02	7.402211092286710425e-02
1.083660527858783553e+03	2.718057715429977317e-01	1.612486459117706550e-01	2.439652001598369979e-01	1.478057040414620660e-01	7.198026576122620868e-02	2.906867223649901855e-02	7.412574034619498486e-02
1.086079412965611255e+03	2.714085581389903967e-01	1.610109654922596001e-01	2.442278088361477528e-01	1.479679687724544113e-01	7.204722849143148367e-02	2.910838859789456265e-02	7.422908167080942421e-02
1.088498298072438729e+03	2.710124858880356702e-01	1.607739679377308273e-01	2.444896195775254355e-01	1.481297628342639061e-01	7.211400045543862880e-02	2.914802769356091700e-02	7.433213561343227083e-02
1.090917183179266431e+03	2.706175515028064749e-01	1.605376512808404654e-01	2.447506347702471663e-01	1.482910877229324242e-01	7.218058223174100840e-02	2.918758960121963994e-02	7.443490289020045225e-02
1.093336068286093905e+03	2.702237517055003369e-01	1.603020135599464713e-01	2.450108567932817449e-01	1.484519449287622916e-01	7.224697439687047251e-02	2.922707439897725620e-02	7.453738421664903024e-02
1.095754953392921607e+03	2.698310832278110749e-01	1.600670528190919206e-01	2.452702880183153522e-01	1.486123359363472618e-01	7.231317752540573907e-02	2.926648216532151681e-02	7.463958030769475560e-02
1.098173838499749309e+03	2.694395428109008783e-01	1.598327671079881884e-01	2.455289308097770296e-01	1.487722622246036019e-01	7.237919218998065118e-02	2.930581297911767288e-02	7.474149187761966462e-02
1.100592723606577010e+03	2.690491272053724403e-01	1.595991544819981567e-01	2.457867875248642142e-01	1.489317252668005409e-01	7.244501896129253160e-02	2.934506691960475991e-02	7.484311964005507800e-02
1.103011608713404712e+03	2.686598331712412580e-01	1.593662130021196721e-01	2.460438605135679413e-01	1.490907265305907725e-01	7.251065840811032892e-02	2.938424406639193742e-02	7.494446430796586345e-02
1.105430493820231959e+03	2.682716574779076546e-01	1.591339407349687818e-01	2.463001521186982679e-01	1.492492674780405704e-01	7.257611109728284715e-02	2.942334449945480795e-02	7.504552659363483702e-02
1.107849378927059888e+03	2.678845969041293018e-01	1.589023357527633851e-01	2.465556646759090031e-01	1.494073495656598194e-01	7.264137759374686421e-02	2.946236829913180186e-02	7.514630720864758084e-02
1.110268264033887590e+03	2.674986482379938524e-01	1.586713961333064693e-01	2.468104005137228274e-01	1.495649742444315200e-01	7.270645846053516714e-02	2.950131554612053786e-02	7.524680686387739958e-02
1.112687149140715292e+03	2.671138082768910182e-01	1.584411199599699283e-01	2.470643619535560498e-01	1.497221429598413200e-01	7.277135425878462904e-02	2.954018632147425300e-02	7.534702626947059612e-02
1.115106034247542766e+03	2.667300738274856475e-01	1.582115053216778811e-01	2.473175513097432832e-01	1.498788571519067414e-01	7.283606554774414710e-02	2.957898070659820827e-02	7.544696613483189984e-02
1.117524919354370468e+03	2.663474417056901355e-01	1.579825503128904907e-01	2.475699708895620355e-01	1.500351182552061291e-01	7.290059288478258070e-02	2.961769878324615329e-02	7.554662716861029748e-02
1.119943804461197942e+03	2.659659087366373909e-01	1.577542530335875881e-01	2.478216229932571624e-01	1.501909276989074060e-01	7.296493682539662018e-02	2.965634063351678396e-02	7.564601007868493321e-02
1.122362689568025871e+03	2.655854717546535793e-01	1.575266115892524632e-01	2.480725099140650147e-01	1.503462869067966057e-01	7.302909792321865545e-02	2.969490633985023831e-02	7.574511557215135582e-02
1.124781574674853118e+03	2.652061276032311454e-01	1.572996240908555998e-01	2.483226339382378911e-01	1.505011972973061829e-01	7.309307673002450600e-02	2.973339598502461670e-02	7.584394435530794620e-02
1.127200459781681047e+03	2.648278731350019455e-01	1.570732886548386054e-01	2.485719973450679354e-01	1.506556602835430470e-01	7.315687379574122018e-02	2.977180965215250191e-02	7.594249713364266408e-02
1.129619344888508749e+03	2.644507052117101575e-01	1.568476034030980015e-01	2.488206024069111177e-01	1.508096772733165392e-01	7.322048966845470797e-02	2.981014742467751402e-02	7.604077461181985020e-02
1.132038229995336451e+03	2.640746207041857474e-01	1.566225664629693204e-01	2.490684513892111041e-01	1.509632496691659664e-01	7.328392489441741542e-02	2.984840938637088950e-02	7.613877749366743108e-02
1.134457115102163925e+03	2.636996164923175456e-01	1.563981759672109229e-01	2.493155465505230151e-01	1.511163788683881071e-01	7.334718001805591581e-02	2.988659562132807770e-02	7.623650648216427628e-02
1.136876000208991627e+03	2.633256894650268243e-01	1.561744300539881503e-01	2.495618901425369629e-01	1.512690662630643834e-01	7.341025558197850076e-02	2.992470621396534775e-02	7.633396227942773615e-02
1.139294885315819101e+03	2.629528365202404294e-01	1.559513268668574759e-01	2.498074844101015879e-01	1.514213132400878403e-01	7.347315212698260489e-02	2.996274124901643007e-02	7.643114558670149883e-02
1.141713770422646803e+03	2.625810545648648020e-01	1.557288645547504624e-01	2.500523315912474565e-01	1.515731211811900681e-01	7.353587019206236919e-02	3.000070081152917539e-02	7.652805710434350261e-02
1.144132655529474505e+03	2.622103405147591104e-01	1.555070412719582185e-01	2.502964339172102926e-01	1.517244914629677088e-01	7.359841031441599624e-02	3.003858498686221706e-02	7.662469753181425092e-02
1.146551540636302207e+03	2.618406912947093823e-01	1.552858551781153562e-01	2.505397936124541536e-01	1.518754254569088802e-01	7.366077302945314709e-02	3.007639386068168899e-02	7.672106756766518265e-02
1.148970425743129908e+03	2.614721038384019702e-01	1.550653044381844758e-01	2.507824128946945508e-01	1.520259245294193207e-01	7.372295887080226873e-02	3.011412751895792272e-02	7.681716790952733409e-02
1.151389310849957155e+03	2.611045750883975169e-01	1.548453872224404559e-01	2.510242939749211533e-01	1.521759900418484246e-01	7.378496837031792155e-02	3.015178604796219311e-02	7.691299925410013949e-02
1.153808195956785084e+03	2.607381019961049762e-01	1.546261017064548549e-01	2.512654390574209917e-01	1.523256233505150548e-01	7.384680205808795417e-02	3.018936953426346742e-02	7.700856229714052315e-02
1.156227081063612786e+03	2.603726815217555779e-01	1.544074460710802565e-01	2.515058503398007739e-01	1.524748258067331053e-01	7.390846046244080314e-02	3.022687806472518918e-02	7.710385773345207472e-02
1.158645966170440488e+03	2.600083106343769046e-01	1.541894185024349773e-01	2.517455300130098106e-01	1.526235987568368702e-01	7.396994410995258451e-02	3.026431172650205850e-02	7.719888625687454375e-02
1.161064851277267962e+03	2.596449863117671342e-01	1.539720171918873837e-01	2.519844802613624424e-01	1.527719435422063565e-01	7.403125352545425475e-02	3.030167060703687146e-02	7.729364856027338970e-02
1.163483736384095664e+03	2.592827055404692271e-01	1.537552403360404607e-01	2.522227032625602439e-01	1.529198614992922090e-01	7.409238923203864680e-02	3.033895479405732468e-02	7.738814533552969277e-02
1.165902621490923138e+03	2.589214653157455026e-01	1.535390861367166015e-01	2.524602011877145613e-01	1.530673539596405508e-01	7.415335175106758936e-02	3.037616437557288940e-02	7.748237727353005089e-02
1.168321506597751068e+03	2.585612626415517146e-01	1.533235528009422310e-01	2.526969762013686616e-01	1.532144222499177422e-01	7.421414160217881806e-02	3.041329943987168202e-02	7.757634506415683751e-02
1.170740391704578315e+03	2.582020945305117943e-01	1.531086385409324568e-01	2.529330304615198255e-01	1.533610676919346660e-01	7.427475930329299758e-02	3.045036007551733467e-02	7.767004939627854265e-02
1.173159276811406244e+03	2.578439580038923151e-01	1.528943415740759426e-01	2.531683661196411084e-01	1.535072916026711809e-01	7.433520537062063283e-02	3.048734637134593514e-02	7.776349095774034992e-02
1.175578161918233945e+03	2.574868500915773462e-01	1.526806601229196148e-01	2.534029853207037108e-01	1.536530952943001016e-01	7.439548031866893840e-02	3.052425841646293561e-02	7.785667043535483833e-02
1.177997047025061647e+03	2.571307678320428614e-01	1.524675924151535911e-01	2.536368902031981287e-01	1.537984800742111802e-01	7.445558466024868038e-02	3.056109630024010995e-02	7.794958851489292018e-02
1.180415932131889122e+03	2.567757082723318152e-01	1.522551366835961095e-01	2.538700828991563019e-01	1.539434472450347813e-01	7.451551890648094867e-02	3.059786011231250755e-02	7.804224588107488980e-02
1.182834817238716823e+03	2.564216684680289959e-01	1.520432911661784570e-01	2.541025655341731526e-01	1.540879981046655856e-01	7.457528356680401260e-02	3.063454994257546263e-02	7.813464321756168063e-02
1.185253702345544298e+03	2.560686454832358794e-01	1.518320541059298978e-01	2.543343402274279019e-01	1.542321339462857932e-01	7.463487914897995457e-02	3.067116588118157586e-02	7.822678120694630255e-02
1.187672587452371999e+03	2.557166363905457596e-01	1.516214237509629359e-01	2.545654090917055523e-01	1.543758560583885220e-01	7.469430615910140070e-02	3.070770801853774101e-02	7.831866053074541811e-02
1.190091472559199701e+03	2.553656382710188244e-01	1.514113983544581321e-01	2.547957742334181486e-01	1.545191657248007333e-01	7.475356510159815449e-02	3.074417644530219595e-02	7.841028186939109912e-02
1.192510357666027403e+03	2.550156482141575087e-01	1.512019761746495050e-01	2.550254377526259830e-01	1.546620642247061861e-01	7.481265647924384421e-02	3.078057125238156666e-02	7.850164590222273586e-02
1.194929242772855105e+03	2.546666633178814587e-01	1.509931554748094595e-01	2.552544017430587453e-01	1.548045528326681131e-01	7.487158079316244552e-02	3.081689253092795289e-02	7.859275330747909905e-02
1.197348127879682352e+03	2.543186806885032181e-01	1.507849345232342986e-01	2.554826682921364500e-01	1.549466328186517861e-01	7.493033854283487338e-02	3.085314037233602424e-02	7.868360476229062372e-02
1.199767012986510281e+03	2.539716974407034145e-01	1.505773115932292905e-01	2.557102394809903090e-01	1.550883054480469425e-01	7.498893022610546300e-02	3.088931486824012668e-02	7.877420094267174877e-02
1.202185898093337983e+03	2.536257106975063347e-01	1.503702849630940419e-01	2.559371173844837144e-01	1.552295719816899067e-01	7.504735633918842297e-02	3.092541611051141323e-02	7.886454252351347838e-02
1.204604783200165684e+03	2.532807175902554997e-01	1.501638529161079261e-01	2.561633040712327780e-01	1.553704336758857663e-01	7.510561737667430238e-02	3.096144419125500258e-02	7.895463017857608234e-02
1.207023668306993159e+03	2.529367152585894063e-01	1.499580137405154279e-01	2.563888016036269812e-01	1.555108917824301606e-01	7.516371383153634678e-02	3.099739920280713407e-02	7.904446458048192126e-02
1.209442553413820860e+03	2.525937008504169912e-01	1.497527657295116277e-01	2.566136120378498808e-01	1.556509475486311522e-01	7.522164619513688200e-02	3.103328123773235400e-02	7.913404640070849372e-02
1.211861438520648335e+03	2.522516715218937611e-01	1.495481071812276297e-01	2.568377374238994260e-01	1.557906022173306815e-01	7.527941495723364240e-02	3.106909038882071233e-02	7.922337630958153909e-02
1.214280323627476264e+03	2.519106244373973680e-01	1.493440363987162955e-01	2.570611798056082753e-01	1.559298570269261053e-01	7.533702060598604366e-02	3.110482674908499404e-02	7.931245497626830676e-02
1.216699208734303511e+03	2.515705567695036837e-01	1.491405516899376171e-01	2.572839412206641696e-01	1.560687132113915132e-01	7.539446362796148327e-02	3.114049041175794008e-02	7.940128306877100584e-02
1.219118093841131440e+03	2.512314656989629302e-01	1.489376513677444780e-01	2.575060237006299158e-01	1.562071720002986552e-01	7.545174450814151612e-02	3.117608147028951698e-02	7.948986125392039359e-02
1.221536978947959142e+03	2.508933484146755322e-01	1.487353337498683037e-01	2.577274292709637038e-01	1.563452346188381470e-01	7.550886372992805795e-02	3.121160001834416553e-02	7.957819019736944721e-02
1.223955864054786844e+03	2.505562021136684137e-01	1.485335971589047399e-01	2.579481599510390355e-01	1.564829022878402032e-01	7.556582177514954701e-02	3.124704614979810155e-02	7.966627056358724368e-02
1.226374749161614318e+03	2.502200240010712395e-01	1.483324399222995249e-01	2.581682177541645973e-01	1.566201762237952877e-01	7.562261912406705033e-02	3.128241995873662362e-02	7.975410301585289519e-02
1.228793634268442020e+03	2.498848112900927121e-01	1.481318603723340566e-01	2.583876046876040777e-01	1.567570576388747638e-01	7.567925625538039769e-02	3.131772153945142773e-02	7.984168821624969270e-02
1.231212519375269494e+03	2.495505612019969510e-01	1.479318568461116257e-01	2.586063227525959296e-01	1.568935477409511836e-01	7.573573364623416293e-02	3.135295098643793577e-02	7.992902682565937444e-02
1.233631404482097196e+03	2.492172709660798180e-01	1.477324276855429830e-01	2.588243739443730762e-01	1.570296477336185215e-01	7.579205177222377021e-02	3.138810839439266920e-02	8.001611950375639437e-02
1.236050289588924898e+03	2.488849378196456297e-01	1.475335712373323505e-01	2.590417602521822293e-01	1.571653588162123805e-01	7.584821110740141981e-02	3.142319385821060185e-02	8.010296690900256533e-02
1.238469174695752372e+03	2.485535590079836488e-01	1.473352858529635157e-01	2.592584836593038178e-01	1.573006821838299207e-01	7.590421212428208331e-02	3.145820747298256476e-02	8.018956969864157736e-02
1.240888059802580301e+03	2.482231317843447971e-01	1.471375698886857597e-01	2.594745461430710276e-01	1.574356190273496492e-01	7.596005529384944333e-02	3.149314933399263022e-02	8.027592852869382123e-02
1.243306944909407548e+03	2.478936534099183131e-01	1.469404217054998962e-01	2.596899496748892311e-01	1.575701705334512093e-01	7.601574108556172216e-02	3.152801953671555135e-02	8.036204405395119821e-02
1.245725830016235477e+03	2.475651211538086038e-01	1.467438396691444213e-01	2.599046962202553046e-01	1.577043378846347821e-01	7.607126996735764923e-02	3.156281817681418078e-02	8.044791692797216565e-02
1.248144715123063179e+03	2.472375322930121799e-01	1.465478221500816913e-01	2.601187877387766134e-01	1.578381222592406818e-01	7.612664240566217877e-02	3.159754535013694493e-02	8.053354780307682426e-02
1.250563600229890881e+03	2.469108841123944520e-01	1.463523675234841004e-01	2.603322261841901630e-01	1.579715248314684517e-01	7.618185886539240170e-02	3.163220115271528354e-02	8.061893733034218579e-02
1.252982485336718355e+03	2.465851739046668878e-01	1.461574741692202029e-01	2.605450135043816950e-01	1.581045467713962371e-01	7.623691980996327722e-02	3.166678568076115863e-02	8.070408615959748233e-02
1.255401370443546057e+03	2.462603989703640583e-01	1.459631404718411962e-01	2.607571516414045054e-01	1.582371892449996043e-01	7.629182570129333651e-02	3.170129903066455646e-02	8.078899493941965604e-02
1.257820255550373531e+03	2.459365566178207951e-01	1.457693648205670711e-01	2.609686425314981517e-01	1.583694534141705801e-01	7.634657699981044210e-02	3.173574129899098956e-02	8.087366431712891823e-02
1.260239140657201460e+03	2.456136441631493195e-01	1.455761456092729556e-01	2.611794881051073824e-01	1.585013404367363044e-01	7.640117416445746379e-02	3.177011258247901954e-02	8.095809493878447505e-02
1.262658025764028707e+03	2.452916589302166495e-01	1.453834812364756812e-01	2.613896902869007888e-01	1.586328514664777645e-01	7.645561765269791310e-02	3.180441297803783540e-02	8.104228744918026694e-02
1.265076910870856636e+03	2.449705982506219237e-01	1.451913701053201278e-01	2.615992509957894008e-01	1.587639876531481697e-01	7.650990792052156375e-02	3.183864258274480413e-02	8.112624249184095804e-02
1.267495795977684338e+03	2.446504594636738084e-01	1.449998106235655670e-01	2.618081721449451171e-01	1.588947501424914921e-01	7.656404542245008604e-02	3.187280149384303513e-02	8.120996070901785602e-02
1.269914681084511813e+03	2.443312399163680426e-01	1.448088012035724514e-01	2.620164556418190793e-01	1.590251400762606737e-01	7.661803061154257022e-02	3.190688980873898628e-02	8.129344274168512352e-02
1.272333566191339514e+03	2.440129369633649847e-01	1.446183402622887582e-01	2.622241033881603789e-01	1.591551585922356682e-01	7.667186393940110534e-02	3.194090762500008396e-02	8.137668922953594786e-02
1.274752451298167216e+03	2.436955479669671576e-01	1.444284262212366943e-01	2.624311172800340430e-01	1.592848068242415649e-01	7.672554585617624712e-02	3.197485504035233600e-02	8.145970081097890503e-02
1.277171336404994690e+03	2.433790702970970998e-01	1.442390575064993463e-01	2.626374992078391868e-01	1.594140859021664913e-01	7.677907681057248579e-02	3.200873215267796557e-02	8.154247812313435151e-02
1.279590221511822392e+03	2.430635013312750503e-01	1.440502325487073576e-01	2.628432510563274427e-01	1.595429969519793212e-01	7.683245724985376945e-02	3.204253906001308660e-02	8.162502180183095479e-02
1.282009106618650094e+03	2.427488384545967437e-01	1.438619497830255500e-01	2.630483747046208354e-01	1.596715410957472714e-01	7.688568761984884703e-02	3.207627586054535157e-02	8.170733248160239048e-02
1.284427991725477568e+03	2.424350790597113725e-01	1.436742076491398235e-01	2.632528720262297672e-01	1.597997194516536379e-01	7.693876836495672222e-02	3.210994265261165465e-02	8.178941079568398387e-02
1.286846876832305497e+03	2.421222205467995492e-01	1.434870045912439440e-01	2.634567448890710595e-01	1.599275331340150319e-01	7.699169992815199648e-02	3.214353953469582109e-02	8.187125737600958741e-02
1.289265761939132744e+03	2.418102603235513515e-01	1.433003390580263048e-01	2.636599951554854937e-01	1.600549832532987826e-01	7.704448275099021193e-02	3.217706660542633823e-02	8.195287285320847215e-02
1.291684647045960673e+03	2.414991958051443677e-01	1.431142095026568806e-01	2.638626246822560195e-01	1.601820709161400902e-01	7.709711727361315270e-02	3.221052396357406561e-02	8.203425785660233005e-02
1.294103532152788375e+03	2.411890244142219364e-01	1.429286143827741273e-01	2.640646353206251296e-01	1.603087972253591786e-01	7.714960393475420175e-02	3.224391170804997292e-02	8.211541301420240135e-02
1.296522417259616077e+03	2.408797435808712750e-01	1.427435521604719371e-01	2.642660289163125675e-01	1.604351632799780880e-01	7.720194317174348952e-02	3.227722993790294037e-02	8.219633895270667123e-02
1.298941302366443551e+03	2.405713507426018583e-01	1.425590213022867037e-01	2.644668073095328142e-01	1.605611701752377440e-01	7.725413542051323690e-02	3.231047875231748273e-02	8.227703629749712200e-02
1.301360187473271253e+03	2.402638433443237687e-01	1.423750202791842223e-01	2.646669723350127956e-01	1.606868190026145560e-01	7.730618111560287609e-02	3.234365825061156358e-02	8.235750567263713795e-02
1.303779072580098727e+03	2.399572188383261584e-01	1.421915475665469497e-01	2.648665258220090357e-01	1.608121108498371532e-01	7.735808069016428257e-02	3.237676853223439566e-02	8.243774770086892412e-02
1.306197957686926657e+03	2.396514746842555998e-01	1.420086016441609866e-01	2.650654695943251982e-01	1.609370468009028166e-01	7.740983457596695150e-02	3.240980969676426210e-02	8.251776300361107763e-02
1.308616842793753904e+03	2.393466083490948249e-01	1.418261809962032827e-01	2.652638054703291282e-01	1.610616279360939929e-01	7.746144320340306311e-02	3.244278184390633757e-02	8.259755220095625627e-02
1.311035727900581833e+03	2.390426173071412141e-01	1.416442841112288964e-01	2.654615352629703384e-01	1.611858553319944765e-01	7.751290700149263135e-02	3.247568507349051642e-02	8.267711591166879148e-02
1.313454613007409534e+03	2.387394990399855643e-01	1.414629094821580335e-01	2.656586607797969402e-01	1.613097300615058127e-01	7.756422639788858320e-02	3.250851948546931713e-02	8.275645475318257893e-02
1.315873498114237009e+03	2.384372510364907716e-01	1.412820556062636124e-01	2.658551838229727404e-01	1.614332531938632853e-01	7.761540181888182399e-02	3.254128517991571740e-02	8.283556934159887197e-02
1.318292383221064711e+03	2.381358707927706542e-01	1.411017209851583021e-01	2.660511061892943951e-01	1.615564257946519033e-01	7.766643368940620573e-02	3.257398225702105854e-02	8.291446029168432486e-02
1.320711268327892412e+03	2.378353558121688305e-01	1.409219041247820603e-01	2.662464296702080624e-01	1.616792489258223331e-01	7.771732243304360632e-02	3.260661081709291531e-02	8.299312821686898045e-02
1.323130153434719887e+03	2.375357036052377635e-01	1.407426035353893656e-01	2.664411560518264999e-01	1.618017236457067465e-01	7.776806847202885620e-02	3.263917096055306277e-02	8.307157372924436900e-02
1.325549038541547588e+03	2.372369116897176111e-01	1.405638177315368109e-01	2.666352871149459403e-01	1.619238510090344474e-01	7.781867222725477595e-02	3.267166278793535994e-02	8.314979743956173175e-02
1.327967923648375290e+03	2.369389775905153817e-01	1.403855452320704467e-01	2.668288246350623560e-01	1.620456320669474981e-01	7.786913411827697806e-02	3.270408639988370281e-02	8.322779995723024460e-02
1.330386808755202765e+03	2.366418988396840339e-01	1.402077845601133188e-01	2.670217703823887234e-01	1.621670678670161792e-01	7.791945456331889064e-02	3.273644189714999819e-02	8.330558189031543603e-02
1.332805693862030694e+03	2.363456729764016051e-01	1.400305342430530342e-01	2.672141261218712871e-01	1.622881594532544769e-01	7.796963397927660078e-02	3.276872938059210288e-02	8.338314384553749403e-02
1.335224578968857941e+03	2.360502975469505882e-01	1.398537928125292429e-01	2.674058936132060471e-01	1.624089078661353769e-01	7.801967278172367015e-02	3.280094895117182524e-02	8.346048642826983666e-02
1.337643464075685870e+03	2.357557701046971710e-01	1.396775588044213978e-01	2.675970746108554121e-01	1.625293141426059629e-01	7.806957138491607551e-02	3.283310070995292679e-02	8.353761024253761325e-02
1.340062349182513572e+03	2.354620882100706691e-01	1.395018307588362649e-01	2.677876708640645198e-01	1.626493793161027102e-01	7.811933020179691323e-02	3.286518475809909606e-02	8.361451589101639992e-02
1.342481234289341273e+03	2.351692494305427927e-01	1.393266072200956829e-01	2.679776841168776680e-01	1.627691044165663070e-01	7.816894964400124268e-02	3.289720119687200572e-02	8.369120397503083952e-02
1.344900119396168748e+03	2.348772513406074125e-01	1.391518867367242951e-01	2.681671161081544685e-01	1.628884904704567260e-01	7.821843012186088795e-02	3.292915012762933497e-02	8.376767509455340655e-02
1.347319004502996449e+03	2.345860915217599374e-01	1.389776678614372540e-01	2.683559685715861121e-01	1.630075385007680178e-01	7.826777204440910074e-02	3.296103165182281275e-02	8.384392984820328298e-02
1.349737889609823924e+03	2.342957675624769698e-01	1.388039491511280643e-01	2.685442432357116327e-01	1.631262495270430213e-01	7.831697581938532049e-02	3.299284587099628185e-02	8.391996883324522039e-02
1.352156774716651853e+03	2.340062770581959883e-01	1.386307291668564534e-01	2.687319418239338398e-01	1.632446245653880745e-01	7.836604185323989280e-02	3.302459288678376986e-02	8.399579264558852676e-02
1.354575659823479100e+03	2.337176176112951420e-01	1.384580064738361316e-01	2.689190660545353051e-01	1.633626646284875583e-01	7.841497055113873238e-02	3.305627280090758791e-02	8.407140187978608126e-02
1.356994544930307029e+03	2.334297868310730162e-01	1.382857796414228013e-01	2.691056176406946276e-01	1.634803707256183014e-01	7.846376231696798598e-02	3.308788571517641552e-02	8.414679712903343212e-02
1.359413430037134731e+03	2.331427823337284266e-01	1.381140472431020561e-01	2.692915982905020877e-01	1.635977438626640135e-01	7.851241755333862593e-02	3.311943173148340636e-02	8.422197898516795012e-02
1.361832315143962205e+03	2.328566017423404910e-01	1.379428078564773341e-01	2.694770097069755233e-01	1.637147850421296347e-01	7.856093666159108535e-02	3.315091095180433545e-02	8.429694803866806530e-02
1.364251200250789907e+03	2.325712426868485339e-01	1.377720600632580117e-01	2.696618535880763723e-01	1.638314952631554633e-01	7.860932004179986554e-02	3.318232347819573269e-02	8.437170487865253143e-02
1.366670085357617609e+03	2.322867028040321025e-01	1.376018024492473013e-01	2.698461316267249943e-01	1.639478755215312833e-01	7.865756809277808792e-02	3.321366941279300239e-02	8.444625009287975992e-02
1.369088970464445310e+03	2.320029797374910663e-01	1.374320336043305668e-01	2.700298455108166018e-01	1.640639268097104086e-01	7.870568121208201817e-02	3.324494885780862607e-02	8.452058426774722300e-02
1.371507855571272785e+03	2.317200711376259104e-01	1.372627521224633051e-01	2.702129969232368034e-01	1.641796501168236444e-01	7.875365979601564592e-02	3.327616191553030289e-02	8.459470798829091254e-02
1.373926740678100487e+03	2.314379746616178068e-01	1.370939566016592392e-01	2.703955875418772026e-01	1.642950464286931922e-01	7.880150423963511175e-02	3.330730868831915242e-02	8.466862183818486820e-02
1.376345625784927961e+03	2.311566879734088809e-01	1.369256456439786052e-01	2.705776190396508296e-01	1.644101167278463616e-01	7.884921493675324522e-02	3.333838927860791057e-02	8.474232639974070558e-02
1.378764510891755890e+03	2.308762087436827259e-01	1.367578178555164670e-01	2.707590930845076294e-01	1.645248619935293088e-01	7.889679227994399191e-02	3.336940378889915321e-02	8.481582225390726926e-02
1.381183395998583137e+03	2.305965346498446700e-01	1.365904718463907819e-01	2.709400113394497822e-01	1.646392832017206376e-01	7.894423666054689592e-02	3.340035232176349206e-02	8.488910998027034138e-02
1.383602281105411066e+03	2.303176633760022352e-01	1.364236062307307429e-01	2.711203754625470252e-01	1.647533813251449430e-01	7.899154846867148527e-02	3.343123497983783304e-02	8.496219015705236410e-02
1.386021166212238768e+03	2.300395926129456536e-01	1.362572196266652880e-01	2.713001871069519733e-01	1.648671573332862739e-01	7.903872809320168502e-02	3.346205186582361379e-02	8.503506336111217589e-02
1.388440051319066470e+03	2.297623200581284664e-01	1.360913106563112207e-01	2.714794479209152733e-01	1.649806121924014823e-01	7.908577592180016103e-02	3.349280308248506893e-02	8.510773016794490053e-02
1.390858936425893944e+03	2.294858434156482052e-01	1.359258779457618305e-01	2.716581595478008149e-01	1.650937468655336027e-01	7.913269234091276083e-02	3.352348873264748147e-02	8.518019115168184996e-02
1.393277821532721646e+03	2.292101603962269363e-01	1.357609201250752629e-01	2.718363236261007176e-01	1.652065623125248961e-01	7.917947773577274639e-02	3.355410891919548971e-02	8.525244688509042712e-02
1.395696706639549120e+03	2.289352687171921918e-01	1.355964358282627791e-01	2.720139417894505973e-01	1.653190594900302568e-01	7.922613249040517946e-02	3.358466374507138030e-02	8.532449793957418149e-02
1.398115591746377049e+03	2.286611661024575415e-01	1.354324236932775982e-01	2.721910156666440539e-01	1.654312393515299517e-01	7.927265698763122370e-02	3.361515331327336042e-02	8.539634488517278132e-02
1.400534476853204296e+03	2.283878502825037460e-01	1.352688823620032399e-01	2.723675468816482148e-01	1.655431028473428878e-01	7.931905160907237740e-02	3.364557772685392023e-02	8.546798829056215241e-02
1.402953361960032225e+03	2.281153189943593285e-01	1.351058104802421445e-01	2.725435370536181678e-01	1.656546509246393795e-01	7.936531673515478946e-02	3.367593708891812587e-02	8.553942872305458911e-02
1.405372247066859927e+03	2.278435699815818116e-01	1.349432066977042377e-01	2.727189877969120602e-01	1.657658845274539716e-01	7.941145274511345054e-02	3.370623150262199580e-02	8.561066674859899028e-02
1.407791132173687402e+03	2.275726009942387051e-01	1.347810696679956066e-01	2.728939007211055312e-01	1.658768045966983462e-01	7.945746001699642569e-02	3.373646107117081461e-02	8.568170293178106744e-02
1.410210017280515103e+03	2.273024097888885209e-01	1.346193980486072306e-01	2.730682774310067007e-01	1.659874120701738121e-01	7.950333892766910104e-02	3.376662589781750934e-02	8.575253783582358069e-02
1.412628902387342805e+03	2.270329941285618713e-01	1.344581905009036293e-01	2.732421195266707681e-01	1.660977078825840447e-01	7.954908985281830547e-02	3.379672608586104660e-02	8.582317202258672728e-02
1.415047787494170507e+03	2.267643517827428734e-01	1.342974456901115665e-01	2.734154286034146120e-01	1.662076929655475488e-01	7.959471316695647392e-02	3.382676173864478802e-02	8.589360605256851633e-02
1.417466672600997981e+03	2.264964805273501358e-01	1.341371622853089196e-01	2.735882062518312230e-01	1.663173682476102588e-01	7.964020924342585239e-02	3.385673295955490131e-02	8.596384048490510188e-02
1.419885557707825683e+03	2.262293781447182739e-01	1.339773389594134112e-01	2.737604540578042478e-01	1.664267346542577797e-01	7.968557845440256415e-02	3.388663985201875728e-02	8.603387587737133801e-02
1.422304442814653157e+03	2.259630424235792301e-01	1.338179743891714790e-01	2.739321736025225884e-01	1.665357931079277376e-01	7.973082117090075915e-02	3.391648251950336868e-02	8.610371278638122294e-02
1.424723327921481086e+03	2.256974711590435390e-01	1.336590672551471737e-01	2.741033664624945021e-01	1.666445445280221871e-01	7.977593776277666637e-02	3.394626106551378725e-02	8.617335176698844024e-02
1.427142213028308333e+03	2.254326621525820917e-01	1.335006162417110287e-01	2.742740342095623118e-01	1.667529898309196290e-01	7.982092859873268775e-02	3.397597559359159108e-02	8.624279337288695557e-02
1.429561098135136262e+03	2.251686132120073736e-01	1.333426200370290693e-01	2.744441784109162286e-01	1.668611299299871953e-01	7.986579404632147827e-02	3.400562620731330254e-02	8.631203815641164123e-02
1.431979983241963964e+03	2.249053221514552836e-01	1.331850773330516824e-01	2.746138006291091171e-01	1.669689657355925838e-01	7.991053447194988724e-02	3.403521301028884782e-02	8.638108666853891449e-02
1.434398868348791666e+03	2.246427867913665388e-01	1.330279868255027087e-01	2.747829024220701521e-01	1.670764981551162709e-01	7.995515024088309386e-02	3.406473610616005121e-02	8.644993945888750086e-02
1.436817753455619140e+03	2.243810049584686328e-01	1.328713472138684515e-01	2.749514853431193062e-01	1.671837280929632241e-01	7.999964171724847917e-02	3.409419559859910159e-02	8.651859707571908642e-02
1.439236638562446842e+03	2.241199744857573506e-01	1.327151572013867409e-01	2.751195509409814499e-01	1.672906564505748095e-01	8.004400926403976158e-02	3.412359159130705366e-02	8.658706006593917814e-02
1.441655523669274316e+03	2.238596932124786720e-01	1.325594154950360537e-01	2.752871007598000075e-01	1.673972841264405320e-01	8.008825324312081329e-02	3.415292418801233604e-02	8.665532897509786725e-02
1.444074408776102018e+03	2.236001589841107029e-01	1.324041208055246610e-01	2.754541363391513897e-01	1.675036120161098874e-01	8.013237401522968484e-02	3.418219349246926636e-02	8.672340434739070347e-02
1.446493293882929493e+03	2.233413696523454117e-01	1.322492718472797479e-01	2.756206592140586498e-01	1.676096410122037972e-01	8.017637193998249090e-02	3.421139960845656636e-02	8.679128672565956937e-02
1.448912178989757422e+03	2.230833230750707830e-01	1.320948673384367278e-01	2.757866709150054163e-01	1.677153720044263774e-01	8.022024737587740706e-02	3.424054263977589774e-02	8.685897665139362400e-02
1.451331064096585123e+03	2.228260171163526093e-01	1.319409060008283063e-01	2.759521729679498270e-01	1.678208058795762903e-01	8.026400068029844459e-02	3.426962269025043278e-02	8.692647466473027440e-02
1.453749949203412370e+03	2.225694496464168115e-01	1.317873865599738792e-01	2.761171668943381285e-01	1.679259435215584018e-01	8.030763220951941950e-02	3.429863986372339718e-02	8.699378130445614699e-02
1.456168834310240300e+03	2.223136185416313415e-01	1.316343077450687904e-01	2.762816542111187212e-01	1.680307858113949393e-01	8.035114231870776891e-02	3.432759426405662673e-02	8.706089710800807291e-02
1.458587719417068001e+03	2.220585216844885024e-01	1.314816682889736188e-01	2.764456364307553149e-01	1.681353336272370380e-01	8.039453136192839522e-02	3.435648599512914486e-02	8.712782261147425378e-02
1.461006604523895703e+03	2.218041569635871013e-01	1.313294669282036309e-01	2.766091150612411953e-01	1.682395878443757875e-01	8.043779969214752412e-02	3.438531516083578182e-02	8.719455834959530249e-02
1.463425489630723177e+03	2.215505222736147972e-01	1.311777024029180394e-01	2.767720916061123249e-01	1.683435493352536116e-01	8.048094766123645161e-02	3.441408186508571748e-02	8.726110485576531184e-02
1.465844374737550879e+03	2.212976155153303093e-01	1.310263734569096228e-01	2.769345675644612204e-01	1.684472189694753985e-01	8.052397561997544362e-02	3.444278621180114908e-02	8.732746266203311736e-02
1.468263259844378354e+03	2.210454345955460143e-01	1.308754788375939837e-01	2.770965444309501091e-01	1.685505976138194639e-01	8.056688391805738592e-02	3.447142830491586180e-02	8.739363229910343533e-02
1.470682144951206283e+03	2.207939774271101552e-01	1.307250172959991130e-01	2.772580236958247513e-01	1.686536861322486536e-01	8.060967290409162822e-02	3.450000824837387570e-02	8.745961429633808404e-02
1.473101030058033530e+03	2.205432419288894663e-01	1.305749875867549259e-01	2.774190068449276514e-01	1.687564853859212510e-01	8.065234292560771734e-02	3.452852614612807874e-02	8.752540918175723272e-02
1.475519915164861459e+03	2.202932260257516039e-01	1.304253884680827702e-01	2.775794953597112147e-01	1.688589962332019967e-01	8.069489432905908866e-02	3.455698210213888760e-02	8.759101748204072002e-02
1.477938800271689161e+03	2.200439276485479101e-01	1.302762187017850737e-01	2.777394907172515137e-01	1.689612195296728292e-01	8.073732745982685477e-02	3.458537622037288067e-02	8.765643972252931682e-02
1.480357685378516862e+03	2.197953447340958988e-01	1.301274770532347969e-01	2.778989943902610005e-01	1.690631561281436268e-01	8.077964266222339984e-02	3.461370860480147277e-02	8.772167642722607239e-02
1.482776570485344337e+03	2.195474752251620754e-01	1.299791622913653022e-01	2.780580078471023286e-01	1.691648068786631154e-01	8.082184027949614047e-02	3.464197935939960366e-02	8.778672811879772997e-02
