1.301360187473271253e+03	2.359386098541112753e-01	1.506887576189926137e-01	2.612095963811860710e-01	1.615282646948562328e-01	7.660064617233772188e-02	3.177968246355111076e-02	8.225444281485638776e-02
1.306197957686926657e+03	2.353464287867625959e-01	1.502935166028077640e-01	2.615951132782894928e-01	1.617887810530935222e-01	7.671163114062004573e-02	3.184696149121530456e-02	8.241756764710268801e-02
1.311035727900581833e+03	2.347576396146110467e-01	1.499004630239199054e-01	2.619783155604102909e-01	1.620478104196081681e-01	7.682202188403725041e-02	3.191396639033793753e-02	8.257978310696670321e-02
1.315873498114237009e+03	2.341722230480827172e-01	1.495095845824495062e-01	2.623592179236119426e-01	1.623053611961053910e-01	7.693182132105069737e-02	3.198069799192634205e-02	8.274109393666470580e-02
1.320711268327892412e+03	2.335901599061299960e-01	1.491208690494753020e-01	2.627378349600387741e-01	1.625614417379663279e-01	7.704103235893136614e-02	3.204715712771274982e-02	8.290150485963680704e-02
1.325549038541547588e+03	2.330114311156339379e-01	1.487343042666045001e-01	2.631141811587801582e-01	1.628160603545026897e-01	7.714965789376306005e-02	3.211334463010253465e-02	8.306102058050442161e-02
1.330386808755202765e+03	2.324360177108095449e-01	1.483498781455458715e-01	2.634882709067259410e-01	1.630692253092094202e-01	7.725770081044651405e-02	3.217926133212326012e-02	8.321964578503074361e-02
1.335224578968857941e+03	2.318639008326143225e-01	1.479675786676854787e-01	2.638601184894135976e-01	1.633209448200151070e-01	7.736516398270398831e-02	3.224490806737445592e-02	8.337738514008433133e-02
1.340062349182513572e+03	2.312950617281598620e-01	1.475873938836655686e-01	2.642297380918667837e-01	1.635712270595306439e-01	7.747205027308469438e-02	3.231028566997821289e-02	8.353424329360549516e-02
1.344900119396168748e+03	2.307294817501266138e-01	1.472093119129658789e-01	2.645971437994263931e-01	1.638200801552955055e-01	7.757836253297074880e-02	3.237539497453048587e-02	8.369022487457561388e-02
1.349737889609823924e+03	2.301671423561815200e-01	1.468333209434881381e-01	2.649623495985728994e-01	1.640675121900225242e-01	7.768410360258379277e-02	3.244023681605315984e-02	8.384533449298918473e-02
1.354575659823479100e+03	2.296080251083991164e-01	1.464594092311428120e-01	2.653253693777409272e-01	1.643135312018406125e-01	7.778927631099226414e-02	3.250481202994684460e-02	8.399957673982853812e-02
1.359413430037134731e+03	2.290521116726852158e-01	1.460875650994389596e-01	2.656862169281263286e-01	1.645581451845355980e-01	7.789388347611927998e-02	3.256912145194440500e-02	8.415295618704128622e-02
1.364251200250789907e+03	2.284993838182040327e-01	1.457177769390765876e-01	2.660449059444844333e-01	1.648013620877893382e-01	7.799792790475100490e-02	3.263316591806519201e-02	8.430547738752028342e-02
1.369088970464445310e+03	2.279498234168081394e-01	1.453500332075419454e-01	2.664014500259216933e-01	1.650431898174171963e-01	7.810141239254576873e-02	3.269694626456998848e-02	8.445714487508611257e-02
1.373926740678100487e+03	2.274034124424713088e-01	1.449843224287050425e-01	2.667558626766786678e-01	1.652836362356036315e-01	7.820433972404358669e-02	3.276046332791664184e-02	8.460796316447191656e-02
1.378764510891755890e+03	2.268601329707247150e-01	1.446206331924202171e-01	2.671081573069059578e-01	1.655227091611362888e-01	7.830671267267634572e-02	3.282371794471639764e-02	8.475793675131081117e-02
1.383602281105411066e+03	2.263199671780957711e-01	1.442589541541292320e-01	2.674583472334326473e-01	1.657604163696383692e-01	7.840853400077846258e-02	3.288671095169089925e-02	8.490707011212535182e-02
1.388440051319066470e+03	2.257828973415501039e-01	1.438992740344668120e-01	2.678064456805268057e-01	1.659967655937994446e-01	7.850980645959811099e-02	3.294944318562988833e-02	8.505536770431951221e-02
1.393277821532721646e+03	2.252489058379365250e-01	1.435415816188689297e-01	2.681524657806492740e-01	1.662317645236047747e-01	7.861053278930893451e-02	3.301191548334950904e-02	8.520283396617267524e-02
1.398115591746377049e+03	2.247179751434346118e-01	1.431858657571836169e-01	2.684964205751998456e-01	1.664654208065630414e-01	7.871071571902228670e-02	3.307412868165131997e-02	8.534947331683591376e-02
1.402953361960032225e+03	2.241900878330057578e-01	1.428321153632843010e-01	2.688383230152558423e-01	1.666977420479325844e-01	7.881035796679994321e-02	3.313608361728193064e-02	8.549529015633022810e-02
1.407791132173687402e+03	2.236652265798466932e-01	1.424803194146856411e-01	2.691781859623044726e-01	1.669287358109462494e-01	7.890946223966729955e-02	3.319778112689327626e-02	8.564028886554692077e-02
1.412628902387342805e+03	2.231433741548460303e-01	1.421304669521619712e-01	2.695160221889673635e-01	1.671584096170346811e-01	7.900803123362705460e-02	3.325922204700348939e-02	8.578447380624991403e-02
1.417466672600997981e+03	2.226245134260436964e-01	1.417825470793681319e-01	2.698518443797183752e-01	1.673867709460484243e-01	7.910606763367340755e-02	3.332040721395847227e-02	8.592784932107999651e-02
1.422304442814653157e+03	2.221086273580933079e-01	1.414365489624627714e-01	2.701856651315944213e-01	1.676138272364784410e-01	7.920357411380656021e-02	3.338133746389398970e-02	8.607041973356097109e-02
1.427142213028308333e+03	2.215956990117273206e-01	1.410924618297341726e-01	2.705174969548997388e-01	1.678395858856753242e-01	7.930055333704778830e-02	3.344201363269842797e-02	8.621218934810764845e-02
1.431979983241963964e+03	2.210857115432250108e-01	1.407502749712285783e-01	2.708473522739029415e-01	1.680640542500673462e-01	7.939700795545490131e-02	3.350243655597609505e-02	8.635316245003557545e-02
1.436817753455619140e+03	2.205786482038833429e-01	1.404099777383805980e-01	2.711752434275275792e-01	1.682872396453769792e-01	7.949294061013816026e-02	3.356260706901117302e-02	8.649334330557258144e-02
1.441655523669274316e+03	2.200744923394905850e-01	1.400715595436464733e-01	2.715011826700363673e-01	1.685091493468363066e-01	7.958835393127648705e-02	3.362252600673221875e-02	8.663273616187197601e-02
1.446493293882929493e+03	2.195732273898027276e-01	1.397350098601393698e-01	2.718251821717083128e-01	1.687297905894011019e-01	7.968325053813429815e-02	3.368219420367721956e-02	8.677134524702737051e-02
1.451331064096585123e+03	2.190748368880227614e-01	1.394003182212671110e-01	2.721472540195099543e-01	1.689491705679636024e-01	7.977763303907847714e-02	3.374161249395925266e-02	8.690917477008916481e-02
1.456168834310240300e+03	2.185793044602826751e-01	1.390674742203724390e-01	2.724674102177596646e-01	1.691672964375642574e-01	7.987150403159595791e-02	3.380078171123267194e-02	8.704622892108261623e-02
1.461006604523895703e+03	2.180866138251282838e-01	1.387364675103753553e-01	2.727856626887858460e-01	1.693841753136020867e-01	7.996486610231151593e-02	3.385970268865984983e-02	8.718251187102736555e-02
1.465844374737550879e+03	2.175967487930065836e-01	1.384072878034178777e-01	2.731020232735789088e-01	1.695998142720439583e-01	8.005772182700604533e-02	3.391837625887848123e-02	8.731802777195844800e-02
1.470682144951206283e+03	2.171096932657561318e-01	1.380799248705111837e-01	2.734165037324368663e-01	1.698142203496326441e-01	8.015007377063516902e-02	3.397680325396943563e-02	8.745278075694885855e-02
1.475519915164861459e+03	2.166254312360999246e-01	1.377543685411848073e-01	2.737291157456051560e-01	1.700274005440938485e-01	8.024192448734814020e-02	3.403498450542506715e-02	8.758677494013342169e-02
1.480357685378516862e+03	2.161439467871411613e-01	1.374306087031382517e-01	2.740398709139096334e-01	1.702393618143419329e-01	8.033327652050717416e-02	3.409292084411814222e-02	8.772001441673406286e-02
1.485195455592172038e+03	2.156652240918615071e-01	1.371086353018949600e-01	2.743487807593844585e-01	1.704501110806846687e-01	8.042413240270711305e-02	3.415061310027121128e-02	8.785250326308639834e-02
1.490033225805827215e+03	2.151892474126222143e-01	1.367884383404581183e-01	2.746558567258935990e-01	1.706596552250267962e-01	8.051449465579535447e-02	3.420806210342653558e-02	8.798424553666769898e-02
1.494870996019482618e+03	2.147160011006677416e-01	1.364700078789691240e-01	2.749611101797463375e-01	1.708680010910725300e-01	8.060436579089215459e-02	3.426526868241645818e-02	8.811524527612596414e-02
1.499708766233137567e+03	2.142454695956321764e-01	1.361533340343679399e-01	2.752645524103070618e-01	1.710751554845270361e-01	8.069374830841125057e-02	3.432223366533435766e-02	8.824550650131042506e-02
1.504546536446793198e+03	2.137776374250482669e-01	1.358384069800556981e-01	2.755661946305996146e-01	1.712811251732967999e-01	8.078264469808080217e-02	3.437895787950601134e-02	8.837503321330308914e-02
1.509384306660448374e+03	2.133124892038590070e-01	1.355252169455595235e-01	2.758660479779052044e-01	1.714859168876888829e-01	8.087105743896456922e-02	3.443544215146149279e-02	8.850382939445151920e-02
1.514222076874103550e+03	2.128500096339319136e-01	1.352137542161994943e-01	2.761641235143555972e-01	1.716895373206094033e-01	8.095898899948353322e-02	3.449168730690750639e-02	8.863189900840266755e-02
1.519059847087758726e+03	2.123901835035757746e-01	1.349040091327576851e-01	2.764604322275202586e-01	1.718919931277605728e-01	8.104644183743760222e-02	3.454769417070023552e-02	8.875924600013795907e-02
1.523897617301414357e+03	2.119329956870602272e-01	1.345959720911493740e-01	2.767549850309876658e-01	1.720932909278370671e-01	8.113341840002780136e-02	3.460346356681859997e-02	8.888587429600927625e-02
1.528735387515069533e+03	2.114784311441376408e-01	1.342896335420962761e-01	2.770477927649419581e-01	1.722934373027212585e-01	8.121992112387858842e-02	3.465899631833803396e-02	8.901178780377613786e-02
1.533573157728724709e+03	2.110264749195678580e-01	1.339849839908018869e-01	2.773388661967335356e-01	1.724924387976776163e-01	8.130595243506058556e-02	3.471429324740465949e-02	8.913699041264375178e-02
1.538410927942380113e+03	2.105771121426451009e-01	1.336820139966289067e-01	2.776282160214446071e-01	1.726903019215457191e-01	8.139151474911342221e-02	3.476935517520994556e-02	8.926148599330213651e-02
1.543248698156035516e+03	2.101303280267278473e-01	1.333807141727788304e-01	2.779158528624494084e-01	1.728870331469327670e-01	8.147661047106896648e-02	3.482418292196579751e-02	8.938527839796615859e-02
1.548086468369690692e+03	2.096861078687709545e-01	1.330810751859733687e-01	2.782017872719692031e-01	1.730826389104048735e-01	8.156124199547475084e-02	3.487877730688004885e-02	8.950837146041655534e-02
1.552924238583346096e+03	2.092444370488603100e-01	1.327830877561379519e-01	2.784860297316221756e-01	1.732771256126774684e-01	8.164541170641766155e-02	3.493313914813243881e-02	8.963076899604174863e-02
1.557762008797001272e+03	2.088053010297500622e-01	1.324867426560874251e-01	2.787685906529680513e-01	1.734704996188046466e-01	8.172912197754785002e-02	3.498726926285097155e-02	8.975247480188068561e-02
1.562599779010656675e+03	2.083686853564024055e-01	1.321920307112134652e-01	2.790494803780479427e-01	1.736627672583678506e-01	8.181237517210290799e-02	3.504116846708869165e-02	8.987349265666638720e-02
1.567437549224311852e+03	2.079345756555296409e-01	1.318989427991741903e-01	2.793287091799188659e-01	1.738539348256633033e-01	8.189517364293226465e-02	3.509483757580091068e-02	8.999382632087037093e-02
1.572275319437967255e+03	2.075029576351389571e-01	1.316074698495855178e-01	2.796062872631838170e-01	1.740440085798886649e-01	8.197751973252183355e-02	3.514827740282278068e-02	9.011347953674793410e-02
1.577113089651622431e+03	2.070738170840792924e-01	1.313176028437148812e-01	2.798822247645160743e-01	1.742329947453288841e-01	8.205941577301884005e-02	3.520148876084731870e-02	9.023245602838413093e-02
1.581950859865277607e+03	2.066471398715911401e-01	1.310293328141762526e-01	2.801565317531798383e-01	1.744208995115409111e-01	8.214086408625688451e-02	3.525447246140379909e-02	9.035075950174056847e-02
1.586788630078933011e+03	2.062229119468583227e-01	1.307426508446277724e-01	2.804292182315449300e-01	1.746077290335376897e-01	8.222186698378126934e-02	3.530722931483656901e-02	9.046839364470282696e-02
1.591626400292587959e+03	2.058011193385624049e-01	1.304575480694707967e-01	2.807002941355976611e-01	1.747934894319711774e-01	8.230242676687442305e-02	3.535976013028421100e-02	9.058536212712871294e-02
1.596464170506243590e+03	2.053817481544395473e-01	1.301740156735509968e-01	2.809697693354465398e-01	1.749781867933144497e-01	8.238254572658158803e-02	3.541206571565906625e-02	9.070166860089717842e-02
1.601301940719898766e+03	2.049647845808396096e-01	1.298920448918614579e-01	2.812376536358233703e-01	1.751618271700430551e-01	8.246222614373678594e-02	3.546414687762723672e-02	9.081731669995782297e-02
1.606139710933553943e+03	2.045502148822876676e-01	1.296116270092474709e-01	2.815039567765801332e-01	1.753444165808153155e-01	8.254147028898881078e-02	3.551600442158883014e-02	9.093231004038110354e-02
1.610977481147209119e+03	2.041380254010480566e-01	1.293327533601132118e-01	2.817686884331807584e-01	1.755259610106518764e-01	8.262028042282752727e-02	3.556763915165865597e-02	9.104665222040916883e-02
1.615815251360864750e+03	2.037282025566905241e-01	1.290554153281304739e-01	2.820318582171889021e-01	1.757064664111144259e-01	8.269865879561033584e-02	3.561905187064722672e-02	9.116034682050729032e-02
1.620653021574519926e+03	2.033207328456589635e-01	1.287796043459489281e-01	2.822934756767511155e-01	1.758859387004833574e-01	8.277660764758877632e-02	3.567024338004218947e-02	9.127339740341584851e-02
1.625490791788175102e+03	2.029156028408422852e-01	1.285053118949083528e-01	2.825535502970755175e-01	1.760643837639347953e-01	8.285412920893533983e-02	3.572121447998999333e-02	9.138580751420294357e-02
1.630328562001830505e+03	2.025127991911477299e-01	1.282325295047526403e-01	2.828120915009061931e-01	1.762418074537166757e-01	8.293122569977044722e-02	3.577196596927802869e-02	9.149758068031750569e-02
1.635166332215485909e+03	2.021123086210764308e-01	1.279612487533456633e-01	2.830691086489935393e-01	1.764182155893239679e-01	8.300789933018962174e-02	3.582249864531702327e-02	9.160872041164293267e-02
1.640004102429141085e+03	2.017141179303012788e-01	1.276914612663888338e-01	2.833246110405601148e-01	1.765936139576731179e-01	8.308415230029073117e-02	3.587281330412377817e-02	9.171923020055129661e-02
1.644841872642796488e+03	2.013182139932472303e-01	1.274231587171404945e-01	2.835786079137621041e-01	1.767680083132755764e-01	8.315998680020149358e-02	3.592291074030430631e-02	9.182911352195796684e-02
1.649679642856451665e+03	2.009245837586735584e-01	1.271563328261368919e-01	2.838311084461470624e-01	1.769414043784106605e-01	8.323540501010708026e-02	3.597279174703722077e-02	9.193837383337671865e-02
1.654517413070107068e+03	2.005332142492586567e-01	1.268909753609151758e-01	2.840821217551073308e-01	1.771138078432972218e-01	8.331040910027787127e-02	3.602245711605746303e-02	9.204701457497542483e-02
1.659355183283762244e+03	2.001440925611870925e-01	1.266270781357379249e-01	2.843316568983292880e-01	1.772852243662650096e-01	8.338500123109737761e-02	3.607190763764038521e-02	9.215503916963198316e-02
1.664192953497417420e+03	1.997572058637385739e-01	1.263646330113194494e-01	2.845797228742388274e-01	1.774556595739248677e-01	8.345918355309030201e-02	3.612114410058612363e-02	9.226245102299085454e-02
1.669030723711072824e+03	1.993725413988796380e-01	1.261036318945537860e-01	2.848263286224426705e-01	1.776251190613380715e-01	8.353295820695069707e-02	3.617016729220427773e-02	9.236925352351989249e-02
1.673868493924728000e+03	1.989900864808571146e-01	1.258440667382443590e-01	2.850714830241654618e-01	1.777936083921851373e-01	8.360632732357037300e-02	3.621897799829890130e-02	9.247545004256768619e-02
1.678706264138383403e+03	1.986098284957940330e-01	1.255859295408354170e-01	2.853151949026836998e-01	1.779611330989336604e-01	8.367929302406723613e-02	3.626757700315381278e-02	9.258104393442109781e-02
1.683544034352038352e+03	1.982317549012877489e-01	1.253292123461451080e-01	2.855574730237552816e-01	1.781276986830052644e-01	8.375185741981396037e-02	3.631596508951814850e-02	9.268603853636341039e-02
1.688381804565693983e+03	1.978558532260101255e-01	1.250739072431000520e-01	2.857983260960451077e-01	1.782933106149420244e-01	8.382402261246667263e-02	3.636414303859229757e-02	9.279043716873262848e-02
1.693219574779349159e+03	1.974821110693098791e-01	1.248200063654718167e-01	2.860377627715474658e-01	1.784579743345716951e-01	8.389579069399376310e-02	3.641211163001405182e-02	9.289424313498020891e-02
1.698057344993004335e+03	1.971105161008172846e-01	1.245675018916148485e-01	2.862757916460040852e-01	1.786216952511726352e-01	8.396716374670484817e-02	3.645987164184506107e-02	9.299745972173006914e-02
1.702895115206659511e+03	1.967410560600507674e-01	1.243163860442061119e-01	2.865124212593190278e-01	1.787844787436374816e-01	8.403814384327981668e-02	3.650742385055761458e-02	9.310009019883801196e-02
1.707732885420315142e+03	1.963737187560258557e-01	1.240666510899862823e-01	2.867476600959693034e-01	1.789463301606364354e-01	8.410873304679800100e-02	3.655476903102161668e-02	9.320213781945127507e-02
1.712570655633970318e+03	1.960084920668661856e-01	1.238182893395026185e-01	2.869815165854126549e-01	1.791072548207794102e-01	8.417893341076745917e-02	3.660190795649193030e-02	9.330360582006852477e-02
1.717408425847625494e+03	1.956453639394165611e-01	1.235712931468533060e-01	2.872139991024909023e-01	1.792672580127776527e-01	8.424874697915432642e-02	3.664884139859591466e-02	9.340449742060004390e-02
1.722246196061280898e+03	1.952843223888581781e-01	1.233256549094335353e-01	2.874451159678306222e-01	1.794263449956046141e-01	8.431817578641231936e-02	3.669557012732128226e-02	9.350481582442819739e-02
1.727083966274936301e+03	1.949253554983259584e-01	1.230813670676830091e-01	2.876748754482393866e-01	1.795845209986557112e-01	8.438722185751229565e-02	3.674209491100418473e-02	9.360456421846816144e-02
1.731921736488591478e+03	1.945684514185280212e-01	1.228384221048350877e-01	2.879032857570994475e-01	1.797417912219078373e-01	8.445588720797192472e-02	3.678841651631759024e-02	9.370374577322884702e-02
1.736759506702246881e+03	1.942135983673670407e-01	1.225968125466674330e-01	2.881303550547572589e-01	1.798981608360775974e-01	8.452417384388541399e-02	3.683453570825989676e-02	9.380236364287405926e-02
1.741597276915902057e+03	1.938607846295639092e-01	1.223565309612542756e-01	2.883560914489101679e-01	1.800536349827791816e-01	8.459208376195340162e-02	3.688045325014379511e-02	9.390042096528392057e-02
1.746435047129557461e+03	1.935099985562832581e-01	1.221175699587200708e-01	2.885805029949893297e-01	1.802082187746812392e-01	8.465961894951284927e-02	3.692616990358540963e-02	9.399792086211647413e-02
1.751272817343212637e+03	1.931612285647611726e-01	1.218799221909947911e-01	2.888035976965394602e-01	1.803619172956631433e-01	8.472678138456705976e-02	3.697168642849362613e-02	9.409486643886942614e-02
1.756110587556867813e+03	1.928144631379347940e-01	1.216435803515706765e-01	2.890253835055951459e-01	1.805147356009703385e-01	8.479357303581579186e-02	3.701700358305975297e-02	9.419126078494213794e-02
1.760948357770523216e+03	1.924696908240740578e-01	1.214085371752604697e-01	2.892458683230544891e-01	1.806666787173690780e-01	8.485999586268536121e-02	3.706212212374733472e-02	9.428710697369777072e-02
1.765786127984178393e+03	1.921269002364155154e-01	1.211747854379571637e-01	2.894650599990487017e-01	1.808177516433004950e-01	8.492605181535894943e-02	3.710704280528225041e-02	9.438240806252552739e-02
1.770623898197833569e+03	1.917860800527978193e-01	1.209423179563951928e-01	2.896829663333088667e-01	1.809679593490336191e-01	8.499174283480681602e-02	3.715176638064305453e-02	9.447716709290318593e-02
1.775461668411488745e+03	1.914472190152997355e-01	1.207111275879131085e-01	2.898995950755298145e-01	1.811173067768179767e-01	8.505707085281678792e-02	3.719629360105147775e-02	9.457138709045964653e-02
1.780299438625144376e+03	1.911103059298795148e-01	1.204812072302176990e-01	2.901149539257305565e-01	1.812657988410353027e-01	8.512203779202459630e-02	3.724062521596323977e-02	9.466507106503761759e-02
1.785137208838799552e+03	1.907753296660168463e-01	1.202525498211495930e-01	2.903290505346114991e-01	1.814134404283504753e-01	8.518664556594442161e-02	3.728476197305904960e-02	9.475822201075653761e-02
1.789974979052454728e+03	1.904422791563563644e-01	1.200251483384502382e-01	2.905418925039091049e-01	1.815602363978619238e-01	8.525089607899945243e-02	3.732870461823579317e-02	9.485084290607545543e-02
1.794812749266109904e+03	1.901111433963531272e-01	1.197989957995303500e-01	2.907534873867471670e-01	1.817061915812509809e-01	8.531479122655245828e-02	3.737245389559804010e-02	9.494293671385620192e-02
1.799650519479765535e+03	1.897819114439203148e-01	1.195740852612397070e-01	2.909638426879848638e-01	1.818513107829308195e-01	8.537833289493650113e-02	3.741601054744961297e-02	9.503450638142643681e-02
1.804488289693420711e+03	1.894545724190785929e-01	1.193504098196384727e-01	2.911729658645625385e-01	1.819955987801945008e-01	8.544152296148566084e-02	3.745937531428551043e-02	9.512555484064298683e-02
1.809326059907075887e+03	1.891291155036074756e-01	1.191279626097698080e-01	2.913808643258436470e-01	1.821390603233624117e-01	8.550436329456571893e-02	3.750254893478395524e-02	9.521608500795512853e-02
1.814163830120731291e+03	1.888055299406986853e-01	1.189067368054339408e-01	2.915875454339548756e-01	1.822817001359287870e-01	8.556685575360507834e-02	3.754553214579867820e-02	9.530609978446802355e-02
1.819001600334386467e+03	1.884838050346112348e-01	1.186867256189634984e-01	2.917930165041224821e-01	1.824235229147077308e-01	8.562900218912554429e-02	3.758832568235141031e-02	9.539560205600612630e-02
1.823839370548041643e+03	1.881639301503286177e-01	1.184679223010004223e-01	2.919972848050059744e-01	1.825645333299783513e-01	8.569080444277328568e-02	3.763093027762455522e-02	9.548459469317679971e-02
1.828677140761696819e+03	1.878458947132176926e-01	1.182503201402740206e-01	2.922003575590293445e-01	1.827047360256294217e-01	8.575226434734969927e-02	3.767334666295406309e-02	9.557308055143379222e-02
1.833514910975352450e+03	1.875296882086895101e-01	1.180339124633804221e-01	2.924022419427090846e-01	1.828441356193030998e-01	8.581338372684241267e-02	3.771557556782251242e-02	9.566106247114093686e-02
1.838352681189008081e+03	1.872153001818620544e-01	1.178186926345635432e-01	2.926029450869799819e-01	1.829827367025379237e-01	8.587416439645631505e-02	3.775761771985238630e-02	9.574854327763572537e-02
1.843190451402663257e+03	1.869027202372248175e-01	1.176046540554971515e-01	2.928024740775174717e-01	1.831205438409113651e-01	8.593460816264454627e-02	3.779947384479950823e-02	9.583552578129306276e-02
1.848028221616318433e+03	1.865919380383051218e-01	1.173917901650683437e-01	2.930008359550577701e-01	1.832575615741814379e-01	8.599471682313963861e-02	3.784114466654669995e-02	9.592201277758888311e-02
1.852865991829973609e+03	1.862829433073363294e-01	1.171800944391624411e-01	2.931980377157152873e-01	1.833937944164277800e-01	8.605449216698454751e-02	3.788263090709759195e-02	9.600800704716391798e-02
1.857703762043628785e+03	1.859757258249280509e-01	1.169695603904490483e-01	2.933940863112972086e-01	1.835292468561917356e-01	8.611393597456380722e-02	3.792393328657064910e-02	9.609351135588738158e-02
1.862541532257283961e+03	1.856702754297377689e-01	1.167601815681694605e-01	2.935889886496156342e-01	1.836639233566162710e-01	8.617305001763464478e-02	3.796505252319335583e-02	9.617852845492072533e-02
1.867379302470939592e+03	1.853665820181447099e-01	1.165519515579253318e-01	2.937827515947970536e-01	1.837978283555846692e-01	8.623183605935820506e-02	3.800598933329656093e-02	9.626306108078129531e-02
1.872217072684594768e+03	1.850646355439252155e-01	1.163448639814687324e-01	2.939753819675892665e-01	1.839309662658588640e-01	8.629029585433063698e-02	3.804674443130903055e-02	9.634711195540607287e-02
1.877054842898249490e+03	1.847644260179300280e-01	1.161389124964932879e-01	2.941668865456656956e-01	1.840633414752168573e-01	8.634843114861441571e-02	3.808731852975213994e-02	9.643068378621537373e-02
1.881892613111905121e+03	1.844659435077632970e-01	1.159340907964267753e-01	2.943572720639272000e-01	1.841949583465898321e-01	8.640624367976945663e-02	3.812771233923479414e-02	9.651377926617647762e-02
1.886730383325560297e+03	1.841691781374633075e-01	1.157303926102248443e-01	2.945465452148014474e-01	1.843258212181980160e-01	8.646373517688440979e-02	3.816792656844839732e-02	9.659640107386729957e-02
1.891568153539215928e+03	1.838741200871852055e-01	1.155278117021660833e-01	2.947347126485399538e-01	1.844559344036864890e-01	8.652090736060787102e-02	3.820796192416214127e-02	9.667855187353992241e-02
1.896405923752871104e+03	1.835807595928851677e-01	1.153263418716482108e-01	2.949217809735122375e-01	1.845853021922598258e-01	8.657776194317964857e-02	3.824781911121832856e-02	9.676023431518421258e-02
1.901243693966526507e+03	1.832890869460064853e-01	1.151259769529855426e-01	2.951077567564980852e-01	1.847139288488162945e-01	8.663430062846198820e-02	3.828749883252792474e-02	9.684145103459132486e-02
1.906081464180181683e+03	1.829990924931673146e-01	1.149267108152077638e-01	2.952926465229769315e-01	1.848418186140813602e-01	8.669052511197083977e-02	3.832700178906621458e-02	9.692220465341715163e-02
1.910919234393836859e+03	1.827107666358502303e-01	1.147285373618597837e-01	2.954764567574154621e-01	1.849689757047404959e-01	8.674643708090720717e-02	3.836632867986868034e-02	9.700249777924571659e-02
1.915757004607492036e+03	1.824240998300933059e-01	1.145314505308028530e-01	2.956591939035521643e-01	1.850954043135714100e-01	8.680203821418827626e-02	3.840548020202699114e-02	9.708233300565256851e-02
1.920594774821147894e+03	1.821390825861832485e-01	1.143354442940169580e-01	2.958408643646800451e-01	1.852211086095753856e-01	8.685733018247876469e-02	3.844445705068514491e-02	9.716171291226800844e-02
1.925432545034802843e+03	1.818557054683496987e-01	1.141405126574042417e-01	2.960214745039270179e-01	1.853460927381082590e-01	8.691231464822220254e-02	3.848325991903574911e-02	9.724064006484034461e-02
1.930270315248458019e+03	1.815739590944618342e-01	1.139466496605937157e-01	2.962010306445337915e-01	1.854703608210105104e-01	8.696699326567211563e-02	3.852188949831648196e-02	9.731911701529903647e-02
1.935108085462113195e+03	1.812938341357261951e-01	1.137538493767472070e-01	2.963795390701295385e-01	1.855939169567368541e-01	8.702136768092334773e-02	3.856034647780668539e-02	9.739714630181768584e-02
1.939945855675768371e+03	1.810153213163862296e-01	1.135621059123662208e-01	2.965570060250055651e-01	1.857167652204850250e-01	8.707543953194328556e-02	3.859863154482407605e-02	9.747473044887709770e-02
1.944783625889424002e+03	1.807384114134236996e-01	1.133714134071003160e-01	2.967334377143865387e-01	1.858389096643240090e-01	8.712921044860309772e-02	3.863674538472162967e-02	9.755187196732814647e-02
1.949621396103079178e+03	1.804630952562616686e-01	1.131817660335563275e-01	2.969088403046996616e-01	1.859603543173217466e-01	8.718268205270894577e-02	3.867468868088457662e-02	9.762857335445453144e-02
1.954459166316734354e+03	1.801893637264690429e-01	1.129931579971088923e-01	2.970832199238414018e-01	1.860811031856718367e-01	8.723585595803320936e-02	3.871246211472755688e-02	9.770483709403551820e-02
1.959296936530389530e+03	1.799172077574667516e-01	1.128055835357120729e-01	2.972565826614425033e-01	1.862011602528199916e-01	8.728873377034571113e-02	3.875006636569189311e-02	9.778066565640852748e-02
1.964134706744044706e+03	1.796466183342356471e-01	1.126190369197121038e-01	2.974289345691305542e-01	1.863205294795895473e-01	8.734131708744485856e-02	3.878750211124302322e-02	9.785606149853165459e-02
1.968972476957700337e+03	1.793775864930259034e-01	1.124335124516612633e-01	2.976002816607906665e-01	1.864392148043066688e-01	8.739360749918885507e-02	3.882477002686798156e-02	9.793102706404602231e-02
1.973810247171355968e+03	1.791101033210681648e-01	1.122490044661328817e-01	2.977706299128237699e-01	1.865572201429243904e-01	8.744560658752680016e-02	3.886187078607315770e-02	9.800556478333811994e-02
1.978648017385010689e+03	1.788441599562862194e-01	1.120655073295374060e-01	2.979399852644031288e-01	1.866745493891467100e-01	8.749731592652990053e-02	3.889880506038202734e-02	9.807967707360190635e-02
1.983485787598666320e+03	1.785797475870111173e-01	1.118830154399396148e-01	2.981083536177286386e-01	1.867912064145514639e-01	8.754873708242248698e-02	3.893557351933309152e-02	9.815336633890088536e-02
1.988323557812321269e+03	1.783168574516971749e-01	1.117015232268769170e-01	2.982757408382792352e-01	1.869071950687128392e-01	8.759987161361314223e-02	3.897217683047794756e-02	9.822663497023007007e-02
1.993161328025976900e+03	1.780554808386393406e-01	1.115210251511787043e-01	2.984421527550630837e-01	1.870225191793232211e-01	8.765072107072575947e-02	3.900861565937940867e-02	9.829948534557775286e-02
1.997999098239632076e+03	1.777956090856920857e-01	1.113415157047868281e-01	2.986075951608662127e-01	1.871371825523144850e-01	8.770128699663060079e-02	3.904489066960983162e-02	9.837191982998716444e-02
2.002836868453287707e+03	1.775372335799901002e-01	1.111629894105770899e-01	2.987720738124985953e-01	1.872511889719785383e-01	8.775157092647524470e-02	3.908100252274951392e-02	9.844394077561807732e-02
2.007674638666942428e+03	1.772803457576702935e-01	1.109854408221818273e-01	2.989355944310386759e-01	1.873645422010873363e-01	8.780157438771561684e-02	3.911695187838519494e-02	9.851555052180814565e-02
2.012512408880597604e+03	1.770249371035953201e-01	1.108088645238136660e-01	2.990981627020759537e-01	1.874772459810122305e-01	8.785129890014695131e-02	3.915273939410870291e-02	9.858675139513424501e-02
2.017350179094252780e+03	1.767709991510789391e-01	1.106332551300900913e-01	2.992597842759512905e-01	1.875893040318427907e-01	8.790074597593462713e-02	3.918836572551571279e-02	9.865754570947357638e-02
2.022187949307908411e+03	1.765185234816125104e-01	1.104586072858592810e-01	2.994204647679961084e-01	1.877007200525047381e-01	8.794991711964514347e-02	3.922383152620458752e-02	9.872793576606468668e-02
2.027025719521564042e+03	1.762675017245932951e-01	1.102849156660268143e-01	2.995802097587685897e-01	1.878114977208777681e-01	8.799881382827690057e-02	3.925913744777536490e-02	9.879792385356826745e-02
2.031863489735218764e+03	1.760179255570540890e-01	1.101121749753835449e-01	2.997390247942891550e-01	1.879216406939123452e-01	8.804743759129106395e-02	3.929428413982880702e-02	9.886751224812791172e-02
2.036701259948874394e+03	1.757697867033946038e-01	1.099403799484344191e-01	2.998969153862733328e-01	1.880311526077459716e-01	8.809578989064234533e-02	3.932927224996559529e-02	9.893670321343066287e-02
2.041539030162529116e+03	1.755230769351139031e-01	1.097695253492283474e-01	3.000538870123629076e-01	1.881400370778190390e-01	8.814387220080972807e-02	3.936410242378563656e-02	9.900549900076735521e-02
2.046376800376184747e+03	1.752777880705447822e-01	1.095996059711890208e-01	3.002099451163557919e-01	1.882482976989898193e-01	8.819168598882710930e-02	3.939877530488741786e-02	9.907390184909292685e-02
2.051214570589840150e+03	1.750339119745893124e-01	1.094306166369468508e-01	3.003650951084334553e-01	1.883559380456491239e-01	8.823923271431409476e-02	3.943329153486752753e-02	9.914191398508646891e-02
2.056052340803495554e+03	1.747914405584560238e-01	1.092625521981717834e-01	3.005193423653870211e-01	1.884629616718341005e-01	8.828651382950648829e-02	3.946765175332022507e-02	9.920953762321117753e-02
2.060890111017150957e+03	1.745503657793985031e-01	1.090954075354072100e-01	3.006726922308411432e-01	1.885693721113417543e-01	8.833353077928694785e-02	3.950185659783713582e-02	9.927677496577407001e-02
2.065727881230805451e+03	1.743106796404552961e-01	1.089291775579048077e-01	3.008251500154768276e-01	1.886751728778415516e-01	8.838028500121551667e-02	3.953590670400704277e-02	9.934362820298567320e-02
2.070565651444461309e+03	1.740723741901915866e-01	1.087638572034603512e-01	3.009767209972518676e-01	1.887803674649876640e-01	8.842677792556008498e-02	3.956980270541576167e-02	9.941009951301937875e-02
2.075403421658116713e+03	1.738354415224419580e-01	1.085994414382504963e-01	3.011274104216200564e-01	1.888849593465304622e-01	8.847301097532682401e-02	3.960354523364612717e-02	9.947619106207074291e-02
2.080241191871772116e+03	1.735998737760548472e-01	1.084359252566705761e-01	3.012772235017482925e-01	1.889889519764276216e-01	8.851898556629066162e-02	3.963713491827805524e-02	9.954190500441656431e-02
2.085078962085427065e+03	1.733656631346382204e-01	1.082733036811733968e-01	3.014261654187324058e-01	1.890923487889545063e-01	8.856470310702553583e-02	3.967057238688869586e-02	9.960724348247383675e-02
2.089916732299082469e+03	1.731328018263067758e-01	1.081115717621087824e-01	3.015742413218110984e-01	1.891951531988139978e-01	8.861016499893474563e-02	3.970385826505268972e-02	9.967220862685852167e-02
2.094754502512737417e+03	1.729012821234305886e-01	1.079507245775643137e-01	3.017214563285781082e-01	1.892973686012457690e-01	8.865537263628119058e-02	3.973699317634250133e-02	9.973680255644405690e-02
2.099592272726392821e+03	1.726710963423850886e-01	1.077907572332068992e-01	3.018678155251932615e-01	1.893989983721350301e-01	8.870032740621761058e-02	3.976997774232884919e-02	9.980102737841978211e-02
2.104430042940048224e+03	1.724422368433023434e-01	1.076316648621252064e-01	3.020133239665912517e-01	1.895000458681206090e-01	8.874503068881664514e-02	3.980281258258121235e-02	9.986488518834919781e-02
2.109267813153704083e+03	1.722146960298238660e-01	1.074734426246732322e-01	3.021579866766894162e-01	1.896005144267024489e-01	8.878948385710103142e-02	3.983549831466843411e-02	9.992837807022797447e-02
2.114105583367359031e+03	1.719884663488548959e-01	1.073160857083145653e-01	3.023018086485934619e-01	1.897004073663486889e-01	8.883368827707358029e-02	3.986803555415939504e-02	9.999150809654180905e-02
2.118943353581013525e+03	1.717635402903196218e-01	1.071595893274677469e-01	3.024447948448018009e-01	1.897997279866021902e-01	8.887764530774718008e-02	3.990042491462376245e-02	1.000542773283240733e-01
2.123781123794669384e+03	1.715399103869182651e-01	1.070039487233524073e-01	3.025869501974085551e-01	1.898984795681862014e-01	8.892135630117474487e-02	3.993266700763284383e-02	1.001166878152133649e-01
2.128618894008324787e+03	1.713175692138853012e-01	1.068491591638364574e-01	3.027282796083045624e-01	1.899966653731097188e-01	8.896482260247905172e-02	3.996476244276048889e-02	1.001787415955107535e-01
2.133456664221980191e+03	1.710965093887489019e-01	1.066952159432840164e-01	3.028687879493772717e-01	1.900942886447724578e-01	8.900804554988256401e-02	3.999671182758413046e-02	1.002404406962369154e-01
2.138294434435635139e+03	1.708767235710919596e-01	1.065421143824043931e-01	3.030084800627090291e-01	1.901913526080687422e-01	8.905102647473726873e-02	4.002851576768581138e-02	1.003017871331890742e-01
2.143132204649290543e+03	1.706582044623142225e-01	1.063898498281018318e-01	3.031473607607734766e-01	1.902878604694913656e-01	8.909376670155426392e-02	4.006017486665334332e-02	1.003627829109977054e-01
2.147969974862945492e+03	1.704409448053959275e-01	1.062384176533262281e-01	3.032854348266311728e-01	1.903838154172347030e-01	8.913626754803344321e-02	4.009168972608156273e-02	1.004234300231831162e-01
2.152807745076601350e+03	1.702249373846627389e-01	1.060878132569246651e-01	3.034227070141231608e-01	1.904792206212971573e-01	8.917853032509309719e-02	4.012306094557358677e-02	1.004837304522117614e-01
2.157645515290255844e+03	1.700101750255517408e-01	1.059380320634938782e-01	3.035591820480632030e-01	1.905740792335832157e-01	8.922055633689943144e-02	4.015428912274222190e-02	1.005436861695524070e-01
2.162483285503912157e+03	1.697966505943792059e-01	1.057890695232335254e-01	3.036948646244289063e-01	1.906683943880050081e-01	8.926234688089597358e-02	4.018537485321137248e-02	1.006032991357320994e-01
2.167321055717567106e+03	1.695843569981091703e-01	1.056409211118004288e-01	3.038297594105507926e-01	1.907621692005831704e-01	8.930390324783302192e-02	4.021631873061756041e-02	1.006625713003919537e-01
2.172158825931222509e+03	1.693732871841236720e-01	1.054935823301634962e-01	3.039638710453005377e-01	1.908554067695472367e-01	8.934522672179691372e-02	4.024712134661152796e-02	1.007215046023426930e-01
2.176996596144877003e+03	1.691634341399939345e-01	1.053470487044596837e-01	3.040972041392775993e-01	1.909481101754355592e-01	8.938631858023936283e-02	4.027778329085984765e-02	1.007801009696200067e-01
2.181834366358532861e+03	1.689547908932532427e-01	1.052013157858506798e-01	3.042297632749944025e-01	1.910402824811946176e-01	8.942718009400656143e-02	4.030830515104666389e-02	1.008383623195397705e-01
2.186672136572187810e+03	1.687473505111707073e-01	1.050563791503804911e-01	3.043615530070601927e-01	1.911319267322777737e-01	8.946781252736840662e-02	4.033868751287544158e-02	1.008962905587529602e-01
2.191509906785843214e+03	1.685411061005264166e-01	1.049122343988338202e-01	3.044925778623631674e-01	1.912230459567436924e-01	8.950821713804753277e-02	4.036893096007086040e-02	1.009538875833004556e-01
2.196347676999498617e+03	1.683360508073879491e-01	1.047688771565953442e-01	3.046228423402521091e-01	1.913136431653539027e-01	8.954839517724828835e-02	4.039903607438066063e-02	1.010111552786676498e-01
2.201185447213154021e+03	1.681321778168880232e-01	1.046263030735097160e-01	3.047523509127158525e-01	1.914037213516702751e-01	8.958834788968568497e-02	4.042900343557764842e-02	1.010680955198387243e-01
2.206023217426809424e+03	1.679294803530033686e-01	1.044845078237425090e-01	3.048811080245616978e-01	1.914932834921514726e-01	8.962807651361420769e-02	4.045883362146170809e-02	1.011247101713509122e-01
2.210860987640464373e+03	1.677279516783350133e-01	1.043434871056418273e-01	3.050091180935926571e-01	1.915823325462493731e-01	8.966758228085669469e-02	4.048852720786192544e-02	1.011810010873483850e-01
2.215698757854119776e+03	1.675275850938895417e-01	1.042032366416009159e-01	3.051363855107830925e-01	1.916708714565046046e-01	8.970686641683300877e-02	4.051808476863869024e-02	1.012369701116360432e-01
2.220536528067775180e+03	1.673283739388616576e-01	1.040637521779213814e-01	3.052629146404533533e-01	1.917589031486417739e-01	8.974593014058868112e-02	4.054750687568592360e-02	1.012926190777330843e-01
2.225374298281430583e+03	1.671303115904182179e-01	1.039250294846773837e-01	3.053887098204429718e-01	1.918464305316641139e-01	8.978477466482351343e-02	4.057679409893336087e-02	1.013479498089263353e-01
2.230212068495085077e+03	1.669333914634829885e-01	1.037870643555804662e-01	3.055137753622825803e-01	1.919334564979476299e-01	8.982340119592005512e-02	4.060594700634882759e-02	1.014029641183233493e-01
2.235049838708740936e+03	1.667376070105231201e-01	1.036498526078453303e-01	3.056381155513644976e-01	1.920199839233347749e-01	8.986181093397206665e-02	4.063496616394066813e-02	1.014576638089054461e-01
2.239887608922396339e+03	1.665429517213364019e-01	1.035133900820562475e-01	3.057617346471124264e-01	1.921060156672275421e-01	8.990000507281285802e-02	4.066385213576013957e-02	1.015120506735803230e-01
2.244725379136052197e+03	1.663494191228399033e-01	1.033776726420343878e-01	3.058846368831493190e-01	1.921915545726801677e-01	8.993798480004359941e-02	4.069260548390390281e-02	1.015661264952346654e-01
2.249563149349706237e+03	1.661570027788598636e-01	1.032426961747058419e-01	3.060068264674645211e-01	1.922766034664912249e-01	8.997575129706153474e-02	4.072122676851656908e-02	1.016198930467864386e-01
2.254400919563362095e+03	1.659656962899225818e-01	1.031084565899703653e-01	3.061283075825794731e-01	1.923611651592952720e-01	9.001330573908808419e-02	4.074971654779327435e-02	1.016733520912369571e-01
2.259238689777017044e+03	1.657754932930465552e-01	1.029749498205710934e-01	3.062490843857121892e-01	1.924452424456540023e-01	9.005064929519696060e-02	4.077807537798232296e-02	1.017265053817228010e-01
2.264076459990672902e+03	1.655863874615358111e-01	1.028421718219647840e-01	3.063691610089407935e-01	1.925288381041470043e-01	9.008778312834210544e-02	4.080630381338789386e-02	1.017793546615675254e-01
