1.001418434226643626e+03	2.804746943259819880e-01	1.797909206201521448e-01	2.349935472216671539e-01	1.411621865614142712e-01	6.822465460624806133e-02	2.652628447256506761e-02	6.882771219186284428e-02
1.003837319333471214e+03	2.800500507331515343e-01	1.795126361874742615e-01	2.352984298963702869e-01	1.413395309506067510e-01	6.829828590135883504e-02	2.656522217255771409e-02	6.893584415837208934e-02
1.006256204440298802e+03	2.796266052664724833e-01	1.792351435210620403e-01	2.356024417578965469e-01	1.415163382243370127e-01	6.837170640623339846e-02	2.660408184435017129e-02	6.904368297953983324e-02
1.008675089547126618e+03	2.792043545376524105e-01	1.789584403663862233e-01	2.359055852844261780e-01	1.416926101049777453e-01	6.844491670380800641e-02	2.664286364252988273e-02	6.915122936011106058e-02
1.011093974653954206e+03	2.787832951680252469e-01	1.786825244753365016e-01	2.362078629470871771e-01	1.418683483084848818e-01	6.851791737562015761e-02	2.668156772130530693e-02	6.925848400403221417e-02
1.013512859760782021e+03	2.783634237885239671e-01	1.784073936062032240e-01	2.365092772099752494e-01	1.420435545444293235e-01	6.859070900180931629e-02	2.672019423450781861e-02	6.936544761444256302e-02
1.015931744867609382e+03	2.779447370396528338e-01	1.781330455236592170e-01	2.368098305301738482e-01	1.422182305160287208e-01	6.866329216111775879e-02	2.675874333559355445e-02	6.947212089366550103e-02
1.018350629974437197e+03	2.775272315714599203e-01	1.778594779987414942e-01	2.371095253577742146e-01	1.423923779201790030e-01	6.873566743089136455e-02	2.679721517764525537e-02	6.957850454320013700e-02
1.020769515081264785e+03	2.771109040435099091e-01	1.775866888088332707e-01	2.374083641358951946e-01	1.425659984474855202e-01	6.880783538708057367e-02	2.683560991337411231e-02	6.968459926371281532e-02
1.023188400188092373e+03	2.766957511248565038e-01	1.773146757376458382e-01	2.377063493007031125e-01	1.427390937822941297e-01	6.887979660424126127e-02	2.687392769512157026e-02	6.979040575502895583e-02
1.025607285294920075e+03	2.762817694940155611e-01	1.770434365752004691e-01	2.380034832814315326e-01	1.429116656027220322e-01	6.895155165553577825e-02	2.691216867486112552e-02	6.989592471612481039e-02
1.028026170401747549e+03	2.758689558389376684e-01	1.767729691178106799e-01	2.382997685004010768e-01	1.430837155806883310e-01	6.902310111273397830e-02	2.695033300420012976e-02	7.000115684511946934e-02
1.030445055508575479e+03	2.754573068569811101e-01	1.765032711680640520e-01	2.385952073730390199e-01	1.432552453819444793e-01	6.909444554621424484e-02	2.698842083438153516e-02	7.010610283926690944e-02
1.032863940615402726e+03	2.750468192548849999e-01	1.762343405348045233e-01	2.388898023078989408e-01	1.434262566661043681e-01	6.916558552496462897e-02	2.702643231628566386e-02	7.021076339494822238e-02
1.035282825722230655e+03	2.746374897487421918e-01	1.759661750331145691e-01	2.391835557066803175e-01	1.435967510866743846e-01	6.923652161658405690e-02	2.706436760043194265e-02	7.031513920766381542e-02
1.037701710829058356e+03	2.742293150639727450e-01	1.756987724842974108e-01	2.394764699642479011e-01	1.437667302910831946e-01	6.930725438728342624e-02	2.710222683698063073e-02	7.041923097202591741e-02
1.040120595935886058e+03	2.738222919352968354e-01	1.754321307158593080e-01	2.397685474686514218e-01	1.439361959207111630e-01	6.937778440188688278e-02	2.714001017573452329e-02	7.052303938175104314e-02
1.042539481042713533e+03	2.734164171067083315e-01	1.751662475614918779e-01	2.400597906011447125e-01	1.441051496109198304e-01	6.944811222383309723e-02	2.717771776614066534e-02	7.062656512965261035e-02
1.044958366149541234e+03	2.730116873314480941e-01	1.749011208610546098e-01	2.403502017362052490e-01	1.442735929910810289e-01	6.951823841517652813e-02	2.721534975729201361e-02	7.072980890763364004e-02
1.047377251256368709e+03	2.726080993719774415e-01	1.746367484605570730e-01	2.406397832415532734e-01	1.444415276846058027e-01	6.958816353658878184e-02	2.725290629792911576e-02	7.083277140667963712e-02
1.049796136363196410e+03	2.722056499999517265e-01	1.743731282121416537e-01	2.409285374781712508e-01	1.446089553089732471e-01	6.965788814735995871e-02	2.729038753644176529e-02	7.093545331685149891e-02
1.052215021470024112e+03	2.718043359961941352e-01	1.741102579740659295e-01	2.412164668003228263e-01	1.447758774757589573e-01	6.972741280540008246e-02	2.732779362087063221e-02	7.103785532727857621e-02
1.054633906576851814e+03	2.714041541506689859e-01	1.738481356106853781e-01	2.415035735555720597e-01	1.449422957906634779e-01	6.979673806724050189e-02	2.736512469890890059e-02	7.113997812615180383e-02
1.057052791683679516e+03	2.710051012624561384e-01	1.735867589924358911e-01	2.417898600848024937e-01	1.451082118535404475e-01	6.986586448803537575e-02	2.740238091790387492e-02	7.124182240071691430e-02
1.059471676790506763e+03	2.706071741397243491e-01	1.733261259958165379e-01	2.420753287222361105e-01	1.452736272584246591e-01	6.993479262156315768e-02	2.743956242485858302e-02	7.134338883726783209e-02
1.061890561897334692e+03	2.702103695997052912e-01	1.730662345033723570e-01	2.423599817954523172e-01	1.454385435935596771e-01	7.000352302022813666e-02	2.747666936643335805e-02	7.144467812114013716e-02
1.064309447004162394e+03	2.698146844686677426e-01	1.728070824036770370e-01	2.426438216254069580e-01	1.456029624414255930e-01	7.007205623506193581e-02	2.751370188894741720e-02	7.154569093670455626e-02
1.066728332110990095e+03	2.694201155818917726e-01	1.725486675913158185e-01	2.429268505264510214e-01	1.457668853787664198e-01	7.014039281572512219e-02	2.755066013838041242e-02	7.164642796736066244e-02
1.069147217217817570e+03	2.690266597836425966e-01	1.722909879668683697e-01	2.432090708063494866e-01	1.459303139766173207e-01	7.020853331050884438e-02	2.758754426037398830e-02	7.174688989553057450e-02
1.071566102324645271e+03	2.686343139271450964e-01	1.720340414368916881e-01	2.434904847663000860e-01	1.460932498003317259e-01	7.027647826633641459e-02	2.762435440023331204e-02	7.184707740265286469e-02
1.073984987431472746e+03	2.682430748745580074e-01	1.717778259139031150e-01	2.437710947009519569e-01	1.462556944096080891e-01	7.034422822876501558e-02	2.766109070292858269e-02	7.194699116917642467e-02
1.076403872538300675e+03	2.678529394969483279e-01	1.715223393163634313e-01	2.440509028984243489e-01	1.464176493585166439e-01	7.041178374198733825e-02	2.769775331309656460e-02	7.204663187455455364e-02
1.078822757645127922e+03	2.674639046742657289e-01	1.712675795686597890e-01	2.443299116403251647e-01	1.465791161955259936e-01	7.047914534883327475e-02	2.773434237504205507e-02	7.214600019723910185e-02
1.081241642751955851e+03	2.670759672953175734e-01	1.710135446010889182e-01	2.446081232017695006e-01	1.467400964635293958e-01	7.054631359077173647e-02	2.777085803273939002e-02	7.224509681467464195e-02
1.083660527858783553e+03	2.666891242577427157e-01	1.707602323498403629e-01	2.448855398513981318e-01	1.469005916998708805e-01	7.061328900791231933e-02	2.780730042983390465e-02	7.234392240329282076e-02
1.086079412965611255e+03	2.663033724679869652e-01	1.705076407569796060e-01	2.451621638513959145e-01	1.470606034363713677e-01	7.068007213900710795e-02	2.784366970964339411e-02	7.244247763850676647e-02
1.088498298072438729e+03	2.659187088412773292e-01	1.702557677704314154e-01	2.454379974575102430e-01	1.472201331993544249e-01	7.074666352145250747e-02	2.787996601515956713e-02	7.254076319470559309e-02
1.090917183179266431e+03	2.655351303015973108e-01	1.700046113439631079e-01	2.457130429190692578e-01	1.473791825096719965e-01	7.081306369129100609e-02	2.791618948904946856e-02	7.263877974524901582e-02
1.093336068286093905e+03	2.651526337816613732e-01	1.697541694371679510e-01	2.459873024790001084e-01	1.475377528827298002e-01	7.087927318321304848e-02	2.795234027365691917e-02	7.273652796246196650e-02
1.095754953392921607e+03	2.647712162228903487e-01	1.695044400154485376e-01	2.462607783738473277e-01	1.476958458285126952e-01	7.094529253055890938e-02	2.798841851100390341e-02	7.283400851762943107e-02
1.098173838499749309e+03	2.643908745753862366e-01	1.692554210500002987e-01	2.465334728337909564e-01	1.478534628516098570e-01	7.101112226532055316e-02	2.802442434279199535e-02	7.293122208099127313e-02
1.100592723606577010e+03	2.640116057979074449e-01	1.690071105177949895e-01	2.468053880826644175e-01	1.480106054512398128e-01	7.107676291814353509e-02	2.806035791040373262e-02	7.302816932173721021e-02
1.103011608713404712e+03	2.636334068578439216e-01	1.687595064015642576e-01	2.470765263379729737e-01	1.481672751212752270e-01	7.114221501832893035e-02	2.809621935490400069e-02	7.312485090800184551e-02
1.105430493820231959e+03	2.632562747311926188e-01	1.685126066897831565e-01	2.473468898109113800e-01	1.483234733502675762e-01	7.120747909383524921e-02	2.813200881704138942e-02	7.322126750685975516e-02
1.107849378927059888e+03	2.628802064025326235e-01	1.682664093766540470e-01	2.476164807063820916e-01	1.484792016214716848e-01	7.127255567128043534e-02	2.816772643724956005e-02	7.331741978432070039e-02
1.110268264033887590e+03	2.625051988650007884e-01	1.680209124620899164e-01	2.478853012230130548e-01	1.486344614128700392e-01	7.133744527594379492e-02	2.820337235564857742e-02	7.341330840532495072e-02
1.112687149140715292e+03	2.621312491202671402e-01	1.677761139516984190e-01	2.481533535531755541e-01	1.487892541971971294e-01	7.140214843176798110e-02	2.823894671204624576e-02	7.350893403373866264e-02
1.115106034247542766e+03	2.617583541785104551e-01	1.675320118567655558e-01	2.484206398830020868e-01	1.489435814419633186e-01	7.146666566136103405e-02	2.827444964593944093e-02	7.360429733234924443e-02
1.117524919354370468e+03	2.613865110583938334e-01	1.672886041942395485e-01	2.486871623924041264e-01	1.490974446094787687e-01	7.153099748599842100e-02	2.830988129651540453e-02	7.369939896286099856e-02
1.119943804461197942e+03	2.610157167870406636e-01	1.670458889867146302e-01	2.489529232550897198e-01	1.492508451568773375e-01	7.159514442562502079e-02	2.834524180265305879e-02	7.379423958589068078e-02
1.122362689568025871e+03	2.606459684000100308e-01	1.668038642624150580e-01	2.492179246385812785e-01	1.494037845361400330e-01	7.165910699885717772e-02	2.838053130292428339e-02	7.388881986096321186e-02
1.124781574674853118e+03	2.602772629412729577e-01	1.665625280551790710e-01	2.494821687042330649e-01	1.495562641941184379e-01	7.172288572298479714e-02	2.841574993559520951e-02	7.398314044650745880e-02
1.127200459781681047e+03	2.599095974631881467e-01	1.663218784044429022e-01	2.497456576072488443e-01	1.497082855725580530e-01	7.178648111397344100e-02	2.845089783862747926e-02	7.407720199985207143e-02
1.129619344888508749e+03	2.595429690264778877e-01	1.660819133552247917e-01	2.500083934966993437e-01	1.498598501081214451e-01	7.184989368646638175e-02	2.848597514967949815e-02	7.417100517722145792e-02
1.132038229995336451e+03	2.591773747002044104e-01	1.658426309581092217e-01	2.502703785155396821e-01	1.500109592324112562e-01	7.191312395378672562e-02	2.852098200610770837e-02	7.426455063373174625e-02
1.134457115102163925e+03	2.588128115617457370e-01	1.656040292692309013e-01	2.505316148006269117e-01	1.501616143719929908e-01	7.197617242793957759e-02	2.855591854496779616e-02	7.435783902338689855e-02
1.136876000208991627e+03	2.584492766967718680e-01	1.653661063502591400e-01	2.507921044827371992e-01	1.503118169484177480e-01	7.203903961961409530e-02	2.859078490301594083e-02	7.445087099907486683e-02
1.139294885315819101e+03	2.580867671992214674e-01	1.651288602683819440e-01	2.510518496865831728e-01	1.504615683782447588e-01	7.210172603818570947e-02	2.862558121671002903e-02	7.454364721256379056e-02
1.141713770422646803e+03	2.577252801712777153e-01	1.648922890962903898e-01	2.513108525308312413e-01	1.506108700730639793e-01	7.216423219171828884e-02	2.866030762221085867e-02	7.463616831449840228e-02
1.144132655529474505e+03	2.573648127233451599e-01	1.646563909121628866e-01	2.515691151281188032e-01	1.507597234395181562e-01	7.222655858696622189e-02	2.869496425538334630e-02	7.472843495439634998e-02
1.146551540636302207e+03	2.570053619740257922e-01	1.644211637996497166e-01	2.518266395850712325e-01	1.509081298793250592e-01	7.228870572937672045e-02	2.872955125179771363e-02	7.482044778064461665e-02
1.148970425743129908e+03	2.566469250500959531e-01	1.641866058478572143e-01	2.520834280023194207e-01	1.510560907892995464e-01	7.235067412309195700e-02	2.876406874673066022e-02	7.491220744049610636e-02
1.151389310849957155e+03	2.562894990864827416e-01	1.639527151513324177e-01	2.523394824745163190e-01	1.512036075613752972e-01	7.241246427095125726e-02	2.879851687516654310e-02	7.500371458006625802e-02
1.153808195956785084e+03	2.559330812262408106e-01	1.637194898100475526e-01	2.525948050903542019e-01	1.513506815826266838e-01	7.247407667449334845e-02	2.883289577179853902e-02	7.509496984432965927e-02
1.156227081063612786e+03	2.555776686205291082e-01	1.634869279293845179e-01	2.528493979325817098e-01	1.514973142352903090e-01	7.253551183395857971e-02	2.886720557102978590e-02	7.518597387711679902e-02
1.158645966170440488e+03	2.552232584285875627e-01	1.632550276201195361e-01	2.531032630780206127e-01	1.516435068967864896e-01	7.259677024829117031e-02	2.890144640697454165e-02	7.527672732111091725e-02
1.161064851277267962e+03	2.548698478177142679e-01	1.630237869984078047e-01	2.533564025975827971e-01	1.517892609397405446e-01	7.265785241514143011e-02	2.893561841345929780e-02	7.536723081784481304e-02
1.163483736384095664e+03	2.545174339632420568e-01	1.627932041857681200e-01	2.536088185562869191e-01	1.519345777320040003e-01	7.271875883086804937e-02	2.896972172402392798e-02	7.545748500769786093e-02
1.165902621490923138e+03	2.541660140485160202e-01	1.625632773090677219e-01	2.538605130132753351e-01	1.520794586366757684e-01	7.277948999054037471e-02	2.900375647192278070e-02	7.554749052989297164e-02
1.168321506597751068e+03	2.538155852648700805e-01	1.623340045005069177e-01	2.541114880218308114e-01	1.522239050121229620e-01	7.284004638794062958e-02	2.903772279012580698e-02	7.563724802249370549e-02
1.170740391704578315e+03	2.534661448116046767e-01	1.621053838976040384e-01	2.543617456293931212e-01	1.523679182120017961e-01	7.290042851556628734e-02	2.907162081131964282e-02	7.572675812240137194e-02
1.173159276811406244e+03	2.531176898959635602e-01	1.618774136431802568e-01	2.546112878775756982e-01	1.525114995852781818e-01	7.296063686463229170e-02	2.910545066790870897e-02	7.581602146535225406e-02
1.175578161918233945e+03	2.527702177331113131e-01	1.616500918853444602e-01	2.548601168021822350e-01	1.526546504762483769e-01	7.302067192507338822e-02	2.913921249201628649e-02	7.590503868591490233e-02
1.177997047025061647e+03	2.524237255461105889e-01	1.614234167774781237e-01	2.551082344332233909e-01	1.527973722245593580e-01	7.308053418554645575e-02	2.917290641548559577e-02	7.599381041748744237e-02
1.180415932131889122e+03	2.520782105658996852e-01	1.611973864782205446e-01	2.553556427949328911e-01	1.529396661652292488e-01	7.314022413343281015e-02	2.920653256988085117e-02	7.608233729229496589e-02
1.182834817238716823e+03	2.517336700312698961e-01	1.609719991514535209e-01	2.556023439057843460e-01	1.530815336286673323e-01	7.319974225484052188e-02	2.924009108648832969e-02	7.617061994138704661e-02
1.185253702345544298e+03	2.513901011888432513e-01	1.607472529662868355e-01	2.558483397785073499e-01	1.532229759406942282e-01	7.325908903460676136e-02	2.927358209631740482e-02	7.625865899463517283e-02
1.187672587452371999e+03	2.510475012930499794e-01	1.605231460970430180e-01	2.560936324201040226e-01	1.533639944225618224e-01	7.331826495630015816e-02	2.930700573010159779e-02	7.634645508073037434e-02
1.190091472559199701e+03	2.507058676061063029e-01	1.602996767232427455e-01	2.563382238318652750e-01	1.535045903909730836e-01	7.337727050222311864e-02	2.934036211829960453e-02	7.643400882718090483e-02
1.192510357666027403e+03	2.503651973979919565e-01	1.600768430295898270e-01	2.565821160093870179e-01	1.536447651581017704e-01	7.343610615341421288e-02	2.937365139109631915e-02	7.652132086030986879e-02
1.194929242772855105e+03	2.500254879464283153e-01	1.598546432059566869e-01	2.568253109425864822e-01	1.537845200316120542e-01	7.349477238965053394e-02	2.940687367840385050e-02	7.660839180525302883e-02
1.197348127879682352e+03	2.496867365368563019e-01	1.596330754473694324e-01	2.570678106157181508e-01	1.539238563146779204e-01	7.355326968945004318e-02	2.944002910986252483e-02	7.669522228595659907e-02
1.199767012986510281e+03	2.493489404624139316e-01	1.594121379539933381e-01	2.573096170073901345e-01	1.540627753060025695e-01	7.361159853007397114e-02	2.947311781484189541e-02	7.678181292517512191e-02
1.202185898093337983e+03	2.490120970239147469e-01	1.591918289311181345e-01	2.575507320905799924e-01	1.542012782998376519e-01	7.366975938752921838e-02	2.950613992244172437e-02	7.686816434446944180e-02
1.204604783200165684e+03	2.486762035298257234e-01	1.589721465891434926e-01	2.577911578326510522e-01	1.543393665860023634e-01	7.372775273657070083e-02	2.953909556149297844e-02	7.695427716420459585e-02
1.207023668306993159e+03	2.483412572962453713e-01	1.587530891435643132e-01	2.580308961953681202e-01	1.544770414499024580e-01	7.378557905070377843e-02	2.957198486055879344e-02	7.704015200354799586e-02
1.209442553413820860e+03	2.480072556468820300e-01	1.585346548149564605e-01	2.582699491349135790e-01	1.546143041725491774e-01	7.384323880218666980e-02	2.960480794793545964e-02	7.712578948046740213e-02
1.211861438520648335e+03	2.476741959130320803e-01	1.583168418289620794e-01	2.585083186019031531e-01	1.547511560305780964e-01	7.390073246203278379e-02	2.963756495165336194e-02	7.721119021172918873e-02
1.214280323627476264e+03	2.473420754335583505e-01	1.580996484162753013e-01	2.587460065414018962e-01	1.548875982962675812e-01	7.395806050001323129e-02	2.967025599947796174e-02	7.729635481289641452e-02
1.216699208734303511e+03	2.470108915548683559e-01	1.578830728126278671e-01	2.589830148929398446e-01	1.550236322375576070e-01	7.401522338465912898e-02	2.970288121891072330e-02	7.738128389832722720e-02
1.219118093841131440e+03	2.466806416308929550e-01	1.576671132587746382e-01	2.592193455905277832e-01	1.551592591180680214e-01	7.407222158326416672e-02	2.973544073719005740e-02	7.746597808117307304e-02
1.221536978947959142e+03	2.463513230230647277e-01	1.574517680004794695e-01	2.594550005626731215e-01	1.552944801971170574e-01	7.412905556188689737e-02	2.976793468129225809e-02	7.755043797337714262e-02
1.223955864054786844e+03	2.460229331002966036e-01	1.572370352885009148e-01	2.596899817323953807e-01	1.554292967297393191e-01	7.418572578535323481e-02	2.980036317793243600e-02	7.763466418567271932e-02
1.226374749161614318e+03	2.456954692389605177e-01	1.570229133785779052e-01	2.599242910172419041e-01	1.555637099667042667e-01	7.424223271725888251e-02	2.983272635356543079e-02	7.771865732758168055e-02
1.228793634268442020e+03	2.453689288228660947e-01	1.568094005314156492e-01	2.601579303293033996e-01	1.556977211545339523e-01	7.429857681997176222e-02	2.986502433438671320e-02	7.780241800741302671e-02
1.231212519375269494e+03	2.450433092432394711e-01	1.565964950126715327e-01	2.603909015752293721e-01	1.558313315355210338e-01	7.435475855463448414e-02	2.989725724633330445e-02	7.788594683226142401e-02
1.233631404482097196e+03	2.447186078987020064e-01	1.563841950929409086e-01	2.606232066562437777e-01	1.559645423477466208e-01	7.441077838116674781e-02	2.992942521508467832e-02	7.796924440800587219e-02
1.236050289588924898e+03	2.443948221952493005e-01	1.561724990477431352e-01	2.608548474681604556e-01	1.560973548250979559e-01	7.446663675826785400e-02	2.996152836606363543e-02	7.805231133930828902e-02
1.238469174695752372e+03	2.440719495462301269e-01	1.559614051575075044e-01	2.610858259013982829e-01	1.562297701972860386e-01	7.452233414341910556e-02	2.999356682443719488e-02	7.813514822961228901e-02
1.240888059802580301e+03	2.437499873723253663e-01	1.557509117075593363e-01	2.613161438409969395e-01	1.563617896898631121e-01	7.457787099288633315e-02	3.002554071511748593e-02	7.821775568114196220e-02
1.243306944909407548e+03	2.434289331015271896e-01	1.555410169881059901e-01	2.615458031666317851e-01	1.564934145242400931e-01	7.463324776172228225e-02	3.005745016276260839e-02	7.830013429490061128e-02
1.245725830016235477e+03	2.431087841691181028e-01	1.553317192942228753e-01	2.617748057526294025e-01	1.566246459177038364e-01	7.468846490376909730e-02	3.008929529177748960e-02	7.838228467066972460e-02
1.248144715123063179e+03	2.427895380176501861e-01	1.551230169258397407e-01	2.620031534679828078e-01	1.567554850834343982e-01	7.474352287166087516e-02	3.012107622631475870e-02	7.846420740700772722e-02
1.250563600229890881e+03	2.424711920969243595e-01	1.549149081877268241e-01	2.622308481763664934e-01	1.568859332305221621e-01	7.479842211682599662e-02	3.015279309027560015e-02	7.854590310124902330e-02
1.252982485336718355e+03	2.421537438639697337e-01	1.547073913894810027e-01	2.624578917361516384e-01	1.570159915639847414e-01	7.485316308948974928e-02	3.018444600731058636e-02	7.862737234950302467e-02
1.255401370443546057e+03	2.418371907830228762e-01	1.545004648455121088e-01	2.626842860004210967e-01	1.571456612847840217e-01	7.490774623867668680e-02	3.021603510082052080e-02	7.870861574665311000e-02
1.257820255550373531e+03	2.415215303255074109e-01	1.542941268750291917e-01	2.629100328169847733e-01	1.572749435898428139e-01	7.496217201221316850e-02	3.024756049395728799e-02	7.878963388635575049e-02
1.260239140657201460e+03	2.412067599700132847e-01	1.540883758020269445e-01	2.631351340283942797e-01	1.574038396720617294e-01	7.501644085672985740e-02	3.027902230962466190e-02	7.887042736103958007e-02
1.262658025764028707e+03	2.408928772022765619e-01	1.538832099552719379e-01	2.633595914719580322e-01	1.575323507203357787e-01	7.507055321766416267e-02	3.031042067047913860e-02	7.895099676190468763e-02
1.265076910870856636e+03	2.405798795151589120e-01	1.536786276682891028e-01	2.635834069797561852e-01	1.576604779195708295e-01	7.512450953926276542e-02	3.034175569893074464e-02	7.903134267892172882e-02
1.267495795977684338e+03	2.402677644086273490e-01	1.534746272793482413e-01	2.638065823786555075e-01	1.577882224507000386e-01	7.517831026458407506e-02	3.037302751714385587e-02	7.911146570083116281e-02
1.269914681084511813e+03	2.399565293897338580e-01	1.532712071314504543e-01	2.640291194903242045e-01	1.579155854907003387e-01	7.523195583550076893e-02	3.040423624703799538e-02	7.919136641514261388e-02
1.272333566191339514e+03	2.396461719725953288e-01	1.530683655723146519e-01	2.642510201312466833e-01	1.580425682126085363e-01	7.528544669270224865e-02	3.043538201028862800e-02	7.927104540813420530e-02
1.274752451298167216e+03	2.393366896783732656e-01	1.528661009543642035e-01	2.644722861127383196e-01	1.581691717855374935e-01	7.533878327569713818e-02	3.046646492832796524e-02	7.935050326485187933e-02
1.277171336404994690e+03	2.390280800352538870e-01	1.526644116347134761e-01	2.646929192409602782e-01	1.582953973746922538e-01	7.539196602281582338e-02	3.049748512234573897e-02	7.942974056910886982e-02
1.279590221511822392e+03	2.387203405784278365e-01	1.524632959751545114e-01	2.649129213169340025e-01	1.584212461413860018e-01	7.544499537121290844e-02	3.052844271328998549e-02	7.950875790348513328e-02
1.282009106618650094e+03	2.384134688500704480e-01	1.522627523421436480e-01	2.651322941365559238e-01	1.585467192430559114e-01	7.549787175686974161e-02	3.055933782186782618e-02	7.958755584932684923e-02
1.284427991725477568e+03	2.381074623993216788e-01	1.520627791067883094e-01	2.653510394906121728e-01	1.586718178332790496e-01	7.555059561459689932e-02	3.059017056854623079e-02	7.966613498674597615e-02
1.286846876832305497e+03	2.378023187822663198e-01	1.518633746448337929e-01	2.655691591647929006e-01	1.587965430617879481e-01	7.560316737803672582e-02	3.062094107355278413e-02	7.974449589461979349e-02
1.289265761939132744e+03	2.374980355619142336e-01	1.516645373366500293e-01	2.657866549397068789e-01	1.589208960744863119e-01	7.565558747966581732e-02	3.065164945687644943e-02	7.982263915059054082e-02
1.291684647045960673e+03	2.371946103081804536e-01	1.514662655672183167e-01	2.660035285908959879e-01	1.590448780134645634e-01	7.570785635079754772e-02	3.068229583826831419e-02	7.990056533106505710e-02
1.294103532152788375e+03	2.368920405978656996e-01	1.512685577261183578e-01	2.662197818888496492e-01	1.591684900170152461e-01	7.575997442158452500e-02	3.071288033724233965e-02	7.997827501121443361e-02
1.296522417259616077e+03	2.365903240146365882e-01	1.510714122075150490e-01	2.664354165990190926e-01	1.592917332196484015e-01	7.581194212102117247e-02	3.074340307307611014e-02	8.005576876497380590e-02
1.298941302366443551e+03	2.362894581490061208e-01	1.508748274101455178e-01	2.666504344818318994e-01	1.594146087521068345e-01	7.586375987694621292e-02	3.077386416481155823e-02	8.013304716504203451e-02
1.301360187473271253e+03	2.359894405983141985e-01	1.506788017373060229e-01	2.668648372927060475e-01	1.595371177413814623e-01	7.591542811604513885e-02	3.080426373125571410e-02	8.021011078288159402e-02
1.303779072580098727e+03	2.356902689667081940e-01	1.504833335968389918e-01	2.670786267820643434e-01	1.596592613107261360e-01	7.596694726385282148e-02	3.083460189098141679e-02	8.028696018871830931e-02
1.306197957686926657e+03	2.353919408651233558e-01	1.502884214011201980e-01	2.672918046953485782e-01	1.597810405796729061e-01	7.601831774475591164e-02	3.086487876232803934e-02	8.036359595154127233e-02
1.308616842793753904e+03	2.350944539112636844e-01	1.500940635670456325e-01	2.675043727730336829e-01	1.599024566640468992e-01	7.606953998199544875e-02	3.089509446340221732e-02	8.044001863910273109e-02
1.311035727900581833e+03	2.347978057295825038e-01	1.499002585160188195e-01	2.677163327506419388e-01	1.600235106759811399e-01	7.612061439766931725e-02	3.092524911207853930e-02	8.051622881791799247e-02
1.313454613007409534e+03	2.345019939512633378e-01	1.497070046739378824e-01	2.679276863587570223e-01	1.601442037239313998e-01	7.617154141273477230e-02	3.095534282600027540e-02	8.059222705326547775e-02
1.315873498114237009e+03	2.342070162142006196e-01	1.495143004711828594e-01	2.681384353230380491e-01	1.602645369126908803e-01	7.622232144701099332e-02	3.098537572258007466e-02	8.066801390918662551e-02
1.318292383221064711e+03	2.339128701629806517e-01	1.493221443426028250e-01	2.683485813642336182e-01	1.603845113434047842e-01	7.627295491918155423e-02	3.101534791900065202e-02	8.074358994848597482e-02
1.320711268327892412e+03	2.336195534488624548e-01	1.491305347275032334e-01	2.685581261981958012e-01	1.605041281135849429e-01	7.632344224679694922e-02	3.104525953221548562e-02	8.081895573273119304e-02
1.323130153434719887e+03	2.333270637297588657e-01	1.489394700696331786e-01	2.687670715358940199e-01	1.606233883171241661e-01	7.637378384627713235e-02	3.107511067894950380e-02	8.089411182225321462e-02
1.325549038541547588e+03	2.330353986702174696e-01	1.487489488171728491e-01	2.689754190834289238e-01	1.607422930443107023e-01	7.642398013291398784e-02	3.110490147569977548e-02	8.096905877614639369e-02
1.327967923648375290e+03	2.327445559414017262e-01	1.485589694227207602e-01	2.691831705420463239e-01	1.608608433818426164e-01	7.647403152087391132e-02	3.113463203873618329e-02	8.104379715226855962e-02
1.330386808755202765e+03	2.324545332210722071e-01	1.483695303432812640e-01	2.693903276081509590e-01	1.609790404128418895e-01	7.652393842320028006e-02	3.116430248410209311e-02	8.111832750724132235e-02
1.332805693862030694e+03	2.321653281935676938e-01	1.481806300402520871e-01	2.695968919733204294e-01	1.610968852168686016e-01	7.657370125181595100e-02	3.119391292761502718e-02	8.119265039645025273e-02
1.335224578968857941e+03	2.318769385497864155e-01	1.479922669794116463e-01	2.698028653243186858e-01	1.612143788699350599e-01	7.662332041752585587e-02	3.122346348486732676e-02	8.126676637404507686e-02
1.337643464075685870e+03	2.315893619871675635e-01	1.478044396309066699e-01	2.700082493431097408e-01	1.613315224445197593e-01	7.667279633001942984e-02	3.125295427122681130e-02	8.134067599294006468e-02
1.340062349182513572e+03	2.313025962096723898e-01	1.476171464692397906e-01	2.702130457068716018e-01	1.614483170095813158e-01	7.672212939787319275e-02	3.128238540183744809e-02	8.141437980481425196e-02
1.342481234289341273e+03	2.310166389277658328e-01	1.474303859732571387e-01	2.704172560880096499e-01	1.615647636305723445e-01	7.677132002855320547e-02	3.131175699161997672e-02	8.148787836011185670e-02
1.344900119396168748e+03	2.307314878583979489e-01	1.472441566261359081e-01	2.706208821541701837e-01	1.616808633694531705e-01	7.682036862841760960e-02	3.134106915527257176e-02	8.156117220804257051e-02
1.347319004502996449e+03	2.304471407249852888e-01	1.470584569153720877e-01	2.708239255682542979e-01	1.617966172847055961e-01	7.686927560271918092e-02	3.137032200727150194e-02	8.163426189658200272e-02
1.349737889609823924e+03	2.301635952573927169e-01	1.468732853327680832e-01	2.710263879884309834e-01	1.619120264313465285e-01	7.691804135560775801e-02	3.139951566187171306e-02	8.170714797247209671e-02
1.352156774716651853e+03	2.298808491919148711e-01	1.466886403744206424e-01	2.712282710681508946e-01	1.620270918609414967e-01	7.696666629013285132e-02	3.142865023310754957e-02	8.177983098122158789e-02
1.354575659823479100e+03	2.295989002712579830e-01	1.465045205407084217e-01	2.714295764561594493e-01	1.621418146216181966e-01	7.701515080824607173e-02	3.145772583479328199e-02	8.185231146710644778e-02
1.356994544930307029e+03	2.293177462445215031e-01	1.463209243362798839e-01	2.716303057965106516e-01	1.622561957580798131e-01	7.706349531080368409e-02	3.148674258052380770e-02	8.192458997317046687e-02
1.359413430037134731e+03	2.290373848671799772e-01	1.461378502700411697e-01	2.718304607285800256e-01	1.623702363116185099e-01	7.711170019756909133e-02	3.151570058367526156e-02	8.199666704122572647e-02
1.361832315143962205e+03	2.287578139010647549e-01	1.459552968551439123e-01	2.720300428870783271e-01	1.624839373201285853e-01	7.715976586721538799e-02	3.154459995740558492e-02	8.206854321185315382e-02
1.364251200250789907e+03	2.284790311143461150e-01	1.457732626089732197e-01	2.722290539020644773e-01	1.625972998181197116e-01	7.720769271732783046e-02	3.157344081465519869e-02	8.214021902440316047e-02
1.366670085357617609e+03	2.282010342815150583e-01	1.455917460531356289e-01	2.724274953989588299e-01	1.627103248367300359e-01	7.725548114440633496e-02	3.160222326814759314e-02	8.221169501699621129e-02
1.369088970464445310e+03	2.279238211833653771e-01	1.454107457134469206e-01	2.726253689985567163e-01	1.628230134037393362e-01	7.730313154386803109e-02	3.163094743038990381e-02	8.228297172652344893e-02
1.371507855571272785e+03	2.276473896069755865e-01	1.452302601199203791e-01	2.728226763170411573e-01	1.629353665435819276e-01	7.735064431004967656e-02	3.165961341367354992e-02	8.235404968864742936e-02
1.373926740678100487e+03	2.273717373456912161e-01	1.450502878067546908e-01	2.730194189659963522e-01	1.630473852773596521e-01	7.739801983621026615e-02	3.168822133007481723e-02	8.242492943780271863e-02
1.376345625784927961e+03	2.270968621991068248e-01	1.448708273123220924e-01	2.732155985524205022e-01	1.631590706228547294e-01	7.744525851453347431e-02	3.171677129145545476e-02	8.249561150719665614e-02
1.378764510891755890e+03	2.268227619730483757e-01	1.446918771791563529e-01	2.734112166787389664e-01	1.632704235945424964e-01	7.749236073613018083e-02	3.174526340946325076e-02	8.256609642881007627e-02
1.381183395998583137e+03	2.265494344795552784e-01	1.445134359539411717e-01	2.736062749428174179e-01	1.633814452036042308e-01	7.753932689104092724e-02	3.177369779553265022e-02	8.263638473339807167e-02
1.383602281105411066e+03	2.262768775368628194e-01	1.443355021874981325e-01	2.738007749379745004e-01	1.634921364579397518e-01	7.758615736823845643e-02	3.180207456088528922e-02	8.270647695049078429e-02
1.386021166212238768e+03	2.260050889693845932e-01	1.441580744347750187e-01	2.739947182529951508e-01	1.636024983621800211e-01	7.763285255563018294e-02	3.183039381653061939e-02	8.277637360839415481e-02
1.388440051319066470e+03	2.257340666076947389e-01	1.439811512548341554e-01	2.741881064721430894e-01	1.637125319176997440e-01	7.767941284006071867e-02	3.185865567326644915e-02	8.284607523419082464e-02
1.390858936425893944e+03	2.254638082885105921e-01	1.438047312108405584e-01	2.743809411751740868e-01	1.638222381226296931e-01	7.772583860731431538e-02	3.188686024167955435e-02	8.291558235374095476e-02
1.393277821532721646e+03	2.251943118546750611e-01	1.436288128700502209e-01	2.745732239373484540e-01	1.639316179718692257e-01	7.777213024211741821e-02	3.191500763214620562e-02	8.298489549168308610e-02
1.395696706639549120e+03	2.249255751551393345e-01	1.434533948037986784e-01	2.747649563294440878e-01	1.640406724570986630e-01	7.781828812814110818e-02	3.194309795483273734e-02	8.305401517143505552e-02
1.398115591746377049e+03	2.246575960449453402e-01	1.432784755874891847e-01	2.749561399177690713e-01	1.641494025667914747e-01	7.786431264800358631e-02	3.197113131969613747e-02	8.312294191519488396e-02
1.400534476853204296e+03	2.243903723852085086e-01	1.431040538005811658e-01	2.751467762641744974e-01	1.642578092862264916e-01	7.791020418327271324e-02	3.199910783648457491e-02	8.319167624394174787e-02
1.402953361960032225e+03	2.241239020431004536e-01	1.429301280265788676e-01	2.753368669260670143e-01	1.643658935975000623e-01	7.795596311446839621e-02	3.202702761473796150e-02	8.326021867743690907e-02
1.405372247066859927e+03	2.238581828918317640e-01	1.427566968530195601e-01	2.755264134564217038e-01	1.644736564795382661e-01	7.800158982106518424e-02	3.205489076378849334e-02	8.332856973422470004e-02
1.407791132173687402e+03	2.235932128106347949e-01	1.425837588714621851e-01	2.757154174037944605e-01	1.645810989081087639e-01	7.804708468149466893e-02	3.208269739276123356e-02	8.339672993163355086e-02
1.410210017280515103e+03	2.233289896847465705e-01	1.424113126774759763e-01	2.759038803123346484e-01	1.646882218558328725e-01	7.809244807314798253e-02	3.211044761057461894e-02	8.346469978577697457e-02
1.412628902387342805e+03	2.230655114053916588e-01	1.422393568706289413e-01	2.760918037217977017e-01	1.647950262921974440e-01	7.813768037237830977e-02	3.213814152594099416e-02	8.353247981155462187e-02
1.415047787494170507e+03	2.228027758697651572e-01	1.420678900544764811e-01	2.762791891675574485e-01	1.649015131835667725e-01	7.818278195450328871e-02	3.216577924736718774e-02	8.360007052265330807e-02
1.417466672600997981e+03	2.225407809810156790e-01	1.418969108365501219e-01	2.764660381806188783e-01	1.650076834931941960e-01	7.822775319380755044e-02	3.219336088315499084e-02	8.366747243154816494e-02
1.419885557707825683e+03	2.222795246482284770e-01	1.417264178283461074e-01	2.766523522876304098e-01	1.651135381812340597e-01	7.827259446354513373e-02	3.222088654140174008e-02	8.373468604950366767e-02
1.422304442814653157e+03	2.220190047864084582e-01	1.415564096453141574e-01	2.768381330108961591e-01	1.652190782047532336e-01	7.831730613594202473e-02	3.224835633000083107e-02	8.380171188657477288e-02
1.424723327921481086e+03	2.217592193164634740e-01	1.413868849068461719e-01	2.770233818683884852e-01	1.653243045177427428e-01	7.836188858219853004e-02	3.227577035664221106e-02	8.386855045160809818e-02
1.427142213028308333e+03	2.215001661651873344e-01	1.412178422362649899e-01	2.772081003737603133e-01	1.654292180711293692e-01	7.840634217249178861e-02	3.230312872881292013e-02	8.393520225224297693e-02
1.429561098135136262e+03	2.212418432652432654e-01	1.410492802608133978e-01	2.773922900363572364e-01	1.655338198127871141e-01	7.845066727597826972e-02	3.233043155379762557e-02	8.400166779491273494e-02
1.431979983241963964e+03	2.209842485551471725e-01	1.408811976116426667e-01	2.775759523612300605e-01	1.656381106875486342e-01	7.849486426079613222e-02	3.235767893867910749e-02	8.406794758484584240e-02
1.434398868348791666e+03	2.207273799792508762e-01	1.407135929238016447e-01	2.777590888491468513e-01	1.657420916372165931e-01	7.853893349406779190e-02	3.238487099033878630e-02	8.413404212606706567e-02
1.436817753455619140e+03	2.204712354877255698e-01	1.405464648362255986e-01	2.779417009966050900e-01	1.658457636005750968e-01	7.858287534190228074e-02	3.241200781545722220e-02	8.419995192139878570e-02
1.439236638562446842e+03	2.202158130365453326e-01	1.403798119917250842e-01	2.781237902958439423e-01	1.659491275134007127e-01	7.862669016939775879e-02	3.243908952051463568e-02	8.426567747246214990e-02
1.441655523669274316e+03	2.199611105874705874e-01	1.402136330369750106e-01	2.783053582348562482e-01	1.660521843084740157e-01	7.867037834064394275e-02	3.246611621179138624e-02	8.433121927967840437e-02
1.444074408776102018e+03	2.197071261080316140e-01	1.400479266225035935e-01	2.784864062974007903e-01	1.661549349155904964e-01	7.871394021872450686e-02	3.249308799536848591e-02	8.439657784227014292e-02
1.446493293882929493e+03	2.194538575715121453e-01	1.398826914026813917e-01	2.786669359630141174e-01	1.662573802615716911e-01	7.875737616571959476e-02	3.252000497712808497e-02	8.446175365826259773e-02
1.448912178989757422e+03	2.192013029569330196e-01	1.397179260357103436e-01	2.788469487070227570e-01	1.663595212702763393e-01	7.880068654270826201e-02	3.254686726275399233e-02	8.452674722448490219e-02
1.451331064096585123e+03	2.189494602490359432e-01	1.395536291836128873e-01	2.790264460005550395e-01	1.664613588626112917e-01	7.884387170977082138e-02	3.257367495773212662e-02	8.459155903657150644e-02
1.453749949203412370e+03	2.186983274382670039e-01	1.393897995122211075e-01	2.792054293105531437e-01	1.665628939565424738e-01	7.888693202599136867e-02	3.260042816735102961e-02	8.465618958896345414e-02
1.456168834310240300e+03	2.184479025207606839e-01	1.392264356911658285e-01	2.793839000997851429e-01	1.666641274671057105e-01	7.892986784946016965e-02	3.262712699670235195e-02	8.472063937490971475e-02
1.458587719417068001e+03	2.181981834983235946e-01	1.390635363938658997e-01	2.795618598268564403e-01	1.667650603064176063e-01	7.897267953727613032e-02	3.265377155068131115e-02	8.478490888646862678e-02
1.461006604523895703e+03	2.179491683784182954e-01	1.389011002975172326e-01	2.797393099462220922e-01	1.668656933836863698e-01	7.901536744554917002e-02	3.268036193398720507e-02	8.484899861450924397e-02
1.463425489630723177e+03	2.177008551741473064e-01	1.387391260830822259e-01	2.799162519081983547e-01	1.669660276052224168e-01	7.905793192940269165e-02	3.270689825112385596e-02	8.491290904871272305e-02
1.465844374737550879e+03	2.174532419042370379e-01	1.385776124352789684e-01	2.800926871589745071e-01	1.670660638744491666e-01	7.910037334297596867e-02	3.273338060640011010e-02	8.497664067757375317e-02
1.468263259844378354e+03	2.172063265930217202e-01	1.384165580425705810e-01	2.802686171406247873e-01	1.671658030919135896e-01	7.914269203942658759e-02	3.275980910393028883e-02	8.504019398840197141e-02
1.470682144951206283e+03	2.169601072704275824e-01	1.382559615971544476e-01	2.804440432911197156e-01	1.672652461552967540e-01	7.918488837093283494e-02	3.278618384763466731e-02	8.510356946732344774e-02
1.473101030058033530e+03	2.167145819719568656e-01	1.380958217949517508e-01	2.806189670443381967e-01	1.673643939594244845e-01	7.922696268869611202e-02	3.281250494123993944e-02	8.516676759928208662e-02
1.475519915164861459e+03	2.164697487386720298e-01	1.379361373355967590e-01	2.807933898300787878e-01	1.674632473962776591e-01	7.926891534294339126e-02	3.283877248827968276e-02	8.522978886804112586e-02
1.477938800271689161e+03	2.162256056171799334e-01	1.377769069224262510e-01	2.809673130740715785e-01	1.675618073550026454e-01	7.931074668292957541e-02	3.286498659209479561e-02	8.529263375618464926e-02
1.480357685378516862e+03	2.159821506596160401e-01	1.376181292624689967e-01	2.811407381979896813e-01	1.676600747219217924e-01	7.935245705693989848e-02	3.289114735583400367e-02	8.535530274511900217e-02
1.482776570485344337e+03	2.157393819236287369e-01	1.374598030664352655e-01	2.813136666194607782e-01	1.677580503805436440e-01	7.939404681229232652e-02	3.291725488245426240e-02	8.541779631507441517e-02
