1.001418434226643626e+03	2.799149978580210973e-01	1.803099214224449520e-01	2.351184666345618179e-01	1.410947036124124143e-01	6.821334111133192657e-02	2.653891444290151086e-02	6.880965491821608437e-02
1.002869765290740247e+03	2.796584115762210665e-01	1.801444668145833483e-01	2.353024693745537632e-01	1.412005122872943552e-01	6.825725634536254638e-02	2.656252375790033038e-02	6.887435984397441424e-02
1.004321096354836754e+03	2.794022633551203616e-01	1.799792918601354208e-01	2.354861590530346882e-01	1.413061267013989986e-01	6.830109513859816683e-02	2.658610553976929747e-02	6.893895835183290466e-02
1.005772427418933376e+03	2.791465524451348101e-01	1.798143960857695456e-01	2.356695362003282945e-01	1.414115472339478319e-01	6.834485762053918445e-02	2.660965981683465278e-02	6.900345059733553610e-02
1.007223758483029997e+03	2.788912780979693751e-01	1.796497790189554022e-01	2.358526013458596693e-01	1.415167742632934822e-01	6.838854392049349695e-02	2.663318661739018031e-02	6.906783673592817308e-02
1.008675089547126618e+03	2.786364395666162119e-01	1.794854401879626138e-01	2.360353550181568671e-01	1.416218081669224083e-01	6.843215416757660041e-02	2.665668596969733573e-02	6.913211692295768984e-02
1.010126420611223239e+03	2.783820361053522263e-01	1.793213791218593867e-01	2.362177977448524091e-01	1.417266493214575929e-01	6.847568849071171415e-02	2.668015790198536782e-02	6.919629131367110997e-02
1.011577751675319632e+03	2.781280669697367980e-01	1.791575953505110674e-01	2.363999300526847258e-01	1.418312981026611796e-01	6.851914701862978074e-02	2.670360244245143302e-02	6.926036006321478755e-02
1.013029082739416367e+03	2.778745314166096714e-01	1.789940884045790048e-01	2.365817524674998229e-01	1.419357548854373319e-01	6.856252987986967418e-02	2.672701961926072026e-02	6.932432332663350516e-02
1.014480413803512761e+03	2.776214287040889017e-01	1.788308578155189954e-01	2.367632655142526410e-01	1.420400200438348137e-01	6.860583720277818598e-02	2.675040946054657587e-02	6.938818125886973831e-02
1.015931744867609382e+03	2.773687580915680795e-01	1.786679031155799791e-01	2.369444697170086656e-01	1.421440939510495438e-01	6.864906911551020563e-02	2.677377199441061811e-02	6.945193401476273953e-02
1.017383075931706003e+03	2.771165188397146650e-01	1.785052238378028178e-01	2.371253655989453979e-01	1.422479769794275095e-01	6.869222574602876219e-02	2.679710724892285165e-02	6.951558174904777510e-02
1.018834406995802851e+03	2.768647102104676017e-01	1.783428195160188801e-01	2.373059536823539095e-01	1.423516695004672095e-01	6.873530722210519084e-02	2.682041525212179242e-02	6.957912461635527845e-02
1.020285738059899245e+03	2.766133314670348731e-01	1.781806896848486255e-01	2.374862344886401744e-01	1.424551718848223458e-01	6.877831367131916063e-02	2.684369603201457871e-02	6.964256277121011474e-02
1.021737069123995752e+03	2.763623818738916160e-01	1.780188338797003278e-01	2.376662085383269007e-01	1.425584845023044611e-01	6.882124522105879938e-02	2.686694961657709255e-02	6.970589636803069256e-02
1.023188400188092373e+03	2.761118606967776778e-01	1.778572516367688261e-01	2.378458763510546414e-01	1.426616077218855194e-01	6.886410199852084635e-02	2.689017603375406379e-02	6.976912556112828401e-02
1.024639731252188767e+03	2.758617672026957846e-01	1.776959424930340814e-01	2.380252384455835701e-01	1.427645419117005154e-01	6.890688413071073548e-02	2.691337531145919504e-02	6.983225050470610873e-02
1.026091062316285615e+03	2.756121006599086543e-01	1.775349059862598444e-01	2.382042953397948415e-01	1.428672874390500280e-01	6.894959174444263705e-02	2.693654747757527265e-02	6.989527135285869552e-02
1.027542393380382237e+03	2.753628603379376094e-01	1.773741416549924343e-01	2.383830475506921454e-01	1.429698446704028847e-01	6.899222496633967971e-02	2.695969255995427083e-02	6.995818825957103582e-02
1.028993724444478858e+03	2.751140455075598013e-01	1.772136490385592678e-01	2.385614955944031224e-01	1.430722139713986041e-01	6.903478392283399212e-02	2.698281058641747651e-02	7.002100137871783425e-02
1.030445055508575479e+03	2.748656554408062669e-01	1.770534276770676652e-01	2.387396399861809182e-01	1.431743957068500051e-01	6.907726874016684171e-02	2.700590158475558306e-02	7.008371086406277317e-02
1.031896386572671872e+03	2.746176894109597644e-01	1.768934771114035187e-01	2.389174812404056825e-01	1.432763902407457879e-01	6.911967954438874573e-02	2.702896558272881861e-02	7.014631686925776322e-02
1.033347717636768493e+03	2.743701466925525523e-01	1.767337968832298489e-01	2.390950198705859564e-01	1.433781979362529768e-01	6.916201646135959613e-02	2.705200260806703977e-02	7.020881954784219392e-02
1.034799048700865114e+03	2.741230265613640582e-01	1.765743865349856112e-01	2.392722563893601995e-01	1.434798191557195290e-01	6.920427961674872896e-02	2.707501268846984957e-02	7.027121905324218432e-02
1.036250379764961508e+03	2.738763282944189914e-01	1.764152456098843913e-01	2.394491913084982604e-01	1.435812542606767772e-01	6.924646913603516030e-02	2.709799585160670155e-02	7.033351553876991680e-02
1.037701710829058356e+03	2.736300511699849558e-01	1.762563736519129620e-01	2.396258251389029592e-01	1.436825036118418997e-01	6.928858514450758621e-02	2.712095212511700035e-02	7.039570915762283221e-02
1.039153041893154750e+03	2.733841944675704516e-01	1.760977702058300898e-01	2.398021583906113363e-01	1.437835675691204740e-01	6.933062776726456322e-02	2.714388153661022665e-02	7.045780006288301922e-02
1.040604372957251599e+03	2.731387574679226549e-01	1.759394348171652578e-01	2.399781915727962622e-01	1.438844464916089194e-01	6.937259712921464705e-02	2.716678411366601001e-02	7.051978840751640942e-02
1.042055704021347992e+03	2.728937394530252525e-01	1.757813670322172228e-01	2.401539251937679365e-01	1.439851407375969394e-01	6.941449335507650364e-02	2.718965988383426416e-02	7.058167434437213894e-02
1.043507035085444613e+03	2.726491397060960553e-01	1.756235663980528772e-01	2.403293597609751919e-01	1.440856506645700474e-01	6.945631656937902021e-02	2.721250887463527723e-02	7.064345802618181291e-02
1.044958366149541234e+03	2.724049575115853883e-01	1.754660324625057499e-01	2.405044957810071882e-01	1.441859766292118150e-01	6.949806689646144398e-02	2.723533111355981237e-02	7.070513960555889488e-02
1.046409697213637855e+03	2.721611921551734814e-01	1.753087647741749244e-01	2.406793337595946047e-01	1.442861189874066197e-01	6.953974446047352098e-02	2.725812662806921874e-02	7.076671923499790184e-02
1.047861028277734476e+03	2.719178429237685823e-01	1.751517628824235673e-01	2.408538742016113621e-01	1.443860780942417543e-01	6.958134938537566261e-02	2.728089544559552174e-02	7.082819706687387695e-02
1.049312359341831097e+03	2.716749091055046805e-01	1.749950263373777071e-01	2.410281176110757873e-01	1.444858543040100085e-01	6.962288179493898721e-02	2.730363759354152708e-02	7.088957325344162619e-02
1.050763690405927491e+03	2.714323899897394532e-01	1.748385546899250131e-01	2.412020644911523348e-01	1.445854479702120554e-01	6.966434181274554216e-02	2.732635309928092490e-02	7.095084794683505225e-02
1.052215021470024112e+03	2.711902848670521005e-01	1.746823474917133523e-01	2.413757153441528913e-01	1.446848594455587556e-01	6.970572956218841487e-02	2.734904199015838686e-02	7.101202129906654392e-02
1.053666352534120733e+03	2.709485930292411249e-01	1.745264042951496508e-01	2.415490706715381908e-01	1.447840890819735715e-01	6.974704516647187158e-02	2.737170429348965983e-02	7.107309346202633771e-02
1.055117683598217127e+03	2.707073137693226106e-01	1.743707246533984789e-01	2.417221309739194246e-01	1.448831372305949827e-01	6.978828874861145448e-02	2.739434003656167002e-02	7.113406458748183780e-02
1.056569014662313975e+03	2.704664463815275033e-01	1.742153081203808851e-01	2.418948967510594628e-01	1.449820042417788446e-01	6.982946043143420378e-02	2.741694924663262006e-02	7.119493482707697773e-02
1.058020345726410369e+03	2.702259901612999449e-01	1.740601542507730359e-01	2.420673685018744636e-01	1.450806904651006091e-01	6.987056033757872708e-02	2.743953195093207231e-02	7.125570433233160972e-02
1.059471676790506763e+03	2.699859444052951640e-01	1.739052626000050228e-01	2.422395467244352063e-01	1.451791962493578503e-01	6.991158858949536592e-02	2.746208817666105986e-02	7.131637325464088017e-02
1.060923007854603611e+03	2.697463084113769782e-01	1.737506327242593906e-01	2.424114319159685893e-01	1.452775219425724018e-01	6.995254530944639004e-02	2.748461795099217675e-02	7.137694174527461910e-02
1.062374338918700232e+03	2.695070814786161284e-01	1.735962641804700834e-01	2.425830245728590739e-01	1.453756678919928547e-01	6.999343061950602518e-02	2.750712130106966816e-02	7.143740995537670169e-02
1.063825669982796853e+03	2.692682629072880585e-01	1.734421565263211118e-01	2.427543251906500166e-01	1.454736344440966667e-01	7.003424464156071672e-02	2.752959825400952062e-02	7.149777803596447934e-02
1.065277001046893474e+03	2.690298519988706394e-01	1.732883093202452207e-01	2.429253342640451396e-01	1.455714219445926605e-01	7.007498749730922682e-02	2.755204883689956613e-02	7.155804613792815516e-02
1.066728332110990095e+03	2.687918480560422263e-01	1.731347221214226961e-01	2.430960522869100027e-01	1.456690307384231609e-01	7.011565930826277326e-02	2.757447307679956536e-02	7.161821441203018723e-02
1.068179663175086489e+03	2.685542503826796601e-01	1.729813944897800049e-01	2.432664797522733902e-01	1.457664611697663259e-01	7.015626019574519590e-02	2.759687100074130484e-02	7.167828300890469184e-02
1.069630994239183110e+03	2.683170582838561025e-01	1.728283259859886289e-01	2.434366171523286992e-01	1.458637135820384789e-01	7.019679028089313710e-02	2.761924263572868021e-02	7.173825207905691614e-02
1.071082325303279504e+03	2.680802710658388155e-01	1.726755161714637332e-01	2.436064649784354108e-01	1.459607883178962173e-01	7.023724968465612506e-02	2.764158800873778993e-02	7.179812177286259978e-02
1.072533656367376352e+03	2.678438880360872743e-01	1.725229646083629997e-01	2.437760237211204495e-01	1.460576857192388001e-01	7.027763852779676801e-02	2.766390714671702195e-02	7.185789224056743363e-02
1.073984987431472746e+03	2.676079085032510019e-01	1.723706708595852122e-01	2.439452938700796825e-01	1.461544061272102846e-01	7.031795693089093469e-02	2.768620007658714743e-02	7.191756363228651860e-02
1.075436318495569594e+03	2.673723317771675712e-01	1.722186344887691734e-01	2.441142759141791962e-01	1.462509498822018583e-01	7.035820501432783758e-02	2.770846682524140403e-02	7.197713609800372725e-02
1.076887649559666215e+03	2.671371571688604951e-01	1.720668550602924007e-01	2.442829703414568510e-01	1.463473173238539482e-01	7.039838289831024110e-02	2.773070741954558605e-02	7.203660978757123190e-02
1.078338980623762609e+03	2.669023839905372841e-01	1.719153321392697664e-01	2.444513776391235571e-01	1.464435087910585243e-01	7.043849070285462810e-02	2.775292188633813120e-02	7.209598485070892182e-02
1.079790311687859230e+03	2.666680115555871144e-01	1.717640652915523591e-01	2.446194982935647466e-01	1.465395246219612646e-01	7.047852854779131093e-02	2.777511025243019696e-02	7.215526143700387585e-02
1.081241642751955851e+03	2.664340391785790518e-01	1.716130540837262630e-01	2.447873327903416774e-01	1.466353651539636926e-01	7.051849655276466733e-02	2.779727254460576114e-02	7.221443969590980727e-02
1.082692973816052472e+03	2.662004661752598311e-01	1.714622980831111976e-01	2.449548816141930707e-01	1.467310307237254252e-01	7.055839483723319594e-02	2.781940878962169822e-02	7.227351977674655037e-02
1.084144304880149093e+03	2.659672918625519134e-01	1.713117968577593797e-01	2.451221452490362218e-01	1.468265216671663931e-01	7.059822352046976612e-02	2.784151901420786265e-02	7.233250182869951916e-02
1.085595635944245487e+03	2.657345155585514318e-01	1.711615499764542470e-01	2.452891241779685538e-01	1.469218383194688393e-01	7.063798272156172897e-02	2.786360324506717556e-02	7.239138600081919395e-02
1.087046967008342108e+03	2.655021365825260826e-01	1.710115570087091530e-01	2.454558188832689503e-01	1.470169810150796230e-01	7.067767255941111160e-02	2.788566150887570108e-02	7.245017244202060780e-02
1.088498298072438729e+03	2.652701542549131819e-01	1.708618175247662574e-01	2.456222298463991704e-01	1.471119500877123287e-01	7.071729315273475591e-02	2.790769383228273656e-02	7.250886130108284700e-02
1.089949629136535123e+03	2.650385678973175008e-01	1.707123310955951934e-01	2.457883575480052096e-01	1.472067458703494036e-01	7.075684462006451292e-02	2.792970024191088890e-02	7.256745272664850976e-02
1.091400960200631971e+03	2.648073768325094890e-01	1.705630972928919575e-01	2.459542024679187422e-01	1.473013686952442669e-01	7.079632707974736761e-02	2.795168076435615781e-02	7.262594686722328996e-02
1.092852291264728365e+03	2.645765803844230546e-01	1.704141156890774389e-01	2.461197650851584262e-01	1.473958188939233638e-01	7.083574064994561936e-02	2.797363542618801560e-02	7.268434387117538031e-02
1.094303622328825213e+03	2.643461778781534544e-01	1.702653858572964751e-01	2.462850458779313190e-01	1.474900967971884413e-01	7.087508544863711790e-02	2.799556425394949047e-02	7.274264388673504222e-02
1.095754953392921607e+03	2.641161686399554620e-01	1.701169073714164648e-01	2.464500453236342092e-01	1.475842027351185193e-01	7.091436159361531877e-02	2.801746727415723240e-02	7.280084706199412004e-02
1.097206284457018228e+03	2.638865519972413143e-01	1.699686798060262016e-01	2.466147638988551161e-01	1.476781370370719992e-01	7.095356920248951926e-02	2.803934451330161032e-02	7.285895354490556919e-02
1.098657615521114849e+03	2.636573272785788236e-01	1.698207027364345700e-01	2.467792020793744823e-01	1.477719000316888021e-01	7.099270839268499722e-02	2.806119599784677801e-02	7.291696348328295663e-02
1.100108946585211470e+03	2.634284938136889909e-01	1.696729757386694071e-01	2.469433603401666455e-01	1.478654920468923661e-01	7.103177928144323305e-02	2.808302175423075045e-02	7.297487702480000282e-02
1.101560277649308091e+03	2.632000509334444516e-01	1.695254983894763090e-01	2.471072391554012815e-01	1.479589134098918124e-01	7.107078198582204853e-02	2.810482180886548359e-02	7.303269431699015157e-02
1.103011608713404712e+03	2.629719979698671439e-01	1.693782702663172435e-01	2.472708389984445698e-01	1.480521644471838594e-01	7.110971662269573168e-02	2.812659618813695764e-02	7.309041550724604264e-02
1.104462939777501106e+03	2.627443342561265327e-01	1.692312909473696614e-01	2.474341603418607205e-01	1.481452454845550437e-01	7.114858330875530046e-02	2.814834491840523950e-02	7.314804074281915092e-02
1.105914270841597499e+03	2.625170591265374442e-01	1.690845600115249148e-01	2.475972036574132229e-01	1.482381568470836353e-01	7.118738216050861378e-02	2.817006802600456952e-02	7.320557017081925910e-02
1.107365601905694348e+03	2.622901719165582901e-01	1.689380770383873132e-01	2.477599694160663446e-01	1.483308988591417465e-01	7.122611329428056581e-02	2.819176553724343087e-02	7.326300393821406909e-02
1.108816932969790741e+03	2.620636719627888467e-01	1.687918416082727913e-01	2.479224580879863249e-01	1.484234718443972478e-01	7.126477682621326637e-02	2.821343747840461547e-02	7.332034219182873014e-02
1.110268264033887590e+03	2.618375586029684232e-01	1.686458533022076878e-01	2.480846701425428458e-01	1.485158761258158766e-01	7.130337287226620746e-02	2.823508387574530723e-02	7.337758507834542254e-02
1.111719595097984211e+03	2.616118311759739190e-01	1.685001117019276906e-01	2.482466060483103365e-01	1.486081120256632915e-01	7.134190154821642982e-02	2.825670475549716537e-02	7.343473274430291353e-02
1.113170926162080832e+03	2.613864890218176584e-01	1.683546163898765324e-01	2.484082662730693059e-01	1.487001798655069040e-01	7.138036296965874494e-02	2.827830014386636601e-02	7.349178533609616870e-02
1.114622257226177226e+03	2.611615314816457256e-01	1.682093669492046861e-01	2.485696512838077299e-01	1.487920799662180715e-01	7.141875725200586000e-02	2.829987006703370278e-02	7.354874299997589404e-02
1.116073588290273847e+03	2.609369578977356330e-01	1.680643629637683656e-01	2.487307615467223565e-01	1.488838126479739288e-01	7.145708451048854437e-02	2.832141455115464931e-02	7.360560588204814736e-02
1.117524919354370468e+03	2.607127676134947114e-01	1.679196040181282212e-01	2.488915975272200931e-01	1.489753782302593310e-01	7.149534486015593493e-02	2.834293362235941818e-02	7.366237412827392195e-02
1.118976250418467089e+03	2.604889599734577788e-01	1.677750896975481743e-01	2.490521596899192558e-01	1.490667770318690744e-01	7.153353841587554995e-02	2.836442730675304419e-02	7.371904788446875800e-02
1.120427581482563710e+03	2.602655343232855301e-01	1.676308195879942509e-01	2.492124484986510402e-01	1.491580093709095056e-01	7.157166529233355279e-02	2.838589563041545374e-02	7.377562729630232630e-02
1.121878912546660331e+03	2.600424900097624281e-01	1.674867932761333056e-01	2.493724644164606874e-01	1.492490755648007428e-01	7.160972560403494613e-02	2.840733861940152385e-02	7.383211250929799796e-02
1.123330243610756725e+03	2.598198263807947606e-01	1.673430103493319387e-01	2.495322079056089826e-01	1.493399759302785068e-01	7.164771946530373858e-02	2.842875629974116539e-02	7.388850366883256693e-02
1.124781574674853118e+03	2.595975427854086970e-01	1.671994703956552475e-01	2.496916794275734763e-01	1.494307107833961201e-01	7.168564699028309728e-02	2.845014869743937511e-02	7.394480092013570871e-02
1.126232905738949967e+03	2.593756385737483461e-01	1.670561730038656323e-01	2.498508794430498725e-01	1.495212804395262551e-01	7.172350829293558383e-02	2.847151583847630854e-02	7.400100440828973059e-02
1.127684236803046360e+03	2.591541130970738127e-01	1.669131177634216867e-01	2.500098084119533048e-01	1.496116852133631270e-01	7.176130348704327921e-02	2.849285774880735977e-02	7.405711427822912751e-02
1.129135567867143209e+03	2.589329657077593660e-01	1.667703042644770040e-01	2.501684667934197526e-01	1.497019254189241866e-01	7.179903268620801970e-02	2.851417445436320655e-02	7.411313067474024907e-02
1.130586898931239830e+03	2.587121957592912747e-01	1.666277320978789001e-01	2.503268550458070951e-01	1.497920013695520913e-01	7.183669600385156340e-02	2.853546598104989007e-02	7.416905374246086924e-02
1.132038229995336451e+03	2.584918026062661967e-01	1.664854008551673314e-01	2.504849736266970273e-01	1.498819133779166202e-01	7.187429355321575675e-02	2.855673235474888091e-02	7.422488362587990884e-02
1.133489561059432845e+03	2.582717856043889038e-01	1.663433101285737570e-01	2.506428229928955309e-01	1.499716617560165888e-01	7.191182544736277049e-02	2.857797360131713801e-02	7.428062046933703311e-02
1.134940892123529466e+03	2.580521441104706715e-01	1.662014595110198611e-01	2.508004036004348736e-01	1.500612468151816814e-01	7.194929179917523843e-02	2.859918974658717111e-02	7.433626441702223531e-02
1.136392223187626087e+03	2.578328774824271696e-01	1.660598485961164994e-01	2.509577159045746075e-01	1.501506688660742828e-01	7.198669272135645170e-02	2.862038081636711362e-02	7.439181561297562861e-02
1.137843554251722708e+03	2.576139850792765751e-01	1.659184769781623936e-01	2.511147603598030686e-01	1.502399282186914764e-01	7.202402832643056696e-02	2.864154683644078159e-02	7.444727420108697424e-02
1.139294885315819101e+03	2.573954662611377953e-01	1.657773442521430496e-01	2.512715374198383200e-01	1.503290251823667378e-01	7.206129872674278680e-02	2.866268783256773270e-02	7.450264032509537615e-02
1.140746216379915950e+03	2.571773203892283033e-01	1.656364500137296747e-01	2.514280475376299839e-01	1.504179600657719329e-01	7.209850403445954015e-02	2.868380383048333565e-02	7.455791412858898959e-02
1.142197547444012343e+03	2.569595468258625282e-01	1.654957938592778177e-01	2.515842911653602409e-01	1.505067331769190664e-01	7.213564436156869042e-02	2.870489485589882567e-02	7.461309575500460478e-02
1.143648878508108737e+03	2.567421449344498008e-01	1.653553753858263975e-01	2.517402687544450512e-01	1.505953448231621139e-01	7.217271981987968821e-02	2.872596093450137736e-02	7.466818534762743875e-02
1.145100209572205586e+03	2.565251140794923557e-01	1.652151941910964539e-01	2.518959807555354313e-01	1.506837953111989925e-01	7.220973052102383494e-02	2.874700209195414635e-02	7.472318304959064961e-02
1.146551540636302207e+03	2.563084536265836655e-01	1.650752498734900098e-01	2.520514276185191194e-01	1.507720849470731983e-01	7.224667657645435226e-02	2.876801835389634909e-02	7.477808900387516999e-02
1.148002871700398828e+03	2.560921629424063317e-01	1.649355420320889332e-01	2.522066097925215189e-01	1.508602140361756661e-01	7.228355809744672900e-02	2.878900974594331835e-02	7.483290335330927689e-02
1.149454202764495449e+03	2.558762413947304193e-01	1.647960702666537713e-01	2.523615277259071976e-01	1.509481828832467121e-01	7.232037519509877666e-02	2.880997629368655180e-02	7.488762624056835571e-02
1.150905533828591842e+03	2.556606883524114582e-01	1.646568341776225297e-01	2.525161818662809976e-01	1.510359917923776440e-01	7.235712798033090698e-02	2.883091802269378140e-02	7.494225780817455329e-02
1.152356864892688463e+03	2.554455031853883340e-01	1.645178333661096726e-01	2.526705726604893676e-01	1.511236410670126762e-01	7.239381656388628461e-02	2.885183495850903238e-02	7.499679819849647266e-02
1.153808195956785084e+03	2.552306852646819002e-01	1.643790674339049296e-01	2.528247005546217507e-01	1.512111310099506500e-01	7.243044105633102137e-02	2.887272712665268221e-02	7.505124755374889545e-02
1.155259527020881706e+03	2.550162339623927577e-01	1.642405359834720746e-01	2.529785659940117504e-01	1.512984619233468941e-01	7.246700156805439830e-02	2.889359455262151266e-02	7.510560601599247654e-02
1.156710858084978327e+03	2.548021486516994227e-01	1.641022386179477877e-01	2.531321694232385733e-01	1.513856341087148338e-01	7.250349820926903222e-02	2.891443726188876878e-02	7.515987372713341108e-02
1.158162189149074720e+03	2.545884287068566065e-01	1.639641749411406835e-01	2.532855112861280844e-01	1.514726478669279619e-01	7.253993109001111161e-02	2.893525527990421786e-02	7.521405082892322624e-02
1.159613520213171569e+03	2.543750735031930499e-01	1.638263445575299515e-01	2.534385920257542502e-01	1.515595034982214762e-01	7.257630032014050769e-02	2.895604863209420843e-02	7.526813746295843432e-02
1.161064851277267962e+03	2.541620824171100801e-01	1.636887470722643567e-01	2.535914120844403596e-01	1.516462013021940280e-01	7.261260600934103804e-02	2.897681734386172575e-02	7.532213377068025517e-02
1.162516182341364356e+03	2.539494548260794460e-01	1.635513820911611016e-01	2.537439719037603014e-01	1.517327415778094990e-01	7.264884826712067478e-02	2.899756144058643695e-02	7.537603989337436639e-02
1.163967513405461204e+03	2.537371901086414860e-01	1.634142492207046049e-01	2.538962719245398403e-01	1.518191246233987490e-01	7.268502720281171114e-02	2.901828094762476384e-02	7.542985597217061189e-02
1.165418844469557826e+03	2.535252876444034076e-01	1.632773480680455302e-01	2.540483125868579495e-01	1.519053507366613098e-01	7.272114292557094184e-02	2.903897589030992113e-02	7.548358214804276600e-02
1.166870175533654447e+03	2.533137468140373993e-01	1.631406782409994538e-01	2.542000943300477545e-01	1.519914202146671056e-01	7.275719554437989900e-02	2.905964629395198923e-02	7.553721856180818650e-02
1.168321506597751068e+03	2.531025669992787441e-01	1.630042393480458651e-01	2.543516175926983647e-01	1.520773333538582017e-01	7.279318516804500483e-02	2.908029218383794204e-02	7.559076535412763420e-02
1.169772837661847461e+03	2.528917475829240979e-01	1.628680309983270291e-01	2.545028828126556508e-01	1.521630904500504977e-01	7.282911190519783529e-02	2.910091358523173022e-02	7.564422266550499541e-02
1.171224168725944082e+03	2.526812879488293806e-01	1.627320528016469314e-01	2.546538904270235770e-01	1.522486917984354204e-01	7.286497586429524498e-02	2.912151052337431933e-02	7.569759063628700435e-02
1.172675499790040703e+03	2.524711874819081103e-01	1.625963043684700016e-01	2.548046408721657552e-01	1.523341376935816449e-01	7.290077715361961697e-02	2.914208302348373497e-02	7.575086940666299340e-02
1.174126830854137097e+03	2.522614455681297385e-01	1.624607853099200860e-01	2.549551345837064442e-01	1.524194284294367874e-01	7.293651588127907093e-02	2.916263111075512865e-02	7.580405911666467100e-02
1.175578161918233945e+03	2.520520615945174847e-01	1.623254952377793658e-01	2.551053719965317712e-01	1.525045642993290151e-01	7.297219215520758806e-02	2.918315481036082987e-02	7.585715990616587190e-02
1.177029492982330339e+03	2.518430349491468934e-01	1.621904337644871630e-01	2.552553535447911193e-01	1.525895455959688507e-01	7.300780608316527476e-02	2.920365414745038427e-02	7.591017191488229343e-02
1.178480824046426733e+03	2.516343650211436134e-01	1.620556005031388580e-01	2.554050796618982933e-01	1.526743726114507260e-01	7.304335777273858465e-02	2.922412914715062301e-02	7.596309528237127351e-02
1.179932155110523581e+03	2.514260512006818993e-01	1.619209950674848075e-01	2.555545507805328520e-01	1.527590456372547034e-01	7.307884733134045740e-02	2.924457983456569057e-02	7.601593014803158244e-02
1.181383486174620202e+03	2.512180928789825574e-01	1.617866170719291785e-01	2.557037673326413296e-01	1.528435649642481686e-01	7.311427486621055460e-02	2.926500623477712448e-02	7.606867665110313148e-02
1.182834817238716823e+03	2.510104894483112803e-01	1.616524661315288935e-01	2.558527297494384012e-01	1.529279308826873296e-01	7.314964048441544020e-02	2.928540837284387618e-02	7.612133493066680634e-02
1.184286148302813444e+03	2.508032403019769263e-01	1.615185418619925761e-01	2.560014384614081040e-01	1.530121436822190484e-01	7.318494429284880254e-02	2.930578627380238735e-02	7.617390512564423122e-02
1.185737479366910065e+03	2.505963448343294653e-01	1.613848438796792462e-01	2.561498938983052254e-01	1.530962036518823677e-01	7.322018639823164865e-02	2.932613996266661763e-02	7.622638737479749127e-02
1.187188810431006686e+03	2.503898024407583689e-01	1.612513718015974318e-01	2.562980964891564684e-01	1.531801110801101484e-01	7.325536690711251242e-02	2.934646946442810364e-02	7.627878181672903546e-02
1.188640141495103080e+03	2.501836125176905568e-01	1.611181252454040036e-01	2.564460466622616175e-01	1.532638662547308184e-01	7.329048592586764888e-02	2.936677480405600407e-02	7.633108858988134349e-02
1.190091472559199701e+03	2.499777744625891196e-01	1.609851038294030645e-01	2.565937448451948710e-01	1.533474694629698154e-01	7.332554356070122847e-02	2.938705600649715519e-02	7.638330783253678702e-02
1.191542803623296322e+03	2.497722876739509879e-01	1.608523071725447562e-01	2.567411914648060067e-01	1.534309209914512528e-01	7.336053991764558690e-02	2.940731309667610552e-02	7.643543968281739376e-02
1.192994134687392716e+03	2.495671515513053496e-01	1.607197348944243709e-01	2.568883869472216031e-01	1.535142211261996126e-01	7.339547510256134999e-02	2.942754609949517833e-02	7.648748427868466704e-02
1.194445465751489564e+03	2.493623654952119573e-01	1.605873866152811025e-01	2.570353317178463159e-01	1.535973701526412161e-01	7.343034922113771124e-02	2.944775503983450976e-02	7.653944175793936378e-02
1.195896796815585958e+03	2.491579289072591574e-01	1.604552619559970195e-01	2.571820262013641001e-01	1.536803683556060007e-01	7.346516237889259837e-02	2.946793994255208701e-02	7.659131225822130018e-02
1.197348127879682352e+03	2.489538411900623083e-01	1.603233605380958993e-01	2.573284708217393746e-01	1.537632160193288799e-01	7.349991468117288151e-02	2.948810083248381772e-02	7.664309591700917135e-02
1.198799458943779200e+03	2.487501017472617815e-01	1.601916819837423123e-01	2.574746660022182998e-01	1.538459134274514362e-01	7.353460623315458133e-02	2.950823773444355771e-02	7.669479287162037084e-02
1.200250790007875821e+03	2.485467099835214355e-01	1.600602259157403173e-01	2.576206121653298875e-01	1.539284608630236140e-01	7.356923713984309110e-02	2.952835067322316306e-02	7.674640325921076867e-02
1.201702121071972442e+03	2.483436653045266174e-01	1.599289919575326291e-01	2.577663097328874997e-01	1.540108586085051079e-01	7.360380750607335709e-02	2.954843967359253518e-02	7.679792721677457246e-02
1.203153452136069063e+03	2.481409671169826081e-01	1.597979797331992580e-01	2.579117591259896813e-01	1.540931069457670277e-01	7.363831743651007289e-02	2.956850476029965202e-02	7.684936488114411934e-02
1.204604783200165684e+03	2.479386148286125968e-01	1.596671888674565942e-01	2.580569607650215480e-01	1.541752061560933973e-01	7.367276703564791529e-02	2.958854595807065141e-02	7.690071638898969553e-02
1.206056114264262078e+03	2.477366078481562373e-01	1.595366189856563532e-01	2.582019150696562293e-01	1.542571565201827366e-01	7.370715640781178024e-02	2.960856329160982056e-02	7.695198187681934199e-02
1.207507445328358699e+03	2.475349455853676217e-01	1.594062697137844098e-01	2.583466224588554794e-01	1.543389583181496438e-01	7.374148565715687997e-02	2.962855678559968634e-02	7.700316148097877123e-02
1.208958776392455093e+03	2.473336274510136157e-01	1.592761406784597988e-01	2.584910833508715644e-01	1.544206118295262942e-01	7.377575488766906220e-02	2.964852646470103603e-02	7.705425533765111745e-02
1.210410107456551941e+03	2.471326528568722203e-01	1.591462315069336053e-01	2.586352981632479842e-01	1.545021173332639941e-01	7.380996420316497664e-02	2.966847235355296944e-02	7.710526358285675619e-02
1.211861438520648335e+03	2.469320212157306016e-01	1.590165418270878817e-01	2.587792673128209708e-01	1.545834751077346247e-01	7.384411370729225543e-02	2.968839447677293353e-02	7.715618635245323487e-02
1.213312769584745183e+03	2.467317319413835364e-01	1.588870712674346208e-01	2.589229912157203772e-01	1.546646854307323626e-01	7.387820350352976295e-02	2.970829285895677102e-02	7.720702378213503692e-02
1.214764100648841804e+03	2.465317844486315801e-01	1.587578194571146462e-01	2.590664702873712311e-01	1.547457485794749843e-01	7.391223369518776232e-02	2.972816752467876203e-02	7.725777600743344298e-02
1.216215431712937971e+03	2.463321781532793464e-01	1.586287860258966675e-01	2.592097049424946786e-01	1.548266648306055315e-01	7.394620438540816521e-02	2.974801849849166221e-02	7.730844316371637825e-02
1.217666762777034819e+03	2.461329124721337580e-01	1.584999706041759771e-01	2.593526955951092616e-01	1.549074344601937270e-01	7.398011567716471226e-02	2.976784580492675136e-02	7.735902538618828761e-02
1.219118093841131440e+03	2.459339868230023818e-01	1.583713728229735607e-01	2.594954426585320273e-01	1.549880577437375284e-01	7.401396767326318127e-02	2.978764946849386808e-02	7.740952280988996903e-02
1.220569424905228061e+03	2.457354006246915690e-01	1.582429923139350436e-01	2.596379465453798607e-01	1.550685349561645721e-01	7.404776047634160918e-02	2.980742951368145488e-02	7.745993556969839322e-02
1.222020755969324682e+03	2.455371532970048731e-01	1.581148287093295801e-01	2.597802076675705396e-01	1.551488663718337546e-01	7.408149418887050031e-02	2.982718596495659638e-02	7.751026380032663421e-02
1.223472087033421303e+03	2.453392442607411905e-01	1.579868816420488264e-01	2.599222264363241774e-01	1.552290522645365656e-01	7.411516891315299282e-02	2.984691884676505744e-02	7.756050763632368894e-02
1.224923418097517697e+03	2.451416729376930947e-01	1.578591507456058862e-01	2.600640032621640008e-01	1.553090929074987248e-01	7.414878475132513636e-02	2.986662818353133172e-02	7.761066721207432462e-02
1.226374749161614318e+03	2.449444387506452547e-01	1.577316356541342279e-01	2.602055385549177924e-01	1.553889885733815701e-01	7.418234180535607236e-02	2.988631399965867644e-02	7.766074266179899543e-02
1.227826080225710712e+03	2.447475411233724363e-01	1.576043360023866302e-01	2.603468327237190016e-01	1.554687395342835843e-01	7.421584017704821457e-02	2.990597631952914351e-02	7.771073411955366217e-02
1.229277411289807560e+03	2.445509794806380310e-01	1.574772514257342382e-01	2.604878861770078546e-01	1.555483460617417268e-01	7.424927996803749874e-02	2.992561516750363512e-02	7.776064171922968116e-02
1.230728742353903954e+03	2.443547532481922524e-01	1.573503815601653422e-01	2.606286993225327975e-01	1.556278084267330442e-01	7.428266127979356315e-02	2.994523056792192106e-02	7.781046559455370715e-02
1.232180073418000802e+03	2.441588618527703591e-01	1.572237260422845451e-01	2.607692725673513290e-01	1.557071268996760571e-01	7.431598421361998441e-02	2.996482254510271157e-02	7.786020587908755453e-02
1.233631404482097196e+03	2.439633047220912121e-01	1.570972845093114301e-01	2.609096063178314995e-01	1.557863017504322600e-01	7.434924887065447185e-02	2.998439112334365386e-02	7.790986270622807242e-02
1.235082735546193817e+03	2.437680812848552481e-01	1.569710565990798390e-01	2.610497009796527434e-01	1.558653332483073695e-01	7.438245535186904789e-02	3.000393632692139809e-02	7.795943620920699202e-02
1.236534066610290438e+03	2.435731909707429810e-01	1.568450419500365400e-01	2.611895569578072118e-01	1.559442216620530453e-01	7.441560375807033945e-02	3.002345818009162504e-02	7.800892652109089886e-02
1.237985397674387059e+03	2.433786332104132533e-01	1.567192402012405061e-01	2.613291746566009377e-01	1.560229672598681117e-01	7.444869418989970289e-02	3.004295670708909474e-02	7.805833377478102464e-02
1.239436728738483680e+03	2.431844074355015983e-01	1.565936509923615549e-01	2.614685544796550576e-01	1.561015703094000284e-01	7.448172674783348768e-02	3.006243193212766382e-02	7.810765810301323331e-02
1.240888059802580301e+03	2.429905130786184086e-01	1.564682739636795439e-01	2.616076968299069216e-01	1.561800310777463896e-01	7.451470153218323067e-02	3.008188387940033404e-02	7.815689963835781295e-02
1.242339390866676695e+03	2.427969495733473815e-01	1.563431087560832877e-01	2.617466021096111484e-01	1.562583498314562280e-01	7.454761864309586428e-02	3.010131257307928701e-02	7.820605851321947577e-02
1.243790721930773088e+03	2.426037163542438813e-01	1.562181550110693928e-01	2.618852707203408459e-01	1.563365268365314864e-01	7.458047818055391076e-02	3.012071803731592584e-02	7.825513485983719153e-02
1.245242052994869937e+03	2.424108128568330522e-01	1.560934123707414245e-01	2.620237030629890551e-01	1.564145623584284328e-01	7.461328024437574591e-02	3.014010029624090287e-02	7.830412881028409045e-02
1.246693384058966330e+03	2.422182385176083474e-01	1.559688804778087134e-01	2.621618995377693051e-01	1.564924566620590207e-01	7.464602493421573781e-02	3.015945937396415782e-02	7.835304049646740765e-02
1.248144715123063179e+03	2.420259927740298356e-01	1.558445589755854677e-01	2.622998605442173337e-01	1.565702100117923323e-01	7.467871234956451054e-02	3.017879529457495602e-02	7.840187005012835830e-02
1.249596046187159800e+03	2.418340750645223136e-01	1.557204475079896899e-01	2.624375864811918646e-01	1.566478226714558830e-01	7.471134258974915232e-02	3.019810808214191608e-02	7.845061760284202657e-02
1.251047377251256421e+03	2.416424848284739468e-01	1.555965457195421231e-01	2.625750777468758845e-01	1.567252949043371202e-01	7.474391575393340981e-02	3.021739776071306199e-02	7.849928328601732397e-02
1.252498708315352815e+03	2.414512215062344092e-01	1.554728532553651954e-01	2.627123347387779195e-01	1.568026269731847000e-01	7.477643194111791014e-02	3.023666435431583352e-02	7.854786723089689227e-02
1.253950039379449436e+03	2.412602845391132733e-01	1.553493697611821878e-01	2.628493578537329234e-01	1.568798191402099307e-01	7.480889125014035523e-02	3.025590788695713823e-02	7.859636956855699241e-02
1.255401370443546057e+03	2.410696733693783456e-01	1.552260948833160126e-01	2.629861474879037764e-01	1.569568716670880770e-01	7.484129377967577157e-02	3.027512838262337580e-02	7.864479042990747681e-02
1.256852701507642678e+03	2.408793874402540003e-01	1.551030282686883255e-01	2.631227040367819514e-01	1.570337848149597759e-01	7.487363962823666286e-02	3.029432586528048310e-02	7.869312994569162278e-02
1.258304032571739299e+03	2.406894261959195980e-01	1.549801695648184152e-01	2.632590278951890128e-01	1.571105588444324519e-01	7.490592889417330147e-02	3.031350035887395156e-02	7.874138824648613255e-02
1.259755363635835920e+03	2.404997890815077088e-01	1.548575184198222598e-01	2.633951194572776711e-01	1.571871940155814551e-01	7.493816167567385333e-02	3.033265188732887918e-02	7.878956546270104999e-02
1.261206694699932314e+03	2.403104755431026140e-01	1.547350744824114999e-01	2.635309791165327264e-01	1.572636905879516989e-01	7.497033807076466938e-02	3.035178047454998446e-02	7.883766172457966348e-02
1.262658025764028707e+03	2.401214850277385571e-01	1.546128374018924667e-01	2.636666072657725679e-01	1.573400488205587977e-01	7.500245817731043818e-02	3.037088614442165838e-02	7.888567716219842263e-02
1.264109356828125556e+03	2.399328169833981061e-01	1.544908068281650726e-01	2.638020042971498946e-01	1.574162689718904828e-01	7.503452209301443576e-02	3.038996892080797832e-02	7.893361190546692441e-02
1.265560687892221949e+03	2.397444708590105167e-01	1.543689824117218945e-01	2.639371706021532704e-01	1.574923512999079622e-01	7.506652991541869213e-02	3.040902882755275316e-02	7.898146608412781600e-02
1.267012018956318798e+03	2.395564461044502325e-01	1.542473638036471473e-01	2.640721065716079008e-01	1.575682960620471140e-01	7.509848174190428272e-02	3.042806588847955102e-02	7.902923982775675316e-02
1.268463350020415419e+03	2.393687421705350260e-01	1.541259506556157122e-01	2.642068125956767433e-01	1.576441035152200132e-01	7.513037766969148101e-02	3.044708012739172701e-02	7.907693326576226145e-02
1.269914681084511813e+03	2.391813585090245275e-01	1.540047426198920544e-01	2.643412890638620061e-01	1.577197739158160694e-01	7.516221779583998064e-02	3.046607156807246489e-02	7.912454652738580563e-02
1.271366012148608434e+03	2.389942945726186152e-01	1.538837393493293071e-01	2.644755363650059254e-01	1.577953075197035260e-01	7.519400221724908961e-02	3.048504023428479787e-02	7.917207974170163698e-02
1.272817343212705055e+03	2.388075498149556108e-01	1.537629404973682445e-01	2.646095548872919867e-01	1.578707045822306254e-01	7.522573103065802180e-02	3.050398614977164677e-02	7.921953303761677945e-02
1.274268674276801676e+03	2.386211236906109201e-01	1.536423457180362551e-01	2.647433450182459791e-01	1.579459653582269418e-01	7.525740433264600793e-02	3.052290933825584779e-02	7.926690654387096024e-02
1.275720005340898297e+03	2.384350156550951449e-01	1.535219546659464251e-01	2.648769071447373280e-01	1.580210901020047132e-01	7.528902221963257313e-02	3.054180982344018372e-02	7.931420038903658210e-02
1.277171336404994690e+03	2.382492251648526682e-01	1.534017669962964847e-01	2.650102416529798721e-01	1.580960790673601735e-01	7.532058478787771738e-02	3.056068762900741170e-02	7.936141470151863997e-02
1.278622667469091539e+03	2.380637516772599882e-01	1.532817823648678079e-01	2.651433489285333067e-01	1.581709325075747186e-01	7.535209213348217916e-02	3.057954277862029446e-02	7.940854960955474884e-02
1.280073998533187932e+03	2.378785946506240256e-01	1.531620004280244973e-01	2.652762293563040163e-01	1.582456506754163217e-01	7.538354435238756035e-02	3.059837529592163499e-02	7.945560524121499102e-02
1.281525329597284326e+03	2.376937535441806526e-01	1.530424208427122734e-01	2.654088833205463516e-01	1.583202338231407824e-01	7.541494154037664543e-02	3.061718520453430084e-02	7.950258172440195781e-02
1.282976660661381175e+03	2.375092278180930272e-01	1.529230432664576700e-01	2.655413112048637947e-01	1.583946822024929479e-01	7.544628379307352639e-02	3.063597252806125534e-02	7.954947918685072172e-02
1.284427991725477568e+03	2.373250169334499005e-01	1.528038673573668960e-01	2.656735133922097924e-01	1.584689960647081286e-01	7.547757120594388025e-02	3.065473729008558884e-02	7.959629775612873936e-02
1.285879322789574417e+03	2.371411203522642008e-01	1.526848927741249196e-01	2.658054902648890883e-01	1.585431756605132081e-01	7.550880387429513563e-02	3.067347951417053950e-02	7.964303755963583753e-02
1.287330653853671038e+03	2.369575375374712856e-01	1.525661191759944690e-01	2.659372422045588324e-01	1.586172212401279757e-01	7.553998189327670865e-02	3.069219922385953148e-02	7.968969872460421322e-02
1.288781984917767431e+03	2.367742679529274141e-01	1.524475462228150335e-01	2.660687695922294704e-01	1.586911330532664033e-01	7.557110535788021111e-02	3.071089644267619920e-02	7.973628137809835037e-02
1.290233315981864052e+03	2.365913110634081107e-01	1.523291735750019471e-01	2.662000728082660750e-01	1.587649113491378938e-01	7.560217436293967253e-02	3.072957119412441859e-02	7.978278564701504760e-02
