1.001418434226643626e+03	2.793797276506440053e-01	1.808120008522627054e-01	2.351584879650576998e-01	1.410308661208790892e-01	6.819576158256142329e-02	2.657604791200658331e-02	6.884710791647734307e-02
1.002869765290740247e+03	2.791215727851046879e-01	1.806481205993717420e-01	2.353427701186872889e-01	1.411360514154110235e-01	6.823943517103832346e-02	2.660005092557502990e-02	6.891199898470078133e-02
1.004321096354836754e+03	2.788638622585645765e-01	1.804845142576304851e-01	2.355267389169250491e-01	1.412410421626235923e-01	6.828303233038814091e-02	2.662402683788645669e-02	6.897678323587065619e-02
1.005772427418933376e+03	2.786065953051169997e-01	1.803211813675352770e-01	2.357103948874629540e-01	1.413458387503427893e-01	6.832655319351849110e-02	2.664797567087721225e-02	6.904146082503526127e-02
1.007223758483029997e+03	2.783497711601837787e-01	1.801581214703539824e-01	2.358937385571011347e-01	1.414504415654840308e-01	6.836999789312409037e-02	2.667189744647987387e-02	6.910603190716210764e-02
1.008675089547126618e+03	2.780933890605125081e-01	1.799953341081246549e-01	2.360767704517495458e-01	1.415548509940550148e-01	6.841336656168700570e-02	2.669579218662325795e-02	6.917049663713698004e-02
1.010126420611223239e+03	2.778374482441746118e-01	1.798328188236542335e-01	2.362594910964293526e-01	1.416590674211586354e-01	6.845665933147679350e-02	2.671965991323246858e-02	6.923485516976292387e-02
1.011577751675319632e+03	2.775819479505627352e-01	1.796705751605172097e-01	2.364419010152745415e-01	1.417630912309958413e-01	6.849987633455068003e-02	2.674350064822889755e-02	6.929910765975919040e-02
1.013029082739416367e+03	2.773268874203883572e-01	1.795086026630544618e-01	2.366240007315334459e-01	1.418669228068684673e-01	6.854301770275379735e-02	2.676731441353027291e-02	6.936325426176030706e-02
1.014480413803512761e+03	2.770722658956797924e-01	1.793469008763718398e-01	2.368057907675702456e-01	1.419705625311821762e-01	6.858608356771937753e-02	2.679110123105067284e-02	6.942729513031509203e-02
1.015931744867609382e+03	2.768180826197795819e-01	1.791854693463388881e-01	2.369872716448663819e-01	1.420740107854491507e-01	6.862907406086890538e-02	2.681486112270055691e-02	6.949123041988568283e-02
1.017383075931706003e+03	2.765643368373424393e-01	1.790243076195877081e-01	2.371684438840222786e-01	1.421772679502910086e-01	6.867198931341238211e-02	2.683859411038679033e-02	6.955506028484655101e-02
1.018834406995802851e+03	2.763110277943326420e-01	1.788634152435114866e-01	2.373493080047586745e-01	1.422803344054416608e-01	6.871482945634846407e-02	2.686230021601265089e-02	6.961878487948358618e-02
1.020285738059899245e+03	2.760581547380219769e-01	1.787027917662633303e-01	2.375298645259182329e-01	1.423832105297499762e-01	6.875759462046469872e-02	2.688597946147787410e-02	6.968240435799311072e-02
1.021737069123995752e+03	2.758057169169872980e-01	1.785424367367549336e-01	2.377101139654669570e-01	1.424858967011826405e-01	6.880028493633773279e-02	2.690963186867867049e-02	6.974591887448094996e-02
1.023188400188092373e+03	2.755537135811083616e-01	1.783823497046553019e-01	2.378900568404957450e-01	1.425883932968269596e-01	6.884290053433347878e-02	2.693325745950774300e-02	6.980932858296153010e-02
1.024639731252188767e+03	2.753021439815653837e-01	1.782225302203895856e-01	2.380696936672219710e-01	1.426907006928935795e-01	6.888544154460735092e-02	2.695685625585430428e-02	6.987263363735693456e-02
1.026091062316285615e+03	2.750510073708369307e-01	1.780629778351376369e-01	2.382490249609908184e-01	1.427928192647192063e-01	6.892790809710447331e-02	2.698042827960410450e-02	6.993583419149601577e-02
1.027542393380382237e+03	2.748003030026973659e-01	1.779036921008328997e-01	2.384280512362768056e-01	1.428947493867693819e-01	6.897030032155987422e-02	2.700397355263944865e-02	6.999893039911345149e-02
1.028993724444478858e+03	2.745500301322147951e-01	1.777446725701610220e-01	2.386067730066853965e-01	1.429964914326412040e-01	6.901261834749872204e-02	2.702749209683922085e-02	7.006192241384888442e-02
1.030445055508575479e+03	2.743001880157488470e-01	1.775859187965586616e-01	2.387851907849543875e-01	1.430980457750660184e-01	6.905486230423649174e-02	2.705098393407889476e-02	7.012481038924597843e-02
1.031896386572671872e+03	2.740507759109481190e-01	1.774274303342122383e-01	2.389633050829554073e-01	1.431994127859121113e-01	6.909703232087922864e-02	2.707444908623056479e-02	7.018759447875162760e-02
1.033347717636768493e+03	2.738017930767482344e-01	1.772692067380564895e-01	2.391411164116954702e-01	1.433005928361874848e-01	6.913912852632368711e-02	2.709788757516294611e-02	7.025027483571495701e-02
1.034799048700865114e+03	2.735532387733693449e-01	1.771112475637736106e-01	2.393186252813183645e-01	1.434015862960423826e-01	6.918115104925762204e-02	2.712129942274140587e-02	7.031285161338660106e-02
1.036250379764961508e+03	2.733051122623139650e-01	1.769535523677915334e-01	2.394958322011061236e-01	1.435023935347720658e-01	6.922310001815998315e-02	2.714468465082798057e-02	7.037532496491770428e-02
1.037701710829058356e+03	2.730574128063646966e-01	1.767961207072829555e-01	2.396727376794805797e-01	1.436030149208194218e-01	6.926497556130108146e-02	2.716804328128138296e-02	7.043769504335921361e-02
1.039153041893154750e+03	2.728101396695820080e-01	1.766389521401640628e-01	2.398493422240048356e-01	1.437034508217776008e-01	6.930677780674289468e-02	2.719137533595702982e-02	7.049996200166089300e-02
1.040604372957251599e+03	2.725632921173020695e-01	1.764820462250931976e-01	2.400256463413846242e-01	1.438037016043927085e-01	6.934850688233917815e-02	2.721468083670703850e-02	7.056212599267057406e-02
1.042055704021347992e+03	2.723168694161342551e-01	1.763254025214696652e-01	2.402016505374698907e-01	1.439037676345663042e-01	6.939016291573579798e-02	2.723795980538026157e-02	7.062418716913330952e-02
1.043507035085444613e+03	2.720708708339590332e-01	1.761690205894324568e-01	2.403773553172561805e-01	1.440036492773580645e-01	6.943174603437084202e-02	2.726121226382229382e-02	7.068614568369056828e-02
1.044958366149541234e+03	2.718252956399260234e-01	1.760128999898590563e-01	2.405527611848861935e-01	1.441033468969884490e-01	6.947325636547492522e-02	2.728443823387547915e-02	7.074800168887936114e-02
1.046409697213637855e+03	2.715801431044512215e-01	1.758570402843641356e-01	2.407278686436511717e-01	1.442028608568411419e-01	6.951469403607136999e-02	2.730763773737893835e-02	7.080975533713150527e-02
1.047861028277734476e+03	2.713354124992152228e-01	1.757014410352983336e-01	2.409026781959923424e-01	1.443021915194657723e-01	6.955605917297642826e-02	2.733081079616856562e-02	7.087140678077280542e-02
1.049312359341831097e+03	2.710911030971608349e-01	1.755461018057470901e-01	2.410771903435023622e-01	1.444013392465803292e-01	6.959735190279954520e-02	2.735395743207705288e-02	7.093295617202222125e-02
1.050763690405927491e+03	2.708472141724908577e-01	1.753910221595293140e-01	2.412514055869269258e-01	1.445003043990738256e-01	6.963857235194351181e-02	2.737707766693389666e-02	7.099440366299113181e-02
1.052215021470024112e+03	2.706037450006656964e-01	1.752362016611961892e-01	2.414253244261659881e-01	1.445990873370087970e-01	6.967972064660477027e-02	2.740017152256541202e-02	7.105574940568255837e-02
1.053666352534120733e+03	2.703606948584016956e-01	1.750816398760299542e-01	2.415989473602753457e-01	1.446976884196237989e-01	6.972079691277356661e-02	2.742323902079472908e-02	7.111699355199035955e-02
1.055117683598217127e+03	2.701180630236683089e-01	1.749273363700426243e-01	2.417722748874680805e-01	1.447961080053359328e-01	6.976180127623424210e-02	2.744628018344183462e-02	7.117813625369848185e-02
1.056569014662313975e+03	2.698758487756861002e-01	1.747732907099748823e-01	2.419453075051159752e-01	1.448943464517433721e-01	6.980273386256541368e-02	2.746929503232355130e-02	7.123917766248022421e-02
1.058020345726410369e+03	2.696340513949248563e-01	1.746195024632946624e-01	2.421180457097508731e-01	1.449924041156279153e-01	6.984359479714026542e-02	2.749228358925355845e-02	7.130011792989744690e-02
1.059471676790506763e+03	2.693926701631009779e-01	1.744659711981960959e-01	2.422904899970662884e-01	1.450902813529572621e-01	6.988438420512665950e-02	2.751524587604240596e-02	7.136095720739990544e-02
1.060923007854603611e+03	2.691517043631754813e-01	1.743126964835982895e-01	2.424626408619186546e-01	1.451879785188877614e-01	6.992510221148749705e-02	2.753818191449751429e-02	7.142169564632441792e-02
1.062374338918700232e+03	2.689111532793517778e-01	1.741596778891439379e-01	2.426344987983289070e-01	1.452854959677666591e-01	6.996574894098087083e-02	2.756109172642318486e-02	7.148233339789419882e-02
1.063825669982796853e+03	2.686710161970735644e-01	1.740069149851983521e-01	2.428060642994838425e-01	1.453828340531346797e-01	7.000632451816034274e-02	2.758397533362060353e-02	7.154287061321812358e-02
1.065277001046893474e+03	2.684312924030225478e-01	1.738544073428480163e-01	2.429773378577375631e-01	1.454799931277283298e-01	7.004682906737513814e-02	2.760683275788786833e-02	7.160330744329002073e-02
1.066728332110990095e+03	2.681919811851163904e-01	1.737021545338994499e-01	2.431483199646128357e-01	1.455769735434825074e-01	7.008726271277039566e-02	2.762966402101996871e-02	7.166364403898796420e-02
1.068179663175086489e+03	2.679530818325063235e-01	1.735501561308781526e-01	2.433190111108025910e-01	1.456737756515328053e-01	7.012762557828738919e-02	2.765246914480880974e-02	7.172388055107352389e-02
1.069630994239183110e+03	2.677145936355752043e-01	1.733984117070271058e-01	2.434894117861712837e-01	1.457703998022178427e-01	7.016791778766379162e-02	2.767524815104320524e-02	7.178401713019116892e-02
1.071082325303279504e+03	2.674765158859351843e-01	1.732469208363058566e-01	2.436595224797563353e-01	1.458668463450819575e-01	7.020813946443389686e-02	2.769800106150889507e-02	7.184405392686747660e-02
1.072533656367376352e+03	2.672388478764257114e-01	1.730956830933890744e-01	2.438293436797696612e-01	1.459631156288772325e-01	7.024829073192881412e-02	2.772072789798854520e-02	7.190399109151052182e-02
1.073984987431472746e+03	2.670015889011113641e-01	1.729446980536655243e-01	2.439988758735988361e-01	1.460592080015661043e-01	7.028837171327680100e-02	2.774342868226174763e-02	7.196382877440915538e-02
1.075436318495569594e+03	2.667647382552796320e-01	1.727939652932367620e-01	2.441681195478087041e-01	1.461551238103236672e-01	7.032838253140337448e-02	2.776610343610503087e-02	7.202356712573239339e-02
1.076887649559666215e+03	2.665282952354386392e-01	1.726434843889159965e-01	2.443370751881426828e-01	1.462508634015400322e-01	7.036832330903165789e-02	2.778875218129185989e-02	7.208320629552869563e-02
1.078338980623762609e+03	2.662922591393152016e-01	1.724932549182268959e-01	2.445057432795242069e-01	1.463464271208226863e-01	7.040819416868254743e-02	2.781137493959264309e-02	7.214274643372532714e-02
1.079790311687859230e+03	2.660566292658526621e-01	1.723432764594022559e-01	2.446741243060581994e-01	1.464418153129988798e-01	7.044799523267503139e-02	2.783397173277473574e-02	7.220218769012773374e-02
1.081241642751955851e+03	2.658214049152087810e-01	1.721935485913830555e-01	2.448422187510323200e-01	1.465370283221177905e-01	7.048772662312632886e-02	2.785654258260243307e-02	7.226153021441886204e-02
1.082692973816052472e+03	2.655865853887534600e-01	1.720440708938170138e-01	2.450100270969183813e-01	1.466320664914530225e-01	7.052738846195220901e-02	2.787908751083697720e-02	7.232077415615857652e-02
1.084144304880149093e+03	2.653521699890666330e-01	1.718948429470576189e-01	2.451775498253738750e-01	1.467269301635048262e-01	7.056698087086718529e-02	2.790160653923656753e-02	7.237991966478296568e-02
1.085595635944245487e+03	2.651181580199363785e-01	1.717458643321627954e-01	2.453447874172432763e-01	1.468216196800024298e-01	7.060650397138476531e-02	2.792409968955635730e-02	7.243896688960374530e-02
1.087046967008342108e+03	2.648845487863564774e-01	1.715971346308937384e-01	2.455117403525594322e-01	1.469161353819062876e-01	7.064595788481772831e-02	2.794656698354844662e-02	7.249791597980764779e-02
1.088498298072438729e+03	2.646513415945246361e-01	1.714486534257137484e-01	2.456784091105449208e-01	1.470104776094104393e-01	7.068534273227833342e-02	2.796900844296188599e-02	7.255676708445579770e-02
1.089949629136535123e+03	2.644185357518401003e-01	1.713004202997871761e-01	2.458447941696134675e-01	1.471046467019446469e-01	7.072465863467854164e-02	2.799142408954268663e-02	7.261552035248314274e-02
1.091400960200631971e+03	2.641861305669015447e-01	1.711524348369780069e-01	2.460108960073713880e-01	1.471986429981768374e-01	7.076390571273034891e-02	2.801381394503380667e-02	7.267417593269778764e-02
1.092852291264728365e+03	2.639541253495053530e-01	1.710046966218488618e-01	2.461767151006188370e-01	1.472924668360151568e-01	7.080308408694589717e-02	2.803617803117516155e-02	7.273273397378046679e-02
1.094303622328825213e+03	2.637225194106429527e-01	1.708572052396597485e-01	2.463422519253512799e-01	1.473861185526103845e-01	7.084219387763782128e-02	2.805851636970361357e-02	7.279119462428390586e-02
1.095754953392921607e+03	2.634913120624991500e-01	1.707099602763669233e-01	2.465075069567608246e-01	1.474795984843580987e-01	7.088123520491945717e-02	2.808082898235297886e-02	7.284955803263225282e-02
1.097206284457018228e+03	2.632605026184497987e-01	1.705629613186217253e-01	2.466724806692376093e-01	1.475729069669008409e-01	7.092020818870509169e-02	2.810311589085402392e-02	7.290782434712053672e-02
1.098657615521114849e+03	2.630300903930599676e-01	1.704162079537693830e-01	2.468371735363711628e-01	1.476660443351303920e-01	7.095911294871021235e-02	2.812537711693445172e-02	7.296599371591407091e-02
1.100108946585211470e+03	2.628000747020814987e-01	1.702696997698478210e-01	2.470015860309518474e-01	1.477590109231899929e-01	7.099794960445174330e-02	2.814761268231892252e-02	7.302406628704787017e-02
1.101560277649308091e+03	2.625704548624512302e-01	1.701234363555865492e-01	2.471657186249720251e-01	1.478518070644765092e-01	7.103671827524829507e-02	2.816982260872902266e-02	7.308204220842610954e-02
1.103011608713404712e+03	2.623412301922887213e-01	1.699774173004054700e-01	2.473295717896276391e-01	1.479444330916425965e-01	7.107541908022041444e-02	2.819200691788328536e-02	7.313992162782155526e-02
1.104462939777501106e+03	2.621124000108944196e-01	1.698316421944138233e-01	2.474931459953194357e-01	1.480368893365989758e-01	7.111405213829082028e-02	2.821416563149718726e-02	7.319770469287509296e-02
1.105914270841597499e+03	2.618839636387473302e-01	1.696861106284087706e-01	2.476564417116543515e-01	1.481291761305164045e-01	7.115261756818468120e-02	2.823629877128312413e-02	7.325539155109507539e-02
1.107365601905694348e+03	2.616559203975030168e-01	1.695408221938745352e-01	2.478194594074469015e-01	1.482212938038281191e-01	7.119111548842985138e-02	2.825840635895041780e-02	7.331298234985685058e-02
1.108816932969790741e+03	2.614282696099917702e-01	1.693957764829810975e-01	2.479821995507205390e-01	1.483132426862317499e-01	7.122954601735705105e-02	2.828048841620531967e-02	7.337047723640223451e-02
1.110268264033887590e+03	2.612010106002161658e-01	1.692509730885830010e-01	2.481446626087089047e-01	1.484050231066915138e-01	7.126790927310025503e-02	2.830254496475099329e-02	7.342787635783896982e-02
1.111719595097984211e+03	2.609741426933492869e-01	1.691064116042182985e-01	2.483068490478572699e-01	1.484966353934404626e-01	7.130620537359678990e-02	2.832457602628751792e-02	7.348517986114018463e-02
1.113170926162080832e+03	2.607476652157325048e-01	1.689620916241073578e-01	2.484687593338238965e-01	1.485880798739824538e-01	7.134443443658769479e-02	2.834658162251188496e-02	7.354238789314392066e-02
1.114622257226177226e+03	2.605215774948738128e-01	1.688180127431517519e-01	2.486303939314813138e-01	1.486793568750943706e-01	7.138259657961791571e-02	2.836856177511797722e-02	7.359950060055261978e-02
1.116073588290273847e+03	2.602958788594451622e-01	1.686741745569330653e-01	2.487917533049176233e-01	1.487704667228281485e-01	7.142069192003659694e-02	2.839051650579658276e-02	7.365651812993259662e-02
1.117524919354370468e+03	2.600705686392808524e-01	1.685305766617117562e-01	2.489528379174379968e-01	1.488614097425129956e-01	7.145872057499727537e-02	2.841244583623537059e-02	7.371344062771353900e-02
1.118976250418467089e+03	2.598456461653754768e-01	1.683872186544260463e-01	2.491136482315658429e-01	1.489521862587573631e-01	7.149668266145817186e-02	2.843434978811889766e-02	7.377026824018804996e-02
1.120427581482563710e+03	2.596211107698817022e-01	1.682441001326907548e-01	2.492741847090442220e-01	1.490427965954510270e-01	7.153457829618242725e-02	2.845622838312859490e-02	7.382700111351113426e-02
1.121878912546660331e+03	2.593969617861084376e-01	1.681012206947961884e-01	2.494344478108371510e-01	1.491332410757673088e-01	7.157240759573833822e-02	2.847808164294276384e-02	7.388363939369971267e-02
1.123330243610756725e+03	2.591731985485186129e-01	1.679585799397070034e-01	2.495944379971309635e-01	1.492235200221649349e-01	7.161017067649967649e-02	2.849990958923656267e-02	7.394018322663217790e-02
1.124781574674853118e+03	2.589498203927274034e-01	1.678161774670610118e-01	2.497541557273355861e-01	1.493136337563902294e-01	7.164786765464585538e-02	2.852171224368200628e-02	7.399663275804786722e-02
1.126232905738949967e+03	2.587268266554999530e-01	1.676740128771681548e-01	2.499136014600858990e-01	1.494035825994791122e-01	7.168549864616222123e-02	2.854348962794795927e-02	7.405298813354665999e-02
1.127684236803046360e+03	2.585042166747494874e-01	1.675320857710092814e-01	2.500727756532430957e-01	1.494933668717591535e-01	7.172306376684030316e-02	2.856524176370011173e-02	7.410924949858849198e-02
1.129135567867143209e+03	2.582819897895353711e-01	1.673903957502350659e-01	2.502316787638959039e-01	1.495829868928516271e-01	7.176056313227810457e-02	2.858696867260098612e-02	7.416541699849286962e-02
1.130586898931239830e+03	2.580601453400610534e-01	1.672489424171648698e-01	2.503903112483619742e-01	1.496724429816734814e-01	7.179799685788024188e-02	2.860867037630992690e-02	7.422149077843845366e-02
1.132038229995336451e+03	2.578386826676719035e-01	1.671077253747856317e-01	2.505486735621890726e-01	1.497617354564393932e-01	7.183536505885833312e-02	2.863034689648308664e-02	7.427747098346260124e-02
1.133489561059432845e+03	2.576176011148533784e-01	1.669667442267507296e-01	2.507067661601566355e-01	1.498508646346637385e-01	7.187266785023116444e-02	2.865199825477341561e-02	7.433335775846094950e-02
1.134940892123529466e+03	2.573969000252290251e-01	1.668259985773788423e-01	2.508645894962768796e-01	1.499398308331626462e-01	7.190990534682496771e-02	2.867362447283066176e-02	7.438915124818691604e-02
1.136392223187626087e+03	2.571765787435585371e-01	1.666854880316529230e-01	2.510221440237961898e-01	1.500286343680559686e-01	7.194707766327368414e-02	2.869522557230134302e-02	7.444485159725135193e-02
1.137843554251722708e+03	2.569566366157356452e-01	1.665452121952189224e-01	2.511794301951962849e-01	1.501172755547691695e-01	7.198418491401920027e-02	2.871680157482875417e-02	7.450045895012205599e-02
1.139294885315819101e+03	2.567370729887860081e-01	1.664051706743848169e-01	2.513364484621957717e-01	1.502057547080354605e-01	7.202122721331163935e-02	2.873835250205294609e-02	7.455597345112337238e-02
1.140746216379915950e+03	2.565178872108656583e-01	1.662653630761194989e-01	2.514931992757512558e-01	1.502940721418976333e-01	7.205820467520955563e-02	2.875987837561072222e-02	7.461139524443577420e-02
1.142197547444012343e+03	2.562990786312585589e-01	1.661257890080515276e-01	2.516496830860586176e-01	1.503822281697101138e-01	7.209511741358022585e-02	2.878137921713562128e-02	7.466672447409543334e-02
1.143648878508108737e+03	2.560806466003748838e-01	1.659864480784681018e-01	2.518059003425545672e-01	1.504702231041408766e-01	7.213196554209992672e-02	2.880285504825790335e-02	7.472196128399387349e-02
1.145100209572205586e+03	2.558625904697490738e-01	1.658473398963139778e-01	2.519618514939175324e-01	1.505580572571733333e-01	7.216874917425412927e-02	2.882430589060454990e-02	7.477710581787748445e-02
1.146551540636302207e+03	2.556449095920377279e-01	1.657084640711904422e-01	2.521175369880693795e-01	1.506457309401083577e-01	7.220546842333780413e-02	2.884573176579924292e-02	7.483215821934717515e-02
1.148002871700398828e+03	2.554276033210177710e-01	1.655698202133540353e-01	2.522729572721763014e-01	1.507332444635661739e-01	7.224212340245564357e-02	2.886713269546235111e-02	7.488711863185798512e-02
1.149454202764495449e+03	2.552106710115842336e-01	1.654314079337154686e-01	2.524281127926503721e-01	1.508205981374882432e-01	7.227871422452235295e-02	2.888850870121092637e-02	7.494198719871865422e-02
1.150905533828591842e+03	2.549941120197487532e-01	1.652932268438386809e-01	2.525830039951507677e-01	1.509077922711392350e-01	7.231524100226287277e-02	2.890985980465868646e-02	7.499676406309131738e-02
1.152356864892688463e+03	2.547779257026371313e-01	1.651552765559395897e-01	2.527376313245850437e-01	1.509948271731088865e-01	7.235170384821265621e-02	2.893118602741599765e-02	7.505144936799101885e-02
1.153808195956785084e+03	2.545621114184877243e-01	1.650175566828850360e-01	2.528919952251104108e-01	1.510817031513139452e-01	7.238810287471791893e-02	2.895248739108986433e-02	7.510604325628544853e-02
1.155259527020881706e+03	2.543466685266494443e-01	1.648800668381917300e-01	2.530460961401349018e-01	1.511684205130000014e-01	7.242443819393587501e-02	2.897376391728392203e-02	7.516054587069448401e-02
1.156710858084978327e+03	2.541315963875795947e-01	1.647428066360251409e-01	2.531999345123189249e-01	1.512549795647434026e-01	7.246070991783502835e-02	2.899501562759841319e-02	7.521495735378985747e-02
1.158162189149074720e+03	2.539168943628422048e-01	1.646057756911983860e-01	2.533535107835762634e-01	1.513413806124531136e-01	7.249691815819539475e-02	2.901624254363019059e-02	7.526927784799483656e-02
1.159613520213171569e+03	2.537025618151060313e-01	1.644689736191711493e-01	2.535068253950753525e-01	1.514276239613726038e-01	7.253306302660880722e-02	2.903744468697267919e-02	7.532350749558376635e-02
1.161064851277267962e+03	2.534885981081423934e-01	1.643324000360486259e-01	2.536598787872408889e-01	1.515137099160817624e-01	7.256914463447909636e-02	2.905862207921588308e-02	7.537764643868181957e-02
1.162516182341364356e+03	2.532750026068236182e-01	1.641960545585804121e-01	2.538126713997545525e-01	1.515996387804986190e-01	7.260516309302239568e-02	2.907977474194635426e-02	7.543169481926459419e-02
1.163967513405461204e+03	2.530617746771207099e-01	1.640599368041593398e-01	2.539652036715568384e-01	1.516854108578812865e-01	7.264111851326741920e-02	2.910090269674719607e-02	7.548565277915779415e-02
1.165418844469557826e+03	2.528489136861018505e-01	1.639240463908206158e-01	2.541174760408478894e-01	1.517710264508296825e-01	7.267701100605568343e-02	2.912200596519803203e-02	7.553952046003685472e-02
1.166870175533654447e+03	2.526364190019301237e-01	1.637883829372404898e-01	2.542694889450889395e-01	1.518564858612875823e-01	7.271284068204177109e-02	2.914308456887499885e-02	7.559329800342666494e-02
1.168321506597751068e+03	2.524242899938619611e-01	1.636529460627353938e-01	2.544212428210035903e-01	1.519417893905442019e-01	7.274860765169358090e-02	2.916413852935073256e-02	7.564698555070117902e-02
1.169772837661847461e+03	2.522125260322448104e-01	1.635177353872606099e-01	2.545727381045790327e-01	1.520269373392361678e-01	7.278431202529260513e-02	2.918516786819434425e-02	7.570058324308313880e-02
1.171224168725944082e+03	2.520011264885154700e-01	1.633827505314095485e-01	2.547239752310671568e-01	1.521119300073492941e-01	7.281995391293417941e-02	2.920617260697142004e-02	7.575409122164369902e-02
1.172675499790040703e+03	2.517900907351982021e-01	1.632479911164123054e-01	2.548749546349860506e-01	1.521967676942203029e-01	7.285553342452770476e-02	2.922715276724398292e-02	7.580750962730216369e-02
1.174126830854137097e+03	2.515794181459027334e-01	1.631134567641349398e-01	2.550256767501212773e-01	1.522814506985387673e-01	7.289105066979696679e-02	2.924810837057049626e-02	7.586083860082559749e-02
1.175578161918233945e+03	2.513691080953225354e-01	1.629791470970780587e-01	2.551761420095265964e-01	1.523659793183487765e-01	7.292650575828035775e-02	2.926903943850583945e-02	7.591407828282861758e-02
1.177029492982330339e+03	2.511591599592326585e-01	1.628450617383760124e-01	2.553263508455260178e-01	1.524503538510507406e-01	7.296189879933112632e-02	2.928994599260129408e-02	7.596722881377300507e-02
1.178480824046426733e+03	2.509495731144880115e-01	1.627112003117957562e-01	2.554763036897142459e-01	1.525345745934032216e-01	7.299722990211765516e-02	2.931082805440452313e-02	7.602029033396745517e-02
1.179932155110523581e+03	2.507403469390214745e-01	1.625775624417357401e-01	2.556260009729585669e-01	1.526186418415246548e-01	7.303249917562371074e-02	2.933168564545956050e-02	7.607326298356723027e-02
1.181383486174620202e+03	2.505314808118419556e-01	1.624441477532249101e-01	2.557754431253996819e-01	1.527025558908950698e-01	7.306770672864867922e-02	2.935251878730678332e-02	7.612614690257388239e-02
1.182834817238716823e+03	2.503229741130326702e-01	1.623109558719215695e-01	2.559246305764530938e-01	1.527863170363579493e-01	7.310285266980787178e-02	2.937332750148290497e-02	7.617894223083501726e-02
1.184286148302813444e+03	2.501148262237489206e-01	1.621779864241124081e-01	2.560735637548102184e-01	1.528699255721218953e-01	7.313793710753276056e-02	2.939411180952095429e-02	7.623164910804390570e-02
1.185737479366910065e+03	2.499070365262165694e-01	1.620452390367114193e-01	2.562222430884398827e-01	1.529533817917624050e-01	7.317296015007121457e-02	2.941487173295026167e-02	7.628426767373931716e-02
1.187188810431006686e+03	2.496996044037300688e-01	1.619127133372588456e-01	2.563706690045893799e-01	1.530366859882235919e-01	7.320792190548776335e-02	2.943560729329643133e-02	7.633679806730513107e-02
1.188640141495103080e+03	2.494925292406504902e-01	1.617804089539200685e-01	2.565188419297854683e-01	1.531198384538198787e-01	7.324282248166388842e-02	2.945631851208132743e-02	7.638924042797014258e-02
1.190091472559199701e+03	2.492858104224037197e-01	1.616483255154845811e-01	2.566667622898360368e-01	1.532028394802378013e-01	7.327766198629825922e-02	2.947700541082306711e-02	7.644159489480774339e-02
1.191542803623296322e+03	2.490794473354786542e-01	1.615164626513651003e-01	2.568144305098312152e-01	1.532856893585376190e-01	7.331244052690696900e-02	2.949766801103598582e-02	7.649386160673569968e-02
1.192994134687392716e+03	2.488734393674253143e-01	1.613848199915962900e-01	2.569618470141442623e-01	1.533683883791551184e-01	7.334715821082384013e-02	2.951830633423062691e-02	7.654604070251584680e-02
1.194445465751489564e+03	2.486677859068529284e-01	1.612533971668337895e-01	2.571090122264330646e-01	1.534509368319033062e-01	7.338181514520061843e-02	2.953892040191372775e-02	7.659813232075385336e-02
1.195896796815585958e+03	2.484624863434281572e-01	1.611221938083532701e-01	2.572559265696414688e-01	1.535333350059739921e-01	7.341641143700732008e-02	2.955951023558819196e-02	7.665013659989894368e-02
1.197348127879682352e+03	2.482575400678732336e-01	1.609912095480492411e-01	2.574025904660001141e-01	1.536155831899395641e-01	7.345094719303241204e-02	2.958007585675306514e-02	7.670205367824367571e-02
1.198799458943779200e+03	2.480529464719640753e-01	1.608604440184341622e-01	2.575490043370280979e-01	1.536976816717547101e-01	7.348542251988306184e-02	2.960061728690353833e-02	7.675388369392367738e-02
1.200250790007875821e+03	2.478487049485284810e-01	1.607298968526372496e-01	2.576951686035338640e-01	1.537796307387579997e-01	7.351983752398548455e-02	2.962113454753090638e-02	7.680562678491739681e-02
1.201702121071972442e+03	2.476448148914442704e-01	1.605995676844035325e-01	2.578410836856163124e-01	1.538614306776736329e-01	7.355419231158512317e-02	2.964162766012256103e-02	7.685728308904586636e-02
1.203153452136069063e+03	2.474412756956375359e-01	1.604694561480928539e-01	2.579867500026665206e-01	1.539430817746130220e-01	7.358848698874692618e-02	2.966209664616197006e-02	7.690885274397245286e-02
1.204604783200165684e+03	2.472380867570806995e-01	1.603395618786787324e-01	2.581321679733685204e-01	1.540245843150765126e-01	7.362272166135558349e-02	2.968254152712864261e-02	7.696033588720267715e-02
1.206056114264262078e+03	2.470352474727906533e-01	1.602098845117474191e-01	2.582773380157004084e-01	1.541059385839549933e-01	7.365689643511585949e-02	2.970296232449813612e-02	7.701173265608389495e-02
1.207507445328358699e+03	2.468327572408271497e-01	1.600804236834968419e-01	2.584222605469358447e-01	1.541871448655315890e-01	7.369101141555277346e-02	2.972335905974201470e-02	7.706304318780514417e-02
1.208958776392455093e+03	2.466306154602907474e-01	1.599511790307355519e-01	2.585669359836453296e-01	1.542682034434832428e-01	7.372506670801187711e-02	2.974373175432782831e-02	7.711426761939686736e-02
1.210410107456551941e+03	2.464288215313211461e-01	1.598221501908816955e-01	2.587113647416968698e-01	1.543491146008823534e-01	7.375906241765954607e-02	2.976408042971911971e-02	7.716540608773074517e-02
1.211861438520648335e+03	2.462273748550952435e-01	1.596933368019620714e-01	2.588555472362578103e-01	1.544298786201984131e-01	7.379299864948316023e-02	2.978440510737536545e-02	7.721645872951944656e-02
1.213312769584745183e+03	2.460262748338254424e-01	1.595647385026109921e-01	2.589994838817955558e-01	1.545104957832996728e-01	7.382687550829146461e-02	2.980470580875198283e-02	7.726742568131643452e-02
1.214764100648841804e+03	2.458255208707578188e-01	1.594363549320693407e-01	2.591431750920790145e-01	1.545909663714546689e-01	7.386069309871474975e-02	2.982498255530030215e-02	7.731830707951570236e-02
1.216215431712937971e+03	2.456251123701702344e-01	1.593081857301835158e-01	2.592866212801797077e-01	1.546712906653338881e-01	7.389445152520512927e-02	2.984523536846753894e-02	7.736910306035164886e-02
1.217666762777034819e+03	2.454250487373706713e-01	1.591802305374044602e-01	2.594298228584728250e-01	1.547514689450113501e-01	7.392815089203681744e-02	2.986546426969678356e-02	7.741981375989880065e-02
1.219118093841131440e+03	2.452253293786952892e-01	1.590524889947866061e-01	2.595727802386386673e-01	1.548315014899661890e-01	7.396179130330635121e-02	2.988566928042696649e-02	7.747043931407167350e-02
1.220569424905228061e+03	2.450259537015067046e-01	1.589249607439868206e-01	2.597154938316637018e-01	1.549113885790842637e-01	7.399537286293290939e-02	2.990585042209285838e-02	7.752097985862453633e-02
1.222020755969324682e+03	2.448269211141922419e-01	1.587976454272635451e-01	2.598579640478415609e-01	1.549911304906597398e-01	7.402889567465847920e-02	2.992600771612502139e-02	7.757143552915124474e-02
1.223472087033421303e+03	2.446282310261620463e-01	1.586705426874755742e-01	2.600001912967744855e-01	1.550707275023966436e-01	7.406235984204820322e-02	2.994614118394980928e-02	7.762180646108501891e-02
1.224923418097517697e+03	2.444298828478473906e-01	1.585436521680812783e-01	2.601421759873744910e-01	1.551501798914104724e-01	7.409576546849054590e-02	2.996625084698934655e-02	7.767209278969826325e-02
1.226374749161614318e+03	2.442318759906988712e-01	1.584169735131373269e-01	2.602839185278643663e-01	1.552294879342297484e-01	7.412911265719768217e-02	2.998633672666147637e-02	7.772229465010241367e-02
1.227826080225710712e+03	2.440342098671845483e-01	1.582905063672979395e-01	2.604254193257788952e-01	1.553086519067974625e-01	7.416240151120558066e-02	3.000639884437978147e-02	7.777241217724771560e-02
1.229277411289807560e+03	2.438368838907882530e-01	1.581642503758136642e-01	2.605666787879660218e-01	1.553876720844728498e-01	7.419563213337442009e-02	3.002643722155353204e-02	7.782244550592311294e-02
1.230728742353903954e+03	2.436398974760078107e-01	1.580382051845305724e-01	2.607076973205882386e-01	1.554665487420327785e-01	7.422880462638876964e-02	3.004645187958768227e-02	7.787239477075595662e-02
1.232180073418000802e+03	2.434432500383532372e-01	1.579123704398892325e-01	2.608484753291235303e-01	1.555452821536732477e-01	7.426191909275783876e-02	3.006644283988282526e-02	7.792226010621196297e-02
1.233631404482097196e+03	2.432469409943450456e-01	1.577867457889234881e-01	2.609890132183662614e-01	1.556238725930111366e-01	7.429497563481575473e-02	3.008641012383518956e-02	7.797204164659496395e-02
1.235082735546193817e+03	2.430509697615123310e-01	1.576613308792597368e-01	2.611293113924290088e-01	1.557023203330855643e-01	7.432797435472182634e-02	3.010635375283661833e-02	7.802173952604678220e-02
1.236534066610290438e+03	2.428553357583911887e-01	1.575361253591157085e-01	2.612693702547432273e-01	1.557806256463593608e-01	7.436091535446079370e-02	3.012627374827452770e-02	7.807135387854703679e-02
1.237985397674387059e+03	2.426600384045228265e-01	1.574111288772997441e-01	2.614091902080604712e-01	1.558587888047207881e-01	7.439379873584309188e-02	3.014617013153191027e-02	7.812088483791299054e-02
1.239436728738483680e+03	2.424650771204518995e-01	1.572863410832094910e-01	2.615487716544537267e-01	1.559368100794848999e-01	7.442662460050507300e-02	3.016604292398728654e-02	7.817033253779941127e-02
1.240888059802580301e+03	2.422704513277247340e-01	1.571617616268311257e-01	2.616881149953184105e-01	1.560146897413950962e-01	7.445939304990931151e-02	3.018589214701470139e-02	7.821969711169843298e-02
1.242339390866676695e+03	2.420761604488875229e-01	1.570373901587383825e-01	2.618272206313734807e-01	1.560924280606246217e-01	7.449210418534481237e-02	3.020571782198369290e-02	7.826897869293934773e-02
1.243790721930773088e+03	2.418822039074846608e-01	1.569132263300913044e-01	2.619660889626627687e-01	1.561700253067780653e-01	7.452475810792731636e-02	3.022551997025926460e-02	7.831817741468850846e-02
1.245242052994869937e+03	2.416885811280569396e-01	1.567892697926356049e-01	2.621047203885559229e-01	1.562474817488928858e-01	7.455735491859950825e-02	3.024529861320187502e-02	7.836729340994919024e-02
1.246693384058966330e+03	2.414952915361398278e-01	1.566655201987014745e-01	2.622431153077496857e-01	1.563247976554408003e-01	7.458989471813132210e-02	3.026505377216739609e-02	7.841632681156140983e-02
1.248144715123063179e+03	2.413023345582618051e-01	1.565419772012026089e-01	2.623812741182691144e-01	1.564019732943293939e-01	7.462237760712016332e-02	3.028478546850710967e-02	7.846527775220178691e-02
1.249596046187159800e+03	2.411097096219425029e-01	1.564186404536352659e-01	2.625191972174684141e-01	1.564790089329034239e-01	7.465480368599118621e-02	3.030449372356767979e-02	7.851414636438346084e-02
1.251047377251256421e+03	2.409174161556911775e-01	1.562955096100773766e-01	2.626568850020323809e-01	1.565559048379465135e-01	7.468717305499750214e-02	3.032417855869111098e-02	7.856293278045591022e-02
1.252498708315352815e+03	2.407254535890047120e-01	1.561725843251873524e-01	2.627943378679773456e-01	1.566326612756824554e-01	7.471948581422049873e-02	3.034383999521474487e-02	7.861163713260484187e-02
1.253950039379449436e+03	2.405338213523660895e-01	1.560498642542033076e-01	2.629315562106525617e-01	1.567092785117766562e-01	7.475174206357004802e-02	3.036347805447123585e-02	7.866025955285205207e-02
1.255401370443546057e+03	2.403425188772425614e-01	1.559273490529420048e-01	2.630685404247409820e-01	1.567857568113376898e-01	7.478394190278482567e-02	3.038309275778850946e-02	7.870880017305530163e-02
1.256852701507642678e+03	2.401515455960841205e-01	1.558050383777979109e-01	2.632052909042607025e-01	1.568620964389187411e-01	7.481608543143246359e-02	3.040268412648975890e-02	7.875725912490823266e-02
1.258304032571739299e+03	2.399609009423215311e-01	1.556829318857421429e-01	2.633418080425657948e-01	1.569382976585189382e-01	7.484817274890989691e-02	3.042225218189341038e-02	7.880563653994017426e-02
1.259755363635835920e+03	2.397705843503648571e-01	1.555610292343216350e-01	2.634780922323477492e-01	1.570143607335848790e-01	7.488020395444358601e-02	3.044179694531309183e-02	7.885393254951610087e-02
1.261206694699932314e+03	2.395805952556015472e-01	1.554393300816580559e-01	2.636141438656363634e-01	1.570902859270120466e-01	7.491217914708975245e-02	3.046131843805762948e-02	7.890214728483647966e-02
1.262658025764028707e+03	2.393909330943948532e-01	1.553178340864468654e-01	2.637499633338010741e-01	1.571660735011462806e-01	7.494409842573465652e-02	3.048081668143100970e-02	7.895028087693715946e-02
1.264109356828125556e+03	2.392015973040821086e-01	1.551965409079564540e-01	2.638855510275516791e-01	1.572417237177851090e-01	7.497596188909490256e-02	3.050029169673235119e-02	7.899833345668930140e-02
1.265560687892221949e+03	2.390125873229730080e-01	1.550754502060270323e-01	2.640209073369400583e-01	1.573172368381792197e-01	7.500776963571754996e-02	3.051974350525589463e-02	7.904630515479918462e-02
1.267012018956318798e+03	2.388239025903479695e-01	1.549545616410697435e-01	2.641560326513606727e-01	1.573926131230338477e-01	7.503952176398052953e-02	3.053917212829096103e-02	7.909419610180820626e-02
1.268463350020415419e+03	2.386355425464563307e-01	1.548338748740657189e-01	2.642909273595521746e-01	1.574678528325102744e-01	7.507121837209278226e-02	3.055857758712193784e-02	7.914200642809270103e-02
1.269914681084511813e+03	2.384475066325147941e-01	1.547133895665650793e-01	2.644255918495981850e-01	1.575429562262270489e-01	7.510285955809456460e-02	3.057795990302825812e-02	7.918973626386389963e-02
1.271366012148608434e+03	2.382597942907056787e-01	1.545931053806860189e-01	2.645600265089286252e-01	1.576179235632615694e-01	7.513444541985773995e-02	3.059731909728436589e-02	7.923738573916781769e-02
1.272817343212705055e+03	2.380724049641751439e-01	1.544730219791138337e-01	2.646942317243207166e-01	1.576927551021513885e-01	7.516597605508593127e-02	3.061665519115969528e-02	7.928495498388514473e-02
1.274268674276801676e+03	2.378853380970317177e-01	1.543531390250999225e-01	2.648282078819000351e-01	1.577674511008955449e-01	7.519745156131485420e-02	3.063596820591864972e-02	7.933244412773116094e-02
1.275720005340898297e+03	2.376985931343444103e-01	1.542334561824609263e-01	2.649619553671417327e-01	1.578420118169560626e-01	7.522887203591255290e-02	3.065525816282057073e-02	7.937985330025565389e-02
1.277171336404994690e+03	2.375121695221411589e-01	1.541139731155777293e-01	2.650954745648714805e-01	1.579164375072592830e-01	7.526023757607963605e-02	3.067452508311971360e-02	7.942718263084283525e-02
1.278622667469091539e+03	2.373260667074071628e-01	1.539946894893945428e-01	2.652287658592669128e-01	1.579907284281972246e-01	7.529154827884955437e-02	3.069376898806522661e-02	7.947443224871125755e-02
1.280073998533187932e+03	2.371402841380832183e-01	1.538756049694178507e-01	2.653618296338582927e-01	1.580648848356289160e-01	7.532280424108883654e-02	3.071298989890112671e-02	7.952160228291371702e-02
1.281525329597284326e+03	2.369548212630638861e-01	1.537567192217155487e-01	2.654946662715298444e-01	1.581389069848818107e-01	7.535400555949736678e-02	3.073218783686626834e-02	7.956869286233718419e-02
1.282976660661381175e+03	2.367696775321960490e-01	1.536380319129161121e-01	2.656272761545209193e-01	1.582127951307531477e-01	7.538515233060859300e-02	3.075136282319431216e-02	7.961570411570274841e-02
1.284427991725477568e+03	2.365848523962771621e-01	1.535195427102074017e-01	2.657596596644268838e-01	1.582865495275113110e-01	7.541624465078981820e-02	3.077051487911373201e-02	7.966263617156553456e-02
1.285879322789574417e+03	2.364003453070535887e-01	1.534012512813359985e-01	2.658918171822003962e-01	1.583601704288970791e-01	7.544728261624245036e-02	3.078964402584774204e-02	7.970948915831460591e-02
1.287330653853671038e+03	2.362161557172189896e-01	1.532831572946060095e-01	2.660237490881523503e-01	1.584336580881251233e-01	7.547826632300222438e-02	3.080875028461431062e-02	7.975626320417290860e-02
1.288781984917767431e+03	2.360322830804126026e-01	1.531652604188783184e-01	2.661554557619529859e-01	1.585070127578851740e-01	7.550919586693950747e-02	3.082783367662611865e-02	7.980295843719724391e-02
1.290233315981864052e+03	2.358487268512176049e-01	1.530475603235695037e-01	2.662869375826331098e-01	1.585802346903435467e-01	7.554007134375950727e-02	3.084689422309052492e-02	7.984957498527814335e-02
