1.001418434226643626e+03	2.791760784156555597e-01	1.810283487905334499e-01	2.350840967008283044e-01	1.409723336281583639e-01	6.818875314845876390e-02	2.662295768182587966e-02	6.892743163442824339e-02
1.003837319333471214e+03	2.787479962199049810e-01	1.807539656116268489e-01	2.353896648200829445e-01	1.411466673339425715e-01	6.826118941834687093e-02	2.666371736115705562e-02	6.903679923482723690e-02
1.006256204440298802e+03	2.783211713983707036e-01	1.804803193082637203e-01	2.356943532418878107e-01	1.413204637898646254e-01	6.833341596094455461e-02	2.670440214369653939e-02	6.914587415686053451e-02
1.008675089547126618e+03	2.778956001947006094e-01	1.802074079451439215e-01	2.359981644116260491e-01	1.414937248540584225e-01	6.840543341968656488e-02	2.674501210100385662e-02	6.925465707366902646e-02
1.011093974653954206e+03	2.774712788640885108e-01	1.799352295918104361e-01	2.363011007679477748e-01	1.416664523771539175e-01	6.847724243594234539e-02	2.678554730496957720e-02	6.936314865797593709e-02
1.013512859760782021e+03	2.770482036732370701e-01	1.796637823226383823e-01	2.366031647427886964e-01	1.418386482023144546e-01	6.854884364902226468e-02	2.682600782781226559e-02	6.947134958207529243e-02
1.015931744867609382e+03	2.766263709003211613e-01	1.793930642168240774e-01	2.369043587613890167e-01	1.420103141652741541e-01	6.862023769618406932e-02	2.686639374207547629e-02	6.957926051782048482e-02
1.018350629974437197e+03	2.762057768349509002e-01	1.791230733583739909e-01	2.372046852423120300e-01	1.421814520943747162e-01	6.869142521263910117e-02	2.690670512062475275e-02	6.968688213661296260e-02
1.020769515081264785e+03	2.757864177781350068e-01	1.788538078360940031e-01	2.375041465974626620e-01	1.423520638106023084e-01	6.876240683155870892e-02	2.694694203664465063e-02	6.979421510939107232e-02
1.023188400188092373e+03	2.753682900422444457e-01	1.785852657435783586e-01	2.378027452321062329e-01	1.425221511276239250e-01	6.883318318408054859e-02	2.698710456363576440e-02	6.990126010661905365e-02
1.025607285294920075e+03	2.749513899509758996e-01	1.783174451791989246e-01	2.381004835448868873e-01	1.426917158518238582e-01	6.890375489931498121e-02	2.702719277541178883e-02	7.000801779827608984e-02
1.028026170401747549e+03	2.745357138393154650e-01	1.780503442460941166e-01	2.383973639278458845e-01	1.428607597823395026e-01	6.897412260435140108e-02	2.706720674609656291e-02	7.011448885384549690e-02
1.030445055508575479e+03	2.741212580535026255e-01	1.777839610521582958e-01	2.386933887664403064e-01	1.430292847110972709e-01	6.904428692426460568e-02	2.710714655012117294e-02	7.022067394230410708e-02
1.032863940615402726e+03	2.737080189509942252e-01	1.775182937100308611e-01	2.389885604395610985e-01	1.431972924228482047e-01	6.911424848212115168e-02	2.714701226222103816e-02	7.032657373211173568e-02
1.035282825722230655e+03	2.732959929004286082e-01	1.772533403370853411e-01	2.392828813195516380e-01	1.433647846952032234e-01	6.918400789898572489e-02	2.718680395743302766e-02	7.043218889120070325e-02
1.037701710829058356e+03	2.728851762815897031e-01	1.769890990554187915e-01	2.395763537722257475e-01	1.435317632986683190e-01	6.925356579392751011e-02	2.722652171109258418e-02	7.053752008696564935e-02
1.040120595935886058e+03	2.724755654853713294e-01	1.767255679918408873e-01	2.398689801568859303e-01	1.436982299966794441e-01	6.932292278402651942e-02	2.726616559883087224e-02	7.064256798625327682e-02
1.042539481042713533e+03	2.720671569137420032e-01	1.764627452778632366e-01	2.401607628263415783e-01	1.438641865456371238e-01	6.939207948437998985e-02	2.730573569657193667e-02	7.074733325535231820e-02
1.044958366149541234e+03	2.716599469797091881e-01	1.762006290496886951e-01	2.404517041269270405e-01	1.440296346949410111e-01	6.946103650810876717e-02	2.734523208052987153e-02	7.085181655998364081e-02
1.047377251256368709e+03	2.712539321072839904e-01	1.759392174482006244e-01	2.407418063985194701e-01	1.441945761870240816e-01	6.952979446636359251e-02	2.738465482720602723e-02	7.095601856529040741e-02
1.049796136363196410e+03	2.708491087314461865e-01	1.756785086189521228e-01	2.410310719745570873e-01	1.443590127573866899e-01	6.959835396833154164e-02	2.742400401338620369e-02	7.105993993582840340e-02
1.052215021470024112e+03	2.704454732981091403e-01	1.754185007121554785e-01	2.413195031820567771e-01	1.445229461346303201e-01	6.966671562124225614e-02	2.746327971613786445e-02	7.116358133555640564e-02
1.054633906576851814e+03	2.700430222640847200e-01	1.751591918826714556e-01	2.416071023416321850e-01	1.446863780404912536e-01	6.973488003037441041e-02	2.750248201280739921e-02	7.126694342782684266e-02
1.057052791683679516e+03	2.696417520970484927e-01	1.749005802899987472e-01	2.418938717675113426e-01	1.448493101898739865e-01	6.980284779906197057e-02	2.754161098101735178e-02	7.137002687537631618e-02
1.059471676790506763e+03	2.692416592755052518e-01	1.746426640982632894e-01	2.421798137675546247e-01	1.450117442908842869e-01	6.987061952870053660e-02	2.758066669866369308e-02	7.147283234031646948e-02
1.061890561897334692e+03	2.688427402887541562e-01	1.743854414762076588e-01	2.424649306432722917e-01	1.451736820448624454e-01	6.993819581875369840e-02	2.761964924391311499e-02	7.157536048412481422e-02
1.064309447004162394e+03	2.684449916368543687e-01	1.741289105971805529e-01	2.427492246898421413e-01	1.453351251464157501e-01	7.000557726675932235e-02	2.765855869520032415e-02	7.167761196763575149e-02
1.066728332110990095e+03	2.680484098305906948e-01	1.738730696391261876e-01	2.430326981961271615e-01	1.454960752834512372e-01	7.007276446833583805e-02	2.769739513122533928e-02	7.177958745103170390e-02
1.069147217217817570e+03	2.676529913914394432e-01	1.736179167845738336e-01	2.433153534446930721e-01	1.456565341372080546e-01	7.013975801718860814e-02	2.773615863095084746e-02	7.188128759383428934e-02
1.071566102324645271e+03	2.672587328515342309e-01	1.733634502206272132e-01	2.435971927118257829e-01	1.458165033822896584e-01	7.020655850511611784e-02	2.777484927359951880e-02	7.198271305489566119e-02
1.073984987431472746e+03	2.668656307536317884e-01	1.731096681389541203e-01	2.438782182675488797e-01	1.459759846866957034e-01	7.027316652201631708e-02	2.781346713865138348e-02	7.208386449238997351e-02
1.076403872538300675e+03	2.664736816510784312e-01	1.728565687357758451e-01	2.441584323756409436e-01	1.461349797118539351e-01	7.033958265589292103e-02	2.785201230584120544e-02	7.218474256380492948e-02
1.078822757645127922e+03	2.660828821077759199e-01	1.726041502118567106e-01	2.444378372936529265e-01	1.462934901126517473e-01	7.040580749286157181e-02	2.789048485515585596e-02	7.228534792593338532e-02
1.081241642751955851e+03	2.656932286981481539e-01	1.723524107724937193e-01	2.447164352729254977e-01	1.464515175374676570e-01	7.047184161715613904e-02	2.792888486683172550e-02	7.238568123486516237e-02
1.083660527858783553e+03	2.653047180071074207e-01	1.721013486275061177e-01	2.449942285586061419e-01	1.466090636282023352e-01	7.053768561113497870e-02	2.796721242135214239e-02	7.248574314597890089e-02
1.086079412965611255e+03	2.649173466300209778e-01	1.718509619912249042e-01	2.452712193896664505e-01	1.467661300203098040e-01	7.060334005528708101e-02	2.800546759944480893e-02	7.258553431393399702e-02
1.088498298072438729e+03	2.645311111726775799e-01	1.716012490824825876e-01	2.455474099989192471e-01	1.469227183428283012e-01	7.066880552823832928e-02	2.804365048207923747e-02	7.268505539266272020e-02
1.090917183179266431e+03	2.641460082512546714e-01	1.713522081246026951e-01	2.458228026130355737e-01	1.470788302184107277e-01	7.073408260675771719e-02	2.808176115046421076e-02	7.278430703536239998e-02
1.093336068286093905e+03	2.637620344922848026e-01	1.711038373453895034e-01	2.460973994525618713e-01	1.472344672633553453e-01	7.079917186576346888e-02	2.811979968604527702e-02	7.288328989448766837e-02
1.095754953392921607e+03	2.633791865326230996e-01	1.708561349771177684e-01	2.463712027319368281e-01	1.473896310876359750e-01	7.086407387832922844e-02	2.815776617050221725e-02	7.298200462174285474e-02
1.098173838499749309e+03	2.629974610194140139e-01	1.706090992565222619e-01	2.466442146595083651e-01	1.475443232949320282e-01	7.092878921569027717e-02	2.819566068574656456e-02	7.308045186807446414e-02
1.100592723606577010e+03	2.626168546100588475e-01	1.703627284247876406e-01	2.469164374375505400e-01	1.476985454826585387e-01	7.099331844724957041e-02	2.823348331391912353e-02	7.317863228366375261e-02
1.103011608713404712e+03	2.622373639721827243e-01	1.701170207275380375e-01	2.471878732622803942e-01	1.478522992419958604e-01	7.105766214058394092e-02	2.827123413738748953e-02	7.327654651791946916e-02
1.105430493820231959e+03	2.618589857836027268e-01	1.698719744148270427e-01	2.474585243238746346e-01	1.480055861579192833e-01	7.112182086145016346e-02	2.830891323874362014e-02	7.337419521947050050e-02
1.107849378927059888e+03	2.614817167322945335e-01	1.696275877411272115e-01	2.477283928064864527e-01	1.481584078092283985e-01	7.118579517379110266e-02	2.834652070080136838e-02	7.347157903615890440e-02
1.110268264033887590e+03	2.611055535163609442e-01	1.693838589653199889e-01	2.479974808882622062e-01	1.483107657685762970e-01	7.124958563974172210e-02	2.838405660659408178e-02	7.356869861503274877e-02
1.112687149140715292e+03	2.607304928439991287e-01	1.691407863506855513e-01	2.482657907413580167e-01	1.484626616024986578e-01	7.131319281963523216e-02	2.842152103937218080e-02	7.366555460233928376e-02
1.115106034247542766e+03	2.603565314334686520e-01	1.688983681648925372e-01	2.485333245319563678e-01	1.486140968714426414e-01	7.137661727200905748e-02	2.845891408260076832e-02	7.376214764351801678e-02
1.117524919354370468e+03	2.599836660130596666e-01	1.686566026799879991e-01	2.488000844202826745e-01	1.487650731297955609e-01	7.143985955361091544e-02	2.849623581995724617e-02	7.385847838319402336e-02
1.119943804461197942e+03	2.596118933210607160e-01	1.684154881723872177e-01	2.490660725606217152e-01	1.489155919259133598e-01	7.150292021940485299e-02	2.853348633532894543e-02	7.395454746517127198e-02
1.122362689568025871e+03	2.592412101057271490e-01	1.681750229228635429e-01	2.493312911013341460e-01	1.490656548021491723e-01	7.156579982257720018e-02	2.857066571281077078e-02	7.405035553242607371e-02
1.124781574674853118e+03	2.588716131252494779e-01	1.679352052165383746e-01	2.495957421848728208e-01	1.492152632948813284e-01	7.162849891454255158e-02	2.860777403670285851e-02	7.414590322710057357e-02
1.127200459781681047e+03	2.585030991477215712e-01	1.676960333428710592e-01	2.498594279477992230e-01	1.493644189345414985e-01	7.169101804494981689e-02	2.864481139150825556e-02	7.424119119049644999e-02
1.129619344888508749e+03	2.581356649511095114e-01	1.674575055956488423e-01	2.501223505207996189e-01	1.495131232456425874e-01	7.175335776168806357e-02	2.868177786193061227e-02	7.433622006306857266e-02
1.132038229995336451e+03	2.577693073232198984e-01	1.672196202729767933e-01	2.503845120287015447e-01	1.496613777468063511e-01	7.181551861089252586e-02	2.871867353287185787e-02	7.443099048441881305e-02
1.134457115102163925e+03	2.574040230616688740e-01	1.669823756772678414e-01	2.506459145904897379e-01	1.498091839507911249e-01	7.187750113695046128e-02	2.875549848942994535e-02	7.452550309328993816e-02
1.136876000208991627e+03	2.570398089738506475e-01	1.667457701152326999e-01	2.509065603193224026e-01	1.499565433645189405e-01	7.193930588250711800e-02	2.879225281689654775e-02	7.461975852755957372e-02
1.139294885315819101e+03	2.566766618769068531e-01	1.665098018978699579e-01	2.511664513225473905e-01	1.501034574891030315e-01	7.200093338847156355e-02	2.882893660075482381e-02	7.471375742423430610e-02
1.141713770422646803e+03	2.563145785976954083e-01	1.662744693404560881e-01	2.514255897017182995e-01	1.502499278198747290e-01	7.206238419402254125e-02	2.886554992667715938e-02	7.480750041944377038e-02
1.144132655529474505e+03	2.559535559727595944e-01	1.660397707625355102e-01	2.516839775526100720e-01	1.503959558464105228e-01	7.212365883661438215e-02	2.890209288052293657e-02	7.490098814843494657e-02
1.146551540636302207e+03	2.555935908482974694e-01	1.658057044879106545e-01	2.519416169652357596e-01	1.505415430525587073e-01	7.218475785198276429e-02	2.893856554833632022e-02	7.499422124556641422e-02
1.148970425743129908e+03	2.552346800801310045e-01	1.655722688446319979e-01	2.521985100238615107e-01	1.506866909164660817e-01	7.224568177415056913e-02	2.897496801634403402e-02	7.508720034430281520e-02
1.151389310849957155e+03	2.548768205336759962e-01	1.653394621649883212e-01	2.524546588070231690e-01	1.508314009106043463e-01	7.230643113543364087e-02	2.901130037095318859e-02	7.517992607720933029e-02
1.153808195956785084e+03	2.545200090839112028e-01	1.651072827854967728e-01	2.527100653875418157e-01	1.509756745017963586e-01	7.236700646644657342e-02	2.904756269874908883e-02	7.527239907594621138e-02
1.156227081063612786e+03	2.541642426153481460e-01	1.648757290468928771e-01	2.529647318325394245e-01	1.511195131512424739e-01	7.242740829610851139e-02	2.908375508649306551e-02	7.536461997126345236e-02
1.158645966170440488e+03	2.538095180220009683e-01	1.646447992941209859e-01	2.532186602034549594e-01	1.512629183145463574e-01	7.248763715164879828e-02	2.911987762112032418e-02	7.545658939299550172e-02
1.161064851277267962e+03	2.534558322073564018e-01	1.644144918763241758e-01	2.534718525560596403e-01	1.514058914417409363e-01	7.254769355861274971e-02	2.915593038973780804e-02	7.554830797005609999e-02
1.163483736384095664e+03	2.531031820843435698e-01	1.641848051468346448e-01	2.537243109404729857e-01	1.515484339773140732e-01	7.260757804086738487e-02	2.919191347962204683e-02	7.563977633043314497e-02
1.165902621490923138e+03	2.527515645753039553e-01	1.639557374631638864e-01	2.539760374011780786e-01	1.516905473602340737e-01	7.266729112060704709e-02	2.922782697821708561e-02	7.573099510118368183e-02
1.168321506597751068e+03	2.524009766119618692e-01	1.637272871869928648e-01	2.542270339770374421e-01	1.518322330239752771e-01	7.272683331835909371e-02	2.926367097313232676e-02	7.582196490842889325e-02
1.170740391704578315e+03	2.520514151353945853e-01	1.634994526841624107e-01	2.544773027013082500e-01	1.519734923965431472e-01	7.278620515298958593e-02	2.929944555214047258e-02	7.591268637734931157e-02
1.173159276811406244e+03	2.517028770960028083e-01	1.632722323246633689e-01	2.547268456016578697e-01	1.521143269004994469e-01	7.284540714170884002e-02	2.933515080317544016e-02	7.600316013217991995e-02
1.175578161918233945e+03	2.513553594534809754e-01	1.630456244826270218e-01	2.549756647001794607e-01	1.522547379529873013e-01	7.290443980007707547e-02	2.937078681433029359e-02	7.609338679620550328e-02
1.177997047025061647e+03	2.510088591767879462e-01	1.628196275363152645e-01	2.552237620134072404e-01	1.523947269657559278e-01	7.296330364201003560e-02	2.940635367385519353e-02	7.618336699175595750e-02
1.180415932131889122e+03	2.506633732441177487e-01	1.625942398681110568e-01	2.554711395523316941e-01	1.525342953451853945e-01	7.302199917978449695e-02	2.944185147015534673e-02	7.627310134020172383e-02
1.182834817238716823e+03	2.503188986428703244e-01	1.623694598645087916e-01	2.557177993224151180e-01	1.526734444923112111e-01	7.308052692404387596e-02	2.947728029178898340e-02	7.636259046194925071e-02
1.185253702345544298e+03	2.499754323696221636e-01	1.621452859161044979e-01	2.559637433236064963e-01	1.528121758028486710e-01	7.313888738380375232e-02	2.951264022746534141e-02	7.645183497643663617e-02
1.187672587452371999e+03	2.496329714300976055e-01	1.619217164175864310e-01	2.562089735503569887e-01	1.529504906672172759e-01	7.319708106645733681e-02	2.954793136604266096e-02	7.654083550212921472e-02
1.190091472559199701e+03	2.492915128391397783e-01	1.616987497677253582e-01	2.564534919916351408e-01	1.530883904705646892e-01	7.325510847778107792e-02	2.958315379652618968e-02	7.662959265651525520e-02
1.192510357666027403e+03	2.489510536206817337e-01	1.614763843693650669e-01	2.566973006309418159e-01	1.532258765927908828e-01	7.331297012194000484e-02	2.961830760806619806e-02	7.671810705610182524e-02
1.194929242772855105e+03	2.486115908077176362e-01	1.612546186294127881e-01	2.569404014463252395e-01	1.533629504085720630e-01	7.337066650149330627e-02	2.965339288995602271e-02	7.680637931641051686e-02
1.197348127879682352e+03	2.482731214422743138e-01	1.610334509588296215e-01	2.571827964103960973e-01	1.534996132873842067e-01	7.342819811739968727e-02	2.968840973163010266e-02	7.689441005197351908e-02
1.199767012986510281e+03	2.479356425753825033e-01	1.608128797726210701e-01	2.574244874903425795e-01	1.536358665935269319e-01	7.348556546902286490e-02	2.972335822266202951e-02	7.698219987632952399e-02
1.202185898093337983e+03	2.475991512670485672e-01	1.605929034898275209e-01	2.576654766479453129e-01	1.537717116861468114e-01	7.354276905413689724e-02	2.975823845276262189e-02	7.706974940201977153e-02
1.204604783200165684e+03	2.472636445862260446e-01	1.603735205335147795e-01	2.579057658395920716e-01	1.539071499192607717e-01	7.359980936893163739e-02	2.979305051177800340e-02	7.715705924058420540e-02
1.207023668306993159e+03	2.469291196107873676e-01	1.601547293307646336e-01	2.581453570162928202e-01	1.540421826417792683e-01	7.365668690801806251e-02	2.982779448968769093e-02	7.724413000255768436e-02
1.209442553413820860e+03	2.465955734274957178e-01	1.599365283126652770e-01	2.583842521236945355e-01	1.541768111975294064e-01	7.371340216443364457e-02	2.986247047660270035e-02	7.733096229746624917e-02
1.211861438520648335e+03	2.462630031319769930e-01	1.597189159143020953e-01	2.586224531020956952e-01	1.543110369252780056e-01	7.376995562964765163e-02	2.989707856276365219e-02	7.741755673382341718e-02
1.214280323627476264e+03	2.459314058286918014e-01	1.595018905747480620e-01	2.588599618864614316e-01	1.544448611587542486e-01	7.382634779356647692e-02	2.993161883853890162e-02	7.750391391912660188e-02
1.216699208734303511e+03	2.456007786309075402e-01	1.592854507370545236e-01	2.590967804064378543e-01	1.545782852266724960e-01	7.388257914453894015e-02	2.996609139442267880e-02	7.759003445985353242e-02
1.219118093841131440e+03	2.452711186606705562e-01	1.590695948482417355e-01	2.593329105863669271e-01	1.547113104527547967e-01	7.393865016936156109e-02	3.000049632103323274e-02	7.767591896145881192e-02
1.221536978947959142e+03	2.449424230487785570e-01	1.588543213592894798e-01	2.595683543453007891e-01	1.548439381557534800e-01	7.399456135328377759e-02	3.003483370911099251e-02	7.776156802837051740e-02
1.223955864054786844e+03	2.446146889347529108e-01	1.586396287251278514e-01	2.598031135970167438e-01	1.549761696494733332e-01	7.405031318001326079e-02	3.006910364951673187e-02	7.784698226398677201e-02
1.226374749161614318e+03	2.442879134668112240e-01	1.584255154046278480e-01	2.600371902500312471e-01	1.551080062427939166e-01	7.410590613172103602e-02	3.010330623322976518e-02	7.793216227067253921e-02
1.228793634268442020e+03	2.439620938018397800e-01	1.582119798605920724e-01	2.602705862076149512e-01	1.552394492396915460e-01	7.416134068904677024e-02	3.013744155134612246e-02	7.801710864975633375e-02
1.231212519375269494e+03	2.436372271053662830e-01	1.579990205597455177e-01	2.605033033678065268e-01	1.553704999392613861e-01	7.421661733110390680e-02	3.017150969507677305e-02	7.810182200152708532e-02
1.233631404482097196e+03	2.433133105515326300e-01	1.577866359727263523e-01	2.607353436234276511e-01	1.555011596357391834e-01	7.427173653548484189e-02	3.020551075574581801e-02	7.818630292523102987e-02
1.236050289588924898e+03	2.429903413230676545e-01	1.575748245740764830e-01	2.609667088620968300e-01	1.556314296185230817e-01	7.432669877826604543e-02	3.023944482478874152e-02	7.827055201906864268e-02
1.238469174695752372e+03	2.426683166112601764e-01	1.573635848422325345e-01	2.611974009662440532e-01	1.557613111721950772e-01	7.438150453401326523e-02	3.027331199375062065e-02	7.835456988019168234e-02
1.240888059802580301e+03	2.423472336159319951e-01	1.571529152595165790e-01	2.614274218131249494e-01	1.558908055765427236e-01	7.443615427578653687e-02	3.030711235428440106e-02	7.843835710470022093e-02
1.243306944909407548e+03	2.420270895454109394e-01	1.569428143121268659e-01	2.616567732748350528e-01	1.560199141065802542e-01	7.449064847514530463e-02	3.034084599814914490e-02	7.852191428763977132e-02
1.245725830016235477e+03	2.417078816165041666e-01	1.567332804901288013e-01	2.618854572183239027e-01	1.561486380325700918e-01	7.454498760215357012e-02	3.037451301720828917e-02	7.860524202299851160e-02
1.248144715123063179e+03	2.413896070544713501e-01	1.565243122874457327e-01	2.621134755054092547e-01	1.562769786200437494e-01	7.459917212538483278e-02	3.040811350342794220e-02	7.868834090370448175e-02
1.250563600229890881e+03	2.410722630929981181e-01	1.563159082018497625e-01	2.623408299927911247e-01	1.564049371298229796e-01	7.465320251192719692e-02	3.044164754887516630e-02	7.877121152162294693e-02
1.252982485336718355e+03	2.407558469741696294e-01	1.561080667349527273e-01	2.625675225320660000e-01	1.565325148180405912e-01	7.470707922738838158e-02	3.047511524571628466e-02	7.885385446755366345e-02
1.255401370443546057e+03	2.404403559484438735e-01	1.559007863921970105e-01	2.627935549697406614e-01	1.566597129361613772e-01	7.476080273590068881e-02	3.050851668621518825e-02	7.893627033122835313e-02
1.257820255550373531e+03	2.401257872746255517e-01	1.556940656828466052e-01	2.630189291472463942e-01	1.567865327310027090e-01	7.481437350012604126e-02	3.054185196273166703e-02	7.901845970130813579e-02
1.260239140657201460e+03	2.398121382198397100e-01	1.554879031199778994e-01	2.632436469009527547e-01	1.569129754447550484e-01	7.486779198126086721e-02	3.057512116771973071e-02	7.910042316538108687e-02
1.262658025764028707e+03	2.394994060595055374e-01	1.552822972204707386e-01	2.634677100621815038e-01	1.570390423150024861e-01	7.492105863904112428e-02	3.060832439372596428e-02	7.918216130995975321e-02
1.265076910870856636e+03	2.391875880773103868e-01	1.550772465049993221e-01	2.636911204572204848e-01	1.571647345747430591e-01	7.497417393174718447e-02	3.064146173338787998e-02	7.926367472047879392e-02
1.267495795977684338e+03	2.388766815651835462e-01	1.548727494980232655e-01	2.639138799073375563e-01	1.572900534524089566e-01	7.502713831620877460e-02	3.067453327943227628e-02	7.934496398129270434e-02
1.269914681084511813e+03	2.385666838232705922e-01	1.546688047277786360e-01	2.641359902287941930e-01	1.574150001718866709e-01	7.507995224780981969e-02	3.070753912467361763e-02	7.942602967567349848e-02
1.272333566191339514e+03	2.382575921599073276e-01	1.544654107262689036e-01	2.643574532328594184e-01	1.575395759525370365e-01	7.513261618049335566e-02	3.074047936201241768e-02	7.950687238580851635e-02
1.274752451298167216e+03	2.379494038915941911e-01	1.542625660292560597e-01	2.645782707258234057e-01	1.576637820092150755e-01	7.518513056676641437e-02	3.077335408443362258e-02	7.958749269279820349e-02
1.277171336404994690e+03	2.376421163429704997e-01	1.540602691762515963e-01	2.647984445090111327e-01	1.577876195522898151e-01	7.523749585770479753e-02	3.080616338500504620e-02	7.966789117665407094e-02
1.279590221511822392e+03	2.373357268467888859e-01	1.538585187105077079e-01	2.650179763787960385e-01	1.579110897876640773e-01	7.528971250295793394e-02	3.083890735687576032e-02	7.974806841629658583e-02
1.282009106618650094e+03	2.370302327438898182e-01	1.536573131790083258e-01	2.652368681266136785e-01	1.580341939167938803e-01	7.534178095075370896e-02	3.087158609327451952e-02	7.982802498955311743e-02
1.284427991725477568e+03	2.367256313831761216e-01	1.534566511324601812e-01	2.654551215389751584e-01	1.581569331367080611e-01	7.539370164790318296e-02	3.090419968750821034e-02	7.990776147315606370e-02
1.286846876832305497e+03	2.364219201215878863e-01	1.532565311252841456e-01	2.656727383974808454e-01	1.582793086400275939e-01	7.544547503980542080e-02	3.093674823296028303e-02	7.998727844274083898e-02
1.289265761939132744e+03	2.361190963240769047e-01	1.530569517156061266e-01	2.658897204788335800e-01	1.584013216149849079e-01	7.549710157045225190e-02	3.096923182308921815e-02	8.006657647284405599e-02
1.291684647045960673e+03	2.358171573635816642e-01	1.528579114652484361e-01	2.661060695548523314e-01	1.585229732454430107e-01	7.554858168243294703e-02	3.100165055142697912e-02	8.014565613690166623e-02
1.294103532152788375e+03	2.355161006210023666e-01	1.526594089397209086e-01	2.663217873924855206e-01	1.586442647109145565e-01	7.559991581693899232e-02	3.103400451157749956e-02	8.022451800724722526e-02
1.296522417259616077e+03	2.352159234851756986e-01	1.524614427082120749e-01	2.665368757538242872e-01	1.587651971865808864e-01	7.565110441376877992e-02	3.106629379721515330e-02	8.030316265511013019e-02
1.298941302366443551e+03	2.349166233528501846e-01	1.522640113435805298e-01	2.667513363961160344e-01	1.588857718433108190e-01	7.570214791133225707e-02	3.109851850208326246e-02	8.038159065061395436e-02
1.301360187473271253e+03	2.346181976286611515e-01	1.520671134223459953e-01	2.669651710717775295e-01	1.590059898476793576e-01	7.575304674665563065e-02	3.113067871999258829e-02	8.045980256277476816e-02
1.303779072580098727e+03	2.343206437251060814e-01	1.518707475246807159e-01	2.671783815284082264e-01	1.591258523619865084e-01	7.580380135538598851e-02	3.116277454481985315e-02	8.053779895949961243e-02
1.306197957686926657e+03	2.340239590625199373e-01	1.516749122344007161e-01	2.673909695088035332e-01	1.592453605442757103e-01	7.585441217179597628e-02	3.119480607050624868e-02	8.061558040758487476e-02
1.308616842793753904e+03	2.337281410690505989e-01	1.514796061389569737e-01	2.676029367509678014e-01	1.593645155483524034e-01	7.590487962878839090e-02	3.122677339105598901e-02	8.069314747271484622e-02
1.311035727900581833e+03	2.334331871806342718e-01	1.512848278294269821e-01	2.678142849881276488e-01	1.594833185238022921e-01	7.595520415790074642e-02	3.125867660053483627e-02	8.077050071946025034e-02
1.313454613007409534e+03	2.331390948409711450e-01	1.510905759005058135e-01	2.680250159487450046e-01	1.596017706160096916e-01	7.600538618930986756e-02	3.129051579306865033e-02	8.084764071127678586e-02
1.315873498114237009e+03	2.328458615015011057e-01	1.508968489504976807e-01	2.682351313565302098e-01	1.597198729661756800e-01	7.605542615183655264e-02	3.132229106284196291e-02	8.092456801050379456e-02
1.318292383221064711e+03	2.325534846213792861e-01	1.507036455813071940e-01	2.684446329304548962e-01	1.598376267113361948e-01	7.610532447294997282e-02	3.135400250409652728e-02	8.100128317836291503e-02
1.320711268327892412e+03	2.322619616674520548e-01	1.505109643984308410e-01	2.686535223847651421e-01	1.599550329843799912e-01	7.615508157877230733e-02	3.138565021112991321e-02	8.107778677495680597e-02
1.323130153434719887e+03	2.319712901142328421e-01	1.503188040109482426e-01	2.688618014289944069e-01	1.600720929140664606e-01	7.620469789408322592e-02	3.141723427829407056e-02	8.115407935926785554e-02
1.325549038541547588e+03	2.316814674438781307e-01	1.501271630315137162e-01	2.690694717679762982e-01	1.601888076250435611e-01	7.625417384232438534e-02	3.144875479999396928e-02	8.123016148915704338e-02
1.327967923648375290e+03	2.313924911461635869e-01	1.499360400763476431e-01	2.692765351018576170e-01	1.603051782378653867e-01	7.630350984560392569e-02	3.148021187068614918e-02	8.130603372136273321e-02
1.330386808755202765e+03	2.311043587184600512e-01	1.497454337652279754e-01	2.694829931261112366e-01	1.604212058690099307e-01	7.635270632470095298e-02	3.151160558487738073e-02	8.138169661149953493e-02
1.332805693862030694e+03	2.308170676657099185e-01	1.495553427214815767e-01	2.696888475315486478e-01	1.605368916308964333e-01	7.640176369906992448e-02	3.154293603712326338e-02	8.145715071405724983e-02
1.335224578968857941e+03	2.305306155004032687e-01	1.493657655719759780e-01	2.698941000043330596e-01	1.606522366319028672e-01	7.645068238684515904e-02	3.157420332202686558e-02	8.153239658239981591e-02
1.337643464075685870e+03	2.302449997425543293e-01	1.491767009471106076e-01	2.700987522259918894e-01	1.607672419763833127e-01	7.649946280484522243e-02	3.160540753423736471e-02	8.160743476876429481e-02
1.340062349182513572e+03	2.299602179196778839e-01	1.489881474808084361e-01	2.703028058734295858e-01	1.608819087646851664e-01	7.654810536857732661e-02	3.163654876844870095e-02	8.168226582425991422e-02
1.342481234289341273e+03	2.296762675667658737e-01	1.488001038105076224e-01	2.705062626189402852e-01	1.609962380931661552e-01	7.659661049224171514e-02	3.166762711939823116e-02	8.175689029886712422e-02
1.344900119396168748e+03	2.293931462262639442e-01	1.486125685771528537e-01	2.707091241302203577e-01	1.611102310542116278e-01	7.664497858873604852e-02	3.169864268186538964e-02	8.183130874143675071e-02
1.347319004502996449e+03	2.291108514480481029e-01	1.484255404251871302e-01	2.709113920703811185e-01	1.612238887362514306e-01	7.669321006965974796e-02	3.172959555067038362e-02	8.190552169968905172e-02
1.349737889609823924e+03	2.288293807894015985e-01	1.482390180025431881e-01	2.711130680979612628e-01	1.613372122237767547e-01	7.674130534531833914e-02	3.176048582067284715e-02	8.197952972021299578e-02
1.352156774716651853e+03	2.285487318149914959e-01	1.480529999606352842e-01	2.713141538669395780e-01	1.614502025973568455e-01	7.678926482472775428e-02	3.179131358677057817e-02	8.205333334846544313e-02
1.354575659823479100e+03	2.282689020968458882e-01	1.478674849543506753e-01	2.715146510267471003e-01	1.615628609336559329e-01	7.683708891561870369e-02	3.182207894389820629e-02	8.212693312877039631e-02
1.356994544930307029e+03	2.279898892143306932e-01	1.476824716420414019e-01	2.717145612222800488e-01	1.616751883054496908e-01	7.688477802444088072e-02	3.185278198702590907e-02	8.220032960431829239e-02
1.359413430037134731e+03	2.277116907541267277e-01	1.474979586855158786e-01	2.719138860939118163e-01	1.617871857816417791e-01	7.693233255636724999e-02	3.188342281115812832e-02	8.227352331716535072e-02
1.361832315143962205e+03	2.274343043102069750e-01	1.473139447500305399e-01	2.721126272775054589e-01	1.618988544272803309e-01	7.697975291529840502e-02	3.191400151133231416e-02	8.234651480823294845e-02
1.364251200250789907e+03	2.271577274838136595e-01	1.471304285042815407e-01	2.723107864044261306e-01	1.620101953035743003e-01	7.702703950386668996e-02	3.194451818261764831e-02	8.241930461730694046e-02
1.366670085357617609e+03	2.268819578834355699e-01	1.469474086203966523e-01	2.725083651015534625e-01	1.621212094679097826e-01	7.707419272344050165e-02	3.197497292011378806e-02	8.249189328303717372e-02
1.369088970464445310e+03	2.266069931247854385e-01	1.467648837739267409e-01	2.727053649912936639e-01	1.622318979738660849e-01	7.712121297412846688e-02	3.200536581894962429e-02	8.256428134293695986e-02
1.371507855571272785e+03	2.263328308307773484e-01	1.465828526438376911e-01	2.729017876915917906e-01	1.623422618712319354e-01	7.716810065478370284e-02	3.203569697428201857e-02	8.263646933338250622e-02
1.373926740678100487e+03	2.260594686315042234e-01	1.464013139125021346e-01	2.730976348159440681e-01	1.624523022060214983e-01	7.721485616300789723e-02	3.206596648129461657e-02	8.270845778961252726e-02
1.376345625784927961e+03	2.257869041642155683e-01	1.462202662656911789e-01	2.732929079734099931e-01	1.625620200204902777e-01	7.726147989515555481e-02	3.209617443519658525e-02	8.278024724572775883e-02
1.378764510891755890e+03	2.255151350732948756e-01	1.460397083925662753e-01	2.734876087686246016e-01	1.626714163531510493e-01	7.730797224633814690e-02	3.212632093122141236e-02	8.285183823469056963e-02
1.381183395998583137e+03	2.252441590102375324e-01	1.458596389856710307e-01	2.736817388018102370e-01	1.627804922387895981e-01	7.735433361042820533e-02	3.215640606462569911e-02	8.292323128832458645e-02
1.383602281105411066e+03	2.249739736336285878e-01	1.456800567409229641e-01	2.738752996687890962e-01	1.628892487084803442e-01	7.740056438006348571e-02	3.218642993068795283e-02	8.299442693731441667e-02
1.386021166212238768e+03	2.247045766091206043e-01	1.455009603576055688e-01	2.740682929609947749e-01	1.629976867896020809e-01	7.744666494665107537e-02	3.221639262470741422e-02	8.306542571120528740e-02
1.388440051319066470e+03	2.244359656094115640e-01	1.453223485383599023e-01	2.742607202654848142e-01	1.631058075058534340e-01	7.749263570037143167e-02	3.224629424200286393e-02	8.313622813840275405e-02
1.390858936425893944e+03	2.241681383142230255e-01	1.451442199891767038e-01	2.744525831649521908e-01	1.632136118772683497e-01	7.753847703018253157e-02	3.227613487791142904e-02	8.320683474617256159e-02
1.393277821532721646e+03	2.239010924102780575e-01	1.449665734193881228e-01	2.746438832377374739e-01	1.633211009202314712e-01	7.758418932382389610e-02	3.230591462778744510e-02	8.327724606064028368e-02
1.395696706639549120e+03	2.236348255912795069e-01	1.447894075416597814e-01	2.748346220578407606e-01	1.634282756474934317e-01	7.762977296782064274e-02	3.233563358700129037e-02	8.334746260679128105e-02
1.398115591746377049e+03	2.233693355578881545e-01	1.446127210719826417e-01	2.750248011949335547e-01	1.635351370681860927e-01	7.767522834748750993e-02	3.236529185093822009e-02	8.341748490847049335e-02
1.400534476853204296e+03	2.231046200177010663e-01	1.444365127296650397e-01	2.752144222143704244e-01	1.636416861878376705e-01	7.772055584693293717e-02	3.239488951499722158e-02	8.348731348838231425e-02
1.402953361960032225e+03	2.228406766852300269e-01	1.442607812373244702e-01	2.754034866772011036e-01	1.637479240083877519e-01	7.776575584906296468e-02	3.242442667458991096e-02	8.355694886809048039e-02
1.405372247066859927e+03	2.225775032818798627e-01	1.440855253208798148e-01	2.755919961401819274e-01	1.638538515282023655e-01	7.781082873558531343e-02	3.245390342513934656e-02	8.362639156801807139e-02
1.407791132173687402e+03	2.223150975359270975e-01	1.439107437095431263e-01	2.757799521557878220e-01	1.639594697420889147e-01	7.785577488701329874e-02	3.248331986207896732e-02	8.369564210744744048e-02
1.410210017280515103e+03	2.220534571824984149e-01	1.437364351358118297e-01	2.759673562722240736e-01	1.640647796413108872e-01	7.790059468266986864e-02	3.251267608085144090e-02	8.376470100452017287e-02
1.412628902387342805e+03	2.217925799635493689e-01	1.435625983354606727e-01	2.761542100334377081e-01	1.641697822136027607e-01	7.794528850069144810e-02	3.254197217690757427e-02	8.383356877623719672e-02
1.415047787494170507e+03	2.215324636278431236e-01	1.433892320475338433e-01	2.763405149791292592e-01	1.642744784431846294e-01	7.798985671803194963e-02	3.257120824570520351e-02	8.390224593845875545e-02
1.417466672600997981e+03	2.212731059309292203e-01	1.432163350143369207e-01	2.765262726447645925e-01	1.643788693107767762e-01	7.803429971046667302e-02	3.260038438270810440e-02	8.397073300590453260e-02
1.419885557707825683e+03	2.210145046351224829e-01	1.430439059814290481e-01	2.767114845615861185e-01	1.644829557936142161e-01	7.807861785259619103e-02	3.262950068338493076e-02	8.403903049215373511e-02
1.422304442814653157e+03	2.207566575094819517e-01	1.428719436976151058e-01	2.768961522566247835e-01	1.645867388654612962e-01	7.812281151785026301e-02	3.265855724320810421e-02	8.410713890964521822e-02
1.424723327921481086e+03	2.204995623297898166e-01	1.427004469149376897e-01	2.770802772527111713e-01	1.646902194966259059e-01	7.816688107849169287e-02	3.268755415765275951e-02	8.417505876967766587e-02
1.427142213028308333e+03	2.202432168785305733e-01	1.425294143886693676e-01	2.772638610684871607e-01	1.647933986539739104e-01	7.821082690562022877e-02	3.271649152219570367e-02	8.424279058240977114e-02
1.429561098135136262e+03	2.199876189448701502e-01	1.423588448773047410e-01	2.774469052184173612e-01	1.648962773009433613e-01	7.825464936917631009e-02	3.274536943231431269e-02	8.431033485686044437e-02
1.431979983241963964e+03	2.197327663246350371e-01	1.421887371425527291e-01	2.776294112128005476e-01	1.649988563975586797e-01	7.829834883794503653e-02	3.277418798348553236e-02	8.437769210090906302e-02
1.434398868348791666e+03	2.194786568202916899e-01	1.420190899493286862e-01	2.778113805577810402e-01	1.651011369004447282e-01	7.834192567955991504e-02	3.280294727118482356e-02	8.444486282129569366e-02
1.436817753455619140e+03	2.192252882409257975e-01	1.418499020657465193e-01	2.779928147553601403e-01	1.652031197628408832e-01	7.838538026050664853e-02	3.283164739088511447e-02	8.451184752362139729e-02
1.439236638562446842e+03	2.189726584022216316e-01	1.416811722631111381e-01	2.781737153034071763e-01	1.653048059346150511e-01	7.842871294612697997e-02	3.286028843805578054e-02	8.457864671234859022e-02
1.441655523669274316e+03	2.187207651264417019e-01	1.415128993159105175e-01	2.783540836956712172e-01	1.654061963622774356e-01	7.847192410062246715e-02	3.288887050816163837e-02	8.464526089080133542e-02
1.444074408776102018e+03	2.184696062424061336e-01	1.413450820018079535e-01	2.785339214217919523e-01	1.655072919889944427e-01	7.851501408705817420e-02	3.291739369666191878e-02	8.471169056116567564e-02
1.446493293882929493e+03	2.182191795854723504e-01	1.411777191016344579e-01	2.787132299673110714e-01	1.656080937546024201e-01	7.855798326736650183e-02	3.294585809900927448e-02	8.477793622449009137e-02
1.448912178989757422e+03	2.179694829975147852e-01	1.410108093993809042e-01	2.788920108136836440e-01	1.657086025956213404e-01	7.860083200235094825e-02	3.297426381064876011e-02	8.484399838068584776e-02
1.451331064096585123e+03	2.177205143269045351e-01	1.408443516821904218e-01	2.790702654382888337e-01	1.658088194452683739e-01	7.864356065168971732e-02	3.300261092701687465e-02	8.490987752852743875e-02
1.453749949203412370e+03	2.174722714284892389e-01	1.406783447403507359e-01	2.792479953144414995e-01	1.659087452334715440e-01	7.868616957393952116e-02	3.303089954354054836e-02	8.497557416565308663e-02
1.456168834310240300e+03	2.172247521635729539e-01	1.405127873672863958e-01	2.794252019114030761e-01	1.660083808868831057e-01	7.872865912653928544e-02	3.305912975563618517e-02	8.504108878856517229e-02
1.458587719417068001e+03	2.169779543998960336e-01	1.403476783595512256e-01	2.796018866943926762e-01	1.661077273288930345e-01	7.877102966581377153e-02	3.308730165870867046e-02	8.510642189263073476e-02
1.461006604523895703e+03	2.167318760116152265e-01	1.401830165168206077e-01	2.797780511245981372e-01	1.662067854796423216e-01	7.881328154697732347e-02	3.311541534815043430e-02	8.517157397208205416e-02
1.463425489630723177e+03	2.164865148792836647e-01	1.400188006418840170e-01	2.799536966591871234e-01	1.663055562560362965e-01	7.885541512413744847e-02	3.314347091934045919e-02	8.523654552001708185e-02
1.465844374737550879e+03	2.162418688898311014e-01	1.398550295406372768e-01	2.801288247513178953e-01	1.664040405717577831e-01	7.889743075029853614e-02	3.317146846764336410e-02	8.530133702840012044e-02
1.468263259844378354e+03	2.159979359365439833e-01	1.396917020220750372e-01	2.803034368501505225e-01	1.665022393372802834e-01	7.893932877736543896e-02	3.319940808840844693e-02	8.536594898806237897e-02
1.470682144951206283e+03	2.157547139190458263e-01	1.395288168982831978e-01	2.804775344008575977e-01	1.666001534598811062e-01	7.898110955614709439e-02	3.322728987696874081e-02	8.543038188870256955e-02
1.473101030058033530e+03	2.155122007432774267e-01	1.393663729844313859e-01	2.806511188446351723e-01	1.666977838436543291e-01	7.902277343636014695e-02	3.325511392864008431e-02	8.549463621888751808e-02
1.475519915164861459e+03	2.152703943214774318e-01	1.392043690987654070e-01	2.808241916187138032e-01	1.667951313895237597e-01	7.906432076663257036e-02	3.328288033872021934e-02	8.555871246605285807e-02
1.477938800271689161e+03	2.150292925721626336e-01	1.390428040625997230e-01	2.809967541563691551e-01	1.668921969952558426e-01	7.910575189450719247e-02	3.331058920248784055e-02	8.562261111650368295e-02
1.480357685378516862e+03	2.147888934201085120e-01	1.388816767003099306e-01	2.811688078869328256e-01	1.669889815554725376e-01	7.914706716644528961e-02	3.333824061520170717e-02	8.568633265541525379e-02
1.482776570485344337e+03	2.145491947963299728e-01	1.387209858393253226e-01	2.813403542358032805e-01	1.670854859616639487e-01	7.918826692783015320e-02	3.336583467209973397e-02	8.574987756683366547e-02
