1.001418434226643626e+03	2.792371589955612854e-01	1.809783123396076221e-01	2.350704371342780541e-01	1.409655863428768141e-01	6.819157972472508766e-02	2.662526727549190120e-02	6.893165818734550698e-02
1.002869765290740247e+03	2.789807880285667396e-01	1.808130378726751919e-01	2.352537233726898769e-01	1.410702450048370582e-01	6.823508532266063520e-02	2.664977936392481234e-02	6.899734103453199208e-02
1.004321096354836754e+03	2.787248706446164292e-01	1.806480285110772521e-01	2.354366918811333365e-01	1.411747104302338851e-01	6.827851548703460505e-02	2.667426458093941077e-02	6.906291846485138053e-02
1.005772427418933376e+03	2.784694060209838562e-01	1.804832838450633747e-01	2.356193431895895196e-01	1.412789830220248233e-01	6.832187035714480661e-02	2.669872294117875064e-02	6.912839062390119249e-02
1.007223758483029997e+03	2.782143933364981114e-01	1.803188034654633620e-01	2.358016778271700420e-01	1.413830631821781370e-01	6.836515007201730831e-02	2.672315445933250502e-02	6.919375765722679539e-02
1.008675089547126618e+03	2.779598317715408773e-01	1.801545869636869135e-01	2.359836963221185746e-01	1.414869513116757682e-01	6.840835477040699275e-02	2.674755915013673005e-02	6.925901971032041859e-02
1.010126420611223239e+03	2.777057205080431523e-01	1.799906339317227377e-01	2.361653992018121762e-01	1.415906478105164179e-01	6.845148459079798686e-02	2.677193702837361855e-02	6.932417692862023750e-02
1.011577751675319632e+03	2.774520587294823093e-01	1.798269439621379973e-01	2.363467869927626808e-01	1.416941530777184044e-01	6.849453967140423094e-02	2.679628810887124332e-02	6.938922945750949922e-02
1.013029082739416367e+03	2.771988456208789864e-01	1.796635166480776147e-01	2.365278602206181691e-01	1.417974675113228000e-01	6.853752015016999211e-02	2.682061240650331080e-02	6.945417744231555113e-02
1.014480413803512761e+03	2.769460803687938122e-01	1.795003515832636620e-01	2.367086194101643559e-01	1.419005915083962899e-01	6.858042616477040554e-02	2.684490993618891472e-02	6.951902102830895269e-02
1.015931744867609382e+03	2.766937621613246301e-01	1.793374483619947224e-01	2.368890650853260615e-01	1.420035254650341972e-01	6.862325785261193245e-02	2.686918071289229326e-02	6.958376036070258730e-02
1.017383075931706003e+03	2.764418901881030566e-01	1.791748065791451960e-01	2.370691977691685992e-01	1.421062697763633698e-01	6.866601535083294294e-02	2.689342475162257579e-02	6.964839558465074631e-02
1.018834406995802851e+03	2.761904636402915947e-01	1.790124258301646620e-01	2.372490179838990798e-01	1.422088248365451502e-01	6.870869879630420174e-02	2.691764206743354343e-02	6.971292684524826866e-02
1.020285738059899245e+03	2.759394817105805808e-01	1.788503057110772121e-01	2.374285262508679939e-01	1.423111910387783174e-01	6.875130832562936778e-02	2.694183267542338278e-02	6.977735428752962488e-02
1.021737069123995752e+03	2.756889435931850763e-01	1.786884458184808955e-01	2.376077230905704885e-01	1.424133687753019739e-01	6.879384407514559097e-02	2.696599659073444302e-02	6.984167805646808447e-02
1.023188400188092373e+03	2.754388484838416473e-01	1.785268457495469419e-01	2.377866090226477824e-01	1.425153584373983762e-01	6.883630618092392850e-02	2.699013382855300000e-02	6.990589829697478608e-02
1.024639731252188767e+03	2.751891955798056455e-01	1.783655051020192339e-01	2.379651845658886933e-01	1.426171604153960160e-01	6.887869477876995550e-02	2.701424440410900296e-02	6.997001515389793258e-02
1.026091062316285615e+03	2.749399840798479322e-01	1.782044234742135302e-01	2.381434502382308582e-01	1.427187750986722570e-01	6.892101000422423684e-02	2.703832833267583516e-02	7.003402877202190291e-02
1.027542393380382237e+03	2.746912131842517701e-01	1.780436004650168547e-01	2.383214065567622053e-01	1.428202028756563879e-01	6.896325199256285454e-02	2.706238562957008487e-02	7.009793929606641938e-02
1.028993724444478858e+03	2.744428820948099923e-01	1.778830356738869689e-01	2.384990540377223689e-01	1.429214441338323982e-01	6.900542087879790731e-02	2.708641631015130252e-02	7.016174687068567339e-02
1.030445055508575479e+03	2.741949900148218933e-01	1.777227287008515955e-01	2.386763931965040497e-01	1.430224992597417810e-01	6.904751679767809347e-02	2.711042038982175092e-02	7.022545164046749278e-02
1.031896386572671872e+03	2.739475361490901761e-01	1.775626791465077514e-01	2.388534245476543749e-01	1.431233686389865034e-01	6.908953988368914112e-02	2.713439788402617972e-02	7.028905374993252297e-02
1.033347717636768493e+03	2.737005197039180104e-01	1.774028866120212211e-01	2.390301486048763413e-01	1.432240526562316429e-01	6.913149027105439104e-02	2.715834880825157907e-02	7.035255334353343604e-02
1.034799048700865114e+03	2.734539398871059235e-01	1.772433506991258068e-01	2.392065658810301476e-01	1.433245516952084131e-01	6.917336809373532402e-02	2.718227317802695761e-02	7.041595056565401467e-02
1.036250379764961508e+03	2.732077959079489138e-01	1.770840710101227178e-01	2.393826768881346934e-01	1.434248661387167723e-01	6.921517348543201886e-02	2.720617100892308918e-02	7.047924556060840284e-02
1.037701710829058356e+03	2.729620869772332870e-01	1.769250471478799325e-01	2.395584821373687445e-01	1.435249963686282826e-01	6.925690657958369356e-02	2.723004231655229077e-02	7.054243847264028699e-02
1.039153041893154750e+03	2.727168123072339356e-01	1.767662787158315318e-01	2.397339821390725156e-01	1.436249427658889410e-01	6.929856750936927434e-02	2.725388711656819007e-02	7.060552944592211888e-02
1.040604372957251599e+03	2.724719711117111198e-01	1.766077653179770612e-01	2.399091774027488910e-01	1.437247057105219272e-01	6.934015640770783973e-02	2.727770542466547918e-02	7.066851862455421351e-02
1.042055704021347992e+03	2.722275626059075249e-01	1.764495065588808642e-01	2.400840684370648404e-01	1.438242855816302956e-01	6.938167340725921728e-02	2.730149725657969248e-02	7.073140615256408303e-02
1.043507035085444613e+03	2.719835860065453748e-01	1.762915020436714997e-01	2.402586557498528896e-01	1.439236827573997513e-01	6.942311864042439995e-02	2.732526262808698120e-02	7.079419217390560404e-02
1.044958366149541234e+03	2.717400405318236012e-01	1.761337513780409370e-01	2.404329398481123148e-01	1.440228976151014251e-01	6.946449223934614281e-02	2.734900155500386357e-02	7.085687683245819879e-02
1.046409697213637855e+03	2.714969254014144018e-01	1.759762541682442227e-01	2.406069212380107236e-01	1.441219305310945942e-01	6.950579433590944878e-02	2.737271405318701320e-02	7.091946027202609970e-02
1.047861028277734476e+03	2.712542398364609642e-01	1.758190100210984541e-01	2.407806004248851384e-01	1.442207818808293185e-01	6.954702506174209597e-02	2.739640013853301970e-02	7.098194263633759993e-02
1.049312359341831097e+03	2.710119830595738577e-01	1.756620185439823345e-01	2.409539779132435500e-01	1.443194520388492996e-01	6.958818454821515120e-02	2.742005982697817007e-02	7.104432406904420683e-02
1.050763690405927491e+03	2.707701542948287021e-01	1.755052793448355630e-01	2.411270542067662781e-01	1.444179413787944344e-01	6.962927292644346955e-02	2.744369313449820588e-02	7.110660471371998970e-02
1.052215021470024112e+03	2.705287527677626702e-01	1.753487920321581128e-01	2.412998298083072202e-01	1.445162502734035626e-01	6.967029032728624949e-02	2.746730007710810814e-02	7.116878471386073324e-02
1.053666352534120733e+03	2.702877777053720454e-01	1.751925562150095927e-01	2.414723052198952946e-01	1.446143790945171037e-01	6.971123688134747698e-02	2.749088067086187179e-02	7.123086421288328529e-02
1.055117683598217127e+03	2.700472283361090575e-01	1.750365715030086089e-01	2.416444809427357177e-01	1.447123282130798050e-01	6.975211271897650833e-02	2.751443493185226977e-02	7.129284335412471030e-02
1.056569014662313975e+03	2.698071038898789964e-01	1.748808375063321541e-01	2.418163574772113911e-01	1.448100979991433224e-01	6.979291797026852817e-02	2.753796287621063793e-02	7.135472228084163704e-02
1.058020345726410369e+03	2.695674035980372696e-01	1.747253538357148861e-01	2.419879353228843177e-01	1.449076888218688575e-01	6.983365276506514618e-02	2.756146452010665299e-02	7.141650113620948148e-02
1.059471676790506763e+03	2.693281266933867379e-01	1.745701201024486005e-01	2.421592149784967674e-01	1.450051010495298776e-01	6.987431723295481345e-02	2.758493987974810352e-02	7.147818006332175289e-02
1.060923007854603611e+03	2.690892724101744404e-01	1.744151359183814809e-01	2.423301969419727753e-01	1.451023350495146413e-01	6.991491150327337756e-02	2.760838897138066447e-02	7.153975920518930443e-02
1.062374338918700232e+03	2.688508399840889851e-01	1.742604008959174333e-01	2.425008817104194470e-01	1.451993911883288357e-01	6.995543570510459608e-02	2.763181181128768205e-02	7.160123870473966701e-02
1.063825669982796853e+03	2.686128286522576625e-01	1.741059146480155584e-01	2.426712697801281793e-01	1.452962698315982959e-01	6.999588996728067780e-02	2.765520841578995859e-02	7.166261870481628604e-02
1.065277001046893474e+03	2.683752376532435036e-01	1.739516767881894577e-01	2.428413616465761871e-01	1.453929713440714477e-01	7.003627441838268519e-02	2.767857880124551667e-02	7.172389934817782753e-02
1.066728332110990095e+03	2.681380662270422821e-01	1.737976869305065397e-01	2.430111578044276965e-01	1.454894960896219724e-01	7.007658918674117277e-02	2.770192298404939094e-02	7.178508077749751193e-02
1.068179663175086489e+03	2.679013136150800167e-01	1.736439446895874650e-01	2.431806587475352777e-01	1.455858444312513600e-01	7.011683440043663118e-02	2.772524098063340603e-02	7.184616313536242027e-02
1.069630994239183110e+03	2.676649790602096957e-01	1.734904496806054242e-01	2.433498649689412319e-01	1.456820167310914904e-01	7.015701018730000071e-02	2.774853280746596151e-02	7.190714656427275864e-02
1.071082325303279504e+03	2.674290618067086678e-01	1.733372015192855553e-01	2.435187769608789521e-01	1.457780133504071873e-01	7.019711667491315699e-02	2.777179848105181675e-02	7.196803120664123365e-02
1.072533656367376352e+03	2.671935611002758115e-01	1.731841998219042222e-01	2.436873952147740607e-01	1.458738346495987714e-01	7.023715399060949383e-02	2.779503801793186193e-02	7.202881720479233085e-02
1.073984987431472746e+03	2.669584761880286483e-01	1.730314442052884594e-01	2.438557202212459640e-01	1.459694809882045863e-01	7.027712226147433960e-02	2.781825143468291336e-02	7.208950470096166241e-02
1.075436318495569594e+03	2.667238063185003449e-01	1.728789342868153334e-01	2.440237524701089900e-01	1.460649527249035518e-01	7.031702161434552623e-02	2.784143874791750878e-02	7.215009383729532877e-02
1.076887649559666215e+03	2.664895507416372156e-01	1.727266696844111382e-01	2.441914924503738038e-01	1.461602502175176344e-01	7.035685217581387485e-02	2.786459997428366447e-02	7.221058475584919700e-02
1.078338980623762609e+03	2.662557087087957797e-01	1.725746500165510067e-01	2.443589406502486572e-01	1.462553738230144285e-01	7.039661407222368161e-02	2.788773513046468797e-02	7.227097759858829018e-02
1.079790311687859230e+03	2.660222794727397089e-01	1.724228749022581053e-01	2.445260975571407758e-01	1.463503238975096266e-01	7.043630742967323111e-02	2.791084423317895594e-02	7.233127250738612124e-02
1.081241642751955851e+03	2.657892622876373845e-01	1.722713439611029684e-01	2.446929636576576084e-01	1.464451007962694895e-01	7.047593237401533761e-02	2.793392729917969913e-02	7.239146962402405461e-02
1.082692973816052472e+03	2.655566564090588444e-01	1.721200568132029984e-01	2.448595394376081036e-01	1.465397048737133445e-01	7.051548903085778919e-02	2.795698434525479420e-02	7.245156909019068170e-02
1.084144304880149093e+03	2.653244610939730630e-01	1.719690130792216887e-01	2.450258253820041532e-01	1.466341364834160832e-01	7.055497752556388891e-02	2.798001538822655898e-02	7.251157104748112703e-02
1.085595635944245487e+03	2.650926756007452867e-01	1.718182123803680961e-01	2.451918219750617023e-01	1.467283959781105485e-01	7.059439798325295445e-02	2.800302044495153048e-02	7.257147563739646534e-02
1.087046967008342108e+03	2.648612991891340362e-01	1.716676543383960085e-01	2.453575297002021371e-01	1.468224837096901436e-01	7.063375052880078997e-02	2.802599953232027055e-02	7.263128300134312487e-02
1.088498298072438729e+03	2.646303311202886088e-01	1.715173385756036117e-01	2.455229490400537284e-01	1.469164000292111361e-01	7.067303528684018565e-02	2.804895266725714043e-02	7.269099328063215182e-02
1.089949629136535123e+03	2.643997706567459138e-01	1.713672647148325734e-01	2.456880804764526860e-01	1.470101452868950997e-01	7.071225238176147287e-02	2.807187986672010985e-02	7.275060661647873850e-02
1.091400960200631971e+03	2.641696170624280304e-01	1.712174323794674879e-01	2.458529244904445465e-01	1.471037198321314687e-01	7.075140193771295438e-02	2.809478114770053853e-02	7.281012315000150170e-02
1.092852291264728365e+03	2.639398696026394320e-01	1.710678411934353493e-01	2.460174815622855338e-01	1.471971240134798686e-01	7.079048407860144554e-02	2.811765652722298184e-02	7.286954302222194146e-02
1.094303622328825213e+03	2.637105275440639884e-01	1.709184907812047738e-01	2.461817521714437518e-01	1.472903581786724758e-01	7.082949892809276005e-02	2.814050602234496531e-02	7.292886637406381656e-02
1.095754953392921607e+03	2.634815901547625239e-01	1.707693807677853615e-01	2.463457367966005451e-01	1.473834226746165432e-01	7.086844660961220954e-02	2.816332965015680423e-02	7.298809334635253387e-02
1.097206284457018228e+03	2.632530567041699299e-01	1.706205107787271691e-01	2.465094359156516923e-01	1.474763178473967040e-01	7.090732724634504769e-02	2.818612742778138155e-02	7.304722407981459331e-02
1.098657615521114849e+03	2.630249264630923345e-01	1.704718804401200161e-01	2.466728500057087936e-01	1.475690440422774141e-01	7.094614096123703917e-02	2.820889937237395367e-02	7.310625871507696327e-02
1.100108946585211470e+03	2.627971987037046042e-01	1.703234893785927351e-01	2.468359795431004644e-01	1.476616016037052836e-01	7.098488787699491764e-02	2.823164550112194915e-02	7.316519739266652556e-02
1.101560277649308091e+03	2.625698726995475130e-01	1.701753372213127835e-01	2.469988250033736676e-01	1.477539908753114639e-01	7.102356811608688536e-02	2.825436583124475015e-02	7.322404025300947861e-02
1.103011608713404712e+03	2.623429477255247444e-01	1.700274235959853553e-01	2.471613868612949905e-01	1.478462121999140344e-01	7.106218180074311275e-02	2.827706037999352245e-02	7.328278743643076854e-02
1.104462939777501106e+03	2.621164230579007826e-01	1.698797481308528534e-01	2.473236655908518933e-01	1.479382659195202787e-01	7.110072905295618251e-02	2.829972916465098645e-02	7.334143908315354787e-02
1.105914270841597499e+03	2.618902979742977477e-01	1.697323104546943073e-01	2.474856616652539587e-01	1.480301523753290993e-01	7.113920999448165861e-02	2.832237220253122634e-02	7.339999533329856496e-02
1.107365601905694348e+03	2.616645717536927873e-01	1.695851101968246233e-01	2.476473755569341406e-01	1.481218719077333490e-01	7.117762474683850260e-02	2.834498951097949582e-02	7.345845632688365046e-02
1.108816932969790741e+03	2.614392436764154115e-01	1.694381469870940293e-01	2.478088077375502074e-01	1.482134248563221346e-01	7.121597343130958713e-02	2.836758110737201688e-02	7.351682220382314836e-02
1.110268264033887590e+03	2.612143130241448286e-01	1.692914204558874369e-01	2.479699586779857967e-01	1.483048115598831207e-01	7.125425616894220937e-02	2.839014700911577857e-02	7.357509310392733315e-02
1.111719595097984211e+03	2.609897790799073358e-01	1.691449302341237471e-01	2.481308288483518032e-01	1.483960323564048334e-01	7.129247308054853516e-02	2.841268723364834617e-02	7.363326916690192403e-02
1.113170926162080832e+03	2.607656411280733777e-01	1.689986759532552119e-01	2.482914187179875720e-01	1.484870875830790471e-01	7.133062428670615407e-02	2.843520179843765996e-02	7.369135053234751598e-02
1.114622257226177226e+03	2.605418984543551586e-01	1.688526572452669072e-01	2.484517287554621756e-01	1.485779775763029775e-01	7.136870990775845414e-02	2.845769072098184790e-02	7.374933733975903849e-02
1.116073588290273847e+03	2.603185503458038674e-01	1.687068737426760112e-01	2.486117594285757182e-01	1.486687026716815851e-01	7.140673006381520471e-02	2.848015401880901049e-02	7.380722972852521435e-02
1.117524919354370468e+03	2.600955960908070130e-01	1.685613250785311379e-01	2.487715112043605015e-01	1.487592632040299068e-01	7.144468487475298668e-02	2.850259170947705423e-02	7.386502783792804616e-02
1.118976250418467089e+03	2.598730349790857042e-01	1.684160108864118377e-01	2.489309845490823569e-01	1.488496595073751927e-01	7.148257446021571981e-02	2.852500381057347656e-02	7.392273180714230285e-02
1.120427581482563710e+03	2.596508663016922625e-01	1.682709308004277926e-01	2.490901799282418394e-01	1.489398919149593770e-01	7.152039893961509298e-02	2.854739033971518194e-02	7.398034177523500621e-02
1.121878912546660331e+03	2.594290893510072249e-01	1.681260844552183442e-01	2.492490978065755314e-01	1.490299607592412146e-01	7.155815843213106375e-02	2.856975131454829453e-02	7.403785788116488964e-02
1.123330243610756725e+03	2.592077034207369568e-01	1.679814714859516889e-01	2.494077386480572089e-01	1.491198663718984185e-01	7.159585305671235800e-02	2.859208675274795691e-02	7.409528026378191246e-02
1.124781574674853118e+03	2.589867078059108763e-01	1.678370915283244891e-01	2.495661029158992295e-01	1.492096090838301026e-01	7.163348293207694173e-02	2.861439667201813586e-02	7.415260906182671863e-02
1.126232905738949967e+03	2.587661018028790116e-01	1.676929442185609298e-01	2.497241910725535863e-01	1.492991892251588348e-01	7.167104817671246519e-02	2.863668109009145576e-02	7.420984441393020659e-02
1.127684236803046360e+03	2.585458847093091705e-01	1.675490291934123854e-01	2.498820035797132966e-01	1.493886071252329417e-01	7.170854890887679023e-02	2.865894002472897314e-02	7.426698645861297410e-02
1.129135567867143209e+03	2.583260558241844973e-01	1.674053460901565316e-01	2.500395408983135392e-01	1.494778631126287560e-01	7.174598524659843435e-02	2.868117349372002398e-02	7.432403533428484643e-02
1.130586898931239830e+03	2.581066144478006974e-01	1.672618945465968732e-01	2.501968034885329595e-01	1.495669575151527264e-01	7.178335730767705647e-02	2.870338151488201206e-02	7.438099117924434900e-02
1.132038229995336451e+03	2.578875598817635395e-01	1.671186742010621618e-01	2.503537918097948900e-01	1.496558906598436656e-01	7.182066520968391488e-02	2.872556410606022861e-02	7.443785413167831877e-02
1.133489561059432845e+03	2.576688914289863575e-01	1.669756846924055349e-01	2.505105063207685445e-01	1.497446628729749707e-01	7.185790906996235294e-02	2.874772128512766492e-02	7.449462432966130754e-02
1.134940892123529466e+03	2.574506083936872747e-01	1.668329256600041555e-01	2.506669474793702390e-01	1.498332744800567606e-01	7.189508900562831262e-02	2.876985306998482844e-02	7.455130191115520721e-02
1.136392223187626087e+03	2.572327100813866507e-01	1.666903967437582956e-01	2.508231157427647795e-01	1.499217258058380131e-01	7.193220513357073687e-02	2.879195947855955548e-02	7.460788701400873635e-02
1.137843554251722708e+03	2.570151957989046387e-01	1.665480975840910316e-01	2.509790115673664057e-01	1.500100171743088684e-01	7.196925757045206928e-02	2.881404052880682728e-02	7.466437977595694053e-02
1.139294885315819101e+03	2.567980648543584654e-01	1.664060278219473832e-01	2.511346354088402344e-01	1.500981489087026000e-01	7.200624643270872594e-02	2.883609623870858618e-02	7.472078033462078994e-02
1.140746216379915950e+03	2.565813165571599330e-01	1.662641870987937032e-01	2.512899877221035361e-01	1.501861213314978905e-01	7.204317183655158108e-02	2.885812662627354822e-02	7.477708882750667974e-02
1.142197547444012343e+03	2.563649502180128104e-01	1.661225750566171222e-01	2.514450689613265677e-01	1.502739347644209689e-01	7.208003389796641125e-02	2.888013170953702274e-02	7.483330539200601372e-02
1.143648878508108737e+03	2.561489651489102792e-01	1.659811913379249104e-01	2.515998795799342935e-01	1.503615895284477200e-01	7.211683273271435324e-02	2.890211150656073896e-02	7.488943016539469089e-02
1.145100209572205586e+03	2.559333606631324365e-01	1.658400355857437836e-01	2.517544200306071622e-01	1.504490859438057659e-01	7.215356845633241756e-02	2.892406603543264468e-02	7.494546328483273068e-02
1.146551540636302207e+03	2.557181360752437960e-01	1.656991074436193478e-01	2.519086907652827168e-01	1.505364243299766591e-01	7.219024118413389091e-02	2.894599531426673977e-02	7.500140488736375954e-02
1.148002871700398828e+03	2.555032907010905130e-01	1.655584065556154338e-01	2.520626922351564825e-01	1.506236050056979914e-01	7.222685103120884964e-02	2.896789936120289927e-02	7.505725510991465010e-02
1.149454202764495449e+03	2.552888238577981084e-01	1.654179325663135414e-01	2.522164248906832995e-01	1.507106282889654758e-01	7.226339811242461775e-02	2.898977819440668249e-02	7.511301408929503542e-02
1.150905533828591842e+03	2.550747348637687484e-01	1.652776851208120068e-01	2.523698891815785994e-01	1.507974944970350284e-01	7.229988254242619705e-02	2.901163183206915963e-02	7.516868196219689269e-02
1.152356864892688463e+03	2.548610230386789133e-01	1.651376638647256423e-01	2.525230855568195709e-01	1.508842039464248774e-01	7.233630443563676682e-02	2.903346029240673476e-02	7.522425886519408522e-02
1.153808195956785084e+03	2.546476877034766217e-01	1.649978684441849863e-01	2.526760144646462147e-01	1.509707569529176452e-01	7.237266390625811396e-02	2.905526359366096545e-02	7.527974493474201556e-02
1.155259527020881706e+03	2.544347281803791549e-01	1.648582985058356098e-01	2.528286763525627312e-01	1.510571538315625129e-01	7.240896106827110490e-02	2.907704175409838582e-02	7.533514030717712584e-02
1.156710858084978327e+03	2.542221437928704475e-01	1.647189536968375612e-01	2.529810716673385751e-01	1.511433948966770524e-01	7.244519603543615738e-02	2.909879479201033306e-02	7.539044511871650922e-02
1.158162189149074720e+03	2.540099338656985339e-01	1.645798336648647830e-01	2.531332008550097878e-01	1.512294804618495303e-01	7.248136892129368458e-02	2.912052272571276357e-02	7.544565950545753519e-02
1.159613520213171569e+03	2.537980977248731618e-01	1.644409380581044466e-01	2.532850643608801078e-01	1.513154108399408782e-01	7.251747983916455309e-02	2.914222557354608986e-02	7.550078360337739158e-02
1.161064851277267962e+03	2.535866346976631824e-01	1.643022665252562298e-01	2.534366626295223024e-01	1.514011863430866911e-01	7.255352890215052697e-02	2.916390335387500365e-02	7.555581754833268215e-02
1.162516182341364356e+03	2.533755441125941088e-01	1.641638187155319006e-01	2.535879961047791120e-01	1.514868072826993373e-01	7.258951622313473961e-02	2.918555608508828850e-02	7.561076147605909348e-02
1.163967513405461204e+03	2.531648252994457282e-01	1.640255942786545407e-01	2.537390652297645266e-01	1.515722739694699839e-01	7.262544191478216560e-02	2.920718378559866019e-02	7.566561552217092312e-02
1.165418844469557826e+03	2.529544775892495490e-01	1.638875928648579061e-01	2.538898704468652290e-01	1.516575867133705402e-01	7.266130608954003700e-02	2.922878647384258635e-02	7.572037982216073271e-02
1.166870175533654447e+03	2.527445003142861912e-01	1.637498141248859007e-01	2.540404121977413165e-01	1.517427458236558224e-01	7.269710885963831526e-02	2.925036416828013033e-02	7.577505451139890380e-02
1.168321506597751068e+03	2.525348928080831112e-01	1.636122577099919373e-01	2.541906909233278555e-01	1.518277516088653856e-01	7.273285033709012137e-02	2.927191688739475689e-02	7.582963972513334650e-02
1.169772837661847461e+03	2.523256544054121586e-01	1.634749232719382439e-01	2.543407070638359913e-01	1.519126043768257439e-01	7.276853063369223551e-02	2.929344464969317954e-02	7.588413559848901369e-02
1.171224168725944082e+03	2.521167844422869675e-01	1.633378104629952254e-01	2.544904610587539473e-01	1.519973044346521474e-01	7.280414986102548558e-02	2.931494747370517670e-02	7.593854226646760963e-02
1.172675499790040703e+03	2.519082822559605694e-01	1.632009189359409917e-01	2.546399533468484688e-01	1.520818520887507186e-01	7.283970813045521908e-02	2.933642537798342512e-02	7.599285986394714587e-02
1.174126830854137097e+03	2.517001471849229510e-01	1.630642483440606361e-01	2.547891843661657107e-01	1.521662476448204238e-01	7.287520555313180270e-02	2.935787838110334724e-02	7.604708852568162203e-02
1.175578161918233945e+03	2.514923785688986113e-01	1.629277983411455966e-01	2.549381545540326810e-01	1.522504914078549876e-01	7.291064223999096927e-02	2.937930650166292387e-02	7.610122838630065112e-02
1.177029492982330339e+03	2.512849757488442304e-01	1.627915685814930735e-01	2.550868643470582398e-01	1.523345836821448918e-01	7.294601830175434509e-02	2.940070975828253108e-02	7.615527958030907096e-02
1.178480824046426733e+03	2.510779380669460603e-01	1.626555587199053632e-01	2.552353141811342652e-01	1.524185247712793734e-01	7.298133384892986630e-02	2.942208816960477716e-02	7.620924224208659725e-02
1.179932155110523581e+03	2.508712648666175937e-01	1.625197684116893027e-01	2.553835044914370411e-01	1.525023149781483400e-01	7.301658899181220908e-02	2.944344175429433261e-02	7.626311650588749047e-02
1.181383486174620202e+03	2.506649554924971213e-01	1.623841973126556038e-01	2.555314357124281455e-01	1.525859546049443682e-01	7.305178384048324758e-02	2.946477053103776014e-02	7.631690250584013957e-02
1.182834817238716823e+03	2.504590092904453447e-01	1.622488450791182424e-01	2.556791082778556157e-01	1.526694439531645353e-01	7.308691850481249808e-02	2.948607451854336897e-02	7.637060037594681217e-02
1.184286148302813444e+03	2.502534256075429342e-01	1.621137113678938202e-01	2.558265226207553367e-01	1.527527833236125288e-01	7.312199309445756301e-02	2.950735373554102398e-02	7.642421025008319657e-02
1.185737479366910065e+03	2.500482037920881417e-01	1.619787958363010372e-01	2.559736791734520400e-01	1.528359730164004504e-01	7.315700771886454734e-02	2.952860820078198958e-02	7.647773226199815200e-02
1.187188810431006686e+03	2.498433431935944415e-01	1.618440981421599423e-01	2.561205783675605807e-01	1.529190133309507593e-01	7.319196248726853038e-02	2.954983793303878406e-02	7.653116654531330609e-02
1.188640141495103080e+03	2.496388431627880600e-01	1.617096179437914061e-01	2.562672206339869918e-01	1.530019045659981869e-01	7.322685750869398214e-02	2.957104295110499215e-02	7.658451323352277740e-02
1.190091472559199701e+03	2.494347030516056163e-01	1.615753549000164824e-01	2.564136064029294837e-01	1.530846470195916798e-01	7.326169289195520740e-02	2.959222327379511588e-02	7.663777245999277288e-02
1.191542803623296322e+03	2.492309222131917634e-01	1.614413086701557976e-01	2.565597361038799429e-01	1.531672409890963427e-01	7.329646874565676207e-02	2.961337891994441154e-02	7.669094435796132425e-02
1.192994134687392716e+03	2.490275000018967178e-01	1.613074789140288290e-01	2.567056101656249312e-01	1.532496867711951594e-01	7.333118517819392501e-02	2.963450990840872656e-02	7.674402906053794104e-02
1.194445465751489564e+03	2.488244357732740941e-01	1.611738652919535164e-01	2.568512290162467404e-01	1.533319846618911575e-01	7.336584229775312826e-02	2.965561625806433649e-02	7.679702670070324977e-02
1.195896796815585958e+03	2.486217288840782969e-01	1.610404674647454015e-01	2.569965930831246692e-01	1.534141349565089907e-01	7.340044021231234561e-02	2.967669798780779578e-02	7.684993741130874412e-02
1.197348127879682352e+03	2.484193786922622715e-01	1.609072850937171284e-01	2.571417027929359111e-01	1.534961379496970479e-01	7.343497902964159219e-02	2.969775511655576433e-02	7.690276132507642415e-02
1.198799458943779200e+03	2.482173845569751458e-01	1.607743178406778883e-01	2.572865585716571646e-01	1.535779939354292856e-01	7.346945885730327142e-02	2.971878766324485485e-02	7.695549857459849097e-02
1.200250790007875821e+03	2.480157458385598701e-01	1.606415653679326982e-01	2.574311608445653543e-01	1.536597032070069480e-01	7.350387980265271626e-02	2.973979564683148016e-02	7.700814929233704142e-02
1.201702121071972442e+03	2.478144618985508307e-01	1.605090273382818178e-01	2.575755100362389638e-01	1.537412660570605938e-01	7.353824197283849451e-02	2.976077908629169017e-02	7.706071361062374891e-02
1.203153452136069063e+03	2.476135320996715738e-01	1.603767034150201110e-01	2.577196065705590899e-01	1.538226827775518724e-01	7.357254547480292228e-02	2.978173800062100876e-02	7.711319166165957195e-02
1.204604783200165684e+03	2.474129558058324463e-01	1.602445932619365465e-01	2.578634508707105533e-01	1.539039536597753832e-01	7.360679041528249422e-02	2.980267240883428814e-02	7.716558357751450437e-02
1.206056114264262078e+03	2.472127323821281530e-01	1.601126965433133653e-01	2.580070433591831747e-01	1.539850789943605081e-01	7.364097690080827208e-02	2.982358232996555267e-02	7.721788949012717285e-02
1.207507445328358699e+03	2.470128611948356201e-01	1.599810129239257195e-01	2.581503844577728302e-01	1.540660590712732980e-01	7.367510503770630104e-02	2.984446778306782885e-02	7.727010953130461490e-02
1.208958776392455093e+03	2.468133416114115242e-01	1.598495420690409230e-01	2.582934745875825056e-01	1.541468941798181391e-01	7.370917493209808158e-02	2.986532878721300660e-02	7.732224383272201518e-02
1.210410107456551941e+03	2.466141730004900168e-01	1.597182836444178411e-01	2.584363141690235732e-01	1.542275846086398061e-01	7.374318668990097192e-02	2.988616536149168307e-02	7.737429252592233075e-02
1.211861438520648335e+03	2.464153547318804482e-01	1.595872373163062796e-01	2.585789036218167358e-01	1.543081306457251278e-01	7.377714041682859047e-02	2.990697752501300308e-02	7.742625574231608299e-02
1.213312769584745183e+03	2.462168861765649253e-01	1.594564027514463744e-01	2.587212433649933030e-01	1.543885325784048190e-01	7.381103621839128770e-02	2.992776529690450299e-02	7.747813361318105219e-02
1.214764100648841804e+03	2.460187667066962569e-01	1.593257796170680640e-01	2.588633338168962461e-01	1.544687906933553123e-01	7.384487419989649304e-02	2.994852869631197193e-02	7.752992626966198619e-02
1.216215431712937971e+03	2.458209956955953734e-01	1.591953675808903401e-01	2.590051753951812530e-01	1.545489052766005067e-01	7.387865446644921452e-02	2.996926774239928870e-02	7.758163384277032282e-02
1.217666762777034819e+03	2.456235725177492446e-01	1.590651663111207759e-01	2.591467685168180046e-01	1.546288766135135995e-01	7.391237712295241347e-02	2.998998245434827264e-02	7.763325646338398167e-02
1.219118093841131440e+03	2.454264965488084649e-01	1.589351754764547486e-01	2.592881135980912299e-01	1.547087049888189181e-01	7.394604227410742081e-02	3.001067285135853094e-02	7.768479426224701723e-02
1.220569424905228061e+03	2.452297671655849776e-01	1.588053947460750515e-01	2.594292110546017049e-01	1.547883906865935022e-01	7.397965002441436733e-02	3.003133895264731290e-02	7.773624736996939677e-02
1.222020755969324682e+03	2.450333837460498543e-01	1.586758237896510881e-01	2.595700613012675295e-01	1.548679339902691299e-01	7.401320047817264158e-02	3.005198077744936427e-02	7.778761591702669509e-02
1.223472087033421303e+03	2.448373456693310746e-01	1.585464622773382903e-01	2.597106647523250711e-01	1.549473351826339829e-01	7.404669373948120914e-02	3.007259834501676068e-02	7.783890003375990019e-02
1.224923418097517697e+03	2.446416523157110556e-01	1.584173098797776735e-01	2.598510218213302414e-01	1.550265945458343120e-01	7.408012991223908439e-02	3.009319167461877928e-02	7.789009985037513573e-02
1.226374749161614318e+03	2.444463030666245429e-01	1.582883662680949766e-01	2.599911329211595512e-01	1.551057123613763522e-01	7.411350910014577464e-02	3.011376078554174260e-02	7.794121549694332796e-02
1.227826080225710712e+03	2.442512973046563618e-01	1.581596311139003286e-01	2.601309984640110540e-01	1.551846889101279048e-01	7.414683140670164097e-02	3.013430569708886592e-02	7.799224710340008082e-02
1.229277411289807560e+03	2.440566344135390309e-01	1.580311040892874441e-01	2.602706188614057337e-01	1.552635244723202801e-01	7.418009693520834225e-02	3.015482642858011500e-02	7.804319479954534289e-02
1.230728742353903954e+03	2.438623137781506522e-01	1.579027848668329848e-01	2.604099945241883374e-01	1.553422193275498242e-01	7.421330578876920991e-02	3.017532299935206386e-02	7.809405871504319918e-02
1.232180073418000802e+03	2.436683347845125247e-01	1.577746731195961705e-01	2.605491258625287632e-01	1.554207737547797785e-01	7.424645807028969202e-02	3.019579542875773862e-02	7.814483897942162138e-02
1.233631404482097196e+03	2.434746968197870898e-01	1.576467685211180303e-01	2.606880132859226706e-01	1.554991880323420284e-01	7.427955388247774182e-02	3.021624373616648221e-02	7.819553572207217640e-02
1.235082735546193817e+03	2.432813992722755170e-01	1.575190707454207362e-01	2.608266572031932573e-01	1.555774624379386850e-01	7.431259332784427574e-02	3.023666794096380520e-02	7.824614907224992921e-02
1.236534066610290438e+03	2.430884415314155389e-01	1.573915794670071311e-01	2.609650580224918137e-01	1.556555972486439732e-01	7.434557650870350642e-02	3.025706806255123310e-02	7.829667915907304043e-02
1.237985397674387059e+03	2.428958229877792308e-01	1.572642943608600630e-01	2.611032161512989447e-01	1.557335927409057852e-01	7.437850352717340074e-02	3.027744412034618499e-02	7.834712611152266915e-02
1.239436728738483680e+03	2.427035430330707899e-01	1.571372151024417740e-01	2.612411319964257350e-01	1.558114491905474575e-01	7.441137448517605446e-02	3.029779613378181038e-02	7.839749005844263985e-02
1.240888059802580301e+03	2.425116010601242877e-01	1.570103413676932902e-01	2.613788059640148598e-01	1.558891668727694912e-01	7.444418948443813633e-02	3.031812412230685400e-02	7.844777112853928980e-02
1.242339390866676695e+03	2.423199964629015324e-01	1.568836728330338937e-01	2.615162384595416389e-01	1.559667460621512181e-01	7.447694862649124892e-02	3.033842810538550996e-02	7.849796945038123308e-02
1.243790721930773088e+03	2.421287286364897096e-01	1.567572091753603458e-01	2.616534298878149811e-01	1.560441870326524372e-01	7.450965201267234495e-02	3.035870810249728657e-02	7.854808515239913858e-02
1.245242052994869937e+03	2.419377969770993564e-01	1.566309500720464987e-01	2.617903806529786603e-01	1.561214900576151643e-01	7.454229974412412973e-02	3.037896413313686053e-02	7.859811836288548015e-02
1.246693384058966330e+03	2.417472008820620577e-01	1.565048952009426009e-01	2.619270911585123707e-01	1.561986554097653246e-01	7.457489192179550530e-02	3.039919621681393125e-02	7.864806920999437012e-02
1.248144715123063179e+03	2.415569397498282811e-01	1.563790442403746317e-01	2.620635618072326145e-01	1.562756833612143070e-01	7.460742864644191730e-02	3.041940437305309941e-02	7.869793782174132335e-02
1.249596046187159800e+03	2.413670129799651287e-01	1.562533968691437736e-01	2.621997930012940903e-01	1.563525741834607130e-01	7.463991001862574359e-02	3.043958862139370392e-02	7.874772432600300742e-02
1.251047377251256421e+03	2.411774199731542279e-01	1.561279527665258016e-01	2.623357851421904696e-01	1.564293281473920216e-01	7.467233613871675224e-02	3.045974898138969697e-02	7.879742885051714552e-02
1.252498708315352815e+03	2.409881601311895105e-01	1.560027116122704727e-01	2.624715386307557852e-01	1.565059455232861441e-01	7.470470710689246230e-02	3.047988547260951225e-02	7.884705152288222496e-02
1.253950039379449436e+03	2.407992328569751317e-01	1.558776730866009153e-01	2.626070538671650412e-01	1.565824265808132554e-01	7.473702302313850465e-02	3.049999811463590185e-02	7.889659247055730296e-02
1.255401370443546057e+03	2.406106375545230824e-01	1.557528368702131016e-01	2.627423312509358788e-01	1.566587715890372934e-01	7.476928398724912161e-02	3.052008692706582177e-02	7.894605182086184003e-02
1.256852701507642678e+03	2.404223736289512192e-01	1.556282026442750710e-01	2.628773711809290203e-01	1.567349808164175684e-01	7.480149009882744449e-02	3.054015192951029314e-02	7.899542970097547800e-02
1.258304032571739299e+03	2.402344404864810989e-01	1.555037700904265408e-01	2.630121740553499343e-01	1.568110545308105119e-01	7.483364145728597927e-02	3.056019314159425307e-02	7.904472623793785957e-02
1.259755363635835920e+03	2.400468375344356198e-01	1.553795388907782127e-01	2.631467402717493353e-01	1.568869929994712031e-01	7.486573816184693975e-02	3.058021058295642622e-02	7.909394155864843401e-02
1.261206694699932314e+03	2.398595641812371337e-01	1.552555087279111345e-01	2.632810702270246828e-01	1.569627964890550342e-01	7.489778031154266380e-02	3.060020427324919995e-02	7.914307578986626290e-02
1.262658025764028707e+03	2.396726198364051152e-01	1.551316792848762005e-01	2.634151643174211244e-01	1.570384652656193758e-01	7.492976800521600200e-02	3.062017423213846470e-02	7.919212905820985360e-02
1.264109356828125556e+03	2.394860039105540517e-01	1.550080502451934295e-01	2.635490229385324401e-01	1.571139995946250478e-01	7.496170134152073394e-02	3.064012047930349952e-02	7.924110149015696491e-02
1.265560687892221949e+03	2.392997158153913340e-01	1.548846212928514932e-01	2.636826464853021523e-01	1.571893997409380128e-01	7.499358041892190130e-02	3.066004303443684020e-02	7.928999321204441286e-02
1.267012018956318798e+03	2.391137549637151472e-01	1.547613921123070502e-01	2.638160353520246915e-01	1.572646659688310133e-01	7.502540533569625192e-02	3.067994191724412664e-02	7.933880435006791798e-02
1.268463350020415419e+03	2.389281207694122500e-01	1.546383623884841629e-01	2.639491899323462287e-01	1.573397985419850709e-01	7.505717618993257290e-02	3.069981714744398835e-02	7.938753503028189717e-02
1.269914681084511813e+03	2.387428126474558931e-01	1.545155318067736872e-01	2.640821106192660639e-01	1.574147977234911511e-01	7.508889307953214853e-02	3.071966874476790219e-02	7.943618537859933881e-02
1.271366012148608434e+03	2.385578300139037655e-01	1.543929000530327444e-01	2.642147978051372914e-01	1.574896637758516349e-01	7.512055610220906565e-02	3.073949672896007443e-02	7.948475552079155293e-02
1.272817343212705055e+03	2.383731722858958291e-01	1.542704668135840285e-01	2.643472518816681327e-01	1.575643969609820949e-01	7.515216535549065768e-02	3.075930111977728462e-02	7.953324558248811571e-02
1.274268674276801676e+03	2.381888388816520985e-01	1.541482317752153053e-01	2.644794732399228243e-01	1.576389975402126553e-01	7.518372093671790712e-02	3.077908193698877803e-02	7.958165568917659194e-02
1.275720005340898297e+03	2.380048292204706706e-01	1.540261946251787195e-01	2.646114622703228947e-01	1.577134657742896573e-01	7.521522294304573697e-02	3.079883920037612341e-02	7.962998596620243785e-02
1.277171336404994690e+03	2.378211427227255592e-01	1.539043550511902392e-01	2.647432193626477193e-01	1.577878019233772966e-01	7.524667147144349644e-02	3.081857292973308807e-02	7.967823653876882073e-02
1.278622667469091539e+03	2.376377788098646693e-01	1.537827127414291561e-01	2.648747449060362413e-01	1.578620062470589835e-01	7.527806661869525240e-02	3.083828314486549912e-02	7.972640753193646623e-02
1.280073998533187932e+03	2.374547369044075762e-01	1.536612673845373922e-01	2.650060392889873606e-01	1.579360790043390639e-01	7.530940848140024735e-02	3.085796986559113247e-02	7.977449907062349188e-02
1.281525329597284326e+03	2.372720164299434997e-01	1.535400186696188884e-01	2.651371028993614876e-01	1.580100204536442898e-01	7.534069715597324635e-02	3.087763311173957054e-02	7.982251127960524051e-02
1.282976660661381175e+03	2.370896168111292779e-01	1.534189662862390779e-01	2.652679361243812650e-01	1.580838308528254577e-01	7.537193273864489784e-02	3.089727290315207389e-02	7.987044428351416925e-02
1.284427991725477568e+03	2.369075374736871742e-01	1.532981099244242751e-01	2.653985393506327339e-01	1.581575104591587400e-01	7.540311532546216389e-02	3.091688925968146678e-02	7.991829820683968300e-02
1.285879322789574417e+03	2.367257778444028793e-01	1.531774492746611205e-01	2.655289129640662216e-01	1.582310595293474342e-01	7.543424501228861156e-02	3.093648220119199141e-02	7.996607317392796788e-02
1.287330653853671038e+03	2.365443373511233183e-01	1.530569840278959148e-01	2.656590573499976737e-01	1.583044783195233784e-01	7.546532189480488484e-02	3.095605174755919689e-02	8.001376930898182471e-02
1.288781984917767431e+03	2.363632154227548188e-01	1.529367138755341193e-01	2.657889728931093765e-01	1.583777670852484776e-01	7.549634606850903762e-02	3.097559791866981091e-02	8.006138673606061351e-02
1.290233315981864052e+03	2.361824114892608073e-01	1.528166385094396063e-01	2.659186599774510107e-01	1.584509260815162579e-01	7.552731762871688070e-02	3.099512073442160093e-02	8.010892557908004530e-02
