1.001418434226643626e+03	2.794375756313148274e-01	1.808081311144918990e-01	2.350461511871783093e-01	1.409487099968156631e-01	6.819560034341909383e-02	2.663528276850497811e-02	6.892854895816301342e-02
1.002869765290740247e+03	2.791829034172680912e-01	1.806413506752970743e-01	2.352290905616026273e-01	1.410533375625771246e-01	6.823914252365909094e-02	2.665993680299433982e-02	6.899423845648944287e-02
1.004321096354836754e+03	2.789286841177062715e-01	1.804748356646753704e-01	2.354117107192989222e-01	1.411577729900636569e-01	6.828260965399818305e-02	2.668456421367645590e-02	6.905982264046894858e-02
1.005772427418933376e+03	2.786749168850476410e-01	1.803085856955418675e-01	2.355940121935735376e-01	1.412620166832246893e-01	6.832600187346879461e-02	2.670916501278015887e-02	6.912530165625101197e-02
1.007223758483029997e+03	2.784216008734553549e-01	1.801426003812257315e-01	2.357759955168730603e-01	1.413660690449850266e-01	6.836931932082401797e-02	2.673373921259173530e-02	6.919067564993279518e-02
1.008675089547126618e+03	2.781687352388330647e-01	1.799768793354704077e-01	2.359576612207854862e-01	1.414699304772478461e-01	6.841256213453816848e-02	2.675828682545463091e-02	6.925594476755811413e-02
1.010126420611223239e+03	2.779163191388208665e-01	1.798114221724338435e-01	2.361390098360416911e-01	1.415736013808981675e-01	6.845573045280743674e-02	2.678280786376915565e-02	6.932110915511653648e-02
1.011577751675319632e+03	2.776643517327912480e-01	1.796462285066887932e-01	2.363200418925165691e-01	1.416770821558059890e-01	6.849882441355045759e-02	2.680730233999220266e-02	6.938616895854235467e-02
1.013029082739416367e+03	2.774128321818450371e-01	1.794812979532229846e-01	2.365007579192304199e-01	1.417803732008296180e-01	6.854184415440887912e-02	2.683177026663694648e-02	6.945112432371366995e-02
1.014480413803512761e+03	2.771617596488070712e-01	1.793166301274393137e-01	2.366811584443502536e-01	1.418834749138189188e-01	6.858478981274798714e-02	2.685621165627256890e-02	6.951597539645140711e-02
1.015931744867609382e+03	2.769111332982222007e-01	1.791522246451561495e-01	2.368612439951910953e-01	1.419863876916184209e-01	6.862766152565728806e-02	2.688062652152397106e-02	6.958072232251838463e-02
1.017383075931706003e+03	2.766609522963513479e-01	1.789880811226074453e-01	2.370410150982171227e-01	1.420891119300706218e-01	6.867045942995110563e-02	2.690501487507147849e-02	6.964536524761837100e-02
1.018834406995802851e+03	2.764112158111672879e-01	1.788241991764430161e-01	2.372204722790431652e-01	1.421916480240191794e-01	6.871318366216913609e-02	2.692937672965056359e-02	6.970990431739515492e-02
1.020285738059899245e+03	2.761619230123505964e-01	1.786605784237286498e-01	2.373996160624359530e-01	1.422939963673120478e-01	6.875583435857711423e-02	2.695371209805156806e-02	6.977433967743161547e-02
1.021737069123995752e+03	2.759130730712856527e-01	1.784972184819464680e-01	2.375784469723153103e-01	1.423961573528046698e-01	6.879841165516729917e-02	2.697802099311940108e-02	6.983867147324882008e-02
1.023188400188092373e+03	2.756646651610564214e-01	1.783341189689949813e-01	2.377569655317554598e-01	1.424981313723631682e-01	6.884091568765916824e-02	2.700230342775327905e-02	6.990289985030510855e-02
1.024639731252188767e+03	2.754166984564429543e-01	1.781712795031892838e-01	2.379351722629864385e-01	1.425999188168673992e-01	6.888334659149994432e-02	2.702655941490643768e-02	6.996702495399516331e-02
1.026091062316285615e+03	2.751691721339166175e-01	1.780086997032612750e-01	2.381130676873952356e-01	1.427015200762142277e-01	6.892570450186520647e-02	2.705078896758584053e-02	7.003104692964912115e-02
1.027542393380382237e+03	2.749220853716368707e-01	1.778463791883599932e-01	2.382906523255271525e-01	1.428029355393204691e-01	6.896798955365947281e-02	2.707499209885192229e-02	7.009496592253169900e-02
1.028993724444478858e+03	2.746754373494466051e-01	1.776843175780514761e-01	2.384679266970870237e-01	1.429041655941261646e-01	6.901020188151674173e-02	2.709916882181828690e-02	7.015878207784130571e-02
1.030445055508575479e+03	2.744292272488685347e-01	1.775225144923192333e-01	2.386448913209406053e-01	1.430052106275975232e-01	6.905234161980114416e-02	2.712331914965145085e-02	7.022249554070914002e-02
1.031896386572671872e+03	2.741834542531010888e-01	1.773609695515642737e-01	2.388215467151157123e-01	1.431060710257301138e-01	6.909440890260752643e-02	2.714744309557055521e-02	7.028610645619834396e-02
1.033347717636768493e+03	2.739381175470146368e-01	1.771996823766052720e-01	2.389978933968036068e-01	1.432067471735519182e-01	6.913640386376197766e-02	2.717154067284709151e-02	7.034961496930311475e-02
1.034799048700865114e+03	2.736932163171473253e-01	1.770386525886787632e-01	2.391739318823601912e-01	1.433072394551263284e-01	6.917832663682245420e-02	2.719561189480462771e-02	7.041302122494788596e-02
1.036250379764961508e+03	2.734487497517012478e-01	1.768778798094393645e-01	2.393496626873073685e-01	1.434075482535552837e-01	6.922017735507939029e-02	2.721965677481854792e-02	7.047632536798639769e-02
1.037701710829058356e+03	2.732047170405385583e-01	1.767173636609598031e-01	2.395250863263342078e-01	1.435076739509821564e-01	6.926195615155619767e-02	2.724367532631576105e-02	7.053952754320091945e-02
1.039153041893154750e+03	2.729611173751774200e-01	1.765571037657312214e-01	2.397002033132982490e-01	1.436076169285949444e-01	6.930366315900991780e-02	2.726766756277443707e-02	7.060262789530141747e-02
1.040604372957251599e+03	2.727179499487881742e-01	1.763970997466631774e-01	2.398750141612269182e-01	1.437073775666291575e-01	6.934529850993177702e-02	2.729163349772373640e-02	7.066562656892468042e-02
1.042055704021347992e+03	2.724752139561895659e-01	1.762373512270838660e-01	2.400495193823184714e-01	1.438069562443708982e-01	6.938686233654776936e-02	2.731557314474354972e-02	7.072852370863345894e-02
1.043507035085444613e+03	2.722329085938446913e-01	1.760778578307403697e-01	2.402237194879436044e-01	1.439063533401597483e-01	6.942835477081921169e-02	2.733948651746420655e-02	7.079131945891575795e-02
1.044958366149541234e+03	2.719910330598572235e-01	1.759186191817985467e-01	2.403976149886465075e-01	1.440055692313918501e-01	6.946977594444338211e-02	2.736337362956623234e-02	7.085401396418390674e-02
1.046409697213637855e+03	2.717495865539674704e-01	1.757596349048434203e-01	2.405712063941461420e-01	1.441046042945227923e-01	6.951112598885403338e-02	2.738723449478007096e-02	7.091660736877380966e-02
1.047861028277734476e+03	2.715085682775486009e-01	1.756009046248791505e-01	2.407444942133376009e-01	1.442034589050705251e-01	6.955240503522197582e-02	2.741106912688580713e-02	7.097909981694415504e-02
1.049312359341831097e+03	2.712679774336027028e-01	1.754424279673292009e-01	2.409174789542932460e-01	1.443021334376184406e-01	6.959361321445568793e-02	2.743487753971292353e-02	7.104149145287555478e-02
1.050763690405927491e+03	2.710278132267572304e-01	1.752842045580365327e-01	2.410901611242640408e-01	1.444006282658181761e-01	6.963475065720189927e-02	2.745865974714002331e-02	7.110378242066982268e-02
1.052215021470024112e+03	2.707880748632608969e-01	1.751262340232636883e-01	2.412625412296807714e-01	1.444989437623925566e-01	6.967581749384610390e-02	2.748241576309456979e-02	7.116597286434915570e-02
1.053666352534120733e+03	2.705487615509798993e-01	1.749685159896928188e-01	2.414346197761553237e-01	1.445970802991385085e-01	6.971681385451315716e-02	2.750614560155261942e-02	7.122806292785534288e-02
1.055117683598217127e+03	2.703098724993943658e-01	1.748110500844259618e-01	2.416063972684819039e-01	1.446950382469299468e-01	6.975773986906787238e-02	2.752984927653857536e-02	7.129005275504904371e-02
1.056569014662313975e+03	2.700714069195943035e-01	1.746538359349850134e-01	2.417778742106382883e-01	1.447928179757206613e-01	6.979859566711554830e-02	2.755352680212490302e-02	7.135194248970898323e-02
1.058020345726410369e+03	2.698333640242757125e-01	1.744968731693119501e-01	2.419490511057870719e-01	1.448904198545472033e-01	6.983938137800262125e-02	2.757717819243188720e-02	7.141373227553118874e-02
1.059471676790506763e+03	2.695957430277373112e-01	1.743401614157688573e-01	2.421199284562770282e-01	1.449878442515316890e-01	6.988009713081712315e-02	2.760080346162738230e-02	7.147542225612824041e-02
1.060923007854603611e+03	2.693585431458763724e-01	1.741837003031380671e-01	2.422905067636441090e-01	1.450850915338846858e-01	6.992074305438931991e-02	2.762440262392652779e-02	7.153701257502854960e-02
1.062374338918700232e+03	2.691217635961851706e-01	1.740274894606222145e-01	2.424607865286128872e-01	1.451821620679080438e-01	6.996131927729223876e-02	2.764797569359150539e-02	7.159850337567556788e-02
1.063825669982796853e+03	2.688854035977471524e-01	1.738715285178444314e-01	2.426307682510976949e-01	1.452790562189976986e-01	7.000182592784227886e-02	2.767152268493128925e-02	7.165989480142712087e-02
1.065277001046893474e+03	2.686494623712331054e-01	1.737158171048483191e-01	2.428004524302039835e-01	1.453757743516465584e-01	7.004226313409972482e-02	2.769504361230138920e-02	7.172118699555458943e-02
1.066728332110990095e+03	2.684139391388977725e-01	1.735603548520980866e-01	2.429698395642293784e-01	1.454723168294471680e-01	7.008263102386937116e-02	2.771853849010358015e-02	7.178238010124225743e-02
1.068179663175086489e+03	2.681788331245759660e-01	1.734051413904786898e-01	2.431389301506650946e-01	1.455686840150946515e-01	7.012292972470100805e-02	2.774200733278566616e-02	7.184347426158654848e-02
1.069630994239183110e+03	2.679441435536787375e-01	1.732501763512958870e-01	2.433077246861970466e-01	1.456648762703894040e-01	7.016315936389005969e-02	2.776545015484122372e-02	7.190446961959533201e-02
1.071082325303279504e+03	2.677098696531899358e-01	1.730954593662762386e-01	2.434762236667070978e-01	1.457608939562398676e-01	7.020332006847807005e-02	2.778886697080934151e-02	7.196536631818721552e-02
1.072533656367376352e+03	2.674760106516622660e-01	1.729409900675672185e-01	2.436444275872743925e-01	1.458567374326653343e-01	7.024341196525331343e-02	2.781225779527438449e-02	7.202616450019083683e-02
1.073984987431472746e+03	2.672425657792140696e-01	1.727867680877373524e-01	2.438123369421764386e-01	1.459524070587986389e-01	7.028343518075134966e-02	2.783562264286573371e-02	7.208686430834417014e-02
1.075436318495569594e+03	2.670095342675251060e-01	1.726327930597763571e-01	2.439799522248904673e-01	1.460479031928889337e-01	7.032338984125555137e-02	2.785896152825753300e-02	7.214746588529383220e-02
1.076887649559666215e+03	2.667769153498334433e-01	1.724790646170949182e-01	2.441472739280945159e-01	1.461432261923043541e-01	7.036327607279770080e-02	2.788227446616845656e-02	7.220796937359440226e-02
1.078338980623762609e+03	2.665447082609314622e-01	1.723255823935250786e-01	2.443143025436687321e-01	1.462383764135349318e-01	7.040309400115848937e-02	2.790556147136144180e-02	7.226837491570771432e-02
1.079790311687859230e+03	2.663129122371623581e-01	1.721723460233200442e-01	2.444810385626966509e-01	1.463333542121950104e-01	7.044284375186812830e-02	2.792882255864346033e-02	7.232868265400224650e-02
1.081241642751955851e+03	2.660815265164164778e-01	1.720193551411544064e-01	2.446474824754663324e-01	1.464281599430261316e-01	7.048252545020684823e-02	2.795205774286526820e-02	7.238889273075238551e-02
1.082692973816052472e+03	2.658505503381278778e-01	1.718666093821241969e-01	2.448136347714716110e-01	1.465227939598997275e-01	7.052213922120550982e-02	2.797526703892114566e-02	7.244900528813778828e-02
1.084144304880149093e+03	2.656199829432706050e-01	1.717141083817468050e-01	2.449794959394132610e-01	1.466172566158196744e-01	7.056168518964607561e-02	2.799845046174867513e-02	7.250902046824271585e-02
1.085595635944245487e+03	2.653898235743551437e-01	1.715618517759611716e-01	2.451450664672003288e-01	1.467115482629250400e-01	7.060116348006226228e-02	2.802160802632848793e-02	7.256893841305542270e-02
1.087046967008342108e+03	2.651600714754247523e-01	1.714098392011277061e-01	2.453103468419511601e-01	1.468056692524927764e-01	7.064057421673998471e-02	2.804473974768401448e-02	7.262875926446743513e-02
1.088498298072438729e+03	2.649307258920520214e-01	1.712580702940284805e-01	2.454753375499948431e-01	1.468996199349402454e-01	7.067991752371798053e-02	2.806784564088126224e-02	7.268848316427296841e-02
1.089949629136535123e+03	2.647017860713353210e-01	1.711065446918670907e-01	2.456400390768722075e-01	1.469934006598280218e-01	7.071919352478829579e-02	2.809092572102855206e-02	7.274811025416827448e-02
1.091400960200631971e+03	2.644732512618952480e-01	1.709552620322688510e-01	2.458044519073372125e-01	1.470870117758622808e-01	7.075840234349688174e-02	2.811398000327629959e-02	7.280764067575100362e-02
1.092852291264728365e+03	2.642451207138709623e-01	1.708042219532807382e-01	2.459685765253580292e-01	1.471804536308976563e-01	7.079754410314406665e-02	2.813700850281676547e-02	7.286707457051956605e-02
1.094303622328825213e+03	2.640173936789168563e-01	1.706534240933714197e-01	2.461324134141182340e-01	1.472737265719397393e-01	7.083661892678520811e-02	2.816001123488381247e-02	7.292641207987253515e-02
1.095754953392921607e+03	2.637900694101988908e-01	1.705028680914313366e-01	2.462959630560181135e-01	1.473668309451476033e-01	7.087562693723115093e-02	2.818298821475268348e-02	7.298565334510803693e-02
1.097206284457018228e+03	2.635631471623911537e-01	1.703525535867727314e-01	2.464592259326757739e-01	1.474597670958364970e-01	7.091456825704878231e-02	2.820593945773974473e-02	7.304479850742309766e-02
1.098657615521114849e+03	2.633366261916724738e-01	1.702024802191295649e-01	2.466222025249284189e-01	1.475525353684803975e-01	7.095344300856155917e-02	2.822886497920227070e-02	7.310384770791310272e-02
1.100108946585211470e+03	2.631105057557227567e-01	1.700526476286576549e-01	2.467848933128335143e-01	1.476451361067145363e-01	7.099225131385009102e-02	2.825176479453819778e-02	7.316280108757108880e-02
1.101560277649308091e+03	2.628847851137194880e-01	1.699030554559346484e-01	2.469472987756699267e-01	1.477375696533379246e-01	7.103099329475262569e-02	2.827463891918589531e-02	7.322165878728728594e-02
1.103011608713404712e+03	2.626594635263345690e-01	1.697537033419600216e-01	2.471094193919392279e-01	1.478298363503160462e-01	7.106966907286563218e-02	2.829748736862391922e-02	7.328042094784843752e-02
1.104462939777501106e+03	2.624345402557304308e-01	1.696045909281550801e-01	2.472712556393668326e-01	1.479219365387832441e-01	7.110827876954425864e-02	2.832031015837080390e-02	7.333908770993720350e-02
1.105914270841597499e+03	2.622100145655569814e-01	1.694557178563630140e-01	2.474328079949031367e-01	1.480138705590453019e-01	7.114682250590298462e-02	2.834310730398480888e-02	7.339765921413164695e-02
1.107365601905694348e+03	2.619858857209479974e-01	1.693070837688488151e-01	2.475940769347248216e-01	1.481056387505819694e-01	7.118530040281602356e-02	2.836587882106370029e-02	7.345613560090460958e-02
1.108816932969790741e+03	2.617621529885175713e-01	1.691586883082994153e-01	2.477550629342359367e-01	1.481972414520494330e-01	7.122371258091793333e-02	2.838862472524451494e-02	7.351451701062315658e-02
1.110268264033887590e+03	2.615388156363568362e-01	1.690105311178236036e-01	2.479157664680691486e-01	1.482886790012828693e-01	7.126205916060414369e-02	2.841134503220333479e-02	7.357280358354797989e-02
1.111719595097984211e+03	2.613158729340305797e-01	1.688626118409519983e-01	2.480761880100869621e-01	1.483799517352988873e-01	7.130034026203146968e-02	2.843403975765505798e-02	7.363099545983292638e-02
1.113170926162080832e+03	2.610933241525739690e-01	1.687149301216370745e-01	2.482363280333828026e-01	1.484710599902979988e-01	7.133855600511859740e-02	2.845670891735317329e-02	7.368909277952431780e-02
1.114622257226177226e+03	2.608711685644887202e-01	1.685674856042531644e-01	2.483961870102822100e-01	1.485620041016671722e-01	7.137670650954668072e-02	2.847935252708952078e-02	7.374709568256049286e-02
1.116073588290273847e+03	2.606494054437401009e-01	1.684202779335964018e-01	2.485557654123441707e-01	1.486527844039821633e-01	7.141479189475979927e-02	2.850197060269409055e-02	7.380500430877125206e-02
1.117524919354370468e+03	2.604280340657534887e-01	1.682733067548848049e-01	2.487150637103620887e-01	1.487434012310100695e-01	7.145281227996555518e-02	2.852456316003477294e-02	7.386281879787724713e-02
1.118976250418467089e+03	2.602070537074109291e-01	1.681265717137581106e-01	2.488740823743650632e-01	1.488338549157117718e-01	7.149076778413554489e-02	2.854713021501715034e-02	7.392053928948949526e-02
1.120427581482563710e+03	2.599864636470478052e-01	1.679800724562778846e-01	2.490328218736190813e-01	1.489241457902442389e-01	7.152865852600590046e-02	2.856967178358426132e-02	7.397816592310887951e-02
1.121878912546660331e+03	2.597662631644495623e-01	1.678338086289274389e-01	2.491912826766281841e-01	1.490142741859631081e-01	7.156648462407776135e-02	2.859218788171639242e-02	7.403569883812555208e-02
1.123330243610756725e+03	2.595464515408483219e-01	1.676877798786118312e-01	2.493494652511356602e-01	1.491042404334250449e-01	7.160424619661787116e-02	2.861467852543084570e-02	7.409313817381846246e-02
1.124781574674853118e+03	2.593270280589194954e-01	1.675419858526578099e-01	2.495073700641250447e-01	1.491940448623901017e-01	7.164194336165906341e-02	2.863714373078172365e-02	7.415048406935478842e-02
1.126232905738949967e+03	2.591079920027785644e-01	1.673964261988138413e-01	2.496649975818215905e-01	1.492836878018241609e-01	7.167957623700071945e-02	2.865958351385970021e-02	7.420773666378950584e-02
1.127684236803046360e+03	2.588893426579776946e-01	1.672511005652499161e-01	2.498223482696931841e-01	1.493731695799013492e-01	7.171714494020937913e-02	2.868199789079180564e-02	7.426489609606476416e-02
1.129135567867143209e+03	2.586710793115024054e-01	1.671060086005577983e-01	2.499794225924516500e-01	1.494624905240062862e-01	7.175464958861918485e-02	2.870438687774121839e-02	7.432196250500949786e-02
1.130586898931239830e+03	2.584532012517685162e-01	1.669611499537506927e-01	2.501362210140538056e-01	1.495516509607366651e-01	7.179209029933246444e-02	2.872675049090703259e-02	7.437893602933884352e-02
1.132038229995336451e+03	2.582357077686187052e-01	1.668165242742633836e-01	2.502927439977027380e-01	1.496406512159054181e-01	7.182946718922014750e-02	2.874908874652404647e-02	7.443581680765366804e-02
1.133489561059432845e+03	2.580185981533190120e-01	1.666721312119521514e-01	2.504489920058488028e-01	1.497294916145431309e-01	7.186678037492236215e-02	2.877140166086254031e-02	7.449260497844009676e-02
1.134940892123529466e+03	2.578018716985559511e-01	1.665279704170946617e-01	2.506049655001910681e-01	1.498181724809004856e-01	7.190402997284886522e-02	2.879368925022807169e-02	7.454930068006901389e-02
1.136392223187626087e+03	2.575855276984330144e-01	1.663840415403900486e-01	2.507606649416781464e-01	1.499066941384504248e-01	7.194121609917963900e-02	2.881595153096125350e-02	7.460590405079557674e-02
1.137843554251722708e+03	2.573695654484676743e-01	1.662403442329587200e-01	2.509160907905095272e-01	1.499950569098905673e-01	7.197833886986532148e-02	2.883818851943754230e-02	7.466241522875873005e-02
1.139294885315819101e+03	2.571539842455877189e-01	1.660968781463424138e-01	2.510712435061367431e-01	1.500832611171455666e-01	7.201539840062778919e-02	2.886040023206702318e-02	7.471883435198074797e-02
1.140746216379915950e+03	2.569387833881284777e-01	1.659536429325040863e-01	2.512261235472645349e-01	1.501713070813693596e-01	7.205239480696055965e-02	2.888258668529419815e-02	7.477516155836677614e-02
1.142197547444012343e+03	2.567239621758293233e-01	1.658106382438278015e-01	2.513807313718519065e-01	1.502591951229474421e-01	7.208932820412938813e-02	2.890474789559777102e-02	7.483139698570431819e-02
1.143648878508108737e+03	2.565095199098306744e-01	1.656678637331188975e-01	2.515350674371132356e-01	1.503469255614992284e-01	7.212619870717271175e-02	2.892688387949044274e-02	7.488754077166283329e-02
1.145100209572205586e+03	2.562954558926704429e-01	1.655253190536035979e-01	2.516891321995195496e-01	1.504344987158802716e-01	7.216300643090219069e-02	2.894899465351869622e-02	7.494359305379323655e-02
1.146551540636302207e+03	2.560817694282812029e-01	1.653830038589292062e-01	2.518429261147997478e-01	1.505219149041846227e-01	7.219975148990318004e-02	2.897108023426259171e-02	7.499955396952748266e-02
1.148002871700398828e+03	2.558684598219868045e-01	1.652409178031638837e-01	2.519964496379415442e-01	1.506091744437469682e-01	7.223643399853522939e-02	2.899314063833554819e-02	7.505542365617808021e-02
1.149454202764495449e+03	2.556555263804992650e-01	1.650990605407967049e-01	2.521497032231927449e-01	1.506962776511450164e-01	7.227305407093258249e-02	2.901517588238414561e-02	7.511120225093766145e-02
1.150905533828591842e+03	2.554429684119156052e-01	1.649574317267374357e-01	2.523026873240622470e-01	1.507832248422016630e-01	7.230961182100470452e-02	2.903718598308790977e-02	7.516688989087856598e-02
1.152356864892688463e+03	2.552307852257146847e-01	1.648160310163166165e-01	2.524554023933213154e-01	1.508700163319872944e-01	7.234610736243671236e-02	2.905917095715911114e-02	7.522248671295239664e-02
1.153808195956785084e+03	2.550189761327540383e-01	1.646748580652853955e-01	2.526078488830046931e-01	1.509566524348219529e-01	7.238254080868994356e-02	2.908113082134256011e-02	7.527799285398954765e-02
1.155259527020881706e+03	2.548075404452667114e-01	1.645339125298154181e-01	2.527600272444118779e-01	1.510431334642775569e-01	7.241891227300240041e-02	2.910306559241539887e-02	7.533340845069882996e-02
1.156710858084978327e+03	2.545964774768581518e-01	1.643931940664988545e-01	2.529119379281078994e-01	1.511294597331802325e-01	7.245522186838923573e-02	2.912497528718688972e-02	7.538873363966702712e-02
1.158162189149074720e+03	2.543857865425030451e-01	1.642527023323482327e-01	2.530635813839246517e-01	1.512156315536124229e-01	7.249146970764325237e-02	2.914685992249822777e-02	7.544396855735847895e-02
1.159613520213171569e+03	2.541754669585423176e-01	1.641124369847963282e-01	2.532149580609622253e-01	1.513016492369150534e-01	7.252765590333545842e-02	2.916871951522232581e-02	7.549911334011465136e-02
1.161064851277267962e+03	2.539655180426798609e-01	1.639723976816961637e-01	2.533660684075896286e-01	1.513875130936898628e-01	7.256378056781545571e-02	2.919055408226360962e-02	7.555416812415373384e-02
1.162516182341364356e+03	2.537559391139795895e-01	1.638325840813208423e-01	2.535169128714463427e-01	1.514732234338014571e-01	7.259984381321195335e-02	2.921236364055783061e-02	7.560913304557026482e-02
1.163967513405461204e+03	2.535467294928622772e-01	1.636929958423634923e-01	2.536674918994432093e-01	1.515587805663795029e-01	7.263584575143329503e-02	2.923414820707185419e-02	7.566400824033467365e-02
1.165418844469557826e+03	2.533378885011023929e-01	1.635536326239372118e-01	2.538178059377634299e-01	1.516441847998209747e-01	7.267178649416790315e-02	2.925590779880345854e-02	7.571879384429291981e-02
1.166870175533654447e+03	2.531294154618251024e-01	1.634144940855748462e-01	2.539678554318640091e-01	1.517294364417922370e-01	7.270766615288479229e-02	2.927764243278114381e-02	7.577348999316607658e-02
1.168321506597751068e+03	2.529213096995033272e-01	1.632755798872290443e-01	2.541176408264767539e-01	1.518145357992312372e-01	7.274348483883399941e-02	2.929935212606392739e-02	7.582809682254998407e-02
1.169772837661847461e+03	2.527135705399544130e-01	1.631368896892719522e-01	2.542671625656092727e-01	1.518994831783495869e-01	7.277924266304712508e-02	2.932103689574114616e-02	7.588261446791477738e-02
1.171224168725944082e+03	2.525061973103372437e-01	1.629984231524953808e-01	2.544164210925461966e-01	1.519842788846348103e-01	7.281493973633777761e-02	2.934269675893225529e-02	7.593704306460459519e-02
1.172675499790040703e+03	2.522991893391492435e-01	1.628601799381104998e-01	2.545654168498503456e-01	1.520689232228523424e-01	7.285057616930205870e-02	2.936433173278665126e-02	7.599138274783712177e-02
1.174126830854137097e+03	2.520925459562232684e-01	1.627221597077477544e-01	2.547141502793637824e-01	1.521534164970477498e-01	7.288615207231903537e-02	2.938594183448344985e-02	7.604563365270328168e-02
1.175578161918233945e+03	2.518862664927245532e-01	1.625843621234567826e-01	2.548626218222088124e-01	1.522377590105488676e-01	7.292166755555123947e-02	2.940752708123131262e-02	7.609979591416680955e-02
1.177029492982330339e+03	2.516803502811477689e-01	1.624467868477063592e-01	2.550108319187893158e-01	1.523219510659677145e-01	7.295712272894513961e-02	2.942908749026822840e-02	7.615386966706390315e-02
1.178480824046426733e+03	2.514747966553138037e-01	1.623094335433841462e-01	2.551587810087918018e-01	1.524059929652028245e-01	7.299251770223155744e-02	2.945062307886135017e-02	7.620785504610289030e-02
1.179932155110523581e+03	2.512696049503671536e-01	1.621723018737966926e-01	2.553064695311865195e-01	1.524898850094411895e-01	7.302785258492622278e-02	2.947213386430677304e-02	7.626175218586381255e-02
1.181383486174620202e+03	2.510647745027725919e-01	1.620353915026692959e-01	2.554538979242284569e-01	1.525736274991603969e-01	7.306312748633017606e-02	2.949361986392936771e-02	7.631556122079810600e-02
1.182834817238716823e+03	2.508603046503123379e-01	1.618987020941458355e-01	2.556010666254585062e-01	1.526572207341306553e-01	7.309834251553029572e-02	2.951508109508256539e-02	7.636928228522822659e-02
1.184286148302813444e+03	2.506561947320829487e-01	1.617622333127886614e-01	2.557479760717045747e-01	1.527406650134169319e-01	7.313349778139974222e-02	2.953651757514818774e-02	7.642291551334730315e-02
1.185737479366910065e+03	2.504524440884925984e-01	1.616259848235785113e-01	2.558946266990828056e-01	1.528239606353810343e-01	7.316859339259841610e-02	2.955792932153624222e-02	7.647646103921881822e-02
1.187188810431006686e+03	2.502490520612577485e-01	1.614899562919142884e-01	2.560410189429985217e-01	1.529071078976835252e-01	7.320362945757340201e-02	2.957931635168473475e-02	7.652991899677621945e-02
1.188640141495103080e+03	2.500460179934005378e-01	1.613541473836131168e-01	2.561871532381472250e-01	1.529901070972858879e-01	7.323860608455952381e-02	2.960067868305948924e-02	7.658328951982262822e-02
1.190091472559199701e+03	2.498433412292456746e-01	1.612185577649099533e-01	2.563330300185162058e-01	1.530729585304524687e-01	7.327352338157970546e-02	2.962201633315394989e-02	7.663657274203047876e-02
1.191542803623296322e+03	2.496410211144174385e-01	1.610831871024576700e-01	2.564786497173849877e-01	1.531556624927526145e-01	7.330838145644551218e-02	2.964332931948899727e-02	7.668976879694115734e-02
1.192994134687392716e+03	2.494390569958369053e-01	1.609480350633268608e-01	2.566240127673268812e-01	1.532382192790626152e-01	7.334318041675755295e-02	2.966461765961276795e-02	7.674287781796475250e-02
1.194445465751489564e+03	2.492374482217189213e-01	1.608131013150056465e-01	2.567691196002099274e-01	1.533206291835677859e-01	7.337792036990600786e-02	2.968588137110045669e-02	7.679589993837965256e-02
1.195896796815585958e+03	2.490361941415691893e-01	1.606783855253995918e-01	2.569139706471978424e-01	1.534028924997643817e-01	7.341260142307100278e-02	2.970712047155413954e-02	7.684883529133226809e-02
1.197348127879682352e+03	2.488352941061813817e-01	1.605438873628314556e-01	2.570585663387514042e-01	1.534850095204617071e-01	7.344722368322316453e-02	2.972833497860258647e-02	7.690168400983667107e-02
1.198799458943779200e+03	2.486347474676343094e-01	1.604096064960412460e-01	2.572029071046294524e-01	1.535669805377840313e-01	7.348178725712396775e-02	2.974952490990107751e-02	7.695444622677435897e-02
1.200250790007875821e+03	2.484345535792888693e-01	1.602755425941859435e-01	2.573469933738896653e-01	1.536488058431725867e-01	7.351629225132630396e-02	2.977069028313121535e-02	7.700712207489382455e-02
1.201702121071972442e+03	2.482347117957852678e-01	1.601416953268393339e-01	2.574908255748902253e-01	1.537304857273875947e-01	7.355073877217488398e-02	2.979183111600075540e-02	7.705971168681040318e-02
1.203153452136069063e+03	2.480352214730402183e-01	1.600080643639919253e-01	2.576344041352903180e-01	1.538120204805100977e-01	7.358512692580666814e-02	2.981294742624340799e-02	7.711221519500581489e-02
1.204604783200165684e+03	2.478360819682439153e-01	1.598746493760507537e-01	2.577777294820516318e-01	1.538934103919441521e-01	7.361945681815135201e-02	2.983403923161867186e-02	7.716463273182797011e-02
1.206056114264262078e+03	2.476372926398572316e-01	1.597414500338392995e-01	2.579208020414393010e-01	1.539746557504186042e-01	7.365372855493182436e-02	2.985510654991163290e-02	7.721696442949058103e-02
1.207507445328358699e+03	2.474388528476088589e-01	1.596084660085972107e-01	2.580636222390229051e-01	1.540557568439890890e-01	7.368794224166461126e-02	2.987614939893280808e-02	7.726921042007298124e-02
1.208958776392455093e+03	2.472407619524925049e-01	1.594756969719802464e-01	2.582061904996776902e-01	1.541367139600400560e-01	7.372209798366029243e-02	2.989716779651794415e-02	7.732137083551972323e-02
1.210410107456551941e+03	2.470430193167640343e-01	1.593431425960601389e-01	2.583485072475855682e-01	1.542175273852865180e-01	7.375619588602402854e-02	2.991816176052786158e-02	7.737344580764037028e-02
1.211861438520648335e+03	2.468456243039385822e-01	1.592108025533242877e-01	2.584905729062361157e-01	1.542981974057761885e-01	7.379023605365590821e-02	2.993913130884826024e-02	7.742543546810914945e-02
1.213312769584745183e+03	2.466485762787877789e-01	1.590786765166757599e-01	2.586323878984279623e-01	1.543787243068912296e-01	7.382421859125146146e-02	2.996007645938954245e-02	7.747733994846475736e-02
1.214764100648841804e+03	2.464518746073369737e-01	1.589467641594330405e-01	2.587739526462694561e-01	1.544591083733503345e-01	7.385814360330207606e-02	2.998099723008664647e-02	7.752915938010995767e-02
1.216215431712937971e+03	2.462555186568623766e-01	1.588150651553298653e-01	2.589152675711799412e-01	1.545393498892105311e-01	7.389201119409549712e-02	3.000189363889885219e-02	7.758089389431141458e-02
1.217666762777034819e+03	2.460595077958881716e-01	1.586835791785151384e-01	2.590563330938909226e-01	1.546194491378690417e-01	7.392582146771618790e-02	3.002276570380963544e-02	7.763254362219937366e-02
1.219118093841131440e+03	2.458638413941838519e-01	1.585523059035525983e-01	2.591971496344470105e-01	1.546994064020653370e-01	7.395957452804584331e-02	3.004361344282645979e-02	7.768410869476738423e-02
1.220569424905228061e+03	2.456685188227614725e-01	1.584212450054208188e-01	2.593377176122068639e-01	1.547792219638828570e-01	7.399327047876375074e-02	3.006443687398062739e-02	7.773558924287210514e-02
1.222020755969324682e+03	2.454735394538726800e-01	1.582903961595129583e-01	2.594780374458445782e-01	1.548588961047510093e-01	7.402690942334733126e-02	3.008523601532708813e-02	7.778698539723291616e-02
1.223472087033421303e+03	2.452789026610061041e-01	1.581597590416365384e-01	2.596181095533504624e-01	1.549384291054469731e-01	7.406049146507247272e-02	3.010601088494427660e-02	7.783829728843176532e-02
1.224923418097517697e+03	2.450846078188844979e-01	1.580293333280133605e-01	2.597579343520321493e-01	1.550178212460976424e-01	7.409401670701405707e-02	3.012676150093394206e-02	7.788952504691289136e-02
1.226374749161614318e+03	2.448906543034620742e-01	1.578991186952792836e-01	2.598975122585160391e-01	1.550970728061813741e-01	7.412748525204636285e-02	3.014748788142096458e-02	7.794066880298253230e-02
1.227826080225710712e+03	2.446970414919216463e-01	1.577691148204840577e-01	2.600368436887476320e-01	1.551761840645299595e-01	7.416089720284349540e-02	3.016819004455319891e-02	7.799172868680868953e-02
1.229277411289807560e+03	2.445037687626719636e-01	1.576393213810910743e-01	2.601759290579931938e-01	1.552551552993303996e-01	7.419425266187978929e-02	3.018886800850129060e-02	7.804270482842090573e-02
1.230728742353903954e+03	2.443108354953449635e-01	1.575097380549772552e-01	2.603147687808406996e-01	1.553339867881267655e-01	7.422755173143032181e-02	3.020952179145851985e-02	7.809359735771002897e-02
1.232180073418000802e+03	2.441182410707929962e-01	1.573803645204329416e-01	2.604533632712007218e-01	1.554126788078220855e-01	7.426079451357128769e-02	3.023015141164061767e-02	7.814440640442792130e-02
1.233631404482097196e+03	2.439259848710861600e-01	1.572512004561615051e-01	2.605917129423075962e-01	1.554912316346800938e-01	7.429398111018042927e-02	3.025075688728560974e-02	7.819513209818723665e-02
1.235082735546193817e+03	2.437340662795095536e-01	1.571222455412793484e-01	2.607298182067203651e-01	1.555696455443270620e-01	7.432711162293748064e-02	3.027133823665364293e-02	7.824577456846122658e-02
1.236534066610290438e+03	2.435424846805605836e-01	1.569934994553155438e-01	2.608676794763239437e-01	1.556479208117537150e-01	7.436018615332459780e-02	3.029189547802681529e-02	7.829633394458346274e-02
1.237985397674387059e+03	2.433512394599462725e-01	1.568649618782118615e-01	2.610052971623302853e-01	1.557260577113168676e-01	7.439320480262680280e-02	3.031242862970901647e-02	7.834681035574761476e-02
1.239436728738483680e+03	2.431603300045804550e-01	1.567366324903222974e-01	2.611426716752791033e-01	1.558040565167414238e-01	7.442616767193237226e-02	3.033293771002576120e-02	7.839720393100725604e-02
1.240888059802580301e+03	2.429697557025813359e-01	1.566085109724131841e-01	2.612798034250392032e-01	1.558819175011220137e-01	7.445907486213328152e-02	3.035342273732401230e-02	7.844751479927560001e-02
1.242339390866676695e+03	2.427795159432685479e-01	1.564805970056627749e-01	2.614166928208094265e-01	1.559596409369248815e-01	7.449192647392566258e-02	3.037388372997202463e-02	7.849774308932530587e-02
1.243790721930773088e+03	2.425896101171606811e-01	1.563528902716611046e-01	2.615533402711197053e-01	1.560372270959896057e-01	7.452472260781017876e-02	3.039432070635918540e-02	7.854788892978824266e-02
1.245242052994869937e+03	2.424000376159724524e-01	1.562253904524097958e-01	2.616897461838320060e-01	1.561146762495309315e-01	7.455746336409245500e-02	3.041473368489584425e-02	7.859795244915528112e-02
1.246693384058966330e+03	2.422107978326121513e-01	1.560980972303218361e-01	2.618259109661415507e-01	1.561919886681404634e-01	7.459014884288350800e-02	3.043512268401315363e-02	7.864793377577607159e-02
1.248144715123063179e+03	2.420218901611789764e-01	1.559710102882214677e-01	2.619618350245777050e-01	1.562691646217885810e-01	7.462277914410017643e-02	3.045548772216289876e-02	7.869783303785889139e-02
1.249596046187159800e+03	2.418333139969603696e-01	1.558441293093438540e-01	2.620975187650051996e-01	1.563462043798260204e-01	7.465535436746556508e-02	3.047582881781734504e-02	7.874765036347032565e-02
1.251047377251256421e+03	2.416450687364293803e-01	1.557174539773349409e-01	2.622329625926249630e-01	1.564231082109857618e-01	7.468787461250936399e-02	3.049614598946907146e-02	7.879738588053518400e-02
1.252498708315352815e+03	2.414571537772420562e-01	1.555909839762512903e-01	2.623681669119752313e-01	1.564998763833846673e-01	7.472033997856838972e-02	3.051643925563081450e-02	7.884703971683622303e-02
1.253950039379449436e+03	2.412695685182347505e-01	1.554647189905597193e-01	2.625031321269326590e-01	1.565765091645253126e-01	7.475275056478691837e-02	3.053670863483530507e-02	7.889661200001397978e-02
1.255401370443546057e+03	2.410823123594216799e-01	1.553386587051372725e-01	2.626378586407132065e-01	1.566530068212976801e-01	7.478510647011715751e-02	3.055695414563510889e-02	7.894610285756656354e-02
1.256852701507642678e+03	2.408953847019920658e-01	1.552128028052709163e-01	2.627723468558732511e-01	1.567293696199808795e-01	7.481740779331957913e-02	3.057717580660246695e-02	7.899551241684946157e-02
1.258304032571739299e+03	2.407087849483077746e-01	1.550871509766573453e-01	2.629065971743106966e-01	1.568055978262449246e-01	7.484965463296343324e-02	3.059737363632914278e-02	7.904484080507535870e-02
1.259755363635835920e+03	2.405225125019004595e-01	1.549617029054027040e-01	2.630406099972658618e-01	1.568816917051523707e-01	7.488184708742709472e-02	3.061754765342625945e-02	7.909408814931395693e-02
1.261206694699932314e+03	2.403365667674692563e-01	1.548364582780224763e-01	2.631743857253225904e-01	1.569576515211600076e-01	7.491398525489847970e-02	3.063769787652413298e-02	7.914325457649173945e-02
1.262658025764028707e+03	2.401509471508779803e-01	1.547114167814412078e-01	2.633079247584093063e-01	1.570334775381207193e-01	7.494606923337548965e-02	3.065782432427214058e-02	7.919234021339185969e-02
1.264109356828125556e+03	2.399656530591526837e-01	1.545865781029922559e-01	2.634412274957998457e-01	1.571091700192850660e-01	7.497809912066637217e-02	3.067792701533854707e-02	7.924134518665393312e-02
1.265560687892221949e+03	2.397806839004789914e-01	1.544619419304176788e-01	2.635742943361147894e-01	1.571847292273029217e-01	7.501007501439016512e-02	3.069800596841035581e-02	7.929026962277382906e-02
1.267012018956318798e+03	2.395960390841995746e-01	1.543375079518679027e-01	2.637071256773221295e-01	1.572601554242252786e-01	7.504199701197712680e-02	3.071806120219314554e-02	7.933911364810354583e-02
1.268463350020415419e+03	2.394117180208116258e-01	1.542132758559014716e-01	2.638397219167387120e-01	1.573354488715058841e-01	7.507386521066908291e-02	3.073809273541092471e-02	7.938787738885101641e-02
1.269914681084511813e+03	2.392277201219642768e-01	1.540892453314850197e-01	2.639720834510308478e-01	1.574106098300029344e-01	7.510567970751984290e-02	3.075810058680597883e-02	7.943656097107990033e-02
1.271366012148608434e+03	2.390440448004561014e-01	1.539654160679928274e-01	2.641042106762154229e-01	1.574856385599806285e-01	7.513744059939563014e-02	3.077808477513870739e-02	7.948516452070950034e-02
1.272817343212705055e+03	2.388606914702324779e-01	1.538417877552066271e-01	2.642361039876611750e-01	1.575605353211110005e-01	7.516914798297549827e-02	3.079804531918748506e-02	7.953368816351452653e-02
1.274268674276801676e+03	2.386776595463831752e-01	1.537183600833155472e-01	2.643677637800894709e-01	1.576353003724755009e-01	7.520080195475169205e-02	3.081798223774850215e-02	7.958213202512497142e-02
1.275720005340898297e+03	2.384949484451397150e-01	1.535951327429156410e-01	2.644991904475752498e-01	1.577099339725666072e-01	7.523240261103004978e-02	3.083789554963560497e-02	7.963049623102594343e-02
1.277171336404994690e+03	2.383125575838729582e-01	1.534721054250098582e-01	2.646303843835484115e-01	1.577844363792895166e-01	7.526395004793044741e-02	3.085778527368017096e-02	7.967878090655747259e-02
1.278622667469091539e+03	2.381304863810905503e-01	1.533492778210077123e-01	2.647613459807943159e-01	1.578588078499638114e-01	7.529544436138714547e-02	3.087765142873093172e-02	7.972698617691442724e-02
1.280073998533187932e+03	2.379487342564344243e-01	1.532266496227249475e-01	2.648920756314551705e-01	1.579330486413249857e-01	7.532688564714923318e-02	3.089749403365383076e-02	7.977511216714629205e-02
1.281525329597284326e+03	2.377673006306783021e-01	1.531042205223835384e-01	2.650225737270308080e-01	1.580071590095262213e-01	7.535827400078100313e-02	3.091731310733188132e-02	7.982315900215708471e-02
1.282976660661381175e+03	2.375861849257251690e-01	1.529819902126112741e-01	2.651528406583800179e-01	1.580811392101399149e-01	7.538960951766231211e-02	3.093710866866501707e-02	7.987112680670514775e-02
1.284427991725477568e+03	2.374053865646048866e-01	1.528599583864415357e-01	2.652828768157211026e-01	1.581549894981593152e-01	7.542089229298908071e-02	3.095688073656993264e-02	7.991901570540303756e-02
1.285879322789574417e+03	2.372249049714715841e-01	1.527381247373131579e-01	2.654126825886331531e-01	1.582287101280001052e-01	7.545212242177354312e-02	3.097662932997995514e-02	7.996682582271735784e-02
1.287330653853671038e+03	2.370447395716012984e-01	1.526164889590700957e-01	2.655422583660569935e-01	1.583023013535020673e-01	7.548329999884480224e-02	3.099635446784488116e-02	8.001455728296866243e-02
1.288781984917767431e+03	2.368648897913894213e-01	1.524950507459611471e-01	2.656716045362963463e-01	1.583757634279306659e-01	7.551442511884903785e-02	3.101605616913084146e-02	8.006221021033127494e-02
1.290233315981864052e+03	2.366853550583483123e-01	1.523738097926398416e-01	2.658007214870186097e-01	1.584490966039786564e-01	7.554549787625007562e-02	3.103573445282013787e-02	8.010978472883316381e-02
