1.001418434226643626e+03	2.796262887502838357e-01	1.806471473750206891e-01	2.350275150156558301e-01	1.409321004721389992e-01	6.819910785287239263e-02	2.664427157522592654e-02	6.892356895868682887e-02
1.002869765290740247e+03	2.793729372943825062e-01	1.804791979388988554e-01	2.352102112036885684e-01	1.410366879815816710e-01	6.824267401522125798e-02	2.666905270729736169e-02	6.898923885881426410e-02
1.004321096354836754e+03	2.791200363899095649e-01	1.803115158072591540e-01	2.353925873715626560e-01	1.411410842260238940e-01	6.828616536757825539e-02	2.669380740811838973e-02	6.905480342943259853e-02
1.005772427418933376e+03	2.788675851741440614e-01	1.801441006071554662e-01	2.355746440561274913e-01	1.412452896092483146e-01	6.832958204844052919e-02	2.671853568753150901e-02	6.912026281723715471e-02
1.007223758483029997e+03	2.786155827862985546e-01	1.799769519658885875e-01	2.357563817933720496e-01	1.413493045339842824e-01	6.837292419602195026e-02	2.674323755544769782e-02	6.918561716887147717e-02
1.008675089547126618e+03	2.783640283675136162e-01	1.798100695110074199e-01	2.359378011184261326e-01	1.414531294019112373e-01	6.841619194825378225e-02	2.676791302184607785e-02	6.925086663092638872e-02
1.010126420611223239e+03	2.781129210608522251e-01	1.796434528703105549e-01	2.361189025655616447e-01	1.415567646136624003e-01	6.845938544278536153e-02	2.679256209677358808e-02	6.931601134993888025e-02
1.011577751675319632e+03	2.778622600112943819e-01	1.794771016718476608e-01	2.362996866681937591e-01	1.416602105688282709e-01	6.850250481698474947e-02	2.681718479034466210e-02	6.938105147239113923e-02
1.013029082739416367e+03	2.776120443657316139e-01	1.793110155439208153e-01	2.364801539588822499e-01	1.417634676659600967e-01	6.854555020793932918e-02	2.684178111274088813e-02	6.944598714470956446e-02
1.014480413803512761e+03	2.773622732729617568e-01	1.791451941150859761e-01	2.366603049693325467e-01	1.418665363025734538e-01	6.858852175245652716e-02	2.686635107421068980e-02	6.951081851326369743e-02
1.015931744867609382e+03	2.771129458836828485e-01	1.789796370141542581e-01	2.368401402303971226e-01	1.419694168751516605e-01	6.863141958706445167e-02	2.689089468506900352e-02	6.957554572436532025e-02
1.017383075931706003e+03	2.768640613504884662e-01	1.788143438701934596e-01	2.370196602720764933e-01	1.420721097791493859e-01	6.867424384801246173e-02	2.691541195569695233e-02	6.964016892426742877e-02
1.018834406995802851e+03	2.766156188278620087e-01	1.786493143125292560e-01	2.371988656235206883e-01	1.421746154089959802e-01	6.871699467127193039e-02	2.693990289654151979e-02	6.970468825916326105e-02
1.020285738059899245e+03	2.763676174721714229e-01	1.784845479707466154e-01	2.373777568130302218e-01	1.422769341580989999e-01	6.875967219253682761e-02	2.696436751811522731e-02	6.976910387518532597e-02
1.021737069123995752e+03	2.761200564416637082e-01	1.783200444746911306e-01	2.375563343680574813e-01	1.423790664188476218e-01	6.880227654722434472e-02	2.698880583099582189e-02	6.983341591840448725e-02
1.023188400188092373e+03	2.758729348964598094e-01	1.781558034544704350e-01	2.377345988152078371e-01	1.424810125826160567e-01	6.884480787047560224e-02	2.701321784582594310e-02	6.989762453482890880e-02
1.024639731252188767e+03	2.756262519985490655e-01	1.779918245404552568e-01	2.379125506802409196e-01	1.425827730397669912e-01	6.888726629715624661e-02	2.703760357331282116e-02	6.996172987040324975e-02
1.026091062316285615e+03	2.753800069117842142e-01	1.778281073632810572e-01	2.380901904880718123e-01	1.426843481796548629e-01	6.892965196185707466e-02	2.706196302422794048e-02	7.002573207100760977e-02
1.027542393380382237e+03	2.751341988018757845e-01	1.776646515538490290e-01	2.382675187627722180e-01	1.427857383906294408e-01	6.897196499889472754e-02	2.708629620940674124e-02	7.008963128245665475e-02
1.028993724444478858e+03	2.748888268363871568e-01	1.775014567433275403e-01	2.384445360275716241e-01	1.428869440600390173e-01	6.901420554231230131e-02	2.711060313974828981e-02	7.015342765049867313e-02
1.030445055508575479e+03	2.746438901847291225e-01	1.773385225631534390e-01	2.386212428048586631e-01	1.429879655742337663e-01	6.905637372587997147e-02	2.713488382621497344e-02	7.021712132081465996e-02
1.031896386572671872e+03	2.743993880181548328e-01	1.771758486450331072e-01	2.387976396161822501e-01	1.430888033185691854e-01	6.909846968309564519e-02	2.715913827983218107e-02	7.028071243901741483e-02
1.033347717636768493e+03	2.741553195097543028e-01	1.770134346209439602e-01	2.389737269822526933e-01	1.431894576774093431e-01	6.914049354718558582e-02	2.718336651168799106e-02	7.034420115065066759e-02
1.034799048700865114e+03	2.739116838344498039e-01	1.768512801231355569e-01	2.391495054229429984e-01	1.432899290341301812e-01	6.918244545110507904e-02	2.720756853293286245e-02	7.040758760118813464e-02
1.036250379764961508e+03	2.736684801689900359e-01	1.766893847841307652e-01	2.393249754572900900e-01	1.433902177711227632e-01	6.922432552753901569e-02	2.723174435477932614e-02	7.047087193603261690e-02
1.037701710829058356e+03	2.734257076919455187e-01	1.765277482367271222e-01	2.395001376034959217e-01	1.434903242697966874e-01	6.926613390890254407e-02	2.725589398850166920e-02	7.053405430051518099e-02
1.039153041893154750e+03	2.731833655837031527e-01	1.763663701139980278e-01	2.396749923789287251e-01	1.435902489105832236e-01	6.930787072734172216e-02	2.728001744543563992e-02	7.059713483989422944e-02
1.040604372957251599e+03	2.729414530264612226e-01	1.762052500492938267e-01	2.398495403001241755e-01	1.436899920729385882e-01	6.934953611473408663e-02	2.730411473697811828e-02	7.066011369935469577e-02
1.042055704021347992e+03	2.726999692042244017e-01	1.760443876762430859e-01	2.400237818827866965e-01	1.437895541353472750e-01	6.939113020268936061e-02	2.732818587458683834e-02	7.072299102400708692e-02
1.043507035085444613e+03	2.724589133027986443e-01	1.758837826287537043e-01	2.401977176417905147e-01	1.438889354753251637e-01	6.943265312254999488e-02	2.735223086978005522e-02	7.078576695888670611e-02
1.044958366149541234e+03	2.722182845097859127e-01	1.757234345410142451e-01	2.403713480911809364e-01	1.439881364694227672e-01	6.947410500539186184e-02	2.737624973413626053e-02	7.084844164895282015e-02
1.046409697213637855e+03	2.719780820145795142e-01	1.755633430474949352e-01	2.405446737441755412e-01	1.440871574932283961e-01	6.951548598202482443e-02	2.740024247929387369e-02	7.091101523908772963e-02
1.047861028277734476e+03	2.717383050083588270e-01	1.754035077829488587e-01	2.407176951131653198e-01	1.441859989213714610e-01	6.955679618299340228e-02	2.742420911695093652e-02	7.097348787409599180e-02
1.049312359341831097e+03	2.714989526840845269e-01	1.752439283824130944e-01	2.408904127097159786e-01	1.442846611275255264e-01	6.959803573857734071e-02	2.744814965886481495e-02	7.103585969870358785e-02
1.050763690405927491e+03	2.712600242364933134e-01	1.750846044812098545e-01	2.410628270445689669e-01	1.443831444844114464e-01	6.963920477879226301e-02	2.747206411685190058e-02	7.109813085755713191e-02
1.052215021470024112e+03	2.710215188620931914e-01	1.749255357149476220e-01	2.412349386276428087e-01	1.444814493638006125e-01	6.968030343339033650e-02	2.749595250278730543e-02	7.116030149522296899e-02
1.053666352534120733e+03	2.707834357591585306e-01	1.747667217195222333e-01	2.414067479680342687e-01	1.445795761365180065e-01	6.972133183186074445e-02	2.751981482860458086e-02	7.122237175618645333e-02
1.055117683598217127e+03	2.705457741277250139e-01	1.746081621311180165e-01	2.415782555740195181e-01	1.446775251724453371e-01	6.976229010343046322e-02	2.754365110629539148e-02	7.128434178485112960e-02
1.056569014662313975e+03	2.703085331695847526e-01	1.744498565862087625e-01	2.417494619530552447e-01	1.447752968405241758e-01	6.980317837706476181e-02	2.756746134790924799e-02	7.134621172553785862e-02
1.058020345726410369e+03	2.700717120882815681e-01	1.742918047215590849e-01	2.419203676117799851e-01	1.448728915087590385e-01	6.984399678146785417e-02	2.759124556555320185e-02	7.140798172248413733e-02
1.059471676790506763e+03	2.698353100891058842e-01	1.741340061742250866e-01	2.420909730560151518e-01	1.449703095442203826e-01	6.988474544508350983e-02	2.761500377139154347e-02	7.146965191984323840e-02
1.060923007854603611e+03	2.695993263790901762e-01	1.739764605815558307e-01	2.422612787907663934e-01	1.450675513130477434e-01	6.992542449609565058e-02	2.763873597764551771e-02	7.153122246168350240e-02
1.062374338918700232e+03	2.693637601670037518e-01	1.738191675811941450e-01	2.424312853202246487e-01	1.451646171804528429e-01	6.996603406242898893e-02	2.766244219659303241e-02	7.159269349198749133e-02
1.063825669982796853e+03	2.691286106633481445e-01	1.736621268110776772e-01	2.426009931477673409e-01	1.452615075107225040e-01	7.000657427174958314e-02	2.768612244056837049e-02	7.165406515465126691e-02
1.065277001046893474e+03	2.688938770803524503e-01	1.735053379094400605e-01	2.427704027759596539e-01	1.453582226672217592e-01	7.004704525146547567e-02	2.770977672196188457e-02	7.171533759348364123e-02
1.066728332110990095e+03	2.686595586319682205e-01	1.733488005148118571e-01	2.429395147065555594e-01	1.454547630123968760e-01	7.008744712872728988e-02	2.773340505321972640e-02	7.177651095220538568e-02
1.068179663175086489e+03	2.684256545338650768e-01	1.731925142660215577e-01	2.431083294404991768e-01	1.455511289077782711e-01	7.012778003042882680e-02	2.775700744684355195e-02	7.183758537444852321e-02
1.069630994239183110e+03	2.681921640034254928e-01	1.730364788021966915e-01	2.432768474779257728e-01	1.456473207139835635e-01	7.016804408320767572e-02	2.778058391539022648e-02	7.189856100375557890e-02
1.071082325303279504e+03	2.679590862597406309e-01	1.728806937627646589e-01	2.434450693181629821e-01	1.457433387907206002e-01	7.020823941344576935e-02	2.780413447147155048e-02	7.195943798357884447e-02
1.072533656367376352e+03	2.677264205236050132e-01	1.727251587874538696e-01	2.436129954597321678e-01	1.458391834967903700e-01	7.024836614727004991e-02	2.782765912775397171e-02	7.202021645727964272e-02
1.073984987431472746e+03	2.674941660175123581e-01	1.725698735162946862e-01	2.437806264003492818e-01	1.459348551900898905e-01	7.028842441055299650e-02	2.785115789695829722e-02	7.208089656812757817e-02
1.075436318495569594e+03	2.672623219656506399e-01	1.724148375896202845e-01	2.439479626369262799e-01	1.460303542276152611e-01	7.032841432891326350e-02	2.787463079185941578e-02	7.214147845929989866e-02
1.076887649559666215e+03	2.670308875938974813e-01	1.722600506480678195e-01	2.441150046655722328e-01	1.461256809654645494e-01	7.036833602771629115e-02	2.789807782528601690e-02	7.220196227388071819e-02
1.078338980623762609e+03	2.667998621298152684e-01	1.721055123325793135e-01	2.442817529815944355e-01	1.462208357588407059e-01	7.040818963207479131e-02	2.792149901012029242e-02	7.226234815486033691e-02
1.079790311687859230e+03	2.665692448026469874e-01	1.719512222844024607e-01	2.444482080794996293e-01	1.463158189620544225e-01	7.044797526684948297e-02	2.794489435929767632e-02	7.232263624513454725e-02
1.081241642751955851e+03	2.663390348433111732e-01	1.717971801450917102e-01	2.446143704529951945e-01	1.464106309285271301e-01	7.048769305664956408e-02	2.796826388580656714e-02	7.238282668750395388e-02
1.082692973816052472e+03	2.661092314843975237e-01	1.716433855565091815e-01	2.447802405949901783e-01	1.465052720107938022e-01	7.052734312583333609e-02	2.799160760268803311e-02	7.244291962467322432e-02
1.084144304880149093e+03	2.658798339601622929e-01	1.714898381608255529e-01	2.449458189975967370e-01	1.465997425605058413e-01	7.056692559850882840e-02	2.801492552303555192e-02	7.250291519925047834e-02
1.085595635944245487e+03	2.656508415065237383e-01	1.713365376005209773e-01	2.451111061521309975e-01	1.466940429284339098e-01	7.060644059853431187e-02	2.803821765999471582e-02	7.256281355374662179e-02
1.087046967008342108e+03	2.654222533610575141e-01	1.711834835183859982e-01	2.452761025491144442e-01	1.467881734644708724e-01	7.064588824951890944e-02	2.806148402676296796e-02	7.262261483057456946e-02
1.088498298072438729e+03	2.651940687629921189e-01	1.710306755575224380e-01	2.454408086782749188e-01	1.468821345176345161e-01	7.068526867482322062e-02	2.808472463658933174e-02	7.268231917204871773e-02
1.089949629136535123e+03	2.649662869532044551e-01	1.708781133613443415e-01	2.456052250285478966e-01	1.469759264360704087e-01	7.072458199755983499e-02	2.810793950277414022e-02	7.274192672038419516e-02
1.091400960200631971e+03	2.647389071742152766e-01	1.707257965735786975e-01	2.457693520880775973e-01	1.470695495670547581e-01	7.076382834059391502e-02	2.813112863866874119e-02	7.280143761769625188e-02
1.092852291264728365e+03	2.645119286701846928e-01	1.705737248382665494e-01	2.459331903442181499e-01	1.471630042569971875e-01	7.080300782654382064e-02	2.815429205767524742e-02	7.286085200599959344e-02
1.094303622328825213e+03	2.642853506869076718e-01	1.704218977997636053e-01	2.460967402835348150e-01	1.472562908514434554e-01	7.084212057778166427e-02	2.817742977324625905e-02	7.292017002720775631e-02
1.095754953392921607e+03	2.640591724718097111e-01	1.702703151027412376e-01	2.462600023918050107e-01	1.473494096950783705e-01	7.088116671643383826e-02	2.820054179888459300e-02	7.297939182313245565e-02
1.097206284457018228e+03	2.638333932739422849e-01	1.701189763921873710e-01	2.464229771540195624e-01	1.474423611317284277e-01	7.092014636438166708e-02	2.822362814814301929e-02	7.303851753548293302e-02
1.098657615521114849e+03	2.636080123439783485e-01	1.699678813134072042e-01	2.465856650543838402e-01	1.475351455043646121e-01	7.095905964326190696e-02	2.824668883462398000e-02	7.309754730586540128e-02
1.100108946585211470e+03	2.633830289342080633e-01	1.698170295120240703e-01	2.467480665763188974e-01	1.476277631551051461e-01	7.099790667446732872e-02	2.826972387197934297e-02	7.315648127578237847e-02
1.101560277649308091e+03	2.631584422985344673e-01	1.696664206339803527e-01	2.469101822024626636e-01	1.477202144252182658e-01	7.103668757914728682e-02	2.829273327391011728e-02	7.321531958663204942e-02
1.103011608713404712e+03	2.629342516924688677e-01	1.695160543255381236e-01	2.470720124146710550e-01	1.478124996551248849e-01	7.107540247820834378e-02	2.831571705416619997e-02	7.327406237970771063e-02
1.104462939777501106e+03	2.627104563731266218e-01	1.693659302332801431e-01	2.472335576940191404e-01	1.479046191844012870e-01	7.111405149231476985e-02	2.833867522654610546e-02	7.333270979619713192e-02
1.105914270841597499e+03	2.624870555992226406e-01	1.692160480041105530e-01	2.473948185208023065e-01	1.479965733517818460e-01	7.115263474188908421e-02	2.836160780489670533e-02	7.339126197718198741e-02
1.107365601905694348e+03	2.622640486310674479e-01	1.690664072852556543e-01	2.475557953745373685e-01	1.480883624951618016e-01	7.119115234711267948e-02	2.838451480311296460e-02	7.344971906363720326e-02
1.108816932969790741e+03	2.620414347305624059e-01	1.689170077242647394e-01	2.477164887339637078e-01	1.481799869515997847e-01	7.122960442792633518e-02	2.840739623513768158e-02	7.350808119643045813e-02
1.110268264033887590e+03	2.618192131611956075e-01	1.687678489690108696e-01	2.478768990770444935e-01	1.482714470573205934e-01	7.126799110403082838e-02	2.843025211496123111e-02	7.356634851632151695e-02
1.111719595097984211e+03	2.615973831880376022e-01	1.686189306676915689e-01	2.480370268809677647e-01	1.483627431477178016e-01	7.130631249488741941e-02	2.845308245662129393e-02	7.362452116396170365e-02
1.113170926162080832e+03	2.613759440777370102e-01	1.684702524688297121e-01	2.481968726221476240e-01	1.484538755573564517e-01	7.134456871971846248e-02	2.847588727420261034e-02	7.368259927989331826e-02
1.114622257226177226e+03	2.611548950985164708e-01	1.683218140212741076e-01	2.483564367762252922e-01	1.485448446199756356e-01	7.138275989750794692e-02	2.849866658183672005e-02	7.374058300454905401e-02
1.116073588290273847e+03	2.609342355201682007e-01	1.681736149742004138e-01	2.485157198180703297e-01	1.486356506684911594e-01	7.142088614700203841e-02	2.852142039370169149e-02	7.379847247825142842e-02
1.117524919354370468e+03	2.607139646140497757e-01	1.680256549771118046e-01	2.486747222217817188e-01	1.487262940349980966e-01	7.145894758670960634e-02	2.854414872402188941e-02	7.385626784121232524e-02
1.118976250418467089e+03	2.604940816530801895e-01	1.678779336798396915e-01	2.488334444606891127e-01	1.488167750507735088e-01	7.149694433490283441e-02	2.856685158706770075e-02	7.391396923353227288e-02
1.120427581482563710e+03	2.602745859117352456e-01	1.677304507325443894e-01	2.489918870073538071e-01	1.489070940462789150e-01	7.153487650961773414e-02	2.858952899715528836e-02	7.397157679519998641e-02
1.121878912546660331e+03	2.600554766660435613e-01	1.675832057857160051e-01	2.491500503335700167e-01	1.489972513511629293e-01	7.157274422865464447e-02	2.861218096864634464e-02	7.402909066609189570e-02
1.123330243610756725e+03	2.598367531935824593e-01	1.674361984901749367e-01	2.493079349103659581e-01	1.490872472942638693e-01	7.161054760957889787e-02	2.863480751594781742e-02	7.408651098597149320e-02
1.124781574674853118e+03	2.596184147734737491e-01	1.672894284970727063e-01	2.494655412080049595e-01	1.491770822036121991e-01	7.164828676972123667e-02	2.865740865351168454e-02	7.414383789448884821e-02
1.126232905738949967e+03	2.594004606863796747e-01	1.671428954578926540e-01	2.496228696959866822e-01	1.492667564064332208e-01	7.168596182617843759e-02	2.867998439583468312e-02	7.420107153118007948e-02
1.127684236803046360e+03	2.591828902144985847e-01	1.669965990244505483e-01	2.497799208430480922e-01	1.493562702291495459e-01	7.172357289581379747e-02	2.870253475745807026e-02	7.425821203546682792e-02
1.129135567867143209e+03	2.589657026415608798e-01	1.668505388488953911e-01	2.499366951171647644e-01	1.494456239973836198e-01	7.176112009525771607e-02	2.872505975296736971e-02	7.431525954665574307e-02
1.130586898931239830e+03	2.587488972528251274e-01	1.667047145837098621e-01	2.500931929855518820e-01	1.495348180359602763e-01	7.179860354090819574e-02	2.874755939699213253e-02	7.437221420393795579e-02
1.132038229995336451e+03	2.585324733350737314e-01	1.665591258817112619e-01	2.502494149146655134e-01	1.496238526689092352e-01	7.183602334893143815e-02	2.877003370420568029e-02	7.442907614638859248e-02
1.133489561059432845e+03	2.583164301766088800e-01	1.664137723960519843e-01	2.504053613702035275e-01	1.497127282194676001e-01	7.187337963526228835e-02	2.879248268932486227e-02	7.448584551296628942e-02
1.134940892123529466e+03	2.581007670672486598e-01	1.662686537802202658e-01	2.505610328171069545e-01	1.498014450100823292e-01	7.191067251560485929e-02	2.881490636710980907e-02	7.454252244251260984e-02
1.136392223187626087e+03	2.578854832983228373e-01	1.661237696880406844e-01	2.507164297195608738e-01	1.498900033624127603e-01	7.194790210543300368e-02	2.883730475236368634e-02	7.459910707375164152e-02
1.137843554251722708e+03	2.576705781626688618e-01	1.659791197736750490e-01	2.508715525409957459e-01	1.499784035973330820e-01	7.198506851999084133e-02	2.885967785993246229e-02	7.465559954528946940e-02
1.139294885315819101e+03	2.574560509546279796e-01	1.658347036916227590e-01	2.510264017440884676e-01	1.500666460349347198e-01	7.202217187429335588e-02	2.888202570470464053e-02	7.471199999561364824e-02
1.140746216379915950e+03	2.572419009700410708e-01	1.656905210967215547e-01	2.511809777907633712e-01	1.501547309945288344e-01	7.205921228312682503e-02	2.890434830161105195e-02	7.476830856309284179e-02
1.142197547444012343e+03	2.570281275062448190e-01	1.655465716441482105e-01	2.513352811421935562e-01	1.502426587946488479e-01	7.209618986104943117e-02	2.892664566562459100e-02	7.482452538597619829e-02
1.143648878508108737e+03	2.568147298620673813e-01	1.654028549894189515e-01	2.514893122588018892e-01	1.503304297530527744e-01	7.213310472239176097e-02	2.894891781175996937e-02	7.488065060239300352e-02
1.145100209572205586e+03	2.566017073378250024e-01	1.652593707883902863e-01	2.516430716002619472e-01	1.504180441867256357e-01	7.216995698125727721e-02	2.897116475507350089e-02	7.493668435035212572e-02
1.146551540636302207e+03	2.563890592353175180e-01	1.651161186972594230e-01	2.517965596254995164e-01	1.505055024118819307e-01	7.220674675152291555e-02	2.899338651066284134e-02	7.499262676774158531e-02
1.148002871700398828e+03	2.561767848578247464e-01	1.649730983725649081e-01	2.519497767926934806e-01	1.505928047439680784e-01	7.224347414683958413e-02	2.901558309366676289e-02	7.504847799232813865e-02
1.149454202764495449e+03	2.559648835101025477e-01	1.648303094711872641e-01	2.521027235592769866e-01	1.506799514976646104e-01	7.228013928063263538e-02	2.903775451926491127e-02	7.510423816175675060e-02
1.150905533828591842e+03	2.557533544983787710e-01	1.646877516503494898e-01	2.522554003819384993e-01	1.507669429868888078e-01	7.231674226610244893e-02	2.905990080267757333e-02	7.515990741355021987e-02
1.152356864892688463e+03	2.555421971303492579e-01	1.645454245676176708e-01	2.524078077166228562e-01	1.508537795247969493e-01	7.235328321622490344e-02	2.908202195916543414e-02	7.521548588510863775e-02
1.153808195956785084e+03	2.553314107151745116e-01	1.644033278809015897e-01	2.525599460185325995e-01	1.509404614237866704e-01	7.238976224375191781e-02	2.910411800402935845e-02	7.527097371370904122e-02
1.155259527020881706e+03	2.551209945634752008e-01	1.642614612484551706e-01	2.527118157421290312e-01	1.510269889954993505e-01	7.242617946121195083e-02	2.912618895261014085e-02	7.532637103650495491e-02
1.156710858084978327e+03	2.549109479873284956e-01	1.641198243288771175e-01	2.528634173411330455e-01	1.511133625508224720e-01	7.246253498091048684e-02	2.914823482028828378e-02	7.538167799052591933e-02
1.158162189149074720e+03	2.547012703002644041e-01	1.639784167811114413e-01	2.530147512685265165e-01	1.511995823998919519e-01	7.249882891493060477e-02	2.917025562248376155e-02	7.543689471267707447e-02
1.159613520213171569e+03	2.544919608172618308e-01	1.638372382644479597e-01	2.531658179765533534e-01	1.512856488520944731e-01	7.253506137513346386e-02	2.919225137465578102e-02	7.549202133973878515e-02
1.161064851277267962e+03	2.542830188547448023e-01	1.636962884385229355e-01	2.533166179167206100e-01	1.513715622160697050e-01	7.257123247315878933e-02	2.921422209230256986e-02	7.554705800836616914e-02
1.162516182341364356e+03	2.540744437305785808e-01	1.635555669633194653e-01	2.534671515397995400e-01	1.514573227997128013e-01	7.260734232042538594e-02	2.923616779096113380e-02	7.560200485508872248e-02
1.163967513405461204e+03	2.538662347640658901e-01	1.634150734991680343e-01	2.536174192958266516e-01	1.515429309101765376e-01	7.264339102813167914e-02	2.925808848620702757e-02	7.565686201630986152e-02
1.165418844469557826e+03	2.536583912759431403e-01	1.632748077067470993e-01	2.537674216341048727e-01	1.516283868538737256e-01	7.267937870725615923e-02	2.927998419365413635e-02	7.571162962830654819e-02
1.166870175533654447e+03	2.534509125883767089e-01	1.631347692470835886e-01	2.539171590032047732e-01	1.517136909364793507e-01	7.271530546855792254e-02	2.930185492895443639e-02	7.576630782722887369e-02
1.168321506597751068e+03	2.532437980249592213e-01	1.629949577815533179e-01	2.540666318509653965e-01	1.517988434629330696e-01	7.275117142257717107e-02	2.932370070779777987e-02	7.582089674909965604e-02
1.169772837661847461e+03	2.530370469107057207e-01	1.628553729718815180e-01	2.542158406244957036e-01	1.518838447374412648e-01	7.278697667963573981e-02	2.934552154591166945e-02	7.587539652981409311e-02
1.171224168725944082e+03	2.528306585720499489e-01	1.627160144801433339e-01	2.543647857701751835e-01	1.519686950634793754e-01	7.282272134983749923e-02	2.936731745906101879e-02	7.592980730513930465e-02
1.172675499790040703e+03	2.526246323368407376e-01	1.625768819687644362e-01	2.545134677336554629e-01	1.520533947437941735e-01	7.285840554306893813e-02	2.938908846304794792e-02	7.598412921071398540e-02
1.174126830854137097e+03	2.524189675343381234e-01	1.624379751005212702e-01	2.546618869598610835e-01	1.521379440804059846e-01	7.289402936899966323e-02	2.941083457371155077e-02	7.603836238204803033e-02
1.175578161918233945e+03	2.522136634952099055e-01	1.622992935385415836e-01	2.548100438929907230e-01	1.522223433746109356e-01	7.292959293708282942e-02	2.943255580692766965e-02	7.609250695452209057e-02
1.177029492982330339e+03	2.520087195515277600e-01	1.621608369463050370e-01	2.549579389765181947e-01	1.523065929269831198e-01	7.296509635655568093e-02	2.945425217860868361e-02	7.614656306338729586e-02
1.178480824046426733e+03	2.518041350367636322e-01	1.620226049876435648e-01	2.551055726531936130e-01	1.523906930373768454e-01	7.300053973644002325e-02	2.947592370470327600e-02	7.620053084376483821e-02
1.179932155110523581e+03	2.515999092857861275e-01	1.618845973267417637e-01	2.552529453650443925e-01	1.524746440049289109e-01	7.303592318554273655e-02	2.949757040119622281e-02	7.625441043064555557e-02
1.181383486174620202e+03	2.513960416348569038e-01	1.617468136281375035e-01	2.554000575533765804e-01	1.525584461280606596e-01	7.307124681245623365e-02	2.951919228410817761e-02	7.630820195888964041e-02
1.182834817238716823e+03	2.511925314216269522e-01	1.616092535567221489e-01	2.555469096587756339e-01	1.526420997044802830e-01	7.310651072555895968e-02	2.954078936949543557e-02	7.636190556322627887e-02
1.184286148302813444e+03	2.509893779851329332e-01	1.614719167777412256e-01	2.556935021211076409e-01	1.527256050311849578e-01	7.314171503301589161e-02	2.956236167344974269e-02	7.641552137825323443e-02
1.185737479366910065e+03	2.507865806657939012e-01	1.613348029567946706e-01	2.558398353795203750e-01	1.528089624044630390e-01	7.317685984277898237e-02	2.958390921209805985e-02	7.646904953843655650e-02
1.187188810431006686e+03	2.505841388054072527e-01	1.611979117598373867e-01	2.559859098724445170e-01	1.528921721198961692e-01	7.321194526258771595e-02	2.960543200160233729e-02	7.652249017811020571e-02
1.188640141495103080e+03	2.503820517471455065e-01	1.610612428531795481e-01	2.561317260375944871e-01	1.529752344723614987e-01	7.324697139996952377e-02	2.962693005815933422e-02	7.657584343147570693e-02
1.190091472559199701e+03	2.501803188355524732e-01	1.609247959034871278e-01	2.562772843119697219e-01	1.530581497560337956e-01	7.328193836224027036e-02	2.964840339800036903e-02	7.662910943260183017e-02
1.191542803623296322e+03	2.499789394165399248e-01	1.607885705777822305e-01	2.564225851318557847e-01	1.531409182643875544e-01	7.331684625650478071e-02	2.966985203739112495e-02	7.668228831542422963e-02
1.192994134687392716e+03	2.497779128373839863e-01	1.606525665434434813e-01	2.565676289328250870e-01	1.532235402901991894e-01	7.335169518965727053e-02	2.969127599263143499e-02	7.673538021374513851e-02
1.194445465751489564e+03	2.495772384467215277e-01	1.605167834682064421e-01	2.567124161497386092e-01	1.533060161255491438e-01	7.338648526838185970e-02	2.971267528005506683e-02	7.678838526123299424e-02
1.195896796815585958e+03	2.493769155945466665e-01	1.603812210201640831e-01	2.568569472167462897e-01	1.533883460618239436e-01	7.342121659915298859e-02	2.973404991602950423e-02	7.684130359142217481e-02
1.197348127879682352e+03	2.491769436322073539e-01	1.602458788677670332e-01	2.570012225672885231e-01	1.534705303897183903e-01	7.345588928823595931e-02	2.975539991695575620e-02	7.689413533771262410e-02
1.198799458943779200e+03	2.489773219124017944e-01	1.601107566798241066e-01	2.571452426340971043e-01	1.535525693992375595e-01	7.349050344168737980e-02	2.977672529926812459e-02	7.694688063336956041e-02
1.200250790007875821e+03	2.487780497891750042e-01	1.599758541255024702e-01	2.572890078491963384e-01	1.536344633796989934e-01	7.352505916535564956e-02	2.979802607943400974e-02	7.699953961152312953e-02
1.201702121071972442e+03	2.485791266179153136e-01	1.598411708743282533e-01	2.574325186439039848e-01	1.537162126197347267e-01	7.355955656488140371e-02	2.981930227395370239e-02	7.705211240516818272e-02
1.203153452136069063e+03	2.483805517553508424e-01	1.597067065961867982e-01	2.575757754488326445e-01	1.537978174072933135e-01	7.359399574569798486e-02	2.984055389936016503e-02	7.710459914716381868e-02
1.204604783200165684e+03	2.481823245595462246e-01	1.595724609613229372e-01	2.577187786938904268e-01	1.538792780296419915e-01	7.362837681303192883e-02	2.986178097221883418e-02	7.715699997023324486e-02
1.206056114264262078e+03	2.479844443898990003e-01	1.594384336403414926e-01	2.578615288082821699e-01	1.539605947733686531e-01	7.366269987190342261e-02	2.988298350912741222e-02	7.720931500696334715e-02
1.207507445328358699e+03	2.477869106071363126e-01	1.593046243042075538e-01	2.580040262205107737e-01	1.540417679243839544e-01	7.369696502712679009e-02	2.990416152671566269e-02	7.726154438980445405e-02
1.208958776392455093e+03	2.475897225733113827e-01	1.591710326242468387e-01	2.581462713583778101e-01	1.541227977679233418e-01	7.373117238331090839e-02	2.992531504164520559e-02	7.731368825107003129e-02
1.210410107456551941e+03	2.473928796518002071e-01	1.590376582721459708e-01	2.582882646489848555e-01	1.542036845885490504e-01	7.376532204485972133e-02	2.994644407060930574e-02	7.736574672293639043e-02
1.211861438520648335e+03	2.471963812072980604e-01	1.589045009199528680e-01	2.584300065187346007e-01	1.542844286701521572e-01	7.379941411597266965e-02	2.996754863033268199e-02	7.741771993744241132e-02
1.213312769584745183e+03	2.470002266058162199e-01	1.587715602400771864e-01	2.585714973933316840e-01	1.543650302959546083e-01	7.383344870064514898e-02	2.998862873757130246e-02	7.746960802648926447e-02
1.214764100648841804e+03	2.468044152146786074e-01	1.586388359052903763e-01	2.587127376977839677e-01	1.544454897485112443e-01	7.386742590266898167e-02	3.000968440911217297e-02	7.752141112184006422e-02
1.216215431712937971e+03	2.466089464025182643e-01	1.585063275887262091e-01	2.588537278564035371e-01	1.545258073097116602e-01	7.390134582563288868e-02	3.003071566177314619e-02	7.757312935511968821e-02
1.217666762777034819e+03	2.464138195392741870e-01	1.583740349638810552e-01	2.589944682928075892e-01	1.546059832607824536e-01	7.393520857292291970e-02	3.005172251240271694e-02	7.762476285781443053e-02
1.219118093841131440e+03	2.462190339961878860e-01	1.582419577046140780e-01	2.591349594299198200e-01	1.546860178822890286e-01	7.396901424772292510e-02	3.007270497787982444e-02	7.767631176127179349e-02
1.220569424905228061e+03	2.460245891458001377e-01	1.581100954851477058e-01	2.592752016899711465e-01	1.547659114541375669e-01	7.400276295301497220e-02	3.009366307511365107e-02	7.772777619670015459e-02
1.222020755969324682e+03	2.458304843619475433e-01	1.579784479800678265e-01	2.594151954945010385e-01	1.548456642555771368e-01	7.403645479157985876e-02	3.011459682104343158e-02	7.777915629516855833e-02
1.223472087033421303e+03	2.456367190197593364e-01	1.578470148643240922e-01	2.595549412643582965e-01	1.549252765652015251e-01	7.407008986599750155e-02	3.013550623263824488e-02	7.783045218760639705e-02
1.224923418097517697e+03	2.454432924956541640e-01	1.577157958132302251e-01	2.596944394197022166e-01	1.550047486609512637e-01	7.410366827864747763e-02	3.015639132689681978e-02	7.788166400480323048e-02
1.226374749161614318e+03	2.452502041673365607e-01	1.575847905024642670e-01	2.598336903800039233e-01	1.550840808201155163e-01	7.413719013170935734e-02	3.017725212084735112e-02	7.793279187740845271e-02
1.227826080225710712e+03	2.450574534137938687e-01	1.574539986080689402e-01	2.599726945640469244e-01	1.551632733193340774e-01	7.417065552716324561e-02	3.019808863154729156e-02	7.798383593593111174e-02
1.229277411289807560e+03	2.448650396152929898e-01	1.573234198064517586e-01	2.601114523899284992e-01	1.552423264345993426e-01	7.420406456679015661e-02	3.021890087608316081e-02	7.803479631073960421e-02
1.230728742353903954e+03	2.446729621533769716e-01	1.571930537743855272e-01	2.602499642750605857e-01	1.553212404412580849e-01	7.423741735217251336e-02	3.023968887157034782e-02	7.808567313206143945e-02
1.232180073418000802e+03	2.444812204108619547e-01	1.570629001890084531e-01	2.603882306361708920e-01	1.554000156140136479e-01	7.427071398469457797e-02	3.026045263515292696e-02	7.813646652998303133e-02
1.233631404482097196e+03	2.442898137718338414e-01	1.569329587278243676e-01	2.605262518893040058e-01	1.554786522269274995e-01	7.430395456554288180e-02	3.028119218400345675e-02	7.818717663444946231e-02
1.235082735546193817e+03	2.440987416216451045e-01	1.568032290687030872e-01	2.606640284498223381e-01	1.555571505534214249e-01	7.433713919570665574e-02	3.030190753532279596e-02	7.823780357526416429e-02
1.236534066610290438e+03	2.439080033469115394e-01	1.566737108898806075e-01	2.608015607324070673e-01	1.556355108662793307e-01	7.437026797597832972e-02	3.032259870633990592e-02	7.828834748208880756e-02
1.237985397674387059e+03	2.437175983355091280e-01	1.565444038699594087e-01	2.609388491510594155e-01	1.557137334376490767e-01	7.440334100695389363e-02	3.034326571431166311e-02	7.833880848444295386e-02
1.239436728738483680e+03	2.435275259765708189e-01	1.564153076879086779e-01	2.610758941191015925e-01	1.557918185390444465e-01	7.443635838903339685e-02	3.036390857652267183e-02	7.838918671170394536e-02
1.240888059802580301e+03	2.433377856604833633e-01	1.562864220230643919e-01	2.612126960491777949e-01	1.558697664413469797e-01	7.446932022242135074e-02	3.038452731028506992e-02	7.843948229310658549e-02
1.242339390866676695e+03	2.431483767788841788e-01	1.561577465551297894e-01	2.613492553532552054e-01	1.559475774148078864e-01	7.450222660712717271e-02	3.040512193293834139e-02	7.848969535774295847e-02
1.243790721930773088e+03	2.429592987246581570e-01	1.560292809641755096e-01	2.614855724426251582e-01	1.560252517290498520e-01	7.453507764296563032e-02	3.042569246184913950e-02	7.853982603456220735e-02
1.245242052994869937e+03	2.427705508919344723e-01	1.559010249306397033e-01	2.616216477279039165e-01	1.561027896530688686e-01	7.456787342955725761e-02	3.044623891441107510e-02	7.858987445237033964e-02
1.246693384058966330e+03	2.425821326760835561e-01	1.557729781353283938e-01	2.617574816190341713e-01	1.561801914552362336e-01	7.460061406632879921e-02	3.046676130804456401e-02	7.863984073982996370e-02
1.248144715123063179e+03	2.423940434737138494e-01	1.556451402594156153e-01	2.618930745252856518e-01	1.562574574033002150e-01	7.463329965251365439e-02	3.048725966019661532e-02	7.868972502546013603e-02
1.249596046187159800e+03	2.422062826826688609e-01	1.555175109844437187e-01	2.620284268552561802e-01	1.563345877643879944e-01	7.466593028715225178e-02	3.050773398834065106e-02	7.873952743763612538e-02
1.251047377251256421e+03	2.420188497020238361e-01	1.553900899923234546e-01	2.621635390168729485e-01	1.564115828050074430e-01	7.469850606909253510e-02	3.052818430997633267e-02	7.878924810458921846e-02
1.252498708315352815e+03	2.418317439320828988e-01	1.552628769653341401e-01	2.622984114173934067e-01	1.564884427910490372e-01	7.473102709699040724e-02	3.054861064262937020e-02	7.883888715440651174e-02
1.253950039379449436e+03	2.416449647743758034e-01	1.551358715861240745e-01	2.624330444634062620e-01	1.565651679877875235e-01	7.476349346931007722e-02	3.056901300385133843e-02	7.888844471503070332e-02
1.255401370443546057e+03	2.414585116316548818e-01	1.550090735377105677e-01	2.625674385608325889e-01	1.566417586598837786e-01	7.479590528432455976e-02	3.058939141121949645e-02	7.893792091425992641e-02
1.256852701507642678e+03	2.412723839078920740e-01	1.548824825034801067e-01	2.627015941149266065e-01	1.567182150713866962e-01	7.482826264011603612e-02	3.060974588233661073e-02	7.898731587974756885e-02
1.258304032571739299e+03	2.410865810082757632e-01	1.547560981671886882e-01	2.628355115302771772e-01	1.567945374857349083e-01	7.486056563457635371e-02	3.063007643483076081e-02	7.903662973900203725e-02
1.259755363635835920e+03	2.409011023392078066e-01	1.546299202129617911e-01	2.629691912108083618e-01	1.568707261657586172e-01	7.489281436540737302e-02	3.065038308635517281e-02	7.908586261938657658e-02
1.261206694699932314e+03	2.407159473083004542e-01	1.545039483252947377e-01	2.631026335597806964e-01	1.569467813736812600e-01	7.492500893012142560e-02	3.067066585458804243e-02	7.913501464811911745e-02
1.262658025764028707e+03	2.405311153243733513e-01	1.543781821890527761e-01	2.632358389797920251e-01	1.570227033711213971e-01	7.495714942604173037e-02	3.069092475723233723e-02	7.918408595227206803e-02
1.264109356828125556e+03	2.403466057974505132e-01	1.542526214894712477e-01	2.633688078727788318e-01	1.570984924190944598e-01	7.498923595030280997e-02	3.071115981201563358e-02	7.923307665877218908e-02
1.265560687892221949e+03	2.401624181387572998e-01	1.541272659121558641e-01	2.635015406400169069e-01	1.571741487780144719e-01	7.502126859985089324e-02	3.073137103668993619e-02	7.928198689440034419e-02
1.267012018956318798e+03	2.399785517607174734e-01	1.540021151430825963e-01	2.636340376821224574e-01	1.572496727076958811e-01	7.505324747144437314e-02	3.075155844903150471e-02	7.933081678579136098e-02
1.268463350020415419e+03	2.397950060769502290e-01	1.538771688685981465e-01	2.637662993990533833e-01	1.573250644673552245e-01	7.508517266165416759e-02	3.077172206684066630e-02	7.937956645943386458e-02
1.269914681084511813e+03	2.396117805022670855e-01	1.537524267754198648e-01	2.638983261901099442e-01	1.574003243156128773e-01	7.511704426686417746e-02	3.079186190794165265e-02	7.942823604167011109e-02
1.271366012148608434e+03	2.394288744526690549e-01	1.536278885506360548e-01	2.640301184539358137e-01	1.574754525104948844e-01	7.514886238327164736e-02	3.081197799018241951e-02	7.947682565869579330e-02
1.272817343212705055e+03	2.392462873453436167e-01	1.535035538817059730e-01	2.641616765885194118e-01	1.575504493094345704e-01	7.518062710688765138e-02	3.083207033143446629e-02	7.952533543655992965e-02
1.274268674276801676e+03	2.390640185986618316e-01	1.533794224564601072e-01	2.642930009911945710e-01	1.576253149692743161e-01	7.521233853353744003e-02	3.085213894959267650e-02	7.957376550116466996e-02
1.275720005340898297e+03	2.388820676321753433e-01	1.532554939631002588e-01	2.644240920586416466e-01	1.577000497462672235e-01	7.524399675886088434e-02	3.087218386257512687e-02	7.962211597826512888e-02
1.277171336404994690e+03	2.387004338666134651e-01	1.531317680901996547e-01	2.645549501868885711e-01	1.577746538960789202e-01	7.527560187831287830e-02	3.089220508832293474e-02	7.967038699346926101e-02
1.278622667469091539e+03	2.385191167238802090e-01	1.530082445267030300e-01	2.646855757713117430e-01	1.578491276737891968e-01	7.530715398716368580e-02	3.091220264480007071e-02	7.971857867223768046e-02
1.280073998533187932e+03	2.383381156270515111e-01	1.528849229619268502e-01	2.648159692066373028e-01	1.579234713338937002e-01	7.533865318049949578e-02	3.093217654999319555e-02	7.976669113988354987e-02
1.281525329597284326e+03	2.381574300003722611e-01	1.527618030855594222e-01	2.649461308869417442e-01	1.579976851303056540e-01	7.537009955322264421e-02	3.095212682191148673e-02	7.981472452157238606e-02
1.282976660661381175e+03	2.379770592692533326e-01	1.526388845876609501e-01	2.650760612056533017e-01	1.580717693163575244e-01	7.540149320005215539e-02	3.097205347858646152e-02	7.986267894232194908e-02
1.284427991725477568e+03	2.377970028602688357e-01	1.525161671586636181e-01	2.652057605555525610e-01	1.581457241448027129e-01	7.543283421552407497e-02	3.099195653807182774e-02	7.991055452700207562e-02
1.285879322789574417e+03	2.376172602011531465e-01	1.523936504893718680e-01	2.653352293287737917e-01	1.582195498678171663e-01	7.546412269399188633e-02	3.101183601844329993e-02	7.995835140033455413e-02
1.287330653853671038e+03	2.374378307207981320e-01	1.522713342709622331e-01	2.654644679168057242e-01	1.582932467370011531e-01	7.549535872962695460e-02	3.103169193779842933e-02	8.000606968689299991e-02
1.288781984917767431e+03	2.372587138492502079e-01	1.521492181949837541e-01	2.655934767104929373e-01	1.583668150033808175e-01	7.552654241641884592e-02	3.105152431425644427e-02	8.005370951110268862e-02
1.290233315981864052e+03	2.370799090177074797e-01	1.520273019533578407e-01	2.657222561000361361e-01	1.584402549174099561e-01	7.555767384817577148e-02	3.107133316595807673e-02	8.010127099724044519e-02
