1.001418434226643626e+03	2.798101730509662821e-01	1.804877115359008188e-01	2.350185588427710082e-01	1.409167972837337413e-01	6.820071529326296456e-02	2.665372315598499298e-02	6.891232083726869795e-02
1.003837319333471214e+03	2.793898806341312824e-01	1.802064308043449525e-01	2.353226601685209085e-01	1.410909166313867036e-01	6.827329752895981707e-02	2.669520422841758014e-02	6.902161000412730674e-02
1.006256204440298802e+03	2.789708288987126084e-01	1.799258996184500414e-01	2.356258728066744357e-01	1.412645072389666079e-01	6.834567256300430604e-02	2.673661227554758810e-02	6.913060659853295653e-02
1.008675089547126618e+03	2.785530138357855123e-01	1.796461162772037545e-01	2.359281992519088877e-01	1.414375709671225056e-01	6.841784103253602256e-02	2.677794733259502777e-02	6.923931130273681955e-02
1.011093974653954206e+03	2.781364314525264225e-01	1.793670790804059445e-01	2.362296419922198520e-01	1.416101096682505223e-01	6.848980357250998574e-02	2.681920943539213911e-02	6.934772479858372640e-02
1.013512859760782021e+03	2.777210777721220714e-01	1.790887863287047022e-01	2.365302035089363319e-01	1.417821251865428178e-01	6.856156081570548289e-02	2.686039862037865530e-02	6.945584776749855194e-02
1.015931744867609382e+03	2.773069488336796229e-01	1.788112363236315505e-01	2.368298862767361790e-01	1.419536193580362982e-01	6.863311339273502065e-02	2.690151492459707736e-02	6.956368089047287873e-02
1.018350629974437197e+03	2.768940406921371333e-01	1.785344273676367777e-01	2.371286927636611364e-01	1.421245940106608263e-01	6.870446193205306806e-02	2.694255838568799036e-02	6.967122484805168825e-02
1.020769515081264785e+03	2.764823494181751218e-01	1.782583577641236317e-01	2.374266254311321045e-01	1.422950509642871564e-01	6.877560705996488277e-02	2.698352904188539014e-02	6.977848032032035741e-02
1.023188400188092373e+03	2.760718710981280855e-01	1.779830258174827096e-01	2.377236867339642679e-01	1.424649920307745343e-01	6.884654940063525408e-02	2.702442693201205157e-02	6.988544798689175219e-02
1.025607285294920075e+03	2.756626018338975692e-01	1.777084298331254308e-01	2.380198791203824438e-01	1.426344190140176327e-01	6.891728957609717654e-02	2.706525209547491415e-02	6.999212852689350173e-02
1.028026170401747549e+03	2.752545377428651241e-01	1.774345681175172607e-01	2.383152050320360982e-01	1.428033337099937072e-01	6.898782820626060686e-02	2.710600457226049198e-02	7.009852261895541115e-02
1.030445055508575479e+03	2.748476749578063205e-01	1.771614389782104892e-01	2.386096669040146112e-01	1.429717379068088379e-01	6.905816590892101259e-02	2.714668440293030796e-02	7.020463094119708258e-02
1.032863940615402726e+03	2.744420096268054832e-01	1.768890407238766227e-01	2.389032671648624040e-01	1.431396333847441138e-01	6.912830329976799026e-02	2.718729162861635920e-02	7.031045417121566110e-02
1.035282825722230655e+03	2.740375379131707034e-01	1.766173716643381353e-01	2.391960082365941487e-01	1.433070219163014303e-01	6.919824099239386961e-02	2.722782629101659635e-02	7.041599298607378876e-02
1.037701710829058356e+03	2.736342559953497400e-01	1.763464301106000554e-01	2.394878925347098397e-01	1.434739052662488135e-01	6.926797959830219287e-02	2.726828843239044106e-02	7.052124806228765586e-02
1.040120595935886058e+03	2.732321600668464745e-01	1.760762143748809960e-01	2.397789224682098375e-01	1.436402851916656898e-01	6.933751972691622190e-02	2.730867809555432082e-02	7.062622007581523254e-02
1.042539481042713533e+03	2.728312463361380891e-01	1.758067227706437696e-01	2.400691004396102168e-01	1.438061634419874613e-01	6.940686198558737585e-02	2.734899532387723153e-02	7.073090970204469474e-02
1.044958366149541234e+03	2.724315110265926876e-01	1.755379536126256412e-01	2.403584288449577000e-01	1.439715417590500257e-01	6.947600697960364113e-02	2.738924016127631741e-02	7.083531761578290564e-02
1.047377251256368709e+03	2.720329503763876389e-01	1.752699052168681659e-01	2.406469100738447553e-01	1.441364218771337968e-01	6.954495531219795357e-02	2.742941265221248565e-02	7.093944449124420237e-02
1.049796136363196410e+03	2.716355606384284194e-01	1.750025759007465542e-01	2.409345465094247518e-01	1.443008055230075026e-01	6.961370758455651120e-02	2.746951284168603138e-02	7.104329100203919667e-02
1.052215021470024112e+03	2.712393380802684550e-01	1.747359639829987044e-01	2.412213405284270584e-01	1.444646944159716506e-01	6.968226439582708709e-02	2.750954077523230443e-02	7.114685782116374202e-02
1.054633906576851814e+03	2.708442789840288523e-01	1.744700677837538183e-01	2.415072945011719763e-01	1.446280902679015212e-01	6.975062634312727272e-02	2.754949649891739322e-02	7.125014562098816451e-02
1.057052791683679516e+03	2.704503796463194054e-01	1.742048856245606847e-01	2.417924107915858656e-01	1.447909947832901056e-01	6.981879402155270753e-02	2.758938005933382620e-02	7.135315507324647977e-02
1.059471676790506763e+03	2.700576363781596601e-01	1.739404158284154345e-01	2.420766917572161336e-01	1.449534096592904331e-01	6.988676802418523903e-02	2.762919150359630094e-02	7.145588684902588750e-02
1.061890561897334692e+03	2.696660455049010863e-01	1.736766567197890743e-01	2.423601397492463061e-01	1.451153365857578148e-01	6.995454894210108299e-02	2.766893087933744097e-02	7.155834161875633537e-02
1.064309447004162394e+03	2.692756033661490855e-01	1.734136066246545760e-01	2.426427571125110150e-01	1.452767772452916994e-01	7.002213736437892799e-02	2.770859823470356656e-02	7.166052005220022170e-02
1.066728332110990095e+03	2.688863063156867184e-01	1.731512638705134388e-01	2.429245461855110422e-01	1.454377333132771399e-01	7.008953387810797075e-02	2.774819361835050707e-02	7.176242281844232018e-02
1.069147217217817570e+03	2.684981507213974883e-01	1.728896267864222791e-01	2.432055093004281687e-01	1.455982064579261215e-01	7.015673906839596519e-02	2.778771707943941335e-02	7.186405058587973238e-02
1.071566102324645271e+03	2.681111329651900688e-01	1.726286937030186430e-01	2.434856487831401628e-01	1.457581983403184178e-01	7.022375351837721602e-02	2.782716866763262561e-02	7.196540402221206223e-02
1.073984987431472746e+03	2.677252494429227525e-01	1.723684629525465695e-01	2.437649669532358510e-01	1.459177106144422531e-01	7.029057780922053078e-02	2.786654843308951357e-02	7.206648379443170160e-02
1.076403872538300675e+03	2.673404965643288445e-01	1.721089328688819309e-01	2.440434661240300229e-01	1.460767449272345753e-01	7.035721252013708849e-02	2.790585642646240677e-02	7.216729056881422688e-02
1.078822757645127922e+03	2.669568707529424989e-01	1.718501017875573300e-01	2.443211486025781976e-01	1.462353029186212461e-01	7.042365822838839162e-02	2.794509269889247638e-02	7.226782501090900368e-02
1.081241642751955851e+03	2.665743684460247231e-01	1.715919680457865526e-01	2.445980166896916941e-01	1.463933862215566206e-01	7.048991550929400995e-02	2.798425730200570019e-02	7.236808778552981936e-02
1.083660527858783553e+03	2.661929860944907134e-01	1.713345299824888257e-01	2.448740726799524814e-01	1.465509964620630434e-01	7.055598493623944922e-02	2.802335028790882074e-02	7.246807955674569590e-02
1.086079412965611255e+03	2.658127201628371350e-01	1.710777859383127153e-01	2.451493188617279717e-01	1.467081352592700949e-01	7.062186708068389496e-02	2.806237170918531726e-02	7.256780098787191102e-02
1.088498298072438729e+03	2.654335671290698473e-01	1.708217342556594687e-01	2.454237575171860086e-01	1.468648042254533936e-01	7.068756251216791464e-02	2.810132161889143665e-02	7.266725274146099145e-02
1.090917183179266431e+03	2.650555234846325159e-01	1.705663732787063291e-01	2.456973909223095776e-01	1.470210049660732321e-01	7.075307179832114601e-02	2.814020007055221054e-02	7.276643547929398381e-02
1.093336068286093905e+03	2.646785857343357806e-01	1.703117013534293234e-01	2.459702213469117937e-01	1.471767390798128239e-01	7.081839550486998536e-02	2.817900711815751053e-02	7.286534986237176714e-02
1.095754953392921607e+03	2.643027503962864233e-01	1.700577168276257989e-01	2.462422510546505017e-01	1.473320081586164676e-01	7.088353419564515090e-02	2.821774281615811730e-02	7.296399655090649028e-02
1.098173838499749309e+03	2.639280140018177012e-01	1.698044180509365175e-01	2.465134823030432354e-01	1.474868137877272389e-01	7.094848843258926008e-02	2.825640721946184181e-02	7.306237620431318969e-02
1.100592723606577010e+03	2.635543730954195141e-01	1.695518033748675268e-01	2.467839173434819844e-01	1.476411575457244607e-01	7.101325877576437906e-02	2.829500038342961168e-02	7.316048948120146278e-02
1.103011608713404712e+03	2.631818242346696812e-01	1.692998711528118649e-01	2.470535584212478486e-01	1.477950410045610619e-01	7.107784578335954451e-02	2.833352236387163409e-02	7.325833703936732166e-02
1.105430493820231959e+03	2.628103639901654409e-01	1.690486197400704604e-01	2.473224077755258599e-01	1.479484657296003258e-01	7.114225001169816043e-02	2.837197321704356193e-02	7.335591953578511626e-02
1.107849378927059888e+03	2.624399889454552826e-01	1.687980474938733932e-01	2.475904676394196646e-01	1.481014332796527222e-01	7.120647201524551995e-02	2.841035299964267055e-02	7.345323762659965172e-02
1.110268264033887590e+03	2.620706956969716672e-01	1.685481527734002116e-01	2.478577402399662899e-01	1.482539452070123498e-01	7.127051234661611889e-02	2.844866176880406911e-02	7.355029196711827810e-02
1.112687149140715292e+03	2.617024808539636371e-01	1.682989339398002770e-01	2.481242277981507705e-01	1.484060030574929634e-01	7.133437155658101103e-02	2.848689958209692230e-02	7.364708321180332695e-02
1.115106034247542766e+03	2.613353410384308684e-01	1.680503893562128870e-01	2.483899325289209148e-01	1.485576083704640837e-01	7.139805019407516329e-02	2.852506649752071036e-02	7.374361201426439527e-02
1.117524919354370468e+03	2.609692728850568910e-01	1.678025173877867593e-01	2.486548566412017658e-01	1.487087626788863581e-01	7.146154880620471384e-02	2.856316257350149240e-02	7.383987902725097641e-02
1.119943804461197942e+03	2.606042730411441410e-01	1.675553164016995722e-01	2.489190023379104499e-01	1.488594675093472819e-01	7.152486793825421629e-02	2.860118786888821152e-02	7.393588490264502155e-02
1.122362689568025871e+03	2.602403381665484572e-01	1.673087847671770045e-01	2.491823718159707490e-01	1.490097243820960871e-01	7.158800813369384231e-02	2.863914244294898936e-02	7.403163029145380658e-02
1.124781574674853118e+03	2.598774649336142994e-01	1.670629208555114986e-01	2.494449672663276163e-01	1.491595348110787422e-01	7.165096993418657023e-02	2.867702635536747979e-02	7.412711584380267393e-02
1.127200459781681047e+03	2.595156500271110778e-01	1.668177230400807731e-01	2.497067908739617759e-01	1.493089003039726193e-01	7.171375387959533221e-02	2.871483966623921205e-02	7.422234220892812151e-02
1.129619344888508749e+03	2.591548901441686481e-01	1.665731896963661973e-01	2.499678448179042944e-01	1.494578223622208268e-01	7.177636050799009182e-02	2.875258243606797562e-02	7.431731003517084988e-02
1.132038229995336451e+03	2.587951819942148624e-01	1.663293192019704714e-01	2.502281312712512085e-01	1.496063024810663500e-01	7.183879035565492177e-02	2.879025472576221545e-02	7.441201996996892054e-02
1.134457115102163925e+03	2.584365222989119526e-01	1.660861099366355287e-01	2.504876524011779293e-01	1.497543421495860505e-01	7.190104395709501217e-02	2.882785659663144456e-02	7.450647265985110845e-02
1.136876000208991627e+03	2.580789077920945807e-01	1.658435602822598276e-01	2.507464103689537316e-01	1.499019428507241958e-01	7.196312184504369269e-02	2.886538811038269134e-02	7.460066875043031009e-02
1.139294885315819101e+03	2.577223352197077211e-01	1.656016686229154766e-01	2.510044073299563805e-01	1.500491060613260430e-01	7.202502455046944085e-02	2.890284932911695373e-02	7.469460888639703477e-02
1.141713770422646803e+03	2.573668013397452659e-01	1.653604333448649988e-01	2.512616454336864535e-01	1.501958332521709238e-01	7.208675260258272377e-02	2.894024031532568472e-02	7.478829371151300698e-02
1.144132655529474505e+03	2.570123029221885735e-01	1.651198528365781792e-01	2.515181268237818846e-01	1.503421258880052458e-01	7.214830652884292317e-02	2.897756113188727778e-02	7.488172386860492136e-02
1.146551540636302207e+03	2.566588367489461842e-01	1.648799254887480248e-01	2.517738536380323966e-01	1.504879854275752715e-01	7.220968685496521877e-02	2.901481184206360434e-02	7.497489999955823936e-02
1.148970425743129908e+03	2.563063996137934786e-01	1.646406496943071118e-01	2.520288280083937127e-01	1.506334133236595096e-01	7.227089410492740229e-02	2.905199250949654435e-02	7.506782274531112464e-02
1.151389310849957155e+03	2.559549883223127820e-01	1.644020238484431851e-01	2.522830520610022109e-01	1.507784110231010222e-01	7.233192880097664978e-02	2.908910319820453769e-02	7.516049274584846174e-02
1.153808195956785084e+03	2.556045996918339669e-01	1.641640463486148116e-01	2.525365279161890797e-01	1.509229799668395655e-01	7.239279146363632178e-02	2.912614397257918403e-02	7.525291064019594411e-02
1.156227081063612786e+03	2.552552305513754449e-01	1.639267155945666465e-01	2.527892576884947506e-01	1.510671215899432318e-01	7.245348261171261073e-02	2.916311489738183244e-02	7.534507706641431490e-02
1.158645966170440488e+03	2.549068777415856024e-01	1.636900299883444487e-01	2.530412434866833316e-01	1.512108373216402013e-01	7.251400276230132724e-02	2.920001603774019169e-02	7.543699266159369088e-02
1.161064851277267962e+03	2.545595381146848468e-01	1.634539879343098467e-01	2.532924874137566507e-01	1.513541285853500507e-01	7.257435243079451981e-02	2.923684745914497882e-02	7.552865806184795583e-02
1.163483736384095664e+03	2.542132085344074310e-01	1.632185878391549383e-01	2.535429915669687451e-01	1.514969967987149224e-01	7.263453213088708060e-02	2.927360922744658145e-02	7.562007390230922332e-02
1.165902621490923138e+03	2.538678858759444990e-01	1.629838281119165289e-01	2.537927580378399606e-01	1.516394433736304170e-01	7.269454237458333745e-02	2.931030140885172025e-02	7.571124081712247988e-02
1.168321506597751068e+03	2.535235670258868534e-01	1.627497071639902593e-01	2.540417889121713291e-01	1.517814697162764292e-01	7.275438367220365965e-02	2.934692406992016334e-02	7.580215943944028367e-02
1.170740391704578315e+03	2.531802488821683905e-01	1.625162234091444280e-01	2.542900862700588349e-01	1.519230772271475405e-01	7.281405653239092501e-02	2.938347727756142336e-02	7.589283040141749093e-02
1.173159276811406244e+03	2.528379283540101441e-01	1.622833752635334525e-01	2.545376521859072927e-01	1.520642673010833557e-01	7.287356146211709795e-02	2.941996109903151010e-02	7.598325433420612118e-02
1.175578161918233945e+03	2.524966023618643307e-01	1.620511611457114420e-01	2.547844887284448911e-01	1.522050413272986458e-01	7.293289896668959937e-02	2.945637560192967616e-02	7.607343186795038903e-02
1.177997047025061647e+03	2.521562678373588384e-01	1.618195794766451034e-01	2.550305979607372930e-01	1.523454006894131574e-01	7.299206954975780148e-02	2.949272085419517991e-02	7.616336363178165259e-02
1.180415932131889122e+03	2.518169217232423818e-01	1.615886286797268145e-01	2.552759819402014019e-01	1.524853467654812833e-01	7.305107371331939770e-02	2.952899692410409366e-02	7.625305025381365343e-02
1.182834817238716823e+03	2.514785609733297678e-01	1.613583071807871416e-01	2.555206427186199614e-01	1.526248809280215946e-01	7.310991195772680029e-02	2.956520388026611518e-02	7.634249236113760384e-02
1.185253702345544298e+03	2.511411825524476060e-01	1.611286134081074406e-01	2.557645823421553222e-01	1.527640045440460670e-01	7.316858478169345481e-02	2.960134179162137585e-02	7.643169057981762105e-02
1.187672587452371999e+03	2.508047834363806294e-01	1.608995457924320416e-01	2.560078028513635973e-01	1.529027189750891413e-01	7.322709268230014057e-02	2.963741072743731123e-02	7.652064553488606424e-02
1.190091472559199701e+03	2.504693606118176818e-01	1.606711027669801839e-01	2.562503062812087062e-01	1.530410255772366168e-01	7.328543615500127117e-02	2.967341075730550379e-02	7.660935785033898271e-02
1.192510357666027403e+03	2.501349110762989825e-01	1.604432827674579232e-01	2.564920946610763641e-01	1.531789257011542671e-01	7.334361569363111177e-02	2.970934195113859519e-02	7.669782814913171654e-02
1.194929242772855105e+03	2.498014318381631127e-01	1.602160842320695944e-01	2.567331700147882922e-01	1.533164206921162620e-01	7.340163179041003794e-02	2.974520437916715679e-02	7.678605705317448349e-02
1.197348127879682352e+03	2.494689199164946691e-01	1.599895056015293859e-01	2.569735343606157629e-01	1.534535118900336448e-01	7.345948493595065576e-02	2.978099811193663654e-02	7.687404518332817405e-02
1.199767012986510281e+03	2.491373723410720831e-01	1.597635453190722754e-01	2.572131897112939769e-01	1.535902006294822264e-01	7.351717561926400524e-02	2.981672322030428507e-02	7.696179315940011867e-02
1.202185898093337983e+03	2.488067861523159119e-01	1.595382018304651595e-01	2.574521380740357190e-01	1.537264882397304799e-01	7.357470432776569425e-02	2.985237977543611296e-02	7.704930160013992446e-02
1.204604783200165684e+03	2.484771584012374912e-01	1.593134735840175675e-01	2.576903814505454027e-01	1.538623760447673516e-01	7.363207154728190762e-02	2.988796784880386539e-02	7.713657112323549225e-02
1.207023668306993159e+03	2.481484861493877814e-01	1.590893590305921257e-01	2.579279218370328919e-01	1.539978653633296835e-01	7.368927776205555502e-02	2.992348751218202457e-02	7.722360234530906142e-02
1.209442553413820860e+03	2.478207664688068523e-01	1.588658566236150482e-01	2.581647612242273793e-01	1.541329575089294968e-01	7.374632345475229389e-02	2.995893883764479473e-02	7.731039588191325473e-02
1.211861438520648335e+03	2.474939964419733407e-01	1.586429648190862685e-01	2.584009015973913193e-01	1.542676537898812483e-01	7.380320910646651078e-02	2.999432189756315315e-02	7.739695234752734521e-02
1.214280323627476264e+03	2.471681731617545730e-01	1.584206820755892642e-01	2.586363449363339728e-01	1.544019555093286700e-01	7.385993519672728880e-02	3.002963676460188719e-02	7.748327235555349524e-02
1.216699208734303511e+03	2.468432937313567999e-01	1.581990068543010775e-01	2.588710932154255073e-01	1.545358639652716359e-01	7.391650220350437506e-02	3.006488351171664880e-02	7.756935651831307899e-02
1.219118093841131440e+03	2.465193552642757913e-01	1.579779376190016682e-01	2.591051484036106523e-01	1.546693804505926972e-01	7.397291060321413425e-02	3.010006221215104708e-02	7.765520544704311579e-02
1.221536978947959142e+03	2.461963548842480420e-01	1.577574728360833789e-01	2.593385124644222994e-01	1.548025062530834217e-01	7.402916087072534956e-02	3.013517293943374087e-02	7.774081975189274518e-02
1.223955864054786844e+03	2.458742897252018944e-01	1.575376109745602327e-01	2.595711873559955474e-01	1.549352426554707618e-01	7.408525347936514849e-02	3.017021576737554528e-02	7.782620004191985463e-02
1.226374749161614318e+03	2.455531569312091322e-01	1.573183505060768428e-01	2.598031750310810239e-01	1.550675909354430337e-01	7.414118890092481762e-02	3.020519077006657629e-02	7.791134692508758230e-02
1.228793634268442020e+03	2.452329536564371304e-01	1.570996899049171835e-01	2.600344774370587642e-01	1.551995523656757581e-01	7.419696760566561744e-02	3.024009802187338503e-02	7.799626100826113906e-02
1.231212519375269494e+03	2.449136770651009765e-01	1.568816276480135552e-01	2.602650965159519214e-01	1.553311282138573890e-01	7.425259006232452774e-02	3.027493759743612664e-02	7.808094289720450554e-02
1.233631404482097196e+03	2.445953243314161196e-01	1.566641622149546609e-01	2.604950342044401457e-01	1.554623197427148773e-01	7.430805673812004852e-02	3.030970957166575011e-02	7.816539319657735130e-02
1.236050289588924898e+03	2.442778926395512973e-01	1.564472920879942386e-01	2.607242924338735723e-01	1.555931282100390389e-01	7.436336809875786213e-02	3.034441401974118796e-02	7.824961250993182904e-02
1.238469174695752372e+03	2.439613791835816559e-01	1.562310157520590270e-01	2.609528731302859228e-01	1.557235548687096460e-01	7.441852460843656480e-02	3.037905101710657030e-02	7.833360143970968803e-02
1.240888059802580301e+03	2.436457811674424268e-01	1.560153316947566760e-01	2.611807782144084378e-01	1.558536009667205735e-01	7.447352672985332878e-02	3.041362063946846661e-02	7.841736058723920710e-02
1.243306944909407548e+03	2.433310958048826300e-01	1.558002384063836843e-01	2.614080096016832555e-01	1.559832677472045570e-01	7.452837492420949506e-02	3.044812296279312408e-02	7.850089055273239136e-02
1.245725830016235477e+03	2.430173203194193055e-01	1.555857343799328940e-01	2.616345692022768454e-01	1.561125564484579509e-01	7.458306965121626331e-02	3.048255806330373713e-02	7.858419193528207169e-02
1.248144715123063179e+03	2.427044519442918824e-01	1.553718181111010121e-01	2.618604589210938305e-01	1.562414683039651531e-01	7.463761136910025684e-02	3.051692601747772390e-02	7.866726533285919865e-02
1.250563600229890881e+03	2.423924879224170215e-01	1.551584880982958270e-01	2.620856806577899212e-01	1.563700045424230578e-01	7.469200053460900435e-02	3.055122690204403052e-02	7.875011134231015009e-02
1.252982485336718355e+03	2.420814255063435116e-01	1.549457428426434247e-01	2.623102363067858489e-01	1.564981663877652307e-01	7.474623760301654651e-02	3.058546079398043183e-02	7.883273055935408058e-02
1.255401370443546057e+03	2.417712619582076949e-01	1.547335808479950447e-01	2.625341277572802445e-01	1.566259550591859173e-01	7.480032302812894551e-02	3.061962777051087381e-02	7.891512357858035398e-02
1.257820255550373531e+03	2.414619945496890296e-01	1.545220006209339081e-01	2.627573568932636827e-01	1.567533717711639130e-01	7.485425726228972509e-02	3.065372790910281600e-02	7.899729099344603156e-02
1.260239140657201460e+03	2.411536205619661255e-01	1.543110006707819060e-01	2.629799255935312829e-01	1.568804177334863215e-01	7.490804075638532455e-02	3.068776128746458429e-02	7.907923339627347115e-02
1.262658025764028707e+03	2.408461372856727511e-01	1.541005795096060949e-01	2.632018357316968094e-01	1.570070941512721197e-01	7.496167395985059434e-02	3.072172798354275841e-02	7.916095137824788464e-02
1.265076910870856636e+03	2.405395420208544244e-01	1.538907356522248859e-01	2.634230891762054383e-01	1.571334022249955831e-01	7.501515732067406961e-02	3.075562807551955602e-02	7.924244552941506203e-02
1.267495795977684338e+03	2.402338320769252800e-01	1.536814676162144289e-01	2.636436877903472475e-01	1.572593431505094064e-01	7.506849128540347971e-02	3.078946164181024445e-02	7.932371643867905386e-02
1.269914681084511813e+03	2.399290047726248265e-01	1.534727739219144405e-01	2.638636334322703170e-01	1.573849181190679347e-01	7.512167629915102174e-02	3.082322876106056639e-02	7.940476469380004787e-02
1.272333566191339514e+03	2.396250574359756191e-01	1.532646530924341999e-01	2.640829279549942732e-01	1.575101283173500621e-01	7.517471280559868962e-02	3.085692951214417598e-02	7.948559088139212081e-02
1.274752451298167216e+03	2.393219874042405715e-01	1.530571036536583218e-01	2.643015732064231682e-01	1.576349749274821022e-01	7.522760124700360318e-02	3.089056397416009916e-02	7.956619558692125393e-02
1.277171336404994690e+03	2.390197920238809892e-01	1.528501241342521966e-01	2.645195710293589686e-01	1.577594591270602975e-01	7.528034206420326779e-02	3.092413222643019405e-02	7.964657939470323744e-02
1.279590221511822392e+03	2.387184686505146314e-01	1.526437130656675689e-01	2.647369232615144341e-01	1.578835820891734132e-01	7.533293569662082023e-02	3.095763434849664944e-02	7.972674288790165820e-02
1.282009106618650094e+03	2.384180146488741603e-01	1.524378689821477284e-01	2.649536317355264403e-01	1.580073449824250797e-01	7.538538258227028832e-02	3.099107042011946603e-02	7.980668664852606786e-02
1.284427991725477568e+03	2.381184273927657857e-01	1.522325904207327274e-01	2.651696982789690238e-01	1.581307489709559699e-01	7.543768315776171185e-02	3.102444052127399307e-02	7.988641125743006777e-02
1.286846876832305497e+03	2.378197042650282422e-01	1.520278759212644604e-01	2.653851247143662606e-01	1.582537952144658921e-01	7.548983785830640225e-02	3.105774473214844775e-02	7.996591729430949091e-02
1.289265761939132744e+03	2.375218426574920438e-01	1.518237240263913546e-01	2.655999128592059222e-01	1.583764848682356896e-01	7.554184711772206351e-02	3.109098313314146225e-02	8.004520533770066726e-02
1.291684647045960673e+03	2.372248399709387945e-01	1.516201332815733105e-01	2.658140645259518542e-01	1.584988190831490562e-01	7.559371136843791306e-02	3.112415580485964131e-02	8.012427596497868898e-02
1.294103532152788375e+03	2.369286936150609979e-01	1.514171022350861984e-01	2.660275815220573548e-01	1.586207990057140194e-01	7.564543104149978880e-02	3.115726282811515091e-02	8.020312975235580066e-02
1.296522417259616077e+03	2.366334010084220896e-01	1.512146294380263545e-01	2.662404656499778866e-01	1.587424257780846726e-01	7.569700656657527005e-02	3.119030428392328275e-02	8.028176727487976172e-02
1.298941302366443551e+03	2.363389595784165798e-01	1.510127134443149666e-01	2.664527187071843994e-01	1.588637005380823253e-01	7.574843837195863183e-02	3.122328025350008460e-02	8.036018910643231983e-02
1.301360187473271253e+03	2.360453667612306128e-01	1.508113528107022927e-01	2.666643424861759870e-01	1.589846244192167635e-01	7.579972688457602137e-02	3.125619081825996987e-02	8.043839581972767050e-02
1.303779072580098727e+03	2.357526200018025819e-01	1.506105460967715748e-01	2.668753387744928762e-01	1.591051985507074551e-01	7.585087252999037077e-02	3.128903605981333408e-02	8.051638798631109706e-02
1.306197957686926657e+03	2.354607167537842438e-01	1.504102918649433684e-01	2.670857093547293060e-01	1.592254240575043389e-01	7.590187573240639307e-02	3.132181605996424423e-02	8.059416617655745796e-02
1.308616842793753904e+03	2.351696544795018606e-01	1.502105886804788737e-01	2.672954560045464056e-01	1.593453020603086967e-01	7.595273691467555044e-02	3.135453090070806220e-02	8.067173095966992391e-02
1.311035727900581833e+03	2.348794306499176476e-01	1.500114351114841538e-01	2.675045804966850183e-01	1.594648336755938034e-01	7.600345649830103634e-02	3.138718066422913067e-02	8.074908290367864561e-02
1.313454613007409534e+03	2.345900427445916092e-01	1.498128297289132993e-01	2.677130845989783570e-01	1.595840200156255495e-01	7.605403490344263273e-02	3.141976543289846935e-02	8.082622257543950473e-02
1.315873498114237009e+03	2.343014882516434028e-01	1.496147711065722030e-01	2.679209700743651057e-01	1.597028621884826749e-01	7.610447254892165059e-02	3.145228528927149214e-02	8.090315054063289268e-02
1.318292383221064711e+03	2.340137646677145356e-01	1.494172578211217239e-01	2.681282386809017981e-01	1.598213612980772524e-01	7.615476985222580097e-02	3.148474031608570339e-02	8.097986736376260042e-02
1.320711268327892412e+03	2.337268694979307282e-01	1.492202884520809625e-01	2.683348921717759739e-01	1.599395184441746998e-01	7.620492722951403841e-02	3.151713059625842889e-02	8.105637360815461101e-02
1.323130153434719887e+03	2.334408002558647499e-01	1.490238615818303969e-01	2.685409322953183908e-01	1.600573347224138465e-01	7.625494509562134871e-02	3.154945621288460234e-02	8.113266983595615600e-02
1.325549038541547588e+03	2.331555544634990318e-01	1.488279757956148808e-01	2.687463607950161815e-01	1.601748112243267796e-01	7.630482386406360618e-02	3.158171724923447554e-02	8.120875660813460517e-02
1.327967923648375290e+03	2.328711296511891404e-01	1.486326296815463632e-01	2.689511794095250097e-01	1.602919490373587719e-01	7.635456394704237537e-02	3.161391378875141878e-02	8.128463448447650896e-02
1.330386808755202765e+03	2.325875233576268353e-01	1.484378218306069419e-01	2.691553898726821714e-01	1.604087492448876551e-01	7.640416575544958788e-02	3.164604591504970033e-02	8.136030402358669644e-02
1.332805693862030694e+03	2.323047331298037088e-01	1.482435508366512500e-01	2.693589939135190292e-01	1.605252129262435823e-01	7.645362969887237181e-02	3.167811371191230768e-02	8.143576578288734547e-02
1.335224578968857941e+03	2.320227565229751598e-01	1.480498152964092040e-01	2.695619932562732801e-01	1.606413411567282901e-01	7.650295618559775634e-02	3.171011726328874791e-02	8.151102031861716390e-02
1.337643464075685870e+03	2.317415911006242002e-01	1.478566138094882521e-01	2.697643896204020009e-01	1.607571350076343608e-01	7.655214562261729305e-02	3.174205665329286885e-02	8.158606818583058473e-02
1.340062349182513572e+03	2.314612344344258443e-01	1.476639449783758717e-01	2.699661847205938603e-01	1.608725955462644575e-01	7.660119841563184373e-02	3.177393196620070803e-02	8.166090993839700274e-02
1.342481234289341273e+03	2.311816841042115267e-01	1.474718074084416519e-01	2.701673802667816093e-01	1.609877238359502527e-01	7.665011496905614619e-02	3.180574328644836246e-02	8.173554612900006677e-02
1.344900119396168748e+03	2.309029376979336856e-01	1.472801997079395131e-01	2.703679779641547376e-01	1.611025209360714139e-01	7.669889568602349106e-02	3.183749069862981673e-02	8.180997730913695809e-02
1.347319004502996449e+03	2.306249928116308745e-01	1.470891204880095948e-01	2.705679795131717968e-01	1.612169879020743102e-01	7.674754096839032924e-02	3.186917428749487524e-02	8.188420402911779361e-02
1.349737889609823924e+03	2.303478470493927066e-01	1.468985683626803374e-01	2.707673866095728910e-01	1.613311257854907477e-01	7.679605121674087931e-02	3.190079413794703195e-02	8.195822683806504305e-02
1.352156774716651853e+03	2.300714980233252438e-01	1.467085419488700637e-01	2.709662009443918329e-01	1.614449356339564823e-01	7.684442683039166555e-02	3.193235033504138870e-02	8.203204628391294606e-02
1.354575659823479100e+03	2.297959433535165519e-01	1.465190398663889226e-01	2.711644242039688013e-01	1.615584184912297050e-01	7.689266820739608377e-02	3.196384296398255276e-02	8.210566291340701262e-02
1.356994544930307029e+03	2.295211806680023947e-01	1.463300607379403040e-01	2.713620580699626084e-01	1.616715753972092773e-01	7.694077574454893931e-02	3.199527211012258981e-02	8.217907727210350954e-02
1.359413430037134731e+03	2.292472076027322059e-01	1.461416031891224487e-01	2.715591042193629123e-01	1.617844073879530498e-01	7.698874983739095734e-02	3.202663785895897702e-02	8.225228990436905807e-02
1.361832315143962205e+03	2.289740218015352824e-01	1.459536658484298643e-01	2.717555643245025965e-01	1.618969154956958201e-01	7.703659088021326540e-02	3.205794029613254909e-02	8.232530135338024524e-02
1.364251200250789907e+03	2.287016209160871727e-01	1.457662473472544906e-01	2.719514400530699261e-01	1.620091007488674295e-01	7.708429926606187588e-02	3.208917950742547209e-02	8.239811216112322145e-02
1.366670085357617609e+03	2.284300026058760924e-01	1.455793463198871984e-01	2.721467330681210384e-01	1.621209641721105543e-01	7.713187538674211308e-02	3.212035557875923819e-02	8.247072286839336741e-02
1.369088970464445310e+03	2.281591645381699229e-01	1.453929614035185947e-01	2.723414450280918220e-01	1.622325067862985248e-01	7.717931963282306795e-02	3.215146859619266717e-02	8.254313401479504431e-02
1.371507855571272785e+03	2.278891043879829881e-01	1.452070912382402990e-01	2.725355775868102959e-01	1.623437296085528392e-01	7.722663239364198351e-02	3.218251864591988032e-02	8.261534613874133015e-02
1.373926740678100487e+03	2.276198198380432469e-01	1.450217344670457764e-01	2.727291323935088219e-01	1.624546336522609269e-01	7.727381405730868180e-02	3.221350581426837140e-02	8.268735977745378385e-02
1.376345625784927961e+03	2.273513085787598476e-01	1.448368897358312257e-01	2.729221110928360394e-01	1.625652199270933296e-01	7.732086501070990769e-02	3.224443018769701519e-02	8.275917546696226479e-02
1.378764510891755890e+03	2.270835683081904310e-01	1.446525556933963008e-01	2.731145153248690782e-01	1.626754894390212147e-01	7.736778563951368648e-02	3.227529185279411766e-02	8.283079374210480794e-02
1.381183395998583137e+03	2.268165967320090182e-01	1.444687309914448603e-01	2.733063467251257150e-01	1.627854431903335009e-01	7.741457632817363987e-02	3.230609089627547309e-02	8.290221513652748508e-02
1.383602281105411066e+03	2.265503915634739240e-01	1.442854142845854948e-01	2.734976069245762531e-01	1.628950821796538717e-01	7.746123745993334364e-02	3.233682740498244890e-02	8.297344018268433541e-02
1.386021166212238768e+03	2.262849505233959224e-01	1.441026042303320542e-01	2.736882975496557346e-01	1.630044074019580125e-01	7.750776941683057419e-02	3.236750146588006360e-02	8.304446941183735165e-02
1.388440051319066470e+03	2.260202713401064933e-01	1.439202994891040643e-01	2.738784202222758202e-01	1.631134198485902909e-01	7.755417257970159683e-02	3.239811316605507169e-02	8.311530335405639680e-02
1.390858936425893944e+03	2.257563517494264316e-01	1.437384987242269763e-01	2.740679765598368345e-01	1.632221205072806880e-01	7.760044732818546787e-02	3.242866259271408313e-02	8.318594253821928741e-02
1.393277821532721646e+03	2.254931894946344551e-01	1.435572006019325553e-01	2.742569681752395905e-01	1.633305103621613963e-01	7.764659404072822568e-02	3.245914983318168995e-02	8.325638749201182132e-02
1.395696706639549120e+03	2.252307823264361464e-01	1.433764037913590195e-01	2.744453966768975461e-01	1.634385903937833895e-01	7.769261309458710962e-02	3.248957497489857876e-02	8.332663874192787479e-02
1.398115591746377049e+03	2.249691280029330609e-01	1.431961069645510398e-01	2.746332636687485174e-01	1.635463615791331038e-01	7.773850486583475106e-02	3.251993810541969898e-02	8.339669681326954132e-02
1.400534476853204296e+03	2.247082242895917792e-01	1.430163087964598234e-01	2.748205707502665573e-01	1.636538248916485361e-01	7.778426972936340611e-02	3.255023931241238927e-02	8.346656223014720100e-02
1.402953361960032225e+03	2.244480689592135703e-01	1.428370079649430580e-01	2.750073195164738360e-01	1.637609813012357862e-01	7.782990805888909125e-02	3.258047868365457345e-02	8.353623551547977033e-02
1.405372247066859927e+03	2.241886597919038882e-01	1.426582031507646897e-01	2.751935115579525193e-01	1.638678317742850998e-01	7.787542022695570498e-02	3.261065630703291474e-02	8.360571719099492427e-02
1.407791132173687402e+03	2.239299945750420351e-01	1.424798930375947292e-01	2.753791484608564266e-01	1.639743772736869942e-01	7.792080660493919120e-02	3.264077227054102553e-02	8.367500777722929051e-02
1.410210017280515103e+03	2.236720711032513798e-01	1.423020763120090848e-01	2.755642318069229102e-01	1.640806187588483012e-01	7.796606756305166086e-02	3.267082666227767024e-02	8.374410779352872702e-02
1.412628902387342805e+03	2.234148871783692702e-01	1.421247516634888963e-01	2.757487631734846234e-01	1.641865571857079042e-01	7.801120347034540270e-02	3.270081957044494725e-02	8.381301775804864129e-02
1.415047787494170507e+03	2.231584406094174466e-01	1.419479177844203410e-01	2.759327441334811781e-01	1.642921935067527817e-01	7.805621469471707430e-02	3.273075108334656119e-02	8.388173818775429558e-02
1.417466672600997981e+03	2.229027292125725090e-01	1.417715733700940783e-01	2.761161762554708021e-01	1.643975286710334660e-01	7.810110160291164338e-02	3.276062128938601881e-02	8.395026959842119552e-02
1.419885557707825683e+03	2.226477508111365522e-01	1.415957171187044727e-01	2.762990611036419408e-01	1.645025636241798372e-01	7.814586456052655117e-02	3.279043027706491503e-02	8.401861250463547870e-02
1.422304442814653157e+03	2.223935032355079666e-01	1.414203477313491497e-01	2.764814002378251923e-01	1.646072993084164715e-01	7.819050393201558424e-02	3.282017813498114278e-02	8.408676741979426161e-02
1.424723327921481086e+03	2.221399843231524618e-01	1.412454639120281352e-01	2.766631952135044648e-01	1.647117366625782675e-01	7.823502008069301017e-02	3.284986495182720678e-02	8.415473485610618087e-02
1.427142213028308333e+03	2.218871919185742558e-01	1.410710643676431342e-01	2.768444475818290229e-01	1.648158766221256011e-01	7.827941336873750489e-02	3.287949081638848192e-02	8.422251532459178180e-02
1.429561098135136262e+03	2.216351238732872375e-01	1.408971478079964756e-01	2.770251588896248118e-01	1.649197201191595907e-01	7.832368415719613564e-02	3.290905581754151321e-02	8.429010933508403192e-02
1.431979983241963964e+03	2.213837780457866833e-01	1.407237129457904190e-01	2.772053306794059480e-01	1.650232680824373910e-01	7.836783280598828838e-02	3.293856004425231576e-02	8.435751739622890377e-02
1.434398868348791666e+03	2.211331523015206413e-01	1.405507584966259327e-01	2.773849644893862099e-01	1.651265214373869861e-01	7.841185967390965073e-02	3.296800358557469557e-02	8.442474001548583296e-02
1.436817753455619140e+03	2.208832445128620092e-01	1.403782831790017782e-01	2.775640618534907511e-01	1.652294811061224000e-01	7.845576511863606994e-02	3.299738653064855642e-02	8.449177769912834257e-02
1.439236638562446842e+03	2.206340525590802792e-01	1.402062857143133168e-01	2.777426243013674245e-01	1.653321480074584626e-01	7.849954949672752202e-02	3.302670896869825540e-02	8.455863095224466774e-02
1.441655523669274316e+03	2.203855743263138656e-01	1.400347648268512324e-01	2.779206533583980510e-01	1.654345230569256031e-01	7.854321316363194194e-02	3.305597098903095138e-02	8.462530027873831073e-02
1.444074408776102018e+03	2.201378077075422102e-01	1.398637192438002830e-01	2.780981505457100766e-01	1.655366071667845329e-01	7.858675647368913719e-02	3.308517268103493281e-02	8.469178618132877645e-02
1.446493293882929493e+03	2.198907506025583602e-01	1.396931476952381068e-01	2.782751173801877864e-01	1.656384012460409283e-01	7.863017978013459031e-02	3.311431413417802172e-02	8.475808916155216921e-02
1.448912178989757422e+03	2.196444009179414902e-01	1.395230489141336683e-01	2.784515553744837391e-01	1.657399062004599188e-01	7.867348343510333075e-02	3.314339543800592924e-02	8.482420971976192825e-02
1.451331064096585123e+03	2.193987565670296180e-01	1.393534216363458977e-01	2.786274660370299805e-01	1.658411229325804925e-01	7.871666778963375133e-02	3.317241668214064576e-02	8.489014835512957713e-02
1.453749949203412370e+03	2.191538154698926821e-01	1.391842646006221096e-01	2.788028508720496457e-01	1.659420523417298732e-01	7.875973319367141068e-02	3.320137795627886579e-02	8.495590556564543150e-02
1.456168834310240300e+03	2.189095755533054521e-01	1.390155765485964479e-01	2.789777113795677277e-01	1.660426953240378423e-01	7.880267999607278029e-02	3.323027935019035733e-02	8.502148184811939013e-02
1.458587719417068001e+03	2.186660347507208002e-01	1.388473562247883597e-01	2.791520490554227352e-01	1.661430527724508388e-01	7.884550854460908864e-02	3.325912095371642146e-02	8.508687769818169822e-02
1.461006604523895703e+03	2.184231910022430834e-01	1.386796023766007357e-01	2.793258653912779055e-01	1.662431255767461147e-01	7.888821918597002658e-02	3.328790285676828248e-02	8.515209361028382162e-02
1.463425489630723177e+03	2.181810422546015260e-01	1.385123137543182448e-01	2.794991618746320849e-01	1.663429146235458345e-01	7.893081226576750820e-02	3.331662514932556135e-02	8.521713007769925186e-02
1.465844374737550879e+03	2.179395864611240463e-01	1.383454891111055574e-01	2.796719399888311086e-01	1.664424207963308422e-01	7.897328812853936231e-02	3.334528792143471448e-02	8.528198759252435257e-02
1.468263259844378354e+03	2.176988215817109718e-01	1.381791272030054585e-01	2.798442012130791245e-01	1.665416449754545947e-01	7.901564711775305172e-02	3.337389126320750715e-02	8.534666664567927552e-02
1.470682144951206283e+03	2.174587455828089766e-01	1.380132267889369047e-01	2.800159470224494185e-01	1.666405880381570115e-01	7.905788957580939247e-02	3.340243526481946612e-02	8.541116772690886261e-02
1.473101030058033530e+03	2.172193564373852415e-01	1.378477866306931088e-01	2.801871788878954606e-01	1.667392508585780753e-01	7.910001584404623143e-02	3.343092001650835310e-02	8.547549132478353406e-02
1.475519915164861459e+03	2.169806521249016407e-01	1.376828054929394585e-01	2.803578982762623961e-01	1.668376343077715152e-01	7.914202626274205454e-02	3.345934560857270063e-02	8.553963792670027377e-02
1.477938800271689161e+03	2.167426306312891515e-01	1.375182821432114899e-01	2.805281066502975373e-01	1.669357392537182405e-01	7.918392117111969220e-02	3.348771213137026470e-02	8.560360801888360072e-02
1.480357685378516862e+03	2.165052899489224025e-01	1.373542153519127507e-01	2.806978054686619095e-01	1.670335665613399412e-01	7.922570090734991355e-02	3.351601967531656068e-02	8.566740208638652654e-02
1.482776570485344337e+03	2.162686280765941937e-01	1.371906038923126070e-01	2.808669961859407427e-01	1.671311170925123268e-01	7.926736580855504866e-02	3.354426833088337140e-02	8.573102061309161026e-02
