1.001418434226643626e+03	2.799676724777502845e-01	1.803528855541648990e-01	2.350060859993624018e-01	1.409001077262956869e-01	6.820459571424355993e-02	2.665963304590699898e-02	6.890901948216329731e-02
1.002869765290740247e+03	2.797161019874375709e-01	1.801833652101764438e-01	2.351885604153518550e-01	1.410045899042182693e-01	6.824817511368817813e-02	2.668462666095725369e-02	6.897458070805746744e-02
1.004321096354836754e+03	2.794649752645197993e-01	1.800141178582881918e-01	2.353707146050119103e-01	1.411088820118124310e-01	6.829167986721222661e-02	2.670959409891653438e-02	6.904003629412594489e-02
1.005772427418933376e+03	2.792142914433476952e-01	1.798451431295542968e-01	2.355525491101417845e-01	1.412129844507644394e-01	6.833511011226896248e-02	2.673453536518886897e-02	6.910538638862098737e-02
1.007223758483029997e+03	2.789640496604853803e-01	1.796764406550249438e-01	2.357340644716621747e-01	1.413168976216710448e-01	6.837846598602841108e-02	2.675945046526899407e-02	6.917063113974611377e-02
1.008675089547126618e+03	2.787142490547015461e-01	1.795080100657506228e-01	2.359152612296163132e-01	1.414206219240435602e-01	6.842174762537807375e-02	2.678433940474192476e-02	6.923577069565496622e-02
1.010126420611223239e+03	2.784648887669610162e-01	1.793398509927864037e-01	2.360961399231712998e-01	1.415241577563119135e-01	6.846495516692363559e-02	2.680920218928255216e-02	6.930080520445017211e-02
1.011577751675319632e+03	2.782159679404159758e-01	1.791719630671957941e-01	2.362767010906192955e-01	1.416275055158287555e-01	6.850808874698968709e-02	2.683403882465525483e-02	6.936573481418226161e-02
1.013029082739416367e+03	2.779674857203975891e-01	1.790043459200550136e-01	2.364569452693785490e-01	1.417306655988734287e-01	6.855114850162044582e-02	2.685884931671346856e-02	6.943055967284850194e-02
1.014480413803512761e+03	2.777194412544075619e-01	1.788369991824570737e-01	2.366368729959947848e-01	1.418336384006559370e-01	6.859413456658042252e-02	2.688363367139929433e-02	6.949527992839189816e-02
1.015931744867609382e+03	2.774718336921094819e-01	1.786699224855158030e-01	2.368164848061423411e-01	1.419364243153210803e-01	6.863704707735515664e-02	2.690839189474309584e-02	6.955989572870002746e-02
1.017383075931706003e+03	2.772246621853206028e-01	1.785031154603697601e-01	2.369957812346253634e-01	1.420390237359522856e-01	6.867988616915193800e-02	2.693312399286309708e-02	6.962440722160397055e-02
1.018834406995802851e+03	2.769779258880034623e-01	1.783365777381862860e-01	2.371747628153789977e-01	1.421414370545755479e-01	6.872265197690044514e-02	2.695782997196497291e-02	6.968881455487728471e-02
1.020285738059899245e+03	2.767316239562575553e-01	1.781703089501654735e-01	2.373534300814706399e-01	1.422436646621635103e-01	6.876534463525349472e-02	2.698250983834145703e-02	6.975311787623492132e-02
1.021737069123995752e+03	2.764857555483111184e-01	1.780043087275438862e-01	2.375317835651010456e-01	1.423457069486392113e-01	6.880796427858770770e-02	2.700716359837194991e-02	6.981731733333211565e-02
1.023188400188092373e+03	2.762403198245129143e-01	1.778385767015986663e-01	2.377098237976056072e-01	1.424475643028800254e-01	6.885051104100425867e-02	2.703179125852210596e-02	6.988141307376344313e-02
1.024639731252188767e+03	2.759953159473240714e-01	1.776731125036511982e-01	2.378875513094555472e-01	1.425492371127216051e-01	6.889298505632947267e-02	2.705639282534345880e-02	6.994540524506170920e-02
1.026091062316285615e+03	2.757507430813098126e-01	1.775079157650709116e-01	2.380649666302590561e-01	1.426507257649616278e-01	6.893538645811561616e-02	2.708096830547300840e-02	7.000929399469695003e-02
1.027542393380382237e+03	2.755066003931316843e-01	1.773429861172792499e-01	2.382420702887625974e-01	1.427520306453637089e-01	6.897771537964150768e-02	2.710551770563283600e-02	7.007307947007539173e-02
1.028993724444478858e+03	2.752628870515391735e-01	1.771783231917530843e-01	2.384188628128520171e-01	1.428531521386612324e-01	6.901997195391325335e-02	2.713004103262970854e-02	7.013676181853849279e-02
1.030445055508575479e+03	2.750196022273620478e-01	1.770139266200286832e-01	2.385953447295537377e-01	1.429540906285610147e-01	6.906215631366488528e-02	2.715453829335470054e-02	7.020034118736186157e-02
1.031896386572671872e+03	2.747767450935021949e-01	1.768497960337053199e-01	2.387715165650360349e-01	1.430548464977472456e-01	6.910426859135911093e-02	2.717900949478278816e-02	7.026381772375431267e-02
1.033347717636768493e+03	2.745343148249256293e-01	1.766859310644488257e-01	2.389473788446101754e-01	1.431554201278851524e-01	6.914630891918789601e-02	2.720345464397247448e-02	7.032719157485686767e-02
1.034799048700865114e+03	2.742923105986549426e-01	1.765223313439952812e-01	2.391229320927316382e-01	1.432558118996248020e-01	6.918827742907321388e-02	2.722787374806539401e-02	7.039046288774175597e-02
1.036250379764961508e+03	2.740507315937611432e-01	1.763589965041546248e-01	2.392981768330013082e-01	1.433560221926047651e-01	6.923017425266771163e-02	2.725226681428593103e-02	7.045363180941148495e-02
1.037701710829058356e+03	2.738095769913561628e-01	1.761959261768141494e-01	2.394731135881666417e-01	1.434560513854558628e-01	6.927199952135537631e-02	2.727663384994083798e-02	7.051669848679784081e-02
1.039153041893154750e+03	2.735688459745850287e-01	1.760331199939420554e-01	2.396477428801229437e-01	1.435558998558048582e-01	6.931375336625220096e-02	2.730097486241885030e-02	7.057966306676093093e-02
1.040604372957251599e+03	2.733285377286179818e-01	1.758705775875908928e-01	2.398220652299144773e-01	1.436555679802781205e-01	6.935543591820682308e-02	2.732528985919029790e-02	7.064252569608826804e-02
1.042055704021347992e+03	2.730886514406430376e-01	1.757082985899010297e-01	2.399960811577357411e-01	1.437550561345052325e-01	6.939704730780127395e-02	2.734957884780673740e-02	7.070528652149381255e-02
1.043507035085444613e+03	2.728491862998582707e-01	1.755462826331041504e-01	2.401697911829325516e-01	1.438543646931227382e-01	6.943858766535156157e-02	2.737384183590057044e-02	7.076794568961701504e-02
1.044958366149541234e+03	2.726101414974643200e-01	1.753845293495265856e-01	2.403431958240033195e-01	1.439534940297776400e-01	6.948005712090837838e-02	2.739807883118465168e-02	7.083050334702190032e-02
1.046409697213637855e+03	2.723715162266567846e-01	1.752230383715926709e-01	2.405162955986003270e-01	1.440524445171310619e-01	6.952145580425773963e-02	2.742228984145192797e-02	7.089295964019617924e-02
1.047861028277734476e+03	2.721333096826187847e-01	1.750618093318281887e-01	2.406890910235307546e-01	1.441512165268618861e-01	6.956278384492166345e-02	2.744647487457506016e-02	7.095531471555034664e-02
1.049312359341831097e+03	2.718955210625134122e-01	1.749008418628635320e-01	2.408615826147579575e-01	1.442498104296701666e-01	6.960404137215880915e-02	2.747063393850603802e-02	7.101756871941669602e-02
1.050763690405927491e+03	2.716581495654764589e-01	1.747401355974371462e-01	2.410337708874026597e-01	1.443482265952808763e-01	6.964522851496512956e-02	2.749476704127582286e-02	7.107972179804850077e-02
1.052215021470024112e+03	2.714211943926088666e-01	1.745796901683986935e-01	2.412056563557441746e-01	1.444464653924471820e-01	6.968634540207455097e-02	2.751887419099396589e-02	7.114177409761911208e-02
1.053666352534120733e+03	2.711846547469695112e-01	1.744195052087122999e-01	2.413772395332215159e-01	1.445445271889543304e-01	6.972739216195956991e-02	2.754295539584824051e-02	7.120372576422107080e-02
1.055117683598217127e+03	2.709485298335679304e-01	1.742595803514596919e-01	2.415485209324347293e-01	1.446424123516227567e-01	6.976836892283194702e-02	2.756701066410427101e-02	7.126557694386520536e-02
1.056569014662313975e+03	2.707128188593569407e-01	1.740999152298434438e-01	2.417195010651458920e-01	1.447401212463118314e-01	6.980927581264337323e-02	2.759104000410516483e-02	7.132732778247981298e-02
1.058020345726410369e+03	2.704775210332255875e-01	1.739405094771901694e-01	2.418901804422805002e-01	1.448376542379232190e-01	6.985011295908606643e-02	2.761504342427115177e-02	7.138897842590977150e-02
1.059471676790506763e+03	2.702426355659917623e-01	1.737813627269535199e-01	2.420605595739285243e-01	1.449350116904043473e-01	6.989088048959340993e-02	2.763902093309920927e-02	7.145052901991572059e-02
1.060923007854603611e+03	2.700081616703952081e-01	1.736224746127172647e-01	2.422306389693456574e-01	1.450321939667518489e-01	6.993157853134061852e-02	2.766297253916270155e-02	7.151197971017317356e-02
1.062374338918700232e+03	2.697740985610904141e-01	1.734638447681985385e-01	2.424004191369545091e-01	1.451292014290149479e-01	6.997220721124540466e-02	2.768689825111101885e-02	7.157333064227169861e-02
1.063825669982796853e+03	2.695404454546393436e-01	1.733054728272506173e-01	2.425699005843457712e-01	1.452260344382989565e-01	7.001276665596853355e-02	2.771079807766920269e-02	7.163458196171408610e-02
1.065277001046893474e+03	2.693072015695047727e-01	1.731473584238661101e-01	2.427390838182794386e-01	1.453226933547685229e-01	7.005325699191453093e-02	2.773467202763760589e-02	7.169573381391554368e-02
1.066728332110990095e+03	2.690743661260429076e-01	1.729895011921799008e-01	2.429079693446860033e-01	1.454191785376510448e-01	7.009367834523227980e-02	2.775852010989152477e-02	7.175678634420283586e-02
1.068179663175086489e+03	2.688419383464966672e-01	1.728319007664720353e-01	2.430765576686676199e-01	1.455154903452401671e-01	7.013403084181565883e-02	2.778234233338082448e-02	7.181773969781353462e-02
1.069630994239183110e+03	2.686099174549887447e-01	1.726745567811707460e-01	2.432448492944992158e-01	1.456116291348988623e-01	7.017431460730418069e-02	2.780613870712960595e-02	7.187859401989515895e-02
1.071082325303279504e+03	2.683783026775145575e-01	1.725174688708552839e-01	2.434128447256298788e-01	1.457075952630629556e-01	7.021452976708358884e-02	2.782990924023583112e-02	7.193934945550439775e-02
1.072533656367376352e+03	2.681470932419356412e-01	1.723606366702587767e-01	2.435805444646838014e-01	1.458033890852444003e-01	7.025467644628655139e-02	2.785365394187097957e-02	7.200000614960637424e-02
1.073984987431472746e+03	2.679162883779726001e-01	1.722040598142711432e-01	2.437479490134616955e-01	1.458990109560344417e-01	7.029475476979316073e-02	2.787737282127969105e-02	7.206056424707375785e-02
1.075436318495569594e+03	2.676858873171985009e-01	1.720477379379419247e-01	2.439150588729418756e-01	1.459944612291070309e-01	7.033476486223169677e-02	2.790106588777940821e-02	7.212102389268607028e-02
1.076887649559666215e+03	2.674558892930320453e-01	1.718916706764830049e-01	2.440818745432813408e-01	1.460897402572220449e-01	7.037470684797912657e-02	2.792473315076002618e-02	7.218138523112889449e-02
1.078338980623762609e+03	2.672262935407308526e-01	1.717358576652714686e-01	2.442483965238171906e-01	1.461848483922285058e-01	7.041458085116178434e-02	2.794837461968355599e-02	7.224164840699311141e-02
1.079790311687859230e+03	2.669970992973849100e-01	1.715802985398522662e-01	2.444146253130676238e-01	1.462797859850678006e-01	7.045438699565596818e-02	2.797199030408375336e-02	7.230181356477413668e-02
1.081241642751955851e+03	2.667683058019097442e-01	1.714249929359410174e-01	2.445805614087331881e-01	1.463745533857770120e-01	7.049412540508856462e-02	2.799558021356578219e-02	7.236188084887118510e-02
1.082692973816052472e+03	2.665399122950399824e-01	1.712699404894266753e-01	2.447462053076979449e-01	1.464691509434918881e-01	7.053379620283764528e-02	2.801914435780587451e-02	7.242185040358650738e-02
1.084144304880149093e+03	2.663119180193226909e-01	1.711151408363741633e-01	2.449115575060306638e-01	1.465635790064502841e-01	7.057339951203306372e-02	2.804268274655096968e-02	7.248172237312468236e-02
1.085595635944245487e+03	2.660843222191108803e-01	1.709605936130270953e-01	2.450766184989860430e-01	1.466578379219951600e-01	7.061293545555712148e-02	2.806619538961837787e-02	7.254149690159185371e-02
1.087046967008342108e+03	2.658571241405568997e-01	1.708062984558104125e-01	2.452413887810058202e-01	1.467519280365777723e-01	7.065240415604506774e-02	2.808968229689544349e-02	7.260117413299502220e-02
1.088498298072438729e+03	2.656303230316063857e-01	1.706522550013328809e-01	2.454058688457199933e-01	1.468458496957608661e-01	7.069180573588582095e-02	2.811314347833918093e-02	7.266075421124136569e-02
1.089949629136535123e+03	2.654039181419911020e-01	1.704984628863897567e-01	2.455700591859480419e-01	1.469396032442217559e-01	7.073114031722246842e-02	2.813657894397595879e-02	7.272023728013744803e-02
1.091400960200631971e+03	2.651779087232231658e-01	1.703449217479653111e-01	2.457339602937000100e-01	1.470331890257554341e-01	7.077040802195291858e-02	2.815998870390114955e-02	7.277962348338859466e-02
1.092852291264728365e+03	2.649522940285884420e-01	1.701916312232353568e-01	2.458975726601776990e-01	1.471266073832776522e-01	7.080960897173051161e-02	2.818337276827877907e-02	7.283891296459812925e-02
1.094303622328825213e+03	2.647270733131402154e-01	1.700385909495698289e-01	2.460608967757759447e-01	1.472198586588280567e-01	7.084874328796457454e-02	2.820673114734121092e-02	7.289810586726673536e-02
1.095754953392921607e+03	2.645022458336929727e-01	1.698858005645351721e-01	2.462239331300837275e-01	1.473129431935732148e-01	7.088781109182103191e-02	2.823006385138879248e-02	7.295720233479170702e-02
1.097206284457018228e+03	2.642778108488158528e-01	1.697332597058968107e-01	2.463866822118853106e-01	1.474058613278096674e-01	7.092681250422297468e-02	2.825337089078952535e-02	7.301620251046635202e-02
1.098657615521114849e+03	2.640537676188269289e-01	1.695809680116217022e-01	2.465491445091615719e-01	1.474986134009669825e-01	7.096574764585132644e-02	2.827665227597872880e-02	7.307510653747927021e-02
1.100108946585211470e+03	2.638301154057864917e-01	1.694289251198805857e-01	2.467113205090909200e-01	1.475911997516108631e-01	7.100461663714531524e-02	2.829990801745871365e-02	7.313391455891364579e-02
1.101560277649308091e+03	2.636068534734910540e-01	1.692771306690505351e-01	2.468732106980507102e-01	1.476836207174459237e-01	7.104341959830315356e-02	2.832313812579844575e-02	7.319262671774666440e-02
1.103011608713404712e+03	2.633839810874674670e-01	1.691255842977171797e-01	2.470348155616183261e-01	1.477758766353188813e-01	7.108215664928257960e-02	2.834634261163320595e-02	7.325124315684883314e-02
1.104462939777501106e+03	2.631614975149663138e-01	1.689742856446772579e-01	2.471961355845723185e-01	1.478679678412215537e-01	7.112082790980148173e-02	2.836952148566427440e-02	7.330976401898328665e-02
1.105914270841597499e+03	2.629394020249563035e-01	1.688232343489406984e-01	2.473571712508936260e-01	1.479598946702936901e-01	7.115943349933838424e-02	2.839267475865859050e-02	7.336818944680520427e-02
1.107365601905694348e+03	2.627176938881179424e-01	1.686724300497331186e-01	2.475179230437667688e-01	1.480516574568260801e-01	7.119797353713309962e-02	2.841580244144843378e-02	7.342651958286110225e-02
1.108816932969790741e+03	2.624963723768375390e-01	1.685218723864980450e-01	2.476783914455809033e-01	1.481432565342633290e-01	7.123644814218732524e-02	2.843890454493109426e-02	7.348475456958829255e-02
1.110268264033887590e+03	2.622754367652013752e-01	1.683715609988991058e-01	2.478385769379311265e-01	1.482346922352069662e-01	7.127485743326515688e-02	2.846198108006854632e-02	7.354289454931416115e-02
1.111719595097984211e+03	2.620548863289896557e-01	1.682214955268224177e-01	2.479984800016196145e-01	1.483259648914182216e-01	7.131320152889371322e-02	2.848503205788711912e-02	7.360093966425562684e-02
1.113170926162080832e+03	2.618347203456704575e-01	1.680716756103787513e-01	2.481581011166567319e-01	1.484170748338210222e-01	7.135148054736364931e-02	2.850805748947718085e-02	7.365889005651846122e-02
1.114622257226177226e+03	2.616149380943942337e-01	1.679221008899056122e-01	2.483174407622622815e-01	1.485080223925047960e-01	7.138969460672978107e-02	2.853105738599281613e-02	7.371674586809673357e-02
1.116073588290273847e+03	2.613955388559874304e-01	1.677727710059695732e-01	2.484764994168665586e-01	1.485988078967273585e-01	7.142784382481162653e-02	2.855403175865149634e-02	7.377450724087220024e-02
1.117524919354370468e+03	2.611765219129469351e-01	1.676236855993683827e-01	2.486352775581116559e-01	1.486894316749178546e-01	7.146592831919397482e-02	2.857698061873377438e-02	7.383217431661363850e-02
1.118976250418467089e+03	2.609578865494343591e-01	1.674748443111330476e-01	2.487937756628525732e-01	1.487798940546795345e-01	7.150394820722744127e-02	2.859990397758294459e-02	7.388974723697631919e-02
1.120427581482563710e+03	2.607396320512700427e-01	1.673262467825300526e-01	2.489519942071583003e-01	1.488701953627926122e-01	7.154190360602905030e-02	2.862280184660475138e-02	7.394722614350143775e-02
1.121878912546660331e+03	2.605217577059273926e-01	1.671778926550633870e-01	2.491099336663131214e-01	1.489603359252170689e-01	7.157979463248277663e-02	2.864567423726704226e-02	7.400461117761547580e-02
1.123330243610756725e+03	2.603042628025272198e-01	1.670297815704765987e-01	2.492675945148176697e-01	1.490503160670955396e-01	7.161762140324010040e-02	2.866852116109947987e-02	7.406190248062964609e-02
1.124781574674853118e+03	2.600871466318321334e-01	1.668819131707549308e-01	2.494249772263900933e-01	1.491401361127559777e-01	7.165538403472061779e-02	2.869134262969320892e-02	7.411910019373933733e-02
1.126232905738949967e+03	2.598704084862404895e-01	1.667342870981273206e-01	2.495820822739673595e-01	1.492297963857145415e-01	7.169308264311248513e-02	2.871413865470055088e-02	7.417620445802351747e-02
1.127684236803046360e+03	2.596540476597812286e-01	1.665869029950683977e-01	2.497389101297061986e-01	1.493192972086783699e-01	7.173071734437309888e-02	2.873690924783468478e-02	7.423321541444420635e-02
1.129135567867143209e+03	2.594380634481080472e-01	1.664397605043005379e-01	2.498954612649844920e-01	1.494086389035482465e-01	7.176828825422955360e-02	2.875965442086934540e-02	7.429013320384589281e-02
1.130586898931239830e+03	2.592224551484939021e-01	1.662928592687957230e-01	2.500517361504022151e-01	1.494978217914214869e-01	7.180579548817923874e-02	2.878237418563850056e-02	7.434695796695504899e-02
1.132038229995336451e+03	2.590072220598253483e-01	1.661461989317775667e-01	2.502077352557827705e-01	1.495868461925945192e-01	7.184323916149036593e-02	2.880506855403605626e-02	7.440368984437947808e-02
1.133489561059432845e+03	2.587923634825970431e-01	1.659997791367233411e-01	2.503634590501739865e-01	1.496757124265657157e-01	7.188061938920253802e-02	2.882773753801553401e-02	7.446032897660787020e-02
1.134940892123529466e+03	2.585778787189064731e-01	1.658535995273657804e-01	2.505189080018494496e-01	1.497644208120381126e-01	7.191793628612724865e-02	2.885038114958976899e-02	7.451687550400919180e-02
1.136392223187626087e+03	2.583637670724481250e-01	1.657076597476950519e-01	2.506740825783095317e-01	1.498529716669219913e-01	7.195518996684845126e-02	2.887299940083061164e-02	7.457332956683226932e-02
1.137843554251722708e+03	2.581500278485084343e-01	1.655619594419605600e-01	2.508289832462824998e-01	1.499413653083376541e-01	7.199238054572314194e-02	2.889559230386860161e-02	7.462969130520512306e-02
1.139294885315819101e+03	2.579366603539600122e-01	1.654164982546728613e-01	2.509836104717259597e-01	1.500296020526180607e-01	7.202950813688183129e-02	2.891815987089269013e-02	7.468596085913457860e-02
1.140746216379915950e+03	2.577236638972566496e-01	1.652712758306054963e-01	2.511379647198276333e-01	1.501176822153115487e-01	7.206657285422909953e-02	2.894070211414991739e-02	7.474213836850564230e-02
1.142197547444012343e+03	2.575110377884275437e-01	1.651262918147969327e-01	2.512920464550066346e-01	1.502056061111844421e-01	7.210357481144417935e-02	2.896321904594511415e-02	7.479822397308109883e-02
1.143648878508108737e+03	2.572987813390723577e-01	1.649815458525521195e-01	2.514458561409148585e-01	1.502933740542236329e-01	7.214051412198142776e-02	2.898571067864060685e-02	7.485421781250094220e-02
1.145100209572205586e+03	2.570868938623556144e-01	1.648370375894445128e-01	2.515993942404378125e-01	1.503809863576393013e-01	7.217739089907086736e-02	2.900817702465590883e-02	7.491012002628186228e-02
1.146551540636302207e+03	2.568753746730015886e-01	1.646927666713177696e-01	2.517526612156959498e-01	1.504684433338674687e-01	7.221420525571879689e-02	2.903061809646742888e-02	7.496593075381682847e-02
1.148002871700398828e+03	2.566642230872892005e-01	1.645487327442874403e-01	2.519056575280457788e-01	1.505557452945726349e-01	7.225095730470819377e-02	2.905303390660817289e-02	7.502165013437450680e-02
1.149454202764495449e+03	2.564534384230462982e-01	1.644049354547428010e-01	2.520583836380808074e-01	1.506428925506503314e-01	7.228764715859931078e-02	2.907542446766744199e-02	7.507727830709887140e-02
1.150905533828591842e+03	2.562430199996449942e-01	1.642613744493485461e-01	2.522108400056331523e-01	1.507298854122297305e-01	7.232427492973024508e-02	2.909778979229053417e-02	7.513281541100862160e-02
1.152356864892688463e+03	2.560329671379962813e-01	1.641180493750464542e-01	2.523630270897742611e-01	1.508167241886761711e-01	7.236084073021735452e-02	2.912012989317845288e-02	7.518826158499682111e-02
1.153808195956785084e+03	2.558232791605448697e-01	1.639749598790570806e-01	2.525149453488161333e-01	1.509034091885937678e-01	7.239734467195588219e-02	2.914244478308762598e-02	7.524361696783035680e-02
1.155259527020881706e+03	2.556139553912640250e-01	1.638321056088815064e-01	2.526665952403127635e-01	1.509899407198279642e-01	7.243378686662042820e-02	2.916473447482958309e-02	7.529888169814948073e-02
1.156710858084978327e+03	2.554049951556506270e-01	1.636894862123028649e-01	2.528179772210608633e-01	1.510763190894679198e-01	7.247016742566546321e-02	2.918699898127069189e-02	7.535405591446733831e-02
1.158162189149074720e+03	2.551963977807198969e-01	1.635471013373880622e-01	2.529690917471012490e-01	1.511625446038492304e-01	7.250648646032585576e-02	2.920923831533184939e-02	7.540913975516960743e-02
1.159613520213171569e+03	2.549881625950006225e-01	1.634049506324893319e-01	2.531199392737198961e-01	1.512486175685563150e-01	7.254274408161739962e-02	2.923145248998820431e-02	7.546413335851388793e-02
1.161064851277267962e+03	2.547802889285298855e-01	1.632630337462459003e-01	2.532705202554492718e-01	1.513345382884249690e-01	7.257894040033732730e-02	2.925364151826885528e-02	7.551903686262942395e-02
1.162516182341364356e+03	2.545727761128481204e-01	1.631213503275855403e-01	2.534208351460691122e-01	1.514203070675448071e-01	7.261507552706479574e-02	2.927580541325657329e-02	7.557385040551653499e-02
1.163967513405461204e+03	2.543656234809943406e-01	1.629799000257261821e-01	2.535708843986079764e-01	1.515059242092617886e-01	7.265114957216144143e-02	2.929794418808751022e-02	7.562857412504626897e-02
1.165418844469557826e+03	2.541588303675009208e-01	1.628386824901773278e-01	2.537206684653440236e-01	1.515913900161805772e-01	7.268716264577185227e-02	2.932005785595091091e-02	7.568320815895988873e-02
1.166870175533654447e+03	2.539523961083888226e-01	1.626976973707417451e-01	2.538701877978063459e-01	1.516767047901671772e-01	7.272311485782408103e-02	2.934214643008883905e-02	7.573775264486849734e-02
1.168321506597751068e+03	2.537463200411627096e-01	1.625569443175168827e-01	2.540194428467760224e-01	1.517618688323512377e-01	7.275900631803017271e-02	2.936420992379587189e-02	7.579220772025263564e-02
1.169772837661847461e+03	2.535406015048059514e-01	1.624164229808964521e-01	2.541684340622873406e-01	1.518468824431284947e-01	7.279483713588665028e-02	2.938624835041883307e-02	7.584657352246179651e-02
1.171224168725944082e+03	2.533352398397759608e-01	1.622761330115718714e-01	2.543171618936288514e-01	1.519317459221632138e-01	7.283060742067501425e-02	2.940826172335651509e-02	7.590085018871406408e-02
1.172675499790040703e+03	2.531302343879992534e-01	1.621360740605336803e-01	2.544656267893445345e-01	1.520164595683906328e-01	7.286631728146228393e-02	2.943025005605938091e-02	7.595503785609568348e-02
1.174126830854137097e+03	2.529255844928665620e-01	1.619962457790731225e-01	2.546138291972349088e-01	1.521010236800193482e-01	7.290196682710145537e-02	2.945221336202929335e-02	7.600913666156067228e-02
1.175578161918233945e+03	2.527212894992283410e-01	1.618566478187834501e-01	2.547617695643582536e-01	1.521854385545337029e-01	7.293755616623200100e-02	2.947415165481923754e-02	7.606314674193040415e-02
1.177029492982330339e+03	2.525173487533896588e-01	1.617172798315614779e-01	2.549094483370316078e-01	1.522697044886960338e-01	7.297308540728039694e-02	2.949606494803303988e-02	7.611706823389319254e-02
1.178480824046426733e+03	2.523137616031057018e-01	1.615781414696088047e-01	2.550568659608319355e-01	1.523538217785493365e-01	7.300855465846058101e-02	2.951795325532509742e-02	7.617090127400392985e-02
1.179932155110523581e+03	2.521105273975770555e-01	1.614392323854334510e-01	2.552040228805972921e-01	1.524377907194193194e-01	7.304396402777449393e-02	2.953981659040007951e-02	7.622464599868372659e-02
1.181383486174620202e+03	2.519076454874448756e-01	1.613005522318511076e-01	2.553509195404279342e-01	1.525216116059169291e-01	7.307931362301249567e-02	2.956165496701268144e-02	7.627830254421945344e-02
1.182834817238716823e+03	2.517051152247862800e-01	1.611621006619864682e-01	2.554975563836873742e-01	1.526052847319406269e-01	7.311460355175394832e-02	2.958346839896732958e-02	7.633187104676342205e-02
1.184286148302813444e+03	2.515029359631097972e-01	1.610238773292746173e-01	2.556439338530037131e-01	1.526888103906787475e-01	7.314983392136766016e-02	2.960525690011792110e-02	7.638535164233298258e-02
1.185737479366910065e+03	2.513011070573506478e-01	1.608858818874623620e-01	2.557900523902705281e-01	1.527721888746117751e-01	7.318500483901237141e-02	2.962702048436753263e-02	7.643874446681016288e-02
1.187188810431006686e+03	2.510996278638663037e-01	1.607481139906096201e-01	2.559359124366480387e-01	1.528554204755147028e-01	7.322011641163722606e-02	2.964875916566817385e-02	7.649204965594127992e-02
1.188640141495103080e+03	2.508984977404316585e-01	1.606105732930905861e-01	2.560815144325643833e-01	1.529385054844592251e-01	7.325516874598229922e-02	2.967047295802049955e-02	7.654526734533663446e-02
1.190091472559199701e+03	2.506977160462347531e-01	1.604732594495950626e-01	2.562268588177165629e-01	1.530214441918162083e-01	7.329016194857905508e-02	2.969216187547354252e-02	7.659839767047008086e-02
1.191542803623296322e+03	2.504972821418720019e-01	1.603361721151298769e-01	2.563719460310717180e-01	1.531042368872577997e-01	7.332509612575081881e-02	2.971382593212444287e-02	7.665144076667869399e-02
1.192994134687392716e+03	2.502971953893438073e-01	1.601993109450199348e-01	2.565167765108680165e-01	1.531868838597597038e-01	7.335997138361326220e-02	2.973546514211818786e-02	7.670439676916246396e-02
1.194445465751489564e+03	2.500974551520500078e-01	1.600626755949096369e-01	2.566613506946159862e-01	1.532693853976035692e-01	7.339478782807493107e-02	2.975707951964734130e-02	7.675726581298389362e-02
1.195896796815585958e+03	2.498980607947855481e-01	1.599262657207639882e-01	2.568056690190996250e-01	1.533517417883791534e-01	7.342954556483763384e-02	2.977866907895176940e-02	7.681004803306769324e-02
1.197348127879682352e+03	2.496990116837358997e-01	1.597900809788699306e-01	2.569497319203773444e-01	1.534339533189864602e-01	7.346424469939699664e-02	2.980023383431840145e-02	7.686274356420037812e-02
1.198799458943779200e+03	2.495003071864726751e-01	1.596541210258374532e-01	2.570935398337833022e-01	1.535160202756381542e-01	7.349888533704289351e-02	2.982177380008092099e-02	7.691535254103003261e-02
1.200250790007875821e+03	2.493019466719492983e-01	1.595183855186008137e-01	2.572370931939282346e-01	1.535979429438616706e-01	7.353346758285995988e-02	2.984328899061954726e-02	7.696787509806592154e-02
1.201702121071972442e+03	2.491039295104965079e-01	1.593828741144196759e-01	2.573803924347008443e-01	1.536797216085014628e-01	7.356799154172799504e-02	2.986477942036075070e-02	7.702031136967815717e-02
1.203153452136069063e+03	2.489062550738180835e-01	1.592475864708804700e-01	2.575234379892688552e-01	1.537613565537211124e-01	7.360245731832250338e-02	2.988624510377699620e-02	7.707266149009736611e-02
1.204604783200165684e+03	2.487089227349864595e-01	1.591125222458973087e-01	2.576662302900799562e-01	1.538428480630056605e-01	7.363686501711513843e-02	2.990768605538646902e-02	7.712492559341442566e-02
1.206056114264262078e+03	2.485119318684383960e-01	1.589776810977132082e-01	2.578087697688630220e-01	1.539241964191636891e-01	7.367121474237416090e-02	2.992910228975284234e-02	7.717710381358008909e-02
1.207507445328358699e+03	2.483152818499707593e-01	1.588430626849012262e-01	2.579510568566292239e-01	1.540054019043295142e-01	7.370550659816489658e-02	2.995049382148500319e-02	7.722919628440472195e-02
1.208958776392455093e+03	2.481189720567361645e-01	1.587086666663655721e-01	2.580930919836732507e-01	1.540864647999654058e-01	7.373974068835024986e-02	2.997186066523678180e-02	7.728120313955795517e-02
1.210410107456551941e+03	2.479230018672387015e-01	1.585744927013427175e-01	2.582348755795741413e-01	1.541673853868635591e-01	7.377391711659110618e-02	2.999320283570671916e-02	7.733312451256837972e-02
1.211861438520648335e+03	2.477273706613298543e-01	1.584405404494024783e-01	2.583764080731966173e-01	1.542481639451484809e-01	7.380803598634683160e-02	3.001452034763779989e-02	7.738496053682329678e-02
1.213312769584745183e+03	2.475320778202040606e-01	1.583068095704490141e-01	2.585176898926920264e-01	1.543288007542789053e-01	7.384209740087571694e-02	3.003581321581718852e-02	7.743671134556838476e-02
1.214764100648841804e+03	2.473371227263946870e-01	1.581732997247219941e-01	2.586587214654996192e-01	1.544092960930500968e-01	7.387610146323543570e-02	3.005708145507599710e-02	7.748837707190736612e-02
1.216215431712937971e+03	2.471425047637697547e-01	1.580400105727976512e-01	2.587995032183476041e-01	1.544896502395958493e-01	7.391004827628354368e-02	3.007832508028900412e-02	7.753995784880179931e-02
1.217666762777034819e+03	2.469482233175278596e-01	1.579069417755896987e-01	2.589400355772540907e-01	1.545698634713905673e-01	7.394393794267786757e-02	3.009954410637442207e-02	7.759145380907074563e-02
1.219118093841131440e+03	2.467542777741939530e-01	1.577740929943504122e-01	2.590803189675282558e-01	1.546499360652515420e-01	7.397777056487700453e-02	3.012073854829364419e-02	7.764286508539045006e-02
1.220569424905228061e+03	2.465606675216152621e-01	1.576414638906716847e-01	2.592203538137716201e-01	1.547298682973407558e-01	7.401154624514073854e-02	3.014190842105098772e-02	7.769419181029416088e-02
1.222020755969324682e+03	2.463673919489572373e-01	1.575090541264859978e-01	2.593601405398789361e-01	1.548096604431672407e-01	7.404526508553058162e-02	3.016305373969344755e-02	7.774543411617176880e-02
1.223472087033421303e+03	2.461744504466993888e-01	1.573768633640674486e-01	2.594996795690392433e-01	1.548893127775889944e-01	7.407892718791007913e-02	3.018417451931044299e-02	7.779659213526957107e-02
1.224923418097517697e+03	2.459818424066312903e-01	1.572448912660325548e-01	2.596389713237371999e-01	1.549688255748150889e-01	7.411253265394542045e-02	3.020527077503356791e-02	7.784766599968999390e-02
1.226374749161614318e+03	2.457895672218484706e-01	1.571131374953413928e-01	2.597780162257541936e-01	1.550481991084076416e-01	7.414608158510575808e-02	3.022634252203635491e-02	7.789865584139134269e-02
1.227826080225710712e+03	2.455976242867484727e-01	1.569816017152985133e-01	2.599168146961688963e-01	1.551274336512840080e-01	7.417957408266369346e-02	3.024738977553402541e-02	7.794956179218749670e-02
1.229277411289807560e+03	2.454060129970267179e-01	1.568502835895538849e-01	2.600553671553591517e-01	1.552065294757186686e-01	7.421301024769579036e-02	3.026841255078323301e-02	7.800038398374770088e-02
1.230728742353903954e+03	2.452147327496727036e-01	1.567191827821037553e-01	2.601936740230022527e-01	1.552854868533453114e-01	7.424639018108292188e-02	3.028941086308183442e-02	7.805112254759631607e-02
1.232180073418000802e+03	2.450237829429658398e-01	1.565882989572916217e-01	2.603317357180768288e-01	1.553643060551589128e-01	7.427971398351077004e-02	3.031038472776862933e-02	7.810177761511248595e-02
1.233631404482097196e+03	2.448331629764717021e-01	1.564576317798090643e-01	2.604695526588632903e-01	1.554429873515176808e-01	7.431298175547022822e-02	3.033133416022313136e-02	7.815234931752997050e-02
1.235082735546193817e+03	2.446428722510380072e-01	1.563271809146967173e-01	2.606071252629452162e-01	1.555215310121449979e-01	7.434619359725788690e-02	3.035225917586532873e-02	7.820283778593691004e-02
1.236534066610290438e+03	2.444529101687905881e-01	1.561969460273451848e-01	2.607444539472103529e-01	1.555999373061315305e-01	7.437934960897644998e-02	3.037315979015542747e-02	7.825324315127550612e-02
1.237985397674387059e+03	2.442632761331296753e-01	1.560669267834957630e-01	2.608815391278518359e-01	1.556782065019371164e-01	7.441244989053516501e-02	3.039403601859361551e-02	7.830356554434182714e-02
1.239436728738483680e+03	2.440739695487258998e-01	1.559371228492414663e-01	2.610183812203690779e-01	1.557563388673928184e-01	7.444549454165026725e-02	3.041488787671983718e-02	7.835380509578560027e-02
1.240888059802580301e+03	2.438849898215165457e-01	1.558075338910277774e-01	2.611549806395688789e-01	1.558343346697028398e-01	7.447848366184540991e-02	3.043571538011353300e-02	7.840396193610993381e-02
1.242339390866676695e+03	2.436963363587016096e-01	1.556781595756534242e-01	2.612913377995667585e-01	1.559121941754464946e-01	7.451141735045210823e-02	3.045651854439342804e-02	7.845403619567112297e-02
1.243790721930773088e+03	2.435080085687399976e-01	1.555489995702713235e-01	2.614274531137875668e-01	1.559899176505801233e-01	7.454429570661016968e-02	3.047729738521726475e-02	7.850402800467838615e-02
1.245242052994869937e+03	2.433200058613457784e-01	1.554200535423893859e-01	2.615633269949671491e-01	1.560675053604391183e-01	7.457711882926812419e-02	3.049805191828159484e-02	7.855393749319369845e-02
1.246693384058966330e+03	2.431323276474843254e-01	1.552913211598712095e-01	2.616989598551528462e-01	1.561449575697397840e-01	7.460988681718364046e-02	3.051878215932151903e-02	7.860376479113150017e-02
1.248144715123063179e+03	2.429449733393686528e-01	1.551628020909370242e-01	2.618343521057049372e-01	1.562222745425812520e-01	7.464259976892399784e-02	3.053948812411048236e-02	7.865351002825853033e-02
1.249596046187159800e+03	2.427579423504555023e-01	1.550344960041643294e-01	2.619695041572974725e-01	1.562994565424475069e-01	7.467525778286641935e-02	3.056016982846000707e-02	7.870317333419363237e-02
1.251047377251256421e+03	2.425712340954416513e-01	1.549064025684887547e-01	2.621044164199197168e-01	1.563765038322091627e-01	7.470786095719861297e-02	3.058082728821947746e-02	7.875275483840747659e-02
1.252498708315352815e+03	2.423848479902603326e-01	1.547785214532048093e-01	2.622390893028768710e-01	1.564534166741253784e-01	7.474040938991910465e-02	3.060146051927591787e-02	7.880225467022240748e-02
1.253950039379449436e+03	2.421987834520773764e-01	1.546508523279666314e-01	2.623735232147912377e-01	1.565301953298458837e-01	7.477290317883775184e-02	3.062206953755374286e-02	7.885167295881223559e-02
1.255401370443546057e+03	2.420130398992875742e-01	1.545233948627886544e-01	2.625077185636033317e-01	1.566068400604126720e-01	7.480534242157606262e-02	3.064265435901453866e-02	7.890100983320202932e-02
1.256852701507642678e+03	2.418276167515110986e-01	1.543961487280464118e-01	2.626416757565728788e-01	1.566833511262620549e-01	7.483772721556770924e-02	3.066321499965682373e-02	7.895026542226787902e-02
1.258304032571739299e+03	2.416425134295896449e-01	1.542691135944773140e-01	2.627753952002799820e-01	1.567597287872264100e-01	7.487005765805886115e-02	3.068375147551583373e-02	7.899943985473678598e-02
1.259755363635835920e+03	2.414577293555830451e-01	1.541422891331812317e-01	2.629088773006260649e-01	1.568359733025360969e-01	7.490233384610871237e-02	3.070426380266327859e-02	7.904853325918638485e-02
1.261206694699932314e+03	2.412732639527654377e-01	1.540156750156212173e-01	2.630421224628350929e-01	1.569120849308212884e-01	7.493455587658977290e-02	3.072475199720712397e-02	7.909754576404481874e-02
1.262658025764028707e+03	2.410891166456217982e-01	1.538892709136243098e-01	2.631751310914545172e-01	1.569880639301138581e-01	7.496672384618839613e-02	3.074521607529136571e-02	7.914647749759050332e-02
1.264109356828125556e+03	2.409052868598442754e-01	1.537630764993820065e-01	2.633079035903563292e-01	1.570639105578491290e-01	7.499883785140512571e-02	3.076565605309580786e-02	7.919532858795198804e-02
1.265560687892221949e+03	2.407217740223286939e-01	1.536370914454512071e-01	2.634404403627382263e-01	1.571396250708677889e-01	7.503089798855513970e-02	3.078607194683582321e-02	7.924409916310774793e-02
1.267012018956318798e+03	2.405385775611708910e-01	1.535113154247546019e-01	2.635727418111246112e-01	1.572152077254176938e-01	7.506290435376865300e-02	3.080646377276214168e-02	7.929278935088601710e-02
1.268463350020415419e+03	2.403556969056633297e-01	1.533857481105815324e-01	2.637048083373675911e-01	1.572906587771556730e-01	7.509485704299131981e-02	3.082683154716062829e-02	7.934139927896458055e-02
1.269914681084511813e+03	2.401731314862914080e-01	1.532603891765884907e-01	2.638366403426480322e-01	1.573659784811492490e-01	7.512675615198464996e-02	3.084717528635205763e-02	7.938992907487069095e-02
1.271366012148608434e+03	2.399908807347301831e-01	1.531352382967997861e-01	2.639682382274767258e-01	1.574411670918786366e-01	7.515860177632642525e-02	3.086749500669188490e-02	7.943837886598079101e-02
1.272817343212705055e+03	2.398089440838405972e-01	1.530102951456082938e-01	2.640996023916954982e-01	1.575162248632384077e-01	7.519039401141111578e-02	3.088779072457004463e-02	7.948674877952044415e-02
1.274268674276801676e+03	2.396273209676662297e-01	1.528855593977758165e-01	2.642307332344779880e-01	1.575911520485392403e-01	7.522213295245029629e-02	3.090806245641070787e-02	7.953503894256409856e-02
1.275720005340898297e+03	2.394460108214297167e-01	1.527610307284339164e-01	2.643616311543309783e-01	1.576659489005097781e-01	7.525381869447296534e-02	3.092831021867208444e-02	7.958324948203496230e-02
1.277171336404994690e+03	2.392650130815292819e-01	1.526367088130843874e-01	2.644922965490951738e-01	1.577406156712984064e-01	7.528545133232605879e-02	3.094853402784619040e-02	7.963138052470483674e-02
1.278622667469091539e+03	2.390843271855354890e-01	1.525125933275998380e-01	2.646227298159466446e-01	1.578151526124748627e-01	7.531703096067479675e-02	3.096873390045862956e-02	7.967943219719395009e-02
1.280073998533187932e+03	2.389039525721876611e-01	1.523886839482244404e-01	2.647529313513974913e-01	1.578895599750322065e-01	7.534855767400311377e-02	3.098890985306838874e-02	7.972740462597084632e-02
1.281525329597284326e+03	2.387238886813904948e-01	1.522649803515742084e-01	2.648829015512971785e-01	1.579638380093884853e-01	7.538003156661400583e-02	3.100906190226760881e-02	7.977529793735220476e-02
1.282976660661381175e+03	2.385441349542107847e-01	1.521414822146378021e-01	2.650126408108331444e-01	1.580379869653883718e-01	7.541145273263000215e-02	3.102919006468138688e-02	7.982311225750267358e-02
1.284427991725477568e+03	2.383646908328738989e-01	1.520181892147769442e-01	2.651421495245324667e-01	1.581120070923050513e-01	7.544282126599351213e-02	3.104929435696753698e-02	7.987084771243474490e-02
1.285879322789574417e+03	2.381855557607605867e-01	1.518951010297269755e-01	2.652714280862623619e-01	1.581858986388418598e-01	7.547413726046722782e-02	3.106937479581639572e-02	7.991850442800864374e-02
1.287330653853671038e+03	2.380067291824035647e-01	1.517722173375974648e-01	2.654004768892316291e-01	1.582596618531340593e-01	7.550540080963456802e-02	3.108943139795061414e-02	7.996608252993213373e-02
1.288781984917767431e+03	2.378282105434841309e-01	1.516495378168726538e-01	2.655292963259914263e-01	1.583332969827504488e-01	7.553661200690001132e-02	3.110946418012491832e-02	8.001358214376043387e-02
1.290233315981864052e+03	2.376499992908290282e-01	1.515270621464119283e-01	2.656578867884363260e-01	1.584068042746952232e-01	7.556777094548949858e-02	3.112947315912592897e-02	8.006100339489605200e-02
