1.001418434226643626e+03	2.801202565528805311e-01	1.802196022591845137e-01	2.350025864468579251e-01	1.408847919953343797e-01	6.820666117239267134e-02	2.666617195771783452e-02	6.889992961551803796e-02
1.002869765290740247e+03	2.798692524840761808e-01	1.800495853270414615e-01	2.351850621995217328e-01	1.409892093940959268e-01	6.825023135449602429e-02	2.669125247448455793e-02	6.896540676617002319e-02
1.004321096354836754e+03	2.796186886655611104e-01	1.798798443822820781e-01	2.353672181073080960e-01	1.410934370912497737e-01	6.829372685541258703e-02	2.671630688941670217e-02	6.903077800865548008e-02
1.005772427418933376e+03	2.793685642406047998e-01	1.797103790486706543e-01	2.355490547129694412e-01	1.411974754870858606e-01	6.833714781229253965e-02	2.674133520593209926e-02	6.909604349233042231e-02
1.007223758483029997e+03	2.791188783547562946e-01	1.795411889499066715e-01	2.357305725583681288e-01	1.413013249807955618e-01	6.838049436200485665e-02	2.676633742755012146e-02	6.916120336650415090e-02
1.008675089547126618e+03	2.788696301558344914e-01	1.793722737096301867e-01	2.359117721844776194e-01	1.414049859704761269e-01	6.842376664113808404e-02	2.679131355789123384e-02	6.922625778043800526e-02
1.010126420611223239e+03	2.786208187939178127e-01	1.792036329514272719e-01	2.360926541313839166e-01	1.415084588531348442e-01	6.846696478600104718e-02	2.681626360067654313e-02	6.929120688334421130e-02
1.011577751675319632e+03	2.783724434213345478e-01	1.790352662988353716e-01	2.362732189382867887e-01	1.416117440246933146e-01	6.851008893262353072e-02	2.684118755972733639e-02	6.935605082438472957e-02
1.013029082739416367e+03	2.781245031926526945e-01	1.788671733753485760e-01	2.364534671435008228e-01	1.417148418799917264e-01	6.855313921675702804e-02	2.686608543896466111e-02	6.942078975267003405e-02
1.014480413803512761e+03	2.778769972646703001e-01	1.786993538044230057e-01	2.366333992844569800e-01	1.418177528127930187e-01	6.859611577387540737e-02	2.689095724240886387e-02	6.948542381725800188e-02
1.015931744867609382e+03	2.776299247964056360e-01	1.785318072094818354e-01	2.368130158977035382e-01	1.419204772157870442e-01	6.863901873917564733e-02	2.691580297417914616e-02	6.954995316715276155e-02
1.017383075931706003e+03	2.773832849490874830e-01	1.783645332139205675e-01	2.369923175189075637e-01	1.420230154805947609e-01	6.868184824757854468e-02	2.694062263849313077e-02	6.961437795130355488e-02
1.018834406995802851e+03	2.771370768861454725e-01	1.781975314411122224e-01	2.371713046828561600e-01	1.421253679977723949e-01	6.872460443372935268e-02	2.696541623966640724e-02	6.967869831860358520e-02
1.020285738059899245e+03	2.768912997732005388e-01	1.780308015144123346e-01	2.373499779234574947e-01	1.422275351568155488e-01	6.876728743199855831e-02	2.699018378211211905e-02	6.974291441788892099e-02
1.021737069123995752e+03	2.766459527780554817e-01	1.778643430571639206e-01	2.375283377737423540e-01	1.423295173461632812e-01	6.880989737648254834e-02	2.701492527034049518e-02	6.980702639793741338e-02
1.023188400188092373e+03	2.764010350706851971e-01	1.776981556927025585e-01	2.377063847658651974e-01	1.424313149532021872e-01	6.885243440100430323e-02	2.703964070895843730e-02	6.987103440746755822e-02
1.024639731252188767e+03	2.761565458232276837e-01	1.775322390443613285e-01	2.378841194311054619e-01	1.425329283642704781e-01	6.889489863911404943e-02	2.706433010266907219e-02	6.993493859513738586e-02
1.026091062316285615e+03	2.759124842099742736e-01	1.773665927354756144e-01	2.380615422998687836e-01	1.426343579646619508e-01	6.893729022409002261e-02	2.708899345627132152e-02	6.999873910954342027e-02
1.027542393380382237e+03	2.756688494073608608e-01	1.772012163893879888e-01	2.382386539016883298e-01	1.427356041386300678e-01	6.897960928893909216e-02	2.711363077465947166e-02	7.006243609921959659e-02
1.028993724444478858e+03	2.754256405939580765e-01	1.770361096294529868e-01	2.384154547652259093e-01	1.428366672693919537e-01	6.902185596639746901e-02	2.713824206282273999e-02	7.012602971263619256e-02
1.030445055508575479e+03	2.751828569504625177e-01	1.768712720790419635e-01	2.385919454182734156e-01	1.429375477391323646e-01	6.906403038893139945e-02	2.716282732584484813e-02	7.018952009819877380e-02
1.031896386572671872e+03	2.749404976596875882e-01	1.767067033615476734e-01	2.387681263877539373e-01	1.430382459290075181e-01	6.910613268873780357e-02	2.718738656890359179e-02	7.025290740424712521e-02
1.033347717636768493e+03	2.746985619065543394e-01	1.765424031003889616e-01	2.389439981997229512e-01	1.431387622191492570e-01	6.914816299774499686e-02	2.721191979727040702e-02	7.031619177905422402e-02
1.034799048700865114e+03	2.744570488780825324e-01	1.763783709190154814e-01	2.391195613793697938e-01	1.432390969886687404e-01	6.919012144761335636e-02	2.723642701630996782e-02	7.037937337082524059e-02
1.036250379764961508e+03	2.742159577633816459e-01	1.762146064409121637e-01	2.392948164510186604e-01	1.433392506156604684e-01	6.923200816973598681e-02	2.726090823147973158e-02	7.044245232769644205e-02
1.037701710829058356e+03	2.739752877536419384e-01	1.760511092896037966e-01	2.394697639381300480e-01	1.434392234772061125e-01	6.927382329523935900e-02	2.728536344832953667e-02	7.050542879773429028e-02
1.039153041893154750e+03	2.737350380421259000e-01	1.758878790886594656e-01	2.396444043633018661e-01	1.435390159493783180e-01	6.931556695498404530e-02	2.730979267250118261e-02	7.056830292893429002e-02
1.040604372957251599e+03	2.734952078241590923e-01	1.757249154616971343e-01	2.398187382482707686e-01	1.436386284072445896e-01	6.935723927956534418e-02	2.733419590972798949e-02	7.063107486922012845e-02
1.042055704021347992e+03	2.732557962971216003e-01	1.755622180323879455e-01	2.399927661139134027e-01	1.437380612248711498e-01	6.939884039931393245e-02	2.735857316583440238e-02	7.069374476644262051e-02
1.043507035085444613e+03	2.730168026604394282e-01	1.753997864244605798e-01	2.401664884802475475e-01	1.438373147753266856e-01	6.944037044429655914e-02	2.738292444673557161e-02	7.075631276837869577e-02
1.044958366149541234e+03	2.727782261155758392e-01	1.752376202617055845e-01	2.403399058664334731e-01	1.439363894306860403e-01	6.948182954431668390e-02	2.740724975843691208e-02	7.081877902273049641e-02
1.046409697213637855e+03	2.725400658660226405e-01	1.750757191679798430e-01	2.405130187907751904e-01	1.440352855620340988e-01	6.952321782891515700e-02	2.743154910703371821e-02	7.088114367712437802e-02
1.047861028277734476e+03	2.723023211172919122e-01	1.749140827672104881e-01	2.406858277707215887e-01	1.441340035394694241e-01	6.956453542737085771e-02	2.745582249871073369e-02	7.094340687910993815e-02
1.049312359341831097e+03	2.720649910769074586e-01	1.747527106833993704e-01	2.408583333228678236e-01	1.442325437321080872e-01	6.960578246870131880e-02	2.748006993974174902e-02	7.100556877615910034e-02
1.050763690405927491e+03	2.718280749543963148e-01	1.745916025406271388e-01	2.410305359629564548e-01	1.443309065080872200e-01	6.964695908166344818e-02	2.750429143648917829e-02	7.106762951566515663e-02
1.052215021470024112e+03	2.715915719612803647e-01	1.744307579630573479e-01	2.412024362058786953e-01	1.444290922345687900e-01	6.968806539475409789e-02	2.752848699540367053e-02	7.112958924494185153e-02
1.053666352534120733e+03	2.713554813110683472e-01	1.742701765749406217e-01	2.413740345656756880e-01	1.445271012777432640e-01	6.972910153621078577e-02	2.755265662302367261e-02	7.119144811122239680e-02
1.055117683598217127e+03	2.711198022192473633e-01	1.741098580006185115e-01	2.415453315555397829e-01	1.446249340028331609e-01	6.977006763401227829e-02	2.757680032597505451e-02	7.125320626165862481e-02
1.056569014662313975e+03	2.708845339032746047e-01	1.739498018645277422e-01	2.417163276878157019e-01	1.447225907740967987e-01	6.981096381587927058e-02	2.760091811097067915e-02	7.131486384332001716e-02
1.058020345726410369e+03	2.706496755825692491e-01	1.737900077912040153e-01	2.418870234740018443e-01	1.448200719548317916e-01	6.985179020927498317e-02	2.762500998481001030e-02	7.137642100319288585e-02
1.059471676790506763e+03	2.704152264785046333e-01	1.736304754052860055e-01	2.420574194247514521e-01	1.449173779073787138e-01	6.989254694140588364e-02	2.764907595437869972e-02	7.143787788817940188e-02
1.060923007854603611e+03	2.701811858143998157e-01	1.734712043315192187e-01	2.422275160498739699e-01	1.450145089931245967e-01	6.993323413922225562e-02	2.767311602664820208e-02	7.149923464509673476e-02
1.062374338918700232e+03	2.699475528155118043e-01	1.733121941947599332e-01	2.423973138583360998e-01	1.451114655725065095e-01	6.997385192941880938e-02	2.769713020867535860e-02	7.156049142067616442e-02
1.063825669982796853e+03	2.697143267090276186e-01	1.731534446199789468e-01	2.425668133582633001e-01	1.452082480050151392e-01	7.001440043843537575e-02	2.772111850760200155e-02	7.162164836156224845e-02
1.065277001046893474e+03	2.694815067240561857e-01	1.729949552322653517e-01	2.427360150569407571e-01	1.453048566491982330e-01	7.005487979245753061e-02	2.774508093065456912e-02	7.168270561431190624e-02
1.066728332110990095e+03	2.692490920916206787e-01	1.728367256568303090e-01	2.429049194608148832e-01	1.454012918626641504e-01	7.009529011741717774e-02	2.776901748514369259e-02	7.174366332539358626e-02
1.068179663175086489e+03	2.690170820446507460e-01	1.726787555190107404e-01	2.430735270754942889e-01	1.454975540020852776e-01	7.013563153899320113e-02	2.779292817846380770e-02	7.180452164118641956e-02
1.069630994239183110e+03	2.687854758179745729e-01	1.725210444442729918e-01	2.432418384057511707e-01	1.455936434232015519e-01	7.017590418261207552e-02	2.781681301809276613e-02	7.186528070797935930e-02
1.071082325303279504e+03	2.685542726483111653e-01	1.723635920582165248e-01	2.434098539555225316e-01	1.456895604808238764e-01	7.021610817344853261e-02	2.784067201159143648e-02	7.192594067197036201e-02
1.072533656367376352e+03	2.683234717742628561e-01	1.722063979865775252e-01	2.435775742279114864e-01	1.457853055288375888e-01	7.025624363642610226e-02	2.786450516660330876e-02	7.198650167926556875e-02
1.073984987431472746e+03	2.680930724363075890e-01	1.720494618552323440e-01	2.437449997251883160e-01	1.458808789202057365e-01	7.029631069621779249e-02	2.788831249085411620e-02	7.204696387587844475e-02
1.075436318495569594e+03	2.678630738767915354e-01	1.718927832902011621e-01	2.439121309487918554e-01	1.459762810069726580e-01	7.033630947724668625e-02	2.791209399215143633e-02	7.210732740772901606e-02
1.076887649559666215e+03	2.676334753399210453e-01	1.717363619176514311e-01	2.440789683993306591e-01	1.460715121402672290e-01	7.037624010368655203e-02	2.793584967838430924e-02	7.216759242064306468e-02
1.078338980623762609e+03	2.674042760717558198e-01	1.715801973639013156e-01	2.442455125765843060e-01	1.461665726703062773e-01	7.041610269946246836e-02	2.795957955752284910e-02	7.222775906035124038e-02
1.079790311687859230e+03	2.671754753202009725e-01	1.714242892554232178e-01	2.444117639795044816e-01	1.462614629463979410e-01	7.045589738825137893e-02	2.798328363761786244e-02	7.228782747248835294e-02
1.081241642751955851e+03	2.669470723349999242e-01	1.712686372188471084e-01	2.445777231062164492e-01	1.463561833169448323e-01	7.049562429348280035e-02	2.800696192680045618e-02	7.234779780259260884e-02
1.082692973816052472e+03	2.667190663677269646e-01	1.711132408809638294e-01	2.447433904540200211e-01	1.464507341294476461e-01	7.053528353833929398e-02	2.803061443328166633e-02	7.240767019610475086e-02
1.084144304880149093e+03	2.664914566717799249e-01	1.709580998687285358e-01	2.449087665193909191e-01	1.465451157305082130e-01	7.057487524575722926e-02	2.805424116535206944e-02	7.246744479836735031e-02
1.085595635944245487e+03	2.662642425023730164e-01	1.708032138092638319e-01	2.450738517979820230e-01	1.466393284658327745e-01	7.061439953842718609e-02	2.807784213138140444e-02	7.252712175462396049e-02
1.087046967008342108e+03	2.660374231165294479e-01	1.706485823298632687e-01	2.452386467846245921e-01	1.467333726802353966e-01	7.065385653879477368e-02	2.810141733981818754e-02	7.258670121001849218e-02
1.088498298072438729e+03	2.658109977730744866e-01	1.704942050579944246e-01	2.454031519733293754e-01	1.468272487176411067e-01	7.069324636906106074e-02	2.812496679918935483e-02	7.264618330959432546e-02
1.089949629136535123e+03	2.655849657326280755e-01	1.703400816213020974e-01	2.455673678572880270e-01	1.469209569210891408e-01	7.073256915118319998e-02	2.814849051809985986e-02	7.270556819829367134e-02
1.091400960200631971e+03	2.653593262575978939e-01	1.701862116476114961e-01	2.457312949288742721e-01	1.470144976327361908e-01	7.077182500687512201e-02	2.817198850523231976e-02	7.276485602095676686e-02
1.092852291264728365e+03	2.651340786121723636e-01	1.700325947649314051e-01	2.458949336796449336e-01	1.471078711938594852e-01	7.081101405760800716e-02	2.819546076934662665e-02	7.282404692232116727e-02
1.094303622328825213e+03	2.649092220623135430e-01	1.698792306014572095e-01	2.460582846003415147e-01	1.472010779448602036e-01	7.085013642461090999e-02	2.821890731927957988e-02	7.288314104702102447e-02
1.095754953392921607e+03	2.646847558757502439e-01	1.697261187855740872e-01	2.462213481808911142e-01	1.472941182252663073e-01	7.088919222887139771e-02	2.824232816394452172e-02	7.294213853958635141e-02
1.097206284457018228e+03	2.644606793219709817e-01	1.695732589458599782e-01	2.463841249104077868e-01	1.473869923737359811e-01	7.092818159113606358e-02	2.826572331233095925e-02	7.300103954444232823e-02
1.098657615521114849e+03	2.642369916722172030e-01	1.694206507110885274e-01	2.465466152771937369e-01	1.474797007280606587e-01	7.096710463191112372e-02	2.828909277350419652e-02	7.305984420590858064e-02
1.100108946585211470e+03	2.640136921994765129e-01	1.692682937102321927e-01	2.467088197687405948e-01	1.475722436251681313e-01	7.100596147146306936e-02	2.831243655660497377e-02	7.311855266819852761e-02
1.101560277649308091e+03	2.637907801784757922e-01	1.691161875724651320e-01	2.468707388717305551e-01	1.476646214011256286e-01	7.104475222981913862e-02	2.833575467084908928e-02	7.317716507541861815e-02
1.103011608713404712e+03	2.635682548856744245e-01	1.689643319271661448e-01	2.470323730720375976e-01	1.477568343911429549e-01	7.108347702676798274e-02	2.835904712552703849e-02	7.323568157156770675e-02
1.104462939777501106e+03	2.633461155992576352e-01	1.688127264039215591e-01	2.471937228547288479e-01	1.478488829295755425e-01	7.112213598186019337e-02	2.838231393000366018e-02	7.329410230053631792e-02
1.105914270841597499e+03	2.631243615991298301e-01	1.686613706325280349e-01	2.473547887040656312e-01	1.479407673499275599e-01	7.116072921440887156e-02	2.840555509371775825e-02	7.335242740610603551e-02
1.107365601905694348e+03	2.629029921669079894e-01	1.685102642429955055e-01	2.475155711035047224e-01	1.480324879848547992e-01	7.119925684349023842e-02	2.842877062618175132e-02	7.341065703194875336e-02
1.108816932969790741e+03	2.626820065859147846e-01	1.683594068655498432e-01	2.476760705356996217e-01	1.481240451661678947e-01	7.123771898794416246e-02	2.845196053698130501e-02	7.346879132162612014e-02
1.110268264033887590e+03	2.624614041411724719e-01	1.682087981306357449e-01	2.478362874825017215e-01	1.482154392248352104e-01	7.127611576637478408e-02	2.847512483577497797e-02	7.352683041858878998e-02
1.111719595097984211e+03	2.622411841193960647e-01	1.680584376689195081e-01	2.479962224249615543e-01	1.483066704909859201e-01	7.131444729715098740e-02	2.849826353229385767e-02	7.358477446617582574e-02
1.113170926162080832e+03	2.620213458089869496e-01	1.679083251112915287e-01	2.481558758433299872e-01	1.483977392939128948e-01	7.135271369840708033e-02	2.852137663634120995e-02	7.364262360761401893e-02
1.114622257226177226e+03	2.618018885000265028e-01	1.677584600888692712e-01	2.483152482170594422e-01	1.484886459620757548e-01	7.139091508804326636e-02	2.854446415779212168e-02	7.370037798601732082e-02
1.116073588290273847e+03	2.615828114842695395e-01	1.676088422329997385e-01	2.484743400248050904e-01	1.485793908231037852e-01	7.142905158372626906e-02	2.856752610659314337e-02	7.375803774438612070e-02
1.117524919354370468e+03	2.613641140551380415e-01	1.674594711752622200e-01	2.486331517444260730e-01	1.486699742037989047e-01	7.146712330288981785e-02	2.859056249276194228e-02	7.381560302560667697e-02
1.118976250418467089e+03	2.611457955077148840e-01	1.673103465474707618e-01	2.487916838529867225e-01	1.487603964301385528e-01	7.150513036273528633e-02	2.861357332638694503e-02	7.387307397245049256e-02
1.120427581482563710e+03	2.609278551387375078e-01	1.671614679816769422e-01	2.489499368267577561e-01	1.488506578272786318e-01	7.154307288023215028e-02	2.863655861762698374e-02	7.393045072757369052e-02
1.121878912546660331e+03	2.607102922465915351e-01	1.670128351101722031e-01	2.491079111412175251e-01	1.489407587195563654e-01	7.158095097211866764e-02	2.865951837671094904e-02	7.398773343351643106e-02
1.123330243610756725e+03	2.604931061313046636e-01	1.668644475654905424e-01	2.492656072710531523e-01	1.490306994304932686e-01	7.161876475490230876e-02	2.868245261393744319e-02	7.404492223270224549e-02
1.124781574674853118e+03	2.602762960945405046e-01	1.667163049804109842e-01	2.494230256901618370e-01	1.491204802827979514e-01	7.165651434486039473e-02	2.870536133967443657e-02	7.410201726743755046e-02
1.126232905738949967e+03	2.600598614395925323e-01	1.665684069879598828e-01	2.495801668716518817e-01	1.492101015983689216e-01	7.169419985804059703e-02	2.872824456435891377e-02	7.415901867991092633e-02
1.127684236803046360e+03	2.598438014713777555e-01	1.664207532214136420e-01	2.497370312878441356e-01	1.492995636982975272e-01	7.173182141026146486e-02	2.875110229849653365e-02	7.421592661219263143e-02
1.129135567867143209e+03	2.596281154964305560e-01	1.662733433143009643e-01	2.498936194102730490e-01	1.493888669028707594e-01	7.176937911711304963e-02	2.877393455266127539e-02	7.427274120623401921e-02
1.130586898931239830e+03	2.594128028228971372e-01	1.661261769004052646e-01	2.500499317096878116e-01	1.494780115315740288e-01	7.180687309395736295e-02	2.879674133749511589e-02	7.432946260386688597e-02
1.132038229995336451e+03	2.591978627605290297e-01	1.659792536137670305e-01	2.502059686560538232e-01	1.495669979030940788e-01	7.184430345592897338e-02	2.881952266370766194e-02	7.438609094680298517e-02
1.133489561059432845e+03	2.589832946206774844e-01	1.658325730886862914e-01	2.503617307185534990e-01	1.496558263353215679e-01	7.188167031793549211e-02	2.884227854207582764e-02	7.444262637663340287e-02
1.134940892123529466e+03	2.587690977162871997e-01	1.656861349597247290e-01	2.505172183655878793e-01	1.497444971453540385e-01	7.191897379465819751e-02	2.886500898344349780e-02	7.449906903482808596e-02
1.136392223187626087e+03	2.585552713618905485e-01	1.655399388617080636e-01	2.506724320647775728e-01	1.498330106494985547e-01	7.195621400055245143e-02	2.888771399872117063e-02	7.455541906273518982e-02
1.137843554251722708e+03	2.583418148736019160e-01	1.653939844297284689e-01	2.508273722829640340e-01	1.499213671632745326e-01	7.199339104984832372e-02	2.891039359888564197e-02	7.461167660158060655e-02
1.139294885315819101e+03	2.581287275691117045e-01	1.652482712991465708e-01	2.509820394862106729e-01	1.500095670014164606e-01	7.203050505655110569e-02	2.893304779497965495e-02	7.466784179246736819e-02
1.140746216379915950e+03	2.579160087676802271e-01	1.651027991055938338e-01	2.511364341398042432e-01	1.500976104778765641e-01	7.206755613444183750e-02	2.895567659811157379e-02	7.472391477637520263e-02
1.142197547444012343e+03	2.577036577901326564e-01	1.649575674849746709e-01	2.512905567082557856e-01	1.501854979058275807e-01	7.210454439707782159e-02	2.897828001945504037e-02	7.477989569415988136e-02
1.143648878508108737e+03	2.574916739588527514e-01	1.648125760734687195e-01	2.514444076553019602e-01	1.502732295976654253e-01	7.214146995779315008e-02	2.900085807024865500e-02	7.483578468655280314e-02
1.145100209572205586e+03	2.572800565977771403e-01	1.646678245075328118e-01	2.515979874439063790e-01	1.503608058650118540e-01	7.217833292969925985e-02	2.902341076179562607e-02	7.489158189416038336e-02
1.146551540636302207e+03	2.570688050323898799e-01	1.645233124239033340e-01	2.517512965362604938e-01	1.504482270187171844e-01	7.221513342568541827e-02	2.904593810546346466e-02	7.494728745746360998e-02
1.148002871700398828e+03	2.568579185897169048e-01	1.643790394595981141e-01	2.519043353937850394e-01	1.505354933688629326e-01	7.225187155841929221e-02	2.906844011268362726e-02	7.500290151681751616e-02
1.149454202764495449e+03	2.566473965983200323e-01	1.642350052519186143e-01	2.520571044771309777e-01	1.506226052247644220e-01	7.228854744034740598e-02	2.909091679495121388e-02	7.505842421245069451e-02
1.150905533828591842e+03	2.564372383882917994e-01	1.640912094384519571e-01	2.522096042461810517e-01	1.507095628949734478e-01	7.232516118369569647e-02	2.911336816382462112e-02	7.511385568446471428e-02
1.152356864892688463e+03	2.562274432912496347e-01	1.639476516570730347e-01	2.523618351600506182e-01	1.507963666872809139e-01	7.236171290047004045e-02	2.913579423092522991e-02	7.516919607283373272e-02
1.153808195956785084e+03	2.560180106403305289e-01	1.638043315459463689e-01	2.525137976770890358e-01	1.508830169087194140e-01	7.239820270245675427e-02	2.915819500793707594e-02	7.522444551740395391e-02
1.155259527020881706e+03	2.558089397701855394e-01	1.636612487435282204e-01	2.526654922548807192e-01	1.509695138655658408e-01	7.243463070122309333e-02	2.918057050660651658e-02	7.527960415789315685e-02
1.156710858084978327e+03	2.556002300169742392e-01	1.635184028885685037e-01	2.528169193502464163e-01	1.510558578633439675e-01	7.247099700811780731e-02	2.920292073874191860e-02	7.533467213389022366e-02
1.158162189149074720e+03	2.553918807183594430e-01	1.633757936201127581e-01	2.529680794192443183e-01	1.511420492068270283e-01	7.250730173427161196e-02	2.922524571621333903e-02	7.538964958485462609e-02
1.159613520213171569e+03	2.551838912135015458e-01	1.632334205775040070e-01	2.531189729171713365e-01	1.512280882000402449e-01	7.254354499059770256e-02	2.924754545095220246e-02	7.544453665011600918e-02
1.161064851277267962e+03	2.549762608430536925e-01	1.630912834003847567e-01	2.532696002985642680e-01	1.513139751462633242e-01	7.257972688779226744e-02	2.926981995495097494e-02	7.549933346887373331e-02
1.162516182341364356e+03	2.547689889491559501e-01	1.629493817286987445e-01	2.534199620172008505e-01	1.513997103480331785e-01	7.261584753633501532e-02	2.929206924026284478e-02	7.555404018019636070e-02
1.163967513405461204e+03	2.545620748754301998e-01	1.628077152026929653e-01	2.535700585261010942e-01	1.514852941071462844e-01	7.265190704648961939e-02	2.931429331900142071e-02	7.560865692302122520e-02
1.165418844469557826e+03	2.543555179669750310e-01	1.626662834629193921e-01	2.537198902775283926e-01	1.515707267246612366e-01	7.268790552830431406e-02	2.933649220334040228e-02	7.566318383615398824e-02
1.166870175533654447e+03	2.541493175703601892e-01	1.625250861502368360e-01	2.538694577229907434e-01	1.516560085009012737e-01	7.272384309161225580e-02	2.935866590551327107e-02	7.571762105826822242e-02
1.168321506597751068e+03	2.539434730336216361e-01	1.623841229058126945e-01	2.540187613132416922e-01	1.517411397354566926e-01	7.275971984603218923e-02	2.938081443781296806e-02	7.577196872790491200e-02
1.169772837661847461e+03	2.537379837062562205e-01	1.622433933711247556e-01	2.541678014982818867e-01	1.518261207271874025e-01	7.279553590096883575e-02	2.940293781259159522e-02	7.582622698347209200e-02
1.171224168725944082e+03	2.535328489392166817e-01	1.621028971879629188e-01	2.543165787273600209e-01	1.519109517742253668e-01	7.283129136561339312e-02	2.942503604226008596e-02	7.588039596324433478e-02
1.172675499790040703e+03	2.533280680849063216e-01	1.619626339984309993e-01	2.544650934489739447e-01	1.519956331739770461e-01	7.286698634894407667e-02	2.944710913928791016e-02	7.593447580536238917e-02
1.174126830854137097e+03	2.531236404971742848e-01	1.618226034449483652e-01	2.546133461108720519e-01	1.520801652231258683e-01	7.290262095972656342e-02	2.946915711620275505e-02	7.598846664783273641e-02
1.175578161918233945e+03	2.529195655313100088e-01	1.616828051702517699e-01	2.547613371600542798e-01	1.521645482176346431e-01	7.293819530651453331e-02	2.949117998559022333e-02	7.604236862852714607e-02
1.177029492982330339e+03	2.527158425440385603e-01	1.615432388173967670e-01	2.549090670427733296e-01	1.522487824527478661e-01	7.297370949765012715e-02	2.951317776009351745e-02	7.609618188518234294e-02
1.178480824046426733e+03	2.525124708935154727e-01	1.614039040297596261e-01	2.550565362045358331e-01	1.523328682229943554e-01	7.300916364126444624e-02	2.953515045241313780e-02	7.614990655539950748e-02
1.179932155110523581e+03	2.523094499393219170e-01	1.612648004510388866e-01	2.552037450901035731e-01	1.524168058221894995e-01	7.304455784527802420e-02	2.955709807530658081e-02	7.620354277664394271e-02
1.181383486174620202e+03	2.521067790424594834e-01	1.611259277252568012e-01	2.553506941434945388e-01	1.525005955434376725e-01	7.307989221740131269e-02	2.957902064158802677e-02	7.625709068624461628e-02
1.182834817238716823e+03	2.519044575653455187e-01	1.609872854967612232e-01	2.554973838079840354e-01	1.525842376791345656e-01	7.311516686513519492e-02	2.960091816412804139e-02	7.631055042139384126e-02
1.184286148302813444e+03	2.517024848718082408e-01	1.608488734102269113e-01	2.556438145261061834e-01	1.526677325209696012e-01	7.315038189577144356e-02	2.962279065585327748e-02	7.636392211914681816e-02
1.185737479366910065e+03	2.515008603270814658e-01	1.607106911106573055e-01	2.557899867396546401e-01	1.527510803599283207e-01	7.318553741639319266e-02	2.964463812974615919e-02	7.641720591642127414e-02
1.187188810431006686e+03	2.512995832978004440e-01	1.605727382433859707e-01	2.559359008896841536e-01	1.528342814862946597e-01	7.322063353387545104e-02	2.966646059884459757e-02	7.647040194999710216e-02
1.188640141495103080e+03	2.510986531519964204e-01	1.604350144540780954e-01	2.560815574165113961e-01	1.529173361896532524e-01	7.325567035488554646e-02	2.968825807624168520e-02	7.652351035651593081e-02
1.190091472559199701e+03	2.508980692590923600e-01	1.602975193887320182e-01	2.562269567597162956e-01	1.530002447588918457e-01	7.329064798588362517e-02	2.971003057508539089e-02	7.657653127248081892e-02
1.191542803623296322e+03	2.506978309898976742e-01	1.601602526936806992e-01	2.563720993581431462e-01	1.530830074822035203e-01	7.332556653312308215e-02	2.973177810857827869e-02	7.662946483425586708e-02
1.192994134687392716e+03	2.504979377166040022e-01	1.600232140155931904e-01	2.565169856499018852e-01	1.531656246470890770e-01	7.336042610265111619e-02	2.975350068997719560e-02	7.668231117806580122e-02
1.194445465751489564e+03	2.502983888127800483e-01	1.598864030014761350e-01	2.566616160723689810e-01	1.532480965403592577e-01	7.339522680030911850e-02	2.977519833259298712e-02	7.673507043999568122e-02
1.195896796815585958e+03	2.500991836533671964e-01	1.597498192986751553e-01	2.568059910621888209e-01	1.533304234481370765e-01	7.342996873173318617e-02	2.979687104979019535e-02	7.678774275599054011e-02
1.197348127879682352e+03	2.499003216146747641e-01	1.596134625548762120e-01	2.569501110552747658e-01	1.534126056558599849e-01	7.346465200235459403e-02	2.981851885498677801e-02	7.684032826185496767e-02
1.198799458943779200e+03	2.497018020743753952e-01	1.594773324181071317e-01	2.570939764868104827e-01	1.534946434482822308e-01	7.349927671740025259e-02	2.984014176165379964e-02	7.689282709325284682e-02
1.200250790007875821e+03	2.495036244115003687e-01	1.593414285367387995e-01	2.572375877912506659e-01	1.535765371094770793e-01	7.353384298189316604e-02	2.986173978331514711e-02	7.694523938570695110e-02
1.201702121071972442e+03	2.493057880064351028e-01	1.592057505594866862e-01	2.573809454023224808e-01	1.536582869228390325e-01	7.356835090065290406e-02	2.988331293354725554e-02	7.699756527459865330e-02
1.203153452136069063e+03	2.491082922409146028e-01	1.590702981354121803e-01	2.575240497530268957e-01	1.537398931710860783e-01	7.360280057829605982e-02	2.990486122597879257e-02	7.704980489516750908e-02
1.204604783200165684e+03	2.489111364980189089e-01	1.589350709139237539e-01	2.576669012756394594e-01	1.538213561362618831e-01	7.363719211923672181e-02	2.992638467429038079e-02	7.710195838251104883e-02
1.206056114264262078e+03	2.487143201621685451e-01	1.588000685447784610e-01	2.578095004017115777e-01	1.539026760997380117e-01	7.367152562768693180e-02	2.994788329221432371e-02	7.715402587158434744e-02
1.207507445328358699e+03	2.485178426191201051e-01	1.586652906780831596e-01	2.579518475620716789e-01	1.539838533422160649e-01	7.370580120765712895e-02	2.996935709353430732e-02	7.720600749719971900e-02
1.208958776392455093e+03	2.483217032559617843e-01	1.585307369642957043e-01	2.580939431868264355e-01	1.540648881437300111e-01	7.374001896295663550e-02	2.999080609208510870e-02	7.725790339402648088e-02
1.210410107456551941e+03	2.481259014611088831e-01	1.583964070542263347e-01	2.582357877053617634e-01	1.541457807836482119e-01	7.377417899719408700e-02	3.001223030175232537e-02	7.730971369659049575e-02
1.211861438520648335e+03	2.479304366242995328e-01	1.582623005990388965e-01	2.583773815463439871e-01	1.542265315406756432e-01	7.380828141377790419e-02	3.003362973647208736e-02	7.736143853927400504e-02
1.213312769584745183e+03	2.477353081365901433e-01	1.581284172502520069e-01	2.585187251377210615e-01	1.543071406928560874e-01	7.384232631591673701e-02	3.005500441023077271e-02	7.741307805631524042e-02
1.214764100648841804e+03	2.475405153903511291e-01	1.579947566597403041e-01	2.586598189067236264e-01	1.543876085175742152e-01	7.387631380661990876e-02	3.007635433706472988e-02	7.746463238180809063e-02
1.216215431712937971e+03	2.473460577792625792e-01	1.578613184797356128e-01	2.588006632798661721e-01	1.544679352915578063e-01	7.391024398869790180e-02	3.009767953105998983e-02	7.751610164970187955e-02
1.217666762777034819e+03	2.471519346983098997e-01	1.577281023628282208e-01	2.589412586829482055e-01	1.545481212908797475e-01	7.394411696476275997e-02	3.011898000635200232e-02	7.756748599380106080e-02
1.219118093841131440e+03	2.469581455437795947e-01	1.575951079619679063e-01	2.590816055410553043e-01	1.546281667909603086e-01	7.397793283722856050e-02	3.014025577712534099e-02	7.761878554776489858e-02
1.220569424905228061e+03	2.467646897132549089e-01	1.574623349304651865e-01	2.592217042785602277e-01	1.547080720665690579e-01	7.401169170831187194e-02	3.016150685761344319e-02	7.767000044510713463e-02
1.222020755969324682e+03	2.465715666056116084e-01	1.573297829219924004e-01	2.593615553191243595e-01	1.547878373918271655e-01	7.404539368003217048e-02	3.018273326209831159e-02	7.772113081919580779e-02
1.223472087033421303e+03	2.463787756210137903e-01	1.571974515905848746e-01	2.595011590856982631e-01	1.548674630402094021e-01	7.407903885421232570e-02	3.020393500491025396e-02	7.777217680325287930e-02
1.224923418097517697e+03	2.461863161609096629e-01	1.570653405906419775e-01	2.596405160005234025e-01	1.549469492845461649e-01	7.411262733247896139e-02	3.022511210042761257e-02	7.782313853035401074e-02
1.226374749161614318e+03	2.459941876280273276e-01	1.569334495769282578e-01	2.597796264851328085e-01	1.550262963970256147e-01	7.414615921626301065e-02	3.024626456307648315e-02	7.787401613342828655e-02
1.227826080225710712e+03	2.458023894263706710e-01	1.568017782045744157e-01	2.599184909603525218e-01	1.551055046491957579e-01	7.417963460680007670e-02	3.026739240733044081e-02	7.792480974525790860e-02
1.229277411289807560e+03	2.456109209612152289e-01	1.566703261290785243e-01	2.600571098463025921e-01	1.551845743119663890e-01	7.421305360513086313e-02	3.028849564771027292e-02	7.797551949847796038e-02
1.230728742353903954e+03	2.454197816391039955e-01	1.565390930063069730e-01	2.601954835623980777e-01	1.552635056556112558e-01	7.424641631210171511e-02	3.030957429878371190e-02	7.802614552557611549e-02
1.232180073418000802e+03	2.452289708678434543e-01	1.564080784924954670e-01	2.603336125273503776e-01	1.553422989497700302e-01	7.427972282836489692e-02	3.033062837516515078e-02	7.807668795889245728e-02
1.233631404482097196e+03	2.450384880564994428e-01	1.562772822442500820e-01	2.604714971591682859e-01	1.554209544634503337e-01	7.431297325437913326e-02	3.035165789151539339e-02	7.812714693061910409e-02
1.235082735546193817e+03	2.448483326153930995e-01	1.561467039185483185e-01	2.606091378751591026e-01	1.554994724650297921e-01	7.434616769041006712e-02	3.037266286254137679e-02	7.817752257280002892e-02
1.236534066610290438e+03	2.446585039560968122e-01	1.560163431727400740e-01	2.607465350919295211e-01	1.555778532222580335e-01	7.437930623653059292e-02	3.039364330299590411e-02	7.822781501733079568e-02
1.237985397674387059e+03	2.444690014914302767e-01	1.558861996645484471e-01	2.608836892253872941e-01	1.556560970022586032e-01	7.441238899262135609e-02	3.041459922767738439e-02	7.827802439595835104e-02
1.239436728738483680e+03	2.442798246354564440e-01	1.557562730520709593e-01	2.610206006907417886e-01	1.557342040715310738e-01	7.444541605837115550e-02	3.043553065142956190e-02	7.832815084028071917e-02
1.240888059802580301e+03	2.440909728034775794e-01	1.556265629937803319e-01	2.611572699025053734e-01	1.558121746959529319e-01	7.447838753327740147e-02	3.045643758914125601e-02	7.837819448174679349e-02
1.242339390866676695e+03	2.439024454120313767e-01	1.554970691485254852e-01	2.612936972744945296e-01	1.558900091407815769e-01	7.451130351664649043e-02	3.047732005574610090e-02	7.842815545165610081e-02
1.243790721930773088e+03	2.437142418788869891e-01	1.553677911755323715e-01	2.614298832198308498e-01	1.559677076706563192e-01	7.454416410759429068e-02	3.049817806622226457e-02	7.847803388115857925e-02
1.245242052994869937e+03	2.435263616230410599e-01	1.552387287344050293e-01	2.615658281509422034e-01	1.560452705496002956e-01	7.457696940504651706e-02	3.051901163559221988e-02	7.852782990125430074e-02
1.246693384058966330e+03	2.433388040647139483e-01	1.551098814851262775e-01	2.617015324795639031e-01	1.561226980410224396e-01	7.460971950773920280e-02	3.053982077892245309e-02	7.857754364279331827e-02
1.248144715123063179e+03	2.431515686253458153e-01	1.549812490880588534e-01	2.618369966167398144e-01	1.561999904077193968e-01	7.464241451421906037e-02	3.056060551132323139e-02	7.862717523647541618e-02
1.249596046187159800e+03	2.429646547275927382e-01	1.548528312039460508e-01	2.619722209728231888e-01	1.562771479118774676e-01	7.467505452284396716e-02	3.058136584794832191e-02	7.867672481284983255e-02
1.251047377251256421e+03	2.427780617953230191e-01	1.547246274939125810e-01	2.621072059574782176e-01	1.563541708150744669e-01	7.470763963178334022e-02	3.060210180399474886e-02	7.872619250231514820e-02
1.252498708315352815e+03	2.425917892536132436e-01	1.545966376194655989e-01	2.622419519796808096e-01	1.564310593782817782e-01	7.474016993901855255e-02	3.062281339470253327e-02	7.877557843511899527e-02
1.253950039379449436e+03	2.424058365287445616e-01	1.544688612424953977e-01	2.623764594477198120e-01	1.565078138618661019e-01	7.477264554234336336e-02	3.064350063535443633e-02	7.882488274135787676e-02
1.255401370443546057e+03	2.422202030481988566e-01	1.543412980252761857e-01	2.625107287691980651e-01	1.565844345255913983e-01	7.480506653936437600e-02	3.066416354127570257e-02	7.887410555097694453e-02
1.256852701507642678e+03	2.420348882406551660e-01	1.542139476304670020e-01	2.626447603510334572e-01	1.566609216286208861e-01	7.483743302750137105e-02	3.068480212783380318e-02	7.892324699376981889e-02
1.258304032571739299e+03	2.418498915359857948e-01	1.540868097211124110e-01	2.627785545994601457e-01	1.567372754295187076e-01	7.486974510398779203e-02	3.070541641043820005e-02	7.897230719937839427e-02
1.259755363635835920e+03	2.416652123652526241e-01	1.539598839606433345e-01	2.629121119200297230e-01	1.568134961862519827e-01	7.490200286587110623e-02	3.072600640454007520e-02	7.902128629729260334e-02
1.261206694699932314e+03	2.414808501607035029e-01	1.538331700128778012e-01	2.630454327176119378e-01	1.568895841561926130e-01	7.493420641001323490e-02	3.074657212563209133e-02	7.907018441685023658e-02
1.262658025764028707e+03	2.412968043557685016e-01	1.537066675420216688e-01	2.631785173963962499e-01	1.569655395961190580e-01	7.496635583309095574e-02	3.076711358924812470e-02	7.911900168723678961e-02
1.264109356828125556e+03	2.411130743850563585e-01	1.535803762126694560e-01	2.633113663598925513e-01	1.570413627622183061e-01	7.499845123159636084e-02	3.078763081096303617e-02	7.916773823748525507e-02
1.265560687892221949e+03	2.409296596843507332e-01	1.534542956898049537e-01	2.634439800109324437e-01	1.571170539100876229e-01	7.503049270183716202e-02	3.080812380639241788e-02	7.921639419647588665e-02
1.267012018956318798e+03	2.407465596906066818e-01	1.533284256388020572e-01	2.635763587516703477e-01	1.571926132947364385e-01	7.506248033993721813e-02	3.082859259119234002e-02	7.926496969293610195e-02
1.268463350020415419e+03	2.405637738419469929e-01	1.532027657254253494e-01	2.637085029835845584e-01	1.572680411705880965e-01	7.509441424183681268e-02	3.084903718105910103e-02	7.931346485544024660e-02
1.269914681084511813e+03	2.403813015776586626e-01	1.530773156158308501e-01	2.638404131074782444e-01	1.573433377914817966e-01	7.512629450329318115e-02	3.086945759172899512e-02	7.936187981240942768e-02
1.271366012148608434e+03	2.401991423381892865e-01	1.529520749765667931e-01	2.639720895234806131e-01	1.574185034106742043e-01	7.515812121988083017e-02	3.088985383897805206e-02	7.941021469211136108e-02
1.272817343212705055e+03	2.400172955651436180e-01	1.528270434745741257e-01	2.641035326310479103e-01	1.574935382808414497e-01	7.518989448699198164e-02	3.091022593862180826e-02	7.945846962266019109e-02
1.274268674276801676e+03	2.398357607012799042e-01	1.527022207771873419e-01	2.642347428289647526e-01	1.575684426540807648e-01	7.522161439983693354e-02	3.093057390651504993e-02	7.950664473201631000e-02
1.275720005340898297e+03	2.396545371905065558e-01	1.525776065521349256e-01	2.643657205153449041e-01	1.576432167819123709e-01	7.525328105344446239e-02	3.095089775855158071e-02	7.955474014798621929e-02
1.277171336404994690e+03	2.394736244778784273e-01	1.524532004675402674e-01	2.644964660876324980e-01	1.577178609152811994e-01	7.528489454266229508e-02	3.097119751066397531e-02	7.960275599822234927e-02
1.278622667469091539e+03	2.392930220095935978e-01	1.523290021919219417e-01	2.646269799426030911e-01	1.577923753045586686e-01	7.531645496215742808e-02	3.099147317882333663e-02	7.965069241022289248e-02
1.280073998533187932e+03	2.391127292329897069e-01	1.522050113941946781e-01	2.647572624763648297e-01	1.578667601995444592e-01	7.534796240641654375e-02	3.101172477903906682e-02	7.969854951133169274e-02
1.281525329597284326e+03	2.389327455965406799e-01	1.520812277436696391e-01	2.648873140843593377e-01	1.579410158494682082e-01	7.537941696974641281e-02	3.103195232735861397e-02	7.974632742873805080e-02
1.282976660661381175e+03	2.387530705498531747e-01	1.519576509100552808e-01	2.650171351613629933e-01	1.580151425029913681e-01	7.541081874627425519e-02	3.105215583986724662e-02	7.979402628947655784e-02
1.284427991725477568e+03	2.385737035436633069e-01	1.518342805634578518e-01	2.651467261014878729e-01	1.580891404082088447e-01	7.544216782994819792e-02	3.107233533268780740e-02	7.984164622042701220e-02
1.285879322789574417e+03	2.383946440298332081e-01	1.517111163743819213e-01	2.652760872981827500e-01	1.581630098126507178e-01	7.547346431453759441e-02	3.109249082198048408e-02	7.988918734831422508e-02
1.287330653853671038e+03	2.382158914613476119e-01	1.515881580137308504e-01	2.654052191442345388e-01	1.582367509632840452e-01	7.550470829363345460e-02	3.111262232394257018e-02	7.993664979970789564e-02
1.288781984917767431e+03	2.380374452923105510e-01	1.514654051528075696e-01	2.655341220317688489e-01	1.583103641065144729e-01	7.553589986064886130e-02	3.113272985480822902e-02	7.998403370102245835e-02
1.290233315981864052e+03	2.378593049779420820e-01	1.513428574633149670e-01	2.656627963522513736e-01	1.583838494881880943e-01	7.556703910881928943e-02	3.115281343084826474e-02	8.003133917851695811e-02
