1.301360187473271253e+03	2.362569334648757513e-01	1.505465891566933057e-01	2.609363167888709145e-01	1.616128284170431084e-01	7.638998600385867033e-02	3.190149932942490385e-02	8.235584683912018644e-02
1.306197957686926657e+03	2.356756252386003891e-01	1.501425920368316125e-01	2.613177183858324537e-01	1.618742730306783617e-01	7.649859202207887066e-02	3.197158609440255844e-02	8.251961319146258744e-02
1.311035727900581833e+03	2.350976409015411717e-01	1.497408276824377660e-01	2.616968261265281148e-01	1.621342291883787479e-01	7.660662145320869254e-02	3.204139023957316285e-02	8.268246440821917786e-02
1.315873498114237009e+03	2.345229605619570390e-01	1.493412844338552481e-01	2.620736550393409359e-01	1.623927051093156937e-01	7.671407726201526223e-02	3.211091232394860245e-02	8.284440526945406613e-02
1.320711268327892412e+03	2.339515644663642813e-01	1.489439506759865639e-01	2.624482200391370368e-01	1.626497089705021826e-01	7.682096239922779624e-02	3.218015291355305618e-02	8.300544053511589582e-02
1.325549038541547588e+03	2.333834329981628042e-01	1.485488148385369078e-01	2.628205359282752007e-01	1.629052489069948706e-01	7.692727980159411172e-02	3.224911258127816094e-02	8.316557494504477066e-02
1.330386808755202765e+03	2.328185466762835443e-01	1.481558653962450067e-01	2.631906173976063523e-01	1.631593330120937879e-01	7.703303239193685925e-02	3.231779190674007735e-02	8.332481321898116411e-02
1.335224578968857941e+03	2.322568861538572282e-01	1.477650908691012233e-01	2.635584790274638767e-01	1.634119693375399307e-01	7.713822307920953358e-02	3.238619147613849836e-02	8.348316005657657746e-02
1.340062349182513572e+03	2.316984322169035049e-01	1.473764798225531691e-01	2.639241352886435021e-01	1.636631658937110489e-01	7.724285475855208194e-02	3.245431188211746892e-02	8.364062013740612700e-02
1.344900119396168748e+03	2.311431657830405884e-01	1.469900208676994391e-01	2.642876005433743569e-01	1.639129306498153249e-01	7.734693031134640129e-02	3.252215372362811385e-02	8.379719812098269938e-02
1.349737889609823924e+03	2.305910679002143582e-01	1.466057026614716596e-01	2.646488890462802002e-01	1.641612715340832473e-01	7.745045260527143316e-02	3.258971760579313509e-02	8.395289864677289715e-02
1.354575659823479100e+03	2.300421197454470268e-01	1.462235139068050194e-01	2.650080149453314937e-01	1.644081964339575708e-01	7.755342449435814745e-02	3.265700413977317557e-02	8.410772633421455258e-02
1.359413430037134731e+03	2.294963026236047643e-01	1.458434433527979468e-01	2.653649922827875929e-01	1.646537131962819422e-01	7.765584881904405434e-02	3.272401394263495245e-02	8.426168578273575405e-02
1.364251200250789907e+03	2.289535979661838916e-01	1.454654797948607692e-01	2.657198349961304995e-01	1.648978296274874744e-01	7.775772840622777182e-02	3.279074763722115288e-02	8.441478157177539909e-02
1.369088970464445310e+03	2.284139873301153367e-01	1.450896120748542406e-01	2.660725569189887896e-01	1.651405534937780140e-01	7.785906606932313512e-02	3.285720585202209221e-02	8.456701826080526008e-02
1.373926740678100487e+03	2.278774523965868271e-01	1.447158290812174675e-01	2.664231717820531031e-01	1.653818925213139390e-01	7.795986460831313969e-02	3.292338922104909998e-02	8.471840038935327111e-02
1.378764510891755890e+03	2.273439749698827894e-01	1.443441197490863137e-01	2.667716932139817532e-01	1.656218543963943191e-01	7.806012680980367602e-02	3.298929838370959211e-02	8.486893247702841092e-02
1.383602281105411066e+03	2.268135369762410425e-01	1.439744730604019252e-01	2.671181347422983410e-01	1.658604467656379089e-01	7.815985544707708399e-02	3.305493398468390548e-02	8.501861902354664047e-02
1.388440051319066470e+03	2.262861204627266976e-01	1.436068780440100945e-01	2.674625097942800456e-01	1.660976772361626719e-01	7.825905328014537421e-02	3.312029667380371467e-02	8.516746450875829766e-02
1.393277821532721646e+03	2.257617075961221575e-01	1.432413237757511615e-01	2.678048316978373089e-01	1.663335533757641649e-01	7.835772305580336605e-02	3.318538710593219726e-02	8.531547339267658847e-02
1.398115591746377049e+03	2.252402806618334918e-01	1.428777993785416423e-01	2.681451136823845838e-01	1.665680827130926189e-01	7.845586750768158979e-02	3.325020594084572567e-02	8.546265011550732704e-02
1.402953361960032225e+03	2.247218220628124374e-01	1.425162940224466435e-01	2.684833688797030327e-01	1.668012727378289095e-01	7.855348935629891116e-02	3.331475384311727989e-02	8.560899909767978599e-02
1.407791132173687402e+03	2.242063143184940543e-01	1.421567969247443108e-01	2.688196103247941782e-01	1.670331309008593335e-01	7.865059130911511431e-02	3.337903148200141445e-02	8.575452473987861535e-02
1.412628902387342805e+03	2.236937400637493967e-01	1.417992973499820342e-01	2.691538509567253379e-01	1.672636646144494144e-01	7.874717606058316555e-02	3.344303953132077983e-02	8.589923142307691328e-02
1.417466672600997981e+03	2.231840820478531440e-01	1.414437846100247698e-01	2.694861036194667880e-01	1.674928812524165145e-01	7.884324629220128278e-02	3.350677866935426047e-02	8.604312350857026837e-02
1.422304442814653157e+03	2.226773231334659431e-01	1.410902480640955636e-01	2.698163810627206560e-01	1.677207881503015585e-01	7.893880467256496336e-02	3.357024957872659088e-02	8.618620533801177319e-02
1.427142213028308333e+03	2.221734462956308498e-01	1.407386771188088581e-01	2.701446959427411532e-01	1.679473926055397859e-01	7.903385385741870661e-02	3.363345294629958848e-02	8.632848123344809277e-02
1.431979983241963964e+03	2.216724346207838148e-01	1.403890612281962769e-01	2.704710608231475355e-01	1.681727018776305871e-01	7.912839648970759754e-02	3.369638946306478811e-02	8.646995549735643494e-02
1.436817753455619140e+03	2.211742713057782139e-01	1.400413898937256929e-01	2.707954881757282384e-01	1.683967231883062854e-01	7.922243519962869629e-02	3.375905982403766548e-02	8.661063241268229795e-02
1.441655523669274316e+03	2.206789396569223127e-01	1.396956526643131358e-01	2.711179903812375169e-01	1.686194637217002246e-01	7.931597260468237209e-02	3.382146472815323462e-02	8.675051624287834218e-02
1.446493293882929493e+03	2.201864230890305807e-01	1.393518391363282594e-01	2.714385797301838710e-01	1.688409306245140240e-01	7.940901130972330413e-02	3.388360487816321348e-02	8.688961123194385849e-02
1.451331064096585123e+03	2.196967051244873848e-01	1.390099389535934538e-01	2.717572684236110869e-01	1.690611310061839456e-01	7.950155390701142688e-02	3.394548098053455643e-02	8.702792160446526371e-02
1.456168834310240300e+03	2.192097693923238944e-01	1.386699418073763512e-01	2.720740685738712306e-01	1.692800719390463726e-01	7.959360297626273673e-02	3.400709374534939544e-02	8.716545156565722041e-02
1.461006604523895703e+03	2.187255996273070602e-01	1.383318374363766146e-01	2.723889922053897572e-01	1.694977604585028164e-01	7.968516108469983483e-02	3.406844388620644537e-02	8.730220530140465895e-02
1.465844374737550879e+03	2.182441796690410829e-01	1.379956156267067025e-01	2.727020512554238496e-01	1.697142035631839241e-01	7.977623078710240068e-02	3.412953212012376919e-02	8.743818697830547937e-02
1.470682144951206283e+03	2.177654934610806781e-01	1.376612662118669173e-01	2.730132575748123180e-01	1.699294082151129037e-01	7.986681462585752678e-02	3.419035916744289638e-02	8.757340074371398886e-02
1.475519915164861459e+03	2.172895250500562481e-01	1.373287790727147906e-01	2.733226229287187836e-01	1.701433813398682271e-01	7.995691513100984527e-02	3.425092575173434295e-02	8.770785072578503316e-02
1.480357685378516862e+03	2.168162585848106283e-01	1.369981441374293063e-01	2.736301589973669235e-01	1.703561298267455837e-01	8.004653482031154343e-02	3.431123259970443595e-02	8.784154103351880793e-02
1.485195455592172038e+03	2.163456783155469632e-01	1.366693513814697392e-01	2.739358773767691102e-01	1.705676605289194181e-01	8.013567619927219887e-02	3.437128044110346337e-02	8.797447575680636400e-02
1.490033225805827215e+03	2.158777685929878787e-01	1.363423908275294416e-01	2.742397895794471130e-01	1.707779802636034405e-01	8.022434176120854521e-02	3.443107000863517009e-02	8.810665896647569550e-02
1.494870996019482618e+03	2.154125138675454243e-01	1.360172525454848291e-01	2.745419070351461377e-01	1.709870958122109430e-01	8.031253398729401582e-02	3.449060203786750295e-02	8.823809471433845253e-02
1.499708766233137567e+03	2.149498986885018670e-01	1.356939266523395082e-01	2.748422410915417058e-01	1.711950139205141441e-01	8.040025534660820428e-02	3.454987726714465329e-02	8.836878703323730599e-02
1.504546536446793198e+03	2.144899077032006995e-01	1.353724033121637416e-01	2.751408030149393724e-01	1.714017412988032563e-01	8.048750829618614433e-02	3.460889643750036243e-02	8.849873993709379827e-02
1.509384306660448374e+03	2.140325256562483347e-01	1.350526727360296109e-01	2.754376039909679497e-01	1.716072846220446646e-01	8.057429528106749284e-02	3.466766029257248999e-02	8.862795742095687379e-02
1.514222076874103550e+03	2.135777373887255137e-01	1.347347251819416281e-01	2.757326551252651803e-01	1.718116505300388563e-01	8.066061873434557383e-02	3.472616957851877573e-02	8.875644346105179827e-02
1.519059847087758726e+03	2.131255278374090401e-01	1.344185509547633217e-01	2.760259674441574718e-01	1.720148456275775450e-01	8.074648107721624224e-02	3.478442504393385037e-02	8.888420201482981342e-02
1.523897617301414357e+03	2.126758820340028666e-01	1.341041404061396602e-01	2.763175518953321363e-01	1.722168764846004063e-01	8.083188471902669203e-02	3.484242743976743995e-02	8.901123702101805535e-02
1.528735387515069533e+03	2.122287851043788698e-01	1.337914839344157003e-01	2.766074193485034693e-01	1.724177496363511752e-01	8.091683205732405626e-02	3.490017751924377742e-02	8.913755239967019461e-02
1.533573157728724709e+03	2.117842222678272268e-01	1.334805719845510719e-01	2.768955805960721661e-01	1.726174715835332718e-01	8.100132547790393767e-02	3.495767603778215243e-02	8.926315205221740934e-02
1.538410927942380113e+03	2.113421788363156750e-01	1.331713950480311881e-01	2.771820463537780777e-01	1.728160487924650102e-01	8.108536735485877278e-02	3.501492375291863357e-02	8.938803986151981629e-02
1.543248698156035516e+03	2.109026402137580136e-01	1.328639436627745973e-01	2.774668272613468045e-01	1.730134876952341416e-01	8.116896005062611275e-02	3.507192142422897729e-02	8.951221969191851258e-02
1.548086468369690692e+03	2.104655918952915428e-01	1.325582084130369209e-01	2.777499338831295184e-01	1.732097946898519814e-01	8.125210591603672372e-02	3.512866981325259846e-02	8.963569538928786717e-02
1.552924238583346096e+03	2.100310194665628849e-01	1.322541799293115716e-01	2.780313767087370103e-01	1.734049761404070356e-01	8.133480729036259016e-02	3.518516968341772744e-02	8.975847078108831201e-02
1.557762008797001272e+03	2.095989086030228266e-01	1.319518488882271690e-01	2.783111661536669668e-01	1.735990383772182122e-01	8.141706650136482093e-02	3.524142179996761493e-02	8.988054967641954940e-02
1.562599779010656675e+03	2.091692450692292649e-01	1.316512060124417627e-01	2.785893125599253617e-01	1.737919876969874489e-01	8.149888586534137502e-02	3.529742692988786790e-02	9.000193586607413421e-02
1.567437549224311852e+03	2.087420147181584529e-01	1.313522420705342253e-01	2.788658261966416307e-01	1.739838303629519245e-01	8.158026768717470401e-02	3.535318584183484714e-02	9.012263312259143067e-02
1.572275319437967255e+03	2.083172034905245162e-01	1.310549478768924803e-01	2.791407172606779619e-01	1.741745726050358545e-01	8.166121426037925568e-02	3.540869930606514726e-02	9.024264520031199943e-02
1.577113089651622431e+03	2.078947974141067134e-01	1.307593142915990103e-01	2.794139958772325905e-01	1.743642206200016753e-01	8.174172786714885286e-02	3.546396809436608288e-02	9.036197583543222056e-02
1.581950859865277607e+03	2.074747826030848563e-01	1.304653322203138677e-01	2.796856721004367663e-01	1.745527805716010905e-01	8.182181077840400274e-02	3.551899297998726418e-02	9.048062874605938832e-02
1.586788630078933011e+03	2.070571452573818638e-01	1.301729926141545757e-01	2.799557559139462803e-01	1.747402585907252281e-01	8.190146525383897036e-02	3.557377473757317859e-02	9.059860763226706970e-02
1.591626400292587959e+03	2.066418716620146145e-01	1.298822864695740598e-01	2.802242572315272184e-01	1.749266607755547154e-01	8.198069354196890757e-02	3.562831414309678563e-02	9.071591617615079595e-02
1.596464170506243590e+03	2.062289481864515162e-01	1.295932048282356364e-01	2.804911858976359973e-01	1.751119931917091421e-01	8.205949788017664892e-02	3.568261197379410388e-02	9.083255804188411497e-02
1.601301940719898766e+03	2.058183612839778465e-01	1.293057387768860034e-01	2.807565516879929057e-01	1.752962618723962473e-01	8.213788049475954922e-02	3.573666900809981117e-02	9.094853687577481027e-02
1.606139710933553943e+03	2.054100974910681165e-01	1.290198794472257604e-01	2.810203643101514270e-01	1.754794728185603281e-01	8.221584360097619615e-02	3.579048602558378145e-02	9.106385630632159167e-02
1.610977481147209119e+03	2.050041434267654006e-01	1.287356180157777918e-01	2.812826334040609000e-01	1.756616319990306485e-01	8.229338940309288697e-02	3.584406380688862775e-02	9.117851994427095264e-02
1.615815251360864750e+03	2.046004857920677433e-01	1.284529457037535682e-01	2.815433685426242394e-01	1.758427453506690719e-01	8.237052009443011913e-02	3.589740313366818203e-02	9.129253138267430512e-02
1.620653021574519926e+03	2.041991113693212290e-01	1.281718537769174493e-01	2.818025792322498280e-01	1.760228187785174980e-01	8.244723785740885880e-02	3.595050478852691161e-02	9.140589419694540585e-02
1.625490791788175102e+03	2.038000070216199333e-01	1.278923335454489607e-01	2.820602749133984677e-01	1.762018581559447461e-01	8.252354486359678165e-02	3.600336955496024477e-02	9.151861194491801854e-02
1.630328562001830505e+03	2.034031596922122043e-01	1.276143763638031836e-01	2.823164649611246690e-01	1.763798693247930760e-01	8.259944327375430551e-02	3.605599821729586762e-02	9.163068816690383978e-02
1.635166332215485909e+03	2.030085564039136314e-01	1.273379736305694232e-01	2.825711586856128332e-01	1.765568580955242106e-01	8.267493523788058130e-02	3.610839156063586075e-02	9.174212638575061918e-02
1.640004102429141085e+03	2.026161842585262884e-01	1.270631167883281010e-01	2.828243653327080498e-01	1.767328302473649970e-01	8.275002289525935917e-02	3.616055037079980022e-02	9.185293010690055715e-02
1.644841872642796488e+03	2.022260304362642203e-01	1.267897973235060094e-01	2.830760940844420648e-01	1.769077915284527069e-01	8.282470837450467416e-02	3.621247543426866361e-02	9.196310281844884138e-02
1.649679642856451665e+03	2.018380821951851478e-01	1.265180067662298458e-01	2.833263540595537533e-01	1.770817476559798098e-01	8.289899379360647635e-02	3.626416753812967270e-02	9.207264799120250254e-02
1.654517413070107068e+03	2.014523268706281123e-01	1.262477366901784692e-01	2.835751543140049846e-01	1.772547043163383018e-01	8.297288125997610841e-02	3.631562747002196889e-02	9.218156907873931161e-02
1.659355183283762244e+03	2.010687518746571700e-01	1.259789787124334925e-01	2.838225038414908807e-01	1.774266671652637573e-01	8.304637287049169980e-02	3.636685601808313517e-02	9.228986951746706580e-02
1.664192953497417420e+03	2.006873446955109441e-01	1.257117244933284306e-01	2.840684115739459670e-01	1.775976418279789082e-01	8.311947071154345001e-02	3.641785397089659926e-02	9.239755272668287445e-02
1.669030723711072824e+03	2.003080928970578101e-01	1.254459657362967107e-01	2.843128863820446606e-01	1.777676338993367522e-01	8.319217685907871751e-02	3.646862211743977233e-02	9.250462210863276413e-02
1.673868493924728000e+03	1.999309841182568825e-01	1.251816941877182954e-01	2.845559370756972628e-01	1.779366489439632160e-01	8.326449337864708089e-02	3.651916124703313837e-02	9.261108104857131151e-02
1.678706264138383403e+03	1.995560060726245533e-01	1.249189016367649313e-01	2.847975724045413437e-01	1.781046924963995970e-01	8.333642232544520578e-02	3.656947214929000961e-02	9.271693291482159538e-02
1.683544034352038352e+03	1.991831465477064134e-01	1.246575799152445235e-01	2.850378010584279642e-01	1.782717700612443390e-01	8.340796574436169786e-02	3.661955561406719795e-02	9.282218105883514869e-02
1.688381804565693983e+03	1.988123934045546715e-01	1.243977208974441501e-01	2.852766316679036240e-01	1.784378871132945577e-01	8.347912567002174766e-02	3.666941243141640799e-02	9.292682881525216043e-02
1.693219574779349159e+03	1.984437345772108452e-01	1.241393164999721188e-01	2.855140728046873244e-01	1.786030490976871499e-01	8.354990412683166445e-02	3.671904339153643504e-02	9.303087950196181621e-02
1.698057344993004335e+03	1.980771580721937264e-01	1.238823586815990113e-01	2.857501329821431901e-01	1.787672614300392926e-01	8.362030312902335449e-02	3.676844928472612628e-02	9.313433642016263891e-02
1.702895115206659511e+03	1.977126519679924255e-01	1.236268394430977691e-01	2.859848206557484840e-01	1.789305294965888304e-01	8.369032468069857733e-02	3.681763090133807065e-02	9.323720285442317623e-02
1.707732885420315142e+03	1.973502044145644396e-01	1.233727508270828221e-01	2.862181442235572360e-01	1.790928586543339418e-01	8.375997077587322981e-02	3.686658903173307272e-02	9.333948207274260500e-02
1.712570655633970318e+03	1.969898036328389113e-01	1.231200849178483991e-01	2.864501120266591538e-01	1.792542542311726383e-01	8.382924339852138029e-02	3.691532446623538299e-02	9.344117732661157139e-02
1.717408425847625494e+03	1.966314379142244106e-01	1.228688338412060044e-01	2.866807323496345927e-01	1.794147215260416262e-01	8.389814452261923350e-02	3.696383799508860118e-02	9.354229185107305888e-02
1.722246196061280898e+03	1.962750956201220198e-01	1.226189897643211318e-01	2.869100134210047504e-01	1.795742658090549171e-01	8.396667611218899818e-02	3.701213040841232899e-02	9.364282886478339507e-02
1.727083966274936301e+03	1.959207651814428575e-01	1.223705448955492159e-01	2.871379634136779768e-01	1.797328923216419683e-01	8.403484012134260217e-02	3.706020249615956524e-02	9.374279157007338326e-02
1.731921736488591478e+03	1.955684350981302666e-01	1.221234914842709990e-01	2.873645904453914768e-01	1.798906062766853498e-01	8.410263849432531025e-02	3.710805504807471872e-02	9.384218315300947577e-02
1.736759506702246881e+03	1.952180939386869152e-01	1.218778218207271224e-01	2.875899025791489594e-01	1.800474128586579681e-01	8.417007316555920327e-02	3.715568885365241186e-02	9.394100678345504440e-02
1.741597276915902057e+03	1.948697303397060598e-01	1.216335282358521896e-01	2.878139078236541804e-01	1.802033172237600678e-01	8.423714605968654623e-02	3.720310470209690912e-02	9.403926561513169247e-02
1.746435047129557461e+03	1.945233330054075560e-01	1.213906031011082465e-01	2.880366141337403763e-01	1.803583245000554836e-01	8.430385909161308700e-02	3.725030338228223215e-02	9.413696278568067788e-02
1.751272817343212637e+03	1.941788907071781423e-01	1.211490388283177622e-01	2.882580294107954799e-01	1.805124397876078368e-01	8.437021416655110517e-02	3.729728568271294120e-02	9.423410141672443341e-02
1.756110587556867813e+03	1.938363922831161101e-01	1.209088278694961244e-01	2.884781615031833391e-01	1.806656681586159552e-01	8.443621318006251653e-02	3.734405239148556876e-02	9.433068461392807302e-02
1.760948357770523216e+03	1.934958266375802760e-01	1.206699627166836070e-01	2.886970182066612156e-01	1.808180146575491254e-01	8.450185801810168595e-02	3.739060429625072624e-02	9.442671546706099539e-02
1.765786127984178393e+03	1.931571827407431441e-01	1.204324359017770185e-01	2.889146072647931218e-01	1.809694843012817633e-01	8.456715055705825435e-02	3.743694218417584207e-02	9.452219705005850126e-02
1.770623898197833569e+03	1.928204496281480940e-01	1.201962399963609346e-01	2.891309363693590484e-01	1.811200820792277788e-01	8.463209266379971563e-02	3.748306684190849669e-02	9.461713242108352184e-02
1.775461668411488745e+03	1.924856164002709813e-01	1.199613676115385275e-01	2.893460131607609176e-01	1.812698129534743852e-01	8.469668619571406321e-02	3.752897905554043734e-02	9.471152462258831950e-02
1.780299438625144376e+03	1.921526722220853745e-01	1.197278113977621461e-01	2.895598452284242064e-01	1.814186818589154926e-01	8.476093300075208947e-02	3.757467961057217587e-02	9.480537668137621610e-02
1.785137208838799552e+03	1.918216063226320378e-01	1.194955640446636741e-01	2.897724401111959058e-01	1.815666937033848238e-01	8.482483491746969917e-02	3.762016929187817632e-02	9.489869160866343245e-02
1.789974979052454728e+03	1.914924079945923008e-01	1.192646182808844157e-01	2.899838052977388725e-01	1.817138533677883916e-01	8.488839377507012562e-02	3.766544888367271554e-02	9.499147240014089999e-02
1.794812749266109904e+03	1.911650665938651461e-01	1.190349668739049960e-01	2.901939482269227932e-01	1.818601657062366983e-01	8.495161139344589718e-02	3.771051916947625732e-02	9.508372203603601691e-02
1.799650519479765535e+03	1.908395715391482395e-01	1.188066026298749411e-01	2.904028762882103765e-01	1.820056355461764364e-01	8.501448958322080363e-02	3.775538093208245793e-02	9.517544348117457087e-02
1.804488289693420711e+03	1.905159123115226782e-01	1.185795183934421071e-01	2.906105968220414337e-01	1.821502676885216609e-01	8.507703014579170997e-02	3.780003495352571297e-02	9.526663968504257840e-02
1.809326059907075887e+03	1.901940784540414042e-01	1.183537070475820102e-01	2.908171171202122429e-01	1.822940669077846854e-01	8.513923487337014817e-02	3.784448201504931469e-02	9.535731358184808271e-02
1.814163830120731291e+03	1.898740595713213353e-01	1.181291615134269363e-01	2.910224444262518584e-01	1.824370379522065322e-01	8.520110554902396438e-02	3.788872289707412994e-02	9.544746809058311798e-02
1.819001600334386467e+03	1.895558453291389112e-01	1.179058747500951465e-01	2.912265859357949793e-01	1.825791855438868294e-01	8.526264394671867475e-02	3.793275837916787463e-02	9.553710611508546557e-02
1.823839370548041643e+03	1.892394254540295528e-01	1.176838397545198339e-01	2.914295487969509324e-01	1.827205143789132069e-01	8.532385183135884898e-02	3.797658924001492964e-02	9.562623054410057666e-02
1.828677140761696819e+03	1.889247897328901749e-01	1.174630495612781628e-01	2.916313401106697678e-01	1.828610291274906097e-01	8.538473095882918862e-02	3.802021625738662841e-02	9.571484425134337004e-02
1.833514910975352450e+03	1.886119280125854170e-01	1.172434972424202249e-01	2.918319669311046916e-01	1.830007344340696951e-01	8.544528307603564687e-02	3.806364020811216914e-02	9.580295009556007158e-02
1.838352681189008081e+03	1.883008301995573452e-01	1.170251759072980929e-01	2.920314362659710006e-01	1.831396349174751470e-01	8.550550992094635427e-02	3.810686186805001957e-02	9.589055092058999807e-02
1.843190451402663257e+03	1.879914862594382619e-01	1.168080787023947770e-01	2.922297550769019092e-01	1.832777351710334346e-01	8.556541322263241933e-02	3.814988201205982143e-02	9.597764955542736898e-02
1.848028221616318433e+03	1.876838862166669286e-01	1.165921988111533608e-01	2.924269302798013226e-01	1.834150397626999884e-01	8.562499470130859047e-02	3.819270141397481527e-02	9.606424881428303475e-02
1.852865991829973609e+03	1.873780201541081492e-01	1.163775294538061389e-01	2.926229687451928352e-01	1.835515532351861545e-01	8.568425606837382080e-02	3.823532084657479957e-02	9.615035149664619141e-02
1.857703762043628785e+03	1.870738782126755984e-01	1.161640638872038361e-01	2.928178772985656764e-01	1.836872801060855931e-01	8.574319902645174962e-02	3.827774108155954785e-02	9.623596038734606728e-02
1.862541532257283961e+03	1.867714505909575939e-01	1.159517954046450083e-01	2.930116627207180469e-01	1.838222248680001780e-01	8.580182526943090637e-02	3.831996288952275315e-02	9.632107825661356815e-02
1.867379302470939592e+03	1.864707275448462265e-01	1.157407173357055397e-01	2.932043317480963474e-01	1.839563919886656185e-01	8.586013648250498398e-02	3.836198703992640263e-02	9.640570786014288074e-02
1.872217072684594768e+03	1.861716993871695702e-01	1.155308230460682650e-01	2.933958910731321312e-01	1.840897859110763868e-01	8.591813434221284851e-02	3.840381430107572130e-02	9.648985193915303460e-02
1.877054842898249490e+03	1.858743564873268916e-01	1.153221059373528284e-01	2.935863473445754490e-01	1.842224110536104520e-01	8.597582051647845169e-02	3.844544544009450421e-02	9.657351322044940845e-02
1.881892613111905121e+03	1.855786892709267721e-01	1.151145594469456246e-01	2.937757071678255283e-01	1.843542718101532918e-01	8.603319666465064630e-02	3.848688122290095520e-02	9.665669441648516713e-02
1.886730383325560297e+03	1.852846882194284783e-01	1.149081770478301151e-01	2.939639771052581230e-01	1.844853725502217656e-01	8.609026443754286273e-02	3.852812241418398370e-02	9.673939822542265699e-02
1.891568153539215928e+03	1.849923438697861355e-01	1.147029522484171310e-01	2.941511636765499760e-01	1.846157176190873217e-01	8.614702547747267458e-02	3.856916977737992469e-02	9.682162733119477338e-02
1.896405923752871104e+03	1.847016468140957046e-01	1.144988785923756747e-01	2.943372733590007284e-01	1.847453113378987322e-01	8.620348141830114219e-02	3.861002407464976527e-02	9.690338440356618954e-02
1.901243693966526507e+03	1.844125876992449842e-01	1.142959496584637497e-01	2.945223125878511095e-01	1.848741580038046062e-01	8.625963388547219779e-02	3.865068606685676672e-02	9.698467209819459922e-02
1.906081464180181683e+03	1.841251572265663050e-01	1.140941590603595929e-01	2.947062877565989059e-01	1.850022618900750704e-01	8.631548449605172535e-02	3.869115651354452373e-02	9.706549305669183447e-02
1.910919234393836859e+03	1.838393461514923333e-01	1.138935004464931150e-01	2.948892052173120448e-01	1.851296272462234216e-01	8.637103485876664044e-02	3.873143617291547464e-02	9.714584990668492792e-02
1.915757004607492036e+03	1.835551452832141217e-01	1.136939674998777294e-01	2.950710712809384573e-01	1.852562582981269745e-01	8.642628657404380355e-02	3.877152580180982105e-02	9.722574526187711952e-02
1.920594774821147894e+03	1.832725454843423252e-01	1.134955539379423478e-01	2.952518922176132210e-01	1.853821592481477432e-01	8.648124123404876684e-02	3.881142615568487775e-02	9.730518172210872452e-02
1.925432545034802843e+03	1.829915376705710528e-01	1.132982535123638751e-01	2.954316742569634280e-01	1.855073342752524002e-01	8.653590042272442384e-02	3.885113798859483186e-02	9.738416187341802921e-02
1.930270315248458019e+03	1.827121128103440240e-01	1.131020600088998851e-01	2.956104235884097764e-01	1.856317875351319868e-01	8.659026571582954801e-02	3.889066205317086994e-02	9.746268828810199236e-02
1.935108085462113195e+03	1.824342619245238883e-01	1.129069672472216984e-01	2.957881463614657203e-01	1.857555231603209567e-01	8.664433868097717872e-02	3.892999910060179758e-02	9.754076352477687728e-02
1.939945855675768371e+03	1.821579760860637665e-01	1.127129690807478907e-01	2.959648486860337879e-01	1.858785452603160804e-01	8.669812087767286846e-02	3.896914988061495749e-02	9.761839012843884222e-02
1.944783625889424002e+03	1.818832464196814547e-01	1.125200593964780366e-01	2.961405366326992361e-01	1.860008579216945457e-01	8.675161385735284669e-02	3.900811514145760550e-02	9.769557063052444756e-02
1.949621396103079178e+03	1.816100641015362394e-01	1.123282321148269675e-01	2.963152162330214834e-01	1.861224652082318076e-01	8.680481916342200344e-02	3.904689562987863349e-02	9.777230754897099640e-02
1.954459166316734354e+03	1.813384203589081256e-01	1.121374811894592927e-01	2.964888934798224907e-01	1.862433711610189668e-01	8.685773833129176169e-02	3.908549209111068790e-02	9.784860338827683357e-02
1.959296936530389530e+03	1.810683064698796196e-01	1.119478006071245174e-01	2.966615743274725325e-01	1.863635797985795650e-01	8.691037288841781117e-02	3.912390526885265590e-02	9.792446063956147806e-02
1.964134706744044706e+03	1.807997137630198703e-01	1.117591843874922997e-01	2.968332646921738038e-01	1.864830951169861306e-01	8.696272435433774484e-02	3.916213590525256111e-02	9.799988178062576938e-02
1.968972476957700337e+03	1.805326336170713086e-01	1.115716265829884424e-01	2.970039704522413060e-01	1.866019210899760583e-01	8.701479424070852897e-02	3.920018474089074362e-02	9.807486927601177795e-02
1.973810247171355968e+03	1.802670574606387299e-01	1.113851212786310385e-01	2.971736974483812910e-01	1.867200616690671000e-01	8.706658405134386214e-02	3.923805251476347039e-02	9.814942557706271553e-02
1.978648017385010689e+03	1.800029767718804852e-01	1.111996625918672404e-01	2.973424514839670962e-01	1.868375207836724394e-01	8.711809528225140931e-02	3.927573996426688557e-02	9.822355312198266519e-02
1.983485787598666320e+03	1.797403830782023371e-01	1.110152446724103903e-01	2.975102383253128147e-01	1.869543023412153782e-01	8.716932942166986942e-02	3.931324782518128003e-02	9.829725433589620032e-02
1.988323557812321269e+03	1.794792679559535087e-01	1.108318617020776775e-01	2.976770637019441335e-01	1.870704102272433000e-01	8.722028795010597357e-02	3.935057683165574249e-02	9.837053163090794805e-02
1.993161328025976900e+03	1.792196230301248416e-01	1.106495078946281713e-01	2.978429333068674523e-01	1.871858483055414413e-01	8.727097234037126117e-02	3.938772771619312996e-02	9.844338740616198624e-02
1.997999098239632076e+03	1.789614399740494521e-01	1.104681774956014356e-01	2.980078527968358371e-01	1.873006204182461054e-01	8.732138405761886990e-02	3.942470120963539881e-02	9.851582404790112935e-02
2.002836868453287707e+03	1.787047105091055799e-01	1.102878647821565750e-01	2.981718277926133642e-01	1.874147303859573788e-01	8.737152455938000661e-02	3.946149804114920667e-02	9.858784392952607556e-02
2.007674638666942428e+03	1.784494264044215184e-01	1.101085640629117235e-01	2.983348638792365781e-01	1.875281820078514294e-01	8.742139529560045974e-02	3.949811893821192355e-02	9.865944941165448456e-02
2.012512408880597604e+03	1.781955794765828216e-01	1.099302696777840899e-01	2.984969666062741722e-01	1.876409790617923345e-01	8.747099770867688973e-02	3.953456462659791365e-02	9.873064284217986097e-02
2.017350179094252780e+03	1.779431615893417307e-01	1.097529759978304736e-01	2.986581414880839502e-01	1.877531253044435189e-01	8.752033323349299454e-02	3.957083583036512947e-02	9.880142655633035453e-02
2.022187949307908411e+03	1.776921646533285160e-01	1.095766774250883924e-01	2.988183940040676223e-01	1.878646244713785551e-01	8.756940329745557805e-02	3.960693327184204582e-02	9.887180287672742152e-02
2.027025719521564042e+03	1.774425806257652893e-01	1.094013683924175556e-01	2.989777295989237693e-01	1.879754802771917699e-01	8.761820932053042410e-02	3.964285767161487839e-02	9.894177411344437512e-02
2.031863489735218764e+03	1.771944015101815928e-01	1.092270433633420051e-01	2.991361536828983092e-01	1.880856964156080724e-01	8.766675271527812896e-02	3.967860974851515621e-02	9.901134256406476930e-02
2.036701259948874394e+03	1.769476193561321520e-01	1.090536968318926575e-01	2.992936716320327983e-01	1.881952765595926169e-01	8.771503488688973948e-02	3.971419021960750917e-02	9.908051051374061613e-02
2.041539030162529116e+03	1.767022262589167392e-01	1.088813233224505267e-01	2.994502887884102904e-01	1.883042243614598266e-01	8.776305723322228025e-02	3.974959980017783029e-02	9.914928023525057532e-02
2.046376800376184747e+03	1.764582143593020347e-01	1.087099173895903353e-01	2.996060104603999186e-01	1.884125434529820564e-01	8.781082114483412804e-02	3.978483920372168775e-02	9.921765398905788014e-02
2.051214570589840150e+03	1.762155758432454034e-01	1.085394736179247782e-01	2.997608419228985355e-01	1.885202374454977292e-01	8.785832800502031692e-02	3.981990914193302145e-02	9.928563402336820776e-02
2.056052340803495554e+03	1.759743029416208915e-01	1.083699866219492852e-01	2.999147884175705769e-01	1.886273099300190548e-01	8.790557918984759356e-02	3.985481032469316565e-02	9.935322257418741088e-02
2.060890111017150957e+03	1.757343879299467782e-01	1.082014510458873813e-01	3.000678551530860383e-01	1.887337644773392220e-01	8.795257606818945861e-02	3.988954346006011453e-02	9.942042186537898563e-02
2.065727881230805451e+03	1.754958231281155689e-01	1.080338615635365179e-01	3.002200473053559526e-01	1.888396046381392857e-01	8.799932000176105551e-02	3.992410925425805140e-02	9.948723410872158113e-02
2.070565651444461309e+03	1.752586009001254330e-01	1.078672128781145434e-01	3.003713700177663148e-01	1.889448339430944424e-01	8.804581234515389265e-02	3.995850841166716932e-02	9.955366150396617597e-02
2.075403421658116713e+03	1.750227136538139994e-01	1.077014997221067139e-01	3.005218284014098962e-01	1.890494559029799460e-01	8.809205444587039913e-02	3.999274163481379707e-02	9.961970623889326859e-02
2.080241191871772116e+03	1.747881538405935964e-01	1.075367168571132737e-01	3.006714275353157828e-01	1.891534740087764677e-01	8.813804764435846650e-02	4.002680962436070550e-02	9.968537048936980394e-02
2.085078962085427065e+03	1.745549139551886841e-01	1.073728590736975907e-01	3.008201724666773047e-01	1.892568917317750676e-01	8.818379327404574086e-02	4.006071307909775392e-02	9.975065641940597527e-02
2.089916732299082469e+03	1.743229865353750352e-01	1.072099211912348887e-01	3.009680682110778549e-01	1.893597125236818335e-01	8.822929266137388704e-02	4.009445269593273770e-02	9.981556618121190105e-02
2.094754502512737417e+03	1.740923641617205808e-01	1.070478980577615757e-01	3.011151197527149881e-01	1.894619398167217417e-01	8.827454712583258922e-02	4.012802916988252033e-02	9.988010191525413528e-02
2.099592272726392821e+03	1.738630394573284499e-01	1.068867845498251562e-01	3.012613320446221321e-01	1.895635770237424911e-01	8.831955797999356539e-02	4.016144319406439456e-02	9.994426575031199744e-02
2.104430042940048224e+03	1.736350050875813400e-01	1.067265755723346282e-01	3.014067100088889672e-01	1.896646275383173930e-01	8.836432652954435973e-02	4.019469545968771401e-02	1.000080598035338053e-01
2.109267813153704083e+03	1.734082537598879148e-01	1.065672660584116027e-01	3.015512585368798071e-01	1.897650947348482608e-01	8.840885407332203794e-02	4.022778665604574005e-02	1.000714861804928579e-01
2.114105583367359031e+03	1.731827782234310886e-01	1.064088509692419221e-01	3.016949824894498700e-01	1.898649819686676343e-01	8.845314190334674365e-02	4.026071747050773142e-02	1.001345469752433076e-01
2.118943353581013525e+03	1.729585712689176713e-01	1.062513252939280006e-01	3.018378866971598851e-01	1.899642925761404755e-01	8.849719130485508845e-02	4.029348858851129755e-02	1.001972442703759070e-01
2.123781123794669384e+03	1.727356257283300389e-01	1.060946840493414978e-01	3.019799759604891443e-01	1.900630298747655600e-01	8.854100355633352792e-02	4.032610069355495319e-02	1.002595801370735618e-01
2.128618894008324787e+03	1.725139344746795533e-01	1.059389222799769492e-01	3.021212550500463334e-01	1.901611971632763687e-01	8.858457992955141858e-02	4.035855446719088802e-02	1.003215566351666893e-01
2.133456664221980191e+03	1.722934904217613139e-01	1.057840350578057032e-01	3.022617287067789760e-01	1.902587977217416182e-01	8.862792168959413019e-02	4.039085058901802083e-02	1.003831758131884522e-01
2.138294434435635139e+03	1.720742865239109909e-01	1.056300174821305643e-01	3.024014016421806561e-01	1.903558348116650700e-01	8.867103009489589460e-02	4.042298973667522721e-02	1.004444397084298113e-01
2.143132204649290543e+03	1.718563157757630189e-01	1.054768646794410070e-01	3.025402785384970761e-01	1.904523116760852286e-01	8.871390639727265437e-02	4.045497258583478917e-02	1.005053503469944126e-01
2.147969974862945492e+03	1.716395712120105943e-01	1.053245718032691652e-01	3.026783640489301153e-01	1.905482315396743176e-01	8.875655184195460623e-02	4.048679981019605995e-02	1.005659097438533212e-01
2.152807745076601350e+03	1.714240459071672551e-01	1.051731340340461285e-01	3.028156627978400572e-01	1.906435976088370343e-01	8.879896766761875837e-02	4.051847208147935780e-02	1.006261199028995745e-01
2.157645515290255844e+03	1.712097329753300978e-01	1.050225465789590695e-01	3.029521793809463737e-01	1.907384130718087212e-01	8.884115510642132119e-02	4.054999006942008877e-02	1.006859828170025284e-01
2.162483285503912157e+03	1.709966255699445492e-01	1.048728046718089418e-01	3.030879183655266762e-01	1.908326810987530098e-01	8.888311538402997314e-02	4.058135444176298734e-02	1.007455004680621047e-01
2.167321055717567106e+03	1.707847168835706919e-01	1.047239035728687317e-01	3.032228842906140587e-01	1.909264048418593540e-01	8.892484971965590457e-02	4.061256586425667642e-02	1.008046748270628457e-01
2.172158825931222509e+03	1.705740001476512835e-01	1.045758385687423908e-01	3.033570816671929404e-01	1.910195874354396472e-01	8.896635932608590314e-02	4.064362500064834516e-02	1.008635078541277597e-01
2.176996596144877003e+03	1.703644686322811630e-01	1.044286049722242676e-01	3.034905149783931888e-01	1.911122319960248672e-01	8.900764540971414784e-02	4.067453251267864195e-02	1.009220014985719588e-01
2.181834366358532861e+03	1.701561156459783786e-01	1.042821981221592753e-01	3.036231886796826318e-01	1.912043416224608883e-01	8.904870917057397528e-02	4.070528906007679637e-02	1.009801576989562966e-01
2.186672136572187810e+03	1.699489345354566472e-01	1.041366133833036556e-01	3.037551071990579055e-01	1.912959193960040993e-01	8.908955180236946547e-02	4.073589530055585911e-02	1.010379783831406170e-01
2.191509906785843214e+03	1.697429186853995076e-01	1.039918461461862564e-01	3.038862749372338579e-01	1.913869683804164945e-01	8.913017449250693058e-02	4.076635188980822638e-02	1.010954654683369758e-01
2.196347676999498617e+03	1.695380615182358330e-01	1.038478918269705592e-01	3.040166962678313989e-01	1.914774916220603751e-01	8.917057842212623708e-02	4.079665948150126148e-02	1.011526208611626121e-01
2.201185447213154021e+03	1.693343564939169266e-01	1.037047458673171774e-01	3.041463755375637956e-01	1.915674921499924410e-01	8.921076476613204465e-02	4.082681872727315919e-02	1.012094464576927116e-01
2.206023217426809424e+03	1.691317971096949480e-01	1.035624037342471326e-01	3.042753170664214135e-01	1.916569729760577434e-01	8.925073469322486464e-02	4.085683027672896983e-02	1.012659441435131563e-01
2.210860987640464373e+03	1.689303768999029787e-01	1.034208609200056167e-01	3.044035251478550141e-01	1.917459370949829156e-01	8.929048936593204921e-02	4.088669477743677588e-02	1.013221157937728850e-01
2.215698757854119776e+03	1.687300894357365022e-01	1.032801129419264052e-01	3.045310040489573877e-01	1.918343874844690433e-01	8.933002994063861391e-02	4.091641287492408380e-02	1.013779632732362129e-01
2.220536528067775180e+03	1.685309283250361612e-01	1.031401553422968687e-01	3.046577580106438199e-01	1.919223271052842850e-01	8.936935756761790750e-02	4.094598521267438229e-02	1.014334884363349010e-01
2.225374298281430583e+03	1.683328872120720132e-01	1.030009836882237323e-01	3.047837912478305600e-01	1.920097589013558259e-01	8.940847339106224034e-02	4.097541243212381862e-02	1.014886931272201004e-01
2.230212068495085077e+03	1.681359597773293690e-01	1.028625935714992529e-01	3.049091079496127343e-01	1.920966857998614441e-01	8.944737854911326280e-02	4.100469517265812464e-02	1.015435791798140752e-01
2.235049838708740936e+03	1.679401397372957683e-01	1.027249806084681166e-01	3.050337122794398170e-01	1.921831107113207704e-01	8.948607417389235763e-02	4.103383407160963309e-02	1.015981484178617722e-01
2.239887608922396339e+03	1.677454208442494543e-01	1.025881404398949481e-01	3.051576083752903790e-01	1.922690365296860771e-01	8.952456139153074088e-02	4.106282976425450898e-02	1.016524026549821408e-01
2.244725379136052197e+03	1.675517968860493201e-01	1.024520687308324435e-01	3.052808003498450051e-01	1.923544661324324001e-01	8.956284132219964611e-02	4.109168288381008505e-02	1.017063436947193839e-01
2.249563149349706237e+03	1.673592616859259086e-01	1.023167611704900587e-01	3.054032922906583236e-01	1.924394023806475229e-01	8.960091508014013384e-02	4.112039406143243314e-02	1.017599733305939169e-01
2.254400919563362095e+03	1.671678091022742174e-01	1.021822134721034059e-01	3.055250882603289253e-01	1.925238481191215989e-01	8.963878377369297046e-02	4.114896392621401194e-02	1.018132933461531886e-01
2.259238689777017044e+03	1.669774330284474195e-01	1.020484213728041212e-01	3.056461922966687283e-01	1.926078061764358862e-01	8.967644850532829892e-02	4.117739310518149509e-02	1.018663055150223345e-01
2.264076459990672902e+03	1.667881273925521657e-01	1.019153806334905377e-01	3.057666084128703443e-01	1.926912793650515654e-01	8.971391037167521232e-02	4.120568222329377278e-02	1.019190116009546371e-01
