1.001418434226643626e+03	2.802606774964874203e-01	1.800956690228302515e-01	2.350034256008491640e-01	1.408699495108496069e-01	6.820833333654020836e-02	2.667189682119948044e-02	6.889004821112768018e-02
1.002869765290740247e+03	2.800100794911425939e-01	1.799252983203609990e-01	2.351859661100836052e-01	1.409742947871671925e-01	6.825188502768052279e-02	2.669705105790842400e-02	6.895542520554044652e-02
1.004321096354836754e+03	2.797599184818923557e-01	1.797552063873018857e-01	2.353681873827142002e-01	1.410784506045442421e-01	6.829536194394109083e-02	2.672217924088464425e-02	6.902069595860535478e-02
1.005772427418933376e+03	2.795101936251913055e-01	1.795853928362705909e-01	2.355500899614563493e-01	1.411824173618435596e-01	6.833876422235482528e-02	2.674728137175876388e-02	6.908586062100836866e-02
1.007223758483029997e+03	2.792609040797884856e-01	1.794158572798048024e-01	2.357316743881253951e-01	1.412861954568251643e-01	6.838209199967594520e-02	2.677235745227321551e-02	6.915091934339083479e-02
1.008675089547126618e+03	2.790120490067161119e-01	1.792465993303685445e-01	2.359129412036379547e-01	1.413897852861506488e-01	6.842534541238066981e-02	2.679740748428173155e-02	6.921587227634824757e-02
1.010126420611223239e+03	2.787636275692786381e-01	1.790776186003587289e-01	2.360938909480131687e-01	1.414931872453876749e-01	6.846852459666791235e-02	2.682243146974886902e-02	6.928071957042891693e-02
1.011577751675319632e+03	2.785156389330416538e-01	1.789089147021112602e-01	2.362745241603742274e-01	1.415964017290144150e-01	6.851162968845998791e-02	2.684742941074951678e-02	6.934546137613281647e-02
1.013029082739416367e+03	2.782680822658209485e-01	1.787404872479075590e-01	2.364548413789494541e-01	1.416994291304239095e-01	6.855466082340333500e-02	2.687240130946840985e-02	6.941009784391032056e-02
1.014480413803512761e+03	2.780209567376715207e-01	1.785723358499804458e-01	2.366348431410738307e-01	1.418022698419284244e-01	6.859761813686915399e-02	2.689734716819964025e-02	6.947462912416095537e-02
1.015931744867609382e+03	2.777742615208769195e-01	1.784044601205205249e-01	2.368145299831901918e-01	1.419049242547638090e-01	6.864050176395410097e-02	2.692226698934619203e-02	6.953905536723220537e-02
1.017383075931706003e+03	2.775279957899385863e-01	1.782368596716822073e-01	2.369939024408505845e-01	1.420073927590938256e-01	6.868331183948106489e-02	2.694716077541943478e-02	6.960337672341831983e-02
1.018834406995802851e+03	2.772821587215649197e-01	1.780695341155895395e-01	2.371729610487175455e-01	1.421096757440143965e-01	6.872604849799976434e-02	2.697202852903866216e-02	6.966759334295914707e-02
1.020285738059899245e+03	2.770367494946611164e-01	1.779024830643424204e-01	2.373517063405656269e-01	1.422117735975579611e-01	6.876871187378746919e-02	2.699687025293060622e-02	6.973170537603885777e-02
1.021737069123995752e+03	2.767917672903182913e-01	1.777357061300222640e-01	2.375301388492823962e-01	1.423136867066975841e-01	6.881130210084969445e-02	2.702168594992895856e-02	6.979571297278486242e-02
1.023188400188092373e+03	2.765472112918033742e-01	1.775692029246979664e-01	2.377082591068700457e-01	1.424154154573513409e-01	6.885381931292082480e-02	2.704647562297390548e-02	6.985961628326663175e-02
1.024639731252188767e+03	2.763030806845486187e-01	1.774029730604315125e-01	2.378860676444465583e-01	1.425169602343864250e-01	6.889626364346489173e-02	2.707123927511163181e-02	6.992341545749450327e-02
1.026091062316285615e+03	2.760593746561412765e-01	1.772370161492839158e-01	2.380635649922470398e-01	1.426183214216233397e-01	6.893863522567617030e-02	2.709597690949387683e-02	6.998711064541855709e-02
1.027542393380382237e+03	2.758160923963135502e-01	1.770713318033206585e-01	2.382407516796251068e-01	1.427194994018400331e-01	6.898093419247985914e-02	2.712068852937744509e-02	7.005070199692749189e-02
1.028993724444478858e+03	2.755732330969325461e-01	1.769059196346174367e-01	2.384176282350541631e-01	1.428204945567760897e-01	6.902316067653277432e-02	2.714537413812373109e-02	7.011418966184747303e-02
1.030445055508575479e+03	2.753307959519898929e-01	1.767407792552655454e-01	2.385941951861286769e-01	1.429213072671367546e-01	6.906531481022401553e-02	2.717003373919827519e-02	7.017757378994106399e-02
1.031896386572671872e+03	2.750887801575921388e-01	1.765759102773774569e-01	2.387704530595655961e-01	1.430219379125970691e-01	6.910739672567563219e-02	2.719466733617027093e-02	7.024085453090606057e-02
1.033347717636768493e+03	2.748471849119505928e-01	1.764113123130922334e-01	2.389464023812055693e-01	1.431223868718060066e-01	6.914940655474330344e-02	2.721927493271211751e-02	7.030403203437443627e-02
1.034799048700865114e+03	2.746060094153716102e-01	1.762469849745808836e-01	2.391220436760142787e-01	1.432226545223903580e-01	6.919134442901694881e-02	2.724385653259894444e-02	7.036710644991121810e-02
1.036250379764961508e+03	2.743652528702467674e-01	1.760829278740517201e-01	2.392973774680838828e-01	1.433227412409588952e-01	6.923321047982144982e-02	2.726841213970816052e-02	7.043007792701343195e-02
1.037701710829058356e+03	2.741249144810432581e-01	1.759191406237554933e-01	2.394724042806341269e-01	1.434226474031062570e-01	6.927500483821727451e-02	2.729294175801897857e-02	7.049294661510900617e-02
1.039153041893154750e+03	2.738849934542940678e-01	1.757556228359906103e-01	2.396471246360137586e-01	1.435223733834170290e-01	6.931672763500112966e-02	2.731744539161197471e-02	7.055571266355575855e-02
1.040604372957251599e+03	2.736454889985887595e-01	1.755923741231084634e-01	2.398215390557019433e-01	1.436219195554696015e-01	6.935837900070664086e-02	2.734192304466860970e-02	7.061837622164028605e-02
1.042055704021347992e+03	2.734064003245637031e-01	1.754293940975183985e-01	2.399956480603093467e-01	1.437212862918401945e-01	6.939995906560496308e-02	2.736637472147078823e-02	7.068093743857695177e-02
1.043507035085444613e+03	2.731677266448926389e-01	1.752666823716926559e-01	2.401694521695796614e-01	1.438204739641067154e-01	6.944146795970548847e-02	2.739080042640039056e-02	7.074339646350683020e-02
1.044958366149541234e+03	2.729294671742774625e-01	1.751042385581715322e-01	2.403429519023908001e-01	1.439194829428526445e-01	6.948290581275642919e-02	2.741520016393882847e-02	7.080575344549668027e-02
1.046409697213637855e+03	2.726916211294388992e-01	1.749420622695682381e-01	2.405161477767563116e-01	1.440183135976709217e-01	6.952427275424551134e-02	2.743957393866659419e-02	7.086800853353796004e-02
1.047861028277734476e+03	2.724541877291072334e-01	1.747801531185737833e-01	2.406890403098264353e-01	1.441169662971677756e-01	6.956556891340058557e-02	2.746392175526280247e-02	7.093016187654577198e-02
1.049312359341831097e+03	2.722171661940132048e-01	1.746185107179618334e-01	2.408616300178897662e-01	1.442154414089666381e-01	6.960679441919027932e-02	2.748824361850474990e-02	7.099221362335789154e-02
1.050763690405927491e+03	2.719805557468789048e-01	1.744571346805934564e-01	2.410339174163743103e-01	1.443137392997118629e-01	6.964794940032463522e-02	2.751253953326745355e-02	7.105416392273376791e-02
1.052215021470024112e+03	2.717443556124085613e-01	1.742960246194219520e-01	2.412059030198488996e-01	1.444118603350724728e-01	6.968903398525576331e-02	2.753680950452321724e-02	7.111601292335355262e-02
1.053666352534120733e+03	2.715085650172798792e-01	1.741351801474974037e-01	2.413775873420244134e-01	1.445098048797460732e-01	6.973004830217843786e-02	2.756105353734117358e-02	7.117776077381705868e-02
1.055117683598217127e+03	2.712731831901348811e-01	1.739746008779713693e-01	2.415489708957551940e-01	1.446075732974625161e-01	6.977099247903077728e-02	2.758527163688685724e-02	7.123940762264287241e-02
1.056569014662313975e+03	2.710382093615711363e-01	1.738142864241015439e-01	2.417200541930402680e-01	1.447051659509875632e-01	6.981186664349479931e-02	2.760946380842175044e-02	7.130095361826735423e-02
1.058020345726410369e+03	2.708036427641331012e-01	1.736542363992561455e-01	2.418908377450247060e-01	1.448025832021267445e-01	6.985267092299714264e-02	2.763363005730284233e-02	7.136239890904370886e-02
1.059471676790506763e+03	2.705694826323031821e-01	1.734944504169186330e-01	2.420613220620008721e-01	1.448998254117288831e-01	6.989340544470963590e-02	2.765777038898219187e-02	7.142374364324100000e-02
1.060923007854603611e+03	2.703357282024932973e-01	1.733349280906918699e-01	2.422315076534097555e-01	1.449968929396898421e-01	6.993407033554988050e-02	2.768188480900648715e-02	7.148498796904326213e-02
1.062374338918700232e+03	2.701023787130360510e-01	1.731756690343026484e-01	2.424013950278422758e-01	1.450937861449562161e-01	6.997466572218200009e-02	2.770597332301661525e-02	7.154613203454857073e-02
1.063825669982796853e+03	2.698694334041762954e-01	1.730166728616061300e-01	2.425709846930405589e-01	1.451905053855289396e-01	7.001519173101714011e-02	2.773003593674722850e-02	7.160717598776807080e-02
1.065277001046893474e+03	2.696368915180626935e-01	1.728579391865900927e-01	2.427402771558992423e-01	1.452870510184667840e-01	7.005564848821409230e-02	2.775407265602629348e-02	7.166811997662513034e-02
1.066728332110990095e+03	2.694047522987393362e-01	1.726994676233790660e-01	2.429092729224668068e-01	1.453834233998901049e-01	7.009603611968000247e-02	2.777808348677466774e-02	7.172896414895438277e-02
1.068179663175086489e+03	2.691730149921370829e-01	1.725412577862386887e-01	2.430779724979468259e-01	1.454796228849843109e-01	7.013635475107089789e-02	2.780206843500568001e-02	7.178970865250089428e-02
1.069630994239183110e+03	2.689416788460656238e-01	1.723833092895798169e-01	2.432463763866993534e-01	1.455756498280034450e-01	7.017660450779231174e-02	2.782602750682468609e-02	7.185035363491920624e-02
1.071082325303279504e+03	2.687107431102049859e-01	1.722256217479626594e-01	2.434144850922420611e-01	1.456715045822737364e-01	7.021678551499990761e-02	2.784996070842864560e-02	7.191089924377250253e-02
1.072533656367376352e+03	2.684802070360975401e-01	1.720681947761008301e-01	2.435822991172516272e-01	1.457671875001970430e-01	7.025689789760007631e-02	2.787386804610569174e-02	7.197134562653172141e-02
1.073984987431472746e+03	2.682500698771395076e-01	1.719110279888654003e-01	2.437498189635650681e-01	1.458626989332545143e-01	7.029694178025058804e-02	2.789774952623471152e-02	7.203169293057470890e-02
1.075436318495569594e+03	2.680203308885733549e-01	1.717541210012889230e-01	2.439170451321809874e-01	1.459580392320098952e-01	7.033691728736107818e-02	2.792160515528491899e-02	7.209194130318533067e-02
1.076887649559666215e+03	2.677909893274794673e-01	1.715974734285693193e-01	2.440839781232608807e-01	1.460532087461130224e-01	7.037682454309379665e-02	2.794543493981542504e-02	7.215209089155263933e-02
1.078338980623762609e+03	2.675620444527681552e-01	1.714410848860737635e-01	2.442506184361303567e-01	1.461482078243033222e-01	7.041666367136406590e-02	2.796923888647482453e-02	7.221214184277005566e-02
1.079790311687859230e+03	2.673334955251718825e-01	1.712849549893427081e-01	2.444169665692805249e-01	1.462430368144131965e-01	7.045643479584098867e-02	2.799301700200078000e-02	7.227209430383448041e-02
1.081241642751955851e+03	2.671053418072373287e-01	1.711290833540934642e-01	2.445830230203692446e-01	1.463376960633714641e-01	7.049613803994798922e-02	2.801676929321958789e-02	7.233194842164551719e-02
1.082692973816052472e+03	2.668775825633176169e-01	1.709734695962241702e-01	2.447487882862223463e-01	1.464321859172066920e-01	7.053577352686339619e-02	2.804049576704576927e-02	7.239170434300463974e-02
1.084144304880149093e+03	2.666502170595643761e-01	1.708181133318174560e-01	2.449142628628350749e-01	1.465265067210505812e-01	7.057534137952105324e-02	2.806419643048166726e-02	7.245136221461437320e-02
1.085595635944245487e+03	2.664232445639204139e-01	1.706630141771441345e-01	2.450794472453732276e-01	1.466206588191413807e-01	7.061484172061091580e-02	2.808787129061699958e-02	7.251092218307748916e-02
1.087046967008342108e+03	2.661966643461117776e-01	1.705081717486668647e-01	2.452443419281744863e-01	1.467146425548271071e-01	7.065427467257962002e-02	2.811152035462847684e-02	7.257038439489618686e-02
1.088498298072438729e+03	2.659704756776402057e-01	1.703535856630437606e-01	2.454089474047498054e-01	1.468084582705689312e-01	7.069364035763107956e-02	2.813514362977937236e-02	7.262974899647137161e-02
1.089949629136535123e+03	2.657446778317755776e-01	1.701992555371320548e-01	2.455732641677844386e-01	1.469021063079445077e-01	7.073293889772705456e-02	2.815874112341911970e-02	7.268901613410182205e-02
1.091400960200631971e+03	2.655192700835484199e-01	1.700451809879914289e-01	2.457372927091394654e-01	1.469955870076512239e-01	7.077217041458773450e-02	2.818231284298290326e-02	7.274818595398338528e-02
1.092852291264728365e+03	2.652942517097426345e-01	1.698913616328877052e-01	2.459010335198529851e-01	1.470889007095093903e-01	7.081133502969234883e-02	2.820585879599123505e-02	7.280725860220826906e-02
1.094303622328825213e+03	2.650696219888877825e-01	1.697377970892962606e-01	2.460644870901413928e-01	1.471820477524656556e-01	7.085043286427968046e-02	2.822937899004957299e-02	7.286623422476425083e-02
1.095754953392921607e+03	2.648453802012519787e-01	1.695844869749053851e-01	2.462276539094006567e-01	1.472750284745961147e-01	7.088946403934869023e-02	2.825287343284790115e-02	7.292511296753391437e-02
1.097206284457018228e+03	2.646215256288345086e-01	1.694314309076197789e-01	2.463905344662075392e-01	1.473678432131095006e-01	7.092842867565911369e-02	2.827634213216031686e-02	7.298389497629390044e-02
1.098657615521114849e+03	2.643980575553586676e-01	1.692786285055637163e-01	2.465531292483209569e-01	1.474604923043504878e-01	7.096732689373193292e-02	2.829978509584464910e-02	7.304258039671424063e-02
1.100108946585211470e+03	2.641749752662644890e-01	1.691260793870845436e-01	2.467154387426832574e-01	1.475529760838028281e-01	7.100615881385007044e-02	2.832320233184204214e-02	7.310116937435749696e-02
1.101560277649308091e+03	2.639522780487014719e-01	1.689737831707558147e-01	2.468774634354214403e-01	1.476452948860924319e-01	7.104492455605884715e-02	2.834659384817656003e-02	7.315966205467812344e-02
1.103011608713404712e+03	2.637299651915218091e-01	1.688217394753806222e-01	2.470392038118484901e-01	1.477374490449906985e-01	7.108362424016662073e-02	2.836995965295478067e-02	7.321805858302170289e-02
1.104462939777501106e+03	2.635080359852731147e-01	1.686699479199947338e-01	2.472006603564644855e-01	1.478294388934174863e-01	7.112225798574531299e-02	2.839329975436541073e-02	7.327635910462429458e-02
1.105914270841597499e+03	2.632864897221912082e-01	1.685184081238697285e-01	2.473618335529581824e-01	1.479212647634442490e-01	7.116082591213100661e-02	2.841661416067888662e-02	7.333456376461162940e-02
1.107365601905694348e+03	2.630653256961937303e-01	1.683671197065162162e-01	2.475227238842078459e-01	1.480129269862972274e-01	7.119932813842444475e-02	2.843990288024696167e-02	7.339267270799848530e-02
1.108816932969790741e+03	2.628445432028725937e-01	1.682160822876868356e-01	2.476833318322829991e-01	1.481044258923604751e-01	7.123776478349164165e-02	2.846316592150234179e-02	7.345068607968797958e-02
1.110268264033887590e+03	2.626241415394876544e-01	1.680652954873793625e-01	2.478436578784453670e-01	1.481957618111789388e-01	7.127613596596443779e-02	2.848640329295827264e-02	7.350860402447084718e-02
1.111719595097984211e+03	2.624041200049594957e-01	1.679147589258397077e-01	2.480037025031501807e-01	1.482869350714614842e-01	7.131444180424102719e-02	2.850961500320815453e-02	7.356642668702481624e-02
1.113170926162080832e+03	2.621844778998629333e-01	1.677644722235649422e-01	2.481634661860475377e-01	1.483779460010839490e-01	7.135268241648651255e-02	2.853280106092514687e-02	7.362415421191387255e-02
1.114622257226177226e+03	2.619652145264200760e-01	1.676144350013062112e-01	2.483229494059835396e-01	1.484687949270921958e-01	7.139085792063348812e-02	2.855596147486179001e-02	7.368178674358763502e-02
1.116073588290273847e+03	2.617463291884937204e-01	1.674646468800716215e-01	2.484821526410017356e-01	1.485594821757050543e-01	7.142896843438253929e-02	2.857909625384961322e-02	7.373932442638067575e-02
1.117524919354370468e+03	2.615278211915806894e-01	1.673151074811291550e-01	2.486410763683442326e-01	1.486500080723173745e-01	7.146701407520285321e-02	2.860220540679874954e-02	7.379676740451185379e-02
1.118976250418467089e+03	2.613096898428053927e-01	1.671658164260095836e-01	2.487997210644530277e-01	1.487403729415029685e-01	7.150499496033269065e-02	2.862528894269754376e-02	7.385411582208370462e-02
1.120427581482563710e+03	2.610919344509130546e-01	1.670167733365092166e-01	2.489580872049711180e-01	1.488305771070176087e-01	7.154291120677999660e-02	2.864834687061218466e-02	7.391136982308176007e-02
1.121878912546660331e+03	2.608745543262632194e-01	1.668679778346926212e-01	2.491161752647440275e-01	1.489206208918018859e-01	7.158076293132291379e-02	2.867137919968630599e-02	7.396852955137390995e-02
1.123330243610756725e+03	2.606575487808235336e-01	1.667194295428955642e-01	2.492739857178208340e-01	1.490105046179843185e-01	7.161855025051029611e-02	2.869438593914061530e-02	7.402559515070981921e-02
1.124781574674853118e+03	2.604409171281628632e-01	1.665711280837275376e-01	2.494315190374554736e-01	1.491002286068840166e-01	7.165627328066227764e-02	2.871736709827251224e-02	7.408256676472023405e-02
1.126232905738949967e+03	2.602246586834455200e-01	1.664230730800746461e-01	2.495887756961081005e-01	1.491897931790137632e-01	7.169393213787082775e-02	2.874032268645571736e-02	7.413944453691642678e-02
1.127684236803046360e+03	2.600087727634243784e-01	1.662752641551019928e-01	2.497457561654461700e-01	1.492791986540828730e-01	7.173152693800025070e-02	2.876325271313987658e-02	7.419622861068952968e-02
1.129135567867143209e+03	2.597932586864347138e-01	1.661277009322565945e-01	2.499024609163458810e-01	1.493684453509999954e-01	7.176905779668772689e-02	2.878615718785020039e-02	7.425291912930995220e-02
1.130586898931239830e+03	2.595781157723882626e-01	1.659803830352698240e-01	2.500588904188932315e-01	1.494575335878760569e-01	7.180652482934385405e-02	2.880903612018709259e-02	7.430951623592681188e-02
1.132038229995336451e+03	2.593633433427666168e-01	1.658333100881599076e-01	2.502150451423853506e-01	1.495464636820270643e-01	7.184392815115316078e-02	2.883188951982576173e-02	7.436602007356729604e-02
1.133489561059432845e+03	2.591489407206151174e-01	1.656864817152346736e-01	2.503709255553318580e-01	1.496352359499769913e-01	7.188126787707466159e-02	2.885471739651586376e-02	7.442243078513606502e-02
1.134940892123529466e+03	2.589349072305369148e-01	1.655398975410938556e-01	2.505265321254558364e-01	1.497238507074604430e-01	7.191854412184234269e-02	2.887751976008112384e-02	7.447874851341472480e-02
1.136392223187626087e+03	2.587212421986866961e-01	1.653935571906316460e-01	2.506818653196953850e-01	1.498123082694255981e-01	7.195575699996574481e-02	2.890029662041896860e-02	7.453497340106120250e-02
1.137843554251722708e+03	2.585079449527646345e-01	1.652474602890392219e-01	2.508369256042046747e-01	1.499006089500369288e-01	7.199290662573043509e-02	2.892304798750015143e-02	7.459110559060920520e-02
1.139294885315819101e+03	2.582950148220105602e-01	1.651016064618069934e-01	2.509917134443552245e-01	1.499887530626780319e-01	7.202999311319854825e-02	2.894577387136839861e-02	7.464714522446758149e-02
1.140746216379915950e+03	2.580824511371976326e-01	1.649559953347270735e-01	2.511462293047371230e-01	1.500767409199543212e-01	7.206701657620930013e-02	2.896847428214003109e-02	7.470309244491989131e-02
1.142197547444012343e+03	2.578702532306267337e-01	1.648106265338956933e-01	2.513004736491603608e-01	1.501645728336958030e-01	7.210397712837950113e-02	2.899114923000361069e-02	7.475894739412372592e-02
1.143648878508108737e+03	2.576584204361204167e-01	1.646654996857154774e-01	2.514544469406558846e-01	1.502522491149597961e-01	7.214087488310409746e-02	2.901379872521956532e-02	7.481471021411023603e-02
1.145100209572205586e+03	2.574469520890169671e-01	1.645206144168976647e-01	2.516081496414770968e-01	1.503397700740336518e-01	7.217770995355668462e-02	2.903642277811984210e-02	7.487038104678356287e-02
1.146551540636302207e+03	2.572358475261647959e-01	1.643759703544646067e-01	2.517615822131007985e-01	1.504271360204375019e-01	7.221448245268996535e-02	2.905902139910752219e-02	7.492596003392029691e-02
1.148002871700398828e+03	2.570251060859163883e-01	1.642315671257517096e-01	2.519147451162287998e-01	1.505143472629268397e-01	7.225119249323630477e-02	2.908159459865648083e-02	7.498144731716896438e-02
1.149454202764495449e+03	2.568147271081228089e-01	1.640874043584098774e-01	2.520676388107886967e-01	1.506014041094953515e-01	7.228784018770828546e-02	2.910414238731102651e-02	7.503684303804948608e-02
1.150905533828591842e+03	2.566047099341278170e-01	1.639434816804077044e-01	2.522202637559352589e-01	1.506883068673774417e-01	7.232442564839910992e-02	2.912666477568554013e-02	7.509214733795263608e-02
1.152356864892688463e+03	2.563950539067622603e-01	1.637997987200334737e-01	2.523726204100520398e-01	1.507750558430509258e-01	7.236094898738319736e-02	2.914916177446412113e-02	7.514736035813958381e-02
1.153808195956785084e+03	2.561857583703383567e-01	1.636563551058974331e-01	2.525247092307520980e-01	1.508616513422396943e-01	7.239741031651662773e-02	2.917163339440023359e-02	7.520248223974132507e-02
1.155259527020881706e+03	2.559768226706440886e-01	1.635131504669337932e-01	2.526765306748793849e-01	1.509480936699163500e-01	7.243380974743771072e-02	2.919407964631634197e-02	7.525751312375821012e-02
1.156710858084978327e+03	2.557682461549377617e-01	1.633701844324029484e-01	2.528280851985099664e-01	1.510343831303047613e-01	7.247014739156741603e-02	2.921650054110356762e-02	7.531245315105940252e-02
1.158162189149074720e+03	2.555600281719423439e-01	1.632274566318935305e-01	2.529793732569535214e-01	1.511205200268826709e-01	7.250642336010991451e-02	2.923889608972134180e-02	7.536730246238246278e-02
1.159613520213171569e+03	2.553521680718401909e-01	1.630849666953242127e-01	2.531303953047541189e-01	1.512065046623843334e-01	7.254263776405307784e-02	2.926126630319704838e-02	7.542206119833279321e-02
1.161064851277267962e+03	2.551446652062671072e-01	1.629427142529460415e-01	2.532811517956917169e-01	1.512923373388030679e-01	7.257879071416897809e-02	2.928361119262567341e-02	7.547672949938317999e-02
1.162516182341364356e+03	2.549375189283074050e-01	1.628006989353441292e-01	2.534316431827833282e-01	1.513780183573937843e-01	7.261488232101434570e-02	2.930593076916946857e-02	7.553130750587330744e-02
1.163967513405461204e+03	2.547307285924882980e-01	1.626589203734398748e-01	2.535818699182841307e-01	1.514635480186755367e-01	7.265091269493109682e-02	2.932822504405759034e-02	7.558579535800925842e-02
1.165418844469557826e+03	2.545242935547744612e-01	1.625173781984926291e-01	2.537318324536890213e-01	1.515489266224341047e-01	7.268688194604683295e-02	2.935049402858576351e-02	7.564019319586312573e-02
1.166870175533654447e+03	2.543182131725628126e-01	1.623760720421017767e-01	2.538815312397331714e-01	1.516341544677244912e-01	7.272279018427529884e-02	2.937273773411593070e-02	7.569450115937244317e-02
1.168321506597751068e+03	2.541124868046771845e-01	1.622350015362086506e-01	2.540309667263940807e-01	1.517192318528733652e-01	7.275863751931692380e-02	2.939495617207591588e-02	7.574871938833981078e-02
1.169772837661847461e+03	2.539071138113631054e-01	1.620941663130981703e-01	2.541801393628921879e-01	1.518041590754816705e-01	7.279442406065922411e-02	2.941714935395908434e-02	7.580284802243240916e-02
1.171224168725944082e+03	2.537020935542826927e-01	1.619535660054009507e-01	2.543290495976922583e-01	1.518889364324271241e-01	7.283014991757739975e-02	2.943931729132398881e-02	7.585688720118151374e-02
1.172675499790040703e+03	2.534974253965090463e-01	1.618132002460948848e-01	2.544776978785046051e-01	1.519735642198665193e-01	7.286581519913470917e-02	2.946145999579404678e-02	7.591083706398214781e-02
1.174126830854137097e+03	2.532931087025215300e-01	1.616730686685071416e-01	2.546260846522863108e-01	1.520580427332383633e-01	7.290142001418305207e-02	2.948357747905718668e-02	7.596469775009251357e-02
1.175578161918233945e+03	2.530891428382002761e-01	1.615331709063156373e-01	2.547742103652423373e-01	1.521423722672652357e-01	7.293696447136337191e-02	2.950566975286552165e-02	7.601846939863368680e-02
1.177029492982330339e+03	2.528855271708214114e-01	1.613935065935510893e-01	2.549220754628269137e-01	1.522265531159562868e-01	7.297244867910618327e-02	2.952773682903501659e-02	7.607215214858911723e-02
1.178480824046426733e+03	2.526822610690518389e-01	1.612540753645985980e-01	2.550696803897446463e-01	1.523105855726095970e-01	7.300787274563204365e-02	2.954977871944513418e-02	7.612574613880422614e-02
1.179932155110523581e+03	2.524793439029440756e-01	1.611148768541992293e-01	2.552170255899516293e-01	1.523944699298146466e-01	7.304323677895198375e-02	2.957179543603851921e-02	7.617925150798593448e-02
1.181383486174620202e+03	2.522767750439315337e-01	1.609759106974519294e-01	2.553641115066568879e-01	1.524782064794546477e-01	7.307854088686806249e-02	2.959378699082066203e-02	7.623266839470234368e-02
1.182834817238716823e+03	2.520745538648232476e-01	1.608371765298149403e-01	2.555109385823232104e-01	1.525617955127090697e-01	7.311378517697378343e-02	2.961575339585956201e-02	7.628599693738224996e-02
1.184286148302813444e+03	2.518726797397991546e-01	1.606986739871075764e-01	2.556575072586687591e-01	1.526452373200558876e-01	7.314896975665460821e-02	2.963769466328540492e-02	7.633923727431474182e-02
1.185737479366910065e+03	2.516711520444049888e-01	1.605604027055117788e-01	2.558038179766679021e-01	1.527285321912739968e-01	7.318409473308837287e-02	2.965961080529021937e-02	7.639238954364885315e-02
1.187188810431006686e+03	2.514699701555476175e-01	1.604223623215736971e-01	2.559498711765527679e-01	1.528116804154455721e-01	7.321916021324578749e-02	2.968150183412756812e-02	7.644545388339310521e-02
1.188640141495103080e+03	2.512691334514900454e-01	1.602845524722052717e-01	2.560956672978140780e-01	1.528946822809583994e-01	7.325416630389097739e-02	2.970336776211220803e-02	7.649843043141518750e-02
1.190091472559199701e+03	2.510686413118465854e-01	1.601469727946857324e-01	2.562412067792025350e-01	1.529775380755082348e-01	7.328911311158177455e-02	2.972520860161977432e-02	7.655131932544147200e-02
1.191542803623296322e+03	2.508684931175781396e-01	1.600096229266632086e-01	2.563864900587300988e-01	1.530602480861011083e-01	7.332400074267038381e-02	2.974702436508643716e-02	7.660412070305670784e-02
1.192994134687392716e+03	2.506686882509874814e-01	1.598725025061561167e-01	2.565315175736709308e-01	1.531428125990556555e-01	7.335882930330370200e-02	2.976881506500859975e-02	7.665683470170361891e-02
1.194445465751489564e+03	2.504692260957142036e-01	1.597356111715547144e-01	2.566762897605629479e-01	1.532252319000054208e-01	7.339359889942384529e-02	2.979058071394256879e-02	7.670946145868252908e-02
1.195896796815585958e+03	2.502701060367303887e-01	1.595989485616224612e-01	2.568208070552084887e-01	1.533075062739011063e-01	7.342830963676862110e-02	2.981232132450422137e-02	7.676200111115098756e-02
1.197348127879682352e+03	2.500713274603357794e-01	1.594625143154975999e-01	2.569650698926759791e-01	1.533896360050128471e-01	7.346296162087190273e-02	2.983403690936870314e-02	7.681445379612344970e-02
1.198799458943779200e+03	2.498728897541530602e-01	1.593263080726945446e-01	2.571090787073009309e-01	1.534716213769325710e-01	7.349755495706419839e-02	2.985572748127009179e-02	7.686681965047083287e-02
1.200250790007875821e+03	2.496747923071234443e-01	1.591903294731051854e-01	2.572528339326871083e-01	1.535534626725761631e-01	7.353208975047306750e-02	2.987739305300109519e-02	7.691909881092022505e-02
1.201702121071972442e+03	2.494770345095018438e-01	1.590545781570003037e-01	2.573963360017077484e-01	1.536351601741856865e-01	7.356656610602355095e-02	2.989903363741272524e-02	7.697129141405449626e-02
1.203153452136069063e+03	2.492796157528524015e-01	1.589190537650309598e-01	2.575395853465066720e-01	1.537167141633317691e-01	7.360098412843864291e-02	2.992064924741397874e-02	7.702339759631197935e-02
1.204604783200165684e+03	2.490825354300440220e-01	1.587837559382297703e-01	2.576825823984995600e-01	1.537981249209157131e-01	7.363534392223973490e-02	2.994223989597153898e-02	7.707541749398613695e-02
1.206056114264262078e+03	2.488857929352457088e-01	1.586486843180123785e-01	2.578253275883749529e-01	1.538793927271717155e-01	7.366964559174711547e-02	2.996380559610943919e-02	7.712735124322515901e-02
1.207507445328358699e+03	2.486893876639222345e-01	1.585138385461785926e-01	2.579678213460958047e-01	1.539605178616690606e-01	7.370388924108034479e-02	2.998534636090876768e-02	7.717919898003169910e-02
1.208958776392455093e+03	2.484933190128295610e-01	1.583792182649137736e-01	2.581100641009002050e-01	1.540415006033143686e-01	7.373807497415874046e-02	3.000686220350735206e-02	7.723096084026249974e-02
1.210410107456551941e+03	2.482975863800105099e-01	1.582448231167899177e-01	2.582520562813028775e-01	1.541223412303537876e-01	7.377220289470186321e-02	3.002835313709944359e-02	7.728263695962807323e-02
1.211861438520648335e+03	2.481021891647903210e-01	1.581106527447671828e-01	2.583937983150961792e-01	1.542030400203750762e-01	7.380627310622990545e-02	3.004981917493541183e-02	7.733422747369241013e-02
1.213312769584745183e+03	2.479071267677721846e-01	1.579767067921949153e-01	2.585352906293513775e-01	1.542835972503098230e-01	7.384028571206416314e-02	3.007126033032143930e-02	7.738573251787260465e-02
1.214764100648841804e+03	2.477123985908330495e-01	1.578429849028128440e-01	2.586765336504197599e-01	1.543640131964356121e-01	7.387424081532746600e-02	3.009267661661920584e-02	7.743715222743860482e-02
1.216215431712937971e+03	2.475180040371191548e-01	1.577094867207523843e-01	2.588175278039337446e-01	1.544442881343782159e-01	7.390813851894463549e-02	3.011406804724559363e-02	7.748848673751283778e-02
1.217666762777034819e+03	2.473239425110418943e-01	1.575762118905377762e-01	2.589582735148081571e-01	1.545244223391135652e-01	7.394197892564288721e-02	3.013543463567237499e-02	7.753973618306994608e-02
1.219118093841131440e+03	2.471302134182733201e-01	1.574431600570872225e-01	2.590987712072412852e-01	1.546044160849700255e-01	7.397576213795237221e-02	3.015677639542591396e-02	7.759090069893646857e-02
1.220569424905228061e+03	2.469368161657420624e-01	1.573103308657139709e-01	2.592390213047162106e-01	1.546842696456304234e-01	7.400948825820648225e-02	3.017809334008685410e-02	7.764198041979054887e-02
1.222020755969324682e+03	2.467437501616290829e-01	1.571777239621275635e-01	2.593790242300018645e-01	1.547639832941342386e-01	7.404315738854239104e-02	3.019938548328983050e-02	7.769297548016164401e-02
1.223472087033421303e+03	2.465510148153634007e-01	1.570453389924347798e-01	2.595187804051540814e-01	1.548435573028795753e-01	7.407676963090141509e-02	3.022065283872315058e-02	7.774388601443021907e-02
1.224923418097517697e+03	2.463586095376179841e-01	1.569131756031408864e-01	2.596582902515168767e-01	1.549229919436253822e-01	7.411032508702951327e-02	3.024189542012850618e-02	7.779471215682746965e-02
1.226374749161614318e+03	2.461665337403056153e-01	1.567812334411505248e-01	2.597975541897237228e-01	1.550022874874933398e-01	7.414382385847766155e-02	3.026311324130068203e-02	7.784545404143501657e-02
1.227826080225710712e+03	2.459747868365746992e-01	1.566495121537689605e-01	2.599365726396984932e-01	1.550814442049701924e-01	7.417726604660233869e-02	3.028430631608724707e-02	7.789611180218469766e-02
1.229277411289807560e+03	2.457833682408051834e-01	1.565180113887029434e-01	2.600753460206566281e-01	1.551604623659095517e-01	7.421065175256591484e-02	3.030547465838825949e-02	7.794668557285819310e-02
1.230728742353903954e+03	2.455922773686044780e-01	1.563867307940618179e-01	2.602138747511064665e-01	1.552393422395340894e-01	7.424398107733710950e-02	3.032661828215596836e-02	7.799717548708681725e-02
1.232180073418000802e+03	2.454015136368034589e-01	1.562556700183585778e-01	2.603521592488501346e-01	1.553180840944374252e-01	7.427725412169138008e-02	3.034773720139452569e-02	7.804758167835125493e-02
1.233631404482097196e+03	2.452110764634523321e-01	1.561248287105106991e-01	2.604901999309850447e-01	1.553966881985863746e-01	7.431047098621140767e-02	3.036883143015969497e-02	7.809790427998124229e-02
1.235082735546193817e+03	2.450209652678167205e-01	1.559942065198411665e-01	2.606279972139047829e-01	1.554751548193227806e-01	7.434363177128748557e-02	3.038990098255854935e-02	7.814814342515538637e-02
1.236534066610290438e+03	2.448311794703736111e-01	1.558638030960795839e-01	2.607655515133002200e-01	1.555534842233655679e-01	7.437673657711794950e-02	3.041094587274919409e-02	7.819829924690080425e-02
1.237985397674387059e+03	2.446417184928074695e-01	1.557336180893628408e-01	2.609028632441607320e-01	1.556316766768128523e-01	7.440978550370959399e-02	3.043196611494045772e-02	7.824837187809298433e-02
1.239436728738483680e+03	2.444525817580062155e-01	1.556036511502362218e-01	2.610399328207755887e-01	1.557097324451437170e-01	7.444277865087808865e-02	3.045296172339161458e-02	7.829836145145543935e-02
1.240888059802580301e+03	2.442637686900574201e-01	1.554739019296543512e-01	2.611767606567346744e-01	1.557876517932203775e-01	7.447571611824845006e-02	3.047393271241210372e-02	7.834826809955952598e-02
1.242339390866676695e+03	2.440752787142442815e-01	1.553443700789818582e-01	2.613133471649298767e-01	1.558654349852900689e-01	7.450859800525540255e-02	3.049487909636122360e-02	7.839809195482415338e-02
1.243790721930773088e+03	2.438871112570418220e-01	1.552150552499945713e-01	2.614496927575561958e-01	1.559430822849870446e-01	7.454142441114380846e-02	3.051580088964786150e-02	7.844783314951560282e-02
1.245242052994869937e+03	2.436992657461130307e-01	1.550859570948801003e-01	2.615857978461127997e-01	1.560205939553344912e-01	7.457419543496909831e-02	3.053669810673019167e-02	7.849749181574722234e-02
1.246693384058966330e+03	2.435117416103050048e-01	1.549570752662387529e-01	2.617216628414044122e-01	1.560979702587464435e-01	7.460691117559768715e-02	3.055757076211541162e-02	7.854706808547924635e-02
1.248144715123063179e+03	2.433245382796452583e-01	1.548284094170845060e-01	2.618572881535419783e-01	1.561752114570298389e-01	7.463957173170736314e-02	3.057841887035944728e-02	7.859656209051854581e-02
1.249596046187159800e+03	2.431376551853377810e-01	1.546999592008456437e-01	2.619926741919442748e-01	1.562523178113863764e-01	7.467217720178777329e-02	3.059924244606666496e-02	7.864597396251840622e-02
1.251047377251256421e+03	2.429510917597594299e-01	1.545717242713657014e-01	2.621278213653387978e-01	1.563292895824143491e-01	7.470472768414075648e-02	3.062004150388961121e-02	7.869530383297830556e-02
1.252498708315352815e+03	2.427648474364560160e-01	1.544437042829041873e-01	2.622627300817628737e-01	1.564061270301107254e-01	7.473722327688074596e-02	3.064081605852870746e-02	7.874455183324367835e-02
1.253950039379449436e+03	2.425789216501387513e-01	1.543158988901373319e-01	2.623974007485649906e-01	1.564828304138728976e-01	7.476966407793526892e-02	3.066156612473198637e-02	7.879371809450573527e-02
1.255401370443546057e+03	2.423933138366804185e-01	1.541883077481588926e-01	2.625318337724056872e-01	1.565593999925006252e-01	7.480205018504527958e-02	3.068229171729481425e-02	7.884280274780122721e-02
1.256852701507642678e+03	2.422080234331118742e-01	1.540609305124809592e-01	2.626660295592587180e-01	1.566358360241980052e-01	7.483438169576560328e-02	3.070299285105960313e-02	7.889180592401226488e-02
1.258304032571739299e+03	2.420230498776181349e-01	1.539337668390344804e-01	2.627999885144123304e-01	1.567121387665751653e-01	7.486665870746531115e-02	3.072366954091554359e-02	7.894072775386605512e-02
1.259755363635835920e+03	2.418383926095349079e-01	1.538068163841702918e-01	2.629337110424703194e-01	1.567883084766503177e-01	7.489888131732813648e-02	3.074432180179832719e-02	7.898956836793474823e-02
1.261206694699932314e+03	2.416540510693450106e-01	1.536800788046595589e-01	2.630671975473529711e-01	1.568643454108514523e-01	7.493104962235291877e-02	3.076494964868987589e-02	7.903832789663525760e-02
1.262658025764028707e+03	2.414700246986746512e-01	1.535535537576945553e-01	2.632004484322985616e-01	1.569402498250183631e-01	7.496316371935395073e-02	3.078555309661805406e-02	7.908700647022898211e-02
1.264109356828125556e+03	2.412863129402899043e-01	1.534272409008893556e-01	2.633334640998640785e-01	1.570160219744043129e-01	7.499522370496140844e-02	3.080613216065641521e-02	7.913560421882169515e-02
1.265560687892221949e+03	2.411029152380932128e-01	1.533011398922805579e-01	2.634662449519264982e-01	1.570916621136779490e-01	7.502722967562173995e-02	3.082668685592392446e-02	7.918412127236330866e-02
1.267012018956318798e+03	2.409198310371197804e-01	1.531752503903278384e-01	2.635987913896840062e-01	1.571671704969251626e-01	7.505918172759806772e-02	3.084721719758468095e-02	7.923255776064772049e-02
1.268463350020415419e+03	2.407370597835339909e-01	1.530495720539146454e-01	2.637311038136569974e-01	1.572425473776508376e-01	7.509107995697059112e-02	3.086772320084765764e-02	7.928091381331257848e-02
1.269914681084511813e+03	2.405546009246261052e-01	1.529241045423488099e-01	2.638631826236890743e-01	1.573177930087806820e-01	7.512292445963703047e-02	3.088820488096643072e-02	7.932918955983918330e-02
1.271366012148608434e+03	2.403724539088086254e-01	1.527988475153632120e-01	2.639950282189484354e-01	1.573929076426630602e-01	7.515471533131287685e-02	3.090866225323890895e-02	7.937738512955221093e-02
1.272817343212705055e+03	2.401906181856129086e-01	1.526738006331162523e-01	2.641266409979288188e-01	1.574678915310707417e-01	7.518645266753198886e-02	3.092909533300706657e-02	7.942550065161964323e-02
1.274268674276801676e+03	2.400090932056856419e-01	1.525489635561926294e-01	2.642580213584505011e-01	1.575427449252026768e-01	7.521813656364680079e-02	3.094950413565668301e-02	7.947353625505251817e-02
1.275720005340898297e+03	2.398278784207855396e-01	1.524243359456037561e-01	2.643891696976616301e-01	1.576174680756858848e-01	7.524976711482884995e-02	3.096988867661707237e-02	7.952149206870477716e-02
1.277171336404994690e+03	2.396469732837798461e-01	1.522999174627884256e-01	2.645200864120391682e-01	1.576920612325769799e-01	7.528134441606909588e-02	3.099024897136083007e-02	7.956936822127314013e-02
1.278622667469091539e+03	2.394663772486410325e-01	1.521757077696132554e-01	2.646507718973901135e-01	1.577665246453642534e-01	7.531286856217835057e-02	3.101058503540355879e-02	7.961716484129691129e-02
1.280073998533187932e+03	2.392860897704433276e-01	1.520517065283733815e-01	2.647812265488526107e-01	1.578408585629691441e-01	7.534433964778762538e-02	3.103089688430361523e-02	7.966488205715778481e-02
1.281525329597284326e+03	2.391061103053594428e-01	1.519279134017929578e-01	2.649114507608967828e-01	1.579150632337481819e-01	7.537575776734853350e-02	3.105118453366183598e-02	7.971251999707978930e-02
1.282976660661381175e+03	2.389264383106572687e-01	1.518043280530255168e-01	2.650414449273261197e-01	1.579891389054945694e-01	7.540712301513372018e-02	3.107144799912130162e-02	7.976007878912905191e-02
1.284427991725477568e+03	2.387470732446965449e-01	1.516809501456546916e-01	2.651712094412784770e-01	1.580630858254399862e-01	7.543843548523716802e-02	3.109168729636705222e-02	7.980755856121364566e-02
1.285879322789574417e+03	2.385680145669254737e-01	1.515577793436944931e-01	2.653007446952272419e-01	1.581369042402563929e-01	7.546969527157465496e-02	3.111190244112584796e-02	7.985495944108350619e-02
1.287330653853671038e+03	2.383892617378775003e-01	1.514348153115900597e-01	2.654300510809822211e-01	1.582105943960575578e-01	7.550090246788415671e-02	3.113209344916589849e-02	7.990228155633022356e-02
1.288781984917767431e+03	2.382108142191682321e-01	1.513120577142179068e-01	2.655591289896910290e-01	1.582841565384009164e-01	7.553205716772608269e-02	3.115226033629661662e-02	7.994952503438694513e-02
1.290233315981864052e+03	2.380326714734918858e-01	1.511895062168864268e-01	2.656879788118399199e-01	1.583575909122892089e-01	7.556315946448383114e-02	3.117240311836836156e-02	7.999669000252819517e-02
