1.001418434226643626e+03	2.803885177742094781e-01	1.799824988494398426e-01	2.349898920543025960e-01	1.408595150041336841e-01	6.821228015396707534e-02	2.668056330596069517e-02	6.888673285787043354e-02
1.002869765290740247e+03	2.801382025438852175e-01	1.798118864986907595e-01	2.351724097129763991e-01	1.409638132293877799e-01	6.825582605903110500e-02	2.670580353627378251e-02	6.895205841963876481e-02
1.004321096354836754e+03	2.798883214654546703e-01	1.796415553432613166e-01	2.353546087154739230e-01	1.410679222003880795e-01	6.829929709507988334e-02	2.673101772513139171e-02	6.901727745509458889e-02
1.005772427418933376e+03	2.796388737107602940e-01	1.794715049825777453e-01	2.355364896043831424e-01	1.411718423147386436e-01	6.834269339919274433e-02	2.675620587240969128e-02	6.908239011582158196e-02
1.007223758483029997e+03	2.793898584539086238e-01	1.793017350160114043e-01	2.357180529213821762e-01	1.412755739689393608e-01	6.838601510817199358e-02	2.678136797810765773e-02	6.914739655336263335e-02
1.008675089547126618e+03	2.791412748712583380e-01	1.791322450428857183e-01	2.358992992072407868e-01	1.413791175583904991e-01	6.842926235854347727e-02	2.680650404234653436e-02	6.921229691921849947e-02
1.010126420611223239e+03	2.788931221414083228e-01	1.789630346624833390e-01	2.360802290018217120e-01	1.414824734773972859e-01	6.847243528655737321e-02	2.683161406536929694e-02	6.927709136484655472e-02
1.011577751675319632e+03	2.786453994451861260e-01	1.787941034740529456e-01	2.362608428440820529e-01	1.415856421191744874e-01	6.851553402818880145e-02	2.685669804754010556e-02	6.934178004165938991e-02
1.013029082739416367e+03	2.783981059656362445e-01	1.786254510768162662e-01	2.364411412720748284e-01	1.416886238758507666e-01	6.855855871913854593e-02	2.688175598934379115e-02	6.940636310102353546e-02
1.014480413803512761e+03	2.781512408880086329e-01	1.784570770699746012e-01	2.366211248229502240e-01	1.417914191384733180e-01	6.860150949483372063e-02	2.690678789138531077e-02	6.947084069425818464e-02
1.015931744867609382e+03	2.779048033997473244e-01	1.782889810527157892e-01	2.368007940329571182e-01	1.418940282970122813e-01	6.864438649042842178e-02	2.693179375438922371e-02	6.953521297263388912e-02
1.017383075931706003e+03	2.776587926904789949e-01	1.781211626242207302e-01	2.369801494374444428e-01	1.419964517403650706e-01	6.868718984080444956e-02	2.695677357919915029e-02	6.959948008737129599e-02
1.018834406995802851e+03	2.774132079520015837e-01	1.779536213836699354e-01	2.371591915708626264e-01	1.420986898563608991e-01	6.872991968057198808e-02	2.698172736677727224e-02	6.966364218963985722e-02
1.020285738059899245e+03	2.771680483782734683e-01	1.777863569302499946e-01	2.373379209667649259e-01	1.422007430317651089e-01	6.877257614407020214e-02	2.700665511820377757e-02	6.972769943055662223e-02
1.021737069123995752e+03	2.769233131654022517e-01	1.776193688631600431e-01	2.375163381578090371e-01	1.423026116522835283e-01	6.881515936536798661e-02	2.703155683467634712e-02	6.979165196118496117e-02
1.023188400188092373e+03	2.766790015116336043e-01	1.774526567816180067e-01	2.376944436757581769e-01	1.424042961025667187e-01	6.885766947826457707e-02	2.705643251750965150e-02	6.985549993253335754e-02
1.024639731252188767e+03	2.764351126173406059e-01	1.772862202848670965e-01	2.378722380514828594e-01	1.425057967662144431e-01	6.890010661629025757e-02	2.708128216813479594e-02	6.991924349555411755e-02
1.026091062316285615e+03	2.761916456850126989e-01	1.771200589721816654e-01	2.380497218149619787e-01	1.426071140257797465e-01	6.894247091270695738e-02	2.710610578809883806e-02	6.998288280114228765e-02
1.027542393380382237e+03	2.759485999192451966e-01	1.769541724428736196e-01	2.382268954952844464e-01	1.427082482627733684e-01	6.898476250050897263e-02	2.713090337906424662e-02	7.004641800013432229e-02
1.028993724444478858e+03	2.757059745267285700e-01	1.767885602962983305e-01	2.384037596206504128e-01	1.428091998576678512e-01	6.902698151242363245e-02	2.715567494280838809e-02	7.010984924330697365e-02
1.030445055508575479e+03	2.754637687162378445e-01	1.766232221318607409e-01	2.385803147183728490e-01	1.429099691899017865e-01	6.906912808091189571e-02	2.718042048122302351e-02	7.017317668137604270e-02
1.031896386572671872e+03	2.752219816986221645e-01	1.764581575490211385e-01	2.387565613148787125e-01	1.430105566378840898e-01	6.911120233816903102e-02	2.720513999631379506e-02	7.023640046499526890e-02
1.033347717636768493e+03	2.749806126867943568e-01	1.762933661473011504e-01	2.389324999357106682e-01	1.431109625789979412e-01	6.915320441612528291e-02	2.722983349019969523e-02	7.029952074475516455e-02
1.034799048700865114e+03	2.747396608957206610e-01	1.761288475262894337e-01	2.391081311055281433e-01	1.432111873896051157e-01	6.919513444644648237e-02	2.725450096511259496e-02	7.036253767118179347e-02
1.036250379764961508e+03	2.744991255424105714e-01	1.759646012856475039e-01	2.392834553481090198e-01	1.433112314450500080e-01	6.923699256053476858e-02	2.727914242339670239e-02	7.042545139473571636e-02
1.037701710829058356e+03	2.742590058459066227e-01	1.758006270251152858e-01	2.394584731863507732e-01	1.434110951196637118e-01	6.927877888952911622e-02	2.730375786750807027e-02	7.048826206581076947e-02
1.039153041893154750e+03	2.740193010272743979e-01	1.756369243445167483e-01	2.396331851422720538e-01	1.435107787867680729e-01	6.932049356430608489e-02	2.732834730001409279e-02	7.055096983473300998e-02
1.040604372957251599e+03	2.737800103095923698e-01	1.754734928437654828e-01	2.398075917370139365e-01	1.436102828186797686e-01	6.936213671548041582e-02	2.735291072359299566e-02	7.061357485175957793e-02
1.042055704021347992e+03	2.735411329179421314e-01	1.753103321228700606e-01	2.399816934908415023e-01	1.437096075867142775e-01	6.940370847340564253e-02	2.737744814103335034e-02	7.067607726707758609e-02
1.043507035085444613e+03	2.733026680793987362e-01	1.751474417819396390e-01	2.401554909231449764e-01	1.438087534611899032e-01	6.944520896817479860e-02	2.740195955523356056e-02	7.073847723080302352e-02
1.044958366149541234e+03	2.730646150230204849e-01	1.749848214211890407e-01	2.403289845524413659e-01	1.439077208114317719e-01	6.948663832962095888e-02	2.742644496920136621e-02	7.080077489297965931e-02
1.046409697213637855e+03	2.728269729798397658e-01	1.748224706409442775e-01	2.405021748963756534e-01	1.440065100057756342e-01	6.952799668731793337e-02	2.745090438605335068e-02	7.086297040357801558e-02
1.047861028277734476e+03	2.725897411828532291e-01	1.746603890416476013e-01	2.406750624717222953e-01	1.441051214115720014e-01	6.956928417058090564e-02	2.747533780901445163e-02	7.092506391249421560e-02
1.049312359341831097e+03	2.723529188670120171e-01	1.744985762238627780e-01	2.408476477943866101e-01	1.442035553951898641e-01	6.961050090846701566e-02	2.749974524141745105e-02	7.098705556954897078e-02
1.050763690405927491e+03	2.721165052692127717e-01	1.743370317882801113e-01	2.410199313794059439e-01	1.443018123220207449e-01	6.965164702977601208e-02	2.752412668670249640e-02	7.104894552448658140e-02
1.052215021470024112e+03	2.718804996282880304e-01	1.741757553357215493e-01	2.411919137409514469e-01	1.443998925564823621e-01	6.969272266305084895e-02	2.754848214841661494e-02	7.111073392697378481e-02
1.053666352534120733e+03	2.716449011849969564e-01	1.740147464671455979e-01	2.413635953923291277e-01	1.444977964620226263e-01	6.973372793657835189e-02	2.757281163021320716e-02	7.117242092659879782e-02
1.055117683598217127e+03	2.714097091820160124e-01	1.738540047836523161e-01	2.415349768459813251e-01	1.445955244011233598e-01	6.977466297838980092e-02	2.759711513585158191e-02	7.123400667287030363e-02
1.056569014662313975e+03	2.711749228639299680e-01	1.736935298864881183e-01	2.417060586134880951e-01	1.446930767353041825e-01	6.981552791626155496e-02	2.762139266919644981e-02	7.129549131521635552e-02
1.058020345726410369e+03	2.709405414772226850e-01	1.735333213770506311e-01	2.418768412055685990e-01	1.447904538251262030e-01	6.985632287771566251e-02	2.764564423421745146e-02	7.135687500298347474e-02
1.059471676790506763e+03	2.707065642702681796e-01	1.733733788568935230e-01	2.420473251320825192e-01	1.448876560301957661e-01	6.989704799002047220e-02	2.766986983498867514e-02	7.141815788543558197e-02
1.060923007854603611e+03	2.704729904933216300e-01	1.732137019277310286e-01	2.422175109020313077e-01	1.449846837091682550e-01	6.993770338019127120e-02	2.769406947568817806e-02	7.147934011175302582e-02
1.062374338918700232e+03	2.702398193985106056e-01	1.730542901914427500e-01	2.423873990235596299e-01	1.450815372197517827e-01	6.997828917499086809e-02	2.771824316059749715e-02	7.154042183103162533e-02
1.063825669982796853e+03	2.700070502398260186e-01	1.728951432500781260e-01	2.425569900039567794e-01	1.451782169187108007e-01	7.001880550093020350e-02	2.774239089410118070e-02	7.160140319228162908e-02
1.065277001046893474e+03	2.697746822731136862e-01	1.727362607058611499e-01	2.427262843496579559e-01	1.452747231618698731e-01	7.005925248426894680e-02	2.776651268068630607e-02	7.166228434442688255e-02
1.066728332110990095e+03	2.695427147560653935e-01	1.725776421611945888e-01	2.428952825662456794e-01	1.453710563041172854e-01	7.009963025101613454e-02	2.779060852494201136e-02	7.172306543630374565e-02
1.068179663175086489e+03	2.693111469482104559e-01	1.724192872186647019e-01	2.430639851584511235e-01	1.454672166994086802e-01	7.013993892693069776e-02	2.781467843155901315e-02	7.178374661666019063e-02
1.069630994239183110e+03	2.690799781109072253e-01	1.722611954810453760e-01	2.432323926301555306e-01	1.455632047007705820e-01	7.018017863752215590e-02	2.783872240532914502e-02	7.184432803415490010e-02
1.071082325303279504e+03	2.688492075073343202e-01	1.721033665513025945e-01	2.434005054843915716e-01	1.456590206603041726e-01	7.022034950805114417e-02	2.786274045114488229e-02	7.190480983735628162e-02
1.072533656367376352e+03	2.686188344024825203e-01	1.719458000325986835e-01	2.435683242233447066e-01	1.457546649291886487e-01	7.026045166352999638e-02	2.788673257399887362e-02	7.196519217474159347e-02
1.073984987431472746e+03	2.683888580631463294e-01	1.717884955282964754e-01	2.437358493483543775e-01	1.458501378576849417e-01	7.030048522872342498e-02	2.791069877898347956e-02	7.202547519469598702e-02
1.075436318495569594e+03	2.681592777579157039e-01	1.716314526419636111e-01	2.439030813599156744e-01	1.459454397951391313e-01	7.034045032814903453e-02	2.793463907129029727e-02	7.208565904551163250e-02
1.076887649559666215e+03	2.679300927571676705e-01	1.714746709773765643e-01	2.440700207576804170e-01	1.460405710899860543e-01	7.038034708607790457e-02	2.795855345620969906e-02	7.214574387538680300e-02
1.078338980623762609e+03	2.677013023330583885e-01	1.713181501385246941e-01	2.442366680404586543e-01	1.461355320897526622e-01	7.042017562653524188e-02	2.798244193913037789e-02	7.220572983242502796e-02
1.079790311687859230e+03	2.674729057595150450e-01	1.711618897296143804e-01	2.444030237062199407e-01	1.462303231410616855e-01	7.045993607330092168e-02	2.800630452553887900e-02	7.226561706463414947e-02
1.081241642751955851e+03	2.672449023122277501e-01	1.710058893550728543e-01	2.445690882520948628e-01	1.463249445896348810e-01	7.049962854991005667e-02	2.803014122101914196e-02	7.232540571992550349e-02
1.082692973816052472e+03	2.670172912686414324e-01	1.708501486195523056e-01	2.447348621743760944e-01	1.464193967802965846e-01	7.053925317965360764e-02	2.805395203125204268e-02	7.238509594611303166e-02
1.084144304880149093e+03	2.667900719079481786e-01	1.706946671279336025e-01	2.449003459685199779e-01	1.465136800569770692e-01	7.057881008557899405e-02	2.807773696201493197e-02	7.244468789091237926e-02
1.085595635944245487e+03	2.665632435110792398e-01	1.705394444853301772e-01	2.450655401291477464e-01	1.466077947627160705e-01	7.061829939049053817e-02	2.810149601918120188e-02	7.250418170194014578e-02
1.087046967008342108e+03	2.663368053606973151e-01	1.703844802970918559e-01	2.452304451500469940e-01	1.467017412396659781e-01	7.065772121695021446e-02	2.812522920871979998e-02	7.256357752671295513e-02
1.088498298072438729e+03	2.661107567411886698e-01	1.702297741688086063e-01	2.453950615241728972e-01	1.467955198290953889e-01	7.069707568727812141e-02	2.814893653669479912e-02	7.262287551264669239e-02
1.089949629136535123e+03	2.658850969386555851e-01	1.700753257063141732e-01	2.455593897436496309e-01	1.468891308713922428e-01	7.073636292355305055e-02	2.817261800926494295e-02	7.268207580705557391e-02
1.091400960200631971e+03	2.656598252409087535e-01	1.699211345156897979e-01	2.457234302997716169e-01	1.469825747060672649e-01	7.077558304761309704e-02	2.819627363268319489e-02	7.274117855715145353e-02
1.092852291264728365e+03	2.654349409374597291e-01	1.697672002032676597e-01	2.458871836830050506e-01	1.470758516717573239e-01	7.081473618105621481e-02	2.821990341329629060e-02	7.280018391004293432e-02
1.094303622328825213e+03	2.652104433195132671e-01	1.696135223756346511e-01	2.460506503829889835e-01	1.471689621062286513e-01	7.085382244524075779e-02	2.824350735754429034e-02	7.285909201273454983e-02
1.095754953392921607e+03	2.649863316799601631e-01	1.694601006396358467e-01	2.462138308885369331e-01	1.472619063463800337e-01	7.089284196128609050e-02	2.826708547196013846e-02	7.291790301212602854e-02
1.097206284457018228e+03	2.647626053133694812e-01	1.693069346023778898e-01	2.463767256876379375e-01	1.473546847282461991e-01	7.093179485007310159e-02	2.829063776316921575e-02	7.297661705501148899e-02
1.098657615521114849e+03	2.645392635159815042e-01	1.691540238712324895e-01	2.465393352674581096e-01	1.474472975870009805e-01	7.097068123224481440e-02	2.831416423788890233e-02	7.303523428807859319e-02
1.100108946585211470e+03	2.643163055857002952e-01	1.690013680538397234e-01	2.467016601143418586e-01	1.475397452569605916e-01	7.100950122820687271e-02	2.833766490292813356e-02	7.309375485790786664e-02
1.101560277649308091e+03	2.640937308220867585e-01	1.688489667581115627e-01	2.468637007138132222e-01	1.476320280715867628e-01	7.104825495812819303e-02	2.836113976518696289e-02	7.315217891097187952e-02
1.103011608713404712e+03	2.638715385263510349e-01	1.686968195922349534e-01	2.470254575505773653e-01	1.477241463634899332e-01	7.108694254194142248e-02	2.838458883165612470e-02	7.321050659363446955e-02
1.104462939777501106e+03	2.636497280013457845e-01	1.685449261646753127e-01	2.471869311085215515e-01	1.478161004644324983e-01	7.112556409934357726e-02	2.840801210941659716e-02	7.326873805215002033e-02
1.105914270841597499e+03	2.634282985515586928e-01	1.683932860841795831e-01	2.473481218707168361e-01	1.479078907053317793e-01	7.116411974979655608e-02	2.843140960563916853e-02	7.332687343266271196e-02
1.107365601905694348e+03	2.632072494831059206e-01	1.682418989597794512e-01	2.475090303194191488e-01	1.479995174162633820e-01	7.120260961252766752e-02	2.845478132758400697e-02	7.338491288120578548e-02
1.108816932969790741e+03	2.629865801037247763e-01	1.680907644007944846e-01	2.476696569360707367e-01	1.480909809264641386e-01	7.124103380653022677e-02	2.847812728260021992e-02	7.344285654370079353e-02
1.110268264033887590e+03	2.627662897227669991e-01	1.679398820168353235e-01	2.478300022013013582e-01	1.481822815643352997e-01	7.127939245056405526e-02	2.850144747812543428e-02	7.350070456595687862e-02
1.111719595097984211e+03	2.625463776511918756e-01	1.677892514178066230e-01	2.479900665949298644e-01	1.482734196574455598e-01	7.131768566315607738e-02	2.852474192168536621e-02	7.355845709367006546e-02
1.113170926162080832e+03	2.623268432015591345e-01	1.676388722139101894e-01	2.481498505959651713e-01	1.483643955325341657e-01	7.135591356260079232e-02	2.854801062089338745e-02	7.361611427242253924e-02
1.114622257226177226e+03	2.621076856880228401e-01	1.674887440156478113e-01	2.483093546826078413e-01	1.484552095155139417e-01	7.139407626696089859e-02	2.857125358345010205e-02	7.367367624768195178e-02
1.116073588290273847e+03	2.618889044263239541e-01	1.673388664338243959e-01	2.484685793322512770e-01	1.485458619314743434e-01	7.143217389406776585e-02	2.859447081714293001e-02	7.373114316480072761e-02
1.117524919354370468e+03	2.616704987337842292e-01	1.671892390795506889e-01	2.486275250214829979e-01	1.486363531046844544e-01	7.147020656152201779e-02	2.861766232984566671e-02	7.378851516901534235e-02
1.118976250418467089e+03	2.614524679292991594e-01	1.670398615642463280e-01	2.487861922260860559e-01	1.487266833585960402e-01	7.150817438669400394e-02	2.864082812951808388e-02	7.384579240544567047e-02
1.120427581482563710e+03	2.612348113333318733e-01	1.668907334996425074e-01	2.489445814210403396e-01	1.488168530158464620e-01	7.154607748672443812e-02	2.866396822420549245e-02	7.390297501909429134e-02
1.121878912546660331e+03	2.610175282679059738e-01	1.667418544977849748e-01	2.491026930805237682e-01	1.489068623982616468e-01	7.158391597852482857e-02	2.868708262203832279e-02	7.396006315484582316e-02
1.123330243610756725e+03	2.608006180565998755e-01	1.665932241710365580e-01	2.492605276779137069e-01	1.489967118268591406e-01	7.162168997877808863e-02	2.871017133123172221e-02	7.401705695746625679e-02
1.124781574674853118e+03	2.605840800245396993e-01	1.664448421320800786e-01	2.494180856857882156e-01	1.490864016218508836e-01	7.165939960393899466e-02	2.873323436008512477e-02	7.407395657160231739e-02
1.126232905738949967e+03	2.603679134983932775e-01	1.662967079939209891e-01	2.495753675759273260e-01	1.491759321026463470e-01	7.169704497023479672e-02	2.875627171698184534e-02	7.413076214178077050e-02
1.127684236803046360e+03	2.601521178063636586e-01	1.661488213698899541e-01	2.497323738193144849e-01	1.492653035878552248e-01	7.173462619366563486e-02	2.877928341038865981e-02	7.418747381240779759e-02
1.129135567867143209e+03	2.599366922781827238e-01	1.660011818736455425e-01	2.498891048861376363e-01	1.493545163952904875e-01	7.177214339000516363e-02	2.880226944885539916e-02	7.424409172776838539e-02
1.130586898931239830e+03	2.597216362451054694e-01	1.658537891191768088e-01	2.500455612457907484e-01	1.494435708419711850e-01	7.180959667480103781e-02	2.882522984101453661e-02	7.430061603202563203e-02
1.132038229995336451e+03	2.595069490399029566e-01	1.657066427208059023e-01	2.502017433668748403e-01	1.495324672441253611e-01	7.184698616337541199e-02	2.884816459558077473e-02	7.435704686922019191e-02
1.133489561059432845e+03	2.592926299968569270e-01	1.655597422931903984e-01	2.503576517171995919e-01	1.496212059171928010e-01	7.188431197082549573e-02	2.887107372135064992e-02	7.441338438326959570e-02
1.134940892123529466e+03	2.590786784517533081e-01	1.654130874513260185e-01	2.505132867637844263e-01	1.497097871758279464e-01	7.192157421202406697e-02	2.889395722720210918e-02	7.446962871796765360e-02
1.136392223187626087e+03	2.588650937418762732e-01	1.652666778105488787e-01	2.506686489728596756e-01	1.497982113339027255e-01	7.195877300161994394e-02	2.891681512209411456e-02	7.452578001698388632e-02
1.137843554251722708e+03	2.586518752060021353e-01	1.651205129865380428e-01	2.508237388098683018e-01	1.498864787045092739e-01	7.199590845403856798e-02	2.893964741506624416e-02	7.458183842386285900e-02
1.139294885315819101e+03	2.584390221843935742e-01	1.649745925953178260e-01	2.509785567394667849e-01	1.499745895999629042e-01	7.203298068348246153e-02	2.896245411523827931e-02	7.463780408202365380e-02
1.140746216379915950e+03	2.582265340187933633e-01	1.648289162532602103e-01	2.511331032255265105e-01	1.500625443318046037e-01	7.206998980393175547e-02	2.898523523180981248e-02	7.469367713475921766e-02
1.142197547444012343e+03	2.580144100524187634e-01	1.646834835770871197e-01	2.512873787311352136e-01	1.501503432108040326e-01	7.210693592914473038e-02	2.900799077405984833e-02	7.474945772523582110e-02
1.143648878508108737e+03	2.578026496299554715e-01	1.645382941838727242e-01	2.514413837185980882e-01	1.502379865469621878e-01	7.214381917265827449e-02	2.903072075134639426e-02	7.480514599649244756e-02
1.145100209572205586e+03	2.575912520975520703e-01	1.643933476910456881e-01	2.515951186494390646e-01	1.503254746495140959e-01	7.218063964778842490e-02	2.905342517310607539e-02	7.486074209144023828e-02
1.146551540636302207e+03	2.573802168028140325e-01	1.642486437163914181e-01	2.517485839844021411e-01	1.504128078269315605e-01	7.221739746763083945e-02	2.907610404885372854e-02	7.491624615286196498e-02
1.148002871700398828e+03	2.571695430947980032e-01	1.641041818780542560e-01	2.519017801834527170e-01	1.504999863869258825e-01	7.225409274506133794e-02	2.909875738818202759e-02	7.497165832341140534e-02
1.149454202764495449e+03	2.569592303240062492e-01	1.639599617945396715e-01	2.520547077057788132e-01	1.505870106364506356e-01	7.229072559273640175e-02	2.912138520076106019e-02	7.502697874561281566e-02
1.150905533828591842e+03	2.567492778423809408e-01	1.638159830847162601e-01	2.522073670097923492e-01	1.506738808817041086e-01	7.232729612309363176e-02	2.914398749633797386e-02	7.508220756186040346e-02
1.152356864892688463e+03	2.565396850032984899e-01	1.636722453678181033e-01	2.523597585531302534e-01	1.507605974281322203e-01	7.236380444835230352e-02	2.916656428473655624e-02	7.513734491441775853e-02
1.153808195956785084e+03	2.563304511615640546e-01	1.635287482634465439e-01	2.525118827926561282e-01	1.508471605804309890e-01	7.240025068051382517e-02	2.918911557585685337e-02	7.519239094541728397e-02
1.155259527020881706e+03	2.561215756734059878e-01	1.633854913915725460e-01	2.526637401844611941e-01	1.509335706425492252e-01	7.243663493136223708e-02	2.921164137967479160e-02	7.524734579685975200e-02
1.156710858084978327e+03	2.559130578964702862e-01	1.632424743725384431e-01	2.528153311838656214e-01	1.510198279176912795e-01	7.247295731246472528e-02	2.923414170624178549e-02	7.530220961061373508e-02
1.158162189149074720e+03	2.557048971898152057e-01	1.630996968270600478e-01	2.529666562454196965e-01	1.511059327083194015e-01	7.250921793517210723e-02	2.925661656568434923e-02	7.535698252841505074e-02
1.159613520213171569e+03	2.554970929139058766e-01	1.629571583762286779e-01	2.531177158229054869e-01	1.511918853161565435e-01	7.254541691061928976e-02	2.927906596820372201e-02	7.541166469186628973e-02
1.161064851277267962e+03	2.552896444306089196e-01	1.628148586415129329e-01	2.532685103693375628e-01	1.512776860421888581e-01	7.258155434972582420e-02	2.930148992407547240e-02	7.546625624243628871e-02
1.162516182341364356e+03	2.550825511031870607e-01	1.626727972447607196e-01	2.534190403369647182e-01	1.513633351866682797e-01	7.261763036319635045e-02	2.932388844364913413e-02	7.552075732145965836e-02
1.163967513405461204e+03	2.548758122962937467e-01	1.625309738082011124e-01	2.535693061772708035e-01	1.514488330491151058e-01	7.265364506152106883e-02	2.934626153734782097e-02	7.557516807013622828e-02
1.165418844469557826e+03	2.546694273759680383e-01	1.623893879544462127e-01	2.537193083409763905e-01	1.515341799283204671e-01	7.268959855497628131e-02	2.936860921566783814e-02	7.562948862953058904e-02
1.166870175533654447e+03	2.544633957096292809e-01	1.622480393064928972e-01	2.538690472780399388e-01	1.516193761223489922e-01	7.272549095362480787e-02	2.939093148917831799e-02	7.568371914057160643e-02
1.168321506597751068e+03	2.542577166660719978e-01	1.621069274877247335e-01	2.540185234376586276e-01	1.517044219285411388e-01	7.276132236731656933e-02	2.941322836852084191e-02	7.573785974405196353e-02
1.169772837661847461e+03	2.540523896154606165e-01	1.619660521219136173e-01	2.541677372682701885e-01	1.517893176435158586e-01	7.279709290568890656e-02	2.943549986440906555e-02	7.579191058062763331e-02
1.171224168725944082e+03	2.538474139293244169e-01	1.618254128332216046e-01	2.543166892175537930e-01	1.518740635631730673e-01	7.283280267816721887e-02	2.945774598762834415e-02	7.584587179081739294e-02
1.172675499790040703e+03	2.536427889805524249e-01	1.616850092462027155e-01	2.544653797324314959e-01	1.519586599826960316e-01	7.286845179396538030e-02	2.947996674903535438e-02	7.589974351500246297e-02
1.174126830854137097e+03	2.534385141433883604e-01	1.615448409858044332e-01	2.546138092590694013e-01	1.520431071965539227e-01	7.290404036208618377e-02	2.950216215955774046e-02	7.595352589342593830e-02
1.175578161918233945e+03	2.532345887934256412e-01	1.614049076773694802e-01	2.547619782428787727e-01	1.521274054985042312e-01	7.293956849132186837e-02	2.952433223019373248e-02	7.600721906619235801e-02
1.177029492982330339e+03	2.530310123076022766e-01	1.612652089466374561e-01	2.549098871285174761e-01	1.522115551815952650e-01	7.297503629025456351e-02	2.954647697201178563e-02	7.606082317326730291e-02
1.178480824046426733e+03	2.528277840641960927e-01	1.611257444197464750e-01	2.550575363598912570e-01	1.522955565381684806e-01	7.301044386725677460e-02	2.956859639615020546e-02	7.611433835447686813e-02
1.179932155110523581e+03	2.526249034428197926e-01	1.609865137232347199e-01	2.552049263801546286e-01	1.523794098598610369e-01	7.304579133049184103e-02	2.959069051381678708e-02	7.616776474950731624e-02
1.181383486174620202e+03	2.524223698244159042e-01	1.608475164840421079e-01	2.553520576317126478e-01	1.524631154376080433e-01	7.308107878791442191e-02	2.961275933628845086e-02	7.622110249790457759e-02
1.182834817238716823e+03	2.522201825912521733e-01	1.607087523295116227e-01	2.554989305562216373e-01	1.525466735616451130e-01	7.311630634727094014e-02	2.963480287491088855e-02	7.627435173907384791e-02
1.184286148302813444e+03	2.520183411269165119e-01	1.605702208873910630e-01	2.556455455945907396e-01	1.526300845215105839e-01	7.315147411610009587e-02	2.965682114109818163e-02	7.632751261227910256e-02
1.185737479366910065e+03	2.518168448163122242e-01	1.604319217858344582e-01	2.557919031869830273e-01	1.527133486060480716e-01	7.318658220173326900e-02	2.967881414633246479e-02	7.638058525664274956e-02
1.187188810431006686e+03	2.516156930456535101e-01	1.602938546534035114e-01	2.559380037728168356e-01	1.527964661034086902e-01	7.322163071129504652e-02	2.970078190216354774e-02	7.643356981114521331e-02
1.188640141495103080e+03	2.514148852024604142e-01	1.601560191190690985e-01	2.560838477907667610e-01	1.528794373010534113e-01	7.325661975170359719e-02	2.972272442020856484e-02	7.648646641462447660e-02
1.190091472559199701e+03	2.512144206755544396e-01	1.600184148122126282e-01	2.562294356787652716e-01	1.529622624857555069e-01	7.329154942967125441e-02	2.974464171215162461e-02	7.653927520577569199e-02
1.191542803623296322e+03	2.510142988550536081e-01	1.598810413626275684e-01	2.563747678740034286e-01	1.530449419436027414e-01	7.332641985170486321e-02	2.976653378974344205e-02	7.659199632315077944e-02
1.192994134687392716e+03	2.508145191323679635e-01	1.597438984005207507e-01	2.565198448129326070e-01	1.531274759599997870e-01	7.336123112410629366e-02	2.978840066480099857e-02	7.664462990515802376e-02
1.194445465751489564e+03	2.506150809001950752e-01	1.596069855565137030e-01	2.566646669312653839e-01	1.532098648196704438e-01	7.339598335297291276e-02	2.981024234920718122e-02	7.669717609006174164e-02
1.195896796815585958e+03	2.504159835525152644e-01	1.594703024616440645e-01	2.568092346639769818e-01	1.532921088066599713e-01	7.343067664419798690e-02	2.983205885491042528e-02	7.674963501598178195e-02
1.197348127879682352e+03	2.502172264845871630e-01	1.593338487473668907e-01	2.569535484453062124e-01	1.533742082043373922e-01	7.346531110347119531e-02	2.985385019392438125e-02	7.680200682089326214e-02
1.198799458943779200e+03	2.500188090929432172e-01	1.591976240455558467e-01	2.570976087087570305e-01	1.534561632953977128e-01	7.349988683627901864e-02	2.987561637832754358e-02	7.685429164262609636e-02
1.200250790007875821e+03	2.498207307753852191e-01	1.590616279885047335e-01	2.572414158870995338e-01	1.535379743618641990e-01	7.353440394790525247e-02	2.989735742026292803e-02	7.690648961886463464e-02
1.201702121071972442e+03	2.496229909309798378e-01	1.589258602089284045e-01	2.573849704123711835e-01	1.536196416850906521e-01	7.356886254343139586e-02	2.991907333193770044e-02	7.695860088714738534e-02
1.203153452136069063e+03	2.494255889600541787e-01	1.587903203399642360e-01	2.575282727158780260e-01	1.537011655457636017e-01	7.360326272773717871e-02	2.994076412562285058e-02	7.701062558486652943e-02
1.204604783200165684e+03	2.492285242641913423e-01	1.586550080151732656e-01	2.576713232281960253e-01	1.537825462239045260e-01	7.363760460550095033e-02	2.996242981365284178e-02	7.706256384926762903e-02
1.206056114264262078e+03	2.490317962462262613e-01	1.585199228685414685e-01	2.578141223791721726e-01	1.538637839988720724e-01	7.367188828120013744e-02	2.998407040842525698e-02	7.711441581744925278e-02
1.207507445328358699e+03	2.488354043102411206e-01	1.583850645344807850e-01	2.579566705979256525e-01	1.539448791493643054e-01	7.370611385911167435e-02	3.000568592240047960e-02	7.716618162636264266e-02
1.208958776392455093e+03	2.486393478615611663e-01	1.582504326478303691e-01	2.580989683128491197e-01	1.540258319534208720e-01	7.374028144331248869e-02	3.002727636810132925e-02	7.721786141281133942e-02
1.210410107456551941e+03	2.484436263067504314e-01	1.581160268438576710e-01	2.582410159516099202e-01	1.541066426884251661e-01	7.377439113767991774e-02	3.004884175811273900e-02	7.726945531345086327e-02
1.211861438520648335e+03	2.482482390536075445e-01	1.579818467582596031e-01	2.583828139411512015e-01	1.541873116311064940e-01	7.380844304589215255e-02	3.007038210508141199e-02	7.732096346478833926e-02
1.213312769584745183e+03	2.480531855111613448e-01	1.578478920271636221e-01	2.585243627076931339e-01	1.542678390575422664e-01	7.384243727142866809e-02	3.009189742171548484e-02	7.737238600318220583e-02
1.214764100648841804e+03	2.478584650896668573e-01	1.577141622871287563e-01	2.586656626767342426e-01	1.543482252431601087e-01	7.387637391757066740e-02	3.011338772078418768e-02	7.742372306484188171e-02
1.216215431712937971e+03	2.476640772006009905e-01	1.575806571751467988e-01	2.588067142730524628e-01	1.544284704627400528e-01	7.391025308740155342e-02	3.013485301511751452e-02	7.747497478582741903e-02
1.217666762777034819e+03	2.474700212566584290e-01	1.574473763286431127e-01	2.589475179207062494e-01	1.545085749904166195e-01	7.394407488380727589e-02	3.015629331760589366e-02	7.752614130204918408e-02
1.219118093841131440e+03	2.472762966717475808e-01	1.573143193854777688e-01	2.590880740430361873e-01	1.545885390996809550e-01	7.397783940947688652e-02	3.017770864119984423e-02	7.757722274926753814e-02
1.220569424905228061e+03	2.470829028609864420e-01	1.571814859839466838e-01	2.592283830626656016e-01	1.546683630633829409e-01	7.401154676690285816e-02	3.019909899890965699e-02	7.762821926309255993e-02
1.222020755969324682e+03	2.468898392406985165e-01	1.570488757627823695e-01	2.593684454015021679e-01	1.547480471537333313e-01	7.404519705838159827e-02	3.022046440380505086e-02	7.767913097898369867e-02
1.223472087033421303e+03	2.466971052284087917e-01	1.569164883611550709e-01	2.595082614807389665e-01	1.548275916423057508e-01	7.407879038601385135e-02	3.024180486901486761e-02	7.772995803224948264e-02
1.224923418097517697e+03	2.465047002428397138e-01	1.567843234186735712e-01	2.596478317208556486e-01	1.549069968000388042e-01	7.411232685170512924e-02	3.026312040772671449e-02	7.778070055804721383e-02
1.226374749161614318e+03	2.463126237039072186e-01	1.566523805753862464e-01	2.597871565416196016e-01	1.549862628972382417e-01	7.414580655716611346e-02	3.028441103318665895e-02	7.783135869138266272e-02
1.227826080225710712e+03	2.461208750327167905e-01	1.565206594717818978e-01	2.599262363620872818e-01	1.550653902035789566e-01	7.417922960391312714e-02	3.030567675869889899e-02	7.788193256710980450e-02
1.229277411289807560e+03	2.459294536515594931e-01	1.563891597487906404e-01	2.600650716006052132e-01	1.551443789881069568e-01	7.421259609326855133e-02	3.032691759762543710e-02	7.793242231993049995e-02
1.230728742353903954e+03	2.457383589839080007e-01	1.562578810477848745e-01	2.602036626748113202e-01	1.552232295192414457e-01	7.424590612636119968e-02	3.034813356338575754e-02	7.798282808439424563e-02
1.232180073418000802e+03	2.455475904544128785e-01	1.561268230105799792e-01	2.603420100016358152e-01	1.553019420647769600e-01	7.427915980412681807e-02	3.036932466945650375e-02	7.803314999489785464e-02
1.233631404482097196e+03	2.453571474888985304e-01	1.559959852794353119e-01	2.604801139973029200e-01	1.553805168918852841e-01	7.431235722730844540e-02	3.039049092937116253e-02	7.808338818568520689e-02
1.235082735546193817e+03	2.451670295143594525e-01	1.558653674970549297e-01	2.606179750773313653e-01	1.554589542671174496e-01	7.434549849645688546e-02	3.041163235671973802e-02	7.813354279084698539e-02
1.236534066610290438e+03	2.449772359589564019e-01	1.557349693065885610e-01	2.607555936565362220e-01	1.555372544564057880e-01	7.437858371193109552e-02	3.043274896514844285e-02	7.818361394432035705e-02
1.237985397674387059e+03	2.447877662520126507e-01	1.556047903516321051e-01	2.608929701490294017e-01	1.556154177250658743e-01	7.441161297389858875e-02	3.045384076835937204e-02	7.823360177988875064e-02
1.239436728738483680e+03	2.445986198240101550e-01	1.554748302762287149e-01	2.610301049682215990e-01	1.556934443377986366e-01	7.444458638233591996e-02	3.047490778011018725e-02	7.828350643118157925e-02
1.240888059802580301e+03	2.444097961065858360e-01	1.553450887248693513e-01	2.611669985268226801e-01	1.557713345586921594e-01	7.447750403702900479e-02	3.049595001421380805e-02	7.833332803167400438e-02
1.242339390866676695e+03	2.442212945325277496e-01	1.552155653424936443e-01	2.613036512368434039e-01	1.558490886512237106e-01	7.451036603757361931e-02	3.051696748453809616e-02	7.838306671468664444e-02
1.243790721930773088e+03	2.440331145357716447e-01	1.550862597744905591e-01	2.614400635095963099e-01	1.559267068782617394e-01	7.454317248337576085e-02	3.053796020500554320e-02	7.843272261338535278e-02
1.245242052994869937e+03	2.438452555513970221e-01	1.549571716666991450e-01	2.615762357556969397e-01	1.560041895020677916e-01	7.457592347365207819e-02	3.055892818959295154e-02	7.848229586078096787e-02
1.246693384058966330e+03	2.436577170156236094e-01	1.548283006654092298e-01	2.617121683850651137e-01	1.560815367842984247e-01	7.460861910743032954e-02	3.057987145233113588e-02	7.853178658972907733e-02
1.248144715123063179e+03	2.434704983658077249e-01	1.546996464173620578e-01	2.618478618069258745e-01	1.561587489860071787e-01	7.464125948354967399e-02	3.060079000730461102e-02	7.858119493292974045e-02
1.249596046187159800e+03	2.432835990404386417e-01	1.545712085697510674e-01	2.619833164298109307e-01	1.562358263676464909e-01	7.467384470066124047e-02	3.062168386865127614e-02	7.863052102292732159e-02
1.251047377251256421e+03	2.430970184791350075e-01	1.544429867702223624e-01	2.621185326615594335e-01	1.563127691890694726e-01	7.470637485722839144e-02	3.064255305056212339e-02	7.867976499211018493e-02
1.252498708315352815e+03	2.429107561226412360e-01	1.543149806668755175e-01	2.622535109093194761e-01	1.563895777095320738e-01	7.473885005152720862e-02	3.066339756728090477e-02	7.872892697271050011e-02
1.253950039379449436e+03	2.427248114128240652e-01	1.541871899082642161e-01	2.623882515795491477e-01	1.564662521876947487e-01	7.477127038164689543e-02	3.068421743310385807e-02	7.877800709680400637e-02
1.255401370443546057e+03	2.425391837926689220e-01	1.540596141433966948e-01	2.625227550780174224e-01	1.565427928816244540e-01	7.480363594549015172e-02	3.070501266237938426e-02	7.882700549630983211e-02
1.256852701507642678e+03	2.423538727062765352e-01	1.539322530217364648e-01	2.626570218098058795e-01	1.566192000487964253e-01	7.483594684077359005e-02	3.072578326950775596e-02	7.887592230299021734e-02
1.258304032571739299e+03	2.421688775988592723e-01	1.538051061932028951e-01	2.627910521793092591e-01	1.566954739460961754e-01	7.486820316502813821e-02	3.074652926894080179e-02	7.892475764845033326e-02
1.259755363635835920e+03	2.419841979167379198e-01	1.536781733081717394e-01	2.629248465902369047e-01	1.567716148298211876e-01	7.490040501559946939e-02	3.076725067518162188e-02	7.897351166413808798e-02
1.261206694699932314e+03	2.417998331073380469e-01	1.535514540174756914e-01	2.630584054456138188e-01	1.568476229556829971e-01	7.493255248964833526e-02	3.078794750278427902e-02	7.902218448134386286e-02
1.262658025764028707e+03	2.416157826191866476e-01	1.534249479724048848e-01	2.631917291477818832e-01	1.569234985788087455e-01	7.496464568415103780e-02	3.080861976635350732e-02	7.907077623120034593e-02
1.264109356828125556e+03	2.414320459019087539e-01	1.532986548247075309e-01	2.633248180984010256e-01	1.569992419537432349e-01	7.499668469589979014e-02	3.082926748054439989e-02	7.911928704468233764e-02
1.265560687892221949e+03	2.412486224062241058e-01	1.531725742265904189e-01	2.634576726984501072e-01	1.570748533344506759e-01	7.502866962150310515e-02	3.084989066006213476e-02	7.916771705260655656e-02
1.267012018956318798e+03	2.410655115839436813e-01	1.530467058307193318e-01	2.635902933482283661e-01	1.571503329743164645e-01	7.506060055738622561e-02	3.087048931966166268e-02	7.921606638563138958e-02
1.268463350020415419e+03	2.408827128879664492e-01	1.529210492902195184e-01	2.637226804473564723e-01	1.572256811261490417e-01	7.509247759979148507e-02	3.089106347414742257e-02	7.926433517425678088e-02
1.269914681084511813e+03	2.407002257722760108e-01	1.527956042586763041e-01	2.638548343947773600e-01	1.573008980421817249e-01	7.512430084477871028e-02	3.091161313837304664e-02	7.931252354882398214e-02
1.271366012148608434e+03	2.405180496919372968e-01	1.526703703901354237e-01	2.639867555887580042e-01	1.573759839740744293e-01	7.515607038822559594e-02	3.093213832724106202e-02	7.936063163951541377e-02
1.272817343212705055e+03	2.403361841030932644e-01	1.525453473391035486e-01	2.641184444268897535e-01	1.574509391729153884e-01	7.518778632582819033e-02	3.095263905570261320e-02	7.940865957635444283e-02
1.274268674276801676e+03	2.401546284629617334e-01	1.524205347605486482e-01	2.642499013060901070e-01	1.575257638892230971e-01	7.521944875310114520e-02	3.097311533875716019e-02	7.945660748920521654e-02
1.275720005340898297e+03	2.399733822298320274e-01	1.522959323099005446e-01	2.643811266226035461e-01	1.576004583729480046e-01	7.525105776537820146e-02	3.099356719145219055e-02	7.950447550777252348e-02
1.277171336404994690e+03	2.397924448630618099e-01	1.521715396430511902e-01	2.645121207720028123e-01	1.576750228734742076e-01	7.528261345781254998e-02	3.101399462888294878e-02	7.955226376160157153e-02
1.278622667469091539e+03	2.396118158230738371e-01	1.520473564163551117e-01	2.646428841491897388e-01	1.577494576396212544e-01	7.531411592537722022e-02	3.103439766619212406e-02	7.959997238007783527e-02
1.280073998533187932e+03	2.394314945713528764e-01	1.519233822866298267e-01	2.647734171483965282e-01	1.578237629196459213e-01	7.534556526286544098e-02	3.105477631856958659e-02	7.964760149242693099e-02
1.281525329597284326e+03	2.392514805704423486e-01	1.517996169111562044e-01	2.649037201631870841e-01	1.578979389612439055e-01	7.537696156489107069e-02	3.107513060125209267e-02	7.969515122771439475e-02
1.282976660661381175e+03	2.390717732839413856e-01	1.516760599476787985e-01	2.650337935864579553e-01	1.579719860115515184e-01	7.540830492588895817e-02	3.109546052952300368e-02	7.974262171484551576e-02
1.284427991725477568e+03	2.388923721765015273e-01	1.515527110544062639e-01	2.651636378104391678e-01	1.580459043171475175e-01	7.543959544011531737e-02	3.111576611871199813e-02	7.979001308256528091e-02
1.285879322789574417e+03	2.387132767138237799e-01	1.514295698900116338e-01	2.652932532266959464e-01	1.581196941240546605e-01	7.547083320164814368e-02	3.113604738419480100e-02	7.983732545945811110e-02
1.287330653853671038e+03	2.385344863626553125e-01	1.513066361136326810e-01	2.654226402261293249e-01	1.581933556777415373e-01	7.550201830438751927e-02	3.115630434139289931e-02	7.988455897394776406e-02
1.288781984917767431e+03	2.383560005907865986e-01	1.511839093848722504e-01	2.655517991989774784e-01	1.582668892231242352e-01	7.553315084205608487e-02	3.117653700577326104e-02	7.993171375429716785e-02
1.290233315981864052e+03	2.381778188670481688e-01	1.510613893637985372e-01	2.656807305348166670e-01	1.583402950045679491e-01	7.556423090819935906e-02	3.119674539284805412e-02	7.997878992860828207e-02
