1.001418434226643626e+03	2.805087496039415096e-01	1.798755761489227445e-01	2.349471497533014430e-01	1.408583238681528627e-01	6.821982924787925451e-02	2.669733116702961012e-02	6.889304021065811856e-02
1.003837319333471214e+03	2.800921116998663640e-01	1.795911217483347200e-01	2.352507658960895087e-01	1.410320622754362985e-01	6.829240808147712949e-02	2.673959335393269465e-02	6.900193694474889006e-02
1.006256204440298802e+03	2.796766715537183923e-01	1.793074533750131094e-01	2.355534987729123730e-01	1.412052763671661770e-01	6.836477910809879432e-02	2.678178306041257770e-02	6.911053776256420589e-02
1.008675089547126618e+03	2.792624254169447373e-01	1.790245691092481606e-01	2.358553508940268717e-01	1.413779679752377449e-01	6.843694296174265834e-02	2.682390027785993419e-02	6.921884336482549138e-02
1.011093974653954206e+03	2.788493695578159182e-01	1.787424670314330111e-01	2.361563247626002338e-01	1.415501389230711116e-01	6.850890027427600226e-02	2.686594499870961425e-02	6.932685445197975249e-02
1.013512859760782021e+03	2.784375002612711203e-01	1.784611452221561700e-01	2.364564228747297603e-01	1.417217910256702851e-01	6.858065167544370733e-02	2.690791721643292014e-02	6.943457172418167345e-02
1.015931744867609382e+03	2.780268138287663171e-01	1.781806017622925564e-01	2.367556477194622810e-01	1.418929260896818478e-01	6.865219779287683177e-02	2.694981692552994926e-02	6.954199588127590870e-02
1.018350629974437197e+03	2.776173065781240012e-01	1.779008347330921502e-01	2.370540017788138332e-01	1.420635459134528544e-01	6.872353925210118730e-02	2.699164412152194048e-02	6.964912762277973568e-02
1.020769515081264785e+03	2.772089748433855805e-01	1.776218422162672561e-01	2.373514875277890901e-01	1.422336522870883968e-01	6.879467667654594332e-02	2.703339880094368652e-02	6.975596764786580473e-02
1.023188400188092373e+03	2.768018149746656609e-01	1.773436222940777962e-01	2.376481074344008182e-01	1.424032469925083366e-01	6.886561068755206461e-02	2.707508096133598094e-02	6.986251665534513877e-02
1.025607285294920075e+03	2.763958233380087726e-01	1.770661730494148545e-01	2.379438639596892224e-01	1.425723318035035658e-01	6.893634190438077680e-02	2.711669060123809288e-02	6.996877534365049389e-02
1.028026170401747549e+03	2.759909963152477608e-01	1.767894925658825833e-01	2.382387595577413475e-01	1.427409084857919619e-01	6.900687094422196244e-02	2.715822772018031128e-02	7.007474441081980310e-02
1.030445055508575479e+03	2.755873303038646194e-01	1.765135789278785006e-01	2.385327966757103957e-01	1.429089787970733438e-01	6.907719842220254314e-02	2.719969231867649245e-02	7.018042455447988381e-02
1.032863940615402726e+03	2.751848217168530453e-01	1.762384302206717601e-01	2.388259777538349338e-01	1.430765444870841785e-01	6.914732495139476465e-02	2.724108439821666672e-02	7.028581647183043679e-02
1.035282825722230655e+03	2.747834669825833243e-01	1.759640445304803680e-01	2.391183052254581276e-01	1.432436072976517316e-01	6.921725114282446800e-02	2.728240396125967970e-02	7.039092085962812828e-02
1.037701710829058356e+03	2.743832625446687157e-01	1.756904199445462611e-01	2.394097815170468935e-01	1.434101689627476639e-01	6.928697760547933293e-02	2.732365101122588916e-02	7.049573841417107467e-02
1.040120595935886058e+03	2.739842048618343351e-01	1.754175545512092760e-01	2.397004090482110217e-01	1.435762312085410164e-01	6.935650494631703800e-02	2.736482555248986176e-02	7.060026983128336875e-02
1.042539481042713533e+03	2.735862904077872026e-01	1.751454464399791744e-01	2.399901902317223001e-01	1.437417957534508350e-01	6.942583377027340685e-02	2.740592759037316362e-02	7.070451580629986965e-02
1.044958366149541234e+03	2.731895156710890671e-01	1.748740937016064201e-01	2.402791274735333882e-01	1.439068643081980736e-01	6.949496468027049900e-02	2.744695713113712646e-02	7.080847703405132587e-02
1.047377251256368709e+03	2.727938771550301733e-01	1.746034944281514012e-01	2.405672231727969956e-01	1.440714385758573302e-01	6.956389827722468666e-02	2.748791418197571446e-02	7.091215420884955378e-02
1.049796136363196410e+03	2.723993713775054726e-01	1.743336467130522094e-01	2.408544797218846178e-01	1.442355202519076673e-01	6.963263516005462062e-02	2.752879875100838758e-02	7.101554802447286596e-02
1.052215021470024112e+03	2.720059948708921094e-01	1.740645486511909479e-01	2.411408995064055760e-01	1.443991110242833220e-01	6.970117592568922382e-02	2.756961084727302391e-02	7.111865917415172156e-02
1.054633906576851814e+03	2.716137441819290177e-01	1.737961983389585408e-01	2.414264849052257245e-01	1.445622125734236374e-01	6.976952116907558787e-02	2.761035048071886280e-02	7.122148835055461258e-02
1.057052791683679516e+03	2.712226158715980162e-01	1.735285938743184875e-01	2.417112382904862689e-01	1.447248265723226901e-01	6.983767148318688334e-02	2.765101766219951046e-02	7.132403624577407508e-02
1.059471676790506763e+03	2.708326065150069573e-01	1.732617333568688966e-01	2.419951620276226123e-01	1.448869546865784452e-01	6.990562745903017294e-02	2.769161240346596636e-02	7.142630355131296405e-02
1.061890561897334692e+03	2.704437127012736530e-01	1.729956148879033262e-01	2.422782584753829516e-01	1.450485985744413009e-01	6.997338968565428030e-02	2.773213471715968784e-02	7.152829095807088089e-02
1.064309447004162394e+03	2.700559310334125218e-01	1.727302365704704024e-01	2.425605299858468733e-01	1.452097598868622996e-01	7.004095875015739492e-02	2.777258461680569973e-02	7.162999915633082304e-02
1.066728332110990095e+03	2.696692581282222889e-01	1.724655965094319954e-01	2.428419789044441446e-01	1.453704402675408680e-01	7.010833523769495479e-02	2.781296211680573532e-02	7.173142883574602779e-02
1.069147217217817570e+03	2.692836906161749644e-01	1.722016928115203127e-01	2.431226075699730038e-01	1.455306413529720566e-01	7.017551973148720978e-02	2.785326723243143274e-02	7.183258068532695495e-02
1.071566102324645271e+03	2.688992251413070411e-01	1.719385235853935490e-01	2.434024183146189790e-01	1.456903647724933082e-01	7.024251281282693771e-02	2.789349997981754176e-02	7.193345539342857475e-02
1.073984987431472746e+03	2.685158583611115812e-01	1.716760869416904811e-01	2.436814134639730678e-01	1.458496121483309760e-01	7.030931506108693829e-02	2.793366037595517923e-02	7.203405364773768360e-02
1.076403872538300675e+03	2.681335869464323562e-01	1.714143809930837037e-01	2.439595953370503056e-01	1.460083850956461204e-01	7.037592705372770763e-02	2.797374843868513650e-02	7.213437613526053893e-02
1.078822757645127922e+03	2.677524075813590976e-01	1.711534038543319758e-01	2.442369662463080848e-01	1.461666852225801116e-01	7.044234936630483501e-02	2.801376418669120072e-02	7.223442354231060514e-02
1.081241642751955851e+03	2.673723169631241348e-01	1.708931536423310416e-01	2.445135284976645007e-01	1.463245141302996211e-01	7.050858257247659411e-02	2.805370763949352475e-02	7.233419655449649377e-02
1.083660527858783553e+03	2.669933118020009211e-01	1.706336284761636179e-01	2.447892843905165594e-01	1.464818734130414191e-01	7.057462724401127041e-02	2.809357881744204213e-02	7.243369585671011190e-02
1.086079412965611255e+03	2.666153888212033363e-01	1.703748264771481058e-01	2.450642362177585520e-01	1.466387646581565340e-01	7.064048395079464138e-02	2.813337774170989597e-02	7.253292213311494929e-02
1.088498298072438729e+03	2.662385447567869323e-01	1.701167457688862739e-01	2.453383862658000403e-01	1.467951894461540785e-01	7.070615326083729002e-02	2.817310443428692676e-02	7.263187606713454592e-02
1.090917183179266431e+03	2.658627763575510117e-01	1.698593844773098882e-01	2.456117368145841751e-01	1.469511493507447142e-01	7.077163574028191850e-02	2.821275891797319149e-02	7.273055834144113996e-02
1.093336068286093905e+03	2.654880803849425930e-01	1.696027407307262036e-01	2.458842901376057100e-01	1.471066459388837844e-01	7.083693195341070337e-02	2.825234121637250351e-02	7.282896963794451006e-02
1.095754953392921607e+03	2.651144536129612650e-01	1.693468126598625390e-01	2.461560485019289590e-01	1.472616807708138353e-01	7.090204246265245647e-02	2.829185135388604180e-02	7.292711063778095637e-02
1.098173838499749309e+03	2.647418928280654282e-01	1.690915983979096870e-01	2.464270141682059212e-01	1.474162554001068048e-01	7.096696782858986918e-02	2.833128935570594642e-02	7.302498202130244809e-02
1.100592723606577010e+03	2.643703948290798134e-01	1.688370960805644638e-01	2.466971893906941549e-01	1.475703713737060163e-01	7.103170860996670111e-02	2.837065524780900752e-02	7.312258446806593759e-02
1.103011608713404712e+03	2.639999564271044430e-01	1.685833038460712308e-01	2.469665764172747358e-01	1.477240302319676180e-01	7.109626536369484384e-02	2.840994905695034059e-02	7.321991865682288270e-02
1.105430493820231959e+03	2.636305744454244815e-01	1.683302198352623347e-01	2.472351774894700482e-01	1.478772335087016332e-01	7.116063864486152357e-02	2.844917081065713102e-02	7.331698526550883832e-02
1.107849378927059888e+03	2.632622457194215282e-01	1.680778421915979648e-01	2.475029948424616877e-01	1.480299827312128169e-01	7.122482900673625383e-02	2.848832053722239951e-02	7.341378497123333957e-02
1.110268264033887590e+03	2.628949670964860208e-01	1.678261690612045109e-01	2.477700307051080852e-01	1.481822794203407900e-01	7.128883700077796870e-02	2.852739826569879872e-02	7.351031845026978484e-02
1.112687149140715292e+03	2.625287354359308045e-01	1.675751985929126164e-01	2.480362872999623547e-01	1.483341250905002295e-01	7.135266317664187841e-02	2.856640402589245495e-02	7.360658637804565196e-02
1.115106034247542766e+03	2.621635476089057004e-01	1.673249289382938709e-01	2.483017668432899172e-01	1.484855212497204202e-01	7.141630808218656090e-02	2.860533784835684809e-02	7.370258942913268663e-02
1.117524919354370468e+03	2.617994004983136280e-01	1.670753582516968927e-01	2.485664715450861539e-01	1.486364693996845288e-01	7.147977226348078972e-02	2.864419976438670884e-02	7.379832827723739608e-02
1.119943804461197942e+03	2.614362909987273387e-01	1.668264846902823562e-01	2.488304036090939197e-01	1.487869710357685171e-01	7.154305626481040348e-02	2.868298980601197146e-02	7.389380359519159835e-02
1.122362689568025871e+03	2.610742160163076475e-01	1.665783064140574643e-01	2.490935652328211403e-01	1.489370276470797505e-01	7.160616062868523091e-02	2.872170800599174040e-02	7.398901605494320743e-02
1.124781574674853118e+03	2.607131724687222762e-01	1.663308215859091999e-01	2.493559586075582424e-01	1.490866407164952168e-01	7.166908589584584932e-02	2.876035439780831593e-02	7.408396632754703226e-02
1.127200459781681047e+03	2.603531572850664721e-01	1.660840283716371324e-01	2.496175859183956680e-01	1.492358117206993851e-01	7.173183260527037086e-02	2.879892901566123362e-02	7.417865508315590883e-02
1.129619344888508749e+03	2.599941674057837382e-01	1.658379249399851152e-01	2.498784493442411936e-01	1.493845421302218146e-01	7.179440129418117322e-02	2.883743189446133504e-02	7.427308299101180455e-02
1.132038229995336451e+03	2.596361997825883949e-01	1.655925094626723992e-01	2.501385510578374438e-01	1.495328334094742639e-01	7.185679249805163038e-02	2.887586306982491136e-02	7.436725071943713072e-02
1.134457115102163925e+03	2.592792513783886976e-01	1.653477801144239423e-01	2.503978932257788781e-01	1.496806870167877723e-01	7.191900675061278780e-02	2.891422257806782262e-02	7.446115893582626322e-02
1.136876000208991627e+03	2.589233191672110634e-01	1.651037350729999131e-01	2.506564780085295263e-01	1.498281044044489363e-01	7.198104458385998217e-02	2.895251045619969335e-02	7.455480830663711866e-02
1.139294885315819101e+03	2.585684001341253535e-01	1.648603725192243352e-01	2.509143075604396977e-01	1.499750870187364915e-01	7.204290652805944717e-02	2.899072674191813248e-02	7.464819949738284166e-02
1.141713770422646803e+03	2.582144912751710430e-01	1.646176906370132864e-01	2.511713840297633005e-01	1.501216362999569509e-01	7.210459311175493324e-02	2.902887147360298098e-02	7.474133317262375564e-02
1.144132655529474505e+03	2.578615895972842242e-01	1.643756876134021827e-01	2.514277095586753830e-01	1.502677536824803539e-01	7.216610486177418848e-02	2.906694469031058728e-02	7.483420999595938317e-02
1.146551540636302207e+03	2.575096921182256637e-01	1.641343616385723403e-01	2.516832862832886208e-01	1.504134405947755715e-01	7.222744230323550896e-02	2.910494643176813473e-02	7.492683063002052168e-02
1.148970425743129908e+03	2.571587958665097484e-01	1.638937109058769825e-01	2.519381163336705809e-01	1.505586984594452504e-01	7.228860595955419188e-02	2.914287673836798639e-02	7.501919573646155526e-02
1.151389310849957155e+03	2.568088978813344303e-01	1.636537336118663588e-01	2.521922018338609850e-01	1.507035286932604801e-01	7.234959635244903042e-02	2.918073565116207149e-02	7.511130597595293279e-02
1.153808195956785084e+03	2.564599952125118931e-01	1.634144279563125302e-01	2.524455449018880304e-01	1.508479327071952925e-01	7.241041400194864197e-02	2.921852321185629958e-02	7.520316200817361851e-02
1.156227081063612786e+03	2.561120849203999961e-01	1.631757921422330171e-01	2.526981476497859314e-01	1.509919119064606630e-01	7.247105942639790743e-02	2.925623946280500598e-02	7.529476449180380615e-02
1.158645966170440488e+03	2.557651640758347722e-01	1.629378243759143363e-01	2.529500121836114057e-01	1.511354676905382888e-01	7.253153314246431338e-02	2.929388444700543187e-02	7.538611408451773022e-02
1.161064851277267962e+03	2.554192297600639261e-01	1.627005228669345105e-01	2.532011406034606060e-01	1.512786014532141454e-01	7.259183566514425257e-02	2.933145820809224605e-02	7.547721144297656060e-02
1.163483736384095664e+03	2.550742790646807201e-01	1.624638858281851339e-01	2.534515350034858838e-01	1.514213145826116547e-01	7.265196750776933832e-02	2.936896079033207707e-02	7.556805722282144977e-02
1.165902621490923138e+03	2.547303090915589152e-01	1.622279114758927721e-01	2.537011974719123319e-01	1.515636084612247414e-01	7.271192918201262179e-02	2.940639223861811133e-02	7.565865207866677433e-02
1.168321506597751068e+03	2.543873169527886002e-01	1.619925980296397783e-01	2.539501300910547155e-01	1.517054844659503354e-01	7.277172119789485083e-02	2.944375259846467377e-02	7.574899666409334875e-02
1.170740391704578315e+03	2.540452997706125204e-01	1.617579437123846386e-01	2.541983349373339585e-01	1.518469439681208177e-01	7.283134406379064563e-02	2.948104191600189883e-02	7.583909163164186118e-02
1.173159276811406244e+03	2.537042546773635721e-01	1.615239467504815396e-01	2.544458140812936864e-01	1.519879883335361337e-01	7.289079828643466041e-02	2.951826023797038748e-02	7.592893763280642028e-02
1.175578161918233945e+03	2.533641788154027408e-01	1.612906053736994083e-01	2.546925695876169349e-01	1.521286189224955732e-01	7.295008437092771747e-02	2.955540761171590938e-02	7.601853531802819919e-02
1.177997047025061647e+03	2.530250693370577064e-01	1.610579178152406199e-01	2.549386035151425256e-01	1.522688370898294119e-01	7.300920282074291334e-02	2.959248408518415016e-02	7.610788533668919054e-02
1.180415932131889122e+03	2.526869234045627244e-01	1.608258823117588165e-01	2.551839179168814975e-01	1.524086441849301088e-01	7.306815413773172507e-02	2.962948970691546904e-02	7.619698833710612795e-02
1.182834817238716823e+03	2.523497381899987846e-01	1.605944971033765600e-01	2.554285148400335936e-01	1.525480415517834476e-01	7.312693882212999152e-02	2.966642452603970512e-02	7.628584496652442148e-02
1.185253702345544298e+03	2.520135108752343256e-01	1.603637604337021516e-01	2.556723963260034704e-01	1.526870305289991792e-01	7.318555737256399185e-02	2.970328859227099397e-02	7.637445587111231504e-02
1.187672587452371999e+03	2.516782386518672254e-01	1.601336705498461188e-01	2.559155644104174065e-01	1.528256124498415802e-01	7.324401028605637132e-02	2.974008195590264678e-02	7.646282169595509937e-02
1.190091472559199701e+03	2.513439187211669590e-01	1.599042257024370639e-01	2.561580211231390125e-01	1.529637886422598736e-01	7.330229805803215037e-02	2.977680466780202595e-02	7.655094308504939438e-02
1.192510357666027403e+03	2.510105482940177546e-01	1.596754241456371237e-01	2.563997684882859396e-01	1.531015604289179544e-01	7.336042118232462272e-02	2.981345677940546238e-02	7.663882068129765357e-02
1.194929242772855105e+03	2.506781245908623057e-01	1.594472641371570132e-01	2.566408085242457005e-01	1.532389291272243936e-01	7.341838015118125338e-02	2.985003834271323167e-02	7.672645512650264066e-02
1.197348127879682352e+03	2.503466448416460932e-01	1.592197439382703750e-01	2.568811432436921005e-01	1.533758960493618040e-01	7.347617545526957672e-02	2.988654941028451306e-02	7.681384706136215601e-02
1.199767012986510281e+03	2.500161062857623184e-01	1.589928618138277960e-01	2.571207746536012251e-01	1.535124625023161493e-01	7.353380758368301129e-02	2.992299003523240727e-02	7.690099712546373534e-02
1.202185898093337983e+03	2.496865061719978629e-01	1.587666160322703801e-01	2.573597047552674821e-01	1.536486297879057772e-01	7.359127702394667458e-02	2.995936027121897868e-02	7.698790595727950103e-02
1.204604783200165684e+03	2.493578417584792484e-01	1.585410048656428206e-01	2.575979355443195340e-01	1.537843992028102846e-01	7.364858426202319786e-02	2.999566017245033217e-02	7.707457419416119393e-02
1.207023668306993159e+03	2.490301103126197624e-01	1.583160265896060015e-01	2.578354690107365621e-01	1.539197720385989954e-01	7.370572978231848538e-02	3.003188979367170386e-02	7.716100247233514953e-02
1.209442553413820860e+03	2.487033091110668337e-01	1.580916794834492656e-01	2.580723071388637546e-01	1.540547495817591872e-01	7.376271406768739047e-02	3.006804919016260735e-02	7.724719142689752405e-02
1.211861438520648335e+03	2.483774354396502404e-01	1.578679618301021825e-01	2.583084519074287377e-01	1.541893331137244305e-01	7.381953759943948867e-02	3.010413841773198346e-02	7.733314169180953435e-02
1.214280323627476264e+03	2.480524865933307899e-01	1.576448719161459289e-01	2.585439052895567857e-01	1.543235239109021772e-01	7.387620085734471209e-02	3.014015753271338457e-02	7.741885389989282273e-02
1.216699208734303511e+03	2.477284598761495260e-01	1.574224080318241958e-01	2.587786692527870858e-01	1.544573232447016276e-01	7.393270431963902545e-02	3.017610659196021464e-02	7.750432868282489118e-02
1.219118093841131440e+03	2.474053526011777693e-01	1.572005684710538198e-01	2.590127457590882809e-01	1.545907323815609580e-01	7.398904846303004657e-02	3.021198565284095167e-02	7.758956667113472982e-02
1.221536978947959142e+03	2.470831620904672954e-01	1.569793515314348298e-01	2.592461367648743464e-01	1.547237525829746607e-01	7.404523376270262525e-02	3.024779477323443974e-02	7.767456849419833442e-02
1.223955864054786844e+03	2.467618856750014855e-01	1.567587555142604117e-01	2.594788442210200219e-01	1.548563851055204943e-01	7.410126069232443602e-02	3.028353401152518790e-02	7.775933478023455692e-02
1.226374749161614318e+03	2.464415206946467818e-01	1.565387787245259843e-01	2.597108700728766872e-01	1.549886312008860734e-01	7.415712972405150150e-02	3.031920342659871759e-02	7.784386615630092821e-02
1.228793634268442020e+03	2.461220644981046979e-01	1.563194194709385532e-01	2.599422162602876285e-01	1.551204921158956529e-01	7.421284132853372961e-02	3.035480307783689630e-02	7.792816324828950869e-02
1.231212519375269494e+03	2.458035144428644958e-01	1.561006760659251480e-01	2.601728847176039694e-01	1.552519690925363294e-01	7.426839597492042311e-02	3.039033302511335438e-02	7.801222668092300250e-02
1.233631404482097196e+03	2.454858678951561679e-01	1.558825468256412328e-01	2.604028773736998259e-01	1.553830633679841589e-01	7.432379413086569186e-02	3.042579332878889500e-02	7.809605707775077454e-02
1.236050289588924898e+03	2.451691222299041129e-01	1.556650300699785050e-01	2.606321961519880159e-01	1.555137761746301084e-01	7.437903626253394851e-02	3.046118404970694221e-02	7.817965506114510355e-02
1.238469174695752372e+03	2.448532748306812556e-01	1.554481241225727228e-01	2.608608429704352694e-01	1.556441087401057854e-01	7.443412283460530687e-02	3.049650524918900985e-02	7.826302125229743500e-02
1.240888059802580301e+03	2.445383230896636118e-01	1.552318273108106994e-01	2.610888197415777157e-01	1.557740622873088621e-01	7.448905431028093882e-02	3.053175698903020860e-02	7.834615627121474524e-02
1.243306944909407548e+03	2.442242644075853786e-01	1.550161379658374639e-01	2.613161283725361494e-01	1.559036380344284434e-01	7.454383115128854209e-02	3.056693933149477044e-02	7.842906073671601641e-02
1.245725830016235477e+03	2.439110961936945821e-01	1.548010544225626450e-01	2.615427707650314071e-01	1.560328371949702142e-01	7.459845381788754448e-02	3.060205233931161811e-02	7.851173526642871159e-02
1.248144715123063179e+03	2.435988158657090286e-01	1.545865750196669386e-01	2.617687488153995767e-01	1.561616609777812248e-01	7.465292276887453005e-02	3.063709607566993467e-02	7.859418047678547181e-02
1.250563600229890881e+03	2.432874208497729229e-01	1.543726980996079079e-01	2.619940644146071529e-01	1.562901105870747598e-01	7.470723846158847103e-02	3.067207060421478851e-02	7.867639698302077156e-02
1.252982485336718355e+03	2.429769085804137363e-01	1.541594220086257572e-01	2.622187194482660799e-01	1.564181872224546799e-01	7.476140135191604308e-02	3.070697598904275835e-02	7.875838539916768521e-02
1.255401370443546057e+03	2.426672765004997123e-01	1.539467450967486883e-01	2.624427157966491286e-01	1.565458920789399577e-01	7.481541189429678773e-02	3.074181229469761384e-02	7.884014633805480621e-02
1.257820255550373531e+03	2.423585220611976510e-01	1.537346657177978970e-01	2.626660553347048843e-01	1.566732263469886866e-01	7.486927054172844154e-02	3.077657958616599257e-02	7.892168041130313838e-02
1.260239140657201460e+03	2.420506427219313028e-01	1.535231822293924020e-01	2.628887399320726792e-01	1.568001912125220609e-01	7.492297774577202918e-02	3.081127792887313269e-02	7.900298822932311227e-02
1.262658025764028707e+03	2.417436359503400134e-01	1.533122929929534306e-01	2.631107714530976915e-01	1.569267878569481078e-01	7.497653395655713704e-02	3.084590738867860893e-02	7.908407040131171239e-02
1.265076910870856636e+03	2.414374992222379501e-01	1.531019963737087763e-01	2.633321517568458225e-01	1.570530174571854176e-01	7.502993962278696471e-02	3.088046803187211378e-02	7.916492753524963233e-02
1.267495795977684338e+03	2.411322300215736347e-01	1.528922907406965737e-01	2.635528826971187399e-01	1.571788811856864032e-01	7.508319519174345980e-02	3.091495992516924210e-02	7.924556023789854076e-02
1.269914681084511813e+03	2.408278258403900030e-01	1.526831744667691004e-01	2.637729661224686439e-01	1.573043802104606148e-01	7.513630110929252204e-02	3.094938313570732777e-02	7.932596911479837531e-02
1.272333566191339514e+03	2.405242841787846864e-01	1.524746459285960809e-01	2.639924038762130332e-01	1.574295156950977770e-01	7.518925781988898549e-02	3.098373773104129425e-02	7.940615477026477520e-02
1.274752451298167216e+03	2.402216025448708769e-01	1.522667035066679331e-01	2.642111977964495817e-01	1.575542887987905483e-01	7.524206576658167001e-02	3.101802377913951900e-02	7.948611780738652766e-02
1.277171336404994690e+03	2.399197784547385248e-01	1.520593455852984888e-01	2.644293497160709605e-01	1.576787006763574195e-01	7.529472539101847439e-02	3.105224134837973951e-02	7.956585882802311160e-02
1.279590221511822392e+03	2.396188094324158413e-01	1.518525705526277969e-01	2.646468614627792704e-01	1.578027524782651680e-01	7.534723713345134466e-02	3.108639050754499408e-02	7.964537843280231066e-02
1.282009106618650094e+03	2.393186930098312737e-01	1.516463768006245383e-01	2.648637348591011409e-01	1.579264453506511179e-01	7.539960143274124227e-02	3.112047132581955214e-02	7.972467722111790944e-02
1.284427991725477568e+03	2.390194267267759243e-01	1.514407627250879684e-01	2.650799717224018304e-01	1.580497804353454827e-01	7.545181872636316789e-02	3.115448387278491396e-02	7.980375579112745921e-02
1.286846876832305497e+03	2.387210081308661080e-01	1.512357267256500826e-01	2.652955738649003803e-01	1.581727588698932652e-01	7.550388945041106026e-02	3.118842821841579654e-02	7.988261473975004356e-02
1.289265761939132744e+03	2.384234347775064655e-01	1.510312672057772254e-01	2.655105430936837152e-01	1.582953817875762115e-01	7.555581403960273668e-02	3.122230443307617495e-02	7.996125466266422455e-02
1.291684647045960673e+03	2.381267042298534087e-01	1.508273825727715345e-01	2.657248812107212976e-01	1.584176503174344330e-01	7.560759292728473635e-02	3.125611258751532368e-02	8.003967615430598870e-02
1.294103532152788375e+03	2.378308140587788999e-01	1.506240712377722724e-01	2.659385900128796720e-01	1.585395655842880003e-01	7.565922654543728865e-02	3.128985275286391005e-02	8.011787980786673480e-02
1.296522417259616077e+03	2.375357618428344531e-01	1.504213316157567704e-01	2.661516712919367311e-01	1.586611287087582867e-01	7.571071532467911480e-02	3.132352500063008416e-02	8.019586621529140036e-02
1.298941302366443551e+03	2.372415451682157450e-01	1.502191621255413168e-01	2.663641268345961488e-01	1.587823408072891740e-01	7.576205969427221576e-02	3.135712940269559657e-02	8.027363596727661588e-02
1.301360187473271253e+03	2.369481616287273662e-01	1.500175611897817674e-01	2.665759584225019241e-01	1.589032029921681188e-01	7.581326008212679879e-02	3.139066603131197841e-02	8.035118965326888685e-02
1.303779072580098727e+03	2.366556088257479040e-01	1.498165272349739341e-01	2.667871678322523143e-01	1.590237163715470803e-01	7.586431691480596817e-02	3.142413495909669729e-02	8.042852786146290067e-02
1.306197957686926657e+03	2.363638843681954427e-01	1.496160586914538904e-01	2.669977568354144348e-01	1.591438820494632256e-01	7.591523061753051305e-02	3.145753625902936862e-02	8.050565117879988908e-02
1.308616842793753904e+03	2.360729858724933683e-01	1.494161539933978877e-01	2.672077271985383029e-01	1.592637011258596080e-01	7.596600161418369523e-02	3.149087000444796697e-02	8.058256019096596279e-02
1.311035727900581833e+03	2.357829109625363684e-01	1.492168115788221616e-01	2.674170806831711045e-01	1.593831746966054563e-01	7.601663032731591219e-02	3.152413626904507910e-02	8.065925548239064047e-02
1.313454613007409534e+03	2.354936572696569586e-01	1.490180298895828204e-01	2.676258190458713493e-01	1.595023038535166304e-01	7.606711717814945706e-02	3.155733512686417080e-02	8.073573763624536381e-02
1.315873498114237009e+03	2.352052224325921204e-01	1.488198073713749847e-01	2.678339440382227488e-01	1.596210896843757165e-01	7.611746258658319553e-02	3.159046665229590933e-02	8.081200723444202649e-02
1.318292383221064711e+03	2.349176040974504387e-01	1.486221424737323160e-01	2.680414574068486488e-01	1.597395332729520112e-01	7.616766697119718710e-02	3.162353092007445104e-02	8.088806485763169740e-02
1.320711268327892412e+03	2.346307999176792669e-01	1.484250336500259337e-01	2.682483608934257968e-01	1.598576356990213387e-01	7.621773074925738967e-02	3.165652800527378463e-02	8.096391108520326063e-02
1.323130153434719887e+03	2.343448075540324194e-01	1.482284793574634996e-01	2.684546562346983856e-01	1.599753980383858409e-01	7.626765433672021144e-02	3.168945798330411595e-02	8.103954649528220811e-02
1.325549038541547588e+03	2.340596246745381415e-01	1.480324780570879128e-01	2.686603451624921535e-01	1.600928213628935726e-01	7.631743814823720162e-02	3.172232092990824592e-02	8.111497166472940445e-02
1.327967923648375290e+03	2.337752489544672185e-01	1.478370282137759506e-01	2.688654294037280956e-01	1.602099067404578192e-01	7.636708259715956071e-02	3.175511692115799006e-02	8.119018716914001843e-02
1.330386808755202765e+03	2.334916780763014732e-01	1.476421282962366577e-01	2.690699106804363416e-01	1.603266552350764429e-01	7.641658809554272014e-02	3.178784603345059800e-02	8.126519358284239880e-02
1.332805693862030694e+03	2.332089097297025959e-01	1.474477767770096259e-01	2.692737907097701444e-01	1.604430679068510890e-01	7.646595505415090810e-02	3.182050834350522855e-02	8.133999147889707515e-02
1.335224578968857941e+03	2.329269416114810587e-01	1.472539721324631345e-01	2.694770712040195360e-01	1.605591458120060877e-01	7.651518388246164593e-02	3.185310392835941778e-02	8.141458142909578644e-02
1.337643464075685870e+03	2.326457714255654452e-01	1.470607128427921517e-01	2.696797538706252051e-01	1.606748900029074112e-01	7.656427498867024450e-02	3.188563286536558877e-02	8.148896400396055117e-02
1.340062349182513572e+03	2.323653968829721417e-01	1.468679973920161419e-01	2.698818404121920422e-01	1.607903015280814640e-01	7.661322877969435619e-02	3.191809523218756828e-02	8.156313977274283478e-02
1.342481234289341273e+03	2.320858157017749723e-01	1.466758242679767066e-01	2.700833325265030727e-01	1.609053814322335685e-01	7.666204566117837405e-02	3.195049110679714505e-02	8.163710930342267524e-02
1.344900119396168748e+03	2.318070256070754454e-01	1.464841919623351973e-01	2.702842319065328347e-01	1.610201307562665607e-01	7.671072603749784502e-02	3.198282056747062813e-02	8.171087316270801704e-02
1.347319004502996449e+03	2.315290243309729989e-01	1.462930989705699403e-01	2.704845402404612020e-01	1.611345505372990816e-01	7.675927031176400794e-02	3.201508369278546068e-02	8.178443191603392004e-02
1.349737889609823924e+03	2.312518096125355804e-01	1.461025437919737102e-01	2.706842592116867063e-01	1.612486418086838125e-01	7.680767888582808178e-02	3.204728056161680605e-02	8.185778612756194894e-02
1.352156774716651853e+03	2.309753791977706694e-01	1.459125249296507332e-01	2.708833904988401931e-01	1.613624056000255991e-01	7.685595216028574816e-02	3.207941125313419628e-02	8.193093636017952097e-02
1.354575659823479100e+03	2.306997308395961066e-01	1.457230408905137164e-01	2.710819357757984771e-01	1.614758429371993820e-01	7.690409053448145349e-02	3.211147584679818756e-02	8.200388317549933692e-02
1.356994544930307029e+03	2.304248622978115890e-01	1.455340901852806568e-01	2.712798967116975546e-01	1.615889548423680433e-01	7.695209440651279431e-02	3.214347442235705732e-02	8.207662713385893705e-02
1.359413430037134731e+03	2.301507713390701926e-01	1.453456713284716761e-01	2.714772749709461475e-01	1.617017423340001425e-01	7.699996417323484721e-02	3.217540705984346661e-02	8.214916879432015984e-02
1.361832315143962205e+03	2.298774557368502280e-01	1.451577828384055524e-01	2.716740722132389152e-01	1.618142064268875413e-01	7.704770023026445702e-02	3.220727383957121964e-02	8.222150871466876731e-02
1.364251200250789907e+03	2.296049132714270968e-01	1.449704232371962220e-01	2.718702900935700550e-01	1.619263481321627784e-01	7.709530297198456672e-02	3.223907484213198171e-02	8.229364745141401483e-02
1.366670085357617609e+03	2.293331417298457020e-01	1.447835910507491997e-01	2.720659302622463471e-01	1.620381684573165559e-01	7.714277279154847788e-02	3.227081014839204565e-02	8.236558555978835960e-02
1.369088970464445310e+03	2.290621389058929702e-01	1.445972848087578866e-01	2.722609943649006436e-01	1.621496684062148363e-01	7.719011008088408343e-02	3.230247983948913992e-02	8.243732359374718321e-02
1.371507855571272785e+03	2.287919026000703460e-01	1.444115030446996017e-01	2.724554840425048585e-01	1.622608489791160513e-01	7.723731523069815585e-02	3.233408399682921597e-02	8.250886210596855563e-02
1.373926740678100487e+03	2.285224306195668964e-01	1.442262442958316404e-01	2.726494009313833455e-01	1.623717111726880880e-01	7.728438863048055218e-02	3.236562270208328401e-02	8.258020164785297157e-02
1.376345625784927961e+03	2.282537207782323885e-01	1.440415071031873606e-01	2.728427466632260545e-01	1.624822559800251920e-01	7.733133066850839121e-02	3.239709603718422815e-02	8.265134276952325332e-02
1.378764510891755890e+03	2.279857708965505880e-01	1.438572900115717701e-01	2.730355228651014654e-01	1.625924843906645934e-01	7.737814173185027233e-02	3.242850408432374626e-02	8.272228601982442586e-02
1.381183395998583137e+03	2.277185788016129198e-01	1.436735915695574461e-01	2.732277311594698554e-01	1.627023973906033538e-01	7.742482220637041113e-02	3.245984692594915122e-02	8.279303194632366136e-02
1.383602281105411066e+03	2.274521423270920439e-01	1.434904103294801225e-01	2.734193731641963443e-01	1.628119959623148261e-01	7.747137247673285820e-02	3.249112464476034551e-02	8.286358109531020977e-02
1.386021166212238768e+03	2.271864593132161270e-01	1.433077448474341098e-01	2.736104504925637171e-01	1.629212810847650295e-01	7.751779292640553765e-02	3.252233732370671954e-02	8.293393401179545432e-02
1.388440051319066470e+03	2.269215276067426956e-01	1.431255936832678821e-01	2.738009647532855806e-01	1.630302537334290536e-01	7.756408393766443810e-02	3.255348504598411935e-02	8.300409123951292545e-02
1.390858936425893944e+03	2.266573450609331297e-01	1.429439554005792756e-01	2.739909175505190753e-01	1.631389148803072398e-01	7.761024589159769282e-02	3.258456789503180046e-02	8.307405332091843952e-02
1.393277821532721646e+03	2.263939095355272102e-01	1.427628285667108254e-01	2.741803104838781424e-01	1.632472654939411960e-01	7.765627916810964593e-02	3.261558595452941633e-02	8.314382079719016827e-02
1.395696706639549120e+03	2.261312188967179448e-01	1.425822117527448529e-01	2.743691451484460697e-01	1.633553065394299231e-01	7.770218414592493239e-02	3.264653930839405555e-02	8.321339420822886079e-02
1.398115591746377049e+03	2.258692710171263940e-01	1.424021035334985807e-01	2.745574231347883143e-01	1.634630389784455795e-01	7.774796120259248877e-02	3.267742804077723717e-02	8.328277409265801012e-02
1.400534476853204296e+03	2.256080637757768292e-01	1.422225024875190535e-01	2.747451460289655478e-01	1.635704637692493579e-01	7.779361071448966103e-02	3.270825223606196874e-02	8.335196098782414464e-02
1.402953361960032225e+03	2.253475950580720588e-01	1.420434071970781698e-01	2.749323154125462021e-01	1.636775818667071114e-01	7.783913305682617356e-02	3.273901197885982495e-02	8.342095542979707790e-02
1.405372247066859927e+03	2.250878627557689471e-01	1.418648162481673247e-01	2.751189328626191810e-01	1.637843942223048965e-01	7.788452860364809827e-02	3.276970735400803331e-02	8.348975795337024164e-02
1.407791132173687402e+03	2.248288647669539897e-01	1.416867282304922204e-01	2.753049999518065172e-01	1.638909017841644888e-01	7.792979772784185133e-02	3.280033844656655290e-02	8.355836909206101892e-02
1.410210017280515103e+03	2.245705989960193882e-01	1.415091417374675919e-01	2.754905182482762505e-01	1.639971054970587871e-01	7.797494080113820392e-02	3.283090534181525716e-02	8.362678937811116042e-02
1.412628902387342805e+03	2.243130633536387086e-01	1.413320553662116563e-01	2.756754893157548625e-01	1.641030063024269403e-01	7.801995819411619570e-02	3.286140812525100569e-02	8.369501934248722852e-02
1.415047787494170507e+03	2.240562557567435664e-01	1.411554677175407280e-01	2.758599147135398222e-01	1.642086051383895851e-01	7.806485027620706230e-02	3.289184688258488948e-02	8.376305951488097201e-02
1.417466672600997981e+03	2.238001741284994517e-01	1.409793773959635566e-01	2.760437959965121868e-01	1.643139029397639728e-01	7.810961741569813488e-02	3.292222169973933049e-02	8.383091042370995061e-02
1.419885557707825683e+03	2.235448163982826919e-01	1.408037830096758314e-01	2.762271347151491474e-01	1.644189006380788465e-01	7.815425997973679539e-02	3.295253266284536159e-02	8.389857259611795126e-02
1.422304442814653157e+03	2.232901805016569985e-01	1.406286831705543527e-01	2.764099324155362969e-01	1.645235991615893456e-01	7.819877833433429293e-02	3.298277985823978159e-02	8.396604655797559880e-02
1.424723327921481086e+03	2.230362643803502909e-01	1.404540764941512865e-01	2.765921906393802865e-01	1.646279994352917442e-01	7.824317284436967113e-02	3.301296337246242829e-02	8.403333283388095265e-02
1.427142213028308333e+03	2.227830659822317705e-01	1.402799615996882798e-01	2.767739109240212603e-01	1.647321023809382445e-01	7.828744387359355683e-02	3.304308329225344454e-02	8.410043194716015913e-02
1.429561098135136262e+03	2.225305832612891610e-01	1.401063371100506882e-01	2.769550948024449011e-01	1.648359089170513270e-01	7.833159178463207362e-02	3.307313970455050961e-02	8.416734441986804816e-02
1.431979983241963964e+03	2.222788141776059212e-01	1.399332016517814969e-01	2.771357438032951981e-01	1.649394199589385157e-01	7.837561693899058879e-02	3.310313269648618162e-02	8.423407077278886879e-02
1.434398868348791666e+03	2.220277566973389571e-01	1.397605538550753534e-01	2.773158594508862151e-01	1.650426364187065342e-01	7.841951969705754366e-02	3.313306235538518441e-02	8.430061152543698311e-02
1.436817753455619140e+03	2.217774087926959736e-01	1.395883923537724336e-01	2.774954432652149694e-01	1.651455592052757937e-01	7.846330041810826994e-02	3.316292876876174300e-02	8.436696719605764339e-02
1.439236638562446842e+03	2.215277684419135473e-01	1.394167157853523353e-01	2.776744967619730886e-01	1.652481892243944372e-01	7.850695946030869510e-02	3.319273202431692604e-02	8.443313830162782474e-02
1.441655523669274316e+03	2.212788336292350333e-01	1.392455227909278614e-01	2.778530214525592457e-01	1.653505273786526064e-01	7.855049718071920040e-02	3.322247220993601591e-02	8.449912535785689127e-02
1.444074408776102018e+03	2.210306023448884716e-01	1.390748120152387191e-01	2.780310188440914820e-01	1.654525745674964021e-01	7.859391393529827075e-02	3.325214941368589971e-02	8.456492887918759527e-02
1.446493293882929493e+03	2.207830725850651044e-01	1.389045821066453301e-01	2.782084904394190317e-01	1.655543316872417348e-01	7.863721007890625558e-02	3.328176372381245335e-02	8.463054937879685435e-02
1.448912178989757422e+03	2.205362423518975878e-01	1.387348317171223644e-01	2.783854377371346445e-01	1.656557996310883962e-01	7.868038596530910200e-02	3.331131522873797407e-02	8.469598736859668131e-02
1.451331064096585123e+03	2.202901096534385927e-01	1.385655595022523834e-01	2.785618622315864101e-01	1.657569792891336324e-01	7.872344194718204624e-02	3.334080401705860619e-02	8.476124335923511388e-02
1.453749949203412370e+03	2.200446725036394879e-01	1.383967641212192901e-01	2.787377654128898596e-01	1.658578715483858823e-01	7.876637837611323578e-02	3.337023017754180143e-02	8.482631786009717234e-02
1.456168834310240300e+03	2.197999289223291075e-01	1.382284442368019173e-01	2.789131487669402332e-01	1.659584772927784335e-01	7.880919560260749024e-02	3.339959379912379317e-02	8.489121137930581706e-02
1.458587719417068001e+03	2.195558769351927120e-01	1.380605985153673665e-01	2.790880137754239709e-01	1.660587974031827729e-01	7.885189397608988182e-02	3.342889497090706374e-02	8.495592442372301711e-02
1.461006604523895703e+03	2.193125145737510884e-01	1.378932256268646239e-01	2.792623619158308701e-01	1.661588327574221313e-01	7.889447384490941295e-02	3.345813378215788114e-02	8.502045749895073556e-02
1.463425489630723177e+03	2.190698398753397613e-01	1.377263242448176495e-01	2.794361946614660752e-01	1.662585842302848893e-01	7.893693555634261061e-02	3.348731032230379406e-02	8.508481110933197034e-02
1.465844374737550879e+03	2.188278508830883984e-01	1.375598930463187985e-01	2.796095134814616245e-01	1.663580526935376502e-01	7.897927945659719007e-02	3.351642468093117555e-02	8.514898575795191993e-02
1.468263259844378354e+03	2.185865456459001044e-01	1.373939307120221054e-01	2.797823198407886625e-01	1.664572390159384796e-01	7.902150589081556598e-02	3.354547694778279437e-02	8.521298194663902426e-02
1.470682144951206283e+03	2.183459222184312987e-01	1.372284359261365660e-01	2.799546152002687638e-01	1.665561440632501167e-01	7.906361520307850221e-02	3.357446721275536561e-02	8.527680017596615814e-02
1.473101030058033530e+03	2.181059786610712314e-01	1.370634073764191163e-01	2.801264010165861462e-01	1.666547686982527976e-01	7.910560773640862298e-02	3.360339556589714977e-02	8.534044094525176927e-02
1.475519915164861459e+03	2.178667130399218888e-01	1.368988437541679981e-01	2.802976787422990501e-01	1.667531137807573005e-01	7.914748383277404875e-02	3.363226209740555195e-02	8.540390475256103009e-02
1.477938800271689161e+03	2.176281234267780362e-01	1.367347437542157929e-01	2.804684498258515624e-01	1.668511801676177964e-01	7.918924383309182413e-02	3.366106689762475568e-02	8.546719209470714229e-02
1.480357685378516862e+03	2.173902078991073461e-01	1.365711060749224270e-01	2.806387157115852182e-01	1.669489687127445610e-01	7.923088807723149829e-02	3.368981005704334286e-02	8.553030346725250255e-02
1.482776570485344337e+03	2.171529645400304687e-01	1.364079294181683721e-01	2.808084778397507697e-01	1.670464802671167148e-01	7.927241690401866381e-02	3.371849166629196232e-02	8.559323936450995152e-02
