1.001418434226643626e+03	2.806760037866430912e-01	1.797267757589269543e-01	2.348761639286374436e-01	1.408559420669572015e-01	6.823443955872586508e-02	2.672024509318078611e-02	6.891042980681050256e-02
1.003837319333471214e+03	2.802596415137129093e-01	1.794421171787871083e-01	2.351791761140441805e-01	1.410297089458952269e-01	6.830708990580759699e-02	2.676279352243849524e-02	6.901947281919630639e-02
1.006256204440298802e+03	2.798444687091401484e-01	1.791582515632220984e-01	2.354813067152561890e-01	1.412029524907137401e-01	6.837953220796107179e-02	2.680526920510346855e-02	6.912821910848516993e-02
1.008675089547126618e+03	2.794304817392565532e-01	1.788751768928965313e-01	2.357825582419415256e-01	1.413756745274824256e-01	6.845176710119695029e-02	2.684767212110454604e-02	6.923666937600332638e-02
1.011093974653954206e+03	2.790176769860109873e-01	1.785928911496347804e-01	2.360829331965970390e-01	1.415478768738000215e-01	6.852379521938324614e-02	2.689000225155912388e-02	6.934482432289665321e-02
1.013512859760782021e+03	2.786060508468193309e-01	1.783113923165094705e-01	2.363824340745697972e-01	1.417195613388544384e-01	6.859561719425386062e-02	2.693225957876417900e-02	6.945268465011075754e-02
1.015931744867609382e+03	2.781955997344177089e-01	1.780306783779279645e-01	2.366810633640783479e-01	1.418907297234819620e-01	6.866723365541711754e-02	2.697444408618734218e-02	6.956025105837132516e-02
1.018350629974437197e+03	2.777863200767174967e-01	1.777507473197167120e-01	2.369788235462341186e-01	1.420613838202262613e-01	6.873864523036421481e-02	2.701655575845803708e-02	6.966752424816484435e-02
1.020769515081264785e+03	2.773782083166632106e-01	1.774715971292035732e-01	2.372757170950626771e-01	1.422315254133964535e-01	6.880985254447767596e-02	2.705859458135865050e-02	6.977450491971942670e-02
1.023188400188092373e+03	2.769712609120924540e-01	1.771932257952983092e-01	2.375717464775246035e-01	1.424011562791247520e-01	6.888085622103967687e-02	2.710056054181576163e-02	6.988119377298603052e-02
1.025607285294920075e+03	2.765654743355984713e-01	1.769156313085710475e-01	2.378669141535368903e-01	1.425702781854234213e-01	6.895165688124044179e-02	2.714245362789141289e-02	6.998759150761987846e-02
1.028026170401747549e+03	2.761608450743945897e-01	1.766388116613288595e-01	2.381612225759936474e-01	1.427388928922413147e-01	6.902225514418655616e-02	2.718427382877443288e-02	7.009369882296211107e-02
1.030445055508575479e+03	2.757573696301814925e-01	1.763627648476905341e-01	2.384546741907871970e-01	1.429070021515195521e-01	6.909265162690918227e-02	2.722602113477181479e-02	7.019951641802173181e-02
1.032863940615402726e+03	2.753550445190161011e-01	1.760874888636595192e-01	2.387472714368287230e-01	1.430746077072469202e-01	6.916284694437237202e-02	2.726769553730011564e-02	7.030504499145778796e-02
1.035282825722230655e+03	2.749538662711828452e-01	1.758129817071950873e-01	2.390390167460690884e-01	1.432417112955146066e-01	6.923284170948115768e-02	2.730929702887695265e-02	7.041028524156181523e-02
1.037701710829058356e+03	2.745538314310673189e-01	1.755392413782818628e-01	2.393299125435195407e-01	1.434083146445701840e-01	6.930263653308975369e-02	2.735082560311249272e-02	7.051523786624043499e-02
1.040120595935886058e+03	2.741549365570313812e-01	1.752662658789974903e-01	2.396199612472722229e-01	1.435744194748714564e-01	6.937223202400964739e-02	2.739228125470102859e-02	7.061990356299835403e-02
1.042539481042713533e+03	2.737571782212909755e-01	1.749940532135787763e-01	2.399091652685207410e-01	1.437400274991393889e-01	6.944162878901770364e-02	2.743366397941258625e-02	7.072428302892140584e-02
1.044958366149541234e+03	2.733605530097953373e-01	1.747226013884861928e-01	2.401975270115805916e-01	1.439051404224107045e-01	6.951082743286414456e-02	2.747497377408457397e-02	7.082837696066004995e-02
1.047377251256368709e+03	2.729650575221085895e-01	1.744519084124665775e-01	2.404850488739094516e-01	1.440697599420898978e-01	6.957982855828059865e-02	2.751621063661350425e-02	7.093218605441291291e-02
1.049796136363196410e+03	2.725706883712931683e-01	1.741819722966146122e-01	2.407717332461276338e-01	1.442338877480007497e-01	6.964863276598798336e-02	2.755737456594672952e-02	7.103571100591064835e-02
1.052215021470024112e+03	2.721774421837948599e-01	1.739127910544325251e-01	2.410575825120380988e-01	1.443975255224372589e-01	6.971724065470451259e-02	2.759846556207424736e-02	7.113895251040001921e-02
1.054633906576851814e+03	2.717853155993299463e-01	1.736443627018882940e-01	2.413425990486467998e-01	1.445606749402142399e-01	6.978565282115346824e-02	2.763948362602054731e-02	7.124191126262822971e-02
1.057052791683679516e+03	2.713943052707740722e-01	1.733766852574726569e-01	2.416267852261826110e-01	1.447233376687172002e-01	6.985386986007115218e-02	2.768042875983649578e-02	7.134458795682739607e-02
1.059471676790506763e+03	2.710044078640529430e-01	1.731097567422542061e-01	2.419101434081173119e-01	1.448855153679519114e-01	6.992189236421458842e-02	2.772130096659128698e-02	7.144698328669929488e-02
1.061890561897334692e+03	2.706156200580348004e-01	1.728435751799334563e-01	2.421926759511856819e-01	1.450472096905933705e-01	6.998972092436936410e-02	2.776210025036441459e-02	7.154909794540038892e-02
1.064309447004162394e+03	2.702279385444242288e-01	1.725781385968956083e-01	2.424743852054052351e-01	1.452084222820343717e-01	7.005735612935728995e-02	2.780282661623770593e-02	7.165093262552699183e-02
1.066728332110990095e+03	2.698413600276582947e-01	1.723134450222614245e-01	2.427552735140959816e-01	1.453691547804335238e-01	7.012479856604417194e-02	2.784348007028740121e-02	7.175248801910059926e-02
1.069147217217817570e+03	2.694558812248037394e-01	1.720494924879373833e-01	2.430353432139001901e-01	1.455294088167628508e-01	7.019204881934736073e-02	2.788406061957627788e-02	7.185376481755359479e-02
1.071566102324645271e+03	2.690714988654559492e-01	1.717862790286641961e-01	2.433145966348020106e-01	1.456891860148549489e-01	7.025910747224344000e-02	2.792456827214580967e-02	7.195476371171501129e-02
1.073984987431472746e+03	2.686882096916396456e-01	1.715238026820641581e-01	2.435930361001471811e-01	1.458484879914495880e-01	7.032597510577580369e-02	2.796500303700839157e-02	7.205548539179655598e-02
1.076403872538300675e+03	2.683060104577111860e-01	1.712620614886872228e-01	2.438706639266622622e-01	1.460073163562400078e-01	7.039265229906219168e-02	2.800536492413957523e-02	7.215593054737888534e-02
1.078822757645127922e+03	2.679248979302618627e-01	1.710010534920558545e-01	2.441474824244743991e-01	1.461656727119186594e-01	7.045913962930212826e-02	2.804565394447040491e-02	7.225609986739800483e-02
1.081241642751955851e+03	2.675448688880233683e-01	1.707407767387087716e-01	2.444234938971304727e-01	1.463235586542225020e-01	7.052543767178449940e-02	2.808587010987974655e-02	7.235599404013190461e-02
1.083660527858783553e+03	2.671659201217743695e-01	1.704812292782434402e-01	2.446987006416164734e-01	1.464809757719779670e-01	7.059154699989492188e-02	2.812601343318667582e-02	7.245561375318741726e-02
1.086079412965611255e+03	2.667880484342484149e-01	1.702224091633573466e-01	2.449731049483767353e-01	1.466379256471454784e-01	7.065746818512312621e-02	2.816608392814292511e-02	7.255495969348726981e-02
1.088498298072438729e+03	2.664112506400435065e-01	1.699643144498883540e-01	2.452467091013331435e-01	1.467944098548633058e-01	7.072320179707036747e-02	2.820608160942535830e-02	7.265403254725723292e-02
1.090917183179266431e+03	2.660355235655328943e-01	1.697069431968538100e-01	2.455195153779042294e-01	1.469504299634914191e-01	7.078874840345676656e-02	2.824600649262851149e-02	7.275283300001361697e-02
1.093336068286093905e+03	2.656608640487773121e-01	1.694502934664886273e-01	2.457915260490241283e-01	1.471059875346546197e-01	7.085410857012848507e-02	2.828585859425713014e-02	7.285136173655086533e-02
1.095754953392921607e+03	2.652872689394384920e-01	1.691943633242823652e-01	2.460627433791617025e-01	1.472610841232852852e-01	7.091928286106512214e-02	2.832563793171882782e-02	7.294961944092934192e-02
1.098173838499749309e+03	2.649147350986939542e-01	1.689391508390150898e-01	2.463331696263393600e-01	1.474157212776659454e-01	7.098427183838683374e-02	2.836534452331669967e-02	7.304760679646328525e-02
1.100592723606577010e+03	2.645432593991530190e-01	1.686846540827924290e-01	2.466028070421518725e-01	1.475699005394711105e-01	7.104907606236160467e-02	2.840497838824205049e-02	7.314532448570906786e-02
1.103011608713404712e+03	2.641728387247743171e-01	1.684308711310796292e-01	2.468716578717852217e-01	1.477236234438090434e-01	7.111369609141228454e-02	2.844453954656712621e-02	7.324277319045342793e-02
1.105430493820231959e+03	2.638034699707843544e-01	1.681778000627345004e-01	2.471397243540353339e-01	1.478768915192629207e-01	7.117813248212384591e-02	2.848402801923790792e-02	7.333995359170213113e-02
1.107849378927059888e+03	2.634351500435972437e-01	1.679254389600395025e-01	2.474070087213267044e-01	1.480297062879316894e-01	7.124238578925032317e-02	2.852344382806692308e-02	7.343686636966857695e-02
1.110268264033887590e+03	2.630678758607355450e-01	1.676737859087329974e-01	2.476735131997309658e-01	1.481820692654705340e-01	7.130645656572200120e-02	2.856278699572614710e-02	7.353351220376272424e-02
1.112687149140715292e+03	2.627016443507528831e-01	1.674228389980392528e-01	2.479392400089853732e-01	1.483339819611310118e-01	7.137034536265231266e-02	2.860205754573989095e-02	7.362989177258015550e-02
1.115106034247542766e+03	2.623364524531566211e-01	1.671725963206981413e-01	2.482041913625114837e-01	1.484854458778007424e-01	7.143405272934487404e-02	2.864125550247777208e-02	7.372600575389129385e-02
1.117524919354370468e+03	2.619722971183324756e-01	1.669230559729933672e-01	2.484683694674332810e-01	1.486364625120427385e-01	7.149757921330043842e-02	2.868038089114771302e-02	7.382185482463086978e-02
1.119943804461197942e+03	2.616091753074702986e-01	1.666742160547801943e-01	2.487317765245957435e-01	1.487870333541345402e-01	7.156092536022377881e-02	2.871943373778897135e-02	7.391743966088737405e-02
1.122362689568025871e+03	2.612470839924901922e-01	1.664260746695122029e-01	2.489944147285830522e-01	1.489371598881067127e-01	7.162409171403062713e-02	2.875841406926523194e-02	7.401276093789289912e-02
1.124781574674853118e+03	2.608860201559703995e-01	1.661786299242673237e-01	2.492562862677367708e-01	1.490868435917812318e-01	7.168707881685443262e-02	2.879732191325773058e-02	7.410781933001303612e-02
1.127200459781681047e+03	2.605259807910760284e-01	1.659318799297729852e-01	2.495173933241740249e-01	1.492360859368093706e-01	7.174988720905324524e-02	2.883615729825841564e-02	7.420261551073689676e-02
1.129619344888508749e+03	2.601669629014883856e-01	1.656858228004305655e-01	2.497777380738056552e-01	1.493848883887093915e-01	7.181251742921647419e-02	2.887492025356315495e-02	7.429715015266734335e-02
1.132038229995336451e+03	2.598089635013360321e-01	1.654404566543389021e-01	2.500373226863542575e-01	1.495332524069037106e-01	7.187497001417166020e-02	2.891361080926498073e-02	7.439142392751142696e-02
1.134457115102163925e+03	2.594519796151261160e-01	1.651957796133173006e-01	2.502961493253721414e-01	1.496811794447558963e-01	7.193724549899115084e-02	2.895222899624738666e-02	7.448543750607090896e-02
1.136876000208991627e+03	2.590960082776773699e-01	1.649517898029276286e-01	2.505542201482591769e-01	1.498286709496072511e-01	7.199934441699884502e-02	2.899077484617764919e-02	7.457919155823293511e-02
1.139294885315819101e+03	2.587410465340532761e-01	1.647084853524957704e-01	2.508115373062808073e-01	1.499757283628130322e-01	7.206126729977677114e-02	2.902924839150020087e-02	7.467268675296097336e-02
1.141713770422646803e+03	2.583870914394967855e-01	1.644658643951322496e-01	2.510681029445858137e-01	1.501223531197784788e-01	7.212301467717176229e-02	2.906764966543003148e-02	7.476592375828569614e-02
1.144132655529474505e+03	2.580341400593655354e-01	1.642239250677523521e-01	2.513239192022239665e-01	1.502685466499943945e-01	7.218458707730207591e-02	2.910597870194614814e-02	7.485890324129627904e-02
1.146551540636302207e+03	2.576821894690685677e-01	1.639826655110955544e-01	2.515789882121636234e-01	1.504143103770724521e-01	7.224598502656387478e-02	2.914423553578505965e-02	7.495162586813160221e-02
1.148970425743129908e+03	2.573312367540027124e-01	1.637420838697440095e-01	2.518333121013099918e-01	1.505596457187801940e-01	7.230720904963779117e-02	2.918242020243430948e-02	7.504409230397175723e-02
1.151389310849957155e+03	2.569812790094914146e-01	1.635021782921407818e-01	2.520868929905217826e-01	1.507045540870757538e-01	7.236825966949543554e-02	2.922053273812603297e-02	7.513630321302966486e-02
1.153808195956785084e+03	2.566323133407229506e-01	1.632629469306071668e-01	2.523397329946293066e-01	1.508490368881421628e-01	7.242913740740584971e-02	2.925857317983057357e-02	7.522825925854280393e-02
1.156227081063612786e+03	2.562843368626905316e-01	1.630243879413595942e-01	2.525918342224520163e-01	1.509930955224215166e-01	7.248984278294193229e-02	2.929654156525013375e-02	7.531996110276505119e-02
1.158645966170440488e+03	2.559373467001327396e-01	1.627864994845256985e-01	2.528431987768154365e-01	1.511367313846487814e-01	7.255037631398687792e-02	2.933443793281245021e-02	7.541140940695882644e-02
1.161064851277267962e+03	2.555913399874745195e-01	1.625492797241599452e-01	2.530938287545689280e-01	1.512799458638851013e-01	7.261073851674051949e-02	2.937226232166453149e-02	7.550260483138715450e-02
1.163483736384095664e+03	2.552463138687697253e-01	1.623127268282587299e-01	2.533437262466029516e-01	1.514227403435512154e-01	7.267092990572569799e-02	2.941001477166640607e-02	7.559354803530603240e-02
1.165902621490923138e+03	2.549022654976434432e-01	1.620768389687747557e-01	2.535928933378659433e-01	1.515651162014602926e-01	7.273095099379452144e-02	2.944769532338492937e-02	7.568423967695682431e-02
1.168321506597751068e+03	2.545591920372361483e-01	1.618416143216309111e-01	2.538413321073819673e-01	1.517070748098504618e-01	7.279080229213473474e-02	2.948530401808762899e-02	7.577468041355892026e-02
1.170740391704578315e+03	2.542170906601474711e-01	1.616070510667335924e-01	2.540890446282675352e-01	1.518486175354173129e-01	7.285048431027588145e-02	2.952284089773657763e-02	7.586487090130238087e-02
1.173159276811406244e+03	2.538759585483816861e-01	1.613731473879857214e-01	2.543360329677488152e-01	1.519897457393458162e-01	7.290999755609561817e-02	2.956030600498231117e-02	7.595481179534079030e-02
1.175578161918233945e+03	2.535357928932934213e-01	1.611399014732987078e-01	2.545822991871786178e-01	1.521304607773422413e-01	7.296934253582583463e-02	2.959769938315777102e-02	7.604450374978427574e-02
1.177997047025061647e+03	2.531965908955337574e-01	1.609073115146045507e-01	2.548278453420532719e-01	1.522707639996655760e-01	7.302851975405887097e-02	2.963502107627230542e-02	7.613394741769252683e-02
1.180415932131889122e+03	2.528583497649979361e-01	1.606753757078669687e-01	2.550726734820296659e-01	1.524106567511588628e-01	7.308752971375366558e-02	2.967227112900569855e-02	7.622314345106809275e-02
1.182834817238716823e+03	2.525210667207727355e-01	1.604440922530921410e-01	2.553167856509421796e-01	1.525501403712800352e-01	7.314637291624179194e-02	2.970944958670222388e-02	7.631209250084974860e-02
1.185253702345544298e+03	2.521847389910852888e-01	1.602134593543391716e-01	2.555601838868191700e-01	1.526892161941328652e-01	7.320504986123363422e-02	2.974655649536475308e-02	7.640079521690591735e-02
1.187672587452371999e+03	2.518493638132520696e-01	1.599834752197297760e-01	2.558028702219001249e-01	1.528278855484972165e-01	7.326356104682432702e-02	2.978359190164889259e-02	7.648925224802828604e-02
1.190091472559199701e+03	2.515149384336287097e-01	1.597541380614578566e-01	2.560448466826520941e-01	1.529661497578593821e-01	7.332190696949988928e-02	2.982055585285716542e-02	7.657746424192558854e-02
1.192510357666027403e+03	2.511814601075603726e-01	1.595254460957982734e-01	2.562861152897862871e-01	1.531040101404420040e-01	7.338008812414315019e-02	2.985744839693319982e-02	7.666543184521736054e-02
1.194929242772855105e+03	2.508489260993327918e-01	1.592973975431154487e-01	2.565266780582749484e-01	1.532414680092337445e-01	7.343810500403975816e-02	2.989426958245600813e-02	7.675315570342797211e-02
1.197348127879682352e+03	2.505173336821239216e-01	1.590699906278714715e-01	2.567665369973675116e-01	1.533785246720187068e-01	7.349595810088409287e-02	2.993101945863423444e-02	7.684063646098067413e-02
1.199767012986510281e+03	2.501866801379561411e-01	1.588432235786336466e-01	2.570056941106075854e-01	1.535151814314057173e-01	7.355364790478517711e-02	2.996769807530051330e-02	7.692787476119181123e-02
1.202185898093337983e+03	2.498569627576490426e-01	1.586170946280817950e-01	2.572441513958489412e-01	1.536514395848573022e-01	7.361117490427257493e-02	3.000430548290579022e-02	7.701487124626511804e-02
1.204604783200165684e+03	2.495281788407728851e-01	1.583916020130151647e-01	2.574819108452720551e-01	1.537873004247182762e-01	7.366853958630226185e-02	3.004084173251371850e-02	7.710162655728614034e-02
1.207023668306993159e+03	2.492003256956023260e-01	1.581667439743588144e-01	2.577189744454006504e-01	1.539227652382444134e-01	7.372574243626238422e-02	3.007730687579509773e-02	7.718814133421678103e-02
1.209442553413820860e+03	2.488734006390711795e-01	1.579425187571696643e-01	2.579553441771175737e-01	1.540578353076305640e-01	7.378278393797915724e-02	3.011370096502232613e-02	7.727441621588995724e-02
1.211861438520648335e+03	2.485474009967272024e-01	1.577189246106422416e-01	2.581910220156814484e-01	1.541925119100387154e-01	7.383966457372256875e-02	3.015002405306388411e-02	7.736045184000432673e-02
1.214280323627476264e+03	2.482223241026878524e-01	1.574959597881140372e-01	2.584260099307424396e-01	1.543267963176258029e-01	7.389638482421219401e-02	3.018627619337888035e-02	7.744624884311916702e-02
1.216699208734303511e+03	2.478981672995961560e-01	1.572736225470703908e-01	2.586603098863587413e-01	1.544606897975712156e-01	7.395294516862285783e-02	3.022245744001160819e-02	7.753180786064935159e-02
1.219118093841131440e+03	2.475749279385774937e-01	1.570519111491491537e-01	2.588939238410125632e-01	1.545941936121042470e-01	7.400934608459033837e-02	3.025856784758614720e-02	7.761712952686040945e-02
1.221536978947959142e+03	2.472526033791966060e-01	1.568308238601449356e-01	2.591268537476258960e-01	1.547273090185310174e-01	7.406558804821707087e-02	3.029460747130098899e-02	7.770221447486370947e-02
1.223955864054786844e+03	2.469311909894152113e-01	1.566103589500131010e-01	2.593591015535770539e-01	1.548600372692615912e-01	7.412167153407776821e-02	3.033057636692370468e-02	7.778706333661175587e-02
1.226374749161614318e+03	2.466106881455500111e-01	1.563905146928733225e-01	2.595906692007161065e-01	1.549923796118364838e-01	7.417759701522502747e-02	3.036647459078565051e-02	7.787167674289358077e-02
1.228793634268442020e+03	2.462910922322313068e-01	1.561712893670129110e-01	2.598215586253809217e-01	1.551243372889532235e-01	7.423336496319497824e-02	3.040230219977670470e-02	7.795605532333017840e-02
1.231212519375269494e+03	2.459724006423620046e-01	1.559526812548897301e-01	2.600517717584129862e-01	1.552559115384925248e-01	7.428897584801275045e-02	3.043805925134002166e-02	7.804019970637016135e-02
1.233631404482097196e+03	2.456546107770771481e-01	1.557346886431349442e-01	2.602813105251733372e-01	1.553871035935444345e-01	7.434443013819810875e-02	3.047374580346683473e-02	7.812411051928534744e-02
1.236050289588924898e+03	2.453377200457037832e-01	1.555173098225553496e-01	2.605101768455580502e-01	1.555179146824340608e-01	7.439972830077093424e-02	3.050936191469130060e-02	7.820778838816666578e-02
1.238469174695752372e+03	2.450217258657213515e-01	1.553005430881354010e-01	2.607383726340141705e-01	1.556483460287472476e-01	7.445487080125669233e-02	3.054490764408535064e-02	7.829123393791992402e-02
1.240888059802580301e+03	2.447066256627224712e-01	1.550843867390390429e-01	2.609658997995552565e-01	1.557783988513559981e-01	7.450985810369191442e-02	3.058038305125361511e-02	7.837444779226183933e-02
1.243306944909407548e+03	2.443924168703743016e-01	1.548688390786112645e-01	2.611927602457769226e-01	1.559080743644437050e-01	7.456469067062965195e-02	3.061578819632831960e-02	7.845743057371605544e-02
1.245725830016235477e+03	2.440790969303800739e-01	1.546538984143791540e-01	2.614189558708723826e-01	1.560373737775300751e-01	7.461936896314487477e-02	3.065112313996427515e-02	7.854018290360935406e-02
1.248144715123063179e+03	2.437666632924412602e-01	1.544395630580531475e-01	2.616444885676479926e-01	1.561662982954961643e-01	7.467389344083985581e-02	3.068638794333386141e-02	7.862270540206786618e-02
1.250563600229890881e+03	2.434551134142199647e-01	1.542258313255274738e-01	2.618693602235389606e-01	1.562948491186087197e-01	7.472826456184956945e-02	3.072158266812206537e-02	7.870499868801343613e-02
1.252982485336718355e+03	2.431444447613019533e-01	1.540127015368806529e-01	2.620935727206241128e-01	1.564230274425448819e-01	7.478248278284696515e-02	3.075670737652153042e-02	7.878706337915998559e-02
1.255401370443546057e+03	2.428346548071597943e-01	1.538001720163759412e-01	2.623171279356419361e-01	1.565508344584162492e-01	7.483654855904839365e-02	3.079176213122765404e-02	7.886890009201012741e-02
1.257820255550373531e+03	2.425257410331165819e-01	1.535882410924608588e-01	2.625400277400053994e-01	1.566782713527930804e-01	7.489046234421878334e-02	3.082674699543370631e-02	7.895050944185168229e-02
1.260239140657201460e+03	2.422177009283099369e-01	1.533769070977672178e-01	2.627622739998174972e-01	1.568053393077279978e-01	7.494422459067698328e-02	3.086166203282599343e-02	7.903189204275443136e-02
1.262658025764028707e+03	2.419105319896564799e-01	1.531661683691104558e-01	2.629838685758863481e-01	1.569320395007798297e-01	7.499783574930099506e-02	3.089650730757903876e-02	7.911304850756682716e-02
1.265076910870856636e+03	2.416042317218165814e-01	1.529560232474890535e-01	2.632048133237405163e-01	1.570583731050369802e-01	7.505129626953316313e-02	3.093128288435079490e-02	7.919397944791292665e-02
1.267495795977684338e+03	2.412987976371595011e-01	1.527464700780832851e-01	2.634251100936437218e-01	1.571843412891408276e-01	7.510460659938543448e-02	3.096598882827789403e-02	7.927468547418925482e-02
1.269914681084511813e+03	2.409942272557288601e-01	1.525375072102543028e-01	2.636447607306105501e-01	1.573099452173088719e-01	7.515776718544446566e-02	3.100062520497092605e-02	7.935516719556186260e-02
1.272333566191339514e+03	2.406905181052085563e-01	1.523291329975426101e-01	2.638637670744209407e-01	1.574351860493576338e-01	7.521077847287679918e-02	3.103519208050975128e-02	7.943542521996346806e-02
1.274752451298167216e+03	2.403876677208888757e-01	1.521213457976664241e-01	2.640821309596355082e-01	1.575600649407254972e-01	7.526364090543401220e-02	3.106968952143883411e-02	7.951546015409056978e-02
1.277171336404994690e+03	2.400856736456330465e-01	1.519141439725199272e-01	2.642998542156102526e-01	1.576845830424952466e-01	7.531635492545780963e-02	3.110411759476261473e-02	7.959527260340074073e-02
1.279590221511822392e+03	2.397845334298440989e-01	1.517075258881712130e-01	2.645169386665117139e-01	1.578087415014166606e-01	7.536892097388510348e-02	3.113847636794090865e-02	7.967486317210999147e-02
1.282009106618650094e+03	2.394842446314319473e-01	1.515014899148601490e-01	2.647333861313314607e-01	1.579325414599285771e-01	7.542133949025305040e-02	3.117276590888433743e-02	7.975423246319014725e-02
1.284427991725477568e+03	2.391848048157810269e-01	1.512960344269958513e-01	2.649491984239012998e-01	1.580559840561811813e-01	7.547361091270414490e-02	3.120698628594977680e-02	7.983338107836635000e-02
1.286846876832305497e+03	2.388862115557180421e-01	1.510911578031542968e-01	2.651643773529078207e-01	1.581790704240578216e-01	7.552573567799115983e-02	3.124113756793586022e-02	7.991230961811465749e-02
1.289265761939132744e+03	2.385884624314799918e-01	1.508868584260753543e-01	2.653789247219071057e-01	1.583018016931968253e-01	7.557771422148222562e-02	3.127521982407848594e-02	7.999101868165964246e-02
1.291684647045960673e+03	2.382915550306827501e-01	1.506831346826599527e-01	2.655928423293394958e-01	1.584241789890131202e-01	7.562954697716570140e-02	3.130923312404636921e-02	8.006950886697215830e-02
1.294103532152788375e+03	2.379954869482896751e-01	1.504799849639670839e-01	2.658061319685441903e-01	1.585462034327196623e-01	7.568123437765521266e-02	3.134317753793661177e-02	8.014778077076706309e-02
1.296522417259616077e+03	2.377002557865806054e-01	1.502774076652103608e-01	2.660187954277738465e-01	1.586678761413486960e-01	7.573277685419450844e-02	3.137705313627030951e-02	8.022583498850116568e-02
1.298941302366443551e+03	2.374058591551212460e-01	1.500754011857546588e-01	2.662308344902089563e-01	1.587891982277728764e-01	7.578417483666244348e-02	3.141085998998820183e-02	8.030367211437104691e-02
1.301360187473271253e+03	2.371122946707326928e-01	1.498739639291125081e-01	2.664422509339726686e-01	1.589101708007263358e-01	7.583542875357776603e-02	3.144459817044630012e-02	8.038129274131114443e-02
1.303779072580098727e+03	2.368195599574612897e-01	1.496730943029402905e-01	2.666530465321451104e-01	1.590307949648253616e-01	7.588653903210403062e-02	3.147826774941160644e-02	8.045869746099182374e-02
1.306197957686926657e+03	2.365276526465487361e-01	1.494727907190344096e-01	2.668632230527774873e-01	1.591510718205891572e-01	7.593750609805444141e-02	3.151186879905781141e-02	8.053588686381743522e-02
1.308616842793753904e+03	2.362365703764025826e-01	1.492730515933272384e-01	2.670727822589070710e-01	1.592710024644602984e-01	7.598833037589666772e-02	3.154540139196106152e-02	8.061286153892459339e-02
1.311035727900581833e+03	2.359463107925668102e-01	1.490738753458829002e-01	2.672817259085708552e-01	1.593905879888251609e-01	7.603901228875761809e-02	3.157886560109572638e-02	8.068962207418044208e-02
1.313454613007409534e+03	2.356568715476928533e-01	1.488752604008928559e-01	2.674900557548203772e-01	1.595098294820340157e-01	7.608955225842822800e-02	3.161226149983018680e-02	8.076616905618094755e-02
1.315873498114237009e+03	2.353682503015107341e-01	1.486772051866715461e-01	2.676977735457357066e-01	1.596287280284212073e-01	7.613995070536823395e-02	3.164558916192267840e-02	8.084250307024933024e-02
1.318292383221064711e+03	2.350804447208004744e-01	1.484797081356517834e-01	2.679048810244397116e-01	1.597472847083249714e-01	7.619020804871086405e-02	3.167884866151715606e-02	8.091862470043451050e-02
1.320711268327892412e+03	2.347934524793637845e-01	1.482827676843798959e-01	2.681113799291121036e-01	1.598655005981072796e-01	7.624032470626759816e-02	3.171204007313916523e-02	8.099453452950963750e-02
1.323130153434719887e+03	2.345072712579960583e-01	1.480863822735108970e-01	2.683172719930037586e-01	1.599833767701734355e-01	7.629030109453283082e-02	3.174516347169174108e-02	8.107023313897074313e-02
1.325549038541547588e+03	2.342218987444585343e-01	1.478905503478036287e-01	2.685225589444505401e-01	1.601009142929915308e-01	7.634013762868856190e-02	3.177821893245138390e-02	8.114572110903527091e-02
1.327967923648375290e+03	2.339373326334506509e-01	1.476952703561154046e-01	2.687272425068877313e-01	1.602181142311118744e-01	7.638983472260900409e-02	3.181120653106399299e-02	8.122099901864086868e-02
1.330386808755202765e+03	2.336535706265827073e-01	1.475005407513969857e-01	2.689313243988634139e-01	1.603349776451860886e-01	7.643939278886525968e-02	3.184412634354088362e-02	8.129606744544416730e-02
1.332805693862030694e+03	2.333706104323487740e-01	1.473063599906871690e-01	2.691348063340530672e-01	1.604515055919862321e-01	7.648881223872992796e-02	3.187697844625477644e-02	8.137092696581957330e-02
1.335224578968857941e+03	2.330884497660997701e-01	1.471127265351073188e-01	2.693376900212729463e-01	1.605676991244238128e-01	7.653809348218168496e-02	3.190976291593586311e-02	8.144557815485817254e-02
1.337643464075685870e+03	2.328070863500167065e-01	1.469196388498557049e-01	2.695399771644943487e-01	1.606835592915684119e-01	7.658723692790984916e-02	3.194247982966787885e-02	8.152002158636664775e-02
1.340062349182513572e+03	2.325265179130844295e-01	1.467270954042019793e-01	2.697416694628571587e-01	1.607990871386664744e-01	7.663624298331891960e-02	3.197512926488418894e-02	8.159425783286633482e-02
1.342481234289341273e+03	2.322467421910651142e-01	1.465350946714814029e-01	2.699427686106838364e-01	1.609142837071598497e-01	7.668511205453312773e-02	3.200771129936392373e-02	8.166828746559222363e-02
1.344900119396168748e+03	2.319677569264724237e-01	1.463436351290887949e-01	2.701432762974930180e-01	1.610291500347040827e-01	7.673384454640096164e-02	3.204022601122811370e-02	8.174211105449215309e-02
1.347319004502996449e+03	2.316895598685455582e-01	1.461527152584726486e-01	2.703431942080131156e-01	1.611436871551867878e-01	7.678244086249964850e-02	3.207267347893588000e-02	8.181572916822588137e-02
1.349737889609823924e+03	2.314121487732236915e-01	1.459623335451291082e-01	2.705425240221963623e-01	1.612578960987457177e-01	7.683090140513959554e-02	3.210505378128061110e-02	8.188914237416437814e-02
1.352156774716651853e+03	2.311355214031205474e-01	1.457724884785956965e-01	2.707412674152321896e-01	1.613717778917868328e-01	7.687922657536887250e-02	3.213736699738622971e-02	8.196235123838906123e-02
1.354575659823479100e+03	2.308596755274991696e-01	1.455831785524451805e-01	2.709394260575606617e-01	1.614853335570021753e-01	7.692741677297763869e-02	3.216961320670340407e-02	8.203535632569115832e-02
1.356994544930307029e+03	2.305846089222468864e-01	1.453944022642791045e-01	2.711370016148862971e-01	1.615985641133876605e-01	7.697547239650255613e-02	3.220179248900583574e-02	8.210815819957108241e-02
1.359413430037134731e+03	2.303103193698504969e-01	1.452061581157213788e-01	2.713339957481913922e-01	1.617114705762605631e-01	7.702339384323123039e-02	3.223390492438657495e-02	8.218075742223780733e-02
1.361832315143962205e+03	2.300368046593715132e-01	1.450184446124118676e-01	2.715304101137495096e-01	1.618240539572772807e-01	7.707118150920651278e-02	3.226595059325432918e-02	8.225315455460840974e-02
1.364251200250789907e+03	2.297640625864219854e-01	1.448312602639995894e-01	2.717262463631390235e-01	1.619363152644505144e-01	7.711883578923087179e-02	3.229792957632981326e-02	8.232535015630758346e-02
1.366670085357617609e+03	2.294920909531398823e-01	1.446446035841362776e-01	2.719215061432564418e-01	1.620482555021666438e-01	7.716635707687076462e-02	3.232984195464214811e-02	8.239734478566725084e-02
1.369088970464445310e+03	2.292208875681651936e-01	1.444584730904694414e-01	2.721161910963295627e-01	1.621598756712029077e-01	7.721374576446098092e-02	3.236168780952522472e-02	8.246913899972613260e-02
1.371507855571272785e+03	2.289504502466160329e-01	1.442728673046355381e-01	2.723103028599310194e-01	1.622711767687443907e-01	7.726100224310887554e-02	3.239346722261413763e-02	8.254073335422944246e-02
1.373926740678100487e+03	2.286807768100647398e-01	1.440877847522532562e-01	2.725038430669914913e-01	1.623821597884009260e-01	7.730812690269869836e-02	3.242518027584166684e-02	8.261212840362862353e-02
1.376345625784927961e+03	2.284118650865144817e-01	1.439032239629163268e-01	2.726968133458129162e-01	1.624928257202239712e-01	7.735512013189585478e-02	3.245682705143470431e-02	8.268332470108114007e-02
1.378764510891755890e+03	2.281437129103758288e-01	1.437191834701866400e-01	2.728892153200816462e-01	1.626031755507232335e-01	7.740198231815115237e-02	3.248840763191076370e-02	8.275432279845026939e-02
1.381183395998583137e+03	2.278763181224433554e-01	1.435356618115869176e-01	2.730810506088814371e-01	1.627132102628832677e-01	7.744871384770500577e-02	3.251992210007452477e-02	8.282512324630493528e-02
1.383602281105411066e+03	2.276096785698728253e-01	1.433526575285938576e-01	2.732723208267069936e-01	1.628229308361799632e-01	7.749531510559168335e-02	3.255137053901432931e-02	8.289572659391966636e-02
1.386021166212238768e+03	2.273437921061581823e-01	1.431701691666306675e-01	2.734630275834767921e-01	1.629323382465969472e-01	7.754178647564351212e-02	3.258275303209879487e-02	8.296613338927452674e-02
1.388440051319066470e+03	2.270786565911087074e-01	1.429881952750597651e-01	2.736531724845457925e-01	1.630414334666416554e-01	7.758812834049498564e-02	3.261406966297335924e-02	8.303634417905510212e-02
1.390858936425893944e+03	2.268142698908265920e-01	1.428067344071755895e-01	2.738427571307190944e-01	1.631502174653616521e-01	7.763434108158699665e-02	3.264532051555692899e-02	8.310635950865252752e-02
1.393277821532721646e+03	2.265506298776844563e-01	1.426257851201969684e-01	2.740317831182643715e-01	1.632586912083605624e-01	7.768042507917093109e-02	3.267650567403849321e-02	8.317617992216362610e-02
1.395696706639549120e+03	2.262877344303030891e-01	1.424453459752598461e-01	2.742202520389249165e-01	1.633668556578139475e-01	7.772638071231283141e-02	3.270762522287379293e-02	8.324580596239095076e-02
1.398115591746377049e+03	2.260255814335292435e-01	1.422654155374096230e-01	2.744081654799326864e-01	1.634747117724852650e-01	7.777220835889746275e-02	3.273867924678199731e-02	8.331523817084297845e-02
1.400534476853204296e+03	2.257641687784138207e-01	1.420859923755936893e-01	2.745955250240211254e-01	1.635822605077414671e-01	7.781790839563242079e-02	3.276966783074240080e-02	8.338447708773434608e-02
1.402953361960032225e+03	2.255034943621898880e-01	1.419070750626536537e-01	2.747823322494376552e-01	1.636895028155686271e-01	7.786348119805221180e-02	3.280059105999116875e-02	8.345352325198605870e-02
1.405372247066859927e+03	2.252435560882511678e-01	1.417286621753178766e-01	2.749685887299567200e-01	1.637964396445873994e-01	7.790892714052227719e-02	3.283144902001805532e-02	8.352237720122576703e-02
1.407791132173687402e+03	2.249843518661303055e-01	1.415507522941934770e-01	2.751542960348926647e-01	1.639030719400684510e-01	7.795424659624305974e-02	3.286224179656321159e-02	8.359103947178808669e-02
1.410210017280515103e+03	2.247258796114776636e-01	1.413733440037588107e-01	2.753394557291119482e-01	1.640094006439478114e-01	7.799943993725404201e-02	3.289296947561394513e-02	8.365951059871501450e-02
1.412628902387342805e+03	2.244681372460399782e-01	1.411964358923555596e-01	2.755240693730462431e-01	1.641154266948419704e-01	7.804450753443770150e-02	3.292363214340154193e-02	8.372779111575624766e-02
1.415047787494170507e+03	2.242111226976391536e-01	1.410200265521807939e-01	2.757081385227049264e-01	1.642211510280630615e-01	7.808944975752350748e-02	3.295422988639811618e-02	8.379588155536964178e-02
1.417466672600997981e+03	2.239548339001515009e-01	1.408441145792792837e-01	2.758916647296875690e-01	1.643265745756337659e-01	7.813426697509194552e-02	3.298476279131346695e-02	8.386378244872176591e-02
1.419885557707825683e+03	2.236992687934866442e-01	1.406686985735353113e-01	2.760746495411964818e-01	1.644316982663022453e-01	7.817895955457838941e-02	3.301523094509194178e-02	8.393149432568827728e-02
1.422304442814653157e+03	2.234444253235669531e-01	1.404937771386648437e-01	2.762570945000494826e-01	1.645365230255570188e-01	7.822352786227709798e-02	3.304563443490934893e-02	8.399901771485455970e-02
1.424723327921481086e+03	2.231903014423069487e-01	1.403193488822075119e-01	2.764390011446919981e-01	1.646410497756415348e-01	7.826797226334514246e-02	3.307597334816987644e-02	8.406635314351625088e-02
1.427142213028308333e+03	2.229368951075927641e-01	1.401454124155185610e-01	2.766203710092098311e-01	1.647452794355688810e-01	7.831229312180626456e-02	3.310624777250303213e-02	8.413350113767988081e-02
1.429561098135136262e+03	2.226842042832619106e-01	1.399719663537606629e-01	2.768012056233413176e-01	1.648492129211363566e-01	7.835649080055477611e-02	3.313645779576061823e-02	8.420046222206355180e-02
1.431979983241963964e+03	2.224322269390829609e-01	1.397990093158959779e-01	2.769815065124898168e-01	1.649528511449396273e-01	7.840056566135947258e-02	3.316660350601371293e-02	8.426723692009754907e-02
1.434398868348791666e+03	2.221809610507355093e-01	1.396265399246778838e-01	2.771612751977360900e-01	1.650561950163874081e-01	7.844451806486744949e-02	3.319668499154967978e-02	8.433382575392511793e-02
1.436817753455619140e+03	2.219304045997902430e-01	1.394545568066427599e-01	2.773405131958504022e-01	1.651592454417154243e-01	7.848834837060796044e-02	3.322670234086918389e-02	8.440022924440319929e-02
1.439236638562446842e+03	2.216805555736890698e-01	1.392830585921018272e-01	2.775192220193049564e-01	1.652620033240006781e-01	7.853205693699623346e-02	3.325665564268323604e-02	8.446644791110315131e-02
1.441655523669274316e+03	2.214314119657253555e-01	1.391120439151329602e-01	2.776974031762861062e-01	1.653644695631754924e-01	7.857564412133727361e-02	3.328654498591028521e-02	8.453248227231167922e-02
1.444074408776102018e+03	2.211829717750243007e-01	1.389415114135723883e-01	2.778750581707064016e-01	1.654666450560415003e-01	7.861911027982967926e-02	3.331637045967328348e-02	8.459833284503154305e-02
1.446493293882929493e+03	2.209352330065235681e-01	1.387714597290063134e-01	2.780521885022169681e-01	1.655685306962834391e-01	7.866245576756943081e-02	3.334613215329682023e-02	8.466400014498257076e-02
1.448912178989757422e+03	2.206881936709537140e-01	1.386018875067626943e-01	2.782287956662192752e-01	1.656701273744830560e-01	7.870568093855360992e-02	3.337583015630421479e-02	8.472948468660243537e-02
1.451331064096585123e+03	2.204418517848191483e-01	1.384327933959028922e-01	2.784048811538777368e-01	1.657714359781326807e-01	7.874878614568417423e-02	3.340546455841468532e-02	8.479478698304769579e-02
1.453749949203412370e+03	2.201962053703787059e-01	1.382641760492132887e-01	2.785804464521312029e-01	1.658724573916489919e-01	7.879177174077166279e-02	3.343503544954052470e-02	8.485990754619469889e-02
1.456168834310240300e+03	2.199512524556267723e-01	1.380960341231967925e-01	2.787554930437053380e-01	1.659731924963863681e-01	7.883463807453895689e-02	3.346454291978428336e-02	8.492484688664056480e-02
1.458587719417068001e+03	2.197069910742742715e-01	1.379283662780645958e-01	2.789300224071244449e-01	1.660736421706505428e-01	7.887738549662494381e-02	3.349398705943596594e-02	8.498960551370428329e-02
1.461006604523895703e+03	2.194634192657299032e-01	1.377611711777276815e-01	2.791040360167234557e-01	1.661738072897117613e-01	7.892001435558820832e-02	3.352336795897027655e-02	8.505418393542769906e-02
1.463425489630723177e+03	2.192205350750813242e-01	1.375944474897883574e-01	2.792775353426599216e-01	1.662736887258182417e-01	7.896252499891073806e-02	3.355268570904383629e-02	8.511858265857663586e-02
1.465844374737550879e+03	2.189783365530765247e-01	1.374281938855317631e-01	2.794505218509256150e-01	1.663732873482092200e-01	7.900491777300154561e-02	3.358194040049249096e-02	8.518280218864193731e-02
1.468263259844378354e+03	2.187368217561053152e-01	1.372624090399174324e-01	2.796229970033585754e-01	1.664726040231281345e-01	7.904719302320030450e-02	3.361113212432857017e-02	8.524684302984068818e-02
1.470682144951206283e+03	2.184959887461809525e-01	1.370970916315707722e-01	2.797949622576550444e-01	1.665716396138356981e-01	7.908935109378102679e-02	3.364026097173818813e-02	8.531070568511731067e-02
1.473101030058033530e+03	2.182558355909217651e-01	1.369322403427745138e-01	2.799664190673809561e-01	1.666703949806227492e-01	7.913139232795558808e-02	3.366932703407858607e-02	8.537439065614475797e-02
1.475519915164861459e+03	2.180163603635329184e-01	1.367678538594602755e-01	2.801373688819838725e-01	1.667688709808231862e-01	7.917331706787740508e-02	3.369833040287544684e-02	8.543789844332577710e-02
1.477938800271689161e+03	2.177775611427882896e-01	1.366039308711998745e-01	2.803078131468045298e-01	1.668670684688268180e-01	7.921512565464497446e-02	3.372727116982029288e-02	8.550122954579413015e-02
1.480357685378516862e+03	2.175394360130124272e-01	1.364404700711968343e-01	2.804777533030886061e-01	1.669649882960919651e-01	7.925681842830546719e-02	3.375614942676782165e-02	8.556438446141576004e-02
1.482776570485344337e+03	2.173019830640626759e-01	1.362774701562778912e-01	2.806471907879983241e-01	1.670626313111581163e-01	7.929839572785828128e-02	3.378496526573335212e-02	8.562736368679021992e-02
