1.001418434226643626e+03	2.808154521753521426e-01	1.796010402230892866e-01	2.348080324226304583e-01	1.408554197046593404e-01	6.824941370697654164e-02	2.674118925431872434e-02	6.892945251285328978e-02
1.003837319333471214e+03	2.803991697593410382e-01	1.793163523808940230e-01	2.351105030006569452e-01	1.410292229748263404e-01	6.832213219220578670e-02	2.678397743230425537e-02	6.903864225965138102e-02
1.006256204440298802e+03	2.799840713388007107e-01	1.790324619814376295e-01	2.354120937392255863e-01	1.412025037208863021e-01	6.839464235767726830e-02	2.682669252305139654e-02	6.914753433880091449e-02
1.008675089547126618e+03	2.795701533749243572e-01	1.787493669230793836e-01	2.357128071440624251e-01	1.413752637643999610e-01	6.846694484201648612e-02	2.686933449779445315e-02	6.925612945360268280e-02
1.011093974653954206e+03	2.791574123431659338e-01	1.784670651065332625e-01	2.360126457136970668e-01	1.415475049184576617e-01	6.853904028168249229e-02	2.691190332907586122e-02	6.936442830726746722e-02
1.013512859760782021e+03	2.787458447331049305e-01	1.781855544349435494e-01	2.363116119394849945e-01	1.417192289877398093e-01	6.861092931097645398e-02	2.695439899073609480e-02	6.947243160289390262e-02
1.015931744867609382e+03	2.783354470483134779e-01	1.779048328139587465e-01	2.366097083056301065e-01	1.418904377685768492e-01	6.868261256205027143e-02	2.699682145790361851e-02	6.958014004344667547e-02
1.018350629974437197e+03	2.779262158062260624e-01	1.776248981518030179e-01	2.369069372892070591e-01	1.420611330490084701e-01	6.875409066491511290e-02	2.703917070698493019e-02	6.968755433173509650e-02
1.020769515081264785e+03	2.775181475380120166e-01	1.773457483593459116e-01	2.372033013601832774e-01	1.422313166088422787e-01	6.882536424744983838e-02	2.708144671565461750e-02	6.979467517039185387e-02
1.023188400188092373e+03	2.771112387884495654e-01	1.770673813501700555e-01	2.374988029814411872e-01	1.424009902197118371e-01	6.889643393540956229e-02	2.712364946284551159e-02	6.990150326185205765e-02
1.025607285294920075e+03	2.767054861158029788e-01	1.767897950406370211e-01	2.377934446088001141e-01	1.425701556451340335e-01	6.896730035243402168e-02	2.716577892873887901e-02	7.000803930833271460e-02
1.028026170401747549e+03	2.763008860917015030e-01	1.765129873499510782e-01	2.380872286910381830e-01	1.427388146405659808e-01	6.903796412005594463e-02	2.720783509475467599e-02	7.011428401181235559e-02
1.030445055508575479e+03	2.758974353010205105e-01	1.762369562002215895e-01	2.383801576699141889e-01	1.429069689534611387e-01	6.910842585770948787e-02	2.724981794354185138e-02	7.022023807401098217e-02
1.032863940615402726e+03	2.754951303417649822e-01	1.759616995165231845e-01	2.386722339801890802e-01	1.430746203233250191e-01	6.917868618273846637e-02	2.729172745896871893e-02	7.032590219637029072e-02
1.035282825722230655e+03	2.750939678249550435e-01	1.756872152269544352e-01	2.389634600496476358e-01	1.432417704817703086e-01	6.924874571040470772e-02	2.733356362611337811e-02	7.043127708003422971e-02
1.037701710829058356e+03	2.746939443745134990e-01	1.754135012626948376e-01	2.392538382991199475e-01	1.434084211525712971e-01	6.931860505389625393e-02	2.737532643125419399e-02	7.053636342582972341e-02
1.040120595935886058e+03	2.742950566271553647e-01	1.751405555580600459e-01	2.395433711425027645e-01	1.435745740517178348e-01	6.938826482433556320e-02	2.741701586186032907e-02	7.064116193424782586e-02
1.042539481042713533e+03	2.738973012322795109e-01	1.748683760505556628e-01	2.398320609867807818e-01	1.437402308874687895e-01	6.945772563078771167e-02	2.745863190658234809e-02	7.074567330542490262e-02
1.044958366149541234e+03	2.735006748518621356e-01	1.745969606809292252e-01	2.401199102320477619e-01	1.439053933604048652e-01	6.952698808026851196e-02	2.750017455524284699e-02	7.084989823912438145e-02
1.047377251256368709e+03	2.731051741603520155e-01	1.743263073932208584e-01	2.404069212715277404e-01	1.440700631634808104e-01	6.959605277775265941e-02	2.754164379882717562e-02	7.095383743471848914e-02
1.049796136363196410e+03	2.727107958445678104e-01	1.740564141348123484e-01	2.406930964915959259e-01	1.442342419820774047e-01	6.966492032618173957e-02	2.758303962947417781e-02	7.105749159117039082e-02
1.052215021470024112e+03	2.723175366035970324e-01	1.737872788564746029e-01	2.409784382717996554e-01	1.443979314940525838e-01	6.973359132647229119e-02	2.762436204046700775e-02	7.116086140701663454e-02
1.054633906576851814e+03	2.719253931486969589e-01	1.735188995124140598e-01	2.412629489848791275e-01	1.445611333697922607e-01	6.980206637752377208e-02	2.766561102622401916e-02	7.126394758034967913e-02
1.057052791683679516e+03	2.715343622031968218e-01	1.732512740603172618e-01	2.415466309967882197e-01	1.447238492722604797e-01	6.987034607622656657e-02	2.770678658228966501e-02	7.136675080880086619e-02
1.059471676790506763e+03	2.711444405024024396e-01	1.729844004613943220e-01	2.418294866667150544e-01	1.448860808570492098e-01	6.993843101746986812e-02	2.774788870532548385e-02	7.146927178952346138e-02
1.061890561897334692e+03	2.707556247935017923e-01	1.727182766804210012e-01	2.421115183471025945e-01	1.450478297724276389e-01	7.000632179414958967e-02	2.778891739310113129e-02	7.157151121917608438e-02
1.064309447004162394e+03	2.703679118354724853e-01	1.724529006857795366e-01	2.423927283836689595e-01	1.452090976593908289e-01	7.007401899717617677e-02	2.782987264448546702e-02	7.167346979390633310e-02
1.066728332110990095e+03	2.699812983989909876e-01	1.721882704494980265e-01	2.426731191154279932e-01	1.453698861517080665e-01	7.014152321548249025e-02	2.787075445943769728e-02	7.177514820933461603e-02
1.069147217217817570e+03	2.695957812663428710e-01	1.719243839472887336e-01	2.429526928747093584e-01	1.455301968759705744e-01	7.020883503603153608e-02	2.791156283899855553e-02	7.187654716053827608e-02
1.071566102324645271e+03	2.692113572313353242e-01	1.716612391585850828e-01	2.432314519871788816e-01	1.456900314516389461e-01	7.027595504382419533e-02	2.795229778528156989e-02	7.197766734203586703e-02
1.073984987431472746e+03	2.688280230992106667e-01	1.713988340665775767e-01	2.435093987718585373e-01	1.458493914910899136e-01	7.034288382190700961e-02	2.799295930146434436e-02	7.207850944777180469e-02
1.076403872538300675e+03	2.684457756865611944e-01	1.711371666582484907e-01	2.437865355411465706e-01	1.460082785996627830e-01	7.040962195137977220e-02	2.803354739177992341e-02	7.217907417110112911e-02
1.078822757645127922e+03	2.680646118212458018e-01	1.708762349244053458e-01	2.440628646008373426e-01	1.461666943757054249e-01	7.047617001140323023e-02	2.807406206150818775e-02	7.227936220477447493e-02
1.081241642751955851e+03	2.676845283423078259e-01	1.706160368597134658e-01	2.443383882501413695e-01	1.463246404106197385e-01	7.054252857920664810e-02	2.811450331696732641e-02	7.237937424092340255e-02
1.083660527858783553e+03	2.673055220998942216e-01	1.703565704627272859e-01	2.446131087817048910e-01	1.464821182889066986e-01	7.060869823009542634e-02	2.815487116550533311e-02	7.247911097104588196e-02
1.086079412965611255e+03	2.669275899551761810e-01	1.700978337359207448e-01	2.448870284816297149e-01	1.466391295882110701e-01	7.067467953745859566e-02	2.819516561549156863e-02	7.257857308599190149e-02
1.088498298072438729e+03	2.665507287802708625e-01	1.698398246857164839e-01	2.451601496294927574e-01	1.467956758793654837e-01	7.074047307277629704e-02	2.823538667630838550e-02	7.267776127594945124e-02
1.090917183179266431e+03	2.661749354581646743e-01	1.695825413225142408e-01	2.454324744983656936e-01	1.469517587264344005e-01	7.080607940562733127e-02	2.827553435834278400e-02	7.277667623043063139e-02
1.093336068286093905e+03	2.658002068826374464e-01	1.693259816607181889e-01	2.457040053548342762e-01	1.471073796867572725e-01	7.087149910369650030e-02	2.831560867297813408e-02	7.287531863825801037e-02
1.095754953392921607e+03	2.654265399581881013e-01	1.690701437187631939e-01	2.459747444590178467e-01	1.472625403109915909e-01	7.093673273278207347e-02	2.835560963258593192e-02	7.297368918755116340e-02
1.098173838499749309e+03	2.650539315999614898e-01	1.688150255191402660e-01	2.462446940645885429e-01	1.474172421431554358e-01	7.100178085680307338e-02	2.839553725051763636e-02	7.307178856571340531e-02
1.100592723606577010e+03	2.646823787336764489e-01	1.685606250884211510e-01	2.465138564187906167e-01	1.475714867206695813e-01	7.106664403780672823e-02	2.843539154109652606e-02	7.316961745941884254e-02
1.103011608713404712e+03	2.643118782955544144e-01	1.683069404572818950e-01	2.467822337624596407e-01	1.477252755743992674e-01	7.113132283597564665e-02	2.847517251960960880e-02	7.326717655459946688e-02
1.105430493820231959e+03	2.639424272322501430e-01	1.680539696605256039e-01	2.470498283300414100e-01	1.478786102286954729e-01	7.119581780963513129e-02	2.851488020229961742e-02	7.336446653643256821e-02
1.107849378927059888e+03	2.635740225007828230e-01	1.678017107371043148e-01	2.473166423496110933e-01	1.480314922014360213e-01	7.126012951526040917e-02	2.855451460635700933e-02	7.346148808932830010e-02
1.110268264033887590e+03	2.632066610684684060e-01	1.675501617301401458e-01	2.475826780428922180e-01	1.481839230040659650e-01	7.132425850748384810e-02	2.859407574991203529e-02	7.355824189691745341e-02
1.112687149140715292e+03	2.628403399128529938e-01	1.672993206869455018e-01	2.478479376252753774e-01	1.483359041416379698e-01	7.138820533910202049e-02	2.863356365202686382e-02	7.365472864203942427e-02
1.115106034247542766e+03	2.624750560216473905e-01	1.670491856590426150e-01	2.481124233058371320e-01	1.484874371128519499e-01	7.145197056108294753e-02	2.867297833268774368e-02	7.375094900673034859e-02
1.117524919354370468e+03	2.621108063926626541e-01	1.667997547021821680e-01	2.483761372873587170e-01	1.486385234100947306e-01	7.151555472257313528e-02	2.871231981279722539e-02	7.384690367221148632e-02
1.119943804461197942e+03	2.617475880337463146e-01	1.665510258763612805e-01	2.486390817663446384e-01	1.487891645194790169e-01	7.157895837090465230e-02	2.875158811416641744e-02	7.394259331887778619e-02
1.122362689568025871e+03	2.613853979627197566e-01	1.663029972458408556e-01	2.489012589330414083e-01	1.489393619208821129e-01	7.164218205160212405e-02	2.879078325950730835e-02	7.403801862628650587e-02
1.124781574674853118e+03	2.610242332073168803e-01	1.660556668791619006e-01	2.491626709714558074e-01	1.490891170879843353e-01	7.170522630838979672e-02	2.882990527242512355e-02	7.413318027314623471e-02
1.127200459781681047e+03	2.606640908051229832e-01	1.658090328491613474e-01	2.494233200593735933e-01	1.492384314883070662e-01	7.176809168319840671e-02	2.886895417741073069e-02	7.422807893730588857e-02
1.129619344888508749e+03	2.603049678035151970e-01	1.655630932329873739e-01	2.496832083683777070e-01	1.493873065832503622e-01	7.183077871617218890e-02	2.890792999983310060e-02	7.432271529574406566e-02
1.132038229995336451e+03	2.599468612596034789e-01	1.653178461121135867e-01	2.499423380638665926e-01	1.495357438281303686e-01	7.189328794567574621e-02	2.894683276593181670e-02	7.441709002455842992e-02
1.134457115102163925e+03	2.595897682401722695e-01	1.650732895723530658e-01	2.502007113050724318e-01	1.496837446722162901e-01	7.195561990830093291e-02	2.898566250280960876e-02	7.451120379895539991e-02
1.136876000208991627e+03	2.592336858216236495e-01	1.648294217038713538e-01	2.504583302450794635e-01	1.498313105587669725e-01	7.201777513887364091e-02	2.902441923842496996e-02	7.460505729323986535e-02
1.139294885315819101e+03	2.588786110899208293e-01	1.645862406011991685e-01	2.507151970308418854e-01	1.499784429250674012e-01	7.207975417046062760e-02	2.906310300158479118e-02	7.469865118080522282e-02
1.141713770422646803e+03	2.585245411405323046e-01	1.643437443632441430e-01	2.509713138032020341e-01	1.501251432024645338e-01	7.214155753437631602e-02	2.910171382193706135e-02	7.479198613412349483e-02
1.144132655529474505e+03	2.581714730783774558e-01	1.641019310933024278e-01	2.512266826969082323e-01	1.502714128164031326e-01	7.220318576018948387e-02	2.914025172996359547e-02	7.488506282473562925e-02
1.146551540636302207e+03	2.578194040177720914e-01	1.638607988990692377e-01	2.514813058406328850e-01	1.504172531864609863e-01	7.226463937573000818e-02	2.917871675697281814e-02	7.497788192324196521e-02
1.148970425743129908e+03	2.574683310823755455e-01	1.636203458926492604e-01	2.517351853569900766e-01	1.505626657263841039e-01	7.232591890709548499e-02	2.921710893509260609e-02	7.507044409929292117e-02
1.151389310849957155e+03	2.571182514051380541e-01	1.633805701905661767e-01	2.519883233625535568e-01	1.507076518441213264e-01	7.238702487865796009e-02	2.925542829726315158e-02	7.516275002157972451e-02
1.153808195956785084e+03	2.567691621282488512e-01	1.631414699137719859e-01	2.522407219678744483e-01	1.508522129418589097e-01	7.244795781307046545e-02	2.929367487722987426e-02	7.525480035782541877e-02
1.156227081063612786e+03	2.564210604030853213e-01	1.629030431876554164e-01	2.524923832774987331e-01	1.509963504160544145e-01	7.250871823127359728e-02	2.933184870953641638e-02	7.534659577477599568e-02
1.158645966170440488e+03	2.560739433901625395e-01	1.626652881420501684e-01	2.527433093899850158e-01	1.511400656574708457e-01	7.256930665250213575e-02	2.936994982951761715e-02	7.543813693819161059e-02
1.161064851277267962e+03	2.557278082590834778e-01	1.624282029112423531e-01	2.529935023979220099e-01	1.512833600512099308e-01	7.262972359429149816e-02	2.940797827329259470e-02	7.552942451283806147e-02
1.163483736384095664e+03	2.553826521884901557e-01	1.621917856339779029e-01	2.532429643879460235e-01	1.514262349767454274e-01	7.268996957248426150e-02	2.944593407775783142e-02	7.562045916247835120e-02
1.165902621490923138e+03	2.550384723660152897e-01	1.619560344534690111e-01	2.534916974407581680e-01	1.515686918079561796e-01	7.275004510123660173e-02	2.948381728058032183e-02	7.571124154986444421e-02
1.168321506597751068e+03	2.546952659882345538e-01	1.617209475174002931e-01	2.537397036311420107e-01	1.517107319131586196e-01	7.280995069302473310e-02	2.952162792019076207e-02	7.580177233672909243e-02
1.170740391704578315e+03	2.543530302606194504e-01	1.614865229779347267e-01	2.539869850279806163e-01	1.518523566551392423e-01	7.286968685865130579e-02	2.955936603577677055e-02	7.589205218377795270e-02
1.173159276811406244e+03	2.540117623974910144e-01	1.612527589917187310e-01	2.542335436942739224e-01	1.519935673911866902e-01	7.292925410725178970e-02	2.959703166727617116e-02	7.598208175068170422e-02
1.175578161918233945e+03	2.536714596219737938e-01	1.610196537198872457e-01	2.544793816871560033e-01	1.521343654731236172e-01	7.298865294630076106e-02	2.963462485537030761e-02	7.607186169606837411e-02
1.177997047025061647e+03	2.533321191659507199e-01	1.607872053280680058e-01	2.547245010579117785e-01	1.522747522473380799e-01	7.304788388161825852e-02	2.967214564147740985e-02	7.616139267751581565e-02
1.180415932131889122e+03	2.529937382700184756e-01	1.605554119863858153e-01	2.549689038519944440e-01	1.524147290548150124e-01	7.310694741737605584e-02	2.970959406774598480e-02	7.625067535154429754e-02
1.182834817238716823e+03	2.526563141834433091e-01	1.603242718694659619e-01	2.552125921090422911e-01	1.525542972311671464e-01	7.316584405610387920e-02	2.974697017704827293e-02	7.633971037360927359e-02
1.185253702345544298e+03	2.523198441641174572e-01	1.600937831564376579e-01	2.554555678628956938e-01	1.526934581066657082e-01	7.322457429869566603e-02	2.978427401297372573e-02	7.642849839809423562e-02
1.187672587452371999e+03	2.519843254785162912e-01	1.598639440309367887e-01	2.556978331416139838e-01	1.528322130062710060e-01	7.328313864441576841e-02	2.982150561982255255e-02	7.651704007830376075e-02
1.190091472559199701e+03	2.516497554016556837e-01	1.596347526811086326e-01	2.559393899674922701e-01	1.529705632496626555e-01	7.334153759090503155e-02	2.985866504259927431e-02	7.660533606645660021e-02
1.192510357666027403e+03	2.513161312170502648e-01	1.594062072996098034e-01	2.561802403570782038e-01	1.531085101512694169e-01	7.339977163418701100e-02	2.989575232700633980e-02	7.669338701367904576e-02
1.194929242772855105e+03	2.509834502166720105e-01	1.591783060836102770e-01	2.564203863211886314e-01	1.532460550202990879e-01	7.345784126867405117e-02	2.993276751943779387e-02	7.678119356999828227e-02
1.197348127879682352e+03	2.506517097009091088e-01	1.589510472347946957e-01	2.566598298649261922e-01	1.533831991607679246e-01	7.351574698717333600e-02	2.996971066697296307e-02	7.686875638433593450e-02
1.199767012986510281e+03	2.503209069785257146e-01	1.587244289593636171e-01	2.568985729876960833e-01	1.535199438715297571e-01	7.357348928089299522e-02	3.000658181737018287e-02	7.695607610450182212e-02
1.202185898093337983e+03	2.499910393666219532e-01	1.584984494680342637e-01	2.571366176832225459e-01	1.536562904463051327e-01	7.363106863944805791e-02	3.004338101906058739e-02	7.704315337718761758e-02
1.204604783200165684e+03	2.496621041905946470e-01	1.582731069760411613e-01	2.573739659395651858e-01	1.537922401737099043e-01	7.368848555086647545e-02	3.008010832114193026e-02	7.712998884796089250e-02
1.207023668306993159e+03	2.493340987840980127e-01	1.580483997031361110e-01	2.576106197391356267e-01	1.539277943372838464e-01	7.374574050159506122e-02	3.011676377337243332e-02	7.721658316125908084e-02
1.209442553413820860e+03	2.490070204890053041e-01	1.578243258735883559e-01	2.578465810587136642e-01	1.540629542155189380e-01	7.380283397650548582e-02	3.015334742616469083e-02	7.730293696038370577e-02
1.211861438520648335e+03	2.486808666553708136e-01	1.576008837161839149e-01	2.580818518694637520e-01	1.541977210818872568e-01	7.385976645890013348e-02	3.018985933057959786e-02	7.738905088749464811e-02
1.214280323627476264e+03	2.483556346413919869e-01	1.573780714642251111e-01	2.583164341369512673e-01	1.543320962048689016e-01	7.391653843051795847e-02	3.022629953832034130e-02	7.747492558360452586e-02
1.216699208734303511e+03	2.480313218133723130e-01	1.571558873555294888e-01	2.585503298211586642e-01	1.544660808479795255e-01	7.397315037154041095e-02	3.026266810172640459e-02	7.756056168857326794e-02
1.219118093841131440e+03	2.477079255456846318e-01	1.569343296324286763e-01	2.587835408765015166e-01	1.545996762697977034e-01	7.402960276059722400e-02	3.029896507376762457e-02	7.764595984110271576e-02
1.221536978947959142e+03	2.473854432207345244e-01	1.567133965417668306e-01	2.590160692518448937e-01	1.547328837239919930e-01	7.408589607477218675e-02	3.033519050803829692e-02	7.773112067873140518e-02
1.223955864054786844e+03	2.470638722289245359e-01	1.564930863348989176e-01	2.592479168905190701e-01	1.548657044593479692e-01	7.414203078960895921e-02	3.037134445875129887e-02	7.781604483782940396e-02
1.226374749161614318e+03	2.467432099686183988e-01	1.562733972676887406e-01	2.594790857303359011e-01	1.549981397197947863e-01	7.419800737911677602e-02	3.040742698073226752e-02	7.790073295359331573e-02
1.228793634268442020e+03	2.464234538461060053e-01	1.560543276005066649e-01	2.597095777036043662e-01	1.551301907444317119e-01	7.425382631577620574e-02	3.044343812941379193e-02	7.798518566004140895e-02
1.231212519375269494e+03	2.461046012755685186e-01	1.558358755982270916e-01	2.599393947371470004e-01	1.552618587675543282e-01	7.430948807054481298e-02	3.047937796082969553e-02	7.806940359000873186e-02
1.233631404482097196e+03	2.457866496790439004e-01	1.556180395302259323e-01	2.601685387523151594e-01	1.553931450186806507e-01	7.436499311286283442e-02	3.051524653160929065e-02	7.815338737514246348e-02
1.236050289588924898e+03	2.454695964863928825e-01	1.554008176703774724e-01	2.603970116650050071e-01	1.555240507225769675e-01	7.442034191065881321e-02	3.055104389897171299e-02	7.823713764589734776e-02
1.238469174695752372e+03	2.451534391352651610e-01	1.551842082970513459e-01	2.606248153856736138e-01	1.556545770992833200e-01	7.447553493035524719e-02	3.058677012072028717e-02	7.832065503153119723e-02
1.240888059802580301e+03	2.448381750710661720e-01	1.549682096931091213e-01	2.608519518193541664e-01	1.557847253641392038e-01	7.453057263687409839e-02	3.062242525523691319e-02	7.840394016010053535e-02
1.243306944909407548e+03	2.445238017469239800e-01	1.547528201459007213e-01	2.610784228656718997e-01	1.559144967278085214e-01	7.458545549364239968e-02	3.065800936147651881e-02	7.848699365845625275e-02
1.245725830016235477e+03	2.442103166236565259e-01	1.545380379472606758e-01	2.613042304188594733e-01	1.560438923963047286e-01	7.464018396259780586e-02	3.069352249896151186e-02	7.856981615223952720e-02
1.248144715123063179e+03	2.438977171697395141e-01	1.543238613935042081e-01	2.615293763677727368e-01	1.561729135710157312e-01	7.469475850419407537e-02	3.072896472777630200e-02	7.865240826587770184e-02
1.250563600229890881e+03	2.435860008612741046e-01	1.541102887854229886e-01	2.617538625959060505e-01	1.563015614487283378e-01	7.474917957740657981e-02	3.076433610856184331e-02	7.873477062258030235e-02
1.252982485336718355e+03	2.432751651819554106e-01	1.538973184282808604e-01	2.619776909814078847e-01	1.564298372216528787e-01	7.480344763973775790e-02	3.079963670251020455e-02	7.881690384433519270e-02
1.255401370443546057e+03	2.429652076230411073e-01	1.536849486318092040e-01	2.622008633970960845e-01	1.565577420774473261e-01	7.485756314722250004e-02	3.083486657135919851e-02	7.889880855190480047e-02
1.257820255550373531e+03	2.426561256833202063e-01	1.534731777102023298e-01	2.624233817104732469e-01	1.566852771992414128e-01	7.491152655443361619e-02	3.087002577738703207e-02	7.898048536482236981e-02
1.260239140657201460e+03	2.423479168690824692e-01	1.532620039821126490e-01	2.626452477837419308e-01	1.568124437656604475e-01	7.496533831448722041e-02	3.090511438340698414e-02	7.906193490138846425e-02
1.262658025764028707e+03	2.420405786940877380e-01	1.530514257706455383e-01	2.628664634738201999e-01	1.569392429508491005e-01	7.501899887904803221e-02	3.094013245276214588e-02	7.914315777866740009e-02
1.265076910870856636e+03	2.417341086795359861e-01	1.528414414033540947e-01	2.630870306323565555e-01	1.570656759244947742e-01	7.507250869833477502e-02	3.097508004932016112e-02	7.922415461248384638e-02
1.267495795977684338e+03	2.414285043540371489e-01	1.526320492122339723e-01	2.633069511057450907e-01	1.571917438518510290e-01	7.512586822112543583e-02	3.100995723746802907e-02	7.930492601741956360e-02
1.269914681084511813e+03	2.411237632535816744e-01	1.524232475337176929e-01	2.635262267351406451e-01	1.573174478937606202e-01	7.517907789476260816e-02	3.104476408210693483e-02	7.938547260681010076e-02
1.272333566191339514e+03	2.408198829215111580e-01	1.522150347086690669e-01	2.637448593564739596e-01	1.574427892066785351e-01	7.523213816515869623e-02	3.107950064864710080e-02	7.946579499274172842e-02
1.274752451298167216e+03	2.405168609084891995e-01	1.520074090823773372e-01	2.639628508004667196e-01	1.575677689426947525e-01	7.528504947680120241e-02	3.111416700300269345e-02	7.954589378604834393e-02
1.277171336404994690e+03	2.402146947724727311e-01	1.518003690045513498e-01	2.641802028926462098e-01	1.576923882495568641e-01	7.533781227275788972e-02	3.114876321158675451e-02	7.962576959630850160e-02
1.279590221511822392e+03	2.399133820786832627e-01	1.515939128293133098e-01	2.643969174533605804e-01	1.578166482706924723e-01	7.539042699468201381e-02	3.118328934130615987e-02	7.970542303184259547e-02
1.282009106618650094e+03	2.396129203995787937e-01	1.513880389151926742e-01	2.646129962977933903e-01	1.579405501452315064e-01	7.544289408281745768e-02	3.121774545955660965e-02	7.978485469970998667e-02
1.284427991725477568e+03	2.393133073148256407e-01	1.511827456251197688e-01	2.648284412359787621e-01	1.580640950080282880e-01	7.549521397600390815e-02	3.125213163421768081e-02	7.986406520570633882e-02
1.286846876832305497e+03	2.390145404112707650e-01	1.509780313264193485e-01	2.650432540728160369e-01	1.581872839896834582e-01	7.554738711168194898e-02	3.128644793364787624e-02	7.994305515436098131e-02
1.289265761939132744e+03	2.387166172829140176e-01	1.507738943908039919e-01	2.652574366080843182e-01	1.583101182165657927e-01	7.559941392589818177e-02	3.132069442667973630e-02	8.002182514893432796e-02
1.291684647045960673e+03	2.384195355308810493e-01	1.505703331943674395e-01	2.654709906364574601e-01	1.584325988108337413e-01	7.565129485331027748e-02	3.135487118261495038e-02	8.010037579141543462e-02
1.294103532152788375e+03	2.381232927633960827e-01	1.503673461175776549e-01	2.656839179475186108e-01	1.585547268904568818e-01	7.570303032719202796e-02	3.138897827121953782e-02	8.017870768251959823e-02
1.296522417259616077e+03	2.378278865957551003e-01	1.501649315452700251e-01	2.658962203257745904e-01	1.586765035692371539e-01	7.575462077943835582e-02	3.142301576271903235e-02	8.025682142168608091e-02
1.298941302366443551e+03	2.375333146502992543e-01	1.499630878666402545e-01	2.661078995506707678e-01	1.587979299568301472e-01	7.580606664057037980e-02	3.145698372779372892e-02	8.033471760707579234e-02
1.301360187473271253e+03	2.372395745563884162e-01	1.497618134752371766e-01	2.663189573966054380e-01	1.589190071587658903e-01	7.585736833974034143e-02	3.149088223757391669e-02	8.041239683556920814e-02
1.303779072580098727e+03	2.369466639503749750e-01	1.495611067689555651e-01	2.665293956329440883e-01	1.590397362764696676e-01	7.590852630473660101e-02	3.152471136363520915e-02	8.048985970276420487e-02
1.306197957686926657e+03	2.366545804755779969e-01	1.493609661500288621e-01	2.667392160240342758e-01	1.591601184072828079e-01	7.595954096198852257e-02	3.155847117799381873e-02	8.056710680297413107e-02
1.308616842793753904e+03	2.363633217822572463e-01	1.491613900250216007e-01	2.669484203292193936e-01	1.592801546444830019e-01	7.601041273657145603e-02	3.159216175310195635e-02	8.064413872922579496e-02
1.311035727900581833e+03	2.360728855275877891e-01	1.489623768048218833e-01	2.671570103028535481e-01	1.593998460773048131e-01	7.606114205221155278e-02	3.162578316184321697e-02	8.072095607325764643e-02
1.313454613007409534e+03	2.357832693756345410e-01	1.487639249046338596e-01	2.673649876943156589e-01	1.595191937909597735e-01	7.611172933129070617e-02	3.165933547752796534e-02	8.079755942551791748e-02
1.315873498114237009e+03	2.354944709973272321e-01	1.485660327439699557e-01	2.675723542480235584e-01	1.596381988666564777e-01	7.616217499485138098e-02	3.169281877388881175e-02	8.087394937516297067e-02
1.318292383221064711e+03	2.352064880704353433e-01	1.483686987466431295e-01	2.677791117034483692e-01	1.597568623816204847e-01	7.621247946260142903e-02	3.172623312507608095e-02	8.095012651005559223e-02
1.320711268327892412e+03	2.349193182795434043e-01	1.481719213407588498e-01	2.679852617951283822e-01	1.598751854091140512e-01	7.626264315291889084e-02	3.175957860565335050e-02	8.102609141676338222e-02
1.323130153434719887e+03	2.346329593160263460e-01	1.479756989587073523e-01	2.681908062526838221e-01	1.599931690184558108e-01	7.631266648285676968e-02	3.179285529059294735e-02	8.110184468055729734e-02
1.325549038541547588e+03	2.343474088780251041e-01	1.477800300371554520e-01	2.683957468008300595e-01	1.601108142750402030e-01	7.636254986814786094e-02	3.182606325527156249e-02	8.117738688541012437e-02
1.327967923648375290e+03	2.340626646704225267e-01	1.475849130170384660e-01	2.686000851593922656e-01	1.602281222403567629e-01	7.641229372320940127e-02	3.185920257546581008e-02	8.125271861399513407e-02
1.330386808755202765e+03	2.337787244048192548e-01	1.473903463435520811e-01	2.688038230433190678e-01	1.603450939720094115e-01	7.646189846114785638e-02	3.189227332734791143e-02	8.132784044768470721e-02
1.332805693862030694e+03	2.334955857995098527e-01	1.471963284661441385e-01	2.690069621626968166e-01	1.604617305237354963e-01	7.651136449376359783e-02	3.192527558748130961e-02	8.140275296654914117e-02
1.335224578968857941e+03	2.332132465794592158e-01	1.470028578385062235e-01	2.692095042227630186e-01	1.605780329454245536e-01	7.656069223155555215e-02	3.195820943281638821e-02	8.147745674935535920e-02
1.337643464075685870e+03	2.329317044762789501e-01	1.468099329185653112e-01	2.694114509239207145e-01	1.606940022831373216e-01	7.660988208372591923e-02	3.199107494068618995e-02	8.155195237356586968e-02
1.340062349182513572e+03	2.326509572282041693e-01	1.466175521684754957e-01	2.696128039617518013e-01	1.608096395791242805e-01	7.665893445818477980e-02	3.202387218880214936e-02	8.162624041533760033e-02
1.342481234289341273e+03	2.323710025800701795e-01	1.464257140546092462e-01	2.698135650270312436e-01	1.609249458718441661e-01	7.670784976155468893e-02	3.205660125524990856e-02	8.170032144952092679e-02
1.344900119396168748e+03	2.320918382832895532e-01	1.462344170475489424e-01	2.700137358057403958e-01	1.610399221959823435e-01	7.675662839917529734e-02	3.208926221848507065e-02	8.177419604965868727e-02
1.347319004502996449e+03	2.318134620958292591e-01	1.460436596220783534e-01	2.702133179790812134e-01	1.611545695824691260e-01	7.680527077510793110e-02	3.212185515732907809e-02	8.184786478798533604e-02
1.349737889609823924e+03	2.315358717821880130e-01	1.458534402571738942e-01	2.704123132234892979e-01	1.612688890584978163e-01	7.685377729214012965e-02	3.215438015096507007e-02	8.192132823542604136e-02
1.352156774716651853e+03	2.312590651133736852e-01	1.456637574359959109e-01	2.706107232106480520e-01	1.613828816475427752e-01	7.690214835179016994e-02	3.218683727893378171e-02	8.199458696159593607e-02
1.354575659823479100e+03	2.309830398668808460e-01	1.454746096458798821e-01	2.708085496075018361e-01	1.614965483693772963e-01	7.695038435431166002e-02	3.221922662112944313e-02	8.206764153479938206e-02
1.356994544930307029e+03	2.307077938266687278e-01	1.452859953783276759e-01	2.710057940762697348e-01	1.616098902400912585e-01	7.699848569869791048e-02	3.225154825779574796e-02	8.214049252202930418e-02
1.359413430037134731e+03	2.304333247831389653e-01	1.450979131289986679e-01	2.712024582744589907e-01	1.617229082721088895e-01	7.704645278268652808e-02	3.228380226952182186e-02	8.221314048896653792e-02
1.361832315143962205e+03	2.301596305331137238e-01	1.449103613977007765e-01	2.713985438548783824e-01	1.618356034742061689e-01	7.709428600276377330e-02	3.231598873723823956e-02	8.228558599997932987e-02
1.364251200250789907e+03	2.298867088798139113e-01	1.447233386883815809e-01	2.715940524656517696e-01	1.619479768515282303e-01	7.714198575416908454e-02	3.234810774221304891e-02	8.235782961812275482e-02
1.366670085357617609e+03	2.296145576328374460e-01	1.445368435091193005e-01	2.717889857502313600e-01	1.620600294056066260e-01	7.718955243089943574e-02	3.238015936604783651e-02	8.242987190513835494e-02
1.369088970464445310e+03	2.293431746081378564e-01	1.443508743721137744e-01	2.719833453474110319e-01	1.621717621343765070e-01	7.723698642571374950e-02	3.241214369067380724e-02	8.250171342145361242e-02
1.371507855571272785e+03	2.290725576280027709e-01	1.441654297936773854e-01	2.721771328913396570e-01	1.622831760321935546e-01	7.728428813013729637e-02	3.244406079834790541e-02	8.257335472618171357e-02
1.373926740678100487e+03	2.288027045210327959e-01	1.439805082942259562e-01	2.723703500115344789e-01	1.623942720898509939e-01	7.733145793446601080e-02	3.247591077164895673e-02	8.264479637712116022e-02
1.376345625784927961e+03	2.285336131221203104e-01	1.437961083982695898e-01	2.725629983328939354e-01	1.625050512945962478e-01	7.737849622777087655e-02	3.250769369347383808e-02	8.271603893075557545e-02
1.378764510891755890e+03	2.282652812724285663e-01	1.436122286344035381e-01	2.727550794757112596e-01	1.626155146301477006e-01	7.742540339790224269e-02	3.253940964703365413e-02	8.278708294225345377e-02
1.381183395998583137e+03	2.279977068193707046e-01	1.434288675352989595e-01	2.729465950556874132e-01	1.627256630767112966e-01	7.747217983149408405e-02	3.257105871584998341e-02	8.285792896546802233e-02
1.383602281105411066e+03	2.277308876165891616e-01	1.432460236376937313e-01	2.731375466839440769e-01	1.628354976109969154e-01	7.751882591396831723e-02	3.260264098375111746e-02	8.292857755293715771e-02
1.386021166212238768e+03	2.274648215239349902e-01	1.430636954823831242e-01	2.733279359670369724e-01	1.629450192062346647e-01	7.756534202953910273e-02	3.263415653486833462e-02	8.299902925588330260e-02
1.388440051319066470e+03	2.271995064074473769e-01	1.428818816142105597e-01	2.735177645069687413e-01	1.630542288321912281e-01	7.761172856121700825e-02	3.266560545363219464e-02	8.306928462421342418e-02
1.390858936425893944e+03	2.269349401393333243e-01	1.427005805820582562e-01	2.737070339012018239e-01	1.631631274551859079e-01	7.765798589081331083e-02	3.269698782476884724e-02	8.313934420651911128e-02
1.393277821532721646e+03	2.266711205979474453e-01	1.425197909388379036e-01	2.738957457426714481e-01	1.632717160381066124e-01	7.770411439894417405e-02	3.272830373329642384e-02	8.320920855007660211e-02
1.395696706639549120e+03	2.264080456677716735e-01	1.423395112414813091e-01	2.740839016197987310e-01	1.633799955404257875e-01	7.775011446503482526e-02	3.275955326452138772e-02	8.327887820084689530e-02
1.398115591746377049e+03	2.261457132393955294e-01	1.421597400509309328e-01	2.742715031165031681e-01	1.634879669182162654e-01	7.779598646732378830e-02	3.279073650403493273e-02	8.334835370347597194e-02
1.400534476853204296e+03	2.258841212094959416e-01	1.419804759321306176e-01	2.744585518122159007e-01	1.635956311241668348e-01	7.784173078286697744e-02	3.282185353770942365e-02	8.341763560129497601e-02
1.402953361960032225e+03	2.256232674808176797e-01	1.418017174540160130e-01	2.746450492818919842e-01	1.637029891075978683e-01	7.788734778754186072e-02	3.285290445169483653e-02	8.348672443632040863e-02
1.405372247066859927e+03	2.253631499621535916e-01	1.416234631895052221e-01	2.748309970960235993e-01	1.638100418144768644e-01	7.793283785605156777e-02	3.288388933241523371e-02	8.355562074925453053e-02
1.407791132173687402e+03	2.251037665683250921e-01	1.414457117154892529e-01	2.750163968206525977e-01	1.639167901874337141e-01	7.797820136192906704e-02	3.291480826656528053e-02	8.362432507948561189e-02
1.410210017280515103e+03	2.248451152201625947e-01	1.412684616128226101e-01	2.752012500173831033e-01	1.640232351657760768e-01	7.802343867754112094e-02	3.294566134110674810e-02	8.369283796508833473e-02
1.412628902387342805e+03	2.245871938444864158e-01	1.410917114663137462e-01	2.753855582433942240e-01	1.641293776855044795e-01	7.806855017409244923e-02	3.297644864326508551e-02	8.376115994282423705e-02
1.415047787494170507e+03	2.243300003740872628e-01	1.409154598647155421e-01	2.755693230514524861e-01	1.642352186793274715e-01	7.811353622162976740e-02	3.300717026052599201e-02	8.382929154814208750e-02
1.417466672600997981e+03	2.240735327477073324e-01	1.407397054007158144e-01	2.757525459899247688e-01	1.643407590766764459e-01	7.815839718904578348e-02	3.303782628063198917e-02	8.389723331517848215e-02
1.419885557707825683e+03	2.238177889100210760e-01	1.405644466709277673e-01	2.759352286027905166e-01	1.644459998037206827e-01	7.820313344408325040e-02	3.306841679157906944e-02	8.396498577675830244e-02
1.422304442814653157e+03	2.235627668116164646e-01	1.403896822758803342e-01	2.761173724296541732e-01	1.645509417833820320e-01	7.824774535333893499e-02	3.309894188161333073e-02	8.403254946439531192e-02
1.424723327921481086e+03	2.233084644089760595e-01	1.402154108200087679e-01	2.762989790057580053e-01	1.646555859353497075e-01	7.829223328226764256e-02	3.312940163922765968e-02	8.409992490829280853e-02
1.427142213028308333e+03	2.230548796644581944e-01	1.400416309116449820e-01	2.764800498619940372e-01	1.647599331760946639e-01	7.833659759518613042e-02	3.315979615315840789e-02	8.416711263734415194e-02
1.429561098135136262e+03	2.228020105462786005e-01	1.398683411630080031e-01	2.766605865249168739e-01	1.648639844188842796e-01	7.838083865527711858e-02	3.319012551238210984e-02	8.423411317913358232e-02
1.431979983241963964e+03	2.225498550284915888e-01	1.396955401901942839e-01	2.768405905167557468e-01	1.649677405737967062e-01	7.842495682459314776e-02	3.322038980611224934e-02	8.430092705993684488e-02
1.434398868348791666e+03	2.222984110909717870e-01	1.395232266131682108e-01	2.770200633554268932e-01	1.650712025477351352e-01	7.846895246406053459e-02	3.325058912379597054e-02	8.436755480472199475e-02
1.436817753455619140e+03	2.220476767193956535e-01	1.393513990557524729e-01	2.771990065545459347e-01	1.651743712444420087e-01	7.851282593348331285e-02	3.328072355511092068e-02	8.443399693715016030e-02
1.439236638562446842e+03	2.217976499052234651e-01	1.391800561456183472e-01	2.773774216234400902e-01	1.652772475645132577e-01	7.855657759154702213e-02	3.331079318996203048e-02	8.450025397957633411e-02
1.441655523669274316e+03	2.215483286456808310e-01	1.390091965142762620e-01	2.775553100671599993e-01	1.653798324054121249e-01	7.860020779582262140e-02	3.334079811847832919e-02	8.456632645305030282e-02
1.444074408776102018e+03	2.212997109437408738e-01	1.388388187970660825e-01	2.777326733864925457e-01	1.654821266614833197e-01	7.864371690277037474e-02	3.337073843100983594e-02	8.463221487731747983e-02
1.446493293882929493e+03	2.210517948081060779e-01	1.386689216331473407e-01	2.779095130779724032e-01	1.655841312239667573e-01	7.868710526774362612e-02	3.340061421812440257e-02	8.469791977081984891e-02
1.448912178989757422e+03	2.208045782531905532e-01	1.384995036654899370e-01	2.780858306338945263e-01	1.656858469810112977e-01	7.873037324499262968e-02	3.343042557060463271e-02	8.476344165069690795e-02
1.451331064096585123e+03	2.205580592991020494e-01	1.383305635408641765e-01	2.782616275423259178e-01	1.657872748176885402e-01	7.877352118766837996e-02	3.346017257944478712e-02	8.482878103278664039e-02
1.453749949203412370e+03	2.203122359716243595e-01	1.381620999098313318e-01	2.784369052871177863e-01	1.658884156160062573e-01	7.881654944782637284e-02	3.348985533584775132e-02	8.489393843162656994e-02
1.456168834310240300e+03	2.200671063021996110e-01	1.379941114267339564e-01	2.786116653479176475e-01	1.659892702549221055e-01	7.885945837643039413e-02	3.351947393122197555e-02	8.495891436045478751e-02
1.458587719417068001e+03	2.198226683279107530e-01	1.378265967496862532e-01	2.787859092001809813e-01	1.660898396103568098e-01	7.890224832335622496e-02	3.354902845717847026e-02	8.502370933121100594e-02
1.461006604523895703e+03	2.195789200914640416e-01	1.376595545405644161e-01	2.789596383151834447e-01	1.661901245552076523e-01	7.894491963739544427e-02	3.357851900552780156e-02	8.508832385453771185e-02
1.463425489630723177e+03	2.193358596411716654e-01	1.374929834649970539e-01	2.791328541600325841e-01	1.662901259593617398e-01	7.898747266625912034e-02	3.360794566827714214e-02	8.515275843978126202e-02
1.465844374737550879e+03	2.190934850309345094e-01	1.373268821923555039e-01	2.793055581976796597e-01	1.663898446897090488e-01	7.902990775658148837e-02	3.363730853762730844e-02	8.521701359499307682e-02
1.468263259844378354e+03	2.188517943202247240e-01	1.371612493957442835e-01	2.794777518869315247e-01	1.664892816101556372e-01	7.907222525392371137e-02	3.366660770596982544e-02	8.528108982693081985e-02
1.470682144951206283e+03	2.186107855740687944e-01	1.369960837519914043e-01	2.796494366824625044e-01	1.665884375816366336e-01	7.911442550277750230e-02	3.369584326588404011e-02	8.534498764105963309e-02
1.473101030058033530e+03	2.183704568630303322e-01	1.368313839416386846e-01	2.798206140348261095e-01	1.666873134621290609e-01	7.915650884656880160e-02	3.372501531013421400e-02	8.540870754155338584e-02
1.475519915164861459e+03	2.181308062631931999e-01	1.366671486489323406e-01	2.799912853904664156e-01	1.667859101066647143e-01	7.919847562766142712e-02	3.375412393166667135e-02	8.547225003129588217e-02
1.477938800271689161e+03	2.178918318561444134e-01	1.365033765618131056e-01	2.801614521917301648e-01	1.668842283673430960e-01	7.924032618736069622e-02	3.378316922360694030e-02	8.553561561188230411e-02
1.480357685378516862e+03	2.176535317289574056e-01	1.363400663719068484e-01	2.803311158768782008e-01	1.669822690933438492e-01	7.928206086591703394e-02	3.381215127925694258e-02	8.559880478362043299e-02
1.482776570485344337e+03	2.174159039741752897e-01	1.361772167745149420e-01	2.805002778800971819e-01	1.670800331309394982e-01	7.932368000252962292e-02	3.384107019209218331e-02	8.566181804553199552e-02
