1.001418434226643626e+03	2.859203168938992401e-01	1.695354184766562078e-01	2.344781015619459841e-01	1.420312775666262017e-01	6.960212874017576712e-02	2.784383557271144852e-02	7.058892118797356618e-02
1.002869765290740247e+03	2.856569144256105308e-01	1.693780809762080730e-01	2.346523397640099262e-01	1.421389188709830387e-01	6.964650202229284714e-02	2.787001973573900032e-02	7.065722420514497504e-02
1.004321096354836754e+03	2.853939673230927454e-01	1.692210154920622545e-01	2.348262592238249957e-01	1.422463713413953390e-01	6.969079911198858279e-02	2.789617387867560083e-02	7.072541362894886607e-02
1.005772427418933376e+03	2.851314747966658958e-01	1.690642215524375547e-01	2.349998605194769663e-01	1.423536353480122363e-01	6.973502015009182264e-02	2.792229801085149843e-02	7.079348962245238241e-02
1.007223758483029997e+03	2.848694360580298346e-01	1.689076986863774221e-01	2.351731442279578477e-01	1.424607112600664860e-01	6.977916527713073913e-02	2.794839214170814767e-02	7.086145234871786547e-02
1.008675089547126618e+03	2.846078503202618126e-01	1.687514464237485357e-01	2.353461109251685779e-01	1.425675994458775464e-01	6.982323463333361957e-02	2.797445628079759869e-02	7.092930197080062060e-02
1.010126420611223239e+03	2.843467167978140364e-01	1.685954642952393334e-01	2.355187611859213548e-01	1.426743002728551590e-01	6.986722835862967107e-02	2.800049043778194552e-02	7.099703865174682160e-02
1.011577751675319632e+03	2.840860347065111147e-01	1.684397518323585141e-01	2.356910955839423560e-01	1.427808141075024850e-01	6.991114659264993647e-02	2.802649462243273978e-02	7.106466255459124859e-02
1.013029082739416367e+03	2.838258032635475603e-01	1.682843085674336492e-01	2.358631146918739874e-01	1.428871413154194636e-01	6.995498947472804374e-02	2.805246884463042864e-02	7.113217384235524798e-02
1.014480413803512761e+03	2.835660216874856254e-01	1.681291340336095730e-01	2.360348190812776026e-01	1.429932822613061150e-01	6.999875714390116355e-02	2.807841311436376844e-02	7.119957267804453982e-02
1.015931744867609382e+03	2.833066891982525259e-01	1.679742277648470505e-01	2.362062093226358905e-01	1.430992373089657321e-01	7.004244973891071702e-02	2.810432744172927655e-02	7.126685922464717771e-02
1.017383075931706003e+03	2.830478050171382209e-01	1.678195892959212787e-01	2.363772859853553732e-01	1.432050068213081284e-01	7.008606739820330556e-02	2.813021183693064850e-02	7.133403364513142553e-02
1.018834406995802851e+03	2.827893683667928038e-01	1.676652181624203874e-01	2.365480496377688757e-01	1.433105911603529681e-01	7.012961025993144637e-02	2.815606631027820633e-02	7.140109610244375904e-02
1.020285738059899245e+03	2.825313784712241705e-01	1.675111139007439964e-01	2.367185008471379137e-01	1.434159906872327639e-01	7.017307846195446064e-02	2.818189087218832961e-02	7.146804675950675645e-02
1.021737069123995752e+03	2.822738345557956885e-01	1.673572760481017996e-01	2.368886401796552743e-01	1.435212057621963189e-01	7.021647214183927843e-02	2.820768553318290378e-02	7.153488577921718328e-02
1.023188400188092373e+03	2.820167358472234764e-01	1.672037041425120940e-01	2.370584682004473198e-01	1.436262367446116406e-01	7.025979143686121586e-02	2.823345030388875118e-02	7.160161332444388294e-02
1.024639731252188767e+03	2.817600815735742947e-01	1.670503977228003922e-01	2.372279854735765137e-01	1.437310839929692996e-01	7.030303648400484939e-02	2.825918519503708634e-02	7.166822955802587547e-02
1.026091062316285615e+03	2.815038709642632142e-01	1.668973563285977846e-01	2.373971925620438350e-01	1.438357478648854271e-01	7.034620741996476523e-02	2.828489021746295393e-02	7.173473464277038691e-02
1.027542393380382237e+03	2.812481032500505629e-01	1.667445795003397180e-01	2.375660900277911936e-01	1.439402287171049066e-01	7.038930438114639199e-02	2.831056538210468404e-02	7.180112874145087865e-02
1.028993724444478858e+03	2.809927776630403162e-01	1.665920667792644416e-01	2.377346784317037609e-01	1.440445269055045385e-01	7.043232750366683337e-02	2.833621070000334058e-02	7.186741201680516000e-02
1.030445055508575479e+03	2.807378934366771550e-01	1.664398177074116192e-01	2.379029583336124132e-01	1.441486427850959262e-01	7.047527692335558980e-02	2.836182618230217653e-02	7.193358463153347315e-02
1.031896386572671872e+03	2.804834498057444669e-01	1.662878318276208855e-01	2.380709302922961457e-01	1.442525767100288070e-01	7.051815277575539109e-02	2.838741184024608233e-02	7.199964674829660571e-02
1.033347717636768493e+03	2.802294460063614601e-01	1.661361086835304313e-01	2.382385948654844599e-01	1.443563290335939109e-01	7.056095519612305689e-02	2.841296768518104809e-02	7.206559852971403113e-02
1.034799048700865114e+03	2.799758812759813864e-01	1.659846478195754482e-01	2.384059526098596948e-01	1.444599001082260692e-01	7.060368431943016276e-02	2.843849372855361893e-02	7.213144013836206292e-02
1.036250379764961508e+03	2.797227548533886554e-01	1.658334487809869084e-01	2.385730040810593866e-01	1.445632902855072677e-01	7.064634028036390068e-02	2.846398998191036409e-02	7.219717173677202282e-02
1.037701710829058356e+03	2.794700659786966690e-01	1.656825111137899542e-01	2.387397498336786827e-01	1.446664999161695608e-01	7.068892321332784223e-02	2.848945645689732881e-02	7.226279348742840891e-02
1.039153041893154750e+03	2.792178138933454346e-01	1.655318343648027046e-01	2.389061904212726184e-01	1.447695293500982638e-01	7.073143325244274360e-02	2.851489316525950349e-02	7.232830555276717477e-02
1.040604372957251599e+03	2.789659978400992890e-01	1.653814180816345625e-01	2.390723263963584477e-01	1.448723789363347003e-01	7.077387053154728103e-02	2.854030011884029286e-02	7.239370809517385597e-02
1.042055704021347992e+03	2.787146170630444009e-01	1.652312618126849930e-01	2.392381583104181419e-01	1.449750490230792832e-01	7.081623518419885577e-02	2.856567732958098516e-02	7.245900127698186310e-02
1.043507035085444613e+03	2.784636708075862721e-01	1.650813651071420529e-01	2.394036867139004432e-01	1.450775399576944014e-01	7.085852734367434347e-02	2.859102480952022129e-02	7.252418526047074709e-02
1.044958366149541234e+03	2.782131583204479064e-01	1.649317275149810302e-01	2.395689121562233348e-01	1.451798520867075004e-01	7.090074714297084357e-02	2.861634257079346058e-02	7.258926020786446442e-02
1.046409697213637855e+03	2.779630788496668115e-01	1.647823485869629179e-01	2.397338351857763450e-01	1.452819857558138028e-01	7.094289471480649811e-02	2.864163062563246723e-02	7.265422628132967020e-02
1.047861028277734476e+03	2.777134316445930562e-01	1.646332278746331645e-01	2.398984563499229061e-01	1.453839413098793609e-01	7.098497019162121335e-02	2.866688898636478647e-02	7.271908364297402505e-02
1.049312359341831097e+03	2.774642159558868837e-01	1.644843649303201483e-01	2.400627761950024364e-01	1.454857190929437771e-01	7.102697370557745082e-02	2.869211766541320680e-02	7.278383245484451591e-02
1.050763690405927491e+03	2.772154310355163798e-01	1.643357593071338996e-01	2.402267952663328654e-01	1.455873194482233124e-01	7.106890538856090733e-02	2.871731667529527077e-02	7.284847287892583234e-02
1.052215021470024112e+03	2.769670761367549749e-01	1.641874105589645194e-01	2.403905141082126884e-01	1.456887427181135508e-01	7.111076537218136151e-02	2.874248602862272337e-02	7.291300507713868728e-02
1.053666352534120733e+03	2.767191505141792796e-01	1.640393182404810135e-01	2.405539332639233807e-01	1.457899892441922862e-01	7.115255378777333994e-02	2.876762573810101933e-02	7.297742921133822114e-02
1.055117683598217127e+03	2.764716534236666967e-01	1.638914819071297102e-01	2.407170532757316461e-01	1.458910593672223810e-01	7.119427076639690821e-02	2.879273581652880623e-02	7.304174544331236418e-02
1.056569014662313975e+03	2.762245841223932019e-01	1.637439011151330670e-01	2.408798746848915262e-01	1.459919534271545694e-01	7.123591643883843416e-02	2.881781627679740401e-02	7.310595393478029613e-02
1.058020345726410369e+03	2.759779418688308450e-01	1.635965754214880608e-01	2.410423980316468984e-01	1.460926717631302330e-01	7.127749093561126792e-02	2.884286713189030543e-02	7.317005484739080856e-02
1.059471676790506763e+03	2.757317259227456407e-01	1.634495043839650219e-01	2.412046238552335020e-01	1.461932147134842597e-01	7.131899438695650517e-02	2.886788839488266603e-02	7.323404834272080610e-02
1.060923007854603611e+03	2.754859355451952374e-01	1.633026875611060524e-01	2.413665526938811312e-01	1.462935826157477359e-01	7.136042692284373656e-02	2.889288007894079413e-02	7.329793458227369662e-02
1.062374338918700232e+03	2.752405699985263077e-01	1.631561245122238601e-01	2.415281850848160494e-01	1.463937758066507222e-01	7.140178867297178322e-02	2.891784219732164429e-02	7.336171372747794794e-02
1.063825669982796853e+03	2.749956285463728278e-01	1.630098147974001765e-01	2.416895215642630990e-01	1.464937946221250009e-01	7.144307976676937677e-02	2.894277476337233160e-02	7.342538593968549188e-02
1.065277001046893474e+03	2.747511104536531912e-01	1.628637579774845912e-01	2.418505626674478937e-01	1.465936393973068241e-01	7.148430033339592260e-02	2.896767779052960776e-02	7.348895138017026707e-02
1.066728332110990095e+03	2.745070149865682652e-01	1.627179536140930249e-01	2.420113089285990116e-01	1.466933104665395782e-01	7.152545050174224928e-02	2.899255129231938233e-02	7.355241021012676184e-02
1.068179663175086489e+03	2.742633414125991154e-01	1.625724012696064258e-01	2.421717608809502154e-01	1.467928081633765869e-01	7.156653040043126079e-02	2.901739528235621618e-02	7.361576259066851535e-02
1.069630994239183110e+03	2.740200890005046186e-01	1.624271005071694085e-01	2.423319190567425618e-01	1.468921328205836374e-01	7.160754015781868598e-02	2.904220977434283230e-02	7.367900868282663274e-02
1.071082325303279504e+03	2.737772570203190758e-01	1.622820508906888948e-01	2.424917839872267333e-01	1.469912847701418390e-01	7.164847990199380012e-02	2.906699478206961965e-02	7.374214864754842502e-02
1.072533656367376352e+03	2.735348447433502139e-01	1.621372519848327254e-01	2.426513562026651194e-01	1.470902643432501211e-01	7.168934976078013277e-02	2.909175031941415093e-02	7.380518264569591036e-02
1.073984987431472746e+03	2.732928514421767985e-01	1.619927033550283280e-01	2.428106362323338430e-01	1.471890718703280088e-01	7.173014986173616159e-02	2.911647640034066911e-02	7.386811083804450950e-02
1.075436318495569594e+03	2.730512763906463580e-01	1.618484045674613847e-01	2.429696246045251473e-01	1.472877076810182040e-01	7.177088033215604790e-02	2.914117303889963290e-02	7.393093338528153313e-02
1.076887649559666215e+03	2.728101188638729080e-01	1.617043551890744169e-01	2.431283218465493945e-01	1.473861721041891393e-01	7.181154129907030281e-02	2.916584024922721369e-02	7.399365044800486346e-02
1.078338980623762609e+03	2.725693781382347303e-01	1.615605547875655912e-01	2.432867284847372302e-01	1.474844654679377254e-01	7.185213288924653663e-02	2.919047804554481332e-02	7.405626218672160810e-02
1.079790311687859230e+03	2.723290534913722083e-01	1.614170029313871102e-01	2.434448450444417489e-01	1.475825880995918216e-01	7.189265522919005558e-02	2.921508644215858527e-02	7.411876876184671226e-02
1.081241642751955851e+03	2.720891442021852180e-01	1.612736991897441297e-01	2.436026720500406306e-01	1.476805403257128724e-01	7.193310844514472224e-02	2.923966545345894549e-02	7.418117033370166813e-02
1.082692973816052472e+03	2.718496495508315736e-01	1.611306431325932598e-01	2.437602100249381121e-01	1.477783224720985444e-01	7.197349266309348292e-02	2.926421509392011788e-02	7.424346706251311323e-02
1.084144304880149093e+03	2.716105688187240297e-01	1.609878343306413717e-01	2.439174594915673178e-01	1.478759348637851134e-01	7.201380800875911703e-02	2.928873537809962777e-02	7.430565910841158139e-02
1.085595635944245487e+03	2.713719012885286719e-01	1.608452723553440711e-01	2.440744209713922308e-01	1.479733778250501564e-01	7.205405460760498648e-02	2.931322632063785433e-02	7.436774663143021213e-02
1.087046967008342108e+03	2.711336462441622519e-01	1.607029567789045044e-01	2.442310949849097468e-01	1.480706516794149941e-01	7.209423258483563246e-02	2.933768793625753796e-02	7.442972979150348778e-02
1.088498298072438729e+03	2.708958029707901893e-01	1.605608871742720267e-01	2.443874820516519220e-01	1.481677567496473003e-01	7.213434206539748317e-02	2.936212023976332922e-02	7.449160874846587344e-02
1.089949629136535123e+03	2.706583707548243511e-01	1.604190631151408419e-01	2.445435826901879439e-01	1.482646933577635162e-01	7.217438317397953385e-02	2.938652324604129965e-02	7.455338366205066514e-02
1.091400960200631971e+03	2.704213488839207202e-01	1.602774841759485869e-01	2.446993974181261855e-01	1.483614618250314043e-01	7.221435603501408229e-02	2.941089697005848380e-02	7.461505469188868533e-02
1.092852291264728365e+03	2.701847366469772860e-01	1.601361499318751658e-01	2.448549267521163142e-01	1.484580624719724906e-01	7.225426077267731173e-02	2.943524142686242129e-02	7.467662199750708940e-02
1.094303622328825213e+03	2.699485333341318793e-01	1.599950599588413902e-01	2.450101712078514571e-01	1.485544956183645626e-01	7.229409751088997083e-02	2.945955663158068144e-02	7.473808573832815827e-02
1.095754953392921607e+03	2.697127382367597304e-01	1.598542138335076190e-01	2.451651313000700327e-01	1.486507615832440843e-01	7.233386637331812308e-02	2.948384259942040536e-02	7.479944607366803555e-02
1.097206284457018228e+03	2.694773506474716362e-01	1.597136111332724262e-01	2.453198075425580271e-01	1.487468606849087216e-01	7.237356748337371581e-02	2.950809934566784795e-02	7.486070316273561731e-02
1.098657615521114849e+03	2.692423698601114634e-01	1.595732514362714072e-01	2.454742004481508810e-01	1.488427932409196741e-01	7.241320096421532959e-02	2.953232688568791994e-02	7.492185716463133083e-02
1.100108946585211470e+03	2.690077951697540937e-01	1.594331343213757080e-01	2.456283105287355994e-01	1.489385595681041730e-01	7.245276693874876106e-02	2.955652523492372993e-02	7.498290823834596885e-02
1.101560277649308091e+03	2.687736258727030925e-01	1.592932593681908038e-01	2.457821382952527778e-01	1.490341599825578678e-01	7.249226552962775849e-02	2.958069440889613336e-02	7.504385654275955164e-02
1.103011608713404712e+03	2.685398612664888773e-01	1.591536261570552502e-01	2.459356842576985447e-01	1.491295947996472138e-01	7.253169685925459076e-02	2.960483442320326411e-02	7.510470223664021672e-02
1.104462939777501106e+03	2.683065006498662752e-01	1.590142342690392674e-01	2.460889489251266715e-01	1.492248643340118308e-01	7.257106104978078287e-02	2.962894529352010434e-02	7.516544547864302539e-02
1.105914270841597499e+03	2.680735433228121911e-01	1.588750832859434914e-01	2.462419328056506262e-01	1.493199688995669738e-01	7.261035822310774046e-02	2.965302703559802647e-02	7.522608642730893580e-02
1.107365601905694348e+03	2.678409885865237761e-01	1.587361727902976971e-01	2.463946364064453776e-01	1.494149088095058087e-01	7.264958850088736042e-02	2.967707966526433871e-02	7.528662524106358167e-02
1.108816932969790741e+03	2.676088357434161513e-01	1.585975023653594662e-01	2.465470602337496431e-01	1.495096843763017436e-01	7.268875200452269703e-02	2.970110319842184793e-02	7.534706207821631474e-02
1.110268264033887590e+03	2.673770840971202434e-01	1.584590715951129658e-01	2.466992047928676657e-01	1.496042959117108717e-01	7.272784885516866971e-02	2.972509765104840856e-02	7.540739709695903903e-02
1.111719595097984211e+03	2.671457329524805080e-01	1.583208800642675051e-01	2.468510705881713230e-01	1.496987437267741639e-01	7.276687917373260428e-02	2.974906303919648901e-02	7.546763045536517001e-02
1.113170926162080832e+03	2.669147816155528763e-01	1.581829273582564810e-01	2.470026581231021257e-01	1.497930281318199663e-01	7.280584308087494072e-02	2.977299937899272053e-02	7.552776231138862151e-02
1.114622257226177226e+03	2.666842293936028119e-01	1.580452130632358509e-01	2.471539679001730216e-01	1.498871494364661383e-01	7.284474069700984378e-02	2.979690668663746711e-02	7.558779282286266776e-02
1.116073588290273847e+03	2.664540755951026463e-01	1.579077367660829956e-01	2.473050004209705888e-01	1.499811079496223554e-01	7.288357214230582748e-02	2.982078497840437784e-02	7.564772214749899970e-02
1.117524919354370468e+03	2.662243195297299692e-01	1.577704980543953861e-01	2.474557561861567556e-01	1.500749039794925521e-01	7.292233753668640739e-02	2.984463427063995672e-02	7.570755044288665636e-02
1.118976250418467089e+03	2.659949605083652413e-01	1.576334965164893909e-01	2.476062356954709942e-01	1.501685378335770316e-01	7.296103699983072510e-02	2.986845457976313595e-02	7.576727786649106733e-02
1.120427581482563710e+03	2.657659978430896852e-01	1.574967317413988876e-01	2.477564394477320964e-01	1.502620098186748243e-01	7.299967065117420051e-02	2.989224592226482485e-02	7.582690457565299802e-02
1.121878912546660331e+03	2.655374308471831757e-01	1.573602033188740146e-01	2.479063679408402276e-01	1.503553202408858536e-01	7.303823860990910077e-02	2.991600831470749705e-02	7.588643072758759212e-02
1.123330243610756725e+03	2.653092588351221304e-01	1.572239108393800044e-01	2.480560216717787592e-01	1.504484694056132110e-01	7.307674099498519260e-02	2.993974177372474635e-02	7.594585647938341399e-02
1.124781574674853118e+03	2.650814811225772893e-01	1.570878538940957414e-01	2.482054011366162383e-01	1.505414576175654884e-01	7.311517792511038061e-02	2.996344631602087388e-02	7.600518198800143566e-02
1.126232905738949967e+03	2.648540970264118277e-01	1.569520320749126507e-01	2.483545068305083037e-01	1.506342851807588035e-01	7.315354951875129019e-02	2.998712195837045444e-02	7.606440741027413466e-02
1.127684236803046360e+03	2.646271058646789687e-01	1.568164449744333111e-01	2.485033392476996839e-01	1.507269523985191872e-01	7.319185589413389204e-02	3.001076871761790971e-02	7.612353290290450880e-02
1.129135567867143209e+03	2.644005069566200405e-01	1.566810921859702888e-01	2.486518988815260012e-01	1.508194595734846655e-01	7.323009716924415435e-02	3.003438661067708848e-02	7.618255862246517407e-02
1.130586898931239830e+03	2.641742996226623674e-01	1.565459733035448608e-01	2.488001862244157425e-01	1.509118070076075069e-01	7.326827346182859801e-02	3.005797565453085032e-02	7.624148472539747645e-02
1.132038229995336451e+03	2.639484831844171597e-01	1.564110879218857386e-01	2.489482017678920911e-01	1.510039950021563604e-01	7.330638488939496267e-02	3.008153586623063883e-02	7.630031136801047886e-02
1.133489561059432845e+03	2.637230569646774048e-01	1.562764356364277907e-01	2.490959460025748418e-01	1.510960238577183923e-01	7.334443156921274798e-02	3.010506726289605833e-02	7.635903870648017011e-02
1.134940892123529466e+03	2.634980202874155908e-01	1.561420160433108772e-01	2.492434194181824270e-01	1.511878938742015899e-01	7.338241361831386589e-02	3.012856986171447843e-02	7.641766689684852121e-02
1.136392223187626087e+03	2.632733724777820417e-01	1.560078287393785457e-01	2.493906225035335544e-01	1.512796053508367322e-01	7.342033115349323735e-02	3.015204367994060372e-02	7.647619609502262494e-02
1.137843554251722708e+03	2.630491128621024188e-01	1.558738733221766981e-01	2.495375557465492888e-01	1.513711585861796938e-01	7.345818429130938909e-02	3.017548873489606445e-02	7.653462645677379383e-02
1.139294885315819101e+03	2.628252407678759450e-01	1.557401493899525091e-01	2.496842196342548281e-01	1.514625538781133596e-01	7.349597314808502257e-02	3.019890504396900363e-02	7.659295813773675521e-02
1.140746216379915950e+03	2.626017555237729617e-01	1.556066565416530101e-01	2.498306146527813631e-01	1.515537915238499567e-01	7.353369783990766628e-02	3.022229262461367111e-02	7.665119129340873527e-02
1.142197547444012343e+03	2.623786564596333748e-01	1.554733943769240623e-01	2.499767412873679651e-01	1.516448718199329970e-01	7.357135848263024469e-02	3.024565149435001071e-02	7.670932607914870971e-02
1.143648878508108737e+03	2.621559429064641566e-01	1.553403624961089691e-01	2.501226000223634727e-01	1.517357950622394980e-01	7.360895519187160563e-02	3.026898167076325780e-02	7.676736265017647387e-02
1.145100209572205586e+03	2.619336141964373477e-01	1.552075605002471992e-01	2.502681913412281856e-01	1.518265615459819806e-01	7.364648808301722804e-02	3.029228317150353331e-02	7.682530116157192113e-02
1.146551540636302207e+03	2.617116696628881689e-01	1.550749879910733320e-01	2.504135157265360290e-01	1.519171715657105515e-01	7.368395727121973549e-02	3.031555601428544480e-02	7.688314176827414081e-02
1.148002871700398828e+03	2.614901086403128572e-01	1.549426445710156142e-01	2.505585736599759694e-01	1.520076254153150397e-01	7.372136287139949284e-02	3.033880021688767012e-02	7.694088462508071047e-02
1.149454202764495449e+03	2.612689304643666111e-01	1.548105298431950161e-01	2.507033656223541795e-01	1.520979233880270232e-01	7.375870499824517534e-02	3.036201579715257226e-02	7.699852988664680764e-02
1.150905533828591842e+03	2.610481344718615371e-01	1.546786434114236497e-01	2.508478920935956480e-01	1.521880657764217992e-01	7.379598376621437916e-02	3.038520277298579694e-02	7.705607770748452989e-02
1.152356864892688463e+03	2.608277200007646512e-01	1.545469848802037971e-01	2.509921535527462333e-01	1.522780528724205495e-01	7.383319928953423206e-02	3.040836116235587361e-02	7.711352824196206213e-02
1.153808195956785084e+03	2.606076863901956586e-01	1.544155538547266338e-01	2.511361504779742737e-01	1.523678849672922830e-01	7.387035168220183745e-02	3.043149098329381644e-02	7.717088164430291330e-02
1.155259527020881706e+03	2.603880329804252325e-01	1.542843499408709518e-01	2.512798833465723636e-01	1.524575623516558343e-01	7.390744105798500996e-02	3.045459225389273925e-02	7.722813806858519481e-02
1.156710858084978327e+03	2.601687591128727939e-01	1.541533727452020497e-01	2.514233526349594072e-01	1.525470853154820283e-01	7.394446753042273335e-02	3.047766499230745302e-02	7.728529766874084328e-02
1.158162189149074720e+03	2.599498641301043467e-01	1.540226218749703724e-01	2.515665588186822288e-01	1.526364541480954851e-01	7.398143121282582668e-02	3.050070921675409122e-02	7.734236059855489898e-02
1.159613520213171569e+03	2.597313473758308122e-01	1.538920969381104564e-01	2.517095023724174041e-01	1.527256691381767284e-01	7.401833221827740228e-02	3.052372494550969692e-02	7.739932701166482576e-02
1.161064851277267962e+03	2.595132081949055869e-01	1.537617975432395978e-01	2.518521837699729815e-01	1.528147305737641015e-01	7.405517065963351797e-02	3.054671219691185158e-02	7.745619706155972006e-02
1.162516182341364356e+03	2.592954459333228212e-01	1.536317232996567139e-01	2.519946034842903693e-01	1.529036387422557652e-01	7.409194664952373222e-02	3.056967098935828644e-02	7.751297090157963088e-02
1.163967513405461204e+03	2.590780599382153104e-01	1.535018738173410668e-01	2.521367619874461674e-01	1.529923939304117519e-01	7.412866030035161757e-02	3.059260134130649400e-02	7.756964868491490750e-02
1.165418844469557826e+03	2.588610495578524962e-01	1.533722487069511531e-01	2.522786597506537221e-01	1.530809964243557975e-01	7.416531172429537133e-02	3.061550327127334978e-02	7.762623056460540849e-02
1.166870175533654447e+03	2.586444141416384124e-01	1.532428475798234824e-01	2.524202972442651238e-01	1.531694465095773117e-01	7.420190103330834286e-02	3.063837679783472379e-02	7.768271669353993270e-02
1.168321506597751068e+03	2.584281530401096871e-01	1.531136700479713009e-01	2.525616749377727066e-01	1.532577444709334047e-01	7.423842833911965811e-02	3.066122193962510234e-02	7.773910722445546984e-02
1.169772837661847461e+03	2.582122656049335996e-01	1.529847157240834810e-01	2.527027932998111015e-01	1.533458905926506355e-01	7.427489375323463594e-02	3.068403871533721683e-02	7.779540230993657601e-02
1.171224168725944082e+03	2.579967511889061926e-01	1.528559842215232445e-01	2.528436527981588466e-01	1.534338851583271213e-01	7.431129738693549591e-02	3.070682714372165514e-02	7.785160210241467982e-02
1.172675499790040703e+03	2.577816091459498860e-01	1.527274751543270526e-01	2.529842538997401080e-01	1.535217284509343694e-01	7.434763935128180234e-02	3.072958724358649737e-02	7.790770675416747171e-02
1.174126830854137097e+03	2.575668388311118662e-01	1.525991881372034398e-01	2.531245970706265114e-01	1.536094207528191646e-01	7.438391975711106108e-02	3.075231903379693071e-02	7.796371641731825175e-02
1.175578161918233945e+03	2.573524396005619219e-01	1.524711227855316542e-01	2.532646827760386410e-01	1.536969623457054568e-01	7.442013871503927458e-02	3.077502253327488169e-02	7.801963124383529125e-02
1.177029492982330339e+03	2.571384108115906120e-01	1.523432787153607137e-01	2.534045114803481491e-01	1.537843535106963033e-01	7.445629633546142767e-02	3.079769776099864492e-02	7.807545138553122210e-02
1.178480824046426733e+03	2.569247518226071558e-01	1.522156555434079628e-01	2.535440836470791437e-01	1.538715945282757014e-01	7.449239272855211202e-02	3.082034473600250846e-02	7.813117699406241234e-02
1.179932155110523581e+03	2.567114619931374353e-01	1.520882528870581840e-01	2.536833997389101869e-01	1.539586856783104474e-01	7.452842800426601189e-02	3.084296347737640331e-02	7.818680822092835547e-02
1.181383486174620202e+03	2.564985406838221071e-01	1.519610703643620997e-01	2.538224602176756828e-01	1.540456272400520243e-01	7.456440227233847307e-02	3.086555400426550105e-02	7.824234521747108762e-02
1.182834817238716823e+03	2.562859872564146602e-01	1.518341075940354279e-01	2.539612655443679312e-01	1.541324194921384338e-01	7.460031564228600254e-02	3.088811633586989111e-02	7.829778813487459077e-02
1.184286148302813444e+03	2.560738010737793058e-01	1.517073641954576890e-01	2.540998161791386822e-01	1.542190627125961111e-01	7.463616822340685131e-02	3.091065049144418528e-02	7.835313712416418219e-02
1.185737479366910065e+03	2.558619814998892017e-01	1.515808397886708458e-01	2.542381125813007459e-01	1.543055571788415903e-01	7.467196012478151401e-02	3.093315649029717077e-02	7.840839233620598703e-02
1.187188810431006686e+03	2.556505278998243424e-01	1.514545339943783875e-01	2.543761552093297684e-01	1.543919031676835030e-01	7.470769145527328403e-02	3.095563435179143202e-02	7.846355392170634158e-02
1.188640141495103080e+03	2.554394396397696720e-01	1.513284464339440527e-01	2.545139445208660645e-01	1.544781009553243267e-01	7.474336232352876697e-02	3.097808409534302115e-02	7.851862203121121042e-02
1.190091472559199701e+03	2.552287160870131411e-01	1.512025767293905809e-01	2.546514809727160045e-01	1.545641508173621892e-01	7.477897283797843575e-02	3.100050574042105891e-02	7.857359681510568683e-02
1.191542803623296322e+03	2.550183566099437638e-01	1.510769245033986297e-01	2.547887650208540689e-01	1.546500530287926722e-01	7.481452310683710250e-02	3.102289930654741901e-02	7.862847842361342376e-02
1.192994134687392716e+03	2.548083605780496752e-01	1.509514893793056367e-01	2.549257971204241802e-01	1.547358078640106438e-01	7.485001323810450136e-02	3.104526481329634297e-02	7.868326700679610652e-02
1.194445465751489564e+03	2.545987273619161884e-01	1.508262709811045987e-01	2.550625777257415350e-01	1.548214155968119787e-01	7.488544333956578813e-02	3.106760228029410015e-02	7.873796271455286988e-02
1.195896796815585958e+03	2.543894563332237957e-01	1.507012689334429612e-01	2.551991072902942692e-01	1.549068765003953907e-01	7.492081351879205375e-02	3.108991172721863733e-02	7.879256569661984011e-02
1.197348127879682352e+03	2.541805468647463928e-01	1.505764828616215079e-01	2.553353862667452345e-01	1.549921908473642085e-01	7.495612388314087937e-02	3.111219317379921440e-02	7.884707610256957988e-02
1.198799458943779200e+03	2.539719983303491135e-01	1.504519123915930290e-01	2.554714151069333861e-01	1.550773589097280969e-01	7.499137453975679435e-02	3.113444663981606089e-02	7.890149408181060253e-02
1.200250790007875821e+03	2.537638101049866646e-01	1.503275571499613494e-01	2.556071942618755588e-01	1.551623809589048053e-01	7.502656559557184524e-02	3.115667214510003946e-02	7.895581978358688635e-02
1.201702121071972442e+03	2.535559815647011606e-01	1.502034167639801354e-01	2.557427241817682440e-01	1.552472572657219996e-01	7.506169715730608150e-02	3.117886970953227116e-02	7.901005335697730558e-02
1.203153452136069063e+03	2.533485120866204587e-01	1.500794908615516732e-01	2.558780053159890877e-01	1.553319881004188441e-01	7.509676933146806899e-02	3.120103935304381973e-02	7.906419495089522798e-02
1.204604783200165684e+03	2.531414010489560495e-01	1.499557790712258698e-01	2.560130381130986121e-01	1.554165737326479169e-01	7.513178222435545894e-02	3.122318109561533078e-02	7.911824471408797355e-02
1.206056114264262078e+03	2.529346478310012247e-01	1.498322810221989765e-01	2.561478230208417139e-01	1.555010144314768195e-01	7.516673594205537656e-02	3.124529495727669526e-02	7.917220279513638437e-02
1.207507445328358699e+03	2.527282518131291345e-01	1.497089963443124783e-01	2.562823604861495519e-01	1.555853104653899255e-01	7.520163059044505938e-02	3.126738095810670248e-02	7.922606934245432497e-02
1.208958776392455093e+03	2.525222123767909554e-01	1.495859246680519838e-01	2.564166509551409345e-01	1.556694621022900737e-01	7.523646627519227359e-02	3.128943911823270363e-02	7.927984450428826602e-02
1.210410107456551941e+03	2.523165289045138926e-01	1.494630656245460876e-01	2.565506948731239301e-01	1.557534696095002891e-01	7.527124310175585531e-02	3.131146945783026131e-02	7.933352842871675692e-02
1.211861438520648335e+03	2.521112007798994581e-01	1.493404188455652315e-01	2.566844926845978092e-01	1.558373332537654754e-01	7.530596117538619627e-02	3.133347199712283732e-02	7.938712126365006505e-02
1.213312769584745183e+03	2.519062273876212510e-01	1.492179839635205674e-01	2.568180448332542665e-01	1.559210533012540811e-01	7.534062060112577119e-02	3.135544675638143874e-02	7.944062315682967612e-02
1.214764100648841804e+03	2.517016081134234584e-01	1.490957606114628464e-01	2.569513517619792520e-01	1.560046300175597922e-01	7.537522148380960962e-02	3.137739375592428492e-02	7.949403425582786398e-02
1.216215431712937971e+03	2.514973423441186906e-01	1.489737484230812536e-01	2.570844139128544148e-01	1.560880636677031974e-01	7.540976392806578166e-02	3.139931301611647435e-02	7.954735470804730202e-02
1.217666762777034819e+03	2.512934294675862046e-01	1.488519470327022698e-01	2.572172317271589903e-01	1.561713545161335648e-01	7.544424803831595305e-02	3.142120455736965162e-02	7.960058466072060523e-02
1.219118093841131440e+03	2.510898688727700168e-01	1.487303560752886444e-01	2.573498056453709659e-01	1.562545028267302294e-01	7.547867391877581544e-02	3.144306840014168131e-02	7.965372426090992775e-02
1.220569424905228061e+03	2.508866599496770156e-01	1.486089751864382025e-01	2.574821361071690795e-01	1.563375088628045084e-01	7.551304167345561369e-02	3.146490456493631488e-02	7.970677365550654647e-02
1.222020755969324682e+03	2.506838020893750740e-01	1.484878040023826506e-01	2.576142235514342627e-01	1.564203728871012555e-01	7.554735140616064548e-02	3.148671307230287153e-02	7.975973299123048643e-02
1.223472087033421303e+03	2.504812946839912735e-01	1.483668421599866893e-01	2.577460684162511395e-01	1.565030951618004151e-01	7.558160322049169155e-02	3.150849394283589816e-02	7.981260241463013216e-02
1.224923418097517697e+03	2.502791371267099607e-01	1.482460892967466526e-01	2.578776711389096366e-01	1.565856759485187988e-01	7.561579721984558466e-02	3.153024719717485019e-02	7.986538207208174200e-02
1.226374749161614318e+03	2.500773288117708049e-01	1.481255450507894533e-01	2.580090321559067035e-01	1.566681155083115839e-01	7.564993350741562594e-02	3.155197285600376544e-02	7.991807210978919829e-02
1.227826080225710712e+03	2.498758691344671323e-01	1.480052090608716397e-01	2.581401519029477010e-01	1.567504141016740349e-01	7.568401218619211224e-02	3.157367094005093799e-02	7.997067267378352162e-02
1.229277411289807560e+03	2.496747574911439282e-01	1.478850809663780630e-01	2.582710308149480660e-01	1.568325719885429737e-01	7.571803335896279408e-02	3.159534147008861288e-02	8.002318390992259334e-02
1.230728742353903954e+03	2.494739932791960324e-01	1.477651604073209335e-01	2.584016693260347552e-01	1.569145894282985565e-01	7.575199712831337528e-02	3.161698446693264608e-02	8.007560596389072527e-02
1.232180073418000802e+03	2.492735758970662796e-01	1.476454470243385997e-01	2.585320678695479657e-01	1.569964666797657171e-01	7.578590359662799869e-02	3.163859995144220616e-02	8.012793898119828506e-02
1.233631404482097196e+03	2.490735047442436678e-01	1.475259404586944934e-01	2.586622268780426337e-01	1.570782040012158043e-01	7.581975286608970410e-02	3.166018794451943424e-02	8.018018310718141861e-02
1.235082735546193817e+03	2.488737792212614430e-01	1.474066403522760194e-01	2.587921467832898781e-01	1.571598016503681639e-01	7.585354503868087239e-02	3.168174846710913872e-02	8.023233848700163373e-02
1.236534066610290438e+03	2.486743987296954339e-01	1.472875463475935565e-01	2.589218280162786101e-01	1.572412598843917764e-01	7.588728021618379449e-02	3.170328154019848299e-02	8.028440526564549484e-02
1.237985397674387059e+03	2.484753626721620534e-01	1.471686580877791251e-01	2.590512710072171987e-01	1.573225789599067281e-01	7.592095850018105996e-02	3.172478718481666626e-02	8.033638358792426215e-02
1.239436728738483680e+03	2.482766704523166057e-01	1.470499752165855822e-01	2.591804761855348582e-01	1.574037591329858488e-01	7.595457999205604271e-02	3.174626542203462520e-02	8.038827359847358633e-02
1.240888059802580301e+03	2.480783214748511767e-01	1.469314973783853173e-01	2.593094439798832029e-01	1.574848006591561544e-01	7.598814479299340063e-02	3.176771627296468697e-02	8.044007544175317548e-02
1.242339390866676695e+03	2.478803151454932185e-01	1.468132242181692249e-01	2.594381748181378011e-01	1.575657037934005411e-01	7.602165300397956127e-02	3.178913975876029863e-02	8.049178926204643425e-02
1.243790721930773088e+03	2.476826508710034402e-01	1.466951553815456222e-01	2.595666691273996740e-01	1.576464687901592554e-01	7.605510472580312431e-02	3.181053590061570790e-02	8.054341520346022798e-02
1.245242052994869937e+03	2.474853280591740590e-01	1.465772905147391669e-01	2.596949273339969055e-01	1.577270959033313935e-01	7.608850005905536118e-02	3.183190471976563712e-02	8.059495340992450796e-02
1.246693384058966330e+03	2.472883461188269960e-01	1.464596292645897746e-01	2.598229498634859747e-01	1.578075853862764832e-01	7.612183910413068688e-02	3.185324623748501255e-02	8.064640402519203388e-02
1.248144715123063179e+03	2.470917044598121004e-01	1.463421712785515083e-01	2.599507371406535317e-01	1.578879374918159828e-01	7.615512196122711797e-02	3.187456047508861745e-02	8.069776719283809630e-02
1.249596046187159800e+03	2.468954024930053448e-01	1.462249162046915518e-01	2.600782895895175639e-01	1.579681524722348074e-01	7.618834873034670274e-02	3.189584745393080761e-02	8.074904305626018353e-02
1.251047377251256421e+03	2.466994396303068549e-01	1.461078636916890439e-01	2.602056076333292833e-01	1.580482305792828557e-01	7.622151951129604863e-02	3.191710719540522684e-02	8.080023175867770413e-02
1.252498708315352815e+03	2.465038152846392994e-01	1.459910133888341066e-01	2.603326916945742364e-01	1.581281720641764255e-01	7.625463440368672463e-02	3.193833972094448082e-02	8.085133344313172321e-02
1.253950039379449436e+03	2.463085288699460584e-01	1.458743649460266245e-01	2.604595421949741363e-01	1.582079771775998511e-01	7.628769350693571927e-02	3.195954505201983875e-02	8.090234825248468487e-02
1.255401370443546057e+03	2.461135798011893916e-01	1.457579180137753561e-01	2.605861595554882504e-01	1.582876461697069193e-01	7.632069692026591246e-02	3.198072321014094888e-02	8.095327632942010687e-02
1.256852701507642678e+03	2.459189674943486337e-01	1.456416722431967958e-01	2.607125441963147328e-01	1.583671792901223119e-01	7.635364474270654733e-02	3.200187421685554007e-02	8.100411781644237252e-02
1.258304032571739299e+03	2.457246913664184185e-01	1.455256272860139255e-01	2.608386965368922894e-01	1.584465767879430775e-01	7.638653707309366048e-02	3.202299809374910960e-02	8.105487285587639756e-02
1.259755363635835920e+03	2.455307508354069301e-01	1.454097827945554644e-01	2.609646169959016215e-01	1.585258389117402966e-01	7.641937401007049824e-02	3.204409486244464561e-02	8.110554158986743589e-02
1.261206694699932314e+03	2.453371453203341268e-01	1.452941384217545373e-01	2.610903059912667579e-01	1.586049659095602749e-01	7.645215565208804409e-02	3.206516454460230786e-02	8.115612416038080201e-02
1.262658025764028707e+03	2.451438742412298255e-01	1.451786938211477584e-01	2.612157639401568865e-01	1.586839580289262086e-01	7.648488209740540722e-02	3.208620716191917105e-02	8.120662070920157960e-02
1.264109356828125556e+03	2.449509370191320923e-01	1.450634486468741491e-01	2.613409912589873541e-01	1.587628155168394894e-01	7.651755344409029436e-02	3.210722273612891253e-02	8.125703137793451047e-02
1.265560687892221949e+03	2.447583330760854381e-01	1.449484025536739717e-01	2.614659883634215531e-01	1.588415386197812862e-01	7.655016979001942612e-02	3.212821128900151396e-02	8.130735630800357827e-02
1.267012018956318798e+03	2.445660618351389870e-01	1.448335551968878143e-01	2.615907556683720880e-01	1.589201275837139327e-01	7.658273123287902273e-02	3.214917284234298372e-02	8.135759564065193905e-02
1.268463350020415419e+03	2.443741227203447275e-01	1.447189062324555076e-01	2.617152935880023845e-01	1.589985826540822877e-01	7.661523787016522036e-02	3.217010741799508633e-02	8.140774951694160211e-02
1.269914681084511813e+03	2.441825151567558194e-01	1.446044553169149594e-01	2.618396025357280221e-01	1.590769040758152897e-01	7.664768979918452907e-02	3.219101503783501628e-02	8.145781807775320793e-02
1.271366012148608434e+03	2.439912385704247344e-01	1.444902021074012388e-01	2.619636829242183440e-01	1.591550920933272883e-01	7.668008711705423530e-02	3.221189572377514132e-02	8.150780146378584778e-02
1.272817343212705055e+03	2.438002923884015627e-01	1.443761462616454661e-01	2.620875351653978447e-01	1.592331469505195163e-01	7.671242992070287370e-02	3.223274949776271103e-02	8.155769981555684167e-02
1.274268674276801676e+03	2.436096760387322646e-01	1.442622874379737574e-01	2.622111596704474468e-01	1.593110688907815042e-01	7.674471830687068508e-02	3.225357638177957231e-02	8.160751327340150241e-02
1.275720005340898297e+03	2.434193889504568387e-01	1.441486252953062264e-01	2.623345568498063329e-01	1.593888581569924690e-01	7.677695237210999113e-02	3.227437639784189877e-02	8.165724197747298296e-02
1.277171336404994690e+03	2.432294305536077395e-01	1.440351594931558454e-01	2.624577271131729450e-01	1.594665149915227287e-01	7.680913221278565239e-02	3.229514956799987846e-02	8.170688606774198504e-02
1.278622667469091539e+03	2.430398002792079626e-01	1.439218896916274748e-01	2.625806708695065939e-01	1.595440396362349800e-01	7.684125792507555397e-02	3.231589591433747799e-02	8.175644568399666190e-02
1.280073998533187932e+03	2.428504975592694071e-01	1.438088155514168631e-01	2.627033885270290137e-01	1.596214323324859352e-01	7.687332960497093859e-02	3.233661545897213024e-02	8.180592096584239636e-02
1.281525329597284326e+03	2.426615218267910712e-01	1.436959367338095372e-01	2.628258804932255832e-01	1.596986933211274329e-01	7.690534734827693397e-02	3.235730822405445684e-02	8.185531205270157873e-02
1.282976660661381175e+03	2.424728725157574427e-01	1.435832529006797476e-01	2.629481471748469357e-01	1.597758228425080751e-01	7.693731125061289977e-02	3.237797423176802525e-02	8.190461908381344025e-02
1.284427991725477568e+03	2.422845490611365560e-01	1.434707637144894965e-01	2.630701889779101244e-01	1.598528211364744211e-01	7.696922140741291329e-02	3.239861350432904352e-02	8.195384219823392824e-02
1.285879322789574417e+03	2.420965508988784931e-01	1.433584688382874839e-01	2.631920063077003991e-01	1.599296884423723475e-01	7.700107791392617196e-02	3.241922606398608964e-02	8.200298153483544239e-02
1.287330653853671038e+03	2.419088774659135244e-01	1.432463679357081354e-01	2.633135995687722053e-01	1.600064249990485743e-01	7.703288086521742350e-02	3.243981193301985477e-02	8.205203723230672375e-02
1.288781984917767431e+03	2.417215282001503596e-01	1.431344606709703537e-01	2.634349691649508496e-01	1.600830310448518590e-01	7.706463035616736845e-02	3.246037113374283800e-02	8.210100942915270206e-02
1.290233315981864052e+03	2.415345025404745660e-01	1.430227467088768245e-01	2.635561154993339983e-01	1.601595068176344394e-01	7.709632648147311806e-02	3.248090368849913118e-02	8.214989826369425985e-02
