1.001418434226643626e+03	2.809269928706055186e-01	1.794996315959122291e-01	2.347429743365087029e-01	1.408546537009937594e-01	6.826544972206322059e-02	2.675795095771962839e-02	6.895234681607595451e-02
1.002869765290740247e+03	2.806770728537562043e-01	1.793287555909448827e-01	2.349242694930881448e-01	1.409590241188223292e-01	6.830914573879878771e-02	2.678374591618304379e-02	6.901798628828564874e-02
1.004321096354836754e+03	2.804275783654851528e-01	1.791581679236966818e-01	2.351052481548233652e-01	1.410632064478271053e-01	6.835276656064458167e-02	2.680951445395384977e-02	6.908351809344828731e-02
1.005772427418933376e+03	2.801785086548234660e-01	1.789878681267139116e-01	2.352859108627305407e-01	1.411672010815998579e-01	6.839631232644025061e-02	2.683525656326723324e-02	6.914894238430378814e-02
1.007223758483029997e+03	2.799298629725026633e-01	1.788178557329829221e-01	2.354662581568921498e-01	1.412710084126272692e-01	6.843978317473956019e-02	2.686097223654106830e-02	6.921425931359340145e-02
1.008675089547126618e+03	2.796816405709457443e-01	1.786481302759349021e-01	2.356462905764587501e-01	1.413746288322956790e-01	6.848317924381114308e-02	2.688666146637504889e-02	6.927946903405771129e-02
1.010126420611223239e+03	2.794338407042579187e-01	1.784786912894505972e-01	2.358260086596507543e-01	1.414780627308959426e-01	6.852650067163917891e-02	2.691232424554982836e-02	6.934457169843480373e-02
1.011577751675319632e+03	2.791864626282173911e-01	1.783095383078648066e-01	2.360054129437602344e-01	1.415813104976280379e-01	6.856974759592408819e-02	2.693796056702615904e-02	6.940956745945829620e-02
1.013029082739416367e+03	2.789395056002668127e-01	1.781406708659708793e-01	2.361845039651526701e-01	1.416843725206059224e-01	6.861292015408318457e-02	2.696357042394404574e-02	6.947445646985546397e-02
1.014480413803512761e+03	2.786929688795042326e-01	1.779720884990251550e-01	2.363632822592687255e-01	1.417872491868620854e-01	6.865601848325143808e-02	2.698915380962190261e-02	6.953923888234543604e-02
1.015931744867609382e+03	2.784468517266744381e-01	1.778037907427512665e-01	2.365417483606259974e-01	1.418899408823522945e-01	6.869904272028205805e-02	2.701471071755568581e-02	6.960391484963728004e-02
1.017383075931706003e+03	2.782011534041602951e-01	1.776357771333442748e-01	2.367199028028207364e-01	1.419924479919600913e-01	6.874199300174725635e-02	2.704024114141807822e-02	6.966848452442819806e-02
1.018834406995802851e+03	2.779558731759744772e-01	1.774680472074749438e-01	2.368977461185297062e-01	1.420947708995015379e-01	6.878486946393889967e-02	2.706574507505761160e-02	6.973294805940170871e-02
1.020285738059899245e+03	2.777110103077508607e-01	1.773006005022936538e-01	2.370752788395117938e-01	1.421969099877296583e-01	6.882767224286918950e-02	2.709122251249787908e-02	6.979730560722584298e-02
1.021737069123995752e+03	2.774665640667361988e-01	1.771334365554345092e-01	2.372525014966098134e-01	1.422988656383389894e-01	6.887040147427134218e-02	2.711667344793665044e-02	6.986155732055135403e-02
1.023188400188092373e+03	2.772225337217820718e-01	1.769665549050190856e-01	2.374294146197522271e-01	1.424006382319701336e-01	6.891305729360029664e-02	2.714209787574507066e-02	6.992570335200992693e-02
1.024639731252188767e+03	2.769789185433367273e-01	1.767999550896604266e-01	2.376060187379548660e-01	1.425022281482141717e-01	6.895563983603331115e-02	2.716749579046682725e-02	6.998974385421248556e-02
1.026091062316285615e+03	2.767357178034370313e-01	1.766336366484666520e-01	2.377823143793226512e-01	1.426036357656171039e-01	6.899814923647071274e-02	2.719286718681732454e-02	7.005367897974736080e-02
1.027542393380382237e+03	2.764929307757004184e-01	1.764675991210446215e-01	2.379583020710513142e-01	1.427048614616843458e-01	6.904058562953652167e-02	2.721821205968285098e-02	7.011750888117862512e-02
1.028993724444478858e+03	2.762505567353175095e-01	1.763018420475036263e-01	2.381339823394291177e-01	1.428059056128850868e-01	6.908294914957915922e-02	2.724353040411977775e-02	7.018123371104439956e-02
1.030445055508575479e+03	2.760085949590439514e-01	1.761363649684587196e-01	2.383093557098385218e-01	1.429067685946565358e-01	6.912523993067211381e-02	2.726882221535373296e-02	7.024485362185509119e-02
1.031896386572671872e+03	2.757670447251928669e-01	1.759711674250343527e-01	2.384844227067579037e-01	1.430074507814084461e-01	6.916745810661455163e-02	2.729408748877878640e-02	7.030836876609176944e-02
1.033347717636768493e+03	2.755259053136273617e-01	1.758062489588676225e-01	2.386591838537632515e-01	1.431079525465272506e-01	6.920960381093205216e-02	2.731932621995663418e-02	7.037177929620445915e-02
1.034799048700865114e+03	2.752851760057530850e-01	1.756416091121115741e-01	2.388336396735298572e-01	1.432082742623805027e-01	6.925167717687721880e-02	2.734453840461581811e-02	7.043508536461053071e-02
1.036250379764961508e+03	2.750448560845107915e-01	1.754772474274384764e-01	2.390077906878339542e-01	1.433084163003209566e-01	6.929367833743038663e-02	2.736972403865089304e-02	7.049828712369297923e-02
1.037701710829058356e+03	2.748049448343691248e-01	1.753131634480429579e-01	2.391816374175544935e-01	1.434083790306910078e-01	6.933560742530023302e-02	2.739488311812163929e-02	7.056138472579893961e-02
1.039153041893154750e+03	2.745654415413171789e-01	1.751493567176451160e-01	2.393551803826747537e-01	1.435081628228266071e-01	6.937746457292448543e-02	2.742001563925226468e-02	7.062437832323795184e-02
1.040604372957251599e+03	2.743263454928576150e-01	1.749858267804934864e-01	2.395284201022840065e-01	1.436077680450617011e-01	6.941924991247055976e-02	2.744512159843059615e-02	7.068726806828039277e-02
1.042055704021347992e+03	2.740876559779995003e-01	1.748225731813680406e-01	2.397013570945790983e-01	1.437071950647322849e-01	6.946096357583617098e-02	2.747020099220731301e-02	7.075005411315594961e-02
1.043507035085444613e+03	2.738493722872513136e-01	1.746595954655831007e-01	2.398739918768663659e-01	1.438064442481804539e-01	6.950260569465005478e-02	2.749525381729513163e-02	7.081273661005199616e-02
1.044958366149541234e+03	2.736114937126140068e-01	1.744968931789901700e-01	2.400463249655629405e-01	1.439055159607585954e-01	6.954417640027255043e-02	2.752028007056803519e-02	7.087531571111205242e-02
1.046409697213637855e+03	2.733740195475744539e-01	1.743344658679806258e-01	2.402183568761987464e-01	1.440044105668334684e-01	6.958567582379633631e-02	2.754527974906048962e-02	7.093779156843427192e-02
1.047861028277734476e+03	2.731369490870982908e-01	1.741723130794885777e-01	2.403900881234178333e-01	1.441031284297901727e-01	6.962710409604701278e-02	2.757025284996665257e-02	7.100016433406985961e-02
1.049312359341831097e+03	2.729002816276235865e-01	1.740104343609933102e-01	2.405615192209802355e-01	1.442016699120362566e-01	6.966846134758375442e-02	2.759519937063960315e-02	7.106243416002165636e-02
1.050763690405927491e+03	2.726640164670541266e-01	1.738488292605220586e-01	2.407326506817634715e-01	1.443000353750056586e-01	6.970974770869994841e-02	2.762011930859057177e-02	7.112460119824250138e-02
1.052215021470024112e+03	2.724281529047529182e-01	1.736874973266524791e-01	2.409034830177642916e-01	1.443982251791626759e-01	6.975096330942388845e-02	2.764501266148816291e-02	7.118666560063387216e-02
1.053666352534120733e+03	2.721926902415356397e-01	1.735264381085150631e-01	2.410740167401002054e-01	1.444962396840059893e-01	6.979210827951937146e-02	2.766987942715758847e-02	7.124862751904434410e-02
1.055117683598217127e+03	2.719576277796644792e-01	1.733656511557957192e-01	2.412442523590111465e-01	1.445940792480724379e-01	6.983318274848634988e-02	2.769471960357989399e-02	7.131048710526817491e-02
1.056569014662313975e+03	2.717229648228415284e-01	1.732051360187378819e-01	2.414141903838610548e-01	1.446917442289411548e-01	6.987418684556155613e-02	2.771953318889121276e-02	7.137224451104380585e-02
1.058020345726410369e+03	2.714887006762027877e-01	1.730448922481450102e-01	2.415838313231395973e-01	1.447892349832372028e-01	6.991512069971914101e-02	2.774432018138198175e-02	7.143389988805248780e-02
1.059471676790506763e+03	2.712548346463119486e-01	1.728849193953828356e-01	2.417531756844635282e-01	1.448865518666355712e-01	6.995598443967133984e-02	2.776908057949621644e-02	7.149545338791679638e-02
1.060923007854603611e+03	2.710213660411541770e-01	1.727252170123813879e-01	2.419222239745785763e-01	1.449836952338650342e-01	6.999677819386905531e-02	2.779381438183072678e-02	7.155690516219929964e-02
1.062374338918700232e+03	2.707882941701302282e-01	1.725657846516373550e-01	2.420909766993608603e-01	1.450806654387118144e-01	7.003750209050253750e-02	2.781852158713437814e-02	7.161825536240108703e-02
1.063825669982796853e+03	2.705556183440502305e-01	1.724066218662161087e-01	2.422594343638185543e-01	1.451774628340234963e-01	7.007815625750198063e-02	2.784320219430733850e-02	7.167950413996043713e-02
1.065277001046893474e+03	2.703233378751281335e-01	1.722477282097537032e-01	2.424275974720934979e-01	1.452740877717128010e-01	7.011874082253811979e-02	2.786785620240034289e-02	7.174065164625144375e-02
1.066728332110990095e+03	2.700914520769756577e-01	1.720891032364589013e-01	2.425954665274627220e-01	1.453705406027612224e-01	7.015925591302295261e-02	2.789248361061394052e-02	7.180169803258266981e-02
1.068179663175086489e+03	2.698599602645963547e-01	1.719307465011150615e-01	2.427630420323399763e-01	1.454668216772228295e-01	7.019970165611029433e-02	2.791708441829775927e-02	7.186264345019574562e-02
1.069630994239183110e+03	2.696288617543801114e-01	1.717726575590821925e-01	2.429303244882775048e-01	1.455629313442279027e-01	7.024007817869638848e-02	2.794165862494976324e-02	7.192348805026410608e-02
1.071082325303279504e+03	2.693981558640975438e-01	1.716148359662986733e-01	2.430973143959674065e-01	1.456588699519866525e-01	7.028038560742057295e-02	2.796620623021552066e-02	7.198423198389161670e-02
1.072533656367376352e+03	2.691678419128940569e-01	1.714572812792830858e-01	2.432640122552433004e-01	1.457546378477929117e-01	7.032062406866586290e-02	2.799072723388747880e-02	7.204487540211132468e-02
1.073984987431472746e+03	2.689379192212846270e-01	1.712999930551359351e-01	2.434304185650819075e-01	1.458502353780276595e-01	7.036079368855957528e-02	2.801522163590422151e-02	7.210541845588411269e-02
1.075436318495569594e+03	2.687083871111481392e-01	1.711429708515414261e-01	2.435965338236045497e-01	1.459456628881627138e-01	7.040089459297396712e-02	2.803968943634975453e-02	7.216586129609743605e-02
1.076887649559666215e+03	2.684792449057220587e-01	1.709862142267691565e-01	2.437623585280787875e-01	1.460409207227643391e-01	7.044092690752683239e-02	2.806413063545276990e-02	7.222620407356404593e-02
1.078338980623762609e+03	2.682504919295969903e-01	1.708297227396756435e-01	2.439278931749198076e-01	1.461360092254967158e-01	7.048089075758209865e-02	2.808854523358594868e-02	7.228644693902074037e-02
1.079790311687859230e+03	2.680221275087113497e-01	1.706734959497059889e-01	2.440931382596922272e-01	1.462309287391255486e-01	7.052078626825047936e-02	2.811293323126521498e-02	7.234659004312711528e-02
1.081241642751955851e+03	2.677941509703462564e-01	1.705175334168953505e-01	2.442580942771113983e-01	1.463256796055216469e-01	7.056061356439002896e-02	2.813729462914904209e-02	7.240663353646428768e-02
1.082692973816052472e+03	2.675665616431199267e-01	1.703618347018705237e-01	2.444227617210450176e-01	1.464202621656642833e-01	7.060037277060678129e-02	2.816162942803772037e-02	7.246657756953377161e-02
1.084144304880149093e+03	2.673393588569828450e-01	1.702063993658513297e-01	2.445871410845147365e-01	1.465146767596448574e-01	7.064006401125534629e-02	2.818593762887266693e-02	7.252642229275613195e-02
1.085595635944245487e+03	2.671125419432128223e-01	1.700512269706520585e-01	2.447512328596976316e-01	1.466089237266702539e-01	7.067968741043956227e-02	2.821021923273570736e-02	7.258616785646987424e-02
1.087046967008342108e+03	2.668861102344095015e-01	1.698963170786828292e-01	2.449150375379277045e-01	1.467030034050662290e-01	7.071924309201299552e-02	2.823447424084837148e-02	7.264581441093025116e-02
1.088498298072438729e+03	2.666600630644895831e-01	1.697416692529509497e-01	2.450785556096974627e-01	1.467969161322810467e-01	7.075873117957963421e-02	2.825870265457119598e-02	7.270536210630804130e-02
1.089949629136535123e+03	2.664343997686818288e-01	1.695872830570621381e-01	2.452417875646594192e-01	1.468906622448886146e-01	7.079815179649441570e-02	2.828290447540302704e-02	7.276481109268842506e-02
1.091400960200631971e+03	2.662091196835222329e-01	1.694331580552220218e-01	2.454047338916275633e-01	1.469842420785921200e-01	7.083750506586390661e-02	2.830707970498031606e-02	7.282416152006977728e-02
1.092852291264728365e+03	2.659842221468489143e-01	1.692792938122369695e-01	2.455673950785789428e-01	1.470776559682271944e-01	7.087679111054681624e-02	2.833122834507642920e-02	7.288341353836258474e-02
1.094303622328825213e+03	2.657597064977977319e-01	1.691256898935156738e-01	2.457297716126551346e-01	1.471709042477654383e-01	7.091601005315464890e-02	2.835535039760096743e-02	7.294256729738826661e-02
1.095754953392921607e+03	2.655355720767971217e-01	1.689723458650700116e-01	2.458918639801637995e-01	1.472639872503175573e-01	7.095516201605223117e-02	2.837944586459905869e-02	7.300162294687805031e-02
1.097206284457018228e+03	2.653118182255636559e-01	1.688192612935163206e-01	2.460536726665800700e-01	1.473569053081368319e-01	7.099424712135837812e-02	2.840351474825068487e-02	7.306058063647187517e-02
1.098657615521114849e+03	2.650884442870971025e-01	1.686664357460764818e-01	2.462151981565481318e-01	1.474496587526223090e-01	7.103326549094643450e-02	2.842755705087000179e-02	7.311944051571728220e-02
1.100108946585211470e+03	2.648654496056761509e-01	1.685138687905788357e-01	2.463764409338826955e-01	1.475422479143221888e-01	7.107221724644485761e-02	2.845157277490464182e-02	7.317820273406833165e-02
1.101560277649308091e+03	2.646428335268535270e-01	1.683615599954593200e-01	2.465374014815705228e-01	1.476346731229369047e-01	7.111110250923784182e-02	2.847556192293506511e-02	7.323686744088453437e-02
1.103011608713404712e+03	2.644205953974514967e-01	1.682095089297623580e-01	2.466980802817718144e-01	1.477269347073224826e-01	7.114992140046587366e-02	2.849952449767384835e-02	7.329543478542974166e-02
1.104462939777501106e+03	2.641987345655576469e-01	1.680577151631419408e-01	2.468584778158217918e-01	1.478190329954937599e-01	7.118867404102630081e-02	2.852346050196504293e-02	7.335390491687111825e-02
1.105914270841597499e+03	2.639772503805200010e-01	1.679061782658624047e-01	2.470185945642321690e-01	1.479109683146275500e-01	7.122736055157394275e-02	2.854736993878349144e-02	7.341227798427804596e-02
1.107365601905694348e+03	2.637561421929430217e-01	1.677548978087993192e-01	2.471784310066925394e-01	1.480027409910657232e-01	7.126598105252163196e-02	2.857125281123416155e-02	7.347055413662119394e-02
1.108816932969790741e+03	2.635354093546830034e-01	1.676038733634404587e-01	2.473379876220719309e-01	1.480943513503185649e-01	7.130453566404082455e-02	2.859510912255147641e-02	7.352873352277135288e-02
1.110268264033887590e+03	2.633150512188437431e-01	1.674531045018865238e-01	2.474972648884201931e-01	1.481857997170677732e-01	7.134302450606221091e-02	2.861893887609866932e-02	7.358681629149849135e-02
1.111719595097984211e+03	2.630950671397724872e-01	1.673025907968519188e-01	2.476562632829695798e-01	1.482770864151695955e-01	7.138144769827617364e-02	2.864274207536710373e-02	7.364480259147074270e-02
1.113170926162080832e+03	2.628754564730552690e-01	1.671523318216655840e-01	2.478149832821361642e-01	1.483682117676580481e-01	7.141980536013346759e-02	2.866651872397562445e-02	7.370269257125341977e-02
1.114622257226177226e+03	2.626562185755131895e-01	1.670023271502716899e-01	2.479734253615211992e-01	1.484591760967478857e-01	7.145809761084574718e-02	2.869026882566991232e-02	7.376048637930796015e-02
1.116073588290273847e+03	2.624373528051978655e-01	1.668525763572303589e-01	2.481315899959127269e-01	1.485499797238377384e-01	7.149632456938613545e-02	2.871399238432182158e-02	7.381818416399102412e-02
1.117524919354370468e+03	2.622188585213875434e-01	1.667030790177182475e-01	2.482894776592868280e-01	1.486406229695130810e-01	7.153448635448979298e-02	2.873768940392872756e-02	7.387578607355348159e-02
1.118976250418467089e+03	2.620007350845827698e-01	1.665538347075293524e-01	2.484470888248092868e-01	1.487311061535494527e-01	7.157258308465448693e-02	2.876135988861288489e-02	7.393329225613946842e-02
1.120427581482563710e+03	2.617829818565026168e-01	1.664048430030755366e-01	2.486044239648368959e-01	1.488214295949152610e-01	7.161061487814114612e-02	2.878500384262079603e-02	7.399070285978540107e-02
1.121878912546660331e+03	2.615655982000805180e-01	1.662561034813871408e-01	2.487614835509189548e-01	1.489115936117749173e-01	7.164858185297445781e-02	2.880862127032254166e-02	7.404801803241911617e-02
1.123330243610756725e+03	2.613485834794602169e-01	1.661076157201134551e-01	2.489182680537987136e-01	1.490015985214918348e-01	7.168648412694335337e-02	2.883221217621116661e-02	7.410523792185885750e-02
1.124781574674853118e+03	2.611319370599919365e-01	1.659593792975234960e-01	2.490747779434147047e-01	1.490914446406313709e-01	7.172432181760168834e-02	2.885577656490203105e-02	7.416236267581237385e-02
1.126232905738949967e+03	2.609156583082284375e-01	1.658113937925062842e-01	2.492310136889023531e-01	1.491811322849637134e-01	7.176209504226864488e-02	2.887931444113217561e-02	7.421939244187605866e-02
1.127684236803046360e+03	2.606997465919210222e-01	1.656636587845713993e-01	2.493869757585951696e-01	1.492706617694669335e-01	7.179980391802942563e-02	2.890282580975969684e-02	7.427632736753399245e-02
1.129135567867143209e+03	2.604842012800159812e-01	1.655161738538495353e-01	2.495426646200263887e-01	1.493600334083298453e-01	7.183744856173571169e-02	2.892631067576310888e-02	7.433316760015704072e-02
1.130586898931239830e+03	2.602690217426504860e-01	1.653689385810928614e-01	2.496980807399302449e-01	1.494492475149549748e-01	7.187502909000630102e-02	2.894976904424072239e-02	7.438991328700204908e-02
1.132038229995336451e+03	2.600542073511489249e-01	1.652219525476754103e-01	2.498532245842434996e-01	1.495383044019613084e-01	7.191254561922756638e-02	2.897320092041002007e-02	7.444656457521085791e-02
1.133489561059432845e+03	2.598397574780191843e-01	1.650752153355935503e-01	2.500080966181068010e-01	1.496272043811873453e-01	7.194999826555406597e-02	2.899660630960703214e-02	7.450312161180949744e-02
1.134940892123529466e+03	2.596256714969489288e-01	1.649287265274663183e-01	2.501626973058660441e-01	1.497159477636938740e-01	7.198738714490911239e-02	2.901998521728571881e-02	7.455958454370736899e-02
1.136392223187626087e+03	2.594119487828019932e-01	1.647824857065358639e-01	2.503170271110738421e-01	1.498045348597668303e-01	7.202471237298523066e-02	2.904333764901734574e-02	7.461595351769630124e-02
1.137843554251722708e+03	2.591985887116144971e-01	1.646364924566674770e-01	2.504710864964909689e-01	1.498929659789200730e-01	7.206197406524475491e-02	2.906666361048988734e-02	7.467222868044980089e-02
1.139294885315819101e+03	2.589855906605914027e-01	1.644907463623502542e-01	2.506248759240876089e-01	1.499812414298982710e-01	7.209917233692041127e-02	2.908996310750738834e-02	7.472841017852213663e-02
1.140746216379915950e+03	2.587729540081029622e-01	1.643452470086971540e-01	2.507783958550448555e-01	1.500693615206796505e-01	7.213630730301580363e-02	2.911323614598938445e-02	7.478449815834761760e-02
1.142197547444012343e+03	2.585606781336811100e-01	1.641999939814453302e-01	2.509316467497562653e-01	1.501573265584788264e-01	7.217337907830596866e-02	2.913648273197026739e-02	7.484049276623969127e-02
1.143648878508108737e+03	2.583487624180157982e-01	1.640549868669564093e-01	2.510846290678289128e-01	1.502451368497495499e-01	7.221038777733790326e-02	2.915970287159869515e-02	7.489639414839016629e-02
1.145100209572205586e+03	2.581372062429518333e-01	1.639102252522166014e-01	2.512373432680849450e-01	1.503327927001874564e-01	7.224733351443113349e-02	2.918289657113698476e-02	7.495220245086844923e-02
1.146551540636302207e+03	2.579260089914850451e-01	1.637657087248370058e-01	2.513897898085631355e-01	1.504202944147327581e-01	7.228421640367821421e-02	2.920606383696051217e-02	7.500791781962071192e-02
1.148002871700398828e+03	2.577151700477590679e-01	1.636214368730537494e-01	2.515419691465199947e-01	1.505076422975730743e-01	7.232103655894527028e-02	2.922920467555711194e-02	7.506354040046911424e-02
1.149454202764495449e+03	2.575046887970618981e-01	1.634774092857280703e-01	2.516938817384312133e-01	1.505948366521460691e-01	7.235779409387255168e-02	2.925231909352649096e-02	7.511907033911111031e-02
1.150905533828591842e+03	2.572945646258223973e-01	1.633336255523466229e-01	2.518455280399931051e-01	1.506818777811420873e-01	7.239448912187494700e-02	2.927540709757961782e-02	7.517450778111857412e-02
1.152356864892688463e+03	2.570847969216070728e-01	1.631900852630214782e-01	2.519969085061239955e-01	1.507687659865070140e-01	7.243112175614249693e-02	2.929846869453815381e-02	7.522985287193710568e-02
1.153808195956785084e+03	2.568753850731165800e-01	1.630467880084901788e-01	2.521480235909656087e-01	1.508555015694447998e-01	7.246769210964096319e-02	2.932150389133384924e-02	7.528510575688526774e-02
1.155259527020881706e+03	2.566663284701827252e-01	1.629037333801160448e-01	2.522988737478841781e-01	1.509420848304201257e-01	7.250420029511231435e-02	2.934451269500795711e-02	7.534026658115386410e-02
1.156710858084978327e+03	2.564576265037648017e-01	1.627609209698879233e-01	2.524494594294722227e-01	1.510285160691610395e-01	7.254064642507528082e-02	2.936749511271065372e-02	7.539533548980523192e-02
1.158162189149074720e+03	2.562492785659466477e-01	1.626183503704205779e-01	2.525997810875495464e-01	1.511147955846616486e-01	7.257703061182586846e-02	2.939045115170045575e-02	7.545031262777242287e-02
1.159613520213171569e+03	2.560412840499330933e-01	1.624760211749543826e-01	2.527498391731649585e-01	1.512009236751846730e-01	7.261335296743781642e-02	2.941338081934364787e-02	7.550519813985862028e-02
1.161064851277267962e+03	2.558336423500472412e-01	1.623339329773556272e-01	2.528996341365970513e-01	1.512869006382640269e-01	7.264961360376324950e-02	2.943628412311368944e-02	7.555999217073630647e-02
1.162516182341364356e+03	2.556263528617268022e-01	1.621920853721162958e-01	2.530491664273563091e-01	1.513727267707074553e-01	7.268581263243305279e-02	2.945916107059065939e-02	7.561469486494666603e-02
1.163967513405461204e+03	2.554194149815211534e-01	1.620504779543542329e-01	2.531984364941857746e-01	1.514584023685990599e-01	7.272195016485752395e-02	2.948201166946066293e-02	7.566930636689882250e-02
1.165418844469557826e+03	2.552128281070883964e-01	1.619091103198129211e-01	2.533474447850628253e-01	1.515439277273018248e-01	7.275802631222677563e-02	2.950483592751527995e-02	7.572382682086921390e-02
1.166870175533654447e+03	2.550065916371918595e-01	1.617679820648615929e-01	2.534961917472003390e-01	1.516293031414602810e-01	7.279404118551130454e-02	2.952763385265098212e-02	7.577825637100087108e-02
1.168321506597751068e+03	2.548007049716973227e-01	1.616270927864950080e-01	2.536446778270480262e-01	1.517145289050029211e-01	7.282999489546251870e-02	2.955040545286858125e-02	7.583259516130279321e-02
1.169772837661847461e+03	2.545951675115697976e-01	1.614864420823335645e-01	2.537929034702939290e-01	1.517996053111447530e-01	7.286588755261320938e-02	2.957315073627265686e-02	7.588684333564922613e-02
1.171224168725944082e+03	2.543899786588705303e-01	1.613460295506230491e-01	2.539408691218655312e-01	1.518845326523897699e-01	7.290171926727806451e-02	2.959586971107099410e-02	7.594100103777907951e-02
1.172675499790040703e+03	2.541851378167542252e-01	1.612058547902345540e-01	2.540885752259312569e-01	1.519693112205335317e-01	7.293749014955419607e-02	2.961856238557403209e-02	7.599506841129521906e-02
1.174126830854137097e+03	2.539806443894655485e-01	1.610659174006643657e-01	2.542360222259017477e-01	1.520539413066654966e-01	7.297320030932163970e-02	2.964122876819429847e-02	7.604904559966386979e-02
1.175578161918233945e+03	2.537764977823366852e-01	1.609262169820338262e-01	2.543832105644310837e-01	1.521384232011716298e-01	7.300884985624388201e-02	2.966386886744585769e-02	7.610293274621397763e-02
1.177029492982330339e+03	2.535726974017840640e-01	1.607867531350891943e-01	2.545301406834183378e-01	1.522227571937367629e-01	7.304443889976829085e-02	2.968648269194376632e-02	7.615672999413658495e-02
1.178480824046426733e+03	2.533692426553053600e-01	1.606475254612013959e-01	2.546768130240086858e-01	1.523069435733470645e-01	7.307996754912669812e-02	2.970907025040351451e-02	7.621043748648419214e-02
1.179932155110523581e+03	2.531661329514771630e-01	1.605085335623659959e-01	2.548232280265948502e-01	1.523909826282924540e-01	7.311543591333587166e-02	2.973163155164047430e-02	7.626405536617017478e-02
1.181383486174620202e+03	2.529633676999513137e-01	1.603697770412028101e-01	2.549693861308183207e-01	1.524748746461690174e-01	7.315084410119798708e-02	2.975416660456936535e-02	7.631758377596815912e-02
1.182834817238716823e+03	2.527609463114525723e-01	1.602312555009557937e-01	2.551152877755707427e-01	1.525586199138814492e-01	7.318619222130118285e-02	2.977667541820370328e-02	7.637102285851146699e-02
1.184286148302813444e+03	2.525588681977756766e-01	1.600929685454928753e-01	2.552609333989951379e-01	1.526422187176453837e-01	7.322148038202000442e-02	2.979915800165525847e-02	7.642437275629250515e-02
1.185737479366910065e+03	2.523571327717823998e-01	1.599549157793056509e-01	2.554063234384874037e-01	1.527256713429897550e-01	7.325670869151591769e-02	2.982161436413352865e-02	7.647763361166215468e-02
1.187188810431006686e+03	2.521557394473987745e-01	1.598170968075091070e-01	2.555514583306973675e-01	1.528089780747592663e-01	7.329187725773779472e-02	2.984404451494518384e-02	7.653080556682922975e-02
1.188640141495103080e+03	2.519546876396124291e-01	1.596795112358414259e-01	2.556963385115303411e-01	1.528921391971166110e-01	7.332698618842242722e-02	2.986644846349353552e-02	7.658388876385993638e-02
1.190091472559199701e+03	2.517539767644697557e-01	1.595421586706636807e-01	2.558409644161480645e-01	1.529751549935449151e-01	7.336203559109499839e-02	2.988882621927801617e-02	7.663688334467723406e-02
1.191542803623296322e+03	2.515536062390730798e-01	1.594050387189595575e-01	2.559853364789704822e-01	1.530580257468499294e-01	7.339702557306959640e-02	2.991117779189363807e-02	7.668978945106035006e-02
1.192994134687392716e+03	2.513535754815780510e-01	1.592681509883350777e-01	2.561294551336765757e-01	1.531407517391625839e-01	7.343195624144967237e-02	2.993350319103046595e-02	7.674260722464419648e-02
1.194445465751489564e+03	2.511538839111909227e-01	1.591314950870182099e-01	2.562733208132059737e-01	1.532233332519410962e-01	7.346682770312849831e-02	2.995580242647309308e-02	7.679533680691884301e-02
1.195896796815585958e+03	2.509545309481657771e-01	1.589950706238586475e-01	2.564169339497600619e-01	1.533057705659732761e-01	7.350164006478972223e-02	2.997807550810011393e-02	7.684797833922900334e-02
1.197348127879682352e+03	2.507555160138019712e-01	1.588588772083274758e-01	2.565602949748033712e-01	1.533880639613788288e-01	7.353639343290784003e-02	3.000032244588360722e-02	7.690053196277348013e-02
1.198799458943779200e+03	2.505568385304413614e-01	1.587229144505168110e-01	2.567034043190647985e-01	1.534702137176116865e-01	7.357108791374862566e-02	3.002254324988860856e-02	7.695299781860463761e-02
1.200250790007875821e+03	2.503584979214658612e-01	1.585871819611393840e-01	2.568462624125388838e-01	1.535522201134622566e-01	7.360572361336964464e-02	3.004473793027259004e-02	7.700537604762790200e-02
1.201702121071972442e+03	2.501604936112945543e-01	1.584516793515282351e-01	2.569888696844872533e-01	1.536340834270595868e-01	7.364030063762075362e-02	3.006690649728496409e-02	7.705766679060126190e-02
1.203153452136069063e+03	2.499628250253812245e-01	1.583164062336363809e-01	2.571312265634395633e-01	1.537158039358735850e-01	7.367481909214454450e-02	3.008904896126654571e-02	7.710987018813475480e-02
1.204604783200165684e+03	2.497654915902119133e-01	1.581813622200363423e-01	2.572733334771951097e-01	1.537973819167174350e-01	7.370927908237680237e-02	3.011116533264905290e-02	7.716198638068996751e-02
1.206056114264262078e+03	2.495684927333021164e-01	1.580465469239198673e-01	2.574151908528238830e-01	1.538788176457495938e-01	7.374368071354706067e-02	3.013325562195459661e-02	7.721401550857956431e-02
1.207507445328358699e+03	2.493718278831943413e-01	1.579119599590974032e-01	2.575567991166678450e-01	1.539601113984760961e-01	7.377802409067900358e-02	3.015531983979516731e-02	7.726595771196675955e-02
1.208958776392455093e+03	2.491754964694556096e-01	1.577776009399978197e-01	2.576981586943424274e-01	1.540412634497527189e-01	7.381230931859093791e-02	3.017735799687213880e-02	7.731781313086491525e-02
1.210410107456551941e+03	2.489794979226748750e-01	1.576434694816678528e-01	2.578392700107374758e-01	1.541222740737872299e-01	7.384653650189632046e-02	3.019937010397575131e-02	7.736958190513699984e-02
1.211861438520648335e+03	2.487838316744605260e-01	1.575095651997717727e-01	2.579801334900188037e-01	1.542031435441414133e-01	7.388070574500418819e-02	3.022135617198462923e-02	7.742126417449518572e-02
1.213312769584745183e+03	2.485884971574379432e-01	1.573758877105909115e-01	2.581207495556291365e-01	1.542838721337333741e-01	7.391481715211961623e-02	3.024331621186525376e-02	7.747286007850030798e-02
1.214764100648841804e+03	2.483934938052469732e-01	1.572424366310232191e-01	2.582611186302895545e-01	1.543644601148395912e-01	7.394887082724417582e-02	3.026525023467149453e-02	7.752436975656150364e-02
1.216215431712937971e+03	2.481988210525394589e-01	1.571092115785827359e-01	2.584012411360008810e-01	1.544449077590970831e-01	7.398286687417648944e-02	3.028715825154409957e-02	7.757579334793571202e-02
1.217666762777034819e+03	2.480044783349768522e-01	1.569762121713992875e-01	2.585411174940446810e-01	1.545252153375056003e-01	7.401680539651256385e-02	3.030904027371019230e-02	7.762713099172724451e-02
1.219118093841131440e+03	2.478104650892278549e-01	1.568434380282179019e-01	2.586807481249845386e-01	1.546053831204296514e-01	7.405068649764634525e-02	3.033089631248280654e-02	7.767838282688732665e-02
1.220569424905228061e+03	2.476167807529658094e-01	1.567108887683983098e-01	2.588201334486674443e-01	1.546854113776005568e-01	7.408451028077014944e-02	3.035272637926036618e-02	7.772954899221370950e-02
1.222020755969324682e+03	2.474234247648664786e-01	1.565785640119145006e-01	2.589592738842250164e-01	1.547653003781187253e-01	7.411827684887514756e-02	3.037453048552622367e-02	7.778062962635022559e-02
1.223472087033421303e+03	2.472303965646055479e-01	1.564464633793542780e-01	2.590981698500745001e-01	1.548450503904556241e-01	7.415198630475178243e-02	3.039630864284816048e-02	7.783162486778638645e-02
1.224923418097517697e+03	2.470376955928563767e-01	1.563145864919185946e-01	2.592368217639203776e-01	1.549246616824558054e-01	7.418563875099021265e-02	3.041806086287790131e-02	7.788253485485692462e-02
1.226374749161614318e+03	2.468453212912874728e-01	1.561829329714212455e-01	2.593752300427553670e-01	1.550041345213390986e-01	7.421923428998088157e-02	3.043978715735064580e-02	7.793335972574144677e-02
1.227826080225710712e+03	2.466532731025602998e-01	1.560515024402881479e-01	2.595133951028616992e-01	1.550834691737026372e-01	7.425277302391482259e-02	3.046148753808457232e-02	7.798409961846398952e-02
1.229277411289807560e+03	2.464615504703269455e-01	1.559202945215569514e-01	2.596513173598122837e-01	1.551626659055227453e-01	7.428625505478420044e-02	3.048316201698037312e-02	7.803475467089265871e-02
1.230728742353903954e+03	2.462701528392276795e-01	1.557893088388764558e-01	2.597889972284720961e-01	1.552417249821571865e-01	7.431968048438278296e-02	3.050481060602077202e-02	7.808532502073921300e-02
1.232180073418000802e+03	2.460790796548887327e-01	1.556585450165060835e-01	2.599264351229992887e-01	1.553206466683470510e-01	7.435304941430630199e-02	3.052643331727005610e-02	7.813581080555867531e-02
1.233631404482097196e+03	2.458883303639200768e-01	1.555280026793152692e-01	2.600636314568464114e-01	1.553994312282188095e-01	7.438636194595298068e-02	3.054803016287359688e-02	7.818621216274898589e-02
1.235082735546193817e+03	2.456979044139130097e-01	1.553976814527830430e-01	2.602005866427617442e-01	1.554780789252863671e-01	7.441961818052396371e-02	3.056960115505737846e-02	7.823652922955058597e-02
1.236534066610290438e+03	2.455078012534380183e-01	1.552675809629973092e-01	2.603373010927903519e-01	1.555565900224529785e-01	7.445281821902376140e-02	3.059114630612754307e-02	7.828676214304607084e-02
1.237985397674387059e+03	2.453180203320424468e-01	1.551377008366543464e-01	2.604737752182754718e-01	1.556349647820133020e-01	7.448596216226067990e-02	3.061266562846990530e-02	7.833691104015985673e-02
1.239436728738483680e+03	2.451285611002483322e-01	1.550080407010582528e-01	2.606100094298594572e-01	1.557132034656553143e-01	7.451905011084726527e-02	3.063415913454950804e-02	7.838697605765776455e-02
1.240888059802580301e+03	2.449394230095500724e-01	1.548786001841204185e-01	2.607460041374854431e-01	1.557913063344623650e-01	7.455208216520078923e-02	3.065562683691014367e-02	7.843695733214671451e-02
1.242339390866676695e+03	2.447506055124123170e-01	1.547493789143587206e-01	2.608817597503980679e-01	1.558692736489149799e-01	7.458505842554363774e-02	3.067706874817390308e-02	7.848685500007433757e-02
1.243790721930773088e+03	2.445621080622676913e-01	1.546203765208971626e-01	2.610172766771449160e-01	1.559471056688929713e-01	7.461797899190376893e-02	3.069848488104071071e-02	7.853666919772865629e-02
1.245242052994869937e+03	2.443739301135146869e-01	1.544915926334652079e-01	2.611525553255778509e-01	1.560248026536773247e-01	7.465084396411518497e-02	3.071987524828787355e-02	7.858640006123777944e-02
1.246693384058966330e+03	2.441860711215154134e-01	1.543630268823970864e-01	2.612875961028539029e-01	1.561023648619520587e-01	7.468365344181832066e-02	3.074123986276962317e-02	7.863604772656949959e-02
1.248144715123063179e+03	2.439985305425934614e-01	1.542346788986313222e-01	2.614223994154366015e-01	1.561797925518062236e-01	7.471640752446051525e-02	3.076257873741666121e-02	7.868561232953102946e-02
1.249596046187159800e+03	2.438113078340317930e-01	1.541065483137099568e-01	2.615569656690974187e-01	1.562570859807357881e-01	7.474910631129642880e-02	3.078389188523570838e-02	7.873509400576862716e-02
1.251047377251256421e+03	2.436244024540704378e-01	1.539786347597781047e-01	2.616912952689167127e-01	1.563342454056455555e-01	7.478174990138848621e-02	3.080517931930906381e-02	7.878449289076731865e-02
1.252498708315352815e+03	2.434378138619046339e-01	1.538509378695831764e-01	2.618253886192847824e-01	1.564112710828510777e-01	7.481433839360729365e-02	3.082644105279413668e-02	7.883380911985056472e-02
1.253950039379449436e+03	2.432515415176824125e-01	1.537234572764743235e-01	2.619592461239033665e-01	1.564881632680803769e-01	7.484687188663212420e-02	3.084767709892302992e-02	7.888304282817998336e-02
1.255401370443546057e+03	2.430655848825027110e-01	1.535961926144018275e-01	2.620928681857866982e-01	1.565649222164761101e-01	7.487935047895126484e-02	3.086888747100206484e-02	7.893219415075496126e-02
1.256852701507642678e+03	2.428799434184132078e-01	1.534691435179162955e-01	2.622262552072625041e-01	1.566415481825971512e-01	7.491177426886250212e-02	3.089007218241136138e-02	7.898126322241248720e-02
1.258304032571739299e+03	2.426946165884081297e-01	1.533423096221682436e-01	2.623594075899737810e-01	1.567180414204206451e-01	7.494414335447353859e-02	3.091123124660439050e-02	7.903025017782676354e-02
1.259755363635835920e+03	2.425096038564263090e-01	1.532156905629073196e-01	2.624923257348792394e-01	1.567944021833437562e-01	7.497645783370243677e-02	3.093236467710753362e-02	7.907915515150890085e-02
1.261206694699932314e+03	2.423249046873491019e-01	1.530892859764815817e-01	2.626250100422549694e-01	1.568706307241855280e-01	7.500871780427800783e-02	3.095347248751964889e-02	7.912797827780673754e-02
1.262658025764028707e+03	2.421405185469981958e-01	1.529630954998369985e-01	2.627574609116953286e-01	1.569467272951887149e-01	7.504092336374025562e-02	3.097455469151163751e-02	7.917671969090445128e-02
1.264109356828125556e+03	2.419564449021338048e-01	1.528371187705166168e-01	2.628896787421144410e-01	1.570226921480216142e-01	7.507307460944080690e-02	3.099561130282600316e-02	7.922537952482235080e-02
1.265560687892221949e+03	2.417726832204524223e-01	1.527113554266599782e-01	2.630216639317469740e-01	1.570985255337798980e-01	7.510517163854331379e-02	3.101664233527642520e-02	7.927395791341658449e-02
1.267012018956318798e+03	2.415892329705848773e-01	1.525858051070024812e-01	2.631534168781497485e-01	1.571742277029884172e-01	7.513721454802389788e-02	3.103764780274733889e-02	7.932245499037886283e-02
1.268463350020415419e+03	2.414060936220942810e-01	1.524604674508746316e-01	2.632849379782025157e-01	1.572497989056028944e-01	7.516920343467155263e-02	3.105862771919349133e-02	7.937087088923623635e-02
1.269914681084511813e+03	2.412232646454741114e-01	1.523353420982013484e-01	2.634162276281094006e-01	1.573252393910118674e-01	7.520113839508858755e-02	3.107958209863951812e-02	7.941920574335077643e-02
1.271366012148608434e+03	2.410407455121461318e-01	1.522104286895013814e-01	2.635472862233998459e-01	1.574005494080383538e-01	7.523301952569098894e-02	3.110051095517953057e-02	7.946745968591938103e-02
1.272817343212705055e+03	2.408585356944583922e-01	1.520857268658864503e-01	2.636781141589298882e-01	1.574757292049417112e-01	7.526484692270891952e-02	3.112141430297668543e-02	7.951563284997348324e-02
1.274268674276801676e+03	2.406766346656832867e-01	1.519612362690606899e-01	2.638087118288835464e-01	1.575507790294193577e-01	7.529662068218703763e-02	3.114229215626275471e-02	7.956372536837887088e-02
1.275720005340898297e+03	2.404950419000156381e-01	1.518369565413199562e-01	2.639390796267733763e-01	1.576256991286085207e-01	7.532834089998501070e-02	3.116314452933772322e-02	7.961173737383535343e-02
1.277171336404994690e+03	2.403137568725706164e-01	1.517128873255509935e-01	2.640692179454421917e-01	1.577004897490879298e-01	7.536000767177783444e-02	3.118397143656936876e-02	7.965966899887659547e-02
1.278622667469091539e+03	2.401327790593819067e-01	1.515890282652308241e-01	2.641991271770640637e-01	1.577751511368797321e-01	7.539162109305631854e-02	3.120477289239283192e-02	7.970752037586986694e-02
1.280073998533187932e+03	2.399521079373996557e-01	1.514653790044260817e-01	2.643288077131453195e-01	1.578496835374510465e-01	7.542318125912743365e-02	3.122554891131021707e-02	7.975529163701582103e-02
1.281525329597284326e+03	2.397717429844886394e-01	1.513419391877920961e-01	2.644582599445258198e-01	1.579240871957157399e-01	7.545468826511479710e-02	3.124629950789017258e-02	7.980298291434825830e-02
1.282976660661381175e+03	2.395916836794263205e-01	1.512187084605724763e-01	2.645874842613801792e-01	1.579983623560361483e-01	7.548614220595899205e-02	3.126702469676748142e-02	7.985059433973393239e-02
1.284427991725477568e+03	2.394119295019008498e-01	1.510956864685981116e-01	2.647164810532187107e-01	1.580725092622249084e-01	7.551754317641803937e-02	3.128772449264265870e-02	7.989812604487230019e-02
1.285879322789574417e+03	2.392324799325092621e-01	1.509728728582865609e-01	2.648452507088886465e-01	1.581465281575464010e-01	7.554889127106778623e-02	3.130839891028153188e-02	7.994557816129532757e-02
1.287330653853671038e+03	2.390533344527554782e-01	1.508502672766414698e-01	2.649737936165754704e-01	1.582204192847186663e-01	7.558018658430229464e-02	3.132904796451484869e-02	7.999295082036730897e-02
1.288781984917767431e+03	2.388744925450485834e-01	1.507278693712515161e-01	2.651021101638036948e-01	1.582941828859149580e-01	7.561142921033427167e-02	3.134967167023786083e-02	8.004024415328463149e-02
1.290233315981864052e+03	2.386959536927007186e-01	1.506056787902899652e-01	2.652302007374383042e-01	1.583678192027655196e-01	7.564261924319544417e-02	3.137027004240992845e-02	8.008745829107559444e-02
