1.001418434226643626e+03	2.809306773669293378e-01	1.794955486615452955e-01	2.347435774594216762e-01	1.408559133891079951e-01	6.826445746986817276e-02	2.676034620868304736e-02	6.894947944432250342e-02
1.003837319333471214e+03	2.805143707882761794e-01	1.792109225700097286e-01	2.350455582032331958e-01	1.410297569637249115e-01	6.833724059772593173e-02	2.680333768117398874e-02	6.905881319573409227e-02
1.006256204440298802e+03	2.800992448325428930e-01	1.789270965731865615e-01	2.353466607969947888e-01	1.412030787370742724e-01	6.840981512398672248e-02	2.684625568957588887e-02	6.916784824651688035e-02
1.008675089547126618e+03	2.796852960317836034e-01	1.786440685081081003e-01	2.356468877410854978e-01	1.413758805270398100e-01	6.848218169009018252e-02	2.688910019854744149e-02	6.927658530322347574e-02
1.011093974653954206e+03	2.792725209310589762e-01	1.783618362152694647e-01	2.359462415286983639e-01	1.415481641430234028e-01	6.855434093527706940e-02	2.693187117415366677e-02	6.938502507239720229e-02
1.013512859760782021e+03	2.788609160883204208e-01	1.780803975386873739e-01	2.362447246458634909e-01	1.417199313860060539e-01	6.862629349659822575e-02	2.697456858385483686e-02	6.949316826054771634e-02
1.015931744867609382e+03	2.784504780742961816e-01	1.777997503259571010e-01	2.365423395714706667e-01	1.418911840486083153e-01	6.869804000892337781e-02	2.701719239649545690e-02	6.960101557412697038e-02
1.018350629974437197e+03	2.780412034723798165e-01	1.775198924283074575e-01	2.368390887772920117e-01	1.420619239151500179e-01	6.876958110494993393e-02	2.705974258229331894e-02	6.970856771950549591e-02
1.020769515081264785e+03	2.776330888785206730e-01	1.772408217006541664e-01	2.371349747280045162e-01	1.422321527617092518e-01	6.884091741521183860e-02	2.710221911282863910e-02	6.981582540294897776e-02
1.023188400188092373e+03	2.772261309011168628e-01	1.769625360016512938e-01	2.374299998812122725e-01	1.424018723561809585e-01	6.891204956808816284e-02	2.714462196103322594e-02	6.992278933059524471e-02
1.025607285294920075e+03	2.768203261609101795e-01	1.766850331937410146e-01	2.377241666874688741e-01	1.425710844583347736e-01	6.898297818981191654e-02	2.718695110117974947e-02	7.002946020843153763e-02
1.028026170401747549e+03	2.764156712908827362e-01	1.764083111432016571e-01	2.380174775902995088e-01	1.427397908198722309e-01	6.905370390447873596e-02	2.722920650887106220e-02	7.013583874227211079e-02
1.030445055508575479e+03	2.760121629361563245e-01	1.761323677201943050e-01	2.383099350262229410e-01	1.429079931844833562e-01	6.912422733405539088e-02	2.727138816102957219e-02	7.024192563773612452e-02
1.032863940615402726e+03	2.756097977538929378e-01	1.758572007988075669e-01	2.386015414247734390e-01	1.430756932879029275e-01	6.919454909838849976e-02	2.731349603588671335e-02	7.034772160022592646e-02
1.035282825722230655e+03	2.752085724131979050e-01	1.755828082571008752e-01	2.388922992085225905e-01	1.432428928579656813e-01	6.926466981521302302e-02	2.735553011297243986e-02	7.045322733490558265e-02
1.037701710829058356e+03	2.748084835950240223e-01	1.753091879771463135e-01	2.391822107931009800e-01	1.434095936146614347e-01	6.933459010016082558e-02	2.739749037310482485e-02	7.055844354667969998e-02
1.040120595935886058e+03	2.744095279920785169e-01	1.750363378450689733e-01	2.394712785872197824e-01	1.435757972701893204e-01	6.940431056676911459e-02	2.743937679837970753e-02	7.066337094017266507e-02
1.042539481042713533e+03	2.740117023087311199e-01	1.747642557510858952e-01	2.397595049926921629e-01	1.437415055290115484e-01	6.947383182648893263e-02	2.748118937216037852e-02	7.076801021970807737e-02
1.044958366149541234e+03	2.736150032609238059e-01	1.744929395895435664e-01	2.400468924044546759e-01	1.439067200879066422e-01	6.954315448869351213e-02	2.752292807906738664e-02	7.087236208928852921e-02
1.047377251256368709e+03	2.732194275760826407e-01	1.742223872589540312e-01	2.403334432105885543e-01	1.440714426360221734e-01	6.961227916068674082e-02	2.756459290496835954e-02	7.097642725257563567e-02
1.049796136363196410e+03	2.728249719930310180e-01	1.739525966620297792e-01	2.406191597923408310e-01	1.442356748549268042e-01	6.968120644771141903e-02	2.760618383696788677e-02	7.108020641287046693e-02
1.052215021470024112e+03	2.724316332619045045e-01	1.736835657057171911e-01	2.409040445241454054e-01	1.443994184186619678e-01	6.974993695295758633e-02	2.764770086339752436e-02	7.118370027309416093e-02
1.054633906576851814e+03	2.720394081440670742e-01	1.734152923012289849e-01	2.411880997736439158e-01	1.445626749937929389e-01	6.981847127757084825e-02	2.768914397380578887e-02	7.128690953576882761e-02
1.057052791683679516e+03	2.716482934120293957e-01	1.731477743640752187e-01	2.414713279017068059e-01	1.447254462394594043e-01	6.988681002066049475e-02	2.773051315894825564e-02	7.138983490299879997e-02
1.059471676790506763e+03	2.712582858493681193e-01	1.728810098140932117e-01	2.417537312624537804e-01	1.448877338074256171e-01	6.995495377930778524e-02	2.777180841077770898e-02	7.149247707645216277e-02
1.061890561897334692e+03	2.708693822506467175e-01	1.726149965754761872e-01	2.420353122032747328e-01	1.450495393421298573e-01	7.002290314857408104e-02	2.781302972243435492e-02	7.159483675734250319e-02
1.064309447004162394e+03	2.704815794213379365e-01	1.723497325768008903e-01	2.423160730648501460e-01	1.452108644807334759e-01	7.009065872150894994e-02	2.785417708823610672e-02	7.169691464641095302e-02
1.066728332110990095e+03	2.700948741777473572e-01	1.720852157510542324e-01	2.425960161811716032e-01	1.453717108531696334e-01	7.015822108915824307e-02	2.789525050366890163e-02	7.179871144390850835e-02
1.069147217217817570e+03	2.697092633469386214e-01	1.718214440356585493e-01	2.428751438795621331e-01	1.455320800821912619e-01	7.022559084057218570e-02	2.793624996537711139e-02	7.190022784957864066e-02
1.071566102324645271e+03	2.693247437666596023e-01	1.715584153724960814e-01	2.431534584806966104e-01	1.456919737834187212e-01	7.029276856281334307e-02	2.797717547115399078e-02	7.200146456264013006e-02
1.073984987431472746e+03	2.689413122852702398e-01	1.712961277079323441e-01	2.434309622986216837e-01	1.458513935653870386e-01	7.035975484096464172e-02	2.801802701993220956e-02	7.210242228177021762e-02
1.076403872538300675e+03	2.685589657616713199e-01	1.710345789928385263e-01	2.437076576407762596e-01	1.460103410295925386e-01	7.042655025813725211e-02	2.805880461177440513e-02	7.220310170508795200e-02
1.078822757645127922e+03	2.681777010652348636e-01	1.707737671826129455e-01	2.439835468080112368e-01	1.461688177705390557e-01	7.049315539547852671e-02	2.809950824786385318e-02	7.230350353013779985e-02
1.081241642751955851e+03	2.677975150757350153e-01	1.705136902372015040e-01	2.442586320946094347e-01	1.463268253757837589e-01	7.055957083217984094e-02	2.814013793049513490e-02	7.240362845387354751e-02
1.083660527858783553e+03	2.674184046832809858e-01	1.702543461211172837e-01	2.445329157883056048e-01	1.464843654259825600e-01	7.062579714548446186e-02	2.818069366306491519e-02	7.250347717264248038e-02
1.086079412965611255e+03	2.670403667882505494e-01	1.699957328034593096e-01	2.448064001703059434e-01	1.466414394949348554e-01	7.069183491069529202e-02	2.822117545006274167e-02	7.260305038216970097e-02
1.088498298072438729e+03	2.666633983012245968e-01	1.697378482579303127e-01	2.450790875153079917e-01	1.467980491496281292e-01	7.075768470118269649e-02	2.826158329706193392e-02	7.270234877754276626e-02
1.090917183179266431e+03	2.662874961429233522e-01	1.694806904628538557e-01	2.453509800915200101e-01	1.469541959502819461e-01	7.082334708839213566e-02	2.830191721071050395e-02	7.280137305319657470e-02
1.093336068286093905e+03	2.659126572441431469e-01	1.692242574011903755e-01	2.456220801606807669e-01	1.471098814503916385e-01	7.088882264185186743e-02	2.834217719872215296e-02	7.290012390289841993e-02
1.095754953392921607e+03	2.655388785456942458e-01	1.689685470605526429e-01	2.458923899780786348e-01	1.472651071967713832e-01	7.095411192918070487e-02	2.838236326986731672e-02	7.299860201973343288e-02
1.098173838499749309e+03	2.651661569983398969e-01	1.687135574332204735e-01	2.461619117925711031e-01	1.474198747295971390e-01	7.101921551609548244e-02	2.842247543396426990e-02	7.309680809609002405e-02
1.100592723606577010e+03	2.647944895627363793e-01	1.684592865161543551e-01	2.464306478466039840e-01	1.475741855824488913e-01	7.108413396641871662e-02	2.846251370187029631e-02	7.319474282364579754e-02
1.103011608713404712e+03	2.644238732093736610e-01	1.682057323110089098e-01	2.466986003762306201e-01	1.477280412823527012e-01	7.114886784208612758e-02	2.850247808547289388e-02	7.329240689335349279e-02
1.105430493820231959e+03	2.640543049185176128e-01	1.679528928241449948e-01	2.469657716111309242e-01	1.478814433498223391e-01	7.121341770315413322e-02	2.854236859768107329e-02	7.338980099542731506e-02
1.107849378927059888e+03	2.636857816801524423e-01	1.677007660666416378e-01	2.472321637746306144e-01	1.480343932989003630e-01	7.127778410780735707e-02	2.858218525241666697e-02	7.348692581932934897e-02
1.110268264033887590e+03	2.633183004939245730e-01	1.674493500543070279e-01	2.474977790837197822e-01	1.481868926371990303e-01	7.134196761236601125e-02	2.862192806460572489e-02	7.358378205375630532e-02
1.112687149140715292e+03	2.629518583690871325e-01	1.671986428076888687e-01	2.477626197490720439e-01	1.483389428659407094e-01	7.140596877129334885e-02	2.866159705016996934e-02	7.368037038662643423e-02
1.115106034247542766e+03	2.625864523244453852e-01	1.669486423520840923e-01	2.480266879750633036e-01	1.484905454799978763e-01	7.146978813720297752e-02	2.870119222601827738e-02	7.377669150506661888e-02
1.117524919354370468e+03	2.622220793883029422e-01	1.666993467175482413e-01	2.482899859597903214e-01	1.486417019679328322e-01	7.153342626086622857e-02	2.874071361003825362e-02	7.387274609539970505e-02
1.119943804461197942e+03	2.618587365984089699e-01	1.664507539389036839e-01	2.485525158950895597e-01	1.487924138120369777e-01	7.159688369121944285e-02	2.878016122108781674e-02	7.396853484313212213e-02
1.122362689568025871e+03	2.614964210019057322e-01	1.662028620557476910e-01	2.488142799665555849e-01	1.489426824883698097e-01	7.166016097537122875e-02	2.881953507898688330e-02	7.406405843294155966e-02
1.124781574674853118e+03	2.611351296552776868e-01	1.659556691124598471e-01	2.490752803535596915e-01	1.490925094667974737e-01	7.172325865860967875e-02	2.885883520450907916e-02	7.415931754866503245e-02
1.127200459781681047e+03	2.607748596243005257e-01	1.657091731582088501e-01	2.493355192292682210e-01	1.492418962110309555e-01	7.178617728440957191e-02	2.889806161937350307e-02	7.425431287328690400e-02
1.129619344888508749e+03	2.604156079839913818e-01	1.654633722469586177e-01	2.495949987606609910e-01	1.493908441786640784e-01	7.184891739443953484e-02	2.893721434623655955e-02	7.434904508892738184e-02
1.132038229995336451e+03	2.600573718185598682e-01	1.652182644374741438e-01	2.498537211085495591e-01	1.495393548212109736e-01	7.191147952856913328e-02	2.897629340868384043e-02	7.444351487683098512e-02
1.134457115102163925e+03	2.597001482213595613e-01	1.649738477933267999e-01	2.501116884275954022e-01	1.496874295841432445e-01	7.197386422487599134e-02	2.901529883122204792e-02	7.453772291735540068e-02
1.136876000208991627e+03	2.593439342948402615e-01	1.647301203828989702e-01	2.503689028663281246e-01	1.498350699069269099e-01	7.203607201965285534e-02	2.905423063927097677e-02	7.463166988996031148e-02
1.139294885315819101e+03	2.589887271505010857e-01	1.644870802793882703e-01	2.506253665671634989e-01	1.499822772230587631e-01	7.209810344741460209e-02	2.909308885915557613e-02	7.472535647319664132e-02
1.141713770422646803e+03	2.586345239088438386e-01	1.642447255608113221e-01	2.508810816664214793e-01	1.501290529601028156e-01	7.215995904090516389e-02	2.913187351809799416e-02	7.481878334469579950e-02
1.144132655529474505e+03	2.582813216993276040e-01	1.640030543100071403e-01	2.511360502943441597e-01	1.502753985397259073e-01	7.222163933110457845e-02	2.917058464420975439e-02	7.491195118115927254e-02
1.146551540636302207e+03	2.579291176603233371e-01	1.637620646146399350e-01	2.513902745751135925e-01	1.504213153777334833e-01	7.228314484723585842e-02	2.920922226648393905e-02	7.500486065834827132e-02
1.148970425743129908e+03	2.575779089390695664e-01	1.635217545672015826e-01	2.516437566268696080e-01	1.505668048841046769e-01	7.234447611677190249e-02	2.924778641478742447e-02	7.509751245107360029e-02
1.151389310849957155e+03	2.572276926916285400e-01	1.632821222650135684e-01	2.518964985617277441e-01	1.507118684630272543e-01	7.240563366544229551e-02	2.928627711985318238e-02	7.518990723318576264e-02
1.153808195956785084e+03	2.568784660828429267e-01	1.630431658102285686e-01	2.521485024857966217e-01	1.508565075129322530e-01	7.246661801724019192e-02	2.932469441327262283e-02	7.528204567756516252e-02
1.156227081063612786e+03	2.565302262862929616e-01	1.628048833098317827e-01	2.523997704991957636e-01	1.510007234265282883e-01	7.252742969442907417e-02	2.936303832748798914e-02	7.537392845611251557e-02
1.158645966170440488e+03	2.561829704842544242e-01	1.625672728756416552e-01	2.526503046960730248e-01	1.511445175908354421e-01	7.258806921754946961e-02	2.940130889578480150e-02	7.546555623973945359e-02
1.161064851277267962e+03	2.558366958676571157e-01	1.623303326243102918e-01	2.529001071646223009e-01	1.512878913872191811e-01	7.264853710542576448e-02	2.943950615228435944e-02	7.555692969835926809e-02
1.163483736384095664e+03	2.554913996360436701e-01	1.620940606773236259e-01	2.531491799871005699e-01	1.514308461914235238e-01	7.270883387517279584e-02	2.947763013193627560e-02	7.564804950087780644e-02
1.165902621490923138e+03	2.551470789975290865e-01	1.618584551610010025e-01	2.533975252398456557e-01	1.515733833736042646e-01	7.276896004220254066e-02	2.951568087051107889e-02	7.573891631518457623e-02
1.168321506597751068e+03	2.548037311687609274e-01	1.616235142064946506e-01	2.536451449932931590e-01	1.517155042983617808e-01	7.282891612023079109e-02	2.955365840459285229e-02	7.582953080814403002e-02
1.170740391704578315e+03	2.544613533748792400e-01	1.613892359497886286e-01	2.538920413119941655e-01	1.518572103247736171e-01	7.288870262128367694e-02	2.959156277157192969e-02	7.591989364558694720e-02
1.173159276811406244e+03	2.541199428494781420e-01	1.611556185316976586e-01	2.541382162546318990e-01	1.519985028064265997e-01	7.294832005570424383e-02	2.962939400963762737e-02	7.601000549230202408e-02
1.175578161918233945e+03	2.537794968345670754e-01	1.609226600978653776e-01	2.543836718740390412e-01	1.521393830914489764e-01	7.300776893215901731e-02	2.966715215777104148e-02	7.609986701202760273e-02
1.177997047025061647e+03	2.534400125805326698e-01	1.606903587987625337e-01	2.546284102172150510e-01	1.522798525225420030e-01	7.306704975764445609e-02	2.970483725573788009e-02	7.618947886744355247e-02
1.180415932131889122e+03	2.531014873461011616e-01	1.604587127896846543e-01	2.548724333253427621e-01	1.524199124370114178e-01	7.312616303749343294e-02	2.974244934408134047e-02	7.627884172016335951e-02
1.182834817238716823e+03	2.527639183983014237e-01	1.602277202307496595e-01	2.551157432338055364e-01	1.525595641667985836e-01	7.318510927538168787e-02	2.977998846411505224e-02	7.636795623072627215e-02
1.185253702345544298e+03	2.524273030124278838e-01	1.599973792868949751e-01	2.553583419722040837e-01	1.526988090385113517e-01	7.324388897333418413e-02	2.981745465791604821e-02	7.645682305858969574e-02
1.187672587452371999e+03	2.520916384720048309e-01	1.597676881278744798e-01	2.556002315643732814e-01	1.528376483734547320e-01	7.330250263173153369e-02	2.985484796831779086e-02	7.654544286212164317e-02
1.190091472559199701e+03	2.517569220687498888e-01	1.595386449282552577e-01	2.558414140283989946e-01	1.529760834876612019e-01	7.336095074931631155e-02	2.989216843890323688e-02	7.663381629859343513e-02
1.192510357666027403e+03	2.514231511025390442e-01	1.593102478674139066e-01	2.560818913766346738e-01	1.531141156919208768e-01	7.341923382319937019e-02	2.992941611399797461e-02	7.672194402417245596e-02
1.194929242772855105e+03	2.510903228813715082e-01	1.590824951295327916e-01	2.563216656157181195e-01	1.532517462918113471e-01	7.347735234886611233e-02	2.996659103866335799e-02	7.680982669391513140e-02
1.197348127879682352e+03	2.507584347213348552e-01	1.588553849035958809e-01	2.565607387465879130e-01	1.533889765877272382e-01	7.353530682018274978e-02	3.000369325868974119e-02	7.689746496175993429e-02
1.199767012986510281e+03	2.504274839465711056e-01	1.586289153833845000e-01	2.567991127645001814e-01	1.535258078749096311e-01	7.359309772940252070e-02	3.004072282058972004e-02	7.698485948052065375e-02
1.202185898093337983e+03	2.500974678892424752e-01	1.584030847674726961e-01	2.570367896590449175e-01	1.536622414434751227e-01	7.365072556717187913e-02	3.007767977159142916e-02	7.707201090187977555e-02
1.204604783200165684e+03	2.497683838894981523e-01	1.581778912592226027e-01	2.572737714141624110e-01	1.537982785784446915e-01	7.370819082253667054e-02	3.011456415963190136e-02	7.715891987638191785e-02
1.207023668306993159e+03	2.494402292954410183e-01	1.579533330667792501e-01	2.575100600081596802e-01	1.539339205597723137e-01	7.376549398294821036e-02	3.015137603335043756e-02	7.724558705342747522e-02
1.209442553413820860e+03	2.491130014630948963e-01	1.577294084030656518e-01	2.577456574137266254e-01	1.540691686623733569e-01	7.382263553426945957e-02	3.018811544208205994e-02	7.733201308126640139e-02
1.211861438520648335e+03	2.487866977563720217e-01	1.575061154857770596e-01	2.579805655979524603e-01	1.542040241561527525e-01	7.387961596078101989e-02	3.022478243585096508e-02	7.741819860699208911e-02
1.214280323627476264e+03	2.484613155470410950e-01	1.572834525373756898e-01	2.582147865223419769e-01	1.543384883060328894e-01	7.393643574518722617e-02	3.026137706536407082e-02	7.750414427653540272e-02
1.216699208734303511e+03	2.481368522146952804e-01	1.570614177850847559e-01	2.584483221428314215e-01	1.544725623719813423e-01	7.399309536862214154e-02	3.029789938200457000e-02	7.758985073465878013e-02
1.219118093841131440e+03	2.478133051467209247e-01	1.568400094608825290e-01	2.586811744098049815e-01	1.546062476090382110e-01	7.404959531065556655e-02	3.033434943782552934e-02	7.767531862495058448e-02
1.221536978947959142e+03	2.474906717382663324e-01	1.566192258014962313e-01	2.589133452681102732e-01	1.547395452673435423e-01	7.410593604929893718e-02	3.037072728554355422e-02	7.776054858981945594e-02
1.223955864054786844e+03	2.471689493922110403e-01	1.563990650483956801e-01	2.591448366570748285e-01	1.548724565921641150e-01	7.416211806101127846e-02	3.040703297853247777e-02	7.784554127048884387e-02
1.226374749161614318e+03	2.468481355191351478e-01	1.561795254477867378e-01	2.593756505105219712e-01	1.550049828239204452e-01	7.421814182070513022e-02	3.044326657081709506e-02	7.793029730699169155e-02
1.228793634268442020e+03	2.465282275372892573e-01	1.559606052506047891e-01	2.596057887567864708e-01	1.551371251982132660e-01	7.427400780175237582e-02	3.047942811706694580e-02	7.801481733816513497e-02
1.231212519375269494e+03	2.462092228725643595e-01	1.557423027125078296e-01	2.598352533187305302e-01	1.552688849458498110e-01	7.432971647599014020e-02	3.051551767259013531e-02	7.809910200164545124e-02
1.233631404482097196e+03	2.458911189584624124e-01	1.555246160938695277e-01	2.600640461137594395e-01	1.554002632928701000e-01	7.438526831372649362e-02	3.055153529332719012e-02	7.818315193386303485e-02
1.236050289588924898e+03	2.455739132360668375e-01	1.553075436597720627e-01	2.602921690538376187e-01	1.555312614605727783e-01	7.444066378374636361e-02	3.058748103584497946e-02	7.826696777003752659e-02
1.238469174695752372e+03	2.452576031540134593e-01	1.550910836799988812e-01	2.605196240455039947e-01	1.556618806655409026e-01	7.449590335331722490e-02	3.062335495733062990e-02	7.835055014417306729e-02
1.240888059802580301e+03	2.449421861684616952e-01	1.548752344290274252e-01	2.607464129898877103e-01	1.557921221196673922e-01	7.455098748819477539e-02	3.065915711558554399e-02	7.843389968905356557e-02
1.243306944909407548e+03	2.446276597430660782e-01	1.546599941860214433e-01	2.609725377827236681e-01	1.559219870301803978e-01	7.460591665262880645e-02	3.069488756901940507e-02	7.851701703623828466e-02
1.245725830016235477e+03	2.443140213489478352e-01	1.544453612348233029e-01	2.611980003143682949e-01	1.560514765996683928e-01	7.466069130936869858e-02	3.073054637664426186e-02	7.859990281605727658e-02
1.248144715123063179e+03	2.440012684646669372e-01	1.542313338639463849e-01	2.614228024698147523e-01	1.561805920261050695e-01	7.471531191966915286e-02	3.076613359806862000e-02	7.868255765760716336e-02
1.250563600229890881e+03	2.436893985761942882e-01	1.540179103665670068e-01	2.616469461287083687e-01	1.563093345028741532e-01	7.476977894329582541e-02	3.080164929349160294e-02	7.876498218874683488e-02
1.252982485336718355e+03	2.433784091768841917e-01	1.538050890405164295e-01	2.618704331653622375e-01	1.564377052187937711e-01	7.482409283853089232e-02	3.083709352369713025e-02	7.884717703609346595e-02
1.255401370443546057e+03	2.430682977674469836e-01	1.535928681882728075e-01	2.620932654487723168e-01	1.565657053581408775e-01	7.487825406217860080e-02	3.087246635004815484e-02	7.892914282501835299e-02
1.257820255550373531e+03	2.427590618559220537e-01	1.533812461169527797e-01	2.623154448426330276e-01	1.566933361006753456e-01	7.493226306957084804e-02	3.090776783448092105e-02	7.901088017964311150e-02
1.260239140657201460e+03	2.424506989576509230e-01	1.531702211383032253e-01	2.625369732053520755e-01	1.568205986216639758e-01	7.498612031457270455e-02	3.094299803949926778e-02	7.909238972283587354e-02
1.262658025764028707e+03	2.421432065952507373e-01	1.529597915686927989e-01	2.627578523900659380e-01	1.569474940919041717e-01	7.503982624958785430e-02	3.097815702816899067e-02	7.917367207620755465e-02
1.265076910870856636e+03	2.418365822985876767e-01	1.527499557291033538e-01	2.629780842446549083e-01	1.570740236777475596e-01	7.509338132556407641e-02	3.101324486411220077e-02	7.925472786010824555e-02
1.267495795977684338e+03	2.415308236047510326e-01	1.525407119451211435e-01	2.631976706117581943e-01	1.572001885411234423e-01	7.514678599199867137e-02	3.104826161150176997e-02	7.933555769362374277e-02
1.269914681084511813e+03	2.412259280580269782e-01	1.523320585469283284e-01	2.634166133287890177e-01	1.573259898395618916e-01	7.520004069694391502e-02	3.108320733505577291e-02	7.941616219457212078e-02
1.272333566191339514e+03	2.409218932098729782e-01	1.521239938692939275e-01	2.636349142279495461e-01	1.574514287262167578e-01	7.525314588701242924e-02	3.111808210003199140e-02	7.949654197950045686e-02
1.274752451298167216e+03	2.406187166188921978e-01	1.519165162515650480e-01	2.638525751362456595e-01	1.575765063498886509e-01	7.530610200738248328e-02	3.115288597222244660e-02	7.957669766368154207e-02
1.277171336404994690e+03	2.403163958508081344e-01	1.517096240376576977e-01	2.640695978755023265e-01	1.577012238550475898e-01	7.535890950180340608e-02	3.118761901794798314e-02	7.965662986111082811e-02
1.279590221511822392e+03	2.400149284784394710e-01	1.515033155760479311e-01	2.642859842623780930e-01	1.578255823818554004e-01	7.541156881260084599e-02	3.122228130405286378e-02	7.973633918450334646e-02
1.282009106618650094e+03	2.397143120816750961e-01	1.512975892197624961e-01	2.645017361083799590e-01	1.579495830661880873e-01	7.546408038068207202e-02	3.125687289789942647e-02	7.981582624529079406e-02
1.284427991725477568e+03	2.394145442474493457e-01	1.510924433263695910e-01	2.647168552198781999e-01	1.580732270396581207e-01	7.551644464554123359e-02	3.129139386736275869e-02	7.989509165361866061e-02
1.286846876832305497e+03	2.391156225697173565e-01	1.508878762579697330e-01	2.649313433981211330e-01	1.581965154296362253e-01	7.556866204526460629e-02	3.132584428082542394e-02	7.997413601834349461e-02
1.289265761939132744e+03	2.388175446494308074e-01	1.506838863811861828e-01	2.651452024392494944e-01	1.583194493592733620e-01	7.562073301653575441e-02	3.136022420717221593e-02	8.005295994703015561e-02
1.291684647045960673e+03	2.385203080945134946e-01	1.504804720671556462e-01	2.653584341343115383e-01	1.584420299475222116e-01	7.567265799464077680e-02	3.139453371578496133e-02	8.013156404594933002e-02
1.294103532152788375e+03	2.382239105198374896e-01	1.502776316915186705e-01	2.655710402692773031e-01	1.585642583091588786e-01	7.572443741347339996e-02	3.142877287653733642e-02	8.020994892007490829e-02
1.296522417259616077e+03	2.379283495471990750e-01	1.500753636344101249e-01	2.657830226250531003e-01	1.586861355548040975e-01	7.577607170554020999e-02	3.146294175978972540e-02	8.028811517308163948e-02
1.298941302366443551e+03	2.376336228052951527e-01	1.498736662804495690e-01	2.659943829774963908e-01	1.588076627909443539e-01	7.582756130196569022e-02	3.149704043638414108e-02	8.036606340734273046e-02
1.301360187473271253e+03	2.373397279296995954e-01	1.496725380187315657e-01	2.662051230974297744e-01	1.589288411199530626e-01	7.587890663249732826e-02	3.153106897763914562e-02	8.044379422392766710e-02
1.303779072580098727e+03	2.370466625628400437e-01	1.494719772428158844e-01	2.664152447506555332e-01	1.590496716401112454e-01	7.593010812551066746e-02	3.156502745534481985e-02	8.052130822259993825e-02
1.306197957686926657e+03	2.367544243539745352e-01	1.492719823507178134e-01	2.666247496979702869e-01	1.591701554456283751e-01	7.598116620801438625e-02	3.159891594175775337e-02	8.059860600181499579e-02
1.308616842793753904e+03	2.364630109591684959e-01	1.490725517448983350e-01	2.668336396951789258e-01	1.592902936266628044e-01	7.603208130565528022e-02	3.163273450959612487e-02	8.067568815871817289e-02
1.311035727900581833e+03	2.361724200412718688e-01	1.488736838322540779e-01	2.670419164931091549e-01	1.594100872693422488e-01	7.608285384272327201e-02	3.166648323203474780e-02	8.075255528914282444e-02
1.313454613007409534e+03	2.358826492698962718e-01	1.486753770241075467e-01	2.672495818376254828e-01	1.595295374557839374e-01	7.613348424215639343e-02	3.170016218270016450e-02	8.082920798760838410e-02
1.315873498114237009e+03	2.355936963213925428e-01	1.484776297361971031e-01	2.674566374696436544e-01	1.596486452641147913e-01	7.618397292554571210e-02	3.173377143566582376e-02	8.090564684731858802e-02
1.318292383221064711e+03	2.353055588788281194e-01	1.482804403886669453e-01	2.676630851251445287e-01	1.597674117684913520e-01	7.623432031314027191e-02	3.176731106544720962e-02	8.098187246015972618e-02
1.320711268327892412e+03	2.350182346319648896e-01	1.480838074060570886e-01	2.678689265351885673e-01	1.598858380391195155e-01	7.628452682385199191e-02	3.180078114699710218e-02	8.105788541669904645e-02
1.323130153434719887e+03	2.347317212772369321e-01	1.478877292172931235e-01	2.680741634259293238e-01	1.600039251422742947e-01	7.633459287526053738e-02	3.183418175570078279e-02	8.113368630618315869e-02
1.325549038541547588e+03	2.344460165177285338e-01	1.476922042556763626e-01	2.682787975186280427e-01	1.601216741403192201e-01	7.638451888361817710e-02	3.186751296737132255e-02	8.120927571653648036e-02
1.327967923648375290e+03	2.341611180631522349e-01	1.474972309588734320e-01	2.684828305296673712e-01	1.602390860917257409e-01	7.643430526385465440e-02	3.190077485824488468e-02	8.128465423435984882e-02
1.330386808755202765e+03	2.338770236298271521e-01	1.473028077689061965e-01	2.686862641705652366e-01	1.603561620510924879e-01	7.648395242958194729e-02	3.193396750497608239e-02	8.135982244492914739e-02
1.332805693862030694e+03	2.335937309406573847e-01	1.471089331321414617e-01	2.688891001479887244e-01	1.604729030691643410e-01	7.653346079309908401e-02	3.196709098463331594e-02	8.143478093219395919e-02
1.335224578968857941e+03	2.333112377251103375e-01	1.469156054992808713e-01	2.690913401637681779e-01	1.605893101928513589e-01	7.658283076539693091e-02	3.200014537469420689e-02	8.150953027877641532e-02
1.337643464075685870e+03	2.330295417191956819e-01	1.467228233253504432e-01	2.692929859149106875e-01	1.607053844652475694e-01	7.663206275616289698e-02	3.203313075304103225e-02	8.158407106596994585e-02
1.340062349182513572e+03	2.327486406654438456e-01	1.465305850696904666e-01	2.694940390936140240e-01	1.608211269256497600e-01	7.668115717378569396e-02	3.206604719795620034e-02	8.165840387373823894e-02
1.342481234289341273e+03	2.324685323128850845e-01	1.463388891959449822e-01	2.696945013872803498e-01	1.609365386095759076e-01	7.673011442535999926e-02	3.209889478811771973e-02	8.173252928071415846e-02
1.344900119396168748e+03	2.321892144170283612e-01	1.461477341720515410e-01	2.698943744785299304e-01	1.610516205487836083e-01	7.677893491669122994e-02	3.213167360259477218e-02	8.180644786419880021e-02
1.347319004502996449e+03	2.319106847398405835e-01	1.459571184702307678e-01	2.700936600452145675e-01	1.611663737712883959e-01	7.682761905230008070e-02	3.216438372084325786e-02	8.188016020016052054e-02
1.349737889609823924e+03	2.316329410497258434e-01	1.457670405669760361e-01	2.702923597604316441e-01	1.612807993013818664e-01	7.687616723542724240e-02	3.219702522270136841e-02	8.195366686323418692e-02
1.352156774716651853e+03	2.313559811215047668e-01	1.455774989430429767e-01	2.704904752925371691e-01	1.613948981596496912e-01	7.692457986803798164e-02	3.222959818838526391e-02	8.202696842672030364e-02
1.354575659823479100e+03	2.310798027363940854e-01	1.453884920834392080e-01	2.706880083051595443e-01	1.615086713629895199e-01	7.697285735082680380e-02	3.226210269848467371e-02	8.210006546258430404e-02
1.356994544930307029e+03	2.308044036819860700e-01	1.452000184774137059e-01	2.708849604572131087e-01	1.616221199246287987e-01	7.702100008322192159e-02	3.229453883395862895e-02	8.217295854145592604e-02
1.359413430037134731e+03	2.305297817522284631e-01	1.450120766184463950e-01	2.710813334029114618e-01	1.617352448541422572e-01	7.706900846338991806e-02	3.232690667613114660e-02	8.224564823262849045e-02
1.361832315143962205e+03	2.302559347474041618e-01	1.448246650042377404e-01	2.712771287917808971e-01	1.618480471574696156e-01	7.711688288824020132e-02	3.235920630668700365e-02	8.231813510405847079e-02
1.364251200250789907e+03	2.299828604741112337e-01	1.446377821366983119e-01	2.714723482686737244e-01	1.619605278369328494e-01	7.716462375342955649e-02	3.239143780766750441e-02	8.239041972236492428e-02
1.366670085357617609e+03	2.297105567452428776e-01	1.444514265219380145e-01	2.716669934737818148e-01	1.620726878912535085e-01	7.721223145336664206e-02	3.242360126146626165e-02	8.246250265282904779e-02
1.369088970464445310e+03	2.294390213799676892e-01	1.442655966702559023e-01	2.718610660426493686e-01	1.621845283155698980e-01	7.725970638121645861e-02	3.245569675082508182e-02	8.253438445939381696e-02
1.371507855571272785e+03	2.291682522037098158e-01	1.440802910961294925e-01	2.720545676061867368e-01	1.622960501014540091e-01	7.730704892890477575e-02	3.248772435882978787e-02	8.260606570466361154e-02
1.373926740678100487e+03	2.288982470481294162e-01	1.438955083182042460e-01	2.722474997906832450e-01	1.624072542369285610e-01	7.735425948712262856e-02	3.251968416890614610e-02	8.267754694990403497e-02
1.376345625784927961e+03	2.286290037511029827e-01	1.437112468592831316e-01	2.724398642178204599e-01	1.625181417064837097e-01	7.740133844533068908e-02	3.255157626481577915e-02	8.274882875504152580e-02
1.378764510891755890e+03	2.283605201567039666e-01	1.435275052463159950e-01	2.726316625046854569e-01	1.626287134910937848e-01	7.744828619176361006e-02	3.258340073065209286e-02	8.281991167866331605e-02
1.381183395998583137e+03	2.280927941151836003e-01	1.433442820103890680e-01	2.728228962637836430e-01	1.627389705682338317e-01	7.749510311343452140e-02	3.261515765083631418e-02	8.289079627801729244e-02
1.383602281105411066e+03	2.278258234829513562e-01	1.431615756867143652e-01	2.730135671030519684e-01	1.628489139118960149e-01	7.754178959613927669e-02	3.264684711011344581e-02	8.296148310901182987e-02
1.386021166212238768e+03	2.275596061225560185e-01	1.429793848146192203e-01	2.732036766258719163e-01	1.629585444926060500e-01	7.758834602446082473e-02	3.267846919354835261e-02	8.303197272621587466e-02
1.388440051319066470e+03	2.272941399026665033e-01	1.427977079375356839e-01	2.733932264310824922e-01	1.630678632774394121e-01	7.763477278177353946e-02	3.271002398652178567e-02	8.310226568285888904e-02
1.390858936425893944e+03	2.270294226980530405e-01	1.426165436029898925e-01	2.735822181129929920e-01	1.631768712300373791e-01	7.768107025024752199e-02	3.274151157472648954e-02	8.317236253083098996e-02
1.393277821532721646e+03	2.267654523895681895e-01	1.424358903625916883e-01	2.737706532613961574e-01	1.632855693106231298e-01	7.772723881085283337e-02	3.277293204416335815e-02	8.324226382068303232e-02
1.395696706639549120e+03	2.265022268641280478e-01	1.422557467720239610e-01	2.739585334615807222e-01	1.633939584760176200e-01	7.777327884336378283e-02	3.280428548113752812e-02	8.331197010162674776e-02
1.398115591746377049e+03	2.262397440146936556e-01	1.420761113910320173e-01	2.741458602943445677e-01	1.635020396796552922e-01	7.781919072636320212e-02	3.283557197225461105e-02	8.338148192153503613e-02
1.400534476853204296e+03	2.259780017402523156e-01	1.418969827834132280e-01	2.743326353360072689e-01	1.636098138715998962e-01	7.786497483724658109e-02	3.286679160441686315e-02	8.345079982694217358e-02
1.402953361960032225e+03	2.257169979457992470e-01	1.417183595170063426e-01	2.745188601584229171e-01	1.637172819985599770e-01	7.791063155222635594e-02	3.289794446481941748e-02	8.351992436304410405e-02
1.405372247066859927e+03	2.254567305423188783e-01	1.415402401636808860e-01	2.747045363289927211e-01	1.638244450039043898e-01	7.795616124633603095e-02	3.292903064094656468e-02	8.358885607369882786e-02
1.407791132173687402e+03	2.251971974467667226e-01	1.413626232993268061e-01	2.748896654106779414e-01	1.639313038276777046e-01	7.800156429343438336e-02	3.296005022056802680e-02	8.365759550142676249e-02
1.410210017280515103e+03	2.249383965820510589e-01	1.411855075038437601e-01	2.750742489620120468e-01	1.640378594066153328e-01	7.804684106620961292e-02	3.299100329173525886e-02	8.372614318741115891e-02
1.412628902387342805e+03	2.246803258770148359e-01	1.410088913611307060e-01	2.752582885371139265e-01	1.641441126741588763e-01	7.809199193618340806e-02	3.302188994277779899e-02	8.379449967149864287e-02
1.415047787494170507e+03	2.244229832664174362e-01	1.408327734590752722e-01	2.754417856856998803e-01	1.642500645604710596e-01	7.813701727371512307e-02	3.305271026229964632e-02	8.386266549219971445e-02
1.417466672600997981e+03	2.241663666909167740e-01	1.406571523895433218e-01	2.756247419530965526e-01	1.643557159924507738e-01	7.818191744800585818e-02	3.308346433917562501e-02	8.393064118668923379e-02
1.419885557707825683e+03	2.239104740970513374e-01	1.404820267483684326e-01	2.758071588802530338e-01	1.644610678937479531e-01	7.822669282710251193e-02	3.311415226254781075e-02	8.399842729080710113e-02
1.422304442814653157e+03	2.236553034372223414e-01	1.403073951353412119e-01	2.759890380037536839e-01	1.645661211847782301e-01	7.827134377790187503e-02	3.314477412182197796e-02	8.406602433905886740e-02
1.424723327921481086e+03	2.234008526696759922e-01	1.401332561541990818e-01	2.761703808558302886e-01	1.646708767827377573e-01	7.831587066615459947e-02	3.317533000666406107e-02	8.413343286461641424e-02
1.427142213028308333e+03	2.231471197584857236e-01	1.399596084126156770e-01	2.763511889643744945e-01	1.647753356016176951e-01	7.836027385646929244e-02	3.320582000699666414e-02	8.420065339931867565e-02
1.429561098135136262e+03	2.228941026735346276e-01	1.397864505221902698e-01	2.765314638529501878e-01	1.648794985522187284e-01	7.840455371231649928e-02	3.323624421299554987e-02	8.426768647367237353e-02
1.431979983241963964e+03	2.226417993904979686e-01	1.396137810984374172e-01	2.767112070408057622e-01	1.649833665421653883e-01	7.844871059603268637e-02	3.326660271508621869e-02	8.433453261685280866e-02
1.434398868348791666e+03	2.223902078908255309e-01	1.394415987607763863e-01	2.768904200428864426e-01	1.650869404759204573e-01	7.849274486882416857e-02	3.329689560394044623e-02	8.440119235670476283e-02
1.436817753455619140e+03	2.221393261617244375e-01	1.392699021325208841e-01	2.770691043698464973e-01	1.651902212547990412e-01	7.853665689077114764e-02	3.332712297047289718e-02	8.446766621974326206e-02
1.439236638562446842e+03	2.218891521961418034e-01	1.390986898408684558e-01	2.772472615280612840e-01	1.652932097769827802e-01	7.858044702083158417e-02	3.335728490583773215e-02	8.453395473115453418e-02
1.441655523669274316e+03	2.216396839927473605e-01	1.389279605168901033e-01	2.774248930196395735e-01	1.653959069375338653e-01	7.862411561684511108e-02	3.338738150142527006e-02	8.460005841479689703e-02
1.444074408776102018e+03	2.213909195559163601e-01	1.387577127955199052e-01	2.776020003424355953e-01	1.654983136284088330e-01	7.866766303553697492e-02	3.341741284885862279e-02	8.466597779320181316e-02
1.446493293882929493e+03	2.211428568957125307e-01	1.385879453155445806e-01	2.777785849900613058e-01	1.656004307384725538e-01	7.871108963252188007e-02	3.344737903999040612e-02	8.473171338757481963e-02
1.448912178989757422e+03	2.208954940278708701e-01	1.384186567195931639e-01	2.779546484518982119e-01	1.657022591535119438e-01	7.875439576230790217e-02	3.347728016689946462e-02	8.479726571779656885e-02
1.451331064096585123e+03	2.206488289737809361e-01	1.382498456541264853e-01	2.781301922131092508e-01	1.658037997562495369e-01	7.879758177830029076e-02	3.350711632188759642e-02	8.486263530242393882e-02
1.453749949203412370e+03	2.204028597604697493e-01	1.380815107694269850e-01	2.783052177546513350e-01	1.659050534263571686e-01	7.884064803280532718e-02	3.353688759747629894e-02	8.492782265869114333e-02
1.456168834310240300e+03	2.201575844205850285e-01	1.379136507195882766e-01	2.784797265532867883e-01	1.660060210404694092e-01	7.888359487703414108e-02	3.356659408640359776e-02	8.499282830251078669e-02
1.458587719417068001e+03	2.199130009923784546e-01	1.377462641625047945e-01	2.786537200815953907e-01	1.661067034721969427e-01	7.892642266110651283e-02	3.359623588162081315e-02	8.505765274847509883e-02
1.461006604523895703e+03	2.196691075196889886e-01	1.375793497598614690e-01	2.788271998079864256e-01	1.662071015921399442e-01	7.896913173405467612e-02	3.362581307628943056e-02	8.512229650985714269e-02
1.463425489630723177e+03	2.194259020519261083e-01	1.374129061771235671e-01	2.790001671967101693e-01	1.663072162679012367e-01	7.901172244382702325e-02	3.365532576377792962e-02	8.518676009861199383e-02
1.465844374737550879e+03	2.191833826440535149e-01	1.372469320835261464e-01	2.791726237078701600e-01	1.664070483640995579e-01	7.905419513729190772e-02	3.368477403765868933e-02	8.525104402537801718e-02
1.468263259844378354e+03	2.189415473565723413e-01	1.370814261520640620e-01	2.793445707974346881e-01	1.665065987423824390e-01	7.909655016024140506e-02	3.371415799170484479e-02	8.531514879947815766e-02
1.470682144951206283e+03	2.187003942555049429e-01	1.369163870594815591e-01	2.795160099172485646e-01	1.666058682614393327e-01	7.913878785739499044e-02	3.374347771988727568e-02	8.537907492892127248e-02
1.473101030058033530e+03	2.184599214123784106e-01	1.367518134862620305e-01	2.796869425150448341e-01	1.667048577770145201e-01	7.918090857240324409e-02	3.377273331637149073e-02	8.544282292040342175e-02
1.475519915164861459e+03	2.182201269042083613e-01	1.365877041166178030e-01	2.798573700344564874e-01	1.668035681419198502e-01	7.922291264785157050e-02	3.380192487551462316e-02	8.550639327930931177e-02
1.477938800271689161e+03	2.179810088134825352e-01	1.364240576384800063e-01	2.800272939150280083e-01	1.669020002060475072e-01	7.926480042526384828e-02	3.383105249186245389e-02	8.556978650971362732e-02
1.480357685378516862e+03	2.177425652281448076e-01	1.362608727434883038e-01	2.801967155922271968e-01	1.670001548163826677e-01	7.930657224510610781e-02	3.386011626014636539e-02	8.563300311438253043e-02
1.482776570485344337e+03	2.175047942415789526e-01	1.360981481269807614e-01	2.803656364974566051e-01	1.670980328170161566e-01	7.934822844679013942e-02	3.388911627528043424e-02	8.569604359477503430e-02
