1.301360187473271253e+03	2.367819040847846390e-01	1.500661661717417883e-01	2.609103165305421412e-01	1.616184606916317712e-01	7.626315929175662978e-02	3.197669371794793769e-02	8.238329951147370378e-02
1.306197957686926657e+03	2.361997044671066692e-01	1.496631280624295401e-01	2.612914892196696592e-01	1.618802106459394929e-01	7.637098840869774308e-02	3.204728143305340948e-02	8.254719776298201361e-02
1.311035727900581833e+03	2.356207909166022352e-01	1.492623538899640889e-01	2.616703706019322673e-01	1.621404716109930699e-01	7.647825543773241475e-02	3.211757864550116720e-02	8.271017889715320814e-02
1.315873498114237009e+03	2.350451446160943259e-01	1.488638310754562266e-01	2.620469756515352855e-01	1.623992517556787918e-01	7.658496325801135429e-02	3.218758593694675402e-02	8.287224770615567171e-02
1.320711268327892412e+03	2.344727468645439183e-01	1.484675471036660532e-01	2.624213192300220987e-01	1.626565592081843370e-01	7.669111473428623371e-02	3.225730389705877554e-02	8.303340896211688915e-02
1.325549038541547588e+03	2.339035790760377875e-01	1.480734895229347536e-01	2.627934160872893998e-01	1.629124020561627528e-01	7.679671271698043644e-02	3.232673312334625321e-02	8.319366741712690139e-02
1.330386808755202765e+03	2.333376227787956336e-01	1.476816459451055497e-01	2.631632808625909425e-01	1.631667883468951863e-01	7.690176004225920958e-02	3.239587422098837849e-02	8.335302780324337080e-02
1.335224578968857941e+03	2.327748596141955006e-01	1.472920040454341051e-01	2.635309280855311354e-01	1.634197260874526991e-01	7.700625953209934427e-02	3.246472780266668190e-02	8.351149483249875605e-02
1.340062349182513572e+03	2.322152713358169862e-01	1.469045515624888554e-01	2.638963721770484216e-01	1.636712232448568338e-01	7.711021399435845358e-02	3.253329448839960281e-02	8.366907319690899958e-02
1.344900119396168748e+03	2.316588398085017153e-01	1.465192762980418728e-01	2.642596274503879461e-01	1.639212877462393192e-01	7.721362622284361210e-02	3.260157490537941849e-02	8.382576756848419963e-02
1.349737889609823924e+03	2.311055470074305507e-01	1.461361661169505721e-01	2.646207081120642290e-01	1.641699274790008600e-01	7.731649899737966236e-02	3.266956968781151160e-02	8.398158259924071167e-02
1.354575659823479100e+03	2.305553750172168737e-01	1.457552089470308121e-01	2.649796282628134603e-01	1.644171502909688998e-01	7.741883508387703561e-02	3.273727947675593442e-02	8.413652292121501231e-02
1.359413430037134731e+03	2.300083060310156857e-01	1.453763927789217814e-01	2.653364018985363559e-01	1.646629639905548281e-01	7.752063723439911458e-02	3.280470491997118654e-02	8.429059314647907586e-02
1.364251200250789907e+03	2.294643223496476148e-01	1.449997056659428074e-01	2.656910429112306904e-01	1.649073763469101339e-01	7.762190818722920771e-02	3.287184667176033109e-02	8.444379786715719427e-02
1.369088970464445310e+03	2.289234063807380204e-01	1.446251357239429491e-01	2.660435650899140581e-01	1.651503950900820028e-01	7.772265066693712088e-02	3.293870539281925497e-02	8.459614165544447617e-02
1.373926740678100487e+03	2.283855406378699215e-01	1.442526711311433452e-01	2.663939821215372539e-01	1.653920279111683600e-01	7.782286738444529894e-02	3.300528175008714260e-02	8.474762906362647008e-02
1.378764510891755890e+03	2.278507077397510239e-01	1.438823001279727065e-01	2.667423075918878839e-01	1.656322824624720247e-01	7.792256103709466197e-02	3.307157641659905917e-02	8.489826462410041130e-02
1.383602281105411066e+03	2.273188904093940421e-01	1.435140110168965366e-01	2.670885549864845387e-01	1.658711663576542261e-01	7.802173430870991411e-02	3.313759007134071954e-02	8.504805284939773169e-02
1.388440051319066470e+03	2.267900714733098733e-01	1.431477921622401894e-01	2.674327376914618082e-01	1.661086871718880087e-01	7.812038986966463039e-02	3.320332339910532504e-02	8.519699823220781842e-02
1.393277821532721646e+03	2.262642338607136205e-01	1.427836319900060436e-01	2.677748689944459692e-01	1.663448524420104990e-01	7.821853037694596888e-02	3.326877709035246794e-02	8.534510524540306342e-02
1.398115591746377049e+03	2.257413606027426911e-01	1.424215189876852361e-01	2.681149620854212379e-01	1.665796696666751731e-01	7.831615847421893872e-02	3.333395184106911074e-02	8.549237834206516173e-02
1.402953361960032225e+03	2.252214348316866344e-01	1.420614417040642063e-01	2.684530300575877493e-01	1.668131463065033182e-01	7.841327679189045996e-02	3.339884835263257773e-02	8.563882195551253407e-02
1.407791132173687402e+03	2.247044397802287763e-01	1.417033887490262156e-01	2.687890859082098793e-01	1.670452897842352180e-01	7.850988794717295161e-02	3.346346733167551019e-02	8.578444049932902604e-02
1.412628902387342805e+03	2.241903587806986231e-01	1.413473487933481210e-01	2.691231425394559063e-01	1.672761074848808371e-01	7.860599454414771148e-02	3.352780948995281313e-02	8.592923836739353727e-02
1.417466672600997981e+03	2.236791752643356168e-01	1.409933105684930410e-01	2.694552127592293456e-01	1.675056067558701178e-01	7.870159917382792136e-02	3.359187554421056571e-02	8.607321993391092718e-02
1.422304442814653157e+03	2.231708727605629383e-01	1.406412628663983866e-01	2.697853092819911813e-01	1.677337949072029710e-01	7.879670441422131910e-02	3.365566621605683290e-02	8.621638955344382294e-02
1.427142213028308333e+03	2.226654348962718577e-01	1.402911945392602833e-01	2.701134447295738816e-01	1.679606792115988234e-01	7.889131283039266251e-02	3.371918223183434371e-02	8.635875156094556526e-02
1.431979983241963964e+03	2.221628453951158266e-01	1.399430944993139136e-01	2.704396316319870319e-01	1.681862669046457759e-01	7.898542697452577699e-02	3.378242432249509153e-02	8.650031027179404253e-02
1.436817753455619140e+03	2.216630880768143963e-01	1.395969517186107511e-01	2.707638824282141421e-01	1.684105651849495400e-01	7.907904938598531164e-02	3.384539322347675239e-02	8.664106998182662112e-02
1.441655523669274316e+03	2.211661468564664057e-01	1.392527552287921855e-01	2.710862094670017375e-01	1.686335812142820689e-01	7.917218259137831504e-02	3.390808967458090739e-02	8.678103496737589462e-02
1.446493293882929493e+03	2.206720057438724403e-01	1.389104941208600397e-01	2.714066250076403453e-01	1.688553221177297448e-01	7.926482910461540854e-02	3.397051441985313169e-02	8.692020948530639057e-02
1.451331064096585123e+03	2.201806488428660336e-01	1.385701575449442835e-01	2.717251412207370431e-01	1.690757949838414265e-01	7.935699142697176522e-02	3.403266820746476962e-02	8.705859777305219316e-02
1.456168834310240300e+03	2.196920603506535286e-01	1.382317347100679716e-01	2.720417701889802364e-01	1.692950068647761930e-01	7.944867204714771425e-02	3.409455178959653471e-02	8.719620404865538466e-02
1.461006604523895703e+03	2.192062245571625156e-01	1.378952148839093228e-01	2.723565239078966638e-01	1.695129647764506975e-01	7.953987344132915083e-02	3.415616592232379595e-02	8.733303251080533347e-02
1.465844374737550879e+03	2.187231258443982918e-01	1.375605873925619949e-01	2.726694142866006310e-01	1.697296756986865218e-01	7.963059807324765482e-02	3.421751136550361255e-02	8.746908733887882870e-02
1.470682144951206283e+03	2.182427486858082855e-01	1.372278416202923901e-01	2.729804531485351959e-01	1.699451465753569201e-01	7.972084839424030400e-02	3.427858888266340637e-02	8.760437269298096408e-02
1.475519915164861459e+03	2.177650776456543369e-01	1.368969670092954061e-01	2.732896522322065258e-01	1.701593843145337570e-01	7.981062684330926527e-02	3.433939924089136203e-02	8.773889271398678524e-02
1.480357685378516862e+03	2.172900973783925549e-01	1.365679530594479385e-01	2.735970231919098161e-01	1.703723957886337792e-01	7.989993584718112218e-02	3.439994321072841615e-02	8.787265152358375575e-02
1.485195455592172038e+03	2.168177926280604462e-01	1.362407893280606908e-01	2.739025775984485489e-01	1.705841878345649709e-01	7.998877782036595274e-02	3.446022156606187714e-02	8.800565322431486148e-02
1.490033225805827215e+03	2.163481482276712331e-01	1.359154654296283460e-01	2.742063269398459791e-01	1.707947672538725481e-01	8.007715516521604626e-02	3.452023508402068258e-02	8.813790189962246446e-02
1.494870996019482618e+03	2.158811490986152770e-01	1.355919710355780738e-01	2.745082826220495709e-01	1.710041408128847862e-01	8.016507027198453705e-02	3.457998454487221096e-02	8.826940161389285056e-02
1.499708766233137567e+03	2.154167802500682460e-01	1.352702958740166495e-01	2.748084559696281071e-01	1.712123152428585426e-01	8.025252551888364949e-02	3.463947073192064768e-02	8.840015641250142941e-02
1.504546536446793198e+03	2.149550267784059998e-01	1.349504297294762956e-01	2.751068582264620810e-01	1.714192972401246406e-01	8.033952327214274880e-02	3.469869443140690540e-02	8.853017032185858670e-02
1.509384306660448374e+03	2.144958738666259412e-01	1.346323624426594423e-01	2.754035005564263727e-01	1.716250934662331140e-01	8.042606588606614204e-02	3.475765643241005703e-02	8.865944734945611916e-02
1.514222076874103550e+03	2.140393067837746410e-01	1.343160839101821269e-01	2.756983940440669301e-01	1.718297105480980913e-01	8.051215570309061542e-02	3.481635752675029533e-02	8.878799148391439133e-02
1.519059847087758726e+03	2.135853108843818460e-01	1.340015840843166717e-01	2.759915496952699554e-01	1.720331550781425689e-01	8.059779505384277731e-02	3.487479850889333571e-02	8.891580669502999190e-02
1.523897617301414357e+03	2.131338716079002604e-01	1.336888529727334740e-01	2.762829784379241538e-01	1.722354336144428788e-01	8.068298625719606820e-02	3.493298017585629023e-02	8.904289693382398674e-02
1.528735387515069533e+03	2.126849744781515172e-01	1.333778806382417415e-01	2.765726911225772633e-01	1.724365526808732119e-01	8.076773162032760411e-02	3.499090332711503326e-02	8.916926613259075485e-02
1.533573157728724709e+03	2.122386051027777276e-01	1.330686571985299216e-01	2.768606985230848694e-01	1.726365187672495305e-01	8.085203343877477022e-02	3.504856876451289960e-02	8.929491820494737941e-02
1.538410927942380113e+03	2.117947491726987486e-01	1.327611728259052437e-01	2.771470113372534461e-01	1.728353383294736756e-01	8.093589399649152305e-02	3.510597729217089513e-02	8.941985704588349682e-02
1.543248698156035516e+03	2.113533924615750292e-01	1.324554177470329552e-01	2.774316401874765692e-01	1.730330177896769739e-01	8.101931556590453998e-02	3.516312971639920515e-02	8.954408653181174238e-02
1.548086468369690692e+03	2.109145208252755921e-01	1.321513822426748919e-01	2.777145956213647460e-01	1.732295635363638453e-01	8.110230040796907736e-02	3.522002684561013897e-02	8.966761052061866799e-02
1.552924238583346096e+03	2.104781202013516483e-01	1.318490566474278813e-01	2.779958881123693604e-01	1.734249819245550217e-01	8.118485077222455104e-02	3.527666949023238602e-02	8.979043285171610378e-02
1.557762008797001272e+03	2.100441766085149875e-01	1.315484313494618140e-01	2.782755280603996795e-01	1.736192792759306824e-01	8.126696889685000591e-02	3.533305846262664585e-02	8.991255734609310268e-02
1.562599779010656675e+03	2.096126761461218624e-01	1.312494967902574916e-01	2.785535257924341979e-01	1.738124618789734233e-01	8.134865700871926619e-02	3.538919457700249321e-02	9.003398780636817644e-02
1.567437549224311852e+03	2.091836049936613706e-01	1.309522434643441424e-01	2.788298915631260422e-01	1.740045359891107535e-01	8.142991732345582212e-02	3.544507864933667263e-02	9.015472801684208670e-02
1.572275319437967255e+03	2.087569494102490264e-01	1.306566619190373257e-01	2.791046355554015479e-01	1.741955078288577319e-01	8.151075204548759168e-02	3.550071149729255859e-02	9.027478174355105245e-02
1.577113089651622431e+03	2.083326957341247176e-01	1.303627427541763639e-01	2.793777678810538401e-01	1.743853835879591863e-01	8.159116336810133541e-02	3.555609394014095509e-02	9.039415273432038767e-02
1.581950859865277607e+03	2.079108303821557702e-01	1.300704766218619413e-01	2.796492985813299192e-01	1.745741694235316555e-01	8.167115347349696020e-02	3.561122679868209545e-02	9.051284471881844429e-02
1.586788630078933011e+03	2.074913398493441474e-01	1.297798542261939247e-01	2.799192376275120298e-01	1.747618714602051926e-01	8.175072453284147611e-02	3.566611089516892596e-02	9.063086140861106865e-02
1.591626400292587959e+03	2.070742107083382300e-01	1.294908663230091572e-01	2.801875949214935324e-01	1.749484957902650573e-01	8.182987870632282834e-02	3.572074705323156907e-02	9.074820649721634935e-02
1.596464170506243590e+03	2.066594296089491745e-01	1.292035037196195557e-01	2.804543802963486709e-01	1.751340484737930192e-01	8.190861814320339607e-02	3.577513609780298698e-02	9.086488366015985085e-02
1.601301940719898766e+03	2.062469832776712697e-01	1.289177572745505429e-01	2.807196035168971204e-01	1.753185355388083566e-01	8.198694498187339419e-02	3.582927885504588739e-02	9.098089655503001361e-02
1.606139710933553943e+03	2.058368585172067056e-01	1.286336178972795341e-01	2.809832742802627070e-01	1.755019629814089654e-01	8.206486134990391423e-02	3.588317615228071161e-02	9.109624882153405379e-02
1.610977481147209119e+03	2.054290422059943111e-01	1.283510765479749793e-01	2.812454022164267431e-01	1.756843367659116917e-01	8.214236936409982648e-02	3.593682881791485095e-02	9.121094408155415445e-02
1.615815251360864750e+03	2.050235212977424837e-01	1.280701242372357385e-01	2.815059968887759223e-01	1.758656628249930520e-01	8.221947113055246004e-02	3.599023768137296631e-02	9.132498593920392038e-02
1.620653021574519926e+03	2.046202828209660873e-01	1.277907520258307061e-01	2.817650677946447746e-01	1.760459470598292886e-01	8.229616874469196375e-02	3.604340357302845965e-02	9.143837798088524926e-02
1.625490791788175102e+03	2.042193138785270978e-01	1.275129510244393249e-01	2.820226243658529031e-01	1.762251953402361460e-01	8.237246429133956993e-02	3.609632732413600026e-02	9.155112377534541102e-02
1.630328562001830505e+03	2.038206016471793558e-01	1.272367123933920985e-01	2.822786759692371139e-01	1.764034135048086760e-01	8.244835984475953894e-02	3.614900976676523048e-02	9.166322687373446021e-02
1.635166332215485909e+03	2.034241333771168725e-01	1.269620273424119372e-01	2.825332319071777176e-01	1.765806073610605986e-01	8.252385746871093719e-02	3.620145173373547076e-02	9.177469080966288439e-02
1.640004102429141085e+03	2.030298963915258548e-01	1.266888871303560593e-01	2.827863014181207224e-01	1.767567826855634405e-01	8.259895921649916539e-02	3.625365405855155571e-02	9.188551909925961325e-02
1.644841872642796488e+03	2.026378780861405604e-01	1.264172830649584467e-01	2.830378936770938658e-01	1.769319452240854518e-01	8.267366713102725084e-02	3.630561757534067624e-02	9.199571524123019428e-02
1.649679642856451665e+03	2.022480659288025118e-01	1.261472065025728284e-01	2.832880177962185386e-01	1.771061006917301339e-01	8.274798324484695933e-02	3.635734311879026959e-02	9.210528271691524604e-02
1.654517413070107068e+03	2.018604474590233733e-01	1.258786488479165522e-01	2.835366828252160465e-01	1.772792547730746848e-01	8.282190958020961558e-02	3.640883152408696394e-02	9.221422499034918896e-02
1.659355183283762244e+03	2.014750102875512150e-01	1.256116015538149278e-01	2.837838977519097083e-01	1.774514131223079993e-01	8.289544814911684045e-02	3.646008362685650844e-02	9.232254550831917039e-02
1.664192953497417420e+03	2.010917420959403012e-01	1.253460561209465141e-01	2.840296715027212371e-01	1.776225813633684480e-01	8.296860095337088570e-02	3.651110026310470241e-02	9.243024770042418403e-02
1.669030723711072824e+03	2.007106306361241266e-01	1.250820040975888503e-01	2.842740129431631790e-01	1.777927650900814061e-01	8.304136998462489927e-02	3.656188226915932371e-02	9.253733497913448069e-02
1.673868493924728000e+03	2.003316637299917269e-01	1.248194370793652141e-01	2.845169308783257467e-01	1.779619698662965321e-01	8.311375722443287151e-02	3.661243048161298003e-02	9.264381073985114567e-02
1.678706264138383403e+03	1.999548292689673767e-01	1.245583467089920598e-01	2.847584340533598768e-01	1.781302012260246315e-01	8.318576464429942863e-02	3.666274573726700098e-02	9.274967836096582874e-02
1.683544034352038352e+03	1.995801152135935064e-01	1.242987246760272474e-01	2.849985311539549038e-01	1.782974646735742130e-01	8.325739420572936256e-02	3.671282887307620452e-02	9.285494120392073780e-02
1.688381804565693983e+03	1.992075095931165052e-01	1.240405627166191321e-01	2.852372308068120699e-01	1.784637656836880470e-01	8.332864786027695259e-02	3.676268072609464865e-02	9.295960261326875751e-02
1.693219574779349159e+03	1.988370005050759670e-01	1.237838526132564870e-01	2.854745415801134834e-01	1.786291097016790008e-01	8.339952754959510661e-02	3.681230213342222973e-02	9.306366591673378985e-02
1.698057344993004335e+03	1.984685761148968219e-01	1.235285861945193131e-01	2.857104719839863582e-01	1.787935021435658745e-01	8.347003520548425259e-02	3.686169393215228685e-02	9.316713442527117806e-02
1.702895115206659511e+03	1.981022246554844657e-01	1.232747553348304825e-01	2.859450304709629243e-01	1.789569483962088203e-01	8.354017274994095243e-02	3.691085695932001115e-02	9.327001143312840803e-02
1.707732885420315142e+03	1.977379344268230532e-01	1.230223519542083532e-01	2.861782254364361733e-01	1.791194538174443462e-01	8.360994209520647424e-02	3.695979205185182664e-02	9.337230021790579593e-02
1.712570655633970318e+03	1.973756937955764568e-01	1.227713680180202160e-01	2.864100652191110541e-01	1.792810237362203463e-01	8.367934514381490663e-02	3.700850004651554809e-02	9.347400404061750878e-02
1.717408425847625494e+03	1.970154911946923881e-01	1.225217955367366857e-01	2.866405581014513371e-01	1.794416634527302989e-01	8.374838378864128685e-02	3.705698177987146874e-02	9.357512614575250187e-02
1.722246196061280898e+03	1.966573151230092964e-01	1.222736265656871185e-01	2.868697123101223712e-01	1.796013782385476043e-01	8.381705991294936819e-02	3.710523808822428077e-02	9.367566976133583079e-02
1.727083966274936301e+03	1.963011541448658193e-01	1.220268532048159049e-01	2.870975360164298440e-01	1.797601733367593657e-01	8.388537539043923463e-02	3.715326980757582137e-02	9.377563809898985248e-02
1.731921736488591478e+03	1.959469968897135372e-01	1.217814675984396633e-01	2.873240373367538791e-01	1.799180539620998664e-01	8.395333208529463798e-02	3.720107777357865159e-02	9.387503435399566221e-02
1.736759506702246881e+03	1.955948320517319206e-01	1.215374619350055585e-01	2.875492243329793585e-01	1.800750253010837409e-01	8.402093185223023786e-02	3.724866282149044000e-02	9.397386170535462768e-02
1.741597276915902057e+03	1.952446483894464957e-01	1.212948284468505084e-01	2.877731050129224144e-01	1.802310925121388407e-01	8.408817653653849478e-02	3.729602578612917219e-02	9.407212331584997866e-02
1.746435047129557461e+03	1.948964347253492602e-01	1.210535594099614448e-01	2.879956873307524257e-01	1.803862607257386286e-01	8.415506797413643825e-02	3.734316750182913730e-02	9.416982233210857700e-02
1.751272817343212637e+03	1.945501799455220671e-01	1.208136471437364773e-01	2.882169791874104603e-01	1.805405350445344337e-01	8.422160799161219902e-02	3.739008880239767796e-02	9.426696188466260340e-02
1.756110587556867813e+03	1.942058729992623134e-01	1.205750840107472355e-01	2.884369884310235554e-01	1.806939205434871520e-01	8.428779840627131925e-02	3.743679052107277277e-02	9.436354508801154950e-02
1.760948357770523216e+03	1.938635028987115427e-01	1.203378624165020172e-01	2.886557228573152778e-01	1.808464222699987523e-01	8.435364102618286841e-02	3.748327349048130586e-02	9.445957504068405730e-02
1.765786127984178393e+03	1.935230587184864071e-01	1.201019748092101991e-01	2.888731902100123983e-01	1.809980452440433651e-01	8.441913765022529548e-02	3.752953854259813427e-02	9.455505482530000838e-02
1.770623898197833569e+03	1.931845295953121266e-01	1.198674136795474937e-01	2.890893981812475699e-01	1.811487944582979848e-01	8.448429006813217013e-02	3.757558650870587019e-02	9.464998750863259924e-02
1.775461668411488745e+03	1.928479047276584479e-01	1.196341715604223588e-01	2.893043544119586752e-01	1.812986748782728363e-01	8.454910006053763250e-02	3.762141821935541947e-02	9.474437614167041666e-02
1.780299438625144376e+03	1.925131733753782104e-01	1.194022410267434331e-01	2.895180664922840652e-01	1.814476914424414666e-01	8.461356939902164864e-02	3.766703450432722783e-02	9.483822375967965179e-02
1.785137208838799552e+03	1.921803248593481894e-01	1.191716146951879718e-01	2.897305419619546352e-01	1.815958490623703070e-01	8.467769984615503009e-02	3.771243619259320723e-02	9.493153338226632820e-02
1.789974979052454728e+03	1.918493485611123262e-01	1.189422852239713918e-01	2.899417883106814586e-01	1.817431526228480421e-01	8.474149315554438400e-02	3.775762411227940457e-02	9.502430801343855760e-02
1.794812749266109904e+03	1.915202339225275385e-01	1.187142453126178582e-01	2.901518129785408129e-01	1.818896069820144790e-01	8.480495107187664694e-02	3.780259909062937823e-02	9.511655064166885110e-02
1.799650519479765535e+03	1.911929704454116419e-01	1.184874877017319805e-01	2.903606233563547079e-01	1.820352169714890000e-01	8.486807533096356326e-02	3.784736195396816438e-02	9.520826423995640275e-02
1.804488289693420711e+03	1.908675476911938784e-01	1.182620051727714672e-01	2.905682267860687507e-01	1.821799873964989602e-01	8.493086765978591357e-02	3.789191352766702742e-02	9.529945176588947020e-02
1.809326059907075887e+03	1.905439552805673620e-01	1.180377905478209866e-01	2.907746305611259574e-01	1.823239230360071683e-01	8.499332977653749344e-02	3.793625463610879323e-02	9.539011616170771368e-02
1.814163830120731291e+03	1.902221828931441594e-01	1.178148366893670418e-01	2.909798419268372904e-01	1.824670286428395349e-01	8.505546339066896722e-02	3.798038610265386250e-02	9.548026035436457670e-02
1.819001600334386467e+03	1.899022202671125370e-01	1.175931365000738582e-01	2.911838680807490309e-01	1.826093089438119987e-01	8.511727020293147206e-02	3.802430874960688323e-02	9.556988725558968056e-02
1.823839370548041643e+03	1.895840571988963164e-01	1.173726829225604507e-01	2.913867161730063216e-01	1.827507686398571751e-01	8.517875190541998598e-02	3.806802339818403380e-02	9.565899976195116339e-02
1.828677140761696819e+03	1.892676835428165061e-01	1.171534689391787593e-01	2.915883933067139888e-01	1.828914124061505053e-01	8.523991018161655719e-02	3.811153086848095145e-02	9.574760075491813016e-02
1.833514910975352450e+03	1.889530892107552651e-01	1.169354875717927983e-01	2.917889065382934799e-01	1.830312448922363222e-01	8.530074670643326973e-02	3.815483197944125743e-02	9.583569310092293625e-02
1.838352681189008081e+03	1.886402641718217810e-01	1.167187318815589570e-01	2.919882628778369682e-01	1.831702707221531390e-01	8.536126314625507028e-02	3.819792754882572056e-02	9.592327965142363744e-02
1.843190451402663257e+03	1.883291984520204798e-01	1.165031949687072854e-01	2.921864692894581284e-01	1.833084944945587436e-01	8.542146115898234526e-02	3.824081839318198978e-02	9.601036324296627344e-02
1.848028221616318433e+03	1.880198821339212900e-01	1.162888699723240299e-01	2.923835326916394695e-01	1.834459207828549598e-01	8.548134239407327584e-02	3.828350532781495119e-02	9.609694669724716531e-02
1.852865991829973609e+03	1.877123053563320432e-01	1.160757500701351530e-01	2.925794599575770594e-01	1.835825541353117984e-01	8.554090849258609575e-02	3.832598916675763329e-02	9.618303282117528219e-02
1.857703762043628785e+03	1.874064583139729567e-01	1.158638284782908534e-01	2.927742579155215852e-01	1.837183990751914409e-01	8.560016108722098838e-02	3.836827072274272971e-02	9.626862440693449707e-02
1.862541532257283961e+03	1.871023312571531150e-01	1.156530984511513205e-01	2.929679333491166382e-01	1.838534601008715852e-01	8.565910180236196991e-02	3.841035080717464939e-02	9.635372423204574543e-02
1.867379302470939592e+03	1.867999144914490595e-01	1.154435532810735437e-01	2.931604929977339458e-01	1.839877416859686809e-01	8.571773225411842556e-02	3.845223023010214958e-02	9.643833505942928097e-02
1.872217072684594768e+03	1.864991983773855166e-01	1.152351862981990660e-01	2.933519435568053280e-01	1.841212482794603589e-01	8.577605405036646535e-02	3.849390980019151698e-02	9.652245963746683421e-02
1.877054842898249490e+03	1.862001733301178186e-01	1.150279908702430409e-01	2.935422916781521008e-01	1.842539843058078886e-01	8.583406879079019669e-02	3.853539032470029713e-02	9.660610070006368788e-02
1.881892613111905121e+03	1.859028298191166828e-01	1.148219604022841372e-01	2.937315439703113706e-01	1.843859541650778866e-01	8.589177806692264994e-02	3.857667260945154414e-02	9.668926096671069670e-02
1.886730383325560297e+03	1.856071583678546855e-01	1.146170883365557475e-01	2.939197069988589983e-01	1.845171622330638583e-01	8.594918346218663463e-02	3.861775745880862559e-02	9.677194314254639051e-02
1.891568153539215928e+03	1.853131495534948991e-01	1.144133681522381124e-01	2.941067872867301758e-01	1.846476128614070733e-01	8.600628655193530425e-02	3.865864567565052701e-02	9.685414991841881371e-02
1.896405923752871104e+03	1.850207940065812795e-01	1.142107933652515561e-01	2.942927913145370611e-01	1.847773103777172188e-01	8.606308890349256835e-02	3.869933806134766285e-02	9.693588397094747566e-02
1.901243693966526507e+03	1.847300824107311334e-01	1.140093575280508587e-01	2.944777255208834710e-01	1.849062590856926647e-01	8.611959207619332424e-02	3.873983541573823575e-02	9.701714796258513462e-02
1.906081464180181683e+03	1.844410055023294470e-01	1.138090542294205726e-01	2.946615963026766316e-01	1.850344632652401178e-01	8.617579762142348054e-02	3.878013853710505360e-02	9.709794454167955391e-02
1.910919234393836859e+03	1.841535540702249341e-01	1.136098770942716024e-01	2.948444100154365421e-01	1.851619271725939708e-01	8.623170708265975870e-02	3.882024822215283943e-02	9.717827634253514701e-02
1.915757004607492036e+03	1.838677189554283609e-01	1.134118197834386721e-01	2.950261729736023963e-01	1.852886550404353461e-01	8.628732199550935567e-02	3.886016526598606163e-02	9.725814598547463663e-02
1.920594774821147894e+03	1.835834910508122864e-01	1.132148759934789306e-01	2.952068914508360065e-01	1.854146510780104173e-01	8.634264388774937071e-02	3.889989046208722212e-02	9.733755607690053324e-02
1.925432545034802843e+03	1.833008613008128840e-01	1.130190394564715983e-01	2.953865716803233399e-01	1.855399194712487043e-01	8.639767427936605182e-02	3.893942460229560254e-02	9.741650920935659985e-02
1.930270315248458019e+03	1.830198207011336509e-01	1.128243039398187791e-01	2.955652198550723364e-01	1.856644643828804786e-01	8.645241468259388939e-02	3.897876847678648921e-02	9.749500796158917792e-02
1.935108085462113195e+03	1.827403602984506437e-01	1.126306632460471052e-01	2.957428421282090047e-01	1.857882899525542253e-01	8.650686660195446021e-02	3.901792287405086296e-02	9.757305489860845782e-02
1.939945855675768371e+03	1.824624711901198515e-01	1.124381112126106724e-01	2.959194446132705214e-01	1.859114002969533552e-01	8.656103153429514641e-02	3.905688858087554699e-02	9.765065257174967983e-02
1.944783625889424002e+03	1.821861445238861510e-01	1.122466417116948778e-01	2.960950333844956650e-01	1.860337995099124730e-01	8.661491096882760476e-02	3.909566638232375019e-02	9.772780351873423810e-02
1.949621396103079178e+03	1.819113714975940932e-01	1.120562486500213811e-01	2.962696144771129747e-01	1.861554916625335065e-01	8.666850638716605548e-02	3.913425706171611701e-02	9.780451026373056245e-02
1.954459166316734354e+03	1.816381433589004391e-01	1.118669259686540657e-01	2.964431938876262995e-01	1.862764808033011144e-01	8.672181926336548774e-02	3.917266140061215901e-02	9.788077531741509740e-02
1.959296936530389530e+03	1.813664514049883603e-01	1.116786676428060537e-01	2.966157775740976277e-01	1.863967709581978716e-01	8.677485106395950443e-02	3.921088017879213738e-02	9.795660117703301750e-02
1.964134706744044706e+03	1.810962869822835830e-01	1.114914676816477490e-01	2.967873714564278620e-01	1.865163661308187615e-01	8.682760324799813911e-02	3.924891417423936185e-02	9.803199032645897038e-02
1.968972476957700337e+03	1.808276414861720582e-01	1.113053201281159754e-01	2.969579814166348197e-01	1.866352703024856396e-01	8.688007726708539546e-02	3.928676416312288505e-02	9.810694523625761165e-02
1.973810247171355968e+03	1.805605063607192695e-01	1.111202190587240457e-01	2.971276132991289010e-01	1.867534874323607819e-01	8.693227456541664788e-02	3.932443091978065491e-02	9.818146836374402886e-02
1.978648017385010689e+03	1.802948730983915393e-01	1.109361585833729402e-01	2.972962729109864810e-01	1.868710214575604323e-01	8.698419657981580622e-02	3.936191521670299315e-02	9.825556215304408203e-02
1.983485787598666320e+03	1.800307332397787230e-01	1.107531328451634295e-01	2.974639660222208604e-01	1.869878762932676020e-01	8.703584473977238334e-02	3.939921782451654558e-02	9.832922903515471658e-02
1.988323557812321269e+03	1.797680783733186793e-01	1.105711360202093624e-01	2.976306983660506611e-01	1.871040558328447012e-01	8.708722046747832679e-02	3.943633951196855170e-02	9.840247142800397084e-02
1.993161328025976900e+03	1.795069001350234061e-01	1.103901623174517593e-01	2.977964756391663914e-01	1.872195639479453944e-01	8.713832517786468390e-02	3.947328104591155823e-02	9.847529173651096979e-02
1.997999098239632076e+03	1.792471902082067303e-01	1.102102059784741406e-01	2.979613035019944012e-01	1.873344044886264825e-01	8.718916027863801710e-02	3.951004319128847975e-02	9.854769235264589089e-02
2.002836868453287707e+03	1.789889403232138021e-01	1.100312612773186455e-01	2.981251875789583394e-01	1.874485812834588983e-01	8.723972717031677759e-02	3.954662671111806166e-02	9.861967565548955539e-02
2.007674638666942428e+03	1.787321422571520602e-01	1.098533225203033176e-01	2.982881334587389466e-01	1.875620981396385056e-01	8.729002724626740151e-02	3.958303236648064855e-02	9.869124401129311663e-02
2.012512408880597604e+03	1.784767878336237235e-01	1.096763840458403610e-01	2.984501466945312376e-01	1.876749588430964844e-01	8.734006189274023946e-02	3.961926091650440351e-02	9.876239977353756805e-02
2.017350179094252780e+03	1.782228689224601981e-01	1.095004402242553410e-01	2.986112328042992425e-01	1.877871671586090752e-01	8.738983248890534739e-02	3.965531311835177736e-02	9.883314528299298740e-02
2.022187949307908411e+03	1.779703774394576776e-01	1.093254854576073687e-01	2.987713972710293597e-01	1.878987268299071589e-01	8.743934040688806919e-02	3.969118972720645649e-02	9.890348286777787823e-02
2.027025719521564042e+03	1.777193053461145755e-01	1.091515141795103283e-01	2.989306455429807108e-01	1.880096415797851694e-01	8.748858701180445285e-02	3.972689149626053989e-02	9.897341484341810880e-02
2.031863489735218764e+03	1.774696446493705115e-01	1.089785208549551160e-01	2.990889830339339417e-01	1.881199151102097289e-01	8.753757366179645838e-02	3.976241917670213233e-02	9.904294351290593434e-02
2.036701259948874394e+03	1.772213874013466306e-01	1.088064999801326982e-01	2.992464151234375813e-01	1.882295511024277002e-01	8.758630170806709636e-02	3.979777351770323601e-02	9.911207116675879725e-02
2.041539030162529116e+03	1.769745256990876980e-01	1.086354460822583912e-01	2.994029471570525125e-01	1.883385532170739896e-01	8.763477249491524734e-02	3.983295526640798223e-02	9.918080008307793294e-02
2.046376800376184747e+03	1.767290516843056103e-01	1.084653537193968481e-01	2.995585844465941117e-01	1.884469250942786001e-01	8.768298735977043956e-02	3.986796516792122380e-02	9.924913252760690641e-02
2.051214570589840150e+03	1.764849575431244599e-01	1.082962174802882122e-01	2.997133322703726122e-01	1.885546703537736846e-01	8.773094763322737688e-02	3.990280396529737733e-02	9.931707075378996830e-02
2.056052340803495554e+03	1.762422355058270718e-01	1.081280319841751159e-01	2.998671958734314691e-01	1.886617925949997943e-01	8.777865463908031407e-02	3.993747239952963324e-02	9.938461700283028610e-02
2.060890111017150957e+03	1.760008778466030377e-01	1.079607918806307354e-01	3.000201804677833373e-01	1.887682953972118216e-01	8.782610969435727943e-02	3.997197120953949190e-02	9.945177350374798109e-02
2.065727881230805451e+03	1.757608768832982504e-01	1.077944918493876775e-01	3.001722912326445503e-01	1.888741823195844993e-01	8.787331410935407539e-02	4.000630113216655653e-02	9.951854247343806803e-02
2.070565651444461309e+03	1.755222249771660470e-01	1.076291266001679209e-01	3.003235333146671016e-01	1.889794569013175107e-01	8.792026918766823740e-02	4.004046290215866610e-02	9.958492611672820072e-02
2.075403421658116713e+03	1.752849145326194624e-01	1.074646908725136324e-01	3.004739118281693488e-01	1.890841226617400450e-01	8.796697622623263213e-02	4.007445725216229881e-02	9.965092662643627863e-02
2.080241191871772116e+03	1.750489379969853432e-01	1.073011794356189819e-01	3.006234318553639429e-01	1.891881831004151027e-01	8.801343651534909718e-02	4.010828491271329482e-02	9.971654618342794263e-02
2.085078962085427065e+03	1.748142878602596262e-01	1.071385870881628316e-01	3.007720984465848679e-01	1.892916416972430516e-01	8.805965133872172002e-02	4.014194661222784954e-02	9.978178695667377918e-02
2.089916732299082469e+03	1.745809566548642833e-01	1.069769086581423972e-01	3.009199166205114850e-01	1.893945019125650997e-01	8.810562197349008917e-02	4.017544307699381922e-02	9.984665110330655236e-02
2.094754502512737417e+03	1.743489369554054036e-01	1.068161390027078245e-01	3.010668913643916311e-01	1.894967671872661297e-01	8.815134969026236500e-02	4.020877503116226936e-02	9.991114076867810279e-02
2.099592272726392821e+03	1.741182213784329968e-01	1.066562730079976540e-01	3.012130276342623314e-01	1.895984409428771167e-01	8.819683575314808677e-02	4.024194319673930070e-02	9.997525808641621881e-02
2.104430042940048224e+03	1.738888025822019068e-01	1.064973055889753550e-01	3.013583303551689019e-01	1.896995265816771303e-01	8.824208141979093811e-02	4.027494829357818745e-02	1.000390051784812162e-01
2.109267813153704083e+03	1.736606732664345010e-01	1.063392316892664835e-01	3.015028044213822200e-01	1.898000274867949200e-01	8.828708794140129046e-02	4.030779103937174451e-02	1.001023841552224902e-01
2.114105583367359031e+03	1.734338261720843599e-01	1.061820462809970472e-01	3.016464546966138860e-01	1.898999470223099728e-01	8.833185656278856601e-02	4.034047214964498612e-02	1.001653971154348038e-01
2.118943353581013525e+03	1.732082540811016036e-01	1.060257443646325931e-01	3.017892860142301625e-01	1.899992885333532944e-01	8.837638852239348974e-02	4.037299233774798574e-02	1.002280461464144373e-01
2.123781123794669384e+03	1.729839498161994116e-01	1.058703209688182378e-01	3.019313031774638056e-01	1.900980553462076617e-01	8.842068505232017483e-02	4.040535231484908979e-02	1.002903333240151712e-01
2.128618894008324787e+03	1.727609062406220974e-01	1.057157711502196284e-01	3.020725109596240632e-01	1.901962507684074044e-01	8.846474737836798607e-02	4.043755278992828411e-02	1.003522607127041028e-01
2.133456664221980191e+03	1.725391162579144044e-01	1.055620899933647355e-01	3.022129141043051193e-01	1.902938780888377424e-01	8.850857672006332000e-02	4.046959446977086566e-02	1.004138303656173098e-01
2.138294434435635139e+03	1.723185728116921611e-01	1.054092726104866595e-01	3.023525173255929288e-01	1.903909405778338726e-01	8.855217429069119073e-02	4.050147805896135017e-02	1.004750443246152786e-01
2.143132204649290543e+03	1.720992688854143526e-01	1.052573141413670893e-01	3.024913253082701647e-01	1.904874414872793076e-01	8.859554129732669092e-02	4.053320425987758796e-02	1.005359046203382345e-01
2.147969974862945492e+03	1.718811975021563299e-01	1.051062097531808431e-01	3.026293427080194443e-01	1.905833840507041577e-01	8.863867894086620292e-02	4.056477377268516427e-02	1.005964132722612647e-01
2.152807745076601350e+03	1.716643517243846284e-01	1.049559546403411869e-01	3.027665741516250564e-01	1.906787714833826919e-01	8.868158841605859599e-02	4.059618729533198689e-02	1.006565722887492326e-01
2.157645515290255844e+03	1.714487246537328702e-01	1.048065440243460683e-01	3.029030242371730797e-01	1.907736069824304825e-01	8.872427091153614609e-02	4.062744552354313060e-02	1.007163836671116364e-01
2.162483285503912157e+03	1.712343094307789970e-01	1.046579731536251834e-01	3.030386975342495015e-01	1.908678937269013831e-01	8.876672760984538613e-02	4.065854915081589666e-02	1.007758493936570660e-01
2.167321055717567106e+03	1.710210992348238923e-01	1.045102373033878901e-01	3.031735985841373382e-01	1.909616348778836736e-01	8.880895968747770652e-02	4.068949886841509433e-02	1.008349714437477701e-01
2.172158825931222509e+03	1.708090872836712792e-01	1.043633317754719958e-01	3.033077319000116456e-01	1.910548335785962060e-01	8.885096831489994185e-02	4.072029536536855149e-02	1.008937517818538215e-01
2.176996596144877003e+03	1.705982668334086461e-01	1.042172518981934054e-01	3.034411019671330312e-01	1.911474929544836887e-01	8.889275465658467990e-02	4.075093932846279854e-02	1.009521923616071709e-01
2.181834366358532861e+03	1.703886311781899754e-01	1.040719930261965742e-01	3.035737132430398888e-01	1.912396161133118611e-01	8.893431987104044589e-02	4.078143144223904393e-02	1.010102951258555481e-01
2.186672136572187810e+03	1.701801736500191398e-01	1.039275505403058908e-01	3.037055701577388023e-01	1.913312061452622503e-01	8.897566511084180341e-02	4.081177238898925363e-02	1.010680620067161695e-01
2.191509906785843214e+03	1.699728876185349347e-01	1.037839198473777813e-01	3.038366771138934497e-01	1.914222661230262079e-01	8.901679152265923323e-02	4.084196284875251520e-02	1.011254949256292224e-01
2.196347676999498617e+03	1.697667664907971385e-01	1.036410963801536883e-01	3.039670384870120645e-01	1.915127991018987508e-01	8.905770024728885959e-02	4.087200349931158910e-02	1.011825957934112397e-01
2.201185447213154021e+03	1.695618037110741827e-01	1.034990755971139653e-01	3.040966586256332871e-01	1.916028081198719590e-01	8.909839241968213475e-02	4.090189501618961276e-02	1.012393665103082513e-01
2.206023217426809424e+03	1.693579927606314040e-01	1.033578529823324377e-01	3.042255418515106280e-01	1.916922961977279016e-01	8.913886916897523216e-02	4.093163807264705439e-02	1.012958089660487004e-01
2.210860987640464373e+03	1.691553271575212403e-01	1.032174240453318792e-01	3.043536924597955995e-01	1.917812663391311456e-01	8.917913161851835635e-02	4.096123333967882640e-02	1.013519250398962901e-01
2.215698757854119776e+03	1.689538004563741480e-01	1.030777843209403216e-01	3.044811147192188483e-01	1.918697215307208770e-01	8.921918088590495566e-02	4.099068148601160005e-02	1.014077166007025244e-01
2.220536528067775180e+03	1.687534062481909070e-01	1.029389293691481411e-01	3.046078128722705669e-01	1.919576647422024940e-01	8.925901808300068518e-02	4.101998317810131439e-02	1.014631855069591804e-01
2.225374298281430583e+03	1.685541381601360911e-01	1.028008547749658941e-01	3.047337911353787954e-01	1.920450989264389230e-01	8.929864431597230034e-02	4.104913908013080315e-02	1.015183336068504888e-01
2.230212068495085077e+03	1.683559898553327328e-01	1.026635561482830417e-01	3.048590536990867794e-01	1.921320270195414071e-01	8.933806068531642552e-02	4.107814985400772695e-02	1.015731627383051894e-01
2.235049838708740936e+03	1.681589550326582083e-01	1.025270291237274506e-01	3.049836047282286633e-01	1.922184519409599335e-01	8.937726828588808681e-02	4.110701615936254716e-02	1.016276747290483784e-01
2.239887608922396339e+03	1.679630274265413448e-01	1.023912693605256718e-01	3.051074483621039057e-01	1.923043765935732452e-01	8.941626820692917532e-02	4.113573865354675646e-02	1.016818713966531895e-01
2.244725379136052197e+03	1.677682008067605257e-01	1.022562725423640240e-01	3.052305887146501417e-01	1.923898038637783248e-01	8.945506153209678568e-02	4.116431799163126209e-02	1.017357545485922249e-01
2.249563149349706237e+03	1.675744689782431296e-01	1.021220343772503841e-01	3.053530298746150451e-01	1.924747366215796007e-01	8.949364933949129075e-02	4.119275482640490788e-02	1.017893259822889168e-01
2.254400919563362095e+03	1.673818257808660226e-01	1.019885505973768952e-01	3.054747759057264145e-01	1.925591777206777655e-01	8.953203270168444416e-02	4.122104980837321825e-02	1.018425874851685148e-01
2.259238689777017044e+03	1.671902650892573006e-01	1.018558169589833390e-01	3.055958308468610940e-01	1.926431299985578993e-01	8.957021268574724693e-02	4.124920358575724644e-02	1.018955408347091141e-01
2.264076459990672902e+03	1.669997808125990579e-01	1.017238292422213419e-01	3.057161987122127833e-01	1.927265962765775109e-01	8.960819035327763360e-02	4.127721680449260994e-02	1.019481877984922819e-01
