1.001418434226643626e+03	2.809861371467916591e-01	1.794446360556299358e-01	2.347065635467896205e-01	1.408551858057895123e-01	6.827443478824532508e-02	2.676847144282771748e-02	6.896457121380705768e-02
1.002869765290740247e+03	2.807361932225795331e-01	1.792737947249008479e-01	2.348876960660409574e-01	1.409595716786522512e-01	6.831815321532801188e-02	2.679432983152724157e-02	6.903026126085201608e-02
1.004321096354836754e+03	2.804866743498988235e-01	1.791032420892519905e-01	2.350685124358329881e-01	1.410637696116407713e-01	6.836179638684519722e-02	2.682016171787280148e-02	6.909584340853837381e-02
1.005772427418933376e+03	2.802375797847734828e-01	1.789329776751985013e-01	2.352490131964562747e-01	1.411677799978916792e-01	6.840536444199862842e-02	2.684596709342925921e-02	6.916131781013308555e-02
1.007223758483029997e+03	2.799889087848428382e-01	1.787630010097712441e-01	2.354291988872697361e-01	1.412716032294349666e-01	6.844885751970146426e-02	2.687174594995054427e-02	6.922668461891011427e-02
1.008675089547126618e+03	2.797406606093532644e-01	1.785933116205205284e-01	2.356090700467023402e-01	1.413752396971987846e-01	6.849227575857889938e-02	2.689749827937876550e-02	6.929194398814834954e-02
1.010126420611223239e+03	2.794928345191496355e-01	1.784239090355201063e-01	2.357886272122549642e-01	1.414786897910143282e-01	6.853561929696895538e-02	2.692322407384330554e-02	6.935709607112966468e-02
1.011577751675319632e+03	2.792454297766676641e-01	1.782547927833708079e-01	2.359678709205021430e-01	1.415819538996205273e-01	6.857888827292311917e-02	2.694892332565992227e-02	6.942214102113686280e-02
1.013029082739416367e+03	2.789984456459254636e-01	1.780859623932043723e-01	2.361468017070937897e-01	1.416850324106688208e-01	6.862208282420710626e-02	2.697459602732986406e-02	6.948707899145165068e-02
1.014480413803512761e+03	2.787518813925161099e-01	1.779174173946869164e-01	2.363254201067570004e-01	1.417879257107277913e-01	6.866520308830152686e-02	2.700024217153897121e-02	6.955191013535273747e-02
1.015931744867609382e+03	2.785057362835995365e-01	1.777491573180224882e-01	2.365037266532978300e-01	1.418906341852880226e-01	6.870824920240259370e-02	2.702586175115679820e-02	6.961663460611386411e-02
1.017383075931706003e+03	2.782600095878948188e-01	1.775811816939564247e-01	2.366817218796029854e-01	1.419931582187665131e-01	6.875122130342285753e-02	2.705145475923572893e-02	6.968125255700184650e-02
1.018834406995802851e+03	2.780147005756725687e-01	1.774134900537788773e-01	2.368594063176416298e-01	1.420954981945114770e-01	6.879411952799185936e-02	2.707702118901009550e-02	6.974576414127468815e-02
1.020285738059899245e+03	2.777698085187476074e-01	1.772460819293279477e-01	2.370367804984670479e-01	1.421976544948067855e-01	6.883694401245689376e-02	2.710256103389530741e-02	6.981016951217965116e-02
1.021737069123995752e+03	2.775253326904713047e-01	1.770789568529929636e-01	2.372138449522183945e-01	1.422996275008766298e-01	6.887969489288361946e-02	2.712807428748697375e-02	6.987446882295138273e-02
1.023188400188092373e+03	2.772812723657242517e-01	1.769121143577176147e-01	2.373906002081225541e-01	1.424014175928900172e-01	6.892237230505683654e-02	2.715356094356003586e-02	6.993866222681004163e-02
1.024639731252188767e+03	2.770376268209091553e-01	1.767455539770029505e-01	2.375670467944956399e-01	1.425030251499652401e-01	6.896497638448111089e-02	2.717902099606790689e-02	7.000274987695942475e-02
1.026091062316285615e+03	2.767943953339433993e-01	1.765792752449105163e-01	2.377431852387448252e-01	1.426044505501744275e-01	6.900750726638153754e-02	2.720445443914160100e-02	7.006673192658516292e-02
1.027542393380382237e+03	2.765515771842522730e-01	1.764132776960650739e-01	2.379190160673701482e-01	1.427056941705478199e-01	6.904996508570437896e-02	2.722986126708887636e-02	7.013060852885293073e-02
1.028993724444478858e+03	2.763091716527616981e-01	1.762475608656576542e-01	2.380945398059660656e-01	1.428067563870784040e-01	6.909234997711775905e-02	2.725524147439338518e-02	7.019437983690654526e-02
1.030445055508575479e+03	2.760671780218915683e-01	1.760821242894482497e-01	2.382697569792231740e-01	1.429076375747261318e-01	6.913466207501235694e-02	2.728059505571381327e-02	7.025804600386624521e-02
1.031896386572671872e+03	2.758255955755486433e-01	1.759169675037685066e-01	2.384446681109299582e-01	1.430083381074223614e-01	6.917690151350208705e-02	2.730592200588303348e-02	7.032160718282694234e-02
1.033347717636768493e+03	2.755844235991199986e-01	1.757520900455245005e-01	2.386192737239744011e-01	1.431088583580741314e-01	6.921906842642479296e-02	2.733122231990725570e-02	7.038506352685637568e-02
1.034799048700865114e+03	2.753436613794663090e-01	1.755874914521991792e-01	2.387935743403458710e-01	1.432091986985685461e-01	6.926116294734292744e-02	2.735649599296519768e-02	7.044841518899346011e-02
1.036250379764961508e+03	2.751033082049150758e-01	1.754231712618550820e-01	2.389675704811364543e-01	1.433093594997769671e-01	6.930318520954421857e-02	2.738174302040722111e-02	7.051166232224652386e-02
1.037701710829058356e+03	2.748633633652542985e-01	1.752591290131365054e-01	2.391412626665429808e-01	1.434093411315593147e-01	6.934513534604237750e-02	2.740696339775451629e-02	7.057480507959155991e-02
1.039153041893154750e+03	2.746238261517259804e-01	1.750953642452723058e-01	2.393146514158684401e-01	1.435091439627682874e-01	6.938701348957772297e-02	2.743215712069826256e-02	7.063784361397060230e-02
1.040604372957251599e+03	2.743846958570198002e-01	1.749318764980779262e-01	2.394877372475237298e-01	1.436087683612534971e-01	6.942881977261790294e-02	2.745732418509879563e-02	7.070077807828999139e-02
1.042055704021347992e+03	2.741459717752666170e-01	1.747686653119578659e-01	2.396605206790294040e-01	1.437082146938657989e-01	6.947055432735851910e-02	2.748246458698477140e-02	7.076360862541875019e-02
1.043507035085444613e+03	2.739076532020324195e-01	1.746057302279078183e-01	2.398330022270171169e-01	1.438074833264612606e-01	6.951221728572384850e-02	2.750757832255236110e-02	7.082633540818687734e-02
1.044958366149541234e+03	2.736697394343122203e-01	1.744430707875168907e-01	2.400051824072315376e-01	1.439065746239053811e-01	6.955380877936749584e-02	2.753266538816441511e-02	7.088895857938377898e-02
1.046409697213637855e+03	2.734322297705237270e-01	1.742806865329697696e-01	2.401770617345317660e-01	1.440054889500771707e-01	6.959532893967303180e-02	2.755772578034965462e-02	7.095147829175660337e-02
1.047861028277734476e+03	2.731951235105015696e-01	1.741185770070486638e-01	2.403486407228930255e-01	1.441042266678732031e-01	6.963677789775468696e-02	2.758275949580185279e-02	7.101389469800865883e-02
1.049312359341831097e+03	2.729584199554913049e-01	1.739567417531354687e-01	2.405199198854084119e-01	1.442027881392116684e-01	6.967815578445801794e-02	2.760776653137901951e-02	7.107620795079777620e-02
1.050763690405927491e+03	2.727221184081433658e-01	1.737951803152135710e-01	2.406908997342903644e-01	1.443011737250364246e-01	6.971946273036054575e-02	2.763274688410259985e-02	7.113841820273479610e-02
1.052215021470024112e+03	2.724862181725073440e-01	1.736338922378698746e-01	2.408615807808724141e-01	1.443993837853209394e-01	6.976069886577242196e-02	2.765770055115666579e-02	7.120052560638197303e-02
1.053666352534120733e+03	2.722507185540263830e-01	1.734728770662965769e-01	2.410319635356106827e-01	1.444974186790723147e-01	6.980186432073712255e-02	2.768262752988711467e-02	7.126253031425142104e-02
1.055117683598217127e+03	2.720156188595312940e-01	1.733121343462930564e-01	2.412020485080855481e-01	1.445952787643352555e-01	6.984295922503203080e-02	2.770752781780086785e-02	7.132443247880360104e-02
1.056569014662313975e+03	2.717809183972348941e-01	1.731516636242675378e-01	2.413718362070033929e-01	1.446929643981958169e-01	6.988398370816917282e-02	2.773240141256507960e-02	7.138623225244576653e-02
1.058020345726410369e+03	2.715466164767267321e-01	1.729914644472388408e-01	2.415413271401979090e-01	1.447904759367855398e-01	6.992493789939578652e-02	2.775724831200633569e-02	7.144792978753049251e-02
1.059471676790506763e+03	2.713127124089672049e-01	1.728315363628381285e-01	2.417105218146320122e-01	1.448878137352852535e-01	6.996582192769507103e-02	2.778206851410987277e-02	7.150952523635417668e-02
1.060923007854603611e+03	2.710792055062823391e-01	1.726718789193103232e-01	2.418794207363992310e-01	1.449849781479287947e-01	7.000663592178672789e-02	2.780686201701878732e-02	7.157101875115555456e-02
1.062374338918700232e+03	2.708460950823584623e-01	1.725124916655158269e-01	2.420480244107253431e-01	1.450819695280070043e-01	7.004738001012768278e-02	2.783162881903325156e-02	7.163241048411421452e-02
1.063825669982796853e+03	2.706133804522365960e-01	1.723533741509319928e-01	2.422163333419700415e-01	1.451787882278715025e-01	7.008805432091272380e-02	2.785636891860973283e-02	7.169370058734918227e-02
1.065277001046893474e+03	2.703810609323076264e-01	1.721945259256545957e-01	2.423843480336284606e-01	1.452754345989383800e-01	7.012865898207511217e-02	2.788108231436021295e-02	7.175488921291744981e-02
1.066728332110990095e+03	2.701491358403065313e-01	1.720359465403992760e-01	2.425520689883326475e-01	1.453719089916920559e-01	7.016919412128723443e-02	2.790576900505142149e-02	7.181597651281257377e-02
1.068179663175086489e+03	2.699176044953078279e-01	1.718776355465030103e-01	2.427194967078533661e-01	1.454682117556889975e-01	7.020965986596126862e-02	2.793042898960405515e-02	7.187696263896325988e-02
1.069630994239183110e+03	2.696864662177199112e-01	1.717195924959252773e-01	2.428866316931014568e-01	1.455643432395614389e-01	7.025005634324980874e-02	2.795506226709201444e-02	7.193784774323194742e-02
1.071082325303279504e+03	2.694557203292802794e-01	1.715618169412495009e-01	2.430534744441295025e-01	1.456603037910210174e-01	7.029038368004644766e-02	2.797966883674163699e-02	7.199863197741347698e-02
1.072533656367376352e+03	2.692253661530507047e-01	1.714043084356842161e-01	2.432200254601334100e-01	1.457560937568624926e-01	7.033064200298649871e-02	2.800424869793093074e-02	7.205931549323364715e-02
1.073984987431472746e+03	2.689954030134119045e-01	1.712470665330644015e-01	2.433862852394538812e-01	1.458517134829674655e-01	7.037083143844756472e-02	2.802880185018882461e-02	7.211989844234788227e-02
1.075436318495569594e+03	2.687658302360589335e-01	1.710900907878526722e-01	2.435522542795780232e-01	1.459471633143078206e-01	7.041095211255021802e-02	2.805332829319440169e-02	7.218038097633990013e-02
1.076887649559666215e+03	2.685366471479961881e-01	1.709333807551402240e-01	2.437179330771409302e-01	1.460424435949495836e-01	7.045100415115858328e-02	2.807782802677614639e-02	7.224076324672035199e-02
1.078338980623762609e+03	2.683078530775327430e-01	1.707769359906481932e-01	2.438833221279270713e-01	1.461375546680562520e-01	7.049098767988097591e-02	2.810230105091119507e-02	7.230104540492557352e-02
1.079790311687859230e+03	2.680794473542775225e-01	1.706207560507286003e-01	2.440484219268720389e-01	1.462324968758925980e-01	7.053090282407054046e-02	2.812674736572458659e-02	7.236122760231614159e-02
1.081241642751955851e+03	2.678514293091345255e-01	1.704648404923653493e-01	2.442132329680639369e-01	1.463272705598280821e-01	7.057074970882588894e-02	2.815116697148852334e-02	7.242130999017573623e-02
1.082692973816052472e+03	2.676237982742983856e-01	1.703091888731753101e-01	2.443777557447450455e-01	1.464218760603403224e-01	7.061052845899168373e-02	2.817555986862162187e-02	7.248129271970972509e-02
1.084144304880149093e+03	2.673965535832495410e-01	1.701538007514092066e-01	2.445419907493131539e-01	1.465163137170187313e-01	7.065023919915928985e-02	2.819992605768817384e-02	7.254117594204395614e-02
1.085595635944245487e+03	2.671696945707499604e-01	1.699986756859526160e-01	2.447059384733232534e-01	1.466105838685679563e-01	7.068988205366735778e-02	2.822426553939741747e-02	7.260095980822350858e-02
1.087046967008342108e+03	2.669432205728383134e-01	1.698438132363268016e-01	2.448695994074890081e-01	1.467046868528112669e-01	7.072945714660248961e-02	2.824857831460278815e-02	7.266064446921140230e-02
1.088498298072438729e+03	2.667171309268257517e-01	1.696892129626895451e-01	2.450329740416842539e-01	1.467986230066941344e-01	7.076896460179980808e-02	2.827286438430121063e-02	7.272023007588740429e-02
1.089949629136535123e+03	2.664914249712913019e-01	1.695348744258361184e-01	2.451960628649445251e-01	1.468923926662875357e-01	7.080840454284358099e-02	2.829712374963234620e-02	7.277971677904676584e-02
1.091400960200631971e+03	2.662661020460776462e-01	1.693807971871998386e-01	2.453588663654685254e-01	1.469859961667913661e-01	7.084777709306785964e-02	2.832135641187788835e-02	7.283910472939902903e-02
1.092852291264728365e+03	2.660411614922867929e-01	1.692269808088530947e-01	2.455213850306196821e-01	1.470794338425378822e-01	7.088708237555704783e-02	2.834556237246083077e-02	7.289839407756684708e-02
1.094303622328825213e+03	2.658166026522755798e-01	1.690734248535077922e-01	2.456836193469276453e-01	1.471727060269951148e-01	7.092632051314651243e-02	2.836974163294474563e-02	7.295758497408477705e-02
1.095754953392921607e+03	2.655924248696516776e-01	1.689201288845162685e-01	2.458455698000897860e-01	1.472658130527700615e-01	7.096549162842326341e-02	2.839389419503307588e-02	7.301667756939810017e-02
1.097206284457018228e+03	2.653686274892690933e-01	1.687670924658718763e-01	2.460072368749726679e-01	1.473587552516120724e-01	7.100459584372645350e-02	2.841802006056841010e-02	7.307567201386162836e-02
1.098657615521114849e+03	2.651452098572244509e-01	1.686143151622096215e-01	2.461686210556134902e-01	1.474515329544162090e-01	7.104363328114803033e-02	2.844211923153178861e-02	7.313456845773864956e-02
1.100108946585211470e+03	2.649221713208523843e-01	1.684617965388068017e-01	2.463297228252216697e-01	1.475441464912264911e-01	7.108260406253334718e-02	2.846619171004196799e-02	7.319336705119965092e-02
1.101560277649308091e+03	2.646995112287215957e-01	1.683095361615834784e-01	2.464905426661802568e-01	1.476365961912392000e-01	7.112150830948173186e-02	2.849023749835474448e-02	7.325206794432130575e-02
1.103011608713404712e+03	2.644772289306310808e-01	1.681575335971031704e-01	2.466510810600474335e-01	1.477288823828060704e-01	7.116034614334712516e-02	2.851425659886224623e-02	7.331067128708529390e-02
1.104462939777501106e+03	2.642553237776056330e-01	1.680057884125732703e-01	2.468113384875580130e-01	1.478210053934375379e-01	7.119911768523862206e-02	2.853824901409221515e-02	7.336917722937717767e-02
1.105914270841597499e+03	2.640337951218922341e-01	1.678543001758455722e-01	2.469713154286249102e-01	1.479129655498059304e-01	7.123782305602109621e-02	2.856221474670732688e-02	7.342758592098537485e-02
1.107365601905694348e+03	2.638126423169561141e-01	1.677030684554167428e-01	2.471310123623405020e-01	1.480047631777487993e-01	7.127646237631579673e-02	2.858615379950448648e-02	7.348589751159997907e-02
1.108816932969790741e+03	2.635918647174766427e-01	1.675520928204288218e-01	2.472904297669782647e-01	1.480963986022719447e-01	7.131503576650093101e-02	2.861006617541414498e-02	7.354411215081176068e-02
1.110268264033887590e+03	2.633714616793434993e-01	1.674013728406694157e-01	2.474495681199940511e-01	1.481878721475525795e-01	7.135354334671226151e-02	2.863395187749961587e-02	7.360222998811105644e-02
1.111719595097984211e+03	2.631514325596530091e-01	1.672509080865723918e-01	2.476084278980277553e-01	1.482791841369425767e-01	7.139198523684367470e-02	2.865781090895636735e-02	7.366025117288674262e-02
1.113170926162080832e+03	2.629317767167040909e-01	1.671006981292180171e-01	2.477670095769045622e-01	1.483703348929714949e-01	7.143036155654775010e-02	2.868164327311136311e-02	7.371817585442519416e-02
1.114622257226177226e+03	2.627124935099947600e-01	1.669507425403334022e-01	2.479253136316365569e-01	1.484613247373497702e-01	7.146867242523641250e-02	2.870544897342236501e-02	7.377600418190921605e-02
1.116073588290273847e+03	2.624935823002182977e-01	1.668010408922927235e-01	2.480833405364240574e-01	1.485521539909716859e-01	7.150691796208144546e-02	2.872922801347726346e-02	7.383373630441703028e-02
1.117524919354370468e+03	2.622750424492594212e-01	1.666515927581176115e-01	2.482410907646571130e-01	1.486428229739185647e-01	7.154509828601508803e-02	2.875298039699340086e-02	7.389137237092130439e-02
1.118976250418467089e+03	2.620568733201908418e-01	1.665023977114773457e-01	2.483985647889168924e-01	1.487333320054617658e-01	7.158321351573061764e-02	2.877670612781689854e-02	7.394891253028809674e-02
1.120427581482563710e+03	2.618390742772695456e-01	1.663534553266891869e-01	2.485557630809772656e-01	1.488236814040657108e-01	7.162126376968296071e-02	2.880040520992198719e-02	7.400635693127591286e-02
1.121878912546660331e+03	2.616216446859329636e-01	1.662047651787184610e-01	2.487126861118060528e-01	1.489138714873909364e-01	7.165924916608920614e-02	2.882407764741033024e-02	7.406370572253465068e-02
1.123330243610756725e+03	2.614045839127958626e-01	1.660563268431788642e-01	2.488693343515665790e-01	1.490039025722970645e-01	7.169716982292917429e-02	2.884772344451038556e-02	7.412095905260472628e-02
1.124781574674853118e+03	2.611878913256464041e-01	1.659081398963326293e-01	2.490257082696190061e-01	1.490937749748458274e-01	7.173502585794606923e-02	2.887134260557671153e-02	7.417811706991604692e-02
1.126232905738949967e+03	2.609715662934428693e-01	1.657602039150906370e-01	2.491818083345218315e-01	1.491834890103039823e-01	7.177281738864699223e-02	2.889493513508933215e-02	7.423517992278708122e-02
1.127684236803046360e+03	2.607556081863100506e-01	1.656125184770125547e-01	2.493376350140333320e-01	1.492730449931463366e-01	7.181054453230348300e-02	2.891850103765306393e-02	7.429214775942388771e-02
1.129135567867143209e+03	2.605400163755359766e-01	1.654650831603070027e-01	2.494931887751128119e-01	1.493624432370586896e-01	7.184820740595215804e-02	2.894204031799686716e-02	7.434902072791922667e-02
1.130586898931239830e+03	2.603247902335682484e-01	1.653178975438316656e-01	2.496484700839222137e-01	1.494516840549405812e-01	7.188580612639521028e-02	2.896555298097320402e-02	7.440579897625161643e-02
1.132038229995336451e+03	2.601099291340108755e-01	1.651709612070931810e-01	2.498034794058274499e-01	1.495407677589084550e-01	7.192334081020101966e-02	2.898903903155737941e-02	7.446248265228440355e-02
1.133489561059432845e+03	2.598954324516207781e-01	1.650242737302474172e-01	2.499582172053998463e-01	1.496296946602983513e-01	7.196081157370465275e-02	2.901249847484689212e-02	7.451907190376490242e-02
1.134940892123529466e+03	2.596812995623044018e-01	1.648778346940994177e-01	2.501126839464173912e-01	1.497184650696689046e-01	7.199821853300850116e-02	2.903593131606079653e-02	7.457556687832345155e-02
1.136392223187626087e+03	2.594675298431146637e-01	1.647316436801033457e-01	2.502668800918663727e-01	1.498070792968040910e-01	7.203556180398276720e-02	2.905933756053906761e-02	7.463196772347256702e-02
1.137843554251722708e+03	2.592541226722474557e-01	1.645857002703626226e-01	2.504208061039425171e-01	1.498955376507161985e-01	7.207284150226607455e-02	2.908271721374194874e-02	7.468827458660605434e-02
1.139294885315819101e+03	2.590410774290384244e-01	1.644400040476297897e-01	2.505744624440526813e-01	1.499838404396484914e-01	7.211005774326598172e-02	2.910607028124932716e-02	7.474448761499816185e-02
1.140746216379915950e+03	2.588283934939597519e-01	1.642945545953065078e-01	2.507278495728160195e-01	1.500719879710782356e-01	7.214721064215956492e-02	2.912939676876009562e-02	7.480060695580269259e-02
1.142197547444012343e+03	2.586160702486170471e-01	1.641493514974435852e-01	2.508809679500653700e-01	1.501599805517192521e-01	7.218430031389394541e-02	2.915269668209152093e-02	7.485663275605214384e-02
1.143648878508108737e+03	2.584041070757460701e-01	1.640043943387406999e-01	2.510338180348488657e-01	1.502478184875248590e-01	7.222132687318687239e-02	2.917597002717861251e-02	7.491256516265693000e-02
1.145100209572205586e+03	2.581925033592095686e-01	1.638596827045464832e-01	2.511864002854309330e-01	1.503355020836906475e-01	7.225829043452722256e-02	2.919921681007351180e-02	7.496840432240452212e-02
1.146551540636302207e+03	2.579812584839942802e-01	1.637152161808583806e-01	2.513387151592941238e-01	1.504230316446571181e-01	7.229519111217558303e-02	2.922243703694484343e-02	7.502415038195860142e-02
1.148002871700398828e+03	2.577703718362076568e-01	1.635709943543224854e-01	2.514907631131400589e-01	1.505104074741125397e-01	7.233202902016479252e-02	2.924563071407712198e-02	7.507980348785830982e-02
1.149454202764495449e+03	2.575598428030749787e-01	1.634270168122333999e-01	2.516425446028911495e-01	1.505976298749955311e-01	7.236880427230046875e-02	2.926879784787011357e-02	7.513536378651736181e-02
1.150905533828591842e+03	2.573496707729360788e-01	1.632832831425341802e-01	2.517940600836917620e-01	1.506846991494979193e-01	7.240551698216153576e-02	2.929193844483822182e-02	7.519083142422332278e-02
1.152356864892688463e+03	2.571398551352425121e-01	1.631397929338159747e-01	2.519453100099096621e-01	1.507716155990673212e-01	7.244216726310083454e-02	2.931505251160989103e-02	7.524620654713681800e-02
1.153808195956785084e+03	2.569303952805545022e-01	1.629965457753179969e-01	2.520962948351372912e-01	1.508583795244099190e-01	7.247875522824556715e-02	2.933814005492697483e-02	7.530148930129071383e-02
1.155259527020881706e+03	2.567212906005379436e-01	1.628535412569273033e-01	2.522470150121932653e-01	1.509449912254929860e-01	7.251528099049790732e-02	2.936120108164413933e-02	7.535667983258939606e-02
1.156710858084978327e+03	2.565125404879613491e-01	1.627107789691784878e-01	2.523974709931236515e-01	1.510314510015477174e-01	7.255174466253548615e-02	2.938423559872825261e-02	7.541177828680797890e-02
1.158162189149074720e+03	2.563041443366931849e-01	1.625682585032535432e-01	2.525476632292033008e-01	1.511177591510716456e-01	7.258814635681197502e-02	2.940724361325778094e-02	7.546678480959155555e-02
1.159613520213171569e+03	2.560961015416984288e-01	1.624259794509815558e-01	2.526975921709372908e-01	1.512039159718314985e-01	7.262448618555751578e-02	2.943022513242219904e-02	7.552169954645449046e-02
1.161064851277267962e+03	2.558884114990362946e-01	1.622839414048384832e-01	2.528472582680622027e-01	1.512899217608656144e-01	7.266076426077941464e-02	2.945318016352136553e-02	7.557652264277962828e-02
1.162516182341364356e+03	2.556810736058570122e-01	1.621421439579468771e-01	2.529966619695473429e-01	1.513757768144866067e-01	7.269698069426250298e-02	2.947610871396495746e-02	7.563125424381762774e-02
1.163967513405461204e+03	2.554740872603989965e-01	1.620005867040756331e-01	2.531458037235964076e-01	1.514614814282840283e-01	7.273313559756977575e-02	2.949901079127185272e-02	7.568589449468619834e-02
1.165418844469557826e+03	2.552674518619860722e-01	1.618592692376395747e-01	2.532946839776485382e-01	1.515470358971267861e-01	7.276922908204289109e-02	2.952188640306955061e-02	7.574044354036942039e-02
1.166870175533654447e+03	2.550611668110245867e-01	1.617181911536992867e-01	2.534433031783798751e-01	1.516324405151658061e-01	7.280526125880264210e-02	2.954473555709358212e-02	7.579490152571702333e-02
1.168321506597751068e+03	2.548552315090007458e-01	1.615773520479606706e-01	2.535916617717047239e-01	1.517176955758365309e-01	7.284123223874956754e-02	2.956755826118690963e-02	7.584926859544373345e-02
1.169772837661847461e+03	2.546496453584777830e-01	1.614367515167746958e-01	2.537397602027768317e-01	1.518028013718613900e-01	7.287714213256438200e-02	2.959035452329936491e-02	7.590354489412851069e-02
1.171224168725944082e+03	2.544444077630931278e-01	1.612963891571370378e-01	2.538875989159908864e-01	1.518877581952524369e-01	7.291299105070857267e-02	2.961312435148704889e-02	7.595773056621393793e-02
1.172675499790040703e+03	2.542395181275557414e-01	1.611562645666876070e-01	2.540351783549837927e-01	1.519725663373137636e-01	7.294877910342485727e-02	2.963586775391176265e-02	7.601182575600552715e-02
1.174126830854137097e+03	2.540349758576435635e-01	1.610163773437103540e-01	2.541824989626361164e-01	1.520572260886439708e-01	7.298450640073771145e-02	2.965858473884042112e-02	7.606583060767106719e-02
1.175578161918233945e+03	2.538307803602004031e-01	1.608767270871327981e-01	2.543295611810729717e-01	1.521417377391386938e-01	7.302017305245393775e-02	2.968127531464448410e-02	7.611974526523994367e-02
1.177029492982330339e+03	2.536269310431336632e-01	1.607373133965255552e-01	2.544763654516659090e-01	1.522261015779931004e-01	7.305577916816310968e-02	2.970393948979938026e-02	7.617356987260252843e-02
1.178480824046426733e+03	2.534234273154115646e-01	1.605981358721020880e-01	2.546229122150338586e-01	1.523103178937042224e-01	7.309132485723812689e-02	2.972657727288394863e-02	7.622730457350951339e-02
1.179932155110523581e+03	2.532202685870603709e-01	1.604591941147181511e-01	2.547692019110444628e-01	1.523943869740735368e-01	7.312681022883568693e-02	2.974918867257984878e-02	7.628094951157128600e-02
1.181383486174620202e+03	2.530174542691618345e-01	1.603204877258714578e-01	2.549152349788157412e-01	1.524783091062091589e-01	7.316223539189681269e-02	2.977177369767101262e-02	7.633450483025734645e-02
1.182834817238716823e+03	2.528149837738508099e-01	1.601820163077011805e-01	2.550610118567167572e-01	1.525620845765285338e-01	7.319760045514737967e-02	2.979433235704307195e-02	7.638797067289559983e-02
1.184286148302813444e+03	2.526128565143123117e-01	1.600437794629875343e-01	2.552065329823696160e-01	1.526457136707606022e-01	7.323290552709860179e-02	2.981686465968280339e-02	7.644134718267181494e-02
1.185737479366910065e+03	2.524110719047791829e-01	1.599057767951513886e-01	2.553517987926502975e-01	1.527291966739483531e-01	7.326815071604751706e-02	2.983937061467756974e-02	7.649463450262901365e-02
1.187188810431006686e+03	2.522096293605294304e-01	1.597680079082536009e-01	2.554968097236900437e-01	1.528125338704511005e-01	7.330333613007754268e-02	2.986185023121474755e-02	7.654783277566686028e-02
1.188640141495103080e+03	2.520085282978837271e-01	1.596304724069947667e-01	2.556415662108768028e-01	1.528957255439468976e-01	7.333846187705890529e-02	2.988430351858119977e-02	7.660094214454110650e-02
1.190091472559199701e+03	2.518077681342028584e-01	1.594931698967145262e-01	2.557860686888563939e-01	1.529787719774347854e-01	7.337352806464916832e-02	2.990673048616269980e-02	7.665396275186295294e-02
1.191542803623296322e+03	2.516073482878852796e-01	1.593560999833912861e-01	2.559303175915338402e-01	1.530616734532372625e-01	7.340853480029378708e-02	2.992913114344339376e-02	7.670689474009853570e-02
1.192994134687392716e+03	2.514072681783645624e-01	1.592192622736415542e-01	2.560743133520746451e-01	1.531444302530025614e-01	7.344348219122651122e-02	2.995150550000525574e-02	7.675973825156832964e-02
1.194445465751489564e+03	2.512075272261068970e-01	1.590826563747194666e-01	2.562180564029061247e-01	1.532270426577069244e-01	7.347837034446993987e-02	2.997385356552752927e-02	7.681249342844656547e-02
1.195896796815585958e+03	2.510081248526088715e-01	1.589462818945162614e-01	2.563615471757185738e-01	1.533095109476569073e-01	7.351319936683600731e-02	2.999617534978618605e-02	7.686516041276074407e-02
1.197348127879682352e+03	2.508090604803946411e-01	1.588101384415596951e-01	2.565047861014666530e-01	1.533918354024916830e-01	7.354796936492642712e-02	3.001847086265340553e-02	7.691773934639105359e-02
1.198799458943779200e+03	2.506103335330137072e-01	1.586742256250136818e-01	2.566477736103706109e-01	1.534740163011854286e-01	7.358268044513327499e-02	3.004074011409700942e-02	7.697023037106978660e-02
1.200250790007875821e+03	2.504119434350386419e-01	1.585385430546775443e-01	2.567905101319177263e-01	1.535560539220493792e-01	7.361733271363936348e-02	3.006298311417994473e-02	7.702263362838090988e-02
1.201702121071972442e+03	2.502138896120624234e-01	1.584030903409855973e-01	2.569329960948632530e-01	1.536379485427342984e-01	7.365192627641886647e-02	3.008519987305973906e-02	7.707494925975942601e-02
1.203153452136069063e+03	2.500161714906961041e-01	1.582678670950064814e-01	2.570752319272319175e-01	1.537197004402324763e-01	7.368646123923765223e-02	3.010739040098795935e-02	7.712717740649092935e-02
1.204604783200165684e+03	2.498187884985666740e-01	1.581328729284426082e-01	2.572172180563193078e-01	1.538013098908802556e-01	7.372093770765388021e-02	3.012955470830971233e-02	7.717931820971110635e-02
1.206056114264262078e+03	2.496217400643143958e-01	1.579981074536297159e-01	2.573589549086928163e-01	1.538827771703600300e-01	7.375535578701845896e-02	3.015169280546308242e-02	7.723137181040512500e-02
1.207507445328358699e+03	2.494250256175906677e-01	1.578635702835360366e-01	2.575004429101930281e-01	1.539641025537025198e-01	7.378971558247549023e-02	3.017380470297862868e-02	7.728333834940728786e-02
1.208958776392455093e+03	2.492286445890555813e-01	1.577292610317619359e-01	2.576416824859351640e-01	1.540452863152889651e-01	7.382401719896278247e-02	3.019589041147885400e-02	7.733521796740042142e-02
1.210410107456551941e+03	2.490325964103756451e-01	1.575951793125392464e-01	2.577826740603100797e-01	1.541263287288533457e-01	7.385826074121232265e-02	3.021794994167767423e-02	7.738701080491540429e-02
1.211861438520648335e+03	2.488368805142215923e-01	1.574613247407304906e-01	2.579234180569857093e-01	1.542072300674845742e-01	7.389244631375076200e-02	3.023998330437991516e-02	7.743871700233075084e-02
1.213312769584745183e+03	2.486414963342658546e-01	1.573276969318285201e-01	2.580639148989081200e-01	1.542879906036285775e-01	7.392657402089987395e-02	3.026199051048079208e-02	7.749033669987209771e-02
1.214764100648841804e+03	2.484464433051804533e-01	1.571942955019557386e-01	2.582041650083030104e-01	1.543686106090904897e-01	7.396064396677703989e-02	3.028397157096537895e-02	7.754187003761171815e-02
1.216215431712937971e+03	2.482517208626347782e-01	1.570611200678635466e-01	2.583441688066768216e-01	1.544490903550367888e-01	7.399465625529572099e-02	3.030592649690811227e-02	7.759331715546810559e-02
1.217666762777034819e+03	2.480573284432931180e-01	1.569281702469316753e-01	2.584839267148179576e-01	1.545294301119975178e-01	7.402861099016590229e-02	3.032785529947228456e-02	7.764467819320546027e-02
1.219118093841131440e+03	2.478632654848127170e-01	1.567954456571674648e-01	2.586234391527980070e-01	1.546096301498683379e-01	7.406250827489463395e-02	3.034975798990951351e-02	7.769595329043328669e-02
1.220569424905228061e+03	2.476695314258412772e-01	1.566629459172053929e-01	2.587627065399731308e-01	1.546896907379125830e-01	7.409634821278641981e-02	3.037163457955924933e-02	7.774714258660594957e-02
1.222020755969324682e+03	2.474761257060149600e-01	1.565306706463062691e-01	2.589017292949851723e-01	1.547696121447633966e-01	7.413013090694373086e-02	3.039348507984827516e-02	7.779824622102222975e-02
1.223472087033421303e+03	2.472830477659560544e-01	1.563986194643566252e-01	2.590405078357628788e-01	1.548493946384259523e-01	7.416385646026746326e-02	3.041530950229019356e-02	7.784926433282486624e-02
1.224923418097517697e+03	2.470902970472707294e-01	1.562667919918681037e-01	2.591790425795232888e-01	1.549290384862793690e-01	7.419752497545742398e-02	3.043710785848493389e-02	7.790019706100018149e-02
1.226374749161614318e+03	2.468978729925471460e-01	1.561351878499767643e-01	2.593173339427727320e-01	1.550085439550788480e-01	7.423113655501270558e-02	3.045888016011824226e-02	7.795104454437763730e-02
1.227826080225710712e+03	2.467057750453529319e-01	1.560038066604422513e-01	2.594553823413083826e-01	1.550879113109576435e-01	7.426469130123228291e-02	3.048062641896120278e-02	7.800180692162937690e-02
1.229277411289807560e+03	2.465140026502332382e-01	1.558726480456474051e-01	2.595931881902190930e-01	1.551671408194293666e-01	7.429818931621536005e-02	3.050234664686973102e-02	7.805248433126990570e-02
1.230728742353903954e+03	2.463225552527085749e-01	1.557417116285973180e-01	2.597307519038868917e-01	1.552462327453897339e-01	7.433163070186189769e-02	3.052404085578408130e-02	7.810307691165563337e-02
1.232180073418000802e+03	2.461314322992726178e-01	1.556109970329187797e-01	2.598680738959880943e-01	1.553251873531188154e-01	7.436501555987301559e-02	3.054570905772836450e-02	7.815358480098449911e-02
1.233631404482097196e+03	2.459406332373901272e-01	1.554805038828595276e-01	2.600051545794945240e-01	1.554040049062828388e-01	7.439834399175151991e-02	3.056735126481004844e-02	7.820400813729555534e-02
1.235082735546193817e+03	2.457501575154948659e-01	1.553502318032875529e-01	2.601419943666749557e-01	1.554826856679364377e-01	7.443161609880227791e-02	3.058896748921948947e-02	7.825434705846860683e-02
1.236534066610290438e+03	2.455600045829874345e-01	1.552201804196904067e-01	2.602785936690958368e-01	1.555612299005245114e-01	7.446483198213271759e-02	3.061055774322942596e-02	7.830460170222383609e-02
1.237985397674387059e+03	2.453701738902331619e-01	1.550903493581744785e-01	2.604149528976230643e-01	1.556396378658842505e-01	7.449799174265332724e-02	3.063212203919451343e-02	7.835477220612141469e-02
1.239436728738483680e+03	2.451806648885601903e-01	1.549607382454643023e-01	2.605510724624227059e-01	1.557179098252471083e-01	7.453109548107797466e-02	3.065366038955083527e-02	7.840485870756112863e-02
1.240888059802580301e+03	2.449914770302572542e-01	1.548313467089017792e-01	2.606869527729625546e-01	1.557960460392407154e-01	7.456414329792449003e-02	3.067517280681542405e-02	7.845486134378203136e-02
1.242339390866676695e+03	2.448026097685715996e-01	1.547021743764455115e-01	2.608225942380131834e-01	1.558740467678910169e-01	7.459713529351502670e-02	3.069665930358579306e-02	7.850478025186209685e-02
1.243790721930773088e+03	2.446140625577070682e-01	1.545732208766700533e-01	2.609579972656492219e-01	1.559519122706240768e-01	7.463007156797657471e-02	3.071811989253945413e-02	7.855461556871783102e-02
1.245242052994869937e+03	2.444258348528219882e-01	1.544444858387652164e-01	2.610931622632503557e-01	1.560296428062680207e-01	7.466295222124134934e-02	3.073955458643345268e-02	7.860436743110395252e-02
1.246693384058966330e+03	2.442379261100271204e-01	1.543159688925351547e-01	2.612280896375028250e-01	1.561072386330550343e-01	7.469577735304727684e-02	3.076096339810388894e-02	7.865403597561307358e-02
1.248144715123063179e+03	2.440503357863837153e-01	1.541876696683979198e-01	2.613627797944003128e-01	1.561847000086233339e-01	7.472854706293838301e-02	3.078234634046545307e-02	7.870362133867531140e-02
1.249596046187159800e+03	2.438630633399014036e-01	1.540595877973844618e-01	2.614972331392453886e-01	1.562620271900189151e-01	7.476126145026532055e-02	3.080370342651096022e-02	7.875312365655796898e-02
1.251047377251256421e+03	2.436761082295362812e-01	1.539317229111379637e-01	2.616314500766507289e-01	1.563392204336976066e-01	7.479392061418571602e-02	3.082503466931088912e-02	7.880254306536525755e-02
1.252498708315352815e+03	2.434894699151888831e-01	1.538040746419131743e-01	2.617654310105399507e-01	1.564162799955269578e-01	7.482652465366468331e-02	3.084634008201290328e-02	7.885187970103792188e-02
1.253950039379449436e+03	2.433031478577022122e-01	1.536766426225754933e-01	2.618991763441491649e-01	1.564932061307880151e-01	7.485907366747526770e-02	3.086761967784141039e-02	7.890113369935294885e-02
1.255401370443546057e+03	2.431171415188597973e-01	1.535494264866003045e-01	2.620326864800279765e-01	1.565699990941772923e-01	7.489156775419876511e-02	3.088887347009709738e-02	7.895030519592324825e-02
1.256852701507642678e+03	2.429314503613836662e-01	1.534224258680722541e-01	2.621659618200408159e-01	1.566466591398087138e-01	7.492400701222529102e-02	3.091010147215646209e-02	7.899939432619737523e-02
1.258304032571739299e+03	2.427460738489324310e-01	1.532956404016843355e-01	2.622990027653677725e-01	1.567231865212152797e-01	7.495639153975415525e-02	3.093130369747136912e-02	7.904840122545916947e-02
1.259755363635835920e+03	2.425610114460993449e-01	1.531690697227372777e-01	2.624318097165063701e-01	1.567995814913511199e-01	7.498872143479430596e-02	3.095248015956860582e-02	7.909732602882750541e-02
1.261206694699932314e+03	2.423762626184103597e-01	1.530427134671386857e-01	2.625643830732720674e-01	1.568758443025931870e-01	7.502099679516474606e-02	3.097363087204940690e-02	7.914616887125601463e-02
1.262658025764028707e+03	2.421918268323222101e-01	1.529165712714023184e-01	2.626967232348000891e-01	1.569519752067431717e-01	7.505321771849499113e-02	3.099475584858901733e-02	7.919492988753275287e-02
1.264109356828125556e+03	2.420077035552204991e-01	1.527906427726471728e-01	2.628288305995458152e-01	1.570279744550293066e-01	7.508538430222547189e-02	3.101585510293625517e-02	7.924360921227995014e-02
1.265560687892221949e+03	2.418238922554177273e-01	1.526649276085969009e-01	2.629607055652868342e-01	1.571038422981082538e-01	7.511749664360799217e-02	3.103692864891304665e-02	7.929220697995371936e-02
1.267012018956318798e+03	2.416403924021514882e-01	1.525394254175788389e-01	2.630923485291234987e-01	1.571795789860667703e-01	7.514955483970610361e-02	3.105797650041399599e-02	7.934072332484379264e-02
1.268463350020415419e+03	2.414572034655825261e-01	1.524141358385233402e-01	2.632237598874802020e-01	1.572551847684236226e-01	7.518155898739559140e-02	3.107899867140593783e-02	7.938915838107327150e-02
1.269914681084511813e+03	2.412743249167928483e-01	1.522890585109629158e-01	2.633549400361067105e-01	1.573306598941313084e-01	7.521350918336486280e-02	3.109999517592749660e-02	7.943751228259833541e-02
1.271366012148608434e+03	2.410917562277837822e-01	1.521641930750314842e-01	2.634858893700791627e-01	1.574060046115779710e-01	7.524540552411537742e-02	3.112096602808864937e-02	7.948578516320799203e-02
1.272817343212705055e+03	2.409094968714742546e-01	1.520395391714636224e-01	2.636166082838013458e-01	1.574812191685889817e-01	7.527724810596204963e-02	3.114191124207028871e-02	7.953397715652381350e-02
1.274268674276801676e+03	2.407275463216988765e-01	1.519150964415935945e-01	2.637470971710057510e-01	1.575563038124289106e-01	7.530903702503374819e-02	3.116283083212379942e-02	7.958208839599972828e-02
1.275720005340898297e+03	2.405459040532060000e-01	1.517908645273547130e-01	2.638773564247546277e-01	1.576312587898031359e-01	7.534077237727358767e-02	3.118372481257059708e-02	7.963011901492172973e-02
1.277171336404994690e+03	2.403645695416559425e-01	1.516668430712784510e-01	2.640073864374414825e-01	1.577060843468596485e-01	7.537245425843944191e-02	3.120459319780173255e-02	7.967806914640765403e-02
1.278622667469091539e+03	2.401835422636191542e-01	1.515430317164936647e-01	2.641371876007919672e-01	1.577807807291908004e-01	7.540408276410433264e-02	3.122543600227743049e-02	7.972593892340694433e-02
1.280073998533187932e+03	2.400028216965744421e-01	1.514194301067258164e-01	2.642667603058650450e-01	1.578553481818350257e-01	7.543565798965685965e-02	3.124625324052668698e-02	7.977372847870042860e-02
1.281525329597284326e+03	2.398224073189069994e-01	1.512960378862960586e-01	2.643961049430542110e-01	1.579297869492785888e-01	7.546718003030160327e-02	3.126704492714682537e-02	7.982143794490008382e-02
1.282976660661381175e+03	2.396422986099067121e-01	1.511728547001205125e-01	2.645252219020885476e-01	1.580040972754572781e-01	7.549864898105949906e-02	3.128781107680307649e-02	7.986906745444882771e-02
1.284427991725477568e+03	2.394624950497662441e-01	1.510498801937094626e-01	2.646541115720337789e-01	1.580782794037581818e-01	7.553006493676832356e-02	3.130855170422817968e-02	7.991661713962025515e-02
1.285879322789574417e+03	2.392829961195794275e-01	1.509271140131664690e-01	2.647827743412938806e-01	1.581523335770212702e-01	7.556142799208304117e-02	3.132926682422191439e-02	7.996408713251847156e-02
1.287330653853671038e+03	2.391038013013392638e-01	1.508045558051875901e-01	2.649112105976115794e-01	1.582262600375411998e-01	7.559273824147626220e-02	3.134995645165073591e-02	8.001147756507784314e-02
1.288781984917767431e+03	2.389249100779362867e-01	1.506822052170605220e-01	2.650394207280699632e-01	1.583000590270689789e-01	7.562399577923861749e-02	3.137062060144732434e-02	8.005878856906288588e-02
1.290233315981864052e+03	2.387463219331565911e-01	1.505600618966638493e-01	2.651674051190933135e-01	1.583737307868136046e-01	7.565520069947918869e-02	3.139125928861016129e-02	8.010602027606790465e-02
