1.001418434226643626e+03	2.810387309635330455e-01	1.793950852762121739e-01	2.346718231794031329e-01	1.408557384830391168e-01	6.828340515788206000e-02	2.677833344268108415e-02	6.897688349713104738e-02
1.002869765290740247e+03	2.807887571050830533e-01	1.792242829178813668e-01	2.348528022186103514e-01	1.409601402645990209e-01	6.832714538470881227e-02	2.680424903617970381e-02	6.904262307281927580e-02
1.004321096354836754e+03	2.805392079618369006e-01	1.790537694931538804e-01	2.350334654373113508e-01	1.410643542532033778e-01	6.837081029579766822e-02	2.683013804601484462e-02	6.910825451256355501e-02
1.005772427418933376e+03	2.802900827953330731e-01	1.788835445238081689e-01	2.352138133750851512e-01	1.411683808415244157e-01	6.841440003070382858e-02	2.685600046319885220e-02	6.917377797022802866e-02
1.007223758483029997e+03	2.800413808686518791e-01	1.787136075322033613e-01	2.353938465705816274e-01	1.412722204211258881e-01	6.845791472869099115e-02	2.688183627893869429e-02	6.923919359968903897e-02
1.008675089547126618e+03	2.797931014464078991e-01	1.785439580412825356e-01	2.355735655615231461e-01	1.413758733824679037e-01	6.850135452873204467e-02	2.690764548463503089e-02	6.930450155483289243e-02
1.010126420611223239e+03	2.795452437947427149e-01	1.783745955745757172e-01	2.357529708847063421e-01	1.414793401149117280e-01	6.854471956950981826e-02	2.693342807188126714e-02	6.936970198955381972e-02
1.011577751675319632e+03	2.792978071813176366e-01	1.782055196562029042e-01	2.359320630760039783e-01	1.415826210067246682e-01	6.858800998941785854e-02	2.695918403246264430e-02	6.943479505775174143e-02
1.013029082739416367e+03	2.790507908753067090e-01	1.780367298108768426e-01	2.361108426703664720e-01	1.416857164450847362e-01	6.863122592656106802e-02	2.698491335835527874e-02	6.949978091333032515e-02
1.014480413803512761e+03	2.788041941473894392e-01	1.778682255639060794e-01	2.362893102018238933e-01	1.417886268160854224e-01	6.867436751875649614e-02	2.701061604172527719e-02	6.956465971019479277e-02
1.015931744867609382e+03	2.785580162697440798e-01	1.777000064411974334e-01	2.364674662034876029e-01	1.418913525047404700e-01	6.871743490353407480e-02	2.703629207492777922e-02	6.962943160224992212e-02
1.017383075931706003e+03	2.783122565160406348e-01	1.775320719692588256e-01	2.366453112075519449e-01	1.419938938949885099e-01	6.876042821813731221e-02	2.706194145050607250e-02	6.969409674339800687e-02
1.018834406995802851e+03	2.780669141614340312e-01	1.773644216752020275e-01	2.368228457452961067e-01	1.420962513696976681e-01	6.880334759952400070e-02	2.708756416119065605e-02	6.975865528753680267e-02
1.020285738059899245e+03	2.778219884825575137e-01	1.771970550867450200e-01	2.370000703470856451e-01	1.421984253106702012e-01	6.884619318436699387e-02	2.711316019989833473e-02	6.982310738855758425e-02
1.021737069123995752e+03	2.775774787575159275e-01	1.770299717322144639e-01	2.371769855423744300e-01	1.423004160986471589e-01	6.888896510905488657e-02	2.713872955973132065e-02	6.988745320034311925e-02
1.023188400188092373e+03	2.773333842658792237e-01	1.768631711405483087e-01	2.373535918597061423e-01	1.424022241133128530e-01	6.893166350969272271e-02	2.716427223397633109e-02	6.995169287676571146e-02
1.024639731252188767e+03	2.770897042886760753e-01	1.766966528412979021e-01	2.375298898267162173e-01	1.425038497332994369e-01	6.897428852210271688e-02	2.718978821610367955e-02	7.001582657168525792e-02
1.026091062316285615e+03	2.768464381083873271e-01	1.765304163646304880e-01	2.377058799701333436e-01	1.426052933361913744e-01	6.901684028182500374e-02	2.721527749976638405e-02	7.007985443894730604e-02
1.027542393380382237e+03	2.766035850089399450e-01	1.763644612413313162e-01	2.378815628157812390e-01	1.427065552985299357e-01	6.905931892411830419e-02	2.724074007879927206e-02	7.014377663238116623e-02
1.028993724444478858e+03	2.763611442757005210e-01	1.761987870028058900e-01	2.380569388885803717e-01	1.428076359958176667e-01	6.910172458396064699e-02	2.726617594721809923e-02	7.020759330579798285e-02
1.030445055508575479e+03	2.761191151954691669e-01	1.760333931810820485e-01	2.382320087125496255e-01	1.429085358025227459e-01	6.914405739605007650e-02	2.729158509921865775e-02	7.027130461298888853e-02
1.031896386572671872e+03	2.758774970564735196e-01	1.758682793088119367e-01	2.384067728108079376e-01	1.430092550920834260e-01	6.918631749480537441e-02	2.731696752917589857e-02	7.033491070772310283e-02
1.033347717636768493e+03	2.756362891483628008e-01	1.757034449192740599e-01	2.385812317055759912e-01	1.431097942369123632e-01	6.922850501436673964e-02	2.734232323164304326e-02	7.039841174374614208e-02
1.034799048700865114e+03	2.753954907622017112e-01	1.755388895463753096e-01	2.387553859181779925e-01	1.432101536084009752e-01	6.927062008859651010e-02	2.736765220135072008e-02	7.046180787477790419e-02
1.036250379764961508e+03	2.751551011904646571e-01	1.753746127246526842e-01	2.389292359690431411e-01	1.433103335769237152e-01	6.931266285107982872e-02	2.739295443320608273e-02	7.052509925451096173e-02
1.037701710829058356e+03	2.749151197270298108e-01	1.752106139892752878e-01	2.391027823777074901e-01	1.434103345118424300e-01	6.935463343512536516e-02	2.741822992229194650e-02	7.058828603660868839e-02
1.039153041893154750e+03	2.746755456671735596e-01	1.750468928760459120e-01	2.392760256628154725e-01	1.435101567815104950e-01	6.939653197376603744e-02	2.744347866386593476e-02	7.065136837470351039e-02
1.040604372957251599e+03	2.744363783075648433e-01	1.748834489214029786e-01	2.394489663421215664e-01	1.436098007532771725e-01	6.943835859975967806e-02	2.746870065335958386e-02	7.071434642239514401e-02
1.042055704021347992e+03	2.741976169462593815e-01	1.747202816624219279e-01	2.396216049324919606e-01	1.437092667934916357e-01	6.948011344558967239e-02	2.749389588637752083e-02	7.077722033324881923e-02
1.043507035085444613e+03	2.739592608826941778e-01	1.745573906368171058e-01	2.397939419499062474e-01	1.438085552675073819e-01	6.952179664346576360e-02	2.751906435869659259e-02	7.083999026079360051e-02
1.044958366149541234e+03	2.737213094176821349e-01	1.743947753829432346e-01	2.399659779094589773e-01	1.439076665396861743e-01	6.956340832532467711e-02	2.754420606626500900e-02	7.090265635852062431e-02
1.046409697213637855e+03	2.734837618534066706e-01	1.742324354397968289e-01	2.401377133253612683e-01	1.440066009734023156e-01	6.960494862283074513e-02	2.756932100520149975e-02	7.096521877988140603e-02
1.047861028277734476e+03	2.732466174934162217e-01	1.740703703470178887e-01	2.403091487109425828e-01	1.441053589310465899e-01	6.964641766737673934e-02	2.759440917179448172e-02	7.102767767828618850e-02
1.049312359341831097e+03	2.730098756426190820e-01	1.739085796448911758e-01	2.404802845786521703e-01	1.442039407740305090e-01	6.968781559008438431e-02	2.761947056250119506e-02	7.109003320710226281e-02
1.050763690405927491e+03	2.727735356072780171e-01	1.737470628743474910e-01	2.406511214400607612e-01	1.443023468627901706e-01	6.972914252180517636e-02	2.764450517394688445e-02	7.115228551965226134e-02
1.052215021470024112e+03	2.725375966950052131e-01	1.735858195769652834e-01	2.408216598058622593e-01	1.444005775567904770e-01	6.977039859312099412e-02	2.766951300292394209e-02	7.121443476921258953e-02
1.053666352534120733e+03	2.723020582147571145e-01	1.734248492949717613e-01	2.409919001858751575e-01	1.444986332145290209e-01	6.981158393434479248e-02	2.769449404639110282e-02	7.127648110901178835e-02
1.055117683598217127e+03	2.720669194768294830e-01	1.732641515712441127e-01	2.411618430890443143e-01	1.445965141935400544e-01	6.985269867552125478e-02	2.771944830147258371e-02	7.133842469222888283e-02
1.056569014662313975e+03	2.718321797928522354e-01	1.731037259493108382e-01	2.413314890234424803e-01	1.446942208503984861e-01	6.989374294642750063e-02	2.774437576545729645e-02	7.140026567199186935e-02
1.058020345726410369e+03	2.715978384757844477e-01	1.729435719733527499e-01	2.415008384962719079e-01	1.447917535407238221e-01	6.993471687657372426e-02	2.776927643579798696e-02	7.146200420137603648e-02
1.059471676790506763e+03	2.713638948399096362e-01	1.727836891882043036e-01	2.416698920138659057e-01	1.448891126191839962e-01	6.997562059520388844e-02	2.779415031011044437e-02	7.152364043340248001e-02
1.060923007854603611e+03	2.711303482008308730e-01	1.726240771393544315e-01	2.418386500816903650e-01	1.449862984394992838e-01	7.001645423129637669e-02	2.781899738617267873e-02	7.158517452103656253e-02
1.062374338918700232e+03	2.708971978754659560e-01	1.724647353729477639e-01	2.420071132043455919e-01	1.450833113544461872e-01	7.005721791356465944e-02	2.784381766192409874e-02	7.164660661718628976e-02
1.063825669982796853e+03	2.706644431820425800e-01	1.723056634357855721e-01	2.421752818855676670e-01	1.451801517158612109e-01	7.009791177045794630e-02	2.786861113546470689e-02	7.170793687470088107e-02
1.065277001046893474e+03	2.704320834400937290e-01	1.721468608753266571e-01	2.423431566282299443e-01	1.452768198746447470e-01	7.013853593016189381e-02	2.789337780505430492e-02	7.176916544636922912e-02
1.066728332110990095e+03	2.702001179704531242e-01	1.719883272396884599e-01	2.425107379343448277e-01	1.453733161807648500e-01	7.017909052059918829e-02	2.791811766911167503e-02	7.183029248491842877e-02
1.068179663175086489e+03	2.699685460952504501e-01	1.718300620776476717e-01	2.426780263050652420e-01	1.454696409832608450e-01	7.021957566943026752e-02	2.794283072621378886e-02	7.189131814301225054e-02
1.069630994239183110e+03	2.697373671379069693e-01	1.716720649386413444e-01	2.428450222406861314e-01	1.455657946302472971e-01	7.025999150405393134e-02	2.796751697509500950e-02	7.195224257324973893e-02
1.071082325303279504e+03	2.695065804231310258e-01	1.715143353727675568e-01	2.430117262406461809e-01	1.456617774689175915e-01	7.030033815160806332e-02	2.799217641464629702e-02	7.201306592816372754e-02
1.072533656367376352e+03	2.692761852769133268e-01	1.713568729307862748e-01	2.431781388035291203e-01	1.457575898455477081e-01	7.034061573897019970e-02	2.801680904391441740e-02	7.207378836021942348e-02
1.073984987431472746e+03	2.690461810265228348e-01	1.711996771641199899e-01	2.433442604270655008e-01	1.458532321054997749e-01	7.038082439275819557e-02	2.804141486210115844e-02	7.213441002181295025e-02
1.075436318495569594e+03	2.688165670005023822e-01	1.710427476248545242e-01	2.435100916081341105e-01	1.459487045932258698e-01	7.042096423933093263e-02	2.806599386856254916e-02	7.219493106527000159e-02
1.076887649559666215e+03	2.685873425286642302e-01	1.708860838657396963e-01	2.436756328427635565e-01	1.460440076522716013e-01	7.046103540478890204e-02	2.809054606280806873e-02	7.225535164284439815e-02
1.078338980623762609e+03	2.683585069420856839e-01	1.707296854401898767e-01	2.438408846261337637e-01	1.461391416252796616e-01	7.050103801497485667e-02	2.811507144449987283e-02	7.231567190671669976e-02
1.079790311687859230e+03	2.681300595731053171e-01	1.705735519022847646e-01	2.440058474525774734e-01	1.462341068539934064e-01	7.054097219547447728e-02	2.813957001345202338e-02	7.237589200899291475e-02
1.081241642751955851e+03	2.679019997553183652e-01	1.704176828067698046e-01	2.441705218155819368e-01	1.463289036792606024e-01	7.058083807161698309e-02	2.816404176962971143e-02	7.243601210170302895e-02
1.082692973816052472e+03	2.676743268235725615e-01	1.702620777090567694e-01	2.443349082077902190e-01	1.464235324410367023e-01	7.062063576847582569e-02	2.818848671314849383e-02	7.249603233679977055e-02
1.084144304880149093e+03	2.674470401139643627e-01	1.701067361652243981e-01	2.444990071210028926e-01	1.465179934783886195e-01	7.066036541086924416e-02	2.821290484427352654e-02	7.255595286615720840e-02
1.085595635944245487e+03	2.672201389638347302e-01	1.699516577320187294e-01	2.446628190461793972e-01	1.466122871294981145e-01	7.070002712336095896e-02	2.823729616341879439e-02	7.261577384156950310e-02
1.087046967008342108e+03	2.669936227117649108e-01	1.697968419668536566e-01	2.448263444734397332e-01	1.467064137316652639e-01	7.073962103026076864e-02	2.826166067114636513e-02	7.267549541474954689e-02
1.088498298072438729e+03	2.667674906975727178e-01	1.696422884278113719e-01	2.449895838920657098e-01	1.468003736213119303e-01	7.077914725562521603e-02	2.828599836816561922e-02	7.273511773732770080e-02
1.089949629136535123e+03	2.665417422623083676e-01	1.694879966736426435e-01	2.451525377905027225e-01	1.468941671339853150e-01	7.081860592325819881e-02	2.831030925533250392e-02	7.279464096085053182e-02
1.091400960200631971e+03	2.663163767482508160e-01	1.693339662637673437e-01	2.453152066563610567e-01	1.469877946043612049e-01	7.085799715671156629e-02	2.833459333364879429e-02	7.285406523677948054e-02
1.092852291264728365e+03	2.660913934989036500e-01	1.691801967582747257e-01	2.454775909764175257e-01	1.470812563662475536e-01	7.089732107928579941e-02	2.835885060426131948e-02	7.291339071648970938e-02
1.094303622328825213e+03	2.658667918589914803e-01	1.690266877179237015e-01	2.456396912366167751e-01	1.471745527525877006e-01	7.093657781403057971e-02	2.838308106846124113e-02	7.297261755126881189e-02
1.095754953392921607e+03	2.656425711744557772e-01	1.688734387041432583e-01	2.458015079220729759e-01	1.472676840954638966e-01	7.097576748374545552e-02	2.840728472768329696e-02	7.303174589231556380e-02
1.097206284457018228e+03	2.654187307924515404e-01	1.687204492790326527e-01	2.459630415170711848e-01	1.473606507261005505e-01	7.101489021098043863e-02	2.843146158350507574e-02	7.309077589073877113e-02
1.098657615521114849e+03	2.651952700613432468e-01	1.685677190053615770e-01	2.461242925050688701e-01	1.474534529748675604e-01	7.105394611803661498e-02	2.845561163764627477e-02	7.314970769755599345e-02
1.100108946585211470e+03	2.649721883307014081e-01	1.684152474465705485e-01	2.462852613686973280e-01	1.475460911712836998e-01	7.109293532696676909e-02	2.847973489196796437e-02	7.320854146369241977e-02
1.101560277649308091e+03	2.647494849512986304e-01	1.682630341667709917e-01	2.464459485897632640e-01	1.476385656440197813e-01	7.113185795957600865e-02	2.850383134847186278e-02	7.326727733997961955e-02
1.103011608713404712e+03	2.645271592751061163e-01	1.681110787307454613e-01	2.466063546492500980e-01	1.477308767209019880e-01	7.117071413742234731e-02	2.852790100929961103e-02	7.332591547715446023e-02
1.104462939777501106e+03	2.643052106552902236e-01	1.679593807039477249e-01	2.467664800273196013e-01	1.478230247289152033e-01	7.120950398181734309e-02	2.855194387673204090e-02	7.338445602585787209e-02
1.105914270841597499e+03	2.640836384462087461e-01	1.678079396525030131e-01	2.469263252033132849e-01	1.479150099942061203e-01	7.124822761382666736e-02	2.857595995318847060e-02	7.344289913663379354e-02
1.107365601905694348e+03	2.638624420034071938e-01	1.676567551432079362e-01	2.470858906557538148e-01	1.480068328420864887e-01	7.128688515427078487e-02	2.859994924122596927e-02	7.350124495992793605e-02
1.108816932969790741e+03	2.636416206836156295e-01	1.675058267435307613e-01	2.472451768623465107e-01	1.480984935970363625e-01	7.132547672372545333e-02	2.862391174353865267e-02	7.355949364608672936e-02
1.110268264033887590e+03	2.634211738447451157e-01	1.673551540216113298e-01	2.474041842999808172e-01	1.481899925827072084e-01	7.136400244252241731e-02	2.864784746295695808e-02	7.361764534535621129e-02
1.111719595097984211e+03	2.632011008458841061e-01	1.672047365462611679e-01	2.475629134447317192e-01	1.482813301219251534e-01	7.140246243074999111e-02	2.867175640244695733e-02	7.367570020788090368e-02
1.113170926162080832e+03	2.629814010472952823e-01	1.670545738869634589e-01	2.477213647718611855e-01	1.483725065366940932e-01	7.144085680825357221e-02	2.869563856510963171e-02	7.373365838370277148e-02
1.114622257226177226e+03	2.627620738104118892e-01	1.669046656138731266e-01	2.478795387558196395e-01	1.484635221481986900e-01	7.147918569463634908e-02	2.871949395418016762e-02	7.379152002276007094e-02
1.116073588290273847e+03	2.625431184978346266e-01	1.667550112978167798e-01	2.480374358702473470e-01	1.485543772768077031e-01	7.151744920925987015e-02	2.874332257302727664e-02	7.384928527488633654e-02
1.117524919354370468e+03	2.623245344733281526e-01	1.666056105102924900e-01	2.481950565879759152e-01	1.486450722420768755e-01	7.155564747124457115e-02	2.876712442515247381e-02	7.390695428980935400e-02
1.118976250418467089e+03	2.621063211018180295e-01	1.664564628234700416e-01	2.483524013810296804e-01	1.487356073627521813e-01	7.159378059947045514e-02	2.879089951418939419e-02	7.396452721715006395e-02
1.120427581482563710e+03	2.618884777493871163e-01	1.663075678101906263e-01	2.485094707206271514e-01	1.488259829567727399e-01	7.163184871257760600e-02	2.881464784390309550e-02	7.402200420642154888e-02
1.121878912546660331e+03	2.616710037832725710e-01	1.661589250439667875e-01	2.486662650771822858e-01	1.489161993412739249e-01	7.166985192896682677e-02	2.883836941818937460e-02	7.407938540702801999e-02
1.123330243610756725e+03	2.614538985718626307e-01	1.660105340989823652e-01	2.488227849203062669e-01	1.490062568325903614e-01	7.170779036680020868e-02	2.886206424107407714e-02	7.413667096826381808e-02
1.124781574674853118e+03	2.612371614846933920e-01	1.658623945500923291e-01	2.489790307188086416e-01	1.490961557462589238e-01	7.174566414400170011e-02	2.888573231671241401e-02	7.419386103931240040e-02
1.126232905738949967e+03	2.610207918924453696e-01	1.657145059728225844e-01	2.491350029406987077e-01	1.491858963970217333e-01	7.178347337825771723e-02	2.890937364938828483e-02	7.425095576924532759e-02
1.127684236803046360e+03	2.608047891669409424e-01	1.655668679433698887e-01	2.492907020531870965e-01	1.492754790988291835e-01	7.182121818701771299e-02	2.893298824351358406e-02	7.430795530702132001e-02
1.129135567867143209e+03	2.605891526811407455e-01	1.654194800386015185e-01	2.494461285226870217e-01	1.493649041648427989e-01	7.185889868749471832e-02	2.895657610362754875e-02	7.436485980148528629e-02
1.130586898931239830e+03	2.603738818091408391e-01	1.652723418360552698e-01	2.496012828148158891e-01	1.494541719074382047e-01	7.189651499666596668e-02	2.898013723439606462e-02	7.442166940136736575e-02
1.132038229995336451e+03	2.601589759261695445e-01	1.651254529139390415e-01	2.497561653943964621e-01	1.495432826382080971e-01	7.193406723127350466e-02	2.900367164061100692e-02	7.447838425528194306e-02
1.133489561059432845e+03	2.599444344085843350e-01	1.649788128511307239e-01	2.499107767254583889e-01	1.496322366679651295e-01	7.197155550782464994e-02	2.902717932718957075e-02	7.453500451172676011e-02
1.134940892123529466e+03	2.597302566338690610e-01	1.648324212271779221e-01	2.500651172712396453e-01	1.497210343067447436e-01	7.200897994259265744e-02	2.905066029917360848e-02	7.459153031908195841e-02
1.136392223187626087e+03	2.595164419806307299e-01	1.646862776222976499e-01	2.502191874941877558e-01	1.498096758638080561e-01	7.204634065161724665e-02	2.907411456172896355e-02	7.464796182560917703e-02
1.137843554251722708e+03	2.593029898285966750e-01	1.645403816173760803e-01	2.503729878559612931e-01	1.498981616476448286e-01	7.208363775070519841e-02	2.909754212014480437e-02	7.470429917945066445e-02
1.139294885315819101e+03	2.590898995586115028e-01	1.643947327939682401e-01	2.505265188174314317e-01	1.499864919659761597e-01	7.212087135543090999e-02	2.912094297983298594e-02	7.476054252862832095e-02
1.140746216379915950e+03	2.588771705526342615e-01	1.642493307342977882e-01	2.506797808386829196e-01	1.500746671257574272e-01	7.215804158113693634e-02	2.914431714632738021e-02	7.481669202104285210e-02
1.142197547444012343e+03	2.586648021937355546e-01	1.641041750212564876e-01	2.508327743790157993e-01	1.501626874331810080e-01	7.219514854293455908e-02	2.916766462528323778e-02	7.487274780447290834e-02
1.143648878508108737e+03	2.584527938660945434e-01	1.639592652384040117e-01	2.509854998969467399e-01	1.502505531936791372e-01	7.223219235570438324e-02	2.919098542247652167e-02	7.492871002657415513e-02
1.145100209572205586e+03	2.582411449549962268e-01	1.638146009699676386e-01	2.511379578502102028e-01	1.503382647119267113e-01	7.226917313409683685e-02	2.921427954380327596e-02	7.498457883487848197e-02
1.146551540636302207e+03	2.580298548468284991e-01	1.636701818008417797e-01	2.512901486957601627e-01	1.504258222918439525e-01	7.230609099253282324e-02	2.923754699527897002e-02	7.504035437679311416e-02
1.148002871700398828e+03	2.578189229290795415e-01	1.635260073165875905e-01	2.514420728897711621e-01	1.505132262365992402e-01	7.234294604520417893e-02	2.926078778303788097e-02	7.509603679959976630e-02
1.149454202764495449e+03	2.576083485903346015e-01	1.633820771034326935e-01	2.515937308876396994e-01	1.506004768486118583e-01	7.237973840607424270e-02	2.928400191333242406e-02	7.515162625045383737e-02
1.150905533828591842e+03	2.573981312202736627e-01	1.632383907482706509e-01	2.517451231439858383e-01	1.506875744295545771e-01	7.241646818887848003e-02	2.930718939253253857e-02	7.520712287638356419e-02
1.152356864892688463e+03	2.571882702096685569e-01	1.630949478386606311e-01	2.518962501126543185e-01	1.507745192803566225e-01	7.245313550712494111e-02	2.933035022712504949e-02	7.526252682428923035e-02
1.153808195956785084e+03	2.569787649503799676e-01	1.629517479628269372e-01	2.520471122467159986e-01	1.508613117012061189e-01	7.248974047409488530e-02	2.935348442371303254e-02	7.531783824094231972e-02
1.155259527020881706e+03	2.567696148353552088e-01	1.628087907096585907e-01	2.521977099984692994e-01	1.509479519915529200e-01	7.252628320284326691e-02	2.937659198901518970e-02	7.537305727298479474e-02
1.156710858084978327e+03	2.565608192586250058e-01	1.626660756687089149e-01	2.523480438194414255e-01	1.510344404501111348e-01	7.256276380619933186e-02	2.939967292986522471e-02	7.542818406692826383e-02
1.158162189149074720e+03	2.563523776153012745e-01	1.625236024301949800e-01	2.524981141603896417e-01	1.511207773748619032e-01	7.259918239676711738e-02	2.942272725321122204e-02	7.548321876915319029e-02
1.159613520213171569e+03	2.561442893015740685e-01	1.623813705849972144e-01	2.526479214713028831e-01	1.512069630630559769e-01	7.263553908692603478e-02	2.944575496611501544e-02	7.553816152590814292e-02
1.161064851277267962e+03	2.559365537147092473e-01	1.622393797246587943e-01	2.527974662014028651e-01	1.512929978112163287e-01	7.267183398883136913e-02	2.946875607575159470e-02	7.559301248330906053e-02
1.162516182341364356e+03	2.557291702530457012e-01	1.620976294413853380e-01	2.529467487991455821e-01	1.513788819151408171e-01	7.270806721441483433e-02	2.949173058940845679e-02	7.564777178733846086e-02
1.163967513405461204e+03	2.555221383159927973e-01	1.619561193280443234e-01	2.530957697122224181e-01	1.514646156699047397e-01	7.274423887538515598e-02	2.951467851448501614e-02	7.570243958384473282e-02
1.165418844469557826e+03	2.553154573040277708e-01	1.618148489781644217e-01	2.532445293875617010e-01	1.515501993698633587e-01	7.278034908322851548e-02	2.953759985849199743e-02	7.575701601854135936e-02
1.166870175533654447e+03	2.551091266186929496e-01	1.616738179859352476e-01	2.533930282713300897e-01	1.516356333086545383e-01	7.281639794920917452e-02	2.956049462905080763e-02	7.581150123700623744e-02
1.168321506597751068e+03	2.549031456625937553e-01	1.615330259462065821e-01	2.535412668089335742e-01	1.517209177792012698e-01	7.285238558436994694e-02	2.958336283389295315e-02	7.586589538468095639e-02
1.169772837661847461e+03	2.546975138393955396e-01	1.613924724544879286e-01	2.536892454450190848e-01	1.518060530737143088e-01	7.288831209953273993e-02	2.960620448085941880e-02	7.592019860687003463e-02
1.171224168725944082e+03	2.544922305538214191e-01	1.612521571069479576e-01	2.538369646234757138e-01	1.518910394836945343e-01	7.292417760529908144e-02	2.962901957790007798e-02	7.597441104874029516e-02
1.172675499790040703e+03	2.542872952116496665e-01	1.611120795004139794e-01	2.539844247874360472e-01	1.519758772999355023e-01	7.295998221205067524e-02	2.965180813307309593e-02	7.602853285532014393e-02
1.174126830854137097e+03	2.540827072197113234e-01	1.609722392323712503e-01	2.541316263792774977e-01	1.520605668125259990e-01	7.299572602994991444e-02	2.967457015454432606e-02	7.608256417149884820e-02
1.175578161918233945e+03	2.538784659858875359e-01	1.608326359009625284e-01	2.542785698406235251e-01	1.521451083108525393e-01	7.303140916894036716e-02	2.969730565058671667e-02	7.613650514202593977e-02
1.177029492982330339e+03	2.536745709191072229e-01	1.606932691049874073e-01	2.544252556123451359e-01	1.522295020836017809e-01	7.306703173874737334e-02	2.972001462957973503e-02	7.619035591151045173e-02
1.178480824046426733e+03	2.534710214293447450e-01	1.605541384439017338e-01	2.545716841345619930e-01	1.523137484187630231e-01	7.310259384887848877e-02	2.974269710000876712e-02	7.624411662442036330e-02
1.179932155110523581e+03	2.532678169276171842e-01	1.604152435178169966e-01	2.547178558466438036e-01	1.523978476036306484e-01	7.313809560862404024e-02	2.976535307046453485e-02	7.629778742508183664e-02
1.181383486174620202e+03	2.530649568259822346e-01	1.602765839274996884e-01	2.548637711872118183e-01	1.524817999248064826e-01	7.317353712705765290e-02	2.978798254964250963e-02	7.635136845767867553e-02
1.182834817238716823e+03	2.528624405375355932e-01	1.601381592743706950e-01	2.550094305941396633e-01	1.525656056682023753e-01	7.320891851303673592e-02	2.981058554634233651e-02	7.640485986625163151e-02
1.184286148302813444e+03	2.526602674764086287e-01	1.599999691605047680e-01	2.551548345045550614e-01	1.526492651190424488e-01	7.324423987520302382e-02	2.983316206946725474e-02	7.645826179469779327e-02
1.185737479366910065e+03	2.524584370577661052e-01	1.598620131886297202e-01	2.552999833548409980e-01	1.527327785618655676e-01	7.327950132198306210e-02	2.985571212802351840e-02	7.651157438676994826e-02
1.187188810431006686e+03	2.522569486978037401e-01	1.597242909621258422e-01	2.554448775806369976e-01	1.528161462805277260e-01	7.331470296158876243e-02	2.987823573111982739e-02	7.656479778607599984e-02
1.188640141495103080e+03	2.520558018137458722e-01	1.595868020850252922e-01	2.555895176168404004e-01	1.528993685582043793e-01	7.334984490201787444e-02	2.990073288796675152e-02	7.661793213607832886e-02
1.190091472559199701e+03	2.518549958238431308e-01	1.594495461620114296e-01	2.557339038976076395e-01	1.529824456773929142e-01	7.338492725105448533e-02	2.992320360787616498e-02	7.667097758009321085e-02
1.191542803623296322e+03	2.516545301473701590e-01	1.593125227984180659e-01	2.558780368563555174e-01	1.530653779199148135e-01	7.341995011626956114e-02	2.994564790026067735e-02	7.672393426129023308e-02
1.192994134687392716e+03	2.514544042046232830e-01	1.591757316002288813e-01	2.560219169257625937e-01	1.531481655669181263e-01	7.345491360502143241e-02	2.996806577463306809e-02	7.677680232269171179e-02
1.194445465751489564e+03	2.512546174169181801e-01	1.590391721740766762e-01	2.561655445377703511e-01	1.532308088988797723e-01	7.348981782445629385e-02	2.999045724060573487e-02	7.682958190717209535e-02
1.195896796815585958e+03	2.510551692065877138e-01	1.589028441272427594e-01	2.563089201235845827e-01	1.533133081956077892e-01	7.352466288150870388e-02	3.001282230789011421e-02	7.688227315745740920e-02
1.197348127879682352e+03	2.508560589969796584e-01	1.587667470676561998e-01	2.564520441136765028e-01	1.533956637362437481e-01	7.355944888290211203e-02	3.003516098629615064e-02	7.693487621612470073e-02
1.198799458943779200e+03	2.506572862124543111e-01	1.586308806038931318e-01	2.565949169377841899e-01	1.534778757992649456e-01	7.359417593514931688e-02	3.005747328573171034e-02	7.698739122560145642e-02
1.200250790007875821e+03	2.504588502783823833e-01	1.584952443451760340e-01	2.567375390249138079e-01	1.535599446624866526e-01	7.362884414455299342e-02	3.007975921620205731e-02	7.703981832816511610e-02
1.201702121071972442e+03	2.502607506211427801e-01	1.583598379013730906e-01	2.568799108033407719e-01	1.536418706030645009e-01	7.366345361720616491e-02	3.010201878780927737e-02	7.709215766594244845e-02
1.203153452136069063e+03	2.500629866681203239e-01	1.582246608829973311e-01	2.570220327006110805e-01	1.537236538974966205e-01	7.369800445899274410e-02	3.012425201075176473e-02	7.714440938090910693e-02
1.204604783200165684e+03	2.498655578477035344e-01	1.580897129012061031e-01	2.571639051435427037e-01	1.538052948216259708e-01	7.373249677558796344e-02	3.014645889532363218e-02	7.719657361488901914e-02
1.206056114264262078e+03	2.496684635892825743e-01	1.579549935678001837e-01	2.573055285582266372e-01	1.538867936506425338e-01	7.376693067245890245e-02	3.016863945191419760e-02	7.724865050955392887e-02
1.207507445328358699e+03	2.494717033232469461e-01	1.578205024952230862e-01	2.574469033700282350e-01	1.539681506590854232e-01	7.380130625486495954e-02	3.019079369100743926e-02	7.730064020642285483e-02
1.208958776392455093e+03	2.492752764809834098e-01	1.576862392965603654e-01	2.575880300035884862e-01	1.540493661208452991e-01	7.383562362785836553e-02	3.021292162318144417e-02	7.735254284686159110e-02
1.210410107456551941e+03	2.490791824948737077e-01	1.575522035855388414e-01	2.577289088828252916e-01	1.541304403091664221e-01	7.386988289628461379e-02	3.023502325910788074e-02	7.740435857208219361e-02
1.211861438520648335e+03	2.488834207982925650e-01	1.574183949765257939e-01	2.578695404309346295e-01	1.542113734966489291e-01	7.390408416478305709e-02	3.025709860955146449e-02	7.745608752314250833e-02
1.213312769584745183e+03	2.486879908256054705e-01	1.572848130845283243e-01	2.580099250703918878e-01	1.542921659552508595e-01	7.393822753778725443e-02	3.027914768536942025e-02	7.750772984094568552e-02
1.214764100648841804e+03	2.484928920121666218e-01	1.571514575251924950e-01	2.581500632229531411e-01	1.543728179562905145e-01	7.397231311952554011e-02	3.030117049751096178e-02	7.755928566623969400e-02
1.216215431712937971e+03	2.482981237943167052e-01	1.570183279148026079e-01	2.582899553096562051e-01	1.544533297704483721e-01	7.400634101402148168e-02	3.032316705701674012e-02	7.761075513961683547e-02
1.217666762777034819e+03	2.481036856093808696e-01	1.568854238702804549e-01	2.584296017508220800e-01	1.545337016677695297e-01	7.404031132509435176e-02	3.034513737501835090e-02	7.766213840151330039e-02
1.219118093841131440e+03	2.479095768956667001e-01	1.567527450091845131e-01	2.585690029660560607e-01	1.546139339176655636e-01	7.407422415635964152e-02	3.036708146273778275e-02	7.771343559220868225e-02
1.220569424905228061e+03	2.477157970924620256e-01	1.566202909497091400e-01	2.587081593742490138e-01	1.546940267889168052e-01	7.410807961122946319e-02	3.038899933148691765e-02	7.776464685182554737e-02
1.222020755969324682e+03	2.475223456400329480e-01	1.564880613106838514e-01	2.588470713935787093e-01	1.547739805496743670e-01	7.414187779291309122e-02	3.041089099266699319e-02	7.781577232032896307e-02
1.223472087033421303e+03	2.473292219796216218e-01	1.563560557115725169e-01	2.589857394415108205e-01	1.548537954674623074e-01	7.417561880441740640e-02	3.043275645776808563e-02	7.786681213752610908e-02
1.224923418097517697e+03	2.471364255534444498e-01	1.562242737724725272e-01	2.591241639348004777e-01	1.549334718091797125e-01	7.420930274854735387e-02	3.045459573836861722e-02	7.791776644306576405e-02
1.226374749161614318e+03	2.469439558046898353e-01	1.560927151141140723e-01	2.592623452894930458e-01	1.550130098411026947e-01	7.424292972790648426e-02	3.047640884613481843e-02	7.796863537643794473e-02
1.227826080225710712e+03	2.467518121775161832e-01	1.559613793578592256e-01	2.594002839209259004e-01	1.550924098288865571e-01	7.427649984489734236e-02	3.049819579282022491e-02	7.801941907697342027e-02
1.229277411289807560e+03	2.465599941170500964e-01	1.558302661257013333e-01	2.595379802437291494e-01	1.551716720375677927e-01	7.431001320172195279e-02	3.051995659026517788e-02	7.807011768384336525e-02
1.230728742353903954e+03	2.463685010693840161e-01	1.556993750402640153e-01	2.596754346718270767e-01	1.552507967315662207e-01	7.434346990038231962e-02	3.054169125039630020e-02	7.812073133605890174e-02
1.232180073418000802e+03	2.461773324815745012e-01	1.555687057248004712e-01	2.598126476184393630e-01	1.553297841746868468e-01	7.437687004268084268e-02	3.056339978522601419e-02	7.817126017247068293e-02
1.233631404482097196e+03	2.459864878016401746e-01	1.554382578031926476e-01	2.599496194960824735e-01	1.554086346301220278e-01	7.441021373022083107e-02	3.058508220685201423e-02	7.822170433176856008e-02
1.235082735546193817e+03	2.457959664785595855e-01	1.553080308999503778e-01	2.600863507165703803e-01	1.554873483604535811e-01	7.444350106440691950e-02	3.060673852745678450e-02	7.827206395248109683e-02
1.236534066610290438e+03	2.456057679622694612e-01	1.551780246402105767e-01	2.602228416910162268e-01	1.555659256276545332e-01	7.447673214644555395e-02	3.062836875930709940e-02	7.832233917297527770e-02
1.237985397674387059e+03	2.454158917036625975e-01	1.550482386497364362e-01	2.603590928298333274e-01	1.556443666930913128e-01	7.450990707734547747e-02	3.064997291475351007e-02	7.837253013145603631e-02
1.239436728738483680e+03	2.452263371545859993e-01	1.549186725549166477e-01	2.604951045427364442e-01	1.557226718175256930e-01	7.454302595791809094e-02	3.067155100622987948e-02	7.842263696596595002e-02
1.240888059802580301e+03	2.450371037678387709e-01	1.547893259827644585e-01	2.606308772387429529e-01	1.558008412611167903e-01	7.457608888877802211e-02	3.069310304625286895e-02	7.847265981438483751e-02
1.242339390866676695e+03	2.448481909971703951e-01	1.546601985609169505e-01	2.607664113261740635e-01	1.558788752834229518e-01	7.460909597034350027e-02	3.071462904742145242e-02	7.852259881442938405e-02
1.243790721930773088e+03	2.446595982972786520e-01	1.545312899176341792e-01	2.609017072126559866e-01	1.559567741434038091e-01	7.464204730283688360e-02	3.073612902241642381e-02	7.857245410365282234e-02
1.245242052994869937e+03	2.444713251238077034e-01	1.544025996817982305e-01	2.610367653051211545e-01	1.560345380994221653e-01	7.467494298628504779e-02	3.075760298399992515e-02	7.862222581944453004e-02
1.246693384058966330e+03	2.442833709333462611e-01	1.542741274829124987e-01	2.611715860098094977e-01	1.561121674092459388e-01	7.470778312051984393e-02	3.077905094501495395e-02	7.867191409902969668e-02
1.248144715123063179e+03	2.440957351834256439e-01	1.541458729511008818e-01	2.613061697322694998e-01	1.561896623300501608e-01	7.474056780517857046e-02	3.080047291838487744e-02	7.872151907946903227e-02
1.249596046187159800e+03	2.439084173325178906e-01	1.540178357171067824e-01	2.614405168773594745e-01	1.562670231184188629e-01	7.477329713970441716e-02	3.082186891711296423e-02	7.877104089765833705e-02
1.251047377251256421e+03	2.437214168400338443e-01	1.538900154122923580e-01	2.615746278492485088e-01	1.563442500303469374e-01	7.480597122334690929e-02	3.084323895428189161e-02	7.882047969032823787e-02
1.252498708315352815e+03	2.435347331663212656e-01	1.537624116686376607e-01	2.617085030514181287e-01	1.564213433212421067e-01	7.483859015516232394e-02	3.086458304305328415e-02	7.886983559404385502e-02
1.253950039379449436e+03	2.433483657726630001e-01	1.536350241187398047e-01	2.618421428866631318e-01	1.564983032459267842e-01	7.487115403401417568e-02	3.088590119666723491e-02	7.891910874520442765e-02
1.255401370443546057e+03	2.431623141212750638e-01	1.535078523958121055e-01	2.619755477570928637e-01	1.565751300586399331e-01	7.490366295857366075e-02	3.090719342844182663e-02	7.896829928004307775e-02
1.256852701507642678e+03	2.429765776753048390e-01	1.533808961336831367e-01	2.621087180641323289e-01	1.566518240130390649e-01	7.493611702732007329e-02	3.092845975177267032e-02	7.901740733462643551e-02
1.258304032571739299e+03	2.427911558988292140e-01	1.532541549667959524e-01	2.622416542085233004e-01	1.567283853622019330e-01	7.496851633854123564e-02	3.094970018013243687e-02	7.906643304485438950e-02
1.259755363635835920e+03	2.426060482568527243e-01	1.531276285302073104e-01	2.623743565903259300e-01	1.568048143586285303e-01	7.500086099033397014e-02	3.097091472707038523e-02	7.911537654645969808e-02
1.261206694699932314e+03	2.424212542153056649e-01	1.530013164595865061e-01	2.625068256089192475e-01	1.568811112542428388e-01	7.503315108060448768e-02	3.099210340621190093e-02	7.916423797500779513e-02
1.262658025764028707e+03	2.422367732410423691e-01	1.528752183912149010e-01	2.626390616630029373e-01	1.569572763003947991e-01	7.506538670706891514e-02	3.101326623125803816e-02	7.921301746589642923e-02
1.264109356828125556e+03	2.420526048018393217e-01	1.527493339619847845e-01	2.627710651505981709e-01	1.570333097478619488e-01	7.509756796725361450e-02	3.103440321598506524e-02	7.926171515435538606e-02
1.265560687892221949e+03	2.418687483663933824e-01	1.526236628093986247e-01	2.629028364690488284e-01	1.571092118468514487e-01	7.512969495849572410e-02	3.105551437424397543e-02	7.931033117544626643e-02
1.267012018956318798e+03	2.416852034043199260e-01	1.524982045715681245e-01	2.630343760150227750e-01	1.571849828470017751e-01	7.516176777794346398e-02	3.107659971996007409e-02	7.935886566406212539e-02
1.268463350020415419e+03	2.415019693861510663e-01	1.523729588872133889e-01	2.631656841845127492e-01	1.572606229973845526e-01	7.519378652255673257e-02	3.109765926713249640e-02	7.940731875492725023e-02
1.269914681084511813e+03	2.413190457833339075e-01	1.522479253956620926e-01	2.632967613728379175e-01	1.573361325465063021e-01	7.522575128910737041e-02	3.111869302983375982e-02	7.945569058259689676e-02
1.271366012148608434e+03	2.411364320682286566e-01	1.521231037368484529e-01	2.634276079746446508e-01	1.574115117423104115e-01	7.525766217417970139e-02	3.113970102220932346e-02	7.950398128145701182e-02
1.272817343212705055e+03	2.409541277141069859e-01	1.519984935513125912e-01	2.635582243839079686e-01	1.574867608321786627e-01	7.528951927417090739e-02	3.116068325847712317e-02	7.955219098572396952e-02
1.274268674276801676e+03	2.407721321951501459e-01	1.518740944801994230e-01	2.636886109939324818e-01	1.575618800629332295e-01	7.532132268529147245e-02	3.118163975292713441e-02	7.960031982944430762e-02
1.275720005340898297e+03	2.405904449864472161e-01	1.517499061652579639e-01	2.638187681973536702e-01	1.576368696808382042e-01	7.535307250356559905e-02	3.120257051992092814e-02	7.964836794649456098e-02
1.277171336404994690e+03	2.404090655639933849e-01	1.516259282488402749e-01	2.639486963861390478e-01	1.577117299316016519e-01	7.538476882483165220e-02	3.122347557389123715e-02	7.969633547058091461e-02
1.278622667469091539e+03	2.402279934046882004e-01	1.515021603739007128e-01	2.640783959515891066e-01	1.577864610603770812e-01	7.541641174474252030e-02	3.124435492934148420e-02	7.974422253523900939e-02
1.280073998533187932e+03	2.400472279863337388e-01	1.513786021839949869e-01	2.642078672843387599e-01	1.578610633117653872e-01	7.544800135876611469e-02	3.126520860084537612e-02	7.979202927383373389e-02
1.281525329597284326e+03	2.398667687876330223e-01	1.512552533232792706e-01	2.643371107743582304e-01	1.579355369298163780e-01	7.547953776218577215e-02	3.128603660304644929e-02	7.983975581955893297e-02
1.282976660661381175e+03	2.396866152881881040e-01	1.511321134365094243e-01	2.644661268109543828e-01	1.580098821580306623e-01	7.551102105010058796e-02	3.130683895065763250e-02	7.988740230543725507e-02
1.284427991725477568e+03	2.395067669684984302e-01	1.510091821690398850e-01	2.645949157827716114e-01	1.580840992393614253e-01	7.554245131742595709e-02	3.132761565846083063e-02	7.993496886431987469e-02
1.285879322789574417e+03	2.393272233099591750e-01	1.508864591668230004e-01	2.647234780777933394e-01	1.581581884162158447e-01	7.557382865889389345e-02	3.134836674130646317e-02	7.998245562888628424e-02
1.287330653853671038e+03	2.391479837948594089e-01	1.507639440764080019e-01	2.648518140833428514e-01	1.582321499304570611e-01	7.560515316905351557e-02	3.136909221411306875e-02	8.002986273164412745e-02
1.288781984917767431e+03	2.389690479063804329e-01	1.506416365449401995e-01	2.649799241860844590e-01	1.583059840234057880e-01	7.563642494227137969e-02	3.138979209186684716e-02	8.007719030492893575e-02
1.290233315981864052e+03	2.387904151285941412e-01	1.505195362201600107e-01	2.651078087720247223e-01	1.583796909358419769e-01	7.566764407273199322e-02	3.141046638962125687e-02	8.012443848090394782e-02
