1.001418434226643626e+03	2.810853859362373308e-01	1.793504800417518030e-01	2.346390723749706697e-01	1.408562137037205619e-01	6.829233658906426474e-02	2.678731824820625509e-02	6.898919310592714627e-02
1.002869765290740247e+03	2.808353792203297505e-01	1.791797180367836195e-01	2.348199076778812178e-01	1.409606320438183402e-01	6.833609814570965058e-02	2.681328364329782499e-02	6.905498123205755512e-02
1.004321096354836754e+03	2.805857969889717363e-01	1.790092451166545306e-01	2.350004274695427775e-01	1.410648627380117759e-01	6.837978432690516861e-02	2.683922237686861903e-02	6.912066098292339589e-02
1.005772427418933376e+03	2.803366385079698042e-01	1.788390607994962411e-01	2.351806322888601031e-01	1.411689061784639765e-01	6.842339527254176490e-02	2.686513443950573621e-02	6.918623251304040211e-02
1.007223758483029997e+03	2.800879030446105089e-01	1.786691646040760306e-01	2.353605226738112732e-01	1.412727627562276045e-01	6.846693112221603761e-02	2.689101982199544952e-02	6.925169597694114110e-02
1.008675089547126618e+03	2.798395898676538374e-01	1.784995560497988909e-01	2.355400991614494954e-01	1.413764328612497068e-01	6.851039201523100031e-02	2.691687851532226575e-02	6.931705152917277957e-02
1.010126420611223239e+03	2.795916982473268253e-01	1.783302346567102181e-01	2.357193622879047157e-01	1.414799168823766273e-01	6.855377809059678973e-02	2.694271051066793321e-02	6.938229932429480773e-02
1.011577751675319632e+03	2.793442274553170623e-01	1.781611999454977002e-01	2.358983125883854781e-01	1.415832152073588368e-01	6.859708948703145681e-02	2.696851579941049112e-02	6.944743951687687433e-02
1.013029082739416367e+03	2.790971767647661972e-01	1.779924514374937594e-01	2.360769505971805904e-01	1.416863282228557341e-01	6.864032634296172997e-02	2.699429437312331204e-02	6.951247226149653846e-02
1.014480413803512761e+03	2.788505454502638869e-01	1.778239886546775783e-01	2.362552768476609555e-01	1.417892563144404483e-01	6.868348879652370897e-02	2.702004622357415120e-02	6.957739771273711848e-02
1.015931744867609382e+03	2.786043327878415798e-01	1.776558111196771539e-01	2.364332918722811538e-01	1.418919998666045290e-01	6.872657698556371153e-02	2.704577134272418901e-02	6.964221602518554100e-02
1.017383075931706003e+03	2.783585380549663535e-01	1.774879183557712681e-01	2.366109962025813029e-01	1.419945592627627207e-01	6.876959104763893937e-02	2.707146972272709076e-02	6.970692735343021751e-02
1.018834406995802851e+03	2.781131605305348642e-01	1.773203098868915417e-01	2.367883903691886394e-01	1.420969348852575975e-01	6.881253112001825545e-02	2.709714135592806300e-02	6.977153185205889341e-02
1.020285738059899245e+03	2.778681994948675182e-01	1.771529852376242109e-01	2.369654749018193785e-01	1.421991271153643377e-01	6.885539733968293330e-02	2.712278623486291673e-02	6.983602967565655240e-02
1.021737069123995752e+03	2.776236542297025323e-01	1.769859439332120143e-01	2.371422503292802131e-01	1.423011363332951917e-01	6.889818984332737872e-02	2.714840435225712376e-02	6.990042097880339034e-02
1.023188400188092373e+03	2.773795240181901045e-01	1.768191854995559142e-01	2.373187171794702288e-01	1.424029629182041734e-01	6.894090876735987916e-02	2.717399570102488338e-02	6.996470591607267808e-02
1.024639731252188767e+03	2.771358081448866417e-01	1.766527094632168171e-01	2.374948759793824860e-01	1.425046072481916115e-01	6.898355424790335311e-02	2.719956027426822034e-02	7.002888464202874919e-02
1.026091062316285615e+03	2.768925058957492080e-01	1.764865153514172391e-01	2.376707272551056571e-01	1.426060697003086741e-01	6.902612642079609950e-02	2.722509806527602730e-02	7.009295731122502926e-02
1.027542393380382237e+03	2.766496165581296962e-01	1.763206026920429159e-01	2.378462715318258036e-01	1.427073506505618927e-01	6.906862542159247775e-02	2.725060906752316270e-02	7.015692407820194043e-02
1.028993724444478858e+03	2.764071394207696653e-01	1.761549710136443014e-01	2.380215093338280408e-01	1.428084504739176586e-01	6.911105138556367100e-02	2.727609327466952796e-02	7.022078509748500008e-02
1.030445055508575479e+03	2.761650737737946226e-01	1.759896198454381222e-01	2.381964411844981200e-01	1.429093695443066359e-01	6.915340444769843553e-02	2.730155068055915499e-02	7.028454052358276694e-02
1.031896386572671872e+03	2.759234189087085842e-01	1.758245487173088484e-01	2.383710676063241496e-01	1.430101082346282304e-01	6.919568474270379466e-02	2.732698127921930412e-02	7.034819051098498144e-02
1.033347717636768493e+03	2.756821741183888008e-01	1.756597571598099705e-01	2.385453891208983157e-01	1.431106669167549195e-01	6.923789240500578812e-02	2.735238506485954818e-02	7.041173521416056735e-02
1.034799048700865114e+03	2.754413386970804845e-01	1.754952447041653874e-01	2.387194062489184365e-01	1.432110459615367759e-01	6.928002756875016599e-02	2.737776203187087740e-02	7.047517478755573050e-02
1.036250379764961508e+03	2.752009119403917570e-01	1.753310108822708768e-01	2.388931195101896554e-01	1.433112457388055483e-01	6.932209036780313804e-02	2.740311217482478690e-02	7.053850938559208528e-02
1.037701710829058356e+03	2.749608931452880989e-01	1.751670552266950953e-01	2.390665294236261063e-01	1.434112666173792683e-01	6.936408093575208156e-02	2.742843548847239896e-02	7.060173916266478111e-02
1.039153041893154750e+03	2.747212816100876309e-01	1.750033772706809099e-01	2.392396365072524955e-01	1.435111089650663307e-01	6.940599940590627681e-02	2.745373196774356095e-02	7.066486427314055963e-02
1.040604372957251599e+03	2.744820766344559515e-01	1.748399765481466195e-01	2.394124412782057953e-01	1.436107731486698236e-01	6.944784591129758711e-02	2.747900160774595368e-02	7.072788487135601987e-02
1.042055704021347992e+03	2.742432775194010852e-01	1.746768525936868710e-01	2.395849442527367978e-01	1.437102595339918298e-01	6.948962058468119429e-02	2.750424440376422405e-02	7.079080111161574485e-02
1.043507035085444613e+03	2.740048835672685978e-01	1.745140049425740192e-01	2.397571459462118637e-01	1.438095684858374523e-01	6.953132355853630653e-02	2.752946035125908297e-02	7.085361314819045575e-02
1.044958366149541234e+03	2.737668940817367114e-01	1.743514331307588761e-01	2.399290468731144210e-01	1.439087003680192267e-01	6.957295496506685217e-02	2.755464944586643802e-02	7.091632113531524950e-02
1.046409697213637855e+03	2.735293083678116410e-01	1.741891366948717934e-01	2.401006475470466306e-01	1.440076555433611460e-01	6.961451493620222919e-02	2.757981168339651915e-02	7.097892522718785013e-02
1.047861028277734476e+03	2.732921257318224884e-01	1.740271151722237453e-01	2.402719484807310513e-01	1.441064343737027409e-01	6.965600360359794352e-02	2.760494705983300781e-02	7.104142557796680468e-02
1.049312359341831097e+03	2.730553454814170777e-01	1.738653681008070218e-01	2.404429501860120832e-01	1.442050372199033259e-01	6.969742109863637236e-02	2.763005557133216966e-02	7.110382234176976235e-02
1.050763690405927491e+03	2.728189669255566829e-01	1.737038950192962838e-01	2.406136531738577444e-01	1.443034644418459966e-01	6.973876755242743031e-02	2.765513721422198368e-02	7.116611567267172589e-02
1.052215021470024112e+03	2.725829893745118082e-01	1.735426954670492572e-01	2.407840579543611970e-01	1.444017163984417096e-01	6.978004309580924935e-02	2.768019198500129563e-02	7.122830572470337240e-02
1.053666352534120733e+03	2.723474121398575809e-01	1.733817689841075649e-01	2.409541650367423016e-01	1.444997934476332513e-01	6.982124785934895606e-02	2.770521988033894725e-02	7.129039265184934637e-02
1.055117683598217127e+03	2.721122345344691440e-01	1.732211151111975045e-01	2.411239749293491996e-01	1.445976959463993183e-01	6.986238197334325439e-02	2.773022089707293664e-02	7.135237660804656656e-02
1.056569014662313975e+03	2.718774558725172152e-01	1.730607333897307698e-01	2.412934881396601172e-01	1.446954242507584865e-01	6.990344556781918905e-02	2.775519503220955780e-02	7.141425774718256070e-02
1.058020345726410369e+03	2.716430754694638683e-01	1.729006233618050892e-01	2.414627051742845865e-01	1.447929787157732073e-01	6.994443877253486708e-02	2.778014228292255069e-02	7.147603622309384175e-02
1.059471676790506763e+03	2.714090926420578143e-01	1.727407845702048084e-01	2.416316265389652218e-01	1.448903596955536111e-01	6.998536171698001296e-02	2.780506264655226850e-02	7.153771218956425648e-02
1.060923007854603611e+03	2.711755067083303494e-01	1.725812165584016677e-01	2.418002527385793299e-01	1.449875675432615030e-01	7.002621453037680133e-02	2.782995612060483806e-02	7.159928580032341727e-02
1.062374338918700232e+03	2.709423169875910808e-01	1.724219188705552741e-01	2.419685842771404638e-01	1.450846026111142772e-01	7.006699734168046756e-02	2.785482270275131331e-02	7.166075720904500901e-02
1.063825669982796853e+03	2.707095228004235965e-01	1.722628910515137113e-01	2.421366216577997277e-01	1.451814652503887193e-01	7.010771027958000168e-02	2.787966239082685302e-02	7.172212656934529029e-02
1.065277001046893474e+03	2.704771234686811909e-01	1.721041326468139010e-01	2.423043653828477473e-01	1.452781558114248639e-01	7.014835347249880060e-02	2.790447518282987774e-02	7.178339403478148362e-02
1.066728332110990095e+03	2.702451183154829795e-01	1.719456432026822690e-01	2.424718159537159190e-01	1.453746746436298531e-01	7.018892704859537590e-02	2.792926107692125792e-02	7.184455975885022105e-02
1.068179663175086489e+03	2.700135066652095683e-01	1.717874222660350225e-01	2.426389738709780197e-01	1.454710220954816835e-01	7.022943113576404772e-02	2.795402007142348128e-02	7.190562389498603157e-02
1.069630994239183110e+03	2.697822878434991689e-01	1.716294693844787056e-01	2.428058396343518999e-01	1.455671985145329528e-01	7.026986586163555537e-02	2.797875216481983743e-02	7.196658659655977286e-02
1.071082325303279504e+03	2.695514611772433233e-01	1.714717841063105042e-01	2.429724137427008157e-01	1.456632042474146349e-01	7.031023135357776510e-02	2.800345735575359915e-02	7.202744801687717413e-02
1.072533656367376352e+03	2.693210259945833518e-01	1.713143659805186625e-01	2.431386966940350391e-01	1.457590396398397992e-01	7.035052773869636400e-02	2.802813564302721050e-02	7.208820830917729572e-02
1.073984987431472746e+03	2.690909816249060227e-01	1.711572145567827330e-01	2.433046889855135508e-01	1.458547050366073849e-01	7.039075514383549836e-02	2.805278702560147497e-02	7.214886762663105801e-02
1.075436318495569594e+03	2.688613273988397778e-01	1.710003293854739648e-01	2.434703911134452892e-01	1.459502007816057823e-01	7.043091369557842596e-02	2.807741150259475058e-02	7.220942612233978430e-02
1.076887649559666215e+03	2.686320626482508467e-01	1.708437100176554702e-01	2.436358035732908434e-01	1.460455272178164954e-01	7.047100352024819603e-02	2.810200907328214842e-02	7.226988394933377136e-02
1.078338980623762609e+03	2.684031867062394716e-01	1.706873560050825578e-01	2.438009268596640078e-01	1.461406846873178622e-01	7.051102474390832930e-02	2.812657973709473125e-02	7.233024126057080450e-02
1.079790311687859230e+03	2.681746989071361331e-01	1.705312669002029546e-01	2.439657614663331142e-01	1.462356735312886347e-01	7.055097749236341476e-02	2.815112349361870506e-02	7.239049820893475595e-02
1.081241642751955851e+03	2.679465985864977751e-01	1.703754422561568893e-01	2.441303078862228082e-01	1.463304940900114759e-01	7.059086189115981735e-02	2.817564034259464889e-02	7.245065494723416932e-02
1.082692973816052472e+03	2.677188850811041410e-01	1.702198816267773696e-01	2.442945666114153536e-01	1.464251467028767351e-01	7.063067806558633033e-02	2.820013028391670645e-02	7.251071162820089955e-02
1.084144304880149093e+03	2.674915577289539437e-01	1.700645845665903488e-01	2.444585381331521867e-01	1.465196317083857780e-01	7.067042614067481354e-02	2.822459331763179854e-02	7.257066840448868350e-02
1.085595635944245487e+03	2.672646158692612572e-01	1.699095506308146708e-01	2.446222229418354710e-01	1.466139494441546787e-01	7.071010624120083188e-02	2.824902944393885285e-02	7.263052542867179384e-02
1.087046967008342108e+03	2.670380588424521306e-01	1.697547793753623191e-01	2.447856215270294844e-01	1.467081002469176054e-01	7.074971849168434912e-02	2.827343866318800941e-02	7.269028285324366512e-02
1.088498298072438729e+03	2.668118859901606466e-01	1.696002703568384729e-01	2.449487343774622294e-01	1.468020844525304569e-01	7.078926301639029695e-02	2.829782097587984352e-02	7.274994083061561700e-02
1.089949629136535123e+03	2.665860966552257016e-01	1.694460231325414235e-01	2.451115619810268764e-01	1.468959023959741927e-01	7.082873993932931045e-02	2.832217638266460238e-02	7.280949951311541102e-02
1.091400960200631971e+03	2.663606901816872874e-01	1.692920372604627410e-01	2.452741048247832623e-01	1.469895544113583863e-01	7.086814938425829713e-02	2.834650488434142107e-02	7.286895905298605702e-02
1.092852291264728365e+03	2.661356659147831594e-01	1.691383122992872468e-01	2.454363633949593337e-01	1.470830408319245830e-01	7.090749147468110303e-02	2.837080648185756268e-02	7.292831960238443934e-02
1.094303622328825213e+03	2.659110232009452846e-01	1.689848478083929018e-01	2.455983381769526464e-01	1.471763619900497699e-01	7.094676633384916498e-02	2.839508117630764467e-02	7.298758131338005384e-02
1.095754953392921607e+03	2.656867613877962886e-01	1.688316433478508627e-01	2.457600296553318908e-01	1.472695182172496786e-01	7.098597408476212123e-02	2.841932896893289290e-02	7.304674433795371735e-02
1.097206284457018228e+03	2.654628798241464027e-01	1.686786984784253429e-01	2.459214383138383364e-01	1.473625098441822268e-01	7.102511485016846371e-02	2.844354986112036104e-02	7.310580882799633251e-02
1.098657615521114849e+03	2.652393778599898000e-01	1.685260127615735570e-01	2.460825646353872187e-01	1.474553372006508767e-01	7.106418875256614864e-02	2.846774385440219157e-02	7.316477493530761100e-02
1.100108946585211470e+03	2.650162548465015977e-01	1.683735857594456375e-01	2.462434091020692661e-01	1.475480006156078827e-01	7.110319591420327656e-02	2.849191095045485247e-02	7.322364281159482458e-02
1.101560277649308091e+03	2.647935101360341381e-01	1.682214170348844962e-01	2.464039721951522544e-01	1.476405004171577329e-01	7.114213645707864742e-02	2.851605115109838787e-02	7.328241260847166705e-02
1.103011608713404712e+03	2.645711430821140464e-01	1.680695061514256572e-01	2.465642543950823107e-01	1.477328369325603130e-01	7.118101050294242671e-02	2.854016445829568246e-02	7.334108447745692205e-02
1.104462939777501106e+03	2.643491530394387334e-01	1.679178526732971466e-01	2.467242561814854407e-01	1.478250104882342375e-01	7.121981817329677000e-02	2.856425087415171565e-02	7.339965856997333893e-02
1.105914270841597499e+03	2.641275393638733981e-01	1.677664561654191866e-01	2.468839780331689993e-01	1.479170214097601244e-01	7.125855958939643353e-02	2.858831040091280168e-02	7.345813503734643923e-02
1.107365601905694348e+03	2.639063014124476969e-01	1.676153161934041402e-01	2.470434204281230783e-01	1.480088700218838149e-01	7.129723487224942646e-02	2.861234304096587494e-02	7.351651403080330938e-02
1.108816932969790741e+03	2.636854385433527459e-01	1.674644323235561783e-01	2.472025838435219780e-01	1.481005566485195657e-01	7.133584414261759377e-02	2.863634879683774406e-02	7.357479570147150427e-02
1.110268264033887590e+03	2.634649501159378460e-01	1.673138041228711403e-01	2.473614687557256775e-01	1.481920816127532681e-01	7.137438752101722683e-02	2.866032767119435637e-02	7.363298020037779834e-02
1.111719595097984211e+03	2.632448354907072630e-01	1.671634311590362576e-01	2.475200756402812508e-01	1.482834452368456402e-01	7.141286512771968797e-02	2.868427966684008665e-02	7.369106767844715855e-02
1.113170926162080832e+03	2.630250940293173412e-01	1.670133130004297639e-01	2.476784049719243097e-01	1.483746478422353632e-01	7.145127708275203493e-02	2.870820478671698775e-02	7.374905828650150930e-02
1.114622257226177226e+03	2.628057250945735057e-01	1.668634492161207572e-01	2.478364572245804198e-01	1.484656897495422456e-01	7.148962350589764536e-02	2.873210303390409323e-02	7.380695217525869156e-02
1.116073588290273847e+03	2.625867280504268209e-01	1.667138393758688386e-01	2.479942328713664601e-01	1.485565712785703874e-01	7.152790451669675809e-02	2.875597441161667489e-02	7.386474949533136658e-02
1.117524919354370468e+03	2.623681022619715475e-01	1.665644830501238072e-01	2.481517323845922052e-01	1.486472927483111495e-01	7.156612023444716697e-02	2.877981892320553847e-02	7.392245039722586397e-02
1.118976250418467089e+03	2.621498470954417015e-01	1.664153798100252990e-01	2.483089562357616298e-01	1.487378544769464850e-01	7.160427077820473440e-02	2.880363657215630549e-02	7.398005503134114091e-02
1.120427581482563710e+03	2.619319619182082781e-01	1.662665292274024265e-01	2.484659048955743799e-01	1.488282567818517699e-01	7.164235626678408519e-02	2.882742736208870199e-02	7.403756354796769967e-02
1.121878912546660331e+03	2.617144460987761434e-01	1.661179308747734729e-01	2.486225788339271048e-01	1.489184999795990227e-01	7.168037681875913392e-02	2.885119129675586119e-02	7.409497609728656065e-02
1.123330243610756725e+03	2.614972990067815362e-01	1.659695843253454761e-01	2.487789785199149561e-01	1.490085843859598469e-01	7.171833255246369554e-02	2.887492838004359838e-02	7.415229282936817989e-02
1.124781574674853118e+03	2.612805200129886263e-01	1.658214891530138124e-01	2.489351044218330311e-01	1.490985103159085390e-01	7.175622358599213768e-02	2.889863861596972741e-02	7.420951389417142219e-02
1.126232905738949967e+03	2.610641084892870167e-01	1.656736449323618632e-01	2.490909570071776213e-01	1.491882780836250033e-01	7.179405003719990797e-02	2.892232200868334949e-02	7.426663944154256181e-02
1.127684236803046360e+03	2.608480638086886905e-01	1.655260512386604876e-01	2.492465367426477396e-01	1.492778880024978327e-01	7.183181202370414464e-02	2.894597856246416273e-02	7.432366962121421394e-02
1.129135567867143209e+03	2.606323853453253458e-01	1.653787076478676621e-01	2.494018440941465353e-01	1.493673403851272230e-01	7.186950966288431497e-02	2.896960828172176483e-02	7.438060458280440490e-02
1.130586898931239830e+03	2.604170724744455656e-01	1.652316137366279802e-01	2.495568795267825990e-01	1.494566355433279148e-01	7.190714307188272869e-02	2.899321117099495915e-02	7.443744447581551738e-02
1.132038229995336451e+03	2.602021245724117082e-01	1.650847690822723479e-01	2.497116435048713778e-01	1.495457737881322469e-01	7.194471236760517641e-02	2.901678723495107817e-02	7.449418944963337452e-02
1.133489561059432845e+03	2.599875410166975209e-01	1.649381732628172337e-01	2.498661364919366468e-01	1.496347554297929039e-01	7.198221766672148469e-02	2.904033647838529311e-02	7.455083965352621300e-02
1.134940892123529466e+03	2.597733211858853086e-01	1.647918258569644190e-01	2.500203589507117297e-01	1.497235807777859695e-01	7.201965908566612673e-02	2.906385890621991999e-02	7.460739523664375317e-02
1.136392223187626087e+03	2.595594644596631584e-01	1.646457264441004431e-01	2.501743113431411092e-01	1.498122501408137297e-01	7.205703674063879127e-02	2.908735452350375700e-02	7.466385634801621374e-02
1.137843554251722708e+03	2.593459702188221083e-01	1.644998746042960480e-01	2.503279941303816480e-01	1.499007638268076148e-01	7.209435074760493778e-02	2.911082333541140099e-02	7.472022313655343750e-02
1.139294885315819101e+03	2.591328378452537051e-01	1.643542699183055955e-01	2.504814077728039767e-01	1.499891221429310029e-01	7.213160122229642091e-02	2.913426534724257097e-02	7.477649575104390600e-02
1.140746216379915950e+03	2.589200667219470064e-01	1.642089119675667896e-01	2.506345527299939091e-01	1.500773253955821063e-01	7.216878828021205949e-02	2.915768056442144193e-02	7.483267434015383746e-02
1.142197547444012343e+03	2.587076562329863605e-01	1.640638003341998163e-01	2.507874294607537746e-01	1.501653738903967750e-01	7.220591203661816393e-02	2.918106899249597180e-02	7.488875905242632636e-02
1.143648878508108737e+03	2.584956057635484084e-01	1.639189346010069548e-01	2.509400384231038061e-01	1.502532679322513276e-01	7.224297260654911901e-02	2.920443063713723877e-02	7.494475003628037202e-02
1.145100209572205586e+03	2.582839146998994195e-01	1.637743143514720778e-01	2.510923800742835277e-01	1.503410078252652993e-01	7.227997010480800844e-02	2.922776550413876823e-02	7.500064744001000427e-02
1.146551540636302207e+03	2.580725824293931825e-01	1.636299391697599304e-01	2.512444548707531977e-01	1.504285938728043004e-01	7.231690464596714218e-02	2.925107359941589782e-02	7.505645141178346469e-02
1.148002871700398828e+03	2.578616083404677850e-01	1.634858086407156297e-01	2.513962632681949749e-01	1.505160263774827090e-01	7.235377634436861161e-02	2.927435492900509056e-02	7.511216209964226287e-02
1.149454202764495449e+03	2.576509918226435047e-01	1.633419223498640827e-01	2.515478057215144170e-01	1.506033056411665294e-01	7.239058531412488617e-02	2.929760949906329640e-02	7.516777965150041318e-02
1.150905533828591842e+03	2.574407322665201447e-01	1.631982798834092641e-01	2.516990826848416463e-01	1.506904319649759461e-01	7.242733166911936860e-02	2.932083731586729997e-02	7.522330421514346332e-02
1.152356864892688463e+03	2.572308290637743133e-01	1.630548808282337170e-01	2.518500946115331263e-01	1.507774056492882375e-01	7.246401552300690829e-02	2.934403838581306143e-02	7.527873593822777265e-02
1.153808195956785084e+03	2.570212816071572037e-01	1.629117247718979145e-01	2.520008419541724942e-01	1.508642269937403579e-01	7.250063698921442590e-02	2.936721271541508846e-02	7.533407496827958238e-02
1.155259527020881706e+03	2.568120892904919295e-01	1.627688113026396488e-01	2.521513251645722264e-01	1.509508962972316848e-01	7.253719618094145449e-02	2.939036031130577015e-02	7.538932145269428009e-02
1.156710858084978327e+03	2.566032515086711374e-01	1.626261400093733100e-01	2.523015446937748596e-01	1.510374138579267389e-01	7.257369321116065308e-02	2.941348118023474553e-02	7.544447553873553924e-02
1.158162189149074720e+03	2.563947676576542878e-01	1.624837104816892752e-01	2.524515009920543784e-01	1.511237799732577380e-01	7.261012819261844498e-02	2.943657532906826871e-02	7.549953737353452821e-02
1.159613520213171569e+03	2.561866371344655446e-01	1.623415223098532700e-01	2.526011945089176591e-01	1.512099949399273169e-01	7.264650123783546187e-02	2.945964276478857391e-02	7.555450710408916082e-02
1.161064851277267962e+03	2.559788593371910559e-01	1.621995750848057027e-01	2.527506256931055795e-01	1.512960590539111083e-01	7.268281245910716837e-02	2.948268349449322673e-02	7.560938487726320822e-02
1.162516182341364356e+03	2.557714336649766773e-01	1.620578683981609425e-01	2.528997949925944622e-01	1.513819726104604635e-01	7.271906196850440318e-02	2.950569752539451002e-02	7.566417083978566049e-02
1.163967513405461204e+03	2.555643595180255856e-01	1.619164018422066809e-01	2.530487028545974071e-01	1.514677359041049498e-01	7.275524987787390652e-02	2.952868486481878899e-02	7.571886513824982456e-02
1.165418844469557826e+03	2.553576362975957803e-01	1.617751750099032382e-01	2.531973497255656236e-01	1.515533492286550432e-01	7.279137629883887517e-02	2.955164552020587629e-02	7.577346791911272750e-02
1.166870175533654447e+03	2.551512634059978635e-01	1.616341874948828139e-01	2.533457360511896517e-01	1.516388128772046540e-01	7.282744134279948989e-02	2.957457949910843528e-02	7.582797932869420054e-02
1.168321506597751068e+03	2.549452402465925416e-01	1.614934388914489038e-01	2.534938622764009719e-01	1.517241271421336246e-01	7.286344512093348436e-02	2.959748680919133471e-02	7.588239951317625465e-02
1.169772837661847461e+03	2.547395662237882386e-01	1.613529287945754676e-01	2.536417288453730046e-01	1.518092923151103946e-01	7.289938774419668643e-02	2.962036745823103459e-02	7.593672861860231715e-02
1.171224168725944082e+03	2.545342407430388754e-01	1.612126567999062066e-01	2.537893362015225529e-01	1.518943086870945258e-01	7.293526932332349000e-02	2.964322145411497911e-02	7.599096679087651018e-02
1.172675499790040703e+03	2.543292632108414275e-01	1.610726225037539261e-01	2.539366847875110800e-01	1.519791765483391732e-01	7.297108996882749332e-02	2.966604880484098247e-02	7.604511417576295673e-02
1.174126830854137097e+03	2.541246330347339266e-01	1.609328255030998134e-01	2.540837750452460964e-01	1.520638961883935825e-01	7.300684979100195704e-02	2.968884951851661486e-02	7.609917091888504515e-02
1.175578161918233945e+03	2.539203496232926294e-01	1.607932653955925217e-01	2.542306074158824369e-01	1.521484678961056713e-01	7.304254889992035926e-02	2.971162360335859870e-02	7.615313716572476299e-02
1.177029492982330339e+03	2.537164123861302412e-01	1.606539417795476432e-01	2.543771823398234821e-01	1.522328919596244723e-01	7.307818740543695069e-02	2.973437106769219462e-02	7.620701306162198929e-02
1.178480824046426733e+03	2.535128207338934181e-01	1.605148542539468204e-01	2.545235002567226013e-01	1.523171686664025470e-01	7.311376541718724031e-02	2.975709191995061162e-02	7.626079875177382839e-02
1.179932155110523581e+03	2.533095740782604355e-01	1.603760024184370248e-01	2.546695616054842071e-01	1.524012983031985125e-01	7.314928304458855057e-02	2.977978616867439643e-02	7.631449438123392992e-02
1.181383486174620202e+03	2.531066718319390785e-01	1.602373858733298073e-01	2.548153668242654768e-01	1.524852811560794830e-01	7.318474039684054466e-02	2.980245382251084027e-02	7.636810009491183660e-02
1.182834817238716823e+03	2.529041134086643661e-01	1.600990042196004937e-01	2.549609163504771847e-01	1.525691175104234854e-01	7.322013758292574004e-02	2.982509489021337862e-02	7.642161603757235966e-02
1.184286148302813444e+03	2.527018982231963862e-01	1.599608570588874346e-01	2.551062106207853120e-01	1.526528076509219012e-01	7.325547471161003577e-02	2.984770938064101528e-02	7.647504235383485727e-02
1.185737479366910065e+03	2.525000256913179641e-01	1.598229439934912843e-01	2.552512500711122123e-01	1.527363518615818816e-01	7.329075189144321212e-02	2.987029730275771178e-02	7.652837918817267937e-02
1.187188810431006686e+03	2.522984952298324979e-01	1.596852646263740572e-01	2.553960351366379444e-01	1.528197504257286232e-01	7.332596923075951345e-02	2.989285866563180447e-02	7.658162668491248770e-02
1.188640141495103080e+03	2.520973062565619593e-01	1.595478185611585165e-01	2.555405662518014376e-01	1.529030036260079217e-01	7.336112683767812004e-02	2.991539347843542862e-02	7.663478498823364515e-02
1.190091472559199701e+03	2.518964581903443967e-01	1.594106054021271757e-01	2.556848438503018794e-01	1.529861117443884477e-01	7.339622482010360605e-02	2.993790175044392862e-02	7.668785424216757740e-02
1.191542803623296322e+03	2.516959504510320467e-01	1.592736247542217709e-01	2.558288683650999928e-01	1.530690750621640783e-01	7.343126328572659178e-02	2.996038349103527509e-02	7.674083459059725942e-02
1.192994134687392716e+03	2.514957824594890035e-01	1.591368762230421507e-01	2.559726402284193125e-01	1.531518938599563950e-01	7.346624234202413228e-02	2.998283870968949591e-02	7.679372617725650774e-02
1.194445465751489564e+03	2.512959536375892755e-01	1.590003594148456656e-01	2.561161598717474064e-01	1.532345684177167655e-01	7.350116209626030017e-02	3.000526741598808639e-02	7.684652914572945304e-02
1.195896796815585958e+03	2.510964634082144542e-01	1.588640739365463073e-01	2.562594277258372077e-01	1.533170990147289525e-01	7.353602265548665751e-02	3.002766961961345071e-02	7.689924363944991570e-02
1.197348127879682352e+03	2.508973111952516599e-01	1.587280193957138763e-01	2.564024442207082921e-01	1.533994859296111402e-01	7.357082412654278314e-02	3.005004533034832254e-02	7.695186980170086455e-02
1.198799458943779200e+03	2.506984964235914326e-01	1.585921954005731493e-01	2.565452097856480984e-01	1.534817294403184318e-01	7.360556661605677231e-02	3.007239455807519252e-02	7.700440777561384786e-02
1.200250790007875821e+03	2.505000185191257889e-01	1.584566015600029909e-01	2.566877248492130947e-01	1.535638298241450983e-01	7.364025023044573626e-02	3.009471731277576015e-02	7.705685770416841052e-02
1.201702121071972442e+03	2.503018769087458351e-01	1.583212374835356873e-01	2.568299898392302771e-01	1.536457873577267708e-01	7.367487507591631568e-02	3.011701360453035090e-02	7.710921973019155273e-02
1.203153452136069063e+03	2.501040710203399353e-01	1.581861027813560028e-01	2.569720051827982799e-01	1.537276023170428274e-01	7.370944125846518036e-02	3.013928344351736455e-02	7.716149399635718886e-02
1.204604783200165684e+03	2.499066002827915189e-01	1.580511970643002639e-01	2.571137713062886521e-01	1.538092749774184753e-01	7.374394888387951486e-02	3.016152684001270970e-02	7.721368064518559227e-02
1.206056114264262078e+03	2.497094641259770820e-01	1.579165199438556377e-01	2.572552886353470791e-01	1.538908056135271651e-01	7.377839805773754589e-02	3.018374380438925558e-02	7.726577981904286796e-02
1.207507445328358699e+03	2.495126619807641333e-01	1.577820710321592435e-01	2.573965575948947704e-01	1.539721944993927005e-01	7.381278888540901417e-02	3.020593434711626654e-02	7.731779166014046689e-02
1.208958776392455093e+03	2.493161932790090851e-01	1.576478499419973200e-01	2.575375786091295138e-01	1.540534419083915696e-01	7.384712147205566013e-02	3.022809847875886427e-02	7.736971631053458920e-02
1.210410107456551941e+03	2.491200574535553380e-01	1.575138562868042824e-01	2.576783521015270084e-01	1.541345481132549711e-01	7.388139592263176514e-02	3.025023620997746923e-02	7.742155391212574012e-02
1.211861438520648335e+03	2.489242539382311714e-01	1.573800896806619998e-01	2.578188784948421963e-01	1.542155133860711735e-01	7.391561234188458174e-02	3.027234755152725248e-02	7.747330460665821650e-02
1.213312769584745183e+03	2.487287821678478283e-01	1.572465497382987409e-01	2.579591582111103731e-01	1.542963379982875971e-01	7.394977083435486098e-02	3.029443251425759445e-02	7.752496853571959334e-02
1.214764100648841804e+03	2.485336415781973507e-01	1.571132360750885082e-01	2.580991916716485757e-01	1.543770222207130893e-01	7.398387150437736592e-02	3.031649110911152634e-02	7.757654584074021031e-02
1.216215431712937971e+03	2.483388316060507750e-01	1.569801483070501213e-01	2.582389792970564701e-01	1.544575663235199514e-01	7.401791445608128794e-02	3.033852334712522705e-02	7.762803666299276928e-02
1.217666762777034819e+03	2.481443516891560508e-01	1.568472860508462186e-01	2.583785215072181840e-01	1.545379705762461586e-01	7.405189979339077411e-02	3.036052923942744036e-02	7.767944114359176533e-02
1.219118093841131440e+03	2.479502012662360144e-01	1.567146489237825346e-01	2.585178187213029721e-01	1.546182352477975808e-01	7.408582762002544064e-02	3.038250879723896833e-02	7.773075942349305656e-02
1.220569424905228061e+03	2.477563797769866127e-01	1.565822365438069297e-01	2.586568713577667711e-01	1.546983606064499250e-01	7.411969803950080316e-02	3.040446203187213009e-02	7.778199164349341999e-02
1.222020755969324682e+03	2.475628866620746549e-01	1.564500485295085563e-01	2.587956798343532538e-01	1.547783469198510675e-01	7.415351115512876234e-02	3.042638895473022062e-02	7.783313794423006582e-02
1.223472087033421303e+03	2.473697213631361747e-01	1.563180845001168884e-01	2.589342445680952731e-01	1.548581944550229406e-01	7.418726707001813137e-02	3.044828957730699726e-02	7.788419846618019338e-02
1.224923418097517697e+03	2.471768833227742934e-01	1.561863440755009713e-01	2.590725659753158050e-01	1.549379034783637532e-01	7.422096588707506604e-02	3.047016391118613846e-02	7.793517334966054699e-02
1.226374749161614318e+03	2.469843719845572771e-01	1.560548268761684787e-01	2.592106444716293923e-01	1.550174742556501006e-01	7.425460770900357832e-02	3.049201196804073380e-02	7.798606273482699969e-02
1.227826080225710712e+03	2.467921867930167601e-01	1.559235325232647407e-01	2.593484804719431991e-01	1.550969070520389625e-01	7.428819263830598041e-02	3.051383375963273928e-02	7.803686676167408132e-02
1.229277411289807560e+03	2.466003271936456909e-01	1.557924606385719946e-01	2.594860743904584544e-01	1.551762021320698404e-01	7.432172077728335657e-02	3.053562929781248811e-02	7.808758557003460388e-02
1.230728742353903954e+03	2.464087926328965561e-01	1.556616108445083024e-01	2.596234266406713953e-01	1.552553597596667834e-01	7.435519222803606276e-02	3.055739859451813561e-02	7.813821929957918966e-02
1.232180073418000802e+03	2.462175825581792987e-01	1.555309827641268572e-01	2.597605376353746554e-01	1.553343801981403594e-01	7.438860709246418457e-02	3.057914166177517004e-02	7.818876808981588267e-02
1.233631404482097196e+03	2.460266964178595694e-01	1.554005760211149278e-01	2.598974077866584853e-01	1.554132637101897918e-01	7.442196547226799519e-02	3.060085851169589213e-02	7.823923208008976005e-02
1.235082735546193817e+03	2.458361336612568115e-01	1.552703902397930824e-01	2.600340375059117526e-01	1.554920105579049583e-01	7.445526746894844117e-02	3.062254915647890166e-02	7.828961140958248799e-02
1.236534066610290438e+03	2.456458937386423735e-01	1.551404250451141331e-01	2.601704272038233845e-01	1.555706210027683889e-01	7.448851318380760034e-02	3.064421360840857700e-02	7.833990621731201642e-02
1.237985397674387059e+03	2.454559761012376495e-01	1.550106800626623871e-01	2.603065772903834785e-01	1.556490953056572646e-01	7.452170271794915368e-02	3.066585187985458941e-02	7.839011664213203778e-02
1.239436728738483680e+03	2.452663802012121641e-01	1.548811549186525638e-01	2.604424881748845233e-01	1.557274337268453879e-01	7.455483617227881554e-02	3.068746398327138608e-02	7.844024282273177884e-02
1.240888059802580301e+03	2.450771054916817959e-01	1.547518492399290457e-01	2.605781602659225094e-01	1.558056365260052645e-01	7.458791364750484709e-02	3.070904993119768014e-02	7.849028489763547334e-02
1.242339390866676695e+03	2.448881514267068904e-01	1.546227626539649347e-01	2.607135939713982609e-01	1.558837039622099907e-01	7.462093524413848655e-02	3.073060973625595799e-02	7.854024300520209834e-02
1.243790721930773088e+03	2.446995174612904000e-01	1.544938947888610803e-01	2.608487896985186016e-01	1.559616362939352519e-01	7.465390106249440716e-02	3.075214341115197966e-02	7.859011728362495786e-02
1.245242052994869937e+03	2.445112030513761081e-01	1.543652452733451363e-01	2.609837478537974098e-01	1.560394337790612651e-01	7.468681120269118900e-02	3.077365096867428623e-02	7.863990787093130819e-02
1.246693384058966330e+03	2.443232076538467412e-01	1.542368137367707837e-01	2.611184688430569500e-01	1.561170966748746669e-01	7.471966576465177701e-02	3.079513242169368975e-02	7.868961490498209421e-02
1.248144715123063179e+03	2.441355307265221930e-01	1.541085998091166476e-01	2.612529530714290393e-01	1.561946252380705946e-01	7.475246484810389724e-02	3.081658778316279448e-02	7.873923852347147756e-02
1.249596046187159800e+03	2.439481717281576922e-01	1.539806031209855208e-01	2.613872009433562127e-01	1.562720197247544629e-01	7.478520855258057043e-02	3.083801706611550772e-02	7.878877886392657293e-02
1.251047377251256421e+03	2.437611301184419432e-01	1.538528233036033643e-01	2.615212128625929444e-01	1.563492803904440454e-01	7.481789697742052825e-02	3.085942028366653669e-02	7.883823606370710113e-02
1.252498708315352815e+03	2.435744053579954882e-01	1.537252599888183913e-01	2.616549892322067583e-01	1.564264074900712231e-01	7.485053022176864357e-02	3.088079744901090981e-02	7.888761026000504217e-02
1.253950039379449436e+03	2.433879969083687922e-01	1.535979128091001233e-01	2.617885304545794489e-01	1.565034012779838724e-01	7.488310838457641616e-02	3.090214857542350479e-02	7.893690158984430216e-02
1.255401370443546057e+03	2.432019042320403834e-01	1.534707813975385582e-01	2.619218369314081363e-01	1.565802620079479457e-01	7.491563156460244455e-02	3.092347367625854215e-02	7.898611019008043577e-02
1.256852701507642678e+03	2.430161267924152713e-01	1.533438653878430868e-01	2.620549090637066536e-01	1.566569899331492211e-01	7.494809986041280070e-02	3.094477276494912374e-02	7.903523619740028539e-02
1.258304032571739299e+03	2.428306640538229755e-01	1.532171644143417721e-01	2.621877472518066021e-01	1.567335853061951334e-01	7.498051337038150188e-02	3.096604585500674703e-02	7.908427974832168972e-02
1.259755363635835920e+03	2.426455154815159165e-01	1.530906781119802107e-01	2.623203518953586277e-01	1.568100483791167177e-01	7.501287219269098250e-02	3.098729296002081940e-02	7.913324097919315070e-02
1.261206694699932314e+03	2.424606805416675281e-01	1.529644061163207558e-01	2.624527233933333092e-01	1.568863794033703851e-01	7.504517642533252431e-02	3.100851409365821404e-02	7.918212002619359757e-02
1.262658025764028707e+03	2.422761587013706197e-01	1.528383480635415459e-01	2.625848621440226571e-01	1.569625786298398940e-01	7.507742616610670050e-02	3.102970926966275994e-02	7.923091702533203995e-02
1.264109356828125556e+03	2.420919494286355722e-01	1.527125035904354500e-01	2.627167685450411683e-01	1.570386463088381257e-01	7.510962151262377817e-02	3.105087850185480128e-02	7.927963211244730413e-02
1.265560687892221949e+03	2.419080521923885618e-01	1.525868723344093458e-01	2.628484429933268807e-01	1.571145826901088061e-01	7.514176256230419015e-02	3.107202180413070475e-02	7.932826542320771390e-02
1.267012018956318798e+03	2.417244664624698391e-01	1.524614539334830932e-01	2.629798858851425947e-01	1.571903880228284756e-01	7.517384941237896523e-02	3.109313919046241548e-02	7.937681709311086853e-02
1.268463350020415419e+03	2.415411917096320360e-01	1.523362480262884788e-01	2.631110976160769832e-01	1.572660625556082381e-01	7.520588215989017222e-02	3.111423067489697131e-02	7.942528725748330964e-02
1.269914681084511813e+03	2.413582274055384169e-01	1.522112542520685508e-01	2.632420785810459241e-01	1.573416065364955096e-01	7.523786090169137797e-02	3.113529627155606910e-02	7.947367605148031311e-02
1.271366012148608434e+03	2.411755730227612138e-01	1.520864722506763966e-01	2.633728291742936101e-01	1.574170202129759055e-01	7.526978573444799425e-02	3.115633599463557210e-02	7.952198361008554206e-02
1.272817343212705055e+03	2.409932280347797939e-01	1.519619016625744501e-01	2.635033497893933263e-01	1.574923038319749335e-01	7.530165675463776354e-02	3.117734985840506928e-02	7.957021006811088037e-02
1.274268674276801676e+03	2.408111919159790504e-01	1.518375421288333249e-01	2.636336408192491154e-01	1.575674576398599092e-01	7.533347405855124468e-02	3.119833787720741741e-02	7.961835556019609961e-02
1.275720005340898297e+03	2.406294641416476809e-01	1.517133932911310934e-01	2.637637026560967213e-01	1.576424818824415375e-01	7.536523774229217376e-02	3.121930006545828307e-02	7.966642022080867858e-02
1.277171336404994690e+03	2.404480441879764396e-01	1.515894547917522039e-01	2.638935356915046437e-01	1.577173768049758007e-01	7.539694790177785266e-02	3.124023643764569855e-02	7.971440418424349805e-02
1.278622667469091539e+03	2.402669315320565546e-01	1.514657262735866483e-01	2.640231403163753598e-01	1.577921426521656512e-01	7.542860463273969029e-02	3.126114700832959004e-02	7.976230758462263259e-02
1.280073998533187932e+03	2.400861256518778686e-01	1.513422073801289069e-01	2.641525169209465451e-01	1.578667796681628155e-01	7.546020803072352179e-02	3.128203179214135432e-02	7.981013055589512850e-02
1.281525329597284326e+03	2.399056260263273954e-01	1.512188977554770608e-01	2.642816658947920727e-01	1.579412880965694044e-01	7.549175819109010810e-02	3.130289080378339389e-02	7.985787323183672626e-02
1.282976660661381175e+03	2.397254321351874051e-01	1.510957970443319032e-01	2.644105876268230682e-01	1.580156681804398278e-01	7.552325520901549682e-02	3.132372405802869020e-02	7.990553574604969400e-02
1.284427991725477568e+03	2.395455434591339527e-01	1.509729048919960237e-01	2.645392825052894636e-01	1.580899201622823214e-01	7.555469917949148018e-02	3.134453156972032833e-02	7.995311823196254997e-02
1.285879322789574417e+03	2.393659594797351298e-01	1.508502209443726705e-01	2.646677509177806087e-01	1.581640442840607785e-01	7.558609019732603906e-02	3.136531335377108765e-02	8.000062082282986820e-02
1.287330653853671038e+03	2.391866796794492878e-01	1.507277448479650284e-01	2.647959932512267134e-01	1.582380407871964156e-01	7.561742835714370392e-02	3.138606942516299070e-02	8.004804365173207037e-02
1.288781984917767431e+03	2.390077035416235673e-01	1.506054762498751642e-01	2.649240098918999586e-01	1.583119099125694096e-01	7.564871375338599879e-02	3.140679979894687307e-02	8.009538685157523152e-02
1.290233315981864052e+03	2.388290305504922606e-01	1.504834147978031667e-01	2.650518012254155509e-01	1.583856519005207020e-01	7.567994648031185767e-02	3.142750449024192538e-02	8.014265055509084412e-02
