1.301360187473271253e+03	2.369440958270824238e-01	1.498984307944295213e-01	2.609112517907227202e-01	1.616219179589106214e-01	7.624818506786389116e-02	3.197934633978759267e-02	8.239677222108199306e-02
1.306197957686926657e+03	2.363611184774997986e-01	1.494961548515854333e-01	2.612926340362687894e-01	1.618837604971843369e-01	7.635578330291430127e-02	3.204985827648377389e-02	8.256069055794221234e-02
1.311035727900581833e+03	2.357814265773260087e-01	1.490961432841493017e-01	2.616717230644653447e-01	1.621441144764029230e-01	7.646282211423190145e-02	3.212007942858844528e-02	8.272369105471465145e-02
1.315873498114237009e+03	2.352050014780472098e-01	1.486983833654115239e-01	2.620485338219414873e-01	1.624029880500412470e-01	7.656930437100299691e-02	3.219001039198023106e-02	8.288577852145391500e-02
1.320711268327892412e+03	2.346318246409075381e-01	1.483028624378820437e-01	2.624230811441712330e-01	1.626603893310573923e-01	7.667523292763198106e-02	3.225965177039667037e-02	8.304695774783177331e-02
1.325549038541547588e+03	2.340618776361083064e-01	1.479095679130377206e-01	2.627953797564484550e-01	1.629163263920524740e-01	7.678061062382765534e-02	3.232900417525987752e-02	8.320723350314414291e-02
1.330386808755202765e+03	2.334951421420193296e-01	1.475184872710646466e-01	2.631654442748517786e-01	1.631708072654295683e-01	7.688544028468853597e-02	3.239806822550476278e-02	8.336661053631999607e-02
1.335224578968857941e+03	2.329315999444024898e-01	1.471296080605953849e-01	2.635332892071997613e-01	1.634238399435515854e-01	7.698972472078736973e-02	3.246684454740984827e-02	8.352509357593211614e-02
1.340062349182513572e+03	2.323712329356470985e-01	1.467429178984415439e-01	2.638989289539963590e-01	1.636754323788985332e-01	7.709346672825478919e-02	3.253533377443058872e-02	8.368268733020968464e-02
1.344900119396168748e+03	2.318140231140162766e-01	1.463584044693221897e-01	2.642623778093666775e-01	1.639255924842238366e-01	7.719666908886199663e-02	3.260353654703514875e-02	8.383939648705254766e-02
1.349737889609823924e+03	2.312599525829043268e-01	1.459760555255879555e-01	2.646236499619836757e-01	1.641743281327099901e-01	7.729933457010269848e-02	3.267145351254268498e-02	8.399522571404725857e-02
1.354575659823479100e+03	2.307090035501047076e-01	1.455958588869419867e-01	2.649827594959853205e-01	1.644216471581236017e-01	7.740146592527429037e-02	3.273908532496398738e-02	8.415017965848470283e-02
1.359413430037134731e+03	2.301611583270878614e-01	1.452178024401567791e-01	2.653397203918824165e-01	1.646675573549696014e-01	7.750306589355809850e-02	3.280643264484452842e-02	8.430426294737929094e-02
1.364251200250789907e+03	2.296163993282893667e-01	1.448418741387882680e-01	2.656945465274572760e-01	1.649120664786450641e-01	7.760413720009906591e-02	3.287349613910984375e-02	8.445748018748967800e-02
1.369088970464445310e+03	2.290747090704071121e-01	1.444680620028868656e-01	2.660472516786535069e-01	1.651551822455922802e-01	7.770468255608446728e-02	3.294027648091326504e-02	8.460983596534100981e-02
1.373926740678100487e+03	2.285360701717080167e-01	1.440963541187057217e-01	2.663978495204567531e-01	1.653969123334514679e-01	7.780470465882204090e-02	3.300677434948589423e-02	8.476133484724855671e-02
1.378764510891755890e+03	2.280004653513434121e-01	1.437267386384065704e-01	2.667463536277667191e-01	1.656372643812127621e-01	7.790420619181741280e-02	3.307299042998884664e-02	8.491198137934274914e-02
1.383602281105411066e+03	2.274678774286733596e-01	1.433592037797630503e-01	2.670927774762600904e-01	1.658762459893680374e-01	7.800318982485068831e-02	3.313892541336772163e-02	8.506178008759553155e-02
1.388440051319066470e+03	2.269382893225990183e-01	1.429937378258624991e-01	2.674371344432450726e-01	1.661138647200620100e-01	7.810165821405254394e-02	3.320457999620924500e-02	8.521073547784809021e-02
1.393277821532721646e+03	2.264116840509034501e-01	1.426303291248051108e-01	2.677794378085076032e-01	1.663501280972430052e-01	7.819961400197954215e-02	3.326995488060007639e-02	8.535885203583971903e-02
1.398115591746377049e+03	2.258880447296000571e-01	1.422689660894020380e-01	2.681197007551484046e-01	1.665850436068134210e-01	7.829705981768880774e-02	3.333505077398775385e-02	8.550613422723804535e-02
1.402953361960032225e+03	2.253673545722887639e-01	1.419096371968715520e-01	2.684579363704122090e-01	1.668186186967797191e-01	7.839399827681212130e-02	3.339986838904374783e-02	8.565258649767035215e-02
1.407791132173687402e+03	2.248495968895196373e-01	1.415523309885340086e-01	2.687941576465086579e-01	1.670508607774021659e-01	7.849043198162933277e-02	3.346440844352854826e-02	8.579821327275605203e-02
1.412628902387342805e+03	2.243347550881637231e-01	1.411970360695055660e-01	2.691283774814247631e-01	1.672817772213439913e-01	7.858636352114117818e-02	3.352867166015883332e-02	8.594301895814029923e-02
1.417466672600997981e+03	2.238228126707907661e-01	1.408437411083906521e-01	2.694606086797293742e-01	1.675113753638206582e-01	7.868179547114155514e-02	3.359265876647662269e-02	8.608700793952869801e-02
1.422304442814653157e+03	2.233137532350538967e-01	1.404924348369738507e-01	2.697908639533696529e-01	1.677396625027483268e-01	7.877673039428917390e-02	3.365637049472043618e-02	8.623018458272298237e-02
1.427142213028308333e+03	2.228075604730809234e-01	1.401431060499105929e-01	2.701191559224595529e-01	1.679666458988924582e-01	7.887117084017859769e-02	3.371980758169842302e-02	8.637255323365777837e-02
1.431979983241963964e+03	2.223042181708718146e-01	1.397957436044174606e-01	2.704454971160606402e-01	1.681923327760158626e-01	7.896511934541078359e-02	3.378297076866337151e-02	8.651411821843835170e-02
1.436817753455619140e+03	2.218037102077029532e-01	1.394503364199618511e-01	2.707698999729548639e-01	1.684167303210266919e-01	7.905857843366306814e-02	3.384586080118968943e-02	8.665488384337922956e-02
1.441655523669274316e+03	2.213060205555369420e-01	1.391068734779511151e-01	2.710923768424097768e-01	1.686398456841259053e-01	7.915155061575859796e-02	3.390847842905222315e-02	8.679485439504383559e-02
1.446493293882929493e+03	2.208111332784387093e-01	1.387653438214214163e-01	2.714129399849363744e-01	1.688616859789547897e-01	7.924403838973526071e-02	3.397082440610692949e-02	8.693403414028498533e-02
1.451331064096585123e+03	2.203190325319973331e-01	1.384257365547263974e-01	2.717316015730389944e-01	1.690822582827420650e-01	7.933604424091399154e-02	3.403289949017337945e-02	8.707242732628621418e-02
1.456168834310240300e+03	2.198297025627535262e-01	1.380880408432257067e-01	2.720483736919582785e-01	1.693015696364508493e-01	7.942757064196677430e-02	3.409470444291911456e-02	8.721003818060409085e-02
1.461006604523895703e+03	2.193431277076326180e-01	1.377522459129733590e-01	2.723632683404065280e-01	1.695196270449252640e-01	7.951862005298389324e-02	3.415624002974568946e-02	8.734687091121108582e-02
1.465844374737550879e+03	2.188592923933827539e-01	1.374183410504062897e-01	2.726762974312954002e-01	1.697364374770370388e-01	7.960919492154090726e-02	3.421750701967653241e-02	8.748292970653950840e-02
1.470682144951206283e+03	2.183781811360188119e-01	1.370863156020329376e-01	2.729874727924574418e-01	1.699520078658316724e-01	7.969929768276505511e-02	3.427850618524652671e-02	8.761821873552604056e-02
1.475519915164861459e+03	2.178997785402708443e-01	1.367561589741221328e-01	2.732968061673595184e-01	1.701663451086745105e-01	7.978893075940110546e-02	3.433923830239328512e-02	8.775274214765711733e-02
1.480357685378516862e+03	2.174240692990380697e-01	1.364278606323921506e-01	2.736043092158096934e-01	1.703794560673967118e-01	7.987809656187691565e-02	3.439970415035010359e-02	8.788650407301491774e-02
1.485195455592172038e+03	2.169510381928473897e-01	1.361014101017000433e-01	2.739099935146572240e-01	1.705913475684407710e-01	7.996679748836837964e-02	3.445990451154058720e-02	8.801950862232416073e-02
1.490033225805827215e+03	2.164806700893169844e-01	1.357767969657316942e-01	2.742138705584852842e-01	1.708020264030060686e-01	8.005503592486400144e-02	3.451984017147492756e-02	8.815175988699955334e-02
1.494870996019482618e+03	2.160129499426242938e-01	1.354540108666920650e-01	2.745159517602974164e-01	1.710114993271941164e-01	8.014281424522903818e-02	3.457951191864773455e-02	8.828326193919387721e-02
1.499708766233137567e+03	2.155478627929789115e-01	1.351330415049959432e-01	2.748162484521967097e-01	1.712197730621536074e-01	8.023013481126906044e-02	3.463892054443754032e-02	8.841401883184671351e-02
1.504546536446793198e+03	2.150853937660997806e-01	1.348138786389596055e-01	2.751147718860588731e-01	1.714268542942253559e-01	8.031699997279331815e-02	3.469806684300779515e-02	8.854403459873382010e-02
1.509384306660448374e+03	2.146255280726967196e-01	1.344965120844927586e-01	2.754115332341982025e-01	1.716327496750868487e-01	8.040341206767745441e-02	3.475695161120948701e-02	8.867331325451709156e-02
1.514222076874103550e+03	2.141682510079565283e-01	1.341809317147914238e-01	2.757065435900274419e-01	1.718374658218968787e-01	8.048937342192598321e-02	3.481557564848522524e-02	8.880185879479506050e-02
1.519059847087758726e+03	2.137135479510331171e-01	1.338671274600313765e-01	2.759998139687111496e-01	1.720410093174397637e-01	8.057488634973422603e-02	3.487393975677487157e-02	8.892967519615403715e-02
1.523897617301414357e+03	2.132614043645417734e-01	1.335550893070625578e-01	2.762913553078123474e-01	1.722433867102695637e-01	8.065995315354991535e-02	3.493204474042262142e-02	8.905676641621979028e-02
1.528735387515069533e+03	2.128118057940575902e-01	1.332448072991042065e-01	2.765811784679333973e-01	1.724446045148537165e-01	8.074457612413431240e-02	3.498989140608559784e-02	8.918313639370967216e-02
1.533573157728724709e+03	2.123647378676179476e-01	1.329362715354407698e-01	2.768692942333504936e-01	1.726446692117170889e-01	8.082875754062304741e-02	3.504748056264384015e-02	8.930878904848535416e-02
1.538410927942380113e+03	2.119201862952286575e-01	1.326294721711189228e-01	2.771557133126414385e-01	1.728435872475852786e-01	8.091249967058648795e-02	3.510481302111176372e-02	8.943372828160599253e-02
1.543248698156035516e+03	2.114781368683742446e-01	1.323243994166454218e-01	2.774404463393083109e-01	1.730413650355279442e-01	8.099580477008974655e-02	3.516188959455099350e-02	8.955795797538193548e-02
1.548086468369690692e+03	2.110385754595317798e-01	1.320210435376858726e-01	2.777235038723931959e-01	1.732380089551020241e-01	8.107867508375231347e-02	3.521871109798456467e-02	8.968148199342883264e-02
1.552924238583346096e+03	2.106014880216886542e-01	1.317193948547645543e-01	2.780048963970888076e-01	1.734335253524944553e-01	8.116111284480728716e-02	3.527527834831258036e-02	8.980430418072225807e-02
1.557762008797001272e+03	2.101668605878637686e-01	1.314194437429653251e-01	2.782846343253422838e-01	1.736279205406651149e-01	8.124312027516024382e-02	3.533159216422909754e-02	8.992642836365272174e-02
1.562599779010656675e+03	2.097346792706325791e-01	1.311211806316335826e-01	2.785627279964539849e-01	1.738212007994891228e-01	8.132469958544781552e-02	3.538765336614045631e-02	9.004785835008112527e-02
1.567437549224311852e+03	2.093049302616553364e-01	1.308245960040790301e-01	2.788391876776699640e-01	1.740133723758991446e-01	8.140585297509575491e-02	3.544346277608483031e-02	9.016859792939457829e-02
1.572275319437967255e+03	2.088775998312092097e-01	1.305296803972801345e-01	2.791140235647691092e-01	1.742044414840275557e-01	8.148658263237677779e-02	3.549902121765312335e-02	9.028865087256275623e-02
1.577113089651622431e+03	2.084526743277234362e-01	1.302364244015890571e-01	2.793872457826444555e-01	1.743944143053481888e-01	8.156689073446801719e-02	3.555432951591112889e-02	9.040802093219442448e-02
1.581950859865277607e+03	2.080301401773182457e-01	1.299448186604381661e-01	2.796588643858787804e-01	1.745832969888180264e-01	8.164677944750806105e-02	3.560938849732295242e-02	9.052671184259450388e-02
1.586788630078933011e+03	2.076099838833466993e-01	1.296548538700476316e-01	2.799288893593150918e-01	1.747710956510184488e-01	8.172625092665374014e-02	3.566419898967564117e-02	9.064472731982142761e-02
1.591626400292587959e+03	2.071921920259400807e-01	1.293665207791341032e-01	2.801973306186212875e-01	1.749578163762966765e-01	8.180530731613656903e-02	3.571876182200511840e-02	9.076207106174483119e-02
1.596464170506243590e+03	2.067767512615563685e-01	1.290798101886206639e-01	2.804641980108497634e-01	1.751434652169064077e-01	8.188395074931872908e-02	3.577307782452322782e-02	9.087874674810357545e-02
1.601301940719898766e+03	2.063636483225320672e-01	1.287947129513480338e-01	2.807295013149909146e-01	1.753280481931487333e-01	8.196218334874884326e-02	3.582714782854602709e-02	9.099475804056410266e-02
1.606139710933553943e+03	2.059528700166369797e-01	1.285112199717869663e-01	2.809932502425224188e-01	1.755115712935124694e-01	8.204000722621740405e-02	3.588097266642326783e-02	9.111010858277913960e-02
1.610977481147209119e+03	2.055444032266320609e-01	1.282293222057518944e-01	2.812554544379527455e-01	1.756940404748144613e-01	8.211742448281185436e-02	3.593455317146897199e-02	9.122480200044659482e-02
1.615815251360864750e+03	2.051382349098306024e-01	1.279490106601157973e-01	2.815161234793592815e-01	1.758754616623395273e-01	8.219443720897126604e-02	3.598789017789320172e-02	9.133884190136883074e-02
1.620653021574519926e+03	2.047343520976619979e-01	1.276702763925264827e-01	2.817752668789217374e-01	1.760558407499802080e-01	8.227104748454087957e-02	3.604098452073496717e-02	9.145223187551221322e-02
1.625490791788175102e+03	2.043327418952388674e-01	1.273931105111240081e-01	2.820328940834503362e-01	1.762351836003760996e-01	8.234725737882617191e-02	3.609383703579617519e-02	9.156497549506684153e-02
1.630328562001830505e+03	2.039333914809269843e-01	1.271175041742593215e-01	2.822890144749090058e-01	1.764134960450532419e-01	8.242306895064664685e-02	3.614644855957675762e-02	9.167707631450659755e-02
1.635166332215485909e+03	2.035362881059179507e-01	1.268434485902145137e-01	2.825436373709335203e-01	1.765907838845629241e-01	8.249848424838934768e-02	3.619881992921081260e-02	9.178853787064943093e-02
1.640004102429141085e+03	2.031414190938049535e-01	1.265709350169240965e-01	2.827967720253451445e-01	1.767670528886205183e-01	8.257350531006206473e-02	3.625095198240387701e-02	9.189936368271788003e-02
1.644841872642796488e+03	2.027487718401611849e-01	1.262999547616976137e-01	2.830484276286588385e-01	1.769423087962437025e-01	8.264813416334619578e-02	3.630284555737116337e-02	9.200955725239980121e-02
1.649679642856451665e+03	2.023583338121212327e-01	1.260304991809437503e-01	2.832986133085871883e-01	1.771165573158907935e-01	8.272237282564930128e-02	3.635450149277691390e-02	9.211912206390933389e-02
1.654517413070107068e+03	2.019700925479649967e-01	1.257625596798955803e-01	2.835473381305392837e-01	1.772898041255983881e-01	8.279622330415746523e-02	3.640592062767475379e-02	9.222806158404803223e-02
1.659355183283762244e+03	2.015840356567046299e-01	1.254961277123372299e-01	2.837946110981149905e-01	1.774620548731191405e-01	8.286968759588721201e-02	3.645710380144902285e-02	9.233637926226623271e-02
1.664192953497417420e+03	2.012001508176738673e-01	1.252311947803319558e-01	2.840404411535947249e-01	1.776333151760588758e-01	8.294276768773722885e-02	3.650805185375712719e-02	9.244407853072461601e-02
1.669030723711072824e+03	2.008184257801202410e-01	1.249677524339513623e-01	2.842848371784244543e-01	1.778035906220137852e-01	8.301546555653975534e-02	3.655876562447286232e-02	9.255116280435587983e-02
1.673868493924728000e+03	2.004388483627999318e-01	1.247057922710061439e-01	2.845278079936962579e-01	1.779728867687069560e-01	8.308778316911170914e-02	3.660924595363072853e-02	9.265763548092664781e-02
1.678706264138383403e+03	2.000614064535750081e-01	1.244453059367780640e-01	2.847693623606242230e-01	1.781412091441248735e-01	8.315972248230550645e-02	3.665949368137116221e-02	9.276349994109955865e-02
1.683544034352038352e+03	1.996860880090135515e-01	1.241862851237533344e-01	2.850095089810162352e-01	1.783085632466535064e-01	8.323128544305964660e-02	3.670950964788672471e-02	9.286875954849541093e-02
1.688381804565693983e+03	1.993128810539921969e-01	1.239287215713573698e-01	2.852482564977411594e-01	1.784749545452140873e-01	8.330247398844889406e-02	3.675929469336919331e-02	9.297341764975554368e-02
1.693219574779349159e+03	1.989417736813010873e-01	1.236726070656907761e-01	2.854856134951915814e-01	1.786403884793986985e-01	8.337329004573433566e-02	3.680884965795762354e-02	9.307747757460431426e-02
1.698057344993004335e+03	1.985727540512516875e-01	1.234179334392667832e-01	2.857215884997424959e-01	1.788048704596053584e-01	8.344373553241307695e-02	3.685817538168727897e-02	9.318094263591172877e-02
1.702895115206659511e+03	1.982058103912866520e-01	1.231646925707500367e-01	2.859561899802055551e-01	1.789684058671729139e-01	8.351381235626767485e-02	3.690727270443942831e-02	9.328381612975615578e-02
1.707732885420315142e+03	1.978409309955924122e-01	1.229128763846967370e-01	2.861894263482790413e-01	1.791310000545156267e-01	8.358352241541530669e-02	3.695614246589203761e-02	9.338610133548720660e-02
1.712570655633970318e+03	1.974781042247142349e-01	1.226624768512960123e-01	2.864213059589940658e-01	1.792926583452573441e-01	8.365286759835666164e-02	3.700478550547135065e-02	9.348780151578868491e-02
1.717408425847625494e+03	1.971173185051734167e-01	1.224134859861128188e-01	2.866518371111561048e-01	1.794533860343654752e-01	8.372184978402456845e-02	3.705320266230428816e-02	9.358891991674164745e-02
1.722246196061280898e+03	1.967585623290872554e-01	1.221658958498320485e-01	2.868810280477828711e-01	1.796131883882844671e-01	8.379047084183235961e-02	3.710139477517170048e-02	9.368945976788754793e-02
1.727083966274936301e+03	1.964018242537910741e-01	1.219196985480040796e-01	2.871088869565380786e-01	1.797720706450690598e-01	8.385873263172197167e-02	3.714936268246244594e-02	9.378942428229151973e-02
1.731921736488591478e+03	1.960470929014626884e-01	1.216748862307915763e-01	2.873354219701608758e-01	1.799300380145173184e-01	8.392663700421180983e-02	3.719710722212828807e-02	9.388881665660564479e-02
1.736759506702246881e+03	1.956943569587492604e-01	1.214314510927177182e-01	2.875606411668919504e-01	1.800870956783029997e-01	8.399418580044427929e-02	3.724462923163961159e-02	9.398764007113237506e-02
1.741597276915902057e+03	1.953436051763963455e-01	1.211893853724157338e-01	2.877845525708951357e-01	1.802432487901079183e-01	8.406138085223319178e-02	3.729192954794188775e-02	9.408589768988800950e-02
1.746435047129557461e+03	1.949948263688793815e-01	1.209486813523797805e-01	2.880071641526754656e-01	1.803985024757537303e-01	8.412822398211074193e-02	3.733900900741297935e-02	9.418359266066619884e-02
1.751272817343212637e+03	1.946480094140373152e-01	1.207093313587171424e-01	2.882284838294932316e-01	1.805528618333334945e-01	8.419471700337438635e-02	3.738586844582120206e-02	9.428072811510151974e-02
1.756110587556867813e+03	1.943031432527083935e-01	1.204713277609017752e-01	2.884485194657746554e-01	1.807063319333428175e-01	8.426086172013337594e-02	3.743250869828411431e-02	9.437730716873310444e-02
1.760948357770523216e+03	1.939602168883685362e-01	1.202346629715291548e-01	2.886672788735182849e-01	1.808589178188107494e-01	8.432665992735510763e-02	3.747893059922808440e-02	9.447333292106831204e-02
1.765786127984178393e+03	1.936192193867714018e-01	1.199993294460725141e-01	2.888847698126979502e-01	1.810106245054301233e-01	8.439211341091118479e-02	3.752513498234861383e-02	9.456880845564645532e-02
1.770623898197833569e+03	1.932801398755911171e-01	1.197653196826403421e-01	2.891009999916620554e-01	1.811614569816877018e-01	8.445722394762318619e-02	3.757112268057136162e-02	9.466373684010247203e-02
1.775461668411488745e+03	1.929429675440669512e-01	1.195326262217351748e-01	2.893159770675292064e-01	1.813114202089939619e-01	8.452199330530831001e-02	3.761689452601389011e-02	9.475812112623074879e-02
1.780299438625144376e+03	1.926076916426500141e-01	1.193012416460138281e-01	2.895297086465802305e-01	1.814605191218123525e-01	8.458642324282471259e-02	3.766245134994813254e-02	9.485196435004893123e-02
1.785137208838799552e+03	1.922743014826524821e-01	1.190711585800487970e-01	2.897422022846468659e-01	1.816087586277883859e-01	8.465051551011654185e-02	3.770779398276356831e-02	9.494526953186159524e-02
1.789974979052454728e+03	1.919427864358984881e-01	1.188423696900910431e-01	2.899534654874963424e-01	1.817561436078782011e-01	8.471427184825885970e-02	3.775292325393106441e-02	9.503803967632418193e-02
1.794812749266109904e+03	1.916131359343775653e-01	1.186148676838340438e-01	2.901635057112132987e-01	1.819026789164768509e-01	8.477769398950224522e-02	3.779783999196739686e-02	9.513027777250672445e-02
1.799650519479765535e+03	1.912853394698997567e-01	1.183886453101791608e-01	2.903723303625776464e-01	1.820483693815461435e-01	8.484078365731716198e-02	3.784254502440047990e-02	9.522198679395771359e-02
1.804488289693420711e+03	1.909593865937530832e-01	1.181636953590023548e-01	2.905799467994392704e-01	1.821932198047421791e-01	8.490354256643814490e-02	3.788703917773519891e-02	9.531316969876783840e-02
1.809326059907075887e+03	1.906352669163628999e-01	1.179400106609220233e-01	2.907863623310892320e-01	1.823372349615424159e-01	8.496597242290766794e-02	3.793132327741995102e-02	9.540382942963386570e-02
1.814163830120731291e+03	1.903129701069534996e-01	1.177175840870683110e-01	2.909915842186279744e-01	1.824804196013723734e-01	8.502807492411988688e-02	3.797539814781378253e-02	9.549396891392229747e-02
1.819001600334386467e+03	1.899924858932115213e-01	1.174964085488535426e-01	2.911956196753295312e-01	1.826227784477320315e-01	8.508985175886404906e-02	3.801926461215418551e-02	9.558359106373323644e-02
1.823839370548041643e+03	1.896738040609514675e-01	1.172764769977440863e-01	2.913984758670034036e-01	1.827643161983217857e-01	8.515130460736777818e-02	3.806292349252551888e-02	9.567269877596405736e-02
1.828677140761696819e+03	1.893569144537831928e-01	1.170577824250333548e-01	2.916001599123523857e-01	1.829050375251679017e-01	8.521243514134003993e-02	3.810637560982801236e-02	9.576129493237314771e-02
1.833514910975352450e+03	1.890418069727814177e-01	1.168403178616160554e-01	2.918006788833278353e-01	1.830449470747478047e-01	8.527324502401391337e-02	3.814962178374742968e-02	9.584938239964353734e-02
1.838352681189008081e+03	1.887284715761571308e-01	1.166240763777638551e-01	2.920000398054811708e-01	1.831840494681148401e-01	8.533373591018923732e-02	3.819266283272530066e-02	9.593696402944654200e-02
1.843190451402663257e+03	1.884168982789310165e-01	1.164090510829021013e-01	2.921982496583125921e-01	1.833223493010225358e-01	8.539390944627482660e-02	3.823549957392969462e-02	9.602404265850536524e-02
1.848028221616318433e+03	1.881070771526087981e-01	1.161952351253879856e-01	2.923953153756166934e-01	1.834598511440486690e-01	8.545376727033067443e-02	3.827813282322668764e-02	9.611062110865863095e-02
1.852865991829973609e+03	1.877989983248584682e-01	1.159826216922897335e-01	2.925912438458251330e-01	1.835965595427188068e-01	8.551331101210980778e-02	3.832056339515230170e-02	9.619670218692386032e-02
1.857703762043628785e+03	1.874926519791895174e-01	1.157712040091672528e-01	2.927860419123458624e-01	1.837324790176295408e-01	8.557254229309999016e-02	3.836279210288504743e-02	9.628228868556093500e-02
1.862541532257283961e+03	1.871880283546339119e-01	1.155609753398537665e-01	2.929797163738996346e-01	1.838676140645711388e-01	8.563146272656516067e-02	3.840481975821903593e-02	9.636738338213544919e-02
1.867379302470939592e+03	1.868851177454290968e-01	1.153519289862389580e-01	2.931722739848536263e-01	1.840019691546499747e-01	8.569007391758672043e-02	3.844664717153759015e-02	9.645198903958206171e-02
1.872217072684594768e+03	1.865839105007028320e-01	1.151440582880530472e-01	2.933637214555518957e-01	1.841355487344105146e-01	8.574837746310454145e-02	3.848827515178745995e-02	9.653610840626775103e-02
1.877054842898249490e+03	1.862843970241599145e-01	1.149373566226522814e-01	2.935540654526428428e-01	1.842683572259567470e-01	8.580637495195778119e-02	3.852970450645352984e-02	9.661974421605490360e-02
1.881892613111905121e+03	1.859865677737705669e-01	1.147318174048055778e-01	2.937433125994042271e-01	1.844003990270734472e-01	8.586406796492557225e-02	3.857093604153405408e-02	9.670289918836456888e-02
1.886730383325560297e+03	1.856904132614609071e-01	1.145274340864822771e-01	2.939314694760649660e-01	1.845316785113467750e-01	8.592145807476730957e-02	3.861197056151642604e-02	9.678557602823936734e-02
1.891568153539215928e+03	1.853959240528050278e-01	1.143242001566412425e-01	2.941185426201241571e-01	1.846622000282846787e-01	8.597854684626292376e-02	3.865280886935341942e-02	9.686777742640652333e-02
1.896405923752871104e+03	1.851030907667191583e-01	1.141221091410210553e-01	2.943045385266674363e-01	1.847919679034366880e-01	8.603533583625287695e-02	3.869345176644001238e-02	9.694950605934066212e-02
1.901243693966526507e+03	1.848119040751572684e-01	1.139211546019314042e-01	2.944894636486805606e-01	1.849209864385134849e-01	8.609182659367792256e-02	3.873390005259060714e-02	9.703076458932667625e-02
1.906081464180181683e+03	1.845223547028087274e-01	1.137213301380456398e-01	2.946733243973598260e-01	1.850492599115058923e-01	8.614802065961865707e-02	3.877415452601679080e-02	9.711155566452236987e-02
1.910919234393836859e+03	1.842344334267976003e-01	1.135226293841945788e-01	2.948561271424206542e-01	1.851767925768034728e-01	8.620391956733494676e-02	3.881421598330561662e-02	9.719188191902106144e-02
1.915757004607492036e+03	1.839481310763837474e-01	1.133250460111613483e-01	2.950378782124025157e-01	1.853035886653129072e-01	8.625952484230510475e-02	3.885408521939823917e-02	9.727174597291406155e-02
1.920594774821147894e+03	1.836634385326657293e-01	1.131285737254775353e-01	2.952185838949719643e-01	1.854296523845755662e-01	8.631483800226483205e-02	3.889376302756915316e-02	9.735115043235317844e-02
1.925432545034802843e+03	1.833803467282852928e-01	1.129332062692203209e-01	2.953982504372225648e-01	1.855549879188850837e-01	8.636986055724601985e-02	3.893325019940580695e-02	9.743009788961290440e-02
1.930270315248458019e+03	1.830988466471337173e-01	1.127389374198109750e-01	2.955768840459724878e-01	1.856795994294041519e-01	8.642459400961532978e-02	3.897254752478868794e-02	9.750859092315264376e-02
1.935108085462113195e+03	1.828189293240599089e-01	1.125457609898142808e-01	2.957544908880593293e-01	1.858034910542811224e-01	8.647903985411251049e-02	3.901165579187188676e-02	9.758663209767885760e-02
1.939945855675768371e+03	1.825405858445801055e-01	1.123536708267391937e-01	2.959310770906328214e-01	1.859266669087661084e-01	8.653319957788871419e-02	3.905057578706404298e-02	9.766422396420701424e-02
1.944783625889424002e+03	1.822638073445891627e-01	1.121626608128406949e-01	2.961066487414439341e-01	1.860491310853265856e-01	8.658707466054435531e-02	3.908930829500979059e-02	9.774136906012342862e-02
1.949621396103079178e+03	1.819885850100738112e-01	1.119727248649226292e-01	2.962812118891331448e-01	1.861708876537627178e-01	8.664066657416698292e-02	3.912785409857156421e-02	9.781806990924706013e-02
1.954459166316734354e+03	1.817149100768273851e-01	1.117838569341418065e-01	2.964547725435147663e-01	1.862919406613221529e-01	8.669397678336886182e-02	3.916621397881188404e-02	9.789432902189108832e-02
1.959296936530389530e+03	1.814427738301662152e-01	1.115960510058130739e-01	2.966273366758593322e-01	1.864122941328143490e-01	8.674700674532438704e-02	3.920438871497604338e-02	9.797014889492448864e-02
1.964134706744044706e+03	1.811721676046477714e-01	1.114093010992155824e-01	2.967989102191740391e-01	1.865319520707245937e-01	8.679975790980731798e-02	3.924237908447515688e-02	9.804553201183341393e-02
1.968972476957700337e+03	1.809030827837903310e-01	1.112236012674001767e-01	2.969694990684799696e-01	1.866509184553275247e-01	8.685223171922783203e-02	3.928018586286969455e-02	9.812048084278239546e-02
1.973810247171355968e+03	1.806355107997943132e-01	1.110389455969977707e-01	2.971391090810874269e-01	1.867691972448002335e-01	8.690442960866930078e-02	3.931780982385332801e-02	9.819499784467555781e-02
1.978648017385010689e+03	1.803694431332653059e-01	1.108553282080289304e-01	2.973077460768689395e-01	1.868867923753348703e-01	8.695635300592502448e-02	3.935525173923724862e-02	9.826908546121754240e-02
1.983485787598666320e+03	1.801048713129387024e-01	1.106727432537144978e-01	2.974754158385297109e-01	1.870037077612509702e-01	8.700800333153468902e-02	3.939251237893480473e-02	9.834274612297447260e-02
1.988323557812321269e+03	1.798417869154056437e-01	1.104911849202872831e-01	2.976421241118759609e-01	1.871199472951071696e-01	8.705938199882060080e-02	3.942959251094654838e-02	9.841598224743459966e-02
1.993161328025976900e+03	1.795801815648410404e-01	1.103106474268047560e-01	2.978078766060808236e-01	1.872355148478126452e-01	8.711049041392390779e-02	3.946649290134564975e-02	9.848879623906897640e-02
1.997999098239632076e+03	1.793200469327327906e-01	1.101311250249629725e-01	2.979726789939480258e-01	1.873504142687379970e-01	8.716132997584040421e-02	3.950321431426370711e-02	9.856119048939189498e-02
2.002836868453287707e+03	1.790613747376126608e-01	1.099526119989114176e-01	2.981365369121735109e-01	1.874646493858257712e-01	8.721190207645633519e-02	3.953975751187686211e-02	9.863316737702119974e-02
2.007674638666942428e+03	1.788041567447888613e-01	1.097751026650689715e-01	2.982994559616046759e-01	1.875782240057005112e-01	8.726220810058395172e-02	3.957612325439233136e-02	9.870472926773846134e-02
2.012512408880597604e+03	1.785483847660798984e-01	1.095985913719408900e-01	2.984614417074973880e-01	1.876911419137784476e-01	8.731224942599689898e-02	3.961231230003525727e-02	9.877587851454901202e-02
2.017350179094252780e+03	1.782940506595503405e-01	1.094230724999368243e-01	2.986224996797708364e-01	1.878034068743766327e-01	8.736202742346539651e-02	3.964832540503591268e-02	9.884661745774185604e-02
2.022187949307908411e+03	1.780411463292477514e-01	1.092485404611899247e-01	2.987826353732604412e-01	1.879150226308217431e-01	8.741154345679127968e-02	3.968416332361726639e-02	9.891694842494937190e-02
2.027025719521564042e+03	1.777896637249412881e-01	1.090749896993769147e-01	2.989418542479685414e-01	1.880259929055584089e-01	8.746079888284287451e-02	3.971982680798284010e-02	9.898687373120693134e-02
2.031863489735218764e+03	1.775395948418619640e-01	1.089024146895392758e-01	2.991001617293126413e-01	1.881363214002571005e-01	8.750979505158962279e-02	3.975531660830492614e-02	9.905639567901229625e-02
2.036701259948874394e+03	1.772909317204441060e-01	1.087308099379053344e-01	2.992575632083721571e-01	1.882460117959215695e-01	8.755853330613661001e-02	3.979063347271317302e-02	9.912551655838491849e-02
2.041539030162529116e+03	1.770436664460685594e-01	1.085601699817134308e-01	2.994140640421325550e-01	1.883550677529958750e-01	8.760701498275888510e-02	3.982577814728340687e-02	9.919423864692508697e-02
2.046376800376184747e+03	1.767977911488073095e-01	1.083904893890361154e-01	2.995696695537280463e-01	1.884634929114710478e-01	8.765524141093566923e-02	3.986075137602682755e-02	9.926256420987286666e-02
2.051214570589840150e+03	1.765532980031693788e-01	1.082217627586053027e-01	2.997243850326813397e-01	1.885712908909912000e-01	8.770321391338424533e-02	3.989555390087951015e-02	9.933049550016691265e-02
2.056052340803495554e+03	1.763101792278486124e-01	1.080539847196384795e-01	2.998782157351424504e-01	1.886784652909591631e-01	8.775093380609380600e-02	3.993018646169219088e-02	9.939803475850311765e-02
2.060890111017150957e+03	1.760684270854725175e-01	1.078871499316658156e-01	3.000311668841249002e-01	1.887850196906419586e-01	8.779840239835914883e-02	3.996464979622038616e-02	9.946518421339312077e-02
2.065727881230805451e+03	1.758280338823527134e-01	1.077212530843583010e-01	3.001832436697399187e-01	1.888909576492754094e-01	8.784562099281406633e-02	3.999894464011478218e-02	9.953194608122256648e-02
2.070565651444461309e+03	1.755889919682368516e-01	1.075562888973569386e-01	3.003344512494291463e-01	1.889962827061687778e-01	8.789259088546472198e-02	4.003307172691194377e-02	9.959832256630934966e-02
2.075403421658116713e+03	1.753512937360618140e-01	1.073922521201028102e-01	3.004847947481947834e-01	1.891009983808086548e-01	8.793931336572276269e-02	4.006703178802530074e-02	9.966431586096154149e-02
2.080241191871772116e+03	1.751149316217087137e-01	1.072291375316681561e-01	3.006342792588283519e-01	1.892051081729624606e-01	8.798578971643827851e-02	4.010082555273639798e-02	9.972992814553524599e-02
2.085078962085427065e+03	1.748798981037586742e-01	1.070669399405883848e-01	3.007829098421375691e-01	1.893086155627816680e-01	8.803202121393262358e-02	4.013445374818646466e-02	9.979516158849226215e-02
2.089916732299082469e+03	1.746461857032506892e-01	1.069056541846950814e-01	3.009306915271707239e-01	1.894115240109043585e-01	8.807800912803104287e-02	4.016791709936822635e-02	9.986001834645752417e-02
2.094754502512737417e+03	1.744137869834403720e-01	1.067452751309499459e-01	3.010776293114401092e-01	1.895138369585575300e-01	8.812375472209520166e-02	4.020121632911800164e-02	9.992450056427647220e-02
2.099592272726392821e+03	1.741826945495604240e-01	1.065857976752797170e-01	3.012237281611428452e-01	1.896155578276589038e-01	8.816925925305545142e-02	4.023435215810809706e-02	9.998861037507217331e-02
2.104430042940048224e+03	1.739529010485821869e-01	1.064272167424119980e-01	3.013689930113804261e-01	1.897166900209183438e-01	8.821452397144301238e-02	4.026732530483938949e-02	1.000523499003022343e-01
2.109267813153704083e+03	1.737243991689789158e-01	1.062695272857119982e-01	3.015134287663759904e-01	1.898172369219387479e-01	8.825955012142197575e-02	4.030013648563423451e-02	1.001157212498156868e-01
2.114105583367359031e+03	1.734971816404900224e-01	1.061127242870202464e-01	3.016570402996903710e-01	1.899172018953165508e-01	8.830433894082109769e-02	4.033278641462963859e-02	1.001787265219095668e-01
2.118943353581013525e+03	1.732712412338870689e-01	1.059568027564912612e-01	3.017998324544358679e-01	1.900165882867418665e-01	8.834889166116555170e-02	4.036527580377059082e-02	1.002413678033853284e-01
2.123781123794669384e+03	1.730465707607407588e-01	1.058017577324330688e-01	3.019418100434884122e-01	1.901153994230980193e-01	8.839320950770836183e-02	4.039760536280375541e-02	1.003036471696051729e-01
2.128618894008324787e+03	1.728231630731895674e-01	1.056475842811476495e-01	3.020829778496981755e-01	1.902136386125609646e-01	8.843729369946182195e-02	4.042977579927133081e-02	1.003655666845480604e-01
2.133456664221980191e+03	1.726010110637093697e-01	1.054942774967723568e-01	3.022233406260985134e-01	1.903113091446978766e-01	8.848114544922869307e-02	4.046178781850520018e-02	1.004271284008656229e-01
2.138294434435635139e+03	1.723801076648847630e-01	1.053418325011221679e-01	3.023629030961126340e-01	1.904084142905655974e-01	8.852476596363326178e-02	4.049364212362124849e-02	1.004883343599379253e-01
2.143132204649290543e+03	1.721604458491814427e-01	1.051902444435329070e-01	3.025016699537595444e-01	1.905049573028085308e-01	8.856815644315217673e-02	4.052533941551399871e-02	1.005491865919290045e-01
2.147969974862945492e+03	1.719420186287199115e-01	1.050395085007052309e-01	3.026396458638573317e-01	1.906009414157562309e-01	8.861131808214525729e-02	4.055688039285140767e-02	1.006096871158422140e-01
2.152807745076601350e+03	1.717248190550506037e-01	1.048896198765497528e-01	3.027768354622255020e-01	1.906963698455203249e-01	8.865425206888606635e-02	4.058826575206992554e-02	1.006698379395753878e-01
2.157645515290255844e+03	1.715088402189302308e-01	1.047405738020326937e-01	3.029132433558854309e-01	1.907912457900913239e-01	8.869695958559234428e-02	4.061949618736973577e-02	1.007296410599758524e-01
2.162483285503912157e+03	1.712940752500994035e-01	1.045923655350227965e-01	3.030488741232589267e-01	1.908855724294347134e-01	8.873944180845626251e-02	4.065057239071027950e-02	1.007890984628952158e-01
2.167321055717567106e+03	1.710805173170615034e-01	1.044449903601388230e-01	3.031837323143659613e-01	1.909793529255867650e-01	8.878169990767462161e-02	4.068149505180593262e-02	1.008482121232440049e-01
2.172158825931222509e+03	1.708681596268629699e-01	1.042984435885980637e-01	3.033178224510199028e-01	1.910725904227499328e-01	8.882373504747874404e-02	4.071226485812191875e-02	1.009069840050460937e-01
2.176996596144877003e+03	1.706569954248745857e-01	1.041527205580656396e-01	3.034511490270218603e-01	1.911652880473877769e-01	8.886554838616440855e-02	4.074288249487042352e-02	1.009654160614929658e-01
2.181834366358532861e+03	1.704470179945742903e-01	1.040078166325047737e-01	3.035837165083529743e-01	1.912574489083194440e-01	8.890714107612147921e-02	4.077334864500693073e-02	1.010235102349977404e-01
2.186672136572187810e+03	1.702382206573311019e-01	1.038637272020278141e-01	3.037155293333657080e-01	1.913490760968138138e-01	8.894851426386343740e-02	4.080366398922671833e-02	1.010812684572490600e-01
2.191509906785843214e+03	1.700305967721902067e-01	1.037204476827480737e-01	3.038465919129729187e-01	1.914401726866831466e-01	8.898966909005683046e-02	4.083382920596161092e-02	1.011386926492647970e-01
2.196347676999498617e+03	1.698241397356594629e-01	1.035779735166326848e-01	3.039769086308362622e-01	1.915307417343763419e-01	8.903060668955042889e-02	4.086384497137687116e-02	1.011957847214455114e-01
2.201185447213154021e+03	1.696188429814970700e-01	1.034363001713561186e-01	3.041064838435522111e-01	1.916207862790716421e-01	8.907132819140442526e-02	4.089371195936832015e-02	1.012525465736277414e-01
2.206023217426809424e+03	1.694146999805002385e-01	1.032954231401545936e-01	3.042353218808373505e-01	1.917103093427692251e-01	8.911183471891932772e-02	4.092343084155962429e-02	1.013089800951371966e-01
2.210860987640464373e+03	1.692117042402954408e-01	1.031553379416813992e-01	3.043634270457115099e-01	1.917993139303830474e-01	8.915212738966479811e-02	4.095300228729977648e-02	1.013650871648416052e-01
2.215698757854119776e+03	1.690098493051295503e-01	1.030160401198629144e-01	3.044908036146801167e-01	1.918878030298324378e-01	8.919220731550830950e-02	4.098242696366076465e-02	1.014208696512034491e-01
2.220536528067775180e+03	1.688091287556623687e-01	1.028775252437555549e-01	3.046174558379147190e-01	1.919757796121333016e-01	8.923207560264366511e-02	4.101170553543539987e-02	1.014763294123325471e-01
2.225374298281430583e+03	1.686095362087602911e-01	1.027397889074034287e-01	3.047433879394320089e-01	1.920632466314887432e-01	8.927173335161943390e-02	4.104083866513535267e-02	1.015314682960383463e-01
2.230212068495085077e+03	1.684110653172909700e-01	1.026028267296969498e-01	3.048686041172716799e-01	1.921502070253794381e-01	8.931118165736712244e-02	4.106982701298933502e-02	1.015862881398820888e-01
2.235049838708740936e+03	1.682137097699195338e-01	1.024666343542320474e-01	3.049931085436727862e-01	1.922366637146535606e-01	8.935042160922936072e-02	4.109867123694144891e-02	1.016407907712287978e-01
2.239887608922396339e+03	1.680174632909056665e-01	1.023312074491704443e-01	3.051169053652487140e-01	1.923226196036161573e-01	8.938945429098779649e-02	4.112737199264972915e-02	1.016949780072990139e-01
2.244725379136052197e+03	1.678223196399019068e-01	1.021965417071005189e-01	3.052399987031605977e-01	1.924080775801183529e-01	8.942828078089097577e-02	4.115592993348483192e-02	1.017488516552203792e-01
2.249563149349706237e+03	1.676282726117531430e-01	1.020626328448990261e-01	3.053623926532896826e-01	1.924930405156458080e-01	8.946690215168198734e-02	4.118434571052890375e-02	1.018024135120790402e-01
2.254400919563362095e+03	1.674353160362972992e-01	1.019294766035935967e-01	3.054840912864081881e-01	1.925775112654072030e-01	8.950531947062606575e-02	4.121261997257456150e-02	1.018556653649707600e-01
2.259238689777017044e+03	1.672434437781670225e-01	1.017970687482260966e-01	3.056050986483486720e-01	1.926614926684218077e-01	8.954353379953797210e-02	4.124075336612410825e-02	1.019086089910519466e-01
2.264076459990672902e+03	1.670526497365926732e-01	1.016654050677166660e-01	3.057254187601725071e-01	1.927449875476071883e-01	8.958154619480927783e-02	4.126874653538883247e-02	1.019612461575905016e-01
