1.001418434226643626e+03	2.811638200153844802e-01	1.792732449219413271e-01	2.345797999756374930e-01	1.408566709081755242e-01	6.831032660518834843e-02	2.680240722267953485e-02	6.901373035087231267e-02
1.002869765290740247e+03	2.809137448461206388e-01	1.791025612935104039e-01	2.347603759507473908e-01	1.409611253252682217e-01	6.835413001139402367e-02	2.682844912802401574e-02	6.907961344481439170e-02
1.004321096354836754e+03	2.806640939130666812e-01	1.789321668870725301e-01	2.349406369712615239e-01	1.410653923955907940e-01	6.839785792140340437e-02	2.685446423238532776e-02	6.914538767909880757e-02
1.005772427418933376e+03	2.804148664877647579e-01	1.787620612158980771e-01	2.351205835748850781e-01	1.411694725100574865e-01	6.844151047572645530e-02	2.688045252587981451e-02	6.921105320966741692e-02
1.007223758483029997e+03	2.801660618431449090e-01	1.785922437939746477e-01	2.353002162984014212e-01	1.412733660584686302e-01	6.848508781457343653e-02	2.690641399882899229e-02	6.927661019248708418e-02
1.008675089547126618e+03	2.799176792535197356e-01	1.784227141360084368e-01	2.354795356776737958e-01	1.413770734295157483e-01	6.852859007785566670e-02	2.693234864175854046e-02	6.934205878354732233e-02
1.010126420611223239e+03	2.796697179945792366e-01	1.782534717574251748e-01	2.356585422476470681e-01	1.414805950107864141e-01	6.857201740518638344e-02	2.695825644539729185e-02	6.940739913885771162e-02
1.011577751675319632e+03	2.794221773433859801e-01	1.780845161743711824e-01	2.358372365423493933e-01	1.415839311887693297e-01	6.861536993588152056e-02	2.698413740067623010e-02	6.947263141444560974e-02
1.013029082739416367e+03	2.791750565783699956e-01	1.779158469037144807e-01	2.360156190948939081e-01	1.416870823488591835e-01	6.865864780896054065e-02	2.700999149872748695e-02	6.953775576635370936e-02
1.014480413803512761e+03	2.789283549793236672e-01	1.777474634630455963e-01	2.361936904374804247e-01	1.417900488753614241e-01	6.870185116314721230e-02	2.703581873088334309e-02	6.960277235063762336e-02
1.015931744867609382e+03	2.786820718273971820e-01	1.775793653706785324e-01	2.363714511013971509e-01	1.418928311514972840e-01	6.874498013687041498e-02	2.706161908867524973e-02	6.966768132336353947e-02
1.017383075931706003e+03	2.784362064050932561e-01	1.774115521456517408e-01	2.365489016170222447e-01	1.419954295594083593e-01	6.878803486826498559e-02	2.708739256383282251e-02	6.973248284060594437e-02
1.018834406995802851e+03	2.781907579962628052e-01	1.772440233077287042e-01	2.367260425138257296e-01	1.420978444801616059e-01	6.883101549517239848e-02	2.711313914828287000e-02	6.979717705844525055e-02
1.020285738059899245e+03	2.779457258860999480e-01	1.770767783773989634e-01	2.369028743203708542e-01	1.422000762937539464e-01	6.887392215514170912e-02	2.713885883414841882e-02	6.986176413296554810e-02
1.021737069123995752e+03	2.777011093611375103e-01	1.769098168758786449e-01	2.370793975643159801e-01	1.423021253791170448e-01	6.891675498543023415e-02	2.716455161374772137e-02	6.992624422025230102e-02
1.023188400188092373e+03	2.774569077092421954e-01	1.767431383251113208e-01	2.372556127724161912e-01	1.424039921141219689e-01	6.895951412300439787e-02	2.719021747959329480e-02	6.999061747639009901e-02
1.024639731252188767e+03	2.772131202196104205e-01	1.765767422477684812e-01	2.374315204705248483e-01	1.425056768755838255e-01	6.900219970454046781e-02	2.721585642439095301e-02	7.005488405746047864e-02
1.026091062316285615e+03	2.769697461827633767e-01	1.764106281672503385e-01	2.376071211835953656e-01	1.426071800392664790e-01	6.904481186642538737e-02	2.724146844103884565e-02	7.011904411953968908e-02
1.027542393380382237e+03	2.767267848905428651e-01	1.762447956076862721e-01	2.377824154356827646e-01	1.427085019798870202e-01	6.908735074475752524e-02	2.726705352262648319e-02	7.018309781869652708e-02
1.028993724444478858e+03	2.764842356361069120e-01	1.760792440939353554e-01	2.379574037499453953e-01	1.428096430711204567e-01	6.912981647534748031e-02	2.729261166243380013e-02	7.024704531099014437e-02
1.030445055508575479e+03	2.762420977139252165e-01	1.759139731515869109e-01	2.381320866486464072e-01	1.429106036856040984e-01	6.917220919371881716e-02	2.731814285393019057e-02	7.031088675246788267e-02
1.031896386572671872e+03	2.760003704197749319e-01	1.757489823069609824e-01	2.383064646531556363e-01	1.430113841949422482e-01	6.921452903510888488e-02	2.734364709077356098e-02	7.037462229916324752e-02
1.033347717636768493e+03	2.757590530507367244e-01	1.755842710871086398e-01	2.384805382839509380e-01	1.431119849697105595e-01	6.925677613446956649e-02	2.736912436680939351e-02	7.043825210709368789e-02
1.034799048700865114e+03	2.755181449051899989e-01	1.754198390198125068e-01	2.386543080606200185e-01	1.432124063794605329e-01	6.929895062646802828e-02	2.739457467606980223e-02	7.050177633225865326e-02
1.036250379764961508e+03	2.752776452828091802e-01	1.752556856335870938e-01	2.388277745018619613e-01	1.433126487927238735e-01	6.934105264548749703e-02	2.741999801277258952e-02	7.056519513063738702e-02
1.037701710829058356e+03	2.750375534845594383e-01	1.750918104576789924e-01	2.390009381254888376e-01	1.434127125770169875e-01	6.938308232562807876e-02	2.744539437132031620e-02	7.062850865818698365e-02
1.039153041893154750e+03	2.747978688126925806e-01	1.749282130220674025e-01	2.391737994484273433e-01	1.435125980988452288e-01	6.942503980070739711e-02	2.747076374629938214e-02	7.069171707084033474e-02
1.040604372957251599e+03	2.745585905707431107e-01	1.747648928574641325e-01	2.393463589867203256e-01	1.436123057237074230e-01	6.946692520426148154e-02	2.749610613247908258e-02	7.075482052450408899e-02
1.042055704021347992e+03	2.743197180635243981e-01	1.746018494953139322e-01	2.395186172555285320e-01	1.437118358160999476e-01	6.950873866954543345e-02	2.752142152481071302e-02	7.081781917505675095e-02
1.043507035085444613e+03	2.740812505971242374e-01	1.744390824677947704e-01	2.396905747691319422e-01	1.438111887395212007e-01	6.955048032953423109e-02	2.754670991842662550e-02	7.088071317834666873e-02
1.044958366149541234e+03	2.738431874789015175e-01	1.742765913078178908e-01	2.398622320409316000e-01	1.439103648564757643e-01	6.959215031692343734e-02	2.757197130863933351e-02	7.094350269019006339e-02
1.046409697213637855e+03	2.736055280174821136e-01	1.741143755490279499e-01	2.400335895834511402e-01	1.440093645284787061e-01	6.963374876412997683e-02	2.759720569094058565e-02	7.100618786636915536e-02
1.047861028277734476e+03	2.733682715227548354e-01	1.739524347258032122e-01	2.402046479083382868e-01	1.441081881160597156e-01	6.967527580329288539e-02	2.762241306100047394e-02	7.106876886263024939e-02
1.049312359341831097e+03	2.731314173058680406e-01	1.737907683732555497e-01	2.403754075263664636e-01	1.442068359787672671e-01	6.971673156627403167e-02	2.764759341466652490e-02	7.113124583468176387e-02
1.050763690405927491e+03	2.728949646792256933e-01	1.736293760272304698e-01	2.405458689474364309e-01	1.443053084751728943e-01	6.975811618465883879e-02	2.767274674796279740e-02	7.119361893819249609e-02
1.052215021470024112e+03	2.726589129564837011e-01	1.734682572243072540e-01	2.407160326805776740e-01	1.444036059628751867e-01	6.979942978975708923e-02	2.769787305708899458e-02	7.125588832878965162e-02
1.053666352534120733e+03	2.724232614525463059e-01	1.733074115017988748e-01	2.408858992339502070e-01	1.445017287985039811e-01	6.984067251260360487e-02	2.772297233841956865e-02	7.131805416205709569e-02
1.055117683598217127e+03	2.721880094835621433e-01	1.731468383977519676e-01	2.410554691148459050e-01	1.445996773377243583e-01	6.988184448395899639e-02	2.774804458850282582e-02	7.138011659353347971e-02
1.056569014662313975e+03	2.719531563669211338e-01	1.729865374509467202e-01	2.412247428296901974e-01	1.446974519352407784e-01	6.992294583431038490e-02	2.777308980406006586e-02	7.144207577871045101e-02
1.058020345726410369e+03	2.717187014212504859e-01	1.728265082008969833e-01	2.413937208840435666e-01	1.447950529448010504e-01	6.996397669387210971e-02	2.779810798198466965e-02	7.150393187303091813e-02
1.059471676790506763e+03	2.714846439664114208e-01	1.726667501878499933e-01	2.415624037826031023e-01	1.448924807192003006e-01	7.000493719258653325e-02	2.782309911934124566e-02	7.156568503188721897e-02
1.060923007854603611e+03	2.712509833234955092e-01	1.725072629527863166e-01	2.417307920292040557e-01	1.449897356102850532e-01	7.004582746012467942e-02	2.784806321336474183e-02	7.162733541061941378e-02
1.062374338918700232e+03	2.710177188148215066e-01	1.723480460374197110e-01	2.418988861268213386e-01	1.450868179689571158e-01	7.008664762588698305e-02	2.787300026145958856e-02	7.168888316451359211e-02
1.063825669982796853e+03	2.707848497639315233e-01	1.721890989841968478e-01	2.420666865775710497e-01	1.451837281451775208e-01	7.012739781900401148e-02	2.789791026119882444e-02	7.175032844880006866e-02
1.065277001046893474e+03	2.705523754955878601e-01	1.720304213362973400e-01	2.422341938827120844e-01	1.452804664879704111e-01	7.016807816833718625e-02	2.792279321032323930e-02	7.181167141865178738e-02
1.066728332110990095e+03	2.703202953357695670e-01	1.718720126376332979e-01	2.424014085426475507e-01	1.453770333454269259e-01	7.020868880247947696e-02	2.794764910674051375e-02	7.187291222918258671e-02
1.068179663175086489e+03	2.700886086116692231e-01	1.717138724328492183e-01	2.425683310569264062e-01	1.454734290647091144e-01	7.024922984975612295e-02	2.797247794852435535e-02	7.193405103544553425e-02
1.069630994239183110e+03	2.698573146516894949e-01	1.715560002673216788e-01	2.427349619242448464e-01	1.455696539920536270e-01	7.028970143822535488e-02	2.799727973391365893e-02	7.199508799243131696e-02
1.071082325303279504e+03	2.696264127854398618e-01	1.713983956871591441e-01	2.429013016424479698e-01	1.456657084727757123e-01	7.033010369567904707e-02	2.802205446131164970e-02	7.205602325506658967e-02
1.072533656367376352e+03	2.693959023437335065e-01	1.712410582392015768e-01	2.430673507085311380e-01	1.457615928512728809e-01	7.037043674964349460e-02	2.804680212928504016e-02	7.211685697821240693e-02
1.073984987431472746e+03	2.691657826585839852e-01	1.710839874710200770e-01	2.432331096186415298e-01	1.458573074710286799e-01	7.041070072738006558e-02	2.807152273656320085e-02	7.217758931666257149e-02
1.075436318495569594e+03	2.689360530632020074e-01	1.709271829309167989e-01	2.433985788680796958e-01	1.459528526746164678e-01	7.045089575588589503e-02	2.809621628203730348e-02	7.223822042514206621e-02
1.076887649559666215e+03	2.687067128919922721e-01	1.707706441679242293e-01	2.435637589513010293e-01	1.460482288037030507e-01	7.049102196189462044e-02	2.812088276475949167e-02	7.229875045830551350e-02
1.078338980623762609e+03	2.684777614805505253e-01	1.706143707318051872e-01	2.437286503619172096e-01	1.461434361990525677e-01	7.053107947187704785e-02	2.814552218394205871e-02	7.235917957073563500e-02
1.079790311687859230e+03	2.682491981656602298e-01	1.704583621730521303e-01	2.438932535926978118e-01	1.462384752005299327e-01	7.057106841204181802e-02	2.817013453895661143e-02	7.241950791694169720e-02
1.081241642751955851e+03	2.680210222852895119e-01	1.703026180428870162e-01	2.440575691355716947e-01	1.463333461471046648e-01	7.061098890833615582e-02	2.819471982933325835e-02	7.247973565135799878e-02
1.082692973816052472e+03	2.677932331785881637e-01	1.701471378932606360e-01	2.442215974816284441e-01	1.464280493768544134e-01	7.065084108644652250e-02	2.821927805475976658e-02	7.253986292834239957e-02
1.084144304880149093e+03	2.675658301858845900e-01	1.699919212768523091e-01	2.443853391211199821e-01	1.465225852269685658e-01	7.069062507179928179e-02	2.824380921508076736e-02	7.259988990217478011e-02
1.085595635944245487e+03	2.673388126486829774e-01	1.698369677470694394e-01	2.445487945434619559e-01	1.466169540337519395e-01	7.073034098956143545e-02	2.826831331029693029e-02	7.265981672705563998e-02
1.087046967008342108e+03	2.671121799096597971e-01	1.696822768580470153e-01	2.447119642372352910e-01	1.467111561326282509e-01	7.076998896464119226e-02	2.829279034056415842e-02	7.271964355710459904e-02
1.088498298072438729e+03	2.668859313126615285e-01	1.695278481646471103e-01	2.448748486901875798e-01	1.468051918581436410e-01	7.080956912168880069e-02	2.831724030619277646e-02	7.277937054635895409e-02
1.089949629136535123e+03	2.666600662027011626e-01	1.693736812224583832e-01	2.450374483892345245e-01	1.468990615439702552e-01	7.084908158509709009e-02	2.834166320764672578e-02	7.283899784877229111e-02
1.091400960200631971e+03	2.664345839259555371e-01	1.692197755877955512e-01	2.451997638204615193e-01	1.469927655229097962e-01	7.088852647900222015e-02	2.836605904554276650e-02	7.289852561821304200e-02
1.092852291264728365e+03	2.662094838297625055e-01	1.690661308176990008e-01	2.453617954691250103e-01	1.470863041268968552e-01	7.092790392728431925e-02	2.839042782064968989e-02	7.295795400846311063e-02
1.094303622328825213e+03	2.659847652626178283e-01	1.689127464699340109e-01	2.455235438196539943e-01	1.471796776870024914e-01	7.096721405356813672e-02	2.841476953388750656e-02	7.301728317321651285e-02
1.095754953392921607e+03	2.657604275741726751e-01	1.687596221029903643e-01	2.456850093556514625e-01	1.472728865334376191e-01	7.100645698122376448e-02	2.843908418632666926e-02	7.307651326607796094e-02
1.097206284457018228e+03	2.655364701152304607e-01	1.686067572760817368e-01	2.458461925598958708e-01	1.473659309955564767e-01	7.104563283336721990e-02	2.846337177918728187e-02	7.313564444056151748e-02
1.098657615521114849e+03	2.653128922377441801e-01	1.684541515491450869e-01	2.460070939143425561e-01	1.474588114018599849e-01	7.108474173286119524e-02	2.848763231383831876e-02	7.319467685008929081e-02
1.100108946585211470e+03	2.650896932948136886e-01	1.683018044828401005e-01	2.461677139001251513e-01	1.475515280799991336e-01	7.112378380231564046e-02	2.851186579179683031e-02	7.325361064799010280e-02
1.101560277649308091e+03	2.648668726406828156e-01	1.681497156385485248e-01	2.463280529975571120e-01	1.476440813567783117e-01	7.116275916408845714e-02	2.853607221472719002e-02	7.331244598749818431e-02
1.103011608713404712e+03	2.646444296307368105e-01	1.679978845783736130e-01	2.464881116861331600e-01	1.477364715581587495e-01	7.120166794028613688e-02	2.856025158444029655e-02	7.337118302175184292e-02
1.104462939777501106e+03	2.644223636214994011e-01	1.678463108651394864e-01	2.466478904445305875e-01	1.478286990092616826e-01	7.124051025276442739e-02	2.858440390289281388e-02	7.342982190379225560e-02
1.105914270841597499e+03	2.642006739706302398e-01	1.676949940623904123e-01	2.468073897506107284e-01	1.479207640343718766e-01	7.127928622312894313e-02	2.860852917218640115e-02	7.348836278656210863e-02
1.107365601905694348e+03	2.639793600369220727e-01	1.675439337343903046e-01	2.469666100814205123e-01	1.480126669569405695e-01	7.131799597273587310e-02	2.863262739456695280e-02	7.354680582290440416e-02
1.108816932969790741e+03	2.637584211802982970e-01	1.673931294461218355e-01	2.471255519131937417e-01	1.481044080995891632e-01	7.135663962269260530e-02	2.865669857242383531e-02	7.360515116556121118e-02
1.110268264033887590e+03	2.635378567618101853e-01	1.672425807632859918e-01	2.472842157213526182e-01	1.481959877841120821e-01	7.139521729385830962e-02	2.868074270828912392e-02	7.366339896717243041e-02
1.111719595097984211e+03	2.633176661436341659e-01	1.670922872523012137e-01	2.474426019805090748e-01	1.482874063314802149e-01	7.143372910684465948e-02	2.870475980483684630e-02	7.372154938027457305e-02
1.113170926162080832e+03	2.630978486890694357e-01	1.669422484803027851e-01	2.476007111644662473e-01	1.483786640618440511e-01	7.147217518201642861e-02	2.872874986488225049e-02	7.377960255729956729e-02
1.114622257226177226e+03	2.628784037625351844e-01	1.667924640151421112e-01	2.477585437462198614e-01	1.484697612945369005e-01	7.151055563949214322e-02	2.875271289138103120e-02	7.383755865057359258e-02
1.116073588290273847e+03	2.626593307295680968e-01	1.666429334253859973e-01	2.479161001979596213e-01	1.485606983480780574e-01	7.154887059914466496e-02	2.877664888742859431e-02	7.389541781231585837e-02
1.117524919354370468e+03	2.624406289568196882e-01	1.664936562803159270e-01	2.480733809910706800e-01	1.486514755401759091e-01	7.158712018060188476e-02	2.880055785625931786e-02	7.395318019463748005e-02
1.118976250418467089e+03	2.622222978120539727e-01	1.663446321499273128e-01	2.482303865961350275e-01	1.487420931877311003e-01	7.162530450324734732e-02	2.882443980124580959e-02	7.401084594954028539e-02
1.120427581482563710e+03	2.620043366641449101e-01	1.661958606049287746e-01	2.483871174829328232e-01	1.488325516068396415e-01	7.166342368622083403e-02	2.884829472589816798e-02	7.406841522891574603e-02
1.121878912546660331e+03	2.617867448830735744e-01	1.660473412167413898e-01	2.485435741204438387e-01	1.489228511127960730e-01	7.170147784841900129e-02	2.887212263386325362e-02	7.412588818454378392e-02
1.123330243610756725e+03	2.615695218399261002e-01	1.658990735574978337e-01	2.486997569768488181e-01	1.490129920200964353e-01	7.173946710849604669e-02	2.889592352892396063e-02	7.418326496809171666e-02
1.124781574674853118e+03	2.613526669068909625e-01	1.657510572000417681e-01	2.488556665195309769e-01	1.491029746424413216e-01	7.177739158486429183e-02	2.891969741499847771e-02	7.424054573111310562e-02
1.126232905738949967e+03	2.611361794572565898e-01	1.656032917179269814e-01	2.490113032150773065e-01	1.491927992927391255e-01	7.181525139569475136e-02	2.894344429613957687e-02	7.429773062504667347e-02
1.127684236803046360e+03	2.609200588654086994e-01	1.654557766854165279e-01	2.491666675292799060e-01	1.492824662831088167e-01	7.185304665891786846e-02	2.896716417653389872e-02	7.435481980121530499e-02
1.129135567867143209e+03	2.607043045068282994e-01	1.653085116774820895e-01	2.493217599271374818e-01	1.493719759248830492e-01	7.189077749222401448e-02	2.899085706050120656e-02	7.441181341082486744e-02
1.130586898931239830e+03	2.604889157580889125e-01	1.651614962698031153e-01	2.494765808728566236e-01	1.494613285286112425e-01	7.192844401306416890e-02	2.901452295249369942e-02	7.446871160496325304e-02
1.132038229995336451e+03	2.602738919968542453e-01	1.650147300387659610e-01	2.496311308298533038e-01	1.495505244040624404e-01	7.196604633865048839e-02	2.903816185709529041e-02	7.452551453459928255e-02
1.133489561059432845e+03	2.600592326018760780e-01	1.648682125614630567e-01	2.497854102607540983e-01	1.496395638602282530e-01	7.200358458595698674e-02	2.906177377902088854e-02	7.458222235058169225e-02
1.134940892123529466e+03	2.598449369529914343e-01	1.647219434156922124e-01	2.499394196273976299e-01	1.497284472053259374e-01	7.204105887171999290e-02	2.908535872311571180e-02	7.463883520363812085e-02
1.136392223187626087e+03	2.596310044311205267e-01	1.645759221799556749e-01	2.500931593908359840e-01	1.498171747468012294e-01	7.207846931243891420e-02	2.910891669435456894e-02	7.469535324437411028e-02
1.137843554251722708e+03	2.594174344182644809e-01	1.644301484334592944e-01	2.502466300113360131e-01	1.499057467913311736e-01	7.211581602437676375e-02	2.913244769784116214e-02	7.475177662327210648e-02
1.139294885315819101e+03	2.592042262975026712e-01	1.642846217561117761e-01	2.503998319483807244e-01	1.499941636448272053e-01	7.215309912356074329e-02	2.915595173880738966e-02	7.480810549069046023e-02
1.140746216379915950e+03	2.589913794529906665e-01	1.641393417285237633e-01	2.505527656606706399e-01	1.500824256124378697e-01	7.219031872578285380e-02	2.917942882261266579e-02	7.486433999686249730e-02
1.142197547444012343e+03	2.587788932699579547e-01	1.639943079320069219e-01	2.507054316061250732e-01	1.501705329985518200e-01	7.222747494660052003e-02	2.920287895474320272e-02	7.492048029189549152e-02
1.143648878508108737e+03	2.585667671347054442e-01	1.638495199485731912e-01	2.508578302418836281e-01	1.502584861068004818e-01	7.226456790133715946e-02	2.922630214081134437e-02	7.497652652576979049e-02
1.145100209572205586e+03	2.583550004346032436e-01	1.637049773609338676e-01	2.510099620243074203e-01	1.503462852400609950e-01	7.230159770508275130e-02	2.924969838655487597e-02	7.503247884833783021e-02
1.146551540636302207e+03	2.581435925580886082e-01	1.635606797524986888e-01	2.511618274089806313e-01	1.504339307004591286e-01	7.233856447269447487e-02	2.927306769783633023e-02	7.508833740932319145e-02
1.148002871700398828e+03	2.579325428946634413e-01	1.634166267073751122e-01	2.513134268507114522e-01	1.505214227893718060e-01	7.237546831879725084e-02	2.929641008064232804e-02	7.514410235831976703e-02
1.149454202764495449e+03	2.577218508348920190e-01	1.632728178103672045e-01	2.514647608035338044e-01	1.506087618074301582e-01	7.241230935778435185e-02	2.931972554108287776e-02	7.519977384479076266e-02
1.150905533828591842e+03	2.575115157703989910e-01	1.631292526469748927e-01	2.516158297207086725e-01	1.506959480545221330e-01	7.244908770381798535e-02	2.934301408539071940e-02	7.525535201806782259e-02
1.152356864892688463e+03	2.573015370938670499e-01	1.629859308033931309e-01	2.517666340547251025e-01	1.507829818297952706e-01	7.248580347082982100e-02	2.936627571992064811e-02	7.531083702735019703e-02
1.153808195956785084e+03	2.570919141990347101e-01	1.628428518665108182e-01	2.519171742573019235e-01	1.508698634316595066e-01	7.252245677252165679e-02	2.938951045114884114e-02	7.536622902170382610e-02
1.155259527020881706e+03	2.568826464806940879e-01	1.627000154239100216e-01	2.520674507793888575e-01	1.509565931577898368e-01	7.255904772236593248e-02	2.941271828567219859e-02	7.542152815006043787e-02
1.156710858084978327e+03	2.566737333346886807e-01	1.625574210638650874e-01	2.522174640711678517e-01	1.510431713051289537e-01	7.259557643360634027e-02	2.943589923020767732e-02	7.547673456121681279e-02
1.158162189149074720e+03	2.564651741579114241e-01	1.624150683753416424e-01	2.523672145820545221e-01	1.511295981698901059e-01	7.263204301925835216e-02	2.945905329159163172e-02	7.553184840383378451e-02
1.159613520213171569e+03	2.562569683483022498e-01	1.622729569479957057e-01	2.525167027606994297e-01	1.512158740475596230e-01	7.266844759210983051e-02	2.948218047677915454e-02	7.558686982643551822e-02
1.161064851277267962e+03	2.560491153048459756e-01	1.621310863721728002e-01	2.526659290549893022e-01	1.513019992328996643e-01	7.270479026472158324e-02	2.950528079284342811e-02	7.564179897740869185e-02
1.162516182341364356e+03	2.558416144275704185e-01	1.619894562389070647e-01	2.528148939120485328e-01	1.513879740199508550e-01	7.274107114942793273e-02	2.952835424697506164e-02	7.569663600500158018e-02
1.163967513405461204e+03	2.556344651175440075e-01	1.618480661399202269e-01	2.529635977782403455e-01	1.514737987020348120e-01	7.277729035833728488e-02	2.955140084648145635e-02	7.575138105732334703e-02
1.165418844469557826e+03	2.554276667768736742e-01	1.617069156676206598e-01	2.531120410991681835e-01	1.515594735717569475e-01	7.281344800333265643e-02	2.957442059878614971e-02	7.580603428234322649e-02
1.166870175533654447e+03	2.552212188087027989e-01	1.615660044151025765e-01	2.532602243196769853e-01	1.516449989210089389e-01	7.284954419607231335e-02	2.959741351142817362e-02	7.586059582788973188e-02
1.168321506597751068e+03	2.550151206172092677e-01	1.614253319761449479e-01	2.534081478838545731e-01	1.517303750409713103e-01	7.288557904799021492e-02	2.962037959206141949e-02	7.591506584164985083e-02
1.169772837661847461e+03	2.548093716076029747e-01	1.612848979452106701e-01	2.535558122350327626e-01	1.518156022221161250e-01	7.292155267029666599e-02	2.964331884845398599e-02	7.596944447116835142e-02
1.171224168725944082e+03	2.546039711861242116e-01	1.611447019174455930e-01	2.537032178157889173e-01	1.519006807542093995e-01	7.295746517397888598e-02	2.966623128848756147e-02	7.602373186384694947e-02
1.172675499790040703e+03	2.543989187600412816e-01	1.610047434886775208e-01	2.538503650679471146e-01	1.519856109263137689e-01	7.299331666980143907e-02	2.968911692015677867e-02	7.607792816694361471e-02
1.174126830854137097e+03	2.541942137376485555e-01	1.608650222554152687e-01	2.539972544325794224e-01	1.520703930267909565e-01	7.302910726830691424e-02	2.971197575156858672e-02	7.613203352757182130e-02
1.175578161918233945e+03	2.539898555282642523e-01	1.607255378148477465e-01	2.541438863500073420e-01	1.521550273433042999e-01	7.306483707981641096e-02	2.973480779094163015e-02	7.618604809269979850e-02
1.177029492982330339e+03	2.537858435422288284e-01	1.605862897648430154e-01	2.542902612598028078e-01	1.522395141628213044e-01	7.310050621443009433e-02	2.975761304660561393e-02	7.623997200914983674e-02
1.178480824046426733e+03	2.535821771909024802e-01	1.604472777039472053e-01	2.544363796007897971e-01	1.523238537716160579e-01	7.313611478202775018e-02	2.978039152700069636e-02	7.629380542359756601e-02
1.179932155110523581e+03	2.533788558866631457e-01	1.603085012313837099e-01	2.545822418110455509e-01	1.524080464552717840e-01	7.317166289226931242e-02	2.980314324067685067e-02	7.634754848257126192e-02
1.181383486174620202e+03	2.531758790429048389e-01	1.601699599470520763e-01	2.547278483279015737e-01	1.524920924986832849e-01	7.320715065459544590e-02	2.982586819629326133e-02	7.640120133245115186e-02
1.182834817238716823e+03	2.529732460740354849e-01	1.600316534515271727e-01	2.548731995879453538e-01	1.525759921860593005e-01	7.324257817822801830e-02	2.984856640261770999e-02	7.645476411946869333e-02
1.184286148302813444e+03	2.527709563954746441e-01	1.598935813460581057e-01	2.550182960270212518e-01	1.526597458009251451e-01	7.327794557217069682e-02	2.987123786852595442e-02	7.650823698970597719e-02
1.185737479366910065e+03	2.525690094236517913e-01	1.597557432325673044e-01	2.551631380802321103e-01	1.527433536261249558e-01	7.331325294520943392e-02	2.989388260300113176e-02	7.656162008909501993e-02
1.187188810431006686e+03	2.523674045760044282e-01	1.596181387136494934e-01	2.553077261819403643e-01	1.528268159438241625e-01	7.334850040591310572e-02	2.991650061513313752e-02	7.661491356341706971e-02
1.188640141495103080e+03	2.521661412709758632e-01	1.594807673925707492e-01	2.554520607657693176e-01	1.529101330355119581e-01	7.338368806263388666e-02	2.993909191411803228e-02	7.666811755830203745e-02
1.190091472559199701e+03	2.519652189280133237e-01	1.593436288732676120e-01	2.555961422646042536e-01	1.529933051820035195e-01	7.341881602350790181e-02	2.996165650925744148e-02	7.672123221922780290e-02
1.191542803623296322e+03	2.517646369675661244e-01	1.592067227603457813e-01	2.557399711105940998e-01	1.530763326634426158e-01	7.345388439645572642e-02	2.998419440995795521e-02	7.677425769151954849e-02
1.192994134687392716e+03	2.515643948110835026e-01	1.590700486590795881e-01	2.558835477351523724e-01	1.531592157593038017e-01	7.348889328918288555e-02	3.000670562573051758e-02	7.682719412034923201e-02
1.194445465751489564e+03	2.513644918810128415e-01	1.589336061754106355e-01	2.560268725689586189e-01	1.532419547483947486e-01	7.352384280918040915e-02	3.002919016618985429e-02	7.688004165073490659e-02
1.195896796815585958e+03	2.511649276007976161e-01	1.587973949159469933e-01	2.561699460419594732e-01	1.533245499088586317e-01	7.355873306372531784e-02	3.005164804105386889e-02	7.693280042754011006e-02
1.197348127879682352e+03	2.509657013948755622e-01	1.586614144879621713e-01	2.563127685833701541e-01	1.534070015181766000e-01	7.359356415988120570e-02	3.007407926014305996e-02	7.698547059547330984e-02
1.198799458943779200e+03	2.507668126886767324e-01	1.585256644993940922e-01	2.564553406216755205e-01	1.534893098531698585e-01	7.362833620449871219e-02	3.009648383337992783e-02	7.703805229908725072e-02
1.200250790007875821e+03	2.505682609086214985e-01	1.583901445588441204e-01	2.565976625846314585e-01	1.535714751900021102e-01	7.366304930421606334e-02	3.011886177078840210e-02	7.709054568277845521e-02
1.201702121071972442e+03	2.503700454821188304e-01	1.582548542755760346e-01	2.567397348992661588e-01	1.536534978041817490e-01	7.369770356545954360e-02	3.014121308249324491e-02	7.714295089078655743e-02
1.203153452136069063e+03	2.501721658375642421e-01	1.581197932595151401e-01	2.568815579918811709e-01	1.537353779705642187e-01	7.373229909444412034e-02	3.016353777871948194e-02	7.719526806719378964e-02
1.204604783200165684e+03	2.499746214043378767e-01	1.579849611212471305e-01	2.570231322880529024e-01	1.538171159633542340e-01	7.376683599717380468e-02	3.018583586979182651e-02	7.724749735592442712e-02
1.206056114264262078e+03	2.497774116128027577e-01	1.578503574720171720e-01	2.571644582126336176e-01	1.538987120561080835e-01	7.380131437944227601e-02	3.020810736613410707e-02	7.729963890074420529e-02
1.207507445328358699e+03	2.495805358943027907e-01	1.577159819237288763e-01	2.573055361897529369e-01	1.539801665217358229e-01	7.383573434683333991e-02	3.023035227826868787e-02	7.735169284525979239e-02
1.208958776392455093e+03	2.493839936811609592e-01	1.575818340889433011e-01	2.574463666428188913e-01	1.540614796325034674e-01	7.387009600472146942e-02	3.025257061681590337e-02	7.740365933291826206e-02
1.210410107456551941e+03	2.491877844066774372e-01	1.574479135808779795e-01	2.575869499945191987e-01	1.541426516600353236e-01	7.390439945827233237e-02	3.027476239249349624e-02	7.745553850700653831e-02
1.211861438520648335e+03	2.489919075051277852e-01	1.573142200134058089e-01	2.577272866668225415e-01	1.542236828753160982e-01	7.393864481244316611e-02	3.029692761611605528e-02	7.750733051065089585e-02
1.213312769584745183e+03	2.487963624117610628e-01	1.571807530010541631e-01	2.578673770809796761e-01	1.543045735486931469e-01	7.397283217198344363e-02	3.031906629859443258e-02	7.755903548681646054e-02
1.214764100648841804e+03	2.486011485627978579e-01	1.570475121590038659e-01	2.580072216575249877e-01	1.543853239498785834e-01	7.400696164143527600e-02	3.034117845093521615e-02	7.761065357830666811e-02
1.216215431712937971e+03	2.484062653954286770e-01	1.569144971030881075e-01	2.581468208162772116e-01	1.544659343479515834e-01	7.404103332513393976e-02	3.036326408424014009e-02	7.766218492776275073e-02
1.217666762777034819e+03	2.482117123478119747e-01	1.567817074497915575e-01	2.582861749763411541e-01	1.545464050113604104e-01	7.407504732720839036e-02	3.038532320970555728e-02	7.771362967766330676e-02
1.219118093841131440e+03	2.480174888590723492e-01	1.566491428162492539e-01	2.584252845561086365e-01	1.546267362079246643e-01	7.410900375158172015e-02	3.040735583862187036e-02	7.776498797032377341e-02
1.220569424905228061e+03	2.478235943692987664e-01	1.565168028202455763e-01	2.585641499732598825e-01	1.547069282048373629e-01	7.414290270197169963e-02	3.042936198237299050e-02	7.781625994789596878e-02
1.222020755969324682e+03	2.476300283195426999e-01	1.563846870802134137e-01	2.587027716447645731e-01	1.547869812686670510e-01	7.417674428189123537e-02	3.045134165243578231e-02	7.786744575236757837e-02
1.223472087033421303e+03	2.474367901518163271e-01	1.562527952152328869e-01	2.588411499868830123e-01	1.548668956653599382e-01	7.421052859464885576e-02	3.047329486037952603e-02	7.791854552556175262e-02
1.224923418097517697e+03	2.472438793090906972e-01	1.561211268450306278e-01	2.589792854151676260e-01	1.549466716602421190e-01	7.424425574334923839e-02	3.049522161786536942e-02	7.796955940913662120e-02
1.226374749161614318e+03	2.470512952352940661e-01	1.559896815899784184e-01	2.591171783444640164e-01	1.550263095180215156e-01	7.427792583089364020e-02	3.051712193664579340e-02	7.802048754458480728e-02
1.227826080225710712e+03	2.468590373753099809e-01	1.558584590710925255e-01	2.592548291889122392e-01	1.551058095027900152e-01	7.431153895998046655e-02	3.053899582856405698e-02	7.807133007323305285e-02
1.229277411289807560e+03	2.466671051749756149e-01	1.557274589100325068e-01	2.593922383619476912e-01	1.551851718780254685e-01	7.434509523310570134e-02	3.056084330555368378e-02	7.812208713624171907e-02
1.230728742353903954e+03	2.464754980810797691e-01	1.555966807291002674e-01	2.595294062763027765e-01	1.552643969065939655e-01	7.437859475256336506e-02	3.058266437963791384e-02	7.817275887460438388e-02
1.232180073418000802e+03	2.462842155413614009e-01	1.554661241512389491e-01	2.596663333440079047e-01	1.553434848507516675e-01	7.441203762044605596e-02	3.060445906292917281e-02	7.822334542914742561e-02
1.233631404482097196e+03	2.460932570045076262e-01	1.553357888000319598e-01	2.598030199763925463e-01	1.554224359721469162e-01	7.444542393864538032e-02	3.062622736762855499e-02	7.827384694052960667e-02
1.235082735546193817e+03	2.459026219201520813e-01	1.552056742997020011e-01	2.599394665840867868e-01	1.555012505318223437e-01	7.447875380885249363e-02	3.064796930602528210e-02	7.832426354924165723e-02
1.236534066610290438e+03	2.457123097388730915e-01	1.550757802751100700e-01	2.600756735770222150e-01	1.555799287902168149e-01	7.451202733255850308e-02	3.066968489049617941e-02	7.837459539560584498e-02
1.237985397674387059e+03	2.455223199121920052e-01	1.549461063517543202e-01	2.602116413644332549e-01	1.556584710071674538e-01	7.454524461105498101e-02	3.069137413350515875e-02	7.842484261977562821e-02
1.239436728738483680e+03	2.453326518925713629e-01	1.548166521557692299e-01	2.603473703548583318e-01	1.557368774419115864e-01	7.457840574543443679e-02	3.071303704760269468e-02	7.847500536173521168e-02
1.240888059802580301e+03	2.451433051334132029e-01	1.546874173139243802e-01	2.604828609561409825e-01	1.558151483530888504e-01	7.461151083659080252e-02	3.073467364542532138e-02	7.852508376129919976e-02
1.242339390866676695e+03	2.449542790890574528e-01	1.545584014536236506e-01	2.606181135754312983e-01	1.558932839987431651e-01	7.464455998521987712e-02	3.075628393969509142e-02	7.857507795811222162e-02
1.243790721930773088e+03	2.447655732147799301e-01	1.544296042029040250e-01	2.607531286191868136e-01	1.559712846363246197e-01	7.467755329181981205e-02	3.077786794321907271e-02	7.862498809164850111e-02
1.245242052994869937e+03	2.445771869667908716e-01	1.543010251904347041e-01	2.608879064931738379e-01	1.560491505226913878e-01	7.471049085669156931e-02	3.079942566888884889e-02	7.867481430121156527e-02
1.246693384058966330e+03	2.443891198022330180e-01	1.541726640455159947e-01	2.610224476024686213e-01	1.561268819141119202e-01	7.474337277993939321e-02	3.082095712967998849e-02	7.872455672593382803e-02
1.248144715123063179e+03	2.442013711791800601e-01	1.540445203980783662e-01	2.611567523514585765e-01	1.562044790662666660e-01	7.477619916147125456e-02	3.084246233865156270e-02	7.877421550477628487e-02
1.249596046187159800e+03	2.440139405566349173e-01	1.539165938786814514e-01	2.612908211438433326e-01	1.562819422342499875e-01	7.480897010099933631e-02	3.086394130894561799e-02	7.882379077652811039e-02
1.251047377251256421e+03	2.438268273945279063e-01	1.537888841185128808e-01	2.614246543826360680e-01	1.563592716725722698e-01	7.484168569804053317e-02	3.088539405378668348e-02	7.887328267980633911e-02
1.252498708315352815e+03	2.436400311537152141e-01	1.536613907493874498e-01	2.615582524701646761e-01	1.564364676351616967e-01	7.487434605191685411e-02	3.090682058648127478e-02	7.892269135305556016e-02
1.253950039379449436e+03	2.434535512959770664e-01	1.535341134037461197e-01	2.616916158080727084e-01	1.565135303753661944e-01	7.490695126175582474e-02	3.092822092041738052e-02	7.897201693454752869e-02
1.255401370443546057e+03	2.432673872840160900e-01	1.534070517146547408e-01	2.618247447973207076e-01	1.565904601459552903e-01	7.493950142649111190e-02	3.094959506906398358e-02	7.902125956238088833e-02
1.256852701507642678e+03	2.430815385814557028e-01	1.532802053158033306e-01	2.619576398381875393e-01	1.566672571991220564e-01	7.497199664486284276e-02	3.097094304597055800e-02	7.907041937448083813e-02
1.258304032571739299e+03	2.428960046528382821e-01	1.531535738415049641e-01	2.620903013302712803e-01	1.567439217864849132e-01	7.500443701541810448e-02	3.099226486476657633e-02	7.911949650859878558e-02
1.259755363635835920e+03	2.427107849636236381e-01	1.530271569266946630e-01	2.622227296724905510e-01	1.568204541590896006e-01	7.503682263651137441e-02	3.101356053916102043e-02	7.916849110231208297e-02
1.261206694699932314e+03	2.425258789801873205e-01	1.529009542069284799e-01	2.623549252630855699e-01	1.568968545674109261e-01	7.506915360630499190e-02	3.103483008294189230e-02	7.921740329302372208e-02
1.262658025764028707e+03	2.423412861698188703e-01	1.527749653183825274e-01	2.624868884996194307e-01	1.569731232613546801e-01	7.510143002276961632e-02	3.105607350997573526e-02	7.926623321796198718e-02
1.264109356828125556e+03	2.421570060007202929e-01	1.526491898978518946e-01	2.626186197789791565e-01	1.570492604902594125e-01	7.513365198368467113e-02	3.107729083420714827e-02	7.931498101418024693e-02
1.265560687892221949e+03	2.419730379420041988e-01	1.525236275827496490e-01	2.627501194973770327e-01	1.571252665028983753e-01	7.516581958663878793e-02	3.109848206965828976e-02	7.936364681855657965e-02
1.267012018956318798e+03	2.417893814636924710e-01	1.523982780111058088e-01	2.628813880503513278e-01	1.572011415474811602e-01	7.519793292903022286e-02	3.111964723042841274e-02	7.941223076779353740e-02
1.268463350020415419e+03	2.416060360367142668e-01	1.522731408215663718e-01	2.630124258327679043e-01	1.572768858716557527e-01	7.522999210806732839e-02	3.114078633069339297e-02	7.946073299841789617e-02
1.269914681084511813e+03	2.414230011329046022e-01	1.521482156533923158e-01	2.631432332388213835e-01	1.573524997225101141e-01	7.526199722076901133e-02	3.116189938470523974e-02	7.950915364678030894e-02
1.271366012148608434e+03	2.412402762250026866e-01	1.520235021464585168e-01	2.632738106620358676e-01	1.574279833465740963e-01	7.529394836396513524e-02	3.118298640679162403e-02	7.955749284905512531e-02
1.272817343212705055e+03	2.410578607866502299e-01	1.518989999412527769e-01	2.634041584952664383e-01	1.575033369898211910e-01	7.532584563429696456e-02	3.120404741135541365e-02	7.960575074124008610e-02
1.274268674276801676e+03	2.408757542923898876e-01	1.517747086788748812e-01	2.635342771307001564e-01	1.575785608976702779e-01	7.535768912821767807e-02	3.122508241287420133e-02	7.965392745915605976e-02
1.275720005340898297e+03	2.406939562176635683e-01	1.516506280010355145e-01	2.636641669598572824e-01	1.576536553149874564e-01	7.538947894199268807e-02	3.124609142589983291e-02	7.970202313844680642e-02
1.277171336404994690e+03	2.405124660388108515e-01	1.515267575500553188e-01	2.637938283735923317e-01	1.577286204860877949e-01	7.542121517170016776e-02	3.126707446505794935e-02	7.975003791457876967e-02
1.278622667469091539e+03	2.403312832330673499e-01	1.514030969688637818e-01	2.639232617620952959e-01	1.578034566547370232e-01	7.545289791323142592e-02	3.128803154504752188e-02	7.979797192284078522e-02
1.280073998533187932e+03	2.401504072785631827e-01	1.512796459009982941e-01	2.640524675148928080e-01	1.578781640641533646e-01	7.548452726229136489e-02	3.130896268064038701e-02	7.984582529834381714e-02
1.281525329597284326e+03	2.399698376543212552e-01	1.511564039906032608e-01	2.641814460208489757e-01	1.579527429570091457e-01	7.551610331439893853e-02	3.132986788668078171e-02	7.989359817602084690e-02
1.282976660661381175e+03	2.397895738402557042e-01	1.510333708824289078e-01	2.643101976681669907e-01	1.580271935754326840e-01	7.554762616488754079e-02	3.135074717808490619e-02	7.994129069062654025e-02
1.284427991725477568e+03	2.396096153171702603e-01	1.509105462218302829e-01	2.644387228443899618e-01	1.581015161610098696e-01	7.557909590890544982e-02	3.137160056984044515e-02	7.998890297673705296e-02
1.285879322789574417e+03	2.394299615667568326e-01	1.507879296547663950e-01	2.645670219364019693e-01	1.581757109547859141e-01	7.561051264141625816e-02	3.139242807700613064e-02	8.003643516874982267e-02
1.287330653853671038e+03	2.392506120715936768e-01	1.506655208277992430e-01	2.646950953304294529e-01	1.582497781972670436e-01	7.564187645719928910e-02	3.141322971471128406e-02	8.008388740088340230e-02
1.288781984917767431e+03	2.390715663151439241e-01	1.505433193880926224e-01	2.648229434120420445e-01	1.583237181284223027e-01	7.567318745085004073e-02	3.143400549815536515e-02	8.013125980717715480e-02
1.290233315981864052e+03	2.388928237817540268e-01	1.504213249834112365e-01	2.649505665661539555e-01	1.583975309876850535e-01	7.570444571678058843e-02	3.145475544260752099e-02	8.017855252149114209e-02
