1.001418434226643626e+03	2.811667599238002468e-01	1.792700049121522532e-01	2.345803758681544726e-01	1.408577434564833308e-01	6.830928300201848102e-02	2.680483413468914486e-02	6.901099870258109448e-02
1.003837319333471214e+03	2.807501944904798874e-01	1.789856998371851804e-01	2.348811603409612925e-01	1.410317254168343137e-01	6.838224463890017757e-02	2.684823673970073918e-02	6.912073853581747473e-02
1.006256204440298802e+03	2.803348061623007759e-01	1.787021972475560938e-01	2.351810709321951742e-01	1.412051876435884146e-01	6.845499684305382526e-02	2.689156481580282435e-02	6.923017635538196435e-02
1.008675089547126618e+03	2.799205915733952166e-01	1.784194948929631597e-01	2.354801101269732022e-01	1.413781319422775240e-01	6.852754026357180117e-02	2.693481831797259890e-02	6.933931288272558724e-02
1.011093974653954206e+03	2.795075473685424416e-01	1.781375905286591566e-01	2.357782804033175250e-01	1.415505601098833721e-01	6.859987554724174263e-02	2.697799720276578689e-02	6.944814883946907880e-02
1.013512859760782021e+03	2.790956702031033299e-01	1.778564819154648813e-01	2.360755842321771991e-01	1.417224739349012830e-01	6.867200333855694172e-02	2.702110142830366213e-02	6.955668494737177188e-02
1.015931744867609382e+03	2.786849567429568464e-01	1.775761668197815280e-01	2.363720240774500325e-01	1.418938751974029022e-01	6.874392427972675357e-02	2.706413095426013493e-02	6.966492192830088526e-02
1.018350629974437197e+03	2.782754036644370932e-01	1.772966430136022342e-01	2.366676023960040398e-01	1.420647656690986471e-01	6.881563901068682432e-02	2.710708574184894290e-02	6.977286050420125618e-02
1.020769515081264785e+03	2.778670076542723022e-01	1.770179082745226562e-01	2.369623216376991470e-01	1.422351471133991019e-01	6.888714816910938843e-02	2.714996575381091459e-02	6.988050139706560027e-02
1.023188400188092373e+03	2.774597654095242727e-01	1.767399603857503498e-01	2.372561842454085357e-01	1.424050212854760245e-01	6.895845239041346886e-02	2.719277095440132339e-02	6.998784532890520160e-02
1.025607285294920075e+03	2.770536736375297515e-01	1.764627971361136805e-01	2.375491926550398480e-01	1.425743899323225483e-01	6.902955230777499396e-02	2.723550130937733849e-02	7.009489302172104697e-02
1.028026170401747549e+03	2.766487290558424239e-01	1.761864163200695388e-01	2.378413492955565034e-01	1.427432547928129125e-01	6.910044855213688664e-02	2.727815678598554880e-02	7.020164519747545961e-02
1.030445055508575479e+03	2.762449283921760146e-01	1.759108157377104187e-01	2.381326565889987368e-01	1.429116175977613035e-01	6.917114175221911188e-02	2.732073735294957006e-02	7.030810257806413555e-02
1.032863940615402726e+03	2.758422683843487766e-01	1.756359931947705511e-01	2.384231169505046655e-01	1.430794800699803360e-01	6.924163253452864097e-02	2.736324298045774914e-02	7.041426588528863773e-02
1.035282825722230655e+03	2.754407457802286463e-01	1.753619465026313995e-01	2.387127327883310224e-01	1.432468439243386460e-01	6.931192152336936030e-02	2.740567364015093765e-02	7.052013584082930664e-02
1.037701710829058356e+03	2.750403573376797861e-01	1.750886734783263232e-01	2.390015065038740283e-01	1.434137108678181782e-01	6.938200934085198002e-02	2.744802930511035591e-02	7.062571316621865658e-02
1.040120595935886058e+03	2.746410998245096269e-01	1.748161719445446294e-01	2.392894404916900142e-01	1.435800825995706409e-01	6.945189660690381794e-02	2.749030994984555040e-02	7.073099858281513275e-02
1.042539481042713533e+03	2.742429700184169650e-01	1.745444397296347094e-01	2.395765371395161270e-01	1.437459608109733777e-01	6.952158393927851399e-02	2.753251555028241038e-02	7.083599281177728468e-02
1.044958366149541234e+03	2.738459647069415581e-01	1.742734746676068425e-01	2.398627988282906465e-01	1.439113471856848236e-01	6.959107195356584175e-02	2.757464608375128148e-02	7.094069657403839768e-02
1.047377251256368709e+03	2.734500806874136103e-01	1.740032745981350271e-01	2.401482279321735247e-01	1.440762433996993219e-01	6.966036126320125643e-02	2.761670152897515579e-02	7.104511059028147113e-02
1.049796136363196410e+03	2.730553147669050329e-01	1.737338373665583413e-01	2.404328268185666195e-01	1.442406511214011366e-01	6.972945247947553993e-02	2.765868186605796239e-02	7.114923558091473810e-02
1.052215021470024112e+03	2.726616637621808170e-01	1.734651608238818032e-01	2.407165978481339008e-01	1.444045720116182707e-01	6.979834621154434871e-02	2.770058707647288926e-02	7.125307226604737920e-02
1.054633906576851814e+03	2.722691244996515714e-01	1.731972428267764541e-01	2.409995433748216287e-01	1.445680077236754790e-01	6.986704306643766460e-02	2.774241714305084386e-02	7.135662136546576384e-02
1.057052791683679516e+03	2.718776938153270595e-01	1.729300812375790253e-01	2.412816657458783098e-01	1.447309599034468375e-01	6.993554364906925946e-02	2.778417204996894846e-02	7.145988359861002448e-02
1.059471676790506763e+03	2.714873685547697924e-01	1.726636739242909946e-01	2.415629673018746260e-01	1.448934301894077570e-01	7.000384856224609043e-02	2.782585178273914994e-02	7.156285968455111668e-02
1.061890561897334692e+03	2.710981455730500089e-01	1.723980187605771430e-01	2.418434503767234456e-01	1.450554202126864423e-01	7.007195840667757025e-02	2.786745632819687124e-02	7.166555034196803176e-02
1.064309447004162394e+03	2.707100217347012117e-01	1.721331136257637229e-01	2.421231172976993917e-01	1.452169315971148511e-01	7.013987378098490710e-02	2.790898567448975992e-02	7.176795628912564784e-02
1.066728332110990095e+03	2.703229939136762572e-01	1.718689564048359597e-01	2.424019703854586316e-01	1.453779659592790707e-01	7.020759528171026387e-02	2.795043981106653044e-02	7.187007824385276133e-02
1.069147217217817570e+03	2.699370589933040021e-01	1.716055449884351658e-01	2.426800119540585277e-01	1.455385249085693611e-01	7.027512350332600077e-02	2.799181872866584458e-02	7.197191692352056247e-02
1.071566102324645271e+03	2.695522138662470590e-01	1.713428772728554650e-01	2.429572443109770108e-01	1.456986100472293932e-01	7.034245903824373758e-02	2.803312241930531329e-02	7.207347304502141616e-02
1.073984987431472746e+03	2.691684554344596636e-01	1.710809511600401289e-01	2.432336697571322315e-01	1.458582229704053490e-01	7.040960247682342965e-02	2.807435087627052281e-02	7.217474732474804533e-02
1.076403872538300675e+03	2.687857806091465407e-01	1.708197645575773027e-01	2.435092905869017388e-01	1.460173652661941601e-01	7.047655440738236077e-02	2.811550409410418921e-02	7.227574047857307504e-02
1.078822757645127922e+03	2.684041863107221038e-01	1.705593153786954808e-01	2.437841090881417982e-01	1.461760385156916364e-01	7.054331541620417756e-02	2.815658206859535800e-02	7.237645322182885421e-02
1.081241642751955851e+03	2.680236694687704313e-01	1.702996015422585108e-01	2.440581275422066820e-01	1.463342442930397336e-01	7.060988608754770191e-02	2.819758479676867310e-02	7.247688626928763811e-02
1.083660527858783553e+03	2.676442270220056874e-01	1.700406209727604867e-01	2.443313482239677925e-01	1.464919841654737098e-01	7.067626700365584047e-02	2.823851227687373955e-02	7.257704033514215947e-02
1.086079412965611255e+03	2.672658559182330973e-01	1.697823716003198646e-01	2.446037734018325360e-01	1.466492596933685055e-01	7.074245874476441098e-02	2.827936450837454860e-02	7.267691613298646325e-02
1.088498298072438729e+03	2.668885531143104783e-01	1.695248513606736340e-01	2.448754053377635298e-01	1.468060724302848175e-01	7.080846188911084360e-02	2.832014149193897573e-02	7.277651437579711613e-02
1.090917183179266431e+03	2.665123155761102702e-01	1.692680581951708507e-01	2.451462462872973924e-01	1.469624239230148399e-01	7.087427701294293780e-02	2.836084322942836536e-02	7.287583577591467965e-02
1.093336068286093905e+03	2.661371402784821760e-01	1.690119900507661144e-01	2.454162984995636176e-01	1.471183157116272011e-01	7.093990469052746661e-02	2.840146972388715371e-02	7.297488104502559969e-02
1.095754953392921607e+03	2.657630242052159697e-01	1.687566448800124908e-01	2.456855642173033094e-01	1.472737493295118438e-01	7.100534549415882246e-02	2.844202097953260969e-02	7.307365089414427639e-02
1.098173838499749309e+03	2.653899643490051363e-01	1.685020206410544064e-01	2.459540456768878058e-01	1.474287263034242124e-01	7.107059999416752427e-02	2.848249700174460344e-02	7.317214603359555036e-02
1.100592723606577010e+03	2.650179577114109009e-01	1.682481152976200711e-01	2.462217451083374420e-01	1.475832481535291063e-01	7.113566875892879393e-02	2.852289779705547909e-02	7.327036717299746649e-02
1.103011608713404712e+03	2.646470013028264234e-01	1.679949268190136236e-01	2.464886647353399518e-01	1.477373163934440625e-01	7.120055235487095235e-02	2.856322337313997942e-02	7.336831502124431525e-02
1.105430493820231959e+03	2.642770921424416053e-01	1.677424531801071927e-01	2.467548067752690921e-01	1.478909325302823208e-01	7.126525134648384330e-02	2.860347373880524346e-02	7.346599028648999330e-02
1.107849378927059888e+03	2.639082272582086719e-01	1.674906923613325438e-01	2.470201734392028781e-01	1.480440980646955118e-01	7.132976629632720167e-02	2.864364890398088045e-02	7.356339367613162761e-02
1.110268264033887590e+03	2.635404036868075339e-01	1.672396423486725292e-01	2.472847669319420683e-01	1.481968144909156793e-01	7.139409776503893856e-02	2.868374887970909920e-02	7.366052589679354667e-02
1.112687149140715292e+03	2.631736184736117590e-01	1.669893011336523181e-01	2.475485894520283447e-01	1.483490832967970796e-01	7.145824631134341243e-02	2.872377367813492774e-02	7.375738765431148758e-02
1.115106034247542766e+03	2.628078686726554314e-01	1.667396667133304866e-01	2.478116431917626317e-01	1.485009059638575379e-01	7.152221249205967246e-02	2.876372331249646766e-02	7.385397965371708062e-02
1.117524919354370468e+03	2.624431513465996790e-01	1.664907370902897477e-01	2.480739303372231086e-01	1.486522839673193874e-01	7.158599686210954938e-02	2.880359779711526291e-02	7.395030259922265314e-02
1.119943804461197942e+03	2.620794635666996997e-01	1.662425102726274584e-01	2.483354530682833627e-01	1.488032187761500202e-01	7.164959997452587104e-02	2.884339714738667904e-02	7.404635719420628315e-02
1.122362689568025871e+03	2.617168024127727310e-01	1.659949842739462389e-01	2.485962135586303745e-01	1.489537118531020499e-01	7.171302238046045607e-02	2.888312137977041075e-02	7.414214414119711660e-02
1.124781574674853118e+03	2.613551649731655768e-01	1.657481571133440079e-01	2.488562139757825309e-01	1.491037646547531681e-01	7.177626462919214911e-02	2.892277051178099301e-02	7.423766414186097617e-02
1.127200459781681047e+03	2.609945483447229653e-01	1.655020268154041296e-01	2.491154564811073890e-01	1.492533786315454469e-01	7.183932726813482827e-02	2.896234456197844045e-02	7.433291789698617813e-02
1.129619344888508749e+03	2.606349496327562409e-01	1.652565914101851996e-01	2.493739432298396064e-01	1.494025552278244739e-01	7.190221084284531550e-02	2.900184354995889724e-02	7.442790610646966842e-02
1.132038229995336451e+03	2.602763659510119454e-01	1.650118489332108584e-01	2.496316763710986208e-01	1.495512958818779325e-01	7.196491589703128688e-02	2.904126749634539095e-02	7.452262946930343634e-02
1.134457115102163925e+03	2.599187944216412305e-01	1.647677974254591060e-01	2.498886580479064423e-01	1.496996020259739879e-01	7.202744297255903039e-02	2.908061642277862818e-02	7.461708868356108082e-02
1.136876000208991627e+03	2.595622321751692718e-01	1.645244349333519762e-01	2.501448903972051663e-01	1.498474750863992011e-01	7.208979260946134227e-02	2.911989035190786640e-02	7.471128444638469590e-02
1.139294885315819101e+03	2.592066763504650151e-01	1.642817595087446292e-01	2.504003755498746542e-01	1.499949164834960547e-01	7.215196534594524314e-02	2.915908930738184135e-02	7.480521745397200606e-02
1.141713770422646803e+03	2.588521240947114777e-01	1.640397692089144432e-01	2.506551156307500472e-01	1.501419276317003670e-01	7.221396171839962463e-02	2.919821331383977772e-02	7.489888840156375127e-02
1.144132655529474505e+03	2.584985725633757725e-01	1.637984620965500515e-01	2.509091127586390857e-01	1.502885099395779300e-01	7.227578226140299322e-02	2.923726239690241716e-02	7.499229798343122477e-02
1.146551540636302207e+03	2.581460189201799649e-01	1.635578362397402119e-01	2.511623690463397618e-01	1.504346648098612294e-01	7.233742750773100583e-02	2.927623658316317462e-02	7.508544689286415774e-02
1.148970425743129908e+03	2.577944603370717624e-01	1.633178897119624828e-01	2.514148866006574723e-01	1.505803936394856657e-01	7.239889798836411650e-02	2.931513590017929480e-02	7.517833582215877053e-02
1.151389310849957155e+03	2.574438939941958715e-01	1.630786205920719267e-01	2.516666675224221716e-01	1.507256978196253316e-01	7.246019423249505653e-02	2.935396037646310907e-02	7.527096546260611531e-02
1.153808195956785084e+03	2.570943170798653532e-01	1.628400269642894527e-01	2.519177139065059690e-01	1.508705787357286221e-01	7.252131676753631462e-02	2.939271004147334110e-02	7.536333650448055754e-02
1.156227081063612786e+03	2.567457267905332019e-01	1.626021069181904921e-01	2.521680278418399479e-01	1.510150377675534006e-01	7.258226611912758919e-02	2.943138492560646441e-02	7.545544963702853491e-02
1.158645966170440488e+03	2.563981203307643120e-01	1.623648585486930085e-01	2.524176114114314307e-01	1.511590762892019435e-01	7.264304281114319917e-02	2.946998506018813982e-02	7.554730554845755230e-02
1.161064851277267962e+03	2.560514949132077223e-01	1.621282799560458954e-01	2.526664666923810199e-01	1.513026956691554681e-01	7.270364736569942532e-02	2.950851047746469794e-02	7.563890492592532933e-02
1.163483736384095664e+03	2.557058477585685830e-01	1.618923692458170693e-01	2.529145957558996405e-01	1.514458972703084660e-01	7.276408030316185160e-02	2.954696121059469799e-02	7.573024845552923934e-02
1.165902621490923138e+03	2.553611760955812326e-01	1.616571245288814240e-01	2.531620006673253043e-01	1.515886824500025376e-01	7.282434214215256774e-02	2.958533729364051443e-02	7.582133682229594274e-02
1.168321506597751068e+03	2.550174771609817204e-01	1.614225439214089508e-01	2.534086834861402626e-01	1.517310525600600868e-01	7.288443339955745504e-02	2.962363876156001719e-02	7.591217071017115903e-02
1.170740391704578315e+03	2.546747481994807161e-01	1.611886255448524430e-01	2.536546462659874934e-01	1.518730089468176558e-01	7.294435459053336124e-02	2.966186565019829358e-02	7.600275080200971645e-02
1.173159276811406244e+03	2.543329864637370874e-01	1.609553675259353389e-01	2.538998910546878540e-01	1.520145529511590099e-01	7.300410622851526143e-02	2.970001799627942571e-02	7.609307777956582364e-02
1.175578161918233945e+03	2.539921892143309212e-01	1.607227679966395373e-01	2.541444198942564014e-01	1.521556859085477498e-01	7.306368882522333574e-02	2.973809583739833035e-02	7.618315232348343846e-02
1.177997047025061647e+03	2.536523537197375999e-01	1.604908250941930459e-01	2.543882348209195454e-01	1.522964091490598693e-01	7.312310289067004698e-02	2.977609921201266815e-02	7.627297511328692825e-02
1.180415932131889122e+03	2.533134772563012116e-01	1.602595369610575748e-01	2.546313378651312020e-01	1.524367239974158406e-01	7.318234893316719059e-02	2.981402815943478418e-02	7.636254682737195210e-02
1.182834817238716823e+03	2.529755571082087928e-01	1.600289017449159357e-01	2.548737310515895582e-01	1.525766317730124777e-01	7.324142745933281962e-02	2.985188271982372812e-02	7.645186814299637090e-02
1.185253702345544298e+03	2.526385905674645160e-01	1.597989175986598565e-01	2.551154163992536694e-01	1.527161337899544946e-01	7.330033897409828081e-02	2.988966293417731623e-02	7.654093973627151826e-02
1.187672587452371999e+03	2.523025749338639323e-01	1.595695826803771589e-01	2.553563959213597245e-01	1.528552313570859522e-01	7.335908398071502856e-02	2.992736884432425915e-02	7.662976228215361008e-02
1.190091472559199701e+03	2.519675075149687138e-01	1.593408951533392959e-01	2.555966716254375326e-01	1.529939257780210393e-01	7.341766298076152220e-02	2.996500049291633480e-02	7.671833645443525140e-02
1.192510357666027403e+03	2.516333856260812851e-01	1.591128531859886119e-01	2.558362455133268432e-01	1.531322183511749924e-01	7.347607647415009546e-02	3.000255792342062036e-02	7.680666292573731790e-02
1.194929242772855105e+03	2.513002065902195659e-01	1.588854549519256865e-01	2.560751195811937775e-01	1.532701103697944878e-01	7.353432495913372891e-02	3.004004118011180044e-02	7.689474236750075409e-02
1.197348127879682352e+03	2.509679677380924345e-01	1.586586986298965662e-01	2.563132958195468714e-01	1.534076031219878677e-01	7.359240893231275282e-02	3.007745030806449268e-02	7.698257544997876012e-02
1.199767012986510281e+03	2.506366664080745821e-01	1.584325824037801089e-01	2.565507762132535063e-01	1.535446978907551996e-01	7.365032888864161964e-02	3.011478535314563929e-02	7.707016284222910352e-02
1.202185898093337983e+03	2.503062999461820870e-01	1.582071044625751044e-01	2.567875627415557305e-01	1.536813959540176966e-01	7.370808532143555136e-02	3.015204636200698174e-02	7.715750521210655577e-02
1.204604783200165684e+03	2.499768657060479349e-01	1.579822630003873962e-01	2.570236573780867451e-01	1.538176985846473610e-01	7.376567872237720092e-02	3.018923338207753215e-02	7.724460322625548159e-02
1.207023668306993159e+03	2.496483610488977045e-01	1.577580562164171141e-01	2.572590620908867254e-01	1.539536070504960719e-01	7.382310958152321634e-02	3.022634646155616944e-02	7.733145755010270572e-02
1.209442553413820860e+03	2.493207833435254206e-01	1.575344823149456286e-01	2.574937788424188079e-01	1.540891226144244230e-01	7.388037838731083273e-02	3.026338564940421819e-02	7.741806884785043530e-02
1.211861438520648335e+03	2.489941299662695173e-01	1.573115395053228394e-01	2.577278095895849663e-01	1.542242465343305058e-01	7.393748562656439482e-02	3.030035099533812115e-02	7.750443778246940418e-02
1.214280323627476264e+03	2.486683983009890242e-01	1.570892260019541298e-01	2.579611562837422212e-01	1.543589800631782749e-01	7.399443178450185177e-02	3.033724254982216387e-02	7.759056501569212838e-02
1.216699208734303511e+03	2.483435857390398349e-01	1.568675400242872942e-01	2.581938208707181825e-01	1.544933244490256929e-01	7.405121734474121031e-02	3.037406036406121654e-02	7.767645120800636960e-02
1.219118093841131440e+03	2.480196896792511152e-01	1.566464797967997979e-01	2.584258052908269820e-01	1.546272809350526245e-01	7.410784278930694635e-02	3.041080448999358005e-02	7.776209701864875146e-02
1.221536978947959142e+03	2.476967075279018771e-01	1.564260435489855938e-01	2.586571114788850378e-01	1.547608507595885918e-01	7.416430859863640257e-02	3.044747498028382501e-02	7.784750310559847286e-02
1.223955864054786844e+03	2.473746366986976364e-01	1.562062295153422431e-01	2.588877413642266534e-01	1.548940351561401974e-01	7.422061525158611672e-02	3.048407188831573147e-02	7.793267012557121565e-02
1.226374749161614318e+03	2.470534746127473480e-01	1.559870359353577596e-01	2.591176968707197270e-01	1.550268353534183796e-01	7.427676322543817766e-02	3.052059526818524937e-02	7.801759873401323264e-02
1.228793634268442020e+03	2.467332186985401188e-01	1.557684610534976755e-01	2.593469799167814061e-01	1.551592525753652252e-01	7.433275299590642871e-02	3.055704517469352149e-02	7.810228958509547736e-02
1.231212519375269494e+03	2.464138663919225036e-01	1.555505031191919685e-01	2.595755924153936856e-01	1.552912880411809193e-01	7.438858503714282366e-02	3.059342166333994806e-02	7.818674333170805291e-02
1.233631404482097196e+03	2.460954151360755793e-01	1.553331603868220445e-01	2.598035362741186738e-01	1.554229429653501970e-01	7.444425982174350531e-02	3.062972479031529638e-02	7.827096062545457755e-02
1.236050289588924898e+03	2.457778623814923513e-01	1.551164311157076925e-01	2.600308133951143019e-01	1.555542185576686554e-01	7.449977782075509203e-02	3.066595461249487994e-02	7.835494211664689734e-02
1.238469174695752372e+03	2.454612055859551334e-01	1.549003135700938727e-01	2.602574256751497561e-01	1.556851160232687881e-01	7.455513950368075626e-02	3.070211118743177217e-02	7.843868845429982639e-02
1.240888059802580301e+03	2.451454422145130652e-01	1.546848060191378660e-01	2.604833750056205766e-01	1.558156365626459094e-01	7.461034533848635852e-02	3.073819457335005834e-02	7.852220028612603986e-02
1.243306944909407548e+03	2.448305697394598524e-01	1.544699067368960621e-01	2.607086632725644226e-01	1.559457813716837449e-01	7.466539579160651197e-02	3.077420482913816729e-02	7.860547825853110571e-02
1.245725830016235477e+03	2.445165856403115623e-01	1.542556140023109701e-01	2.609332923566758944e-01	1.560755516416799382e-01	7.472029132795063311e-02	3.081014201434221014e-02	7.868852301660866910e-02
1.248144715123063179e+03	2.442034874037844472e-01	1.540419260991981454e-01	2.611572641333220757e-01	1.562049485593711706e-01	7.477503241090895092e-02	3.084600618915938827e-02	7.877133520413574785e-02
1.250563600229890881e+03	2.438912725237729617e-01	1.538288413162331170e-01	2.613805804725575221e-01	1.563339733069582516e-01	7.482961950235848814e-02	3.088179741443145346e-02	7.885391546356815273e-02
1.252982485336718355e+03	2.435799385013279750e-01	1.536163579469382867e-01	2.616032432391395268e-01	1.564626270621308490e-01	7.488405306266895933e-02	3.091751575163821306e-02	7.893626443603610210e-02
1.255401370443546057e+03	2.432694828446348434e-01	1.534044742896699676e-01	2.618252542925432746e-01	1.565909109980921921e-01	7.493833355070876612e-02	3.095316126289105949e-02	7.901838276133979488e-02
1.257820255550373531e+03	2.429599030689918726e-01	1.531931886476052829e-01	2.620466154869767750e-01	1.567188262835833568e-01	7.499246142385081193e-02	3.098873401092657950e-02	7.910027107794533052e-02
1.260239140657201460e+03	2.426511966967885847e-01	1.529824993287291213e-01	2.622673286713957386e-01	1.568463740829074693e-01	7.504643713797837234e-02	3.102423405910017737e-02	7.918193002298053174e-02
1.262658025764028707e+03	2.423433612574844020e-01	1.527724046458211471e-01	2.624873956895188432e-01	1.569735555559538254e-01	7.510026114749092374e-02	3.105966147137977085e-02	7.926336023223108651e-02
1.265076910870856636e+03	2.420363942875871643e-01	1.525629029164426997e-01	2.627068183798424994e-01	1.571003718582215380e-01	7.515393390530990259e-02	3.109501631233950458e-02	7.934456234013664844e-02
1.267495795977684338e+03	2.417302933306319235e-01	1.523539924629238873e-01	2.629255985756556724e-01	1.572268241408432410e-01	7.520745586288446471e-02	3.113029864715354325e-02	7.942553697978714522e-02
1.269914681084511813e+03	2.414250559371597382e-01	1.521456716123505415e-01	2.631437381050548696e-01	1.573529135506084031e-01	7.526082747019728625e-02	3.116550854158986819e-02	7.950628478291919821e-02
1.272333566191339514e+03	2.411206796646965245e-01	1.519379386965512002e-01	2.633612387909586849e-01	1.574786412299866434e-01	7.531404917577011471e-02	3.120064606200415730e-02	7.958680637991256968e-02
1.274752451298167216e+03	2.408171620777321831e-01	1.517307920520841180e-01	2.635781024511227866e-01	1.576040083171507400e-01	7.536712142666955605e-02	3.123571127533367534e-02	7.966710239978684605e-02
1.277171336404994690e+03	2.405145007476996166e-01	1.515242300202243875e-01	2.637943308981544055e-01	1.577290159459994456e-01	7.542004466851265354e-02	3.127070424909123708e-02	7.974717347019812108e-02
1.279590221511822392e+03	2.402126932529539960e-01	1.513182509469509773e-01	2.640099259395271569e-01	1.578536652461801637e-01	7.547281934547249438e-02	3.130562505135919826e-02	7.982702021743588727e-02
1.282009106618650094e+03	2.399117371787519715e-01	1.511128531829336319e-01	2.642248893775955843e-01	1.579779573431114859e-01	7.552544590028380245e-02	3.134047375078347769e-02	7.990664326641994109e-02
1.284427991725477568e+03	2.396116301172310226e-01	1.509080350835202700e-01	2.644392230096096474e-01	1.581018933580054242e-01	7.557792477424844779e-02	3.137525041656764879e-02	7.998604324069746863e-02
1.286846876832305497e+03	2.393123696673890577e-01	1.507037950087237732e-01	2.646529286277293225e-01	1.582254744078895325e-01	7.563025640724102550e-02	3.140995511846706584e-02	8.006522076244014519e-02
1.289265761939132744e+03	2.390139534350638195e-01	1.505001313232092464e-01	2.648660080190391453e-01	1.583487016056288887e-01	7.568244123771429577e-02	3.144458792678301445e-02	8.014417645244147070e-02
1.291684647045960673e+03	2.387163790329125956e-01	1.502970423962812219e-01	2.650784629655625335e-01	1.584715760599479106e-01	7.573447970270463792e-02	3.147914891235691764e-02	8.022291093011404972e-02
1.294103532152788375e+03	2.384196440803919015e-01	1.500945266018706425e-01	2.652902952442762197e-01	1.585940988754518388e-01	7.578637223783749044e-02	3.151363814656459733e-02	8.030142481348712113e-02
1.296522417259616077e+03	2.381237462037372743e-01	1.498925823185222050e-01	2.655015066271246837e-01	1.587162711526482750e-01	7.583811927733276337e-02	3.154805570131055670e-02	8.037971871920401856e-02
1.298941302366443551e+03	2.378286830359431780e-01	1.496912079293814257e-01	2.657120988810343643e-01	1.588380939879683873e-01	7.588972125401019508e-02	3.158240164902229724e-02	8.045779326251993602e-02
1.301360187473271253e+03	2.375344522167429917e-01	1.494904018221819009e-01	2.659220737679278690e-01	1.589595684737879489e-01	7.594117859929470915e-02	3.161667606264469133e-02	8.053564905729959644e-02
1.303779072580098727e+03	2.372410513925889697e-01	1.492901623892325669e-01	2.661314330447384635e-01	1.590806956984484322e-01	7.599249174322175726e-02	3.165087901563443107e-02	8.061328671601508677e-02
1.306197957686926657e+03	2.369484782166323966e-01	1.490904880274049882e-01	2.663401784634238934e-01	1.592014767462776037e-01	7.604366111444253729e-02	3.168501058195441478e-02	8.069070684974384566e-02
1.308616842793753904e+03	2.366567303487038809e-01	1.488913771381204787e-01	2.665483117709807614e-01	1.593219126976102573e-01	7.609468714022932234e-02	3.171907083606828603e-02	8.076791006816660956e-02
1.311035727900581833e+03	2.363658054552935373e-01	1.486928281273376395e-01	2.667558347094587390e-01	1.594420046288085591e-01	7.614557024648065109e-02	3.175305985293495892e-02	8.084489697956558085e-02
1.313454613007409534e+03	2.360757012095312801e-01	1.484948394055393694e-01	2.669627490159742766e-01	1.595617536122823088e-01	7.619631085772657353e-02	3.178697770800315708e-02	8.092166819082262375e-02
1.315873498114237009e+03	2.357864152911674227e-01	1.482974093877205413e-01	2.671690564227249820e-01	1.596811607165092017e-01	7.624690939713382742e-02	3.182082447720607776e-02	8.099822430741750179e-02
1.318292383221064711e+03	2.354979453865531092e-01	1.481005364933751789e-01	2.673747586570033308e-01	1.598002270060546737e-01	7.629736628651097308e-02	3.185460023695598636e-02	8.107456593342630968e-02
1.320711268327892412e+03	2.352102891886208025e-01	1.479042191464839395e-01	2.675798574412107667e-01	1.599189535415917462e-01	7.634768194631351423e-02	3.188830506413894289e-02	8.115069367151983570e-02
1.323130153434719887e+03	2.349234443968650776e-01	1.477084557755014571e-01	2.677843544928714681e-01	1.600373413799207889e-01	7.639785679564907450e-02	3.192193903610950068e-02	8.122660812296220167e-02
1.325549038541547588e+03	2.346374087173232759e-01	1.475132448133437690e-01	2.679882515246463925e-01	1.601553915739888645e-01	7.644789125228235172e-02	3.195550223068548829e-02	8.130230988760941968e-02
1.327967923648375290e+03	2.343521798625562702e-01	1.473185846973759650e-01	2.681915502443469879e-01	1.602731051729092138e-01	7.649778573264030823e-02	3.198899472614280537e-02	8.137779956390807368e-02
1.330386808755202765e+03	2.340677555516294528e-01	1.471244738693994469e-01	2.683942523549487924e-01	1.603904832219804344e-01	7.654754065181704203e-02	3.202241660121025318e-02	8.145307774889415375e-02
1.332805693862030694e+03	2.337841335100935558e-01	1.469309107756396338e-01	2.685963595546055349e-01	1.605075267627056046e-01	7.659715642357894927e-02	3.205576793506443450e-02	8.152814503819187653e-02
1.335224578968857941e+03	2.335013114699656944e-01	1.467378938667333876e-01	2.687978735366625682e-01	1.606242368328110737e-01	7.664663346036959535e-02	3.208904880732464659e-02	8.160300202601261654e-02
1.337643464075685870e+03	2.332192871697105485e-01	1.465454215977166907e-01	2.689987959896705805e-01	1.607406144662653913e-01	7.669597217331465544e-02	3.212225929804783664e-02	8.167764930515389321e-02
1.340062349182513572e+03	2.329380583542212946e-01	1.463534924280121274e-01	2.691991285973992509e-01	1.608566606932979315e-01	7.674517297222692436e-02	3.215539948772360573e-02	8.175208746699849649e-02
1.342481234289341273e+03	2.326576227748009817e-01	1.461621048214166163e-01	2.693988730388507946e-01	1.609723765404173224e-01	7.679423626561113214e-02	3.218846945726919900e-02	8.182631710151357096e-02
1.344900119396168748e+03	2.323779781891438523e-01	1.459712572460890589e-01	2.695980309882735071e-01	1.610877630304298203e-01	7.684316246066888456e-02	3.222146928802460675e-02	8.190033879724992194e-02
1.347319004502996449e+03	2.320991223613164955e-01	1.457809481745379609e-01	2.697966041151751426e-01	1.612028211824576285e-01	7.689195196330346482e-02	3.225439906174763782e-02	8.197415314134123832e-02
1.349737889609823924e+03	2.318210530617394738e-01	1.455911760836091640e-01	2.699945940843368475e-01	1.613175520119568551e-01	7.694060517812467692e-02	3.228725886060904854e-02	8.204776071950350969e-02
1.352156774716651853e+03	2.315437680671687259e-01	1.454019394544736055e-01	2.701920025558258720e-01	1.614319565307355542e-01	7.698912250845367511e-02	3.232004876718772013e-02	8.212116211603441573e-02
1.354575659823479100e+03	2.312672651606769991e-01	1.452132367726150508e-01	2.703888311850095594e-01	1.615460357469715724e-01	7.703750435632769622e-02	3.235276886446585703e-02	8.219435791381285439e-02
1.356994544930307029e+03	2.309915421316355855e-01	1.450250665278179640e-01	2.705850816225682798e-01	1.616597906652301464e-01	7.708575112250484751e-02	3.238541923582423376e-02	8.226734869429851160e-02
1.359413430037134731e+03	2.307165967756960312e-01	1.448374272141552399e-01	2.707807555145089196e-01	1.617732222864815828e-01	7.713386320646885286e-02	3.241799996503745562e-02	8.234013503753147278e-02
1.361832315143962205e+03	2.304424268947717624e-01	1.446503173299761025e-01	2.709758545021782039e-01	1.618863316081185499e-01	7.718184100643374346e-02	3.245051113626927497e-02	8.241271752213191748e-02
1.364251200250789907e+03	2.301690302970199054e-01	1.444637353778940037e-01	2.711703802222758530e-01	1.619991196239735087e-01	7.722968491934850688e-02	3.248295283406792133e-02	8.248509672529991121e-02
1.366670085357617609e+03	2.298964047968232172e-01	1.442776798647744663e-01	2.713643343068676272e-01	1.621115873243358096e-01	7.727739534090180551e-02	3.251532514336148705e-02	8.255727322281519731e-02
1.369088970464445310e+03	2.296245482147719064e-01	1.440921493017230937e-01	2.715577183833987607e-01	1.622237356959688181e-01	7.732497266552661175e-02	3.254762814945334065e-02	8.262924758903709976e-02
1.371507855571272785e+03	2.293534583776457580e-01	1.439071422040735238e-01	2.717505340747068399e-01	1.623355657221267345e-01	7.737241728640478766e-02	3.257986193801755415e-02	8.270102039690442608e-02
1.373926740678100487e+03	2.290831331183960373e-01	1.437226570913754387e-01	2.719427829990350154e-01	1.624470783825714970e-01	7.741972959547170630e-02	3.261202659509439966e-02	8.277259221793553667e-02
1.376345625784927961e+03	2.288135702761276979e-01	1.435386924873824632e-01	2.721344667700449915e-01	1.625582746535894629e-01	7.746690998342084522e-02	3.264412220708583917e-02	8.284396362222835875e-02
1.378764510891755890e+03	2.285447676960814800e-01	1.433552469200404800e-01	2.723255869968299603e-01	1.626691555080078677e-01	7.751395883970829681e-02	3.267614886075107666e-02	8.291513517846052506e-02
1.381183395998583137e+03	2.282767232296161186e-01	1.431723189214754444e-01	2.725161452839277576e-01	1.627797219152113950e-01	7.756087655255727853e-02	3.270810664320215194e-02	8.298610745388954046e-02
1.383602281105411066e+03	2.280094347341907468e-01	1.429899070279816997e-01	2.727061432313335754e-01	1.628899748411584691e-01	7.760766350896271260e-02	3.273999564189950667e-02	8.305688101435299009e-02
1.386021166212238768e+03	2.277429000733471598e-01	1.428080097800100146e-01	2.728955824345129511e-01	1.629999152483973812e-01	7.765432009469568075e-02	3.277181594464765452e-02	8.312745642426885850e-02
1.388440051319066470e+03	2.274771171166921901e-01	1.426266257221558975e-01	2.730844644844145908e-01	1.631095440960824983e-01	7.770084669430783741e-02	3.280356763959085820e-02	8.319783424663589055e-02
1.390858936425893944e+03	2.272120837398801663e-01	1.424457534031475237e-01	2.732727909674832478e-01	1.632188623399901950e-01	7.774724369113593381e-02	3.283525081520881350e-02	8.326801504303392443e-02
1.393277821532721646e+03	2.269477978245955097e-01	1.422653913758342992e-01	2.734605634656723794e-01	1.633278709325346745e-01	7.779351146730618949e-02	3.286686556031240269e-02	8.333799937362436350e-02
1.395696706639549120e+03	2.266842572585353044e-01	1.420855381971749265e-01	2.736477835564570804e-01	1.634365708227838165e-01	7.783965040373866384e-02	3.289841196403944096e-02	8.340778779715070368e-02
1.398115591746377049e+03	2.264214599353917834e-01	1.419061924282258025e-01	2.738344528128464628e-01	1.635449629564747209e-01	7.788566088015171085e-02	3.292989011585049919e-02	8.347738087093901915e-02
1.400534476853204296e+03	2.261594037548351754e-01	1.417273526341292222e-01	2.740205728033967003e-01	1.636530482760293337e-01	7.793154327506626733e-02	3.296130010552472678e-02	8.354677915089860074e-02
1.402953361960032225e+03	2.258980866224963857e-01	1.415490173841019439e-01	2.742061450922234633e-01	1.637608277205697682e-01	7.797729796581022443e-02	3.299264202315569522e-02	8.361598319152259429e-02
1.405372247066859927e+03	2.256375064499498428e-01	1.413711852514233647e-01	2.743911712390144086e-01	1.638683022259337374e-01	7.802292532852275753e-02	3.302391595914731109e-02	8.368499354588868067e-02
1.407791132173687402e+03	2.253776611546962350e-01	1.411938548134240856e-01	2.745756527990419471e-01	1.639754727246896526e-01	7.806842573815855890e-02	3.305512200420972907e-02	8.375381076565983907e-02
1.410210017280515103e+03	2.251185486601454955e-01	1.410170246514742820e-01	2.747595913231757891e-01	1.640823401461518061e-01	7.811379956849220929e-02	3.308626024935531346e-02	8.382243540108509638e-02
1.412628902387342805e+03	2.248601668955998722e-01	1.408406933509722680e-01	2.749429883578951572e-01	1.641889054163953587e-01	7.815904719212232732e-02	3.311733078589458590e-02	8.389086800100037378e-02
1.415047787494170507e+03	2.246025137962367746e-01	1.406648595013329228e-01	2.751258454453014979e-01	1.642951694582711619e-01	7.820416898047588550e-02	3.314833370543228408e-02	8.395910911282941647e-02
1.417466672600997981e+03	2.243455873030918979e-01	1.404895216959762827e-01	2.753081641231307497e-01	1.644011331914206064e-01	7.824916530381240132e-02	3.317926909986337880e-02	8.402715928258464029e-02
1.419885557707825683e+03	2.240893853630423760e-01	1.403146785323160506e-01	2.754899459247658333e-01	1.645067975322903608e-01	7.829403653122811446e-02	3.321013706136914656e-02	8.409501905486810314e-02
1.422304442814653157e+03	2.238339059287899613e-01	1.401403286117483549e-01	2.756711923792488084e-01	1.646121633941468598e-01	7.833878303066017790e-02	3.324093768241325603e-02	8.416268897287254580e-02
1.424723327921481086e+03	2.235791469588442881e-01	1.399664705396402586e-01	2.758519050112934745e-01	1.647172316870908204e-01	7.838340516889080734e-02	3.327167105573792388e-02	8.423016957838243279e-02
1.427142213028308333e+03	2.233251064175060252e-01	1.397931029253183521e-01	2.760320853412973063e-01	1.648220033180717026e-01	7.842790331155143069e-02	3.330233727436007068e-02	8.429746141177504870e-02
1.429561098135136262e+03	2.230717822748503887e-01	1.396202243820576783e-01	2.762117348853540544e-01	1.649264791909019479e-01	7.847227782312680977e-02	3.333293643156748365e-02	8.436456501202159453e-02
1.431979983241963964e+03	2.228191725067104334e-01	1.394478335270702696e-01	2.763908551552656245e-01	1.650306602062711070e-01	7.851652906695910650e-02	3.336346862091504190e-02	8.443148091668836730e-02
1.434398868348791666e+03	2.225672750946604828e-01	1.392759289814939905e-01	2.765694476585544015e-01	1.651345472617600785e-01	7.856065740525201846e-02	3.339393393622096945e-02	8.449820966193800909e-02
1.436817753455619140e+03	2.223160880259996697e-01	1.391045093703812963e-01	2.767475138984754057e-01	1.652381412518550141e-01	7.860466319907476185e-02	3.342433247156310905e-02	8.456475178253070046e-02
1.439236638562446842e+03	2.220656092937355330e-01	1.389335733226881031e-01	2.769250553740282283e-01	1.653414430679612801e-01	7.864854680836619316e-02	3.345466432127519596e-02	8.463110781182545117e-02
1.441655523669274316e+03	2.218158368965674199e-01	1.387631194712625193e-01	2.771020735799693546e-01	1.654444535984171682e-01	7.869230859193877825e-02	3.348492957994322200e-02	8.469727828178150175e-02
1.444074408776102018e+03	2.215667688388704148e-01	1.385931464528338819e-01	2.772785700068239878e-01	1.655471737285078015e-01	7.873594890748261688e-02	3.351512834240175792e-02	8.476326372295957257e-02
1.446493293882929493e+03	2.213184031306787702e-01	1.384236529080015710e-01	2.774545461408979841e-01	1.656496043404785956e-01	7.877946811156943951e-02	3.354526070373035213e-02	8.482906466452330707e-02
1.448912178989757422e+03	2.210707377876698077e-01	1.382546374812240186e-01	2.776300034642901204e-01	1.657517463135488867e-01	7.882286655965656252e-02	3.357532675924993631e-02	8.489468163424070124e-02
1.451331064096585123e+03	2.208237708311477088e-01	1.380860988208075790e-01	2.778049434549037522e-01	1.658536005239253930e-01	7.886614460609084332e-02	3.360532660451925197e-02	8.496011515848557460e-02
1.453749949203412370e+03	2.205775002880272784e-01	1.379180355788955925e-01	2.779793675864588032e-01	1.659551678448155099e-01	7.890930260411260777e-02	3.363526033533134618e-02	8.502536576223905518e-02
1.456168834310240300e+03	2.203319241908179571e-01	1.377504464114574223e-01	2.781532773285034232e-01	1.660564491464405767e-01	7.895234090585956377e-02	3.366512804771002593e-02	8.509043396909109214e-02
1.458587719417068001e+03	2.200870405776076955e-01	1.375833299782776298e-01	2.783266741464264227e-01	1.661574452960491999e-01	7.899525986237070085e-02	3.369492983790636775e-02	8.515532030124206564e-02
1.461006604523895703e+03	2.198428474920470221e-01	1.374166849429448722e-01	2.784995595014681524e-01	1.662581571579302420e-01	7.903805982359017601e-02	3.372466580239531081e-02	8.522002527950434114e-02
1.463425489630723177e+03	2.195993429833329180e-01	1.372505099728411060e-01	2.786719348507330496e-01	1.663585855934258118e-01	7.908074113837118557e-02	3.375433603787217351e-02	8.528454942330392086e-02
1.465844374737550879e+03	2.193565251061931065e-01	1.370848037391307894e-01	2.788438016472008507e-01	1.664587314609441981e-01	7.912330415447976772e-02	3.378394064124927432e-02	8.534889325068208132e-02
1.468263259844378354e+03	2.191143919208702051e-01	1.369195649167500584e-01	2.790151613397386932e-01	1.665585956159729153e-01	7.916574921859867442e-02	3.381347970965254551e-02	8.541305727829705263e-02
1.470682144951206283e+03	2.188729414931056827e-01	1.367547921843958736e-01	2.791860153731123839e-01	1.666581789110910816e-01	7.920807667633114613e-02	3.384295334041817482e-02	8.547704202142579477e-02
1.473101030058033530e+03	2.186321718941243164e-01	1.365904842245153628e-01	2.793563651879982235e-01	1.667574821959824927e-01	7.925028687220474211e-02	3.387236163108929554e-02	8.554084799396567684e-02
1.475519915164861459e+03	2.183920812006184264e-01	1.364266397232950512e-01	2.795262122209946631e-01	1.668565063174479446e-01	7.929238014967507353e-02	3.390170467941263505e-02	8.560447570843629506e-02
1.477938800271689161e+03	2.181526674947321942e-01	1.362632573706501760e-01	2.796955579046336848e-01	1.669552521194179184e-01	7.933435685112959213e-02	3.393098258333530209e-02	8.566792567598124908e-02
1.480357685378516862e+03	2.179139288640461192e-01	1.361003358602139723e-01	2.798644036673924029e-01	1.670537204429648204e-01	7.937621731789130941e-02	3.396019544100149085e-02	8.573119840637000166e-02
1.482776570485344337e+03	2.176758634015612537e-01	1.359378738893271543e-01	2.800327509337045551e-01	1.671519121263156105e-01	7.941796189022257146e-02	3.398934335074926816e-02	8.579429440799969664e-02
