1.301360187473271253e+03	2.370540782411312553e-01	1.497743026576191239e-01	2.609153918807595174e-01	1.616272518647633993e-01	7.623691008407346148e-02	3.198106576850646976e-02	8.241099950302148425e-02
1.306197957686926657e+03	2.364704797594314456e-01	1.493726282514723225e-01	2.612970103961411716e-01	1.618891888559270964e-01	7.634428485645793072e-02	3.205146777171658662e-02	8.257494010872819257e-02
1.311035727900581833e+03	2.358901688065364877e-01	1.489732166262840718e-01	2.616763337535421563e-01	1.621496374627809101e-01	7.645110240150397585e-02	3.212157887693203179e-02	8.273796207229515420e-02
1.315873498114237009e+03	2.353131267825445960e-01	1.485760550097706689e-01	2.620533768760903159e-01	1.624086058255748977e-01	7.655736558603563890e-02	3.219139969804438173e-02	8.290007022181429541e-02
1.320711268327892412e+03	2.347393351946181206e-01	1.481811307012344814e-01	2.624281545770240642e-01	1.626661020442151107e-01	7.666307726163862357e-02	3.226093085651801640e-02	8.306126936462636390e-02
1.325549038541547588e+03	2.341687756562964018e-01	1.477884310712117011e-01	2.628006815606326874e-01	1.629221341784207466e-01	7.676824026476240792e-02	3.233017298121712568e-02	8.322156428733376576e-02
1.330386808755202765e+03	2.336014298868163697e-01	1.473979435611189326e-01	2.631709724231876546e-01	1.631767102478801912e-01	7.687285741682114981e-02	3.239912670823539426e-02	8.338095975581516495e-02
1.335224578968857941e+03	2.330372797104409144e-01	1.470096556828989209e-01	2.635390416538647695e-01	1.634298382324066712e-01	7.697693152429319063e-02	3.246779268072835789e-02	8.353946051524201166e-02
1.340062349182513572e+03	2.324763070557945288e-01	1.466235550186650027e-01	2.639049036356578837e-01	1.636815260720929366e-01	7.708046537881939331e-02	3.253617154874826473e-02	8.369707129009679170e-02
1.344900119396168748e+03	2.319184939552061397e-01	1.462396292203452797e-01	2.642685726462833395e-01	1.639317816674653872e-01	7.718346175730016190e-02	3.260426396908156638e-02	8.385379678419294103e-02
1.349737889609823924e+03	2.313638225440589058e-01	1.458578660093259038e-01	2.646300628590758652e-01	1.641806128796375885e-01	7.728592342199133713e-02	3.267207060508887234e-02	8.400964168069639804e-02
1.354575659823479100e+03	2.308122750601467599e-01	1.454782531760941966e-01	2.649893883438756981e-01	1.644280275304631778e-01	7.738785312059888455e-02	3.273959212654736772e-02	8.416461064214877941e-02
1.359413430037134731e+03	2.302638338430374187e-01	1.451007785798814342e-01	2.653465630679076037e-01	1.646740334026882413e-01	7.748925358637244465e-02	3.280682920949572895e-02	8.431870831049201320e-02
1.364251200250789907e+03	2.297184813334418318e-01	1.447254301483053007e-01	2.657016008966509024e-01	1.649186382401031103e-01	7.759012753819775898e-02	3.287378253608135015e-02	8.447193930709454013e-02
1.369088970464445310e+03	2.291762000725897641e-01	1.443521958770127844e-01	2.660545155947015017e-01	1.651618497476938785e-01	7.769047768068802762e-02	3.294045279441001201e-02	8.462430823277884706e-02
1.373926740678100487e+03	2.286369727016112074e-01	1.439810638293227141e-01	2.664053208266253803e-01	1.654036755917931145e-01	7.779030670427417027e-02	3.300684067839786823e-02	8.477581966785041612e-02
1.378764510891755890e+03	2.281007819609238985e-01	1.436120221358686555e-01	2.667540301578038564e-01	1.656441234002306306e-01	7.788961728529415762e-02	3.307294688762564550e-02	8.492647817212800598e-02
1.383602281105411066e+03	2.275676106896263873e-01	1.432450589942423635e-01	2.671006570552710846e-01	1.658832007624833904e-01	7.798841208608112141e-02	3.313877212719523041e-02	8.507628828497519613e-02
1.388440051319066470e+03	2.270374418248966852e-01	1.428801626686373449e-01	2.674452148885431702e-01	1.661209152298252778e-01	7.808669375505067345e-02	3.320431710758840749e-02	8.522525452533327717e-02
1.393277821532721646e+03	2.265102584013960474e-01	1.425173214894930318e-01	2.677877169304391791e-01	1.663572743154765055e-01	7.818446492678711446e-02	3.326958254452778985e-02	8.537338139175516816e-02
1.398115591746377049e+03	2.259860435506784448e-01	1.421565238531395936e-01	2.681281763578948207e-01	1.665922854947526344e-01	7.828172822212881021e-02	3.333456915883995647e-02	8.552067336244063844e-02
1.402953361960032225e+03	2.254647805006047556e-01	1.417977582214432486e-01	2.684666062527678587e-01	1.668259562052132050e-01	7.837848624825255461e-02	3.339927767632068500e-02	8.566713489527258418e-02
1.407791132173687402e+03	2.249464525747623955e-01	1.414410131214526578e-01	2.688030196026357510e-01	1.670582938468103129e-01	7.847474159875704458e-02	3.346370882760231480e-02	8.581277042785448450e-02
1.412628902387342805e+03	2.244310431918893345e-01	1.410862771450455966e-01	2.691374293015861285e-01	1.672893057820365181e-01	7.857049685374548065e-02	3.352786334802312224e-02	8.595758437754880132e-02
1.417466672600997981e+03	2.239185358653032754e-01	1.407335389485771526e-01	2.694698481509991694e-01	1.675189993360729213e-01	7.866575457990730713e-02	3.359174197749883323e-02	8.610158114151640618e-02
1.422304442814653157e+03	2.234089142023354957e-01	1.403827872525281462e-01	2.698002888603228122e-01	1.677473817969364900e-01	7.876051733059903637e-02	3.365534546039604391e-02	8.624476509675708946e-02
1.427142213028308333e+03	2.229021619037689639e-01	1.400340108411551876e-01	2.701287640478403640e-01	1.679744604156276078e-01	7.885478764592435130e-02	3.371867454540769526e-02	8.638714060015095786e-02
1.431979983241963964e+03	2.223982627632812847e-01	1.396871985621414014e-01	2.704552862414309478e-01	1.682002424062770396e-01	7.894856805281333378e-02	3.378172998543044203e-02	8.652871198850077550e-02
1.436817753455619140e+03	2.218972006668918640e-01	1.393423393262482046e-01	2.707798678793224556e-01	1.684247349462927590e-01	7.904186106510083243e-02	3.384451253744402005e-02	8.666948357857512386e-02
1.441655523669274316e+03	2.213989595924133191e-01	1.389994221069686120e-01	2.711025213108375076e-01	1.686479451765066639e-01	7.913466918360417823e-02	3.390702296239241076e-02	8.680945966715257478e-02
1.446493293882929493e+03	2.209035236089073595e-01	1.386584359401812072e-01	2.714232587971321942e-01	1.688698802013209599e-01	7.922699489620001201e-02	3.396926202506696940e-02	8.694864453106655733e-02
1.451331064096585123e+03	2.204108768761444959e-01	1.383193699238057794e-01	2.717420925119277686e-01	1.690905470888543205e-01	7.931884067790044568e-02	3.403123049399134348e-02	8.708704242725114064e-02
1.456168834310240300e+03	2.199210036440679972e-01	1.379822132174599314e-01	2.720590345422353451e-01	1.693099528710878821e-01	7.941020899092844643e-02	3.409292914130818142e-02	8.722465759278751063e-02
1.461006604523895703e+03	2.194338882522618162e-01	1.376469550421171029e-01	2.723740968890738801e-01	1.695281045440110990e-01	7.950110228479251306e-02	3.415435874266770089e-02	8.736149424495126548e-02
1.465844374737550879e+03	2.189495151294224007e-01	1.373135846797658433e-01	2.726872914681808813e-01	1.697450090677671553e-01	7.959152299636067240e-02	3.421552007711797794e-02	8.749755658126044666e-02
1.470682144951206283e+03	2.184678687928343632e-01	1.369820914730705830e-01	2.729986301107170110e-01	1.699606733667985703e-01	7.968147354993368459e-02	3.427641392699695699e-02	8.763284877952425000e-02
1.475519915164861459e+03	2.179889338478499805e-01	1.366524648250336260e-01	2.733081245639631396e-01	1.701751043299922772e-01	7.977095635731769330e-02	3.433704107782619558e-02	8.776737499789245833e-02
1.480357685378516862e+03	2.175126949873723570e-01	1.363246941986586136e-01	2.736157864920117921e-01	1.703883088108246735e-01	7.985997381789612659e-02	3.439740231820629518e-02	8.790113937490549867e-02
1.485195455592172038e+03	2.170391369913422241e-01	1.359987691166153756e-01	2.739216274764512127e-01	1.706002936275063664e-01	7.994852831870097321e-02	3.445749843971399745e-02	8.803414602954517942e-02
1.490033225805827215e+03	2.165682447262285426e-01	1.356746791609063363e-01	2.742256590170431552e-01	1.708110655631269736e-01	8.003662223448343438e-02	3.451733023680089024e-02	8.816639906128602433e-02
1.494870996019482618e+03	2.161000031445223790e-01	1.353524139725342801e-01	2.745278925323944574e-01	1.710206313657993971e-01	8.012425792778388178e-02	3.457689850669377896e-02	8.829790255014723088e-02
1.499708766233137567e+03	2.156343972842345302e-01	1.350319632511716994e-01	2.748283393606218983e-01	1.712289977488042070e-01	8.021143774900124646e-02	3.463620404929661917e-02	8.842866055674525327e-02
1.504546536446793198e+03	2.151714122683964781e-01	1.347133167548314747e-01	2.751270107600112258e-01	1.714361713907336382e-01	8.029816403646182488e-02	3.469524766709399660e-02	8.855867712234678779e-02
1.509384306660448374e+03	2.147110333045647579e-01	1.343964642995393033e-01	2.754239179096698020e-01	1.716421589356355581e-01	8.038443911648740503e-02	3.475403016505619613e-02	8.868795626892250761e-02
1.514222076874103550e+03	2.142532456843286859e-01	1.340813957590074601e-01	2.757190719101724197e-01	1.718469669931571020e-01	8.047026530346290674e-02	3.481255235054578345e-02	8.881650199920120003e-02
1.519059847087758726e+03	2.137980347828213334e-01	1.337681010643102519e-01	2.760124837842022338e-01	1.720506021386882523e-01	8.055564489990332810e-02	3.487081503322567166e-02	8.894431829672448664e-02
1.523897617301414357e+03	2.133453860582340267e-01	1.334565702035609425e-01	2.763041644771846439e-01	1.722530709135051408e-01	8.064058019652026177e-02	3.492881902496867280e-02	8.907140912590191806e-02
1.528735387515069533e+03	2.128952850513337047e-01	1.331467932215901762e-01	2.765941248579156797e-01	1.724543798249131565e-01	8.072507347228775887e-02	3.498656513976854121e-02	8.919777843206667944e-02
1.533573157728724709e+03	2.124477173849836920e-01	1.328387602196261785e-01	2.768823757191842261e-01	1.726545353463898869e-01	8.080912699450762404e-02	3.504405419365240471e-02	8.932343014153169836e-02
1.538410927942380113e+03	2.120026687636676344e-01	1.325324613549763164e-01	2.771689277783887517e-01	1.728535439177279476e-01	8.089274301887430796e-02	3.510128700459463902e-02	8.944836816164618287e-02
1.543248698156035516e+03	2.115601249730163780e-01	1.322278868407104346e-01	2.774537916781477653e-01	1.730514119451773691e-01	8.097592378953913372e-02	3.515826439243216472e-02	8.957259638085258990e-02
1.548086468369690692e+03	2.111200718793381226e-01	1.319250269453456081e-01	2.777369779869048316e-01	1.732481458015880937e-01	8.105867153917405143e-02	3.521498717878106949e-02	8.969611866874403761e-02
1.552924238583346096e+03	2.106824954291513230e-01	1.316238719925325873e-01	2.780184971995280918e-01	1.734437518265521117e-01	8.114098848903490702e-02	3.527145618695464585e-02	8.981893887612214800e-02
1.557762008797001272e+03	2.102473816487210601e-01	1.313244123607438529e-01	2.782983597379036222e-01	1.736382363265453199e-01	8.122287684902415594e-02	3.532767224188271965e-02	8.994106083505508387e-02
1.562599779010656675e+03	2.098147166435977984e-01	1.310266384829632813e-01	2.785765759515237971e-01	1.738316055750692979e-01	8.130433881775317451e-02	3.538363617003230377e-02	9.006248835893627958e-02
1.567437549224311852e+03	2.093844865981595305e-01	1.307305408463772523e-01	2.788531561180696561e-01	1.740238658127927773e-01	8.138537658260396046e-02	3.543934879932958415e-02	9.018322524254319961e-02
1.572275319437967255e+03	2.089566777751566684e-01	1.304361099920676448e-01	2.791281104439883309e-01	1.742150232476930571e-01	8.146599231979044509e-02	3.549481095908314787e-02	9.030327526209670774e-02
1.577113089651622431e+03	2.085312765152598224e-01	1.301433365147062482e-01	2.794014490650646998e-01	1.744050840551969739e-01	8.154618819441926403e-02	3.555002347990852962e-02	9.042264217532054726e-02
1.581950859865277607e+03	2.081082692366103271e-01	1.298522110622507553e-01	2.796731820469878227e-01	1.745940543783217613e-01	8.162596636055019506e-02	3.560498719365394471e-02	9.054132972150134850e-02
1.586788630078933011e+03	2.076876424343737371e-01	1.295627243356425040e-01	2.799433193859121038e-01	1.747819403278158268e-01	8.170532896125597133e-02	3.565970293332726415e-02	9.065934162154876130e-02
1.591626400292587959e+03	2.072693826802961270e-01	1.292748670885057738e-01	2.802118710090132914e-01	1.749687479822989444e-01	8.178427812868174773e-02	3.571417153302424569e-02	9.077668157805603155e-02
1.596464170506243590e+03	2.068534766222628885e-01	1.289886301268486912e-01	2.804788467750392034e-01	1.751544833884026431e-01	8.186281598410409532e-02	3.576839382785788196e-02	9.089335327536071651e-02
1.601301940719898766e+03	2.064399109838606639e-01	1.287040043087655794e-01	2.807442564748555136e-01	1.753391525609100110e-01	8.194094463798955175e-02	3.582237065388899772e-02	9.100936037960581648e-02
1.606139710933553943e+03	2.060286725639416394e-01	1.284209805441412500e-01	2.810081098319860970e-01	1.755227614828953620e-01	8.201866619005276915e-02	3.587610284805794331e-02	9.112470653880104521e-02
1.610977481147209119e+03	2.056197482361907247e-01	1.281395497943565720e-01	2.812704165031488235e-01	1.757053161058638457e-01	8.209598272931421803e-02	3.592959124811748867e-02	9.123939538288450279e-02
1.615815251360864750e+03	2.052131249486952302e-01	1.278597030719958172e-01	2.815311860787860776e-01	1.758868223498904759e-01	8.217289633415744698e-02	3.598283669256679973e-02	9.135343052378436246e-02
1.620653021574519926e+03	2.048087897235174593e-01	1.275814314405555594e-01	2.817904280835903941e-01	1.760672861037591574e-01	8.224940907238598164e-02	3.603584002058655283e-02	9.146681555548102915e-02
1.625490791788175102e+03	2.044067296562695757e-01	1.273047260141551840e-01	2.820481519770256518e-01	1.762467132251014090e-01	8.232552300127982114e-02	3.608860207197511077e-02	9.157955405406933980e-02
1.630328562001830505e+03	2.040069319156913308e-01	1.270295779572488959e-01	2.823043671538428279e-01	1.764251095405347525e-01	8.240124016765144888e-02	3.614112368708582296e-02	9.169164957782108272e-02
1.635166332215485909e+03	2.036093837432302878e-01	1.267559784843393933e-01	2.825590829445910335e-01	1.766024808458009077e-01	8.247656260790153793e-02	3.619340570676533864e-02	9.180310566724766974e-02
1.640004102429141085e+03	2.032140724526244058e-01	1.264839188596932340e-01	2.828123086161247191e-01	1.767788329059036823e-01	8.255149234807421244e-02	3.624544897229302343e-02	9.191392584516294706e-02
1.644841872642796488e+03	2.028209854294873993e-01	1.262133903970574234e-01	2.830640533721050511e-01	1.769541714552465839e-01	8.262603140391198975e-02	3.629725432532137502e-02	9.202411361674636692e-02
1.649679642856451665e+03	2.024301101308966233e-01	1.259443844593779727e-01	2.833143263534974587e-01	1.771285021977702656e-01	8.270018178091025074e-02	3.634882260781742425e-02	9.213367246960614543e-02
1.654517413070107068e+03	2.020414340849832346e-01	1.256768924585198177e-01	2.835631366390644059e-01	1.773018308070894999e-01	8.277394547437141870e-02	3.640015466200521854e-02	9.224260587384258692e-02
1.659355183283762244e+03	2.016549448905247954e-01	1.254109058549882361e-01	2.838104932458533347e-01	1.774741629266300413e-01	8.284732446945873574e-02	3.645125133030925613e-02	9.235091728211176909e-02
1.664192953497417420e+03	2.012706302165406524e-01	1.251464161576520684e-01	2.840564051296807224e-01	1.776455041697650450e-01	8.292032074124965069e-02	3.650211345529886381e-02	9.245861012968913106e-02
1.669030723711072824e+03	2.008884778018895090e-01	1.248834149234682028e-01	2.843008811856111429e-01	1.778158601199514299e-01	8.299293625478887382e-02	3.655274187963358790e-02	9.256568783453336668e-02
1.673868493924728000e+03	2.005084754548694115e-01	1.246218937572077523e-01	2.845439302484324418e-01	1.779852363308656038e-01	8.306517296514111248e-02	3.660313744600951491e-02	9.267215379735030401e-02
1.678706264138383403e+03	2.001306110528200122e-01	1.243618443111838140e-01	2.847855610931260273e-01	1.781536383265392987e-01	8.313703281744337648e-02	3.665330099710650824e-02	9.277801140165714555e-02
1.683544034352038352e+03	1.997548725417276350e-01	1.241032582849805888e-01	2.850257824353333858e-01	1.783210716014947683e-01	8.320851774695699199e-02	3.670323337553638848e-02	9.288326401384650044e-02
1.688381804565693983e+03	1.993812479358321454e-01	1.238461274251841798e-01	2.852646029318180454e-01	1.784875416208798193e-01	8.327962967911926861e-02	3.675293542379201583e-02	9.298791498325081895e-02
1.693219574779349159e+03	1.990097253172365688e-01	1.235904435251149042e-01	2.855020311809234879e-01	1.786530538206025365e-01	8.335037052959480552e-02	3.680240798419726761e-02	9.309196764220675768e-02
1.698057344993004335e+03	1.986402928355188724e-01	1.233361984245610332e-01	2.857380757230267299e-01	1.788176136074656752e-01	8.342074220432647846e-02	3.685165189885789006e-02	9.319542530611968356e-02
1.702895115206659511e+03	1.982729387073459137e-01	1.230833840095140325e-01	2.859727450409880745e-01	1.789812263593007213e-01	8.349074659958612143e-02	3.690066800961323834e-02	9.329829127352826101e-02
1.707732885420315142e+03	1.979076512160900803e-01	1.228319922119054108e-01	2.862060475605964216e-01	1.791438974251017002e-01	8.356038560202480592e-02	3.694945715798882147e-02	9.340056882616917799e-02
1.712570655633970318e+03	1.975444187114477612e-01	1.225820150093449301e-01	2.864379916510106927e-01	1.793056321251585705e-01	8.362966108872292581e-02	3.699802018514980473e-02	9.350226122904181647e-02
1.717408425847625494e+03	1.971832296090602066e-01	1.223334444248604241e-01	2.866685856251974251e-01	1.794664357511903674e-01	8.369857492723983827e-02	3.704635793185519221e-02	9.360337173047311721e-02
1.722246196061280898e+03	1.968240723901368838e-01	1.220862725266389920e-01	2.868978377403642588e-01	1.796263135664778743e-01	8.376712897566322702e-02	3.709447123841296684e-02	9.370390356218243066e-02
1.727083966274936301e+03	1.964669356010806667e-01	1.218404914277697038e-01	2.871257561983894813e-01	1.797852708059962945e-01	8.383532508265820193e-02	3.714236094463594512e-02	9.380385993934647892e-02
1.731921736488591478e+03	1.961118078531154663e-01	1.215960932859877913e-01	2.873523491462476875e-01	1.799433126765470625e-01	8.390316508751606561e-02	3.719002788979848539e-02	9.390324406066426211e-02
1.736759506702246881e+03	1.957586778219159995e-01	1.213530703034202823e-01	2.875776246764317756e-01	1.801004443568899605e-01	8.397065082020271909e-02	3.723747291259396630e-02	9.400205910842213131e-02
1.741597276915902057e+03	1.954075342472397780e-01	1.211114147263330221e-01	2.878015908273711121e-01	1.802566709978742632e-01	8.403778410140684552e-02	3.728469685109301462e-02	9.410030824855881992e-02
1.746435047129557461e+03	1.950583659325611507e-01	1.208711188448792495e-01	2.880242555838457563e-01	1.804119977225699112e-01	8.410456674258780241e-02	3.733170054270255195e-02	9.419799463073051660e-02
1.751272817343212637e+03	1.947111617447076504e-01	1.206321749928495196e-01	2.882456268773968544e-01	1.805664296263982671e-01	8.417100054602311143e-02	3.737848482412552131e-02	9.429512138837597979e-02
1.756110587556867813e+03	1.943659106134982828e-01	1.203945755474230828e-01	2.884657125867340355e-01	1.807199717772625669e-01	8.423708730485579554e-02	3.742505053132143267e-02	9.439169163878166624e-02
1.760948357770523216e+03	1.940226015313840924e-01	1.201583129289207352e-01	2.886845205381384227e-01	1.808726292156778159e-01	8.430282880314134142e-02	3.747139849946758833e-02	9.448770848314685944e-02
1.765786127984178393e+03	1.936812235530908088e-01	1.199233796005589603e-01	2.889020585058624246e-01	1.810244069549005186e-01	8.436822681589435657e-02	3.751752956292103008e-02	9.458317500664879807e-02
1.770623898197833569e+03	1.933417657952634650e-01	1.196897680682055681e-01	2.891183342125258071e-01	1.811753099810580192e-01	8.443328310913507384e-02	3.756344455518122877e-02	9.467809427850781834e-02
1.775461668411488745e+03	1.930042174361132623e-01	1.194574708801367513e-01	2.893333553295082128e-01	1.813253432532773712e-01	8.449799943993537010e-02	3.760914430885343995e-02	9.477246935205255185e-02
1.780299438625144376e+03	1.926685677150664355e-01	1.192264806267954586e-01	2.895471294773385162e-01	1.814745117038140676e-01	8.456237755646477117e-02	3.765462965561278130e-02	9.486630326478497077e-02
1.785137208838799552e+03	1.923348059324150872e-01	1.189967899405512258e-01	2.897596642260801825e-01	1.816228202381800771e-01	8.462641919803594315e-02	3.769990142616895523e-02	9.495959903844561345e-02
1.789974979052454728e+03	1.920029214489701319e-01	1.187683914954612702e-01	2.899709670957135166e-01	1.817702737352718811e-01	8.469012609515001733e-02	3.774496045023169322e-02	9.505235967907857408e-02
1.794812749266109904e+03	1.916729036857163226e-01	1.185412780070331240e-01	2.901810455565148050e-01	1.819168770474977603e-01	8.475349996954170684e-02	3.778980755647678991e-02	9.514458817709668670e-02
1.799650519479765535e+03	1.913447421234691359e-01	1.183154422319884769e-01	2.903899070294312934e-01	1.820626350009049987e-01	8.481654253422402090e-02	3.783444357251283807e-02	9.523628750734651482e-02
1.804488289693420711e+03	1.910184263025338780e-01	1.180908769680284465e-01	2.905975588864537218e-01	1.822075523953065601e-01	8.487925549353279864e-02	3.787886932484860886e-02	9.532746062917338281e-02
1.809326059907075887e+03	1.906939458223664563e-01	1.178675750536001682e-01	2.908040084509848078e-01	1.823516340044075146e-01	8.494164054317103474e-02	3.792308563886102879e-02	9.541811048648639326e-02
1.814163830120731291e+03	1.903712903412364543e-01	1.176455293676647584e-01	2.910092629982052870e-01	1.824948845759309102e-01	8.500369937025280265e-02	3.796709333876382986e-02	9.550824000782333345e-02
1.819001600334386467e+03	1.900504495758920387e-01	1.174247328294665688e-01	2.912133297554359568e-01	1.826373088317433391e-01	8.506543365334706674e-02	3.801089324757676163e-02	9.559785210641563724e-02
1.823839370548041643e+03	1.897314133012266424e-01	1.172051783983037859e-01	2.914162159024970555e-01	1.827789114679801707e-01	8.512684506252118921e-02	3.805448618709544178e-02	9.568694968025316661e-02
1.828677140761696819e+03	1.894141713499479240e-01	1.169868590733003505e-01	2.916179285720639780e-01	1.829196971551703688e-01	8.518793525938410383e-02	3.809787297786179638e-02	9.577553561214902089e-02
1.833514910975352450e+03	1.890987136122482815e-01	1.167697678931792216e-01	2.918184748500204373e-01	1.830596705383608080e-01	8.524870589712937874e-02	3.814105443913506921e-02	9.586361276980435997e-02
1.838352681189008081e+03	1.887850300354776967e-01	1.165538979360368071e-01	2.920178617758083517e-01	1.831988362372403423e-01	8.530915862057794619e-02	3.818403138886345555e-02	9.595118400587299146e-02
1.843190451402663257e+03	1.884731106238180243e-01	1.163392423191188796e-01	2.922160963427742897e-01	1.833371988462635105e-01	8.536929506622067954e-02	3.822680464365626335e-02	9.603825215802604121e-02
1.848028221616318433e+03	1.881629454379594446e-01	1.161257941985976427e-01	2.924131854985133616e-01	1.834747629347736053e-01	8.542911686226054013e-02	3.826937501875665032e-02	9.612482004901647115e-02
1.852865991829973609e+03	1.878545245947788322e-01	1.159135467693501870e-01	2.926091361452098916e-01	1.836115330471255747e-01	8.548862562865469639e-02	3.831174332801493693e-02	9.621089048674356936e-02
1.857703762043628785e+03	1.875478382670198174e-01	1.157024932647380544e-01	2.928039551399752027e-01	1.837475137028084515e-01	8.554782297715632366e-02	3.835391038386241902e-02	9.629646626431739853e-02
1.862541532257283961e+03	1.872428766829747626e-01	1.154926269563882613e-01	2.929976492951822942e-01	1.838827093965674508e-01	8.560671051135611276e-02	3.839587699728577719e-02	9.638155016012303622e-02
1.867379302470939592e+03	1.869396301261686544e-01	1.152839411539754444e-01	2.931902253787976864e-01	1.840171245985253723e-01	8.566528982672363957e-02	3.843764397780199960e-02	9.646614493788488454e-02
1.872217072684594768e+03	1.866380889350447436e-01	1.150764292050053539e-01	2.933816901147105471e-01	1.841507637543040865e-01	8.572356251064844335e-02	3.847921213343374891e-02	9.655025334673075776e-02
1.877054842898249490e+03	1.863382435026519901e-01	1.148700844945994282e-01	2.935720501830588192e-01	1.842836312851451330e-01	8.578153014248089681e-02	3.852058227068538843e-02	9.663387812125602550e-02
1.881892613111905121e+03	1.860400842763343943e-01	1.146649004452809234e-01	2.937613122205524063e-01	1.844157315880302350e-01	8.583919429357282638e-02	3.856175519451939676e-02	9.671702198158753372e-02
1.886730383325560297e+03	1.857436017574220777e-01	1.144608705167618756e-01	2.939494828207936949e-01	1.845470690358012589e-01	8.589655652731797986e-02	3.860273170833333767e-02	9.679968763344748428e-02
1.891568153539215928e+03	1.854487865009241954e-01	1.142579882057315616e-01	2.941365685345954106e-01	1.846776479772798685e-01	8.595361839919214708e-02	3.864351261393733639e-02	9.688187776821723107e-02
1.896405923752871104e+03	1.851556291152234579e-01	1.140562470456461808e-01	2.943225758702955330e-01	1.848074727373865411e-01	8.601038145679319735e-02	3.868409871153196539e-02	9.696359506300093745e-02
1.901243693966526507e+03	1.848641202617726798e-01	1.138556406065194954e-01	2.945075112940696016e-01	1.849365476172594169e-01	8.606684723988075603e-02	3.872449079968671298e-02	9.704484218068917811e-02
1.906081464180181683e+03	1.845742506547929096e-01	1.136561624947150240e-01	2.946913812302401903e-01	1.850648768943726763e-01	8.612301728041582560e-02	3.876468967531882664e-02	9.712562177002238839e-02
1.910919234393836859e+03	1.842860110609732538e-01	1.134578063527391240e-01	2.948741920615840506e-01	1.851924648226544456e-01	8.617889310260005986e-02	3.880469613367271142e-02	9.720593646565417467e-02
1.915757004607492036e+03	1.839993922991726427e-01	1.132605658590354475e-01	2.950559501296363130e-01	1.853193156326042867e-01	8.623447622291485759e-02	3.884451096829971001e-02	9.728578888821463877e-02
1.920594774821147894e+03	1.837143852401230404e-01	1.130644347277804940e-01	2.952366617349920230e-01	1.854454335314102698e-01	8.628976815016026203e-02	3.888413497103838240e-02	9.736518164437342471e-02
1.925432545034802843e+03	1.834309808061347635e-01	1.128694067086804254e-01	2.954163331376054580e-01	1.855708227030657131e-01	8.634477038549362438e-02	3.892356893199519496e-02	9.744411732690279326e-02
1.930270315248458019e+03	1.831491699708029386e-01	1.126754755867689223e-01	2.955949705570864450e-01	1.856954873084853685e-01	8.639948442246812854e-02	3.896281363952569521e-02	9.752259851474047447e-02
1.935108085462113195e+03	1.828689437587163180e-01	1.124826351822063170e-01	2.957725801729945703e-01	1.858194314856213836e-01	8.645391174707099669e-02	3.900186988021606127e-02	9.760062777305238135e-02
1.939945855675768371e+03	1.825902932451670679e-01	1.122908793500798086e-01	2.959491681251306128e-01	1.859426593495785152e-01	8.650805383776154212e-02	3.904073843886511630e-02	9.767820765329535138e-02
1.944783625889424002e+03	1.823132095558628041e-01	1.121002019802048999e-01	2.961247405138257016e-01	1.860651749927292875e-01	8.656191216550909728e-02	3.907942009846675224e-02	9.775534069327955489e-02
1.949621396103079178e+03	1.820376838666400710e-01	1.119105969969278608e-01	2.962993034002273651e-01	1.861869824848284838e-01	8.661548819383059483e-02	3.911791564019276995e-02	9.783202941723095902e-02
1.954459166316734354e+03	1.817637074031793476e-01	1.117220583589294963e-01	2.964728628065843030e-01	1.863080858731273604e-01	8.666878337882800987e-02	3.915622584337611484e-02	9.790827633585347245e-02
1.959296936530389530e+03	1.814912714407219685e-01	1.115345800590298586e-01	2.966454247165277169e-01	1.864284891824872781e-01	8.672179916922566345e-02	3.919435148549450104e-02	9.798408394639115948e-02
1.964134706744044706e+03	1.812203673037884322e-01	1.113481561239941936e-01	2.968169950753506980e-01	1.865481964154930283e-01	8.677453700640724854e-02	3.923229334215448671e-02	9.805945473269010726e-02
1.968972476957700337e+03	1.809509863658983753e-01	1.111627806143399705e-01	2.969875797902852832e-01	1.866672115525657427e-01	8.682699832445263388e-02	3.927005218707586148e-02	9.813439116526033457e-02
1.973810247171355968e+03	1.806831200492922673e-01	1.109784476241450768e-01	2.971571847307769576e-01	1.867855385520753031e-01	8.687918455017459851e-02	3.930762879207648497e-02	9.820889570133745083e-02
1.978648017385010689e+03	1.804167598246547710e-01	1.107951512808569988e-01	2.973258157287571035e-01	1.869031813504523631e-01	8.693109710315527483e-02	3.934502392705745144e-02	9.828297078494421801e-02
1.983485787598666320e+03	1.801518972108392680e-01	1.106128857451032232e-01	2.974934785789129510e-01	1.870201438622998980e-01	8.698273739578238350e-02	3.938223835998864303e-02	9.835661884695190427e-02
1.988323557812321269e+03	1.798885237745944665e-01	1.104316452105026242e-01	2.976601790389551416e-01	1.871364299805044484e-01	8.703410683328532960e-02	3.941927285689468541e-02	9.842984230514160993e-02
1.993161328025976900e+03	1.796266311302924523e-01	1.102514239034780158e-01	2.978259228298835715e-01	1.872520435763467550e-01	8.708520681377111827e-02	3.945612818184119491e-02	9.850264356426526036e-02
1.997999098239632076e+03	1.793662109396580717e-01	1.100722160830696905e-01	2.979907156362502363e-01	1.873669884996121415e-01	8.713603872826004848e-02	3.949280509692144892e-02	9.857502501610670986e-02
2.002836868453287707e+03	1.791072549115000911e-01	1.098940160407501782e-01	2.981545631064207447e-01	1.874812685787003996e-01	8.718660396072121233e-02	3.952930436224335459e-02	9.864698903954237375e-02
2.007674638666942428e+03	1.788497548014439109e-01	1.097168181002398935e-01	2.983174708528328334e-01	1.875948876207351179e-01	8.723690388810780016e-02	3.956562673591677848e-02	9.871853800060199913e-02
2.012512408880597604e+03	1.785937024116656113e-01	1.095406166173240048e-01	2.984794444522532175e-01	1.877078494116728447e-01	8.728693988039229468e-02	3.960177297404123692e-02	9.878967425252910273e-02
2.017350179094252780e+03	1.783390895906277474e-01	1.093654059796702049e-01	2.986404894460322201e-01	1.878201577164115843e-01	8.733671330060138738e-02	3.963774383069389867e-02	9.886040013584125596e-02
2.022187949307908411e+03	1.780859082328166976e-01	1.091911806066475782e-01	2.988006113403560149e-01	1.879318162788989333e-01	8.738622550485082574e-02	3.967354005791791371e-02	9.893071797839032844e-02
2.027025719521564042e+03	1.778341502784811512e-01	1.090179349491466471e-01	2.989598156064972034e-01	1.880428288222399102e-01	8.743547784237991338e-02	3.970916240571106814e-02	9.900063009542242609e-02
2.031863489735218764e+03	1.775838077133725101e-01	1.088456634894002378e-01	2.991181076810628392e-01	1.881531990488041761e-01	8.748447165558601024e-02	3.974461162201477910e-02	9.907013878963780162e-02
2.036701259948874394e+03	1.773348725684865679e-01	1.086743607408054563e-01	2.992754929662408414e-01	1.882629306403328651e-01	8.753320828005871357e-02	3.977988845270340190e-02	9.913924635125047347e-02
2.041539030162529116e+03	1.770873369198067981e-01	1.085040212477468152e-01	2.994319768300441331e-01	1.883720272580451383e-01	8.758168904461394177e-02	3.981499364157378706e-02	9.920795505804776149e-02
2.046376800376184747e+03	1.768411928880488926e-01	1.083346395854201116e-01	2.995875646065526143e-01	1.884804925427440436e-01	8.762991527132785174e-02	3.984992793033523967e-02	9.927626717544962842e-02
2.051214570589840150e+03	1.765964326384070748e-01	1.081662103596575525e-01	2.997422615961535253e-01	1.885883301149222091e-01	8.767788827557047859e-02	3.988469205859969391e-02	9.934418495656786863e-02
2.056052340803495554e+03	1.763530483803015803e-01	1.079987282067538107e-01	2.998960730657794782e-01	1.886955435748669530e-01	8.772560936603934767e-02	3.991928676387221375e-02	9.941171064226507481e-02
2.060890111017150957e+03	1.761110323671278011e-01	1.078321877932930106e-01	3.000490042491444909e-01	1.888021365027649501e-01	8.777307984479279512e-02	3.995371278154183359e-02	9.947884646121350760e-02
2.065727881230805451e+03	1.758703768960067637e-01	1.076665838159768240e-01	3.002010603469787431e-01	1.889081124588065652e-01	8.782030100728316357e-02	3.998797084487260012e-02	9.954559462995377084e-02
2.070565651444461309e+03	1.756310743075370218e-01	1.075019110014534124e-01	3.003522465272603914e-01	1.890134749832896865e-01	8.786727414238983125e-02	4.002206168499494732e-02	9.961195735295322318e-02
2.075403421658116713e+03	1.753931169855479921e-01	1.073381641061474795e-01	3.005025679254461624e-01	1.891182275967231707e-01	8.791400053245206070e-02	4.005598603089734200e-02	9.967793682266436195e-02
2.080241191871772116e+03	1.751564973568547900e-01	1.071753379160912678e-01	3.006520296446998919e-01	1.892223737999297883e-01	8.796048145330170875e-02	4.008974460941819307e-02	9.974353521958295721e-02
2.085078962085427065e+03	1.749212078910143409e-01	1.070134272467564429e-01	3.008006367561193439e-01	1.893259170741488084e-01	8.800671817429568666e-02	4.012333814523804526e-02	9.980875471230594986e-02
2.089916732299082469e+03	1.746872411000830183e-01	1.068524269428870327e-01	3.009483942989606975e-01	1.894288608811381669e-01	8.805271195834836473e-02	4.015676736087202964e-02	9.987359745758930818e-02
2.094754502512737417e+03	1.744545895383755318e-01	1.066923318783333102e-01	3.010953072808617570e-01	1.895312086632761350e-01	8.809846406196374102e-02	4.019003297666257080e-02	9.993806560040553733e-02
2.099592272726392821e+03	1.742232458022252850e-01	1.065331369558865648e-01	3.012413806780631642e-01	1.896329638436626275e-01	8.814397573526747132e-02	4.022313571077234390e-02	1.000021612740011889e-01
2.104430042940048224e+03	1.739932025297460383e-01	1.063748371071149557e-01	3.013866194356273898e-01	1.897341298262199827e-01	8.818924822203871861e-02	4.025607627917753700e-02	1.000658865999540376e-01
2.109267813153704083e+03	1.737644524005950708e-01	1.062174272922001145e-01	3.015310284676567809e-01	1.898347099957934658e-01	8.823428275974182222e-02	4.028885539566127993e-02	1.001292436882301462e-01
2.114105583367359031e+03	1.735369881357375910e-01	1.060609024997748867e-01	3.016746126575090559e-01	1.899347077182511889e-01	8.827908057955786980e-02	4.032147377180735764e-02	1.001922346372407790e-01
2.118943353581013525e+03	1.733108024972124794e-01	1.059052577467618217e-01	3.018173768580113547e-01	1.900341263405837255e-01	8.832364290641608884e-02	4.035393211699421501e-02	1.002548615338990090e-01
2.123781123794669384e+03	1.730858882878994476e-01	1.057504880782127454e-01	3.019593258916727918e-01	1.901329691910032538e-01	8.836797095902500232e-02	4.038623113838911427e-02	1.003171264536763113e-01
2.128618894008324787e+03	1.728622383512875560e-01	1.055965885671491383e-01	3.021004645508948427e-01	1.902312395790421995e-01	8.841206594990355661e-02	4.041837154094256312e-02	1.003790314606587963e-01
2.133456664221980191e+03	1.726398455712448154e-01	1.054435543144034704e-01	3.022407975981803996e-01	1.903289407956516299e-01	8.845592908541197175e-02	4.045035402738299257e-02	1.004405786076034007e-01
2.138294434435635139e+03	1.724187028717895087e-01	1.052913804484614524e-01	3.023803297663408274e-01	1.904260761132989810e-01	8.849956156578249467e-02	4.048217929821162214e-02	1.005017699359937872e-01
2.143132204649290543e+03	1.721988032168624005e-01	1.051400621253052309e-01	3.025190657587016885e-01	1.905226487860656459e-01	8.854296458514999968e-02	4.051384805169757491e-02	1.005626074760961192e-01
2.147969974862945492e+03	1.719801396101005853e-01	1.049895945282572907e-01	3.026570102493066905e-01	1.906186620497438422e-01	8.858613933158246412e-02	4.054536098387322846e-02	1.006230932470145861e-01
2.152807745076601350e+03	1.717627050946125000e-01	1.048399728678255788e-01	3.027941678831196359e-01	1.907141191219332288e-01	8.862908698711113864e-02	4.057671878852973230e-02	1.006832292567468728e-01
2.157645515290255844e+03	1.715464927527541317e-01	1.046911923815491835e-01	3.029305432762254835e-01	1.908090232021371624e-01	8.867180872776081468e-02	4.060792215721274745e-02	1.007430175022392127e-01
2.162483285503912157e+03	1.713314957059066945e-01	1.045432483338451374e-01	3.030661410160290226e-01	1.909033774718583432e-01	8.871430572357967559e-02	4.063897177921844961e-02	1.008024599694414686e-01
2.167321055717567106e+03	1.711177071142553352e-01	1.043961360158559698e-01	3.032009656614525483e-01	1.909971850946941552e-01	8.875657913866920323e-02	4.066986834158969888e-02	1.008615586333618946e-01
2.172158825931222509e+03	1.709051201765693917e-01	1.042498507452981199e-01	3.033350217431317053e-01	1.910904492164316182e-01	8.879863013121383486e-02	4.070061252911237604e-02	1.009203154581217871e-01
2.176996596144877003e+03	1.706937281299837073e-01	1.041043878663113487e-01	3.034683137636097761e-01	1.911831729651417011e-01	8.884045985351048114e-02	4.073120502431197554e-02	1.009787323970098571e-01
2.181834366358532861e+03	1.704835242497812209e-01	1.039597427493089005e-01	3.036008461975303607e-01	1.912753594512736632e-01	8.888206945199790543e-02	4.076164650745038587e-02	1.010368113925364519e-01
2.186672136572187810e+03	1.702745018491768625e-01	1.038159107908284695e-01	3.037326234918287238e-01	1.913670117677483962e-01	8.892346006728597818e-02	4.079193765652283643e-02	1.010945543764876081e-01
2.191509906785843214e+03	1.700666542791026969e-01	1.036728874133842349e-01	3.038636500659215867e-01	1.914581329900517936e-01	8.896463283418472312e-02	4.082207914725503178e-02	1.011519632699788701e-01
2.196347676999498617e+03	1.698599749279941784e-01	1.035306680653195061e-01	3.039939303118949776e-01	1.915487261763275384e-01	8.900558888173330796e-02	4.085207165310053568e-02	1.012090399835089277e-01
2.201185447213154021e+03	1.696544572215777369e-01	1.033892482206603403e-01	3.041234685946913596e-01	1.916387943674695005e-01	8.904632933322879917e-02	4.088191584523823835e-02	1.012657864170130873e-01
2.206023217426809424e+03	1.694500946226594751e-01	1.032486233789699920e-01	3.042522692522945937e-01	1.917283405872135804e-01	8.908685530625483351e-02	4.091161239257008753e-02	1.013222044599164512e-01
2.210860987640464373e+03	1.692468806309152529e-01	1.031087890652041400e-01	3.043803365959140139e-01	1.918173678422294692e-01	8.912716791271009520e-02	4.094116196171895816e-02	1.013782959911870701e-01
2.215698757854119776e+03	1.690448087826817991e-01	1.029697408295669747e-01	3.045076749101665592e-01	1.919058791222116034e-01	8.916726825883673768e-02	4.097056521702671650e-02	1.014340628793887061e-01
2.220536528067775180e+03	1.688438726507490717e-01	1.028314742473681459e-01	3.046342884532575734e-01	1.919938773999698978e-01	8.920715744524854163e-02	4.099982282055241595e-02	1.014895069827335405e-01
2.225374298281430583e+03	1.686440658441537566e-01	1.026939849188804321e-01	3.047601814571603840e-01	1.920813656315202567e-01	8.924683656695905909e-02	4.102893543207071503e-02	1.015446301491346182e-01
2.230212068495085077e+03	1.684453820079740705e-01	1.025572684691983399e-01	3.048853581277944924e-01	1.921683467561741965e-01	8.928630671340952174e-02	4.105790370907044101e-02	1.015994342162581110e-01
2.235049838708740936e+03	1.682478148231257020e-01	1.024213205480974109e-01	3.050098226452022110e-01	1.922548236966285240e-01	8.932556896849665196e-02	4.108672830675329235e-02	1.016539210115754016e-01
2.239887608922396339e+03	1.680513580061587520e-01	1.022861368298944307e-01	3.051335791637236894e-01	1.923407993590542930e-01	8.936462441060033512e-02	4.111540987803273539e-02	1.017080923524149305e-01
2.244725379136052197e+03	1.678560053090560888e-01	1.021517130133082901e-01	3.052566318121712197e-01	1.924262766331855667e-01	8.940347411261113930e-02	4.114394907353303987e-02	1.017619500460138632e-01
2.249563149349706237e+03	1.676617505190325930e-01	1.020180448213218322e-01	3.053789846940014319e-01	1.925112583924075971e-01	8.944211914195769608e-02	4.117234654158847401e-02	1.018154958895696183e-01
2.254400919563362095e+03	1.674685874583357881e-01	1.018851280010443089e-01	3.055006418874866569e-01	1.925957474938447544e-01	8.948056056063398433e-02	4.120060292824266612e-02	1.018687316702910489e-01
2.259238689777017044e+03	1.672765099840474445e-01	1.017529583235747548e-01	3.056216074458851240e-01	1.926797467784478468e-01	8.951879942522641964e-02	4.122871887724808421e-02	1.019216591654495685e-01
2.264076459990672902e+03	1.670855119878864314e-01	1.016215315838661093e-01	3.057418853976088258e-01	1.927632590710812999e-01	8.955683678694087435e-02	4.125669503006568900e-02	1.019742801424300405e-01
