1.001418434226643626e+03	2.811573457241721141e-01	1.792850218037762289e-01	2.345586978428902958e-01	1.408485971511088397e-01	6.831708665563829275e-02	2.680793202067722342e-02	6.902531880161230649e-02
1.003837319333471214e+03	2.807408560999947733e-01	1.790006942294080083e-01	2.348593222059777441e-01	1.410225590279937657e-01	6.839007220820463029e-02	2.685135601048959514e-02	6.913514021780682584e-02
1.006256204440298802e+03	2.803255431859466573e-01	1.787171691299048182e-01	2.351590733455141691e-01	1.411960021275154020e-01	6.846284820231053614e-02	2.689470536133876238e-02	6.924465864734505316e-02
1.008675089547126618e+03	2.799114036185018084e-01	1.784344442546777487e-01	2.354579537443660386e-01	1.413689282480604104e-01	6.853541528790267623e-02	2.693798002866862676e-02	6.935387481769816898e-02
1.011093974653954206e+03	2.794984340447602134e-01	1.781525173587056310e-01	2.357559658783123235e-01	1.415413391794518305e-01	6.860777411260926550e-02	2.698117996950045658e-02	6.946278945653579229e-02
1.013512859760782021e+03	2.790866311223826335e-01	1.778713862025484149e-01	2.360531122160663409e-01	1.417132367030144169e-01	6.867992532175079545e-02	2.702430514241988338e-02	6.957140329169302084e-02
1.015931744867609382e+03	2.786759915195270443e-01	1.775910485523595206e-01	2.363493952192974590e-01	1.418846225916390036e-01	6.875186955835065061e-02	2.706735550756397823e-02	6.967971705113794323e-02
1.018350629974437197e+03	2.782665119147859634e-01	1.773115021798969404e-01	2.366448173426527191e-01	1.420554986098462591e-01	6.882360746314569733e-02	2.711033102660839397e-02	6.978773146293956731e-02
1.020769515081264785e+03	2.778581889971256103e-01	1.770327448625337863e-01	2.369393810337784567e-01	1.422258665138498579e-01	6.889513967459680310e-02	2.715323166275463926e-02	6.989544725523644253e-02
1.023188400188092373e+03	2.774510194658255102e-01	1.767547743832675045e-01	2.372330887333416183e-01	1.423957280516187640e-01	6.896646682889930047e-02	2.719605738071739429e-02	7.000286515620561534e-02
1.025607285294920075e+03	2.770450000304197080e-01	1.764775885307284797e-01	2.375259428750510216e-01	1.425650849629389594e-01	6.903758955999333979e-02	2.723880814671195139e-02	7.010998589403225068e-02
1.028026170401747549e+03	2.766401274106395913e-01	1.762011850991876960e-01	2.378179458856785888e-01	1.427339389794743119e-01	6.910850849957435316e-02	2.728148392844170420e-02	7.021681019687954495e-02
1.030445055508575479e+03	2.762363983363564923e-01	1.759255618885635086e-01	2.381091001850804689e-01	1.429022918248271101e-01	6.917922427710319899e-02	2.732408469508575827e-02	7.032333879285929124e-02
1.032863940615402726e+03	2.758338095475268426e-01	1.756507167044276119e-01	2.383994081862179648e-01	1.430701452145974883e-01	6.924973751981645942e-02	2.736661041728660065e-02	7.042957241000283308e-02
1.035282825722230655e+03	2.754323577941373835e-01	1.753766473580104790e-01	2.386888722951782948e-01	1.432375008564427121e-01	6.932004885273655714e-02	2.740906106713786317e-02	7.053551177623254564e-02
1.037701710829058356e+03	2.750320398361516538e-01	1.751033516662055256e-01	2.389774949111955482e-01	1.434043604501352986e-01	6.939015889868191400e-02	2.745143661817217931e-02	7.064115761933374704e-02
1.040120595935886058e+03	2.746328524434574758e-01	1.748308274515731897e-01	2.392652784266712795e-01	1.435707256876209426e-01	6.946006827827692909e-02	2.749373704534910715e-02	7.074651066692702606e-02
1.042539481042713533e+03	2.742347923958153300e-01	1.745590725423439016e-01	2.395522252271949926e-01	1.437365982530754982e-01	6.952977760996204015e-02	2.753596232504313887e-02	7.085157164644112493e-02
1.044958366149541234e+03	2.738378564828077844e-01	1.742880847724203874e-01	2.398383376915647625e-01	1.439019798229615732e-01	6.959928751000353520e-02	2.757811243503181450e-02	7.095634128508618299e-02
1.047377251256368709e+03	2.734420415037895347e-01	1.740178619813796679e-01	2.401236181918075252e-01	1.440668720660844004e-01	6.966859859250355835e-02	2.762018735448387718e-02	7.106082030982746600e-02
1.049796136363196410e+03	2.730473442678388318e-01	1.737484020144739738e-01	2.404080690931993114e-01	1.442312766436470994e-01	6.973771146940978272e-02	2.766218706394755339e-02	7.116500944735949796e-02
1.052215021470024112e+03	2.726537615937088543e-01	1.734797027226314403e-01	2.406916927542855356e-01	1.443951952093054103e-01	6.980662675052524968e-02	2.770411154533888171e-02	7.126890942408069252e-02
1.054633906576851814e+03	2.722612903097806347e-01	1.732117619624560789e-01	2.409744915269010634e-01	1.445586294092218171e-01	6.987534504351801401e-02	2.774596078193013876e-02	7.137252096606827578e-02
1.057052791683679516e+03	2.718699272540167078e-01	1.729445775962270837e-01	2.412564677561902793e-01	1.447215808821190886e-01	6.994386695393081665e-02	2.778773475833833453e-02	7.147584479905376431e-02
1.059471676790506763e+03	2.714796692739149253e-01	1.726781474918977766e-01	2.415376237806269311e-01	1.448840512593332630e-01	7.001219308519063267e-02	2.782943346051380482e-02	7.157888164839880385e-02
1.061890561897334692e+03	2.710905132264637141e-01	1.724124695230940529e-01	2.418179619320339202e-01	1.450460421648660791e-01	7.008032403861820525e-02	2.787105687572885571e-02	7.168163223907131343e-02
1.064309447004162394e+03	2.707024559780977224e-01	1.721475415691121336e-01	2.420974845356032301e-01	1.452075552154368232e-01	7.014826041343746876e-02	2.791260499256651567e-02	7.178409729562228170e-02
1.066728332110990095e+03	2.703154944046541330e-01	1.718833615149160110e-01	2.423761939099153828e-01	1.453685920205336768e-01	7.021600280678502726e-02	2.795407780090933270e-02	7.188627754216264654e-02
1.069147217217817570e+03	2.699296253913296417e-01	1.716199272511343410e-01	2.426540923669592564e-01	1.455291541824644819e-01	7.028355181371943872e-02	2.799547529192828940e-02	7.198817370234084079e-02
1.071566102324645271e+03	2.695448458326381580e-01	1.713572366740570285e-01	2.429311822121513476e-01	1.456892432964070616e-01	7.035090802723049930e-02	2.803679745807175286e-02	7.208978649932051841e-02
1.073984987431472746e+03	2.691611526323692272e-01	1.710952876856310922e-01	2.432074657443553389e-01	1.458488609504588474e-01	7.041807203824856920e-02	2.807804429305453542e-02	7.219111665575882186e-02
1.076403872538300675e+03	2.687785427035467301e-01	1.708340781934565289e-01	2.434829452559014451e-01	1.460080087256862280e-01	7.048504443565364874e-02	2.811921579184700759e-02	7.229216489378485766e-02
1.078822757645127922e+03	2.683970129683887484e-01	1.705736061107814561e-01	2.437576230326055915e-01	1.461666881961731501e-01	7.055182580628456546e-02	2.816031195066429765e-02	7.239293193497869927e-02
1.081241642751955851e+03	2.680165603582672085e-01	1.703138693564969774e-01	2.440315013537887046e-01	1.463249009290694125e-01	7.061841673494800853e-02	2.820133276695558147e-02	7.249341850035066759e-02
1.083660527858783553e+03	2.676371818136688008e-01	1.700548658551317704e-01	2.443045824922956966e-01	1.464826484846383226e-01	7.068481780442757711e-02	2.824227823939339660e-02	7.259362531032101384e-02
1.086079412965611255e+03	2.672588742841563447e-01	1.697965935368460633e-01	2.445768687145146170e-01	1.466399324163039364e-01	7.075102959549274539e-02	2.828314836786308475e-02	7.269355308469986621e-02
1.088498298072438729e+03	2.668816347283300416e-01	1.695390503374257229e-01	2.448483622803954984e-01	1.467967542706977990e-01	7.081705268690773047e-02	2.832394315345229327e-02	7.279320254266764822e-02
1.090917183179266431e+03	2.665054601137901158e-01	1.692822341982754553e-01	2.451190654434692584e-01	1.469531155877052964e-01	7.088288765544038805e-02	2.836466259844052165e-02	7.289257440275580258e-02
1.093336068286093905e+03	2.661303474170992889e-01	1.690261430664121711e-01	2.453889804508666006e-01	1.471090179005112297e-01	7.094853507587095542e-02	2.840530670628877222e-02	7.299166938282780626e-02
1.095754953392921607e+03	2.657562936237462536e-01	1.687707748944577701e-01	2.456581095433367778e-01	1.472644627356453906e-01	7.101399552100085000e-02	2.844587548162928053e-02	7.309048820006056046e-02
1.098173838499749309e+03	2.653832957281091476e-01	1.685161276406317576e-01	2.459264549552660217e-01	1.474194516130272747e-01	7.107926956166135679e-02	2.848636893025525627e-02	7.318903157092611356e-02
1.100592723606577010e+03	2.650113507334196927e-01	1.682621992687435564e-01	2.461940189146963331e-01	1.475739860460105468e-01	7.114435776672226042e-02	2.852678705911078708e-02	7.328730021117370319e-02
1.103011608713404712e+03	2.646404556517280016e-01	1.680089877481845684e-01	2.464608036433439953e-01	1.477280675414270883e-01	7.120926070310043543e-02	2.856712987628072520e-02	7.338529483581213153e-02
1.105430493820231959e+03	2.642706075038673275e-01	1.677564910539198761e-01	2.467268113566179200e-01	1.478816975996303795e-01	7.127397893576835342e-02	2.860739739098071277e-02	7.348301615909244577e-02
1.107849378927059888e+03	2.639018033194195367e-01	1.675047071664797771e-01	2.469920442636382163e-01	1.480348777145387429e-01	7.133851302776264558e-02	2.864758961354722799e-02	7.358046489449092398e-02
1.110268264033887590e+03	2.635340401366811358e-01	1.672536340719512349e-01	2.472565045672542594e-01	1.481876093736778643e-01	7.140286354019241555e-02	2.868770655542772843e-02	7.367764175469238008e-02
1.112687149140715292e+03	2.631673150026294095e-01	1.670032697619688034e-01	2.475201944640631757e-01	1.483398940582231762e-01	7.146703103224777420e-02	2.872774822917085677e-02	7.377454745157381588e-02
1.115106034247542766e+03	2.628016249728889475e-01	1.667536122337054671e-01	2.477831161444279118e-01	1.484917332430416292e-01	7.153101606120804146e-02	2.876771464841670900e-02	7.387118269618826727e-02
1.117524919354370468e+03	2.624369671116987823e-01	1.665046594898634269e-01	2.480452717924953587e-01	1.486431283967330486e-01	7.159481918245008680e-02	2.880760582788717897e-02	7.396754819874909459e-02
1.119943804461197942e+03	2.620733384918796371e-01	1.662564095386643848e-01	2.483066635862144489e-01	1.487940809816711840e-01	7.165844094945658660e-02	2.884742178337635840e-02	7.406364466861438400e-02
1.122362689568025871e+03	2.617107361948017852e-01	1.660088603938398855e-01	2.485672936973540581e-01	1.489445924540443167e-01	7.172188191382412870e-02	2.888716253174102716e-02	7.415947281427182070e-02
1.124781574674853118e+03	2.613491573103529086e-01	1.657620100746213798e-01	2.488271642915210191e-01	1.490946642638954212e-01	7.178514262527140033e-02	2.892682809089118165e-02	7.425503334332371475e-02
1.127200459781681047e+03	2.609885989369066794e-01	1.655158566057300940e-01	2.490862775281779407e-01	1.492442978551620225e-01	7.184822363164729275e-02	2.896641847978064649e-02	7.435032696247238782e-02
1.129619344888508749e+03	2.606290581812912288e-01	1.652703980173667597e-01	2.493446355606609988e-01	1.493934946657155538e-01	7.191112547893889484e-02	2.900593371839775211e-02	7.444535437750580964e-02
1.132038229995336451e+03	2.602705321587586162e-01	1.650256323452011786e-01	2.496022405361977281e-01	1.495422561274004913e-01	7.197384871127947281e-02	2.904537382775606094e-02	7.454011629328344268e-02
1.134457115102163925e+03	2.599130179929536877e-01	1.647815576303615914e-01	2.498590945959246468e-01	1.496905836660728795e-01	7.203639387095644997e-02	2.908473882988519069e-02	7.463461341372248925e-02
1.136876000208991627e+03	2.595565128158840995e-01	1.645381719194240477e-01	2.501151998749048810e-01	1.498384787016387165e-01	7.209876149841930315e-02	2.912402874782167583e-02	7.472884644178427738e-02
1.139294885315819101e+03	2.592010137678900095e-01	1.642954732644013316e-01	2.503705585021456792e-01	1.499859426480918412e-01	7.216095213228734817e-02	2.916324360559988810e-02	7.482281607946096591e-02
1.141713770422646803e+03	2.588465179976144337e-01	1.640534597227321367e-01	2.506251726006158975e-01	1.501329769135514025e-01	7.222296630935759465e-02	2.920238342824304709e-02	7.491652302776252714e-02
1.144132655529474505e+03	2.584930226619738258e-01	1.638121293572697978e-01	2.508790442872636528e-01	1.502795829002991357e-01	7.228480456461248982e-02	2.924144824175426913e-02	7.500996798670396537e-02
1.146551540636302207e+03	2.581405249261284895e-01	1.635714802362710774e-01	2.511321756730333643e-01	1.504257620048162214e-01	7.234646743122756518e-02	2.928043807310769936e-02	7.510315165529272974e-02
1.148970425743129908e+03	2.577890219634541569e-01	1.633315104333847301e-01	2.513845688628833508e-01	1.505715156178196179e-01	7.240795544057916644e-02	2.931935295023968893e-02	7.519607473151646015e-02
1.151389310849957155e+03	2.574385109555129003e-01	1.630922180276400679e-01	2.516362259558027614e-01	1.507168451242983931e-01	7.246926912225207240e-02	2.935819290204004506e-02	7.528873791233094137e-02
1.153808195956785084e+03	2.570889890920247112e-01	1.628536011034352748e-01	2.518871490448291728e-01	1.508617519035494181e-01	7.253040900404698899e-02	2.939695795834333311e-02	7.538114189364829298e-02
1.156227081063612786e+03	2.567404535708394664e-01	1.626156577505257772e-01	2.521373402170654088e-01	1.510062373292127003e-01	7.259137561198814037e-02	2.943564814992025505e-02	7.547328737032536761e-02
1.158645966170440488e+03	2.563929015979090065e-01	1.623783860640123644e-01	2.523868015536968601e-01	1.511503027693067436e-01	7.265216947033073525e-02	2.947426350846906601e-02	7.556517503615246822e-02
1.161064851277267962e+03	2.560463303872588803e-01	1.621417841443293095e-01	2.526355351300083596e-01	1.512939495862631045e-01	7.271279110156834979e-02	2.951280406660707761e-02	7.565680558384219045e-02
1.163483736384095664e+03	2.557007371609615887e-01	1.619058500972324066e-01	2.528835430154011132e-01	1.514371791369610032e-01	7.277324102644039394e-02	2.955126985786220295e-02	7.574817970501859787e-02
1.165902621490923138e+03	2.553561191491087179e-01	1.616705820337868971e-01	2.531308272734098530e-01	1.515799927727613794e-01	7.283351976393938332e-02	2.958966091666456050e-02	7.583929809020652224e-02
1.168321506597751068e+03	2.550124735897842387e-01	1.614359780703553404e-01	2.533773899617193792e-01	1.517223918395407822e-01	7.289362783131833612e-02	2.962797727833814745e-02	7.593016142882115516e-02
1.170740391704578315e+03	2.546697977290373616e-01	1.612020363285852909e-01	2.536232331321817135e-01	1.518643776777247323e-01	7.295356574409794792e-02	2.966621897909256858e-02	7.602077040915779238e-02
1.173159276811406244e+03	2.543280888208560575e-01	1.609687549353972236e-01	2.538683588308325301e-01	1.520059516223211393e-01	7.301333401607383589e-02	2.970438605601481707e-02	7.611112571838188345e-02
1.175578161918233945e+03	2.539873441271405796e-01	1.607361320229718782e-01	2.541127690979080866e-01	1.521471150029529429e-01	7.307293315932372746e-02	2.974247854706112137e-02	7.620122804251922011e-02
1.177997047025061647e+03	2.536475609176772061e-01	1.605041657287380463e-01	2.543564659678617668e-01	1.522878691438908638e-01	7.313236368421457967e-02	2.978049649104884747e-02	7.629107806644634671e-02
1.180415932131889122e+03	2.533087364701122612e-01	1.602728541953600261e-01	2.545994514693805111e-01	1.524282153640856285e-01	7.319162609940968456e-02	2.981843992764844631e-02	7.638067647388117887e-02
1.182834817238716823e+03	2.529708680699260248e-01	1.600421955707250765e-01	2.548417276254018038e-01	1.525681549771999157e-01	7.325072091187569134e-02	2.985630889737548449e-02	7.647002394737383024e-02
1.185253702345544298e+03	2.526339530104071418e-01	1.598121880079308998e-01	2.550832964531296598e-01	1.527076892916401085e-01	7.330964862688965633e-02	2.989410344158270616e-02	7.655912116829766134e-02
1.187672587452371999e+03	2.522979885926273647e-01	1.595828296652728184e-01	2.553241599640514448e-01	1.528468196105876031e-01	7.336840974804598181e-02	2.993182360245215390e-02	7.664796881684043939e-02
1.190091472559199701e+03	2.519629721254158516e-01	1.593541187062313125e-01	2.555643201639540285e-01	1.529855472320300613e-01	7.342700477726332720e-02	2.996946942298737288e-02	7.673656757199585898e-02
1.192510357666027403e+03	2.516289009253341313e-01	1.591260532994591692e-01	2.558037790529402167e-01	1.531238734487921638e-01	7.348543421479156179e-02	3.000704094700562888e-02	7.682491811155503503e-02
1.194929242772855105e+03	2.512957723166512336e-01	1.588986316187686598e-01	2.560425386254448488e-01	1.532617995485660856e-01	7.354369855921855104e-02	3.004453821913020267e-02	7.691302111209838421e-02
1.197348127879682352e+03	2.509635836313187096e-01	1.586718518431188552e-01	2.562806008702512295e-01	1.533993268139419441e-01	7.360179830747698437e-02	3.008196128478274681e-02	7.700087724898752040e-02
1.199767012986510281e+03	2.506323322089460404e-01	1.584457121566026361e-01	2.565179677705072270e-01	1.535364565224376643e-01	7.365973395485114761e-02	3.011931019017568753e-02	7.708848719635752467e-02
1.202185898093337983e+03	2.503020153967761563e-01	1.582202107484340370e-01	2.567546413037415376e-01	1.536731899465287599e-01	7.371750599498363976e-02	3.015658498230467527e-02	7.717585162710917379e-02
1.204604783200165684e+03	2.499726305496609291e-01	1.579953458129351174e-01	2.569906234418794511e-01	1.538095283536777824e-01	7.377511491988208991e-02	3.019378570894108715e-02	7.726297121290158498e-02
1.207023668306993159e+03	2.496441750300371631e-01	1.577711155495230555e-01	2.572259161512591707e-01	1.539454730063635479e-01	7.383256121992577692e-02	3.023091241862460241e-02	7.734984662414479129e-02
1.209442553413820860e+03	2.493166462079023926e-01	1.575475181626973253e-01	2.574605213926475789e-01	1.540810251621100579e-01	7.388984538387226297e-02	3.026796516065581241e-02	7.743647852999266390e-02
1.211861438520648335e+03	2.489900414607910950e-01	1.573245518620266792e-01	2.576944411212562791e-01	1.542161860735152268e-01	7.394696789886397170e-02	3.030494398508887938e-02	7.752286759833598717e-02
1.214280323627476264e+03	2.486643581737507935e-01	1.571022148621359360e-01	2.579276772867575840e-01	1.543509569882792198e-01	7.400392925043472458e-02	3.034184894272427130e-02	7.760901449579563072e-02
1.216699208734303511e+03	2.483395937393184927e-01	1.568805053826932694e-01	2.581602318332999468e-01	1.544853391492327643e-01	7.406072992251624965e-02	3.037868008510151777e-02	7.769491988771588808e-02
1.219118093841131440e+03	2.480157455574972247e-01	1.566594216483969126e-01	2.583921066995242266e-01	1.546193337943649881e-01	7.411737039744462074e-02	3.041543746449203861e-02	7.778058443815809297e-02
1.221536978947959142e+03	2.476928110357326518e-01	1.564389618889622524e-01	2.586233038185791755e-01	1.547529421568510366e-01	7.417385115596672462e-02	3.045212113389202113e-02	7.786600880989424933e-02
1.223955864054786844e+03	2.473707875888898067e-01	1.562191243391087558e-01	2.588538251181369820e-01	1.548861654650797448e-01	7.423017267724663082e-02	3.048873114701533896e-02	7.795119366440088349e-02
1.226374749161614318e+03	2.470496726392300280e-01	1.559999072385468144e-01	2.590836725204092028e-01	1.550190049426805883e-01	7.428633543887191992e-02	3.052526755828651947e-02	7.803613966185310447e-02
1.228793634268442020e+03	2.467294636163880339e-01	1.557813088319647266e-01	2.593128479421620836e-01	1.551514618085508002e-01	7.434233991686006737e-02	3.056173042283378063e-02	7.812084746111871980e-02
1.231212519375269494e+03	2.464101579573489686e-01	1.555633273690155138e-01	2.595413532947323243e-01	1.552835372768820443e-01	7.439818658566468845e-02	3.059811979648210251e-02	7.820531771975258728e-02
1.233631404482097196e+03	2.460917531064257813e-01	1.553459611043039312e-01	2.597691904840425114e-01	1.554152325571868942e-01	7.445387591818178330e-02	3.063443573574633691e-02	7.828955109399104995e-02
1.236050289588924898e+03	2.457742465152365774e-01	1.551292082973733388e-01	2.599963614106163279e-01	1.555465488543252006e-01	7.450940838575595415e-02	3.067067829782440039e-02	7.837354823874656540e-02
1.238469174695752372e+03	2.454576356426821648e-01	1.549130672126924624e-01	2.602228679695943181e-01	1.556774873685300153e-01	7.456478445818662260e-02	3.070684754059047755e-02	7.845730980760241835e-02
1.240888059802580301e+03	2.451419179549235994e-01	1.546975361196424870e-01	2.604487120507488762e-01	1.558080492954334595e-01	7.462000460373409416e-02	3.074294352258829383e-02	7.854083645280768300e-02
1.243306944909407548e+03	2.448270909253600636e-01	1.544826132925037898e-01	2.606738955384999556e-01	1.559382358260923140e-01	7.467506928912577557e-02	3.077896630302443676e-02	7.862412882527222702e-02
1.245725830016235477e+03	2.445131520346065790e-01	1.542682970104428952e-01	2.608984203119299461e-01	1.560680481470134162e-01	7.472997897956214219e-02	3.081491594176171897e-02	7.870718757456188208e-02
1.248144715123063179e+03	2.442000987704719961e-01	1.540545855574993461e-01	2.611222882447991611e-01	1.561974874401788338e-01	7.478473413872288589e-02	3.085079249931258968e-02	7.879001334889376706e-02
1.250563600229890881e+03	2.438879286279372893e-01	1.538414772225726590e-01	2.613455012055608262e-01	1.563265548830706786e-01	7.483933522877282696e-02	3.088659603683259133e-02	7.887260679513176387e-02
1.252982485336718355e+03	2.435766391091333805e-01	1.536289702994091400e-01	2.615680610573762332e-01	1.564552516486960310e-01	7.489378271036799262e-02	3.092232661611386477e-02	7.895496855878200715e-02
1.255401370443546057e+03	2.432662277233197112e-01	1.534170630865888396e-01	2.617899696581299507e-01	1.565835789056113647e-01	7.494807704266144566e-02	3.095798429957870995e-02	7.903709928398869322e-02
1.257820255550373531e+03	2.429566919868624275e-01	1.532057538875124802e-01	2.620112288604445894e-01	1.567115378179468610e-01	7.500221868330929353e-02	3.099356915027317097e-02	7.911899961352987509e-02
1.260239140657201460e+03	2.426480294232130352e-01	1.529950410103882996e-01	2.622318405116962903e-01	1.568391295454305001e-01	7.505620808847653092e-02	3.102908123186069039e-02	7.920067018881341014e-02
1.262658025764028707e+03	2.423402375628869176e-01	1.527849227682191446e-01	2.624518064540289353e-01	1.569663552434120701e-01	7.511004571284285447e-02	3.106452060861578796e-02	7.928211164987308823e-02
1.265076910870856636e+03	2.420333139434420189e-01	1.525753974787892042e-01	2.626711285243696348e-01	1.570932160628868146e-01	7.516373200960854706e-02	3.109988734541781208e-02	7.936332463536484305e-02
1.267495795977684338e+03	2.417272561094575833e-01	1.523664634646511307e-01	2.628898085544433827e-01	1.572197131505188861e-01	7.521726743050018149e-02	3.113518150774469487e-02	7.944430978256304676e-02
1.269914681084511813e+03	2.414220616125131447e-01	1.521581190531129391e-01	2.631078483707878779e-01	1.573458476486647717e-01	7.527065242577646309e-02	3.117040316166680772e-02	7.952506772735694340e-02
1.272333566191339514e+03	2.411177280111674592e-01	1.519503625762249899e-01	2.633252497947681792e-01	1.574716206953963304e-01	7.532388744423386406e-02	3.120555237384079264e-02	7.960559910424733210e-02
1.274752451298167216e+03	2.408142528709375230e-01	1.517431923707669994e-01	2.635420146425916377e-01	1.575970334245238302e-01	7.537697293321234115e-02	3.124062921150350461e-02	7.968590454634313924e-02
1.277171336404994690e+03	2.405116337642777546e-01	1.515366067782349946e-01	2.637581447253224964e-01	1.577220869656185687e-01	7.542990933860103941e-02	3.127563374246595390e-02	7.976598468535824049e-02
1.279590221511822392e+03	2.402098682705592625e-01	1.513306041448284345e-01	2.639736418488963232e-01	1.578467824440354661e-01	7.548269710484384332e-02	3.131056603510730396e-02	7.984584015160842152e-02
1.282009106618650094e+03	2.399089539760491940e-01	1.511251828214371373e-01	2.641885078141349430e-01	1.579711209809354922e-01	7.553533667494506665e-02	3.134542615836892476e-02	7.992547157400832492e-02
1.284427991725477568e+03	2.396088884738901970e-01	1.509203411636284298e-01	2.644027444167606489e-01	1.580951036933077869e-01	7.558782849047492036e-02	3.138021418174846700e-02	8.000487958006863298e-02
1.286846876832305497e+03	2.393096693640797412e-01	1.507160775316341295e-01	2.646163534474109680e-01	1.582187316939917543e-01	7.564017299157511920e-02	3.141493017529398135e-02	8.008406479589330607e-02
1.289265761939132744e+03	2.390112942534500517e-01	1.505123902903377497e-01	2.648293366916531499e-01	1.583420060916987671e-01	7.569237061696437729e-02	3.144957420959811761e-02	8.016302784617687638e-02
1.291684647045960673e+03	2.387137607556474306e-01	1.503092778092615101e-01	2.650416959299982111e-01	1.584649279910338715e-01	7.574442180394386215e-02	3.148414635579230986e-02	8.024176935420196388e-02
1.294103532152788375e+03	2.384170664911122728e-01	1.501067384625535406e-01	2.652534329379156453e-01	1.585874984925172704e-01	7.579632698840270411e-02	3.151864668554104493e-02	8.032028994183673665e-02
1.296522417259616077e+03	2.381212090870588327e-01	1.499047706289749482e-01	2.654645494858476895e-01	1.587097186926056391e-01	7.584808660482332543e-02	3.155307527103613091e-02	8.039859022953263490e-02
1.298941302366443551e+03	2.378261861774551289e-01	1.497033726918870766e-01	2.656750473392237577e-01	1.588315896837132479e-01	7.589970108628696366e-02	3.158743218499106969e-02	8.047667083632208118e-02
1.301360187473271253e+03	2.375319954030029879e-01	1.495025430392385724e-01	2.658849282584742069e-01	1.589531125542328893e-01	7.595117086447886190e-02	3.162171750063542258e-02	8.055453237981634318e-02
1.303779072580098727e+03	2.372386344111181711e-01	1.493022800635528113e-01	2.660941939990452143e-01	1.590742883885566672e-01	7.600249636969379219e-02	3.165593129170920367e-02	8.063217547620346592e-02
1.306197957686926657e+03	2.369461008559104465e-01	1.491025821619149372e-01	2.663028463114124333e-01	1.591951182670967302e-01	7.605367803084121803e-02	3.169007363245737730e-02	8.070960074024628728e-02
1.308616842793753904e+03	2.366543923981639097e-01	1.489034477359592323e-01	2.665108869410952042e-01	1.593156032663055333e-01	7.610471627545063733e-02	3.172414459762431388e-02	8.078680878528060605e-02
1.311035727900581833e+03	2.363635067053172500e-01	1.487048751918563505e-01	2.667183176286708757e-01	1.594357444586963768e-01	7.615561152967685599e-02	3.175814426244835675e-02	8.086380022321337790e-02
1.313454613007409534e+03	2.360734414514442381e-01	1.485068629403006046e-01	2.669251401097887944e-01	1.595555429128633351e-01	7.620636421830516427e-02	3.179207270265639595e-02	8.094057566452105001e-02
1.315873498114237009e+03	2.357841943172341304e-01	1.483094093964973381e-01	2.671313561151839044e-01	1.596749996935013238e-01	7.625697476475655490e-02	3.182592999445845589e-02	8.101713571824790960e-02
1.318292383221064711e+03	2.354957629899722404e-01	1.481125129801502682e-01	2.673369673706912364e-01	1.597941158614260004e-01	7.630744359109292718e-02	3.185971621454241481e-02	8.109348099200459903e-02
1.320711268327892412e+03	2.352081451635205378e-01	1.479161721154488851e-01	2.675419755972595626e-01	1.599128924735933044e-01	7.635777111802216632e-02	3.189343144006860642e-02	8.116961209196674187e-02
1.323130153434719887e+03	2.349213385382983577e-01	1.477203852310557952e-01	2.677463825109652196e-01	1.600313305831190525e-01	7.640795776490330593e-02	3.192707574866462950e-02	8.124552962287348579e-02
1.325549038541547588e+03	2.346353408212631664e-01	1.475251507600942313e-01	2.679501898230262635e-01	1.601494312392982011e-01	7.645800394975162118e-02	3.196064921842008133e-02	8.132123418802633674e-02
1.327967923648375290e+03	2.343501497258914101e-01	1.473304671401354238e-01	2.681533992398159039e-01	1.602671954876241922e-01	7.650791008924365255e-02	3.199415192788139517e-02	8.139672638928796555e-02
1.330386808755202765e+03	2.340657629721594468e-01	1.471363328131861659e-01	2.683560124628764365e-01	1.603846243698079654e-01	7.655767659872231290e-02	3.202758395604662911e-02	8.147200682708105601e-02
1.332805693862030694e+03	2.337821782865244502e-01	1.469427462256762684e-01	2.685580311889329552e-01	1.605017189237967767e-01	7.660730389220185566e-02	3.206094538236042152e-02	8.154707610038738896e-02
1.335224578968857941e+03	2.334993934019054806e-01	1.467497058284461253e-01	2.687594571099069518e-01	1.606184801837930998e-01	7.665679238237285698e-02	3.209423628670885625e-02	8.162193480674677371e-02
1.337643464075685870e+03	2.332174060576646391e-01	1.465572100767341956e-01	2.689602919129301939e-01	1.607349091802732222e-01	7.670614248060718399e-02	3.212745674941443891e-02	8.169658354225631247e-02
1.340062349182513572e+03	2.329362139995882208e-01	1.463652574301647080e-01	2.691605372803579366e-01	1.608510069400056752e-01	7.675535459696297691e-02	3.216060685123111468e-02	8.177102290156954001e-02
1.342481234289341273e+03	2.326558149798679809e-01	1.461738463527352261e-01	2.693601948897829113e-01	1.609667744860696081e-01	7.680442914018947853e-02	3.219368667333925849e-02	8.184525347789571581e-02
1.344900119396168748e+03	2.323762067570824263e-01	1.459829753128043528e-01	2.695592664140484263e-01	1.610822128378729123e-01	7.685336651773201633e-02	3.222669629734076918e-02	8.191927586299922737e-02
1.347319004502996449e+03	2.320973870961782759e-01	1.457926427830792404e-01	2.697577535212622446e-01	1.611973230111704847e-01	7.690216713573679030e-02	3.225963580525413599e-02	8.199309064719897955e-02
1.349737889609823924e+03	2.318193537684517802e-01	1.456028472406034613e-01	2.699556578748097957e-01	1.613121060180819355e-01	7.695083139905573022e-02	3.229250527950964372e-02	8.206669841936790888e-02
1.352156774716651853e+03	2.315421045515303200e-01	1.454135871667446012e-01	2.701529811333674980e-01	1.614265628671094632e-01	7.699935971125132506e-02	3.232530480294447395e-02	8.214009976693258108e-02
1.354575659823479100e+03	2.312656372293540319e-01	1.452248610471821577e-01	2.703497249509164146e-01	1.615406945631555347e-01	7.704775247460141085e-02	3.235803445879797263e-02	8.221329527587278863e-02
1.356994544930307029e+03	2.309899495921572676e-01	1.450366673718952448e-01	2.705458909767552989e-01	1.616545021075403987e-01	7.709601009010394468e-02	3.239069433070684845e-02	8.228628553072134255e-02
1.359413430037134731e+03	2.307150394364505253e-01	1.448490046351504357e-01	2.707414808555140273e-01	1.617679864980194337e-01	7.714413295748169530e-02	3.242328450270048207e-02	8.235907111456378105e-02
1.361832315143962205e+03	2.304409045650020194e-01	1.446618713354895502e-01	2.709364962271669230e-01	1.618811487288004392e-01	7.719212147518703104e-02	3.245580505919622161e-02	8.243165260903820291e-02
1.364251200250789907e+03	2.301675427868197510e-01	1.444752659757176094e-01	2.711309387270456894e-01	1.619939897905608162e-01	7.723997604040656884e-02	3.248825608499474743e-02	8.250403059433523978e-02
1.366670085357617609e+03	2.298949519171331335e-01	1.442891870628907058e-01	2.713248099858529550e-01	1.621065106704644709e-01	7.728769704906585103e-02	3.252063766527543698e-02	8.257620564919795902e-02
1.369088970464445310e+03	2.296231297773750346e-01	1.441036331083039856e-01	2.715181116296750408e-01	1.622187123521788010e-01	7.733528489583404997e-02	3.255294988559179203e-02	8.264817835092194698e-02
1.371507855571272785e+03	2.293520741951639019e-01	1.439186026274794084e-01	2.717108452799953389e-01	1.623305958158913487e-01	7.738273997412849214e-02	3.258519283186687293e-02	8.271994927535536446e-02
1.373926740678100487e+03	2.290817830042857217e-01	1.437340941401540340e-01	2.719030125537071352e-01	1.624421620383265097e-01	7.743006267611933502e-02	3.261736659038880909e-02	8.279151899689914107e-02
1.376345625784927961e+03	2.288122540446762554e-01	1.435501061702678660e-01	2.720946150631269322e-01	1.625534119927620480e-01	7.747725339273414669e-02	3.264947124780628873e-02	8.286288808850715559e-02
1.378764510891755890e+03	2.285434851624030539e-01	1.433666372459519167e-01	2.722856544160072723e-01	1.626643466490454160e-01	7.752431251366243004e-02	3.268150689112410412e-02	8.293405712168652744e-02
1.381183395998583137e+03	2.282754742096479161e-01	1.431836858995163553e-01	2.724761322155495602e-01	1.627749669736100746e-01	7.757124042736016079e-02	3.271347360769875923e-02	8.300502666649793582e-02
1.383602281105411066e+03	2.280082190446890700e-01	1.430012506674385453e-01	2.726660500604169979e-01	1.628852739294917029e-01	7.761803752105432552e-02	3.274537148523407742e-02	8.307579729155599446e-02
1.386021166212238768e+03	2.277417175318836029e-01	1.428193300903512764e-01	2.728554095447477956e-01	1.629952684763440740e-01	7.766470418074743198e-02	3.277720061177681610e-02	8.314636956402970958e-02
1.388440051319066470e+03	2.274759675416498650e-01	1.426379227130308847e-01	2.730442122581676623e-01	1.631049515704550978e-01	7.771124079122189443e-02	3.280896107571239229e-02	8.321674404964299332e-02
1.390858936425893944e+03	2.272109669504499552e-01	1.424570270843854292e-01	2.732324597858025728e-01	1.632143241647626419e-01	7.775764773604457170e-02	3.284065296576054588e-02	8.328692131267513565e-02
1.393277821532721646e+03	2.269467136407722352e-01	1.422766417574429787e-01	2.734201537082918132e-01	1.633233872088700467e-01	7.780392539757115256e-02	3.287227637097113464e-02	8.335690191596151211e-02
1.395696706639549120e+03	2.266832055011140379e-01	1.420967652893398714e-01	2.736072956018004709e-01	1.634321416490620016e-01	7.785007415695056887e-02	3.290383138071985292e-02	8.342668642089415276e-02
1.398115591746377049e+03	2.264204404259641812e-01	1.419173962413089740e-01	2.737938870380323131e-01	1.635405884283196720e-01	7.789609439412936709e-02	3.293531808470407524e-02	8.349627538742249167e-02
1.400534476853204296e+03	2.261584163157858152e-01	1.417385331786680525e-01	2.739799295842421656e-01	1.636487284863362979e-01	7.794198648785607975e-02	3.296673657293865828e-02	8.356566937405410234e-02
1.402953361960032225e+03	2.258971310769990748e-01	1.415601746708080588e-01	2.741654248032487917e-01	1.637565627595323481e-01	7.798775081568559697e-02	3.299808693575185387e-02	8.363486893785547494e-02
1.405372247066859927e+03	2.256365826219639825e-01	1.413823192911816962e-01	2.743503742534473266e-01	1.638640921810707307e-01	7.803338775398341309e-02	3.302936926378115257e-02	8.370387463445294607e-02
1.407791132173687402e+03	2.253767688689632953e-01	1.412049656172916501e-01	2.745347794888219339e-01	1.639713176808717254e-01	7.807889767792999813e-02	3.306058364796925914e-02	8.377268701803348983e-02
1.410210017280515103e+03	2.251176877421854350e-01	1.410281122306790424e-01	2.747186420589581846e-01	1.640782401856279160e-01	7.812428096152505830e-02	3.309173017956001939e-02	8.384130664134575861e-02
1.412628902387342805e+03	2.248593371717074740e-01	1.408517577169120516e-01	2.749019635090555469e-01	1.641848606188190673e-01	7.816953797759178257e-02	3.312280895009442339e-02	8.390973405570102683e-02
1.415047787494170507e+03	2.246017150934782047e-01	1.406759006655743105e-01	2.750847453799400433e-01	1.642911799007268914e-01	7.821466909778110321e-02	3.315382005140659477e-02	8.397796981097421787e-02
1.417466672600997981e+03	2.243448194493012082e-01	1.405005396702535547e-01	2.752669892080762959e-01	1.643971989484495078e-01	7.825967469257588682e-02	3.318476357561987722e-02	8.404601445560502815e-02
1.419885557707825683e+03	2.240886481868180347e-01	1.403256733285300484e-01	2.754486965255801278e-01	1.645029186759160988e-01	7.830455513129516709e-02	3.321563961514290009e-02	8.411386853659898188e-02
1.422304442814653157e+03	2.238331992594913278e-01	1.401513002419653153e-01	2.756298688602308311e-01	1.646083399939012315e-01	7.834931078209830813e-02	3.324644826266565795e-02	8.418153259952868006e-02
1.424723327921481086e+03	2.235784706265881716e-01	1.399774190160907317e-01	2.758105077354834345e-01	1.647134638100392345e-01	7.839394201198914003e-02	3.327718961115566643e-02	8.424900718853496617e-02
1.427142213028308333e+03	2.233244602531633538e-01	1.398040282603961459e-01	2.759906146704810825e-01	1.648182910288383540e-01	7.843844918682013612e-02	3.330786375385414583e-02	8.431629284632813359e-02
1.429561098135136262e+03	2.230711661100427401e-01	1.396311265883186936e-01	2.761701911800670817e-01	1.649228225516948809e-01	7.848283267129653462e-02	3.333847078427216309e-02	8.438339011418928559e-02
1.431979983241963964e+03	2.228185861738066487e-01	1.394587126172314451e-01	2.763492387747971124e-01	1.650270592769072231e-01	7.852709282898041876e-02	3.336901079618689869e-02	8.445029953197163985e-02
1.434398868348791666e+03	2.225667184267734466e-01	1.392867849684320813e-01	2.765277589609516085e-01	1.651310020996898109e-01	7.857123002229482456e-02	3.339948388363785797e-02	8.451702163810186075e-02
1.436817753455619140e+03	2.223155608569827857e-01	1.391153422671318474e-01	2.767057532405475251e-01	1.652346519121868917e-01	7.861524461252775153e-02	3.342989014092318661e-02	8.458355696958153036e-02
1.439236638562446842e+03	2.220651114581795038e-01	1.389443831424443110e-01	2.768832231113507181e-01	1.653380096034862412e-01	7.865913695983627052e-02	3.346022966259595832e-02	8.464990606198855017e-02
1.441655523669274316e+03	2.218153682297969720e-01	1.387739062273742330e-01	2.770601700668878231e-01	1.654410760596328744e-01	7.870290742325053435e-02	3.349050254346047639e-02	8.471606944947865370e-02
1.444074408776102018e+03	2.215663291769409404e-01	1.386039101588063538e-01	2.772365955964584128e-01	1.655438521636425631e-01	7.874655636067776077e-02	3.352070887856869325e-02	8.478204766478686372e-02
1.446493293882929493e+03	2.213179923103732183e-01	1.384343935774944578e-01	2.774125011851468203e-01	1.656463387955153244e-01	7.879008412890624313e-02	3.355084876321653975e-02	8.484784123922908816e-02
1.448912178989757422e+03	2.210703556464952979e-01	1.382653551280501325e-01	2.775878883138341302e-01	1.657485368322486607e-01	7.883349108360933333e-02	3.358092229294038639e-02	8.491345070270372997e-02
1.451331064096585123e+03	2.208234172073324231e-01	1.380967934589319712e-01	2.777627584592102239e-01	1.658504471478510489e-01	7.887677757934936917e-02	3.361092956351346278e-02	8.497887658369325525e-02
1.453749949203412370e+03	2.205771750205172410e-01	1.379287072224343880e-01	2.779371130937854373e-01	1.659520706133549295e-01	7.891994396958160185e-02	3.364087067094232580e-02	8.504411940926587254e-02
1.456168834310240300e+03	2.203316271192738152e-01	1.377610950746767926e-01	2.781109536859025511e-01	1.660534080968299464e-01	7.896299060665812330e-02	3.367074571146334849e-02	8.510917970507725361e-02
1.458587719417068001e+03	2.200867715424015825e-01	1.375939556755924886e-01	2.782842816997486701e-01	1.661544604633958810e-01	7.900591784183179367e-02	3.370055478153925754e-02	8.517405799537221267e-02
1.461006604523895703e+03	2.198426063342593939e-01	1.374272876889179595e-01	2.784570985953667144e-01	1.662552285752356418e-01	7.904872602526008540e-02	3.373029797785567080e-02	8.523875480298644114e-02
1.463425489630723177e+03	2.195991295447494718e-01	1.372610897821818776e-01	2.786294058286674646e-01	1.663557132916080594e-01	7.909141550600899684e-02	3.375997539731767638e-02	8.530327064934835335e-02
1.465844374737550879e+03	2.193563392293017278e-01	1.370953606266943348e-01	2.788012048514412200e-01	1.664559154688605991e-01	7.913398663205679917e-02	3.378958713704641875e-02	8.536760605448084904e-02
1.468263259844378354e+03	2.191142334488576926e-01	1.369300988975359623e-01	2.789724971113691776e-01	1.665558359604422112e-01	7.917643975029795000e-02	3.381913329437574028e-02	8.543176153700321462e-02
1.470682144951206283e+03	2.188728102698548894e-01	1.367653032735472174e-01	2.791432840520354786e-01	1.666554756169157103e-01	7.921877520654690974e-02	3.384861396684882284e-02	8.549573761413291340e-02
1.473101030058033530e+03	2.186320677642110133e-01	1.366009724373175860e-01	2.793135671129385877e-01	1.667548352859704597e-01	7.926099334554187470e-02	3.387802925221487099e-02	8.555953480168757008e-02
1.475519915164861459e+03	2.183920040093082493e-01	1.364371050751748693e-01	2.794833477295029511e-01	1.668539158124346666e-01	7.930309451094862128e-02	3.390737924842580214e-02	8.562315361408684433e-02
1.477938800271689161e+03	2.181526170879776183e-01	1.362736998771745256e-01	2.796526273330905421e-01	1.669527180382877618e-01	7.934507904536418355e-02	3.393666405363298527e-02	8.568659456435440136e-02
1.480357685378516862e+03	2.179139050884834616e-01	1.361107555370890121e-01	2.798214073510121858e-01	1.670512428026727780e-01	7.938694729032069741e-02	3.396588376618399352e-02	8.574985816411992423e-02
1.482776570485344337e+03	2.176758661045077037e-01	1.359482707523970990e-01	2.799896892065393827e-01	1.671494909419083963e-01	7.942869958628906435e-02	3.399503848461935679e-02	8.581294492362112614e-02
