1.001418434226643626e+03	2.811396226834140810e-01	1.793068321261355180e-01	2.345457950862559759e-01	1.408404650748744102e-01	6.832106740939644651e-02	2.680625757414835386e-02	6.903996004565289557e-02
1.002869765290740247e+03	2.808896356359837920e-01	1.791361163579656690e-01	2.347262183082377274e-01	1.409448989537861185e-01	6.836488854059492859e-02	2.683230983636902128e-02	6.910593236694041741e-02
1.004321096354836754e+03	2.806400725843201660e-01	1.789656898012032815e-01	2.349063269578378077e-01	1.410491460948722631e-01	6.840863413104673885e-02	2.685833523466142625e-02	6.917179519593599779e-02
1.005772427418933376e+03	2.803909328004665635e-01	1.787955519693498196e-01	2.350861215719839137e-01	1.411532068861431621e-01	6.845230432152159261e-02	2.688433375952312826e-02	6.923754869088948050e-02
1.007223758483029997e+03	2.801422155578566775e-01	1.786257023766207042e-01	2.352656026866832839e-01	1.412570817144936097e-01	6.849589925248585065e-02	2.691030540165507620e-02	6.930319301008251720e-02
1.008675089547126618e+03	2.798939201313088154e-01	1.784561405379465893e-01	2.354447708370243086e-01	1.413607709657080935e-01	6.853941906410340734e-02	2.693625015196060915e-02	6.936872831182587518e-02
1.010126420611223239e+03	2.796460457970212365e-01	1.782868659689745006e-01	2.356236265571782507e-01	1.414642750244659852e-01	6.858286389623656498e-02	2.696216800154445370e-02	6.943415475445673113e-02
1.011577751675319632e+03	2.793985918325663786e-01	1.781178781860691118e-01	2.358021703804010216e-01	1.415675942743466476e-01	6.862623388844685257e-02	2.698805894171172129e-02	6.949947249633600665e-02
1.013029082739416367e+03	2.791515575168863061e-01	1.779491767063135776e-01	2.359804028390347641e-01	1.416707290978346245e-01	6.866952917999587236e-02	2.701392296396691595e-02	6.956468169584568983e-02
1.014480413803512761e+03	2.789049421302871590e-01	1.777807610475107825e-01	2.361583244645096835e-01	1.417736798763246930e-01	6.871274990984618802e-02	2.703976006001293855e-02	6.962978251138626784e-02
1.015931744867609382e+03	2.786587449544346562e-01	1.776126307281842565e-01	2.363359357873456024e-01	1.418764469901268588e-01	6.875589621666215734e-02	2.706557022175010499e-02	6.969477510137410403e-02
1.017383075931706003e+03	2.784129652723488224e-01	1.774447852675789805e-01	2.365132373371537644e-01	1.419790308184714633e-01	6.879896823881075096e-02	2.709135344127515388e-02	6.975965962423887057e-02
1.018834406995802851e+03	2.781676023683992693e-01	1.772772241856625242e-01	2.366902296426383612e-01	1.420814317395140414e-01	6.884196611436239899e-02	2.711710971088027167e-02	6.982443623842098102e-02
1.020285738059899245e+03	2.779226555283004219e-01	1.771099470031256562e-01	2.368669132315983916e-01	1.421836501303403166e-01	6.888488998109185135e-02	2.714283902305212465e-02	6.988910510236910623e-02
1.021737069123995752e+03	2.776781240391067995e-01	1.769429532413832606e-01	2.370432886309291054e-01	1.422856863669711702e-01	6.892773997647896889e-02	2.716854137047087017e-02	6.995366637453770409e-02
1.023188400188092373e+03	2.774340071892082427e-01	1.767762424225750861e-01	2.372193563666239458e-01	1.423875408243674145e-01	6.897051623770958373e-02	2.719421674600920602e-02	7.001812021338445213e-02
1.024639731252188767e+03	2.771903042683253049e-01	1.766098140695664398e-01	2.373951169637758540e-01	1.424892138764346505e-01	6.901321890167633200e-02	2.721986514273140242e-02	7.008246677736791608e-02
1.026091062316285615e+03	2.769470145675047013e-01	1.764436677059489089e-01	2.375705709465792126e-01	1.425907058960281804e-01	6.905584810497945869e-02	2.724548655389234103e-02	7.014670622494507957e-02
1.027542393380382237e+03	2.767041373791148118e-01	1.762778028560409160e-01	2.377457188383313991e-01	1.426920172549576427e-01	6.909840398392763650e-02	2.727108097293655387e-02	7.021083871456892944e-02
1.028993724444478858e+03	2.764616719968412961e-01	1.761122190448883018e-01	2.379205611614343685e-01	1.427931483239917587e-01	6.914088667453879844e-02	2.729664839349727964e-02	7.027486440468611040e-02
1.030445055508575479e+03	2.762196177156824306e-01	1.759469157982649912e-01	2.380950984373962909e-01	1.428940994728632174e-01	6.918329631254094281e-02	2.732218880939552355e-02	7.033878345373457963e-02
1.031896386572671872e+03	2.759779738319448339e-01	1.757818926426734096e-01	2.382693311868332997e-01	1.429948710702731718e-01	6.922563303337295193e-02	2.734770221463908579e-02	7.040259602014124762e-02
1.033347717636768493e+03	2.757367396432393591e-01	1.756171491053449552e-01	2.384432599294710187e-01	1.430954634838959572e-01	6.926789697218539710e-02	2.737318860342165608e-02	7.046630226231971605e-02
1.034799048700865114e+03	2.754959144484764866e-01	1.754526847142405532e-01	2.386168851841461713e-01	1.431958770803836711e-01	6.931008826384132959e-02	2.739864797012185257e-02	7.052990233866798797e-02
1.036250379764961508e+03	2.752554975478624932e-01	1.752884989980509622e-01	2.387902074688081910e-01	1.432961122253708364e-01	6.935220704291711336e-02	2.742408030930230597e-02	7.059339640756617795e-02
1.037701710829058356e+03	2.750154882428949565e-01	1.751245914861971620e-01	2.389632273005208862e-01	1.433961692834788970e-01	6.939425344370320214e-02	2.744948561570871928e-02	7.065678462737431942e-02
1.039153041893154750e+03	2.747758858363585910e-01	1.749609617088306868e-01	2.391359451954641058e-01	1.434960486183207151e-01	6.943622760020494444e-02	2.747486388426895187e-02	7.072006715643015806e-02
1.040604372957251599e+03	2.745366896323215289e-01	1.747976091968339862e-01	2.393083616689351545e-01	1.435957505925050948e-01	6.947812964614340225e-02	2.750021511009209663e-02	7.078324415304691752e-02
1.042055704021347992e+03	2.742978989361310460e-01	1.746345334818205641e-01	2.394804772353505140e-01	1.436952755676413063e-01	6.951995971495605886e-02	2.752553928846756051e-02	7.084631577551117609e-02
1.043507035085444613e+03	2.740595130544094538e-01	1.744717340961353946e-01	2.396522924082474526e-01	1.437946239043434160e-01	6.956171793979770701e-02	2.755083641486415214e-02	7.090928218208070177e-02
1.044958366149541234e+03	2.738215312950503799e-01	1.743092105728549779e-01	2.398238077002855517e-01	1.438937959622347273e-01	6.960340445354118444e-02	2.757610648492917968e-02	7.097214353098232897e-02
1.046409697213637855e+03	2.735839529672146608e-01	1.741469624457876453e-01	2.399950236232482603e-01	1.439927920999522493e-01	6.964501938877817877e-02	2.760134949448753497e-02	7.103489998040986297e-02
1.047861028277734476e+03	2.733467773813265667e-01	1.739849892494736150e-01	2.401659406880445602e-01	1.440916126751508597e-01	6.968656287781994918e-02	2.762656543954080182e-02	7.109755168852201213e-02
1.049312359341831097e+03	2.731100038490700266e-01	1.738232905191851307e-01	2.403365594047106035e-01	1.441902580445077742e-01	6.972803505269817292e-02	2.765175431626635746e-02	7.116009881344030619e-02
1.050763690405927491e+03	2.728736316833847986e-01	1.736618657909265173e-01	2.405068802824110175e-01	1.442887285637268202e-01	6.976943604516568087e-02	2.767691612101646353e-02	7.122254151324707017e-02
1.052215021470024112e+03	2.726376601984625836e-01	1.735007146014344026e-01	2.406769038294407359e-01	1.443870245875426006e-01	6.981076598669726241e-02	2.770205085031739872e-02	7.128487994598341204e-02
1.053666352534120733e+03	2.724020887097434729e-01	1.733398364881775233e-01	2.408466305532264429e-01	1.444851464697248233e-01	6.985202500849037321e-02	2.772715850086854977e-02	7.134711426964719660e-02
1.055117683598217127e+03	2.721669165339122842e-01	1.731792309893569193e-01	2.410160609603281268e-01	1.445830945630824649e-01	6.989321324146594017e-02	2.775223906954155453e-02	7.140924464219113033e-02
1.056569014662313975e+03	2.719321429888947317e-01	1.730188976439057946e-01	2.411851955564406624e-01	1.446808692194679613e-01	6.993433081626913850e-02	2.777729255337939643e-02	7.147127122152074907e-02
1.058020345726410369e+03	2.716977673938540394e-01	1.728588359914894901e-01	2.413540348463953655e-01	1.447784707897813716e-01	6.997537786327012732e-02	2.780231894959554403e-02	7.153319416549250298e-02
1.059471676790506763e+03	2.714637890691872224e-01	1.726990455725055384e-01	2.415225793341615190e-01	1.448758996239744579e-01	7.001635451256479903e-02	2.782731825557306637e-02	7.159501363191186907e-02
1.060923007854603611e+03	2.712302073365217003e-01	1.725395259280834148e-01	2.416908295228478720e-01	1.449731560710548206e-01	7.005726089397554257e-02	2.785229046886378984e-02	7.165672977853138059e-02
1.062374338918700232e+03	2.709970215187115783e-01	1.723802766000845088e-01	2.418587859147043051e-01	1.450702404790899236e-01	7.009809713705197898e-02	2.787723558718740655e-02	7.171834276304885070e-02
1.063825669982796853e+03	2.707642309398343716e-01	1.722212971311019303e-01	2.420264490111231903e-01	1.451671531952112570e-01	7.013886337107176627e-02	2.790215360843062431e-02	7.177985274310542951e-02
1.065277001046893474e+03	2.705318349251876198e-01	1.720625870644603983e-01	2.421938193126410566e-01	1.452638945656181957e-01	7.017955972504125173e-02	2.792704453064630971e-02	7.184125987628385557e-02
1.066728332110990095e+03	2.702998328012850560e-01	1.719041459442159636e-01	2.423608973189400606e-01	1.453604649355821066e-01	7.022018632769629065e-02	2.795190835205263805e-02	7.190256432010654064e-02
1.068179663175086489e+03	2.700682238958539427e-01	1.717459733151559809e-01	2.425276835288495414e-01	1.454568646494502071e-01	7.026074330750298191e-02	2.797674507103223296e-02	7.196376623203383505e-02
1.069630994239183110e+03	2.698370075378311306e-01	1.715880687227986368e-01	2.426941784403474356e-01	1.455530940506496174e-01	7.030123079265832020e-02	2.800155468613132331e-02	7.202486576946223740e-02
1.071082325303279504e+03	2.696061830573599494e-01	1.714304317133929501e-01	2.428603825505619984e-01	1.456491534816912459e-01	7.034164891109105644e-02	2.802633719605890708e-02	7.208586308972261825e-02
1.072533656367376352e+03	2.693757497857869887e-01	1.712730618339182997e-01	2.430262963557730249e-01	1.457450432841736476e-01	7.038199779046230842e-02	2.805109259968590479e-02	7.214675835007851312e-02
1.073984987431472746e+03	2.691457070556588782e-01	1.711159586320842307e-01	2.431919203514135708e-01	1.458407637987869376e-01	7.042227755816637957e-02	2.807582089604431994e-02	7.220755170772436005e-02
1.075436318495569594e+03	2.689160542007189014e-01	1.709591216563301763e-01	2.433572550320714789e-01	1.459363153653165102e-01	7.046248834133143901e-02	2.810052208432641321e-02	7.226824331978382032e-02
1.076887649559666215e+03	2.686867905559039427e-01	1.708025504558249585e-01	2.435223008914906284e-01	1.460316983226470078e-01	7.050263026682024314e-02	2.812519616388387336e-02	7.232883334330807157e-02
1.078338980623762609e+03	2.684579154573412674e-01	1.706462445804666772e-01	2.436870584225727387e-01	1.461269130087660961e-01	7.054270346123089896e-02	2.814984313422698795e-02	7.238932193527412851e-02
1.079790311687859230e+03	2.682294282423454135e-01	1.704902035808821825e-01	2.438515281173785632e-01	1.462219597607680444e-01	7.058270805089750244e-02	2.817446299502382109e-02	7.244970925258326089e-02
1.081241642751955851e+03	2.680013282494150273e-01	1.703344270084267142e-01	2.440157104671296928e-01	1.463168389148577220e-01	7.062264416189091565e-02	2.819905574609939125e-02	7.250999545205927266e-02
1.082692973816052472e+03	2.677736148182298659e-01	1.701789144151836242e-01	2.441796059622098058e-01	1.464115508063542070e-01	7.066251192001948844e-02	2.822362138743486626e-02	7.257018069044693376e-02
1.084144304880149093e+03	2.675462872896476885e-01	1.700236653539637377e-01	2.443432150921661661e-01	1.465060957696943666e-01	7.070231145082972457e-02	2.824815991916674110e-02	7.263026512441037030e-02
1.085595635944245487e+03	2.673193450057012588e-01	1.698686793783050764e-01	2.445065383457111774e-01	1.466004741384367982e-01	7.074204287960698945e-02	2.827267134158603645e-02	7.269024891053149640e-02
1.087046967008342108e+03	2.670927873095952365e-01	1.697139560424724414e-01	2.446695762107238548e-01	1.466946862452651879e-01	7.078170633137623180e-02	2.829715565513748685e-02	7.275013220530840430e-02
1.088498298072438729e+03	2.668666135457033461e-01	1.695594949014567476e-01	2.448323291742512675e-01	1.467887324219921685e-01	7.082130193090270531e-02	2.832161286041874615e-02	7.280991516515390727e-02
1.089949629136535123e+03	2.666408230595653239e-01	1.694052955109746905e-01	2.449947977225099549e-01	1.468826129995628171e-01	7.086082980269262088e-02	2.834604295817957920e-02	7.286959794639387422e-02
1.091400960200631971e+03	2.664154151978839757e-01	1.692513574274683852e-01	2.451569823408875359e-01	1.469763283080582073e-01	7.090029007099388214e-02	2.837044594932107422e-02	7.292918070526585583e-02
1.092852291264728365e+03	2.661903893085223460e-01	1.690976802081044783e-01	2.453188835139439306e-01	1.470698786766989896e-01	7.093968285979675159e-02	2.839482183489485181e-02	7.298866359791751635e-02
1.094303622328825213e+03	2.659657447405008868e-01	1.689442634107739538e-01	2.454805017254130528e-01	1.471632644338490281e-01	7.097900829283454449e-02	2.841917061610227044e-02	7.304804678040514865e-02
1.095754953392921607e+03	2.657414808439942377e-01	1.687911065940914668e-01	2.456418374582041708e-01	1.472564859070188137e-01	7.101826649358433663e-02	2.844349229429364925e-02	7.310733040869221711e-02
1.097206284457018228e+03	2.655175969703288952e-01	1.686382093173947883e-01	2.458028911944032668e-01	1.473495434228689338e-01	7.105745758526763045e-02	2.846778687096747362e-02	7.316651463864790039e-02
1.098657615521114849e+03	2.652940924719799365e-01	1.684855711407442225e-01	2.459636634152747026e-01	1.474424373072136529e-01	7.109658169085106283e-02	2.849205434776962489e-02	7.322559962604570372e-02
1.100108946585211470e+03	2.650709667025685223e-01	1.683331916249221072e-01	2.461241546012623849e-01	1.475351678850242432e-01	7.113563893304704344e-02	2.851629472649261712e-02	7.328458552656198777e-02
1.101560277649308091e+03	2.648482190168590655e-01	1.681810703314320643e-01	2.462843652319914034e-01	1.476277354804324815e-01	7.117462943431446254e-02	2.854050800907479216e-02	7.334347249577459482e-02
1.103011608713404712e+03	2.646258487707562890e-01	1.680292068224986390e-01	2.464442957862694461e-01	1.477201404167340637e-01	7.121355331685935708e-02	2.856469419759958758e-02	7.340226068916143320e-02
1.104462939777501106e+03	2.644038553213028386e-01	1.678776006610663840e-01	2.466039467420881592e-01	1.478123830163919628e-01	7.125241070263560461e-02	2.858885329429474223e-02	7.346095026209917278e-02
1.105914270841597499e+03	2.641822380266761194e-01	1.677262514107994429e-01	2.467633185766245629e-01	1.479044636010398150e-01	7.129120171334554779e-02	2.861298530153155717e-02	7.351954136986180166e-02
1.107365601905694348e+03	2.639609962461860748e-01	1.675751586360808565e-01	2.469224117662425777e-01	1.479963824914852233e-01	7.132992647044068824e-02	2.863709022182411162e-02	7.357803416761936333e-02
1.108816932969790741e+03	2.637401293402719671e-01	1.674243219020118412e-01	2.470812267864944123e-01	1.480881400077131149e-01	7.136858509512238047e-02	2.866116805782853091e-02	7.363642881043661048e-02
1.110268264033887590e+03	2.635196366705003790e-01	1.672737407744112614e-01	2.472397641121219514e-01	1.481797364688890728e-01	7.140717770834242861e-02	2.868521881234221971e-02	7.369472545327164503e-02
1.111719595097984211e+03	2.632995175995619386e-01	1.671234148198147695e-01	2.473980242170581434e-01	1.482711721933625548e-01	7.144570443080380806e-02	2.870924248830310915e-02	7.375292425097469684e-02
1.113170926162080832e+03	2.630797714912690433e-01	1.669733436054743059e-01	2.475560075744284716e-01	1.483624474986701691e-01	7.148416538296130385e-02	2.873323908878892829e-02	7.381102535828679145e-02
1.114622257226177226e+03	2.628603977105532508e-01	1.668235266993572663e-01	2.477137146565523973e-01	1.484535627015389769e-01	7.152256068502213515e-02	2.875720861701644079e-02	7.386902892983850111e-02
1.116073588290273847e+03	2.626413956234626701e-01	1.666739636701458915e-01	2.478711459349446922e-01	1.485445181178896845e-01	7.156089045694664919e-02	2.878115107634071634e-02	7.392693512014870960e-02
1.117524919354370468e+03	2.624227645971592415e-01	1.665246540872364622e-01	2.480283018803168260e-01	1.486353140628397795e-01	7.159915481844894569e-02	2.880506647025438821e-02	7.398474408362333554e-02
1.118976250418467089e+03	2.622045039999164051e-01	1.663755975207386051e-01	2.481851829625785488e-01	1.487259508507068340e-01	7.163735388899754308e-02	2.882895480238692118e-02	7.404245597455415273e-02
1.120427581482563710e+03	2.619866132011164361e-01	1.662267935414746267e-01	2.483417896508389733e-01	1.488164287950116127e-01	7.167548778781600294e-02	2.885281607650388297e-02	7.410007094711755504e-02
1.121878912546660331e+03	2.617690915712479471e-01	1.660782417209786532e-01	2.484981224134082400e-01	1.489067482084811544e-01	7.171355663388359614e-02	2.887665029650620871e-02	7.415758915537334905e-02
1.123330243610756725e+03	2.615519384819032789e-01	1.659299416314959918e-01	2.486541817177988223e-01	1.489969094030520191e-01	7.175156054593592736e-02	2.890045746642948624e-02	7.421501075326361607e-02
1.124781574674853118e+03	2.613351533057763909e-01	1.657818928459822427e-01	2.488099680307269135e-01	1.490869126898733132e-01	7.178949964246555959e-02	2.892423759044322404e-02	7.427233589461150476e-02
1.126232905738949967e+03	2.611187354166599750e-01	1.656340949381026606e-01	2.489654818181137597e-01	1.491767583793098539e-01	7.182737404172270801e-02	2.894799067285014696e-02	7.432956473312010703e-02
1.127684236803046360e+03	2.609026841894431237e-01	1.654865474822313220e-01	2.491207235450871860e-01	1.492664467809451667e-01	7.186518386171579509e-02	2.897171671808546067e-02	7.438669742237126459e-02
1.129135567867143209e+03	2.606869990001089432e-01	1.653392500534502652e-01	2.492756936759827624e-01	1.493559782035844830e-01	7.190292922021211675e-02	2.899541573071615433e-02	7.444373411582454192e-02
1.130586898931239830e+03	2.604716792257323332e-01	1.651922022275487956e-01	2.494303926743454414e-01	1.494453529552579873e-01	7.194061023473850847e-02	2.901908771544028584e-02	7.450067496681599122e-02
1.132038229995336451e+03	2.602567242444771556e-01	1.650454035810226538e-01	2.495848210029306957e-01	1.495345713432236212e-01	7.197822702258190042e-02	2.904273267708627759e-02	7.455752012855711153e-02
1.133489561059432845e+03	2.600421334355940695e-01	1.648988536910732383e-01	2.497389791237059620e-01	1.496236336739701911e-01	7.201577970078999746e-02	2.906635062061220520e-02	7.461426975413379403e-02
1.134940892123529466e+03	2.598279061794181999e-01	1.647525521356066891e-01	2.498928674978521391e-01	1.497125402532202831e-01	7.205326838617187590e-02	2.908994155110511057e-02	7.467092399650517021e-02
1.136392223187626087e+03	2.596140418573666397e-01	1.646064984932331388e-01	2.500464865857647823e-01	1.498012913859333717e-01	7.209069319529859410e-02	2.911350547378028716e-02	7.472748300850264036e-02
1.137843554251722708e+03	2.594005398519363403e-01	1.644606923432658796e-01	2.501998368470556011e-01	1.498898873763085116e-01	7.212805424450384473e-02	2.913704239398060350e-02	7.478394694282872179e-02
1.139294885315819101e+03	2.591873995467013914e-01	1.643151332657205865e-01	2.503529187405536538e-01	1.499783285277875022e-01	7.216535164988452378e-02	2.916055231717578841e-02	7.484031595205610510e-02
1.140746216379915950e+03	2.589746203263110225e-01	1.641698208413143178e-01	2.505057327243069287e-01	1.500666151430576634e-01	7.220258552730138280e-02	2.918403524896176493e-02	7.489659018862654394e-02
1.142197547444012343e+03	2.587622015764871053e-01	1.640247546514647936e-01	2.506582792555833716e-01	1.501547475240547769e-01	7.223975599237961176e-02	2.920749119505995292e-02	7.495276980484993912e-02
1.143648878508108737e+03	2.585501426840220995e-01	1.638799342782894797e-01	2.508105587908727729e-01	1.502427259719660013e-01	7.227686316050946358e-02	2.923092016131658560e-02	7.500885495290324223e-02
1.145100209572205586e+03	2.583384430367763884e-01	1.637353593046048106e-01	2.509625717858874339e-01	1.503305507872326474e-01	7.231390714684686472e-02	2.925432215370203301e-02	7.506484578482953973e-02
1.146551540636302207e+03	2.581271020236763358e-01	1.635910293139251348e-01	2.511143186955640538e-01	1.504182222695530369e-01	7.235088806631398417e-02	2.927769717831011850e-02	7.512074245253701210e-02
1.148002871700398828e+03	2.579161190347118993e-01	1.634469438904621319e-01	2.512657999740648962e-01	1.505057407178854723e-01	7.238780603359985799e-02	2.930104524135745611e-02	7.517654510779803179e-02
1.149454202764495449e+03	2.577054934609344650e-01	1.633031026191236190e-01	2.514170160747790095e-01	1.505931064304507627e-01	7.242466116316101377e-02	2.932436634918276358e-02	7.523225390224819176e-02
1.150905533828591842e+03	2.574952246944544054e-01	1.631595050855128848e-01	2.515679674503237817e-01	1.506803197047352771e-01	7.246145356922201186e-02	2.934766050824620318e-02	7.528786898738534794e-02
1.152356864892688463e+03	2.572853121284390254e-01	1.630161508759277456e-01	2.517186545525459951e-01	1.507673808374936086e-01	7.249818336577609768e-02	2.937092772512871555e-02	7.534339051456868941e-02
1.153808195956785084e+03	2.570757551571103972e-01	1.628730395773596296e-01	2.518690778325236024e-01	1.508542901247513224e-01	7.253485066658574287e-02	2.939416800653135362e-02	7.539881863501783632e-02
1.155259527020881706e+03	2.568665531757431397e-01	1.627301707774926609e-01	2.520192377405665596e-01	1.509410478618077867e-01	7.257145558518326989e-02	2.941738135927462333e-02	7.545415349981195174e-02
1.156710858084978327e+03	2.566577055806619767e-01	1.625875440647027714e-01	2.521691347262184357e-01	1.510276543432387819e-01	7.260799823487142091e-02	2.944056779029782453e-02	7.550939525988879797e-02
1.158162189149074720e+03	2.564492117692399042e-01	1.624451590280568403e-01	2.523187692382576897e-01	1.511141098628992763e-01	7.264447872872395462e-02	2.946372730665839865e-02	7.556454406604390384e-02
1.159613520213171569e+03	2.562410711398958596e-01	1.623030152573117224e-01	2.524681417246991133e-01	1.512004147139262011e-01	7.268089717958621521e-02	2.948685991553127647e-02	7.561960006892964881e-02
1.161064851277267962e+03	2.560332830920925562e-01	1.621611123429133605e-01	2.526172526327948309e-01	1.512865691887409492e-01	7.271725370007575684e-02	2.950996562420822242e-02	7.567456341905441641e-02
1.162516182341364356e+03	2.558258470263344297e-01	1.620194498759958412e-01	2.527661024090357977e-01	1.513725735790521776e-01	7.275354840258285716e-02	2.953304444009719268e-02	7.572943426678176160e-02
1.163967513405461204e+03	2.556187623441653622e-01	1.618780274483804793e-01	2.529146914991532991e-01	1.514584281758584727e-01	7.278978139927114177e-02	2.955609637072170726e-02	7.578421276232955028e-02
1.165418844469557826e+03	2.554120284481667391e-01	1.617368446525749293e-01	2.530630203481200047e-01	1.515441332694508758e-01	7.282595280207813937e-02	2.957912142372017689e-02	7.583889905576914059e-02
1.166870175533654447e+03	2.552056447419552287e-01	1.615959010817722141e-01	2.532110894001513013e-01	1.516296891494156029e-01	7.286206272271586459e-02	2.960211960684528895e-02	7.589349329702457791e-02
1.168321506597751068e+03	2.549996106301805066e-01	1.614551963298497261e-01	2.533588990987067358e-01	1.517150961046365709e-01	7.289811127267140090e-02	2.962509092796336216e-02	7.594799563587173452e-02
1.169772837661847461e+03	2.547939255185236451e-01	1.613147299913684496e-01	2.535064498864911253e-01	1.518003544232980617e-01	7.293409856320741402e-02	2.964803539505372204e-02	7.600240622193757400e-02
1.171224168725944082e+03	2.545885888136946162e-01	1.611745016615718229e-01	2.536537422054561675e-01	1.518854643928872483e-01	7.297002470536283203e-02	2.967095301620804870e-02	7.605672520469933251e-02
1.172675499790040703e+03	2.543835999234301815e-01	1.610345109363849614e-01	2.538007764968013280e-01	1.519704263001968314e-01	7.300588980995324773e-02	2.969384379962978701e-02	7.611095273348375545e-02
1.174126830854137097e+03	2.541789582564921157e-01	1.608947574124135471e-01	2.539475532009755621e-01	1.520552404313273986e-01	7.304169398757162646e-02	2.971670775363347353e-02	7.616508895746630647e-02
1.175578161918233945e+03	2.539746632226651535e-01	1.607552406869430794e-01	2.540940727576782576e-01	1.521399070716902002e-01	7.307743734858879181e-02	2.973954488664416751e-02	7.621913402567044582e-02
1.177029492982330339e+03	2.537707142327546017e-01	1.606159603579376816e-01	2.542403356058607344e-01	1.522244265060094803e-01	7.311312000315402237e-02	2.976235520719678479e-02	7.627308808696683928e-02
1.178480824046426733e+03	2.535671106985846190e-01	1.604769160240393511e-01	2.543863421837274097e-01	1.523087990183251139e-01	7.314874206119557909e-02	2.978513872393551143e-02	7.632695129007269208e-02
1.179932155110523581e+03	2.533638520329959398e-01	1.603381072845668220e-01	2.545320929287371303e-01	1.523930248919949382e-01	7.318430363242126035e-02	2.980789544561316881e-02	7.638072378355094394e-02
1.181383486174620202e+03	2.531609376498442643e-01	1.601995337395147601e-01	2.546775882776046163e-01	1.524771044096974171e-01	7.321980482631895715e-02	2.983062538109062037e-02	7.643440571580960297e-02
1.182834817238716823e+03	2.529583669639977606e-01	1.600611949895526520e-01	2.548228286663014597e-01	1.525610378534339451e-01	7.325524575215724976e-02	2.985332853933614361e-02	7.648799723510101012e-02
1.184286148302813444e+03	2.527561393913353993e-01	1.599230906360239179e-01	2.549678145300576237e-01	1.526448255045314006e-01	7.329062651898586578e-02	2.987600492942484032e-02	7.654149848952117308e-02
1.185737479366910065e+03	2.525542543487448444e-01	1.597852202809449396e-01	2.551125463033625529e-01	1.527284676436445054e-01	7.332594723563631844e-02	2.989865456053801898e-02	7.659490962700904459e-02
1.187188810431006686e+03	2.523527112541204542e-01	1.596475835270040888e-01	2.552570244199665050e-01	1.528119645507582947e-01	7.336120801072240627e-02	2.992127744196260153e-02	7.664823079534585637e-02
1.188640141495103080e+03	2.521515095263612838e-01	1.595101799775606732e-01	2.554012493128820505e-01	1.528953165051905039e-01	7.339640895264075426e-02	2.994387358309052657e-02	7.670146214215445291e-02
1.190091472559199701e+03	2.519506485853693079e-01	1.593730092366440476e-01	2.555452214143848488e-01	1.529785237855939284e-01	7.343155016957134129e-02	2.996644299341814574e-02	7.675460381489862538e-02
1.191542803623296322e+03	2.517501278520472008e-01	1.592360709089525594e-01	2.556889411560154812e-01	1.530615866699588656e-01	7.346663176947805518e-02	2.998898568254562691e-02	7.680765596088248715e-02
1.192994134687392716e+03	2.515499467482965046e-01	1.590993645998526329e-01	2.558324089685802827e-01	1.531445054356154467e-01	7.350165386010928947e-02	3.001150166017637830e-02	7.686061872724976596e-02
1.194445465751489564e+03	2.513501046970156860e-01	1.589628899153777419e-01	2.559756252821527855e-01	1.532272803592359955e-01	7.353661654899837363e-02	3.003399093611645171e-02	7.691349226098326275e-02
1.195896796815585958e+03	2.511506011220983048e-01	1.588266464622274110e-01	2.561185905260749407e-01	1.533099117168373604e-01	7.357151994346416979e-02	3.005645352027394579e-02	7.696627670890414386e-02
1.197348127879682352e+03	2.509514354484308485e-01	1.586906338477662992e-01	2.562613051289584498e-01	1.533923997837832454e-01	7.360636415061160009e-02	3.007888942265843357e-02	7.701897221767135815e-02
1.198799458943779200e+03	2.507526071018910674e-01	1.585548516800231456e-01	2.564037695186859311e-01	1.534747448347865417e-01	7.364114927733213245e-02	3.010129865338038307e-02	7.707157893378106805e-02
1.200250790007875821e+03	2.505541155093458650e-01	1.584192995676897142e-01	2.565459841224121407e-01	1.535569471439116040e-01	7.367587543030436337e-02	3.012368122265057443e-02	7.712409700356598341e-02
1.201702121071972442e+03	2.503559600986495215e-01	1.582839771201199619e-01	2.566879493665653045e-01	1.536390069845765816e-01	7.371054271599450369e-02	3.014603714077952051e-02	7.717652657319480636e-02
1.203153452136069063e+03	2.501581402986417513e-01	1.581488839473288999e-01	2.568296656768483954e-01	1.537209246295556386e-01	7.374515124065693372e-02	3.016836641817689790e-02	7.722886778867166235e-02
1.204604783200165684e+03	2.499606555391457596e-01	1.580140196599917057e-01	2.569711334782402989e-01	1.538027003509812585e-01	7.377970111033473055e-02	3.019066906535097100e-02	7.728112079583551730e-02
1.206056114264262078e+03	2.497635052509664388e-01	1.578793838694425300e-01	2.571123531949971452e-01	1.538843344203464636e-01	7.381419243086013993e-02	3.021294509290802649e-02	7.733328574035958081e-02
1.207507445328358699e+03	2.495666888658884253e-01	1.577449761876738021e-01	2.572533252506532531e-01	1.539658271085071195e-01	7.384862530785508972e-02	3.023519451155180435e-02	7.738536276775082046e-02
1.208958776392455093e+03	2.493702058166743230e-01	1.576107962273349539e-01	2.573940500680229060e-01	1.540471786856840442e-01	7.388299984673181442e-02	3.025741733208293927e-02	7.743735202334933732e-02
1.210410107456551941e+03	2.491740555370627330e-01	1.574768436017316142e-01	2.575345280692011296e-01	1.541283894214653116e-01	7.391731615269322986e-02	3.027961356539839166e-02	7.748925365232789408e-02
1.211861438520648335e+03	2.489782374617665051e-01	1.573431179248244161e-01	2.576747596755650793e-01	1.542094595848085004e-01	7.395157433073354381e-02	3.030178322249089604e-02	7.754106779969133223e-02
1.213312769584745183e+03	2.487827510264707942e-01	1.572096188112281634e-01	2.578147453077753726e-01	1.542903894440427470e-01	7.398577448563874170e-02	3.032392631444838851e-02	7.759279461027610014e-02
1.214764100648841804e+03	2.485875956678312571e-01	1.570763458762107490e-01	2.579544853857771436e-01	1.543711792668710225e-01	7.401991672198704464e-02	3.034604285245347949e-02	7.764443422874964251e-02
1.216215431712937971e+03	2.483927708234722476e-01	1.569432987356920994e-01	2.580939803288012091e-01	1.544518293203722969e-01	7.405400114414950608e-02	3.036813284778286728e-02	7.769598679961002563e-02
1.217666762777034819e+03	2.481982759319849852e-01	1.568104770062433151e-01	2.582332305553657337e-01	1.545323398710036489e-01	7.408802785629042820e-02	3.039019631180681774e-02	7.774745246718534064e-02
1.219118093841131440e+03	2.480041104329256119e-01	1.566778803050854763e-01	2.583722364832769514e-01	1.546127111846024582e-01	7.412199696236793089e-02	3.041223325598859870e-02	7.779883137563323170e-02
1.220569424905228061e+03	2.478102737668135269e-01	1.565455082500887829e-01	2.585109985296307200e-01	1.546929435263884600e-01	7.415590856613443749e-02	3.043424369188394568e-02	7.785012366894045188e-02
1.222020755969324682e+03	2.476167653751295272e-01	1.564133604597714444e-01	2.586495171108133539e-01	1.547730371609659927e-01	7.418976277113716045e-02	3.045622763114051029e-02	7.790132949092233583e-02
1.223472087033421303e+03	2.474235847003140032e-01	1.562814365532987360e-01	2.587877926425033448e-01	1.548529923523259966e-01	7.422355968071858712e-02	3.047818508549732588e-02	7.795244898522231403e-02
1.224923418097517697e+03	2.472307311857650514e-01	1.561497361504820269e-01	2.589258255396721942e-01	1.549328093638481785e-01	7.425729939801703483e-02	3.050011606678426634e-02	7.800348229531155198e-02
1.226374749161614318e+03	2.470382042758368923e-01	1.560182588717776431e-01	2.590636162165857459e-01	1.550124884583030105e-01	7.429098202596708111e-02	3.052202058692150832e-02	7.805442956448839509e-02
1.227826080225710712e+03	2.468460034158378724e-01	1.558870043382859505e-01	2.592011650868055184e-01	1.550920298978539225e-01	7.432460766730009105e-02	3.054389865791900388e-02	7.810529093587798011e-02
1.229277411289807560e+03	2.466541280520287704e-01	1.557559721717502454e-01	2.593384725631896481e-01	1.551714339440593282e-01	7.435817642454473075e-02	3.056575029187594619e-02	7.815606655243174938e-02
1.230728742353903954e+03	2.464625776316210215e-01	1.556251619945558939e-01	2.594755390578943333e-01	1.552507008578745684e-01	7.439168840002736982e-02	3.058757550098023525e-02	7.820675655692702066e-02
1.232180073418000802e+03	2.462713516027749960e-01	1.554945734297292215e-01	2.596123649823748880e-01	1.553298308996541588e-01	7.442514369587267808e-02	3.060937429750795746e-02	7.825736109196664014e-02
1.233631404482097196e+03	2.460804494145981680e-01	1.553642061009364583e-01	2.597489507473869641e-01	1.554088243291536220e-01	7.445854241400404194e-02	3.063114669382285479e-02	7.830788029997846900e-02
1.235082735546193817e+03	2.458898705171433663e-01	1.552340596324828514e-01	2.598852967629879385e-01	1.554876814055316525e-01	7.449188465614406396e-02	3.065289270237581479e-02	7.835831432321500867e-02
1.236534066610290438e+03	2.456996143614070260e-01	1.551041336493115264e-01	2.600214034385377460e-01	1.555664023873520319e-01	7.452517052381507634e-02	3.067461233570433626e-02	7.840866330375299842e-02
1.237985397674387059e+03	2.455096803993273846e-01	1.549744277770025713e-01	2.601572711827004336e-01	1.556449875325856547e-01	7.455840011833958503e-02	3.069630560643201930e-02	7.845892738349301287e-02
1.239436728738483680e+03	2.453200680837830105e-01	1.548449416417719271e-01	2.602929004034452709e-01	1.557234370986126104e-01	7.459157354084074154e-02	3.071797252726804484e-02	7.850910670415908732e-02
1.240888059802580301e+03	2.451307768685906940e-01	1.547156748704704987e-01	2.604282915080475824e-01	1.558017513422240430e-01	7.462469089224288421e-02	3.073961311100667157e-02	7.855920140729831525e-02
1.242339390866676695e+03	2.449418062085039483e-01	1.545866270905829898e-01	2.605634449030904687e-01	1.558799305196241769e-01	7.465775227327195451e-02	3.076122737052670864e-02	7.860921163428047365e-02
1.243790721930773088e+03	2.447531555592112607e-01	1.544577979302270143e-01	2.606983609944656388e-01	1.559579748864322046e-01	7.469075778445596892e-02	3.078281531879101945e-02	7.865913752629767608e-02
1.245242052994869937e+03	2.445648243773342612e-01	1.543291870181520420e-01	2.608330401873746873e-01	1.560358846976843128e-01	7.472370752612553235e-02	3.080437696884601173e-02	7.870897922436392857e-02
1.246693384058966330e+03	2.443768121204261401e-01	1.542007939837383435e-01	2.609674828863303153e-01	1.561136602078356805e-01	7.475660159841433783e-02	3.082591233382112744e-02	7.875873686931486595e-02
1.248144715123063179e+03	2.441891182469698995e-01	1.540726184569960189e-01	2.611016894951575518e-01	1.561913016707622004e-01	7.478944010125951336e-02	3.084742142692834324e-02	7.880841060180737712e-02
1.249596046187159800e+03	2.440017422163766048e-01	1.539446600685639988e-01	2.612356604169946972e-01	1.562688093397625322e-01	7.482222313440219097e-02	3.086890426146167779e-02	7.885800056231921651e-02
1.251047377251256421e+03	2.438146834889836911e-01	1.538169184497089614e-01	2.613693960542947670e-01	1.563461834675601014e-01	7.485495079738796464e-02	3.089036085079668176e-02	7.890750689114872651e-02
1.252498708315352815e+03	2.436279415260533265e-01	1.536893932323244172e-01	2.615028968088265460e-01	1.564234243063048202e-01	7.488762318956734831e-02	3.091179120838994862e-02	7.895692972841443502e-02
1.253950039379449436e+03	2.434415157897707460e-01	1.535620840489295702e-01	2.616361630816758099e-01	1.565005321075750855e-01	7.492024041009623381e-02	3.093319534777861507e-02	7.900626921405480563e-02
1.255401370443546057e+03	2.432554057432424754e-01	1.534349905326684582e-01	2.617691952732463245e-01	1.565775071223795833e-01	7.495280255793632107e-02	3.095457328257988222e-02	7.905552548782786293e-02
1.256852701507642678e+03	2.430696108504946662e-01	1.533081123173088423e-01	2.619019937832611222e-01	1.566543496011592040e-01	7.498530973185565940e-02	3.097592502649051255e-02	7.910469868931088722e-02
1.258304032571739299e+03	2.428841305764714575e-01	1.531814490372411519e-01	2.620345590107638345e-01	1.567310597937889294e-01	7.501776203042899438e-02	3.099725059328634069e-02	7.915378895790012304e-02
1.259755363635835920e+03	2.426989643870333113e-01	1.530550003274776250e-01	2.621668913541196910e-01	1.568076379495796091e-01	7.505015955203836464e-02	3.101854999682179814e-02	7.920279643281048776e-02
1.261206694699932314e+03	2.425141117489552911e-01	1.529287658236511416e-01	2.622989912110165744e-01	1.568840843172798483e-01	7.508250239487342104e-02	3.103982325102942752e-02	7.925172125307522464e-02
1.262658025764028707e+03	2.423295721299255079e-01	1.528027451620142529e-01	2.624308589784663526e-01	1.569603991450778113e-01	7.511479065693196788e-02	3.106107036991939338e-02	7.930056355754566688e-02
1.264109356828125556e+03	2.421453449985433715e-01	1.526769379794382653e-01	2.625624950528059331e-01	1.570365826806031095e-01	7.514702443602037929e-02	3.108229136757901384e-02	7.934932348489090459e-02
1.265560687892221949e+03	2.419614298243179529e-01	1.525513439134120741e-01	2.626938998296985961e-01	1.571126351709284941e-01	7.517920382975408489e-02	3.110348625817227833e-02	7.939800117359753495e-02
1.267012018956318798e+03	2.417778260776663746e-01	1.524259626020412761e-01	2.628250737041348262e-01	1.571885568625718266e-01	7.521132893555797228e-02	3.112465505593936185e-02	7.944659676196942633e-02
1.268463350020415419e+03	2.415945332299121173e-01	1.523007936840471421e-01	2.629560170704337008e-01	1.572643480014976614e-01	7.524339985066684500e-02	3.114579777519617398e-02	7.949511038812737129e-02
1.269914681084511813e+03	2.414115507532834382e-01	1.521758367987655902e-01	2.630867303222440556e-01	1.573400088331192437e-01	7.527541667212593601e-02	3.116691443033387313e-02	7.954354219000887849e-02
1.271366012148608434e+03	2.412288781209117050e-01	1.520510915861461587e-01	2.632172138525454841e-01	1.574155396023001474e-01	7.530737949679128240e-02	3.118800503581839467e-02	7.959189230536790893e-02
1.272817343212705055e+03	2.410465148068297869e-01	1.519265576867509515e-01	2.633474680536495582e-01	1.574909405533560791e-01	7.533928842133019721e-02	3.120906960618999304e-02	7.964016087177458458e-02
1.274268674276801676e+03	2.408644602859703887e-01	1.518022347417538054e-01	2.634774933172009392e-01	1.575662119300565989e-01	7.537114354222164414e-02	3.123010815606277329e-02	7.968834802661500794e-02
1.275720005340898297e+03	2.406827140341644133e-01	1.516781223929391242e-01	2.636072900341786540e-01	1.576413539756269522e-01	7.540294495575682043e-02	3.125112070012422971e-02	7.973645390709098446e-02
1.277171336404994690e+03	2.405012755281395465e-01	1.515542202827008800e-01	2.637368585948969835e-01	1.577163669327497908e-01	7.543469275803946217e-02	3.127210725313477740e-02	7.978447865021978669e-02
1.278622667469091539e+03	2.403201442455183690e-01	1.514305280540416687e-01	2.638661993890067947e-01	1.577912510435668103e-01	7.546638704498637162e-02	3.129306782992730823e-02	7.983242239283395991e-02
1.280073998533187932e+03	2.401393196648168582e-01	1.513070453505717117e-01	2.639953128054966514e-01	1.578660065496806097e-01	7.549802791232777810e-02	3.131400244540670508e-02	7.988028527158103076e-02
1.281525329597284326e+03	2.399588012654428892e-01	1.511837718165078281e-01	2.641241992326938126e-01	1.579406336921562459e-01	7.552961545560783752e-02	3.133491111454942551e-02	7.992806742292334066e-02
1.282976660661381175e+03	2.397785885276944862e-01	1.510607070966724363e-01	2.642528590582654546e-01	1.580151327115231208e-01	7.556114977018504875e-02	3.135579385240302996e-02	7.997576898313783766e-02
1.284427991725477568e+03	2.395986809327582401e-01	1.509378508364924987e-01	2.643812926692198917e-01	1.580895038477765635e-01	7.559263095123265608e-02	3.137665067408570291e-02	8.002339008831582667e-02
1.285879322789574417e+03	2.394190779627079213e-01	1.508152026819986058e-01	2.645095004519075754e-01	1.581637473403795235e-01	7.562405909373913493e-02	3.139748159478586431e-02	8.007093087436281675e-02
1.287330653853671038e+03	2.392397791005025365e-01	1.506927622798239497e-01	2.646374827920222050e-01	1.582378634282642638e-01	7.565543429250855267e-02	3.141828662976166309e-02	8.011839147699827135e-02
1.288781984917767431e+03	2.390607838299850796e-01	1.505705292772032966e-01	2.647652400746019485e-01	1.583118523498340535e-01	7.568675664216105436e-02	3.143906579434057463e-02	8.016577203175545563e-02
1.290233315981864052e+03	2.388820916358807278e-01	1.504485033219719881e-01	2.648927726840304420e-01	1.583857143429648340e-01	7.571802623713329294e-02	3.145981910391892206e-02	8.021307267398121443e-02
