1.001418434226643626e+03	2.811271944898802722e-01	1.793373025896618789e-01	2.345374097712649708e-01	1.409813101417403680e-01	6.807794912692594069e-02	2.687700135982399804e-02	6.906183252057615518e-02
1.002869765290740247e+03	2.808772684736154934e-01	1.791665659346544648e-01	2.347177770987277090e-01	1.410864207473274123e-01	6.812110188466072302e-02	2.690357603385154853e-02	6.912728982703622571e-02
1.004321096354836754e+03	2.806277662980258825e-01	1.789961184388536852e-01	2.348978300174813238e-01	1.411913426504514957e-01	6.816418132133535146e-02	2.693012348522896837e-02	6.919263778849682467e-02
1.005772427418933376e+03	2.803786872352473369e-01	1.788259596165314436e-01	2.350775690640975746e-01	1.412960762332294840e-01	6.820718757010793554e-02	2.695664369461054852e-02	6.925787658604910801e-02
1.007223758483029997e+03	2.801300305588114714e-01	1.786560889826630805e-01	2.352569947742280954e-01	1.414006218767972223e-01	6.825012076387140803e-02	2.698313664292741054e-02	6.932300640057470487e-02
1.008675089547126618e+03	2.798817955436397331e-01	1.784865060529289282e-01	2.354361076826061439e-01	1.415049799613135595e-01	6.829298103525413555e-02	2.700960231138625767e-02	6.938802741274460728e-02
1.010126420611223239e+03	2.796339814660382395e-01	1.783172103437155598e-01	2.356149083230483776e-01	1.416091508659644838e-01	6.833576851662057083e-02	2.703604068146810840e-02	6.945293980301797676e-02
1.011577751675319632e+03	2.793865876036925044e-01	1.781482013721171209e-01	2.357933972284565749e-01	1.417131349689671471e-01	6.837848334007184947e-02	2.706245173492702327e-02	6.951774375164107567e-02
1.013029082739416367e+03	2.791396132356621096e-01	1.779794786559365238e-01	2.359715749308193000e-01	1.418169326475738623e-01	6.842112563744645604e-02	2.708883545378885926e-02	6.958243943864612924e-02
1.014480413803512761e+03	2.788930576423756524e-01	1.778110417136865851e-01	2.361494419612135687e-01	1.419205442780762383e-01	6.846369554032080695e-02	2.711519182035002778e-02	6.964702704385031251e-02
1.015931744867609382e+03	2.786469201056255840e-01	1.776428900645913023e-01	2.363269988498066521e-01	1.420239702358088718e-01	6.850619318000988889e-02	2.714152081717622136e-02	6.971150674685462623e-02
1.017383075931706003e+03	2.784011999085632683e-01	1.774750232285867979e-01	2.365042461258575479e-01	1.421272108951534829e-01	6.854861868756784160e-02	2.716782242710118200e-02	6.977587872704293925e-02
1.018834406995802851e+03	2.781558963356938752e-01	1.773074407263223740e-01	2.366811843177189512e-01	1.422302666295427731e-01	6.859097219378865185e-02	2.719409663322545218e-02	6.984014316358090613e-02
1.020285738059899245e+03	2.779110086728716067e-01	1.771401420791615944e-01	2.368578139528386417e-01	1.423331378114642554e-01	6.863325382920669460e-02	2.722034341891513276e-02	6.990430023541502336e-02
1.021737069123995752e+03	2.776665362072947563e-01	1.769731268091830900e-01	2.370341355577613440e-01	1.424358248124640847e-01	6.867546372409737143e-02	2.724656276780064793e-02	6.996835012127167186e-02
1.023188400188092373e+03	2.774224782275008239e-01	1.768063944391815023e-01	2.372101496581303093e-01	1.425383280031508881e-01	6.871760200847770728e-02	2.727275466377551694e-02	7.003229299965614552e-02
1.024639731252188767e+03	2.771788340233621306e-01	1.766399444926683715e-01	2.373858567786890084e-01	1.426406477531995398e-01	6.875966881210697490e-02	2.729891909099510863e-02	7.009612904885176299e-02
1.026091062316285615e+03	2.769356028860808228e-01	1.764737764938728581e-01	2.375612574432827973e-01	1.427427844313548799e-01	6.880166426448729167e-02	2.732505603387542018e-02	7.015985844691891016e-02
1.027542393380382237e+03	2.766927841081842088e-01	1.763078899677425482e-01	2.377363521748604436e-01	1.428447384054354619e-01	6.884358849486423015e-02	2.735116547709185927e-02	7.022348137169416582e-02
1.028993724444478858e+03	2.764503769835205960e-01	1.761422844399442023e-01	2.379111414954759585e-01	1.429465100423372437e-01	6.888544163222737327e-02	2.737724740557800907e-02	7.028699800078948290e-02
1.030445055508575479e+03	2.762083808072543500e-01	1.759769594368643664e-01	2.380856259262900954e-01	1.430480997080372796e-01	6.892722380531099424e-02	2.740330180452442421e-02	7.035040851159130026e-02
1.031896386572671872e+03	2.759667948758616762e-01	1.758119144856100935e-01	2.382598059875720153e-01	1.431495077675972727e-01	6.896893514259459790e-02	2.742932865937739925e-02	7.041371308125971007e-02
1.033347717636768493e+03	2.757256184871261229e-01	1.756471491140094432e-01	2.384336821987009525e-01	1.432507345851672109e-01	6.901057577230351736e-02	2.745532795583778551e-02	7.047691188672768059e-02
1.034799048700865114e+03	2.754848509401342516e-01	1.754826628506121478e-01	2.386072550781677681e-01	1.433517805239890863e-01	6.905214582240949694e-02	2.748129967985974212e-02	7.054000510470022356e-02
1.036250379764961508e+03	2.752444915352712518e-01	1.753184552246900008e-01	2.387805251435766440e-01	1.434526459464002257e-01	6.909364542063131664e-02	2.750724381764957371e-02	7.060299291165363089e-02
1.037701710829058356e+03	2.750045395742167775e-01	1.751545257662375232e-01	2.389534929116466089e-01	1.435533312138369821e-01	6.913507469443536113e-02	2.753316035566449188e-02	7.066587548383478079e-02
1.039153041893154750e+03	2.747649943599408395e-01	1.749908740059721579e-01	2.391261588982132869e-01	1.436538366868382044e-01	6.917643377103621649e-02	2.755904928061144246e-02	7.072865299726029120e-02
1.040604372957251599e+03	2.745258551966994198e-01	1.748274994753349909e-01	2.392985236182303133e-01	1.437541627250486509e-01	6.921772277739723922e-02	2.758491057944590513e-02	7.079132562771588144e-02
1.042055704021347992e+03	2.742871213900303640e-01	1.746644017064909182e-01	2.394705875857710553e-01	1.438543096872224869e-01	6.925894184023115296e-02	2.761074423937068950e-02	7.085389355075563667e-02
1.043507035085444613e+03	2.740487922467495507e-01	1.745015802323290344e-01	2.396423513140302219e-01	1.439542779312267540e-01	6.930009108600060364e-02	2.763655024783476938e-02	7.091635694170132787e-02
1.044958366149541234e+03	2.738108670749465623e-01	1.743390345864629376e-01	2.398138153153253627e-01	1.440540678140447284e-01	6.934117064091878391e-02	2.766232859253207541e-02	7.097871597564171797e-02
1.046409697213637855e+03	2.735733451839809649e-01	1.741767643032311463e-01	2.399849801010985051e-01	1.441536796917793073e-01	6.938218063094996058e-02	2.768807926140032932e-02	7.104097082743195124e-02
1.047861028277734476e+03	2.733362258844779791e-01	1.740147689176971546e-01	2.401558461819177925e-01	1.442531139196563672e-01	6.942312118181007130e-02	2.771380224261985742e-02	7.110312167169287323e-02
1.049312359341831097e+03	2.730995084883251489e-01	1.738530479656497374e-01	2.403264140674789273e-01	1.443523708520280391e-01	6.946399241896732135e-02	2.773949752461242826e-02	7.116516868281044794e-02
1.050763690405927491e+03	2.728631923086680122e-01	1.736916009836031449e-01	2.404966842666068638e-01	1.444514508423761501e-01	6.950479446764271096e-02	2.776516509604006269e-02	7.122711203493509169e-02
1.052215021470024112e+03	2.726272766599064923e-01	1.735304275087972137e-01	2.406666572872572796e-01	1.445503542433153599e-01	6.954552745281061821e-02	2.779080494580388888e-02	7.128895190198115961e-02
1.053666352534120733e+03	2.723917608576910121e-01	1.733695270791976439e-01	2.408363336365181850e-01	1.446490814065964914e-01	6.958619149919940960e-02	2.781641706304296274e-02	7.135068845762629342e-02
1.055117683598217127e+03	2.721566442189188861e-01	1.732088992334958610e-01	2.410057138206115335e-01	1.447476326831097226e-01	6.962678673129192586e-02	2.784200143713311607e-02	7.141232187531090791e-02
1.056569014662313975e+03	2.719219260617304346e-01	1.730485435111093206e-01	2.411747983448946642e-01	1.448460084228879730e-01	6.966731327332612023e-02	2.786755805768579425e-02	7.147385232823763590e-02
1.058020345726410369e+03	2.716876057055054861e-01	1.728884594521813978e-01	2.413435877138619956e-01	1.449442089751098450e-01	6.970777124929557200e-02	2.789308691454690445e-02	7.153527998937077303e-02
1.059471676790506763e+03	2.714536824708596030e-01	1.727286465975814977e-01	2.415120824311463577e-01	1.450422346881029556e-01	6.974816078295006938e-02	2.791858799779566719e-02	7.159660503143575050e-02
1.060923007854603611e+03	2.712201556796407509e-01	1.725691044889050285e-01	2.416802829995207957e-01	1.451400859093470164e-01	6.978848199779619232e-02	2.794406129774347491e-02	7.165782762691871866e-02
1.062374338918700232e+03	2.709870246549253570e-01	1.724098326684732896e-01	2.418481899208998753e-01	1.452377629854769980e-01	6.982873501709778441e-02	2.796950680493274013e-02	7.171894794806593643e-02
1.063825669982796853e+03	2.707542887210150351e-01	1.722508306793335275e-01	2.420158036963414028e-01	1.453352662622862390e-01	6.986891996387659121e-02	2.799492451013576091e-02	7.177996616688335496e-02
1.065277001046893474e+03	2.705219472034331440e-01	1.720920980652588250e-01	2.421831248260478131e-01	1.454325960847294985e-01	6.990903696091278763e-02	2.802031440435358289e-02	7.184088245513617355e-02
1.066728332110990095e+03	2.702899994289211794e-01	1.719336343707480175e-01	2.423501538093677798e-01	1.455297527969260651e-01	6.994908613074551917e-02	2.804567647881488213e-02	7.190169698434836776e-02
1.068179663175086489e+03	2.700584447254354425e-01	1.717754391410254433e-01	2.425168911447976861e-01	1.456267367421626990e-01	6.998906759567348479e-02	2.807101072497480629e-02	7.196240992580220375e-02
1.069630994239183110e+03	2.698272824221435440e-01	1.716175119220409995e-01	2.426833373299831509e-01	1.457235482628967960e-01	7.002898147775540871e-02	2.809631713451388180e-02	7.202302145053790516e-02
1.071082325303279504e+03	2.695965118494212387e-01	1.714598522604697528e-01	2.428494928617206117e-01	1.458201877007592739e-01	7.006882789881070661e-02	2.812159569933687236e-02	7.208353172935318132e-02
1.072533656367376352e+03	2.693661323388488738e-01	1.713024597037118568e-01	2.430153582359587117e-01	1.459166553965576818e-01	7.010860698041990191e-02	2.814684641157166531e-02	7.214394093280285247e-02
1.073984987431472746e+03	2.691361432232082240e-01	1.711453337998924684e-01	2.431809339477998821e-01	1.460129516902790026e-01	7.014831884392526418e-02	2.817206926356816479e-02	7.220424923119843352e-02
1.075436318495569594e+03	2.689065438364792726e-01	1.709884740978612205e-01	2.433462204915019522e-01	1.461090769210926510e-01	7.018796361043128096e-02	2.819726424789717467e-02	7.226445679460778704e-02
1.076887649559666215e+03	2.686773335138368801e-01	1.708318801471921389e-01	2.435112183604793701e-01	1.462050314273535268e-01	7.022754140080526841e-02	2.822243135734929520e-02	7.232456379285474857e-02
1.078338980623762609e+03	2.684485115916475650e-01	1.706755514981834476e-01	2.436759280473050349e-01	1.463008155466047622e-01	7.026705233567787090e-02	2.824757058493381628e-02	7.238457039551876582e-02
1.079790311687859230e+03	2.682200774074662841e-01	1.705194877018570976e-01	2.438403500437114346e-01	1.463964296155805811e-01	7.030649653544354671e-02	2.827268192387761420e-02	7.244447677193460722e-02
1.081241642751955851e+03	2.679920303000335458e-01	1.703636883099585442e-01	2.440044848405923672e-01	1.464918739702093520e-01	7.034587412026122033e-02	2.829776536762406564e-02	7.250428309119198722e-02
1.082692973816052472e+03	2.677643696092719683e-01	1.702081528749563866e-01	2.441683329280044390e-01	1.465871489456163079e-01	7.038518521005471262e-02	2.832282090983194792e-02	7.256398952213523323e-02
1.084144304880149093e+03	2.675370946762834490e-01	1.700528809500420624e-01	2.443318947951684528e-01	1.466822548761263223e-01	7.042442992451332373e-02	2.834784854437435650e-02	7.262359623336304970e-02
1.085595635944245487e+03	2.673102048433457778e-01	1.698978720891294036e-01	2.444951709304708509e-01	1.467771920952668785e-01	7.046360838309234653e-02	2.837284826533761212e-02	7.268310339322812952e-02
1.087046967008342108e+03	2.670836994539098619e-01	1.697431258468543591e-01	2.446581618214653531e-01	1.468719609357707068e-01	7.050272070501358013e-02	2.839782006702018177e-02	7.274251116983697363e-02
1.088498298072438729e+03	2.668575778525965614e-01	1.695886417785745226e-01	2.448208679548741773e-01	1.469665617295786986e-01	7.054176700926589882e-02	2.842276394393160321e-02	7.280181973104953019e-02
1.089949629136535123e+03	2.666318393851939139e-01	1.694344194403686610e-01	2.449832898165897610e-01	1.470609948078425433e-01	7.058074741460573787e-02	2.844767989079140594e-02	7.286102924447900031e-02
1.091400960200631971e+03	2.664064833986538594e-01	1.692804583890363812e-01	2.451454278916760099e-01	1.471552605009275039e-01	7.061966203955764854e-02	2.847256790252804259e-02	7.292013987749151882e-02
1.092852291264728365e+03	2.661815092410895200e-01	1.691267581820976584e-01	2.453072826643699911e-01	1.472493591384152478e-01	7.065851100241478389e-02	2.849742797427782387e-02	7.297915179720596002e-02
1.094303622328825213e+03	2.659569162617720917e-01	1.689733183777923364e-01	2.454688546180831821e-01	1.473432910491063730e-01	7.069729442123945384e-02	2.852226010138384990e-02	7.303806517049368785e-02
1.095754953392921607e+03	2.657327038111282902e-01	1.688201385350796280e-01	2.456301442354029141e-01	1.474370565610232664e-01	7.073601241386359706e-02	2.854706427939496249e-02	7.309688016397833388e-02
1.097206284457018228e+03	2.655088712407369655e-01	1.686672182136376708e-01	2.457911519980940651e-01	1.475306560014126300e-01	7.077466509788937765e-02	2.857184050406466960e-02	7.315559694403558910e-02
1.098657615521114849e+03	2.652854179033266591e-01	1.685145569738630555e-01	2.459518783871002257e-01	1.476240896967482008e-01	7.081325259068962930e-02	2.859658877135010449e-02	7.321421567679300968e-02
1.100108946585211470e+03	2.650623431527726614e-01	1.683621543768701601e-01	2.461123238825453641e-01	1.477173579727334984e-01	7.085177500940838258e-02	2.862130907741097796e-02	7.327273652812979488e-02
1.101560277649308091e+03	2.648396463440942927e-01	1.682100099844907048e-01	2.462724889637350478e-01	1.478104611543041846e-01	7.089023247096142011e-02	2.864600141860852711e-02	7.333115966367662053e-02
1.103011608713404712e+03	2.646173268334517936e-01	1.680581233592732537e-01	2.464323741091580533e-01	1.479033995656309775e-01	7.092862509203674837e-02	2.867066579150447450e-02	7.338948524881543090e-02
1.104462939777501106e+03	2.643953839781439386e-01	1.679064940644825754e-01	2.465919797964877258e-01	1.479961735301220382e-01	7.096695298909508343e-02	2.869530219285999773e-02	7.344771344867935536e-02
1.105914270841597499e+03	2.641738171366050381e-01	1.677551216640990606e-01	2.467513065025833952e-01	1.480887833704255807e-01	7.100521627837043381e-02	2.871991061963467817e-02	7.350584442815245867e-02
1.107365601905694348e+03	2.639526256684023853e-01	1.676040057228181668e-01	2.469103547034919577e-01	1.481812294084324799e-01	7.104341507587053073e-02	2.874449106898548795e-02	7.356387835186965762e-02
1.108816932969790741e+03	2.637318089342334249e-01	1.674531458060497802e-01	2.470691248744489865e-01	1.482735119652787703e-01	7.108154949737742478e-02	2.876904353826575597e-02	7.362181538421654070e-02
1.110268264033887590e+03	2.635113662959231440e-01	1.673025414799176325e-01	2.472276174898803969e-01	1.483656313613482824e-01	7.111961965844786071e-02	2.879356802502413062e-02	7.367965568932924314e-02
1.111719595097984211e+03	2.632912971164213523e-01	1.671521923112586627e-01	2.473858330234038616e-01	1.484575879162749468e-01	7.115762567441392961e-02	2.881806452700358748e-02	7.373739943109430817e-02
1.113170926162080832e+03	2.630716007598000727e-01	1.670020978676224066e-01	2.475437719478300880e-01	1.485493819489455414e-01	7.119556766038344364e-02	2.884253304214038152e-02	7.379504677314861760e-02
1.114622257226177226e+03	2.628522765912509884e-01	1.668522577172703580e-01	2.477014347351643719e-01	1.486410137775020235e-01	7.123344573124049117e-02	2.886697356856306185e-02	7.385259787887925309e-02
1.116073588290273847e+03	2.626333239770827221e-01	1.667026714291752199e-01	2.478588218566079027e-01	1.487324837193439719e-01	7.127126000164593633e-02	2.889138610459143774e-02	7.391005291142342670e-02
1.117524919354370468e+03	2.624147422847182276e-01	1.665533385730202931e-01	2.480159337825591226e-01	1.488237920911311130e-01	7.130901058603791864e-02	2.891577064873559685e-02	7.396741203366830053e-02
1.118976250418467089e+03	2.621965308826922914e-01	1.664042587191988387e-01	2.481727709826153094e-01	1.489149392087858181e-01	7.134669759863232485e-02	2.894012719969488168e-02	7.402467540825101444e-02
1.120427581482563710e+03	2.619786891406489793e-01	1.662554314388133836e-01	2.483293339255738807e-01	1.490059253874954359e-01	7.138432115342333018e-02	2.896445575635690772e-02	7.408184319755854730e-02
1.121878912546660331e+03	2.617612164293390276e-01	1.661068563036749157e-01	2.484856230794336429e-01	1.490967509417147341e-01	7.142188136418382849e-02	2.898875631779655737e-02	7.413891556372766145e-02
1.123330243610756725e+03	2.615441121206175112e-01	1.659585328863023013e-01	2.486416389113964842e-01	1.491874161851683145e-01	7.145937834446594583e-02	2.901302888327499108e-02	7.419589266864483335e-02
1.124781574674853118e+03	2.613273755874409576e-01	1.658104607599214797e-01	2.487973818878685128e-01	1.492779214308529445e-01	7.149681220760155387e-02	2.903727345223865858e-02	7.425277467394621189e-02
1.126232905738949967e+03	2.611110062038653479e-01	1.656626394984648254e-01	2.489528524744615001e-01	1.493682669910399718e-01	7.153418306670276949e-02	2.906149002431832398e-02	7.430956174101757683e-02
1.127684236803046360e+03	2.608950033450432304e-01	1.655150686765703150e-01	2.491080511359943517e-01	1.494584531772777114e-01	7.157149103466237117e-02	2.908567859932807351e-02	7.436625403099428322e-02
1.129135567867143209e+03	2.606793663872215006e-01	1.653677478695808056e-01	2.492629783364943563e-01	1.495484803003937491e-01	7.160873622415435402e-02	2.910983917726434056e-02	7.442285170476123368e-02
1.130586898931239830e+03	2.604640947077387358e-01	1.652206766535433691e-01	2.494176345391987126e-01	1.496383486704973009e-01	7.164591874763436008e-02	2.913397175830493777e-02	7.447935492295282289e-02
1.132038229995336451e+03	2.602491876850231423e-01	1.650738546052084588e-01	2.495720202065557780e-01	1.497280585969814337e-01	7.168303871734021948e-02	2.915807634280808205e-02	7.453576384595299309e-02
1.133489561059432845e+03	2.600346446985898896e-01	1.649272813020291328e-01	2.497261358002265397e-01	1.498176103885255073e-01	7.172009624529240845e-02	2.918215293131142321e-02	7.459207863389513693e-02
1.134940892123529466e+03	2.598204651290387246e-01	1.647809563221602769e-01	2.498799817810857804e-01	1.499070043530974228e-01	7.175709144329452116e-02	2.920620152453110366e-02	7.464829944666215300e-02
1.136392223187626087e+03	2.596066483580515838e-01	1.646348792444578824e-01	2.500335586092237716e-01	1.499962407979558709e-01	7.179402442293371378e-02	2.923022212336076966e-02	7.470442644388640419e-02
1.137843554251722708e+03	2.593931937683901512e-01	1.644890496484781306e-01	2.501868667439474114e-01	1.500853200296526080e-01	7.183089529558125963e-02	2.925421472887062765e-02	7.476045978494975930e-02
1.139294885315819101e+03	2.591801007438938043e-01	1.643434671144767545e-01	2.503399066437815290e-01	1.501742423540347593e-01	7.186770417239296549e-02	2.927817934230650745e-02	7.481639962898355145e-02
1.140746216379915950e+03	2.589673686694770605e-01	1.641981312234081225e-01	2.504926787664704668e-01	1.502630080762470122e-01	7.190445116430968509e-02	2.930211596508888738e-02	7.487224613486864744e-02
1.142197547444012343e+03	2.587549969311271902e-01	1.640530415569244616e-01	2.506451835689792462e-01	1.503516175007337530e-01	7.194113638205776318e-02	2.932602459881196444e-02	7.492799946123546162e-02
1.143648878508108737e+03	2.585429849159021076e-01	1.639081976973750243e-01	2.507974215074949553e-01	1.504400709312415096e-01	7.197775993614952128e-02	2.934990524524271407e-02	7.498365976646399755e-02
1.145100209572205586e+03	2.583313320119278722e-01	1.637635992278052843e-01	2.509493930374281367e-01	1.505283686708210056e-01	7.201432193688374339e-02	2.937375790631994305e-02	7.503922720868384799e-02
1.146551540636302207e+03	2.581200376083964132e-01	1.636192457319560756e-01	2.511010986134142309e-01	1.506165110218293524e-01	7.205082249434610620e-02	2.939758258415335959e-02	7.509470194577423652e-02
1.148002871700398828e+03	2.579091010955635865e-01	1.634751367942627598e-01	2.512525386893146861e-01	1.507044982859322979e-01	7.208726171840966479e-02	2.942137928102264710e-02	7.515008413536412857e-02
1.149454202764495449e+03	2.576985218647463993e-01	1.633312719998543661e-01	2.514037137182184578e-01	1.507923307641063082e-01	7.212363971873536617e-02	2.944514799937652388e-02	7.520537393483220368e-02
1.150905533828591842e+03	2.574882993083212335e-01	1.631876509345528969e-01	2.515546241524433957e-01	1.508800087566408432e-01	7.215995660477242390e-02	2.946888874183183765e-02	7.526057150130695261e-02
1.152356864892688463e+03	2.572784328197212922e-01	1.630442731848721905e-01	2.517052704435373545e-01	1.509675325631404108e-01	7.219621248575887329e-02	2.949260151117262876e-02	7.531567699166676066e-02
1.153808195956785084e+03	2.570689217934346016e-01	1.629011383380173095e-01	2.518556530422796924e-01	1.510549024825267317e-01	7.223240747072200152e-02	2.951628631034922470e-02	7.537069056253993538e-02
1.155259527020881706e+03	2.568597656250014571e-01	1.627582459818835425e-01	2.520057723986826592e-01	1.511421188130408211e-01	7.226854166847877792e-02	2.953994314247731720e-02	7.542561237030484533e-02
1.156710858084978327e+03	2.566509637110127029e-01	1.626155957050555434e-01	2.521556289619925617e-01	1.512291818522452091e-01	7.230461518763633966e-02	2.956357201083705671e-02	7.548044257108987853e-02
1.158162189149074720e+03	2.564425154491072334e-01	1.624731870968065539e-01	2.523052231806912071e-01	1.513160918970259672e-01	7.234062813659247748e-02	2.958717291887214343e-02	7.553518132077367830e-02
1.159613520213171569e+03	2.562344202379698288e-01	1.623310197470973493e-01	2.524545555024972909e-01	1.514028492435947615e-01	7.237658062353603816e-02	2.961074587018893561e-02	7.558982877498510167e-02
1.161064851277267962e+03	2.560266774773289900e-01	1.621890932465755442e-01	2.526036263743672294e-01	1.514894541874910461e-01	7.241247275644745185e-02	2.963429086855553368e-02	7.564438508910342751e-02
1.162516182341364356e+03	2.558192865679550509e-01	1.620474071865745380e-01	2.527524362424972693e-01	1.515759070235840056e-01	7.244830464309910678e-02	2.965780791790088855e-02	7.569885041825834271e-02
1.163967513405461204e+03	2.556122469116575147e-01	1.619059611591127379e-01	2.529009855523242090e-01	1.516622080460747479e-01	7.248407639105586275e-02	2.968129702231391692e-02	7.575322491733015029e-02
1.165418844469557826e+03	2.554055579112835539e-01	1.617647547568925315e-01	2.530492747485269533e-01	1.517483575484981917e-01	7.251978810767550909e-02	2.970475818604261312e-02	7.580750874094981107e-02
1.166870175533654447e+03	2.551992189707153469e-01	1.616237875732995655e-01	2.531973042750275682e-01	1.518343558237252588e-01	7.255543990010916711e-02	2.972819141349314354e-02	7.586170204349906854e-02
1.168321506597751068e+03	2.549932294948682454e-01	1.614830592024016631e-01	2.533450745749930011e-01	1.519202031639647898e-01	7.259103187530178969e-02	2.975159670922898278e-02	7.591580497911058767e-02
1.169772837661847461e+03	2.547875888896886099e-01	1.613425692389480193e-01	2.534925860908360251e-01	1.520058998607656531e-01	7.262656413999259153e-02	2.977497407797003587e-02	7.596981770166806591e-02
1.171224168725944082e+03	2.545822965621518108e-01	1.612023172783682012e-01	2.536398392642167932e-01	1.520914462050186600e-01	7.266203680071549320e-02	2.979832352459175701e-02	7.602374036480634423e-02
1.172675499790040703e+03	2.543773519202598976e-01	1.610623029167713161e-01	2.537868345360438371e-01	1.521768424869586467e-01	7.269744996379956525e-02	2.982164505412426836e-02	7.607757312191155974e-02
1.174126830854137097e+03	2.541727543730397110e-01	1.609225257509450391e-01	2.539335723464756223e-01	1.522620889961663893e-01	7.273280373536950005e-02	2.984493867175150653e-02	7.613131612612128452e-02
1.175578161918233945e+03	2.539685033305409401e-01	1.607829853783546425e-01	2.540800531349218239e-01	1.523471860215705742e-01	7.276809822134600036e-02	2.986820438281035175e-02	7.618496953032463659e-02
1.177029492982330339e+03	2.537645982038338466e-01	1.606436813971421906e-01	2.542262773400444931e-01	1.524321338514498803e-01	7.280333352744632058e-02	2.989144219278976750e-02	7.623853348716244649e-02
1.178480824046426733e+03	2.535610384050071553e-01	1.605046134061255403e-01	2.543722453997593891e-01	1.525169327734348379e-01	7.283850975918458592e-02	2.991465210732993305e-02	7.629200814902738215e-02
1.179932155110523581e+03	2.533578233471664998e-01	1.603657810047973142e-01	2.545179577512373115e-01	1.526015830745097446e-01	7.287362702187237529e-02	2.993783413222140394e-02	7.634539366806417093e-02
1.181383486174620202e+03	2.531549524444317023e-01	1.602271837933241239e-01	2.546634148309054324e-01	1.526860850410146631e-01	7.290868542061902657e-02	2.996098827340424806e-02	7.639869019616962742e-02
1.182834817238716823e+03	2.529524251119353306e-01	1.600888213725454867e-01	2.548086170744483514e-01	1.527704389586473921e-01	7.294368506033215016e-02	2.998411453696719908e-02	7.645189788499294481e-02
1.184286148302813444e+03	2.527502407658204220e-01	1.599506933439729106e-01	2.549535649168095386e-01	1.528546451124652705e-01	7.297862604571805911e-02	3.000721292914681343e-02	7.650501688593576433e-02
1.185737479366910065e+03	2.525483988232385957e-01	1.598127993097890887e-01	2.550982587921926670e-01	1.529387037868872035e-01	7.301350848128218551e-02	3.003028345632663410e-02	7.655804735015239726e-02
1.187188810431006686e+03	2.523468987023479992e-01	1.596751388728467613e-01	2.552426991340627227e-01	1.530226152656954663e-01	7.304833247132953844e-02	3.005332612503634065e-02	7.661098942854993599e-02
1.188640141495103080e+03	2.521457398223111990e-01	1.595377116366678005e-01	2.553868863751475038e-01	1.531063798320376201e-01	7.308309811996512029e-02	3.007634094195092700e-02	7.666384327178850377e-02
1.190091472559199701e+03	2.519449216032935701e-01	1.594005172054423491e-01	2.555308209474386749e-01	1.531899977684284542e-01	7.311780553109439862e-02	3.009932791388985479e-02	7.671660903028139356e-02
1.191542803623296322e+03	2.517444434664610209e-01	1.592635551840277663e-01	2.556745032821930441e-01	1.532734693567517625e-01	7.315245480842366699e-02	3.012228704781624508e-02	7.676928685419522058e-02
1.192994134687392716e+03	2.515443048339781051e-01	1.591268251779477116e-01	2.558179338099339506e-01	1.533567948782622592e-01	7.318704605546053066e-02	3.014521835083602830e-02	7.682187689345014447e-02
1.194445465751489564e+03	2.513445051290060239e-01	1.589903267933911735e-01	2.559611129604524304e-01	1.534399746135874654e-01	7.322157937551435070e-02	3.016812183019714974e-02	7.687437929772006351e-02
1.195896796815585958e+03	2.511450437757009602e-01	1.588540596372114699e-01	2.561040411628085489e-01	1.535230088427295414e-01	7.325605487169660479e-02	3.019099749328872651e-02	7.692679421643278115e-02
1.197348127879682352e+03	2.509459201992117472e-01	1.587180233169253607e-01	2.562467188453326217e-01	1.536058978450670076e-01	7.329047264692138686e-02	3.021384534764025298e-02	7.697912179877021421e-02
1.198799458943779200e+03	2.507471338256783144e-01	1.585822174407119645e-01	2.563891464356264915e-01	1.536886418993567149e-01	7.332483280390579561e-02	3.023666540092076818e-02	7.703136219366854553e-02
1.200250790007875821e+03	2.505486840822294670e-01	1.584466416174118986e-01	2.565313243605646387e-01	1.537712412837356490e-01	7.335913544517036478e-02	3.025945766093807165e-02	7.708351554981848763e-02
1.201702121071972442e+03	2.503505703969811647e-01	1.583112954565262243e-01	2.566732530462956796e-01	1.538536962757226512e-01	7.339338067303947943e-02	3.028222213563789428e-02	7.713558201566546313e-02
1.203153452136069063e+03	2.501527921990345793e-01	1.581761785682155308e-01	2.568149329182433660e-01	1.539360071522203055e-01	7.342756858964183397e-02	3.030495883310311070e-02	7.718756173940981291e-02
1.204604783200165684e+03	2.499553489184741517e-01	1.580412905632989085e-01	2.569563644011079728e-01	1.540181741895167156e-01	7.346169929691080680e-02	3.032766776155293442e-02	7.723945486900699042e-02
1.206056114264262078e+03	2.497582399863657321e-01	1.579066310532530326e-01	2.570975479188676305e-01	1.541001976632872528e-01	7.349577289658491830e-02	3.035034892934213718e-02	7.729126155216778371e-02
1.207507445328358699e+03	2.495614648347547204e-01	1.577721996502111090e-01	2.572384838947792685e-01	1.541820778485964161e-01	7.352978949020820554e-02	3.037300234496022669e-02	7.734298193635850971e-02
1.208958776392455093e+03	2.493650228966641791e-01	1.576379959669618747e-01	2.573791727513802252e-01	1.542638150198994140e-01	7.356374917913073574e-02	3.039562801703068334e-02	7.739461616880130568e-02
1.210410107456551941e+03	2.491689136060930010e-01	1.575040196169487650e-01	2.575196149104891363e-01	1.543454094510441910e-01	7.359765206450892550e-02	3.041822595431016574e-02	7.744616439647422634e-02
1.211861438520648335e+03	2.489731363980139944e-01	1.573702702142688037e-01	2.576598107932073223e-01	1.544268614152730090e-01	7.363149824730598481e-02	3.044079616568772656e-02	7.749762676611160472e-02
1.213312769584745183e+03	2.487776907083719957e-01	1.572367473736716037e-01	2.577997608199200652e-01	1.545081711852241968e-01	7.366528782829234734e-02	3.046333866018403544e-02	7.754900342420417703e-02
1.214764100648841804e+03	2.485825759740822316e-01	1.571034507105584788e-01	2.579394654102977746e-01	1.545893390329339534e-01	7.369902090804608674e-02	3.048585344695060872e-02	7.760029451699934633e-02
1.216215431712937971e+03	2.483877916330281266e-01	1.569703798409813611e-01	2.580789249832972643e-01	1.546703652298380138e-01	7.373269758695330522e-02	3.050834053526901499e-02	7.765150019050140462e-02
1.217666762777034819e+03	2.481933371240598318e-01	1.568375343816418022e-01	2.582181399571628622e-01	1.547512500467734253e-01	7.376631796520859152e-02	3.053079993455013255e-02	7.770262059047178260e-02
1.219118093841131440e+03	2.479992118869921991e-01	1.567049139498901400e-01	2.583571107494277985e-01	1.548319937539802404e-01	7.379988214281538172e-02	3.055323165433336541e-02	7.775365586242928562e-02
1.220569424905228061e+03	2.478054153626029765e-01	1.565725181637243058e-01	2.584958377769153159e-01	1.549125966211032102e-01	7.383339021958638948e-02	3.057563570428587993e-02	7.780460615165030180e-02
1.222020755969324682e+03	2.476119469926310601e-01	1.564403466417889632e-01	2.586343214557398906e-01	1.549930589171934492e-01	7.386684229514403621e-02	3.059801209420185547e-02	7.785547160316910742e-02
1.223472087033421303e+03	2.474188062197746618e-01	1.563083990033744819e-01	2.587725622013084537e-01	1.550733809107102401e-01	7.390023846892083970e-02	3.062036083400171763e-02	7.790625236177801949e-02
1.224923418097517697e+03	2.472259924876894499e-01	1.561766748684158823e-01	2.589105604283216122e-01	1.551535628695225877e-01	7.393357884015977488e-02	3.064268193373137841e-02	7.795694857202771499e-02
1.226374749161614318e+03	2.470335052409868282e-01	1.560451738574919478e-01	2.590483165507749264e-01	1.552336050609109952e-01	7.396686350791478737e-02	3.066497540356151116e-02	7.800756037822743905e-02
1.227826080225710712e+03	2.468413439252321040e-01	1.559138955918241698e-01	2.591858309819599637e-01	1.553135077515690188e-01	7.400009257105112648e-02	3.068724125378676643e-02	7.805808792444525468e-02
1.229277411289807560e+03	2.466495079869428231e-01	1.557828396932757486e-01	2.593231041344656318e-01	1.553932712076050715e-01	7.403326612824573383e-02	3.070947949482505726e-02	7.810853135450836204e-02
1.230728742353903954e+03	2.464579968735867155e-01	1.556520057843505944e-01	2.594601364201793992e-01	1.554728956945439500e-01	7.406638427798767355e-02	3.073169013721679943e-02	7.815889081200325106e-02
1.232180073418000802e+03	2.462668100335802246e-01	1.555213934881923832e-01	2.595969282502884057e-01	1.555523814773285551e-01	7.409944711857857635e-02	3.075387319162417935e-02	7.820916644027600673e-02
1.233631404482097196e+03	2.460759469162866753e-01	1.553910024285834746e-01	2.597334800352806283e-01	1.556317288203215299e-01	7.413245474813295877e-02	3.077602866883041854e-02	7.825935838243260056e-02
1.235082735546193817e+03	2.458854069720143309e-01	1.552608322299440236e-01	2.598697921849462134e-01	1.557109379873068411e-01	7.416540726457866717e-02	3.079815657973904511e-02	7.830946678133909877e-02
1.236534066610290438e+03	2.456951896520148393e-01	1.551308825173308426e-01	2.600058651083786421e-01	1.557900092414914728e-01	7.419830476565729416e-02	3.082025693537315467e-02	7.835949177962196754e-02
1.237985397674387059e+03	2.455052944084814281e-01	1.550011529164364577e-01	2.601416992139758411e-01	1.558689428455069248e-01	7.423114734892452549e-02	3.084232974687468876e-02	7.840943351966825348e-02
1.239436728738483680e+03	2.453157206945471014e-01	1.548716430535881927e-01	2.602772949094415700e-01	1.559477390614110448e-01	7.426393511175058415e-02	3.086437502550371317e-02	7.845929214362594439e-02
1.240888059802580301e+03	2.451264679642830013e-01	1.547423525557471147e-01	2.604126526017861432e-01	1.560263981506893050e-01	7.429666815132060509e-02	3.088639278263769633e-02	7.850906779340421915e-02
1.242339390866676695e+03	2.449375356726966324e-01	1.546132810505069510e-01	2.605477726973282060e-01	1.561049203742567726e-01	7.432934656463502376e-02	3.090838302977079108e-02	7.855876061067368354e-02
1.243790721930773088e+03	2.447489232757300570e-01	1.544844281660932572e-01	2.606826556016955676e-01	1.561833059924593869e-01	7.436197044850999249e-02	3.093034577851312000e-02	7.860837073686666177e-02
1.245242052994869937e+03	2.445606302302583412e-01	1.543557935313622231e-01	2.608173017198264776e-01	1.562615552650757078e-01	7.439453989957774127e-02	3.095228104059006419e-02	7.865789831317746006e-02
1.246693384058966330e+03	2.443726559940876675e-01	1.542273767757998681e-01	2.609517114559707363e-01	1.563396684513184698e-01	7.442705501428700798e-02	3.097418882784155891e-02	7.870734348056268592e-02
1.248144715123063179e+03	2.441850000259537801e-01	1.540991775295208754e-01	2.610858852136909158e-01	1.564176458098361366e-01	7.445951588890339923e-02	3.099606915222138590e-02	7.875670637974144239e-02
1.249596046187159800e+03	2.439976617855201535e-01	1.539711954232676483e-01	2.612198233958636928e-01	1.564954875987144278e-01	7.449192261950979277e-02	3.101792202579646551e-02	7.880598715119567499e-02
1.251047377251256421e+03	2.438106407333763825e-01	1.538434300884093664e-01	2.613535264046807916e-01	1.565731940754779561e-01	7.452427530200671224e-02	3.103974746074616639e-02	7.885518593517042152e-02
1.252498708315352815e+03	2.436239363310363781e-01	1.537158811569409866e-01	2.614869946416502056e-01	1.566507654970917263e-01	7.455657403211274348e-02	3.106154546936160110e-02	7.890430287167411738e-02
1.253950039379449436e+03	2.434375480409368131e-01	1.535885482614821052e-01	2.616202285075974743e-01	1.567282021199627173e-01	7.458881890536488146e-02	3.108331606404493921e-02	7.895333810047885925e-02
1.255401370443546057e+03	2.432514753264353735e-01	1.534614310352760969e-01	2.617532284026666822e-01	1.568055041999412980e-01	7.462101001711894666e-02	3.110505925730871341e-02	7.900229176112069651e-02
1.256852701507642678e+03	2.430657176518090101e-01	1.533345291121890330e-01	2.618859947263217358e-01	1.568826719923229474e-01	7.465314746254998746e-02	3.112677506177512904e-02	7.905116399289989493e-02
1.258304032571739299e+03	2.428802744822524118e-01	1.532078421267087653e-01	2.620185278773476956e-01	1.569597057518496153e-01	7.468523133665262714e-02	3.114846349017539109e-02	7.909995493488126972e-02
1.259755363635835920e+03	2.426951452838762013e-01	1.530813697139438434e-01	2.621508282538514978e-01	1.570366057327113596e-01	7.471726173424143858e-02	3.117012455534901028e-02	7.914866472589443536e-02
1.261206694699932314e+03	2.425103295237053536e-01	1.529551115096225433e-01	2.622828962532634534e-01	1.571133721885477619e-01	7.474923874995134665e-02	3.119175827024312300e-02	7.919729350453415251e-02
1.262658025764028707e+03	2.423258266696774466e-01	1.528290671500919518e-01	2.624147322723384135e-01	1.571900053724495372e-01	7.478116247823803076e-02	3.121336464791182527e-02	7.924584140916050845e-02
1.264109356828125556e+03	2.421416361906411352e-01	1.527032362723167447e-01	2.625463367071567689e-01	1.572665055369599219e-01	7.481303301337827172e-02	3.123494370151549612e-02	7.929430857789933340e-02
1.265560687892221949e+03	2.419577575563543470e-01	1.525776185138784657e-01	2.626777099531256154e-01	1.573428729340762555e-01	7.484485044947034038e-02	3.125649544432012455e-02	7.934269514864243644e-02
1.267012018956318798e+03	2.417741902374828389e-01	1.524522135129743328e-01	2.628088524049800867e-01	1.574191078152514245e-01	7.487661488043438618e-02	3.127801988969663993e-02	7.939100125904786920e-02
1.268463350020415419e+03	2.415909337055982542e-01	1.523270209084163496e-01	2.629397644567841863e-01	1.574952104313953327e-01	7.490832640001279796e-02	3.129951705112025973e-02	7.943922704654034217e-02
1.269914681084511813e+03	2.414079874331767905e-01	1.522020403396301957e-01	2.630704465019323424e-01	1.575711810328764284e-01	7.493998510177060646e-02	3.132098694216980950e-02	7.948737264831134963e-02
1.271366012148608434e+03	2.412253508935973956e-01	1.520772714466543385e-01	2.632008989331501292e-01	1.576470198695231473e-01	7.497159107909581732e-02	3.134242957652708800e-02	7.953543820131964148e-02
1.272817343212705055e+03	2.410430235611401850e-01	1.519527138701390057e-01	2.633311221424956550e-01	1.577227271906253558e-01	7.500314442519979974e-02	3.136384496797619409e-02	7.958342384229138977e-02
1.274268674276801676e+03	2.408610049109847773e-01	1.518283672513450755e-01	2.634611165213607276e-01	1.577983032449358225e-01	7.503464523311771661e-02	3.138523313040286755e-02	7.963132970772057728e-02
1.275720005340898297e+03	2.406792944192087391e-01	1.517042312321433828e-01	2.635908824604718537e-01	1.578737482806716885e-01	7.506609359570880213e-02	3.140659407779384377e-02	7.967915593386927509e-02
1.277171336404994690e+03	2.404978915627858926e-01	1.515803054550133311e-01	2.637204203498914601e-01	1.579490625455159114e-01	7.509748960565680587e-02	3.142792782423624309e-02	7.972690265676790622e-02
1.278622667469091539e+03	2.403167958195848719e-01	1.514565895630421988e-01	2.638497305790189484e-01	1.580242462866186248e-01	7.512883335547033969e-02	3.144923438391686310e-02	7.977457001221564814e-02
1.280073998533187932e+03	2.401360066683672079e-01	1.513330831999239734e-01	2.639788135365921384e-01	1.580992997505987763e-01	7.516012493748323864e-02	3.147051377112157489e-02	7.982215813578059926e-02
1.281525329597284326e+03	2.399555235887860516e-01	1.512097860099584912e-01	2.641076696106878230e-01	1.581742231835452928e-01	7.519136444385493556e-02	3.149176600023468470e-02	7.986966716280020917e-02
1.282976660661381175e+03	2.397753460613843424e-01	1.510866976380503268e-01	2.642362991887234336e-01	1.582490168310186907e-01	7.522255196657083587e-02	3.151299108573828167e-02	7.991709722838157004e-02
1.284427991725477568e+03	2.395954735675933367e-01	1.509638177297078498e-01	2.643647026574578729e-01	1.583236809380524912e-01	7.525368759744267833e-02	3.153418904221162028e-02	7.996444846740163870e-02
1.285879322789574417e+03	2.394159055897309984e-01	1.508411459310422809e-01	2.644928804029926805e-01	1.583982157491544696e-01	7.528477142810892364e-02	3.155535988433048195e-02	8.001172101450765295e-02
1.287330653853671038e+03	2.392366416110003891e-01	1.507186818887665536e-01	2.646208328107733099e-01	1.584726215083082368e-01	7.531580355003507365e-02	3.157650362686652279e-02	8.005891500411736750e-02
1.288781984917767431e+03	2.390576811154880299e-01	1.505964252501945932e-01	2.647485602655900716e-01	1.585468984589745722e-01	7.534678405451404604e-02	3.159762028468671852e-02	8.010603057041941477e-02
1.290233315981864052e+03	2.388790235881624868e-01	1.504743756632399843e-01	2.648760631515792996e-01	1.586210468440927834e-01	7.537771303266659062e-02	3.161870987275264971e-02	8.015306784737359636e-02
