1.301360187473271253e+03	2.371254658810311722e-01	1.496845290730624556e-01	2.609199656909277909e-01	1.616329702855063277e-01	7.622936216872099047e-02	3.198309922639033104e-02	8.242460767423495649e-02
1.306197957686926657e+03	2.365414132410806891e-01	1.492832810546061151e-01	2.613017936680495645e-01	1.618950099704190571e-01	7.633653649414783027e-02	3.205338718233402551e-02	8.258857838923676364e-02
1.311035727900581833e+03	2.359606504662890847e-01	1.488842942883497888e-01	2.616813252717081761e-01	1.621555610586982166e-01	7.644315522548883468e-02	3.212338409534593736e-02	8.275162959399399998e-02
1.315873498114237009e+03	2.353831589630854260e-01	1.484875559911189580e-01	2.620585754019433278e-01	1.624146316791948153e-01	7.654922123421495361e-02	3.219309059899284897e-02	8.291376613132370177e-02
1.320711268327892412e+03	2.348089202440266365e-01	1.480930534521699427e-01	2.624335588498207250e-01	1.626722299206736777e-01	7.665473737608081983e-02	3.226250733408427690e-02	8.307499282301794574e-02
1.325549038541547588e+03	2.342379159271584799e-01	1.477007740327953289e-01	2.628062902983501203e-01	1.629283638319649896e-01	7.675970649124078116e-02	3.233163494850225389e-02	8.323531446986204285e-02
1.330386808755202765e+03	2.336701277353821216e-01	1.473107051659304223e-01	2.631767843233945303e-01	1.631830414221153991e-01	7.686413140436343383e-02	3.240047409703373377e-02	8.339473585165436964e-02
1.335224578968857941e+03	2.331055374958262150e-01	1.469228343557604233e-01	2.635450553945709595e-01	1.634362706605382853e-01	7.696801492474440731e-02	3.246902544120570250e-02	8.355326172722800371e-02
1.340062349182513572e+03	2.325441271392238718e-01	1.465371491773288237e-01	2.639111178761432419e-01	1.636880594771637221e-01	7.707135984641763637e-02	3.253728964912287053e-02	8.371089683447388574e-02
1.344900119396168748e+03	2.319858786992952115e-01	1.461536372761466918e-01	2.642749860279056118e-01	1.639384157625876914e-01	7.717416894826503726e-02	3.260526739530798107e-02	8.386764589036577178e-02
1.349737889609823924e+03	2.314307743121344629e-01	1.457722863678033165e-01	2.646366740060591138e-01	1.641873473682211870e-01	7.727644499412476831e-02	3.267295936054456090e-02	8.402351359098658712e-02
1.354575659823479100e+03	2.308787962156024498e-01	1.453930842375777965e-01	2.649961958640788540e-01	1.644348621064384841e-01	7.737819073289788074e-02	3.274036623172228710e-02	8.417850461155625130e-02
1.359413430037134731e+03	2.303299267487232127e-01	1.450160187400522105e-01	2.653535655535739224e-01	1.646809677507251601e-01	7.747940889865370662e-02	3.280748870168470610e-02	8.433262360646105738e-02
1.364251200250789907e+03	2.297841483510859595e-01	1.446410777987260365e-01	2.657087969251388238e-01	1.649256720358257822e-01	7.758010221073369239e-02	3.287432746907943681e-02	8.448587520928430017e-02
1.369088970464445310e+03	2.292414435622511515e-01	1.442682494056317100e-01	2.660619037291969691e-01	1.651689826578911779e-01	7.768027337385398357e-02	3.294088323821070530e-02	8.463826403283836175e-02
1.373926740678100487e+03	2.287017950211613082e-01	1.438975216209519570e-01	2.664128996168366736e-01	1.654109072746253462e-01	7.777992507820653822e-02	3.300715671889426633e-02	8.478979466919796260e-02
1.378764510891755890e+03	2.281651854655560030e-01	1.435288825726385442e-01	2.667617981406388283e-01	1.656514535054322279e-01	7.787905999955904712e-02	3.307314862631460795e-02	8.494047168973481443e-02
1.383602281105411066e+03	2.276315977313913552e-01	1.431623204560323326e-01	2.671086127554972434e-01	1.658906289315619231e-01	7.797768079935352148e-02	3.313885968088440409e-02	8.509029964515327227e-02
1.388440051319066470e+03	2.271010147522636302e-01	1.427978235334850798e-01	2.674533568194313315e-01	1.661284410962567959e-01	7.807579012480364566e-02	3.320429060810627109e-02	8.523928306552733258e-02
1.393277821532721646e+03	2.265734195588370858e-01	1.424353801339827974e-01	2.677960435943907425e-01	1.663648975048972467e-01	7.817339060899089476e-02	3.326944213843668202e-02	8.538742646033868622e-02
1.398115591746377049e+03	2.260487952782757881e-01	1.420749786527706338e-01	2.681366862470530021e-01	1.666000056251473738e-01	7.827048487095944473e-02	3.333431500715202528e-02	8.553473431851585373e-02
1.402953361960032225e+03	2.255271251336795624e-01	1.417166075509796175e-01	2.684752978496135478e-01	1.668337728871002179e-01	7.836707551580995856e-02	3.339890995421688352e-02	8.568121110847431998e-02
1.407791132173687402e+03	2.250083924435238303e-01	1.413602553552548713e-01	2.688118913805681576e-01	1.670662066834229798e-01	7.846316513479216492e-02	3.346322772415431801e-02	8.582686127815777888e-02
1.412628902387342805e+03	2.244925806211031938e-01	1.410059106573854915e-01	2.691464797254885521e-01	1.672973143695018483e-01	7.855875630539639609e-02	3.352726906591830397e-02	8.597168925508028026e-02
1.417466672600997981e+03	2.239796731739791824e-01	1.406535621139364534e-01	2.694790756777901697e-01	1.675271032635867741e-01	7.865385159144394622e-02	3.359103473276815743e-02	8.611569944636938978e-02
1.422304442814653157e+03	2.234696537034314145e-01	1.403031984458818493e-01	2.698096919394932236e-01	1.677555806469359367e-01	7.874845354317640267e-02	3.365452548214500211e-02	8.625889623881016766e-02
1.427142213028308333e+03	2.229625059039126167e-01	1.399548084382401802e-01	2.701383411219766550e-01	1.679827537639602686e-01	7.884256469734397810e-02	3.371774207555019998e-02	8.640128399889014654e-02
1.431979983241963964e+03	2.224582135625072787e-01	1.396083809397112574e-01	2.704650357467245914e-01	1.682086298223674226e-01	7.893618757729267688e-02	3.378068527842573859e-02	8.654286707284505886e-02
1.436817753455619140e+03	2.219567605583939729e-01	1.392639048623149911e-01	2.707897882460665318e-01	1.684332159933059625e-01	7.902932469305062879e-02	3.384335586003651281e-02	8.668364978670546617e-02
1.441655523669274316e+03	2.214581308623111977e-01	1.389213691810317897e-01	2.711126109639099835e-01	1.686565194115091648e-01	7.912197854141327091e-02	3.390575459335454928e-02	8.682363644634411015e-02
1.446493293882929493e+03	2.209623085360266082e-01	1.385807629334451230e-01	2.714335161564667698e-01	1.688785471754386536e-01	7.921415160602772454e-02	3.396788225494504210e-02	8.696283133752417960e-02
1.451331064096585123e+03	2.204692777318098540e-01	1.382420752193853630e-01	2.717525159929722878e-01	1.690993063474280911e-01	7.930584635747608968e-02	3.402973962485426190e-02	8.710123872594813244e-02
1.456168834310240300e+03	2.199790226919089153e-01	1.379052952005760391e-01	2.720696225563981052e-01	1.693188039538265077e-01	7.939706525335794851e-02	3.409132748649922745e-02	8.723886285730739210e-02
1.461006604523895703e+03	2.194915277480295190e-01	1.375704121002813141e-01	2.723848478441580623e-01	1.695370469851415485e-01	7.948781073837181410e-02	3.415264662655922989e-02	8.737570795733265450e-02
1.465844374737550879e+03	2.190067773208181912e-01	1.372374152029559313e-01	2.726982037688076566e-01	1.697540423961825806e-01	7.957808524439584363e-02	3.421369783486901545e-02	8.751177823184491666e-02
1.470682144951206283e+03	2.185247559193484179e-01	1.369062938538964380e-01	2.730097021587369888e-01	1.699697971062037738e-01	7.966789119056758017e-02	3.427448190431377911e-02	8.764707786680714374e-02
1.475519915164861459e+03	2.180454481406102207e-01	1.365770374588944902e-01	2.733193547588573247e-01	1.701843179990467914e-01	7.975723098336288952e-02	3.433499963072579597e-02	8.778161102837654661e-02
1.480357685378516862e+03	2.175688386690029230e-01	1.362496354838921009e-01	2.736271732312811067e-01	1.703976119232835373e-01	7.984610701667405053e-02	3.439525181278279414e-02	8.791538186295751178e-02
1.485195455592172038e+03	2.170949122758309424e-01	1.359240774546385255e-01	2.739331691559958593e-01	1.706096856923587368e-01	7.993452167188699886e-02	3.445523925190789594e-02	8.804839449725505862e-02
1.490033225805827215e+03	2.166236538188029415e-01	1.356003529563491183e-01	2.742373540315315439e-01	1.708205460847323220e-01	8.002247731795784913e-02	3.451496275217129373e-02	8.818065303832893498e-02
1.494870996019482618e+03	2.161550482415341423e-01	1.352784516333658538e-01	2.745397392756221966e-01	1.710301998440216797e-01	8.010997631148852882e-02	3.457442312019338299e-02	8.831216157364821240e-02
1.499708766233137567e+03	2.156890805730514726e-01	1.349583631888200685e-01	2.748403362258609040e-01	1.712386536791437597e-01	8.019702099680171836e-02	3.463362116504963006e-02	8.844292417114645033e-02
1.504546536446793198e+03	2.152257359273019865e-01	1.346400773842965637e-01	2.751391561403492281e-01	1.714459142644571277e-01	8.028361370601502789e-02	3.469255769817686935e-02	8.857294487927726279e-02
1.509384306660448374e+03	2.147649995026643388e-01	1.343235840394998992e-01	2.754362101983399702e-01	1.716519882399036856e-01	8.036975675911436912e-02	3.475123353328121029e-02	8.870222772707059278e-02
1.514222076874103550e+03	2.143068565814631177e-01	1.340088730319223542e-01	2.757315095008747163e-01	1.718568822111504468e-01	8.045545246402668882e-02	3.480964948624740846e-02	8.883077672418926429e-02
1.519059847087758726e+03	2.138512925294863698e-01	1.336959342965139130e-01	2.760250650714149989e-01	1.720606027497309787e-01	8.054070311669192517e-02	3.486780637504975633e-02	8.895859586098607552e-02
1.523897617301414357e+03	2.133982927955058451e-01	1.333847578253536115e-01	2.763168878564675746e-01	1.722631563931868726e-01	8.062551100113428404e-02	3.492570501966440338e-02	8.908568910856137779e-02
1.528735387515069533e+03	2.129478429108002668e-01	1.330753336673234088e-01	2.766069887262044280e-01	1.724645496452088533e-01	8.070987838953286309e-02	3.498334624198315423e-02	8.921206041882101534e-02
1.533573157728724709e+03	2.124999284886815443e-01	1.327676519277831979e-01	2.768953784750764480e-01	1.726647889757778886e-01	8.079380754229148476e-02	3.504073086572864759e-02	8.933771372453468140e-02
1.538410927942380113e+03	2.120545352240238990e-01	1.324617027682481185e-01	2.771820678224220513e-01	1.728638808213061040e-01	8.087730070810805749e-02	3.509785971637097851e-02	8.946265293939470453e-02
1.543248698156035516e+03	2.116116488927956563e-01	1.321574764060674256e-01	2.774670674130693682e-01	1.730618315847774757e-01	8.096036012404309035e-02	3.515473362104568067e-02	8.958688195807525123e-02
1.548086468369690692e+03	2.111712553515940061e-01	1.318549631141051892e-01	2.777503878179337637e-01	1.732586476358884131e-01	8.104298801558770804e-02	3.521135340847305478e-02	8.971040465629180616e-02
1.552924238583346096e+03	2.107333405371825674e-01	1.315541532204228814e-01	2.780320395346094209e-01	1.734543353111880903e-01	8.112518659673095822e-02	3.526771990887886399e-02	8.983322489086111029e-02
1.557762008797001272e+03	2.102978904660317283e-01	1.312550371079637679e-01	2.783120329879553712e-01	1.736489009142186957e-01	8.120695807002659139e-02	3.532383395391631986e-02	8.995534649976140440e-02
1.562599779010656675e+03	2.098648912338616224e-01	1.309576052142388536e-01	2.785903785306765301e-01	1.738423507156554859e-01	8.128830462665911916e-02	3.537969637658939376e-02	9.007677330219290845e-02
1.567437549224311852e+03	2.094343290151881032e-01	1.306618480310149100e-01	2.788670864438987929e-01	1.740346909534465081e-01	8.136922844650937292e-02	3.543530801117739104e-02	9.019750909863884225e-02
1.572275319437967255e+03	2.090061900628711333e-01	1.303677561040040567e-01	2.791421669377395776e-01	1.742259278329524319e-01	8.144973169821941028e-02	3.549066969316080206e-02	9.031755767092652931e-02
1.577113089651622431e+03	2.085804607076660599e-01	1.300753200325552583e-01	2.794156301518725405e-01	1.744160675270857996e-01	8.152981653925689409e-02	3.554578225914836048e-02	9.043692278228888937e-02
1.581950859865277607e+03	2.081571273577775549e-01	1.297845304693475144e-01	2.796874861560876835e-01	1.746051161764504700e-01	8.160948511597897193e-02	3.560064654680540619e-02	9.055560817742623614e-02
1.586788630078933011e+03	2.077361764984161363e-01	1.294953781200846865e-01	2.799577449508454108e-01	1.747930798894805349e-01	8.168873956369540612e-02	3.565526339478335832e-02	9.067361758256828330e-02
1.591626400292587959e+03	2.073175946913573542e-01	1.292078537431922691e-01	2.802264164678265890e-01	1.749799647425792914e-01	8.176758200673138466e-02	3.570963364265043044e-02	9.079095470553651126e-02
1.596464170506243590e+03	2.069013685745036413e-01	1.289219481495157693e-01	2.804935105704768894e-01	1.751657767802577426e-01	8.184601455848956875e-02	3.576375813082353916e-02	9.090762323580664495e-02
1.601301940719898766e+03	2.064874848614486613e-01	1.286376522020208080e-01	2.807590370545464675e-01	1.753505220152731525e-01	8.192403932151189061e-02	3.581763770050130219e-02	9.102362684457149244e-02
1.606139710933553943e+03	2.060759303410443222e-01	1.283549568154950526e-01	2.810230056486244243e-01	1.755342064287672421e-01	8.200165838754054637e-02	3.587127319359822986e-02	9.113896918480390852e-02
1.610977481147209119e+03	2.056666918769703700e-01	1.280738529562516770e-01	2.812854260146687713e-01	1.757168359704041061e-01	8.207887383757868360e-02	3.592466545268004074e-02	9.125365389132007732e-02
1.615815251360864750e+03	2.052597564073063152e-01	1.277943316418347630e-01	2.815463077485312327e-01	1.758984165585080472e-01	8.215568774195047830e-02	3.597781532090000428e-02	9.136768458084294775e-02
1.620653021574519926e+03	2.048551109441062446e-01	1.275163839407261190e-01	2.818056603804772742e-01	1.760789540802009945e-01	8.223210216036079545e-02	3.603072364193647681e-02	9.148106485206586314e-02
1.625490791788175102e+03	2.044527425729757708e-01	1.272400009720539849e-01	2.820634933757018570e-01	1.762584543915399482e-01	8.230811914195428070e-02	3.608339125993143687e-02	9.159379828571641291e-02
1.630328562001830505e+03	2.040526384526517856e-01	1.269651739053033468e-01	2.823198161348400848e-01	1.764369233176538987e-01	8.238374072537404946e-02	3.613581901943009600e-02	9.170588844462039535e-02
1.635166332215485909e+03	2.036547858145844603e-01	1.266918939600279737e-01	2.825746379944730213e-01	1.766143666528807443e-01	8.245896893881982104e-02	3.618800776532161284e-02	9.181733887376604397e-02
1.640004102429141085e+03	2.032591719625216342e-01	1.264201524055639236e-01	2.828279682276295670e-01	1.767907901609037657e-01	8.253380580010576117e-02	3.623995834278068845e-02	9.192815310036837884e-02
1.644841872642796488e+03	2.028657842720960891e-01	1.261499405607450219e-01	2.830798160442830613e-01	1.769661995748879335e-01	8.260825331671763083e-02	3.629167159721033431e-02	9.203833463393364112e-02
1.649679642856451665e+03	2.024746101904146556e-01	1.258812497936196984e-01	2.833301905918441665e-01	1.771406005976160214e-01	8.268231348586965734e-02	3.634314837418552852e-02	9.214788696632401910e-02
1.654517413070107068e+03	2.020856372356502062e-01	1.256140715211695458e-01	2.835791009556485331e-01	1.773139989016242757e-01	8.275598829456091987e-02	3.639438951939789196e-02	9.225681357182234643e-02
1.659355183283762244e+03	2.016988529966357857e-01	1.253483972090295717e-01	2.838265561594405240e-01	1.774864001293381122e-01	8.282927971963126301e-02	3.644539587860134988e-02	9.236511790719709181e-02
1.664192953497417420e+03	2.013142451324611282e-01	1.250842183712100042e-01	2.840725651658524975e-01	1.776578098932072303e-01	8.290218972781687734e-02	3.649616829755869540e-02	9.247280341176734864e-02
1.669030723711072824e+03	2.009318013720716167e-01	1.248215265698196658e-01	2.843171368768795393e-01	1.778282337758406162e-01	8.297472027580528320e-02	3.654670762198915235e-02	9.257987350746793576e-02
1.673868493924728000e+03	2.005515095138696025e-01	1.245603134147910684e-01	2.845602801343503074e-01	1.779976773301412407e-01	8.304687331029012021e-02	3.659701469751681924e-02	9.268633159891472018e-02
1.678706264138383403e+03	2.001733574253178050e-01	1.243005705636069935e-01	2.848020037203932708e-01	1.781661460794405072e-01	8.311865076802536778e-02	3.664709036962005007e-02	9.279218107346991207e-02
1.683544034352038352e+03	1.997973330425455163e-01	1.240422897210286673e-01	2.850423163578989505e-01	1.783336455176323665e-01	8.319005457587916319e-02	3.669693548358170937e-02	9.289742530130754017e-02
1.688381804565693983e+03	1.994234243699565812e-01	1.237854626388255469e-01	2.852812267109780531e-01	1.785001811093070989e-01	8.326108665088734206e-02	3.674655088444035017e-02	9.300206763547895494e-02
1.693219574779349159e+03	1.990516194798399585e-01	1.235300811155066458e-01	2.855187433854151635e-01	1.786657582898850127e-01	8.333174890030647930e-02	3.679593741694222458e-02	9.310611141197844276e-02
1.698057344993004335e+03	1.986819065119825312e-01	1.232761369960534287e-01	2.857548749291188850e-01	1.788303824657494767e-01	8.340204322166655526e-02	3.684509592549418261e-02	9.320955994980886783e-02
1.702895115206659511e+03	1.983142736732839695e-01	1.230236221716542039e-01	2.859896298325674269e-01	1.789940590143801191e-01	8.347197150282328892e-02	3.689402725411741052e-02	9.331241655104746680e-02
1.707732885420315142e+03	1.979487092373741763e-01	1.227725285794401128e-01	2.862230165292507511e-01	1.791567932844852495e-01	8.354153562201005467e-02	3.694273224640200193e-02	9.341468450091158782e-02
1.712570655633970318e+03	1.975852015442326470e-01	1.225228482022226867e-01	2.864550433961080000e-01	1.793185905961342530e-01	8.361073744788942441e-02	3.699121174546234070e-02	9.351636706782449904e-02
1.717408425847625494e+03	1.972237389998101886e-01	1.222745730682327503e-01	2.866857187539620933e-01	1.794794562408897065e-01	8.367957883960436272e-02	3.703946659389332347e-02	9.361746750348141910e-02
1.722246196061280898e+03	1.968643100756528319e-01	1.220276952508610180e-01	2.869150508679491618e-01	1.796393954819390515e-01	8.374806164682906118e-02	3.708749763372734543e-02	9.371798904291529786e-02
1.727083966274936301e+03	1.965069033085279082e-01	1.217822068684001474e-01	2.871430479479454845e-01	1.797984135542258222e-01	8.381618770981941191e-02	3.713530570639213269e-02	9.381793490456288853e-02
1.731921736488591478e+03	1.961515073000522635e-01	1.215381000837881947e-01	2.873697181489893171e-01	1.799565156645809572e-01	8.388395885946312025e-02	3.718289165266925461e-02	9.391730829033063943e-02
1.736759506702246881e+03	1.957981107163227208e-01	1.212953671043536935e-01	2.875950695717002237e-01	1.801137069918532785e-01	8.395137691732948437e-02	3.723025631265348967e-02	9.401611238566080775e-02
1.741597276915902057e+03	1.954467022875485405e-01	1.210540001815620936e-01	2.878191102626937448e-01	1.802699926870401370e-01	8.401844369571881410e-02	3.727740052571291984e-02	9.411435035959739293e-02
1.746435047129557461e+03	1.950972708076862128e-01	1.208139916107637546e-01	2.880418482149928461e-01	1.804253778734173641e-01	8.408516099771154440e-02	3.732432513044972588e-02	9.421202536485222268e-02
1.751272817343212637e+03	1.947498051340761926e-01	1.205753337309433543e-01	2.882632913684353704e-01	1.805798676466690289e-01	8.415153061721693251e-02	3.737103096466180135e-02	9.430914053787101126e-02
1.756110587556867813e+03	1.944042941870817720e-01	1.203380189244707410e-01	2.884834476100784917e-01	1.807334670750168348e-01	8.421755433902156085e-02	3.741751886530496340e-02	9.440569899889938998e-02
1.760948357770523216e+03	1.940607269497301723e-01	1.201020396168532706e-01	2.887023247745988952e-01	1.808861811993491275e-01	8.428323393883739578e-02	3.746378966845599623e-02	9.450170385204890999e-02
1.765786127984178393e+03	1.937190924673555803e-01	1.198673882764894894e-01	2.889199306446898485e-01	1.810380150333497640e-01	8.434857118334959658e-02	3.750984420927632595e-02	9.459715818536311438e-02
1.770623898197833569e+03	1.933793798472442371e-01	1.196340574144244273e-01	2.891362729514548868e-01	1.811889735636262877e-01	8.441356783026394972e-02	3.755568332197640330e-02	9.469206507088354097e-02
1.775461668411488745e+03	1.930415782582816375e-01	1.194020395841060705e-01	2.893513593747973900e-01	1.813390617498380486e-01	8.447822562835402560e-02	3.760130783978075930e-02	9.478642756471573894e-02
1.780299438625144376e+03	1.927056769306019490e-01	1.191713273811434437e-01	2.895651975438074399e-01	1.814882845248238785e-01	8.454254631750804383e-02	3.764671859489374800e-02	9.488024870709516057e-02
1.785137208838799552e+03	1.923716651552389856e-01	1.189419134430659553e-01	2.897777950371449029e-01	1.816366467947293506e-01	8.460653162877536382e-02	3.769191641846591362e-02	9.497353152245321950e-02
1.789974979052454728e+03	1.920395322837797347e-01	1.187137904490842416e-01	2.899891593834190706e-01	1.817841534391337055e-01	8.467018328441272557e-02	3.773690214056105163e-02	9.506627901948311310e-02
1.794812749266109904e+03	1.917092677280195501e-01	1.184869511198523018e-01	2.901992980615654694e-01	1.819308093111764724e-01	8.473350299793021290e-02	3.778167659012389434e-02	9.515849419120570030e-02
1.799650519479765535e+03	1.913808609596193422e-01	1.182613882172311032e-01	2.904082185012187844e-01	1.820766192376837289e-01	8.479649247413688362e-02	3.782624059494839319e-02	9.525018001503535170e-02
1.804488289693420711e+03	1.910543015097650732e-01	1.180370945440534780e-01	2.906159280830826752e-01	1.822215880192938342e-01	8.485915340918605276e-02	3.787059498164668109e-02	9.534133945284574418e-02
1.809326059907075887e+03	1.907295789688287502e-01	1.178140629438904075e-01	2.908224341392967593e-01	1.823657204305830504e-01	8.492148749062042312e-02	3.791474057561861066e-02	9.543197545103553059e-02
1.814163830120731291e+03	1.904066829860316945e-01	1.175922863008187075e-01	2.910277439537998223e-01	1.825090212201904982e-01	8.498349639741679951e-02	3.795867820102189621e-02	9.552209094059409267e-02
1.819001600334386467e+03	1.900856032691097541e-01	1.173717575391899359e-01	2.912318647626901402e-01	1.826514951109430573e-01	8.504518180003060868e-02	3.800240868074288014e-02	9.561168883716709976e-02
1.823839370548041643e+03	1.897663295839802367e-01	1.171524696234008400e-01	2.914348037545828052e-01	1.827931467999796000e-01	8.510654536044012786e-02	3.804593283636783368e-02	9.570077204112208136e-02
1.828677140761696819e+03	1.894488517544109796e-01	1.169344155576648309e-01	2.916365680709635533e-01	1.829339809588750310e-01	8.516758873219033854e-02	3.808925148815490297e-02	9.578934343761393022e-02
1.833514910975352450e+03	1.891331596616912247e-01	1.167175883857851371e-01	2.918371648065398172e-01	1.830740022337639661e-01	8.522831356043665541e-02	3.813236545500656161e-02	9.587740589665029456e-02
1.838352681189008081e+03	1.888192432443043800e-01	1.165019811909289577e-01	2.920366010095886700e-01	1.832132152454637175e-01	8.528872148198828052e-02	3.817527555444265308e-02	9.596496227315694239e-02
1.843190451402663257e+03	1.885070924976026685e-01	1.162875870954031554e-01	2.922348836823019935e-01	1.833516245895974173e-01	8.534881412535134937e-02	3.821798260257400909e-02	9.605201540704300101e-02
1.848028221616318433e+03	1.881966974734838871e-01	1.160743992604310743e-01	2.924320197811278166e-01	1.834892348367162807e-01	8.540859311077178551e-02	3.826048741407654663e-02	9.613856812326618262e-02
1.852865991829973609e+03	1.878880482800696083e-01	1.158624108859307583e-01	2.926280162171098209e-01	1.836260505324217029e-01	8.546806005027783593e-02	3.830279080216596188e-02	9.622462323189785727e-02
1.857703762043628785e+03	1.875811350813854916e-01	1.156516152102943784e-01	2.928228798562232393e-01	1.837620761974869676e-01	8.552721654772250937e-02	3.834489357857294445e-02	9.631018352818805639e-02
1.862541532257283961e+03	1.872759480970433710e-01	1.154420055101690323e-01	2.930166175197078116e-01	1.838973163279784551e-01	8.558606419882555660e-02	3.838679655351887043e-02	9.639525179263042087e-02
1.867379302470939592e+03	1.869724776019254242e-01	1.152335751002387249e-01	2.932092359843983531e-01	1.840317753953766289e-01	8.564460459121535363e-02	3.842850053569206448e-02	9.647983079102701032e-02
1.872217072684594768e+03	1.866707139258696746e-01	1.150263173330075828e-01	2.934007419830517716e-01	1.841654578466964953e-01	8.570283930447046561e-02	3.847000633222451976e-02	9.656392327455308455e-02
1.877054842898249490e+03	1.863706474533576851e-01	1.148202255985844300e-01	2.935911422046721397e-01	1.842983681046075628e-01	8.576076991016098883e-02	3.851131474866913845e-02	9.664753197982162147e-02
1.881892613111905121e+03	1.860722686232039458e-01	1.146152933244685701e-01	2.937804432948322719e-01	1.844305105675536904e-01	8.581839797188958729e-02	3.855242658897748559e-02	9.673065962894797365e-02
1.886730383325560297e+03	1.857755679282470374e-01	1.144115139753367344e-01	2.939686518559929129e-01	1.845618896098723261e-01	8.587572504533236284e-02	3.859334265547796627e-02	9.681330892961421963e-02
1.891568153539215928e+03	1.854805359150424604e-01	1.142088810528313347e-01	2.941557744478189296e-01	1.846925095819134388e-01	8.593275267827944763e-02	3.863406374885453715e-02	9.689548257513347362e-02
1.896405923752871104e+03	1.851871631835575183e-01	1.140073880953499236e-01	2.943418175874929488e-01	1.848223748101579245e-01	8.598948241067536080e-02	3.867459066812584806e-02	9.697718324451408412e-02
1.901243693966526507e+03	1.848954403868676710e-01	1.138070286778358753e-01	2.945267877500265530e-01	1.849514895973357331e-01	8.604591577465911523e-02	3.871492421062487643e-02	9.705841360252374928e-02
1.906081464180181683e+03	1.846053582308547769e-01	1.136077964115702610e-01	2.947106913685683116e-01	1.850798582225436084e-01	8.610205429460413007e-02	3.875506517197899875e-02	9.713917629975347967e-02
1.910919234393836859e+03	1.843169074739070545e-01	1.134096849439649168e-01	2.948935348347095919e-01	1.852074849413621882e-01	8.615789948715783797e-02	3.879501434609049920e-02	9.721947397268140834e-02
1.915757004607492036e+03	1.840300789266207659e-01	1.132126879583567197e-01	2.950753244987875945e-01	1.853343739859731054e-01	8.621345286128116736e-02	3.883477252511755712e-02	9.729930924373654533e-02
1.920594774821147894e+03	1.837448634515035095e-01	1.130167991738030703e-01	2.952560666701858905e-01	1.854605295652752839e-01	8.626871591828769170e-02	3.887434049945562298e-02	9.737868472136237963e-02
1.925432545034802843e+03	1.834612519626794558e-01	1.128220123448785556e-01	2.954357676176322944e-01	1.855859558650009289e-01	8.632369015188262606e-02	3.891371905771925932e-02	9.745760300008031451e-02
1.930270315248458019e+03	1.831792354255960265e-01	1.126283212614727219e-01	2.956144335694944059e-01	1.857106570478313512e-01	8.637837704820156004e-02	3.895290898672439106e-02	9.753606666055303354e-02
1.935108085462113195e+03	1.828988048567324332e-01	1.124357197485890691e-01	2.957920707140722638e-01	1.858346372535120139e-01	8.643277808584898247e-02	3.899191107147097907e-02	9.761407826964775547e-02
1.939945855675768371e+03	1.826199513233097982e-01	1.122442016661452102e-01	2.959686851998891699e-01	1.859579005989674405e-01	8.648689473593661192e-02	3.903072609512607538e-02	9.769164038049921173e-02
1.944783625889424002e+03	1.823426659430029406e-01	1.120537609087741970e-01	2.961442831359794026e-01	1.860804511784155402e-01	8.654072846212144954e-02	3.906935483900733641e-02	9.776875553257266538e-02
1.949621396103079178e+03	1.820669398836539110e-01	1.118643914056268868e-01	2.963188705921739885e-01	1.862022930634816276e-01	8.659428072064366544e-02	3.910779808256685530e-02	9.784542625172663877e-02
1.954459166316734354e+03	1.817927643629870527e-01	1.116760871201756128e-01	2.964924535993835875e-01	1.863234303033119987e-01	8.664755296036426302e-02	3.914605660337548004e-02	9.792165505027564110e-02
1.959296936530389530e+03	1.815201306483258115e-01	1.114888420500187993e-01	2.966650381498794342e-01	1.864438669246869518e-01	8.670054662280253510e-02	3.918413117710742993e-02	9.799744442705264624e-02
1.964134706744044706e+03	1.812490300563110723e-01	1.113026502266869083e-01	2.968366301975718935e-01	1.865636069321337243e-01	8.675326314217325641e-02	3.922202257752534227e-02	9.807279686747141789e-02
1.968972476957700337e+03	1.809794539526211055e-01	1.111175057154493301e-01	2.970072356582862949e-01	1.866826543080386536e-01	8.680570394542375112e-02	3.925973157646570066e-02	9.814771484358883469e-02
1.973810247171355968e+03	1.807113937516933166e-01	1.109334026151224672e-01	2.971768604100367139e-01	1.868010130127590318e-01	8.685787045227069680e-02	3.929725894382458951e-02	9.822220081416685455e-02
1.978648017385010689e+03	1.804448409164472467e-01	1.107503350578789153e-01	2.973455102932977545e-01	1.869186869847347110e-01	8.690976407523674785e-02	3.933460544754383004e-02	9.829625722473447902e-02
1.983485787598666320e+03	1.801797869580095690e-01	1.105682972090577532e-01	2.975131911112732785e-01	1.870356801405990421e-01	8.696138621968699245e-02	3.937177185359749809e-02	9.836988650764955100e-02
1.988323557812321269e+03	1.799162234354403644e-01	1.103872832669758886e-01	2.976799086301638031e-01	1.871519963752895366e-01	8.701273828386504872e-02	3.940875892597876101e-02	9.844309108216027504e-02
1.993161328025976900e+03	1.796541419554609220e-01	1.102072874627405552e-01	2.978456685794310110e-01	1.872676395621581114e-01	8.706382165892916081e-02	3.944556742668707539e-02	9.851587335446675142e-02
1.997999098239632076e+03	1.793935341721834831e-01	1.100283040600628093e-01	2.980104766520603743e-01	1.873826135530808346e-01	8.711463772898804525e-02	3.948219811571573173e-02	9.858823571778228823e-02
2.002836868453287707e+03	1.791343917868421509e-01	1.098503273550721637e-01	2.981743385048213901e-01	1.874969221785672269e-01	8.716518787113641809e-02	3.951865175103972533e-02	9.866018055239444973e-02
2.007674638666942428e+03	1.788767065475254658e-01	1.096733516761322219e-01	2.983372597585259856e-01	1.876105692478693687e-01	8.721547345549048036e-02	3.955492908860395312e-02	9.873171022572607702e-02
2.012512408880597604e+03	1.786204702489106455e-01	1.094973713836574908e-01	2.984992459982842017e-01	1.877235585490902581e-01	8.726549584522309833e-02	3.959103088231175765e-02	9.880282709239612826e-02
2.017350179094252780e+03	1.783656747319990465e-01	1.093223808699310823e-01	2.986603027737585458e-01	1.878358938492920016e-01	8.731525639659890037e-02	3.962695788401376928e-02	9.887353349428028293e-02
2.022187949307908411e+03	1.781123118838535413e-01	1.091483745589236776e-01	2.988204355994153461e-01	1.879475788946033954e-01	8.736475645900908249e-02	3.966271084349708848e-02	9.894383176057144902e-02
2.027025719521564042e+03	1.778603736373370325e-01	1.089753469061132823e-01	2.989796499547751063e-01	1.880586174103273112e-01	8.741399737500603340e-02	3.969829050847475949e-02	9.901372420784003425e-02
2.031863489735218764e+03	1.776098519708527168e-01	1.088032923983062311e-01	2.991379512846596422e-01	1.881690131010473888e-01	8.746298048033790407e-02	3.973369762457554938e-02	9.908321314009412017e-02
2.036701259948874394e+03	1.773607389080857355e-01	1.086322055534590519e-01	2.992953449994379955e-01	1.882787696507344788e-01	8.751170710398280261e-02	3.976893293533403928e-02	9.915230084883944195e-02
2.041539030162529116e+03	1.771130265177462138e-01	1.084620809205015801e-01	2.994518364752699613e-01	1.883878907228526967e-01	8.756017856818290590e-02	3.980399718218102095e-02	9.922098961313917387e-02
2.046376800376184747e+03	1.768667069133139369e-01	1.082929130791608352e-01	2.996074310543478392e-01	1.884963799604648382e-01	8.760839618847841848e-02	3.983889110443417092e-02	9.928928169967353445e-02
2.051214570589840150e+03	1.766217722527845257e-01	1.081246966397860360e-01	2.997621340451359084e-01	1.886042409863375735e-01	8.765636127374126785e-02	3.987361543928901603e-02	9.935717936279929441e-02
2.056052340803495554e+03	1.763782147384167498e-01	1.079574262431746562e-01	2.999159507226082377e-01	1.887114774030462239e-01	8.770407512620864710e-02	3.990817092181016962e-02	9.942468484460902090e-02
2.060890111017150957e+03	1.761360266164816446e-01	1.077910965603993826e-01	3.000688863284842745e-01	1.888180927930788733e-01	8.775153904151646034e-02	3.994255828492289384e-02	9.949180037499014140e-02
2.065727881230805451e+03	1.758952001770129336e-01	1.076257022926361967e-01	3.002209460714629352e-01	1.889240907189403962e-01	8.779875430873242126e-02	3.997677825940487706e-02	9.955852817168393820e-02
2.070565651444461309e+03	1.756557277535587824e-01	1.074612381709932757e-01	3.003721351274541429e-01	1.890294747232558470e-01	8.784572221038913775e-02	4.001083157387832351e-02	9.962487044034423755e-02
2.075403421658116713e+03	1.754176017229351903e-01	1.072976989563410172e-01	3.005224586398090314e-01	1.891342483288733223e-01	8.789244402251696064e-02	4.004471895480227889e-02	9.969082937459598781e-02
2.080241191871772116e+03	1.751808145049804366e-01	1.071350794391430217e-01	3.006719217195480964e-01	1.892384150389667397e-01	8.793892101467659650e-02	4.007844112646524737e-02	9.975640715609364328e-02
2.085078962085427065e+03	1.749453585623113872e-01	1.069733744392879354e-01	3.008205294455874590e-01	1.893419783371378673e-01	8.798515444999167878e-02	4.011199881097807229e-02	9.982160595457935381e-02
2.089916732299082469e+03	1.747112264000808268e-01	1.068125788059224174e-01	3.009682868649632970e-01	1.894449416875181591e-01	8.803114558518103372e-02	4.014539272826702504e-02	9.988642792794101555e-02
2.094754502512737417e+03	1.744784105657364304e-01	1.066526874172849110e-01	3.011151989930543893e-01	1.895473085348699793e-01	8.807689567059083513e-02	4.017862359606717143e-02	9.995087522227003030e-02
2.099592272726392821e+03	1.742469036487808709e-01	1.064936951805405263e-01	3.012612708138031614e-01	1.896490823046875496e-01	8.812240595022664824e-02	4.021169212991601571e-02	1.000149499719190233e-01
2.104430042940048224e+03	1.740166982805335660e-01	1.063355970316167270e-01	3.014065072799343437e-01	1.897502664032973407e-01	8.816767766178522370e-02	4.024459904314731801e-02	1.000786542995592554e-01
2.109267813153704083e+03	1.737877871338935343e-01	1.061783879350400583e-01	3.015509133131726860e-01	1.898508642179582429e-01	8.821271203668609728e-02	4.027734504688522399e-02	1.001419903162379388e-01
2.114105583367359031e+03	1.735601629231038057e-01	1.060220628837737766e-01	3.016944938044581193e-01	1.899508791169610689e-01	8.825751030010317577e-02	4.030993085003857501e-02	1.002049601214352742e-01
2.118943353581013525e+03	1.733338184035170260e-01	1.058666168990563955e-01	3.018372536141598061e-01	1.900503144497278085e-01	8.830207367099596194e-02	4.034235715929545413e-02	1.002675658031213501e-01
2.123781123794669384e+03	1.731087463713625874e-01	1.057120450302411752e-01	3.019791975722879718e-01	1.901491735469104105e-01	8.834640336214073797e-02	4.037462467911801661e-02	1.003298094378128891e-01
2.128618894008324787e+03	1.728849396635148417e-01	1.055583423546365418e-01	3.021203304787044575e-01	1.902474597204890927e-01	8.839050058016162392e-02	4.040673411173748009e-02	1.003916930906297578e-01
2.133456664221980191e+03	1.726623911572629233e-01	1.054055039773474228e-01	3.022606571033311651e-01	1.903451762638703471e-01	8.843436652556133093e-02	4.043868615714933668e-02	1.004532188153512418e-01
2.138294434435635139e+03	1.724410937700815993e-01	1.052535250311174703e-01	3.024001821863573913e-01	1.904423264519843895e-01	8.847800239275187273e-02	4.047048151310883579e-02	1.005143886544722365e-01
2.143132204649290543e+03	1.722210404594036459e-01	1.051024006761722002e-01	3.025389104384447747e-01	1.905389135413822765e-01	8.852140937008508292e-02	4.050212087512661957e-02	1.005752046392591609e-01
2.147969974862945492e+03	1.720022242223935016e-01	1.049521261000630201e-01	3.026768465409312991e-01	1.906349407703326615e-01	8.856458863988295183e-02	4.053360493646462198e-02	1.006356687898057045e-01
2.152807745076601350e+03	1.717846380957220032e-01	1.048026965175121727e-01	3.028139951460332990e-01	1.907304113589178840e-01	8.860754137846785228e-02	4.056493438813212754e-02	1.006957831150883942e-01
2.157645515290255844e+03	1.715682751553427587e-01	1.046541071702585812e-01	3.029503608770457990e-01	1.908253285091299767e-01	8.865026875619257118e-02	4.059610991888205206e-02	1.007555496130219663e-01
2.162483285503912157e+03	1.713531285162694373e-01	1.045063533269045275e-01	3.030859483285416323e-01	1.909196954049659778e-01	8.869277193747020227e-02	4.062713221520745238e-02	1.008149702705144896e-01
2.167321055717567106e+03	1.711391913323546121e-01	1.043594302827632464e-01	3.032207620665683945e-01	1.910135152125229940e-01	8.873505208080390005e-02	4.065800196133816102e-02	1.008740470635223624e-01
2.172158825931222509e+03	1.709264567960697145e-01	1.042133333597073941e-01	3.033548066288445644e-01	1.911067910800927638e-01	8.877711033881639791e-02	4.068871983923771918e-02	1.009327819571051027e-01
2.176996596144877003e+03	1.707149181382863201e-01	1.040680579060183769e-01	3.034880865249533488e-01	1.911995261382558320e-01	8.881894785827949834e-02	4.071928652860036524e-02	1.009911769054799152e-01
2.181834366358532861e+03	1.705045686280586004e-01	1.039235992962365268e-01	3.036206062365356395e-01	1.912917234999752525e-01	8.886056578014334129e-02	4.074970270684833556e-02	1.010492338520760508e-01
2.186672136572187810e+03	1.702954015724070236e-01	1.037799529310120955e-01	3.037523702174806384e-01	1.913833862606900416e-01	8.890196523956556129e-02	4.077996904912930404e-02	1.011069547295890408e-01
2.191509906785843214e+03	1.700874103161035544e-01	1.036371142369573034e-01	3.038833828941160387e-01	1.914745174984080200e-01	8.894314736594016724e-02	4.081008622831396732e-02	1.011643414600346402e-01
2.196347676999498617e+03	1.698805882414576029e-01	1.034950786664989575e-01	3.040136486653958192e-01	1.915651202737984060e-01	8.898411328292649136e-02	4.084005491499385215e-02	1.012213959548026176e-01
2.201185447213154021e+03	1.696749287681035279e-01	1.033538416977320962e-01	3.041431719030868730e-01	1.916551976302837690e-01	8.902486410847780529e-02	4.086987577747928230e-02	1.012781201147103932e-01
2.206023217426809424e+03	1.694704253527893889e-01	1.032133988342744113e-01	3.042719569519543032e-01	1.917447525941318731e-01	8.906540095486988051e-02	4.089954948179753275e-02	1.013345158300563847e-01
2.210860987640464373e+03	1.692670714891666428e-01	1.030737456051215167e-01	3.044000081299449434e-01	1.918337881745468820e-01	8.910572492872939621e-02	4.092907669169111584e-02	1.013905849806732151e-01
2.215698757854119776e+03	1.690648607075813104e-01	1.029348775645030911e-01	3.045273297283699887e-01	1.919223073637601751e-01	8.914583713106212504e-02	4.095845806861628940e-02	1.014463294359806977e-01
2.220536528067775180e+03	1.688637865748661149e-01	1.027967902917396592e-01	3.046539260120853521e-01	1.920103131371209970e-01	8.918573865728113281e-02	4.098769427174168284e-02	1.015017510550386831e-01
2.225374298281430583e+03	1.686638426941339530e-01	1.026594793911004833e-01	3.047798012196715756e-01	1.920978084531862196e-01	8.922543059723467285e-02	4.101678595794708282e-02	1.015568516865995724e-01
2.230212068495085077e+03	1.684650227045725035e-01	1.025229404916620513e-01	3.049049595636115217e-01	1.921847962538102694e-01	8.926491403523401091e-02	4.104573378182242022e-02	1.016116331691607755e-01
2.235049838708740936e+03	1.682673202812400570e-01	1.023871692471673839e-01	3.050294052304671211e-01	1.922712794642341405e-01	8.930419005008112532e-02	4.107453839566688886e-02	1.016660973310168775e-01
2.239887608922396339e+03	1.680707291348623178e-01	1.022521613358863130e-01	3.051531423810546206e-01	1.923572609931742949e-01	8.934325971509622655e-02	4.110320044948820306e-02	1.017202459903116252e-01
2.244725379136052197e+03	1.678752430116305927e-01	1.021179124604762872e-01	3.052761751506186116e-01	1.924427437329112034e-01	8.938212409814519366e-02	4.113172059100202171e-02	1.017740809550897463e-01
2.249563149349706237e+03	1.676808556930010075e-01	1.019844183478443161e-01	3.053985076490043915e-01	1.925277305593771637e-01	8.942078426166676086e-02	4.116009946563151806e-02	1.018276040233485197e-01
2.254400919563362095e+03	1.674875609954949440e-01	1.018516747490094271e-01	3.055201439608292713e-01	1.926122243322440086e-01	8.945924126269973187e-02	4.118833771650710213e-02	1.018808169830891786e-01
2.259238689777017044e+03	1.672953527705006160e-01	1.017196774389659553e-01	3.056410881456524953e-01	1.926962278950103413e-01	8.949749615290990279e-02	4.121643598446626811e-02	1.019337216123681056e-01
2.264076459990672902e+03	1.671042249040755601e-01	1.015884222165477357e-01	3.057613442381437729e-01	1.927797440750882718e-01	8.953554997861690179e-02	4.124439490805359432e-02	1.019863196793478199e-01
