1.001418434226643626e+03	2.811270238657333498e-01	1.793331793221677462e-01	2.345364555936118867e-01	1.409082131908569735e-01	6.815977851349237782e-02	2.681735411944258934e-02	6.911799539456928154e-02
1.003837319333471214e+03	2.807107161106415782e-01	1.790487869280813493e-01	2.348368889627347744e-01	1.410826737410563192e-01	6.823187939706415461e-02	2.686085063000537981e-02	6.922820423029066306e-02
1.006256204440298802e+03	2.802955843410846470e-01	1.787651968998013874e-01	2.351364499838175803e-01	1.412566147200811639e-01	6.830377545009369555e-02	2.690427206864106149e-02	6.933810653635461008e-02
1.008675089547126618e+03	2.798816251928298859e-01	1.784824069903348798e-01	2.354351411366792657e-01	1.414300378902520750e-01	6.837546733864288684e-02	2.694761838711797267e-02	6.944770306401717996e-02
1.011093974653954206e+03	2.794688353123815361e-01	1.782004149581521146e-01	2.357329648940558464e-01	1.416029450058198247e-01	6.844695572604145295e-02	2.699088953887247844e-02	6.955699456455087526e-02
1.013512859760782021e+03	2.790572113569121382e-01	1.779192185672033022e-01	2.360299237216225421e-01	1.417753378130300890e-01	6.851824127289844746e-02	2.703408547899536704e-02	6.966598178921228068e-02
1.015931744867609382e+03	2.786467499941950865e-01	1.776388155869340624e-01	2.363260200780155917e-01	1.419472180501872849e-01	6.858932463711375771e-02	2.707720616421829818e-02	6.977466548921010259e-02
1.018350629974437197e+03	2.782374479025387370e-01	1.773592037922999409e-01	2.366212564148540143e-01	1.421185874477176869e-01	6.866020647388962339e-02	2.712025155290034503e-02	6.988304641567384679e-02
1.020769515081264785e+03	2.778293017707217927e-01	1.770803809637796211e-01	2.369156351767614244e-01	1.422894477282315162e-01	6.873088743574222448e-02	2.716322160501460220e-02	6.999112531962302375e-02
1.023188400188092373e+03	2.774223082979301314e-01	1.768023448873873027e-01	2.372091588013874319e-01	1.424598006065842526e-01	6.880136817251335246e-02	2.720611628213486996e-02	7.009890295193695053e-02
1.025607285294920075e+03	2.770164641936945227e-01	1.765250933546840817e-01	2.375018297194290140e-01	1.426296477899372805e-01	6.887164933138202605e-02	2.724893554742241833e-02	7.020638006332501069e-02
1.028026170401747549e+03	2.766117661778301762e-01	1.762486241627882200e-01	2.377936503546520253e-01	1.427989909778173694e-01	6.894173155687623178e-02	2.729167936561282398e-02	7.031355740429749701e-02
1.030445055508575479e+03	2.762082109803770114e-01	1.759729351143848319e-01	2.380846231239123201e-01	1.429678318621757926e-01	6.901161549088463687e-02	2.733434770300289737e-02	7.042043572513692617e-02
1.032863940615402726e+03	2.758057953415412045e-01	1.756980240177342112e-01	2.383747504371766801e-01	1.431361721274463927e-01	6.908130177266832983e-02	2.737694052743765497e-02	7.052701577586995008e-02
1.035282825722230655e+03	2.754045160116379565e-01	1.754238886866798242e-01	2.386640346975440197e-01	1.433040134506029240e-01	6.915079103887265821e-02	2.741945780829739901e-02	7.063329830623968353e-02
1.037701710829058356e+03	2.750043697510353713e-01	1.751505269406549437e-01	2.389524783012661746e-01	1.434713575012156461e-01	6.922008392353896922e-02	2.746189951648486324e-02	7.073928406567854543e-02
1.040120595935886058e+03	2.746053533300990557e-01	1.748779366046889217e-01	2.392400836377686357e-01	1.436382059415073353e-01	6.928918105811647521e-02	2.750426562441241757e-02	7.084497380328161342e-02
1.042539481042713533e+03	2.742074635291382734e-01	1.746061155094125461e-01	2.395268530896713377e-01	1.438045604264083233e-01	6.935808307147410534e-02	2.754655610598938723e-02	7.095036826778049199e-02
1.044958366149541234e+03	2.738106971383525989e-01	1.743350614910625651e-01	2.398127890328090872e-01	1.439704226036109258e-01	6.942679058991231555e-02	2.758877093660940666e-02	7.105546820751751369e-02
1.047377251256368709e+03	2.734150509577798482e-01	1.740647723914855727e-01	2.400978938362521575e-01	1.441357941136233445e-01	6.949530423717498184e-02	2.763091009313787746e-02	7.116027437042057868e-02
1.049796136363196410e+03	2.730205217972447862e-01	1.737952460581412562e-01	2.403821698623266057e-01	1.443006765898225685e-01	6.956362463446130739e-02	2.767297355389948185e-02	7.126478750397832740e-02
1.052215021470024112e+03	2.726271064763087226e-01	1.735264803441048942e-01	2.406656194666345616e-01	1.444650716585068884e-01	6.963175240043766034e-02	2.771496129866578284e-02	7.136900835521584052e-02
1.054633906576851814e+03	2.722348018242202183e-01	1.732584731080692997e-01	2.409482449980743513e-01	1.446289809389474101e-01	6.969968815124949479e-02	2.775687330864290772e-02	7.147293767067072756e-02
1.057052791683679516e+03	2.718436046798661798e-01	1.729912222143459855e-01	2.412300487988606745e-01	1.447924060434394034e-01	6.976743250053321632e-02	2.779870956645929744e-02	7.157657619636967339e-02
1.059471676790506763e+03	2.714535118917243972e-01	1.727247255328660525e-01	2.415110332045445896e-01	1.449553485773524553e-01	6.983498605942810300e-02	2.784047005615351844e-02	7.167992467780542887e-02
1.061890561897334692e+03	2.710645203178160823e-01	1.724589809391800510e-01	2.417912005440333856e-01	1.451178101391804032e-01	6.990234943658819866e-02	2.788215476316217509e-02	7.178298385991421782e-02
1.064309447004162394e+03	2.706766268256601826e-01	1.721939863144577310e-01	2.420705531396104837e-01	1.452797923205905173e-01	6.996952323819413677e-02	2.792376367430788806e-02	7.188575448705353255e-02
1.066728332110990095e+03	2.702898282922275852e-01	1.719297395454869315e-01	2.423490933069550879e-01	1.454412967064720175e-01	7.003650806796513084e-02	2.796529677778732473e-02	7.198823730298037349e-02
1.069147217217817570e+03	2.699041216038963742e-01	1.716662385246721934e-01	2.426268233551617803e-01	1.456023248749840626e-01	7.010330452717077054e-02	2.800675406315935104e-02	7.209043305082987740e-02
1.071566102324645271e+03	2.695195036564078106e-01	1.714034811500327882e-01	2.429037455867603112e-01	1.457628783976030185e-01	7.016991321464291498e-02	2.804813552133320412e-02	7.219234247309437580e-02
1.073984987431472746e+03	2.691359713548229227e-01	1.711414653252001650e-01	2.431798622977348334e-01	1.459229588391694477e-01	7.023633472678753042e-02	2.808944114455678986e-02	7.229396631160274478e-02
1.076403872538300675e+03	2.687535216134798732e-01	1.708801889594151191e-01	2.434551757775434144e-01	1.460825677579341286e-01	7.030256965759655585e-02	2.813067092640501518e-02	7.239530530750028225e-02
1.078822757645127922e+03	2.683721513559520488e-01	1.706196499675243505e-01	2.437296883091373267e-01	1.462417067056039077e-01	7.036861859865972679e-02	2.817182486176820697e-02	7.249636020122886271e-02
1.081241642751955851e+03	2.679918575150062598e-01	1.703598462699767446e-01	2.440034021689803101e-01	1.464003772273866077e-01	7.043448213917637146e-02	2.821290294684062477e-02	7.259713173250748053e-02
1.083660527858783553e+03	2.676126370325623283e-01	1.701007757928191533e-01	2.442763196270677506e-01	1.465585808620357700e-01	7.050016086596719300e-02	2.825390517910901164e-02	7.269762064031318194e-02
1.086079412965611255e+03	2.672344868596525647e-01	1.698424364676918430e-01	2.445484429469455823e-01	1.467163191418946189e-01	7.056565536348607948e-02	2.829483155734124206e-02	7.279782766286237161e-02
1.088498298072438729e+03	2.668574039563822997e-01	1.695848262318235544e-01	2.448197743857295772e-01	1.468735935929395831e-01	7.063096621383187224e-02	2.833568208157503585e-02	7.289775353759243848e-02
1.090917183179266431e+03	2.664813852918905823e-01	1.693279430280260345e-01	2.450903161941240249e-01	1.470304057348232052e-01	7.069609399676002326e-02	2.837645675310675880e-02	7.299739900114375624e-02
1.093336068286093905e+03	2.661064278443118769e-01	1.690717848046884575e-01	2.453600706164406342e-01	1.471867570809167747e-01	7.076103928969436352e-02	2.841715557448026147e-02	7.309676478934197530e-02
1.095754953392921607e+03	2.657325286007378162e-01	1.688163495157714300e-01	2.456290398906174344e-01	1.473426491383522385e-01	7.082580266773878808e-02	2.845777854947582203e-02	7.319585163718078658e-02
1.098173838499749309e+03	2.653596845571797314e-01	1.685616351208006347e-01	2.458972262482373439e-01	1.474980834080636960e-01	7.089038470368887179e-02	2.849832568309915853e-02	7.329466027880485179e-02
1.100592723606577010e+03	2.649878927185316813e-01	1.683076395848600859e-01	2.461646319145467943e-01	1.476530613848285323e-01	7.095478596804352667e-02	2.853879698157049671e-02	7.339319144749319179e-02
1.103011608713404712e+03	2.646171500985338154e-01	1.680543608785852183e-01	2.464312591084742987e-01	1.478075845573077751e-01	7.101900702901660367e-02	2.857919245231371405e-02	7.349144587564282460e-02
1.105430493820231959e+03	2.642474537197363471e-01	1.678017969781557261e-01	2.466971100426490759e-01	1.479616544080862850e-01	7.108304845254845294e-02	2.861951210394557757e-02	7.358942429475277824e-02
1.107849378927059888e+03	2.638788006134639152e-01	1.675499458652879026e-01	2.469621869234192579e-01	1.481152724137123067e-01	7.114691080231747011e-02	2.865975594626500936e-02	7.368712743540835330e-02
1.110268264033887590e+03	2.635111878197804458e-01	1.672988055272269514e-01	2.472264919508702918e-01	1.482684400447367434e-01	7.121059463975161485e-02	2.869992399024247007e-02	7.378455602726574636e-02
1.112687149140715292e+03	2.631446123874540688e-01	1.670483739567388548e-01	2.474900273188433975e-01	1.484211587657517650e-01	7.127410052403986007e-02	2.874001624800937363e-02	7.388171079903697869e-02
1.115106034247542766e+03	2.627790713739232564e-01	1.667986491521021852e-01	2.477527952149534973e-01	1.485734300354291104e-01	7.133742901214361332e-02	2.878003273284760952e-02	7.397859247847506092e-02
1.117524919354370468e+03	2.624145618452624618e-01	1.665496291170994458e-01	2.480147978206075354e-01	1.487252553065580019e-01	7.140058065880820759e-02	2.881997345917909625e-02	7.407520179235957403e-02
1.119943804461197942e+03	2.620510808761490340e-01	1.663013118610083829e-01	2.482760373110224073e-01	1.488766360260825039e-01	7.146355601657417012e-02	2.885983844255543898e-02	7.417153946648236129e-02
1.122362689568025871e+03	2.616886255498295233e-01	1.660536953985930486e-01	2.485365158552431952e-01	1.490275736351385494e-01	7.152635563578861599e-02	2.889962769964762868e-02	7.426760622563371994e-02
1.124781574674853118e+03	2.613271929580871511e-01	1.658067777500946138e-01	2.487962356161609045e-01	1.491780695690905767e-01	7.158898006461650310e-02	2.893934124823582463e-02	7.436340279358867600e-02
1.127200459781681047e+03	2.609667802012095028e-01	1.655605569412218203e-01	2.490551987505304210e-01	1.493281252575676676e-01	7.165142984905192858e-02	2.897897910719920977e-02	7.445892989309370325e-02
1.129619344888508749e+03	2.606073843879562202e-01	1.653150310031416270e-01	2.493134074089883023e-01	1.494777421244993798e-01	7.171370553292930050e-02	2.901854129650590849e-02	7.455418824585353932e-02
1.132038229995336451e+03	2.602490026355273600e-01	1.650701979724693014e-01	2.495708637360705417e-01	1.496269215881511905e-01	7.177580765793452333e-02	2.905802783720296684e-02	7.464917857251845978e-02
1.134457115102163925e+03	2.598916320695319193e-01	1.648260558912585383e-01	2.498275698702302206e-01	1.497756650611593854e-01	7.183773676361616956e-02	2.909743875140641603e-02	7.474390159267169098e-02
1.136876000208991627e+03	2.595352698239570266e-01	1.645826028069913571e-01	2.500835279438551884e-01	1.499239739505658364e-01	7.189949338739649864e-02	2.913677406229138803e-02	7.483835802481710042e-02
1.139294885315819101e+03	2.591799130411366892e-01	1.643398367725677489e-01	2.503387400832856602e-01	1.500718496578522798e-01	7.196107806458257317e-02	2.917603379408230738e-02	7.493254858636716476e-02
1.141713770422646803e+03	2.588255588717218725e-01	1.640977558462954344e-01	2.505932084088315359e-01	1.502192935789740669e-01	7.202249132837720835e-02	2.921521797204313861e-02	7.502647399363122915e-02
1.144132655529474505e+03	2.584722044746499692e-01	1.638563580918790674e-01	2.508469350347900528e-01	1.503663071043938593e-01	7.208373370988996331e-02	2.925432662246772730e-02	7.512013496180387773e-02
1.146551540636302207e+03	2.581198470171150450e-01	1.636156415784096874e-01	2.510999220694630218e-01	1.505128916191147415e-01	7.214480573814806286e-02	2.929335977267017582e-02	7.521353220495373415e-02
1.148970425743129908e+03	2.577684836745384733e-01	1.633756043803538116e-01	2.513521716151741470e-01	1.506590485027131110e-01	7.220570794010724991e-02	2.933231745097530929e-02	7.530666643601237331e-02
1.151389310849957155e+03	2.574181116305392369e-01	1.631362445775424441e-01	2.516036857682865113e-01	1.508047791293710416e-01	7.226644084066258245e-02	2.937119968670918319e-02	7.539953836676349663e-02
1.153808195956785084e+03	2.570687280769052285e-01	1.628975602551599455e-01	2.518544666192194526e-01	1.509500848679085905e-01	7.232700496265929979e-02	2.941000651018968112e-02	7.549214870783235720e-02
1.156227081063612786e+03	2.567203302135642184e-01	1.626595495037328754e-01	2.521045162524659378e-01	1.510949670818154400e-01	7.238740082690342525e-02	2.944873795271717512e-02	7.558449816867542081e-02
1.158645966170440488e+03	2.563729152485556551e-01	1.624222104191186400e-01	2.523538367466096055e-01	1.512394271292825942e-01	7.244762895217260468e-02	2.948739404656522400e-02	7.567658745757023520e-02
1.161064851277267962e+03	2.560264803980020765e-01	1.621855411024940297e-01	2.526024301743416411e-01	1.513834663632333544e-01	7.250768985522659804e-02	2.952597482497136203e-02	7.576841728160549350e-02
1.163483736384095664e+03	2.556810228860814105e-01	1.619495396603436721e-01	2.528502986024779298e-01	1.515270861313542106e-01	7.256758405081793761e-02	2.956448032212795687e-02	7.585998834667141699e-02
1.165902621490923138e+03	2.553365399449989415e-01	1.617142042044483752e-01	2.530974440919759871e-01	1.516702877761254287e-01	7.262731205170246118e-02	2.960291057317310237e-02	7.595130135745022104e-02
1.168321506597751068e+03	2.549930288149598878e-01	1.614795328518734696e-01	2.533438686979517240e-01	1.518130726348511927e-01	7.268687436864980367e-02	2.964126561418159791e-02	7.604235701740691411e-02
1.170740391704578315e+03	2.546504867441419240e-01	1.612455237249569018e-01	2.535895744696961551e-01	1.519554420396895811e-01	7.274627151045381934e-02	2.967954548215599384e-02	7.613315602878016619e-02
1.173159276811406244e+03	2.543089109886684240e-01	1.610121749512973544e-01	2.538345634506923854e-01	1.520973973176820704e-01	7.280550398394297629e-02	2.971775021501768532e-02	7.622369909257359355e-02
1.175578161918233945e+03	2.539682988125811502e-01	1.607794846637423114e-01	2.540788376786323188e-01	1.522389397907829567e-01	7.286457229399072311e-02	2.975587985159806881e-02	7.631398690854700184e-02
1.177997047025061647e+03	2.536286474878139963e-01	1.605474510003758737e-01	2.543223991854327570e-01	1.523800707758883044e-01	7.292347694352575849e-02	2.979393443162977120e-02	7.640402017520801781e-02
1.180415932131889122e+03	2.532899542941661197e-01	1.603160721045067683e-01	2.545652499972529403e-01	1.525207915848647011e-01	7.298221843354225913e-02	2.983191399573793812e-02	7.649379958980380423e-02
1.182834817238716823e+03	2.529522165192760186e-01	1.600853461246559972e-01	2.548073921345100912e-01	1.526611035245777626e-01	7.304079726311006604e-02	2.986981858543158105e-02	7.658332584831305245e-02
1.185253702345544298e+03	2.526154314585951632e-01	1.598552712145447086e-01	2.550488276118965669e-01	1.528010078969201657e-01	7.309921392938484308e-02	2.990764824309498707e-02	7.667259964543808592e-02
1.187672587452371999e+03	2.522795964153624615e-01	1.596258455330818171e-01	2.552895584383959582e-01	1.529405059988397098e-01	7.315746892761816611e-02	2.994540301197919432e-02	7.676162167459721353e-02
1.190091472559199701e+03	2.519447087005781682e-01	1.593970672443516534e-01	2.555295866172996311e-01	1.530795991223668495e-01	7.321556275116750112e-02	2.998308293619350931e-02	7.685039262791720782e-02
1.192510357666027403e+03	2.516107656329787945e-01	1.591689345176013903e-01	2.557689141462228810e-01	1.532182885546419793e-01	7.327349589150627951e-02	3.002068806069711077e-02	7.693891319622606084e-02
1.194929242772855105e+03	2.512777645390114611e-01	1.589414455272287752e-01	2.560075430171213640e-01	1.533565755779427164e-01	7.333126883823375131e-02	3.005821843129069526e-02	7.702718406904576764e-02
1.197348127879682352e+03	2.509457027528088080e-01	1.587145984527694176e-01	2.562454752163073612e-01	1.534944614697105192e-01	7.338888207908485228e-02	3.009567409460818868e-02	7.711520593458545680e-02
1.199767012986510281e+03	2.506145776161640137e-01	1.584883914788842996e-01	2.564827127244656002e-01	1.536319475025774706e-01	7.344633609994008494e-02	3.013305509810852365e-02	7.720297947973456254e-02
1.202185898093337983e+03	2.502843864785062045e-01	1.582628227953471467e-01	2.567192575166697410e-01	1.537690349443924798e-01	7.350363138483526071e-02	3.017036149006746201e-02	7.729050539005624665e-02
1.204604783200165684e+03	2.499551266968755292e-01	1.580378905970317160e-01	2.569551115623984194e-01	1.539057250582472891e-01	7.356076841597122828e-02	3.020759331956947985e-02	7.737778434978091757e-02
1.207023668306993159e+03	2.496267956358987627e-01	1.578135930838991396e-01	2.571902768255509009e-01	1.540420191025025365e-01	7.361774767372350481e-02	3.024475063649971832e-02	7.746481704180001315e-02
1.209442553413820860e+03	2.492993906677649640e-01	1.575899284609852957e-01	2.574247552644634562e-01	1.541779183308131518e-01	7.367456963665193481e-02	3.028183349153599005e-02	7.755160414765983889e-02
1.211861438520648335e+03	2.489729091722013010e-01	1.573668949383878746e-01	2.576585488319249606e-01	1.543134239921537254e-01	7.373123478151022425e-02	3.031884193614083414e-02	7.763814634755562827e-02
1.214280323627476264e+03	2.486473485364490976e-01	1.571444907312536943e-01	2.578916594751931579e-01	1.544485373308437937e-01	7.378774358325544680e-02	3.035577602255364049e-02	7.772444432032575568e-02
1.216699208734303511e+03	2.483227061552398252e-01	1.569227140597658776e-01	2.581240891360098710e-01	1.545832595865725134e-01	7.384409651505750849e-02	3.039263580378282967e-02	7.781049874344610207e-02
1.219118093841131440e+03	2.479989794307714546e-01	1.567015631491310568e-01	2.583558397506174331e-01	1.547175919944233924e-01	7.390029404830852910e-02	3.042942133359807788e-02	7.789631029302454546e-02
1.221536978947959142e+03	2.476761657726848365e-01	1.564810362295663837e-01	2.585869132497740086e-01	1.548515357848988527e-01	7.395633665263220968e-02	3.046613266652261481e-02	7.798187964379563186e-02
1.223955864054786844e+03	2.473542625980402476e-01	1.562611315362867070e-01	2.588173115587691919e-01	1.549850921839442952e-01	7.401222479589310288e-02	3.050276985782555614e-02	7.806720746911539888e-02
1.226374749161614318e+03	2.470332673312940763e-01	1.560418473094918601e-01	2.590470365974399392e-01	1.551182624129720800e-01	7.406795894420588333e-02	3.053933296351431584e-02	7.815229444095635192e-02
1.228793634268442020e+03	2.467131774042755910e-01	1.558231817943535047e-01	2.592760902801859446e-01	1.552510476888854241e-01	7.412353956194446536e-02	3.057582204032705669e-02	7.823714122990246822e-02
1.231212519375269494e+03	2.463939902561640138e-01	1.556051332410023080e-01	2.595044745159851840e-01	1.553834492241018828e-01	7.417896711175125946e-02	3.061223714572519627e-02	7.832174850514454778e-02
1.233631404482097196e+03	2.460757033334654842e-01	1.553876999045150364e-01	2.597321912084094575e-01	1.555154682265767752e-01	7.423424205454610958e-02	3.064857833788599967e-02	7.840611693447555042e-02
1.236050289588924898e+03	2.457583140899903262e-01	1.551708800449015102e-01	2.599592422556397664e-01	1.556471058998262491e-01	7.428936484953541086e-02	3.068484567569516180e-02	7.849024718428609937e-02
1.238469174695752372e+03	2.454418199868302342e-01	1.549546719270917527e-01	2.601856295504815231e-01	1.557783634429502906e-01	7.434433595422107466e-02	3.072103921873951121e-02	7.857413991956012367e-02
1.240888059802580301e+03	2.451262184923359844e-01	1.547390738209229732e-01	2.604113549803803163e-01	1.559092420506554277e-01	7.439915582440939645e-02	3.075715902729972070e-02	7.865779580387069481e-02
1.243306944909407548e+03	2.448115070820947314e-01	1.545240840011266603e-01	2.606364204274368435e-01	1.560397429132773517e-01	7.445382491421997928e-02	3.079320516234309441e-02	7.874121549937589115e-02
1.245725830016235477e+03	2.444976832389078869e-01	1.543097007473154814e-01	2.608608277684222876e-01	1.561698672168031488e-01	7.450834367609451836e-02	3.082917768551640680e-02	7.882439966681484278e-02
1.248144715123063179e+03	2.441847444527688038e-01	1.540959223439705705e-01	2.610845788747933605e-01	1.562996161428935604e-01	7.456271256080555798e-02	3.086507665913878345e-02	7.890734896550392896e-02
1.250563600229890881e+03	2.438726882208407665e-01	1.538827470804282060e-01	2.613076756127077904e-01	1.564289908689049657e-01	7.461693201746520676e-02	3.090090214619464412e-02	7.899006405333303116e-02
1.252982485336718355e+03	2.435615120474350082e-01	1.536701732508670426e-01	2.615301198430390883e-01	1.565579925679110307e-01	7.467100249353382513e-02	3.093665421032669796e-02	7.907254558676199419e-02
1.255401370443546057e+03	2.432512134439887286e-01	1.534581991542951773e-01	2.617519134213917020e-01	1.566866224087244408e-01	7.472492443482854629e-02	3.097233291582897341e-02	7.915479422081710126e-02
1.257820255550373531e+03	2.429417899290435556e-01	1.532468230945371046e-01	2.619730581981161155e-01	1.568148815559182729e-01	7.477869828553190823e-02	3.100793832763992786e-02	7.923681060908778495e-02
1.260239140657201460e+03	2.426332390282236739e-01	1.530360433802207265e-01	2.621935560183238367e-01	1.569427711698471450e-01	7.483232448820027749e-02	3.104347051133558855e-02	7.931859540372335204e-02
1.262658025764028707e+03	2.423255582742145364e-01	1.528258583247644742e-01	2.624134087219021083e-01	1.570702924066684214e-01	7.488580348377237017e-02	3.107892953312275247e-02	7.940014925542991653e-02
1.265076910870856636e+03	2.420187452067411038e-01	1.526162662463642905e-01	2.626326181435290619e-01	1.571974464183629738e-01	7.493913571157757858e-02	3.111431545983222094e-02	7.948147281346734649e-02
1.267495795977684338e+03	2.417127973725467505e-01	1.524072654679806960e-01	2.628511861126883731e-01	1.573242343527559151e-01	7.499232160934433955e-02	3.114962835891211396e-02	7.956256672564637755e-02
1.269914681084511813e+03	2.414077123253719759e-01	1.521988543173258823e-01	2.630691144536840831e-01	1.574506573535371656e-01	7.504536161320843335e-02	3.118486829842121583e-02	7.964343163832583727e-02
1.272333566191339514e+03	2.411034876259331716e-01	1.519910311268507785e-01	2.632864049856553645e-01	1.575767165602817432e-01	7.509825615772117158e-02	3.122003534702235197e-02	7.972406819641002229e-02
1.274752451298167216e+03	2.408001208419016104e-01	1.517837942337321167e-01	2.635030595225912875e-01	1.577024131084700242e-01	7.515100567585764058e-02	3.125512957397585945e-02	7.980447704334604764e-02
1.277171336404994690e+03	2.404976095478826292e-01	1.515771419798594699e-01	2.637190798733453634e-01	1.578277481295078111e-01	7.520361059902477829e-02	3.129015104913306783e-02	7.988465882112145977e-02
1.279590221511822392e+03	2.401959513253945910e-01	1.513710727118225685e-01	2.639344678416501999e-01	1.579527227507460663e-01	7.525607135706950668e-02	3.132509984292985994e-02	7.996461417026176632e-02
1.282009106618650094e+03	2.398951437628482064e-01	1.511655847808981712e-01	2.641492252261321005e-01	1.580773380955007856e-01	7.530838837828672527e-02	3.135997602638022907e-02	8.004434372982831281e-02
1.284427991725477568e+03	2.395951844555258281e-01	1.509606765430372977e-01	2.643633538203256639e-01	1.582015952830724270e-01	7.536056208942729095e-02	3.139477967106996809e-02	8.012384813741602052e-02
1.286846876832305497e+03	2.392960710055609397e-01	1.507563463588524888e-01	2.645768554126880501e-01	1.583254954287654226e-01	7.541259291570598378e-02	3.142951084915030641e-02	8.020312802915133266e-02
1.289265761939132744e+03	2.389978010219175608e-01	1.505525925936048171e-01	2.647897317866135802e-01	1.584490396439072746e-01	7.546448128080932016e-02	3.146416963333169281e-02	8.028218403969028527e-02
1.291684647045960673e+03	2.387003721203699302e-01	1.503494136171910633e-01	2.650019847204482248e-01	1.585722290358677344e-01	7.551622760690344938e-02	3.149875609687752959e-02	8.036101680221659216e-02
1.294103532152788375e+03	2.384037819234821609e-01	1.501468078041310605e-01	2.652136159875037036e-01	1.586950647080777321e-01	7.556783231464188344e-02	3.153327031359804550e-02	8.043962694843992400e-02
1.296522417259616077e+03	2.381080280605879784e-01	1.499447735335547593e-01	2.654246273560720848e-01	1.588175477600481944e-01	7.561929582317324094e-02	3.156771235784413404e-02	8.051801510859414590e-02
1.298941302366443551e+03	2.378131081677705427e-01	1.497433091891895718e-01	2.656350205894398298e-01	1.589396792873886410e-01	7.567061855014887983e-02	3.160208230450131661e-02	8.059618191143576305e-02
1.301360187473271253e+03	2.375190198878424641e-01	1.495424131593475758e-01	2.658447974459021146e-01	1.590614603818256700e-01	7.572180091173059957e-02	3.163638022898366403e-02	8.067412798424238030e-02
1.303779072580098727e+03	2.372257608703257914e-01	1.493420838369128312e-01	2.660539596787770966e-01	1.591828921312213596e-01	7.577284332259816291e-02	3.167060620722784298e-02	8.075185395281131440e-02
1.306197957686926657e+03	2.369333287714320835e-01	1.491423196193285283e-01	2.662625090364200142e-01	1.593039756195915035e-01	7.582374619595684540e-02	3.170476031568716241e-02	8.082936044145823395e-02
1.308616842793753904e+03	2.366417212540426473e-01	1.489431189085845264e-01	2.664704472622371201e-01	1.594247119271235968e-01	7.587450994354490164e-02	3.173884263132568245e-02	8.090664807301589656e-02
1.311035727900581833e+03	2.363509359876886096e-01	1.487444801112044745e-01	2.666777760947000586e-01	1.595451021301948213e-01	7.592513497564100378e-02	3.177285323161233715e-02	8.098371746883302469e-02
1.313454613007409534e+03	2.360609706485315429e-01	1.485464016382333496e-01	2.668844972673595772e-01	1.596651473013899480e-01	7.597562170107165225e-02	3.180679219451515438e-02	8.106056924877315384e-02
1.315873498114237009e+03	2.357718229193436210e-01	1.483488819052247165e-01	2.670906125088596816e-01	1.597848485095187676e-01	7.602597052721840609e-02	3.184065959849550348e-02	8.113720403121368885e-02
1.318292383221064711e+03	2.354834904894882730e-01	1.481519193322281269e-01	2.672961235429516247e-01	1.599042068196337985e-01	7.607618186002530758e-02	3.187445552250234293e-02	8.121362243304490469e-02
1.320711268327892412e+03	2.351959710549005877e-01	1.479555123437766295e-01	2.675010320885077286e-01	1.600232232930477172e-01	7.612625610400602927e-02	3.190818004596654434e-02	8.128982506966915544e-02
1.323130153434719887e+03	2.349092623180681627e-01	1.477596593688741688e-01	2.677053398595352074e-01	1.601418989873504561e-01	7.617619366225106270e-02	3.194183324879529967e-02	8.136581255500006937e-02
1.325549038541547588e+03	2.346233619880116750e-01	1.475643588409830398e-01	2.679090485651899889e-01	1.602602349564265782e-01	7.622599493643489321e-02	3.197541521136649384e-02	8.144158550146185505e-02
1.327967923648375290e+03	2.343382677802655911e-01	1.473696091980113698e-01	2.681121599097906483e-01	1.603782322504720692e-01	7.627566032682307762e-02	3.200892601452315356e-02	8.151714451998866295e-02
1.330386808755202765e+03	2.340539774168591824e-01	1.471754088823007123e-01	2.683146755928319527e-01	1.604958919160113795e-01	7.632519023227929411e-02	3.204236573956796563e-02	8.159249022002408591e-02
1.332805693862030694e+03	2.337704886262974568e-01	1.469817563406135286e-01	2.685165973089986280e-01	1.606132149959141608e-01	7.637458505027236444e-02	3.207573446825782298e-02	8.166762320952061782e-02
1.335224578968857941e+03	2.334877991435420630e-01	1.467886500241208647e-01	2.687179267481790146e-01	1.607302025294118919e-01	7.642384517688315115e-02	3.210903228279834987e-02	8.174254409493923734e-02
1.337643464075685870e+03	2.332059067099923610e-01	1.465960883883897503e-01	2.689186655954788341e-01	1.608468555521143650e-01	7.647297100681155202e-02	3.214225926583858667e-02	8.181725348124911645e-02
1.340062349182513572e+03	2.329248090734666599e-01	1.464040698933709861e-01	2.691188155312345121e-01	1.609631750960262286e-01	7.652196293338324462e-02	3.217541550046560533e-02	8.189175197192731515e-02
1.342481234289341273e+03	2.326445039881833154e-01	1.462125930033867649e-01	2.693183782310269447e-01	1.610791621895630854e-01	7.657082134855662525e-02	3.220850107019924274e-02	8.196604016895855938e-02
1.344900119396168748e+03	2.323649892147421070e-01	1.460216561871182650e-01	2.695173553656948218e-01	1.611948178575678403e-01	7.661954664292948414e-02	3.224151605898681328e-02	8.204011867283515780e-02
1.347319004502996449e+03	2.320862625201055018e-01	1.458312579175934931e-01	2.697157486013481709e-01	1.613101431213266879e-01	7.666813920574580554e-02	3.227446055119792545e-02	8.211398808255690462e-02
1.349737889609823924e+03	2.318083216775801425e-01	1.456413966721749054e-01	2.699135595993817360e-01	1.614251389985850160e-01	7.671659942490238748e-02	3.230733463161927776e-02	8.218764899563098247e-02
1.352156774716651853e+03	2.315311644667982782e-01	1.454520709325471117e-01	2.701107900164885223e-01	1.615398065035633379e-01	7.676492768695550306e-02	3.234013838544953778e-02	8.226110200807215667e-02
1.354575659823479100e+03	2.312547886736993075e-01	1.452632791847048577e-01	2.703074415046729517e-01	1.616541466469728627e-01	7.681312437712750629e-02	3.237287189829423512e-02	8.233434771440276134e-02
1.356994544930307029e+03	2.309791920905113483e-01	1.450750199189406731e-01	2.705035157112642419e-01	1.617681604360312053e-01	7.686118987931335467e-02	3.240553525616071684e-02	8.240738670765294926e-02
1.359413430037134731e+03	2.307043725157330583e-01	1.448872916298327429e-01	2.706990142789295062e-01	1.618818488744779294e-01	7.690912457608711783e-02	3.243812854545313068e-02	8.248021957936088611e-02
1.361832315143962205e+03	2.304303277541152883e-01	1.447000928162328615e-01	2.708939388456875208e-01	1.619952129625898407e-01	7.695692884870845851e-02	3.247065185296741513e-02	8.255284691957305576e-02
1.364251200250789907e+03	2.301570556166427362e-01	1.445134219812542198e-01	2.710882910449211591e-01	1.621082536971963362e-01	7.700460307712898855e-02	3.250310526588639365e-02	8.262526931684459341e-02
1.366670085357617609e+03	2.298845539205160993e-01	1.443272776322593320e-01	2.712820725053911586e-01	1.622209720716945580e-01	7.705214763999872207e-02	3.253548887177485499e-02	8.269748735823971575e-02
1.369088970464445310e+03	2.296128204891337565e-01	1.441416582808480729e-01	2.714752848512488881e-01	1.623333690760644377e-01	7.709956291467237599e-02	3.256780275857470291e-02	8.276950162933216504e-02
1.371507855571272785e+03	2.293418531520738934e-01	1.439565624428456037e-01	2.716679297020496153e-01	1.624454456968837945e-01	7.714684927721560115e-02	3.260004701460009202e-02	8.284131271420572262e-02
1.373926740678100487e+03	2.290716497450765721e-01	1.437719886382904377e-01	2.718600086727654408e-01	1.625572029173430744e-01	7.719400710241129671e-02	3.263222172853268849e-02	8.291292119545477790e-02
1.376345625784927961e+03	2.288022081100257177e-01	1.435879353914223666e-01	2.720515233737983429e-01	1.626686417172601984e-01	7.724103676376582739e-02	3.266432698941688223e-02	8.298432765418493895e-02
1.378764510891755890e+03	2.285335260949313829e-01	1.434044012306706917e-01	2.722424754109931122e-01	1.627797630730952183e-01	7.728793863351510196e-02	3.269636288665508927e-02	8.305553267001374029e-02
1.381183395998583137e+03	2.282656015539119565e-01	1.432213846886421504e-01	2.724328663856502297e-01	1.628905679579648602e-01	7.733471308263073496e-02	3.272832951000305413e-02	8.312653682107132291e-02
1.383602281105411066e+03	2.279984323471765384e-01	1.430388843021091760e-01	2.726226978945389678e-01	1.630010573416570407e-01	7.738136048082615293e-02	3.276022694956522846e-02	8.319734068400122529e-02
1.386021166212238768e+03	2.277320163410071485e-01	1.428568986119980455e-01	2.728119715299098802e-01	1.631112321906452445e-01	7.742788119656260348e-02	3.279205529579017064e-02	8.326794483396122992e-02
1.388440051319066470e+03	2.274663514077411297e-01	1.426754261633770005e-01	2.730006888795080688e-01	1.632210934681027903e-01	7.747427559705515054e-02	3.282381463946593136e-02	8.333834984462422379e-02
1.390858936425893944e+03	2.272014354257538282e-01	1.424944655054445342e-01	2.731888515265855633e-01	1.633306421339170700e-01	7.752054404827862788e-02	3.285550507171557111e-02	8.340855628817908651e-02
1.393277821532721646e+03	2.269372662794409690e-01	1.423140151915175955e-01	2.733764610499142544e-01	1.634398791447035648e-01	7.756668691497357881e-02	3.288712668399263600e-02	8.347856473533167565e-02
1.395696706639549120e+03	2.266738418592012250e-01	1.421340737790198483e-01	2.735635190237986070e-01	1.635488054538199454e-01	7.761270456065209877e-02	3.291867956807668916e-02	8.354837575530583982e-02
1.398115591746377049e+03	2.264111600614188702e-01	1.419546398294700973e-01	2.737500270180883155e-01	1.636574220113799494e-01	7.765859734760366395e-02	3.295016381606890449e-02	8.361798991584450114e-02
1.400534476853204296e+03	2.261492187884465987e-01	1.417757119084703810e-01	2.739359865981907394e-01	1.637657297642671761e-01	7.770436563690100162e-02	3.298157952038765356e-02	8.368740778321073770e-02
1.402953361960032225e+03	2.258880159485881223e-01	1.415972885856947028e-01	2.741213993250838366e-01	1.638737296561488255e-01	7.775000978840576615e-02	3.301292677376414103e-02	8.375662992218889380e-02
1.405372247066859927e+03	2.256275494560810169e-01	1.414193684348770685e-01	2.743062667553285428e-01	1.639814226274894371e-01	7.779553016077428440e-02	3.304420566923810948e-02	8.382565689608581505e-02
1.407791132173687402e+03	2.253678172310797367e-01	1.412419500338001899e-01	2.744905904410812059e-01	1.640888096155643239e-01	7.784092711146325949e-02	3.307541630015352341e-02	8.389448926673204188e-02
1.410210017280515103e+03	2.251088171996383225e-01	1.410650319642838268e-01	2.746743719301062425e-01	1.641958915544731168e-01	7.788620099673537744e-02	3.310655876015430876e-02	8.396312759448314178e-02
1.412628902387342805e+03	2.248505472936935257e-01	1.408886128121731862e-01	2.748576127657884616e-01	1.643026693751531708e-01	7.793135217166491380e-02	3.313763314318014797e-02	8.403157243822094447e-02
1.415047787494170507e+03	2.245930054510477669e-01	1.407126911673276248e-01	2.750403144871456096e-01	1.644091440053927766e-01	7.797638099014332635e-02	3.316863954346227494e-02	8.409982435535494349e-02
1.417466672600997981e+03	2.243361896153523438e-01	1.405372656236091033e-01	2.752224786288406944e-01	1.645153163698445109e-01	7.802128780488473692e-02	3.319957805551933261e-02	8.416788390182365631e-02
1.419885557707825683e+03	2.240800977360904167e-01	1.403623347788707509e-01	2.754041067211941973e-01	1.646211873900382539e-01	7.806607296743149627e-02	3.323044877415322340e-02	8.423575163209605365e-02
1.422304442814653157e+03	2.238247277685602443e-01	1.401878972349455688e-01	2.755852002901965081e-01	1.647267579843943452e-01	7.811073682815956876e-02	3.326125179444505003e-02	8.430342809917308611e-02
1.424723327921481086e+03	2.235700776738585582e-01	1.400139515976349669e-01	2.757657608575203034e-01	1.648320290682364908e-01	7.815527973628395852e-02	3.329198721175102155e-02	8.437091385458909965e-02
1.427142213028308333e+03	2.233161454188636874e-01	1.398404964766975511e-01	2.759457899405325376e-01	1.649370015538046130e-01	7.819970203986412183e-02	3.332265512169845650e-02	8.443820944841341769e-02
1.429561098135136262e+03	2.230629289762190715e-01	1.396675304858376598e-01	2.761252890523069325e-01	1.650416763502678130e-01	7.824400408580926836e-02	3.335325562018175843e-02	8.450531542925196482e-02
1.431979983241963964e+03	2.228104263243165239e-01	1.394950522426942896e-01	2.763042597016357460e-01	1.651460543637369438e-01	7.828818621988374582e-02	3.338378880335848148e-02	8.457223234424875169e-02
1.434398868348791666e+03	2.225586354472797734e-01	1.393230603688296876e-01	2.764827033930424283e-01	1.652501364972773501e-01	7.833224878671220248e-02	3.341425476764538216e-02	8.463896073908767914e-02
1.436817753455619140e+03	2.223075543349480043e-01	1.391515534897183604e-01	2.766606216267931684e-01	1.653539236509214694e-01	7.837619212978490235e-02	3.344465360971450585e-02	8.470550115799405089e-02
1.439236638562446842e+03	2.220571809828594256e-01	1.389805302347356664e-01	2.768380158989093842e-01	1.654574167216812941e-01	7.842001659146288772e-02	3.347498542648935649e-02	8.477185414373641925e-02
1.441655523669274316e+03	2.218075133922347286e-01	1.388099892371468247e-01	2.770148877011796573e-01	1.655606166035607507e-01	7.846372251298319722e-02	3.350525031514101776e-02	8.483802023762826439e-02
1.444074408776102018e+03	2.215585495699609331e-01	1.386399291340957574e-01	2.771912385211715013e-01	1.656635241875681619e-01	7.850731023446393120e-02	3.353544837308436444e-02	8.490399997952979838e-02
1.446493293882929493e+03	2.213102875285750393e-01	1.384703485665939870e-01	2.773670698422435743e-01	1.657661403617284590e-01	7.855078009490940039e-02	3.356557969797428764e-02	8.496979390784972774e-02
1.448912178989757422e+03	2.210627252862478465e-01	1.383012461795095904e-01	2.775423831435575028e-01	1.658684660110953391e-01	7.859413243221514966e-02	3.359564438770191314e-02	8.503540255954712690e-02
1.451331064096585123e+03	2.208158608667676048e-01	1.381326206215563179e-01	2.777171799000897612e-01	1.659705020177634771e-01	7.863736758317300957e-02	3.362564254039094452e-02	8.510082647013332557e-02
1.453749949203412370e+03	2.205696922995241394e-01	1.379644705452824083e-01	2.778914615826435508e-01	1.660722492608805723e-01	7.868048588347607841e-02	3.365557425439390932e-02	8.516606617367378229e-02
1.456168834310240300e+03	2.203242176194925295e-01	1.377967946070596528e-01	2.780652296578606797e-01	1.661737086166593103e-01	7.872348766772373219e-02	3.368543962828854377e-02	8.523112220278998563e-02
1.458587719417068001e+03	2.200794348672172607e-01	1.376295914670725429e-01	2.782384855882332753e-01	1.662748809583892706e-01	7.876637326942646788e-02	3.371523876087415689e-02	8.529599508866145263e-02
1.461006604523895703e+03	2.198353420887960985e-01	1.374628597893073900e-01	2.784112308321156082e-01	1.663757671564487506e-01	7.880914302101085789e-02	3.374497175116802916e-02	8.536068536102768556e-02
1.463425489630723177e+03	2.195919373358642124e-01	1.372965982415414177e-01	2.785834668437356942e-01	1.664763680783166722e-01	7.885179725382440719e-02	3.377463869840181127e-02	8.542519354819019806e-02
1.465844374737550879e+03	2.193492186655783549e-01	1.371308054953319089e-01	2.787551950732071737e-01	1.665766845885841285e-01	7.889433629814035509e-02	3.380423970201803380e-02	8.548952017701452744e-02
1.468263259844378354e+03	2.191071841406009302e-01	1.369654802260054094e-01	2.789264169665405801e-01	1.666767175489661523e-01	7.893676048316250471e-02	3.383377486166655457e-02	8.555366577293233021e-02
1.470682144951206283e+03	2.188658318290842841e-01	1.368006211126469029e-01	2.790971339656556083e-01	1.667764678183131233e-01	7.897907013702999690e-02	3.386324427720108221e-02	8.561763085994344991e-02
1.473101030058033530e+03	2.186251598046549116e-01	1.366362268380892364e-01	2.792673475083921053e-01	1.668759362526224255e-01	7.902126558682201485e-02	3.389264804867572756e-02	8.568141596061804033e-02
1.475519915164861459e+03	2.183851661463977190e-01	1.364722960889021841e-01	2.794370590285218947e-01	1.669751237050498549e-01	7.906334715856246087e-02	3.392198627634156888e-02	8.574502159609870278e-02
1.477938800271689161e+03	2.181458489388405642e-01	1.363088275553818729e-01	2.796062699557603226e-01	1.670740310259209715e-01	7.910531517722468875e-02	3.395125906064325183e-02	8.580844828610266484e-02
1.480357685378516862e+03	2.179072062719385194e-01	1.361458199315401796e-01	2.797749817157776375e-01	1.671726590627423681e-01	7.914716996673615279e-02	3.398046650221561021e-02	8.587169654892388981e-02
1.482776570485344337e+03	2.176692362410582726e-01	1.359832719150939895e-01	2.799431957302104257e-01	1.672710086602130219e-01	7.918891184998294586e-02	3.400960870188031449e-02	8.593476690143542207e-02
