1.001418434226643626e+03	2.811102818274074377e-01	1.793541934383582614e-01	2.345265408508229732e-01	1.409764176390050916e-01	6.807458272155184065e-02	2.687715771629483816e-02	6.908082580643656878e-02
1.002869765290740247e+03	2.808603916171585890e-01	1.791834346873630857e-01	2.347068531858280127e-01	1.410815589165554662e-01	6.811768686387553728e-02	2.690372577048069647e-02	6.914634895861554442e-02
1.004321096354836754e+03	2.806109251874309152e-01	1.790129651052533299e-01	2.348868512434402200e-01	1.411865117859804897e-01	6.816071762702792525e-02	2.693026659070924325e-02	6.921176246003483967e-02
1.005772427418933376e+03	2.803618818101722421e-01	1.788427842066146467e-01	2.350665355599930728e-01	1.412912766271210152e-01	6.820367514507448548e-02	2.695678015796994925e-02	6.927706649293156882e-02
1.007223758483029997e+03	2.801132607587326073e-01	1.786728915067298806e-01	2.352459066709001734e-01	1.413958538188465064e-01	6.824655955181062328e-02	2.698326645352657621e-02	6.934226123933059927e-02
1.008675089547126618e+03	2.798650613078584870e-01	1.785032865215805675e-01	2.354249651106569419e-01	1.415002437390591727e-01	6.828937098076247325e-02	2.700972545891592788e-02	6.940734688104342742e-02
1.010126420611223239e+03	2.796172827336873556e-01	1.783339687678484331e-01	2.356037114128422816e-01	1.416044467646979388e-01	6.833210956518742663e-02	2.703615715594661142e-02	6.947232359966690196e-02
1.011577751675319632e+03	2.793699243137424681e-01	1.781649377629166975e-01	2.357821461101203830e-01	1.417084632717426629e-01	6.837477543807483904e-02	2.706256152669778148e-02	6.953719157658214134e-02
1.013029082739416367e+03	2.791229853269270866e-01	1.779961930248716018e-01	2.359602697342423061e-01	1.418122936352180508e-01	6.841736873214665504e-02	2.708893855351790850e-02	6.960195099295338195e-02
1.014480413803512761e+03	2.788764650535195955e-01	1.778277340725034905e-01	2.361380828160478118e-01	1.419159382291976801e-01	6.845988957985804646e-02	2.711528821902352282e-02	6.966660202972685401e-02
1.015931744867609382e+03	2.786303627751680057e-01	1.776595604253081717e-01	2.363155858854670277e-01	1.420193974268079973e-01	6.850233811339807855e-02	2.714161050609799689e-02	6.973114486762974074e-02
1.017383075931706003e+03	2.783846777748849033e-01	1.774916716034881381e-01	2.364927794715220855e-01	1.421226716002321755e-01	6.854471446469032059e-02	2.716790539789029624e-02	6.979557968716908201e-02
1.018834406995802851e+03	2.781394093370425091e-01	1.773240671279535108e-01	2.366696641023288139e-01	1.422257611207140837e-01	6.858701876539349818e-02	2.719417287781376522e-02	6.985990666863076126e-02
1.020285738059899245e+03	2.778945567473674605e-01	1.771567465203233993e-01	2.368462403050984877e-01	1.423286663585620893e-01	6.862925114690213158e-02	2.722041292954488143e-02	6.992412599207850632e-02
1.021737069123995752e+03	2.776501192929358153e-01	1.769897093029267621e-01	2.370225086061394093e-01	1.424313876831529435e-01	6.867141174034716022e-02	2.724662553702204490e-02	6.998823783735282078e-02
1.023188400188092373e+03	2.774060962621683335e-01	1.768229549988034333e-01	2.371984695308586300e-01	1.425339254629355568e-01	6.871350067659658112e-02	2.727281068444436032e-02	7.005224238407010973e-02
1.024639731252188767e+03	2.771624869448254258e-01	1.766564831317050666e-01	2.373741236037636149e-01	1.426362800654348006e-01	6.875551808625601780e-02	2.729896835627040191e-02	7.011613981162168052e-02
1.026091062316285615e+03	2.769192906320027125e-01	1.764902932260959956e-01	2.375494713484638809e-01	1.427384518572552274e-01	6.879746409966944198e-02	2.732509853721700951e-02	7.017993029917278525e-02
1.027542393380382237e+03	2.766765066161258613e-01	1.763243848071542330e-01	2.377245132876726341e-01	1.428404412040847615e-01	6.883933884691974259e-02	2.735120121225808124e-02	7.024361402566178803e-02
1.028993724444478858e+03	2.764341341909461458e-01	1.761587574007720813e-01	2.378992499432084629e-01	1.429422484706984742e-01	6.888114245782935019e-02	2.737727636662336261e-02	7.030719116979920746e-02
1.030445055508575479e+03	2.761921726515359499e-01	1.759934105335570487e-01	2.380736818359969198e-01	1.430438740209621917e-01	6.892287506196084768e-02	2.740332398579723577e-02	7.037066191006688398e-02
1.031896386572671872e+03	2.759506212942839931e-01	1.758283437328325149e-01	2.382478094860722706e-01	1.431453182178360484e-01	6.896453678861760861e-02	2.742934405551751900e-02	7.043402642471710551e-02
1.033347717636768493e+03	2.757094794168908902e-01	1.756635565266384258e-01	2.384216334125789372e-01	1.432465814233782886e-01	6.900612776684439398e-02	2.745533656177426979e-02	7.049728489177181645e-02
1.034799048700865114e+03	2.754687463183648766e-01	1.754990484437319309e-01	2.385951541337733295e-01	1.433476639987485979e-01	6.904764812542796282e-02	2.748130149080859480e-02	7.056043748902175727e-02
1.036250379764961508e+03	2.752284212990169787e-01	1.753348190135880502e-01	2.387683721670252890e-01	1.434485663042118220e-01	6.908909799289771059e-02	2.750723882911144946e-02	7.062348439402572897e-02
1.037701710829058356e+03	2.749885036604571287e-01	1.751708677664001179e-01	2.389412880288198648e-01	1.435492886991414363e-01	6.913047749752623816e-02	2.753314856342245487e-02	7.068642578410977428e-02
1.039153041893154750e+03	2.747489927055895564e-01	1.750071942330804486e-01	2.391139022347587850e-01	1.436498315420230709e-01	6.917178676732997633e-02	2.755903068072870776e-02	7.074926183636645605e-02
1.040604372957251599e+03	2.745098877386087932e-01	1.748437979452606983e-01	2.392862152995621772e-01	1.437501951904578690e-01	6.921302593006981030e-02	2.758488516826359746e-02	7.081199272765405228e-02
1.042055704021347992e+03	2.742711880649951750e-01	1.746806784352924191e-01	2.394582277370700396e-01	1.438503800011660672e-01	6.925419511325163480e-02	2.761071201350563664e-02	7.087461863459594558e-02
1.043507035085444613e+03	2.740328929915109568e-01	1.745178352362475038e-01	2.396299400602439900e-01	1.439503863299903541e-01	6.929529444412700634e-02	2.763651120417728174e-02	7.093713973357983205e-02
1.044958366149541234e+03	2.737950018261959828e-01	1.743552678819184354e-01	2.398013527811687917e-01	1.440502145318992566e-01	6.933632404969368446e-02	2.766228272824374640e-02	7.099955620075708296e-02
1.046409697213637855e+03	2.735575138783637450e-01	1.741929759068187866e-01	2.399724664110538808e-01	1.441498649609904426e-01	6.937728405669627008e-02	2.768802657391184613e-02	7.106186821204203696e-02
1.047861028277734476e+03	2.733204284585972199e-01	1.740309588461834422e-01	2.401432814602350030e-01	1.442493379704942180e-01	6.941817459162680226e-02	2.771374272962884300e-02	7.112407594311138948e-02
1.049312359341831097e+03	2.730837448787452049e-01	1.738692162359689597e-01	2.403137984381758796e-01	1.443486339127766915e-01	6.945899578072534108e-02	2.773943118408126601e-02	7.118617956940354041e-02
1.050763690405927491e+03	2.728474624519179881e-01	1.737077476128538189e-01	2.404840178534696504e-01	1.444477531393431324e-01	6.949974774998049498e-02	2.776509192619375579e-02	7.124817926611799745e-02
1.052215021470024112e+03	2.726115804924837960e-01	1.735465525142385335e-01	2.406539402138404560e-01	1.445466960008413015e-01	6.954043062513011464e-02	2.779072494512790925e-02	7.131007520821469603e-02
1.053666352534120733e+03	2.723760983160646854e-01	1.733856304782460389e-01	2.408235660261450473e-01	1.446454628470645598e-01	6.958104453166182035e-02	2.781633023028113813e-02	7.137186757041354135e-02
1.055117683598217127e+03	2.721410152395327686e-01	1.732249810437216930e-01	2.409928957963743679e-01	1.447440540269551712e-01	6.962158959481358489e-02	2.784190777128550676e-02	7.143355652719370064e-02
1.056569014662313975e+03	2.719063305810066056e-01	1.730646037502334700e-01	2.411619300296550805e-01	1.448424698886074946e-01	6.966206593957434412e-02	2.786745755800660099e-02	7.149514225279317292e-02
1.058020345726410369e+03	2.716720436598473176e-01	1.729044981380721269e-01	2.413306692302510936e-01	1.449407107792711480e-01	6.970247369068455212e-02	2.789297958054237289e-02	7.155662492120813678e-02
1.059471676790506763e+03	2.714381537966549240e-01	1.727446637482512315e-01	2.414991139015651711e-01	1.450387770453541725e-01	6.974281297263676405e-02	2.791847382922201318e-02	7.161800470619249237e-02
1.060923007854603611e+03	2.712046603132646228e-01	1.725851001225071901e-01	2.416672645461404312e-01	1.451366690324261688e-01	6.978308390967620511e-02	2.794394029460480627e-02	7.167928178125733407e-02
1.062374338918700232e+03	2.709715625327434041e-01	1.724258068032992752e-01	2.418351216656618452e-01	1.452343870852213781e-01	6.982328662580138123e-02	2.796937896747900623e-02	7.174045631967045089e-02
1.063825669982796853e+03	2.707388597793861096e-01	1.722667833338097365e-01	2.420026857609578752e-01	1.453319315476417906e-01	6.986342124476459248e-02	2.799478983886071609e-02	7.180152849445584073e-02
1.065277001046893474e+03	2.705065513787122677e-01	1.721080292579436899e-01	2.421699573320019727e-01	1.454293027627601709e-01	6.990348789007257146e-02	2.802017289999274990e-02	7.186249847839323857e-02
1.066728332110990095e+03	2.702746366574621528e-01	1.719495441203290342e-01	2.423369368779140498e-01	1.455265010728231667e-01	6.994348668498699684e-02	2.804552814234351904e-02	7.192336644401767232e-02
1.068179663175086489e+03	2.700431149435937317e-01	1.717913274663164513e-01	2.425036248969620611e-01	1.456235268192543064e-01	6.998341775252510388e-02	2.807085555760591850e-02	7.198413256361900492e-02
1.069630994239183110e+03	2.698119855662788336e-01	1.716333788419792949e-01	2.426700218865635306e-01	1.457203803426569411e-01	7.002328121546022577e-02	2.809615513769620626e-02	7.204479700924153185e-02
1.071082325303279504e+03	2.695812478559000414e-01	1.714756977941133964e-01	2.428361283432869944e-01	1.458170619828173253e-01	7.006307719632236253e-02	2.812142687475289657e-02	7.210535995268352316e-02
1.072533656367376352e+03	2.693509011440470835e-01	1.713182838702370647e-01	2.430019447628535834e-01	1.459135720787075319e-01	7.010280581739873618e-02	2.814667076113564967e-02	7.216582156549687654e-02
1.073984987431472746e+03	2.691209447635136143e-01	1.711611366185908090e-01	2.431674716401385772e-01	1.460099109684883656e-01	7.014246720073434582e-02	2.817188678942417548e-02	7.222618201898667323e-02
1.075436318495569594e+03	2.688913780482938276e-01	1.710042555881371718e-01	2.433327094691727366e-01	1.461060789895122503e-01	7.018206146813255053e-02	2.819707495241713033e-02	7.228644148421083104e-02
1.076887649559666215e+03	2.686622003335792375e-01	1.708476403285605905e-01	2.434976587431439410e-01	1.462020764783263371e-01	7.022158874115561056e-02	2.822223524313102402e-02	7.234660013197972972e-02
1.078338980623762609e+03	2.684334109557553472e-01	1.706912903902670919e-01	2.436623199543987150e-01	1.462979037706750585e-01	7.026104914112527022e-02	2.824736765479912357e-02	7.240665813285587782e-02
1.079790311687859230e+03	2.682050092523983742e-01	1.705352053243840704e-01	2.438266935944435609e-01	1.463935612015032917e-01	7.030044278912328526e-02	2.827247218087036024e-02	7.246661565715355191e-02
1.081241642751955851e+03	2.679769945622723082e-01	1.703793846827599823e-01	2.439907801539466514e-01	1.464890491049589960e-01	7.033976980599192241e-02	2.829754881500825756e-02	7.252647287493843575e-02
1.082692973816052472e+03	2.677493662253253026e-01	1.702238280179641239e-01	2.441545801227390788e-01	1.465843678143961826e-01	7.037903031233461171e-02	2.832259755108983493e-02	7.258622995602739825e-02
1.084144304880149093e+03	2.675221235826869548e-01	1.700685348832863264e-01	2.443180939898166038e-01	1.466795176623776065e-01	7.041822442851643216e-02	2.834761838320454252e-02	7.264588706998806322e-02
1.085595635944245487e+03	2.672952659766649197e-01	1.699135048327365394e-01	2.444813222433409594e-01	1.467744989806775702e-01	7.045735227466468076e-02	2.837261130565317535e-02	7.270544438613864291e-02
1.087046967008342108e+03	2.670687927507420234e-01	1.697587374210446087e-01	2.446442653706413228e-01	1.468693121002848101e-01	7.049641397066944148e-02	2.839757631294680465e-02	7.276490207354754935e-02
1.088498298072438729e+03	2.668427032495728768e-01	1.696042322036598327e-01	2.448069238582158413e-01	1.469639573514051056e-01	7.053540963618402937e-02	2.842251339980572319e-02	7.282426030103318626e-02
1.089949629136535123e+03	2.666169968189812667e-01	1.694499887367506008e-01	2.449692981917331314e-01	1.470584350634640269e-01	7.057433939062562889e-02	2.844742256115835935e-02	7.288351923716361591e-02
1.091400960200631971e+03	2.663916728059567141e-01	1.692960065772040612e-01	2.451313888560336385e-01	1.471527455651097660e-01	7.061320335317583519e-02	2.847230379214023277e-02	7.294267905025642040e-02
1.092852291264728365e+03	2.661667305586518095e-01	1.691422852826255374e-01	2.452931963351312195e-01	1.472468891842156902e-01	7.065200164278111206e-02	2.849715708809289275e-02	7.300173990837835469e-02
1.094303622328825213e+03	2.659421694263791047e-01	1.689888244113383342e-01	2.454547211122145300e-01	1.473408662478831177e-01	7.069073437815344418e-02	2.852198244456286697e-02	7.306070197934518007e-02
1.095754953392921607e+03	2.657179887596083367e-01	1.688356235223831825e-01	2.456159636696484128e-01	1.474346770824438713e-01	7.072940167777075349e-02	2.854677985730060680e-02	7.311956543072141435e-02
1.097206284457018228e+03	2.654941879099630975e-01	1.686826821755176842e-01	2.457769244889755345e-01	1.475283220134631090e-01	7.076800365987750974e-02	2.857154932225944299e-02	7.317833042982010983e-02
1.098657615521114849e+03	2.652707662302185021e-01	1.685299999312159791e-01	2.459376040509176631e-01	1.476218013657417949e-01	7.080654044248524404e-02	2.859629083559454832e-02	7.323699714370270064e-02
1.100108946585211470e+03	2.650477230742978585e-01	1.683775763506682732e-01	2.460980028353771665e-01	1.477151154633193908e-01	7.084501214337306230e-02	2.862100439366188978e-02	7.329556573917875295e-02
1.101560277649308091e+03	2.648250577972701136e-01	1.682254109957801724e-01	2.462581213214384834e-01	1.478082646294763547e-01	7.088341888008821423e-02	2.864568999301720167e-02	7.335403638280585392e-02
1.103011608713404712e+03	2.646027697553468561e-01	1.680735034291723495e-01	2.464179599873694837e-01	1.479012491867368606e-01	7.092176076994655132e-02	2.867034763041494821e-02	7.341240924088936193e-02
1.104462939777501106e+03	2.643808583058796513e-01	1.679218532141798503e-01	2.465775193106229668e-01	1.479940694568712134e-01	7.096003793003313742e-02	2.869497730280729311e-02	7.347068447948230940e-02
1.105914270841597499e+03	2.641593228073570443e-01	1.677704599148516773e-01	2.467367997678381053e-01	1.480867257608985410e-01	7.099825047720270677e-02	2.871957900734308997e-02	7.352886226438520856e-02
1.107365601905694348e+03	2.639381626194021169e-01	1.676193230959502345e-01	2.468958018348418049e-01	1.481792184190892370e-01	7.103639852808021904e-02	2.874415274136683796e-02	7.358694276114591259e-02
1.108816932969790741e+03	2.637173771027695457e-01	1.674684423229506058e-01	2.470545259866501753e-01	1.482715477509675139e-01	7.107448219906138676e-02	2.876869850241767917e-02	7.364492613505950469e-02
1.110268264033887590e+03	2.634969656193428267e-01	1.673178171620400834e-01	2.472129726974699737e-01	1.483637140753138184e-01	7.111250160631314710e-02	2.879321628822838208e-02	7.370281255116813146e-02
1.111719595097984211e+03	2.632769275321317770e-01	1.671674471801176398e-01	2.473711424406999371e-01	1.484557177101674952e-01	7.115045686577425865e-02	2.881770609672433189e-02	7.376060217426090582e-02
1.113170926162080832e+03	2.630572622052696485e-01	1.670173319447932070e-01	2.475290356889323085e-01	1.485475589728290635e-01	7.118834809315573164e-02	2.884216792602251750e-02	7.381829516887382370e-02
1.114622257226177226e+03	2.628379690040106298e-01	1.668674710243871484e-01	2.476866529139541695e-01	1.486392381798627982e-01	7.122617540394142466e-02	2.886660177443053921e-02	7.387589169928961141e-02
1.116073588290273847e+03	2.626190472947271815e-01	1.667178639879295099e-01	2.478439945867488003e-01	1.487307556470991166e-01	7.126393891338847486e-02	2.889100764044559913e-02	7.393339192953765626e-02
1.117524919354370468e+03	2.624004964449073718e-01	1.665685104051594645e-01	2.480010611774971785e-01	1.488221116896370211e-01	7.130163873652788087e-02	2.891538552275350199e-02	7.399079602339393713e-02
1.118976250418467089e+03	2.621823158231521012e-01	1.664194098465246463e-01	2.481578531555794498e-01	1.489133066218465140e-01	7.133927498816498847e-02	2.893973542022768020e-02	7.404810414438091348e-02
1.120427581482563710e+03	2.619645047991729370e-01	1.662705618831805121e-01	2.483143709895761220e-01	1.490043407573710121e-01	7.137684778288000409e-02	2.896405733192818077e-02	7.410531645576746984e-02
1.121878912546660331e+03	2.617470627437892272e-01	1.661219660869896475e-01	2.484706151472696467e-01	1.490952144091296505e-01	7.141435723502846666e-02	2.898835125710071126e-02	7.416243312056887416e-02
1.123330243610756725e+03	2.615299890289256024e-01	1.659736220305210452e-01	2.486265860956456408e-01	1.491859278893197804e-01	7.145180345874180272e-02	2.901261719517561621e-02	7.421945430154670842e-02
1.124781574674853118e+03	2.613132830276095331e-01	1.658255292870494946e-01	2.487822843008944407e-01	1.492764815094192177e-01	7.148918656792782600e-02	2.903685514576693355e-02	7.427638016120877151e-02
1.126232905738949967e+03	2.610969441139686653e-01	1.656776874305547764e-01	2.489377102284123511e-01	1.493668755801886572e-01	7.152650667627120928e-02	2.906106510867140225e-02	7.433321086180910697e-02
1.127684236803046360e+03	2.608809716632284892e-01	1.655300960357211082e-01	2.490928643428031719e-01	1.494571104116738935e-01	7.156376389723401177e-02	2.908524708386749785e-02	7.438994656534798910e-02
1.129135567867143209e+03	2.606653650517097298e-01	1.653827546779362834e-01	2.492477471078794748e-01	1.495471863132082913e-01	7.160095834405615089e-02	2.910940107151446798e-02	7.444658743357181196e-02
1.130586898931239830e+03	2.604501236568259048e-01	1.652356629332909221e-01	2.494023589866639912e-01	1.496371035934149218e-01	7.163809012975597135e-02	2.913352707195135394e-02	7.450313362797310324e-02
1.132038229995336451e+03	2.602352468570810484e-01	1.650888203785778607e-01	2.495567004413909995e-01	1.497268625602090064e-01	7.167515936713061975e-02	2.915762508569604353e-02	7.455958530979056587e-02
1.133489561059432845e+03	2.600207340320669913e-01	1.649422265912914021e-01	2.497107719335076859e-01	1.498164635208000250e-01	7.171216616875669692e-02	2.918169511344430311e-02	7.461594264000899479e-02
1.134940892123529466e+03	2.598065845624611403e-01	1.647958811496263998e-01	2.498645739236755869e-01	1.499059067816941870e-01	7.174911064699060481e-02	2.920573715606884085e-02	7.467220577935933246e-02
1.136392223187626087e+03	2.595927978300238692e-01	1.646497836324776476e-01	2.500181068717718946e-01	1.499951926486964571e-01	7.178599291396915716e-02	2.922975121461832831e-02	7.472837488831865493e-02
1.137843554251722708e+03	2.593793732175965205e-01	1.645039336194390744e-01	2.501713712368907050e-01	1.500843214269129700e-01	7.182281308160999578e-02	2.925373729031648801e-02	7.478445012711018580e-02
1.139294885315819101e+03	2.591663101090986299e-01	1.643583306908029673e-01	2.503243674773447114e-01	1.501732934207531678e-01	7.185957126161209019e-02	2.927769538456111847e-02	7.484043165570333778e-02
1.140746216379915950e+03	2.589536078895257609e-01	1.642129744275591385e-01	2.504770960506660926e-01	1.502621089339319649e-01	7.189626756545627884e-02	2.930162549892318183e-02	7.489631963381368496e-02
1.142197547444012343e+03	2.587412659449470076e-01	1.640678644113941487e-01	2.506295574136082616e-01	1.503507682694721070e-01	7.193290210440568544e-02	2.932552763514584271e-02	7.495211422090307385e-02
1.143648878508108737e+03	2.585292836625028845e-01	1.639230002246905848e-01	2.507817520221469754e-01	1.504392717297061421e-01	7.196947498950627409e-02	2.934940179514354888e-02	7.500781557617960948e-02
1.145100209572205586e+03	2.583176604304029955e-01	1.637783814505261726e-01	2.509336803314819453e-01	1.505276196162788072e-01	7.200598633158727946e-02	2.937324798100110837e-02	7.506342385859769706e-02
1.146551540636302207e+03	2.581063956379233693e-01	1.636340076726730264e-01	2.510853427960378914e-01	1.506158122301490820e-01	7.204243624126170642e-02	2.939706619497274923e-02	7.511893922685813907e-02
1.148002871700398828e+03	2.578954886754046272e-01	1.634898784755967893e-01	2.512367398694660414e-01	1.507038498715922992e-01	7.207882482892685738e-02	2.942085643948120360e-02	7.517436183940814920e-02
1.149454202764495449e+03	2.576849389342493746e-01	1.633459934444557449e-01	2.513878720046455184e-01	1.507917328402023915e-01	7.211515220476472088e-02	2.944461871711679529e-02	7.522969185444140783e-02
1.150905533828591842e+03	2.574747458069201467e-01	1.632023521651000675e-01	2.515387396536845621e-01	1.508794614348939467e-01	7.215141847874256831e-02	2.946835303063650990e-02	7.528492942989815917e-02
1.152356864892688463e+03	2.572649086869370771e-01	1.630589542240710454e-01	2.516893432679218057e-01	1.509670359539043438e-01	7.218762376061331476e-02	2.949205938296309282e-02	7.534007472346530843e-02
1.153808195956785084e+03	2.570554269688756222e-01	1.629157992086000817e-01	2.518396832979278854e-01	1.510544566947958078e-01	7.222376815991607413e-02	2.951573777718414712e-02	7.539512789257642178e-02
1.155259527020881706e+03	2.568463000483642289e-01	1.627728867066079721e-01	2.519897601935063847e-01	1.511417239544576574e-01	7.225985178597661707e-02	2.953938821655121075e-02	7.545008909441189293e-02
1.156710858084978327e+03	2.566375273220825592e-01	1.626302163067040174e-01	2.521395744036955544e-01	1.512288380291081369e-01	7.229587474790781509e-02	2.956301070447887175e-02	7.550495848589895698e-02
1.158162189149074720e+03	2.564291081877587142e-01	1.624877875981850794e-01	2.522891263767694237e-01	1.513157992142967756e-01	7.233183715461018182e-02	2.958660524454385585e-02	7.555973622371187082e-02
1.159613520213171569e+03	2.562210420441674574e-01	1.623456001710348595e-01	2.524384165602391317e-01	1.514026078049062196e-01	7.236773911477226151e-02	2.961017184048414519e-02	7.561442246427192704e-02
1.161064851277267962e+03	2.560133282911276620e-01	1.622036536159229270e-01	2.525874454008541492e-01	1.514892640951543690e-01	7.240358073687117035e-02	2.963371049619808323e-02	7.566901736374759269e-02
1.162516182341364356e+03	2.558059663295005892e-01	1.620619475242038310e-01	2.527362133446038883e-01	1.515757683785964316e-01	7.243936212917302664e-02	2.965722121574348308e-02	7.572352107805467580e-02
1.163967513405461204e+03	2.555989555611873909e-01	1.619204814879163234e-01	2.528847208367188126e-01	1.516621209481269217e-01	7.247508339973342262e-02	2.968070400333673933e-02	7.577793376285633931e-02
1.165418844469557826e+03	2.553922953891271108e-01	1.617792550997823875e-01	2.530329683216716585e-01	1.517483220959816859e-01	7.251074465639788247e-02	2.970415886335195724e-02	7.583225557356328139e-02
1.166870175533654447e+03	2.551859852172945198e-01	1.616382679532064048e-01	2.531809562431789340e-01	1.518343721137398739e-01	7.254634600680236189e-02	2.972758580032007145e-02	7.588648666533383269e-02
1.168321506597751068e+03	2.549800244506978397e-01	1.614975196422741288e-01	2.533286850442021954e-01	1.519202712923260201e-01	7.258188755837369222e-02	2.975098481892797173e-02	7.594062719307410891e-02
1.169772837661847461e+03	2.547744124953769118e-01	1.613570097617519905e-01	2.534761551669492130e-01	1.520060199220119590e-01	7.261736941833005221e-02	2.977435592401762865e-02	7.599467731143812188e-02
1.171224168725944082e+03	2.545691487584009205e-01	1.612167379070860718e-01	2.536233670528754702e-01	1.520916182924188231e-01	7.265279169368139833e-02	2.979769912058523318e-02	7.604863717482795993e-02
1.172675499790040703e+03	2.543642326478661730e-01	1.610767036744012448e-01	2.537703211426852734e-01	1.521770666925189863e-01	7.268815449122996430e-02	2.982101441378032930e-02	7.610250693739384342e-02
1.174126830854137097e+03	2.541596635728943787e-01	1.609369066605001453e-01	2.539170178763331953e-01	1.522623654106380620e-01	7.272345791757070521e-02	2.984430180890494319e-02	7.615628675303434680e-02
1.175578161918233945e+03	2.539554409436302618e-01	1.607973464628624505e-01	2.540634576930252964e-01	1.523475147344568181e-01	7.275870207909172771e-02	2.986756131141274362e-02	7.620997677539652349e-02
1.177029492982330339e+03	2.537515641712395631e-01	1.606580226796437694e-01	2.542096410312203458e-01	1.524325149510130928e-01	7.279388708197481739e-02	2.989079292690818151e-02	7.626357715787605851e-02
1.178480824046426733e+03	2.535480326679069307e-01	1.605189349096749485e-01	2.543555683286312652e-01	1.525173663467037366e-01	7.282901303219581346e-02	2.991399666114562955e-02	7.631708805361743508e-02
1.179932155110523581e+03	2.533448458468342546e-01	1.603800827524608785e-01	2.545012400222262938e-01	1.526020692072866114e-01	7.286408003552512225e-02	2.993717252002855295e-02	7.637050961551407335e-02
1.181383486174620202e+03	2.531420031222379463e-01	1.602414658081797727e-01	2.546466565482303768e-01	1.526866238178823942e-01	7.289908819752813351e-02	2.996032050960864557e-02	7.642384199620851082e-02
1.182834817238716823e+03	2.529395039093474962e-01	1.601030836776821398e-01	2.547918183421263305e-01	1.527710304629764093e-01	7.293403762356569231e-02	2.998344063608501114e-02	7.647708534809259662e-02
1.184286148302813444e+03	2.527373476244033079e-01	1.599649359624899236e-01	2.549367258386562307e-01	1.528552894264207374e-01	7.296892841879454306e-02	3.000653290580330632e-02	7.653023982330763031e-02
1.185737479366910065e+03	2.525355336846544785e-01	1.598270222647954486e-01	2.550813794718225225e-01	1.529394009914359087e-01	7.300376068816778752e-02	3.002959732525491490e-02	7.658330557374455616e-02
1.187188810431006686e+03	2.523340615083570770e-01	1.596893421874606422e-01	2.552257796748895191e-01	1.530233654406128185e-01	7.303853453643531501e-02	3.005263390107612217e-02	7.663628275104410192e-02
1.188640141495103080e+03	2.521329305147719801e-01	1.595518953340159252e-01	2.553699268803845124e-01	1.531071830559146141e-01	7.307325006814424651e-02	3.007564264004727872e-02	7.668917150659704252e-02
1.190091472559199701e+03	2.519321401241629288e-01	1.594146813086593784e-01	2.555138215200989937e-01	1.531908541186785266e-01	7.310790738763943419e-02	3.009862354909198165e-02	7.674197199154433879e-02
1.191542803623296322e+03	2.517316897577945856e-01	1.592776997162556607e-01	2.556574640250901531e-01	1.532743789096177034e-01	7.314250659906383623e-02	3.012157663527625234e-02	7.679468435677733185e-02
1.192994134687392716e+03	2.515315788379305362e-01	1.591409501623353151e-01	2.558008548256819892e-01	1.533577577088230670e-01	7.317704780635897466e-02	3.014450190580772113e-02	7.684730875293793728e-02
1.194445465751489564e+03	2.513318067878312911e-01	1.590044322530935472e-01	2.559439943514664750e-01	1.534409907957651475e-01	7.321153111326542118e-02	3.016739936803480848e-02	7.689984533041885340e-02
1.195896796815585958e+03	2.511323730317524539e-01	1.588681455953893928e-01	2.560868830313049460e-01	1.535240784492958310e-01	7.324595662332322732e-02	3.019026902944591667e-02	7.695229423936374158e-02
1.197348127879682352e+03	2.509332769949427222e-01	1.587320897967447741e-01	2.562295212933294319e-01	1.536070209476502191e-01	7.328032443987227140e-02	3.021311089766862482e-02	7.700465562966749000e-02
1.198799458943779200e+03	2.507345181036417792e-01	1.585962644653435005e-01	2.563719095649437674e-01	1.536898185684484053e-01	7.331463466605285528e-02	3.023592498046888052e-02	7.705692965097632463e-02
1.200250790007875821e+03	2.505360957850787940e-01	1.584606692100302694e-01	2.565140482728248683e-01	1.537724715886973070e-01	7.334888740480599578e-02	3.025871128575020191e-02	7.710911645268811454e-02
1.201702121071972442e+03	2.503380094674700351e-01	1.583253036403098613e-01	2.566559378429240090e-01	1.538549802847923587e-01	7.338308275887396592e-02	3.028146982155287270e-02	7.716121618395255233e-02
1.203153452136069063e+03	2.501402585800171496e-01	1.581901673663459185e-01	2.567975787004679877e-01	1.539373449325194265e-01	7.341722083080064187e-02	3.030420059605316158e-02	7.721322899367132064e-02
1.204604783200165684e+03	2.499428425529054421e-01	1.580552599989601958e-01	2.569389712699606254e-01	1.540195658070564466e-01	7.345130172293205806e-02	3.032690361756251035e-02	7.726515503049841138e-02
1.206056114264262078e+03	2.497457608173017096e-01	1.579205811496315337e-01	2.570801159751835985e-01	1.541016431829751732e-01	7.348532553741668472e-02	3.034957889452676721e-02	7.731699444284023670e-02
1.207507445328358699e+03	2.495490128053524104e-01	1.577861304304948309e-01	2.572210132391981041e-01	1.541835773342430105e-01	7.351929237620598301e-02	3.037222643552538529e-02	7.736874737885597597e-02
1.208958776392455093e+03	2.493525979501819145e-01	1.576519074543401289e-01	2.573616634843458040e-01	1.542653685342247338e-01	7.355320234105477972e-02	3.039484624927064893e-02	7.742041398645768679e-02
1.210410107456551941e+03	2.491565156858904784e-01	1.575179118346115570e-01	2.575020671322502119e-01	1.543470170556841548e-01	7.358705553352171136e-02	3.041743834460688967e-02	7.747199441331063807e-02
1.211861438520648335e+03	2.489607654475525234e-01	1.573841431854065276e-01	2.576422246038178598e-01	1.544285231707859529e-01	7.362085205496966822e-02	3.044000273050972288e-02	7.752348880683347654e-02
1.213312769584745183e+03	2.487653466712145545e-01	1.572506011214745425e-01	2.577821363192393522e-01	1.545098871510972305e-01	7.365459200656618299e-02	3.046253941608525681e-02	7.757489731419849044e-02
1.214764100648841804e+03	2.485702587938936059e-01	1.571172852582164159e-01	2.579218026979911427e-01	1.545911092675894549e-01	7.368827548928387483e-02	3.048504841056933617e-02	7.762622008233183157e-02
1.216215431712937971e+03	2.483755012535751316e-01	1.569841952116831363e-01	2.580612241588360889e-01	1.546721897906399024e-01	7.372190260390087957e-02	3.050752972332677546e-02	7.767745725791379285e-02
1.217666762777034819e+03	2.481810734892112846e-01	1.568513305985749229e-01	2.582004011198251181e-01	1.547531289900334617e-01	7.375547345100129382e-02	3.052998336385059214e-02	7.772860898737901647e-02
1.219118093841131440e+03	2.479869749407191126e-01	1.567186910362403096e-01	2.583393339982982817e-01	1.548339271349644108e-01	7.378898813097554965e-02	3.055240934176124343e-02	7.777967541691672981e-02
1.220569424905228061e+03	2.477932050489786431e-01	1.565862761426751182e-01	2.584780232108860876e-01	1.549145844940379713e-01	7.382244674402088647e-02	3.057480766680588033e-02	7.783065669247106466e-02
1.222020755969324682e+03	2.475997632558311345e-01	1.564540855365214311e-01	2.586164691735106103e-01	1.549951013352720008e-01	7.385584939014171180e-02	3.059717834885758436e-02	7.788155295974123760e-02
1.223472087033421303e+03	2.474066490040772448e-01	1.563221188370666481e-01	2.587546723013866568e-01	1.550754779260986593e-01	7.388919616915010091e-02	3.061952139791462163e-02	7.793236436418184143e-02
1.224923418097517697e+03	2.472138617374751435e-01	1.561903756642425700e-01	2.588926330090230432e-01	1.551557145333661014e-01	7.392248718066610214e-02	3.064183682409969342e-02	7.798309105100309502e-02
1.226374749161614318e+03	2.470214009007388745e-01	1.560588556386242887e-01	2.590303517102239272e-01	1.552358114233400588e-01	7.395572252411830583e-02	3.066412463765919721e-02	7.803373316517107916e-02
1.227826080225710712e+03	2.468292659395364685e-01	1.559275583814292154e-01	2.591678288180898071e-01	1.553157688617055610e-01	7.398890229874412194e-02	3.068638484896247381e-02	7.808429085140805581e-02
1.229277411289807560e+03	2.466374563004880838e-01	1.557964835145161653e-01	2.593050647450190205e-01	1.553955871135684341e-01	7.402202660359025188e-02	3.070861746850108223e-02	7.813476425419264848e-02
1.230728742353903954e+03	2.464459714311644234e-01	1.556656306603843576e-01	2.594420599027084662e-01	1.554752664434571330e-01	7.405509553751313256e-02	3.073082250688806069e-02	7.818515351776016142e-02
1.232180073418000802e+03	2.462548107800846542e-01	1.555349994421723336e-01	2.595788147021553249e-01	1.555548071153241285e-01	7.408810919917928339e-02	3.075299997485718764e-02	7.823545878610285720e-02
1.233631404482097196e+03	2.460639737967149354e-01	1.554045894836570130e-01	2.597153295536579476e-01	1.556342093925476844e-01	7.412106768706576421e-02	3.077514988326226011e-02	7.828568020297017871e-02
1.235082735546193817e+03	2.458734599314665870e-01	1.552744004092528052e-01	2.598516048668170209e-01	1.557134735379333279e-01	7.415397109946057774e-02	3.079727224307636513e-02	7.833581791186908228e-02
1.236534066610290438e+03	2.456832686356941464e-01	1.551444318440104164e-01	2.599876410505370661e-01	1.557925998137155987e-01	7.418681953446307209e-02	3.081936706539115806e-02	7.838587205606424579e-02
1.237985397674387059e+03	2.454933993616938426e-01	1.550146834136160445e-01	2.601234385130273830e-01	1.558715884815595754e-01	7.421961308998434315e-02	3.084143436141614097e-02	7.843584277857838793e-02
1.239436728738483680e+03	2.453038515627016802e-01	1.548851547443902965e-01	2.602589976618032708e-01	1.559504398025623739e-01	7.425235186374769258e-02	3.086347414247795143e-02	7.848573022219254569e-02
1.240888059802580301e+03	2.451146246928918304e-01	1.547558454632871616e-01	2.603943189036871386e-01	1.560291540372547581e-01	7.428503595328891929e-02	3.088548642001963385e-02	7.853553452944629643e-02
1.242339390866676695e+03	2.449257182073748262e-01	1.546267551978930954e-01	2.605294026448099487e-01	1.561077314456028597e-01	7.431766545595686058e-02	3.090747120559995606e-02	7.858525584263814645e-02
1.243790721930773088e+03	2.447371315621958143e-01	1.544978835764259928e-01	2.606642492906122155e-01	1.561861722870095948e-01	7.435024046891371141e-02	3.092942851089266684e-02	7.863489430382568368e-02
1.245242052994869937e+03	2.445488642143328895e-01	1.543692302277341333e-01	2.607988592458452826e-01	1.562644768203161894e-01	7.438276108913548235e-02	3.095135834768581937e-02	7.868445005482596621e-02
1.246693384058966330e+03	2.443609156216952905e-01	1.542407947812953484e-01	2.609332329145722107e-01	1.563426453038038177e-01	7.441522741341229097e-02	3.097326072788104609e-02	7.873392323721575825e-02
1.248144715123063179e+03	2.441732852431217626e-01	1.541125768672158280e-01	2.610673707001693877e-01	1.564206779951950732e-01	7.444763953834894477e-02	3.099513566349288915e-02	7.878331399233184928e-02
1.249596046187159800e+03	2.439859725383788369e-01	1.539845761162293158e-01	2.612012730053274168e-01	1.564985751516556611e-01	7.447999756036514929e-02	3.101698316664807525e-02	7.883262246127129003e-02
1.251047377251256421e+03	2.437989769681591090e-01	1.538567921596959154e-01	2.613349402320523929e-01	1.565763370297956758e-01	7.451230157569607715e-02	3.103880324958483913e-02	7.888184878489173935e-02
1.252498708315352815e+03	2.436122979940795186e-01	1.537292246296012022e-01	2.614683727816670689e-01	1.566539638856713490e-01	7.454455168039263169e-02	3.106059592465222619e-02	7.893099310381172795e-02
1.253950039379449436e+03	2.434259350786796838e-01	1.536018731585553632e-01	2.616015710548119100e-01	1.567314559747864655e-01	7.457674797032190495e-02	3.108236120430940205e-02	7.898005555841094982e-02
1.255401370443546057e+03	2.432398876854202086e-01	1.534747373797918923e-01	2.617345354514465372e-01	1.568088135520938342e-01	7.460889054116758012e-02	3.110409910112498649e-02	7.902903628883059528e-02
1.256852701507642678e+03	2.430541552786810444e-01	1.533478169271668412e-01	2.618672663708506154e-01	1.568860368719969256e-01	7.464097948843033403e-02	3.112580962777634908e-02	7.907793543497358690e-02
1.258304032571739299e+03	2.428687373237596314e-01	1.532211114351577086e-01	2.619997642116250747e-01	1.569631261883512041e-01	7.467301490742817016e-02	3.114749279704894652e-02	7.912675313650494036e-02
1.259755363635835920e+03	2.426836332868694823e-01	1.530946205388625525e-01	2.621320293716933869e-01	1.570400817544657657e-01	7.470499689329689053e-02	3.116914862183564616e-02	7.917548953285200031e-02
1.261206694699932314e+03	2.424988426351383786e-01	1.529683438739988244e-01	2.622640622483025652e-01	1.571169038231046977e-01	7.473692554099044261e-02	3.119077711513603551e-02	7.922414476320481513e-02
1.262658025764028707e+03	2.423143648366066494e-01	1.528422810769025642e-01	2.623958632380244405e-01	1.571935926464887168e-01	7.476880094528128018e-02	3.121237829005577696e-02	7.927271896651637284e-02
1.264109356828125556e+03	2.421301993602255898e-01	1.527164317845272623e-01	2.625274327367567717e-01	1.572701484762964452e-01	7.480062320076084903e-02	3.123395215980592082e-02	7.932121228150293413e-02
1.265560687892221949e+03	2.419463456758558229e-01	1.525907956344429439e-01	2.626587711397245228e-01	1.573465715636659934e-01	7.483239240183985064e-02	3.125549873770226000e-02	7.936962484664436546e-02
1.267012018956318798e+03	2.417628032542656347e-01	1.524653722648351972e-01	2.627898788414806952e-01	1.574228621591964583e-01	7.486410864274879728e-02	3.127701803716465001e-02	7.941795680018437498e-02
1.268463350020415419e+03	2.415795715671291977e-01	1.523401613145040356e-01	2.629207562359077710e-01	1.574990205129492837e-01	7.489577201753820634e-02	3.129851007171635668e-02	7.946620828013088722e-02
1.269914681084511813e+03	2.413966500870251830e-01	1.522151624228630373e-01	2.630514037162188790e-01	1.575750468744497867e-01	7.492738262007912764e-02	3.131997485498341088e-02	7.951437942425630678e-02
1.271366012148608434e+03	2.412140382874349565e-01	1.520903752299383738e-01	2.631818216749585715e-01	1.576509414926885455e-01	7.495894054406347651e-02	3.134141240069393541e-02	7.956247037009786527e-02
1.272817343212705055e+03	2.410317356427409130e-01	1.519657993763676718e-01	2.633120105040044900e-01	1.577267046161228703e-01	7.499044588300440850e-02	3.136282272267752053e-02	7.961048125495792660e-02
1.274268674276801676e+03	2.408497416282248949e-01	1.518414345033991808e-01	2.634419705945679202e-01	1.578023364926781913e-01	7.502189873023672184e-02	3.138420583486455778e-02	7.965841221590425070e-02
1.275720005340898297e+03	2.406680557200666926e-01	1.517172802528906350e-01	2.635717023371955681e-01	1.578778373697495852e-01	7.505329917891725988e-02	3.140556175128559474e-02	7.970626338977036818e-02
1.277171336404994690e+03	2.404866773953422410e-01	1.515933362673084484e-01	2.637012061217701153e-01	1.579532074942030795e-01	7.508464732202523029e-02	3.142689048607071045e-02	7.975403491315587179e-02
1.278622667469091539e+03	2.403056061320220926e-01	1.514696021897264655e-01	2.638304823375118846e-01	1.580284471123770684e-01	7.511594325236264913e-02	3.144819205344886320e-02	7.980172692242672172e-02
1.280073998533187932e+03	2.401248414089697525e-01	1.513460776638252681e-01	2.639595313729792836e-01	1.581035564700839224e-01	7.514718706255467395e-02	3.146946646774724521e-02	7.984933955371557868e-02
1.281525329597284326e+03	2.399443827059402345e-01	1.512227623338908977e-01	2.640883536160708034e-01	1.581785358126110430e-01	7.517837884504999235e-02	3.149071374339066504e-02	7.989687294292212305e-02
1.282976660661381175e+03	2.397642295035781745e-01	1.510996558448141347e-01	2.642169494540253516e-01	1.582533853847225835e-01	7.520951869212125218e-02	3.151193389490091618e-02	7.994432722571333250e-02
1.284427991725477568e+03	2.395843812834164976e-01	1.509767578420892209e-01	2.643453192734239732e-01	1.583281054306606983e-01	7.524060669586535299e-02	3.153312693689615254e-02	7.999170253752387050e-02
1.285879322789574417e+03	2.394048375278747531e-01	1.508540679718131383e-01	2.644734634601904610e-01	1.584026961941469580e-01	7.527164294820389012e-02	3.155429288409023619e-02	8.003899901355635005e-02
1.287330653853671038e+03	2.392255977202574491e-01	1.507315858806845266e-01	2.646013823995928549e-01	1.584771579183836543e-01	7.530262754088348776e-02	3.157543175129216145e-02	8.008621678878166672e-02
1.288781984917767431e+03	2.390466613447524979e-01	1.506093112160026004e-01	2.647290764762444404e-01	1.585514908460552985e-01	7.533356056547618751e-02	3.159654355340538179e-02	8.013335599793935948e-02
1.290233315981864052e+03	2.388680278864296624e-01	1.504872436256663171e-01	2.648565460741049704e-01	1.586256952193298986e-01	7.536444211337982313e-02	3.161762830542723390e-02	8.018041677553787439e-02
