1.001418434226643626e+03	2.811147808286206806e-01	1.793498505117077646e-01	2.345289693641909312e-01	1.409783772390312273e-01	6.807252119100790089e-02	2.687959940834032738e-02	6.907590145697449502e-02
1.003837319333471214e+03	2.806985187725760111e-01	1.790654242074856128e-01	2.348293310356928398e-01	1.411534987013716436e-01	6.814431685034061381e-02	2.692387990585387234e-02	6.918503052655279595e-02
1.006256204440298802e+03	2.802834325719228969e-01	1.787818002331608980e-01	2.351288206455016960e-01	1.413280973776272764e-01	6.821590898349076670e-02	2.696808464901727029e-02	6.929385553915264062e-02
1.008675089547126618e+03	2.798695188626781905e-01	1.784989763444379818e-01	2.354274406725674340e-01	1.415021750240300080e-01	6.828729820952353369e-02	2.701221355066124596e-02	6.940237733597515168e-02
1.011093974653954206e+03	2.794567742916113651e-01	1.782169503024248758e-01	2.357251935887593741e-01	1.416757333893375326e-01	6.835848514542905430e-02	2.705626652572998975e-02	6.951059675658131931e-02
1.013512859760782021e+03	2.790451955161750708e-01	1.779357198736513934e-01	2.360220818588884828e-01	1.418487742148858144e-01	6.842947040613078791e-02	2.710024349126500740e-02	6.961851463887704095e-02
1.015931744867609382e+03	2.786347792044364113e-01	1.776552828300857756e-01	2.363181079407290774e-01	1.420212992346407965e-01	6.850025460449374326e-02	2.714414436638906344e-02	6.972613181909879942e-02
1.018350629974437197e+03	2.782255220350104419e-01	1.773756369491505669e-01	2.366132742850406145e-01	1.421933101752493878e-01	6.857083835133277738e-02	2.718796907229016624e-02	6.983344913179967417e-02
1.020769515081264785e+03	2.778174206969947213e-01	1.770967800137370762e-01	2.369075833355895055e-01	1.423648087560898945e-01	6.864122225542075573e-02	2.723171753220563970e-02	6.994046740983599075e-02
1.023188400188092373e+03	2.774104718899050859e-01	1.768187098122189771e-01	2.372010375291706274e-01	1.425357966893217032e-01	6.871140692349668455e-02	2.727538967140624368e-02	7.004718748435433129e-02
1.025607285294920075e+03	2.770046723236127550e-01	1.765414241384647975e-01	2.374936392956286391e-01	1.427062756799341581e-01	6.878139296027381555e-02	2.731898541718037754e-02	7.015361018477903055e-02
1.028026170401747549e+03	2.766000187182832692e-01	1.762649207918494387e-01	2.377853910578795471e-01	1.428762474257952164e-01	6.885118096844769497e-02	2.736250469881833236e-02	7.025973633880013003e-02
1.030445055508575479e+03	2.761965078043155941e-01	1.759891975772648609e-01	2.380762952319316894e-01	1.430457136176989663e-01	6.892077154870411559e-02	2.740594744759664025e-02	7.036556677236180390e-02
1.032863940615402726e+03	2.757941363222835562e-01	1.757142523051295757e-01	2.383663542269068569e-01	1.432146759394129498e-01	6.899016529972712419e-02	2.744931359676246185e-02	7.047110230965113187e-02
1.035282825722230655e+03	2.753929010228776120e-01	1.754400827913975558e-01	2.386555704450614712e-01	1.433831360677246813e-01	6.905936281820686251e-02	2.749260308151806748e-02	7.057634377308737161e-02
1.037701710829058356e+03	2.749927986668480595e-01	1.751666868575662006e-01	2.389439462818073179e-01	1.435510956724876108e-01	6.912836469884749147e-02	2.753581583900538768e-02	7.068129198331156438e-02
1.040120595935886058e+03	2.745938260249494167e-01	1.748940623306833309e-01	2.392314841257322522e-01	1.437185564166664486e-01	6.919717153437496271e-02	2.757895180829060544e-02	7.078594775917661230e-02
1.042539481042713533e+03	2.741959798778855206e-01	1.746222070433536000e-01	2.395181863586211268e-01	1.438855199563821297e-01	6.926578391554479019e-02	2.762201093034886284e-02	7.089031191773764728e-02
1.044958366149541234e+03	2.737992570162559591e-01	1.743511188337439899e-01	2.398040553554761090e-01	1.440519879409559445e-01	6.933420243114978010e-02	2.766499314804902326e-02	7.099438527424289935e-02
1.047377251256368709e+03	2.734036542405033909e-01	1.740807955455886402e-01	2.400890934845372748e-01	1.442179620129533657e-01	6.940242766802773300e-02	2.770789840613847865e-02	7.109816864212481491e-02
1.049796136363196410e+03	2.730091683608617537e-01	1.738112350281930119e-01	2.403733031073030102e-01	1.443834438082271798e-01	6.947046021106904889e-02	2.775072665122808174e-02	7.120166283299159127e-02
1.052215021470024112e+03	2.726157961973055821e-01	1.735424351364372175e-01	2.406566865785502163e-01	1.445484349559602033e-01	6.953830064322434612e-02	2.779347783177710945e-02	7.130486865661908591e-02
1.054633906576851814e+03	2.722235345794997707e-01	1.732743937307787974e-01	2.409392462463545714e-01	1.447129370787073599e-01	6.960594954551203861e-02	2.783615189807830959e-02	7.140778692094300328e-02
1.057052791683679516e+03	2.718323803467508348e-01	1.730071086772548006e-01	2.412209844521105151e-01	1.448769517924373973e-01	6.967340749702580216e-02	2.787874880224304464e-02	7.151041843205147019e-02
1.059471676790506763e+03	2.714423303479585603e-01	1.727405778474834785e-01	2.415019035305513984e-01	1.450404807065739932e-01	6.974067507494208229e-02	2.792126849818647380e-02	7.161276399417790262e-02
1.061890561897334692e+03	2.710533814415685971e-01	1.724747991186649232e-01	2.417820058097692737e-01	1.452035254240364726e-01	6.980775285452753276e-02	2.796371094161284598e-02	7.171482440969423333e-02
1.064309447004162394e+03	2.706655304955259966e-01	1.722097703735815943e-01	2.420612936112347680e-01	1.453660875412799425e-01	6.987464140914639854e-02	2.800607609000083445e-02	7.181660047910437550e-02
1.066728332110990095e+03	2.702787743872291371e-01	1.719454895005980422e-01	2.423397692498167333e-01	1.455281686483350934e-01	6.994134131026787105e-02	2.804836390258897555e-02	7.191809300103804703e-02
1.069147217217817570e+03	2.698931100034849817e-01	1.716819543936601022e-01	2.426174350338020647e-01	1.456897703288473622e-01	7.000785312747340172e-02	2.809057434036116643e-02	7.201930277224487253e-02
1.071566102324645271e+03	2.695085342404642814e-01	1.714191629522937299e-01	2.428942932649150177e-01	1.458508941601158460e-01	7.007417742846400177e-02	2.813270736603223909e-02	7.212023058758881833e-02
1.073984987431472746e+03	2.691250440036583313e-01	1.711571130816031960e-01	2.431703462383369430e-01	1.460115417131316318e-01	7.014031477906747247e-02	2.817476294403361420e-02	7.222087724004278009e-02
1.076403872538300675e+03	2.687426362078357278e-01	1.708958026922688389e-01	2.434455962427254649e-01	1.461717145526157113e-01	7.020626574324558000e-02	2.821674104049903473e-02	7.232124352068360074e-02
1.078822757645127922e+03	2.683613077770001243e-01	1.706352297005445107e-01	2.437200455602339388e-01	1.463314142370565341e-01	7.027203088310127188e-02	2.825864162325037940e-02	7.242133021868724096e-02
1.081241642751955851e+03	2.679810556443485425e-01	1.703753920282543022e-01	2.439936964665305741e-01	1.464906423187471163e-01	7.033761075888575465e-02	2.830046466178352815e-02	7.252113812132425508e-02
1.083660527858783553e+03	2.676018767522302944e-01	1.701162876027889903e-01	2.442665512308176412e-01	1.466494003438216787e-01	7.040300592900562704e-02	2.834221012725433864e-02	7.262066801395551663e-02
1.086079412965611255e+03	2.672237680521065140e-01	1.698579143571022076e-01	2.445386121158505399e-01	1.468076898522920060e-01	7.046821695002991603e-02	2.838387799246466781e-02	7.271992068002822163e-02
1.088498298072438729e+03	2.668467265045105230e-01	1.696002702297059739e-01	2.448098813779568117e-01	1.469655123780832240e-01	7.053324437669708513e-02	2.842546823184849414e-02	7.281889690107204438e-02
1.090917183179266431e+03	2.664707490790081401e-01	1.693433531646660051e-01	2.450803612670549025e-01	1.471228694490693822e-01	7.059808876192202876e-02	2.846698082145811617e-02	7.291759745669562642e-02
1.093336068286093905e+03	2.660958327541591006e-01	1.690871611115965789e-01	2.453500540266732866e-01	1.472797625871085647e-01	7.066275065680305278e-02	2.850841573895039616e-02	7.301602312458323196e-02
1.095754953392921607e+03	2.657219745174789760e-01	1.688316920256551501e-01	2.456189618939690067e-01	1.474361933080775844e-01	7.072723061062874406e-02	2.854977296357312511e-02	7.311417468049165314e-02
1.098173838499749309e+03	2.653491713654012596e-01	1.685769438675365495e-01	2.458870870997464375e-01	1.475921631219064001e-01	7.079152917088486763e-02	2.859105247615143994e-02	7.321205289824732343e-02
1.100592723606577010e+03	2.649774203032403408e-01	1.683229146034667945e-01	2.461544318684758814e-01	1.477476735326121449e-01	7.085564688326120852e-02	2.863225425907432384e-02	7.330965854974366702e-02
1.103011608713404712e+03	2.646067183451545901e-01	1.680696022051967331e-01	2.464209984183121649e-01	1.479027260383327380e-01	7.091958429165838573e-02	2.867337829628116563e-02	7.340699240493860078e-02
1.105430493820231959e+03	2.642370625141104434e-01	1.678170046499953827e-01	2.466867889611130404e-01	1.480573221313601640e-01	7.098334193819465232e-02	2.871442457324844058e-02	7.350405523185231382e-02
1.107849378927059888e+03	2.638684498418463753e-01	1.675651199206426578e-01	2.469518057024576996e-01	1.482114632981735292e-01	7.104692036321259840e-02	2.875539307697641545e-02	7.360084779656514420e-02
1.110268264033887590e+03	2.635008773688377048e-01	1.673139460054224592e-01	2.472160508416649805e-01	1.483651510194716749e-01	7.111032010528589575e-02	2.879628379597596807e-02	7.369737086321577479e-02
1.112687149140715292e+03	2.631343421442617347e-01	1.670634808981147357e-01	2.474795265718117421e-01	1.485183867702053739e-01	7.117354170122595913e-02	2.883709672025547635e-02	7.379362519399947085e-02
1.115106034247542766e+03	2.627688412259632234e-01	1.668137225979879068e-01	2.477422350797509609e-01	1.486711720196093600e-01	7.123658568608860764e-02	2.887783184130776962e-02	7.388961154916665053e-02
1.117524919354370468e+03	2.624043716804204118e-01	1.665646691097907028e-01	2.480041785461300219e-01	1.488235082312340529e-01	7.129945259318065665e-02	2.891848915209717374e-02	7.398533068702148330e-02
1.119943804461197942e+03	2.620409305827112734e-01	1.663163184437439213e-01	2.482653591454085651e-01	1.489753968629767833e-01	7.136214295406650976e-02	2.895906864704661868e-02	7.408078336392082131e-02
1.122362689568025871e+03	2.616785150164805396e-01	1.660686686155318503e-01	2.485257790458766658e-01	1.491268393671128234e-01	7.142465729857472301e-02	2.899957032202483617e-02	7.417597033427311692e-02
1.124781574674853118e+03	2.613171220739063938e-01	1.658217176462935261e-01	2.487854404096726813e-01	1.492778371903261958e-01	7.148699615480454128e-02	2.903999417433363733e-02	7.427089235053765948e-02
1.127200459781681047e+03	2.609567488556683856e-01	1.655754635626137394e-01	2.490443453928010975e-01	1.494283917737399825e-01	7.154916004913228211e-02	2.908034020269524220e-02	7.436555016322392297e-02
1.129619344888508749e+03	2.605973924709150125e-01	1.653299043965139603e-01	2.493024961451504040e-01	1.495785045529465507e-01	7.161114950621795538e-02	2.912060840723970992e-02	7.445994452089099713e-02
1.132038229995336451e+03	2.602390500372321891e-01	1.650850381854429560e-01	2.495598948105107739e-01	1.497281769580373623e-01	7.167296504901157772e-02	2.916079878949244183e-02	7.455407617014728205e-02
1.134457115102163925e+03	2.598817186806115509e-01	1.648408629722671881e-01	2.498165435265918277e-01	1.498774104136324503e-01	7.173460719875957015e-02	2.920091135236174348e-02	7.464794585565028007e-02
1.136876000208991627e+03	2.595253955354193676e-01	1.645973768052611808e-01	2.500724444250400635e-01	1.500262063389097844e-01	7.179607647501116963e-02	2.924094610012648726e-02	7.474155432010652633e-02
1.139294885315819101e+03	2.591700777443658454e-01	1.643545777380975847e-01	2.503275996314566210e-01	1.501745661476342752e-01	7.185737339562474346e-02	2.928090303842383058e-02	7.483490230427163048e-02
1.141713770422646803e+03	2.588157624584745964e-01	1.641124638298371574e-01	2.505820112654146281e-01	1.503224912481864184e-01	7.191849847677408980e-02	2.932078217423702768e-02	7.492799054695052641e-02
1.144132655529474505e+03	2.584624468370524397e-01	1.638710331449185764e-01	2.508356814404767987e-01	1.504699830435907715e-01	7.197945223295473816e-02	2.936058351588330395e-02	7.502081978499783310e-02
1.146551540636302207e+03	2.581101280476594817e-01	1.636302837531479759e-01	2.510886122642125851e-01	1.506170429315442094e-01	7.204023517699015278e-02	2.940030707300180304e-02	7.511339075331827098e-02
1.148970425743129908e+03	2.577588032660796391e-01	1.633902137296885937e-01	2.513408058382155530e-01	1.507636723044438187e-01	7.210084782003801929e-02	2.943995285654162422e-02	7.520570418486730024e-02
1.151389310849957155e+03	2.574084696762910518e-01	1.631508211550500576e-01	2.515922642581207569e-01	1.509098725494145976e-01	7.216129067159633703e-02	2.947952087874992910e-02	7.529776081065187032e-02
1.153808195956785084e+03	2.570591244704373279e-01	1.629121041150776161e-01	2.518429896136217261e-01	1.510556450483368784e-01	7.222156423950970572e-02	2.951901115316010737e-02	7.538956135973119699e-02
1.156227081063612786e+03	2.567107648487986782e-01	1.626740607009413142e-01	2.520929839884878954e-01	1.512009911778735560e-01	7.228166902997534837e-02	2.955842369458004659e-02	7.548110655921777545e-02
1.158645966170440488e+03	2.563633880197632164e-01	1.624366890091248905e-01	2.523422494605814803e-01	1.513459123094968994e-01	7.234160554754924533e-02	2.959775851908044708e-02	7.557239713427843508e-02
1.161064851277267962e+03	2.560169911997990932e-01	1.621999871414147310e-01	2.525907881018743528e-01	1.514904098095155027e-01	7.240137429515225431e-02	2.963701564398323399e-02	7.566343380813551900e-02
1.163483736384095664e+03	2.556715716134260741e-01	1.619639532048885999e-01	2.528386019784652494e-01	1.516344850391005139e-01	7.246097577407607793e-02	2.967619508785002830e-02	7.575421730206817472e-02
1.165902621490923138e+03	2.553271264931879503e-01	1.617285853119043160e-01	2.530856931505967022e-01	1.517781393543119750e-01	7.252041048398938372e-02	2.971529687047070462e-02	7.584474833541372807e-02
1.168321506597751068e+03	2.549836530796249501e-01	1.614938815800883165e-01	2.533320636726716923e-01	1.519213741061248291e-01	7.257967892294371615e-02	2.975432101285200789e-02	7.593502762556923746e-02
1.170740391704578315e+03	2.546411486212464825e-01	1.612598401323241393e-01	2.535777155932705251e-01	1.520641906404547883e-01	7.263878158737950563e-02	2.979326753720624998e-02	7.602505588799303438e-02
1.173159276811406244e+03	2.542996103745039926e-01	1.610264590967407927e-01	2.538226509551677057e-01	1.522065902981837582e-01	7.269771897213198053e-02	2.983213646694009291e-02	7.611483383620641641e-02
1.175578161918233945e+03	2.539590356037641494e-01	1.607937366067010709e-01	2.540668717953483147e-01	1.523485744151852894e-01	7.275649157043709292e-02	2.987092782664337726e-02	7.620436218179546528e-02
1.177997047025061647e+03	2.536194215812820896e-01	1.605616708007897575e-01	2.543103801450249390e-01	1.524901443223496134e-01	7.281509987393741667e-02	2.990964164207805462e-02	7.629364163441286484e-02
1.180415932131889122e+03	2.532807655871750496e-01	1.603302598228017184e-01	2.545531780296542146e-01	1.526313013456087331e-01	7.287354437268797613e-02	2.994827794016716518e-02	7.638267290177991331e-02
1.182834817238716823e+03	2.529430649093961092e-01	1.600995018217300780e-01	2.547952674689530905e-01	1.527720468059609871e-01	7.293182555516210253e-02	2.998683674898389856e-02	7.647145668968854948e-02
1.185253702345544298e+03	2.526063168437081008e-01	1.598693949517541180e-01	2.550366504769155385e-01	1.529123820194955852e-01	7.298994390825723488e-02	3.002531809774073093e-02	7.655999370200347598e-02
1.187672587452371999e+03	2.522705186936577970e-01	1.596399373722273141e-01	2.552773290618289836e-01	1.530523082974169780e-01	7.304789991730069321e-02	3.006372201677863509e-02	7.664828464066439362e-02
1.190091472559199701e+03	2.519356677705502645e-01	1.594111272476650132e-01	2.555173052262905142e-01	1.531918269460689208e-01	7.310569406605545162e-02	3.010204853755634943e-02	7.673633020568827734e-02
1.192510357666027403e+03	2.516017613934233288e-01	1.591829627477324705e-01	2.557565809672232571e-01	1.533309392669584270e-01	7.316332683672581438e-02	3.014029769263972328e-02	7.682413109517173544e-02
1.194929242772855105e+03	2.512687968890223167e-01	1.589554420472325258e-01	2.559951582758926980e-01	1.534696465567794432e-01	7.322079870996318907e-02	3.017846951569114200e-02	7.691168800529347982e-02
1.197348127879682352e+03	2.509367715917748543e-01	1.587285633260932527e-01	2.562330391379228911e-01	1.536079501074363862e-01	7.327811016487172091e-02	3.021656404145901115e-02	7.699900163031679623e-02
1.199767012986510281e+03	2.506056828437658868e-01	1.585023247693556903e-01	2.564702255333123349e-01	1.537458512060674853e-01	7.333526167901395498e-02	3.025458130576732380e-02	7.708607266259218105e-02
1.202185898093337983e+03	2.502755279947131983e-01	1.582767245671613809e-01	2.567067194364505700e-01	1.538833511350679306e-01	7.339225372841648443e-02	3.029252134550526956e-02	7.717290179255995031e-02
1.204604783200165684e+03	2.499463044019424873e-01	1.580517609147400193e-01	2.569425228161338892e-01	1.540204511721129654e-01	7.344908678757550158e-02	3.033038419861696505e-02	7.725948970875298749e-02
1.207023668306993159e+03	2.496180094303629138e-01	1.578274320123969621e-01	2.571776376355814353e-01	1.541571525901804240e-01	7.350576132946243235e-02	3.036816990409119121e-02	7.734583709779949134e-02
1.209442553413820860e+03	2.492906404524430075e-01	1.576037360655006825e-01	2.574120658524509664e-01	1.542934566575735744e-01	7.356227782552944572e-02	3.040587850195124869e-02	7.743194464442584857e-02
1.211861438520648335e+03	2.489641948481863543e-01	1.573806712844702527e-01	2.576458094188552317e-01	1.544293646379435170e-01	7.361863674571503258e-02	3.044351003324486174e-02	7.751781303145953428e-02
1.214280323627476264e+03	2.486386700051076426e-01	1.571582358847627703e-01	2.578788702813774036e-01	1.545648777903113891e-01	7.367483855844941809e-02	3.048106454003414109e-02	7.760344293983206798e-02
1.216699208734303511e+03	2.483140633182088219e-01	1.569364280868607575e-01	2.581112503810868986e-01	1.546999973690904584e-01	7.373088373066016832e-02	3.051854206538565095e-02	7.768883504858205280e-02
1.219118093841131440e+03	2.479903721899555380e-01	1.567152461162595045e-01	2.583429516535554193e-01	1.548347246241081054e-01	7.378677272777753315e-02	3.055594265336050025e-02	7.777399003485821471e-02
1.221536978947959142e+03	2.476675940302532908e-01	1.564946882034544406e-01	2.585739760288724431e-01	1.549690608006275283e-01	7.384250601373996969e-02	3.059326634900452063e-02	7.785890857392259445e-02
1.223955864054786844e+03	2.473457262564243420e-01	1.562747525839284779e-01	2.588043254316609310e-01	1.551030071393694199e-01	7.389808405099942967e-02	3.063051319833853467e-02	7.794359133915366999e-02
1.226374749161614318e+03	2.470247662931842059e-01	1.560554374981391601e-01	2.590340017810929263e-01	1.552365648765333672e-01	7.395350730052692445e-02	3.066768324834864140e-02	7.802803900204960397e-02
1.228793634268442020e+03	2.467047115726186124e-01	1.558367411915061729e-01	2.592630069909051538e-01	1.553697352438190848e-01	7.400877622181771531e-02	3.070477654697661637e-02	7.811225223223151881e-02
1.231212519375269494e+03	2.463855595341604698e-01	1.556186619143984373e-01	2.594913429694144513e-01	1.555025194684475365e-01	7.406389127289672580e-02	3.074179314311034292e-02	7.819623169744686908e-02
1.233631404482097196e+03	2.460673076245669944e-01	1.554011979221214534e-01	2.597190116195333687e-01	1.556349187731820016e-01	7.411885291032388468e-02	3.077873308657433707e-02	7.827997806357278598e-02
1.236050289588924898e+03	2.457499532978969226e-01	1.551843474749045049e-01	2.599460148387854885e-01	1.557669343763487813e-01	7.417366158919934394e-02	3.081559642812032110e-02	7.836349199461946358e-02
1.238469174695752372e+03	2.454334940154878908e-01	1.549681088378878080e-01	2.601723545193209142e-01	1.558985674918579589e-01	7.422831776316880792e-02	3.085238321941786988e-02	7.844677415273364207e-02
1.240888059802580301e+03	2.451179272459339809e-01	1.547524802811097444e-01	2.603980325479314240e-01	1.560298193292237179e-01	7.428282188442876521e-02	3.088909351304510928e-02	7.852982519820214669e-02
1.243306944909407548e+03	2.448032504650632379e-01	1.545374600794942599e-01	2.606230508060659035e-01	1.561606910935849080e-01	7.433717440373170671e-02	3.092572736247951176e-02	7.861264578945539871e-02
1.245725830016235477e+03	2.444894611559155218e-01	1.543230465128378193e-01	2.608474111698453890e-01	1.562911839857251961e-01	7.439137577039132976e-02	3.096228482208870925e-02	7.869523658307099601e-02
1.248144715123063179e+03	2.441765568087202187e-01	1.541092378657966666e-01	2.610711155100786107e-01	1.564212992020931059e-01	7.444542643228768686e-02	3.099876594712141706e-02	7.877759823377729342e-02
1.250563600229890881e+03	2.438645349208742596e-01	1.538960324278740577e-01	2.612941656922767586e-01	1.565510379348219461e-01	7.449932683587241755e-02	3.103517079369837867e-02	7.885973139445716373e-02
1.252982485336718355e+03	2.435533929969201650e-01	1.536834284934074646e-01	2.615165635766687480e-01	1.566804013717497390e-01	7.455307742617379996e-02	3.107149941880342492e-02	7.894163671615157807e-02
1.255401370443546057e+03	2.432431285485243400e-01	1.534714243615557250e-01	2.617383110182163741e-01	1.568093906964385942e-01	7.460667864680192718e-02	3.110775188027454022e-02	7.902331484806342232e-02
1.257820255550373531e+03	2.429337390944551756e-01	1.532600183362861634e-01	2.619594098666291337e-01	1.569380070881945255e-01	7.466013093995373107e-02	3.114392823679503278e-02	7.910476643756117476e-02
1.260239140657201460e+03	2.426252221605615933e-01	1.530492087263619350e-01	2.621798619663792129e-01	1.570662517220866861e-01	7.471343474641813087e-02	3.118002854788475692e-02	7.918599213018272243e-02
1.262658025764028707e+03	2.423175752797514515e-01	1.528389938453290076e-01	2.623996691567164752e-01	1.571941257689665472e-01	7.476659050558101538e-02	3.121605287389138048e-02	7.926699256963921913e-02
1.265076910870856636e+03	2.420107959919701734e-01	1.526293720115035335e-01	2.626188332716833385e-01	1.573216303954871054e-01	7.481959865543029442e-02	3.125200127598172506e-02	7.934776839781888802e-02
1.267495795977684338e+03	2.417048818441794866e-01	1.524203415479590262e-01	2.628373561401295411e-01	1.574487667641219224e-01	7.487245963256092263e-02	3.128787381613321039e-02	7.942832025479092117e-02
1.269914681084511813e+03	2.413998303903362452e-01	1.522119007825134818e-01	2.630552395857270187e-01	1.575755360331838606e-01	7.492517387217983993e-02	3.132367055712526743e-02	7.950864877880935155e-02
1.272333566191339514e+03	2.410956391913711139e-01	1.520040480477166944e-01	2.632724854269845038e-01	1.577019393568438455e-01	7.497774180811095368e-02	3.135939156253090415e-02	7.958875460631704979e-02
1.274752451298167216e+03	2.407923058151679174e-01	1.517967816808373227e-01	2.634890954772624028e-01	1.578279778851495174e-01	7.503016387280009303e-02	3.139503689670827130e-02	7.966863837194960996e-02
1.277171336404994690e+03	2.404898278365424358e-01	1.515901000238502605e-01	2.637050715447871729e-01	1.579536527640436339e-01	7.508244049731989389e-02	3.143060662479232187e-02	7.974830070853937414e-02
1.279590221511822392e+03	2.401882028372217259e-01	1.513840014234239251e-01	2.639204154326663110e-01	1.580789651353824987e-01	7.513457211137473946e-02	3.146610081268651216e-02	7.982774224711942923e-02
1.282009106618650094e+03	2.398874284058233330e-01	1.511784842309072674e-01	2.641351289389025636e-01	1.582039161369541702e-01	7.518655914330563128e-02	3.150151952705459307e-02	7.990696361692758987e-02
1.284427991725477568e+03	2.395875021378347514e-01	1.509735468023173377e-01	2.643492138564085270e-01	1.583285069024965019e-01	7.523840202009499101e-02	3.153686283531240142e-02	7.998596544541054787e-02
1.286846876832305497e+03	2.392884216355928295e-01	1.507691874983262681e-01	2.645626719730215237e-01	1.584527385617152673e-01	7.529010116737160085e-02	3.157213080561976221e-02	8.006474835822785519e-02
1.289265761939132744e+03	2.389901845082632592e-01	1.505654046842488381e-01	2.647755050715173697e-01	1.585766122403019507e-01	7.534165700941529431e-02	3.160732350687243952e-02	8.014331297925600395e-02
1.291684647045960673e+03	2.386927883718202581e-01	1.503621967300295681e-01	2.649877149296251955e-01	1.587001290599515391e-01	7.539306996916188275e-02	3.164244100869414988e-02	8.022165993059258982e-02
1.294103532152788375e+03	2.383962308490263637e-01	1.501595620102301187e-01	2.651993033200418792e-01	1.588232901383800355e-01	7.544434046820783224e-02	3.167748338142858250e-02	8.029978983256041980e-02
1.296522417259616077e+03	2.381005095694120610e-01	1.499574989040166617e-01	2.654102720104459801e-01	1.589460965893423061e-01	7.549546892681503751e-02	3.171245069613157913e-02	8.037770330371166172e-02
1.298941302366443551e+03	2.378056221692559091e-01	1.497560057951471402e-01	2.656206227635122818e-01	1.590685495226491220e-01	7.554645576391560979e-02	3.174734302456325152e-02	8.045540096083195203e-02
1.301360187473271253e+03	2.375115662915643078e-01	1.495550810719587509e-01	2.658303573369260597e-01	1.591906500441847838e-01	7.559730139711653973e-02	3.178216043918025840e-02	8.053288341894467017e-02
1.303779072580098727e+03	2.372183395860515964e-01	1.493547231273551767e-01	2.660394774833969578e-01	1.593123992559240809e-01	7.564800624270442975e-02	3.181690301312807556e-02	8.061015129131506030e-02
1.306197957686926657e+03	2.369259397091202646e-01	1.491549303587941799e-01	2.662479849506734775e-01	1.594337982559495548e-01	7.569857071565012918e-02	3.185157082023334918e-02	8.068720518945445008e-02
1.308616842793753904e+03	2.366343643238411343e-01	1.489557011682748344e-01	2.664558814815569110e-01	1.595548481384683748e-01	7.574899522961342502e-02	3.188616393499630469e-02	8.076404572312445573e-02
1.311035727900581833e+03	2.363436110999335982e-01	1.487570339623251192e-01	2.666631688139153300e-01	1.596755499938292688e-01	7.579928019694769092e-02	3.192068243258319032e-02	8.084067350034127020e-02
1.313454613007409534e+03	2.360536777137460240e-01	1.485589271519893173e-01	2.668698486806976855e-01	1.597959049085392880e-01	7.584942602870448081e-02	3.195512638881880391e-02	8.091708912737985426e-02
1.315873498114237009e+03	2.357645618482362426e-01	1.483613791528154979e-01	2.670759228099479632e-01	1.599159139652804318e-01	7.589943313463810848e-02	3.198949588017906825e-02	8.099329320877823868e-02
1.318292383221064711e+03	2.354762611929520078e-01	1.481643883848429433e-01	2.672813929248187836e-01	1.600355782429262741e-01	7.594930192321028284e-02	3.202379098378363431e-02	8.106928634734172912e-02
1.320711268327892412e+03	2.351887734440115951e-01	1.479679532725898528e-01	2.674862607435854467e-01	1.601548988165583387e-01	7.599903280159460428e-02	3.205801177738858837e-02	8.114506914414724992e-02
1.323130153434719887e+03	2.349020963040845400e-01	1.477720722450407143e-01	2.676905279796599202e-01	1.602738767574825307e-01	7.604862617568118599e-02	3.209215833937917317e-02	8.122064219854760458e-02
1.325549038541547588e+03	2.346162274823723470e-01	1.475767437356340361e-01	2.678941963416043848e-01	1.603925131332454568e-01	7.609808245008112260e-02	3.212623074876256452e-02	8.129600610817581952e-02
1.327967923648375290e+03	2.343311646945892557e-01	1.473819661822497462e-01	2.680972675331452781e-01	1.605108090076503846e-01	7.614740202813097270e-02	3.216022908516072421e-02	8.137116146894939062e-02
1.330386808755202765e+03	2.340469056629432554e-01	1.471877380271970071e-01	2.682997432531867843e-01	1.606287654407735077e-01	7.619658531189731077e-02	3.219415342880330155e-02	8.144610887507458541e-02
1.332805693862030694e+03	2.337634481161169342e-01	1.469940577172016427e-01	2.685016251958247668e-01	1.607463834889797938e-01	7.624563270218114031e-02	3.222800386052056265e-02	8.152084891905087005e-02
1.335224578968857941e+03	2.334807897892485495e-01	1.468009237033940650e-01	2.687029150503602581e-01	1.608636642049389442e-01	7.629454459852237636e-02	3.226178046173641678e-02	8.159538219167514206e-02
1.337643464075685870e+03	2.331989284239131266e-01	1.466083344412966449e-01	2.689036145013131152e-01	1.609806086376410761e-01	7.634332139920424476e-02	3.229548331446142201e-02	8.166970928204611568e-02
1.340062349182513572e+03	2.329178617681036678e-01	1.464162883908116941e-01	2.691037252284356196e-01	1.610972178324124315e-01	7.639196350125773693e-02	3.232911250128595732e-02	8.174383077756865179e-02
1.342481234289341273e+03	2.326375875762123624e-01	1.462247840162090862e-01	2.693032489067259116e-01	1.612134928309310600e-01	7.644047130046596750e-02	3.236266810537331146e-02	8.181774726395811548e-02
1.344900119396168748e+03	2.323581036090117957e-01	1.460338197861139609e-01	2.695021872064416457e-01	1.613294346712421667e-01	7.648884519136855964e-02	3.239615021045293142e-02	8.189145932524474758e-02
1.347319004502996449e+03	2.320794076336365752e-01	1.458433941734945949e-01	2.697005417931133686e-01	1.614450443877735730e-01	7.653708556726601664e-02	3.242955890081367781e-02	8.196496754377795291e-02
1.349737889609823924e+03	2.318014974235645675e-01	1.456535056556502450e-01	2.698983143275579533e-01	1.615603230113511202e-01	7.658519282022403785e-02	3.246289426129710803e-02	8.203827250023079665e-02
1.352156774716651853e+03	2.315243707585983857e-01	1.454641527141988522e-01	2.700955064658918103e-01	1.616752715692137687e-01	7.663316734107784856e-02	3.249615637729086348e-02	8.211137477360423709e-02
1.354575659823479100e+03	2.312480254248471812e-01	1.452753338350651069e-01	2.702921198595444885e-01	1.617898910850288086e-01	7.668100951943651600e-02	3.252934533472208456e-02	8.218427494123158039e-02
1.356994544930307029e+03	2.309724592147079647e-01	1.450870475084680977e-01	2.704881561552718860e-01	1.619041825789068745e-01	7.672871974368725145e-02	3.256246122005083954e-02	8.225697357878283822e-02
1.359413430037134731e+03	2.306976699268475650e-01	1.448992922289093765e-01	2.706836169951695736e-01	1.620181470674168511e-01	7.677629840099961522e-02	3.259550412026365057e-02	8.232947126026909923e-02
1.361832315143962205e+03	2.304236553661843379e-01	1.447120664951608848e-01	2.708785040166857838e-01	1.621317855636009164e-01	7.682374587732984650e-02	3.262847412286708215e-02	8.240176855804690059e-02
1.364251200250789907e+03	2.301504133438699584e-01	1.445253688102529355e-01	2.710728188526347893e-01	1.622450990769891410e-01	7.687106255742504057e-02	3.266137131588128101e-02	8.247386604282262723e-02
1.366670085357617609e+03	2.298779416772712414e-01	1.443391976814621946e-01	2.712665631312100034e-01	1.623580886136143653e-01	7.691824882482739545e-02	3.269419578783368946e-02	8.254576428365689722e-02
1.369088970464445310e+03	2.296062381899522942e-01	1.441535516202996636e-01	2.714597384759971366e-01	1.624707551760266322e-01	7.696530506187838905e-02	3.272694762775273797e-02	8.261746384796894715e-02
1.371507855571272785e+03	2.293353007116562814e-01	1.439684291424988549e-01	2.716523465059871856e-01	1.625830997633078978e-01	7.701223164972301194e-02	3.275962692516158625e-02	8.268896530154098978e-02
1.373926740678100487e+03	2.290651270782877724e-01	1.437838287680036908e-01	2.718443888355896454e-01	1.626951233710863531e-01	7.705902896831383353e-02	3.279223377007192686e-02	8.276026920852262714e-02
1.376345625784927961e+03	2.287957151318946725e-01	1.435997490209567351e-01	2.720358670746452212e-01	1.628068269915509125e-01	7.710569739641527642e-02	3.282476825297783035e-02	8.283137613143524980e-02
1.378764510891755890e+03	2.285270627206504312e-01	1.434161884296873968e-01	2.722267828284389846e-01	1.629182116134654246e-01	7.715223731160765486e-02	3.285723046484966686e-02	8.290228663117640839e-02
1.381183395998583137e+03	2.282591676988364182e-01	1.432331455266999121e-01	2.724171376977132519e-01	1.630292782221828829e-01	7.719864909029132416e-02	3.288962049712801372e-02	8.297300126702417122e-02
1.383602281105411066e+03	2.279920279268241312e-01	1.430506188486616315e-01	2.726069332786805743e-01	1.631400277996596371e-01	7.724493310769074694e-02	3.292193844171764638e-02	8.304352059664156516e-02
1.386021166212238768e+03	2.277256412710576827e-01	1.428686069363913624e-01	2.727961711630363384e-01	1.632504613244693814e-01	7.729108973785865644e-02	3.295418439098159874e-02	8.311384517608089162e-02
1.388440051319066470e+03	2.274600056040361196e-01	1.426871083348474345e-01	2.729848529379718114e-01	1.633605797718170882e-01	7.733711935368003942e-02	3.298635843773523035e-02	8.318397555978818136e-02
1.390858936425893944e+03	2.271951188042959646e-01	1.425061215931159586e-01	2.731729801861868534e-01	1.634703841135530245e-01	7.738302232687621629e-02	3.301846067524034228e-02	8.325391230060752434e-02
1.393277821532721646e+03	2.269309787563937586e-01	1.423256452643994197e-01	2.733605544859026293e-01	1.635798753181865184e-01	7.742879902800886560e-02	3.305049119719935535e-02	8.332365594978548284e-02
1.395696706639549120e+03	2.266675833508886295e-01	1.421456779060046582e-01	2.735475774108741542e-01	1.636890543508996432e-01	7.747444982648402090e-02	3.308245009774953699e-02	8.339320705697542135e-02
1.398115591746377049e+03	2.264049304843251120e-01	1.419662180793314910e-01	2.737340505304032279e-01	1.637979221735609836e-01	7.751997509055612301e-02	3.311433747145725581e-02	8.346256617024193358e-02
1.400534476853204296e+03	2.261430180592156058e-01	1.417872643498610252e-01	2.739199754093508687e-01	1.639064797447391808e-01	7.756537518733198910e-02	3.314615341331229176e-02	8.353173383606518621e-02
1.402953361960032225e+03	2.258818439840234171e-01	1.416088152871440298e-01	2.741053536081501929e-01	1.640147280197164770e-01	7.761065048277472622e-02	3.317789801872216005e-02	8.360071059934524873e-02
1.405372247066859927e+03	2.256214061731453557e-01	1.414308694647894993e-01	2.742901866828184598e-01	1.641226679505020658e-01	7.765580134170774196e-02	3.320957138350655313e-02	8.366949700340658991e-02
1.407791132173687402e+03	2.253617025468948043e-01	1.412534254604530248e-01	2.744744761849701176e-01	1.642303004858457205e-01	7.770082812781864412e-02	3.324117360389174103e-02	8.373809359000225494e-02
1.410210017280515103e+03	2.251027310314845931e-01	1.410764818558254141e-01	2.746582236618289041e-01	1.643376265712507278e-01	7.774573120366319590e-02	3.327270477650506875e-02	8.380650089931834801e-02
1.412628902387342805e+03	2.248444895590099857e-01	1.409000372366212006e-01	2.748414306562405596e-01	1.644446471489874606e-01	7.779051093066917388e-02	3.330416499836948152e-02	8.387471946997836214e-02
1.415047787494170507e+03	2.245869760674317483e-01	1.407240901925671250e-01	2.750240987066851495e-01	1.645513631581063674e-01	7.783516766914029550e-02	3.333555436689807083e-02	8.394274983904752296e-02
1.417466672600997981e+03	2.243301885005591634e-01	1.405486393173908388e-01	2.752062293472893328e-01	1.646577755344510452e-01	7.787970177826009088e-02	3.336687297988872453e-02	8.401059254203710469e-02
1.419885557707825683e+03	2.240741248080333758e-01	1.403736832088095798e-01	2.753878241078387412e-01	1.647638852106712848e-01	7.792411361609573317e-02	3.339812093551874222e-02	8.407824811290882938e-02
1.422304442814653157e+03	2.238187829453104627e-01	1.401992204685187093e-01	2.755688845137904130e-01	1.648696931162361434e-01	7.796840353960186876e-02	3.342929833233954789e-02	8.414571708407914130e-02
1.424723327921481086e+03	2.235641608736446961e-01	1.400252497021804710e-01	2.757494120862850617e-01	1.649752001774466292e-01	7.801257190462448921e-02	3.346040526927140935e-02	8.421299998642357842e-02
1.427142213028308333e+03	2.233102565600719458e-01	1.398517695194127219e-01	2.759294083421590105e-01	1.650804073174486075e-01	7.805661906590473376e-02	3.349144184559824794e-02	8.428009734928107455e-02
1.429561098135136262e+03	2.230570679773929421e-01	1.396787785337776644e-01	2.761088747939568488e-01	1.651853154562455683e-01	7.810054537708263633e-02	3.352240816096242054e-02	8.434700970045827528e-02
1.431979983241963964e+03	2.228045931041568728e-01	1.395062753627706043e-01	2.762878129499431457e-01	1.652899255107113108e-01	7.814435119070099744e-02	3.355330431535960556e-02	8.441373756623389568e-02
1.434398868348791666e+03	2.225528299246446462e-01	1.393342586278088213e-01	2.764662243141148834e-01	1.653942383946024608e-01	7.818803685820902016e-02	3.358413040913368897e-02	8.448028147136296684e-02
1.436817753455619140e+03	2.223017764288524600e-01	1.391627269542203282e-01	2.766441103862135042e-01	1.654982550185711276e-01	7.823160272996618203e-02	3.361488654297170586e-02	8.454664193908115188e-02
1.439236638562446842e+03	2.220514306124755921e-01	1.389916789712327960e-01	2.768214726617369004e-01	1.656019762901773107e-01	7.827504915524589879e-02	3.364557281789883059e-02	8.461281949110910361e-02
1.441655523669274316e+03	2.218017904768917747e-01	1.388211133119625074e-01	2.769983126319514044e-01	1.657054031139013617e-01	7.831837648223928527e-02	3.367618933527339459e-02	8.467881464765668331e-02
1.444074408776102018e+03	2.215528540291449577e-01	1.386510286134031988e-01	2.771746317839038909e-01	1.658085363911562804e-01	7.836158505805883301e-02	3.370673619678192512e-02	8.474462792742727679e-02
1.446493293882929493e+03	2.213046192819290992e-01	1.384814235164150142e-01	2.773504316004337666e-01	1.659113770203000382e-01	7.840467522874211559e-02	3.373721350443429495e-02	8.481025984762205483e-02
1.448912178989757422e+03	2.210570842535718450e-01	1.383122966657135688e-01	2.775257135601846836e-01	1.660139258966478182e-01	7.844764733925543854e-02	3.376762136055879576e-02	8.487571092394424754e-02
1.451331064096585123e+03	2.208102469680184310e-01	1.381436467098589305e-01	2.777004791376165294e-01	1.661161839124840889e-01	7.849050173349757242e-02	3.379795986779736416e-02	8.494098167060343263e-02
1.453749949203412370e+03	2.205641054548155566e-01	1.379754723012446560e-01	2.778747298030174728e-01	1.662181519570748445e-01	7.853323875430329171e-02	3.382822912910078694e-02	8.500607260031974033e-02
1.456168834310240300e+03	2.203186577490952869e-01	1.378077720960869113e-01	2.780484670225155108e-01	1.663198309166794842e-01	7.857585874344709398e-02	3.385842924772394097e-02	8.507098422432814167e-02
1.458587719417068001e+03	2.200739018915590928e-01	1.376405447544135074e-01	2.782216922580902918e-01	1.664212216745628858e-01	7.861836204164679431e-02	3.388856032722110251e-02	8.513571705238269505e-02
1.461006604523895703e+03	2.198298359284616976e-01	1.374737889400530766e-01	2.783944069675851618e-01	1.665223251110073133e-01	7.866074898856711961e-02	3.391862247144127041e-02	8.520027159276075124e-02
1.463425489630723177e+03	2.195864579115953674e-01	1.373075033206243023e-01	2.785666126047184887e-01	1.666231421033242122e-01	7.870301992282328907e-02	3.394861578452353090e-02	8.526464835226722772e-02
1.465844374737550879e+03	2.193437658982740346e-01	1.371416865675250674e-01	2.787383106190954862e-01	1.667236735258660063e-01	7.874517518198460853e-02	3.397854037089245022e-02	8.532884783623875813e-02
1.468263259844378354e+03	2.191017579513173108e-01	1.369763373559216291e-01	2.789095024562199820e-01	1.668239202500378937e-01	7.878721510257806482e-02	3.400839633525356426e-02	8.539287054854793890e-02
1.470682144951206283e+03	2.188604321390347496e-01	1.368114543647379888e-01	2.790801895575060199e-01	1.669238831443094484e-01	7.882914002009178134e-02	3.403818378258879895e-02	8.545671699160757584e-02
1.473101030058033530e+03	2.186197865352102476e-01	1.366470362766450675e-01	2.792503733602892946e-01	1.670235630742262500e-01	7.887095026897862626e-02	3.406790281815203630e-02	8.552038766637481970e-02
1.475519915164861459e+03	2.183798192190861687e-01	1.364830817780500749e-01	2.794200552978388652e-01	1.671229609024215135e-01	7.891264618265972364e-02	3.409755354746461103e-02	8.558388307235538506e-02
1.477938800271689161e+03	2.181405282753479391e-01	1.363195895590859075e-01	2.795892367993684791e-01	1.672220774886274686e-01	7.895422809352792282e-02	3.412713607631094603e-02	8.564720370760769974e-02
1.480357685378516862e+03	2.179019117941082551e-01	1.361565583136004620e-01	2.797579192900483958e-01	1.673209136896867677e-01	7.899569633295130955e-02	3.415665051073416003e-02	8.571035006874710982e-02
1.482776570485344337e+03	2.176639678708916226e-01	1.359939867391460333e-01	2.799261041910162673e-01	1.674194703595640876e-01	7.903705123127673093e-02	3.418609695703170304e-02	8.577332265095001518e-02
