1.301360187473271253e+03	2.371248995726828179e-01	1.496775454986055687e-01	2.609190923890147840e-01	1.616337036327106791e-01	7.622447392564180024e-02	3.198709939922135537e-02	8.243318558199577706e-02
1.306197957686926657e+03	2.365408257289078331e-01	1.492763134753052057e-01	2.613009695290396395e-01	1.618958376994229786e-01	7.633152140728775847e-02	3.205734049495963939e-02	8.259719166494976228e-02
1.311035727900581833e+03	2.359600419039987462e-01	1.488773427754576939e-01	2.616805511668700013e-01	1.621564824714386288e-01	7.643801429126100000e-02	3.212729001151536090e-02	8.276027737933137896e-02
1.315873498114237009e+03	2.353825295057082045e-01	1.484806206132723572e-01	2.620578521837739205e-01	1.624156460690832360e-01	7.654395545454811822e-02	3.219694859893725003e-02	8.292244757454968196e-02
1.320711268327892412e+03	2.348082700478135165e-01	1.480861342754851706e-01	2.624328873521910577e-01	1.626733365730216319e-01	7.664934775808227019e-02	3.226631691430080495e-02	8.308370707897833052e-02
1.325549038541547588e+03	2.342372451494828811e-01	1.476938711209599131e-01	2.628056713366512809e-01	1.629295620243974285e-01	7.675419404686759095e-02	3.233539562153919800e-02	8.324406069997457303e-02
1.330386808755202765e+03	2.336694365346466684e-01	1.473038185802899303e-01	2.631762186946851045e-01	1.631843304249724069e-01	7.685849715010172056e-02	3.240418539127704750e-02	8.340351322389995270e-02
1.335224578968857941e+03	2.331048260313742793e-01	1.469159641554013684e-01	2.635445438777254124e-01	1.634376497372657666e-01	7.696225988129665185e-02	3.247268690066674318e-02	8.356206941614262307e-02
1.340062349182513572e+03	2.325433955712556955e-01	1.465302954191576301e-01	2.639106612320003542e-01	1.636895278846927648e-01	7.706548503839771858e-02	3.254090083322749849e-02	8.371973402114119001e-02
1.344900119396168748e+03	2.319851271887878597e-01	1.461468000149648283e-01	2.642745849994185270e-01	1.639399727517036054e-01	7.716817540390094599e-02	3.260882787868694260e-02	8.387651176241010809e-02
1.349737889609823924e+03	2.314300030207661618e-01	1.457654656563789064e-01	2.646363293184453847e-01	1.641889921839218003e-01	7.727033374496872220e-02	3.267646873282528674e-02	8.403240734256653410e-02
1.354575659823479100e+03	2.308780053056802284e-01	1.453862801267141180e-01	2.649959082249714326e-01	1.644365939882826144e-01	7.737196281354384586e-02	3.274382409732203014e-02	8.418742544335852673e-02
1.359413430037134731e+03	2.303291163831145960e-01	1.450092312786526449e-01	2.653533356531726506e-01	1.646827859331712607e-01	7.747306534646196396e-02	3.281089467960508765e-02	8.434157072569467561e-02
1.364251200250789907e+03	2.297833186931537153e-01	1.446343070338562131e-01	2.657086254363620892e-01	1.649275757485609839e-01	7.757364406556246927e-02	3.287768119270238071e-02	8.449484782967499330e-02
1.369088970464445310e+03	2.292405947757913398e-01	1.442614953825789581e-01	2.660617913078345831e-01	1.651709711261511171e-01	7.767370167779785728e-02	3.294418435509584991e-02	8.464726137462313948e-02
1.373926740678100487e+03	2.287009272703444118e-01	1.438907843832817335e-01	2.664128469017024159e-01	1.654129797195050267e-01	7.777324087534166763e-02	3.301040489057777833e-02	8.479881595911979708e-02
1.378764510891755890e+03	2.281642989148708889e-01	1.435221621622483623e-01	2.667618057537239351e-01	1.656536091441880576e-01	7.787226433569485740e-02	3.307634352810945311e-02	8.494951616103728342e-02
1.383602281105411066e+03	2.276306925455919838e-01	1.431556169132033873e-01	2.671086813021237849e-01	1.658928669779052012e-01	7.797077472179089752e-02	3.314200100168217256e-02	8.509936653757534109e-02
1.388440051319066470e+03	2.271000910963184571e-01	1.427911368969314865e-01	2.674534868884061445e-01	1.661307607606390402e-01	7.806877468209935667e-02	3.320737805018036948e-02	8.524837162529792789e-02
1.393277821532721646e+03	2.265724775978807670e-01	1.424287104408985816e-01	2.677962357581595843e-01	1.663672979947873332e-01	7.816626685072819436e-02	3.327247541724711460e-02	8.539653594017124205e-02
1.398115591746377049e+03	2.260478351775633832e-01	1.420683259388748620e-01	2.681369410618548166e-01	1.666024861453008488e-01	7.826325384752465253e-02	3.333729385115168087e-02	8.554386397760263550e-02
1.402953361960032225e+03	2.255261470585427919e-01	1.417099718505591965e-01	2.684756158556348415e-01	1.668363326398211166e-01	7.835973827817502291e-02	3.340183410465929342e-02	8.569036021248063739e-02
1.407791132173687402e+03	2.250073965593295533e-01	1.413536367012056816e-01	2.688122731020978762e-01	1.670688448688179562e-01	7.845572273430294341e-02	3.346609693490300297e-02	8.583602909921590751e-02
1.412628902387342805e+03	2.244915670932139118e-01	1.409993090812518279e-01	2.691469256710725677e-01	1.673000301857272831e-01	7.855120979356651489e-02	3.353008310325762686e-02	8.598087507178318878e-02
1.417466672600997981e+03	2.239786421677152917e-01	1.406469776459485233e-01	2.694795863403862679e-01	1.675298959070887495e-01	7.864620201975427993e-02	3.359379337521574416e-02	8.612490254376406473e-02
1.422304442814653157e+03	2.234686053840353182e-01	1.402966311149919931e-01	2.698102677966258134e-01	1.677584493126834386e-01	7.874070196287995260e-02	3.365722852026572370e-02	8.626811590839070232e-02
1.427142213028308333e+03	2.229614404365146130e-01	1.399482582721573165e-01	2.701389826358914781e-01	1.679856976456715334e-01	7.883471215927591313e-02	3.372038931177169518e-02	8.641051953859042734e-02
1.431979983241963964e+03	2.224571311120930039e-01	1.396018479649338839e-01	2.704657433645437092e-01	1.682116481127299557e-01	7.892823513168573113e-02	3.378327652685553933e-02	8.655211778703109093e-02
1.436817753455619140e+03	2.219556612897734815e-01	1.392573891041629930e-01	2.707905623999428135e-01	1.684363078841901451e-01	7.902127338935539813e-02	3.384589094628072392e-02	8.669291498616732428e-02
1.441655523669274316e+03	2.214570149400893195e-01	1.389148706636768593e-01	2.711134520711818707e-01	1.686596840941757269e-01	7.911382942812354713e-02	3.390823335433812424e-02	8.683291544828745934e-02
1.446493293882929493e+03	2.209611761245748041e-01	1.385742816799398203e-01	2.714344246198125976e-01	1.688817838407401239e-01	7.920590573051067285e-02	3.397030453873363387e-02	8.697212346556126850e-02
1.451331064096585123e+03	2.204681289952394319e-01	1.382356112516912594e-01	2.717534922005646059e-01	1.691026141860043630e-01	7.929750476580713081e-02	3.403210529047766275e-02	8.711054331008849516e-02
1.456168834310240300e+03	2.199778577940453006e-01	1.378988485395904462e-01	2.720706668820578877e-01	1.693221821562946594e-01	7.938862899016027597e-02	3.409363640377641863e-02	8.724817923394792563e-02
1.461006604523895703e+03	2.194903468523880519e-01	1.375639827658633463e-01	2.723859606475083628e-01	1.695404947422803066e-01	7.947928084666050497e-02	3.415489867592499951e-02	8.738503546924733523e-02
1.465844374737550879e+03	2.190055805905807285e-01	1.372310032139510694e-01	2.726993853954274849e-01	1.697575588991111217e-01	7.956946276542631313e-02	3.421589290720220000e-02	8.752111622817393410e-02
1.470682144951206283e+03	2.185235435173412677e-01	1.368998992281605098e-01	2.730109529403145774e-01	1.699733815465553632e-01	7.965917716368847712e-02	3.427661990076707327e-02	8.765642570304557624e-02
1.475519915164861459e+03	2.180442202292829090e-01	1.365706602133166248e-01	2.733206750133431728e-01	1.701879695691372874e-01	7.974842644587314122e-02	3.433708046255720681e-02	8.779096806636249584e-02
1.480357685378516862e+03	2.175675954104079879e-01	1.362432756344167939e-01	2.736285632630406917e-01	1.704013298162748435e-01	7.983721300368412654e-02	3.439727540118864280e-02	8.792474747085973763e-02
1.485195455592172038e+03	2.170936538316046716e-01	1.359177350162869558e-01	2.739346292559620699e-01	1.706134691024173977e-01	7.992553921618421320e-02	3.445720552785747764e-02	8.805776804956005899e-02
1.490033225805827215e+03	2.166223803501470535e-01	1.355940279432394646e-01	2.742388844773567258e-01	1.708243942071832611e-01	8.001340744987563147e-02	3.451687165624306441e-02	8.819003391582755369e-02
1.494870996019482618e+03	2.161537599091981066e-01	1.352721440587332791e-01	2.745413403318298640e-01	1.710341118754974132e-01	8.010082005877958156e-02	3.457627460241282508e-02	8.832154916342166429e-02
1.499708766233137567e+03	2.156877775373159389e-01	1.349520730650355937e-01	2.748420081439969520e-01	1.712426288177289757e-01	8.018777938451498999e-02	3.463541518472863789e-02	8.845231786655177730e-02
1.504546536446793198e+03	2.152244183479626594e-01	1.346338047228854695e-01	2.751408991591324238e-01	1.714499517098288517e-01	8.027428775637636404e-02	3.469429422375479299e-02	8.858234407993237358e-02
1.509384306660448374e+03	2.147636675390167948e-01	1.343173288511594066e-01	2.754380245438126651e-01	1.716560871934671995e-01	8.036034749141084121e-02	3.475291254216745368e-02	8.871163183883860881e-02
1.514222076874103550e+03	2.143055103922882898e-01	1.340026353265388048e-01	2.757333953865525045e-01	1.718610418761709335e-01	8.044596089449446152e-02	3.481127096466564430e-02	8.884018515916243530e-02
1.519059847087758726e+03	2.138499322730364749e-01	1.336897140831791730e-01	2.760270226984359865e-01	1.720648223314611147e-01	8.053113025840759331e-02	3.486937031788370223e-02	8.896800803746911235e-02
1.523897617301414357e+03	2.133969186294912002e-01	1.333785551123811419e-01	2.763189174137414272e-01	1.722674350989903402e-01	8.061585786390958186e-02	3.492721143030519393e-02	8.909510445105423004e-02
1.528735387515069533e+03	2.129464549923766048e-01	1.330691484622636700e-01	2.766090903905606413e-01	1.724688866846800506e-01	8.070014597981271798e-02	3.498479513217828824e-02	8.922147835800116333e-02
1.533573157728724709e+03	2.124985269744378846e-01	1.327614842374386372e-01	2.768975524114120623e-01	1.726691835608577530e-01	8.078399686305538785e-02	3.504212225543254511e-02	8.934713369723885912e-02
1.538410927942380113e+03	2.120531202699709739e-01	1.324555525986876037e-01	2.771843141838486457e-01	1.728683321663942452e-01	8.086741275877447344e-02	3.509919363359706446e-02	8.947207438860012296e-02
1.543248698156035516e+03	2.116102206543549191e-01	1.321513437626401499e-01	2.774693863410600536e-01	1.730663389068406166e-01	8.095039590037710064e-02	3.515601010172005048e-02	8.959630433288026663e-02
1.548086468369690692e+03	2.111698139835870291e-01	1.318488480014543829e-01	2.777527794424689001e-01	1.732632101545654169e-01	8.103294850961161033e-02	3.521257249628971520e-02	8.971982741189611643e-02
1.552924238583346096e+03	2.107318861938209664e-01	1.315480556424988845e-01	2.780345039743221114e-01	1.734589522488914626e-01	8.111507279663789094e-02	3.526888165515650736e-02	8.984264748854535465e-02
1.557762008797001272e+03	2.102964233009075312e-01	1.312489570680367423e-01	2.783145703502762358e-01	1.736535714962327004e-01	8.119677096009696171e-02	3.532493841745668051e-02	8.996476840686631893e-02
1.562599779010656675e+03	2.098634113999382211e-01	1.309515427149112177e-01	2.785929889119776459e-01	1.738470741702309308e-01	8.127804518718000082e-02	3.538074362353711699e-02	9.008619399209803758e-02
1.567437549224311852e+03	2.094328366647913720e-01	1.306558030742333565e-01	2.788697699296373012e-01	1.740394665118924489e-01	8.135889765369659632e-02	3.543629811488146347e-02	9.020692805074061182e-02
1.572275319437967255e+03	2.090046853476810185e-01	1.303617286910711826e-01	2.791449236026005143e-01	1.742307547297246295e-01	8.143933052414240037e-02	3.549160273403750843e-02	9.032697437061591728e-02
1.577113089651622431e+03	2.085789437787087253e-01	1.300693101641409166e-01	2.794184600599107782e-01	1.744209449998721795e-01	8.151934595176613119e-02	3.554665832454578789e-02	9.044633672092862453e-02
1.581950859865277607e+03	2.081555983654176656e-01	1.297785381454997222e-01	2.796903893608692626e-01	1.746100434662535006e-01	8.159894607863600602e-02	3.560146573086941935e-02	9.056501885232753901e-02
1.586788630078933011e+03	2.077346355923496424e-01	1.294894033402404776e-01	2.799607214955884271e-01	1.747980562406968030e-01	8.167813303570549410e-02	3.565602579832512914e-02	9.068302449696707956e-02
1.591626400292587959e+03	2.073160420206045240e-01	1.292018965061880187e-01	2.802294663855411372e-01	1.749849894030762187e-01	8.175690894287851451e-02	3.571033937301546640e-02	9.080035736856921502e-02
1.596464170506243590e+03	2.068998042874024001e-01	1.289160084535973527e-01	2.804966338841040074e-01	1.751708490014475539e-01	8.183527590907403726e-02	3.576440730176219662e-02	9.091702116248551180e-02
1.601301940719898766e+03	2.064859091056484020e-01	1.286317300448535650e-01	2.807622337770967480e-01	1.753556410521839026e-01	8.191323603229000438e-02	3.581823043204079848e-02	9.103301955575952842e-02
1.606139710933553943e+03	2.060743432634998540e-01	1.283490521941733076e-01	2.810262757833158487e-01	1.755393715401115107e-01	8.199079139966687635e-02	3.587180961191615419e-02	9.114835620718936271e-02
1.610977481147209119e+03	2.056650936239361738e-01	1.280679658673081478e-01	2.812887695550634337e-01	1.757220464186449171e-01	8.206794408755042902e-02	3.592514568997928759e-02	9.126303475739047655e-02
1.615815251360864750e+03	2.052581471243311306e-01	1.277884620812496652e-01	2.815497246786716756e-01	1.759036716099222908e-01	8.214469616155413434e-02	3.597823951528524716e-02	9.137705882885872877e-02
1.620653021574519926e+03	2.048534907760278523e-01	1.275105319039361307e-01	2.818091506750218245e-01	1.760842530049404886e-01	8.222104967662083319e-02	3.603109193729205073e-02	9.149043202603364400e-02
1.625490791788175102e+03	2.044511116639161907e-01	1.272341664539609896e-01	2.820670570000591293e-01	1.762637964636899202e-01	8.229700667708408912e-02	3.608370380580067094e-02	9.160315793536180640e-02
1.630328562001830505e+03	2.040509969460123640e-01	1.269593569002828159e-01	2.823234530453027080e-01	1.764423078152893010e-01	8.237256919672884814e-02	3.613607597089613793e-02	9.171524012536053094e-02
1.635166332215485909e+03	2.036531338530415403e-01	1.266860944619373486e-01	2.825783481383508100e-01	1.766197928581201559e-01	8.244773925885162669e-02	3.618820928288959959e-02	9.182668214668163187e-02
1.640004102429141085e+03	2.032575096880224474e-01	1.264143704077507480e-01	2.828317515433814155e-01	1.767962573599610732e-01	8.252251887632018612e-02	3.624010459226140873e-02	9.193748753217541314e-02
1.644841872642796488e+03	2.028641118258545373e-01	1.261441760560547687e-01	2.830836724616485611e-01	1.769717070581218743e-01	8.259691005163280475e-02	3.629176274960529275e-02	9.204765979695483935e-02
1.649679642856451665e+03	2.024729277129077021e-01	1.258755027744035693e-01	2.833341200319737796e-01	1.771461476595775908e-01	8.267091477697684210e-02	3.634318460557341146e-02	9.215720243845978987e-02
1.654517413070107068e+03	2.020839448666142124e-01	1.256083419792920486e-01	2.835831033312332661e-01	1.773195848411020514e-01	8.274453503428705337e-02	3.639437101082242110e-02	9.226611893652156282e-02
1.659355183283762244e+03	2.016971508750630693e-01	1.253426851358759586e-01	2.838306313748408805e-01	1.774920242494014977e-01	8.281777279530327940e-02	3.644532281596052359e-02	9.237441275342742064e-02
1.664192953497417420e+03	2.013125333965967989e-01	1.250785237576934605e-01	2.840767131172262094e-01	1.776634715012477550e-01	8.289063002162770644e-02	3.649604087149543180e-02	9.248208733398528836e-02
1.669030723711072824e+03	2.009300801594105512e-01	1.248158494063885265e-01	2.843213574523087428e-01	1.778339321836112652e-01	8.296310866478165402e-02	3.654652602778327153e-02	9.258914610558863223e-02
1.673868493924728000e+03	2.005497789611535298e-01	1.245546536914356878e-01	2.845645732139676642e-01	1.780034118537940080e-01	8.303521066626193270e-02	3.659677913497840634e-02	9.269559247828139392e-02
1.678706264138383403e+03	2.001716176685328363e-01	1.242949282698665864e-01	2.848063691765073679e-01	1.781719160395619506e-01	8.310693795759670210e-02	3.664680104298414370e-02	9.280142984482304958e-02
1.683544034352038352e+03	1.997955842169193696e-01	1.240366648459980126e-01	2.850467540551187007e-01	1.783394502392774417e-01	8.317829246040095437e-02	3.669659260140435697e-02	9.290666158075380765e-02
1.688381804565693983e+03	1.994216666099564161e-01	1.237798551711615097e-01	2.852857365063360962e-01	1.785060199220313282e-01	8.324927608643151178e-02	3.674615465949596788e-02	9.301129104445979290e-02
1.693219574779349159e+03	1.990498529191700727e-01	1.235244910434346310e-01	2.855233251284908236e-01	1.786716305277746553e-01	8.331989073764159426e-02	3.679548806612228939e-02	9.311532157723849401e-02
1.698057344993004335e+03	1.986801312835823341e-01	1.232705643073736673e-01	2.857595284621597398e-01	1.788362874674504222e-01	8.339013830623503987e-02	3.684459366970724292e-02	9.321875650336410024e-02
1.702895115206659511e+03	1.983124899093261506e-01	1.230180668537479705e-01	2.859943549906103222e-01	1.789999961231247272e-01	8.346002067471997021e-02	3.689347231819039424e-02	9.332159913015306008e-02
1.707732885420315142e+03	1.979469170692628732e-01	1.227669906192757621e-01	2.862278131402415382e-01	1.791627618481179685e-01	8.352953971596215055e-02	3.694212485898278053e-02	9.342385274802961215e-02
1.712570655633970318e+03	1.975834011026017800e-01	1.225173275863616212e-01	2.864599112810208292e-01	1.793245899671354615e-01	8.359869729323793353e-02	3.699055213892362554e-02	9.352552063059139942e-02
1.717408425847625494e+03	1.972219304145221008e-01	1.222690697828352907e-01	2.866906577269173750e-01	1.794854857763981404e-01	8.366749526028673112e-02	3.703875500423779721e-02	9.362660603467520826e-02
1.722246196061280898e+03	1.968624934757967904e-01	1.220222092816921761e-01	2.869200607363311395e-01	1.796454545437725647e-01	8.373593546136325061e-02	3.708673430049407721e-02	9.372711220042265201e-02
1.727083966274936301e+03	1.965050788224189382e-01	1.217767382008352328e-01	2.871481285125181970e-01	1.798045015089010379e-01	8.380401973128914772e-02	3.713449087256418674e-02	9.382704235134596560e-02
1.731921736488591478e+03	1.961496750552300106e-01	1.215326487028183938e-01	2.873748692040123398e-01	1.799626318833311978e-01	8.387174989550438831e-02	3.718202556458263114e-02	9.392639969439381398e-02
1.736759506702246881e+03	1.957962708395503681e-01	1.212899329945915372e-01	2.876002909050429102e-01	1.801198508506453300e-01	8.393912777011831861e-02	3.722933921990721762e-02	9.402518742001708674e-02
1.741597276915902057e+03	1.954448549048120876e-01	1.210485833272468281e-01	2.878244016559489138e-01	1.802761635665895146e-01	8.400615516196016652e-02	3.727643268108038477e-02	9.412340870223483147e-02
1.746435047129557461e+03	1.950954160441935592e-01	1.208085919957666149e-01	2.880472094435894692e-01	1.804315751592023565e-01	8.407283386862936247e-02	3.732330678979124683e-02	9.422106669870013163e-02
1.751272817343212637e+03	1.947479431142565276e-01	1.205699513387727545e-01	2.882687222017502604e-01	1.805860907289435213e-01	8.413916567854538842e-02	3.736996238683832489e-02	9.431816455076590111e-02
1.756110587556867813e+03	1.944024250345850191e-01	1.203326537382774092e-01	2.884889478115472694e-01	1.807397153488216890e-01	8.420515237099733541e-02	3.741640031209302747e-02	9.441470538355094255e-02
1.760948357770523216e+03	1.940588507874264901e-01	1.200966916194352724e-01	2.887078941018256795e-01	1.808924540645226453e-01	8.427079571619304488e-02	3.746262140446385280e-02	9.451069230600575577e-02
1.765786127984178393e+03	1.937172094173349735e-01	1.198620574502971964e-01	2.889255688495562802e-01	1.810443118945366803e-01	8.433609747530790290e-02	3.750862650186118780e-02	9.460612841097845727e-02
1.770623898197833569e+03	1.933774900308163625e-01	1.196287437415653604e-01	2.891419797802280978e-01	1.811952938302858196e-01	8.440105940053338474e-02	3.755441644116288419e-02	9.470101677528074136e-02
1.775461668411488745e+03	1.930396817959756928e-01	1.193967430463497431e-01	2.893571345682371954e-01	1.813454048362507232e-01	8.446568323512516907e-02	3.759999205818045226e-02	9.479536045975368863e-02
1.780299438625144376e+03	1.927037739421663953e-01	1.191660479599260664e-01	2.895710408372724198e-01	1.814946498500972505e-01	8.452997071345091928e-02	3.764535418762595537e-02	9.488916250933369934e-02
1.785137208838799552e+03	1.923697557596417140e-01	1.189366511194951126e-01	2.897837061606977072e-01	1.816430337828026931e-01	8.459392356103777322e-02	3.769050366307946653e-02	9.498242595311834346e-02
1.789974979052454728e+03	1.920376165992080941e-01	1.187085452039434441e-01	2.899951380619307240e-01	1.817905615187817014e-01	8.465754349461949990e-02	3.773544131695728832e-02	9.507515380443212760e-02
1.794812749266109904e+03	1.917073458718805135e-01	1.184817229336055655e-01	2.902053440148185670e-01	1.819372379160117958e-01	8.472083222218330933e-02	3.778016798048070002e-02	9.516734906089234503e-02
1.799650519479765535e+03	1.913789330485398954e-01	1.182561770700274184e-01	2.904143314440101875e-01	1.820830678061587105e-01	8.478379144301638470e-02	3.782468448364537106e-02	9.525901470447485642e-02
1.804488289693420711e+03	1.910523676595923814e-01	1.180319004157311530e-01	2.906221077253249296e-01	1.822280559947011824e-01	8.484642284775201215e-02	3.786899165519139188e-02	9.535015370157977344e-02
1.809326059907075887e+03	1.907276392946307131e-01	1.178088858139814538e-01	2.908286801861186266e-01	1.823722072610554912e-01	8.490872811841554402e-02	3.791309032257388079e-02	9.544076900309710065e-02
1.814163830120731291e+03	1.904047376020975013e-01	1.175871261485530589e-01	2.910340561056459774e-01	1.825155263586997756e-01	8.497070892846990409e-02	3.795698131193421532e-02	9.553086354447243300e-02
1.819001600334386467e+03	1.900836522889502445e-01	1.173666143434997367e-01	2.912382427154199260e-01	1.826580180152977406e-01	8.503236694286088471e-02	3.800066544807181174e-02	9.562044024577252832e-02
1.823839370548041643e+03	1.897643731203287054e-01	1.171473433629245386e-01	2.914412471995678766e-01	1.827996869328222529e-01	8.509370381806211081e-02	3.804414355441651518e-02	9.570950201175081051e-02
1.828677140761696819e+03	1.894468899192239264e-01	1.169293062107513298e-01	2.916430766951849662e-01	1.829405377876785199e-01	8.515472120211972640e-02	3.808741645300154494e-02	9.579805173191281720e-02
1.833514910975352450e+03	1.891311925661490756e-01	1.167124959304978171e-01	2.918437382926838408e-01	1.830805752308267143e-01	8.521542073469674794e-02	3.813048496443698782e-02	9.588609228058163347e-02
1.838352681189008081e+03	1.888172709988123199e-01	1.164969056050497304e-01	2.920432390361420438e-01	1.832198038879045143e-01	8.527580404711718187e-02	3.817334990788385368e-02	9.597362651696320079e-02
1.843190451402663257e+03	1.885051152117917239e-01	1.162825283564363071e-01	2.922415859236455749e-01	1.833582283593491735e-01	8.533587276240979513e-02	3.821601210102867907e-02	9.606065728521161196e-02
1.848028221616318433e+03	1.881947152562116754e-01	1.160693573456072214e-01	2.924387859076302276e-01	1.834958532205191450e-01	8.539562849535166367e-02	3.825847236005863738e-02	9.614718741449425343e-02
1.852865991829973609e+03	1.878860612394215590e-01	1.158573857722106776e-01	2.926348458952195419e-01	1.836326830218154293e-01	8.545507285251141560e-02	3.830073149963723195e-02	9.623321971905693384e-02
1.857703762043628785e+03	1.875791433246759010e-01	1.156466068743728093e-01	2.928297727485599244e-01	1.837687222888026439e-01	8.551420743229218302e-02	3.834279033288043315e-02	9.631875699828890136e-02
1.862541532257283961e+03	1.872739517308167345e-01	1.154370139284784519e-01	2.930235732851526609e-01	1.839039755223294548e-01	8.557303382497430388e-02	3.838464967133337069e-02	9.640380203678780568e-02
1.867379302470939592e+03	1.869704767319573802e-01	1.152286002489529559e-01	2.932162542781837633e-01	1.840384471986488968e-01	8.563155361275767707e-02	3.842631032494755322e-02	9.648835760442453502e-02
1.872217072684594768e+03	1.866687086571685306e-01	1.150213591880455272e-01	2.934078224568500426e-01	1.841721417695381113e-01	8.568976836980404799e-02	3.846777310205850425e-02	9.657242645640798373e-02
1.877054842898249490e+03	1.863686378901657226e-01	1.148152841356136489e-01	2.935982845066829605e-01	1.843050636624179173e-01	8.574767966227876681e-02	3.850903880936398793e-02	9.665601133334973671e-02
1.881892613111905121e+03	1.860702548689987523e-01	1.146103685189088645e-01	2.937876470698697062e-01	1.844372172804717158e-01	8.580528904839247739e-02	3.855010825190260948e-02	9.673911496132857335e-02
1.886730383325560297e+03	1.857735500857430333e-01	1.144066058023636145e-01	2.939759167455711086e-01	1.845686070027644232e-01	8.586259807844245917e-02	3.859098223303299158e-02	9.682174005195501310e-02
1.891568153539215928e+03	1.854785140861924531e-01	1.142039894873795591e-01	2.941631000902373838e-01	1.846992371843605707e-01	8.591960829485377482e-02	3.863166155441332544e-02	9.690388930243559740e-02
1.896405923752871104e+03	1.851851374695541452e-01	1.140025131121169266e-01	2.943492036179205518e-01	1.848291121564423212e-01	8.597632123222005707e-02	3.867214701598142845e-02	9.698556539563724099e-02
1.901243693966526507e+03	1.848934108881450933e-01	1.138021702512851535e-01	2.945342338005846328e-01	1.849582362264270696e-01	8.603273841734417060e-02	3.871243941593529442e-02	9.706677100015130566e-02
1.906081464180181683e+03	1.846033250470903442e-01	1.136029545159347037e-01	2.947181970684130681e-01	1.850866136780843774e-01	8.608886136927854094e-02	3.875253955071399775e-02	9.714750877035764620e-02
1.910919234393836859e+03	1.843148707040230261e-01	1.134048595532501924e-01	2.949010998101135317e-01	1.852142487716530450e-01	8.614469159936527509e-02	3.879244821497909029e-02	9.722778134648853154e-02
1.915757004607492036e+03	1.840280386687859482e-01	1.132078790463444951e-01	2.950829483732201330e-01	1.853411457439571308e-01	8.620023061127601860e-02	3.883216620159642835e-02	9.730759135469245480e-02
1.920594774821147894e+03	1.837428198031351989e-01	1.130120067140542722e-01	2.952637490643930107e-01	1.854673088085222465e-01	8.625547990105157659e-02	3.887169430161843686e-02	9.738694140709781844e-02
1.925432545034802843e+03	1.834592050204452429e-01	1.128172363107365628e-01	2.954435081497154281e-01	1.855927421556908263e-01	8.631044095714131281e-02	3.891103330426675527e-02	9.746583410187643903e-02
1.930270315248458019e+03	1.831771852854156557e-01	1.126235616260665567e-01	2.956222318549880934e-01	1.857174499527375622e-01	8.636511526044228504e-02	3.895018399691531352e-02	9.754427202330702429e-02
1.935108085462113195e+03	1.828967516137797733e-01	1.124309764848365339e-01	2.957999263660216482e-01	1.858414363439840622e-01	8.641950428433817222e-02	3.898914716507384526e-02	9.762225774183845572e-02
1.939945855675768371e+03	1.826178950720148408e-01	1.122394747467559545e-01	2.959765978289258803e-01	1.859647054509132313e-01	8.647360949473792413e-02	3.902792359237175490e-02	9.769979381415296038e-02
1.944783625889424002e+03	1.823406067770537431e-01	1.120490503062528259e-01	2.961522523503968274e-01	1.860872613722832358e-01	8.652743235011425837e-02	3.906651406054240799e-02	9.777688278322917148e-02
1.949621396103079178e+03	1.820648778959987335e-01	1.118596970922759309e-01	2.963268959980019934e-01	1.862091081842411622e-01	8.658097430154186591e-02	3.910491934940779624e-02	9.785352717840496706e-02
1.954459166316734354e+03	1.817906996458364677e-01	1.116714090680985538e-01	2.965005348004620123e-01	1.863302499404361767e-01	8.663423679273539457e-02	3.914314023686359806e-02	9.792972951544029470e-02
1.959296936530389530e+03	1.815180632931546467e-01	1.114841802311230673e-01	2.966731747479310344e-01	1.864506906721321855e-01	8.668722126008723827e-02	3.918117749886460000e-02	9.800549229657974648e-02
1.964134706744044706e+03	1.812469601538607977e-01	1.112980046126867545e-01	2.968448217922739496e-01	1.865704343883203553e-01	8.673992913270509031e-02	3.921903190941049971e-02	9.808081801061507843e-02
1.968972476957700337e+03	1.809773815929020258e-01	1.111128762778687690e-01	2.970154818473418334e-01	1.866894850758309687e-01	8.679236183244930236e-02	3.925670424053207680e-02	9.815570913294750788e-02
1.973810247171355968e+03	1.807093190239866254e-01	1.109287893252981633e-01	2.971851607892450065e-01	1.868078466994451126e-01	8.684452077396996594e-02	3.929419526227773130e-02	9.823016812564996925e-02
1.978648017385010689e+03	1.804427639093074964e-01	1.107457378869629722e-01	2.973538644566232625e-01	1.869255232020055890e-01	8.689640736474384120e-02	3.933150574270032757e-02	9.830419743752910611e-02
1.983485787598666320e+03	1.801777077592668919e-01	1.105637161280205311e-01	2.975215986509147092e-01	1.870425185045278826e-01	8.694802300511100812e-02	3.936863644784446836e-02	9.837779950418715225e-02
1.988323557812321269e+03	1.799141421322027479e-01	1.103827182466088352e-01	2.976883691366216111e-01	1.871588365063103776e-01	8.699936908831139293e-02	3.940558814173402563e-02	9.845097674808370170e-02
1.993161328025976900e+03	1.796520586341167625e-01	1.102027384736588844e-01	2.978541816415744004e-01	1.872744810850443253e-01	8.705044700052103068e-02	3.944236158636007378e-02	9.852373157859727060e-02
1.997999098239632076e+03	1.793914489184038064e-01	1.100237710727082624e-01	2.980190418571933009e-01	1.873894560969233403e-01	8.710125812088809205e-02	3.947895754166914212e-02	9.859606639208676193e-02
2.002836868453287707e+03	1.791323046855831103e-01	1.098458103397156743e-01	2.981829554387481207e-01	1.875037653767524792e-01	8.715180382156875738e-02	3.951537676555177958e-02	9.866798357195274982e-02
2.007674638666942428e+03	1.788746176830308399e-01	1.096688506028766219e-01	2.983459280056153795e-01	1.876174127380569601e-01	8.720208546776288261e-02	3.955162001383143860e-02	9.873948548869852793e-02
2.012512408880597604e+03	1.786183797047142807e-01	1.094928862224401056e-01	2.985079651415336044e-01	1.877304019731904361e-01	8.725210441774945702e-02	3.958768804025371291e-02	9.881057449999108844e-02
2.017350179094252780e+03	1.783635825909274386e-01	1.093179115905263954e-01	2.986690723948565163e-01	1.878427368534427433e-01	8.730186202292176956e-02	3.962358159647581812e-02	9.888125295072196230e-02
2.022187949307908411e+03	1.781102182280283608e-01	1.091439211309458424e-01	2.988292552788041068e-01	1.879544211291475642e-01	8.735135962782257513e-02	3.965930143205646102e-02	9.895152317306778189e-02
2.027025719521564042e+03	1.778582785481777062e-01	1.089709092990187311e-01	2.989885192717113283e-01	1.880654585297892312e-01	8.740059857017884459e-02	3.969484829444599322e-02	9.902138748655078815e-02
2.031863489735218764e+03	1.776077555290788978e-01	1.087988705813962009e-01	2.991468698172755070e-01	1.881758527641095857e-01	8.744958018093651475e-02	3.973022292897680080e-02	9.909084819809912958e-02
2.036701259948874394e+03	1.773586411937200513e-01	1.086277994958820825e-01	2.993043123248006476e-01	1.882856075202139767e-01	8.749830578429484973e-02	3.976542607885406172e-02	9.915990760210692534e-02
2.041539030162529116e+03	1.771109276101169028e-01	1.084576905912559841e-01	2.994608521694406833e-01	1.883947264656771203e-01	8.754677669774081628e-02	3.980045848514676687e-02	9.922856798049428662e-02
2.046376800376184747e+03	1.768646068910575686e-01	1.082885384470971407e-01	2.996164946924401717e-01	1.885032132476484878e-01	8.759499423208304270e-02	3.983532088677901178e-02	9.929683160276707443e-02
2.051214570589840150e+03	1.766196711938485264e-01	1.081203376736094707e-01	2.997712452013732154e-01	1.886110714929573051e-01	8.764295969148584720e-02	3.987001402052160054e-02	9.936470072607651860e-02
2.056052340803495554e+03	1.763761127200622891e-01	1.079530829114475204e-01	2.999251089703803275e-01	1.887183048082170245e-01	8.769067437350282213e-02	3.990453862098387178e-02	9.943217759527867017e-02
2.060890111017150957e+03	1.761339237152863280e-01	1.077867688315434641e-01	3.000780912404033551e-01	1.888249167799294637e-01	8.773813956911043210e-02	3.993889542060586467e-02	9.949926444299363182e-02
2.065727881230805451e+03	1.758930964688735221e-01	1.076213901349350605e-01	3.002301972194187929e-01	1.889309109745885007e-01	8.778535656274126520e-02	3.997308514965070697e-02	9.956596348966467724e-02
2.070565651444461309e+03	1.756536233136939962e-01	1.074569415525946925e-01	3.003814320826686535e-01	1.890362909387834911e-01	8.783232663231724247e-02	4.000710853619728752e-02	9.963227694361714848e-02
2.075403421658116713e+03	1.754154966258884840e-01	1.072934178452592258e-01	3.005318009728900064e-01	1.891410601993019636e-01	8.787905104928259159e-02	4.004096630613315083e-02	9.969820700111718670e-02
2.080241191871772116e+03	1.751787088246228585e-01	1.071308138032609908e-01	3.006813090005419631e-01	1.892452222632322045e-01	8.792553107863657069e-02	4.007465918314770392e-02	9.976375584643028260e-02
2.085078962085427065e+03	1.749432523718443544e-01	1.069691242463597092e-01	3.008299612440318294e-01	1.893487806180653155e-01	8.797176797896610889e-02	4.010818788872561741e-02	9.982892565187964640e-02
2.089916732299082469e+03	1.747091197720390954e-01	1.068083440235752940e-01	3.009777627499383157e-01	1.894517387317967150e-01	8.801776300247826645e-02	4.014155314214054582e-02	9.989371857790439735e-02
2.094754502512737417e+03	1.744763035719908151e-01	1.066484680130216772e-01	3.011247185332336374e-01	1.895541000530275300e-01	8.806351739503241738e-02	4.017475566044899360e-02	9.995813677311757295e-02
2.099592272726392821e+03	1.742447963605412431e-01	1.064894911217417195e-01	3.012708335775036717e-01	1.896558680110652095e-01	8.810903239617241811e-02	4.020779615848450728e-02	1.000221823743639576e-01
2.104430042940048224e+03	1.740145907683516568e-01	1.063314082855427722e-01	3.014161128351661167e-01	1.897570460160240557e-01	8.815430923915837380e-02	4.024067534885204800e-02	1.000858575067776757e-01
2.109267813153704083e+03	1.737856794676660155e-01	1.061742144688334333e-01	3.015605612276873182e-01	1.898576374589250881e-01	8.819934915099854333e-02	4.027339394192263472e-02	1.001491642838397284e-01
2.114105583367359031e+03	1.735580551720750653e-01	1.060179046644611489e-01	3.017041836457968751e-01	1.899576457117956307e-01	8.824415335248074477e-02	4.030595264582817472e-02	1.002121048074351428e-01
2.118943353581013525e+03	1.733317106362821935e-01	1.058624738935507736e-01	3.018469849497008028e-01	1.900570741277684828e-01	8.828872305820381627e-02	4.033835216645657862e-02	1.002746811679101346e-01
2.123781123794669384e+03	1.731066386558705317e-01	1.057079172053439625e-01	3.019889699692929752e-01	1.901559260411805619e-01	8.833305947660886892e-02	4.037059320744699337e-02	1.003368954441289790e-01
2.128618894008324787e+03	1.728828320670710850e-01	1.055542296770396599e-01	3.021301435043645123e-01	1.902542047676712422e-01	8.837716381001026189e-02	4.040267647018538910e-02	1.003987497035306875e-01
2.133456664221980191e+03	1.726602837465326390e-01	1.054014064136353651e-01	3.022705103248122804e-01	1.903519136042802484e-01	8.842103725462650832e-02	4.043460265380025703e-02	1.004602460021855326e-01
2.138294434435635139e+03	1.724389866110926373e-01	1.052494425477693285e-01	3.024100751708447832e-01	1.904490558295451330e-01	8.846468100061105622e-02	4.046637245515852244e-02	1.005213863848513495e-01
2.143132204649290543e+03	1.722189336175495855e-01	1.050983332395636766e-01	3.025488427531870528e-01	1.905456347035982823e-01	8.850809623208281962e-02	4.049798656886172826e-02	1.005821728850296998e-01
2.147969974862945492e+03	1.720001177624365385e-01	1.049480736764684674e-01	3.026868177532835991e-01	1.906416534682636721e-01	8.855128412715651542e-02	4.052944568724237140e-02	1.006426075250217295e-01
2.152807745076601350e+03	1.717825320817961410e-01	1.047986590731065648e-01	3.028240048234997484e-01	1.907371153471529857e-01	8.859424585797297247e-02	4.056075050036044710e-02	1.007026923159839993e-01
2.157645515290255844e+03	1.715661696509567791e-01	1.046500846711194560e-01	3.029604085873218722e-01	1.908320235457614256e-01	8.863698259072916308e-02	4.059190169600020159e-02	1.007624292579839820e-01
2.162483285503912157e+03	1.713510235843099527e-01	1.045023457390139854e-01	3.030960336395550070e-01	1.909263812515632486e-01	8.867949548570813745e-02	4.062289995966706507e-02	1.008218203400554208e-01
2.167321055717567106e+03	1.711370870350892026e-01	1.043554375720098654e-01	3.032308845465200298e-01	1.910201916341066342e-01	8.872178569730879150e-02	4.065374597458478595e-02	1.008808675402534522e-01
2.172158825931222509e+03	1.709243531951499251e-01	1.042093554918880755e-01	3.033649658462486687e-01	1.911134578451083033e-01	8.876385437407541268e-02	4.068444042169275243e-02	1.009395728257096725e-01
2.176996596144877003e+03	1.707128152947508248e-01	1.040640948468403298e-01	3.034982820486765154e-01	1.912061830185476652e-01	8.880570265872717028e-02	4.071498397964348759e-02	1.009979381526868031e-01
2.181834366358532861e+03	1.705024666023361724e-01	1.039196510113190725e-01	3.036308376358358707e-01	1.912983702707606870e-01	8.884733168818739757e-02	4.074537732480033175e-02	1.010559654666332852e-01
2.186672136572187810e+03	1.702933004243197823e-01	1.037760193858885960e-01	3.037626370620456484e-01	1.913900227005330690e-01	8.888874259361273511e-02	4.077562113123531229e-02	1.011136567022376948e-01
2.191509906785843214e+03	1.700853101048699356e-01	1.036331953970769520e-01	3.038936847541005570e-01	1.914811433891932813e-01	8.892993650042207987e-02	4.080571607072716600e-02	1.011710137834828660e-01
2.196347676999498617e+03	1.698784890256956059e-01	1.034911744972286107e-01	3.040239851114586167e-01	1.915717354007051287e-01	8.897091452832540937e-02	4.083566281275956972e-02	1.012280386236999036e-01
2.201185447213154021e+03	1.696728306058337687e-01	1.033499521643581054e-01	3.041535425064273435e-01	1.916618017817597330e-01	8.901167779135252256e-02	4.086546202451948884e-02	1.012847331256219729e-01
2.206023217426809424e+03	1.694683283014382091e-01	1.032095239020044131e-01	3.042823612843477687e-01	1.917513455618674034e-01	8.905222739788150321e-02	4.089511437089576179e-02	1.013410991814378409e-01
2.210860987640464373e+03	1.692649756055693011e-01	1.030698852390861953e-01	3.044104457637783478e-01	1.918403697534488694e-01	8.909256445066714158e-02	4.092462051447776777e-02	1.013971386728452773e-01
2.215698757854119776e+03	1.690627660479850913e-01	1.029310317297578992e-01	3.045378002366760928e-01	1.919288773519261526e-01	8.913269004686912023e-02	4.095398111555431653e-02	1.014528534711042623e-01
2.220536528067775180e+03	1.688616931949334654e-01	1.027929589532666499e-01	3.046644289685769280e-01	1.920168713358131052e-01	8.917260527808015813e-02	4.098319683211269077e-02	1.015082454370899445e-01
2.225374298281430583e+03	1.686617506489456464e-01	1.026556625138099893e-01	3.047903361987746584e-01	1.921043546668054491e-01	8.921231123035394672e-02	4.101226831983779963e-02	1.015633164213454454e-01
2.230212068495085077e+03	1.684629320486308590e-01	1.025191380403943642e-01	3.049155261404983830e-01	1.921913302898705656e-01	8.925180898423283604e-02	4.104119623211154033e-02	1.016180682641344285e-01
2.235049838708740936e+03	1.682652310684719377e-01	1.023833811866945026e-01	3.050400029810885760e-01	1.922778011333365900e-01	8.929109961477564583e-02	4.106998122001227769e-02	1.016725027954934746e-01
2.239887608922396339e+03	1.680686414186224054e-01	1.022483876309135675e-01	3.051637708821717254e-01	1.923637701089814522e-01	8.933018419158504642e-02	4.109862393231448335e-02	1.017266218352842894e-01
2.244725379136052197e+03	1.678731568447045519e-01	1.021141530756441151e-01	3.052868339798338049e-01	1.924492401121213059e-01	8.936906377883498120e-02	4.112712501548851374e-02	1.017804271932456900e-01
2.249563149349706237e+03	1.676787711276086779e-01	1.019806732477297889e-01	3.054091963847921365e-01	1.925342140216985409e-01	8.940773943529790879e-02	4.115548511370052676e-02	1.018339206690453552e-01
2.254400919563362095e+03	1.674854780832934487e-01	1.018479438981279156e-01	3.055308621825662541e-01	1.926186947003695471e-01	8.944621221437179526e-02	4.118370486881255815e-02	1.018871040523314370e-01
2.259238689777017044e+03	1.672932715625874422e-01	1.017159608017727951e-01	3.056518354336470455e-01	1.927026849945918663e-01	8.948448316410717585e-02	4.121178492038271579e-02	1.019399791227839080e-01
2.264076459990672902e+03	1.671021454509919180e-01	1.015847197574398231e-01	3.057721201736648409e-01	1.927861877347111785e-01	8.952255332723388359e-02	4.123972590566553353e-02	1.019925476501657713e-01
