1.001418434226643626e+03	2.858588072297783556e-01	1.693554602570153111e-01	2.344257264988564016e-01	1.420366767642706474e-01	6.960327252392500830e-02	2.796128919249307732e-02	7.075876753364010452e-02
1.003837319333471214e+03	2.854194615888999143e-01	1.690934408183300541e-01	2.347153257595984699e-01	1.422159733459809339e-01	6.967724687999504729e-02	2.800556693905563097e-02	7.087298466811878250e-02
1.006256204440298802e+03	2.849813831436736056e-01	1.688321771509729563e-01	2.350040410770003474e-01	1.423947478916796350e-01	6.975101035957473328e-02	2.804975781359847140e-02	7.098688256347908399e-02
1.008675089547126618e+03	2.845445682280006716e-01	1.685716670681781937e-01	2.352918751308593348e-01	1.425730021051190843e-01	6.982456361079637797e-02	2.809386186008236766e-02	7.110046199694275426e-02
1.011093974653954206e+03	2.841090131864724144e-01	1.683119083895590340e-01	2.355788305924569337e-01	1.427507376829341978e-01	6.989790727946286475e-02	2.813787912349374060e-02	7.121372374559953311e-02
1.013512859760782021e+03	2.836747143743383881e-01	1.680528989410884910e-01	2.358649101245925972e-01	1.429279563146868826e-01	6.997104200905897298e-02	2.818180964983492062e-02	7.132666858637851104e-02
1.015931744867609382e+03	2.832416681574739803e-01	1.677946365550804231e-01	2.361501163816175086e-01	1.431046596829098905e-01	7.004396844076254958e-02	2.822565348611442981e-02	7.143929729601990186e-02
1.018350629974437197e+03	2.828098709123491039e-01	1.675371190701705482e-01	2.364344520094679714e-01	1.432808494631505336e-01	7.011668721345570843e-02	2.826941068033737500e-02	7.155161065104738427e-02
1.020769515081264785e+03	2.823793190259965558e-01	1.672803443312973759e-01	2.367179196456985213e-01	1.434565273240137606e-01	7.018919896373579381e-02	2.831308128149587558e-02	7.166360942774076259e-02
1.023188400188092373e+03	2.819500088959799311e-01	1.670243101896835280e-01	2.370005219195151780e-01	1.436316949272049004e-01	7.026150432592637163e-02	2.835666533955959884e-02	7.177529440210912715e-02
1.025607285294920075e+03	2.815219369303627039e-01	1.667690145028167537e-01	2.372822614518079742e-01	1.438063539275721558e-01	7.033360393208820671e-02	2.840016290546631961e-02	7.188666634986455584e-02
1.028026170401747549e+03	2.810950995476765302e-01	1.665144551344313051e-01	2.375631408551836521e-01	1.439805059731485426e-01	7.040549841202993486e-02	2.844357403111258398e-02	7.199772604639606555e-02
1.030445055508575479e+03	2.806694931768900503e-01	1.662606299544892308e-01	2.378431627339981369e-01	1.441541527051936333e-01	7.047718839331891527e-02	2.848689876934442505e-02	7.210847426674418803e-02
1.032863940615402726e+03	2.802451142573779697e-01	1.660075368391616402e-01	2.381223296843884285e-01	1.443272957582346638e-01	7.054867450129186091e-02	2.853013717394814810e-02	7.221891178557583724e-02
1.035282825722230655e+03	2.798219592388895838e-01	1.657551736708104129e-01	2.384006442943047699e-01	1.444999367601075557e-01	7.061995735906538563e-02	2.857328929964117470e-02	7.232903937715960685e-02
1.037701710829058356e+03	2.794000245815181360e-01	1.655035383379693803e-01	2.386781091435423996e-01	1.446720773319974396e-01	7.069103758754659295e-02	2.861635520206298050e-02	7.243885781534153967e-02
1.040120595935886058e+03	2.789793067556696760e-01	1.652526287353261181e-01	2.389547268037729988e-01	1.448437190884788173e-01	7.076191580544344273e-02	2.865933493776605737e-02	7.254836787352131333e-02
1.042539481042713533e+03	2.785598022420326947e-01	1.650024427637034330e-01	2.392304998385761106e-01	1.450148636375553357e-01	7.083259262927515953e-02	2.870222856420697258e-02	7.265757032462870357e-02
1.044958366149541234e+03	2.781415075315470942e-01	1.647529783300410999e-01	2.395054308034703094e-01	1.451855125806992830e-01	7.090306867338251606e-02	2.874503613973749053e-02	7.276646594110061650e-02
1.047377251256368709e+03	2.777244191253737116e-01	1.645042333473776264e-01	2.397795222459441489e-01	1.453556675128907794e-01	7.097334454993806108e-02	2.878775772359573604e-02	7.287505549485837064e-02
1.049796136363196410e+03	2.773085335348640657e-01	1.642562057348319338e-01	2.400527767054868589e-01	1.455253300226564406e-01	7.104342086895625019e-02	2.883039337589745135e-02	7.298333975728546474e-02
1.052215021470024112e+03	2.768938472815296592e-01	1.640088934175854274e-01	2.403251967136189882e-01	1.456945016921078473e-01	7.111329823830356278e-02	2.887294315762729824e-02	7.309131949920562310e-02
1.054633906576851814e+03	2.764803568970120584e-01	1.637622943268636500e-01	2.405967847939229631e-01	1.458631840969797089e-01	7.118297726370848011e-02	2.891540713063021906e-02	7.319899549086132662e-02
1.057052791683679516e+03	2.760680589230524173e-01	1.635164063999184625e-01	2.408675434620729805e-01	1.460313788066675555e-01	7.125245854877146345e-02	2.895778535760288805e-02	7.330636850189263531e-02
1.059471676790506763e+03	2.756569499114616129e-01	1.632712275800100310e-01	2.411374752258652054e-01	1.461990873842652083e-01	7.132174269497476571e-02	2.900007790208518690e-02	7.341343930131641327e-02
1.061890561897334692e+03	2.752470264240901021e-01	1.630267558163888963e-01	2.414065825852476088e-01	1.463663113866018328e-01	7.139083030169231237e-02	2.904228482845178094e-02	7.352020865750588663e-02
1.064309447004162394e+03	2.748382850327982796e-01	1.627829890642780719e-01	2.416748680323495824e-01	1.465330523642787430e-01	7.145972196619941597e-02	2.908440620190371612e-02	7.362667733817059024e-02
1.066728332110990095e+03	2.744307223194265011e-01	1.625399252848553355e-01	2.419423340515113596e-01	1.466993118617060110e-01	7.152841828368243504e-02	2.912644208846010968e-02	7.373284611033663338e-02
1.069147217217817570e+03	2.740243348757653852e-01	1.622975624452354382e-01	2.422089831193134923e-01	1.468650914171383826e-01	7.159691984724837754e-02	2.916839255494989638e-02	7.383871574032732643e-02
1.071566102324645271e+03	2.736191193035262814e-01	1.620558985184525347e-01	2.424748177046058273e-01	1.470303925627113040e-01	7.166522724793450427e-02	2.921025766900361628e-02	7.394428699374418212e-02
1.073984987431472746e+03	2.732150722143119603e-01	1.618149314834423369e-01	2.427398402685364276e-01	1.471952168244763659e-01	7.173334107471771026e-02	2.925203749904528583e-02	7.404956063544812506e-02
1.076403872538300675e+03	2.728121902295868040e-01	1.615746593250248497e-01	2.430040532645804385e-01	1.473595657224365252e-01	7.180126191452403106e-02	2.929373211428430365e-02	7.415453742954121463e-02
1.078822757645127922e+03	2.724104699806478846e-01	1.613350800338865243e-01	2.432674591385686480e-01	1.475234407705811324e-01	7.186899035223795473e-02	2.933534158470743961e-02	7.425921813934852067e-02
1.081241642751955851e+03	2.720099081085954884e-01	1.610961916065631883e-01	2.435300603287159638e-01	1.476868434769204042e-01	7.193652697071169222e-02	2.937686598107086544e-02	7.436360352740052637e-02
1.083660527858783553e+03	2.716105012643040828e-01	1.608579920454223100e-01	2.437918592656495576e-01	1.478497753435198681e-01	7.200387235077444770e-02	2.941830537489225489e-02	7.446769435541558679e-02
1.086079412965611255e+03	2.712122461083933400e-01	1.606204793586458734e-01	2.440528583724370926e-01	1.480122378665343630e-01	7.207102707124153629e-02	2.945965983844293229e-02	7.457149138428291468e-02
1.088498298072438729e+03	2.708151393111992711e-01	1.603836515602129198e-01	2.443130600646146455e-01	1.481742325362417623e-01	7.213799170892355728e-02	2.950092944474009063e-02	7.467499537404580223e-02
1.090917183179266431e+03	2.704191775527450270e-01	1.601475066698825611e-01	2.445724667502144345e-01	1.483357608370765301e-01	7.220476683863535916e-02	2.954211426753904426e-02	7.477820708388509263e-02
1.093336068286093905e+03	2.700243575227125881e-01	1.599120427131765498e-01	2.448310808297923524e-01	1.484968242476627509e-01	7.227135303320508797e-02	2.958321438132555797e-02	7.488112727210308184e-02
1.095754953392921607e+03	2.696306759204138426e-01	1.596772577213623201e-01	2.450889046964556395e-01	1.486574242408472135e-01	7.233775086348309680e-02	2.962422986130823152e-02	7.498375669610757299e-02
1.098173838499749309e+03	2.692381294547621096e-01	1.594431497314358903e-01	2.453459407358899724e-01	1.488175622837319134e-01	7.240396089835075821e-02	2.966516078341093973e-02	7.508609611239631942e-02
1.100592723606577010e+03	2.688467148442436061e-01	1.592097167861047657e-01	2.456021913263867207e-01	1.489772398377063878e-01	7.246998370472933215e-02	2.970600722426531073e-02	7.518814627654173133e-02
1.103011608713404712e+03	2.684564288168890811e-01	1.589769569337711463e-01	2.458576588388698136e-01	1.491364583584799397e-01	7.253581984758873669e-02	2.974676926120327011e-02	7.528990794317583224e-02
1.105430493820231959e+03	2.680672681102456156e-01	1.587448682285149126e-01	2.461123456369226914e-01	1.492952192961132518e-01	7.260146988995618000e-02	2.978744697224965446e-02	7.539138186597556246e-02
1.107849378927059888e+03	2.676792294713481457e-01	1.585134487300768058e-01	2.463662540768148668e-01	1.494535240950500832e-01	7.266693439292484791e-02	2.982804043611486308e-02	7.549256879764827677e-02
1.110268264033887590e+03	2.672923096566917067e-01	1.582826965038415246e-01	2.466193865075285430e-01	1.496113741941484943e-01	7.273221391566243865e-02	2.986854973218756176e-02	7.559346948991756132e-02
1.112687149140715292e+03	2.669065054322031227e-01	1.580526096208212661e-01	2.468717452707849536e-01	1.497687710267119054e-01	7.279730901541972554e-02	2.990897494052744895e-02	7.569408469350939750e-02
1.115106034247542766e+03	2.665218135732131954e-01	1.578231861576387951e-01	2.471233327010705638e-01	1.499257160205198225e-01	7.286222024753900850e-02	2.994931614185806362e-02	7.579441515813839514e-02
1.117524919354370468e+03	2.661382308644287265e-01	1.575944241965108183e-01	2.473741511256631886e-01	1.500822105978583954e-01	7.292694816546256564e-02	2.998957341755966940e-02	7.589446163249444210e-02
1.119943804461197942e+03	2.657557540999050394e-01	1.573663218252314977e-01	2.476242028646578608e-01	1.502382561755506440e-01	7.299149332074096608e-02	3.002974684966215960e-02	7.599422486422961753e-02
1.122362689568025871e+03	2.653743800830178912e-01	1.571388771371559079e-01	2.478734902309927546e-01	1.503938541649865179e-01	7.305585626304141045e-02	3.006983652083803499e-02	7.609370559994522998e-02
1.124781574674853118e+03	2.649941056264362715e-01	1.569120882311834941e-01	2.481220155304747210e-01	1.505490059721525942e-01	7.312003754015596046e-02	3.010984251439543027e-02	7.619290458517925801e-02
1.127200459781681047e+03	2.646149275520946476e-01	1.566859532117417242e-01	2.483697810618047397e-01	1.507037129976616929e-01	7.318403769800976844e-02	3.014976491427119251e-02	7.629182256439390186e-02
1.129619344888508749e+03	2.642368426911657076e-01	1.564604701887696292e-01	2.486167891166034538e-01	1.508579766367821040e-01	7.324785728066922352e-02	3.018960380502400467e-02	7.639046028096349583e-02
1.132038229995336451e+03	2.638598478840328276e-01	1.562356372777016500e-01	2.488630419794362614e-01	1.510117982794666469e-01	7.331149683035005638e-02	3.022935927182756125e-02	7.648881847716257343e-02
1.134457115102163925e+03	2.634839399802629822e-01	1.560114525994510948e-01	2.491085419278385726e-01	1.511651793103814811e-01	7.337495688742537436e-02	3.026903140046379934e-02	7.658689789415422389e-02
1.136876000208991627e+03	2.631091158385797657e-01	1.557879142803941797e-01	2.493532912323404849e-01	1.513181211089346945e-01	7.343823799043364131e-02	3.030862027731617489e-02	7.668469927197862912e-02
1.139294885315819101e+03	2.627353723268358032e-01	1.555650204523537361e-01	2.495972921564918456e-01	1.514706250493046413e-01	7.350134067608664334e-02	3.034812598936299788e-02	7.678222334954193373e-02
1.141713770422646803e+03	2.623627063219862166e-01	1.553427692525830850e-01	2.498405469568868442e-01	1.516226925004680315e-01	7.356426547927741311e-02	3.038754862417079178e-02	7.687947086460517054e-02
1.144132655529474505e+03	2.619911147100615900e-01	1.551211588237500494e-01	2.500830578831885753e-01	1.517743248262279354e-01	7.362701293308805683e-02	3.042688826988774325e-02	7.697644255377357470e-02
1.146551540636302207e+03	2.616205943861411587e-01	1.549001873139208563e-01	2.503248271781535195e-01	1.519255233852412901e-01	7.368958356879753979e-02	3.046614501523715532e-02	7.707313915248600877e-02
1.148970425743129908e+03	2.612511422543259410e-01	1.546798528765442327e-01	2.505658570776557181e-01	1.520762895310465157e-01	7.375197791588941620e-02	3.050531894951098374e-02	7.716956139500473488e-02
1.151389310849957155e+03	2.608827552277123707e-01	1.544601536704354461e-01	2.508061498107109766e-01	1.522266246120905775e-01	7.381419650205962857e-02	3.054441016256339778e-02	7.726571001440520059e-02
1.153808195956785084e+03	2.605154302283653189e-01	1.542410878597604840e-01	2.510457075995009557e-01	1.523765299717561583e-01	7.387623985322404330e-02	3.058341874480441022e-02	7.736158574256621345e-02
1.156227081063612786e+03	2.601491641872920590e-01	1.540226536140201774e-01	2.512845326593970974e-01	1.525260069483883318e-01	7.393810849352612513e-02	3.062234478719353531e-02	7.745718931016028208e-02
1.158645966170440488e+03	2.597839540444156214e-01	1.538048491080345470e-01	2.515226271989842166e-01	1.526750568753211801e-01	7.399980294534450054e-02	3.066118838123350204e-02	7.755252144664405434e-02
1.161064851277267962e+03	2.594197967485483702e-01	1.535876725219268712e-01	2.517599934200844825e-01	1.528236810809042445e-01	7.406132372930043783e-02	3.069994961896401961e-02	7.764758288024914412e-02
1.163483736384095664e+03	2.590566892573660240e-01	1.533711220411083098e-01	2.519966335177806771e-01	1.529718808885286163e-01	7.412267136426534120e-02	3.073862859295557401e-02	7.774237433797297203e-02
1.165902621490923138e+03	2.586946285373813437e-01	1.531551958562621107e-01	2.522325496804396772e-01	1.531196576166529433e-01	7.418384636736817528e-02	3.077722539630328019e-02	7.783689654556996684e-02
1.168321506597751068e+03	2.583336115639181529e-01	1.529398921633279840e-01	2.524677440897358238e-01	1.532670125788291871e-01	7.424484925400282043e-02	3.081574012262079665e-02	7.793115022754276700e-02
1.170740391704578315e+03	2.579736353210851929e-01	1.527252091634867248e-01	2.527022189206739600e-01	1.534139470837281027e-01	7.430568053783541405e-02	3.085417286603425041e-02	7.802513610713388004e-02
1.173159276811406244e+03	2.576146968017503647e-01	1.525111450631446985e-01	2.529359763416126894e-01	1.535604624351646630e-01	7.436634073081166418e-02	3.089252372117623144e-02	7.811885490631723106e-02
1.175578161918233945e+03	2.572567930075147502e-01	1.522976980739183528e-01	2.531690185142871918e-01	1.537065599321232601e-01	7.442683034316406598e-02	3.093079278317981823e-02	7.821230734579011357e-02
1.177997047025061647e+03	2.568999209486870772e-01	1.520848664126189242e-01	2.534013475938318716e-01	1.538522408687826026e-01	7.448714988341909038e-02	3.096898014767267629e-02	7.830549414496526528e-02
1.180415932131889122e+03	2.565440776442577953e-01	1.518726483012371453e-01	2.536329657288034500e-01	1.539975065345405292e-01	7.454729985840437279e-02	3.100708591077115314e-02	7.839841602196306880e-02
1.182834817238716823e+03	2.561892601218736520e-01	1.516610419669277010e-01	2.538638750612032258e-01	1.541423582140385717e-01	7.460728077325583241e-02	3.104511016907446352e-02	7.849107369360402986e-02
1.185253702345544298e+03	2.558354654178121579e-01	1.514500456419944074e-01	2.540940777264997230e-01	1.542867971871863531e-01	7.466709313142470827e-02	3.108305301965888848e-02	7.858346787540128331e-02
1.187672587452371999e+03	2.554826905769561063e-01	1.512396575638746687e-01	2.543235758536508961e-01	1.544308247291857339e-01	7.472673743468462304e-02	3.112091456007203341e-02	7.867559928155343218e-02
1.190091472559199701e+03	2.551309326527683163e-01	1.510298759751245723e-01	2.545523715651265007e-01	1.545744421105549882e-01	7.478621418313853575e-02	3.115869488832712086e-02	7.876746862493747003e-02
1.192510357666027403e+03	2.547801887072660976e-01	1.508206991234036509e-01	2.547804669769302421e-01	1.547176505971525617e-01	7.484552387522570849e-02	3.119639410289732837e-02	7.885907661710189753e-02
1.194929242772855105e+03	2.544304558109964920e-01	1.506121252614599226e-01	2.550078641986218142e-01	1.548604514502006091e-01	7.490466700772863140e-02	3.123401230271017487e-02	7.895042396825992237e-02
1.197348127879682352e+03	2.540817310430106835e-01	1.504041526471148471e-01	2.552345653333386588e-01	1.550028459263085856e-01	7.496364407577985056e-02	3.127154958714192801e-02	7.904151138728300607e-02
1.199767012986510281e+03	2.537340114908393507e-01	1.501967795432483932e-01	2.554605724778178932e-01	1.551448352774965900e-01	7.502245557286880973e-02	3.130900605601208420e-02	7.913233958169436921e-02
1.202185898093337983e+03	2.533872942504674097e-01	1.499900042177841619e-01	2.556858877224182369e-01	1.552864207512183736e-01	7.508110199084863656e-02	3.134638180957786957e-02	7.922290925766277414e-02
1.204604783200165684e+03	2.530415764263093115e-01	1.497838249436745373e-01	2.559105131511411058e-01	1.554276035903843500e-01	7.513958381994288727e-02	3.138367694852879641e-02	7.931322111999644653e-02
1.207023668306993159e+03	2.526968551311841726e-01	1.495782399988857536e-01	2.561344508416525945e-01	1.555683850333843821e-01	7.519790154875222177e-02	3.142089157398122307e-02	7.940327587213710792e-02
1.209442553413820860e+03	2.523531274862909624e-01	1.493732476663832964e-01	2.563577028653045153e-01	1.557087663141103195e-01	7.525605566426113446e-02	3.145802578747301098e-02	7.949307421615420255e-02
1.211861438520648335e+03	2.520103906211839662e-01	1.491688462341170529e-01	2.565802712871559366e-01	1.558487486619785367e-01	7.531404665184450453e-02	3.149507969095820259e-02	7.958261685273926300e-02
1.214280323627476264e+03	2.516686416737481946e-01	1.489650339950066849e-01	2.568021581659941655e-01	1.559883333019520535e-01	7.537187499527425727e-02	3.153205338680169223e-02	7.967190448120040069e-02
1.216699208734303511e+03	2.513278777901747918e-01	1.487618092469270570e-01	2.570233655543560647e-01	1.561275214545627399e-01	7.542954117672584502e-02	3.156894697777400810e-02	7.976093779945700457e-02
1.219118093841131440e+03	2.509880961249366660e-01	1.485591702926934987e-01	2.572438954985487025e-01	1.562663143359332985e-01	7.548704567678482524e-02	3.160576056704608033e-02	7.984971750403446755e-02
1.221536978947959142e+03	2.506492938407640647e-01	1.483571154400474823e-01	2.574637500386705025e-01	1.564047131577989136e-01	7.554438897445327206e-02	3.164249425818409928e-02	7.993824429005919052e-02
1.223955864054786844e+03	2.503114681086205384e-01	1.481556430016419124e-01	2.576829312086319490e-01	1.565427191275289287e-01	7.560157154715625716e-02	3.167914815514434601e-02	8.002651885125360021e-02
1.226374749161614318e+03	2.499746161076783213e-01	1.479547512950268318e-01	2.579014410361762377e-01	1.566803334481482735e-01	7.565859387074824749e-02	3.171572236226814084e-02	8.011454187993140297e-02
1.228793634268442020e+03	2.496387350252946002e-01	1.477544386426349055e-01	2.581192815428999809e-01	1.568175573183588634e-01	7.571545641951947514e-02	3.175221698427673628e-02	8.020231406699292187e-02
1.231212519375269494e+03	2.493038220569872565e-01	1.475547033717671819e-01	2.583364547442733583e-01	1.569543919325605830e-01	7.577215966620222398e-02	3.178863212626634183e-02	8.028983610192055864e-02
1.233631404482097196e+03	2.489698744064108293e-01	1.473555438145786045e-01	2.585529626496609334e-01	1.570908384808723801e-01	7.582870408197717182e-02	3.182496789370314189e-02	8.037710867277440829e-02
1.236050289588924898e+03	2.486368892853327295e-01	1.471569583080639676e-01	2.587688072623417490e-01	1.572268981491530548e-01	7.588509013647960766e-02	3.186122439241832055e-02	8.046413246618801252e-02
1.238469174695752372e+03	2.483048639136094249e-01	1.469589451940434277e-01	2.589839905795294772e-01	1.573625721190219373e-01	7.594131829780567666e-02	3.189740172860321132e-02	8.055090816736421022e-02
1.240888059802580301e+03	2.479737955191625987e-01	1.467615028191485427e-01	2.591985145923926259e-01	1.574978615678794824e-01	7.599738903251856970e-02	3.193350000880438438e-02	8.063743646007112686e-02
1.243306944909407548e+03	2.476436813379554458e-01	1.465646295348080053e-01	2.594123812860745226e-01	1.576327676689275870e-01	7.605330280565467116e-02	3.196951933991883099e-02	8.072371802663828866e-02
1.245725830016235477e+03	2.473145186139691365e-01	1.463683236972335711e-01	2.596255926397130764e-01	1.577672915911898510e-01	7.610906008072966522e-02	3.200545982918918952e-02	8.080975354795283394e-02
1.248144715123063179e+03	2.469863045991791406e-01	1.461725836674060419e-01	2.598381506264609841e-01	1.579014344995316177e-01	7.616466131974460041e-02	3.204132158419898541e-02	8.089554370345596046e-02
1.250563600229890881e+03	2.466590365535319129e-01	1.459774078110611661e-01	2.600500572135051036e-01	1.580351975546799848e-01	7.622010698319198196e-02	3.207710471286787102e-02	8.098108917113924776e-02
1.252982485336718355e+03	2.463327117449214121e-01	1.457827944986757884e-01	2.602613143620863267e-01	1.581685819132436222e-01	7.627539753006178092e-02	3.211280932344699052e-02	8.106639062754134040e-02
1.255401370443546057e+03	2.460073274491657580e-01	1.455887421054538611e-01	2.604719240275188974e-01	1.583015887277323952e-01	7.633053341784737378e-02	3.214843552451431691e-02	8.115144874774465888e-02
1.257820255550373531e+03	2.456828809499840005e-01	1.453952490113124829e-01	2.606818881592102288e-01	1.584342191465768213e-01	7.638551510255153776e-02	3.218398342497003767e-02	8.123626420537215231e-02
1.260239140657201460e+03	2.453593695389729157e-01	1.452023136008682158e-01	2.608912087006799441e-01	1.585664743141476096e-01	7.644034303869234881e-02	3.221945313403197508e-02	8.132083767258424523e-02
1.262658025764028707e+03	2.450367905155839410e-01	1.450099342634231514e-01	2.610998875895794713e-01	1.586983553707747852e-01	7.649501767930902418e-02	3.225484476123103433e-02	8.140516982007589553e-02
1.265076910870856636e+03	2.447151411870999993e-01	1.448181093929512553e-01	2.613079267577108622e-01	1.588298634527668118e-01	7.654953947596786212e-02	3.229015841640672790e-02	8.148926131707369402e-02
1.267495795977684338e+03	2.443944188686127117e-01	1.446268373880846558e-01	2.615153281310464428e-01	1.589609996924296331e-01	7.660390887876800114e-02	3.232539420970267224e-02	8.157311283133313051e-02
1.269914681084511813e+03	2.440746208829993324e-01	1.444361166520997941e-01	2.617220936297474099e-01	1.590917652180854347e-01	7.665812633634717932e-02	3.236055225156216075e-02	8.165672502913595698e-02
1.272333566191339514e+03	2.437557445608999340e-01	1.442459455929040180e-01	2.619282251681829266e-01	1.592221611540914350e-01	7.671219229588756294e-02	3.239563265272375758e-02	8.174009857528762024e-02
1.274752451298167216e+03	2.434377872406947863e-01	1.440563226230218985e-01	2.621337246549490518e-01	1.593521886208583982e-01	7.676610720312140868e-02	3.243063552421694695e-02	8.182323413311481941e-02
1.277171336404994690e+03	2.431207462684814580e-01	1.438672461595816299e-01	2.623385939928874477e-01	1.594818487348690639e-01	7.681987150233679507e-02	3.246556097735774776e-02	8.190613236446316059e-02
1.279590221511822392e+03	2.428046189980523073e-01	1.436787146243016511e-01	2.625428350791040866e-01	1.596111426086966045e-01	7.687348563638327081e-02	3.250040912374447394e-02	8.198879392969492252e-02
1.282009106618650094e+03	2.424894027908719440e-01	1.434907264434770735e-01	2.627464498049879027e-01	1.597400713510226666e-01	7.692695004667744751e-02	3.253518007525340455e-02	8.207121948768683617e-02
1.284427991725477568e+03	2.421750950160546090e-01	1.433032800479662749e-01	2.629494400562293888e-01	1.598686360666555506e-01	7.698026517320868956e-02	3.256987394403457886e-02	8.215340969582815567e-02
1.286846876832305497e+03	2.418616930503419415e-01	1.431163738731775215e-01	2.631518077128389699e-01	1.599968378565480853e-01	7.703343145454459584e-02	3.260449084250759827e-02	8.223536521001856281e-02
1.289265761939132744e+03	2.415491942780804424e-01	1.429300063590556447e-01	2.633535546491653778e-01	1.601246778178154195e-01	7.708644932783659254e-02	3.263903088335744218e-02	8.231708668466636292e-02
1.291684647045960673e+03	2.412375960911992689e-01	1.427441759500688023e-01	2.635546827339138587e-01	1.602521570437528686e-01	7.713931922882540093e-02	3.267349417953031160e-02	8.239857477268672237e-02
1.294103532152788375e+03	2.409268958891880585e-01	1.425588810951950725e-01	2.637551938301646581e-01	1.603792766238533452e-01	7.719204159184660241e-02	3.270788084422954906e-02	8.247983012549990611e-02
1.296522417259616077e+03	2.406170910790747519e-01	1.423741202479093249e-01	2.639550897953909514e-01	1.605060376438249281e-01	7.724461684983595366e-02	3.274219099091155855e-02	8.256085339302973725e-02
1.298941302366443551e+03	2.403081790754034164e-01	1.421898918661700650e-01	2.641543724814769400e-01	1.606324411856080436e-01	7.729704543433493780e-02	3.277642473328174627e-02	8.264164522370205657e-02
1.301360187473271253e+03	2.400001573002123745e-01	1.420061944124061670e-01	2.643530437347358375e-01	1.607584883273928400e-01	7.734932777549612115e-02	3.281058218529051690e-02	8.272220626444329317e-02
1.303779072580098727e+03	2.396930231830121383e-01	1.418230263535039393e-01	2.645511053959278547e-01	1.608841801436362573e-01	7.740146430208849626e-02	3.284466346112929064e-02	8.280253716067911829e-02
1.306197957686926657e+03	2.393867741607636213e-01	1.416403861607939407e-01	2.647485593002779636e-01	1.610095177050789861e-01	7.745345544150281092e-02	3.287866867522656888e-02	8.288263855633315469e-02
1.308616842793753904e+03	2.390814076778562114e-01	1.414582723100380190e-01	2.649454072774937718e-01	1.611345020787623705e-01	7.750530161975691112e-02	3.291259794224397905e-02	8.296251109382583866e-02
1.311035727900581833e+03	2.387769211860861496e-01	1.412766832814162932e-01	2.651416511517827312e-01	1.612591343280451450e-01	7.755700326150102852e-02	3.294645137707240962e-02	8.304215541407330980e-02
1.313454613007409534e+03	2.384733121446347415e-01	1.410956175595142748e-01	2.653372927418704008e-01	1.613834155126200598e-01	7.760856079002298458e-02	3.298022909482815901e-02	8.312157215648634245e-02
1.315873498114237009e+03	2.381705780200467915e-01	1.409150736333099063e-01	2.655323338610177664e-01	1.615073466885305342e-01	7.765997462725347800e-02	3.301393121084908455e-02	8.320076195896942972e-02
1.318292383221064711e+03	2.378687162862090088e-01	1.407350499961606549e-01	2.657267763170383934e-01	1.616309289081869494e-01	7.771124519377123341e-02	3.304755784069081381e-02	8.327972545791992309e-02
1.320711268327892412e+03	2.375677244243285802e-01	1.405555451457908278e-01	2.659206219123161352e-01	1.617541632203830515e-01	7.776237290880820552e-02	3.308110910012297678e-02	8.335846328822721363e-02
1.323130153434719887e+03	2.372675999229116317e-01	1.403765575842786384e-01	2.661138724438223968e-01	1.618770506703121614e-01	7.781335819025467226e-02	3.311458510512547276e-02	8.343697608327202420e-02
1.325549038541547588e+03	2.369683402777420511e-01	1.401980858180435496e-01	2.663065297031331768e-01	1.619995922995831894e-01	7.786420145466446674e-02	3.314798597188475110e-02	8.351526447492577110e-02
1.327967923648375290e+03	2.366699429918600328e-01	1.400201283578335343e-01	2.664985954764466092e-01	1.621217891462367056e-01	7.791490311725994544e-02	3.318131181679011971e-02	8.359332909354995345e-02
1.330386808755202765e+03	2.363724055755409559e-01	1.398426837187124183e-01	2.666900715445997272e-01	1.622436422447608995e-01	7.796546359193712306e-02	3.321456275643012990e-02	8.367117056799568131e-02
1.332805693862030694e+03	2.360757255462740678e-01	1.396657504200472799e-01	2.668809596830855613e-01	1.623651526261072342e-01	7.801588329127066845e-02	3.324773890758890571e-02	8.374878952560320389e-02
1.335224578968857941e+03	2.357799004287415567e-01	1.394893269854957374e-01	2.670712616620702362e-01	1.624863213177062393e-01	7.806616262651897009e-02	3.328084038724258426e-02	8.382618659220159030e-02
1.337643464075685870e+03	2.354849277547974018e-01	1.393134119429935147e-01	2.672609792464096801e-01	1.626071493434830539e-01	7.811630200762910425e-02	3.331386731255572137e-02	8.390336239210839653e-02
1.340062349182513572e+03	2.351908050634464453e-01	1.391380038247418682e-01	2.674501141956667216e-01	1.627276377238728033e-01	7.816630184324174779e-02	3.334681980087778747e-02	8.398031754812941563e-02
1.342481234289341273e+03	2.348975299008235207e-01	1.389631011671951799e-01	2.676386682641275216e-01	1.628477874758362531e-01	7.821616254069620189e-02	3.337969796973962872e-02	8.405705268155853893e-02
1.344900119396168748e+03	2.346050998201724691e-01	1.387887025110483286e-01	2.678266432008183928e-01	1.629675996128747972e-01	7.826588450603523539e-02	3.341250193684999759e-02	8.413356841217763116e-02
1.347319004502996449e+03	2.343135123818255172e-01	1.386148064012245329e-01	2.680140407495223975e-01	1.630870751450458067e-01	7.831546814400999756e-02	3.344523182009209727e-02	8.420986535825650265e-02
1.349737889609823924e+03	2.340227651531823494e-01	1.384414113868628338e-01	2.682008626487960568e-01	1.632062150789776733e-01	7.836491385808490306e-02	3.347788773752014002e-02	8.428594413655290940e-02
1.352156774716651853e+03	2.337328557086896796e-01	1.382685160213057429e-01	2.683871106319855038e-01	1.633250204178847975e-01	7.841422205044243365e-02	3.351046980735597480e-02	8.436180536231267790e-02
1.354575659823479100e+03	2.334437816298205737e-01	1.380961188620870861e-01	2.685727864272431931e-01	1.634434921615824932e-01	7.846339312198795379e-02	3.354297814798569422e-02	8.443744964926974683e-02
1.356994544930307029e+03	2.331555405050537710e-01	1.379242184709196239e-01	2.687578917575442206e-01	1.635616313065018368e-01	7.851242747235452624e-02	3.357541287795628299e-02	8.451287760964648621e-02
1.359413430037134731e+03	2.328681299298533958e-01	1.377528134136828120e-01	2.689424283407024774e-01	1.636794388457042115e-01	7.856132549990764435e-02	3.360777411597230813e-02	8.458808985415387782e-02
1.361832315143962205e+03	2.325815475066484450e-01	1.375819022604107822e-01	2.691263978893869147e-01	1.637969157688961008e-01	7.861008760175003385e-02	3.364006198089261601e-02	8.466308699199184828e-02
1.364251200250789907e+03	2.322957908448124720e-01	1.374114835852800198e-01	2.693098021111376972e-01	1.639140630624435213e-01	7.865871417372626018e-02	3.367227659172710580e-02	8.473786963084964374e-02
1.366670085357617609e+03	2.320108575606432966e-01	1.372415559665973728e-01	2.694926427083823572e-01	1.640308817093864557e-01	7.870720561042754415e-02	3.370441806763341958e-02	8.481243837690626008e-02
1.369088970464445310e+03	2.317267452773427161e-01	1.370721179867878947e-01	2.696749213784518373e-01	1.641473726894532026e-01	7.875556230519636935e-02	3.373648652791378516e-02	8.488679383483091478e-02
1.371507855571272785e+03	2.314434516249964380e-01	1.369031682323829102e-01	2.698566398135962552e-01	1.642635369790745592e-01	7.880378465013113121e-02	3.376848209201179646e-02	8.496093660778358814e-02
1.373926740678100487e+03	2.311609742405539014e-01	1.367347052940079133e-01	2.700377997010011133e-01	1.643793755513981159e-01	7.885187303609075826e-02	3.380040487950927014e-02	8.503486729741559225e-02
1.376345625784927961e+03	2.308793107678081824e-01	1.365667277663706325e-01	2.702184027228029528e-01	1.644948893763022169e-01	7.889982785269934740e-02	3.383225501012308151e-02	8.510858650387020941e-02
1.378764510891755890e+03	2.305984588573761762e-01	1.363992342482491793e-01	2.703984505561051188e-01	1.646100794204099216e-01	7.894764948835070184e-02	3.386403260370207668e-02	8.518209482578342762e-02
1.381183395998583137e+03	2.303184161666785301e-01	1.362322233424799744e-01	2.705779448729934700e-01	1.647249466471030488e-01	7.899533833021292473e-02	3.389573778022397094e-02	8.525539286028462060e-02
1.383602281105411066e+03	2.300391803599196872e-01	1.360656936559461738e-01	2.707568873405522547e-01	1.648394920165358046e-01	7.904289476423292937e-02	3.392737065979228167e-02	8.532848120299735273e-02
1.386021166212238768e+03	2.297607491080683739e-01	1.358996437995655671e-01	2.709352796208794323e-01	1.649537164856485771e-01	7.909031917514094956e-02	3.395893136263331002e-02	8.540136044804023940e-02
1.388440051319066470e+03	2.294831200888375611e-01	1.357340723882789202e-01	2.711131233711023270e-01	1.650676210081816475e-01	7.913761194645500818e-02	3.399042000909310857e-02	8.547403118802779365e-02
1.390858936425893944e+03	2.292062909866649512e-01	1.355689780410382350e-01	2.712904202433930601e-01	1.651812065346886516e-01	7.918477346048546917e-02	3.402183671963450451e-02	8.554649401407141140e-02
1.393277821532721646e+03	2.289302594926932444e-01	1.354043593807950641e-01	2.714671718849841486e-01	1.652944740125500689e-01	7.923180409833940896e-02	3.405318161483412986e-02	8.561874951578025972e-02
1.395696706639549120e+03	2.286550233047505987e-01	1.352402150344886866e-01	2.716433799381834935e-01	1.654074243859866566e-01	7.927870423992505744e-02	3.408445481537946548e-02	8.569079828126238696e-02
1.398115591746377049e+03	2.283805801273310898e-01	1.350765436330345903e-01	2.718190460403901443e-01	1.655200585960726611e-01	7.932547426395616941e-02	3.411565644206594056e-02	8.576264089712572203e-02
1.400534476853204296e+03	2.281069276715753380e-01	1.349133438113128969e-01	2.719941718241090656e-01	1.656323775807491683e-01	7.937211454795649324e-02	3.414678661579403918e-02	8.583427794847921233e-02
1.402953361960032225e+03	2.278340636552511345e-01	1.347506142081566771e-01	2.721687589169667354e-01	1.657443822748371764e-01	7.941862546826405911e-02	3.417784545756644143e-02	8.590571001893400338e-02
1.405372247066859927e+03	2.275619858027339015e-01	1.345883534663404324e-01	2.723428089417259113e-01	1.658560736100506972e-01	7.946500740003552277e-02	3.420883308848513688e-02	8.597693769060460456e-02
1.407791132173687402e+03	2.272906918449875413e-01	1.344265602325686593e-01	2.725163235163010622e-01	1.659674525150096891e-01	7.951126071725050926e-02	3.423974962974864200e-02	8.604796154411006870e-02
1.410210017280515103e+03	2.270201795195452843e-01	1.342652331574643032e-01	2.726893042537731349e-01	1.660785199152530756e-01	7.955738579271590116e-02	3.427059520264919001e-02	8.611878215857537988e-02
1.412628902387342805e+03	2.267504465704903716e-01	1.341043708955573510e-01	2.728617527624043748e-01	1.661892767332514009e-01	7.960338299807011297e-02	3.430136992856992750e-02	8.618940011163270243e-02
1.415047787494170507e+03	2.264814907484371254e-01	1.339439721052734233e-01	2.730336706456536477e-01	1.662997238884197648e-01	7.964925270378736544e-02	3.433207392898220828e-02	8.625981597942269929e-02
1.417466672600997981e+03	2.262133098105117146e-01	1.337840354489224226e-01	2.732050595021908723e-01	1.664098622971304786e-01	7.969499527918189052e-02	3.436270732544280393e-02	8.633003033659604475e-02
1.419885557707825683e+03	2.259459015203332255e-01	1.336245595926872087e-01	2.733759209259120637e-01	1.665196928727255277e-01	7.974061109241216416e-02	3.439327023959126012e-02	8.640004375631471500e-02
1.422304442814653157e+03	2.256792636479947600e-01	1.334655432066122471e-01	2.735462565059539886e-01	1.666292165255292557e-01	7.978610051048513896e-02	3.442376279314714876e-02	8.646985681025354253e-02
1.424723327921481086e+03	2.254133939700445899e-01	1.333069849645923954e-01	2.737160678267088199e-01	1.667384341628607436e-01	7.983146389926032427e-02	3.445418510790743821e-02	8.653947006860174262e-02
1.427142213028308333e+03	2.251482902694671995e-01	1.331488835443616070e-01	2.738853564678387364e-01	1.668473466890462165e-01	7.987670162345407443e-02	3.448453730574384257e-02	8.660888410006435667e-02
1.429561098135136262e+03	2.248839503356646341e-01	1.329912376274818286e-01	2.740541240042905224e-01	1.669559550054313668e-01	7.992181404664358557e-02	3.451481950860019188e-02	8.667809947186390362e-02
1.431979983241963964e+03	2.246203719644376817e-01	1.328340458993317597e-01	2.742223720063101111e-01	1.670642600103934838e-01	7.996680153127114221e-02	3.454503183848984388e-02	8.674711674974196207e-02
1.434398868348791666e+03	2.243575529579673322e-01	1.326773070490957218e-01	2.743901020394570178e-01	1.671722625993538602e-01	8.001166443864812794e-02	3.457517441749310971e-02	8.681593649796084944e-02
1.436817753455619140e+03	2.240954911247961534e-01	1.325210197697525849e-01	2.745573156646186064e-01	1.672799636647895882e-01	8.005640312895914712e-02	3.460524736775467264e-02	8.688455927930525957e-02
1.439236638562446842e+03	2.238341842798096670e-01	1.323651827580646922e-01	2.747240144380247995e-01	1.673873640962457721e-01	8.010101796126606333e-02	3.463525081148109003e-02	8.695298565508395583e-02
1.441655523669274316e+03	2.235736302442178636e-01	1.322097947145668140e-01	2.748901999112619565e-01	1.674944647803474629e-01	8.014550929351203779e-02	3.466518487093824680e-02	8.702121618513160295e-02
1.444074408776102018e+03	2.233138268455368558e-01	1.320548543435551836e-01	2.750558736312875285e-01	1.676012666008115382e-01	8.018987748252558168e-02	3.469504966844887128e-02	8.708925142781040463e-02
1.446493293882929493e+03	2.230547719175704213e-01	1.319003603530765345e-01	2.752210371404438805e-01	1.677077704384584700e-01	8.023412288402455295e-02	3.472484532639008581e-02	8.715709194001206028e-02
1.448912178989757422e+03	2.227964633003917672e-01	1.317463114549170533e-01	2.753856919764726130e-01	1.678139771712240380e-01	8.027824585262009760e-02	3.475457196719092257e-02	8.722473827715948591e-02
1.451331064096585123e+03	2.225388988403251278e-01	1.315927063645916661e-01	2.755498396725287180e-01	1.679198876741711810e-01	8.032224674182066038e-02	3.478422971332990887e-02	8.729219099320871533e-02
1.453749949203412370e+03	2.222820763899276408e-01	1.314395438013329365e-01	2.757134817571945673e-01	1.680255028195014599e-01	8.036612590403593992e-02	3.481381868733264551e-02	8.735945064065080146e-02
1.456168834310240300e+03	2.220259938079711393e-01	1.312868224880804902e-01	2.758766197544939014e-01	1.681308234765665766e-01	8.040988369058077456e-02	3.484333901176944054e-02	8.742651777051371753e-02
1.458587719417068001e+03	2.217706489594240826e-01	1.311345411514699966e-01	2.760392551839055963e-01	1.682358505118800029e-01	8.045352045167908361e-02	3.487279080925292235e-02	8.749339293236435555e-02
1.461006604523895703e+03	2.215160397154334604e-01	1.309826985218225381e-01	2.762013895603779301e-01	1.683405847891282781e-01	8.049703653646775314e-02	3.490217420243567348e-02	8.756007667431044139e-02
1.463425489630723177e+03	2.212621639533068618e-01	1.308312933331337302e-01	2.763630243943420162e-01	1.684450271691824152e-01	8.054043229300053564e-02	3.493148931400793383e-02	8.762656954300258871e-02
1.465844374737550879e+03	2.210090195564944349e-01	1.306803243230630907e-01	2.765241611917259035e-01	1.685491785101091988e-01	8.058370806825186639e-02	3.496073626669525536e-02	8.769287208363631125e-02
1.468263259844378354e+03	2.207566044145709838e-01	1.305297902329234649e-01	2.766848014539681766e-01	1.686530396671822862e-01	8.062686420812074928e-02	3.498991518325625383e-02	8.775898483995406285e-02
1.470682144951206283e+03	2.205049164232182890e-01	1.303796898076702293e-01	2.768449466780317225e-01	1.687566114928935601e-01	8.066990105743453154e-02	3.501902618648029125e-02	8.782490835424737463e-02
1.473101030058033530e+03	2.202539534842071489e-01	1.302300217958906325e-01	2.770045983564173309e-01	1.688598948369640640e-01	8.071281895995272015e-02	3.504806939918524850e-02	8.789064316735889504e-02
1.475519915164861459e+03	2.200037135053796999e-01	1.300807849497934710e-01	2.771637579771770721e-01	1.689628905463551045e-01	8.075561825837085372e-02	3.507704494421529789e-02	8.795618981868455477e-02
1.477938800271689161e+03	2.197541944006317638e-01	1.299319780251982359e-01	2.773224270239283973e-01	1.690655994652791871e-01	8.079829929432411073e-02	3.510595294443866893e-02	8.802154884617573172e-02
1.480357685378516862e+03	2.195053940898951395e-01	1.297835997815247888e-01	2.774806069758670724e-01	1.691680224352109796e-01	8.084086240839123694e-02	3.513479352274545553e-02	8.808672078634141589e-02
1.482776570485344337e+03	2.192573104991201449e-01	1.296356489817828694e-01	2.776382993077808337e-01	1.692701602948981643e-01	8.088330794009813973e-02	3.516356680204547197e-02	8.815170617425045763e-02
