1.001418434226643626e+03	2.858509587789668793e-01	1.693244715386962307e-01	2.344207262437609240e-01	1.420296526088994649e-01	6.959889859718826344e-02	2.797090210502729823e-02	7.080439012744871308e-02
1.002869765290740247e+03	2.855871367169777186e-01	1.691671774599734501e-01	2.345945705361444922e-01	1.421372684470598446e-01	6.964330469272549118e-02	2.799748081168267760e-02	7.087306133542417563e-02
1.004321096354836754e+03	2.853237716041181482e-01	1.690101558320952491e-01	2.347680963401088394e-01	1.422446962701870155e-01	6.968763483442134976e-02	2.802402804560654229e-02	7.094161707345071621e-02
1.005772427418933376e+03	2.850608626465314099e-01	1.688534061816778786e-01	2.349413042353299397e-01	1.423519364469529036e-01	6.973188916241006285e-02	2.805054381702898683e-02	7.101005751005673439e-02
1.007223758483029997e+03	2.847984090517509115e-01	1.686969280361668433e-01	2.351141948003747650e-01	1.424589893450994849e-01	6.977606781652244405e-02	2.807702813631312438e-02	7.107838281376042955e-02
1.008675089547126618e+03	2.845364100286977282e-01	1.685407209238355408e-01	2.352867686127037838e-01	1.425658553314423094e-01	6.982017093628685445e-02	2.810348101395429912e-02	7.114659315306745557e-02
1.010126420611223239e+03	2.842748647876781609e-01	1.683847843737836802e-01	2.354590262486739027e-01	1.426725347718741377e-01	6.986419866093009079e-02	2.812990246057932645e-02	7.121468869646874200e-02
1.011577751675319632e+03	2.840137725403812929e-01	1.682291179159357275e-01	2.356309682835408259e-01	1.427790280313681603e-01	6.990815112937823206e-02	2.815629248694568806e-02	7.128266961243807931e-02
1.013029082739416367e+03	2.837531324998763260e-01	1.680737210810397120e-01	2.358025952914619694e-01	1.428853354739816617e-01	6.995202848025754150e-02	2.818265110394077913e-02	7.135053606942995397e-02
1.014480413803512761e+03	2.834929438806103041e-01	1.679185934006654224e-01	2.359739078454989314e-01	1.429914574628594337e-01	6.999583085189536868e-02	2.820897832258111720e-02	7.141828823587735575e-02
1.015931744867609382e+03	2.832332058984055601e-01	1.677637344072030468e-01	2.361449065176201567e-01	1.430973943602371901e-01	7.003955838232096831e-02	2.823527415401158244e-02	7.148592628018946016e-02
1.017383075931706003e+03	2.829739177704571063e-01	1.676091436338617013e-01	2.363155918787036291e-01	1.432031465274448967e-01	7.008321120926645775e-02	2.826153860950465432e-02	7.155345037074954673e-02
1.018834406995802851e+03	2.827150787153303035e-01	1.674548206146680152e-01	2.364859644985393972e-01	1.433087143249102413e-01	7.012678947016758035e-02	2.828777170045965531e-02	7.162086067591279248e-02
1.020285738059899245e+03	2.824566879529584740e-01	1.673007648844645756e-01	2.366560249458322107e-01	1.434140981121620195e-01	7.017029330216462135e-02	2.831397343840198061e-02	7.168815736400410699e-02
1.021737069123995752e+03	2.821987447046402919e-01	1.671469759789083742e-01	2.368257737882041858e-01	1.435192982478334378e-01	7.021372284210325443e-02	2.834014383498235229e-02	7.175534060331606456e-02
1.023188400188092373e+03	2.819412481930373970e-01	1.669934534344696131e-01	2.369952115921972191e-01	1.436243150896654164e-01	7.025707822653542989e-02	2.836628290197606289e-02	7.182241056210679486e-02
1.024639731252188767e+03	2.816841976421720073e-01	1.668401967884300396e-01	2.371643389232756527e-01	1.437291489945099754e-01	7.030035959172019344e-02	2.839239065128223299e-02	7.188936740859784569e-02
1.026091062316285615e+03	2.814275922774244210e-01	1.666872055788814200e-01	2.373331563458288829e-01	1.438338003183334823e-01	7.034356707362449113e-02	2.841846709492306874e-02	7.195621131097222622e-02
1.027542393380382237e+03	2.811714313255304076e-01	1.665344793447243732e-01	2.375016644231737750e-01	1.439382694162199550e-01	7.038670080792409911e-02	2.844451224504311940e-02	7.202294243737226986e-02
1.028993724444478858e+03	2.809157140145790432e-01	1.663820176256666783e-01	2.376698637175573281e-01	1.440425566423743087e-01	7.042976093000441473e-02	2.847052611390853485e-02	7.208956095589769131e-02
1.030445055508575479e+03	2.806604395740103230e-01	1.662298199622217476e-01	2.378377547901591726e-01	1.441466623501255484e-01	7.047274757496130304e-02	2.849650871390633361e-02	7.215606703460356042e-02
1.031896386572671872e+03	2.804056072346123862e-01	1.660778858957075166e-01	2.380053382010939855e-01	1.442505868919301826e-01	7.051566087760190171e-02	2.852246005754368458e-02	7.222246084149831769e-02
1.033347717636768493e+03	2.801512162285194618e-01	1.659262149682446952e-01	2.381726145094141822e-01	1.443543306193751374e-01	7.055850097244550923e-02	2.854838015744716115e-02	7.228874254454183135e-02
1.034799048700865114e+03	2.798972657892092597e-01	1.657748067227554356e-01	2.383395842731123038e-01	1.444578938831811987e-01	7.060126799372437589e-02	2.857426902636203345e-02	7.235491231164344061e-02
1.036250379764961508e+03	2.796437551515004727e-01	1.656236607029619168e-01	2.385062480491234316e-01	1.445612770332061203e-01	7.064396207538449490e-02	2.860012667715153278e-02	7.242097031066008217e-02
1.037701710829058356e+03	2.793906835515506670e-01	1.654727764533848733e-01	2.386726063933278796e-01	1.446644804184476774e-01	7.068658335108647661e-02	2.862595312279615431e-02	7.248691670939436116e-02
1.039153041893154750e+03	2.791380502268536734e-01	1.653221535193421521e-01	2.388386598605535260e-01	1.447675043870469413e-01	7.072913195420633958e-02	2.865174837639292496e-02	7.255275167559263605e-02
1.040604372957251599e+03	2.788858544162372555e-01	1.651717914469472970e-01	2.390044090045781444e-01	1.448703492862912501e-01	7.077160801783631550e-02	2.867751245115469569e-02	7.261847537694324228e-02
1.042055704021347992e+03	2.786340953598606673e-01	1.650216897831081886e-01	2.391698543781322073e-01	1.449730154626175105e-01	7.081401167478565406e-02	2.870324536040944757e-02	7.268408798107456326e-02
1.043507035085444613e+03	2.783827722992122666e-01	1.648718480755254345e-01	2.393349965329010232e-01	1.450755032616151685e-01	7.085634305758145568e-02	2.872894711759957365e-02	7.274958965555328172e-02
1.044958366149541234e+03	2.781318844771073495e-01	1.647222658726912037e-01	2.394998360195272902e-01	1.451778130280292345e-01	7.089860229846944861e-02	2.875461773628118153e-02	7.281498056788252016e-02
1.046409697213637855e+03	2.778814311376853752e-01	1.645729427238876164e-01	2.396643733876134830e-01	1.452799451057634472e-01	7.094078952941479388e-02	2.878025723012339956e-02	7.288026088550009218e-02
1.047861028277734476e+03	2.776314115264080229e-01	1.644238781791853010e-01	2.398286091857242952e-01	1.453818998378833272e-01	7.098290488210289018e-02	2.880586561290767594e-02	7.294543077577671231e-02
1.049312359341831097e+03	2.773818248900564165e-01	1.642750717894421730e-01	2.399925439613890543e-01	1.454836775666190629e-01	7.102494848794013715e-02	2.883144289852709874e-02	7.301049040601427509e-02
1.050763690405927491e+03	2.771326704767291260e-01	1.641265231063018804e-01	2.401561782611041085e-01	1.455852786333685922e-01	7.106692047805475421e-02	2.885698910098569159e-02	7.307543994344409266e-02
1.052215021470024112e+03	2.768839475358395585e-01	1.639782316821924713e-01	2.403195126303351303e-01	1.456867033787006549e-01	7.110882098329752987e-02	2.888250423439774409e-02	7.314027955522517388e-02
1.053666352534120733e+03	2.766356553181137379e-01	1.638301970703248123e-01	2.404825476135196705e-01	1.457879521423576519e-01	7.115065013424264062e-02	2.890798831298712138e-02	7.320500940844255899e-02
1.055117683598217127e+03	2.763877930755879175e-01	1.636824188246914502e-01	2.406452837540693779e-01	1.458890252632587536e-01	7.119240806118844189e-02	2.893344135108658760e-02	7.326962967010564043e-02
1.056569014662313975e+03	2.761403600616062493e-01	1.635348965000650856e-01	2.408077215943724148e-01	1.459899230795027314e-01	7.123409489415813423e-02	2.895886336313712589e-02	7.333414050714648358e-02
1.058020345726410369e+03	2.758933555308183405e-01	1.633876296519970739e-01	2.409698616757958156e-01	1.460906459283708714e-01	7.127571076290070695e-02	2.898425436368727570e-02	7.339854208641818922e-02
1.059471676790506763e+03	2.756467787391770896e-01	1.632406178368162042e-01	2.411317045386877911e-01	1.461911941463299724e-01	7.131725579689156269e-02	2.900961436739246321e-02	7.346283457469325595e-02
1.060923007854603611e+03	2.754006289439362432e-01	1.630938606116271727e-01	2.412932507223800871e-01	1.462915680690352049e-01	7.135873012533335003e-02	2.903494338901431784e-02	7.352701813866197034e-02
1.062374338918700232e+03	2.751549054036481201e-01	1.629473575343092784e-01	2.414545007651903163e-01	1.463917680313329694e-01	7.140013387715669901e-02	2.906024144342002694e-02	7.359109294493085263e-02
1.063825669982796853e+03	2.749096073781612803e-01	1.628011081635150348e-01	2.416154552044243731e-01	1.464917943672638390e-01	7.144146718102099836e-02	2.908550854558166962e-02	7.365505916002106079e-02
1.065277001046893474e+03	2.746647341286181931e-01	1.626551120586687826e-01	2.417761145763784314e-01	1.465916474100653344e-01	7.148273016531514479e-02	2.911074471057556456e-02	7.371891695036680847e-02
1.066728332110990095e+03	2.744202849174529057e-01	1.625093687799652464e-01	2.419364794163416377e-01	1.466913274921748112e-01	7.152392295815827861e-02	2.913594995358160383e-02	7.378266648231381064e-02
1.068179663175086489e+03	2.741762590083886564e-01	1.623638778883682021e-01	2.420965502585981921e-01	1.467908349452322625e-01	7.156504568740057470e-02	2.916112428988261104e-02	7.384630792211779871e-02
1.069630994239183110e+03	2.739326556664359869e-01	1.622186389456090894e-01	2.422563276364295692e-01	1.468901701000830673e-01	7.160609848062397809e-02	2.918626773486369258e-02	7.390984143594300781e-02
1.071082325303279504e+03	2.736894741578898005e-01	1.620736515141857070e-01	2.424158120821169327e-01	1.469893332867809321e-01	7.164708146514287002e-02	2.921138030401158187e-02	7.397326718986060867e-02
1.072533656367376352e+03	2.734467137503275858e-01	1.619289151573606866e-01	2.425750041269433555e-01	1.470883248345905558e-01	7.168799476800494230e-02	2.923646201291402180e-02	7.403658534984734751e-02
1.073984987431472746e+03	2.732043737126068628e-01	1.617844294391602711e-01	2.427339043011960407e-01	1.471871450719904051e-01	7.172883851599179406e-02	2.926151287725909517e-02	7.409979608178400567e-02
1.075436318495569594e+03	2.729624533148629628e-01	1.616401939243729269e-01	2.428925131341686805e-01	1.472857943266754899e-01	7.176961283561980598e-02	2.928653291283461399e-02	7.416289955145392854e-02
1.076887649559666215e+03	2.727209518285068635e-01	1.614962081785479286e-01	2.430508311541635380e-01	1.473842729255601114e-01	7.181031785314077875e-02	2.931152213552746383e-02	7.422589592454166552e-02
1.078338980623762609e+03	2.724798685262228015e-01	1.613524717679940546e-01	2.432088588884938063e-01	1.474825811947806098e-01	7.185095369454264080e-02	2.933648056132299661e-02	7.428878536663149901e-02
1.079790311687859230e+03	2.722392026819658861e-01	1.612089842597781153e-01	2.433665968634857735e-01	1.475807194596979455e-01	7.189152048555026708e-02	2.936140820630438186e-02	7.435156804320604274e-02
1.081241642751955851e+03	2.719989535709599893e-01	1.610657452217237884e-01	2.435240456044811264e-01	1.476786880449005024e-01	7.193201835162614521e-02	2.938630508665199259e-02	7.441424411964490948e-02
1.082692973816052472e+03	2.717591204696954144e-01	1.609227542224101193e-01	2.436812056358389766e-01	1.477764872742068081e-01	7.197244741797109713e-02	2.941117121864278774e-02	7.447681376122328167e-02
1.084144304880149093e+03	2.715197026559267868e-01	1.607800108311702170e-01	2.438380774809382479e-01	1.478741174706680594e-01	7.201280780952497296e-02	2.943600661864967383e-02	7.453927713311055137e-02
1.085595635944245487e+03	2.712806994086706114e-01	1.606375146180898938e-01	2.439946616621797570e-01	1.479715789565708706e-01	7.205309965096742819e-02	2.946081130314091509e-02	7.460163440036902960e-02
1.087046967008342108e+03	2.710421100082030521e-01	1.604952651540063335e-01	2.441509587009885185e-01	1.480688720534399372e-01	7.209332306671858981e-02	2.948558528867950210e-02	7.466388572795255862e-02
1.088498298072438729e+03	2.708039337360577670e-01	1.603532620105068141e-01	2.443069691178157976e-01	1.481659970820405903e-01	7.213347818093975017e-02	2.951032859192254457e-02	7.472603128070524903e-02
1.089949629136535123e+03	2.705661698750236321e-01	1.602115047599272368e-01	2.444626934321413314e-01	1.482629543623814883e-01	7.217356511753411641e-02	2.953504122962066769e-02	7.478807122336016133e-02
1.091400960200631971e+03	2.703288177091424660e-01	1.600699929753508499e-01	2.446181321624754934e-01	1.483597442137170319e-01	7.221358400014747658e-02	2.955972321861740151e-02	7.485000572053798762e-02
1.092852291264728365e+03	2.700918765237067531e-01	1.599287262306069157e-01	2.447732858263614308e-01	1.484563669545502229e-01	7.225353495216893518e-02	2.958437457584859112e-02	7.491183493674584415e-02
1.094303622328825213e+03	2.698553456052577015e-01	1.597877041002694620e-01	2.449281549403772018e-01	1.485528229026350233e-01	7.229341809673156538e-02	2.960899531834177215e-02	7.497355903637596686e-02
1.095754953392921607e+03	2.696192242415825779e-01	1.596469261596558942e-01	2.450827400201380513e-01	1.486491123749790477e-01	7.233323355671314459e-02	2.963358546321560524e-02	7.503517818370447623e-02
1.097206284457018228e+03	2.693835117217127095e-01	1.595063919848255241e-01	2.452370415802983539e-01	1.487452356878460058e-01	7.237298145473680666e-02	2.965814502767925853e-02	7.509669254289014217e-02
1.098657615521114849e+03	2.691482073359214855e-01	1.593661011525784876e-01	2.453910601345537790e-01	1.488411931567582835e-01	7.241266191317176359e-02	2.968267402903183513e-02	7.515810227797321830e-02
1.100108946585211470e+03	2.689133103757216925e-01	1.592260532404542461e-01	2.455447961956435110e-01	1.489369850964995246e-01	7.245227505413398550e-02	2.970717248466176255e-02	7.521940755287416513e-02
1.101560277649308091e+03	2.686788201338636273e-01	1.590862478267303926e-01	2.456982502753523034e-01	1.490326118211169615e-01	7.249182099948685287e-02	2.973164041204622715e-02	7.528060853139249831e-02
1.103011608713404712e+03	2.684447359043329318e-01	1.589466844904211806e-01	2.458514228845125049e-01	1.491280736439241361e-01	7.253129987084186436e-02	2.975607782875057741e-02	7.534170537720562277e-02
1.104462939777501106e+03	2.682110569823481505e-01	1.588073628112764146e-01	2.460043145330062797e-01	1.492233708775032586e-01	7.257071178955933066e-02	2.978048475242775148e-02	7.540269825386766711e-02
1.105914270841597499e+03	2.679777826643585659e-01	1.586682823697800060e-01	2.461569257297676061e-01	1.493185038337076220e-01	7.261005687674901288e-02	2.980486120081770121e-02	7.546358732480831777e-02
1.107365601905694348e+03	2.677449122480423105e-01	1.585294427471486689e-01	2.463092569827844691e-01	1.494134728236641840e-01	7.264933525327080255e-02	2.982920719174680935e-02	7.552437275333170885e-02
1.108816932969790741e+03	2.675124450323037029e-01	1.583908435253306435e-01	2.464613087991007201e-01	1.495082781577759257e-01	7.268854703973541553e-02	2.985352274312732396e-02	7.558505470261522863e-02
1.110268264033887590e+03	2.672803803172715820e-01	1.582524842870043635e-01	2.466130816848183804e-01	1.496029201457243496e-01	7.272769235650501651e-02	2.987780787295678253e-02	7.564563333570850645e-02
1.111719595097984211e+03	2.670487174042966982e-01	1.581143646155772076e-01	2.467645761450995567e-01	1.496973990964718115e-01	7.276677132369394063e-02	2.990206259931744992e-02	7.570610881553223315e-02
1.113170926162080832e+03	2.668174555959497707e-01	1.579764840951841665e-01	2.469157926841686057e-01	1.497917153182640737e-01	7.280578406116931800e-02	2.992628694037575282e-02	7.576648130487716182e-02
1.114622257226177226e+03	2.665865941960193219e-01	1.578388423106865390e-01	2.470667318053140216e-01	1.498858691186325531e-01	7.284473068855172595e-02	2.995048091438171425e-02	7.582675096640294210e-02
1.116073588290273847e+03	2.663561325095093468e-01	1.577014388476707107e-01	2.472173940108905732e-01	1.499798608043967918e-01	7.288361132521585517e-02	2.997464453966840192e-02	7.588691796263710709e-02
1.117524919354370468e+03	2.661260698426373694e-01	1.575642732924466827e-01	2.473677798023213859e-01	1.500736906816667882e-01	7.292242609029118972e-02	2.999877783465136616e-02	7.594698245597404640e-02
1.118976250418467089e+03	2.658964055028319451e-01	1.574273452320470168e-01	2.475178896800998840e-01	1.501673590558453841e-01	7.296117510266258988e-02	3.002288081782808135e-02	7.600694460867388202e-02
1.120427581482563710e+03	2.656671387987309951e-01	1.572906542542253927e-01	2.476677241437917898e-01	1.502608662316305688e-01	7.299985848097104157e-02	3.004695350777740817e-02	7.606680458286156632e-02
1.121878912546660331e+03	2.654382690401792533e-01	1.571541999474553031e-01	2.478172836920372324e-01	1.503542125130179485e-01	7.303847634361419761e-02	3.007099592315902459e-02	7.612656254052577176e-02
1.123330243610756725e+03	2.652097955382263228e-01	1.570179819009289712e-01	2.479665688225526909e-01	1.504473982033028567e-01	7.307702880874709928e-02	3.009500808271290545e-02	7.618621864351794726e-02
1.124781574674853118e+03	2.649817176051243450e-01	1.568819997045558801e-01	2.481155800321329097e-01	1.505404236050828792e-01	7.311551599428280090e-02	3.011899000525874656e-02	7.624577305355127732e-02
1.126232905738949967e+03	2.647540345543261120e-01	1.567462529489614953e-01	2.482643178166530351e-01	1.506332890202600194e-01	7.315393801789296657e-02	3.014294170969545814e-02	7.630522593219975225e-02
1.127684236803046360e+03	2.645267457004827349e-01	1.566107412254860998e-01	2.484127826710705866e-01	1.507259947500430575e-01	7.319229499700855013e-02	3.016686321500059234e-02	7.636457744089719668e-02
1.129135567867143209e+03	2.642998503594417015e-01	1.564754641261835166e-01	2.485609750894273162e-01	1.508185410949497707e-01	7.323058704882041969e-02	3.019075454022983329e-02	7.642382774093625653e-02
1.130586898931239830e+03	2.640733478482444885e-01	1.563404212438197494e-01	2.487088955648512900e-01	1.509109283548093206e-01	7.326881429027999604e-02	3.021461570451644887e-02	7.648297699346755241e-02
1.132038229995336451e+03	2.638472374851246749e-01	1.562056121718717328e-01	2.488565445895587758e-01	1.510031568287643622e-01	7.330697683809983545e-02	3.023844672707075992e-02	7.654202535949866659e-02
1.133489561059432845e+03	2.636215185895057211e-01	1.560710365045261117e-01	2.490039226548563245e-01	1.510952268152734035e-01	7.334507480875433749e-02	3.026224762717961633e-02	7.660097299989326869e-02
1.134940892123529466e+03	2.633961904819988598e-01	1.559366938366780198e-01	2.491510302511425190e-01	1.511871386121129979e-01	7.338310831848031401e-02	3.028601842420586970e-02	7.665982007537017195e-02
1.136392223187626087e+03	2.631712524844009859e-01	1.558025837639297750e-01	2.492978678679101390e-01	1.512788925163800202e-01	7.342107748327758587e-02	3.030975913758784945e-02	7.671856674650245900e-02
1.137843554251722708e+03	2.629467039196926037e-01	1.556687058825895198e-01	2.494444359937479372e-01	1.513704888244937208e-01	7.345898241890967684e-02	3.033346978683883199e-02	7.677721317371656584e-02
1.139294885315819101e+03	2.627225441120356608e-01	1.555350597896700826e-01	2.495907351163426380e-01	1.514619278321981122e-01	7.349682324090438257e-02	3.035715039154653419e-02	7.683575951729146314e-02
1.140746216379915950e+03	2.624987723867714950e-01	1.554016450828877849e-01	2.497367657224808524e-01	1.515532098345640510e-01	7.353460006455439513e-02	3.038080097137258601e-02	7.689420593735774023e-02
1.142197547444012343e+03	2.622753880704186691e-01	1.552684613606610531e-01	2.498825282980510210e-01	1.516443351259915140e-01	7.357231300491788584e-02	3.040442154605202396e-02	7.695255259389673086e-02
1.143648878508108737e+03	2.620523904906710277e-01	1.551355082221092252e-01	2.500280233280453013e-01	1.517353040002117071e-01	7.360996217681919918e-02	3.042801213539277766e-02	7.701079964673973599e-02
1.145100209572205586e+03	2.618297789763953665e-01	1.550027852670513018e-01	2.501732512965614275e-01	1.518261167502891751e-01	7.364754769484935237e-02	3.045157275927515284e-02	7.706894725556712178e-02
1.146551540636302207e+03	2.616075528576296549e-01	1.548702920960047524e-01	2.503182126868048196e-01	1.519167736686241332e-01	7.368506967336674318e-02	3.047510343765133176e-02	7.712699557990754240e-02
1.148002871700398828e+03	2.613857114655807612e-01	1.547380283101842113e-01	2.504629079810901104e-01	1.520072750469543266e-01	7.372252822649767723e-02	3.049860419054486321e-02	7.718494477913707963e-02
1.149454202764495449e+03	2.611642541326222866e-01	1.546059935115002282e-01	2.506073376608433656e-01	1.520976211763574726e-01	7.375992346813700640e-02	3.052207503805016986e-02	7.724279501247850732e-02
1.150905533828591842e+03	2.609431801922928451e-01	1.544741873025581025e-01	2.507515022066038601e-01	1.521878123472531208e-01	7.379725551194869781e-02	3.054551600033202780e-02	7.730054643900041711e-02
1.152356864892688463e+03	2.607224889792936762e-01	1.543426092866565791e-01	2.508954020980258548e-01	1.522778488494049287e-01	7.383452447136647223e-02	3.056892709762509125e-02	7.735819921761646900e-02
1.153808195956785084e+03	2.605021798294866464e-01	1.542112590677866824e-01	2.510390378138807610e-01	1.523677309719226602e-01	7.387173045959437301e-02	3.059230835023337564e-02	7.741575350708465586e-02
1.155259527020881706e+03	2.602822520798921957e-01	1.540801362506304950e-01	2.511824098320585286e-01	1.524574590032643784e-01	7.390887358960734899e-02	3.061565977852978224e-02	7.747320946600645686e-02
1.156710858084978327e+03	2.600627050686875052e-01	1.539492404405597703e-01	2.513255186295698662e-01	1.525470332312383603e-01	7.394595397415186511e-02	3.063898140295560207e-02	7.753056725282612971e-02
1.158162189149074720e+03	2.598435381352041662e-01	1.538185712436349606e-01	2.514683646825480734e-01	1.526364539430053735e-01	7.398297172574649916e-02	3.066227324402001284e-02	7.758782702583000290e-02
1.159613520213171569e+03	2.596247506199261812e-01	1.536881282666037463e-01	2.516109484662508167e-01	1.527257214250805906e-01	7.401992695668248301e-02	3.068553532229961398e-02	7.764498894314567079e-02
1.161064851277267962e+03	2.594063418644880215e-01	1.535579111169000366e-01	2.517532704550617950e-01	1.528148359633356712e-01	7.405681977902434099e-02	3.070876765843792364e-02	7.770205316274128582e-02
1.162516182341364356e+03	2.591883112116725729e-01	1.534279194026426096e-01	2.518953311224929603e-01	1.529037978430007882e-01	7.409365030461040336e-02	3.073197027314491028e-02	7.775901984242486464e-02
1.163967513405461204e+03	2.589706580054088603e-01	1.532981527326339188e-01	2.520371309411860716e-01	1.529926073486667371e-01	7.413041864505345857e-02	3.075514318719650350e-02	7.781588913984358036e-02
1.165418844469557826e+03	2.587533815907704926e-01	1.531686107163589272e-01	2.521786703829145271e-01	1.530812647642868507e-01	7.416712491174128064e-02	3.077828642143412910e-02	7.787266121248304085e-02
1.166870175533654447e+03	2.585364813139731655e-01	1.530392929639838584e-01	2.523199499185851957e-01	1.531697703731790539e-01	7.420376921583721197e-02	3.080139999676421644e-02	7.792933621766659491e-02
1.168321506597751068e+03	2.583199565223728289e-01	1.529101990863549754e-01	2.524609700182403049e-01	1.532581244580279445e-01	7.424035166828078791e-02	3.082448393415772661e-02	7.798591431255466611e-02
1.169772837661847461e+03	2.581038065644638557e-01	1.527813286949974148e-01	2.526017311510593277e-01	1.533463273008865979e-01	7.427687237978819468e-02	3.084753825464970831e-02	7.804239565414411439e-02
1.171224168725944082e+03	2.578880307898766544e-01	1.526526814021140210e-01	2.527422337853605372e-01	1.534343791831787318e-01	7.431333146085296326e-02	3.087056297933878785e-02	7.809878039926751447e-02
1.172675499790040703e+03	2.576726285493758928e-01	1.525242568205840143e-01	2.528824783886028937e-01	1.535222803857005935e-01	7.434972902174642739e-02	3.089355812938673201e-02	7.815506870459254518e-02
1.174126830854137097e+03	2.574575991948584996e-01	1.523960545639619080e-01	2.530224654273880436e-01	1.536100311886229586e-01	7.438606517251840355e-02	3.091652372601797968e-02	7.821126072662128170e-02
1.175578161918233945e+03	2.572429420793515553e-01	1.522680742464762871e-01	2.531621953674618175e-01	1.536976318714930179e-01	7.442234002299763507e-02	3.093945979051916997e-02	7.826735662168965435e-02
1.177029492982330339e+03	2.570286565570102932e-01	1.521403154830285043e-01	2.533016686737160628e-01	1.537850827132363762e-01	7.445855368279241659e-02	3.096236634423868775e-02	7.832335654596678243e-02
1.178480824046426733e+03	2.568147419831161571e-01	1.520127778891916803e-01	2.534408858101905859e-01	1.538723839921590231e-01	7.449470626129114925e-02	3.098524340858619872e-02	7.837926065545430809e-02
1.179932155110523581e+03	2.566011977140748579e-01	1.518854610812093997e-01	2.535798472400747072e-01	1.539595359859491919e-01	7.453079786766288184e-02	3.100809100503220880e-02	7.843506910598582738e-02
1.181383486174620202e+03	2.563880231074142646e-01	1.517583646759944893e-01	2.537185534257092590e-01	1.540465389716793310e-01	7.456682861085786596e-02	3.103090915510759926e-02	7.849078205322629342e-02
1.182834817238716823e+03	2.561752175217825167e-01	1.516314882911279360e-01	2.538570048285880287e-01	1.541333932258079631e-01	7.460279859960812499e-02	3.105369788040316867e-02	7.854639965267140589e-02
1.184286148302813444e+03	2.559627803169458593e-01	1.515048315448576655e-01	2.539952019093597579e-01	1.542200990241816283e-01	7.463870794242798146e-02	3.107645720256919930e-02	7.860192205964705581e-02
1.185737479366910065e+03	2.557507108537869223e-01	1.513783940560972652e-01	2.541331451278298625e-01	1.543066566420367158e-01	7.467455674761463991e-02	3.109918714331499912e-02	7.865734942930871498e-02
1.187188810431006686e+03	2.555390084943026663e-01	1.512521754444249300e-01	2.542708349429621539e-01	1.543930663540014347e-01	7.471034512324865873e-02	3.112188772440845769e-02	7.871268191664086700e-02
1.188640141495103080e+03	2.553276726016021625e-01	1.511261753300822686e-01	2.544082718128804488e-01	1.544793284340976458e-01	7.474607317719458854e-02	3.114455896767561252e-02	7.876791967645643822e-02
1.190091472559199701e+03	2.551167025399050936e-01	1.510003933339730264e-01	2.545454561948704009e-01	1.545654431557426656e-01	7.478174101710145794e-02	3.116720089500018762e-02	7.882306286339631207e-02
1.191542803623296322e+03	2.549060976745393670e-01	1.508748290776620316e-01	2.546823885453812775e-01	1.546514107917512371e-01	7.481734875040331467e-02	3.118981352832317713e-02	7.887811163192869068e-02
1.192994134687392716e+03	2.546958573719393382e-01	1.507494821833740284e-01	2.548190693200276247e-01	1.547372316143372784e-01	7.485289648431978082e-02	3.121239688964239090e-02	7.893306613634862301e-02
1.194445465751489564e+03	2.544859809996438682e-01	1.506243522739923457e-01	2.549554989735908772e-01	1.548229058951158532e-01	7.488838432585659399e-02	3.123495100101202418e-02	7.898792653077743586e-02
1.195896796815585958e+03	2.542764679262942140e-01	1.504994389730579252e-01	2.550916779600214124e-01	1.549084339051048642e-01	7.492381238180612080e-02	3.125747588454223097e-02	7.904269296916223431e-02
1.197348127879682352e+03	2.540673175216323632e-01	1.503747419047681000e-01	2.552276067324397713e-01	1.549938159147268568e-01	7.495918075874789810e-02	3.127997156239867987e-02	7.909736560527540206e-02
1.198799458943779200e+03	2.538585291564987578e-01	1.502502606939753460e-01	2.553632857431386016e-01	1.550790521938109900e-01	7.499448956304916036e-02	3.130243805680214125e-02	7.915194459271404637e-02
1.200250790007875821e+03	2.536501022028307406e-01	1.501259949661862270e-01	2.554987154435844343e-01	1.551641430115947573e-01	7.502973890086536701e-02	3.132487539002806048e-02	7.920643008489954007e-02
1.201702121071972442e+03	2.534420360336601119e-01	1.500019443475602010e-01	2.556338962844192375e-01	1.552490886367257072e-01	7.506492887814074366e-02	3.134728358440611040e-02	7.926082223507699420e-02
1.203153452136069063e+03	2.532343300231116312e-01	1.498781084649084272e-01	2.557688287154623041e-01	1.553338893372633867e-01	7.510005960060879560e-02	3.136966266231978190e-02	7.931512119631484170e-02
1.204604783200165684e+03	2.530269835464008521e-01	1.497544869456926830e-01	2.559035131857114731e-01	1.554185453806810335e-01	7.513513117379284900e-02	3.139201264620596760e-02	7.936932712150425451e-02
1.206056114264262078e+03	2.528199959798324015e-01	1.496310794180241988e-01	2.560379501433454053e-01	1.555030570338673257e-01	7.517014370300650894e-02	3.141433355855455245e-02	7.942344016335878276e-02
1.207507445328358699e+03	2.526133667007977590e-01	1.495078855106623805e-01	2.561721400357247491e-01	1.555874245631281849e-01	7.520509729335426996e-02	3.143662542190796966e-02	7.947746047441381356e-02
1.208958776392455093e+03	2.524070950877736474e-01	1.493849048530139501e-01	2.563060833093940838e-01	1.556716482341886088e-01	7.523999204973197408e-02	3.145888825886078433e-02	7.953138820702614076e-02
1.210410107456551941e+03	2.522011805203198120e-01	1.492621370751314180e-01	2.564397804100834177e-01	1.557557283121942526e-01	7.527482807682735200e-02	3.148112209205933265e-02	7.958522351337353473e-02
1.211861438520648335e+03	2.519956223790774108e-01	1.491395818077123625e-01	2.565732317827100761e-01	1.558396650617133172e-01	7.530960547912049496e-02	3.150332694420124313e-02	7.963896654545425668e-02
1.213312769584745183e+03	2.517904200457668495e-01	1.490172386820979022e-01	2.567064378713800887e-01	1.559234587467381306e-01	7.534432436088445151e-02	3.152550283803506187e-02	7.969261745508668393e-02
1.214764100648841804e+03	2.515855729031860055e-01	1.488951073302718087e-01	2.568393991193899106e-01	1.560071096306871186e-01	7.537898482618562990e-02	3.154764979635985012e-02	7.974617639390885193e-02
1.216215431712937971e+03	2.513810803352083401e-01	1.487731873848592568e-01	2.569721159692281987e-01	1.560906179764062762e-01	7.541358697888438101e-02	3.156976784202476793e-02	7.979964351337799633e-02
1.217666762777034819e+03	2.511769417267809001e-01	1.486514784791257704e-01	2.571045888625771991e-01	1.561739840461709716e-01	7.544813092263548404e-02	3.159185699792866481e-02	7.985301896477019212e-02
1.219118093841131440e+03	2.509731564639224866e-01	1.485299802469760011e-01	2.572368182403146353e-01	1.562572081016877223e-01	7.548261676088867389e-02	3.161391728701968412e-02	7.990630289917992346e-02
1.220569424905228061e+03	2.507697239337218775e-01	1.484086923229526178e-01	2.573688045425151505e-01	1.563402904040957775e-01	7.551704459688908522e-02	3.163594873229486071e-02	7.995949546751969506e-02
1.222020755969324682e+03	2.505666435243356638e-01	1.482876143422353077e-01	2.575005482084520847e-01	1.564232312139688663e-01	7.555141453367782145e-02	3.165795135679974615e-02	8.001259682051960198e-02
1.223472087033421303e+03	2.503639146249865277e-01	1.481667459406394161e-01	2.576320496765989176e-01	1.565060307913168081e-01	7.558572667409239887e-02	3.167992518362797161e-02	8.006560710872701048e-02
1.224923418097517697e+03	2.501615366259614115e-01	1.480460867546151138e-01	2.577633093846309342e-01	1.565886893955872883e-01	7.561998112076728784e-02	3.170187023592089398e-02	8.011852648250608611e-02
1.226374749161614318e+03	2.499595089186096020e-01	1.479256364212459540e-01	2.578943277694269454e-01	1.566712072856674964e-01	7.565417797613437079e-02	3.172378653686716565e-02	8.017135509203750232e-02
1.227826080225710712e+03	2.497578308953407322e-01	1.478053945782480394e-01	2.580251052670707312e-01	1.567535847198856802e-01	7.568831734242348341e-02	3.174567410970236675e-02	8.022409308731802413e-02
1.229277411289807560e+03	2.495565019496230330e-01	1.476853608639686899e-01	2.581556423128527067e-01	1.568358219560129496e-01	7.572239932166288656e-02	3.176753297770862350e-02	8.027674061816013340e-02
1.230728742353903954e+03	2.493555214759815009e-01	1.475655349173854713e-01	2.582859393412715865e-01	1.569179192512648313e-01	7.575642401567972417e-02	3.178936316421420577e-02	8.032929783419173742e-02
1.232180073418000802e+03	2.491548888699959274e-01	1.474459163781050297e-01	2.584159967860358287e-01	1.569998768623028784e-01	7.579039152610053676e-02	3.181116469259313850e-02	8.038176488485572480e-02
1.233631404482097196e+03	2.489546035282990677e-01	1.473265048863619808e-01	2.585458150800652999e-01	1.570816950452364191e-01	7.582430195435176101e-02	3.183293758626484088e-02	8.043414191940972957e-02
1.235082735546193817e+03	2.487546648485748080e-01	1.472073000830177447e-01	2.586753946554928296e-01	1.571633740556239722e-01	7.585815540166022941e-02	3.185468186869373081e-02	8.048642908692571485e-02
1.236534066610290438e+03	2.485550722295563342e-01	1.470883016095595464e-01	2.588047359436659312e-01	1.572449141484751345e-01	7.589195196905358654e-02	3.187639756338882246e-02	8.053862653628966750e-02
1.237985397674387059e+03	2.483558250710241888e-01	1.469695091080993332e-01	2.589338393751480782e-01	1.573263155782519407e-01	7.592569175736087195e-02	3.189808469390340018e-02	8.059073441620123734e-02
1.239436728738483680e+03	2.481569227738045225e-01	1.468509222213724708e-01	2.590627053797204815e-01	1.574075785988705845e-01	7.595937486721289489e-02	3.191974328383459514e-02	8.064275287517347346e-02
1.240888059802580301e+03	2.479583647397672064e-01	1.467325405927368542e-01	2.591913343863836428e-01	1.574887034637030281e-01	7.599300139904280327e-02	3.194137335682304540e-02	8.069468206153249112e-02
1.242339390866676695e+03	2.477601503718239173e-01	1.466143638661716320e-01	2.593197268233588537e-01	1.575696904255785569e-01	7.602657145308650000e-02	3.196297493655249344e-02	8.074652212341715263e-02
1.243790721930773088e+03	2.475622790739264445e-01	1.464963916862762894e-01	2.594478831180896949e-01	1.576505397367852501e-01	7.606008512938314259e-02	3.198454804674943225e-02	8.079827320877873420e-02
1.245242052994869937e+03	2.473647502510648022e-01	1.463786236982694555e-01	2.595758036972438121e-01	1.577312516490717575e-01	7.609354252777565664e-02	3.200609271118274451e-02	8.084993546538071785e-02
1.246693384058966330e+03	2.471675633092653424e-01	1.462610595479878206e-01	2.597034889867141927e-01	1.578118264136487425e-01	7.612694374791111052e-02	3.202760895366331406e-02	8.090150904079840277e-02
1.248144715123063179e+03	2.469707176555889783e-01	1.461436988818850258e-01	2.598309394116208315e-01	1.578922642811904364e-01	7.616028888924128437e-02	3.204909679804368583e-02	8.095299408241868333e-02
1.249596046187159800e+03	2.467742126981293527e-01	1.460265413470306362e-01	2.599581553963122293e-01	1.579725655018362485e-01	7.619357805102310033e-02	3.207055626821767730e-02	8.100439073743975760e-02
1.251047377251256421e+03	2.465780478460109781e-01	1.459095865911089751e-01	2.600851373643668363e-01	1.580527303251922644e-01	7.622681133231906658e-02	3.209198738812002460e-02	8.105569915287080818e-02
1.252498708315352815e+03	2.463822225093875162e-01	1.457928342624181528e-01	2.602118857385950501e-01	1.581327590003327455e-01	7.625998883199779088e-02	3.211339018172602172e-02	8.110691947553178016e-02
1.253950039379449436e+03	2.461867360994398346e-01	1.456762840098687617e-01	2.603384009410399380e-01	1.582126517758017936e-01	7.629311064873441073e-02	3.213476467305117351e-02	8.115805185205311745e-02
1.255401370443546057e+03	2.459915880283743694e-01	1.455599354829830994e-01	2.604646833929794569e-01	1.582924088996147949e-01	7.632617688101109299e-02	3.215611088615083490e-02	8.120909642887547131e-02
1.256852701507642678e+03	2.457967777094210438e-01	1.454437883318938640e-01	2.605907335149276194e-01	1.583720306192598626e-01	7.635918762711743635e-02	3.217742884511985008e-02	8.126005335224946446e-02
1.258304032571739299e+03	2.456023045568318242e-01	1.453278422073431553e-01	2.607165517266360477e-01	1.584515171816994472e-01	7.639214298515099866e-02	3.219871857409218469e-02	8.131092276823549680e-02
1.259755363635835920e+03	2.454081679858785559e-01	1.452120967606814195e-01	2.608421384470955839e-01	1.585308688333719185e-01	7.642504305301769940e-02	3.221998009724060669e-02	8.136170482270338455e-02
1.261206694699932314e+03	2.452143674128514916e-01	1.450965516438662839e-01	2.609674940945377331e-01	1.586100858201928143e-01	7.645788792843231929e-02	3.224121343877631163e-02	8.141239966133220762e-02
1.262658025764028707e+03	2.450209022550572102e-01	1.449812065094616409e-01	2.610926190864361618e-01	1.586891683875566172e-01	7.649067770891894436e-02	3.226241862294857571e-02	8.146300742961007368e-02
1.264109356828125556e+03	2.448277719308170064e-01	1.448660610106364266e-01	2.612175138395080864e-01	1.587681167803380033e-01	7.652341249181139615e-02	3.228359567404442271e-02	8.151352827283388225e-02
1.265560687892221949e+03	2.446349758594651147e-01	1.447511148011636772e-01	2.613421787697159382e-01	1.588469312428935076e-01	7.655609237425370361e-02	3.230474461638828398e-02	8.156396233610906099e-02
1.267012018956318798e+03	2.444425134613468220e-01	1.446363675354193079e-01	2.614666142922686398e-01	1.589256120190629118e-01	7.658871745320056101e-02	3.232586547434160990e-02	8.161430976434941309e-02
1.268463350020415419e+03	2.442503841578166635e-01	1.445218188683813076e-01	2.615908208216234931e-01	1.590041593521706598e-01	7.662128782541775818e-02	3.234695827230258530e-02	8.166457070227686743e-02
1.269914681084511813e+03	2.440585873712368403e-01	1.444074684556284072e-01	2.617147987714870117e-01	1.590825734850274398e-01	7.665380358748266620e-02	3.236802303470575487e-02	8.171474529442124268e-02
1.271366012148608434e+03	2.438671225249751939e-01	1.442933159533391074e-01	2.618385485548170855e-01	1.591608546599315444e-01	7.668626483578463993e-02	3.238905978602169694e-02	8.176483368512013628e-02
1.272817343212705055e+03	2.436759890434036235e-01	1.441793610182907359e-01	2.619620705838239250e-01	1.592390031186703414e-01	7.671867166652548975e-02	3.241006855075668353e-02	8.181483601851864684e-02
1.274268674276801676e+03	2.434851863518962822e-01	1.440656033078582254e-01	2.620853652699717262e-01	1.593170191025218008e-01	7.675102417571989799e-02	3.243104935345233336e-02	8.186475243856920769e-02
1.275720005340898297e+03	2.432947138768276618e-01	1.439520424800131704e-01	2.622084330239803918e-01	1.593949028522557432e-01	7.678332245919589072e-02	3.245200221868531354e-02	8.191458308903136476e-02
1.277171336404994690e+03	2.431045710455710940e-01	1.438386781933227998e-01	2.623312742558263078e-01	1.594726546081354501e-01	7.681556661259529573e-02	3.247292717106695092e-02	8.196432811347166558e-02
1.278622667469091539e+03	2.429147572864967797e-01	1.437255101069487839e-01	2.624538893747445645e-01	1.595502746099190239e-01	7.684775673137410335e-02	3.249382423524296154e-02	8.201398765526339563e-02
1.280073998533187932e+03	2.427252720289700960e-01	1.436125378806463182e-01	2.625762787892298999e-01	1.596277630968607752e-01	7.687989291080297993e-02	3.251469343589308975e-02	8.206356185758646726e-02
1.281525329597284326e+03	2.425361147033498477e-01	1.434997611747630408e-01	2.626984429070383653e-01	1.597051203077126946e-01	7.691197524596768420e-02	3.253553479773076823e-02	8.211305086342722548e-02
1.282976660661381175e+03	2.423472847409865460e-01	1.433871796502379781e-01	2.628203821351886571e-01	1.597823464807258398e-01	7.694400383176951130e-02	3.255634834550281964e-02	8.216245481557828134e-02
1.284427991725477568e+03	2.421587815742206329e-01	1.432747929686005173e-01	2.629420968799636715e-01	1.598594418536516959e-01	7.697597876292568142e-02	3.257713410398912351e-02	8.221177385663835935e-02
1.285879322789574417e+03	2.419706046363807317e-01	1.431626007919692967e-01	2.630635875469118368e-01	1.599364066637436188e-01	7.700790013396981160e-02	3.259789209800228321e-02	8.226100812901211701e-02
1.287330653853671038e+03	2.417827533617819546e-01	1.430506027830513172e-01	2.631848545408485007e-01	1.600132411477581951e-01	7.703976803925235983e-02	3.261862235238732755e-02	8.231015777491001995e-02
1.288781984917767431e+03	2.415952271857241263e-01	1.429387986051407489e-01	2.633058982658575964e-01	1.600899455419566852e-01	7.707158257294101367e-02	3.263932489202136383e-02	8.235922293634817537e-02
1.290233315981864052e+03	2.414080255444900625e-01	1.428271879221180429e-01	2.634267191252927520e-01	1.601665200821062729e-01	7.710334382902112038e-02	3.265999974181327259e-02	8.240820375514822105e-02
