1.001418434226643626e+03	2.810904985922124677e-01	1.793666316057685728e-01	2.345171729422018125e-01	1.409742357648485489e-01	6.806822134249414236e-02	2.687775611584028446e-02	6.910548363650503845e-02
1.002869765290740247e+03	2.808406276017347269e-01	1.791958434963048796e-01	2.346974304967137936e-01	1.410794430556483181e-01	6.811123508584157604e-02	2.690431436831336107e-02	6.917110589531412501e-02
1.004321096354836754e+03	2.805911803979965757e-01	1.790253446043548191e-01	2.348773738826696322e-01	1.411844623027058432e-01	6.815417533457120147e-02	2.693084535433133697e-02	6.923661812324138909e-02
1.005772427418933376e+03	2.803421562525837407e-01	1.788551344447016078e-01	2.350570036362487902e-01	1.412892938827339795e-01	6.819704222450069520e-02	2.695734905544916807e-02	6.930202050365273647e-02
1.007223758483029997e+03	2.800935544384912101e-01	1.786852125328197982e-01	2.352363202927107155e-01	1.413939381714873489e-01	6.823983589116852655e-02	2.698382545349210793e-02	6.936731321970103503e-02
1.008675089547126618e+03	2.798453742301170166e-01	1.785155783848766942e-01	2.354153243863965905e-01	1.414983955437665308e-01	6.828255646983455440e-02	2.701027453055447614e-02	6.943249645432482409e-02
1.010126420611223239e+03	2.795976149032572411e-01	1.783462315177340163e-01	2.355940164507310530e-01	1.416026663734220314e-01	6.832520409548077656e-02	2.703669626899843012e-02	6.949757039024703764e-02
1.011577751675319632e+03	2.793502757351000731e-01	1.781771714489494840e-01	2.357723970182238893e-01	1.417067510333585578e-01	6.836777890281203751e-02	2.706309065145274736e-02	6.956253520997383866e-02
1.013029082739416367e+03	2.791033560042201489e-01	1.780083976967781201e-01	2.359504666204717549e-01	1.418106498955388761e-01	6.841028102625666685e-02	2.708945766081159723e-02	6.962739109579342556e-02
1.014480413803512761e+03	2.788568549905736660e-01	1.778399097801737494e-01	2.361282257881599234e-01	1.419143633309878916e-01	6.845271059996721474e-02	2.711579728023332317e-02	6.969213822977485262e-02
1.015931744867609382e+03	2.786107719754925549e-01	1.776717072187903590e-01	2.363056750510640069e-01	1.420178917097965343e-01	6.849506775782103485e-02	2.714210949313923191e-02	6.975677679376687812e-02
1.017383075931706003e+03	2.783651062416794275e-01	1.775037895329833471e-01	2.364828149380515387e-01	1.421212354011258949e-01	6.853735263342107531e-02	2.716839428321237565e-02	6.982130696939690961e-02
1.018834406995802851e+03	2.781198570732024700e-01	1.773361562438107719e-01	2.366596459770837491e-01	1.422243947732108604e-01	6.857956536009651716e-02	2.719465163439635166e-02	6.988572893806983821e-02
1.020285738059899245e+03	2.778750237554901692e-01	1.771688068730345178e-01	2.368361686952172029e-01	1.423273701933642221e-01	6.862170607090338492e-02	2.722088153089407755e-02	6.995004288096701162e-02
1.021737069123995752e+03	2.776306055753259838e-01	1.770017409431215161e-01	2.370123836186055488e-01	1.424301620279803671e-01	6.866377489862533767e-02	2.724708395716661166e-02	7.001424897904519329e-02
1.023188400188092373e+03	2.773866018208439588e-01	1.768349579772447444e-01	2.371882912725011283e-01	1.425327706425390806e-01	6.870577197577419637e-02	2.727325889793193181e-02	7.007834741303549386e-02
1.024639731252188767e+03	2.771430117815231742e-01	1.766684574992843093e-01	2.373638921812567248e-01	1.426351964016093765e-01	6.874769743459074878e-02	2.729940633816375223e-02	7.014233836344244133e-02
1.026091062316285615e+03	2.768998347481831379e-01	1.765022390338284730e-01	2.375391868683270347e-01	1.427374396688532721e-01	6.878955140704529070e-02	2.732552626309031965e-02	7.020622201054296796e-02
1.027542393380382237e+03	2.766570700129789562e-01	1.763363021061744862e-01	2.377141758562705542e-01	1.428395008070294514e-01	6.883133402483836150e-02	2.735161865819322677e-02	7.026999853438542498e-02
1.028993724444478858e+03	2.764147168693965040e-01	1.761706462423295871e-01	2.378888596667511346e-01	1.429413801779969018e-01	6.887304541940141023e-02	2.737768350920622221e-02	7.033366811478872216e-02
1.030445055508575479e+03	2.761727746122476512e-01	1.760052709690118067e-01	2.380632388205395633e-01	1.430430781427186604e-01	6.891468572189739239e-02	2.740372080211402744e-02	7.039723093134135634e-02
1.031896386572671872e+03	2.759312425376657107e-01	1.758401758136508841e-01	2.382373138375153410e-01	1.431445950612654228e-01	6.895625506322146381e-02	2.742973052315114679e-02	7.046068716340050941e-02
1.033347717636768493e+03	2.756901199431007754e-01	1.756753603043888778e-01	2.384110852366682076e-01	1.432459312928190120e-01	6.899775357400161901e-02	2.745571265880070166e-02	7.052403699009124338e-02
1.034799048700865114e+03	2.754494061273152772e-01	1.755108239700810258e-01	2.385845535360997249e-01	1.433470871956761539e-01	6.903918138459937126e-02	2.748166719579324402e-02	7.058728059030558444e-02
1.036250379764961508e+03	2.752091003903793243e-01	1.753465663402963559e-01	2.387577192530251358e-01	1.434480631272518902e-01	6.908053862511034926e-02	2.750759412110558716e-02	7.065041814270173193e-02
1.037701710829058356e+03	2.749692020336663156e-01	1.751825869453183804e-01	2.389305829037747519e-01	1.435488594440830767e-01	6.912182542536497720e-02	2.753349342195964347e-02	7.071344982570321180e-02
1.039153041893154750e+03	2.747297103598486667e-01	1.750188853161456504e-01	2.391031450037956474e-01	1.436494765018318798e-01	6.916304191492912701e-02	2.755936508582124134e-02	7.077637581749808560e-02
1.040604372957251599e+03	2.744906246728932575e-01	1.748554609844924224e-01	2.392754060676532679e-01	1.437499146552893015e-01	6.920418822310471507e-02	2.758520910039897675e-02	7.083919629603827040e-02
1.042055704021347992e+03	2.742519442780573802e-01	1.746923134827890467e-01	2.394473666090331243e-01	1.438501742583785381e-01	6.924526447893035452e-02	2.761102545364305105e-02	7.090191143903860904e-02
1.043507035085444613e+03	2.740136684818842983e-01	1.745294423441826615e-01	2.396190271407422356e-01	1.439502556641583664e-01	6.928627081118204911e-02	2.763681413374410867e-02	7.096452142397630114e-02
1.044958366149541234e+03	2.737757965921992498e-01	1.743668471025374422e-01	2.397903881747107946e-01	1.440501592248266127e-01	6.932720734837374832e-02	2.766257512913209565e-02	7.102702642809009814e-02
1.046409697213637855e+03	2.735383279181050065e-01	1.742045272924351296e-01	2.399614502219938050e-01	1.441498852917233453e-01	6.936807421875802737e-02	2.768830842847508703e-02	7.108942662837960946e-02
1.047861028277734476e+03	2.733012617699780433e-01	1.740424824491754729e-01	2.401322137927726363e-01	1.442494342153344267e-01	6.940887155032667011e-02	2.771401402067816613e-02	7.115172220160465022e-02
1.049312359341831097e+03	2.730645974594642644e-01	1.738807121087764529e-01	2.403026793963565222e-01	1.443488063452945946e-01	6.944959947081137674e-02	2.773969189488226586e-02	7.121391332428453347e-02
1.050763690405927491e+03	2.728283342994752281e-01	1.737192158079747528e-01	2.404728475411843647e-01	1.444480020303908208e-01	6.949025810768430511e-02	2.776534204046303411e-02	7.127600017269745958e-02
1.052215021470024112e+03	2.725924716041840390e-01	1.735579930842259810e-01	2.406427187348260111e-01	1.445470216185656132e-01	6.953084758815873678e-02	2.779096444702969584e-02	7.133798292287986398e-02
1.053666352534120733e+03	2.723570086890213515e-01	1.733970434757048928e-01	2.408122934839840301e-01	1.446458654569201530e-01	6.957136803918970158e-02	2.781655910442391855e-02	7.139986175062583429e-02
1.055117683598217127e+03	2.721219448706717614e-01	1.732363665213056403e-01	2.409815722944952388e-01	1.447445338917175972e-01	6.961181958747456044e-02	2.784212600271867774e-02	7.146163683148644419e-02
1.056569014662313975e+03	2.718872794670694204e-01	1.730759617606420497e-01	2.411505556713322007e-01	1.448430272683860764e-01	6.965220235945368543e-02	2.786766513221714675e-02	7.152330834076922605e-02
1.058020345726410369e+03	2.716530117973949277e-01	1.729158287340477052e-01	2.413192441186048920e-01	1.449413459315220809e-01	6.969251648131102872e-02	2.789317648345155179e-02	7.158487645353762974e-02
1.059471676790506763e+03	2.714191411820708888e-01	1.727559669825761146e-01	2.414876381395621163e-01	1.450394902248934026e-01	6.973276207897470547e-02	2.791866004718206867e-02	7.164634134461038417e-02
1.060923007854603611e+03	2.711856669427588629e-01	1.725963760480008768e-01	2.416557382365931705e-01	1.451374604914423549e-01	6.977293927811768770e-02	2.794411581439569178e-02	7.170770318856105330e-02
1.062374338918700232e+03	2.709525884023550324e-01	1.724370554728155980e-01	2.418235449112292601e-01	1.452352570732887982e-01	6.981304820415838719e-02	2.796954377630513772e-02	7.176896215971743931e-02
1.063825669982796853e+03	2.707199048849869838e-01	1.722780048002341968e-01	2.419910586641451644e-01	1.453328803117332202e-01	6.985308898226119667e-02	2.799494392434772466e-02	7.183011843216113856e-02
1.065277001046893474e+03	2.704876157160098771e-01	1.721192235741907661e-01	2.421582799951607357e-01	1.454303305472597618e-01	6.989306173733715599e-02	2.802031625018426217e-02	7.189117217972701424e-02
1.066728332110990095e+03	2.702557202220030041e-01	1.719607113393396280e-01	2.423252094032424253e-01	1.455276081195392424e-01	6.993296659404457660e-02	2.804566074569795828e-02	7.195212357600272446e-02
1.068179663175086489e+03	2.700242177307662361e-01	1.718024676410552509e-01	2.424918473865047830e-01	1.456247133674322125e-01	6.997280367678956892e-02	2.807097740299331276e-02	7.201297279432825049e-02
1.069630994239183110e+03	2.697931075713161930e-01	1.716444920254323048e-01	2.426581944422119830e-01	1.457216466289918411e-01	7.001257310972669456e-02	2.809626621439502772e-02	7.207372000779549426e-02
1.071082325303279504e+03	2.695623890738834683e-01	1.714867840392855503e-01	2.428242510667793508e-01	1.458184082414668847e-01	7.005227501675957702e-02	2.812152717244690778e-02	7.213436538924780650e-02
1.072533656367376352e+03	2.693320615699082987e-01	1.713293432301498109e-01	2.429900177557749175e-01	1.459149985413046580e-01	7.009190952154145671e-02	2.814676026991077759e-02	7.219490911127955657e-02
1.073984987431472746e+03	2.691021243920379558e-01	1.711721691462796957e-01	2.431554950039209184e-01	1.460114178641539473e-01	7.013147674747578775e-02	2.817196549976538553e-02	7.225535134623575773e-02
1.075436318495569594e+03	2.688725768741229150e-01	1.710152613366496266e-01	2.433206833050951812e-01	1.461076665448678980e-01	7.017097681771687634e-02	2.819714285520533159e-02	7.231569226621165081e-02
1.076887649559666215e+03	2.686434183512135809e-01	1.708586193509536444e-01	2.434855831523328185e-01	1.462037449175067894e-01	7.021040985517039423e-02	2.822229232963998150e-02	7.237593204305231565e-02
1.078338980623762609e+03	2.684146481595570677e-01	1.707022427396050757e-01	2.436501950378275883e-01	1.462996533153410050e-01	7.024977598249403099e-02	2.824741391669240501e-02	7.243607084835233800e-02
1.079790311687859230e+03	2.681862656365938125e-01	1.705461310537365605e-01	2.438145194529334758e-01	1.463953920708538914e-01	7.028907532209804909e-02	2.827250761019827960e-02	7.249610885345543487e-02
1.081241642751955851e+03	2.679582701209544671e-01	1.703902838451996637e-01	2.439785568881660816e-01	1.464909615157444223e-01	7.032830799614590844e-02	2.829757340420484268e-02	7.255604622945409365e-02
1.082692973816052472e+03	2.677306609524565673e-01	1.702347006665647366e-01	2.441423078332042307e-01	1.465863619809300855e-01	7.036747412655477985e-02	2.832261129296982302e-02	7.261588314718925297e-02
1.084144304880149093e+03	2.675034374721013131e-01	1.700793810711205833e-01	2.443057727768913889e-01	1.466815937965496308e-01	7.040657383499616950e-02	2.834762127096036866e-02	7.267561977724999733e-02
1.085595635944245487e+03	2.672765990220705157e-01	1.699243246128741835e-01	2.444689522072371335e-01	1.467766572919658730e-01	7.044560724289651577e-02	2.837260333285199915e-02	7.273525628997321024e-02
1.087046967008342108e+03	2.670501449457232668e-01	1.697695308465504704e-01	2.446318466114186518e-01	1.468715527957683842e-01	7.048457447143771648e-02	2.839755747352754392e-02	7.279479285544335210e-02
1.088498298072438729e+03	2.668240745875931075e-01	1.696149993275918588e-01	2.447944564757822128e-01	1.469662806357762141e-01	7.052347564155775350e-02	2.842248368807609796e-02	7.285422964349209940e-02
1.089949629136535123e+03	2.665983872933847532e-01	1.694607296121580786e-01	2.449567822858446375e-01	1.470608411390405545e-01	7.056231087395124779e-02	2.844738197179197056e-02	7.291356682369810882e-02
1.091400960200631971e+03	2.663730824099709849e-01	1.693067212571257030e-01	2.451188245262947707e-01	1.471552346318475424e-01	7.060108028907000066e-02	2.847225232017364105e-02	7.297280456538673965e-02
1.092852291264728365e+03	2.661481592853897071e-01	1.691529738200878152e-01	2.452805836809949791e-01	1.472494614397207580e-01	7.063978400712359051e-02	2.849709472892271792e-02	7.303194303762984563e-02
1.094303622328825213e+03	2.659236172688410615e-01	1.689994868593535371e-01	2.454420602329824841e-01	1.473435218874239450e-01	7.067842214807995571e-02	2.852190919394290147e-02	7.309098240924548351e-02
1.095754953392921607e+03	2.656994557106842625e-01	1.688462599339478343e-01	2.456032546644709158e-01	1.474374162989637305e-01	7.071699483166594968e-02	2.854669571133895342e-02	7.314992284879766327e-02
1.097206284457018228e+03	2.654756739624347661e-01	1.686932926036109059e-01	2.457641674568517842e-01	1.475311449975920952e-01	7.075550217736789604e-02	2.857145427741565602e-02	7.320876452459622319e-02
1.098657615521114849e+03	2.652522713767611617e-01	1.685405844287977961e-01	2.459247990906958947e-01	1.476247083058090104e-01	7.079394430443214370e-02	2.859618488867680247e-02	7.326750760469653845e-02
1.100108946585211470e+03	2.650292473074825073e-01	1.683881349706778940e-01	2.460851500457547358e-01	1.477181065453650188e-01	7.083232133186566359e-02	2.862088754182415956e-02	7.332615225689936844e-02
1.101560277649308091e+03	2.648066011095652761e-01	1.682359437911345734e-01	2.462452208009620336e-01	1.478113400372638164e-01	7.087063337843657607e-02	2.864556223375645111e-02	7.338469864875062088e-02
1.103011608713404712e+03	2.645843321391204706e-01	1.680840104527646373e-01	2.464050118344351115e-01	1.479044091017648055e-01	7.090888056267470596e-02	2.867020896156835183e-02	7.344314694754122685e-02
1.104462939777501106e+03	2.643624397534010129e-01	1.679323345188778460e-01	2.465645236234763060e-01	1.479973140583855651e-01	7.094706300287217937e-02	2.869482772254945691e-02	7.350149732030693273e-02
1.105914270841597499e+03	2.641409233107985810e-01	1.677809155534963625e-01	2.467237566445745489e-01	1.480900552259044323e-01	7.098518081708393712e-02	2.871941851418328626e-02	7.355974993382813354e-02
1.107365601905694348e+03	2.639197821708411662e-01	1.676297531213542524e-01	2.468827113734066159e-01	1.481826329223629168e-01	7.102323412312830375e-02	2.874398133414627146e-02	7.361790495462978978e-02
1.108816932969790741e+03	2.636990156941900199e-01	1.674788467878969844e-01	2.470413882848385700e-01	1.482750474650681993e-01	7.106122303858754263e-02	2.876851618030676350e-02	7.367596254898121921e-02
1.110268264033887590e+03	2.634786232426371555e-01	1.673281961192808198e-01	2.471997878529273163e-01	1.483672991705956568e-01	7.109914768080838332e-02	2.879302305072401272e-02	7.373392288289597196e-02
1.111719595097984211e+03	2.632586041791022957e-01	1.671778006823722296e-01	2.473579105509219056e-01	1.484593883547913051e-01	7.113700816690260442e-02	2.881750194364720435e-02	7.379178612213170563e-02
1.113170926162080832e+03	2.630389578676305962e-01	1.670276600447474780e-01	2.475157568512649786e-01	1.485513153327741309e-01	7.117480461374754708e-02	2.884195285751443502e-02	7.384955243219012977e-02
1.114622257226177226e+03	2.628196836733894259e-01	1.668777737746918177e-01	2.476733272255941809e-01	1.486430804189386168e-01	7.121253713798667007e-02	2.886637579095175168e-02	7.390722197831682549e-02
1.116073588290273847e+03	2.626007809626662026e-01	1.667281414411989904e-01	2.478306221447436064e-01	1.487346839269571008e-01	7.125020585603010492e-02	2.889077074277214899e-02	7.396479492550117607e-02
1.117524919354370468e+03	2.623822491028653392e-01	1.665787626139706434e-01	2.479876420787451297e-01	1.488261261697821358e-01	7.128781088405522492e-02	2.891513771197459434e-02	7.402227143847631141e-02
1.118976250418467089e+03	2.621640874625058570e-01	1.664296368634156087e-01	2.481443874968298768e-01	1.489174074596489317e-01	7.132535233800708918e-02	2.893947669774304954e-02	7.407965168171895542e-02
1.120427581482563710e+03	2.619462954112187214e-01	1.662807637606494027e-01	2.483008588674296135e-01	1.490085281080776314e-01	7.136283033359906713e-02	2.896378769944549583e-02	7.413693581944941213e-02
1.121878912546660331e+03	2.617288723197442324e-01	1.661321428774935050e-01	2.484570566581780215e-01	1.490994884258757536e-01	7.140024498631335204e-02	2.898807071663296597e-02	7.419412401563149628e-02
1.123330243610756725e+03	2.615118175599294159e-01	1.659837737864746365e-01	2.486129813359123641e-01	1.491902887231404129e-01	7.143759641140148831e-02	2.901232574903857275e-02	7.425121643397243620e-02
1.124781574674853118e+03	2.612951305047254702e-01	1.658356560608241770e-01	2.487686333666745686e-01	1.492809293092607348e-01	7.147488472388494052e-02	2.903655279657654451e-02	7.430821323792285993e-02
1.126232905738949967e+03	2.610788105281852678e-01	1.656877892744775260e-01	2.489240132157128083e-01	1.493714104929200759e-01	7.151211003855553749e-02	2.906075185934127100e-02	7.436511459067676744e-02
1.127684236803046360e+03	2.608628570054608020e-01	1.655401730020733264e-01	2.490791213474828902e-01	1.494617325820983555e-01	7.154927246997609680e-02	2.908492293760633896e-02	7.442192065517144739e-02
1.129135567867143209e+03	2.606472693128006335e-01	1.653928068189527700e-01	2.492339582256494490e-01	1.495518958840743595e-01	7.158637213248092435e-02	2.910906603182358832e-02	7.447863159408749101e-02
1.130586898931239830e+03	2.604320468275474476e-01	1.652456903011589595e-01	2.493885243130875840e-01	1.496419007054279604e-01	7.162340914017630011e-02	2.913318114262214431e-02	7.453524756984876432e-02
1.132038229995336451e+03	2.602171889281357231e-01	1.650988230254361311e-01	2.495428200718839973e-01	1.497317473520423381e-01	7.166038360694107490e-02	2.915726827080749456e-02	7.459176874462238038e-02
1.133489561059432845e+03	2.600026949940889565e-01	1.649522045692290162e-01	2.496968459633386039e-01	1.498214361291062557e-01	7.169729564642711439e-02	2.918132741736052804e-02	7.464819528031871321e-02
1.134940892123529466e+03	2.597885644060173305e-01	1.648058345106819533e-01	2.498506024479655863e-01	1.499109673411163357e-01	7.173414537205990982e-02	2.920535858343660529e-02	7.470452733859138383e-02
1.136392223187626087e+03	2.595747965456154938e-01	1.646597124286383329e-01	2.500040899854951704e-01	1.500003412918791135e-01	7.177093289703904977e-02	2.922936177036461469e-02	7.476076508083727423e-02
1.137843554251722708e+03	2.593613907956600628e-01	1.645138379026397091e-01	2.501573090348746531e-01	1.500895582845133414e-01	7.180765833433871981e-02	2.925333697964604268e-02	7.481690866819658281e-02
1.139294885315819101e+03	2.591483465400068464e-01	1.643682105129251336e-01	2.503102600542698730e-01	1.501786186214522367e-01	7.184432179670824370e-02	2.927728421295404740e-02	7.487295826155275502e-02
1.140746216379915950e+03	2.589356631635890138e-01	1.642228298404302955e-01	2.504629435010665151e-01	1.502675226044454804e-01	7.188092339667263853e-02	2.930120347213253235e-02	7.492891402153258051e-02
1.142197547444012343e+03	2.587233400524144855e-01	1.640776954667868825e-01	2.506153598318716647e-01	1.503562705345614925e-01	7.191746324653307265e-02	2.932509475919522005e-02	7.498477610850623476e-02
1.143648878508108737e+03	2.585113765935635466e-01	1.639328069743216376e-01	2.507675095025148071e-01	1.504448627121895976e-01	7.195394145836739308e-02	2.934895807632473264e-02	7.504054468258727906e-02
1.145100209572205586e+03	2.582997721751864595e-01	1.637881639460557481e-01	2.509193929680496038e-01	1.505332994370420785e-01	7.199035814403063893e-02	2.937279342587167941e-02	7.509621990363272992e-02
1.146551540636302207e+03	2.580885261865012992e-01	1.636437659657038191e-01	2.510710106827550581e-01	1.506215810081562856e-01	7.202671341515559655e-02	2.939660081035375475e-02	7.515180193124308683e-02
1.148002871700398828e+03	2.578776380177916216e-01	1.634996126176733733e-01	2.512223631001365698e-01	1.507097077238968574e-01	7.206300738315324361e-02	2.942038023245480485e-02	7.520729092476244326e-02
1.149454202764495449e+03	2.576671070604039104e-01	1.633557034870637970e-01	2.513734506729277118e-01	1.507976798819577191e-01	7.209924015921327645e-02	2.944413169502394650e-02	7.526268704327852832e-02
1.150905533828591842e+03	2.574569327067456892e-01	1.632120381596656455e-01	2.515242738530913402e-01	1.508854977793642194e-01	7.213541185430462355e-02	2.946785520107464765e-02	7.531799044562273449e-02
1.152356864892688463e+03	2.572471143502828572e-01	1.630686162219597835e-01	2.516748330918210375e-01	1.509731617124751568e-01	7.217152257917598679e-02	2.949155075378384616e-02	7.537320129037024252e-02
1.153808195956785084e+03	2.570376513855377465e-01	1.629254372611164958e-01	2.518251288395422782e-01	1.510606719769849449e-01	7.220757244435625777e-02	2.951521835649103392e-02	7.542831973584007699e-02
1.155259527020881706e+03	2.568285432080867903e-01	1.627825008649948502e-01	2.519751615459139837e-01	1.511480288679255268e-01	7.224356156015512842e-02	2.953885801269738251e-02	7.548334594009524501e-02
1.156710858084978327e+03	2.566197892145580806e-01	1.626398066221416139e-01	2.521249316598295764e-01	1.512352326796685131e-01	7.227949003666349348e-02	2.956246972606484461e-02	7.553828006094276404e-02
1.158162189149074720e+03	2.564113888026293142e-01	1.624973541217906159e-01	2.522744396294187008e-01	1.513222837059272075e-01	7.231535798375400559e-02	2.958605350041527970e-02	7.559312225593378676e-02
1.159613520213171569e+03	2.562033413710257390e-01	1.623551429538617752e-01	2.524236859020480561e-01	1.514091822397585219e-01	7.235116551108154714e-02	2.960960933972955900e-02	7.564787268236367046e-02
1.161064851277267962e+03	2.559956463195176557e-01	1.622131727089602682e-01	2.525726709243231172e-01	1.514959285735651140e-01	7.238691272808377153e-02	2.963313724814669800e-02	7.570253149727219910e-02
1.162516182341364356e+03	2.557883030489184750e-01	1.620714429783756960e-01	2.527213951420893001e-01	1.515825229990973300e-01	7.242259974398154720e-02	2.965663722996297880e-02	7.575709885744355554e-02
1.163967513405461204e+03	2.555813109610823863e-01	1.619299533540811964e-01	2.528698590004331281e-01	1.516689658074551750e-01	7.245822666777945731e-02	2.968010928963107919e-02	7.581157491940651583e-02
1.165418844469557826e+03	2.553746694589020816e-01	1.617887034287325831e-01	2.530180629436838968e-01	1.517552572890903118e-01	7.249379360826632701e-02	2.970355343175919496e-02	7.586595983943454635e-02
1.166870175533654447e+03	2.551683779463069790e-01	1.616476927956674858e-01	2.531660074154146733e-01	1.518413977338080034e-01	7.252930067401563985e-02	2.972696966111018635e-02	7.592025377354597038e-02
1.168321506597751068e+03	2.549624358282607806e-01	1.615069210489043783e-01	2.533136928584437397e-01	1.519273874307690841e-01	7.256474797338616223e-02	2.975035798260072112e-02	7.597445687750403742e-02
1.169772837661847461e+03	2.547568425107595291e-01	1.613663877831419124e-01	2.534611197148357586e-01	1.520132266684919020e-01	7.260013561452227648e-02	2.977371840130039679e-02	7.602856930681711756e-02
1.171224168725944082e+03	2.545515974008292215e-01	1.612260925937577249e-01	2.536082884259032166e-01	1.520989157348543175e-01	7.263546370535459151e-02	2.979705092243090797e-02	7.608259121673884018e-02
1.172675499790040703e+03	2.543466999065239209e-01	1.610860350768078264e-01	2.537551994322078119e-01	1.521844549170954797e-01	7.267073235360034522e-02	2.982035555136517899e-02	7.613652276226817728e-02
1.174126830854137097e+03	2.541421494369235923e-01	1.609462148290254913e-01	2.539018531735615092e-01	1.522698445018178248e-01	7.270594166676394576e-02	2.984363229362652428e-02	7.619036409814969324e-02
1.175578161918233945e+03	2.539379454021321592e-01	1.608066314478205638e-01	2.540482500890280937e-01	1.523550847749889914e-01	7.274109175213740175e-02	2.986688115488779841e-02	7.624411537887357260e-02
1.177029492982330339e+03	2.537340872132750613e-01	1.606672845312782649e-01	2.541943906169241707e-01	1.524401760219437352e-01	7.277618271680084960e-02	2.989010214097056334e-02	7.629777675867593922e-02
1.178480824046426733e+03	2.535305742824975339e-01	1.605281736781586366e-01	2.543402751948205531e-01	1.525251185273857335e-01	7.281121466762299765e-02	2.991329525784423501e-02	7.635134839153887021e-02
1.179932155110523581e+03	2.533274060229623870e-01	1.603892984878953210e-01	2.544859042595436494e-01	1.526099125753895558e-01	7.284618771126163961e-02	2.993646051162526453e-02	7.640483043119063178e-02
1.181383486174620202e+03	2.531245818488479515e-01	1.602506585605948386e-01	2.546312782471769065e-01	1.526945584494024122e-01	7.288110195416409864e-02	2.995959790857628813e-02	7.645822303110588747e-02
1.182834817238716823e+03	2.529221011753462478e-01	1.601122534970355338e-01	2.547763975930615876e-01	1.527790564322460964e-01	7.291595750256775477e-02	2.998270745510533269e-02	7.651152634450579526e-02
1.184286148302813444e+03	2.527199634186606536e-01	1.599740828986668251e-01	2.549212627317984370e-01	1.528634068061188456e-01	7.295075446250043338e-02	3.000578915776494146e-02	7.656474052435822963e-02
1.185737479366910065e+03	2.525181679960040726e-01	1.598361463676080951e-01	2.550658740972488459e-01	1.529476098525970884e-01	7.298549293978096042e-02	3.002884302325139337e-02	7.661786572337796197e-02
1.187188810431006686e+03	2.523167143255966582e-01	1.596984435066478025e-01	2.552102321225361847e-01	1.530316658526373885e-01	7.302017304001960640e-02	3.005186905840387043e-02	7.667090209402685486e-02
1.188640141495103080e+03	2.521156018266643151e-01	1.595609739192427046e-01	2.553543372400470246e-01	1.531155750865781373e-01	7.305479486861854443e-02	3.007486727020363196e-02	7.672384978851402859e-02
1.190091472559199701e+03	2.519148299194362006e-01	1.594237372095167193e-01	2.554981898814323582e-01	1.531993378341414414e-01	7.308935853077233591e-02	3.009783766577322009e-02	7.677670895879606938e-02
1.191542803623296322e+03	2.517143980251431157e-01	1.592867329822600930e-01	2.556417904776089878e-01	1.532829543744349265e-01	7.312386413146840236e-02	3.012078025237563753e-02	7.682947975657725137e-02
1.192994134687392716e+03	2.515143055660152283e-01	1.591499608429284285e-01	2.557851394587605798e-01	1.533664249859534867e-01	7.315831177548744180e-02	3.014369503741355649e-02	7.688216233330967542e-02
1.194445465751489564e+03	2.513145519652802418e-01	1.590134203976417415e-01	2.559282372543392747e-01	1.534497499465811432e-01	7.319270156740399769e-02	3.016658202842849648e-02	7.693475684019354666e-02
1.195896796815585958e+03	2.511151366471613966e-01	1.588771112531835727e-01	2.560710842930664644e-01	1.535329295335927102e-01	7.322703361158683366e-02	3.018944123310004016e-02	7.698726342817734103e-02
1.197348127879682352e+03	2.509160590368756938e-01	1.587410330169999884e-01	2.562136810029346234e-01	1.536159640236556267e-01	7.326130801219939148e-02	3.021227265924503191e-02	7.703968224795801345e-02
1.198799458943779200e+03	2.507173185606316745e-01	1.586051852971985809e-01	2.563560278112080315e-01	1.536988536928317051e-01	7.329552487320034615e-02	3.023507631481679031e-02	7.709201344998123373e-02
1.200250790007875821e+03	2.505189146456275884e-01	1.584695677025475813e-01	2.564981251444243826e-01	1.537815988165788794e-01	7.332968429834395285e-02	3.025785220790430316e-02	7.714425718444158087e-02
1.201702121071972442e+03	2.503208467200496168e-01	1.583341798424749425e-01	2.566399734283958955e-01	1.538641996697529546e-01	7.336378639118061595e-02	3.028060034673146078e-02	7.719641360128280672e-02
1.203153452136069063e+03	2.501231142130697083e-01	1.581990213270672574e-01	2.567815730882104241e-01	1.539466565266093268e-01	7.339783125505723593e-02	3.030332073965626496e-02	7.724848285019800254e-02
1.204604783200165684e+03	2.499257165548438020e-01	1.580640917670688983e-01	2.569229245482330115e-01	1.540289696608046766e-01	7.343181899311775063e-02	3.032601339517003794e-02	7.730046508062987654e-02
1.206056114264262078e+03	2.497286531765100237e-01	1.579293907738810732e-01	2.570640282321070558e-01	1.541111393453987455e-01	7.346574970830356544e-02	3.034867832189666256e-02	7.735236044177094816e-02
1.207507445328358699e+03	2.495319235101865485e-01	1.577949179595607709e-01	2.572048845627551983e-01	1.541931658528560012e-01	7.349962350335399741e-02	3.037131552859179476e-02	7.740416908256382567e-02
1.208958776392455093e+03	2.493355269889698522e-01	1.576606729368198179e-01	2.573454939623809334e-01	1.542750494550473306e-01	7.353344048080674711e-02	3.039392502414210717e-02	7.745589115170138650e-02
1.210410107456551941e+03	2.491394630469327964e-01	1.575266553190239893e-01	2.574858568524697189e-01	1.543567904232517607e-01	7.356720074299831491e-02	3.041650681756450508e-02	7.750752679762704100e-02
1.211861438520648335e+03	2.489437311191227686e-01	1.573928647201919828e-01	2.576259736537903633e-01	1.544383890281581240e-01	7.360090439206448676e-02	3.043906091800537700e-02	7.755907616853498221e-02
1.213312769584745183e+03	2.487483306415599338e-01	1.572593007549944188e-01	2.577658447863959146e-01	1.545198455398667514e-01	7.363455152994080599e-02	3.046158733473981750e-02	7.761053941237043563e-02
1.214764100648841804e+03	2.485532610512350693e-01	1.571259630387529527e-01	2.579054706696252697e-01	1.546011602278911101e-01	7.366814225836293417e-02	3.048408607717088825e-02	7.766191667682988131e-02
1.216215431712937971e+03	2.483585217861079553e-01	1.569928511874391919e-01	2.580448517221040627e-01	1.546823333611594686e-01	7.370167667886717844e-02	3.050655715482884084e-02	7.771320810936131751e-02
1.217666762777034819e+03	2.481641122851055425e-01	1.568599648176738082e-01	2.581839883617462195e-01	1.547633652080165900e-01	7.373515489279090784e-02	3.052900057737038472e-02	7.776441385716451049e-02
1.219118093841131440e+03	2.479700319881198989e-01	1.567273035467255937e-01	2.583228810057550118e-01	1.548442560362252585e-01	7.376857700127301132e-02	3.055141635457793090e-02	7.781553406719127208e-02
1.220569424905228061e+03	2.477762803360066546e-01	1.565948669925102954e-01	2.584615300706240570e-01	1.549250061129681388e-01	7.380194310525434176e-02	3.057380449635884248e-02	7.786656888614565397e-02
1.222020755969324682e+03	2.475828567705828653e-01	1.564626547735898932e-01	2.585999359721388724e-01	1.550056157048491368e-01	7.383525330547811849e-02	3.059616501274468534e-02	7.791751846048430852e-02
1.223472087033421303e+03	2.473897607346255412e-01	1.563306665091714065e-01	2.587380991253780960e-01	1.550860850778952582e-01	7.386850770249041298e-02	3.061849791389051334e-02	7.796838293641664142e-02
1.224923418097517697e+03	2.471969916718695370e-01	1.561989018191060896e-01	2.588760199447144306e-01	1.551664144975580251e-01	7.390170639664057906e-02	3.064080321007409818e-02	7.801916245990514476e-02
1.226374749161614318e+03	2.470045490270058319e-01	1.560673603238882934e-01	2.590136988438159760e-01	1.552466042287152792e-01	7.393484948808168311e-02	3.066308091169522854e-02	7.806985717666563296e-02
1.227826080225710712e+03	2.468124322456798081e-01	1.559360416446545217e-01	2.591511362356475057e-01	1.553266545356725703e-01	7.396793707677093432e-02	3.068533102927495371e-02	7.812046723216753419e-02
1.229277411289807560e+03	2.466206407744894469e-01	1.558049454031825987e-01	2.592883325324716881e-01	1.554065656821649044e-01	7.400096926247012874e-02	3.070755357345486547e-02	7.817099277163415405e-02
1.230728742353903954e+03	2.464291740609833581e-01	1.556740712218904199e-01	2.594252881458502524e-01	1.554863379313582983e-01	7.403394614474612112e-02	3.072974855499637989e-02	7.822143394004292538e-02
1.232180073418000802e+03	2.462380315536592534e-01	1.555434187238352584e-01	2.595620034866448766e-01	1.555659715458513337e-01	7.406686782297121352e-02	3.075191598478001220e-02	7.827179088212572744e-02
1.233631404482097196e+03	2.460472127019619759e-01	1.554129875327125154e-01	2.596984789650190195e-01	1.556454667876767117e-01	7.409973439632357162e-02	3.077405587380464824e-02	7.832206374236913571e-02
1.235082735546193817e+03	2.458567169562819177e-01	1.552827772728548883e-01	2.598347149904385867e-01	1.557248239183028626e-01	7.413254596378773820e-02	3.079616823318683666e-02	7.837225266501468557e-02
1.236534066610290438e+03	2.456665437679529940e-01	1.551527875692313985e-01	2.599707119716734294e-01	1.558040431986355279e-01	7.416530262415493846e-02	3.081825307416008117e-02	7.842235779405919149e-02
1.237985397674387059e+03	2.454766925892510887e-01	1.550230180474462538e-01	2.601064703167982883e-01	1.558831248890191756e-01	7.419800447602363513e-02	3.084031040807412236e-02	7.847237927325501072e-02
1.239436728738483680e+03	2.452871628733922782e-01	1.548934683337380158e-01	2.602419904331941258e-01	1.559620692492386940e-01	7.423065161779991705e-02	3.086234024639423340e-02	7.852231724611030694e-02
1.240888059802580301e+03	2.450979540745309715e-01	1.547641380549785450e-01	2.603772727275494026e-01	1.560408765385208896e-01	7.426324414769785998e-02	3.088434260070051923e-02	7.857217185588938335e-02
1.242339390866676695e+03	2.449090656477583006e-01	1.546350268386720295e-01	2.605123176058611323e-01	1.561195470155359588e-01	7.429578216374004007e-02	3.090631748268720877e-02	7.862194324561293246e-02
1.243790721930773088e+03	2.447204970491003440e-01	1.545061343129539855e-01	2.606471254734359921e-01	1.561980809383990143e-01	7.432826576375790861e-02	3.092826490416196797e-02	7.867163155805836916e-02
1.245242052994869937e+03	2.445322477355163504e-01	1.543774601065902308e-01	2.607816967348917658e-01	1.562764785646717225e-01	7.436069504539223607e-02	3.095018487704520246e-02	7.872123693576006664e-02
1.246693384058966330e+03	2.443443171648970735e-01	1.542490038489759685e-01	2.609160317941581764e-01	1.563547401513637192e-01	7.439307010609354232e-02	3.097207741336934633e-02	7.877075952100967560e-02
1.248144715123063179e+03	2.441567047960629677e-01	1.541207651701347603e-01	2.610501310544784404e-01	1.564328659549341083e-01	7.442539104312251297e-02	3.099394252527820290e-02	7.882019945585644338e-02
1.249596046187159800e+03	2.439694100887625783e-01	1.539927437007174993e-01	2.611839949184102116e-01	1.565108562312930163e-01	7.445765795355037409e-02	3.101578022502623003e-02	7.886955688210750548e-02
1.251047377251256421e+03	2.437824325036707651e-01	1.538649390720014942e-01	2.613176237878267472e-01	1.565887112358029798e-01	7.448987093425937789e-02	3.103759052497788787e-02	7.891883194132814916e-02
1.252498708315352815e+03	2.435957715023869818e-01	1.537373509158894425e-01	2.614510180639181836e-01	1.566664312232805556e-01	7.452203008194320522e-02	3.105937343760692415e-02	7.896802477484211880e-02
1.253950039379449436e+03	2.434094265474336660e-01	1.536099788649083753e-01	2.615841781471925365e-01	1.567440164479976805e-01	7.455413549310734023e-02	3.108112897549573234e-02	7.901713552373197669e-02
1.255401370443546057e+03	2.432233971022545183e-01	1.534828225522088252e-01	2.617171044374771438e-01	1.568214671636833368e-01	7.458618726406952837e-02	3.110285715133464385e-02	7.906616432883933898e-02
1.256852701507642678e+03	2.430376826312127259e-01	1.533558816115636603e-01	2.618497973339195539e-01	1.568987836235247180e-01	7.461818549096019271e-02	3.112455797792126888e-02	7.911511133076522262e-02
1.258304032571739299e+03	2.428522825995893253e-01	1.532291556773671959e-01	2.619822572349889134e-01	1.569759660801690326e-01	7.465013026972280863e-02	3.114623146815984067e-02	7.916397666987030901e-02
1.259755363635835920e+03	2.426671964735815645e-01	1.531026443846341678e-01	2.621144845384767996e-01	1.570530147857246428e-01	7.468202169611437569e-02	3.116787763506052855e-02	7.921276048627531874e-02
1.261206694699932314e+03	2.424824237203012101e-01	1.529763473689987607e-01	2.622464796414988863e-01	1.571299299917627568e-01	7.471385986570579230e-02	3.118949649173878916e-02	7.926146291986124748e-02
1.262658025764028707e+03	2.422979638077728815e-01	1.528502642667135814e-01	2.623782429404955541e-01	1.572067119493187060e-01	7.474564487388224432e-02	3.121108805141469683e-02	7.931008411026975458e-02
1.264109356828125556e+03	2.421138162049323306e-01	1.527243947146487424e-01	2.625097748312335000e-01	1.572833609088934992e-01	7.477737681584366303e-02	3.123265232741228789e-02	7.935862419690338510e-02
1.265560687892221949e+03	2.419299803816248873e-01	1.525987383502907524e-01	2.626410757088065706e-01	1.573598771204552105e-01	7.480905578660508592e-02	3.125418933315891878e-02	7.940708331892594452e-02
1.267012018956318798e+03	2.417464558086037385e-01	1.524732948117415998e-01	2.627721459676371496e-01	1.574362608334403391e-01	7.484068188099711472e-02	3.127569908218458955e-02	7.945546161526281792e-02
1.268463350020415419e+03	2.415632419575282352e-01	1.523480637377178926e-01	2.629029860014771014e-01	1.575125122967553637e-01	7.487225519366630389e-02	3.129718158812131584e-02	7.950375922460124756e-02
1.269914681084511813e+03	2.413803383009623382e-01	1.522230447675495535e-01	2.630335962034088815e-01	1.575886317587779639e-01	7.490377581907549376e-02	3.131863686470247321e-02	7.955197628539067978e-02
1.271366012148608434e+03	2.411977443123729525e-01	1.520982375411790988e-01	2.631639769658470351e-01	1.576646194673586854e-01	7.493524385150437950e-02	3.134006492576215525e-02	7.960011293584307035e-02
1.272817343212705055e+03	2.410154594661282346e-01	1.519736416991605554e-01	2.632941286805390302e-01	1.577404756698220500e-01	7.496665938504973314e-02	3.136146578523452133e-02	7.964816931393318977e-02
1.274268674276801676e+03	2.408334832374960655e-01	1.518492568826585454e-01	2.634240517385664226e-01	1.578162006129682216e-01	7.499802251362593097e-02	3.138283945715317907e-02	7.969614555739899797e-02
1.275720005340898297e+03	2.406518151026422747e-01	1.517250827334470642e-01	2.635537465303460225e-01	1.578917945430742265e-01	7.502933333096525881e-02	3.140418595565054594e-02	7.974404180374188023e-02
1.277171336404994690e+03	2.404704545386291692e-01	1.516011188939087595e-01	2.636832134456312260e-01	1.579672577058953975e-01	7.506059193061842549e-02	3.142550529495719003e-02	7.979185819022704962e-02
1.278622667469091539e+03	2.402894010234138955e-01	1.514773650070338762e-01	2.638124528735127372e-01	1.580425903466667614e-01	7.509179840595488209e-02	3.144679748940122643e-02	7.983959485388383848e-02
1.280073998533187932e+03	2.401086540358466359e-01	1.513538207164191463e-01	2.639414652024201779e-01	1.581177927101043434e-01	7.512295285016319657e-02	3.146806255340769271e-02	7.988725193150601755e-02
1.281525329597284326e+03	2.399282130556693038e-01	1.512304856662669283e-01	2.640702508201228094e-01	1.581928650404066106e-01	7.515405535625151179e-02	3.148930050149791743e-02	7.993482955965211523e-02
1.282976660661381175e+03	2.397480775635136840e-01	1.511073595013842086e-01	2.641988101137308642e-01	1.582678075812558316e-01	7.518510601704796181e-02	3.151051134828886796e-02	7.998232787464577831e-02
1.284427991725477568e+03	2.395682470408999343e-01	1.509844418671815458e-01	2.643271434696967126e-01	1.583426205758194094e-01	7.521610492520097724e-02	3.153169510849258145e-02	8.002974701257606349e-02
1.285879322789574417e+03	2.393887209702350305e-01	1.508617324096721557e-01	2.644552512738158057e-01	1.584173042667512410e-01	7.524705217317970152e-02	3.155285179691551950e-02	8.007708710929777041e-02
1.287330653853671038e+03	2.392094988348110740e-01	1.507392307754708560e-01	2.645831339112279523e-01	1.584918588961930497e-01	7.527794785327449056e-02	3.157398142845795758e-02	8.012434830043181633e-02
1.288781984917767431e+03	2.390305801188037926e-01	1.506169366117932062e-01	2.647107917664183740e-01	1.585662847057757729e-01	7.530879205759716255e-02	3.159508401811337436e-02	8.017153072136549985e-02
1.290233315981864052e+03	2.388519643072709031e-01	1.504948495664543695e-01	2.648382252232188705e-01	1.586405819366208392e-01	7.533958487808148363e-02	3.161615958096785500e-02	8.021863450725287559e-02
