1.001418434226643626e+03	2.810852142828951794e-01	1.793675103028861129e-01	2.345158441692291595e-01	1.409757559890328360e-01	6.806485568892717275e-02	2.687837605540545696e-02	6.911244351149276044e-02
1.002869765290740247e+03	2.808353408941678397e-01	1.791967130982930201e-01	2.346960906580904116e-01	1.410809950382751476e-01	6.810782440314037955e-02	2.690493390930644504e-02	6.917810199859540654e-02
1.004321096354836754e+03	2.805858913197870619e-01	1.790262051379722108e-01	2.348760229917089548e-01	1.411860461468018302e-01	6.815071956869789283e-02	2.693146447611188821e-02	6.924365035878873864e-02
1.005772427418933376e+03	2.803368648311936884e-01	1.788559859366902483e-01	2.350556417062665826e-01	1.412909096903636197e-01	6.819354132229682453e-02	2.695796773752787492e-02	6.930908877552972858e-02
1.007223758483029997e+03	2.800882607012391001e-01	1.786860550099039491e-01	2.352349473370248800e-01	1.413955860437564327e-01	6.823628980035026381e-02	2.698444367552997603e-02	6.937441743206390621e-02
1.008675089547126618e+03	2.798400782041796653e-01	1.785164118737619654e-01	2.354139404183271667e-01	1.415000755808256405e-01	6.827896513898805420e-02	2.701089227236203386e-02	6.943963651142399940e-02
1.010126420611223239e+03	2.795923166156708550e-01	1.783470560451063669e-01	2.355926214836000232e-01	1.416043786744701216e-01	6.832156747405744579e-02	2.703731351053493062e-02	6.950474619642875440e-02
1.011577751675319632e+03	2.793449752127618591e-01	1.781779870414743339e-01	2.357709910653551233e-01	1.417084956966463971e-01	6.836409694112384472e-02	2.706370737282537062e-02	6.956974666968160359e-02
1.013029082739416367e+03	2.790980532738898123e-01	1.780092043810995450e-01	2.359490496951909544e-01	1.418124270183726277e-01	6.840655367547147925e-02	2.709007384227466245e-02	6.963463811356948585e-02
1.014480413803512761e+03	2.788515500788747992e-01	1.778407075829134820e-01	2.361267979037944276e-01	1.419161730097326102e-01	6.844893781210417694e-02	2.711641290218750472e-02	6.969942071026162533e-02
1.015931744867609382e+03	2.786054649089139690e-01	1.776724961665470115e-01	2.363042362209426817e-01	1.420197340398797747e-01	6.849124948574597527e-02	2.714272453613077174e-02	6.976409464170842123e-02
1.017383075931706003e+03	2.783597970465766513e-01	1.775045696523316063e-01	2.364813651755047486e-01	1.421231104770411535e-01	6.853348883084188492e-02	2.716900872793231309e-02	6.982866008964024040e-02
1.018834406995802851e+03	2.781145457757989159e-01	1.773369275613005391e-01	2.366581852954432463e-01	1.422263026885213222e-01	6.857565598155855591e-02	2.719526546167973236e-02	6.989311723556632105e-02
1.020285738059899245e+03	2.778697103818785208e-01	1.771695694151901312e-01	2.368346971078160446e-01	1.423293110407060913e-01	6.861775107178495758e-02	2.722149472171919715e-02	6.995746626077369024e-02
1.021737069123995752e+03	2.776252901514696392e-01	1.770024947364409740e-01	2.370109011387779852e-01	1.424321358990666420e-01	6.865977423513312805e-02	2.724769649265423518e-02	7.002170734632608140e-02
1.023188400188092373e+03	2.773812843725780297e-01	1.768357030481989556e-01	2.371867979135824644e-01	1.425347776281630230e-01	6.870172560493879865e-02	2.727387075934453384e-02	7.008584067306286580e-02
1.024639731252188767e+03	2.771376923345559296e-01	1.766691938743163715e-01	2.373623879565832095e-01	1.426372365916482310e-01	6.874360531426211562e-02	2.730001750690475362e-02	7.014986642159806718e-02
1.026091062316285615e+03	2.768945133280971693e-01	1.765029667393528401e-01	2.375376717912359159e-01	1.427395131522717908e-01	6.878541349588830622e-02	2.732613672070332775e-02	7.021378477231932091e-02
1.027542393380382237e+03	2.766517466452324547e-01	1.763370211685764688e-01	2.377126499400998849e-01	1.428416076718833638e-01	6.882715028232834487e-02	2.735222838636128598e-02	7.027759590538691647e-02
1.028993724444478858e+03	2.764093915793242595e-01	1.761713566879644643e-01	2.378873229248397170e-01	1.429435205114367724e-01	6.886881580581968865e-02	2.737829248975105767e-02	7.034130000073282596e-02
1.030445055508575479e+03	2.761674474250624400e-01	1.760059728242042987e-01	2.380616912662268381e-01	1.430452520309933029e-01	6.891041019832688796e-02	2.740432901699529911e-02	7.040489723805976041e-02
1.031896386572671872e+03	2.759259134784593503e-01	1.758408691046944028e-01	2.382357554841412206e-01	1.431468025897255913e-01	6.895193359154229429e-02	2.743033795446570694e-02	7.046838779684026777e-02
1.033347717636768493e+03	2.756847890368451792e-01	1.756760450575449717e-01	2.384095160975731043e-01	1.432481725459210653e-01	6.899338611688674017e-02	2.745631928878184899e-02	7.053177185631585855e-02
1.034799048700865114e+03	2.754440733988636758e-01	1.755115002115786860e-01	2.385829736246245503e-01	1.433493622569856074e-01	6.903476790551017761e-02	2.748227300680999505e-02	7.059504959549607606e-02
1.036250379764961508e+03	2.752037658644673201e-01	1.753472340963314613e-01	2.387561285825109958e-01	1.434503720794470805e-01	6.907607908829233034e-02	2.750819909566193031e-02	7.065822119315767758e-02
1.037701710829058356e+03	2.749638657349129378e-01	1.751832462420530589e-01	2.389289814875630025e-01	1.435512023689587413e-01	6.911731979584344321e-02	2.753409754269380699e-02	7.072128682784377396e-02
1.039153041893154750e+03	2.747243723127574810e-01	1.750195361797077520e-01	2.391015328552278385e-01	1.436518534803028491e-01	6.915849015850485115e-02	2.755996833550498210e-02	7.078424667786305247e-02
1.040604372957251599e+03	2.744852849018533103e-01	1.748561034409748804e-01	2.392737832000709775e-01	1.437523257673941068e-01	6.919959030634968700e-02	2.758581146193684469e-02	7.084710092128895798e-02
1.042055704021347992e+03	2.742466028073443085e-01	1.746929475582494340e-01	2.394457330357778746e-01	1.438526195832830756e-01	6.924062036918350593e-02	2.761162691007166409e-02	7.090984973595891583e-02
1.043507035085444613e+03	2.740083253356612736e-01	1.745300680646424962e-01	2.396173828751554380e-01	1.439527352801595328e-01	6.928158047654499330e-02	2.763741466823144838e-02	7.097249329947358243e-02
1.044958366149541234e+03	2.737704517945178107e-01	1.743674644939817997e-01	2.397887332301337493e-01	1.440526732093558859e-01	6.932247075770657518e-02	2.766317472497677177e-02	7.103503178919610972e-02
1.046409697213637855e+03	2.735329814929063352e-01	1.742051363808121145e-01	2.399597846117675348e-01	1.441524337213505313e-01	6.936329134167507071e-02	2.768890706910565394e-02	7.109746538225139578e-02
1.047861028277734476e+03	2.732959137410938544e-01	1.740430832603956923e-01	2.401305375302378309e-01	1.442520171657711847e-01	6.940404235719235815e-02	2.771461168965239780e-02	7.115979425552540483e-02
1.049312359341831097e+03	2.730592478506175813e-01	1.738813046687125441e-01	2.403009924948535103e-01	1.443514238913981840e-01	6.944472393273601329e-02	2.774028857588645494e-02	7.122201858566448718e-02
1.050763690405927491e+03	2.728229831342813272e-01	1.737198001424609117e-01	2.404711500140529201e-01	1.444506542461677090e-01	6.948533619651992010e-02	2.776593771731129118e-02	7.128413854907469926e-02
1.052215021470024112e+03	2.725871189061514488e-01	1.735585692190574347e-01	2.406410105954054079e-01	1.445497085771750845e-01	6.952587927649495070e-02	2.779155910366324506e-02	7.134615432192116524e-02
1.053666352534120733e+03	2.723516544815527962e-01	1.733976114366375665e-01	2.408105747456129597e-01	1.446485872306779996e-01	6.956635330034964537e-02	2.781715272491041419e-02	7.140806608012741086e-02
1.055117683598217127e+03	2.721165891770647161e-01	1.732369263340556853e-01	2.409798429705116429e-01	1.447472905520997000e-01	6.960675839551075383e-02	2.784271857125150337e-02	7.146987399937479446e-02
1.056569014662313975e+03	2.718819223105174987e-01	1.730765134508853442e-01	2.411488157750732997e-01	1.448458188860321239e-01	6.964709468914392909e-02	2.786825663311473175e-02	7.153157825510189638e-02
1.058020345726410369e+03	2.716476532009882705e-01	1.729163723274195485e-01	2.413174936634070178e-01	1.449441725762391497e-01	6.968736230815436583e-02	2.789376690115668786e-02	7.159317902250386667e-02
1.059471676790506763e+03	2.714137811687972190e-01	1.727565025046707559e-01	2.414858771387607128e-01	1.450423519656596494e-01	6.972756137918739716e-02	2.791924936626122289e-02	7.165467647653193939e-02
1.060923007854603611e+03	2.711803055355040959e-01	1.725969035243710703e-01	2.416539667035227379e-01	1.451403573964106519e-01	6.976769202862916075e-02	2.794470401953833352e-02	7.171607079189286360e-02
1.062374338918700232e+03	2.709472256239044419e-01	1.724375749289723814e-01	2.418217628592232715e-01	1.452381892097902860e-01	6.980775438260720944e-02	2.797013085232305518e-02	7.177736214304832052e-02
1.063825669982796853e+03	2.707145407580256458e-01	1.722785162616463361e-01	2.419892661065360107e-01	1.453358477462809994e-01	6.984774856699109413e-02	2.799552985617435180e-02	7.183855070421443778e-02
1.065277001046893474e+03	2.704822502631237802e-01	1.721197270662845336e-01	2.421564769452796140e-01	1.454333333455525290e-01	6.988767470739307153e-02	2.802090102287401949e-02	7.189963664936131760e-02
1.066728332110990095e+03	2.702503534656794937e-01	1.719612068874983857e-01	2.423233958744192840e-01	1.455306463464650091e-01	6.992753292916865926e-02	2.804624434442557629e-02	7.196062015221245389e-02
1.068179663175086489e+03	2.700188496933949023e-01	1.718029552706191176e-01	2.424900233920682657e-01	1.456277870870717750e-01	6.996732335741730202e-02	2.807155981305318321e-02	7.202150138624432985e-02
1.069630994239183110e+03	2.697877382751898701e-01	1.716449717616978787e-01	2.426563599954893458e-01	1.457247559046224439e-01	7.000704611698292668e-02	2.809684742120052009e-02	7.208228052468593217e-02
1.071082325303279504e+03	2.695570185411984010e-01	1.714872559075054925e-01	2.428224061810964618e-01	1.458215531355658845e-01	7.004670133245460839e-02	2.812210716152973439e-02	7.214295774051827925e-02
1.072533656367376352e+03	2.693266898227654194e-01	1.713298072555325680e-01	2.429881624444562016e-01	1.459181791155531593e-01	7.008628912816716738e-02	2.814733902692031706e-02	7.220353320647399098e-02
1.073984987431472746e+03	2.690967514524432724e-01	1.711726253539891940e-01	2.431536292802891630e-01	1.460146341794403835e-01	7.012580962820177954e-02	2.817254301046805826e-02	7.226400709503691400e-02
1.075436318495569594e+03	2.688672027639883444e-01	1.710157097518049951e-01	2.433188071824716470e-01	1.461109186612915556e-01	7.016526295638660093e-02	2.819771910548393365e-02	7.232437957844166376e-02
1.076887649559666215e+03	2.686380430923576701e-01	1.708590599986288816e-01	2.434836966440370454e-01	1.462070328943816111e-01	7.020464923629732290e-02	2.822286730549304623e-02	7.238465082867322209e-02
1.078338980623762609e+03	2.684092717737054379e-01	1.707026756448288551e-01	2.436482981571773954e-01	1.463029772111990312e-01	7.024396859125783821e-02	2.824798760423354732e-02	7.244482101746661795e-02
1.079790311687859230e+03	2.681808881453802695e-01	1.705465562414918701e-01	2.438126122132448781e-01	1.463987519434488682e-01	7.028322114434083778e-02	2.827307999565558186e-02	7.250489031630645564e-02
1.081241642751955851e+03	2.679528915459211680e-01	1.703907013404235837e-01	2.439766393027532898e-01	1.464943574220555211e-01	7.032240701836835195e-02	2.829814447392020246e-02	7.256485889642666498e-02
1.082692973816052472e+03	2.677252813150549637e-01	1.702351104941481896e-01	2.441403799153795129e-01	1.465897939771653447e-01	7.036152633591244432e-02	2.832318103339831819e-02	7.262472692881007108e-02
1.084144304880149093e+03	2.674980567936925957e-01	1.700797832559080014e-01	2.443038345399650701e-01	1.466850619381496468e-01	7.040057921929568363e-02	2.834818966866962942e-02	7.268449458418813069e-02
1.085595635944245487e+03	2.672712173239264466e-01	1.699247191796634249e-01	2.444670036645175126e-01	1.467801616336073256e-01	7.043956579059187928e-02	2.837317037452158699e-02	7.274416203304057138e-02
1.087046967008342108e+03	2.670447622490266792e-01	1.697699178200924586e-01	2.446298877762119461e-01	1.468750933913676171e-01	7.047848617162656704e-02	2.839812314594832368e-02	7.280372944559510007e-02
1.088498298072438729e+03	2.668186909134386275e-01	1.696153787325904161e-01	2.447924873613925301e-01	1.469698575384927874e-01	7.051734048397768906e-02	2.842304797814961329e-02	7.286319699182706999e-02
1.089949629136535123e+03	2.665930026627791327e-01	1.694611014732696208e-01	2.449548029055738929e-01	1.470644544012808808e-01	7.055612884897609349e-02	2.844794486652982984e-02	7.292256484145924478e-02
1.091400960200631971e+03	2.663676968438339898e-01	1.693070855989591283e-01	2.451168348934426311e-01	1.471588843052683282e-01	7.059485138770617285e-02	2.847281380669689638e-02	7.298183316396149312e-02
1.092852291264728365e+03	2.661427728045546726e-01	1.691533306672043102e-01	2.452785838088587800e-01	1.472531475752326402e-01	7.063350822100643300e-02	2.849765479446125446e-02	7.304100212855053897e-02
1.094303622328825213e+03	2.659182298940552247e-01	1.689998362362663265e-01	2.454400501348572572e-01	1.473472445351950710e-01	7.067209946947013155e-02	2.852246782583483381e-02	7.310007190418971179e-02
1.095754953392921607e+03	2.656940674626095955e-01	1.688466018651219591e-01	2.456012343536493059e-01	1.474411755084231723e-01	7.071062525344577743e-02	2.854725289703000449e-02	7.315904265958868280e-02
1.097206284457018228e+03	2.654702848616484201e-01	1.686936271134630572e-01	2.457621369466239380e-01	1.475349408174334853e-01	7.074908569303775541e-02	2.857201000445857425e-02	7.321791456320328462e-02
1.098657615521114849e+03	2.652468814437559108e-01	1.685409115416961201e-01	2.459227583943494888e-01	1.476285407839940389e-01	7.078748090810692284e-02	2.859673914473074424e-02	7.327668778323521981e-02
1.100108946585211470e+03	2.650238565626675258e-01	1.683884547109419649e-01	2.460830991765748932e-01	1.477219757291269586e-01	7.082581101827113701e-02	2.862144031465409244e-02	7.333536248763192211e-02
1.101560277649308091e+03	2.648012095732664162e-01	1.682362561830350600e-01	2.462431597722312682e-01	1.478152459731110202e-01	7.086407614290589352e-02	2.864611351123256058e-02	7.339393884408630664e-02
1.103011608713404712e+03	2.645789398315809837e-01	1.680843155205231643e-01	2.464029406594332727e-01	1.479083518354842586e-01	7.090227640114482588e-02	2.867075873166544456e-02	7.345241702003660333e-02
1.104462939777501106e+03	2.643570466947819386e-01	1.679326322866668553e-01	2.465624423154805511e-01	1.480012936350463271e-01	7.094041191188034390e-02	2.869537597334638132e-02	7.351079718266616270e-02
1.105914270841597499e+03	2.641355295211793575e-01	1.677812060454389742e-01	2.467216652168592317e-01	1.480940716898611620e-01	7.097848279376416103e-02	2.871996523386232888e-02	7.356907949890333087e-02
1.107365601905694348e+03	2.639143876702200742e-01	1.676300363615242095e-01	2.468806098392432868e-01	1.481866863172593418e-01	7.101648916520789112e-02	2.874452651099258446e-02	7.362726413542119985e-02
1.108816932969790741e+03	2.636936205024846824e-01	1.674791228003183197e-01	2.470392766574959487e-01	1.482791378338406407e-01	7.105443114438360352e-02	2.876905980270778179e-02	7.368535125863755197e-02
1.110268264033887590e+03	2.634732273796850377e-01	1.673284649279278835e-01	2.471976661456712354e-01	1.483714265554764988e-01	7.109230884922439209e-02	2.879356510716887460e-02	7.374334103471465174e-02
1.111719595097984211e+03	2.632532076646612040e-01	1.671780623111695230e-01	2.473557787770152006e-01	1.484635527973123814e-01	7.113012239742490250e-02	2.881804242272616862e-02	7.380123362955914867e-02
1.113170926162080832e+03	2.630335607213790117e-01	1.670279145175694313e-01	2.475136150239675148e-01	1.485555168737702769e-01	7.116787190644195682e-02	2.884249174791831544e-02	7.385902920882195244e-02
1.114622257226177226e+03	2.628142859149272259e-01	1.668780211153627901e-01	2.476711753581627984e-01	1.486473190985510284e-01	7.120555749349508079e-02	2.886691308147134108e-02	7.391672793789809404e-02
1.116073588290273847e+03	2.625953826115149381e-01	1.667283816734931312e-01	2.478284602504320366e-01	1.487389597846368317e-01	7.124317927556705898e-02	2.889130642229765025e-02	7.397432998192665643e-02
1.117524919354370468e+03	2.623768501784687346e-01	1.665789957616117534e-01	2.479854701708039677e-01	1.488304392442935942e-01	7.128073736940448990e-02	2.891567176949506532e-02	7.403183550579063577e-02
1.118976250418467089e+03	2.621586879842304207e-01	1.664298629500771398e-01	2.481422055885065536e-01	1.489217577890731559e-01	7.131823189151835496e-02	2.894000912234582362e-02	7.408924467411685810e-02
1.120427581482563710e+03	2.619408953983539123e-01	1.662809828099541531e-01	2.482986669719682571e-01	1.490129157298158424e-01	7.135566295818457361e-02	2.896431848031563380e-02	7.414655765127592391e-02
1.121878912546660331e+03	2.617234717915029596e-01	1.661323549130136468e-01	2.484548547888196235e-01	1.491039133766526581e-01	7.139303068544450293e-02	2.898859984305269394e-02	7.420377460138215253e-02
1.123330243610756725e+03	2.615064165354486492e-01	1.659839788317316600e-01	2.486107695058945022e-01	1.491947510390077003e-01	7.143033518910560375e-02	2.901285321038672704e-02	7.426089568829342957e-02
1.124781574674853118e+03	2.612897290030664621e-01	1.658358541392887520e-01	2.487664115892315175e-01	1.492854290256004079e-01	7.146757658474184316e-02	2.903707858232802350e-02	7.431792107561122074e-02
1.126232905738949967e+03	2.610734085683341088e-01	1.656879804095693631e-01	2.489217815040754012e-01	1.493759476444478929e-01	7.150475498769437444e-02	2.906127595906648001e-02	7.437485092668054409e-02
1.127684236803046360e+03	2.608574546063287536e-01	1.655403572171612325e-01	2.490768797148784630e-01	1.494663072028671880e-01	7.154187051307198120e-02	2.908544534097064552e-02	7.443168540458987292e-02
1.129135567867143209e+03	2.606418664932246276e-01	1.653929841373545373e-01	2.492317066853019236e-01	1.495565080074775233e-01	7.157892327575167413e-02	2.910958672858677751e-02	7.448842467217110797e-02
1.130586898931239830e+03	2.604266436062903645e-01	1.652458607461412265e-01	2.493862628782173574e-01	1.496465503642025741e-01	7.161591339037921833e-02	2.913370012263788444e-02	7.454506889199956354e-02
1.132038229995336451e+03	2.602117853238868350e-01	1.650989866202143275e-01	2.495405487557079138e-01	1.497364345782727368e-01	7.165284097136966068e-02	2.915778552402278206e-02	7.460161822639396756e-02
1.133489561059432845e+03	2.599972910254643166e-01	1.649523613369673347e-01	2.496945647790697609e-01	1.498261609542272943e-01	7.168970613290794047e-02	2.918184293381516359e-02	7.465807283741641986e-02
1.134940892123529466e+03	2.597831600915603834e-01	1.648059844744932945e-01	2.498483114088136114e-01	1.499157297959166635e-01	7.172650898894931959e-02	2.920587235326265255e-02	7.471443288687239226e-02
1.136392223187626087e+03	2.595693919037971309e-01	1.646598556115842493e-01	2.500017891046658058e-01	1.500051414065045885e-01	7.176324965321996541e-02	2.922987378378586951e-02	7.477069853631074237e-02
1.137843554251722708e+03	2.593559858448789557e-01	1.645139743277302946e-01	2.501549983255699217e-01	1.500943960884703887e-01	7.179992823921751977e-02	2.925384722697750919e-02	7.482686994702368588e-02
1.139294885315819101e+03	2.591429412985902792e-01	1.643683402031190788e-01	2.503079395296880505e-01	1.501834941436109572e-01	7.183654486021158470e-02	2.927779268460141068e-02	7.488294728004689371e-02
1.140746216379915950e+03	2.589302576497928832e-01	1.642229528186347487e-01	2.504606131744021580e-01	1.502724358730431475e-01	7.187309962924426365e-02	2.930171015859163106e-02	7.493893069615940872e-02
1.142197547444012343e+03	2.587179342844237451e-01	1.640778117558574223e-01	2.506130197163152773e-01	1.503612215772057725e-01	7.190959265913068887e-02	2.932559965105152600e-02	7.499482035588374285e-02
1.143648878508108737e+03	2.585059705894924842e-01	1.639329165970623281e-01	2.507651596112532855e-01	1.504498515558617688e-01	7.194602406245960424e-02	2.934946116425283386e-02	7.505061641948591877e-02
1.145100209572205586e+03	2.582943659530791969e-01	1.637882669252189172e-01	2.509170333142657361e-01	1.505383261081003621e-01	7.198239395159376774e-02	2.937329470063476319e-02	7.510631904697542827e-02
1.146551540636302207e+03	2.580831197643320696e-01	1.636438623239902523e-01	2.510686412796275246e-01	1.506266455323391484e-01	7.201870243867063148e-02	2.939710026280308378e-02	7.516192839810537096e-02
1.148002871700398828e+03	2.578722314134650473e-01	1.634997023777320924e-01	2.512199839608402763e-01	1.507148101263261764e-01	7.205494963560271637e-02	2.942087785352922105e-02	7.521744463237248213e-02
1.149454202764495449e+03	2.576617002917556132e-01	1.633557866714921702e-01	2.513710618106334005e-01	1.508028201871420559e-01	7.209113565407823665e-02	2.944462747574935410e-02	7.527286790901717428e-02
1.150905533828591842e+03	2.574515257915423461e-01	1.632121147910092218e-01	2.515218752809656455e-01	1.508906760112020684e-01	7.212726060556161334e-02	2.946834913256351010e-02	7.532819838702359272e-02
1.152356864892688463e+03	2.572417073062226445e-01	1.630686863227123751e-01	2.516724248230264305e-01	1.509783778942581645e-01	7.216332460129391835e-02	2.949204282723466922e-02	7.538343622511969877e-02
1.153808195956785084e+03	2.570322442302506727e-01	1.629255008537202343e-01	2.518227108872371778e-01	1.510659261314011015e-01	7.219932775229347122e-02	2.951570856318788336e-02	7.543858158177736695e-02
1.155259527020881706e+03	2.568231359591349183e-01	1.627825579718400195e-01	2.519727339232525343e-01	1.511533210170623587e-01	7.223527016935631095e-02	2.953934634400937759e-02	7.549363461521244045e-02
1.156710858084978327e+03	2.566143818894359718e-01	1.626398572655667341e-01	2.521224943799617035e-01	1.512405628450163020e-01	7.227115196305670952e-02	2.956295617344565502e-02	7.554859548338485609e-02
1.158162189149074720e+03	2.564059814187644726e-01	1.624973983240823316e-01	2.522719927054900002e-01	1.513276519083821547e-01	7.230697324374774082e-02	2.958653805540263637e-02	7.560346434399863036e-02
1.159613520213171569e+03	2.561979339457785554e-01	1.623551807372549394e-01	2.524212293471999047e-01	1.514145884996259961e-01	7.234273412156172478e-02	2.961009199394476141e-02	7.565824135450213705e-02
1.161064851277267962e+03	2.559902388701819631e-01	1.622132040956379140e-01	2.525702047516924509e-01	1.515013729105626761e-01	7.237843470641074084e-02	2.963361799329412502e-02	7.571292667208805172e-02
1.162516182341364356e+03	2.557828955927218817e-01	1.620714679904690647e-01	2.527189193648086141e-01	1.515880054323580362e-01	7.241407510798719693e-02	2.965711605782959254e-02	7.576752045369350430e-02
1.163967513405461204e+03	2.555759035151864422e-01	1.619299720136697096e-01	2.528673736316306986e-01	1.516744863555306300e-01	7.244965543576427358e-02	2.968058619208594970e-02	7.582202285600021796e-02
1.165418844469557826e+03	2.553692620404027225e-01	1.617887157578437873e-01	2.530155679964834481e-01	1.517608159699538051e-01	7.248517579899646512e-02	2.970402840075301795e-02	7.587643403543464782e-02
1.166870175533654447e+03	2.551629705722348596e-01	1.616476988162771078e-01	2.531635029029353778e-01	1.518469945648576735e-01	7.252063630672006544e-02	2.972744268867480444e-02	7.593075414816802260e-02
1.168321506597751068e+03	2.549570285155813854e-01	1.615069207829364362e-01	2.533111787938002735e-01	1.519330224288310272e-01	7.255603706775369532e-02	2.975082906084863463e-02	7.598498335011658056e-02
1.169772837661847461e+03	2.547514352763733392e-01	1.613663812524684937e-01	2.534585961111382457e-01	1.520188998498232802e-01	7.259137819069876041e-02	2.977418752242430230e-02	7.603912179694156948e-02
1.171224168725944082e+03	2.545461902615723804e-01	1.612260798201992362e-01	2.536057552962573403e-01	1.521046271151463569e-01	7.262665978393999244e-02	2.979751807870320915e-02	7.609316964404951034e-02
1.172675499790040703e+03	2.543412928791683458e-01	1.610860160821327991e-01	2.537526567897143703e-01	1.521902045114766899e-01	7.266188195564592112e-02	2.982082073513752860e-02	7.614712704659226672e-02
1.174126830854137097e+03	2.541367425381772516e-01	1.609461896349507759e-01	2.538993010313169152e-01	1.522756323248570243e-01	7.269704481376941529e-02	2.984409549732934888e-02	7.620099415946719745e-02
1.175578161918233945e+03	2.539325386486392944e-01	1.608066000760111913e-01	2.540456884601238197e-01	1.523609108406983603e-01	7.273214846604809936e-02	2.986734237102984038e-02	7.625477113731733703e-02
1.177029492982330339e+03	2.537286806216165203e-01	1.606672470033476408e-01	2.541918195144470261e-01	1.524460403437818690e-01	7.276719302000493605e-02	2.989056136213839865e-02	7.630845813453153437e-02
1.178480824046426733e+03	2.535251678691911592e-01	1.605281300156684021e-01	2.543376946318526288e-01	1.525310211182606956e-01	7.280217858294864286e-02	2.991375247670182910e-02	7.636205530524461937e-02
1.179932155110523581e+03	2.533219998044630716e-01	1.603892487123554089e-01	2.544833142491623179e-01	1.526158534476618756e-01	7.283710526197423318e-02	2.993691572091350742e-02	7.641556280333754170e-02
1.181383486174620202e+03	2.531191758415480830e-01	1.602506026934635563e-01	2.546286788024544889e-01	1.527005376148881655e-01	7.287197316396350211e-02	2.996005110111253991e-02	7.646898078243757890e-02
1.182834817238716823e+03	2.529166953955758190e-01	1.601121915597195910e-01	2.547737887270656865e-01	1.527850739022199034e-01	7.290678239558548435e-02	2.998315862378294824e-02	7.652230939591846137e-02
1.184286148302813444e+03	2.527145578826874850e-01	1.599740149125212507e-01	2.549186444575917698e-01	1.528694625913168403e-01	7.294153306329696773e-02	3.000623829555285060e-02	7.657554879690058047e-02
1.185737479366910065e+03	2.525127627200343117e-01	1.598360723539364314e-01	2.550632464278892453e-01	1.529537039632199724e-01	7.297622527334299281e-02	3.002929012319362906e-02	7.662869913825116897e-02
1.187188810431006686e+03	2.523113093257750017e-01	1.596983634867020496e-01	2.552075950710764318e-01	1.530377982983533169e-01	7.301085913175729691e-02	3.005231411361911770e-02	7.668176057258445366e-02
1.188640141495103080e+03	2.521101971190740088e-01	1.595608879142233205e-01	2.553516908195350155e-01	1.531217458765257999e-01	7.304543474436284156e-02	3.007531027388479772e-02	7.673473325226187747e-02
1.190091472559199701e+03	2.519094255200995947e-01	1.594236452405727034e-01	2.554955341049108819e-01	1.532055469769329492e-01	7.307995221677222875e-02	3.009827861118697170e-02	7.678761732939229367e-02
1.191542803623296322e+03	2.517089939500216089e-01	1.592866350704890133e-01	2.556391253581158374e-01	1.532892018781587817e-01	7.311441165438826995e-02	3.012121913286197605e-02	7.684041295583211861e-02
1.192994134687392716e+03	2.515089018310096569e-01	1.591498570093764775e-01	2.557824650093284968e-01	1.533727108581775522e-01	7.314881316240440245e-02	3.014413184638536219e-02	7.689312028318555370e-02
1.194445465751489564e+03	2.513091485862312680e-01	1.590133106633037641e-01	2.559255534879958383e-01	1.534560741943555295e-01	7.318315684580516123e-02	3.016701675937110208e-02	7.694573946280479360e-02
1.195896796815585958e+03	2.511097336398496194e-01	1.588769956390030935e-01	2.560683912228342018e-01	1.535392921634527452e-01	7.321744280936672011e-02	3.018987387957079369e-02	7.699827064579023439e-02
1.197348127879682352e+03	2.509106564170217601e-01	1.587409115438692120e-01	2.562109786418308444e-01	1.536223650416246866e-01	7.325167115765730819e-02	3.021270321487285609e-02	7.705071398299068175e-02
1.198799458943779200e+03	2.507119163438967235e-01	1.586050579859585863e-01	2.563533161722448828e-01	1.537052931044242399e-01	7.328584199503770935e-02	3.023550477330175582e-02	7.710306962500351746e-02
1.200250790007875821e+03	2.505135128476134176e-01	1.584694345739881827e-01	2.564954042406086820e-01	1.537880766268031607e-01	7.331995542566169255e-02	3.025827856301720534e-02	7.715533772217499087e-02
1.201702121071972442e+03	2.503154453562989046e-01	1.583340409173348284e-01	2.566372432727292430e-01	1.538707158831140176e-01	7.335401155347656688e-02	3.028102459231338944e-02	7.720751842460035763e-02
1.203153452136069063e+03	2.501177132990661800e-01	1.581988766260340740e-01	2.567788336936892013e-01	1.539532111471118847e-01	7.338801048222359791e-02	3.030374286961816724e-02	7.725961188212419894e-02
1.204604783200165684e+03	2.499203161060126188e-01	1.580639413107792213e-01	2.569201759278482711e-01	1.540355626919559240e-01	7.342195231543845180e-02	3.032643340349231581e-02	7.731161824434053254e-02
1.206056114264262078e+03	2.497232532082177825e-01	1.579292345829204636e-01	2.570612703988442993e-01	1.541177707902111893e-01	7.345583715645169487e-02	3.034909620262874266e-02	7.736353766059311798e-02
1.207507445328358699e+03	2.495265240377416982e-01	1.577947560544638861e-01	2.572021175295947093e-01	1.541998357138503195e-01	7.348966510838927935e-02	3.037173127585171203e-02	7.741537027997565101e-02
1.208958776392455093e+03	2.493301280276228327e-01	1.576605053380704669e-01	2.573427177422976109e-01	1.542817577342552315e-01	7.352343627417297356e-02	3.039433863211607814e-02	7.746711625133202717e-02
1.210410107456551941e+03	2.491340646118762880e-01	1.575264820470551053e-01	2.574830714584331326e-01	1.543635371222187580e-01	7.355715075652086155e-02	3.041691828050652538e-02	7.751877572325654997e-02
1.211861438520648335e+03	2.489383332254919146e-01	1.573926857953857339e-01	2.576231790987645320e-01	1.544451741479463680e-01	7.359080865794774551e-02	3.043947023023680504e-02	7.757034884409418074e-02
1.213312769584745183e+03	2.487429333044324231e-01	1.572591161976822915e-01	2.577630410833393060e-01	1.545266690810578047e-01	7.362441008076567317e-02	3.046199449064897202e-02	7.762183576194080226e-02
1.214764100648841804e+03	2.485478642856315534e-01	1.571257728692157241e-01	2.579026578314908558e-01	1.546080221905887231e-01	7.365795512708436799e-02	3.048449107121262158e-02	7.767323662464341305e-02
1.216215431712937971e+03	2.483531256069922144e-01	1.569926554259070406e-01	2.580420297618394310e-01	1.546892337449923827e-01	7.369144389881167323e-02	3.050695998152415031e-02	7.772455157980041884e-02
1.217666762777034819e+03	2.481587167073845412e-01	1.568597634843263700e-01	2.581811572922931841e-01	1.547703040121412577e-01	7.372487649765403772e-02	3.052940123130599981e-02	7.777578077476186846e-02
1.219118093841131440e+03	2.479646370266442024e-01	1.567270966616920169e-01	2.583200408400497805e-01	1.548512332593286744e-01	7.375825302511694603e-02	3.055181483040591076e-02	7.782692435662970365e-02
1.220569424905228061e+03	2.477708860055704287e-01	1.565946545758693798e-01	2.584586808215973419e-01	1.549320217532705324e-01	7.379157358250539034e-02	3.057420078879618044e-02	7.787798247225799497e-02
1.222020755969324682e+03	2.475774630859243486e-01	1.564624368453700065e-01	2.585970776527157233e-01	1.550126697601066916e-01	7.382483827092432838e-02	3.059655911657290991e-02	7.792895526825321939e-02
1.223472087033421303e+03	2.473843677104269334e-01	1.563304430893506791e-01	2.587352317484778452e-01	1.550931775454028327e-01	7.385804719127911366e-02	3.061888982395528577e-02	7.797984289097456556e-02
1.224923418097517697e+03	2.471915993227574160e-01	1.561986729276123309e-01	2.588731435232506373e-01	1.551735453741519000e-01	7.389120044427596734e-02	3.064119292128483080e-02	7.803064548653411425e-02
1.226374749161614318e+03	2.469991573675513197e-01	1.560671259805992139e-01	2.590108133906965926e-01	1.552537735107758221e-01	7.392429813042243614e-02	3.066346841902467882e-02	7.808136320079712978e-02
1.227826080225710712e+03	2.468070412903987654e-01	1.559358018693977332e-01	2.591482417637747671e-01	1.553338622191269836e-01	7.395734035002779483e-02	3.068571632775884267e-02	7.813199617938235142e-02
1.229277411289807560e+03	2.466152505378425286e-01	1.558047002157356697e-01	2.592854290547418894e-01	1.554138117624898618e-01	7.399032720320355971e-02	3.070793665819148907e-02	7.818254456766224325e-02
1.230728742353903954e+03	2.464237845573765129e-01	1.556738206419809589e-01	2.594223756751538046e-01	1.554936224035826098e-01	7.402325878986386332e-02	3.073012942114622045e-02	7.823300851076327167e-02
1.232180073418000802e+03	2.462326427974436127e-01	1.555431627711409415e-01	2.595590820358666395e-01	1.555732944045586097e-01	7.405613520972598174e-02	3.075229462756534637e-02	7.828338815356616909e-02
1.233631404482097196e+03	2.460418247074341869e-01	1.554127262268611698e-01	2.596955485470378577e-01	1.556528280270080278e-01	7.408895656231068161e-02	3.077443228850917575e-02	7.833368364070621148e-02
1.235082735546193817e+03	2.458513297376843099e-01	1.552825106334246308e-01	2.598317756181274252e-01	1.557322235319594239e-01	7.412172294694276131e-02	3.079654241515530563e-02	7.838389511657350983e-02
1.236534066610290438e+03	2.456611573394738013e-01	1.551525156157506358e-01	2.599677636578992534e-01	1.558114811798811394e-01	7.415443446275141182e-02	3.081862501879788913e-02	7.843402272531325992e-02
1.237985397674387059e+03	2.454713069650245605e-01	1.550227407993937934e-01	2.601035130744221435e-01	1.558906012306831290e-01	7.418709120867071627e-02	3.084068011084695540e-02	7.848406661082607538e-02
1.239436728738483680e+03	2.452817780674989290e-01	1.548931858105430937e-01	2.602390242750712290e-01	1.559695839437181542e-01	7.421969328344005246e-02	3.086270770282768458e-02	7.853402691676822367e-02
1.240888059802580301e+03	2.450925701009977753e-01	1.547638502760209367e-01	2.603742976665289199e-01	1.560484295777835595e-01	7.425224078560452301e-02	3.088470780637971730e-02	7.858390378655193131e-02
1.242339390866676695e+03	2.449036825205588852e-01	1.546347338232821056e-01	2.605093336547861793e-01	1.561271383911226884e-01	7.428473381351544114e-02	3.090668043325645389e-02	7.863369736334564764e-02
1.243790721930773088e+03	2.447151147821551020e-01	1.545058360804127395e-01	2.606441326451436891e-01	1.562057106414264374e-01	7.431717246533070531e-02	3.092862559532435357e-02	7.868340779007437780e-02
1.245242052994869937e+03	2.445268663426926614e-01	1.543771566761295011e-01	2.607786950422130712e-01	1.562841465858346990e-01	7.434955683901529888e-02	3.095054330456224051e-02	7.873303520941991873e-02
1.246693384058966330e+03	2.443389366600094426e-01	1.542486952397783828e-01	2.609130212499181090e-01	1.563624464809379444e-01	7.438188703234167864e-02	3.097243357306062039e-02	7.878257976382121996e-02
1.248144715123063179e+03	2.441513251928732475e-01	1.541204514013337912e-01	2.610471116714958573e-01	1.564406105827786386e-01	7.441416314289019118e-02	3.099429641302100039e-02	7.883204159547460566e-02
1.249596046187159800e+03	2.439640314009801914e-01	1.539924247913976862e-01	2.611809667094978082e-01	1.565186391468528504e-01	7.444638526804955858e-02	3.101613183675517096e-02	7.888142084633412154e-02
1.251047377251256421e+03	2.437770547449527592e-01	1.538646150411983604e-01	2.613145867657910570e-01	1.565965324281115567e-01	7.447855350501728089e-02	3.103793985668457101e-02	7.893071765811181251e-02
1.252498708315352815e+03	2.435903946863383907e-01	1.537370217825896335e-01	2.614479722415595231e-01	1.566742906809622526e-01	7.451066795080002469e-02	3.105972048533957308e-02	7.897993217227804175e-02
1.253950039379449436e+03	2.434040506876075094e-01	1.536096446480497701e-01	2.615811235373050603e-01	1.567519141592703946e-01	7.454272870221412273e-02	3.108147373535882774e-02	7.902906453006174059e-02
1.255401370443546057e+03	2.432180222121519686e-01	1.534824832706805642e-01	2.617140410528487338e-01	1.568294031163608715e-01	7.457473585588596243e-02	3.110319961948857653e-02	7.907811487245074156e-02
1.256852701507642678e+03	2.430323087242833857e-01	1.533555372842062559e-01	2.618467251873318746e-01	1.569067578050193645e-01	7.460668950825241619e-02	3.112489815058199286e-02	7.912708334019212530e-02
1.258304032571739299e+03	2.428469096892313384e-01	1.532288063229725883e-01	2.619791763392173012e-01	1.569839784774939573e-01	7.463858975556125763e-02	3.114656934159850885e-02	7.917597007379245655e-02
1.259755363635835920e+03	2.426618245731418377e-01	1.531022900219458360e-01	2.621113949062903736e-01	1.570610653854964400e-01	7.467043669387159188e-02	3.116821320560315273e-02	7.922477521351814489e-02
1.261206694699932314e+03	2.424770528430755245e-01	1.529759880167117503e-01	2.622433812856603819e-01	1.571380187802038364e-01	7.470223041905427186e-02	3.118982975576589309e-02	7.927349889939569461e-02
1.262658025764028707e+03	2.422925939670060869e-01	1.528498999434746985e-01	2.623751358737614336e-01	1.572148389122597634e-01	7.473397102679232851e-02	3.121141900536096581e-02	7.932214127121205161e-02
1.264109356828125556e+03	2.421084474138185116e-01	1.527240254390564711e-01	2.625066590663537869e-01	1.572915260317759856e-01	7.476565861258138712e-02	3.123298096776623567e-02	7.937070246851493649e-02
1.265560687892221949e+03	2.419246126533075025e-01	1.525983641408954761e-01	2.626379512585249043e-01	1.573680803883336365e-01	7.479729327173008369e-02	3.125451565646252677e-02	7.941918263061310823e-02
1.267012018956318798e+03	2.417410891561757869e-01	1.524729156870456848e-01	2.627690128446907303e-01	1.574445022309848286e-01	7.482887509936048120e-02	3.127602308503298761e-02	7.946758189657672500e-02
1.268463350020415419e+03	2.415578763940324780e-01	1.523476797161755769e-01	2.628998442185967455e-01	1.575207918082539293e-01	7.486040419040849991e-02	3.129750326716242842e-02	7.951590040523762171e-02
1.269914681084511813e+03	2.413749738393914102e-01	1.522226558675672803e-01	2.630304457733189660e-01	1.575969493681390887e-01	7.489188063962426423e-02	3.131895621663668278e-02	7.956413829518960146e-02
1.271366012148608434e+03	2.411923809656694728e-01	1.520978437811154604e-01	2.631608179012653315e-01	1.576729751581135153e-01	7.492330454157264397e-02	3.134038194734197619e-02	7.961229570478883799e-02
1.272817343212705055e+03	2.410100972471851122e-01	1.519732430973264048e-01	2.632909609941768703e-01	1.577488694251268919e-01	7.495467599063355968e-02	3.136178047326426688e-02	7.966037277215412549e-02
1.274268674276801676e+03	2.408281221591564436e-01	1.518488534573169957e-01	2.634208754431286992e-01	1.578246324156068470e-01	7.498599508100242672e-02	3.138315180848863517e-02	7.970836963516722551e-02
1.275720005340898297e+03	2.406464551776999194e-01	1.517246745028137389e-01	2.635505616385310224e-01	1.579002643754602031e-01	7.501726190669058547e-02	3.140449596719861736e-02	7.975628643147317232e-02
1.277171336404994690e+03	2.404650957798284694e-01	1.516007058761517923e-01	2.636800199701306302e-01	1.579757655500744484e-01	7.504847656152568991e-02	3.142581296367558813e-02	7.980412329848060593e-02
1.278622667469091539e+03	2.402840434434500017e-01	1.514769472202739664e-01	2.638092508270116765e-01	1.580511361843191798e-01	7.507963913915211007e-02	3.144710281229814997e-02	7.985188037336210520e-02
1.280073998533187932e+03	2.401032976473657932e-01	1.513533981787296978e-01	2.639382545975970662e-01	1.581263765225472406e-01	7.511074973303134839e-02	3.146836552754149474e-02	7.989955779305445149e-02
1.281525329597284326e+03	2.399228578712688520e-01	1.512300583956741329e-01	2.640670316696495656e-01	1.582014868085962755e-01	7.514180843644245600e-02	3.148960112397675842e-02	7.994715569425905888e-02
1.282976660661381175e+03	2.397427235957422520e-01	1.511069275158670455e-01	2.641955824302727462e-01	1.582764672857899790e-01	7.517281534248243524e-02	3.151080961627043819e-02	7.999467421344219620e-02
1.284427991725477568e+03	2.395628943022576340e-01	1.509840051846719766e-01	2.643239072659122613e-01	1.583513181969395112e-01	7.520377054406664208e-02	3.153199101918376795e-02	8.004211348683538951e-02
1.285879322789574417e+03	2.393833694731734851e-01	1.508612910480551239e-01	2.644520065623568450e-01	1.584260397843448298e-01	7.523467413392917469e-02	3.155314534757206607e-02	8.008947365043567190e-02
1.287330653853671038e+03	2.392041485917337507e-01	1.507387847525844815e-01	2.645798807047395340e-01	1.585006322897959119e-01	7.526552620462328980e-02	3.157427261638417332e-02	8.013675484000601368e-02
1.288781984917767431e+03	2.390252311420660025e-01	1.506164859454287297e-01	2.647075300775389439e-01	1.585750959545743355e-01	7.529632684852177738e-02	3.159537284066181451e-02	8.018395719107558606e-02
1.290233315981864052e+03	2.388466166091799681e-01	1.504943942743564023e-01	2.648349550645800465e-01	1.586494310194543067e-01	7.532707615781741861e-02	3.161644603553898786e-02	8.023108083894009424e-02
