1.001418434226643626e+03	2.810839601655946152e-01	1.793651911647836938e-01	2.345163509550804160e-01	1.409788913935755839e-01	6.805936837645076842e-02	2.688151544468969645e-02	6.911472249969675963e-02
1.003837319333471214e+03	2.806677274650786202e-01	1.790806852707184649e-01	2.348165806800538713e-01	1.411542260104869939e-01	6.813086377997849830e-02	2.692577960281431967e-02	6.922413719074078930e-02
1.006256204440298802e+03	2.802526707641821435e-01	1.787969819815753147e-01	2.351159387405017676e-01	1.413290394336312039e-01	6.820215505775852061e-02	2.696996780012408945e-02	6.933324622209854904e-02
1.008675089547126618e+03	2.798387866959886616e-01	1.785140790538879696e-01	2.354144276145973269e-01	1.415033333959007378e-01	6.827324284495374374e-02	2.701407995333398801e-02	6.944205044120917159e-02
1.011093974653954206e+03	2.794260719044120989e-01	1.782319742495320491e-01	2.357120497734310760e-01	1.416771096228690574e-01	6.834412777450822596e-02	2.705811598123124967e-02	6.955055069388781097e-02
1.013512859760782021e+03	2.790145230441244961e-01	1.779506653357452173e-01	2.360088076810332169e-01	1.418503698328435203e-01	6.841481047715655683e-02	2.710207580465956445e-02	6.965874782430904466e-02
1.015931744867609382e+03	2.786041367804854008e-01	1.776701500851459170e-01	2.363047037943954709e-01	1.420231157369173380e-01	6.848529158143316919e-02	2.714595934650333720e-02	6.976664267499101124e-02
1.018350629974437197e+03	2.781949097894726997e-01	1.773904262757511063e-01	2.365997405634931439e-01	1.421953490390209796e-01	6.855557171368166502e-02	2.718976653167206464e-02	6.987423608677989506e-02
1.020769515081264785e+03	2.777868387576152287e-01	1.771114916909927173e-01	2.368939204313067481e-01	1.423670714359730194e-01	6.862565149806398868e-02	2.723349728708470904e-02	6.998152889883513250e-02
1.023188400188092373e+03	2.773799203819262149e-01	1.768333441197330880e-01	2.371872458338437906e-01	1.425382846175297646e-01	6.869553155656958621e-02	2.727715154165417932e-02	7.008852194861495133e-02
1.025607285294920075e+03	2.769741513698384394e-01	1.765559813562791180e-01	2.374797192001603108e-01	1.427089902664346877e-01	6.876521250902449534e-02	2.732072922627186082e-02	7.019521607186264556e-02
1.028026170401747549e+03	2.765695284391408992e-01	1.762794012003956745e-01	2.377713429523821698e-01	1.428791900584669983e-01	6.883469497310044927e-02	2.736423027379221440e-02	7.030161210259310012e-02
1.030445055508575479e+03	2.761660483179164682e-01	1.760036014573177487e-01	2.380621195057265049e-01	1.430488856624894667e-01	6.890397956432381399e-02	2.740765461901744499e-02	7.040771087307998166e-02
1.032863940615402726e+03	2.757637077444810014e-01	1.757285799377618363e-01	2.383520512685228243e-01	1.432180787404956634e-01	6.897306689608456720e-02	2.745100219868222211e-02	7.051351321384331794e-02
1.035282825722230655e+03	2.753625034673232719e-01	1.754543344579361785e-01	2.386411406422341286e-01	1.433867709476565888e-01	6.904195757964518010e-02	2.749427295143848024e-02	7.061901995363759066e-02
1.037701710829058356e+03	2.749624322450468505e-01	1.751808628395502276e-01	2.389293900214778943e-01	1.435549639323665805e-01	6.911065222414941589e-02	2.753746681784029551e-02	7.072423191944016141e-02
1.040120595935886058e+03	2.745634908463122081e-01	1.749081629098232504e-01	2.392168017940468905e-01	1.437226593362888327e-01	6.917915143663116995e-02	2.758058374032881094e-02	7.082914993644032209e-02
1.042539481042713533e+03	2.741656760497805934e-01	1.746362325014920447e-01	2.395033783409299677e-01	1.438898587943999163e-01	6.924745582202315730e-02	2.762362366321723800e-02	7.093377482802858125e-02
1.044958366149541234e+03	2.737689846440587993e-01	1.743650694528178779e-01	2.397891220363326525e-01	1.440565639350341320e-01	6.931556598316562789e-02	2.766658653267593110e-02	7.103810741578647781e-02
1.047377251256368709e+03	2.733734134276446515e-01	1.740946716075926215e-01	2.400740352476977979e-01	1.442227763799270590e-01	6.938348252081499856e-02	2.770947229671754872e-02	7.114214851947676943e-02
1.049796136363196410e+03	2.729789592088741612e-01	1.738250368151441072e-01	2.403581203357259277e-01	1.443884977442585482e-01	6.945120603365238787e-02	2.775228090518224236e-02	7.124589895703403730e-02
1.052215021470024112e+03	2.725856188058688456e-01	1.735561629303407905e-01	2.406413796543956651e-01	1.445537296366952162e-01	6.951873711829224811e-02	2.779501230972295997e-02	7.134935954455562390e-02
1.054633906576851814e+03	2.721933890464848238e-01	1.732880478135957192e-01	2.409238155509839108e-01	1.447184736594323562e-01	6.958607636929076135e-02	2.783766646379079099e-02	7.145253109629300103e-02
1.057052791683679516e+03	2.718022667682618576e-01	1.730206893308698646e-01	2.412054303660860488e-01	1.448827314082353490e-01	6.965322437915430487e-02	2.788024332262040161e-02	7.155541442464352642e-02
1.059471676790506763e+03	2.714122488183744464e-01	1.727540853536745635e-01	2.414862264336360143e-01	1.450465044724805197e-01	6.972018173834787502e-02	2.792274284321553252e-02	7.165801034014242232e-02
1.061890561897334692e+03	2.710233320535827550e-01	1.724882337590737391e-01	2.417662060809261937e-01	1.452097944351954661e-01	6.978694903530339999e-02	2.796516498433457634e-02	7.176031965145525382e-02
1.064309447004162394e+03	2.706355133401848745e-01	1.722231324296851218e-01	2.420453716286274093e-01	1.453726028730990549e-01	6.985352685642803872e-02	2.800750970647621421e-02	7.186234316537067068e-02
1.066728332110990095e+03	2.702487895539698592e-01	1.719587792536811377e-01	2.423237253908086253e-01	1.455349313566406400e-01	6.991991578611246594e-02	2.804977697186515628e-02	7.196408168679352402e-02
1.069147217217817570e+03	2.698631575801714311e-01	1.716951721247890750e-01	2.426012696749566822e-01	1.456967814500389757e-01	6.998611640673904621e-02	2.809196674443790315e-02	7.206553601873827430e-02
1.071566102324645271e+03	2.694786143134225154e-01	1.714323089422909174e-01	2.428780067819958643e-01	1.458581547113207699e-01	7.005212929869002181e-02	2.813407898982863559e-02	7.216670696232264925e-02
1.073984987431472746e+03	2.690951566577105547e-01	1.711701876110223175e-01	2.431539390063074679e-01	1.460190526923584586e-01	7.011795504035563120e-02	2.817611367535514597e-02	7.226759531676175963e-02
1.076403872538300675e+03	2.687127815263334329e-01	1.709088060413713750e-01	2.434290686357492572e-01	1.461794769389078152e-01	7.018359420814219984e-02	2.821807077000485636e-02	7.236820187936242321e-02
1.078822757645127922e+03	2.683314858418560656e-01	1.706481621492768330e-01	2.437033979516747828e-01	1.463394289906449763e-01	7.024904737648009212e-02	2.825995024442090262e-02	7.246852744551773862e-02
1.081241642751955851e+03	2.679512665360678225e-01	1.703882538562257187e-01	2.439769292289526714e-01	1.464989103812029680e-01	7.031431511783184374e-02	2.830175207088829817e-02	7.256857280870203375e-02
1.083660527858783553e+03	2.675721205499406175e-01	1.701290790892506510e-01	2.442496647359858053e-01	1.466579226382081214e-01	7.037939800269996105e-02	2.834347622332017771e-02	7.266833876046602247e-02
1.086079412965611255e+03	2.671940448335873852e-01	1.698706357809265932e-01	2.445216067347304179e-01	1.468164672833155993e-01	7.044429659963494239e-02	2.838512267724408941e-02	7.276782609043230821e-02
1.088498298072438729e+03	2.668170363462214478e-01	1.696129218693673280e-01	2.447927574807151896e-01	1.469745458322448683e-01	7.050901147524303580e-02	2.842669140978841200e-02	7.286703558629104016e-02
1.090917183179266431e+03	2.664410920561161578e-01	1.693559352982214328e-01	2.450631192230602051e-01	1.471321597948146431e-01	7.057354319419419098e-02	2.846818239966879271e-02	7.296596803379588880e-02
1.093336068286093905e+03	2.660662089405655406e-01	1.690996740166678391e-01	2.453326942044957437e-01	1.472893106749774139e-01	7.063789231922973366e-02	2.850959562717469281e-02	7.306462421676035435e-02
1.095754953392921607e+03	2.656923839858451042e-01	1.688441359794111973e-01	2.456014846613811253e-01	1.474459999708536417e-01	7.070205941117013726e-02	2.855093107415600240e-02	7.316300491705411690e-02
1.098173838499749309e+03	2.653196141871734248e-01	1.685893191466765195e-01	2.458694928237234734e-01	1.476022291747655646e-01	7.076604502892273885e-02	2.859218872400971778e-02	7.326111091459981683e-02
1.100592723606577010e+03	2.649478965486743443e-01	1.683352214842039618e-01	2.461367209151963942e-01	1.477579997732705319e-01	7.082984972948938585e-02	2.863336856166671246e-02	7.335894298736991836e-02
1.103011608713404712e+03	2.645772280833392776e-01	1.680818409632428845e-01	2.464031711531584345e-01	1.479133132471940615e-01	7.089347406797405493e-02	2.867447057357857404e-02	7.345650191138396179e-02
1.105430493820231959e+03	2.642076058129904648e-01	1.678291755605457458e-01	2.466688457486716224e-01	1.480681710716625632e-01	7.095691859759045705e-02	2.871549474770451402e-02	7.355378846070584342e-02
1.107849378927059888e+03	2.638390267682445001e-01	1.675772232583616073e-01	2.469337469065200075e-01	1.482225747161356466e-01	7.102018386966954533e-02	2.875644107349835388e-02	7.365080340744149801e-02
1.110268264033887590e+03	2.634714879884763050e-01	1.673259820444294721e-01	2.471978768252280079e-01	1.483765256444380953e-01	7.108327043366703679e-02	2.879730954189559794e-02	7.374754752173660888e-02
1.112687149140715292e+03	2.631049865217836570e-01	1.670754499119712910e-01	2.474612376970785621e-01	1.485300253147914806e-01	7.114617883717089253e-02	2.883810014530056171e-02	7.384402157177463732e-02
1.115106034247542766e+03	2.627395194249521060e-01	1.668256248596846070e-01	2.477238317081314201e-01	1.486830751798454697e-01	7.120890962590871454e-02	2.887881287757359042e-02	7.394022632377506010e-02
1.117524919354370468e+03	2.623750837634204469e-01	1.665765048917350055e-01	2.479856610382414062e-01	1.488356766867088288e-01	7.127146334375518422e-02	2.891944773401834354e-02	7.403616254199173186e-02
1.119943804461197942e+03	2.620116766112461915e-01	1.663280880177483712e-01	2.482467278610763772e-01	1.489878312769799817e-01	7.133384053273934822e-02	2.896000471136915902e-02	7.413183098871142795e-02
1.122362689568025871e+03	2.616492950510721505e-01	1.660803722528026438e-01	2.485070343441353746e-01	1.491395403867774583e-01	7.139604173305201529e-02	2.900048380777850085e-02	7.422723242425267876e-02
1.124781574674853118e+03	2.612879361740927386e-01	1.658333556174197976e-01	2.487665826487663878e-01	1.492908054467698142e-01	7.145806748305295886e-02	2.904088502280446210e-02	7.432236760696461775e-02
1.127200459781681047e+03	2.609275970800211120e-01	1.655870361375571809e-01	2.490253749301844788e-01	1.494416278822053579e-01	7.151991831927821675e-02	2.908120835739836513e-02	7.441723729322616276e-02
1.129619344888508749e+03	2.605682748770563051e-01	1.653414118445986625e-01	2.492834133374894068e-01	1.495920091129415985e-01	7.158159477644727986e-02	2.912145381389241380e-02	7.451184223744523882e-02
1.132038229995336451e+03	2.602099666818512569e-01	1.650964807753459995e-01	2.495407000136834197e-01	1.497419505534742512e-01	7.164309738747023926e-02	2.916162139598742903e-02	7.460618319205830629e-02
1.134457115102163925e+03	2.598526696194806695e-01	1.648522409720093729e-01	2.497972370956891286e-01	1.498914536129662134e-01	7.170442668345496096e-02	2.920171110874067444e-02	7.470026090752981962e-02
1.136876000208991627e+03	2.594963808234095337e-01	1.646086904821983388e-01	2.500530267143669105e-01	1.500405196952759868e-01	7.176558319371417749e-02	2.924172295855373416e-02	7.479407613235211638e-02
1.139294885315819101e+03	2.591410974354617092e-01	1.643658273589121976e-01	2.503080709945326165e-01	1.501891501989859601e-01	7.182656744577253782e-02	2.928165695316048422e-02	7.488762961304526455e-02
1.141713770422646803e+03	2.587868166057892272e-01	1.641236496605302519e-01	2.505623720549751132e-01	1.503373465174303591e-01	7.188737996537362951e-02	2.932151310161510566e-02	7.498092209415710419e-02
1.144132655529474505e+03	2.584335354928414819e-01	1.638821554508019807e-01	2.508159320084735189e-01	1.504851100387230300e-01	7.194802127648702861e-02	2.936129141428021894e-02	7.507395431826348331e-02
1.146551540636302207e+03	2.580812512633350320e-01	1.636413427988371305e-01	2.510687529618148561e-01	1.506324421457848062e-01	7.200849190131521083e-02	2.940099190281505320e-02	7.516672702596854938e-02
1.148970425743129908e+03	2.577299610922237361e-01	1.634012097790954465e-01	2.513208370158112048e-01	1.507793442163706255e-01	7.206879236030050428e-02	2.944061458016370564e-02	7.525924095590526275e-02
1.151389310849957155e+03	2.573796621626688874e-01	1.631617544713764301e-01	2.515721862653170215e-01	1.509258176230966197e-01	7.212892317213194515e-02	2.948015946054347025e-02	7.535149684473597953e-02
1.153808195956785084e+03	2.570303516660098486e-01	1.629229749608087918e-01	2.518228027992464035e-01	1.510718637334666492e-01	7.218888485375221653e-02	2.951962655943324298e-02	7.544349542715318713e-02
1.156227081063612786e+03	2.566820268017347972e-01	1.626848693378398769e-01	2.520726887005901862e-01	1.512174839098987256e-01	7.224867792036439307e-02	2.955901589356199968e-02	7.553523743588035078e-02
1.158645966170440488e+03	2.563346847774521375e-01	1.624474356982250067e-01	2.523218460464328738e-01	1.513626795097512412e-01	7.230830288543879658e-02	2.959832748089734344e-02	7.562672360167289887e-02
1.161064851277267962e+03	2.559883228088616902e-01	1.622106721430166543e-01	2.525702769079699039e-01	1.515074518853488372e-01	7.236776026071971291e-02	2.963756134063412484e-02	7.571795465331931929e-02
1.163483736384095664e+03	2.556429381197263817e-01	1.619745767785532864e-01	2.528179833505246887e-01	1.516518023840081608e-01	7.242705055623215038e-02	2.967671749318314539e-02	7.580893131764238069e-02
1.165902621490923138e+03	2.552985279418442666e-01	1.617391477164486224e-01	2.530649674335652688e-01	1.517957323480631782e-01	7.248617428028854281e-02	2.971579596015990615e-02	7.589965431950042307e-02
1.168321506597751068e+03	2.549550895150205498e-01	1.615043830735800878e-01	2.533112312107212438e-01	1.519392431148906542e-01	7.254513193949536920e-02	2.975479676437347426e-02	7.599012438178881501e-02
1.170740391704578315e+03	2.546126200870401091e-01	1.612702809720777675e-01	2.535567767298006481e-01	1.520823360169348826e-01	7.260392403875987055e-02	2.979371992981536682e-02	7.608034222544149405e-02
1.173159276811406244e+03	2.542711169136400717e-01	1.610368395393129703e-01	2.538016060328068813e-01	1.522250123817326106e-01	7.266255108129654472e-02	2.983256548164854582e-02	7.617030856943254880e-02
1.175578161918233945e+03	2.539305772584825038e-01	1.608040569078867665e-01	2.540457211559549178e-01	1.523672735319376303e-01	7.272101356863382160e-02	2.987133344619647551e-02	7.626002413077806463e-02
1.177997047025061647e+03	2.535909983931277090e-01	1.605719312156183576e-01	2.542891241296884597e-01	1.525091207853450093e-01	7.277931200062054407e-02	2.991002385093223873e-02	7.634948962453787236e-02
1.180415932131889122e+03	2.532523775970075275e-01	1.603404606055335302e-01	2.545318169786961460e-01	1.526505554549153210e-01	7.283744687543246277e-02	2.994863672446773997e-02	7.643870576381747717e-02
1.182834817238716823e+03	2.529147121573987467e-01	1.601096432258527769e-01	2.547738017219283169e-01	1.527915788487984872e-01	7.289541868957873094e-02	2.998717209654296750e-02	7.652767325977014035e-02
1.185253702345544298e+03	2.525779993693968439e-01	1.598794772299796108e-01	2.550150803726133897e-01	1.529321922703575920e-01	7.295322793790838534e-02	3.002562999801533516e-02	7.661639282159893316e-02
1.187672587452371999e+03	2.522422365358898411e-01	1.596499607764887418e-01	2.552556549382744011e-01	1.530723970181923077e-01	7.301087511361671611e-02	3.006401046084908324e-02	7.670486515655895732e-02
1.190091472559199701e+03	2.519074209675325471e-01	1.594210920291139755e-01	2.554955274207451610e-01	1.532121943861622926e-01	7.306836070825167839e-02	3.010231351810475908e-02	7.679309096995962092e-02
1.192510357666027403e+03	2.515735499827207455e-01	1.591928691567364162e-01	2.557346998161866281e-01	1.533515856634102004e-01	7.312568521172023439e-02	3.014053920392876715e-02	7.688107096516699768e-02
1.194929242772855105e+03	2.512406209075656593e-01	1.589652903333721723e-01	2.559731741151034523e-01	1.534905721343848006e-01	7.318284911229469558e-02	3.017868755354297453e-02	7.696880584360625555e-02
1.197348127879682352e+03	2.509086310758686933e-01	1.587383537381603094e-01	2.562109523023599067e-01	1.536291550788634885e-01	7.323985289661898157e-02	3.021675860323441709e-02	7.705629630476422409e-02
1.199767012986510281e+03	2.505775778290963429e-01	1.585120575553507494e-01	2.564480363571959853e-01	1.537673357719750167e-01	7.329669704971494837e-02	3.025475239034502647e-02	7.714354304619192026e-02
1.202185898093337983e+03	2.502474585163551035e-01	1.582863999742919747e-01	2.566844282532438348e-01	1.539051154842217273e-01	7.335338205498856401e-02	3.029266895326147846e-02	7.723054676350724068e-02
1.204604783200165684e+03	2.499182704943667677e-01	1.580613791894188158e-01	2.569201299585435194e-01	1.540424954815018677e-01	7.340990839423613967e-02	3.033050833140506913e-02	7.731730815039772331e-02
1.207023668306993159e+03	2.495900111274436672e-01	1.578369934002399333e-01	2.571551434355592303e-01	1.541794770251314894e-01	7.346627654765057469e-02	3.036827056522167084e-02	7.740382789862332302e-02
1.209442553413820860e+03	2.492626777874643595e-01	1.576132408113257166e-01	2.573894706411951061e-01	1.543160613718662921e-01	7.352248699382737951e-02	3.040595569617177141e-02	7.749010669801928430e-02
1.211861438520648335e+03	2.489362678538492024e-01	1.573901196322956275e-01	2.576231135268111649e-01	1.544522497739233835e-01	7.357854020977089293e-02	3.044356376672056538e-02	7.757614523649904170e-02
1.214280323627476264e+03	2.486107787135361513e-01	1.571676280778060153e-01	2.578560740382393468e-01	1.545880434790025681e-01	7.363443667090037448e-02	3.048109482032810777e-02	7.766194420005728682e-02
1.216699208734303511e+03	2.482862077609569729e-01	1.569457643675374325e-01	2.580883541157990568e-01	1.547234437303079135e-01	7.369017685105599957e-02	3.051854890143954752e-02	7.774750427277296594e-02
1.219118093841131440e+03	2.479625523980131807e-01	1.567245267261822284e-01	2.583199556943130415e-01	1.548584517665686222e-01	7.374576122250497967e-02	3.055592605547542348e-02	7.783282613681240247e-02
1.221536978947959142e+03	2.476398100340524988e-01	1.565039133834318918e-01	2.585508807031231537e-01	1.549930688220602648e-01	7.380119025594750193e-02	3.059322632882202631e-02	7.791791047243250279e-02
1.223955864054786844e+03	2.473179780858451582e-01	1.562839225739647009e-01	2.587811310661058961e-01	1.551272961266254857e-01	7.385646442052279381e-02	3.063044976882181927e-02	7.800275795798393419e-02
1.226374749161614318e+03	2.469970539775605545e-01	1.560645525374329268e-01	2.590107087016882970e-01	1.552611349056945977e-01	7.391158418381502115e-02	3.066759642376394590e-02	7.808736926991442784e-02
1.228793634268442020e+03	2.466770351407439610e-01	1.558458015184503165e-01	2.592396155228630650e-01	1.553945863803062599e-01	7.396655001185918621e-02	3.070466634287476182e-02	7.817174508277210943e-02
1.231212519375269494e+03	2.463579190142934916e-01	1.556276677665794916e-01	2.594678534372045209e-01	1.555276517671276282e-01	7.402136236914709511e-02	3.074165957630849502e-02	7.825588606920888535e-02
1.233631404482097196e+03	2.460397030444368416e-01	1.554101495363191532e-01	2.596954243468837520e-01	1.556603322784747556e-01	7.407602171863322815e-02	3.077857617513789223e-02	7.833979289998384277e-02
1.236050289588924898e+03	2.457223846847087223e-01	1.551932450870916191e-01	2.599223301486842663e-01	1.557926291223325488e-01	7.413052852174051299e-02	3.081541619134500753e-02	7.842346624396674681e-02
1.238469174695752372e+03	2.454059613959277963e-01	1.549769526832299738e-01	2.601485727340172582e-01	1.559245435023746129e-01	7.418488323836622267e-02	3.085217967781200138e-02	7.850690676814157942e-02
1.240888059802580301e+03	2.450904306461743343e-01	1.547612705939654110e-01	2.603741539889368184e-01	1.560560766179829861e-01	7.423908632688773490e-02	3.088886668831202290e-02	7.859011513761005041e-02
1.243306944909407548e+03	2.447757899107675383e-01	1.545461970934146334e-01	2.605990757941555325e-01	1.561872296642679570e-01	7.429313824416829137e-02	3.092547727750015116e-02	7.867309201559523346e-02
1.245725830016235477e+03	2.444620366722432270e-01	1.543317304605669182e-01	2.608233400250594691e-01	1.563180038320872711e-01	7.434703944556278477e-02	3.096201150090441973e-02	7.875583806344521598e-02
1.248144715123063179e+03	2.441491684203316026e-01	1.541178689792715994e-01	2.610469485517233901e-01	1.564484003080655883e-01	7.440079038492342089e-02	3.099846941491686200e-02	7.883835394063681834e-02
1.250563600229890881e+03	2.438371826519350472e-01	1.539046109382252170e-01	2.612699032389261267e-01	1.565784202746136611e-01	7.445439151460540861e-02	3.103485107678466068e-02	7.892064030477921599e-02
1.252982485336718355e+03	2.435260768711060841e-01	1.536919546309588602e-01	2.614922059461652903e-01	1.567080649099473477e-01	7.450784328547266355e-02	3.107115654460134921e-02	7.900269781161779747e-02
1.255401370443546057e+03	2.432158485890255628e-01	1.534798983558253171e-01	2.617138585276725937e-01	1.568373353881065135e-01	7.456114614690338704e-02	3.110738587729803759e-02	7.908452711503793919e-02
1.257820255550373531e+03	2.429064953239807867e-01	1.532684404159864733e-01	2.619348628324288386e-01	1.569662328789739048e-01	7.461430054679578372e-02	3.114353913463477688e-02	7.916612886706879404e-02
1.260239140657201460e+03	2.425980146013438088e-01	1.530575791194004609e-01	2.621552207041788485e-01	1.570947585482936060e-01	7.466730693157350163e-02	3.117961637719190646e-02	7.924750371788724657e-02
1.262658025764028707e+03	2.422904039535498377e-01	1.528473127788089192e-01	2.623749339814463455e-01	1.572229135576897197e-01	7.472016574619132212e-02	3.121561766636149829e-02	7.932865231582167387e-02
1.265076910870856636e+03	2.419836609200758382e-01	1.526376397117243100e-01	2.625940044975489385e-01	1.573506990646847681e-01	7.477287743414059995e-02	3.125154306433887419e-02	7.940957530735601178e-02
1.267495795977684338e+03	2.416777830474190758e-01	1.524285582404171779e-01	2.628124340806128334e-01	1.574781162227177622e-01	7.482544243745484214e-02	3.128739263411416116e-02	7.949027333713359900e-02
1.269914681084511813e+03	2.413727678890758288e-01	1.522200666919032996e-01	2.630302245535875438e-01	1.576051661811624927e-01	7.487786119671516194e-02	3.132316643946390922e-02	7.957074704796124331e-02
1.272333566191339514e+03	2.410686130055202658e-01	1.520121633979310827e-01	2.632473777342608789e-01	1.577318500853455152e-01	7.493013415105576058e-02	3.135886454494278552e-02	7.965099708081317675e-02
1.274752451298167216e+03	2.407653159641833518e-01	1.518048466949688258e-01	2.634638954352734319e-01	1.578581690765640533e-01	7.498226173816932572e-02	3.139448701587529977e-02	7.973102407483513565e-02
1.277171336404994690e+03	2.404628743394318646e-01	1.515981149241920067e-01	2.636797794641334014e-01	1.579841242921036781e-01	7.503424439431248538e-02	3.143003391834762322e-02	7.981082866734838521e-02
1.279590221511822392e+03	2.401612857125475231e-01	1.513919664314703761e-01	2.638950316232310800e-01	1.581097168652559892e-01	7.508608255431122036e-02	3.146550531919942856e-02	7.989041149385385510e-02
1.282009106618650094e+03	2.398605476717061147e-01	1.511863995673556060e-01	2.641096537098533426e-01	1.582349479253362112e-01	7.513777665156612384e-02	3.150090128601582690e-02	7.996977318803621948e-02
1.284427991725477568e+03	2.395606578119569563e-01	1.509814126870683559e-01	2.643236475161983567e-01	1.583598185977005413e-01	7.518932711805785540e-02	3.153622188711934643e-02	8.004891438176801877e-02
1.286846876832305497e+03	2.392616137352021333e-01	1.507770041504856440e-01	2.645370148293900159e-01	1.584843300037634406e-01	7.524073438435237293e-02	3.157146719156194575e-02	8.012783570511385067e-02
1.289265761939132744e+03	2.389634130501761267e-01	1.505731723221281904e-01	2.647497574314923163e-01	1.586084832610147877e-01	7.529199887960628945e-02	3.160663726911712434e-02	8.020653778633453357e-02
1.291684647045960673e+03	2.386660533724252742e-01	1.503699155711477886e-01	2.649618770995237349e-01	1.587322794830371142e-01	7.534312103157213281e-02	3.164173219027206774e-02	8.028502125189126981e-02
1.294103532152788375e+03	2.383695323242874531e-01	1.501672322713145935e-01	2.651733756054716618e-01	1.588557197795223697e-01	7.539410126660353595e-02	3.167675202621984820e-02	8.036328672644992011e-02
1.296522417259616077e+03	2.380738475348718464e-01	1.499651208010046310e-01	2.653842547163066112e-01	1.589788052562887966e-01	7.544494000966052438e-02	3.171169684885170176e-02	8.044133483288520847e-02
1.298941302366443551e+03	2.377789966400388200e-01	1.497635795431870587e-01	2.655945161939966548e-01	1.591015370152977781e-01	7.549563768431470645e-02	3.174656673074933988e-02	8.051916619228494110e-02
1.301360187473271253e+03	2.374849772823798000e-01	1.495626068854115642e-01	2.658041617955214653e-01	1.592239161546704362e-01	7.554619471275438036e-02	3.178136174517729590e-02	8.059678142395432232e-02
1.303779072580098727e+03	2.371917871111972609e-01	1.493622012197959037e-01	2.660131932728865833e-01	1.593459437687040625e-01	7.559661151578979388e-02	3.181608196607541711e-02	8.067418114542021512e-02
1.306197957686926657e+03	2.368994237824848803e-01	1.491623609430132169e-01	2.662216123731375172e-01	1.594676209478886331e-01	7.564688851285820970e-02	3.185072746805130833e-02	8.075136597243545711e-02
1.308616842793753904e+03	2.366078849589076105e-01	1.489630844562795930e-01	2.664294208383738427e-01	1.595889487789231009e-01	7.569702612202901248e-02	3.188529832637287259e-02	8.082833651898313487e-02
1.311035727900581833e+03	2.363171683097819442e-01	1.487643701653414419e-01	2.666366204057635247e-01	1.597099283447315776e-01	7.574702476000884366e-02	3.191979461696091425e-02	8.090509339728092775e-02
1.313454613007409534e+03	2.360272715110562913e-01	1.485662164804630314e-01	2.668432128075564069e-01	1.598305607244795146e-01	7.579688484214658351e-02	3.195421641638182542e-02	8.098163721778546542e-02
1.315873498114237009e+03	2.357381922452913281e-01	1.483686218164140258e-01	2.670491997710986998e-01	1.599508469935896626e-01	7.584660678243847209e-02	3.198856380184020992e-02	8.105796858919667169e-02
1.318292383221064711e+03	2.354499282016406236e-01	1.481715845924569674e-01	2.672545830188465255e-01	1.600707882237580593e-01	7.589619099353307752e-02	3.202283685117172929e-02	8.113408811846209434e-02
1.320711268327892412e+03	2.351624770758309613e-01	1.479751032323348148e-01	2.674593642683800732e-01	1.601903854829697105e-01	7.594563788673631965e-02	3.205703564283584467e-02	8.120999641078130438e-02
1.323130153434719887e+03	2.348758365701431317e-01	1.477791761642585910e-01	2.676635452324174214e-01	1.603096398355144114e-01	7.599494787201642454e-02	3.209116025590873916e-02	8.128569406961029531e-02
1.325549038541547588e+03	2.345900043933925871e-01	1.475838018208949498e-01	2.678671276188282491e-01	1.604285523420023174e-01	7.604412135800887873e-02	3.212521077007617770e-02	8.136118169666582689e-02
1.327967923648375290e+03	2.343049782609102627e-01	1.473889786393537404e-01	2.680701131306476026e-01	1.605471240593795701e-01	7.609315875202141144e-02	3.215918726562654040e-02	8.143645989192989376e-02
1.330386808755202765e+03	2.340207558945233413e-01	1.471947050611756569e-01	2.682725034660897179e-01	1.606653560409435910e-01	7.614206046003881012e-02	3.219308982344379344e-02	8.151152925365405533e-02
1.332805693862030694e+03	2.337373350225363244e-01	1.470009795323199975e-01	2.684743003185617316e-01	1.607832493363584858e-01	7.619082688672787484e-02	3.222691852500059184e-02	8.158639037836391827e-02
1.335224578968857941e+03	2.334547133797119367e-01	1.468078005031522304e-01	2.686755053766772261e-01	1.609008049916703376e-01	7.623945843544226164e-02	3.226067345235138911e-02	8.166104386086354971e-02
1.337643464075685870e+03	2.331728887072521406e-01	1.466151664284316980e-01	2.688761203242699405e-01	1.610180240493222503e-01	7.628795550822735361e-02	3.229435468812563020e-02	8.173549029423989032e-02
1.340062349182513572e+03	2.328918587527794015e-01	1.464230757672994598e-01	2.690761468404072598e-01	1.611349075481695592e-01	7.633631850582507650e-02	3.232796231552097221e-02	8.180973026986718133e-02
1.342481234289341273e+03	2.326116212703178976e-01	1.462315269832659415e-01	2.692755865994037601e-01	1.612514565234946518e-01	7.638454782767863105e-02	3.236149641829656060e-02	8.188376437741143321e-02
1.344900119396168748e+03	2.323321740202746177e-01	1.460405185441987219e-01	2.694744412708348080e-01	1.613676720070220116e-01	7.643264387193741960e-02	3.239495708076636782e-02	8.195759320483490817e-02
1.347319004502996449e+03	2.320535147694209044e-01	1.458500489223104046e-01	2.696727125195498842e-01	1.614835550269328734e-01	7.648060703546165351e-02	3.242834438779255285e-02	8.203121733840047780e-02
1.349737889609823924e+03	2.317756412908738017e-01	1.456601165941464049e-01	2.698704020056862385e-01	1.615991066078800997e-01	7.652843771382718263e-02	3.246165842477892471e-02	8.210463736267617496e-02
1.352156774716651853e+03	2.314985513640774595e-01	1.454707200405727374e-01	2.700675113846817688e-01	1.617143277710026417e-01	7.657613630133019988e-02	3.249489927766439912e-02	8.217785386053960694e-02
1.354575659823479100e+03	2.312222427747848141e-01	1.452818577467639705e-01	2.702640423072888987e-01	1.618292195339401662e-01	7.662370319099193194e-02	3.252806703291651058e-02	8.225086741318245187e-02
1.356994544930307029e+03	2.309467133150391038e-01	1.450935282021912076e-01	2.704599964195876782e-01	1.619437829108475169e-01	7.667113877456332993e-02	3.256116177752502172e-02	8.232367860011488570e-02
1.359413430037134731e+03	2.306719607831555774e-01	1.449057299006097921e-01	2.706553753629988290e-01	1.620580189124091186e-01	7.671844344252973236e-02	3.259418359899553252e-02	8.239628799917006474e-02
1.361832315143962205e+03	2.303979829837032034e-01	1.447184613400475106e-01	2.708501807742974554e-01	1.621719285458531890e-01	7.676561758411545866e-02	3.262713258534315208e-02	8.246869618650866374e-02
1.364251200250789907e+03	2.301247777274865458e-01	1.445317210227924087e-01	2.710444142856256455e-01	1.622855128149660042e-01	7.681266158728847215e-02	3.266000882508623970e-02	8.254090373662323343e-02
1.366670085357617609e+03	2.298523428315275841e-01	1.443455074553809392e-01	2.712380775245061826e-01	1.623987727201059994e-01	7.685957583876495969e-02	3.269281240724014603e-02	8.261291122234278028e-02
1.369088970464445310e+03	2.295806761190475886e-01	1.441598191485857772e-01	2.714311721138551459e-01	1.625117092582178957e-01	7.690636072401395296e-02	3.272554342131105132e-02	8.268471921483717957e-02
1.371507855571272785e+03	2.293097754194492188e-01	1.439746546174041353e-01	2.716236996719952890e-01	1.626243234228465784e-01	7.695301662726181102e-02	3.275820195728980366e-02	8.275632828362171345e-02
1.373926740678100487e+03	2.290396385682985370e-01	1.437900123810456898e-01	2.718156618126691404e-01	1.627366162041510578e-01	7.699954393149681386e-02	3.279078810564588220e-02	8.282773899656144245e-02
1.376345625784927961e+03	2.287702634073071062e-01	1.436058909629208125e-01	2.720070601450516601e-01	1.628485885889182083e-01	7.704594301847367266e-02	3.282330195732128392e-02	8.289895191987581291e-02
1.378764510891755890e+03	2.285016477843141436e-01	1.434222888906285243e-01	2.721978962737635621e-01	1.629602415605766186e-01	7.709221426871799843e-02	3.285574360372457703e-02	8.296996761814304233e-02
1.381183395998583137e+03	2.282337895532688676e-01	1.432392046959449772e-01	2.723881717988840268e-01	1.630715760992101360e-01	7.713835806153085395e-02	3.288811313672494741e-02	8.304078665430465744e-02
1.383602281105411066e+03	2.279666865742126236e-01	1.430566369148113803e-01	2.725778883159635790e-01	1.631825931815715780e-01	7.718437477499312527e-02	3.292041064864626582e-02	8.311140958966989345e-02
1.386021166212238768e+03	2.277003367132613976e-01	1.428745840873223982e-01	2.727670474160369674e-01	1.632932937810960550e-01	7.723026478597003197e-02	3.295263623226125232e-02	8.318183698392023206e-02
1.388440051319066470e+03	2.274347378425881916e-01	1.426930447577142991e-01	2.729556506856361531e-01	1.634036788679146535e-01	7.727602847011554033e-02	3.298478998078564761e-02	8.325206939511387016e-02
1.390858936425893944e+03	2.271698878404054267e-01	1.425120174743532697e-01	2.731436997068027450e-01	1.635137494088675925e-01	7.732166620187670703e-02	3.301687198787245370e-02	8.332210737969014680e-02
1.393277821532721646e+03	2.269057845909475124e-01	1.423315007897237860e-01	2.733311960571010446e-01	1.636235063675175738e-01	7.736717835449814784e-02	3.304888234760621629e-02	8.339195149247405348e-02
1.395696706639549120e+03	2.266424259844534717e-01	1.421514932604169279e-01	2.735181413096305358e-01	1.637329507041630772e-01	7.741256530002636749e-02	3.308082115449730715e-02	8.346160228668066117e-02
1.398115591746377049e+03	2.263798099171495104e-01	1.419719934471187495e-01	2.737045370330385419e-01	1.638420833758514050e-01	7.745782740931408950e-02	3.311268850347633824e-02	8.353106031391963060e-02
1.400534476853204296e+03	2.261179342912318369e-01	1.417929999145986775e-01	2.738903847915331591e-01	1.639509053363918112e-01	7.750296505202462771e-02	3.314448448988853435e-02	8.360032612419961151e-02
1.402953361960032225e+03	2.258567970148493143e-01	1.416145112316979093e-01	2.740756861448955251e-01	1.640594175363684903e-01	7.754797859663613291e-02	3.317620920948818192e-02	8.366940026593276680e-02
1.405372247066859927e+03	2.255963960020863357e-01	1.414365259713179224e-01	2.742604426484923641e-01	1.641676209231534844e-01	7.759286841044596428e-02	3.320786275843314039e-02	8.373828328593915793e-02
1.407791132173687402e+03	2.253367291729456157e-01	1.412590427104088997e-01	2.744446558532886993e-01	1.642755164409196167e-01	7.763763485957490829e-02	3.323944523327936051e-02	8.380697572945124130e-02
1.410210017280515103e+03	2.250777944533312869e-01	1.410820600299584338e-01	2.746283273058602314e-01	1.643831050306532038e-01	7.768227830897143915e-02	3.327095673097548584e-02	8.387547814011823977e-02
1.412628902387342805e+03	2.248195897750316641e-01	1.409055765149797856e-01	2.748114585484058292e-01	1.644903876301668511e-01	7.772679912241600708e-02	3.330239734885743347e-02	8.394379106001069457e-02
1.415047787494170507e+03	2.245621130757024797e-01	1.407295907545006997e-01	2.749940511187598524e-01	1.645973651741120536e-01	7.777119766252515998e-02	3.333376718464309968e-02	8.401191502962482294e-02
1.417466672600997981e+03	2.243053622988498141e-01	1.405541013415519125e-01	2.751761065504046422e-01	1.647040385939918805e-01	7.781547429075585942e-02	3.336506633642704472e-02	8.407985058788695898e-02
1.419885557707825683e+03	2.240493353938133314e-01	1.403791068731557734e-01	2.753576263724828443e-01	1.648104088181734372e-01	7.785962936740954687e-02	3.339629490267523315e-02	8.414759827215799459e-02
1.422304442814653157e+03	2.237940303157494315e-01	1.402046059503149478e-01	2.755386121098095109e-01	1.649164767719002722e-01	7.790366325163641803e-02	3.342745298221982964e-02	8.421515861823775095e-02
1.424723327921481086e+03	2.235394450256145693e-01	1.400305971780010650e-01	2.757190652828846456e-01	1.650222433773048947e-01	7.794757630143950289e-02	3.345854067425403644e-02	8.428253216036947493e-02
1.427142213028308333e+03	2.232855774901484625e-01	1.398570791651435052e-01	2.758989874079052496e-01	1.651277095534210149e-01	7.799136887367884297e-02	3.348955807832692394e-02	8.434971943124416893e-02
1.429561098135136262e+03	2.230324256818575768e-01	1.396840505246181030e-01	2.760783799967775898e-01	1.652328762161958120e-01	7.803504132407555749e-02	3.352050529433840687e-02	8.441672096200504571e-02
1.431979983241963964e+03	2.227799875789984729e-01	1.395115098732359615e-01	2.762572445571294666e-01	1.653377442785022855e-01	7.807859400721595122e-02	3.355138242253411646e-02	8.448353728225189985e-02
1.434398868348791666e+03	2.225282611655611253e-01	1.393394558317322118e-01	2.764355825923220933e-01	1.654423146501511066e-01	7.812202727655560841e-02	3.358218956350043222e-02	8.455016892004547924e-02
1.436817753455619140e+03	2.222772444312527684e-01	1.391678870247549660e-01	2.766133956014624196e-01	1.655465882379029974e-01	7.816534148442348673e-02	3.361292681815952060e-02	8.461661640191193989e-02
1.439236638562446842e+03	2.220269353714810767e-01	1.389968020808540206e-01	2.767906850794150664e-01	1.656505659454805268e-01	7.820853698202587245e-02	3.364359428776436678e-02	8.468288025284713416e-02
1.441655523669274316e+03	2.217773319873380666e-01	1.388261996324699210e-01	2.769674525168144275e-01	1.657542486735802401e-01	7.825161411945047440e-02	3.367419207389391045e-02	8.474896099632103774e-02
1.444074408776102018e+03	2.215284322855836929e-01	1.386560783159228316e-01	2.771436994000764931e-01	1.658576373198843434e-01	7.829457324567043464e-02	3.370472027844818863e-02	8.481485915428210731e-02
1.446493293882929493e+03	2.212802342786294174e-01	1.384864367714014333e-01	2.773194272114110626e-01	1.659607327790727505e-01	7.833741470854826972e-02	3.373517900364349925e-02	8.488057524716161040e-02
1.448912178989757422e+03	2.210327359845222495e-01	1.383172736429519878e-01	2.774946374288334572e-01	1.660635359428347113e-01	7.838013885483993692e-02	3.376556835200764800e-02	8.494610979387802463e-02
1.451331064096585123e+03	2.207859354269283425e-01	1.381485875784673467e-01	2.776693315261765105e-01	1.661660476998805536e-01	7.842274603019867840e-02	3.379588842637519519e-02	8.501146331184133986e-02
1.453749949203412370e+03	2.205398306351169790e-01	1.379803772296759878e-01	2.778435109731023922e-01	1.662682689359533672e-01	7.846523657917905958e-02	3.382613932988276506e-02	8.507663631695737416e-02
1.456168834310240300e+03	2.202944196439444169e-01	1.378126412521311350e-01	2.780171772351144321e-01	1.663702005338405787e-01	7.850761084524086886e-02	3.385632116596436203e-02	8.514162932363214531e-02
1.458587719417068001e+03	2.200497004938379020e-01	1.376453783051997393e-01	2.781903317735688330e-01	1.664718433733854697e-01	7.854986917075298947e-02	3.388643403834676326e-02	8.520644284477618680e-02
1.461006604523895703e+03	2.198056712307797089e-01	1.374785870520518205e-01	2.783629760456866054e-01	1.665731983314986953e-01	7.859201189699734080e-02	3.391647805104493207e-02	8.527107739180883605e-02
1.463425489630723177e+03	2.195623299062910982e-01	1.373122661596494487e-01	2.785351115045650028e-01	1.666742662821696086e-01	7.863403936417275031e-02	3.394645330835744518e-02	8.533553347466257821e-02
1.465844374737550879e+03	2.193196745774166345e-01	1.371464142987360024e-01	2.787067395991895125e-01	1.667750480964777238e-01	7.867595191139875599e-02	3.397635991486198936e-02	8.539981160178727881e-02
1.468263259844378354e+03	2.190777033067081714e-01	1.369810301438254274e-01	2.788778617744452903e-01	1.668755446426039568e-01	7.871774987671958934e-02	3.400619797541087896e-02	8.546391228015451369e-02
1.470682144951206283e+03	2.188364141622090586e-01	1.368161123731915507e-01	2.790484794711289851e-01	1.669757567858420055e-01	7.875943359710781133e-02	3.403596759512662884e-02	8.552783601526184332e-02
1.473101030058033530e+03	2.185958052174385713e-01	1.366516596688571450e-01	2.792185941259600068e-01	1.670756853886092852e-01	7.880100340846826756e-02	3.406566887939750654e-02	8.559158331113712881e-02
1.475519915164861459e+03	2.183558745513760335e-01	1.364876707165834924e-01	2.793882071715922955e-01	1.671753313104583638e-01	7.884245964564187692e-02	3.409530193387319552e-02	8.565515467034265362e-02
1.477938800271689161e+03	2.181166202484453032e-01	1.363241442058595598e-01	2.795573200366258670e-01	1.672746954080877591e-01	7.888380264240933692e-02	3.412486686446044443e-02	8.571855059397957832e-02
1.480357685378516862e+03	2.178780403984991454e-01	1.361610788298915076e-01	2.797259341456183046e-01	1.673737785353532070e-01	7.892503273149496790e-02	3.415436377731877887e-02	8.578177158169197902e-02
1.482776570485344337e+03	2.176401330968036063e-01	1.359984732855920031e-01	2.798940509190959713e-01	1.674725815432785148e-01	7.896615024457039056e-02	3.418379277885620626e-02	8.584481813167127440e-02
