1.301360187473271253e+03	2.371086856368448403e-01	1.496805606828349733e-01	2.609180773921880858e-01	1.616339832196371507e-01	7.622288966588475212e-02	3.199730978260031250e-02	8.243849361988156432e-02
1.306197957686926657e+03	2.365246291433237280e-01	1.492792621007220377e-01	2.612999373647052481e-01	1.618961921660563019e-01	7.632985599334222993e-02	3.206758725301034341e-02	8.260253597871183850e-02
1.311035727900581833e+03	2.359438629227264828e-01	1.488802254531955971e-01	2.616795031982274700e-01	1.621569108785610447e-01	7.643626850038973131e-02	3.213757189338331544e-02	8.276565715338807250e-02
1.315873498114237009e+03	2.353663683795781669e-01	1.484834379499229973e-01	2.620567897633849230e-01	1.624161474743956723e-01	7.654213006689546128e-02	3.220726436940887089e-02	8.292786199628561505e-02
1.320711268327892412e+03	2.347921270244720804e-01	1.480888868731253249e-01	2.624318118217615625e-01	1.626739100315264808e-01	7.664744355640240592e-02	3.227666535371832846e-02	8.308915533886548910e-02
1.325549038541547588e+03	2.342211204734346575e-01	1.476965595771787265e-01	2.628045840268237177e-01	1.629302065887694440e-01	7.675221181626040723e-02	3.234577552571383380e-02	8.324954199169094793e-02
1.330386808755202765e+03	2.336533304472956651e-01	1.473064434882166429e-01	2.631751209248389123e-01	1.631850451459182505e-01	7.685643767775633683e-02	3.241459557140027176e-02	8.340902674444566900e-02
1.335224578968857941e+03	2.330887387710638137e-01	1.469185261037332380e-01	2.635434369557870804e-01	1.634384336638720070e-01	7.696012395624210467e-02	3.248312618322000273e-02	8.356761436595352976e-02
1.340062349182513572e+03	2.325273273733070301e-01	1.465327949921879924e-01	2.639095464542623448e-01	1.636903800647633300e-01	7.706327345126086359e-02	3.255136805989024273e-02	8.372530960420002111e-02
1.344900119396168748e+03	2.319690782855380051e-01	1.461492377926115471e-01	2.642734636503664136e-01	1.639408922320863549e-01	7.716588894667135434e-02	3.261932190624319133e-02	8.388211718635495140e-02
1.349737889609823924e+03	2.314139736416044590e-01	1.457678422142127950e-01	2.646352026705936500e-01	1.641899780108250495e-01	7.726797321077037706e-02	3.268698843306871993e-02	8.403804181879678814e-02
1.354575659823479100e+03	2.308619956770840698e-01	1.453885960359875829e-01	2.649947775387073157e-01	1.644376452075814177e-01	7.736952899641344472e-02	3.275436835695969690e-02	8.419308818713829023e-02
1.359413430037134731e+03	2.303131267286842587e-01	1.450114871063284405e-01	2.653522021766078209e-01	1.646839015907041737e-01	7.747055904113377134e-02	3.282146240015985234e-02	8.434726095625350029e-02
1.364251200250789907e+03	2.297673492336461953e-01	1.446365033426362245e-01	2.657074904051925923e-01	1.649287548904171397e-01	7.757106606725942821e-02	3.288827129041413388e-02	8.450056477030609692e-02
1.369088970464445310e+03	2.292246457291534090e-01	1.442636327309330113e-01	2.660606559452078357e-01	1.651722127989482536e-01	7.767105278202894592e-02	3.295479576082153972e-02	8.465300425277888507e-02
1.373926740678100487e+03	2.286849988517447585e-01	1.438928633254765166e-01	2.664117124180918617e-01	1.654142829706584106e-01	7.777052187770525093e-02	3.302103654969037322e-02	8.480458400650475737e-02
1.378764510891755890e+03	2.281483913367317873e-01	1.435241832483762359e-01	2.667606733468109170e-01	1.656549730221706651e-01	7.786947603168789533e-02	3.308699440039587075e-02	8.495530861369854359e-02
1.383602281105411066e+03	2.276148060176198806e-01	1.431575806892113889e-01	2.671075521566865785e-01	1.658942905324996275e-01	7.796791790662392641e-02	3.315267006124020949e-02	8.510518263599026190e-02
1.388440051319066470e+03	2.270842258255340307e-01	1.427930439046500299e-01	2.674523621762158188e-01	1.661322430431808328e-01	7.806585015051707710e-02	3.321806428531478422e-02	8.525421061445938309e-02
1.393277821532721646e+03	2.265566337886482096e-01	1.424305612180703784e-01	2.677951166378824133e-01	1.663688380584004978e-01	7.816327539683547154e-02	3.328317783036482264e-02	8.540239706967017730e-02
1.398115591746377049e+03	2.260320130316191556e-01	1.420701210191834818e-01	2.681358286789614631e-01	1.666040830451256116e-01	7.826019626461795664e-02	3.334801145865615157e-02	8.554974650170815709e-02
1.402953361960032225e+03	2.255103467750236568e-01	1.417117117636579049e-01	2.684745113423159801e-01	1.668379854332336931e-01	7.835661535857893489e-02	3.341256593684426013e-02	8.569626339021750583e-02
1.407791132173687402e+03	2.249916183348000809e-01	1.413553219727459731e-01	2.688111775771858114e-01	1.670705526156432974e-01	7.845253526921180942e-02	3.347684203584544438e-02	8.584195219443949143e-02
1.412628902387342805e+03	2.244758111216933749e-01	1.410009402329118755e-01	2.691458402399690697e-01	1.673017919484444394e-01	7.854795857289109673e-02	3.354084053071015870e-02	8.598681735325190700e-02
1.417466672600997981e+03	2.239629086407040059e-01	1.406485551954615720e-01	2.694785120949962920e-01	1.675317107510291559e-01	7.864288783197316557e-02	3.360456220049840015e-02	8.613086328520937196e-02
1.422304442814653157e+03	2.234528944905404824e-01	1.402981555761745325e-01	2.698092058152970485e-01	1.677603163062224567e-01	7.873732559489567129e-02	3.366800782815721621e-02	8.627409438858457680e-02
1.427142213028308333e+03	2.229457523630757054e-01	1.399497301549371964e-01	2.701379339833595017e-01	1.679876158604133030e-01	7.883127439627574118e-02	3.373117820040021780e-02	8.641651504141034668e-02
1.431979983241963964e+03	2.224414660428065960e-01	1.396032677753784035e-01	2.704647090918825270e-01	1.682136166236856967e-01	7.892473675700689695e-02	3.379407410758909075e-02	8.655812960152274582e-02
1.436817753455619140e+03	2.219400194063174958e-01	1.392587573445067117e-01	2.707895435445210053e-01	1.684383257699502423e-01	7.901771518435474206e-02	3.385669634361710562e-02	8.669894240660472318e-02
1.441655523669274316e+03	2.214413964217469832e-01	1.389161878323492139e-01	2.711124496566235109e-01	1.686617504370755971e-01	7.911021217205140010e-02	3.391904570579451494e-02	8.683895777423081275e-02
1.446493293882929493e+03	2.209455811482582965e-01	1.385755482715926856e-01	2.714334396559637264e-01	1.688838977270201158e-01	7.920223020038885675e-02	3.398112299473590725e-02	8.697818000191250010e-02
1.451331064096585123e+03	2.204525577355128108e-01	1.382368277572263437e-01	2.717525256834641967e-01	1.691047747059638562e-01	7.929377173631117770e-02	3.404292901424944146e-02	8.711661336714429660e-02
1.456168834310240300e+03	2.199623104231473170e-01	1.379000154461865191e-01	2.720697197939138112e-01	1.693243884044404457e-01	7.938483923350544980e-02	3.410446457122789238e-02	8.725426212745071575e-02
1.461006604523895703e+03	2.194748235402542158e-01	1.375651005570031060e-01	2.723850339566782908e-01	1.695427458174693924e-01	7.947543513249177849e-02	3.416573047554154197e-02	8.739113052043381846e-02
1.465844374737550879e+03	2.189900815048654026e-01	1.372320723694482325e-01	2.726984800564037914e-01	1.697598539046882571e-01	7.956556186071211956e-02	3.422672753993285383e-02	8.752722276382148003e-02
1.470682144951206283e+03	2.185080688234391499e-01	1.369009202241863177e-01	2.730100698937140691e-01	1.699757195904852414e-01	7.965522183261809774e-02	3.428745657991293799e-02	8.766254305551637871e-02
1.475519915164861459e+03	2.180287700903502379e-01	1.365716335224263778e-01	2.733198151859009273e-01	1.701903497641315821e-01	7.974441744975770130e-02	3.434791841365970183e-02	8.779709557364556716e-02
1.480357685378516862e+03	2.175521699873833592e-01	1.362442017255761917e-01	2.736277275676084475e-01	1.704037512799144172e-01	7.983315110086110222e-02	3.440811386191776344e-02	8.793088447661076557e-02
1.485195455592172038e+03	2.170782532832297440e-01	1.359186143548981318e-01	2.739338185915100032e-01	1.706159309572695681e-01	7.992142516192536628e-02	3.446804374790001652e-02	8.806391390313919598e-02
1.490033225805827215e+03	2.166070048329866715e-01	1.355948609911670766e-01	2.742380997289798339e-01	1.708268955809142953e-01	8.000924199629821931e-02	3.452770889719085357e-02	8.819618797233501339e-02
1.494870996019482618e+03	2.161384095776602288e-01	1.352729312743301271e-01	2.745405823707579018e-01	1.710366519009804687e-01	8.009660395476089767e-02	3.458711013765104064e-02	8.832771078373137519e-02
1.499708766233137567e+03	2.156724525436711226e-01	1.349528149031681556e-01	2.748412778276079216e-01	1.712452066331476008e-01	8.018351337560998549e-02	3.464624829932417410e-02	8.845848641734301021e-02
1.504546536446793198e+03	2.152091188423637391e-01	1.346345016349592971e-01	2.751401973309703375e-01	1.714525664587760734e-01	8.026997258473841934e-02	3.470512421434473332e-02	8.858851893371935682e-02
1.509384306660448374e+03	2.147483936695177009e-01	1.343179812851443278e-01	2.754373520336080849e-01	1.716587380250403638e-01	8.035598389571549371e-02	3.476373871684769468e-02	8.871781237399828379e-02
1.514222076874103550e+03	2.142902623048628941e-01	1.340032437269937926e-01	2.757327530102469670e-01	1.718637279450623279e-01	8.044154960986614478e-02	3.482209264287964429e-02	8.884637075996019984e-02
1.519059847087758726e+03	2.138347101115971871e-01	1.336902788912771867e-01	2.760264112582095919e-01	1.720675427980447036e-01	8.052667201634913785e-02	3.488018683031143818e-02	8.897419809408275981e-02
1.523897617301414357e+03	2.133817225359072034e-01	1.333790767659337462e-01	2.763183376980436479e-01	1.722701891294043941e-01	8.061135339223463037e-02	3.493802211875235431e-02	8.910129835959601508e-02
1.528735387515069533e+03	2.129312851064919243e-01	1.330696273957453213e-01	2.766085431741441836e-01	1.724716734509061100e-01	8.069559600258076337e-02	3.499559934946566003e-02	8.922767552053804951e-02
1.533573157728724709e+03	2.124833834340892347e-01	1.327619208820109142e-01	2.768970384553699482e-01	1.726720022407957356e-01	8.077940210050948977e-02	3.505291936528564384e-02	8.935333352181100419e-02
1.538410927942380113e+03	2.120380032110052992e-01	1.324559473822231603e-01	2.771838342356542362e-01	1.728711819439339437e-01	8.086277392728156987e-02	3.510998301053611104e-02	8.947827628923765708e-02
1.543248698156035516e+03	2.115951302106467147e-01	1.321516971097465853e-01	2.774689411346095147e-01	1.730692189719297558e-01	8.094571371237080371e-02	3.516679113095017711e-02	8.960250772961833587e-02
1.548086468369690692e+03	2.111547502870555482e-01	1.318491603334978057e-01	2.777523696981271661e-01	1.732661197032741018e-01	8.102822367353756938e-02	3.522334457359153209e-02	8.972603173078820549e-02
1.552924238583346096e+03	2.107168493744471238e-01	1.315483273776272832e-01	2.780341303989707358e-01	1.734618904834732966e-01	8.111030601690141784e-02	3.527964418677699554e-02	8.984885216167511068e-02
1.557762008797001272e+03	2.102814134867506124e-01	1.312491886212032721e-01	2.783142336373641834e-01	1.736565376251827941e-01	8.119196293701304301e-02	3.533569082000043854e-02	8.997097287235759910e-02
1.562599779010656675e+03	2.098484287171523965e-01	1.309517344978971820e-01	2.785926897415748060e-01	1.738500674083404696e-01	8.127319661692561370e-02	3.539148532385801016e-02	9.009239769412345777e-02
1.567437549224311852e+03	2.094178812376419618e-01	1.306559554956710223e-01	2.788695089684900541e-01	1.740424860803004570e-01	8.135400922826518944e-02	3.544702854997464764e-02	9.021313043952858268e-02
1.572275319437967255e+03	2.089897572985608409e-01	1.303618421564664842e-01	2.791447015041897406e-01	1.742337998559662926e-01	8.143440293130053964e-02	3.550232135093185637e-02	9.033317490245613979e-02
1.577113089651622431e+03	2.085640432281537782e-01	1.300693850758959103e-01	2.794182774645122547e-01	1.744240149179247246e-01	8.151437987501231053e-02	3.555736458019675972e-02	9.045253485817615624e-02
1.581950859865277607e+03	2.081407254321230582e-01	1.297785749029348734e-01	2.796902468956160015e-01	1.746131374165788563e-01	8.159394219716145646e-02	3.561215909205239089e-02	9.057121406340527814e-02
1.586788630078933011e+03	2.077197903931850831e-01	1.294894023396166438e-01	2.799606197745354019e-01	1.748011734702815678e-01	8.167309202435699134e-02	3.566670574152914358e-02	9.068921625636702788e-02
1.591626400292587959e+03	2.073012246706299189e-01	1.292018581407284594e-01	2.802294060097317852e-01	1.749881291654688531e-01	8.175183147212314316e-02	3.572100538433750638e-02	9.080654515685222805e-02
1.596464170506243590e+03	2.068850148998829519e-01	1.289159331135094344e-01	2.804966154416390633e-01	1.751740105567929917e-01	8.183016264496581482e-02	3.577505887680189345e-02	9.092320446627977226e-02
1.601301940719898766e+03	2.064711477920696814e-01	1.286316181173502160e-01	2.807622578432044658e-01	1.753588236672557477e-01	8.190808763643844803e-02	3.582886707579568952e-02	9.103919786775764578e-02
1.606139710933553943e+03	2.060596101335827879e-01	1.283489040634944456e-01	2.810263429204244434e-01	1.755425744883413186e-01	8.198560852920727671e-02	3.588243083867740518e-02	9.115452902614422370e-02
1.610977481147209119e+03	2.056503887856517276e-01	1.280677819147419405e-01	2.812888803128750781e-01	1.757252689801494239e-01	8.206272739511590031e-02	3.593575102322798392e-02	9.126920158810986061e-02
1.615815251360864750e+03	2.052434706839151302e-01	1.277882426851533748e-01	2.815498795942382171e-01	1.759069130715280593e-01	8.213944629524932983e-02	3.598882848758920561e-02	9.138321918219866058e-02
1.620653021574519926e+03	2.048388428379952775e-01	1.275102774397570415e-01	2.818093502728222788e-01	1.760875126602062801e-01	8.221576727999745093e-02	3.604166409020316542e-02	9.149658541889052477e-02
1.625490791788175102e+03	2.044364923310754145e-01	1.272338772942570029e-01	2.820673017920785064e-01	1.762670736129269000e-01	8.229169238911784867e-02	3.609425868975284918e-02	9.160930389066347657e-02
1.630328562001830505e+03	2.040364063194796129e-01	1.269590334147430444e-01	2.823237435311125032e-01	1.764456017655788855e-01	8.236722365179811878e-02	3.614661314510376339e-02	9.172137817205608390e-02
1.635166332215485909e+03	2.036385720322546888e-01	1.266857370174023223e-01	2.825786848051907163e-01	1.766231029233299166e-01	8.244236308671754054e-02	3.619872831524661300e-02	9.183281181973021456e-02
1.640004102429141085e+03	2.032429767707550072e-01	1.264139793682325930e-01	2.828321348662427570e-01	1.767995828607584752e-01	8.251711270210834726e-02	3.625060505924098536e-02	9.194360837253386098e-02
1.644841872642796488e+03	2.028496079082294512e-01	1.261437517827571908e-01	2.830841029033587253e-01	1.769750473219859899e-01	8.259147449581627498e-02	3.630224423616005419e-02	9.205377135156435353e-02
1.649679642856451665e+03	2.024584528894108615e-01	1.258750456257416717e-01	2.833345980432820932e-01	1.771495020208088411e-01	8.266545045536073666e-02	3.635364670503628964e-02	9.216330426023154609e-02
1.654517413070107068e+03	2.020694992301080850e-01	1.256078523109120104e-01	2.835836293508980366e-01	1.773229526408301171e-01	8.273904255799435781e-02	3.640481332480813986e-02	9.227221058432127920e-02
1.659355183283762244e+03	2.016827345168000218e-01	1.253421633006744640e-01	2.838312058297174367e-01	1.774954048355913416e-01	8.281225277076206814e-02	3.645574495426769090e-02	9.238049379205898193e-02
1.664192953497417420e+03	2.012981464062323367e-01	1.250779701058370996e-01	2.840773364223564412e-01	1.776668642287037858e-01	8.288508305055963810e-02	3.650644245200923566e-02	9.248815733417350970e-02
1.669030723711072824e+03	2.009157226250165018e-01	1.248152642853328914e-01	2.843220300110111398e-01	1.778373364139798352e-01	8.295753534419178510e-02	3.655690667637884195e-02	9.259520464396103767e-02
1.673868493924728000e+03	2.005354509692310605e-01	1.245540374459444266e-01	2.845652954179289096e-01	1.780068269555641347e-01	8.302961158842969702e-02	3.660713848542480192e-02	9.270163913734906502e-02
1.678706264138383403e+03	2.001573193040252219e-01	1.242942812420302912e-01	2.848071414058743200e-01	1.781753413880644565e-01	8.310131371006812540e-02	3.665713873684899732e-02	9.280746421296069693e-02
1.683544034352038352e+03	1.997813155632249260e-01	1.240359873752528430e-01	2.850475766785917076e-01	1.783428852166824563e-01	8.317264362598204841e-02	3.670690828795915989e-02	9.291268325217895419e-02
1.688381804565693983e+03	1.994074277489411018e-01	1.237791475943078728e-01	2.852866098812631424e-01	1.785094639173441522e-01	8.324360324318276494e-02	3.675644799562199916e-02	9.301729961921112455e-02
1.693219574779349159e+03	1.990356439311800618e-01	1.235237536946554859e-01	2.855242496009620101e-01	1.786750829368302929e-01	8.331419445887357222e-02	3.680575871621724615e-02	9.312131666115346096e-02
1.698057344993004335e+03	1.986659522474564232e-01	1.232697975182528022e-01	2.857605043671031519e-01	1.788397476929064478e-01	8.338441916050502722e-02	3.685484130559250199e-02	9.322473770805576876e-02
1.702895115206659511e+03	1.982983409024081656e-01	1.230172709532881131e-01	2.859953826518882303e-01	1.790034635744529035e-01	8.345427922582973612e-02	3.690369661901894000e-02	9.332756607298611784e-02
1.707732885420315142e+03	1.979327981674138259e-01	1.227661659339166211e-01	2.862288928707472646e-01	1.791662359415942540e-01	8.352377652295664423e-02	3.695232551114784741e-02	9.342980505209577680e-02
1.712570655633970318e+03	1.975693123802120810e-01	1.225164744399976080e-01	2.864610433827765590e-01	1.793280701258289089e-01	8.359291291040497895e-02	3.700072883596799284e-02	9.353145792468407771e-02
1.717408425847625494e+03	1.972078719445235218e-01	1.222681884968332411e-01	2.866918424911721885e-01	1.794889714301582950e-01	8.366169023715772091e-02	3.704890744676374997e-02	9.363252795326348910e-02
1.722246196061280898e+03	1.968484653296744546e-01	1.220213001749088783e-01	2.869212984436597114e-01	1.796489451292157535e-01	8.373011034271472808e-02	3.709686219607406799e-02	9.373301838362459171e-02
1.727083966274936301e+03	1.964910810702231170e-01	1.217758015896348855e-01	2.871494194329201055e-01	1.798079964693953259e-01	8.379817505714523551e-02	3.714459393565220507e-02	9.383293244490133189e-02
1.731921736488591478e+03	1.961357077655878356e-01	1.215316849010898148e-01	2.873762135970117093e-01	1.799661306689801787e-01	8.386588620114024395e-02	3.719210351642621148e-02	9.393227334963616393e-02
1.736759506702246881e+03	1.957823340796776002e-01	1.212889423137653439e-01	2.876016890197887754e-01	1.801233529182708348e-01	8.393324558606425623e-02	3.723939178846018966e-02	9.403104429384528951e-02
1.741597276915902057e+03	1.954309487405244405e-01	1.210475660763123545e-01	2.878258537313154175e-01	1.802796683797130428e-01	8.400025501400670835e-02	3.728645960091631073e-02	9.412924845708398047e-02
1.746435047129557461e+03	1.950815405399183855e-01	1.208075484812888706e-01	2.880487157082768368e-01	1.804350821880255917e-01	8.406691627783312304e-02	3.733330780201750410e-02	9.422688900251191546e-02
1.751272817343212637e+03	1.947340983330440034e-01	1.205688818649090915e-01	2.882702828743863299e-01	1.805895994503276814e-01	8.413323116123562484e-02	3.737993723901095189e-02	9.432396907695854427e-02
1.756110587556867813e+03	1.943886110381194965e-01	1.203315586067941340e-01	2.884905631007885218e-01	1.807432252462659872e-01	8.419920143878330265e-02	3.742634875813222878e-02	9.442049181098849386e-02
1.760948357770523216e+03	1.940450676360377380e-01	1.200955711297241740e-01	2.887095642064594347e-01	1.808959646281415867e-01	8.426482887597211424e-02	3.747254320457020504e-02	9.451646031896693279e-02
1.765786127984178393e+03	1.937034571700091967e-01	1.198609118993918532e-01	2.889272939586025601e-01	1.810478226210366082e-01	8.433011522927433279e-02	3.751852142243256721e-02	9.461187769912510204e-02
1.770623898197833569e+03	1.933637687452072484e-01	1.196275734241573629e-01	2.891437600730417112e-01	1.811988042229403240e-01	8.439506224618781305e-02	3.756428425471208116e-02	9.470674703362570723e-02
1.775461668411488745e+03	1.930259915284153194e-01	1.193955482548048064e-01	2.893589702146101561e-01	1.813489144048753832e-01	8.445967166528473014e-02	3.760983254325349356e-02	9.480107138862838012e-02
1.780299438625144376e+03	1.926901147476760834e-01	1.191648289843000308e-01	2.895729319975364757e-01	1.814981581110233499e-01	8.452394521626004076e-02	3.765516712872108568e-02	9.489485381435514011e-02
1.785137208838799552e+03	1.923561276919427965e-01	1.189354082475497787e-01	2.897856529858269803e-01	1.816465402588502143e-01	8.458788461997962527e-02	3.770028885056692786e-02	9.498809734515585579e-02
1.789974979052454728e+03	1.920240197107326297e-01	1.187072787211623515e-01	2.899971406936443508e-01	1.817940657392315140e-01	8.465149158852798561e-02	3.774519854699968924e-02	9.508080499957369258e-02
1.794812749266109904e+03	1.916937802137818336e-01	1.184804331232095775e-01	2.902074025856834494e-01	1.819407394165769576e-01	8.471476782525566573e-02	3.778989705495416906e-02	9.517297978041047712e-02
1.799650519479765535e+03	1.913653986707032073e-01	1.182548642129902100e-01	2.904164460775437440e-01	1.820865661289551019e-01	8.477771502482632504e-02	3.783438521006136923e-02	9.526462467479221430e-02
1.804488289693420711e+03	1.910388646106451760e-01	1.180305647907946287e-01	2.906242785360977354e-01	1.822315506882174474e-01	8.484033487326350653e-02	3.787866384661923297e-02	9.535574265423442386e-02
1.809326059907075887e+03	1.907141676219531179e-01	1.178075276976710412e-01	2.908309072798573314e-01	1.823756978801222561e-01	8.490262904799697474e-02	3.792273379756395946e-02	9.544633667470746319e-02
1.814163830120731291e+03	1.903912973518325502e-01	1.175857458151928492e-01	2.910363395793357788e-01	1.825190124644582024e-01	8.496459921790890102e-02	3.796659589444192212e-02	9.553640967670196105e-02
1.819001600334386467e+03	1.900702435060141748e-01	1.173652120652275282e-01	2.912405826574073764e-01	1.826614991751673855e-01	8.502624704337953532e-02	3.801025096738216286e-02	9.562596458529398769e-02
1.823839370548041643e+03	1.897509958484211445e-01	1.171459194097067974e-01	2.914436436896633009e-01	1.828031627204684539e-01	8.508757417633271147e-02	3.805369984506946912e-02	9.571500431021037758e-02
1.828677140761696819e+03	1.894335442008377723e-01	1.169278608503980105e-01	2.916455298047646028e-01	1.829440077829789790e-01	8.514858226028097776e-02	3.809694335471798532e-02	9.580353174589392728e-02
1.833514910975352450e+03	1.891178784425806558e-01	1.167110294286770877e-01	2.918462480847924811e-01	1.830840390198376078e-01	8.520927293037040828e-02	3.813998232204544175e-02	9.589154977156851001e-02
1.838352681189008081e+03	1.888039885101713555e-01	1.164954182253025855e-01	2.920458055655947294e-01	1.832232610628262426e-01	8.526964781342509514e-02	3.818281757124789705e-02	9.597906125130427346e-02
1.843190451402663257e+03	1.884918643970110441e-01	1.162810203601910841e-01	2.922442092371297928e-01	1.833616785184912223e-01	8.532970852799143247e-02	3.822544992497500099e-02	9.606606903408257403e-02
1.848028221616318433e+03	1.881814961530571817e-01	1.160678289921940332e-01	2.924414660438074409e-01	1.834992959682647251e-01	8.538945668438199799e-02	3.826788020430581944e-02	9.615257595386100808e-02
1.852865991829973609e+03	1.878728738845018287e-01	1.158558373188756790e-01	2.926375828848264971e-01	1.836361179685855327e-01	8.544889388471918479e-02	3.831010922872519348e-02	9.623858482963833227e-02
1.857703762043628785e+03	1.875659877534518738e-01	1.156450385762924360e-01	2.928325666145098483e-01	1.837721490510196010e-01	8.550802172297856940e-02	3.835213781610057049e-02	9.632409846551934218e-02
1.862541532257283961e+03	1.872608279776112605e-01	1.154354260387734227e-01	2.930264240426366240e-01	1.839073937223800470e-01	8.556684178503191907e-02	3.839396678265940416e-02	9.640911965077955670e-02
1.867379302470939592e+03	1.869573848299649343e-01	1.152269930187024144e-01	2.932191619347707112e-01	1.840418564648471367e-01	8.562535564868997695e-02	3.843559694296699858e-02	9.649365115993002728e-02
1.872217072684594768e+03	1.866556486384644553e-01	1.150197328663008500e-01	2.934107870125876039e-01	1.841755417360875779e-01	8.568356488374494206e-02	3.847702910990487279e-02	9.657769575278189744e-02
1.877054842898249490e+03	1.863556097857156646e-01	1.148136389694122961e-01	2.936013059541973669e-01	1.843084539693736756e-01	8.574147105201269936e-02	3.851826409464959716e-02	9.666125617451093444e-02
1.881892613111905121e+03	1.860572587086680718e-01	1.146087047532880349e-01	2.937907253944653796e-01	1.844405975737019032e-01	8.579907570737470290e-02	3.855930270665214321e-02	9.674433515572196385e-02
1.886730383325560297e+03	1.857605858983059910e-01	1.144049236803739017e-01	2.939790519253301926e-01	1.845719769339114469e-01	8.585638039581969250e-02	3.860014575361766370e-02	9.682693541251330416e-02
1.891568153539215928e+03	1.854655818993415084e-01	1.142022892500984266e-01	2.941662920961184424e-01	1.847025964108020279e-01	8.591338665548504949e-02	3.864079404148575148e-02	9.690905964654096538e-02
1.896405923752871104e+03	1.851722373099090324e-01	1.140007949986621832e-01	2.943524524138574905e-01	1.848324603412515865e-01	8.597009601669793055e-02	3.868124837441116320e-02	9.699071054508284773e-02
1.901243693966526507e+03	1.848805427812618696e-01	1.138004344988282207e-01	2.945375393435847866e-01	1.849615730383334933e-01	8.602651000201613773e-02	3.872150955474495948e-02	9.707189078110277369e-02
1.906081464180181683e+03	1.845904890174705215e-01	1.136012013597138964e-01	2.947215593086550123e-01	1.850899387914334837e-01	8.608263012626875266e-02	3.876157838301614450e-02	9.715260301331447856e-02
1.910919234393836859e+03	1.843020667751223973e-01	1.134030892265838059e-01	2.949045186910445038e-01	1.852175618663659540e-01	8.613845789659642371e-02	3.880145565791369433e-02	9.723284988624551761e-02
1.915757004607492036e+03	1.840152668630236077e-01	1.132060917806439193e-01	2.950864238316529553e-01	1.853444465054903401e-01	8.619399481249150063e-02	3.884114217626903620e-02	9.731263403030095127e-02
1.920594774821147894e+03	1.837300801419023411e-01	1.130102027388369540e-01	2.952672810306025686e-01	1.854705969278266919e-01	8.624924236583786374e-02	3.888063873303892332e-02	9.739195806182698867e-02
1.925432545034802843e+03	1.834464975241139328e-01	1.128154158536388563e-01	2.954470965475347044e-01	1.855960173291710535e-01	8.630420204095053116e-02	3.891994612128876763e-02	9.747082458317454789e-02
1.930270315248458019e+03	1.831645099733475446e-01	1.126217249128565051e-01	2.956258766019038697e-01	1.857207118822104541e-01	8.635887531461500233e-02	3.895906513217634731e-02	9.754923618276264974e-02
1.935108085462113195e+03	1.828841085043348136e-01	1.124291237394265952e-01	2.958036273732694288e-01	1.858446847366374832e-01	8.641326365612632399e-02	3.899799655493595141e-02	9.762719543514171427e-02
1.939945855675768371e+03	1.826052841825598627e-01	1.122376061912156164e-01	2.959803550015846496e-01	1.859679400192645049e-01	8.646736852732803125e-02	3.903674117686289219e-02	9.770470490105670480e-02
1.944783625889424002e+03	1.823280281239710865e-01	1.120471661608211239e-01	2.961560655874833081e-01	1.860904818341374833e-01	8.652119138265067233e-02	3.907529978329839226e-02	9.778176712751020239e-02
1.949621396103079178e+03	1.820523314946946580e-01	1.118577975753739240e-01	2.963307651925637942e-01	1.862123142626494199e-01	8.657473366915030555e-02	3.911367315761490188e-02	9.785838464782528612e-02
1.954459166316734354e+03	1.817781855107495348e-01	1.116694943963416481e-01	2.965044598396711084e-01	1.863334413636533182e-01	8.662799682654653832e-02	3.915186208120179784e-02	9.793455998170835786e-02
1.959296936530389530e+03	1.815055814377644072e-01	1.114822506193333118e-01	2.966771555131759719e-01	1.864538671735749276e-01	8.668098228726053844e-02	3.918986733345138779e-02	9.801029563531177269e-02
1.964134706744044706e+03	1.812345105906958131e-01	1.112960602739050675e-01	2.968488581592521047e-01	1.865735957065249861e-01	8.673369147645268451e-02	3.922768969174535852e-02	9.808559410129633060e-02
1.968972476957700337e+03	1.809649643335482228e-01	1.111109174233669977e-01	2.970195736861508395e-01	1.866926309544109652e-01	8.678612581206003596e-02	3.926532993144155048e-02	9.816045785889369879e-02
1.973810247171355968e+03	1.806969340790956779e-01	1.109268161645911716e-01	2.971893079644735702e-01	1.868109768870487297e-01	8.683828670483355328e-02	3.930278882586106526e-02	9.823488937396862575e-02
1.978648017385010689e+03	1.804304112886048750e-01	1.107437506278205613e-01	2.973580668274414807e-01	1.869286374522734495e-01	8.689017555837517948e-02	3.934006714627578949e-02	9.830889109908105827e-02
1.983485787598666320e+03	1.801653874715599957e-01	1.105617149764793888e-01	2.975258560711638300e-01	1.870456165760503164e-01	8.694179376917458846e-02	3.937716566189619627e-02	9.838246547354809191e-02
1.988323557812321269e+03	1.799018541853890651e-01	1.103807034069842624e-01	2.976926814549032407e-01	1.871619181625848172e-01	8.699314272664573910e-02	3.941408513985952822e-02	9.845561492350581034e-02
1.993161328025976900e+03	1.796398030351917807e-01	1.102007101485565493e-01	2.978585487013390987e-01	1.872775460944326453e-01	8.704422381316326285e-02	3.945082634521829279e-02	9.852834186197087507e-02
1.997999098239632076e+03	1.793792256734690893e-01	1.100217294630358306e-01	2.980234634968286223e-01	1.873925042326091139e-01	8.709503840409862918e-02	3.948739004092909760e-02	9.860064868890211498e-02
2.002836868453287707e+03	1.791201137998541526e-01	1.098437556446943963e-01	2.981874314916658775e-01	1.875067964166983181e-01	8.714558786785608913e-02	3.952377698784180493e-02	9.867253779126185231e-02
2.007674638666942428e+03	1.788624591608450054e-01	1.096667830200528382e-01	2.983504583003385724e-01	1.876204264649616871e-01	8.719587356590832727e-02	3.955998794468901930e-02	9.874401154307714534e-02
2.012512408880597604e+03	1.786062535495385184e-01	1.094908059476966400e-01	2.985125495017824093e-01	1.877333981744463143e-01	8.724589685283205831e-02	3.959602366807585261e-02	9.881507230550076737e-02
2.017350179094252780e+03	1.783514888053661374e-01	1.093158188180939350e-01	2.986737106396341046e-01	1.878457153210928154e-01	8.729565907634326272e-02	3.963188491247004314e-02	9.888572242687218572e-02
2.022187949307908411e+03	1.780981568138310656e-01	1.091418160534141785e-01	2.988339472224814108e-01	1.879573816598428815e-01	8.734516157733236696e-02	3.966757243019234519e-02	9.895596424277827707e-02
2.027025719521564042e+03	1.778462495062467508e-01	1.089687921073480004e-01	2.989932647241114738e-01	1.880684009247461097e-01	8.739440568989907676e-02	3.970308697140723098e-02	9.902580007611389012e-02
2.031863489735218764e+03	1.775957588594771763e-01	1.087967414649279457e-01	2.991516685837574130e-01	1.881787768290668350e-01	8.744339274138709928e-02	3.973842928411391168e-02	9.909523223714225559e-02
2.036701259948874394e+03	1.773466768956784012e-01	1.086256586423503950e-01	2.993091642063420155e-01	1.882885130653902950e-01	8.749212405241865720e-02	3.977360011413756669e-02	9.916426302355527134e-02
2.041539030162529116e+03	1.770989956820417377e-01	1.084555381867984419e-01	2.994657569627206528e-01	1.883976133057284896e-01	8.754060093692879463e-02	3.980860020512098224e-02	9.923289472053356541e-02
2.046376800376184747e+03	1.768527073305383446e-01	1.082863746762657287e-01	2.996214521899207561e-01	1.885060812016256526e-01	8.758882470219943317e-02	3.984343029851634965e-02	9.930112960080642037e-02
2.051214570589840150e+03	1.766078039976652081e-01	1.081181627193814193e-01	2.997762551913805695e-01	1.886139203842631673e-01	8.763679664889333087e-02	3.987809113357741742e-02	9.936896992471154488e-02
2.056052340803495554e+03	1.763642778841927328e-01	1.079508969552361031e-01	2.999301712371852946e-01	1.887211344645641775e-01	8.768451807108776364e-02	3.991258344735187924e-02	9.943641794025460945e-02
2.060890111017150957e+03	1.761221212349135812e-01	1.077845720532087104e-01	3.000832055643014584e-01	1.888277270332980040e-01	8.773199025630810943e-02	3.994690797467406046e-02	9.950347588316871272e-02
2.065727881230805451e+03	1.758813263383932346e-01	1.076191827127943867e-01	3.002353633768090058e-01	1.889337016611835895e-01	8.777921448556112727e-02	3.998106544815782648e-02	9.957014597697358416e-02
2.070565651444461309e+03	1.756418855267215529e-01	1.074547236634334352e-01	3.003866498461320034e-01	1.890390618989931104e-01	8.782619203336815283e-02	4.001505659818978267e-02	9.963643043303466174e-02
2.075403421658116713e+03	1.754037911752662215e-01	1.072911896643412299e-01	3.005370701112675680e-01	1.891438112776549496e-01	8.787292416779798887e-02	4.004888215292272402e-02	9.970233145062198932e-02
2.080241191871772116e+03	1.751670357024273927e-01	1.071285755043390048e-01	3.006866292790120743e-01	1.892479533083561982e-01	8.791941215049978164e-02	4.008254283826931386e-02	9.976785121696893355e-02
2.085078962085427065e+03	1.749316115693935747e-01	1.069668760016857234e-01	3.008353324241863636e-01	1.893514914826448237e-01	8.796565723673555048e-02	4.011603937789604696e-02	9.983299190733069262e-02
2.089916732299082469e+03	1.746975112798991592e-01	1.068060860039109217e-01	3.009831845898586766e-01	1.894544292725313384e-01	8.801166067541260629e-02	4.014937249321740703e-02	9.989775568504268011e-02
2.094754502512737417e+03	1.744647273799833365e-01	1.066462003876484099e-01	3.011301907875659767e-01	1.895567701305902186e-01	8.805742370911581740e-02	4.018254290339030865e-02	9.996214470157868681e-02
2.099592272726392821e+03	1.742332524577502317e-01	1.064872140584709886e-01	3.012763559975333294e-01	1.896585174900609072e-01	8.810294757413961175e-02	4.021555132530876125e-02	1.000261610966089038e-01
2.104430042940048224e+03	1.740030791431304569e-01	1.063291219507261909e-01	3.014216851688916177e-01	1.897596747649480942e-01	8.814823350051992357e-02	4.024839847359875517e-02	1.000898069980577232e-01
2.109267813153704083e+03	1.737742001076441611e-01	1.061719190273728020e-01	3.015661832198932579e-01	1.898602453501219423e-01	8.819328271206582082e-02	4.028108506061335581e-02	1.001530845221613591e-01
2.114105583367359031e+03	1.735466080641652198e-01	1.060156002798184338e-01	3.017098550381267508e-01	1.899602326214178682e-01	8.823809642639109108e-02	4.031361179642808240e-02	1.002159957735252876e-01
2.118943353581013525e+03	1.733202957666869493e-01	1.058601607277580431e-01	3.018527054807285115e-01	1.900596399357356858e-01	8.828267585494552205e-02	4.034597938883643931e-02	1.002785428451815619e-01
2.123781123794669384e+03	1.730952560100891269e-01	1.057055954190132957e-01	3.019947393745941455e-01	1.901584706311384432e-01	8.832702220304615437e-02	4.037818854334571106e-02	1.003407278186458224e-01
2.128618894008324787e+03	1.728714816299062040e-01	1.055518994293729168e-01	3.021359615165871149e-01	1.902567280269509831e-01	8.837113666990827066e-02	4.041023996317293782e-02	1.004025527639742649e-01
2.133456664221980191e+03	1.726489655020970737e-01	1.053990678624339011e-01	3.022763766737460722e-01	1.903544154238580310e-01	8.841502044867621812e-02	4.044213434924111977e-02	1.004640197398202345e-01
2.138294434435635139e+03	1.724277005428160037e-01	1.052470958494437087e-01	3.024159895834907519e-01	1.904515361040016452e-01	8.845867472645406460e-02	4.047387240017563670e-02	1.005251307934908606e-01
2.143132204649290543e+03	1.722076797081847910e-01	1.050959785491433485e-01	3.025548049538256401e-01	1.905480933310785829e-01	8.850210068433617128e-02	4.050545481230084094e-02	1.005858879610033035e-01
2.147969974862945492e+03	1.719888959940664708e-01	1.049457111476112398e-01	3.026928274635427019e-01	1.906440903504370565e-01	8.854529949743746020e-02	4.053688227963688634e-02	1.006462932671408905e-01
2.152807745076601350e+03	1.717713424358401908e-01	1.047962888581081831e-01	3.028300617624217761e-01	1.907395303891731841e-01	8.858827233492362618e-02	4.056815549389669595e-02	1.007063487255090983e-01
2.157645515290255844e+03	1.715550121081771962e-01	1.046477069209230254e-01	3.029665124714299718e-01	1.908344166562269684e-01	8.863102036004112672e-02	4.059927514448318647e-02	1.007660563385912728e-01
2.162483285503912157e+03	1.713398981248184516e-01	1.044999606032193384e-01	3.031021841829191210e-01	1.909287523424778865e-01	8.867354473014707472e-02	4.063024191848665922e-02	1.008254180978042230e-01
2.167321055717567106e+03	1.711259936383533187e-01	1.043530451988828878e-01	3.032370814608217890e-01	1.910225406208399812e-01	8.871584659673886764e-02	4.066105650068233685e-02	1.008844359835535526e-01
2.172158825931222509e+03	1.709132918399993706e-01	1.042069560283700597e-01	3.033712088408457297e-01	1.911157846463568122e-01	8.875792710548377484e-02	4.069171957352817753e-02	1.009431119652888231e-01
2.176996596144877003e+03	1.707017859593837339e-01	1.040616884385570790e-01	3.035045708306666756e-01	1.912084875562956310e-01	8.879978739624827533e-02	4.072223181716275175e-02	1.010014480015585803e-01
2.181834366358532861e+03	1.704914692643255958e-01	1.039172378025901566e-01	3.036371719101198519e-01	1.913006524702414446e-01	8.884142860312725654e-02	4.075259390940338955e-02	1.010594460400651290e-01
2.186672136572187810e+03	1.702823350606197661e-01	1.037735995197364286e-01	3.037690165313894908e-01	1.913922824901904962e-01	8.888285185447314385e-02	4.078280652574445275e-02	1.011171080177190595e-01
2.191509906785843214e+03	1.700743766918217659e-01	1.036307690152357963e-01	3.039001091191975701e-01	1.914833807006434963e-01	8.892405827292471088e-02	4.081287033935582231e-02	1.011744358606937177e-01
2.196347676999498617e+03	1.698675875390339429e-01	1.034887417401536419e-01	3.040304540709902748e-01	1.915739501686982427e-01	8.896504897543588974e-02	4.084278602108147582e-02	1.012314314844793284e-01
2.201185447213154021e+03	1.696619610206929196e-01	1.033475131712343065e-01	3.041600557571238483e-01	1.916639939441420470e-01	8.900582507330433157e-02	4.087255423943832872e-02	1.012880967939370908e-01
2.206023217426809424e+03	1.694574905923580677e-01	1.032070788107554427e-01	3.042889185210478353e-01	1.917535150595435778e-01	8.904638767219989759e-02	4.090217566061516569e-02	1.013444336833528997e-01
2.210860987640464373e+03	1.692541697465015094e-01	1.030674341863832555e-01	3.044170466794881569e-01	1.918425165303444258e-01	8.908673787219288653e-02	4.093165094847173863e-02	1.014004440364909554e-01
2.215698757854119776e+03	1.690519920122989517e-01	1.029285748510285065e-01	3.045444445226277441e-01	1.919310013549501426e-01	8.912687676778224821e-02	4.096098076453808662e-02	1.014561297266471790e-01
2.220536528067775180e+03	1.688509509554220189e-01	1.027904963827033363e-01	3.046711163142865053e-01	1.920189725148210846e-01	8.916680544792353336e-02	4.099016576801391837e-02	1.015114926167024756e-01
2.225374298281430583e+03	1.686510401778316404e-01	1.026531943843789763e-01	3.047970662920990725e-01	1.921064329745625909e-01	8.920652499605674635e-02	4.101920661576820976e-02	1.015665345591756363e-01
2.230212068495085077e+03	1.684522533175724923e-01	1.025166644838441804e-01	3.049222986676920488e-01	1.921933856820149666e-01	8.924603649013405915e-02	4.104810396233893321e-02	1.016212573962762267e-01
2.235049838708740936e+03	1.682545840485688837e-01	1.023809023335645746e-01	3.050468176268591458e-01	1.922798335683428839e-01	8.928534100264734485e-02	4.107685845993292589e-02	1.016756629599571415e-01
2.239887608922396339e+03	1.680580260804215575e-01	1.022459036105426988e-01	3.051706273297353778e-01	1.923657795481246158e-01	8.932443960065561406e-02	4.110547075842590353e-02	1.017297530719670773e-01
2.244725379136052197e+03	1.678625731582058800e-01	1.021116640161789518e-01	3.052937319109697012e-01	1.924512265194406324e-01	8.936333334581227084e-02	4.113394150536264088e-02	1.017835295439026982e-01
2.249563149349706237e+03	1.676682190622709179e-01	1.019781792761332434e-01	3.054161354798965444e-01	1.925361773639619745e-01	8.940202329439222995e-02	4.116227134595724230e-02	1.018369941772606230e-01
2.254400919563362095e+03	1.674749576080399038e-01	1.018454451401875210e-01	3.055378421207055606e-01	1.926206349470380441e-01	8.944051049731890912e-02	4.119046092309359974e-02	1.018901487634892716e-01
2.259238689777017044e+03	1.672827826458116451e-01	1.017134573821090043e-01	3.056588558926104926e-01	1.927046021177841739e-01	8.947879600019105484e-02	4.121851087732594787e-02	1.019429950840404497e-01
2.264076459990672902e+03	1.670916880605632648e-01	1.015822117995142243e-01	3.057791808300166503e-01	1.927880817091688070e-01	8.951688084330947093e-02	4.124642184687958568e-02	1.019955349104207654e-01
