1.001418434226643626e+03	2.810765269543378242e-01	1.793647210181580631e-01	2.345158377145830919e-01	1.409832038385285258e-01	6.805499556561941943e-02	2.688100279022192368e-02	6.912371211842283092e-02
1.002869765290740247e+03	2.808266368693623227e-01	1.791939067577882072e-01	2.346960728023182730e-01	1.410885241542507440e-01	6.809783881809615413e-02	2.690757063389471321e-02	6.918944996416134807e-02
1.004321096354836754e+03	2.805771706886879824e-01	1.790233818107033470e-01	2.348759937282793586e-01	1.411936567066301162e-01	6.814060838905627859e-02	2.693411111959787343e-02	6.925507755691683032e-02
1.005772427418933376e+03	2.803281276834298508e-01	1.788531456915056217e-01	2.350556010287292719e-01	1.412986018697025004e-01	6.818330441764278160e-02	2.696062422915131845e-02	6.932059507971052859e-02
1.007223758483029997e+03	2.800795071261154012e-01	1.786831979154870909e-01	2.352348952390104220e-01	1.414033600165532645e-01	6.822592704270101505e-02	2.698710994464515595e-02	6.938600271535955155e-02
1.008675089547126618e+03	2.798313082906790927e-01	1.785135379986313720e-01	2.354138768935464809e-01	1.415079315193214782e-01	6.826847640277952656e-02	2.701356824843846247e-02	6.945130064647550561e-02
1.010126420611223239e+03	2.795835304524564302e-01	1.783441654576152502e-01	2.355925465258441875e-01	1.416123167492041590e-01	6.831095263613075341e-02	2.703999912315804485e-02	6.951648905546309321e-02
1.011577751675319632e+03	2.793361728881785244e-01	1.781750798098101496e-01	2.357709046684950405e-01	1.417165160764602694e-01	6.835335588071184132e-02	2.706640255169721551e-02	6.958156812451886386e-02
1.013029082739416367e+03	2.790892348759664299e-01	1.780062805732837705e-01	2.359489518531769359e-01	1.418205298704149353e-01	6.839568627418540769e-02	2.709277851721456076e-02	6.964653803562984025e-02
1.014480413803512761e+03	2.788427156953259267e-01	1.778377672668013942e-01	2.361266886106559992e-01	1.419243584994633600e-01	6.843794395392030494e-02	2.711912700313272306e-02	6.971139897057225532e-02
1.015931744867609382e+03	2.785966146271416921e-01	1.776695394098273262e-01	2.363041154707881675e-01	1.420280023310749318e-01	6.848012905699234210e-02	2.714544799313719017e-02	6.977615111091031719e-02
1.017383075931706003e+03	2.783509309536724152e-01	1.775015965225262560e-01	2.364812329625209930e-01	1.421314617317971651e-01	6.852224172018511750e-02	2.717174147117506350e-02	6.984079463799498788e-02
1.018834406995802851e+03	2.781056639585453016e-01	1.773339381257644509e-01	2.366580416138952259e-01	1.422347370672596423e-01	6.856428207999069879e-02	2.719800742145385419e-02	6.990532973296274821e-02
1.020285738059899245e+03	2.778608129267510218e-01	1.771665637411110883e-01	2.368345419520466733e-01	1.423378287021780098e-01	6.860625027261041398e-02	2.722424582844026886e-02	6.996975657673445981e-02
1.021737069123995752e+03	2.776163771446384376e-01	1.769994728908392823e-01	2.370107345032076707e-01	1.424407370003577533e-01	6.864814643395560079e-02	2.725045667685900563e-02	7.003407535001419937e-02
1.023188400188092373e+03	2.773723558999096617e-01	1.768326650979273607e-01	2.371866197927089415e-01	1.425434623246980559e-01	6.868997069964831448e-02	2.727663995169153990e-02	7.009828623328810682e-02
1.024639731252188767e+03	2.771287484816150060e-01	1.766661398860598087e-01	2.373621983449811235e-01	1.426460050371956279e-01	6.873172320502211885e-02	2.730279563817493774e-02	7.016238940682334446e-02
1.026091062316285615e+03	2.768855541801480968e-01	1.764998967796283791e-01	2.375374706835565175e-01	1.427483654989485373e-01	6.877340408512280789e-02	2.732892372180065546e-02	7.022638505066694514e-02
1.027542393380382237e+03	2.766427722872409345e-01	1.763339353037330359e-01	2.377124373310707806e-01	1.428505440701599016e-01	6.881501347470916907e-02	2.735502418831332883e-02	7.029027334464479915e-02
1.028993724444478858e+03	2.764004020959591190e-01	1.761682549841828704e-01	2.378870988092644523e-01	1.429525411101416343e-01	6.885655150825364945e-02	2.738109702370959339e-02	7.035405446836064114e-02
1.030445055508575479e+03	2.761584429006970764e-01	1.760028553474970170e-01	2.380614556389847314e-01	1.430543569773180812e-01	6.889801831994318837e-02	2.740714221423689798e-02	7.041772860119496769e-02
1.031896386572671872e+03	2.759168939971733958e-01	1.758377359209054858e-01	2.382355083401870299e-01	1.431559920292297672e-01	6.893941404367984194e-02	2.743315974639231464e-02	7.048129592230412133e-02
1.033347717636768493e+03	2.756757546824261107e-01	1.756728962323499676e-01	2.384092574319366664e-01	1.432574466225369492e-01	6.898073881308157407e-02	2.745914960692135559e-02	7.054475661061927749e-02
1.034799048700865114e+03	2.754350242548082583e-01	1.755083358104845559e-01	2.385827034324105311e-01	1.433587211130232242e-01	6.902199276148299201e-02	2.748511178281679013e-02	7.060811084484552858e-02
1.036250379764961508e+03	2.751947020139832722e-01	1.753440541846764955e-01	2.387558468588985572e-01	1.434598158555991376e-01	6.906317602193602634e-02	2.751104626131747888e-02	7.067135880346095411e-02
1.037701710829058356e+03	2.749547872609203192e-01	1.751800508850068216e-01	2.389286882278055246e-01	1.435607312043056805e-01	6.910428872721068039e-02	2.753695302990719421e-02	7.073450066471567710e-02
1.039153041893154750e+03	2.747152792978901914e-01	1.750163254422710535e-01	2.391012280546525870e-01	1.436614675123178142e-01	6.914533100979576574e-02	2.756283207631344753e-02	7.079753660663104520e-02
1.040604372957251599e+03	2.744761774284606437e-01	1.748528773879797771e-01	2.392734668540789089e-01	1.437620251319479681e-01	6.918630300189952675e-02	2.758868338850633053e-02	7.086046680699871481e-02
1.042055704021347992e+03	2.742374809574923411e-01	1.746897062543591173e-01	2.394454051398432481e-01	1.438624044146494807e-01	6.922720483545044545e-02	2.761450695469734248e-02	7.092329144337983227e-02
1.043507035085444613e+03	2.739991891911343624e-01	1.745268115743513482e-01	2.396170434248256487e-01	1.439626057110200141e-01	6.926803664209794931e-02	2.764030276333824879e-02	7.098601069310420120e-02
1.044958366149541234e+03	2.737613014368200370e-01	1.743641928816153930e-01	2.397883822210288840e-01	1.440626293708049677e-01	6.930879855321309124e-02	2.766607080311990138e-02	7.104862473326953309e-02
1.046409697213637855e+03	2.735238170032627814e-01	1.742018497105271568e-01	2.399594220395802058e-01	1.441624757429008363e-01	6.934949069988920189e-02	2.769181106297109382e-02	7.111113374074054527e-02
1.047861028277734476e+03	2.732867352004519357e-01	1.740397815961801098e-01	2.401301633907327870e-01	1.442621451753585970e-01	6.939011321294269452e-02	2.771752353205741981e-02	7.117353789214832249e-02
1.049312359341831097e+03	2.730500553396486563e-01	1.738779880743854811e-01	2.403006067838674709e-01	1.443616380153869838e-01	6.943066622291368950e-02	2.774320819978011790e-02	7.123583736388948429e-02
1.050763690405927491e+03	2.728137767333819741e-01	1.737164686816727588e-01	2.404707527274942136e-01	1.444609546093558183e-01	6.947114986006674986e-02	2.776886505577493003e-02	7.129803233212544944e-02
1.052215021470024112e+03	2.725778986954447425e-01	1.735552229552899117e-01	2.406406017292536670e-01	1.445600953027992297e-01	6.951156425439156128e-02	2.779449408991096007e-02	7.136012297278182537e-02
1.053666352534120733e+03	2.723424205408895293e-01	1.733942504332036949e-01	2.408101542959188990e-01	1.446590604404189573e-01	6.955190953560365374e-02	2.782009529228953934e-02	7.142210946154761708e-02
1.055117683598217127e+03	2.721073415860248979e-01	1.732335506540999825e-01	2.409794109333968370e-01	1.447578503660875149e-01	6.959218583314503992e-02	2.784566865324309901e-02	7.148399197387456105e-02
1.056569014662313975e+03	2.718726611484115763e-01	1.730731231573837681e-01	2.411483721467297947e-01	1.448564654228513826e-01	6.963239327618493679e-02	2.787121416333402518e-02	7.154577068497650072e-02
1.058020345726410369e+03	2.716383785468583500e-01	1.729129674831796082e-01	2.413170384400971091e-01	1.449549059529342543e-01	6.967253199362045957e-02	2.789673181335354871e-02	7.160744576982874809e-02
1.059471676790506763e+03	2.714044931014184536e-01	1.727530831723315952e-01	2.414854103168166399e-01	1.450531722977400906e-01	6.971260211407726004e-02	2.792222159432061063e-02	7.166901740316738989e-02
1.060923007854603611e+03	2.711710041333858512e-01	1.725934697664036899e-01	2.416534882793464345e-01	1.451512647978562831e-01	6.975260376591027600e-02	2.794768349748075198e-02	7.173048575948876016e-02
1.062374338918700232e+03	2.709379109652914619e-01	1.724341268076794997e-01	2.418212728292861435e-01	1.452491837930567908e-01	6.979253707720436961e-02	2.797311751430498622e-02	7.179185101304882966e-02
1.063825669982796853e+03	2.707052129208994962e-01	1.722750538391627229e-01	2.419887644673785199e-01	1.453469296223050822e-01	6.983240217577500741e-02	2.799852363648870288e-02	7.185311333786256749e-02
1.065277001046893474e+03	2.704729093252036809e-01	1.721162504045769814e-01	2.421559636935111670e-01	1.454445026237573546e-01	6.987219918916891259e-02	2.802390185595053304e-02	7.191427290770345537e-02
1.066728332110990095e+03	2.702409995044239288e-01	1.719577160483659328e-01	2.423228710067178715e-01	1.455419031347654213e-01	6.991192824466478661e-02	2.804925216483127384e-02	7.197532989610290477e-02
1.068179663175086489e+03	2.700094827860024527e-01	1.717994503156931863e-01	2.424894869051802404e-01	1.456391314918798197e-01	6.995158946927394761e-02	2.807457455549276434e-02	7.203628447634971566e-02
1.069630994239183110e+03	2.697783584986005456e-01	1.716414527524422473e-01	2.426558118862292279e-01	1.457361880308526980e-01	6.999118298974101038e-02	2.809986902051678920e-02	7.209713682148957692e-02
1.071082325303279504e+03	2.695476259720948620e-01	1.714837229052166567e-01	2.428218464463464954e-01	1.458330730866408964e-01	7.003070893254452478e-02	2.812513555270398924e-02	7.215788710432458064e-02
1.072533656367376352e+03	2.693172845375740310e-01	1.713262603213397128e-01	2.429875910811661599e-01	1.459297869934088332e-01	7.007016742389769737e-02	2.815037414507277555e-02	7.221853549741272249e-02
1.073984987431472746e+03	2.690873335273353262e-01	1.711690645488545270e-01	2.431530462854761820e-01	1.460263300845313361e-01	7.010955858974900201e-02	2.817558479085822271e-02	7.227908217306738825e-02
1.075436318495569594e+03	2.688577722748808907e-01	1.710121351365237463e-01	2.433182125532198370e-01	1.461227026925966677e-01	7.014888255578283216e-02	2.820076748351099671e-02	7.233952730335696524e-02
1.076887649559666215e+03	2.686286001149149061e-01	1.708554716338295532e-01	2.434830903774973521e-01	1.462189051494093284e-01	7.018813944742020861e-02	2.822592221669626908e-02	7.239987106010432882e-02
1.078338980623762609e+03	2.683998163833398731e-01	1.706990735909733603e-01	2.436476802505672667e-01	1.463149377859929712e-01	7.022732938981939010e-02	2.825104898429263781e-02	7.246011361488648161e-02
1.079790311687859230e+03	2.681714204172533922e-01	1.705429405588757552e-01	2.438119826638480148e-01	1.464108009325931770e-01	7.026645250787653951e-02	2.827614778039105534e-02	7.252025513903406773e-02
1.081241642751955851e+03	2.679434115549449436e-01	1.703870720891762225e-01	2.439759981079193674e-01	1.465064949186802856e-01	7.030550892622637604e-02	2.830121859929376343e-02	7.258029580363101196e-02
1.082692973816052472e+03	2.677157891358927233e-01	1.702314677342329219e-01	2.441397270725240154e-01	1.466020200729522271e-01	7.034449876924285527e-02	2.832626143551320724e-02	7.264023577951410349e-02
1.084144304880149093e+03	2.674885525007601461e-01	1.700761270471224107e-01	2.443031700465689293e-01	1.466973767233372139e-01	7.038342216103973814e-02	2.835127628377099099e-02	7.270007523727266274e-02
1.085595635944245487e+03	2.672617009913929587e-01	1.699210495816394217e-01	2.444663275181269413e-01	1.467925651969966272e-01	7.042227922547131258e-02	2.837626313899680591e-02	7.275981434724811125e-02
1.087046967008342108e+03	2.670352339508159090e-01	1.697662348922965025e-01	2.446291999744381052e-01	1.468875858203276541e-01	7.046107008613297640e-02	2.840122199632737557e-02	7.281945327953362468e-02
1.088498298072438729e+03	2.668091507232296933e-01	1.696116825343238488e-01	2.447917879019113341e-01	1.469824389189660352e-01	7.049979486636193116e-02	2.842615285110540457e-02	7.287899220397386912e-02
1.089949629136535123e+03	2.665834506540079030e-01	1.694573920636688324e-01	2.449540917861258160e-01	1.470771248177887291e-01	7.053845368923777892e-02	2.845105569887852043e-02	7.293843129016457094e-02
1.091400960200631971e+03	2.663581330896936938e-01	1.693033630369957243e-01	2.451161121118323183e-01	1.471716438409166883e-01	7.057704667758320227e-02	2.847593053539823615e-02	7.299777070745228080e-02
1.092852291264728365e+03	2.661331973779970661e-01	1.691495950116853331e-01	2.452778493629548806e-01	1.472659963117173842e-01	7.061557395396454717e-02	2.850077735661890599e-02	7.305701062493398512e-02
1.094303622328825213e+03	2.659086428677917002e-01	1.689960875458345058e-01	2.454393040225921752e-01	1.473601825528075837e-01	7.065403564069247522e-02	2.852559615869668108e-02	7.311615121145691176e-02
1.095754953392921607e+03	2.656844689091118483e-01	1.688428401982560723e-01	2.456004765730189499e-01	1.474542028860558740e-01	7.069243185982261590e-02	2.855038693798847907e-02	7.317519263561816922e-02
1.097206284457018228e+03	2.654606748531496141e-01	1.686898525284779848e-01	2.457613674956874994e-01	1.475480576325853554e-01	7.073076273315616336e-02	2.857514969105094671e-02	7.323413506576448295e-02
1.098657615521114849e+03	2.652372600522516777e-01	1.685371240967431516e-01	2.459219772712291641e-01	1.476417471127761394e-01	7.076902838224050085e-02	2.859988441463942599e-02	7.329297866999197331e-02
1.100108946585211470e+03	2.650142238599166311e-01	1.683846544640090204e-01	2.460823063794556620e-01	1.477352716462680127e-01	7.080722892836986693e-02	2.862459110570694451e-02	7.335172361614586412e-02
1.101560277649308091e+03	2.647915656307920362e-01	1.682324431919469954e-01	2.462423552993606435e-01	1.478286315519629357e-01	7.084536449258595214e-02	2.864926976140318160e-02	7.341037007182024676e-02
1.103011608713404712e+03	2.645692847206714826e-01	1.680804898429419936e-01	2.464021245091210233e-01	1.479218271480275959e-01	7.088343519567848194e-02	2.867392037907344829e-02	7.346891820435792753e-02
1.104462939777501106e+03	2.643473804864917009e-01	1.679287939800920004e-01	2.465616144860985626e-01	1.480148587518959613e-01	7.092144115818591055e-02	2.869854295625768117e-02	7.352736818085006676e-02
1.105914270841597499e+03	2.641258522863298985e-01	1.677773551672075980e-01	2.467208257068412014e-01	1.481077266802717229e-01	7.095938250039596218e-02	2.872313749068942240e-02	7.358572016813609562e-02
1.107365601905694348e+03	2.639046994794008172e-01	1.676261729688112712e-01	2.468797586470844740e-01	1.482004312491308207e-01	7.099725934234629721e-02	2.874770398029482393e-02	7.364397433280346628e-02
1.108816932969790741e+03	2.636839214260537911e-01	1.674752469501371022e-01	2.470384137817530079e-01	1.482929727737239134e-01	7.103507180382513664e-02	2.877224242319162059e-02	7.370213084118747149e-02
1.110268264033887590e+03	2.634635174877703601e-01	1.673245766771300769e-01	2.471967915849618558e-01	1.483853515685788216e-01	7.107282000437181724e-02	2.879675281768814821e-02	7.376018985937103645e-02
1.111719595097984211e+03	2.632434870271611604e-01	1.671741617164456128e-01	2.473548925300179391e-01	1.484775679475030252e-01	7.111050406327738826e-02	2.882123516228234095e-02	7.381815155318459387e-02
1.113170926162080832e+03	2.630238294079635386e-01	1.670240016354488932e-01	2.475127170894216300e-01	1.485696222235860231e-01	7.114812409958531925e-02	2.884568945566074599e-02	7.387601608820590360e-02
1.114622257226177226e+03	2.628045439950384976e-01	1.668740960022144226e-01	2.476702657348679448e-01	1.486615147092017475e-01	7.118568023209201345e-02	2.887011569669751740e-02	7.393378362975989992e-02
1.116073588290273847e+03	2.625856301543682547e-01	1.667244443855253055e-01	2.478275389372479875e-01	1.487532457160110344e-01	7.122317257934744628e-02	2.889451388445343771e-02	7.399145434291855283e-02
1.117524919354370468e+03	2.623670872530535769e-01	1.665750463548726912e-01	2.479845371666504761e-01	1.488448155549638441e-01	7.126060125965577585e-02	2.891888401817493265e-02	7.404902839250072921e-02
1.118976250418467089e+03	2.621489146593108388e-01	1.664259014804551906e-01	2.481412608923631025e-01	1.489362245363017867e-01	7.129796639107589817e-02	2.894322609729309617e-02	7.410650594307209571e-02
1.120427581482563710e+03	2.619311117424698021e-01	1.662770093331781551e-01	2.482977105828738373e-01	1.490274729695604539e-01	7.133526809142209935e-02	2.896754012142270171e-02	7.416388715894495220e-02
1.121878912546660331e+03	2.617136778729707847e-01	1.661283694846531211e-01	2.484538867058724287e-01	1.491185611635716113e-01	7.137250647826459682e-02	2.899182609036124805e-02	7.422117220417817629e-02
1.123330243610756725e+03	2.614966124223621069e-01	1.659799815071971718e-01	2.486097897282517621e-01	1.492094894264656413e-01	7.140968166893019164e-02	2.901608400408797750e-02	7.427836124257708450e-02
1.124781574674853118e+03	2.612799147632974828e-01	1.658318449738322431e-01	2.487654201161092760e-01	1.493002580656738743e-01	7.144679378050282359e-02	2.904031386276290788e-02	7.433545443769339067e-02
1.126232905738949967e+03	2.610635842695334663e-01	1.656839594582843467e-01	2.489207783347483216e-01	1.493908673879307258e-01	7.148384292982415400e-02	2.906451566672588194e-02	7.439245195282503942e-02
1.127684236803046360e+03	2.608476203159270645e-01	1.655363245349830981e-01	2.490758648486795512e-01	1.494813176992761949e-01	7.152082923349419030e-02	2.908868941649559239e-02	7.444935395101624775e-02
1.129135567867143209e+03	2.606320222784329066e-01	1.653889397790608840e-01	2.492306801216223333e-01	1.495716093050579731e-01	7.155775280787185499e-02	2.911283511276864522e-02	7.450616059505733857e-02
1.130586898931239830e+03	2.604167895341011896e-01	1.652418047663522238e-01	2.493852246165060016e-01	1.496617425099336374e-01	7.159461376907555463e-02	2.913695275641859164e-02	7.456287204748471287e-02
1.132038229995336451e+03	2.602019214610746811e-01	1.650949190733930205e-01	2.495394987954714927e-01	1.497517176178730647e-01	7.163141223298376270e-02	2.916104234849498447e-02	7.461948847058083589e-02
1.133489561059432845e+03	2.599874174385867209e-01	1.649482822774198110e-01	2.496935031198725119e-01	1.498415349321605416e-01	7.166814831523564411e-02	2.918510389022244481e-02	7.467601002637415386e-02
1.134940892123529466e+03	2.597732768469583897e-01	1.648018939563691831e-01	2.498472380502768930e-01	1.499311947553970126e-01	7.170482213123158255e-02	2.920913738299970100e-02	7.473243687663909396e-02
1.136392223187626087e+03	2.595594990675962888e-01	1.646557536888768325e-01	2.500007040464680697e-01	1.500206973895021889e-01	7.174143379613380500e-02	2.923314282839866579e-02	7.478876918289595332e-02
1.137843554251722708e+03	2.593460834829900974e-01	1.645098610542770345e-01	2.501539015674464350e-01	1.501100431357168252e-01	7.177798342486690908e-02	2.925712022816349955e-02	7.484500710641098231e-02
1.139294885315819101e+03	2.591330294767100195e-01	1.643642156326017290e-01	2.503068310714306466e-01	1.501992322946049119e-01	7.181447113211847366e-02	2.928106958420967007e-02	7.490115080819630122e-02
1.140746216379915950e+03	2.589203364334045632e-01	1.642188170045798257e-01	2.504594930158590138e-01	1.502882651660557567e-01	7.185089703233961400e-02	2.930499089862303660e-02	7.495720044900991419e-02
1.142197547444012343e+03	2.587080037387980980e-01	1.640736647516364832e-01	2.506118878573908582e-01	1.503771420492861222e-01	7.188726123974556459e-02	2.932888417365891315e-02	7.501315618935573692e-02
1.143648878508108737e+03	2.584960307796885237e-01	1.639287584558921929e-01	2.507640160519077344e-01	1.504658632428424458e-01	7.192356386831622039e-02	2.935274941174116636e-02	7.506901818948354121e-02
1.145100209572205586e+03	2.582844169439446613e-01	1.637840977001621401e-01	2.509158780545150957e-01	1.505544290446028388e-01	7.195980503179678911e-02	2.937658661546128230e-02	7.512478660938901043e-02
1.146551540636302207e+03	2.580731616205044765e-01	1.636396820679553443e-01	2.510674743195433489e-01	1.506428397517792783e-01	7.199598484369823526e-02	2.940039578757745395e-02	7.518046160881376727e-02
1.148002871700398828e+03	2.578622641993720821e-01	1.634955111434739095e-01	2.512188053005492971e-01	1.507310956609196895e-01	7.203210341729791855e-02	2.942417693101367915e-02	7.523604334724535991e-02
1.149454202764495449e+03	2.576517240716160173e-01	1.633515845116121357e-01	2.513698714503174725e-01	1.508191970679099714e-01	7.206816086564014900e-02	2.944793004885884469e-02	7.529153198391733137e-02
1.150905533828591842e+03	2.574415406293666386e-01	1.632079017579557423e-01	2.515206732208615792e-01	1.509071442679761621e-01	7.210415730153674208e-02	2.947165514436583811e-02	7.534692767780920564e-02
1.152356864892688463e+03	2.572317132658138994e-01	1.630644624687811739e-01	2.516712110634256594e-01	1.509949375556863815e-01	7.214009283756757374e-02	2.949535222095062484e-02	7.540223058764662645e-02
1.153808195956785084e+03	2.570222413752050739e-01	1.629212662310545734e-01	2.518214854284854809e-01	1.510825772249530241e-01	7.217596758608112173e-02	2.951902128219137389e-02	7.545744087190127403e-02
1.155259527020881706e+03	2.568131243528424812e-01	1.627783126324311713e-01	2.519714967657499805e-01	1.511700635690346461e-01	7.221178165919507619e-02	2.954266233182754192e-02	7.551255868879105937e-02
1.156710858084978327e+03	2.566043615950812651e-01	1.626356012612542035e-01	2.521212455241624850e-01	1.512573968805380753e-01	7.224753516879683923e-02	2.956627537375900935e-02	7.556758419628011036e-02
1.158162189149074720e+03	2.563959524993271732e-01	1.624931317065542724e-01	2.522707321519019885e-01	1.513445774514203812e-01	7.228322822654408009e-02	2.958986041204517137e-02	7.562251755207882731e-02
1.159613520213171569e+03	2.561878964640344480e-01	1.623509035580484317e-01	2.524199570963847061e-01	1.514316055729909294e-01	7.231886094386534569e-02	2.961341745090407054e-02	7.567735891364399392e-02
1.161064851277267962e+03	2.559801928887034395e-01	1.622089164061392974e-01	2.525689208042649625e-01	1.515184815359133519e-01	7.235443343196051869e-02	2.963694649471151216e-02	7.573210843817884674e-02
1.162516182341364356e+03	2.557728411738784402e-01	1.620671698419142714e-01	2.527176237214370236e-01	1.516052056302074347e-01	7.238994580180142802e-02	2.966044754800017599e-02	7.578676628263313064e-02
1.163967513405461204e+03	2.555658407211455763e-01	1.619256634571445697e-01	2.528660662930361513e-01	1.516917781452512271e-01	7.242539816413240406e-02	2.968392061545876287e-02	7.584133260370325147e-02
1.165418844469557826e+03	2.553591909331306420e-01	1.617843968442844449e-01	2.530142489634398806e-01	1.517781993697829013e-01	7.246079062947076432e-02	2.970736570193111339e-02	7.589580755783230381e-02
1.166870175533654447e+03	2.551528912134967131e-01	1.616433695964703543e-01	2.531621721762692956e-01	1.518644695919027510e-01	7.249612330810742411e-02	2.973078281241535448e-02	7.595019130121019590e-02
1.168321506597751068e+03	2.549469409669423703e-01	1.615025813075199046e-01	2.533098363743905290e-01	1.519505890990750785e-01	7.253139631010738220e-02	2.975417195206301116e-02	7.600448398977377451e-02
1.169772837661847461e+03	2.547413395991993679e-01	1.613620315719311582e-01	2.534572419999160386e-01	1.520365581781301656e-01	7.256660974531028985e-02	2.977753312617817394e-02	7.605868577920689433e-02
1.171224168725944082e+03	2.545360865170304132e-01	1.612217199848817173e-01	2.536043894942056065e-01	1.521223771152661608e-01	7.260176372333097816e-02	2.980086634021663142e-02	7.611279682494058452e-02
1.172675499790040703e+03	2.543311811282272794e-01	1.610816461422276413e-01	2.537512792978680598e-01	1.522080461960509945e-01	7.263685835356001319e-02	2.982417159978501334e-02	7.616681728215311808e-02
1.174126830854137097e+03	2.541266228416084183e-01	1.609418096405028087e-01	2.538979118507623256e-01	1.522935657054242942e-01	7.267189374516419553e-02	2.984744891063995098e-02	7.622074730577013679e-02
1.175578161918233945e+03	2.539224110670171286e-01	1.608022100769179175e-01	2.540442875919987076e-01	1.523789359276992439e-01	7.270687000708714320e-02	2.987069827868722022e-02	7.627458705046484544e-02
1.177029492982330339e+03	2.537185452153192244e-01	1.606628470493594862e-01	2.541904069599403293e-01	1.524641571465644163e-01	7.274178724804977736e-02	2.989391970998090883e-02	7.632833667065805350e-02
1.178480824046426733e+03	2.535150246984012590e-01	1.605237201563891325e-01	2.543362703922043555e-01	1.525492296450857155e-01	7.277664557655084965e-02	2.991711321072257346e-02	7.638199632051841104e-02
1.179932155110523581e+03	2.533118489291681930e-01	1.603848289972424901e-01	2.544818783256631578e-01	1.526341537057081810e-01	7.281144510086752508e-02	2.994027878726040343e-02	7.643556615396245035e-02
1.181383486174620202e+03	2.531090173215413408e-01	1.602461731718284321e-01	2.546272311964457580e-01	1.527189296102579030e-01	7.284618592905586776e-02	2.996341644608838117e-02	7.648904632465482190e-02
1.182834817238716823e+03	2.529065292904565943e-01	1.601077522807280162e-01	2.547723294399390492e-01	1.528035576399437157e-01	7.288086816895136821e-02	2.998652619384546344e-02	7.654243698600836365e-02
1.184286148302813444e+03	2.527043842518621464e-01	1.599695659251936519e-01	2.549171734907890730e-01	1.528880380753591117e-01	7.291549192816947078e-02	3.000960803731474863e-02	7.659573829118435095e-02
1.185737479366910065e+03	2.525025816227164932e-01	1.598316137071482956e-01	2.550617637829022954e-01	1.529723711964841582e-01	7.295005731410611483e-02	3.003266198342265450e-02	7.664895039309255198e-02
1.187188810431006686e+03	2.523011208209864908e-01	1.596938952291842018e-01	2.552061007494469402e-01	1.530565572826871334e-01	7.298456443393823434e-02	3.005568803923810289e-02	7.670207344439147756e-02
1.188640141495103080e+03	2.521000012656452460e-01	1.595564100945622843e-01	2.553501848228541538e-01	1.531405966127263873e-01	7.301901339462429918e-02	3.007868621197170092e-02	7.675510759748850609e-02
1.190091472559199701e+03	2.518992223766702288e-01	1.594191579072110898e-01	2.554940164348193932e-01	1.532244894647521449e-01	7.305340430290478693e-02	3.010165650897492218e-02	7.680805300454006390e-02
1.191542803623296322e+03	2.516987835750412184e-01	1.592821382717257706e-01	2.556375960163035366e-01	1.533082361163082830e-01	7.308773726530275183e-02	3.012459893773930183e-02	7.686090981745176409e-02
1.192994134687392716e+03	2.514986842827382496e-01	1.591453507933673073e-01	2.557809239975343818e-01	1.533918368443340785e-01	7.312201238812431059e-02	3.014751350589563172e-02	7.691367818787867017e-02
1.194445465751489564e+03	2.512989239227398364e-01	1.590087950780614823e-01	2.559240008080075901e-01	1.534752919251659853e-01	7.315622977745916966e-02	3.017040022121315196e-02	7.696635826722542095e-02
1.195896796815585958e+03	2.510995019190208066e-01	1.588724707323978524e-01	2.560668268764882405e-01	1.535586016345393823e-01	7.319038953918113877e-02	3.019325909159875643e-02	7.701895020664639713e-02
1.197348127879682352e+03	2.509004176965504707e-01	1.587363773636290276e-01	2.562094026310119954e-01	1.536417662475903501e-01	7.322449177894861660e-02	3.021609012509618442e-02	7.707145415704597102e-02
1.198799458943779200e+03	2.507016706812905116e-01	1.586005145796694493e-01	2.563517284988862666e-01	1.537247860388573362e-01	7.325853660220514596e-02	3.023889332988524345e-02	7.712387026907864540e-02
1.200250790007875821e+03	2.505032603001932645e-01	1.584648819890946692e-01	2.564938049066915471e-01	1.538076612822829592e-01	7.329252411417987167e-02	3.026166871428101132e-02	7.717619869314927550e-02
1.201702121071972442e+03	2.503051859811996627e-01	1.583294792011402385e-01	2.566356322802826329e-01	1.538903922512156464e-01	7.332645441988808188e-02	3.028441628673303465e-02	7.722843957941329107e-02
1.203153452136069063e+03	2.501074471532373500e-01	1.581943058257008483e-01	2.567772110447898992e-01	1.539729792184114099e-01	7.336032762413169372e-02	3.030713605582457254e-02	7.728059307777683518e-02
1.204604783200165684e+03	2.499100432462185994e-01	1.580593614733293295e-01	2.569185416246205222e-01	1.540554224560355123e-01	7.339414383149978072e-02	3.032982803027178820e-02	7.733265933789706947e-02
1.206056114264262078e+03	2.497129736910387310e-01	1.579246457552355987e-01	2.570596244434598110e-01	1.541377222356641596e-01	7.342790314636904458e-02	3.035249221892298913e-02	7.738463850918227138e-02
1.207507445328358699e+03	2.495162379195738356e-01	1.577901582832859917e-01	2.572004599242722622e-01	1.542198788282862776e-01	7.346160567290432875e-02	3.037512863075784650e-02	7.743653074079215326e-02
1.208958776392455093e+03	2.493198353646792209e-01	1.576558986700019316e-01	2.573410484893028927e-01	1.543018925043049827e-01	7.349525151505911791e-02	3.039773727488661453e-02	7.748833618163798731e-02
1.210410107456551941e+03	2.491237654601872187e-01	1.575218665285592068e-01	2.574813905600785713e-01	1.543837635335394420e-01	7.352884077657605155e-02	3.042031816054938456e-02	7.754005498038288313e-02
1.211861438520648335e+03	2.489280276409056025e-01	1.573880614727869165e-01	2.576214865574090740e-01	1.544654921852264551e-01	7.356237356098738189e-02	3.044287129711529399e-02	7.759168728544200977e-02
1.213312769584745183e+03	2.487326213426154509e-01	1.572544831171665269e-01	2.577613369013885269e-01	1.545470787280221470e-01	7.359584997161551512e-02	3.046539669408178039e-02	7.764323324498279000e-02
1.214764100648841804e+03	2.485375460020694816e-01	1.571211310768308722e-01	2.579009420113964612e-01	1.546285234300035227e-01	7.362927011157346935e-02	3.048789436107381817e-02	7.769469300692515012e-02
1.216215431712937971e+03	2.483428010569900257e-01	1.569880049675632105e-01	2.580403023060990897e-01	1.547098265586702159e-01	7.366263408376538813e-02	3.051036430784316231e-02	7.774606671894175591e-02
1.217666762777034819e+03	2.481483859460673069e-01	1.568551044057961696e-01	2.581794182034505281e-01	1.547909883809459874e-01	7.369594199088701225e-02	3.053280654426759541e-02	7.779735452845822075e-02
1.219118093841131440e+03	2.479543001089575538e-01	1.567224290086109972e-01	2.583182901206940163e-01	1.548720091631805018e-01	7.372919393542617938e-02	3.055522108035017143e-02	7.784855658265336931e-02
1.220569424905228061e+03	2.477605429862811126e-01	1.565899783937362844e-01	2.584569184743632508e-01	1.549528891711508538e-01	7.376239001966332365e-02	3.057760792621848703e-02	7.789967302845945962e-02
1.222020755969324682e+03	2.475671140196206987e-01	1.564577521795472159e-01	2.585953036802833838e-01	1.550336286700631505e-01	7.379553034567194747e-02	3.059996709212391836e-02	7.795070401256243287e-02
1.223472087033421303e+03	2.473740126515195370e-01	1.563257499850644883e-01	2.587334461535724106e-01	1.551142279245542044e-01	7.382861501531910731e-02	3.062229858844088895e-02	7.800164968140217703e-02
1.224923418097517697e+03	2.471812383254794743e-01	1.561939714299532822e-01	2.588713463086423361e-01	1.551946871986929766e-01	7.386164413026589937e-02	3.064460242566613424e-02	7.805251018117270734e-02
1.226374749161614318e+03	2.469887904859593697e-01	1.560624161345224581e-01	2.590090045592002843e-01	1.552750067559822977e-01	7.389461779196794533e-02	3.066687861441796600e-02	7.810328565782252708e-02
1.227826080225710712e+03	2.467966685783729852e-01	1.559310837197233623e-01	2.591464213182499421e-01	1.553551868593603946e-01	7.392753610167587808e-02	3.068912716543552993e-02	7.815397625705478024e-02
1.229277411289807560e+03	2.466048720490874591e-01	1.557999738071490226e-01	2.592835969980925026e-01	1.554352277712024444e-01	7.396039916043579965e-02	3.071134808957810131e-02	7.820458212432752909e-02
1.230728742353903954e+03	2.464134003454213628e-01	1.556690860190330650e-01	2.594205320103280532e-01	1.555151297533221566e-01	7.399320706908979473e-02	3.073354139782433561e-02	7.825510340485404559e-02
1.232180073418000802e+03	2.462222529156429807e-01	1.555384199782487709e-01	2.595572267658567966e-01	1.555948930669733277e-01	7.402595992827636084e-02	3.075570710127156077e-02	7.830554024360304732e-02
1.233631404482097196e+03	2.460314292089685051e-01	1.554079753083080218e-01	2.596936816748799393e-01	1.556745179728513673e-01	7.405865783843094963e-02	3.077784521113504507e-02	7.835589278529897506e-02
1.235082735546193817e+03	2.458409286755602885e-01	1.552777516333603836e-01	2.598298971469014118e-01	1.557540047310948805e-01	7.409130089978635536e-02	3.079995573874729983e-02	7.840616117442221478e-02
1.236534066610290438e+03	2.456507507665249834e-01	1.551477485781921350e-01	2.599658735907285911e-01	1.558333536012871390e-01	7.412388921237328399e-02	3.082203869555734735e-02	7.845634555520941689e-02
1.237985397674387059e+03	2.454608949339119328e-01	1.550179657682252132e-01	2.601016114144735769e-01	1.559125648424576904e-01	7.415642287602072780e-02	3.084409409313002004e-02	7.850644607165371824e-02
1.239436728738483680e+03	2.452713606307112548e-01	1.548884028295162973e-01	2.602371110255546904e-01	1.559916387130838022e-01	7.418890199035653443e-02	3.086612194314525270e-02	7.855646286750504748e-02
1.240888059802580301e+03	2.450821473108521775e-01	1.547590593887557264e-01	2.603723728306974183e-01	1.560705754710920434e-01	7.422132665480778158e-02	3.088812225739737127e-02	7.860639608627036090e-02
1.242339390866676695e+03	2.448932544292013180e-01	1.546299350732666389e-01	2.605073972359355228e-01	1.561493753738597556e-01	7.425369696860131818e-02	3.091009504779440240e-02	7.865624587121397560e-02
1.243790721930773088e+03	2.447046814415608784e-01	1.545010295110038623e-01	2.606421846466123737e-01	1.562280386782164687e-01	7.428601303076419471e-02	3.093204032635737261e-02	7.870601236535776368e-02
1.245242052994869937e+03	2.445164278046669248e-01	1.543723423305529419e-01	2.607767354673821703e-01	1.563065656404456216e-01	7.431827494012413493e-02	3.095395810521960056e-02	7.875569571148151315e-02
1.246693384058966330e+03	2.443284929761877222e-01	1.542438731611292524e-01	2.609110501022109951e-01	1.563849565162857558e-01	7.435048279530999393e-02	3.097584839662601702e-02	7.880529605212316380e-02
1.248144715123063179e+03	2.441408764147219301e-01	1.541156216325768602e-01	2.610451289543780917e-01	1.564632115609322360e-01	7.438263669475225770e-02	3.099771121293247444e-02	7.885481352957908474e-02
1.249596046187159800e+03	2.439535775797968820e-01	1.539875873753676905e-01	2.611789724264768631e-01	1.565413310290386384e-01	7.441473673668343169e-02	3.101954656660505308e-02	7.890424828590436590e-02
1.251047377251256421e+03	2.437665959318670028e-01	1.538597700206003893e-01	2.613125809204162597e-01	1.566193151747181933e-01	7.444678301913855434e-02	3.104135447021938096e-02	7.895360046291312328e-02
1.252498708315352815e+03	2.435799309323118944e-01	1.537321691999994355e-01	2.614459548374219455e-01	1.566971642515452845e-01	7.447877563995566885e-02	3.106313493645995738e-02	7.900287020217874878e-02
1.253950039379449436e+03	2.433935820434348363e-01	1.536047845459141414e-01	2.615790945780371302e-01	1.567748785125568367e-01	7.451071469677621184e-02	3.108488797811946938e-02	7.905205764503424326e-02
1.255401370443546057e+03	2.432075487284609261e-01	1.534776156913175427e-01	2.617120005421242901e-01	1.568524582102538978e-01	7.454260028704556840e-02	3.110661360809811871e-02	7.910116293257246634e-02
1.256852701507642678e+03	2.430218304515354977e-01	1.533506622698055377e-01	2.618446731288659457e-01	1.569299035966029432e-01	7.457443250801344681e-02	3.112831183940294524e-02	7.915018620564644170e-02
1.258304032571739299e+03	2.428364266777224001e-01	1.532239239155958888e-01	2.619771127367658825e-01	1.570072149230374303e-01	7.460621145673435040e-02	3.114998268514716090e-02	7.919912760486970404e-02
1.259755363635835920e+03	2.426513368730023046e-01	1.530974002635271392e-01	2.621093197636502059e-01	1.570843924404590752e-01	7.463793723006806324e-02	3.117162615854949040e-02	7.924798727061647952e-02
1.261206694699932314e+03	2.424665605042710115e-01	1.529710909490577531e-01	2.622412946066689510e-01	1.571614363992394348e-01	7.466960992468002489e-02	3.119324227293349128e-02	7.929676534302207425e-02
1.262658025764028707e+03	2.422820970393378404e-01	1.528449956082650052e-01	2.623730376622966931e-01	1.572383470492212665e-01	7.470122963704189933e-02	3.121483104172690509e-02	7.934546196198315193e-02
1.264109356828125556e+03	2.420979459469239092e-01	1.527191138778440371e-01	2.625045493263339358e-01	1.573151246397199166e-01	7.473279646343192195e-02	3.123639247846099476e-02	7.939407726715805302e-02
1.265560687892221949e+03	2.419141066966604969e-01	1.525934453951068304e-01	2.626358299939084984e-01	1.573917694195247630e-01	7.476431049993535749e-02	3.125792659676989577e-02	7.944261139796701676e-02
1.267012018956318798e+03	2.417305787590873778e-01	1.524679897979813181e-01	2.627668800594760712e-01	1.574682816369005478e-01	7.479577184244499966e-02	3.127943341038995351e-02	7.949106449359259752e-02
1.268463350020415419e+03	2.415473616056511008e-01	1.523427467250102751e-01	2.628976999168221029e-01	1.575446615395888761e-01	7.482718058666158745e-02	3.130091293315907797e-02	7.953943669297985908e-02
1.269914681084511813e+03	2.413644547087034631e-01	1.522177158153504573e-01	2.630282899590622447e-01	1.576209093748095202e-01	7.485853682809423537e-02	3.132236517901609840e-02	7.958772813483679098e-02
1.271366012148608434e+03	2.411818575414998722e-01	1.520928967087714356e-01	2.631586505786440711e-01	1.576970253892618357e-01	7.488984066206089141e-02	3.134379016200011803e-02	7.963593895763450281e-02
1.272817343212705055e+03	2.409995695781975700e-01	1.519682890456547919e-01	2.632887821673478568e-01	1.577730098291262040e-01	7.492109218368878110e-02	3.136518789624988257e-02	7.968406929960761276e-02
1.274268674276801676e+03	2.408175902938541058e-01	1.518438924669929802e-01	2.634186851162879095e-01	1.578488629400652543e-01	7.495229148791482388e-02	3.138655839600310721e-02	7.973211929875453907e-02
1.275720005340898297e+03	2.406359191644256712e-01	1.517197066143884110e-01	2.635483598159134577e-01	1.579245849672253621e-01	7.498343866948611880e-02	3.140790167559589369e-02	7.978008909283774985e-02
1.277171336404994690e+03	2.404545556667655182e-01	1.515957311300524246e-01	2.636778066560101497e-01	1.580001761552379536e-01	7.501453382296033312e-02	3.142921774946205032e-02	7.982797881938420714e-02
1.278622667469091539e+03	2.402734992786222101e-01	1.514719656568044026e-01	2.638070260257009414e-01	1.580756367482208935e-01	7.504557704270614638e-02	3.145050663213249525e-02	7.987578861568554733e-02
1.280073998533187932e+03	2.400927494786381788e-01	1.513484098380706855e-01	2.639360183134472626e-01	1.581509669897797621e-01	7.507656842290373611e-02	3.147176833823459724e-02	7.992351861879844199e-02
1.281525329597284326e+03	2.399123057463480035e-01	1.512250633178835457e-01	2.640647839070501823e-01	1.582261671230092703e-01	7.510750805754513870e-02	3.149300288249156504e-02	7.997116896554494481e-02
1.282976660661381175e+03	2.397321675621768844e-01	1.511019257408803274e-01	2.641933231936515192e-01	1.583012373904945924e-01	7.513839604043470732e-02	3.151421027972185762e-02	8.001873979251276914e-02
1.284427991725477568e+03	2.395523344074388661e-01	1.509789967523023912e-01	2.643216365597350070e-01	1.583761780343126424e-01	7.516923246518959767e-02	3.153539054483850412e-02	8.006623123605563497e-02
1.285879322789574417e+03	2.393728057643354779e-01	1.508562759979941437e-01	2.644497243911273499e-01	1.584509892960335176e-01	7.520001742524014265e-02	3.155654369284853489e-02	8.011364343229354645e-02
1.287330653853671038e+03	2.391935811159539294e-01	1.507337631244019260e-01	2.645775870729994428e-01	1.585256714167216918e-01	7.523075101383025487e-02	3.157766973885234307e-02	8.016097651711313887e-02
1.288781984917767431e+03	2.390146599462656674e-01	1.506114577785733488e-01	2.647052249898672605e-01	1.586002246369374313e-01	7.526143332401794006e-02	3.159876869804308097e-02	8.020823062616801169e-02
1.290233315981864052e+03	2.388360417401247104e-01	1.504893596081559315e-01	2.648326385255934112e-01	1.586746491967380712e-01	7.529206444867563019e-02	3.161984058570604245e-02	8.025540589487901999e-02
