1.001418434226643626e+03	2.810730193218773931e-01	1.793611726187734623e-01	2.345170573637467559e-01	1.409893306381806988e-01	6.804827809342067768e-02	2.688321490385920179e-02	6.912792706001309739e-02
1.002869765290740247e+03	2.808231152803568609e-01	1.791903503064787573e-01	2.346972916669081144e-01	1.410947010740079555e-01	6.809103884194658840e-02	2.690979442498110663e-02	6.919370840519191435e-02
1.004321096354836754e+03	2.805736352045902771e-01	1.790198173497137279e-01	2.348772117896356093e-01	1.411998838197164874e-01	6.813372583356265555e-02	2.693634653183154745e-02	6.925937947082101698e-02
1.005772427418933376e+03	2.803245783655108347e-01	1.788495732629326596e-01	2.350568182682684082e-01	1.413048792486111538e-01	6.817633920902287092e-02	2.696287120617109692e-02	6.932494043935426287e-02
1.007223758483029997e+03	2.800759440354648189e-01	1.786796175612803128e-01	2.352361116382250816e-01	1.414096877330468793e-01	6.821887910877430516e-02	2.698936843003242950e-02	6.939039149304740417e-02
1.008675089547126618e+03	2.798277314882058886e-01	1.785099497605935892e-01	2.354150924340052131e-01	1.415143096444329007e-01	6.826134567295791267e-02	2.701583818571906895e-02	6.945573281395664433e-02
1.010126420611223239e+03	2.795799399988893597e-01	1.783405693774031131e-01	2.355937611891911754e-01	1.416187453532368468e-01	6.830373904140936425e-02	2.704228045580413589e-02	6.952096458393723644e-02
1.011577751675319632e+03	2.793325688440665422e-01	1.781714759289347583e-01	2.357721184364498790e-01	1.417229952289889849e-01	6.834605935365982432e-02	2.706869522312911960e-02	6.958608698464206765e-02
1.013029082739416367e+03	2.790856173016794117e-01	1.780026689331113132e-01	2.359501647075344377e-01	1.418270596402863015e-01	6.838830674893678352e-02	2.709508247080262555e-02	6.965110019752031312e-02
1.014480413803512761e+03	2.788390846510547250e-01	1.778341479085536470e-01	2.361279005332859449e-01	1.419309389547966371e-01	6.843048136616489141e-02	2.712144218219914721e-02	6.971600440381614527e-02
1.015931744867609382e+03	2.785929701728990793e-01	1.776659123745822910e-01	2.363053264436351664e-01	1.420346335392626003e-01	6.847258334396669199e-02	2.714777434095782746e-02	6.978079978456737387e-02
1.017383075931706003e+03	2.783472731492935281e-01	1.774979618512187163e-01	2.364824429676042061e-01	1.421381437595058139e-01	6.851461282066348413e-02	2.717407893098123389e-02	6.984548652060414142e-02
1.018834406995802851e+03	2.781019928636878080e-01	1.773302958591865819e-01	2.366592506333081714e-01	1.422414699804305793e-01	6.855656993427609869e-02	2.720035593643412020e-02	6.991006479254778527e-02
1.020285738059899245e+03	2.778571286008958419e-01	1.771629139199129566e-01	2.368357499679569766e-01	1.423446125660280670e-01	6.859845482252563409e-02	2.722660534174221533e-02	6.997453478080949141e-02
1.021737069123995752e+03	2.776126796470901881e-01	1.769958155555294843e-01	2.370119414978568706e-01	1.424475718793801193e-01	6.864026762283434446e-02	2.725282713159099188e-02	7.003889666558914262e-02
1.023188400188092373e+03	2.773686452897972110e-01	1.768290002888735779e-01	2.371878257484122399e-01	1.425503482826631918e-01	6.868200847232634743e-02	2.727902129092445518e-02	7.010315062687413890e-02
1.024639731252188767e+03	2.771250248178919184e-01	1.766624676434893348e-01	2.373634032441272468e-01	1.426529421371520445e-01	6.872367750782848450e-02	2.730518780494392561e-02	7.016729684443823167e-02
1.026091062316285615e+03	2.768818175215930211e-01	1.764962171436287031e-01	2.375386745086074392e-01	1.427553538032237668e-01	6.876527486587101501e-02	2.733132665910682768e-02	7.023133549784038587e-02
1.027542393380382237e+03	2.766390226924582696e-01	1.763302483142523969e-01	2.377136400645615266e-01	1.428575836403613852e-01	6.880680068268846261e-02	2.735743783912547578e-02	7.029526676642369742e-02
1.028993724444478858e+03	2.763966396233792921e-01	1.761645606810308129e-01	2.378883004338028517e-01	1.429596320071576665e-01	6.884825509422037859e-02	2.738352133096587718e-02	7.035909082931433856e-02
1.030445055508575479e+03	2.761546676085772090e-01	1.759991537703449183e-01	2.380626561372512495e-01	1.430614992613188918e-01	6.888963823611204962e-02	2.740957712084652817e-02	7.042280786542037818e-02
1.031896386572671872e+03	2.759131059435976918e-01	1.758340271092871110e-01	2.382367076949345464e-01	1.431631857596683821e-01	6.893095024371537205e-02	2.743560519523721014e-02	7.048641805343089373e-02
1.033347717636768493e+03	2.756719539253063567e-01	1.756691802256619694e-01	2.384104556259902252e-01	1.432646918581503559e-01	6.897219125208955970e-02	2.746160554085779609e-02	7.054992157181486090e-02
1.034799048700865114e+03	2.754312108518843227e-01	1.755046126479871127e-01	2.385839004486672021e-01	1.433660179118333711e-01	6.901336139600190711e-02	2.748757814467706409e-02	7.061331859882018225e-02
1.036250379764961508e+03	2.751908760228233830e-01	1.753403239054937834e-01	2.387570426803271861e-01	1.434671642749139608e-01	6.905446080992856672e-02	2.751352299391150030e-02	7.067660931247272960e-02
1.037701710829058356e+03	2.749509487389218965e-01	1.751763135281275419e-01	2.389298828374465111e-01	1.435681313007203808e-01	6.909548962805529826e-02	2.753944007602411592e-02	7.073979389057534484e-02
1.039153041893154750e+03	2.747114283022800141e-01	1.750125810465490150e-01	2.391024214356176902e-01	1.436689193417158561e-01	6.913644798427823202e-02	2.756532937872326061e-02	7.080287251070700727e-02
1.040604372957251599e+03	2.744723140162955155e-01	1.748491259921343688e-01	2.392746589895510256e-01	1.437695287495022733e-01	6.917733601220461825e-02	2.759119088996146024e-02	7.086584535022182052e-02
1.042055704021347992e+03	2.742336051856594237e-01	1.746859478969758350e-01	2.394465960130762461e-01	1.438699598748235664e-01	6.921815384515357661e-02	2.761702459793421993e-02	7.092871258624817987e-02
1.043507035085444613e+03	2.739953011163516750e-01	1.745230462938824056e-01	2.396182330191440613e-01	1.439702130675692693e-01	6.925890161615687324e-02	2.764283049107886178e-02	7.099147439568789797e-02
1.044958366149541234e+03	2.737574011156369558e-01	1.743604207163801101e-01	2.397895705198277716e-01	1.440702886767778468e-01	6.929957945795961471e-02	2.766860855807335567e-02	7.105413095521535827e-02
1.046409697213637855e+03	2.735199044920605393e-01	1.741980706987125982e-01	2.399606090263249614e-01	1.441701870506401639e-01	6.934018750302102518e-02	2.769435878783514660e-02	7.111668244127665461e-02
1.047861028277734476e+03	2.732828105554439002e-01	1.740359957758414455e-01	2.401313490489589142e-01	1.442699085365027611e-01	6.938072588351518188e-02	2.772008116952000625e-02	7.117912903008882797e-02
1.049312359341831097e+03	2.730461186168811061e-01	1.738741954834466807e-01	2.403017910971803617e-01	1.443694534808712127e-01	6.942119473133176455e-02	2.774577569252086387e-02	7.124147089763901985e-02
1.050763690405927491e+03	2.728098279887343214e-01	1.737126693579269521e-01	2.404719356795689822e-01	1.444688222294135960e-01	6.946159417807676317e-02	2.777144234646665086e-02	7.130370821968377848e-02
1.052215021470024112e+03	2.725739379846299770e-01	1.735514169363999437e-01	2.406417833038349552e-01	1.445680151269635172e-01	6.950192435507324129e-02	2.779708112122115243e-02	7.136584117174821218e-02
1.053666352534120733e+03	2.723384479194548291e-01	1.733904377567026533e-01	2.408113344768206265e-01	1.446670325175236083e-01	6.954218539336201599e-02	2.782269200688185923e-02	7.142786992912535105e-02
1.055117683598217127e+03	2.721033571093520731e-01	1.732297313573916142e-01	2.409805897045019241e-01	1.447658747442686633e-01	6.958237742370247669e-02	2.784827499377881543e-02	7.148979466687532813e-02
1.056569014662313975e+03	2.718686648717174581e-01	1.730692972777431171e-01	2.411495494919900784e-01	1.448645421495488028e-01	6.962250057657320967e-02	2.787383007247348429e-02	7.155161555982474109e-02
1.058020345726410369e+03	2.716343705251951235e-01	1.729091350577533770e-01	2.413182143435331495e-01	1.449630350748928043e-01	6.966255498217278908e-02	2.789935723375760665e-02	7.161333278256593049e-02
1.059471676790506763e+03	2.714004733896744348e-01	1.727492442381387550e-01	2.414865847625174977e-01	1.450613538610111553e-01	6.970254077042045693e-02	2.792485646865206644e-02	7.167494650945641088e-02
1.060923007854603611e+03	2.711669727862857093e-01	1.725896243603358138e-01	2.416546612514693937e-01	1.451594988477991899e-01	6.974245807095687255e-02	2.795032776840576313e-02	7.173645691461807972e-02
1.062374338918700232e+03	2.709338680373966080e-01	1.724302749665014289e-01	2.418224443120565170e-01	1.452574703743402529e-01	6.978230701314483420e-02	2.797577112449448067e-02	7.179786417193667614e-02
1.063825669982796853e+03	2.707011584666086934e-01	1.722711955995129274e-01	2.419899344450895662e-01	1.453552687789087527e-01	6.982208772606993130e-02	2.800118652861976337e-02	7.185916845506114259e-02
1.065277001046893474e+03	2.704688433987534890e-01	1.721123858029680598e-01	2.421571321505238128e-01	1.454528943989732981e-01	6.986180033854133553e-02	2.802657397270778838e-02	7.192036993740301420e-02
1.066728332110990095e+03	2.702369221598889815e-01	1.719538451211850838e-01	2.423240379274605449e-01	1.455503475711996397e-01	6.990144497909242527e-02	2.805193344890826584e-02	7.198146879213583593e-02
1.068179663175086489e+03	2.700053940772961791e-01	1.717955730992026808e-01	2.424906522741485937e-01	1.456476286314538349e-01	6.994102177598157666e-02	2.807726494959330785e-02	7.204246519219459355e-02
1.069630994239183110e+03	2.697742584794753928e-01	1.716375692827800115e-01	2.426569756879859985e-01	1.457447379148050504e-01	6.998053085719282973e-02	2.810256846735632169e-02	7.210335931027518630e-02
1.071082325303279504e+03	2.695435146961428496e-01	1.714798332183965490e-01	2.428230086655213393e-01	1.458416757555287546e-01	7.001997235043655454e-02	2.812784399501091701e-02	7.216415131883384404e-02
1.072533656367376352e+03	2.693131620582270846e-01	1.713223644532521628e-01	2.429887517024554022e-01	1.459384424871095209e-01	7.005934638315022833e-02	2.815309152558977471e-02	7.222484139008662762e-02
1.073984987431472746e+03	2.690831998978656658e-01	1.711651625352669237e-01	2.431542052936426501e-01	1.460350384422440806e-01	7.009865308249903226e-02	2.817831105234357841e-02	7.228542969600892931e-02
1.075436318495569594e+03	2.688536275484018079e-01	1.710082270130808824e-01	2.433193699330926385e-01	1.461314639528440429e-01	7.013789257537665633e-02	2.820350256873990075e-02	7.234591640833493154e-02
1.076887649559666215e+03	2.686244443443808749e-01	1.708515574360541245e-01	2.434842461139717085e-01	1.462277193500390315e-01	7.017706498840589613e-02	2.822866606846211393e-02	7.240630169855717668e-02
1.078338980623762609e+03	2.683956496215470500e-01	1.706951533542664101e-01	2.436488343286042635e-01	1.463238049641793770e-01	7.021617044793938833e-02	2.825380154540829344e-02	7.246658573792608138e-02
1.079790311687859230e+03	2.681672427168401707e-01	1.705390143185171181e-01	2.438131350684744625e-01	1.464197211248390862e-01	7.025520908006030463e-02	2.827890899369014943e-02	7.252676869744949240e-02
1.081241642751955851e+03	2.679392229683923432e-01	1.703831398803250241e-01	2.439771488242276631e-01	1.465154681608185627e-01	7.029418101058304558e-02	2.830398840763193730e-02	7.258685074789221481e-02
1.082692973816052472e+03	2.677115897155247226e-01	1.702275295919279674e-01	2.441408760856718096e-01	1.466110464001474933e-01	7.033308636505383737e-02	2.832903978176936829e-02	7.264683205977562341e-02
1.084144304880149093e+03	2.674843422987442931e-01	1.700721830062826290e-01	2.443043173417790148e-01	1.467064561700876513e-01	7.037192526875153675e-02	2.835406311084854442e-02	7.270671280337721865e-02
1.085595635944245487e+03	2.672574800597405931e-01	1.699170996770643649e-01	2.444674730806870033e-01	1.468016977971355330e-01	7.041069784668824161e-02	2.837905838982489673e-02	7.276649314873023799e-02
1.087046967008342108e+03	2.670310023413827727e-01	1.697622791586668456e-01	2.446303437897006383e-01	1.468967716070252727e-01	7.044940422360997101e-02	2.840402561386209598e-02	7.282617326562328131e-02
1.088498298072438729e+03	2.668049084877163191e-01	1.696077210062016671e-01	2.447929299552934201e-01	1.469916779247313066e-01	7.048804452399731746e-02	2.842896477833100830e-02	7.288575332359993608e-02
1.089949629136535123e+03	2.665791978439598364e-01	1.694534247754981293e-01	2.449552320631087632e-01	1.470864170744710375e-01	7.052661887206616853e-02	2.845387587880862310e-02	7.294523349195838891e-02
1.091400960200631971e+03	2.663538697565023261e-01	1.692993900231028470e-01	2.451172505979617444e-01	1.471809893797076385e-01	7.056512739176835913e-02	2.847875891107699842e-02	7.300461393975106461e-02
1.092852291264728365e+03	2.661289235728996894e-01	1.691456163062794726e-01	2.452789860438403247e-01	1.472753951631526059e-01	7.060357020679233764e-02	2.850361387112220965e-02	7.306389483578437649e-02
1.094303622328825213e+03	2.659043586418720628e-01	1.689921031830080855e-01	2.454404388839069584e-01	1.473696347467684797e-01	7.064194744056380426e-02	2.852844075513329830e-02	7.312307634861829608e-02
1.095754953392921607e+03	2.656801743133005989e-01	1.688388502119850809e-01	2.456016096005000371e-01	1.474637084517715080e-01	7.068025921624643271e-02	2.855323955950122769e-02	7.318215864656606173e-02
1.097206284457018228e+03	2.654563699382246900e-01	1.686858569526225593e-01	2.457624986751353047e-01	1.475576165986342281e-01	7.071850565674245304e-02	2.857801028081783865e-02	7.324114189769391492e-02
1.098657615521114849e+03	2.652329448688387492e-01	1.685331229650479656e-01	2.459231065885072454e-01	1.476513595070880203e-01	7.075668688469340106e-02	2.860275291587480867e-02	7.330002626982079494e-02
1.100108946585211470e+03	2.650098984584896011e-01	1.683806478101035897e-01	2.460834338204906380e-01	1.477449374961258000e-01	7.079480302248068735e-02	2.862746746166262152e-02	7.335881193051801974e-02
1.101560277649308091e+03	2.647872300616733177e-01	1.682284310493462332e-01	2.462434808501420269e-01	1.478383508840044880e-01	7.083285419222630497e-02	2.865215391536952635e-02	7.341749904710906383e-02
1.103011608713404712e+03	2.645649390340324425e-01	1.680764722450465709e-01	2.464032481557009990e-01	1.479315999882476196e-01	7.087084051579346788e-02	2.867681227438052122e-02	7.347608778666926688e-02
1.104462939777501106e+03	2.643430247323531601e-01	1.679247709601887628e-01	2.465627362145918211e-01	1.480246851256478979e-01	7.090876211478729096e-02	2.870144253627631911e-02	7.353457831602559780e-02
1.105914270841597499e+03	2.641214865145624646e-01	1.677733267584700094e-01	2.467219455034246889e-01	1.481176066122696089e-01	7.094661911055538672e-02	2.872604469883232800e-02	7.359297080175643269e-02
1.107365601905694348e+03	2.639003237397251622e-01	1.676221392042998304e-01	2.468808764979972536e-01	1.482103647634511745e-01	7.098441162418854533e-02	2.875061876001764466e-02	7.365126541019127726e-02
1.108816932969790741e+03	2.636795357680414842e-01	1.674712078627996481e-01	2.470395296732960377e-01	1.483029598938077065e-01	7.102213977652137300e-02	2.877516471799402079e-02	7.370946230741058647e-02
1.110268264033887590e+03	2.634591219608439783e-01	1.673205322998023437e-01	2.471979055034979056e-01	1.483953923172333655e-01	7.105980368813290260e-02	2.879968257111486726e-02	7.376756165924557018e-02
1.111719595097984211e+03	2.632390816805946776e-01	1.671701120818515351e-01	2.473560044619713405e-01	1.484876623469038315e-01	7.109740347934728755e-02	2.882417231792424109e-02	7.382556363127795729e-02
1.113170926162080832e+03	2.630194142908827692e-01	1.670199467762010503e-01	2.475138270212781100e-01	1.485797702952787458e-01	7.113493927023442631e-02	2.884863395715584616e-02	7.388346838883984302e-02
1.114622257226177226e+03	2.628001191564216521e-01	1.668700359508144271e-01	2.476713736531743759e-01	1.486717164741042374e-01	7.117241118061057303e-02	2.887306748773203410e-02	7.394127609701346693e-02
1.116073588290273847e+03	2.625811956430462168e-01	1.667203791743642194e-01	2.478286448286123045e-01	1.487635011944151431e-01	7.120981933003900366e-02	2.889747290876279809e-02	7.399898692063107408e-02
1.117524919354370468e+03	2.623626431177101814e-01	1.665709760162313591e-01	2.479856410177414816e-01	1.488551247665375887e-01	7.124716383783059881e-02	2.892185021954479449e-02	7.405660102427476243e-02
1.118976250418467089e+03	2.621444609484835375e-01	1.664218260465047117e-01	2.481423626899101620e-01	1.489465875000910711e-01	7.128444482304455154e-02	2.894619941956034712e-02	7.411411857227631628e-02
1.120427581482563710e+03	2.619266485045499970e-01	1.662729288359802993e-01	2.482988103136668789e-01	1.490378897039911776e-01	7.132166240448892247e-02	2.897052050847645499e-02	7.417153972871703971e-02
1.121878912546660331e+03	2.617092051562040500e-01	1.661242839561606621e-01	2.484549843567616378e-01	1.491290316864516408e-01	7.135881670072129201e-02	2.899481348614382087e-02	7.422886465742765949e-02
1.123330243610756725e+03	2.614921302748487997e-01	1.659758909792542481e-01	2.486108852861474428e-01	1.492200137549868078e-01	7.139590783004939878e-02	2.901907835259586940e-02	7.428609352198821403e-02
1.124781574674853118e+03	2.612754232329930204e-01	1.658277494781747741e-01	2.487665135679816841e-01	1.493108362164139169e-01	7.143293591053173630e-02	2.904331510804777569e-02	7.434322648572788683e-02
1.126232905738949967e+03	2.610590834042488262e-01	1.656798590265404492e-01	2.489218696676274434e-01	1.494014993768554289e-01	7.146990105997823306e-02	2.906752375289548343e-02	7.440026371172492325e-02
1.127684236803046360e+03	2.608431101633290616e-01	1.655322191986734748e-01	2.490769540496549916e-01	1.494920035417412474e-01	7.150680339595077983e-02	2.909170428771475081e-02	7.445720536280653334e-02
1.129135567867143209e+03	2.606275028860446374e-01	1.653848295695991844e-01	2.492317671778430666e-01	1.495823490158109947e-01	7.154364303576392359e-02	2.911585671326017560e-02	7.451405160154880858e-02
1.130586898931239830e+03	2.604122609493025320e-01	1.652376897150453772e-01	2.493863095151803155e-01	1.496725361031163437e-01	7.158042009648543647e-02	2.913998103046424107e-02	7.457080259027661084e-02
1.132038229995336451e+03	2.601973837311025162e-01	1.650907992114416523e-01	2.495405815238666836e-01	1.497625651070231823e-01	7.161713469493695416e-02	2.916407724043635491e-02	7.462745849106353080e-02
1.133489561059432845e+03	2.599828706105354881e-01	1.649441576359186590e-01	2.496945836653147177e-01	1.498524363302138063e-01	7.165378694769454493e-02	2.918814534446189865e-02	7.468401946573177685e-02
1.134940892123529466e+03	2.597687209677803644e-01	1.647977645663074031e-01	2.498483164001509826e-01	1.499421500746893343e-01	7.169037697108941731e-02	2.921218534400127353e-02	7.474048567585216130e-02
1.136392223187626087e+03	2.595549341841019708e-01	1.646516195811384142e-01	2.500017801882175039e-01	1.500317066417716505e-01	7.172690488120840591e-02	2.923619724068896031e-02	7.479685728274403089e-02
1.137843554251722708e+03	2.593415096418486554e-01	1.645057222596411906e-01	2.501549754885729060e-01	1.501211063321057915e-01	7.176337079389465134e-02	2.926018103633256859e-02	7.485313444747518363e-02
1.139294885315819101e+03	2.591284467244496792e-01	1.643600721817431998e-01	2.503079027594941608e-01	1.502103494456619726e-01	7.179977482474818318e-02	2.928413673291190705e-02	7.490931733086189648e-02
1.140746216379915950e+03	2.589157448164129405e-01	1.642146689280692962e-01	2.504605624584774204e-01	1.502994362817378360e-01	7.183611708912653049e-02	2.930806433257803975e-02	7.496540609346885597e-02
1.142197547444012343e+03	2.587034033033226987e-01	1.640695120799408602e-01	2.506129550422399599e-01	1.503883671389606158e-01	7.187239770214533252e-02	2.933196383765235629e-02	7.502140089560915825e-02
1.143648878508108737e+03	2.584914215718369657e-01	1.639246012193751600e-01	2.507650809667209546e-01	1.504771423152891641e-01	7.190861677867887991e-02	2.935583525062564550e-02	7.507730189734422577e-02
1.145100209572205586e+03	2.582797990096853402e-01	1.637799359290843249e-01	2.509169406870833119e-01	1.505657621080162545e-01	7.194477443336076694e-02	2.937967857415715867e-02	7.513310925848386279e-02
1.146551540636302207e+03	2.580685350056664551e-01	1.636355157924747616e-01	2.510685346577148369e-01	1.506542268137704976e-01	7.198087078058446053e-02	2.940349381107370402e-02	7.518882313858625543e-02
1.148002871700398828e+03	2.578576289496460894e-01	1.634913403936462950e-01	2.512198633322294539e-01	1.507425367285185613e-01	7.201690593450393862e-02	2.942728096436871346e-02	7.524444369695794388e-02
1.149454202764495449e+03	2.576470802325543930e-01	1.633474093173913344e-01	2.513709271634687048e-01	1.508306921475672246e-01	7.205288000903421752e-02	2.945104003720134395e-02	7.529997109265383626e-02
1.150905533828591842e+03	2.574368882463837771e-01	1.632037221491940970e-01	2.515217266035029708e-01	1.509186933655654039e-01	7.208879311785196253e-02	2.947477103289555117e-02	7.535540548447723641e-02
1.152356864892688463e+03	2.572270523841867496e-01	1.630602784752297751e-01	2.516722621036330265e-01	1.510065406765063456e-01	7.212464537439608470e-02	2.949847395493918403e-02	7.541074703097984389e-02
1.153808195956785084e+03	2.570175720400733610e-01	1.629170778823636756e-01	2.518225341143910945e-01	1.510942343737295412e-01	7.216043689186833754e-02	2.952214880698308605e-02	7.546599589046182333e-02
1.155259527020881706e+03	2.568084466092092621e-01	1.627741199581504983e-01	2.519725430855424553e-01	1.511817747499228370e-01	7.219616778323385831e-02	2.954579559284018983e-02	7.552115222097180447e-02
1.156710858084978327e+03	2.565996754878132613e-01	1.626314042908333368e-01	2.521222894660864466e-01	1.512691620971244044e-01	7.223183816122180634e-02	2.956941431648462890e-02	7.557621618030690991e-02
1.158162189149074720e+03	2.563912580731551039e-01	1.624889304693430403e-01	2.522717737042581843e-01	1.513563967067249050e-01	7.226744813832590431e-02	2.959300498205082175e-02	7.563118792601286611e-02
1.159613520213171569e+03	2.561831937635533074e-01	1.623466980832971307e-01	2.524209962475295055e-01	1.514434788694692113e-01	7.230299782680500720e-02	2.961656759383260104e-02	7.568606761538400340e-02
1.161064851277267962e+03	2.559754819583729968e-01	1.622047067229991646e-01	2.525699575426105792e-01	1.515304088754586831e-01	7.233848733868372682e-02	2.964010215628232192e-02	7.574085540546328377e-02
1.162516182341364356e+03	2.557681220580236836e-01	1.620629559794377061e-01	2.527186580354509604e-01	1.516171870141530265e-01	7.237391678575297305e-02	2.966360867400997386e-02	7.579555145304246733e-02
1.163967513405461204e+03	2.555611134639568793e-01	1.619214454442856055e-01	2.528670981712412558e-01	1.517038135743722094e-01	7.240928627957049502e-02	2.968708715178230290e-02	7.585015591466209850e-02
1.165418844469557826e+03	2.553544555786642078e-01	1.617801747098989995e-01	2.530152783944140116e-01	1.517902888442985987e-01	7.244459593146154730e-02	2.971053759452193035e-02	7.590466894661157538e-02
1.166870175533654447e+03	2.551481478056750740e-01	1.616391433693165347e-01	2.531631991486453792e-01	1.518766131114786533e-01	7.247984585251936174e-02	2.973396000730648553e-02	7.595909070492927462e-02
1.168321506597751068e+03	2.549421895495546098e-01	1.614983510162584235e-01	2.533108608768563363e-01	1.519627866628251445e-01	7.251503615360578581e-02	2.975735439536773483e-02	7.601342134540263473e-02
1.169772837661847461e+03	2.547365802159015646e-01	1.613577972451256948e-01	2.534582640212139082e-01	1.520488097846188491e-01	7.255016694535178223e-02	2.978072076409071442e-02	7.606766102356821158e-02
1.171224168725944082e+03	2.545313192113459744e-01	1.612174816509990560e-01	2.536054090231323888e-01	1.521346827625106035e-01	7.258523833815806736e-02	2.980405911901285593e-02	7.612180989471178938e-02
1.172675499790040703e+03	2.543264059435471625e-01	1.610774038296382271e-01	2.537522963232749507e-01	1.522204058815231353e-01	7.262025044219559688e-02	2.982736946582314336e-02	7.617586811386850565e-02
1.174126830854137097e+03	2.541218398211917973e-01	1.609375633774809689e-01	2.538989263615545333e-01	1.523059794260530342e-01	7.265520336740621810e-02	2.985065181036125267e-02	7.622983583582293443e-02
1.175578161918233945e+03	2.539176202539915050e-01	1.607979598916421671e-01	2.540452995771356193e-01	1.523914036798725280e-01	7.269009722350314173e-02	2.987390615861668097e-02	7.628371321510916958e-02
1.177029492982330339e+03	2.537137466526809271e-01	1.606585929699129167e-01	2.541914164084350114e-01	1.524766789261315092e-01	7.272493211997155260e-02	2.989713251672792074e-02	7.633750040601097742e-02
1.178480824046426733e+03	2.535102184290157212e-01	1.605194622107596891e-01	2.543372772931234427e-01	1.525618054473592555e-01	7.275970816606915081e-02	2.992033089098160292e-02	7.639119756256196325e-02
1.179932155110523581e+03	2.533070349957702860e-01	1.603805672133233329e-01	2.544828826681270195e-01	1.526467835254663730e-01	7.279442547082669301e-02	2.994350128781164688e-02	7.644480483854555752e-02
1.181383486174620202e+03	2.531041957667359288e-01	1.602419075774182411e-01	2.546282329696278879e-01	1.527316134417465721e-01	7.282908414304857525e-02	2.996664371379842776e-02	7.649832238749526558e-02
1.182834817238716823e+03	2.529017001567186451e-01	1.601034829035312967e-01	2.547733286330662317e-01	1.528162954768786108e-01	7.286368429131337421e-02	2.998975817566794030e-02	7.655175036269477873e-02
1.184286148302813444e+03	2.526995475815372316e-01	1.599652927928210955e-01	2.549181700931411054e-01	1.529008299109280433e-01	7.289822602397437457e-02	3.001284468029096625e-02	7.660508891717807134e-02
1.185737479366910065e+03	2.524977374580211764e-01	1.598273368471170020e-01	2.550627577838118221e-01	1.529852170233489961e-01	7.293270944916013798e-02	3.003590323468223813e-02	7.665833820372955354e-02
1.187188810431006686e+03	2.522962692040084942e-01	1.596896146689180951e-01	2.552070921382993407e-01	1.530694570929860832e-01	7.296713467477504433e-02	3.005893384599962054e-02	7.671149837488427936e-02
1.188640141495103080e+03	2.520951422383440055e-01	1.595521258613923632e-01	2.553511735890872658e-01	1.531535503980761270e-01	7.300150180849984682e-02	3.008193652154328782e-02	7.676456958292801613e-02
1.190091472559199701e+03	2.518943559808771160e-01	1.594148700283758158e-01	2.554950025679234571e-01	1.532374972162500182e-01	7.303581095779219934e-02	3.010491126875488796e-02	7.681755197989745265e-02
1.191542803623296322e+03	2.516939098524599849e-01	1.592778467743712900e-01	2.556385795058210841e-01	1.533212978245343527e-01	7.307006222988719768e-02	3.012785809521674116e-02	7.687044571758031020e-02
1.192994134687392716e+03	2.514938032749453045e-01	1.591410557045478680e-01	2.557819048330599032e-01	1.534049524993534308e-01	7.310425573179794856e-02	3.015077700865102447e-02	7.692325094751555070e-02
1.194445465751489564e+03	2.512940356711845791e-01	1.590044964247395443e-01	2.559249789791875895e-01	1.534884615165307553e-01	7.313839157031605531e-02	3.017366801691896000e-02	7.697596782099350166e-02
1.195896796815585958e+03	2.510946064650260712e-01	1.588681685414446709e-01	2.560678023730209585e-01	1.535718251512910026e-01	7.317246985201221465e-02	3.019653112801999953e-02	7.702859648905610590e-02
1.197348127879682352e+03	2.508955150813127477e-01	1.587320716618247085e-01	2.562103754426471869e-01	1.536550436782616602e-01	7.320649068323670239e-02	3.021936635009104394e-02	7.708113710249697714e-02
1.198799458943779200e+03	2.506967609458805035e-01	1.585962053937034211e-01	2.563526986154251452e-01	1.537381173714747473e-01	7.324045417011994241e-02	3.024217369140561051e-02	7.713358981186166363e-02
1.200250790007875821e+03	2.504983434855559965e-01	1.584605693455658770e-01	2.564947723179866190e-01	1.538210465043686193e-01	7.327436041857302018e-02	3.026495316037306621e-02	7.718595476744780082e-02
1.201702121071972442e+03	2.503002621281549267e-01	1.583251631265575055e-01	2.566365969762375854e-01	1.539038313497895771e-01	7.330820953428822395e-02	3.028770476553781232e-02	7.723823211930530563e-02
1.203153452136069063e+03	2.501025163024800380e-01	1.581899863464830969e-01	2.567781730153593789e-01	1.539864721799936997e-01	7.334200162273955825e-02	3.031042851557850387e-02	7.729042201723657080e-02
1.204604783200165684e+03	2.499051054383191195e-01	1.580550386158060261e-01	2.569195008598100238e-01	1.540689692666485089e-01	7.337573678918328512e-02	3.033312441930726550e-02	7.734252461079661745e-02
1.206056114264262078e+03	2.497080289664431740e-01	1.579203195456470032e-01	2.570605809333253999e-01	1.541513228808344960e-01	7.340941513865846535e-02	3.035579248566888655e-02	7.739454004929335884e-02
1.207507445328358699e+03	2.495112863186045304e-01	1.577858287477833521e-01	2.572014136589205746e-01	1.542335332930471203e-01	7.344303677598743030e-02	3.037843272374007517e-02	7.744646848178771137e-02
1.208958776392455093e+03	2.493148769275348731e-01	1.576515658346478443e-01	2.573419994588910242e-01	1.543156007731982249e-01	7.347660180577633704e-02	3.040104514272864294e-02	7.749831005709387211e-02
1.210410107456551941e+03	2.491188002269434376e-01	1.575175304193279502e-01	2.574823387548137443e-01	1.543975255906177568e-01	7.351011033241573733e-02	3.042362975197275207e-02	7.755006492377949923e-02
1.211861438520648335e+03	2.489230556515150683e-01	1.573837221155646449e-01	2.576224319675485819e-01	1.544793080140555441e-01	7.354356246008099396e-02	3.044618656094014511e-02	7.760173323016589242e-02
1.213312769584745183e+03	2.487276426369083859e-01	1.572501405377516315e-01	2.577622795172395676e-01	1.545609483116827942e-01	7.357695829273291910e-02	3.046871557922736437e-02	7.765331512432822880e-02
1.214764100648841804e+03	2.485325606197538451e-01	1.571167853009342863e-01	2.579018818233159149e-01	1.546424467510938150e-01	7.361029793411817679e-02	3.049121681655899904e-02	7.770481075409579885e-02
1.216215431712937971e+03	2.483378090376519853e-01	1.569836560208086318e-01	2.580412393044935748e-01	1.547238035993076799e-01	7.364358148776985191e-02	3.051369028278690804e-02	7.775622026705218681e-02
1.217666762777034819e+03	2.481433873291715164e-01	1.568507523137205040e-01	2.581803523787760124e-01	1.548050191227697825e-01	7.367680905700801919e-02	3.053613598788948100e-02	7.780754381053549273e-02
1.219118093841131440e+03	2.479492949338474583e-01	1.567180737966644144e-01	2.583192214634558725e-01	1.548860935873534739e-01	7.370998074494011787e-02	3.055855394197085767e-02	7.785878153163858229e-02
1.220569424905228061e+03	2.477555312921793373e-01	1.565856200872826620e-01	2.584578469751159235e-01	1.549670272583617558e-01	7.374309665446161788e-02	3.058094415526020279e-02	7.790993357720929491e-02
1.222020755969324682e+03	2.475620958456293541e-01	1.564533908038643339e-01	2.585962293296303338e-01	1.550478204005287242e-01	7.377615688825640838e-02	3.060330663811092894e-02	7.796100009385067975e-02
1.223472087033421303e+03	2.473689880366205240e-01	1.563213855653443618e-01	2.587343689421659487e-01	1.551284732780213449e-01	7.380916154879736679e-02	3.062564140099998181e-02	7.801198122792121770e-02
1.224923418097517697e+03	2.471762073085348732e-01	1.561896039913024947e-01	2.588722662271835118e-01	1.552089861544409255e-01	7.384211073834684447e-02	3.064794845452706307e-02	7.806287712553505731e-02
1.226374749161614318e+03	2.469837531057116065e-01	1.560580457019623002e-01	2.590099215984387193e-01	1.552893592928247524e-01	7.387500455895719409e-02	3.067022780941391219e-02	7.811368793256225074e-02
1.227826080225710712e+03	2.467916248734454421e-01	1.559267103181902481e-01	2.591473354689836084e-01	1.553695929556476174e-01	7.390784311247124150e-02	3.069247947650356051e-02	7.816441379462898964e-02
1.229277411289807560e+03	2.465998220579845579e-01	1.557955974614947114e-01	2.592845082511677224e-01	1.554496874048234278e-01	7.394062650052281305e-02	3.071470346675960264e-02	7.821505485711785499e-02
1.230728742353903954e+03	2.464083441065289537e-01	1.556647067540249119e-01	2.594214403566393323e-01	1.555296429017067605e-01	7.397335482453723521e-02	3.073689979126546443e-02	7.826561126516806688e-02
1.232180073418000802e+03	2.462171904672287026e-01	1.555340378185699757e-01	2.595581321963464361e-01	1.556094597070943608e-01	7.400602818573180641e-02	3.075906846122366742e-02	7.831608316367572042e-02
1.233631404482097196e+03	2.460263605891821193e-01	1.554035902785580459e-01	2.596945841805382571e-01	1.556891380812268355e-01	7.403864668511632441e-02	3.078120948795511069e-02	7.836647069729403559e-02
1.235082735546193817e+03	2.458358539224339001e-01	1.552733637580550607e-01	2.598307967187661882e-01	1.557686782837899853e-01	7.407121042349358586e-02	3.080332288289834575e-02	7.841677401043362083e-02
1.236534066610290438e+03	2.456456699179735137e-01	1.551433578817640879e-01	2.599667702198852903e-01	1.558480805739164698e-01	7.410371950145983044e-02	3.082540865760886525e-02	7.846699324726270908e-02
1.237985397674387059e+03	2.454558080277332854e-01	1.550135722750239642e-01	2.601025050920551251e-01	1.559273452101873070e-01	7.413617401940532370e-02	3.084746682375837795e-02	7.851712855170737970e-02
1.239436728738483680e+03	2.452662677045867601e-01	1.548840065638086849e-01	2.602380017427411429e-01	1.560064724506334544e-01	7.416857407751474562e-02	3.086949739313410088e-02	7.856718006745193328e-02
1.240888059802580301e+03	2.450770484023468698e-01	1.547546603747260718e-01	2.603732605787159593e-01	1.560854625527371697e-01	7.420091977576775966e-02	3.089150037763804812e-02	7.861714793793903033e-02
1.242339390866676695e+03	2.448881495757642135e-01	1.546255333350170513e-01	2.605082820060602433e-01	1.561643157734335929e-01	7.423321121393947064e-02	3.091347578928631962e-02	7.866703230636999666e-02
1.243790721930773088e+03	2.446995706805253357e-01	1.544966250725544610e-01	2.606430664301642719e-01	1.562430323691123280e-01	7.426544849160092443e-02	3.093542364020840721e-02	7.871683331570510089e-02
1.245242052994869937e+03	2.445113111732509503e-01	1.543679352158422724e-01	2.607776142557289289e-01	1.563216125956188030e-01	7.429763170811959361e-02	3.095734394264648345e-02	7.876655110866381815e-02
1.246693384058966330e+03	2.443233705114942478e-01	1.542394633940143700e-01	2.609119258867667601e-01	1.564000567082557969e-01	7.432976096265982158e-02	3.097923670895470771e-02	7.881618582772505210e-02
1.248144715123063179e+03	2.441357481537392016e-01	1.541112092368337183e-01	2.610460017266033605e-01	1.564783649617849937e-01	7.436183635418339155e-02	3.100110195159853574e-02	7.886573761512750969e-02
1.249596046187159800e+03	2.439484435593987643e-01	1.539831723746913072e-01	2.611798421778785406e-01	1.565565376104283424e-01	7.439385798144991513e-02	3.102293968315402231e-02	7.891520661286983984e-02
1.251047377251256421e+03	2.437614561888131748e-01	1.538553524386051252e-01	2.613134476425472696e-01	1.566345749078695559e-01	7.442582594301737353e-02	3.104474991630713429e-02	7.896459296271102213e-02
1.252498708315352815e+03	2.435747855032483200e-01	1.537277490602193264e-01	2.614468185218811191e-01	1.567124771072556377e-01	7.445774033724258945e-02	3.106653266385305673e-02	7.901389680617057487e-02
1.253950039379449436e+03	2.433884309648939592e-01	1.536003618718030650e-01	2.615799552164693176e-01	1.567902444611982138e-01	7.448960126228168499e-02	3.108828793869552673e-02	7.906311828452887436e-02
1.255401370443546057e+03	2.432023920368620584e-01	1.534731905062495516e-01	2.617128581262199161e-01	1.568678772217750317e-01	7.452140881609056744e-02	3.111001575384613610e-02	7.911225753882737688e-02
1.256852701507642678e+03	2.430166681831850695e-01	1.533462345970750540e-01	2.618455276503608986e-01	1.569453756405315425e-01	7.455316309642542882e-02	3.113171612242366521e-02	7.916131470986897956e-02
1.258304032571739299e+03	2.428312588688142648e-01	1.532194937784179811e-01	2.619779641874414589e-01	1.570227399684820668e-01	7.458486420084316226e-02	3.115338905765339950e-02	7.921028993821821462e-02
1.259755363635835920e+03	2.426461635596180999e-01	1.530929676850378285e-01	2.621101681353332213e-01	1.570999704561114318e-01	7.461651222670188932e-02	3.117503457286645990e-02	7.925918336420163801e-02
1.261206694699932314e+03	2.424613817223804646e-01	1.529666559523141789e-01	2.622421398912310186e-01	1.571770673533763041e-01	7.464810727116143185e-02	3.119665268149914711e-02	7.930799512790799588e-02
1.262658025764028707e+03	2.422769128247989900e-01	1.528405582162457033e-01	2.623738798516546122e-01	1.572540309097066047e-01	7.467964943118372834e-02	3.121824339709225807e-02	7.935672536918864095e-02
1.264109356828125556e+03	2.420927563354834666e-01	1.527146741134492447e-01	2.625053884124494141e-01	1.573308613740069528e-01	7.471113880353337511e-02	3.123980673329042682e-02	7.940537422765769904e-02
1.265560687892221949e+03	2.419089117239541786e-01	1.525890032811586805e-01	2.626366659687878191e-01	1.574075589946579978e-01	7.474257548477801494e-02	3.126134270384147568e-02	7.945394184269244375e-02
1.267012018956318798e+03	2.417253784606401557e-01	1.524635453572240895e-01	2.627677129151701485e-01	1.574841240195179737e-01	7.477395957128887827e-02	3.128285132259574913e-02	7.950242835343358794e-02
1.268463350020415419e+03	2.415421560168775628e-01	1.523382999801106974e-01	2.628985296454262599e-01	1.575605566959239201e-01	7.480529115924119954e-02	3.130433260350545116e-02	7.955083389878549183e-02
1.269914681084511813e+03	2.413592438649081184e-01	1.522132667888978774e-01	2.630291165527162689e-01	1.576368572706930982e-01	7.483657034461468904e-02	3.132578656062400685e-02	7.959915861741657939e-02
1.271366012148608434e+03	2.411766414778773182e-01	1.520884454232780958e-01	2.631594740295317147e-01	1.577130259901245168e-01	7.486779722319401864e-02	3.134721320810541362e-02	7.964740264775956036e-02
1.272817343212705055e+03	2.409943483298329081e-01	1.519638355235560789e-01	2.632896024676970592e-01	1.577890631000000987e-01	7.489897189056926585e-02	3.136861256020358202e-02	7.969556612801172168e-02
1.274268674276801676e+03	2.408123638957232193e-01	1.518394367306476478e-01	2.634195022583703527e-01	1.578649688455861788e-01	7.493009444213634407e-02	3.138998463127171124e-02	7.974364919613524672e-02
1.275720005340898297e+03	2.406306876513955306e-01	1.517152486860788851e-01	2.635491737920447886e-01	1.579407434716348646e-01	7.496116497309752991e-02	3.141132943576162989e-02	7.979165198985754826e-02
1.277171336404994690e+03	2.404493190735944308e-01	1.515912710319850254e-01	2.636786174585494802e-01	1.580163872223853128e-01	7.499218357846183791e-02	3.143264698822317155e-02	7.983957464667151838e-02
1.278622667469091539e+03	2.402682576399601810e-01	1.514675034111095386e-01	2.638078336470509599e-01	1.580919003415651725e-01	7.502315035304556179e-02	3.145393730330352938e-02	7.988741730383587536e-02
1.280073998533187932e+03	2.400875028290272162e-01	1.513439454668031037e-01	2.639368227460539007e-01	1.581672830723918899e-01	7.505406539147266298e-02	3.147520039574663864e-02	7.993518009837542737e-02
1.281525329597284326e+03	2.399070541202223406e-01	1.512205968430226366e-01	2.640655851434027257e-01	1.582425356575739850e-01	7.508492878817524252e-02	3.149643628039253129e-02	7.998286316708140553e-02
1.282976660661381175e+03	2.397269109938632570e-01	1.510974571843302638e-01	2.641941212262822747e-01	1.583176583393125503e-01	7.511574063739401286e-02	3.151764497217671157e-02	8.003046664651176922e-02
1.284427991725477568e+03	2.395470729311569014e-01	1.509745261358924062e-01	2.643224313812193027e-01	1.583926513593024443e-01	7.514650103317870034e-02	3.153882648612954531e-02	8.007799067299149753e-02
1.285879322789574417e+03	2.393675394141979162e-01	1.508518033434788075e-01	2.644505159940833128e-01	1.584675149587336240e-01	7.517721006938854478e-02	3.155998083737563548e-02	8.012543538261293619e-02
1.287330653853671038e+03	2.391883099259669854e-01	1.507292884534613686e-01	2.645783754500878882e-01	1.585422493782925324e-01	7.520786783969275746e-02	3.158110804113318376e-02	8.017280091123606123e-02
1.288781984917767431e+03	2.390093839503292239e-01	1.506069811128133984e-01	2.647060101337916915e-01	1.586168548581633475e-01	7.523847443757092357e-02	3.160220811271339386e-02	8.022008739448881209e-02
1.290233315981864052e+03	2.388307609720326796e-01	1.504848809691084754e-01	2.648334204290995753e-01	1.586913316380293426e-01	7.526902995631343241e-02	3.162328106751986084e-02	8.026729496776739692e-02
