1.001418434226643626e+03	2.810701215332132019e-01	1.793562816126161585e-01	2.345191199396431947e-01	1.409969969174844351e-01	6.804033320413696573e-02	2.688606399120671564e-02	6.913108280156785024e-02
1.002869765290740247e+03	2.808202001971104034e-01	1.791854517519646806e-01	2.346993569321286777e-01	1.411024230573143801e-01	6.808299873867665331e-02	2.691265979776361061e-02	6.919690952491004687e-02
1.004321096354836754e+03	2.805707028975357731e-01	1.790149112932662989e-01	2.348792797152948475e-01	1.412076615680426805e-01	6.812559044069048386e-02	2.693922811670541179e-02	6.926262596833299146e-02
1.005772427418933376e+03	2.803216289052318233e-01	1.788446597507861724e-01	2.350588888255799314e-01	1.413127128223499451e-01	6.816810845279093478e-02	2.696576892965061450e-02	6.932823231347910731e-02
1.007223758483029997e+03	2.800729774923542692e-01	1.786746966394810177e-01	2.352381847985011709e-01	1.414175771919662372e-01	6.821055291727250169e-02	2.699228221849294534e-02	6.939372874180035899e-02
1.008675089547126618e+03	2.798247479324664777e-01	1.785050214750008302e-01	2.354171681686566819e-01	1.415222550476751828e-01	6.825292397611251727e-02	2.701876796540006800e-02	6.945911543455669801e-02
1.010126420611223239e+03	2.795769395005336388e-01	1.783356337736904107e-01	2.355958394697270641e-01	1.416267467593182727e-01	6.829522177097210878e-02	2.704522615281233430e-02	6.952439257281463336e-02
1.011577751675319632e+03	2.793295514729171036e-01	1.781665330525909197e-01	2.357741992344772608e-01	1.417310526957989425e-01	6.833744644319691974e-02	2.707165676344149702e-02	6.958956033744576053e-02
1.013029082739416367e+03	2.790825831273690549e-01	1.779977188294414592e-01	2.359522479947581131e-01	1.418351732250869024e-01	6.837959813381809526e-02	2.709805978026946435e-02	6.965461890912529042e-02
1.014480413803512761e+03	2.788360337430269564e-01	1.778291906226802666e-01	2.361299862815081640e-01	1.419391087142221619e-01	6.842167698355310079e-02	2.712443518654703706e-02	6.971956846833073096e-02
1.015931744867609382e+03	2.785899026004079460e-01	1.776609479514463519e-01	2.363074146247554075e-01	1.420428595293190266e-01	6.846368313280652707e-02	2.715078296579264208e-02	6.978440919534049935e-02
1.017383075931706003e+03	2.783441889814038950e-01	1.774929903355806082e-01	2.364845335536188975e-01	1.421464260355703169e-01	6.850561672167101990e-02	2.717710310179109745e-02	6.984914127023253427e-02
1.018834406995802851e+03	2.780988921692758575e-01	1.773253172956271995e-01	2.366613435963104695e-01	1.422498085972512816e-01	6.854747788992804347e-02	2.720339557859235285e-02	6.991376487288301911e-02
1.020285738059899245e+03	2.778540114486492962e-01	1.771579283528347259e-01	2.368378452801364886e-01	1.423530075777236226e-01	6.858926677704879626e-02	2.722966038051023718e-02	6.997828018296510522e-02
1.021737069123995752e+03	2.776095461055082536e-01	1.769908230291573348e-01	2.370140391314994044e-01	1.424560233394393804e-01	6.863098352219501597e-02	2.725589749212121993e-02	7.004268737994763516e-02
1.023188400188092373e+03	2.773654954271909667e-01	1.768240008472559410e-01	2.371899256758995544e-01	1.425588562439449036e-01	6.867262826421979827e-02	2.728210689826317953e-02	7.010698664309386596e-02
1.024639731252188767e+03	2.771218587023845381e-01	1.766574613304991437e-01	2.373655054379368023e-01	1.426615066518847064e-01	6.871420114166847115e-02	2.730828858403415438e-02	7.017117815146031723e-02
1.026091062316285615e+03	2.768786352211202173e-01	1.764912040029643914e-01	2.375407789413121751e-01	1.427639749230052990e-01	6.875570229277941370e-02	2.733444253479111810e-02	7.023526208389553604e-02
1.027542393380382237e+03	2.766358242747683494e-01	1.763252283894387595e-01	2.377157467088295006e-01	1.428662614161590183e-01	6.879713185548484711e-02	2.736056873614874096e-02	7.029923861903895899e-02
1.028993724444478858e+03	2.763934251560334898e-01	1.761595340154200884e-01	2.378904092623971567e-01	1.429683664893078021e-01	6.883848996741172288e-02	2.738666717397817557e-02	7.036310793531976027e-02
1.030445055508575479e+03	2.761514371589499084e-01	1.759941204071176768e-01	2.380647671230296247e-01	1.430702904995269364e-01	6.887977676588249998e-02	2.741273783440581480e-02	7.042687021095572764e-02
1.031896386572671872e+03	2.759098595788767594e-01	1.758289870914532260e-01	2.382388208108492111e-01	1.431720338030088024e-01	6.892099238791594973e-02	2.743878070381209483e-02	7.049052562395217991e-02
1.033347717636768493e+03	2.756686917124934189e-01	1.756641335960614503e-01	2.384125708450875458e-01	1.432735967550665401e-01	6.896213697022804401e-02	2.746479576883026699e-02	7.055407435210089839e-02
1.034799048700865114e+03	2.754279328577949881e-01	1.754995594492911037e-01	2.385860177440874696e-01	1.433749797101376289e-01	6.900321064923267689e-02	2.749078301634516955e-02	7.061751657297907214e-02
1.036250379764961508e+03	2.751875823140876864e-01	1.753352641802055079e-01	2.387591620253044222e-01	1.434761830217876621e-01	6.904421356104253893e-02	2.751674243349204810e-02	7.068085246394825716e-02
1.037701710829058356e+03	2.749476393819843545e-01	1.751712473185831620e-01	2.389320042053081905e-01	1.435772070427138170e-01	6.908514584146990822e-02	2.754267400765532739e-02	7.074408220215334941e-02
1.039153041893154750e+03	2.747081033634000691e-01	1.750075083949184929e-01	2.391045447997844908e-01	1.436780521247485454e-01	6.912600762602741367e-02	2.756857772646741089e-02	7.080720596452169668e-02
1.040604372957251599e+03	2.744689735615477577e-01	1.748440469404223263e-01	2.392767843235365788e-01	1.437787186188629884e-01	6.916679904992890926e-02	2.759445357780749078e-02	7.087022392776202995e-02
1.042055704021347992e+03	2.742302492809340353e-01	1.746808624870225535e-01	2.394487232904868868e-01	1.438792068751705011e-01	6.920752024809022351e-02	2.762030154980034055e-02	7.093313626836356134e-02
1.043507035085444613e+03	2.739919298273545412e-01	1.745179545673645471e-01	2.396203622136785227e-01	1.439795172429302328e-01	6.924817135512997823e-02	2.764612163081513196e-02	7.099594316259506821e-02
1.044958366149541234e+03	2.737540145078901088e-01	1.743553227148117446e-01	2.397917016052771022e-01	1.440796500705505134e-01	6.928875250537035180e-02	2.767191380946423807e-02	7.105864478650400495e-02
1.046409697213637855e+03	2.735165026309024916e-01	1.741929664634458697e-01	2.399627419765720526e-01	1.441796057055922120e-01	6.932926383283784244e-02	2.769767807460206052e-02	7.112124131591558707e-02
1.047861028277734476e+03	2.732793935060298662e-01	1.740308853480675988e-01	2.401334838379785008e-01	1.442793844947722337e-01	6.936970547126418418e-02	2.772341441532382225e-02	7.118373292643193073e-02
1.049312359341831097e+03	2.730426864441833357e-01	1.738690789041967277e-01	2.403039276990385498e-01	1.443789867839669061e-01	6.941007755408698521e-02	2.774912282096441904e-02	7.124611979343124790e-02
1.050763690405927491e+03	2.728063807575423771e-01	1.737075466680726155e-01	2.404740740684231382e-01	1.444784129182152543e-01	6.945038021445060217e-02	2.777480328109722257e-02	7.130840209206698588e-02
1.052215021470024112e+03	2.725704757595512340e-01	1.735462881766544341e-01	2.406439234539334282e-01	1.445776632417223040e-01	6.949061358520684795e-02	2.780045578553291818e-02	7.137057999726702240e-02
1.053666352534120733e+03	2.723349707649146412e-01	1.733853029676214741e-01	2.408134763625024433e-01	1.446767380978624395e-01	6.953077779891583821e-02	2.782608032431834258e-02	7.143265368373293012e-02
1.055117683598217127e+03	2.720998650895942172e-01	1.732245905793734220e-01	2.409827333001967331e-01	1.447756378291826240e-01	6.957087298784672691e-02	2.785167688773530423e-02	7.149462332593914393e-02
1.056569014662313975e+03	2.718651580508042453e-01	1.730641505510304157e-01	2.411516947722177617e-01	1.448743627774056464e-01	6.961089928397848348e-02	2.787724546629943151e-02	7.155648909813222547e-02
1.058020345726410369e+03	2.716308489670079540e-01	1.729039824224334609e-01	2.413203612829035172e-01	1.449729132834334244e-01	6.965085681900064218e-02	2.790278605075901738e-02	7.161825117433016918e-02
1.059471676790506763e+03	2.713969371579140755e-01	1.727440857341442926e-01	2.414887333357302046e-01	1.450712896873499747e-01	6.969074572431407932e-02	2.792829863209386060e-02	7.167990972832165297e-02
1.060923007854603611e+03	2.711634219444726268e-01	1.725844600274458185e-01	2.416568114333135509e-01	1.451694923284248540e-01	6.973056613103180423e-02	2.795378320151412077e-02	7.174146493366534427e-02
1.062374338918700232e+03	2.709303026488714128e-01	1.724251048443419254e-01	2.418245960774106085e-01	1.452675215451161295e-01	6.977031816997970870e-02	2.797923975045916653e-02	7.180291696368920618e-02
1.063825669982796853e+03	2.706975785945321955e-01	1.722660197275577287e-01	2.419920877689211436e-01	1.453653776750734872e-01	6.981000197169727473e-02	2.800466827059643754e-02	7.186426599148987293e-02
1.065277001046893474e+03	2.704652491061073638e-01	1.721072042205395447e-01	2.421592870078891346e-01	1.454630610551414516e-01	6.984961766643839332e-02	2.803006875382030305e-02	7.192551218993198381e-02
1.066728332110990095e+03	2.702333135094760475e-01	1.719486578674548627e-01	2.423261942935045210e-01	1.455605720213623278e-01	6.988916538417205837e-02	2.805544119225092739e-02	7.198665573164750309e-02
1.068179663175086489e+03	2.700017711317405089e-01	1.717903802131924840e-01	2.424928101241043965e-01	1.456579109089792823e-01	6.992864525458315772e-02	2.808078557823313198e-02	7.204769678903519270e-02
1.069630994239183110e+03	2.697706213012229237e-01	1.716323708033623274e-01	2.426591349971749523e-01	1.457550780524394518e-01	6.996805740707323640e-02	2.810610190433527819e-02	7.210863553425994610e-02
1.071082325303279504e+03	2.695398633474616612e-01	1.714746291842954296e-01	2.428251694093526147e-01	1.458520737853968297e-01	7.000740197076120441e-02	2.813139016334812934e-02	7.216947213925221927e-02
1.072533656367376352e+03	2.693094966012077873e-01	1.713171549030438334e-01	2.429909138564257665e-01	1.459488984407153467e-01	7.004667907448407227e-02	2.815665034828374741e-02	7.223020677570748949e-02
1.073984987431472746e+03	2.690795203944217895e-01	1.711599475073805610e-01	2.431563688333361895e-01	1.460455523504717024e-01	7.008588884679772812e-02	2.818188245237435163e-02	7.229083961508565859e-02
1.075436318495569594e+03	2.688499340602700793e-01	1.710030065457993353e-01	2.433215348341807027e-01	1.461420358459584457e-01	7.012503141597761780e-02	2.820708646907122905e-02	7.235137082861053948e-02
1.076887649559666215e+03	2.686207369331215511e-01	1.708463315675146366e-01	2.434864123522124668e-01	1.462383492576868060e-01	7.016410691001956357e-02	2.823226239204360694e-02	7.241180058726931490e-02
1.078338980623762609e+03	2.683919283485443619e-01	1.706899221224613128e-01	2.436510018798426214e-01	1.463344929153895801e-01	7.020311545664041641e-02	2.825741021517754956e-02	7.247212906181205172e-02
1.079790311687859230e+03	2.681635076433027676e-01	1.705337777612944694e-01	2.438153039086417284e-01	1.464304671480240461e-01	7.024205718327883319e-02	2.828252993257486525e-02	7.253235642275117356e-02
1.081241642751955851e+03	2.679354741553534036e-01	1.703778980353893302e-01	2.439793189293413822e-01	1.465262722837748222e-01	7.028093221709595662e-02	2.830762153855200663e-02	7.259248284036097509e-02
1.082692973816052472e+03	2.677078272238425094e-01	1.702222824968408765e-01	2.441430474318354304e-01	1.466219086500566426e-01	7.031974068497622021e-02	2.833268502763895344e-02	7.265250848467723344e-02
1.084144304880149093e+03	2.674805661891025421e-01	1.700669306984636253e-01	2.443064899051817784e-01	1.467173765735171609e-01	7.035848271352798666e-02	2.835772039457814045e-02	7.271243352549663919e-02
1.085595635944245487e+03	2.672536903926488461e-01	1.699118421937914347e-01	2.444696468376036658e-01	1.468126763800398360e-01	7.039715842908431109e-02	2.838272763432336809e-02	7.277225813237640784e-02
1.087046967008342108e+03	2.670271991771767106e-01	1.697570165370770323e-01	2.446325187164912207e-01	1.469078083947466251e-01	7.043576795770366272e-02	2.840770674203871998e-02	7.283198247463389119e-02
1.088498298072438729e+03	2.668010918865581504e-01	1.696024532832919041e-01	2.447951060284029312e-01	1.470027729420007589e-01	7.047431142517059099e-02	2.843265771309746656e-02	7.289160672134606389e-02
1.089949629136535123e+03	2.665753678658387971e-01	1.694481519881257947e-01	2.449574092590670604e-01	1.470975703454094619e-01	7.051278895699653049e-02	2.845758054308100346e-02	7.295113104134920423e-02
1.091400960200631971e+03	2.663500264612348456e-01	1.692941122079864857e-01	2.451194288933832011e-01	1.471922009278266719e-01	7.055120067842041154e-02	2.848247522777776902e-02	7.301055560323847782e-02
1.092852291264728365e+03	2.661250670201299462e-01	1.691403334999992403e-01	2.452811654154237464e-01	1.472866650113557607e-01	7.058954671440943740e-02	2.850734176318218613e-02	7.306988057536757675e-02
1.094303622328825213e+03	2.659004888910722064e-01	1.689868154220066365e-01	2.454426193084352781e-01	1.473809629173521152e-01	7.062782718965976425e-02	2.853218014549357973e-02	7.312910612584828940e-02
1.095754953392921607e+03	2.656762914237713602e-01	1.688335575325680959e-01	2.456037910548400371e-01	1.474750949664259680e-01	7.066604222859716733e-02	2.855699037111512212e-02	7.318823242255018124e-02
1.097206284457018228e+03	2.654524739690954371e-01	1.686805593909593282e-01	2.457646811362373673e-01	1.475690614784448407e-01	7.070419195537781809e-02	2.858177243665278519e-02	7.324725963310033117e-02
1.098657615521114849e+03	2.652290358790682090e-01	1.685278205571720811e-01	2.459252900334052416e-01	1.476628627725362908e-01	7.074227649388896422e-02	2.860652633891426141e-02	7.330618792488287350e-02
1.100108946585211470e+03	2.650059765068659701e-01	1.683753405919135859e-01	2.460856182263016778e-01	1.477564991670904659e-01	7.078029596774955412e-02	2.863125207490794036e-02	7.336501746503874821e-02
1.101560277649308091e+03	2.647832952068148171e-01	1.682231190566061130e-01	2.462456661940661262e-01	1.478499709797626571e-01	7.081825050031102797e-02	2.865594964184183316e-02	7.342374842046539563e-02
1.103011608713404712e+03	2.645609913343875963e-01	1.680711555133864721e-01	2.464054344150209963e-01	1.479432785274759909e-01	7.085614021465795609e-02	2.868061903712254557e-02	7.348238095781645107e-02
1.104462939777501106e+03	2.643390642462012385e-01	1.679194495251055963e-01	2.465649233666729889e-01	1.480364221264238167e-01	7.089396523360871893e-02	2.870526025835424058e-02	7.354091524350139797e-02
1.105914270841597499e+03	2.641175133000139286e-01	1.677680006553279035e-01	2.467241335257146229e-01	1.481294020920723431e-01	7.093172567971621489e-02	2.872987330333758374e-02	7.359935144368540128e-02
1.107365601905694348e+03	2.638963378547219962e-01	1.676168084683309356e-01	2.468830653680256504e-01	1.482222187391631363e-01	7.096942167526858192e-02	2.875445817006873350e-02	7.365768972428898831e-02
1.108816932969790741e+03	2.636755372703575295e-01	1.674658725291046368e-01	2.470417193686744728e-01	1.483148723817155901e-01	7.100705334228980814e-02	2.877901485673829349e-02	7.371593025098775731e-02
1.110268264033887590e+03	2.634551109080852105e-01	1.673151924033509097e-01	2.472000960019194726e-01	1.484073633330294795e-01	7.104462080254048129e-02	2.880354336173028551e-02	7.377407318921219703e-02
1.111719595097984211e+03	2.632350581301999837e-01	1.671647676574830876e-01	2.473581957412106791e-01	1.484996919056872922e-01	7.108212417751839929e-02	2.882804368362113998e-02	7.383211870414743694e-02
1.113170926162080832e+03	2.630153783001240586e-01	1.670145978586252966e-01	2.475160190591909060e-01	1.485918584115568375e-01	7.111956358845930581e-02	2.885251582117867586e-02	7.389006696073299740e-02
1.114622257226177226e+03	2.627960707824041342e-01	1.668646825746118723e-01	2.476735664276973059e-01	1.486838631617935225e-01	7.115693915633754252e-02	2.887695977336108069e-02	7.394791812366259542e-02
1.116073588290273847e+03	2.625771349427090118e-01	1.667150213739867215e-01	2.478308383177628416e-01	1.487757064668429330e-01	7.119425100186670130e-02	2.890137553931589748e-02	7.400567235738393645e-02
1.117524919354370468e+03	2.623585701478267085e-01	1.665656138260028230e-01	2.479878351996175068e-01	1.488673886364430543e-01	7.123149924550033207e-02	2.892576311837902550e-02	7.406332982609852011e-02
1.118976250418467089e+03	2.621403757656619038e-01	1.664164595006215053e-01	2.481445575426899086e-01	1.489589099796268523e-01	7.126868400743258114e-02	2.895012251007370724e-02	7.412089069376147366e-02
1.120427581482563710e+03	2.619225511652331639e-01	1.662675579685118921e-01	2.483010058156086275e-01	1.490502708047244940e-01	7.130580540759887120e-02	2.897445371410953610e-02	7.417835512408134380e-02
1.121878912546660331e+03	2.617050957166705549e-01	1.661189088010501524e-01	2.484571804862035216e-01	1.491414714193657620e-01	7.134286356567656751e-02	2.899875673038145030e-02	7.423572328051991631e-02
1.123330243610756725e+03	2.614880087912128115e-01	1.659705115703189182e-01	2.486130820215072812e-01	1.492325121304824143e-01	7.137985860108561620e-02	2.902303155896875791e-02	7.429299532629213276e-02
1.124781574674853118e+03	2.612712897612050056e-01	1.658223658491066177e-01	2.487687108877565945e-01	1.493233932443104317e-01	7.141679063298922436e-02	2.904727820013412384e-02	7.435017142436588233e-02
1.126232905738949967e+03	2.610549380000958264e-01	1.656744712109067541e-01	2.489240675503938405e-01	1.494141150663924333e-01	7.145365978029452614e-02	2.907149665432260180e-02	7.440725173746184917e-02
1.127684236803046360e+03	2.608389528824350823e-01	1.655268272299172949e-01	2.490791524740681995e-01	1.495046779015798966e-01	7.149046616165324886e-02	2.909568692216065247e-02	7.446423642805342913e-02
1.129135567867143209e+03	2.606233337838711472e-01	1.653794334810398670e-01	2.492339661226372072e-01	1.495950820540355164e-01	7.152720989546228203e-02	2.911984900445514779e-02	7.452112565836656322e-02
1.130586898931239830e+03	2.604080800811486296e-01	1.652322895398792013e-01	2.493885089591680038e-01	1.496853278272353427e-01	7.156389109986442676e-02	2.914398290219241683e-02	7.457791959037964047e-02
1.132038229995336451e+03	2.601931911521056517e-01	1.650853949827422729e-01	2.495427814459388882e-01	1.497754155239711948e-01	7.160050989274902022e-02	2.916808861653726395e-02	7.463461838582342855e-02
1.133489561059432845e+03	2.599786663756714633e-01	1.649387493866376342e-01	2.496967840444405118e-01	1.498653454463527157e-01	7.163706639175254631e-02	2.919216614883200084e-02	7.469122220618087948e-02
1.134940892123529466e+03	2.597645051318639986e-01	1.647923523292746384e-01	2.498505172153773490e-01	1.499551178958097863e-01	7.167356071425930175e-02	2.921621550059549238e-02	7.474773121268715736e-02
1.136392223187626087e+03	2.595507068017874897e-01	1.646462033890628840e-01	2.500039814186690301e-01	1.500447331730946632e-01	7.170999297740204836e-02	2.924023667352218525e-02	7.480414556632943024e-02
1.137843554251722708e+03	2.593372707676299682e-01	1.645003021451111602e-01	2.501571771134517563e-01	1.501341915782841430e-01	7.174636329806266533e-02	2.926422966948115031e-02	7.486046542784691171e-02
1.139294885315819101e+03	2.591241964126608233e-01	1.643546481772269752e-01	2.503101047580795768e-01	1.502234934107817554e-01	7.178267179287273203e-02	2.928819449051514243e-02	7.491669095773069442e-02
1.140746216379915950e+03	2.589114831212285806e-01	1.642092410659156398e-01	2.504627648101259152e-01	1.503126389693199561e-01	7.181891857821424974e-02	2.931213113883963939e-02	7.497282231622377779e-02
1.142197547444012343e+03	2.586991302787582381e-01	1.640640803923794910e-01	2.506151577263846519e-01	1.504016285519623464e-01	7.185510377022016892e-02	2.933603961684189826e-02	7.502885966332095702e-02
1.143648878508108737e+03	2.584871372717492122e-01	1.639191657385171974e-01	2.507672839628717343e-01	1.504904624561057003e-01	7.189122748477513869e-02	2.935991992708001860e-02	7.508480315876875366e-02
1.145100209572205586e+03	2.582755034877727840e-01	1.637744966869228713e-01	2.509191439748264529e-01	1.505791409784822121e-01	7.192728983751607574e-02	2.938377207228200227e-02	7.514065296206548505e-02
1.146551540636302207e+03	2.580642283154697125e-01	1.636300728208853472e-01	2.510707382167126633e-01	1.506676644151614675e-01	7.196329094383276115e-02	2.940759605534480278e-02	7.519640923246109776e-02
1.148002871700398828e+03	2.578533111445482362e-01	1.634858937243873211e-01	2.512220671422202845e-01	1.507560330615527466e-01	7.199923091886854809e-02	2.943139187933342324e-02	7.525207212895722308e-02
1.149454202764495449e+03	2.576427513657813528e-01	1.633419589821046569e-01	2.513731312042667421e-01	1.508442472124069678e-01	7.203510987752093087e-02	2.945515954747996573e-02	7.530764181030716320e-02
1.150905533828591842e+03	2.574325483710048212e-01	1.631982681794054146e-01	2.515239308549980235e-01	1.509323071618187961e-01	7.207092793444215550e-02	2.947889906318270845e-02	7.536311843501584951e-02
1.152356864892688463e+03	2.572227015531147742e-01	1.630548209023491568e-01	2.516744665457901209e-01	1.510202132032288092e-01	7.210668520403989978e-02	2.950261043000519667e-02	7.541850216133982876e-02
1.153808195956785084e+03	2.570132103060653872e-01	1.629116167376860047e-01	2.518247387272504190e-01	1.511079656294254947e-01	7.214238180047784221e-02	2.952629365167531300e-02	7.547379314728727695e-02
1.155259527020881706e+03	2.568040740248667131e-01	1.627686552728559721e-01	2.519747478492191384e-01	1.511955647325471941e-01	7.217801783767631429e-02	2.954994873208436831e-02	7.552899155061804093e-02
1.156710858084978327e+03	2.565952921055824620e-01	1.626259360959879385e-01	2.521244943607703903e-01	1.512830108040843224e-01	7.221359342931286951e-02	2.957357567528619974e-02	7.558409752884361066e-02
1.158162189149074720e+03	2.563868639453275589e-01	1.624834587958988996e-01	2.522739787102136200e-01	1.513703041348813116e-01	7.224910868882296333e-02	2.959717448549625124e-02	7.563911123922713309e-02
1.159613520213171569e+03	2.561787889422662001e-01	1.623412229620931069e-01	2.524232013450951606e-01	1.514574450151385809e-01	7.228456372940050834e-02	2.962074516709067157e-02	7.569403283878348154e-02
1.161064851277267962e+03	2.559710664956094672e-01	1.621992281847612627e-01	2.525721627121991775e-01	1.515444337344145631e-01	7.231995866399852646e-02	2.964428772460541914e-02	7.574886248427922797e-02
1.162516182341364356e+03	2.557636960056132724e-01	1.620574740547795767e-01	2.527208632575492220e-01	1.516312705816277862e-01	7.235529360532969023e-02	2.966780216273537385e-02	7.580360033223275396e-02
1.163967513405461204e+03	2.555566768735759720e-01	1.619159601637088219e-01	2.528693034264095640e-01	1.517179558450586219e-01	7.239056866586698891e-02	2.969128848633342463e-02	7.585824653891423686e-02
1.165418844469557826e+03	2.553500085018364230e-01	1.617746861037937522e-01	2.530174836632862467e-01	1.518044898123515618e-01	7.242578395784432521e-02	2.971474670040959512e-02	7.591280126034569142e-02
1.166870175533654447e+03	2.551436902937715412e-01	1.616336514679618808e-01	2.531654044119288072e-01	1.518908727705169937e-01	7.246093959325711209e-02	2.973817681013015551e-02	7.596726465230110859e-02
1.168321506597751068e+03	2.549377216537945245e-01	1.614928558498228972e-01	2.533130661153311092e-01	1.519771050059330608e-01	7.249603568386284169e-02	2.976157882081673783e-02	7.602163687030638606e-02
1.169772837661847461e+03	2.547321019873524106e-01	1.613522988436675576e-01	2.534604692157331196e-01	1.520631868043477997e-01	7.253107234118175151e-02	2.978495273794545123e-02	7.607591806963952263e-02
1.171224168725944082e+03	2.545268307009239672e-01	1.612119800444669071e-01	2.536076141546218521e-01	1.521491184508809158e-01	7.256604967649735172e-02	2.980829856714602155e-02	7.613010840533061818e-02
1.172675499790040703e+03	2.543219072020176941e-01	1.610718990478713364e-01	2.537545013727328658e-01	1.522349002300257825e-01	7.260096780085706358e-02	2.983161631420090665e-02	7.618420803216195691e-02
1.174126830854137097e+03	2.541173308991697688e-01	1.609320554502097766e-01	2.539011313100514311e-01	1.523205324256513282e-01	7.263582682507278843e-02	2.985490598504443246e-02	7.623821710466809065e-02
1.175578161918233945e+03	2.539131012019417710e-01	1.607924488484886172e-01	2.540475044058140286e-01	1.524060153210038127e-01	7.267062685972151825e-02	2.987816758576192916e-02	7.629213577713593597e-02
1.177029492982330339e+03	2.537092175209185729e-01	1.606530788403909837e-01	2.541936210985094591e-01	1.524913491987089365e-01	7.270536801514591863e-02	2.990140112258887067e-02	7.634596420360487135e-02
1.178480824046426733e+03	2.535056792677065074e-01	1.605139450242757393e-01	2.543394818258801204e-01	1.525765343407735064e-01	7.274005040145489764e-02	2.992460660191000738e-02	7.639970253786679266e-02
1.179932155110523581e+03	2.533024858549311475e-01	1.603750469991765959e-01	2.544850870249234509e-01	1.526615710285873784e-01	7.277467412852423045e-02	2.994778403025852992e-02	7.645335093346626587e-02
1.181383486174620202e+03	2.530996366962351973e-01	1.602363843648011155e-01	2.546304371318929838e-01	1.527464595429253724e-01	7.280923930599711436e-02	2.997093341431519148e-02	7.650690954370061025e-02
1.182834817238716823e+03	2.528971312062764931e-01	1.600979567215299604e-01	2.547755325822999017e-01	1.528312001639489659e-01	7.284374604328473779e-02	2.999405476090748549e-02	7.656037852161999557e-02
1.184286148302813444e+03	2.526949688007260608e-01	1.599597636704157277e-01	2.549203738109142026e-01	1.529157931712082641e-01	7.287819444956689097e-02	3.001714807700878174e-02	7.661375802002758084e-02
1.185737479366910065e+03	2.524931488962658954e-01	1.598218048131822555e-01	2.550649612517658649e-01	1.530002388436437211e-01	7.291258463379256261e-02	3.004021336973750067e-02	7.666704819147963923e-02
1.187188810431006686e+03	2.522916709105871846e-01	1.596840797522235678e-01	2.552092953381462914e-01	1.530845374595879993e-01	7.294691670468045341e-02	3.006325064635626335e-02	7.672024918828562745e-02
1.188640141495103080e+03	2.520905342623880330e-01	1.595465880906029865e-01	2.553533765026094193e-01	1.531686892967678293e-01	7.298119077071960059e-02	3.008625991427106572e-02	7.677336116250839393e-02
1.190091472559199701e+03	2.518897383713716298e-01	1.594093294320521603e-01	2.554972051769731634e-01	1.532526946323057304e-01	7.301540694016994681e-02	3.010924118103044597e-02	7.682638426596423431e-02
1.191542803623296322e+03	2.516892826582442511e-01	1.592723033809700650e-01	2.556407817923205816e-01	1.533365537427217595e-01	7.304956532106289535e-02	3.013219445432465532e-02	7.687931865022308575e-02
1.192994134687392716e+03	2.514891665447130942e-01	1.591355095424222821e-01	2.557841067790011524e-01	1.534202669039353983e-01	7.308366602120186517e-02	3.015511974198481840e-02	7.693216446660865182e-02
1.194445465751489564e+03	2.512893894534846129e-01	1.589989475221397774e-01	2.559271805666319954e-01	1.535038343912671910e-01	7.311770914816291544e-02	3.017801705198214918e-02	7.698492186619852740e-02
1.195896796815585958e+03	2.510899508082623521e-01	1.588626169265181243e-01	2.560700035840992039e-01	1.535872564794406592e-01	7.315169480929527290e-02	3.020088639242709747e-02	7.703759099982437908e-02
1.197348127879682352e+03	2.508908500337449499e-01	1.587265173626164760e-01	2.562125762595592882e-01	1.536705334425838565e-01	7.318562311172190082e-02	3.022372777156855442e-02	7.709017201807207009e-02
1.198799458943779200e+03	2.506920865556242495e-01	1.585906484381567061e-01	2.563548990204398970e-01	1.537536655542313391e-01	7.321949416234005414e-02	3.024654119779303721e-02	7.714266507128182682e-02
1.200250790007875821e+03	2.504936598005834125e-01	1.584550097615223807e-01	2.564969722934414831e-01	1.538366530873256643e-01	7.325330806782184845e-02	3.026932667962387025e-02	7.719507030954843307e-02
1.201702121071972442e+03	2.502955691962949203e-01	1.583196009417577321e-01	2.566387965045386355e-01	1.539194963142192230e-01	7.328706493461484284e-02	3.029208422572039761e-02	7.724738788272132728e-02
1.203153452136069063e+03	2.500978141714185754e-01	1.581844215885668814e-01	2.567803720789810229e-01	1.540021955066760151e-01	7.332076486894258116e-02	3.031481384487717465e-02	7.729961794040481060e-02
1.204604783200165684e+03	2.499003941555998365e-01	1.580494713123126727e-01	2.569216994412947819e-01	1.540847509358732326e-01	7.335440797680511937e-02	3.033751554602317005e-02	7.735176063195824125e-02
1.206056114264262078e+03	2.497033085794675977e-01	1.579147497240158959e-01	2.570627790152837933e-01	1.541671628724030074e-01	7.338799436397960840e-02	3.036018933822097129e-02	7.740381610649614552e-02
1.207507445328358699e+03	2.495065568746324680e-01	1.577802564353542047e-01	2.572036112240309036e-01	1.542494315862741050e-01	7.342152413602086314e-02	3.038283523066599712e-02	7.745578451288846755e-02
1.208958776392455093e+03	2.493101384736848281e-01	1.576459910586611723e-01	2.573441964898990908e-01	1.543315573469136170e-01	7.345499739826188978e-02	3.040545323268569258e-02	7.750766599976070814e-02
1.210410107456551941e+03	2.491140528101929152e-01	1.575119532069253203e-01	2.574845352345327965e-01	1.544135404231685993e-01	7.348841425581444098e-02	3.042804335373876928e-02	7.755946071549413290e-02
1.211861438520648335e+03	2.489182993187010196e-01	1.573781424937891749e-01	2.576246278788591471e-01	1.544953810833077090e-01	7.352177481356957089e-02	3.045060560341441430e-02	7.761116880822592490e-02
1.213312769584745183e+03	2.487228774347274851e-01	1.572445585335482954e-01	2.577644748430891197e-01	1.545770795950229815e-01	7.355507917619817648e-02	3.047313999143150612e-02	7.766279042584942061e-02
1.214764100648841804e+03	2.485277865947630171e-01	1.571112009411502197e-01	2.579040765467188190e-01	1.546586362254312730e-01	7.358832744815152482e-02	3.049564652763783745e-02	7.771432571601426254e-02
1.216215431712937971e+03	2.483330262362686280e-01	1.569780693321936316e-01	2.580434334085307535e-01	1.547400512410761486e-01	7.362151973366180824e-02	3.051812522200934852e-02	7.776577482612666292e-02
1.217666762777034819e+03	2.481385957976739443e-01	1.568451633229272502e-01	2.581825458465948353e-01	1.548213249079292697e-01	7.365465613674274103e-02	3.054057608464937068e-02	7.781713790334951475e-02
1.219118093841131440e+03	2.479444947183752634e-01	1.567124825302489144e-01	2.583214142782700451e-01	1.549024574913921981e-01	7.368773676119000360e-02	3.056299912578783889e-02	7.786841509460269706e-02
1.220569424905228061e+03	2.477507224387337226e-01	1.565800265717045836e-01	2.584600391202052094e-01	1.549834492562979227e-01	7.372076171058182525e-02	3.058539435578054577e-02	7.791960654656317209e-02
1.222020755969324682e+03	2.475572784000734938e-01	1.564477950654873939e-01	2.585984207883403885e-01	1.550643004669124692e-01	7.375373108827956714e-02	3.060776178510837484e-02	7.797071240566531836e-02
1.223472087033421303e+03	2.473641620446799527e-01	1.563157876304366034e-01	2.587365596979081528e-01	1.551450113869365377e-01	7.378664499742818017e-02	3.063010142437653724e-02	7.802173281810102778e-02
1.224923418097517697e+03	2.471713728157979295e-01	1.561840038860367041e-01	2.588744562634347490e-01	1.552255822795070572e-01	7.381950354095678790e-02	3.065241328431383624e-02	7.807266792981999715e-02
1.226374749161614318e+03	2.469789101576297108e-01	1.560524434524163118e-01	2.590121108987412657e-01	1.553060134071987675e-01	7.385230682157918614e-02	3.067469737577191088e-02	7.812351788652993623e-02
1.227826080225710712e+03	2.467867735153334019e-01	1.559211059503473606e-01	2.591495240169447989e-01	1.553863050320258288e-01	7.388505494179438415e-02	3.069695370972448656e-02	7.817428283369677600e-02
1.229277411289807560e+03	2.465949623350210673e-01	1.557899910012439382e-01	2.592866960304600066e-01	1.554664574154433765e-01	7.391774800388717370e-02	3.071918229726662911e-02	7.822496291654484901e-02
1.230728742353903954e+03	2.464034760637569543e-01	1.556590982271614243e-01	2.594236273509998303e-01	1.555464708183490752e-01	7.395038610992858696e-02	3.074138314961400928e-02	7.827555828005722249e-02
1.232180073418000802e+03	2.462123141495556056e-01	1.555284272507954091e-01	2.595603183895769384e-01	1.556263455010846453e-01	7.398296936177649330e-02	3.076355627810216375e-02	7.832606906897583710e-02
1.233631404482097196e+03	2.460214760413802770e-01	1.553979776954807768e-01	2.596967695565048917e-01	1.557060817234375005e-01	7.401549786107604334e-02	3.078570169418576655e-02	7.837649542780178447e-02
1.235082735546193817e+03	2.458309611891409396e-01	1.552677491851907066e-01	2.598329812613994760e-01	1.557856797446421915e-01	7.404797170926026573e-02	3.080781940943788655e-02	7.842683750079551541e-02
1.236534066610290438e+03	2.456407690436926416e-01	1.551377413445356179e-01	2.599689539131797011e-01	1.558651398233820151e-01	7.408039100755058060e-02	3.082990943554926935e-02	7.847709543197711746e-02
1.237985397674387059e+03	2.454508990568337878e-01	1.550079537987622547e-01	2.601046879200690776e-01	1.559444622177904582e-01	7.411275585695727142e-02	3.085197178432761561e-02	7.852726936512648137e-02
1.239436728738483680e+03	2.452613506813042243e-01	1.548783861737526579e-01	2.602401836895967824e-01	1.560236471854528073e-01	7.414506635828001235e-02	3.087400646769684204e-02	7.857735944378362036e-02
1.240888059802580301e+03	2.450721233707836011e-01	1.547490380960231671e-01	2.603754416285989359e-01	1.561026949834075916e-01	7.417732261210843725e-02	3.089601349769639099e-02	7.862736581124887825e-02
1.242339390866676695e+03	2.448832165798895399e-01	1.546199091927235036e-01	2.605104621432196010e-01	1.561816058681480823e-01	7.420952471882259760e-02	3.091799288648047761e-02	7.867728861058315148e-02
1.243790721930773088e+03	2.446946297641760804e-01	1.544909990916356612e-01	2.606452456389122263e-01	1.562603800956238465e-01	7.424167277859350378e-02	3.093994464631740979e-02	7.872712798460820838e-02
1.245242052994869937e+03	2.445063623801317088e-01	1.543623074211730450e-01	2.607797925204405898e-01	1.563390179212422459e-01	7.427376689138363852e-02	3.096186878958886307e-02	7.877688407590688335e-02
1.246693384058966330e+03	2.443184138851777210e-01	1.542338338103793061e-01	2.609141031918801867e-01	1.564175195998698253e-01	7.430580715694745653e-02	3.098376532878918330e-02	7.882655702682332677e-02
1.248144715123063179e+03	2.441307837376665568e-01	1.541055778889275085e-01	2.610481780566191734e-01	1.564958853858339494e-01	7.433779367483191181e-02	3.100563427652467188e-02	7.887614697946329634e-02
1.249596046187159800e+03	2.439434713968799684e-01	1.539775392871190751e-01	2.611820175173597547e-01	1.565741155329240519e-01	7.436972654437691566e-02	3.102747564551288847e-02	7.892565407569437919e-02
1.251047377251256421e+03	2.437564763230274378e-01	1.538497176358828156e-01	2.613156219761193499e-01	1.566522102943933292e-01	7.440160586471591952e-02	3.104928944858196052e-02	7.897507845714629715e-02
1.252498708315352815e+03	2.435697979772444011e-01	1.537221125667738442e-01	2.614489918342314811e-01	1.567301699229600720e-01	7.443343173477634522e-02	3.107107569866988592e-02	7.902442026521108720e-02
1.253950039379449436e+03	2.433834358215904436e-01	1.535947237119727193e-01	2.615821274923474382e-01	1.568079946708091366e-01	7.446520425328012616e-02	3.109283440882383218e-02	7.907367964104349001e-02
1.255401370443546057e+03	2.431973893190478020e-01	1.534675507042843334e-01	2.617150293504368896e-01	1.568856847895933881e-01	7.449692351874423468e-02	3.111456559219946683e-02	7.912285672556107485e-02
1.256852701507642678e+03	2.430116579335195315e-01	1.533405931771370245e-01	2.618476978077895478e-01	1.569632405304351996e-01	7.452858962948109844e-02	3.113626926206024964e-02	7.917195165944460045e-02
1.258304032571739299e+03	2.428262411298278411e-01	1.532138507645814940e-01	2.619801332630159463e-01	1.570406621439277839e-01	7.456020268359918324e-02	3.115794543177676651e-02	7.922096458313823697e-02
1.259755363635835920e+03	2.426411383737124006e-01	1.530873231012898905e-01	2.621123361140488828e-01	1.571179498801366647e-01	7.459176277900347873e-02	3.117959411482603901e-02	7.926989563684988527e-02
1.261206694699932314e+03	2.424563491318287578e-01	1.529610098225546722e-01	2.622443067581444187e-01	1.571951039886011758e-01	7.462327001339594257e-02	3.120121532479086177e-02	7.931874496055139889e-02
1.262658025764028707e+03	2.422718728717465630e-01	1.528349105642878014e-01	2.623760455918831003e-01	1.572721247183357651e-01	7.465472448427602770e-02	3.122280907535910852e-02	7.936751269397888942e-02
1.264109356828125556e+03	2.420877090619479033e-01	1.527090249630196628e-01	2.625075530111710131e-01	1.573490123178314104e-01	7.468612628894120975e-02	3.124437538032308337e-02	7.941619897663297623e-02
1.265560687892221949e+03	2.419038571718256647e-01	1.525833526558980080e-01	2.626388294112411703e-01	1.574257670350571181e-01	7.471747552448738949e-02	3.126591425357883036e-02	7.946480394777909184e-02
1.267012018956318798e+03	2.417203166716818952e-01	1.524578932806870957e-01	2.627698751866543447e-01	1.575023891174612556e-01	7.474877228780947569e-02	3.128742570912548815e-02	7.951332774644771784e-02
1.268463350020415419e+03	2.415370870327261388e-01	1.523326464757665533e-01	2.629006907313005126e-01	1.575788788119728834e-01	7.478001667560181531e-02	3.130890976106461693e-02	7.956177051143474566e-02
1.269914681084511813e+03	2.413541677270737984e-01	1.522076118801304889e-01	2.630312764383997970e-01	1.576552363650032818e-01	7.481120878435870702e-02	3.133036642359953577e-02	7.961013238130168479e-02
1.271366012148608434e+03	2.411715582277443592e-01	1.520827891333864923e-01	2.631616327005037448e-01	1.577314620224471720e-01	7.484234871037490078e-02	3.135179571103467039e-02	7.965841349437595420e-02
1.272817343212705055e+03	2.409892580086599734e-01	1.519581778757546076e-01	2.632917599094962702e-01	1.578075560296842428e-01	7.487343654974601415e-02	3.137319763777492165e-02	7.970661398875120152e-02
1.274268674276801676e+03	2.408072665446436278e-01	1.518337777480663620e-01	2.634216584565951536e-01	1.578835186315803996e-01	7.490447239836910132e-02	3.139457221832496481e-02	7.975473400228755283e-02
1.275720005340898297e+03	2.406255833114176734e-01	1.517095883917637666e-01	2.635513287323529297e-01	1.579593500724891797e-01	7.493545635194306942e-02	3.141591946728864576e-02	7.980277367261194577e-02
1.277171336404994690e+03	2.404442077856020488e-01	1.515856094488982342e-01	2.636807711266578869e-01	1.580350505962531127e-01	7.496638850596921977e-02	3.143723939936832190e-02	7.985073313711837928e-02
1.278622667469091539e+03	2.402631394447128088e-01	1.514618405621298014e-01	2.638099860287354548e-01	1.581106204462050524e-01	7.499726895575166419e-02	3.145853202936420984e-02	7.989861253296821897e-02
1.280073998533187932e+03	2.400823777671602932e-01	1.513382813747259636e-01	2.639389738271493702e-01	1.581860598651694816e-01	7.502809779639781074e-02	3.147979737217376089e-02	7.994641199709048851e-02
1.281525329597284326e+03	2.399019222322477662e-01	1.512149315305607311e-01	2.640677349098026205e-01	1.582613690954639829e-01	7.505887512281890495e-02	3.150103544279100887e-02	7.999413166618214721e-02
1.282976660661381175e+03	2.397217723201696404e-01	1.510917906741136574e-01	2.641962696639386654e-01	1.583365483789004047e-01	7.508960102973044615e-02	3.152224625630596633e-02	8.004177167670840920e-02
1.284427991725477568e+03	2.395419275120098945e-01	1.509688584504688402e-01	2.643245784761424910e-01	1.584115979567863042e-01	7.512027561165263156e-02	3.154342982790395156e-02	8.008933216490304874e-02
1.285879322789574417e+03	2.393623872897405747e-01	1.508461345053139224e-01	2.644526617323418871e-01	1.584865180699262244e-01	7.515089896291092531e-02	3.156458617286498486e-02	8.013681326676866390e-02
1.287330653853671038e+03	2.391831511362199902e-01	1.507236184849390925e-01	2.645805198178083906e-01	1.585613089586230817e-01	7.518147117763643306e-02	3.158571530656316406e-02	8.018421511807698188e-02
1.288781984917767431e+03	2.390042185351913817e-01	1.506013100362361690e-01	2.647081531171585622e-01	1.586359708626793596e-01	7.521199234976645720e-02	3.160681724446603308e-02	8.023153785436917818e-02
1.290233315981864052e+03	2.388255889712811442e-01	1.504792088066975730e-01	2.648355620143549860e-01	1.587105040213984963e-01	7.524246257304485763e-02	3.162789200213397128e-02	8.027878161095616805e-02
