1.301360187473271253e+03	2.370942815917832514e-01	1.496715180240533460e-01	2.609167237271696749e-01	1.616356471546521456e-01	7.622394920309862043e-02	3.201782102858687085e-02	8.244005927052451554e-02
1.306197957686926657e+03	2.365101642162237561e-01	1.492701745137677560e-01	2.612985011895195275e-01	1.618978933135461762e-01	7.633086949057835136e-02	3.208826134303541244e-02	8.260413593319744507e-02
1.311035727900581833e+03	2.359293381470615736e-01	1.488710936743503632e-01	2.616779859938295760e-01	1.621586481391816548e-01	7.643723696196398631e-02	3.215840640146668677e-02	8.276729068201461870e-02
1.315873498114237009e+03	2.353517847793352991e-01	1.484742627083045774e-01	2.620551930135739949e-01	1.624179197534325048e-01	7.654305449089414404e-02	3.222825688488854812e-02	8.292952836943932871e-02
1.320711268327892412e+03	2.347774856142374744e-01	1.480796688907615177e-01	2.624301370126126409e-01	1.626757162391491984e-01	7.664832493448338335e-02	3.229781348138011099e-02	8.309085382724408497e-02
1.325549038541547588e+03	2.342064222584783473e-01	1.476872995690802770e-01	2.628028326461336883e-01	1.629320456402772455e-01	7.675305113346427011e-02	3.236707688591305282e-02	8.325127186652157840e-02
1.330386808755202765e+03	2.336385764236551810e-01	1.472971421624491573e-01	2.631732944615879921e-01	1.631869159619756537e-01	7.685723591232722363e-02	3.243604780017596972e-02	8.341078727769729584e-02
1.335224578968857941e+03	2.330739299256265884e-01	1.469091841614882377e-01	2.635415368996139596e-01	1.634403351707361396e-01	7.696088207945799009e-02	3.250472693240168826e-02	8.356940483054381419e-02
1.340062349182513572e+03	2.325124646838921394e-01	1.465234131278530250e-01	2.639075742949538173e-01	1.636923111945021436e-01	7.706399242727297871e-02	3.257311499719754005e-02	8.372712927419673212e-02
1.344900119396168748e+03	2.319541627209767698e-01	1.461398166938392973e-01	2.642714208773607187e-01	1.639428519227886238e-01	7.716656973235229422e-02	3.264121271537851615e-02	8.388396533717211445e-02
1.349737889609823924e+03	2.313990061618201033e-01	1.457583825619893081e-01	2.646330907724974701e-01	1.641919652068019597e-01	7.726861675557077092e-02	3.270902081380323845e-02	8.403991772738547694e-02
1.354575659823479100e+03	2.308469772331704084e-01	1.453790985046995721e-01	2.649925980028262074e-01	1.644396588595603004e-01	7.737013624222688346e-02	3.277654002521275534e-02	8.419499113217220054e-02
1.359413430037134731e+03	2.302980582629835238e-01	1.450019523638298446e-01	2.653499564884898576e-01	1.646859406560140515e-01	7.747113092216961761e-02	3.284377108807203655e-02	8.434919021830941666e-02
1.364251200250789907e+03	2.297522316798258912e-01	1.446269320503136835e-01	2.657051800481848858e-01	1.649308183331670563e-01	7.757160350992337028e-02	3.291071474641418110e-02	8.450251963203928018e-02
1.369088970464445310e+03	2.292094800122823628e-01	1.442540255437705643e-01	2.660582824000256030e-01	1.651742995901980537e-01	7.767155670481096230e-02	3.297737174968732449e-02	8.465498399909350546e-02
1.373926740678100487e+03	2.286697858883682266e-01	1.438832208921195510e-01	2.664092771624003153e-01	1.654163920885821371e-01	7.777099319107473596e-02	3.304374285260404387e-02	8.480658792471931773e-02
1.378764510891755890e+03	2.281331320349456182e-01	1.435145062111946312e-01	2.667581778548192561e-01	1.656571034522131280e-01	7.786991563799573746e-02	3.310982881499342778e-02	8.495733599370652867e-02
1.383602281105411066e+03	2.275995012771441228e-01	1.431478696843615228e-01	2.671049978987537488e-01	1.658964412675259792e-01	7.796832670001127563e-02	3.317563040165563693e-02	8.510723277041601365e-02
1.388440051319066470e+03	2.270688765377853746e-01	1.427832995621364509e-01	2.674497506184681517e-01	1.661344130836195365e-01	7.806622901683062110e-02	3.324114838221890050e-02	8.525628279880927141e-02
1.393277821532721646e+03	2.265412408368118746e-01	1.424207841618062298e-01	2.677924492418433111e-01	1.663710264123798299e-01	7.816362521354891513e-02	3.330638353099898974e-02	8.540449060247910784e-02
1.398115591746377049e+03	2.260165772907198056e-01	1.420603118670505094e-01	2.681331069011920198e-01	1.666062887286036132e-01	7.826051790075957970e-02	3.337133662686111307e-02	8.555186068468159655e-02
1.402953361960032225e+03	2.254948691119955939e-01	1.417018711275654652e-01	2.684717366340668154e-01	1.668402074701223481e-01	7.835690967466495127e-02	3.343600845308408731e-02	8.569839752836896918e-02
1.407791132173687402e+03	2.249760996085566067e-01	1.413454504586893479e-01	2.688083513840599514e-01	1.670727900379263553e-01	7.845280311718537403e-02	3.350039979722690270e-02	8.584410559622367154e-02
1.412628902387342805e+03	2.244602521831955133e-01	1.409910384410299200e-01	2.691429640015954861e-01	1.673040437962895477e-01	7.854820079606673888e-02	3.356451145099754313e-02	8.598898933069347439e-02
1.417466672600997981e+03	2.239473103330283377e-01	1.406386237200935585e-01	2.694755872447139877e-01	1.675339760728943583e-01	7.864310526498644038e-02	3.362834421012404068e-02	8.613305315402748630e-02
1.422304442814653157e+03	2.234372576489463968e-01	1.402881950059162719e-01	2.698062337798496357e-01	1.677625941589569736e-01	7.873751906365791808e-02	3.369189887422771590e-02	8.627630146831327673e-02
1.427142213028308333e+03	2.229300778150716533e-01	1.399397410726964663e-01	2.701349161825998269e-01	1.679899053093531214e-01	7.883144471793368524e-02	3.375517624669864547e-02	8.641873865551480405e-02
1.431979983241963964e+03	2.224257546082159254e-01	1.395932507584297932e-01	2.704616469384870658e-01	1.682159167427438318e-01	7.892488473990691422e-02	3.381817713457321156e-02	8.656036907751142595e-02
1.436817753455619140e+03	2.219242718973434836e-01	1.392487129645453847e-01	2.707864384437142502e-01	1.684406356417018635e-01	7.901784162801170353e-02	3.388090234841376058e-02	8.670119707613770099e-02
1.441655523669274316e+03	2.214256136430372002e-01	1.389061166555446147e-01	2.711093030059117948e-01	1.686640691528381308e-01	7.911031786712194314e-02	3.394335270219032280e-02	8.684122697322407824e-02
1.446493293882929493e+03	2.209297638969680566e-01	1.385654508586410538e-01	2.714302528448785390e-01	1.688862243869286850e-01	7.920231592864879211e-02	3.400552901316442056e-02	8.698046307063850291e-02
1.451331064096585123e+03	2.204367068013683151e-01	1.382267046634027552e-01	2.717493000933146607e-01	1.691071084190418627e-01	7.929383827063692103e-02	3.406743210177477083e-02	8.711890965032878520e-02
1.456168834310240300e+03	2.199464265885079095e-01	1.378898672213963172e-01	2.720664567975479287e-01	1.693267282886656566e-01	7.938488733785946383e-02	3.412906279152502775e-02	8.725657097436577414e-02
1.461006604523895703e+03	2.194589075801740841e-01	1.375549277458328334e-01	2.723817349182531822e-01	1.695450909998354183e-01	7.947546556191172062e-02	3.419042190887342653e-02	8.739345128498741955e-02
1.465844374737550879e+03	2.189741341871545566e-01	1.372218755112154798e-01	2.726951463311647061e-01	1.697622035212619507e-01	7.956557536130361152e-02	3.425151028312435619e-02	8.752955480464340299e-02
1.470682144951206283e+03	2.184920909087237906e-01	1.368906998529894892e-01	2.730067028277816665e-01	1.699780727864595997e-01	7.965521914155103411e-02	3.431232874632176438e-02	8.766488573604071244e-02
1.475519915164861459e+03	2.180127623321325980e-01	1.365613901671936248e-01	2.733164161160669403e-01	1.701927056938747629e-01	7.974439929526587478e-02	3.437287813314442858e-02	8.779944826218978593e-02
1.480357685378516862e+03	2.175361331321008507e-01	1.362339359101135960e-01	2.736242978211393395e-01	1.704061091070146750e-01	7.983311820224503474e-02	3.443315928080305927e-02	8.793324654645146010e-02
1.485195455592172038e+03	2.170621880703134665e-01	1.359083265979376121e-01	2.739303594859588964e-01	1.706182898545761106e-01	7.992137822955827642e-02	3.449317302893911696e-02	8.806628473258450163e-02
1.490033225805827215e+03	2.165909119949194495e-01	1.355845518064134891e-01	2.742346125720058758e-01	1.708292547305747255e-01	8.000918173163501512e-02	3.455292021952542647e-02	8.819856694479392967e-02
1.494870996019482618e+03	2.161222898400339820e-01	1.352626011705078957e-01	2.745370684599532929e-01	1.710390104944743694e-01	8.009653105034994502e-02	3.461240169676854661e-02	8.833009728777986569e-02
1.499708766233137567e+03	2.156563066252436822e-01	1.349424643840673177e-01	2.748377384503328247e-01	1.712475638713164827e-01	8.018342851510772140e-02	3.467161830701276370e-02	8.846087984678700777e-02
1.504546536446793198e+03	2.151929474551150245e-01	1.346241311994810508e-01	2.751366337641945048e-01	1.714549215518499370e-01	8.026987644292656043e-02	3.473057089864580588e-02	8.859091868765482658e-02
1.509384306660448374e+03	2.147321975187055365e-01	1.343075914273460236e-01	2.754337655437599786e-01	1.716610901926609312e-01	8.035587713852079816e-02	3.478926032200620189e-02	8.872021785686824702e-02
1.514222076874103550e+03	2.142740420890780206e-01	1.339928349361333149e-01	2.757291448530697076e-01	1.718660764163028876e-01	8.044143289438260291e-02	3.484768742929219426e-02	8.884878138160892669e-02
1.519059847087758726e+03	2.138184665228179959e-01	1.336798516518568625e-01	2.760227826786240679e-01	1.720698868114267921e-01	8.052654599086250808e-02	3.490585307447233165e-02	8.897661326980711716e-02
1.523897617301414357e+03	2.133654562595536652e-01	1.333686315577438108e-01	2.763146899300178982e-01	1.722725279329114512e-01	8.061121869624922331e-02	3.496375811319756000e-02	8.910371751019406650e-02
1.528735387515069533e+03	2.129149968214792132e-01	1.330591646939066897e-01	2.766048774405694965e-01	1.724740063019940539e-01	8.069545326684836317e-02	3.502140340271488184e-02	8.923009807235489366e-02
1.533573157728724709e+03	2.124670738128807412e-01	1.327514411570177022e-01	2.768933559679435108e-01	1.726743284064006512e-01	8.077925194706032930e-02	3.507878980178252837e-02	8.935575890678203181e-02
1.538410927942380113e+03	2.120216729196650884e-01	1.324454510999845402e-01	2.771801361947678344e-01	1.728735007004769397e-01	8.086261696945731825e-02	3.513591817058660943e-02	8.948070394492917135e-02
1.543248698156035516e+03	2.115787799088915400e-01	1.321411847316282528e-01	2.774652287292443953e-01	1.730715296053190189e-01	8.094555055485939954e-02	3.519278937065923457e-02	8.960493709926560524e-02
1.548086468369690692e+03	2.111383806283063935e-01	1.318386323163628360e-01	2.777486441057548383e-01	1.732684215089042579e-01	8.102805491240978875e-02	3.524940426479811206e-02	8.972846226333114350e-02
1.552924238583346096e+03	2.107004610058802740e-01	1.315377841738767095e-01	2.780303927854598789e-01	1.734641827662223579e-01	8.111013223964927410e-02	3.530576371698749411e-02	8.985128331179140226e-02
1.557762008797001272e+03	2.102650070493481127e-01	1.312386306788160262e-01	2.783104851568928284e-01	1.736588196994063305e-01	8.119178472258983814e-02	3.536186859232059998e-02	8.997340410049359249e-02
1.562599779010656675e+03	2.098320048457520959e-01	1.309411622604697567e-01	2.785889315365485119e-01	1.738523385978635871e-01	8.127301453578740509e-02	3.541771975692339230e-02	9.009482846652265564e-02
1.567437549224311852e+03	2.094014405609871121e-01	1.306453694024565237e-01	2.788657421694652472e-01	1.740447457184070290e-01	8.135382384241392206e-02	3.547331807787965086e-02	9.021556022825787113e-02
1.572275319437967255e+03	2.089733004393492799e-01	1.303512426424132953e-01	2.791409272298023825e-01	1.742360472853864695e-01	8.143421479432855214e-02	3.552866442315744805e-02	9.033560318542986634e-02
1.577113089651622431e+03	2.085475708030865294e-01	1.300587725716859377e-01	2.794144968214120617e-01	1.744262494908196404e-01	8.151418953214818741e-02	3.558375966153693587e-02	9.045496111917797344e-02
1.581950859865277607e+03	2.081242380519526258e-01	1.297679498350213789e-01	2.796864609784052713e-01	1.746153584945234760e-01	8.159375018531712931e-02	3.563860466253936099e-02	9.057363779210800270e-02
1.586788630078933011e+03	2.077032886627632191e-01	1.294787651302617415e-01	2.799568296657129474e-01	1.748033804242454248e-01	8.167289887217614452e-02	3.569320029635741909e-02	9.069163694835032097e-02
1.591626400292587959e+03	2.072847091889548077e-01	1.291912092080399754e-01	2.802256127796418084e-01	1.749903213757947051e-01	8.175163770003075758e-02	3.574754743378681654e-02	9.080896231361831883e-02
1.596464170506243590e+03	2.068684862601463115e-01	1.289052728714775720e-01	2.804928201484246375e-01	1.751761874131735064e-01	8.182996876521880791e-02	3.580164694615907417e-02	9.092561759526728016e-02
1.601301940719898766e+03	2.064546065817031151e-01	1.286209469758836932e-01	2.807584615327657351e-01	1.753609845687082724e-01	8.190789415317739630e-02	3.585549970527555225e-02	9.104160648235340436e-02
1.606139710933553943e+03	2.060430569343038865e-01	1.283382224284563278e-01	2.810225466263810423e-01	1.755447188431809025e-01	8.198541593850904030e-02	3.590910658334267591e-02	9.115693264569331433e-02
1.610977481147209119e+03	2.056338241735097272e-01	1.280570901879848900e-01	2.812850850565332128e-01	1.757273962059598960e-01	8.206253618504733005e-02	3.596246845290827776e-02	9.127159973792377257e-02
1.615815251360864750e+03	2.052268952293360982e-01	1.277775412645549002e-01	2.815460863845618555e-01	1.759090225951315811e-01	8.213925694592179305e-02	3.601558618679916168e-02	9.138561139356173035e-02
1.620653021574519926e+03	2.048222571058269104e-01	1.274995667192539983e-01	2.818055601064085036e-01	1.760896039176310657e-01	8.221558026362213445e-02	3.606846065805979773e-02	9.149897122906466840e-02
1.625490791788175102e+03	2.044198968806316408e-01	1.272231576638798711e-01	2.820635156531370313e-01	1.762691460493733819e-01	8.229150817006193608e-02	3.612109273989207864e-02	9.161168284289114561e-02
1.630328562001830505e+03	2.040198017045843637e-01	1.269483052606498463e-01	2.823199623914488532e-01	1.764476548353844376e-01	8.236704268664163386e-02	3.617348330559623515e-02	9.172374981556168094e-02
1.635166332215485909e+03	2.036219588012856685e-01	1.266750007219121510e-01	2.825749096241936820e-01	1.766251360899318001e-01	8.244218582431099562e-02	3.622563322851281992e-02	9.183517570971988508e-02
1.640004102429141085e+03	2.032263554666869365e-01	1.264032353098588080e-01	2.828283665908752353e-01	1.768015955966555919e-01	8.251693958363090498e-02	3.627754338196572531e-02	9.194596407019377249e-02
1.644841872642796488e+03	2.028329790686769496e-01	1.261330003362403085e-01	2.830803424681521685e-01	1.769770391086991357e-01	8.259130595483461790e-02	3.632921463920632532e-02	9.205611842405739265e-02
1.649679642856451665e+03	2.024418170466710243e-01	1.258642871620818116e-01	2.833308463703348989e-01	1.771514723488396281e-01	8.266528691788847805e-02	3.638064787335857503e-02	9.216564228069254461e-02
1.654517413070107068e+03	2.020528569112024775e-01	1.255970871974010084e-01	2.835798873498769912e-01	1.773249010096185074e-01	8.273888444255195207e-02	3.643184395736515091e-02	9.227453913185092171e-02
1.659355183283762244e+03	2.016660862435164514e-01	1.253313919009277355e-01	2.838274743978627113e-01	1.774973307534719602e-01	8.281210048843724858e-02	3.648280376393463198e-02	9.238281245171624245e-02
1.664192953497417420e+03	2.012814926951664030e-01	1.250671927798251704e-01	2.840736164444896961e-01	1.776687672128611506e-01	8.288493700506827100e-02	3.653352816548962462e-02	9.249046569696670050e-02
1.669030723711072824e+03	2.008990639876125084e-01	1.248044813894125110e-01	2.843183223595471265e-01	1.778392159904022829e-01	8.295739593193914019e-02	3.658401803411585884e-02	9.259750230683758132e-02
1.673868493924728000e+03	2.005187879118227046e-01	1.245432493328894746e-01	2.845616009528897372e-01	1.780086826589966364e-01	8.302947919857212034e-02	3.663427424151225603e-02	9.270392570318408687e-02
1.678706264138383403e+03	2.001406523278760619e-01	1.242834882610622249e-01	2.848034609749071078e-01	1.781771727619604340e-01	8.310118872457503136e-02	3.668429765894193340e-02	9.280973929054421590e-02
1.683544034352038352e+03	1.997646451645682941e-01	1.240251898720710205e-01	2.850439111169889572e-01	1.783446918131544323e-01	8.317252641969825888e-02	3.673408915718413131e-02	9.291494645620193560e-02
1.688381804565693983e+03	1.993907544190197390e-01	1.237683459111193346e-01	2.852829600119857201e-01	1.785112452971135411e-01	8.324349418389109800e-02	3.678364960648707743e-02	9.301955057025045048e-02
1.693219574779349159e+03	1.990189681562855584e-01	1.235129481702046811e-01	2.855206162346656251e-01	1.786768386691761634e-01	8.331409390735769471e-02	3.683297987652166955e-02	9.312355498565560996e-02
1.698057344993004335e+03	1.986492745089681600e-01	1.232589884878508846e-01	2.857568883021664452e-01	1.788414773556133430e-01	8.338432747061254313e-02	3.688208083633614381e-02	9.322696303831949638e-02
1.702895115206659511e+03	1.982816616768319495e-01	1.230064587488419736e-01	2.859917846744442493e-01	1.790051667537577995e-01	8.345419674453541381e-02	3.693095335431154785e-02	9.332977804714406855e-02
1.707732885420315142e+03	1.979161179264203319e-01	1.227553508839575452e-01	2.862253137547173809e-01	1.791679122321327700e-01	8.352370359042587955e-02	3.697959829811808818e-02	9.343200331409501347e-02
1.712570655633970318e+03	1.975526315906748209e-01	1.225056568697097947e-01	2.864574838899064391e-01	1.793297191305806004e-01	8.359284986005739715e-02	3.702801653467231724e-02	9.353364212426563962e-02
1.717408425847625494e+03	1.971911910685565927e-01	1.222573687280820304e-01	2.866883033710702633e-01	1.794905927603912266e-01	8.366163739573082014e-02	3.707620893009514612e-02	9.363469774594095074e-02
1.722246196061280898e+03	1.968317848246698143e-01	1.220104785262685204e-01	2.869177804338381432e-01	1.796505384044302656e-01	8.373006803032767564e-02	3.712417634967069696e-02	9.373517343066180285e-02
1.727083966274936301e+03	1.964744013888878316e-01	1.217649783764161997e-01	2.871459232588379762e-01	1.798095613172672746e-01	8.379814358736274726e-02	3.717191965780591162e-02	9.383507241328901960e-02
1.731921736488591478e+03	1.961190293559808284e-01	1.215208604353676253e-01	2.873727399721199838e-01	1.799676667253032325e-01	8.386586588103643602e-02	3.721943971799101386e-02	9.393439791206785461e-02
1.736759506702246881e+03	1.957656573852460946e-01	1.212781169044054030e-01	2.875982386455774864e-01	1.801248598268983814e-01	8.393323671628659388e-02	3.726673739276067931e-02	9.403315312869230114e-02
1.741597276915902057e+03	1.954142742001402366e-01	1.210367400289983353e-01	2.878224272973634035e-01	1.802811457924994587e-01	8.400025788883991318e-02	3.731381354365604502e-02	9.413134124836956829e-02
1.746435047129557461e+03	1.950648685879136368e-01	1.207967220985488171e-01	2.880453138923025347e-01	1.804365297647668176e-01	8.406693118526306630e-02	3.736066903118740595e-02	9.422896543988469598e-02
1.751272817343212637e+03	1.947174293992469107e-01	1.205580554461417875e-01	2.882669063423010658e-01	1.805910168587012699e-01	8.413325838301320692e-02	3.740730471479771641e-02	9.432602885566507278e-02
1.756110587556867813e+03	1.943719455478895852e-01	1.203207324482951646e-01	2.884872125067514115e-01	1.807446121617707346e-01	8.419924125048826313e-02	3.745372145282677839e-02	9.442253463184512030e-02
1.760948357770523216e+03	1.940284060103008579e-01	1.200847455247116696e-01	2.887062401929339495e-01	1.808973207340366651e-01	8.426488154707674483e-02	3.749992010247616553e-02	9.451848588833101916e-02
1.765786127984178393e+03	1.936867998252923828e-01	1.198500871380321214e-01	2.889239971564150355e-01	1.810491476082801143e-01	8.433018102320716247e-02	3.754590151977485468e-02	9.461388572886543502e-02
1.770623898197833569e+03	1.933471160936730826e-01	1.196167497935902158e-01	2.891404911014412993e-01	1.812000977901275789e-01	8.439514142039708511e-02	3.759166655954555847e-02	9.470873724109230007e-02
1.775461668411488745e+03	1.930093439778961528e-01	1.193847260391686371e-01	2.893557296813303314e-01	1.813501762581766763e-01	8.445976447130186526e-02	3.763721607537175162e-02	9.480304349662166397e-02
1.780299438625144376e+03	1.926734727017079818e-01	1.191540084647566694e-01	2.895697204988582629e-01	1.814993879641214058e-01	8.452405189976290589e-02	3.768255091956532882e-02	9.489680755109450305e-02
1.785137208838799552e+03	1.923394915497992352e-01	1.189245897023090831e-01	2.897824711066432912e-01	1.816477378328772430e-01	8.458800542085559426e-02	3.772767194313499800e-02	9.499003244424757131e-02
1.789974979052454728e+03	1.920073898674578561e-01	1.186964624255066325e-01	2.899939890075260984e-01	1.817952307627058450e-01	8.465162674093693052e-02	3.777257999575529129e-02	9.508272119997833449e-02
1.794812749266109904e+03	1.916771570602239239e-01	1.184696193495177741e-01	2.902042816549468829e-01	1.819418716253396739e-01	8.471491755769273990e-02	3.781727592573622121e-02	9.517487682640976554e-02
1.799650519479765535e+03	1.913487825935469844e-01	1.182440532307618281e-01	2.904133564533187273e-01	1.820876652661060358e-01	8.477787956018451032e-02	3.786176057999355443e-02	9.526650231595530649e-02
1.804488289693420711e+03	1.910222559924448227e-01	1.180197568666734725e-01	2.906212207583980800e-01	1.822326165040511203e-01	8.484051442889595229e-02	3.790603480401974479e-02	9.535760064538374714e-02
1.809326059907075887e+03	1.906975668411645120e-01	1.177967230954687083e-01	2.908278818776512953e-01	1.823767301320636247e-01	8.490282383577922587e-02	3.795009944185549072e-02	9.544817477588404819e-02
1.814163830120731291e+03	1.903747047828453776e-01	1.175749447959120453e-01	2.910333470706186754e-01	1.825200109169979046e-01	8.496480944430072346e-02	3.799395533606182707e-02	9.553822765313028931e-02
1.819001600334386467e+03	1.900536595191837930e-01	1.173544148870851456e-01	2.912376235492746268e-01	1.826624635997972368e-01	8.502647290948663061e-02	3.803760332769291069e-02	9.562776220734646448e-02
1.823839370548041643e+03	1.897344208101001128e-01	1.171351263281567856e-01	2.914407184783847637e-01	1.828040928956163047e-01	8.508781587796813983e-02	3.808104425626930578e-02	9.571678135337134685e-02
1.828677140761696819e+03	1.894169784734073825e-01	1.169170721181540945e-01	2.916426389758601245e-01	1.829449034939437113e-01	8.514883998802630360e-02	3.812427895975190745e-02	9.580528799072325630e-02
1.833514910975352450e+03	1.891013223844818236e-01	1.167002452957351666e-01	2.918433921131078912e-01	1.830849000587240483e-01	8.520954686963658209e-02	3.816730827451640662e-02	9.589328500366486874e-02
1.838352681189008081e+03	1.887874424759356240e-01	1.164846389389630199e-01	2.920429849153791113e-01	1.832240872284796041e-01	8.526993814451309939e-02	3.821013303532831001e-02	9.598077526126792824e-02
1.843190451402663257e+03	1.884753287372912534e-01	1.162702461650808178e-01	2.922414243621136443e-01	1.833624696164318224e-01	8.533001542615253898e-02	3.825275407531853605e-02	9.606776161747798692e-02
1.848028221616318433e+03	1.881649712146578335e-01	1.160570601302884086e-01	2.924387173872814438e-01	1.835000518106224832e-01	8.538978031987784489e-02	3.829517222595952425e-02	9.615424691117904765e-02
1.852865991829973609e+03	1.878563600104091735e-01	1.158450740295201564e-01	2.926348708797214537e-01	1.836368383740343835e-01	8.544923442288143711e-02	3.833738831704191358e-02	9.624023396625812354e-02
1.857703762043628785e+03	1.875494852828639980e-01	1.156342810962240619e-01	2.928298916834768395e-01	1.837728338447118248e-01	8.550837932426835764e-02	3.837940317665170659e-02	9.632572559166985293e-02
1.862541532257283961e+03	1.872443372459677569e-01	1.154246746021421743e-01	2.930237865981281109e-01	1.839080427358807390e-01	8.556721660509890304e-02	3.842121763114797472e-02	9.641072458150098945e-02
1.867379302470939592e+03	1.869409061689763230e-01	1.152162478570922244e-01	2.932165623791225806e-01	1.840424695360685092e-01	8.562574783843109050e-02	3.846283250514107716e-02	9.649523371503482272e-02
1.872217072684594768e+03	1.866391823761414936e-01	1.150089942087506589e-01	2.934082257381014358e-01	1.841761187092233187e-01	8.568397458936280464e-02	3.850424862147135835e-02	9.657925575681557129e-02
1.877054842898249490e+03	1.863391562463984907e-01	1.148029070424367304e-01	2.935987833432233685e-01	1.843089946948332780e-01	8.574189841507369458e-02	3.854546680118837304e-02	9.666279345671269230e-02
1.881892613111905121e+03	1.860408182130548760e-01	1.145979797808979878e-01	2.937882418194862622e-01	1.844411019080451630e-01	8.579952086486673790e-02	3.858648786353054833e-02	9.674584954998508013e-02
1.886730383325560297e+03	1.857441587634817148e-01	1.143942058840969750e-01	2.939766077490448271e-01	1.845724447397828760e-01	8.585684348020955481e-02	3.862731262590538700e-02	9.682842675734529281e-02
1.891568153539215928e+03	1.854491684388061834e-01	1.141915788489991229e-01	2.941638876715269024e-01	1.847030275568653512e-01	8.591386779477541702e-02	3.866794190387006641e-02	9.691052778502359799e-02
1.896405923752871104e+03	1.851558378336060628e-01	1.139900922093619179e-01	2.943500880843457068e-01	1.848328547021243495e-01	8.597059533448407620e-02	3.870837651111259936e-02	9.699215532483196345e-02
1.901243693966526507e+03	1.848641575956059269e-01	1.137897395355252639e-01	2.945352154430101455e-01	1.849619304945217813e-01	8.602702761754217609e-02	3.874861725943334195e-02	9.707331205422797815e-02
1.906081464180181683e+03	1.845741184253753275e-01	1.135905144342030382e-01	2.947192761614322309e-01	1.850902592292666404e-01	8.608316615448360909e-02	3.878866495872701492e-02	9.715400063637869010e-02
1.910919234393836859e+03	1.842857110760282857e-01	1.133924105482759237e-01	2.949022766122318395e-01	1.852178451779315782e-01	8.613901244820934555e-02	3.882852041696516210e-02	9.723422372022433313e-02
1.915757004607492036e+03	1.839989263529249464e-01	1.131954215565853794e-01	2.950842231270386362e-01	1.853446925885692542e-01	8.619456799402724911e-02	3.886818444017903218e-02	9.731398394054194267e-02
1.920594774821147894e+03	1.837137551133745661e-01	1.129995411737287903e-01	2.952651219967916685e-01	1.854708056858281051e-01	8.624983427969153127e-02	3.890765783244289067e-02	9.739328391800891604e-02
1.925432545034802843e+03	1.834301882663405270e-01	1.128047631498558245e-01	2.954449794720361289e-01	1.855961886710678632e-01	8.630481278544188672e-02	3.894694139585774123e-02	9.747212625926646168e-02
1.930270315248458019e+03	1.831482167721469323e-01	1.126110812704659847e-01	2.956238017632178416e-01	1.857208457224747977e-01	8.635950498404255937e-02	3.898603593053548422e-02	9.755051355698286797e-02
1.935108085462113195e+03	1.828678316421867289e-01	1.124184893562073517e-01	2.958015950409748629e-01	1.858447809951763174e-01	8.641391234082097805e-02	3.902494223458348455e-02	9.762844838991675822e-02
1.939945855675768371e+03	1.825890239386318004e-01	1.122269812626763563e-01	2.959783654364269156e-01	1.859679986213554348e-01	8.646803631370622578e-02	3.906366110408950043e-02	9.770593332298024847e-02
1.944783625889424002e+03	1.823117847741444475e-01	1.120365508802188964e-01	2.961541190414620495e-01	1.860905027103648413e-01	8.652187835326728693e-02	3.910219333310706313e-02	9.778297090730188323e-02
1.949621396103079178e+03	1.820361053115907291e-01	1.118471921337324954e-01	2.963288619090210241e-01	1.862122973488403999e-01	8.657543990275105850e-02	3.914053971364120366e-02	9.785956368028951580e-02
1.954459166316734354e+03	1.817619767637553285e-01	1.116588989824695566e-01	2.965026000533792505e-01	1.863333866008144990e-01	8.662872239812008379e-02	3.917870103563456802e-02	9.793571416569309129e-02
1.959296936530389530e+03	1.814893903930581975e-01	1.114716654198418810e-01	2.966753394504261232e-01	1.864537745078289066e-01	8.668172726809006412e-02	3.921667808695394192e-02	9.801142487366729106e-02
1.964134706744044706e+03	1.812183375112725592e-01	1.112854854732261978e-01	2.968470860379422427e-01	1.865734650890472079e-01	8.673445593416712063e-02	3.925447165337710848e-02	9.808669830083398267e-02
1.968972476957700337e+03	1.809488094792448265e-01	1.111003532037709157e-01	2.970178457158739738e-01	1.866924623413669104e-01	8.678690981068491739e-02	3.929208251858008066e-02	9.816153693034471162e-02
1.973810247171355968e+03	1.806807977066159920e-01	1.109162627062038747e-01	2.971876243466061163e-01	1.868107702395312153e-01	8.683909030484145142e-02	3.932951146412468763e-02	9.823594323194285993e-02
1.978648017385010689e+03	1.804142936515446272e-01	1.107332081086413733e-01	2.973564277552318003e-01	1.869283927362402897e-01	8.689099881673567616e-02	3.936675926944654264e-02	9.830991966202584642e-02
1.983485787598666320e+03	1.801492888204314358e-01	1.105511835723980985e-01	2.975242617298201608e-01	1.870453337622622059e-01	8.694263673940384740e-02	3.940382671184333718e-02	9.838346866370702160e-02
1.988323557812321269e+03	1.798857747676454177e-01	1.103701832917982489e-01	2.976911320216820145e-01	1.871615972265434635e-01	8.699400545885577207e-02	3.944071456646346119e-02	9.845659266687764588e-02
1.993161328025976900e+03	1.796237430952516978e-01	1.101902014939878244e-01	2.978570443456331485e-01	1.872771870163192354e-01	8.704510635411071007e-02	3.947742360629499098e-02	9.852929408826847923e-02
1.997999098239632076e+03	1.793631854527406866e-01	1.100112324387478857e-01	2.980220043802550567e-01	1.873921069972229458e-01	8.709594079723306792e-02	3.951395460215496869e-02	9.860157533151141240e-02
2.002836868453287707e+03	1.791040935367590736e-01	1.098332704183088843e-01	2.981860177681541768e-01	1.875063610133958503e-01	8.714651015336800921e-02	3.955030832267908414e-02	9.867343878720090389e-02
2.007674638666942428e+03	1.788464590908421248e-01	1.096563097571661843e-01	2.983490901162183517e-01	1.876199528875958089e-01	8.719681578077671802e-02	3.958648553431157180e-02	9.874488683295525038e-02
2.012512408880597604e+03	1.785902739051477284e-01	1.094803448118965017e-01	2.985112269958710152e-01	1.877328864213059501e-01	8.724685903087148198e-02	3.962248700129551021e-02	9.881592183347770453e-02
2.017350179094252780e+03	1.783355298161916902e-01	1.093053699709754800e-01	2.986724339433242670e-01	1.878451653948428890e-01	8.729664124825066429e-02	3.965831348566337816e-02	9.888654614061748171e-02
2.022187949307908411e+03	1.780822187065849438e-01	1.091313796545963083e-01	2.988327164598283958e-01	1.879567935674643919e-01	8.734616377073330107e-02	3.969396574722795085e-02	9.895676209343057250e-02
2.027025719521564042e+03	1.778303325047717875e-01	1.089583683144893927e-01	2.989920800119204025e-01	1.880677746774767622e-01	8.739542792939364313e-02	3.972944454357348054e-02	9.902657201824044408e-02
2.031863489735218764e+03	1.775798631847699538e-01	1.087863304337430143e-01	2.991505300316698035e-01	1.881781124423419216e-01	8.744443504859544802e-02	3.976475063004716870e-02	9.909597822869856132e-02
2.036701259948874394e+03	1.773308027659121766e-01	1.086152605266251236e-01	2.993080719169229909e-01	1.882878105587838247e-01	8.749318644602603612e-02	3.979988475975092949e-02	9.916498302584472735e-02
2.041539030162529116e+03	1.770831433125890919e-01	1.084451531384060252e-01	2.994647110315448169e-01	1.883968727028947909e-01	8.754168343273022179e-02	3.983484768353345862e-02	9.923358869816735484e-02
2.046376800376184747e+03	1.768368769339935254e-01	1.082760028451821843e-01	2.996204527056589573e-01	1.885053025302411422e-01	8.758992731314395319e-02	3.986964014998255201e-02	9.930179752166343188e-02
2.051214570589840150e+03	1.765919957838665844e-01	1.081078042537010064e-01	2.997753022358854991e-01	1.886131036759685631e-01	8.763791938512788260e-02	3.990426290541774362e-02	9.936961175989846018e-02
2.056052340803495554e+03	1.763484920602448880e-01	1.079405520011866709e-01	2.999292648855769738e-01	1.887202797549072386e-01	8.768566094000060374e-02	3.993871669388316531e-02	9.943703366406614341e-02
2.060890111017150957e+03	1.761063580052093791e-01	1.077742407551668807e-01	3.000823458850526704e-01	1.888268343616761047e-01	8.773315326257183355e-02	3.997300225714069816e-02	9.950406547304802007e-02
2.065727881230805451e+03	1.758655859046355796e-01	1.076088652133006945e-01	3.002345504318305602e-01	1.889327710707872920e-01	8.778039763117533034e-02	4.000712033466341522e-02	9.957070941347272164e-02
2.070565651444461309e+03	1.756261680879452614e-01	1.074444201032072471e-01	3.003858836908572805e-01	1.890380934367496824e-01	8.782739531770158981e-02	4.004107166362922549e-02	9.963696769977530010e-02
2.075403421658116713e+03	1.753880969278593660e-01	1.072809001822956354e-01	3.005363507947367285e-01	1.891428049941723255e-01	8.787414758763047173e-02	4.007485697891480930e-02	9.970284253425625021e-02
2.080241191871772116e+03	1.751513648401528123e-01	1.071183002375955401e-01	3.006859568439561592e-01	1.892469092578673295e-01	8.792065570006353525e-02	4.010847701308982438e-02	9.976833610714036515e-02
2.085078962085427065e+03	1.749159642834101080e-01	1.069566150855890685e-01	3.008347069071110047e-01	1.893504097229524175e-01	8.796692090775620754e-02	4.014193249641130612e-02	9.983345059663546739e-02
2.089916732299082469e+03	1.746818877587827112e-01	1.067958395720433329e-01	3.009826060211274190e-01	1.894533098649529568e-01	8.801294445714988313e-02	4.017522415681833159e-02	9.989818816899093123e-02
2.094754502512737417e+03	1.744491278097478615e-01	1.066359685718441808e-01	3.011296591914831011e-01	1.895556131399038224e-01	8.805872758840366243e-02	4.020835271992695414e-02	9.996255097855601124e-02
2.099592272726392821e+03	1.742176770218684945e-01	1.064769969888307577e-01	3.012758713924262866e-01	1.896573229844504827e-01	8.810427153542606249e-02	4.024131890902533926e-02	1.000265411678380734e-01
2.104430042940048224e+03	1.739875280225547105e-01	1.063189197556311388e-01	3.014212475671932956e-01	1.897584428159501402e-01	8.814957752590649176e-02	4.027412344506910852e-02	1.000901608675605625e-01
2.109267813153704083e+03	1.737586734808266309e-01	1.061617318334986820e-01	3.015657926282237500e-01	1.898589760325720133e-01	8.819464678134654456e-02	4.030676704667697507e-02	1.001534121967208174e-01
2.114105583367359031e+03	1.735311061070784755e-01	1.060054282121496438e-01	3.017095114573743464e-01	1.899589260133975055e-01	8.823948051709112894e-02	4.033925043012653866e-02	1.002162972626477466e-01
2.118943353581013525e+03	1.733048186528441670e-01	1.058500039096014200e-01	3.018524089061309090e-01	1.900582961185198483e-01	8.828407994235944189e-02	4.037157430935033736e-02	1.002788181610592688e-01
2.123781123794669384e+03	1.730798039105640729e-01	1.056954539720119240e-01	3.019944897958185548e-01	1.901570896891432993e-01	8.832844626027575030e-02	4.040373939593211450e-02	1.003409769761195863e-01
2.128618894008324787e+03	1.728560547133533021e-01	1.055417734735197566e-01	3.021357589178105263e-01	1.902553100476820913e-01	8.837258066790000532e-02	4.043574639910327978e-02	1.004027757804962645e-01
2.133456664221980191e+03	1.726335639347711393e-01	1.053889575160854158e-01	3.022762210337347488e-01	1.903529604978588252e-01	8.841648435625835967e-02	4.046759602573957171e-02	1.004642166354171862e-01
2.138294434435635139e+03	1.724123244885918116e-01	1.052370012293332852e-01	3.024158808756791106e-01	1.904500443248024477e-01	8.846015851037333788e-02	4.049928898035797670e-02	1.005253015907272424e-01
2.143132204649290543e+03	1.721923293285767542e-01	1.050858997703946335e-01	3.025547431463950776e-01	1.905465647951460062e-01	8.850360430929406219e-02	4.053082596511375923e-02	1.005860326849448566e-01
2.147969974862945492e+03	1.719735714482479860e-01	1.049356483237514764e-01	3.026928125194995878e-01	1.906425251571237101e-01	8.854682292612617300e-02	4.056220767979779734e-02	1.006464119453183842e-01
2.152807745076601350e+03	1.717560438806628453e-01	1.047862421010813117e-01	3.028300936396752241e-01	1.907379286406678531e-01	8.858981552806161064e-02	4.059343482183402907e-02	1.007064413878822201e-01
2.157645515290255844e+03	1.715397396981900024e-01	1.046376763411027838e-01	3.029665911228690001e-01	1.908327784575050701e-01	8.863258327640828604e-02	4.062450808627712101e-02	1.007661230175128098e-01
2.162483285503912157e+03	1.713246520122867211e-01	1.044899463094221964e-01	3.031023095564893133e-01	1.909270778012525371e-01	8.867512732661955721e-02	4.065542816581033114e-02	1.008254588279844516e-01
2.167321055717567106e+03	1.711107739732774524e-01	1.043430472983809670e-01	3.032372534996015112e-01	1.910208298475133126e-01	8.871744882832346968e-02	4.068619575074355205e-02	1.008844508020247943e-01
2.172158825931222509e+03	1.708980987701337051e-01	1.041969746269038599e-01	3.033714274831217916e-01	1.911140377539717328e-01	8.875954892535203866e-02	4.071681152901153455e-02	1.009431009113703342e-01
2.176996596144877003e+03	1.706866196302551653e-01	1.040517236403482038e-01	3.035048360100096043e-01	1.912067046604880027e-01	8.880142875577015649e-02	4.074727618617226405e-02	1.010014111168215933e-01
2.181834366358532861e+03	1.704763298192518706e-01	1.039072897103538728e-01	3.036374835554583873e-01	1.912988336891925933e-01	8.884308945190450002e-02	4.077759040540555879e-02	1.010593833682981585e-01
2.186672136572187810e+03	1.702672226407280220e-01	1.037636682346941702e-01	3.037693745670850265e-01	1.913904279445802770e-01	8.888453214037217442e-02	4.080775486751182790e-02	1.011170196048934294e-01
2.191509906785843214e+03	1.700592914360666286e-01	1.036208546371275990e-01	3.039005134651175388e-01	1.914814905136035805e-01	8.892575794210928752e-02	4.083777025091098190e-02	1.011743217549293111e-01
2.196347676999498617e+03	1.698525295842155947e-01	1.034788443672504110e-01	3.040309046425814232e-01	1.915720244657659610e-01	8.896676797239935763e-02	4.086763723164148904e-02	1.012312917360106562e-01
2.201185447213154021e+03	1.696469305014750573e-01	1.033376329003500571e-01	3.041605524654846238e-01	1.916620328532145368e-01	8.900756334090149935e-02	4.089735648335965368e-02	1.012879314550794441e-01
2.206023217426809424e+03	1.694424876412858050e-01	1.031972157372594706e-01	3.042894612730007164e-01	1.917515187108324026e-01	8.904814515167856770e-02	4.092692867733902645e-02	1.013442428084688762e-01
2.210860987640464373e+03	1.692391944940190573e-01	1.030575884042121415e-01	3.044176353776509303e-01	1.918404850563305286e-01	8.908851450322505250e-02	4.095635448246996713e-02	1.014002276819572085e-01
2.215698757854119776e+03	1.690370445867671878e-01	1.029187464526980511e-01	3.045450790654846140e-01	1.919289348903393533e-01	8.912867248849491719e-02	4.098563456525934623e-02	1.014558879508213884e-01
2.220536528067775180e+03	1.688360314831358899e-01	1.027806854593205088e-01	3.046717965962584262e-01	1.920168711964997943e-01	8.916862019492920177e-02	4.101476958983045484e-02	1.015112254798905267e-01
2.225374298281430583e+03	1.686361487830375927e-01	1.026434010256536133e-01	3.047977922036138043e-01	1.921042969415540924e-01	8.920835870448358407e-02	4.104376021792299073e-02	1.015662421235991181e-01
2.230212068495085077e+03	1.684373901224856807e-01	1.025068887781007410e-01	3.049230700952533235e-01	1.921912150754359616e-01	8.924788909365567735e-02	4.107260710889326649e-02	1.016209397260401381e-01
2.235049838708740936e+03	1.682397491733902684e-01	1.023711443677537275e-01	3.050476344531156125e-01	1.922776285313605726e-01	8.928721243351227244e-02	4.110131091971451489e-02	1.016753201210178342e-01
2.239887608922396339e+03	1.680432196433548353e-01	1.022361634702528693e-01	3.051714894335486594e-01	1.923635402259141480e-01	8.932632978971642712e-02	4.112987230497732599e-02	1.017293851321004888e-01
2.244725379136052197e+03	1.678477952754744151e-01	1.021019417856477152e-01	3.052946391674823956e-01	1.924489530591428355e-01	8.936524222255434746e-02	4.115829191689027167e-02	1.017831365726727666e-01
2.249563149349706237e+03	1.676534698481345065e-01	1.019684750382587740e-01	3.054170877605988932e-01	1.925338699146416643e-01	8.940395078696225517e-02	4.118657040528062030e-02	1.018365762459880475e-01
2.254400919563362095e+03	1.674602371748113161e-01	1.018357589765398058e-01	3.055388392935023401e-01	1.926182936596426420e-01	8.944245653255296358e-02	4.121470841759521109e-02	1.018897059452204545e-01
2.259238689777017044e+03	1.672680911038732232e-01	1.017037893729410697e-01	3.056598978218870721e-01	1.927022271451027668e-01	8.948076050364242584e-02	4.124270659890146712e-02	1.019425274535166875e-01
2.264076459990672902e+03	1.670770255183832709e-01	1.015725620237732524e-01	3.057802673767042179e-01	1.927856732057915135e-01	8.951886373927613050e-02	4.127056559188852641e-02	1.019950425440477593e-01
