1.001418434226643626e+03	2.810683985151269382e-01	1.793433256809757181e-01	2.345250262681606301e-01	1.410146578684171592e-01	6.802169182020283145e-02	2.689468742362415357e-02	6.913221242335915173e-02
1.003837319333471214e+03	2.806520331097341892e-01	1.790587559905017778e-01	2.348252671617180598e-01	1.411904403664279439e-01	6.809243500847220187e-02	2.693907068622643231e-02	6.924199767678597406e-02
1.006256204440298802e+03	2.802368446292458626e-01	1.787749895215760831e-01	2.351246360465020224e-01	1.413657025421196922e-01	6.816297310924630815e-02	2.698337700980972184e-02	6.935147714136685737e-02
1.008675089547126618e+03	2.798228297024461519e-01	1.784920240267486025e-01	2.354231354027574163e-01	1.415404461132800662e-01	6.823330679820575895e-02	2.702760630878285955e-02	6.946065164764568534e-02
1.011093974653954206e+03	2.794099849689615223e-01	1.782098572639463641e-01	2.357207677036372018e-01	1.417146727903678682e-01	6.830343674840783086e-02	2.707175849973189954e-02	6.956952202481385406e-02
1.013512859760782021e+03	2.789983070791889341e-01	1.779284869964930793e-01	2.360175354152246330e-01	1.418883842765681913e-01	6.837336363029894448e-02	2.711583350140297013e-02	6.967808910068981620e-02
1.015931744867609382e+03	2.785877926942252891e-01	1.776479109931272948e-01	2.363134409965552685e-01	1.420615822678469309e-01	6.844308811172719609e-02	2.715983123468522498e-02	6.978635370169933294e-02
1.018350629974437197e+03	2.781784384857983738e-01	1.773681270280198230e-01	2.366084868996390644e-01	1.422342684530044921e-01	6.851261085795476435e-02	2.720375162259384624e-02	6.989431665285618378e-02
1.020769515081264785e+03	2.777702411361995805e-01	1.770891328807895071e-01	2.369026755694819131e-01	1.424064445137285806e-01	6.858193253167020609e-02	2.724759459025315536e-02	7.000197877774358424e-02
1.023188400188092373e+03	2.773631973382178484e-01	1.768109263365180706e-01	2.371960094441075417e-01	1.425781121246464112e-01	6.865105379300072419e-02	2.729136006487976884e-02	7.010934089849610307e-02
1.025607285294920075e+03	2.769573037950748273e-01	1.765335051857640780e-01	2.374884909545790790e-01	1.427492729533760552e-01	6.871997529952435235e-02	2.733504797576586168e-02	7.021640383578217626e-02
1.028026170401747549e+03	2.765525572203615390e-01	1.762568672245756474e-01	2.377801225250203709e-01	1.429199286605771779e-01	6.878869770628198710e-02	2.737865825426247929e-02	7.032316840878720388e-02
1.030445055508575479e+03	2.761489543379763711e-01	1.759810102545022181e-01	2.380709065726374640e-01	1.430900809000009155e-01	6.885722166578943371e-02	2.742219083376295705e-02	7.042963543519703551e-02
1.032863940615402726e+03	2.757464918820642374e-01	1.757059320826054316e-01	2.383608455077396993e-01	1.432597313185390853e-01	6.892554782804938274e-02	2.746564564968640570e-02	7.053580573118217734e-02
1.035282825722230655e+03	2.753451665969568474e-01	1.754316305214689842e-01	2.386499417337608620e-01	1.434288815562729247e-01	6.899367684056322003e-02	2.750902263946127663e-02	7.064168011138234615e-02
1.037701710829058356e+03	2.749449752371142530e-01	1.751581033892076200e-01	2.389381976472803037e-01	1.435975332465208587e-01	6.906160934834283671e-02	2.755232174250901028e-02	7.074725938889157850e-02
1.040120595935886058e+03	2.745459145670676171e-01	1.748853485094754301e-01	2.392256156380435927e-01	1.437656880158857120e-01	6.912934599392241142e-02	2.759554290022776801e-02	7.085254437524389493e-02
1.042539481042713533e+03	2.741479813613629246e-01	1.746133637114729575e-01	2.395121980889835800e-01	1.439333474843015048e-01	6.919688741736992887e-02	2.763868605597624359e-02	7.095753588039924176e-02
1.044958366149541234e+03	2.737511724045058603e-01	1.743421468299538313e-01	2.397979473762408553e-01	1.441005132650792497e-01	6.926423425629890662e-02	2.768175115505754763e-02	7.106223471273014070e-02
1.047377251256368709e+03	2.733554844909074633e-01	1.740716957052305669e-01	2.400828658691844253e-01	1.442671869649523875e-01	6.933138714587976092e-02	2.772473814470319611e-02	7.116664167900860205e-02
1.049796136363196410e+03	2.729609144248312802e-01	1.738020081831793684e-01	2.403669559304321968e-01	1.444333701841215012e-01	6.939834671885139472e-02	2.776764697405715437e-02	7.127075758439359310e-02
1.052215021470024112e+03	2.725674590203409076e-01	1.735330821152444858e-01	2.406502199158712663e-01	1.445990645162985033e-01	6.946511360553239700e-02	2.781047759415999215e-02	7.137458323241888114e-02
1.054633906576851814e+03	2.721751151012489212e-01	1.732649153584419899e-01	2.409326601746783758e-01	1.447642715487502674e-01	6.953168843383251974e-02	2.785322995793309067e-02	7.147811942498126514e-02
1.057052791683679516e+03	2.717838795010665276e-01	1.729975057753623535e-01	2.412142790493399802e-01	1.449289928623415102e-01	6.959807182926373847e-02	2.789590402016296766e-02	7.158136696232934859e-02
1.059471676790506763e+03	2.713937490629541038e-01	1.727308512341729219e-01	2.414950788756723699e-01	1.450932300315773416e-01	6.966426441495156274e-02	2.793849973748565099e-02	7.168432664305252056e-02
1.061890561897334692e+03	2.710047206396724584e-01	1.724649496086195777e-01	2.417750619828415992e-01	1.452569846246450913e-01	6.973026681164606888e-02	2.798101706837116676e-02	7.178699926407047793e-02
1.064309447004162394e+03	2.706167910935352583e-01	1.721997987780276018e-01	2.420542306933835541e-01	1.454202582034558044e-01	6.979607963773291901e-02	2.802345597310808983e-02	7.188938562062312243e-02
1.066728332110990095e+03	2.702299572963621221e-01	1.719353966273023393e-01	2.423325873232236305e-01	1.455830523236849305e-01	6.986170350924435224e-02	2.806581641378818465e-02	7.199148650626074897e-02
1.069147217217817570e+03	2.698442161294321018e-01	1.716717410469289773e-01	2.426101341816965240e-01	1.457453685348127082e-01	6.992713903987013424e-02	2.810809835429114306e-02	7.209330271283465041e-02
1.071566102324645271e+03	2.694595644834386627e-01	1.714088299329719622e-01	2.428868735715658533e-01	1.459072083801639941e-01	6.999238684096828478e-02	2.815030176026938821e-02	7.219483503048805539e-02
1.073984987431472746e+03	2.690759992584447202e-01	1.711466611870738064e-01	2.431628077890437833e-01	1.460685733969475375e-01	7.005744752157598565e-02	2.819242659913296506e-02	7.229608424764745467e-02
1.076403872538300675e+03	2.686935173638386187e-01	1.708852327164535057e-01	2.434379391238103985e-01	1.462294651162948378e-01	7.012232168842016944e-02	2.823447284003453503e-02	7.239705115101420507e-02
1.078822757645127922e+03	2.683121157182910554e-01	1.706245424339044026e-01	2.437122698590331316e-01	1.463898850632985027e-01	7.018700994592827480e-02	2.827644045385442617e-02	7.249773652555649428e-02
1.081241642751955851e+03	2.679317912497122811e-01	1.703645882577915216e-01	2.439858022713861374e-01	1.465498347570500792e-01	7.025151289623876583e-02	2.831832941318579433e-02	7.259814115450168026e-02
1.083660527858783553e+03	2.675525408952103001e-01	1.701053681120486272e-01	2.442585386310693607e-01	1.467093157106775236e-01	7.031583113921172079e-02	2.836013969231985718e-02	7.269826581932885279e-02
1.086079412965611255e+03	2.671743616010493483e-01	1.698468799261746431e-01	2.445304812018279650e-01	1.468683294313821719e-01	7.037996527243924050e-02	2.840187126723120806e-02	7.279811129976174189e-02
1.088498298072438729e+03	2.667972503226091474e-01	1.695891216352298780e-01	2.448016322409710122e-01	1.470268774204752382e-01	7.044391589125589825e-02	2.844352411556323040e-02	7.289767837376195936e-02
1.090917183179266431e+03	2.664212040243448820e-01	1.693320911798317230e-01	2.450719939993907803e-01	1.471849611734138974e-01	7.050768358874906494e-02	2.848509821661357119e-02	7.299696781752243457e-02
1.093336068286093905e+03	2.660462196797477308e-01	1.690757865061499055e-01	2.453415687215815266e-01	1.473425821798370339e-01	7.057126895576920633e-02	2.852659355131973579e-02	7.309598040546132214e-02
1.095754953392921607e+03	2.656722942713053981e-01	1.688202055659016598e-01	2.456103586456582777e-01	1.474997419236002971e-01	7.063467258094011103e-02	2.856801010224472789e-02	7.319471691021596504e-02
1.098173838499749309e+03	2.652994247904642000e-01	1.685653463163460652e-01	2.458783660033757867e-01	1.476564418828111847e-01	7.069789505066909063e-02	2.860934785356281096e-02	7.329317810263727417e-02
1.100592723606577010e+03	2.649276082375909280e-01	1.683112067202785500e-01	2.461455930201470188e-01	1.478126835298632924e-01	7.076093694915702725e-02	2.865060679104532160e-02	7.339136475178432983e-02
1.103011608713404712e+03	2.645568416219352681e-01	1.680577847460246188e-01	2.464120419150618302e-01	1.479684683314703431e-01	7.082379885840851819e-02	2.869178690204660445e-02	7.348927762491924698e-02
1.105430493820231959e+03	2.641871219615930522e-01	1.678050783674337465e-01	2.466777149009055647e-01	1.481237977487000201e-01	7.088648135824179852e-02	2.873288817548998175e-02	7.358691748750231798e-02
1.107849378927059888e+03	2.638184462834697874e-01	1.675530855638724392e-01	2.469426141841773725e-01	1.482786732370069971e-01	7.094898502629873316e-02	2.877391060185385818e-02	7.368428510318734970e-02
1.110268264033887590e+03	2.634508116232444630e-01	1.673018043202174343e-01	2.472067419651088060e-01	1.484330962462659109e-01	7.101131043805467002e-02	2.881485417315788472e-02	7.378138123381727809e-02
1.112687149140715292e+03	2.630842150253345779e-01	1.670512326268483727e-01	2.474701004376820557e-01	1.485870682208039750e-01	7.107345816682830719e-02	2.885571888294919882e-02	7.387820663941999100e-02
1.115106034247542766e+03	2.627186535428603364e-01	1.668013684796403051e-01	2.477326917896481295e-01	1.487405905994330368e-01	7.113542878379147671e-02	2.889650472628876865e-02	7.397476207820444238e-02
1.117524919354370468e+03	2.623541242376105642e-01	1.665522098799558648e-01	2.479945182025451444e-01	1.488936648154813858e-01	7.119722285797883132e-02	2.893721169973781718e-02	7.407104830655689143e-02
1.119943804461197942e+03	2.619906241800082913e-01	1.663037548346372740e-01	2.482555818517163948e-01	1.490462922968252280e-01	7.125884095629750337e-02	2.897783980134431558e-02	7.416706607903750248e-02
1.122362689568025871e+03	2.616281504490768350e-01	1.660560013559981007e-01	2.485158849063285047e-01	1.491984744659198003e-01	7.132028364353677763e-02	2.901838903062958427e-02	7.426281614837695888e-02
1.124781574674853118e+03	2.612667001324063820e-01	1.658089474618146819e-01	2.487754295293892193e-01	1.493502127398301793e-01	7.138155148237759762e-02	2.905885938857494938e-02	7.435829926547345148e-02
1.127200459781681047e+03	2.609062703261213478e-01	1.655625911753174639e-01	2.490342178777655846e-01	1.495015085302616453e-01	7.144264503340214123e-02	2.909925087760849988e-02	7.445351617938983368e-02
1.129619344888508749e+03	2.605468581348470147e-01	1.653169305251820653e-01	2.492922521022015725e-01	1.496523632435898532e-01	7.150356485510318827e-02	2.913956350159193492e-02	7.454846763735091530e-02
1.132038229995336451e+03	2.601884606716777237e-01	1.650719635455200895e-01	2.495495343473359828e-01	1.498027782808906416e-01	7.156431150389359896e-02	2.917979726580747363e-02	7.464315438474103392e-02
1.134457115102163925e+03	2.598310750581448447e-01	1.648276882758697992e-01	2.498060667517202349e-01	1.499527550379694818e-01	7.162488553411559822e-02	2.921995217694486890e-02	7.473757716510170956e-02
1.136876000208991627e+03	2.594746984241850241e-01	1.645841027611866514e-01	2.500618514478358256e-01	1.501022949053907041e-01	7.168528749805019862e-02	2.926002824308848033e-02	7.483173672012960465e-02
1.139294885315819101e+03	2.591193279081090983e-01	1.643412050518335832e-01	2.503168905621121487e-01	1.502513992685063360e-01	7.174551794592629039e-02	2.930002547370445798e-02	7.492563378967453946e-02
1.141713770422646803e+03	2.587649606565708971e-01	1.640989932035710475e-01	2.505711862149440083e-01	1.504000695074847460e-01	7.180557742592996728e-02	2.933994387962797837e-02	7.501926911173778523e-02
1.144132655529474505e+03	2.584115938245368227e-01	1.638574652775471319e-01	2.508247405207088554e-01	1.505483069973388432e-01	7.186546648421361649e-02	2.937978347305059482e-02	7.511264342247045422e-02
1.146551540636302207e+03	2.580592245752554859e-01	1.636166193402871505e-01	2.510775555877846621e-01	1.506961131079541383e-01	7.192518566490502252e-02	2.941954426750763296e-02	7.520575745617213981e-02
1.148970425743129908e+03	2.577078500802276739e-01	1.633764534636835408e-01	2.513296335185668529e-01	1.508434892041164155e-01	7.198473551011644322e-02	2.945922627786570422e-02	7.529861194528959800e-02
1.151389310849957155e+03	2.573574675191765970e-01	1.631369657249852057e-01	2.515809764094856793e-01	1.509904366455391833e-01	7.204411655995353325e-02	2.949882952031026781e-02	7.539120762041570667e-02
1.153808195956785084e+03	2.570080740800184116e-01	1.628981542067869659e-01	2.518315863510237063e-01	1.511369567868909025e-01	7.210332935252443398e-02	2.953835401233330729e-02	7.548354521028843855e-02
1.156227081063612786e+03	2.566596669588330215e-01	1.626600169970187360e-01	2.520814654277327982e-01	1.512830509778217980e-01	7.216237442394854429e-02	2.957779977272105218e-02	7.557562544179022290e-02
1.158645966170440488e+03	2.563122433598353789e-01	1.624225521889346713e-01	2.523306157182512166e-01	1.514287205629905597e-01	7.222125230836545784e-02	2.961716682154180366e-02	7.566744903994712668e-02
1.161064851277267962e+03	2.559658004953466182e-01	1.621857578811021494e-01	2.525790392953206620e-01	1.515739668820906827e-01	7.227996353794371998e-02	2.965645518013384010e-02	7.575901672792849373e-02
1.163483736384095664e+03	2.556203355857658011e-01	1.619496321773906677e-01	2.528267382258035378e-01	1.517187912698766128e-01	7.233850864288959848e-02	2.969566487109339542e-02	7.585032922704650071e-02
1.165902621490923138e+03	2.552758458595418833e-01	1.617141731869606580e-01	2.530737145706996039e-01	1.518631950561895594e-01	7.239688815145584044e-02	2.973479591826272070e-02	7.594138725675594892e-02
1.168321506597751068e+03	2.549323285531454042e-01	1.614793790242519678e-01	2.533199703851630735e-01	1.520071795659831138e-01	7.245510258995027653e-02	2.977384834671821523e-02	7.603219153465415325e-02
1.170740391704578315e+03	2.545897809110414522e-01	1.612452478089726193e-01	2.535655077185192119e-01	1.521507461193487842e-01	7.251315248274448066e-02	2.981282218275864079e-02	7.612274277648099774e-02
1.173159276811406244e+03	2.542482001856617990e-01	1.610117776660872080e-01	2.538103286142813775e-01	1.522938960315409207e-01	7.257103835228231881e-02	2.985171745389344350e-02	7.621304169611911594e-02
1.175578161918233945e+03	2.539075836373779205e-01	1.607789667258052169e-01	2.540544351101676757e-01	1.524366306130017501e-01	7.262876071908845599e-02	2.989053418883110338e-02	7.630308900559408525e-02
1.177997047025061647e+03	2.535679285344739631e-01	1.605468131235694151e-01	2.542978292381174454e-01	1.525789511693859679e-01	7.268632010177690506e-02	2.992927241746760197e-02	7.639288541507489871e-02
1.180415932131889122e+03	2.532292321531199319e-01	1.603153150000439786e-01	2.545405130243081904e-01	1.527208590015853018e-01	7.274371701705942272e-02	2.996793217087495576e-02	7.648243163287446467e-02
1.182834817238716823e+03	2.528914917773452120e-01	1.600844705011026936e-01	2.547824884891718988e-01	1.528623554057526313e-01	7.280095197975389176e-02	3.000651348128981211e-02	7.657172836545021732e-02
1.185253702345544298e+03	2.525547046990123112e-01	1.598542777778168833e-01	2.550237576474114753e-01	1.530034416733259683e-01	7.285802550279266154e-02	3.004501638210215625e-02	7.666077631740483844e-02
1.187672587452371999e+03	2.522188682177907149e-01	1.596247349864435838e-01	2.552643225080175604e-01	1.531441190910522998e-01	7.291493809723087471e-02	3.008344090784405636e-02	7.674957619148714549e-02
1.190091472559199701e+03	2.518839796411307397e-01	1.593958402884133596e-01	2.555041850742846843e-01	1.532843889410111793e-01	7.297169027225475224e-02	3.012178709417851971e-02	7.683812868859297984e-02
1.192510357666027403e+03	2.515500362842379989e-01	1.591675918503181464e-01	2.557433473438275873e-01	1.534242525006380420e-01	7.302828253518969803e-02	3.016005497788839390e-02	7.692643450776633085e-02
1.194929242772855105e+03	2.512170354700477559e-01	1.589399878438990943e-01	2.559818113085975400e-01	1.535637110427473806e-01	7.308471539150859786e-02	3.019824459686537912e-02	7.701449434620040446e-02
1.197348127879682352e+03	2.508849745291996669e-01	1.587130264460342721e-01	2.562195789548987190e-01	1.537027658355556159e-01	7.314098934483985459e-02	3.023635599009907166e-02	7.710230889923892772e-02
1.199767012986510281e+03	2.505538508000123010e-01	1.584867058387264271e-01	2.564566522634043055e-01	1.538414181427039396e-01	7.319710489697552058e-02	3.027438919766613570e-02	7.718987886037742552e-02
1.202185898093337983e+03	2.502236616284584936e-01	1.582610242090906061e-01	2.566930332091725275e-01	1.539796692232808240e-01	7.325306254787934679e-02	3.031234426071950649e-02	7.727720492126471941e-02
1.204604783200165684e+03	2.498944043681401717e-01	1.580359797493416374e-01	2.569287237616630359e-01	1.541175203318444209e-01	7.330886279569472086e-02	3.035022122147768703e-02	7.736428777170437088e-02
1.207023668306993159e+03	2.495660763802638737e-01	1.578115706567818632e-01	2.571637258847525032e-01	1.542549727184446273e-01	7.336450613675268850e-02	3.038802012321411769e-02	7.745112809965636058e-02
1.209442553413820860e+03	2.492386750336160472e-01	1.575877951337886218e-01	2.573980415367511099e-01	1.543920276286451232e-01	7.341999306557983607e-02	3.042574101024661526e-02	7.753772659123868427e-02
1.211861438520648335e+03	2.489121977045389011e-01	1.573646513878015352e-01	2.576316726704180882e-01	1.545286863035451874e-01	7.347532407490617312e-02	3.046338392792689864e-02	7.762408393072921242e-02
1.214280323627476264e+03	2.485866417769060366e-01	1.571421376313102136e-01	2.578646212329778753e-01	1.546649499798012917e-01	7.353049965567295954e-02	3.050094892263017013e-02	7.771020080056748047e-02
1.216699208734303511e+03	2.482620046420984383e-01	1.569202520818414881e-01	2.580968891661357123e-01	1.548008198896484167e-01	7.358552029704050479e-02	3.053843604174477644e-02	7.779607788135664559e-02
1.219118093841131440e+03	2.479382836989806327e-01	1.566989929619468647e-01	2.583284784060937977e-01	1.549362972609214517e-01	7.364038648639588402e-02	3.057584533366194957e-02	7.788171585186547119e-02
1.221536978947959142e+03	2.476154763538768455e-01	1.564783584991898402e-01	2.585593908835664423e-01	1.550713833170762057e-01	7.369509870936069573e-02	3.061317684776561007e-02	7.796711538903038086e-02
1.223955864054786844e+03	2.472935800205474655e-01	1.562583469261331903e-01	2.587896285237964444e-01	1.552060792772102793e-01	7.374965744979872229e-02	3.065043063442225019e-02	7.805227716795766491e-02
1.226374749161614318e+03	2.469725921201654517e-01	1.560389564803264240e-01	2.590191932465703006e-01	1.553403863560837983e-01	7.380406318982352110e-02	3.068760674497088628e-02	7.813720186192563144e-02
1.228793634268442020e+03	2.466525100812932136e-01	1.558201854042928491e-01	2.592480869662338594e-01	1.554743057641400084e-01	7.385831640980605739e-02	3.072470523171307727e-02	7.822189014238691007e-02
1.231212519375269494e+03	2.463333313398592128e-01	1.556020319455170553e-01	2.594763115917079754e-01	1.556078387075256753e-01	7.391241758838222597e-02	3.076172614790301935e-02	7.830634267897082501e-02
1.233631404482097196e+03	2.460150533391350369e-01	1.553844943564319236e-01	2.597038690265039418e-01	1.557409863881112355e-01	7.396636720246037300e-02	3.079866954773770663e-02	7.839056013948575430e-02
1.236050289588924898e+03	2.456976735297123626e-01	1.551675708944061094e-01	2.599307611687389219e-01	1.558737500035110024e-01	7.402016572722876220e-02	3.083553548634718200e-02	7.847454318992164168e-02
1.238469174695752372e+03	2.453811893694802237e-01	1.549512598217310522e-01	2.601569899111514372e-01	1.560061307471029557e-01	7.407381363616302727e-02	3.087232401978480881e-02	7.855829249445252238e-02
1.240888059802580301e+03	2.450655983236022795e-01	1.547355594056082362e-01	2.603825571411165773e-01	1.561381298080485314e-01	7.412731140103352712e-02	3.090903520501768476e-02	7.864180871543911822e-02
1.243306944909407548e+03	2.447508978644943600e-01	1.545204679181364504e-01	2.606074647406615430e-01	1.562697483713123281e-01	7.418065949191272879e-02	3.094566909991704889e-02	7.872509251343146053e-02
1.245725830016235477e+03	2.444370854718019570e-01	1.543059836362989379e-01	2.608317145864806896e-01	1.564009876176813696e-01	7.423385837718252112e-02	3.098222576324881697e-02	7.880814454717159634e-02
1.248144715123063179e+03	2.441241586323779078e-01	1.540921048419504891e-01	2.610553085499508486e-01	1.565318487237845613e-01	7.428690852354150054e-02	3.101870525466414799e-02	7.889096547359640554e-02
1.250563600229890881e+03	2.438121148402601635e-01	1.538788298218047579e-01	2.612782484971465924e-01	1.566623328621117583e-01	7.433981039601220142e-02	3.105510763469010102e-02	7.897355594784030708e-02
1.252982485336718355e+03	2.435009515966498339e-01	1.536661568674212996e-01	2.615005362888550011e-01	1.567924412010328616e-01	7.439256445794827088e-02	3.109143296472034745e-02	7.905591662323820101e-02
1.255401370443546057e+03	2.431906664098891502e-01	1.534540842751928591e-01	2.617221737805912607e-01	1.569221749048165804e-01	7.444517117104172688e-02	3.112768130700594577e-02	7.913804815132832737e-02
1.257820255550373531e+03	2.428812567954394819e-01	1.532426103463324363e-01	2.619431628226132625e-01	1.570515351336492227e-01	7.449763099532999422e-02	3.116385272464621339e-02	7.921995118185524987e-02
1.260239140657201460e+03	2.425727202758597711e-01	1.530317333868605467e-01	2.621635052599368687e-01	1.571805230436532086e-01	7.454994438920301003e-02	3.119994728157961944e-02	7.930162636277281185e-02
1.262658025764028707e+03	2.422650543807848278e-01	1.528214517075922596e-01	2.623832029323507342e-01	1.573091397869056385e-01	7.460211180941037079e-02	3.123596504257477799e-02	7.938307434024725884e-02
1.265076910870856636e+03	2.419582566469037355e-01	1.526117636241244857e-01	2.626022576744311277e-01	1.574373865114565285e-01	7.465413371106822960e-02	3.127190607322150734e-02	7.946429575866023609e-02
1.267495795977684338e+03	2.416523246179385354e-01	1.524026674568230988e-01	2.628206713155569751e-01	1.575652643613468795e-01	7.470601054766635996e-02	3.130777043992192393e-02	7.954529126061200828e-02
1.269914681084511813e+03	2.413472558446227434e-01	1.521941615308101403e-01	2.630384456799246262e-01	1.576927744766269124e-01	7.475774277107509469e-02	3.134355820988164038e-02	7.962606148692452646e-02
1.272333566191339514e+03	2.410430478846803115e-01	1.519862441759510241e-01	2.632555825865625643e-01	1.578199179933738872e-01	7.480933083155219543e-02	3.137926945110099813e-02	7.970660707664474487e-02
1.274752451298167216e+03	2.407396983028042836e-01	1.517789137268416300e-01	2.634720838493460060e-01	1.579466960437098111e-01	7.486077517774981926e-02	3.141490423236637658e-02	7.978692866704779896e-02
1.277171336404994690e+03	2.404372046706359234e-01	1.515721685227955640e-01	2.636879512770118894e-01	1.580731097558192577e-01	7.491207625672123560e-02	3.145046262324157488e-02	7.986702689364028052e-02
1.279590221511822392e+03	2.401355645667436756e-01	1.513660069078314463e-01	2.639031866731731957e-01	1.581991602539667974e-01	7.496323451392773729e-02	3.148594469405924245e-02	7.994690239016366551e-02
1.282009106618650094e+03	2.398347755766024048e-01	1.511604272306600050e-01	2.641177918363337151e-01	1.583248486585143444e-01	7.501425039324535748e-02	3.152135051591239273e-02	8.002655578859750596e-02
1.284427991725477568e+03	2.395348352925725510e-01	1.509554278446713638e-01	2.643317685599026468e-01	1.584501760859385322e-01	7.506512433697165587e-02	3.155668016064593073e-02	8.010598771916295491e-02
1.286846876832305497e+03	2.392357413138795630e-01	1.507510071079224134e-01	2.645451186322089199e-01	1.585751436488478383e-01	7.511585678583240777e-02	3.159193370084832642e-02	8.018519881032612484e-02
1.289265761939132744e+03	2.389374912465932477e-01	1.505471633831237110e-01	2.647578438365159048e-01	1.586997524559996264e-01	7.516644817898820996e-02	3.162711120984326718e-02	8.026418968880155713e-02
1.291684647045960673e+03	2.386400827036073702e-01	1.503438950376272121e-01	2.649699459510355126e-01	1.588240036123170773e-01	7.521689895404121140e-02	3.166221276168141446e-02	8.034296097955567761e-02
1.294103532152788375e+03	2.383435133046191978e-01	1.501412004434131420e-01	2.651814267489428500e-01	1.589478982189059808e-01	7.526720954704164968e-02	3.169723843113223666e-02	8.042151330581034929e-02
1.296522417259616077e+03	2.380477806761092663e-01	1.499390779770775894e-01	2.653922879983903194e-01	1.590714373730714448e-01	7.531738039249445682e-02	3.173218829367585592e-02	8.049984728904639730e-02
1.298941302366443551e+03	2.377528824513210348e-01	1.497375260198196556e-01	2.656025314625222733e-01	1.591946221683344376e-01	7.536741192336575412e-02	3.176706242549499210e-02	8.057796354900716163e-02
1.301360187473271253e+03	2.374588162702409022e-01	1.495365429574288529e-01	2.658121588994887818e-01	1.593174536944482744e-01	7.541730457108937469e-02	3.180186090346696220e-02	8.065586270370209143e-02
1.303779072580098727e+03	2.371655797795780840e-01	1.493361271802724766e-01	2.660211720624602316e-01	1.594399330374149937e-01	7.546705876557338599e-02	3.183658380515572150e-02	8.073354536941039494e-02
1.306197957686926657e+03	2.368731706327445730e-01	1.491362770832828644e-01	2.662295726996412037e-01	1.595620612795015381e-01	7.551667493520641816e-02	3.187123120880400173e-02	8.081101216068466153e-02
1.308616842793753904e+03	2.365815864898354048e-01	1.489369910659448237e-01	2.664373625542850177e-01	1.596838394992558807e-01	7.556615350686417265e-02	3.190580319332545628e-02	8.088826369035449770e-02
1.311035727900581833e+03	2.362908250176087577e-01	1.487382675322831971e-01	2.666445433647071650e-01	1.598052687715232068e-01	7.561549490591569500e-02	3.194029983829690944e-02	8.096530056953028798e-02
1.313454613007409534e+03	2.360008838894661620e-01	1.485401048908500665e-01	2.668511168643000753e-01	1.599263501674616228e-01	7.566469955622980026e-02	3.197472122395065425e-02	8.104212340760685862e-02
1.315873498114237009e+03	2.357117607854329888e-01	1.483425015547121806e-01	2.670570847815466053e-01	1.600470847545581443e-01	7.571376788018133186e-02	3.200906743116676417e-02	8.111873281226716914e-02
1.318292383221064711e+03	2.354234533921388262e-01	1.481454559414387417e-01	2.672624488400342502e-01	1.601674735966442387e-01	7.576270029865744826e-02	3.204333854146556443e-02	8.119512938948619807e-02
1.320711268327892412e+03	2.351359594027979949e-01	1.479489664730884724e-01	2.674672107584687430e-01	1.602875177539116180e-01	7.581149723106386795e-02	3.207753463700005470e-02	8.127131374353455118e-02
1.323130153434719887e+03	2.348492765171900365e-01	1.477530315761973745e-01	2.676713722506883775e-01	1.604072182829275883e-01	7.586015909533107282e-02	3.211165580054842206e-02	8.134728647698240278e-02
1.325549038541547588e+03	2.345634024416404784e-01	1.475576496817662675e-01	2.678749350256776074e-01	1.605265762366505644e-01	7.590868630792051153e-02	3.214570211550665108e-02	8.142304819070320110e-02
1.327967923648375290e+03	2.342783348890015438e-01	1.473628192252481595e-01	2.680779007875808140e-01	1.606455926644453358e-01	7.595707928383071961e-02	3.217967366588116163e-02	8.149859948387752628e-02
1.330386808755202765e+03	2.339940715786329173e-01	1.471685386465360068e-01	2.682802712357160724e-01	1.607642686120983322e-01	7.600533843660343958e-02	3.221357053628146755e-02	8.157394095399696232e-02
1.332805693862030694e+03	2.337106102363826210e-01	1.469748063899502522e-01	2.684820480645891405e-01	1.608826051218326392e-01	7.605346417832975492e-02	3.224739281191296020e-02	8.164907319686789955e-02
1.335224578968857941e+03	2.334279485945680022e-01	1.467816209042263342e-01	2.686832329639065042e-01	1.610006032323230973e-01	7.610145691965609915e-02	3.228114057856969199e-02	8.172399680661546206e-02
1.337643464075685870e+03	2.331460843919567205e-01	1.465889806425025588e-01	2.688838276185898102e-01	1.611182639787111515e-01	7.614931706979026493e-02	3.231481392262725016e-02	8.179871237568737963e-02
1.340062349182513572e+03	2.328650153737479023e-01	1.463968840623074696e-01	2.690838337087888554e-01	1.612355883926198385e-01	7.619704503650748251e-02	3.234841293103565829e-02	8.187322049485787345e-02
1.342481234289341273e+03	2.325847392915531275e-01	1.462053296255479140e-01	2.692832529098954097e-01	1.613525775021683595e-01	7.624464122615631778e-02	3.238193769131236105e-02	8.194752175323158361e-02
1.344900119396168748e+03	2.323052539033778618e-01	1.460143157984963580e-01	2.694820868925567603e-01	1.614692323319867340e-01	7.629210604366461201e-02	3.241538829153523676e-02	8.202161673824749644e-02
1.347319004502996449e+03	2.320265569736026379e-01	1.458238410517789241e-01	2.696803373226889788e-01	1.615855539032305388e-01	7.633943989254542151e-02	3.244876482033566545e-02	8.209550603568289973e-02
1.349737889609823924e+03	2.317486462729644314e-01	1.456339038603630953e-01	2.698780058614905220e-01	1.617015432335952019e-01	7.638664317490287403e-02	3.248206736689168012e-02	8.216919022965729624e-02
1.352156774716651853e+03	2.314715195785381208e-01	1.454445027035454197e-01	2.700750941654556092e-01	1.618172013373303797e-01	7.643371629143803914e-02	3.251529602092113891e-02	8.224266990263642829e-02
1.354575659823479100e+03	2.311951746737179458e-01	1.452556360649393530e-01	2.702716038863876014e-01	1.619325292252543347e-01	7.648065964145470130e-02	3.254845087267498049e-02	8.231594563543617737e-02
1.356994544930307029e+03	2.309196093481990508e-01	1.450673024324632965e-01	2.704675366714123785e-01	1.620475279047681183e-01	7.652747362286517474e-02	3.258153201293047252e-02	8.238901800722660262e-02
1.359413430037134731e+03	2.306448213979592210e-01	1.448795002983281621e-01	2.706628941629914409e-01	1.621621983798696431e-01	7.657415863219611818e-02	3.261453953298459191e-02	8.246188759553590986e-02
1.361832315143962205e+03	2.303708086252403697e-01	1.446922281590254655e-01	2.708576779989353422e-01	1.622765416511678105e-01	7.662071506459418313e-02	3.264747352464740515e-02	8.253455497625446224e-02
1.364251200250789907e+03	2.300975688385306084e-01	1.445054845153153078e-01	2.710518898124166798e-01	1.623905587158963604e-01	7.666714331383177317e-02	3.268033408023551106e-02	8.260702072363877713e-02
1.366670085357617609e+03	2.298250998525457611e-01	1.443192678722141353e-01	2.712455312319834722e-01	1.625042505679278049e-01	7.671344377231266443e-02	3.271312129256554596e-02	8.267928541031555056e-02
1.369088970464445310e+03	2.295533994882113515e-01	1.441335767389829436e-01	2.714386038815723157e-01	1.626176181977871393e-01	7.675961683107772326e-02	3.274583525494770969e-02	8.275134960728568190e-02
1.371507855571272785e+03	2.292824655726446170e-01	1.439484096291150372e-01	2.716311093805212074e-01	1.627306625926656924e-01	7.680566287981051288e-02	3.277847606117940266e-02	8.282321388392827055e-02
1.373926740678100487e+03	2.290122959391364676e-01	1.437637650603243444e-01	2.718230493435829787e-01	1.628433847364345599e-01	7.685158230684280278e-02	3.281104380553882816e-02	8.289487880800476549e-02
1.376345625784927961e+03	2.287428884271334728e-01	1.435796415545332883e-01	2.720144253809378965e-01	1.629557856096582880e-01	7.689737549916023096e-02	3.284353858277872656e-02	8.296634494566283713e-02
1.378764510891755890e+03	2.284742408822201254e-01	1.433960376378608792e-01	2.722052390982070968e-01	1.630678661896082515e-01	7.694304284240781333e-02	3.287596048812009564e-02	8.303761286144054066e-02
1.381183395998583137e+03	2.282063511561008839e-01	1.432129518406110580e-01	2.723954920964649640e-01	1.631796274502760602e-01	7.698858472089543936e-02	3.290830961724602183e-02	8.310868311827038224e-02
1.383602281105411066e+03	2.279392171065826311e-01	1.430303826972605108e-01	2.725851859722525639e-01	1.632910703623869642e-01	7.703400151760333991e-02	3.294058606629548386e-02	8.317955627748328806e-02
1.386021166212238768e+03	2.276728365975567714e-01	1.428483287464471230e-01	2.727743223175902454e-01	1.634021958934129826e-01	7.707929361418759673e-02	3.297278993185726731e-02	8.325023289881278155e-02
1.388440051319066470e+03	2.274072074989816616e-01	1.426667885309580996e-01	2.729629027199906299e-01	1.635130050075860597e-01	7.712446139098551312e-02	3.300492131096392084e-02	8.332071354039891076e-02
1.390858936425893944e+03	2.271423276868650976e-01	1.424857605977181696e-01	2.731509287624711568e-01	1.636234986659111101e-01	7.716950522702104021e-02	3.303698030108573325e-02	8.339099875879243950e-02
1.393277821532721646e+03	2.268781950432467720e-01	1.423052434977779002e-01	2.733384020235671286e-01	1.637336778261792303e-01	7.721442550001014760e-02	3.306896700012477985e-02	8.346108910895885802e-02
1.395696706639549120e+03	2.266148074561807335e-01	1.421252357863019289e-01	2.735253240773441452e-01	1.638435434429803272e-01	7.725922258636618023e-02	3.310088150640898286e-02	8.353098514428247690e-02
1.398115591746377049e+03	2.263521628197181779e-01	1.419457360225573894e-01	2.737116964934110386e-01	1.639530964677162472e-01	7.730389686120518744e-02	3.313272391868626876e-02	8.360068741657049329e-02
1.400534476853204296e+03	2.260902590338898510e-01	1.417667427699021709e-01	2.738975208369323622e-01	1.640623378486133765e-01	7.734844869835118264e-02	3.316449433611875358e-02	8.367019647605707100e-02
1.402953361960032225e+03	2.258290940046890072e-01	1.415882545957733996e-01	2.740827986686410478e-01	1.641712685307354369e-01	7.739287847034144463e-02	3.319619285827696276e-02	8.373951287140744826e-02
1.405372247066859927e+03	2.255686656440540061e-01	1.414102700716756977e-01	2.742675315448510620e-01	1.642798894559961420e-01	7.743718654843176341e-02	3.322781958513407186e-02	8.380863714972197620e-02
1.407791132173687402e+03	2.253089718698511879e-01	1.412327877731697767e-01	2.744517210174698407e-01	1.643882015631717430e-01	7.748137330260163047e-02	3.325937461706027914e-02	8.387756985654024056e-02
1.410210017280515103e+03	2.250500106058578031e-01	1.410558062798608625e-01	2.746353686340107791e-01	1.644962057879135464e-01	7.752543910155947071e-02	3.329085805481712956e-02	8.394631153584511396e-02
1.412628902387342805e+03	2.247917797817449437e-01	1.408793241753871495e-01	2.748184759376057218e-01	1.646039030627603206e-01	7.756938431274777723e-02	3.332226999955192892e-02	8.401486273006686378e-02
1.415047787494170507e+03	2.245342773330604447e-01	1.407033400474084761e-01	2.750010444670174525e-01	1.647112943171506472e-01	7.761320930234827387e-02	3.335361055279222747e-02	8.408322398008724607e-02
1.417466672600997981e+03	2.242775012012120095e-01	1.405278524875946400e-01	2.751830757566519625e-01	1.648183804774353001e-01	7.765691443528702220e-02	3.338487981644027575e-02	8.415139582524354400e-02
1.419885557707825683e+03	2.240214493334502788e-01	1.403528600916142122e-01	2.753645713365709957e-01	1.649251624668894578e-01	7.770050007523951474e-02	3.341607789276760526e-02	8.421937880333268955e-02
1.422304442814653157e+03	2.237661196828520660e-01	1.401783614591230742e-01	2.755455327325042614e-01	1.650316412057247495e-01	7.774396658463572640e-02	3.344720488440958844e-02	8.428717345061532973e-02
1.424723327921481086e+03	2.235115102083033989e-01	1.400043551937530661e-01	2.757259614658616464e-01	1.651378176111014950e-01	7.778731432466520768e-02	3.347826089436006791e-02	8.435478030181992048e-02
1.427142213028308333e+03	2.232576188744829493e-01	1.398308399031006621e-01	2.759058590537455391e-01	1.652436925971407233e-01	7.783054365528205287e-02	3.350924602596605517e-02	8.442219989014680681e-02
1.429561098135136262e+03	2.230044436518452688e-01	1.396578141987156740e-01	2.760852270089632077e-01	1.653492670749359961e-01	7.787365493520989612e-02	3.354016038292243623e-02	8.448943274727228891e-02
1.431979983241963964e+03	2.227519825166041634e-01	1.394852766960900381e-01	2.762640668400386801e-01	1.654545419525654815e-01	7.791664852194692126e-02	3.357100406926672581e-02	8.455647940335271617e-02
1.434398868348791666e+03	2.225002334507161228e-01	1.393132260146466295e-01	2.764423800512250673e-01	1.655595181351037504e-01	7.795952477177076068e-02	3.360177718937386315e-02	8.462334038702853944e-02
1.436817753455619140e+03	2.222491944418637788e-01	1.391416607777278547e-01	2.766201681425167203e-01	1.656641965246334613e-01	7.800228403974344971e-02	3.363247984795109807e-02	8.469001622542840502e-02
1.439236638562446842e+03	2.219988634834393626e-01	1.389705796125846049e-01	2.767974326096612758e-01	1.657685780202572123e-01	7.804492667971629771e-02	3.366311215003281454e-02	8.475650744417322080e-02
1.441655523669274316e+03	2.217492385745284955e-01	1.387999811503652925e-01	2.769741749441714807e-01	1.658726635181090869e-01	7.808745304433477308e-02	3.369367420097550692e-02	8.482281456738020864e-02
1.444074408776102018e+03	2.215003177198935080e-01	1.386298640261044712e-01	2.771503966333375146e-01	1.659764539113662285e-01	7.812986348504337430e-02	3.372416610645272844e-02	8.488893811766698438e-02
1.446493293882929493e+03	2.212520989299574525e-01	1.384602268787118173e-01	2.773260991602388148e-01	1.660799500902605252e-01	7.817215835209041785e-02	3.375458797245012299e-02	8.495487861615562408e-02
1.448912178989757422e+03	2.210045802207875609e-01	1.382910683509612493e-01	2.775012840037560102e-01	1.661831529420899345e-01	7.821433799453286762e-02	3.378493990526046375e-02	8.502063658247670241e-02
1.451331064096585123e+03	2.207577596140791187e-01	1.381223870894796868e-01	2.776759526385828569e-01	1.662860633512298902e-01	7.825640276024112274e-02	3.381522201147872664e-02	8.508621253477335888e-02
1.453749949203412370e+03	2.205116351371393113e-01	1.379541817447361984e-01	2.778501065352381727e-01	1.663886821991447384e-01	7.829835299590370834e-02	3.384543439799727466e-02	8.515160698970536401e-02
1.456168834310240300e+03	2.202662048228710701e-01	1.377864509710310104e-01	2.780237471600774946e-01	1.664910103643989503e-01	7.834018904703211883e-02	3.387557717200096602e-02	8.521682046245311615e-02
1.458587719417068001e+03	2.200214667097570853e-01	1.376191934264845429e-01	2.781968759753050691e-01	1.665930487226684464e-01	7.838191125796545311e-02	3.390565044096240793e-02	8.528185346672174927e-02
1.461006604523895703e+03	2.197774188418436525e-01	1.374524077730265303e-01	2.783694944389855097e-01	1.666947981467516160e-01	7.842351997187510526e-02	3.393565431263722426e-02	8.534670651474514369e-02
1.463425489630723177e+03	2.195340592687247683e-01	1.372860926763851686e-01	2.785416040050555653e-01	1.667962595065805298e-01	7.846501553076945523e-02	3.396558889505930934e-02	8.541138011728990898e-02
1.465844374737550879e+03	2.192913860455262265e-01	1.371202468060762902e-01	2.787132061233358882e-01	1.668974336692320981e-01	7.850639827549850402e-02	3.399545429653616502e-02	8.547587478365951952e-02
1.468263259844378354e+03	2.190493972328897421e-01	1.369548688353925125e-01	2.788843022395426363e-01	1.669983214989388398e-01	7.854766854575848112e-02	3.402525062564430020e-02	8.554019102169825584e-02
1.470682144951206283e+03	2.188080908969569915e-01	1.367899574413924679e-01	2.790548937952989639e-01	1.670989238571000401e-01	7.858882668009650740e-02	3.405497799122458868e-02	8.560432933779521525e-02
1.473101030058033530e+03	2.185674651093540977e-01	1.366255113048900072e-01	2.792249822281470117e-01	1.671992416022925199e-01	7.862987301591504996e-02	3.408463650237776588e-02	8.566829023688840583e-02
1.475519915164861459e+03	2.183275179471755589e-01	1.364615291104435690e-01	2.793945689715590097e-01	1.672992755902814599e-01	7.867080788947655723e-02	3.411422626845987682e-02	8.573207422246870157e-02
1.477938800271689161e+03	2.180882474929689840e-01	1.362980095463454666e-01	2.795636554549492669e-01	1.673990266740312816e-01	7.871163163590803868e-02	3.414374739907781453e-02	8.579568179658383920e-02
1.480357685378516862e+03	2.178496518347190214e-01	1.361349513046112569e-01	2.797322431036852741e-01	1.674984957037162769e-01	7.875234458920546410e-02	3.417320000408488601e-02	8.585911345984244269e-02
1.482776570485344337e+03	2.176117290658321213e-01	1.359723530809689163e-01	2.799003333390994719e-01	1.675976835267313780e-01	7.879294708223834320e-02	3.420258419357638524e-02	8.592236971141799240e-02
