1.001418434226643626e+03	2.810643214101671838e-01	1.793252958254330509e-01	2.345337062212543011e-01	1.410426680330285065e-01	6.799704019700825164e-02	2.690313361663139100e-02	6.913383469634520884e-02
1.002869765290740247e+03	2.808143037475446802e-01	1.791544417472147877e-01	2.347139802938196795e-01	1.411483753364781435e-01	6.803921565550416495e-02	2.692982487927169169e-02	6.919985834003469782e-02
1.004321096354836754e+03	2.805647104749575127e-01	1.789838772853279969e-01	2.348939399642213932e-01	1.412538951038869728e-01	6.808131706094389113e-02	2.695648814602009946e-02	6.926577196451000340e-02
1.005772427418933376e+03	2.803155408623373979e-01	1.788136019529412424e-01	2.350735857694619402e-01	1.413592277064924796e-01	6.812334456546716155e-02	2.698312339752434105e-02	6.933157574564334513e-02
1.007223758483029997e+03	2.800667941810273676e-01	1.786436152639236108e-01	2.352529182456217227e-01	1.414643735145681980e-01	6.816529832083317864e-02	2.700973061473114709e-02	6.939726985916280788e-02
1.008675089547126618e+03	2.798184697037759405e-01	1.784739167328461551e-01	2.354319379278606017e-01	1.415693328974282350e-01	6.820717847842179549e-02	2.703630977888478795e-02	6.946285448065048218e-02
1.010126420611223239e+03	2.795705667047317933e-01	1.783045058749836154e-01	2.356106453504198117e-01	1.416741062234317949e-01	6.824898518923469548e-02	2.706286087152561665e-02	6.952832978554074339e-02
1.011577751675319632e+03	2.793230844594379869e-01	1.781353822063155012e-01	2.357890410466235154e-01	1.417786938599875091e-01	6.829071860389657189e-02	2.708938387448861507e-02	6.959369594911843371e-02
1.013029082739416367e+03	2.790760222448266381e-01	1.779665452435277295e-01	2.359671255488805797e-01	1.418830961735577934e-01	6.833237887265630750e-02	2.711587876990194726e-02	6.965895314651715520e-02
1.014480413803512761e+03	2.788293793392135900e-01	1.777979945040138454e-01	2.361448993886863801e-01	1.419873135296631506e-01	6.837396614538814033e-02	2.714234554018551265e-02	6.972410155271756282e-02
1.015931744867609382e+03	2.785831550222930275e-01	1.776297295058762715e-01	2.363223630966243827e-01	1.420913462928865278e-01	6.841548057159281548e-02	2.716878416804950278e-02	6.978914134254571300e-02
1.017383075931706003e+03	2.783373485751323151e-01	1.774617497679275013e-01	2.364995172023678371e-01	1.421951948268775634e-01	6.845692230039873705e-02	2.719519463649297183e-02	6.985407269067135660e-02
1.018834406995802851e+03	2.780919592801666118e-01	1.772940548096913482e-01	2.366763622346816087e-01	1.422988594943567775e-01	6.849829148056314765e-02	2.722157692880240731e-02	6.991889577160638469e-02
1.020285738059899245e+03	2.778469864211942086e-01	1.771266441514039169e-01	2.368528987214236770e-01	1.424023406571197636e-01	6.853958826047328035e-02	2.724793102855028668e-02	6.998361075970319090e-02
1.021737069123995752e+03	2.776024292833710327e-01	1.769595173140148248e-01	2.370291271895469676e-01	1.425056386760412686e-01	6.858081278814744108e-02	2.727425691959367224e-02	7.004821782915314488e-02
1.023188400188092373e+03	2.773582871532059846e-01	1.767926738191879787e-01	2.372050481651009901e-01	1.426087539110794389e-01	6.862196521123621606e-02	2.730055458607278870e-02	7.011271715398503801e-02
1.024639731252188767e+03	2.771145593185556644e-01	1.766261131893027692e-01	2.373806621732334754e-01	1.427116867212797346e-01	6.866304567702359585e-02	2.732682401240960762e-02	7.017710890806355684e-02
1.026091062316285615e+03	2.768712450686199866e-01	1.764598349474548744e-01	2.375559697381920687e-01	1.428144374647791481e-01	6.870405433242805782e-02	2.735306518330643533e-02	7.024139326508781200e-02
1.027542393380382237e+03	2.766283436939371287e-01	1.762938386174570937e-01	2.377309713833260230e-01	1.429170064988100619e-01	6.874499132400374579e-02	2.737927808374450780e-02	7.030557039858988111e-02
1.028993724444478858e+03	2.763858544863785904e-01	1.761281237238402353e-01	2.379056676310877527e-01	1.430193941797042734e-01	6.878585679794159413e-02	2.740546269898259946e-02	7.036964048193336541e-02
1.030445055508575479e+03	2.761437767391448639e-01	1.759626897918539212e-01	2.380800590030345831e-01	1.431216008628970193e-01	6.882665090007041020e-02	2.743161901455561796e-02	7.043360368831200202e-02
1.031896386572671872e+03	2.759021097467606598e-01	1.757975363474672259e-01	2.382541460198303596e-01	1.432236269029307230e-01	6.886737377585799846e-02	2.745774701627321998e-02	7.049746019074824843e-02
1.033347717636768493e+03	2.756608528050702445e-01	1.756326629173694531e-01	2.384279292012470852e-01	1.433254726534590184e-01	6.890802557041228460e-02	2.748384669021841989e-02	7.056121016209190855e-02
1.034799048700865114e+03	2.754200052112331654e-01	1.754680690289707745e-01	2.386014090661665865e-01	1.434271384672504701e-01	6.894860642848239796e-02	2.750991802274620895e-02	7.062485377501884209e-02
1.036250379764961508e+03	2.751795662637195328e-01	1.753037542104028401e-01	2.387745861325820396e-01	1.435286246961924861e-01	6.898911649445978178e-02	2.753596100048217796e-02	7.068839120202966009e-02
1.037701710829058356e+03	2.749395352623056343e-01	1.751397179905193335e-01	2.389474609175997466e-01	1.436299316912950652e-01	6.902955591237927568e-02	2.756197561032113288e-02	7.075182261544836482e-02
1.039153041893154750e+03	2.746999115080696607e-01	1.749759598988965825e-01	2.391200339374406347e-01	1.437310598026945718e-01	6.906992482592026750e-02	2.758796183942574878e-02	7.081514818742111472e-02
1.040604372957251599e+03	2.744606943033874313e-01	1.748124794658340031e-01	2.392923057074419491e-01	1.438320093796574273e-01	6.911022337840769247e-02	2.761391967522519239e-02	7.087836808991500315e-02
1.042055704021347992e+03	2.742218829519278978e-01	1.746492762223545436e-01	2.394642767420587515e-01	1.439327807705837459e-01	6.915045171281318515e-02	2.763984910541375517e-02	7.094148249471679546e-02
1.043507035085444613e+03	2.739834767586492026e-01	1.744863497002051844e-01	2.396359475548657247e-01	1.440333743230111097e-01	6.919060997175612016e-02	2.766575011794951411e-02	7.100449157343177720e-02
1.044958366149541234e+03	2.737454750297944051e-01	1.743236994318573263e-01	2.398073186585585603e-01	1.441337903836181489e-01	6.923069829750470860e-02	2.769162270105296822e-02	7.106739549748253282e-02
1.046409697213637855e+03	2.735078770728872066e-01	1.741613249505069849e-01	2.399783905649557070e-01	1.442340292982281502e-01	6.927071683197706664e-02	2.771746684320570628e-02	7.113019443810780773e-02
1.047861028277734476e+03	2.732706821967281208e-01	1.739992257900753736e-01	2.401491637849998417e-01	1.443340914118125817e-01	6.931066571674227017e-02	2.774328253314905027e-02	7.119288856636138418e-02
1.049312359341831097e+03	2.730338897113901986e-01	1.738374014852090421e-01	2.403196388287595631e-01	1.444339770684947566e-01	6.935054509302143733e-02	2.776906975988272658e-02	7.125547805311091554e-02
1.050763690405927491e+03	2.727974989282151985e-01	1.736758515712801543e-01	2.404898162054308897e-01	1.445336866115532193e-01	6.939035510168875542e-02	2.779482851266353027e-02	7.131796306903688543e-02
1.052215021470024112e+03	2.725615091598095896e-01	1.735145755843867654e-01	2.406596964233389258e-01	1.446332203834253260e-01	6.943009588327256343e-02	2.782055878100400323e-02	7.138034378463149754e-02
1.053666352534120733e+03	2.723259197200405546e-01	1.733535730613529890e-01	2.408292799899393322e-01	1.447325787257106311e-01	6.946976757795640667e-02	2.784626055467110534e-02	7.144262037019764866e-02
1.055117683598217127e+03	2.720907299240323263e-01	1.731928435397291910e-01	2.409985674118199916e-01	1.448317619791744393e-01	6.950937032558006379e-02	2.787193382368489611e-02	7.150479299584788784e-02
1.056569014662313975e+03	2.718559390881620796e-01	1.730323865577919895e-01	2.411675591947024522e-01	1.449307704837510813e-01	6.954890426564060146e-02	2.789757857831721977e-02	7.156686183150337555e-02
1.058020345726410369e+03	2.716215465300563237e-01	1.728722016545446716e-01	2.413362558434436478e-01	1.450296045785474386e-01	6.958836953729341523e-02	2.792319480909040766e-02	7.162882704689291224e-02
1.059471676790506763e+03	2.713875515685872375e-01	1.727122883697169708e-01	2.415046578620373141e-01	1.451282646018461353e-01	6.962776627935324258e-02	2.794878250677595641e-02	7.169068881155196693e-02
1.060923007854603611e+03	2.711539535238687848e-01	1.725526462437652897e-01	2.416727657536156260e-01	1.452267508911090077e-01	6.966709463029525928e-02	2.797434166239323380e-02	7.175244729482170569e-02
1.062374338918700232e+03	2.709207517172529389e-01	1.723932748178726437e-01	2.418405800204507516e-01	1.453250637829803238e-01	6.970635472825600920e-02	2.799987226720819164e-02	7.181410266584802027e-02
1.063825669982796853e+03	2.706879454713265742e-01	1.722341736339487728e-01	2.420081011639562130e-01	1.454232036132901418e-01	6.974554671103448678e-02	2.802537431273205773e-02	7.187565509358066762e-02
1.065277001046893474e+03	2.704555341099071364e-01	1.720753422346300299e-01	2.421753296846887449e-01	1.455211707170574464e-01	6.978467071609319172e-02	2.805084779072005916e-02	7.193710474677235400e-02
1.066728332110990095e+03	2.702235169580395890e-01	1.719167801632793258e-01	2.423422660823496000e-01	1.456189654284935353e-01	6.982372688055904497e-02	2.807629269317014897e-02	7.199845179397776351e-02
1.068179663175086489e+03	2.699918933419927503e-01	1.717584869639860734e-01	2.425089108557860751e-01	1.457165880810051273e-01	6.986271534122451277e-02	2.810170901232171212e-02	7.205969640355283645e-02
1.069630994239183110e+03	2.697606625892556287e-01	1.716004621815661879e-01	2.426752645029931488e-01	1.458140390071974990e-01	6.990163623454852260e-02	2.812709674065429211e-02	7.212083874365381175e-02
1.071082325303279504e+03	2.695298240285343705e-01	1.714427053615618091e-01	2.428413275211149247e-01	1.459113185388777600e-01	6.994048969665753179e-02	2.815245587088634552e-02	7.218187898223638044e-02
1.072533656367376352e+03	2.692993769897483736e-01	1.712852160502412457e-01	2.430071004064462414e-01	1.460084270070579338e-01	6.997927586334647121e-02	2.817778639597395135e-02	7.224281728705496397e-02
1.073984987431472746e+03	2.690693208040271234e-01	1.711279937945987539e-01	2.431725836544340880e-01	1.461053647419579826e-01	7.001799487007982770e-02	2.820308830910956896e-02	7.230365382566182608e-02
1.075436318495569594e+03	2.688396548037068068e-01	1.709710381423544812e-01	2.433377777596791580e-01	1.462021320730090834e-01	7.005664685199254615e-02	2.822836160372077172e-02	7.236438876540632337e-02
1.076887649559666215e+03	2.686103783223269259e-01	1.708143486419541890e-01	2.435026832159373766e-01	1.462987293288565416e-01	7.009523194389105649e-02	2.825360627346900494e-02	7.242502227343412813e-02
1.078338980623762609e+03	2.683814906946270784e-01	1.706579248425688644e-01	2.436673005161212879e-01	1.463951568373628442e-01	7.013375028025428670e-02	2.827882231224834383e-02	7.248555451668650673e-02
1.079790311687859230e+03	2.681529912565436269e-01	1.705017662940946921e-01	2.438316301523017759e-01	1.464914149256107689e-01	7.017220199523462043e-02	2.830400971418423756e-02	7.254598566189951470e-02
1.081241642751955851e+03	2.679248793452064792e-01	1.703458725471527213e-01	2.439956726157093414e-01	1.465875039199062702e-01	7.021058722265885454e-02	2.832916847363228449e-02	7.260631587560334443e-02
1.082692973816052472e+03	2.676971542989358688e-01	1.701902431530884774e-01	2.441594283967357115e-01	1.466834241457815879e-01	7.024890609602919833e-02	2.835429858517700061e-02	7.266654532412156198e-02
1.084144304880149093e+03	2.674698154572389686e-01	1.700348776639717951e-01	2.443228979849353111e-01	1.467791759279980235e-01	7.028715874852427270e-02	2.837940004363058086e-02	7.272667417357044084e-02
1.085595635944245487e+03	2.672428621608072263e-01	1.698797756325963748e-01	2.444860818690267334e-01	1.468747595905490477e-01	7.032534531300003999e-02	2.840447284403169181e-02	7.278670258985833752e-02
1.087046967008342108e+03	2.670162937515126456e-01	1.697249366124795045e-01	2.446489805368942394e-01	1.469701754566631324e-01	7.036346592199077543e-02	2.842951698164424695e-02	7.284663073868495597e-02
1.088498298072438729e+03	2.667901095724051763e-01	1.695703601578616992e-01	2.448115944755892004e-01	1.470654238488066090e-01	7.040152070771002468e-02	2.845453245195618541e-02	7.290645878554068149e-02
1.089949629136535123e+03	2.665643089677093291e-01	1.694160458237062017e-01	2.449739241713315696e-01	1.471605050886866106e-01	7.043950980205157530e-02	2.847951925067827156e-02	7.296618689570603944e-02
1.091400960200631971e+03	2.663388912828211774e-01	1.692619931656987875e-01	2.451359701095114363e-01	1.472554194972538477e-01	7.047743333659041431e-02	2.850447737374288415e-02	7.302581523425102916e-02
1.092852291264728365e+03	2.661138558643055263e-01	1.691082017402471549e-01	2.452977327746903580e-01	1.473501673947055501e-01	7.051529144258365800e-02	2.852940681730282979e-02	7.308534396603447170e-02
1.094303622328825213e+03	2.658892020598926376e-01	1.689546711044806471e-01	2.454592126506029981e-01	1.474447491004881317e-01	7.055308425097153724e-02	2.855430757773012515e-02	7.314477325570349631e-02
1.095754953392921607e+03	2.656649292184754541e-01	1.688014008162496138e-01	2.456204102201584305e-01	1.475391649333000488e-01	7.059081189237828569e-02	2.857917965161482082e-02	7.320410326769292986e-02
1.097206284457018228e+03	2.654410366901064910e-01	1.686483904341251616e-01	2.457813259654416382e-01	1.476334152110946318e-01	7.062847449711313896e-02	2.860402303576381478e-02	7.326333416622470007e-02
1.098657615521114849e+03	2.652175238259951162e-01	1.684956395173985433e-01	2.459419603677149846e-01	1.477275002510827495e-01	7.066607219517122285e-02	2.862883772719966580e-02	7.332246611530734981e-02
1.100108946585211470e+03	2.649943899785043855e-01	1.683431476260806858e-01	2.461023139074196564e-01	1.478214203697355289e-01	7.070360511623452471e-02	2.865362372315941389e-02	7.338149927873544032e-02
1.101560277649308091e+03	2.647716345011483785e-01	1.681909143209017188e-01	2.462623870641771628e-01	1.479151758827871588e-01	7.074107338967279557e-02	2.867838102109340759e-02	7.344043382008905163e-02
1.103011608713404712e+03	2.645492567485892565e-01	1.680389391633104190e-01	2.464221803167906677e-01	1.480087671052374987e-01	7.077847714454449379e-02	2.870310961866414518e-02	7.349926990273326910e-02
1.104462939777501106e+03	2.643272560766343759e-01	1.678872217154736002e-01	2.465816941432465437e-01	1.481021943513547712e-01	7.081581650959771490e-02	2.872780951374509506e-02	7.355800768981765603e-02
1.105914270841597499e+03	2.641056318422335680e-01	1.677357615402757796e-01	2.467409290207156769e-01	1.481954579346782541e-01	7.085309161327106586e-02	2.875248070441954393e-02	7.361664734427582346e-02
1.107365601905694348e+03	2.638843834034763636e-01	1.675845582013183177e-01	2.468998854255550490e-01	1.482885581680209452e-01	7.089030258369466431e-02	2.877712318897944835e-02	7.367518902882488896e-02
1.108816932969790741e+03	2.636635101195892172e-01	1.674336112629191131e-01	2.470585638333090694e-01	1.483814953634720324e-01	7.092744954869099894e-02	2.880173696592426905e-02	7.373363290596503250e-02
1.110268264033887590e+03	2.634430113509324545e-01	1.672829202901118806e-01	2.472169647187109909e-01	1.484742698323996690e-01	7.096453263577581771e-02	2.882632203395982945e-02	7.379197913797908015e-02
1.111719595097984211e+03	2.632228864589979955e-01	1.671324848486455406e-01	2.473750885556844636e-01	1.485668818854534445e-01	7.100155197215908542e-02	2.885087839199718118e-02	7.385022788693199058e-02
1.113170926162080832e+03	2.630031348064064689e-01	1.669823045049836086e-01	2.475329358173447569e-01	1.486593318325670765e-01	7.103850768474587185e-02	2.887540603915146262e-02	7.390837931467049426e-02
1.114622257226177226e+03	2.627837557569043803e-01	1.668323788263036400e-01	2.476905069760003131e-01	1.487516199829607699e-01	7.107539990013725384e-02	2.889990497474076089e-02	7.396643358282263547e-02
1.116073588290273847e+03	2.625647486753616144e-01	1.666827073804965365e-01	2.478478025031541632e-01	1.488437466451438818e-01	7.111222874463118959e-02	2.892437519828498088e-02	7.402439085279736986e-02
1.117524919354370468e+03	2.623461129277687154e-01	1.665332897361659070e-01	2.480048228695052870e-01	1.489357121269174467e-01	7.114899434422343460e-02	2.894881670950473843e-02	7.408225128578418972e-02
1.118976250418467089e+03	2.621278478812342771e-01	1.663841254626273747e-01	2.481615685449500008e-01	1.490275167353766750e-01	7.118569682460841597e-02	2.897322950832021890e-02	7.414001504275270771e-02
1.120427581482563710e+03	2.619099529039823904e-01	1.662352141299079378e-01	2.483180399985834008e-01	1.491191607769133121e-01	7.122233631118017605e-02	2.899761359485007739e-02	7.419768228445228209e-02
1.121878912546660331e+03	2.616924273653499222e-01	1.660865553087453872e-01	2.484742376987008339e-01	1.492106445572183027e-01	7.125891292903317742e-02	2.902196896941031459e-02	7.425525317141166981e-02
1.123330243610756725e+03	2.614752706357838519e-01	1.659381485705874182e-01	2.486301621127991468e-01	1.493019683812840392e-01	7.129542680296324653e-02	2.904629563251318394e-02	7.431272786393867957e-02
1.124781574674853118e+03	2.612584820868391056e-01	1.657899934875910752e-01	2.487858137075781573e-01	1.493931325534069432e-01	7.133187805746839250e-02	2.907059358486607445e-02	7.437010652211979711e-02
1.126232905738949967e+03	2.610420610911756145e-01	1.656420896326220027e-01	2.489411929489420694e-01	1.494841373771898796e-01	7.136826681674977857e-02	2.909486282737043170e-02	7.442738930581986601e-02
1.127684236803046360e+03	2.608260070225558724e-01	1.654944365792536953e-01	2.490963003020008060e-01	1.495749831555444331e-01	7.140459320471247151e-02	2.911910336112063721e-02	7.448457637468178238e-02
1.129135567867143209e+03	2.606103192558426040e-01	1.653470339017668322e-01	2.492511362310714518e-01	1.496656701906933784e-01	7.144085734496641305e-02	2.914331518740295029e-02	7.454166788812610633e-02
1.130586898931239830e+03	2.603949971669961561e-01	1.651998811751484442e-01	2.494057011996796414e-01	1.497561987841730669e-01	7.147705936082721090e-02	2.916749830769440124e-02	7.459866400535089537e-02
1.132038229995336451e+03	2.601800401330718326e-01	1.650529779750913306e-01	2.495599956705608358e-01	1.498465692368357860e-01	7.151319937531708248e-02	2.919165272366170891e-02	7.465556488533126034e-02
1.133489561059432845e+03	2.599654475322178415e-01	1.649063238779930884e-01	2.497140201056618214e-01	1.499367818488520354e-01	7.154927751116563206e-02	2.921577843716022943e-02	7.471237068681915727e-02
1.134940892123529466e+03	2.597512187436726294e-01	1.647599184609555290e-01	2.498677749661420144e-01	1.500268369197129692e-01	7.158529389081076666e-02	2.923987545023285298e-02	7.476908156834310981e-02
1.136392223187626087e+03	2.595373531477622731e-01	1.646137613017837897e-01	2.500212607123748487e-01	1.501167347482325609e-01	7.162124863639952876e-02	2.926394376510895942e-02	7.482569768820791778e-02
1.137843554251722708e+03	2.593238501258982587e-01	1.644678519789856685e-01	2.501744778039491912e-01	1.502064756325500461e-01	7.165714186978897060e-02	2.928798338420333588e-02	7.488221920449442126e-02
1.139294885315819101e+03	2.591107090605752616e-01	1.643221900717707351e-01	2.503274266996706188e-01	1.502960598701320316e-01	7.169297371254691742e-02	2.931199431011513243e-02	7.493864627505922305e-02
1.140746216379915950e+03	2.588979293353682598e-01	1.641767751600495540e-01	2.504801078575628615e-01	1.503854877577750215e-01	7.172874428595292506e-02	2.933597654562680387e-02	7.499497905753446658e-02
1.142197547444012343e+03	2.586855103349307017e-01	1.640316068244329628e-01	2.506325217348690515e-01	1.504747595916073877e-01	7.176445371099905712e-02	2.935993009370306203e-02	7.505121770932761394e-02
1.143648878508108737e+03	2.584734514449919529e-01	1.638866846462311844e-01	2.507846687880532222e-01	1.505638756670917844e-01	7.180010210839074536e-02	2.938385495748981752e-02	7.510736238762118211e-02
1.145100209572205586e+03	2.582617520523546317e-01	1.637420082074530214e-01	2.509365494728016399e-01	1.506528362790272857e-01	7.183568959854760849e-02	2.940775114031314585e-02	7.516341324937254875e-02
1.146551540636302207e+03	2.580504115448927771e-01	1.635975770908049687e-01	2.510881642440239703e-01	1.507416417215517168e-01	7.187121630160431263e-02	2.943161864567825706e-02	7.521937045131381339e-02
1.148002871700398828e+03	2.578394293115493507e-01	1.634533908796906299e-01	2.512395135558549430e-01	1.508302922881437358e-01	7.190668233741136228e-02	2.945545747726844438e-02	7.527523414995143658e-02
1.149454202764495449e+03	2.576288047423336836e-01	1.633094491582095797e-01	2.513905978616554071e-01	1.509187882716250539e-01	7.194208782553597470e-02	2.947926763894407123e-02	7.533100450156621219e-02
1.150905533828591842e+03	2.574185372283195883e-01	1.631657515111566703e-01	2.515414176140137181e-01	1.510071299641626563e-01	7.197743288526287087e-02	2.950304913474153731e-02	7.538668166221298983e-02
1.152356864892688463e+03	2.572086261616428615e-01	1.630222975240211980e-01	2.516919732647472374e-01	1.510953176572708556e-01	7.201271763559508043e-02	2.952680196887226202e-02	7.544226578772052216e-02
1.153808195956785084e+03	2.569990709354990077e-01	1.628790867829859879e-01	2.518422652649036086e-01	1.511833516418135681e-01	7.204794219525482990e-02	2.955052614572165753e-02	7.549775703369131230e-02
1.155259527020881706e+03	2.567898709441410188e-01	1.627361188749265886e-01	2.519922940647620901e-01	1.512712322080063121e-01	7.208310668268430588e-02	2.957422166984813652e-02	7.555315555550144724e-02
1.156710858084978327e+03	2.565810255828773201e-01	1.625933933874103843e-01	2.521420601138347761e-01	1.513589596454184560e-01	7.211821121604646001e-02	2.959788854598208521e-02	7.560846150830043133e-02
1.158162189149074720e+03	2.563725342480691616e-01	1.624509099086957342e-01	2.522915638608680400e-01	1.514465342429752170e-01	7.215325591322585552e-02	2.962152677902486764e-02	7.566367504701104751e-02
1.159613520213171569e+03	2.561643963371286747e-01	1.623086680277310845e-01	2.524408057538438110e-01	1.515339562889598257e-01	7.218824089182944437e-02	2.964513637404781951e-02	7.571879632632924628e-02
1.161064851277267962e+03	2.559566112485166522e-01	1.621666673341540799e-01	2.525897862399810179e-01	1.516212260710155801e-01	7.222316626918738602e-02	2.966871733629125943e-02	7.577382550072393752e-02
1.162516182341364356e+03	2.557491783817403830e-01	1.620249074182907034e-01	2.527385057657366429e-01	1.517083438761479275e-01	7.225803216235386628e-02	2.969226967116349661e-02	7.582876272443694887e-02
1.163967513405461204e+03	2.555420971373512651e-01	1.618833878711543883e-01	2.528869647768072770e-01	1.517953099907265180e-01	7.229283868810784663e-02	2.971579338423983516e-02	7.588360815148290084e-02
1.165418844469557826e+03	2.553353669169428075e-01	1.617421082844450742e-01	2.530351637181304514e-01	1.518821247004871755e-01	7.232758596295389697e-02	2.973928848126159916e-02	7.593836193564902637e-02
1.166870175533654447e+03	2.551289871231485207e-01	1.616010682505483464e-01	2.531831030338857480e-01	1.519687882905340903e-01	7.236227410312298658e-02	2.976275496813515081e-02	7.599302423049515698e-02
1.168321506597751068e+03	2.549229571596397514e-01	1.614602673625345208e-01	2.533307831674962984e-01	1.520553010453417897e-01	7.239690322457328908e-02	2.978619285093091554e-02	7.604759518935355622e-02
1.169772837661847461e+03	2.547172764311231852e-01	1.613197052141577548e-01	2.534782045616300605e-01	1.521416632487569698e-01	7.243147344299091794e-02	2.980960213588240357e-02	7.610207496532886418e-02
1.171224168725944082e+03	2.545119443433392914e-01	1.611793813998551317e-01	2.536253676582009842e-01	1.522278751840007438e-01	7.246598487379080078e-02	2.983298282938525586e-02	7.615646371129802805e-02
1.172675499790040703e+03	2.543069603030598258e-01	1.610392955147457172e-01	2.537722728983703990e-01	1.523139371336704739e-01	7.250043763211734549e-02	2.985633493799627267e-02	7.621076157991016342e-02
1.174126830854137097e+03	2.541023237180858874e-01	1.608994471546296712e-01	2.539189207225485134e-01	1.523998493797418252e-01	7.253483183284530067e-02	2.987965846843244899e-02	7.626496872358655421e-02
1.175578161918233945e+03	2.538980339972456979e-01	1.607598359159872481e-01	2.540653115703953580e-01	1.524856122035706529e-01	7.256916759058054667e-02	2.990295342757003441e-02	7.631908529452055556e-02
1.177029492982330339e+03	2.536940905503928256e-01	1.606204613959780203e-01	2.542114458808223953e-01	1.525712258858950288e-01	7.260344501966080333e-02	2.992621982244356854e-02	7.637311144467752444e-02
1.178480824046426733e+03	2.534904927884035764e-01	1.604813231924398231e-01	2.543573240919934642e-01	1.526566907068371559e-01	7.263766423415644879e-02	2.994945766024494777e-02	7.642704732579479188e-02
1.179932155110523581e+03	2.532872401231753834e-01	1.603424209038878112e-01	2.545029466413264441e-01	1.527420069459052843e-01	7.267182534787128279e-02	2.997266694832245726e-02	7.648089308938159359e-02
1.181383486174620202e+03	2.530843319676245873e-01	1.602037541295136258e-01	2.546483139654943106e-01	1.528271748819955700e-01	7.270592847434326211e-02	2.999584769417986893e-02	7.653464888671905608e-02
1.182834817238716823e+03	2.528817677356843263e-01	1.600653224691843679e-01	2.547934265004264676e-01	1.529121947933942127e-01	7.273997372684530560e-02	3.001899990547546998e-02	7.658831486886011342e-02
1.184286148302813444e+03	2.526795468423026492e-01	1.599271255234416544e-01	2.549382846813101899e-01	1.529970669577790654e-01	7.277396121838604348e-02	3.004212359002115737e-02	7.664189118662954880e-02
1.185737479366910065e+03	2.524776687034404610e-01	1.597891628935007025e-01	2.550828889425915680e-01	1.530817916522217159e-01	7.280789106171053904e-02	3.006521875578149414e-02	7.669537799062389749e-02
1.187188810431006686e+03	2.522761327360693029e-01	1.596514341812493576e-01	2.552272397179771168e-01	1.531663691531892635e-01	7.284176336930110740e-02	3.008828541087279693e-02	7.674877543121146062e-02
1.188640141495103080e+03	2.520749383581696312e-01	1.595139389892471782e-01	2.553713374404347758e-01	1.532507997365462338e-01	7.287557825337803719e-02	3.011132356356221312e-02	7.680208365853233299e-02
1.190091472559199701e+03	2.518740849887285971e-01	1.593766769207244360e-01	2.555151825421954626e-01	1.533350836775564385e-01	7.290933582590033990e-02	3.013433322226681185e-02	7.685530282249833367e-02
1.191542803623296322e+03	2.516735720477382143e-01	1.592396475795811450e-01	2.556587754547540725e-01	1.534192212508848074e-01	7.294303619856648546e-02	3.015731439555265764e-02	7.690843307279303376e-02
1.192994134687392716e+03	2.514733989561931948e-01	1.591028505703862006e-01	2.558021166088710330e-01	1.535032127305991922e-01	7.297667948281517936e-02	3.018026709213391529e-02	7.696147455887174249e-02
1.194445465751489564e+03	2.512735651360892275e-01	1.589662854983762696e-01	2.559452064345733024e-01	1.535870583901722541e-01	7.301026578982605653e-02	3.020319132087193742e-02	7.701442742996150725e-02
1.195896796815585958e+03	2.510740700104206469e-01	1.588299519694549022e-01	2.560880453611557028e-01	1.536707585024832123e-01	7.304379523052050016e-02	3.022608709077437977e-02	7.706729183506118297e-02
1.197348127879682352e+03	2.508749130031788788e-01	1.586938495901916157e-01	2.562306338171823072e-01	1.537543133398197592e-01	7.307726791556230783e-02	3.024895441099428872e-02	7.712006792294139046e-02
1.198799458943779200e+03	2.506760935393502199e-01	1.585579779678208401e-01	2.563729722304876057e-01	1.538377231738796980e-01	7.311068395535844089e-02	3.027179329082922352e-02	7.717275584214454420e-02
1.200250790007875821e+03	2.504776110449140059e-01	1.584223367102409463e-01	2.565150610281776711e-01	1.539209882757729131e-01	7.314404346005980162e-02	3.029460373972035422e-02	7.722535574098494948e-02
1.201702121071972442e+03	2.502794649468406130e-01	1.582869254260133307e-01	2.566569006366315464e-01	1.540041089160229526e-01	7.317734653956188551e-02	3.031738576725158743e-02	7.727786776754873299e-02
1.203153452136069063e+03	2.500816546730895706e-01	1.581517437243613877e-01	2.567984914815025776e-01	1.540870853645689709e-01	7.321059330350560002e-02	3.034013938314868153e-02	7.733029206969396774e-02
1.204604783200165684e+03	2.498841796526075909e-01	1.580167912151695664e-01	2.569398339877193016e-01	1.541699178907673662e-01	7.324378386127791685e-02	3.036286459727837589e-02	7.738262879505063141e-02
1.206056114264262078e+03	2.496870393153267365e-01	1.578820675089823988e-01	2.570809285794870558e-01	1.542526067633936127e-01	7.327691832201263522e-02	3.038556141964750962e-02	7.743487809102073127e-02
1.207507445328358699e+03	2.494902330921625333e-01	1.577475722170034178e-01	2.572217756802892552e-01	1.543351522506438978e-01	7.330999679459108964e-02	3.040822986040215767e-02	7.748704010477831805e-02
1.208958776392455093e+03	2.492937604150119446e-01	1.576133049510943518e-01	2.573623757128882805e-01	1.544175546201369820e-01	7.334301938764285766e-02	3.043086992982676001e-02	7.753911498326954144e-02
1.210410107456551941e+03	2.490976207167516221e-01	1.574792653237739037e-01	2.575027290993269213e-01	1.544998141389157809e-01	7.337598620954650930e-02	3.045348163834327160e-02	7.759110287321271948e-02
1.211861438520648335e+03	2.489018134312358799e-01	1.573454529482170294e-01	2.576428362609296530e-01	1.545819310734492524e-01	7.340889736843025926e-02	3.047606499651029505e-02	7.764300392109838023e-02
1.213312769584745183e+03	2.487063379932949181e-01	1.572118674382537440e-01	2.577826976183038021e-01	1.546639056896339237e-01	7.344175297217274412e-02	3.049862001502222364e-02	7.769481827318937273e-02
1.214764100648841804e+03	2.485111938387329911e-01	1.570785084083682615e-01	2.579223135913408793e-01	1.547457382527956671e-01	7.347455312840370234e-02	3.052114670470841215e-02	7.774654607552088093e-02
1.216215431712937971e+03	2.483163804043264367e-01	1.569453754736978290e-01	2.580616845992176334e-01	1.548274290276913934e-01	7.350729794450466814e-02	3.054364507653229560e-02	7.779818747390057632e-02
1.217666762777034819e+03	2.481218971278218444e-01	1.568124682500320333e-01	2.582008110603973838e-01	1.549089782785107450e-01	7.353998752760967927e-02	3.056611514159058088e-02	7.784974261390860406e-02
1.219118093841131440e+03	2.479277434479343345e-01	1.566797863538114954e-01	2.583396933926312422e-01	1.549903862688776779e-01	7.357262198460598479e-02	3.058855691111238284e-02	7.790121164089774952e-02
1.220569424905228061e+03	2.477339188043455043e-01	1.565473294021270390e-01	2.584783320129593887e-01	1.550716532618522103e-01	7.360520142213478056e-02	3.061097039645840553e-02	7.795259469999349378e-02
1.222020755969324682e+03	2.475404226377018457e-01	1.564150970127187179e-01	2.586167273377121822e-01	1.551527795199320603e-01	7.363772594659183379e-02	3.063335560912009911e-02	7.800389193609411076e-02
1.223472087033421303e+03	2.473472543896126363e-01	1.562830888039746791e-01	2.587548797825114932e-01	1.552337653050542554e-01	7.367019566412821852e-02	3.065571256071884104e-02	7.805510349387075053e-02
1.224923418097517697e+03	2.471544135026483568e-01	1.561513043949303015e-01	2.588927897622718133e-01	1.553146108785967705e-01	7.370261068065100951e-02	3.067804126300509998e-02	7.810622951776755030e-02
1.226374749161614318e+03	2.469618994203387485e-01	1.560197434052671972e-01	2.590304576912014767e-01	1.553953165013801929e-01	7.373497110182394843e-02	3.070034172785762738e-02	7.815727015200173156e-02
1.227826080225710712e+03	2.467697115871710090e-01	1.558884054553121012e-01	2.591678839828039926e-01	1.554758824336693046e-01	7.376727703306816541e-02	3.072261396728263178e-02	7.820822554056371112e-02
1.229277411289807560e+03	2.465778494485881267e-01	1.557572901660359554e-01	2.593050690498791555e-01	1.555563089351747474e-01	7.379952857956283141e-02	3.074485799341297038e-02	7.825909582721722602e-02
1.230728742353903954e+03	2.463863124509868274e-01	1.556263971590529094e-01	2.594420133045241550e-01	1.556365962650544943e-01	7.383172584624586587e-02	3.076707381850733378e-02	7.830988115549941675e-02
1.232180073418000802e+03	2.461951000417160473e-01	1.554957260566192934e-01	2.595787171581350750e-01	1.557167446819155698e-01	7.386386893781457519e-02	3.078926145494944797e-02	7.836058166872099384e-02
1.233631404482097196e+03	2.460042116690749625e-01	1.553652764816326193e-01	2.597151810214078371e-01	1.557967544438156604e-01	7.389595795872638817e-02	3.081142091524726248e-02	7.841119750996627946e-02
1.235082735546193817e+03	2.458136467823113513e-01	1.552350480576305813e-01	2.598514053043394778e-01	1.558766258082646128e-01	7.392799301319948058e-02	3.083355221203215937e-02	7.846172882209341559e-02
1.236534066610290438e+03	2.456234048316197072e-01	1.551050404087900292e-01	2.599873904162293137e-01	1.559563590322259607e-01	7.395997420521348287e-02	3.085565535805814483e-02	7.851217574773444730e-02
1.237985397674387059e+03	2.454334852681395174e-01	1.549752531599260519e-01	2.601231367656802740e-01	1.560359543721186182e-01	7.399190163851016022e-02	3.087773036620107894e-02	7.856253842929544762e-02
1.239436728738483680e+03	2.452438875439535149e-01	1.548456859364908678e-01	2.602586447605999553e-01	1.561154120838183224e-01	7.402377541659400928e-02	3.089977724945786736e-02	7.861281700895668412e-02
1.240888059802580301e+03	2.450546111120858739e-01	1.547163383645728529e-01	2.603939148082018429e-01	1.561947324226592715e-01	7.405559564273302142e-02	3.092179602094567367e-02	7.866301162867272989e-02
1.242339390866676695e+03	2.448656554265005725e-01	1.545872100708956254e-01	2.605289473150064206e-01	1.562739156434355681e-01	7.408736241995925176e-02	3.094378669390115966e-02	7.871312243017261623e-02
1.243790721930773088e+03	2.446770199420995329e-01	1.544583006828169069e-01	2.606637426868426699e-01	1.563529620004029119e-01	7.411907585106958241e-02	3.096574928167969074e-02	7.876314955495997139e-02
1.245242052994869937e+03	2.444887041147209006e-01	1.543296098283275797e-01	2.607983013288489027e-01	1.564318717472799325e-01	7.415073603862627760e-02	3.098768379775457271e-02	7.881309314431315938e-02
1.246693384058966330e+03	2.443007074011373514e-01	1.542011371360506866e-01	2.609326236454740378e-01	1.565106451372498264e-01	7.418234308495773310e-02	3.100959025571625380e-02	7.886295333928546036e-02
1.248144715123063179e+03	2.441130292590543704e-01	1.540728822352404048e-01	2.610667100404789331e-01	1.565892824229618008e-01	7.421389709215905905e-02	3.103146866927159603e-02	7.891273028070516782e-02
1.249596046187159800e+03	2.439256691471084759e-01	1.539448447557810740e-01	2.612005609169373854e-01	1.566677838565326830e-01	7.424539816209280163e-02	3.105331905224308076e-02	7.896242410917581056e-02
1.251047377251256421e+03	2.437386265248656092e-01	1.538170243281862248e-01	2.613341766772373509e-01	1.567461496895483086e-01	7.427684639638952591e-02	3.107514141856806619e-02	7.901203496507624990e-02
1.252498708315352815e+03	2.435519008528191920e-01	1.536894205835974414e-01	2.614675577230822778e-01	1.568243801730650755e-01	7.430824189644849587e-02	3.109693578229801719e-02	7.906156298856086007e-02
1.253950039379449436e+03	2.433654915923887385e-01	1.535620331537834449e-01	2.616007044554919947e-01	1.569024755576114150e-01	7.433958476343834054e-02	3.111870215759776279e-02	7.911100831955970858e-02
1.255401370443546057e+03	2.431793982059178849e-01	1.534348616711390667e-01	2.617336172748041534e-01	1.569804360931892073e-01	7.437087509829765075e-02	3.114044055874473291e-02	7.916037109777873670e-02
1.256852701507642678e+03	2.429936201566728626e-01	1.533079057686843327e-01	2.618662965806751730e-01	1.570582620292753362e-01	7.440211300173568687e-02	3.116215100012822287e-02	7.920965146269987045e-02
1.258304032571739299e+03	2.428081569088406944e-01	1.531811650800632973e-01	2.619987427720815720e-01	1.571359536148231317e-01	7.443329857423293394e-02	3.118383349624864395e-02	7.925884955358124262e-02
1.259755363635835920e+03	2.426230079275275842e-01	1.530546392395431832e-01	2.621309562473210231e-01	1.572135110982637585e-01	7.446443191604182332e-02	3.120548806171678444e-02	7.930796550945731771e-02
1.261206694699932314e+03	2.424381726787571967e-01	1.529283278820133263e-01	2.622629374040136296e-01	1.572909347275077974e-01	7.449551312718731555e-02	3.122711471125307753e-02	7.935699946913914171e-02
1.262658025764028707e+03	2.422536506294689918e-01	1.528022306429840937e-01	2.623946866391030364e-01	1.573682247499465225e-01	7.452654230746753872e-02	3.124871345968685543e-02	7.940595157121446701e-02
1.264109356828125556e+03	2.420694412475165869e-01	1.526763471585859677e-01	2.625262043488574837e-01	1.574453814124534556e-01	7.455751955645446849e-02	3.127028432195563118e-02	7.945482195404793280e-02
1.265560687892221949e+03	2.418855440016659808e-01	1.525506770655685462e-01	2.626574909288711401e-01	1.575224049613857813e-01	7.458844497349446934e-02	3.129182731310436311e-02	7.950361075578125936e-02
1.267012018956318798e+03	2.417019583615940548e-01	1.524252200012995162e-01	2.627885467740650460e-01	1.575992956425857072e-01	7.461931865770900230e-02	3.131334244828474361e-02	7.955231811433347011e-02
1.268463350020415419e+03	2.415186837978867407e-01	1.522999756037635988e-01	2.629193722786885568e-01	1.576760537013819907e-01	7.465014070799522172e-02	3.133482974275445671e-02	7.960094416740100265e-02
1.269914681084511813e+03	2.413357197820375499e-01	1.521749435115616611e-01	2.630499678363201754e-01	1.577526793825911877e-01	7.468091122302658591e-02	3.135628921187648410e-02	7.964948905245795852e-02
1.271366012148608434e+03	2.411530657864457416e-01	1.520501233639096339e-01	2.631803338398688852e-01	1.578291729305191793e-01	7.471163030125349547e-02	3.137772087111839053e-02	7.969795290675629751e-02
1.272817343212705055e+03	2.409707212844148516e-01	1.519255148006375122e-01	2.633104706815753149e-01	1.579055345889625595e-01	7.474229804090387619e-02	3.139912473605158821e-02	7.974633586732599033e-02
1.274268674276801676e+03	2.407886857501508604e-01	1.518011174621883286e-01	2.634403787530127938e-01	1.579817646012099397e-01	7.477291453998387294e-02	3.142050082235064989e-02	7.979463807097526840e-02
1.275720005340898297e+03	2.406069586587608056e-01	1.516769309896172646e-01	2.635700584450884620e-01	1.580578632100435310e-01	7.480347989627839089e-02	3.144184914579260109e-02	7.984285965429076259e-02
1.277171336404994690e+03	2.404255394862508666e-01	1.515529550245905410e-01	2.636995101480445469e-01	1.581338306577402264e-01	7.483399420735173391e-02	3.146316972225622621e-02	7.989100075363776698e-02
1.278622667469091539e+03	2.402444277095249769e-01	1.514291892093843905e-01	2.638287342514593625e-01	1.582096671860732107e-01	7.486445757054820127e-02	3.148446256772136076e-02	7.993906150516040532e-02
1.280073998533187932e+03	2.400636228063831035e-01	1.513056331868841975e-01	2.639577311442485308e-01	1.582853730363132927e-01	7.489487008299273996e-02	3.150572769826819747e-02	7.998704204478183921e-02
1.281525329597284326e+03	2.398831242555196086e-01	1.511822866005834431e-01	2.640865012146661472e-01	1.583609484492301267e-01	7.492523184159151362e-02	3.152696513007660628e-02	8.003494250820447631e-02
1.282976660661381175e+03	2.397029315365216684e-01	1.510591490945826232e-01	2.642150448503057802e-01	1.584363936650936833e-01	7.495554294303249931e-02	3.154817487942542659e-02	8.008276303091022008e-02
1.284427991725477568e+03	2.395230441298677182e-01	1.509362203135883040e-01	2.643433624381017477e-01	1.585117089236756094e-01	7.498580348378611204e-02	3.156935696269180108e-02	8.013050374816059473e-02
1.285879322789574417e+03	2.393434615169257873e-01	1.508134999029121515e-01	2.644714543643300608e-01	1.585868944642505329e-01	7.501601356010580146e-02	3.159051139635048189e-02	8.017816479499705051e-02
1.287330653853671038e+03	2.391641831799517504e-01	1.506909875084699035e-01	2.645993210146098673e-01	1.586619505255973395e-01	7.504617326802864863e-02	3.161163819697316441e-02	8.022574630624110248e-02
1.288781984917767431e+03	2.389852086020881061e-01	1.505686827767804825e-01	2.647269627739041731e-01	1.587368773460006710e-01	7.507628270337597665e-02	3.163273738122780732e-02	8.027324841649462195e-02
1.290233315981864052e+03	2.388065372673620068e-01	1.504465853549647736e-01	2.648543800265212300e-01	1.588116751632520363e-01	7.510634196175391963e-02	3.165380896587793869e-02	8.032067126014000302e-02
