1.001418434226643626e+03	2.810663180561541186e-01	1.793131507574301509e-01	2.345392276275334309e-01	1.410590813458010018e-01	6.798088706635264933e-02	2.691126710811192480e-02	6.913006803848216475e-02
1.003837319333471214e+03	2.806498032051326086e-01	1.790285534827887048e-01	2.348395343676205893e-01	1.412352963371036330e-01	6.805088479830402604e-02	2.695579655206960593e-02	6.924013125684623515e-02
1.006256204440298802e+03	2.802344661542919280e-01	1.787447599403713949e-01	2.351389685852862954e-01	1.414109909772030549e-01	6.812067715132015533e-02	2.700024756508308602e-02	6.934988962630944664e-02
1.008675089547126618e+03	2.798203035292862184e-01	1.784617678779899519e-01	2.354375327631812176e-01	1.415861669806551815e-01	6.819026484075098316e-02	2.704462005788229803e-02	6.945934395011955920e-02
1.011093974653954206e+03	2.794073119665912430e-01	1.781795750489025554e-01	2.357352293768555651e-01	1.417608260545757393e-01	6.825964857886300530e-02	2.708891394356200549e-02	6.956849503051529271e-02
1.013512859760782021e+03	2.789954881134339426e-01	1.778981792118319860e-01	2.360320608947812093e-01	1.419349698986978603e-01	6.832882907485592072e-02	2.713312913756199887e-02	6.967734366870248497e-02
1.015931744867609382e+03	2.785848286277229358e-01	1.776175781309824453e-01	2.363280297783738049e-01	1.421086002054287312e-01	6.839780703487909064e-02	2.717726555764744117e-02	6.978589066483091574e-02
1.018350629974437197e+03	2.781753301779811283e-01	1.773377695760549599e-01	2.366231384820147166e-01	1.422817186599054096e-01	6.846658316204805306e-02	2.722132312388930719e-02	6.989413681797172762e-02
1.020769515081264785e+03	2.777669894432792108e-01	1.770587513222622034e-01	2.369173894530727797e-01	1.424543269400500856e-01	6.853515815646073206e-02	2.726530175864491992e-02	7.000208292609542970e-02
1.023188400188092373e+03	2.773598031131707109e-01	1.767805211503416796e-01	2.372107851319259497e-01	1.426264267166242605e-01	6.860353271521367480e-02	2.730920138653861531e-02	7.010972978605051198e-02
1.025607285294920075e+03	2.769537678876284881e-01	1.765030768465683242e-01	2.375033279519829510e-01	1.427980196532823987e-01	6.867170753241810810e-02	2.735302193444249033e-02	7.021707819354265634e-02
1.028026170401747549e+03	2.765488804769824505e-01	1.762264162027659398e-01	2.377950203397045936e-01	1.429691074066247736e-01	6.873968329921596732e-02	2.739676333145726547e-02	7.032412894311440565e-02
1.030445055508575479e+03	2.761451376018585480e-01	1.759505370163176319e-01	2.380858647146252005e-01	1.431396916262495933e-01	6.880746070379564761e-02	2.744042550889327220e-02	7.043088282812551282e-02
1.032863940615402726e+03	2.757425359931188202e-01	1.756754370901753293e-01	2.383758634893738126e-01	1.433097739548043759e-01	6.887504043140788013e-02	2.748400840025152711e-02	7.053734064073373389e-02
1.035282825722230655e+03	2.753410723918026104e-01	1.754011142328685269e-01	2.386650190696952278e-01	1.434793560280367142e-01	6.894242316438134455e-02	2.752751194120491365e-02	7.064350317187620409e-02
1.037701710829058356e+03	2.749407435490692220e-01	1.751275662585121129e-01	2.389533338544710117e-01	1.436484394748442639e-01	6.900960958213823992e-02	2.757093606957949222e-02	7.074937121125124406e-02
1.040120595935886058e+03	2.745415462261413531e-01	1.748547909868132244e-01	2.392408102357405086e-01	1.438170259173240928e-01	6.907660036120970293e-02	2.761428072533590045e-02	7.085494554730079053e-02
1.042539481042713533e+03	2.741434771942498072e-01	1.745827862430776589e-01	2.395274505987214642e-01	1.439851169708214473e-01	6.914339617525115667e-02	2.765754585055086104e-02	7.096022696719321565e-02
1.044958366149541234e+03	2.737465332345789815e-01	1.743115498582149814e-01	2.398132573218308139e-01	1.441527142439777698e-01	6.920999769505763177e-02	2.770073138939880067e-02	7.106521625680667364e-02
1.047377251256368709e+03	2.733507111382136867e-01	1.740410796687434647e-01	2.400982327767052227e-01	1.443198193387780215e-01	6.927640558857886544e-02	2.774383728813359373e-02	7.116991420071289154e-02
1.049796136363196410e+03	2.729560077060864676e-01	1.737713735167938922e-01	2.403823793282215127e-01	1.444864338505977008e-01	6.934262052093431716e-02	2.778686349507038245e-02	7.127432158216147340e-02
1.052215021470024112e+03	2.725624197489265321e-01	1.735024292501127774e-01	2.406656993345172302e-01	1.446525593682488620e-01	6.940864315442819843e-02	2.782980996056752879e-02	7.137843918306457924e-02
1.054633906576851814e+03	2.721699440872090703e-01	1.732342447220651394e-01	2.409481951470107686e-01	1.448181974740256894e-01	6.947447414856428027e-02	2.787267663700867398e-02	7.148226778398213133e-02
1.057052791683679516e+03	2.717785775511054602e-01	1.729668177916362792e-01	2.412298691104215187e-01	1.449833497437496010e-01	6.954011416006065927e-02	2.791546347878488821e-02	7.158580816410733960e-02
1.059471676790506763e+03	2.713883169804345852e-01	1.727001463234331124e-01	2.415107235627901583e-01	1.451480177468136568e-01	6.960556384286445408e-02	2.795817044227694170e-02	7.168906110125279618e-02
1.061890561897334692e+03	2.709991592246149272e-01	1.724342281876850569e-01	2.417907608354985804e-01	1.453122030462263015e-01	6.967082384816634943e-02	2.800079748583768693e-02	7.179202737183683347e-02
1.064309447004162394e+03	2.706111011426172164e-01	1.721690612602439774e-01	2.420699832532897666e-01	1.454759071986548025e-01	6.973589482441507059e-02	2.804334456977453788e-02	7.189470775087039578e-02
1.066728332110990095e+03	2.702241396029181897e-01	1.719046434225839359e-01	2.423483931342876319e-01	1.456391317544679653e-01	6.980077741733180241e-02	2.808581165633206381e-02	7.199710301194424400e-02
1.069147217217817570e+03	2.698382714834549057e-01	1.716409725618002202e-01	2.426259927900168145e-01	1.458018782577782668e-01	6.986547226992444182e-02	2.812819870967468369e-02	7.209921392721653499e-02
1.071566102324645271e+03	2.694534936715798357e-01	1.713780465706078171e-01	2.429027845254223272e-01	1.459641482464836548e-01	6.992998002250182255e-02	2.817050569586948203e-02	7.220104126740088668e-02
1.073984987431472746e+03	2.690698030640168992e-01	1.711158633473396085e-01	2.431787706388890136e-01	1.461259432523086543e-01	6.999430131268781496e-02	2.821273258286911834e-02	7.230258580175469296e-02
1.076403872538300675e+03	2.686871965668176654e-01	1.708544207959437899e-01	2.434539534222612267e-01	1.462872648008450849e-01	7.005843677543539816e-02	2.825487934049484423e-02	7.240384829806784106e-02
1.078822757645127922e+03	2.683056710953185542e-01	1.705937168259811509e-01	2.437283351608620918e-01	1.464481144115921951e-01	7.012238704304050996e-02	2.829694594041963149e-02	7.250482952265178971e-02
1.081241642751955851e+03	2.679252235740989252e-01	1.703337493526215773e-01	2.440019181335128517e-01	1.466084935979962700e-01	7.018615274515595248e-02	2.833893235615140768e-02	7.260553024032899427e-02
1.083660527858783553e+03	2.675458509369392224e-01	1.700745162966403323e-01	2.442747046125521293e-01	1.467684038674899882e-01	7.024973450880514503e-02	2.838083856301640284e-02	7.270595121442267883e-02
1.086079412965611255e+03	2.671675501267803399e-01	1.698160155844140873e-01	2.445466968638551897e-01	1.469278467215310302e-01	7.031313295839577981e-02	2.842266453814258284e-02	7.280609320674688578e-02
1.088498298072438729e+03	2.667903180956831544e-01	1.695582451479160646e-01	2.448178971468527587e-01	1.470868236556403530e-01	7.037634871573340833e-02	2.846441026044321462e-02	7.290595697759696958e-02
1.090917183179266431e+03	2.664141518047886126e-01	1.693012029247112915e-01	2.450883077145503408e-01	1.472453361594400212e-01	7.043938240003495832e-02	2.850607571060051817e-02	7.300554328574024310e-02
1.093336068286093905e+03	2.660390482242788179e-01	1.690448868579512431e-01	2.453579308135468706e-01	1.474033857166904826e-01	7.050223462794212581e-02	2.854766087104943298e-02	7.310485288840704032e-02
1.095754953392921607e+03	2.656650043333380617e-01	1.687892948963681250e-01	2.456267686840538367e-01	1.475609738053276221e-01	7.056490601353473946e-02	2.858916572596147815e-02	7.320388654128211214e-02
1.098173838499749309e+03	2.652920171201151867e-01	1.685344249942689332e-01	2.458948235599138499e-01	1.477181018974991489e-01	7.062739716834397219e-02	2.863059026122874440e-02	7.330264499849624416e-02
1.100592723606577010e+03	2.649200835816852839e-01	1.682802751115291540e-01	2.461620976686194062e-01	1.478747714596006235e-01	7.068970870136553897e-02	2.867193446444795887e-02	7.340112901261812428e-02
1.103011608713404712e+03	2.645492007240132781e-01	1.680268432135860190e-01	2.464285932313315663e-01	1.480309839523112347e-01	7.075184121907276968e-02	2.871319832490466795e-02	7.349933933464665448e-02
1.105430493820231959e+03	2.641793655619166792e-01	1.677741272714316223e-01	2.466943124628984962e-01	1.481867408306288547e-01	7.081379532542961264e-02	2.875438183355752061e-02	7.359727671400337345e-02
1.107849378927059888e+03	2.638105751190298887e-01	1.675221252616057033e-01	2.469592575718739802e-01	1.483420435439050111e-01	7.087557162190354088e-02	2.879548498302268722e-02	7.369494189852526800e-02
1.110268264033887590e+03	2.634428264277684506e-01	1.672708351661880977e-01	2.472234307605357118e-01	1.484968935358792763e-01	7.093717070747843079e-02	2.883650776755831632e-02	7.379233563445777855e-02
1.112687149140715292e+03	2.630761165292934134e-01	1.670202549727910213e-01	2.474868342249038067e-01	1.486512922447132679e-01	7.099859317866727415e-02	2.887745018304915465e-02	7.388945866644805460e-02
1.115106034247542766e+03	2.627104424734768573e-01	1.667703826745509099e-01	2.477494701547590661e-01	1.488052411030243716e-01	7.105983962952491795e-02	2.891831222699123641e-02	7.398631173753859869e-02
1.117524919354370468e+03	2.623458013188674220e-01	1.665212162701202592e-01	2.480113407336610731e-01	1.489587415379189927e-01	7.112091065166065151e-02	2.895909389847669407e-02	7.408289558916093809e-02
1.119943804461197942e+03	2.619821901326561120e-01	1.662727537636590480e-01	2.482724481389664006e-01	1.491117949710253909e-01	7.118180683425071043e-02	2.899979519817866974e-02	7.417921096112975454e-02
1.122362689568025871e+03	2.616196059906428784e-01	1.660249931648259125e-01	2.485327945418467355e-01	1.492644028185264315e-01	7.124252876405073875e-02	2.904041612833629937e-02	7.427525859163708333e-02
1.124781574674853118e+03	2.612580459772033681e-01	1.657779324887693750e-01	2.487923821073068364e-01	1.494165664911915326e-01	7.130307702540819581e-02	2.908095669273983927e-02	7.437103921724685929e-02
1.127200459781681047e+03	2.608975071852561167e-01	1.655315697561185184e-01	2.490512129942024644e-01	1.495682873944087499e-01	7.136345220027461023e-02	2.912141689671587236e-02	7.446655357288964328e-02
1.129619344888508749e+03	2.605379867162299079e-01	1.652859029929736046e-01	2.493092893552583122e-01	1.497195669282161135e-01	7.142365486821784792e-02	2.916179674711261161e-02	7.456180239185757064e-02
1.132038229995336451e+03	2.601794816800317434e-01	1.650409302308965542e-01	2.495666133370858519e-01	1.498704064873327968e-01	7.148368560643419967e-02	2.920209625228532141e-02	7.465678640579948011e-02
1.134457115102163925e+03	2.598219891950151461e-01	1.647966495069011217e-01	2.498231870802010146e-01	1.500208074611900366e-01	7.154354498976055188e-02	2.924231542208181531e-02	7.475150634471637578e-02
1.136876000208991627e+03	2.594655063879484636e-01	1.645530588634430968e-01	2.500790127190418155e-01	1.501707712339614698e-01	7.160323359068627991e-02	2.928245426782807512e-02	7.484596293695691682e-02
1.139294885315819101e+03	2.591100303939838922e-01	1.643101563484100358e-01	2.503340923819862285e-01	1.503202991845934422e-01	7.166275197936523844e-02	2.932251280231395335e-02	7.494015690921333739e-02
1.141713770422646803e+03	2.587555583566268358e-01	1.640679400151110745e-01	2.505884281913695055e-01	1.504693926868348741e-01	7.172210072362762701e-02	2.936249103977899011e-02	7.503408898651725556e-02
1.144132655529474505e+03	2.584020874277050406e-01	1.638264079222665759e-01	2.508420222635017738e-01	1.506180531092666253e-01	7.178128038899173058e-02	2.940238899589830979e-02	7.512775989223605122e-02
1.146551540636302207e+03	2.580496147673387863e-01	1.635855581339973608e-01	2.510948767086855771e-01	1.507662818153309714e-01	7.184029153867567408e-02	2.944220668776862532e-02	7.522117034806909130e-02
1.148970425743129908e+03	2.576981375439105770e-01	1.633453887198142718e-01	2.513469936312330844e-01	1.509140801633603313e-01	7.189913473360903806e-02	2.948194413389435692e-02	7.531432107404435750e-02
1.151389310849957155e+03	2.573476529340360530e-01	1.631058977546070432e-01	2.515983751294835757e-01	1.510614495066059937e-01	7.195781053244441894e-02	2.952160135417380635e-02	7.540721278851518494e-02
1.153808195956785084e+03	2.569981581225340150e-01	1.628670833186334765e-01	2.518490232958204844e-01	1.512083911932664837e-01	7.201631949156896140e-02	2.956117836988546993e-02	7.549984620815715364e-02
1.156227081063612786e+03	2.566496503023979470e-01	1.626289434975083659e-01	2.520989402166888826e-01	1.513549065665155402e-01	7.207466216511576595e-02	2.960067520367441751e-02	7.559222204796514633e-02
1.158645966170440488e+03	2.563021266747668725e-01	1.623914763821921181e-01	2.523481279726125237e-01	1.515009969645298993e-01	7.213283910497526874e-02	2.964009187953879632e-02	7.568434102125071172e-02
1.161064851277267962e+03	2.559555844488966558e-01	1.621546800689795953e-01	2.525965886382107728e-01	1.516466637205169110e-01	7.219085086080652414e-02	2.967942842281640417e-02	7.577620383963935835e-02
1.163483736384095664e+03	2.556100208421323017e-01	1.619185526594885682e-01	2.528443242822157599e-01	1.517919081627415734e-01	7.224869798004843191e-02	2.971868486017137032e-02	7.586781121306820919e-02
1.165902621490923138e+03	2.552654330798793114e-01	1.616830922606481702e-01	2.530913369674896440e-01	1.519367316145535662e-01	7.230638100793086720e-02	2.975786121958092986e-02	7.595916384978376734e-02
1.168321506597751068e+03	2.549218183955762052e-01	1.614482969846872951e-01	2.533376287510409886e-01	1.520811353944139521e-01	7.236390048748585213e-02	2.979695753032228847e-02	7.605026245633973725e-02
1.170740391704578315e+03	2.545791740306667106e-01	1.612141649491228568e-01	2.535832016840419700e-01	1.522251208159215718e-01	7.242125695955850539e-02	2.983597382295958070e-02	7.614110773759515116e-02
1.173159276811406244e+03	2.542374972345727291e-01	1.609806942767479376e-01	2.538280578118451425e-01	1.523686891878391625e-01	7.247845096281800570e-02	2.987491012933093590e-02	7.623170039671246789e-02
1.175578161918233945e+03	2.538967852646668577e-01	1.607478830956198534e-01	2.540721991740001462e-01	1.525118418141193644e-01	7.253548303376854134e-02	2.991376648253561699e-02	7.632204113515599075e-02
1.177997047025061647e+03	2.535570353862456883e-01	1.605157295390482464e-01	2.543156278042705276e-01	1.526545799939303116e-01	7.259235370676009325e-02	2.995254291692125981e-02	7.641213065269034099e-02
1.180415932131889122e+03	2.532182448725030510e-01	1.602842317455829280e-01	2.545583457306501152e-01	1.527969050216810287e-01	7.264906351399916251e-02	2.999123946807121313e-02	7.650196964737901451e-02
1.182834817238716823e+03	2.528804110045034803e-01	1.600533878590018610e-01	2.548003549753798391e-01	1.529388181870466601e-01	7.270561298555955343e-02	3.002985617279194455e-02	7.659155881558318835e-02
1.185253702345544298e+03	2.525435310711560688e-01	1.598231960282988362e-01	2.550416575549641629e-01	1.530803207749933670e-01	7.276200264939294837e-02	3.006839306910057477e-02	7.668089885196055500e-02
1.187672587452371999e+03	2.522076023691881552e-01	1.595936544076712038e-01	2.552822554801877919e-01	1.532214140658030577e-01	7.281823303133952430e-02	3.010685019621247085e-02	7.676999044946439255e-02
1.190091472559199701e+03	2.518726222031195672e-01	1.593647611565076061e-01	2.555221507561316607e-01	1.533620993350977568e-01	7.287430465513841660e-02	3.014522759452895051e-02	7.685883429934263489e-02
1.192510357666027403e+03	2.515385878852368640e-01	1.591365144393756537e-01	2.557613453821896976e-01	1.535023778538640027e-01	7.293021804243816908e-02	3.018352530562505576e-02	7.694743109113716395e-02
1.194929242772855105e+03	2.512054967355677459e-01	1.589089124260093244e-01	2.559998413520850336e-01	1.536422508884767169e-01	7.298597371280717006e-02	3.022174337223743068e-02	7.703578151268315743e-02
1.197348127879682352e+03	2.508733460818558525e-01	1.586819532912965292e-01	2.562376406538862117e-01	1.537817197007231573e-01	7.304157218374388028e-02	3.025988183825229286e-02	7.712388625010863086e-02
1.199767012986510281e+03	2.505421332595353934e-01	1.584556352152666492e-01	2.564747452700235075e-01	1.539207855478263165e-01	7.309701397068721351e-02	3.029794074869347764e-02	7.721174598783396570e-02
1.202185898093337983e+03	2.502118556117062798e-01	1.582299563830779354e-01	2.567111571773049716e-01	1.540594496824684023e-01	7.315229958702665347e-02	3.033592014971057613e-02	7.729936140857172899e-02
1.204604783200165684e+03	2.498825104891092275e-01	1.580049149850047685e-01	2.569468783469325834e-01	1.541977133528139587e-01	7.320742954411239845e-02	3.037382008856717025e-02	7.738673319332639577e-02
1.207023668306993159e+03	2.495540952501011100e-01	1.577805092164251133e-01	2.571819107445185715e-01	1.543355778025328195e-01	7.326240435126545048e-02	3.041164061362913035e-02	7.747386202139433520e-02
1.209442553413820860e+03	2.492266072606303395e-01	1.575567372778078068e-01	2.574162563301010120e-01	1.544730442708228679e-01	7.331722451578767674e-02	3.044938177435302720e-02	7.756074857036382442e-02
1.211861438520648335e+03	2.489000438942127191e-01	1.573335973746997629e-01	2.576499170581599829e-01	1.546101139924324908e-01	7.337189054297170443e-02	3.048704362127463083e-02	7.764739351611522900e-02
1.214280323627476264e+03	2.485744025319070460e-01	1.571110877177132881e-01	2.578828948776336616e-01	1.547467881976830328e-01	7.342640293611087110e-02	3.052462620599745088e-02	7.773379753282118332e-02
1.216699208734303511e+03	2.482496805622911029e-01	1.568892065225131194e-01	2.581151917319339795e-01	1.548830681124908903e-01	7.348076219650905017e-02	3.056212958118141240e-02	7.781996129294693754e-02
1.219118093841131440e+03	2.479258753814378158e-01	1.566679520098039347e-01	2.583468095589624425e-01	1.550189549583894655e-01	7.353496882349043473e-02	3.059955380053160437e-02	7.790588546725078778e-02
1.221536978947959142e+03	2.476029843928915231e-01	1.564473224053171407e-01	2.585777502911259518e-01	1.551544499525508713e-01	7.358902331440926592e-02	3.063689891878709423e-02	7.799157072478460351e-02
1.223955864054786844e+03	2.472810050076441890e-01	1.562273159397982725e-01	2.588080158553526244e-01	1.552895543078076368e-01	7.364292616465950569e-02	3.067416499170983260e-02	7.807701773289441038e-02
1.226374749161614318e+03	2.469599346441120613e-01	1.560079308489940031e-01	2.590376081731072255e-01	1.554242692326739395e-01	7.369667786768446804e-02	3.071135207607366205e-02	7.816222715722109804e-02
1.228793634268442020e+03	2.466397707281123564e-01	1.557891653736392656e-01	2.592665291604069333e-01	1.555585959313670052e-01	7.375027891498635302e-02	3.074846022965337447e-02	7.824719966170122498e-02
1.231212519375269494e+03	2.463205106928399168e-01	1.555710177594442634e-01	2.594947807278369933e-01	1.556925356038278696e-01	7.380372979613575302e-02	3.078548951121388641e-02	7.833193590856782351e-02
1.233631404482097196e+03	2.460021519788442579e-01	1.553534862570817021e-01	2.597223647805660951e-01	1.558260894457424994e-01	7.385703099878108968e-02	3.082243998049946296e-02	7.841643655835138504e-02
1.236050289588924898e+03	2.456846920340066409e-01	1.551365691221736343e-01	2.599492832183619706e-01	1.559592586485622767e-01	7.391018300865805080e-02	3.085931169822305614e-02	7.850070226988088706e-02
1.238469174695752372e+03	2.453681283135170366e-01	1.549202646152787188e-01	2.601755379356067710e-01	1.560920443995246487e-01	7.396318630959887452e-02	3.089610472605567801e-02	7.858473370028486171e-02
1.240888059802580301e+03	2.450524582798517259e-01	1.547045710018790654e-01	2.604011308213123876e-01	1.562244478816733062e-01	7.401604138354163365e-02	3.093281912661591596e-02	7.866853150499258929e-02
1.243306944909407548e+03	2.447376794027504854e-01	1.544894865523674110e-01	2.606260637591359397e-01	1.563564702738785284e-01	7.406874871053949205e-02	3.096945496345947929e-02	7.875209633773534723e-02
1.245725830016235477e+03	2.444237891591942713e-01	1.542750095420341305e-01	2.608503386273948177e-01	1.564881127508569725e-01	7.412130876876986407e-02	3.100601230106883252e-02	7.883542885054775629e-02
1.248144715123063179e+03	2.441107850333827933e-01	1.540611382510541638e-01	2.610739572990823931e-01	1.566193764831917135e-01	7.417372203454350443e-02	3.104249120484293620e-02	7.891852969376914051e-02
1.250563600229890881e+03	2.437986645167123656e-01	1.538478709644741371e-01	2.612969216418827290e-01	1.567502626373517838e-01	7.422598898231362596e-02	3.107889174108702940e-02	7.900139951604495669e-02
1.252982485336718355e+03	2.434874251077537854e-01	1.536352059721992624e-01	2.615192335181859562e-01	1.568807723757117689e-01	7.427811008468489240e-02	3.111521397700251282e-02	7.908403896432841806e-02
1.255401370443546057e+03	2.431770643122303233e-01	1.534231415689805700e-01	2.617408947851033174e-01	1.570109068565711807e-01	7.433008581242236956e-02	3.115145798067691166e-02	7.916644868388200695e-02
1.257820255550373531e+03	2.428675796429957678e-01	1.532116760544016687e-01	2.619619072944823213e-01	1.571406672341735533e-01	7.438191663446042101e-02	3.118762382107389056e-02	7.924862931827912627e-02
1.260239140657201460e+03	2.425589686200127215e-01	1.530008077328658955e-01	2.621822728929216750e-01	1.572700546587256776e-01	7.443360301791158984e-02	3.122371156802337955e-02	7.933058150940586195e-02
1.262658025764028707e+03	2.422512287703309231e-01	1.527905349135834367e-01	2.624019934217862726e-01	1.573990702764163363e-01	7.448514542807541106e-02	3.125972129221175205e-02	7.941230589746273161e-02
1.265076910870856636e+03	2.419443576280657093e-01	1.525808559105581441e-01	2.626210707172221825e-01	1.575277152294351224e-01	7.453654432844712685e-02	3.129565306517208267e-02	7.949380312096654411e-02
1.267495795977684338e+03	2.416383527343764770e-01	1.523717690425747395e-01	2.628395066101714139e-01	1.576559906559910906e-01	7.458780018072642959e-02	3.133150695927449519e-02	7.957507381675224534e-02
1.269914681084511813e+03	2.413332116374453384e-01	1.521632726331858809e-01	2.630573029263869045e-01	1.577838976903312429e-01	7.463891344482610768e-02	3.136728304771656262e-02	7.965611861997490273e-02
1.272333566191339514e+03	2.410289318924558888e-01	1.519553650106990894e-01	2.632744614864471200e-01	1.579114374627587636e-01	7.468988457888062205e-02	3.140298140451378700e-02	7.973693816411170365e-02
1.274752451298167216e+03	2.407255110615720284e-01	1.517480445081638429e-01	2.634909841057709867e-01	1.580386110996512827e-01	7.474071403925468260e-02	3.143860210449018339e-02	7.981753308096400934e-02
1.277171336404994690e+03	2.404229467139168130e-01	1.515413094633587532e-01	2.637068725946324910e-01	1.581654197234788617e-01	7.479140228055176920e-02	3.147414522326889841e-02	7.989790400065945042e-02
1.279590221511822392e+03	2.401212364255516096e-01	1.513351582187785205e-01	2.639221287581754449e-01	1.582918644528219787e-01	7.484194975562251384e-02	3.150961083726290524e-02	7.997805155165410573e-02
1.282009106618650094e+03	2.398203777794551406e-01	1.511295891216211384e-01	2.641367543964279196e-01	1.584179464023892092e-01	7.489235691557319385e-02	3.154499902366579567e-02	8.005797636073466728e-02
1.284427991725477568e+03	2.395203683655026949e-01	1.509246005237749322e-01	2.643507513043170110e-01	1.585436666830349617e-01	7.494262420977405859e-02	3.158030986044264854e-02	8.013767905302074390e-02
1.286846876832305497e+03	2.392212057804454506e-01	1.507201907818057351e-01	2.645641212716832169e-01	1.586690264017769636e-01	7.499275208586760055e-02	3.161554342632091896e-02	8.021716025196715116e-02
1.289265761939132744e+03	2.389228876278898517e-01	1.505163582569440106e-01	2.647768660832950927e-01	1.587940266618136087e-01	7.504274098977685437e-02	3.165069980078143164e-02	8.029642057936621502e-02
1.291684647045960673e+03	2.386254115182770696e-01	1.503131013150719730e-01	2.649889875188635724e-01	1.589186685625411655e-01	7.509259136571362625e-02	3.168577906404949907e-02	8.037546065535015882e-02
1.294103532152788375e+03	2.383287750688626583e-01	1.501104183267108205e-01	2.652004873530563467e-01	1.590429531995710688e-01	7.514230365618658480e-02	3.172078129708599120e-02	8.045428109839364295e-02
1.296522417259616077e+03	2.380329759036960424e-01	1.499083076670078840e-01	2.654113673555123509e-01	1.591668816647467399e-01	7.519187830200947664e-02	3.175570658157857162e-02	8.053288252531608238e-02
1.298941302366443551e+03	2.377380116536004506e-01	1.497067677157238041e-01	2.656216292908559207e-01	1.592904550461606283e-01	7.524131574230913388e-02	3.179055499993297534e-02	8.061126555128426963e-02
1.301360187473271253e+03	2.374438799561526259e-01	1.495057968572198193e-01	2.658312749187112245e-01	1.594136744281707541e-01	7.529061641453352327e-02	3.182532663526434213e-02	8.068943078981487271e-02
1.303779072580098727e+03	2.371505784556627583e-01	1.493053934804449978e-01	2.660403059937165304e-01	1.595365408914175553e-01	7.533978075445972589e-02	3.186002157138864699e-02	8.076737885277707196e-02
1.306197957686926657e+03	2.368581048031544456e-01	1.491055559789234430e-01	2.662487242655380282e-01	1.596590555128402922e-01	7.538880919620186138e-02	3.189463989281414447e-02	8.084511035039512739e-02
1.308616842793753904e+03	2.365664566563448201e-01	1.489062827507416642e-01	2.664565314788843731e-01	1.597812193656934221e-01	7.543770217221899832e-02	3.192918168473296570e-02	8.092262589125111261e-02
1.311035727900581833e+03	2.362756316796246203e-01	1.487075721985357812e-01	2.666637293735207859e-01	1.599030335195630037e-01	7.548646011332295347e-02	3.196364703301268068e-02	8.099992608228753777e-02
1.313454613007409534e+03	2.359856275440385398e-01	1.485094227294789515e-01	2.668703196842828751e-01	1.600244990403827117e-01	7.553508344868614666e-02	3.199803602418802712e-02	8.107701152881013895e-02
1.315873498114237009e+03	2.356964419272654099e-01	1.483118327552686300e-01	2.670763041410907923e-01	1.601456169904499904e-01	7.558357260584933068e-02	3.203234874545263233e-02	8.115388283449062601e-02
1.318292383221064711e+03	2.354080725135986041e-01	1.481148006921139682e-01	2.672816844689632765e-01	1.602663884284420137e-01	7.563192801072929350e-02	3.206658528465083230e-02	8.123054060136947196e-02
1.320711268327892412e+03	2.351205169939266093e-01	1.479183249607232686e-01	2.674864623880314207e-01	1.603868144094313664e-01	7.568015008762651874e-02	3.210074573026956007e-02	8.130698542985877186e-02
1.323130153434719887e+03	2.348337730657134026e-01	1.477224039862912730e-01	2.676906396135526611e-01	1.605068959849019483e-01	7.572823925923283239e-02	3.213483017143029669e-02	8.138321791874508770e-02
1.325549038541547588e+03	2.345478384329791888e-01	1.475270361984865886e-01	2.678942178559249321e-01	1.606266342027645178e-01	7.577619594663895231e-02	3.216883869788104283e-02	8.145923866519226564e-02
1.327967923648375290e+03	2.342627108062810548e-01	1.473322200314393648e-01	2.680971988206999335e-01	1.607460301073720954e-01	7.582402056934205159e-02	3.220277139998844323e-02	8.153504826474450295e-02
1.330386808755202765e+03	2.339783879026936519e-01	1.471379539237286094e-01	2.682995842085972860e-01	1.608650847395355632e-01	7.587171354525326650e-02	3.223662836872989018e-02	8.161064731132916528e-02
1.332805693862030694e+03	2.336948674457901276e-01	1.469442363183696421e-01	2.685013757155182423e-01	1.609837991365387633e-01	7.591927529070506553e-02	3.227040969568575890e-02	8.168603639725981191e-02
1.335224578968857941e+03	2.334121471656230018e-01	1.467510656628017995e-01	2.687025750325592321e-01	1.611021743321538469e-01	7.596670622045875731e-02	3.230411547303162212e-02	8.176121611323919347e-02
1.337643464075685870e+03	2.331302247987050158e-01	1.465584404088758064e-01	2.689031838460257395e-01	1.612202113566562622e-01	7.601400674771176258e-02	3.233774579353063811e-02	8.183618704836226332e-02
1.340062349182513572e+03	2.328490980879904249e-01	1.463663590128415348e-01	2.691032038374456259e-01	1.613379112368397705e-01	7.606117728410505263e-02	3.237130075052586931e-02	8.191094979011921684e-02
1.342481234289341273e+03	2.325687647828559024e-01	1.461748199353354871e-01	2.693026366835830077e-01	1.614552749960314060e-01	7.610821823973029643e-02	3.240478043793280916e-02	8.198550492439862780e-02
1.344900119396168748e+03	2.322892226390817771e-01	1.459838216413685275e-01	2.695014840564515790e-01	1.615723036541061308e-01	7.615513002313721580e-02	3.243818495023184645e-02	8.205985303549045984e-02
1.347319004502996449e+03	2.320104694188332983e-01	1.457933626003135030e-01	2.696997476233283231e-01	1.616889982275016568e-01	7.620191304134071864e-02	3.247151438246084765e-02	8.213399470608920283e-02
1.349737889609823924e+03	2.317325028906419837e-01	1.456034412858928373e-01	2.698974290467668347e-01	1.618053597292329615e-01	7.624856769982808757e-02	3.250476883020778085e-02	8.220793051729707868e-02
1.352156774716651853e+03	2.314553208293868847e-01	1.454140561761664840e-01	2.700945299846107539e-01	1.619213891689068319e-01	7.629509440256608543e-02	3.253794838960344382e-02	8.228166104862709440e-02
1.354575659823479100e+03	2.311789210162762120e-01	1.452252057535194374e-01	2.702910520900070890e-01	1.620370875527363252e-01	7.634149355200803289e-02	3.257105315731419898e-02	8.235518687800631732e-02
1.356994544930307029e+03	2.309033012388286843e-01	1.450368885046496026e-01	2.704869970114197608e-01	1.621524558835549523e-01	7.638776554910087224e-02	3.260408323053476387e-02	8.242850858177903917e-02
1.359413430037134731e+03	2.306284592908551812e-01	1.448491029205555836e-01	2.706823663926427592e-01	1.622674951608309157e-01	7.643391079329212023e-02	3.263703870698111964e-02	8.250162673470996799e-02
1.361832315143962205e+03	2.303543929724404249e-01	1.446618474965245538e-01	2.708771618728134656e-01	1.623822063806814320e-01	7.647992968253687629e-02	3.266991968488342640e-02	8.257454190998750332e-02
1.364251200250789907e+03	2.300811000899246894e-01	1.444751207321200437e-01	2.710713850864258090e-01	1.624965905358865259e-01	7.652582261330471980e-02	3.270272626297900803e-02	8.264725467922695579e-02
1.366670085357617609e+03	2.298085784558854816e-01	1.442889211311698394e-01	2.712650376633434779e-01	1.626106486159031583e-01	7.657158998058656574e-02	3.273545854050539244e-02	8.271976561247387782e-02
1.369088970464445310e+03	2.295368258891194724e-01	1.441032472017539368e-01	2.714581212288130763e-01	1.627243816068789650e-01	7.661723217790157581e-02	3.276811661719344210e-02	8.279207527820726942e-02
1.371507855571272785e+03	2.292658402146243168e-01	1.439180974561924398e-01	2.716506374034775018e-01	1.628377904916661900e-01	7.666274959730387528e-02	3.280070059326048448e-02	8.286418424334295041e-02
1.373926740678100487e+03	2.289956192635806964e-01	1.437334704110335426e-01	2.718425878033885468e-01	1.629508762498352026e-01	7.670814262938940864e-02	3.283321056940354671e-02	8.293609307323684954e-02
1.376345625784927961e+03	2.287261608733342777e-01	1.435493645870415391e-01	2.720339740400202211e-01	1.630636398576881529e-01	7.675341166330257314e-02	3.286564664679263170e-02	8.300780233168834898e-02
1.378764510891755890e+03	2.284574628873778379e-01	1.433657785091848325e-01	2.722247977202818525e-01	1.631760822882726281e-01	7.679855708674301895e-02	3.289800892706402913e-02	8.307931258094360116e-02
1.381183395998583137e+03	2.281895231553333625e-01	1.431827107066239724e-01	2.724150604465307435e-01	1.632882045113948355e-01	7.684357928597218557e-02	3.293029751231371649e-02	8.315062438169895653e-02
1.383602281105411066e+03	2.279223395329343649e-01	1.430001597126998314e-01	2.726047638165853826e-01	1.634000074936332314e-01	7.688847864582000480e-02	3.296251250509079495e-02	8.322173829310423876e-02
1.386021166212238768e+03	2.276559098820079285e-01	1.428181240649215866e-01	2.727939094237381012e-01	1.635114921983516212e-01	7.693325554969142333e-02	3.299465400839098755e-02	8.329265487276622804e-02
1.388440051319066470e+03	2.273902320704572488e-01	1.426366023049550069e-01	2.729824988567681743e-01	1.636226595857123434e-01	7.697791037957299465e-02	3.302672212565016530e-02	8.336337467675200563e-02
1.390858936425893944e+03	2.271253039722439249e-01	1.424555929786105457e-01	2.731705336999543654e-01	1.637335106126895090e-01	7.702244351603930450e-02	3.305871696073797716e-02	8.343389825959236783e-02
1.393277821532721646e+03	2.268611234673703625e-01	1.422750946358314339e-01	2.733580155330879169e-01	1.638440462330818526e-01	7.706685533825957668e-02	3.309063861795148720e-02	8.350422617428529537e-02
1.395696706639549120e+03	2.265976884418623993e-01	1.420951058306822723e-01	2.735449459314853171e-01	1.639542673975258602e-01	7.711114622400395968e-02	3.312248720200889479e-02	8.357435897229929800e-02
1.398115591746377049e+03	2.263349967877517077e-01	1.419156251213368192e-01	2.737313264660006795e-01	1.640641750535085097e-01	7.715531654965000763e-02	3.315426281804330355e-02	8.364429720357696718e-02
1.400534476853204296e+03	2.260730464030584475e-01	1.417366510700666660e-01	2.739171587030388988e-01	1.641737701453802045e-01	7.719936669018902242e-02	3.318596557159651100e-02	8.371404141653833453e-02
1.402953361960032225e+03	2.258118351917740296e-01	1.415581822432294135e-01	2.741024442045678078e-01	1.642830536143673192e-01	7.724329701923235425e-02	3.321759556861288848e-02	8.378359215808434124e-02
1.405372247066859927e+03	2.255513610638437971e-01	1.413802172112569588e-01	2.742871845281310561e-01	1.643920263985849672e-01	7.728710790901771599e-02	3.324915291543330265e-02	8.385294997360037694e-02
1.407791132173687402e+03	2.252916219351497329e-01	1.412027545486440605e-01	2.744713812268606001e-01	1.645006894330496017e-01	7.733079973041544208e-02	3.328063771878907867e-02	8.392211540695970751e-02
1.410210017280515103e+03	2.250326157274933347e-01	1.410257928339365696e-01	2.746550358494892485e-01	1.646090436496913667e-01	7.737437285293471967e-02	3.331205008579601889e-02	8.399108900052695836e-02
1.412628902387342805e+03	2.247743403685786567e-01	1.408493306497200226e-01	2.748381499403630412e-01	1.647170899773666985e-01	7.741782764472975031e-02	3.334339012394847007e-02	8.405987129516159784e-02
1.415047787494170507e+03	2.245167937919949896e-01	1.406733665826079560e-01	2.750207250394539060e-01	1.648248293418705102e-01	7.746116447260589788e-02	3.337465794111346001e-02	8.412846283022150373e-02
1.417466672600997981e+03	2.242599739372000411e-01	1.404978992232306378e-01	2.752027626823719264e-01	1.649322626659485702e-01	7.750438370202583638e-02	3.340585364552484809e-02	8.419686414356641890e-02
1.419885557707825683e+03	2.240038787495030048e-01	1.403229271662233268e-01	2.753842644003776652e-01	1.650393908693097156e-01	7.754748569711558681e-02	3.343697734577755903e-02	8.426507577156147621e-02
1.422304442814653157e+03	2.237485061800475461e-01	1.401484490102151148e-01	2.755652317203945434e-01	1.651462148686379250e-01	7.759047082067060952e-02	3.346802915082184443e-02	8.433309824908070962e-02
1.424723327921481086e+03	2.234938541857951211e-01	1.399744633578173247e-01	2.757456661650213858e-01	1.652527355776044204e-01	7.763333943416182714e-02	3.349900916995761369e-02	8.440093210951056524e-02
1.427142213028308333e+03	2.232399207295081289e-01	1.398009688156122421e-01	2.759255692525443560e-01	1.653589539068796577e-01	7.767609189774157818e-02	3.352991751282877880e-02	8.446857788475352347e-02
1.429561098135136262e+03	2.229867037797331197e-01	1.396279639941417072e-01	2.761049424969493904e-01	1.654648707641452610e-01	7.771872857024955672e-02	3.356075428941766858e-02	8.453603610523151290e-02
1.431979983241963964e+03	2.227342013107842522e-01	1.394554475078959022e-01	2.762837874079343559e-01	1.655704870541059026e-01	7.776124980921876595e-02	3.359151961003953302e-02	8.460330729988953247e-02
1.434398868348791666e+03	2.224824113027265016e-01	1.392834179753019430e-01	2.764621054909211506e-01	1.656758036785010435e-01	7.780365597088141627e-02	3.362221358533699911e-02	8.467039199619920409e-02
1.436817753455619140e+03	2.222313317413593114e-01	1.391118740187126945e-01	2.766398982470679724e-01	1.657808215361167015e-01	7.784594741017469843e-02	3.365283632627465854e-02	8.473729072016225605e-02
1.439236638562446842e+03	2.219809606181998296e-01	1.389408142643955846e-01	2.768171671732812533e-01	1.658855415227971641e-01	7.788812448074669548e-02	3.368338794413366227e-02	8.480400399631411734e-02
1.441655523669274316e+03	2.217312959304666153e-01	1.387702373425213631e-01	2.769939137622279279e-01	1.659899645314564520e-01	7.793018753496210038e-02	3.371386855050637066e-02	8.487053234772749810e-02
1.444074408776102018e+03	2.214823356810631527e-01	1.386001418871529722e-01	2.771701395023472569e-01	1.660940914520899481e-01	7.797213692390804474e-02	3.374427825729105906e-02	8.493687629601591460e-02
1.446493293882929493e+03	2.212340778785615580e-01	1.384305265362344162e-01	2.773458458778628732e-01	1.661979231717858330e-01	7.801397299739974700e-02	3.377461717668662350e-02	8.500303636133725582e-02
1.448912178989757422e+03	2.209865205371861763e-01	1.382613899315796591e-01	2.775210343687948833e-01	1.663014605747365204e-01	7.805569610398627178e-02	3.380488542118743195e-02	8.506901306239737781e-02
1.451331064096585123e+03	2.207396616767973996e-01	1.380927307188615227e-01	2.776957064509715800e-01	1.664047045422499260e-01	7.809730659095610872e-02	3.383508310357809246e-02	8.513480691645365639e-02
1.453749949203412370e+03	2.204934993228754025e-01	1.379245475476007510e-01	2.778698635960415442e-01	1.665076559527608469e-01	7.813880480434291786e-02	3.386521033692836691e-02	8.520041843931852599e-02
1.456168834310240300e+03	2.202480315065039329e-01	1.377568390711548796e-01	2.780435072714853018e-01	1.666103156818420361e-01	7.818019108893103919e-02	3.389526723458807789e-02	8.526584814536311563e-02
1.458587719417068001e+03	2.200032562643543244e-01	1.375896039467073839e-01	2.782166389406272033e-01	1.667126846022154996e-01	7.822146578826109919e-02	3.392525391018207798e-02	8.533109654752076001e-02
1.461006604523895703e+03	2.197591716386693983e-01	1.374228408352565767e-01	2.783892600626474700e-01	1.668147635837635145e-01	7.826262924463553428e-02	3.395517047760526069e-02	8.539616415729063548e-02
1.463425489630723177e+03	2.195157756772474211e-01	1.372565484016048110e-01	2.785613720925934067e-01	1.669165534935396766e-01	7.830368179912412796e-02	3.398501705101761999e-02	8.546105148474128499e-02
1.465844374737550879e+03	2.192730664334260893e-01	1.370907253143477111e-01	2.787329764813917254e-01	1.670180551957798631e-01	7.834462379156945100e-02	3.401479374483933060e-02	8.552575903851421246e-02
1.468263259844378354e+03	2.190310419660667085e-01	1.369253702458630151e-01	2.789040746758598699e-01	1.671192695519131410e-01	7.838545556059234309e-02	3.404450067374589078e-02	8.559028732582746324e-02
1.470682144951206283e+03	2.187897003395383455e-01	1.367604818722999438e-01	2.790746681187175615e-01	1.672201974205726749e-01	7.842617744359732523e-02	3.407413795266332757e-02	8.565463685247921843e-02
1.473101030058033530e+03	2.185490396237018962e-01	1.365960588735684322e-01	2.792447582485989566e-01	1.673208396576064405e-01	7.846678977677798428e-02	3.410370569676337421e-02	8.571880812285133378e-02
1.475519915164861459e+03	2.183090578938944037e-01	1.364320999333283602e-01	2.794143465000636373e-01	1.674211971160880497e-01	7.850729289512228815e-02	3.413320402145877258e-02	8.578280163991298946e-02
1.477938800271689161e+03	2.180697532309132936e-01	1.362686037389786997e-01	2.795834343036084912e-01	1.675212706463273526e-01	7.854768713241803979e-02	3.416263304239856857e-02	8.584661790522413183e-02
1.480357685378516862e+03	2.178311237210007745e-01	1.361055689816468572e-01	2.797520230856790358e-01	1.676210610958810965e-01	7.858797282125806749e-02	3.419199287546345611e-02	8.591025741893924816e-02
1.482776570485344337e+03	2.175931674558281292e-01	1.359429943561781817e-01	2.799201142686813526e-01	1.677205693095635552e-01	7.862815029304551229e-02	3.422128363676118362e-02	8.597372067981073895e-02
