1.001418434226643626e+03	2.810651446365453610e-01	1.793044482099214743e-01	2.345430963381275880e-01	1.410733179230191370e-01	6.796979716242025626e-02	2.691496048406937652e-02	6.912923524576120027e-02
1.002869765290740247e+03	2.808150675653744432e-01	1.791335871665603041e-01	2.347233980587414004e-01	1.411791968877364745e-01	6.801168439353748318e-02	2.694171001512475974e-02	6.919535591278952458e-02
1.004321096354836754e+03	2.805654150832483928e-01	1.789630158508139224e-01	2.349033852551753732e-01	1.412848882328453515e-01	6.805349757284699652e-02	2.696843113834432315e-02	6.926136686658998509e-02
1.005772427418933376e+03	2.803161864597103481e-01	1.787927337751643586e-01	2.350830584647650157e-01	1.413903923296138676e-01	6.809523685797036485e-02	2.699512383393887563e-02	6.932726827870150377e-02
1.007223758483029997e+03	2.800673809657121538e-01	1.786227404528007157e-01	2.352624182239229089e-01	1.414957095483356797e-01	6.813690240610741078e-02	2.702178808243647576e-02	6.939306032054896878e-02
1.008675089547126618e+03	2.798189978736089767e-01	1.784530353976206685e-01	2.354414650681405374e-01	1.416008402583345260e-01	6.817849437403761259e-02	2.704842386468079771e-02	6.945874316344122223e-02
1.010126420611223239e+03	2.795710364571535878e-01	1.782836181242318241e-01	2.356201995319899822e-01	1.417057848279687782e-01	6.822001291812154755e-02	2.707503116182953182e-02	6.952431697856914505e-02
1.011577751675319632e+03	2.793234959914909776e-01	1.781144881479531095e-01	2.357986221491256418e-01	1.418105436246358819e-01	6.826145819430227968e-02	2.710160995535274356e-02	6.958978193700374182e-02
1.013029082739416367e+03	2.790763757531531386e-01	1.779456449848160204e-01	2.359767334522859805e-01	1.419151170147768815e-01	6.830283035810681691e-02	2.712816022703127758e-02	6.965513820969430892e-02
1.014480413803512761e+03	2.788296750200536245e-01	1.777770881515658152e-01	2.361545339732952220e-01	1.420195053638807214e-01	6.834412956464741562e-02	2.715468195895515829e-02	6.972038596746650552e-02
1.015931744867609382e+03	2.785833930714822770e-01	1.776088171656627357e-01	2.363320242430650142e-01	1.421237090364887989e-01	6.838535596862303778e-02	2.718117513352196965e-02	6.978552538102066050e-02
1.017383075931706003e+03	2.783375291881003410e-01	1.774408315452830898e-01	2.365092047915961226e-01	1.422277283961991268e-01	6.842650972432071099e-02	2.720763973343528000e-02	6.985055662092987117e-02
1.018834406995802851e+03	2.780920826519349687e-01	1.772731308093203340e-01	2.366860761479802344e-01	1.423315638056707466e-01	6.846759098561688850e-02	2.723407574170305656e-02	6.991547985763829631e-02
1.020285738059899245e+03	2.778470527463745010e-01	1.771057144773861558e-01	2.368626388404015126e-01	1.424352156266279201e-01	6.850859990597887861e-02	2.726048314163606254e-02	6.998029526145944923e-02
1.021737069123995752e+03	2.776024387561633611e-01	1.769385820698113621e-01	2.370388933961384281e-01	1.425386842198645143e-01	6.854953663846614920e-02	2.728686191684630280e-02	7.004500300257440748e-02
1.023188400188092373e+03	2.773582399673971133e-01	1.767717331076468223e-01	2.372148403415652029e-01	1.426419699452479706e-01	6.859040133573175713e-02	2.731321205124544529e-02	7.010960325103021695e-02
1.024639731252188767e+03	2.771144556675177451e-01	1.766051671126643574e-01	2.373904802021537253e-01	1.427450731617236623e-01	6.863119415002359724e-02	2.733953352904324244e-02	7.017409617673815714e-02
1.026091062316285615e+03	2.768710851453087818e-01	1.764388836073576272e-01	2.375658135024750761e-01	1.428479942273189474e-01	6.867191523318585955e-02	2.736582633474599069e-02	7.023848194947220069e-02
1.027542393380382237e+03	2.766281276908905129e-01	1.762728821149429914e-01	2.377408407662011669e-01	1.429507334991472201e-01	6.871256473666033371e-02	2.739209045315497276e-02	7.030276073886734811e-02
1.028993724444478858e+03	2.763855825957153289e-01	1.761071621593598979e-01	2.379155625161065157e-01	1.430532913334121581e-01	6.875314281148772744e-02	2.741832586936488597e-02	7.036693271441804565e-02
1.030445055508575479e+03	2.761434491525632251e-01	1.759417232652720486e-01	2.380899792740698018e-01	1.431556680854114971e-01	6.879364960830904041e-02	2.744453256876233649e-02	7.043099804547667264e-02
1.031896386572671872e+03	2.759017266555369163e-01	1.757765649580677880e-01	2.382640915610755306e-01	1.432578641095411942e-01	6.883408527736685489e-02	2.747071053702427115e-02	7.049495690125198721e-02
1.033347717636768493e+03	2.756604144000577850e-01	1.756116867638607970e-01	2.384378998972156993e-01	1.433598797592994245e-01	6.887444996850669576e-02	2.749685976011645439e-02	7.055880945080761357e-02
1.034799048700865114e+03	2.754195116828611067e-01	1.754470882094907314e-01	2.386114048016914346e-01	1.434617153872903839e-01	6.891474383117830727e-02	2.752298022429194857e-02	7.062255586306059874e-02
1.036250379764961508e+03	2.751790178019914990e-01	1.752827688225237213e-01	2.387846067928145188e-01	1.435633713452283133e-01	6.895496701443699916e-02	2.754907191608958403e-02	7.068619630677988597e-02
1.037701710829058356e+03	2.749389320567988682e-01	1.751187281312528432e-01	2.389575063880091388e-01	1.436648479839412462e-01	6.899511966694495124e-02	2.757513482233244981e-02	7.074973095058494088e-02
1.039153041893154750e+03	2.746992537479340246e-01	1.749549656646986473e-01	2.391301041038134678e-01	1.437661456533750604e-01	6.903520193697246232e-02	2.760116893012637754e-02	7.081315996294433590e-02
1.040604372957251599e+03	2.744599821773443526e-01	1.747914809526096291e-01	2.393024004558812756e-01	1.438672647025970031e-01	6.907521397239933802e-02	2.762717422685844609e-02	7.087648351217432086e-02
1.042055704021347992e+03	2.742211166482695917e-01	1.746282735254625074e-01	2.394743959589835103e-01	1.439682054797997157e-01	6.911515592071611203e-02	2.765315070019547239e-02	7.093970176643747683e-02
1.043507035085444613e+03	2.739826564652376173e-01	1.744653429144627232e-01	2.396460911270099359e-01	1.440689683323048698e-01	6.915502792902533669e-02	2.767909833808252645e-02	7.100281489374138388e-02
1.044958366149541234e+03	2.737446009340604447e-01	1.743026886515447182e-01	2.398174864729707145e-01	1.441695536065669137e-01	6.919483014404288757e-02	2.770501712874143610e-02	7.106582306193728882e-02
1.046409697213637855e+03	2.735069493618300096e-01	1.741403102693721838e-01	2.399885825089980440e-01	1.442699616481767921e-01	6.923456271209925406e-02	2.773090706066931241e-02	7.112872643871880063e-02
1.047861028277734476e+03	2.732697010569142826e-01	1.739782073013384500e-01	2.401593797463476565e-01	1.443701928018655267e-01	6.927422577914076063e-02	2.775676812263706481e-02	7.119152519162061377e-02
1.049312359341831097e+03	2.730328553289532167e-01	1.738163792815665687e-01	2.403298786954005672e-01	1.444702474115079627e-01	6.931381949073088522e-02	2.778260030368794736e-02	7.125421948801724525e-02
1.050763690405927491e+03	2.727964114888546954e-01	1.736548257449096466e-01	2.405000798656644345e-01	1.445701258201263495e-01	6.935334399205145273e-02	2.780840359313606347e-02	7.131680949512181344e-02
1.052215021470024112e+03	2.725603688487907017e-01	1.734935462269509565e-01	2.406699837657753360e-01	1.446698283698938381e-01	6.939279942790393951e-02	2.783417798056493295e-02	7.137929537998477514e-02
1.053666352534120733e+03	2.723247267221934886e-01	1.733325402640040758e-01	2.408395909034992122e-01	1.447693554021381446e-01	6.943218594271076405e-02	2.785992345582602794e-02	7.144167730949278761e-02
1.055117683598217127e+03	2.720894844237516930e-01	1.731718073931131086e-01	2.410089017857335592e-01	1.448687072573449919e-01	6.947150368051642488e-02	2.788564000903732271e-02	7.150395545036748735e-02
1.056569014662313975e+03	2.718546412694065606e-01	1.730113471520525470e-01	2.411779169185088167e-01	1.449678842751616348e-01	6.951075278498880516e-02	2.791132763058185029e-02	7.156612996916435210e-02
1.058020345726410369e+03	2.716201965763482828e-01	1.728511590793275488e-01	2.413466368069901169e-01	1.450668867944003848e-01	6.954993339942044939e-02	2.793698631110625927e-02	7.162820103227154900e-02
1.059471676790506763e+03	2.713861496630120551e-01	1.726912427141738815e-01	2.415150619554787825e-01	1.451657151530419965e-01	6.958904566672968750e-02	2.796261604151939820e-02	7.169016880590881047e-02
1.060923007854603611e+03	2.711524998490746352e-01	1.725315975965579229e-01	2.416831928674137708e-01	1.452643696882391366e-01	6.962808972946195329e-02	2.798821681299087233e-02	7.175203345612636563e-02
1.062374338918700232e+03	2.709192464554506241e-01	1.723722232671766608e-01	2.418510300453733108e-01	1.453628507363196321e-01	6.966706572979096401e-02	2.801378861694962114e-02	7.181379514880381620e-02
1.063825669982796853e+03	2.706863888042889132e-01	1.722131192674576095e-01	2.420185739910764577e-01	1.454611586327900496e-01	6.970597380951994160e-02	2.803933144508252359e-02	7.187545404964912343e-02
1.065277001046893474e+03	2.704539262189689652e-01	1.720542851395587269e-01	2.421858252053846472e-01	1.455592937123389441e-01	6.974481411008280618e-02	2.806484528933295489e-02	7.193701032419751173e-02
1.066728332110990095e+03	2.702218580240974832e-01	1.718957204263684702e-01	2.423527841883031941e-01	1.456572563088401329e-01	6.978358677254543896e-02	2.809033014189941252e-02	7.199846413781045562e-02
1.068179663175086489e+03	2.699901835455047472e-01	1.717374246715054342e-01	2.425194514389827360e-01	1.457550467553560547e-01	6.982229193760683406e-02	2.811578599523409383e-02	7.205981565567470826e-02
1.069630994239183110e+03	2.697589021102412277e-01	1.715793974193183802e-01	2.426858274557209538e-01	1.458526653841410170e-01	6.986092974560030588e-02	2.814121284204151169e-02	7.212106504280126063e-02
1.071082325303279504e+03	2.695280130465740887e-01	1.714216382148860685e-01	2.428519127359639040e-01	1.459501125266444155e-01	6.989950033649468264e-02	2.816661067527710671e-02	7.218221246402437008e-02
1.072533656367376352e+03	2.692975156839838569e-01	1.712641466040170091e-01	2.430177077763077398e-01	1.460473885135139815e-01	6.993800384989549979e-02	2.819197948814586990e-02	7.224325808400063054e-02
1.073984987431472746e+03	2.690674093531612021e-01	1.711069221332491841e-01	2.431832130724999874e-01	1.461444936745990297e-01	6.997644042504616579e-02	2.821731927410094445e-02	7.230420206720804266e-02
1.075436318495569594e+03	2.688376933860033291e-01	1.709499643498499921e-01	2.433484291194412952e-01	1.462414283389534830e-01	7.001481020082916951e-02	2.824263002684227267e-02	7.236504457794504241e-02
1.076887649559666215e+03	2.686083671156106467e-01	1.707932728018158874e-01	2.435133564111867654e-01	1.463381928348392036e-01	7.005311331576721812e-02	2.826791174031521511e-02	7.242578578032961290e-02
1.078338980623762609e+03	2.683794298762838260e-01	1.706368470378720470e-01	2.436779954409475368e-01	1.464347874897290736e-01	7.009134990802444454e-02	2.829316440870920449e-02	7.248642583829842390e-02
1.079790311687859230e+03	2.681508810035201362e-01	1.704806866074723148e-01	2.438423467010922829e-01	1.465312126303099372e-01	7.012952011540754538e-02	2.831838802645637171e-02	7.254696491560591598e-02
1.081241642751955851e+03	2.679227198340108362e-01	1.703247910607985360e-01	2.440064106831486557e-01	1.466274685824859036e-01	7.016762407536696056e-02	2.834358258823020671e-02	7.260740317582345393e-02
1.082692973816052472e+03	2.676949457056371218e-01	1.701691599487605566e-01	2.441701878778048673e-01	1.467235556713813449e-01	7.020566192499798353e-02	2.836874808894421576e-02	7.266774078233850798e-02
1.084144304880149093e+03	2.674675579574676831e-01	1.700137928229956408e-01	2.443336787749111338e-01	1.468194742213437820e-01	7.024363380104198251e-02	2.839388452375056840e-02	7.272797789835376558e-02
1.085595635944245487e+03	2.672405559297553190e-01	1.698586892358682765e-01	2.444968838634810904e-01	1.469152245559471603e-01	7.028153983988749687e-02	2.841899188803876861e-02	7.278811468688638209e-02
1.087046967008342108e+03	2.670139389639338834e-01	1.697038487404697316e-01	2.446598036316934288e-01	1.470108069979946253e-01	7.031938017757137505e-02	2.844407017743432256e-02	7.284815131076717576e-02
1.088498298072438729e+03	2.667877064026149547e-01	1.695492708906175539e-01	2.448224385668932579e-01	1.471062218695216028e-01	7.035715494977995421e-02	2.846911938779743065e-02	7.290808793263978127e-02
1.089949629136535123e+03	2.665618575895852271e-01	1.693949552408552661e-01	2.449847891555935464e-01	1.472014694917987421e-01	7.039486429185017047e-02	2.849413951522164479e-02	7.296792471495996968e-02
1.091400960200631971e+03	2.663363918698031241e-01	1.692409013464518941e-01	2.451468558834767331e-01	1.472965501853348291e-01	7.043250833877064132e-02	2.851913055603256739e-02	7.302766181999482964e-02
1.092852291264728365e+03	2.661113085893958008e-01	1.690871087634014669e-01	2.453086392353961420e-01	1.473914642698797017e-01	7.047008722518287305e-02	2.854409250678654683e-02	7.308729940982205964e-02
1.094303622328825213e+03	2.658866070956564798e-01	1.689335770484226840e-01	2.454701396953772874e-01	1.474862120644271912e-01	7.050760108538235704e-02	2.856902536426936257e-02	7.314683764632923246e-02
1.095754953392921607e+03	2.656622867370411756e-01	1.687803057589582767e-01	2.456313577466196496e-01	1.475807938872178704e-01	7.054505005331963841e-02	2.859392912549493446e-02	7.320627669121307357e-02
1.097206284457018228e+03	2.654383468631658638e-01	1.686272944531745921e-01	2.457922938714977856e-01	1.476752100557420233e-01	7.058243426260145392e-02	2.861880378770403563e-02	7.326561670597878106e-02
1.098657615521114849e+03	2.652147868248036500e-01	1.684745426899610654e-01	2.459529485515630776e-01	1.477694608867424764e-01	7.061975384649188392e-02	2.864364934836299489e-02	7.332485785193934569e-02
1.100108946585211470e+03	2.649916059738817720e-01	1.683220500289296928e-01	2.461133222675449816e-01	1.478635466962173184e-01	7.065700893791339310e-02	2.866846580516241305e-02	7.338400029021487081e-02
1.101560277649308091e+03	2.647688036634788245e-01	1.681698160304144762e-01	2.462734154993525826e-01	1.479574677994227594e-01	7.069419966944792688e-02	2.869325315601590695e-02	7.344304418173189242e-02
1.103011608713404712e+03	2.645463792478218723e-01	1.680178402554709238e-01	2.464332287260759258e-01	1.480512245108759062e-01	7.073132617333807715e-02	2.871801139905881192e-02	7.350198968722275461e-02
1.104462939777501106e+03	2.643243320822836750e-01	1.678661222658753838e-01	2.465927624259877105e-01	1.481448171443574269e-01	7.076838858148809530e-02	2.874274053264693277e-02	7.356083696722502674e-02
1.105914270841597499e+03	2.641026615233798003e-01	1.677146616241245169e-01	2.467520170765443999e-01	1.482382460129144652e-01	7.080538702546503027e-02	2.876744055535527048e-02	7.361958618208078176e-02
1.107365601905694348e+03	2.638813669287659591e-01	1.675634578934346863e-01	2.469109931543878034e-01	1.483315114288631664e-01	7.084232163649976932e-02	2.879211146597678364e-02	7.367823749193608274e-02
1.108816932969790741e+03	2.636604476572351752e-01	1.674125106377414296e-01	2.470696911353465752e-01	1.484246137037914803e-01	7.087919254548813441e-02	2.881675326352111863e-02	7.373679105674033063e-02
1.110268264033887590e+03	2.634399030687151200e-01	1.672618194216987098e-01	2.472281114944375746e-01	1.485175531485618261e-01	7.091599988299199242e-02	2.884136594721337446e-02	7.379524703624572302e-02
1.111719595097984211e+03	2.632197325242652264e-01	1.671113838106783878e-01	2.473862547058672534e-01	1.486103300733137289e-01	7.095274377924025433e-02	2.886594951649286422e-02	7.385360559000664349e-02
1.113170926162080832e+03	2.629999353860741906e-01	1.669612033707694176e-01	2.475441212430331550e-01	1.487029447874664845e-01	7.098942436412998547e-02	2.889050397101187301e-02	7.391186687737914818e-02
1.114622257226177226e+03	2.627805110174573078e-01	1.668112776687775134e-01	2.477017115785252466e-01	1.487953975997218514e-01	7.102604176722747409e-02	2.891502931063442625e-02	7.397003105752041063e-02
1.116073588290273847e+03	2.625614587828536406e-01	1.666616062722241498e-01	2.478590261841274456e-01	1.488876888180665214e-01	7.106259611776924445e-02	2.893952553543507542e-02	7.402809828938813896e-02
1.117524919354370468e+03	2.623427780478235216e-01	1.665121887493460906e-01	2.480160655308188966e-01	1.489798187497747561e-01	7.109908754466315317e-02	2.896399264569767332e-02	7.408606873174010399e-02
1.118976250418467089e+03	2.621244681790458331e-01	1.663630246690945003e-01	2.481728300887755534e-01	1.490717877014110515e-01	7.113551617648940228e-02	2.898843064191415630e-02	7.414394254313365351e-02
1.120427581482563710e+03	2.619065285443155089e-01	1.662141136011345000e-01	2.483293203273713445e-01	1.491635959788326360e-01	7.117188214150164949e-02	2.901283952478332998e-02	7.420171988192511559e-02
1.121878912546660331e+03	2.616889585125409812e-01	1.660654551158443348e-01	2.484855367151798111e-01	1.492552438871919407e-01	7.120818556762795182e-02	2.903721929520968262e-02	7.425940090626939605e-02
1.123330243610756725e+03	2.614717574537412936e-01	1.659170487843146247e-01	2.486414797199753834e-01	1.493467317309391806e-01	7.124442658247190363e-02	2.906156995430217091e-02	7.431698577411947892e-02
1.124781574674853118e+03	2.612549247390441032e-01	1.657688941783476144e-01	2.487971498087347688e-01	1.494380598138249916e-01	7.128060531331358030e-02	2.908589150337302295e-02	7.437447464322594071e-02
1.126232905738949967e+03	2.610384597406826823e-01	1.656209908704566192e-01	2.489525474476383948e-01	1.495292284389026227e-01	7.131672188711064841e-02	2.911018394393655520e-02	7.443186767113650626e-02
1.127684236803046360e+03	2.608223618319935322e-01	1.654733384338650803e-01	2.491076731020717971e-01	1.496202379085307399e-01	7.135277643049929563e-02	2.913444727770799283e-02	7.448916501519559086e-02
1.129135567867143209e+03	2.606066303874139400e-01	1.653259364425059275e-01	2.492625272366269518e-01	1.497110885243756184e-01	7.138876906979539638e-02	2.915868150660228322e-02	7.454636683254391161e-02
1.130586898931239830e+03	2.603912647824794813e-01	1.651787844710207731e-01	2.494171103151037461e-01	1.498017805874137520e-01	7.142469993099537229e-02	2.918288663273291977e-02	7.460347328011800172e-02
1.132038229995336451e+03	2.601762643938215769e-01	1.650318820947591081e-01	2.495714228005112834e-01	1.498923143979341843e-01	7.146056913977727465e-02	2.920706265841077967e-02	7.466048451464979419e-02
1.133489561059432845e+03	2.599616285991650511e-01	1.648852288897776630e-01	2.497254651550692706e-01	1.499826902555410069e-01	7.149637682150182527e-02	2.923120958614295814e-02	7.471740069266628870e-02
1.134940892123529466e+03	2.597473567773254666e-01	1.647388244328393814e-01	2.498792378402094061e-01	1.500729084591557183e-01	7.153212310121338791e-02	2.925532741863159925e-02	7.477422197048906594e-02
1.136392223187626087e+03	2.595334483082070709e-01	1.645926683014128644e-01	2.500327413165768231e-01	1.501629693070195559e-01	7.156780810364098133e-02	2.927941615877275444e-02	7.483094850423396838e-02
1.137843554251722708e+03	2.593199025728001317e-01	1.644467600736714552e-01	2.501859760440313107e-01	1.502528730966958825e-01	7.160343195319925080e-02	2.930347580965522031e-02	7.488758044981072559e-02
1.139294885315819101e+03	2.591067189531787163e-01	1.643010993284924059e-01	2.503389424816487852e-01	1.503426201250725736e-01	7.163899477398950888e-02	2.932750637455940404e-02	7.494411796292249628e-02
1.140746216379915950e+03	2.588938968324980827e-01	1.641556856454561841e-01	2.504916410877227606e-01	1.504322106883644039e-01	7.167449668980067912e-02	2.935150785695617853e-02	7.500056119906560459e-02
1.142197547444012343e+03	2.586814355949925148e-01	1.640105186048455010e-01	2.506440723197653764e-01	1.505216450821152407e-01	7.170993782411035078e-02	2.937548026050575828e-02	7.505691031352917930e-02
1.143648878508108737e+03	2.584693346259729352e-01	1.638655977876445624e-01	2.507962366345090621e-01	1.506109236012003472e-01	7.174531830008565314e-02	2.939942358905654404e-02	7.511316546139477912e-02
1.145100209572205586e+03	2.582575933118245182e-01	1.637209227755382079e-01	2.509481344879078701e-01	1.507000465398288525e-01	7.178063824058435183e-02	2.942333784664402652e-02	7.516932679753610125e-02
1.146551540636302207e+03	2.580462110400044140e-01	1.635764931509110787e-01	2.510997663351385301e-01	1.507890141915458615e-01	7.181589776815575088e-02	2.944722303748964834e-02	7.522539447661860668e-02
1.148002871700398828e+03	2.578351871990395283e-01	1.634323084968467843e-01	2.512511326306021697e-01	1.508778268492347585e-01	7.185109700504169195e-02	2.947107916599969041e-02	7.528136865309922876e-02
1.149454202764495449e+03	2.576245211785239686e-01	1.632883683971270428e-01	2.514022338279255919e-01	1.509664848051194830e-01	7.188623607317753961e-02	2.949490623676416859e-02	7.533724948122613729e-02
1.150905533828591842e+03	2.574142123691168793e-01	1.631446724362307643e-01	2.515530703799622736e-01	1.510549883507667501e-01	7.192131509419309732e-02	2.951870425455572350e-02	7.539303711503834993e-02
1.152356864892688463e+03	2.572042601625404989e-01	1.630012201993332188e-01	2.517036427387942532e-01	1.511433377770882991e-01	7.195633418941360659e-02	2.954247322432851375e-02	7.544873170836545462e-02
1.153808195956785084e+03	2.569946639515771625e-01	1.628580112723052864e-01	2.518539513557330745e-01	1.512315333743430856e-01	7.199129347986071847e-02	2.956621315121713001e-02	7.550433341482741534e-02
1.155259527020881706e+03	2.567854231300679690e-01	1.627150452417123194e-01	2.520039966813211185e-01	1.513195754321393638e-01	7.202619308625339556e-02	2.958992404053549866e-02	7.555984238783419737e-02
1.156710858084978327e+03	2.565765370929098954e-01	1.625723216948134209e-01	2.521537791653331584e-01	1.514074642394371006e-01	7.206103312900891122e-02	2.961360589777579239e-02	7.561525878058555916e-02
1.158162189149074720e+03	2.563680052360536865e-01	1.624298402195606117e-01	2.523032992567775801e-01	1.514952000845499469e-01	7.209581372824380718e-02	2.963725872860735119e-02	7.567058274607080248e-02
1.159613520213171569e+03	2.561598269565018571e-01	1.622876004045978038e-01	2.524525574038977704e-01	1.515827832551475129e-01	7.213053500377474003e-02	2.966088253887560686e-02	7.572581443706846716e-02
1.161064851277267962e+03	2.559520016523062491e-01	1.621456018392599674e-01	2.526015540541732829e-01	1.516702140382574504e-01	7.216519707511956372e-02	2.968447733460100393e-02	7.578095400614617838e-02
1.162516182341364356e+03	2.557445287225660890e-01	1.620038441135722707e-01	2.527502896543213362e-01	1.517574927202675616e-01	7.219980006149814833e-02	2.970804312197794159e-02	7.583600160566035531e-02
1.163967513405461204e+03	2.555374075674256007e-01	1.618623268182490527e-01	2.528987646502979802e-01	1.518446195869279647e-01	7.223434408183337929e-02	2.973157990737369805e-02	7.589095738775600286e-02
1.165418844469557826e+03	2.553306375880720069e-01	1.617210495446930463e-01	2.530469794872995948e-01	1.519315949233531748e-01	7.226882925475205943e-02	2.975508769732738631e-02	7.594582150436648971e-02
1.166870175533654447e+03	2.551242181867331427e-01	1.615800118849943512e-01	2.531949346097639997e-01	1.520184190140242142e-01	7.230325569858585266e-02	2.977856649854889251e-02	7.600059410721336783e-02
1.168321506597751068e+03	2.549181487666755674e-01	1.614392134319295180e-01	2.533426304613718982e-01	1.521050921427907210e-01	7.233762353137218604e-02	2.980201631791781422e-02	7.605527534780610888e-02
1.169772837661847461e+03	2.547124287322022895e-01	1.612986537789607433e-01	2.534900674850482094e-01	1.521916145928729203e-01	7.237193287085519344e-02	2.982543716248244048e-02	7.610986537744196534e-02
1.171224168725944082e+03	2.545070574886507675e-01	1.611583325202348427e-01	2.536372461229633446e-01	1.522779866468637611e-01	7.240618383448660378e-02	2.984882903945870053e-02	7.616436434720579018e-02
1.172675499790040703e+03	2.543020344423906343e-01	1.610182492505823348e-01	2.537841668165343179e-01	1.523642085867309426e-01	7.244037653942665689e-02	2.987219195622912646e-02	7.621877240796977315e-02
1.174126830854137097e+03	2.540973590008217542e-01	1.608784035655164979e-01	2.539308300064263557e-01	1.524502806938189126e-01	7.247451110254507500e-02	2.989552592034181583e-02	7.627308971039337138e-02
1.175578161918233945e+03	2.538930305723720027e-01	1.607387950612323979e-01	2.540772361325541184e-01	1.525362032488509212e-01	7.250858764042185378e-02	2.991883093950941860e-02	7.632731640492308733e-02
1.177029492982330339e+03	2.536890485664952122e-01	1.605994233346060562e-01	2.542233856340828657e-01	1.526219765319310195e-01	7.254260626934826151e-02	2.994210702160811366e-02	7.638145264179228844e-02
1.178480824046426733e+03	2.534854123936691739e-01	1.604602879831933671e-01	2.543692789494297890e-01	1.527076008225460579e-01	7.257656710532772726e-02	2.996535417467658183e-02	7.643549857102110989e-02
1.179932155110523581e+03	2.532821214653935837e-01	1.603213886052292370e-01	2.545149165162653992e-01	1.527930763995676844e-01	7.261047026407667360e-02	2.998857240691500323e-02	7.648945434241627428e-02
1.181383486174620202e+03	2.530791751941877665e-01	1.601827247996266690e-01	2.546602987715146926e-01	1.528784035412542597e-01	7.264431586102547411e-02	3.001176172668404071e-02	7.654332010557092503e-02
1.182834817238716823e+03	2.528765729935888995e-01	1.600442961659756524e-01	2.548054261513585383e-01	1.529635825252529391e-01	7.267810401131931386e-02	3.003492214250384762e-02	7.659709600986457090e-02
1.184286148302813444e+03	2.526743142781499585e-01	1.599061023045423580e-01	2.549502990912350109e-01	1.530486136286014487e-01	7.271183482981906365e-02	3.005805366305305815e-02	7.665078220446285007e-02
1.185737479366910065e+03	2.524723984634375529e-01	1.597681428162680828e-01	2.550949180258403337e-01	1.531334971277302226e-01	7.274550843110219600e-02	3.008115629716779857e-02	7.670437883831751624e-02
1.187188810431006686e+03	2.522708249660299273e-01	1.596304173027683349e-01	2.552392833891307666e-01	1.532182332984641515e-01	7.277912492946364553e-02	3.010423005384069151e-02	7.675788606016624438e-02
1.188640141495103080e+03	2.520695932035150189e-01	1.594929253663318058e-01	2.553833956143231609e-01	1.533028224160246089e-01	7.281268443891666942e-02	3.012727494221987753e-02	7.681130401853253353e-02
1.190091472559199701e+03	2.518687025944884583e-01	1.593556666099195107e-01	2.555272551338969578e-01	1.533872647550313661e-01	7.284618707319377717e-02	3.015029097160802293e-02	7.686463286172565135e-02
1.191542803623296322e+03	2.516681525585515167e-01	1.592186406371636775e-01	2.556708623795947433e-01	1.534715605895043689e-01	7.287963294574753559e-02	3.017327815146135864e-02	7.691787273784050916e-02
1.192994134687392716e+03	2.514679425163092730e-01	1.590818470523669148e-01	2.558142177824240249e-01	1.535557101928658186e-01	7.291302216975144301e-02	3.019623649138869145e-02	7.697102379475752321e-02
1.194445465751489564e+03	2.512680718893683940e-01	1.589452854605011289e-01	2.559573217726584526e-01	1.536397138379418659e-01	7.294635485810083142e-02	3.021916600115045343e-02	7.702408618014257302e-02
1.195896796815585958e+03	2.510685401003354134e-01	1.588089554672065806e-01	2.561001747798388739e-01	1.537235717969645532e-01	7.297963112341371295e-02	3.024206669065771652e-02	7.707706004144693201e-02
1.197348127879682352e+03	2.508693465728145666e-01	1.586728566787909134e-01	2.562427772327746101e-01	1.538072843415736746e-01	7.301285107803161256e-02	3.026493856997124546e-02	7.712994552590717035e-02
1.198799458943779200e+03	2.506704907314060149e-01	1.585369887022281266e-01	2.563851295595450663e-01	1.538908517428186074e-01	7.304601483402042850e-02	3.028778164930055056e-02	7.718274278054507165e-02
1.200250790007875821e+03	2.504719720017038465e-01	1.584013511451576595e-01	2.565272321875004535e-01	1.539742742711601164e-01	7.307912250317132041e-02	3.031059593900292323e-02	7.723545195216761916e-02
1.201702121071972442e+03	2.502737898102940783e-01	1.582659436158833366e-01	2.566690855432633978e-01	1.540575521964722694e-01	7.311217419700148656e-02	3.033338144958249577e-02	7.728807318736684306e-02
1.203153452136069063e+03	2.500759435847528245e-01	1.581307657233724517e-01	2.568106900527302172e-01	1.541406857880441572e-01	7.314517002675507973e-02	3.035613819168928723e-02	7.734060663251987600e-02
1.204604783200165684e+03	2.498784327536443528e-01	1.579958170772547132e-01	2.569520461410720324e-01	1.542236753145816985e-01	7.317811010340403988e-02	3.037886617611829099e-02	7.739305243378881427e-02
1.206056114264262078e+03	2.496812567465190591e-01	1.578610972878213004e-01	2.570931542327358765e-01	1.543065210442095825e-01	7.321099453764882969e-02	3.040156541380852409e-02	7.744541073712075951e-02
1.207507445328358699e+03	2.494844149939117461e-01	1.577266059660237807e-01	2.572340147514463604e-01	1.543892232444727952e-01	7.324382343991944766e-02	3.042423591584209747e-02	7.749768168824769377e-02
1.208958776392455093e+03	2.492879069273396253e-01	1.575923427234731944e-01	2.573746281202065611e-01	1.544717821823386739e-01	7.327659692037609418e-02	3.044687769344328609e-02	7.754986543268647947e-02
1.210410107456551941e+03	2.490917319793004292e-01	1.574583071724391103e-01	2.575149947612992984e-01	1.545541981241984331e-01	7.330931508891010140e-02	3.046949075797763043e-02	7.760196211573887337e-02
1.211861438520648335e+03	2.488958895832705243e-01	1.573244989258485160e-01	2.576551150962885228e-01	1.546364713358690801e-01	7.334197805514472424e-02	3.049207512095099618e-02	7.765397188249142935e-02
1.213312769584745183e+03	2.487003791737031622e-01	1.571909175972848460e-01	2.577949895460205920e-01	1.547186020825951358e-01	7.337458592843593141e-02	3.051463079400866876e-02	7.770589487781552618e-02
1.214764100648841804e+03	2.485052001860263982e-01	1.570575628009870106e-01	2.579346185306251593e-01	1.548005906290502998e-01	7.340713881787330752e-02	3.053715778893445129e-02	7.775773124636732592e-02
1.216215431712937971e+03	2.483103520566413425e-01	1.569244341518483687e-01	2.580740024695166723e-01	1.548824372393392268e-01	7.343963683228077466e-02	3.055965611764975554e-02	7.780948113258780163e-02
1.217666762777034819e+03	2.481158342229203562e-01	1.567915312654157012e-01	2.582131417813957053e-01	1.549641421769992478e-01	7.347208008021750836e-02	3.058212579221269989e-02	7.786114468070269579e-02
1.219118093841131440e+03	2.479216461232051083e-01	1.566588537578883777e-01	2.583520368842500137e-01	1.550457057050021181e-01	7.350446866997863149e-02	3.060456682481721424e-02	7.791272203472252023e-02
1.220569424905228061e+03	2.477277871968047995e-01	1.565264012461170806e-01	2.584906881953555891e-01	1.551271280857556278e-01	7.353680270959611631e-02	3.062697922779215876e-02	7.796421333844259782e-02
1.222020755969324682e+03	2.475342568839943025e-01	1.563941733476030271e-01	2.586290961312782688e-01	1.552084095811053777e-01	7.356908230683954775e-02	3.064936301360041485e-02	7.801561873544303471e-02
1.223472087033421303e+03	2.473410546260123022e-01	1.562621696804967764e-01	2.587672611078747908e-01	1.552895504523364167e-01	7.360130756921694217e-02	3.067171819483802825e-02	7.806693836908870643e-02
1.224923418097517697e+03	2.471481798650596029e-01	1.561303898635974241e-01	2.589051835402939039e-01	1.553705509601749357e-01	7.363347860397553846e-02	3.069404478423330696e-02	7.811817238252934115e-02
1.226374749161614318e+03	2.469556320442971020e-01	1.559988335163513817e-01	2.590428638429775887e-01	1.554514113647899320e-01	7.366559551810257511e-02	3.071634279464595732e-02	7.816932091869950583e-02
1.227826080225710712e+03	2.467634106078441802e-01	1.558675002588514880e-01	2.591803024296625013e-01	1.555321319257948753e-01	7.369765841832612296e-02	3.073861223906620629e-02	7.822038412031863397e-02
1.229277411289807560e+03	2.465715150007767587e-01	1.557363897118361207e-01	2.593174997133809723e-01	1.556127129022493172e-01	7.372966741111584843e-02	3.076085313061394100e-02	7.827136212989105335e-02
1.230728742353903954e+03	2.463799446691255779e-01	1.556055014966878924e-01	2.594544561064622834e-01	1.556931545526606120e-01	7.376162260268377679e-02	3.078306548253784483e-02	7.832225508970598604e-02
1.232180073418000802e+03	2.461886990598744773e-01	1.554748352354328733e-01	2.595911720205338891e-01	1.557734571349854713e-01	7.379352409898516651e-02	3.080524930821453011e-02	7.837306314183765943e-02
1.233631404482097196e+03	2.459977776209583689e-01	1.553443905507394807e-01	2.597276478665225263e-01	1.558536209066315736e-01	7.382537200571917535e-02	3.082740462114769153e-02	7.842378642814529233e-02
1.235082735546193817e+03	2.458071798012617104e-01	1.552141670659174799e-01	2.598638840546555473e-01	1.559336461244593131e-01	7.385716642832972079e-02	3.084953143496725267e-02	7.847442509027315050e-02
1.236534066610290438e+03	2.456169050506166185e-01	1.550841644049170687e-01	2.599998809944619738e-01	1.560135330447832147e-01	7.388890747200621556e-02	3.087162976342851597e-02	7.852497926965058828e-02
1.237985397674387059e+03	2.454269528198010919e-01	1.549543821923277109e-01	2.601356390947738850e-01	1.560932819233737112e-01	7.392059524168437257e-02	3.089369962041132317e-02	7.857544910749213185e-02
1.239436728738483680e+03	2.452373225605372908e-01	1.548248200533771657e-01	2.602711587637274726e-01	1.561728930154586414e-01	7.395222984204694039e-02	3.091574101991920870e-02	7.862583474479746537e-02
1.240888059802580301e+03	2.450480137254897883e-01	1.546954776139305432e-01	2.604064404087642615e-01	1.562523665757248326e-01	7.398381137752449432e-02	3.093775397607857053e-02	7.867613632235159749e-02
1.242339390866676695e+03	2.448590257682637661e-01	1.545663545004892503e-01	2.605414844366324423e-01	1.563317028583197099e-01	7.401533995229619967e-02	3.095973850313784442e-02	7.872635398072484747e-02
1.243790721930773088e+03	2.446703581434033214e-01	1.544374503401899634e-01	2.606762912533877596e-01	1.564109021168528790e-01	7.404681567029056111e-02	3.098169461546665740e-02	7.877648786027290073e-02
1.245242052994869937e+03	2.444820103063896632e-01	1.543087647608037127e-01	2.608108612643948998e-01	1.564899646043976245e-01	7.407823863518619989e-02	3.100362232755502975e-02	7.882653810113691983e-02
1.246693384058966330e+03	2.442939817136394742e-01	1.541802973907346608e-01	2.609451948743286565e-01	1.565688905734925196e-01	7.410960895041256158e-02	3.102552165401252504e-02	7.887650484324362776e-02
1.248144715123063179e+03	2.441062718225031347e-01	1.540520478590192976e-01	2.610792924871750409e-01	1.566476802761429254e-01	7.414092671915076260e-02	3.104739260956746252e-02	7.892638822630536344e-02
1.249596046187159800e+03	2.439188800912629462e-01	1.539240157953253307e-01	2.612131545062327254e-01	1.567263339638225728e-01	7.417219204433425639e-02	3.106923520906609143e-02	7.897618838982010947e-02
1.251047377251256421e+03	2.437318059791314662e-01	1.537962008299506578e-01	2.613467813341138202e-01	1.568048518874750330e-01	7.420340502864961052e-02	3.109104946747177564e-02	7.902590547307167257e-02
1.252498708315352815e+03	2.435450489462498425e-01	1.536686025938223954e-01	2.614801733727453170e-01	1.568832342975153560e-01	7.423456577453725613e-02	3.111283539986419919e-02	7.907553961512973906e-02
1.253950039379449436e+03	2.433586084536860095e-01	1.535412207184958522e-01	2.616133310233701437e-01	1.569614814438314021e-01	7.426567438419223732e-02	3.113459302143856480e-02	7.912509095484990262e-02
1.255401370443546057e+03	2.431724839634330226e-01	1.534140548361535017e-01	2.617462546865484407e-01	1.570395935757855077e-01	7.429673095956493278e-02	3.115632234750479596e-02	7.917455963087385862e-02
1.256852701507642678e+03	2.429866749384073932e-01	1.532871045796040388e-01	2.618789447621586719e-01	1.571175709422159839e-01	7.432773560236177746e-02	3.117802339348673193e-02	7.922394578162941792e-02
1.258304032571739299e+03	2.428011808424473950e-01	1.531603695822812694e-01	2.620114016493988451e-01	1.571954137914384486e-01	7.435868841404608132e-02	3.119969617492136804e-02	7.927324954533063184e-02
1.259755363635835920e+03	2.426160011403113159e-01	1.530338494782431114e-01	2.621436257467875119e-01	1.572731223712474646e-01	7.438958949583862612e-02	3.122134070745803333e-02	7.932247105997791703e-02
1.261206694699932314e+03	2.424311352976757927e-01	1.529075439021706506e-01	2.622756174521652106e-01	1.573506969289180379e-01	7.442043894871853971e-02	3.124295700685763427e-02	7.937161046335812487e-02
1.262658025764028707e+03	2.422465827811341732e-01	1.527814524893670867e-01	2.624073771626952989e-01	1.574281377112069780e-01	7.445123687342390661e-02	3.126454508899186024e-02	7.942066789304470797e-02
1.264109356828125556e+03	2.420623430581948510e-01	1.526555748757566777e-01	2.625389052748652863e-01	1.575054449643543963e-01	7.448198337045255912e-02	3.128610496984242373e-02	7.946964348639773412e-02
1.265560687892221949e+03	2.418784155972795447e-01	1.525299106978838526e-01	2.626702021844881108e-01	1.575826189340852057e-01	7.451267854006278502e-02	3.130763666550027968e-02	7.951853738056410825e-02
1.267012018956318798e+03	2.416947998677216602e-01	1.524044595929120449e-01	2.628012682867030825e-01	1.576596598656105352e-01	7.454332248227400759e-02	3.132914019216485879e-02	7.956734971247762800e-02
1.268463350020415419e+03	2.415114953397645980e-01	1.522792211986228328e-01	2.629321039759771605e-01	1.577365680036291740e-01	7.457391529686757670e-02	3.135061556614330419e-02	7.961608061885910859e-02
1.269914681084511813e+03	2.413285014845601706e-01	1.521541951534147730e-01	2.630627096461061187e-01	1.578133435923290417e-01	7.460445708338740711e-02	3.137206280384971513e-02	7.966473023621650773e-02
1.271366012148608434e+03	2.411458177741669096e-01	1.520293810963025682e-01	2.631930856902154892e-01	1.578899868753886049e-01	7.463494794114075570e-02	3.139348192180439062e-02	7.971329870084506442e-02
1.272817343212705055e+03	2.409634436815484004e-01	1.519047786669158739e-01	2.633232325007618946e-01	1.579664980959782639e-01	7.466538796919885979e-02	3.141487293663306618e-02	7.976178614882739604e-02
1.274268674276801676e+03	2.407813786805716727e-01	1.517803875054984097e-01	2.634531504695343251e-01	1.580428774967618244e-01	7.469577726639770043e-02	3.143623586506617135e-02	7.981019271603369269e-02
1.275720005340898297e+03	2.405996222460055345e-01	1.516562072529069605e-01	2.635828399876549155e-01	1.581191253198978575e-01	7.472611593133869634e-02	3.145757072393808723e-02	7.985851853812177270e-02
1.277171336404994690e+03	2.404181738535190460e-01	1.515322375506102659e-01	2.637123014455803882e-01	1.581952418070411426e-01	7.475640406238936997e-02	3.147887753018642487e-02	7.990676375053727687e-02
1.278622667469091539e+03	2.402370329796796877e-01	1.514084780406881325e-01	2.638415352331030528e-01	1.582712271993440001e-01	7.478664175768409694e-02	3.150015630085122031e-02	7.995492848851375178e-02
1.280073998533187932e+03	2.400561991019519170e-01	1.512849283658303234e-01	2.639705417393519715e-01	1.583470817374578454e-01	7.481682911512474443e-02	3.152140705307427543e-02	8.000301288707284408e-02
1.281525329597284326e+03	2.398756716986955029e-01	1.511615881693356422e-01	2.640993213527941252e-01	1.584228056615343549e-01	7.484696623238142055e-02	3.154262980409838074e-02	8.005101708102441149e-02
1.282976660661381175e+03	2.396954502491638606e-01	1.510384570951108785e-01	2.642278744612355790e-01	1.584983992112270479e-01	7.487705320689314048e-02	3.156382457126660768e-02	8.009894120496671710e-02
1.284427991725477568e+03	2.395155342335024973e-01	1.509155347876697806e-01	2.643562014518225367e-01	1.585738626256925077e-01	7.490709013586850651e-02	3.158499137202157303e-02	8.014678539328647100e-02
1.285879322789574417e+03	2.393359231327474024e-01	1.507928208921321400e-01	2.644843027110423406e-01	1.586491961435917697e-01	7.493707711628640189e-02	3.160613022390472426e-02	8.019454978015909397e-02
1.287330653853671038e+03	2.391566164288234098e-01	1.506703150542226533e-01	2.646121786247249696e-01	1.587244000030917923e-01	7.496701424489667087e-02	3.162724114455561092e-02	8.024223449954881460e-02
1.288781984917767431e+03	2.389776136045425881e-01	1.505480169202700613e-01	2.647398295780437616e-01	1.587994744418666782e-01	7.499690161822081258e-02	3.164832415171119767e-02	8.028983968520882197e-02
1.290233315981864052e+03	2.387989141436026863e-01	1.504259261372060674e-01	2.648672559555168005e-01	1.588744196970991174e-01	7.502673933255266103e-02	3.166937926320512187e-02	8.033736547068143219e-02
