1.001418434226643626e+03	2.810677776431637631e-01	1.792947493095615741e-01	2.345472850332868675e-01	1.410861320402723995e-01	6.795740783552249586e-02	2.692190653953730958e-02	6.912474159852118050e-02
1.003837319333471214e+03	2.806511768969442433e-01	1.790101443748304821e-01	2.348476318085316594e-01	1.412625947275526483e-01	6.802700110336785955e-02	2.696651859989103103e-02	6.923493248874768025e-02
1.006256204440298802e+03	2.802357544197522365e-01	1.787263434273602125e-01	2.351471057709292878e-01	1.414385367470365751e-01	6.809638911120012572e-02	2.701105116269967785e-02	6.934481936088750242e-02
1.008675089547126618e+03	2.798215068357732260e-01	1.784433442122490276e-01	2.354457094044371257e-01	1.416139598143522915e-01	6.816557259528743806e-02	2.705550413746896782e-02	6.945440300029759317e-02
1.011093974653954206e+03	2.794084307799969413e-01	1.781611444800863531e-01	2.357434451859077851e-01	1.417888656376196099e-01	6.823455228853876620e-02	2.709987743619483511e-02	6.956368419152136884e-02
1.013512859760782021e+03	2.789965228981476919e-01	1.778797419869697638e-01	2.360403155851113488e-01	1.419632559175083575e-01	6.830332892052333460e-02	2.714417097334169415e-02	6.967266371826355553e-02
1.015931744867609382e+03	2.785857798466159774e-01	1.775991344945205552e-01	2.363363230647572977e-01	1.421371323472955528e-01	6.837190321748973232e-02	2.718838466582080074e-02	6.978134236336581975e-02
1.018350629974437197e+03	2.781761982923918186e-01	1.773193197698986201e-01	2.366314700805164373e-01	1.423104966129222215e-01	6.844027590238498104e-02	2.723251843296876570e-02	6.988972090878285692e-02
1.020769515081264785e+03	2.777677749129991436e-01	1.770402955858157990e-01	2.369257590810427694e-01	1.424833503930490186e-01	6.850844769487356156e-02	2.727657219652621090e-02	6.999780013555916003e-02
1.023188400188092373e+03	2.773605063964319495e-01	1.767620597205483701e-01	2.372191925079950303e-01	1.426556953591114341e-01	6.857641931135610713e-02	2.732054588061652578e-02	7.010558082380627387e-02
1.025607285294920075e+03	2.769543894410909646e-01	1.764846099579487348e-01	2.375117727960582292e-01	1.428275331753741106e-01	6.864419146498818014e-02	2.736443941172478703e-02	7.021306375268067390e-02
1.028026170401747549e+03	2.765494207557226969e-01	1.762079440874557423e-01	2.378035023729652420e-01	1.429988654989843289e-01	6.871176486569874342e-02	2.740825271867677881e-02	7.032024970036218625e-02
1.030445055508575479e+03	2.761455970593586495e-01	1.759320599041044875e-01	2.380943836595179608e-01	1.431696939800250201e-01	6.877914022020858997e-02	2.745198573261816918e-02	7.042713944403292126e-02
1.032863940615402726e+03	2.757429150812564234e-01	1.756569552085348040e-01	2.383844190696085275e-01	1.433400202615668639e-01	6.884631823204864776e-02	2.749563838699380439e-02	7.053373375985672045e-02
1.035282825722230655e+03	2.753413715608415413e-01	1.753826278069994249e-01	2.386736110102404829e-01	1.435098459797199411e-01	6.891329960157810408e-02	2.753921061752712812e-02	7.064003342295917254e-02
1.037701710829058356e+03	2.749409632476506049e-01	1.751090755113706987e-01	2.389619618815497226e-01	1.436791727636843874e-01	6.898008502600248837e-02	2.758270236219974303e-02	7.074603920740807350e-02
1.040120595935886058e+03	2.745416869012757277e-01	1.748362961391468906e-01	2.392494740768253969e-01	1.438480022358006039e-01	6.904667519939156062e-02	2.762611356123109707e-02	7.085175188619448339e-02
1.042539481042713533e+03	2.741435392913091906e-01	1.745642875134576499e-01	2.395361499825305884e-01	1.440163360115988278e-01	6.911307081269706110e-02	2.766944415705829136e-02	7.095717223121411621e-02
1.044958366149541234e+03	2.737465171972901512e-01	1.742930474630685900e-01	2.398219919783232124e-01	1.441841756998479829e-01	6.917927255377041840e-02	2.771269409431604061e-02	7.106230101324928494e-02
1.047377251256368709e+03	2.733506174086516860e-01	1.740225738223853680e-01	2.401070024370763611e-01	1.443515229026038627e-01	6.924528110738029096e-02	2.775586331981672039e-02	7.116713900195138776e-02
1.049796136363196410e+03	2.729558367246688877e-01	1.737528644314567383e-01	2.403911837248988992e-01	1.445183792152568147e-01	6.931109715522998371e-02	2.779895178253059818e-02	7.127168696582371343e-02
1.052215021470024112e+03	2.725621719544080168e-01	1.734839171359773835e-01	2.406745382011558632e-01	1.446847462265787310e-01	6.937672137597473976e-02	2.784195943356614078e-02	7.137594567220478803e-02
1.054633906576851814e+03	2.721696199166764307e-01	1.732157297872896073e-01	2.409570682184886126e-01	1.448506255187695102e-01	6.944215444523893499e-02	2.788488622615048484e-02	7.147991588725208234e-02
1.057052791683679516e+03	2.717781774399732342e-01	1.729483002423848337e-01	2.412387761228352023e-01	1.450160186675028828e-01	6.950739703563318939e-02	2.792773211561002528e-02	7.158359837592621899e-02
1.059471676790506763e+03	2.713878413624414287e-01	1.726816263639041338e-01	2.415196642534503946e-01	1.451809272419716523e-01	6.957244981677125628e-02	2.797049705935111472e-02	7.168699390197559584e-02
1.061890561897334692e+03	2.709986085318197846e-01	1.724157060201384761e-01	2.417997349429256704e-01	1.453453528049324373e-01	6.963731345528691163e-02	2.801318101684092607e-02	7.179010322792137022e-02
1.064309447004162394e+03	2.706104758053964887e-01	1.721505370850283101e-01	2.420789905172091305e-01	1.455092969127497471e-01	6.970198861485066288e-02	2.805578394958840524e-02	7.189292711504283173e-02
1.066728332110990095e+03	2.702234400499630707e-01	1.718861174381624002e-01	2.423574332956253963e-01	1.456727611154396418e-01	6.976647595618636066e-02	2.809830582112536959e-02	7.199546632336328855e-02
1.069147217217817570e+03	2.698374981417692164e-01	1.716224449647765771e-01	2.426350655908952880e-01	1.458357469567127529e-01	6.983077613708772724e-02	2.814074659698772435e-02	7.209772161163620352e-02
1.071566102324645271e+03	2.694526469664780821e-01	1.713595175557516559e-01	2.429118897091555040e-01	1.459982559740169161e-01	6.989488981243471843e-02	2.818310624469682127e-02	7.219969373733181595e-02
1.073984987431472746e+03	2.690688834191227730e-01	1.710973331076108273e-01	2.431879079499781604e-01	1.461602896985790545e-01	6.995881763420983002e-02	2.822538473374092138e-02	7.230138345662399935e-02
1.076403872538300675e+03	2.686862044040627673e-01	1.708358895225169094e-01	2.434631226063903864e-01	1.463218496554468118e-01	7.002256025151423757e-02	2.826758203555678264e-02	7.240279152437766041e-02
1.078822757645127922e+03	2.683046068349419500e-01	1.705751847082688233e-01	2.437375359648936146e-01	1.464829373635294640e-01	7.008611831058389474e-02	2.830969812351140716e-02	7.250391869413637391e-02
1.081241642751955851e+03	2.679240876346463684e-01	1.703152165782979011e-01	2.440111503054830100e-01	1.466435543356385263e-01	7.014949245480550655e-02	2.835173297288386129e-02	7.260476571811035063e-02
1.083660527858783553e+03	2.675446437352632101e-01	1.700559830516635285e-01	2.442839679016666210e-01	1.468037020785277202e-01	7.021268332473233620e-02	2.839368656084725884e-02	7.270533334716484941e-02
1.086079412965611255e+03	2.671662720780401679e-01	1.697974820530485374e-01	2.445559910204845866e-01	1.469633820929326373e-01	7.027569155809998414e-02	2.843555886645085171e-02	7.280562233080879742e-02
1.088498298072438729e+03	2.667889696133451394e-01	1.695397115127542931e-01	2.448272219225282875e-01	1.471225958736096795e-01	7.033851778984200054e-02	2.847734987060223169e-02	7.290563341718386825e-02
1.090917183179266431e+03	2.664127333006270359e-01	1.692826693666953097e-01	2.450976628619592756e-01	1.472813449093748894e-01	7.040116265210548396e-02	2.851905955604968831e-02	7.300536735305376834e-02
1.093336068286093905e+03	2.660375601083768138e-01	1.690263535563933939e-01	2.453673160865282032e-01	1.474396306831419756e-01	7.046362677426643017e-02	2.856068790736466037e-02	7.310482488379392574e-02
1.095754953392921607e+03	2.656634470140888937e-01	1.687707620289715937e-01	2.456361838375937801e-01	1.475974546719601155e-01	7.052591078294519200e-02	2.860223491092430889e-02	7.320400675338141483e-02
1.098173838499749309e+03	2.652903910042235802e-01	1.685158927371478987e-01	2.459042683501415083e-01	1.477548183470513143e-01	7.058801530202157837e-02	2.864370055489423236e-02	7.330291370438520027e-02
1.100592723606577010e+03	2.649183890741693692e-01	1.682617436392283838e-01	2.461715718528023622e-01	1.479117231738471816e-01	7.064994095265005047e-02	2.868508482921128949e-02	7.340154647795674170e-02
1.103011608713404712e+03	2.645474382282061443e-01	1.680083126991002707e-01	2.464380965678714674e-01	1.480681706120254848e-01	7.071168835327477920e-02	2.872638772556651912e-02	7.349990581382077892e-02
1.105430493820231959e+03	2.641775354794688169e-01	1.677555978862245722e-01	2.467038447113266142e-01	1.482241621155461764e-01	7.077325811964453595e-02	2.876760923738823361e-02	7.359799245026646397e-02
1.107849378927059888e+03	2.638086778499114660e-01	1.675035971756285158e-01	2.469688184928468810e-01	1.483796991326869485e-01	7.083465086482755579e-02	2.880874935982518509e-02	7.369580712413882628e-02
1.110268264033887590e+03	2.634408623702716445e-01	1.672523085478976601e-01	2.472330201158309537e-01	1.485347831060786217e-01	7.089586719922624791e-02	2.884980808972986352e-02	7.379335057083036276e-02
1.112687149140715292e+03	2.630740860800353520e-01	1.670017299891678464e-01	2.474964517774155270e-01	1.486894154727397832e-01	7.095690773059189216e-02	2.889078542564191623e-02	7.389062352427298863e-02
1.115106034247542766e+03	2.627083460274024507e-01	1.667518594911166774e-01	2.477591156684935958e-01	1.488435976641114544e-01	7.101777306403914136e-02	2.893168136777169580e-02	7.398762671693025206e-02
1.117524919354370468e+03	2.623436392692524155e-01	1.665026950509549686e-01	2.480210139737326347e-01	1.489973311060910077e-01	7.107846380206048198e-02	2.897249591798389465e-02	7.408436087978982620e-02
1.119943804461197942e+03	2.619799628711104167e-01	1.662542346714179775e-01	2.482821488715928615e-01	1.491506172190659452e-01	7.113898054454058373e-02	2.901322907978132193e-02	7.418082674235614016e-02
1.122362689568025871e+03	2.616173139071138465e-01	1.660064763607562444e-01	2.485425225343451949e-01	1.493034574179471774e-01	7.119932388877060758e-02	2.905388085828879141e-02	7.427702503264335676e-02
1.124781574674853118e+03	2.612556894599795121e-01	1.657594181327263494e-01	2.488021371280893235e-01	1.494558531122019973e-01	7.125949442946233336e-02	2.909445126023713080e-02	7.437295647716857250e-02
1.127200459781681047e+03	2.608950866209704955e-01	1.655130580065815038e-01	2.490609948127716911e-01	1.496078057058867206e-01	7.131949275876225958e-02	2.913494029394727430e-02	7.446862180094522554e-02
1.129619344888508749e+03	2.605355024898642347e-01	1.652673940070617520e-01	2.493190977422033994e-01	1.497593165976789098e-01	7.137931946626557833e-02	2.917534796931452179e-02	7.456402172747672585e-02
1.132038229995336451e+03	2.601769341749202713e-01	1.650224241643842016e-01	2.495764480640779992e-01	1.499103871809092936e-01	7.143897513903009477e-02	2.921567429779285685e-02	7.465915697875034895e-02
1.134457115102163925e+03	2.598193787928486653e-01	1.647781465142329760e-01	2.498330479199892817e-01	1.500610188435933801e-01	7.149846036159004936e-02	2.925591929237942451e-02	7.475402827523131011e-02
1.136876000208991627e+03	2.594628334687785753e-01	1.645345590977490002e-01	2.500888994454489866e-01	1.502112129684625708e-01	7.155777571596977360e-02	2.929608296759908873e-02	7.484863633585712994e-02
1.139294885315819101e+03	2.591072953362273390e-01	1.642916599615197037e-01	2.503440047699043713e-01	1.503609709329951638e-01	7.161692178169734579e-02	2.933616533948912516e-02	7.494298187803206945e-02
1.141713770422646803e+03	2.587527615370697753e-01	1.640494471575683344e-01	2.505983660167558913e-01	1.505102941094469404e-01	7.167589913581819128e-02	2.937616642558401464e-02	7.503706561762193972e-02
1.144132655529474505e+03	2.583992292215078201e-01	1.638079187433434392e-01	2.508519853033747138e-01	1.506591838648813353e-01	7.173470835290847447e-02	2.941608624490034060e-02	7.513088826894893935e-02
1.146551540636302207e+03	2.580466955480403279e-01	1.635670727817080672e-01	2.511048647411199819e-01	1.508076415611995236e-01	7.179335000508847708e-02	2.945592481792181846e-02	7.522445054478686666e-02
1.148970425743129908e+03	2.576951576834332625e-01	1.633269073409286121e-01	2.513570064353565225e-01	1.509556685551699251e-01	7.185182466203587914e-02	2.949568216658441169e-02	7.531775315635640122e-02
1.151389310849957155e+03	2.573446128026902757e-01	1.630874204946639872e-01	2.516084124854719994e-01	1.511032661984575698e-01	7.191013289099898453e-02	2.953535831426157623e-02	7.541079681332059359e-02
1.153808195956785084e+03	2.569950580890233427e-01	1.628486103219542458e-01	2.518590849848941771e-01	1.512504358376532410e-01	7.196827525680980775e-02	2.957495328574959517e-02	7.550358222378060480e-02
1.156227081063612786e+03	2.566464907338237844e-01	1.626104749072093125e-01	2.521090260211082401e-01	1.513971788143020081e-01	7.202625232189711901e-02	2.961446710725305562e-02	7.559611009427154305e-02
1.158645966170440488e+03	2.562989079366335687e-01	1.623730123401975201e-01	2.523582376756738355e-01	1.515434964649318428e-01	7.208406464629935062e-02	2.965389980637038111e-02	7.568838112975855015e-02
1.161064851277267962e+03	2.559523069051169997e-01	1.621362207160340907e-01	2.526067220242422251e-01	1.516893901210817075e-01	7.214171278767751716e-02	2.969325141207952018e-02	7.578039603363297128e-02
1.163483736384095664e+03	2.556066848550321291e-01	1.619000981351695068e-01	2.528544811365734946e-01	1.518348611093294498e-01	7.219919730132792757e-02	2.973252195472371809e-02	7.587215550770884387e-02
1.165902621490923138e+03	2.552620390102030012e-01	1.616646427033777145e-01	2.531015170765532618e-01	1.519799107513193914e-01	7.225651874019493881e-02	2.977171146599739623e-02	7.596366025221940044e-02
1.168321506597751068e+03	2.549183666024919526e-01	1.614298525317442168e-01	2.533478319022097747e-01	1.521245403637896954e-01	7.231367765488355692e-02	2.981081997893214597e-02	7.605491096581379340e-02
1.170740391704578315e+03	2.545756648717718007e-01	1.611957257366543883e-01	2.535934276657308417e-01	1.522687512585993719e-01	7.237067459367196864e-02	2.984984752788281265e-02	7.614590834555398646e-02
1.173159276811406244e+03	2.542339310658988660e-01	1.609622604397811796e-01	2.538383064134803746e-01	1.524125447427551183e-01	7.242751010252398980e-02	2.988879414851370112e-02	7.623665308691186804e-02
1.175578161918233945e+03	2.538931624406858267e-01	1.607294547680732377e-01	2.540824701860156520e-01	1.525559221184377978e-01	7.248418472510143040e-02	2.992765987778487138e-02	7.632714588376635079e-02
1.177997047025061647e+03	2.535533562598745738e-01	1.604973068537425274e-01	2.543259210181034180e-01	1.526988846830287794e-01	7.254069900277645977e-02	2.996644475393854534e-02	7.641738742840079035e-02
1.180415932131889122e+03	2.532145097951100099e-01	1.602658148342523126e-01	2.545686609387370902e-01	1.528414337291359448e-01	7.259705347464372183e-02	3.000514881648561408e-02	7.650737841150041796e-02
1.182834817238716823e+03	2.528766203259131817e-01	1.600349768523046667e-01	2.548106919711530804e-01	1.529835705446193628e-01	7.265324867753256144e-02	3.004377210619225622e-02	7.659711952215002284e-02
1.185253702345544298e+03	2.525396851396551345e-01	1.598047910558281770e-01	2.550520161328472812e-01	1.531252964126169902e-01	7.270928514601907033e-02	3.008231466506662566e-02	7.668661144783173178e-02
1.187672587452371999e+03	2.522037015315310993e-01	1.595752555979656206e-01	2.552926354355918304e-01	1.532666126115698468e-01	7.276516341243804975e-02	3.012077653634568850e-02	7.677585487442289969e-02
1.190091472559199701e+03	2.518686668045342358e-01	1.593463686370611698e-01	2.555325518854512645e-01	1.534075204152470229e-01	7.282088400689497310e-02	3.015915776448212932e-02	7.686485048619418059e-02
1.192510357666027403e+03	2.515345782694301535e-01	1.591181283366482069e-01	2.557717674827992282e-01	1.535480210927706590e-01	7.287644745727774043e-02	3.019745839513135813e-02	7.695359896580766801e-02
1.194929242772855105e+03	2.512014332447313758e-01	1.588905328654364735e-01	2.560102842223344610e-01	1.536881159086403159e-01	7.293185428926851621e-02	3.023567847513861789e-02	7.704210099431525738e-02
1.197348127879682352e+03	2.508692290566720828e-01	1.586635803972995529e-01	2.562481040930972842e-01	1.538278061227574545e-01	7.298710502635538666e-02	3.027381805252621350e-02	7.713035725115703622e-02
1.199767012986510281e+03	2.505379630391827428e-01	1.584372691112621578e-01	2.564852290784858657e-01	1.539670929904496111e-01	7.304220018984398932e-02	3.031187717648080662e-02	7.721836841415989638e-02
1.202185898093337983e+03	2.502076325338652985e-01	1.582115971914874186e-01	2.567216611562722073e-01	1.541059777624941007e-01	7.309714029886903164e-02	3.034985589734082861e-02	7.730613515953616011e-02
1.204604783200165684e+03	2.498782348899683536e-01	1.579865628272639488e-01	2.569574022986186868e-01	1.542444616851419426e-01	7.315192587040575400e-02	3.038775426658397658e-02	7.739365816188238656e-02
1.207023668306993159e+03	2.495497674643623875e-01	1.577621642129933832e-01	2.571924544720936012e-01	1.543825460001411742e-01	7.320655741928137894e-02	3.042557233681482398e-02	7.748093809417831712e-02
1.209442553413820860e+03	2.492222276215153853e-01	1.575383995481772215e-01	2.574268196376875983e-01	1.545202319447601391e-01	7.326103545818637985e-02	3.046331016175251108e-02	7.756797562778586230e-02
1.211861438520648335e+03	2.488956127334683854e-01	1.573152670374041717e-01	2.576604997508294970e-01	1.546575207518105788e-01	7.331536049768572205e-02	3.050096779621853937e-02	7.765477143244825520e-02
1.214280323627476264e+03	2.485699201798113323e-01	1.570927648903371332e-01	2.578934967614021634e-01	1.547944136496705037e-01	7.336953304623011762e-02	3.053854529612464938e-02	7.774132617628926045e-02
1.216699208734303511e+03	2.482451473476590675e-01	1.568708913217002898e-01	2.581258126137586650e-01	1.549309118623067028e-01	7.342355361016708604e-02	3.057604271846081634e-02	7.782764052581260528e-02
1.219118093841131440e+03	2.479212916316273496e-01	1.566496445512662594e-01	2.583574492467377026e-01	1.550670166092973645e-01	7.347742269375197310e-02	3.061346012128331531e-02	7.791371514590135494e-02
1.221536978947959142e+03	2.475983504338091779e-01	1.564290228038429653e-01	2.585884085936797638e-01	1.552027291058541147e-01	7.353114079915898382e-02	3.065079756370288344e-02	7.799955069981748257e-02
1.223955864054786844e+03	2.472763211637511449e-01	1.562090243092609243e-01	2.588186925824425555e-01	1.553380505628442210e-01	7.358470842649202093e-02	3.068805510587299321e-02	7.808514784920150831e-02
1.226374749161614318e+03	2.469552012384299000e-01	1.559896473023599239e-01	2.590483031354169907e-01	1.554729821868124362e-01	7.363812607379557895e-02	3.072523280897819509e-02	7.817050725407230505e-02
1.228793634268442020e+03	2.466349880822289453e-01	1.557708900229762550e-01	2.592772421695425655e-01	1.556075251800026482e-01	7.369139423706548564e-02	3.076233073522255737e-02	7.825562957282689025e-02
1.231212519375269494e+03	2.463156791269153767e-01	1.555527507159295275e-01	2.595055115963230130e-01	1.557416807403792514e-01	7.374451341025960172e-02	3.079934894781821697e-02	7.834051546224035656e-02
1.233631404482097196e+03	2.459972718116166801e-01	1.553352276310097368e-01	2.597331133218420129e-01	1.558754500616485739e-01	7.379748408530845127e-02	3.083628751097397883e-02	7.842516557746589956e-02
1.236050289588924898e+03	2.456797635827979442e-01	1.551183190229640796e-01	2.599600492467784574e-01	1.560088343332799998e-01	7.385030675212581053e-02	3.087314648988405408e-02	7.850958057203497042e-02
1.238469174695752372e+03	2.453631518942389345e-01	1.549020231514840751e-01	2.601863212664221048e-01	1.561418347405267859e-01	7.390298189861915779e-02	3.090992595071684682e-02	7.859376109785740083e-02
1.240888059802580301e+03	2.450474342070114719e-01	1.546863382811923537e-01	2.604119312706887346e-01	1.562744524644469335e-01	7.395551001070017894e-02	3.094662596060385532e-02	7.867770780522179153e-02
1.243306944909407548e+03	2.447326079894567574e-01	1.544712626816296397e-01	2.606368811441356348e-01	1.564066886819237556e-01	7.400789157229506476e-02	3.098324658762864267e-02	7.876142134279577600e-02
1.245725830016235477e+03	2.444186707171630002e-01	1.542567946272417057e-01	2.608611727659770896e-01	1.565385445656861940e-01	7.406012706535487766e-02	3.101978790081591844e-02	7.884490235762652011e-02
1.248144715123063179e+03	2.441056198729429638e-01	1.540429323973662168e-01	2.610848080100992563e-01	1.566700212843292195e-01	7.411221696986577956e-02	3.105624997012067581e-02	7.892815149514120776e-02
1.250563600229890881e+03	2.437934529468118727e-01	1.538296742762197133e-01	2.613077887450757086e-01	1.568011200023337326e-01	7.416416176385914882e-02	3.109263286641744672e-02	7.901116939914770709e-02
1.252982485336718355e+03	2.434821674359651800e-01	1.536170185528845100e-01	2.615301168341823690e-01	1.569318418800866033e-01	7.421596192342182208e-02	3.112893666148961597e-02	7.909395671183520882e-02
1.255401370443546057e+03	2.431717608447565571e-01	1.534049635212957063e-01	2.617517941354128852e-01	1.570621880739004050e-01	7.426761792270597518e-02	3.116516142801884631e-02	7.917651407377494788e-02
1.257820255550373531e+03	2.428622306846761059e-01	1.531935074802279750e-01	2.619728225014934520e-01	1.571921597360328993e-01	7.431913023393929563e-02	3.120130723957456262e-02	7.925884212392107775e-02
1.260239140657201460e+03	2.425535744743284594e-01	1.529826487332826002e-01	2.621932037798979098e-01	1.573217580147066030e-01	7.437049932743473868e-02	3.123737417060354002e-02	7.934094149961151698e-02
1.262658025764028707e+03	2.422457897394111048e-01	1.527723855888743210e-01	2.624129398128629553e-01	1.574509840541279404e-01	7.442172567160053320e-02	3.127336229641956150e-02	7.942281283656894841e-02
1.265076910870856636e+03	2.419388740126928727e-01	1.525627163602184255e-01	2.626320324374027404e-01	1.575798389945064215e-01	7.447280973294991002e-02	3.130927169319318304e-02	7.950445676890184610e-02
1.267495795977684338e+03	2.416328248339923435e-01	1.523536393653175947e-01	2.628504834853238603e-01	1.577083239720736274e-01	7.452375197611084412e-02	3.134510243794152995e-02	7.958587392910555780e-02
1.269914681084511813e+03	2.413276397501566140e-01	1.521451529269488012e-01	2.630682947832405638e-01	1.578364401191019728e-01	7.457455286383578297e-02	3.138085460851824243e-02	7.966706494806342909e-02
1.272333566191339514e+03	2.410233163150398150e-01	1.519372553726505426e-01	2.632854681525890195e-01	1.579641885639233856e-01	7.462521285701123608e-02	3.141652828360344540e-02	7.974803045504805232e-02
1.274752451298167216e+03	2.407198520894821281e-01	1.517299450347094902e-01	2.635020054096423592e-01	1.580915704309478198e-01	7.467573241466735068e-02	3.145212354269384669e-02	7.982877107772257119e-02
1.277171336404994690e+03	2.404172446412885800e-01	1.515232202501477499e-01	2.637179083655253331e-01	1.582185868406816021e-01	7.472611199398740411e-02	3.148764046609286299e-02	7.990928744214199908e-02
1.279590221511822392e+03	2.401154915452081429e-01	1.513170793607097608e-01	2.639331788262291867e-01	1.583452389097457780e-01	7.477635205031726850e-02	3.152307913490088459e-02	7.998958017275459298e-02
1.282009106618650094e+03	2.398145903829126957e-01	1.511115207128492788e-01	2.641478185926258715e-01	1.584715277508940701e-01	7.482645303717477825e-02	3.155843963100556787e-02	8.006964989240332453e-02
1.284427991725477568e+03	2.395145387429763462e-01	1.509065426577164970e-01	2.643618294604831442e-01	1.585974544730308911e-01	7.487641540625911141e-02	3.159372203707222493e-02	8.014949722232744822e-02
1.286846876832305497e+03	2.392153342208545863e-01	1.507021435511450846e-01	2.645752132204786111e-01	1.587230201812291075e-01	7.492623960745999068e-02	3.162892643653431035e-02	8.022912278216394466e-02
1.289265761939132744e+03	2.389169744188637812e-01	1.504983217536391971e-01	2.647879716582146048e-01	1.588482259767478033e-01	7.497592608886692600e-02	3.166405291358398433e-02	8.030852718994925532e-02
1.291684647045960673e+03	2.386194569461606574e-01	1.502950756303606250e-01	2.650001065542325618e-01	1.589730729570497381e-01	7.502547529677840166e-02	3.169910155316268963e-02	8.038771106212089235e-02
1.294103532152788375e+03	2.383227794187216808e-01	1.500924035511158328e-01	2.652116196840272333e-01	1.590975622158188052e-01	7.507488767571098010e-02	3.173407244095189511e-02	8.046667501351914553e-02
1.296522417259616077e+03	2.380269394593228227e-01	1.498903038903431628e-01	2.654225128180611737e-01	1.592216948429772960e-01	7.512416366840829474e-02	3.176896566336387395e-02	8.054541965738891418e-02
1.298941302366443551e+03	2.377319346975192427e-01	1.496887750270999573e-01	2.656327877217792843e-01	1.593454719247029971e-01	7.517330371585009829e-02	3.180378130753253735e-02	8.062394560538144184e-02
1.301360187473271253e+03	2.374377627696251103e-01	1.494878153450495684e-01	2.658424461556228025e-01	1.594688945434463434e-01	7.522230825726117232e-02	3.183851946130437233e-02	8.070225346755624529e-02
1.303779072580098727e+03	2.371444213186934269e-01	1.492874232324487016e-01	2.660514898750436785e-01	1.595919637779471822e-01	7.527117773012018120e-02	3.187318021322945588e-02	8.078034385238297421e-02
1.306197957686926657e+03	2.368519079944961248e-01	1.490875970821346486e-01	2.662599206305187871e-01	1.597146807032515936e-01	7.531991257016859564e-02	3.190776365255253155e-02	8.085821736674339566e-02
1.308616842793753904e+03	2.365602204535039166e-01	1.488883352915122693e-01	2.664677401675640822e-01	1.598370463907285155e-01	7.536851321141935234e-02	3.194226986920415540e-02	8.093587461593339250e-02
1.311035727900581833e+03	2.362693563588665890e-01	1.486896362625415580e-01	2.666749502267485861e-01	1.599590619080863696e-01	7.541698008616562476e-02	3.197669895379192523e-02	8.101331620366496178e-02
1.313454613007409534e+03	2.359793133803932130e-01	1.484914984017246253e-01	2.668815525437088221e-01	1.600807283193893260e-01	7.546531362498952455e-02	3.201105099759176537e-02	8.109054273206836583e-02
1.315873498114237009e+03	2.356900891945322707e-01	1.482939201200930979e-01	2.670875488491624705e-01	1.602020466850737068e-01	7.551351425677066409e-02	3.204532609253934322e-02	8.116755480169415837e-02
1.318292383221064711e+03	2.354016814843521710e-01	1.480968998331954611e-01	2.672929408689224129e-01	1.603230180619640843e-01	7.556158240869471909e-02	3.207952433122145119e-02	8.124435301151540501e-02
1.320711268327892412e+03	2.351140879395216265e-01	1.479004359610843478e-01	2.674977303239109983e-01	1.604436435032893238e-01	7.560951850626194959e-02	3.211364580686755510e-02	8.132093795892988974e-02
1.323130153434719887e+03	2.348273062562901692e-01	1.477045269283039086e-01	2.677019189301736435e-01	1.605639240586986261e-01	7.565732297329572087e-02	3.214769061334137729e-02	8.139731023976230773e-02
1.325549038541547588e+03	2.345413341374687211e-01	1.475091711638771841e-01	2.679055083988927111e-01	1.606838607742772651e-01	7.570499623195077465e-02	3.218165884513256303e-02	8.147347044826655504e-02
1.327967923648375290e+03	2.342561692924103045e-01	1.473143671012934752e-01	2.681085004364016089e-01	1.608034546925622976e-01	7.575253870272166679e-02	3.221555059734833998e-02	8.154941917712804633e-02
1.330386808755202765e+03	2.339718094369907520e-01	1.471201131784957983e-01	2.683108967441983905e-01	1.609227068525582449e-01	7.579995080445109390e-02	3.224936596570540659e-02	8.162515701746606012e-02
1.332805693862030694e+03	2.336882522935894158e-01	1.469264078378684502e-01	2.685126990189594109e-01	1.610416182897525250e-01	7.584723295433809520e-02	3.228310504652173729e-02	8.170068455883607028e-02
1.335224578968857941e+03	2.334054955910702667e-01	1.467332495262243242e-01	2.687139089525533708e-01	1.611601900361308015e-01	7.589438556794629587e-02	3.231676793670850562e-02	8.177600238923218856e-02
1.337643464075685870e+03	2.331235370647626037e-01	1.465406366947924477e-01	2.689145282320545283e-01	1.612784231201924157e-01	7.594140905921198392e-02	3.235035473376211140e-02	8.185111109508960703e-02
1.340062349182513572e+03	2.328423744564422637e-01	1.463485677992056033e-01	2.691145585397567985e-01	1.613963185669654021e-01	7.598830384045233977e-02	3.238386553575623578e-02	8.192601126128702671e-02
1.342481234289341273e+03	2.325620055143125531e-01	1.461570412994878387e-01	2.693140015531871323e-01	1.615138773980216436e-01	7.603507032237337426e-02	3.241730044133397243e-02	8.200070347114919722e-02
1.344900119396168748e+03	2.322824279929855684e-01	1.459660556600420045e-01	2.695128589451188383e-01	1.616311006314918031e-01	7.608170891407799175e-02	3.245065954970002137e-02	8.207518830644947028e-02
1.347319004502996449e+03	2.320036396534632395e-01	1.457756093496374583e-01	2.697111323835856278e-01	1.617479892820802290e-01	7.612822002307391422e-02	3.248394296061297287e-02	8.214946634741225606e-02
1.349737889609823924e+03	2.317256382631187883e-01	1.455857008413976028e-01	2.699088235318945483e-01	1.618645443610796930e-01	7.617460405528164724e-02	3.251715077437761919e-02	8.222353817271570164e-02
1.352156774716651853e+03	2.314484215956779389e-01	1.453963286127877563e-01	2.701059340486398064e-01	1.619807668763860453e-01	7.622086141504230694e-02	3.255028309183734259e-02	8.229740435949428612e-02
1.354575659823479100e+03	2.311719874312005429e-01	1.452074911456025796e-01	2.703024655877160343e-01	1.620966578325128693e-01	7.626699250512540551e-02	3.258334001436660049e-02	8.237106548334145739e-02
1.356994544930307029e+03	2.308963335560618446e-01	1.450191869259539468e-01	2.704984197983316130e-01	1.622122182306057758e-01	7.631299772673666437e-02	3.261632164386344540e-02	8.244452211831224120e-02
1.359413430037134731e+03	2.306214577629341345e-01	1.448314144442587603e-01	2.706937983250218283e-01	1.623274490684569471e-01	7.635887747952573024e-02	3.264922808274207944e-02	8.251777483692601667e-02
1.361832315143962205e+03	2.303473578507684583e-01	1.446441721952265724e-01	2.708886028076626373e-01	1.624423513405192920e-01	7.640463216159382176e-02	3.268205943392554769e-02	8.259082421016916697e-02
1.364251200250789907e+03	2.300740316247761597e-01	1.444574586778475667e-01	2.710828348814833810e-01	1.625569260379207404e-01	7.645026216950136233e-02	3.271481580083843155e-02	8.266367080749784102e-02
1.366670085357617609e+03	2.298014768964107002e-01	1.442712723953802623e-01	2.712764961770802730e-01	1.626711741484783147e-01	7.649576789827558509e-02	3.274749728739961840e-02	8.273631519684071511e-02
1.369088970464445310e+03	2.295296914833495072e-01	1.440856118553394405e-01	2.714695883204295557e-01	1.627850966567120083e-01	7.654114974141805472e-02	3.278010399801515456e-02	8.280875794460175465e-02
1.371507855571272785e+03	2.292586732094757662e-01	1.439004755694840154e-01	2.716621129329005457e-01	1.628986945438588019e-01	7.658640809091214752e-02	3.281263603757113290e-02	8.288099961566307294e-02
1.373926740678100487e+03	2.289884199048603519e-01	1.437158620538050435e-01	2.718540716312686789e-01	1.630119687878864854e-01	7.663154333723051770e-02	3.284509351142664291e-02	8.295304077338763737e-02
1.376345625784927961e+03	2.287189294057439537e-01	1.435317698285135946e-01	2.720454660277288883e-01	1.631249203635073419e-01	7.667655586934249423e-02	3.287747652540683185e-02	8.302488197962223926e-02
1.378764510891755890e+03	2.284501995545190067e-01	1.433481974180287610e-01	2.722362977299080944e-01	1.632375502421918312e-01	7.672144607472142219e-02	3.290978518579593115e-02	8.309652379470031103e-02
1.381183395998583137e+03	2.281822281997118451e-01	1.431651433509656679e-01	2.724265683408785832e-01	1.633498593921820508e-01	7.676621433935199024e-02	3.294201959933044238e-02	8.316796677744478505e-02
1.383602281105411066e+03	2.279150131959649384e-01	1.429826061601235654e-01	2.726162794591707739e-01	1.634618487785053365e-01	7.681086104773750256e-02	3.297417987319229554e-02	8.323921148517100799e-02
1.386021166212238768e+03	2.276485524040190167e-01	1.428005843824738663e-01	2.728054326787861528e-01	1.635735193629875017e-01	7.685538658290706759e-02	3.300626611500214608e-02	8.331025847368968285e-02
1.388440051319066470e+03	2.273828436906955297e-01	1.426190765591482112e-01	2.729940295892101521e-01	1.636848721042662158e-01	7.689979132642284221e-02	3.303827843281266496e-02	8.338110829730978335e-02
1.390858936425893944e+03	2.271178849288788271e-01	1.424380812354267556e-01	2.731820717754250283e-01	1.637959079578042709e-01	7.694407565838713714e-02	3.307021693510191901e-02	8.345176150884150990e-02
1.393277821532721646e+03	2.268536739974987282e-01	1.422575969607261237e-01	2.733695608179225189e-01	1.639066278759025164e-01	7.698823995744949467e-02	3.310208173076680666e-02	8.352221865959925939e-02
1.395696706639549120e+03	2.265902087815128974e-01	1.420776222885878071e-01	2.735564982927167210e-01	1.640170328077131534e-01	7.703228460081378015e-02	3.313387292911654236e-02	8.359248029940459512e-02
1.398115591746377049e+03	2.263274871718893855e-01	1.418981557766662571e-01	2.737428857713566366e-01	1.641271236992525029e-01	7.707620996424517645e-02	3.316559063986620343e-02	8.366254697658929984e-02
1.400534476853204296e+03	2.260655070655893106e-01	1.417191959867172002e-01	2.739287248209391623e-01	1.642369014934139948e-01	7.712001642207715058e-02	3.319723497313033234e-02	8.373241923799831787e-02
1.402953361960032225e+03	2.258042663655493998e-01	1.415407414845859246e-01	2.741140170041213575e-01	1.643463671299809359e-01	7.716370434721842031e-02	3.322880603941660155e-02	8.380209762899286374e-02
1.405372247066859927e+03	2.255437629806647248e-01	1.413627908401956235e-01	2.742987638791333227e-01	1.644555215456391939e-01	7.720727411115975436e-02	3.326030394961950604e-02	8.387158269345337813e-02
1.407791132173687402e+03	2.252839948257714664e-01	1.411853426275356815e-01	2.744829669997907451e-01	1.645643656739899929e-01	7.725072608398091123e-02	3.329172881501415299e-02	8.394087497378266427e-02
1.410210017280515103e+03	2.250249598216297331e-01	1.410083954246500459e-01	2.746666279155071666e-01	1.646729004455622924e-01	7.729406063435739771e-02	3.332308074725005842e-02	8.400997501090889941e-02
1.412628902387342805e+03	2.247666558949064364e-01	1.408319478136257352e-01	2.748497481713068624e-01	1.647811267878254715e-01	7.733727812956726899e-02	3.335435985834506178e-02	8.407888334428874344e-02
1.415047787494170507e+03	2.245090809781582208e-01	1.406559983805812653e-01	2.750323293078371090e-01	1.648890456252015135e-01	7.738037893549783164e-02	3.338556626067922667e-02	8.414760051191040591e-02
1.417466672600997981e+03	2.242522330098144501e-01	1.404805457156550474e-01	2.752143728613804519e-01	1.649966578790776350e-01	7.742336341665229105e-02	3.341670006698882478e-02	8.421612705029681012e-02
1.419885557707825683e+03	2.239961099341601647e-01	1.403055884129939535e-01	2.753958803638674180e-01	1.651039644678183593e-01	7.746623193615650993e-02	3.344776139036038237e-02	8.428446349450866015e-02
1.422304442814653157e+03	2.237407097013192903e-01	1.401311250707417966e-01	2.755768533428887279e-01	1.652109663067777567e-01	7.750898485576548924e-02	3.347875034422478913e-02	8.435261037814756335e-02
1.424723327921481086e+03	2.234860302672376786e-01	1.399571542910279798e-01	2.757572933217075639e-01	1.653176643083115460e-01	7.755162253587001564e-02	3.350966704235139315e-02	8.442056823335918059e-02
1.427142213028308333e+03	2.232320695936664268e-01	1.397836746799560603e-01	2.759372018192718379e-01	1.654240593817893068e-01	7.759414533550312854e-02	3.354051159884223476e-02	8.448833759083640427e-02
1.429561098135136262e+03	2.229788256481450015e-01	1.396106848475923146e-01	2.761165803502265148e-01	1.655301524336061925e-01	7.763655361234672592e-02	3.357128412812628027e-02	8.455591897982245309e-02
1.431979983241963964e+03	2.227262964039845861e-01	1.394381834079544136e-01	2.762954304249258808e-01	1.656359443671950316e-01	7.767884772273785099e-02	3.360198474495369736e-02	8.462331292811407779e-02
1.434398868348791666e+03	2.224744798402513990e-01	1.392661689790002655e-01	2.764737535494455334e-01	1.657414360830380962e-01	7.772102802167527025e-02	3.363261356439023464e-02	8.469051996206473920e-02
1.436817753455619140e+03	2.222233739417502907e-01	1.390946401826165246e-01	2.766515512255946496e-01	1.658466284786789813e-01	7.776309486282576011e-02	3.366317070181160803e-02	8.475754060658774458e-02
1.439236638562446842e+03	2.219729766990079511e-01	1.389235956446074616e-01	2.768288249509282539e-01	1.659515224487341234e-01	7.780504859853044908e-02	3.369365627289792886e-02	8.482437538515949504e-02
1.441655523669274316e+03	2.217232861082564788e-01	1.387530339946837776e-01	2.770055762187588200e-01	1.660561188849045688e-01	7.784688957981111823e-02	3.372407039362822212e-02	8.489102481982266357e-02
1.444074408776102018e+03	2.214743001714171433e-01	1.385829538664512250e-01	2.771818065181688717e-01	1.661604186759875201e-01	7.788861815637651564e-02	3.375441318027496557e-02	8.495748943118938690e-02
1.446493293882929493e+03	2.212260168960837881e-01	1.384133538973997546e-01	2.773575173340225852e-01	1.662644227078877990e-01	7.793023467662854586e-02	3.378468474939869126e-02	8.502376973844447128e-02
1.448912178989757422e+03	2.209784342955065095e-01	1.382442327288921358e-01	2.775327101469779456e-01	1.663681318636293094e-01	7.797173948766845941e-02	3.381488521784260792e-02	8.508986625934865378e-02
1.451331064096585123e+03	2.207315503885755592e-01	1.380755890061529656e-01	2.777073864334986264e-01	1.664715470233664174e-01	7.801313293530300064e-02	3.384501470272732737e-02	8.515577951024178027e-02
1.453749949203412370e+03	2.204853631998048846e-01	1.379074213782576219e-01	2.778815476658657579e-01	1.665746690643952199e-01	7.805441536405058334e-02	3.387507332144556321e-02	8.522151000604605287e-02
1.456168834310240300e+03	2.202398707593160310e-01	1.377397284981211611e-01	2.780551953121900843e-01	1.666774988611648411e-01	7.809558711714731372e-02	3.390506119165693361e-02	8.528705826026927728e-02
1.458587719417068001e+03	2.199950711028220984e-01	1.375725090224874103e-01	2.782283308364236762e-01	1.667800372852884794e-01	7.813664853655305498e-02	3.393497843128281954e-02	8.535242478500809638e-02
1.461006604523895703e+03	2.197509622716115052e-01	1.374057616119178926e-01	2.784009556983715883e-01	1.668822852055547035e-01	7.817759996295743641e-02	3.396482515850120232e-02	8.541761009095122370e-02
1.463425489630723177e+03	2.195075423125320835e-01	1.372394849307810027e-01	2.785730713537037939e-01	1.669842434879384441e-01	7.821844173578587633e-02	3.399460149174161894e-02	8.548261468738274638e-02
1.465844374737550879e+03	2.192648092779750923e-01	1.370736776472410157e-01	2.787446792539667317e-01	1.670859129956118183e-01	7.825917419320543855e-02	3.402430754968012450e-02	8.554743908218531701e-02
1.468263259844378354e+03	2.190227612258591749e-01	1.369083384332472064e-01	2.789157808465952959e-01	1.671872945889553153e-01	7.829979767213084141e-02	3.405394345123430311e-02	8.561208378184342882e-02
1.470682144951206283e+03	2.187813962196145656e-01	1.367434659645230810e-01	2.790863775749241604e-01	1.672883891255684541e-01	7.834031250823025871e-02	3.408350931555836211e-02	8.567654929144671860e-02
1.473101030058033530e+03	2.185407123281671582e-01	1.365790589205554684e-01	2.792564708781997695e-01	1.673891974602806920e-01	7.838071903593116230e-02	3.411300526203819156e-02	8.574083611469320021e-02
1.475519915164861459e+03	2.183007076259228796e-01	1.364151159845837236e-01	2.794260621915914955e-01	1.674897204451622212e-01	7.842101758842616455e-02	3.414243141028656253e-02	8.580494475389253972e-02
1.477938800271689161e+03	2.180613801927518136e-01	1.362516358435891251e-01	2.795951529462037399e-01	1.675899589295344883e-01	7.846120849767877770e-02	3.417178788013829072e-02	8.586887570996934449e-02
1.480357685378516862e+03	2.178227281139725746e-01	1.360886171882839668e-01	2.797637445690869806e-01	1.676899137599809908e-01	7.850129209442915923e-02	3.420107479164549019e-02	8.593262948246642441e-02
1.482776570485344337e+03	2.175847494803365978e-01	1.359260587131010112e-01	2.799318384832494289e-01	1.677895857803577695e-01	7.854126870819977402e-02	3.423029226507286887e-02	8.599620656954808096e-02
