1.001418434226643626e+03	2.810663388893718251e-01	1.792929262239252031e-01	2.345480126456545578e-01	1.410901004714363027e-01	6.795549744125353731e-02	2.692169692970492606e-02	6.912542739851709750e-02
1.002869765290740247e+03	2.808162298079859287e-01	1.791220628552336047e-01	2.347283291828925755e-01	1.411960710026356758e-01	6.799723867954446388e-02	2.694847680326521375e-02	6.919159166830601837e-02
1.004321096354836754e+03	2.805665454189234520e-01	1.789514892695234505e-01	2.349083311317399780e-01	1.413018538261079649e-01	6.803890590498015700e-02	2.697522802175477200e-02	6.925764642683374106e-02
1.005772427418933376e+03	2.803172849915420706e-01	1.787812049789123114e-01	2.350880190297046091e-01	1.414074493133558597e-01	6.808049927789609768e-02	2.700195056525394460e-02	6.932359184319859813e-02
1.007223758483029997e+03	2.800684477966066677e-01	1.786112094962286068e-01	2.352673934133711342e-01	1.415128578349023891e-01	6.812201895818378872e-02	2.702864441417070912e-02	6.938942808640011228e-02
1.008675089547126618e+03	2.798200331062839497e-01	1.784415023350130747e-01	2.354464548184027339e-01	1.416180797602954733e-01	6.816346510529230907e-02	2.705530954923893519e-02	6.945515532533694247e-02
1.010126420611223239e+03	2.795720401941366728e-01	1.782720830095198550e-01	2.356252037795429632e-01	1.417231154581124475e-01	6.820483787822990973e-02	2.708194595151666717e-02	6.952077372880492712e-02
1.011577751675319632e+03	2.793244683351184809e-01	1.781029510347180433e-01	2.358036408306172504e-01	1.418279652959646697e-01	6.824613743556549872e-02	2.710855360238441369e-02	6.958628346549511345e-02
1.013029082739416367e+03	2.790773168055685760e-01	1.779341059262927183e-01	2.359817665045347290e-01	1.419326296405018506e-01	6.828736393543020922e-02	2.713513248354342683e-02	6.965168470399189793e-02
1.014480413803512761e+03	2.788305848832065004e-01	1.777655472006462178e-01	2.361595813332900418e-01	1.420371088574166329e-01	6.832851753551891227e-02	2.716168257701401939e-02	6.971697761277106942e-02
1.015931744867609382e+03	2.785842718471267521e-01	1.775972743748992499e-01	2.363370858479649228e-01	1.421414033114488662e-01	6.836959839309174336e-02	2.718820386513384410e-02	6.978216236019799124e-02
1.017383075931706003e+03	2.783383769777938999e-01	1.774292869668919193e-01	2.365142805787298630e-01	1.422455133663901028e-01	6.841060666497564280e-02	2.721469633055623519e-02	6.984723911452569989e-02
1.018834406995802851e+03	2.780928995570374762e-01	1.772615844951848096e-01	2.366911660548459417e-01	1.423494393850877893e-01	6.845154250756575742e-02	2.724115995624848408e-02	6.991220804389317034e-02
1.020285738059899245e+03	2.778478388680467037e-01	1.770941664790599279e-01	2.368677428046663536e-01	1.424531817294496516e-01	6.849240607682711979e-02	2.726759472549019833e-02	6.997706931632347027e-02
1.021737069123995752e+03	2.776031941953660542e-01	1.769270324385216198e-01	2.370440113556381845e-01	1.425567407604479420e-01	6.853319752829595268e-02	2.729400062187160858e-02	7.004182309972202536e-02
1.023188400188092373e+03	2.773589648248899753e-01	1.767601818942974856e-01	2.372199722343041328e-01	1.426601168381236295e-01	6.857391701708132059e-02	2.732037762929192398e-02	7.010646956187489842e-02
1.024639731252188767e+03	2.771151500438581716e-01	1.765936143678392134e-01	2.373956259663040635e-01	1.427633103215906474e-01	6.861456469786651746e-02	2.734672573195764261e-02	7.017100887044706858e-02
1.026091062316285615e+03	2.768717491408510534e-01	1.764273293813233556e-01	2.375709730763767014e-01	1.428663215690399169e-01	6.865514072491056552e-02	2.737304491438093818e-02	7.023544119298072430e-02
1.027542393380382237e+03	2.766287614057847954e-01	1.762613264576520511e-01	2.377460140883613238e-01	1.429691509377437331e-01	6.869564525204968630e-02	2.739933516137797731e-02	7.029976669689366742e-02
1.028993724444478858e+03	2.763861861299067302e-01	1.760956051204538297e-01	2.379207495251994819e-01	1.430717987840595673e-01	6.873607843269877171e-02	2.742559645806731325e-02	7.036398554947760620e-02
1.030445055508575479e+03	2.761440226057907954e-01	1.759301648940841400e-01	2.380951799089364718e-01	1.431742654634343137e-01	6.877644041985284118e-02	2.745182878986822395e-02	7.042809791789661489e-02
1.031896386572671872e+03	2.759022701273329270e-01	1.757650053036260152e-01	2.382693057607231102e-01	1.432765513304082028e-01	6.881673136608848496e-02	2.747803214249910572e-02	7.049210396918548227e-02
1.033347717636768493e+03	2.756609279897467846e-01	1.756001258748908223e-01	2.384431276008173728e-01	1.433786567386189092e-01	6.885695142356532128e-02	2.750420650197583569e-02	7.055600387024821285e-02
1.034799048700865114e+03	2.754199954895591995e-01	1.754355261344185679e-01	2.386166459485859481e-01	1.434805820408054655e-01	6.889710074402742579e-02	2.753035185461017581e-02	7.061979778785645867e-02
1.036250379764961508e+03	2.751794719246056231e-01	1.752712056094785920e-01	2.387898613225059308e-01	1.435823275888121475e-01	6.893717947880474706e-02	2.755646818700814571e-02	7.068348588864800663e-02
1.037701710829058356e+03	2.749393565940260742e-01	1.751071638280699561e-01	2.389627742401664590e-01	1.436838937335924715e-01	6.897718777881459151e-02	2.758255548606843716e-02	7.074706833912529358e-02
1.039153041893154750e+03	2.746996487982606427e-01	1.749434003189217768e-01	2.391353852182702411e-01	1.437852808252129411e-01	6.901712579456299734e-02	2.760861373898080423e-02	7.081054530565390748e-02
1.040604372957251599e+03	2.744603478390453821e-01	1.747799146114938917e-01	2.393076947726352488e-01	1.438864892128570716e-01	6.905699367614613615e-02	2.763464293322449167e-02	7.087391695446118578e-02
1.042055704021347992e+03	2.742214530194079791e-01	1.746167062359769151e-01	2.394797034181963546e-01	1.439875192448289709e-01	6.909679157325179788e-02	2.766064305656662850e-02	7.093718345163477212e-02
1.043507035085444613e+03	2.739829636436638682e-01	1.744537747232928204e-01	2.396514116690068030e-01	1.440883712685573637e-01	6.913651963516070920e-02	2.768661409706067028e-02	7.100034496312120080e-02
1.044958366149541234e+03	2.737448790174117907e-01	1.742911196050951628e-01	2.398228200382400144e-01	1.441890456305991441e-01	6.917617801074797679e-02	2.771255604304481007e-02	7.106340165472453674e-02
1.046409697213637855e+03	2.735071984475300200e-01	1.741287404137691897e-01	2.399939290381909451e-01	1.442895426766432621e-01	6.921576684848451677e-02	2.773846888314043801e-02	7.112635369210500158e-02
1.047861028277734476e+03	2.732699212421723090e-01	1.739666366824323129e-01	2.401647391802779197e-01	1.443898627515143029e-01	6.925528629643831757e-02	2.776435260625055926e-02	7.118920124077764144e-02
1.049312359341831097e+03	2.730330467107637826e-01	1.738048079449341921e-01	2.403352509750440180e-01	1.444900061991761797e-01	6.929473650227596648e-02	2.779020720155825352e-02	7.125194446611099464e-02
1.050763690405927491e+03	2.727965741639971076e-01	1.736432537358568451e-01	2.405054649321587135e-01	1.445899733627358519e-01	6.933411761326394029e-02	2.781603265852513121e-02	7.131458353332581490e-02
1.052215021470024112e+03	2.725605029138285507e-01	1.734819735905149263e-01	2.406753815604195101e-01	1.446897645844468228e-01	6.937342977626996532e-02	2.784182896688978254e-02	7.137711860749378079e-02
1.053666352534120733e+03	2.723248322734743154e-01	1.733209670449557260e-01	2.408450013677534696e-01	1.447893802057128587e-01	6.941267313776444681e-02	2.786759611666625100e-02	7.143954985353623277e-02
1.055117683598217127e+03	2.720895615574064341e-01	1.731602336359593375e-01	2.410143248612187927e-01	1.448888205670914309e-01	6.945184784382180121e-02	2.789333409814250334e-02	7.150187743622295200e-02
1.056569014662313975e+03	2.718546900813493261e-01	1.729997729010386565e-01	2.411833525470063744e-01	1.449880860082972400e-01	6.949095404012177457e-02	2.791904290187890644e-02	7.156410152017091131e-02
1.058020345726410369e+03	2.716202171622758565e-01	1.728395843784394370e-01	2.413520849304413851e-01	1.450871768682058804e-01	6.952999187195081643e-02	2.794472251870672164e-02	7.162622226984312335e-02
1.059471676790506763e+03	2.713861421184036726e-01	1.726796676071402914e-01	2.415205225159847702e-01	1.451860934848571427e-01	6.956896148420341208e-02	2.797037293972658503e-02	7.168823984954741935e-02
1.060923007854603611e+03	2.711524642691915954e-01	1.725200221268525791e-01	2.416886658072348593e-01	1.452848361954585388e-01	6.960786302138345649e-02	2.799599415630699140e-02	7.175015442343532501e-02
1.062374338918700232e+03	2.709191829353359560e-01	1.723606474780204900e-01	2.418565153069288931e-01	1.453834053363887713e-01	6.964669662760553104e-02	2.802158616008283004e-02	7.181196615550085316e-02
1.063825669982796853e+03	2.706862974387671539e-01	1.722015432018209613e-01	2.420240715169445778e-01	1.454818012432010921e-01	6.968546244659626354e-02	2.804714894295386521e-02	7.187367520957943512e-02
1.065277001046893474e+03	2.704538071026458823e-01	1.720427088401634830e-01	2.421913349383016389e-01	1.455800242506266606e-01	6.972416062169566053e-02	2.807268249708326502e-02	7.193528174934683828e-02
1.066728332110990095e+03	2.702217112513598529e-01	1.718841439356899869e-01	2.423583060711632653e-01	1.456780746925778747e-01	6.976279129585835626e-02	2.809818681489610961e-02	7.199678593831797258e-02
1.068179663175086489e+03	2.699900092105200766e-01	1.717258480317747638e-01	2.425249854148377737e-01	1.457759529021518397e-01	6.980135461165500044e-02	2.812366188907793746e-02	7.205818793984594683e-02
1.069630994239183110e+03	2.697587003069578104e-01	1.715678206725242683e-01	2.426913734677800527e-01	1.458736592116335329e-01	6.983985071127350730e-02	2.814910771257325695e-02	7.211948791712091689e-02
1.071082325303279504e+03	2.695277838687206162e-01	1.714100614027769809e-01	2.428574707275931166e-01	1.459711939524991342e-01	6.987827973652038782e-02	2.817452427858409963e-02	7.218068603316911414e-02
1.072533656367376352e+03	2.692972592250692521e-01	1.712525697681029635e-01	2.430232776910295767e-01	1.460685574554193011e-01	6.991664182882204037e-02	2.819991158056855962e-02	7.224178245085176309e-02
1.073984987431472746e+03	2.690671257064744526e-01	1.710953453148039705e-01	2.431887948539932232e-01	1.461657500502623053e-01	6.995493712922599971e-02	2.822526961223933983e-02	7.230277733286416542e-02
1.075436318495569594e+03	2.688373826446133763e-01	1.709383875899129490e-01	2.433540227115404964e-01	1.462627720660973907e-01	6.999316577840228315e-02	2.825059836756232262e-02	7.236367084173461750e-02
1.076887649559666215e+03	2.686080293723665524e-01	1.707816961411937895e-01	2.435189617578820132e-01	1.463596238311978548e-01	7.003132791664461176e-02	2.827589784075511259e-02	7.242446313982352224e-02
1.078338980623762609e+03	2.683790652238142171e-01	1.706252705171411588e-01	2.436836124863840380e-01	1.464563056730442681e-01	7.006942368387172881e-02	2.830116802628562453e-02	7.248515438932236210e-02
1.079790311687859230e+03	2.681504895342335937e-01	1.704691102669800284e-01	2.438479753895700930e-01	1.465528179183275548e-01	7.010745321962862098e-02	2.832640891887064014e-02	7.254574475225285257e-02
1.081241642751955851e+03	2.679223016400953394e-01	1.703132149406654250e-01	2.440120509591223175e-01	1.466491608929521573e-01	7.014541666308782286e-02	2.835162051347440981e-02	7.260623439046592908e-02
1.082692973816052472e+03	2.676945008790604930e-01	1.701575840888820412e-01	2.441758396858829394e-01	1.467453349220391445e-01	7.018331415305063825e-02	2.837680280530721633e-02	7.266662346564088659e-02
1.084144304880149093e+03	2.674670865899773098e-01	1.700022172630439310e-01	2.443393420598559129e-01	1.468413403299292097e-01	7.022114582794844462e-02	2.840195578982398356e-02	7.272691213928451914e-02
1.085595635944245487e+03	2.672400581128781538e-01	1.698471140152940373e-01	2.445025585702083615e-01	1.469371774401858344e-01	7.025891182584387273e-02	2.842707946272286443e-02	7.278710057273016232e-02
1.087046967008342108e+03	2.670134147889763887e-01	1.696922738985037482e-01	2.446654897052720212e-01	1.470328465755982028e-01	7.029661228443211118e-02	2.845217381994384967e-02	7.284718892713692995e-02
1.088498298072438729e+03	2.667871559606633247e-01	1.695376964662726471e-01	2.448281359525447121e-01	1.471283480581843661e-01	7.033424734104209985e-02	2.847723885766737656e-02	7.290717736348878431e-02
1.089949629136535123e+03	2.665612809715051656e-01	1.693833812729279020e-01	2.449904977986917531e-01	1.472236822091939901e-01	7.037181713263776506e-02	2.850227457231294809e-02	7.296706604259375895e-02
1.091400960200631971e+03	2.663357891662399557e-01	1.692293278735239048e-01	2.451525757295476282e-01	1.473188493491116302e-01	7.040932179581928241e-02	2.852728096053774864e-02	7.302685512508313992e-02
1.092852291264728365e+03	2.661106798907746929e-01	1.690755358238417716e-01	2.453143702301172624e-01	1.474138497976593964e-01	7.044676146682427031e-02	2.855225801923526666e-02	7.308654477141061923e-02
1.094303622328825213e+03	2.658859524921822759e-01	1.689220046803887876e-01	2.454758817845776320e-01	1.475086838738000616e-01	7.048413628152902510e-02	2.857720574553394496e-02	7.314613514185155929e-02
1.095754953392921607e+03	2.656616063186985621e-01	1.687687340003979908e-01	2.456371108762790689e-01	1.476033518957398927e-01	7.052144637544971451e-02	2.860212413679579999e-02	7.320562639650218806e-02
1.097206284457018228e+03	2.654376407197195364e-01	1.686157233418276447e-01	2.457980579877468708e-01	1.476978541809315371e-01	7.055869188374358503e-02	2.862701319061508598e-02	7.326501869527887734e-02
1.098657615521114849e+03	2.652140550457984247e-01	1.684629722633607385e-01	2.459587236006826050e-01	1.477921910460769650e-01	7.059587294121018319e-02	2.865187290481692461e-02	7.332431219791735177e-02
1.100108946585211470e+03	2.649908486486425296e-01	1.683104803244042658e-01	2.461191081959657190e-01	1.478863628071301617e-01	7.063298968229256292e-02	2.867670327745597270e-02	7.338350706397196721e-02
1.101560277649308091e+03	2.647680208811107327e-01	1.681582470850889188e-01	2.462792122536548722e-01	1.479803697793001527e-01	7.067004224107842347e-02	2.870150430681509338e-02	7.344260345281501678e-02
1.103011608713404712e+03	2.645455710972104413e-01	1.680062721062682563e-01	2.464390362529894629e-01	1.480742122770536129e-01	7.070703075130135851e-02	2.872627599140399265e-02	7.350160152363602317e-02
1.104462939777501106e+03	2.643234986520950902e-01	1.678545549495183420e-01	2.465985806723909601e-01	1.481678906141178087e-01	7.074395534634203564e-02	2.875101832995792875e-02	7.356050143544098918e-02
1.105914270841597499e+03	2.641018029020609226e-01	1.677030951771369960e-01	2.467578459894644582e-01	1.482614051034833458e-01	7.078081615922932057e-02	2.877573132143636248e-02	7.361930334705178713e-02
1.107365601905694348e+03	2.638804832045445470e-01	1.675518923521432113e-01	2.469168326810000091e-01	1.483547560574068058e-01	7.081761332264151221e-02	2.880041496502166662e-02	7.367800741710543722e-02
1.108816932969790741e+03	2.636595389181199400e-01	1.674009460382766268e-01	2.470755412229741488e-01	1.484479437874136054e-01	7.085434696890746675e-02	2.882506926011779019e-02	7.373661380405353849e-02
1.110268264033887590e+03	2.634389694024960593e-01	1.672502557999968054e-01	2.472339720905512850e-01	1.485409686043006605e-01	7.089101723000783284e-02	2.884969420634897128e-02	7.379512266616150562e-02
1.111719595097984211e+03	2.632187740185138458e-01	1.670998212024825125e-01	2.473921257580850575e-01	1.486338308181390788e-01	7.092762423757613399e-02	2.887428980355843250e-02	7.385353416150802763e-02
1.113170926162080832e+03	2.629989521281437259e-01	1.669496418116311887e-01	2.475500026991198921e-01	1.487265307382769075e-01	7.096416812289994824e-02	2.889885605180709388e-02	7.391184844798440179e-02
1.114622257226177226e+03	2.627795030944826693e-01	1.667997171940582279e-01	2.477076033863922777e-01	1.488190686733416868e-01	7.100064901692207386e-02	2.892339295137227873e-02	7.397006568329397846e-02
1.116073588290273847e+03	2.625604262817518575e-01	1.666500469170963117e-01	2.478649282918323205e-01	1.489114449312431698e-01	7.103706705024169510e-02	2.894790050274643339e-02	7.402818602495150890e-02
1.117524919354370468e+03	2.623417210552937973e-01	1.665006305487947147e-01	2.480219778865650204e-01	1.490036598191758765e-01	7.107342235311546463e-02	2.897237870663585402e-02	7.408620963028259010e-02
1.118976250418467089e+03	2.621233867815700447e-01	1.663514676579185281e-01	2.481787526409117428e-01	1.490957136436217856e-01	7.110971505545869709e-02	2.899682756395940628e-02	7.414413665642310969e-02
1.120427581482563710e+03	2.619054228281582630e-01	1.662025578139480486e-01	2.483352530243916889e-01	1.491876067103529158e-01	7.114594528684646535e-02	2.902124707584727292e-02	7.420196726031866308e-02
1.121878912546660331e+03	2.616878285637498358e-01	1.660539005870780571e-01	2.484914795057231451e-01	1.492793393244337963e-01	7.118211317651478021e-02	2.904563724363968050e-02	7.425970159872397058e-02
1.123330243610756725e+03	2.614706033581472577e-01	1.659054955482169857e-01	2.486474325528250373e-01	1.493709117902241590e-01	7.121821885336165892e-02	2.906999806888566421e-02	7.431733982820244722e-02
1.124781574674853118e+03	2.612537465822616367e-01	1.657573422689863074e-01	2.488031126328182630e-01	1.494623244113814087e-01	7.125426244594824932e-02	2.909432955334179810e-02	7.437488210512555042e-02
1.126232905738949967e+03	2.610372576081100293e-01	1.656094403217196753e-01	2.489585202120270513e-01	1.495535774908632043e-01	7.129024408250000944e-02	2.911863169897095996e-02	7.443232858567233601e-02
1.127684236803046360e+03	2.608211358088131648e-01	1.654617892794621459e-01	2.491136557559804066e-01	1.496446713309298460e-01	7.132616389090773446e-02	2.914290450794110310e-02	7.448967942582893076e-02
1.129135567867143209e+03	2.606053805585925587e-01	1.653143887159695957e-01	2.492685197294134403e-01	1.497356062331468840e-01	7.136202199872870855e-02	2.916714798262400044e-02	7.454693478138804674e-02
1.130586898931239830e+03	2.603899912327686250e-01	1.651672382057077781e-01	2.494231125962688700e-01	1.498263824983876169e-01	7.139781853318784288e-02	2.919136212559404406e-02	7.460409480794850945e-02
1.132038229995336451e+03	2.601749672077577347e-01	1.650203373238515736e-01	2.495774348196982406e-01	1.499170004268353951e-01	7.143355362117867480e-02	2.921554693962700663e-02	7.466115966091474432e-02
1.133489561059432845e+03	2.599603078610698836e-01	1.648736856462841849e-01	2.497314868620633954e-01	1.500074603179862298e-01	7.146922738926454743e-02	2.923970242769883057e-02	7.471812949549633265e-02
1.134940892123529466e+03	2.597460125713063062e-01	1.647272827495963876e-01	2.498852691849378915e-01	1.500977624706511526e-01	7.150483996367967832e-02	2.926382859298441372e-02	7.477500446670755363e-02
1.136392223187626087e+03	2.595320807181572542e-01	1.645811282110857254e-01	2.500387822491083045e-01	1.501879071829585743e-01	7.154039147033021406e-02	2.928792543885640892e-02	7.483178472936695413e-02
1.137843554251722708e+03	2.593185116823991110e-01	1.644352216087556218e-01	2.501920265145755606e-01	1.502778947523568109e-01	7.157588203479536837e-02	2.931199296888402361e-02	7.488847043809690462e-02
1.139294885315819101e+03	2.591053048458925590e-01	1.642895625213146027e-01	2.503450024405564633e-01	1.503677254756163872e-01	7.161131178232843508e-02	2.933603118683181243e-02	7.494506174732316894e-02
1.140746216379915950e+03	2.588924595915796933e-01	1.641441505281755753e-01	2.504977104854848591e-01	1.504573996488323684e-01	7.164668083785792618e-02	2.936004009665850109e-02	7.500155881127450186e-02
1.142197547444012343e+03	2.586799753034821348e-01	1.639989852094547729e-01	2.506501511070131638e-01	1.505469175674268301e-01	7.168198932598857098e-02	2.938401970251580328e-02	7.505796178398221885e-02
1.143648878508108737e+03	2.584678513666983091e-01	1.638540661459710057e-01	2.508023247620135288e-01	1.506362795261511067e-01	7.171723737100244023e-02	2.940797000874723413e-02	7.511427081927980753e-02
1.145100209572205586e+03	2.582560871674014491e-01	1.637093929192449393e-01	2.509542319065793947e-01	1.507254858190881230e-01	7.175242509685995917e-02	2.943189101988693407e-02	7.517048607080258071e-02
1.146551540636302207e+03	2.580446820928368745e-01	1.635649651114980951e-01	2.511058729960268243e-01	1.508145367396547532e-01	7.178755262720103170e-02	2.945578274065850655e-02	7.522660769198720454e-02
1.148002871700398828e+03	2.578336355313201045e-01	1.634207823056519904e-01	2.512572484848958898e-01	1.509034325806040411e-01	7.182262008534599784e-02	2.947964517597385578e-02	7.528263583607146259e-02
1.149454202764495449e+03	2.576229468722342486e-01	1.632768440853273051e-01	2.514083588269516722e-01	1.509921736340275877e-01	7.185762759429677182e-02	2.950347833093202449e-02	7.533857065609375625e-02
1.150905533828591842e+03	2.574126155060279530e-01	1.631331500348430497e-01	2.515592044751859269e-01	1.510807601913576603e-01	7.189257527673781345e-02	2.952728221081803855e-02	7.539441230489284107e-02
1.152356864892688463e+03	2.572026408242130691e-01	1.629896997392157043e-01	2.517097858818185263e-01	1.511691925433696071e-01	7.192746325503719673e-02	2.955105682110175866e-02	7.545016093510743815e-02
1.153808195956785084e+03	2.569930222193622105e-01	1.628464927841581922e-01	2.518601034982984599e-01	1.512574709801840500e-01	7.196229165124767846e-02	2.957480216743675269e-02	7.550581669917592886e-02
1.155259527020881706e+03	2.567837590851068108e-01	1.627035287560790744e-01	2.520101577753054434e-01	1.513455957912690775e-01	7.199706058710766965e-02	2.959851825565913697e-02	7.556137974933602175e-02
1.156710858084978327e+03	2.565748508161347363e-01	1.625608072420817451e-01	2.521599491627511402e-01	1.514335672654424647e-01	7.203177018404233189e-02	2.962220509178645558e-02	7.561685023762440561e-02
1.158162189149074720e+03	2.563662968081880655e-01	1.624183278299634048e-01	2.523094781097803829e-01	1.515213856908738665e-01	7.206642056316453493e-02	2.964586268201655286e-02	7.567222831587648579e-02
1.159613520213171569e+03	2.561580964580608133e-01	1.622760901082141716e-01	2.524587450647727271e-01	1.516090513550870933e-01	7.210101184527589746e-02	2.966949103272644578e-02	7.572751413572606505e-02
1.161064851277267962e+03	2.559502491635970434e-01	1.621340936660163046e-01	2.526077504753437841e-01	1.516965645449621092e-01	7.213554415086782801e-02	2.969309015047121025e-02	7.578270784860499654e-02
1.162516182341364356e+03	2.557427543236882594e-01	1.619923380932430934e-01	2.527564947883462754e-01	1.517839255467373361e-01	7.217001760012249634e-02	2.971666004198287095e-02	7.583780960574297569e-02
1.163967513405461204e+03	2.555356113382715733e-01	1.618508229804579979e-01	2.529049784498715314e-01	1.518711346460117906e-01	7.220443231291390207e-02	2.974020071416928757e-02	7.589281955816722103e-02
1.165418844469557826e+03	2.553288196083274286e-01	1.617095479189138429e-01	2.530532019052508241e-01	1.519581921277471659e-01	7.223878840880879060e-02	2.976371217411306197e-02	7.594773785670218269e-02
1.166870175533654447e+03	2.551223785358773255e-01	1.615685125005518474e-01	2.532011655990565879e-01	1.520450982762699965e-01	7.227308600706772168e-02	2.978719442907043144e-02	7.600256465196934819e-02
1.168321506597751068e+03	2.549162875239819326e-01	1.614277163180005692e-01	2.533488699751039741e-01	1.521318533752736846e-01	7.230732522664606865e-02	2.981064748647018273e-02	7.605730009438692318e-02
1.169772837661847461e+03	2.547105459767386448e-01	1.612871589645750725e-01	2.534963154764517945e-01	1.522184577078206924e-01	7.234150618619497597e-02	2.983407135391256265e-02	7.611194433416958172e-02
1.171224168725944082e+03	2.545051532992797516e-01	1.611468400342760676e-01	2.536435025454040204e-01	1.523049115563446243e-01	7.237562900406233068e-02	2.985746603916820258e-02	7.616649752132828577e-02
1.172675499790040703e+03	2.543001088977702717e-01	1.610067591217888006e-01	2.537904316235111701e-01	1.523912152026522249e-01	7.240969379829381714e-02	2.988083155017702552e-02	7.622095980566995221e-02
1.174126830854137097e+03	2.540954121794056220e-01	1.608669158224821927e-01	2.539371031515715305e-01	1.524773689279255440e-01	7.244370068663383289e-02	2.990416789504718800e-02	7.627533133679734179e-02
1.175578161918233945e+03	2.538910625524098408e-01	1.607273097324079247e-01	2.540835175696323223e-01	1.525633730127238241e-01	7.247764978652650181e-02	2.992747508205400100e-02	7.632961226410875377e-02
1.177029492982330339e+03	2.536870594260334233e-01	1.605879404482994377e-01	2.542296753169912549e-01	1.526492277369857209e-01	7.251154121511661776e-02	2.995075311963888223e-02	7.638380273679783172e-02
1.178480824046426733e+03	2.534834022105510454e-01	1.604488075675709613e-01	2.543755768321976363e-01	1.527349333800311904e-01	7.254537508925067157e-02	2.997400201640829445e-02	7.643790290385338304e-02
1.179932155110523581e+03	2.532800903172597318e-01	1.603099106883165703e-01	2.545212225530537054e-01	1.528204902205635984e-01	7.257915152547772530e-02	2.999722178113267690e-02	7.649191291405914306e-02
1.181383486174620202e+03	2.530771231584766912e-01	1.601712494093092964e-01	2.546666129166159642e-01	1.529058985366716639e-01	7.261287064005048086e-02	3.002041242274541138e-02	7.654583291599360850e-02
1.182834817238716823e+03	2.528745001475374288e-01	1.600328233300000458e-01	2.548117483591963994e-01	1.529911586058314565e-01	7.264653254892612655e-02	3.004357395034178493e-02	7.659966305802984321e-02
1.184286148302813444e+03	2.526722206987935260e-01	1.598946320505166829e-01	2.549566293163639252e-01	1.530762707049083959e-01	7.268013736776739175e-02	3.006670637317793160e-02	7.665340348833528383e-02
1.185737479366910065e+03	2.524702842276106418e-01	1.597566751716631150e-01	2.551012562229453273e-01	1.531612351101591663e-01	7.271368521194344903e-02	3.008980970066981939e-02	7.670705435487158719e-02
1.187188810431006686e+03	2.522686901503666257e-01	1.596189522949182926e-01	2.552456295130269281e-01	1.532460520972337703e-01	7.274717619653085776e-02	3.011288394239220942e-02	7.676061580539444984e-02
1.188640141495103080e+03	2.520674378844494079e-01	1.594814630224351548e-01	2.553897496199555861e-01	1.533307219411773614e-01	7.278061043631452176e-02	3.013592910807763245e-02	7.681408798745345545e-02
1.190091472559199701e+03	2.518665268482550568e-01	1.593442069570397135e-01	2.555336169763401943e-01	1.534152449164322696e-01	7.281398804578861905e-02	3.015894520761537231e-02	7.686747104839192213e-02
1.191542803623296322e+03	2.516659564611856692e-01	1.592071837022300262e-01	2.556772320140527910e-01	1.534996212968399443e-01	7.284730913915755945e-02	3.018193225105044938e-02	7.692076513534673587e-02
1.192994134687392716e+03	2.514657261436475943e-01	1.590703928621753638e-01	2.558205951642298359e-01	1.535838513556426477e-01	7.288057383033690051e-02	3.020489024858262483e-02	7.697397039524821183e-02
1.194445465751489564e+03	2.512658353170493242e-01	1.589338340417150441e-01	2.559637068572735985e-01	1.536679353654856750e-01	7.291378223295427730e-02	3.022781921056536675e-02	7.702708697481998323e-02
1.195896796815585958e+03	2.510662834037994950e-01	1.587975068463575723e-01	2.561065675228531568e-01	1.537518735984189922e-01	7.294693446035033224e-02	3.025071914750486826e-02	7.708011502057886266e-02
1.197348127879682352e+03	2.508670698273050559e-01	1.586614108822795577e-01	2.562491775899060631e-01	1.538356663258992341e-01	7.298003062557961718e-02	3.027359007005905531e-02	7.713305467883466160e-02
1.198799458943779200e+03	2.506681940119692698e-01	1.585255457563247983e-01	2.563915374866392871e-01	1.539193138187916476e-01	7.301307084141155090e-02	3.029643198903658394e-02	7.718590609569016270e-02
1.200250790007875821e+03	2.504696553831896599e-01	1.583899110760031981e-01	2.565336476405306043e-01	1.540028163473717293e-01	7.304605522033130738e-02	3.031924491539585848e-02	7.723866941704091160e-02
1.201702121071972442e+03	2.502714533673562891e-01	1.582545064494899067e-01	2.566755084783298724e-01	1.540861741813272789e-01	7.307898387454074551e-02	3.034202886024405313e-02	7.729134478857518920e-02
1.203153452136069063e+03	2.500735873918495944e-01	1.581193314856242094e-01	2.568171204260600304e-01	1.541693875897601484e-01	7.311185691595928349e-02	3.036478383483613014e-02	7.734393235577385894e-02
1.204604783200165684e+03	2.498760568850387775e-01	1.579843857939085827e-01	2.569584839090188200e-01	1.542524568411881292e-01	7.314467445622484243e-02	3.038750985057386486e-02	7.739643226391029751e-02
1.206056114264262078e+03	2.496788612762795290e-01	1.578496689845076961e-01	2.570995993517795064e-01	1.543353822035466727e-01	7.317743660669472072e-02	3.041020691900488473e-02	7.744884465805026985e-02
1.207507445328358699e+03	2.494819999959124457e-01	1.577151806682473845e-01	2.572404671781926555e-01	1.544181639441907505e-01	7.321014347844650993e-02	3.043287505182169783e-02	7.750116968305187370e-02
1.208958776392455093e+03	2.492854724752609774e-01	1.575809204566135935e-01	2.573810878113868550e-01	1.545008023298967414e-01	7.324279518227899688e-02	3.045551426086073182e-02	7.755340748356547020e-02
1.210410107456551941e+03	2.490892781466294836e-01	1.574468879617515749e-01	2.575214616737702689e-01	1.545832976268640413e-01	7.327539182871299628e-02	3.047812455810139029e-02	7.760555820403353122e-02
1.211861438520648335e+03	2.488934164433015128e-01	1.573130827964646650e-01	2.576615891870319697e-01	1.546656501007170614e-01	7.330793352799232221e-02	3.050070595566510209e-02	7.765762198869065325e-02
1.213312769584745183e+03	2.486978867995378040e-01	1.571795045742133967e-01	2.578014707721428822e-01	1.547478600165067830e-01	7.334042039008460689e-02	3.052325846581435687e-02	7.770959898156346024e-02
1.214764100648841804e+03	2.485026886505745103e-01	1.570461529091144448e-01	2.579411068493571713e-01	1.548299276387126444e-01	7.337285252468223051e-02	3.054578210095178908e-02	7.776148932647053424e-02
1.216215431712937971e+03	2.483078214326212008e-01	1.569130274159396543e-01	2.580804978382134629e-01	1.549118532312443730e-01	7.340523004120313999e-02	3.056827687361921703e-02	7.781329316702234600e-02
1.217666762777034819e+03	2.481132845828591393e-01	1.567801277101149859e-01	2.582196441575361212e-01	1.549936370574434563e-01	7.343755304879177881e-02	3.059074279649672684e-02	7.786501064662124105e-02
1.219118093841131440e+03	2.479190775394394808e-01	1.566474534077195169e-01	2.583585462254362475e-01	1.550752793800851681e-01	7.346982165631993356e-02	3.061317988240174620e-02	7.791664190846138427e-02
1.220569424905228061e+03	2.477251997414811890e-01	1.565150041254844693e-01	2.584972044593133456e-01	1.551567804613800672e-01	7.350203597238762210e-02	3.063558814428810062e-02	7.796818709552866267e-02
1.222020755969324682e+03	2.475316506290695107e-01	1.563827794807922111e-01	2.586356192758560435e-01	1.552381405629759403e-01	7.353419610532389850e-02	3.065796759524512180e-02	7.801964635060074094e-02
1.223472087033421303e+03	2.473384296432538654e-01	1.562507790916751738e-01	2.587737910910437034e-01	1.553193599459593011e-01	7.356630216318778281e-02	3.068031824849671088e-02	7.807101981624695042e-02
1.224923418097517697e+03	2.471455362260461808e-01	1.561190025768148804e-01	2.589117203201474204e-01	1.554004388708571660e-01	7.359835425376909379e-02	3.070264011740042945e-02	7.812230763482828910e-02
1.226374749161614318e+03	2.469529698204191159e-01	1.559874495555409191e-01	2.590494073777313555e-01	1.554813775976388035e-01	7.363035248458928150e-02	3.072493321544660788e-02	7.817350994849738000e-02
1.227826080225710712e+03	2.467607298703041185e-01	1.558561196478299160e-01	2.591868526776537895e-01	1.555621763857172879e-01	7.366229696290231554e-02	3.074719755625743636e-02	7.822462689919851275e-02
1.229277411289807560e+03	2.465688158205897595e-01	1.557250124743045638e-01	2.593240566330686780e-01	1.556428354939512759e-01	7.369418779569550382e-02	3.076943315358605935e-02	7.827565862866753266e-02
1.230728742353903954e+03	2.463772271171197348e-01	1.555941276562326225e-01	2.594610196564264282e-01	1.557233551806466443e-01	7.372602508969033908e-02	3.079164002131568739e-02	7.832660527843191001e-02
1.232180073418000802e+03	2.461859632066913661e-01	1.554634648155257814e-01	2.595977421594752310e-01	1.558037357035580994e-01	7.375780895134338710e-02	3.081381817345871243e-02	7.837746698981068461e-02
1.233631404482097196e+03	2.459950235370535754e-01	1.553330235747387711e-01	2.597342245532626159e-01	1.558839773198909540e-01	7.378953948684705000e-02	3.083596762415581616e-02	7.842824390391450740e-02
1.235082735546193817e+03	2.458044075569051912e-01	1.552028035570683084e-01	2.598704672481361166e-01	1.559640802863025144e-01	7.382121680213044046e-02	3.085808838767509915e-02	7.847893616164558495e-02
1.236534066610290438e+03	2.456141147158931448e-01	1.550728043863520422e-01	2.600064706537449366e-01	1.560440448589039408e-01	7.385284100286024223e-02	3.088018047841118580e-02	7.852954390369772109e-02
1.237985397674387059e+03	2.454241444646107773e-01	1.549430256870675815e-01	2.601422351790408372e-01	1.561238712932618289e-01	7.388441219444148722e-02	3.090224391088437425e-02	7.858006727055634466e-02
1.239436728738483680e+03	2.452344962545960072e-01	1.548134670843314409e-01	2.602777612322794143e-01	1.562035598443997086e-01	7.391593048201840210e-02	3.092427869973975174e-02	7.863050640249844014e-02
1.240888059802580301e+03	2.450451695383296380e-01	1.546841282038980692e-01	2.604130492210214309e-01	1.562831107667997377e-01	7.394739597047522706e-02	3.094628485974634108e-02	7.868086143959268641e-02
1.242339390866676695e+03	2.448561637692334980e-01	1.545550086721588223e-01	2.605480995521337606e-01	1.563625243144043386e-01	7.397880876443706233e-02	3.096826240579623676e-02	7.873113252169937348e-02
1.243790721930773088e+03	2.446674784016687476e-01	1.544261081161408811e-01	2.606829126317908862e-01	1.564418007406176703e-01	7.401016896827063152e-02	3.099021135290374804e-02	7.878131978847047190e-02
1.245242052994869937e+03	2.444791128909342692e-01	1.542974261635063349e-01	2.608174888654757884e-01	1.565209402983073206e-01	7.404147668608512811e-02	3.101213171620454540e-02	7.883142337934964661e-02
1.246693384058966330e+03	2.442910666932647523e-01	1.541689624425510441e-01	2.609518286579812774e-01	1.565999432398057778e-01	7.407273202173306204e-02	3.103402351095481751e-02	7.888144343357234023e-02
1.248144715123063179e+03	2.441033392658290002e-01	1.540407165822037516e-01	2.610859324134111592e-01	1.566788098169120402e-01	7.410393507881098130e-02	3.105588675253043163e-02	7.893138009016571754e-02
1.249596046187159800e+03	2.439159300667282648e-01	1.539126882120249451e-01	2.612198005351814567e-01	1.567575402808932261e-01	7.413508596066034628e-02	3.107772145642608702e-02	7.898123348794877652e-02
1.251047377251256421e+03	2.437288385549945535e-01	1.537848769622059408e-01	2.613534334260215197e-01	1.568361348824860169e-01	7.416618477036829304e-02	3.109952763825447886e-02	7.903100376553237605e-02
1.252498708315352815e+03	2.435420641905887695e-01	1.536572824635677736e-01	2.614868314879751909e-01	1.569145938718983224e-01	7.419723161076845208e-02	3.112130531374546899e-02	7.908069106131924986e-02
1.253950039379449436e+03	2.433556064343991299e-01	1.535299043475602809e-01	2.616199951224020270e-01	1.569929174988106968e-01	7.422822658444172550e-02	3.114305449874526718e-02	7.913029551350407587e-02
1.255401370443546057e+03	2.431694647482394167e-01	1.534027422462609924e-01	2.617529247299786310e-01	1.570711060123778924e-01	7.425916979371711968e-02	3.116477520921559843e-02	7.917981726007357335e-02
1.256852701507642678e+03	2.429836385948474231e-01	1.532757957923741310e-01	2.618856207106993739e-01	1.571491596612304698e-01	7.429006134067246692e-02	3.118646746123288072e-02	7.922925643880648905e-02
1.258304032571739299e+03	2.427981274378829268e-01	1.531490646192296967e-01	2.620180834638780043e-01	1.572270786934761855e-01	7.432090132713528585e-02	3.120813127098741660e-02	7.927861318727370821e-02
1.259755363635835920e+03	2.426129307419263581e-01	1.530225483607822734e-01	2.621503133881487591e-01	1.573048633567016019e-01	7.435168985468348923e-02	3.122976665478258834e-02	7.932788764283826843e-02
1.261206694699932314e+03	2.424280479724768844e-01	1.528962466516101126e-01	2.622823108814671400e-01	1.573825138979734473e-01	7.438242702464620271e-02	3.125137362903403215e-02	7.937707994265548461e-02
1.262658025764028707e+03	2.422434785959508285e-01	1.527701591269141623e-01	2.624140763411115795e-01	1.574600305638403086e-01	7.441311293810458360e-02	3.127295221026885758e-02	7.942619022367297665e-02
1.264109356828125556e+03	2.420592220796800309e-01	1.526442854225170120e-01	2.625456101636842732e-01	1.575374136003338532e-01	7.444374769589254259e-02	3.129450241512482522e-02	7.947521862263072501e-02
1.265560687892221949e+03	2.418752778919099899e-01	1.525186251748618105e-01	2.626769127451125674e-01	1.576146632529706049e-01	7.447433139859749307e-02	3.131602426034956616e-02	7.952416527606123720e-02
1.267012018956318798e+03	2.416916455017984466e-01	1.523931780210113218e-01	2.628079844806499032e-01	1.576917797667531651e-01	7.450486414656115608e-02	3.133751776279978390e-02	7.957303032028952006e-02
1.268463350020415419e+03	2.415083243794136081e-01	1.522679435986469265e-01	2.629388257648770377e-01	1.577687633861717398e-01	7.453534603988035134e-02	3.135898293944047038e-02	7.962181389143319077e-02
1.269914681084511813e+03	2.413253139957324545e-01	1.521429215460675111e-01	2.630694369917032094e-01	1.578456143552056934e-01	7.456577717840771891e-02	3.138041980734412872e-02	7.967051612540262950e-02
1.271366012148608434e+03	2.411426138226391291e-01	1.520181115021886076e-01	2.631998185543673596e-01	1.579223329173248258e-01	7.459615766175248242e-02	3.140182838368997531e-02	7.971913715790097943e-02
1.272817343212705055e+03	2.409602233329233012e-01	1.518935131065412003e-01	2.633299708454391319e-01	1.579989193154910099e-01	7.462648758928122628e-02	3.142320868576316956e-02	7.976767712442428548e-02
1.274268674276801676e+03	2.407781420002785555e-01	1.517691259992708375e-01	2.634598942568202040e-01	1.580753737921594682e-01	7.465676706011864505e-02	3.144456073095405063e-02	7.981613616026152214e-02
1.275720005340898297e+03	2.405963692993006720e-01	1.516449498211366320e-01	2.635895891797452872e-01	1.581516965892802440e-01	7.468699617314826511e-02	3.146588453675736030e-02	7.986451440049481543e-02
1.277171336404994690e+03	2.404149047054860711e-01	1.515209842135101792e-01	2.637190560047832366e-01	1.582278879482996725e-01	7.471717502701320790e-02	3.148718012077147965e-02	7.991281197999942909e-02
1.278622667469091539e+03	2.402337476952300932e-01	1.513972288183745296e-01	2.638482951218383832e-01	1.583039481101617407e-01	7.474730372011699486e-02	3.150844750069767969e-02	7.996102903344390334e-02
1.280073998533187932e+03	2.400528977458254998e-01	1.512736832783232455e-01	2.639773069201514777e-01	1.583798773153094475e-01	7.477738235062419969e-02	3.152968669433933724e-02	8.000916569529015199e-02
1.281525329597284326e+03	2.398723543354606969e-01	1.511503472365594292e-01	2.641060917883008008e-01	1.584556758036863300e-01	7.480741101646122548e-02	3.155089771960121331e-02	8.005722209979361514e-02
1.282976660661381175e+03	2.396921169432183474e-01	1.510272203368945576e-01	2.642346501142036064e-01	1.585313438147377962e-01	7.483738981531704026e-02	3.157208059448866899e-02	8.010519838100328693e-02
1.284427991725477568e+03	2.395121850490734838e-01	1.509043022237475939e-01	2.643629822851168987e-01	1.586068815874124849e-01	7.486731884464396802e-02	3.159323533710695076e-02	8.015309467276186817e-02
1.285879322789574417e+03	2.393325581338920927e-01	1.507815925421440439e-01	2.644910886876387091e-01	1.586822893601636808e-01	7.489719820165829933e-02	3.161436196566042717e-02	8.020091110870593287e-02
1.287330653853671038e+03	2.391532356794295044e-01	1.506590909377147625e-01	2.646189697077092617e-01	1.587575673709506474e-01	7.492702798334115177e-02	3.163546049845186031e-02	8.024864782226594218e-02
1.288781984917767431e+03	2.389742171683287009e-01	1.505367970566951208e-01	2.647466257306120840e-01	1.588327158572401254e-01	7.495680828643908056e-02	3.165653095388165639e-02	8.029630494666646634e-02
1.290233315981864052e+03	2.387955020841187326e-01	1.504147105459238132e-01	2.648740571409749500e-01	1.589077350560074153e-01	7.498653920746489732e-02	3.167757335044716488e-02	8.034388261492621253e-02
