1.001418434226643626e+03	2.858315853687199981e-01	1.692397944357310335e-01	2.343940263601246299e-01	1.420290303143212918e-01	6.959939203238432737e-02	2.803503136343837507e-02	7.087114012525726203e-02
1.002869765290740247e+03	2.855675934871217958e-01	1.690825260252787621e-01	2.345676907973185121e-01	1.421366589493201493e-01	6.964382144406432162e-02	2.806183965618758158e-02	7.093986964068584034e-02
1.004321096354836754e+03	2.853040591680084392e-01	1.689255302105711898e-01	2.347410367590573033e-01	1.422440999309509124e-01	6.968817499287185968e-02	2.808861579131801886e-02	7.100848314719919452e-02
1.005772427418933376e+03	2.850409816159281129e-01	1.687688065176596863e-01	2.349140648259647191e-01	1.423513536268343205e-01	6.973245281860498967e-02	2.811535977878276693e-02	7.107698081620239527e-02
1.007223758483029997e+03	2.847783600368229973e-01	1.686123544734266233e-01	2.350867755775508383e-01	1.424584204036583035e-01	6.977665506075761415e-02	2.814207162868241283e-02	7.114536281907826720e-02
1.008675089547126618e+03	2.845161936380268264e-01	1.684561736055837922e-01	2.352591695922150172e-01	1.425653006271816736e-01	6.982078185852047536e-02	2.816875135126415200e-02	7.121362932718514061e-02
1.010126420611223239e+03	2.842544816282623898e-01	1.683002634426710165e-01	2.354312474472485539e-01	1.426719946622376223e-01	6.986483335078200185e-02	2.819539895692088627e-02	7.128178051185452002e-02
1.011577751675319632e+03	2.839932232176392568e-01	1.681446235140545697e-01	2.356030097188373529e-01	1.427785028727374117e-01	6.990880967612922436e-02	2.822201445619035992e-02	7.134981654438884990e-02
1.013029082739416367e+03	2.837324176176508894e-01	1.679892533499256768e-01	2.357744569820646174e-01	1.428848256216736778e-01	6.995271097284870565e-02	2.824859785975425072e-02	7.141773759605929417e-02
1.014480413803512761e+03	2.834720640411723114e-01	1.678341524812990704e-01	2.359455898109134864e-01	1.429909632711241219e-01	6.999653737892737315e-02	2.827514917843730255e-02	7.148554383810347412e-02
1.015931744867609382e+03	2.832121617024577209e-01	1.676793204400115200e-01	2.361164087782698373e-01	1.430969161822548408e-01	7.004028903205344880e-02	2.830166842320645110e-02	7.155323544172331740e-02
1.017383075931706003e+03	2.829527098171380484e-01	1.675247567587202779e-01	2.362869144559248125e-01	1.432026847153239080e-01	7.008396606961729558e-02	2.832815560516994610e-02	7.162081257808289303e-02
1.018834406995802851e+03	2.826937076022180695e-01	1.673704609709016911e-01	2.364571074145775664e-01	1.433082692296847316e-01	7.012756862871234731e-02	2.835461073557647704e-02	7.168827541830626038e-02
1.020285738059899245e+03	2.824351542760745737e-01	1.672164326108496468e-01	2.366269882238377920e-01	1.434136700837895517e-01	7.017109684613598297e-02	2.838103382581433007e-02	7.175562413347531809e-02
1.021737069123995752e+03	2.821770490584533664e-01	1.670626712136741299e-01	2.367965574522283845e-01	1.435188876351927434e-01	7.021455085839033161e-02	2.840742488741052063e-02	7.182285889462775019e-02
1.023188400188092373e+03	2.819193911704668820e-01	1.669091763152997787e-01	2.369658156671881344e-01	1.436239222405543414e-01	7.025793080168321603e-02	2.843378393202992613e-02	7.188997987275490276e-02
1.024639731252188767e+03	2.816621798345921301e-01	1.667559474524643870e-01	2.371347634350742806e-01	1.437287742556432601e-01	7.030123681192898544e-02	2.846011097147444976e-02	7.195698723879973002e-02
1.026091062316285615e+03	2.814054142746678089e-01	1.666029841627174324e-01	2.373034013211649806e-01	1.438334440353407351e-01	7.034446902474934815e-02	2.848640601768216360e-02	7.202388116365479598e-02
1.027542393380382237e+03	2.811490937158918624e-01	1.664502859844186888e-01	2.374717298896621143e-01	1.439379319336436536e-01	7.038762757547431526e-02	2.851266908272647935e-02	7.209066181816020658e-02
1.028993724444478858e+03	2.808932173848193159e-01	1.662978524567366168e-01	2.376397497036937256e-01	1.440422383036677745e-01	7.043071259914296389e-02	2.853890017881528449e-02	7.215732937310162520e-02
1.030445055508575479e+03	2.806377845093597778e-01	1.661456831196470862e-01	2.378074613253165215e-01	1.441463634976511976e-01	7.047372423050432544e-02	2.856509931829014082e-02	7.222388399920830204e-02
1.031896386572671872e+03	2.803827943187747196e-01	1.659937775139317950e-01	2.379748653155185911e-01	1.442503078669574446e-01	7.051666260401824593e-02	2.859126651362542751e-02	7.229032586715114506e-02
1.033347717636768493e+03	2.801282460436754218e-01	1.658421351811768807e-01	2.381419622342218489e-01	1.443540717620787894e-01	7.055952785385617709e-02	2.861740177742752231e-02	7.235665514754073546e-02
1.034799048700865114e+03	2.798741389160203097e-01	1.656907556637714496e-01	2.383087526402845047e-01	1.444576555326395895e-01	7.060232011390210616e-02	2.864350512243397928e-02	7.242287201092544036e-02
1.036250379764961508e+03	2.796204721691125661e-01	1.655396385049061891e-01	2.384752370915037833e-01	1.445610595273993937e-01	7.064503951775326362e-02	2.866957656151270656e-02	7.248897662778949758e-02
1.037701710829058356e+03	2.793672450375978555e-01	1.653887832485717857e-01	2.386414161446181736e-01	1.446642840942561625e-01	7.068768619872108083e-02	2.869561610766116141e-02	7.255496916855116996e-02
1.039153041893154750e+03	2.791144567574617152e-01	1.652381894395577033e-01	2.388072903553101201e-01	1.447673295802495153e-01	7.073026028983195324e-02	2.872162377400552108e-02	7.262084980356087183e-02
1.040604372957251599e+03	2.788621065660273901e-01	1.650878566234505185e-01	2.389728602782084932e-01	1.448701963315638108e-01	7.077276192382804532e-02	2.874759957379988476e-02	7.268661870309928164e-02
1.042055704021347992e+03	2.786101937019531127e-01	1.649377843466326710e-01	2.391381264668910323e-01	1.449728846935313953e-01	7.081519123316819264e-02	2.877354352042547567e-02	7.275227603737563498e-02
1.043507035085444613e+03	2.783587174052299940e-01	1.647879721562808542e-01	2.393030894738867320e-01	1.450753950106356549e-01	7.085754835002860963e-02	2.879945562738983611e-02	7.281782197652582334e-02
1.044958366149541234e+03	2.781076769171795804e-01	1.646384196003648215e-01	2.394677498506785074e-01	1.451777276265141803e-01	7.089983340630380548e-02	2.882533590832602605e-02	7.288325669061065937e-02
1.046409697213637855e+03	2.778570714804512454e-01	1.644891262276457211e-01	2.396321081477054415e-01	1.452798828839619305e-01	7.094204653360730584e-02	2.885118437699183205e-02	7.294858034961411442e-02
1.047861028277734476e+03	2.776069003390201906e-01	1.643400915876749024e-01	2.397961649143653395e-01	1.453818611249341475e-01	7.098418786327256869e-02	2.887700104726899017e-02	7.301379312344154215e-02
1.049312359341831097e+03	2.773571627381847260e-01	1.641913152307922785e-01	2.399599206990171429e-01	1.454836626905495478e-01	7.102625752635366441e-02	2.890278593316239139e-02	7.307889518191801326e-02
1.050763690405927491e+03	2.771078579245639384e-01	1.640427967081250771e-01	2.401233760489833724e-01	1.455852879210933759e-01	7.106825565362615005e-02	2.892853904879930105e-02	7.314388669478653904e-02
1.052215021470024112e+03	2.768589851460956375e-01	1.638945355715862862e-01	2.402865315105525146e-01	1.456867371560204294e-01	7.111018237558786037e-02	2.895426040842858512e-02	7.320876783170646163e-02
1.053666352534120733e+03	2.766105436520336358e-01	1.637465313738734329e-01	2.404493876289814092e-01	1.457880107339580011e-01	7.115203782245967112e-02	2.897995002641992612e-02	7.327353876225169149e-02
1.055117683598217127e+03	2.763625326929455839e-01	1.635987836684670016e-01	2.406119449484977191e-01	1.458891089927090157e-01	7.119382212418634559e-02	2.900560791726307028e-02	7.333819965590912537e-02
1.056569014662313975e+03	2.761149515207103611e-01	1.634512920096291011e-01	2.407742040123021510e-01	1.459900322692549157e-01	7.123553541043724235e-02	2.903123409556704684e-02	7.340275068207699483e-02
1.058020345726410369e+03	2.758677993885162993e-01	1.633040559524020496e-01	2.409361653625710920e-01	1.460907808997586599e-01	7.127717781060714797e-02	2.905682857605941874e-02	7.346719201006324251e-02
1.059471676790506763e+03	2.756210755508581300e-01	1.631570750526070424e-01	2.410978295404586913e-01	1.461913552195676369e-01	7.131874945381705411e-02	2.908239137358550538e-02	7.353152380908389851e-02
1.060923007854603611e+03	2.753747792635350966e-01	1.630103488668425693e-01	2.412591970860994695e-01	1.462917555632167466e-01	7.136025046891493473e-02	2.910792250310764023e-02	7.359574624826153988e-02
1.062374338918700232e+03	2.751289097836484565e-01	1.628638769524832774e-01	2.414202685386105107e-01	1.463919822644310642e-01	7.140168098447652323e-02	2.913342197970442138e-02	7.365985949662370857e-02
1.063825669982796853e+03	2.748834663695992608e-01	1.627176588676784164e-01	2.415810444360938225e-01	1.464920356561291159e-01	7.144304112880604796e-02	2.915888981856995174e-02	7.372386372310132940e-02
1.065277001046893474e+03	2.746384482810859118e-01	1.625716941713504504e-01	2.417415253156388055e-01	1.465919160704254320e-01	7.148433102993703714e-02	2.918432603501310701e-02	7.378775909652722509e-02
1.066728332110990095e+03	2.743938547791019422e-01	1.624259824231936711e-01	2.419017117133243910e-01	1.466916238386335447e-01	7.152555081563305439e-02	2.920973064445678280e-02	7.385154578563460359e-02
1.068179663175086489e+03	2.741496851259336287e-01	1.622805231836729756e-01	2.420616041642214000e-01	1.467911592912689023e-01	7.156670061338848976e-02	2.923510366243716949e-02	7.391522395905548992e-02
1.069630994239183110e+03	2.739059385851576045e-01	1.621353160140222294e-01	2.422212032023949579e-01	1.468905227580516726e-01	7.160778055042929524e-02	2.926044510460299938e-02	7.397879378531932448e-02
1.071082325303279504e+03	2.736626144216387502e-01	1.619903604762430727e-01	2.423805093609066874e-01	1.469897145679096018e-01	7.164879075371372030e-02	2.928575498671484589e-02	7.404225543285145039e-02
1.072533656367376352e+03	2.734197119015277511e-01	1.618456561331035326e-01	2.425395231718169842e-01	1.470887350489807621e-01	7.168973134993311680e-02	2.931103332464435676e-02	7.410560906997165631e-02
1.073984987431472746e+03	2.731772302922587659e-01	1.617012025481365523e-01	2.426982451661874041e-01	1.471875845286164108e-01	7.173060246551264674e-02	2.933628013437357407e-02	7.416885486489277479e-02
1.075436318495569594e+03	2.729351688625473171e-01	1.615569992856387138e-01	2.428566758740828835e-01	1.472862633333837934e-01	7.177140422661203167e-02	2.936149543199417788e-02	7.423199298571925286e-02
1.076887649559666215e+03	2.726935268823878489e-01	1.614130459106687954e-01	2.430148158245739043e-01	1.473847717890688080e-01	7.181213675912630212e-02	2.938667923370678892e-02	7.429502360044572262e-02
1.078338980623762609e+03	2.724523036230513950e-01	1.612693419890465496e-01	2.431726655457389086e-01	1.474831102206788924e-01	7.185280018868651919e-02	2.941183155582025033e-02	7.435794687695565508e-02
1.079790311687859230e+03	2.722114983570834701e-01	1.611258870873511773e-01	2.433302255646664636e-01	1.475812789524457713e-01	7.189339464066052399e-02	2.943695241475091998e-02	7.442076298301994464e-02
1.081241642751955851e+03	2.719711103583015155e-01	1.609826807729200226e-01	2.434874964074574544e-01	1.476792783078280380e-01	7.193392024015370090e-02	2.946204182702195917e-02	7.448347208629557681e-02
1.082692973816052472e+03	2.717311389017930123e-01	1.608397226138472413e-01	2.436444785992274431e-01	1.477771086095140129e-01	7.197437711200964372e-02	2.948709980926263186e-02	7.454607435432430984e-02
1.084144304880149093e+03	2.714915832639129278e-01	1.606970121789824402e-01	2.438011726641087784e-01	1.478747701794243807e-01	7.201476538081091894e-02	2.951212637820760723e-02	7.460856995453125917e-02
1.085595635944245487e+03	2.712524427222814949e-01	1.605545490379293450e-01	2.439575791252528436e-01	1.479722633387149100e-01	7.205508517087977349e-02	2.953712155069625200e-02	7.467095905422371782e-02
1.087046967008342108e+03	2.710137165557821581e-01	1.604123327610443850e-01	2.441136985048322494e-01	1.480695884077790903e-01	7.209533660627888418e-02	2.956208534367196078e-02	7.473324182058972698e-02
1.088498298072438729e+03	2.707754040445587984e-01	1.602703629194354162e-01	2.442695313240430544e-01	1.481667457062507964e-01	7.213551981081202380e-02	2.958701777418143788e-02	7.479541842069688251e-02
1.089949629136535123e+03	2.705375044700142895e-01	1.601286390849603336e-01	2.444250781031069575e-01	1.482637355530069534e-01	7.217563490802485215e-02	2.961191885937403470e-02	7.485748902149103046e-02
1.091400960200631971e+03	2.703000171148073894e-01	1.599871608302258219e-01	2.445803393612734633e-01	1.483605582661701450e-01	7.221568202120555446e-02	2.963678861650105231e-02	7.491945378979503189e-02
1.092852291264728365e+03	2.700629412628510750e-01	1.598459277285858571e-01	2.447353156168221022e-01	1.484572141631112785e-01	7.225566127338559075e-02	2.966162706291506843e-02	7.498131289230745844e-02
1.094303622328825213e+03	2.698262761993102665e-01	1.597049393541405127e-01	2.448900073870644567e-01	1.485537035604521661e-01	7.229557278734036196e-02	2.968643421606925389e-02	7.504306649560149589e-02
1.095754953392921607e+03	2.695900212105992177e-01	1.595641952817345444e-01	2.450444151883465205e-01	1.486500267740680226e-01	7.233541668558998716e-02	2.971121009351670311e-02	7.510471476612358421e-02
1.097206284457018228e+03	2.693541755843796293e-01	1.594236950869560854e-01	2.451985395360506692e-01	1.487461841190901857e-01	7.237519309039990023e-02	2.973595471290976788e-02	7.516625787019233507e-02
1.098657615521114849e+03	2.691187386095583167e-01	1.592834383461353975e-01	2.453523809445979365e-01	1.488421759099086139e-01	7.241490212378164093e-02	2.976066809199938087e-02	7.522769597399728281e-02
1.100108946585211470e+03	2.688837095762850460e-01	1.591434246363434279e-01	2.455059399274500676e-01	1.489380024601744679e-01	7.245454390749350715e-02	2.978535024863439989e-02	7.528902924359773263e-02
1.101560277649308091e+03	2.686490877759502571e-01	1.590036535353904767e-01	2.456592169971116568e-01	1.490336640828025527e-01	7.249411856304122104e-02	2.981000120076094870e-02	7.535025784492160872e-02
1.103011608713404712e+03	2.684148725011827885e-01	1.588641246218250036e-01	2.458122126651322847e-01	1.491291610899739273e-01	7.253362621167870616e-02	2.983462096642174391e-02	7.541138194376431625e-02
1.104462939777501106e+03	2.681810630458477673e-01	1.587248374749322122e-01	2.459649274421086551e-01	1.492244937931384574e-01	7.257306697440865650e-02	2.985920956375546012e-02	7.547240170578760343e-02
1.105914270841597499e+03	2.679476587050443892e-01	1.585857916747327734e-01	2.461173618376866490e-01	1.493196625030172309e-01	7.261244097198329972e-02	2.988376701099607069e-02	7.553331729651843740e-02
1.107365601905694348e+03	2.677146587751037532e-01	1.584469868019814376e-01	2.462695163605634896e-01	1.494146675296050553e-01	7.265174832490506329e-02	2.990829332647218855e-02	7.559412888134789399e-02
1.108816932969790741e+03	2.674820625535865859e-01	1.583084224381659244e-01	2.464213915184896853e-01	1.495095091821729283e-01	7.269098915342724065e-02	2.993278852860644865e-02	7.565483662553010302e-02
1.110268264033887590e+03	2.672498693392810765e-01	1.581700981655053684e-01	2.465729878182712775e-01	1.496041877692705635e-01	7.273016357755465733e-02	2.995725263591482793e-02	7.571544069418112421e-02
1.111719595097984211e+03	2.670180784322007117e-01	1.580320135669491532e-01	2.467243057657718952e-01	1.496987035987287773e-01	7.276927171704437869e-02	2.998168566700604512e-02	7.577594125227792021e-02
1.113170926162080832e+03	2.667866891335821111e-01	1.578941682261756074e-01	2.468753458659147249e-01	1.497930569776619314e-01	7.280831369140632059e-02	3.000608764058090155e-02	7.583633846465727413e-02
1.114622257226177226e+03	2.665557007458827510e-01	1.577565617275906718e-01	2.470261086226846203e-01	1.498872482124704031e-01	7.284728961990399876e-02	3.003045857543164623e-02	7.589663249601477646e-02
1.116073588290273847e+03	2.663251125727789659e-01	1.576191936563265394e-01	2.471765945391302122e-01	1.499812776088428889e-01	7.288619962155513943e-02	3.005479849044136523e-02	7.595682351090378426e-02
1.117524919354370468e+03	2.660949239191635618e-01	1.574820635982405459e-01	2.473268041173658505e-01	1.500751454717589028e-01	7.292504381513230383e-02	3.007910740458333634e-02	7.601691167373439417e-02
1.118976250418467089e+03	2.658651340911437622e-01	1.573451711399136976e-01	2.474767378585737421e-01	1.501688521054911907e-01	7.296382231916363759e-02	3.010338533692040811e-02	7.607689714877245712e-02
1.120427581482563710e+03	2.656357423960391539e-01	1.572085158686494233e-01	2.476263962630058935e-01	1.502623978136079785e-01	7.300253525193345361e-02	3.012763230660439953e-02	7.613678010013857911e-02
1.121878912546660331e+03	2.654067481423793007e-01	1.570720973724723801e-01	2.477757798299862202e-01	1.503557828989754153e-01	7.304118273148293983e-02	3.015184833287545135e-02	7.619656069180714975e-02
1.123330243610756725e+03	2.651781506399017441e-01	1.569359152401270940e-01	2.479248890579124898e-01	1.504490076637599594e-01	7.307976487561076984e-02	3.017603343506142580e-02	7.625623908760537084e-02
1.124781574674853118e+03	2.649499491995498390e-01	1.567999690610765995e-01	2.480737244442584033e-01	1.505420724094306828e-01	7.311828180187376902e-02	3.020018763257730290e-02	7.631581545121228494e-02
1.126232905738949967e+03	2.647221431334705333e-01	1.566642584255013293e-01	2.482222864855755662e-01	1.506349774367614636e-01	7.315673362758756682e-02	3.022431094492455603e-02	7.637528994615784550e-02
1.127684236803046360e+03	2.644947317550123689e-01	1.565287829242976714e-01	2.483705756774954587e-01	1.507277230458335948e-01	7.319512046982722120e-02	3.024840339169055162e-02	7.643466273582200099e-02
1.129135567867143209e+03	2.642677143787231508e-01	1.563935421490768307e-01	2.485185925147314900e-01	1.508203095360378110e-01	7.323344244542788484e-02	3.027246499254795942e-02	7.649393398343376504e-02
1.130586898931239830e+03	2.640410903203479487e-01	1.562585356921635249e-01	2.486663374910809132e-01	1.509127372060767303e-01	7.327169967098540182e-02	3.029649576725412796e-02	7.655310385207027279e-02
1.132038229995336451e+03	2.638148588968269315e-01	1.561237631465946241e-01	2.488138110994268515e-01	1.510050063539671028e-01	7.330989226285700155e-02	3.032049573565050171e-02	7.661217250465593431e-02
1.133489561059432845e+03	2.635890194262933139e-01	1.559892241061179574e-01	2.489610138317402133e-01	1.510971172770420867e-01	7.334802033716188163e-02	3.034446491766203124e-02	7.667114010396150481e-02
1.134940892123529466e+03	2.633635712280710806e-01	1.558549181651910642e-01	2.491079461790817740e-01	1.511890702719534685e-01	7.338608400978187396e-02	3.036840333329656610e-02	7.673000681260323808e-02
1.136392223187626087e+03	2.631385136226728760e-01	1.557208449189798616e-01	2.492546086316040077e-01	1.512808656346739389e-01	7.342408339636204151e-02	3.039231100264427887e-02	7.678877279304202608e-02
1.137843554251722708e+03	2.629138459317982290e-01	1.555870039633574231e-01	2.494010016785530581e-01	1.513725036604993690e-01	7.346201861231135832e-02	3.041618794587707883e-02	7.684743820758249688e-02
1.139294885315819101e+03	2.626895674783309431e-01	1.554533948949028133e-01	2.495471258082707922e-01	1.514639846440509197e-01	7.349988977280326463e-02	3.044003418324801868e-02	7.690600321837223752e-02
1.140746216379915950e+03	2.624656775863373759e-01	1.553200173108996718e-01	2.496929815081965764e-01	1.515553088792774561e-01	7.353769699277633298e-02	3.046384973509071864e-02	7.696446798740091966e-02
1.142197547444012343e+03	2.622421755810640520e-01	1.551868708093350480e-01	2.498385692648693313e-01	1.516464766594575464e-01	7.357544038693487887e-02	3.048763462181879741e-02	7.702283267649946696e-02
1.143648878508108737e+03	2.620190607889358314e-01	1.550539549888980406e-01	2.499838895639293623e-01	1.517374882772017097e-01	7.361312006974954358e-02	3.051138886392528587e-02	7.708109744733930568e-02
1.145100209572205586e+03	2.617963325375537442e-01	1.549212694489787989e-01	2.501289428901203871e-01	1.518283440244546922e-01	7.365073615545798813e-02	3.053511248198206157e-02	7.713926246143151810e-02
1.146551540636302207e+03	2.615739901556926039e-01	1.547888137896669958e-01	2.502737297272913386e-01	1.519190441924975210e-01	7.368828875806540668e-02	3.055880549663927970e-02	7.719732788012599600e-02
1.148002871700398828e+03	2.613520329732993974e-01	1.546565876117507732e-01	2.504182505583983920e-01	1.520095890719497522e-01	7.372577799134522047e-02	3.058246792862480412e-02	7.725529386461081616e-02
1.149454202764495449e+03	2.611304603214908426e-01	1.545245905167154099e-01	2.505625058655067683e-01	1.520999789527715529e-01	7.376320396883966068e-02	3.060609979874363493e-02	7.731316057591131052e-02
1.150905533828591842e+03	2.609092715325515011e-01	1.543928221067421003e-01	2.507064961297925665e-01	1.521902141242659212e-01	7.380056680386032353e-02	3.062970112787737065e-02	7.737092817488938623e-02
1.152356864892688463e+03	2.606884659399316684e-01	1.542612819847067052e-01	2.508502218315448173e-01	1.522802948750807683e-01	7.383786660948883640e-02	3.065327193698362193e-02	7.742859682224276230e-02
1.153808195956785084e+03	2.604680428782452095e-01	1.541299697541785862e-01	2.509936834501673153e-01	1.523702214932109444e-01	7.387510349857742686e-02	3.067681224709548071e-02	7.748616667850426187e-02
1.155259527020881706e+03	2.602480016832676157e-01	1.539988850194192738e-01	2.511368814641803393e-01	1.524599942660005425e-01	7.391227758374951939e-02	3.070032207932095122e-02	7.754363790404099344e-02
1.156710858084978327e+03	2.600283416919338397e-01	1.538680273853813008e-01	2.512798163512227623e-01	1.525496134801448134e-01	7.394938897740035988e-02	3.072380145484239836e-02	7.760101065905372630e-02
1.158162189149074720e+03	2.598090622423363527e-01	1.537373964577069818e-01	2.514224885880537719e-01	1.526390794216923863e-01	7.398643779169755685e-02	3.074725039491601683e-02	7.765828510357614123e-02
1.159613520213171569e+03	2.595901626737229795e-01	1.536069918427271919e-01	2.515648986505546469e-01	1.527283923760472950e-01	7.402342413858176151e-02	3.077066892087126915e-02	7.771546139747409487e-02
1.161064851277267962e+03	2.593716423264949000e-01	1.534768131474599784e-01	2.517070470137309224e-01	1.528175526279710039e-01	7.406034812976713955e-02	3.079405705411035130e-02	7.777253970044498144e-02
1.162516182341364356e+03	2.591535005422046511e-01	1.533468599796095899e-01	2.518489341517137770e-01	1.529065604615845453e-01	7.409720987674203729e-02	3.081741481610765152e-02	7.782952017201703876e-02
1.163967513405461204e+03	2.589357366635539059e-01	1.532171319475651439e-01	2.519905605377623092e-01	1.529954161603705176e-01	7.413400949076955071e-02	3.084074222840921253e-02	7.788640297154866832e-02
1.165418844469557826e+03	2.587183500343916420e-01	1.530876286603994330e-01	2.521319266442650364e-01	1.530841200071750841e-01	7.417074708288812213e-02	3.086403931263218686e-02	7.794318825822775521e-02
1.166870175533654447e+03	2.585013399997120875e-01	1.529583497278675930e-01	2.522730329427419482e-01	1.531726722842101651e-01	7.420742276391208148e-02	3.088730609046432679e-02	7.799987619107102976e-02
1.168321506597751068e+03	2.582847059056525008e-01	1.528292947604061314e-01	2.524138799038463388e-01	1.532610732730552427e-01	7.424403664443225692e-02	3.091054258366343968e-02	7.805646692892342919e-02
1.169772837661847461e+03	2.580684470994913382e-01	1.527004633691314284e-01	2.525544679973661943e-01	1.533493232546595253e-01	7.428058883481651609e-02	3.093374881405686755e-02	7.811296063045744531e-02
1.171224168725944082e+03	2.578525629296460897e-01	1.525718551658388211e-01	2.526947976922266359e-01	1.534374225093438626e-01	7.431707944521039055e-02	3.095692480354094583e-02	7.816935745417248615e-02
1.172675499790040703e+03	2.576370527456714465e-01	1.524434697630011604e-01	2.528348694564914179e-01	1.535253713168027723e-01	7.435350858553760323e-02	3.098007057408051421e-02	7.822565755839433477e-02
1.174126830854137097e+03	2.574219158982570810e-01	1.523153067737677557e-01	2.529746837573646490e-01	1.536131699561064379e-01	7.438987636550065119e-02	3.100318614770836492e-02	7.828186110127441366e-02
1.175578161918233945e+03	2.572071517392257034e-01	1.521873658119630990e-01	2.531142410611925131e-01	1.537008187057026243e-01	7.442618289458138858e-02	3.102627154652473976e-02	7.833796824078927135e-02
1.177029492982330339e+03	2.569927596215311194e-01	1.520596464920856983e-01	2.532535418334654342e-01	1.537883178434187037e-01	7.446242828204158171e-02	3.104932679269682000e-02	7.839397913473999946e-02
1.178480824046426733e+03	2.567787388992562314e-01	1.519321484293068292e-01	2.533925865388196308e-01	1.538756676464635154e-01	7.449861263692345026e-02	3.107235190845820949e-02	7.844989394075153888e-02
1.179932155110523581e+03	2.565650889276108737e-01	1.518048712394694522e-01	2.535313756410387254e-01	1.539628683914293916e-01	7.453473606805026408e-02	3.109534691610842116e-02	7.850571281627226339e-02
1.181383486174620202e+03	2.563518090629299806e-01	1.516778145390869637e-01	2.536699096030557432e-01	1.540499203542941287e-01	7.457079868402688438e-02	3.111831183801238090e-02	7.856143591857328579e-02
1.182834817238716823e+03	2.561388986626714770e-01	1.515509779453420025e-01	2.538081888869548330e-01	1.541368238104228183e-01	7.460680059324030500e-02	3.114124669659991060e-02	7.861706340474797217e-02
1.184286148302813444e+03	2.559263570854145020e-01	1.514243610760852010e-01	2.539462139539730434e-01	1.542235790345697632e-01	7.464274190386024910e-02	3.116415151436523548e-02	7.867259543171131742e-02
1.185737479366910065e+03	2.557141836908570776e-01	1.512979635498341302e-01	2.540839852645020436e-01	1.543101863008804475e-01	7.467862272383966882e-02	3.118702631386648105e-02	7.872803215619948725e-02
1.187188810431006686e+03	2.555023778398144985e-01	1.511717849857720231e-01	2.542215032780897888e-01	1.543966458828933686e-01	7.471444316091535587e-02	3.120987111772517350e-02	7.878337373476922145e-02
1.188640141495103080e+03	2.552909388942170010e-01	1.510458250037465811e-01	2.543587684534423521e-01	1.544829580535419800e-01	7.475020332260844114e-02	3.123268594862575742e-02	7.883862032379733431e-02
1.190091472559199701e+03	2.550798662171080977e-01	1.509200832242688917e-01	2.544957812484256454e-01	1.545691230851565789e-01	7.478590331622494980e-02	3.125547082931508236e-02	7.889377207948018722e-02
1.191542803623296322e+03	2.548691591726423566e-01	1.507945592685121239e-01	2.546325421200672512e-01	1.546551412494661382e-01	7.482154324885638419e-02	3.127822578260192748e-02	7.894882915783318911e-02
1.192994134687392716e+03	2.546588171260836808e-01	1.506692527583105568e-01	2.547690515245579768e-01	1.547410128176001654e-01	7.485712322738020952e-02	3.130095083135651240e-02	7.900379171469029682e-02
1.194445465751489564e+03	2.544488394438030876e-01	1.505441633161581916e-01	2.549053099172536863e-01	1.548267380600905629e-01	7.489264335846042286e-02	3.132364599851002185e-02	7.905865990570347390e-02
1.195896796815585958e+03	2.542392254932769879e-01	1.504192905652076417e-01	2.550413177526769104e-01	1.549123172468734599e-01	7.492810374854810829e-02	3.134631130705409219e-02	7.911343388634226037e-02
1.197348127879682352e+03	2.540299746430849659e-01	1.502946341292690779e-01	2.551770754845186784e-01	1.549977506472911548e-01	7.496350450388195030e-02	3.136894678004036041e-02	7.916811381189327312e-02
1.198799458943779200e+03	2.538210862629080578e-01	1.501701936328089237e-01	2.553125835656402387e-01	1.550830385300938363e-01	7.499884573048876124e-02	3.139155244057997840e-02	7.922269983745970634e-02
1.200250790007875821e+03	2.536125597235267537e-01	1.500459687009487730e-01	2.554478424480745580e-01	1.551681811634413599e-01	7.503412753418403636e-02	3.141412831184312027e-02	7.927719211796090126e-02
1.201702121071972442e+03	2.534043943968189994e-01	1.499219589594641966e-01	2.555828525830282638e-01	1.552531788149051351e-01	7.506935002057249506e-02	3.143667441705854521e-02	7.933159080813188824e-02
1.203153452136069063e+03	2.531965896557581974e-01	1.497981640347836318e-01	2.557176144208831992e-01	1.553380317514699571e-01	7.510451329504856666e-02	3.145919077951308401e-02	7.938589606252294262e-02
1.204604783200165684e+03	2.529891448744114313e-01	1.496745835539871061e-01	2.558521284111980321e-01	1.554227402395357838e-01	7.513961746279694542e-02	3.148167742255120194e-02	7.944010803549905742e-02
1.206056114264262078e+03	2.527820594279373556e-01	1.495512171448052652e-01	2.559863950027101986e-01	1.555073045449194280e-01	7.517466262879313188e-02	3.150413436957451296e-02	7.949422688123963798e-02
1.207507445328358699e+03	2.525753326925844200e-01	1.494280644356180410e-01	2.561204146433373463e-01	1.555917249328564456e-01	7.520964889780391849e-02	3.152656164404133571e-02	7.954825275373798854e-02
1.208958776392455093e+03	2.523689640456888705e-01	1.493051250554536247e-01	2.562541877801790546e-01	1.556760016680028835e-01	7.524457637438794477e-02	3.154895926946621465e-02	7.960218580680088196e-02
1.210410107456551941e+03	2.521629528656728070e-01	1.491823986339872732e-01	2.563877148595185562e-01	1.557601350144370012e-01	7.527944516289619692e-02	3.157132726941944828e-02	7.965602619404822671e-02
1.211861438520648335e+03	2.519572985320423508e-01	1.490598848015401712e-01	2.565209963268242910e-01	1.558441252356610185e-01	7.531425536747249350e-02	3.159366566752667971e-02	7.970977406891256722e-02
1.213312769584745183e+03	2.517520004253855359e-01	1.489375831890782931e-01	2.566540326267516825e-01	1.559279725946029760e-01	7.534900709205410996e-02	3.161597448746836930e-02	7.976342958463873700e-02
1.214764100648841804e+03	2.515470579273705320e-01	1.488154934282112651e-01	2.567868242031446924e-01	1.560116773536182888e-01	7.538370044037215334e-02	3.163825375297941306e-02	7.981699289428344224e-02
1.216215431712937971e+03	2.513424704207438687e-01	1.486936151511911441e-01	2.569193714990374855e-01	1.560952397744916065e-01	7.541833551595218676e-02	3.166050348784864993e-02	7.987046415071488714e-02
1.217666762777034819e+03	2.511382372893282144e-01	1.485719479909114460e-01	2.570516749566562620e-01	1.561786601184384782e-01	7.545291242211465965e-02	3.168272371591841774e-02	7.992384350661238535e-02
1.219118093841131440e+03	2.509343579180207673e-01	1.484504915809058412e-01	2.571837350174204784e-01	1.562619386461071846e-01	7.548743126197549058e-02	3.170491446108410910e-02	7.997713111446598522e-02
1.220569424905228061e+03	2.507308316927912006e-01	1.483292455553471834e-01	2.573155521219449016e-01	1.563450756175802647e-01	7.552189213844649751e-02	3.172707574729374813e-02	8.003032712657612291e-02
1.222020755969324682e+03	2.505276580006797205e-01	1.482082095490462603e-01	2.574471267100409411e-01	1.564280712923762917e-01	7.555629515423598064e-02	3.174920759854752556e-02	8.008343169505321990e-02
1.223472087033421303e+03	2.503248362297953444e-01	1.480873831974506560e-01	2.575784592207184809e-01	1.565109259294516220e-01	7.559064041184913874e-02	3.177131003889734767e-02	8.013644497181736381e-02
1.224923418097517697e+03	2.501223657693138480e-01	1.479667661366436959e-01	2.577095500921873783e-01	1.565936397872019492e-01	7.562492801358866590e-02	3.179338309244642696e-02	8.018936710859794759e-02
1.226374749161614318e+03	2.499202460094760991e-01	1.478463580033433367e-01	2.578403997618590182e-01	1.566762131234641364e-01	7.565915806155518175e-02	3.181542678334883800e-02	8.024219825693333641e-02
1.227826080225710712e+03	2.497184763415858655e-01	1.477261584349009449e-01	2.579710086663480895e-01	1.567586461955177701e-01	7.569333065764773105e-02	3.183744113580905949e-02	8.029493856817052078e-02
1.229277411289807560e+03	2.495170561580081492e-01	1.476061670693002981e-01	2.581013772414739726e-01	1.568409392600868535e-01	7.572744590356433880e-02	3.185942617408157873e-02	8.034758819346476955e-02
1.230728742353903954e+03	2.493159848521672717e-01	1.474863835451563354e-01	2.582315059222626830e-01	1.569230925733414717e-01	7.576150390080244046e-02	3.188138192247044755e-02	8.040014728377935238e-02
1.232180073418000802e+03	2.491152618185450140e-01	1.473668075017141588e-01	2.583613951429479805e-01	1.570051063908994016e-01	7.579550475065939541e-02	3.190330840532884515e-02	8.045261598988519280e-02
1.233631404482097196e+03	2.489148864526787019e-01	1.472474385788478668e-01	2.584910453369733685e-01	1.570869809678278328e-01	7.582944855423298658e-02	3.192520564705866176e-02	8.050499446236054901e-02
1.235082735546193817e+03	2.487148581511594014e-01	1.471282764170593893e-01	2.586204569369935924e-01	1.571687165586448387e-01	7.586333541242192002e-02	3.194707367211008925e-02	8.055728285159076407e-02
1.236534066610290438e+03	2.485151763116299484e-01	1.470093206574775713e-01	2.587496303748759718e-01	1.572503134173212358e-01	7.589716542592626902e-02	3.196891250498117010e-02	8.060948130776786347e-02
1.237985397674387059e+03	2.483158403327832831e-01	1.468905709418567851e-01	2.588785660817022882e-01	1.573317717972819441e-01	7.593093869524801531e-02	3.199072217021739495e-02	8.066158998089038856e-02
1.239436728738483680e+03	2.481168496143603963e-01	1.467720269125760979e-01	2.590072644877701169e-01	1.574130919514077909e-01	7.596465532069147930e-02	3.201250269241130014e-02	8.071360902076299415e-02
1.240888059802580301e+03	2.479182035571485532e-01	1.466536882126379393e-01	2.591357260225946035e-01	1.574942741320369821e-01	7.599831540236387517e-02	3.203425409620203057e-02	8.076553857699625416e-02
1.242339390866676695e+03	2.477199015629795442e-01	1.465355544856671299e-01	2.592639511149099074e-01	1.575753185909668230e-01	7.603191904017569946e-02	3.205597640627492334e-02	8.081737879900631472e-02
1.243790721930773088e+03	2.475219430347276595e-01	1.464176253759097435e-01	2.593919401926707002e-01	1.576562255794551615e-01	7.606546633384127232e-02	3.207766964736113308e-02	8.086912983601469984e-02
1.245242052994869937e+03	2.473243273763080230e-01	1.462999005282320242e-01	2.595196936830538315e-01	1.577369953482221365e-01	7.609895738287919542e-02	3.209933384423717395e-02	8.092079183704796452e-02
1.246693384058966330e+03	2.471270539926746224e-01	1.461823795881193599e-01	2.596472120124598826e-01	1.578176281474515941e-01	7.613239228661285163e-02	3.212096902172454499e-02	8.097236495093750042e-02
1.248144715123063179e+03	2.469301222898185599e-01	1.460650622016750610e-01	2.597744956065146660e-01	1.578981242267927243e-01	7.616577114417083516e-02	3.214257520468932067e-02	8.102384932631924441e-02
1.249596046187159800e+03	2.467335316747661655e-01	1.459479480156192777e-01	2.599015448900707237e-01	1.579784838353616438e-01	7.619909405448746509e-02	3.216415241804174152e-02	8.107524511163348435e-02
1.251047377251256421e+03	2.465372815555772201e-01	1.458310366772880007e-01	2.600283602872088817e-01	1.580587072217429501e-01	7.623236111630324330e-02	3.218570068673581169e-02	8.112655245512451208e-02
1.252498708315352815e+03	2.463413713413430683e-01	1.457143278346319237e-01	2.601549422212397489e-01	1.581387946339911643e-01	7.626557242816531246e-02	3.220722003576892423e-02	8.117777150484049853e-02
1.253950039379449436e+03	2.461458004421848977e-01	1.455978211362154162e-01	2.602812911147054931e-01	1.582187463196323696e-01	7.629872808842790011e-02	3.222871049018143086e-02	8.122890240863321620e-02
1.255401370443546057e+03	2.459505682692517958e-01	1.454815162312153298e-01	2.604074073893809516e-01	1.582985625256657647e-01	7.633182819525287377e-02	3.225017207505627426e-02	8.127994531415777546e-02
1.256852701507642678e+03	2.457556742347190293e-01	1.453654127694199716e-01	2.605332914662754629e-01	1.583782434985651355e-01	7.636487284661011565e-02	3.227160481551855781e-02	8.133090036887247187e-02
1.258304032571739299e+03	2.455611177517862398e-01	1.452495104012280491e-01	2.606589437656343655e-01	1.584577894842803536e-01	7.639786214027800837e-02	3.229300873673519867e-02	8.138176772003855031e-02
1.259755363635835920e+03	2.453668982346755567e-01	1.451338087776476160e-01	2.607843647069402748e-01	1.585372007282389861e-01	7.643079617384393454e-02	3.231438386391452533e-02	8.143254751471992736e-02
1.261206694699932314e+03	2.451730150986299317e-01	1.450183075502948782e-01	2.609095547089147482e-01	1.586164774753476836e-01	7.646367504470467924e-02	3.233573022230586819e-02	8.148323989978308035e-02
1.262658025764028707e+03	2.449794677599111126e-01	1.449030063713932226e-01	2.610345141895198395e-01	1.586956199699937342e-01	7.649649885006695738e-02	3.235704783719919181e-02	8.153384502189679750e-02
1.264109356828125556e+03	2.447862556357980890e-01	1.447879048937721347e-01	2.611592435659594869e-01	1.587746284560465904e-01	7.652926768694777448e-02	3.237833673392472716e-02	8.158436302753198366e-02
1.265560687892221949e+03	2.445933781445851773e-01	1.446730027708661714e-01	2.612837432546811778e-01	1.588535031768592842e-01	7.656198165217498186e-02	3.239959693785256223e-02	8.163479406296147989e-02
1.267012018956318798e+03	2.444008347055802166e-01	1.445582996567137124e-01	2.614080136713771152e-01	1.589322443752699821e-01	7.659464084238766513e-02	3.242082847439227422e-02	8.168513827425986917e-02
1.268463350020415419e+03	2.442086247391028198e-01	1.444437952059560992e-01	2.615320552309859936e-01	1.590108522936034274e-01	7.662724535403662995e-02	3.244203136899255491e-02	8.173539580730329601e-02
1.269914681084511813e+03	2.440167476664825696e-01	1.443294890738364700e-01	2.616558683476944980e-01	1.590893271736723846e-01	7.665979528338483229e-02	3.246320564714082202e-02	8.178556680776928600e-02
1.271366012148608434e+03	2.438252029100572982e-01	1.442153809161987599e-01	2.617794534349384139e-01	1.591676692567791096e-01	7.669229072650780854e-02	3.248435133436287231e-02	8.183565142113660706e-02
1.272817343212705055e+03	2.436339898931712267e-01	1.441014703894865356e-01	2.619028109054045705e-01	1.592458787837168765e-01	7.672473177929418908e-02	3.250546845622248604e-02	8.188564979268503352e-02
1.274268674276801676e+03	2.434431080401732173e-01	1.439877571507420517e-01	2.620259411710318953e-01	1.593239559947712825e-01	7.675711853744610069e-02	3.252655703832105921e-02	8.193556206749527671e-02
1.275720005340898297e+03	2.432525567764150520e-01	1.438742408576051679e-01	2.621488446430133012e-01	1.594019011297218291e-01	7.678945109647958289e-02	3.254761710629722887e-02	8.198538839044872129e-02
1.277171336404994690e+03	2.430623355282495734e-01	1.437609211683122112e-01	2.622715217317967973e-01	1.594797144278433110e-01	7.682172955172511530e-02	3.256864868582654005e-02	8.203512890622738363e-02
1.278622667469091539e+03	2.428724437230290467e-01	1.436477977416950047e-01	2.623939728470870980e-01	1.595573961279072028e-01	7.685395399832796459e-02	3.258965180262104328e-02	8.208478375931366200e-02
1.280073998533187932e+03	2.426828807891032447e-01	1.435348702371798124e-01	2.625161983978469560e-01	1.596349464681831309e-01	7.688612453124867019e-02	3.261062648242894768e-02	8.213435309399026718e-02
1.281525329597284326e+03	2.424936461558178658e-01	1.434221383147862849e-01	2.626381987922988270e-01	1.597123656864403440e-01	7.691824124526348838e-02	3.263157275103426708e-02	8.218383705434001429e-02
1.282976660661381175e+03	2.423047392535125633e-01	1.433096016351264601e-01	2.627599744379260915e-01	1.597896540199489623e-01	7.695030423496483640e-02	3.265249063425644527e-02	8.223323578424579505e-02
1.284427991725477568e+03	2.421161595135193911e-01	1.431972598594035417e-01	2.628815257414746642e-01	1.598668117054815874e-01	7.698231359476168101e-02	3.267338015794999523e-02	8.228254942739031408e-02
1.285879322789574417e+03	2.419279063681609998e-01	1.430851126494110948e-01	2.630028531089543264e-01	1.599438389793144955e-01	7.701426941888002420e-02	3.269424134800417298e-02	8.233177812725603339e-02
1.287330653853671038e+03	2.417399792507487766e-01	1.429731596675318794e-01	2.631239569456402805e-01	1.600207360772292475e-01	7.704617180136331955e-02	3.271507423034259593e-02	8.238092202712508916e-02
1.288781984917767431e+03	2.415523775955813746e-01	1.428614005767367134e-01	2.632448376560743153e-01	1.600975032345138827e-01	7.707802083607288857e-02	3.273587883092288903e-02	8.242998127007905573e-02
1.290233315981864052e+03	2.413651008379425755e-01	1.427498350405837224e-01	2.633654956440666384e-01	1.601741406859644445e-01	7.710981661668836473e-02	3.275665517573636554e-02	8.247895599899897345e-02
