1.301360187473271253e+03	2.402558518530719944e-01	1.420869038306326604e-01	2.617243676158616528e-01	1.621466336860519220e-01	7.773136759670559726e-02	3.296315007974651157e-02	8.309172533792834325e-02
1.306197957686926657e+03	2.396414237373275247e-01	1.417208874271228825e-01	2.621088993760657404e-01	1.624043778230342960e-01	7.783884769052409891e-02	3.303335276372865864e-02	8.325221118219555683e-02
1.311035727900581833e+03	2.390305277179865240e-01	1.413569751583622913e-01	2.624911142911897088e-01	1.626606428301121954e-01	7.794572288107495805e-02	3.310324108946242211e-02	8.341177603181065825e-02
1.315873498114237009e+03	2.384231434504492653e-01	1.409951549040133478e-01	2.628710269072485617e-01	1.629154372506338988e-01	7.805199651188007848e-02	3.317281591602956603e-02	8.357042505974408841e-02
1.320711268327892412e+03	2.378192507077875051e-01	1.406354146138514283e-01	2.632486516721189163e-01	1.631687695765019763e-01	7.815767190851452551e-02	3.324207810766295623e-02	8.372816341356151271e-02
1.325549038541547588e+03	2.372188293800571446e-01	1.402777423073548468e-01	2.636240029362831860e-01	1.634206482485528467e-01	7.826275237870305990e-02	3.331102853360885102e-02	8.388499621543890616e-02
1.330386808755202765e+03	2.366218594736148595e-01	1.399221260732977090e-01	2.639970949535662137e-01	1.636710816569317273e-01	7.836724121241595009e-02	3.337966806799112091e-02	8.404092856218131624e-02
1.335224578968857941e+03	2.360283211104388379e-01	1.395685540693449023e-01	2.643679418818659643e-01	1.639200781414624220e-01	7.847114168196406281e-02	3.344799758967749448e-02	8.419596552524523381e-02
1.340062349182513572e+03	2.354381945274537369e-01	1.392170145216497235e-01	2.647365577838775574e-01	1.641676459920127507e-01	7.857445704209319037e-02	3.351601798214769862e-02	8.435011215076430868e-02
1.344900119396168748e+03	2.348514600758594695e-01	1.388674957244539210e-01	2.651029566278107485e-01	1.644137934488552333e-01	7.867719053007769803e-02	3.358373013336352075e-02	8.450337345957842361e-02
1.349737889609823924e+03	2.342680982204642104e-01	1.385199860396899851e-01	2.654671522881012491e-01	1.646585287030233602e-01	7.877934536581354674e-02	3.365113493564073771e-02	8.465575444726593235e-02
1.354575659823479100e+03	2.336880895390213153e-01	1.381744738965859920e-01	2.658291585461156625e-01	1.649018598966635885e-01	7.888092475191053887e-02	3.371823328552293886e-02	8.480726008417897865e-02
1.359413430037134731e+03	2.331114147215702925e-01	1.378309477912727232e-01	2.661889890908502587e-01	1.651437951233828971e-01	7.898193187378393931e-02	3.378502608365716031e-02	8.495789531548177120e-02
1.364251200250789907e+03	2.325380545697815216e-01	1.374893962863932562e-01	2.665466575196233645e-01	1.653843424285923458e-01	7.908236989974547215e-02	3.385151423467134407e-02	8.510766506119177288e-02
1.369088970464445310e+03	2.319679899963051350e-01	1.371498080107146356e-01	2.669021773387621477e-01	1.656235098098463587e-01	7.918224198109365120e-02	3.391769864705357351e-02	8.525657421622352683e-02
1.373926740678100487e+03	2.314012020241237588e-01	1.368121716587422654e-01	2.672555619642828506e-01	1.658613052171783453e-01	7.928155125220351374e-02	3.398358023303306441e-02	8.540462765043525806e-02
1.378764510891755890e+03	2.308376717859088600e-01	1.364764759903362712e-01	2.676068247225654728e-01	1.660977365534319072e-01	7.938030083061567432e-02	3.404915990846295315e-02	8.555183020867795918e-02
1.383602281105411066e+03	2.302773805233814530e-01	1.361427098303302219e-01	2.679559788510220697e-01	1.663328116745887708e-01	7.947849381712489281e-02	3.411443859270473639e-02	8.569818671084691863e-02
1.388440051319066470e+03	2.297203095866760802e-01	1.358108620681523493e-01	2.683030374987599997e-01	1.665665383900925833e-01	7.957613329586789297e-02	3.417941720851443849e-02	8.584370195193576081e-02
1.393277821532721646e+03	2.291664404337087901e-01	1.354809216574488495e-01	2.686480137272386770e-01	1.667989244631691848e-01	7.967322233441073709e-02	3.424409668193046513e-02	8.598838070209249840e-02
1.398115591746377049e+03	2.286157546295491394e-01	1.351528776157092659e-01	2.689909205109207169e-01	1.670299776111434098e-01	7.976976398383556210e-02	3.430847794216309449e-02	8.613222770667805506e-02
1.402953361960032225e+03	2.280682338457956093e-01	1.348267190238945645e-01	2.693317707379178083e-01	1.672597055057521709e-01	7.986576127882674681e-02	3.437256192148561984e-02	8.627524768632674479e-02
1.407791132173687402e+03	2.275238598599548523e-01	1.345024350260670132e-01	2.696705772106307020e-01	1.674881157734542103e-01	7.996121723775656553e-02	3.443634955512707430e-02	8.641744533700881914e-02
1.412628902387342805e+03	2.269826145548247687e-01	1.341800148290225314e-01	2.700073526463837026e-01	1.677152159957365496e-01	8.005613486277021740e-02	3.449984178116656530e-02	8.655882533009491564e-02
1.417466672600997981e+03	2.264444799178809420e-01	1.338594477019249551e-01	2.703421096780536659e-01	1.679410137094175526e-01	8.015051713987045301e-02	3.456303954042919818e-02	8.669939231242247690e-02
1.422304442814653157e+03	2.259094380406671543e-01	1.335407229759429104e-01	2.706748608546936108e-01	1.681655164069467412e-01	8.024436703900153511e-02	3.462594377638349152e-02	8.683915090636386280e-02
1.427142213028308333e+03	2.253774711181891488e-01	1.332238300438883527e-01	2.710056186421508917e-01	1.683887315367014748e-01	8.033768751413278286e-02	3.468855543504039546e-02	8.697810570989622514e-02
1.431979983241963964e+03	2.248485614483122785e-01	1.329087583598576039e-01	2.713343954236803190e-01	1.686106665032806595e-01	8.043048150334149160e-02	3.475087546485377404e-02	8.711626129667306151e-02
1.436817753455619140e+03	2.243226914311624576e-01	1.325954974388745822e-01	2.716612035005517289e-01	1.688313286677952108e-01	8.052275192889549182e-02	3.481290481662238645e-02	8.725362221609735125e-02
1.441655523669274316e+03	2.237998435685310261e-01	1.322840368565356139e-01	2.719860550926523901e-01	1.690507253481556282e-01	8.061450169733511140e-02	3.487464444339334613e-02	8.739019299339612079e-02
1.446493293882929493e+03	2.232800004632827795e-01	1.319743662486571323e-01	2.723089623390841929e-01	1.692688638193567130e-01	8.070573369955465204e-02	3.493609530036702326e-02	8.752597812969667435e-02
1.451331064096585123e+03	2.227631448187678276e-01	1.316664753109249020e-01	2.726299372987562863e-01	1.694857513137592864e-01	8.079645081088344949e-02	3.499725834480341830e-02	8.766098210210394870e-02
1.456168834310240300e+03	2.222492594382368403e-01	1.313603537985454928e-01	2.729489919509719420e-01	1.697013950213692723e-01	8.088665589116637855e-02	3.505813453592988155e-02	8.779520936377942231e-02
1.461006604523895703e+03	2.217383272242594849e-01	1.310559915258998898e-01	2.732661381960106439e-01	1.699158020901137822e-01	8.097635178484394181e-02	3.511872483485031782e-02	8.792866434402120401e-02
1.465844374737550879e+03	2.212303311781468329e-01	1.307533783661991023e-01	2.735813878557056267e-01	1.701289796261147846e-01	8.106554132103190036e-02	3.517903020445568157e-02	8.806135144834531525e-02
1.470682144951206283e+03	2.207252543993768468e-01	1.304525042511418265e-01	2.738947526740160843e-01	1.703409346939599445e-01	8.115422731360037722e-02	3.523905160933590158e-02	8.819327505856824900e-02
1.475519915164861459e+03	2.202230800850233094e-01	1.301533591705740789e-01	2.742062443175946607e-01	1.705516743169708527e-01	8.124241256125264155e-02	3.529879001569313085e-02	8.832443953289052796e-02
1.480357685378516862e+03	2.197237915291882504e-01	1.298559331721510501e-01	2.745158743763501663e-01	1.707612054774687582e-01	8.133009984760329603e-02	3.535824639125630109e-02	8.845484920598137291e-02
1.485195455592172038e+03	2.192273721224375915e-01	1.295602163610006519e-01	2.748236543640055207e-01	1.709695351170378297e-01	8.141729194125614522e-02	3.541742170519702332e-02	8.858450838906434255e-02
1.490033225805827215e+03	2.187338053512402347e-01	1.292661988993893674e-01	2.751295957186511987e-01	1.711766701367858912e-01	8.150399159588159193e-02	3.547631692804675829e-02	8.871342137000404193e-02
1.494870996019482618e+03	2.182430747974104523e-01	1.289738710063898508e-01	2.754337098032936804e-01	1.713826173976026879e-01	8.159020155029350629e-02	3.553493303161527755e-02	8.884159241339362190e-02
1.499708766233137567e+03	2.177551641375536917e-01	1.286832229575506359e-01	2.757360079063994052e-01	1.715873837204159313e-01	8.167592452852591445e-02	3.559327098891038044e-02	8.896902576064318058e-02
1.504546536446793198e+03	2.172700571425152660e-01	1.283942450845677041e-01	2.760365012424343956e-01	1.717909758864448744e-01	8.176116323990902102e-02	3.565133177405883924e-02	8.909572563006905310e-02
1.509384306660448374e+03	2.167877376768327924e-01	1.281069277749581348e-01	2.763352009523992736e-01	1.719934006374516933e-01	8.184592037914491247e-02	3.570911636222859342e-02	8.922169621698380904e-02
1.514222076874103550e+03	2.163081896981915719e-01	1.278212614717355033e-01	2.766321181043594479e-01	1.721946646759905386e-01	8.193019862638294126e-02	3.576662572955216501e-02	8.934694169378702699e-02
1.519059847087758726e+03	2.158313972568833561e-01	1.275372366730873341e-01	2.769272636939715260e-01	1.723947746656544211e-01	8.201400064729454098e-02	3.582386085305126061e-02	8.947146621005679090e-02
1.523897617301414357e+03	2.153573444952680549e-01	1.272548439320544678e-01	2.772206486450047302e-01	1.725937372313199325e-01	8.209732909314773619e-02	3.588082271056253214e-02	8.959527389264178299e-02
1.528735387515069533e+03	2.148860156472390259e-01	1.269740738562121218e-01	2.775122838098583733e-01	1.727915589593897738e-01	8.218018660088130534e-02	3.593751228066454501e-02	8.971836884575407067e-02
1.533573157728724709e+03	2.144173950376911109e-01	1.266949171073532276e-01	2.778021799700748917e-01	1.729882463980332297e-01	8.226257579317843016e-02	3.599393054260586339e-02	8.984075515106244858e-02
1.538410927942380113e+03	2.139514670819920306e-01	1.264173644011731545e-01	2.780903478368487725e-01	1.731838060574245608e-01	8.234449927854006757e-02	3.605007847623430128e-02	8.996243686778630788e-02
1.543248698156035516e+03	2.134882162854569165e-01	1.261414065069567103e-01	2.783767980515309270e-01	1.733782444099793707e-01	8.242595965135786351e-02	3.610595706192729071e-02	9.008341803279010240e-02
1.548086468369690692e+03	2.130276272428258122e-01	1.258670342472667791e-01	2.786615411861294023e-01	1.735715678905889181e-01	8.250695949198674772e-02	3.616156728052332542e-02	9.020370266067823106e-02
1.552924238583346096e+03	2.125696846377444493e-01	1.255942384976347359e-01	2.789445877438054833e-01	1.737637828968525699e-01	8.258750136681707044e-02	3.621691011325455650e-02	9.032329474389039214e-02
1.557762008797001272e+03	2.121143732422478279e-01	1.253230101862529977e-01	2.792259481593659665e-01	1.739548957893082282e-01	8.266758782834648933e-02	3.627198654168039410e-02	9.044219825279735392e-02
1.562599779010656675e+03	2.116616779162471540e-01	1.250533402936690186e-01	2.795056327997513246e-01	1.741449128916608691e-01	8.274722141525139851e-02	3.632679754762227486e-02	9.056041713579715546e-02
1.567437549224311852e+03	2.112115836070194153e-01	1.247852198524813522e-01	2.797836519645202635e-01	1.743338404910092787e-01	8.282640465245798278e-02	3.638134411309936617e-02	9.067795531941159892e-02
1.572275319437967255e+03	2.107640753487002860e-01	1.245186399470373101e-01	2.800600158863292832e-01	1.745216848380707619e-01	8.290514005121298047e-02	3.643562722026540135e-02	9.079481670838317198e-02
1.577113089651622431e+03	2.103191382617801142e-01	1.242535917131325357e-01	2.803347347314095739e-01	1.747084521474042418e-01	8.298343010915405771e-02	3.648964785134651417e-02	9.091100518577217848e-02
1.581950859865277607e+03	2.098767575526022666e-01	1.239900663377123818e-01	2.806078186000390273e-01	1.748941485976314991e-01	8.306127731037980799e-02	3.654340698858004471e-02	9.102652461305422993e-02
1.586788630078933011e+03	2.094369185128651389e-01	1.237280550585749123e-01	2.808792775270109177e-01	1.750787803316565250e-01	8.313868412551937703e-02	3.659690561415440690e-02	9.114137883021794506e-02
1.591626400292587959e+03	2.089996065191267183e-01	1.234675491640757072e-01	2.811491214820988627e-01	1.752623534568833186e-01	8.321565301180185170e-02	3.665014471014992059e-02	9.125557165586289932e-02
1.596464170506243590e+03	2.085648070323121717e-01	1.232085399928344316e-01	2.814173603705173443e-01	1.754448740454318256e-01	8.329218641312517712e-02	3.670312525848058033e-02	9.136910688729772689e-02
1.601301940719898766e+03	2.081325055972241267e-01	1.229510189334432346e-01	2.816840040333793982e-01	1.756263481343523225e-01	8.336828676012478234e-02	3.675584824083684421e-02	9.148198830063858367e-02
1.606139710933553943e+03	2.077026878420562828e-01	1.226949774241765379e-01	2.819490622481498066e-01	1.758067817258380516e-01	8.344395647024185902e-02	3.680831463862932473e-02	9.159421965090749906e-02
1.610977481147209119e+03	2.072753394779093539e-01	1.224404069527028904e-01	2.822125447290950162e-01	1.759861807874362194e-01	8.351919794779133488e-02	3.686052543293346501e-02	9.170580467213110265e-02
1.615815251360864750e+03	2.068504462983102865e-01	1.221872990557983235e-01	2.824744611277295037e-01	1.761645512522573842e-01	8.359401358402950011e-02	3.691248160443508231e-02	9.181674707743932295e-02
1.620653021574519926e+03	2.064279941787340034e-01	1.219356453190614670e-01	2.827348210332581990e-01	1.763418990191833180e-01	8.366840575722123141e-02	3.696418413337686920e-02	9.192705055916428059e-02
1.625490791788175102e+03	2.060079690761281446e-01	1.216854373766302760e-01	2.829936339730159123e-01	1.765182299530731747e-01	8.374237683270698007e-02	3.701563399950576899e-02	9.203671878893916747e-02
1.630328562001830505e+03	2.055903570284405568e-01	1.214366669109004510e-01	2.832509094129022631e-01	1.766935498849681874e-01	8.381592916296937146e-02	3.706683218202127400e-02	9.214575541779732037e-02
1.635166332215485909e+03	2.051751441541494470e-01	1.211893256522456053e-01	2.835066567578142793e-01	1.768678646122948672e-01	8.388906508769951309e-02	3.711777965952454267e-02	9.225416407627118343e-02
1.640004102429141085e+03	2.047623166517964222e-01	1.209434053787388913e-01	2.837608853520746655e-01	1.770411798990666752e-01	8.396178693386298353e-02	3.716847740996846727e-02	9.236194837449131223e-02
1.644841872642796488e+03	2.043518607995223335e-01	1.206988979158764297e-01	2.840136044798570736e-01	1.772135014760840566e-01	8.403409701576544655e-02	3.721892641060850493e-02	9.246911190228558619e-02
1.649679642856451665e+03	2.039437629546056174e-01	1.204557951363022655e-01	2.842648233656077661e-01	1.773848350411332542e-01	8.410599763511802940e-02	3.726912763795441758e-02	9.257565822927810162e-02
1.654517413070107068e+03	2.035380095530035238e-01	1.202140889595349482e-01	2.845145511744639477e-01	1.775551862591835395e-01	8.417749108110231249e-02	3.731908206772283770e-02	9.268159090498828689e-02
1.659355183283762244e+03	2.031345871088960087e-01	1.199737713516958043e-01	2.847627970126691554e-01	1.777245607625829726e-01	8.424857963043504150e-02	3.736879067479063898e-02	9.278691345892982334e-02
1.664192953497417420e+03	2.027334822142322635e-01	1.197348343252386954e-01	2.850095699279843742e-01	1.778929641512528581e-01	8.431926554743250646e-02	3.741825443314909100e-02	9.289162940070964936e-02
1.669030723711072824e+03	2.023346815382799369e-01	1.194972699386814136e-01	2.852548789100971538e-01	1.780604019928807291e-01	8.438955108407464323e-02	3.746747431585890908e-02	9.299574222012671476e-02
1.673868493924728000e+03	2.019381718271769377e-01	1.192610702963386865e-01	2.854987328910263411e-01	1.782268798231119444e-01	8.445943848006878807e-02	3.751645129500599113e-02	9.309925538727081840e-02
1.678706264138383403e+03	2.015439399034860413e-01	1.190262275480566123e-01	2.857411407455244801e-01	1.783924031457400083e-01	8.452892996291319627e-02	3.756518634165798703e-02	9.320217235262123756e-02
1.683544034352038352e+03	2.011519726657517715e-01	1.187927338889488843e-01	2.859821112914764374e-01	1.785569774328954473e-01	8.459802774796008895e-02	3.761368042582164534e-02	9.330449654714527419e-02
1.688381804565693983e+03	2.007622570880603363e-01	1.185605815591342371e-01	2.862216532902951971e-01	1.787206081252335210e-01	8.466673403847865820e-02	3.766193451640089535e-02	9.340623138239675938e-02
1.693219574779349159e+03	2.003747802196017280e-01	1.183297628434758636e-01	2.864597754473142133e-01	1.788833006321203789e-01	8.473505102571748937e-02	3.770994958115567175e-02	9.350738025061426650e-02
1.698057344993004335e+03	1.999895291842345713e-01	1.181002700713219278e-01	2.866964864121772094e-01	1.790450603318181344e-01	8.480298088896695563e-02	3.775772658666155801e-02	9.360794652481928269e-02
1.702895115206659511e+03	1.996064911800536079e-01	1.178720956162478267e-01	2.869317947792244805e-01	1.792058925716684958e-01	8.487052579562104349e-02	3.780526649827002650e-02	9.370793355891424148e-02
1.707732885420315142e+03	1.992256534789594857e-01	1.176452318958000065e-01	2.871657090878760310e-01	1.793658026682753148e-01	8.493768790123912282e-02	3.785257028006953212e-02	9.380734468778025026e-02
1.712570655633970318e+03	1.988470034262312391e-01	1.174196713712411105e-01	2.873982378230123258e-01	1.795247959076857192e-01	8.500446934960727285e-02	3.789963889484722348e-02	9.390618322737485923e-02
1.717408425847625494e+03	1.984705284401013514e-01	1.171954065472967377e-01	2.876293894153514330e-01	1.796828775455700244e-01	8.507087227279938602e-02	3.794647330405143820e-02	9.400445247482937250e-02
1.722246196061280898e+03	1.980962160113329817e-01	1.169724299719036437e-01	2.878591722418235022e-01	1.798400528074006466e-01	8.513689879123791104e-02	3.799307446775480185e-02	9.410215570854621459e-02
1.727083966274936301e+03	1.977240537028000233e-01	1.167507342359594275e-01	2.880875946259425779e-01	1.799963268886293766e-01	8.520255101375442952e-02	3.803944334461808324e-02	9.419929618829583906e-02
1.731921736488591478e+03	1.973540291490693821e-01	1.165303119730737025e-01	2.883146648381745281e-01	1.801517049548639338e-01	8.526783103764977445e-02	3.808558089185468815e-02	9.429587715531370651e-02
1.736759506702246881e+03	1.969861300559857531e-01	1.163111558593207112e-01	2.885403910963036389e-01	1.803061921420429647e-01	8.533274094875403781e-02	3.813148806519584683e-02	9.439190183239676291e-02
1.741597276915902057e+03	1.966203442002590340e-01	1.160932586129932997e-01	2.887647815657948258e-01	1.804597935566100986e-01	8.539728282148617566e-02	3.817716581885644694e-02	9.448737342399982087e-02
1.746435047129557461e+03	1.962566594290537092e-01	1.158766129943585577e-01	2.889878443601542335e-01	1.806125142756866420e-01	8.546145871891336343e-02	3.822261510550149094e-02	9.458229511633170494e-02
1.751272817343212637e+03	1.958950636595810924e-01	1.156612118054145683e-01	2.892095875412861172e-01	1.807643593472435251e-01	8.552527069281010141e-02	3.826783687621321262e-02	9.467667007745109164e-02
1.756110587556867813e+03	1.955355448786937067e-01	1.154470478896489072e-01	2.894300191198476702e-01	1.809153337902714709e-01	8.558872078371693171e-02	3.831283208045885985e-02	9.477050145736215514e-02
1.760948357770523216e+03	1.951780911424820797e-01	1.152341141317982931e-01	2.896491470556006309e-01	1.810654425949506929e-01	8.565181102099908572e-02	3.835760166605903937e-02	9.486379238810986603e-02
1.765786127984178393e+03	1.948226905758738969e-01	1.150224034576098481e-01	2.898669792577604487e-01	1.812146907228190940e-01	8.571454342290457662e-02	3.840214657915674151e-02	9.495654598387506806e-02
1.770623898197833569e+03	1.944693313722355710e-01	1.148119088336036070e-01	2.900835235853425065e-01	1.813630831069394378e-01	8.577691999662230560e-02	3.844646776418689932e-02	9.504876534106929120e-02
1.775461668411488745e+03	1.941180017929759749e-01	1.146026232668364286e-01	2.902987878475061789e-01	1.815106246520655775e-01	8.583894273833961308e-02	3.849056616384659985e-02	9.514045353842923158e-02
1.780299438625144376e+03	1.937686901671526740e-01	1.143945398046674472e-01	2.905127798038953935e-01	1.816573202348073790e-01	8.590061363329980215e-02	3.853444271906590612e-02	9.523161363711100946e-02
1.785137208838799552e+03	1.934213848910803502e-01	1.141876515345246340e-01	2.907255071649775258e-01	1.818031747037947565e-01	8.596193465585920401e-02	3.857809836897917177e-02	9.532224868078406632e-02
1.789974979052454728e+03	1.930760744279415020e-01	1.139819515836729691e-01	2.909369775923787982e-01	1.819481928798405701e-01	8.602290776954410467e-02	3.862153405089704949e-02	9.541236169572474279e-02
1.794812749266109904e+03	1.927327473073995323e-01	1.137774331189837923e-01	2.911471986992179573e-01	1.820923795561024683e-01	8.608353492710731081e-02	3.866475070027894367e-02	9.550195569090967618e-02
1.799650519479765535e+03	1.923913921252139725e-01	1.135740893467056117e-01	2.913561780504368426e-01	1.822357394982438705e-01	8.614381807058447971e-02	3.870774925070613603e-02	9.559103365810872610e-02
1.804488289693420711e+03	1.920519975428580939e-01	1.133719135122361749e-01	2.915639231631285133e-01	1.823782774445935617e-01	8.620375913135019941e-02	3.875053063385539703e-02	9.567959857197770590e-02
1.809326059907075887e+03	1.917145522871384067e-01	1.131708988998960247e-01	2.917704415068629320e-01	1.825199981063046206e-01	8.626336003017379128e-02	3.879309577947317317e-02	9.576765339015072542e-02
1.814163830120731291e+03	1.913790451498169620e-01	1.129710388327030274e-01	2.919757405040102616e-01	1.826609061675121548e-01	8.632262267727480731e-02	3.883544561535027390e-02	9.585520105333218688e-02
1.819001600334386467e+03	1.910454649872352639e-01	1.127723266721487178e-01	2.921798275300614978e-01	1.828010062854901474e-01	8.638154897237834695e-02	3.887758106729712754e-02	9.594224448538857253e-02
1.823839370548041643e+03	1.907138007199408736e-01	1.125747558179754776e-01	2.923827099139468810e-01	1.829403030908071381e-01	8.644014080477004092e-02	3.891950305911956454e-02	9.602878659343974665e-02
1.828677140761696819e+03	1.903840413323157066e-01	1.123783197079553375e-01	2.925843949383516995e-01	1.830788011874811827e-01	8.649840005335077131e-02	3.896121251259507950e-02	9.611483026795003548e-02
1.833514910975352450e+03	1.900561758722069949e-01	1.121830118176698338e-01	2.927848898400296496e-01	1.832165051531335909e-01	8.655632858669118357e-02	3.900271034744964144e-02	9.620037838281886300e-02
1.838352681189008081e+03	1.897301934505600807e-01	1.119888256602914189e-01	2.929842018101143641e-01	1.833534195391418598e-01	8.661392826308593473e-02	3.904399748133496884e-02	9.628543379547116476e-02
1.843190451402663257e+03	1.894060832410532635e-01	1.117957547863659556e-01	2.931823379944276109e-01	1.834895488707916356e-01	8.667120093060759478e-02	3.908507482980635300e-02	9.636999934694735759e-02
1.848028221616318433e+03	1.890838344797352577e-01	1.116037927835963617e-01	2.933793054937862133e-01	1.836248976474276484e-01	8.672814842716042305e-02	3.912594330630091155e-02	9.645407786199296230e-02
1.852865991829973609e+03	1.887634364646642027e-01	1.114129332766278929e-01	2.935751113643059185e-01	1.837594703426037590e-01	8.678477258053376997e-02	3.916660382211637620e-02	9.653767214914792116e-02
1.857703762043628785e+03	1.884448785555491446e-01	1.112231699268343421e-01	2.937697626177030452e-01	1.838932714042320893e-01	8.684107520845529837e-02	3.920705728639031079e-02	9.662078500083555455e-02
1.862541532257283961e+03	1.881281501733934325e-01	1.110344964321056671e-01	2.939632662215945214e-01	1.840263052547312927e-01	8.689705811864392726e-02	3.924730460607984278e-02	9.670341919345108728e-02
1.867379302470939592e+03	1.878132408001403908e-01	1.108469065266367293e-01	2.941556290997947021e-01	1.841585762911736868e-01	8.695272310886252576e-02	3.928734668594182494e-02	9.678557748744991140e-02
1.872217072684594768e+03	1.875001399783206846e-01	1.106603939807173781e-01	2.943468581326106337e-01	1.842900888854318298e-01	8.700807196697034340e-02	3.932718442851345503e-02	9.686726262743540483e-02
1.877054842898249490e+03	1.871888373107022108e-01	1.104749526005237154e-01	2.945369601571348750e-01	1.844208473843237661e-01	8.706310647097520450e-02	3.936681873409338811e-02	9.694847734224647240e-02
1.881892613111905121e+03	1.868793224599417102e-01	1.102905762279104973e-01	2.947259419675362646e-01	1.845508561097578826e-01	8.711782838908545268e-02	3.940625050072324442e-02	9.702922434504455962e-02
1.886730383325560297e+03	1.865715851482384335e-01	1.101072587402049663e-01	2.949138103153481905e-01	1.846801193588763768e-01	8.717223947976163179e-02	3.944548062416954742e-02	9.710950633340051374e-02
1.891568153539215928e+03	1.862656151569899721e-01	1.099249940500015843e-01	2.951005719097549163e-01	1.848086414041982262e-01	8.722634149176791696e-02	3.948450999790616839e-02	9.718932598938087586e-02
1.896405923752871104e+03	1.859614023264499760e-01	1.097437761049582239e-01	2.952862334178760761e-01	1.849364264937611024e-01	8.728013616422335141e-02	3.952333951309711796e-02	9.726868597963388152e-02
1.901243693966526507e+03	1.856589365553878712e-01	1.095635988875933720e-01	2.954708014650483383e-01	1.850634788512624807e-01	8.733362522665276406e-02	3.956197005857978177e-02	9.734758895547514224e-02
1.906081464180181683e+03	1.853582078007506850e-01	1.093844564150846521e-01	2.956542826351055697e-01	1.851898026761998606e-01	8.738681039903747894e-02	3.960040252084860712e-02	9.742603755297282730e-02
1.910919234393836859e+03	1.850592060773266490e-01	1.092063427390684294e-01	2.958366834706568360e-01	1.853154021440102384e-01	8.743969339186577483e-02	3.963863778403914351e-02	9.750403439303260977e-02
1.915757004607492036e+03	1.847619214574108826e-01	1.090292519454405806e-01	2.960180104733619033e-01	1.854402814062085791e-01	8.749227590618315065e-02	3.967667672991252031e-02	9.758158208148205726e-02
1.920594774821147894e+03	1.844663440704731039e-01	1.088531781541584448e-01	2.961982701042053523e-01	1.855644445905254847e-01	8.754455963364224380e-02	3.971452023784031310e-02	9.765868320915480072e-02
1.925432545034802843e+03	1.841724641028268938e-01	1.086781155190440218e-01	2.963774687837679722e-01	1.856878958010442782e-01	8.759654625655254045e-02	3.975216918478980538e-02	9.773534035197425918e-02
1.930270315248458019e+03	1.838802717973014589e-01	1.085040582275881016e-01	2.965556128924967672e-01	1.858106391183368677e-01	8.764823744793000249e-02	3.978962444530962511e-02	9.781155607103697580e-02
1.935108085462113195e+03	1.835897574529148091e-01	1.083310005007557530e-01	2.967327087709725197e-01	1.859326785995990827e-01	8.769963487154619486e-02	3.982688689151579059e-02	9.788733291269557935e-02
1.939945855675768371e+03	1.833009114245492399e-01	1.081589365927928120e-01	2.969087627201757451e-01	1.860540182787851216e-01	8.775074018197738523e-02	3.986395739307806857e-02	9.796267340864134310e-02
1.944783625889424002e+03	1.830137241226283684e-01	1.079878607910335769e-01	2.970837810017502023e-01	1.861746621667411672e-01	8.780155502465328277e-02	3.990083681720679731e-02	9.803758007598641078e-02
1.949621396103079178e+03	1.827281860127960289e-01	1.078177674157095450e-01	2.972577698382649070e-01	1.862946142513381975e-01	8.785208103590562423e-02	3.993752602864000800e-02	9.811205541734557833e-02
1.954459166316734354e+03	1.824442876155974447e-01	1.076486508197593006e-01	2.974307354134740344e-01	1.864138784976040464e-01	8.790231984301644097e-02	3.997402588963090003e-02	9.818610192091768718e-02
1.959296936530389530e+03	1.821620195061619818e-01	1.074805053886395273e-01	2.976026838725750467e-01	1.865324588478547152e-01	8.795227306426617320e-02	4.001033725993572571e-02	9.825972206056672598e-02
1.964134706744044706e+03	1.818813723138875682e-01	1.073133255401371305e-01	2.977736213224644879e-01	1.866503592218247964e-01	8.800194230898152059e-02	4.004646099680196636e-02	9.833291829590244670e-02
1.968972476957700337e+03	1.816023367221273332e-01	1.071471057241823593e-01	2.979435538319926136e-01	1.867675835167971199e-01	8.805132917758301536e-02	4.008239795495689012e-02	9.840569307236059216e-02
1.973810247171355968e+03	1.813249034678778016e-01	1.069818404226631492e-01	2.981124874322154672e-01	1.868841356077318439e-01	8.810043526163245653e-02	4.011814898659644274e-02	9.847804882128280424e-02
1.978648017385010689e+03	1.810490633414690020e-01	1.068175241492404504e-01	2.982804281166455129e-01	1.870000193473944639e-01	8.814926214388002501e-02	4.015371494137447150e-02	9.854998795999611594e-02
1.983485787598666320e+03	1.807748071862563533e-01	1.066541514491646248e-01	2.984473818415001589e-01	1.871152385664833218e-01	8.819781139831121830e-02	4.018909666639227524e-02	9.862151289189204084e-02
1.988323557812321269e+03	1.805021258983143806e-01	1.064917168990930085e-01	2.986133545259491151e-01	1.872297970737561712e-01	8.824608459019357698e-02	4.022429500618848047e-02	9.869262600650527406e-02
1.993161328025976900e+03	1.802310104261321544e-01	1.063302151069084323e-01	2.987783520523588643e-01	1.873436986561562434e-01	8.829408327612306429e-02	4.025931080272924373e-02	9.876332967959204623e-02
1.997999098239632076e+03	1.799614517703104488e-01	1.061696407115388791e-01	2.989423802665363006e-01	1.874569470789372028e-01	8.834180900407041792e-02	4.029414489539877298e-02	9.883362627320800564e-02
2.002836868453287707e+03	1.796934409832609547e-01	1.060099883827780171e-01	2.991054449779702584e-01	1.875695460857877417e-01	8.838926331342705778e-02	4.032879812099013361e-02	9.890351813578585061e-02
2.007674638666942428e+03	1.794269691689068247e-01	1.058512528211071058e-01	2.992675519600710432e-01	1.876814993989552594e-01	8.843644773505093815e-02	4.036327131369642912e-02	9.897300760221242055e-02
2.012512408880597604e+03	1.791620274823852166e-01	1.056934287575176240e-01	2.994287069504086296e-01	1.877928107193687357e-01	8.848336379131213625e-02	4.039756530510218296e-02	9.904209699390553734e-02
2.017350179094252780e+03	1.788986071297515301e-01	1.055365109533350221e-01	2.995889156509489171e-01	1.879034837267610780e-01	8.853001299613812158e-02	4.043168092417512294e-02	9.911078861889034697e-02
2.022187949307908411e+03	1.786366993676853088e-01	1.053804942000435840e-01	2.997481837282882089e-01	1.880135220797906070e-01	8.857639685505891425e-02	4.046561899725818756e-02	9.917908477187534211e-02
2.027025719521564042e+03	1.783762955031979736e-01	1.052253733191122198e-01	2.999065168138863036e-01	1.881229294161618770e-01	8.862251686525199346e-02	4.049938034806185166e-02	9.924698773432800991e-02
2.031863489735218764e+03	1.781173868933420279e-01	1.050711431618213121e-01	3.000639205042973656e-01	1.882317093527458018e-01	8.866837451558692851e-02	4.053296579765672952e-02	9.931449977455009126e-02
2.036701259948874394e+03	1.778599649449222053e-01	1.049177986090904929e-01	3.002204003613996863e-01	1.883398654856991150e-01	8.871397128666992649e-02	4.056637616446648331e-02	9.938162314775234041e-02
2.041539030162529116e+03	1.776040211142081993e-01	1.047653345713075446e-01	3.003759619126235569e-01	1.884474013905829415e-01	8.875930865088799138e-02	4.059961226426095360e-02	9.944836009612909034e-02
2.046376800376184747e+03	1.773495469066488917e-01	1.046137459881582438e-01	3.005306106511773101e-01	1.885543206224809532e-01	8.880438807245295829e-02	4.063267491014960903e-02	9.951471284893230462e-02
2.051214570589840150e+03	1.770965338765884967e-01	1.044630278284570946e-01	3.006843520362721955e-01	1.886606267161165806e-01	8.884921100744531952e-02	4.066556491257527356e-02	9.958068362254528239e-02
2.056052340803495554e+03	1.768449736269843697e-01	1.043131750899792265e-01	3.008371914933449243e-01	1.887663231859698643e-01	8.889377890385781467e-02	4.069828307930808270e-02	9.964627462055603013e-02
2.060890111017150957e+03	1.765948578091260379e-01	1.041641827992931396e-01	3.009891344142793246e-01	1.888714135263931393e-01	8.893809320163879872e-02	4.073083021543971727e-02	9.971148803383017567e-02
2.065727881230805451e+03	1.763461781223564229e-01	1.040160460115944346e-01	3.011401861576262218e-01	1.889759012117265269e-01	8.898215533273537425e-02	4.076320712337788699e-02	9.977632604058350729e-02
2.070565651444461309e+03	1.760989263137943128e-01	1.038687598105405702e-01	3.012903520488213194e-01	1.890797896964125091e-01	8.902596672113637088e-02	4.079541460284109161e-02	9.984079080645422155e-02
2.075403421658116713e+03	1.758530941780586387e-01	1.037223193080864803e-01	3.014396373804020257e-01	1.891830824151098656e-01	8.906952878291508890e-02	4.082745345085361105e-02	9.990488448457467141e-02
2.080241191871772116e+03	1.756086735569941104e-01	1.035767196443213162e-01	3.015880474122226707e-01	1.892857827828069717e-01	8.911284292627175141e-02	4.085932446174073140e-02	9.996860921564287850e-02
2.085078962085427065e+03	1.753656563393987677e-01	1.034319559873058680e-01	3.017355873716677239e-01	1.893878941949344308e-01	8.915591055157590095e-02	4.089102842712424163e-02	1.000319671279935319e-01
2.089916732299082469e+03	1.751240344607528365e-01	1.032880235329112634e-01	3.018822624538640698e-01	1.894894200274770402e-01	8.919873305140846309e-02	4.092256613591813141e-02	1.000949603376686953e-01
2.094754502512737417e+03	1.748837999029493051e-01	1.031449175046583178e-01	3.020280778218913942e-01	1.895903636370852019e-01	8.924131181060360185e-02	4.095393837432458745e-02	1.001575909484881260e-01
2.099592272726392821e+03	1.746449446940260830e-01	1.030026331535579265e-01	3.021730386069912400e-01	1.896907283611854733e-01	8.928364820629049181e-02	4.098514592583014232e-02	1.002198610521192051e-01
2.104430042940048224e+03	1.744074609078995475e-01	1.028611657579524691e-01	3.023171499087744518e-01	1.897905175180907567e-01	8.932574360793468782e-02	4.101618957120209408e-02	1.002817727281464788e-01
2.109267813153704083e+03	1.741713406640999495e-01	1.027205106233579496e-01	3.024604167954273448e-01	1.898897344071096283e-01	8.936759937737943915e-02	4.104707008848518246e-02	1.003433280441408948e-01
2.114105583367359031e+03	1.739365761275078748e-01	1.025806630823072468e-01	3.026028443039163185e-01	1.899883823086551682e-01	8.940921686888680942e-02	4.107778825299838316e-02	1.004045290557286502e-01
2.118943353581013525e+03	1.737031595080928137e-01	1.024416184941941005e-01	3.027444374401905280e-01	1.900864644843530127e-01	8.945059742917840784e-02	4.110834483733205591e-02	1.004653778066595254e-01
2.123781123794669384e+03	1.734710830606527310e-01	1.023033722451181515e-01	3.028852011793841115e-01	1.901839841771489625e-01	8.949174239747620385e-02	4.113874061134517590e-02	1.005258763288751356e-01
2.128618894008324787e+03	1.732403390845554669e-01	1.021659197477307879e-01	3.030251404660160852e-01	1.902809446114159253e-01	8.953265310554278655e-02	4.116897634216286350e-02	1.005860266425765426e-01
2.133456664221980191e+03	1.730109199234814987e-01	1.020292564410818920e-01	3.031642602141894627e-01	1.903773489930600249e-01	8.957333087772181845e-02	4.119905279417409444e-02	1.006458307562916599e-01
2.138294434435635139e+03	1.727828179651683393e-01	1.018933777904675458e-01	3.033025653077883188e-01	1.904732005096264891e-01	8.961377703097787861e-02	4.122897072902961813e-02	1.007052906669422682e-01
2.143132204649290543e+03	1.725560256411561577e-01	1.017582792872785136e-01	3.034400606006740775e-01	1.905685023304045655e-01	8.965399287493650005e-02	4.125873090564005641e-02	1.007644083599105872e-01
2.147969974862945492e+03	1.723305354265351752e-01	1.016239564488496810e-01	3.035767509168801337e-01	1.906632576065320495e-01	8.969397971192363817e-02	4.128833408017423129e-02	1.008231858091055838e-01
2.152807745076601350e+03	1.721063398396942556e-01	1.014904048183104118e-01	3.037126410508049212e-01	1.907574694710990615e-01	8.973373883700527798e-02	4.131778100605765919e-02	1.008816249770289331e-01
2.157645515290255844e+03	1.718834314420711606e-01	1.013576199644356662e-01	3.038477357674039259e-01	1.908511410392514374e-01	8.977327153802655557e-02	4.134707243397126725e-02	1.009397278148404936e-01
2.162483285503912157e+03	1.716618028379042205e-01	1.012255974814979115e-01	3.039820398023804215e-01	1.909442754082933125e-01	8.981257909565085185e-02	4.137620911185026229e-02	1.009974962624235195e-01
2.167321055717567106e+03	1.714414466739853093e-01	1.010943329891202253e-01	3.041155578623743749e-01	1.910368756577891514e-01	8.985166278339866419e-02	4.140519178488322183e-02	1.010549322484495527e-01
2.172158825931222509e+03	1.712223556394143476e-01	1.009638221321298712e-01	3.042482946251504616e-01	1.911289448496653054e-01	8.989052386768628389e-02	4.143402119551134466e-02	1.011120376904428436e-01
2.176996596144877003e+03	1.710045224653553020e-01	1.008340605804129431e-01	3.043802547397847502e-01	1.912204860283109320e-01	8.992916360786416818e-02	4.146269808342787494e-02	1.011688144948445500e-01
2.181834366358532861e+03	1.707879399247934638e-01	1.007050440287697718e-01	3.045114428268495543e-01	1.913115022206781923e-01	8.996758325625532626e-02	4.149122318557774136e-02	1.012252645570764498e-01
2.186672136572187810e+03	1.705726008322941967e-01	1.005767681967711935e-01	3.046418634785978963e-01	1.914019964363821713e-01	9.000578405819327499e-02	4.151959723615732123e-02	1.012813897616044595e-01
2.191509906785843214e+03	1.703584980437631291e-01	1.004492288286157053e-01	3.047715212591457501e-01	1.914919716677998818e-01	9.004376725206003629e-02	4.154782096661442659e-02	1.013371919820016120e-01
2.196347676999498617e+03	1.701456244562075948e-01	1.003224216929873014e-01	3.049004207046536186e-01	1.915814308901690188e-01	9.008153406932374596e-02	4.157589510564838747e-02	1.013926730810108395e-01
2.201185447213154021e+03	1.699339730074996557e-01	1.001963425829143078e-01	3.050285663235066669e-01	1.916703770616859093e-01	9.011908573457616534e-02	4.160382037921039194e-02	1.014478349106074234e-01
2.206023217426809424e+03	1.697235366761403463e-01	1.000709873156289259e-01	3.051559625964934130e-01	1.917588131236029614e-01	9.015642346557001252e-02	4.163159751050391627e-02	1.015026793120609311e-01
2.210860987640464373e+03	1.695143084810253331e-01	9.994635173242756576e-02	3.052826139769835301e-01	1.918467420003256430e-01	9.019354847325609936e-02	4.165922721998534944e-02	1.015572081159969720e-01
2.215698757854119776e+03	1.693062814812118788e-01	9.982243169853217968e-02	3.054085248911040940e-01	1.919341665995088486e-01	9.023046196182023249e-02	4.168671022536475645e-02	1.016114231424585373e-01
2.220536528067775180e+03	1.690994487756873610e-01	9.969922310295210865e-02	3.055336997379145547e-01	1.920210898121527121e-01	9.026716512871996168e-02	4.171404724160682892e-02	1.016653262009670627e-01
2.225374298281430583e+03	1.688938035031387619e-01	9.957672185834692824e-02	3.056581428895810970e-01	1.921075145126977246e-01	9.030365916472110621e-02	4.174123898093195367e-02	1.017189190905830182e-01
2.230212068495085077e+03	1.686893388417239348e-01	9.945492390089011314e-02	3.057818586915489467e-01	1.921934435591196588e-01	9.033994525393418407e-02	4.176828615281744789e-02	1.017722035999663183e-01
2.235049838708740936e+03	1.684860480088437862e-01	9.933382519013334022e-02	3.059048514627140669e-01	1.922788797930235494e-01	9.037602457385059129e-02	4.179518946399891910e-02	1.018251815074363298e-01
2.239887608922396339e+03	1.682839242609160957e-01	9.921342170887177681e-02	3.060271254955933551e-01	1.923638260397375066e-01	9.041189829537855938e-02	4.182194961847182646e-02	1.018778545810314906e-01
2.244725379136052197e+03	1.680829608931505015e-01	9.909370946300981309e-02	3.061486850564938411e-01	1.924482851084056423e-01	9.044756758287895992e-02	4.184856731749311831e-02	1.019302245785686928e-01
2.249563149349706237e+03	1.678831512393246794e-01	9.897468448142802966e-02	3.062695343856807750e-01	1.925322597920807455e-01	9.048303359420103997e-02	4.187504325958305018e-02	1.019822932477022354e-01
2.254400919563362095e+03	1.676844886715621874e-01	9.885634281585056748e-02	3.063896776975440495e-01	1.926157528678162367e-01	9.051829748071779647e-02	4.190137814052713461e-02	1.020340623259825691e-01
2.259238689777017044e+03	1.674869666001111146e-01	9.873868054071344158e-02	3.065091191807642335e-01	1.926987670967577060e-01	9.055336038736123971e-02	4.192757265337820199e-02	1.020855335409145553e-01
2.264076459990672902e+03	1.672905784731242851e-01	9.862169375303357632e-02	3.066278629984769966e-01	1.927813052242339231e-01	9.058822345265750420e-02	4.195362748845864187e-02	1.021367086100155724e-01
