1.001418434226643626e+03	2.858263407541171697e-01	1.692140186188520745e-01	2.343802211944510661e-01	1.420371565001818381e-01	6.960562748057509685e-02	2.806946496185129536e-02	7.086717048996543644e-02
1.003837319333471214e+03	2.853865232376484595e-01	1.689520707660558396e-01	2.346693001798263178e-01	1.422165056073902700e-01	6.967967354127099777e-02	2.811439437126626514e-02	7.098153229653580976e-02
1.006256204440298802e+03	2.849479757568708083e-01	1.686908793552464869e-01	2.349574952154670771e-01	1.423953343489636203e-01	6.975350913064007341e-02	2.815923367391823945e-02	7.109557251888760920e-02
1.008675089547126618e+03	2.845106946333734177e-01	1.684304421952968200e-01	2.352448089894932093e-01	1.425736444201266273e-01	6.982713489422169573e-02	2.820398291128236798e-02	7.120929195619973839e-02
1.011093974653954206e+03	2.840746761994855096e-01	1.681707571014798008e-01	2.355312441814494118e-01	1.427514375089554699e-01	6.990055147521595513e-02	2.824864212605423391e-02	7.132269140735345014e-02
1.013512859760782021e+03	2.836399167982442959e-01	1.679118218954491204e-01	2.358168034623399911e-01	1.429287152964233421e-01	6.997375951449530396e-02	2.829321136213762758e-02	7.143577167090416069e-02
1.015931744867609382e+03	2.832064127833625600e-01	1.676536344052201866e-01	2.361014894946631137e-01	1.431054794564456945e-01	7.004675965061600562e-02	2.833769066463243461e-02	7.154853354505381902e-02
1.018350629974437197e+03	2.827741605191970709e-01	1.673961924651508060e-01	2.363853049324450561e-01	1.432817316559248655e-01	7.011955251982969484e-02	2.838208007982260389e-02	7.166097782762362312e-02
1.020769515081264785e+03	2.823431563807164424e-01	1.671394939159224213e-01	2.366682524212741778e-01	1.434574735547944069e-01	7.019213875609470188e-02	2.842637965516420923e-02	7.177310531602740240e-02
1.023188400188092373e+03	2.819133967534691032e-01	1.668835366045209878e-01	2.369503345983344500e-01	1.436327068060630208e-01	7.026451899108734911e-02	2.847058943927360808e-02	7.188491680724524990e-02
1.025607285294920075e+03	2.814848780335521550e-01	1.666283183842179050e-01	2.372315540924391786e-01	1.438074330558580527e-01	7.033669385421315035e-02	2.851470948191569404e-02	7.199641309779770959e-02
1.028026170401747549e+03	2.810575966275791759e-01	1.663738371145514205e-01	2.375119135240640333e-01	1.439816539434685960e-01	7.040866397261792697e-02	2.855873983399223257e-02	7.210759498372046328e-02
1.030445055508575479e+03	2.806315489526491347e-01	1.661200906613077011e-01	2.377914155053801881e-01	1.441553711013882633e-01	7.048042997119886854e-02	2.860268054753029379e-02	7.221846326053937837e-02
1.032863940615402726e+03	2.802067314363148598e-01	1.658670768965021802e-01	2.380700626402871833e-01	1.443285861553573191e-01	7.055199247261549622e-02	2.864653167567076178e-02	7.232901872324602743e-02
1.035282825722230655e+03	2.797831405165517316e-01	1.656147936983607960e-01	2.383478575244453168e-01	1.445013007244047853e-01	7.062335209730054297e-02	2.869029327265696511e-02	7.243926216627363801e-02
1.037701710829058356e+03	2.793607726417265957e-01	1.653632389513013945e-01	2.386248027453082843e-01	1.446735164208899915e-01	7.069450946347070885e-02	2.873396539382334913e-02	7.254919438347343097e-02
1.040120595935886058e+03	2.789396242705665108e-01	1.651124105459153280e-01	2.389009008821550983e-01	1.448452348505435694e-01	7.076546518713745793e-02	2.877754809558427315e-02	7.265881616809145849e-02
1.042539481042713533e+03	2.785196918721280501e-01	1.648623063789487475e-01	2.391761545061221461e-01	1.450164576125084204e-01	7.083621988211764864e-02	2.882104143542288388e-02	7.276812831274577509e-02
1.044958366149541234e+03	2.781009719257661050e-01	1.646129243532843678e-01	2.394505661802349694e-01	1.451871862993800999e-01	7.090677416004405320e-02	2.886444547188006526e-02	7.287713160940402501e-02
1.047377251256368709e+03	2.776834609211032423e-01	1.643642623779230094e-01	2.397241384594397118e-01	1.453574224972468409e-01	7.097712863037593245e-02	2.890776026454348890e-02	7.298582684936150144e-02
1.049796136363196410e+03	2.772671553579990622e-01	1.641163183679653359e-01	2.399968738906344268e-01	1.455271677857292723e-01	7.104728390040938868e-02	2.895098587403673387e-02	7.309421482321951102e-02
1.052215021470024112e+03	2.768520517465196118e-01	1.638690902445935904e-01	2.402687750127003585e-01	1.456964237380196925e-01	7.111724057528777398e-02	2.899412236200850368e-02	7.320229632086418248e-02
1.054633906576851814e+03	2.764381466069068538e-01	1.636225759350533882e-01	2.405398443565326672e-01	1.458651919209212056e-01	7.118699925801189043e-02	2.903716979112192648e-02	7.331007213144566381e-02
1.057052791683679516e+03	2.760254364695484131e-01	1.633767733726356752e-01	2.408100844450713762e-01	1.460334738948862732e-01	7.125656054945025963e-02	2.908012822504393510e-02	7.341754304335762482e-02
1.059471676790506763e+03	2.756139178749471563e-01	1.631316804966585488e-01	2.410794977933317096e-01	1.462012712140549620e-01	7.132592504834923963e-02	2.912299772843471649e-02	7.352470984421723144e-02
1.061890561897334692e+03	2.752035873736909388e-01	1.628872952524493822e-01	2.413480869084344838e-01	1.463685854262930242e-01	7.139509335134303081e-02	2.916577836693727208e-02	7.363157332084543927e-02
1.064309447004162394e+03	2.747944415264228502e-01	1.626436155913267012e-01	2.416158542896363337e-01	1.465354180732293399e-01	7.146406605296370951e-02	2.920847020716704073e-02	7.373813425924759246e-02
1.066728332110990095e+03	2.743864769038108498e-01	1.624006394705824752e-01	2.418828024283595501e-01	1.467017706902933594e-01	7.153284374565115067e-02	2.925107331670159447e-02	7.384439344459454990e-02
1.069147217217817570e+03	2.739796900865181795e-01	1.621583648534642708e-01	2.421489338082219167e-01	1.468676448067519624e-01	7.160142701976283941e-02	2.929358776407043133e-02	7.395035166120396408e-02
1.071566102324645271e+03	2.735740776651733319e-01	1.619167897091572661e-01	2.424142509050662420e-01	1.470330419457461235e-01	7.166981646358366875e-02	2.933601361874484809e-02	7.405600969252201793e-02
1.073984987431472746e+03	2.731696362403405187e-01	1.616759120127668203e-01	2.426787561869898913e-01	1.471979636243272438e-01	7.173801266333566795e-02	2.937835095112787190e-02	7.416136832110549471e-02
1.076403872538300675e+03	2.727663624224900274e-01	1.614357297453006268e-01	2.429424521143737914e-01	1.473624113534930113e-01	7.180601620318760592e-02	2.942059983254429259e-02	7.426642832860419485e-02
1.078822757645127922e+03	2.723642528319686340e-01	1.611962408936511992e-01	2.432053411399116016e-01	1.475263866382231503e-01	7.187382766526460853e-02	2.946276033523076779e-02	7.437119049574361651e-02
1.081241642751955851e+03	2.719633040989702932e-01	1.609574434505783025e-01	2.434674257086385796e-01	1.476898909775148094e-01	7.194144762965763717e-02	2.950483253232599051e-02	7.447565560230802462e-02
1.083660527858783553e+03	2.715635128635067175e-01	1.607193354146914388e-01	2.437287082579601971e-01	1.478529258644175615e-01	7.200887667443293949e-02	2.954681649786094697e-02	7.457982442712383919e-02
1.086079412965611255e+03	2.711648757753784000e-01	1.604819147904324728e-01	2.439891912176806454e-01	1.480154927860681258e-01	7.207611537564145854e-02	2.958871230674925412e-02	7.468369774804331507e-02
1.088498298072438729e+03	2.707673894941451942e-01	1.602451795880582008e-01	2.442488770100311457e-01	1.481775932237248683e-01	7.214316430732810315e-02	2.963052003477756324e-02	7.478727634192856855e-02
1.090917183179266431e+03	2.703710506890973919e-01	1.600091278236230596e-01	2.445077680496982875e-01	1.483392286528019133e-01	7.221002404154104604e-02	2.967223975859603971e-02	7.489056098463590938e-02
1.093336068286093905e+03	2.699758560392268580e-01	1.597737575189618897e-01	2.447658667438517843e-01	1.485004005429029217e-01	7.227669514834086928e-02	2.971387155570892266e-02	7.499355245100040868e-02
1.095754953392921607e+03	2.695818022331980535e-01	1.595390667016726438e-01	2.450231754921723959e-01	1.486611103578547588e-01	7.234317819580975140e-02	2.975541550446515401e-02	7.509625151482089700e-02
1.098173838499749309e+03	2.691888859693193914e-01	1.593050534050994005e-01	2.452796966868796280e-01	1.488213595557406621e-01	7.240947375006044628e-02	2.979687168404907341e-02	7.519865894884510127e-02
1.100592723606577010e+03	2.687971039555144270e-01	1.590717156683150446e-01	2.455354327127591274e-01	1.489811495889332982e-01	7.247558237524535929e-02	2.983824017447121030e-02	7.530077552475522573e-02
1.103011608713404712e+03	2.684064529092934914e-01	1.588390515361044197e-01	2.457903859471901320e-01	1.491404819041273477e-01	7.254150463356548451e-02	2.987952105655912113e-02	7.540260201315371336e-02
1.105430493820231959e+03	2.680169295577250477e-01	1.586070590589472584e-01	2.460445587601724493e-01	1.492993579423721184e-01	7.260724108527924492e-02	2.992071441194831330e-02	7.550413918354932641e-02
1.107849378927059888e+03	2.676285306374073247e-01	1.583757362930012236e-01	2.462979535143536569e-01	1.494577791391034638e-01	7.267279228871134644e-02	2.996182032307323495e-02	7.560538780434349071e-02
1.110268264033887590e+03	2.672412528944401178e-01	1.581450813000850886e-01	2.465505725650558866e-01	1.496157469241757576e-01	7.273815880026157643e-02	3.000283887315834119e-02	7.570634864281698684e-02
1.112687149140715292e+03	2.668550930843964775e-01	1.579150921476618064e-01	2.468024182603024974e-01	1.497732627218935075e-01	7.280334117441340791e-02	3.004377014620922270e-02	7.580702246511680786e-02
1.115106034247542766e+03	2.664700479722945659e-01	1.576857669088219671e-01	2.470534929408446101e-01	1.499303279510426079e-01	7.286833996374275646e-02	3.008461422700380722e-02	7.590741003624333627e-02
1.117524919354370468e+03	2.660861143325697897e-01	1.574571036622667841e-01	2.473037989401875580e-01	1.500869440249215370e-01	7.293315571892651505e-02	3.012537120108363387e-02	7.600751212003778456e-02
1.119943804461197942e+03	2.657032889490467120e-01	1.572291004922916902e-01	2.475533385846170054e-01	1.502431123513719713e-01	7.299778898875111666e-02	3.016604115474519343e-02	7.610732947916991342e-02
1.122362689568025871e+03	2.653215686149111852e-01	1.570017554887696010e-01	2.478021141932251203e-01	1.503988343328095389e-01	7.306224032012097191e-02	3.020662417503133107e-02	7.620686287512594415e-02
1.124781574674853118e+03	2.649409501326825955e-01	1.567750667471342618e-01	2.480501280779364714e-01	1.505541113662538788e-01	7.312651025806693461e-02	3.024712034972272187e-02	7.630611306819676254e-02
1.127200459781681047e+03	2.645614303141864410e-01	1.565490323683638996e-01	2.482973825435338677e-01	1.507089448433588941e-01	7.319059934575465609e-02	3.028752976732941929e-02	7.640508081746640034e-02
1.129619344888508749e+03	2.641830059805263531e-01	1.563236504589648468e-01	2.485438798876839495e-01	1.508633361504424231e-01	7.325450812449289806e-02	3.032785251708246602e-02	7.650376688080069709e-02
1.132038229995336451e+03	2.638056739620567859e-01	1.560989191309548607e-01	2.487896224009626678e-01	1.510172866685157711e-01	7.331823713374174822e-02	3.036808868892556038e-02	7.660217201483628113e-02
1.134457115102163925e+03	2.634294310983555931e-01	1.558748365018470527e-01	2.490346123668806810e-01	1.511707977733129926e-01	7.338178691112090535e-02	3.040823837350680597e-02	7.670029697496967558e-02
1.136876000208991627e+03	2.630542742381968280e-01	1.556514006946333184e-01	2.492788520619085291e-01	1.513238708353200068e-01	7.344515799241775611e-02	3.044830166217050993e-02	7.679814251534672342e-02
1.139294885315819101e+03	2.626802002395232649e-01	1.554286098377683778e-01	2.495223437555017520e-01	1.514765072198033802e-01	7.350835091159554913e-02	3.048827864694906437e-02	7.689570938885227636e-02
1.141713770422646803e+03	2.623072059694193658e-01	1.552064620651533999e-01	2.497650897101258149e-01	1.516287082868388592e-01	7.357136620080136080e-02	3.052816942055486607e-02	7.699299834709999457e-02
1.144132655529474505e+03	2.619352883040841906e-01	1.549849555161199599e-01	2.500070921812809210e-01	1.517804753913397364e-01	7.363420439037413057e-02	3.056797407637233677e-02	7.709001014042245192e-02
1.146551540636302207e+03	2.615644441288044186e-01	1.547640883354137742e-01	2.502483534175264923e-01	1.519318098830849673e-01	7.369686600885262673e-02	3.060769270844996767e-02	7.718674551786147697e-02
1.148970425743129908e+03	2.611946703379275370e-01	1.545438586731788799e-01	2.504888756605059275e-01	1.520827131067470361e-01	7.375935158298327354e-02	3.064732541149244732e-02	7.728320522715861896e-02
1.151389310849957155e+03	2.608259638348348064e-01	1.543242646849415645e-01	2.507286611449708880e-01	1.522331864019195458e-01	7.382166163772807543e-02	3.068687228085285879e-02	7.737939001474593292e-02
1.153808195956785084e+03	2.604583215319147271e-01	1.541053045315943781e-01	2.509677120988055843e-01	1.523832311031447784e-01	7.388379669627234692e-02	3.072633341252491851e-02	7.747530062573687593e-02
1.156227081063612786e+03	2.600917403505363934e-01	1.538869763793802581e-01	2.512060307430510342e-01	1.525328485399407297e-01	7.394575728003245640e-02	3.076570890313529844e-02	7.757093780391753624e-02
1.158645966170440488e+03	2.597262172210227371e-01	1.536692783998767353e-01	2.514436192919285440e-01	1.526820400368282538e-01	7.400754390866357002e-02	3.080499884993597934e-02	7.766630229173791811e-02
1.161064851277267962e+03	2.593617490826243266e-01	1.534522087699800863e-01	2.516804799528642445e-01	1.528308069133576252e-01	7.406915710006724274e-02	3.084420335079670478e-02	7.776139483030357347e-02
1.163483736384095664e+03	2.589983328834927212e-01	1.532357656718896788e-01	2.519166149265122945e-01	1.529791504841352678e-01	7.413059737039905117e-02	3.088332250419746627e-02	7.785621615936728912e-02
1.165902621490923138e+03	2.586359655806542701e-01	1.530199472930922067e-01	2.521520264067789729e-01	1.531270720588500667e-01	7.419186523407610145e-02	3.092235640922104054e-02	7.795076701732109314e-02
1.168321506597751068e+03	2.582746441399839665e-01	1.528047518263460636e-01	2.523867165808457713e-01	1.532745729422993752e-01	7.425296120378460651e-02	3.096130516554562034e-02	7.804504814118838618e-02
1.170740391704578315e+03	2.579143655361790244e-01	1.525901774696657720e-01	2.526206876291929304e-01	1.534216544344149946e-01	7.431388579048725518e-02	3.100016887343748015e-02	7.813906026661628090e-02
1.173159276811406244e+03	2.575551267527331767e-01	1.523762224263064402e-01	2.528539417256226995e-01	1.535683178302889307e-01	7.437463950343065067e-02	3.103894763374370411e-02	7.823280412786813576e-02
1.175578161918233945e+03	2.571969247819104742e-01	1.521628849047482190e-01	2.530864810372823737e-01	1.537145644201988182e-01	7.443522285015269357e-02	3.107764154788495922e-02	7.832628045781622750e-02
1.177997047025061647e+03	2.568397566247193065e-01	1.519501631186809254e-01	2.533183077246873305e-01	1.538603954896332893e-01	7.449563633648989547e-02	3.111625071784836910e-02	7.841948998793468739e-02
1.180415932131889122e+03	2.564836192908866996e-01	1.517380552869886379e-01	2.535494239417439011e-01	1.540058123193170092e-01	7.455588046658462309e-02	3.115477524618038424e-02	7.851243344829253457e-02
1.182834817238716823e+03	2.561285097988327264e-01	1.515265596337342646e-01	2.537798318357721850e-01	1.541508161852356285e-01	7.461595574289234256e-02	3.119321523597975640e-02	7.860511156754694528e-02
1.185253702345544298e+03	2.557744251756444709e-01	1.513156743881443889e-01	2.540095335475286431e-01	1.542954083586604019e-01	7.467586266618879420e-02	3.123157079089055460e-02	7.869752507293664712e-02
1.187672587452371999e+03	2.554213624570507157e-01	1.511053977845938368e-01	2.542385312112285800e-01	1.544395901061729193e-01	7.473560173557715347e-02	3.126984201509522276e-02	7.878967469027549353e-02
1.190091472559199701e+03	2.550693186873964624e-01	1.508957280625906339e-01	2.544668269545686812e-01	1.545833626896891133e-01	7.479517344849508087e-02	3.130802901330771715e-02	7.888156114394628826e-02
1.192510357666027403e+03	2.547182909196172851e-01	1.506866634667607674e-01	2.546944228987491066e-01	1.547267273664836573e-01	7.485457830072182739e-02	3.134613189076668888e-02	7.897318515689465135e-02
1.194929242772855105e+03	2.543682762152142396e-01	1.504782022468330316e-01	2.549213211584959726e-01	1.548696853892137515e-01	7.491381678638517339e-02	3.138415075322870118e-02	7.906454745062306555e-02
1.197348127879682352e+03	2.540192716442283838e-01	1.502703426576241230e-01	2.551475238420831682e-01	1.550122380059429927e-01	7.497288939796847851e-02	3.142208570696153336e-02	7.915564874518522809e-02
1.199767012986510281e+03	2.536712742852156866e-01	1.500630829590234860e-01	2.553730330513544478e-01	1.551543864601648282e-01	7.503179662631755120e-02	3.145993685873751944e-02	7.924648975918034688e-02
1.202185898093337983e+03	2.533242812252219922e-01	1.498564214159783248e-01	2.555978508817452477e-01	1.552961319908260918e-01	7.509053896064749045e-02	3.149770431582694930e-02	7.933707120974776983e-02
1.204604783200165684e+03	2.529782895597578740e-01	1.496503562984788094e-01	2.558219794223043353e-01	1.554374758323500139e-01	7.514911688854965244e-02	3.153538818599152527e-02	7.942739381256164188e-02
1.207023668306993159e+03	2.526332963927737096e-01	1.494448858815430603e-01	2.560454207557156248e-01	1.555784192146594802e-01	7.520753089599828412e-02	3.157298857747783960e-02	7.951745828182583964e-02
1.209442553413820860e+03	2.522892988366348677e-01	1.492400084452024100e-01	2.562681769583195490e-01	1.557189633631997083e-01	7.526578146735743435e-02	3.161050559901094903e-02	7.960726533026889207e-02
1.211861438520648335e+03	2.519462940120967276e-01	1.490357222744866095e-01	2.564902501001346535e-01	1.558591094989610626e-01	7.532386908538757364e-02	3.164793935978798406e-02	7.969681566913920656e-02
1.214280323627476264e+03	2.516042790482801994e-01	1.488320256594090618e-01	2.567116422448786350e-01	1.559988588385014530e-01	7.538179423125231093e-02	3.168528996947178600e-02	7.978611000820036436e-02
1.216699208734303511e+03	2.512632510826469101e-01	1.486289168949521400e-01	2.569323554499899354e-01	1.561382125939687060e-01	7.543955738452501336e-02	3.172255753818464113e-02	7.987514905572652701e-02
1.219118093841131440e+03	2.509232072609747788e-01	1.484263942810525039e-01	2.571523917666483361e-01	1.562771719731227971e-01	7.549715902319541205e-02	3.175974217650202880e-02	7.996393351849803710e-02
1.221536978947959142e+03	2.505841447373333142e-01	1.482244561225865565e-01	2.573717532397964969e-01	1.564157381793577772e-01	7.555459962367616633e-02	3.179684399544642492e-02	8.005246410179715777e-02
1.223955864054786844e+03	2.502460606740594118e-01	1.480231007293558720e-01	2.575904419081605501e-01	1.565539124117236447e-01	7.561187966080940015e-02	3.183386310648118889e-02	8.014074150940390939e-02
1.226374749161614318e+03	2.499089522417327625e-01	1.478223264160726802e-01	2.578084598042708619e-01	1.566916958649479941e-01	7.566899960787312751e-02	3.187079962150444340e-02	8.022876644359207277e-02
1.228793634268442020e+03	2.495728166191519548e-01	1.476221315023453773e-01	2.580258089544830713e-01	1.568290897294574993e-01	7.572595993658777502e-02	3.190765365284303767e-02	8.031653960512527557e-02
1.231212519375269494e+03	2.492376509933098561e-01	1.474225143126641491e-01	2.582424913789982401e-01	1.569660951913993407e-01	7.578276111712249630e-02	3.194442531324657303e-02	8.040406169325330088e-02
1.233631404482097196e+03	2.489034525593698255e-01	1.472234731763865379e-01	2.584585090918837258e-01	1.571027134326622998e-01	7.583940361810159736e-02	3.198111471588145627e-02	8.049133340570839568e-02
1.236050289588924898e+03	2.485702185206415393e-01	1.470250064277231483e-01	2.586738641010935535e-01	1.572389456308978528e-01	7.589588790661090656e-02	3.201772197432498079e-02	8.057835543870187078e-02
1.238469174695752372e+03	2.482379460885570099e-01	1.468271124057233257e-01	2.588885584084882896e-01	1.573747929595410711e-01	7.595221444820399181e-02	3.205424720255953264e-02	8.066512848692063142e-02
1.240888059802580301e+03	2.479066324826466605e-01	1.466297894542610003e-01	2.591025940098558022e-01	1.575102565878312433e-01	7.600838370690844725e-02	3.209069051496672015e-02	8.075165324352395757e-02
1.243306944909407548e+03	2.475762749305156218e-01	1.464330359220203381e-01	2.593159728949311904e-01	1.576453376808324702e-01	7.606439614523211046e-02	3.212705202632167717e-02	8.083793040014040920e-02
1.245725830016235477e+03	2.472468706678199180e-01	1.462368501624816963e-01	2.595286970474167676e-01	1.577800373994541483e-01	7.612025222416926584e-02	3.216333185178734538e-02	8.092396064686473156e-02
1.248144715123063179e+03	2.469184169382426797e-01	1.460412305339075234e-01	2.597407684450018794e-01	1.579143569004711756e-01	7.617595240320677863e-02	3.219953010690879136e-02	8.100974467225506570e-02
1.250563600229890881e+03	2.465909109934707188e-01	1.458461753993282040e-01	2.599521890593829987e-01	1.580482973365440469e-01	7.623149714033024271e-02	3.223564690760762769e-02	8.109528316333006193e-02
1.252982485336718355e+03	2.462643500931709639e-01	1.456516831265280421e-01	2.601629608562833762e-01	1.581818598562388656e-01	7.628688689203001749e-02	3.227168237017642022e-02	8.118057680556624300e-02
1.255401370443546057e+03	2.459387315049668676e-01	1.454577520880313835e-01	2.603730857954725253e-01	1.583150456040471887e-01	7.634212211330727860e-02	3.230763661127317860e-02	8.126562628289547840e-02
1.257820255550373531e+03	2.456140525044151479e-01	1.452643806610885713e-01	2.605825658307861503e-01	1.584478557204056504e-01	7.639720325768004083e-02	3.234350974791588840e-02	8.135043227770250018e-02
1.260239140657201460e+03	2.452903103749824454e-01	1.450715672276620405e-01	2.607914029101452424e-01	1.585802913417155013e-01	7.645213077718916728e-02	3.237930189747705717e-02	8.143499547082254375e-02
1.262658025764028707e+03	2.449675024080220642e-01	1.448793101744125233e-01	2.609995989755756196e-01	1.587123536003620661e-01	7.650690512240422569e-02	3.241501317767833679e-02	8.151931654153911355e-02
1.265076910870856636e+03	2.446456259027508240e-01	1.446876078926852549e-01	2.612071559632273554e-01	1.588440436247339493e-01	7.656152674242949763e-02	3.245064370658520131e-02	8.160339616758187364e-02
1.267495795977684338e+03	2.443246781662259393e-01	1.444964587784960952e-01	2.614140758033937639e-01	1.589753625392421321e-01	7.661599608490977931e-02	3.248619360260160405e-02	8.168723502512459378e-02
1.269914681084511813e+03	2.440046565133219547e-01	1.443058612325179291e-01	2.616203604205307731e-01	1.591063114643389842e-01	7.667031359603626584e-02	3.252166298446477338e-02	8.177083378878320652e-02
1.272333566191339514e+03	2.436855582667078468e-01	1.441158136600668160e-01	2.618260117332756876e-01	1.592368915165371657e-01	7.672447972055236598e-02	3.255705197123996003e-02	8.185419313161400312e-02
1.274752451298167216e+03	2.433673807568240977e-01	1.439263144710886122e-01	2.620310316544663953e-01	1.593671038084282232e-01	7.677849490175941982e-02	3.259236068231529532e-02	8.193731372511182942e-02
1.277171336404994690e+03	2.430501213218598522e-01	1.437373620801450647e-01	2.622354220911600198e-01	1.594969494487012418e-01	7.683235958152249967e-02	3.262758923739663558e-02	8.202019623920853153e-02
1.279590221511822392e+03	2.427337773077302696e-01	1.435489549064004611e-01	2.624391849446518488e-01	1.596264295421612744e-01	7.688607420027612771e-02	3.266273775650252453e-02	8.210284134227134600e-02
1.282009106618650094e+03	2.424183460680537361e-01	1.433610913736080017e-01	2.626423221104940975e-01	1.597555451897476608e-01	7.693963919702993814e-02	3.269780635995907930e-02	8.218524970110145655e-02
1.284427991725477568e+03	2.421038249641292439e-01	1.431737699100963657e-01	2.628448354785141716e-01	1.598842974885521795e-01	7.699305500937428381e-02	3.273279516839505687e-02	8.226742198093264791e-02
1.286846876832305497e+03	2.417902113649139095e-01	1.429869889487563051e-01	2.630467269328337077e-01	1.600126875318372000e-01	7.704632207348595385e-02	3.276770430273687890e-02	8.234935884542998741e-02
1.289265761939132744e+03	2.414775026470004915e-01	1.428007469270272112e-01	2.632479983518867250e-01	1.601407164090534740e-01	7.709944082413365540e-02	3.280253388420367039e-02	8.243106095668871480e-02
1.291684647045960673e+03	2.411656961945949917e-01	1.426150422868837087e-01	2.634486516084380003e-01	1.602683852058580660e-01	7.715241169468366189e-02	3.283728403430243720e-02	8.251252897523306262e-02
1.294103532152788375e+03	2.408547893994943123e-01	1.424298734748224438e-01	2.636486885696014415e-01	1.603956950041319496e-01	7.720523511710528086e-02	3.287195487482320877e-02	8.259376356001529862e-02
1.296522417259616077e+03	2.405447796610638844e-01	1.422452389418487895e-01	2.638481110968582954e-01	1.605226468819976327e-01	7.725791152197636347e-02	3.290654652783422257e-02	8.267476536841475432e-02
1.298941302366443551e+03	2.402356643862156305e-01	1.420611371434635228e-01	2.640469210460753002e-01	1.606492419138365602e-01	7.731044133848880007e-02	3.294105911567717787e-02	8.275553505623699235e-02
1.301360187473271253e+03	2.399274409893857318e-01	1.418775665396496966e-01	2.642451202675226152e-01	1.607754811703064057e-01	7.736282499445389094e-02	3.297549276096255200e-02	8.283607327771307094e-02
1.303779072580098727e+03	2.396201068925126187e-01	1.416945255948595384e-01	2.644427106058920840e-01	1.609013657183583357e-01	7.741506291630780023e-02	3.300984758656487494e-02	8.291638068549880836e-02
1.306197957686926657e+03	2.393136595250148213e-01	1.415120127780012671e-01	2.646396939003147208e-01	1.610268966212539954e-01	7.746715552911695446e-02	3.304412371561808032e-02	8.299645793067420008e-02
1.308616842793753904e+03	2.390080963237693201e-01	1.413300265624259922e-01	2.648360719843789179e-01	1.611520749385826345e-01	7.751910325658331602e-02	3.307832127151098117e-02	8.307630566274287753e-02
1.311035727900581833e+03	2.387034147330894251e-01	1.411485654259148348e-01	2.650318466861480426e-01	1.612769017262777049e-01	7.757090652104978168e-02	3.311244037788262096e-02	8.315592452963169179e-02
1.313454613007409534e+03	2.383996122047029598e-01	1.409676278506657443e-01	2.652270198281781455e-01	1.614013780366338191e-01	7.762256574350541449e-02	3.314648115861780486e-02	8.323531517769026944e-02
1.315873498114237009e+03	2.380966861977308058e-01	1.407872123232806472e-01	2.654215932275353906e-01	1.615255049183232372e-01	7.767408134359077287e-02	3.318044373784257567e-02	8.331447825169076282e-02
1.318292383221064711e+03	2.377946341786649209e-01	1.406073173347525129e-01	2.656155686958138751e-01	1.616492834164124093e-01	7.772545373960305926e-02	3.321432823991980754e-02	8.339341439482760021e-02
1.320711268327892412e+03	2.374934536213469949e-01	1.404279413804525034e-01	2.658089480391528925e-01	1.617727145723784066e-01	7.777668334850137977e-02	3.324813478944475126e-02	8.347212424871730541e-02
1.323130153434719887e+03	2.371931420069466612e-01	1.402490829601171218e-01	2.660017330582543083e-01	1.618957994241251030e-01	7.782777058591189290e-02	3.328186351124069048e-02	8.355060845339841447e-02
1.325549038541547588e+03	2.368936968239402363e-01	1.400707405778353898e-01	2.661939255484000455e-01	1.620185390059994679e-01	7.787871586613301367e-02	3.331551453035457716e-02	8.362886764733146183e-02
1.327967923648375290e+03	2.365951155680892648e-01	1.398929127420361074e-01	2.663855272994690715e-01	1.621409343488074695e-01	7.792951960214047902e-02	3.334908797205275721e-02	8.370690246739903584e-02
1.330386808755202765e+03	2.362973957424190363e-01	1.397155979654751690e-01	2.665765400959547726e-01	1.622629864798302290e-01	7.798018220559245484e-02	3.338258396181669613e-02	8.378471354890584810e-02
1.332805693862030694e+03	2.360005348571974637e-01	1.395387947652228233e-01	2.667669657169817743e-01	1.623846964228397305e-01	7.803070408683465686e-02	3.341600262533873933e-02	8.386230152557896944e-02
1.335224578968857941e+03	2.357045304299138222e-01	1.393625016626511004e-01	2.669568059363234269e-01	1.625060651981145854e-01	7.808108565490531894e-02	3.344934408851793495e-02	8.393966702956798254e-02
1.337643464075685870e+03	2.354093799852576274e-01	1.391867171834210992e-01	2.671460625224182928e-01	1.626270938224556872e-01	7.813132731754023064e-02	3.348260847745587049e-02	8.401681069144538438e-02
1.340062349182513572e+03	2.351150810550974857e-01	1.390114398574705257e-01	2.673347372383871323e-01	1.627477833092018100e-01	7.818142948117777491e-02	3.351579591845253031e-02	8.409373314020690549e-02
1.342481234289341273e+03	2.348216311784601662e-01	1.388366682190011747e-01	2.675228318420500018e-01	1.628681346682448461e-01	7.823139255096382694e-02	3.354890653800222250e-02	8.417043500327189842e-02
1.344900119396168748e+03	2.345290279015095625e-01	1.386624008064663016e-01	2.677103480859426843e-01	1.629881489060454047e-01	7.828121693075673626e-02	3.358194046278956124e-02	8.424691690648389297e-02
1.347319004502996449e+03	2.342372687775257645e-01	1.384886361625583262e-01	2.678972877173334544e-01	1.631078270256478002e-01	7.833090302313219788e-02	3.361489781968538676e-02	8.432317947411112347e-02
1.349737889609823924e+03	2.339463513668844363e-01	1.383153728341963429e-01	2.680836524782398422e-01	1.632271700266953451e-01	7.838045122938815112e-02	3.364777873574280320e-02	8.439922332884709777e-02
1.352156774716651853e+03	2.336562732370357498e-01	1.381426093725137694e-01	2.682694441054448986e-01	1.633461789054453106e-01	7.842986194954970625e-02	3.368058333819325123e-02	8.447504909181127730e-02
1.354575659823479100e+03	2.333670319624839562e-01	1.379703443328459955e-01	2.684546643305139035e-01	1.634648546547838588e-01	7.847913558237387677e-02	3.371331175444256673e-02	8.455065738254982644e-02
1.356994544930307029e+03	2.330786251247664864e-01	1.377985762747180598e-01	2.686393148798106312e-01	1.635831982642408922e-01	7.852827252535446445e-02	3.374596411206709501e-02	8.462604881903632026e-02
1.359413430037134731e+03	2.327910503124336339e-01	1.376273037618324369e-01	2.688233974745138366e-01	1.637012107200047639e-01	7.857727317472679163e-02	3.377854053880986057e-02	8.470122401767263276e-02
1.361832315143962205e+03	2.325043051210277656e-01	1.374565253620567418e-01	2.690069138306333540e-01	1.638188930049370162e-01	7.862613792547250291e-02	3.381104116257672293e-02	8.477618359328976949e-02
1.364251200250789907e+03	2.322183871530631716e-01	1.372862396474116009e-01	2.691898656590265837e-01	1.639362460985867853e-01	7.867486717132429752e-02	3.384346611143262268e-02	8.485092815914882514e-02
1.366670085357617609e+03	2.319332940180053315e-01	1.371164451940584950e-01	2.693722546654142569e-01	1.640532709772054010e-01	7.872346130477060611e-02	3.387581551359779286e-02	8.492545832694198271e-02
1.369088970464445310e+03	2.316490233322508752e-01	1.369471405822875743e-01	2.695540825503968674e-01	1.641699686137606806e-01	7.877192071706032306e-02	3.390808949744406747e-02	8.499977470679348501e-02
1.371507855571272785e+03	2.313655727191070988e-01	1.367783243965056406e-01	2.697353510094704920e-01	1.642863399779512235e-01	7.882024579820745558e-02	3.394028819149118997e-02	8.507387790726077259e-02
1.373926740678100487e+03	2.310829398087719255e-01	1.366099952252241012e-01	2.699160617330429446e-01	1.644023860362204548e-01	7.886843693699573110e-02	3.397241172440313567e-02	8.514776853533559398e-02
1.376345625784927961e+03	2.308011222383135885e-01	1.364421516610469232e-01	2.700962164064494297e-01	1.645181077517709756e-01	7.891649452098328799e-02	3.400446022498451043e-02	8.522144719644517141e-02
1.378764510891755890e+03	2.305201176516507022e-01	1.362747923006587258e-01	2.702758167099684750e-01	1.646335060845783849e-01	7.896441893650719968e-02	3.403643382217693553e-02	8.529491449445344986e-02
1.381183395998583137e+03	2.302399236995320564e-01	1.361079157448127630e-01	2.704548643188378620e-01	1.647485819914051852e-01	7.901221056868806825e-02	3.406833264505550879e-02	8.536817103166237375e-02
1.383602281105411066e+03	2.299605380395168264e-01	1.359415205983190433e-01	2.706333609032701704e-01	1.648633364258147160e-01	7.905986980143460408e-02	3.410015682282525190e-02	8.544121740881317761e-02
1.386021166212238768e+03	2.296819583359545613e-01	1.357756054700325621e-01	2.708113081284684309e-01	1.649777703381848093e-01	7.910739701744810837e-02	3.413190648481762707e-02	8.551405422508773224e-02
1.388440051319066470e+03	2.294041822599653391e-01	1.356101689728413107e-01	2.709887076546417806e-01	1.650918846757214176e-01	7.915479259822695568e-02	3.416358176048704676e-02	8.558668207811000184e-02
1.390858936425893944e+03	2.291272074894199762e-01	1.354452097236546471e-01	2.711655611370208385e-01	1.652056803824723252e-01	7.920205692407113196e-02	3.419518277940743201e-02	8.565910156394745956e-02
1.393277821532721646e+03	2.288510317089203772e-01	1.352807263433913887e-01	2.713418702258735271e-01	1.653191583993404712e-01	7.924919037408668931e-02	3.422670967126883318e-02	8.573131327711257244e-02
1.395696706639549120e+03	2.285756526097797170e-01	1.351167174569682106e-01	2.715176365665201152e-01	1.654323196640973825e-01	7.929619332619011751e-02	3.425816256587400216e-02	8.580331781056432794e-02
1.398115591746377049e+03	2.283010678900029011e-01	1.349531816932879047e-01	2.716928617993487616e-01	1.655451651113965805e-01	7.934306615711284039e-02	3.428954159313508249e-02	8.587511575570984379e-02
1.400534476853204296e+03	2.280272752542671366e-01	1.347901176852276950e-01	2.718675475598306690e-01	1.656576956727866534e-01	7.938980924240551795e-02	3.432084688307025094e-02	8.594670770240593616e-02
1.402953361960032225e+03	2.277542724139022257e-01	1.346275240696277187e-01	2.720416954785355723e-01	1.657699122767245792e-01	7.943642295644247342e-02	3.435207856580046321e-02	8.601809423896077111e-02
1.405372247066859927e+03	2.274820570868712477e-01	1.344653994872793412e-01	2.722153071811467262e-01	1.658818158485886873e-01	7.948290767242603694e-02	3.438323677154614399e-02	8.608927595213558548e-02
1.407791132173687402e+03	2.272106269977511028e-01	1.343037425829136655e-01	2.723883842884761153e-01	1.659934073106916763e-01	7.952926376239087547e-02	3.441432163062398131e-02	8.616025342714637991e-02
1.410210017280515103e+03	2.269399798777133881e-01	1.341425520051899856e-01	2.725609284164792756e-01	1.661046875822934921e-01	7.957549159720825327e-02	3.444533327344373452e-02	8.623102724766568139e-02
1.412628902387342805e+03	2.266701134645048576e-01	1.339818264066843789e-01	2.727329411762705602e-01	1.662156575796142344e-01	7.962159154659037563e-02	3.447627183050498700e-02	8.630159799582437508e-02
1.415047787494170507e+03	2.264010255024284379e-01	1.338215644438781882e-01	2.729044241741381827e-01	1.663263182158468134e-01	7.966756397909459386e-02	3.450713743239407216e-02	8.637196625221349455e-02
1.417466672600997981e+03	2.261327137423239375e-01	1.336617647771466133e-01	2.730753790115587609e-01	1.664366704011697173e-01	7.971340926212769351e-02	3.453793020978090239e-02	8.644213259588612308e-02
1.419885557707825683e+03	2.258651759415490345e-01	1.335024260707474153e-01	2.732458072852124720e-01	1.665467150427595577e-01	7.975912776195011322e-02	3.456865029341588819e-02	8.651209760435925322e-02
1.422304442814653157e+03	2.255984098639602642e-01	1.333435469928094530e-01	2.734157105869977067e-01	1.666564530448036152e-01	7.980471984368010807e-02	3.459929781412687116e-02	8.658186185361579912e-02
1.424723327921481086e+03	2.253324132798939505e-01	1.331851262153214699e-01	2.735850905040456693e-01	1.667658853085122461e-01	7.985018587129794065e-02	3.462987290281607095e-02	8.665142591810648387e-02
1.427142213028308333e+03	2.250671839661473883e-01	1.330271624141208253e-01	2.737539486187354210e-01	1.668750127321312893e-01	7.989552620765007218e-02	3.466037569045708061e-02	8.672079037075185182e-02
1.429561098135136262e+03	2.248027197059599136e-01	1.328696542688821702e-01	2.739222865087080350e-01	1.669838362109543339e-01	7.994074121445328418e-02	3.469080630809187604e-02	8.678995578294437796e-02
1.431979983241963964e+03	2.245390182889940300e-01	1.327126004631063727e-01	2.740901057468815294e-01	1.670923566373349878e-01	7.998583125229878632e-02	3.472116488682785301e-02	8.685892272455042473e-02
1.434398868348791666e+03	2.242760775113169514e-01	1.325559996841091936e-01	2.742574079014651889e-01	1.672005749006989783e-01	8.003079668065633812e-02	3.475145155783488510e-02	8.692769176391240693e-02
1.436817753455619140e+03	2.240138951753815888e-01	1.323998506230102123e-01	2.744241945359741641e-01	1.673084918875563099e-01	8.007563785787830124e-02	3.478166645234243709e-02	8.699626346785090114e-02
1.439236638562446842e+03	2.237524690900079827e-01	1.322441519747217797e-01	2.745904672092437382e-01	1.674161084815131983e-01	8.012035514120373347e-02	3.481180970163666455e-02	8.706463840166676904e-02
1.441655523669274316e+03	2.234917970703648171e-01	1.320889024379379439e-01	2.747562274754438705e-01	1.675234255632839786e-01	8.016494888676238550e-02	3.484188143705754109e-02	8.713281712914336397e-02
1.444074408776102018e+03	2.232318769379508794e-01	1.319341007151232370e-01	2.749214768840931300e-01	1.676304440107030669e-01	8.020941944957878100e-02	3.487188178999606203e-02	8.720080021254875136e-02
1.446493293882929493e+03	2.229727065205765191e-01	1.317797455125018780e-01	2.750862169800732948e-01	1.677371646987367015e-01	8.025376718357615791e-02	3.490181089189142022e-02	8.726858821263788757e-02
1.448912178989757422e+03	2.227142836523452185e-01	1.316258355400466984e-01	2.752504493036436184e-01	1.678435884994946559e-01	8.029799244158050686e-02	3.493166887422822359e-02	8.733618168865495135e-02
1.451331064096585123e+03	2.224566061736353295e-01	1.314723695114682622e-01	2.754141753904545964e-01	1.679497162822419232e-01	8.034209557532448476e-02	3.496145586853373344e-02	8.740358119833559203e-02
1.453749949203412370e+03	2.221996719310816992e-01	1.313193461442038468e-01	2.755773967715622330e-01	1.680555489134103464e-01	8.038607693545142541e-02	3.499117200637515135e-02	8.747078729790924712e-02
1.456168834310240300e+03	2.219434787775574069e-01	1.311667641594066736e-01	2.757401149734423074e-01	1.681610872566099701e-01	8.042993687151921145e-02	3.502081741935689913e-02	8.753780054210148764e-02
1.458587719417068001e+03	2.216880245721556952e-01	1.310146222819350281e-01	2.759023315180040292e-01	1.682663321726407535e-01	8.047367573200416013e-02	3.505039223911794039e-02	8.760462148413640515e-02
1.461006604523895703e+03	2.214333071801715680e-01	1.308629192403414632e-01	2.760640479226041388e-01	1.683712845195037278e-01	8.051729386430500623e-02	3.507989659732911603e-02	8.767125067573894315e-02
1.463425489630723177e+03	2.211793244730839714e-01	1.307116537668620015e-01	2.762252657000608957e-01	1.684759451524124874e-01	8.056079161474670458e-02	3.510933062569052826e-02	8.773768866713736736e-02
1.465844374737550879e+03	2.209260743285376416e-01	1.305608245974053117e-01	2.763859863586677901e-01	1.685803149238043475e-01	8.060416932858427419e-02	3.513869445592892465e-02	8.780393600706565271e-02
1.468263259844378354e+03	2.206735546303250362e-01	1.304104304715422435e-01	2.765462114022074203e-01	1.686843946833515573e-01	8.064742735000669793e-02	3.516798821979508910e-02	8.786999324276598133e-02
1.470682144951206283e+03	2.204217632683685701e-01	1.302604701324948377e-01	2.767059423299649823e-01	1.687881852779723746e-01	8.069056602214069729e-02	3.519721204906130912e-02	8.793586091999121279e-02
1.473101030058033530e+03	2.201706981387026862e-01	1.301109423271258614e-01	2.768651806367423696e-01	1.688916875518423066e-01	8.073358568705450711e-02	3.522636607551883625e-02	8.800153958300735435e-02
1.475519915164861459e+03	2.199203571434559523e-01	1.299618458059281778e-01	2.770239278128717175e-01	1.689949023464049627e-01	8.077648668576171975e-02	3.525545043097533943e-02	8.806702977459612836e-02
1.477938800271689161e+03	2.196707381908333812e-01	1.298131793230140885e-01	2.771821853442286709e-01	1.690978305003829618e-01	8.081926935822500435e-02	3.528446524725245559e-02	8.813233203605747024e-02
1.480357685378516862e+03	2.194218391950986669e-01	1.296649416361048412e-01	2.773399547122463171e-01	1.692004728497888966e-01	8.086193404335988155e-02	3.531341065618327779e-02	8.819744690721212366e-02
1.482776570485344337e+03	2.191736580765565878e-01	1.295171315065200834e-01	2.774972373939286197e-01	1.693028302279361852e-01	8.090448107903840114e-02	3.534228678960994741e-02	8.826237492640419402e-02
