1.001418434226643626e+03	2.810680491985980134e-01	1.792807920976809410e-01	2.345529811779960838e-01	1.411076741003261525e-01	6.794110311481096898e-02	2.692874714681568749e-02	6.912065316363570633e-02
1.002869765290740247e+03	2.808179068998556405e-01	1.791099272239030649e-01	2.347333128218118403e-01	1.412137400050887670e-01	6.798270069072602506e-02	2.695555618857945618e-02	6.918685616989875276e-02
1.004321096354836754e+03	2.805681893982375219e-01	1.789393521874499959e-01	2.349133298120638369e-01	1.413196180795853185e-01	6.802422431609557452e-02	2.698233630601723845e-02	6.925294990041405696e-02
1.005772427418933376e+03	2.803188959629251964e-01	1.787690665000682411e-01	2.350930326864336395e-01	1.414253086956741290e-01	6.806567415386970132e-02	2.700908747918286459e-02	6.931893452170977132e-02
1.007223758483029997e+03	2.800700258645056340e-01	1.785990696742190686e-01	2.352724219816793028e-01	1.415308122242293909e-01	6.810705036653182110e-02	2.703580968846848454e-02	6.938481020022985168e-02
1.008675089547126618e+03	2.798215783749657959e-01	1.784293612230798132e-01	2.354514982336370910e-01	1.416361290351457192e-01	6.814835311610038804e-02	2.706250291460272905e-02	6.945057710233200343e-02
1.010126420611223239e+03	2.795735527676870835e-01	1.782599406605451797e-01	2.356302619772232543e-01	1.417412594973428419e-01	6.818958256413057417e-02	2.708916713864887790e-02	6.951623539428572474e-02
1.011577751675319632e+03	2.793259483174402868e-01	1.780908075012283542e-01	2.358087137464356664e-01	1.418462039787698747e-01	6.823073887171599017e-02	2.711580234200303835e-02	6.958178524227029427e-02
1.013029082739416367e+03	2.790787643003800333e-01	1.779219612604623635e-01	2.359868540743555732e-01	1.419509628464100115e-01	6.827182219949032294e-02	2.714240850639231331e-02	6.964722681237286994e-02
1.014480413803512761e+03	2.788319999940397920e-01	1.777534014543009910e-01	2.361646834931493411e-01	1.420555364662848541e-01	6.831283270762900095e-02	2.716898561387301111e-02	6.971256027058650440e-02
1.015931744867609382e+03	2.785856546773264886e-01	1.775851275995199707e-01	2.363422025340702060e-01	1.421599252034587701e-01	6.835377055585090122e-02	2.719553364682883098e-02	6.977778578280829924e-02
1.017383075931706003e+03	2.783397276305158430e-01	1.774171392136180414e-01	2.365194117274597163e-01	1.422641294220433617e-01	6.839463590341995913e-02	2.722205258796906932e-02	6.984290351483750381e-02
1.018834406995802851e+03	2.780942181352468734e-01	1.772494358148177518e-01	2.366963116027497038e-01	1.423681494852017393e-01	6.843542890914683374e-02	2.724854242032683990e-02	6.990791363237371103e-02
1.020285738059899245e+03	2.778491254745173444e-01	1.770820169220665985e-01	2.368729026884638378e-01	1.424719857551528523e-01	6.847614973139054539e-02	2.727500312725727669e-02	6.997281630101501171e-02
1.021737069123995752e+03	2.776044489326786047e-01	1.769148820550377199e-01	2.370491855122193459e-01	1.425756385931757630e-01	6.851679852806008553e-02	2.730143469243577828e-02	7.003761168625621814e-02
1.023188400188092373e+03	2.773601877954308126e-01	1.767480307341308676e-01	2.372251606007286517e-01	1.426791083596137821e-01	6.855737545661609589e-02	2.732783709985622464e-02	7.010229995348711551e-02
1.024639731252188767e+03	2.771163413498183292e-01	1.765814624804730726e-01	2.374008284798010682e-01	1.427823954138787432e-01	6.859788067407245060e-02	2.735421033382923195e-02	7.016688126799063008e-02
1.026091062316285615e+03	2.768729088842248887e-01	1.764151768159194777e-01	2.375761896743444901e-01	1.428855001144551939e-01	6.863831433699785212e-02	2.738055437898038319e-02	7.023135579494127478e-02
1.027542393380382237e+03	2.766298896883687686e-01	1.762491732630540875e-01	2.377512447083669767e-01	1.429884228189044759e-01	6.867867660151746878e-02	2.740686922024850036e-02	7.029572369940328969e-02
1.028993724444478858e+03	2.763872830532985714e-01	1.760834513451902117e-01	2.379259941049784721e-01	1.430911638838688327e-01	6.871896762331450303e-02	2.743315484288389242e-02	7.035998514632907375e-02
1.030445055508575479e+03	2.761450882713883392e-01	1.759180105863713539e-01	2.381004383863924156e-01	1.431937236650755174e-01	6.875918755763181511e-02	2.745941123244663440e-02	7.042414030055750562e-02
1.031896386572671872e+03	2.759033046363331687e-01	1.757528505113716277e-01	2.382745780739273511e-01	1.432961025173407899e-01	6.879933655927347735e-02	2.748563837480483621e-02	7.048818932681233385e-02
1.033347717636768493e+03	2.756619314431447698e-01	1.755879706456963396e-01	2.384484136880086758e-01	1.433983007945739685e-01	6.883941478260638402e-02	2.751183625613292175e-02	7.055213238970055312e-02
1.034799048700865114e+03	2.754209679881470252e-01	1.754233705155824607e-01	2.386219457481701389e-01	1.435003188497813165e-01	6.887942238156179176e-02	2.753800486290993235e-02	7.061596965371087775e-02
1.036250379764961508e+03	2.751804135689717157e-01	1.752590496479992099e-01	2.387951747730556462e-01	1.436021570350700938e-01	6.891935950963690161e-02	2.756414418191781290e-02	7.067970128321214573e-02
1.037701710829058356e+03	2.749402674845542460e-01	1.750950075706483589e-01	2.389681012804207028e-01	1.437038157016523876e-01	6.895922631989637175e-02	2.759025420023970832e-02	7.074332744245176441e-02
1.039153041893154750e+03	2.747005290351291484e-01	1.749312438119646484e-01	2.391407257871341063e-01	1.438052951998491091e-01	6.899902296497394116e-02	2.761633490525830167e-02	7.080684829555425330e-02
1.040604372957251599e+03	2.744611975222263078e-01	1.747677579011162330e-01	2.393130488091795571e-01	1.439065958790936850e-01	6.903874959707390069e-02	2.764238628465410727e-02	7.087026400651974534e-02
1.042055704021347992e+03	2.742222722486663544e-01	1.746045493680048744e-01	2.394850708616572399e-01	1.440077180879360541e-01	6.907840636797270284e-02	2.766840832640379486e-02	7.093357473922250189e-02
1.043507035085444613e+03	2.739837525185568889e-01	1.744416177432663306e-01	2.396567924587855170e-01	1.441086621740463591e-01	6.911799342902040511e-02	2.769440101877853472e-02	7.099678065740945565e-02
1.044958366149541234e+03	2.737456376372882083e-01	1.742789625582706337e-01	2.398282141139024271e-01	1.442094284842187490e-01	6.915751093114229364e-02	2.772036435034233234e-02	7.105988192469883669e-02
1.046409697213637855e+03	2.735079269115294198e-01	1.741165833451222278e-01	2.399993363394673507e-01	1.443100173643751261e-01	6.919695902484029881e-02	2.774629830995037003e-02	7.112287870457872918e-02
1.047861028277734476e+03	2.732706196492242223e-01	1.739544796366601920e-01	2.401701596470625644e-01	1.444104291595688927e-01	6.923633786019457725e-02	2.777220288674736581e-02	7.118577116040568364e-02
1.049312359341831097e+03	2.730337151595874645e-01	1.737926509664584063e-01	2.403406845473947950e-01	1.445106642139885045e-01	6.927564758686499680e-02	2.779807807016591512e-02	7.124855945540338464e-02
1.050763690405927491e+03	2.727972127531007041e-01	1.736310968688258016e-01	2.405109115502969130e-01	1.446107228709613002e-01	6.931488835409262139e-02	2.782392384992488088e-02	7.131124375266124915e-02
1.052215021470024112e+03	2.725611117415085993e-01	1.734698168788063044e-01	2.406808411647293200e-01	1.447106054729570823e-01	6.935406031070120991e-02	2.784974021602775948e-02	7.137382421513317754e-02
1.053666352534120733e+03	2.723254114378150792e-01	1.733088105321790029e-01	2.408504738987817251e-01	1.448103123615916699e-01	6.939316360509871495e-02	2.787552715876104314e-02	7.143630100563623520e-02
1.055117683598217127e+03	2.720901111562795127e-01	1.731480773654581473e-01	2.410198102596746161e-01	1.449098438776305064e-01	6.943219838527875387e-02	2.790128466869263094e-02	7.149867428684929249e-02
1.056569014662313975e+03	2.718552102124131564e-01	1.729876169158932053e-01	2.411888507537608139e-01	1.450092003609921854e-01	6.947116479882206597e-02	2.792701273667020853e-02	7.156094422131181743e-02
1.058020345726410369e+03	2.716207079229751575e-01	1.728274287214688898e-01	2.413575958865270821e-01	1.451083821507520299e-01	6.951006299289798351e-02	2.795271135381965227e-02	7.162311097142265437e-02
1.059471676790506763e+03	2.713866036059690567e-01	1.726675123209050755e-01	2.415260461625955979e-01	1.452073895851455632e-01	6.954889311426591669e-02	2.797838051154342975e-02	7.168517469943877507e-02
1.060923007854603611e+03	2.711528965806392355e-01	1.725078672536567437e-01	2.416942020857255902e-01	1.453062230015720324e-01	6.958765530927679688e-02	2.800402020151902469e-02	7.174713556747402965e-02
1.062374338918700232e+03	2.709195861674670858e-01	1.723484930599138709e-01	2.418620641588148656e-01	1.454048827365977126e-01	6.962634972387449217e-02	2.802963041569735136e-02	7.180899373749800862e-02
1.063825669982796853e+03	2.706866716881677903e-01	1.721893892806014570e-01	2.420296328839013356e-01	1.455033691259595696e-01	6.966497650359729232e-02	2.805521114630118301e-02	7.187074937133482166e-02
1.065277001046893474e+03	2.704541524656863816e-01	1.720305554573792750e-01	2.421969087621645700e-01	1.456016825045683971e-01	6.970353579357931040e-02	2.808076238582358011e-02	7.193240263066198736e-02
1.066728332110990095e+03	2.702220278241945772e-01	1.718719911326417049e-01	2.423638922939272966e-01	1.456998232065124244e-01	6.974202773855195381e-02	2.810628412702633611e-02	7.199395367700923976e-02
1.068179663175086489e+03	2.699902970890871168e-01	1.717136958495177057e-01	2.425305839786569828e-01	1.457977915650604805e-01	6.978045248284531210e-02	2.813177636293843348e-02	7.205540267175747360e-02
1.069630994239183110e+03	2.697589595869787082e-01	1.715556691518703991e-01	2.426969843149673067e-01	1.458955879126654920e-01	6.981881017038958637e-02	2.815723908685447904e-02	7.211674977613759252e-02
1.071082325303279504e+03	2.695280146457000869e-01	1.713979105842969863e-01	2.428630938006197670e-01	1.459932125809675629e-01	6.985710094471650478e-02	2.818267229233318433e-02	7.217799515122945431e-02
1.072533656367376352e+03	2.692974615942950178e-01	1.712404196921286093e-01	2.430289129325250985e-01	1.460906659007975561e-01	6.989532494896071035e-02	2.820807597319580778e-02	7.223913895796076068e-02
1.073984987431472746e+03	2.690672997630169094e-01	1.710831960214298231e-01	2.431944422067448819e-01	1.461879482021800902e-01	6.993348232586117652e-02	2.823345012352465599e-02	7.230018135710603033e-02
1.075436318495569594e+03	2.688375284833254830e-01	1.709262391189984853e-01	2.433596821184929593e-01	1.462850598143368985e-01	6.997157321776263650e-02	2.825879473766155017e-02	7.236112250928557199e-02
1.076887649559666215e+03	2.686081470878834421e-01	1.707695485323655338e-01	2.435246331621370719e-01	1.463820010656899928e-01	7.000959776661687395e-02	2.828410981020630655e-02	7.242196257496441580e-02
1.078338980623762609e+03	2.683791549105533081e-01	1.706131238097943759e-01	2.436892958312002200e-01	1.464787722838648831e-01	7.004755611398422177e-02	2.830939533601524796e-02	7.248270171445138355e-02
1.079790311687859230e+03	2.681505512863942009e-01	1.704569645002808331e-01	2.438536706183622449e-01	1.465753737956937419e-01	7.008544840103483886e-02	2.833465131019968428e-02	7.254334008789802002e-02
1.081241642751955851e+03	2.679223355516587302e-01	1.703010701535526694e-01	2.440177580154613834e-01	1.466718059272185126e-01	7.012327476855016728e-02	2.835987772812443089e-02	7.260387785529769100e-02
1.082692973816052472e+03	2.676945070437897201e-01	1.701454403200691745e-01	2.441815585134956001e-01	1.467680690036940461e-01	7.016103535692420901e-02	2.838507458540633077e-02	7.266431517648454241e-02
1.084144304880149093e+03	2.674670651014169898e-01	1.699900745510208033e-01	2.443450726026241970e-01	1.468641633495912369e-01	7.019873030616498311e-02	2.841024187791274525e-02	7.272465221113265377e-02
1.085595635944245487e+03	2.672400090643544113e-01	1.698349723983288706e-01	2.445083007721693125e-01	1.469600892886001042e-01	7.023635975589580249e-02	2.843537960176011070e-02	7.278488911875502509e-02
1.087046967008342108e+03	2.670133382735968564e-01	1.696801334146448847e-01	2.446712435106172534e-01	1.470558471436327896e-01	7.027392384535664782e-02	2.846048775331245367e-02	7.284502605870271652e-02
1.088498298072438729e+03	2.667870520713170879e-01	1.695255571533503258e-01	2.448339013056201607e-01	1.471514372368266099e-01	7.031142271340549976e-02	2.848556632917992326e-02	7.290506319016393233e-02
1.089949629136535123e+03	2.665611498008627622e-01	1.693712431685560627e-01	2.449962746439974526e-01	1.472468598895471381e-01	7.034885649851971290e-02	2.851061532621736172e-02	7.296500067216311891e-02
1.091400960200631971e+03	2.663356308067532097e-01	1.692171910151018810e-01	2.451583640117371565e-01	1.473421154223910623e-01	7.038622533879730636e-02	2.853563474152283341e-02	7.302483866356013209e-02
1.092852291264728365e+03	2.661104944346768253e-01	1.690634002485560394e-01	2.453201698939975195e-01	1.474372041551893220e-01	7.042352937195832385e-02	2.856062457243619540e-02	7.308457732304937671e-02
1.094303622328825213e+03	2.658857400314878494e-01	1.689098704252146865e-01	2.454816927751083955e-01	1.475321264070099669e-01	7.046076873534612428e-02	2.858558481653765068e-02	7.314421680915890456e-02
1.095754953392921607e+03	2.656613669452035364e-01	1.687566011021014445e-01	2.456429331385727166e-01	1.476268824961611270e-01	7.049794356592868627e-02	2.861051547164632225e-02	7.320375728024969275e-02
1.097206284457018228e+03	2.654373745250013239e-01	1.686035918369667708e-01	2.458038914670680197e-01	1.477214727401938710e-01	7.053505400029996819e-02	2.863541653581884797e-02	7.326319889451471390e-02
1.098657615521114849e+03	2.652137621212157237e-01	1.684508421882874307e-01	2.459645682424478341e-01	1.478158974559051764e-01	7.057210017468119878e-02	2.866028800734792686e-02	7.332254180997822834e-02
1.100108946585211470e+03	2.649905290853356576e-01	1.682983517152659425e-01	2.461249639457431804e-01	1.479101569593407051e-01	7.060908222492211228e-02	2.868512988476095565e-02	7.338178618449493762e-02
1.101560277649308091e+03	2.647676747700016264e-01	1.681461199778300220e-01	2.462850790571639303e-01	1.480042515657977731e-01	7.064600028650232233e-02	2.870994216681858197e-02	7.344093217574926280e-02
1.103011608713404712e+03	2.645451985290026564e-01	1.679941465366319164e-01	2.464449140561003060e-01	1.480981815898281539e-01	7.068285449453258484e-02	2.873472485251332698e-02	7.349997994125453959e-02
1.104462939777501106e+03	2.643230997172738017e-01	1.678424309530479053e-01	2.466044694211243782e-01	1.481919473452408542e-01	7.071964498375604702e-02	2.875947794106819763e-02	7.355892963835229670e-02
1.105914270841597499e+03	2.641013776908933131e-01	1.676909727891775503e-01	2.467637456299913712e-01	1.482855491451049168e-01	7.075637188854960735e-02	2.878420143193528846e-02	7.361778142421149251e-02
1.107365601905694348e+03	2.638800318070796402e-01	1.675397716078431409e-01	2.469227431596412448e-01	1.483789873017521965e-01	7.079303534292506750e-02	2.880889532479441115e-02	7.367653545582783514e-02
1.108816932969790741e+03	2.636590614241889341e-01	1.673888269725890832e-01	2.470814624862000541e-01	1.484722621267802467e-01	7.082963548053050618e-02	2.883355961955171021e-02	7.373519189002303298e-02
1.110268264033887590e+03	2.634384659017122710e-01	1.672381384476812061e-01	2.472399040849812824e-01	1.485653739310548449e-01	7.086617243465148652e-02	2.885819431633831686e-02	7.379375088344410083e-02
1.111719595097984211e+03	2.632182446002729326e-01	1.670877055981060955e-01	2.473980684304875055e-01	1.486583230247129073e-01	7.090264633821233287e-02	2.888279941550896818e-02	7.385221259256270765e-02
1.113170926162080832e+03	2.629983968816239082e-01	1.669375279895704001e-01	2.475559559964116141e-01	1.487511097171650420e-01	7.093905732377737972e-02	2.890737491764066094e-02	7.391057717367448265e-02
1.114622257226177226e+03	2.627789221086448412e-01	1.667876051885001376e-01	2.477135672556382562e-01	1.488437343170984362e-01	7.097540552355222077e-02	2.893192082353129857e-02	7.396884478289832143e-02
1.116073588290273847e+03	2.625598196453397537e-01	1.666379367620400287e-01	2.478709026802453086e-01	1.489361971324793532e-01	7.101169106938493014e-02	2.895643713419835535e-02	7.402701557617581696e-02
1.117524919354370468e+03	2.623410888568343258e-01	1.664885222780528584e-01	2.480279627415052368e-01	1.490284984705557980e-01	7.104791409276731140e-02	2.898092385087753381e-02	7.408508970927052406e-02
1.118976250418467089e+03	2.621227291093731759e-01	1.663393613051185604e-01	2.481847479098865938e-01	1.491206386378602367e-01	7.108407472483614653e-02	2.900538097502143586e-02	7.414306733776740432e-02
1.120427581482563710e+03	2.619047397703175295e-01	1.661904534125336619e-01	2.483412586550553525e-01	1.492126179402122055e-01	7.112017309637438944e-02	2.902980850829824100e-02	7.420094861707220157e-02
1.121878912546660331e+03	2.616871202081423320e-01	1.660417981703105617e-01	2.484974954458762653e-01	1.493044366827208647e-01	7.115620933781241497e-02	2.905420645259038440e-02	7.425873370241078963e-02
1.123330243610756725e+03	2.614698697924339177e-01	1.658933951491766146e-01	2.486534587504143912e-01	1.493960951697876072e-01	7.119218357922922624e-02	2.907857480999324548e-02	7.431642274882863108e-02
1.124781574674853118e+03	2.612529878938875116e-01	1.657452439205734929e-01	2.488091490359363722e-01	1.494875937051086123e-01	7.122809595035364816e-02	2.910291358281384341e-02	7.437401591119016664e-02
1.126232905738949967e+03	2.610364738843044541e-01	1.655973440566564647e-01	2.489645667689119324e-01	1.495789325916774826e-01	7.126394658056556253e-02	2.912722277356952910e-02	7.443151334417827392e-02
1.127684236803046360e+03	2.608203271365899245e-01	1.654496951302934504e-01	2.491197124150151543e-01	1.496701121317876859e-01	7.129973559889708767e-02	2.915150238498669805e-02	7.448891520229367069e-02
1.129135567867143209e+03	2.606045470247504992e-01	1.653022967150644951e-01	2.492745864391259503e-01	1.497611326270350818e-01	7.133546313403379968e-02	2.917575241999949623e-02	7.454622163985437366e-02
1.130586898931239830e+03	2.603891329238914865e-01	1.651551483852606583e-01	2.494291893053315334e-01	1.498519943783204744e-01	7.137112931431588425e-02	2.919997288174854336e-02	7.460343281099517110e-02
1.132038229995336451e+03	2.601740842102145401e-01	1.650082497158835426e-01	2.495835214769274724e-01	1.499426976858520555e-01	7.140673426773935795e-02	2.922416377357965611e-02	7.466054886966706772e-02
1.133489561059432845e+03	2.599594002610153276e-01	1.648616002826442661e-01	2.497375834164194397e-01	1.500332428491479575e-01	7.144227812195724781e-02	2.924832509904256098e-02	7.471756996963684061e-02
1.134940892123529466e+03	2.597450804546810876e-01	1.647151996619627412e-01	2.498913755855244334e-01	1.501236301670385853e-01	7.147776100428072932e-02	2.927245686188965218e-02	7.477449626448640085e-02
1.136392223187626087e+03	2.595311241706880212e-01	1.645690474309668139e-01	2.500448984451721368e-01	1.502138599376692252e-01	7.151318304168038931e-02	2.929655906607471494e-02	7.483132790761241881e-02
1.137843554251722708e+03	2.593175307895990156e-01	1.644231431674914312e-01	2.501981524555063063e-01	1.503039324585022651e-01	7.154854436078726676e-02	2.932063171575167645e-02	7.488806505222578291e-02
1.139294885315819101e+03	2.591042996930614795e-01	1.642774864500778642e-01	2.503511380758861038e-01	1.503938480263197486e-01	7.158384508789411571e-02	2.934467481527335692e-02	7.494470785135107227e-02
1.140746216379915950e+03	2.588914302638046228e-01	1.641320768579728195e-01	2.505038557648875397e-01	1.504836069372258167e-01	7.161908534895652934e-02	2.936868836919023784e-02	7.500125645782616812e-02
1.142197547444012343e+03	2.586789218856373473e-01	1.639869139711276069e-01	2.506563059803047500e-01	1.505732094866489568e-01	7.165426526959407794e-02	2.939267238224920267e-02	7.505771102430176811e-02
1.143648878508108737e+03	2.584667739434458045e-01	1.638419973701972787e-01	2.508084891791514948e-01	1.506626559693444167e-01	7.168938497509148855e-02	2.941662685939233288e-02	7.511407170324092830e-02
1.145100209572205586e+03	2.582549858231910633e-01	1.636973266365397972e-01	2.509604058176623242e-01	1.507519466793965646e-01	7.172444459039976905e-02	2.944055180575565200e-02	7.517033864691856360e-02
1.146551540636302207e+03	2.580435569119068351e-01	1.635529013522150354e-01	2.511120563512940773e-01	1.508410819102213030e-01	7.175944424013736000e-02	2.946444722666793914e-02	7.522651200742112854e-02
1.148002871700398828e+03	2.578324865976973079e-01	1.634087210999841111e-01	2.512634412347271029e-01	1.509300619545682620e-01	7.179438404859125877e-02	2.948831312764949031e-02	7.528259193664608995e-02
1.149454202764495449e+03	2.576217742697345936e-01	1.632647854633084150e-01	2.514145609218668698e-01	1.510188871045231584e-01	7.182926413971812973e-02	2.951214951441091458e-02	7.533857858630159388e-02
1.150905533828591842e+03	2.574114193182565069e-01	1.631210940263486397e-01	2.515654158658449657e-01	1.511075576515101271e-01	7.186408463714548389e-02	2.953595639285194405e-02	7.539447210790597986e-02
1.152356864892688463e+03	2.572014211345645118e-01	1.629776463739640302e-01	2.517160065190205964e-01	1.511960738862939968e-01	7.189884566417277523e-02	2.955973376906022299e-02	7.545027265278744788e-02
1.153808195956785084e+03	2.569917791110213900e-01	1.628344420917114121e-01	2.518663333329820286e-01	1.512844360989825387e-01	7.193354734377248316e-02	2.958348164931011784e-02	7.550598037208365587e-02
1.155259527020881706e+03	2.567824926410488540e-01	1.626914807658442763e-01	2.520163967585477560e-01	1.513726445790286590e-01	7.196818979859126442e-02	2.960720004006154107e-02	7.556159541674130342e-02
1.156710858084978327e+03	2.565735611191253263e-01	1.625487619833119735e-01	2.521661972457679424e-01	1.514606996152327856e-01	7.200277315095107711e-02	2.963088894795875422e-02	7.561711793751578481e-02
1.158162189149074720e+03	2.563649839407841080e-01	1.624062853317586597e-01	2.523157352439256984e-01	1.515486014957449779e-01	7.203729752285020771e-02	2.965454837982921255e-02	7.567254808497082819e-02
1.159613520213171569e+03	2.561567605026107142e-01	1.622640503995225192e-01	2.524650112015384695e-01	1.516363505080671470e-01	7.207176303596443678e-02	2.967817834268237850e-02	7.572788600947816251e-02
1.161064851277267962e+03	2.559488902022407086e-01	1.621220567756347097e-01	2.526140255663592571e-01	1.517239469390553042e-01	7.210616981164813533e-02	2.970177884370856294e-02	7.578313186121708733e-02
1.162516182341364356e+03	2.557413724383579834e-01	1.619803040498185576e-01	2.527627787853781172e-01	1.518113910749217810e-01	7.214051797093531948e-02	2.972534989027777325e-02	7.583828579017422300e-02
1.163967513405461204e+03	2.555342066106921495e-01	1.618387918124886138e-01	2.529112713048232153e-01	1.518986832012372834e-01	7.217480763454071913e-02	2.974889148993854759e-02	7.589334794614316371e-02
1.165418844469557826e+03	2.553273921200164831e-01	1.616975196547496552e-01	2.530595035701625473e-01	1.519858236029331955e-01	7.220903892286097137e-02	2.977240365041681699e-02	7.594831847872407504e-02
1.166870175533654447e+03	2.551209283681459272e-01	1.615564871683957404e-01	2.532074760261047719e-01	1.520728125643035777e-01	7.224321195597553646e-02	2.979588637961476383e-02	7.600319753732349970e-02
1.168321506597751068e+03	2.549148147579346491e-01	1.614156939459094053e-01	2.533551891166008763e-01	1.521596503690074431e-01	7.227732685364787746e-02	2.981933968560966999e-02	7.605798527115394114e-02
1.169772837661847461e+03	2.547090506932742637e-01	1.612751395804605525e-01	2.535026432848453415e-01	1.522463373000708109e-01	7.231138373532651487e-02	2.984276357665280321e-02	7.611268182923362768e-02
1.171224168725944082e+03	2.545036355790914473e-01	1.611348236659056188e-01	2.536498389732774750e-01	1.523328736398887884e-01	7.234538272014608140e-02	2.986615806116828600e-02	7.616728736038619330e-02
1.172675499790040703e+03	2.542985688213461049e-01	1.609947457967866036e-01	2.537967766235827982e-01	1.524192596702277358e-01	7.237932392692833505e-02	2.988952314775196462e-02	7.622180201324040005e-02
1.174126830854137097e+03	2.540938498270288726e-01	1.608549055683300699e-01	2.539434566766942125e-01	1.525054956722273480e-01	7.241320747418331094e-02	2.991285884517030230e-02	7.627622593622984670e-02
1.175578161918233945e+03	2.538894780041595078e-01	1.607153025764461729e-01	2.540898795727933868e-01	1.525915819264027085e-01	7.244703348011027888e-02	2.993616516235927255e-02	7.633055927759270498e-02
1.177029492982330339e+03	2.536854527617844468e-01	1.605759364177278270e-01	2.542360457513119787e-01	1.526775187126463151e-01	7.248080206259885361e-02	2.995944210842324193e-02	7.638480218537145594e-02
1.178480824046426733e+03	2.534817735099748059e-01	1.604368066894495404e-01	2.543819556509329671e-01	1.527633063102301625e-01	7.251451333922999398e-02	2.998268969263387720e-02	7.643895480741262627e-02
1.179932155110523581e+03	2.532784396598246612e-01	1.602979129895667210e-01	2.545276097095920953e-01	1.528489449978078785e-01	7.254816742727708545e-02	3.000590792442904553e-02	7.649301729136653849e-02
1.181383486174620202e+03	2.530754506234483281e-01	1.601592549167143720e-01	2.546730083644789255e-01	1.529344350534165564e-01	7.258176444370693925e-02	3.002909681341173198e-02	7.654698978468708892e-02
1.182834817238716823e+03	2.528728058139790846e-01	1.600208320702063980e-01	2.548181520520382826e-01	1.530197767544789478e-01	7.261530450518081936e-02	3.005225636934895708e-02	7.660087243463145623e-02
1.184286148302813444e+03	2.526705046455665626e-01	1.598826440500345225e-01	2.549630412079714192e-01	1.531049703778053772e-01	7.264878772805548335e-02	3.007538660217068741e-02	7.665466538825993492e-02
1.185737479366910065e+03	2.524685465333750267e-01	1.597446904568672887e-01	2.551076762672373488e-01	1.531900161995957410e-01	7.268221422838423706e-02	3.009848752196876351e-02	7.670836879243565776e-02
1.187188810431006686e+03	2.522669308935811538e-01	1.596069708920490604e-01	2.552520576640542327e-01	1.532749144954414777e-01	7.271558412191789222e-02	3.012155913899583481e-02	7.676198279382442924e-02
1.188640141495103080e+03	2.520656571433722570e-01	1.594694849575991336e-01	2.553961858319005462e-01	1.533596655403276221e-01	7.274889752410580723e-02	3.014460146366429796e-02	7.681550753889446193e-02
1.190091472559199701e+03	2.518647247009441759e-01	1.593322322562107096e-01	2.555400612035162444e-01	1.534442696086346647e-01	7.278215455009691415e-02	3.016761450654522822e-02	7.686894317391618214e-02
1.191542803623296322e+03	2.516641329854992226e-01	1.591952123912498407e-01	2.556836842109043717e-01	1.535287269741405780e-01	7.281535531474070400e-02	3.019059827836734211e-02	7.692228984496207733e-02
1.192994134687392716e+03	2.514638814172443504e-01	1.590584249667545413e-01	2.558270552853318947e-01	1.536130379100226762e-01	7.284849993258821210e-02	3.021355279001592536e-02	7.697554769790646012e-02
1.194445465751489564e+03	2.512639694173890992e-01	1.589218695874337339e-01	2.559701748573314783e-01	1.536972026888596687e-01	7.288158851789307280e-02	3.023647805253181289e-02	7.702871687842527404e-02
1.195896796815585958e+03	2.510643964081435975e-01	1.587855458586662494e-01	2.561130433567022635e-01	1.537812215826333540e-01	7.291462118461244923e-02	3.025937407711032714e-02	7.708179753199594086e-02
1.197348127879682352e+03	2.508651618127166749e-01	1.586494533864999112e-01	2.562556612125113098e-01	1.538650948627307558e-01	7.294759804640803258e-02	3.028224087510026849e-02	7.713478980389718020e-02
1.198799458943779200e+03	2.506662650553139748e-01	1.585135917776503978e-01	2.563980288530950391e-01	1.539488227999459002e-01	7.298051921664709674e-02	3.030507845800287092e-02	7.718769383920884297e-02
1.200250790007875821e+03	2.504677055611356784e-01	1.583779606395003814e-01	2.565401467060603458e-01	1.540324056644817585e-01	7.301338480840340039e-02	3.032788683747077163e-02	7.724050978281174484e-02
1.201702121071972442e+03	2.502694827563751168e-01	1.582425595800984464e-01	2.566820151982857623e-01	1.541158437259520508e-01	7.304619493445820011e-02	3.035066602530701527e-02	7.729323777938748585e-02
1.203153452136069063e+03	2.500715960682164396e-01	1.581073882081581450e-01	2.568236347559227917e-01	1.541991372533831894e-01	7.307894970730122175e-02	3.037341603346402005e-02	7.734587797341831161e-02
1.204604783200165684e+03	2.498740449248328110e-01	1.579724461330569429e-01	2.569650058043971286e-01	1.542822865152160550e-01	7.311164923913163194e-02	3.039613687404257511e-02	7.739843050918700229e-02
1.206056114264262078e+03	2.496768287553844667e-01	1.578377329648351646e-01	2.571061287684100471e-01	1.543652917793078838e-01	7.314429364185899562e-02	3.041882855929083779e-02	7.745089553077670608e-02
1.207507445328358699e+03	2.494799469900169653e-01	1.577032483141951325e-01	2.572470040719396223e-01	1.544481533129340722e-01	7.317688302710423365e-02	3.044149110160333099e-02	7.750327318207078653e-02
1.208958776392455093e+03	2.492833990598590510e-01	1.575689917925000294e-01	2.573876321382416732e-01	1.545308713827900915e-01	7.320941750620060806e-02	3.046412451351995440e-02	7.755556360675271155e-02
1.210410107456551941e+03	2.490871843970209609e-01	1.574349630117729826e-01	2.575280133898513735e-01	1.546134462549931810e-01	7.324189719019466582e-02	3.048672880772498178e-02	7.760776694830594236e-02
1.211861438520648335e+03	2.488913024345925096e-01	1.573011615846959532e-01	2.576681482485843611e-01	1.546958781950842077e-01	7.327432218984718248e-02	3.050930399704609303e-02	7.765988335001379472e-02
1.213312769584745183e+03	2.486957526066410629e-01	1.571675871246088485e-01	2.578080371355379041e-01	1.547781674680294706e-01	7.330669261563407813e-02	3.053185009445338535e-02	7.771191295495928630e-02
1.214764100648841804e+03	2.485005343482099560e-01	1.570342392455083280e-01	2.579476804710922888e-01	1.548603143382224767e-01	7.333900857774745818e-02	3.055436711305839145e-02	7.776385590602515052e-02
1.216215431712937971e+03	2.483056470953163564e-01	1.569011175620469989e-01	2.580870786749118739e-01	1.549423190694856622e-01	7.337127018609644613e-02	3.057685506611312193e-02	7.781571234589361452e-02
1.217666762777034819e+03	2.481110902849495425e-01	1.567682216895322223e-01	2.582262321659463677e-01	1.550241819250723352e-01	7.340347755030818266e-02	3.059931396700909384e-02	7.786748241704631590e-02
1.219118093841131440e+03	2.479168633550690726e-01	1.566355512439252529e-01	2.583651413624321602e-01	1.551059031676681466e-01	7.343563077972875552e-02	3.062174382927636621e-02	7.791916626176427496e-02
1.220569424905228061e+03	2.477229657446029243e-01	1.565031058418401011e-01	2.585038066818935443e-01	1.551874830593931165e-01	7.346772998342407379e-02	3.064414466658257896e-02	7.797076402212774204e-02
1.222020755969324682e+03	2.475293968934455802e-01	1.563708851005425338e-01	2.586422285411437705e-01	1.552689218618031886e-01	7.349977527018086709e-02	3.066651649273201621e-02	7.802227584001615590e-02
1.223472087033421303e+03	2.473361562424562787e-01	1.562388886379491582e-01	2.587804073562863794e-01	1.553502198358920339e-01	7.353176674850757377e-02	3.068885932166465214e-02	7.807370185710804655e-02
1.224923418097517697e+03	2.471432432334572382e-01	1.561071160726262841e-01	2.589183435427164781e-01	1.554313772420927997e-01	7.356370452663521520e-02	3.071117316745520034e-02	7.812504221488092426e-02
1.226374749161614318e+03	2.469506573092317692e-01	1.559755670237889247e-01	2.590560375151218508e-01	1.555123943402797193e-01	7.359558871251840884e-02	3.073345804431218409e-02	7.817629705461127954e-02
1.227826080225710712e+03	2.467583979135224426e-01	1.558442411112998249e-01	2.591934896874842909e-01	1.555932713897699160e-01	7.362741941383618705e-02	3.075571396657700296e-02	7.822746651737448598e-02
1.229277411289807560e+03	2.465664644910293135e-01	1.557131379556684347e-01	2.593307004730806553e-01	1.556740086493250408e-01	7.365919673799298240e-02	3.077794094872300656e-02	7.827855074404471702e-02
1.230728742353903954e+03	2.463748564874082003e-01	1.555822571780498542e-01	2.594676702844841976e-01	1.557546063771529932e-01	7.369092079211943258e-02	3.080013900535455429e-02	7.832954987529491819e-02
1.232180073418000802e+03	2.461835733492688527e-01	1.554515984002438067e-01	2.596043995335657328e-01	1.558350648309095310e-01	7.372259168307337962e-02	3.082230815120610978e-02	7.838046405159673768e-02
1.233631404482097196e+03	2.459926145241730921e-01	1.553211612446936396e-01	2.597408886314948595e-01	1.559153842677000190e-01	7.375420951744070253e-02	3.084444840114132849e-02	7.843129341322051251e-02
1.235082735546193817e+03	2.458019794606330632e-01	1.551909453344853251e-01	2.598771379887411248e-01	1.559955649440810388e-01	7.378577440153624711e-02	3.086655977015213825e-02	7.848203810023519911e-02
1.236534066610290438e+03	2.456116676081095407e-01	1.550609502933463779e-01	2.600131480150753571e-01	1.560756071160620262e-01	7.381728644140470030e-02	3.088864227335783377e-02	7.853269825250830394e-02
1.237985397674387059e+03	2.454216784170100973e-01	1.549311757456448835e-01	2.601489191195706652e-01	1.561555110391069368e-01	7.384874574282143667e-02	3.091069592600418151e-02	7.858327400970592513e-02
1.239436728738483680e+03	2.452320113386873002e-01	1.548016213163885269e-01	2.602844517106036593e-01	1.562352769681359665e-01	7.388015241129350374e-02	3.093272074346251760e-02	7.863376551129265535e-02
1.240888059802580301e+03	2.450426658254370449e-01	1.546722866312233990e-01	2.604197461958559501e-01	1.563149051575269399e-01	7.391150655206041309e-02	3.095471674122885278e-02	7.868417289653158175e-02
1.242339390866676695e+03	2.448536413304967796e-01	1.545431713164330811e-01	2.605548029823148148e-01	1.563943958611171692e-01	7.394280827009502843e-02	3.097668393492298070e-02	7.873449630448427217e-02
1.243790721930773088e+03	2.446649373080437007e-01	1.544142749989377006e-01	2.606896224762749736e-01	1.564737493322050088e-01	7.397405767010445388e-02	3.099862234028761057e-02	7.878473587401070566e-02
1.245242052994869937e+03	2.444765532131930874e-01	1.542855973062927655e-01	2.608242050833393111e-01	1.565529658235512989e-01	7.400525485653088043e-02	3.102053197318747207e-02	7.883489174376934194e-02
1.246693384058966330e+03	2.442884885019965535e-01	1.541571378666882208e-01	2.609585512084202641e-01	1.566320455873811412e-01	7.403639993355251581e-02	3.104241284960843755e-02	7.888496405221705199e-02
1.248144715123063179e+03	2.441007426314402984e-01	1.540288963089473662e-01	2.610926612557409321e-01	1.567109888753853986e-01	7.406749300508436162e-02	3.106426498565666508e-02	7.893495293760913190e-02
1.249596046187159800e+03	2.439133150594432753e-01	1.539008722625259673e-01	2.612265356288364648e-01	1.567897959387223317e-01	7.409853417477911541e-02	3.108608839755772069e-02	7.898485853799927514e-02
1.251047377251256421e+03	2.437262052448557481e-01	1.537730653575110351e-01	2.613601747305549505e-01	1.568684670280190430e-01	7.412952354602804494e-02	3.110788310165572487e-02	7.903468099123960033e-02
1.252498708315352815e+03	2.435394126474573206e-01	1.536454752246199651e-01	2.614935789630587482e-01	1.569470023933731972e-01	7.416046122196179313e-02	3.112964911441248178e-02	7.908442043498067897e-02
1.253950039379449436e+03	2.433529367279552991e-01	1.535181014951994272e-01	2.616267487278257087e-01	1.570254022843544373e-01	7.419134730545123846e-02	3.115138645240663265e-02	7.913407700667145217e-02
1.255401370443546057e+03	2.431667769479830821e-01	1.533909438012244220e-01	2.617596844256501742e-01	1.571036669500060212e-01	7.422218189910838315e-02	3.117309513233280927e-02	7.918365084355934169e-02
1.256852701507642678e+03	2.429809327700983568e-01	1.532640017752971151e-01	2.618923864566442550e-01	1.571817966388463217e-01	7.425296510528711647e-02	3.119477517100079089e-02	7.923314208269022219e-02
1.258304032571739299e+03	2.427954036577814334e-01	1.531372750506460045e-01	2.620248552202391612e-01	1.572597915988703521e-01	7.428369702608417224e-02	3.121642658533464385e-02	7.928255086090844894e-02
1.259755363635835920e+03	2.426101890754335522e-01	1.530107632611247825e-01	2.621570911151860916e-01	1.573376520775513210e-01	7.431437776333979506e-02	3.123804939237191311e-02	7.933187731485685790e-02
1.261206694699932314e+03	2.424252884883751902e-01	1.528844660412113088e-01	2.622890945395573992e-01	1.574153783218420755e-01	7.434500741863873940e-02	3.125964360926276192e-02	7.938112158097682114e-02
1.262658025764028707e+03	2.422407013628444794e-01	1.527583830260066111e-01	2.624208658907480340e-01	1.574929705781767386e-01	7.437558609331100523e-02	3.128120925326915991e-02	7.943028379550826079e-02
1.264109356828125556e+03	2.420564271659953748e-01	1.526325138512339141e-01	2.625524055654764877e-01	1.575704290924720419e-01	7.440611388843267060e-02	3.130274634176406084e-02	7.947936409448966288e-02
1.265560687892221949e+03	2.418724653658960999e-01	1.525068581532375567e-01	2.626837139597860693e-01	1.576477541101289626e-01	7.443659090482676599e-02	3.132425489223056997e-02	7.952836261375817450e-02
1.267012018956318798e+03	2.416888154315274262e-01	1.523814155689820204e-01	2.628147914690459053e-01	1.577249458760341116e-01	7.446701724306402370e-02	3.134573492226113561e-02	7.957727948894956216e-02
1.268463350020415419e+03	2.415054768327810353e-01	1.522561857360508752e-01	2.629456384879522157e-01	1.578020046345612881e-01	7.449739300346373827e-02	3.136718644955673735e-02	7.962611485549830892e-02
1.269914681084511813e+03	2.413224490404578815e-01	1.521311682926457243e-01	2.630762554105293693e-01	1.578789306295728945e-01	7.452771828609457139e-02	3.138860949192606720e-02	7.967486884863764218e-02
1.271366012148608434e+03	2.411397315262664987e-01	1.520063628775852604e-01	2.632066426301312156e-01	1.579557241044214910e-01	7.455799319077534293e-02	3.141000406728474553e-02	7.972354160339960305e-02
1.272817343212705055e+03	2.409573237628213627e-01	1.518817691303042117e-01	2.633368005394420286e-01	1.580323853019511005e-01	7.458821781707584975e-02	3.143137019365451618e-02	7.977213325461506022e-02
1.274268674276801676e+03	2.407752252236412815e-01	1.517573866908524249e-01	2.634667295304777279e-01	1.581089144644987898e-01	7.461839226431768446e-02	3.145270788916242760e-02	7.982064393691377935e-02
1.275720005340898297e+03	2.405934353831477024e-01	1.516332151998936451e-01	2.635964299945872114e-01	1.581853118338960307e-01	7.464851663157501260e-02	3.147401717204005578e-02	7.986907378472449248e-02
1.277171336404994690e+03	2.404119537166631293e-01	1.515092542987046820e-01	2.637259023224530208e-01	1.582615776514702532e-01	7.467859101767539143e-02	3.149529806062273396e-02	7.991742293227493965e-02
1.278622667469091539e+03	2.402307797004095136e-01	1.513855036291743006e-01	2.638551469040930075e-01	1.583377121580461233e-01	7.470861552120054705e-02	3.151655057334873389e-02	7.996569151359195216e-02
1.280073998533187932e+03	2.400499128115065328e-01	1.512619628338022215e-01	2.639841641288611651e-01	1.584137155939470409e-01	7.473859024048713773e-02	3.153777472875853721e-02	8.001387966250152195e-02
1.281525329597284326e+03	2.398693525279700645e-01	1.511386315556981774e-01	2.641129543854489059e-01	1.584895881989966115e-01	7.476851527362761429e-02	3.155897054549399589e-02	8.006198751262884328e-02
1.282976660661381175e+03	2.396890983287105203e-01	1.510155094385808305e-01	2.642415180618860049e-01	1.585653302125199504e-01	7.479839071847095566e-02	3.158013804229759663e-02	8.011001519739839594e-02
1.284427991725477568e+03	2.395091496935312370e-01	1.508925961267766902e-01	2.643698555455419874e-01	1.586409418733451537e-01	7.482821667262343213e-02	3.160127723801171157e-02	8.015796285003402855e-02
1.285879322789574417e+03	2.393295061031269211e-01	1.507698912652192802e-01	2.644979672231270729e-01	1.587164234198047141e-01	7.485799323344942413e-02	3.162238815157777938e-02	8.020583060355902794e-02
1.287330653853671038e+03	2.391501670390819290e-01	1.506473944994480563e-01	2.646258534806933405e-01	1.587917750897368530e-01	7.488772049807221332e-02	3.164347080203559065e-02	8.025361859079618854e-02
1.288781984917767431e+03	2.389711319838688508e-01	1.505251054756073237e-01	2.647535147036360059e-01	1.588669971204868803e-01	7.491739856337467640e-02	3.166452520852251762e-02	8.030132694436796503e-02
1.290233315981864052e+03	2.387924004208467066e-01	1.504030238404452657e-01	2.648809512766941987e-01	1.589420897489087214e-01	7.494702752600014561e-02	3.168555139027275785e-02	8.034895579669643073e-02
