1.301360187473271253e+03	2.366735878375176017e-01	1.500892327913812829e-01	2.608746845247928436e-01	1.616117689476385677e-01	7.622746402828584067e-02	3.212085580129876022e-02	8.240240606894855269e-02
1.306197957686926657e+03	2.360914534725663538e-01	1.496857874473059014e-01	2.612552585755441581e-01	1.618737746460770788e-01	7.633471216773296542e-02	3.219250415150646388e-02	8.256650953913051427e-02
1.311035727900581833e+03	2.355126086342961556e-01	1.492846080714800017e-01	2.616335534740272251e-01	1.621342850123151380e-01	7.644141116841242367e-02	3.226384361492052461e-02	8.272969002441200870e-02
1.315873498114237009e+03	2.349370344159719126e-01	1.488856821191883728e-01	2.620095841851585727e-01	1.623933082309804710e-01	7.654756378599672506e-02	3.233487491990037072e-02	8.289195234266706624e-02
1.320711268327892412e+03	2.343647120295674902e-01	1.484889971076283621e-01	2.623833655572769263e-01	1.626508524481838636e-01	7.665317276106954625e-02	3.240559880327014558e-02	8.305330129286717100e-02
1.325549038541547588e+03	2.337956228046763896e-01	1.480945406158992173e-01	2.627549123232717498e-01	1.629069257716005414e-01	7.675824081927425102e-02	3.247601601008846817e-02	8.321374165505281140e-02
1.330386808755202765e+03	2.332297481874440748e-01	1.477023002849785771e-01	2.631242391016991311e-01	1.631615362705527983e-01	7.686277067145901032e-02	3.254612729342267613e-02	8.337327819030716791e-02
1.335224578968857941e+03	2.326670697395206988e-01	1.473122638176867505e-01	2.634913603978847330e-01	1.634146919760937344e-01	7.696676501381836955e-02	3.261593341412736408e-02	8.353191564073181308e-02
1.340062349182513572e+03	2.321075691370336758e-01	1.469244189786396704e-01	2.638562906050148094e-01	1.636664008810921611e-01	7.707022652803145746e-02	3.268543514062721006e-02	8.368965872942452089e-02
1.344900119396168748e+03	2.315512281695798757e-01	1.465387535941903574e-01	2.642190440052145650e-01	1.639166709403185873e-01	7.717315788139708643e-02	3.275463324870396542e-02	8.384651216045907463e-02
1.349737889609823924e+03	2.309980287392361664e-01	1.461552555523600028e-01	2.645796347706147467e-01	1.641655100705325943e-01	7.727556172696554981e-02	3.282352852128753162e-02	8.400248061886696205e-02
1.354575659823479100e+03	2.304479528595882454e-01	1.457739128027587261e-01	2.649380769644059108e-01	1.644129261505709871e-01	7.737744070366749105e-02	3.289212174825104085e-02	8.415756877062108288e-02
1.359413430037134731e+03	2.299009826547772084e-01	1.453947133564966743e-01	2.652943845418811453e-01	1.646589270214374456e-01	7.747879743643987238e-02	3.296041372620985010e-02	8.431178126262130201e-02
1.364251200250789907e+03	2.293571003585627432e-01	1.450176452860859333e-01	2.656485713514664115e-01	1.649035204863931459e-01	7.757963453634909856e-02	3.302840525832439339e-02	8.446512272268176524e-02
1.369088970464445310e+03	2.288162883134031156e-01	1.446426967253333917e-01	2.660006511357400072e-01	1.651467143110485758e-01	7.767995460071137892e-02	3.309609715410683634e-02	8.461759775952019946e-02
1.373926740678100487e+03	2.282785289695510589e-01	1.442698558692252775e-01	2.663506375324401487e-01	1.653885162234564332e-01	7.777976021321045264e-02	3.316349022923134604e-02	8.476921096274878109e-02
1.378764510891755890e+03	2.277438048841651241e-01	1.438991109738037011e-01	2.666985440754611192e-01	1.656289339142057171e-01	7.787905394401281600e-02	3.323058530534805238e-02	8.491996690286690574e-02
1.383602281105411066e+03	2.272120987204361009e-01	1.435304503560352885e-01	2.670443841958387021e-01	1.658679750365169570e-01	7.797783834988039620e-02	3.329738320990054817e-02	8.506987013125549835e-02
1.388440051319066470e+03	2.266833932467280655e-01	1.431638623936726251e-01	2.673881712227234586e-01	1.661056472063384692e-01	7.807611597428092132e-02	3.336388477594682406e-02	8.521892518017314122e-02
1.393277821532721646e+03	2.261576713357334734e-01	1.427993355251086782e-01	2.677299183843442343e-01	1.663419580024436684e-01	7.817388934749593121e-02	3.343009084198369368e-02	8.536713656275379813e-02
1.398115591746377049e+03	2.256349159636421575e-01	1.424368582492246127e-01	2.680696388089601201e-01	1.665769149665295989e-01	7.827116098672651234e-02	3.349600225177449403e-02	8.551450877300600939e-02
1.402953361960032225e+03	2.251151102093234269e-01	1.420764191252311126e-01	2.684073455258015883e-01	1.668105256033164119e-01	7.836793339619696486e-02	3.356161985418011640e-02	8.566104628581387714e-02
1.407791132173687402e+03	2.245982372535212379e-01	1.417180067725038461e-01	2.687430514660014702e-01	1.670427973806480060e-01	7.846420906725626310e-02	3.362694450299321541e-02	8.580675355693942463e-02
1.412628902387342805e+03	2.240842803780618564e-01	1.413616098704130741e-01	2.690767694635151641e-01	1.672737377295935302e-01	7.855999047847762873e-02	3.369197705677563770e-02	8.595163502302655134e-02
1.417466672600997981e+03	2.235732229650737868e-01	1.410072171581477907e-01	2.694085122560304635e-01	1.675033540445501345e-01	7.865528009575600832e-02	3.375671837869886199e-02	8.609569510160641759e-02
1.422304442814653157e+03	2.230650484962195257e-01	1.406548174345347568e-01	2.697382924858671704e-01	1.677316536833464433e-01	7.875008037240370518e-02	3.382116933638752015e-02	8.623893819110432790e-02
1.427142213028308333e+03	2.225597405519386673e-01	1.403043995578525382e-01	2.700661227008667176e-01	1.679586439673472764e-01	7.884439374924419319e-02	3.388533080176594353e-02	8.638136867084805770e-02
1.431979983241963964e+03	2.220572828107025276e-01	1.399559524456409354e-01	2.703920153552716865e-01	1.681843321815591485e-01	7.893822265470416821e-02	3.394920365090750569e-02	8.652299090107748447e-02
1.436817753455619140e+03	2.215576590482792041e-01	1.396094650745058063e-01	2.707159828105951127e-01	1.684087255747367950e-01	7.903156950490378141e-02	3.401278876388697664e-02	8.666380922295573164e-02
1.441655523669274316e+03	2.210608531370095164e-01	1.392649264799200870e-01	2.710380373364807416e-01	1.686318313594906415e-01	7.912443670374530447e-02	3.407608702463557626e-02	8.680382795858153366e-02
1.446493293882929493e+03	2.205668490450931052e-01	1.389223257560202318e-01	2.713581911115529599e-01	1.688536567123951615e-01	7.921682664300010168e-02	3.413909932079883108e-02	8.694305141100298895e-02
1.451331064096585123e+03	2.200756308358844671e-01	1.385816520553994347e-01	2.716764562242575121e-01	1.690742087740979838e-01	7.930874170239415877e-02	3.420182654359716495e-02	8.708148386423261722e-02
1.456168834310240300e+03	2.195871826671987603e-01	1.382428945888971306e-01	2.719928446736926686e-01	1.692934946494301096e-01	7.940018424969191857e-02	3.426426958768906406e-02	8.721912958326361043e-02
1.461006604523895703e+03	2.191014887906270747e-01	1.379060426253849170e-01	2.723073683704311798e-01	1.695115214075168797e-01	7.949115664077885390e-02	3.432642935103694115e-02	8.735599281408744365e-02
1.465844374737550879e+03	2.186185335508608052e-01	1.375710854915494774e-01	2.726200391373329035e-01	1.697282960818896069e-01	7.958166121974240281e-02	3.438830673477551170e-02	8.749207778371262401e-02
1.470682144951206283e+03	2.181383013850250463e-01	1.372380125716727017e-01	2.729308687103482733e-01	1.699438256705983197e-01	7.967170031895165483e-02	3.444990264308264716e-02	8.762738870018463300e-02
1.475519915164861459e+03	2.176607768220207573e-01	1.369068133074086147e-01	2.732398687393131631e-01	1.701581171363250322e-01	7.976127625913577435e-02	3.451121798305276100e-02	8.776192975260711793e-02
1.480357685378516862e+03	2.171859444818752261e-01	1.365774771975580004e-01	2.735470507887344804e-01	1.703711774064978757e-01	7.985039134946089745e-02	3.457225366457256088e-02	8.789570511116416573e-02
1.485195455592172038e+03	2.167137890751009432e-01	1.362499937978402520e-01	2.738524263385671009e-01	1.705830133734060061e-01	7.993904788760601565e-02	3.463301060019918082e-02	8.802871892714375646e-02
1.490033225805827215e+03	2.162442954020625530e-01	1.359243527206631663e-01	2.741560067849821425e-01	1.707936318943150955e-01	8.002724815983748574e-02	3.469348970504067264e-02	8.816097533296224364e-02
1.494870996019482618e+03	2.157774483523514364e-01	1.356005436348903248e-01	2.744578034411266354e-01	1.710030397915838218e-01	8.011499444108241552e-02	3.475369189663874564e-02	8.829247844219002828e-02
1.499708766233137567e+03	2.153132329041681503e-01	1.352785562656066420e-01	2.747578275378749213e-01	1.712112438527807479e-01	8.020228899500089770e-02	3.481361809485376130e-02	8.842323234957821798e-02
1.504546536446793198e+03	2.148516341237123595e-01	1.349583803938819437e-01	2.750560902245717254e-01	1.714182508308019215e-01	8.028913407405718905e-02	3.487326922175192079e-02	8.855324113108635486e-02
1.509384306660448374e+03	2.143926371645797080e-01	1.346400058565326296e-01	2.753526025697664026e-01	1.716240674439892255e-01	8.037553191958968224e-02	3.493264620149467287e-02	8.868250884391112865e-02
1.514222076874103550e+03	2.139362272671662124e-01	1.343234225458819209e-01	2.756473755619397448e-01	1.718287003762492826e-01	8.046148476187996168e-02	3.499174996023014100e-02	8.881103952651614453e-02
1.519059847087758726e+03	2.134823897580791774e-01	1.340086204095185807e-01	2.759404201102224619e-01	1.720321562771729984e-01	8.054699482022077694e-02	3.505058142598673626e-02	8.893883719866269022e-02
1.523897617301414357e+03	2.130311100495551335e-01	1.336955894500540254e-01	2.762317470451055579e-01	1.722344417621555490e-01	8.063206430298308636e-02	3.510914152856874082e-02	8.906590586144133570e-02
1.528735387515069533e+03	2.125823736388842700e-01	1.333843197248782697e-01	2.765213671191431577e-01	1.724355634125171732e-01	8.071669540768207363e-02	3.516743119945398705e-02	8.919224949730458762e-02
1.533573157728724709e+03	2.121361661078411953e-01	1.330748013459148449e-01	2.768092910076471735e-01	1.726355277756242146e-01	8.080089032104230407e-02	3.522545137169337537e-02	8.931787207010043195e-02
1.538410927942380113e+03	2.116924731221222211e-01	1.327670244793744125e-01	2.770955293093747551e-01	1.728343413650110238e-01	8.088465121906190936e-02	3.528320297981246689e-02	8.944277752510679247e-02
1.543248698156035516e+03	2.112512804307884740e-01	1.324609793455074902e-01	2.773800925472079126e-01	1.730320106605019725e-01	8.096798026707599516e-02	3.534068695971492868e-02	8.956696978906682205e-02
1.548086468369690692e+03	2.108125738657153081e-01	1.321566562183563165e-01	2.776629911688256458e-01	1.732285421083343269e-01	8.105087961981911893e-02	3.539790424858778317e-02	8.969045277022505425e-02
1.552924238583346096e+03	2.103763393410473526e-01	1.318540454255058836e-01	2.779442355473688564e-01	1.734239421212813159e-01	8.113335142148699053e-02	3.545485578480860045e-02	8.981323035836452640e-02
1.557762008797001272e+03	2.099425628526593590e-01	1.315531373478343036e-01	2.782238359820977669e-01	1.736182170787758383e-01	8.121539780579729861e-02	3.551154250785442529e-02	8.993530642484452720e-02
1.562599779010656675e+03	2.095112304776226286e-01	1.312539224192625087e-01	2.785018026990424000e-01	1.738113733270343075e-01	8.129702089604988469e-02	3.556796535821248051e-02	9.005668482263930186e-02
1.567437549224311852e+03	2.090823283736770177e-01	1.309563911265035352e-01	2.787781458516453981e-01	1.740034171791813300e-01	8.137822280518605678e-02	3.562412527729263284e-02	9.017736938637747890e-02
1.572275319437967255e+03	2.086558427787081615e-01	1.306605340088111133e-01	2.790528755213987910e-01	1.741943549153743831e-01	8.145900563584720921e-02	3.568002320734153104e-02	9.029736393238232961e-02
1.577113089651622431e+03	2.082317600102299715e-01	1.303663416577280909e-01	2.793260017184726052e-01	1.743841927829291039e-01	8.153937148043263750e-02	3.573566009135845795e-02	9.041667225871266589e-02
1.581950859865277607e+03	2.078100664648723783e-01	1.300738047168344402e-01	2.795975343823376424e-01	1.745729369964447719e-01	8.161932242115690905e-02	3.579103687301279924e-02	9.053529814520458463e-02
1.586788630078933011e+03	2.073907486178738213e-01	1.297829138814950156e-01	2.798674833823810992e-01	1.747605937379302643e-01	8.169886053010622096e-02	3.584615449656315678e-02	9.065324535351391988e-02
1.591626400292587959e+03	2.069737930225790945e-01	1.294936598986071441e-01	2.801358585185152461e-01	1.749471691569302878e-01	8.177798786929435515e-02	3.590101390677802318e-02	9.077051762715931948e-02
1.596464170506243590e+03	2.065591863099416059e-01	1.292060335663481330e-01	2.804026695217799459e-01	1.751326693706517501e-01	8.185670649071784266e-02	3.595561604885803841e-02	9.088711869156609890e-02
1.601301940719898766e+03	2.061469151880304940e-01	1.289200257339225553e-01	2.806679260549384547e-01	1.753171004640908526e-01	8.193501843641061433e-02	3.600996186835977303e-02	9.100305225411069177e-02
1.606139710933553943e+03	2.057369664415424348e-01	1.286356273013097296e-01	2.809316377130666731e-01	1.755004684901597944e-01	8.201292573849799927e-02	3.606405231112101012e-02	9.111832200416584981e-02
1.610977481147209119e+03	2.053293269313178349e-01	1.283528292190111164e-01	2.811938140241361794e-01	1.756827794698143652e-01	8.209043041925007111e-02	3.611788832318752612e-02	9.123293161314634248e-02
1.615815251360864750e+03	2.049239835938617971e-01	1.280716224877979648e-01	2.814544644495909353e-01	1.758640393921814260e-01	8.216753449113456398e-02	3.617147085074131491e-02	9.134688473455540580e-02
1.620653021574519926e+03	2.045209234408689181e-01	1.277919981584587916e-01	2.817135983849181624e-01	1.760442542146865852e-01	8.224423995686903910e-02	3.622480084003024126e-02	9.146018500403171880e-02
1.625490791788175102e+03	2.041201335587528587e-01	1.275139473315473893e-01	2.819712251602121134e-01	1.762234298631823182e-01	8.232054880947269060e-02	3.627787923729906827e-02	9.157283603939703198e-02
1.630328562001830505e+03	2.037216011081798839e-01	1.272374611571309988e-01	2.822273540407327919e-01	1.764015722320760315e-01	8.239646303231749902e-02	3.633070698872195581e-02	9.168484144070433717e-02
1.635166332215485909e+03	2.033253133236064825e-01	1.269625308345385672e-01	2.824819942274582885e-01	1.765786871844584605e-01	8.247198459917891300e-02	3.638328504033618016e-02	9.179620479028657853e-02
1.640004102429141085e+03	2.029312575128210949e-01	1.266891476121096705e-01	2.827351548576311768e-01	1.767547805522322046e-01	8.254711547428601748e-02	3.643561433797731786e-02	9.190692965280597426e-02
1.644841872642796488e+03	2.025394210564898101e-01	1.264173027869434918e-01	2.829868450052993034e-01	1.769298581362402367e-01	8.262185761237120230e-02	3.648769582721561600e-02	9.201701957530381004e-02
1.649679642856451665e+03	2.021497914077060865e-01	1.261469877046483834e-01	2.832370736818502488e-01	1.771039257063947991e-01	8.269621295871938671e-02	3.653953045329376426e-02	9.212647808725077381e-02
1.654517413070107068e+03	2.017623560915439984e-01	1.258781937590917888e-01	2.834858498365410706e-01	1.772769890018062178e-01	8.277018344921667492e-02	3.659111916106584650e-02	9.223530870059781783e-02
1.659355183283762244e+03	2.013771027046155071e-01	1.256109123921506920e-01	2.837331823570216072e-01	1.774490537309119376e-01	8.284377101039869240e-02	3.664246289493755526e-02	9.234351490982749266e-02
1.664192953497417420e+03	2.009940189146312839e-01	1.253451350934625674e-01	2.839790800698522855e-01	1.776201255716055583e-01	8.291697755949838100e-02	3.669356259880764831e-02	9.245110019200571128e-02
1.669030723711072824e+03	2.006130924599653365e-01	1.250808534001768835e-01	2.842235517410170997e-01	1.777902101713660088e-01	8.298980500449339159e-02	3.674441921601057093e-02	9.255806800683409608e-02
1.673868493924728000e+03	2.002343111492229377e-01	1.248180588967070376e-01	2.844666060764305393e-01	1.779593131473868328e-01	8.306225524415306039e-02	3.679503368926029250e-02	9.266442179670267287e-02
1.678706264138383403e+03	1.998576628608124128e-01	1.245567432144831371e-01	2.847082517224394649e-01	1.781274400867052521e-01	8.313433016808491338e-02	3.684540696059524639e-02	9.277016498674298117e-02
1.683544034352038352e+03	1.994831355425200625e-01	1.242968980317052247e-01	2.849484972663193227e-01	1.782945965463316740e-01	8.320603165678082391e-02	3.689553997132448415e-02	9.287530098488179509e-02
1.688381804565693983e+03	1.991107172110886392e-01	1.240385150730972247e-01	2.851873512367660291e-01	1.784607880533788660e-01	8.327736158166275382e-02	3.694543366197487050e-02	9.297983318189496915e-02
1.693219574779349159e+03	1.987403959517992924e-01	1.237815861096615427e-01	2.854248221043816369e-01	1.786260201051913521e-01	8.334832180512813382e-02	3.699508897223942328e-02	9.308376495146199192e-02
1.698057344993004335e+03	1.983721599180565121e-01	1.235261029584343584e-01	2.856609182821556181e-01	1.787902981694746984e-01	8.341891418059482755e-02	3.704450684092670809e-02	9.318709965022062280e-02
1.702895115206659511e+03	1.980059973309765686e-01	1.232720574822416815e-01	2.858956481259409821e-01	1.789536276844248819e-01	8.348914055254570699e-02	3.709368820591132931e-02	9.328984061782222281e-02
1.707732885420315142e+03	1.976418964789789789e-01	1.230194415894561022e-01	2.861290199349252328e-01	1.791160140588575478e-01	8.355900275657292264e-02	3.714263400408541332e-02	9.339199117698714081e-02
1.712570655633970318e+03	1.972798457173813025e-01	1.227682472337543462e-01	2.863610419520967731e-01	1.792774626723372400e-01	8.362850261942179897e-02	3.719134517131117423e-02	9.349355463356071039e-02
1.717408425847625494e+03	1.969198334679969076e-01	1.225184664138756485e-01	2.865917223647060363e-01	1.794379788753066862e-01	8.369764195903435511e-02	3.723982264237440942e-02	9.359453427656937163e-02
1.722246196061280898e+03	1.965618482187357352e-01	1.222700911733807794e-01	2.868210693047222315e-01	1.795975679892158061e-01	8.376642258459252033e-02	3.728806735093908448e-02	9.369493337827729251e-02
1.727083966274936301e+03	1.962058785232082547e-01	1.220231136004120698e-01	2.870490908492850934e-01	1.797562353066509688e-01	8.383484629656100251e-02	3.733608022950280630e-02	9.379475519424324004e-02
1.731921736488591478e+03	1.958519130003322228e-01	1.217775258274541444e-01	2.872757950211523581e-01	1.799139860914638622e-01	8.390291488672985132e-02	3.738386220935328158e-02	9.389400296337771512e-02
1.736759506702246881e+03	1.954999403339425235e-01	1.215333200310955847e-01	2.875011897891420198e-01	1.800708255789004453e-01	8.397063013825663280e-02	3.743141422052573969e-02	9.399267990800047601e-02
1.741597276915902057e+03	1.951499492724036999e-01	1.212904884317914100e-01	2.877252830685706475e-01	1.802267589757298172e-01	8.403799382570836807e-02	3.747873719176122997e-02	9.409078923389826987e-02
1.746435047129557461e+03	1.948019286282254292e-01	1.210490232936264760e-01	2.879480827216867045e-01	1.803817914603728090e-01	8.410500771510318052e-02	3.752583205046587655e-02	9.418833413038286972e-02
1.751272817343212637e+03	1.944558672776809383e-01	1.208089169240796901e-01	2.881695965581001495e-01	1.805359281830307139e-01	8.417167356395154065e-02	3.757269972267098662e-02	9.428531777034938888e-02
1.756110587556867813e+03	1.941117541604278629e-01	1.205701616737892279e-01	2.883898323352065418e-01	1.806891742658135458e-01	8.423799312129731653e-02	3.761934113299406079e-02	9.438174331033481745e-02
1.760948357770523216e+03	1.937695782791322430e-01	1.203327499363185948e-01	2.886087977586079267e-01	1.808415348028686032e-01	8.430396812775847737e-02	3.766575720460064308e-02	9.447761389057685033e-02
1.765786127984178393e+03	1.934293286990948768e-01	1.200966741479236599e-01	2.888265004825287807e-01	1.809930148605084499e-01	8.436960031556757500e-02	3.771194885916705902e-02	9.457293263507289549e-02
1.770623898197833569e+03	1.930909945478804512e-01	1.198619267873205496e-01	2.890429481102281262e-01	1.811436194773390351e-01	8.443489140861183684e-02	3.775791701684392404e-02	9.466770265163933218e-02
1.775461668411488745e+03	1.927545650149494472e-01	1.196285003754545967e-01	2.892581481944070387e-01	1.812933536643875354e-01	8.449984312247309226e-02	3.780366259622052610e-02	9.476192703197103273e-02
1.780299438625144376e+03	1.924200293512923765e-01	1.193963874752701770e-01	2.894721082376122689e-01	1.814422224052300303e-01	8.456445716446744920e-02	3.784918651428997860e-02	9.485560885170099543e-02
1.785137208838799552e+03	1.920873768690668226e-01	1.191655806914814902e-01	2.896848356926360335e-01	1.815902306561190116e-01	8.462873523368456830e-02	3.789448968641520588e-02	9.494875117046021329e-02
1.789974979052454728e+03	1.917565969412368121e-01	1.189360726703443533e-01	2.898963379629113657e-01	1.817373833461106147e-01	8.469267902102678436e-02	3.793957302629563655e-02	9.504135703193779261e-02
1.794812749266109904e+03	1.914276790012148233e-01	1.187078560994289933e-01	2.901066224029038021e-01	1.818836853771919337e-01	8.475629020924799195e-02	3.798443744593472254e-02	9.513342946394114097e-02
1.799650519479765535e+03	1.911006125425062652e-01	1.184809237073937149e-01	2.903156963184986283e-01	1.820291416244078642e-01	8.481957047299225338e-02	3.802908385560820059e-02	9.522497147845646048e-02
1.804488289693420711e+03	1.907753871183562877e-01	1.182552682637597052e-01	2.905235669673854049e-01	1.821737569359876407e-01	8.488252147883207366e-02	3.807351316383304762e-02	9.531598607170926885e-02
1.809326059907075887e+03	1.904519923413992011e-01	1.180308825786867410e-01	2.907302415594369971e-01	1.823175361334715694e-01	8.494514488530657825e-02	3.811772627733722024e-02	9.540647622422511465e-02
1.814163830120731291e+03	1.901304178833100600e-01	1.178077595027498398e-01	2.909357272570863850e-01	1.824604840118371762e-01	8.500744234295937174e-02	3.816172410103006035e-02	9.549644490089048698e-02
1.819001600334386467e+03	1.898106534744587182e-01	1.175858919267171177e-01	2.911400311756988102e-01	1.826026053396252180e-01	8.506941549437618821e-02	3.820550753797342242e-02	9.558589505101383610e-02
1.823839370548041643e+03	1.894926889035662698e-01	1.173652727813284530e-01	2.913431603839405359e-01	1.827439048590655257e-01	8.513106597422231969e-02	3.824907748935351542e-02	9.567482960838667727e-02
1.828677140761696819e+03	1.891765140173636561e-01	1.171458950370752733e-01	2.915451219041438335e-01	1.828843872862025710e-01	8.519239540927975307e-02	3.829243485445335549e-02	9.576325149134487513e-02
1.833514910975352450e+03	1.888621187202527141e-01	1.169277517039813002e-01	2.917459227126684151e-01	1.830240573110206992e-01	8.525340541848418219e-02	3.833558053062596088e-02	9.585116360283002512e-02
1.838352681189008081e+03	1.885494929739694459e-01	1.167108358313844185e-01	2.919455697402594807e-01	1.831629195975691682e-01	8.531409761296171457e-02	3.837851541326811611e-02	9.593856883045091821e-02
1.843190451402663257e+03	1.882386267972493143e-01	1.164951405077194052e-01	2.921440698724021012e-01	1.833009787840869653e-01	8.537447359606549491e-02	3.842124039579487838e-02	9.602547004654513052e-02
1.848028221616318433e+03	1.879295102654950644e-01	1.162806588603018110e-01	2.923414299496718272e-01	1.834382394831272911e-01	8.543453496341191222e-02	3.846375636961462535e-02	9.611187010824066845e-02
1.852865991829973609e+03	1.876221335104465704e-01	1.160673840551128683e-01	2.925376567680826323e-01	1.835747062816817654e-01	8.549428330291676537e-02	3.850606422410478291e-02	9.619777185751773874e-02
1.857703762043628785e+03	1.873164867198528483e-01	1.158553092965853709e-01	2.927327570794306388e-01	1.837103837413043561e-01	8.555372019483117874e-02	3.854816484658813575e-02	9.628317812127057396e-02
1.862541532257283961e+03	1.870125601371461777e-01	1.156444278273905529e-01	2.929267375916347893e-01	1.838452763982351690e-01	8.561284721177728207e-02	3.859005912230974167e-02	9.636809171136932750e-02
1.867379302470939592e+03	1.867103440611184995e-01	1.154347329282261608e-01	2.931196049690745209e-01	1.839793887635235714e-01	8.567166591878370985e-02	3.863174793441444266e-02	9.645251542472203787e-02
1.872217072684594768e+03	1.864098288455997288e-01	1.152262179176054002e-01	2.933113658329238316e-01	1.841127253231514549e-01	8.573017787332090633e-02	3.867323216392495183e-02	9.653645204333663465e-02
1.877054842898249490e+03	1.861110048991382604e-01	1.150188761516469649e-01	2.935020267614820155e-01	1.842452905381558870e-01	8.578838462533627807e-02	3.871451268972052329e-02	9.661990433438298609e-02
1.881892613111905121e+03	1.858138626846835284e-01	1.148127010238661067e-01	2.936915942905015120e-01	1.843770888447515965e-01	8.584628771728904095e-02	3.875559038851613541e-02	9.670287505025502994e-02
1.886730383325560297e+03	1.855183927192704807e-01	1.146076859649667740e-01	2.938800749135123680e-01	1.845081246544531539e-01	8.590388868418499801e-02	3.879646613484227791e-02	9.678536692863290436e-02
1.891568153539215928e+03	1.852245855737063851e-01	1.144038244426347217e-01	2.940674750821437589e-01	1.846384023541966790e-01	8.596118905361106732e-02	3.883714080102527999e-02	9.686738269254512035e-02
1.896405923752871104e+03	1.849324318722591620e-01	1.142011099613317038e-01	2.942538012064422337e-01	1.847679263064614108e-01	8.601819034576962952e-02	3.887761525716811051e-02	9.694892505043073427e-02
1.901243693966526507e+03	1.846419222923481873e-01	1.139995360620906645e-01	2.944390596551871297e-01	1.848967008493909159e-01	8.607489407351272270e-02	3.891789037113176086e-02	9.702999669620164525e-02
1.906081464180181683e+03	1.843530475642366773e-01	1.137990963223119989e-01	2.946232567562027116e-01	1.850247302969137975e-01	8.613130174237600134e-02	3.895796700851711369e-02	9.711060030930469822e-02
1.910919234393836859e+03	1.840657984707263217e-01	1.135997843555608261e-01	2.948063987966677013e-01	1.851520189388642934e-01	8.618741485061257035e-02	3.899784603264733890e-02	9.719073855478398138e-02
1.915757004607492036e+03	1.837801658468535548e-01	1.134015938113653033e-01	2.949884920234212560e-01	1.852785710411024300e-01	8.624323488922662484e-02	3.903752830455073375e-02	9.727041408334308192e-02
1.920594774821147894e+03	1.834961405795880185e-01	1.132045183750159389e-01	2.951695426432668912e-01	1.854043908456338430e-01	8.629876334200695109e-02	3.907701468294412506e-02	9.734962953140724462e-02
1.925432545034802843e+03	1.832137136075327188e-01	1.130085517673659751e-01	2.953495568232726853e-01	1.855294825707291262e-01	8.635400168556014999e-02	3.911630602421668074e-02	9.742838752118566925e-02
1.930270315248458019e+03	1.829328759206261812e-01	1.128136877446328096e-01	2.955285406910692636e-01	1.856538504110430976e-01	8.640895138934380493e-02	3.915540318241424178e-02	9.750669066073361368e-02
1.935108085462113195e+03	1.826536185598462703e-01	1.126199200982003212e-01	2.957065003351447285e-01	1.857774985377335097e-01	8.646361391569939991e-02	3.919430700922408445e-02	9.758454154401466352e-02
1.939945855675768371e+03	1.823759326169162032e-01	1.124272426544224712e-01	2.958834418051367043e-01	1.859004310985794828e-01	8.651799071988516832e-02	3.923301835396015430e-02	9.766194275096282129e-02
1.944783625889424002e+03	1.820998092340121166e-01	1.122356492744275985e-01	2.960593711121217719e-01	1.860226522180994102e-01	8.657208325010867789e-02	3.927153806354873739e-02	9.773889684754466511e-02
1.949621396103079178e+03	1.818252396034724105e-01	1.120451338539240199e-01	2.962342942289024061e-01	1.861441659976687535e-01	8.662589294755931868e-02	3.930986698251458245e-02	9.781540638582141012e-02
1.954459166316734354e+03	1.815522149675091734e-01	1.118556903230064764e-01	2.964082170902908597e-01	1.862649765156374204e-01	8.667942124644056889e-02	3.934800595296743947e-02	9.789147390401098381e-02
1.959296936530389530e+03	1.812807266179211618e-01	1.116673126459636900e-01	2.965811455933903829e-01	1.863850878274464773e-01	8.673266957400216359e-02	3.938595581458902845e-02	9.796710192654999039e-02
1.964134706744044706e+03	1.810107658958084731e-01	1.114799948210868225e-01	2.967530855978744997e-01	1.865045039657448889e-01	8.678563935057204137e-02	3.942371740462043139e-02	9.804229296415566119e-02
1.968972476957700337e+03	1.807423241912893275e-01	1.112937308804791137e-01	2.969240429262628433e-01	1.866232289405056477e-01	8.683833198958826327e-02	3.946129155784988685e-02	9.811704951388777740e-02
1.973810247171355968e+03	1.804753929432182102e-01	1.111085148898663805e-01	2.970940233641947703e-01	1.867412667391415149e-01	8.689074889763057086e-02	3.949867910660098680e-02	9.819137405921049555e-02
1.978648017385010689e+03	1.802099636389059290e-01	1.109243409484085424e-01	2.972630326607005880e-01	1.868586213266205109e-01	8.694289147445202759e-02	3.953588088072124834e-02	9.826526907005408984e-02
1.983485787598666320e+03	1.799460278138414193e-01	1.107412031885121884e-01	2.974310765284702285e-01	1.869752966455809629e-01	8.699476111301027159e-02	3.957289770757112940e-02	9.833873700287668052e-02
1.988323557812321269e+03	1.796835770514151331e-01	1.105590957756441284e-01	2.975981606441195360e-01	1.870912966164460789e-01	8.704635919949881007e-02	3.960973041201337058e-02	9.841178030072586513e-02
1.993161328025976900e+03	1.794226029826440916e-01	1.103780129081459449e-01	2.977642906484535557e-01	1.872066251375382184e-01	8.709768711337809166e-02	3.964637981640272563e-02	9.848440139330025267e-02
1.997999098239632076e+03	1.791630972858988813e-01	1.101979488170495430e-01	2.979294721467282692e-01	1.873212860851927730e-01	8.714874622740639842e-02	3.968284674057606654e-02	9.855660269701098375e-02
2.002836868453287707e+03	1.789050516866318719e-01	1.100188977658936446e-01	2.980937107089092764e-01	1.874352833138716035e-01	8.719953790767061286e-02	3.971913200184285647e-02	9.862838661504305660e-02
2.007674638666942428e+03	1.786484579571075149e-01	1.098408540505413367e-01	2.982570118699284234e-01	1.875486206562761160e-01	8.725006351361688783e-02	3.975523641497598348e-02	9.869975553741668073e-02
2.012512408880597604e+03	1.783933079161338919e-01	1.096638119989985088e-01	2.984193811299380994e-01	1.876613019234599500e-01	8.730032439808112221e-02	3.979116079220287872e-02	9.877071184104849189e-02
2.017350179094252780e+03	1.781395934287962335e-01	1.094877659712333584e-01	2.985808239545631459e-01	1.877733309049411659e-01	8.735032190731931157e-02	3.982690594319710647e-02	9.884125788981261429e-02
2.022187949307908411e+03	1.778873064061918530e-01	1.093127103589968535e-01	2.987413457751503798e-01	1.878847113688142667e-01	8.740005738103774624e-02	3.986247267507014164e-02	9.891139603460173679e-02
2.027025719521564042e+03	1.776364388051665244e-01	1.091386395856441538e-01	2.989009519890161726e-01	1.879954470618614426e-01	8.744953215242308453e-02	3.989786179236359115e-02	9.898112861338798085e-02
2.031863489735218764e+03	1.773869826280529693e-01	1.089655481059569192e-01	2.990596479596915880e-01	1.881055417096637594e-01	8.749874754817225930e-02	3.993307409704167227e-02	9.905045795128376851e-02
2.036701259948874394e+03	1.771389299224103153e-01	1.087934304059667429e-01	2.992174390171652987e-01	1.882149990167117648e-01	8.754770488852228749e-02	3.996811038848406550e-02	9.911938636060245444e-02
2.041539030162529116e+03	1.768922727807653306e-01	1.086222810027794305e-01	2.993743304581245046e-01	1.883238226665157056e-01	8.759640548727992693e-02	4.000297146347903815e-02	9.918791614091899966e-02
2.046376800376184747e+03	1.766470033403555184e-01	1.084520944444002932e-01	2.995303275461934089e-01	1.884320163217153565e-01	8.764485065185119439e-02	4.003765811621685933e-02	9.925604957913035375e-02
2.051214570589840150e+03	1.764031137828732387e-01	1.082828653095602861e-01	2.996854355121698621e-01	1.885395836241893774e-01	8.769304168327070326e-02	4.007217113828361044e-02	9.932378894951590653e-02
2.056052340803495554e+03	1.761605963342117720e-01	1.081145882075432857e-01	2.998396595542597298e-01	1.886465281951644202e-01	8.774097987623098727e-02	4.010651131865517610e-02	9.939113651379762049e-02
2.060890111017150957e+03	1.759194432642126049e-01	1.079472577780141163e-01	2.999930048383094849e-01	1.887528536353235142e-01	8.778866651911154673e-02	4.014067944369160285e-02	9.945809452120020488e-02
2.065727881230805451e+03	1.756796468864144090e-01	1.077808686908476171e-01	3.001454764980359124e-01	1.888585635249143968e-01	8.783610289400788085e-02	4.017467629713171451e-02	9.952466520851112330e-02
2.070565651444461309e+03	1.754411995578034622e-01	1.076154156459586536e-01	3.002970796352550931e-01	1.889636614238571211e-01	8.788329027676032579e-02	4.020850266008803298e-02	9.959085080014035141e-02
2.075403421658116713e+03	1.752040936785655978e-01	1.074508933731330718e-01	3.004478193201080560e-01	1.890681508718514703e-01	8.793022993698275391e-02	4.024215931104192095e-02	9.965665350818020407e-02
2.080241191871772116e+03	1.749683216918394013e-01	1.072872966318594717e-01	3.005977005912852662e-01	1.891720353884837613e-01	8.797692313809121756e-02	4.027564702583907169e-02	9.972207553246485723e-02
2.085078962085427065e+03	1.747338760834712124e-01	1.071246202111620777e-01	3.007467284562489462e-01	1.892753184733333705e-01	8.802337113733238461e-02	4.030896657768522073e-02	9.978711906062981418e-02
2.089916732299082469e+03	1.745007493817713473e-01	1.069628589294342874e-01	3.008949078914534003e-01	1.893780036060788430e-01	8.806957518581190469e-02	4.034211873714209362e-02	9.985178626817120540e-02
2.094754502512737417e+03	1.742689341572718487e-01	1.068020076342734714e-01	3.010422438425632286e-01	1.894800942466033367e-01	8.811553652852259499e-02	4.037510427212368663e-02	9.991607931850494950e-02
2.099592272726392821e+03	1.740384230224855944e-01	1.066420612023163683e-01	3.011887412246700979e-01	1.895815938351000374e-01	8.816125640437252886e-02	4.040792394789271408e-02	9.998000036302580329e-02
2.104430042940048224e+03	1.738092086316669616e-01	1.064830145390755350e-01	3.013344049225073484e-01	1.896825057921767699e-01	8.820673604621301345e-02	4.044057852705737477e-02	1.000435515411661758e-01
2.109267813153704083e+03	1.735812836805737946e-01	1.063248625787767410e-01	3.014792397906625454e-01	1.897828335189604143e-01	8.825197668086642855e-02	4.047306876956831972e-02	1.001067349804549006e-01
2.114105583367359031e+03	1.733546409062308169e-01	1.061676002841971805e-01	3.016232506537886993e-01	1.898825803972008508e-01	8.829697952915396830e-02	4.050539543271586274e-02	1.001695527965758004e-01
2.118943353581013525e+03	1.731292730866943463e-01	1.060112226465045604e-01	3.017664423068132096e-01	1.899817497893743767e-01	8.834174580592318859e-02	4.053755927112741991e-02	1.002320070934260426e-01
2.123781123794669384e+03	1.729051730408186494e-01	1.058557246850971856e-01	3.019088195151451437e-01	1.900803450387868743e-01	8.838627672007552671e-02	4.056956103676522679e-02	1.002940999631744684e-01
2.128618894008324787e+03	1.726823336280233490e-01	1.057011014474448368e-01	3.020503870148810166e-01	1.901783694696764226e-01	8.843057347459361284e-02	4.060140147892421503e-02	1.003558334863196566e-01
2.133456664221980191e+03	1.724607477480623874e-01	1.055473480089305777e-01	3.021911495130081282e-01	1.902758263873154110e-01	8.847463726656852601e-02	4.063308134423015971e-02	1.004172097317478779e-01
2.138294434435635139e+03	1.722404083407943765e-01	1.053944594726934636e-01	3.023311116876070126e-01	1.903727190781124845e-01	8.851846928722692520e-02	4.066460137663800017e-02	1.004782307567908539e-01
2.143132204649290543e+03	1.720213083859541137e-01	1.052424309694720145e-01	3.024702781880514446e-01	1.904690508097137414e-01	8.856207072195802776e-02	4.069596231743042442e-02	1.005388986072833502e-01
2.147969974862945492e+03	1.718034409029256526e-01	1.050912576574486723e-01	3.026086536352072254e-01	1.905648248311038184e-01	8.860544275034046291e-02	4.072716490521660626e-02	1.005992153176206994e-01
2.152807745076601350e+03	1.715867989505165392e-01	1.049409347220951194e-01	3.027462426216290248e-01	1.906600443727061445e-01	8.864858654616906974e-02	4.075820987593122002e-02	1.006591829108159919e-01
2.157645515290255844e+03	1.713713756267334076e-01	1.047914573760183599e-01	3.028830497117557252e-01	1.907547126464832765e-01	8.869150327748154261e-02	4.078909796283357314e-02	1.007188033985572523e-01
2.162483285503912157e+03	1.711571640685589646e-01	1.046428208588077863e-01	3.030190794421037115e-01	1.908488328460363481e-01	8.873419410658492379e-02	4.081982989650700944e-02	1.007780787812642964e-01
2.167321055717567106e+03	1.709441574517303053e-01	1.044950204368829960e-01	3.031543363214593279e-01	1.909424081467043233e-01	8.877666019008206844e-02	4.085040640485846503e-02	1.008370110481455750e-01
2.172158825931222509e+03	1.707323489905182290e-01	1.043480514033425233e-01	3.032888248310686707e-01	1.910354417056628062e-01	8.881890267889785973e-02	4.088082821311821158e-02	1.008956021772547118e-01
2.176996596144877003e+03	1.705217319375082474e-01	1.042019090778133483e-01	3.034225494248267707e-01	1.911279366620223241e-01	8.886092271830549338e-02	4.091109604383982162e-02	1.009538541355469721e-01
2.181834366358532861e+03	1.703122995833825926e-01	1.040565888063013228e-01	3.035555145294646096e-01	1.912198961369262762e-01	8.890272144795251241e-02	4.094121061690026570e-02	1.010117688789353985e-01
2.186672136572187810e+03	1.701040452567036954e-01	1.039120859610423997e-01	3.036877245447346385e-01	1.913113232336483560e-01	8.894430000188670304e-02	4.097117264950025928e-02	1.010693483523469743e-01
2.191509906785843214e+03	1.698969623236985804e-01	1.037683959403546824e-01	3.038191838435949088e-01	1.914022210376896682e-01	8.898565950858203233e-02	4.100098285616470689e-02	1.011265944897784541e-01
2.196347676999498617e+03	1.696910441880450093e-01	1.036255141684913200e-01	3.039498967723916478e-01	1.914925926168753179e-01	8.902680109096434979e-02	4.103064194874338211e-02	1.011835092143520409e-01
2.201185447213154021e+03	1.694862842906584566e-01	1.034834360954941940e-01	3.040798676510401144e-01	1.915824410214506113e-01	8.906772586643697809e-02	4.106015063641174634e-02	1.012400944383709256e-01
2.206023217426809424e+03	1.692826761094805565e-01	1.033421571970484648e-01	3.042091007732043439e-01	1.916717692841768128e-01	8.910843494690627586e-02	4.108950962567192722e-02	1.012963520633745895e-01
2.210860987640464373e+03	1.690802131592686053e-01	1.032016729743379380e-01	3.043376004064750617e-01	1.917605804204264852e-01	8.914892943880702025e-02	4.111871962035389128e-02	1.013522839801939968e-01
2.215698757854119776e+03	1.688788889913865332e-01	1.030619789539011510e-01	3.044653707925461528e-01	1.918488774282783027e-01	8.918921044312769220e-02	4.114778132161674845e-02	1.014078920690064806e-01
2.220536528067775180e+03	1.686786971935967938e-01	1.029230706874884049e-01	3.045924161473897440e-01	1.919366632886116419e-01	8.922927905543569238e-02	4.117669542795021620e-02	1.014631781993905468e-01
2.225374298281430583e+03	1.684796313898536124e-01	1.027849437519195164e-01	3.047187406614301763e-01	1.920239409652006179e-01	8.926913636590236290e-02	4.120546263517625707e-02	1.015181442303804554e-01
2.230212068495085077e+03	1.682816852400976226e-01	1.026475937489423479e-01	3.048443484997159780e-01	1.921107134048075926e-01	8.930878345932802276e-02	4.123408363645084118e-02	1.015727920105206211e-01
2.235049838708740936e+03	1.680848524400512245e-01	1.025110163050921841e-01	3.049692438020907281e-01	1.921969835372764057e-01	8.934822141516678140e-02	4.126255912226588912e-02	1.016271233779197786e-01
2.239887608922396339e+03	1.678891267210156635e-01	1.023752070715518714e-01	3.050934306833626430e-01	1.922827542756252173e-01	8.938745130755132440e-02	4.129088978045131197e-02	1.016811401603050086e-01
2.244725379136052197e+03	1.676945018496687201e-01	1.022401617240127486e-01	3.052169132334724422e-01	1.923680285161387671e-01	8.942647420531757430e-02	4.131907629617723871e-02	1.017348441750755283e-01
2.249563149349706237e+03	1.675009716278642036e-01	1.021058759625363549e-01	3.053396955176602146e-01	1.924528091384602735e-01	8.946529117202917103e-02	4.134711935195636151e-02	1.017882372293563570e-01
2.254400919563362095e+03	1.673085298924321118e-01	1.019723455114169564e-01	3.054617815766307865e-01	1.925370990056829434e-01	8.950390326600199398e-02	4.137501962764640606e-02	1.018413211200517171e-01
2.259238689777017044e+03	1.671171705149800124e-01	1.018395661190447388e-01	3.055831754267177014e-01	1.926209009644409831e-01	8.954231154032842033e-02	4.140277780045278910e-02	1.018940976338982424e-01
2.264076459990672902e+03	1.669268874016959225e-01	1.017075335577698886e-01	3.057038810600458123e-01	1.927042178450002752e-01	8.958051704290162509e-02	4.143039454493130380e-02	1.019465685475180600e-01
