1.001418434226643626e+03	2.810745571701779300e-01	1.792530087787299886e-01	2.345637697647537934e-01	1.411462117779573588e-01	6.791033727474193871e-02	2.694549079687241083e-02	6.910662443662991816e-02
1.003837319333471214e+03	2.806577676582494019e-01	1.789683985364201868e-01	2.348641999072335895e-01	1.413232214752905558e-01	6.797916165718127790e-02	2.699024937037955429e-02	6.921700139510875149e-02
1.006256204440298802e+03	2.802421573944249289e-01	1.786845927726843086e-01	2.351637566340563923e-01	1.414997091039694177e-01	6.804778151220663984e-02	2.703492584457025186e-02	6.932707673795140968e-02
1.008675089547126618e+03	2.798277230002658711e-01	1.784015892269686654e-01	2.354624424318533527e-01	1.416756763858396939e-01	6.811619761375241333e-02	2.707952013057362065e-02	6.943685121060975962e-02
1.011093974653954206e+03	2.794144611080895402e-01	1.781193856443112344e-01	2.357602597801427557e-01	1.418511250351610076e-01	6.818441073182085477e-02	2.712403214227380663e-02	6.954632555806412875e-02
1.013512859760782021e+03	2.790023683609019201e-01	1.778379797753559532e-01	2.360572111513523086e-01	1.420260567586636991e-01	6.825242163250780369e-02	2.716846179628336702e-02	6.965550052479824172e-02
1.015931744867609382e+03	2.785914414123316640e-01	1.775573693763660144e-01	2.363532990108409559e-01	1.422004732556052531e-01	6.832023107802813466e-02	2.721280901191682269e-02	6.976437685477454576e-02
1.018350629974437197e+03	2.781816769265650358e-01	1.772775522092361056e-01	2.366485258169207795e-01	1.423743762178257544e-01	6.838783982674104256e-02	2.725707371116442568e-02	6.987295529141022976e-02
1.020769515081264785e+03	2.777730715782831261e-01	1.769985260415036510e-01	2.369428940208786749e-01	1.425477673298030101e-01	6.845524863317514752e-02	2.730125581866611403e-02	6.998123657755360438e-02
1.023188400188092373e+03	2.773656220525994587e-01	1.767202886463591083e-01	2.372364060669980568e-01	1.427206482687065625e-01	6.852245824805339169e-02	2.734535526168566447e-02	7.008922145546110649e-02
1.025607285294920075e+03	2.769593250449990385e-01	1.764428378026552113e-01	2.375290643925802858e-01	1.428930207044514789e-01	6.858946941831775557e-02	2.738937197008505312e-02	7.019691066677458124e-02
1.028026170401747549e+03	2.765541772612787885e-01	1.761661712949154912e-01	2.378208714279660130e-01	1.430648862997512261e-01	6.865628288715372451e-02	2.743330587629898634e-02	7.030430495249918865e-02
1.030445055508575479e+03	2.761501754174890411e-01	1.758902869133417424e-01	2.381118295965565512e-01	1.432362467101699066e-01	6.872289939401467207e-02	2.747715691530966398e-02	7.041140505298178198e-02
1.032863940615402726e+03	2.757473162398761946e-01	1.756151824538208228e-01	2.384019413148349420e-01	1.434071035841741060e-01	6.878931967464596564e-02	2.752092502462168480e-02	7.051821170788961923e-02
1.035282825722230655e+03	2.753455964648262033e-01	1.753408557179305105e-01	2.386912089923871327e-01	1.435774585631837685e-01	6.885554446110894733e-02	2.756461014423717756e-02	7.062472565618957421e-02
1.037701710829058356e+03	2.749450128388094550e-01	1.750673045129446381e-01	2.389796350319228213e-01	1.437473132816227406e-01	6.892157448180467882e-02	2.760821221663112626e-02	7.073094763612784719e-02
1.040120595935886058e+03	2.745455621183264805e-01	1.747945266518374785e-01	2.392672218292963282e-01	1.439166693669686192e-01	6.898741046149757528e-02	2.765173118672686198e-02	7.083687838521005031e-02
1.042539481042713533e+03	2.741472410698544415e-01	1.745225199532873805e-01	2.395539717735274410e-01	1.440855284398019631e-01	6.905305312133876161e-02	2.769516700187175939e-02	7.094251864018165377e-02
1.044958366149541234e+03	2.737500464697952829e-01	1.742512822416797114e-01	2.398398872468218979e-01	1.442538921138550589e-01	6.911850317888934558e-02	2.773851961181310680e-02	7.104786913700900097e-02
1.047377251256368709e+03	2.733539751044238852e-01	1.739808113471091877e-01	2.401249706245920934e-01	1.444217619960599941e-01	6.918376134814349654e-02	2.778178896867417730e-02	7.115293061086058746e-02
1.049796136363196410e+03	2.729590237698378830e-01	1.737111051053813748e-01	2.404092242754774511e-01	1.445891396865961187e-01	6.924882833955126049e-02	2.782497502693047700e-02	7.125770379608881155e-02
1.052215021470024112e+03	2.725651892719078706e-01	1.734421613580138521e-01	2.406926505613648792e-01	1.447560267789371746e-01	6.931370486004133358e-02	2.786807774338618052e-02	7.136218942621208594e-02
1.054633906576851814e+03	2.721724684262286087e-01	1.731739779522364631e-01	2.409752518374088937e-01	1.449224248598977305e-01	6.937839161304358571e-02	2.791109707715074342e-02	7.146638823389736550e-02
1.057052791683679516e+03	2.717808580580709510e-01	1.729065527409912595e-01	2.412570304520519626e-01	1.450883355096790062e-01	6.944288929851141767e-02	2.795403298961569513e-02	7.157030095094302213e-02
1.059471676790506763e+03	2.713903550023351596e-01	1.726398835829316691e-01	2.415379887470444631e-01	1.452537603019142531e-01	6.950719861294397950e-02	2.799688544443163993e-02	7.167392830826214978e-02
1.061890561897334692e+03	2.710009561035038317e-01	1.723739683424212188e-01	2.418181290574647202e-01	1.454187008037138573e-01	6.957132024940816672e-02	2.803965440748539331e-02	7.177727103586611923e-02
1.064309447004162394e+03	2.706126582155967686e-01	1.721088048895317024e-01	2.420974537117389358e-01	1.455831585757093594e-01	6.963525489756051956e-02	2.808233984687732304e-02	7.188032986284866033e-02
1.066728332110990095e+03	2.702254582021257345e-01	1.718443911000409885e-01	2.423759650316610059e-01	1.457471351720975583e-01	6.969900324366895550e-02	2.812494173289887753e-02	7.198310551737015228e-02
1.069147217217817570e+03	2.698393529360503251e-01	1.715807248554301334e-01	2.426536653324122550e-01	1.459106321406837548e-01	6.976256597063423825e-02	2.816746003801026341e-02	7.208559872664230261e-02
1.071566102324645271e+03	2.694543392997344466e-01	1.713178040428801896e-01	2.429305569225810590e-01	1.460736510229246332e-01	6.982594375801143283e-02	2.820989473681831741e-02	7.218781021691318689e-02
1.073984987431472746e+03	2.690704141849032394e-01	1.710556265552684585e-01	2.432066421041825521e-01	1.462361933539706726e-01	6.988913728203106912e-02	2.825224580605455865e-02	7.228974071345266317e-02
1.076403872538300675e+03	2.686875744926012777e-01	1.707941902911643550e-01	2.434819231726778610e-01	1.463982606627080574e-01	6.995214721562026394e-02	2.829451322455338660e-02	7.239139094053803625e-02
1.078822757645127922e+03	2.683058171331503816e-01	1.705334931548248834e-01	2.437564024169937837e-01	1.465598544718001717e-01	7.001497422842356544e-02	2.833669697323048034e-02	7.249276162144002722e-02
1.081241642751955851e+03	2.679251390261088717e-01	1.702735330561897797e-01	2.440300821195419689e-01	1.467209762977284560e-01	7.007761898682372814e-02	2.837879703506135387e-02	7.259385347840918712e-02
1.083660527858783553e+03	2.675455371002311566e-01	1.700143079108761002e-01	2.443029645562381502e-01	1.468816276508330687e-01	7.014008215396232149e-02	2.842081339506008844e-02	7.269466723266249097e-02
1.086079412965611255e+03	2.671670082934278212e-01	1.697558156401724749e-01	2.445750519965214087e-01	1.470418100353529378e-01	7.020236438976014404e-02	2.846274604025822788e-02	7.279520360437032045e-02
1.088498298072438729e+03	2.667895495527264349e-01	1.694980541710332245e-01	2.448463467033731855e-01	1.472015249494654232e-01	7.026446635093755444e-02	2.850459495968384743e-02	7.289546331264373791e-02
1.090917183179266431e+03	2.664131578342323614e-01	1.692410214360718645e-01	2.451168509333364054e-01	1.473607738853254800e-01	7.032638869103456647e-02	2.854636014434077870e-02	7.299544707552198253e-02
1.093336068286093905e+03	2.660378301030910109e-01	1.689847153735543894e-01	2.453865669365342950e-01	1.475195583291045442e-01	7.038813206043091630e-02	2.858804158718802196e-02	7.309515560996032724e-02
1.095754953392921607e+03	2.656635633334497593e-01	1.687291339273922497e-01	2.456554969566893121e-01	1.476778797610288352e-01	7.044969710636579674e-02	2.862963928311930764e-02	7.319458963181825484e-02
1.098173838499749309e+03	2.652903545084208115e-01	1.684742750471350803e-01	2.459236432311419918e-01	1.478357396554173808e-01	7.051108447295766080e-02	2.867115322894282087e-02	7.329374985584780067e-02
1.100592723606577010e+03	2.649182006200445083e-01	1.682201366879629567e-01	2.461910079908695426e-01	1.479931394807195155e-01	7.057229480122367837e-02	2.871258342336109257e-02	7.339263699568226995e-02
1.103011608713404712e+03	2.645470986692527449e-01	1.679667168106786512e-01	2.464575934605046370e-01	1.481500806995520725e-01	7.063332872909922067e-02	2.875392986695106748e-02	7.349125176382517721e-02
1.105430493820231959e+03	2.641770456658333321e-01	1.677140133816993617e-01	2.467234018583539523e-01	1.483065647687360766e-01	7.069418689145710866e-02	2.879519256214429015e-02	7.358959487163949098e-02
1.107849378927059888e+03	2.638080386283944700e-01	1.674620243730482461e-01	2.469884353964165724e-01	1.484625931393332154e-01	7.075486992012669507e-02	2.883637151320730951e-02	7.368766702933707280e-02
1.110268264033887590e+03	2.634400745843298308e-01	1.672107477623458738e-01	2.472526962804026673e-01	1.486181672566817547e-01	7.081537844391290470e-02	2.887746672622219096e-02	7.378546894596840766e-02
1.112687149140715292e+03	2.630731505697838646e-01	1.669601815328011774e-01	2.475161867097515622e-01	1.487732885604321487e-01	7.087571308861502495e-02	2.891847820906721586e-02	7.388300132941263976e-02
1.115106034247542766e+03	2.627072636296176045e-01	1.667103236732023486e-01	2.477789088776503057e-01	1.489279584845823734e-01	7.093587447704546856e-02	2.895940597139772671e-02	7.398026488636777476e-02
1.117524919354370468e+03	2.623424108173751379e-01	1.664611721779075959e-01	2.480408649710517388e-01	1.490821784575125653e-01	7.099586322904828661e-02	2.900025002462713192e-02	7.407726032234114577e-02
1.119943804461197942e+03	2.619785891952497447e-01	1.662127250468354023e-01	2.483020571706927859e-01	1.492359499020197988e-01	7.105567996151762600e-02	2.904101038190806325e-02	7.417398834164014298e-02
1.122362689568025871e+03	2.616157958340512568e-01	1.659649802854548384e-01	2.485624876511124959e-01	1.493892742353520320e-01	7.111532528841602030e-02	2.908168705811368590e-02	7.427044964736316535e-02
1.124781574674853118e+03	2.612540278131731952e-01	1.657179359047756539e-01	2.488221585806701108e-01	1.495421528692420232e-01	7.117479982079256973e-02	2.912228006981916473e-02	7.436664494139078041e-02
1.127200459781681047e+03	2.608932822205604074e-01	1.654715899213379526e-01	2.490810721215629409e-01	1.496945872099407215e-01	7.123410416680095447e-02	2.916278943528327616e-02	7.446257492437716174e-02
1.129619344888508749e+03	2.605335561526772037e-01	1.652259403572021168e-01	2.493392304298445161e-01	1.498465786582504067e-01	7.129323893171735094e-02	2.920321517443017628e-02	7.455824029574167899e-02
1.132038229995336451e+03	2.601748467144756050e-01	1.649809852399380661e-01	2.495966356554421284e-01	1.499981286095574129e-01	7.135220471795818142e-02	2.924355730883131457e-02	7.465364175366077937e-02
1.134457115102163925e+03	2.598171510193640343e-01	1.647367226026147935e-01	2.498532899421748166e-01	1.501492384538646307e-01	7.141100212509776668e-02	2.928381586168750730e-02	7.474877999505996629e-02
1.136876000208991627e+03	2.594604661891762309e-01	1.644931504837894298e-01	2.501091954277711027e-01	1.502999095758236203e-01	7.146963174988581191e-02	2.932399085781114273e-02	7.484365571560620822e-02
1.139294885315819101e+03	2.591047893541406077e-01	1.642502669274963634e-01	2.503643542438865333e-01	1.504501433547663358e-01	7.152809418626485116e-02	2.936408232360853895e-02	7.493826960970026430e-02
1.141713770422646803e+03	2.587501176528498870e-01	1.640080699832361377e-01	2.506187685161213596e-01	1.505999411647367114e-01	7.158639002538744189e-02	2.940409028706244751e-02	7.503262237046944005e-02
1.144132655529474505e+03	2.583964482322310130e-01	1.637665577059641553e-01	2.508724403640381628e-01	1.507493043745216643e-01	7.164451985563333181e-02	2.944401477771470613e-02	7.512671468976046818e-02
1.146551540636302207e+03	2.580437782475150099e-01	1.635257281560793252e-01	2.511253719011790619e-01	1.508982343476820420e-01	7.170248426262644525e-02	2.948385582664903373e-02	7.522054725813256959e-02
1.148970425743129908e+03	2.576921048622078381e-01	1.632855793994126281e-01	2.513775652350833112e-01	1.510467324425832092e-01	7.176028382925178639e-02	2.952361346647395732e-02	7.531412076485069496e-02
1.151389310849957155e+03	2.573414252480607511e-01	1.630461095072155697e-01	2.516290224673048970e-01	1.511948000124252178e-01	7.181791913567220353e-02	2.956328773130589491e-02	7.540743589787897438e-02
1.153808195956785084e+03	2.569917365850414304e-01	1.628073165561482460e-01	2.518797456934292467e-01	1.513424384052727834e-01	7.187539075934502864e-02	2.960287865675237384e-02	7.550049334387440303e-02
1.156227081063612786e+03	2.566430360613051187e-01	1.625691986282677415e-01	2.521297370030910479e-01	1.514896489640848998e-01	7.193269927503859185e-02	2.964238627989539132e-02	7.559329378818060996e-02
1.158645966170440488e+03	2.562953208731663657e-01	1.623317538110161662e-01	2.523789984799911235e-01	1.516364330267443439e-01	7.198984525484859731e-02	2.968181063927489288e-02	7.568583791482190459e-02
1.161064851277267962e+03	2.559485882250702726e-01	1.620949801972085269e-01	2.526275322019136960e-01	1.517827919260865410e-01	7.204682926821444344e-02	2.972115177487243826e-02	7.577812640649739251e-02
1.163483736384095664e+03	2.556028353295648481e-01	1.618588758850207088e-01	2.528753402407434847e-01	1.519287269899285420e-01	7.210365188193540442e-02	2.976040972809493312e-02	7.587015994457536883e-02
1.165902621490923138e+03	2.552580594072730302e-01	1.616234389779772629e-01	2.531224246624824703e-01	1.520742395410975001e-01	7.216031366018664517e-02	2.979958454175857252e-02	7.596193920908779484e-02
1.168321506597751068e+03	2.549142576868650978e-01	1.613886675849391106e-01	2.533687875272671031e-01	1.522193308974589265e-01	7.221681516453515304e-02	2.983867626007286056e-02	7.605346487872501060e-02
1.170740391704578315e+03	2.545714274050312476e-01	1.611545598200912199e-01	2.536144308893851229e-01	1.523640023719446956e-01	7.227315695395557238e-02	2.987768492862479322e-02	7.614473763083057234e-02
1.173159276811406244e+03	2.542295658064546715e-01	1.609211138029301436e-01	2.538593567972924903e-01	1.525082552725806895e-01	7.232933958484590031e-02	2.991661059436317646e-02	7.623575814139624263e-02
1.175578161918233945e+03	2.538886701437842452e-01	1.606883276582514730e-01	2.541035672936299283e-01	1.526520909025143313e-01	7.238536361104311312e-02	2.995545330558304492e-02	7.632652708505713313e-02
1.177997047025061647e+03	2.535487376776081048e-01	1.604561995161374321e-01	2.543470644152400206e-01	1.527955105600417862e-01	7.244122958383858446e-02	2.999421311191025410e-02	7.641704513508706942e-02
1.180415932131889122e+03	2.532097656764270566e-01	1.602247275119439984e-01	2.545898501931835867e-01	1.529385155386348283e-01	7.249693805199353136e-02	3.003289006428617666e-02	7.650731296339403908e-02
1.182834817238716823e+03	2.528717514166281544e-01	1.599939097862884685e-01	2.548319266527565019e-01	1.530811071269676804e-01	7.255248956175421038e-02	3.007148421495253396e-02	7.659733124051575082e-02
1.185253702345544298e+03	2.525346921824583868e-01	1.597637444850365240e-01	2.550732958135062955e-01	1.532232866089432433e-01	7.260788465686705828e-02	3.010999561743635602e-02	7.668710063561549883e-02
1.187672587452371999e+03	2.521985852659990868e-01	1.595342297592894920e-01	2.553139596892483598e-01	1.533650552637195463e-01	7.266312387859380495e-02	3.014842432653507334e-02	7.677662181647798567e-02
1.190091472559199701e+03	2.518634279671400078e-01	1.593053637653715771e-01	2.555539202880827698e-01	1.535064143657355606e-01	7.271820776572637812e-02	3.018677039830172312e-02	7.686589544950538089e-02
1.192510357666027403e+03	2.515292175935534558e-01	1.590771446648168719e-01	2.557931796124106039e-01	1.536473651847369004e-01	7.277313685460166937e-02	3.022503389003030477e-02	7.695492219971357406e-02
1.194929242772855105e+03	2.511959514606692534e-01	1.588495706243565064e-01	2.560317396589502081e-01	1.537879089858013859e-01	7.282791167911635555e-02	3.026321486024122903e-02	7.704370273072837227e-02
1.197348127879682352e+03	2.508636268916493717e-01	1.586226398159056028e-01	2.562696024187536281e-01	1.539280470293643011e-01	7.288253277074142888e-02	3.030131336866691630e-02	7.713223770478204455e-02
1.199767012986510281e+03	2.505322412173626168e-01	1.583963504165502856e-01	2.565067698772228733e-01	1.540677805712433457e-01	7.293700065853676862e-02	3.033932947623750945e-02	7.722052778270989404e-02
1.202185898093337983e+03	2.502017917763599830e-01	1.581707006085346368e-01	2.567432440141260153e-01	1.542071108626635045e-01	7.299131586916551839e-02	3.037726324506670461e-02	7.730857362394694121e-02
1.204604783200165684e+03	2.498722759148498396e-01	1.579456885792476784e-01	2.569790268036134528e-01	1.543460391502815832e-01	7.304547892690839428e-02	3.041511473843769991e-02	7.739637588652477362e-02
1.207023668306993159e+03	2.495436909866730890e-01	1.577213125212101330e-01	2.572141202142338989e-01	1.544845666762105774e-01	7.309949035367789560e-02	3.045288402078929341e-02	7.748393522706853442e-02
1.209442553413820860e+03	2.492160343532790756e-01	1.574975706320614621e-01	2.574485262089505899e-01	1.546226946780438760e-01	7.315335066903240480e-02	3.049057115770205037e-02	7.757125230079393863e-02
1.211861438520648335e+03	2.488893033837010771e-01	1.572744611145465987e-01	2.576822467451572729e-01	1.547604243888791031e-01	7.320706039019019007e-02	3.052817621588463370e-02	7.765832776150455308e-02
1.214280323627476264e+03	2.485634954545321573e-01	1.570519821765027912e-01	2.579152837746940263e-01	1.548977570373417934e-01	7.326062003204331097e-02	3.056569926316024186e-02	7.774516226158904864e-02
1.216699208734303511e+03	2.482386079499012133e-01	1.568301320308464475e-01	2.581476392438633582e-01	1.550346938476090952e-01	7.331403010717141289e-02	3.060314036845314389e-02	7.783175645201870219e-02
1.219118093841131440e+03	2.479146382614490773e-01	1.566089088955599229e-01	2.583793150934458605e-01	1.551712360394328361e-01	7.336729112585546608e-02	3.064049960177534296e-02	7.791811098234491251e-02
1.221536978947959142e+03	2.475915837883048143e-01	1.563883109936781701e-01	2.586103132587161957e-01	1.553073848281628366e-01	7.342040359609131039e-02	3.067777703421337848e-02	7.800422650069681330e-02
1.223955864054786844e+03	2.472694419370620733e-01	1.561683365532756107e-01	2.588406356694586963e-01	1.554431414247696153e-01	7.347336802360324159e-02	3.071497273791519433e-02	7.809010365377912211e-02
1.226374749161614318e+03	2.469482101217557457e-01	1.559489838074528956e-01	2.590702842499832959e-01	1.555785070358671751e-01	7.352618491185736183e-02	3.075208678607715962e-02	7.817574308686994766e-02
1.228793634268442020e+03	2.466278857638386224e-01	1.557302509943235547e-01	2.592992609191410169e-01	1.557134828637355140e-01	7.357885476207495778e-02	3.078911925293118662e-02	7.826114544381880533e-02
1.231212519375269494e+03	2.463084662921580237e-01	1.555121363570008408e-01	2.595275675903396251e-01	1.558480701063428842e-01	7.363137807324569850e-02	3.082607021373197018e-02	7.834631136704466037e-02
1.233631404482097196e+03	2.459899491429329843e-01	1.552946381435842405e-01	2.597552061715592275e-01	1.559822699573680249e-01	7.368375534214074984e-02	3.086293974474431379e-02	7.843124149753419316e-02
1.236050289588924898e+03	2.456723317597311329e-01	1.550777546071464563e-01	2.599821785653677608e-01	1.561160836062219781e-01	7.373598706332586128e-02	3.089972792323060491e-02	7.851593647483993965e-02
1.238469174695752372e+03	2.453556115934459880e-01	1.548614840057199182e-01	2.602084866689365894e-01	1.562495122380697932e-01	7.378807372917429996e-02	3.093643482743836312e-02	7.860039693707880637e-02
1.240888059802580301e+03	2.450397861022741708e-01	1.546458246022835437e-01	2.604341323740557157e-01	1.563825570338522875e-01	7.384001582987968770e-02	3.097306053658791664e-02	7.868462352093048839e-02
1.243306944909407548e+03	2.447248527516928673e-01	1.544307746647495261e-01	2.606591175671492122e-01	1.565152191703071960e-01	7.389181385346879627e-02	3.100960513086017944e-02	7.876861686163602605e-02
1.245725830016235477e+03	2.444108090144373746e-01	1.542163324659499846e-01	2.608834441292908202e-01	1.566474998199905155e-01	7.394346828581420394e-02	3.104606869138454295e-02	7.885237759299643101e-02
1.248144715123063179e+03	2.440976523704786738e-01	1.540024962836236133e-01	2.611071139362189375e-01	1.567794001512974322e-01	7.399497961064688267e-02	3.108245130022685779e-02	7.893590634737152056e-02
1.250563600229890881e+03	2.437853803070013370e-01	1.537892644004024423e-01	2.613301288583518844e-01	1.569109213284833326e-01	7.404634830956872971e-02	3.111875304037754753e-02	7.901920375567871024e-02
1.252982485336718355e+03	2.434739903183812670e-01	1.535766351037987087e-01	2.615524907608031691e-01	1.570420645116842318e-01	7.409757486206493271e-02	3.115497399573979864e-02	7.910227044739190361e-02
1.255401370443546057e+03	2.431634799061637431e-01	1.533646066861913404e-01	2.617742015033966974e-01	1.571728308569375065e-01	7.414865974551632100e-02	3.119111425111786157e-02	7.918510705054054855e-02
1.257820255550373531e+03	2.428538465790414380e-01	1.531531774448128547e-01	2.619952629406818168e-01	1.573032215162021019e-01	7.419960343521160573e-02	3.122717389220548007e-02	7.926771419170873523e-02
1.260239140657201460e+03	2.425450878528326859e-01	1.529423456817360083e-01	2.622156769219483596e-01	1.574332376373787368e-01	7.425040640435953687e-02	3.126315300557438309e-02	7.935009249603430792e-02
1.262658025764028707e+03	2.422372012504598326e-01	1.527321097038606135e-01	2.624354452912416868e-01	1.575628803643299158e-01	7.430106912410092135e-02	3.129905167866290500e-02	7.943224258720818498e-02
1.265076910870856636e+03	2.419301843019274201e-01	1.525224678229002706e-01	2.626545698873775647e-01	1.576921508368997471e-01	7.435159206352068284e-02	3.133486999976469595e-02	7.951416508747365108e-02
1.267495795977684338e+03	2.416240345443009252e-01	1.523134183553691845e-01	2.628730525439572641e-01	1.578210501909336760e-01	7.440197568965969954e-02	3.137060805801755031e-02	7.959586061762581599e-02
1.269914681084511813e+03	2.413187495216852219e-01	1.521049596225688416e-01	2.630908950893822151e-01	1.579495795582979700e-01	7.445222046752662803e-02	3.140626594339229055e-02	7.967732979701100393e-02
1.272333566191339514e+03	2.410143267852032922e-01	1.518970899505749372e-01	2.633080993468689401e-01	1.580777400668990640e-01	7.450232686010967165e-02	3.144184374668181070e-02	7.975857324352642053e-02
1.274752451298167216e+03	2.407107638929750770e-01	1.516898076702241083e-01	2.635246671344640412e-01	1.582055328407028227e-01	7.455229532838819617e-02	3.147734155949015455e-02	7.983959157361976422e-02
1.277171336404994690e+03	2.404080584100962703e-01	1.514831111171008604e-01	2.637406002650585224e-01	1.583329589997535813e-01	7.460212633134430393e-02	3.151275947422173956e-02	7.992038540228886545e-02
1.279590221511822392e+03	2.401062079086173084e-01	1.512769986315242454e-01	2.639559005464029995e-01	1.584600196601930466e-01	7.465182032597432460e-02	3.154809758407065706e-02	8.000095534308153400e-02
1.282009106618650094e+03	2.398052099675226090e-01	1.510714685585348438e-01	2.641705697811219111e-01	1.585867159342791155e-01	7.470137776730023660e-02	3.158335598301004882e-02	8.008130200809536470e-02
1.284427991725477568e+03	2.395050621727094764e-01	1.508665192478816086e-01	2.643846097667283401e-01	1.587130489304044156e-01	7.475079910838094976e-02	3.161853476578163624e-02	8.016142600797765416e-02
1.286846876832305497e+03	2.392057621169675630e-01	1.506621490540088204e-01	2.645980222956386685e-01	1.588390197531147630e-01	7.480008480032364349e-02	3.165363402788526348e-02	8.024132795192541467e-02
1.289265761939132744e+03	2.389073073999580521e-01	1.504583563360429588e-01	2.648108091551868437e-01	1.589646295031275636e-01	7.484923529229484118e-02	3.168865386556862090e-02	8.032100844768536030e-02
1.291684647045960673e+03	2.386096956281931469e-01	1.502551394577795740e-01	2.650229721276390338e-01	1.590898792773499104e-01	7.489825103153156804e-02	3.172359437581696862e-02	8.040046810155405954e-02
1.294103532152788375e+03	2.383129244150157255e-01	1.500524967876703530e-01	2.652345129902080600e-01	1.592147701688967354e-01	7.494713246335230061e-02	3.175845565634304729e-02	8.047970751837806025e-02
1.296522417259616077e+03	2.380169913805786908e-01	1.498504266988100186e-01	2.654454335150678301e-01	1.593393032671085729e-01	7.499588003116802737e-02	3.179323780557699597e-02	8.055872730155416717e-02
1.298941302366443551e+03	2.377218941518248196e-01	1.496489275689233400e-01	2.656557354693676598e-01	1.594634796575694069e-01	7.504449417649297627e-02	3.182794092265639474e-02	8.063752805302973337e-02
1.301360187473271253e+03	2.374276303624664464e-01	1.494479977803521709e-01	2.658654206152465393e-01	1.595873004221243507e-01	7.509297533895549492e-02	3.186256510741643927e-02	8.071611037330295169e-02
1.303779072580098727e+03	2.371341976529653672e-01	1.492476357200424597e-01	2.660744907098473999e-01	1.597107666388970226e-01	7.514132395630869488e-02	3.189711046038012227e-02	8.079447486142334045e-02
1.306197957686926657e+03	2.368415936705127456e-01	1.490478397795313714e-01	2.662829475053314354e-01	1.598338793823069759e-01	7.518954046444117911e-02	3.193157708274856066e-02	8.087262211499213205e-02
1.308616842793753904e+03	2.365498160690091278e-01	1.488486083549343530e-01	2.664907927488922024e-01	1.599566397230869075e-01	7.523762529738753368e-02	3.196596507639141299e-02	8.095055273016285580e-02
1.311035727900581833e+03	2.362588625090445149e-01	1.486499398469321720e-01	2.666980281827698862e-01	1.600790487282998387e-01	7.528557888733883319e-02	3.200027454383733150e-02	8.102826730164185143e-02
1.313454613007409534e+03	2.359687306578785448e-01	1.484518326607581207e-01	2.669046555442652346e-01	1.602011074613559072e-01	7.533340166465309073e-02	3.203450558826454603e-02	8.110576642268896297e-02
1.315873498114237009e+03	2.356794181894207307e-01	1.482542852061852212e-01	2.671106765657537685e-01	1.603228169820294646e-01	7.538109405786555528e-02	3.206865831349152429e-02	8.118305068511817713e-02
1.318292383221064711e+03	2.353909227842107543e-01	1.480572958975132913e-01	2.673160929746996595e-01	1.604441783464755911e-01	7.542865649369906444e-02	3.210273282396773620e-02	8.126012067929834493e-02
1.320711268327892412e+03	2.351032421293988983e-01	1.478608631535562601e-01	2.675209064936698855e-01	1.605651926072467484e-01	7.547608939707417530e-02	3.213672922476443899e-02	8.133697699415401439e-02
1.323130153434719887e+03	2.348163739187265342e-01	1.476649853976293447e-01	2.677251188403480531e-01	1.606858608133093502e-01	7.552339319111936455e-02	3.217064762156562202e-02	8.141362021716619379e-02
1.325549038541547588e+03	2.345303158525066101e-01	1.474696610575363109e-01	2.679287317275482749e-01	1.608061840100599993e-01	7.557056829718099278e-02	3.220448812065899308e-02	8.149005093437329539e-02
1.327967923648375290e+03	2.342450656376043050e-01	1.472748885655568163e-01	2.681317468632291035e-01	1.609261632393417518e-01	7.561761513483343522e-02	3.223825082892703420e-02	8.156626973037199579e-02
1.330386808755202765e+03	2.339606209874177389e-01	1.470806663584337259e-01	2.683341659505073529e-01	1.610457995394602992e-01	7.566453412188890726e-02	3.227193585383818925e-02	8.164227718831827685e-02
1.332805693862030694e+03	2.336769796218586548e-01	1.468869928773603173e-01	2.685359906876718661e-01	1.611650939451998443e-01	7.571132567440737315e-02	3.230554330343807234e-02	8.171807388992841092e-02
1.335224578968857941e+03	2.333941392673333504e-01	1.466938665679678455e-01	2.687372227681971704e-01	1.612840474878391439e-01	7.575799020670630213e-02	3.233907328634081507e-02	8.179366041547998789e-02
1.337643464075685870e+03	2.331120976567235270e-01	1.465012858803128593e-01	2.689378638807571331e-01	1.614026611951671353e-01	7.580452813137043833e-02	3.237252591172043448e-02	8.186903734381309472e-02
1.340062349182513572e+03	2.328308525293672493e-01	1.463092492688645441e-01	2.691379157092390062e-01	1.615209360914987013e-01	7.585093985926141813e-02	3.240590128930234681e-02	8.194420525233139796e-02
1.342481234289341273e+03	2.325504016310400435e-01	1.461177551924923435e-01	2.693373799327564155e-01	1.616388731976901305e-01	7.589722579952738746e-02	3.243919952935488821e-02	8.201916471700339273e-02
1.344900119396168748e+03	2.322707427139360237e-01	1.459268021144533023e-01	2.695362582256635720e-01	1.617564735311546598e-01	7.594338635961248030e-02	3.247242074268097412e-02	8.209391631236358233e-02
1.347319004502996449e+03	2.319918735366489349e-01	1.457363885023796601e-01	2.697345522575683718e-01	1.618737381058776292e-01	7.598942194526633886e-02	3.250556504060979346e-02	8.216846061151379665e-02
1.349737889609823924e+03	2.317137918641535566e-01	1.455465128282663889e-01	2.699322636933460529e-01	1.619906679324319143e-01	7.603533296055349500e-02	3.253863253498862768e-02	8.224279818612445503e-02
1.352156774716651853e+03	2.314364954677869679e-01	1.453571735684587030e-01	2.701293941931526832e-01	1.621072640179928304e-01	7.608111980786266826e-02	3.257162333817465588e-02	8.231692960643595403e-02
1.354575659823479100e+03	2.311599821252298959e-01	1.451683692036397078e-01	2.703259454124385397e-01	1.622235273663532873e-01	7.612678288791607795e-02	3.260453756302695433e-02	8.239085544126004135e-02
1.356994544930307029e+03	2.308842496204881467e-01	1.449800982188180487e-01	2.705219190019614306e-01	1.623394589779386388e-01	7.617232259977860243e-02	3.263737532289846116e-02	8.246457625798123137e-02
1.359413430037134731e+03	2.306092957438741764e-01	1.447923591033154489e-01	2.707173166078001292e-01	1.624550598498214482e-01	7.621773934086693847e-02	3.267013673162811466e-02	8.253809262255827617e-02
1.361832315143962205e+03	2.303351182919886886e-01	1.446051503507546909e-01	2.709121398713676410e-01	1.625703309757361714e-01	7.626303350695871897e-02	3.270282190353297064e-02	8.261140509952569211e-02
1.364251200250789907e+03	2.300617150677022049e-01	1.444184704590469603e-01	2.711063904294244709e-01	1.626852733460938394e-01	7.630820549220147797e-02	3.273543095340046560e-02	8.268451425199520310e-02
1.366670085357617609e+03	2.297890838801367186e-01	1.442323179303798553e-01	2.713000699140918903e-01	1.627998879479964633e-01	7.635325568912160188e-02	3.276796399648069374e-02	8.275742064165741985e-02
1.369088970464445310e+03	2.295172225446476533e-01	1.440466912712050629e-01	2.714931799528649825e-01	1.629141757652514955e-01	7.639818448863328060e-02	3.280042114847882967e-02	8.283012482878332472e-02
1.371507855571272785e+03	2.292461288828054611e-01	1.438615889922262303e-01	2.716857221686260759e-01	1.630281377783860675e-01	7.644299228004729219e-02	3.283280252554753725e-02	8.290262737222599265e-02
1.373926740678100487e+03	2.289758007223777203e-01	1.436770096083867521e-01	2.718776981796575121e-01	1.631417749646611737e-01	7.648767945107977362e-02	3.286510824427951727e-02	8.297492882942221482e-02
1.376345625784927961e+03	2.287062358973109277e-01	1.434929516388577242e-01	2.720691095996549125e-01	1.632550882980858542e-01	7.653224638786099154e-02	3.289733842170006889e-02	8.304702975639419171e-02
1.378764510891755890e+03	2.284374322477126240e-01	1.433094136070256763e-01	2.722599580377402795e-01	1.633680787494311004e-01	7.657669347494394652e-02	3.292949317525981079e-02	8.311893070775125403e-02
1.381183395998583137e+03	2.281693876198334081e-01	1.431263940404807478e-01	2.724502450984747637e-01	1.634807472862438715e-01	7.662102109531297722e-02	3.296157262282732592e-02	8.319063223669161122e-02
1.383602281105411066e+03	2.279020998660490349e-01	1.429438914710044750e-01	2.726399723818718757e-01	1.635930948728608059e-01	7.666522963039232308e-02	3.299357688268202832e-02	8.326213489500416953e-02
1.386021166212238768e+03	2.276355668448427350e-01	1.427619044345578014e-01	2.728291414834102535e-01	1.637051224704220154e-01	7.670931946005456192e-02	3.302550607350700218e-02	8.333343923307030832e-02
1.388440051319066470e+03	2.273697864207873676e-01	1.425804314712692256e-01	2.730177539940465969e-01	1.638168310368847691e-01	7.675329096262911710e-02	3.305736031438192418e-02	8.340454579986575356e-02
1.390858936425893944e+03	2.271047564645277406e-01	1.423994711254227274e-01	2.732058115002284349e-01	1.639282215270368437e-01	7.679714451491050087e-02	3.308913972477609683e-02	8.347545514296238200e-02
1.393277821532721646e+03	2.268404748527630133e-01	1.422190219454459448e-01	2.733933155839071705e-01	1.640392948925102623e-01	7.684088049216673821e-02	3.312084442454148875e-02	8.354616780853016400e-02
1.395696706639549120e+03	2.265769394682291271e-01	1.420390824838982657e-01	2.735802678225504603e-01	1.641500520817944231e-01	7.688449926814754087e-02	3.315247453390586518e-02	8.361668434133910643e-02
1.398115591746377049e+03	2.263141481996812920e-01	1.418596512974589496e-01	2.737666697891554812e-01	1.642604940402494218e-01	7.692800121509257849e-02	3.318403017346599482e-02	8.368700528476114009e-02
1.400534476853204296e+03	2.260520989418764448e-01	1.416807269469154140e-01	2.739525230522610322e-01	1.643706217101194023e-01	7.697138670373955549e-02	3.321551146418091210e-02	8.375713118077209030e-02
1.402953361960032225e+03	2.257907895955560407e-01	1.415023079971512998e-01	2.741378291759608010e-01	1.644804360305454072e-01	7.701465610333232958e-02	3.324691852736524900e-02	8.382706256995373084e-02
1.405372247066859927e+03	2.255302180674285117e-01	1.413243930171348972e-01	2.743225897199154106e-01	1.645899379375786453e-01	7.705780978162897477e-02	3.327825148468262217e-02	8.389679999149574074e-02
1.407791132173687402e+03	2.252703822701521419e-01	1.411469805799072663e-01	2.745068062393655195e-01	1.646991283641933146e-01	7.710084810490969165e-02	3.330951045813906192e-02	8.396634398319779979e-02
1.410210017280515103e+03	2.250112801223176640e-01	1.409700692625707186e-01	2.746904802851440341e-01	1.648080082402994251e-01	7.714377143798478720e-02	3.334069557007655199e-02	8.403569508147160083e-02
1.412628902387342805e+03	2.247529095484313011e-01	1.407936576462769096e-01	2.748736134036887657e-01	1.649165784927556222e-01	7.718658014420254343e-02	3.337180694316661117e-02	8.410485382134295917e-02
1.415047787494170507e+03	2.244952684788974751e-01	1.406177443162154872e-01	2.750562071370549200e-01	1.650248400453818987e-01	7.722927458545703061e-02	3.340284470040391640e-02	8.417382073645394980e-02
1.417466672600997981e+03	2.242383548500018475e-01	1.404423278616024062e-01	2.752382630229274207e-01	1.651327938189721678e-01	7.727185512219585106e-02	3.343380896510002309e-02	8.424259635906497512e-02
1.419885557707825683e+03	2.239821666038941950e-01	1.402674068756682713e-01	2.754197825946335665e-01	1.652404407313067536e-01	7.731432211342788297e-02	3.346469986087708542e-02	8.431118122005697157e-02
1.422304442814653157e+03	2.237267016885715887e-01	1.400929799556469013e-01	2.756007673811550762e-01	1.653477816971649084e-01	7.735667591673096866e-02	3.349551751166173624e-02	8.437957584893351903e-02
1.424723327921481086e+03	2.234719580578614362e-01	1.399190457027637835e-01	2.757812189071408571e-01	1.654548176283371641e-01	7.739891688825947802e-02	3.352626204167891144e-02	8.444778077382311676e-02
1.427142213028308333e+03	2.232179336714045781e-01	1.397456027222246933e-01	2.759611386929187171e-01	1.655615494336376559e-01	7.744104538275188576e-02	3.355693357544582006e-02	8.451579652148132060e-02
1.429561098135136262e+03	2.229646264946386902e-01	1.395726496232041758e-01	2.761405282545082995e-01	1.656679780189163065e-01	7.748306175353830705e-02	3.358753223776593522e-02	8.458362361729297729e-02
1.431979983241963964e+03	2.227120344987812972e-01	1.394001850188342495e-01	2.763193891036327954e-01	1.657741042870709003e-01	7.752496635254792212e-02	3.361805815372306133e-02	8.465126258527452818e-02
1.434398868348791666e+03	2.224601556608132025e-01	1.392282075261928320e-01	2.764977227477313226e-01	1.658799291380592955e-01	7.756675953031644255e-02	3.364851144867542221e-02	8.471871394807620193e-02
1.436817753455619140e+03	2.222089879634619181e-01	1.390567157662925823e-01	2.766755306899712497e-01	1.659854534689113315e-01	7.760844163599341095e-02	3.367889224824985317e-02	8.478597822698434594e-02
1.439236638562446842e+03	2.219585293951850669e-01	1.388857083640695766e-01	2.768528144292601301e-01	1.660906781737407079e-01	7.765001301734955619e-02	3.370920067833603484e-02	8.485305594192370238e-02
1.441655523669274316e+03	2.217087779501536182e-01	1.387151839483719840e-01	2.770295754602577487e-01	1.661956041437569476e-01	7.769147402078403764e-02	3.373943686508074080e-02	8.491994761145975346e-02
1.444074408776102018e+03	2.214597316282357065e-01	1.385451411519488252e-01	2.772058152733882785e-01	1.663002322672770816e-01	7.773282499133167545e-02	3.376960093488222403e-02	8.498665375280101131e-02
1.446493293882929493e+03	2.212113884349801440e-01	1.383755786114387876e-01	2.773815353548523821e-01	1.664045634297373621e-01	7.777406627267012540e-02	3.379969301438457557e-02	8.505317488180136332e-02
1.448912178989757422e+03	2.209637463815999903e-01	1.382064949673590948e-01	2.775567371866391464e-01	1.665085985137048363e-01	7.781519820712699820e-02	3.382971323047218731e-02	8.511951151296248685e-02
1.451331064096585123e+03	2.207168034849561755e-01	1.380378888640942103e-01	2.777314222465379068e-01	1.666123383988890316e-01	7.785622113568689551e-02	3.385966171026426330e-02	8.518566415943619463e-02
1.453749949203412370e+03	2.204705577675413752e-01	1.378697589498848741e-01	2.779055920081503483e-01	1.667157839621533910e-01	7.789713539799850150e-02	3.388953858110937967e-02	8.525163333302683555e-02
1.456168834310240300e+03	2.202250072574636064e-01	1.377021038768169447e-01	2.780792479409022189e-01	1.668189360775266805e-01	7.793794133238152178e-02	3.391934397058007228e-02	8.531741954419368168e-02
1.458587719417068001e+03	2.199801499884302403e-01	1.375349223008102972e-01	2.782523915100554301e-01	1.669217956162142302e-01	7.797863927583363608e-02	3.394907800646752155e-02	8.538302330205335688e-02
1.461006604523895703e+03	2.197359839997318209e-01	1.373682128816079706e-01	2.784250241767194933e-01	1.670243634466095084e-01	7.801922956403738174e-02	3.397874081677627195e-02	8.544844511438230705e-02
1.463425489630723177e+03	2.194925073362258561e-01	1.372019742827649547e-01	2.785971473978637314e-01	1.671266404343050016e-01	7.805971253136698151e-02	3.400833252971898618e-02	8.551368548761920096e-02
1.465844374737550879e+03	2.192497180483210240e-01	1.370362051716374485e-01	2.787687626263287144e-01	1.672286274421035945e-01	7.810008851089515758e-02	3.403785327371128960e-02	8.557874492686740053e-02
1.468263259844378354e+03	2.190076141919610475e-01	1.368709042193717584e-01	2.789398713108381944e-01	1.673303253300295890e-01	7.814035783439993166e-02	3.406730317736660768e-02	8.564362393589748657e-02
1.470682144951206283e+03	2.187661938286088181e-01	1.367060701008935286e-01	2.791104748960105963e-01	1.674317349553396672e-01	7.818052083237124472e-02	3.409668236949112835e-02	8.570832301714964574e-02
1.473101030058033530e+03	2.185254550252305195e-01	1.365417014948967223e-01	2.792805748223707862e-01	1.675328571725339388e-01	7.822057783401764608e-02	3.412599097907874357e-02	8.577284267173626575e-02
1.475519915164861459e+03	2.182853958542798067e-01	1.363777970838329634e-01	2.794501725263616176e-01	1.676336928333667375e-01	7.826052916727299635e-02	3.415522913530610188e-02	8.583718339944436393e-02
1.477938800271689161e+03	2.180460143936819584e-01	1.362143555539006567e-01	2.796192694403556445e-01	1.677342427868574737e-01	7.830037515880296228e-02	3.418439696752765405e-02	8.590134569873816850e-02
1.480357685378516862e+03	2.178073087268183050e-01	1.360513755950341908e-01	2.797878669926665007e-01	1.678345078793015421e-01	7.834011613401156704e-02	3.421349460527078890e-02	8.596533006676160271e-02
1.482776570485344337e+03	2.175692769425104089e-01	1.358888559008932240e-01	2.799559666075605580e-01	1.679344889542807584e-01	7.837975241704768503e-02	3.424252217823101768e-02	8.602913699934085223e-02
