1.001418434226643626e+03	2.810748268594005506e-01	1.792416350946507142e-01	2.345672479893882723e-01	1.411458538389301354e-01	6.791883281307822817e-02	2.694685551591906314e-02	6.910474788849722827e-02
1.002869765290740247e+03	2.808245779594901737e-01	1.790707682290549885e-01	2.347476227463660692e-01	1.412521464953905848e-01	6.796014847771825185e-02	2.697374004729903921e-02	6.917099604454514383e-02
1.004321096354836754e+03	2.805747541818102708e-01	1.789001913569110147e-01	2.349276826554697328e-01	1.413582508971926166e-01	6.800139027488179277e-02	2.700059494844712568e-02	6.923713568515181549e-02
1.005772427418933376e+03	2.803253547950719238e-01	1.787299039888854135e-01	2.351074282548998029e-01	1.414641674173535146e-01	6.804255837363340498e-02	2.702742019949137126e-02	6.930316697052890662e-02
1.007223758483029997e+03	2.800763790693852617e-01	1.785599056363715298e-01	2.352868600819324196e-01	1.415698964279047123e-01	6.808365294251454702e-02	2.705421578092687476e-02	6.936909006082904450e-02
1.008675089547126618e+03	2.798278262762536328e-01	1.783901958114905151e-01	2.354659786729210724e-01	1.416754382998959561e-01	6.812467414954571920e-02	2.708098167361362371e-02	6.943490511614393290e-02
1.010126420611223239e+03	2.795796956885686635e-01	1.782207740270923269e-01	2.356447845632982929e-01	1.417807934033998574e-01	6.816562216222847581e-02	2.710771785877435711e-02	6.950061229650253414e-02
1.011577751675319632e+03	2.793319865806049296e-01	1.780516397967570330e-01	2.358232782875774314e-01	1.418859621075161392e-01	6.820649714754753457e-02	2.713442431799241092e-02	6.956621176186911226e-02
1.013029082739416367e+03	2.790846982280150157e-01	1.778827926347955057e-01	2.360014603793542387e-01	1.419909447803759384e-01	6.824729927197283053e-02	2.716110103320959826e-02	6.963170367214144285e-02
1.014480413803512761e+03	2.788378299078243527e-01	1.777142320562506428e-01	2.361793313713087261e-01	1.420957417891461905e-01	6.828802870146155612e-02	2.718774798672408607e-02	6.969708818714900889e-02
1.015931744867609382e+03	2.785913808984263884e-01	1.775459575768980336e-01	2.363568917952068027e-01	1.422003535000337104e-01	6.832868560146021508e-02	2.721436516118828919e-02	6.976236546665118277e-02
1.017383075931706003e+03	2.783453504795775912e-01	1.773779687132469585e-01	2.365341421819017742e-01	1.423047802782894944e-01	6.836927013690657917e-02	2.724095253960677129e-02	6.982753567033543607e-02
1.018834406995802851e+03	2.780997379323925101e-01	1.772102649825411380e-01	2.367110830613364247e-01	1.424090224882129663e-01	6.840978247223179765e-02	2.726751010533414246e-02	6.989259895781564647e-02
1.020285738059899245e+03	2.778545425393392221e-01	1.770428459027595103e-01	2.368877149625442935e-01	1.425130804931560025e-01	6.845022277136236788e-02	2.729403784207299136e-02	6.995755548863033524e-02
1.021737069123995752e+03	2.776097635842342815e-01	1.768757109926168691e-01	2.370640384136516177e-01	1.426169546555271506e-01	6.849059119772213378e-02	2.732053573387182438e-02	7.002240542224093256e-02
1.023188400188092373e+03	2.773654003522382228e-01	1.767088597715646969e-01	2.372400539418789145e-01	1.427206453367956818e-01	6.853088791423427029e-02	2.734700376512297013e-02	7.008714891803012603e-02
1.024639731252188767e+03	2.771214521298509537e-01	1.765422917597916919e-01	2.374157620735426188e-01	1.428241528974956154e-01	6.857111308332328181e-02	2.737344192056056363e-02	7.015178613530019536e-02
1.026091062316285615e+03	2.768779182049072030e-01	1.763760064782243786e-01	2.375911633340567486e-01	1.429274776972298822e-01	6.861126686691694510e-02	2.739985018525849247e-02	7.021631723327133312e-02
1.027542393380382237e+03	2.766347978665718021e-01	1.762100034485276912e-01	2.377662582479346254e-01	1.430306200946742379e-01	6.865134942644832150e-02	2.742622854462835671e-02	7.028074237108003497e-02
1.028993724444478858e+03	2.763920904053354111e-01	1.760442821931053892e-01	2.379410473387904845e-01	1.431335804475812046e-01	6.869136092285765827e-02	2.745257698441745664e-02	7.034506170777751755e-02
1.030445055508575479e+03	2.761497951130100215e-01	1.758788422351006964e-01	2.381155311293410293e-01	1.432363591127842062e-01	6.873130151659434528e-02	2.747889549070677701e-02	7.040927540232809478e-02
1.031896386572671872e+03	2.759079112827246272e-01	1.757136830983966058e-01	2.382897101414072905e-01	1.433389564462012045e-01	6.877117136761888572e-02	2.750518404990898169e-02	7.047338361360765135e-02
1.033347717636768493e+03	2.756664382089207832e-01	1.755488043076163795e-01	2.384635848959160143e-01	1.434413728028388901e-01	6.881097063540476955e-02	2.753144264876641878e-02	7.053738650040204672e-02
1.034799048700865114e+03	2.754253751873485534e-01	1.753842053881237983e-01	2.386371559129014386e-01	1.435436085367964021e-01	6.885069947894043030e-02	2.755767127434914296e-02	7.060128422140561633e-02
1.036250379764961508e+03	2.751847215150620696e-01	1.752198858660236058e-01	2.388104237115068751e-01	1.436456640012691022e-01	6.889035805673111856e-02	2.758386991405293448e-02	7.066507693521967282e-02
1.037701710829058356e+03	2.749444764904155347e-01	1.750558452681617860e-01	2.389833888099863746e-01	1.437475395485525997e-01	6.892994652680083101e-02	2.761003855559733544e-02	7.072876480035095170e-02
1.039153041893154750e+03	2.747046394130589486e-01	1.748920831221257854e-01	2.391560517257062812e-01	1.438492355300463321e-01	6.896946504669421163e-02	2.763617718702368956e-02	7.079234797521023748e-02
1.040604372957251599e+03	2.744652095839341110e-01	1.747285989562447628e-01	2.393284129751468703e-01	1.439507522962574504e-01	6.900891377347835587e-02	2.766228579669320273e-02	7.085582661811083705e-02
1.042055704021347992e+03	2.742261863052703474e-01	1.745653922995898388e-01	2.395004730739039300e-01	1.440520901968045386e-01	6.904829286374479513e-02	2.768836437328499323e-02	7.091920088726716420e-02
1.043507035085444613e+03	2.739875688805809006e-01	1.744024626819741797e-01	2.396722325366903994e-01	1.441532495804212777e-01	6.908760247361127316e-02	2.771441290579417308e-02	7.098247094079332409e-02
1.044958366149541234e+03	2.737493566146587676e-01	1.742398096339532465e-01	2.398436918773379778e-01	1.442542307949601643e-01	6.912684275872367501e-02	2.774043138352992946e-02	7.104563693670172542e-02
1.046409697213637855e+03	2.735115488135728135e-01	1.740774326868248234e-01	2.400148516087986239e-01	1.443550341873962028e-01	6.916601387425777570e-02	2.776641979611360611e-02	7.110869903290167882e-02
1.047861028277734476e+03	2.732741447846637195e-01	1.739153313726290728e-01	2.401857122431463043e-01	1.444556601038305133e-01	6.920511597492118305e-02	2.779237813347680552e-02	7.117165738719802293e-02
1.049312359341831097e+03	2.730371438365402637e-01	1.737535052241486744e-01	2.403562742915784645e-01	1.445561088894939117e-01	6.924414921495510022e-02	2.781830638585950505e-02	7.123451215728980601e-02
1.050763690405927491e+03	2.728005452790756569e-01	1.735919537749087971e-01	2.405265382644175276e-01	1.446563808887504909e-01	6.928311374813614365e-02	2.784420454380815216e-02	7.129726350076896757e-02
1.052215021470024112e+03	2.725643484234036018e-01	1.734306765591771271e-01	2.406965046711127265e-01	1.447564764451012564e-01	6.932200972777824433e-02	2.787007259817381524e-02	7.135991157511895056e-02
1.053666352534120733e+03	2.723285525819146846e-01	1.732696731119637845e-01	2.408661740202414359e-01	1.448563959011876512e-01	6.936083730673435477e-02	2.789591054011031010e-02	7.142245653771350788e-02
1.055117683598217127e+03	2.720931570682527112e-01	1.731089429690213233e-01	2.410355468195108097e-01	1.449561395987949974e-01	6.939959663739828089e-02	2.792171836107232991e-02	7.148489854581534242e-02
1.056569014662313975e+03	2.718581611973108769e-01	1.729484856668445925e-01	2.412046235757593637e-01	1.450557078788560494e-01	6.943828787170648609e-02	2.794749605281361335e-02	7.154723775657488571e-02
1.058020345726410369e+03	2.716235642852282695e-01	1.727883007426706807e-01	2.413734047949586126e-01	1.451551010814543796e-01	6.947691116113982601e-02	2.797324360738510235e-02	7.160947432702900739e-02
1.059471676790506763e+03	2.713893656493863160e-01	1.726283877344788331e-01	2.415418909822144022e-01	1.452543195458280423e-01	6.951546665672536651e-02	2.799896101713311020e-02	7.167160841409986327e-02
1.060923007854603611e+03	2.711555646084052862e-01	1.724687461809901179e-01	2.417100826417687143e-01	1.453533636103726268e-01	6.955395450903813226e-02	2.802464827469750355e-02	7.173364017459359088e-02
1.062374338918700232e+03	2.709221604821406282e-01	1.723093756216674544e-01	2.418779802770010257e-01	1.454522336126450599e-01	6.959237486820286922e-02	2.805030537300989141e-02	7.179556976519915756e-02
1.063825669982796853e+03	2.706891525916794716e-01	1.721502755967152520e-01	2.420455843904299742e-01	1.455509298893666870e-01	6.963072788389576551e-02	2.807593230529181402e-02	7.185739734248716704e-02
1.065277001046893474e+03	2.704565402593374634e-01	1.719914456470792996e-01	2.422128954837148018e-01	1.456494527764266855e-01	6.966901370534624161e-02	2.810152906505296311e-02	7.191912306290870749e-02
1.066728332110990095e+03	2.702243228086550486e-01	1.718328853144464874e-01	2.423799140576569644e-01	1.457478026088855350e-01	6.970723248133862959e-02	2.812709564608937771e-02	7.198074708279415812e-02
1.068179663175086489e+03	2.699924995643943060e-01	1.716745941412445298e-01	2.425466406122016028e-01	1.458459797209781528e-01	6.974538436021392174e-02	2.815263204248167825e-02	7.204226955835212054e-02
1.069630994239183110e+03	2.697610698525353956e-01	1.715165716706416044e-01	2.427130756464391248e-01	1.459439844461172808e-01	6.978346948987150522e-02	2.817813824859330060e-02	7.210369064566819752e-02
1.071082325303279504e+03	2.695300330002733391e-01	1.713588174465461855e-01	2.428792196586066765e-01	1.460418171168967050e-01	6.982148801777082747e-02	2.820361425906872666e-02	7.216501050070396606e-02
1.072533656367376352e+03	2.692993883360149110e-01	1.712013310136066557e-01	2.430450731460896963e-01	1.461394780650945024e-01	6.985944009093313090e-02	2.822906006883173224e-02	7.222622927929588099e-02
1.073984987431472746e+03	2.690691351893750305e-01	1.710441119172109448e-01	2.432106366054233859e-01	1.462369676216763170e-01	6.989732585594313208e-02	2.825447567308365590e-02	7.228734713715413707e-02
1.075436318495569594e+03	2.688392728911737084e-01	1.708871597034861689e-01	2.433759105322943206e-01	1.463342861167984954e-01	6.993514545895070100e-02	2.827986106730165719e-02	7.234836422986162807e-02
1.076887649559666215e+03	2.686098007734329385e-01	1.707304739192982146e-01	2.435408954215418365e-01	1.464314338798113069e-01	6.997289904567255414e-02	2.830521624723698546e-02	7.240928071287294765e-02
1.078338980623762609e+03	2.683807181693733113e-01	1.705740541122514053e-01	2.437055917671596128e-01	1.465284112392619964e-01	7.001058676139393366e-02	2.833054120891327285e-02	7.247009674151329295e-02
1.079790311687859230e+03	2.681520244134110165e-01	1.704178998306880577e-01	2.438700000622971154e-01	1.466252185228981431e-01	7.004820875097023114e-02	2.835583594862481349e-02	7.253081247097743767e-02
1.081241642751955851e+03	2.679237188411546233e-01	1.702620106236880093e-01	2.440341207992611505e-01	1.467218560576706021e-01	7.008576515882869451e-02	2.838110046293487385e-02	7.259142805632877449e-02
1.082692973816052472e+03	2.676958007894021940e-01	1.701063860410682027e-01	2.441979544695173643e-01	1.468183241697366692e-01	7.012325612897001015e-02	2.840633474867399269e-02	7.265194365249830200e-02
1.084144304880149093e+03	2.674682695961378975e-01	1.699510256333822134e-01	2.443615015636916576e-01	1.469146231844631056e-01	7.016068180496999596e-02	2.843153880293829844e-02	7.271235941428361160e-02
1.085595635944245487e+03	2.672411246005291230e-01	1.697959289519197501e-01	2.445247625715717132e-01	1.470107534264292193e-01	7.019804232998121118e-02	2.845671262308783339e-02	7.277267549634791610e-02
1.087046967008342108e+03	2.670143651429235376e-01	1.696410955487061278e-01	2.446877379821085219e-01	1.471067152194299454e-01	7.023533784673460789e-02	2.848185620674488147e-02	7.283289205321917537e-02
1.088498298072438729e+03	2.667879905648459227e-01	1.694865249765017956e-01	2.448504282834177981e-01	1.472025088864788445e-01	7.027256849754109913e-02	2.850696955179232370e-02	7.289300923928905551e-02
1.089949629136535123e+03	2.665620002089952867e-01	1.693322167888018093e-01	2.450128339627814233e-01	1.472981347498110716e-01	7.030973442429321041e-02	2.853205265637196245e-02	7.295302720881205460e-02
1.091400960200631971e+03	2.663363934192420901e-01	1.691781705398351376e-01	2.451749555066490560e-01	1.473935931308864300e-01	7.034683576846668951e-02	2.855710551888289775e-02	7.301294611590457284e-02
1.092852291264728365e+03	2.661111695406249145e-01	1.690243857845643849e-01	2.453367934006394357e-01	1.474888843503922298e-01	7.038387267112206080e-02	2.858212813797987931e-02	7.307276611454401050e-02
1.094303622328825213e+03	2.658863279193478535e-01	1.688708620786849302e-01	2.454983481295420489e-01	1.475840087282463131e-01	7.042084527290626284e-02	2.860712051257169319e-02	7.313248735856783811e-02
1.095754953392921607e+03	2.656618679027776264e-01	1.687175989786245389e-01	2.456596201773183497e-01	1.476789665835999410e-01	7.045775371405417487e-02	2.863208264181952775e-02	7.319211000167281933e-02
1.097206284457018228e+03	2.654377888394406915e-01	1.685645960415426137e-01	2.458206100271033978e-01	1.477737582348407352e-01	7.049459813439022671e-02	2.865701452513537070e-02	7.325163419741402560e-02
1.098657615521114849e+03	2.652140900790203037e-01	1.684118528253296387e-01	2.459813181612071908e-01	1.478683839995955096e-01	7.053137867332996691e-02	2.868191616218039933e-02	7.331106009920407285e-02
1.100108946585211470e+03	2.649907709723538507e-01	1.682593688886065975e-01	2.461417450611162461e-01	1.479628441947331841e-01	7.056809546988163095e-02	2.870678755286339492e-02	7.337038786031220561e-02
1.101560277649308091e+03	2.647678308714297990e-01	1.681071437907242783e-01	2.463018912074949884e-01	1.480571391363676714e-01	7.060474866264766780e-02	2.873162869733915034e-02	7.342961763386351981e-02
1.103011608713404712e+03	2.645452691293854186e-01	1.679551770917626641e-01	2.464617570801871382e-01	1.481512691398605974e-01	7.064133838982629421e-02	2.875643959600688443e-02	7.348874957283810239e-02
1.104462939777501106e+03	2.643230851005034521e-01	1.678034683525301829e-01	2.466213431582172100e-01	1.482452345198242427e-01	7.067786478921304905e-02	2.878122024950867039e-02	7.354778383007028186e-02
1.105914270841597499e+03	2.641012781402098941e-01	1.676520171345630694e-01	2.467806499197920111e-01	1.483390355901242630e-01	7.071432799820231985e-02	2.880597065872788493e-02	7.360672055824776794e-02
1.107365601905694348e+03	2.638798476050707720e-01	1.675008230001247544e-01	2.469396778423018912e-01	1.484326726638824645e-01	7.075072815378885549e-02	2.883069082478764353e-02	7.366555990991088820e-02
1.108816932969790741e+03	2.636587928527898139e-01	1.673498855122050322e-01	2.470984274023224070e-01	1.485261460534796074e-01	7.078706539256930663e-02	2.885538074904923922e-02	7.372430203745188038e-02
1.110268264033887590e+03	2.634381132422057292e-01	1.671992042345194496e-01	2.472568990756155993e-01	1.486194560705581813e-01	7.082333985074371063e-02	2.888004043311062294e-02	7.378294709311401800e-02
1.111719595097984211e+03	2.632178081332894326e-01	1.670487787315086403e-01	2.474150933371314087e-01	1.487126030260250698e-01	7.085955166411703199e-02	2.890466987880485963e-02	7.384149522899093043e-02
1.113170926162080832e+03	2.629978768871414352e-01	1.668986085683373533e-01	2.475730106610092018e-01	1.488055872300542981e-01	7.089570096810061950e-02	2.892926908819860518e-02	7.389994659702585345e-02
1.114622257226177226e+03	2.627783188659893465e-01	1.667486933108939806e-01	2.477306515205791593e-01	1.488984089920896703e-01	7.093178789771373283e-02	2.895383806359057635e-02	7.395830134901089370e-02
1.116073588290273847e+03	2.625591334331851545e-01	1.665990325257896976e-01	2.478880163883635523e-01	1.489910686208475998e-01	7.096781258758502742e-02	2.897837680751006589e-02	7.401655963658627935e-02
1.117524919354370468e+03	2.623403199532026164e-01	1.664496257803576296e-01	2.480451057360784084e-01	1.490835664243196079e-01	7.100377517195398391e-02	2.900288532271541944e-02	7.407472161123972165e-02
1.118976250418467089e+03	2.621218777916348164e-01	1.663004726426522695e-01	2.482019200346347043e-01	1.491759027097750434e-01	7.103967578467247634e-02	2.902736361219253672e-02	7.413278742430567947e-02
1.120427581482563710e+03	2.619038063151912787e-01	1.661515726814485061e-01	2.483584597541398653e-01	1.492680777837637474e-01	7.107551455920613215e-02	2.905181167915340049e-02	7.419075722696460984e-02
1.121878912546660331e+03	2.616861048916960253e-01	1.660029254662409026e-01	2.485147253638991527e-01	1.493600919521186343e-01	7.111129162863584485e-02	2.907622952703458469e-02	7.424863117024242676e-02
1.123330243610756725e+03	2.614687728900845221e-01	1.658545305672430026e-01	2.486707173324171349e-01	1.494519455199582181e-01	7.114700712565923124e-02	2.910061715949577993e-02	7.430640940500972402e-02
1.124781574674853118e+03	2.612518096804014589e-01	1.657063875553863586e-01	2.488264361273989367e-01	1.495436387916893317e-01	7.118266118259206077e-02	2.912497458041833978e-02	7.436409208198116461e-02
1.126232905738949967e+03	2.610352146337981405e-01	1.655584960023199215e-01	2.489818822157517375e-01	1.496351720710096256e-01	7.121825393136968496e-02	2.914930179390380627e-02	7.442167935171482840e-02
1.127684236803046360e+03	2.608189871225299883e-01	1.654108554804090137e-01	2.491370560635861875e-01	1.497265456609101208e-01	7.125378550354852236e-02	2.917359880427247698e-02	7.447917136461153220e-02
1.129135567867143209e+03	2.606031265199542091e-01	1.652634655627345794e-01	2.492919581362176840e-01	1.498177598636777352e-01	7.128925603030740465e-02	2.919786561606193750e-02	7.453656827091428849e-02
1.130586898931239830e+03	2.603876322005272970e-01	1.651163258230924913e-01	2.494465888981678980e-01	1.499088149808978643e-01	7.132466564244907548e-02	2.922210223402564588e-02	7.459387022070762541e-02
1.132038229995336451e+03	2.601725035398026464e-01	1.649694358359924395e-01	2.496009488131659959e-01	1.499997113134568238e-01	7.136001447040157819e-02	2.924630866313149627e-02	7.465107736391697613e-02
1.133489561059432845e+03	2.599577399144279433e-01	1.648227951766573218e-01	2.497550383441502486e-01	1.500904491615443759e-01	7.139530264421961592e-02	2.927048490856039992e-02	7.470818985030812376e-02
1.134940892123529466e+03	2.597433407021429996e-01	1.646764034210222716e-01	2.499088579532691423e-01	1.501810288246562264e-01	7.143053029358600869e-02	2.929463097570485924e-02	7.476520782948656296e-02
1.136392223187626087e+03	2.595293052817772561e-01	1.645302601457338254e-01	2.500624081018829603e-01	1.502714506015963847e-01	7.146569754781310901e-02	2.931874687016756617e-02	7.482213145089695872e-02
1.137843554251722708e+03	2.593156330332475057e-01	1.643843649281490904e-01	2.502156892505650321e-01	1.503617147904798002e-01	7.150080453584409246e-02	2.934283259776001088e-02	7.487896086382254957e-02
1.139294885315819101e+03	2.591023233375555068e-01	1.642387173463347727e-01	2.503687018591032043e-01	1.504518216887345827e-01	7.153585138625447037e-02	2.936688816450107320e-02	7.493569621738460640e-02
1.140746216379915950e+03	2.588893755767854299e-01	1.640933169790663448e-01	2.505214463865009789e-01	1.505417715931046119e-01	7.157083822725335276e-02	2.939091357661565221e-02	7.499233766054186345e-02
1.142197547444012343e+03	2.586767891341018033e-01	1.639481634058272408e-01	2.506739232909792614e-01	1.506315647996518403e-01	7.160576518668489154e-02	2.941490884053326801e-02	7.504888534208999096e-02
1.143648878508108737e+03	2.584645633937471820e-01	1.638032562068078013e-01	2.508261330299774161e-01	1.507212016037586533e-01	7.164063239202959898e-02	2.943887396288670175e-02	7.510533941066102614e-02
1.145100209572205586e+03	2.582526977410395941e-01	1.636585949629045522e-01	2.509780760601547089e-01	1.508106823001302832e-01	7.167543997040574932e-02	2.946280895051062512e-02	7.516170001472287365e-02
1.146551540636302207e+03	2.580411915623704866e-01	1.635141792557191776e-01	2.511297528373917509e-01	1.509000071827972800e-01	7.171018804857071105e-02	2.948671381044024736e-02	7.521796730257879204e-02
1.148002871700398828e+03	2.578300442452023944e-01	1.633700086675576313e-01	2.512811638167916639e-01	1.509891765451177315e-01	7.174487675292227917e-02	2.951058854990995864e-02	7.527414142236686645e-02
1.149454202764495449e+03	2.576192551780666085e-01	1.632260827814291937e-01	2.514323094526815239e-01	1.510781906797796226e-01	7.177950620950004912e-02	2.953443317635198045e-02	7.533022252205953673e-02
1.150905533828591842e+03	2.574088237505610111e-01	1.630824011810456942e-01	2.515831901986137487e-01	1.511670498788031669e-01	7.181407654398672125e-02	2.955824769739504379e-02	7.538621074946305622e-02
1.152356864892688463e+03	2.571987493533477998e-01	1.629389634508204843e-01	2.517338065073674858e-01	1.512557544335431381e-01	7.184858788170944699e-02	2.958203212086303949e-02	7.544210625221704769e-02
1.153808195956785084e+03	2.569890313781512114e-01	1.627957691758674663e-01	2.518841588309498336e-01	1.513443046346911458e-01	7.188304034764111949e-02	2.960578645477369986e-02	7.549790917779401755e-02
1.155259527020881706e+03	2.567796692177552464e-01	1.626528179420001774e-01	2.520342476205971183e-01	1.514327007722779395e-01	7.191743406640177527e-02	2.962951070733728376e-02	7.555361967349888408e-02
1.156710858084978327e+03	2.565706622660017810e-01	1.625101093357309567e-01	2.521840733267765033e-01	1.515209431356756842e-01	7.195176916225980157e-02	2.965320488695526863e-02	7.560923788646849164e-02
1.158162189149074720e+03	2.563620099177879585e-01	1.623676429442698910e-01	2.523336363991870446e-01	1.516090320136001257e-01	7.198604575913331027e-02	2.967686900221904248e-02	7.566476396367119439e-02
1.159613520213171569e+03	2.561537115690641908e-01	1.622254183555238705e-01	2.524829372867611887e-01	1.516969676941129774e-01	7.202026398059140078e-02	2.970050306190859940e-02	7.572019805190641217e-02
1.161064851277267962e+03	2.559457666168319379e-01	1.620834351580957566e-01	2.526319764376659949e-01	1.517847504646240020e-01	7.205442394985549226e-02	2.972410707499125587e-02	7.577554029780418643e-02
1.162516182341364356e+03	2.557381744591417094e-01	1.619416929412832995e-01	2.527807542993045775e-01	1.518723806118934261e-01	7.208852578980057269e-02	2.974768105062037399e-02	7.583079084782472223e-02
1.163967513405461204e+03	2.555309344950906780e-01	1.618001912950781662e-01	2.529292713183172725e-01	1.519598584220339665e-01	7.212256962295654494e-02	2.977122499813406389e-02	7.588594984825798584e-02
1.165418844469557826e+03	2.553240461248208470e-01	1.616589298101651362e-01	2.530775279405830802e-01	1.520471841805130786e-01	7.215655557150939259e-02	2.979473892705393132e-02	7.594101744522331610e-02
1.166870175533654447e+03	2.551175087495163307e-01	1.615179080779209631e-01	2.532255246112209979e-01	1.521343581721551486e-01	7.219048375730253986e-02	2.981822284708380427e-02	7.599599378466896649e-02
1.168321506597751068e+03	2.549113217714019108e-01	1.613771256904135420e-01	2.533732617745912963e-01	1.522213806811436587e-01	7.222435430183812843e-02	2.984167676810846673e-02	7.605087901237177206e-02
1.169772837661847461e+03	2.547054845937405387e-01	1.612365822404008275e-01	2.535207398742967411e-01	1.523082519910234078e-01	7.225816732627822481e-02	2.986510070019243041e-02	7.610567327393666370e-02
1.171224168725944082e+03	2.544999966208313369e-01	1.610962773213298893e-01	2.536679593531839805e-01	1.523949723847025373e-01	7.229192295144609703e-02	2.988849465357866150e-02	7.616037671479639060e-02
1.172675499790040703e+03	2.542948572580073785e-01	1.609562105273359689e-01	2.538149206533449331e-01	1.524815421444547514e-01	7.232562129782746374e-02	2.991185863868736292e-02	7.621498948021104836e-02
1.174126830854137097e+03	2.540900659116339111e-01	1.608163814532414526e-01	2.539616242161180648e-01	1.525679615519213994e-01	7.235926248557174312e-02	2.993519266611473217e-02	7.626951171526775985e-02
1.175578161918233945e+03	2.538856219891059141e-01	1.606767896945549279e-01	2.541080704820893876e-01	1.526542308881136123e-01	7.239284663449327417e-02	2.995849674663173326e-02	7.632394356488030052e-02
1.177029492982330339e+03	2.536815248988461557e-01	1.605374348474702395e-01	2.542542598910942364e-01	1.527403504334143847e-01	7.242637386407259348e-02	2.998177089118288924e-02	7.637828517378873749e-02
1.178480824046426733e+03	2.534777740503033061e-01	1.603983165088652962e-01	2.544001928822182679e-01	1.528263204675806286e-01	7.245984429345760092e-02	3.000501511088505061e-02	7.643253668655906885e-02
1.179932155110523581e+03	2.532743688539498272e-01	1.602594342763013213e-01	2.545458698937987929e-01	1.529121412697453386e-01	7.249325804146483643e-02	3.002822941702620180e-02	7.648669824758289049e-02
1.181383486174620202e+03	2.530713087212796975e-01	1.601207877480217145e-01	2.546912913634262199e-01	1.529978131184195067e-01	7.252661522658065962e-02	3.005141382106425382e-02	7.654077000107707696e-02
1.182834817238716823e+03	2.528685930648066349e-01	1.599823765229511363e-01	2.548364577279452203e-01	1.530833362914943985e-01	7.255991596696248491e-02	3.007456833462585077e-02	7.659475209108342064e-02
1.184286148302813444e+03	2.526662212980620992e-01	1.598442002006944529e-01	2.549813694234558392e-01	1.531687110662433571e-01	7.259316038043997499e-02	3.009769296950517634e-02	7.664864466146831257e-02
1.185737479366910065e+03	2.524641928355930154e-01	1.597062583815356818e-01	2.551260268853151603e-01	1.532539377193239682e-01	7.262634858451626207e-02	3.012078773766279152e-02	7.670244785592243708e-02
1.187188810431006686e+03	2.522625070929598867e-01	1.595685506664371311e-01	2.552704305481383051e-01	1.533390165267800587e-01	7.265948069636912754e-02	3.014385265122442384e-02	7.675616181796042492e-02
1.188640141495103080e+03	2.520611634867350737e-01	1.594310766570382620e-01	2.554145808457997657e-01	1.534239477640437221e-01	7.269255683285216763e-02	3.016688772247982930e-02	7.680978669092063116e-02
1.190091472559199701e+03	2.518601614345004069e-01	1.592938359556547168e-01	2.555584782114347919e-01	1.535087317059372347e-01	7.272557711049601470e-02	3.018989296388161284e-02	7.686332261796471887e-02
1.191542803623296322e+03	2.516595003548454668e-01	1.591568281652773476e-01	2.557021230774405018e-01	1.535933686266751086e-01	7.275854164550953074e-02	3.021286838804406599e-02	7.691676974207749262e-02
1.192994134687392716e+03	2.514591796673654733e-01	1.590200528895712451e-01	2.558455158754773806e-01	1.536778587998660628e-01	7.279145055378095919e-02	3.023581400774202899e-02	7.697012820606648209e-02
1.194445465751489564e+03	2.512591987926593440e-01	1.588835097328744894e-01	2.559886570364703351e-01	1.537622024985149383e-01	7.282430395087909070e-02	3.025872983590973536e-02	7.702339815256176170e-02
1.195896796815585958e+03	2.510595571523277503e-01	1.587471983001974563e-01	2.561315469906099707e-01	1.538463999950247518e-01	7.285710195205441497e-02	3.028161588563967055e-02	7.707657972401564528e-02
1.197348127879682352e+03	2.508602541689713972e-01	1.586111181972215678e-01	2.562741861673539789e-01	1.539304515611986113e-01	7.288984467224031427e-02	3.030447217018143735e-02	7.712967306270238077e-02
1.198799458943779200e+03	2.506612892661886360e-01	1.584752690302984046e-01	2.564165749954284146e-01	1.540143574682414918e-01	7.292253222605422913e-02	3.032729870294063185e-02	7.718267831071794205e-02
1.200250790007875821e+03	2.504626618685738548e-01	1.583396504064485122e-01	2.565587139028288055e-01	1.540981179867623729e-01	7.295516472779874084e-02	3.035009549747772969e-02	7.723559560997976525e-02
1.201702121071972442e+03	2.502643714017154242e-01	1.582042619333606515e-01	2.567006033168214851e-01	1.541817333867760431e-01	7.298774229146279269e-02	3.037286256750694816e-02	7.728842510222642959e-02
1.203153452136069063e+03	2.500664172921939210e-01	1.580691032193905221e-01	2.568422436639449247e-01	1.542652039377050144e-01	7.302026503072277241e-02	3.039559992689514975e-02	7.734116692901750467e-02
1.204604783200165684e+03	2.498687989675800469e-01	1.579341738735598466e-01	2.569836353700108433e-01	1.543485299083814377e-01	7.305273305894370572e-02	3.041830758966073897e-02	7.739382123173323136e-02
1.206056114264262078e+03	2.496715158564327686e-01	1.577994735055553710e-01	2.571247788601055406e-01	1.544317115670489626e-01	7.308514648918032486e-02	3.044098556997255206e-02	7.744638815157436906e-02
1.207507445328358699e+03	2.494745673882975412e-01	1.576650017257277825e-01	2.572656745585911731e-01	1.545147491813645690e-01	7.311750543417822046e-02	3.046363388214877108e-02	7.749886782956186271e-02
1.208958776392455093e+03	2.492779529937042549e-01	1.575307581450907102e-01	2.574063228891069199e-01	1.545976430184005934e-01	7.314981000637497954e-02	3.048625254065584142e-02	7.755126040653670394e-02
1.210410107456551941e+03	2.490816721041654025e-01	1.573967423753196426e-01	2.575467242745703711e-01	1.546803933446463664e-01	7.318206031790126798e-02	3.050884156010737550e-02	7.760356602315969521e-02
1.211861438520648335e+03	2.488857241521742758e-01	1.572629540287509842e-01	2.576868791371784706e-01	1.547630004260101555e-01	7.321425648058196844e-02	3.053140095526308759e-02	7.765578481991119997e-02
1.213312769584745183e+03	2.486901085712030779e-01	1.571293927183809447e-01	2.578267878984091266e-01	1.548454645278210529e-01	7.324639860593729068e-02	3.055393074102772527e-02	7.770791693709097614e-02
1.214764100648841804e+03	2.484948247957009526e-01	1.569960580578645959e-01	2.579664509790222104e-01	1.549277859148307235e-01	7.327848680518382618e-02	3.057643093244999041e-02	7.775996251481795407e-02
1.216215431712937971e+03	2.482998722610922082e-01	1.568629496615147612e-01	2.581058687990608336e-01	1.550099648512152373e-01	7.331052118923567229e-02	3.059890154472149487e-02	7.781192169303001449e-02
1.217666762777034819e+03	2.481052504037745132e-01	1.567300671443010163e-01	2.582450417778527352e-01	1.550920016005769009e-01	7.334250186870558408e-02	3.062134259317570578e-02	7.786379461148386361e-02
1.219118093841131440e+03	2.479109586611169258e-01	1.565974101218486347e-01	2.583839703340112259e-01	1.551738964259459785e-01	7.337442895390593189e-02	3.064375409328688390e-02	7.791558140975475555e-02
1.220569424905228061e+03	2.477169964714582284e-01	1.564649782104375886e-01	2.585226548854366313e-01	1.552556495897826072e-01	7.340630255484989486e-02	3.066613606066904973e-02	7.796728222723642299e-02
1.222020755969324682e+03	2.475233632741049294e-01	1.563327710270014936e-01	2.586610958493173462e-01	1.553372613539783786e-01	7.343812278125251558e-02	3.068848851107495307e-02	7.801889720314077181e-02
1.223472087033421303e+03	2.473300585093295700e-01	1.562007881891265826e-01	2.587992936421313894e-01	1.554187319798583655e-01	7.346988974253171323e-02	3.071081146039502524e-02	7.807042647649779787e-02
1.224923418097517697e+03	2.471370816183687813e-01	1.560690293150505670e-01	2.589372486796472361e-01	1.555000617281827036e-01	7.350160354780943539e-02	3.073310492465636257e-02	7.812187018615537881e-02
1.226374749161614318e+03	2.469444320434215911e-01	1.559374940236618323e-01	2.590749613769252613e-01	1.555812508591483123e-01	7.353326430591265728e-02	3.075536892002171674e-02	7.817322847077913528e-02
1.227826080225710712e+03	2.467521092276475647e-01	1.558061819344982724e-01	2.592124321483188498e-01	1.556622996323907271e-01	7.356487212537447806e-02	3.077760346278845399e-02	7.822450146885227829e-02
1.229277411289807560e+03	2.465601126151649447e-01	1.556750926677460678e-01	2.593496614074756179e-01	1.557432083069858753e-01	7.359642711443516172e-02	3.079980856938756284e-02	7.827568931867537327e-02
1.230728742353903954e+03	2.463684416510490138e-01	1.555442258442389925e-01	2.594866495673387452e-01	1.558239771414516861e-01	7.362792938104317786e-02	3.082198425638264794e-02	7.832679215836631237e-02
1.232180073418000802e+03	2.461770957813301519e-01	1.554135810854571365e-01	2.596233970401481406e-01	1.559046063937498672e-01	7.365937903285627031e-02	3.084413054046892394e-02	7.837781012586009233e-02
1.233631404482097196e+03	2.459860744529921150e-01	1.552831580135259903e-01	2.597599042374415523e-01	1.559850963212875419e-01	7.369077617724247020e-02	3.086624743847223018e-02	7.842874335890867576e-02
1.235082735546193817e+03	2.457953771139702592e-01	1.551529562512152793e-01	2.598961715700559005e-01	1.560654471809190813e-01	7.372212092128115069e-02	3.088833496734802800e-02	7.847959199508089401e-02
1.236534066610290438e+03	2.456050032131497918e-01	1.550229754219381306e-01	2.600321994481282761e-01	1.561456592289476586e-01	7.375341337176409551e-02	3.091039314418043624e-02	7.853035617176228056e-02
1.237985397674387059e+03	2.454149522003639394e-01	1.548932151497497967e-01	2.601679882810973288e-01	1.562257327211270252e-01	7.378465363519641496e-02	3.093242198618123551e-02	7.858103602615494621e-02
1.239436728738483680e+03	2.452252235263921998e-01	1.547636750593467669e-01	2.603035384777045436e-01	1.563056679126631210e-01	7.381584181779766995e-02	3.095442151068890368e-02	7.863163169527748186e-02
1.240888059802580301e+03	2.450358166429586759e-01	1.546343547760657688e-01	2.604388504459951847e-01	1.563854650582157391e-01	7.384697802550289902e-02	3.097639173516765140e-02	7.868214331596483369e-02
1.242339390866676695e+03	2.448467310027302168e-01	1.545052539258825464e-01	2.605739245933196280e-01	1.564651244119002749e-01	7.387806236396356196e-02	3.099833267720645061e-02	7.873257102486815040e-02
1.243790721930773088e+03	2.446579660593147798e-01	1.543763721354110552e-01	2.607087613263344705e-01	1.565446462272891970e-01	7.390909493854853907e-02	3.102024435451808393e-02	7.878291495845470005e-02
1.245242052994869937e+03	2.444695212672595708e-01	1.542477090319021582e-01	2.608433610510039746e-01	1.566240307574138513e-01	7.394007585434526908e-02	3.104212678493818711e-02	7.883317525300781448e-02
1.246693384058966330e+03	2.442813960820494068e-01	1.541192642432428483e-01	2.609777241726010111e-01	1.567032782547660430e-01	7.397100521616060964e-02	3.106397998642430186e-02	7.888335204462666728e-02
1.248144715123063179e+03	2.440935899601049119e-01	1.539910373979550551e-01	2.611118510957082250e-01	1.567823889712996188e-01	7.400188312852190586e-02	3.108580397705494255e-02	7.893344546922628768e-02
1.249596046187159800e+03	2.439061023587808796e-01	1.538630281251947285e-01	2.612457422242192573e-01	1.568613631584321044e-01	7.403270969567793403e-02	3.110759877502864562e-02	7.898345566253739403e-02
1.251047377251256421e+03	2.437189327363644964e-01	1.537352360547506180e-01	2.613793979613401319e-01	1.569402010670463421e-01	7.406348502159992853e-02	3.112936439866304320e-02	7.903338276010637986e-02
1.252498708315352815e+03	2.435320805520736764e-01	1.536076608170434121e-01	2.615128187095902557e-01	1.570189029474920173e-01	7.409420920998256721e-02	3.115110086639394024e-02	7.908322689729513355e-02
1.253950039379449436e+03	2.433455452660552021e-01	1.534803020431246001e-01	2.616460048708035280e-01	1.570974690495873793e-01	7.412488236424494281e-02	3.117280819677438822e-02	7.913298820928102439e-02
1.255401370443546057e+03	2.431593263393832527e-01	1.533531593646755009e-01	2.617789568461295624e-01	1.571758996226206850e-01	7.415550458753154828e-02	3.119448640847376220e-02	7.918266683105679160e-02
1.256852701507642678e+03	2.429734232340575451e-01	1.532262324140062359e-01	2.619116750360349077e-01	1.572541949153518637e-01	7.418607598271322046e-02	3.121613552027686228e-02	7.923226289743050266e-02
1.258304032571739299e+03	2.427878354130016680e-01	1.530995208240545913e-01	2.620441598403043248e-01	1.573323551760140437e-01	7.421659665238811154e-02	3.123775555108298727e-02	7.928177654302545618e-02
1.259755363635835920e+03	2.426025623400614450e-01	1.529730242283850739e-01	2.621764116580417303e-01	1.574103806523150795e-01	7.424706669888270216e-02	3.125934651990505686e-02	7.933120790228008479e-02
1.261206694699932314e+03	2.424176034800031576e-01	1.528467422611878845e-01	2.623084308876716397e-01	1.574882715914392162e-01	7.427748622425268954e-02	3.128090844586868535e-02	7.938055710944794119e-02
1.262658025764028707e+03	2.422329582985120189e-01	1.527206745572778357e-01	2.624402179269399449e-01	1.575660282400485612e-01	7.430785533028398671e-02	3.130244134821130730e-02	7.942982429859765658e-02
1.264109356828125556e+03	2.420486262621903140e-01	1.525948207520933797e-01	2.625717731729153015e-01	1.576436508442845830e-01	7.433817411849366619e-02	3.132394524628129978e-02	7.947900960361277412e-02
1.265560687892221949e+03	2.418646068385558456e-01	1.524691804816954988e-01	2.627030970219903505e-01	1.577211396497697760e-01	7.436844269013093145e-02	3.134542015953705602e-02	7.952811315819184601e-02
1.267012018956318798e+03	2.416808994960402412e-01	1.523437533827667334e-01	2.628341898698829948e-01	1.577984949016089933e-01	7.439866114617799120e-02	3.136686610754615273e-02	7.957713509584823930e-02
1.268463350020415419e+03	2.414975037039872874e-01	1.522185390926101278e-01	2.629650521116371209e-01	1.578757168443911119e-01	7.442882958735105858e-02	3.138828310998446197e-02	7.962607554991021908e-02
1.269914681084511813e+03	2.413144189326513200e-01	1.520935372491482029e-01	2.630956841416240422e-01	1.579528057221905035e-01	7.445894811410126712e-02	3.140967118663526986e-02	7.967493465352080972e-02
1.271366012148608434e+03	2.411316446531954483e-01	1.519687474909219571e-01	2.632260863535436646e-01	1.580297617785685338e-01	7.448901682661561441e-02	3.143103035738842310e-02	7.972371253963779492e-02
1.272817343212705055e+03	2.409491803376900554e-01	1.518441694570898393e-01	2.633562591404255415e-01	1.581065852565750329e-01	7.451903582481785027e-02	3.145236064223947553e-02	7.977240934103366210e-02
1.274268674276801676e+03	2.407670254591111059e-01	1.517198027874266109e-01	2.634862028946300949e-01	1.581832763987498225e-01	7.454900520836943434e-02	3.147366206128880683e-02	7.982102519029560250e-02
1.275720005340898297e+03	2.405851794913383968e-01	1.515956471223224855e-01	2.636159180078496700e-01	1.582598354471241586e-01	7.457892507667046589e-02	3.149493463474081073e-02	7.986956021982546949e-02
1.277171336404994690e+03	2.404036419091540866e-01	1.514717021027819632e-01	2.637454048711098675e-01	1.583362626432222586e-01	7.460879552886055810e-02	3.151617838290301371e-02	7.991801456183973695e-02
1.278622667469091539e+03	2.402224121882410024e-01	1.513479673704228867e-01	2.638746638747703765e-01	1.584125582280627165e-01	7.463861666381979565e-02	3.153739332618525626e-02	7.996638834836947152e-02
1.280073998533187932e+03	2.400414898051809742e-01	1.512244425674754145e-01	2.640036954085264176e-01	1.584887224421599183e-01	7.466838858016959513e-02	3.155857948509885325e-02	8.001468171126033258e-02
1.281525329597284326e+03	2.398608742374532532e-01	1.511011273367809937e-01	2.641324998614097419e-01	1.585647555255256802e-01	7.469811137627364872e-02	3.157973688025573350e-02	8.006289478217255839e-02
1.282976660661381175e+03	2.396805649634329016e-01	1.509780213217912503e-01	2.642610776217896862e-01	1.586406577176703858e-01	7.472778515023879853e-02	3.160086553236765572e-02	8.011102769258092449e-02
1.284427991725477568e+03	2.395005614623890999e-01	1.508551241665671006e-01	2.643894290773745603e-01	1.587164292576048186e-01	7.475740999991595248e-02	3.162196546224536192e-02	8.015908057377477136e-02
1.285879322789574417e+03	2.393208632144836756e-01	1.507324355157776685e-01	2.645175546152124246e-01	1.587920703838412717e-01	7.478698602290094477e-02	3.164303669079776560e-02	8.020705355685793514e-02
1.287330653853671038e+03	2.391414697007693824e-01	1.506099550146992594e-01	2.646454546216925885e-01	1.588675813343951027e-01	7.481651331653546566e-02	3.166407923903113986e-02	8.025494677274883082e-02
1.288781984917767431e+03	2.389623804031883458e-01	1.504876823092143046e-01	2.647731294825465542e-01	1.589429623467861485e-01	7.484599197790789415e-02	3.168509312804828476e-02	8.030276035218038289e-02
1.290233315981864052e+03	2.387835948045704260e-01	1.503656170458104457e-01	2.649005795828489607e-01	1.590182136580401140e-01	7.487542210385425556e-02	3.170607837904775017e-02	8.035049442570002531e-02
