1.001418434226643626e+03	2.810802408199744584e-01	1.792311375347350189e-01	2.345712913889416995e-01	1.411458991059425794e-01	6.788850679485400330e-02	2.694018874012913539e-02	6.914273561528519463e-02
1.003837319333471214e+03	2.806633659923586932e-01	1.789465349379569248e-01	2.348717599108841037e-01	1.413226990727075305e-01	6.795693369719799093e-02	2.698467505162594621e-02	6.925403133713099735e-02
1.006256204440298802e+03	2.802476709056234694e-01	1.786627370714553298e-01	2.351713547544119209e-01	1.414989770909468592e-01	6.802515537340753093e-02	2.702907710184708837e-02	6.936502770216995684e-02
1.008675089547126618e+03	2.798331521797431387e-01	1.783797416714557882e-01	2.354700784074108821e-01	1.416747349270173206e-01	6.809317261233294172e-02	2.707339482674606460e-02	6.947572537515599167e-02
1.011093974653954206e+03	2.794198064454272989e-01	1.780975464798313090e-01	2.357679333506497166e-01	1.418499743390561618e-01	6.816098619872139330e-02	2.711762816496880377e-02	6.958612502120746501e-02
1.013512859760782021e+03	2.790076303440544581e-01	1.778161492441155678e-01	2.360649220578022456e-01	1.420246970770406292e-01	6.822859691324488496e-02	2.716177705782454530e-02	6.969622730577988701e-02
1.015931744867609382e+03	2.785966205276074192e-01	1.775355477175146190e-01	2.363610469954692539e-01	1.421989048828468938e-01	6.829600553252798689e-02	2.720584144925701844e-02	6.980603289463904737e-02
1.018350629974437197e+03	2.781867736586095541e-01	1.772557396589181655e-01	2.366563106232003055e-01	1.423725994903086156e-01	6.836321282917523501e-02	2.724982128581587837e-02	6.991554245383446720e-02
1.020769515081264785e+03	2.777780864100626301e-01	1.769767228329093556e-01	2.369507153935155597e-01	1.425457826252745919e-01	6.843021957179844239e-02	2.729371651662839196e-02	7.002475664967321156e-02
1.023188400188092373e+03	2.773705554653857486e-01	1.766984950097738871e-01	2.372442637519272535e-01	1.427184560056659890e-01	6.849702652504370548e-02	2.733752709337142553e-02	7.013367614869411848e-02
1.025607285294920075e+03	2.769641775183553367e-01	1.764210539655082788e-01	2.375369581369612404e-01	1.428906213415331306e-01	6.856363444961816045e-02	2.738125297024363025e-02	7.024230161764226377e-02
1.028026170401747549e+03	2.765589492730465837e-01	1.761443974818270586e-01	2.378288009801783065e-01	1.430622803351115357e-01	6.863004410231662855e-02	2.742489410393796068e-02	7.035063372344396715e-02
1.030445055508575479e+03	2.761548674437756534e-01	1.758685233461692587e-01	2.381197947061954590e-01	1.432334346808773473e-01	6.869625623604795617e-02	2.746845045361437712e-02	7.045867313318193714e-02
1.032863940615402726e+03	2.757519287550433407e-01	1.755934293517041056e-01	2.384099417327070758e-01	1.434040860656025651e-01	6.876227159986111892e-02	2.751192198087285337e-02	7.056642051407091554e-02
1.035282825722230655e+03	2.753501299414795045e-01	1.753191132973358213e-01	2.386992444705059446e-01	1.435742361684093082e-01	6.882809093897122865e-02	2.755530864972661337e-02	7.067387653343354392e-02
1.037701710829058356e+03	2.749494677477887228e-01	1.750455729877078426e-01	2.389877053235041626e-01	1.437438866608238275e-01	6.889371499478515182e-02	2.759861042657561769e-02	7.078104185867667431e-02
1.040120595935886058e+03	2.745499389286965020e-01	1.747728062332060961e-01	2.392753266887541197e-01	1.439130392068299347e-01	6.895914450492711401e-02	2.764182728018029639e-02	7.088791715726792952e-02
1.042539481042713533e+03	2.741515402488971520e-01	1.745008108499618849e-01	2.395621109564690099e-01	1.440816954629217939e-01	6.902438020326395751e-02	2.768495918163552116e-02	7.099450309671262449e-02
1.044958366149541234e+03	2.737542684830019390e-01	1.742295846598537756e-01	2.398480605100437313e-01	1.442498570781563516e-01	6.908942281993026013e-02	2.772800610434483434e-02	7.110080034453107600e-02
1.047377251256368709e+03	2.733581204154884592e-01	1.739591254905089590e-01	2.401331777260752864e-01	1.444175256942051289e-01	6.915427308135316253e-02	2.777096802399491027e-02	7.120680956823606522e-02
1.049796136363196410e+03	2.729630928406507340e-01	1.736894311753040820e-01	2.404174649743832659e-01	1.445847029454056520e-01	6.921893171027718172e-02	2.781384491853024568e-02	7.131253143531075811e-02
1.052215021470024112e+03	2.725691825625504716e-01	1.734204995533654148e-01	2.407009246180301376e-01	1.447513904588122735e-01	6.928339942578859434e-02	2.785663676812809991e-02	7.141796661318691730e-02
1.054633906576851814e+03	2.721763863949684947e-01	1.731523284695683507e-01	2.409835590133416749e-01	1.449175898542464647e-01	6.934767694333979215e-02	2.789934355517365017e-02	7.152311576922340541e-02
1.057052791683679516e+03	2.717847011613578889e-01	1.728849157745365184e-01	2.412653705099269685e-01	1.450833027443467760e-01	6.941176497477338780e-02	2.794196526423539662e-02	7.162797957068499366e-02
1.059471676790506763e+03	2.713941236947967073e-01	1.726182593246401442e-01	2.415463614506986045e-01	1.452485307346182142e-01	6.947566422834605682e-02	2.798450188204079300e-02	7.173255868472142027e-02
1.061890561897334692e+03	2.710046508379427843e-01	1.723523569819941648e-01	2.418265341718926209e-01	1.454132754234811198e-01	6.953937540875231027e-02	2.802695339745208541e-02	7.183685377834687913e-02
1.064309447004162394e+03	2.706162794429880503e-01	1.720872066144555346e-01	2.421058910030884914e-01	1.455775384023197117e-01	6.960289921714804540e-02	2.806931980144241473e-02	7.194086551841968880e-02
1.066728332110990095e+03	2.702290063716146773e-01	1.718228060956202286e-01	2.423844342672288321e-01	1.457413212555299376e-01	6.966623635117380475e-02	2.811160108707209601e-02	7.204459457162229463e-02
1.069147217217817570e+03	2.698428284949507816e-01	1.715591533048198558e-01	2.426621662806392465e-01	1.459046255605671305e-01	6.972938750497800764e-02	2.815379724946514423e-02	7.214804160444157621e-02
1.071566102324645271e+03	2.694577426935276798e-01	1.712962461271177184e-01	2.429390893530479489e-01	1.460674528879930545e-01	6.979235336923987620e-02	2.819590828578603242e-02	7.225120728314939067e-02
1.073984987431472746e+03	2.690737458572372010e-01	1.710340824533043702e-01	2.432152057876053042e-01	1.462298048015224783e-01	6.985513463119219502e-02	2.823793419521663378e-02	7.235409227378344910e-02
1.076403872538300675e+03	2.686908348852900530e-01	1.707726601798929544e-01	2.434905178809033954e-01	1.463916828580694163e-01	6.991773197464400125e-02	2.827987497893339613e-02	7.245669724212842888e-02
1.078822757645127922e+03	2.683090066861744116e-01	1.705119772091138741e-01	2.437650279229953143e-01	1.465530886077929529e-01	6.998014608000294179e-02	2.832173064008474545e-02	7.255902285369744686e-02
1.081241642751955851e+03	2.679282581776155081e-01	1.702520314489093800e-01	2.440387381974146452e-01	1.467140235941423454e-01	7.004237762429750547e-02	2.836350118376866972e-02	7.266106977371364350e-02
1.083660527858783553e+03	2.675485862865352726e-01	1.699928208129276586e-01	2.443116509811946169e-01	1.468744893539022101e-01	7.010442728119917200e-02	2.840518661701051800e-02	7.276283866709222503e-02
1.086079412965611255e+03	2.671699879490131990e-01	1.697343432205166147e-01	2.445837685448873089e-01	1.470344874172366811e-01	7.016629572104424173e-02	2.844678694874103880e-02	7.286433019842264436e-02
1.088498298072438729e+03	2.667924601102469873e-01	1.694765965967170440e-01	2.448550931525827756e-01	1.471940193077336534e-01	7.022798361085559604e-02	2.848830218977458500e-02	7.296554503195105956e-02
1.090917183179266431e+03	2.664159997245142963e-01	1.692195788722559435e-01	2.451256270619280586e-01	1.473530865424484970e-01	7.028949161436422177e-02	2.852973235278754086e-02	7.306648383156312543e-02
1.093336068286093905e+03	2.660406037551347191e-01	1.689632879835391288e-01	2.453953725241461159e-01	1.475116906319470789e-01	7.035082039203065241e-02	2.857107745229695017e-02	7.316714726076696540e-02
1.095754953392921607e+03	2.656662691744325344e-01	1.687077218726437677e-01	2.456643317840547791e-01	1.476698330803486447e-01	7.041197060106613170e-02	2.861233750463933884e-02	7.326753598267642109e-02
1.098173838499749309e+03	2.652929929636992923e-01	1.684528784873104423e-01	2.459325070800854052e-01	1.478275153853684243e-01	7.047294289545369406e-02	2.865351252794974893e-02	7.336765065999455160e-02
1.100592723606577010e+03	2.649207721131577320e-01	1.681987557809350997e-01	2.461999006443018334e-01	1.479847390383594585e-01	7.053373792596905056e-02	2.869460254214094633e-02	7.346749195499743812e-02
1.103011608713404712e+03	2.645496036219254776e-01	1.679453517125606699e-01	2.464665147024187319e-01	1.481415055243543721e-01	7.059435634020128081e-02	2.873560756888284690e-02	7.356706052951809960e-02
1.105430493820231959e+03	2.641794844979795664e-01	1.676926642468685169e-01	2.467323514738206103e-01	1.482978163221064516e-01	7.065479878257342750e-02	2.877652763158212307e-02	7.366635704493075532e-02
1.107849378927059888e+03	2.638104117581210883e-01	1.674406913541693631e-01	2.469974131715799992e-01	1.484536729041307790e-01	7.071506589436289680e-02	2.881736275536200126e-02	7.376538216213535115e-02
1.110268264033887590e+03	2.634423824279406023e-01	1.671894310103942405e-01	2.472617020024759638e-01	1.486090767367445609e-01	7.077515831372170607e-02	2.885811296704225357e-02	7.386413654154222463e-02
1.112687149140715292e+03	2.630753935417834422e-01	1.669388811970853037e-01	2.475252201670126162e-01	1.487640292801072628e-01	7.083507667569653721e-02	2.889877829511937682e-02	7.396262084305706141e-02
1.115106034247542766e+03	2.627094421427160209e-01	1.666890399013859769e-01	2.477879698594373514e-01	1.489185319882604663e-01	7.089482161224872070e-02	2.893935876974695204e-02	7.406083572606607379e-02
1.117524919354370468e+03	2.623445252824922469e-01	1.664399051160314613e-01	2.480499532677590269e-01	1.490725863091671710e-01	7.095439375227396983e-02	2.897985442271619472e-02	7.415878184942145679e-02
1.119943804461197942e+03	2.619806400215200504e-01	1.661914748393386321e-01	2.483111725737664199e-01	1.492261936847508186e-01	7.101379372162199000e-02	2.902026528743668204e-02	7.425645987142695525e-02
1.122362689568025871e+03	2.616177834288286874e-01	1.659437470751958799e-01	2.485716299530459084e-01	1.493793555509340953e-01	7.107302214311599087e-02	2.906059139891727788e-02	7.435387044982373628e-02
1.124781574674853118e+03	2.612559525820361550e-01	1.656967198330527025e-01	2.488313275749998998e-01	1.495320733376770683e-01	7.113207963657200428e-02	2.910083279374720694e-02	7.445101424177648364e-02
1.127200459781681047e+03	2.608951445673170499e-01	1.654503911279093520e-01	2.490902676028647067e-01	1.496843484690152937e-01	7.119096681881802169e-02	2.914098951007733709e-02	7.454789190385967268e-02
1.129619344888508749e+03	2.605353564793708165e-01	1.652047589803060101e-01	2.493484521937284759e-01	1.498361823630973977e-01	7.124968430371304839e-02	2.918106158760161439e-02	7.464450409204410886e-02
1.132038229995336451e+03	2.601765854213898832e-01	1.649598214163119636e-01	2.496058834985488972e-01	1.499875764322224081e-01	7.130823270216596343e-02	2.922104906753869580e-02	7.474085146168359117e-02
1.134457115102163925e+03	2.598188285050288537e-01	1.647155764675147238e-01	2.498625636621712442e-01	1.501385320828766134e-01	7.136661262215429624e-02	2.926095199261373805e-02	7.483693466750193646e-02
1.136876000208991627e+03	2.594620828503733656e-01	1.644720221710086749e-01	2.501184948233459715e-01	1.502890507157703115e-01	7.142482466874275349e-02	2.930077040704035310e-02	7.493275436357998975e-02
1.139294885315819101e+03	2.591063455859095588e-01	1.642291565693838884e-01	2.503736791147464502e-01	1.504391337258739469e-01	7.148286944410167654e-02	2.934050435650276470e-02	7.502831120334309267e-02
1.141713770422646803e+03	2.587516138484938777e-01	1.639869777107147708e-01	2.506281186629865654e-01	1.505887825024541937e-01	7.154074754752537402e-02	2.938015388813808651e-02	7.512360583954853788e-02
1.144132655529474505e+03	2.583978847833228176e-01	1.637454836485484067e-01	2.508818155886382018e-01	1.507379984291095099e-01	7.159845957545028783e-02	2.941971905051881525e-02	7.521863892427334275e-02
1.146551540636302207e+03	2.580451555439033928e-01	1.635046724418929565e-01	2.511347720062487299e-01	1.508867828838055258e-01	7.165600612147302040e-02	2.945919989363545918e-02	7.531341110890225898e-02
1.148970425743129908e+03	2.576934232920235490e-01	1.632645421552058052e-01	2.513869900243587141e-01	1.510351372389099611e-01	7.171338777636818151e-02	2.949859646887932965e-02	7.540792304411579605e-02
1.151389310849957155e+03	2.573426851977229091e-01	1.630250908583817659e-01	2.516384717455190101e-01	1.511830628612273741e-01	7.177060512810617965e-02	2.953790882902551651e-02	7.550217537987861938e-02
1.153808195956785084e+03	2.569929384392639626e-01	1.627863166267408956e-01	2.518892192663080287e-01	1.513305611120335237e-01	7.182765876187083287e-02	2.957713702821600926e-02	7.559616876542807340e-02
1.156227081063612786e+03	2.566441802031032005e-01	1.625482175410166430e-01	2.521392346773493331e-01	1.514776333471094250e-01	7.188454926007685486e-02	2.961628112194298126e-02	7.568990384926287118e-02
1.158645966170440488e+03	2.562964076838628591e-01	1.623107916873434697e-01	2.523885200633284032e-01	1.516242809167751282e-01	7.194127720238720214e-02	2.965534116703221965e-02	7.578338127913200606e-02
1.161064851277267962e+03	2.559496180843024993e-01	1.620740371572446104e-01	2.526370775030101212e-01	1.517705051659232751e-01	7.199784316573028253e-02	2.969431722162674606e-02	7.587660170202380205e-02
1.163483736384095664e+03	2.556038086152909727e-01	1.618379520476196931e-01	2.528849090692557589e-01	1.519163074340520447e-01	7.205424772431706648e-02	2.973320934517054842e-02	7.596956576415521412e-02
1.165902621490923138e+03	2.552589764957789442e-01	1.616025344607323333e-01	2.531320168290399630e-01	1.520616890552982658e-01	7.211049144965801794e-02	2.977201759839250353e-02	7.606227411096123936e-02
1.168321506597751068e+03	2.549151189527710248e-01	1.613677825041975877e-01	2.533784028434677982e-01	1.522066513584699743e-01	7.216657491057995588e-02	2.981074204329043839e-02	7.615472738708457812e-02
1.170740391704578315e+03	2.545722332212986272e-01	1.611336942909692149e-01	2.536240691677915104e-01	1.523511956670784984e-01	7.222249867324273542e-02	2.984938274311533385e-02	7.624692623636533662e-02
1.173159276811406244e+03	2.542303165443929314e-01	1.609002679393272961e-01	2.538690178514275697e-01	1.524953232993707941e-01	7.227826330115583175e-02	2.988793976235568778e-02	7.633887130183107661e-02
1.175578161918233945e+03	2.538893661730577400e-01	1.606675015728651623e-01	2.541132509379735449e-01	1.526390355683610034e-01	7.233386935519478533e-02	2.992641316672203095e-02	7.643056322568693439e-02
1.177997047025061647e+03	2.535493793662428885e-01	1.604353933204768767e-01	2.543567704652245354e-01	1.527823337818619009e-01	7.238931739361757767e-02	2.996480302313157817e-02	7.652200264930590634e-02
1.180415932131889122e+03	2.532103533908178217e-01	1.602039413163441339e-01	2.545995784651901017e-01	1.529252192425161194e-01	7.244460797208074343e-02	3.000310939969303217e-02	7.661319021321932876e-02
1.182834817238716823e+03	2.528722855215450593e-01	1.599731436999236034e-01	2.548416769641108637e-01	1.530676932478270968e-01	7.249974164365556584e-02	3.004133236569154347e-02	7.670412655710751038e-02
1.185253702345544298e+03	2.525351730410542728e-01	1.597429986159338011e-01	2.550830679824751535e-01	1.532097570901896910e-01	7.255471895884393896e-02	3.007947199157378140e-02	7.679481231979054523e-02
1.187672587452371999e+03	2.521990132398161943e-01	1.595135042143421000e-01	2.553237535350355025e-01	1.533514120569205996e-01	7.260954046559431330e-02	3.011752834893318548e-02	7.688524813921926437e-02
1.190091472559199701e+03	2.518638034161170269e-01	1.592846586503517126e-01	2.555637356308251840e-01	1.534926594302883085e-01	7.266420670931729442e-02	3.015550151049532779e-02	7.697543465246632632e-02
1.192510357666027403e+03	2.515295408760326867e-01	1.590564600843886178e-01	2.558030162731743662e-01	1.536335004875432064e-01	7.271871823290138037e-02	3.019339155010342113e-02	7.706537249571754344e-02
1.194929242772855105e+03	2.511962229334033792e-01	1.588289066820883222e-01	2.560415974597269329e-01	1.537739365009469783e-01	7.277307557672836602e-02	3.023119854270399365e-02	7.715506230426329159e-02
1.197348127879682352e+03	2.508638469098085078e-01	1.586019966142828697e-01	2.562794811824565255e-01	1.539139687378019428e-01	7.282727927868873352e-02	3.026892256433265024e-02	7.724450471249005856e-02
1.199767012986510281e+03	2.505324101345414167e-01	1.583757280569874637e-01	2.565166694276828085e-01	1.540535984604803899e-01	7.288132987419697340e-02	3.030656369210002130e-02	7.733370035387220065e-02
1.202185898093337983e+03	2.502019099445846884e-01	1.581500991913873666e-01	2.567531641760879002e-01	1.541928269264531415e-01	7.293522789620662805e-02	3.034412200417779121e-02	7.742264986096382418e-02
1.204604783200165684e+03	2.498723436845850243e-01	1.579251082038245768e-01	2.569889674027323045e-01	1.543316553883182229e-01	7.298897387522541857e-02	3.038159757978492470e-02	7.751135386539086125e-02
1.207023668306993159e+03	2.495437087068290427e-01	1.577007532857845618e-01	2.572240810770713426e-01	1.544700850938292569e-01	7.304256833933008008e-02	3.041899049917395556e-02	7.759981299784314557e-02
1.209442553413820860e+03	2.492160023712185757e-01	1.574770326338829074e-01	2.574585071629708066e-01	1.546081172859235520e-01	7.309601181418126647e-02	3.045630084361746967e-02	7.768802788806683512e-02
1.211861438520648335e+03	2.488892220452463555e-01	1.572539444498521066e-01	2.576922476187233357e-01	1.547457532027499416e-01	7.314930482303817760e-02	3.049352869539467131e-02	7.777599916485680720e-02
1.214280323627476264e+03	2.485633651039719783e-01	1.570314869405280422e-01	2.579253043970644033e-01	1.548829940776964564e-01	7.320244788677320036e-02	3.053067413777810560e-02	7.786372745604923373e-02
1.216699208734303511e+03	2.482384289299978675e-01	1.568096583178368586e-01	2.581576794451878598e-01	1.550198411394176079e-01	7.325544152388636931e-02	3.056773725502049885e-02	7.795121338851442039e-02
1.219118093841131440e+03	2.479144109134452101e-01	1.565884567987813336e-01	2.583893747047621980e-01	1.551562956118617276e-01	7.330828625051970249e-02	3.060471813234171348e-02	7.803845758814961786e-02
1.221536978947959142e+03	2.475913084519305030e-01	1.563678806054276393e-01	2.586203921119462068e-01	1.552923587142977513e-01	7.336098258047156484e-02	3.064161685591585554e-02	7.812546067987199971e-02
1.223955864054786844e+03	2.472691189505417109e-01	1.561479279648919360e-01	2.588507335974047918e-01	1.554280316613419477e-01	7.341353102521074037e-02	3.067843351285847592e-02	7.821222328761186227e-02
1.226374749161614318e+03	2.469478398218149517e-01	1.559285971093268830e-01	2.590804010863247964e-01	1.555633156629844804e-01	7.346593209389057355e-02	3.071516819121391725e-02	7.829874603430589386e-02
1.228793634268442020e+03	2.466274684857110433e-01	1.557098862759083435e-01	2.593093964984304334e-01	1.556982119246155261e-01	7.351818629336284716e-02	3.075182097994276845e-02	7.838502954189058292e-02
1.231212519375269494e+03	2.463080023695923548e-01	1.554917937068218126e-01	2.595377217479990506e-01	1.558327216470514753e-01	7.357029412819170167e-02	3.078839196890945443e-02	7.847107443129569537e-02
1.233631404482097196e+03	2.459894389081997423e-01	1.552743176492490940e-01	2.597653787438767847e-01	1.559668460265605794e-01	7.362225610066734649e-02	3.082488124886992309e-02	7.855688132243801580e-02
1.236050289588924898e+03	2.456717755436294282e-01	1.550574563553549501e-01	2.599923693894942156e-01	1.561005862548886791e-01	7.367407271081972964e-02	3.086128891145947101e-02	7.864245083421507465e-02
1.238469174695752372e+03	2.453550097253104356e-01	1.548412080822734460e-01	2.602186955828813542e-01	1.562339435192845183e-01	7.372574445643205465e-02	3.089761504918068710e-02	7.872778358449906977e-02
1.240888059802580301e+03	2.450391389099815798e-01	1.546255710920947102e-01	2.604443592166836297e-01	1.563669190025249456e-01	7.377727183305431147e-02	3.093385975539148652e-02	7.881288019013092672e-02
1.243306944909407548e+03	2.447241605616689852e-01	1.544105436518514451e-01	2.606693621781769332e-01	1.564995138829399501e-01	7.382865533401652969e-02	3.097002312429330065e-02	7.889774126691442846e-02
1.245725830016235477e+03	2.444100721516636598e-01	1.541961240335055217e-01	2.608937063492832720e-01	1.566317293344371975e-01	7.387989545044208739e-02	3.100610525091933647e-02	7.898236742961046997e-02
1.248144715123063179e+03	2.440968711584989848e-01	1.539823105139345449e-01	2.611173936065857570e-01	1.567635665265268985e-01	7.393099267126086727e-02	3.104210623112298867e-02	7.906675929193147934e-02
1.250563600229890881e+03	2.437845550679285100e-01	1.537691013749184210e-01	2.613404258213440357e-01	1.568950266243459291e-01	7.398194748322232950e-02	3.107802616156633488e-02	7.915091746653589444e-02
1.252982485336718355e+03	2.434731213729038335e-01	1.535564949031260062e-01	2.615628048595095012e-01	1.570261107886820606e-01	7.403276037090841810e-02	3.111386513970876982e-02	7.923484256502283385e-02
1.255401370443546057e+03	2.431625675735524794e-01	1.533444893901017292e-01	2.617845325817403368e-01	1.571568201759978578e-01	7.408343181674650890e-02	3.114962326379572266e-02	7.931853519792674001e-02
1.257820255550373531e+03	2.428528911771560272e-01	1.531330831322520458e-01	2.620056108434168918e-01	1.572871559384545204e-01	7.413396230102212159e-02	3.118530063284749229e-02	7.940199597471227222e-02
1.260239140657201460e+03	2.425440896981281846e-01	1.529222744308323112e-01	2.622260414946563922e-01	1.574171192239353922e-01	7.418435230189164564e-02	3.122089734664820759e-02	7.948522550376929674e-02
1.262658025764028707e+03	2.422361606579930826e-01	1.527120615919331792e-01	2.624458263803282065e-01	1.575467111760693040e-01	7.423460229539491362e-02	3.125641350573486049e-02	7.956822439240787692e-02
1.265076910870856636e+03	2.419291015853637095e-01	1.525024429264673631e-01	2.626649673400688334e-01	1.576759329342538041e-01	7.428471275546770503e-02	3.129184921138648823e-02	7.965099324685352700e-02
1.267495795977684338e+03	2.416229100159202614e-01	1.522934167501563130e-01	2.628834662082967788e-01	1.578047856336781407e-01	7.433468415395415307e-02	3.132720456561342154e-02	7.973353267224238261e-02
1.269914681084511813e+03	2.413175834923887986e-01	1.520849813835168374e-01	2.631013248142273220e-01	1.579332704053459935e-01	7.438451696061908203e-02	3.136247967114665774e-02	7.981584327261667666e-02
1.272333566191339514e+03	2.410131195645199009e-01	1.518771351518478641e-01	2.633185449818876700e-01	1.580613883760981497e-01	7.443421164316020577e-02	3.139767463142734832e-02	7.989792565092018739e-02
1.274752451298167216e+03	2.407095157890673798e-01	1.516698763852170617e-01	2.635351285301315571e-01	1.581891406686349311e-01	7.448376866722029865e-02	3.143278955059635588e-02	7.997978040899381136e-02
1.277171336404994690e+03	2.404067697297671002e-01	1.514632034184475451e-01	2.637510772726538444e-01	1.583165284015384255e-01	7.453318849639924137e-02	3.146782453348393599e-02	8.006140814757128910e-02
1.279590221511822392e+03	2.401048789573159981e-01	1.512571145911048021e-01	2.639663930180056739e-01	1.584435526892945256e-01	7.458247159226595591e-02	3.150277968559951625e-02	8.014280946627494462e-02
1.282009106618650094e+03	2.398038410493510963e-01	1.510516082474832045e-01	2.641810775696086799e-01	1.585702146423149106e-01	7.463161841437032651e-02	3.153765511312157932e-02	8.022398496361160536e-02
1.284427991725477568e+03	2.395036535904285779e-01	1.508466827365929352e-01	2.643951327257699213e-01	1.586965153669586959e-01	7.468062942025500972e-02	3.157245092288763627e-02	8.030493523696857761e-02
1.286846876832305497e+03	2.392043141720030797e-01	1.506423364121468045e-01	2.646085602796964253e-01	1.588224559655539714e-01	7.472950506546706395e-02	3.160716722238429005e-02	8.038566088260970521e-02
1.289265761939132744e+03	2.389058203924069590e-01	1.504385676325469545e-01	2.648213620195096207e-01	1.589480375364192011e-01	7.477824580356963458e-02	3.164180411973742391e-02	8.046616249567155321e-02
1.291684647045960673e+03	2.386081698568296439e-01	1.502353747608717871e-01	2.650335397282597705e-01	1.590732611738844282e-01	7.482685208615350025e-02	3.167636172370246611e-02	8.054644067015968856e-02
1.294103532152788375e+03	2.383113601772971490e-01	1.500327561648628072e-01	2.652450951839406823e-01	1.591981279683122585e-01	7.487532436284852211e-02	3.171084014365474490e-02	8.062649599894504415e-02
1.296522417259616077e+03	2.380153889726517036e-01	1.498307102169114668e-01	2.654560301595040861e-01	1.593226390061187603e-01	7.492366308133498187e-02	3.174523948957994751e-02	8.070632907376029674e-02
1.298941302366443551e+03	2.377202538685312116e-01	1.496292352940461479e-01	2.656663464228736782e-01	1.594467953697941420e-01	7.497186868735492005e-02	3.177955987206466243e-02	8.078594048519652238e-02
1.301360187473271253e+03	2.374259524973491575e-01	1.494283297779189223e-01	2.658760457369597763e-01	1.595705981379232918e-01	7.501994162472333527e-02	3.181380140228705355e-02	8.086533082269971306e-02
1.303779072580098727e+03	2.371324824982743718e-01	1.492279920547928129e-01	2.660851298596734194e-01	1.596940483852061776e-01	7.506788233533934207e-02	3.184796419200756901e-02	8.094450067456754327e-02
1.306197957686926657e+03	2.368398415172108529e-01	1.490282205155284423e-01	2.662936005439408560e-01	1.598171471824779977e-01	7.511569125919716206e-02	3.188204835355977484e-02	8.102345062794617803e-02
1.308616842793753904e+03	2.365480272067778666e-01	1.488290135555711824e-01	2.665014595377174222e-01	1.599398955967292479e-01	7.516336883439714289e-02	3.191605399984128594e-02	8.110218126882713652e-02
1.311035727900581833e+03	2.362570372262897678e-01	1.486303695749382203e-01	2.667087085840019189e-01	1.600622946911256783e-01	7.521091549715665237e-02	3.194998124430474540e-02	8.118069318204426676e-02
1.313454613007409534e+03	2.359668692417364877e-01	1.484322869782055132e-01	2.669153494208507116e-01	1.601843455250279435e-01	7.525833168182087529e-02	3.198383020094893586e-02	8.125898695127078963e-02
1.315873498114237009e+03	2.356775209257633286e-01	1.482347641744949929e-01	2.671213837813916636e-01	1.603060491540112265e-01	7.530561782087359657e-02	3.201760098430996709e-02	8.133706315901645389e-02
1.318292383221064711e+03	2.353889899576515898e-01	1.480377995774615207e-01	2.673268133938384028e-01	1.604274066298846946e-01	7.535277434494780380e-02	3.205129370945254685e-02	8.141492238662473291e-02
1.320711268327892412e+03	2.351012740232986675e-01	1.478413916052800925e-01	2.675316399815040325e-01	1.605484190007107070e-01	7.539980168283634543e-02	3.208490849196132116e-02	8.149256521427013233e-02
1.323130153434719887e+03	2.348143708151987086e-01	1.476455386806330150e-01	2.677358652628153979e-01	1.606690873108239936e-01	7.544670026150238074e-02	3.211844544793233946e-02	8.156999222095556723e-02
1.325549038541547588e+03	2.345282780324229044e-01	1.474502392306970555e-01	2.679394909513266865e-01	1.607894126008505564e-01	7.549347050608984366e-02	3.215190469396456141e-02	8.164720398450978078e-02
1.327967923648375290e+03	2.342429933806002562e-01	1.472554916871307018e-01	2.681425187557334722e-01	1.609093959077267100e-01	7.554011283993383730e-02	3.218528634715148856e-02	8.172420108158491570e-02
1.330386808755202765e+03	2.339585145718981185e-01	1.470612944860613391e-01	2.683449503798866487e-01	1.610290382647175111e-01	7.558662768457086178e-02	3.221859052507283772e-02	8.180098408765409945e-02
1.332805693862030694e+03	2.336748393250029643e-01	1.468676460680725937e-01	2.685467875228059187e-01	1.611483407014354663e-01	7.563301545974909779e-02	3.225181734578632525e-02	8.187755357700908510e-02
1.335224578968857941e+03	2.333919653651011505e-01	1.466745448781915373e-01	2.687480318786938382e-01	1.612673042438588500e-01	7.567927658343849562e-02	3.228496692781952782e-02	8.195391012275808629e-02
1.337643464075685870e+03	2.331098904238598502e-01	1.464819893658760863e-01	2.689486851369493059e-01	1.613859299143499959e-01	7.572541147184087829e-02	3.231803939016182625e-02	8.203005429682348748e-02
1.340062349182513572e+03	2.328286122394079005e-01	1.462899779850023729e-01	2.691487489821813850e-01	1.615042187316734767e-01	7.577142053939996125e-02	3.235103485225641895e-02	8.210598666993985939e-02
1.342481234289341273e+03	2.325481285563168743e-01	1.460985091938520886e-01	2.693482250942229594e-01	1.616221717110139788e-01	7.581730419881120564e-02	3.238395343399241844e-02	8.218170781165182182e-02
1.344900119396168748e+03	2.322684371255821500e-01	1.459075814550998551e-01	2.695471151481441119e-01	1.617397898639942044e-01	7.586306286103182417e-02	3.241679525569703818e-02	8.225721829031215626e-02
1.347319004502996449e+03	2.319895357046040107e-01	1.457171932358008182e-01	2.697454208142658350e-01	1.618570741986925243e-01	7.590869693529042617e-02	3.244956043812784185e-02	8.233251867307989080e-02
1.349737889609823924e+03	2.317114220571689365e-01	1.455273430073779350e-01	2.699431437581735760e-01	1.619740257196606303e-01	7.595420682909681531e-02	3.248224910246506891e-02	8.240760952591841271e-02
1.352156774716651853e+03	2.314340939534307307e-01	1.453380292456096234e-01	2.701402856407305042e-01	1.620906454279409659e-01	7.599959294825162082e-02	3.251486137030407120e-02	8.248249141359380310e-02
1.354575659823479100e+03	2.311575491698920626e-01	1.451492504306172715e-01	2.703368481180912219e-01	1.622069343210839620e-01	7.604485569685591473e-02	3.254739736364776342e-02	8.255716489967308835e-02
1.356994544930307029e+03	2.308817854893857879e-01	1.449610050468527478e-01	2.705328328417149764e-01	1.623228933931652740e-01	7.608999547732071822e-02	3.257985720489923326e-02	8.263163054652258865e-02
1.359413430037134731e+03	2.306068007010563525e-01	1.447732915830860223e-01	2.707282414583789820e-01	1.624385236348027950e-01	7.613501269037642460e-02	3.261224101685430976e-02	8.270588891530641917e-02
1.361832315143962205e+03	2.303325926003414181e-01	1.445861085323928430e-01	2.709230756101919657e-01	1.625538260331736706e-01	7.617990773508222235e-02	3.264454892269434000e-02	8.277994056598493577e-02
1.364251200250789907e+03	2.300591589889534327e-01	1.443994543921423568e-01	2.711173369346069895e-01	1.626688015720309244e-01	7.622468100883542097e-02	3.267678104597893790e-02	8.285378605731331947e-02
1.366670085357617609e+03	2.297864976748613675e-01	1.442133276639847583e-01	2.713110270644352728e-01	1.627834512317202775e-01	7.626933290738066584e-02	3.270893751063885108e-02	8.292742594684016089e-02
1.369088970464445310e+03	2.295146064722723422e-01	1.440277268538391053e-01	2.715041476278590160e-01	1.628977759891966359e-01	7.631386382481918085e-02	3.274101844096886232e-02	8.300086079090622515e-02
1.371507855571272785e+03	2.292434832016134461e-01	1.438426504718809673e-01	2.716967002484446669e-01	1.630117768180404658e-01	7.635827415361785830e-02	3.277302396162082992e-02	8.307409114464313349e-02
1.373926740678100487e+03	2.289731256895137235e-01	1.436580970325303241e-01	2.718886865451559109e-01	1.631254546884741974e-01	7.640256428461833504e-02	3.280495419759674181e-02	8.314711756197215586e-02
1.376345625784927961e+03	2.287035317687859115e-01	1.434740650544392704e-01	2.720801081323669379e-01	1.632388105673782952e-01	7.644673460704598522e-02	3.283680927424183910e-02	8.321994059560312851e-02
1.378764510891755890e+03	2.284346992784084818e-01	1.432905530604799416e-01	2.722709666198755429e-01	1.633518454183073843e-01	7.649078550851888536e-02	3.286858931723785071e-02	8.329256079703331594e-02
1.381183395998583137e+03	2.281666260635076826e-01	1.431075595777324128e-01	2.724612636129158383e-01	1.634645602015061816e-01	7.653471737505665451e-02	3.290029445259624180e-02	8.336497871654639791e-02
1.383602281105411066e+03	2.278993099753397478e-01	1.429250831374724862e-01	2.726510007121714096e-01	1.635769558739253171e-01	7.657853059108929439e-02	3.293192480665158711e-02	8.343719490321155341e-02
1.386021166212238768e+03	2.276327488712728830e-01	1.427431222751597839e-01	2.728401795137883612e-01	1.636890333892369875e-01	7.662222553946596015e-02	3.296348050605497904e-02	8.350920990488247542e-02
1.388440051319066470e+03	2.273669406147695582e-01	1.425616755304256189e-01	2.730288016093880277e-01	1.638007936978505830e-01	7.666580260146357850e-02	3.299496167776750505e-02	8.358102426819655206e-02
1.390858936425893944e+03	2.271018830753688544e-01	1.423807414470610044e-01	2.732168685860798529e-01	1.639122377469282577e-01	7.670926215679556293e-02	3.302636844905378760e-02	8.365263853857408949e-02
1.393277821532721646e+03	2.268375741286687286e-01	1.422003185730048580e-01	2.734043820264742686e-01	1.640233664804000846e-01	7.675260458362032079e-02	3.305770094747560034e-02	8.372405326021749306e-02
1.395696706639549120e+03	2.265740116563084161e-01	1.420204054603318167e-01	2.735913435086955725e-01	1.641341808389795431e-01	7.679583025854981593e-02	3.308895930088556064e-02	8.379526897611060121e-02
1.398115591746377049e+03	2.263111935459508894e-01	1.418410006652405242e-01	2.737777546063944745e-01	1.642446817601785347e-01	7.683893955665803410e-02	3.312014363742084300e-02	8.386628622801804711e-02
1.400534476853204296e+03	2.260491176912654554e-01	1.416621027480416961e-01	2.739636168887609191e-01	1.643548701783223154e-01	7.688193285148928191e-02	3.315125408549701030e-02	8.393710555648467575e-02
1.402953361960032225e+03	2.257877819919101581e-01	1.414837102731462959e-01	2.741489319205367425e-01	1.644647470245646781e-01	7.692481051506663836e-02	3.318229077380188685e-02	8.400772750083494722e-02
1.405372247066859927e+03	2.255271843535145149e-01	1.413058218090537943e-01	2.743337012620282178e-01	1.645743132269026077e-01	7.696757291790019828e-02	3.321325383128947289e-02	8.407815259917247874e-02
1.407791132173687402e+03	2.252673226876622248e-01	1.411284359283403178e-01	2.745179264691190446e-01	1.646835697101909357e-01	7.701022042899527409e-02	3.324414338717392864e-02	8.414838138837957282e-02
1.410210017280515103e+03	2.250081949118738767e-01	1.409515512076469634e-01	2.747016090932822840e-01	1.647925173961570511e-01	7.705275341586058369e-02	3.327495957092366230e-02	8.421841440411685642e-02
1.412628902387342805e+03	2.247497989495896853e-01	1.407751662276681137e-01	2.748847506815934594e-01	1.649011572034153883e-01	7.709517224451632733e-02	3.330570251225541817e-02	8.428825218082287851e-02
1.415047787494170507e+03	2.244921327301524772e-01	1.405992795731396960e-01	2.750673527767427129e-01	1.650094900474817772e-01	7.713747727950230615e-02	3.333637234112848957e-02	8.435789525171383252e-02
1.417466672600997981e+03	2.242351941887904820e-01	1.404238898328275809e-01	2.752494169170473515e-01	1.651175168407877925e-01	7.717966888388587410e-02	3.336696918773892490e-02	8.442734414878329263e-02
1.419885557707825683e+03	2.239789812666003466e-01	1.402489955995160076e-01	2.754309446364643366e-01	1.652252384926948814e-01	7.722174741926988994e-02	3.339749318251382382e-02	8.449659940280200565e-02
1.422304442814653157e+03	2.237234919105301756e-01	1.400745954699960383e-01	2.756119374646024967e-01	1.653326559095085191e-01	7.726371324580064148e-02	3.342794445610572374e-02	8.456566154331771057e-02
1.424723327921481086e+03	2.234687240733624902e-01	1.399006880450539003e-01	2.757923969267350728e-01	1.654397699944921696e-01	7.730556672217564484e-02	3.345832313938698621e-02	8.463453109865499979e-02
1.427142213028308333e+03	2.232146757136974913e-01	1.397272719294596066e-01	2.759723245438120420e-01	1.655465816478811636e-01	7.734730820565144382e-02	3.348862936344428054e-02	8.470320859591523588e-02
1.429561098135136262e+03	2.229613447959362116e-01	1.395543457319553537e-01	2.761517218324722189e-01	1.656530917668964931e-01	7.738893805205133980e-02	3.351886325957308815e-02	8.477169456097656541e-02
1.431979983241963964e+03	2.227087292902636684e-01	1.393819080652442810e-01	2.763305903050554679e-01	1.657593012457586057e-01	7.743045661577308003e-02	3.354902495927235967e-02	8.483998951849386350e-02
1.434398868348791666e+03	2.224568271726321822e-01	1.392099575459787852e-01	2.765089314696152489e-01	1.658652109757008386e-01	7.747186424979643493e-02	3.357911459423905398e-02	8.490809399189881701e-02
1.436817753455619140e+03	2.222056364247448068e-01	1.390384927947493354e-01	2.766867468299303856e-01	1.659708218449830741e-01	7.751316130569087248e-02	3.360913229636293409e-02	8.497600850339993850e-02
1.439236638562446842e+03	2.219551550340386759e-01	1.388675124360730928e-01	2.768640378855174999e-01	1.660761347389050624e-01	7.755434813362296897e-02	3.363907819772125191e-02	8.504373357398280209e-02
1.441655523669274316e+03	2.217053809936682940e-01	1.386970150983825589e-01	2.770408061316429471e-01	1.661811505398198274e-01	7.759542508236395852e-02	3.366895243057359960e-02	8.511126972341014063e-02
1.444074408776102018e+03	2.214563123024892999e-01	1.385269994140143901e-01	2.772170530593349169e-01	1.662858701271467954e-01	7.763639249929712993e-02	3.369875512735674705e-02	8.517861747022202612e-02
1.446493293882929493e+03	2.212079469650418406e-01	1.383574640191979899e-01	2.773927801553955907e-01	1.663902943773850063e-01	7.767725073042518191e-02	3.372848642067956260e-02	8.524577733173616112e-02
1.448912178989757422e+03	2.209602829915341404e-01	1.381884075540444068e-01	2.775679889024129099e-01	1.664944241641260758e-01	7.771800012037757832e-02	3.375814644331798231e-02	8.531274982404819796e-02
1.451331064096585123e+03	2.207133183978262636e-01	1.380198286625351767e-01	2.777426807787727325e-01	1.665982603580673516e-01	7.775864101241777848e-02	3.378773532821006259e-02	8.537953546203191912e-02
1.453749949203412370e+03	2.204670512054138776e-01	1.378517259925110261e-01	2.779168572586707131e-01	1.667018038270244307e-01	7.779917374845048139e-02	3.381725320845099803e-02	8.544613475933973690e-02
1.456168834310240300e+03	2.202214794414117660e-01	1.376840981956609367e-01	2.780905198121241262e-01	1.668050554359443438e-01	7.783959866902882829e-02	3.384670021728829192e-02	8.551254822840304026e-02
1.458587719417068001e+03	2.199766011385378139e-01	1.375169439275108763e-01	2.782636699049837459e-01	1.669080160469179064e-01	7.787991611336145259e-02	3.387607648811691297e-02	8.557877638043258350e-02
1.461006604523895703e+03	2.197324143350968817e-01	1.373502618474128356e-01	2.784363089989458917e-01	1.670106865191925416e-01	7.792012641931965466e-02	3.390538215447452819e-02	8.564481972541898580e-02
1.463425489630723177e+03	2.194889170749645679e-01	1.371840506185338648e-01	2.786084385515639195e-01	1.671130677091846595e-01	7.796022992344432689e-02	3.393461735003679841e-02	8.571067877213324471e-02
1.465844374737550879e+03	2.192461074075712502e-01	1.370183089078449434e-01	2.787800600162599896e-01	1.672151604704922301e-01	7.800022696095305907e-02	3.396378220861268060e-02	8.577635402812720800e-02
1.468263259844378354e+03	2.190039833878861530e-01	1.368530353861100446e-01	2.789511748423371129e-01	1.673169656539069960e-01	7.804011786574696630e-02	3.399287686413982046e-02	8.584184599973423979e-02
1.470682144951206283e+03	2.187625430764012502e-01	1.366882287278754216e-01	2.791217844749905308e-01	1.674184841074268515e-01	7.807990297041764172e-02	3.402190145067997967e-02	8.590715519206972017e-02
1.473101030058033530e+03	2.185217845391154989e-01	1.365238876114583666e-01	2.792918903553193721e-01	1.675197166762679157e-01	7.811958260625394279e-02	3.405085610241450483e-02	8.597228210903173906e-02
1.475519915164861459e+03	2.182817058475189642e-01	1.363600107189365529e-01	2.794614939203385884e-01	1.676206642028767180e-01	7.815915710324886079e-02	3.407974095363986572e-02	8.603722725330173460e-02
1.477938800271689161e+03	2.180423050785769423e-01	1.361965967361371821e-01	2.796305966029902224e-01	1.677213275269422432e-01	7.819862679010620987e-02	3.410855613876320747e-02	8.610199112634520091e-02
1.480357685378516862e+03	2.178035803147143068e-01	1.360336443526261596e-01	2.797991998321551765e-01	1.678217074854077839e-01	7.823799199424738560e-02	3.413730179229798600e-02	8.616657422841245140e-02
1.482776570485344337e+03	2.175655296437996877e-01	1.358711522616973255e-01	2.799673050326644819e-01	1.679218049124828194e-01	7.827725304181798460e-02	3.416597804885961043e-02	8.623097705853928485e-02
