1.301360187473271253e+03	2.364175087816956233e-01	1.503355733250022197e-01	2.608720892266046532e-01	1.616064470120446850e-01	7.623393484598267600e-02	3.214302641038882524e-02	8.239142039814201235e-02
1.306197957686926657e+03	2.358360815874101513e-01	1.499314279558345564e-01	2.612524145669881115e-01	1.618683135083428537e-01	7.634129499950403908e-02	3.221497208052023081e-02	8.255549530126073121e-02
1.311035727900581833e+03	2.352579583134556118e-01	1.495295360434512333e-01	2.616304628303718904e-01	1.621286834710491953e-01	7.644810685859550203e-02	3.228660544543172917e-02	8.271864703750544945e-02
1.315873498114237009e+03	2.346831195283557714e-01	1.491298855010717572e-01	2.620062490313612158e-01	1.623875651245409446e-01	7.655437314260253590e-02	3.235792725050985058e-02	8.288088042141855682e-02
1.320711268327892412e+03	2.341115459322794801e-01	1.487324642926335094e-01	2.623797880657572912e-01	1.626449666541914252e-01	7.666009655621906782e-02	3.242893824981933626e-02	8.304220024896050156e-02
1.325549038541547588e+03	2.335432183556868935e-01	1.483372604330081279e-01	2.627510947117338569e-01	1.629008962064562305e-01	7.676527978964176047e-02	3.249963920586104726e-02	8.320261129747273665e-02
1.330386808755202765e+03	2.329781177580003970e-01	1.479442619882021526e-01	2.631201836310000375e-01	1.631553618889601542e-01	7.686992551872025292e-02	3.257003088933486251e-02	8.336211832564284496e-02
1.335224578968857941e+03	2.324162252262997330e-01	1.475534570755423769e-01	2.634870693699504773e-01	1.634083717705856476e-01	7.697403640510316891e-02	3.264011407890715644e-02	8.352072607347206523e-02
1.340062349182513572e+03	2.318575219740411086e-01	1.471648338638464892e-01	2.638517663608027086e-01	1.636599338815619142e-01	7.707761509638041963e-02	3.270988956098310613e-02	8.367843926224491358e-02
1.344900119396168748e+03	2.313019893397989246e-01	1.467783805735794755e-01	2.642142889227210301e-01	1.639100562135550887e-01	7.718066422622166245e-02	3.277935812948340466e-02	8.383526259450106710e-02
1.349737889609823924e+03	2.307496087860302358e-01	1.463940854769960886e-01	2.645746512629286729e-01	1.641587467197597461e-01	7.728318641451112359e-02	3.284852058562552635e-02	8.399120075400923202e-02
1.354575659823479100e+03	2.302003618978610278e-01	1.460119368982702170e-01	2.649328674778066439e-01	1.644060133149911895e-01	7.738518426747903467e-02	3.291737773770930103e-02	8.414625840574319060e-02
1.359413430037134731e+03	2.296542303818938924e-01	1.456319232136110142e-01	2.652889515539804122e-01	1.646518638757790420e-01	7.748666037782958593e-02	3.298593040090679746e-02	8.430044019585984649e-02
1.364251200250789907e+03	2.291111960650364376e-01	1.452540328513668155e-01	2.656429173693943269e-01	1.648963062404616708e-01	7.758761732486574303e-02	3.305417939705632829e-02	8.445375075167925460e-02
1.369088970464445310e+03	2.285712408933499862e-01	1.448782542921168426e-01	2.659947786943739345e-01	1.651393482092818610e-01	7.768805767461076095e-02	3.312212555446059775e-02	8.460619468166656609e-02
1.373926740678100487e+03	2.280343469309182025e-01	1.445045760687513059e-01	2.663445491926759723e-01	1.653809975444834601e-01	7.778798397992688074e-02	3.318976970768880430e-02	8.475777657541594401e-02
1.378764510891755890e+03	2.275004963587347884e-01	1.441329867665401832e-01	2.666922424225265931e-01	1.656212619704090505e-01	7.788739878063094535e-02	3.325711269738271247e-02	8.490850100363631081e-02
1.383602281105411066e+03	2.269696714736102461e-01	1.437634750231910064e-01	2.670378718376477667e-01	1.658601491735988143e-01	7.798630460360729544e-02	3.332415537006652023e-02	8.505837251813892774e-02
1.388440051319066470e+03	2.264418546870968496e-01	1.433960295288964071e-01	2.673814507882719127e-01	1.660976668028902592e-01	7.808470396291786186e-02	3.339089857796051497e-02	8.520739565182680608e-02
1.393277821532721646e+03	2.259170285244314069e-01	1.430306390263709759e-01	2.677229925221451534e-01	1.663338224695191103e-01	7.818259935990971854e-02	3.345734317879837244e-02	8.535557491868588087e-02
1.398115591746377049e+03	2.253951756234958137e-01	1.426672923108789348e-01	2.680625101855187431e-01	1.665686237472211728e-01	7.827999328332004014e-02	3.352349003564810553e-02	8.550291481377779446e-02
1.402953361960032225e+03	2.248762787337943714e-01	1.423059782302516785e-01	2.684000168241296169e-01	1.668020781723351942e-01	7.837688820937870060e-02	3.358934001673651026e-02	8.564941981323458131e-02
1.407791132173687402e+03	2.243603207154477863e-01	1.419466856848965730e-01	2.687355253841692271e-01	1.670341932439066701e-01	7.847328660190837357e-02	3.365489399527708120e-02	8.579509437425487939e-02
1.412628902387342805e+03	2.238472845382034615e-01	1.415894036277966228e-01	2.690690487132420539e-01	1.672649764237928438e-01	7.856919091242246800e-02	3.372015284930131307e-02	8.593994293510182070e-02
1.417466672600997981e+03	2.233371532804614978e-01	1.412341210645016998e-01	2.694005995613124038e-01	1.674944351367683992e-01	7.866460358022087096e-02	3.378511746149330530e-02	8.608396991510242069e-02
1.422304442814653157e+03	2.228299101283163219e-01	1.408808270531115292e-01	2.697301905816405498e-01	1.677225767706323201e-01	7.875952703248349784e-02	3.384978871902768333e-02	8.622717971464873010e-02
1.427142213028308333e+03	2.223255383746132186e-01	1.405295107042505987e-01	2.700578343317084906e-01	1.679494086763155813e-01	7.885396368436185799e-02	3.391416751341057301e-02	8.636957671520034685e-02
1.431979983241963964e+03	2.218240214180196290e-01	1.401801611810354897e-01	2.703835432741346634e-01	1.681749381679898125e-01	7.894791593906858029e-02	3.397825474032387105e-02	8.651116527928855160e-02
1.436817753455619140e+03	2.213253427621108271e-01	1.398327676990347157e-01	2.707073297775787757e-01	1.683991725231768766e-01	7.904138618796510696e-02	3.404205129947242281e-02	8.665194975052185888e-02
1.441655523669274316e+03	2.208294860144697502e-01	1.394873195262213983e-01	2.710292061176354239e-01	1.686221189828592537e-01	7.913437681064748597e-02	3.410555809443427400e-02	8.679193445359303927e-02
1.446493293882929493e+03	2.203364348858002364e-01	1.391438059829188945e-01	2.713491844777181083e-01	1.688437847515914247e-01	7.922689017503045661e-02	3.416877603251385759e-02	8.693112369428759867e-02
1.451331064096585123e+03	2.198461731890538895e-01	1.388022164417401505e-01	2.716672769499331452e-01	1.690641769976120312e-01	7.931892863742966149e-02	3.423170602459802564e-02	8.706952175949361772e-02
1.456168834310240300e+03	2.193586848385699062e-01	1.384625403275202005e-01	2.719834955359431428e-01	1.692833028529568684e-01	7.941049454264244301e-02	3.429434898501495382e-02	8.720713291721299276e-02
1.461006604523895703e+03	2.188739538492276426e-01	1.381247671172426694e-01	2.722978521478208180e-01	1.695011694135728220e-01	7.950159022402680797e-02	3.435670583139576600e-02	8.734396141657393975e-02
1.465844374737550879e+03	2.183919643356117546e-01	1.377888863399603647e-01	2.726103586088931552e-01	1.697177837394323874e-01	7.959221800357894894e-02	3.441877748453893437e-02	8.748001148784494141e-02
1.470682144951206283e+03	2.179127005111891890e-01	1.374548875767100387e-01	2.729210266545756824e-01	1.699331528546491610e-01	7.968238019200926670e-02	3.448056486827724698e-02	8.761528734244995731e-02
1.475519915164861459e+03	2.174361466874985827e-01	1.371227604604214612e-01	2.732298679331972568e-01	1.701472837475939970e-01	7.977207908881700504e-02	3.454206890934746060e-02	8.774979317298478576e-02
1.480357685378516862e+03	2.169622872733507901e-01	1.367924946758214966e-01	2.735368940068155785e-01	1.703601833710119973e-01	7.986131698236334509e-02	3.460329053726250714e-02	8.788353315323484127e-02
1.485195455592172038e+03	2.164911067740410977e-01	1.364640799593328513e-01	2.738421163520230461e-01	1.705718586421400562e-01	7.995009614994330605e-02	3.466423068418615638e-02	8.801651143819404222e-02
1.490033225805827215e+03	2.160225897905722336e-01	1.361375060989678532e-01	2.741455463607437304e-01	1.707823164428253770e-01	8.003841885785625831e-02	3.472489028481019063e-02	8.814873216408489198e-02
1.494870996019482618e+03	2.155567210188885641e-01	1.358127629342175124e-01	2.744471953410211329e-01	1.709915636196443767e-01	8.012628736147518749e-02	3.478527027623395246e-02	8.828019944837982302e-02
1.499708766233137567e+03	2.150934852491205584e-01	1.354898403559360309e-01	2.747470745177967855e-01	1.711996069840225621e-01	8.021370390531477879e-02	3.484537159784630717e-02	8.841091738982359560e-02
1.504546536446793198e+03	2.146328673648398855e-01	1.351687283062209255e-01	2.750451950336800233e-01	1.714064533123547118e-01	8.030067072309826637e-02	3.490519519120986736e-02	8.854089006845687615e-02
1.509384306660448374e+03	2.141748523423245010e-01	1.348494167782889053e-01	2.753415679497093760e-01	1.716121093461260294e-01	8.038719003782329731e-02	3.496474199994754894e-02	8.867012154564089810e-02
1.514222076874103550e+03	2.137194252498336999e-01	1.345318958163477796e-01	2.756362042461044659e-01	1.718165817920336846e-01	8.047326406182644942e-02	3.502401296963129906e-02	8.879861586408321905e-02
1.519059847087758726e+03	2.132665712468926056e-01	1.342161555154642028e-01	2.759291148230101909e-01	1.720198773221089938e-01	8.055889499684693034e-02	3.508300904767307216e-02	8.892637704786450492e-02
1.523897617301414357e+03	2.128162755835867059e-01	1.339021860214280324e-01	2.762203105012320248e-01	1.722220025738401827e-01	8.064408503408913853e-02	3.514173118321795020e-02	8.905340910246645203e-02
1.528735387515069533e+03	2.123685235998649945e-01	1.335899775306128301e-01	2.765098020229628251e-01	1.724229641502957044e-01	8.072883635428419746e-02	3.520018032703930294e-02	8.917971601480058352e-02
1.533573157728724709e+03	2.119233007248526590e-01	1.332795202898330866e-01	2.767976000525015357e-01	1.726227686202481959e-01	8.081315112775061538e-02	3.525835743143612699e-02	8.930530175323815600e-02
1.538410927942380113e+03	2.114805924761724298e-01	1.329708045961979779e-01	2.770837151769639517e-01	1.728214225182986563e-01	8.089703151445404306e-02	3.531626345013229307e-02	8.943017026764099597e-02
1.543248698156035516e+03	2.110403844592745881e-01	1.326638207969621230e-01	2.773681579069850467e-01	1.730189323450014582e-01	8.098047966406596299e-02	3.537389933817789572e-02	8.955432548939330772e-02
1.548086468369690692e+03	2.106026623667756059e-01	1.323585592893730956e-01	2.776509386774135280e-01	1.732153045669895530e-01	8.106349771602175402e-02	3.543126605185248357e-02	8.967777133143441104e-02
1.552924238583346096e+03	2.101674119778048910e-01	1.320550105205163804e-01	2.779320678479984541e-01	1.734105456171003423e-01	8.114608779957767359e-02	3.548836454857023232e-02	8.980051168829240871e-02
1.557762008797001272e+03	2.097346191573599972e-01	1.317531649871571953e-01	2.782115557040683584e-01	1.736046618945018827e-01	8.122825203386724313e-02	3.554519578678701219e-02	8.992255043611870058e-02
1.562599779010656675e+03	2.093042698556694114e-01	1.314530132355798131e-01	2.784894124572021568e-01	1.737976597648195343e-01	8.130999252795668986e-02	3.560176072590928720e-02	9.004389143272345519e-02
1.567437549224311852e+03	2.088763501075634466e-01	1.311545458614243598e-01	2.787656482458930052e-01	1.739895455602629981e-01	8.139131138089970852e-02	3.565806032620481847e-02	9.016453851761192795e-02
1.572275319437967255e+03	2.084508460318525713e-01	1.308577535095211408e-01	2.790402731362046085e-01	1.741803255797537975e-01	8.147221068179148762e-02	3.571409554871518566e-02	9.028449551202151480e-02
1.577113089651622431e+03	2.080277438307132631e-01	1.305626268737226647e-01	2.793132971224195349e-01	1.743700060890530090e-01	8.155269250982200013e-02	3.576986735517000832e-02	9.040376621895976350e-02
1.581950859865277607e+03	2.076070297890813821e-01	1.302691566967335568e-01	2.795847301276812580e-01	1.745585933208894103e-01	8.163275893432858643e-02	3.582537670790290202e-02	9.052235442324316206e-02
1.586788630078933011e+03	2.071886902740524283e-01	1.299773337699380582e-01	2.798545820046281496e-01	1.747460934750880157e-01	8.171241201484788497e-02	3.588062456976913450e-02	9.064026389153659324e-02
1.591626400292587959e+03	2.067727117342889331e-01	1.296871489332258875e-01	2.801228625360206448e-01	1.749325127186988627e-01	8.179165380116719397e-02	3.593561190406491246e-02	9.075749837239374673e-02
1.596464170506243590e+03	2.063590806994348714e-01	1.293985930748161595e-01	2.803895814353615235e-01	1.751178571861260191e-01	8.187048633337505599e-02	3.599033967444829896e-02	9.087406159629815572e-02
1.601301940719898766e+03	2.059477837795366806e-01	1.291116571310791661e-01	2.806547483475091420e-01	1.753021329792570637e-01	8.194891164191138444e-02	3.604480884486172682e-02	9.098995727570495518e-02
1.606139710933553943e+03	2.055388076644708018e-01	1.288263320863566597e-01	2.809183728492835597e-01	1.754853461675927317e-01	8.202693174761686856e-02	3.609902037945604547e-02	9.110518910508347279e-02
1.610977481147209119e+03	2.051321391233779656e-01	1.285426089727806642e-01	2.811804644500664474e-01	1.756675027883766449e-01	8.210454866178192035e-02	3.615297524251615685e-02	9.121976076096037500e-02
1.615815251360864750e+03	2.047277650041036401e-01	1.282604788700903997e-01	2.814410325923937806e-01	1.758486088467255959e-01	8.218176438619499702e-02	3.620667439838814311e-02	9.133367590196365959e-02
1.620653021574519926e+03	2.043256722326447505e-01	1.279799329054480128e-01	2.817000866525423142e-01	1.760286703157597499e-01	8.225858091319039611e-02	3.626011881140780296e-02	9.144693816886712012e-02
1.625490791788175102e+03	2.039258478126026175e-01	1.277009622532527811e-01	2.819576359411093969e-01	1.762076931367333177e-01	8.233500022569560650e-02	3.631330944583078396e-02	9.155955118463567077e-02
1.630328562001830505e+03	2.035282788246416119e-01	1.274235581349539848e-01	2.822136897035862901e-01	1.763856832191650903e-01	8.241102429727803491e-02	3.636624726576397765e-02	9.167151855447115694e-02
1.635166332215485909e+03	2.031329524259540276e-01	1.271477118188626965e-01	2.824682571209252147e-01	1.765626464409695562e-01	8.248665509219130221e-02	3.641893323509845515e-02	9.178284386585883192e-02
1.640004102429141085e+03	2.027398558497304770e-01	1.268734146199624047e-01	2.827213473101003460e-01	1.767385886485876856e-01	8.256189456542109562e-02	3.647136831744370034e-02	9.189353068861444429e-02
1.644841872642796488e+03	2.023489764046360051e-01	1.266006578997182497e-01	2.829729693246619271e-01	1.769135156571183254e-01	8.263674466273052133e-02	3.652355347606320302e-02	9.200358257493192193e-02
1.649679642856451665e+03	2.019603014742917813e-01	1.263294330658856768e-01	2.832231321552852177e-01	1.770874332504493998e-01	8.271120732070498527e-02	3.657548967381143296e-02	9.211300305943159739e-02
1.654517413070107068e+03	2.015738185167623153e-01	1.260597315723178402e-01	2.834718447303128386e-01	1.772603471813893605e-01	8.278528446679669917e-02	3.662717787307202821e-02	9.222179565920904376e-02
1.659355183283762244e+03	2.011895150640476693e-01	1.257915449187722023e-01	2.837191159162910092e-01	1.774322631717987209e-01	8.285897801936870088e-02	3.667861903569735738e-02	9.232996387388443804e-02
1.664192953497417420e+03	2.008073787215814421e-01	1.255248646507163557e-01	2.839649545185005675e-01	1.776031869127215890e-01	8.293228988773854171e-02	3.672981412294928222e-02	9.243751118565238234e-02
1.669030723711072824e+03	2.004273971677334731e-01	1.252596823591329567e-01	2.842093692814813832e-01	1.777731240645173683e-01	8.300522197222148790e-02	3.678076409544114161e-02	9.254444105933237741e-02
1.673868493924728000e+03	2.000495581533177913e-01	1.249959896803241183e-01	2.844523688895515545e-01	1.779420802569925131e-01	8.307777616417340305e-02	3.683146991308101914e-02	9.265075694241968474e-02
1.678706264138383403e+03	1.996738495011055325e-01	1.247337782957149838e-01	2.846939619673212185e-01	1.781100610895323400e-01	8.314995434603320024e-02	3.688193253501613478e-02	9.275646226513670212e-02
1.683544034352038352e+03	1.993002591053425754e-01	1.244730399316568287e-01	2.849341570801996459e-01	1.782770721312327278e-01	8.322175839136498887e-02	3.693215291957843704e-02	9.286156044048489433e-02
1.688381804565693983e+03	1.989287749312722287e-01	1.242137663592295799e-01	2.851729627348981166e-01	1.784431189210319846e-01	8.329319016489974969e-02	3.698213202423134005e-02	9.296605486429707077e-02
1.693219574779349159e+03	1.985593850146623873e-01	1.239559493940437379e-01	2.854103873799267443e-01	1.786082069678426587e-01	8.336425152257685711e-02	3.703187080551760546e-02	9.306994891529014879e-02
1.698057344993004335e+03	1.981920774613373792e-01	1.236995808960420495e-01	2.856464394060855283e-01	1.787723417506834056e-01	8.343494431158503255e-02	3.708137021900828612e-02	9.317324595511841667e-02
1.702895115206659511e+03	1.978268404467144193e-01	1.234446527693006668e-01	2.858811271469511306e-01	1.789355287188107713e-01	8.350527037040315903e-02	3.713063121925282845e-02	9.327594932842712960e-02
1.707732885420315142e+03	1.974636622153445042e-01	1.231911569618299035e-01	2.861144588793572696e-01	1.790977732918509757e-01	8.357523152884063777e-02	3.717965475973020184e-02	9.337806236290660533e-02
1.712570655633970318e+03	1.971025310804576380e-01	1.229390854653748116e-01	2.863464428238708392e-01	1.792590808599315577e-01	8.364482960807755052e-02	3.722844179280108273e-02	9.347958836934661120e-02
1.717408425847625494e+03	1.967434354235123584e-01	1.226884303152153549e-01	2.865770871452625324e-01	1.794194567838131582e-01	8.371406642070440551e-02	3.727699326966105869e-02	9.358053064169120916e-02
1.722246196061280898e+03	1.963863636937497048e-01	1.224391835899665687e-01	2.868063999529721908e-01	1.795789063950211373e-01	8.378294377076164756e-02	3.732531014029490807e-02	9.368089245709397550e-02
1.727083966274936301e+03	1.960313044077509059e-01	1.221913374113782758e-01	2.870343893015696590e-01	1.797374349959769968e-01	8.385146345377894606e-02	3.737339335343182328e-02	9.378067707597356750e-02
1.731921736488591478e+03	1.956782461489997571e-01	1.219448839441348437e-01	2.872610631912104751e-01	1.798950478601299141e-01	8.391962725681396951e-02	3.742124385650160562e-02	9.387988774206959541e-02
1.736759506702246881e+03	1.953271775674485788e-01	1.216998153956547618e-01	2.874864295680866766e-01	1.800517502320882479e-01	8.398743695849116009e-02	3.746886259559186610e-02	9.397852768249892463e-02
1.741597276915902057e+03	1.949780873790883107e-01	1.214561240158901906e-01	2.877104963248727776e-01	1.802075473277505169e-01	8.405489432904009184e-02	3.751625051540614236e-02	9.407660010781222770e-02
1.746435047129557461e+03	1.946309643655224630e-01	1.212138020971264829e-01	2.879332713011672484e-01	1.803624443344366834e-01	8.412200113033356519e-02	3.756340855922297300e-02	9.417410821205091098e-02
1.751272817343212637e+03	1.942857973735449828e-01	1.209728419737816085e-01	2.881547622839290557e-01	1.805164464110191880e-01	8.418875911592543781e-02	3.761033766885583940e-02	9.427105517280426339e-02
1.756110587556867813e+03	1.939425753147218379e-01	1.207332360222057033e-01	2.883749770079097052e-01	1.806695586880537607e-01	8.425517003108834446e-02	3.765703878461403031e-02	9.436744415126695207e-02
1.760948357770523216e+03	1.936012871649762934e-01	1.204949766604806738e-01	2.885939231560808449e-01	1.808217862679102617e-01	8.432123561285093105e-02	3.770351284526443636e-02	9.446327829229686501e-02
1.765786127984178393e+03	1.932619219641778519e-01	1.202580563482198855e-01	2.888116083600570927e-01	1.809731342249031316e-01	8.438695759003507491e-02	3.774976078799409385e-02	9.455856072447310634e-02
1.770623898197833569e+03	1.929244688157348842e-01	1.200224675863679202e-01	2.890280402005147020e-01	1.811236076054219546e-01	8.445233768329273027e-02	3.779578354837370008e-02	9.465329456015428300e-02
1.775461668411488745e+03	1.925889168861907863e-01	1.197882029170005830e-01	2.892432262076056748e-01	1.812732114280615203e-01	8.451737760514256570e-02	3.784158206032189192e-02	9.474748289553712455e-02
1.780299438625144376e+03	1.922552554048234941e-01	1.195552549231250344e-01	2.894571738613674339e-01	1.814219506837519980e-01	8.458207906000644871e-02	3.788715725607039175e-02	9.484112881071525558e-02
1.785137208838799552e+03	1.919234736632485228e-01	1.193236162284801033e-01	2.896698905921287204e-01	1.815698303358889154e-01	8.464644374424566686e-02	3.793251006612990972e-02	9.493423536973824572e-02
1.789974979052454728e+03	1.915935610150254764e-01	1.190932794973368625e-01	2.898813837809106064e-01	1.817168553204625836e-01	8.471047334619682956e-02	3.797764141925687176e-02	9.502680562067085390e-02
1.794812749266109904e+03	1.912655068752677490e-01	1.188642374342994967e-01	2.900916607598237329e-01	1.818630305461878538e-01	8.477416954620775602e-02	3.802255224242093168e-02	9.511884259565252242e-02
1.799650519479765535e+03	1.909393007202556669e-01	1.186364827841063507e-01	2.903007288124614949e-01	1.820083608946332088e-01	8.483753401667300242e-02	3.806724346077324656e-02	9.521034931095703757e-02
1.804488289693420711e+03	1.906149320870527408e-01	1.184100083314314211e-01	2.905085951742888972e-01	1.821528512203498262e-01	8.490056842206926413e-02	3.811171599761547374e-02	9.530132876705237066e-02
1.809326059907075887e+03	1.902923905731250809e-01	1.181848069006859597e-01	2.907152670330276356e-01	1.822965063510005035e-01	8.496327441899052813e-02	3.815597077436957280e-02	9.539178394866078270e-02
1.814163830120731291e+03	1.899716658359641708e-01	1.179608713558207012e-01	2.909207515290368473e-01	1.824393310874880270e-01	8.502565365618304505e-02	3.820000871054822500e-02	9.548171782481904013e-02
1.819001600334386467e+03	1.896527475927125006e-01	1.177381946001281737e-01	2.911250557556905871e-01	1.825813302040837360e-01	8.508770777458016243e-02	3.824383072372610631e-02	9.557113334893879708e-02
1.823839370548041643e+03	1.893356256197924192e-01	1.175167695760456210e-01	2.913281867597507513e-01	1.827225084485555040e-01	8.514943840733688041e-02	3.828743772951176405e-02	9.566003345886715803e-02
1.828677140761696819e+03	1.890202897525378734e-01	1.172965892649581870e-01	2.915301515417365597e-01	1.828628705422956080e-01	8.521084717986426860e-02	3.833083064152018049e-02	9.574842107694739313e-02
1.833514910975352450e+03	1.887067298848292274e-01	1.170776466870025734e-01	2.917309570562905408e-01	1.830024211804481826e-01	8.527193570986370263e-02	3.837401037134608589e-02	9.583629911007979230e-02
1.838352681189008081e+03	1.883949359687309422e-01	1.168599349008711680e-01	2.919306102125397984e-01	1.831411650320367568e-01	8.533270560736094801e-02	3.841697782853787518e-02	9.592367044978261648e-02
1.843190451402663257e+03	1.880848980141322235e-01	1.166434470036165072e-01	2.921291178744549466e-01	1.832791067400910689e-01	8.539315847473999410e-02	3.845973392057219081e-02	9.601053797225325703e-02
1.848028221616318433e+03	1.877766060883903909e-01	1.164281761304563900e-01	2.923264868612041600e-01	1.834162509217738823e-01	8.545329590677676335e-02	3.850227955282915782e-02	9.609690453842936742e-02
1.852865991829973609e+03	1.874700503159772158e-01	1.162141154545793531e-01	2.925227239475048369e-01	1.835526021685074671e-01	8.551311949067265383e-02	3.854461562856826423e-02	9.618277299405032787e-02
1.857703762043628785e+03	1.871652208781278692e-01	1.160012581869506593e-01	2.927178358639704880e-01	1.836881650460997495e-01	8.557263080608794314e-02	3.858674304890482437e-02	9.626814616971861305e-02
1.862541532257283961e+03	1.868621080124927281e-01	1.157895975761188551e-01	2.929118292974551285e-01	1.838229440948701554e-01	8.563183142517485913e-02	3.862866271278708741e-02	9.635302688096129831e-02
1.867379302470939592e+03	1.865607020127919291e-01	1.155791269080228001e-01	2.931047108913937271e-01	1.839569438297752046e-01	8.569072291261080332e-02	3.867037551697391495e-02	9.643741792829170489e-02
1.872217072684594768e+03	1.862609932284722547e-01	1.153698395057993209e-01	2.932964872461394923e-01	1.840901687405337162e-01	8.574930682563106088e-02	3.871188235601308314e-02	9.652132209727112833e-02
1.877054842898249490e+03	1.859629720643672657e-01	1.151617287295913089e-01	2.934871649192973275e-01	1.842226232917518192e-01	8.580758471406162158e-02	3.875318412222012593e-02	9.660474215857059455e-02
1.881892613111905121e+03	1.856666289803593495e-01	1.149547879763564845e-01	2.936767504260546779e-01	1.843543119230474092e-01	8.586555812035169544e-02	3.879428170565776129e-02	9.668768086803267159e-02
1.886730383325560297e+03	1.853719544910447936e-01	1.147490106796766746e-01	2.938652502395084909e-01	1.844852390491746597e-01	8.592322857960611737e-02	3.883517599411590027e-02	9.677014096673336452e-02
1.891568153539215928e+03	1.850789391654013016e-01	1.145443903095677701e-01	2.940526707909892346e-01	1.846154090601477282e-01	8.598059761961766856e-02	3.887586787309215558e-02	9.685212518104414914e-02
1.896405923752871104e+03	1.847875736264577573e-01	1.143409203722901418e-01	2.942390184703815303e-01	1.847448263213646580e-01	8.603766676089913412e-02	3.891635822577293319e-02	9.693363622269385305e-02
1.901243693966526507e+03	1.844978485509668753e-01	1.141385944101598326e-01	2.944242996264418433e-01	1.848734951737303622e-01	8.609443751671523593e-02	3.895664793301503726e-02	9.701467678883077261e-02
1.906081464180181683e+03	1.842097546690799614e-01	1.139374060013602502e-01	2.946085205671129525e-01	1.850014199337798315e-01	8.615091139311452373e-02	3.899673787332777475e-02	9.709524956208470670e-02
1.910919234393836859e+03	1.839232827640242263e-01	1.137373487597545252e-01	2.947916875598350916e-01	1.851286048938005080e-01	8.620708988896094715e-02	3.903662892285563596e-02	9.717535721062903198e-02
1.915757004607492036e+03	1.836384236717823748e-01	1.135384163346985775e-01	2.949738068318545903e-01	1.852550543219546320e-01	8.626297449596551092e-02	3.907632195536137748e-02	9.725500238824288934e-02
1.920594774821147894e+03	1.833551682807747774e-01	1.133406024108546822e-01	2.951548845705289636e-01	1.853807724624010889e-01	8.631856669871755539e-02	3.911581784220969499e-02	9.733418773437320370e-02
1.925432545034802843e+03	1.830735075315436389e-01	1.131439007080058123e-01	2.953349269236291708e-01	1.855057635354169232e-01	8.637386797471607869e-02	3.915511745235131930e-02	9.741291587419696751e-02
1.930270315248458019e+03	1.827934324164397772e-01	1.129483049808706480e-01	2.955139399996393745e-01	1.856300317375185471e-01	8.642887979440076751e-02	3.919422165230762589e-02	9.749118941868320509e-02
1.935108085462113195e+03	1.825149339793114556e-01	1.127538090189191822e-01	2.956919298680528718e-01	1.857535812415823939e-01	8.648360362118308331e-02	3.923313130615568162e-02	9.756901096465525614e-02
1.939945855675768371e+03	1.822380033151955181e-01	1.125604066461890485e-01	2.958689025596661915e-01	1.858764161969654882e-01	8.653804091147700162e-02	3.927184727551377708e-02	9.764638309485285106e-02
1.944783625889424002e+03	1.819626315700108021e-01	1.123680917211025559e-01	2.960448640668698062e-01	1.859985407296253224e-01	8.659219311472977909e-02	3.931037041952740313e-02	9.772330837799420022e-02
1.949621396103079178e+03	1.816888099402536871e-01	1.121768581362843492e-01	2.962198203439358468e-01	1.861199589422396772e-01	8.664606167345251242e-02	3.934870159485565067e-02	9.779978936883812479e-02
1.954459166316734354e+03	1.814165296726957810e-01	1.119866998183798590e-01	2.963937773073036519e-01	1.862406749143256934e-01	8.669964802325060005e-02	3.938684165565809608e-02	9.787582860824611819e-02
1.959296936530389530e+03	1.811457820640838823e-01	1.117976107278743220e-01	2.965667408358620971e-01	1.863606927023589710e-01	8.675295359285405128e-02	3.942479145358204068e-02	9.795142862324440758e-02
1.964134706744044706e+03	1.808765584608418853e-01	1.116095848589126610e-01	2.967387167712294826e-01	1.864800163398919186e-01	8.680597980414767045e-02	3.946255183775025654e-02	9.802659192708590430e-02
1.968972476957700337e+03	1.806088502587749334e-01	1.114226162391199620e-01	2.969097109180305893e-01	1.865986498376719094e-01	8.685872807220111624e-02	3.950012365474907250e-02	9.810132101931222370e-02
1.973810247171355968e+03	1.803426489027755153e-01	1.112366989294227421e-01	2.970797290441711258e-01	1.867165971837590199e-01	8.691119980529887767e-02	3.953750774861691797e-02	9.817561838581558009e-02
1.978648017385010689e+03	1.800779458865316984e-01	1.110518270238708693e-01	2.972487768811099551e-01	1.868338623436432144e-01	8.696339640497004198e-02	3.957470496083321382e-02	9.824948649890068164e-02
1.983485787598666320e+03	1.798147327522374994e-01	1.108679946494603163e-01	2.974168601241281573e-01	1.869504492603614731e-01	8.701531926601799305e-02	3.961171613030772115e-02	9.832292781734651432e-02
1.988323557812321269e+03	1.795530010903048646e-01	1.106851959659564677e-01	2.975839844325958161e-01	1.870663618546141715e-01	8.706696977654999892e-02	3.964854209337023011e-02	9.839594478646813969e-02
1.993161328025976900e+03	1.792927425390781482e-01	1.105034251657183719e-01	2.977501554302363629e-01	1.871816040248811264e-01	8.711834931800666038e-02	3.968518368376061645e-02	9.846853983817838163e-02
1.997999098239632076e+03	1.790339487845502009e-01	1.103226764735236037e-01	2.979153787053884228e-01	1.872961796475374474e-01	8.716945926519122090e-02	3.972164173261931441e-02	9.854071539104944377e-02
2.002836868453287707e+03	1.787766115600805672e-01	1.101429441463938619e-01	2.980796598112652185e-01	1.874100925769686954e-01	8.722030098629876549e-02	3.975791706847810192e-02	9.861247385037447133e-02
2.007674638666942428e+03	1.785207226461155150e-01	1.099642224734213303e-01	2.982430042662113645e-01	1.875233466456858455e-01	8.727087584294533629e-02	3.979401051725131588e-02	9.868381760822902971e-02
2.012512408880597604e+03	1.782662738699100080e-01	1.097865057755958301e-01	2.984054175539574416e-01	1.876359456644396684e-01	8.732118519019688163e-02	3.982992290222732434e-02	9.875474904353254146e-02
2.017350179094252780e+03	1.780132571052515933e-01	1.096097884056327076e-01	2.985669051238724059e-01	1.877478934223349161e-01	8.737123037659812186e-02	3.986565504406042182e-02	9.882527052210958451e-02
2.022187949307908411e+03	1.777616642721861484e-01	1.094340647478013878e-01	2.987274723912131114e-01	1.878591936869437595e-01	8.742101274420127632e-02	3.990120776076302306e-02	9.889538439675110704e-02
2.027025719521564042e+03	1.775114873367453772e-01	1.092593292177547609e-01	2.988871247373720008e-01	1.879698502044191422e-01	8.747053362859472103e-02	3.993658186769823148e-02	9.896509300727557301e-02
2.031863489735218764e+03	1.772627183106763038e-01	1.090855762623593461e-01	2.990458675101225205e-01	1.880798666996074953e-01	8.751979435893145198e-02	3.997177817757266438e-02	9.903439868059002449e-02
2.036701259948874394e+03	1.770153492511724602e-01	1.089128003595261490e-01	2.992037060238619262e-01	1.881892468761611481e-01	8.756879625795747912e-02	4.000679750042968053e-02	9.910330373075103283e-02
2.041539030162529116e+03	1.767693722606068218e-01	1.087409960180422408e-01	2.993606455598520899e-01	1.882979944166501551e-01	8.761754064204015091e-02	4.004164064364287845e-02	9.917181045902551118e-02
2.046376800376184747e+03	1.765247794862667419e-01	1.085701577774032811e-01	2.995166913664581987e-01	1.884061129826739844e-01	8.766602882119628459e-02	4.007630841190987919e-02	9.923992115395149916e-02
2.051214570589840150e+03	1.762815631200903566e-01	1.084002802076465544e-01	2.996718486593850095e-01	1.885136062149724567e-01	8.771426209912024097e-02	4.011080160724649069e-02	9.930763809139871168e-02
2.056052340803495554e+03	1.760397153984049612e-01	1.082313579091849637e-01	2.998261226219112729e-01	1.886204777335364624e-01	8.776224177321191589e-02	4.014512102898108725e-02	9.937496353462915710e-02
2.060890111017150957e+03	1.757992286016669681e-01	1.080633855126416631e-01	2.999795184051217700e-01	1.887267311377181234e-01	8.780996913460446807e-02	4.017926747374935686e-02	9.944189973435746399e-02
2.065727881230805451e+03	1.755600950542036964e-01	1.078963576786855921e-01	3.001320411281372391e-01	1.888323700063406219e-01	8.785744546819214407e-02	4.021324173548926351e-02	9.950844892881120785e-02
2.070565651444461309e+03	1.753223071239567998e-01	1.077302690978675509e-01	3.002836958783425270e-01	1.889373978978076407e-01	8.790467205265785344e-02	4.024704460543637036e-02	9.957461334379101581e-02
2.075403421658116713e+03	1.750858572222271925e-01	1.075651144904573170e-01	3.004344877116124080e-01	1.890418183502121097e-01	8.795165016050071616e-02	4.028067687211935033e-02	9.964039519273067136e-02
2.080241191871772116e+03	1.748507378034220017e-01	1.074008886062812473e-01	3.005844216525354606e-01	1.891456348814448130e-01	8.799838105806341571e-02	4.031413932135585743e-02	9.970579667675694147e-02
2.085078962085427065e+03	1.746169413648028523e-01	1.072375862245609074e-01	3.007335026946360568e-01	1.892488509893023862e-01	8.804486600555949671e-02	4.034743273624862014e-02	9.977081998474943147e-02
2.089916732299082469e+03	1.743844604462359837e-01	1.070752021537522414e-01	3.008817358005939635e-01	1.893514701515949528e-01	8.809110625710062092e-02	4.038055789718177774e-02	9.983546729340017634e-02
2.094754502512737417e+03	1.741532876299439203e-01	1.069137312313856725e-01	3.010291259024625576e-01	1.894534958262532875e-01	8.813710306072357337e-02	4.041351558181754261e-02	9.989974076727312080e-02
2.099592272726392821e+03	1.739234155402585580e-01	1.067531683239068413e-01	3.011756779018848196e-01	1.895549314514355654e-01	8.818285765841729629e-02	4.044630656509304312e-02	9.996364255886357186e-02
2.104430042940048224e+03	1.736948368433762491e-01	1.065935083265182465e-01	3.013213966703071067e-01	1.896557804456336094e-01	8.822837128614971491e-02	4.047893161921744393e-02	1.000271748086573459e-01
2.109267813153704083e+03	1.734675442471140250e-01	1.064347461630214542e-01	3.014662870491917057e-01	1.897560462077787780e-01	8.827364517389453547e-02	4.051139151366933699e-02	1.000903396451898741e-01
2.114105583367359031e+03	1.732415305006676787e-01	1.062768767856602931e-01	3.016103538502269421e-01	1.898557321173474366e-01	8.831868054565789050e-02	4.054368701519430601e-02	1.001531391851051278e-01
2.118943353581013525e+03	1.730167883943713181e-01	1.061198951749646457e-01	3.017536018555357913e-01	1.899548415344657903e-01	8.836347861950492877e-02	4.057581888780281004e-02	1.002155755332144321e-01
2.123781123794669384e+03	1.727933107594582796e-01	1.059637963395951010e-01	3.018960358178823244e-01	1.900533778000145224e-01	8.840804060758623850e-02	4.060778789276822676e-02	1.002776507825550584e-01
2.128618894008324787e+03	1.725710904678239010e-01	1.058085753161882442e-01	3.020376604608767668e-01	1.901513442357327943e-01	8.845236771616420135e-02	4.063959478862515240e-02	1.003393670144487049e-01
2.133456664221980191e+03	1.723501204317895441e-01	1.056542271692028773e-01	3.021784804791783352e-01	1.902487441443219685e-01	8.849646114563926302e-02	4.067124033116790993e-02	1.004007262985598670e-01
2.138294434435635139e+03	1.721303936038680316e-01	1.055007469907668777e-01	3.023185005386967994e-01	1.903455808095487478e-01	8.854032209057609293e-02	4.070272527344931390e-02	1.004617306929539294e-01
2.143132204649290543e+03	1.719119029765309448e-01	1.053481299005248478e-01	3.024577252767916558e-01	1.904418574963479827e-01	8.858395173972961889e-02	4.073405036577958105e-02	1.005223822441552034e-01
2.147969974862945492e+03	1.716946415819770033e-01	1.051963710454864864e-01	3.025961593024701357e-01	1.905375774509249498e-01	8.862735127607093699e-02	4.076521635572551150e-02	1.005826829872047967e-01
2.152807745076601350e+03	1.714786024919021379e-01	1.050454655998758341e-01	3.027338071965833266e-01	1.906327439008572155e-01	8.867052187681324915e-02	4.079622398810985040e-02	1.006426349457182484e-01
2.157645515290255844e+03	1.712637788172708675e-01	1.048954087649810463e-01	3.028706735120204607e-01	1.907273600551959714e-01	8.871346471343752316e-02	4.082707400501085770e-02	1.007022401319430660e-01
2.162483285503912157e+03	1.710501637080892035e-01	1.047461957690051931e-01	3.030067627739018721e-01	1.908214291045672029e-01	8.875618095171818045e-02	4.085776714576205143e-02	1.007615005468160546e-01
2.167321055717567106e+03	1.708377503531789410e-01	1.045978218669175869e-01	3.031420794797697882e-01	1.909149542212721096e-01	8.879867175174864513e-02	4.088830414695217991e-02	1.008204181800205074e-01
2.172158825931222509e+03	1.706265319799533386e-01	1.044502823403060110e-01	3.032766280997779007e-01	1.910079385593871359e-01	8.884093826796678195e-02	4.091868574242536055e-02	1.008789950100431460e-01
2.176996596144877003e+03	1.704165018541942411e-01	1.043035724972295603e-01	3.034104130768794372e-01	1.911003852548637527e-01	8.888298164918026489e-02	4.094891266328143375e-02	1.009372330042310334e-01
2.181834366358532861e+03	1.702076532798305619e-01	1.041576876720723688e-01	3.035434388270128458e-01	1.911922974256274887e-01	8.892480303859180701e-02	4.097898563787644860e-02	1.009951341188481816e-01
2.186672136572187810e+03	1.699999795987181261e-01	1.040126232253979488e-01	3.036757097392870364e-01	1.912836781716768519e-01	8.896640357382432085e-02	4.100890539182337757e-02	1.010527002991320339e-01
2.191509906785843214e+03	1.697934741904209566e-01	1.038683745438043898e-01	3.038072301761641225e-01	1.913745305751815007e-01	8.900778438694599559e-02	4.103867264799298392e-02	1.011099334793497534e-01
2.196347676999498617e+03	1.695881304719938087e-01	1.037249370397801823e-01	3.039380044736411102e-01	1.914648577005801933e-01	8.904894660449523547e-02	4.106828812651487637e-02	1.011668355828543447e-01
2.201185447213154021e+03	1.693839418977660660e-01	1.035823061515609156e-01	3.040680369414298090e-01	1.915546625946781822e-01	8.908989134750552874e-02	4.109775254477870954e-02	1.012234085221405955e-01
2.206023217426809424e+03	1.691809019591270780e-01	1.034404773429865310e-01	3.041973318631353562e-01	1.916439482867441924e-01	8.913061973153019180e-02	4.112706661743555786e-02	1.012796541989008509e-01
2.210860987640464373e+03	1.689790041843126089e-01	1.032994461033595046e-01	3.043258934964335194e-01	1.917327177886069822e-01	8.917113286666711325e-02	4.115623105639948376e-02	1.013355745040805528e-01
2.215698757854119776e+03	1.687782421381928688e-01	1.031592079473036272e-01	3.044537260732457784e-01	1.918209740947513231e-01	8.921143185758324823e-02	4.118524657084921686e-02	1.013911713179336260e-01
2.220536528067775180e+03	1.685786094220616815e-01	1.030197584146235745e-01	3.045808337999137416e-01	1.919087201824138389e-01	8.925151780353914044e-02	4.121411386722999975e-02	1.014464465100777119e-01
2.225374298281430583e+03	1.683800996734269306e-01	1.028810930701651583e-01	3.047072208573715080e-01	1.919959590116780412e-01	8.929139179841327767e-02	4.124283364925562800e-02	1.015014019395491240e-01
2.230212068495085077e+03	1.681827065658023368e-01	1.027432075036763537e-01	3.048328914013170299e-01	1.920826935255691981e-01	8.933105493072641956e-02	4.127140661791059428e-02	1.015560394548577217e-01
2.235049838708740936e+03	1.679864238085005401e-01	1.026060973296690215e-01	3.049578495623818664e-01	1.921689266501485915e-01	8.937050828366575883e-02	4.129983347145240596e-02	1.016103608940414904e-01
2.239887608922396339e+03	1.677912451464272647e-01	1.024697581872813928e-01	3.050820994462994373e-01	1.922546612946073874e-01	8.940975293510906863e-02	4.132811490541403454e-02	1.016643680847210546e-01
2.244725379136052197e+03	1.675971643598771210e-01	1.023341857401411648e-01	3.052056451340721122e-01	1.923399003513601990e-01	8.944878995764865559e-02	4.135625161260647609e-02	1.017180628441538698e-01
2.249563149349706237e+03	1.674041752643301573e-01	1.021993756762294286e-01	3.053284906821369105e-01	1.924246466961380131e-01	8.948762041861528516e-02	4.138424428312151987e-02	1.017714469792882909e-01
2.254400919563362095e+03	1.672122717102500489e-01	1.020653237077452785e-01	3.054506401225295931e-01	1.925089031880806434e-01	8.952624538010203747e-02	4.141209360433461412e-02	1.018245222868174177e-01
2.259238689777017044e+03	1.670214475828833145e-01	1.019320255709710715e-01	3.055720974630475872e-01	1.925926726698290736e-01	8.956466589898796904e-02	4.143980026090783586e-02	1.018772905532327883e-01
2.264076459990672902e+03	1.668316968020597812e-01	1.017994770261384796e-01	3.056928666874116907e-01	1.926759579676170231e-01	8.960288302696182983e-02	4.146736493479304120e-02	1.019297535548778222e-01
