1.001418434226643626e+03	2.810178851855172910e-01	1.792724711606571986e-01	2.345959885359785724e-01	1.410469696971844433e-01	6.811069940681220569e-02	2.695998192662570417e-02	6.899600408708592147e-02
1.002869765290740247e+03	2.807675649976835719e-01	1.791015241629192178e-01	2.347764793177732068e-01	1.411517756587249151e-01	6.815425448648038120e-02	2.698704331406463069e-02	6.906135806221548601e-02
1.004321096354836754e+03	2.805176703532510363e-01	1.789308670959973702e-01	2.349566549024991458e-01	1.412563900117030646e-01	6.819773741497810182e-02	2.701407592000455715e-02	6.912660430142811285e-02
1.005772427418933376e+03	2.802682005168128376e-01	1.787604994743818843e-01	2.351365158292010316e-01	1.413608131700791748e-01	6.824114831248800916e-02	2.704107972268751311e-02	6.919174297421099018e-02
1.007223758483029997e+03	2.800191547544212956e-01	1.785904208132276516e-01	2.353160626359959429e-01	1.414650455466424650e-01	6.828448729900801761e-02	2.706805470069769196e-02	6.925677424986839692e-02
1.008675089547126618e+03	2.797705323335817895e-01	1.784206306283563914e-01	2.354952958600751711e-01	1.415690875530158377e-01	6.832775449435149473e-02	2.709500083295957387e-02	6.932169829752123091e-02
1.010126420611223239e+03	2.795223325232467082e-01	1.782511284362584547e-01	2.356742160377060247e-01	1.416729395996601526e-01	6.837095001814751105e-02	2.712191809873601422e-02	6.938651528610656483e-02
1.011577751675319632e+03	2.792745545938093987e-01	1.780819137540948782e-01	2.358528237042335218e-01	1.417766020958789452e-01	6.841407398984106214e-02	2.714880647762636656e-02	6.945122538437728532e-02
1.013029082739416367e+03	2.790271978170980050e-01	1.779129860996991053e-01	2.360311193940820840e-01	1.418800754498227845e-01	6.845712652869323511e-02	2.717566594956459872e-02	6.951582876090160734e-02
1.014480413803512761e+03	2.787802614663698053e-01	1.777443449915789009e-01	2.362091036407573397e-01	1.419833600684936581e-01	6.850010775378148620e-02	2.720249649481744011e-02	6.958032558406272716e-02
1.015931744867609382e+03	2.785337448163053842e-01	1.775759899489179616e-01	2.363867769768477900e-01	1.420864563577494966e-01	6.854301778399980727e-02	2.722929809398250134e-02	6.964471602205836442e-02
1.017383075931706003e+03	2.782876471430026921e-01	1.774079204915777475e-01	2.365641399340265572e-01	1.421893647223085033e-01	6.858585673805893401e-02	2.725607072798644226e-02	6.970900024290037356e-02
1.018834406995802851e+03	2.780419677239715504e-01	1.772401361400988973e-01	2.367411930430531053e-01	1.422920855657535955e-01	6.862862473448658185e-02	2.728281437808312282e-02	6.977317841441441071e-02
1.020285738059899245e+03	2.777967058381279331e-01	1.770726364157029220e-01	2.369179368337748781e-01	1.423946192905366503e-01	6.867132189162761247e-02	2.730952902585176770e-02	6.983725070423947578e-02
1.021737069123995752e+03	2.775518607657885828e-01	1.769054208402937034e-01	2.370943718351290197e-01	1.424969662979829466e-01	6.871394832764428362e-02	2.733621465319515526e-02	6.990121727982757938e-02
1.023188400188092373e+03	2.773074317886652929e-01	1.767384889364589096e-01	2.372704985751441231e-01	1.425991269882953827e-01	6.875650416051642955e-02	2.736287124233778914e-02	6.996507830844331255e-02
1.024639731252188767e+03	2.770634181898598003e-01	1.765718402274714660e-01	2.374463175809418680e-01	1.427011017605588350e-01	6.879898950804162749e-02	2.738949877582410458e-02	7.002883395716355541e-02
1.026091062316285615e+03	2.768198192538581237e-01	1.764054742372908047e-01	2.376218293787386859e-01	1.428028910127444318e-01	6.884140448783546140e-02	2.741609723651665040e-02	7.009248439287701915e-02
1.027542393380382237e+03	2.765766342665256228e-01	1.762393904905642239e-01	2.377970344938475367e-01	1.429044951417137999e-01	6.888374921733166067e-02	2.744266660759431611e-02	7.015602978228398234e-02
1.028993724444478858e+03	2.763338625151015027e-01	1.760735885126281652e-01	2.379719334506794071e-01	1.430059145432231726e-01	6.892602381378237775e-02	2.746920687255054866e-02	7.021947029189587464e-02
1.030445055508575479e+03	2.760915032881938180e-01	1.759080678295093791e-01	2.381465267727452262e-01	1.431071496119277475e-01	6.896822839425827134e-02	2.749571801519157255e-02	7.028280608803497143e-02
1.031896386572671872e+03	2.758495558757744770e-01	1.757428279679261185e-01	2.383208149826571975e-01	1.432082007413857661e-01	6.901036307564882566e-02	2.752220001963463086e-02	7.034603733683399140e-02
1.033347717636768493e+03	2.756080195691737456e-01	1.755778684552891655e-01	2.384947986021307420e-01	1.433090683240628160e-01	6.905242797466244753e-02	2.754865287030623666e-02	7.040916420423580513e-02
1.034799048700865114e+03	2.753668936610758067e-01	1.754131888197030531e-01	2.386684781519860521e-01	1.434097527513358283e-01	6.909442320782667457e-02	2.757507655194040702e-02	7.047218685599310195e-02
1.036250379764961508e+03	2.751261774455135978e-01	1.752487885899668973e-01	2.388418541521497018e-01	1.435102544134972402e-01	6.913634889148845275e-02	2.760147104957693873e-02	7.053510545766805695e-02
1.037701710829058356e+03	2.748858702178639812e-01	1.750846672955755357e-01	2.390149271216563120e-01	1.436105736997591864e-01	6.917820514181420577e-02	2.762783634855967355e-02	7.059792017463198399e-02
1.039153041893154750e+03	2.746459712748429149e-01	1.749208244667203871e-01	2.391876975786501880e-01	1.437107109982574404e-01	6.921999207479012650e-02	2.765417243453477392e-02	7.066063117206503041e-02
1.040604372957251599e+03	2.744064799145006783e-01	1.747572596342903128e-01	2.393601660403869569e-01	1.438106666960556057e-01	6.926170980622230189e-02	2.768047929344900904e-02	7.072323861495589947e-02
1.042055704021347992e+03	2.741673954362173760e-01	1.745939723298726154e-01	2.395323330232352055e-01	1.439104411791490845e-01	6.930335845173696274e-02	2.770675691154804096e-02	7.078574266810151727e-02
1.043507035085444613e+03	2.739287171406978860e-01	1.744309620857537046e-01	2.397041990426780345e-01	1.440100348324691582e-01	6.934493812678058089e-02	2.773300527537474192e-02	7.084814349610668582e-02
1.044958366149541234e+03	2.736904443299676415e-01	1.742682284349199029e-01	2.398757646133147237e-01	1.441094480398869560e-01	6.938644894662016060e-02	2.775922437176748386e-02	7.091044126338387488e-02
1.046409697213637855e+03	2.734525763073680227e-01	1.741057709110581941e-01	2.400470302488624530e-01	1.442086811842173966e-01	6.942789102634334963e-02	2.778541418785847664e-02	7.097263613415284722e-02
1.047861028277734476e+03	2.732151123775516388e-01	1.739435890485569181e-01	2.402179964621577180e-01	1.443077346472232680e-01	6.946926448085867511e-02	2.781157471107208526e-02	7.103472827244040888e-02
1.049312359341831097e+03	2.729780518464779426e-01	1.737816823825064916e-01	2.403886637651580505e-01	1.444066088096191414e-01	6.951056942489572399e-02	2.783770592912314726e-02	7.109671784208013157e-02
1.050763690405927491e+03	2.727413940214091781e-01	1.736200504486999918e-01	2.405590326689435454e-01	1.445053040510751730e-01	6.955180597300528178e-02	2.786380783001533856e-02	7.115860500671207511e-02
1.052215021470024112e+03	2.725051382109057174e-01	1.734586927836336556e-01	2.407291036837185261e-01	1.446038207502211848e-01	6.959297423955956852e-02	2.788988040203950816e-02	7.122038992978245442e-02
1.053666352534120733e+03	2.722692837248216202e-01	1.732976089245074625e-01	2.408988773188130983e-01	1.447021592846504945e-01	6.963407433875241914e-02	2.791592363377204747e-02	7.128207277454343127e-02
1.055117683598217127e+03	2.720338298743006367e-01	1.731367984092258561e-01	2.410683540826847326e-01	1.448003200309237182e-01	6.967510638459945005e-02	2.794193751407323539e-02	7.134365370405285067e-02
1.056569014662313975e+03	2.717987759717719887e-01	1.729762607763979942e-01	2.412375344829198742e-01	1.448983033645727392e-01	6.971607049093826725e-02	2.796792203208562158e-02	7.140513288117394941e-02
1.058020345726410369e+03	2.715641213309460400e-01	1.728159955653382762e-01	2.414064190262355247e-01	1.449961096601044552e-01	6.975696677142863289e-02	2.799387717723241312e-02	7.146651046857509237e-02
1.059471676790506763e+03	2.713298652668102995e-01	1.726560023160667312e-01	2.415750082184806857e-01	1.450937392910046364e-01	6.979779533955263182e-02	2.801980293921585777e-02	7.152778662872956439e-02
1.060923007854603611e+03	2.710960070956252577e-01	1.724962805693095180e-01	2.417433025646381350e-01	1.451911926297416999e-01	6.983855630861490749e-02	2.804569930801563069e-02	7.158896152391525103e-02
1.062374338918700232e+03	2.708625461349202790e-01	1.723368298664991749e-01	2.419113025688258145e-01	1.452884700477705127e-01	6.987924979174280071e-02	2.807156627388724540e-02	7.165003531621449984e-02
1.063825669982796853e+03	2.706294817034898270e-01	1.721776497497749803e-01	2.420790087342985231e-01	1.453855719155361936e-01	6.991987590188654400e-02	2.809740382736047176e-02	7.171100816751377338e-02
1.065277001046893474e+03	2.703968131213893011e-01	1.720187397619832581e-01	2.422464215634493878e-01	1.454824986024776945e-01	6.996043475181945581e-02	2.812321195923773304e-02	7.177188023950349660e-02
1.066728332110990095e+03	2.701645397099311507e-01	1.718600994466776277e-01	2.424135415578113906e-01	1.455792504770316853e-01	7.000092645413812098e-02	2.814899066059255509e-02	7.183265169367775149e-02
1.068179663175086489e+03	2.699326607916811005e-01	1.717017283481192536e-01	2.425803692180590054e-01	1.456758279066362738e-01	7.004135112126255724e-02	2.817473992276798775e-02	7.189332269133409670e-02
1.069630994239183110e+03	2.697011756904540980e-01	1.715436260112770672e-01	2.427469050440096698e-01	1.457722312577345580e-01	7.008170886543642342e-02	2.820045973737504708e-02	7.195389339357334546e-02
1.071082325303279504e+03	2.694700837313107056e-01	1.713857919818279896e-01	2.429131495346253666e-01	1.458684608957784290e-01	7.012199979872717204e-02	2.822615009629115754e-02	7.201436396129934359e-02
1.072533656367376352e+03	2.692393842405532145e-01	1.712282258061569584e-01	2.430791031880141784e-01	1.459645171852321510e-01	7.016222403302628530e-02	2.825181099165861853e-02	7.207473455521871963e-02
1.073984987431472746e+03	2.690090765457219812e-01	1.710709270313571506e-01	2.432447665014317306e-01	1.460604004895760255e-01	7.020238168004939994e-02	2.827744241588305701e-02	7.213500533584076002e-02
1.075436318495569594e+03	2.687791599755915972e-01	1.709138952052302041e-01	2.434101399712827740e-01	1.461561111713100269e-01	7.024247285133651542e-02	2.830304436163190787e-02	7.219517646347706208e-02
1.076887649559666215e+03	2.685496338601673916e-01	1.707571298762860790e-01	2.435752240931227663e-01	1.462516495919573278e-01	7.028249765825218820e-02	2.832861682183287697e-02	7.225524809824146466e-02
1.078338980623762609e+03	2.683204975306817119e-01	1.706006305937432244e-01	2.437400193616592325e-01	1.463470161120679902e-01	7.032245621198568442e-02	2.835415978967244233e-02	7.231522040004979834e-02
1.079790311687859230e+03	2.680917503195903162e-01	1.704443969075285503e-01	2.439045262707534856e-01	1.464422110912225183e-01	7.036234862355118802e-02	2.837967325859433454e-02	7.237509352861969114e-02
1.081241642751955851e+03	2.678633915605688753e-01	1.702884283682775668e-01	2.440687453134219309e-01	1.465372348880353559e-01	7.040217500378798121e-02	2.840515722229804141e-02	7.243486764347036033e-02
1.082692973816052472e+03	2.676354205885093651e-01	1.701327245273342170e-01	2.442326769818377319e-01	1.466320878601584110e-01	7.044193546336061096e-02	2.843061167473730569e-02	7.249454290392243205e-02
1.084144304880149093e+03	2.674078367395166800e-01	1.699772849367509331e-01	2.443963217673322530e-01	1.467267703642846366e-01	7.048163011275911105e-02	2.845603661011865404e-02	7.255411946909778864e-02
1.085595635944245487e+03	2.671806393509049693e-01	1.698221091492886359e-01	2.445596801603965309e-01	1.468212827561514999e-01	7.052125906229912700e-02	2.848143202289989129e-02	7.261359749791938822e-02
1.087046967008342108e+03	2.669538277611943622e-01	1.696671967184164020e-01	2.447227526506828843e-01	1.469156253905445075e-01	7.056082242212215194e-02	2.850679790778865713e-02	7.267297714911101492e-02
1.088498298072438729e+03	2.667274013101077479e-01	1.695125471983116028e-01	2.448855397270062462e-01	1.470097986213005914e-01	7.060032030219567933e-02	2.853213425974094469e-02	7.273225858119718168e-02
1.089949629136535123e+03	2.665013593385668900e-01	1.693581601438597095e-01	2.450480418773457181e-01	1.471038028013116616e-01	7.063975281231339720e-02	2.855744107395964335e-02	7.279144195250294991e-02
1.091400960200631971e+03	2.662757011886895397e-01	1.692040351106541551e-01	2.452102595888461245e-01	1.471976382825279372e-01	7.067912006209538245e-02	2.858271834589308502e-02	7.285052742115373514e-02
1.092852291264728365e+03	2.660504262037858836e-01	1.690501716549961397e-01	2.453721933478194561e-01	1.472913054159614710e-01	7.071842216098823963e-02	2.860796607123360438e-02	7.290951514507516829e-02
1.094303622328825213e+03	2.658255337283553232e-01	1.688965693338943808e-01	2.455338436397463131e-01	1.473848045516894800e-01	7.075765921826539240e-02	2.863318424591609207e-02	7.296840528199292908e-02
1.095754953392921607e+03	2.656010231080833672e-01	1.687432277050650575e-01	2.456952109492773761e-01	1.474781360388577878e-01	7.079683134302712511e-02	2.865837286611658263e-02	7.302719798943260732e-02
1.097206284457018228e+03	2.653768936898381336e-01	1.685901463269315059e-01	2.458562957602349330e-01	1.475713002256840989e-01	7.083593864420087427e-02	2.868353192825080777e-02	7.308589342471953632e-02
1.098657615521114849e+03	2.651531448216673525e-01	1.684373247586239963e-01	2.460170985556142942e-01	1.476642974594615243e-01	7.087498123054135346e-02	2.870866142897279469e-02	7.314449174497862638e-02
1.100108946585211470e+03	2.649297758527949798e-01	1.682847625599794283e-01	2.461776198175852914e-01	1.477571280865617176e-01	7.091395921063078922e-02	2.873376136517344359e-02	7.320299310713426766e-02
1.101560277649308091e+03	2.647067861336183658e-01	1.681324592915411087e-01	2.463378600274937213e-01	1.478497924524383722e-01	7.095287269287905985e-02	2.875883173397913301e-02	7.326139766791014973e-02
1.103011608713404712e+03	2.644841750157048144e-01	1.679804145145584182e-01	2.464978196658628162e-01	1.479422909016304133e-01	7.099172178552391743e-02	2.878387253275031810e-02	7.331970558382916447e-02
1.104462939777501106e+03	2.642619418517887508e-01	1.678286277909865343e-01	2.466574992123946874e-01	1.480346237777654117e-01	7.103050659663112665e-02	2.880888375908014290e-02	7.337791701121319787e-02
1.105914270841597499e+03	2.640400859957683366e-01	1.676770986834860422e-01	2.468168991459717965e-01	1.481267914235627481e-01	7.106922723409471454e-02	2.883386541079304907e-02	7.343603210618308841e-02
1.107365601905694348e+03	2.638186068027027487e-01	1.675258267554227409e-01	2.469760199446583704e-01	1.482187941808369158e-01	7.110788380563710931e-02	2.885881748594340893e-02	7.349405102465844664e-02
1.108816932969790741e+03	2.635975036288090156e-01	1.673748115708670325e-01	2.471348620857018730e-01	1.483106323905007962e-01	7.114647641880933460e-02	2.888373998281414459e-02	7.355197392235753029e-02
1.110268264033887590e+03	2.633767758314589646e-01	1.672240526945937833e-01	2.472934260455343647e-01	1.484023063925688779e-01	7.118500518099118990e-02	2.890863289991537494e-02	7.360980095479717489e-02
1.111719595097984211e+03	2.631564227691762237e-01	1.670735496920817686e-01	2.474517122997741125e-01	1.484938165261604215e-01	7.122347019939148649e-02	2.893349623598304859e-02	7.366753227729261333e-02
1.113170926162080832e+03	2.629364438016334460e-01	1.669233021295133679e-01	2.476097213232268668e-01	1.485851631295027342e-01	7.126187158104815844e-02	2.895832998997759783e-02	7.372516804495739262e-02
1.114622257226177226e+03	2.627168382896493681e-01	1.667733095737740923e-01	2.477674535898874153e-01	1.486763465399343898e-01	7.130020943282852630e-02	2.898313416108258544e-02	7.378270841270323510e-02
1.116073588290273847e+03	2.624976055951856457e-01	1.666235715924521965e-01	2.479249095729408048e-01	1.487673670939082538e-01	7.133848386142942199e-02	2.900790874870337946e-02	7.384015353523999681e-02
1.117524919354370468e+03	2.622787450813441334e-01	1.664740877538381236e-01	2.480820897447639783e-01	1.488582251269947865e-01	7.137669497337742475e-02	2.903265375246580696e-02	7.389750356707548706e-02
1.118976250418467089e+03	2.620602561123640539e-01	1.663248576269241719e-01	2.482389945769271911e-01	1.489489209738850961e-01	7.141484287502898598e-02	2.905736917221484958e-02	7.395475866251539909e-02
1.120427581482563710e+03	2.618421380536192222e-01	1.661758807814039118e-01	2.483956245401952312e-01	1.490394549683941583e-01	7.145292767257070687e-02	2.908205500801329044e-02	7.401191897566322675e-02
1.121878912546660331e+03	2.616243902716149927e-01	1.660271567876717980e-01	2.485519801045290300e-01	1.491298274434638693e-01	7.149094947201946326e-02	2.910671126014044777e-02	7.406898466042013962e-02
1.123330243610756725e+03	2.614070121339855945e-01	1.658786852168225578e-01	2.487080617390870496e-01	1.492200387311661547e-01	7.152890837922261380e-02	2.913133792909081837e-02	7.412595587048491363e-02
1.124781574674853118e+03	2.611900030094915226e-01	1.657304656406507204e-01	2.488638699122265596e-01	1.493100891627060778e-01	7.156680449985816650e-02	2.915593501557281128e-02	7.418283275935382004e-02
1.126232905738949967e+03	2.609733622680164289e-01	1.655824976316501718e-01	2.490194050915051915e-01	1.493999790684248652e-01	7.160463793943502853e-02	2.918050252050744670e-02	7.423961548032056990e-02
1.127684236803046360e+03	2.607570892805645690e-01	1.654347807630135170e-01	2.491746677436822432e-01	1.494897087778029876e-01	7.164240880329313110e-02	2.920504044502706190e-02	7.429630418647621692e-02
1.129135567867143209e+03	2.605411834192581932e-01	1.652873146086314693e-01	2.493296583347201223e-01	1.495792786194632684e-01	7.168011719660363767e-02	2.922954879047403101e-02	7.435289903070903261e-02
1.130586898931239830e+03	2.603256440573346042e-01	1.651400987430924061e-01	2.494843773297857614e-01	1.496686889211738258e-01	7.171776322436917983e-02	2.925402755839949520e-02	7.440940016570449234e-02
1.132038229995336451e+03	2.601104705691436592e-01	1.649931327416817861e-01	2.496388251932519786e-01	1.497579400098510982e-01	7.175534699142396833e-02	2.927847675056208937e-02	7.446580774394517821e-02
1.133489561059432845e+03	2.598956623301450497e-01	1.648464161803814831e-01	2.497930023886988371e-01	1.498470322115629250e-01	7.179286860243405677e-02	2.930289636892667235e-02	7.452212191771070970e-02
1.134940892123529466e+03	2.596812187169054709e-01	1.646999486358692866e-01	2.499469093789151442e-01	1.499359658515314608e-01	7.183032816189752201e-02	2.932728641566308483e-02	7.457834283907767425e-02
1.136392223187626087e+03	2.594671391070965116e-01	1.645537296855182630e-01	2.501005466258997001e-01	1.500247412541361736e-01	7.186772577414460295e-02	2.935164689314488304e-02	7.463447065991953011e-02
1.137843554251722708e+03	2.592534228794914353e-01	1.644077589073960899e-01	2.502539145908627694e-01	1.501133587429167582e-01	7.190506154333793642e-02	2.937597780394810357e-02	7.469050553190659247e-02
1.139294885315819101e+03	2.590400694139629034e-01	1.642620358802644176e-01	2.504070137342274127e-01	1.502018186405761901e-01	7.194233557347275154e-02	2.940027915085002483e-02	7.474644760650593633e-02
1.140746216379915950e+03	2.588270780914803670e-01	1.641165601835783694e-01	2.505598445156309584e-01	1.502901212689835841e-01	7.197954796837705005e-02	2.942455093682792150e-02	7.480229703498136873e-02
1.142197547444012343e+03	2.586144482941075684e-01	1.639713313974857645e-01	2.507124073939261955e-01	1.503782669491771640e-01	7.201669883171180064e-02	2.944879316505785369e-02	7.485805396839337322e-02
1.143648878508108737e+03	2.584021794049997656e-01	1.638263491028264240e-01	2.508647028271828172e-01	1.504662560013671213e-01	7.205378826697113326e-02	2.947300583891342834e-02	7.491371855759898502e-02
1.145100209572205586e+03	2.581902708084015119e-01	1.636816128811316440e-01	2.510167312726889755e-01	1.505540887449385024e-01	7.209081637748254723e-02	2.949718896196460230e-02	7.496929095325184644e-02
1.146551540636302207e+03	2.579787218896439915e-01	1.635371223146235287e-01	2.511684931869523907e-01	1.506417654984541776e-01	7.212778326640706394e-02	2.952134253797646102e-02	7.502477130580210984e-02
1.148002871700398828e+03	2.577675320351422994e-01	1.633928769862141028e-01	2.513199890257017954e-01	1.507292865796575621e-01	7.216468903673949054e-02	2.954546657090801470e-02	7.508015976549636816e-02
1.149454202764495449e+03	2.575567006323935537e-01	1.632488764795048675e-01	2.514712192438883775e-01	1.508166523054756403e-01	7.220153379130854476e-02	2.956956106491100481e-02	7.513545648237766883e-02
1.150905533828591842e+03	2.573462270699738430e-01	1.631051203787859394e-01	2.516221842956868904e-01	1.509038629920217145e-01	7.223831763277709095e-02	2.959362602432871053e-02	7.519066160628541662e-02
1.152356864892688463e+03	2.571361107375361166e-01	1.629616082690353573e-01	2.517728846344973737e-01	1.509909189545982355e-01	7.227504066364232038e-02	2.961766145369475883e-02	7.524577528685541528e-02
1.153808195956785084e+03	2.569263510258075756e-01	1.628183397359184714e-01	2.519233207129462637e-01	1.510778205076996616e-01	7.231170298623593173e-02	2.964166735773195172e-02	7.530079767351972875e-02
1.155259527020881706e+03	2.567169473265873969e-01	1.626753143657870548e-01	2.520734929828876703e-01	1.511645679650152063e-01	7.234830470272436698e-02	2.966564374135108317e-02	7.535572891550676444e-02
1.156710858084978327e+03	2.565078990327441799e-01	1.625325317456787488e-01	2.522234018954050416e-01	1.512511616394316694e-01	7.238484591510900568e-02	2.968959060964976998e-02	7.541056916184114833e-02
1.158162189149074720e+03	2.562992055382137813e-01	1.623899914633162023e-01	2.523730479008120531e-01	1.513376018430361847e-01	7.242132672522628989e-02	2.971350796791129983e-02	7.546531856134373883e-02
1.159613520213171569e+03	2.560908662379966505e-01	1.622476931071063500e-01	2.525224314486543831e-01	1.514238888871191346e-01	7.245774723474801560e-02	2.973739582160345868e-02	7.551997726263162680e-02
1.161064851277267962e+03	2.558828805281556096e-01	1.621056362661396910e-01	2.526715529877108235e-01	1.515100230821765925e-01	7.249410754518149924e-02	2.976125417637738579e-02	7.557454541411806614e-02
1.162516182341364356e+03	2.556752478058136879e-01	1.619638205301894840e-01	2.528204129659945010e-01	1.515960047379133757e-01	7.253040775786970262e-02	2.978508303806642193e-02	7.562902316401247382e-02
1.163967513405461204e+03	2.554679674691514579e-01	1.618222454897110807e-01	2.529690118307544866e-01	1.516818341632455991e-01	7.256664797399153821e-02	2.980888241268497829e-02	7.568341066032044373e-02
1.165418844469557826e+03	2.552610389174049255e-01	1.616809107358410103e-01	2.531173500284770728e-01	1.517675116663035062e-01	7.260282829456202180e-02	2.983265230642738811e-02	7.573770805084369118e-02
1.166870175533654447e+03	2.550544615508631430e-01	1.615398158603962853e-01	2.532654280048868278e-01	1.518530375544340505e-01	7.263894882043243906e-02	2.985639272566678257e-02	7.579191548318003901e-02
1.168321506597751068e+03	2.548482347708659335e-01	1.613989604558735691e-01	2.534132462049482615e-01	1.519384121342036986e-01	7.267500965229059529e-02	2.988010367695397365e-02	7.584603310472345927e-02
1.169772837661847461e+03	2.546423579798017811e-01	1.612583441154484543e-01	2.535608050728668794e-01	1.520236357114010117e-01	7.271101089066100975e-02	2.990378516701631267e-02	7.590006106266401764e-02
1.171224168725944082e+03	2.544368305811052222e-01	1.611179664329746575e-01	2.537081050520906267e-01	1.521087085910394487e-01	7.274695263590505445e-02	2.992743720275660435e-02	7.595399950398790123e-02
1.172675499790040703e+03	2.542316519792547358e-01	1.609778270029830483e-01	2.538551465853112199e-01	1.521936310773598644e-01	7.278283498822123165e-02	2.995105979125197923e-02	7.600784857547737694e-02
1.174126830854137097e+03	2.540268215797706897e-01	1.608379254206811215e-01	2.540019301144654795e-01	1.522784034738333125e-01	7.281865804764531269e-02	2.997465293975279388e-02	7.606160842371081920e-02
1.175578161918233945e+03	2.538223387892127869e-01	1.606982612819518874e-01	2.541484560807364401e-01	1.523630260831635441e-01	7.285442191405061552e-02	2.999821665568153800e-02	7.611527919506272388e-02
1.177029492982330339e+03	2.536182030151780675e-01	1.605588341833533439e-01	2.542947249245549601e-01	1.524474992072896995e-01	7.289012668714808796e-02	3.002175094663173810e-02	7.616886103570368050e-02
1.178480824046426733e+03	2.534144136662986324e-01	1.604196437221173666e-01	2.544407370856007211e-01	1.525318231473889174e-01	7.292577246648662692e-02	3.004525582036686807e-02	7.622235409160039998e-02
1.179932155110523581e+03	2.532109701522395340e-01	1.602806894961490980e-01	2.545864930028037265e-01	1.526159982038789165e-01	7.296135935145318940e-02	3.006873128481927712e-02	7.627575850851575634e-02
1.181383486174620202e+03	2.530078718836963891e-01	1.601419711040259763e-01	2.547319931143456895e-01	1.527000246764205760e-01	7.299688744127305617e-02	3.009217734808910041e-02	7.632907443200871722e-02
1.182834817238716823e+03	2.528051182723933255e-01	1.600034881449969859e-01	2.548772378576610320e-01	1.527839028639205454e-01	7.303235683500998443e-02	3.011559401844320083e-02	7.638230200743441334e-02
1.184286148302813444e+03	2.526027087310809272e-01	1.598652402189817967e-01	2.550222276694382173e-01	1.528676330645337977e-01	7.306776763156645760e-02	3.013898130431409000e-02	7.643544137994415233e-02
1.185737479366910065e+03	2.524006426735339037e-01	1.597272269265697930e-01	2.551669629856214150e-01	1.529512155756661551e-01	7.310311992968385186e-02	3.016233921429887707e-02	7.648849269448540489e-02
1.187188810431006686e+03	2.521989195145489249e-01	1.595894478690194351e-01	2.553114442414113894e-01	1.530346506939768703e-01	7.313841382794261659e-02	3.018566775715821396e-02	7.654145609580190190e-02
1.188640141495103080e+03	2.519975386699426778e-01	1.594519026482572044e-01	2.554556718712671093e-01	1.531179387153810689e-01	7.317364942476255185e-02	3.020896694181523026e-02	7.659433172843355120e-02
1.190091472559199701e+03	2.517964995565495911e-01	1.593145908668768262e-01	2.555996463089065807e-01	1.532010799350524144e-01	7.320882681840294726e-02	3.023223677735450282e-02	7.664711973671654854e-02
1.191542803623296322e+03	2.515958015922197810e-01	1.591775121281383543e-01	2.557433679873085675e-01	1.532840746474255222e-01	7.324394610696280394e-02	3.025547727302101489e-02	7.669982026478336379e-02
1.192994134687392716e+03	2.513954441958169972e-01	1.590406660359674484e-01	2.558868373387135908e-01	1.533669231461984306e-01	7.327900738838104278e-02	3.027868843821910488e-02	7.675243345656275473e-02
1.194445465751489564e+03	2.511954267872164026e-01	1.589040521949543205e-01	2.560300547946254834e-01	1.534496257243351536e-01	7.331401076043668474e-02	3.030187028251145678e-02	7.680495945577982264e-02
1.195896796815585958e+03	2.509957487873026860e-01	1.587676702103528736e-01	2.561730207858123332e-01	1.535321826740681517e-01	7.334895632074910077e-02	3.032502281561806276e-02	7.685739840595606776e-02
1.197348127879682352e+03	2.507964096179677305e-01	1.586315196880799250e-01	2.563157357423080374e-01	1.536145942869007464e-01	7.338384416677815048e-02	3.034814604741520316e-02	7.690975045040937541e-02
1.198799458943779200e+03	2.505974087021088370e-01	1.584956002347142900e-01	2.564582000934134132e-01	1.536968608536096181e-01	7.341867439582445976e-02	3.037123998793443691e-02	7.696201573225408543e-02
1.200250790007875821e+03	2.503987454636264487e-01	1.583599114574958666e-01	2.566004142676974187e-01	1.537789826642472213e-01	7.345344710502955954e-02	3.039430464736159188e-02	7.701419439440100601e-02
1.201702121071972442e+03	2.502004193274222077e-01	1.582244529643246633e-01	2.567423786929985963e-01	1.538609600081442541e-01	7.348816239137612172e-02	3.041734003603574488e-02	7.706628657955748307e-02
1.203153452136069063e+03	2.500024297193969014e-01	1.580892243637600780e-01	2.568840937964261828e-01	1.539427931739120181e-01	7.352282035168818120e-02	3.044034616444824329e-02	7.711829243022745584e-02
1.204604783200165684e+03	2.498047760664484362e-01	1.579542252650198708e-01	2.570255600043614974e-01	1.540244824494448883e-01	7.355742108263127466e-02	3.046332304324169196e-02	7.717021208871142901e-02
1.206056114264262078e+03	2.496074577964698116e-01	1.578194552779792481e-01	2.571667777424590517e-01	1.541060281219227279e-01	7.359196468071273201e-02	3.048627068320897138e-02	7.722204569710658384e-02
1.207507445328358699e+03	2.494104743383471767e-01	1.576849140131700855e-01	2.573077474356478267e-01	1.541874304778131644e-01	7.362645124228180127e-02	3.050918909529224884e-02	7.727379339730680585e-02
1.208958776392455093e+03	2.492138251219577771e-01	1.575506010817798730e-01	2.574484695081327157e-01	1.542686898028741149e-01	7.366088086352991227e-02	3.053207829058200012e-02	7.732545533100275426e-02
1.210410107456551941e+03	2.490175095781679560e-01	1.574165160956508824e-01	2.575889443833955794e-01	1.543498063821560351e-01	7.369525364049085703e-02	3.055493828031603104e-02	7.737703163968188969e-02
1.211861438520648335e+03	2.488215271388311556e-01	1.572826586672792515e-01	2.577291724841964116e-01	1.544307805000043887e-01	7.372956966904098408e-02	3.057776907587850257e-02	7.742852246462854360e-02
1.213312769584745183e+03	2.486258772367860859e-01	1.571490284098140400e-01	2.578691542325748376e-01	1.545116124400618962e-01	7.376382904489946213e-02	3.060057068879897327e-02	7.747992794692394602e-02
1.214764100648841804e+03	2.484305593058545869e-01	1.570156249370563695e-01	2.580088900498512250e-01	1.545923024852708660e-01	7.379803186362839107e-02	3.062334313075142783e-02	7.753124822744633660e-02
1.216215431712937971e+03	2.482355727808397694e-01	1.568824478634584241e-01	2.581483803566279600e-01	1.546728509178756650e-01	7.383217822063307956e-02	3.064608641355332647e-02	7.758248344687097842e-02
1.217666762777034819e+03	2.480409170975239608e-01	1.567494968041225345e-01	2.582876255727906689e-01	1.547532580194249108e-01	7.386626821116222541e-02	3.066880054916465773e-02	7.763363374567022746e-02
1.219118093841131440e+03	2.478465916926669843e-01	1.566167713748003454e-01	2.584266261175092727e-01	1.548335240707737759e-01	7.390030193030815153e-02	3.069148554968697054e-02	7.768469926411362969e-02
1.220569424905228061e+03	2.476525960040039664e-01	1.564842711918917328e-01	2.585653824092396524e-01	1.549136493520864022e-01	7.393427947300695857e-02	3.071414142736244787e-02	7.773568014226793499e-02
1.222020755969324682e+03	2.474589294702436437e-01	1.563519958724440551e-01	2.587038948657243709e-01	1.549936341428380104e-01	7.396820093403877472e-02	3.073676819457297343e-02	7.778657651999720812e-02
1.223472087033421303e+03	2.472655915310662533e-01	1.562199450341510421e-01	2.588421639039943933e-01	1.550734787218173427e-01	7.400206640802795000e-02	3.075936586383917759e-02	7.783738853696287041e-02
1.224923418097517697e+03	2.470725816271217568e-01	1.560881182953520463e-01	2.589801899403698648e-01	1.551531833671288552e-01	7.403587598944325054e-02	3.078193444781952490e-02	7.788811633262378298e-02
1.226374749161614318e+03	2.468798992000278969e-01	1.559565152750309047e-01	2.591179733904615534e-01	1.552327483561949384e-01	7.406962977259810843e-02	3.080447395930938775e-02	7.793876004623630227e-02
1.227826080225710712e+03	2.466875436923682829e-01	1.558251355928151338e-01	2.592555146691720713e-01	1.553121739657582490e-01	7.410332785165076042e-02	3.082698441124011660e-02	7.798931981685440495e-02
1.229277411289807560e+03	2.464955145476905862e-01	1.556939788689749860e-01	2.593928141906972074e-01	1.553914604718839299e-01	7.413697032060452552e-02	3.084946581667813437e-02	7.803979578332968792e-02
1.230728742353903954e+03	2.463038112105044863e-01	1.555630447244224224e-01	2.595298723685268150e-01	1.554706081499618031e-01	7.417055727330797155e-02	3.087191818882401365e-02	7.809018808431149317e-02
1.232180073418000802e+03	2.461124331262800058e-01	1.554323327807102806e-01	2.596666896154464776e-01	1.555496172747085903e-01	7.420408880345509550e-02	3.089434154101158500e-02	7.814049685824697722e-02
1.233631404482097196e+03	2.459213797414455394e-01	1.553018426600312474e-01	2.598032663435381751e-01	1.556284881201701609e-01	7.423756500458562890e-02	3.091673588670703146e-02	7.819072224338122212e-02
1.235082735546193817e+03	2.457306505033859945e-01	1.551715739852169151e-01	2.599396029641819483e-01	1.557072209597237245e-01	7.427098597008513492e-02	3.093910123950797605e-02	7.824086437775726321e-02
1.236534066610290438e+03	2.455402448604409593e-01	1.550415263797369214e-01	2.600756998880568993e-01	1.557858160660800240e-01	7.430435179318528593e-02	3.096143761314261098e-02	7.829092339921618626e-02
1.237985397674387059e+03	2.453501622619029265e-01	1.549116994676978665e-01	2.602115575251425783e-01	1.558642737112854726e-01	7.433766256696407171e-02	3.098374502146878859e-02	7.834089944539725237e-02
1.239436728738483680e+03	2.451604021580152670e-01	1.547820928738424529e-01	2.603471762847198168e-01	1.559425941667243742e-01	7.437091838434593816e-02	3.100602347847315407e-02	7.839079265373793959e-02
1.240888059802580301e+03	2.449709639999706479e-01	1.546527062235485417e-01	2.604825565753722816e-01	1.560207777031210608e-01	7.440411933810209266e-02	3.102827299827025376e-02	7.844060316147406786e-02
1.242339390866676695e+03	2.447818472399090062e-01	1.545235391428280980e-01	2.606176988049875853e-01	1.560988245905420846e-01	7.443726552085065673e-02	3.105049359510166085e-02	7.849033110563985449e-02
1.243790721930773088e+03	2.445930513309158560e-01	1.543945912583263858e-01	2.607526033807583965e-01	1.561767350983983282e-01	7.447035702505684640e-02	3.107268528333511498e-02	7.853997662306803906e-02
1.245242052994869937e+03	2.444045757270203734e-01	1.542658621973209132e-01	2.608872707091836607e-01	1.562545094954470859e-01	7.450339394303327756e-02	3.109484807746363752e-02	7.858953985038993895e-02
1.246693384058966330e+03	2.442164198831937305e-01	1.541373515877204614e-01	2.610217011960699884e-01	1.563321480497943394e-01	7.453637636694004920e-02	3.111698199210467808e-02	7.863902092403560196e-02
1.248144715123063179e+03	2.440285832553471534e-01	1.540090590580642238e-01	2.611558952465324879e-01	1.564096510288967845e-01	7.456930438878507650e-02	3.113908704199926797e-02	7.868841998023386186e-02
1.249596046187159800e+03	2.438410653003302841e-01	1.538809842375207237e-01	2.612898532649962635e-01	1.564870186995638845e-01	7.460217810042420183e-02	3.116116324201113896e-02	7.873773715501240777e-02
1.251047377251256421e+03	2.436538654759291822e-01	1.537531267558868986e-01	2.614235756551974155e-01	1.565642513279600911e-01	7.463499759356148622e-02	3.118321060712589757e-02	7.878697258419795069e-02
1.252498708315352815e+03	2.434669832408647983e-01	1.536254862435872393e-01	2.615570628201842052e-01	1.566413491796068425e-01	7.466776295974932032e-02	3.120522915245017154e-02	7.883612640341630673e-02
1.253950039379449436e+03	2.432804180547910589e-01	1.534980623316727355e-01	2.616903151623184987e-01	1.567183125193846449e-01	7.470047429038872977e-02	3.122721889321076333e-02	7.888519874809245269e-02
1.255401370443546057e+03	2.430941693782930901e-01	1.533708546518199045e-01	2.618233330832766548e-01	1.567951416115352381e-01	7.473313167672950008e-02	3.124917984475381744e-02	7.893418975345067867e-02
1.256852701507642678e+03	2.429082366728854692e-01	1.532438628363297917e-01	2.619561169840508574e-01	1.568718367196635932e-01	7.476573520987050969e-02	3.127111202254399119e-02	7.898309955451468523e-02
1.258304032571739299e+03	2.427226194010105031e-01	1.531170865181271656e-01	2.620886672649502258e-01	1.569483981067399114e-01	7.479828498075978549e-02	3.129301544216361863e-02	7.903192828610766663e-02
1.259755363635835920e+03	2.425373170260364808e-01	1.529905253307593527e-01	2.622209843256019801e-01	1.570248260351018166e-01	7.483078108019480812e-02	3.131489011931187089e-02	7.908067608285247740e-02
1.261206694699932314e+03	2.423523290122559515e-01	1.528641789083955149e-01	2.623530685649526628e-01	1.571011207664562703e-01	7.486322359882272015e-02	3.133673606980397902e-02	7.912934307917164622e-02
1.262658025764028707e+03	2.421676548248838934e-01	1.527380468858254292e-01	2.624849203812693599e-01	1.571772825618815983e-01	7.489561262714047873e-02	3.135855330957038750e-02	7.917792940928758405e-02
1.264109356828125556e+03	2.419832939300560204e-01	1.526121288984586544e-01	2.626165401721407000e-01	1.572533116818296550e-01	7.492794825549513316e-02	3.138034185465592846e-02	7.922643520722263966e-02
1.265560687892221949e+03	2.417992457948271168e-01	1.524864245823236153e-01	2.627479283344780758e-01	1.573292083861276280e-01	7.496023057408399137e-02	3.140210172121903759e-02	7.927486060679923840e-02
1.267012018956318798e+03	2.416155098871692886e-01	1.523609335740664372e-01	2.628790852645169762e-01	1.574049729339802306e-01	7.499245967295484205e-02	3.142383292553094926e-02	7.932320574163997939e-02
1.268463350020415419e+03	2.414320856759702150e-01	1.522356555109502796e-01	2.630100113578178189e-01	1.574806055839715613e-01	7.502463564200617663e-02	3.144553548397487769e-02	7.937147074516776035e-02
1.269914681084511813e+03	2.412489726310314553e-01	1.521105900308540593e-01	2.631407070092675049e-01	1.575561065940671857e-01	7.505675857098735582e-02	3.146720941304523983e-02	7.941965575060591642e-02
1.271366012148608434e+03	2.410661702230667003e-01	1.519857367722717012e-01	2.632711726130801955e-01	1.576314762216160514e-01	7.508882854949888719e-02	3.148885472934685043e-02	7.946776089097830342e-02
1.272817343212705055e+03	2.408836779237002179e-01	1.518610953743111114e-01	2.634014085627986446e-01	1.577067147233525146e-01	7.512084566699259169e-02	3.151047144959413099e-02	7.951578629910943663e-02
1.274268674276801676e+03	2.407014952054650214e-01	1.517366654766931222e-01	2.635314152512955310e-01	1.577818223553982269e-01	7.515281001277179795e-02	3.153205959061034652e-02	7.956373210762461567e-02
1.275720005340898297e+03	2.405196215418011763e-01	1.516124467197506598e-01	2.636611930707741802e-01	1.578567993732641339e-01	7.518472167599159206e-02	3.155361916932679367e-02	7.961159844895003557e-02
1.277171336404994690e+03	2.403380564070542458e-01	1.514884387444276337e-01	2.637907424127702294e-01	1.579316460318524462e-01	7.521658074565901186e-02	3.157515020278205131e-02	7.965938545531293935e-02
1.278622667469091539e+03	2.401567992764734594e-01	1.513646411922781876e-01	2.639200636681522383e-01	1.580063625854585818e-01	7.524838731063324127e-02	3.159665270812118260e-02	7.970709325874172912e-02
1.280073998533187932e+03	2.399758496262101859e-01	1.512410537054654502e-01	2.640491572271230214e-01	1.580809492877729983e-01	7.528014145962583226e-02	3.161812670259499247e-02	7.975472199106603544e-02
1.281525329597284326e+03	2.397952069333160741e-01	1.511176759267607861e-01	2.641780234792212023e-01	1.581554063918832465e-01	7.531184328120095473e-02	3.163957220355925054e-02	7.980227178391696707e-02
1.282976660661381175e+03	2.396148706757416091e-01	1.509945074995427405e-01	2.643066628133217133e-01	1.582297341502757471e-01	7.534349286377553523e-02	3.166098922847392083e-02	7.984974276872712495e-02
1.284427991725477568e+03	2.394348403323343366e-01	1.508715480677960685e-01	2.644350756176374051e-01	1.583039328148377889e-01	7.537509029561950680e-02	3.168237779490241934e-02	7.989713507673081028e-02
1.285879322789574417e+03	2.392551153828371968e-01	1.507487972761108186e-01	2.645632622797199351e-01	1.583780026368594440e-01	7.540663566485603098e-02	3.170373792051084383e-02	7.994444883896408005e-02
1.287330653853671038e+03	2.390756953078869151e-01	1.506262547696812781e-01	2.646912231864609333e-01	1.584519438670353997e-01	7.543812905946166436e-02	3.172506962306723133e-02	7.999168418626499688e-02
1.288781984917767431e+03	2.388965795890123367e-01	1.505039201943050020e-01	2.648189587240931675e-01	1.585257567554668456e-01	7.546957056726662227e-02	3.174637292044083653e-02	8.003884124927364285e-02
1.290233315981864052e+03	2.387177677086327887e-01	1.503817931963820076e-01	2.649464692781916542e-01	1.585994415516633615e-01	7.550096027595493142e-02	3.176764783060134073e-02	8.008592015843232770e-02
