1.001418434226643626e+03	2.808665128534170163e-01	1.794363570355092252e-01	2.346410952839260156e-01	1.410368764125021213e-01	6.808070067822026561e-02	2.695051929354407710e-02	6.898793844273981568e-02
1.002869765290740247e+03	2.806163223586546351e-01	1.792653069185143888e-01	2.348218191548319400e-01	1.411416175602191181e-01	6.812411581096367019e-02	2.697752579929714456e-02	6.905329239737761915e-02
1.004321096354836754e+03	2.803665582335782558e-01	1.790945459002791784e-01	2.350022274252174803e-01	1.412461671144278619e-01	6.816745928207669503e-02	2.700450356831654228e-02	6.911853847596254041e-02
1.005772427418933376e+03	2.801172197263925301e-01	1.789240735100996738e-01	2.351823206350794615e-01	1.413505254897359786e-01	6.821073121127281536e-02	2.703145258001789578e-02	6.918367684726016431e-02
1.007223758483029997e+03	2.798683060869907591e-01	1.787538892777335575e-01	2.353620993234818715e-01	1.414546930995634333e-01	6.825393171807073167e-02	2.705837281414590414e-02	6.924870767987237330e-02
1.008675089547126618e+03	2.796198165669451230e-01	1.785839927334045840e-01	2.355415640285576373e-01	1.415586703561473314e-01	6.829706092179475829e-02	2.708526425077253594e-02	6.931363114223672295e-02
1.010126420611223239e+03	2.793717504194982437e-01	1.784143834078072699e-01	2.357207152875103739e-01	1.416624576705465821e-01	6.834011894157515643e-02	2.711212687029523893e-02	6.937844740262587295e-02
1.011577751675319632e+03	2.791241068995541363e-01	1.782450608321111407e-01	2.358995536366162160e-01	1.417660554526467831e-01	6.838310589634852277e-02	2.713896065343514991e-02	6.944315662914678222e-02
1.013029082739416367e+03	2.788768852636695494e-01	1.780760245379651163e-01	2.360780796112254831e-01	1.418694641111648558e-01	6.842602190485816416e-02	2.716576558123531826e-02	6.950775898974023703e-02
1.014480413803512761e+03	2.786300847700451389e-01	1.779072740575017297e-01	2.362562937457646506e-01	1.419726840536537360e-01	6.846886708565447233e-02	2.719254163505894356e-02	6.957225465218011551e-02
1.015931744867609382e+03	2.783837046785169744e-01	1.777388089233412072e-01	2.364341965737378204e-01	1.420757156865070370e-01	6.851164155709524306e-02	2.721928879658760264e-02	6.963664378407287414e-02
1.017383075931706003e+03	2.781377442505482134e-01	1.775706286685956037e-01	2.366117886277286919e-01	1.421785594149637399e-01	6.855434543734610642e-02	2.724600704781950447e-02	6.970092655285685390e-02
1.018834406995802851e+03	2.778922027492206070e-01	1.774027328268727999e-01	2.367890704394023382e-01	1.422812156431127184e-01	6.859697884438077653e-02	2.727269637106774502e-02	6.976510312580172513e-02
1.020285738059899245e+03	2.776470794392263963e-01	1.772351209322802490e-01	2.369660425395067882e-01	1.423836847738973732e-01	6.863954189598148181e-02	2.729935674895856909e-02	6.982917367000790465e-02
1.021737069123995752e+03	2.774023735868600404e-01	1.770677925194289459e-01	2.371427054578748028e-01	1.424859672091202401e-01	6.868203470973927027e-02	2.732598816442964249e-02	6.989313835240591744e-02
1.023188400188092373e+03	2.771580844600100568e-01	1.769007471234370632e-01	2.373190597234257071e-01	1.425880633494474581e-01	6.872445740305438422e-02	2.735259060072833467e-02	6.995699733975586920e-02
1.024639731252188767e+03	2.769142113281514717e-01	1.767339842799336980e-01	2.374951058641669999e-01	1.426899735944133496e-01	6.876681009313653781e-02	2.737916404140999793e-02	7.002075079864686358e-02
1.026091062316285615e+03	2.766707534623375486e-01	1.765675035250622860e-01	2.376708444071961579e-01	1.427916983424248887e-01	6.880909289700529174e-02	2.740570847033627772e-02	7.008439889549643309e-02
1.027542393380382237e+03	2.764277101351921839e-01	1.764013043954843485e-01	2.378462758787023568e-01	1.428932379907662253e-01	6.885130593149040024e-02	2.743222387167339876e-02	7.014794179654998407e-02
1.028993724444478858e+03	2.761850806209022458e-01	1.762353864283827121e-01	2.380214008039680806e-01	1.429945929356029599e-01	6.889344931323211629e-02	2.745871022989049628e-02	7.021137966788028317e-02
1.030445055508575479e+03	2.759428641952100247e-01	1.760697491614649224e-01	2.381962197073709264e-01	1.430957635719868060e-01	6.893552315868148317e-02	2.748516752975791594e-02	7.027471267538686062e-02
1.031896386572671872e+03	2.757010601354055734e-01	1.759043921329665194e-01	2.383707331123852413e-01	1.431967502938598646e-01	6.897752758410072293e-02	2.751159575634556237e-02	7.033794098479551060e-02
1.033347717636768493e+03	2.754596677203192678e-01	1.757393148816543960e-01	2.385449415415838714e-01	1.432975534940589823e-01	6.901946270556350016e-02	2.753799489502120959e-02	7.040106476165776395e-02
1.034799048700865114e+03	2.752186862303149240e-01	1.755745169468297118e-01	2.387188455166397993e-01	1.433981735643201361e-01	6.906132863895526885e-02	2.756436493144886687e-02	7.046408417135033297e-02
1.036250379764961508e+03	2.749781149472819153e-01	1.754099978683310301e-01	2.388924455583278927e-01	1.434986108952828188e-01	6.910312549997356391e-02	2.759070585158711342e-02	7.052699937907465355e-02
1.037701710829058356e+03	2.747379531546285669e-01	1.752457571865375374e-01	2.390657421865264864e-01	1.435988658764942860e-01	6.914485340412832026e-02	2.761701764168746770e-02	7.058981054985635772e-02
1.039153041893154750e+03	2.744982001372746061e-01	1.750817944423716799e-01	2.392387359202191865e-01	1.436989388964138303e-01	6.918651246674220601e-02	2.764330028829274644e-02	7.065251784854476025e-02
1.040604372957251599e+03	2.742588551816445008e-01	1.749181091773022445e-01	2.394114272774963692e-01	1.437988303424171943e-01	6.922810280295088603e-02	2.766955377823544088e-02	7.071512143981237286e-02
1.042055704021347992e+03	2.740199175756605210e-01	1.747547009333471069e-01	2.395838167755570125e-01	1.438985406008005397e-01	6.926962452770334122e-02	2.769577809863609658e-02	7.077762148815440468e-02
1.043507035085444613e+03	2.737813866087356329e-01	1.745915692530758956e-01	2.397559049307102785e-01	1.439980700567849159e-01	6.931107775576217378e-02	2.772197323690170356e-02	7.084001815788833201e-02
1.044958366149541234e+03	2.735432615717671712e-01	1.744287136796128790e-01	2.399276922583771510e-01	1.440974190945203959e-01	6.935246260170388477e-02	2.774813918072409694e-02	7.090231161315335706e-02
1.046409697213637855e+03	2.733055417571296775e-01	1.742661337566394075e-01	2.400991792730921004e-01	1.441965880970901837e-01	6.939377917991920719e-02	2.777427591807834703e-02	7.096450201790997780e-02
1.047861028277734476e+03	2.730682264586686836e-01	1.741038290283965506e-01	2.402703664885046941e-01	1.442955774465148611e-01	6.943502760461339740e-02	2.780038343722118083e-02	7.102658953593955771e-02
1.049312359341831097e+03	2.728313149716937724e-01	1.739417990396875946e-01	2.404412544173813726e-01	1.443943875237564400e-01	6.947620798980648493e-02	2.782646172668940335e-02	7.108857433084379840e-02
1.050763690405927491e+03	2.725948065929726383e-01	1.737800433358804852e-01	2.406118435716069204e-01	1.444930187087225815e-01	6.951732044933359167e-02	2.785251077529831559e-02	7.115045656604436497e-02
1.052215021470024112e+03	2.723587006207242034e-01	1.736185614629102703e-01	2.407821344621861315e-01	1.445914713802705642e-01	6.955836509684520941e-02	2.787853057214014982e-02	7.121223640478238637e-02
1.053666352534120733e+03	2.721229963546125674e-01	1.734573529672813474e-01	2.409521275992455303e-01	1.446897459162114208e-01	6.959934204580749129e-02	2.790452110658251175e-02	7.127391401011803906e-02
1.055117683598217127e+03	2.718876930957406235e-01	1.732964173960698517e-01	2.411218234920349257e-01	1.447878426933140172e-01	6.964025140950255710e-02	2.793048236826682282e-02	7.133548954493014460e-02
1.056569014662313975e+03	2.716527901466439521e-01	1.731357542969257368e-01	2.412912226489289658e-01	1.448857620873090224e-01	6.968109330102874310e-02	2.795641434710678663e-02	7.139696317191568387e-02
1.058020345726410369e+03	2.714182868112848257e-01	1.729753632180750234e-01	2.414603255774288582e-01	1.449835044728929878e-01	6.972186783330090731e-02	2.798231703328684164e-02	7.145833505358947790e-02
1.059471676790506763e+03	2.711841823950458807e-01	1.728152437083219362e-01	2.416291327841639525e-01	1.450810702237322336e-01	6.976257511905067932e-02	2.800819041726062761e-02	7.151960535228368832e-02
1.060923007854603611e+03	2.709504762047242887e-01	1.726553953170509581e-01	2.417976447748932389e-01	1.451784597124669007e-01	6.980321527082675170e-02	2.803403448974946949e-02	7.158077423014741481e-02
1.062374338918700232e+03	2.707171675485258167e-01	1.724958175942288285e-01	2.419658620545070693e-01	1.452756733107148646e-01	6.984378840099517149e-02	2.805984924174085432e-02	7.164184184914636211e-02
1.063825669982796853e+03	2.704842557360591093e-01	1.723365100904064862e-01	2.421337851270287389e-01	1.453727113890757039e-01	6.988429462173961770e-02	2.808563466448693244e-02	7.170280837106239591e-02
1.065277001046893474e+03	2.702517400783296386e-01	1.721774723567210952e-01	2.423014144956159854e-01	1.454695743171345035e-01	6.992473404506165113e-02	2.811139074950300479e-02	7.176367395749314038e-02
1.066728332110990095e+03	2.700196198877341525e-01	1.720187039448977107e-01	2.424687506625626821e-01	1.455662624634658786e-01	6.996510678278099193e-02	2.813711748856602413e-02	7.182443876985163123e-02
1.068179663175086489e+03	2.697878944780549015e-01	1.718602044072512769e-01	2.426357941293003639e-01	1.456627761956377221e-01	7.000541294653578328e-02	2.816281487371311357e-02	7.188510296936594102e-02
1.069630994239183110e+03	2.695565631644541438e-01	1.717019732966883483e-01	2.428025453963997826e-01	1.457591158802151177e-01	7.004565264778289668e-02	2.818848289724008860e-02	7.194566671707876282e-02
1.071082325303279504e+03	2.693256252634685377e-01	1.715440101667087269e-01	2.429690049635724880e-01	1.458552818827641429e-01	7.008582599779812627e-02	2.821412155169997216e-02	7.200613017384709102e-02
1.072533656367376352e+03	2.690950800930036468e-01	1.713863145714072944e-01	2.431351733296724937e-01	1.459512745678557544e-01	7.012593310767656352e-02	2.823973082990152705e-02	7.206649350034183277e-02
1.073984987431472746e+03	2.688649269723284996e-01	1.712288860654755107e-01	2.433010509926976928e-01	1.460470942990694243e-01	7.016597408833276373e-02	2.826531072490781268e-02	7.212675685704747486e-02
1.075436318495569594e+03	2.686351652220702046e-01	1.710717242042030239e-01	2.434666384497914948e-01	1.461427414389970258e-01	7.020594905050106527e-02	2.829086123003470704e-02	7.218692040426170908e-02
1.076887649559666215e+03	2.684057941642085665e-01	1.709148285434793080e-01	2.436319361972443809e-01	1.462382163492465803e-01	7.024585810473582548e-02	2.831638233884946690e-02	7.224698430209511302e-02
1.078338980623762609e+03	2.681768131220710338e-01	1.707581986397951057e-01	2.437969447304954296e-01	1.463335193904458931e-01	7.028570136141171210e-02	2.834187404516929493e-02	7.230694871047077532e-02
1.079790311687859230e+03	2.679482214203272594e-01	1.706018340502438724e-01	2.439616645441338993e-01	1.464286509222464117e-01	7.032547893072391143e-02	2.836733634305988946e-02	7.236681378912399043e-02
1.081241642751955851e+03	2.677200183849841597e-01	1.704457343325232188e-01	2.441260961319006995e-01	1.465236113033267784e-01	7.036519092268844755e-02	2.839276922683403939e-02	7.242657969760193937e-02
1.082692973816052472e+03	2.674922033433804192e-01	1.702898990449362160e-01	2.442902399866900554e-01	1.466184008913966053e-01	7.040483744714244596e-02	2.841817269105018084e-02	7.248624659526334280e-02
1.084144304880149093e+03	2.672647756241819383e-01	1.701343277463928938e-01	2.444540966005509519e-01	1.467130200432000542e-01	7.044441861374428626e-02	2.844354673051099555e-02	7.254581464127812795e-02
1.085595635944245487e+03	2.670377345573765049e-01	1.699790199964114068e-01	2.446176664646886045e-01	1.468074691145195843e-01	7.048393453197400460e-02	2.846889134026200224e-02	7.260528399462716498e-02
1.087046967008342108e+03	2.668110794742689085e-01	1.698239753551193110e-01	2.447809500694661244e-01	1.469017484601794488e-01	7.052338531113346021e-02	2.849420651559014458e-02	7.266465481410190608e-02
1.088498298072438729e+03	2.665848097074760004e-01	1.696691933832548682e-01	2.449439479044059620e-01	1.469958584340493313e-01	7.056277106034661295e-02	2.851949225202240687e-02	7.272392725830412186e-02
1.089949629136535123e+03	2.663589245909219749e-01	1.695146736421681288e-01	2.451066604581914610e-01	1.470897993890479538e-01	7.060209188855975926e-02	2.854474854532443318e-02	7.278310148564558213e-02
1.091400960200631971e+03	2.661334234598334847e-01	1.693604156938220973e-01	2.452690882186683297e-01	1.471835716771466573e-01	7.064134790454182355e-02	2.856997539149912571e-02	7.284217765434775060e-02
1.092852291264728365e+03	2.659083056507347553e-01	1.692064191007939811e-01	2.454312316728461951e-01	1.472771756493728990e-01	7.068053921688458030e-02	2.859517278678528132e-02	7.290115592244154896e-02
1.094303622328825213e+03	2.656835705014431448e-01	1.690526834262760236e-01	2.455930913069000465e-01	1.473706116558138324e-01	7.071966593400293155e-02	2.862034072765622453e-02	7.296003644776700992e-02
1.095754953392921607e+03	2.654592173510641473e-01	1.688992082340767809e-01	2.457546676061719004e-01	1.474638800456198051e-01	7.075872816413514288e-02	2.864547921081843709e-02	7.301881938797299965e-02
1.097206284457018228e+03	2.652352455399870634e-01	1.687459930886219817e-01	2.459159610551720498e-01	1.475569811670077447e-01	7.079772601534309318e-02	2.867058823321020494e-02	7.307750490051699577e-02
1.098657615521114849e+03	2.650116544098802818e-01	1.685930375549555271e-01	2.460769721375807850e-01	1.476499153672648501e-01	7.083665959551252445e-02	2.869566779200027548e-02	7.313609314266479589e-02
1.100108946585211470e+03	2.647884433036869489e-01	1.684403411987404620e-01	2.462377013362497535e-01	1.477426829927518948e-01	7.087552901235330549e-02	2.872071788458650105e-02	7.319458427149024005e-02
1.101560277649308091e+03	2.645656115656199181e-01	1.682879035862598904e-01	2.463981491332034868e-01	1.478352843889066681e-01	7.091433437339966783e-02	2.874573850859450663e-02	7.325297844387493318e-02
1.103011608713404712e+03	2.643431585411580298e-01	1.681357242844177535e-01	2.465583160096409543e-01	1.479277199002474452e-01	7.095307578601044163e-02	2.877072966187636804e-02	7.331127581650802305e-02
1.104462939777501106e+03	2.641210835770412824e-01	1.679838028607398281e-01	2.467182024459368961e-01	1.480199898703764005e-01	7.099175335736934711e-02	2.879569134250926921e-02	7.336947654588596435e-02
1.105914270841597499e+03	2.638993860212665021e-01	1.678321388833743932e-01	2.468778089216434879e-01	1.481120946419830220e-01	7.103036719448518888e-02	2.882062354879419766e-02	7.342758078831218560e-02
1.107365601905694348e+03	2.636780652230831246e-01	1.676807319210931180e-01	2.470371359154916180e-01	1.482040345568473583e-01	7.106891740419214731e-02	2.884552627925462617e-02	7.348558869989696429e-02
1.108816932969790741e+03	2.634571205329888643e-01	1.675295815432917002e-01	2.471961839053924970e-01	1.482958099558435439e-01	7.110740409315000066e-02	2.887039953263520822e-02	7.354350043655709379e-02
1.110268264033887590e+03	2.632365513027254966e-01	1.673786873199906711e-01	2.473549533684391011e-01	1.483874211789430742e-01	7.114582736784437478e-02	2.889524330790047696e-02	7.360131615401571681e-02
1.111719595097984211e+03	2.630163568852747491e-01	1.672280488218360894e-01	2.475134447809075600e-01	1.484788685652180251e-01	7.118418733458699299e-02	2.892005760423354416e-02	7.365903600780200622e-02
1.113170926162080832e+03	2.627965366348538057e-01	1.670776656201001242e-01	2.476716586182587387e-01	1.485701524528444950e-01	7.122248409951591197e-02	2.894484242103482347e-02	7.371666015325106791e-02
1.114622257226177226e+03	2.625770899069115871e-01	1.669275372866818319e-01	2.478295953551395703e-01	1.486612731791058795e-01	7.126071776859577156e-02	2.896959775792073977e-02	7.377418874550359384e-02
1.116073588290273847e+03	2.623580160581244769e-01	1.667776633941076003e-01	2.479872554653845818e-01	1.487522310803960912e-01	7.129888844761803068e-02	2.899432361472245590e-02	7.383162193950575103e-02
1.117524919354370468e+03	2.621393144463922686e-01	1.666280435155317874e-01	2.481446394220173657e-01	1.488430264922228630e-01	7.133699624220124491e-02	2.901901999148460629e-02	7.388895989000889009e-02
1.118976250418467089e+03	2.619209844308341695e-01	1.664786772247373037e-01	2.483017476972519955e-01	1.489336597492109393e-01	7.137504125779126074e-02	2.904368688846401675e-02	7.394620275156936484e-02
1.120427581482563710e+03	2.617030253717847477e-01	1.663295640961361399e-01	2.484585807624944409e-01	1.490241311851053518e-01	7.141302359966150703e-02	2.906832430612846935e-02	7.400335067854836579e-02
1.121878912546660331e+03	2.614854366307903244e-01	1.661807037047698388e-01	2.486151390883439838e-01	1.491144411327746389e-01	7.145094337291320319e-02	2.909293224515542911e-02	7.406040382511164255e-02
1.123330243610756725e+03	2.612682175706045884e-01	1.660320956263099390e-01	2.487714231445947444e-01	1.492045899242139817e-01	7.148880068247558117e-02	2.911751070643080891e-02	7.411736234522937894e-02
1.124781574674853118e+03	2.610513675551851542e-01	1.658837394370585305e-01	2.489274334002370970e-01	1.492945778905484522e-01	7.152659563310619084e-02	2.914205969104772739e-02	7.417422639267597095e-02
1.126232905738949967e+03	2.608348859496892880e-01	1.657356347139485320e-01	2.490831703234590300e-01	1.493844053620361212e-01	7.156432832939109423e-02	2.916657920030526346e-02	7.423099612102981859e-02
1.127684236803046360e+03	2.606187721204706320e-01	1.655877810345441903e-01	2.492386343816476169e-01	1.494740726680711951e-01	7.160199887574511535e-02	2.919106923570724196e-02	7.428767168367320095e-02
1.129135567867143209e+03	2.604030254350749307e-01	1.654401779770414416e-01	2.493938260413904595e-01	1.495635801371872908e-01	7.163960737641208998e-02	2.921552979896099855e-02	7.434425323379204031e-02
1.130586898931239830e+03	2.601876452622365887e-01	1.652928251202682719e-01	2.495487457684770483e-01	1.496529280970602949e-01	7.167715393546508773e-02	2.923996089197616888e-02	7.440074092437574949e-02
1.132038229995336451e+03	2.599726309718749517e-01	1.651457220436849671e-01	2.497033940279003161e-01	1.497421168745117492e-01	7.171463865680668959e-02	2.926436251686347426e-02	7.445713490821706526e-02
1.133489561059432845e+03	2.597579819350906427e-01	1.649988683273845291e-01	2.498577712838578324e-01	1.498311467955117104e-01	7.175206164416916832e-02	2.928873467593350738e-02	7.451343533791185414e-02
1.134940892123529466e+03	2.595436975241616206e-01	1.648522635520928981e-01	2.500118779997533847e-01	1.499200181851819691e-01	7.178942300111479380e-02	2.931307737169554575e-02	7.456964236585900130e-02
1.136392223187626087e+03	2.593297771125400164e-01	1.647059072991692297e-01	2.501657146381982555e-01	1.500087313677990475e-01	7.182672283103604116e-02	2.933739060685634434e-02	7.462575614426017467e-02
1.137843554251722708e+03	2.591162200748483579e-01	1.645597991506061175e-01	2.503192816610129157e-01	1.500972866667972527e-01	7.186396123715581286e-02	2.936167438431894899e-02	7.468177682511974169e-02
1.139294885315819101e+03	2.589030257868759621e-01	1.644139386890298149e-01	2.504725795292278567e-01	1.501856844047716744e-01	7.190113832252768844e-02	2.938592870718152381e-02	7.473770456024457498e-02
1.140746216379915950e+03	2.586901936255753820e-01	1.642683254977005125e-01	2.506256087030857005e-01	1.502739249034812374e-01	7.193825419003620214e-02	2.941015357873615066e-02	7.479353950124391359e-02
1.142197547444012343e+03	2.584777229690590761e-01	1.641229591605123661e-01	2.507783696420420871e-01	1.503620084838517279e-01	7.197530894239700938e-02	2.943434900246767391e-02	7.484928179952921035e-02
1.143648878508108737e+03	2.582656131965959112e-01	1.639778392619938019e-01	2.509308628047670631e-01	1.504499354659786237e-01	7.201230268215717822e-02	2.945851498205252772e-02	7.490493160631397918e-02
1.145100209572205586e+03	2.580538636886076098e-01	1.638329653873075442e-01	2.510830886491468572e-01	1.505377061691303142e-01	7.204923551169542528e-02	2.948265152135756684e-02	7.496048907261372574e-02
1.146551540636302207e+03	2.578424738266654748e-01	1.636883371222507544e-01	2.512350476322849357e-01	1.506253209117508485e-01	7.208610753322231002e-02	2.950675862443892516e-02	7.501595434924571149e-02
1.148002871700398828e+03	2.576314429934870587e-01	1.635439540532552805e-01	2.513867402105035009e-01	1.507127800114629601e-01	7.212291884878055392e-02	2.953083629554084655e-02	7.507132758682887042e-02
1.149454202764495449e+03	2.574207705729324447e-01	1.633998157673874907e-01	2.515381668393447678e-01	1.508000837850709541e-01	7.215966956024516543e-02	2.955488453909456067e-02	7.512660893578372578e-02
1.150905533828591842e+03	2.572104559500014709e-01	1.632559218523484679e-01	2.516893279735724631e-01	1.508872325485636490e-01	7.219635976932378685e-02	2.957890335971712081e-02	7.518179854633219583e-02
1.152356864892688463e+03	2.570004985108300666e-01	1.631122718964740648e-01	2.518402240671731018e-01	1.509742266171172909e-01	7.223298957755684702e-02	2.960289276221027624e-02	7.523689656849749663e-02
1.153808195956785084e+03	2.567908976426870327e-01	1.629688654887349597e-01	2.519908555733575417e-01	1.510610663050984681e-01	7.226955908631783887e-02	2.962685275155935855e-02	7.529190315210404494e-02
1.155259527020881706e+03	2.565816527339708775e-01	1.628257022187365177e-01	2.521412229445620379e-01	1.511477519260668589e-01	7.230606839681358311e-02	2.965078333293212631e-02	7.534681844677729168e-02
1.156710858084978327e+03	2.563727631742064861e-01	1.626827816767189017e-01	2.522913266324499637e-01	1.512342837927781736e-01	7.234251761008438086e-02	2.967468451167767571e-02	7.540164260194369417e-02
1.158162189149074720e+03	2.561642283540421228e-01	1.625401034535570444e-01	2.524411670879128655e-01	1.513206622171870130e-01	7.237890682700436062e-02	2.969855629332531291e-02	7.545637576683053571e-02
1.159613520213171569e+03	2.559560476652461558e-01	1.623976671407606209e-01	2.525907447610719059e-01	1.514068875104497003e-01	7.241523614828158928e-02	2.972239868358344389e-02	7.551101809046585622e-02
1.161064851277267962e+03	2.557482205007037823e-01	1.622554723304738544e-01	2.527400601012793624e-01	1.514929599829270002e-01	7.245150567445841905e-02	2.974621168833847112e-02	7.556556972167835506e-02
1.162516182341364356e+03	2.555407462544140862e-01	1.621135186154755714e-01	2.528891135571198490e-01	1.515788799441870893e-01	7.248771550591166790e-02	2.976999531365371113e-02	7.562003080909725228e-02
1.163967513405461204e+03	2.553336243214869850e-01	1.619718055891791186e-01	2.530379055764116480e-01	1.516646477030081652e-01	7.252386574285284160e-02	2.979374956576827729e-02	7.567440150115226083e-02
1.165418844469557826e+03	2.551268540981397881e-01	1.618303328456321688e-01	2.531864366062081539e-01	1.517502635673813327e-01	7.255995648532841125e-02	2.981747445109601130e-02	7.572868194607343395e-02
1.166870175533654447e+03	2.549204349816945880e-01	1.616890999795166928e-01	2.533347070927990941e-01	1.518357278445133518e-01	7.259598783322003535e-02	2.984116997622438677e-02	7.578287229189113738e-02
1.168321506597751068e+03	2.547143663705750405e-01	1.615481065861487375e-01	2.534827174817119166e-01	1.519210408408294133e-01	7.263195988624478183e-02	2.986483614791345109e-02	7.583697268643589673e-02
1.169772837661847461e+03	2.545086476643033668e-01	1.614073522614782596e-01	2.536304682177134007e-01	1.520062028619758032e-01	7.266787274395535012e-02	2.988847297309472559e-02	7.589098327733838356e-02
1.171224168725944082e+03	2.543032782634973565e-01	1.612668366020891253e-01	2.537779597448103219e-01	1.520912142128227063e-01	7.270372650574034867e-02	2.991208045887016123e-02	7.594490421202929054e-02
1.172675499790040703e+03	2.540982575698674251e-01	1.611265592051987772e-01	2.539251925062514514e-01	1.521760751974668424e-01	7.273952127082450314e-02	2.993565861251106658e-02	7.599873563773928975e-02
1.174126830854137097e+03	2.538935849862137273e-01	1.609865196686580124e-01	2.540721669445285547e-01	1.522607861192342149e-01	7.277525713826887843e-02	2.995920744145705306e-02	7.605247770149892172e-02
1.175578161918233945e+03	2.536892599164230488e-01	1.608467175909508995e-01	2.542188835013779458e-01	1.523453472806828024e-01	7.281093420697117014e-02	2.998272695331498025e-02	7.610613055013855377e-02
1.177029492982330339e+03	2.534852817654661972e-01	1.607071525711944726e-01	2.543653426177814314e-01	1.524297589836051681e-01	7.284655257566582942e-02	3.000621715585791160e-02	7.615969433028829672e-02
1.178480824046426733e+03	2.532816499393949483e-01	1.605678242091385655e-01	2.545115447339680315e-01	1.525140215290312351e-01	7.288211234292445162e-02	3.002967805702407358e-02	7.621316918837799104e-02
1.179932155110523581e+03	2.530783638453392714e-01	1.604287321051654780e-01	2.546574902894150338e-01	1.525981352172308125e-01	7.291761360715584561e-02	3.005310966491581137e-02	7.626655527063710971e-02
1.181383486174620202e+03	2.528754228915042757e-01	1.602898758602898099e-01	2.548031797228493822e-01	1.526821003477163152e-01	7.295305646660638077e-02	3.007651198779856191e-02	7.631985272309464718e-02
1.182834817238716823e+03	2.526728264871676566e-01	1.601512550761580722e-01	2.549486134722491193e-01	1.527659172192453452e-01	7.298844101936019513e-02	3.009988503409982696e-02	7.637306169157917490e-02
1.184286148302813444e+03	2.524705740426767542e-01	1.600128693550485204e-01	2.550937919748444416e-01	1.528495861298233560e-01	7.302376736333941742e-02	3.012322881240814612e-02	7.642618232171873027e-02
1.185737479366910065e+03	2.522686649694459993e-01	1.598747182998707661e-01	2.552387156671192536e-01	1.529331073767061511e-01	7.305903559630438915e-02	3.014654333147208029e-02	7.647921475894076115e-02
1.187188810431006686e+03	2.520670986799537494e-01	1.597368015141654995e-01	2.553833849848122783e-01	1.530164812564026033e-01	7.309424581585392822e-02	3.016982860019920901e-02	7.653215914847208423e-02
1.188640141495103080e+03	2.518658745877399574e-01	1.595991186021042119e-01	2.555278003629186112e-01	1.530997080646770980e-01	7.312939811942552326e-02	3.019308462765511389e-02	7.658501563533888501e-02
1.190091472559199701e+03	2.516649921074031737e-01	1.594616691684888066e-01	2.556719622356906085e-01	1.531827880965521693e-01	7.316449260429562507e-02	3.021631142306235515e-02	7.663778436436662067e-02
1.191542803623296322e+03	2.514644506545979930e-01	1.593244528187512665e-01	2.558158710366396638e-01	1.532657216463111094e-01	7.319952936757982698e-02	3.023950899579952098e-02	7.669046548018002007e-02
1.192994134687392716e+03	2.512642496460323338e-01	1.591874691589532931e-01	2.559595271985370957e-01	1.533485090075003554e-01	7.323450850623311470e-02	3.026267735540018322e-02	7.674305912720304212e-02
1.194445465751489564e+03	2.510643884994648301e-01	1.590507177957860008e-01	2.561029311534156472e-01	1.534311504729321263e-01	7.326943011705010222e-02	3.028581651155194329e-02	7.679556544965882026e-02
1.195896796815585958e+03	2.508648666337018884e-01	1.589141983365694455e-01	2.562460833325707621e-01	1.535136463346869207e-01	7.330429429666528163e-02	3.030892647409542603e-02	7.684798459156967632e-02
1.197348127879682352e+03	2.506656834685955793e-01	1.587779103892523191e-01	2.563889841665618063e-01	1.535959968841160428e-01	7.333910114155321736e-02	3.033200725302332562e-02	7.690031669675707893e-02
1.198799458943779200e+03	2.504668384250405277e-01	1.586418535624115334e-01	2.565316340852135113e-01	1.536782024118440448e-01	7.337385074802880991e-02	3.035505885847939248e-02	7.695256190884158798e-02
1.200250790007875821e+03	2.502683309249715826e-01	1.585060274652517476e-01	2.566740335176170285e-01	1.537602632077711973e-01	7.340854321224750401e-02	3.037808130075749999e-02	7.700472037124288238e-02
1.201702121071972442e+03	2.500701603913612070e-01	1.583704317076050083e-01	2.568161828921313172e-01	1.538421795610760145e-01	7.344317863020555226e-02	3.040107459030066267e-02	7.705679222717970456e-02
1.203153452136069063e+03	2.498723262482168139e-01	1.582350658999303605e-01	2.569580826363844217e-01	1.539239517602177532e-01	7.347775709774023722e-02	3.042403873770007164e-02	7.710877761966988819e-02
1.204604783200165684e+03	2.496748279205783794e-01	1.580999296533132925e-01	2.570997331772746364e-01	1.540055800929387153e-01	7.351227871053007956e-02	3.044697375369414052e-02	7.716067669153028885e-02
1.206056114264262078e+03	2.494776648345158332e-01	1.579650225794654306e-01	2.572411349409720605e-01	1.540870648462667747e-01	7.354674356409507396e-02	3.046987964916756525e-02	7.721248958537679785e-02
1.207507445328358699e+03	2.492808364171264501e-01	1.578303442907240395e-01	2.573822883529195416e-01	1.541684063065178467e-01	7.358115175379698059e-02	3.049275643515035605e-02	7.726421644362439778e-02
1.208958776392455093e+03	2.490843420965324351e-01	1.576958944000514395e-01	2.575231938378340635e-01	1.542496047592981923e-01	7.361550337483949158e-02	3.051560412281691462e-02	7.731585740848703758e-02
1.210410107456551941e+03	2.488881813018785638e-01	1.575616725210347013e-01	2.576638518197081340e-01	1.543306604895069156e-01	7.364979852226846702e-02	3.053842272348507997e-02	7.736741262197771585e-02
1.211861438520648335e+03	2.486923534633294075e-01	1.574276782678850906e-01	2.578042627218108951e-01	1.544115737813382683e-01	7.368403729097218469e-02	3.056121224861520561e-02	7.741888222590846691e-02
1.213312769584745183e+03	2.484968580120672510e-01	1.572939112554375407e-01	2.579444269666893441e-01	1.544923449182841191e-01	7.371821977568160378e-02	3.058397270980921928e-02	7.747026636189034698e-02
1.214764100648841804e+03	2.483016943802893173e-01	1.571603710991502922e-01	2.580843449761698327e-01	1.545729741831363135e-01	7.375234607097053141e-02	3.060670411880971400e-02	7.752156517133343416e-02
1.216215431712937971e+03	2.481068620012056580e-01	1.570270574151041987e-01	2.582240171713589549e-01	1.546534618579889220e-01	7.378641627125588631e-02	3.062940648749901823e-02	7.757277879544688393e-02
1.217666762777034819e+03	2.479123603090364059e-01	1.568939698200023103e-01	2.583634439726450460e-01	1.547338082242407375e-01	7.382043047079793474e-02	3.065207982789826952e-02	7.762390737523884587e-02
1.219118093841131440e+03	2.477181887390096371e-01	1.567611079311693745e-01	2.585026257996994037e-01	1.548140135625975244e-01	7.385438876370054029e-02	3.067472415216652287e-02	7.767495105151657475e-02
1.220569424905228061e+03	2.475243467273589570e-01	1.566284713665512529e-01	2.586415630714775094e-01	1.548940781530743216e-01	7.388829124391135816e-02	3.069733947259982790e-02	7.772590996488640269e-02
1.222020755969324682e+03	2.473308337113210298e-01	1.564960597447144219e-01	2.587802562062202494e-01	1.549740022749978852e-01	7.392213800522204337e-02	3.071992580163033712e-02	7.777678425575373922e-02
1.223472087033421303e+03	2.471376491291333022e-01	1.563638726848453897e-01	2.589187056214550808e-01	1.550537862070088535e-01	7.395592914126855599e-02	3.074248315182540048e-02	7.782757406432311287e-02
1.224923418097517697e+03	2.469447924200316169e-01	1.562319098067501688e-01	2.590569117339975858e-01	1.551334302270641063e-01	7.398966474553135553e-02	3.076501153588667020e-02	7.787827953059819897e-02
1.226374749161614318e+03	2.467522630242479920e-01	1.561001707308537212e-01	2.591948749599522483e-01	1.552129346124390685e-01	7.402334491133559513e-02	3.078751096664921610e-02	7.792890079438181961e-02
1.227826080225710712e+03	2.465600603830081783e-01	1.559686550781994030e-01	2.593325957147140093e-01	1.552922996397299582e-01	7.405696973185144083e-02	3.080998145708063740e-02	7.797943799527597142e-02
1.229277411289807560e+03	2.463681839385294392e-01	1.558373624704483817e-01	2.594700744129694869e-01	1.553715255848560628e-01	7.409053930009421030e-02	3.083242302028018147e-02	7.802989127268188108e-02
1.230728742353903954e+03	2.461766331340182468e-01	1.557062925298789702e-01	2.596073114686979766e-01	1.554506127230619317e-01	7.412405370892463652e-02	3.085483566947785916e-02	7.808026076580001917e-02
1.232180073418000802e+03	2.459854074136679503e-01	1.555754448793861544e-01	2.597443072951729492e-01	1.555295613289197632e-01	7.415751305104913149e-02	3.087721941803359127e-02	7.813054661363011411e-02
1.233631404482097196e+03	2.457945062226566946e-01	1.554448191424809556e-01	2.598810623049630508e-01	1.556083716763314584e-01	7.419091741901998049e-02	3.089957427943632040e-02	7.818074895497122145e-02
1.235082735546193817e+03	2.456039290071449499e-01	1.553144149432898191e-01	2.600175769099334344e-01	1.556870440385309529e-01	7.422426690523555026e-02	3.092190026730315400e-02	7.823086792842175174e-02
1.236534066610290438e+03	2.454136752142734024e-01	1.551842319065540876e-01	2.601538515212470370e-01	1.557655786880864923e-01	7.425756160194059430e-02	3.094419739537850392e-02	7.828090367237948433e-02
1.237985397674387059e+03	2.452237442921607335e-01	1.550542696576292512e-01	2.602898865493656344e-01	1.558439758969027145e-01	7.429080160122641940e-02	3.096646567753323295e-02	7.833085632504163676e-02
1.239436728738483680e+03	2.450341356899013168e-01	1.549245278224844480e-01	2.604256824040511731e-01	1.559222359362228416e-01	7.432398699503112161e-02	3.098870512776380134e-02	7.838072602440487868e-02
1.240888059802580301e+03	2.448448488575631354e-01	1.547950060277017981e-01	2.605612394943669918e-01	1.560003590766310122e-01	7.435711787513982207e-02	3.101091576019140983e-02	7.843051290826542898e-02
1.242339390866676695e+03	2.446558832461855348e-01	1.546657039004756817e-01	2.606965582286789318e-01	1.560783455880542514e-01	7.439019433318493080e-02	3.103309758906116350e-02	7.848021711421904190e-02
1.243790721930773088e+03	2.444672383077771127e-01	1.545366210686122399e-01	2.608316390146567243e-01	1.561561957397648026e-01	7.442321646064634089e-02	3.105525062874124609e-02	7.852983877966111803e-02
1.245242052994869937e+03	2.442789134953134156e-01	1.544077571605287635e-01	2.609664822592747679e-01	1.562339098003822091e-01	7.445618434885163672e-02	3.107737489372204912e-02	7.857937804178670438e-02
1.246693384058966330e+03	2.440909082627348570e-01	1.542791118052528332e-01	2.611010883688140716e-01	1.563114880378754512e-01	7.448909808897638540e-02	3.109947039861537740e-02	7.862883503759054982e-02
1.248144715123063179e+03	2.439032220649446914e-01	1.541506846324219027e-01	2.612354577488626983e-01	1.563889307195651113e-01	7.452195777204430327e-02	3.112153715815360600e-02	7.867820990386723001e-02
1.249596046187159800e+03	2.437158543578066827e-01	1.540224752722825219e-01	2.613695908043173199e-01	1.564662381121255386e-01	7.455476348892751959e-02	3.114357518718884402e-02	7.872750277721110579e-02
1.251047377251256421e+03	2.435288045981431615e-01	1.538944833556896707e-01	2.615034879393844935e-01	1.565434104815868754e-01	7.458751533034682635e-02	3.116558450069213324e-02	7.877671379401643414e-02
1.252498708315352815e+03	2.433420722437327210e-01	1.537667085141060930e-01	2.616371495575816608e-01	1.566204480933371945e-01	7.462021338687183092e-02	3.118756511375262580e-02	7.882584309047746540e-02
1.253950039379449436e+03	2.431556567533083857e-01	1.536391503796017133e-01	2.617705760617383692e-01	1.566973512121246637e-01	7.465285774892127524e-02	3.120951704157677933e-02	7.887489080258842933e-02
1.255401370443546057e+03	2.429695575865552515e-01	1.535118085848528324e-01	2.619037678539976599e-01	1.567741201020595443e-01	7.468544850676318847e-02	3.123144029948752773e-02	7.892385706614366003e-02
1.256852701507642678e+03	2.427837742041085711e-01	1.533846827631415166e-01	2.620367253358168447e-01	1.568507550266163564e-01	7.471798575051516456e-02	3.125333490292351440e-02	7.897274201673765148e-02
1.258304032571739299e+03	2.425983060675517000e-01	1.532577725483549314e-01	2.621694489079692270e-01	1.569272562486358491e-01	7.475046957014459814e-02	3.127520086743825617e-02	7.902154578976508525e-02
1.259755363635835920e+03	2.424131526394139313e-01	1.531310775749846198e-01	2.623019389705447679e-01	1.570036240303271657e-01	7.478290005546886499e-02	3.129703820869935565e-02	7.907026852042095544e-02
1.261206694699932314e+03	2.422283133831684976e-01	1.530045974781258089e-01	2.624341959229515853e-01	1.570798586332698699e-01	7.481527729615555788e-02	3.131884694248773110e-02	7.911891034370061027e-02
1.262658025764028707e+03	2.420437877632305723e-01	1.528783318934766600e-01	2.625662201639170634e-01	1.571559603184159160e-01	7.484760138172276422e-02	3.134062708469680103e-02	7.916747139439987702e-02
1.264109356828125556e+03	2.418595752449551883e-01	1.527522804573376580e-01	2.626980120914890193e-01	1.572319293460917589e-01	7.487987240153921864e-02	3.136237865133171404e-02	7.921595180711502038e-02
1.265560687892221949e+03	2.416756752946353226e-01	1.526264428066108902e-01	2.628295721030368126e-01	1.573077659760003522e-01	7.491209044482459445e-02	3.138410165850857164e-02	7.926435171624299225e-02
1.267012018956318798e+03	2.414920873794997591e-01	1.525008185787992410e-01	2.629609005952526224e-01	1.573834704672232021e-01	7.494425560064972569e-02	3.140579612245363722e-02	7.931267125598134848e-02
1.268463350020415419e+03	2.413088109677110904e-01	1.523754074120057811e-01	2.630919979641524464e-01	1.574590430782223383e-01	7.497636795793681530e-02	3.142746205950257971e-02	7.936091056032847091e-02
1.269914681084511813e+03	2.411258455283638580e-01	1.522502089449330465e-01	2.632228646050774890e-01	1.575344840668423119e-01	7.500842760545962939e-02	3.144909948609968253e-02	7.940906976308349796e-02
1.271366012148608434e+03	2.409431905314824984e-01	1.521252228168822052e-01	2.633535009126951598e-01	1.576097936903122221e-01	7.504043463184377483e-02	3.147070841879710812e-02	7.945714899784656060e-02
1.272817343212705055e+03	2.407608454480193172e-01	1.520004486677524469e-01	2.634839072810002403e-01	1.576849722052476033e-01	7.507238912556692123e-02	3.149228887425409990e-02	7.950514839801878231e-02
1.274268674276801676e+03	2.405788097498526845e-01	1.518758861380402059e-01	2.636140841033162152e-01	1.577600198676525900e-01	7.510429117495899531e-02	3.151384086923626066e-02	7.955306809680240399e-02
1.275720005340898297e+03	2.403970829097848982e-01	1.517515348688384391e-01	2.637440317722963279e-01	1.578349369329216378e-01	7.513614086820244453e-02	3.153536442061478928e-02	7.960090822720082560e-02
1.277171336404994690e+03	2.402156644015403519e-01	1.516273945018358493e-01	2.638737506799245791e-01	1.579097236558416328e-01	7.516793829333245913e-02	3.155685954536569665e-02	7.964866892201877269e-02
1.278622667469091539e+03	2.400345536997636198e-01	1.515034646793162465e-01	2.640032412175170040e-01	1.579843802905938899e-01	7.519968353823715257e-02	3.157832626056909092e-02	7.969635031386232416e-02
1.280073998533187932e+03	2.398537502800174026e-01	1.513797450441576320e-01	2.641325037757230043e-01	1.580589070907559290e-01	7.523137669065785293e-02	3.159976458340844896e-02	7.974395253513905102e-02
1.281525329597284326e+03	2.396732536187807794e-01	1.512562352398316712e-01	2.642615387445261255e-01	1.581333043093035018e-01	7.526301783818926949e-02	3.162117453116983223e-02	7.979147571805808581e-02
1.282976660661381175e+03	2.394930631934471810e-01	1.511329349104027497e-01	2.643903465132455555e-01	1.582075721986125338e-01	7.529460706827974248e-02	3.164255612124119293e-02	7.983891999463026135e-02
1.284427991725477568e+03	2.393131784823225305e-01	1.510098437005273075e-01	2.645189274705371241e-01	1.582817110104609848e-01	7.532614446823152066e-02	3.166390937111160375e-02	7.988628549666813849e-02
1.285879322789574417e+03	2.391335989646233284e-01	1.508869612554531447e-01	2.646472820043944130e-01	1.583557209960307632e-01	7.535763012520085846e-02	3.168523429837057787e-02	7.993357235578618658e-02
1.287330653853671038e+03	2.389543241204748203e-01	1.507642872210184781e-01	2.647754105021497550e-01	1.584296024059096697e-01	7.538906412619840458e-02	3.170653092070727791e-02	7.998078070340085277e-02
1.288781984917767431e+03	2.387753534309090819e-01	1.506418212436513582e-01	2.649033133504756776e-01	1.585033554900932284e-01	7.542044655808929909e-02	3.172779925590986372e-02	8.002791067073065923e-02
1.290233315981864052e+03	2.385966863778631597e-01	1.505195629703688642e-01	2.650309909353859572e-01	1.585769804979866582e-01	7.545177750759345103e-02	3.174903932186472905e-02	8.007496238879632799e-02
