1.001418434226643626e+03	2.807076177720025378e-01	1.795994201213913233e-01	2.346847100784404672e-01	1.410307836328855147e-01	6.807274422213881182e-02	2.694708920010060321e-02	6.895763497289897348e-02
1.002869765290740247e+03	2.804574637847453977e-01	1.794283419018085080e-01	2.348656762330900427e-01	1.411354946046334824e-01	6.811611690133027863e-02	2.697410098479835483e-02	6.902280558945220190e-02
1.004321096354836754e+03	2.802077379346076813e-01	1.792575511694940449e-01	2.350463263817978987e-01	1.412400137231100139e-01	6.815941794330607206e-02	2.700108399638404683e-02	6.908786885115845988e-02
1.005772427418933376e+03	2.799584394466515525e-01	1.790870474743875562e-01	2.352266610652008483e-01	1.413443414034210310e-01	6.820264746783720466e-02	2.702803821398947273e-02	6.915282492837056261e-02
1.007223758483029997e+03	2.797095675478706300e-01	1.789168303666742732e-01	2.354066808230037833e-01	1.414484780594909286e-01	6.824580559450041384e-02	2.705496361707915992e-02	6.921767399123904263e-02
1.008675089547126618e+03	2.794611214671788857e-01	1.787468993967917252e-01	2.355863861939812565e-01	1.415524241040674036e-01	6.828889244267850878e-02	2.708186018544854468e-02	6.928241620971198333e-02
1.010126420611223239e+03	2.792131004353995971e-01	1.785772541154358739e-01	2.357657777159792856e-01	1.416561799487260354e-01	6.833190813156073129e-02	2.710872789922215073e-02	6.934705175353469975e-02
1.011577751675319632e+03	2.789655036852542458e-01	1.784078940735675245e-01	2.359448559259170464e-01	1.417597460038750590e-01	6.837485278014317214e-02	2.713556673885177128e-02	6.941158079224957200e-02
1.013029082739416367e+03	2.787183304513516924e-01	1.782388188224185988e-01	2.361236213597886768e-01	1.418631226787600563e-01	6.841772650722904858e-02	2.716237668511468917e-02	6.947600349519571228e-02
1.014480413803512761e+03	2.784715799701774075e-01	1.780700279134979636e-01	2.363020745526648314e-01	1.419663103814683969e-01	6.846052943142913461e-02	2.718915771911185192e-02	6.954032003150886765e-02
1.015931744867609382e+03	2.782252514800829246e-01	1.779015208985977314e-01	2.364802160386946239e-01	1.420693095189339561e-01	6.850326167116202458e-02	2.721590982226612318e-02	6.960453057012107314e-02
1.017383075931706003e+03	2.779793442212752930e-01	1.777332973297988672e-01	2.366580463511071264e-01	1.421721204969416674e-01	6.854592334465454961e-02	2.724263297632047512e-02	6.966863527976049908e-02
1.018834406995802851e+03	2.777338574358064749e-01	1.775653567594770998e-01	2.368355660222131176e-01	1.422747437201321574e-01	6.858851456994208284e-02	2.726932716333624329e-02	6.973263432895122904e-02
1.020285738059899245e+03	2.774887903675634648e-01	1.773976987403087513e-01	2.370127755834068317e-01	1.423771795920061034e-01	6.863103546486890028e-02	2.729599236569134682e-02	6.979652788601303781e-02
1.021737069123995752e+03	2.772441422622576312e-01	1.772303228252761764e-01	2.371896755651675959e-01	1.424794285149288686e-01	6.867348614708847221e-02	2.732262856607855714e-02	6.986031611906114158e-02
1.023188400188092373e+03	2.769999123674150021e-01	1.770632285676733142e-01	2.373662664970616065e-01	1.425814908901349709e-01	6.871586673406379631e-02	2.734923574750374592e-02	6.992399919600607305e-02
1.024639731252188767e+03	2.767560999323661064e-01	1.768964155211111555e-01	2.375425489077434837e-01	1.426833671177324403e-01	6.875817734306780005e-02	2.737581389328413647e-02	6.998757728455343163e-02
1.026091062316285615e+03	2.765127042082362041e-01	1.767298832395230723e-01	2.377185233249580198e-01	1.427850575967073987e-01	6.880041809118357665e-02	2.740236298704660026e-02	7.005105055220370303e-02
1.027542393380382237e+03	2.762697244479355163e-01	1.765636312771701188e-01	2.378941902755418725e-01	1.428865627249283621e-01	6.884258909530474591e-02	2.742888301272592561e-02	7.011441916625207882e-02
1.028993724444478858e+03	2.760271599061496217e-01	1.763976591886461665e-01	2.380695502854251466e-01	1.429878828991506257e-01	6.888469047213574559e-02	2.745537395456310384e-02	7.017768329378822056e-02
1.030445055508575479e+03	2.757850098393297422e-01	1.762319665288830106e-01	2.382446038796331989e-01	1.430890185150207050e-01	6.892672233819219230e-02	2.748183579710363617e-02	7.024084310169614875e-02
1.031896386572671872e+03	2.755432735056834725e-01	1.760665528531553947e-01	2.384193515822881637e-01	1.431899699670806103e-01	6.896868480980113125e-02	2.750826852519583018e-02	7.030389875665402077e-02
1.033347717636768493e+03	2.753019501651654544e-01	1.759014177170858673e-01	2.385937939166107302e-01	1.432907376487722040e-01	6.901057800310139712e-02	2.753467212398911373e-02	7.036685042513395050e-02
1.034799048700865114e+03	2.750610390794678839e-01	1.757365606766497501e-01	2.387679314049216128e-01	1.433913219524414473e-01	6.905240203404391930e-02	2.756104657893236262e-02	7.042969827340185562e-02
1.036250379764961508e+03	2.748205395120115191e-01	1.755719812881797182e-01	2.389417645686433833e-01	1.434917232693427858e-01	6.909415701839195789e-02	2.758739187577222141e-02	7.049244246751726339e-02
1.037701710829058356e+03	2.745804507279367424e-01	1.754076791083706288e-01	2.391152939283020806e-01	1.435919419896432569e-01	6.913584307172150611e-02	2.761370800055143807e-02	7.055508317333318569e-02
1.039153041893154750e+03	2.743407719940945122e-01	1.752436536942841849e-01	2.392885200035287652e-01	1.436919785024267648e-01	6.917746030942149849e-02	2.763999493960721601e-02	7.061762055649593861e-02
1.040604372957251599e+03	2.741015025790373705e-01	1.750799046033532647e-01	2.394614433130611841e-01	1.437918331956983542e-01	6.921900884669418552e-02	2.766625267956956957e-02	7.068005478244497597e-02
1.042055704021347992e+03	2.738626417530108381e-01	1.749164313933865011e-01	2.396340643747454924e-01	1.438915064563884016e-01	6.926048879855534190e-02	2.769248120735966212e-02	7.074238601641273660e-02
1.043507035085444613e+03	2.736241887879445334e-01	1.747532336225726957e-01	2.398063837055377512e-01	1.439909986703566125e-01	6.930190027983461343e-02	2.771868051018819626e-02	7.080461442342453338e-02
1.044958366149541234e+03	2.733861429574439561e-01	1.745903108494851197e-01	2.399784018215056214e-01	1.440903102223963506e-01	6.934324340517583618e-02	2.774485057555378317e-02	7.086674016829834499e-02
1.046409697213637855e+03	2.731485035367815506e-01	1.744276626330856228e-01	2.401501192378299454e-01	1.441894414962386628e-01	6.938451828903724472e-02	2.777099139124130506e-02	7.092876341564474663e-02
1.047861028277734476e+03	2.729112698028883788e-01	1.742652885327289347e-01	2.403215364688064404e-01	1.442883928745564426e-01	6.942572504569181902e-02	2.779710294532033998e-02	7.099068432986668786e-02
1.049312359341831097e+03	2.726744410343461822e-01	1.741031881081667454e-01	2.404926540278471692e-01	1.443871647389684265e-01	6.946686378922753424e-02	2.782318522614352779e-02	7.105250307515943720e-02
1.050763690405927491e+03	2.724380165113786667e-01	1.739413609195516464e-01	2.406634724274823167e-01	1.444857574700433300e-01	6.950793463354767998e-02	2.784923822234499149e-02	7.111421981551040161e-02
1.052215021470024112e+03	2.722019955158435645e-01	1.737798065274411552e-01	2.408339921793616334e-01	1.445841714473038442e-01	6.954893769237109613e-02	2.787526192283874826e-02	7.117583471469900169e-02
1.053666352534120733e+03	2.719663773312245292e-01	1.736185244928015459e-01	2.410042137942561280e-01	1.446824070492306602e-01	6.958987307923247823e-02	2.790125631681711696e-02	7.123734793629657447e-02
1.055117683598217127e+03	2.717311612426231981e-01	1.734575143770117900e-01	2.411741377820596777e-01	1.447804646532664385e-01	6.963074090748265499e-02	2.792722139374916729e-02	7.129875964366619301e-02
1.056569014662313975e+03	2.714963465367510875e-01	1.732967757418671373e-01	2.413437646517905544e-01	1.448783446358198057e-01	6.967154129028883813e-02	2.795315714337912733e-02	7.136006999996263866e-02
1.058020345726410369e+03	2.712619325019219318e-01	1.731363081495828904e-01	2.415130949115929793e-01	1.449760473722693510e-01	6.971227434063494155e-02	2.797906355572484308e-02	7.142127916813220678e-02
1.059471676790506763e+03	2.710279184280439679e-01	1.729761111627981518e-01	2.416821290687388435e-01	1.450735732369675124e-01	6.975294017132180335e-02	2.800494062107623111e-02	7.148238731091262343e-02
1.060923007854603611e+03	2.707943036066122189e-01	1.728161843445791546e-01	2.418508676296292070e-01	1.451709226032444622e-01	6.979353889496747732e-02	2.803078832999371384e-02	7.154339459083293440e-02
1.062374338918700232e+03	2.705610873307007780e-01	1.726565272584229538e-01	2.420193110997957975e-01	1.452680958434120762e-01	6.983407062400752430e-02	2.805660667330669988e-02	7.160430117021342189e-02
1.063825669982796853e+03	2.703282688949553703e-01	1.724971394682607295e-01	2.421874599839027031e-01	1.453650933287677360e-01	6.987453547069523430e-02	2.808239564211204714e-02	7.166510721116543803e-02
1.065277001046893474e+03	2.700958475955860250e-01	1.723380205384611730e-01	2.423553147857478995e-01	1.454619154295982431e-01	6.991493354710194563e-02	2.810815522777254660e-02	7.172581287559140484e-02
1.066728332110990095e+03	2.698638227303595816e-01	1.721791700338340114e-01	2.425228760082648038e-01	1.455585625151836204e-01	6.995526496511725312e-02	2.813388542191540276e-02	7.178641832518460608e-02
1.068179663175086489e+03	2.696321935985923068e-01	1.720205875196329504e-01	2.426901441535238291e-01	1.456550349538009159e-01	6.999552983644932724e-02	2.815958621643071744e-02	7.184692372142918726e-02
1.069630994239183110e+03	2.694009595011430669e-01	1.718622725615591429e-01	2.428571197227339939e-01	1.457513331127280043e-01	7.003572827262513623e-02	2.818525760346999795e-02	7.190732922559998908e-02
1.071082325303279504e+03	2.691701197404056112e-01	1.717042247257641041e-01	2.430238032162443385e-01	1.458474573582473899e-01	7.007586038499070968e-02	2.821089957544466523e-02	7.196763499876254744e-02
1.072533656367376352e+03	2.689396736203018556e-01	1.715464435788529862e-01	2.431901951335456169e-01	1.459434080556499813e-01	7.011592628471141619e-02	2.823651212502455848e-02	7.202784120177294080e-02
1.073984987431472746e+03	2.687096204462748883e-01	1.713889286878875207e-01	2.433562959732718523e-01	1.460391855692387830e-01	7.015592608277224085e-02	2.826209524513645377e-02	7.208794799527772079e-02
1.075436318495569594e+03	2.684799595252819193e-01	1.712316796203889602e-01	2.435221062332016684e-01	1.461347902623325590e-01	7.019585988997797954e-02	2.828764892896259986e-02	7.214795553971382891e-02
1.076887649559666215e+03	2.682506901657873422e-01	1.710746959443411042e-01	2.436876264102600942e-01	1.462302224972696629e-01	7.023572781695355816e-02	2.831317316993924027e-02	7.220786399530854105e-02
1.078338980623762609e+03	2.680218116777561277e-01	1.709179772281930465e-01	2.438528570005199514e-01	1.463254826354116467e-01	7.027552997414426850e-02	2.833866796175516303e-02	7.226767352207941197e-02
1.079790311687859230e+03	2.677933233726468298e-01	1.707615230408620344e-01	2.440177984992033811e-01	1.464205710371469515e-01	7.031526647181601808e-02	2.836413329835023658e-02	7.232738427983415042e-02
1.081241642751955851e+03	2.675652245634052573e-01	1.706053329517362716e-01	2.441824514006834257e-01	1.465154880618944888e-01	7.035493742005556606e-02	2.838956917391398035e-02	7.238699642817059132e-02
1.082692973816052472e+03	2.673375145644575901e-01	1.704494065306776107e-01	2.443468161984855558e-01	1.466102340681073313e-01	7.039454292877084240e-02	2.841497558288410066e-02	7.244651012647662647e-02
1.084144304880149093e+03	2.671101926917038849e-01	1.702937433480241070e-01	2.445108933852891131e-01	1.467048094132762659e-01	7.043408310769110059e-02	2.844035251994507865e-02	7.250592553393013506e-02
1.085595635944245487e+03	2.668832582625116356e-01	1.701383429745927656e-01	2.446746834529288928e-01	1.467992144539334298e-01	7.047355806636726450e-02	2.846569998002673393e-02	7.256524280949892824e-02
1.087046967008342108e+03	2.666567105957094452e-01	1.699832049816820678e-01	2.448381868923966420e-01	1.468934495456559186e-01	7.051296791417210885e-02	2.849101795830280906e-02	7.262446211194069356e-02
1.088498298072438729e+03	2.664305490115804198e-01	1.698283289410743579e-01	2.450014041938425591e-01	1.469875150430692834e-01	7.055231276030057841e-02	2.851630645018954704e-02	7.268358359980291172e-02
1.089949629136535123e+03	2.662047728318561735e-01	1.696737144250385076e-01	2.451643358465768752e-01	1.470814112998509726e-01	7.059159271376995448e-02	2.854156545134430359e-02	7.274260743142291208e-02
1.091400960200631971e+03	2.659793813797104445e-01	1.695193610063321921e-01	2.453269823390711590e-01	1.471751386687340513e-01	7.063080788342016025e-02	2.856679495766412807e-02	7.280153376492767836e-02
1.092852291264728365e+03	2.657543739797527116e-01	1.693652682582042213e-01	2.454893441589600378e-01	1.472686975015105870e-01	7.066995837791399671e-02	2.859199496528437925e-02	7.286036275823386255e-02
1.094303622328825213e+03	2.655297499580226428e-01	1.692114357543969827e-01	2.456514217930425847e-01	1.473620881490350920e-01	7.070904430573742017e-02	2.861716547057733401e-02	7.291909456904781262e-02
1.095754953392921607e+03	2.653055086419834896e-01	1.690578630691486894e-01	2.458132157272837348e-01	1.474553109612280477e-01	7.074806577519970885e-02	2.864230647015081344e-02	7.297772935486543378e-02
1.097206284457018228e+03	2.650816493605163138e-01	1.689045497771954896e-01	2.459747264468160055e-01	1.475483662870793466e-01	7.078702289443376816e-02	2.866741796084680202e-02	7.303626727297218846e-02
1.098657615521114849e+03	2.648581714439139922e-01	1.687514954537738532e-01	2.461359544359407736e-01	1.476412544746517896e-01	7.082591577139639438e-02	2.869249993974008414e-02	7.309470848044306857e-02
1.100108946585211470e+03	2.646350742238753884e-01	1.685986996746224875e-01	2.462969001781298295e-01	1.477339758710843054e-01	7.086474451386845508e-02	2.871755240413687710e-02	7.315305313414255384e-02
1.101560277649308091e+03	2.644123570334995788e-01	1.684461620159846129e-01	2.464575641560268482e-01	1.478265308225955865e-01	7.090350922945518053e-02	2.874257535157348845e-02	7.321130139072459797e-02
1.103011608713404712e+03	2.641900192072799136e-01	1.682938820546099612e-01	2.466179468514488882e-01	1.479189196744873092e-01	7.094221002558639966e-02	2.876756877981494903e-02	7.326945340663253148e-02
1.104462939777501106e+03	2.639680600810982991e-01	1.681418593677568019e-01	2.467780487453878069e-01	1.480111427711474914e-01	7.098084700951677595e-02	2.879253268685369113e-02	7.332750933809915883e-02
1.105914270841597499e+03	2.637464789922195907e-01	1.679900935331938572e-01	2.469378703180117596e-01	1.481032004560539628e-01	7.101942028832605724e-02	2.881746707090818496e-02	7.338546934114663356e-02
1.107365601905694348e+03	2.635252752792861530e-01	1.678385841292022174e-01	2.470974120486666981e-01	1.481950930717775561e-01	7.105792996891928393e-02	2.884237193042164804e-02	7.344333357158645825e-02
1.108816932969790741e+03	2.633044482823119758e-01	1.676873307345773945e-01	2.472566744158778140e-01	1.482868209599855214e-01	7.109637615802710808e-02	2.886724726406068517e-02	7.350110218501949844e-02
1.110268264033887590e+03	2.630839973426773448e-01	1.675363329286310154e-01	2.474156578973509824e-01	1.483783844614448011e-01	7.113475896220594619e-02	2.889209307071398045e-02	7.355877533683595482e-02
1.111719595097984211e+03	2.628639218031232905e-01	1.673855902911927096e-01	2.475743629699741766e-01	1.484697839160252775e-01	7.117307848783827051e-02	2.891690934949100317e-02	7.361635318221530777e-02
1.113170926162080832e+03	2.626442210077463146e-01	1.672351024026118016e-01	2.477327901098190233e-01	1.485610196627030200e-01	7.121133484113287282e-02	2.894169609972068596e-02	7.367383587612638673e-02
1.114622257226177226e+03	2.624248943019927838e-01	1.670848688437591711e-01	2.478909397921421898e-01	1.486520920395635881e-01	7.124952812812501701e-02	2.896645332095012376e-02	7.373122357332728694e-02
1.116073588290273847e+03	2.622059410326538775e-01	1.669348891960288350e-01	2.480488124913867720e-01	1.487430013838052512e-01	7.128765845467678608e-02	2.899118101294329355e-02	7.378851642836539715e-02
1.117524919354370468e+03	2.619873605478600931e-01	1.667851630413397235e-01	2.482064086811838488e-01	1.488337480317421802e-01	7.132572592647720700e-02	2.901587917567975683e-02	7.384571459557739970e-02
1.118976250418467089e+03	2.617691521970763047e-01	1.666356899621371790e-01	2.483637288343538696e-01	1.489243323188076396e-01	7.136373064904261154e-02	2.904054780935338281e-02	7.390281822908922882e-02
1.120427581482563710e+03	2.615513153310962124e-01	1.664864695413945939e-01	2.485207734229081533e-01	1.490147545795572348e-01	7.140167272771678897e-02	2.906518691437107518e-02	7.395982748281614005e-02
1.121878912546660331e+03	2.613338493020375686e-01	1.663375013626150201e-01	2.486775429180501651e-01	1.491050151476720487e-01	7.143955226767123579e-02	2.908979649135149878e-02	7.401674251046265474e-02
1.123330243610756725e+03	2.611167534633369036e-01	1.661887850098326125e-01	2.488340377901770983e-01	1.491951143559617499e-01	7.147736937390543333e-02	2.911437654112382367e-02	7.407356346552257387e-02
1.124781574674853118e+03	2.609000271697445306e-01	1.660403200676141278e-01	2.489902585088812348e-01	1.492850525363677849e-01	7.151512415124704203e-02	2.913892706472645186e-02	7.413029050127901975e-02
1.126232905738949967e+03	2.606836697773195488e-01	1.658921061210604508e-01	2.491462055429513323e-01	1.493748300199664869e-01	7.155281670435216512e-02	2.916344806340578910e-02	7.418692377080439437e-02
1.127684236803046360e+03	2.604676806434249592e-01	1.657441427558078717e-01	2.493018793603742067e-01	1.494644471369721839e-01	7.159044713770557067e-02	2.918793953861498203e-02	7.424346342696042100e-02
1.129135567867143209e+03	2.602520591267225569e-01	1.655964295580296120e-01	2.494572804283359535e-01	1.495539042167402799e-01	7.162801555562095523e-02	2.921240149201268649e-02	7.429990962239815810e-02
1.130586898931239830e+03	2.600368045871683798e-01	1.654489661144369628e-01	2.496124092132234740e-01	1.496432015877703636e-01	7.166552206224113819e-02	2.923683392546182896e-02	7.435626250955801320e-02
1.132038229995336451e+03	2.598219163860077674e-01	1.653017520122809225e-01	2.497672661806258354e-01	1.497323395777092059e-01	7.170296676153831150e-02	2.926123684102838879e-02	7.441252224066974286e-02
1.133489561059432845e+03	2.596073938857703656e-01	1.651547868393531959e-01	2.499218517953357976e-01	1.498213185133538961e-01	7.174034975731431729e-02	2.928561024098015955e-02	7.446868896775250823e-02
1.134940892123529466e+03	2.593932364502656296e-01	1.650080701839875819e-01	2.500761665213510065e-01	1.499101387206547842e-01	7.177767115320084212e-02	2.930995412778554868e-02	7.452476284261484729e-02
1.136392223187626087e+03	2.591794434445782169e-01	1.648616016350611391e-01	2.502302108218755761e-01	1.499988005247185618e-01	7.181493105265963905e-02	2.933426850411234924e-02	7.458074401685473032e-02
1.137843554251722708e+03	2.589660142350630467e-01	1.647153807819954907e-01	2.503839851593213650e-01	1.500873042498112875e-01	7.185212955898280518e-02	2.935855337282656033e-02	7.463663264185958768e-02
1.139294885315819101e+03	2.587529481893410255e-01	1.645694072147578513e-01	2.505374899953095591e-01	1.501756502193612453e-01	7.188926677529300369e-02	2.938280873699115892e-02	7.469242886880633758e-02
1.140746216379915950e+03	2.585402446762940509e-01	1.644236805238622201e-01	2.506907257906719200e-01	1.502638387559620814e-01	7.192634280454365814e-02	2.940703459986493407e-02	7.474813284866139995e-02
1.142197547444012343e+03	2.583279030660607933e-01	1.642782003003704916e-01	2.508436930054520619e-01	1.503518701813756908e-01	7.196335774951925779e-02	2.943123096490127266e-02	7.480374473218072418e-02
1.143648878508108737e+03	2.581159227300321990e-01	1.641329661358934544e-01	2.509963920989071728e-01	1.504397448165351869e-01	7.200031171283556575e-02	2.945539783574699713e-02	7.485926466990984463e-02
1.145100209572205586e+03	2.579043030408468828e-01	1.639879776225919850e-01	2.511488235295089577e-01	1.505274629815477327e-01	7.203720479693978551e-02	2.947953521624117543e-02	7.491469281218389453e-02
1.146551540636302207e+03	2.576930433723867986e-01	1.638432343531779634e-01	2.513009877549455262e-01	1.506150249956975939e-01	7.207403710411090791e-02	2.950364311041395529e-02	7.497002930912768925e-02
1.148002871700398828e+03	2.574821430997728533e-01	1.636987359209153003e-01	2.514528852321223917e-01	1.507024311774489700e-01	7.211080873645989153e-02	2.952772152248540546e-02	7.502527431065571240e-02
1.149454202764495449e+03	2.572716015993605776e-01	1.635544819196208532e-01	2.516045164171639148e-01	1.507896818444489084e-01	7.214751979592984310e-02	2.955177045686433954e-02	7.508042796647215744e-02
1.150905533828591842e+03	2.570614182487356847e-01	1.634104719436653974e-01	2.517558817654148573e-01	1.508767773135301915e-01	7.218417038429637833e-02	2.957578991814716757e-02	7.513549042607101103e-02
1.152356864892688463e+03	2.568515924267100181e-01	1.632667055879745421e-01	2.519069817314414372e-01	1.509637179007141949e-01	7.222076060316773294e-02	2.959977991111675810e-02	7.519046183873606681e-02
1.153808195956785084e+03	2.566421235133171108e-01	1.631231824480296466e-01	2.520578167690331051e-01	1.510505039212136358e-01	7.225729055398505407e-02	2.962374044074127591e-02	7.524534235354098100e-02
1.155259527020881706e+03	2.564330108898080773e-01	1.629799021198685416e-01	2.522083873312035429e-01	1.511371356894355977e-01	7.229376033802262236e-02	2.964767151217305441e-02	7.530013211934934170e-02
1.156710858084978327e+03	2.562242539386475060e-01	1.628368642000865840e-01	2.523586938701922189e-01	1.512236135189841957e-01	7.233017005638811558e-02	2.967157313074745770e-02	7.535483128481469672e-02
1.158162189149074720e+03	2.560158520435092400e-01	1.626940682858372678e-01	2.525087368374657193e-01	1.513099377226634623e-01	7.236651981002278911e-02	2.969544530198175991e-02	7.540943999838058132e-02
1.159613520213171569e+03	2.558078045892722141e-01	1.625515139748330840e-01	2.526585166837190810e-01	1.513961086124801236e-01	7.240280969970172564e-02	2.971928803157401072e-02	7.546395840828062918e-02
1.161064851277267962e+03	2.556001109620165135e-01	1.624092008653463259e-01	2.528080338588770681e-01	1.514821264996463468e-01	7.243903982603411285e-02	2.974310132540192858e-02	7.551838666253858634e-02
1.162516182341364356e+03	2.553927705490193212e-01	1.622671285562096721e-01	2.529572888120957264e-01	1.515679916945825711e-01	7.247521028946339594e-02	2.976688518952178356e-02	7.557272490896840833e-02
1.163967513405461204e+03	2.551857827387508104e-01	1.621252966468170742e-01	2.531062819917636042e-01	1.516537045069202561e-01	7.251132119026759693e-02	2.979063963016729405e-02	7.562697329517426015e-02
1.165418844469557826e+03	2.549791469208703698e-01	1.619837047371244232e-01	2.532550138455029742e-01	1.517392652455045177e-01	7.254737262855948110e-02	2.981436465374852005e-02	7.568113196855061342e-02
1.166870175533654447e+03	2.547728624862224400e-01	1.618423524276501047e-01	2.534034848201713319e-01	1.518246742183970155e-01	7.258336470428680687e-02	2.983806026685077717e-02	7.573520107628232967e-02
1.168321506597751068e+03	2.545669288268327946e-01	1.617012393194756925e-01	2.535516953618628944e-01	1.519099317328785614e-01	7.261929751723258941e-02	2.986172647623352647e-02	7.578918076534468806e-02
1.169772837661847461e+03	2.543613453359046539e-01	1.615603650142465597e-01	2.536996459159095441e-01	1.519950380954518954e-01	7.265517116701530886e-02	2.988536328882930929e-02	7.584307118250346869e-02
1.171224168725944082e+03	2.541561114078145778e-01	1.614197291141725721e-01	2.538473369268824387e-01	1.520799936118442941e-01	7.269098575308911847e-02	2.990897071174265093e-02	7.589687247431502193e-02
1.172675499790040703e+03	2.539512264381089679e-01	1.612793312220285602e-01	2.539947688385933433e-01	1.521647985870102915e-01	7.272674137474410827e-02	2.993254875224900247e-02	7.595058478712632399e-02
1.174126830854137097e+03	2.537466898235003487e-01	1.611391709411548467e-01	2.541419420940957963e-01	1.522494533251343984e-01	7.276243813110655489e-02	2.995609741779365134e-02	7.600420826707508792e-02
1.175578161918233945e+03	2.535425009618631487e-01	1.609992478754579126e-01	2.542888571356864968e-01	1.523339581296336842e-01	7.279807612113908810e-02	2.997961671599066666e-02	7.605774306008977748e-02
1.177029492982330339e+03	2.533386592522302583e-01	1.608595616294107855e-01	2.544355144049067485e-01	1.524183133031604409e-01	7.283365544364099609e-02	3.000310665462183404e-02	7.611118931188973202e-02
1.178480824046426733e+03	2.531351640947895332e-01	1.607201118080535673e-01	2.545819143425436248e-01	1.525025191476048203e-01	7.286917619724840589e-02	3.002656724163560789e-02	7.616454716798519431e-02
1.179932155110523581e+03	2.529320148908799082e-01	1.605808980169939060e-01	2.547280573886315236e-01	1.525865759640973873e-01	7.290463848043453321e-02	3.004999848514604971e-02	7.621781677367746310e-02
1.181383486174620202e+03	2.527292110429876781e-01	1.604419198624076059e-01	2.548739439824530550e-01	1.526704840530118401e-01	7.294004239150993218e-02	3.007340039343178381e-02	7.627099827405889321e-02
1.182834817238716823e+03	2.525267519547430006e-01	1.603031769510387672e-01	2.550195745625408184e-01	1.527542437139674802e-01	7.297538802862268970e-02	3.009677297493497730e-02	7.632409181401302034e-02
1.184286148302813444e+03	2.523246370309163988e-01	1.601646688902003679e-01	2.551649495666784562e-01	1.528378552458319883e-01	7.301067548975867516e-02	3.012011623826027842e-02	7.637709753821464442e-02
1.185737479366910065e+03	2.521228656774149868e-01	1.600263952877747087e-01	2.553100694319019870e-01	1.529213189467237277e-01	7.304590487274181809e-02	3.014343019217380001e-02	7.643001559112987120e-02
1.187188810431006686e+03	2.519214373012791386e-01	1.598883557522136623e-01	2.554549345945011374e-01	1.530046351140144645e-01	7.308107627523420524e-02	3.016671484560208907e-02	7.648284611701626490e-02
1.188640141495103080e+03	2.517203513106788804e-01	1.597505498925390899e-01	2.555995454900205632e-01	1.530878040443318933e-01	7.311618979473651081e-02	3.018997020763111022e-02	7.653558925992288986e-02
1.190091472559199701e+03	2.515196071149104484e-01	1.596129773183432299e-01	2.557439025532614596e-01	1.531708260335621352e-01	7.315124552858803808e-02	3.021319628750522221e-02	7.658824516369043545e-02
1.191542803623296322e+03	2.513192041243929031e-01	1.594756376397889475e-01	2.558880062182823378e-01	1.532537013768523748e-01	7.318624357396703861e-02	3.023639309462617872e-02	7.664081397195122991e-02
1.192994134687392716e+03	2.511191417506644652e-01	1.593385304676100400e-01	2.560318569184008575e-01	1.533364303686131636e-01	7.322118402789096203e-02	3.025956063855211181e-02	7.669329582812942081e-02
1.194445465751489564e+03	2.509194194063794625e-01	1.592016554131115702e-01	2.561754550861947699e-01	1.534190133025210845e-01	7.325606698721666421e-02	3.028269892899653620e-02	7.674569087544103052e-02
1.195896796815585958e+03	2.507200365053046665e-01	1.590650120881700880e-01	2.563188011535033062e-01	1.535014504715211392e-01	7.329089254864061542e-02	3.030580797582735006e-02	7.679799925689403950e-02
1.197348127879682352e+03	2.505209924623161277e-01	1.589286001052338804e-01	2.564618955514283982e-01	1.535837421678293291e-01	7.332566080869915015e-02	3.032888778906584967e-02	7.685022111528851119e-02
1.198799458943779200e+03	2.503222866933956792e-01	1.587924190773232214e-01	2.566047387103362332e-01	1.536658886829350701e-01	7.336037186376870300e-02	3.035193837888572332e-02	7.690235659321666140e-02
1.200250790007875821e+03	2.501239186156278271e-01	1.586564686180306771e-01	2.567473310598581415e-01	1.537478903076035797e-01	7.339502581006603077e-02	3.037495975561209371e-02	7.695440583306298321e-02
1.201702121071972442e+03	2.499258876471963375e-01	1.585207483415211893e-01	2.568896730288920960e-01	1.538297473318783470e-01	7.342962274364847608e-02	3.039795192972052917e-02	7.700636897700433026e-02
1.203153452136069063e+03	2.497281932073810162e-01	1.583852578625322693e-01	2.570317650456040992e-01	1.539114600450837422e-01	7.346416276041412008e-02	3.042091491183606874e-02	7.705824616701002772e-02
1.204604783200165684e+03	2.495308347165545726e-01	1.582499967963742205e-01	2.571736075374290720e-01	1.539930287358271255e-01	7.349864595610207385e-02	3.044384871273225421e-02	7.711003754484196948e-02
1.206056114264262078e+03	2.493338115961792056e-01	1.581149647589302765e-01	2.573152009310727406e-01	1.540744536920014840e-01	7.353307242629272822e-02	3.046675334333016905e-02	7.716174325205472917e-02
1.207507445328358699e+03	2.491371232688036341e-01	1.579801613666567683e-01	2.574565456525121920e-01	1.541557352007877635e-01	7.356744226640792028e-02	3.048962881469747394e-02	7.721336342999564339e-02
1.208958776392455093e+03	2.489407691580598214e-01	1.578455862365831242e-01	2.575976421269976502e-01	1.542368735486571996e-01	7.360175557171121097e-02	3.051247513804747000e-02	7.726489821980497830e-02
1.210410107456551941e+03	2.487447486886598669e-01	1.577112389863121189e-01	2.577384907790535307e-01	1.543178690213738435e-01	7.363601243730809320e-02	3.053529232473812041e-02	7.731634776241595730e-02
1.211861438520648335e+03	2.485490612863928139e-01	1.575771192340199578e-01	2.578790920324797731e-01	1.543987219039966996e-01	7.367021295814624171e-02	3.055808038627113102e-02	7.736771219855494153e-02
1.213312769584745183e+03	2.483537063781217080e-01	1.574432265984563040e-01	2.580194463103530622e-01	1.544794324808823061e-01	7.370435722901570730e-02	3.058083933429099274e-02	7.741899166874151306e-02
1.214764100648841804e+03	2.481586833917804047e-01	1.573095606989443895e-01	2.581595540350281048e-01	1.545600010356869558e-01	7.373844534454919442e-02	3.060356918058405526e-02	7.747018631328857208e-02
1.216215431712937971e+03	2.479639917563705165e-01	1.571761211553809323e-01	2.582994156281389064e-01	1.546404278513690000e-01	7.377247739922224157e-02	3.062626993707758677e-02	7.752129627230250342e-02
1.217666762777034819e+03	2.477696309019584708e-01	1.570429075882363856e-01	2.584390315105999925e-01	1.547207132101913185e-01	7.380645348735349887e-02	3.064894161583886500e-02	7.757232168568321817e-02
1.219118093841131440e+03	2.475756002596724292e-01	1.569099196185548550e-01	2.585784021026076296e-01	1.548008573937234567e-01	7.384037370310492232e-02	3.067158422907422660e-02	7.762326269312432026e-02
1.220569424905228061e+03	2.473818992616992896e-01	1.567771568679540151e-01	2.587175278236410469e-01	1.548808606828440682e-01	7.387423814048202364e-02	3.069419778912817198e-02	7.767411943411324515e-02
1.222020755969324682e+03	2.471885273412817441e-01	1.566446189586253313e-01	2.588564090924638794e-01	1.549607233577431076e-01	7.390804689333407840e-02	3.071678230848243901e-02	7.772489204793130158e-02
1.223472087033421303e+03	2.469954839327153373e-01	1.565123055133338936e-01	2.589950463271251668e-01	1.550404456979241341e-01	7.394180005535438971e-02	3.073933779975510094e-02	7.777558067365389349e-02
1.224923418097517697e+03	2.468027684713454961e-01	1.563802161554183612e-01	2.591334399449607973e-01	1.551200279822066430e-01	7.397549772008049640e-02	3.076186427569965048e-02	7.782618545015050626e-02
1.226374749161614318e+03	2.466103803935646988e-01	1.562483505087910174e-01	2.592715903625944507e-01	1.551994704887282306e-01	7.400913998089439505e-02	3.078436174920411855e-02	7.787670651608499806e-02
1.227826080225710712e+03	2.464183191368095049e-01	1.561167081979376869e-01	2.594094979959392644e-01	1.552787734949469534e-01	7.404272693102276204e-02	3.080683023329015141e-02	7.792714400991561374e-02
1.229277411289807560e+03	2.462265841395576971e-01	1.559852888479176247e-01	2.595471632601986656e-01	1.553579372776434653e-01	7.407625866353721722e-02	3.082926974111214677e-02	7.797749806989510979e-02
1.230728742353903954e+03	2.460351748413254769e-01	1.558540920843635436e-01	2.596845865698678146e-01	1.554369621129233214e-01	7.410973527135455985e-02	3.085168028595634132e-02	7.802776883407093467e-02
1.232180073418000802e+03	2.458440906826645234e-01	1.557231175334813644e-01	2.598217683387347710e-01	1.555158482762191152e-01	7.414315684723690736e-02	3.087406188123994338e-02	7.807795644028531212e-02
1.233631404482097196e+03	2.456533311051593560e-01	1.555923648220502720e-01	2.599587089798817696e-01	1.555945960422928376e-01	7.417652348379207006e-02	3.089641454051024819e-02	7.812806102617540771e-02
1.235082735546193817e+03	2.454628955514243371e-01	1.554618335774225479e-01	2.600954089056864427e-01	1.556732056852378754e-01	7.420983527347363440e-02	3.091873827744376010e-02	7.817808272917342594e-02
1.236534066610290438e+03	2.452727834651010630e-01	1.553315234275234324e-01	2.602318685278228183e-01	1.557516774784813984e-01	7.424309230858128217e-02	3.094103310584533223e-02	7.822802168650674903e-02
1.237985397674387059e+03	2.450829942908554493e-01	1.552014340008509574e-01	2.603680882572629307e-01	1.558300116947864133e-01	7.427629468126098478e-02	3.096329903964728861e-02	7.827787803519808962e-02
1.239436728738483680e+03	2.448935274743751500e-01	1.550715649264758633e-01	2.605040685042777637e-01	1.559082086062539563e-01	7.430944248350523917e-02	3.098553609290856034e-02	7.832765191206561561e-02
1.240888059802580301e+03	2.447043824623667541e-01	1.549419158340414326e-01	2.606398096784384721e-01	1.559862684843252856e-01	7.434253580715331766e-02	3.100774427981384251e-02	7.837734345372308897e-02
1.242339390866676695e+03	2.445155587025530097e-01	1.548124863537632678e-01	2.607753121886177139e-01	1.560641915997840468e-01	7.437557474389147605e-02	3.102992361467272683e-02	7.842695279657997676e-02
1.243790721930773088e+03	2.443270556436702157e-01	1.546832761164292080e-01	2.609105764429908159e-01	1.561419782227583819e-01	7.440855938525317570e-02	3.105207411191886549e-02	7.847648007684161764e-02
1.245242052994869937e+03	2.441388727354655286e-01	1.545542847533991071e-01	2.610456028490368841e-01	1.562196286227230391e-01	7.444148982261929171e-02	3.107419578610910033e-02	7.852592543050934681e-02
1.246693384058966330e+03	2.439510094286943542e-01	1.544255118966045282e-01	2.611803918135401914e-01	1.562971430685016205e-01	7.447436614721840431e-02	3.109628865192264058e-02	7.857528899338064865e-02
1.248144715123063179e+03	2.437634651751176551e-01	1.542969571785487159e-01	2.613149437425911215e-01	1.563745218282684701e-01	7.450718845012697933e-02	3.111835272416023368e-02	7.862457090104926771e-02
1.249596046187159800e+03	2.435762394274992026e-01	1.541686202323062083e-01	2.614492590415877227e-01	1.564517651695509770e-01	7.453995682226959019e-02	3.114038801774331178e-02	7.867377128890540305e-02
1.251047377251256421e+03	2.433893316396032458e-01	1.540405006915227526e-01	2.615833381152365966e-01	1.565288733592316572e-01	7.457267135441919548e-02	3.116239454771316947e-02	7.872289029213580536e-02
1.252498708315352815e+03	2.432027412661917631e-01	1.539125981904149454e-01	2.617171813675541747e-01	1.566058466635501800e-01	7.460533213719731938e-02	3.118437232923014849e-02	7.877192804572392959e-02
1.253950039379449436e+03	2.430164677630217984e-01	1.537849123637701210e-01	2.618507892018679950e-01	1.566826853481053661e-01	7.463793926107428756e-02	3.120632137757279809e-02	7.882088468445008766e-02
1.255401370443546057e+03	2.428305105868430180e-01	1.536574428469459352e-01	2.619841620208178679e-01	1.567593896778574636e-01	7.467049281636947700e-02	3.122824170813707015e-02	7.886976034289161497e-02
1.256852701507642678e+03	2.426448691953951853e-01	1.535301892758701992e-01	2.621173002263570972e-01	1.568359599171300356e-01	7.470299289325151026e-02	3.125013333643550384e-02	7.891855515542296751e-02
1.258304032571739299e+03	2.424595430474056068e-01	1.534031512870406011e-01	2.622502042197534244e-01	1.569123963296120694e-01	7.473543958173847757e-02	3.127199627809642418e-02	7.896726925621591620e-02
1.259755363635835920e+03	2.422745316025865514e-01	1.532763285175244572e-01	2.623828744015904713e-01	1.569886991783600860e-01	7.476783297169825593e-02	3.129383054886311633e-02	7.901590277923967176e-02
1.261206694699932314e+03	2.420898343216328075e-01	1.531497206049582671e-01	2.625153111717688503e-01	1.570648687257999720e-01	7.480017315284860635e-02	3.131563616459304145e-02	7.906445585826105127e-02
1.262658025764028707e+03	2.419054506662191850e-01	1.530233271875476309e-01	2.626475149295073863e-01	1.571409052337292833e-01	7.483246021475749299e-02	3.133741314125703531e-02	7.911292862684463079e-02
1.264109356828125556e+03	2.417213800989980732e-01	1.528971479040667492e-01	2.627794860733442261e-01	1.572168089633189936e-01	7.486469424684326357e-02	3.135916149493851723e-02	7.916132121835284252e-02
1.265560687892221949e+03	2.415376220835969423e-01	1.527711823938581737e-01	2.629112250011380048e-01	1.572925801751157426e-01	7.489687533837489919e-02	3.138088124183269212e-02	7.920963376594623850e-02
1.267012018956318798e+03	2.413541760846159290e-01	1.526454302968325294e-01	2.630427321100691218e-01	1.573682191290436405e-01	7.492900357847223636e-02	3.140257239824576635e-02	7.925786640258353222e-02
1.268463350020415419e+03	2.411710415676253938e-01	1.525198912534681817e-01	2.631740077966407965e-01	1.574437260844062936e-01	7.496107905610616129e-02	3.142423498059416370e-02	7.930601926102180677e-02
1.269914681084511813e+03	2.409882179991635620e-01	1.523945649048107920e-01	2.633050524566802331e-01	1.575191012998889140e-01	7.499310186009888746e-02	3.144586900540377594e-02	7.935409247381669529e-02
1.271366012148608434e+03	2.408057048467339978e-01	1.522694508924730128e-01	2.634358664853399534e-01	1.575943450335601514e-01	7.502507207912417764e-02	3.146747448930913016e-02	7.940208617332249197e-02
1.272817343212705055e+03	2.406235015788033837e-01	1.521445488586342099e-01	2.635664502770987405e-01	1.576694575428741474e-01	7.505698980170751045e-02	3.148905144905268794e-02	7.945000049169231859e-02
1.274268674276801676e+03	2.404416076647989953e-01	1.520198584460399904e-01	2.636968042257629152e-01	1.577444390846723665e-01	7.508885511622638564e-02	3.151059990148401962e-02	7.949783556087830494e-02
1.275720005340898297e+03	2.402600225751064522e-01	1.518953792980019257e-01	2.638269287244676131e-01	1.578192899151857065e-01	7.512066811091049068e-02	3.153211986355907576e-02	7.954559151263172756e-02
1.277171336404994690e+03	2.400787457810673320e-01	1.517711110583971346e-01	2.639568241656776171e-01	1.578940102900363296e-01	7.515242887384193660e-02	3.155361135233940989e-02	7.959326847850320408e-02
1.278622667469091539e+03	2.398977767549768658e-01	1.516470533716677838e-01	2.640864909411889117e-01	1.579686004642396335e-01	7.518413749295553561e-02	3.157507438499143615e-02	7.964086658984280420e-02
1.280073998533187932e+03	2.397171149700815518e-01	1.515232058828209216e-01	2.642159294421295157e-01	1.580430606922061387e-01	7.521579405603893986e-02	3.159650897878567982e-02	7.968838597780025790e-02
1.281525329597284326e+03	2.395367599005768788e-01	1.513995682374278950e-01	2.643451400589608147e-01	1.581173912277434035e-01	7.524739865073291900e-02	3.161791515109600714e-02	7.973582677332509416e-02
1.282976660661381175e+03	2.393567110216050786e-01	1.512761400816239610e-01	2.644741231814786153e-01	1.581915923240580502e-01	7.527895136453160996e-02	3.163929291939889671e-02	7.978318910716683532e-02
1.284427991725477568e+03	2.391769678092527940e-01	1.511529210621079811e-01	2.646028791988143669e-01	1.582656642337574304e-01	7.531045228478268350e-02	3.166064230127269008e-02	7.983047310987508027e-02
1.285879322789574417e+03	2.389975297405488863e-01	1.510299108261418666e-01	2.647314084994362715e-01	1.583396072088518181e-01	7.534190149868760789e-02	3.168196331439689095e-02	7.987767891179976820e-02
1.287330653853671038e+03	2.388183962934620208e-01	1.509071090215502453e-01	2.648597114711502831e-01	1.584134215007559077e-01	7.537329909330187094e-02	3.170325597655137412e-02	7.992480664309133120e-02
1.288781984917767431e+03	2.386395669468986680e-01	1.507845152967200175e-01	2.649877885011016065e-01	1.584871073602910907e-01	7.540464515553517433e-02	3.172452030561569158e-02	7.997185643370081920e-02
1.290233315981864052e+03	2.384610411807005781e-01	1.506621293005998563e-01	2.651156399757755300e-01	1.585606650376870375e-01	7.543593977215169721e-02	3.174575631956834398e-02	8.001882841338009422e-02
