1.001418434226643626e+03	2.805537574826786895e-01	1.797511110513747012e-01	2.347244398512495223e-01	1.410273022618953320e-01	6.806724427791237264e-02	2.694470435018349319e-02	6.893144072456530713e-02
1.002869765290740247e+03	2.803035265790791430e-01	1.795801018619671563e-01	2.349056453069927053e-01	1.411319976556707767e-01	6.811056925885212998e-02	2.697171768333383318e-02	6.899644165396368045e-02
1.004321096354836754e+03	2.800537262900246183e-01	1.794093779540117950e-01	2.350865344097372023e-01	1.412365008989926451e-01	6.815382261686221688e-02	2.699870218689420093e-02	6.906133564333669095e-02
1.005772427418933376e+03	2.798043558161287803e-01	1.792389388990891785e-01	2.352671077000775546e-01	1.413408124074883032e-01	6.819700447217681705e-02	2.702565783995830931e-02	6.912612286494040914e-02
1.007223758483029997e+03	2.795554143601263197e-01	1.790687842688583331e-01	2.354473657176844315e-01	1.414449325956111947e-01	6.824011494483096796e-02	2.705258462195517591e-02	6.919080349079287373e-02
1.008675089547126618e+03	2.793069011268607404e-01	1.788989136350640496e-01	2.356273090013064342e-01	1.415488618766454765e-01	6.828315415466099103e-02	2.707948251264729461e-02	6.925537769267431365e-02
1.010126420611223239e+03	2.790588153232722579e-01	1.787293265695441835e-01	2.358069380887715671e-01	1.416526006627105982e-01	6.832612222130481083e-02	2.710635149212875863e-02	6.931984564212713418e-02
1.011577751675319632e+03	2.788111561583861420e-01	1.785600226442365657e-01	2.359862535169889308e-01	1.417561493647657989e-01	6.836901926420246856e-02	2.713319154082344253e-02	6.938420751045606960e-02
1.013029082739416367e+03	2.785639228433003933e-01	1.783910014311861358e-01	2.361652558219502485e-01	1.418595083926147138e-01	6.841184540259644120e-02	2.716000263948318075e-02	6.944846346872825260e-02
1.014480413803512761e+03	2.783171145911748634e-01	1.782222625025518259e-01	2.363439455387314758e-01	1.419626781549098993e-01	6.845460075553207180e-02	2.718678476918591491e-02	6.951261368777331140e-02
1.015931744867609382e+03	2.780707306172188198e-01	1.780538054306134155e-01	2.365223232014944110e-01	1.420656590591573010e-01	6.849728544185795798e-02	2.721353791133392791e-02	6.957665833818350853e-02
1.017383075931706003e+03	2.778247701386799551e-01	1.778856297877781656e-01	2.367003893434883877e-01	1.421684515117206948e-01	6.853989958022628504e-02	2.724026204765200507e-02	6.964059759031383801e-02
1.018834406995802851e+03	2.775792323748330070e-01	1.777177351465876465e-01	2.368781444970516348e-01	1.422710559178261280e-01	6.858244328909328391e-02	2.726695716018565779e-02	6.970443161428203915e-02
1.020285738059899245e+03	2.773341165469682124e-01	1.775501210797239549e-01	2.370555891936130255e-01	1.423734726815664708e-01	6.862491668671955036e-02	2.729362323129933682e-02	6.976816057996880482e-02
1.021737069123995752e+03	2.770894218783805374e-01	1.773827871600165695e-01	2.372327239636936314e-01	1.424757022059056355e-01	6.866731989117044743e-02	2.732026024367464542e-02	6.983178465701786464e-02
1.023188400188092373e+03	2.768451475943583540e-01	1.772157329604484854e-01	2.374095493369083321e-01	1.425777448926831559e-01	6.870965302031646627e-02	2.734686818030858738e-02	6.989530401483606825e-02
1.024639731252188767e+03	2.766012929221725036e-01	1.770489580541624863e-01	2.375860658419672033e-01	1.426796011426182953e-01	6.875191619183358693e-02	2.737344702451179404e-02	6.995871882259352414e-02
1.026091062316285615e+03	2.763578570910658061e-01	1.768824620144675286e-01	2.377622740066773488e-01	1.427812713553145985e-01	6.879410952320365313e-02	2.739999675990677577e-02	7.002202924922369676e-02
1.027542393380382237e+03	2.761148393322418459e-01	1.767162444148446532e-01	2.379381743579442876e-01	1.428827559292641380e-01	6.883623313171473301e-02	2.742651737042618026e-02	7.008523546342351751e-02
1.028993724444478858e+03	2.758722388788547031e-01	1.765503048289532029e-01	2.381137674217736200e-01	1.429840552618517890e-01	6.887828713446142448e-02	2.745300884031105781e-02	7.014833763365353747e-02
1.030445055508575479e+03	2.756300549659982391e-01	1.763846428306366509e-01	2.382890537232725536e-01	1.430851697493594477e-01	6.892027164834531316e-02	2.747947115410913008e-02	7.021133592813799673e-02
1.031896386572671872e+03	2.753882868306957166e-01	1.762192579939285408e-01	2.384640337866514026e-01	1.431860997869704166e-01	6.896218679007522223e-02	2.750590429667307615e-02	7.027423051486494932e-02
1.033347717636768493e+03	2.751469337118894742e-01	1.760541498930582593e-01	2.386387081352252804e-01	1.432868457687735408e-01	6.900403267616758707e-02	2.753230825315881869e-02	7.033702156158641583e-02
1.034799048700865114e+03	2.749059948504306017e-01	1.758893181024566987e-01	2.388130772914154876e-01	1.433874080877673707e-01	6.904580942294684387e-02	2.755868300902382037e-02	7.039970923581850837e-02
1.036250379764961508e+03	2.746654694890690585e-01	1.757247621967620022e-01	2.389871417767512607e-01	1.434877871358644086e-01	6.908751714654569331e-02	2.758502855002539084e-02	7.046229370484149990e-02
1.037701710829058356e+03	2.744253568724432935e-01	1.755604817508250592e-01	2.391609021118711320e-01	1.435879833038953279e-01	6.912915596290551690e-02	2.761134486221900053e-02	7.052477513570003242e-02
1.039153041893154750e+03	2.741856562470704195e-01	1.753964763397149462e-01	2.393343588165245117e-01	1.436879969816130254e-01	6.917072598777666836e-02	2.763763193195660148e-02	7.058715369520314475e-02
1.040604372957251599e+03	2.739463668613365543e-01	1.752327455387244215e-01	2.395075124095734087e-01	1.437878285576967285e-01	6.921222733671880678e-02	2.766388974588495850e-02	7.064942954992449453e-02
1.042055704021347992e+03	2.737074879654867177e-01	1.750692889233751715e-01	2.396803634089937352e-01	1.438874784197561318e-01	6.925366012510122959e-02	2.769011829094398039e-02	7.071160286620241375e-02
1.043507035085444613e+03	2.734690188116153386e-01	1.749061060694231395e-01	2.398529123318769996e-01	1.439869469543355041e-01	6.929502446810323346e-02	2.771631755436506847e-02	7.077367381014008918e-02
1.044958366149541234e+03	2.732309586536567081e-01	1.747431965528636888e-01	2.400251596944316945e-01	1.440862345469177686e-01	6.933632048071441956e-02	2.774248752366946860e-02	7.083564254760570111e-02
1.046409697213637855e+03	2.729933067473753194e-01	1.745805599499366534e-01	2.401971060119849621e-01	1.441853415819284168e-01	6.937754827773497113e-02	2.776862818666663707e-02	7.089750924423250666e-02
1.047861028277734476e+03	2.727560623503565429e-01	1.744181958371314733e-01	2.403687517989841760e-01	1.442842684427396160e-01	6.941870797377604208e-02	2.779473953145259260e-02	7.095927406541902016e-02
1.049312359341831097e+03	2.725192247219974662e-01	1.742561037911920796e-01	2.405400975689982179e-01	1.443830155116742620e-01	6.945979968326006226e-02	2.782082154640831695e-02	7.102093717632912417e-02
1.050763690405927491e+03	2.722827931234973464e-01	1.740942833891218899e-01	2.407111438347191712e-01	1.444815831700097808e-01	6.950082352042100120e-02	2.784687422019812078e-02	7.108249874189222217e-02
1.052215021470024112e+03	2.720467668178486176e-01	1.739327342081885275e-01	2.408818911079638747e-01	1.445799717979822929e-01	6.954177959930477049e-02	2.787289754176802692e-02	7.114395892680334954e-02
1.053666352534120733e+03	2.718111450698279530e-01	1.737714558259286779e-01	2.410523398996753941e-01	1.446781817747904153e-01	6.958266803376947363e-02	2.789889150034419174e-02	7.120531789552339563e-02
1.055117683598217127e+03	2.715759271459869395e-01	1.736104478201527523e-01	2.412224907199244095e-01	1.447762134785992028e-01	6.962348893748571133e-02	2.792485608543129535e-02	7.126657581227913152e-02
1.056569014662313975e+03	2.713411123146434734e-01	1.734497097689494671e-01	2.413923440779109919e-01	1.448740672865441170e-01	6.966424242393697008e-02	2.795079128681096994e-02	7.132773284106340428e-02
1.058020345726410369e+03	2.711066998458728783e-01	1.732892412506905067e-01	2.415619004819658522e-01	1.449717435747347738e-01	6.970492860641980259e-02	2.797669709454019341e-02	7.138878914563534517e-02
1.059471676790506763e+03	2.708726890114990793e-01	1.731290418440349643e-01	2.417311604395520064e-01	1.450692427182589395e-01	6.974554759804423021e-02	2.800257349894975240e-02	7.144974488952039737e-02
1.060923007854603611e+03	2.706390790850859984e-01	1.729691111279337279e-01	2.419001244572661913e-01	1.451665650911862504e-01	6.978609951173403436e-02	2.802842049064264984e-02	7.151060023601055193e-02
1.062374338918700232e+03	2.704058693419288395e-01	1.728094486816339204e-01	2.420687930408404465e-01	1.452637110665721820e-01	6.982658446022703413e-02	2.805423806049256452e-02	7.157135534816443101e-02
1.063825669982796853e+03	2.701730590590457615e-01	1.726500540846832299e-01	2.422371666951435298e-01	1.453606810164616570e-01	6.986700255607540544e-02	2.808002619964229674e-02	7.163201038880750993e-02
1.065277001046893474e+03	2.699406475151694962e-01	1.724909269169340731e-01	2.424052459241824165e-01	1.454574753118930419e-01	6.990735391164595858e-02	2.810578489950222789e-02	7.169256552053217268e-02
1.066728332110990095e+03	2.697086339907386887e-01	1.723320667585478694e-01	2.425730312311038805e-01	1.455540943229017281e-01	6.994763863912042967e-02	2.813151415174878003e-02	7.175302090569797564e-02
1.068179663175086489e+03	2.694770177678900702e-01	1.721734731899990656e-01	2.427405231181959111e-01	1.456505384185239615e-01	6.998785685049582761e-02	2.815721394832289629e-02	7.181337670643171689e-02
1.069630994239183110e+03	2.692457981304496872e-01	1.720151457920792992e-01	2.429077220868891551e-01	1.457468079668005345e-01	7.002800865758468385e-02	2.818288428142851076e-02	7.187363308462758893e-02
1.071082325303279504e+03	2.690149743639253521e-01	1.718570841459012843e-01	2.430746286377585275e-01	1.458429033347806159e-01	7.006809417201535772e-02	2.820852514353104981e-02	7.193379020194735907e-02
1.072533656367376352e+03	2.687845457554980388e-01	1.716992878329029193e-01	2.432412432705245708e-01	1.459388248885252759e-01	7.010811350523231400e-02	2.823413652735590890e-02	7.199384821982053595e-02
1.073984987431472746e+03	2.685545115940143890e-01	1.715417564348510338e-01	2.434075664840550102e-01	1.460345729931111780e-01	7.014806676849642819e-02	2.825971842588696076e-02	7.205380729944453611e-02
1.075436318495569594e+03	2.683248711699785516e-01	1.713844895338453300e-01	2.435735987763661958e-01	1.461301480126343810e-01	7.018795407288529187e-02	2.828527083236507395e-02	7.211366760178478108e-02
1.076887649559666215e+03	2.680956237755442451e-01	1.712274867123220190e-01	2.437393406446245192e-01	1.462255503102137810e-01	7.022777552929346245e-02	2.831079374028660708e-02	7.217342928757486398e-02
1.078338980623762609e+03	2.678667687045073187e-01	1.710707475530576782e-01	2.439047925851480780e-01	1.463207802479949138e-01	7.026753124843278242e-02	2.833628714340194477e-02	7.223309251731679925e-02
1.079790311687859230e+03	2.676383052522976480e-01	1.709142716391728600e-01	2.440699550934078976e-01	1.464158381871533687e-01	7.030722134083261521e-02	2.836175103571403344e-02	7.229265745128106435e-02
1.081241642751955851e+03	2.674102327159718073e-01	1.707580585541356721e-01	2.442348286640294852e-01	1.465107244878984805e-01	7.034684591684021993e-02	2.838718541147689303e-02	7.235212424950684951e-02
1.082692973816052472e+03	2.671825503942054092e-01	1.706021078817653858e-01	2.443994137907944397e-01	1.466054395094769369e-01	7.038640508662093176e-02	2.841259026519418057e-02	7.241149307180215489e-02
1.084144304880149093e+03	2.669552575872854439e-01	1.704464192062359051e-01	2.445637109666416453e-01	1.466999836101761934e-01	7.042589896015848117e-02	2.843796559161772958e-02	7.247076407774404039e-02
1.085595635944245487e+03	2.667283535971030628e-01	1.702909921120792369e-01	2.447277206836689645e-01	1.467943571473280806e-01	7.046532764725535469e-02	2.846331138574611716e-02	7.252993742667863952e-02
1.087046967008342108e+03	2.665018377271460293e-01	1.701358261841889041e-01	2.448914434331345424e-01	1.468885604773123299e-01	7.050469125753291988e-02	2.848862764282321380e-02	7.258901327772150636e-02
1.088498298072438729e+03	2.662757092824917238e-01	1.699809210078232213e-01	2.450548797054582784e-01	1.469825939555600147e-01	7.054398990043181383e-02	2.851391435833676088e-02	7.264799178975762939e-02
1.089949629136535123e+03	2.660499675697995392e-01	1.698262761686087086e-01	2.452180299902234073e-01	1.470764579365570202e-01	7.058322368521220691e-02	2.853917152801694820e-02	7.270687312144166747e-02
1.091400960200631971e+03	2.658246118973038308e-01	1.696718912525431722e-01	2.453808947761777215e-01	1.471701527738475956e-01	7.062239272095405251e-02	2.856439914783499498e-02	7.276565743119814411e-02
1.092852291264728365e+03	2.655996415748069217e-01	1.695177658459990633e-01	2.455434745512351802e-01	1.472636788200377134e-01	7.066149711655739241e-02	2.858959721400173432e-02	7.282434487722157235e-02
1.094303622328825213e+03	2.653750559136717202e-01	1.693638995357265309e-01	2.457057698024773251e-01	1.473570364267985378e-01	7.070053698074259263e-02	2.861476572296622195e-02	7.288293561747660743e-02
1.095754953392921607e+03	2.651508542268152802e-01	1.692102919088565582e-01	2.458677810161546962e-01	1.474502259448697283e-01	7.073951242205064882e-02	2.863990467141433807e-02	7.294142980969825496e-02
1.097206284457018228e+03	2.649270358287013072e-01	1.690569425529039882e-01	2.460295086776881912e-01	1.475432477240630480e-01	7.077842354884346376e-02	2.866501405626737872e-02	7.299982761139202359e-02
1.098657615521114849e+03	2.647036000353337748e-01	1.689038510557706041e-01	2.461909532716706761e-01	1.476361021132655271e-01	7.081727046930406944e-02	2.869009387468069924e-02	7.305812917983411925e-02
1.100108946585211470e+03	2.644805461642495970e-01	1.687510170057479053e-01	2.463521152818682336e-01	1.477287894604429053e-01	7.085605329143696007e-02	2.871514412404231609e-02	7.311633467207157011e-02
1.101560277649308091e+03	2.642578735345121888e-01	1.685984399915202991e-01	2.465129951912216622e-01	1.478213101126429341e-01	7.089477212306834197e-02	2.874016480197154333e-02	7.317444424492247634e-02
1.103011608713404712e+03	2.640355814667048606e-01	1.684461196021676821e-01	2.466735934818480025e-01	1.479136644159988190e-01	7.093342707184638329e-02	2.876515590631764305e-02	7.323245805497607952e-02
1.104462939777501106e+03	2.638136692829238794e-01	1.682940554271684375e-01	2.468339106350417311e-01	1.480058527157324388e-01	7.097201824524150549e-02	2.879011743515843408e-02	7.329037625859302629e-02
1.105914270841597499e+03	2.635921363067720846e-01	1.681422470564020999e-01	2.469939471312763979e-01	1.480978753561576489e-01	7.101054575054663309e-02	2.881504938679897709e-02	7.334819901190552105e-02
1.107365601905694348e+03	2.633709818633525601e-01	1.679906940801522419e-01	2.471537034502059860e-01	1.481897326806835002e-01	7.104900969487748519e-02	2.883995175977021111e-02	7.340592647081747857e-02
1.108816932969790741e+03	2.631502052792615842e-01	1.678393960891089165e-01	2.473131800706661887e-01	1.482814250318176541e-01	7.108741018517281129e-02	2.886482455282761428e-02	7.346355879100470443e-02
1.110268264033887590e+03	2.629298058825827455e-01	1.676883526743716268e-01	2.474723774706759638e-01	1.483729527511694346e-01	7.112574732819466894e-02	2.888966776494986816e-02	7.352109612791510318e-02
1.111719595097984211e+03	2.627097830028803926e-01	1.675375634274516301e-01	2.476312961274389768e-01	1.484643161794532706e-01	7.116402123052872897e-02	2.891448139533754971e-02	7.357853863676883099e-02
1.113170926162080832e+03	2.624901359711933058e-01	1.673870279402747130e-01	2.477899365173448498e-01	1.485555156564917489e-01	7.120223199858449759e-02	2.893926544341179560e-02	7.363588647255848996e-02
1.114622257226177226e+03	2.622708641200285351e-01	1.672367458051834954e-01	2.479482991159706606e-01	1.486465515212188615e-01	7.124037973859555228e-02	2.896401990881299418e-02	7.369313979004929460e-02
1.116073588290273847e+03	2.620519667833550725e-01	1.670867166149401506e-01	2.481063843980823858e-01	1.487374241116831697e-01	7.127846455661987490e-02	2.898874479139948099e-02	7.375029874377926620e-02
1.117524919354370468e+03	2.618334432965978009e-01	1.669369399627286532e-01	2.482641928376362050e-01	1.488281337650510794e-01	7.131648655854008756e-02	2.901344009124623077e-02	7.380736348805937153e-02
1.118976250418467089e+03	2.616152929966313323e-01	1.667874154421572219e-01	2.484217249077800005e-01	1.489186808176098387e-01	7.135444585006370244e-02	2.903810580864356686e-02	7.386433417697378656e-02
1.120427581482563710e+03	2.613975152217740128e-01	1.666381426472607896e-01	2.485789810808546052e-01	1.490090656047707851e-01	7.139234253672338548e-02	2.906274194409587050e-02	7.392121096438000749e-02
1.121878912546660331e+03	2.611801093117819272e-01	1.664891211725031961e-01	2.487359618283953577e-01	1.490992884610724267e-01	7.143017672387720618e-02	2.908734849832030067e-02	7.397799400390907276e-02
1.123330243610756725e+03	2.609630746078429042e-01	1.663403506127795195e-01	2.488926676211333788e-01	1.491893497201835506e-01	7.146794851670894289e-02	2.911192547224552077e-02	7.403468344896571574e-02
1.124781574674853118e+03	2.607464104525706317e-01	1.661918305634182413e-01	2.490490989289969592e-01	1.492792497149063036e-01	7.150565802022831874e-02	2.913647286701041839e-02	7.409127945272857285e-02
1.126232905738949967e+03	2.605301161899989948e-01	1.660435606201836334e-01	2.492052562211130584e-01	1.493689887771793567e-01	7.154330533927120983e-02	2.916099068396284591e-02	7.414778216815039180e-02
1.127684236803046360e+03	2.603141911655759144e-01	1.658955403792777006e-01	2.493611399658084982e-01	1.494585672380808472e-01	7.158089057850003378e-02	2.918547892465836804e-02	7.420419174795814254e-02
1.129135567867143209e+03	2.600986347261578513e-01	1.657477694373424570e-01	2.495167506306115446e-01	1.495479854278314868e-01	7.161841384240383301e-02	2.920993759085899547e-02	7.426050834465329487e-02
1.130586898931239830e+03	2.598834462200041440e-01	1.656002473914620354e-01	2.496720886822531293e-01	1.496372436757975877e-01	7.165587523529871883e-02	2.923436668453195317e-02	7.431673211051192940e-02
1.132038229995336451e+03	2.596686249967711246e-01	1.654529738391646021e-01	2.498271545866682930e-01	1.497263423104940872e-01	7.169327486132796856e-02	2.925876620784843146e-02	7.437286319758498743e-02
1.133489561059432845e+03	2.594541704075067345e-01	1.653059483784245498e-01	2.499819488089975728e-01	1.498152816595875736e-01	7.173061282446238640e-02	2.928313616318234391e-02	7.442890175769840966e-02
1.134940892123529466e+03	2.592400818046447508e-01	1.651591706076643573e-01	2.501364718135882792e-01	1.499040620498992560e-01	7.176788922850051156e-02	2.930747655310911651e-02	7.448484794245335827e-02
1.136392223187626087e+03	2.590263585419994019e-01	1.650126401257565878e-01	2.502907240639959396e-01	1.499926838074079061e-01	7.180510417706890969e-02	2.933178738040444905e-02	7.454070190322639733e-02
1.137843554251722708e+03	2.588129999747600940e-01	1.648663565320257762e-01	2.504447060229857414e-01	1.500811472572528282e-01	7.184225777362238108e-02	2.935606864804310434e-02	7.459646379116968706e-02
1.139294885315819101e+03	2.586000054594854713e-01	1.647203194262504555e-01	2.505984181525336418e-01	1.501694527237369403e-01	7.187935012144425206e-02	2.938032035919770080e-02	7.465213375721116429e-02
1.140746216379915950e+03	2.583873743540984202e-01	1.645745284086648497e-01	2.507518609138279508e-01	1.502576005303294937e-01	7.191638132364663871e-02	2.940454251723749468e-02	7.470771195205472281e-02
1.142197547444012343e+03	2.581751060178806845e-01	1.644289830799606777e-01	2.509050347672706627e-01	1.503455909996692375e-01	7.195335148317068275e-02	2.942873512572718661e-02	7.476319852618046324e-02
1.143648878508108737e+03	2.579631998114674252e-01	1.642836830412890692e-01	2.510579401724787330e-01	1.504334244535670273e-01	7.199026070278680134e-02	2.945289818842573501e-02	7.481859362984481787e-02
1.145100209572205586e+03	2.577516550968420583e-01	1.641386278942622290e-01	2.512105775882855219e-01	1.505211012130089898e-01	7.202710908509495080e-02	2.947703170928514527e-02	7.487389741308078661e-02
1.146551540636302207e+03	2.575404712373309812e-01	1.639938172409551864e-01	2.513629474727418489e-01	1.506086215981592702e-01	7.206389673252486250e-02	2.950113569244931441e-02	7.492911002569810353e-02
1.148002871700398828e+03	2.573296475975986319e-01	1.638492506839074880e-01	2.515150502831179913e-01	1.506959859283629188e-01	7.210062374733634816e-02	2.952521014225283069e-02	7.498423161728347275e-02
1.149454202764495449e+03	2.571191835436419382e-01	1.637049278261248353e-01	2.516668864759041835e-01	1.507831945221487502e-01	7.213729023161948029e-02	2.954925506321982517e-02	7.503926233720070726e-02
1.150905533828591842e+03	2.569090784427855989e-01	1.635608482710806943e-01	2.518184565068126157e-01	1.508702476972321460e-01	7.217389628729489748e-02	2.957327046006277133e-02	7.509420233459099259e-02
1.152356864892688463e+03	2.566993316636767553e-01	1.634170116227180169e-01	2.519697608307785441e-01	1.509571457705179975e-01	7.221044201611405422e-02	2.959725633768136091e-02	7.514905175837299778e-02
1.153808195956785084e+03	2.564899425762801610e-01	1.632734174854506004e-01	2.521207999019615675e-01	1.510438890581033977e-01	7.224692751965942905e-02	2.962121270116132438e-02	7.520381075724316688e-02
1.155259527020881706e+03	2.562809105518732422e-01	1.631300654641648362e-01	2.522715741737470707e-01	1.511304778752804723e-01	7.228335289934485763e-02	2.964513955577328594e-02	7.525847947967585772e-02
1.156710858084978327e+03	2.560722349630411565e-01	1.629869551642210423e-01	2.524220840987474457e-01	1.512169125365391276e-01	7.231971825641568541e-02	2.966903690697162907e-02	7.531305807392352225e-02
1.158162189149074720e+03	2.558639151836715753e-01	1.628440861914551008e-01	2.525723301288035350e-01	1.513031933555699371e-01	7.235602369194907291e-02	2.969290476039335158e-02	7.536754668801699808e-02
1.159613520213171569e+03	2.556559505889502981e-01	1.627014581521797620e-01	2.527223127149859083e-01	1.513893206452668339e-01	7.239226930685427330e-02	2.971674312185692765e-02	7.542194546976557779e-02
1.161064851277267962e+03	2.554483405553560349e-01	1.625590706531861995e-01	2.528720323075961951e-01	1.514752947177298026e-01	7.242845520187281283e-02	2.974055199736118024e-02	7.547625456675734201e-02
1.162516182341364356e+03	2.552410844606560203e-01	1.624169233017452862e-01	2.530214893561683054e-01	1.515611158842677386e-01	7.246458147757880996e-02	2.976433139308416742e-02	7.553047412635925661e-02
1.163967513405461204e+03	2.550341816839009068e-01	1.622750157056090381e-01	2.531706843094699289e-01	1.516467844554010569e-01	7.250064823437918360e-02	2.978808131538205825e-02	7.558460429571740857e-02
1.165418844469557826e+03	2.548276316054201573e-01	1.621333474730119184e-01	2.533196176155038670e-01	1.517323007408644675e-01	7.253665557251390283e-02	2.981180177078802951e-02	7.563864522175722804e-02
1.166870175533654447e+03	2.546214336068176043e-01	1.619919182126722257e-01	2.534682897215089770e-01	1.518176650496096125e-01	7.257260359205625067e-02	2.983549276601113812e-02	7.569259705118368264e-02
1.168321506597751068e+03	2.544155870709666201e-01	1.618507275337932594e-01	2.536167010739620031e-01	1.519028776898078414e-01	7.260849239291308765e-02	2.985915430793524214e-02	7.574645993048145787e-02
1.169772837661847461e+03	2.542100913820053987e-01	1.617097750460646244e-01	2.537648521185786321e-01	1.519879389688528204e-01	7.264432207482506010e-02	2.988278640361789751e-02	7.580023400591516525e-02
1.171224168725944082e+03	2.540049459253325703e-01	1.615690603596635355e-01	2.539127433003145473e-01	1.520728491933631410e-01	7.268009273736689146e-02	2.990638906028926514e-02	7.585391942352956440e-02
1.172675499790040703e+03	2.538001500876027050e-01	1.614285830852559833e-01	2.540603750633673164e-01	1.521576086691850960e-01	7.271580447994760443e-02	2.992996228535102499e-02	7.590751632914977121e-02
1.174126830854137097e+03	2.535957032567217051e-01	1.612883428339978442e-01	2.542077478511772237e-01	1.522422177013952327e-01	7.275145740181078458e-02	2.995350608637529707e-02	7.596102486838142431e-02
1.175578161918233945e+03	2.533916048218424200e-01	1.611483392175361296e-01	2.543548621064286586e-01	1.523266765943029899e-01	7.278705160203478852e-02	2.997702047110356940e-02	7.601444518661092109e-02
1.177029492982330339e+03	2.531878541733600940e-01	1.610085718480101236e-01	2.545017182710516690e-01	1.524109856514532790e-01	7.282258717953303540e-02	3.000050544744562245e-02	7.606777742900563966e-02
1.178480824046426733e+03	2.529844507029082035e-01	1.608690403380524658e-01	2.546483167862229058e-01	1.524951451756291487e-01	7.285806423305425661e-02	3.002396102347846749e-02	7.612102174051407766e-02
1.179932155110523581e+03	2.527813938033537378e-01	1.607297443007901228e-01	2.547946580923671767e-01	1.525791554688543106e-01	7.289348286118273179e-02	3.004738720744527802e-02	7.617417826586614371e-02
1.181383486174620202e+03	2.525786828687932584e-01	1.605906833498456643e-01	2.549407426291586676e-01	1.526630168323957482e-01	7.292884316233851083e-02	3.007078400775435589e-02	7.622724714957329617e-02
1.182834817238716823e+03	2.523763172945484579e-01	1.604518570993381799e-01	2.550865708355220529e-01	1.527467295667662983e-01	7.296414523477769143e-02	3.009415143297806614e-02	7.628022853592879293e-02
1.184286148302813444e+03	2.521742964771618301e-01	1.603132651638842221e-01	2.552321431496340498e-01	1.528302939717271491e-01	7.299938917659264115e-02	3.011748949185178922e-02	7.633312256900785797e-02
1.185737479366910065e+03	2.519726198143924512e-01	1.601749071585990281e-01	2.553774600089246394e-01	1.529137103462903935e-01	7.303457508571228884e-02	3.014079819327289064e-02	7.638592939266795889e-02
1.187188810431006686e+03	2.517712867052117609e-01	1.600367826990972409e-01	2.555225218500781215e-01	1.529969789887215825e-01	7.306970305990230508e-02	3.016407754629968005e-02	7.643864915054893183e-02
1.188640141495103080e+03	2.515702965497995658e-01	1.598988914014939366e-01	2.556673291090348354e-01	1.530801001965422514e-01	7.310477319676540742e-02	3.018732756015039126e-02	7.649128198607327289e-02
1.190091472559199701e+03	2.513696487495398202e-01	1.597612328824056516e-01	2.558118822209918819e-01	1.531630742665323897e-01	7.313978559374156863e-02	3.021054824420214488e-02	7.654382804244626304e-02
1.191542803623296322e+03	2.511693427070162410e-01	1.596238067589511866e-01	2.559561816204049545e-01	1.532459014947329112e-01	7.317474034810826644e-02	3.023373960798993870e-02	7.659628746265625954e-02
1.192994134687392716e+03	2.509693778260086439e-01	1.594866126487524682e-01	2.561002277409891725e-01	1.533285821764482637e-01	7.320963755698077502e-02	3.025690166120562422e-02	7.664866038947483473e-02
1.194445465751489564e+03	2.507697535114887244e-01	1.593496501699354362e-01	2.562440210157206355e-01	1.534111166062487042e-01	7.324447731731231759e-02	3.028003441369690393e-02	7.670094696545703972e-02
1.195896796815585958e+03	2.505704691696159503e-01	1.592129189411309043e-01	2.563875618768376441e-01	1.534935050779729360e-01	7.327925972589439951e-02	3.030313787546631832e-02	7.675314733294159864e-02
1.197348127879682352e+03	2.503715242077337311e-01	1.590764185814754206e-01	2.565308507558416995e-01	1.535757478847304958e-01	7.331398487935701647e-02	3.032621205667025699e-02	7.680526163405111684e-02
1.198799458943779200e+03	2.501729180343653103e-01	1.589401487106119615e-01	2.566738880834992242e-01	1.536578453189041404e-01	7.334865287416889035e-02	3.034925696761795952e-02	7.685729001069230293e-02
1.200250790007875821e+03	2.499746500592099352e-01	1.588041089486907365e-01	2.568166742898424504e-01	1.537397976721523452e-01	7.338326380663774684e-02	3.037227261877050929e-02	7.690923260455616306e-02
1.201702121071972442e+03	2.497767196931389155e-01	1.586682989163699375e-01	2.569592098041707517e-01	1.538216052354116903e-01	7.341781777291049582e-02	3.039525902073987249e-02	7.696108955711822297e-02
1.203153452136069063e+03	2.495791263481917099e-01	1.585327182348166275e-01	2.571014950550521427e-01	1.539032682988992484e-01	7.345231486897353668e-02	3.041821618428790230e-02	7.701286100963873615e-02
1.204604783200165684e+03	2.493818694375722067e-01	1.583973665257071839e-01	2.572435304703242775e-01	1.539847871521149991e-01	7.348675519065298034e-02	3.044114412032535716e-02	7.706454710316294754e-02
1.206056114264262078e+03	2.491849483756447547e-01	1.582622434112282428e-01	2.573853164770956714e-01	1.540661620838442436e-01	7.352113883361488522e-02	3.046404283991095002e-02	7.711614797852121839e-02
1.207507445328358699e+03	2.489883625779304166e-01	1.581273485140771984e-01	2.575268535017471994e-01	1.541473933821599362e-01	7.355546589336552088e-02	3.048691235425036311e-02	7.716766377632933160e-02
1.208958776392455093e+03	2.487921114611032769e-01	1.579926814574630078e-01	2.576681419699332065e-01	1.542284813344250161e-01	7.358973646525157619e-02	3.050975267469529031e-02	7.721909463698860276e-02
1.210410107456551941e+03	2.485961944429866122e-01	1.578582418651067465e-01	2.578091823065826738e-01	1.543094262272948491e-01	7.362395064446045079e-02	3.053256381274247963e-02	7.727044070068622705e-02
1.211861438520648335e+03	2.484006109425491160e-01	1.577240293612422739e-01	2.579499749359005500e-01	1.543902283467195047e-01	7.365810852602046321e-02	3.055534578003278601e-02	7.732170210739537641e-02
1.213312769584745183e+03	2.482053603799014574e-01	1.575900435706167613e-01	2.580905202813690291e-01	1.544708879779460586e-01	7.369221020480107298e-02	3.057809858835020683e-02	7.737287899687547710e-02
1.214764100648841804e+03	2.480104421762923672e-01	1.574562841184913853e-01	2.582308187657487153e-01	1.545514054055210640e-01	7.372625577551315812e-02	3.060082224962096253e-02	7.742397150867243172e-02
1.216215431712937971e+03	2.478158557541050577e-01	1.573227506306418833e-01	2.583708708110800112e-01	1.546317809132926324e-01	7.376024533270927885e-02	3.062351677591253207e-02	7.747497978211878578e-02
1.217666762777034819e+03	2.476216005368537254e-01	1.571894427333589139e-01	2.585106768386840059e-01	1.547120147844129323e-01	7.379417897078385802e-02	3.064618217943274395e-02	7.752590395633401910e-02
1.219118093841131440e+03	2.474276759491798039e-01	1.570563600534489179e-01	2.586502372691641405e-01	1.547921073013403537e-01	7.382805678397345861e-02	3.066881847252882209e-02	7.757674417022469848e-02
1.220569424905228061e+03	2.472340814168486056e-01	1.569235022182343675e-01	2.587895525224072069e-01	1.548720587458418674e-01	7.386187886635703359e-02	3.069142566768646649e-02	7.762750056248472752e-02
1.222020755969324682e+03	2.470408163667455470e-01	1.567908688555543772e-01	2.589286230175845138e-01	1.549518693989952456e-01	7.389564531185612017e-02	3.071400377752895108e-02	7.767817327159554086e-02
1.223472087033421303e+03	2.468478802268727901e-01	1.566584595937651758e-01	2.590674491731533302e-01	1.550315395411913100e-01	7.392935621423513126e-02	3.073655281481618359e-02	7.772876243582634015e-02
1.224923418097517697e+03	2.466552724263457452e-01	1.565262740617406056e-01	2.592060314068579396e-01	1.551110694521362632e-01	7.396301166710160524e-02	3.075907279244379650e-02	7.777926819323434382e-02
1.226374749161614318e+03	2.464629923953895185e-01	1.563943118888724282e-01	2.593443701357309172e-01	1.551904594108538538e-01	7.399661176390634476e-02	3.078156372344225886e-02	7.782969068166496751e-02
1.227826080225710712e+03	2.462710395653355533e-01	1.562625727050710178e-01	2.594824657760942954e-01	1.552697096956876244e-01	7.403015659794381920e-02	3.080402562097594651e-02	7.788003003875204611e-02
1.229277411289807560e+03	2.460794133686181606e-01	1.561310561407655284e-01	2.596203187435608961e-01	1.553488205843031322e-01	7.406364626235224791e-02	3.082645849834226084e-02	7.793028640191805578e-02
1.230728742353903954e+03	2.458881132387711888e-01	1.559997618269044484e-01	2.597579294530354965e-01	1.554277923536901418e-01	7.409708085011396106e-02	3.084886236897072670e-02	7.798045990837433605e-02
1.232180073418000802e+03	2.456971386104245814e-01	1.558686893949559615e-01	2.598952983187158838e-01	1.555066252801648452e-01	7.413046045405555229e-02	3.087123724642210770e-02	7.803055069512133957e-02
1.233631404482097196e+03	2.455064889193010469e-01	1.557378384769081969e-01	2.600324257540945205e-01	1.555853196393721383e-01	7.416378516684814237e-02	3.089358314438751113e-02	7.808055889894879864e-02
1.235082735546193817e+03	2.453161636022127279e-01	1.556072087052698116e-01	2.601693121719590995e-01	1.556638757062875356e-01	7.419705508100767066e-02	3.091590007668752055e-02	7.813048465643598894e-02
1.236534066610290438e+03	2.451261620970578980e-01	1.554767997130701296e-01	2.603059579843943760e-01	1.557422937552196684e-01	7.423027028889506163e-02	3.093818805727130417e-02	7.818032810395196541e-02
1.237985397674387059e+03	2.449364838428177427e-01	1.553466111338596412e-01	2.604423636027828337e-01	1.558205740598122557e-01	7.426343088271650239e-02	3.096044710021575441e-02	7.823008937765571491e-02
1.239436728738483680e+03	2.447471282795529168e-01	1.552166426017101142e-01	2.605785294378064054e-01	1.558987168930462686e-01	7.429653695452366480e-02	3.098267721972460323e-02	7.827976861349646154e-02
1.240888059802580301e+03	2.445580948484006034e-01	1.550868937512151213e-01	2.607144558994472505e-01	1.559767225272420954e-01	7.432958859621396908e-02	3.100487843012757552e-02	7.832936594721384704e-02
1.242339390866676695e+03	2.443693829915709326e-01	1.549573642174900678e-01	2.608501433969892536e-01	1.560545912340617902e-01	7.436258589953077813e-02	3.102705074587951486e-02	7.837888151433812511e-02
1.243790721930773088e+03	2.441809921523440396e-01	1.548280536361728021e-01	2.609855923390189680e-01	1.561323232845109599e-01	7.439552895606368899e-02	3.104919418155954042e-02	7.842831545019046668e-02
1.245242052994869937e+03	2.439929217750667900e-01	1.546989616434235326e-01	2.611208031334270596e-01	1.562099189489410678e-01	7.442841785724872705e-02	3.107130875187017957e-02	7.847766788988309872e-02
1.246693384058966330e+03	2.438051713051496983e-01	1.545700878759252717e-01	2.612557761874092499e-01	1.562873784970514879e-01	7.446125269436863758e-02	3.109339447163653181e-02	7.852693896831959564e-02
1.248144715123063179e+03	2.436177401890636529e-01	1.544414319708839745e-01	2.613905119074677597e-01	1.563647021978915863e-01	7.449403355855305220e-02	3.111545135580542562e-02	7.857612882019504585e-02
1.249596046187159800e+03	2.434306278743369467e-01	1.543129935660287888e-01	2.615250106994121970e-01	1.564418903198628308e-01	7.452676054077873868e-02	3.113747941944457545e-02	7.862523757999631546e-02
1.251047377251256421e+03	2.432438338095521124e-01	1.541847722996123604e-01	2.616592729683612228e-01	1.565189431307208445e-01	7.455943373186990630e-02	3.115947867774173860e-02	7.867426538200228414e-02
1.252498708315352815e+03	2.430573574443427864e-01	1.540567678104108607e-01	2.617932991187430503e-01	1.565958608975774602e-01	7.459205322249835846e-02	3.118144914600389991e-02	7.872321236028402558e-02
1.253950039379449436e+03	2.428711982293907945e-01	1.539289797377242919e-01	2.619270895542972766e-01	1.566726438869028848e-01	7.462461910318379799e-02	3.120339083965642871e-02	7.877207864870505727e-02
1.255401370443546057e+03	2.426853556164229320e-01	1.538014077213765152e-01	2.620606446780756049e-01	1.567492923645275871e-01	7.465713146429403535e-02	3.122530377424227732e-02	7.882086438092156255e-02
1.256852701507642678e+03	2.424998290582081328e-01	1.536740514017155002e-01	2.621939648924433985e-01	1.568258065956444902e-01	7.468959039604518291e-02	3.124718796542113805e-02	7.886956969038268206e-02
1.258304032571739299e+03	2.423146180085543333e-01	1.535469104196134915e-01	2.623270505990805135e-01	1.569021868448109147e-01	7.472199598850196023e-02	3.126904342896863476e-02	7.891819471033058309e-02
1.259755363635835920e+03	2.421297219223055852e-01	1.534199844164670923e-01	2.624599021989827974e-01	1.569784333759506600e-01	7.475434833157788839e-02	3.129087018077553184e-02	7.896673957380084818e-02
1.261206694699932314e+03	2.419451402553389752e-01	1.532932730341973471e-01	2.625925200924629777e-01	1.570545464523560031e-01	7.478664751503556751e-02	3.131266823684689810e-02	7.901520441362262781e-02
1.262658025764028707e+03	2.417608724645618212e-01	1.531667759152499642e-01	2.627249046791519382e-01	1.571305263366896687e-01	7.481889362848682945e-02	3.133443761330131916e-02	7.906358936241887625e-02
1.264109356828125556e+03	2.415769180079086198e-01	1.530404927025952599e-01	2.628570563579999408e-01	1.572063732909868838e-01	7.485108676139305695e-02	3.135617832637009605e-02	7.911189455260657366e-02
1.265560687892221949e+03	2.413932763443382423e-01	1.529144230397283810e-01	2.629889755272777352e-01	1.572820875766573478e-01	7.488322700306539181e-02	3.137789039239646111e-02	7.916012011639694812e-02
1.267012018956318798e+03	2.412099469338309654e-01	1.527885665706692486e-01	2.631206625845776692e-01	1.573576694544871479e-01	7.491531444266494311e-02	3.139957382783475220e-02	7.920826618579573930e-02
1.268463350020415419e+03	2.410269292373856675e-01	1.526629229399626975e-01	2.632521179268149658e-01	1.574331191846409239e-01	7.494734916920307854e-02	3.142122864924966341e-02	7.925633289260342051e-02
1.269914681084511813e+03	2.408442227170169148e-01	1.525374917926785867e-01	2.633833419502289441e-01	1.575084370266636169e-01	7.497933127154157718e-02	3.144285487331546086e-02	7.930432036841537913e-02
1.271366012148608434e+03	2.406618268357521573e-01	1.524122727744116335e-01	2.635143350503838522e-01	1.575836232394825231e-01	7.501126083839294856e-02	3.146445251681516397e-02	7.935222874462219411e-02
1.272817343212705055e+03	2.404797410576288985e-01	1.522872655312816070e-01	2.636450976221704212e-01	1.576586780814093203e-01	7.504313795832061318e-02	3.148602159663981687e-02	7.940005815240984421e-02
1.274268674276801676e+03	2.402979648476918917e-01	1.521624697099333567e-01	2.637756300598066983e-01	1.577336018101418158e-01	7.507496271973913837e-02	3.150756212978768345e-02	7.944780872275994388e-02
1.275720005340898297e+03	2.401164976719903643e-01	1.520378849575367008e-01	2.639059327568394897e-01	1.578083946827660289e-01	7.510673521091451588e-02	3.152907413336349107e-02	7.949548058644997917e-02
1.277171336404994690e+03	2.399353389975752149e-01	1.519135109217865376e-01	2.640360061061451380e-01	1.578830569557581054e-01	7.513845551996435612e-02	3.155055762457767421e-02	7.954307387405352980e-02
1.278622667469091539e+03	2.397544882924963205e-01	1.517893472509027897e-01	2.641658504999310764e-01	1.579575888849862608e-01	7.517012373485812415e-02	3.157201262074559034e-02	7.959058871594049123e-02
1.280073998533187932e+03	2.395739450257997616e-01	1.516653935936302655e-01	2.642954663297366613e-01	1.580319907257125012e-01	7.520173994341736168e-02	3.159343913928680525e-02	7.963802524227732438e-02
1.281525329597284326e+03	2.393937086675250736e-01	1.515416495992388257e-01	2.644248539864345604e-01	1.581062627325946768e-01	7.523330423331593686e-02	3.161483719772428119e-02	7.968538358302727775e-02
1.282976660661381175e+03	2.392137786887026385e-01	1.514181149175232721e-01	2.645540138602315849e-01	1.581804051596884531e-01	7.526481669208032188e-02	3.163620681368368298e-02	7.973266386795062333e-02
1.284427991725477568e+03	2.390341545613509089e-01	1.512947891988031535e-01	2.646829463406702998e-01	1.582544182604490313e-01	7.529627740708973171e-02	3.165754800489260778e-02	7.977986622660487859e-02
1.285879322789574417e+03	2.388548357584737714e-01	1.511716720939228764e-01	2.648116518166295785e-01	1.583283022877331192e-01	7.532768646557642944e-02	3.167886078917982878e-02	7.982699078834502859e-02
1.287330653853671038e+03	2.386758217540578264e-01	1.510487632542515668e-01	2.649401306763262132e-01	1.584020574938007075e-01	7.535904395462589278e-02	3.170014518447460128e-02	7.987403768232378964e-02
1.288781984917767431e+03	2.384971120230698349e-01	1.509260623316829864e-01	2.650683833073158580e-01	1.584756841303170405e-01	7.539034996117714715e-02	3.172140120880587860e-02	7.992100703749181745e-02
1.290233315981864052e+03	2.383187060414540537e-01	1.508035689786354772e-01	2.651964100964941395e-01	1.585491824483544199e-01	7.542160457202290447e-02	3.174262888030161128e-02	7.996789898259792917e-02
