1.301360187473271253e+03	2.361882623726788699e-01	1.505383448453077033e-01	2.608909957132763413e-01	1.616096255765581413e-01	7.624833684806175960e-02	3.213560211446799680e-02	8.238883252950959801e-02
1.306197957686926657e+03	2.356067611382202664e-01	1.501342001757564604e-01	2.612714413327423824e-01	1.618714367076353744e-01	7.635567543934972112e-02	3.220758829692079578e-02	8.255289690923543755e-02
1.311035727900581833e+03	2.350285889158599817e-01	1.497322879090910441e-01	2.616496076178589925e-01	1.621317498232495991e-01	7.646246574627468817e-02	3.227926217437357415e-02	8.271603781315257919e-02
1.315873498114237009e+03	2.344537257284494136e-01	1.493325964223731206e-01	2.620255096103983328e-01	1.623905731907985539e-01	7.656871049857671974e-02	3.235062449045508770e-02	8.287826005880936930e-02
1.320711268327892412e+03	2.338821517385579196e-01	1.489351141365624631e-01	2.623991622331611206e-01	1.626479150379384342e-01	7.667441241078623571e-02	3.242167599755255841e-02	8.303956844530190062e-02
1.325549038541547588e+03	2.333138472470765168e-01	1.485398295167656979e-01	2.627705802911456945e-01	1.629037835526802869e-01	7.677957418239786391e-02	3.249241745656492736e-02	8.319996775322970051e-02
1.330386808755202765e+03	2.327487926918435368e-01	1.481467310724716158e-01	2.631397784727038114e-01	1.631581868834870441e-01	7.688419849803949935e-02	3.256284963666118693e-02	8.335946274465405592e-02
1.335224578968857941e+03	2.321869686462914306e-01	1.477558073577744657e-01	2.635067713506840104e-01	1.634111331393717503e-01	7.698828802763681145e-02	3.263297331504365351e-02	8.351805816305871155e-02
1.340062349182513572e+03	2.316283558181143898e-01	1.473670469715845921e-01	2.638715733835626520e-01	1.636626303899966772e-01	7.709184542657339378e-02	3.270278927671607661e-02	8.367575873331307978e-02
1.344900119396168748e+03	2.310729350479565347e-01	1.469804385578274697e-01	2.642341989165626348e-01	1.639126866657733550e-01	7.719487333584650057e-02	3.277229831425652190e-02	8.383256916163790706e-02
1.349737889609823924e+03	2.305206873081198371e-01	1.465959708056310540e-01	2.645946621827593437e-01	1.641613099579638524e-01	7.729737438221881418e-02	3.284150122759480622e-02	8.398849413557317456e-02
1.354575659823479100e+03	2.299715937012921652e-01	1.462136324495020290e-01	2.649529773041751080e-01	1.644085082187825564e-01	7.739935117836614642e-02	3.291039882379456771e-02	8.414353832394834420e-02
1.359413430037134731e+03	2.294256354592940361e-01	1.458334122694907309e-01	2.653091582928610026e-01	1.646542893614994230e-01	7.750080632302130956e-02	3.297899191683965892e-02	8.429770637685482515e-02
1.364251200250789907e+03	2.288827939418443536e-01	1.454552990913458022e-01	2.656632190519671033e-01	1.648986612605438662e-01	7.760174240111425426e-02	3.304728132742495994e-02	8.445100292562064681e-02
1.369088970464445310e+03	2.283430506353449074e-01	1.450792817866583539e-01	2.660151733768006399e-01	1.651416317516097854e-01	7.770216198390862694e-02	3.311526788275138272e-02	8.460343258278731071e-02
1.373926740678100487e+03	2.278063871516824435e-01	1.447053492729958313e-01	2.663650349558725483e-01	1.653832086317614802e-01	7.780206762913489948e-02	3.318295241632504555e-02	8.475499994208871013e-02
1.378764510891755890e+03	2.272727852270488569e-01	1.443334905140264135e-01	2.667128173719323647e-01	1.656233996595406488e-01	7.790146188112005710e-02	3.325033576776049993e-02	8.490570957843210365e-02
1.383602281105411066e+03	2.267422267207786224e-01	1.439636945196334783e-01	2.670585341029916293e-01	1.658622125550740789e-01	7.800034727091414988e-02	3.331741878258793338e-02	8.505556604788108710e-02
1.388440051319066470e+03	2.262146936142032383e-01	1.435959503460210451e-01	2.674021985233357435e-01	1.660996550001825889e-01	7.809872631641355534e-02	3.338420231206428584e-02	8.520457388764060558e-02
1.393277821532721646e+03	2.256901680095222962e-01	1.432302470958100038e-01	2.677438239045246693e-01	1.663357346384906621e-01	7.819660152248146534e-02	3.345068721298811304e-02	8.535273761604385279e-02
1.398115591746377049e+03	2.251686321286910097e-01	1.428665739181256833e-01	2.680834234163825824e-01	1.665704590755372194e-01	7.829397538106516730e-02	3.351687434751823846e-02	8.550006173254111330e-02
1.402953361960032225e+03	2.246500683123239250e-01	1.425049200086768442e-01	2.684210101279761451e-01	1.668038358788870024e-01	7.839085037131077183e-02	3.358276458299601364e-02	8.564655071769031180e-02
1.407791132173687402e+03	2.241344590186139241e-01	1.421452746098262332e-01	2.687565970085819544e-01	1.670358725782431497e-01	7.848722895967495672e-02	3.364835879177117961e-02	8.579220903314960234e-02
1.412628902387342805e+03	2.236217868222671046e-01	1.417876270106530889e-01	2.690901969286432771e-01	1.672665766655604958e-01	7.858311360003428225e-02	3.371365785103118407e-02	8.593704112167160902e-02
1.417466672600997981e+03	2.231120344134524258e-01	1.414319665470079868e-01	2.694218226607157374e-01	1.674959555951597567e-01	7.867850673379184201e-02	3.377866264263395396e-02	8.608105140709933212e-02
1.422304442814653157e+03	2.226051845967664533e-01	1.410782826015596625e-01	2.697514868804028465e-01	1.677240167838426055e-01	7.877341078998149893e-02	3.384337405294404050e-02	8.622424429436395532e-02
1.427142213028308333e+03	2.221012202902124810e-01	1.407265646038347862e-01	2.700792021672803189e-01	1.679507676110075787e-01	7.886782818536967887e-02	3.390779297267195597e-02	8.636662416948423515e-02
1.431979983241963964e+03	2.216001245241938089e-01	1.403768020302502417e-01	2.704049810058110070e-01	1.681762154187666780e-01	7.896176132455495766e-02	3.397192029671684127e-02	8.650819539956743076e-02
1.436817753455619140e+03	2.211018804405212312e-01	1.400289844041385512e-01	2.707288357862484007e-01	1.684003675120630816e-01	7.905521260006541373e-02	3.403575692401220043e-02	8.664896233281202398e-02
1.441655523669274316e+03	2.206064712914340420e-01	1.396831012957664153e-01	2.710507788055307454e-01	1.686232311587892718e-01	7.914818439245369097e-02	3.409930375737477148e-02	8.678892929851191040e-02
1.446493293882929493e+03	2.201138804386346126e-01	1.393391423223466208e-01	2.713708222681647242e-01	1.688448135899062175e-01	7.924067907039018810e-02	3.416256170335633946e-02	8.692810060706210318e-02
1.451331064096585123e+03	2.196240913523360427e-01	1.389970971480434248e-01	2.716889782870993697e-01	1.690651219995631949e-01	7.933269899075411080e-02	3.422553167209862329e-02	8.706648054996606045e-02
1.456168834310240300e+03	2.191370876103227450e-01	1.386569554839718610e-01	2.720052588845899844e-01	1.692841635452182747e-01	7.942424649872260878e-02	3.428821457719097299e-02	8.720407339984434514e-02
1.461006604523895703e+03	2.186528528970238527e-01	1.383187070881909397e-01	2.723196759930524014e-01	1.695019453477596971e-01	7.951532392785803927e-02	3.435061133553091867e-02	8.734088341044489445e-02
1.465844374737550879e+03	2.181713710025989517e-01	1.379823417656907414e-01	2.726322414559074758e-01	1.697184744916279131e-01	7.960593360019349585e-02	3.441272286718754375e-02	8.747691481665458013e-02
1.470682144951206283e+03	2.176926258220360233e-01	1.376478493683741255e-01	2.729429670284162501e-01	1.699337580249380697e-01	7.969607782631639437e-02	3.447455009526755737e-02	8.761217183451225354e-02
1.475519915164861459e+03	2.172166013542614627e-01	1.373152197950324727e-01	2.732518643785055157e-01	1.701478029596035224e-01	7.978575890545056004e-02	3.453609394578401742e-02	8.774665866122306757e-02
1.480357685378516862e+03	2.167432817012616419e-01	1.369844429913164574e-01	2.735589450875841599e-01	1.703606162714597638e-01	7.987497912553659374e-02	3.459735534752773900e-02	8.788037947517424175e-02
1.485195455592172038e+03	2.162726510672163815e-01	1.366555089497011599e-01	2.738642206513500765e-01	1.705722049003890461e-01	7.996374076331067005e-02	3.465833523194120080e-02	8.801333843595202100e-02
1.490033225805827215e+03	2.158046937576432733e-01	1.363284077094464863e-01	2.741677024805885265e-01	1.707825757504455588e-01	8.005204608438175329e-02	3.471903453299498427e-02	8.814553968436000808e-02
1.494870996019482618e+03	2.153393941785534949e-01	1.360031293565523713e-01	2.744694019019607301e-01	1.709917356899812724e-01	8.013989734330735637e-02	3.477945418706671760e-02	8.827698734243867584e-02
1.499708766233137567e+03	2.148767368356183094e-01	1.356796640237092344e-01	2.747693301587842418e-01	1.711996915517723372e-01	8.022729678366795347e-02	3.483959513282239989e-02	8.840768551348616999e-02
1.504546536446793198e+03	2.144167063333464185e-01	1.353580018902439952e-01	2.750674984118038902e-01	1.714064501331460100e-01	8.031424663813985232e-02	3.489945831110009833e-02	8.853763828208031927e-02
1.509384306660448374e+03	2.139592873742715839e-01	1.350381331820613429e-01	2.753639177399549443e-01	1.716120181961081348e-01	8.040074912856690070e-02	3.495904466479596295e-02	8.866684971410174199e-02
1.514222076874103550e+03	2.135044647581508803e-01	1.347200481715807308e-01	2.756585991411163450e-01	1.718164024674710966e-01	8.048680646603072197e-02	3.501835513875255906e-02	8.879532385675821538e-02
1.519059847087758726e+03	2.130522233811728006e-01	1.344037371776692358e-01	2.759515535328568303e-01	1.720196096389824125e-01	8.057242085091982642e-02	3.507739067964938534e-02	8.892306473861005811e-02
1.523897617301414357e+03	2.126025482351754370e-01	1.340891905655701155e-01	2.762427917531717347e-01	1.722216463674535458e-01	8.065759447299741813e-02	3.513615223589559855e-02	8.905007636959673401e-02
1.528735387515069533e+03	2.121554244068742656e-01	1.337763987468275906e-01	2.765323245612117398e-01	1.724225192748894686e-01	8.074232951146811943e-02	3.519464075752489624e-02	8.917636274106448269e-02
1.533573157728724709e+03	2.117108370770997838e-01	1.334653521792076303e-01	2.768201626380037417e-01	1.726222349486185026e-01	8.082662813504348787e-02	3.525285719609248802e-02	8.930192782579497723e-02
1.538410927942380113e+03	2.112687715200441962e-01	1.331560413666151299e-01	2.771063165871630041e-01	1.728207999414226315e-01	8.091049250200643694e-02	3.531080250457416941e-02	8.942677557803503652e-02
1.543248698156035516e+03	2.108292131025177596e-01	1.328484568590072856e-01	2.773907969355979830e-01	1.730182207716681186e-01	8.099392476027467147e-02	3.536847763726733151e-02	8.955090993352743389e-02
1.548086468369690692e+03	2.103921472832137596e-01	1.325425892523036941e-01	2.776736141342067699e-01	1.732145039234367911e-01	8.107692704746294332e-02	3.542588354969408715e-02	8.967433480954255243e-02
1.552924238583346096e+03	2.099575596119827026e-01	1.322384291882930385e-01	2.779547785585656516e-01	1.734096558466573235e-01	8.115950149094451616e-02	3.548302119850622188e-02	8.979705410491116424e-02
1.557762008797001272e+03	2.095254357291151115e-01	1.319359673545361655e-01	2.782343005096104549e-01	1.736036829572372153e-01	8.124165020791147829e-02	3.553989154139212958e-02	8.991907170005801475e-02
1.562599779010656675e+03	2.090957613646330371e-01	1.316351944842665267e-01	2.785121902143099515e-01	1.737965916371948527e-01	8.132337530543418125e-02	3.559649553698562841e-02	9.004039145703640612e-02
1.567437549224311852e+03	2.086685223375898401e-01	1.313361013562871216e-01	2.787884578263313817e-01	1.739883882347920407e-01	8.140467888051984569e-02	3.565283414477655316e-02	9.016101721956371051e-02
1.572275319437967255e+03	2.082437045553784394e-01	1.310386787948646381e-01	2.790631134266993718e-01	1.741790790646668419e-01	8.148556302017019581e-02	3.570890832502321421e-02	9.028095281305774378e-02
1.577113089651622431e+03	2.078212940130475528e-01	1.307429176696208728e-01	2.793361670244466355e-01	1.743686704079665528e-01	8.156602980143831672e-02	3.576471903866657726e-02	9.040020204467395792e-02
1.581950859865277607e+03	2.074012767926260992e-01	1.304488088954209590e-01	2.796076285572577924e-01	1.745571685124811812e-01	8.164608129148460958e-02	3.582026724724624023e-02	9.051876870334353564e-02
1.586788630078933011e+03	2.069836390624553157e-01	1.301563434322594304e-01	2.798775078921063031e-01	1.747445795927769774e-01	8.172571954763205304e-02	3.587555391281804090e-02	9.063665655981231750e-02
1.591626400292587959e+03	2.065683670765287860e-01	1.298655122851432309e-01	2.801458148258836323e-01	1.749309098303302723e-01	8.180494661742060414e-02	3.593057999787340612e-02	9.075386936668052018e-02
1.596464170506243590e+03	2.061554471738398508e-01	1.295763065039727269e-01	2.804125590860219175e-01	1.751161653736615642e-01	8.188376453866087756e-02	3.598534646526029696e-02	9.087041085844320409e-02
1.601301940719898766e+03	2.057448657777366519e-01	1.292887171834198046e-01	2.806777503311096433e-01	1.753003523384698281e-01	8.196217533948717271e-02	3.603985427810576375e-02	9.098628475153157369e-02
1.606139710933553943e+03	2.053366093952844473e-01	1.290027354628039413e-01	2.809413981515002656e-01	1.754834768077669360e-01	8.204018103840969578e-02	3.609410439974013174e-02	9.110149474435501327e-02
1.610977481147209119e+03	2.049306646166351165e-01	1.287183525259659456e-01	2.812035120699145074e-01	1.756655448320122992e-01	8.211778364436612965e-02	3.614809779362266468e-02	9.121604451734384444e-02
1.615815251360864750e+03	2.045270181144037691e-01	1.284355596011395872e-01	2.814641015420352166e-01	1.758465624292477325e-01	8.219498515677260697e-02	3.620183542326880360e-02	9.132993773299274975e-02
1.620653021574519926e+03	2.041256566430524333e-01	1.281543479608211467e-01	2.817231759570966165e-01	1.760265355852324021e-01	8.227178756557396166e-02	3.625531825217886972e-02	9.144317803590500116e-02
1.625490791788175102e+03	2.037265670382804872e-01	1.278747089216368815e-01	2.819807446384662297e-01	1.762054702535778283e-01	8.234819285129343913e-02	3.630854724376825909e-02	9.155576905283728528e-02
1.630328562001830505e+03	2.033297362164216970e-01	1.275966338442085790e-01	2.822368168442209724e-01	1.763833723558831390e-01	8.242420298508168486e-02	3.636152336129905988e-02	9.166771439274529198e-02
1.635166332215485909e+03	2.029351511738481662e-01	1.273201141330172481e-01	2.824914017677164213e-01	1.765602477818703497e-01	8.249981992876533055e-02	3.641424756781308503e-02	9.177901764682974695e-02
1.640004102429141085e+03	2.025427989863806399e-01	1.270451412362651744e-01	2.827445085381501966e-01	1.767361023895198391e-01	8.257504563489484473e-02	3.646672082606628590e-02	9.188968238858331861e-02
1.644841872642796488e+03	2.021526668087052503e-01	1.267717066457360320e-01	2.829961462211188494e-01	1.769109420052057957e-01	8.264988204679191153e-02	3.651894409846453277e-02	9.199971217383798305e-02
1.649679642856451665e+03	2.017647418737964216e-01	1.264998018966534965e-01	2.832463238191688104e-01	1.770847724238315823e-01	8.272433109859628209e-02	3.657091834700073457e-02	9.210911054081304117e-02
1.654517413070107068e+03	2.013790114923462438e-01	1.262294185675381097e-01	2.834950502723412868e-01	1.772575994089655715e-01	8.279839471531211248e-02	3.662264453319327012e-02	9.221788101016371864e-02
1.659355183283762244e+03	2.009954630521997576e-01	1.259605482800628118e-01	2.837423344587113871e-01	1.774294286929766484e-01	8.287207481285371879e-02	3.667412361802570298e-02	9.232602708503029332e-02
1.664192953497417420e+03	2.006140840177962070e-01	1.256931826989070022e-01	2.839881851949206948e-01	1.776002659771697689e-01	8.294537329809102688e-02	3.672535656188775921e-02	9.243355225108790263e-02
1.669030723711072824e+03	2.002348619296163423e-01	1.254273135316089638e-01	2.842326112367047908e-01	1.777701169319217400e-01	8.301829206889425883e-02	3.677634432451755420e-02	9.254045997659662848e-02
1.673868493924728000e+03	1.998577844036353857e-01	1.251629325284172312e-01	2.844756212794148365e-01	1.779389871968167780e-01	8.309083301417850842e-02	3.682708786494501979e-02	9.264675371245242874e-02
1.678706264138383403e+03	1.994828391307818527e-01	1.249000314821405166e-01	2.847172239585331055e-01	1.781068823807822610e-01	8.316299801394753943e-02	3.687758814143656666e-02	9.275243689223833243e-02
1.683544034352038352e+03	1.991100138764016758e-01	1.246386022279964562e-01	2.849574278501832980e-01	1.782738080622241761e-01	8.323478893933743128e-02	3.692784611144087070e-02	9.285751293227620384e-02
1.688381804565693983e+03	1.987392964797284611e-01	1.243786366434591617e-01	2.851962414716351923e-01	1.784397697891628165e-01	8.330620765265958627e-02	3.697786273153585990e-02	9.296198523167904793e-02
1.693219574779349159e+03	1.983706748533584086e-01	1.241201266481056914e-01	2.854336732818039124e-01	1.786047730793682287e-01	8.337725600744343157e-02	3.702763895737679056e-02	9.306585717240369038e-02
1.698057344993004335e+03	1.980041369827312547e-01	1.238630642034613955e-01	2.856697316817436438e-01	1.787688234204957149e-01	8.344793584847871870e-02	3.707717574364549629e-02	9.316913211930394345e-02
1.702895115206659511e+03	1.976396709256161011e-01	1.236074413128443183e-01	2.859044250151362432e-01	1.789319262702211977e-01	8.351824901185744832e-02	3.712647404400064993e-02	9.327181342018422971e-02
1.707732885420315142e+03	1.972772648116026262e-01	1.233532500212085742e-01	2.861377615687743514e-01	1.790940870563765552e-01	8.358819732501530930e-02	3.717553481102915669e-02	9.337390440585358053e-02
1.712570655633970318e+03	1.969169068415972668e-01	1.231004824149868337e-01	2.863697495730396225e-01	1.792553111770847640e-01	8.365778260677289579e-02	3.722435899619862959e-02	9.347540839018014802e-02
1.717408425847625494e+03	1.965585852873245609e-01	1.228491306219319096e-01	2.866003972023753454e-01	1.794156040008951236e-01	8.372700666737646624e-02	3.727294754981077402e-02	9.357632867014598066e-02
1.722246196061280898e+03	1.962022884908332931e-01	1.225991868109575778e-01	2.868297125757545696e-01	1.795749708669181210e-01	8.379587130853841104e-02	3.732130142095593794e-02	9.367666852590225690e-02
1.727083966274936301e+03	1.958480048640076632e-01	1.223506431919784698e-01	2.870577037571427903e-01	1.797334170849603230e-01	8.386437832347734544e-02	3.736942155746856425e-02	9.377643122082492122e-02
1.731921736488591478e+03	1.954957228880831732e-01	1.221034920157494652e-01	2.872843787559560269e-01	1.798909479356592400e-01	8.393252949695788334e-02	3.741730890588365610e-02	9.387562000157063935e-02
1.736759506702246881e+03	1.951454311131672337e-01	1.218577255737041676e-01	2.875097455275135716e-01	1.800475686706177469e-01	8.400032660533007789e-02	3.746496441139417904e-02	9.397423809813308659e-02
1.741597276915902057e+03	1.947971181577644317e-01	1.216133361977927707e-01	2.877338119734865751e-01	1.802032845125385863e-01	8.406777141656858465e-02	3.751238901780948320e-02	9.407228872389965246e-02
1.746435047129557461e+03	1.944507727083065740e-01	1.213703162603194108e-01	2.879565859423410257e-01	1.803581006553586774e-01	8.413486569031147777e-02	3.755958366751455113e-02	9.416977507570833961e-02
1.751272817343212637e+03	1.941063835186868092e-01	1.211286581737788387e-01	2.881780752297770642e-01	1.805120222643832040e-01	8.420161117789878857e-02	3.760654930143023794e-02	9.426670033390510683e-02
1.756110587556867813e+03	1.937639394097986911e-01	1.208883543906925095e-01	2.883982875791628042e-01	1.806650544764194788e-01	8.426800962241073889e-02	3.765328685897436495e-02	9.436306766240148969e-02
1.760948357770523216e+03	1.934234292690792945e-01	1.206493974034443806e-01	2.886172306819638211e-01	1.808172023999107536e-01	8.433406275870571067e-02	3.769979727802370839e-02	9.445888020873244306e-02
1.765786127984178393e+03	1.930848420500567708e-01	1.204117797441160015e-01	2.888349121781683682e-01	1.809684711150696956e-01	8.439977231345789643e-02	3.774608149487684861e-02	9.455414110411450301e-02
1.770623898197833569e+03	1.927481667719021796e-01	1.201754939843212716e-01	2.890513396567079285e-01	1.811188656740117808e-01	8.446514000519476928e-02	3.779214044421788654e-02	9.464885346350428164e-02
1.775461668411488745e+03	1.924133925189854821e-01	1.199405327350407807e-01	2.892665206558733271e-01	1.812683911008882987e-01	8.453016754433416435e-02	3.783797505908095826e-02	9.474302038565711459e-02
1.780299438625144376e+03	1.920805084404356988e-01	1.197068886464558585e-01	2.894804626637263456e-01	1.814170523920193845e-01	8.459485663322119375e-02	3.788358627081559599e-02	9.483664495318602783e-02
1.785137208838799552e+03	1.917495037497050081e-01	1.194745544077821242e-01	2.896931731185076742e-01	1.815648545160265248e-01	8.465920896616491165e-02	3.792897500905290792e-02	9.492973023262094023e-02
1.789974979052454728e+03	1.914203677241370638e-01	1.192435227471029396e-01	2.899046594090397000e-01	1.817118024139651455e-01	8.472322622947461856e-02	3.797414220167249360e-02	9.502227927446806055e-02
1.794812749266109904e+03	1.910930897045391430e-01	1.190137864312023896e-01	2.901149288751259658e-01	1.818579009994567286e-01	8.478691010149609630e-02	3.801908877477020582e-02	9.511429511326954800e-02
1.799650519479765535e+03	1.907676590947581796e-01	1.187853382653980966e-01	2.903239888079457987e-01	1.820031551588206509e-01	8.485026225264746813e-02	3.806381565262661332e-02	9.520578076766333941e-02
1.804488289693420711e+03	1.904440653612607115e-01	1.185581710933739652e-01	2.905318464504452192e-01	1.821475697512059400e-01	8.491328434545489245e-02	3.810832375767626151e-02	9.529673924044321232e-02
1.809326059907075887e+03	1.901222980327166578e-01	1.183322777970123724e-01	2.907385089977238546e-01	1.822911496087226968e-01	8.497597803458802057e-02	3.815261401047763401e-02	9.538717351861900062e-02
1.814163830120731291e+03	1.898023466995865938e-01	1.181076512962266345e-01	2.909439835974176880e-01	1.824338995365731575e-01	8.503834496689520461e-02	3.819668732968385660e-02	9.547708657347707406e-02
1.819001600334386467e+03	1.894842010137131605e-01	1.178842845487930308e-01	2.911482773500779220e-01	1.825758243131826164e-01	8.510038678143853896e-02	3.824054463201412291e-02	9.556648136064087307e-02
1.823839370548041643e+03	1.891678506879155008e-01	1.176621705501827847e-01	2.913513973095459564e-01	1.827169286903299050e-01	8.516210510952866575e-02	3.828418683222577917e-02	9.565536082013165187e-02
1.828677140761696819e+03	1.888532854955879414e-01	1.174413023333940598e-01	2.915533504833245915e-01	1.828572173932777045e-01	8.522350157475935828e-02	3.832761484308713773e-02	9.574372787642945748e-02
1.833514910975352450e+03	1.885404952703015891e-01	1.172216729687838160e-01	2.917541438329452896e-01	1.829966951209025527e-01	8.528457779304189634e-02	3.837082957535094263e-02	9.583158543853415035e-02
1.838352681189008081e+03	1.882294699054099518e-01	1.170032755638995836e-01	2.919537842743318290e-01	1.831353665458244073e-01	8.534533537263928882e-02	3.841383193772849453e-02	9.591893640002661925e-02
1.843190451402663257e+03	1.879201993536576132e-01	1.167861032633113194e-01	2.921522786781603487e-01	1.832732363145361809e-01	8.540577591420026038e-02	3.845662283686442778e-02	9.600578363913006563e-02
1.848028221616318433e+03	1.876126736267924588e-01	1.165701492484431945e-01	2.923496338702152864e-01	1.834103090475325826e-01	8.546590101079303003e-02	3.849920317731214681e-02	9.609213001877150995e-02
1.852865991829973609e+03	1.873068827951812620e-01	1.163554067374054923e-01	2.925458566317423736e-01	1.835465893394389869e-01	8.552571224793897864e-02	3.854157386150985909e-02	9.617797838664329801e-02
1.857703762043628785e+03	1.870028169874285717e-01	1.161418689848264657e-01	2.927409536997974127e-01	1.836820817591396926e-01	8.558521120364601109e-02	3.858373578975725360e-02	9.626333157526481554e-02
1.862541532257283961e+03	1.867004663899987371e-01	1.159295292816843320e-01	2.929349317675921105e-01	1.838167908499061531e-01	8.564439944844184915e-02	3.862568986019275508e-02	9.634819240204423041e-02
1.867379302470939592e+03	1.863998212468414017e-01	1.157183809551392828e-01	2.931277974848360279e-01	1.839507211295245692e-01	8.570327854540710222e-02	3.866743696877140285e-02	9.643256366934034596e-02
1.872217072684594768e+03	1.861008718590198008e-01	1.155084173683657289e-01	2.933195574580753640e-01	1.840838770904233423e-01	8.576185005020808827e-02	3.870897800924328475e-02	9.651644816452452369e-02
1.877054842898249490e+03	1.858036085843426388e-01	1.152996319203845460e-01	2.935102182510278546e-01	1.842162631998000288e-01	8.582011551112968262e-02	3.875031387313259551e-02	9.659984866004278636e-02
1.881892613111905121e+03	1.855080218369985490e-01	1.150920180458955139e-01	2.936997863849152290e-01	1.843478838997480995e-01	8.587807646910772252e-02	3.879144544971718095e-02	9.668276791347776844e-02
1.886730383325560297e+03	1.852141020871941879e-01	1.148855692151099228e-01	2.938882683387913919e-01	1.844787436073832831e-01	8.593573445776152286e-02	3.883237362600871351e-02	9.676520866761099959e-02
1.891568153539215928e+03	1.849218398607948288e-01	1.146802789335833739e-01	2.940756705498681067e-01	1.846088467149694656e-01	8.599309100342598933e-02	3.887309928673336745e-02	9.684717365048496618e-02
1.896405923752871104e+03	1.846312257389681188e-01	1.144761407420487737e-01	2.942619994138367945e-01	1.847381975900442841e-01	8.605014762518370386e-02	3.891362331431304916e-02	9.692866557546543638e-02
1.901243693966526507e+03	1.843422503578309168e-01	1.142731482162494538e-01	2.944472612851876114e-01	1.848668005755444432e-01	8.610690583489685745e-02	3.895394658884714784e-02	9.700968714130377146e-02
1.906081464180181683e+03	1.840549044080988239e-01	1.140712949667726656e-01	2.946314624775251967e-01	1.849946599899305044e-01	8.616336713723893315e-02	3.899406998809477887e-02	9.709024103219922319e-02
1.910919234393836859e+03	1.837691786347386280e-01	1.138705746388832263e-01	2.948146092638815885e-01	1.851217801273114527e-01	8.621953302972634736e-02	3.903399438745758232e-02	9.717032991786124507e-02
1.915757004607492036e+03	1.834850638366236908e-01	1.136709809123574305e-01	2.949967078770254214e-01	1.852481652575686810e-01	8.627540500274986923e-02	3.907372065996299326e-02	9.724995645357191465e-02
1.920594774821147894e+03	1.832025508661919433e-01	1.134725075013172380e-01	2.951777645097688474e-01	1.853738196264798077e-01	8.633098453960580398e-02	3.911324967624797005e-02	9.732912328024834192e-02
1.925432545034802843e+03	1.829216306291067129e-01	1.132751481540647392e-01	2.953577853152709598e-01	1.854987474558419669e-01	8.638627311652730123e-02	3.915258230454328470e-02	9.740783302450499448e-02
1.930270315248458019e+03	1.826422940839204645e-01	1.130788966529169826e-01	2.955367764073382753e-01	1.856229529435947101e-01	8.644127220271517753e-02	3.919171941065820175e-02	9.748608829871616144e-02
1.935108085462113195e+03	1.823645322417407622e-01	1.128837468140409805e-01	2.957147438607227175e-01	1.857464402639426582e-01	8.649598326036886387e-02	3.923066185796565686e-02	9.756389170107837572e-02
1.939945855675768371e+03	1.820883361658994781e-01	1.126896924872892308e-01	2.958916937114161039e-01	1.858692135674774870e-01	8.655040774471706166e-02	3.926941050738791406e-02	9.764124581567273919e-02
1.944783625889424002e+03	1.818136969716241669e-01	1.124967275560353336e-01	2.960676319569423565e-01	1.859912769812998579e-01	8.660454710404830170e-02	3.930796621738263247e-02	9.771815321252735886e-02
1.949621396103079178e+03	1.815406058257122146e-01	1.123048459370101643e-01	2.962425645566465482e-01	1.861126346091405981e-01	8.665840277974136419e-02	3.934632984392938404e-02	9.779461644767967199e-02
1.954459166316734354e+03	1.812690539462075701e-01	1.121140415801383378e-01	2.964164974319812851e-01	1.862332905314817155e-01	8.671197620629560177e-02	3.938450224051661536e-02	9.787063806323882675e-02
1.959296936530389530e+03	1.809990326020799734e-01	1.119243084683749778e-01	2.965894364667900351e-01	1.863532488056769687e-01	8.676526881136102654e-02	3.942248425812903273e-02	9.794622058744797966e-02
1.964134706744044706e+03	1.807305331129065717e-01	1.117356406175429306e-01	2.967613875075883478e-01	1.864725134660718542e-01	8.681828201576835546e-02	3.946027674523539669e-02	9.802136653474655126e-02
1.968972476957700337e+03	1.804635468485562833e-01	1.115480320761703809e-01	2.969323563638419650e-01	1.865910885241233441e-01	8.687101723355887539e-02	3.949788054777669810e-02	9.809607840583248195e-02
1.973810247171355968e+03	1.801980652288763807e-01	1.113614769253288284e-01	2.971023488082421560e-01	1.867089779685192352e-01	8.692347587201423864e-02	3.953529650915480614e-02	9.817035868772443219e-02
1.978648017385010689e+03	1.799340797233814349e-01	1.111759692784714815e-01	2.972713705769788883e-01	1.868261857652968871e-01	8.697565933168602270e-02	3.957252547022144934e-02	9.824420985382391336e-02
1.983485787598666320e+03	1.796715818509449780e-01	1.109915032812720803e-01	2.974394273700110003e-01	1.869427158579617942e-01	8.702756900642524829e-02	3.960956826926761293e-02	9.831763436397740474e-02
1.988323557812321269e+03	1.794105631794931099e-01	1.108080731114641504e-01	2.976065248513339867e-01	1.870585721676054913e-01	8.707920628341175862e-02	3.964642574201332481e-02	9.839063466453834561e-02
1.993161328025976900e+03	1.791510153257007132e-01	1.106256729786806586e-01	2.977726686492453423e-01	1.871737585930230985e-01	8.713057254318341827e-02	3.968309872159776763e-02	9.846321318842914116e-02
1.997999098239632076e+03	1.788929299546899443e-01	1.104442971242942106e-01	2.979378643566071849e-01	1.872882790108306716e-01	8.718166915966529817e-02	3.971958803856981413e-02	9.853537235520301585e-02
2.002836868453287707e+03	1.786362987797309176e-01	1.102639398212575533e-01	2.981021175311066029e-01	1.874021372755816928e-01	8.723249750019856918e-02	3.975589452087892328e-02	9.860711457110593603e-02
2.007674638666942428e+03	1.783811135619445820e-01	1.100845953739446048e-01	2.982654336955134489e-01	1.875153372198834767e-01	8.728305892556946499e-02	3.979201899386634184e-02	9.867844222913828289e-02
2.012512408880597604e+03	1.781273661100081507e-01	1.099062581179920117e-01	2.984278183379358018e-01	1.876278826545129952e-01	8.733335479003799529e-02	3.982796228025668045e-02	9.874935770911656696e-02
2.017350179094252780e+03	1.778750482798623356e-01	1.097289224201411367e-01	2.985892769120729873e-01	1.877397773685323401e-01	8.738338644136654787e-02	3.986372520014985765e-02	9.881986337773501772e-02
2.022187949307908411e+03	1.776241519744209962e-01	1.095525826780804901e-01	2.987498148374662654e-01	1.878510251294036038e-01	8.743315522084846303e-02	3.989930857101334910e-02	9.888996158862707608e-02
2.027025719521564042e+03	1.773746691432828981e-01	1.093772333202886748e-01	2.989094374997472991e-01	1.879616296831035371e-01	8.748266246333633034e-02	3.993471320767475602e-02	9.895965468242681751e-02
2.031863489735218764e+03	1.771265917824455527e-01	1.092028688058778452e-01	2.990681502508839573e-01	1.880715947542375144e-01	8.753190949727039649e-02	3.996993992231476223e-02	9.902894498683026403e-02
2.036701259948874394e+03	1.768799119340212778e-01	1.090294836244376647e-01	2.992259584094243974e-01	1.881809240461533583e-01	8.758089764470658456e-02	4.000498952446030626e-02	9.909783481665662697e-02
2.041539030162529116e+03	1.766346216859552842e-01	1.088570722958797088e-01	2.993828672607387054e-01	1.882896212410543613e-01	8.762962822134463814e-02	4.003986282097816984e-02	9.916632647390936917e-02
2.046376800376184747e+03	1.763907131717457055e-01	1.086856293702824910e-01	2.995388820572577604e-01	1.883976900001121668e-01	8.767810253655601571e-02	4.007456061606879533e-02	9.923442224783725341e-02
2.051214570589840150e+03	1.761481785701659031e-01	1.085151494277368650e-01	2.996940080187108224e-01	1.885051339635790690e-01	8.772632189341171560e-02	4.010908371126045008e-02	9.930212441499526588e-02
2.056052340803495554e+03	1.759070101049886037e-01	1.083456270781921332e-01	2.998482503323605108e-01	1.886119567508998396e-01	8.777428758870998993e-02	4.014343290540368231e-02	9.936943523930533151e-02
2.060890111017150957e+03	1.756672000447121185e-01	1.081770569613024618e-01	3.000016141532352854e-01	1.887181619608231942e-01	8.782200091300393363e-02	4.017760899466602670e-02	9.943635697211707092e-02
2.065727881230805451e+03	1.754287407022886158e-01	1.080094337462740167e-01	3.001541046043604277e-01	1.888237531715127870e-01	8.786946315062893476e-02	4.021161277252705696e-02	9.950289185226827982e-02
2.070565651444461309e+03	1.751916244348540042e-01	1.078427521317125715e-01	3.003057267769866923e-01	1.889287339406575950e-01	8.791667557973011082e-02	4.024544502977367433e-02	9.956904210614538064e-02
2.075403421658116713e+03	1.749558436434603403e-01	1.076770068454715595e-01	3.004564857308169579e-01	1.890331078055821623e-01	8.796363947228953706e-02	4.027910655449568056e-02	9.963480994774373545e-02
2.080241191871772116e+03	1.747213907728096260e-01	1.075121926445008758e-01	3.006063864942305486e-01	1.891368782833560691e-01	8.801035609415340522e-02	4.031259813208163539e-02	9.970019757872780608e-02
2.085078962085427065e+03	1.744882583109897689e-01	1.073483043146959970e-01	3.007554340645057778e-01	1.892400488709032325e-01	8.805682670505908527e-02	4.034592054521493609e-02	9.976520718849120339e-02
2.089916732299082469e+03	1.742564387892122646e-01	1.071853366707478800e-01	3.009036334080405495e-01	1.893426230451104586e-01	8.810305255866204832e-02	4.037907457387023696e-02	9.982984095421659765e-02
2.094754502512737417e+03	1.740259247815519605e-01	1.070232845559932477e-01	3.010509894605707393e-01	1.894446042629358007e-01	8.814903490256272012e-02	4.041206099531002849e-02	9.989410104093544851e-02
2.099592272726392821e+03	1.737967089046884850e-01	1.068621428422654868e-01	3.011975071273871318e-01	1.895459959615163337e-01	8.819477497833322355e-02	4.044488058408154257e-02	9.995798960158772117e-02
2.104430042940048224e+03	1.735687838176494247e-01	1.067019064297461267e-01	3.013431912835497495e-01	1.896468015582755129e-01	8.824027402154396849e-02	4.047753411201387291e-02	1.000215087770812694e-01
2.109267813153704083e+03	1.733421422215555840e-01	1.065425702468168756e-01	3.014880467741006820e-01	1.897470244510300053e-01	8.828553326179017224e-02	4.051002234821531739e-02	1.000846606963512464e-01
2.114105583367359031e+03	1.731167768593677436e-01	1.063841292499122515e-01	3.016320784142751399e-01	1.898466680180961319e-01	8.833055392271832451e-02	4.054234605907099109e-02	1.001474474764192657e-01
2.118943353581013525e+03	1.728926805156354440e-01	1.062265784233727139e-01	3.017752909897101765e-01	1.899457356183959222e-01	8.837533722205248576e-02	4.057450600824068221e-02	1.002098712224524929e-01
2.123781123794669384e+03	1.726698460162472137e-01	1.060699127792984475e-01	3.019176892566520221e-01	1.900442305915624741e-01	8.841988437162043302e-02	4.060650295665685361e-02	1.002719340278224458e-01
2.128618894008324787e+03	1.724482662281827672e-01	1.059141273574036868e-01	3.020592779421614749e-01	1.901421562580451474e-01	8.846419657737986109e-02	4.063833766252299140e-02	1.003336379741638640e-01
2.133456664221980191e+03	1.722279340592670627e-01	1.057592172248716100e-01	3.022000617443174608e-01	1.902395159192141194e-01	8.850827503944430630e-02	4.067001088131208530e-02	1.003949851314331343e-01
2.138294434435635139e+03	1.720088424579254149e-01	1.056051774762098577e-01	3.023400453324187054e-01	1.903363128574645236e-01	8.855212095210913958e-02	4.070152336576531721e-02	1.004559775579668135e-01
2.143132204649290543e+03	1.717909844129411612e-01	1.054520032331066198e-01	3.024792333471836847e-01	1.904325503363200889e-01	8.859573550387730978e-02	4.073287586589104114e-02	1.005166173005398872e-01
2.147969974862945492e+03	1.715743529532142986e-01	1.052996896442871949e-01	3.026176304009491336e-01	1.905282316005364185e-01	8.863911987748504528e-02	4.076406912896388818e-02	1.005769063944237929e-01
2.152807745076601350e+03	1.713589411475221480e-01	1.051482318853713405e-01	3.027552410778664993e-01	1.906233598762037407e-01	8.868227524992751409e-02	4.079510389952412108e-02	1.006368468634444291e-01
2.157645515290255844e+03	1.711447421042814887e-01	1.049976251587311504e-01	3.028920699340966194e-01	1.907179383708492437e-01	8.872520279248427566e-02	4.082598091937717638e-02	1.006964407200398592e-01
2.162483285503912157e+03	1.709317489713123583e-01	1.048478646933493491e-01	3.030281214980031779e-01	1.908119702735388556e-01	8.876790367074470500e-02	4.085670092759339372e-02	1.007556899653179461e-01
2.167321055717567106e+03	1.707199549356035462e-01	1.046989457446784039e-01	3.031634002703440522e-01	1.909054587549787185e-01	8.881037904463331967e-02	4.088726466050796732e-02	1.008145965891137502e-01
2.172158825931222509e+03	1.705093532230795295e-01	1.045508635945001374e-01	3.032979107244612726e-01	1.909984069676160523e-01	8.885263006843496791e-02	4.091767285172102919e-02	1.008731625700467760e-01
2.176996596144877003e+03	1.702999370983690752e-01	1.044036135507858953e-01	3.034316573064690936e-01	1.910908180457396299e-01	8.889465789081997527e-02	4.094792623209797533e-02	1.009313898755780647e-01
2.181834366358532861e+03	1.700916998645753409e-01	1.042571909475574626e-01	3.035646444354408446e-01	1.911826951055799195e-01	8.893646365486913841e-02	4.097802552976993751e-02	1.009892804620670936e-01
2.186672136572187810e+03	1.698846348630476122e-01	1.041115911447482723e-01	3.036968765035938933e-01	1.912740412454084771e-01	8.897804849809862193e-02	4.100797147013446331e-02	1.010468362748284527e-01
2.191509906785843214e+03	1.696787354731544850e-01	1.039668095280656263e-01	3.038283578764729431e-01	1.913648595456371448e-01	8.901941355248481347e-02	4.103776477585633492e-02	1.011040592481884243e-01
2.196347676999498617e+03	1.694739951120586008e-01	1.038228415088531531e-01	3.039590928931322766e-01	1.914551530689167225e-01	8.906055994448908164e-02	4.106740616686857526e-02	1.011609513055413551e-01
2.201185447213154021e+03	1.692704072344929367e-01	1.036796825239540559e-01	3.040890858663159446e-01	1.915449248602351107e-01	8.910148879508236752e-02	4.109689636037362065e-02	1.012175143594058191e-01
2.206023217426809424e+03	1.690679653325384835e-01	1.035373280355748743e-01	3.042183410826365675e-01	1.916341779470150108e-01	8.914220121976970668e-02	4.112623607084468780e-02	1.012737503114805593e-01
2.210860987640464373e+03	1.688666629354034221e-01	1.033957735311499815e-01	3.043468628027527489e-01	1.917229153392113472e-01	8.918269832861473734e-02	4.115542601002723094e-02	1.013296610527003733e-01
2.215698757854119776e+03	1.686664936092039380e-01	1.032550145232064703e-01	3.044746552615452129e-01	1.918111400294079671e-01	8.922298122626397265e-02	4.118446688694064189e-02	1.013852484632916801e-01
2.220536528067775180e+03	1.684674509567461731e-01	1.031150465492298440e-01	3.046017226682906087e-01	1.918988549929140919e-01	8.926305101197115621e-02	4.121335940788001945e-02	1.014405144128280173e-01
2.225374298281430583e+03	1.682695286173099269e-01	1.029758651715301648e-01	3.047280692068350394e-01	1.919860631878601287e-01	8.930290877962131224e-02	4.124210427641815391e-02	1.014954607602852055e-01
2.230212068495085077e+03	1.680727202664335507e-01	1.028374659771089106e-01	3.048536990357652021e-01	1.920727675552932612e-01	8.934255561775490684e-02	4.127070219340766427e-02	1.015500893540964567e-01
2.235049838708740936e+03	1.678770196157003958e-01	1.026998445775263169e-01	3.049786162885786411e-01	1.921589710192724287e-01	8.938199260959175940e-02	4.129915385698319785e-02	1.016044020322072056e-01
2.239887608922396339e+03	1.676824204125266227e-01	1.025629966087694411e-01	3.051028250738522796e-01	1.922446764869628344e-01	8.942122083305496794e-02	4.132745996256390053e-02	1.016584006221297742e-01
2.244725379136052197e+03	1.674889164399504526e-01	1.024269177311207535e-01	3.052263294754098966e-01	1.923298868487301749e-01	8.946024136079469558e-02	4.135562120285588700e-02	1.017120869409979117e-01
2.249563149349706237e+03	1.672965015164225300e-01	1.022916036290273667e-01	3.053491335524877726e-01	1.924146049782342327e-01	8.949905526021185997e-02	4.138363826785498162e-02	1.017654627956210006e-01
2.254400919563362095e+03	1.671051694955981159e-01	1.021570500109708207e-01	3.054712413398994464e-01	1.924988337325219956e-01	8.953766359348175330e-02	4.141151184484948705e-02	1.018185299825381807e-01
2.259238689777017044e+03	1.669149142661301988e-01	1.020232526093374920e-01	3.055926568481985850e-01	1.925825759521206104e-01	8.957606741757753732e-02	4.143924261842315410e-02	1.018712902880721943e-01
2.264076459990672902e+03	1.667257297514641856e-01	1.018902071802896686e-01	3.057133840638412425e-01	1.926658344611295870e-01	8.961426778429368301e-02	4.146683127045824868e-02	1.019237454883831634e-01
