1.001418434226643626e+03	2.804067136803126692e-01	1.798914819436100987e-01	2.347604781732431922e-01	1.410246154249237827e-01	6.806075076107129251e-02	2.694298640567810085e-02	6.891297361101798857e-02
1.002869765290740247e+03	2.801562941901410420e-01	1.797206380287535155e-01	2.349419195803862104e-01	1.411293013124204632e-01	6.810401453370761027e-02	2.696999391372646021e-02	6.897783844072177817e-02
1.004321096354836754e+03	2.799063082264574565e-01	1.795500768321355578e-01	2.351230443744699028e-01	1.412337947288803963e-01	6.814720676722206549e-02	2.699697251770698248e-02	6.904259655298466969e-02
1.005772427418933376e+03	2.796567549676647335e-01	1.793797979448729096e-01	2.353038530952865914e-01	1.413380960905915307e-01	6.819032758219188695e-02	2.702392219704497639e-02	6.910724812220440938e-02
1.007223758483029997e+03	2.794076335944026268e-01	1.792098009580591345e-01	2.354843462817184097e-01	1.414422058126757753e-01	6.823337709898812109e-02	2.705084293150110050e-02	6.917179332251180424e-02
1.008675089547126618e+03	2.791589432895359435e-01	1.790400854627719751e-01	2.356645244717389953e-01	1.415461243090934962e-01	6.827635543777607618e-02	2.707773470116949313e-02	6.923623232777099956e-02
1.010126420611223239e+03	2.789106832381424983e-01	1.788706510500803204e-01	2.358443882024146843e-01	1.416498519926479849e-01	6.831926271851586352e-02	2.710459748647591621e-02	6.930056531157977040e-02
1.011577751675319632e+03	2.786628526275011231e-01	1.787014973110513938e-01	2.360239380099060647e-01	1.417533892749897884e-01	6.836209906096282762e-02	2.713143126817588874e-02	6.936479244726991011e-02
1.013029082739416367e+03	2.784154506470801205e-01	1.785326238367576368e-01	2.362031744294695312e-01	1.418567365666211499e-01	6.840486458466812913e-02	2.715823602735284795e-02	6.942891390790750794e-02
1.014480413803512761e+03	2.781684764885254957e-01	1.783640302182836479e-01	2.363820979954586454e-01	1.419598942769004501e-01	6.844755940897911950e-02	2.718501174541631052e-02	6.949292986629326818e-02
1.015931744867609382e+03	2.779219293456492434e-01	1.781957160467329271e-01	2.365607092413255785e-01	1.420628628140464811e-01	6.849018365303986833e-02	2.721175840410004765e-02	6.955684049496284327e-02
1.017383075931706003e+03	2.776758084144179684e-01	1.780276809132346760e-01	2.367390086996225829e-01	1.421656425851427485e-01	6.853273743579162136e-02	2.723847598546026358e-02	6.962064596618720846e-02
1.018834406995802851e+03	2.774301128929415050e-01	1.778599244089503484e-01	2.369169969020034072e-01	1.422682339961418851e-01	6.857522087597327232e-02	2.726516447187378456e-02	6.968434645197288391e-02
1.020285738059899245e+03	2.771848419814617048e-01	1.776924461250802556e-01	2.370946743792248512e-01	1.423706374518698137e-01	6.861763409212183473e-02	2.729182384603625819e-02	6.974794212406233707e-02
1.021737069123995752e+03	2.769399948823412227e-01	1.775252456528701450e-01	2.372720416611480698e-01	1.424728533560301047e-01	6.865997720257284442e-02	2.731845409096037014e-02	6.981143315393428805e-02
1.023188400188092373e+03	2.766955708000523040e-01	1.773583225836174726e-01	2.374490992767401554e-01	1.425748821112082509e-01	6.870225032546084520e-02	2.734505518997403309e-02	6.987481971280404269e-02
1.024639731252188767e+03	2.764515689411656818e-01	1.771916765086778700e-01	2.376258477540754421e-01	1.426767241188758584e-01	6.874445357871986073e-02	2.737162712671864159e-02	6.993810197162379783e-02
1.026091062316285615e+03	2.762079885143400304e-01	1.770253070194712230e-01	2.378022876203370606e-01	1.427783797793947262e-01	6.878658708008378309e-02	2.739816988514729226e-02	7.000128010108301602e-02
1.027542393380382237e+03	2.759648287303108627e-01	1.768592137074880832e-01	2.379784194018182975e-01	1.428798494920212880e-01	6.882865094708684461e-02	2.742468344952302475e-02	7.006435427160868923e-02
1.028993724444478858e+03	2.757220888018799276e-01	1.766933961642956907e-01	2.381542436239241223e-01	1.429811336549106082e-01	6.887064529706402038e-02	2.745116780441706969e-02	7.012732465336571352e-02
1.030445055508575479e+03	2.754797679439043856e-01	1.765278539815439418e-01	2.383297608111724919e-01	1.430822326651205734e-01	6.891257024715148616e-02	2.747762293470711395e-02	7.019019141625720826e-02
1.031896386572671872e+03	2.752378653732863723e-01	1.763625867509714673e-01	2.385049714871958770e-01	1.431831469186159722e-01	6.895442591428704859e-02	2.750404882557556246e-02	7.025295472992482138e-02
1.033347717636768493e+03	2.749963803089627290e-01	1.761975940644115446e-01	2.386798761747427333e-01	1.432838768102726590e-01	6.899621241521051995e-02	2.753044546250782432e-02	7.031561476374909025e-02
1.034799048700865114e+03	2.747553119718942338e-01	1.760328755137978152e-01	2.388544753956788058e-01	1.433844227338816890e-01	6.903792986646420382e-02	2.755681283129057108e-02	7.037817168684977476e-02
1.036250379764961508e+03	2.745146595850554982e-01	1.758684306911701967e-01	2.390287696709886833e-01	1.434847850821532877e-01	6.907957838439322817e-02	2.758315091801005758e-02	7.044062566808613479e-02
1.037701710829058356e+03	2.742744223734248643e-01	1.757042591886804062e-01	2.392027595207771307e-01	1.435849642467209308e-01	6.912115808514603110e-02	2.760945970905040459e-02	7.050297687605730501e-02
1.039153041893154750e+03	2.740345995639740240e-01	1.755403605985977333e-01	2.393764454642705874e-01	1.436849606181454242e-01	6.916266908467469388e-02	2.763573919109191257e-02	7.056522547910264176e-02
1.040604372957251599e+03	2.737951903856583047e-01	1.753767345133145361e-01	2.395498280198185281e-01	1.437847745859188175e-01	6.920411149873541279e-02	2.766198935110938603e-02	7.062737164530198675e-02
1.042055704021347992e+03	2.735561940694064553e-01	1.752133805253517362e-01	2.397229077048949053e-01	1.438844065384685678e-01	6.924548544288885998e-02	2.768821017637043344e-02	7.068941554247606951e-02
1.043507035085444613e+03	2.733176098481106542e-01	1.750502982273642871e-01	2.398956850360996484e-01	1.439838568631612581e-01	6.928679103250058591e-02	2.771440165443382619e-02	7.075135733818678496e-02
1.044958366149541234e+03	2.730794369566170721e-01	1.748874872121463919e-01	2.400681605291599685e-01	1.440831259463067893e-01	6.932802838274140789e-02	2.774056377314782634e-02	7.081319719973755422e-02
1.046409697213637855e+03	2.728416746317160468e-01	1.747249470726369713e-01	2.402403346989318289e-01	1.441822141731621820e-01	6.936919760858779871e-02	2.776669652064853513e-02	7.087493529417364380e-02
1.047861028277734476e+03	2.726043221121322024e-01	1.745626774019248539e-01	2.404122080594013056e-01	1.442811219279355461e-01	6.941029882482231683e-02	2.779279988535825544e-02	7.093657178828248477e-02
1.049312359341831097e+03	2.723673786385152340e-01	1.744006777932538832e-01	2.405837811236861690e-01	1.443798495937899384e-01	6.945133214603391170e-02	2.781887385598385068e-02	7.099810684859403365e-02
1.050763690405927491e+03	2.721308434534300269e-01	1.742389478400279690e-01	2.407550544040371054e-01	1.444783975528473041e-01	6.949229768661836781e-02	2.784491842151511770e-02	7.105954064138109150e-02
1.052215021470024112e+03	2.718947158013477194e-01	1.740774871358164166e-01	2.409260284118391604e-01	1.445767661861922238e-01	6.953319556077865171e-02	2.787093357122316997e-02	7.112087333265960931e-02
1.053666352534120733e+03	2.716589949286359884e-01	1.739162952743585622e-01	2.410967036576132927e-01	1.446749558738759378e-01	6.957402588252530051e-02	2.789691929465881737e-02	7.118210508818907656e-02
1.055117683598217127e+03	2.714236800835501118e-01	1.737553718495688515e-01	2.412670806510175681e-01	1.447729669949199272e-01	6.961478876567679663e-02	2.792287558165097022e-02	7.124323607347279874e-02
1.056569014662313975e+03	2.711887705162234208e-01	1.735947164555416700e-01	2.414371599008487412e-01	1.448707999273199376e-01	6.965548432385991473e-02	2.794880242230504339e-02	7.130426645375821659e-02
1.058020345726410369e+03	2.709542654786586402e-01	1.734343286865562550e-01	2.416069419150435604e-01	1.449684550480496437e-01	6.969611267051013803e-02	2.797469980700136027e-02	7.136519639403732240e-02
1.059471676790506763e+03	2.707201642247183959e-01	1.732742081370813036e-01	2.417764272006802106e-01	1.450659327330645343e-01	6.973667391887194977e-02	2.800056772639356387e-02	7.142602605904688207e-02
1.060923007854603611e+03	2.704864660101167773e-01	1.731143544017797187e-01	2.419456162639797014e-01	1.451632333573054379e-01	6.977716818199927729e-02	2.802640617140707280e-02	7.148675561326883754e-02
1.062374338918700232e+03	2.702531700924099556e-01	1.729547670755131605e-01	2.421145096103073102e-01	1.452603572947024912e-01	6.981759557275579731e-02	2.805221513323747501e-02	7.154738522093063990e-02
1.063825669982796853e+03	2.700202757309876911e-01	1.727954457533467381e-01	2.422831077441738590e-01	1.453573049181787202e-01	6.985795620381529680e-02	2.807799460334900118e-02	7.160791504600555468e-02
1.065277001046893474e+03	2.697877821870643955e-01	1.726363900305534216e-01	2.424514111692372964e-01	1.454540765996538143e-01	6.989825018766204767e-02	2.810374457347296004e-02	7.166834525221296714e-02
1.066728332110990095e+03	2.695556887236706944e-01	1.724775995026185671e-01	2.426194203883038636e-01	1.455506727100477071e-01	6.993847763659115369e-02	2.812946503560619094e-02	7.172867600301875701e-02
1.068179663175086489e+03	2.693239946056446010e-01	1.723190737652442184e-01	2.427871359033296483e-01	1.456470936192844345e-01	6.997863866270889743e-02	2.815515598200952693e-02	7.178890746163565928e-02
1.069630994239183110e+03	2.690926990996231338e-01	1.721608124143535756e-01	2.429545582154219452e-01	1.457433396962954930e-01	7.001873337793308727e-02	2.818081740520627862e-02	7.184903979102347238e-02
1.071082325303279504e+03	2.688618014740337681e-01	1.720028150460952421e-01	2.431216878248406432e-01	1.458394113090236976e-01	7.005876189399341814e-02	2.820644929798069717e-02	7.190907315388954391e-02
1.072533656367376352e+03	2.686313009990860534e-01	1.718450812568474428e-01	2.432885252309995860e-01	1.459353088244266794e-01	7.009872432243180462e-02	2.823205165337645817e-02	7.196900771268900654e-02
1.073984987431472746e+03	2.684011969467633985e-01	1.716876106432221882e-01	2.434550709324679318e-01	1.460310326084805488e-01	7.013862077460270017e-02	2.825762446469517672e-02	7.202884362962509723e-02
1.075436318495569594e+03	2.681714885908146329e-01	1.715304028020694649e-01	2.436213254269716244e-01	1.461265830261833654e-01	7.017845136167351339e-02	2.828316772549488087e-02	7.208858106664953191e-02
1.076887649559666215e+03	2.679421752067459583e-01	1.713734573304812880e-01	2.437872892113947254e-01	1.462219604415588570e-01	7.021821619462485786e-02	2.830868142958853709e-02	7.214822018546285243e-02
1.078338980623762609e+03	2.677132560718126220e-01	1.712167738257957261e-01	2.439529627817807467e-01	1.463171652176598336e-01	7.025791538425092686e-02	2.833416557104254802e-02	7.220776114751469021e-02
1.079790311687859230e+03	2.674847304650111446e-01	1.710603518856008975e-01	2.441183466333340935e-01	1.464121977165716848e-01	7.029754904115984027e-02	2.835962014417528834e-02	7.226720411400414101e-02
1.081241642751955851e+03	2.672565976670710497e-01	1.709041911077388842e-01	2.442834412604214245e-01	1.465070582994160708e-01	7.033711727577397765e-02	2.838504514355561989e-02	7.232654924588008405e-02
1.082692973816052472e+03	2.670288569604470919e-01	1.707482910903095896e-01	2.444482471565730397e-01	1.466017473263541426e-01	7.037662019833026972e-02	2.841044056400144138e-02	7.238579670384152898e-02
1.084144304880149093e+03	2.668015076293113186e-01	1.705926514316745690e-01	2.446127648144842126e-01	1.466962651565903164e-01	7.041605791888058685e-02	2.843580640057821740e-02	7.244494664833789344e-02
1.085595635944245487e+03	2.665745489595452433e-01	1.704372717304608598e-01	2.447769947260166057e-01	1.467906121483755211e-01	7.045543054729201671e-02	2.846114264859753856e-02	7.250399923956939163e-02
1.087046967008342108e+03	2.663479802387320738e-01	1.702821515855647283e-01	2.449409373821995195e-01	1.468847886590106400e-01	7.049473819324721113e-02	2.848644930361565741e-02	7.256295463748732577e-02
1.088498298072438729e+03	2.661218007561491072e-01	1.701272905961551951e-01	2.451045932732314747e-01	1.469787950448501468e-01	7.053398096624473312e-02	2.851172636143208677e-02	7.262181300179446075e-02
1.089949629136535123e+03	2.658960098027600139e-01	1.699726883616778095e-01	2.452679628884814333e-01	1.470726316613052143e-01	7.057315897559933437e-02	2.853697381808813216e-02	7.268057449194527397e-02
1.091400960200631971e+03	2.656706066712072323e-01	1.698183444818582577e-01	2.454310467164901310e-01	1.471662988628473778e-01	7.061227233044231610e-02	2.856219166986549360e-02	7.273923926714635779e-02
1.092852291264728365e+03	2.654455906558046974e-01	1.696642585567058048e-01	2.455938452449715481e-01	1.472597970030117276e-01	7.065132113972184824e-02	2.858737991328484315e-02	7.279780748635671095e-02
1.094303622328825213e+03	2.652209610525300687e-01	1.695104301865168472e-01	2.457563589608141863e-01	1.473531264344004055e-01	7.069030551220323311e-02	2.861253854510440592e-02	7.285627930828807164e-02
1.095754953392921607e+03	2.649967171590174586e-01	1.693568589718783823e-01	2.459185883500824843e-01	1.474462875086857694e-01	7.072922555646930787e-02	2.863766756231856878e-02	7.291465489140525058e-02
1.097206284457018228e+03	2.647728582745501602e-01	1.692035445136713390e-01	2.460805338980180668e-01	1.475392805766139737e-01	7.076808138092070821e-02	2.866276696215647179e-02	7.297293439392645020e-02
1.098657615521114849e+03	2.645493837000533199e-01	1.690504864130739637e-01	2.462421960890412986e-01	1.476321059880080777e-01	7.080687309377618754e-02	2.868783674208064127e-02	7.303111797382362547e-02
1.100108946585211470e+03	2.643262927380867211e-01	1.688976842715652626e-01	2.464035754067524231e-01	1.477247640917714044e-01	7.084560080307290841e-02	2.871287689978558114e-02	7.308920578882274754e-02
1.101560277649308091e+03	2.641035846928376229e-01	1.687451376909280820e-01	2.465646723339330604e-01	1.478172552358908709e-01	7.088426461666683109e-02	2.873788743319641292e-02	7.314719799640417852e-02
1.103011608713404712e+03	2.638812588701134887e-01	1.685928462732524391e-01	2.467254873525474568e-01	1.479095797674402080e-01	7.092286464223293563e-02	2.876286834046749147e-02	7.320509475380299058e-02
1.104462939777501106e+03	2.636593145773353242e-01	1.684408096209387140e-01	2.468860209437438724e-01	1.480017380325832355e-01	7.096140098726561041e-02	2.878781961998106570e-02	7.326289621800928520e-02
1.105914270841597499e+03	2.634377511235301283e-01	1.682890273367006750e-01	2.470462735878559690e-01	1.480937303765770541e-01	7.099987375907888809e-02	2.881274127034589780e-02	7.332060254576849845e-02
1.107365601905694348e+03	2.632165678193243430e-01	1.681374990235688649e-01	2.472062457644040590e-01	1.481855571437753205e-01	7.103828306480679255e-02	2.883763329039592399e-02	7.337821389358178958e-02
1.108816932969790741e+03	2.629957639769369693e-01	1.679862242848932929e-01	2.473659379520965762e-01	1.482772186776314394e-01	7.107662901140364420e-02	2.886249567918890840e-02	7.343573041770630472e-02
1.110268264033887590e+03	2.627753389101723513e-01	1.678352027243467381e-01	2.475253506288312422e-01	1.483687153207017551e-01	7.111491170564436526e-02	2.888732843600510733e-02	7.349315227415550988e-02
1.111719595097984211e+03	2.625552919344137925e-01	1.676844339459276356e-01	2.476844842716966200e-01	1.484600474146487159e-01	7.115313125412477124e-02	2.891213156034594389e-02	7.355047961869955186e-02
1.113170926162080832e+03	2.623356223666166720e-01	1.675339175539629355e-01	2.478433393569732524e-01	1.485512153002440661e-01	7.119128776326187624e-02	2.893690505193267232e-02	7.360771260686552186e-02
1.114622257226177226e+03	2.621163295253017278e-01	1.673836531531111005e-01	2.480019163601351051e-01	1.486422193173719264e-01	7.122938133929419824e-02	2.896164891070506994e-02	7.366485139393787185e-02
1.116073588290273847e+03	2.618974127305482846e-01	1.672336403483649925e-01	2.481602157558508714e-01	1.487330598050320418e-01	7.126741208828206442e-02	2.898636313682011190e-02	7.372189613495866434e-02
1.117524919354370468e+03	2.616788713039879810e-01	1.670838787450545926e-01	2.483182380179852766e-01	1.488237371013427512e-01	7.130538011610790261e-02	2.901104773065068046e-02	7.377884698472789160e-02
1.118976250418467089e+03	2.614607045687979414e-01	1.669343679488498045e-01	2.484759836196004379e-01	1.489142515435442071e-01	7.134328552847653271e-02	2.903570269278426402e-02	7.383570409780385035e-02
1.120427581482563710e+03	2.612429118496945035e-01	1.667851075657632853e-01	2.486334530329571968e-01	1.490046034680014841e-01	7.138112843091548587e-02	2.906032802402165258e-02	7.389246762850343320e-02
1.121878912546660331e+03	2.610254924729266679e-01	1.666360972021530551e-01	2.487906467295164237e-01	1.490947932102074658e-01	7.141890892877528207e-02	2.908492372537566442e-02	7.394913773090246167e-02
1.123330243610756725e+03	2.608084457662696032e-01	1.664873364647252163e-01	2.489475651799404055e-01	1.491848211047862027e-01	7.145662712722976317e-02	2.910948979806985554e-02	7.400571455883599159e-02
1.124781574674853118e+03	2.605917710590186509e-01	1.663388249605365632e-01	2.491042088540940391e-01	1.492746874854956329e-01	7.149428313127630108e-02	2.913402624353724282e-02	7.406219826589865995e-02
1.126232905738949967e+03	2.603754676819824976e-01	1.661905622969972185e-01	2.492605782210462473e-01	1.493643926852308845e-01	7.153187704573618633e-02	2.915853306341905857e-02	7.411858900544497641e-02
1.127684236803046360e+03	2.601595349674774571e-01	1.660425480818730759e-01	2.494166737490712271e-01	1.494539370360271624e-01	7.156940897525486400e-02	2.918301025956345288e-02	7.417488693058969795e-02
1.129135567867143209e+03	2.599439722493210869e-01	1.658947819232885201e-01	2.495724959056499215e-01	1.495433208690627458e-01	7.160687902430225293e-02	2.920745783402427243e-02	7.423109219420807869e-02
1.130586898931239830e+03	2.597287788628259708e-01	1.657472634297287029e-01	2.497280451574711568e-01	1.496325445146620137e-01	7.164428729717302324e-02	2.923187578905978024e-02	7.428720494893628623e-02
1.132038229995336451e+03	2.595139541447934461e-01	1.655999922100422073e-01	2.498833219704330033e-01	1.497216083022984423e-01	7.168163389798688778e-02	2.925626412713143443e-02	7.434322534717159592e-02
1.133489561059432845e+03	2.592994974335078862e-01	1.654529678734432130e-01	2.500383268096441625e-01	1.498105125605974641e-01	7.171891893068890744e-02	2.928062285090262881e-02	7.439915354107282108e-02
1.134940892123529466e+03	2.590854080687304828e-01	1.653061900295141329e-01	2.501930601394251052e-01	1.498992576173395486e-01	7.175614249904974096e-02	2.930495196323748552e-02	7.445498968256057670e-02
1.136392223187626087e+03	2.588716853916933069e-01	1.651596582882077779e-01	2.503475224233096541e-01	1.499878437994631164e-01	7.179330470666596409e-02	2.932925146719960949e-02	7.451073392331762635e-02
1.137843554251722708e+03	2.586583287450935353e-01	1.650133722598497998e-01	2.505017141240460377e-01	1.500762714330673708e-01	7.183040565696036106e-02	2.935352136605086718e-02	7.456638641478917362e-02
1.139294885315819101e+03	2.584453374730871777e-01	1.648673315551409668e-01	2.506556357035981120e-01	1.501645408434152673e-01	7.186744545318220212e-02	2.937776166325018964e-02	7.462194730818322297e-02
1.140746216379915950e+03	2.582327109212836924e-01	1.647215357851592177e-01	2.508092876231470814e-01	1.502526523549364001e-01	7.190442419840750721e-02	2.940197236245234783e-02	7.467741675447087113e-02
1.142197547444012343e+03	2.580204484367398243e-01	1.645759845613621597e-01	2.509626703430924977e-01	1.503406062912299168e-01	7.194134199553935127e-02	2.942615346750675209e-02	7.473279490438662631e-02
1.143648878508108737e+03	2.578085493679540541e-01	1.644306774955890393e-01	2.511157843230535369e-01	1.504284029750672935e-01	7.197819894730815571e-02	2.945030498245626224e-02	7.478808190842871351e-02
1.145100209572205586e+03	2.575970130648609357e-01	1.642856142000630737e-01	2.512686300218703872e-01	1.505160427283953328e-01	7.201499515627195203e-02	2.947442691153598707e-02	7.484327791685943532e-02
1.146551540636302207e+03	2.573858388788251017e-01	1.641407942873933656e-01	2.514212078976055253e-01	1.506035258723388559e-01	7.205173072481668717e-02	2.949851925917209780e-02	7.489838307970547726e-02
1.148002871700398828e+03	2.571750261626359890e-01	1.639962173705771797e-01	2.515735184075449937e-01	1.506908527272036724e-01	7.208840575515648719e-02	2.952258202998066586e-02	7.495339754675817145e-02
1.149454202764495449e+03	2.569645742705021219e-01	1.638518830630018852e-01	2.517255620081996215e-01	1.507780236124792728e-01	7.212502034933392092e-02	2.954661522876646587e-02	7.500832146757387131e-02
1.150905533828591842e+03	2.567544825580453938e-01	1.637077909784470653e-01	2.518773391553064678e-01	1.508650388468416870e-01	7.216157460922033307e-02	2.957061886052181690e-02	7.506315499147424297e-02
1.152356864892688463e+03	2.565447503822959607e-01	1.635639407310864324e-01	2.520288503038301542e-01	1.509518987481563157e-01	7.219806863651606621e-02	2.959459293042542016e-02	7.511789826754661226e-02
1.153808195956785084e+03	2.563353771016864124e-01	1.634203319354899098e-01	2.521800959079638083e-01	1.510386036334806226e-01	7.223450253275078004e-02	2.961853744384120718e-02	7.517255144464426997e-02
1.155259527020881706e+03	2.561263620760463322e-01	1.632769642066254356e-01	2.523310764211306734e-01	1.511251538190669652e-01	7.227087639928370111e-02	2.964245240631717057e-02	7.522711467138672170e-02
1.156710858084978327e+03	2.559177046665972455e-01	1.631338371598609338e-01	2.524817922959852190e-01	1.512115496203652876e-01	7.230719033730392820e-02	2.966633782358423302e-02	7.528158809616010416e-02
1.158162189149074720e+03	2.557094042359469022e-01	1.629909504109662288e-01	2.526322439844145840e-01	1.512977913520259510e-01	7.234344444783069594e-02	2.969019370155510582e-02	7.533597186711744886e-02
1.159613520213171569e+03	2.555014601480841696e-01	1.628483035761148778e-01	2.527824319375396867e-01	1.513838793279024264e-01	7.237963883171365242e-02	2.971402004632314742e-02	7.539026613217900130e-02
1.161064851277267962e+03	2.552938717683737035e-01	1.627058962718860025e-01	2.529323566057164463e-01	1.514698138610539313e-01	7.241577358963312283e-02	2.973781686416122894e-02	7.544447103903254015e-02
1.162516182341364356e+03	2.550866384635507855e-01	1.625637281152659541e-01	2.530820184385373373e-01	1.515555952637482051e-01	7.245184882210040089e-02	2.976158416152062391e-02	7.549858673513369645e-02
1.163967513405461204e+03	2.548797596017158829e-01	1.624217987236502569e-01	2.532314178848324437e-01	1.516412238474642016e-01	7.248786462945799869e-02	2.978532194502988076e-02	7.555261336770624503e-02
1.165418844469557826e+03	2.546732345523297636e-01	1.622801077148453841e-01	2.533805553926707921e-01	1.517266999228948088e-01	7.252382111187997971e-02	2.980903022149371598e-02	7.560655108374246536e-02
1.166870175533654447e+03	2.544670626862083340e-01	1.621386547070702011e-01	2.535294314093615720e-01	1.518120237999494027e-01	7.255971836937216701e-02	2.983270899789189010e-02	7.566040003000337744e-02
1.168321506597751068e+03	2.542612433755173651e-01	1.619974393189579087e-01	2.536780463814554132e-01	1.518971957877565393e-01	7.259555650177243469e-02	2.985635828137812170e-02	7.571416035301914427e-02
1.169772837661847461e+03	2.540557759937676074e-01	1.618564611695575695e-01	2.538264007547457179e-01	1.519822161946666750e-01	7.263133560875098538e-02	2.987997807927898417e-02	7.576783219908933553e-02
1.171224168725944082e+03	2.538506599158097399e-01	1.617157198783358840e-01	2.539744949742698821e-01	1.520670853282547474e-01	7.266705578981066949e-02	2.990356839909280237e-02	7.582141571428323290e-02
1.172675499790040703e+03	2.536458945178292623e-01	1.615752150651785235e-01	2.541223294843105163e-01	1.521518034953227294e-01	7.270271714428713783e-02	2.992712924848859105e-02	7.587491104444019085e-02
1.174126830854137097e+03	2.534414791773417774e-01	1.614349463503920168e-01	2.542699047283968339e-01	1.522363710019023486e-01	7.273831977134923021e-02	2.995066063530495148e-02	7.592831833516985873e-02
1.175578161918233945e+03	2.532374132731878280e-01	1.612949133547050828e-01	2.544172211493057612e-01	1.523207881532575858e-01	7.277386376999918360e-02	2.997416256754900296e-02	7.598163773185259706e-02
1.177029492982330339e+03	2.530336961855282896e-01	1.611551156992703793e-01	2.545642791890631029e-01	1.524050552538873671e-01	7.280934923907292355e-02	2.999763505339531414e-02	7.603486937963971348e-02
1.178480824046426733e+03	2.528303272958392078e-01	1.610155530056657236e-01	2.547110792889450970e-01	1.524891726075280063e-01	7.284477627724034177e-02	3.002107810118482753e-02	7.608801342345383745e-02
1.179932155110523581e+03	2.526273059869073578e-01	1.608762248958957586e-01	2.548576218894794687e-01	1.525731405171558697e-01	7.288014498300553201e-02	3.004449171942380828e-02	7.614107000798915614e-02
1.181383486174620202e+03	2.524246316428252479e-01	1.607371309923934510e-01	2.550039074304467634e-01	1.526569592849898738e-01	7.291545545470705381e-02	3.006787591678277902e-02	7.619403927771178919e-02
1.182834817238716823e+03	2.522223036489862902e-01	1.605982709180213963e-01	2.551499363508815121e-01	1.527406292124940668e-01	7.295070779051827936e-02	3.009123070209548598e-02	7.624692137686005233e-02
1.184286148302813444e+03	2.520203213920801377e-01	1.604596442960732616e-01	2.552957090890733416e-01	1.528241506003800709e-01	7.298590208844754623e-02	3.011455608435783735e-02	7.629971644944480436e-02
1.185737479366910065e+03	2.518186842600882436e-01	1.603212507502752293e-01	2.554412260825686953e-01	1.529075237486096639e-01	7.302103844633853202e-02	3.013785207272686936e-02	7.635242463924973855e-02
1.187188810431006686e+03	2.516173916422790868e-01	1.601830899047871903e-01	2.555864877681715552e-01	1.529907489563973044e-01	7.305611696187042092e-02	3.016111867651970202e-02	7.640504608983167412e-02
1.188640141495103080e+03	2.514164429292033431e-01	1.600451613842043541e-01	2.557314945819449403e-01	1.530738265222125749e-01	7.309113773255825064e-02	3.018435590521252945e-02	7.645758094452091702e-02
1.190091472559199701e+03	2.512158375126894994e-01	1.599074648135583032e-01	2.558762469592121835e-01	1.531567567437826516e-01	7.312610085575314833e-02	3.020756376843957217e-02	7.651002934642152364e-02
1.191542803623296322e+03	2.510155747858393571e-01	1.597699998183184644e-01	2.560207453345579309e-01	1.532395399180948581e-01	7.316100642864256653e-02	3.023074227599206742e-02	7.656239143841163386e-02
1.192994134687392716e+03	2.508156541430233699e-01	1.596327660243932189e-01	2.561649901418296404e-01	1.533221763413990524e-01	7.319585454825060233e-02	3.025389143781725618e-02	7.661466736314373471e-02
1.194445465751489564e+03	2.506160749798763132e-01	1.594957630581312902e-01	2.563089818141385812e-01	1.534046663092100693e-01	7.323064531143819167e-02	3.027701126401736997e-02	7.666685726304502124e-02
1.195896796815585958e+03	2.504168366932926770e-01	1.593589905463228817e-01	2.564527207838612766e-01	1.534870101163101630e-01	7.326537881490345627e-02	3.030010176484861095e-02	7.671896128031770179e-02
1.197348127879682352e+03	2.502179386814222806e-01	1.592224481162008709e-01	2.565962074826407813e-01	1.535692080567515327e-01	7.330005515518188408e-02	3.032316295072018733e-02	7.677097955693927556e-02
1.198799458943779200e+03	2.500193803436658313e-01	1.590861353954421131e-01	2.567394423413874582e-01	1.536512604238585988e-01	7.333467442864667618e-02	3.034619483219327257e-02	7.682291223466281016e-02
1.200250790007875821e+03	2.498211610806707617e-01	1.589500520121684690e-01	2.568824257902807551e-01	1.537331675102305006e-01	7.336923673150891334e-02	3.036919741998005129e-02	7.687475945501734409e-02
1.201702121071972442e+03	2.496232802943266216e-01	1.588141975949479701e-01	2.570251582587700367e-01	1.538149296077434280e-01	7.340374215981790296e-02	3.039217072494271310e-02	7.692652135930810875e-02
1.203153452136069063e+03	2.494257373877609429e-01	1.586785717727959566e-01	2.571676401755760288e-01	1.538965470075530639e-01	7.343819080946137334e-02	3.041511475809247772e-02	7.697819808861688928e-02
1.204604783200165684e+03	2.492285317653349097e-01	1.585431741751762158e-01	2.573098719686919833e-01	1.539780200000969712e-01	7.347258277616580679e-02	3.043802953058861657e-02	7.702978978380227437e-02
1.206056114264262078e+03	2.490316628326390558e-01	1.584080044320019531e-01	2.574518540653847887e-01	1.540593488750968687e-01	7.350691815549662000e-02	3.046091505373748134e-02	7.708129658549998930e-02
1.207507445328358699e+03	2.488351299964891572e-01	1.582730621736369581e-01	2.575935868921964134e-01	1.541405339215610182e-01	7.354119704285846937e-02	3.048377133899154295e-02	7.713271863412325680e-02
1.208958776392455093e+03	2.486389326649219023e-01	1.581383470308965478e-01	2.577350708749448494e-01	1.542215754277866391e-01	7.357541953349552855e-02	3.050659839794841663e-02	7.718405606986297740e-02
1.210410107456551941e+03	2.484430702471908392e-01	1.580038586350486218e-01	2.578763064387254444e-01	1.543024736813621567e-01	7.360958572249168275e-02	3.052939624234991128e-02	7.723530903268814585e-02
1.211861438520648335e+03	2.482475421537621851e-01	1.578695966178146615e-01	2.580172940079121791e-01	1.543832289691696447e-01	7.364369570477086180e-02	3.055216488408108583e-02	7.728647766234612859e-02
1.213312769584745183e+03	2.480523477963106904e-01	1.577355606113708120e-01	2.581580340061588874e-01	1.544638415773868789e-01	7.367774957509723444e-02	3.057490433516928119e-02	7.733756209836291362e-02
1.214764100648841804e+03	2.478574865877156141e-01	1.576017502483486599e-01	2.582985268564003123e-01	1.545443117914899467e-01	7.371174742807554137e-02	3.059761460778319397e-02	7.738856248004347127e-02
1.216215431712937971e+03	2.476629579420566163e-01	1.574681651618362044e-01	2.584387729808533818e-01	1.546246398962553836e-01	7.374568935815123405e-02	3.062029571423192931e-02	7.743947894647203178e-02
1.217666762777034819e+03	2.474687612746097332e-01	1.573348049853788844e-01	2.585787728010183750e-01	1.547048261757624499e-01	7.377957545961086328e-02	3.064294766696406061e-02	7.749031163651243226e-02
1.219118093841131440e+03	2.472748960018433806e-01	1.572016693529804388e-01	2.587185267376803099e-01	1.547848709133954059e-01	7.381340582658227345e-02	3.066557047856671714e-02	7.754106068880833869e-02
1.220569424905228061e+03	2.470813615414143849e-01	1.570687578991036559e-01	2.588580352109098870e-01	1.548647743918458441e-01	7.384718055303482465e-02	3.068816416176464723e-02	7.759172624178359290e-02
1.222020755969324682e+03	2.468881573121640138e-01	1.569360702586715117e-01	2.589972986400649324e-01	1.549445368931148259e-01	7.388089973277968403e-02	3.071072872941928850e-02	7.764230843364257340e-02
1.223472087033421303e+03	2.466952827341140908e-01	1.568036060670677523e-01	2.591363174437912864e-01	1.550241586985153242e-01	7.391456345947014506e-02	3.073326419452787617e-02	7.769280740237036187e-02
1.224923418097517697e+03	2.465027372284629981e-01	1.566713649601379488e-01	2.592750920400243020e-01	1.551036400886741662e-01	7.394817182660175237e-02	3.075577057022249941e-02	7.774322328573317342e-02
1.226374749161614318e+03	2.463105202175819020e-01	1.565393465741900803e-01	2.594136228459897886e-01	1.551829813435345873e-01	7.398172492751266260e-02	3.077824786976922355e-02	7.779355622127857861e-02
1.227826080225710712e+03	2.461186311250108671e-01	1.564075505459954496e-01	2.595519102782055110e-01	1.552621827423581180e-01	7.401522285538383872e-02	3.080069610656718110e-02	7.784380634633586427e-02
1.229277411289807560e+03	2.459270693754549986e-01	1.562759765127895162e-01	2.596899547524819662e-01	1.553412445637270267e-01	7.404866570323934138e-02	3.082311529414765230e-02	7.789397379801625554e-02
1.230728742353903954e+03	2.457358343947806667e-01	1.561446241122725342e-01	2.598277566839240493e-01	1.554201670855464290e-01	7.408205356394656493e-02	3.084550544617318743e-02	7.794405871321330448e-02
1.232180073418000802e+03	2.455449256100117605e-01	1.560134929826104411e-01	2.599653164869317190e-01	1.554989505850465081e-01	7.411538653021647327e-02	3.086786657643672549e-02	7.799406122860313983e-02
1.233631404482097196e+03	2.453543424493258296e-01	1.558825827624354121e-01	2.601026345752016633e-01	1.555775953387845689e-01	7.414866469460389131e-02	3.089019869886069219e-02	7.804398148064474461e-02
1.235082735546193817e+03	2.451640843420505311e-01	1.557518930908466936e-01	2.602397113617281321e-01	1.556561016226473693e-01	7.418188814950774090e-02	3.091250182749612566e-02	7.809381960558033076e-02
1.236534066610290438e+03	2.449741507186596612e-01	1.556214236074112689e-01	2.603765472588041585e-01	1.557344697118531740e-01	7.421505698717126287e-02	3.093477597652180208e-02	7.814357573943553348e-02
1.237985397674387059e+03	2.447845410107697406e-01	1.554911739521645520e-01	2.605131426780230575e-01	1.558126998809539754e-01	7.424817129968233620e-02	3.095702116024336148e-02	7.819325001801982755e-02
1.239436728738483680e+03	2.445952546511362957e-01	1.553611437656110261e-01	2.606494980302791475e-01	1.558907924038375470e-01	7.428123117897365846e-02	3.097923739309244376e-02	7.824284257692673550e-02
1.240888059802580301e+03	2.444062910736500283e-01	1.552313326887248823e-01	2.607856137257693052e-01	1.559687475537296364e-01	7.431423671682303722e-02	3.100142468962581443e-02	7.829235355153418841e-02
1.242339390866676695e+03	2.442176497133334567e-01	1.551017403629506575e-01	2.609214901739938530e-01	1.560465656031960469e-01	7.434718800485359824e-02	3.102358306452451114e-02	7.834178307700476185e-02
1.243790721930773088e+03	2.440293300063371695e-01	1.549723664302039283e-01	2.610571277837579474e-01	1.561242468241448300e-01	7.438008513453411852e-02	3.104571253259299363e-02	7.839113128828603672e-02
1.245242052994869937e+03	2.438413313899363000e-01	1.548432105328717001e-01	2.611925269631725222e-01	1.562017914878282288e-01	7.441292819717920670e-02	3.106781310875827984e-02	7.844039832011083513e-02
1.246693384058966330e+03	2.436536533025269458e-01	1.547142723138132947e-01	2.613276881196556212e-01	1.562791998648448977e-01	7.444571728394956678e-02	3.108988480806912022e-02	7.848958430699755351e-02
1.248144715123063179e+03	2.434662951836227274e-01	1.545855514163606559e-01	2.614626116599336747e-01	1.563564722251420125e-01	7.447845248585226174e-02	3.111192764569513380e-02	7.853868938325049565e-02
1.249596046187159800e+03	2.432792564738512631e-01	1.544570474843190433e-01	2.615972979900423878e-01	1.564336088380173240e-01	7.451113389374093565e-02	3.113394163692597555e-02	7.858771368296008086e-02
1.251047377251256421e+03	2.430925366149505884e-01	1.543287601619675875e-01	2.617317475153279616e-01	1.565106099721210731e-01	7.454376159831609117e-02	3.115592679717051061e-02	7.863665734000320484e-02
1.252498708315352815e+03	2.429061350497658534e-01	1.542006890940596786e-01	2.618659606404484252e-01	1.565874758954582668e-01	7.457633569012533936e-02	3.117788314195597474e-02	7.868552048804350330e-02
1.253950039379449436e+03	2.427200512222457696e-01	1.540728339258236324e-01	2.619999377693745801e-01	1.566642068753905659e-01	7.460885625956360789e-02	3.119981068692714854e-02	7.873430326053171280e-02
1.255401370443546057e+03	2.425342845774391964e-01	1.539451943029631620e-01	2.621336793053913872e-01	1.567408031786384492e-01	7.464132339687340467e-02	3.122170944784554564e-02	7.878300579070586507e-02
1.256852701507642678e+03	2.423488345614918382e-01	1.538177698716577946e-01	2.622671856510988553e-01	1.568172650712831573e-01	7.467373719214510930e-02	3.124357944058858347e-02	7.883162821159164779e-02
1.258304032571739299e+03	2.421637006216428023e-01	1.536905602785633707e-01	2.624004572084133735e-01	1.568935928187687456e-01	7.470609773531719511e-02	3.126542068114877143e-02	7.888017065600269606e-02
1.259755363635835920e+03	2.419788822062212408e-01	1.535635651708125438e-01	2.625334943785689878e-01	1.569697866859041113e-01	7.473840511617640958e-02	3.128723318563290945e-02	7.892863325654085604e-02
1.261206694699932314e+03	2.417943787646429921e-01	1.534367841960151135e-01	2.626662975621180673e-01	1.570458469368649912e-01	7.477065942435812129e-02	3.130901697026126917e-02	7.897701614559653194e-02
1.262658025764028707e+03	2.416101897474073612e-01	1.533102170022586364e-01	2.627988671589329694e-01	1.571217738351959603e-01	7.480286074934650031e-02	3.133077205136679949e-02	7.902531945534890800e-02
1.264109356828125556e+03	2.414263146060937337e-01	1.531838632381086474e-01	2.629312035682068172e-01	1.571975676438123748e-01	7.483500918047482353e-02	3.135249844539431813e-02	7.907354331776633716e-02
1.265560687892221949e+03	2.412427527933583560e-01	1.530577225526092433e-01	2.630633071884549978e-01	1.572732286250024814e-01	7.486710480692562730e-02	3.137419616889974838e-02	7.912168786460652137e-02
1.267012018956318798e+03	2.410595037629311155e-01	1.529317945952833602e-01	2.631951784175160514e-01	1.573487570404292490e-01	7.489914771773104052e-02	3.139586523854929340e-02	7.916975322741690024e-02
1.268463350020415419e+03	2.408765669696121547e-01	1.528060790161331894e-01	2.633268176525526694e-01	1.574241531511323955e-01	7.493113800177297890e-02	3.141750567111866593e-02	7.921773953753491471e-02
1.269914681084511813e+03	2.406939418692687904e-01	1.526805754656405389e-01	2.634582252900533605e-01	1.574994172175303575e-01	7.496307574778338090e-02	3.143911748349231122e-02	7.926564692608825680e-02
1.271366012148608434e+03	2.405116279188323491e-01	1.525552835947671382e-01	2.635894017258329503e-01	1.575745494994221785e-01	7.499496104434454080e-02	3.146070069266261593e-02	7.931347552399521661e-02
1.272817343212705055e+03	2.403296245762948646e-01	1.524302030549550824e-01	2.637203473550341348e-01	1.576495502559896178e-01	7.502679397988921972e-02	3.148225531572913793e-02	7.936122546196495986e-02
1.274268674276801676e+03	2.401479313007059413e-01	1.523053334981270546e-01	2.638510625721285363e-01	1.577244197457987884e-01	7.505857464270100643e-02	3.150378136989783612e-02	7.940889687049780543e-02
1.275720005340898297e+03	2.399665475521697844e-01	1.521806745766867419e-01	2.639815477709177016e-01	1.577991582268023774e-01	7.509030312091448389e-02	3.152527887248032790e-02	7.945648987988554457e-02
1.277171336404994690e+03	2.397854727918418138e-01	1.520562259435190577e-01	2.641118033445343793e-01	1.578737659563413664e-01	7.512197950251547907e-02	3.154674784089307737e-02	7.950400462021169068e-02
1.278622667469091539e+03	2.396047064819257777e-01	1.519319872519905579e-01	2.642418296854436299e-01	1.579482431911470586e-01	7.515360387534135433e-02	3.156818829265667370e-02	7.955144122135181239e-02
1.280073998533187932e+03	2.394242480856705324e-01	1.518079581559494962e-01	2.643716271854437694e-01	1.580225901873429095e-01	7.518517632708120180e-02	3.158960024539506778e-02	7.959879981297381113e-02
1.281525329597284326e+03	2.392440970673670730e-01	1.516841383097263796e-01	2.645011962356678681e-01	1.580968072004463876e-01	7.521669694527610694e-02	3.161098371683481595e-02	7.964608052453818476e-02
1.282976660661381175e+03	2.390642528923454246e-01	1.515605273681339960e-01	2.646305372265843614e-01	1.581708944853709720e-01	7.524816581731935683e-02	3.163233872480432363e-02	7.969328348529836070e-02
1.284427991725477568e+03	2.388847150269716446e-01	1.514371249864677471e-01	2.647596505479986040e-01	1.582448522964279569e-01	7.527958303045675925e-02	3.165366528723313061e-02	7.974040882430094568e-02
1.285879322789574417e+03	2.387054829386447696e-01	1.513139308205059541e-01	2.648885365890537580e-01	1.583186808873283391e-01	7.531094867178680929e-02	3.167496342215112698e-02	7.978745667038607270e-02
1.287330653853671038e+03	2.385265560957938735e-01	1.511909445265099405e-01	2.650171957382320143e-01	1.583923805111846494e-01	7.534226282826092524e-02	3.169623314768786615e-02	7.983442715218762309e-02
1.288781984917767431e+03	2.383479339678750142e-01	1.510681657612243933e-01	2.651456283833557026e-01	1.584659514205128128e-01	7.537352558668372615e-02	3.171747448207178771e-02	7.988132039813354568e-02
1.290233315981864052e+03	2.381696160253683747e-01	1.509455941818773905e-01	2.652738349115882355e-01	1.585393938672340075e-01	7.540473703371326775e-02	3.173868744362952354e-02	7.992813653644614824e-02
