1.301360187473271253e+03	2.359613284189089333e-01	1.507308966133552586e-01	2.608945428428812163e-01	1.616171103169625478e-01	7.625660913335351176e-02	3.213635398615460187e-02	8.240315868824014955e-02
1.306197957686926657e+03	2.353789482459804627e-01	1.503274657690679417e-01	2.612750891274188136e-01	1.618789187115988182e-01	7.636391234621187074e-02	3.220837536145784025e-02	8.256729043812047197e-02
1.311035727900581833e+03	2.347999292503429036e-01	1.499262404532825110e-01	2.616533536067575105e-01	1.621392288282738903e-01	7.647066707846811306e-02	3.228008369071552752e-02	8.273049709201577007e-02
1.315873498114237009e+03	2.342242510150909507e-01	1.495272094088831993e-01	2.620293513302128785e-01	1.623980489505744140e-01	7.657687607396775065e-02	3.235147972739066402e-02	8.289278349373635502e-02
1.320711268327892412e+03	2.336518932650641367e-01	1.491303614211436923e-01	2.624030972289811969e-01	1.626553873217677637e-01	7.668254206084945679e-02	3.242256423365458273e-02	8.305415446839536919e-02
1.325549038541547588e+03	2.330828358655645527e-01	1.487356853178719573e-01	2.627746061172772096e-01	1.629112521449154749e-01	7.678766775173302694e-02	3.249333798013739200e-02	8.321461482235655016e-02
1.330386808755202765e+03	2.325170588210907774e-01	1.483431699695471895e-01	2.631438926934600020e-01	1.631656515829870147e-01	7.689225584390232959e-02	3.256380174568362235e-02	8.337416934318526984e-02
1.335224578968857941e+03	2.319545422740876550e-01	1.479528042894491802e-01	2.635109715411465547e-01	1.634185937589738014e-01	7.699630901948330275e-02	3.263395631711300121e-02	8.353282279960261292e-02
1.340062349182513572e+03	2.313952665037117273e-01	1.475645772337800532e-01	2.638758571303141398e-01	1.636700867560041683e-01	7.709982994561724590e-02	3.270380248898615422e-02	8.369057994144253609e-02
1.344900119396168748e+03	2.308392119246117646e-01	1.471784778017784789e-01	2.642385638183907259e-01	1.639201386174584107e-01	7.720282127462950450e-02	3.277334106337523312e-02	8.384744549961194171e-02
1.349737889609823924e+03	2.302863590857246179e-01	1.467944950358270328e-01	2.645991058513333383e-01	1.641687573470845263e-01	7.730528564419374138e-02	3.284257284963924828e-02	8.400342418605356853e-02
1.354575659823479100e+03	2.297366886690858090e-01	1.464126180215522266e-01	2.649574973646955933e-01	1.644159509091146498e-01	7.740722567749190597e-02	3.291149866420405024e-02	8.415852069371176913e-02
1.359413430037134731e+03	2.291901814886548594e-01	1.460328358879178501e-01	2.653137523846835766e-01	1.646617272283817102e-01	7.750864398337010963e-02	3.298011933034695337e-02	8.431273969650096567e-02
1.364251200250789907e+03	2.286468184891547739e-01	1.456551378073114578e-01	2.656678848292001183e-01	1.649060941904369748e-01	7.760954315649036539e-02	3.304843567798568943e-02	8.446608584927668695e-02
1.369088970464445310e+03	2.281065807449258742e-01	1.452795129956243880e-01	2.660199085088781334e-01	1.651490596416679557e-01	7.770992577747859453e-02	3.311644854347179506e-02	8.461856378780932553e-02
1.373926740678100487e+03	2.275694494587936489e-01	1.449059507123252599e-01	2.663698371281028043e-01	1.653906313894170088e-01	7.780979441306881683e-02	3.318415876938822506e-02	8.477017812876030955e-02
1.378764510891755890e+03	2.270354059609499819e-01	1.445344402605273637e-01	2.667176842860226049e-01	1.656308172021005165e-01	7.790915161624371865e-02	3.325156720435114288e-02	8.492093346966077261e-02
1.383602281105411066e+03	2.265044317078482028e-01	1.441649709870496676e-01	2.670634634775495564e-01	1.658696248093285697e-01	7.800799992637170999e-02	3.331867470281575649e-02	8.507083438889254112e-02
1.388440051319066470e+03	2.259765082811114878e-01	1.437975322824721902e-01	2.674071880943485469e-01	1.661070619020253991e-01	7.810634186934059531e-02	3.338548212488619271e-02	8.521988544567160595e-02
1.393277821532721646e+03	2.254516173864538620e-01	1.434321135811852110e-01	2.677488714258158820e-01	1.663431361325501956e-01	7.820417995768791375e-02	3.345199033612922951e-02	8.536809118003370334e-02
1.398115591746377049e+03	2.249297408526147457e-01	1.430687043614329856e-01	2.680885266600472328e-01	1.665778551148187347e-01	7.830151669072821230e-02	3.351820020739187250e-02	8.551545611282221349e-02
1.402953361960032225e+03	2.244108606303056586e-01	1.427072941453516597e-01	2.684261668847953142e-01	1.668112264244254739e-01	7.839835455467714098e-02	3.358411261462262293e-02	8.566198474567816856e-02
1.407791132173687402e+03	2.238949587911697181e-01	1.423478724990019650e-01	2.687618050884166832e-01	1.670432575987662593e-01	7.849469602277261981e-02	3.364972843869646485e-02	8.580768156103241173e-02
1.412628902387342805e+03	2.233820175267533237e-01	1.419904290323964757e-01	2.690954541608083228e-01	1.672739561371616723e-01	7.859054355539311920e-02	3.371504856524335653e-02	8.595255102209978237e-02
1.417466672600997981e+03	2.228720191474899692e-01	1.416349533995217846e-01	2.694271268943346787e-01	1.675033295009808187e-01	7.868589960017320639e-02	3.378007388448029530e-02	8.609659757287532744e-02
1.422304442814653157e+03	2.223649460816959911e-01	1.412814352983554067e-01	2.697568359847433705e-01	1.677313851137658685e-01	7.878076659211630250e-02	3.384480529104676172e-02	8.623982563813240021e-02
1.427142213028308333e+03	2.218607808745780563e-01	1.409298644708778525e-01	2.700845940320718563e-01	1.679581303613570664e-01	7.887514695370491380e-02	3.390924368384352211e-02	8.638223962342278517e-02
1.431979983241963964e+03	2.213595061872521974e-01	1.405802307030800113e-01	2.704104135415438259e-01	1.681835725920183267e-01	7.896904309500836494e-02	3.397338996587476179e-02	8.652384391507859929e-02
1.436817753455619140e+03	2.208611047957743101e-01	1.402325238249654271e-01	2.707343069244556588e-01	1.684077191165633813e-01	7.906245741378799263e-02	3.403724504409333385e-02	8.666464288021595574e-02
1.441655523669274316e+03	2.203655595901817810e-01	1.398867337105483832e-01	2.710562864990535004e-01	1.686305772084824572e-01	7.915539229560007717e-02	3.410080982924926923e-02	8.680464086674061219e-02
1.446493293882929493e+03	2.198728535735461065e-01	1.395428502778473245e-01	2.713763644914002904e-01	1.688521541040695073e-01	7.924785011389647027e-02	3.416408523574131911e-02	8.694384220335504843e-02
1.451331064096585123e+03	2.193829698610366419e-01	1.392008634888738661e-01	2.716945530362336880e-01	1.690724570025499973e-01	7.933983323012296085e-02	3.422707218147148789e-02	8.708225119956748694e-02
1.456168834310240300e+03	2.188958916789948139e-01	1.388607633496174443e-01	2.720108641778142822e-01	1.692914930662091366e-01	7.943134399381553135e-02	3.428977158770257078e-02	8.721987214570235680e-02
1.461006604523895703e+03	2.184116023640189641e-01	1.385225399100260546e-01	2.723253098707646425e-01	1.695092694205206363e-01	7.952238474269467117e-02	3.435218437891857102e-02	8.735670931291258934e-02
1.465844374737550879e+03	2.179300853620597112e-01	1.381861832639826870e-01	2.726379019808991555e-01	1.697257931542761056e-01	7.961295780275742806e-02	3.441431148268792040e-02	8.749276695319319064e-02
1.470682144951206283e+03	2.174513242275253333e-01	1.378516835492778481e-01	2.729486522860444242e-01	1.699410713197146705e-01	7.970306548836780802e-02	3.447615382952955165e-02	8.762804929939661813e-02
1.475519915164861459e+03	2.169753026223974479e-01	1.375190309475782802e-01	2.732575724768512293e-01	1.701551109326532307e-01	7.979271010234503803e-02	3.453771235278160073e-02	8.776256056524942006e-02
1.480357685378516862e+03	2.165020043153565443e-01	1.371882156843918510e-01	2.735646741575970542e-01	1.703679189726171883e-01	7.988189393605027444e-02	3.459898798847285684e-02	8.789630494537047090e-02
1.485195455592172038e+03	2.160314131809172589e-01	1.368592280290287233e-01	2.738699688469801163e-01	1.705795023829715096e-01	7.997061926947129917e-02	3.465998167519674517e-02	8.802928661529059451e-02
1.490033225805827215e+03	2.155635131985733921e-01	1.365320582945589445e-01	2.741734679789044060e-01	1.707898680710523420e-01	8.005888837130571700e-02	3.472069435398793952e-02	8.816150973147349190e-02
1.494870996019482618e+03	2.150982884519524463e-01	1.362066968377666776e-01	2.744751829032562318e-01	1.709990229082989643e-01	8.014670349904240432e-02	3.478112696820144512e-02	8.829297843133815382e-02
1.499708766233137567e+03	2.146357231279793498e-01	1.358831340591007408e-01	2.747751248866722174e-01	1.712069737303861527e-01	8.023406689904136191e-02	3.484128046339413087e-02	8.842369683328241137e-02
1.504546536446793198e+03	2.141758015160496742e-01	1.355613604026221497e-01	2.750733051132988605e-01	1.714137273373569359e-01	8.032098080661212447e-02	3.490115578720868333e-02	8.855366903670792988e-02
1.509384306660448374e+03	2.137185080072117604e-01	1.352413663559481893e-01	2.753697346855437100e-01	1.716192904937558772e-01	8.040744744609053252e-02	3.496075388925992677e-02	8.868289912204641023e-02
1.514222076874103550e+03	2.132638270933578106e-01	1.349231424501933230e-01	2.756644246248183272e-01	1.718236699287624958e-01	8.049346903091417205e-02	3.502007572102341926e-02	8.881139115078691415e-02
1.519059847087758726e+03	2.128117433664239166e-01	1.346066792599072692e-01	2.759573858722729756e-01	1.720268723363251040e-01	8.057904776369637090e-02	3.507912223572635241e-02	8.893914916550449412e-02
1.523897617301414357e+03	2.123622415175987765e-01	1.342919674030097210e-01	2.762486292895235951e-01	1.722289043752950610e-01	8.066418583629880734e-02	3.513789438824067163e-02	8.906617718988990573e-02
1.528735387515069533e+03	2.119153063365408485e-01	1.339789975407225386e-01	2.765381656593700610e-01	1.724297726695613042e-01	8.074888542990288354e-02	3.519639313497833349e-02	8.919247922878054124e-02
1.533573157728724709e+03	2.114709227106041090e-01	1.336677603774988343e-01	2.768260056865076146e-01	1.726294838081852134e-01	8.083314871507975286e-02	3.525461943378870727e-02	8.931805926819233465e-02
1.538410927942380113e+03	2.110290756240720822e-01	1.333582466609493367e-01	2.771121599982293016e-01	1.728280443455356696e-01	8.091697785185915370e-02	3.531257424385812055e-02	8.944292127535286019e-02
1.543248698156035516e+03	2.105897501574001407e-01	1.330504471817661183e-01	2.773966391451218594e-01	1.730254608014246132e-01	8.100037498979706374e-02	3.537025852561137551e-02	8.956706919873543005e-02
1.548086468369690692e+03	2.101529314864657438e-01	1.327443527736436868e-01	2.776794536017530013e-01	1.732217396612425464e-01	8.108334226804213285e-02	3.542767324061533996e-02	8.969050696809417744e-02
1.552924238583346096e+03	2.097186048818268922e-01	1.324399543131976609e-01	2.779606137673518163e-01	1.734168873760945362e-01	8.116588181540110303e-02	3.548481935148446037e-02	8.981323849450016661e-02
1.557762008797001272e+03	2.092867557079881591e-01	1.321372427198805322e-01	2.782401299664816197e-01	1.736109103629364936e-01	8.124799575040302091e-02	3.554169782178826648e-02	8.993526767037852976e-02
1.562599779010656675e+03	2.088573694226748267e-01	1.318362089558957062e-01	2.785180124497050880e-01	1.738038150047113983e-01	8.132968618136249273e-02	3.559830961596066601e-02	9.005659836954642283e-02
1.567437549224311852e+03	2.084304315761143500e-01	1.315368440261085459e-01	2.787942713942425654e-01	1.739956076504860782e-01	8.141095520644187067e-02	3.565465569921122402e-02	9.017723444725202209e-02
1.572275319437967255e+03	2.080059278103254528e-01	1.312391389779554718e-01	2.790689169046228768e-01	1.741862946155879055e-01	8.149180491371250945e-02	3.571073703743817690e-02	9.029717974021431171e-02
1.577113089651622431e+03	2.075838438584147738e-01	1.309430849013508702e-01	2.793419590133273123e-01	1.743758821817417426e-01	8.157223738121496814e-02	3.576655459714327828e-02	9.041643806666381511e-02
1.581950859865277607e+03	2.071641655438807017e-01	1.306486729285916415e-01	2.796134076814262293e-01	1.745643765972072770e-01	8.165225467701837936e-02	3.582210934534834496e-02	9.053501322638415894e-02
1.586788630078933011e+03	2.067468787799244812e-01	1.303558942342600002e-01	2.798832727992092151e-01	1.747517840769161890e-01	8.173185885927884697e-02	3.587740224951357221e-02	9.065290900075448355e-02
1.591626400292587959e+03	2.063319695687684530e-01	1.300647400351236938e-01	2.801515641868078665e-01	1.749381108026096532e-01	8.181105197629708059e-02	3.593243427745751450e-02	9.077012915279257521e-02
1.596464170506243590e+03	2.059194240009812604e-01	1.297752015900349720e-01	2.804182915948120192e-01	1.751233629229759503e-01	8.188983606657501690e-02	3.598720639727873150e-02	9.088667742719888643e-02
1.601301940719898766e+03	2.055092282548100502e-01	1.294872701998269482e-01	2.806834647048795373e-01	1.753075465537881350e-01	8.196821315887181658e-02	3.604171957727903691e-02	9.100255755040129180e-02
1.606139710933553943e+03	2.051013685955194732e-01	1.292009372072086271e-01	2.809470931303392205e-01	1.754906677780418700e-01	8.204618527225887581e-02	3.609597478588832953e-02	9.111777323060044065e-02
1.610977481147209119e+03	2.046958313747374025e-01	1.289161939966577131e-01	2.812091864167869937e-01	1.756727326460933436e-01	8.212375441617422722e-02	3.614997299159101313e-02	9.123232815781610883e-02
1.615815251360864750e+03	2.042926030298073403e-01	1.286330319943120859e-01	2.814697540426761568e-01	1.758537471757972148e-01	8.220092259047612204e-02	3.620371516285394997e-02	9.134622600393399461e-02
1.620653021574519926e+03	2.038916700831473194e-01	1.283514426678593057e-01	2.817288054199005853e-01	1.760337173526446419e-01	8.227769178549582119e-02	3.625720226805588531e-02	9.145947042275337502e-02
1.625490791788175102e+03	2.034930191416152445e-01	1.280714175264243970e-01	2.819863498943724900e-01	1.762126491299013942e-01	8.235406398208984513e-02	3.631043527541834987e-02	9.157206505003527564e-02
1.630328562001830505e+03	2.030966368958807833e-01	1.277929481204563844e-01	2.822423967465930161e-01	1.763905484287459913e-01	8.243004115169136337e-02	3.636341515293804033e-02	9.168401350355140367e-02
1.635166332215485909e+03	2.027025101198032808e-01	1.275160260416130231e-01	2.824969551922175137e-01	1.765674211384078707e-01	8.250562525636108424e-02	3.641614286832058761e-02	9.179531938313363615e-02
1.640004102429141085e+03	2.023106256698160854e-01	1.272406429226440594e-01	2.827500343826140905e-01	1.767432731163055548e-01	8.258081824883738153e-02	3.646861938891571980e-02	9.190598627072416038e-02
1.644841872642796488e+03	2.019209704843168696e-01	1.269667904372731027e-01	2.830016434054164476e-01	1.769181101881847906e-01	8.265562207258581040e-02	3.652084568165382683e-02	9.201601773042616950e-02
1.649679642856451665e+03	2.015335315830640850e-01	1.266944603000781100e-01	2.832517912850708863e-01	1.770919381482568555e-01	8.273003866184816535e-02	3.657282271298378795e-02	9.212541730855512701e-02
1.654517413070107068e+03	2.011482960665792186e-01	1.264236442663704552e-01	2.835004869833773200e-01	1.772647627593365582e-01	8.280406994169066393e-02	3.662455144881220093e-02	9.223418853369061421e-02
1.659355183283762244e+03	2.007652511155551267e-01	1.261543341320727207e-01	2.837477394000242903e-01	1.774365897529804059e-01	8.287771782805182508e-02	3.667603285444383937e-02	9.234233491672876049e-02
1.664192953497417420e+03	2.003843839902699764e-01	1.258865217335952968e-01	2.839935573731187657e-01	1.776074248296247438e-01	8.295098422778972302e-02	3.672726789452342155e-02	9.244985995093504827e-02
1.669030723711072824e+03	2.000056820300069316e-01	1.256201989477115644e-01	2.842379496797098337e-01	1.777772736587237279e-01	8.302387103872860274e-02	3.677825753297858657e-02	9.255676711199777029e-02
1.673868493924728000e+03	1.996291326524796961e-01	1.253553576914321899e-01	2.844809250363067310e-01	1.779461418788873261e-01	8.309638014970507913e-02	3.682900273296411953e-02	9.266305985808191703e-02
1.678706264138383403e+03	1.992547233532633022e-01	1.250919899218779496e-01	2.847224920993920438e-01	1.781140350980191245e-01	8.316851344061376716e-02	3.687950445680733547e-02	9.276874162988350825e-02
1.683544034352038352e+03	1.988824417052306448e-01	1.248300876361517209e-01	2.849626594659288026e-01	1.782809588934542444e-01	8.324027278245246797e-02	3.692976366595467769e-02	9.287381585068450740e-02
1.688381804565693983e+03	1.985122753579941779e-01	1.245696428712092518e-01	2.852014356738623579e-01	1.784469188120970384e-01	8.331166003736681369e-02	3.697978132091946785e-02	9.297828592640801360e-02
1.693219574779349159e+03	1.981442120373532734e-01	1.243106477037290436e-01	2.854388292026169283e-01	1.786119203705586189e-01	8.338267705869450985e-02	3.702955838123075938e-02	9.308215524567399479e-02
1.698057344993004335e+03	1.977782395447467145e-01	1.240530942499811079e-01	2.856748484735871507e-01	1.787759690552943592e-01	8.345332569100906428e-02	3.707909580538332195e-02	9.318542717985545121e-02
1.702895115206659511e+03	1.974143457567101856e-01	1.237969746656948922e-01	2.859095018506240260e-01	1.789390703227413115e-01	8.352360777016312743e-02	3.712839455078871531e-02	9.328810508313485628e-02
1.707732885420315142e+03	1.970525186243393956e-01	1.235422811459262749e-01	2.861427976405161444e-01	1.791012295994554304e-01	8.359352512333134699e-02	3.717745557372744564e-02	9.339019229256113885e-02
1.712570655633970318e+03	1.966927461727577264e-01	1.232890059249235892e-01	2.863747440934654165e-01	1.792624522822485744e-01	8.366307956905286169e-02	3.722627982930212798e-02	9.349169212810692908e-02
1.717408425847625494e+03	1.963350165005892656e-01	1.230371412759929395e-01	2.866053494035580851e-01	1.794227437383255908e-01	8.373227291727332322e-02	3.727486827139175896e-02	9.359260789272626224e-02
1.722246196061280898e+03	1.959793177794366681e-01	1.227866795113626286e-01	2.868346217092309636e-01	1.795821093054209283e-01	8.380110696938659898e-02	3.732322185260692621e-02	9.369294287241247687e-02
1.727083966274936301e+03	1.956256382533638483e-01	1.225376129820468230e-01	2.870625690937324559e-01	1.797405542919352506e-01	8.386958351827600300e-02	3.737134152424606559e-02	9.379270033625666803e-02
1.731921736488591478e+03	1.952739662383836394e-01	1.222899340777085925e-01	2.872891995855787473e-01	1.798980839770719375e-01	8.393770434835522154e-02	3.741922823625266209e-02	9.389188353650629315e-02
1.736759506702246881e+03	1.949242901219499779e-01	1.220436352265220209e-01	2.875145211590053873e-01	1.800547036109733101e-01	8.400547123560885010e-02	3.746688293717342910e-02	9.399049570862412495e-02
1.741597276915902057e+03	1.945765983624550555e-01	1.217987088950337887e-01	2.877385417344142104e-01	1.802104184148565491e-01	8.407288594763256961e-02	3.751430657411740366e-02	9.408854007134752340e-02
1.746435047129557461e+03	1.942308794887308288e-01	1.215551475880241317e-01	2.879612691788154821e-01	1.803652335811495588e-01	8.413995024367296183e-02	3.756150009271603391e-02	9.418601982674806861e-02
1.751272817343212637e+03	1.938871220995553035e-01	1.213129438483670774e-01	2.881827113062656043e-01	1.805191542736266919e-01	8.420666587466700548e-02	3.760846443708409231e-02	9.428293816029127694e-02
1.756110587556867813e+03	1.935453148631633979e-01	1.210720902568901969e-01	2.884028758782999358e-01	1.806721856275439742e-01	8.427303458328123942e-02	3.765520054978150483e-02	9.437929824089680286e-02
1.760948357770523216e+03	1.932054465167618862e-01	1.208325794322336888e-01	2.886217706043617270e-01	1.808243327497743302e-01	8.433905810395062042e-02	3.770170937177610287e-02	9.447510322099872404e-02
1.765786127984178393e+03	1.928675058660493380e-01	1.205944040307090348e-01	2.888394031422258368e-01	1.809756007189425031e-01	8.440473816291699238e-02	3.774799184240715255e-02	9.457035623660618728e-02
1.770623898197833569e+03	1.925314817847398607e-01	1.203575567461570572e-01	2.890557810984190068e-01	1.811259945855597520e-01	8.447007647826738908e-02	3.779404889934982054e-02	9.466506040736419325e-02
1.775461668411488745e+03	1.921973632140913657e-01	1.201220303098056302e-01	2.892709120286349189e-01	1.812755193721581892e-01	8.453507475997189269e-02	3.783988147858040330e-02	9.475921883661468648e-02
1.780299438625144376e+03	1.918651391624382474e-01	1.198878174901267663e-01	2.894848034381455881e-01	1.814241800734250898e-01	8.459973470992127043e-02	3.788549051434236814e-02	9.485283461145778416e-02
1.785137208838799552e+03	1.915347987047279488e-01	1.196549110926934112e-01	2.896974627822083148e-01	1.815719816563366174e-01	8.466405802196431962e-02	3.793087693911324082e-02	9.494591080281326867e-02
1.789974979052454728e+03	1.912063309820618562e-01	1.194233039600357815e-01	2.899088974664684182e-01	1.817189290602915785e-01	8.472804638194499083e-02	3.797604168357223559e-02	9.503845046548223263e-02
1.794812749266109904e+03	1.908797252012401913e-01	1.191929889714973267e-01	2.901191148473581394e-01	1.818650271972447052e-01	8.479170146773908068e-02	3.802098567656870404e-02	9.513045663820889064e-02
1.799650519479765535e+03	1.905549706343110661e-01	1.189639590430903865e-01	2.903281222324911592e-01	1.820102809518396869e-01	8.485502494929084150e-02	3.806570984509125011e-02	9.522193234374262683e-02
1.804488289693420711e+03	1.902320566181233408e-01	1.187362071273513897e-01	2.905359268810531748e-01	1.821546951815420923e-01	8.491801848864923008e-02	3.811021511423770547e-02	9.531288058890013959e-02
1.809326059907075887e+03	1.899109725538836169e-01	1.185097262131959012e-01	2.907425360041884788e-01	1.822982747167716522e-01	8.498068374000390668e-02	3.815450240718575026e-02	9.540330436462779451e-02
1.814163830120731291e+03	1.895917079067169220e-01	1.182845093257733349e-01	2.909479567653829868e-01	1.824410243610344318e-01	8.504302234972106744e-02	3.819857264516426931e-02	9.549320664606407438e-02
1.819001600334386467e+03	1.892742522052315024e-01	1.180605495263213067e-01	2.911521962808428787e-01	1.825829488910548637e-01	8.510503595637884666e-02	3.824242674742545783e-02	9.558259039260216805e-02
1.823839370548041643e+03	1.889585950410871407e-01	1.178378399120198622e-01	2.913552616198699097e-01	1.827240530569070875e-01	8.516672619080276063e-02	3.828606563121754458e-02	9.567145854795271187e-02
1.828677140761696819e+03	1.886447260685674143e-01	1.176163736158454542e-01	2.915571598052322244e-01	1.828643415821463170e-01	8.522809467610065193e-02	3.832949021175825061e-02	9.575981404020671162e-02
1.833514910975352450e+03	1.883326350041555353e-01	1.173961438064246854e-01	2.917578978135323409e-01	1.830038191639396239e-01	8.528914302769757816e-02	3.837270140220887943e-02	9.584765978189842273e-02
1.838352681189008081e+03	1.880223116261140193e-01	1.171771436878878969e-01	2.919574825755707481e-01	1.831424904731965009e-01	8.534987285337036766e-02	3.841570011364911497e-02	9.593499867006842485e-02
1.843190451402663257e+03	1.877137457740677973e-01	1.169593664997225779e-01	2.921559209767062848e-01	1.832803601546991179e-01	8.541028575328210581e-02	3.845848725505238846e-02	9.602183358632684906e-02
1.848028221616318433e+03	1.874069273485909903e-01	1.167428055166266493e-01	2.923532198572126317e-01	1.834174328272321630e-01	8.547038332001619110e-02	3.850106373326193931e-02	9.610816739691654953e-02
1.852865991829973609e+03	1.871018463107972651e-01	1.165274540483616367e-01	2.925493860126314738e-01	1.835537130837124331e-01	8.553016713861043285e-02	3.854343045296745873e-02	9.619400295277645563e-02
1.857703762043628785e+03	1.867984926819335201e-01	1.163133054396056631e-01	2.927444261941219428e-01	1.836892054913179251e-01	8.558963878659069102e-02	3.858558831668239264e-02	9.627934308960499343e-02
1.862541532257283961e+03	1.864968565429773462e-01	1.161003530698064418e-01	2.929383471088067847e-01	1.838239145916167050e-01	8.564879983400454366e-02	3.862753822472175802e-02	9.636419062792352108e-02
1.867379302470939592e+03	1.861969280342374022e-01	1.158885903530341849e-01	2.931311554201150860e-01	1.839578449006953886e-01	8.570765184345457977e-02	3.866928107518063928e-02	9.644854837313986129e-02
1.872217072684594768e+03	1.858986973549577870e-01	1.156780107378343470e-01	2.933228577481212240e-01	1.840910009092870947e-01	8.576619637013160879e-02	3.871081776391320506e-02	9.653241911561186162e-02
1.877054842898249490e+03	1.856021547629250479e-01	1.154686077070804784e-01	2.935134606698813209e-01	1.842233870828993425e-01	8.582443496184764820e-02	3.875214918451231477e-02	9.661580563071102412e-02
1.881892613111905121e+03	1.853072905740791032e-01	1.152603747778269960e-01	2.937029707197652550e-01	1.843550078619413113e-01	8.588236915906870272e-02	3.879327622828965261e-02	9.669871067888613503e-02
1.886730383325560297e+03	1.850140951621271068e-01	1.150533055011619538e-01	2.938913943897865089e-01	1.844858676618507665e-01	8.594000049494736337e-02	3.883419978425648594e-02	9.678113700572696376e-02
1.891568153539215928e+03	1.847225589581605321e-01	1.148473934620597159e-01	2.940787381299280745e-01	1.846159708732206806e-01	8.599733049535530915e-02	3.887492073910486096e-02	9.686308734202796200e-02
1.896405923752871104e+03	1.844326724502755865e-01	1.146426322792338526e-01	2.942650083484654178e-01	1.847453218619254933e-01	8.605436067891550356e-02	3.891543997718938108e-02	9.694456440385193496e-02
1.901243693966526507e+03	1.841444261831966245e-01	1.144390156049899382e-01	2.944502114122861669e-01	1.848739249692467890e-01	8.611109255703425225e-02	3.895575838050951978e-02	9.702557089259387924e-02
1.906081464180181683e+03	1.838578107579026677e-01	1.142365371250784190e-01	2.946343536472070257e-01	1.850017845119988347e-01	8.616752763393320524e-02	3.899587682869239125e-02	9.710610949504458467e-02
1.910919234393836859e+03	1.835728168312572017e-01	1.140351905585475500e-01	2.948174413382873005e-01	1.851289047826535361e-01	8.622366740668106766e-02	3.903579619897606934e-02	9.718618288345445833e-02
1.915757004607492036e+03	1.832894351156408030e-01	1.138349696575964715e-01	2.949994807301392075e-01	1.852552900494649768e-01	8.627951336522513004e-02	3.907551736619337135e-02	9.726579371559722353e-02
1.920594774821147894e+03	1.830076563785867916e-01	1.136358682074282422e-01	2.951804780272358486e-01	1.853809445565938463e-01	8.633506699242274318e-02	3.911504120275612756e-02	9.734494463483363280e-02
1.925432545034802843e+03	1.827274714424199087e-01	1.134378800261031661e-01	2.953604393942155237e-01	1.855058725242309525e-01	8.639032976407258480e-02	3.915436857863992953e-02	9.742363827017516686e-02
1.930270315248458019e+03	1.824488711838981037e-01	1.132409989643920201e-01	2.955393709561835447e-01	1.856300781487209006e-01	8.644530314894570411e-02	3.919350036136935722e-02	9.750187723634769210e-02
1.935108085462113195e+03	1.821718465338568738e-01	1.130452189056296436e-01	2.957172787990107188e-01	1.857535656026848281e-01	8.649998860881649709e-02	3.923243741600362933e-02	9.757966413385510407e-02
1.939945855675768371e+03	1.818963884768566575e-01	1.128505337655685004e-01	2.958941689696297228e-01	1.858763390351431954e-01	8.655438759849355679e-02	3.927118060512271858e-02	9.765700154904292940e-02
1.944783625889424002e+03	1.816224880508331418e-01	1.126569374922323924e-01	2.960700474763279244e-01	1.859984025716377720e-01	8.660850156585023218e-02	3.930973078881395272e-02	9.773389205416191383e-02
1.949621396103079178e+03	1.813501363467503458e-01	1.124644240657704658e-01	2.962449202890374278e-01	1.861197603143534829e-01	8.666233195185513161e-02	3.934808882465894858e-02	9.781033820743149920e-02
1.954459166316734354e+03	1.810793245082563396e-01	1.122729874983113135e-01	2.964187933396230656e-01	1.862404163422395620e-01	8.671588019060254282e-02	3.938625556772107350e-02	9.788634255310335597e-02
1.959296936530389530e+03	1.808100437313419073e-01	1.120826218338172170e-01	2.965916725221670602e-01	1.863603747111305664e-01	8.676914770934257559e-02	3.942423187053326755e-02	9.796190762152472142e-02
1.964134706744044706e+03	1.805422852640017894e-01	1.118933211479387207e-01	2.967635636932507426e-01	1.864796394538667801e-01	8.682213592851122097e-02	3.946201858308628907e-02	9.803703592920180732e-02
1.968972476957700337e+03	1.802760404058986465e-01	1.117050795478692765e-01	2.969344726722344396e-01	1.865982145804142012e-01	8.687484626176031344e-02	3.949961655281736955e-02	9.811172997886309644e-02
1.973810247171355968e+03	1.800113005080298256e-01	1.115178911722001370e-01	2.971044052415341974e-01	1.867161040779841685e-01	8.692728011598728488e-02	3.953702662459924327e-02	9.818599225952252818e-02
1.978648017385010689e+03	1.797480569723965138e-01	1.113317501907756107e-01	2.972733671468956729e-01	1.868333119111524887e-01	8.697943889136480755e-02	3.957424964072960710e-02	9.825982524654267025e-02
1.983485787598666320e+03	1.794863012516756395e-01	1.111466508045483026e-01	2.974413640976661943e-01	1.869498420219782020e-01	8.703132398137033987e-02	3.961128644092092727e-02	9.833323140169782095e-02
1.988323557812321269e+03	1.792260248488943830e-01	1.109625872454348405e-01	2.976084017670633797e-01	1.870656983301217380e-01	8.708293677281545020e-02	3.964813786229060000e-02	9.840621317323691719e-02
1.993161328025976900e+03	1.789672193171071846e-01	1.107795537761717547e-01	2.977744857924422561e-01	1.871808847329629044e-01	8.713427864587514060e-02	3.968480473935155628e-02	9.847877299594653966e-02
1.997999098239632076e+03	1.787098762590751677e-01	1.105975446901715925e-01	2.979396217755587717e-01	1.872954051057181823e-01	8.718535097411686530e-02	3.972128790400315107e-02	9.855091329121364041e-02
2.002836868453287707e+03	1.784539873269482546e-01	1.104165543113793529e-01	2.981038152828316967e-01	1.874092633015576881e-01	8.723615512452957688e-02	3.975758818552244805e-02	9.862263646708833986e-02
2.007674638666942428e+03	1.781995442219496684e-01	1.102365769941291845e-01	2.982670718456019165e-01	1.875224631517216634e-01	8.728669245755260597e-02	3.979370641055583746e-02	9.869394491834648786e-02
2.012512408880597604e+03	1.779465386940627669e-01	1.100576071230013470e-01	2.984293969603891150e-01	1.876350084656365769e-01	8.733696432710434665e-02	3.982964340311102164e-02	9.876484102655222475e-02
2.017350179094252780e+03	1.776949625417204304e-01	1.098796391126795474e-01	2.985907960891461821e-01	1.877469030310306708e-01	8.738697208061085853e-02	3.986539998454927819e-02	9.883532716012041752e-02
2.022187949307908411e+03	1.774448076114968353e-01	1.097026674078084851e-01	2.987512746595113455e-01	1.878581506140492019e-01	8.743671705903441338e-02	3.990097697357813250e-02	9.890540567437890174e-02
2.027025719521564042e+03	1.771960657978015330e-01	1.095266864828517844e-01	2.989108380650581376e-01	1.879687549593690721e-01	8.748620059690180584e-02	3.993637518624428007e-02	9.897507891163073723e-02
2.031863489735218764e+03	1.769487290425758585e-01	1.093516908419502193e-01	2.990694916655424196e-01	1.880787197903130703e-01	8.753542402233260855e-02	3.997159543592688352e-02	9.904434920121628350e-02
2.036701259948874394e+03	1.767027893349917833e-01	1.091776750187801737e-01	2.992272407871480189e-01	1.881880488089637538e-01	8.758438865706728860e-02	4.000663853333114028e-02	9.911321885957513622e-02
2.041539030162529116e+03	1.764582387111528483e-01	1.090046335764126573e-01	2.993840907227297565e-01	1.882967456962767461e-01	8.763309581649522673e-02	4.004150528648219715e-02	9.918169019030800837e-02
2.046376800376184747e+03	1.762150692537975405e-01	1.088325611071723625e-01	2.995400467320536442e-01	1.884048141121935915e-01	8.768154680968259784e-02	4.007619650071930772e-02	9.924976548423838918e-02
2.051214570589840150e+03	1.759732730920048338e-01	1.086614522324973742e-01	2.996951140420363036e-01	1.885122576957542206e-01	8.772974293940012658e-02	4.011071297869036462e-02	9.931744701947418930e-02
2.056052340803495554e+03	1.757328424009020895e-01	1.084913016027989757e-01	2.998492978469808334e-01	1.886190800652089439e-01	8.777768550215074572e-02	4.014505552034665359e-02	9.938473706146917774e-02
2.060890111017150957e+03	1.754937694013749550e-01	1.083221038973219696e-01	3.000026033088111777e-01	1.887252848181299458e-01	8.782537578819717139e-02	4.017922492293790615e-02	9.945163786308433562e-02
2.065727881230805451e+03	1.752560463597794826e-01	1.081538538240052749e-01	3.001550355573044393e-01	1.888308755315223353e-01	8.787281508158928389e-02	4.021322198100767131e-02	9.951815166464894613e-02
2.070565651444461309e+03	1.750196655876565810e-01	1.079865461193429549e-01	3.003065996903210855e-01	1.889358557619347512e-01	8.792000466019146698e-02	4.024704748638890939e-02	9.958428069402174010e-02
2.075403421658116713e+03	1.747846194414483800e-01	1.078201755482455643e-01	3.004573007740325430e-01	1.890402290455695522e-01	8.796694579570979444e-02	4.028070222819991192e-02	9.965002716665175009e-02
2.080241191871772116e+03	1.745509003222169009e-01	1.076547369039019542e-01	3.006071438431476839e-01	1.891439988983923404e-01	8.801363975371911952e-02	4.031418699284040202e-02	9.971539328563909510e-02
2.085078962085427065e+03	1.743185006753645294e-01	1.074902250076413407e-01	3.007561339011365908e-01	1.892471688162413734e-01	8.806008779369009498e-02	4.034750256398800944e-02	9.978038124179557100e-02
2.089916732299082469e+03	1.740874129903570711e-01	1.073266347087958872e-01	3.009042759204524353e-01	1.893497422749361725e-01	8.810629116901599889e-02	4.038064972259486352e-02	9.984499321370510216e-02
2.094754502512737417e+03	1.738576298004481935e-01	1.071639608845636055e-01	3.010515748427517457e-01	1.894517227303858242e-01	8.815225112703951871e-02	4.041362924688457481e-02	9.990923136778408209e-02
2.099592272726392821e+03	1.736291436824065337e-01	1.070021984398716874e-01	3.011980355791121222e-01	1.895531136186968391e-01	8.819796890907942444e-02	4.044644191234935543e-02	9.997309785834150586e-02
2.104430042940048224e+03	1.734019472562443598e-01	1.068413423072402252e-01	3.013436630102488412e-01	1.896539183562805930e-01	8.824344575045710293e-02	4.047908849174745166e-02	1.000365948276389499e-01
2.109267813153704083e+03	1.731760331849484247e-01	1.066813874466463474e-01	3.014884619867284621e-01	1.897541403399600757e-01	8.828868288052299507e-02	4.051156975510075697e-02	1.000997244059504271e-01
2.114105583367359031e+03	1.729513941742128191e-01	1.065223288453887723e-01	3.016324373291817129e-01	1.898537829470764160e-01	8.833368152268294970e-02	4.054388646969269566e-02	1.001624887116220608e-01
2.118943353581013525e+03	1.727280229721735449e-01	1.063641615179527489e-01	3.017755938285139328e-01	1.899528495355948254e-01	8.837844289442446655e-02	4.057603940006631466e-02	1.002248898511315933e-01
2.123781123794669384e+03	1.725059123691454199e-01	1.062068805058754700e-01	3.019179362461132943e-01	1.900513434442101246e-01	8.842296820734280027e-02	4.060802930802261818e-02	1.002869299191476854e-01
2.128618894008324787e+03	1.722850551973604816e-01	1.060504808776118607e-01	3.020594693140579712e-01	1.901492679924518259e-01	8.846725866716700915e-02	4.063985695261909670e-02	1.003486109985891606e-01
2.133456664221980191e+03	1.720654443307086390e-01	1.058949577284008098e-01	3.022001977353210300e-01	1.902466264807886054e-01	8.851131547378590647e-02	4.067152309016848488e-02	1.004099351606839580e-01
2.138294434435635139e+03	1.718470726844798790e-01	1.057403061801318739e-01	3.023401261839737120e-01	1.903434221907324975e-01	8.855513982127383166e-02	4.070302847423773462e-02	1.004709044650279881e-01
2.143132204649290543e+03	1.716299332151085266e-01	1.055865213812123282e-01	3.024792593053867718e-01	1.904396583849425895e-01	8.859873289791640738e-02	4.073437385564717544e-02	1.005315209596437803e-01
2.147969974862945492e+03	1.714140189199193920e-01	1.054335985064347309e-01	3.026176017164304843e-01	1.905353383073280504e-01	8.864209588623614411e-02	4.076555998246989693e-02	1.005917866810389499e-01
2.152807745076601350e+03	1.711993228368756115e-01	1.052815327568449311e-01	3.027551580056722647e-01	1.906304651831509933e-01	8.868522996301798911e-02	4.079658760003135320e-02	1.006517036542645543e-01
2.157645515290255844e+03	1.709858380443283477e-01	1.051303193596104385e-01	3.028919327335732326e-01	1.907250422191287542e-01	8.872813629933472279e-02	4.082745745090908540e-02	1.007112738929731716e-01
2.162483285503912157e+03	1.707735576607681827e-01	1.049799535678893475e-01	3.030279304326827239e-01	1.908190726035355889e-01	8.877081606057229957e-02	4.085817027493271469e-02	1.007704993994768539e-01
2.167321055717567106e+03	1.705624748445785377e-01	1.048304306606996361e-01	3.031631556078313583e-01	1.909125595063040914e-01	8.881327040645509152e-02	4.088872680918408803e-02	1.008293821648049010e-01
2.172158825931222509e+03	1.703525827937906190e-01	1.046817459427889369e-01	3.032976127363221086e-01	1.910055060791259751e-01	8.885550049107097947e-02	4.091912778799761119e-02	1.008879241687614531e-01
2.176996596144877003e+03	1.701438747458401124e-01	1.045338947445047795e-01	3.034313062681201489e-01	1.910979154555526305e-01	8.889750746289636074e-02	4.094937394296076921e-02	1.009461273799828196e-01
2.181834366358532861e+03	1.699363439773257656e-01	1.043868724216652777e-01	3.035642406260408710e-01	1.911897907510949624e-01	8.893929246482117079e-02	4.097946600291481334e-02	1.010039937559947809e-01
2.186672136572187810e+03	1.697299838037694963e-01	1.042406743554302878e-01	3.036964202059362350e-01	1.912811350633228380e-01	8.898085663417364122e-02	4.100940469395564919e-02	1.010615252432695704e-01
2.191509906785843214e+03	1.695247875793782499e-01	1.040952959521730115e-01	3.038278493768796773e-01	1.913719514719642856e-01	8.902220110274508547e-02	4.103919073943483597e-02	1.011187237772826347e-01
2.196347676999498617e+03	1.693207486968076603e-01	1.039507326433520423e-01	3.039585324813494638e-01	1.914622430390038321e-01	8.906332699681453191e-02	4.106882485996082160e-02	1.011755912825693798e-01
2.201185447213154021e+03	1.691178605869272378e-01	1.038069798853839959e-01	3.040884738354104888e-01	1.915520128087808693e-01	8.910423543717327366e-02	4.109830777340030272e-02	1.012321296727815290e-01
2.206023217426809424e+03	1.689161167185871115e-01	1.036640331595164305e-01	3.042176777288946310e-01	1.916412638080870479e-01	8.914492753914929346e-02	4.112764019487975820e-02	1.012883408507434801e-01
2.210860987640464373e+03	1.687155105983866588e-01	1.035218879717013513e-01	3.043461484255790550e-01	1.917299990462636716e-01	8.918540441263168861e-02	4.115682283678712833e-02	1.013442267085082477e-01
2.215698757854119776e+03	1.685160357704445222e-01	1.033805398524692415e-01	3.044738901633637917e-01	1.918182215152982872e-01	8.922566716209490156e-02	4.118585640877366061e-02	1.013997891274133756e-01
2.220536528067775180e+03	1.683176858161704037e-01	1.032399843568033576e-01	3.046009071544475422e-01	1.919059341899210513e-01	8.926571688662290893e-02	4.121474161775590117e-02	1.014550299781366433e-01
2.225374298281430583e+03	1.681204543540383289e-01	1.031002170640147458e-01	3.047272035855016492e-01	1.919931400277005151e-01	8.930555467993328556e-02	4.124347916791783891e-02	1.015099511207514932e-01
2.230212068495085077e+03	1.679243350393614387e-01	1.029612335776176058e-01	3.048527836178432371e-01	1.920798419691389092e-01	8.934518163040118532e-02	4.127206976071318839e-02	1.015645544047823062e-01
2.235049838708740936e+03	1.677293215640685564e-01	1.028230295252050980e-01	3.049776513876064632e-01	1.921660429377672341e-01	8.938459882108328036e-02	4.130051409486781844e-02	1.016188416692594548e-01
2.239887608922396339e+03	1.675354076564819772e-01	1.026856005583257209e-01	3.051018110059126043e-01	1.922517458402395185e-01	8.942380732974153368e-02	4.132881286638231955e-02	1.016728147427742313e-01
2.244725379136052197e+03	1.673425870810971439e-01	1.025489423523601451e-01	3.052252665590385883e-01	1.923369535664269381e-01	8.946280822886691630e-02	4.135696676853471004e-02	1.017264754435334845e-01
2.249563149349706237e+03	1.671508536383636001e-01	1.024130506063984924e-01	3.053480221085841384e-01	1.924216689895112964e-01	8.950160258570305505e-02	4.138497649188328104e-02	1.017798255794140627e-01
2.254400919563362095e+03	1.669602011644674144e-01	1.022779210431181557e-01	3.054700816916377515e-01	1.925058949660782281e-01	8.954019146226972758e-02	4.141284272426955237e-02	1.018328669480171311e-01
2.259238689777017044e+03	1.667706235311153529e-01	1.021435494086620349e-01	3.055914493209410665e-01	1.925896343362096252e-01	8.957857591538635755e-02	4.144056615082137435e-02	1.018856013367221564e-01
2.264076459990672902e+03	1.665821146453202728e-01	1.020099314725173012e-01	3.057121289850519563e-01	1.926728899235760628e-01	8.961675699669530148e-02	4.146814745395617507e-02	1.019380305227408773e-01
