1.001418434226643626e+03	2.801437798333473173e-01	1.801322497137793077e-01	2.348225537146782504e-01	1.410216479299404024e-01	6.804146856498886897e-02	2.694382390517566228e-02	6.889447633794655579e-02
1.003837319333471214e+03	2.797255538475420522e-01	1.798486227510888713e-01	2.351255306121068367e-01	1.411960008969149194e-01	6.811327198400456140e-02	2.698878071603079756e-02	6.900223919216834367e-02
1.006256204440298802e+03	2.793085472577239714e-01	1.795657658757955910e-01	2.354276284754588666e-01	1.413698179487559992e-01	6.818487802264393272e-02	2.703365657030396343e-02	6.910970584917408566e-02
1.008675089547126618e+03	2.788927561307867897e-01	1.792836773161762542e-01	2.357288497838187780e-01	1.415431010154688807e-01	6.825628723726673286e-02	2.707845138207976010e-02	6.921687713425921096e-02
1.011093974653954206e+03	2.784781765510299101e-01	1.790023553001883760e-01	2.360291970095126646e-01	1.417158520182514869e-01	6.832750018252342628e-02	2.712316506795815763e-02	6.932375387039232950e-02
1.013512859760782021e+03	2.780648046200279722e-01	1.787217980555408092e-01	2.363286726181238195e-01	1.418880728695461613e-01	6.839851741136553087e-02	2.716779754703048735e-02	6.943033687822151856e-02
1.015931744867609382e+03	2.776526364565018445e-01	1.784420038097632999e-01	2.366272790685083616e-01	1.420597654730908210e-01	6.846933947505559614e-02	2.721234874085567620e-02	6.953662697608062326e-02
1.018350629974437197e+03	2.772416681961908380e-01	1.781629707902749049e-01	2.369250188128110002e-01	1.422309317239700832e-01	6.853996692317712580e-02	2.725681857343664749e-02	6.964262497999561263e-02
1.020769515081264785e+03	2.768318959917266953e-01	1.778846972244511326e-01	2.372218942964805510e-01	1.424015735086657519e-01	6.861040030364416731e-02	2.730120697119695766e-02	6.974833170369090785e-02
1.023188400188092373e+03	2.764233160125087463e-01	1.776071813396904453e-01	2.375179079582856179e-01	1.425716927051072780e-01	6.868064016271079042e-02	2.734551386295760653e-02	6.985374795859576602e-02
1.025607285294920075e+03	2.760159244445800075e-01	1.773304213634792348e-01	2.378130622303303021e-01	1.427412911827217190e-01	6.875068704498028815e-02	2.738973917991407991e-02	6.995887455385059461e-02
1.028026170401747549e+03	2.756097174905055569e-01	1.770544155234561601e-01	2.381073595380698293e-01	1.429103708024834773e-01	6.882054149341423899e-02	2.743388285561355194e-02	7.006371229631343234e-02
1.030445055508575479e+03	2.752046913692512420e-01	1.767791620474751801e-01	2.384008023003261756e-01	1.430789334169636773e-01	6.889020404934136088e-02	2.747794482593231280e-02	7.016826199056629132e-02
1.032863940615402726e+03	2.748008423160644420e-01	1.765046591636677820e-01	2.386933929293036660e-01	1.432469808703791814e-01	6.895967525246619878e-02	2.752192502905338040e-02	7.027252443892155476e-02
1.035282825722230655e+03	2.743981665823556071e-01	1.762309051005040983e-01	2.389851338306047124e-01	1.434145149986414125e-01	6.902895564087763169e-02	2.756582340544428203e-02	7.037650044142844397e-02
1.037701710829058356e+03	2.739966604355812962e-01	1.759578980868530818e-01	2.392760274032454115e-01	1.435815376294047041e-01	6.909804575105721325e-02	2.760963989783506850e-02	7.048019079587940217e-02
1.040120595935886058e+03	2.735963201591284921e-01	1.756856363520416797e-01	2.395660760396711442e-01	1.437480505821144561e-01	6.916694611788738734e-02	2.765337445119647047e-02	7.058359629781654765e-02
1.042539481042713533e+03	2.731971420522000260e-01	1.754141181259131210e-01	2.398552821257722845e-01	1.439140556680549021e-01	6.923565727465946784e-02	2.769702701271828035e-02	7.068671774053807144e-02
1.044958366149541234e+03	2.727991224297014461e-01	1.751433416388842590e-01	2.401436480408996876e-01	1.440795546903966828e-01	6.930417975308153511e-02	2.774059753178787641e-02	7.078955591510471823e-02
1.047377251256368709e+03	2.724022576221286629e-01	1.748733051220018597e-01	2.404311761578804274e-01	1.442445494442439191e-01	6.937251408328617974e-02	2.778408595996896199e-02	7.089211161034619790e-02
1.049796136363196410e+03	2.720065439754574266e-01	1.746040068069981133e-01	2.407178688430334224e-01	1.444090417166811191e-01	6.944066079383810763e-02	2.782749225098047133e-02	7.099438561286759708e-02
1.052215021470024112e+03	2.716119778510333593e-01	1.743354449263452288e-01	2.410037284561849513e-01	1.445730332868196688e-01	6.950862041174153683e-02	2.787081636067565218e-02	7.109637870705584617e-02
1.054633906576851814e+03	2.712185556254635421e-01	1.740676177133091418e-01	2.412887573506843075e-01	1.447365259258442394e-01	6.957639346244756662e-02	2.791405824702132901e-02	7.119809167508614478e-02
1.057052791683679516e+03	2.708262736905090451e-01	1.738005234020021661e-01	2.415729578734193694e-01	1.448995213970585560e-01	6.964398046986139401e-02	2.795721787007732911e-02	7.129952529692835939e-02
1.059471676790506763e+03	2.704351284529789012e-01	1.735341602274351192e-01	2.418563323648321994e-01	1.450620214559310561e-01	6.971138195634932200e-02	2.800029519197611352e-02	7.140068035035351812e-02
1.061890561897334692e+03	2.700451163346246908e-01	1.732685264255682256e-01	2.421388831589346702e-01	1.452240278501402693e-01	6.977859844274578172e-02	2.804329017690252931e-02	7.150155761094013906e-02
1.064309447004162394e+03	2.696562337720366798e-01	1.730036202333613826e-01	2.424206125833239245e-01	1.453855423196197538e-01	6.984563044836011869e-02	2.808620279107378048e-02	7.160215785208072503e-02
1.066728332110990095e+03	2.692684772165408469e-01	1.727394398888236482e-01	2.427015229591979739e-01	1.455465665966029221e-01	6.991247849098335132e-02	2.812903300271953067e-02	7.170248184498809185e-02
1.069147217217817570e+03	2.688818431340970760e-01	1.724759836310617855e-01	2.429816166013713807e-01	1.457071024056673658e-01	6.997914308689477669e-02	2.817178078206219669e-02	7.180253035870184930e-02
1.071566102324645271e+03	2.684963280051982926e-01	1.722132497003279195e-01	2.432608958182905234e-01	1.458671514637790156e-01	7.004562475086850704e-02	2.821444610129739128e-02	7.190230416009471548e-02
1.073984987431472746e+03	2.681119283247708762e-01	1.719512363380667208e-01	2.435393629120494174e-01	1.460267154803360223e-01	7.011192399617981186e-02	2.825702893457452888e-02	7.200180401387898388e-02
1.076403872538300675e+03	2.677286406020758514e-01	1.716899417869614253e-01	2.438170201784050362e-01	1.461857961572120557e-01	7.017804133461155724e-02	2.829952925797761878e-02	7.210103068261278225e-02
1.078822757645127922e+03	2.673464613606112983e-01	1.714293642909793247e-01	2.440938699067929374e-01	1.463443951887997696e-01	7.024397727646029821e-02	2.834194704950617968e-02	7.219998492670651191e-02
1.081241642751955851e+03	2.669653871380157084e-01	1.711695020954163982e-01	2.443699143803426677e-01	1.465025142620536014e-01	7.030973233054250981e-02	2.838428228905633469e-02	7.229866750442918988e-02
1.083660527858783553e+03	2.665854144859721719e-01	1.709103534469410823e-01	2.446451558758932499e-01	1.466601550565325429e-01	7.037530700420056851e-02	2.842653495840206587e-02	7.239707917191476327e-02
1.086079412965611255e+03	2.662065399701139534e-01	1.706519165936376259e-01	2.449195966640087263e-01	1.468173192444423014e-01	7.044070180330871955e-02	2.846870504117662501e-02	7.249522068316846535e-02
1.088498298072438729e+03	2.658287601699307889e-01	1.703941897850483889e-01	2.451932390089936464e-01	1.469740084906774880e-01	7.050591723227894736e-02	2.851079252285407956e-02	7.259309279007310212e-02
1.090917183179266431e+03	2.654520716786761270e-01	1.701371712722154483e-01	2.454660851689083045e-01	1.471302244528633618e-01	7.057095379406679025e-02	2.855279739073103909e-02	7.269069624239533900e-02
1.093336068286093905e+03	2.650764711032753684e-01	1.698808593077217044e-01	2.457381373955844217e-01	1.472859687813973251e-01	7.063581199017700263e-02	2.859471963390851010e-02	7.278803178779205685e-02
1.095754953392921607e+03	2.647019550642350505e-01	1.696252521457310702e-01	2.460093979346404391e-01	1.474412431194901396e-01	7.070049232066925871e-02	2.863655924327391730e-02	7.288510017181652756e-02
1.098173838499749309e+03	2.643285201955530295e-01	1.693703480420280516e-01	2.462798690254968670e-01	1.475960491032067834e-01	7.076499528416364815e-02	2.867831621148326376e-02	7.298190213792474235e-02
1.100592723606577010e+03	2.639561631446293855e-01	1.691161452540566879e-01	2.465495529013917997e-01	1.477503883615072233e-01	7.082932137784621329e-02	2.871999053294344711e-02	7.307843842748164287e-02
1.103011608713404712e+03	2.635848805721786592e-01	1.688626420409585771e-01	2.468184517893962648e-01	1.479042625162865776e-01	7.089347109747433373e-02	2.876158220379470762e-02	7.317470977976729685e-02
1.105430493820231959e+03	2.632146691521423665e-01	1.686098366636106516e-01	2.470865679104294610e-01	1.480576731824153613e-01	7.095744493738212477e-02	2.880309122189324972e-02	7.327071693198318469e-02
1.107849378927059888e+03	2.628455255716029004e-01	1.683577273846619538e-01	2.473539034792742730e-01	1.482106219677792880e-01	7.102124339048569712e-02	2.884451758679396419e-02	7.336646061925834739e-02
1.110268264033887590e+03	2.624774465306981552e-01	1.681063124685698018e-01	2.476204607045924544e-01	1.483631104733187378e-01	7.108486694828843044e-02	2.888586129973334457e-02	7.346194157465557595e-02
1.112687149140715292e+03	2.621104287425368162e-01	1.678555901816353724e-01	2.478862417889400871e-01	1.485151402930680320e-01	7.114831610088606650e-02	2.892712236361249384e-02	7.355716052917755932e-02
1.115106034247542766e+03	2.617444689331151486e-01	1.676055587920388945e-01	2.481512489287827083e-01	1.486667130141944848e-01	7.121159133697185784e-02	2.896830078298031144e-02	7.365211821177305995e-02
1.117524919354370468e+03	2.613795638412336197e-01	1.673562165698737059e-01	2.484154843145107150e-01	1.488178302170370115e-01	7.127469314384161925e-02	2.900939656401679487e-02	7.374681534934302007e-02
1.119943804461197942e+03	2.610157102184151312e-01	1.671075617871800867e-01	2.486789501304545735e-01	1.489684934751447642e-01	7.133762200739873771e-02	2.905040971451649384e-02	7.384125266674668175e-02
1.122362689568025871e+03	2.606529048288240280e-01	1.668595927179783722e-01	2.489416485549000579e-01	1.491187043553151570e-01	7.140037841215908510e-02	2.909134024387208250e-02	7.393543088680765152e-02
1.124781574674853118e+03	2.602911444491854409e-01	1.666123076383015378e-01	2.492035817601035153e-01	1.492684644176318909e-01	7.146296284125591702e-02	2.913218816305809464e-02	7.402935073032002045e-02
1.127200459781681047e+03	2.599304258687060165e-01	1.663657048262269789e-01	2.494647519123069923e-01	1.494177752155025629e-01	7.152537577644471622e-02	2.917295348461476645e-02	7.412301291605438713e-02
1.129619344888508749e+03	2.595707458889948138e-01	1.661197825619080415e-01	2.497251611717535846e-01	1.495666382956961360e-01	7.158761769810796649e-02	2.921363622263201468e-02	7.421641816076390841e-02
1.132038229995336451e+03	2.592121013239856997e-01	1.658745391276046088e-01	2.499848116927023689e-01	1.497150551983800204e-01	7.164968908525989888e-02	2.925423639273357773e-02	7.430956717919029453e-02
1.134457115102163925e+03	2.588544889998599108e-01	1.656299728077134659e-01	2.502437056234437796e-01	1.498630274571570442e-01	7.171159041555119629e-02	2.929475401206125054e-02	7.440246068406984603e-02
1.136876000208991627e+03	2.584979057549695591e-01	1.653860818887978312e-01	2.505018451063146245e-01	1.500105565991020351e-01	7.177332216527362863e-02	2.933518909925925816e-02	7.449509938613943505e-02
1.139294885315819101e+03	2.581423484397623591e-01	1.651428646596166394e-01	2.507592322777132954e-01	1.501576441447981525e-01	7.183488480936466025e-02	2.937554167445878203e-02	7.458748399414244501e-02
1.141713770422646803e+03	2.577878139167062432e-01	1.649003194111529069e-01	2.510158692681146442e-01	1.503042916083732194e-01	7.189627882141200188e-02	2.941581175926256952e-02	7.467961521483469645e-02
1.144132655529474505e+03	2.574342990602153658e-01	1.646584444366418487e-01	2.512717582020853602e-01	1.504505004975353610e-01	7.195750467365816250e-02	2.945599937672972041e-02	7.477149375299044221e-02
1.146551540636302207e+03	2.570818007565766061e-01	1.644172380315984117e-01	2.515269011982986802e-01	1.505962723136088643e-01	7.201856283700487638e-02	2.949610455136055312e-02	7.486312031140815448e-02
1.148970425743129908e+03	2.567303159038770155e-01	1.641766984938441698e-01	2.517813003695498209e-01	1.507416085515694004e-01	7.207945378101758560e-02	2.953612730908163064e-02	7.495449559091657554e-02
1.151389310849957155e+03	2.563798414119312641e-01	1.639368241235338308e-01	2.520349578227706333e-01	1.508865107000792738e-01	7.214017797392981157e-02	2.957606767723088351e-02	7.504562029038040760e-02
1.153808195956785084e+03	2.560303742022108642e-01	1.636976132231812986e-01	2.522878756590449245e-01	1.510309802415222558e-01	7.220073588264755426e-02	2.961592568454287852e-02	7.513649510670629417e-02
1.156227081063612786e+03	2.556819112077734490e-01	1.634590640976849585e-01	2.525400559736230566e-01	1.511750186520383343e-01	7.226112797275360822e-02	2.965570136113418812e-02	7.522712073484856543e-02
1.158645966170440488e+03	2.553344493731923293e-01	1.632211750543527407e-01	2.527915008559371013e-01	1.513186274015580757e-01	7.232135470851180914e-02	2.969539473848889499e-02	7.531749786781509470e-02
1.161064851277267962e+03	2.549879856544879364e-01	1.629839444029267115e-01	2.530422123896159392e-01	1.514618079538368189e-01	7.238141655287134990e-02	2.973500584944420086e-02	7.540762719667307157e-02
1.163483736384095664e+03	2.546425170190587672e-01	1.627473704556068601e-01	2.532921926524996925e-01	1.516045617664886491e-01	7.244131396747101326e-02	2.977453472817617394e-02	7.549750941055474729e-02
1.165902621490923138e+03	2.542980404456136601e-01	1.625114515270748849e-01	2.535414437166551571e-01	1.517468902910201478e-01	7.250104741264329355e-02	2.981398141018559364e-02	7.558714519666322185e-02
1.168321506597751068e+03	2.539545529241040711e-01	1.622761859345170365e-01	2.537899676483904021e-01	1.518887949728637832e-01	7.256061734741862945e-02	2.985334593228392355e-02	7.567653524027811995e-02
1.170740391704578315e+03	2.536120514556581274e-01	1.620415719976468771e-01	2.540377665082694247e-01	1.520302772514112444e-01	7.262002422952948399e-02	2.989262833257939553e-02	7.576568022476135034e-02
1.173159276811406244e+03	2.532705330525141796e-01	1.618076080387274851e-01	2.542848423511273048e-01	1.521713385600464707e-01	7.267926851541446631e-02	2.993182865046321514e-02	7.585458083156276787e-02
1.175578161918233945e+03	2.529299947379554658e-01	1.615742923825930211e-01	2.545311972260848599e-01	1.523119803261784588e-01	7.273835066022242557e-02	2.997094692659587126e-02	7.594323774022583573e-02
1.177997047025061647e+03	2.525904335462453854e-01	1.613416233566701552e-01	2.547768331765632444e-01	1.524522039712737642e-01	7.279727111781643389e-02	3.000998320289356008e-02	7.603165162839330138e-02
1.180415932131889122e+03	2.522518465225635498e-01	1.611095992909988006e-01	2.550217522402991599e-01	1.525920109108889200e-01	7.285603034077786644e-02	3.004893752251472719e-02	7.611982317181280322e-02
1.182834817238716823e+03	2.519142307229419453e-01	1.608782185182526803e-01	2.552659564493591771e-01	1.527314025547025778e-01	7.291462878041031492e-02	3.008780992984672054e-02	7.620775304434249109e-02
1.185253702345544298e+03	2.515775832142022606e-01	1.606474793737591167e-01	2.555094478301544458e-01	1.528703803065473710e-01	7.297306688674361219e-02	3.012660047049253373e-02	7.629544191795657737e-02
1.187672587452371999e+03	2.512419010738935476e-01	1.604173801955188217e-01	2.557522284034555171e-01	1.530089455644416119e-01	7.303134510853774575e-02	3.016530919125769497e-02	7.638289046275095751e-02
1.190091472559199701e+03	2.509071813902303272e-01	1.601879193242249366e-01	2.559943001844070531e-01	1.531470997206208773e-01	7.308946389328674353e-02	3.020393614013722541e-02	7.647009934694874722e-02
1.192510357666027403e+03	2.505734212620315260e-01	1.599590951032819619e-01	2.562356651825423159e-01	1.532848441615690394e-01	7.314742368722258747e-02	3.024248136630273628e-02	7.655706923690579202e-02
1.194929242772855105e+03	2.502406177986598590e-01	1.597309058788238811e-01	2.564763254017978222e-01	1.534221802680495184e-01	7.320522493531905761e-02	3.028094492008960928e-02	7.664380079711616278e-02
1.197348127879682352e+03	2.499087681199619049e-01	1.595033499997324244e-01	2.567162828405278874e-01	1.535591094151360914e-01	7.326286808129557626e-02	3.031932685298429839e-02	7.673029469021770688e-02
1.199767012986510281e+03	2.495778693562085426e-01	1.592764258176544434e-01	2.569555394915193913e-01	1.536956329722433678e-01	7.332035356762101053e-02	3.035762721761173233e-02	7.681655157699744663e-02
1.202185898093337983e+03	2.492479186480359710e-01	1.590501316870192861e-01	2.571940973420058785e-01	1.538317523031573764e-01	7.337768183551747481e-02	3.039584606772281067e-02	7.690257211639707491e-02
1.204604783200165684e+03	2.489189131463875604e-01	1.588244659650555890e-01	2.574319583736826567e-01	1.539674687660656793e-01	7.343485332496407780e-02	3.043398345818202483e-02	7.698835696551838137e-02
1.207023668306993159e+03	2.485908500124558163e-01	1.585994270118075977e-01	2.576691245627206750e-01	1.541027837135873491e-01	7.349186847470069728e-02	3.047203944495515196e-02	7.707390677962863701e-02
1.209442553413820860e+03	2.482637264176252578e-01	1.583750131901515146e-01	2.579055978797815118e-01	1.542376984928028605e-01	7.354872772223167154e-02	3.051001408509708065e-02	7.715922221216600652e-02
1.211861438520648335e+03	2.479375395434155471e-01	1.581512228658111252e-01	2.581413802900313637e-01	1.543722144452836231e-01	7.360543150382956035e-02	3.054790743673972339e-02	7.724430391474491897e-02
1.214280323627476264e+03	2.476122865814253116e-01	1.579280544073731474e-01	2.583764737531558109e-01	1.545063329071214020e-01	7.366198025453875309e-02	3.058571955908001572e-02	7.732915253716142467e-02
1.216699208734303511e+03	2.472879647332763831e-01	1.577055061863023300e-01	2.586108802233739734e-01	1.546400552089574609e-01	7.371837440817920195e-02	3.062345051236804033e-02	7.741376872739851034e-02
1.219118093841131440e+03	2.469645712105585644e-01	1.574835765769561080e-01	2.588446016494528878e-01	1.547733826760115949e-01	7.377461439735004400e-02	3.066110035789524138e-02	7.749815313163144204e-02
1.221536978947959142e+03	2.466421032347749787e-01	1.572622639565990632e-01	2.590776399747219960e-01	1.549063166281108850e-01	7.383070065343319555e-02	3.069866915798271159e-02	7.758230639423301100e-02
1.223955864054786844e+03	2.463205580372877790e-01	1.570415667054167741e-01	2.593099971370874113e-01	1.550388583797184527e-01	7.388663360659700197e-02	3.073615697596961474e-02	7.766622915777883496e-02
1.226374749161614318e+03	2.459999328592644974e-01	1.568214832065296382e-01	2.595416750690459629e-01	1.551710092399616325e-01	7.394241368579980433e-02	3.077356387620168096e-02	7.774992206305264553e-02
1.228793634268442020e+03	2.456802249516247261e-01	1.566020118460061950e-01	2.597726756976996842e-01	1.553027705126603930e-01	7.399804131879353375e-02	3.081088992401980267e-02	7.783338574905149243e-02
1.231212519375269494e+03	2.453614315749874097e-01	1.563831510128761704e-01	2.600030009447700241e-01	1.554341434963552870e-01	7.405351693212722242e-02	3.084813518574872071e-02	7.791662085299093377e-02
1.233631404482097196e+03	2.450435499996185817e-01	1.561648990991431341e-01	2.602326527266121126e-01	1.555651294843352350e-01	7.410884095115061188e-02	3.088529972868582149e-02	7.799962801031032344e-02
1.236050289588924898e+03	2.447265775053794057e-01	1.559472544997971277e-01	2.604616329542285835e-01	1.556957297646652527e-01	7.416401380001758081e-02	3.092238362109000008e-02	7.808240785467787659e-02
1.238469174695752372e+03	2.444105113816750774e-01	1.557302156128264614e-01	2.606899435332841186e-01	1.558259456202139015e-01	7.421903590168972553e-02	3.095938693217063775e-02	7.816496101799591534e-02
1.240888059802580301e+03	2.440953489274036436e-01	1.555137808392297871e-01	2.609175863641194359e-01	1.559557783286805999e-01	7.427390767793980164e-02	3.099630973207665244e-02	7.824728813040601749e-02
1.243306944909407548e+03	2.437810874509057368e-01	1.552979485830274231e-01	2.611445633417652790e-01	1.560852291626226018e-01	7.432862954935522126e-02	3.103315209188567056e-02	7.832938982029405417e-02
1.245725830016235477e+03	2.434677242699145039e-01	1.550827172512727337e-01	2.613708763559566273e-01	1.562142993894820031e-01	7.438320193534148084e-02	3.106991408359325441e-02	7.841126671429538009e-02
1.248144715123063179e+03	2.431552567115061458e-01	1.548680852540628705e-01	2.615965272911466299e-01	1.563429902716125253e-01	7.443762525412561670e-02	3.110659578010223705e-02	7.849291943729988508e-02
1.250563600229890881e+03	2.428436821120506517e-01	1.546540510045495420e-01	2.618215180265209274e-01	1.564713030663059667e-01	7.449189992275966066e-02	3.114319725521214055e-02	7.857434861245707336e-02
1.252982485336718355e+03	2.425329978171631984e-01	1.544406129189492827e-01	2.620458504360110852e-01	1.565992390258186262e-01	7.454602635712397063e-02	3.117971858360869472e-02	7.865555486118110118e-02
1.255401370443546057e+03	2.422232011816558839e-01	1.542277694165536672e-01	2.622695263883089711e-01	1.567267993973975315e-01	7.460000497193070013e-02	3.121615984085342188e-02	7.873653880315581444e-02
1.257820255550373531e+03	2.419142895694899043e-01	1.540155189197388308e-01	2.624925477468805779e-01	1.568539854233063635e-01	7.465383618072712890e-02	3.125252110337333605e-02	7.881730105633978634e-02
1.260239140657201460e+03	2.416062603537280917e-01	1.538038598539753776e-01	2.627149163699799561e-01	1.569807983408514351e-01	7.470752039589907689e-02	3.128880244845068381e-02	7.889784223697129950e-02
1.262658025764028707e+03	2.412991109164879244e-01	1.535927906478373461e-01	2.629366341106630922e-01	1.571072393824072821e-01	7.476105802867419325e-02	3.132500395421283085e-02	7.897816295957328647e-02
1.265076910870856636e+03	2.409928386488948693e-01	1.533823097330113405e-01	2.631577028168016197e-01	1.572333097754422537e-01	7.481444948912537030e-02	3.136112569962217628e-02	7.905826383695835347e-02
1.267495795977684338e+03	2.406874409510363355e-01	1.531724155443052182e-01	2.633781243310968079e-01	1.573590107425437701e-01	7.486769518617397701e-02	3.139716776446619534e-02	7.913814548023366535e-02
1.269914681084511813e+03	2.403829152319156837e-01	1.529631065196567219e-01	2.635979004910932733e-01	1.574843435014435522e-01	7.492079552759325911e-02	3.143313022934753065e-02	7.921780849880592779e-02
1.272333566191339514e+03	2.400792589094069285e-01	1.527543811001415286e-01	2.638170331291928572e-01	1.576093092650425742e-01	7.497375092001157260e-02	3.146901317567418754e-02	7.929725350038624443e-02
1.274752451298167216e+03	2.397764694102097471e-01	1.525462377299814376e-01	2.640355240726682262e-01	1.577339092414359600e-01	7.502656176891571438e-02	3.150481668564981269e-02	7.937648109099502969e-02
1.277171336404994690e+03	2.394745441698047095e-01	1.523386748565518922e-01	2.642533751436765832e-01	1.578581446339376582e-01	7.507922847865412808e-02	3.154054084226403515e-02	7.945549187496687982e-02
1.279590221511822392e+03	2.391734806324091189e-01	1.521316909303896958e-01	2.644705881592735452e-01	1.579820166411048943e-01	7.513175145244026243e-02	3.157618572928290457e-02	7.953428645495541627e-02
1.282009106618650094e+03	2.388732762509331309e-01	1.519252844052002283e-01	2.646871649314266328e-01	1.581055264567625129e-01	7.518413109235572156e-02	3.161175143123941267e-02	7.961286543193817067e-02
1.284427991725477568e+03	2.385739284869362320e-01	1.517194537378644126e-01	2.649031072670288700e-01	1.582286752700273469e-01	7.523636779935354013e-02	3.164723803342408409e-02	7.969122940522133103e-02
1.286846876832305497e+03	2.382754348105840803e-01	1.515141973884456539e-01	2.651184169679124403e-01	1.583514642653319482e-01	7.528846197326141687e-02	3.168264562187564359e-02	7.976937897244461284e-02
1.289265761939132744e+03	2.379777927006057614e-01	1.513095138201963341e-01	2.653330958308622867e-01	1.584738946224487077e-01	7.534041401278492034e-02	3.171797428337176650e-02	7.984731472958599141e-02
1.291684647045960673e+03	2.376809996442513229e-01	1.511054014995641681e-01	2.655471456476296566e-01	1.585959675165134752e-01	7.539222431551063919e-02	3.175322410541991935e-02	7.992503727096651744e-02
1.294103532152788375e+03	2.373850531372497519e-01	1.509018588961984764e-01	2.657605682049455353e-01	1.587176841180491516e-01	7.544389327790945732e-02	3.178839517624824917e-02	8.000254718925502162e-02
1.296522417259616077e+03	2.370899506837672310e-01	1.506988844829559027e-01	2.659733652845342466e-01	1.588390455929890588e-01	7.549542129533963475e-02	3.182348758479658368e-02	8.007984507547293018e-02
1.298941302366443551e+03	2.367956897963657825e-01	1.504964767359063538e-01	2.661855386631268305e-01	1.589600531027001995e-01	7.554680876205004114e-02	3.185850142070748708e-02	8.015693151899888624e-02
1.301360187473271253e+03	2.365022679959622454e-01	1.502946341343383563e-01	2.663970901124744217e-01	1.590807078040063771e-01	7.559805607118327830e-02	3.189343677431737134e-02	8.023380710757352374e-02
1.303779072580098727e+03	2.362096828117876135e-01	1.500933551607643579e-01	2.666080213993618497e-01	1.592010108492111220e-01	7.564916361477880269e-02	3.192829373664776010e-02	8.031047242730411651e-02
1.306197957686926657e+03	2.359179317813465682e-01	1.498926383009259178e-01	2.668183342856207396e-01	1.593209633861204788e-01	7.570013178377610341e-02	3.196307239939649020e-02	8.038692806266929669e-02
1.308616842793753904e+03	2.356270124503776764e-01	1.496924820437985082e-01	2.670280305281431121e-01	1.594405665580657383e-01	7.575096096801778311e-02	3.199777285492915596e-02	8.046317459652363446e-02
1.311035727900581833e+03	2.353369223728135062e-01	1.494928848815962885e-01	2.672371118788944844e-01	1.595598215039258638e-01	7.580165155625266660e-02	3.203239519627047033e-02	8.053921261010232868e-02
1.313454613007409534e+03	2.350476591107412694e-01	1.492938453097765183e-01	2.674455800849274145e-01	1.596787293581498623e-01	7.585220393613889556e-02	3.206693951709580631e-02	8.061504268302584209e-02
1.315873498114237009e+03	2.347592202343639356e-01	1.490953618270440262e-01	2.676534368883943804e-01	1.597972912507789889e-01	7.590261849424706497e-02	3.210140591172275237e-02	8.069066539330443932e-02
1.318292383221064711e+03	2.344716033219612916e-01	1.488974329353550952e-01	2.678606840265614353e-01	1.599155083074688954e-01	7.595289561606322071e-02	3.213579447510277881e-02	8.076608131734284990e-02
1.320711268327892412e+03	2.341848059598516385e-01	1.487000571399215709e-01	2.680673232318211419e-01	1.600333816495114470e-01	7.600303568599199588e-02	3.217010530281294578e-02	8.084129102994482008e-02
1.323130153434719887e+03	2.338988257423536832e-01	1.485032329492146641e-01	2.682733562317056730e-01	1.601509123938565649e-01	7.605303908735962237e-02	3.220433849104767376e-02	8.091629510431766481e-02
1.325549038541547588e+03	2.336136602717487354e-01	1.483069588749683088e-01	2.684787847489002455e-01	1.602681016531338765e-01	7.610290620241699777e-02	3.223849413661061813e-02	8.099109411207676412e-02
1.327967923648375290e+03	2.333293071582431544e-01	1.481112334321827706e-01	2.686836105012560538e-01	1.603849505356741700e-01	7.615263741234269690e-02	3.227257233690659921e-02	8.106568862325018443e-02
1.330386808755202765e+03	2.330457640199311564e-01	1.479160551391277001e-01	2.688878352018032047e-01	1.605014601455308221e-01	7.620223309724601102e-02	3.230657318993358090e-02	8.114007920628311943e-02
1.332805693862030694e+03	2.327630284827580109e-01	1.477214225173452966e-01	2.690914605587640951e-01	1.606176315825010026e-01	7.625169363616997320e-02	3.234049679427475343e-02	8.121426642804240037e-02
1.335224578968857941e+03	2.324810981804832366e-01	1.475273340916531395e-01	2.692944882755663460e-01	1.607334659421467415e-01	7.630101940709435593e-02	3.237434324909065075e-02	8.128825085382102023e-02
1.337643464075685870e+03	2.321999707546444636e-01	1.473337883901469081e-01	2.694969200508556262e-01	1.608489643158159399e-01	7.635021078693865482e-02	3.240811265411135123e-02	8.136203304734253294e-02
1.340062349182513572e+03	2.319196438545212957e-01	1.471407839442029075e-01	2.696987575785088076e-01	1.609641277906631029e-01	7.639926815156510009e-02	3.244180510962874769e-02	8.143561357076550822e-02
1.342481234289341273e+03	2.316401151370996447e-01	1.469483192884805112e-01	2.699000025476466225e-01	1.610789574496701571e-01	7.644819187578161257e-02	3.247542071648886614e-02	8.150899298468806953e-02
1.344900119396168748e+03	2.313613822670360920e-01	1.467563929609242424e-01	2.701006566426470412e-01	1.611934543716669332e-01	7.649698233334475961e-02	3.250895957608426756e-02	8.158217184815218237e-02
1.347319004502996449e+03	2.310834429166228332e-01	1.465650035027659948e-01	2.703007215431576515e-01	1.613076196313515676e-01	7.654563989696273885e-02	3.254242179034654014e-02	8.165515071864810903e-02
1.349737889609823924e+03	2.308062947657527064e-01	1.463741494585269753e-01	2.705001989241089810e-01	1.614214542993108181e-01	7.659416493829830641e-02	3.257580746173875663e-02	8.172793015211884948e-02
1.352156774716651853e+03	2.305299355018845531e-01	1.461838293760192031e-01	2.706990904557269872e-01	1.615349594420402990e-01	7.664255782797176064e-02	3.260911669324813994e-02	8.180051070296444349e-02
1.354575659823479100e+03	2.302543628200088011e-01	1.459940418063474243e-01	2.708973978035459362e-01	1.616481361219644086e-01	7.669081893556378704e-02	3.264234958837864548e-02	8.187289292404634211e-02
1.356994544930307029e+03	2.299795744226133254e-01	1.458047853039103892e-01	2.710951226284212257e-01	1.617609853974563416e-01	7.673894862961845587e-02	3.267550625114376550e-02	8.194507736669182085e-02
1.359413430037134731e+03	2.297055680196497529e-01	1.456160584264022395e-01	2.712922665865419858e-01	1.618735083228578231e-01	7.678694727764609484e-02	3.270858678605920167e-02	8.201706458069824013e-02
1.361832315143962205e+03	2.294323413284996283e-01	1.454278597348136193e-01	2.714888313294439581e-01	1.619857059484987594e-01	7.683481524612620350e-02	3.274159129813580815e-02	8.208885511433740290e-02
1.364251200250789907e+03	2.291598920739411349e-01	1.452401877934327568e-01	2.716848185040221519e-01	1.620975793207167504e-01	7.688255290051035362e-02	3.277451989287243073e-02	8.216044951435982902e-02
1.366670085357617609e+03	2.288882179881161216e-01	1.450530411698463529e-01	2.718802297525432787e-01	1.622091294818766571e-01	7.693016060522503419e-02	3.280737267624889847e-02	8.223184832599904348e-02
1.369088970464445310e+03	2.286173168104971565e-01	1.448664184349403583e-01	2.720750667126585753e-01	1.623203574703896979e-01	7.697763872367460736e-02	3.284014975471902936e-02	8.230305209297592017e-02
1.371507855571272785e+03	2.283471862878549974e-01	1.446803181629005564e-01	2.722693310174164605e-01	1.624312643207327100e-01	7.702498761824409790e-02	3.287285123520373303e-02	8.237406135750283132e-02
1.373926740678100487e+03	2.280778241742261181e-01	1.444947389312130348e-01	2.724630242952748027e-01	1.625418510634672187e-01	7.707220765030209364e-02	3.290547722508415512e-02	8.244487666028796347e-02
1.376345625784927961e+03	2.278092282308807615e-01	1.443096793206646022e-01	2.726561481701137435e-01	1.626521187252583101e-01	7.711929918020353492e-02	3.293802783219487024e-02	8.251549854053956412e-02
1.378764510891755890e+03	2.275413962262909373e-01	1.441251379153429546e-01	2.728487042612480207e-01	1.627620683288935055e-01	7.716626256729265665e-02	3.297050316481715815e-02	8.258592753597011893e-02
1.381183395998583137e+03	2.272743259360988921e-01	1.439411133026368694e-01	2.730406941834395695e-01	1.628717008933013854e-01	7.721309816990576391e-02	3.300290333167232165e-02	8.265616418280057054e-02
1.383602281105411066e+03	2.270080151430857174e-01	1.437576040732360949e-01	2.732321195469097908e-01	1.629810174335701856e-01	7.725980634537400749e-02	3.303522844191506685e-02	8.272620901576452357e-02
1.386021166212238768e+03	2.267424616371400969e-01	1.435746088211312388e-01	2.734229819573521514e-01	1.630900189609662543e-01	7.730638745002628431e-02	3.306747860512691817e-02	8.279606256811239406e-02
1.388440051319066470e+03	2.264776632152274150e-01	1.433921261436135741e-01	2.736132830159444529e-01	1.631987064829525380e-01	7.735284183919202694e-02	3.309965393130976513e-02	8.286572537161560059e-02
1.390858936425893944e+03	2.262136176813591137e-01	1.432101546412744841e-01	2.738030243193611546e-01	1.633070810032065667e-01	7.739916986720396519e-02	3.313175453087933986e-02	8.293519795657069982e-02
1.393277821532721646e+03	2.259503228465621072e-01	1.430286929180051569e-01	2.739922074597860302e-01	1.634151435216386894e-01	7.744537188740092948e-02	3.316378051465890958e-02	8.300448085180352209e-02
1.395696706639549120e+03	2.256877765288485826e-01	1.428477395809958639e-01	2.741808340249238252e-01	1.635228950344101984e-01	7.749144825213065413e-02	3.319573199387287898e-02	8.307357458467332090e-02
1.398115591746377049e+03	2.254259765531859971e-01	1.426672932407352934e-01	2.743689055980131908e-01	1.636303365339509819e-01	7.753739931275253905e-02	3.322760908014051745e-02	8.314247968107685294e-02
1.400534476853204296e+03	2.251649207514671569e-01	1.424873525110095795e-01	2.745564237578385081e-01	1.637374690089774820e-01	7.758322541964041141e-02	3.325941188546974181e-02	8.321119666545247207e-02
1.402953361960032225e+03	2.249046069624807132e-01	1.423079160089016082e-01	2.747433900787422112e-01	1.638442934445103472e-01	7.762892692218527346e-02	3.329114052225094766e-02	8.327972606078423712e-02
1.405372247066859927e+03	2.246450330318817135e-01	1.421289823547896847e-01	2.749298061306370555e-01	1.639508108218919180e-01	7.767450416879809194e-02	3.332279510325087540e-02	8.334806838860599199e-02
1.407791132173687402e+03	2.243861968121624306e-01	1.419505501723466179e-01	2.751156734790180525e-01	1.640570221188037692e-01	7.771995750691249039e-02	3.335437574160657337e-02	8.341622416900537629e-02
1.410210017280515103e+03	2.241280961626233581e-01	1.417726180885382214e-01	2.753009936849749595e-01	1.641629283092840286e-01	7.776528728298752469e-02	3.338588255081936101e-02	8.348419392062790545e-02
1.412628902387342805e+03	2.238707289493444830e-01	1.415951847336222313e-01	2.754857683052038819e-01	1.642685303637445582e-01	7.781049384251037537e-02	3.341731564474887534e-02	8.355197816068099526e-02
1.415047787494170507e+03	2.236140930451566977e-01	1.414182487411465294e-01	2.756699988920198185e-01	1.643738292489881625e-01	7.785557752999908154e-02	3.344867513760716587e-02	8.361957740493797253e-02
1.417466672600997981e+03	2.233581863296135173e-01	1.412418087479478113e-01	2.758536869933682634e-01	1.644788259282256304e-01	7.790053868900524703e-02	3.347996114395283829e-02	8.368699216774211358e-02
1.419885557707825683e+03	2.231030066889627406e-01	1.410658633941498097e-01	2.760368341528375846e-01	1.645835213610926107e-01	7.794537766211678820e-02	3.351117377868527425e-02	8.375422296201058547e-02
1.422304442814653157e+03	2.228485520161186395e-01	1.408904113231616573e-01	2.762194419096707931e-01	1.646879165036664594e-01	7.799009479096051523e-02	3.354231315703883054e-02	8.382127029923848449e-02
1.424723327921481086e+03	2.225948202106342033e-01	1.407154511816757769e-01	2.764015117987775882e-01	1.647920123084829214e-01	7.803469041620493540e-02	3.357337939457720466e-02	8.388813468950273577e-02
1.427142213028308333e+03	2.223418091786734108e-01	1.405409816196662443e-01	2.765830453507461817e-01	1.648958097245528387e-01	7.807916487756288992e-02	3.360437260718772412e-02	8.395481664146613177e-02
1.429561098135136262e+03	2.220895168329839742e-01	1.403670012903865949e-01	2.767640440918551215e-01	1.649993096973785822e-01	7.812351851379417678e-02	3.363529291107576757e-02	8.402131666238119023e-02
1.431979983241963964e+03	2.218379410928701112e-01	1.401935088503677151e-01	2.769445095440853932e-01	1.651025131689704550e-01	7.816775166270829855e-02	3.366614042275923452e-02	8.408763525809413719e-02
1.434398868348791666e+03	2.215870798841655664e-01	1.400205029594156214e-01	2.771244432251320222e-01	1.652054210778631238e-01	7.821186466116707148e-02	3.369691525906301499e-02	8.415377293304884820e-02
1.436817753455619140e+03	2.213369311392066607e-01	1.398479822806091843e-01	2.773038466484161191e-01	1.653080343591317170e-01	7.825585784508726217e-02	3.372761753711354948e-02	8.421973019029070640e-02
1.439236638562446842e+03	2.210874927968058123e-01	1.396759454802977418e-01	2.774827213230963707e-01	1.654103539444080062e-01	7.829973154944326608e-02	3.375824737433343742e-02	8.428550753147050212e-02
1.441655523669274316e+03	2.208387628022250027e-01	1.395043912280985732e-01	2.776610687540810307e-01	1.655123807618964493e-01	7.834348610826973036e-02	3.378880488843605256e-02	8.435110545684830485e-02
1.444074408776102018e+03	2.205907391071495194e-01	1.393333181968944845e-01	2.778388904420393546e-01	1.656141157363900107e-01	7.838712185466413518e-02	3.381929019742025561e-02	8.441652446529739062e-02
1.446493293882929493e+03	2.203434196696618108e-01	1.391627250628309498e-01	2.780161878834135902e-01	1.657155597892861210e-01	7.843063912078947209e-02	3.384970341956512752e-02	8.448176505430807226e-02
1.448912178989757422e+03	2.200968024542156176e-01	1.389926105053136407e-01	2.781929625704304687e-01	1.658167138386023032e-01	7.847403823787682531e-02	3.388004467342474457e-02	8.454682771999150193e-02
1.451331064096585123e+03	2.198508854316102434e-01	1.388229732070055400e-01	2.783692159911127506e-01	1.659175787989918827e-01	7.851731953622800853e-02	3.391031407782303664e-02	8.461171295708355689e-02
1.453749949203412370e+03	2.196056665789649087e-01	1.386538118538240549e-01	2.785449496292912164e-01	1.660181555817595023e-01	7.856048334521809062e-02	3.394051175184864544e-02	8.467642125894864202e-02
1.456168834310240300e+03	2.193611438796933544e-01	1.384851251349380197e-01	2.787201649646156021e-01	1.661184450948766378e-01	7.860352999329803247e-02	3.397063781484986611e-02	8.474095311758347848e-02
1.458587719417068001e+03	2.191173153234786397e-01	1.383169117427648642e-01	2.788948634725668119e-01	1.662184482429968357e-01	7.864645980799728209e-02	3.400069238642958874e-02	8.480530902362098944e-02
1.461006604523895703e+03	2.188741789062480791e-01	1.381491703729673115e-01	2.790690466244679646e-01	1.663181659274710622e-01	7.868927311592631424e-02	3.403067558644035095e-02	8.486948946633396385e-02
1.463425489630723177e+03	2.186317326301482900e-01	1.379818997244503520e-01	2.792427158874959403e-01	1.664175990463628574e-01	7.873197024277922562e-02	3.406058753497936964e-02	8.493349493363894220e-02
1.465844374737550879e+03	2.183899745035205175e-01	1.378150984993579964e-01	2.794158727246931484e-01	1.665167484944634624e-01	7.877455151333627448e-02	3.409042835238364905e-02	8.499732591209989419e-02
1.468263259844378354e+03	2.181489025408759608e-01	1.376487654030699448e-01	2.795885185949786855e-01	1.666156151633067795e-01	7.881701725146646187e-02	3.412019815922515131e-02	8.506098288693200726e-02
1.470682144951206283e+03	2.179085147628715136e-01	1.374828991441982284e-01	2.797606549531596043e-01	1.667141999411842768e-01	7.885936778013000192e-02	3.414989707630597393e-02	8.512446634200547535e-02
1.473101030058033530e+03	2.176688091962852567e-01	1.373174984345837402e-01	2.799322832499426261e-01	1.668125037131597543e-01	7.890160342138097249e-02	3.417952522465357579e-02	8.518777675984913478e-02
1.475519915164861459e+03	2.174297838739925881e-01	1.371525619892927927e-01	2.801034049319453545e-01	1.669105273610842766e-01	7.894372449636972988e-02	3.420908272551607954e-02	8.525091462165423906e-02
1.477938800271689161e+03	2.171914368349421864e-01	1.369880885266135939e-01	2.802740214417073772e-01	1.670082717636105774e-01	7.898573132534553176e-02	3.423856970035758090e-02	8.531388040727817812e-02
1.480357685378516862e+03	2.169537661241321969e-01	1.368240767680524994e-01	2.804441342177019236e-01	1.671057377962077428e-01	7.902762422765902128e-02	3.426798627085350657e-02	8.537667459524814206e-02
1.482776570485344337e+03	2.167167697925866388e-01	1.366605254383303769e-01	2.806137446943468006e-01	1.672029263311756442e-01	7.906940352176468345e-02	3.429733255888604143e-02	8.543929766276479876e-02
