1.001418434226643626e+03	2.797650447755170022e-01	1.804669851826380400e-01	2.348990818509466005e-01	1.410159493394789743e-01	6.802964813559943258e-02	2.693636945945143690e-02	6.888692125622333795e-02
1.002869765290740247e+03	2.795122949507782284e-01	1.802981684985631161e-01	2.350816667525709724e-01	1.411206295382037290e-01	6.807253704545741801e-02	2.696326951985522982e-02	6.895143369442617576e-02
1.004321096354836754e+03	2.792599928237183837e-01	1.801296223791158668e-01	2.352639354837518793e-01	1.412251152809990418e-01	6.811535496125510625e-02	2.699014021426179855e-02	6.901583885675285912e-02
1.005772427418933376e+03	2.790081375323937851e-01	1.799613464493694803e-01	2.354458885726447848e-01	1.413294069862778002e-01	6.815810200546225384e-02	2.701698152660820737e-02	6.908013692709868980e-02
1.007223758483029997e+03	2.787567282168808003e-01	1.797933403345731707e-01	2.356275265465677948e-01	1.414335050713645126e-01	6.820077830029162846e-02	2.704379344114414205e-02	6.914432808903298033e-02
1.008675089547126618e+03	2.785057640192693529e-01	1.796256036601544814e-01	2.358088499320027676e-01	1.415374099524985552e-01	6.824338396770035509e-02	2.707057594243007792e-02	6.920841252579938707e-02
1.010126420611223239e+03	2.782552440836565388e-01	1.794581360517214230e-01	2.359898592545963680e-01	1.416411220448373920e-01	6.828591912939128983e-02	2.709732901533542723e-02	6.927239042031647920e-02
1.011577751675319632e+03	2.780051675561401314e-01	1.792909371350646652e-01	2.361705550391612896e-01	1.417446417624597388e-01	6.832838390681415797e-02	2.712405264503673155e-02	6.933626195517821056e-02
1.013029082739416367e+03	2.777555335848122531e-01	1.791240065361597023e-01	2.363509378096771141e-01	1.418479695183687272e-01	6.837077842116695559e-02	2.715074681701582296e-02	6.940002731265439151e-02
1.014480413803512761e+03	2.775063413197529916e-01	1.789573438811689898e-01	2.365310080892916167e-01	1.419511057244950969e-01	6.841310279339712919e-02	2.717741151705804076e-02	6.946368667469116076e-02
1.015931744867609382e+03	2.772575899130239607e-01	1.787909487964440824e-01	2.367107664003217926e-01	1.420540507917004980e-01	6.845535714420283857e-02	2.720404673125041348e-02	6.952724022291151273e-02
1.017383075931706003e+03	2.770092785186620832e-01	1.786248209085277150e-01	2.368902132642549119e-01	1.421568051297804891e-01	6.849754159403415033e-02	2.723065244597988946e-02	6.959068813861582492e-02
1.018834406995802851e+03	2.767614062926734841e-01	1.784589598441560510e-01	2.370693492017495740e-01	1.422593691474678124e-01	6.853965626309424519e-02	2.725722864793155703e-02	6.965403060278228808e-02
1.020285738059899245e+03	2.765139723930269966e-01	1.782933652302605421e-01	2.372481747326370127e-01	1.423617432524355575e-01	6.858170127134062544e-02	2.728377532408687162e-02	6.971726779606741975e-02
1.021737069123995752e+03	2.762669759796478886e-01	1.781280366939701487e-01	2.374266903759219838e-01	1.424639278513001872e-01	6.862367673848623895e-02	2.731029246172191408e-02	6.978039989880660543e-02
1.023188400188092373e+03	2.760204162144119788e-01	1.779629738626133106e-01	2.376048966497838755e-01	1.425659233496249512e-01	6.866558278400067272e-02	2.733678004840562822e-02	6.984342709101458435e-02
1.024639731252188767e+03	2.757742922611390313e-01	1.777981763637200008e-01	2.377827940715779298e-01	1.426677301519228003e-01	6.870741952711123535e-02	2.736323807199809305e-02	6.990634955238592130e-02
1.026091062316285615e+03	2.755286032855869260e-01	1.776336438250237793e-01	2.379603831578361584e-01	1.427693486616595231e-01	6.874918708680415047e-02	2.738966652064879839e-02	6.996916746229558948e-02
1.027542393380382237e+03	2.752833484554454979e-01	1.774693758744637362e-01	2.381376644242685914e-01	1.428707792812570487e-01	6.879088558182562541e-02	2.741606538279493105e-02	7.003188099979942849e-02
1.028993724444478858e+03	2.750385269403304300e-01	1.773053721401864624e-01	2.383146383857642492e-01	1.429720224120964445e-01	6.883251513068291971e-02	2.744243464715965045e-02	7.009449034363461617e-02
1.030445055508575479e+03	2.747941379117770921e-01	1.771416322505480478e-01	2.384913055563923912e-01	1.430730784545210243e-01	6.887407585164546930e-02	2.746877430275041637e-02	7.015699567222030697e-02
1.031896386572671872e+03	2.745501805432345455e-01	1.769781558341159966e-01	2.386676664494033762e-01	1.431739478078395689e-01	6.891556786274592727e-02	2.749508433885727854e-02	7.021939716365802053e-02
1.033347717636768493e+03	2.743066540100594919e-01	1.768149425196712810e-01	2.388437215772299671e-01	1.432746308703292670e-01	6.895699128178120474e-02	2.752136474505120084e-02	7.028169499573226620e-02
1.034799048700865114e+03	2.740635574895103899e-01	1.766519919362100899e-01	2.390194714514883301e-01	1.433751280392389915e-01	6.899834622631352554e-02	2.754761551118240989e-02	7.034388934591098708e-02
1.036250379764961508e+03	2.738208901607412926e-01	1.764893037129457998e-01	2.391949165829790891e-01	1.434754397107921853e-01	6.903963281367142546e-02	2.757383662737871582e-02	7.040598039134607355e-02
1.037701710829058356e+03	2.735786512047962415e-01	1.763268774793109450e-01	2.393700574816884918e-01	1.435755662801901922e-01	6.908085116095082079e-02	2.760002808404386082e-02	7.046796830887396001e-02
1.039153041893154750e+03	2.733368398046030490e-01	1.761647128649589666e-01	2.395448946567895199e-01	1.436755081416151436e-01	6.912200138501591040e-02	2.762618987185588501e-02	7.052985327501608281e-02
1.040604372957251599e+03	2.730954551449674139e-01	1.760028094997660164e-01	2.397194286166428601e-01	1.437752656882330671e-01	6.916308360250023046e-02	2.765232198176549583e-02	7.059163546597943539e-02
1.042055704021347992e+03	2.728544964125672045e-01	1.758411670138330385e-01	2.398936598687980426e-01	1.438748393121969948e-01	6.920409792980763974e-02	2.767842440499443737e-02	7.065331505765708175e-02
1.043507035085444613e+03	2.726139627959465739e-01	1.756797850374874070e-01	2.400675889199946622e-01	1.439742294046499893e-01	6.924504448311320781e-02	2.770449713303387018e-02	7.071489222562871158e-02
1.044958366149541234e+03	2.723738534855100757e-01	1.755186632012847581e-01	2.402412162761632386e-01	1.440734363557281961e-01	6.928592337836422810e-02	2.773054015764277874e-02	7.077636714516112593e-02
1.046409697213637855e+03	2.721341676735168913e-01	1.753578011360107936e-01	2.404145424424265209e-01	1.441724605545638416e-01	6.932673473128111996e-02	2.775655347084636168e-02	7.083773999120879239e-02
1.047861028277734476e+03	2.718949045540752785e-01	1.751971984726831133e-01	2.405875679231004038e-01	1.442713023892883695e-01	6.936747865735837237e-02	2.778253706493444275e-02	7.089901093841437241e-02
1.049312359341831097e+03	2.716560633231363542e-01	1.750368548425529358e-01	2.407602932216951208e-01	1.443699622470353550e-01	6.940815527186544598e-02	2.780849093245989917e-02	7.096018016110924864e-02
1.050763690405927491e+03	2.714176431784888210e-01	1.748767698771067636e-01	2.409327188409163545e-01	1.444684405139436412e-01	6.944876468984768902e-02	2.783441506623708650e-02	7.102124783331406621e-02
1.052215021470024112e+03	2.711796433197530276e-01	1.747169432080682983e-01	2.411048452826661803e-01	1.445667375751601980e-01	6.948930702612718391e-02	2.786030945934026698e-02	7.108221412873928780e-02
1.053666352534120733e+03	2.709420629483754728e-01	1.745573744674000227e-01	2.412766730480442878e-01	1.446648538148432306e-01	6.952978239530369087e-02	2.788617410510206909e-02	7.114307922078566548e-02
1.055117683598217127e+03	2.707049012676229216e-01	1.743980632873050052e-01	2.414482026373490076e-01	1.447627896161651773e-01	6.957019091175548064e-02	2.791200899711192632e-02	7.120384328254483752e-02
1.056569014662313975e+03	2.704681574825771317e-01	1.742390093002284812e-01	2.416194345500785046e-01	1.448605453613156790e-01	6.961053268964023655e-02	2.793781412921454710e-02	7.126450648679984179e-02
1.058020345726410369e+03	2.702318308001287472e-01	1.740802121388596024e-01	2.417903692849316943e-01	1.449581214315045219e-01	6.965080784289580385e-02	2.796358949550838829e-02	7.132506900602564315e-02
1.059471676790506763e+03	2.699959204289722470e-01	1.739216714361331018e-01	2.419610073398094641e-01	1.450555182069646343e-01	6.969101648524113346e-02	2.798933509034412168e-02	7.138553101238968857e-02
1.060923007854603611e+03	2.697604255796001715e-01	1.737633868252308755e-01	2.421313492118156718e-01	1.451527360669551125e-01	6.973115873017708688e-02	2.801505090832313513e-02	7.144589267775243446e-02
1.062374338918700232e+03	2.695253454642972391e-01	1.736053579395837321e-01	2.423013953972582846e-01	1.452497753897640798e-01	6.977123469098721331e-02	2.804073694429601998e-02	7.150615417366788795e-02
1.063825669982796853e+03	2.692906792971356267e-01	1.734475844128729183e-01	2.424711463916504051e-01	1.453466365527116833e-01	6.981124448073859623e-02	2.806639319336106525e-02	7.156631567138417582e-02
1.065277001046893474e+03	2.690564262939687534e-01	1.732900658790317294e-01	2.426406026897114931e-01	1.454433199321530090e-01	6.985118821228265829e-02	2.809201965086278313e-02	7.162637734184404414e-02
1.066728332110990095e+03	2.688225856724261731e-01	1.731328019722471745e-01	2.428097647853682539e-01	1.455398259034811348e-01	6.989106599825592459e-02	2.811761631239042755e-02	7.168633935568539950e-02
1.068179663175086489e+03	2.685891566519080231e-01	1.729757923269615028e-01	2.429786331717558867e-01	1.456361548411298779e-01	6.993087795108084148e-02	2.814318317377650230e-02	7.174620188324187797e-02
1.069630994239183110e+03	2.683561384535796401e-01	1.728190365778737581e-01	2.431472083412191121e-01	1.457323071185767371e-01	6.997062418296652597e-02	2.816872023109531775e-02	7.180596509454337251e-02
1.071082325303279504e+03	2.681235303003661752e-01	1.726625343599414164e-01	2.433154907853131987e-01	1.458282831083460296e-01	7.001030480590952898e-02	2.819422748066151979e-02	7.186562915931657414e-02
1.072533656367376352e+03	2.678913314169472648e-01	1.725062853083817738e-01	2.434834809948051293e-01	1.459240831820114714e-01	7.004991993169462638e-02	2.821970491902864309e-02	7.192519424698549935e-02
1.073984987431472746e+03	2.676595410297515909e-01	1.723502890586735836e-01	2.436511794596746550e-01	1.460197077101992591e-01	7.008946967189549904e-02	2.824515254298767472e-02	7.198466052667210069e-02
1.075436318495569594e+03	2.674281583669515516e-01	1.721945452465585558e-01	2.438185866691153503e-01	1.461151570625909835e-01	7.012895413787556542e-02	2.827057034956561091e-02	7.204402816719671088e-02
1.076887649559666215e+03	2.671971826584580989e-01	1.720390535080428551e-01	2.439857031115357233e-01	1.462104316079263500e-01	7.016837344078860617e-02	2.829595833602403451e-02	7.210329733707865341e-02
1.078338980623762609e+03	2.669666131359152428e-01	1.718838134793984895e-01	2.441525292745603259e-01	1.463055317140062039e-01	7.020772769157959670e-02	2.832131649985769259e-02	7.216246820453674216e-02
1.079790311687859230e+03	2.667364490326949444e-01	1.717288247971649751e-01	2.443190656450307530e-01	1.464004577476953062e-01	7.024701700098531787e-02	2.834664483879309124e-02	7.222154093748990589e-02
1.081241642751955851e+03	2.665066895838918426e-01	1.715740870981505850e-01	2.444853127090067524e-01	1.464952100749252195e-01	7.028624147953517476e-02	2.837194335078708704e-02	7.228051570355763233e-02
1.082692973816052472e+03	2.662773340263179245e-01	1.714196000194340430e-01	2.446512709517673634e-01	1.465897890606971399e-01	7.032540123755179340e-02	2.839721203402547842e-02	7.233939267006057883e-02
1.084144304880149093e+03	2.660483815984975298e-01	1.712653631983656333e-01	2.448169408578119433e-01	1.466841950690847274e-01	7.036449638515178406e-02	2.842245088692164565e-02	7.239817200402107189e-02
1.085595635944245487e+03	2.658198315406620216e-01	1.711113762725689214e-01	2.449823229108611944e-01	1.467784284632369374e-01	7.040352703224639352e-02	2.844765990811513878e-02	7.245685387216370399e-02
1.087046967008342108e+03	2.655916830947446794e-01	1.709576388799419755e-01	2.451474175938583855e-01	1.468724896053808515e-01	7.044249328854221281e-02	2.847283909647032110e-02	7.251543844091581925e-02
1.088498298072438729e+03	2.653639355043755366e-01	1.708041506586588654e-01	2.453122253889703230e-01	1.469663788568245366e-01	7.048139526354182949e-02	2.849798845107498479e-02	7.257392587640811021e-02
1.089949629136535123e+03	2.651365880148763843e-01	1.706509112471709944e-01	2.454767467775884615e-01	1.470600965779597646e-01	7.052023306654445212e-02	2.852310797123901176e-02	7.263231634447511742e-02
1.091400960200631971e+03	2.649096398732554980e-01	1.704979202842085151e-01	2.456409822403299026e-01	1.471536431282648161e-01	7.055900680664663194e-02	2.854819765649299970e-02	7.269061001065581229e-02
1.092852291264728365e+03	2.646830903282026415e-01	1.703451774087815507e-01	2.458049322570386164e-01	1.472470188663073387e-01	7.059771659274291511e-02	2.857325750658692987e-02	7.274880704019411060e-02
1.094303622328825213e+03	2.644569386300841263e-01	1.701926822601817768e-01	2.459685973067864684e-01	1.473402241497470400e-01	7.063636253352643946e-02	2.859828752148882089e-02	7.280690759803944145e-02
1.095754953392921607e+03	2.642311840309376492e-01	1.700404344779835319e-01	2.461319778678741355e-01	1.474332593353385457e-01	7.067494473748961448e-02	2.862328770138339654e-02	7.286491184884727468e-02
1.097206284457018228e+03	2.640058257844671852e-01	1.698884337020452606e-01	2.462950744178324380e-01	1.475261247789340924e-01	7.071346331292467646e-02	2.864825804667076731e-02	7.292281995697966201e-02
1.098657615521114849e+03	2.637808631460383801e-01	1.697366795725108179e-01	2.464578874334231728e-01	1.476188208354863585e-01	7.075191836792446565e-02	2.867319855796510511e-02	7.298063208650579226e-02
1.100108946585211470e+03	2.635562953726731106e-01	1.695851717298106909e-01	2.466204173906404173e-01	1.477113478590510731e-01	7.079031001038287030e-02	2.869810923609332834e-02	7.303834840120254634e-02
1.101560277649308091e+03	2.633321217230449318e-01	1.694339098146633860e-01	2.467826647647114180e-01	1.478037062027899307e-01	7.082863834799556224e-02	2.872299008209381124e-02	7.309596906455499699e-02
1.103011608713404712e+03	2.631083414574739154e-01	1.692828934680765951e-01	2.469446300300977282e-01	1.478958962189731718e-01	7.086690348826056585e-02	2.874784109721506206e-02	7.315349423975699150e-02
1.104462939777501106e+03	2.628849538379217643e-01	1.691321223313485556e-01	2.471063136604963184e-01	1.479879182589823872e-01	7.090510553847884090e-02	2.877266228291446709e-02	7.321092408971169307e-02
1.105914270841597499e+03	2.626619581279869831e-01	1.689815960460692712e-01	2.472677161288405201e-01	1.480797726733132369e-01	7.094324460575489322e-02	2.879745364085697229e-02	7.326825877703210810e-02
1.107365601905694348e+03	2.624393535928999932e-01	1.688313142541216783e-01	2.474288379073013577e-01	1.481714598115781434e-01	7.098132079699737140e-02	2.882221517291382387e-02	7.332549846404161353e-02
1.108816932969790741e+03	2.622171394995183036e-01	1.686812765976829775e-01	2.475896794672882983e-01	1.482629800225089001e-01	7.101933421891963583e-02	2.884694688116129155e-02	7.338264331277452590e-02
1.110268264033887590e+03	2.619953151163217364e-01	1.685314827192258003e-01	2.477502412794505005e-01	1.483543336539594748e-01	7.105728497804034149e-02	2.887164876787940565e-02	7.343969348497667027e-02
1.111719595097984211e+03	2.617738797134073203e-01	1.683819322615194014e-01	2.479105238136779243e-01	1.484455210529086466e-01	7.109517318068403480e-02	2.889632083555070466e-02	7.349664914210583821e-02
1.113170926162080832e+03	2.615528325624849604e-01	1.682326248676309088e-01	2.480705275391022757e-01	1.485365425654626981e-01	7.113299893298169474e-02	2.892096308685896539e-02	7.355351044533239846e-02
1.114622257226177226e+03	2.613321729368722757e-01	1.680835601809264057e-01	2.482302529240981159e-01	1.486273985368580797e-01	7.117076234087131581e-02	2.894557552468798520e-02	7.361027755553981033e-02
1.116073588290273847e+03	2.611119001114899918e-01	1.679347378450721795e-01	2.483897004362839445e-01	1.487180893114639635e-01	7.120846351009842146e-02	2.897015815212031567e-02	7.366695063332517890e-02
1.117524919354370468e+03	2.608920133628572779e-01	1.677861575040358599e-01	2.485488705425232536e-01	1.488086152327850742e-01	7.124610254621666083e-02	2.899471097243605175e-02	7.372352983899975454e-02
1.118976250418467089e+03	2.606725119690869730e-01	1.676378188020876125e-01	2.487077637089256665e-01	1.488989766434641315e-01	7.128367955458836391e-02	2.901923398911159663e-02	7.378001533258952971e-02
1.120427581482563710e+03	2.604533952098809779e-01	1.674897213838011656e-01	2.488663804008478531e-01	1.489891738852846814e-01	7.132119464038505496e-02	2.904372720581844397e-02	7.383640727383575242e-02
1.121878912546660331e+03	2.602346623665252046e-01	1.673418648940550035e-01	2.490247210828947788e-01	1.490792072991735384e-01	7.135864790858799378e-02	2.906819062642196361e-02	7.389270582219543970e-02
1.123330243610756725e+03	2.600163127218854675e-01	1.671942489780335328e-01	2.491827862189205656e-01	1.491690772252034780e-01	7.139603946398870304e-02	2.909262425498019763e-02	7.394891113684194661e-02
1.124781574674853118e+03	2.597983455604024883e-01	1.670468732812280532e-01	2.493405762720297403e-01	1.492587840025959289e-01	7.143336941118952343e-02	2.911702809574265305e-02	7.400502337666547970e-02
1.126232905738949967e+03	2.595807601680873988e-01	1.668997374494379793e-01	2.494980917045781232e-01	1.493483279697233601e-01	7.147063785460415486e-02	2.914140215314911520e-02	7.406104270027367986e-02
1.127684236803046360e+03	2.593635558325171342e-01	1.667528411287718948e-01	2.496553329781740493e-01	1.494377094641120562e-01	7.150784489845808667e-02	2.916574643182846122e-02	7.411696926599208035e-02
1.129135567867143209e+03	2.591467318428297695e-01	1.666061839656485799e-01	2.498123005536793950e-01	1.495269288224446158e-01	7.154499064678922216e-02	2.919006093659746656e-02	7.417280323186473123e-02
1.130586898931239830e+03	2.589302874897199125e-01	1.664597656067980658e-01	2.499689948912105775e-01	1.496159863805625878e-01	7.158207520344829489e-02	2.921434567245963579e-02	7.422854475565465737e-02
1.132038229995336451e+03	2.587142220654344849e-01	1.663135856992627726e-01	2.501254164501395816e-01	1.497048824734689143e-01	7.161909867209946545e-02	2.923860064460403682e-02	7.428419399484442742e-02
1.133489561059432845e+03	2.584985348637678371e-01	1.661676438903985087e-01	2.502815656890951534e-01	1.497936174353305949e-01	7.165606115622072392e-02	2.926282585840412828e-02	7.433975110663670893e-02
1.134940892123529466e+03	2.582832251800573631e-01	1.660219398278753866e-01	2.504374430659638273e-01	1.498821915994812404e-01	7.169296275910445881e-02	2.928702131941660070e-02	7.439521624795475407e-02
1.136392223187626087e+03	2.580682923111791149e-01	1.658764731596790165e-01	2.505930490378907582e-01	1.499706052984235427e-01	7.172980358385797062e-02	2.931118703338023851e-02	7.445058957544298250e-02
1.137843554251722708e+03	2.578537355555430843e-01	1.657312435341114498e-01	2.507483840612811377e-01	1.500588588638318288e-01	7.176658373340388808e-02	2.933532300621476130e-02	7.450587124546746709e-02
1.139294885315819101e+03	2.576395542130888172e-01	1.655862505997921785e-01	2.509034485918010815e-01	1.501469526265545862e-01	7.180330331048068171e-02	2.935942924401968232e-02	7.456106141411646127e-02
1.140746216379915950e+03	2.574257475852813615e-01	1.654414940056591066e-01	2.510582430843786850e-01	1.502348869166170164e-01	7.183996241764319113e-02	2.938350575307318094e-02	7.461616023720098190e-02
1.142197547444012343e+03	2.572123149751062710e-01	1.652969734009695213e-01	2.512127679932049107e-01	1.503226620632235055e-01	7.187656115726302752e-02	2.940755253983096812e-02	7.467116787025532276e-02
1.143648878508108737e+03	2.569992556870655531e-01	1.651526884353010927e-01	2.513670237717349765e-01	1.504102783947601496e-01	7.191309963152912876e-02	2.943156961092517274e-02	7.472608446853754027e-02
1.145100209572205586e+03	2.567865690271730617e-01	1.650086387585528169e-01	2.515210108726890770e-01	1.504977362387971418e-01	7.194957794244814797e-02	2.945555697316321400e-02	7.478091018703000858e-02
1.146551540636302207e+03	2.565742543029504441e-01	1.648648240209460158e-01	2.516747297480538270e-01	1.505850359220914647e-01	7.198599619184499476e-02	2.947951463352669124e-02	7.483564518043998859e-02
1.148002871700398828e+03	2.563623108234224790e-01	1.647212438730252249e-01	2.518281808490829277e-01	1.506721777705891108e-01	7.202235448136326545e-02	2.950344259917028061e-02	7.489028960320008588e-02
1.149454202764495449e+03	2.561507378991129125e-01	1.645778979656591368e-01	2.519813646262983875e-01	1.507591621094277468e-01	7.205865291246567328e-02	2.952734087742063876e-02	7.494484360946880586e-02
1.150905533828591842e+03	2.559395348420400729e-01	1.644347859500414621e-01	2.521342815294916329e-01	1.508459892629390731e-01	7.209489158643457574e-02	2.955120947577530993e-02	7.499930735313109498e-02
1.152356864892688463e+03	2.557287009657125409e-01	1.642919074776919564e-01	2.522869320077243960e-01	1.509326595546513772e-01	7.213107060437237705e-02	2.957504840190161924e-02	7.505368098779885422e-02
1.153808195956785084e+03	2.555182355851249865e-01	1.641492622004573076e-01	2.524393165093299363e-01	1.510191733072917819e-01	7.216719006720197227e-02	2.959885766363561446e-02	7.510796466681143868e-02
1.155259527020881706e+03	2.553081380167538383e-01	1.640068497705119144e-01	2.525914354819139840e-01	1.511055308427888544e-01	7.220325007566724684e-02	2.962263726898095931e-02	7.516215854323622658e-02
1.156710858084978327e+03	2.550984075785528438e-01	1.638646698403588287e-01	2.527432893723559060e-01	1.511917324822749931e-01	7.223925073033343747e-02	2.964638722610789257e-02	7.521626276986910498e-02
1.158162189149074720e+03	2.548890435899492379e-01	1.637227220628307001e-01	2.528948786268093718e-01	1.512777785460888147e-01	7.227519213158765943e-02	2.967010754335213524e-02	7.527027749923499711e-02
1.159613520213171569e+03	2.546800453718393031e-01	1.635810060910905528e-01	2.530462036907040191e-01	1.513636693537775968e-01	7.231107437963930906e-02	2.969379822921384623e-02	7.532420288358840366e-02
1.161064851277267962e+03	2.544714122465838724e-01	1.634395215786326461e-01	2.531972650087460086e-01	1.514494052240995814e-01	7.234689757452045233e-02	2.971745929235655725e-02	7.537803907491391620e-02
1.162516182341364356e+03	2.542631435380048321e-01	1.632982681792834179e-01	2.533480630249191345e-01	1.515349864750265563e-01	7.238266181608632444e-02	2.974109074160612501e-02	7.543178622492671681e-02
1.163967513405461204e+03	2.540552385713802375e-01	1.631572455472021232e-01	2.534985981824862122e-01	1.516204134237460199e-01	7.241836720401571836e-02	2.976469258594967998e-02	7.548544448507310545e-02
1.165418844469557826e+03	2.538476966734407037e-01	1.630164533368818891e-01	2.536488709239895778e-01	1.517056863866637906e-01	7.245401383781144289e-02	2.978826483453459947e-02	7.553901400653101339e-02
1.166870175533654447e+03	2.536405171723650209e-01	1.628758912031504358e-01	2.537988816912528089e-01	1.517908056794061711e-01	7.248960181680069725e-02	2.981180749666745983e-02	7.559249494021054450e-02
1.168321506597751068e+03	2.534336993977759356e-01	1.627355588011707710e-01	2.539486309253810026e-01	1.518757716168224192e-01	7.252513124013552914e-02	2.983532058181301294e-02	7.564588743675446092e-02
1.169772837661847461e+03	2.532272426807362642e-01	1.625954557864422723e-01	2.540981190667623846e-01	1.519605845129870791e-01	7.256060220679320938e-02	2.985880409959316278e-02	7.569919164653873822e-02
1.171224168725944082e+03	2.530211463537447303e-01	1.624555818148011310e-01	2.542473465550691980e-01	1.520452446812023684e-01	7.259601481557671765e-02	2.988225805978594191e-02	7.575240771967303721e-02
1.172675499790040703e+03	2.528154097507319120e-01	1.623159365424213796e-01	2.543963138292585358e-01	1.521297524340004259e-01	7.263136916511507557e-02	2.990568247232450183e-02	7.580553580600120356e-02
1.174126830854137097e+03	2.526100322070561344e-01	1.621765196258156405e-01	2.545450213275737283e-01	1.522141080831456716e-01	7.266666535386381853e-02	2.992907734729609998e-02	7.585857605510186452e-02
1.175578161918233945e+03	2.524050130594994723e-01	1.620373307218358205e-01	2.546934694875451211e-01	1.522983119396372487e-01	7.270190348010532877e-02	2.995244269494110739e-02	7.591152861628883142e-02
1.177029492982330339e+03	2.522003516462637540e-01	1.618983694876738599e-01	2.548416587459912397e-01	1.523823643137111328e-01	7.273708364194932108e-02	2.997577852565198875e-02	7.596439363861169636e-02
1.178480824046426733e+03	2.519960473069662865e-01	1.617596355808625652e-01	2.549895895390196787e-01	1.524662655148426027e-01	7.277220593733320364e-02	2.999908484997233435e-02	7.601717127085633186e-02
1.179932155110523581e+03	2.517920993826363585e-01	1.616211286592762475e-01	2.551372623020283226e-01	1.525500158517484606e-01	7.280727046402242497e-02	3.002236167859584706e-02	7.606986166154532103e-02
1.181383486174620202e+03	2.515885072157107438e-01	1.614828483811315829e-01	2.552846774697062893e-01	1.526336156323893634e-01	7.284227731961095964e-02	3.004560902236537434e-02	7.612246495893855436e-02
1.182834817238716823e+03	2.513852701500302600e-01	1.613447944049881677e-01	2.554318354760349852e-01	1.527170651639720989e-01	7.287722660152166909e-02	3.006882689227193331e-02	7.617498131103371539e-02
1.184286148302813444e+03	2.511823875308353826e-01	1.612069663897494065e-01	2.555787367542891042e-01	1.528003647529518061e-01	7.291211840700663471e-02	3.009201529945372891e-02	7.622741086556676648e-02
1.185737479366910065e+03	2.509798587047624152e-01	1.610693639946631228e-01	2.557253817370376270e-01	1.528835147050343624e-01	7.294695283314764356e-02	3.011517425519517899e-02	7.627975377001246227e-02
1.187188810431006686e+03	2.507776830198397144e-01	1.609319868793222252e-01	2.558717708561449866e-01	1.529665153251784648e-01	7.298172997685647978e-02	3.013830377092596019e-02	7.633201017158486312e-02
1.188640141495103080e+03	2.505758598254838043e-01	1.607948347036655123e-01	2.560179045427719569e-01	1.530493669175981009e-01	7.301644993487539648e-02	3.016140385822005041e-02	7.638418021723782092e-02
1.190091472559199701e+03	2.503743884724953239e-01	1.606579071279782833e-01	2.561637832273767623e-01	1.531320697857645463e-01	7.305111280377744876e-02	3.018447452879477466e-02	7.643626405366549248e-02
1.191542803623296322e+03	2.501732683130550861e-01	1.605212038128929208e-01	2.563094073397160777e-01	1.532146242324088914e-01	7.308571867996682681e-02	3.020751579450985103e-02	7.648826182730286694e-02
1.192994134687392716e+03	2.499724987007205246e-01	1.603847244193897792e-01	2.564547773088462490e-01	1.532970305595240390e-01	7.312026765967929998e-02	3.023052766736644345e-02	7.654017368432620982e-02
1.194445465751489564e+03	2.497720789904216698e-01	1.602484686087976562e-01	2.565998935631237376e-01	1.533792890683670085e-01	7.315475983898260537e-02	3.025351015950623196e-02	7.659199977065360432e-02
1.195896796815585958e+03	2.495720085384572628e-01	1.601124360427944593e-01	2.567447565302069523e-01	1.534614000594611283e-01	7.318919531377673926e-02	3.027646328321047589e-02	7.664374023194546470e-02
1.197348127879682352e+03	2.493722867024910916e-01	1.599766263834079827e-01	2.568893666370565820e-01	1.535433638325982841e-01	7.322357417979442895e-02	3.029938705089907716e-02	7.669539521360498047e-02
1.198799458943779200e+03	2.491729128415481609e-01	1.598410392930163515e-01	2.570337243099370950e-01	1.536251806868411118e-01	7.325789653260138257e-02	3.032228147512966085e-02	7.674696486077865754e-02
1.200250790007875821e+03	2.489738863160107507e-01	1.597056744343487988e-01	2.571778299744174601e-01	1.537068509205251343e-01	7.329216246759677478e-02	3.034514656859665580e-02	7.679844931835679012e-02
1.201702121071972442e+03	2.487752064876148639e-01	1.595705314704862765e-01	2.573216840553723128e-01	1.537883748312610654e-01	7.332637208001352436e-02	3.036798234413037173e-02	7.684984873097398805e-02
1.203153452136069063e+03	2.485768727194463401e-01	1.594356100648619545e-01	2.574652869769830099e-01	1.538697527159367806e-01	7.336052546491868276e-02	3.039078881469609375e-02	7.690116324300960704e-02
1.204604783200165684e+03	2.483788843759371090e-01	1.593009098812619151e-01	2.576086391627384065e-01	1.539509848707197315e-01	7.339462271721379494e-02	3.041356599339316985e-02	7.695239299858831761e-02
1.206056114264262078e+03	2.481812408228616096e-01	1.591664305838257354e-01	2.577517410354362437e-01	1.540320715910589167e-01	7.342866393163528793e-02	3.043631389345411928e-02	7.700353814158057697e-02
1.207507445328358699e+03	2.479839414273328768e-01	1.590321718370470427e-01	2.578945930171839263e-01	1.541130131716871021e-01	7.346264920275474841e-02	3.045903252824372701e-02	7.705459881560304536e-02
1.208958776392455093e+03	2.477869855577989888e-01	1.588981333057741252e-01	2.580371955293995767e-01	1.541938099066230139e-01	7.349657862497936678e-02	3.048172191125815902e-02	7.710557516401919664e-02
1.210410107456551941e+03	2.475903725840393754e-01	1.587643146552105144e-01	2.581795489928131460e-01	1.542744620891734475e-01	7.353045229255221471e-02	3.050438205612404988e-02	7.715646732993972079e-02
1.211861438520648335e+03	2.473941018771609879e-01	1.586307155509155131e-01	2.583216538274672458e-01	1.543549700119353496e-01	7.356427029955264763e-02	3.052701297659764917e-02	7.720727545622306509e-02
1.213312769584745183e+03	2.471981728095948572e-01	1.584973356588047777e-01	2.584635104527183702e-01	1.544353339667980385e-01	7.359803273989665162e-02	3.054961468656392648e-02	7.725799968547586438e-02
1.214764100648841804e+03	2.470025847550923470e-01	1.583641746451508736e-01	2.586051192872377280e-01	1.545155542449452302e-01	7.363173970733712104e-02	3.057218720003570048e-02	7.730864016005348227e-02
1.216215431712937971e+03	2.468073370887215456e-01	1.582312321765838303e-01	2.587464807490123531e-01	1.545956311368572311e-01	7.366539129546430253e-02	3.059473053115276120e-02	7.735919702206046911e-02
1.217666762777034819e+03	2.466124291868635743e-01	1.580985079200916132e-01	2.588875952553462145e-01	1.546755649323129089e-01	7.369898759770607266e-02	3.061724469418101655e-02	7.740967041335104770e-02
1.219118093841131440e+03	2.464178604272091455e-01	1.579660015430207898e-01	2.590284632228610495e-01	1.547553559203919682e-01	7.373252870732828479e-02	3.063972970351161451e-02	7.746006047552961293e-02
1.220569424905228061e+03	2.462236301887548717e-01	1.578337127130768347e-01	2.591690850674974178e-01	1.548350043894769490e-01	7.376601471743511607e-02	3.066218557366010011e-02	7.751036734995117583e-02
1.222020755969324682e+03	2.460297378517996014e-01	1.577016410983249073e-01	2.593094612045158120e-01	1.549145106272552530e-01	7.379944572096942823e-02	3.068461231926555843e-02	7.756059117772190481e-02
1.223472087033421303e+03	2.458361827979410608e-01	1.575697863671901289e-01	2.594495920484975460e-01	1.549938749207213085e-01	7.383282181071308681e-02	3.070700995508975767e-02	7.761073209969955589e-02
1.224923418097517697e+03	2.456429644100722176e-01	1.574381481884582490e-01	2.595894780133458091e-01	1.550730975561785963e-01	7.386614307928728029e-02	3.072937849601631646e-02	7.766079025649398615e-02
1.226374749161614318e+03	2.454500820723776733e-01	1.573067262312760617e-01	2.597291195122867213e-01	1.551521788192416762e-01	7.389940961915285322e-02	3.075171795704984695e-02	7.771076578846759786e-02
1.227826080225710712e+03	2.452575351703302486e-01	1.571755201651518496e-01	2.598685169578702769e-01	1.552311189948383519e-01	7.393262152261068088e-02	3.077402835331514291e-02	7.776065883573583803e-02
1.229277411289807560e+03	2.450653230906874036e-01	1.570445296599559948e-01	2.600076707619713989e-01	1.553099183672116412e-01	7.396577888180196070e-02	3.079630970005632629e-02	7.781046953816768419e-02
1.230728742353903954e+03	2.448734452214878510e-01	1.569137543859213113e-01	2.601465813357908274e-01	1.553885772199217752e-01	7.399888178870854538e-02	3.081856201263603531e-02	7.786019803538610229e-02
1.232180073418000802e+03	2.446819009520478927e-01	1.567831940136436564e-01	2.602852490898563409e-01	1.554670958358482513e-01	7.403193033515326205e-02	3.084078530653458494e-02	7.790984446676850472e-02
1.233631404482097196e+03	2.444906896729580892e-01	1.566528482140822631e-01	2.604236744340234777e-01	1.555454744971919712e-01	7.406492461280025918e-02	3.086297959734916191e-02	7.795940897144729154e-02
1.235082735546193817e+03	2.442998107760798177e-01	1.565227166585602403e-01	2.605618577774768130e-01	1.556237134854771276e-01	7.409786471315532586e-02	3.088514490079299901e-02	7.800889168831023901e-02
1.236534066610290438e+03	2.441092636545417471e-01	1.563927990187650441e-01	2.606997995287307357e-01	1.557018130815532031e-01	7.413075072756618311e-02	3.090728123269458061e-02	7.805829275600102701e-02
1.237985397674387059e+03	2.439190477027364246e-01	1.562630949667489222e-01	2.608375000956307255e-01	1.557797735655970794e-01	7.416358274722285870e-02	3.092938860899680995e-02	7.810761231291971085e-02
1.239436728738483680e+03	2.437291623163169163e-01	1.561336041749292747e-01	2.609749598853539632e-01	1.558575952171150081e-01	7.419636086315796464e-02	3.095146704575622854e-02	7.815685049722315147e-02
1.240888059802580301e+03	2.435396068921933665e-01	1.560043263160891813e-01	2.611121793044107187e-01	1.559352783149444699e-01	7.422908516624701636e-02	3.097351655914221125e-02	7.820600744682548733e-02
1.242339390866676695e+03	2.433503808285296666e-01	1.558752610633777347e-01	2.612491587586450725e-01	1.560128231372563679e-01	7.426175574720877970e-02	3.099553716543616486e-02	7.825508329939867558e-02
1.243790721930773088e+03	2.431614835247398743e-01	1.557464080903105397e-01	2.613858986532359707e-01	1.560902299615568867e-01	7.429437269660556231e-02	3.101752888103074743e-02	7.830407819237288070e-02
1.245242052994869937e+03	2.429729143814851056e-01	1.556177670707699912e-01	2.615223993926984458e-01	1.561674990646894357e-01	7.432693610484351898e-02	3.103949172242908075e-02	7.835299226293693242e-02
1.246693384058966330e+03	2.427846728006699817e-01	1.554893376790059123e-01	2.616586613808842277e-01	1.562446307228366194e-01	7.435944606217298469e-02	3.106142570624395235e-02	7.840182564803886700e-02
1.248144715123063179e+03	2.425967581854394650e-01	1.553611195896356656e-01	2.617946850209830201e-01	1.563216252115222360e-01	7.439190265868879381e-02	3.108333084919705225e-02	7.845057848438632964e-02
1.249596046187159800e+03	2.424091699401753341e-01	1.552331124776447357e-01	2.619304707155233891e-01	1.563984828056132759e-01	7.442430598433055766e-02	3.110520716811819575e-02	7.849925090844704634e-02
1.251047377251256421e+03	2.422219074704930752e-01	1.551053160183870350e-01	2.620660188663738177e-01	1.564752037793217532e-01	7.445665612888298368e-02	3.112705467994455327e-02	7.854784305644932352e-02
1.252498708315352815e+03	2.420349701832383849e-01	1.549777298875853471e-01	2.622013298747435939e-01	1.565517884062066767e-01	7.448895318197620852e-02	3.114887340171987665e-02	7.859635506438245045e-02
1.253950039379449436e+03	2.418483574864840058e-01	1.548503537613316050e-01	2.623364041411839209e-01	1.566282369591760204e-01	7.452119723308606170e-02	3.117066335059374624e-02	7.864478706799719887e-02
1.255401370443546057e+03	2.416620687895263964e-01	1.547231873160872795e-01	2.624712420655888057e-01	1.567045497104885554e-01	7.455338837153439868e-02	3.119242454382080074e-02	7.869313920280629482e-02
1.256852701507642678e+03	2.414761035028825109e-01	1.545962302286838508e-01	2.626058440471961131e-01	1.567807269317558760e-01	7.458552668648943396e-02	3.121415699875998775e-02	7.874141160408482110e-02
1.258304032571739299e+03	2.412904610382864135e-01	1.544694821763230030e-01	2.627402104845885100e-01	1.568567688939442595e-01	7.461761226696594917e-02	3.123586073287381443e-02	7.878960440687071687e-02
1.259755363635835920e+03	2.411051408086862247e-01	1.543429428365770406e-01	2.628743417756943535e-01	1.569326758673765254e-01	7.464964520182569563e-02	3.125753576372759801e-02	7.883771774596520787e-02
1.261206694699932314e+03	2.409201422282407357e-01	1.542166118873892489e-01	2.630082383177889671e-01	1.570084481217340067e-01	7.468162557977763016e-02	3.127918210898871648e-02	7.888575175593333377e-02
1.262658025764028707e+03	2.407354647123162439e-01	1.540904890070742550e-01	2.631419005074953632e-01	1.570840859260583533e-01	7.471355348937824825e-02	3.130079978642587996e-02	7.893370657110428124e-02
1.264109356828125556e+03	2.405511076774833334e-01	1.539645738743182501e-01	2.632753287407853526e-01	1.571595895487535310e-01	7.474542901903184766e-02	3.132238881390837781e-02	7.898158232557193903e-02
1.265560687892221949e+03	2.403670705415137665e-01	1.538388661681794056e-01	2.634085234129803776e-01	1.572349592575875421e-01	7.477725225699088929e-02	3.134394920940536400e-02	7.902937915319530049e-02
1.267012018956318798e+03	2.401833527233770971e-01	1.537133655680881505e-01	2.635414849187527331e-01	1.573101953196944791e-01	7.480902329135620532e-02	3.136548099098511455e-02	7.907709718759892148e-02
1.268463350020415419e+03	2.399999536432377012e-01	1.535880717538475049e-01	2.636742136521262880e-01	1.573852980015761627e-01	7.484074221007733230e-02	3.138698417681430597e-02	7.912473656217340612e-02
1.269914681084511813e+03	2.398168727224514740e-01	1.534629844056333570e-01	2.638067100064776516e-01	1.574602675691042508e-01	7.487240910095284419e-02	3.140845878515730050e-02	7.917229741007578148e-02
1.271366012148608434e+03	2.396341093835627767e-01	1.533381032039947967e-01	2.639389743745371164e-01	1.575351042875218766e-01	7.490402405163058830e-02	3.142990483437543142e-02	7.921977986423002493e-02
1.272817343212705055e+03	2.394516630503013277e-01	1.532134278298544205e-01	2.640710071483894916e-01	1.576098084214456185e-01	7.493558714960800449e-02	3.145132234292626061e-02	7.926718405732746664e-02
1.274268674276801676e+03	2.392695331475788723e-01	1.530889579645085541e-01	2.642028087194753794e-01	1.576843802348672774e-01	7.496709848223238881e-02	3.147271132936289156e-02	7.931451012182723359e-02
1.275720005340898297e+03	2.390877191014863234e-01	1.529646932896276679e-01	2.643343794785917300e-01	1.577588199911556799e-01	7.499855813670121274e-02	3.149407181233327552e-02	7.936175818995672149e-02
1.277171336404994690e+03	2.389062203392904038e-01	1.528406334872564332e-01	2.644657198158932299e-01	1.578331279530585940e-01	7.502996620006241457e-02	3.151540381057946899e-02	7.940892839371201106e-02
1.278622667469091539e+03	2.387250362894308142e-01	1.527167782398142493e-01	2.645968301208930229e-01	1.579073043827045331e-01	7.506132275921463537e-02	3.153670734293697459e-02	7.945602086485832605e-02
1.280073998533187932e+03	2.385441663815169588e-01	1.525931272300953268e-01	2.647277107824637654e-01	1.579813495416044766e-01	7.509262790090755202e-02	3.155798242833401934e-02	7.950303573493049114e-02
1.281525329597284326e+03	2.383636100463249197e-01	1.524696801412690483e-01	2.648583621888385142e-01	1.580552636906537023e-01	7.512388171174215479e-02	3.157922908579086085e-02	7.954997313523334834e-02
1.282976660661381175e+03	2.381833667157944312e-01	1.523464366568802186e-01	2.649887847276118369e-01	1.581290470901337009e-01	7.515508427817102488e-02	3.160044733441910725e-02	7.959683319684220104e-02
1.284427991725477568e+03	2.380034358230258273e-01	1.522233964608492029e-01	2.651189787857408109e-01	1.582026999997137862e-01	7.518623568649861200e-02	3.162163719342105106e-02	7.964361605060324423e-02
1.285879322789574417e+03	2.378238168022769883e-01	1.521005592374723436e-01	2.652489447495456343e-01	1.582762226784530102e-01	7.521733602288152576e-02	3.164279868208894064e-02	7.969032182713405021e-02
1.287330653853671038e+03	2.376445090889602874e-01	1.519779246714220711e-01	2.653786830047110135e-01	1.583496153848019949e-01	7.524838537332879940e-02	3.166393181980434873e-02	7.973695065682394334e-02
1.288781984917767431e+03	2.374655121196395380e-01	1.518554924477472645e-01	2.655081939362870513e-01	1.584228783766045145e-01	7.527938382370218118e-02	3.168503662603745774e-02	7.978350266983447181e-02
1.290233315981864052e+03	2.372868253320272180e-01	1.517332622518733076e-01	2.656374779286899690e-01	1.584960119110993271e-01	7.531033145971642584e-02	3.170611312034640750e-02	7.982997799609986567e-02
