1.301360187473271253e+03	2.356895574460748932e-01	1.509609930906178066e-01	2.607850067633930013e-01	1.617258260828355609e-01	7.624469803240366272e-02	3.213936235357652688e-02	8.245455623095200581e-02
1.306197957686926657e+03	2.351049767461654005e-01	1.505594917504123609e-01	2.611641131784637193e-01	1.619890667463736167e-01	7.635166839320718657e-02	3.221134226332134087e-02	8.261934092190982570e-02
1.311035727900581833e+03	2.345237935396792261e-01	1.501601658547288276e-01	2.615409382827930673e-01	1.622508060209767733e-01	7.645808849034305132e-02	3.228300687654715034e-02	8.278320093478536146e-02
1.315873498114237009e+03	2.339459872010574149e-01	1.497630042993768062e-01	2.619154972689875516e-01	1.625110520889992138e-01	7.656396111667455873e-02	3.235435696927348864e-02	8.294614105548434035e-02
1.320711268327892412e+03	2.333715372425647083e-01	1.493679960263010476e-01	2.622878052109354208e-01	1.627698130933253051e-01	7.666928904899532327e-02	3.242539332625517939e-02	8.310816605147644531e-02
1.325549038541547588e+03	2.328004233131940326e-01	1.489751300235613585e-01	2.626578770648984040e-01	1.630270971375036293e-01	7.677407504821751050e-02	3.249611674072933054e-02	8.326928067174925452e-02
1.330386808755202765e+03	2.322326251975818101e-01	1.485843953253091210e-01	2.630257276705932901e-01	1.632829122858810156e-01	7.687832185955503772e-02	3.256652801416763665e-02	8.342948964676556722e-02
1.335224578968857941e+03	2.316681228149342076e-01	1.481957810117605634e-01	2.633913717522635700e-01	1.635372665637358502e-01	7.698203221270184804e-02	3.263662795603380212e-02	8.358879768842367164e-02
1.340062349182513572e+03	2.311068962179639585e-01	1.478092762091665069e-01	2.637548239197398114e-01	1.637901679574110814e-01	7.708520882200546598e-02	3.270641738354603673e-02	8.374720949002066595e-02
1.344900119396168748e+03	2.305489255918377889e-01	1.474248700897794750e-01	2.641160986694903734e-01	1.640416244144468627e-01	7.718785438663587628e-02	3.277589712144442224e-02	8.390472972621872139e-02
1.349737889609823924e+03	2.299941912531341115e-01	1.470425518718170288e-01	2.644752103856620185e-01	1.642916438437129756e-01	7.728997159075007284e-02	3.284506800176315716e-02	8.406136305301413481e-02
1.354575659823479100e+03	2.294426736488113516e-01	1.466623108194224645e-01	2.648321733411100332e-01	1.645402341155406956e-01	7.739156310365230551e-02	3.291393086360747122e-02	8.421711410770917061e-02
1.359413430037134731e+03	2.288943533551860143e-01	1.462841362426223202e-01	2.651870016984186340e-01	1.647874030618547703e-01	7.749263157995012197e-02	3.298248655293517517e-02	8.437198750888649790e-02
1.364251200250789907e+03	2.283492110769212713e-01	1.459080174972810229e-01	2.655397095109110484e-01	1.650331584763047865e-01	7.759317965970641273e-02	3.305073592234266527e-02	8.452598785638636147e-02
1.369088970464445310e+03	2.278072276460249290e-01	1.455339439850526495e-01	2.658903107236500474e-01	1.652775081143967040e-01	7.769320996858765371e-02	3.311867983085538952e-02	8.467911973128613989e-02
1.373926740678100487e+03	2.272683840208576111e-01	1.451619051533298843e-01	2.662388191744285981e-01	1.655204596936240280e-01	7.779272511800834622e-02	3.318631914372260211e-02	8.483138769588247086e-02
1.378764510891755890e+03	2.267326612851504886e-01	1.447918904951902286e-01	2.665852485947503014e-01	1.657620208935987327e-01	7.789172770527179324e-02	3.325365473221631590e-02	8.498279629367568033e-02
1.383602281105411066e+03	2.262000406470325575e-01	1.444238895493394625e-01	2.669296126108007261e-01	1.660021993561822951e-01	7.799022031370748953e-02	3.332068747343441134e-02	8.513335004935655703e-02
1.388440051319066470e+03	2.256705034380673547e-01	1.440578919000526648e-01	2.672719247444088619e-01	1.662410026856164791e-01	7.808820551280497291e-02	3.338741825010776293e-02	8.528305346879540283e-02
1.393277821532721646e+03	2.251440311122990534e-01	1.436938871771122894e-01	2.676121984139990251e-01	1.664784384486539537e-01	7.818568585834455298e-02	3.345384795041132092e-02	8.543191103903327588e-02
1.398115591746377049e+03	2.246206052453078306e-01	1.433318650557441343e-01	2.679504469355332708e-01	1.667145141746891601e-01	7.828266389252472313e-02	3.351997746777905796e-02	8.557992722827528764e-02
1.402953361960032225e+03	2.241002075332740873e-01	1.429718152565506994e-01	2.682866835234446468e-01	1.669492373558886245e-01	7.837914214408664426e-02	3.358580770072268351e-02	8.572710648588610649e-02
1.407791132173687402e+03	2.235828197920521065e-01	1.426137275454419651e-01	2.686209212915606770e-01	1.671826154473216586e-01	7.847512312843554771e-02	3.365133955265409149e-02	8.587345324238733479e-02
1.412628902387342805e+03	2.230684239562522875e-01	1.422575917335641704e-01	2.689531732540182407e-01	1.674146558670909224e-01	7.857060934775940420e-02	3.371657393171139522e-02	8.601897190945692606e-02
1.417466672600997981e+03	2.225570020783321501e-01	1.419033976772258454e-01	2.692834523261687929e-01	1.676453659964628473e-01	7.866560329114465067e-02	3.378151175058853595e-02	8.616366687993051721e-02
1.422304442814653157e+03	2.220485363276962221e-01	1.415511352778220933e-01	2.696117713254746473e-01	1.678747531799980042e-01	7.876010743468944697e-02	3.384615392636832615e-02	8.630754252780457880e-02
1.427142213028308333e+03	2.215430089898045019e-01	1.412007944817562644e-01	2.699381429723962667e-01	1.681028247256818320e-01	7.885412424161412914e-02	3.391050138035894834e-02	8.645060320824132782e-02
1.431979983241963964e+03	2.210404024652891930e-01	1.408523652803597703e-01	2.702625798912707822e-01	1.683295879050549504e-01	7.894765616236930350e-02	3.397455503793374992e-02	8.659285325757552776e-02
1.436817753455619140e+03	2.205406992690799317e-01	1.405058377098096500e-01	2.705850946111814648e-01	1.685550499533437496e-01	7.904070563474147049e-02	3.403831582837426456e-02	8.673429699332281528e-02
1.441655523669274316e+03	2.200438820295375353e-01	1.401612018510440538e-01	2.709056995668183143e-01	1.687792180695908417e-01	7.913327508395631704e-02	3.410178468471647406e-02	8.687493871418983105e-02
1.446493293882929493e+03	2.195499334875954389e-01	1.398184478296759514e-01	2.712244070993304890e-01	1.690020994167857893e-01	7.922536692277969139e-02	3.416496254360017193e-02	8.701478270008586313e-02
1.451331064096585123e+03	2.190588364959097367e-01	1.394775658159046472e-01	2.715412294571695195e-01	1.692237011219955012e-01	7.931698355161648228e-02	3.422785034512139390e-02	8.715383321213614198e-02
1.456168834310240300e+03	2.185705740180167445e-01	1.391385460244255745e-01	2.718561787969244192e-01	1.694440302764950168e-01	7.940812735860725002e-02	3.429044903268783223e-02	8.729209449269659249e-02
1.461006604523895703e+03	2.180851291274990278e-01	1.388013787143381472e-01	2.721692671841479116e-01	1.696630939358980961e-01	7.949880071972294238e-02	3.435275955287718508e-02	8.742957076537012651e-02
1.465844374737550879e+03	2.176024850071586192e-01	1.384660541890518348e-01	2.724805065941748317e-01	1.698808991202880314e-01	7.958900599885754268e-02	3.441478285529839948e-02	8.756626623502428153e-02
1.470682144951206283e+03	2.171226249481984782e-01	1.381325627961902669e-01	2.727899089129316446e-01	1.700974528143482933e-01	7.967874554791874731e-02	3.447651989245571064e-02	8.770218508781038591e-02
1.475519915164861459e+03	2.166455323494111684e-01	1.378008949274940609e-01	2.730974859377384711e-01	1.703127619674933424e-01	7.976802170691697780e-02	3.453797161961544987e-02	8.783733149118404249e-02
1.480357685378516862e+03	2.161711907163754443e-01	1.374710410187215959e-01	2.734032493781019535e-01	1.705268334939996633e-01	7.985683680405238072e-02	3.459913899467555176e-02	8.797170959392688894e-02
1.485195455592172038e+03	2.156995836606599992e-01	1.371429915495482044e-01	2.737072108565012374e-01	1.707396742731364658e-01	7.994519315580023155e-02	3.466002297803769117e-02	8.810532352616971818e-02
1.490033225805827215e+03	2.152306948990347080e-01	1.368167370434638930e-01	2.740093819091647398e-01	1.709512911492966913e-01	8.003309306699459003e-02	3.472062453248204311e-02	8.823817739941680616e-02
1.494870996019482618e+03	2.147645082526892235e-01	1.364922680676694533e-01	2.743097739868401996e-01	1.711616909321281021e-01	8.012053883091033168e-02	3.478094462304459622e-02	8.837027530657151630e-02
1.499708766233137567e+03	2.143010076464586522e-01	1.361695752329709908e-01	2.746083984555559576e-01	1.713708803966641769e-01	8.020753272934366684e-02	3.484098421689689473e-02	8.850162132196301434e-02
1.504546536446793198e+03	2.138401771080563618e-01	1.358486491936730378e-01	2.749052665973750753e-01	1.715788662834553391e-01	8.029407703269107743e-02	3.490074428322828548e-02	8.863221950137421812e-02
1.509384306660448374e+03	2.133820007673137842e-01	1.355294806474702796e-01	2.752003896111411829e-01	1.717856552986999630e-01	8.038017400002676893e-02	3.496022579313053102e-02	8.876207388207085769e-02
1.514222076874103550e+03	2.129264628554274341e-01	1.352120603353377248e-01	2.754937786132176103e-01	1.719912541143755746e-01	8.046582587917874840e-02	3.501942971948476813e-02	8.889118848283154850e-02
1.519059847087758726e+03	2.124735477042124510e-01	1.348963790414197117e-01	2.757854446382178026e-01	1.721956693683700801e-01	8.055103490680354250e-02	3.507835703685075607e-02	8.901956730397904416e-02
1.523897617301414357e+03	2.120232397453631623e-01	1.345824275929173586e-01	2.760753986397296855e-01	1.723989076646129659e-01	8.063580330845943056e-02	3.513700872135839398e-02	8.914721432741241902e-02
1.528735387515069533e+03	2.115755235097202536e-01	1.342701968599750717e-01	2.763636514910310926e-01	1.726009755732066109e-01	8.072013329867858134e-02	3.519538575060145863e-02	8.927413351664033325e-02
1.533573157728724709e+03	2.111303836265446821e-01	1.339596777555653873e-01	2.766502139857993092e-01	1.728018796305575144e-01	8.080402708103781584e-02	3.525348910353347243e-02	8.940032881681525545e-02
1.538410927942380113e+03	2.106878048227980860e-01	1.336508612353728143e-01	2.769350968388124001e-01	1.730016263395076359e-01	8.088748684822819057e-02	3.531131976036572251e-02	8.952580415476861508e-02
1.543248698156035516e+03	2.102477719224297714e-01	1.333437382976765395e-01	2.772183106866438207e-01	1.732002221694657063e-01	8.097051478212341502e-02	3.536887870246733373e-02	8.965056343904684311e-02
1.548086468369690692e+03	2.098102698456699999e-01	1.330382999832319668e-01	2.774998660883499779e-01	1.733976735565385396e-01	8.105311305384714504e-02	3.542616691226740944e-02	8.977461055994841177e-02
1.552924238583346096e+03	2.093752836083296875e-01	1.327345373751508961e-01	2.777797735261504641e-01	1.735939869036624839e-01	8.113528382383912441e-02	3.548318537315917759e-02	8.989794938956169323e-02
1.557762008797001272e+03	2.089427983211063766e-01	1.324324415987809533e-01	2.780580434061015183e-01	1.737891685807345932e-01	8.121702924192035489e-02	3.553993506940606589e-02	9.002058378180360920e-02
1.562599779010656675e+03	2.085127991888965360e-01	1.321320038215837989e-01	2.783346860587628813e-01	1.739832249247441898e-01	8.129835144735711450e-02	3.559641698604972676e-02	9.014251757245921037e-02
1.567437549224311852e+03	2.080852715101137174e-01	1.318332152530122259e-01	2.786097117398573797e-01	1.741761622399040921e-01	8.137925256892410142e-02	3.565263210881993577e-02	9.026375457922196366e-02
1.572275319437967255e+03	2.076602006760131514e-01	1.315360671443865925e-01	2.788831306309240143e-01	1.743679867977818709e-01	8.145973472496652323e-02	3.570858142404635671e-02	9.038429860173489983e-02
1.577113089651622431e+03	2.072375721700219220e-01	1.312405507887698664e-01	2.791549528399643876e-01	1.745587048374313555e-01	8.153980002346133960e-02	3.576426591857212456e-02	9.050415342163242727e-02
1.581950859865277607e+03	2.068173715670754975e-01	1.309466575208420580e-01	2.794251884020825805e-01	1.747483225655236949e-01	8.161945056207745020e-02	3.581968657966917019e-02	9.062332280258296457e-02
1.586788630078933011e+03	2.063995845329598677e-01	1.306543787167736004e-01	2.796938472801184239e-01	1.749368461564788091e-01	8.169868842823514721e-02	3.587484439495533528e-02	9.074181049033219759e-02
1.591626400292587959e+03	2.059841968236595933e-01	1.303637057940979227e-01	2.799609393652742750e-01	1.751242817525965889e-01	8.177751569916469343e-02	3.592974035231319418e-02	9.085962021274716915e-02
1.596464170506243590e+03	2.055711942847114615e-01	1.300746302115831643e-01	2.802264744777355210e-01	1.753106354641879028e-01	8.185593444196401225e-02	3.598437543981050646e-02	9.097675567986079903e-02
1.601301940719898766e+03	2.051605628505641099e-01	1.297871434691030557e-01	2.804904623672848096e-01	1.754959133697060469e-01	8.193394671365561432e-02	3.603875064562241798e-02	9.109322058391736143e-02
1.606139710933553943e+03	2.047522885439428397e-01	1.295012371075069946e-01	2.807529127139097858e-01	1.756801215158775298e-01	8.201155456124277487e-02	3.609286695795516087e-02	9.120901859941829559e-02
1.610977481147209119e+03	2.043463574752204803e-01	1.292169027084893729e-01	2.810138351284049985e-01	1.758632659178333002e-01	8.208876002176491993e-02	3.614672536497143956e-02	9.132415338316889064e-02
1.615815251360864750e+03	2.039427558417933051e-01	1.289341318944582648e-01	2.812732391529671472e-01	1.760453525592396984e-01	8.216556512235229093e-02	3.620032685471732264e-02	9.143862857432538682e-02
1.620653021574519926e+03	2.035414699274626094e-01	1.286529163284031996e-01	2.815311342617850543e-01	1.762263873924292401e-01	8.224197188027995709e-02	3.625367241505065424e-02	9.155244779444264569e-02
1.625490791788175102e+03	2.031424861018217287e-01	1.283732477137625172e-01	2.817875298616229762e-01	1.764063763385315398e-01	8.231798230302103669e-02	3.630676303357102674e-02	9.166561464752258359e-02
1.630328562001830505e+03	2.027457908196480807e-01	1.280951177942897534e-01	2.820424352923980305e-01	1.765853252876040114e-01	8.239359838829943272e-02	3.635959969755114124e-02	9.177813272006291045e-02
1.635166332215485909e+03	2.023513706203008689e-01	1.278185183539196079e-01	2.822958598277524600e-01	1.767632400987625974e-01	8.246882212414165247e-02	3.641218339386965985e-02	9.189000558110649308e-02
1.640004102429141085e+03	2.019592121271235607e-01	1.275434412166332743e-01	2.825478126756192920e-01	1.769401266003121920e-01	8.254365548892834969e-02	3.646451510894548748e-02	9.200123678229127355e-02
1.644841872642796488e+03	2.015693020468518615e-01	1.272698782463231038e-01	2.827983029787823899e-01	1.771159905898771758e-01	8.261810045144490910e-02	3.651659582867340659e-02	9.211182985790060396e-02
1.649679642856451665e+03	2.011816271690266555e-01	1.269978213466567418e-01	2.830473398154313425e-01	1.772908378345318114e-01	8.269215897093172563e-02	3.656842653836109985e-02	9.222178832491405298e-02
1.654517413070107068e+03	2.007961743654118336e-01	1.267272624609408205e-01	2.832949321997103587e-01	1.774646740709304449e-01	8.276583299713373421e-02	3.662000822266751193e-02	9.233111568305878147e-02
1.659355183283762244e+03	2.004129305894173374e-01	1.264581935719839567e-01	2.835410890822615548e-01	1.776375050054375404e-01	8.283912447034946780e-02	3.667134186554248804e-02	9.243981541486119557e-02
1.664192953497417420e+03	2.000318828755270339e-01	1.261906067019592792e-01	2.837858193507628579e-01	1.778093363142578542e-01	8.291203532147957411e-02	3.672242845016778640e-02	9.254789098569922434e-02
1.669030723711072824e+03	1.996530183387314195e-01	1.259244939122666773e-01	2.840291318304605239e-01	1.779801736435661086e-01	8.298456747207479112e-02	3.677326895889925645e-02	9.265534584385481942e-02
1.673868493924728000e+03	1.992763241739652358e-01	1.256598473033943564e-01	2.842710352846962718e-01	1.781500226096368877e-01	8.305672283438345072e-02	3.682386437321033545e-02	9.276218342056702371e-02
1.678706264138383403e+03	1.989017876555496944e-01	1.253966590147800875e-01	2.845115384154290883e-01	1.783188887989741456e-01	8.312850331139841342e-02	3.687421567363673158e-02	9.286840713008530368e-02
1.683544034352038352e+03	1.985293961366397519e-01	1.251349212246719855e-01	2.847506498637518146e-01	1.784867777684406298e-01	8.319991079690360058e-02	3.692432383972231447e-02	9.297402036972339523e-02
1.688381804565693983e+03	1.981591370486756598e-01	1.248746261499888988e-01	2.849883782104021823e-01	1.786536950453871675e-01	8.327094717552002701e-02	3.697418984996618530e-02	9.307902651991332987e-02
1.693219574779349159e+03	1.977909979008393715e-01	1.246157660461804789e-01	2.852247319762695188e-01	1.788196461277818117e-01	8.334161432275138948e-02	3.702381468177087104e-02	9.318342894425998835e-02
1.698057344993004335e+03	1.974249662795154736e-01	1.243583332070868908e-01	2.854597196228953471e-01	1.789846364843388771e-01	8.341191410502926673e-02	3.707319931139170521e-02	9.328723098959589011e-02
1.702895115206659511e+03	1.970610298477566968e-01	1.241023199647980357e-01	2.856933495529698774e-01	1.791486715546475039e-01	8.348184837975777817e-02	3.712234471388729112e-02	9.339043598603631591e-02
1.707732885420315142e+03	1.966991763447537567e-01	1.238477186895126370e-01	2.859256301108228371e-01	1.793117567493005271e-01	8.355141899535792338e-02	3.717125186307102674e-02	9.349304724703479119e-02
1.712570655633970318e+03	1.963393935853097738e-01	1.235945217893970050e-01	2.861565695829098588e-01	1.794738974500227069e-01	8.362062779131150536e-02	3.721992173146378147e-02	9.359506806943881929e-02
1.717408425847625494e+03	1.959816694593190245e-01	1.233427217104434287e-01	2.863861761982938736e-01	1.796350990097990707e-01	8.368947659820462348e-02	3.726835529024755123e-02	9.369650173354593381e-02
1.722246196061280898e+03	1.956259919312499929e-01	1.230923109363283169e-01	2.866144581291213411e-01	1.797953667530028943e-01	8.375796723777080566e-02	3.731655350922016834e-02	9.379735150316002856e-02
1.727083966274936301e+03	1.952723490396327255e-01	1.228432819882701588e-01	2.868414234910942606e-01	1.799547059755235712e-01	8.382610152293379358e-02	3.736451735675107300e-02	9.389762062564792344e-02
1.731921736488591478e+03	1.949207288965505158e-01	1.225956274248872213e-01	2.870670803439372976e-01	1.801131219448943444e-01	8.389388125784993933e-02	3.741224779973798681e-02	9.399731233199624947e-02
1.736759506702246881e+03	1.945711196871357240e-01	1.223493398420550243e-01	2.872914366918598583e-01	1.802706199004195653e-01	8.396130823795024123e-02	3.745974580356468964e-02	9.409642983686850037e-02
1.741597276915902057e+03	1.942235096690697604e-01	1.221044118727635935e-01	2.875145004840142793e-01	1.804272050533019811e-01	8.402838424998201883e-02	3.750701233205963603e-02	9.419497633866240338e-02
1.746435047129557461e+03	1.938778871720871488e-01	1.218608361869746165e-01	2.877362796149488533e-01	1.805828825867697718e-01	8.409511107205033809e-02	3.755404834745558473e-02	9.429295501956744263e-02
1.751272817343212637e+03	1.935342405974837254e-01	1.216186054914783071e-01	2.879567819250566374e-01	1.807376576562032544e-01	8.416149047365903413e-02	3.760085481035016497e-02	9.439036904562263242e-02
1.756110587556867813e+03	1.931925584176289734e-01	1.213777125297502563e-01	2.881760152010197640e-01	1.808915353892614486e-01	8.422752421575142867e-02	3.764743267966729617e-02	9.448722156677454020e-02
1.760948357770523216e+03	1.928528291754821045e-01	1.211381500818079771e-01	2.883939871762495888e-01	1.810445208860083643e-01	8.429321405075075602e-02	3.769378291261957226e-02	9.458351571693536519e-02
1.765786127984178393e+03	1.925150414841121926e-01	1.208999109640675335e-01	2.886107055313217873e-01	1.811966192190390679e-01	8.435856172260026986e-02	3.773990646467143689e-02	9.467925461404139154e-02
1.770623898197833569e+03	1.921791840262224160e-01	1.206629880291998913e-01	2.888261778944080094e-01	1.813478354336055254e-01	8.442356896680307254e-02	3.778580428950332332e-02	9.477444136011146936e-02
1.775461668411488745e+03	1.918452455536777679e-01	1.204273741659872554e-01	2.890404118417025936e-01	1.814981745477421138e-01	8.448823751046165287e-02	3.783147733897654352e-02	9.486907904130577329e-02
1.780299438625144376e+03	1.915132148870370421e-01	1.201930622991793096e-01	2.892534148978456177e-01	1.816476415523909649e-01	8.455256907231709085e-02	3.787692656309909339e-02	9.496317072798461656e-02
1.785137208838799552e+03	1.911830809150882604e-01	1.199600453893493873e-01	2.894651945363412304e-01	1.817962414115270042e-01	8.461656536278809593e-02	3.792215290999222110e-02	9.505671947476750094e-02
1.789974979052454728e+03	1.908548325943880131e-01	1.197283164327506005e-01	2.896757581799725423e-01	1.819439790622827680e-01	8.468022808400971213e-02	3.796715732585780045e-02	9.514972832059226393e-02
1.794812749266109904e+03	1.905284589488046021e-01	1.194978684611719133e-01	2.898851132012116860e-01	1.820908594150728865e-01	8.474355892987171790e-02	3.801194075494652991e-02	9.524220028877439237e-02
1.799650519479765535e+03	1.902039490690645707e-01	1.192686945417942013e-01	2.900932669226264915e-01	1.822368873537183187e-01	8.480655958605683165e-02	3.805650413952687411e-02	9.533413838706641941e-02
1.804488289693420711e+03	1.898812921123032016e-01	1.190407877770463252e-01	2.903002266172827750e-01	1.823820677355704190e-01	8.486923173007870913e-02	3.810084841985475479e-02	9.542554560771752958e-02
1.809326059907075887e+03	1.895604773016184574e-01	1.188141413044610795e-01	2.905059995091429648e-01	1.825264053916344498e-01	8.493157703131956615e-02	3.814497453414403272e-02	9.551642492753315006e-02
1.814163830120731291e+03	1.892414939256284456e-01	1.185887482965313627e-01	2.907105927734606188e-01	1.826699051266932050e-01	8.499359715106766244e-02	3.818888341853766966e-02	9.560677930793473611e-02
1.819001600334386467e+03	1.889243313380326306e-01	1.183646019605661126e-01	2.909140135371711122e-01	1.828125717194299671e-01	8.505529374255457742e-02	3.823257600707966053e-02	9.569661169501965381e-02
1.823839370548041643e+03	1.886089789571760988e-01	1.181416955385465734e-01	2.911162688792787723e-01	1.829544099225513809e-01	8.511666845099212508e-02	3.827605323168764562e-02	9.578592501962110428e-02
1.828677140761696819e+03	1.882954262656178490e-01	1.179200223069822723e-01	2.913173658312400716e-01	1.830954244629099947e-01	8.517772291360915793e-02	3.831931602212621663e-02	9.587472219736813128e-02
1.833514910975352450e+03	1.879836628097022178e-01	1.176995755767673429e-01	2.915173113773428804e-01	1.832356200416264402e-01	8.523845875968813490e-02	3.836236530598090971e-02	9.596300612874575364e-02
1.838352681189008081e+03	1.876736781991336367e-01	1.174803486930367374e-01	2.917161124550823881e-01	1.833750013342114460e-01	8.529887761060142570e-02	3.840520200863288547e-02	9.605077969915513936e-02
1.843190451402663257e+03	1.873654621065547754e-01	1.172623350350226190e-01	2.919137759555333611e-01	1.835135729906873236e-01	8.535898107984747629e-02	3.844782705323425420e-02	9.613804577897383519e-02
1.848028221616318433e+03	1.870590042671283204e-01	1.170455280159107408e-01	2.921103087237184037e-01	1.836513396357093708e-01	8.541877077308668298e-02	3.849024136068401186e-02	9.622480722361605177e-02
1.852865991829973609e+03	1.867542944781216130e-01	1.168299210826969914e-01	2.923057175589732770e-01	1.837883058686868298e-01	8.547824828817714160e-02	3.853244584960469066e-02	9.631106687359301810e-02
1.857703762043628785e+03	1.864513225984946732e-01	1.166155077160440645e-01	2.925000092153081654e-01	1.839244762639035691e-01	8.553741521521014690e-02	3.857444143631957173e-02	9.639682755457336383e-02
1.862541532257283961e+03	1.861500785484916654e-01	1.164022814301381714e-01	2.926931904017656683e-01	1.840598553706384588e-01	8.559627313654549763e-02	3.861622903483052927e-02	9.648209207744352922e-02
1.867379302470939592e+03	1.858505523092355283e-01	1.161902357725459606e-01	2.928852677827753492e-01	1.841944477132852753e-01	8.565482362684667672e-02	3.865780955679648523e-02	9.656686323836824459e-02
1.872217072684594768e+03	1.855527339223253525e-01	1.159793643240715488e-01	2.930762479785050667e-01	1.843282577914725218e-01	8.571306825311571231e-02	3.869918391151242615e-02	9.665114381885095418e-02
1.877054842898249490e+03	1.852566134894373662e-01	1.157696606986135801e-01	2.932661375652084179e-01	1.844612900801827493e-01	8.577100857472801099e-02	3.874035300588905134e-02	9.673493658579437882e-02
1.881892613111905121e+03	1.849621811719290021e-01	1.155611185430226867e-01	2.934549430755694632e-01	1.845935490298716009e-01	8.582864614346688570e-02	3.878131774443296237e-02	9.681824429156095368e-02
1.886730383325560297e+03	1.846694271904456286e-01	1.153537315369588534e-01	2.936426709990437312e-01	1.847250390665865216e-01	8.588598250355797270e-02	3.882207902922737985e-02	9.690106967403341875e-02
1.891568153539215928e+03	1.843783418245308336e-01	1.151474933927491701e-01	2.938293277821962812e-01	1.848557645920849979e-01	8.594301919170342641e-02	3.886263775991348479e-02	9.698341545667529817e-02
1.896405923752871104e+03	1.840889154122393734e-01	1.149423978552455566e-01	2.940149198290361032e-01	1.849857299839528235e-01	8.599975773711597549e-02	3.890299483367224559e-02	9.706528434859142129e-02
1.901243693966526507e+03	1.838011383497532569e-01	1.147384387016828072e-01	2.941994535013479073e-01	1.851149395957214228e-01	8.605619966155281242e-02	3.894315114520678633e-02	9.714667904458847147e-02
1.906081464180181683e+03	1.835150010910008012e-01	1.145356097415369118e-01	2.943829351190202503e-01	1.852433977569854506e-01	8.611234647934928876e-02	3.898310758672529630e-02	9.722760222523542384e-02
1.910919234393836859e+03	1.832304941472785165e-01	1.143339048163833221e-01	2.945653709603709425e-01	1.853711087735196439e-01	8.616819969745241614e-02	3.902286504792443905e-02	9.730805655692409406e-02
1.915757004607492036e+03	1.829476080868760179e-01	1.141333177997556625e-01	2.947467672624691226e-01	1.854980769273954222e-01	8.622376081545435333e-02	3.906242441597326115e-02	9.738804469192954838e-02
1.920594774821147894e+03	1.826663335347036843e-01	1.139338425970045643e-01	2.949271302214543367e-01	1.856243064770972395e-01	8.627903132562550481e-02	3.910178657549758657e-02	9.746756926847052749e-02
1.925432545034802843e+03	1.823866611719232311e-01	1.137354731451567375e-01	2.951064659928525069e-01	1.857498016576384081e-01	8.633401271294767476e-02	3.914095240856493157e-02	9.754663291076995368e-02
1.930270315248458019e+03	1.821085817355812264e-01	1.135382034127742634e-01	2.952847806918895146e-01	1.858745666806765895e-01	8.638870645514690194e-02	3.917992279466987054e-02	9.762523822911513272e-02
1.935108085462113195e+03	1.818320860182450760e-01	1.133420273998142075e-01	2.954620803938006746e-01	1.859986057346291188e-01	8.644311402272626677e-02	3.921869861071987373e-02	9.770338781991821930e-02
1.939945855675768371e+03	1.815571648676421734e-01	1.131469391374882866e-01	2.956383711341387110e-01	1.861219229847877188e-01	8.649723687899846247e-02	3.925728073102159599e-02	9.778108426577641898e-02
1.944783625889424002e+03	1.812838091863014922e-01	1.129529326881230367e-01	2.958136589090777369e-01	1.862445225734329635e-01	8.655107648011826915e-02	3.929567002726765818e-02	9.785833013553225934e-02
1.949621396103079178e+03	1.810120099311979536e-01	1.127600021450200496e-01	2.959879496757147344e-01	1.863664086199483261e-01	8.660463427511480572e-02	3.933386736852381022e-02	9.793512798433376410e-02
1.954459166316734354e+03	1.807417581133996254e-01	1.125681416323165429e-01	2.961612493523683720e-01	1.864875852209340046e-01	8.665791170592375414e-02	3.937187362121660067e-02	9.801148035369454392e-02
1.959296936530389530e+03	1.804730447977174468e-01	1.123773453048463045e-01	2.963335638188749899e-01	1.866080564503201089e-01	8.671091020741933386e-02	3.940968964912139327e-02	9.808738977155388727e-02
1.964134706744044706e+03	1.802058611023575618e-01	1.121876073480006647e-01	2.965048989168816984e-01	1.867278263594797094e-01	8.676363120744619295e-02	3.944731631335088307e-02	9.816285875233676794e-02
1.968972476957700337e+03	1.799401981985764010e-01	1.119989219775900380e-01	2.966752604501368129e-01	1.868468989773413858e-01	8.681607612685111885e-02	3.948475447234398722e-02	9.823788979701372770e-02
1.973810247171355968e+03	1.796760473103382882e-01	1.118112834397055333e-01	2.968446541847777342e-01	1.869652783105014704e-01	8.686824637951462424e-02	3.952200498185513833e-02	9.831248539316075896e-02
1.978648017385010689e+03	1.794133997139756298e-01	1.116246860105809674e-01	2.970130858496155546e-01	1.870829683433358204e-01	8.692014337238242183e-02	3.955906869494398709e-02	9.838664801501909030e-02
1.983485787598666320e+03	1.791522467378516004e-01	1.114391239964551972e-01	2.971805611364181643e-01	1.871999730381113669e-01	8.697176850549674654e-02	3.959594646196549356e-02	9.846038012355487479e-02
1.988323557812321269e+03	1.788925797620253277e-01	1.112545917334347018e-01	2.973470857001896950e-01	1.873162963350969712e-01	8.702312317202752501e-02	3.963263913056041393e-02	9.853368416651879513e-02
1.993161328025976900e+03	1.786343902179196586e-01	1.110710835873564700e-01	2.975126651594476868e-01	1.874319421526743357e-01	8.707420875830343410e-02	3.966914754564612039e-02	9.860656257850564099e-02
1.997999098239632076e+03	1.783776695879914775e-01	1.108885939536512766e-01	2.976773050964980349e-01	1.875469143874482214e-01	8.712502664384279283e-02	3.970547254940786502e-02	9.867901778101369203e-02
2.002836868453287707e+03	1.781224094054040807e-01	1.107071172572071938e-01	2.978410110577069947e-01	1.876612169143562214e-01	8.717557820138438496e-02	3.974161498129035602e-02	9.875105218250408712e-02
2.007674638666942428e+03	1.778686012537025740e-01	1.105266479522335060e-01	2.980037885537709652e-01	1.877748535867783675e-01	8.722586479691810113e-02	3.977757567798968774e-02	9.882266817846011020e-02
2.012512408880597604e+03	1.776162367664910757e-01	1.103471805221248742e-01	2.981656430599836649e-01	1.878878282366463759e-01	8.727588778971542838e-02	3.981335547344565934e-02	9.889386815144626808e-02
2.017350179094252780e+03	1.773653076271127782e-01	1.101687094793259297e-01	2.983265800165006976e-01	1.880001446745521720e-01	8.732564853235995350e-02	3.984895519883439180e-02	9.896465447116740977e-02
2.022187949307908411e+03	1.771158055683320909e-01	1.099912293651961193e-01	2.984866048286022311e-01	1.881118066898563868e-01	8.737514837077754726e-02	3.988437568256133353e-02	9.903502949452763771e-02
2.027025719521564042e+03	1.768677223720191705e-01	1.098147347498749649e-01	2.986457228669526787e-01	1.882228180507962423e-01	8.742438864426654854e-02	3.991961775025455739e-02	9.910499556568917734e-02
2.031863489735218764e+03	1.766210498688368657e-01	1.096392202321476300e-01	2.988039394678585481e-01	1.883331825045930219e-01	8.747337068552780981e-02	3.995468222475839770e-02	9.917455501613108015e-02
2.036701259948874394e+03	1.763757799379298830e-01	1.094646804393108741e-01	2.989612599335234044e-01	1.884429037775594562e-01	8.752209582069452043e-02	3.998956992612742734e-02	9.924371016470781570e-02
2.041539030162529116e+03	1.761319045066162547e-01	1.092911100270392843e-01	2.991176895323009455e-01	1.885519855752062490e-01	8.757056536936211333e-02	4.002428167162069839e-02	9.931246331770783586e-02
2.046376800376184747e+03	1.758894155500809742e-01	1.091185036792520213e-01	2.992732334989458010e-01	1.886604315823485756e-01	8.761878064461783855e-02	4.005881827569635761e-02	9.938081676891187544e-02
2.051214570589840150e+03	1.756483050910720434e-01	1.089468561079797171e-01	2.994278970348616120e-01	1.887682454632119700e-01	8.766674295307032294e-02	4.009318055000651165e-02	9.944877279965129435e-02
2.056052340803495554e+03	1.754085651995985762e-01	1.087761620532319423e-01	2.995816853083473896e-01	1.888754308615379907e-01	8.771445359487901883e-02	4.012736930339241836e-02	9.951633367886611459e-02
2.060890111017150957e+03	1.751701879926312044e-01	1.086064162828649510e-01	2.997346034548414861e-01	1.889819914006892476e-01	8.776191386378345838e-02	4.016138534187995573e-02	9.958350166316315422e-02
2.065727881230805451e+03	1.749331656338045660e-01	1.084376135924497719e-01	2.998866565771631798e-01	1.890879306837543461e-01	8.780912504713248024e-02	4.019522946867538915e-02	9.965027899687378676e-02
2.070565651444461309e+03	1.746974903331219853e-01	1.082697488051407170e-01	3.000378497457523164e-01	1.891932522936520256e-01	8.785608842591330347e-02	4.022890248416140235e-02	9.971666791211174219e-02
2.075403421658116713e+03	1.744631543466623469e-01	1.081028167715443050e-01	3.001881879989067858e-01	1.892979597932353819e-01	8.790280527478046280e-02	4.026240518589344758e-02	9.978267062883076910e-02
2.080241191871772116e+03	1.742301499762890227e-01	1.079368123695885612e-01	3.003376763430176677e-01	1.894020567253952014e-01	8.794927686208461881e-02	4.029573836859628999e-02	9.984828935488203328e-02
2.085078962085427065e+03	1.739984695693609362e-01	1.077717305043925933e-01	3.004863197528028218e-01	1.895055466131632393e-01	8.799550444990134057e-02	4.032890282416090599e-02	9.991352628607154396e-02
2.089916732299082469e+03	1.737681055184456813e-01	1.076075661081366819e-01	3.006341231715375373e-01	1.896084329598149432e-01	8.804148929405967994e-02	4.036189934164156196e-02	9.997838360621730258e-02
2.094754502512737417e+03	1.735390502610346386e-01	1.074443141399327589e-01	3.007810915112839045e-01	1.897107192489717598e-01	8.808723264417066268e-02	4.039472870725323989e-02	1.000428634872063682e-01
2.099592272726392821e+03	1.733112962792603684e-01	1.072819695856952193e-01	3.009272296531179114e-01	1.898124089447031926e-01	8.813273574365568241e-02	4.042739170436920881e-02	1.001069680890518121e-01
2.104430042940048224e+03	1.730848360996156965e-01	1.071205274580121769e-01	3.010725424473540968e-01	1.899135054916282206e-01	8.817799982977478357e-02	4.045988911351892925e-02	1.001706995599494776e-01
2.109267813153704083e+03	1.728596622926751036e-01	1.069599827960170807e-01	3.012170347137691495e-01	1.900140123150164673e-01	8.822302613365481938e-02	4.049222171238616580e-02	1.002340600363346296e-01
2.114105583367359031e+03	1.726357674728178637e-01	1.068003306652608037e-01	3.013607112418225098e-01	1.901139328208889812e-01	8.826781588031747117e-02	4.052439027580732184e-02	1.002970516429384229e-01
2.118943353581013525e+03	1.724131442979534301e-01	1.066415661575840779e-01	3.015035767908759157e-01	1.902132703961184890e-01	8.831237028870721206e-02	4.055639557577003784e-02	1.003596764928442048e-01
2.123781123794669384e+03	1.721917854692485983e-01	1.064836843909903186e-01	3.016456360904102851e-01	1.903120284085293157e-01	8.835669057171913199e-02	4.058823838141201179e-02	1.004219366875437475e-01
2.128618894008324787e+03	1.719716837308564727e-01	1.063266805095189754e-01	3.017868938402410439e-01	1.904102102069969438e-01	8.840077793622669322e-02	4.061991945902002771e-02	1.004838343169932174e-01
2.133456664221980191e+03	1.717528318696477374e-01	1.061705496831191892e-01	3.019273547107317324e-01	1.905078191215471006e-01	8.844463358310925005e-02	4.065143957202921321e-02	1.005453714596690890e-01
2.138294434435635139e+03	1.715352227149434527e-01	1.060152871075238645e-01	3.020670233430055029e-01	1.906048584634544574e-01	8.848825870727965170e-02	4.068279948102251214e-02	1.006065501826238495e-01
2.143132204649290543e+03	1.713188491382499345e-01	1.058608880041242151e-01	3.022059043491547858e-01	1.907013315253408559e-01	8.853165449771159545e-02	4.071399994373039316e-02	1.006673725415415388e-01
2.147969974862945492e+03	1.711037040529955755e-01	1.057073476198447104e-01	3.023440023124490117e-01	1.907972415812732581e-01	8.857482213746688260e-02	4.074504171503071093e-02	1.007278405807931487e-01
2.152807745076601350e+03	1.708897804142692212e-01	1.055546612270184675e-01	3.024813217875410021e-01	1.908925918868611959e-01	8.861776280372267445e-02	4.077592554694883104e-02	1.007879563334918571e-01
2.157645515290255844e+03	1.706770712185608219e-01	1.054028241232629753e-01	3.026178673006710285e-01	1.909873856793539160e-01	8.866047766779851236e-02	4.080665218865791449e-02	1.008477218215480947e-01
2.162483285503912157e+03	1.704655695035035001e-01	1.052518316313563324e-01	3.027536433498693169e-01	1.910816261777368852e-01	8.870296789518329617e-02	4.083722238647941732e-02	1.009071390557244596e-01
2.167321055717567106e+03	1.702552683476176998e-01	1.051016790991138872e-01	3.028886544051570540e-01	1.911753165828281864e-01	8.874523464556219321e-02	4.086763688388377752e-02	1.009662100356904513e-01
2.172158825931222509e+03	1.700461608700569449e-01	1.049523618992652813e-01	3.030229049087450610e-01	1.912684600773743027e-01	8.878727907284331144e-02	4.089789642149128240e-02	1.010249367500770656e-01
2.176996596144877003e+03	1.698382402303555694e-01	1.048038754293320052e-01	3.031563992752314141e-01	1.913610598261455409e-01	8.882910232518444194e-02	4.092800173707313721e-02	1.010833211765311268e-01
2.181834366358532861e+03	1.696314996281780008e-01	1.046562151115052602e-01	3.032891418917967874e-01	1.914531189760311780e-01	8.887070554501957931e-02	4.095795356555270716e-02	1.011413652817696462e-01
2.186672136572187810e+03	1.694259323030699593e-01	1.045093763925243752e-01	3.034211371183987982e-01	1.915446406561339965e-01	8.891208986908533118e-02	4.098775263900692606e-02	1.011990710216337380e-01
2.191509906785843214e+03	1.692215315342113779e-01	1.043633547435555003e-01	3.035523892879638530e-01	1.916356279778644867e-01	8.895325642844731373e-02	4.101739968666789221e-02	1.012564403411426728e-01
2.196347676999498617e+03	1.690182906401708762e-01	1.042181456600709821e-01	3.036829027065779951e-01	1.917260840350347162e-01	8.899420634852636680e-02	4.104689543492465176e-02	1.013134751745474738e-01
2.201185447213154021e+03	1.688162029786621776e-01	1.040737446617288481e-01	3.038126816536760311e-01	1.918160119039517553e-01	8.903494074912471357e-02	4.107624060732507909e-02	1.013701774453845406e-01
2.206023217426809424e+03	1.686152619463018865e-01	1.039301472922530972e-01	3.039417303822284921e-01	1.919054146435106578e-01	8.907546074445198137e-02	4.110543592457803486e-02	1.014265490665289676e-01
2.210860987640464373e+03	1.684154609783694578e-01	1.037873491193141012e-01	3.040700531189279854e-01	1.919942952952870541e-01	8.911576744315112542e-02	4.113448210455557252e-02	1.014825919402477933e-01
2.215698757854119776e+03	1.682167935485682497e-01	1.036453457344096579e-01	3.041976540643731020e-01	1.920826568836294101e-01	8.915586194832428313e-02	4.116337986229537393e-02	1.015383079582529990e-01
2.220536528067775180e+03	1.680192531687886570e-01	1.035041327527463501e-01	3.043245373932511599e-01	1.921705024157507602e-01	8.919574535755850353e-02	4.119212991000332363e-02	1.015936990017543284e-01
2.225374298281430583e+03	1.678228333888726331e-01	1.033637058131214870e-01	3.044507072545193371e-01	1.922578348818201055e-01	8.923541876295133790e-02	4.122073295705618728e-02	1.016487669415120088e-01
2.230212068495085077e+03	1.676275277963799881e-01	1.032240605778053377e-01	3.045761677715840832e-01	1.923446572550534528e-01	8.927488325113644430e-02	4.124918971000453294e-02	1.017035136378891813e-01
2.235049838708740936e+03	1.674333300163561855e-01	1.030851927324239053e-01	3.047009230424796988e-01	1.924309724918043529e-01	8.931413990330897001e-02	4.127750087257570089e-02	1.017579409409042623e-01
2.239887608922396339e+03	1.672402337111017767e-01	1.029470979858421315e-01	3.048249771400442509e-01	1.925167835316540510e-01	8.935318979525086469e-02	4.130566714567698167e-02	1.018120506902830402e-01
2.244725379136052197e+03	1.670482325799433621e-01	1.028097720700475171e-01	3.049483341120951541e-01	1.926020932975014144e-01	8.939203399735613786e-02	4.133368922739889123e-02	1.018658447155105923e-01
2.249563149349706237e+03	1.668573203590063003e-01	1.026732107400342014e-01	3.050709979816027539e-01	1.926869046956521114e-01	8.943067357465600553e-02	4.136156781301860569e-02	1.019193248358831044e-01
2.254400919563362095e+03	1.666674908209886952e-01	1.025374097736874990e-01	3.051929727468623010e-01	1.927712206159077624e-01	8.946910958684387016e-02	4.138930359500352790e-02	1.019724928605594272e-01
2.259238689777017044e+03	1.664787377749371855e-01	1.024023649716688106e-01	3.053142623816648693e-01	1.928550439316545073e-01	8.950734308830031460e-02	4.141689726301497898e-02	1.020253505886124651e-01
2.264076459990672902e+03	1.662910550660240405e-01	1.022680721573011875e-01	3.054348708354664987e-01	1.929383774999510193e-01	8.954537512811788780e-02	4.144434950391201467e-02	1.020778998090803857e-01
