1.001418434226643626e+03	2.796552424335624343e-01	1.805608010406022923e-01	2.349201242450250637e-01	1.410173003251465884e-01	6.802701530871370361e-02	2.693388934167632170e-02	6.888562730512776122e-02
1.002869765290740247e+03	2.794018213908939230e-01	1.803925667010224110e-01	2.351029267885819118e-01	1.411220032141998204e-01	6.806983708044768433e-02	2.696075427372441463e-02	6.895009055098400008e-02
1.004321096354836754e+03	2.791488498745725022e-01	1.802246014384772665e-01	2.352854136190972167e-01	1.412265111785431515e-01	6.811258783084261914e-02	2.698758976456491765e-02	6.901444629375644291e-02
1.005772427418933376e+03	2.788963270280495066e-01	1.800569048728182242e-01	2.354675852620191079e-01	1.413308246357848907e-01	6.815526768328081242e-02	2.701439579918768832e-02	6.907869471871382061e-02
1.007223758483029997e+03	2.786442519966845222e-01	1.798894766241725118e-01	2.356494422419643242e-01	1.414349440024728621e-01	6.819787676087529782e-02	2.704117236288856169e-02	6.914283601079590502e-02
1.008675089547126618e+03	2.783926239277397241e-01	1.797223163129444690e-01	2.358309850827196019e-01	1.415388696940973745e-01	6.824041518647133708e-02	2.706791944126752530e-02	6.920687035461399461e-02
1.010126420611223239e+03	2.781414419703744367e-01	1.795554235598169068e-01	2.360122143072425904e-01	1.416426021250940526e-01	6.828288308264791884e-02	2.709463702022689435e-02	6.927079793445127531e-02
1.011577751675319632e+03	2.778907052756398599e-01	1.793887979857523851e-01	2.361931304376630181e-01	1.417461417088466680e-01	6.832528057171914637e-02	2.712132508596951097e-02	6.933461893426344502e-02
1.013029082739416367e+03	2.776404129964737399e-01	1.792224392119945997e-01	2.363737339952838024e-01	1.418494888576901369e-01	6.836760777573575032e-02	2.714798362499695750e-02	6.939833353767900503e-02
1.014480413803512761e+03	2.773905642876948741e-01	1.790563468600694097e-01	2.365540255005822157e-01	1.419526439829134623e-01	6.840986481648644868e-02	2.717461262410775930e-02	6.946194192799981515e-02
1.015931744867609382e+03	2.771411583059976147e-01	1.788905205517864194e-01	2.367340054732109678e-01	1.420556074947624814e-01	6.845205181549937623e-02	2.720121207039562922e-02	6.952544428820153777e-02
1.017383075931706003e+03	2.768921942099467071e-01	1.787249599092399499e-01	2.369136744319992605e-01	1.421583798024428080e-01	6.849416889404344455e-02	2.722778195124769471e-02	6.958884080093410973e-02
1.018834406995802851e+03	2.766436711599720155e-01	1.785596645548105654e-01	2.370930328949540089e-01	1.422609613141227192e-01	6.853621617312968817e-02	2.725432225434273187e-02	6.965213164852222805e-02
1.020285738059899245e+03	2.763955883183631945e-01	1.783946341111660450e-01	2.372720813792608685e-01	1.423633524369359860e-01	6.857819377351263845e-02	2.728083296764945848e-02	6.971531701296578010e-02
1.021737069123995752e+03	2.761479448492641930e-01	1.782298682012627700e-01	2.374508204012853174e-01	1.424655535769848991e-01	6.862010181569164202e-02	2.730731407942477498e-02	6.977839707594034324e-02
1.023188400188092373e+03	2.759007399186683140e-01	1.780653664483468623e-01	2.376292504765739055e-01	1.425675651393429055e-01	6.866194041991213748e-02	2.733376557821204020e-02	6.984137201879771217e-02
1.024639731252188767e+03	2.756539726944128299e-01	1.779011284759554057e-01	2.378073721198552815e-01	1.426693875280577450e-01	6.870370970616691830e-02	2.736018745283937473e-02	6.990424202256632913e-02
1.026091062316285615e+03	2.754076423461736534e-01	1.777371539079176943e-01	2.379851858450413027e-01	1.427710211461540590e-01	6.874540979419750675e-02	2.738657969241794360e-02	6.996700726795175573e-02
1.027542393380382237e+03	2.751617480454603970e-01	1.775734423683563157e-01	2.381626921652280349e-01	1.428724663956364160e-01	6.878704080349529182e-02	2.741294228634028052e-02	7.002966793533721424e-02
1.028993724444478858e+03	2.749162889656108222e-01	1.774099934816884272e-01	2.383398915926970840e-01	1.429737236774920872e-01	6.882860285330284766e-02	2.743927522427858784e-02	7.009222420478404547e-02
1.030445055508575479e+03	2.746712642817862315e-01	1.772468068726268386e-01	2.385167846389165680e-01	1.430747933916939607e-01	6.887009606261507155e-02	2.746557849618307123e-02	7.015467625603219459e-02
1.031896386572671872e+03	2.744266731709657514e-01	1.770838821661812057e-01	2.386933718145421990e-01	1.431756759372033450e-01	6.891152055018047451e-02	2.749185209228027435e-02	7.021702426850071066e-02
1.033347717636768493e+03	2.741825148119415023e-01	1.769212189876591401e-01	2.388696536294185047e-01	1.432763717119728275e-01	6.895287643450230541e-02	2.751809600307142042e-02	7.027926842128826013e-02
1.034799048700865114e+03	2.739387883853135475e-01	1.767588169626673755e-01	2.390456305925798275e-01	1.433768811129490783e-01	6.899416383383977225e-02	2.754431021933077470e-02	7.034140889317358480e-02
1.036250379764961508e+03	2.736954930734845637e-01	1.765966757171128776e-01	2.392213032122514627e-01	1.434772045360757642e-01	6.903538286620913844e-02	2.757049473210400337e-02	7.040344586261608473e-02
1.037701710829058356e+03	2.734526280606550119e-01	1.764347948772039820e-01	2.393966719958508238e-01	1.435773423762963241e-01	6.907653364938493024e-02	2.759664953270654641e-02	7.046537950775622061e-02
1.039153041893154750e+03	2.732101925328180858e-01	1.762731740694514493e-01	2.395717374499884145e-01	1.436772950275567728e-01	6.911761630090103303e-02	2.762277461272200432e-02	7.052721000641608284e-02
1.040604372957251599e+03	2.729681856777544380e-01	1.761118129206696026e-01	2.397465000804690771e-01	1.437770628828085873e-01	6.915863093805178774e-02	2.764886996400052130e-02	7.058893753609987720e-02
1.042055704021347992e+03	2.727266066850273507e-01	1.759507110579773825e-01	2.399209603922929646e-01	1.438766463340114266e-01	6.919957767789312875e-02	2.767493557865719628e-02	7.065056227399441058e-02
1.043507035085444613e+03	2.724854547459777954e-01	1.757898681087994297e-01	2.400951188896567612e-01	1.439760457721360742e-01	6.924045663724365252e-02	2.770097144907048003e-02	7.071208439696963222e-02
1.044958366149541234e+03	2.722447290537193254e-01	1.756292837008671393e-01	2.402689760759547377e-01	1.440752615871671583e-01	6.928126793268567230e-02	2.772697756788061393e-02	7.077350408157916106e-02
1.046409697213637855e+03	2.720044288031331914e-01	1.754689574622197712e-01	2.404425324537797781e-01	1.441742941681059820e-01	6.932201168056628671e-02	2.775295392798802704e-02	7.083482150406072986e-02
1.047861028277734476e+03	2.717645531908634005e-01	1.753088890212054496e-01	2.406157885249246564e-01	1.442731439029732443e-01	6.936268799699846221e-02	2.777890052255180264e-02	7.089603684033676800e-02
1.049312359341831097e+03	2.715251014153117759e-01	1.751490780064821895e-01	2.407887447903829248e-01	1.443718111788119540e-01	6.940329699786197681e-02	2.780481734498810656e-02	7.095715026601487341e-02
1.050763690405927491e+03	2.712860726766331276e-01	1.749895240470188962e-01	2.409614017503501904e-01	1.444702963816901220e-01	6.944383879880451638e-02	2.783070438896863633e-02	7.101816195638835372e-02
1.052215021470024112e+03	2.710474661767302007e-01	1.748302267720964476e-01	2.411337599042251145e-01	1.445685998967036201e-01	6.948431351524264610e-02	2.785656164841909463e-02	7.107907208643672592e-02
1.053666352534120733e+03	2.708092811192488458e-01	1.746711858113087212e-01	2.413058197506105229e-01	1.446667221079789012e-01	6.952472126236285133e-02	2.788238911751765581e-02	7.113988083082625757e-02
1.055117683598217127e+03	2.705715167095735230e-01	1.745124007945635380e-01	2.414775817873146269e-01	1.447646633986757192e-01	6.956506215512245350e-02	2.790818679069343583e-02	7.120058836391046642e-02
1.056569014662313975e+03	2.703341721548219168e-01	1.743538713520836614e-01	2.416490465113518282e-01	1.448624241509900434e-01	6.960533630825059548e-02	2.793395466262500043e-02	7.126119485973064771e-02
1.058020345726410369e+03	2.700972466638404956e-01	1.741955971144077964e-01	2.418202144189441627e-01	1.449600047461567232e-01	6.964554383624922684e-02	2.795969272823883855e-02	7.132170049201641548e-02
1.059471676790506763e+03	2.698607394471996823e-01	1.740375777123915613e-01	2.419910860055221602e-01	1.450574055644521798e-01	6.968568485339404761e-02	2.798540098270788090e-02	7.138210543418618825e-02
1.060923007854603611e+03	2.696246497171888024e-01	1.738798127772084035e-01	2.421616617657259829e-01	1.451546269851972937e-01	6.972575947373542415e-02	2.801107942145000113e-02	7.144240985934774413e-02
1.062374338918700232e+03	2.693889766878117542e-01	1.737223019403506263e-01	2.423319421934066187e-01	1.452516693867600128e-01	6.976576781109931902e-02	2.803672804012654479e-02	7.150261394029872042e-02
1.063825669982796853e+03	2.691537195747820133e-01	1.735650448336302776e-01	2.425019277816268803e-01	1.453485331465582120e-01	6.980570997908819297e-02	2.806234683464085486e-02	7.156271784952719650e-02
1.065277001046893474e+03	2.689188775955177468e-01	1.734080410891801205e-01	2.426716190226625436e-01	1.454452186410623571e-01	6.984558609108193483e-02	2.808793580113680757e-02	7.162272175921215178e-02
1.066728332110990095e+03	2.686844499691373733e-01	1.732512903394545500e-01	2.428410164080034295e-01	1.455417262457981697e-01	6.988539626023870799e-02	2.811349493599734836e-02	7.168262584122403469e-02
1.068179663175086489e+03	2.684504359164548992e-01	1.730947922172305642e-01	2.430101204283544314e-01	1.456380563353494861e-01	6.992514059949589411e-02	2.813902423584306589e-02	7.174243026712529003e-02
1.069630994239183110e+03	2.682168346599750341e-01	1.729385463556084856e-01	2.431789315736367085e-01	1.457342092833608660e-01	6.996481922157092581e-02	2.816452369753072796e-02	7.180213520817085859e-02
1.071082325303279504e+03	2.679836454238886390e-01	1.727825523880131553e-01	2.433474503329886851e-01	1.458301854625403682e-01	7.000443223896211931e-02	2.818999331815186249e-02	7.186174083530876000e-02
1.072533656367376352e+03	2.677508674340680073e-01	1.726268099481945983e-01	2.435156771947672161e-01	1.459259852446622152e-01	7.004397976394959036e-02	2.821543309503133853e-02	7.192124731918057845e-02
1.073984987431472746e+03	2.675184999180624246e-01	1.724713186702290235e-01	2.436836126465487251e-01	1.460216090005694300e-01	7.008346190859604530e-02	2.824084302572592992e-02	7.198065483012201782e-02
1.075436318495569594e+03	2.672865421050933388e-01	1.723160781885196002e-01	2.438512571751300650e-01	1.461170571001765839e-01	7.012287878474764147e-02	2.826622310802293092e-02	7.203996353816341514e-02
1.076887649559666215e+03	2.670549932260499193e-01	1.721610881377974300e-01	2.440186112665298779e-01	1.462123299124725440e-01	7.016223050403477823e-02	2.829157333993873383e-02	7.209917361303029570e-02
1.078338980623762609e+03	2.668238525134843941e-01	1.720063481531223515e-01	2.441856754059894552e-01	1.463074278055230548e-01	7.020151717787292966e-02	2.831689371971744806e-02	7.215828522414390045e-02
1.079790311687859230e+03	2.665931192016076090e-01	1.718518578698838006e-01	2.443524500779739872e-01	1.464023511464734306e-01	7.024073891746344944e-02	2.834218424582950549e-02	7.221729854062171328e-02
1.081241642751955851e+03	2.663627925262843088e-01	1.716976169238016992e-01	2.445189357661736174e-01	1.464971003015512196e-01	7.027989583379436189e-02	2.836744491697029344e-02	7.227621373127800231e-02
1.082692973816052472e+03	2.661328717250287523e-01	1.715436249509271760e-01	2.446851329535044139e-01	1.465916756360688966e-01	7.031898803764113914e-02	2.839267573205877734e-02	7.233503096462436111e-02
1.084144304880149093e+03	2.659033560370001603e-01	1.713898815876434834e-01	2.448510421221096189e-01	1.466860775144264439e-01	7.035801563956747828e-02	2.841787669023612684e-02	7.239375040887022217e-02
1.085595635944245487e+03	2.656742447029981080e-01	1.712363864706668293e-01	2.450166637533606195e-01	1.467803063001140718e-01	7.039697874992609239e-02	2.844304779086436613e-02	7.245237223192341203e-02
1.087046967008342108e+03	2.654455369654582508e-01	1.710831392370471549e-01	2.451819983278580029e-01	1.468743623557147993e-01	7.043587747885944605e-02	2.846818903352504176e-02	7.251089660139069248e-02
1.088498298072438729e+03	2.652172320684478279e-01	1.709301395241689114e-01	2.453470463254328326e-01	1.469682460429071191e-01	7.047471193630050479e-02	2.849330041801784869e-02	7.256932368457827409e-02
1.089949629136535123e+03	2.649893292576610548e-01	1.707773869697518931e-01	2.455118082251475098e-01	1.470619577224676622e-01	7.051348223197352605e-02	2.851838194435932575e-02	7.262765364849238514e-02
1.091400960200631971e+03	2.647618277804146825e-01	1.706248812118520142e-01	2.456762845052969380e-01	1.471554977542737230e-01	7.055218847539468374e-02	2.854343361278150262e-02	7.268588665983975738e-02
1.092852291264728365e+03	2.645347268856440004e-01	1.704726218888620581e-01	2.458404756434096061e-01	1.472488664973058969e-01	7.059083077587292865e-02	2.856845542373059529e-02	7.274402288502822278e-02
1.094303622328825213e+03	2.643080258238977853e-01	1.703206086395125385e-01	2.460043821162486433e-01	1.473420643096507443e-01	7.062940924251064068e-02	2.859344737786568766e-02	7.280206249016722697e-02
1.095754953392921607e+03	2.640817238473344708e-01	1.701688411028723369e-01	2.461680043998129563e-01	1.474350915485033164e-01	7.066792398420435051e-02	2.861840947605742008e-02	7.286000564106834276e-02
1.097206284457018228e+03	2.638558202097174288e-01	1.700173189183495914e-01	2.463313429693383128e-01	1.475279485701698756e-01	7.070637510964541961e-02	2.864334171938669876e-02	7.291785250324586687e-02
1.098657615521114849e+03	2.636303141664108618e-01	1.698660417256923072e-01	2.464943982992982840e-01	1.476206357300703098e-01	7.074476272732077575e-02	2.866824410914339469e-02	7.297560324191726400e-02
1.100108946585211470e+03	2.634052049743753621e-01	1.697150091649891612e-01	2.466571708634054116e-01	1.477131533827407694e-01	7.078308694551356528e-02	2.869311664682505994e-02	7.303325802200381911e-02
1.101560277649308091e+03	2.631804918921635261e-01	1.695642208766702519e-01	2.468196611346123170e-01	1.478055018818363320e-01	7.082134787230388862e-02	2.871795933413565441e-02	7.309081700813108151e-02
1.103011608713404712e+03	2.629561741799157359e-01	1.694136765015078760e-01	2.469818695851127566e-01	1.478976815801334999e-01	7.085954561556943865e-02	2.874277217298426210e-02	7.314828036462946159e-02
1.104462939777501106e+03	2.627322510993557736e-01	1.692633756806171119e-01	2.471437966863427038e-01	1.479896928295327263e-01	7.089768028298618074e-02	2.876755516548383865e-02	7.320564825553473043e-02
1.105914270841597499e+03	2.625087219137866579e-01	1.691133180554565685e-01	2.473054429089812656e-01	1.480815359810610243e-01	7.093575198202899112e-02	2.879230831394993459e-02	7.326292084458860265e-02
1.107365601905694348e+03	2.622855858880863145e-01	1.689635032678291626e-01	2.474668087229520419e-01	1.481732113848744647e-01	7.097376081997236463e-02	2.881703162089946021e-02	7.332009829523919442e-02
1.108816932969790741e+03	2.620628422887034681e-01	1.688139309598827298e-01	2.476278945974239309e-01	1.482647193902607574e-01	7.101170690389101148e-02	2.884172508904943311e-02	7.337718077064166178e-02
1.110268264033887590e+03	2.618404903836530906e-01	1.686646007741107733e-01	2.477887010008124058e-01	1.483560603456417770e-01	7.104959034066050949e-02	2.886638872131573608e-02	7.343416843365867253e-02
1.111719595097984211e+03	2.616185294425125707e-01	1.685155123533531585e-01	2.479492284007804026e-01	1.484472345985760611e-01	7.108741123695798414e-02	2.889102252081188899e-02	7.349106144686094744e-02
1.113170926162080832e+03	2.613969587364171066e-01	1.683666653407966673e-01	2.481094772642394863e-01	1.485382424957614189e-01	7.112516969926267751e-02	2.891562649084781361e-02	7.354785997252781538e-02
1.114622257226177226e+03	2.611757775380559310e-01	1.682180593799757762e-01	2.482694480573509610e-01	1.486290843830372632e-01	7.116286583385661446e-02	2.894020063492862976e-02	7.360456417264776841e-02
1.116073588290273847e+03	2.609549851216679262e-01	1.680696941147732659e-01	2.484291412455268411e-01	1.487197606053873022e-01	7.120049974682521321e-02	2.896474495675343055e-02	7.366117420891896139e-02
1.117524919354370468e+03	2.607345807630374601e-01	1.679215691894209161e-01	2.485885572934309617e-01	1.488102715069419546e-01	7.123807154405788211e-02	2.898925946021407157e-02	7.371769024274976712e-02
1.118976250418467089e+03	2.605145637394901681e-01	1.677736842485000601e-01	2.487476966649800336e-01	1.489006174309808195e-01	7.127558133124864415e-02	2.901374414939398433e-02	7.377411243525930362e-02
1.120427581482563710e+03	2.602949333298890666e-01	1.676260389369423343e-01	2.489065598233447252e-01	1.489907987199351747e-01	7.131302921389671978e-02	2.903819902856696542e-02	7.383044094727798934e-02
1.121878912546660331e+03	2.600756888146302237e-01	1.674786329000302332e-01	2.490651472309506897e-01	1.490808157153905300e-01	7.135041529730712373e-02	2.906262410219600037e-02	7.388667593934805655e-02
1.123330243610756725e+03	2.598568294756387620e-01	1.673314657833978314e-01	2.492234593494797590e-01	1.491706687580889867e-01	7.138773968659128943e-02	2.908701937493207018e-02	7.394281757172410652e-02
1.124781574674853118e+03	2.596383545963648065e-01	1.671845372330311719e-01	2.493814966398707755e-01	1.492603581879317909e-01	7.142500248666756868e-02	2.911138485161299944e-02	7.399886600437363682e-02
1.126232905738949967e+03	2.594202634617792103e-01	1.670378468952691542e-01	2.495392595623208698e-01	1.493498843439817481e-01	7.146220380226193936e-02	2.913572053726225242e-02	7.405482139697758259e-02
1.127684236803046360e+03	2.592025553583697239e-01	1.668913944168039509e-01	2.496967485762864036e-01	1.494392475644656104e-01	7.149934373790844955e-02	2.916002643708779166e-02	7.411068390893084390e-02
1.129135567867143209e+03	2.589852295741368882e-01	1.667451794446816737e-01	2.498539641404839973e-01	1.495284481867766857e-01	7.153642239794985591e-02	2.918430255648091914e-02	7.416645369934279919e-02
1.130586898931239830e+03	2.587682853985898701e-01	1.665992016263028730e-01	2.500109067128917228e-01	1.496174865474771687e-01	7.157343988653816491e-02	2.920854890101511753e-02	7.422213092703790205e-02
1.132038229995336451e+03	2.585517221227426887e-01	1.664534606094233149e-01	2.501675767507501313e-01	1.497063629823004449e-01	7.161039630763518793e-02	2.923276547644491213e-02	7.427771575055613917e-02
1.133489561059432845e+03	2.583355390391100515e-01	1.663079560421544256e-01	2.503239747105631130e-01	1.497950778261538107e-01	7.164729176501313801e-02	2.925695228870472259e-02	7.433320832815361323e-02
1.134940892123529466e+03	2.581197354417033019e-01	1.661626875729637909e-01	2.504801010480992018e-01	1.498836314131206104e-01	7.168412636225511558e-02	2.928110934390773523e-02	7.438860881780307022e-02
1.136392223187626087e+03	2.579043106260266449e-01	1.660176548506758498e-01	2.506359562183926304e-01	1.499720240764628454e-01	7.172090020275566358e-02	2.930523664834477210e-02	7.444391737719442681e-02
1.137843554251722708e+03	2.576892638890731502e-01	1.658728575244723669e-01	2.507915406757441068e-01	1.500602561486233943e-01	7.175761338972135028e-02	2.932933420848317721e-02	7.449913416373528385e-02
1.139294885315819101e+03	2.574745945293205884e-01	1.657282952438930423e-01	2.509468548737221472e-01	1.501483279612286226e-01	7.179426602617122732e-02	2.935340203096568554e-02	7.455425933455149534e-02
1.140746216379915950e+03	2.572603018467276570e-01	1.655839676588360121e-01	2.511018992651640191e-01	1.502362398450905745e-01	7.183085821493746803e-02	2.937744012260932666e-02	7.460929304648766802e-02
1.142197547444012343e+03	2.570463851427302604e-01	1.654398744195583748e-01	2.512566743021769078e-01	1.503239921302093884e-01	7.186739005866576990e-02	2.940144849040430414e-02	7.466423545610768875e-02
1.143648878508108737e+03	2.568328437202372361e-01	1.652960151766767749e-01	2.514111804361386926e-01	1.504115851457757946e-01	7.190386165981595135e-02	2.942542714151291997e-02	7.471908671969530735e-02
1.145100209572205586e+03	2.566196768836266351e-01	1.651523895811678189e-01	2.515654181176992799e-01	1.504990192201733912e-01	7.194027312066245128e-02	2.944937608326846090e-02	7.477384699325459461e-02
1.146551540636302207e+03	2.564068839387418364e-01	1.650089972843687691e-01	2.517193877967815463e-01	1.505862946809809755e-01	7.197662454329481485e-02	2.947329532317412293e-02	7.482851643251049734e-02
1.148002871700398828e+03	2.561944641928878275e-01	1.648658379379778771e-01	2.518730899225823383e-01	1.506734118549749590e-01	7.201291602961826244e-02	2.949718486890191491e-02	7.488309519290939353e-02
1.149454202764495449e+03	2.559824169548268746e-01	1.647229111940549939e-01	2.520265249435735821e-01	1.507603710681316989e-01	7.204914768135410597e-02	2.952104472829160040e-02	7.493758342961960583e-02
1.150905533828591842e+03	2.557707415347754698e-01	1.645802167050219866e-01	2.521796933075033387e-01	1.508471726456297735e-01	7.208531960004033179e-02	2.954487490934961172e-02	7.499198129753191500e-02
1.152356864892688463e+03	2.555594372443996676e-01	1.644377541236633211e-01	2.523325954613968580e-01	1.509338169118524808e-01	7.212143188703203089e-02	2.956867542024799178e-02	7.504628895126010113e-02
1.153808195956785084e+03	2.553485033968118656e-01	1.642955231031264229e-01	2.524852318515574678e-01	1.510203041903899479e-01	7.215748464350192626e-02	2.959244626932333241e-02	7.510050654514145718e-02
1.155259527020881706e+03	2.551379393065666967e-01	1.641535232969223712e-01	2.526376029235679055e-01	1.511066348040415730e-01	7.219347797044083082e-02	2.961618746507573008e-02	7.515463423323733017e-02
1.156710858084978327e+03	2.549277442896574208e-01	1.640117543589261484e-01	2.527897091222910952e-01	1.511928090748183573e-01	7.222941196865817481e-02	2.963989901616771380e-02	7.520867216933362076e-02
1.158162189149074720e+03	2.547179176635120390e-01	1.638702159433771122e-01	2.529415508918712585e-01	1.512788273239451253e-01	7.226528673878244990e-02	2.966358093142322516e-02	7.526262050694133843e-02
1.159613520213171569e+03	2.545084587469894633e-01	1.637289077048796893e-01	2.530931286757350240e-01	1.513646898718629119e-01	7.230110238126168098e-02	2.968723321982655663e-02	7.531647939929711488e-02
1.161064851277267962e+03	2.542993668603760749e-01	1.635878292984035698e-01	2.532444429165925937e-01	1.514503970382311826e-01	7.233685899636393968e-02	2.971085589052134893e-02	7.537024899936371758e-02
1.162516182341364356e+03	2.540906413253816165e-01	1.634469803792843734e-01	2.533954940564383529e-01	1.515359491419301652e-01	7.237255668417773291e-02	2.973444895280953626e-02	7.542392945983057706e-02
1.163967513405461204e+03	2.538822814651358062e-01	1.633063606032238435e-01	2.535462825365524808e-01	1.516213465010630979e-01	7.240819554461255803e-02	2.975801241615033330e-02	7.547752093311430044e-02
1.165418844469557826e+03	2.536742866041842848e-01	1.631659696262905412e-01	2.536968087975013941e-01	1.517065894329584497e-01	7.244377567739930524e-02	2.978154629015922553e-02	7.553102357135921263e-02
1.166870175533654447e+03	2.534666560684852299e-01	1.630258071049200952e-01	2.538470732791392459e-01	1.517916782541722798e-01	7.247929718209071559e-02	2.980505058460694578e-02	7.558443752643786984e-02
1.168321506597751068e+03	2.532593891854054702e-01	1.628858726959157011e-01	2.539970764206087583e-01	1.518766132804905133e-01	7.251476015806190834e-02	2.982852530941846811e-02	7.563776294995158689e-02
1.169772837661847461e+03	2.530524852837168770e-01	1.627461660564485380e-01	2.541468186603422219e-01	1.519613948269310788e-01	7.255016470451071398e-02	2.985197047467201895e-02	7.569099999323089523e-02
1.171224168725944082e+03	2.528459436935928117e-01	1.626066868440581570e-01	2.542963004360627166e-01	1.520460232077461560e-01	7.258551092045821551e-02	2.987538609059807101e-02	7.574414880733616739e-02
1.172675499790040703e+03	2.526397637466041846e-01	1.624674347166529254e-01	2.544455221847850557e-01	1.521304987364245631e-01	7.262079890474915089e-02	2.989877216757834757e-02	7.579720954305804725e-02
1.174126830854137097e+03	2.524339447757162347e-01	1.623284093325103872e-01	2.545944843428165627e-01	1.522148217256938108e-01	7.265602875605235711e-02	2.992212871614484751e-02	7.585018235091801897e-02
1.175578161918233945e+03	2.522284861152845337e-01	1.621896103502776798e-01	2.547431873457585705e-01	1.522989924875224055e-01	7.269120057286122816e-02	2.994545574697885307e-02	7.590306738116886498e-02
1.177029492982330339e+03	2.520233871010515991e-01	1.620510374289719224e-01	2.548916316285070316e-01	1.523830113331220426e-01	7.272631445349411750e-02	2.996875327090996188e-02	7.595586478379523498e-02
1.178480824046426733e+03	2.518186470701432866e-01	1.619126902279806879e-01	2.550398176252539617e-01	1.524668785729498544e-01	7.276137049609479601e-02	2.999202129891511553e-02	7.600857470851415942e-02
1.179932155110523581e+03	2.516142653610650703e-01	1.617745684070621692e-01	2.551877457694880502e-01	1.525505945167105748e-01	7.279636879863285448e-02	3.001525984211762463e-02	7.606119730477553520e-02
1.181383486174620202e+03	2.514102413136984349e-01	1.616366716263457626e-01	2.553354164939958260e-01	1.526341594733587603e-01	7.283130945890417540e-02	3.003846891178621817e-02	7.611373272176263916e-02
1.182834817238716823e+03	2.512065742692976000e-01	1.614989995463323724e-01	2.554828302308628785e-01	1.527175737511008990e-01	7.286619257453132159e-02	3.006164851933407905e-02	7.616618110839266931e-02
1.184286148302813444e+03	2.510032635704856907e-01	1.613615518278947170e-01	2.556299874114746351e-01	1.528008376573977145e-01	7.290101824296392474e-02	3.008479867631790039e-02	7.621854261331721669e-02
1.185737479366910065e+03	2.508003085612513505e-01	1.612243281322777444e-01	2.557768884665175824e-01	1.528839514989662196e-01	7.293578656147917116e-02	3.010791939443692444e-02	7.627081738492279273e-02
1.187188810431006686e+03	2.505977085869452448e-01	1.610873281210989660e-01	2.559235338259800430e-01	1.529669155817819926e-01	7.297049762718217647e-02	3.013101068553202672e-02	7.632300557133138430e-02
1.188640141495103080e+03	2.503954629942762855e-01	1.609505514563488449e-01	2.560699239191534526e-01	1.530497302110812863e-01	7.300515153700640192e-02	3.015407256158474103e-02	7.637510732040088401e-02
1.190091472559199701e+03	2.501935711313084121e-01	1.608139978003910175e-01	2.562160591746332483e-01	1.531323956913630824e-01	7.303974838771407074e-02	3.017710503471637135e-02	7.642712277972565915e-02
1.191542803623296322e+03	2.499920323474569550e-01	1.606776668159627941e-01	2.563619400203200338e-01	1.532149123263915058e-01	7.307428827589654285e-02	3.020010811718702379e-02	7.647905209663700965e-02
1.192994134687392716e+03	2.497908459934853609e-01	1.605415581661753521e-01	2.565075668834202460e-01	1.532972804191976568e-01	7.310877129797475893e-02	3.022308182139471153e-02	7.653089541820375097e-02
1.194445465751489564e+03	2.495900114215014454e-01	1.604056715145141809e-01	2.566529401904475982e-01	1.533795002720819423e-01	7.314319755019961511e-02	3.024602615987442497e-02	7.658265289123260267e-02
1.195896796815585958e+03	2.493895279849540625e-01	1.602700065248392758e-01	2.567980603672238571e-01	1.534615721866161298e-01	7.317756712865240709e-02	3.026894114529721583e-02	7.663432466226879902e-02
1.197348127879682352e+03	2.491893950386296908e-01	1.601345628613855543e-01	2.569429278388800086e-01	1.535434964636455402e-01	7.321188012924513544e-02	3.029182679046930199e-02	7.668591087759657476e-02
1.198799458943779200e+03	2.489896119386489359e-01	1.599993401887631339e-01	2.570875430298569797e-01	1.536252734032909906e-01	7.324613664772100519e-02	3.031468310833114813e-02	7.673741168323960915e-02
1.200250790007875821e+03	2.487901780424632281e-01	1.598643381719575818e-01	2.572319063639069703e-01	1.537069033049511257e-01	7.328033677965471726e-02	3.033751011195657404e-02	7.678882722496158109e-02
1.201702121071972442e+03	2.485910927088512412e-01	1.597295564763303310e-01	2.573760182640943972e-01	1.537883864673043333e-01	7.331448062045291258e-02	3.036030781455185262e-02	7.684015764826666872e-02
1.203153452136069063e+03	2.483923552979156735e-01	1.595949947676189029e-01	2.575198791527967823e-01	1.538697231883109084e-01	7.334856826535456065e-02	3.038307622945482511e-02	7.689140309840000742e-02
1.204604783200165684e+03	2.481939651710796946e-01	1.594606527119372119e-01	2.576634894517059182e-01	1.539509137652152193e-01	7.338259980943133420e-02	3.040581537013402683e-02	7.694256372034824487e-02
1.206056114264262078e+03	2.479959216910836706e-01	1.593265299757757880e-01	2.578068495818287564e-01	1.540319584945476494e-01	7.341657534758797010e-02	3.042852525018778162e-02	7.699363965884001293e-02
1.207507445328358699e+03	2.477982242219818332e-01	1.591926262260021374e-01	2.579499599634885176e-01	1.541128576721267629e-01	7.345049497456267174e-02	3.045120588334333800e-02	7.704463105834644110e-02
1.208958776392455093e+03	2.476008721291387826e-01	1.590589411298610478e-01	2.580928210163255243e-01	1.541936115930612472e-01	7.348435878492746987e-02	3.047385728345599482e-02	7.709553806308161450e-02
1.210410107456551941e+03	2.474038647792263235e-01	1.589254743549746995e-01	2.582354331592984220e-01	1.542742205517522169e-01	7.351816687308862508e-02	3.049647946450824085e-02	7.714636081700311510e-02
1.211861438520648335e+03	2.472072015402199952e-01	1.587922255693431650e-01	2.583777968106851231e-01	1.543546848418950179e-01	7.355191933328697473e-02	3.051907244060887703e-02	7.719709946381249355e-02
1.213312769584745183e+03	2.470108817813957691e-01	1.586591944413445199e-01	2.585199123880837502e-01	1.544350047564813644e-01	7.358561625959827990e-02	3.054163622599216643e-02	7.724775414695575493e-02
1.214764100648841804e+03	2.468149048733269124e-01	1.585263806397350650e-01	2.586617803084137468e-01	1.545151805878014484e-01	7.361925774593365557e-02	3.056417083501698079e-02	7.729832500962388608e-02
1.216215431712937971e+03	2.466192701878804072e-01	1.583937838336496040e-01	2.588034009879166542e-01	1.545952126274459104e-01	7.365284388603988985e-02	3.058667628216594006e-02	7.734881219475332748e-02
1.217666762777034819e+03	2.464239770982138145e-01	1.582614036926018042e-01	2.589447748421574436e-01	1.546751011663078101e-01	7.368637477349980480e-02	3.060915258204457978e-02	7.739921584502644503e-02
1.219118093841131440e+03	2.462290249787720819e-01	1.581292398864842796e-01	2.590859022860253491e-01	1.547548464945847912e-01	7.371985050173265885e-02	3.063159974938049410e-02	7.744953610287205747e-02
1.220569424905228061e+03	2.460344132052841859e-01	1.579972920855689522e-01	2.592267837337347558e-01	1.548344489017809689e-01	7.375327116399447991e-02	3.065401779902250656e-02	7.749977311046592210e-02
1.222020755969324682e+03	2.458401411547597726e-01	1.578655599605072180e-01	2.593674195988263653e-01	1.549139086767089279e-01	7.378663685337838452e-02	3.067640674593984790e-02	7.754992700973119268e-02
1.223472087033421303e+03	2.456462082054861606e-01	1.577340431823301969e-01	2.595078102941681952e-01	1.549932261074918882e-01	7.381994766281503584e-02	3.069876660522129902e-02	7.759999794233894688e-02
1.224923418097517697e+03	2.454526137370248440e-01	1.576027414224489553e-01	2.596479562319564671e-01	1.550724014815654805e-01	7.385320368507287958e-02	3.072109739207439308e-02	7.764998604970863028e-02
1.226374749161614318e+03	2.452593571302085218e-01	1.574716543526547274e-01	2.597878578237167169e-01	1.551514350856799673e-01	7.388640501275856032e-02	3.074339912182457932e-02	7.769989147300855603e-02
1.227826080225710712e+03	2.450664377671376570e-01	1.573407816451190544e-01	2.599275154803047383e-01	1.552303272059020189e-01	7.391955173831728232e-02	3.076567180991441122e-02	7.774971435315645996e-02
1.229277411289807560e+03	2.448738550311774509e-01	1.572101229723941451e-01	2.600669296119075269e-01	1.553090781276167953e-01	7.395264395403312874e-02	3.078791547190273467e-02	7.779945483081988911e-02
1.230728742353903954e+03	2.446816083069545122e-01	1.570796780074129317e-01	2.602061006280442790e-01	1.553876881355298611e-01	7.398568175202940855e-02	3.081013012346387608e-02	7.784911304641670138e-02
1.232180073418000802e+03	2.444896969803538322e-01	1.569494464234893749e-01	2.603450289375676685e-01	1.554661575136692953e-01	7.401866522426901740e-02	3.083231578038684098e-02	7.789868914011560674e-02
1.233631404482097196e+03	2.442981204385154814e-01	1.568194278943186026e-01	2.604837149486643466e-01	1.555444865453873560e-01	7.405159446255475675e-02	3.085447245857451601e-02	7.794818325183661134e-02
1.235082735546193817e+03	2.441068780698314733e-01	1.566896220939771045e-01	2.606221590688563294e-01	1.556226755133627293e-01	7.408446955852970861e-02	3.087660017404287097e-02	7.799759552125146156e-02
1.236534066610290438e+03	2.439159692639427113e-01	1.565600286969229815e-01	2.607603617050017752e-01	1.557007246996023608e-01	7.411729060367752697e-02	3.089869894292015737e-02	7.804692608778419916e-02
1.237985397674387059e+03	2.437253934117357412e-01	1.564306473779960294e-01	2.608983232632960392e-01	1.557786343854433431e-01	7.415005768932282637e-02	3.092076878144614169e-02	7.809617509061157758e-02
1.239436728738483680e+03	2.435351499053396429e-01	1.563014778124179882e-01	2.610360441492728389e-01	1.558564048515548861e-01	7.418277090663148721e-02	3.094280970597129699e-02	7.814534266866356160e-02
1.240888059802580301e+03	2.433452381381229490e-01	1.561725196757926815e-01	2.611735247678049210e-01	1.559340363779402605e-01	7.421543034661101657e-02	3.096482173295603962e-02	7.819442896062385462e-02
1.242339390866676695e+03	2.431556575046905366e-01	1.560437726441062378e-01	2.613107655231051152e-01	1.560115292439387402e-01	7.424803610011082577e-02	3.098680487896995212e-02	7.824343410493027340e-02
1.243790721930773088e+03	2.429664074008804908e-01	1.559152363937272301e-01	2.614477668187277226e-01	1.560888837282273789e-01	7.428058825782260510e-02	3.100875916069099902e-02	7.829235823977530317e-02
1.245242052994869937e+03	2.427774872237610793e-01	1.557869106014067306e-01	2.615845290575687931e-01	1.561661001088231471e-01	7.431308691028067070e-02	3.103068459490477063e-02	7.834120150310655561e-02
1.246693384058966330e+03	2.425888963716275049e-01	1.556587949442786445e-01	2.617210526418677352e-01	1.562431786630845976e-01	7.434553214786225606e-02	3.105258119850371618e-02	7.838996403262719903e-02
1.248144715123063179e+03	2.424006342439991579e-01	1.555308890998598204e-01	2.618573379732081485e-01	1.563201196677138638e-01	7.437792406078781726e-02	3.107444898848637366e-02	7.843864596579648574e-02
1.249596046187159800e+03	2.422127002416162578e-01	1.554031927460500229e-01	2.619933854525184902e-01	1.563969233987586305e-01	7.441026273912142164e-02	3.109628798195663082e-02	7.848724743983021002e-02
1.251047377251256421e+03	2.420250937664369106e-01	1.552757055611323767e-01	2.621291954800733515e-01	1.564735901316138544e-01	7.444254827277101139e-02	3.111809819612295150e-02	7.853576859170117996e-02
1.252498708315352815e+03	2.418378142216341120e-01	1.551484272237732553e-01	2.622647684554944569e-01	1.565501201410237631e-01	7.447478075148879217e-02	3.113987964829764699e-02	7.858420955813964770e-02
1.253950039379449436e+03	2.416508610115926659e-01	1.550213574130225314e-01	2.624001047777513862e-01	1.566265137010836583e-01	7.450696026487148294e-02	3.116163235589612321e-02	7.863257047563383673e-02
1.255401370443546057e+03	2.414642335419061869e-01	1.548944958083136869e-01	2.625352048451628506e-01	1.567027710852418043e-01	7.453908690236063506e-02	3.118335633643612784e-02	7.868085148043035826e-02
1.256852701507642678e+03	2.412779312193741033e-01	1.547678420894639528e-01	2.626700690553975814e-01	1.567788925663012312e-01	7.457116075324304871e-02	3.120505160753702864e-02	7.872905270853472470e-02
1.258304032571739299e+03	2.410919534519985752e-01	1.546413959366743918e-01	2.628046978054751626e-01	1.568548784164217058e-01	7.460318190665093940e-02	3.122671818691907103e-02	7.877717429571177987e-02
1.259755363635835920e+03	2.409062996489817199e-01	1.545151570305300925e-01	2.629390914917670852e-01	1.569307289071215084e-01	7.463515045156238203e-02	3.124835609240265294e-02	7.882521637748617083e-02
1.261206694699932314e+03	2.407209692207223362e-01	1.543891250520002256e-01	2.630732505099978025e-01	1.570064443092792084e-01	7.466706647680158848e-02	3.126996534190759625e-02	7.887317908914283360e-02
1.262658025764028707e+03	2.405359615788131566e-01	1.542632996824382097e-01	2.632071752552456734e-01	1.570820248931356355e-01	7.469893007103912963e-02	3.129154595345241818e-02	7.892106256572743728e-02
1.264109356828125556e+03	2.403512761360377670e-01	1.541376806035816838e-01	2.633408661219437397e-01	1.571574709282955729e-01	7.473074132279237947e-02	3.131309794515362704e-02	7.896886694204685586e-02
1.265560687892221949e+03	2.401669123063678302e-01	1.540122674975528405e-01	2.634743235038810028e-01	1.572327826837296438e-01	7.476250032042573712e-02	3.133462133522498666e-02	7.901659235266959846e-02
1.267012018956318798e+03	2.399828695049598948e-01	1.538870600468583427e-01	2.636075477942031453e-01	1.573079604277760890e-01	7.479420715215095994e-02	3.135611614197681557e-02	7.906423893192630892e-02
1.268463350020415419e+03	2.397991471481526471e-01	1.537620579343894900e-01	2.637405393854136970e-01	1.573830044281427087e-01	7.482586190602749654e-02	3.137758238381528619e-02	7.911180681391019598e-02
1.269914681084511813e+03	2.396157446534638857e-01	1.536372608434223019e-01	2.638732986693749227e-01	1.574579149519084453e-01	7.485746466996273663e-02	3.139902007924171012e-02	7.915929613247753294e-02
1.271366012148608434e+03	2.394326614395876629e-01	1.535126684576175737e-01	2.640058260373085997e-01	1.575326922655253536e-01	7.488901553171234404e-02	3.142042924685183730e-02	7.920670702124808782e-02
1.272817343212705055e+03	2.392498969263914532e-01	1.533882804610210981e-01	2.641381218797972941e-01	1.576073366348203497e-01	7.492051457888056210e-02	3.144180990533516212e-02	7.925403961360553973e-02
1.274268674276801676e+03	2.390674505349131007e-01	1.532640965380634990e-01	2.642701865867850830e-01	1.576818483249969594e-01	7.495196189892053273e-02	3.146316207347422261e-02	7.930129404269800619e-02
1.275720005340898297e+03	2.388853216873580432e-01	1.531401163735605642e-01	2.644020205475787200e-01	1.577562276006371222e-01	7.498335757913453248e-02	3.148448577014391347e-02	7.934847044143848727e-02
1.277171336404994690e+03	2.387035098070963424e-01	1.530163396527132180e-01	2.645336241508484121e-01	1.578304747257029961e-01	7.501470170667431936e-02	3.150578101431081302e-02	7.939556894250522634e-02
1.278622667469091539e+03	2.385220143186599917e-01	1.528927660611075767e-01	2.646649977846288748e-01	1.579045899635386774e-01	7.504599436854145211e-02	3.152704782503248926e-02	7.944258967834227914e-02
1.280073998533187932e+03	2.383408346477398909e-01	1.527693952847149761e-01	2.647961418363202757e-01	1.579785735768719224e-01	7.507723565158752610e-02	3.154828622145679912e-02	7.948953278115994392e-02
1.281525329597284326e+03	2.381599702211829872e-01	1.526462270098921103e-01	2.649270566926892334e-01	1.580524258278160343e-01	7.510842564251453413e-02	3.156949622282125695e-02	7.953639838293515008e-02
1.282976660661381175e+03	2.379794204669896385e-01	1.525232609233811154e-01	2.650577427398697061e-01	1.581261469778715012e-01	7.513956442787507461e-02	3.159067784845231291e-02	7.958318661541194383e-02
1.284427991725477568e+03	2.377991848143105880e-01	1.524004967123095688e-01	2.651882003633638796e-01	1.581997372879277997e-01	7.517065209407275406e-02	3.161183111776471460e-02	7.962989761010197398e-02
1.285879322789574417e+03	2.376192626934441332e-01	1.522779340641904899e-01	2.653184299480433883e-01	1.582731970182651438e-01	7.520168872736238130e-02	3.163295605026084090e-02	7.967653149828486658e-02
1.287330653853671038e+03	2.374396535358334892e-01	1.521555726669225339e-01	2.654484318781500929e-01	1.583465264285560947e-01	7.523267441385028675e-02	3.165405266553000807e-02	7.972308841100872456e-02
1.288781984917767431e+03	2.372603567740638464e-01	1.520334122087899087e-01	2.655782065372969125e-01	1.584197257778674761e-01	7.526360923949466930e-02	3.167512098324786612e-02	7.976956847909057180e-02
1.290233315981864052e+03	2.370813718418596228e-01	1.519114523784625137e-01	2.657077543084689353e-01	1.584927953246619559e-01	7.529449329010579062e-02	3.169616102317568407e-02	7.981597183311676946e-02
