1.001418434226643626e+03	2.795643129642012559e-01	1.806356871904387096e-01	2.349387560235507710e-01	1.410235229788162625e-01	6.802245873512269281e-02	2.693367999477402214e-02	6.888158211294939659e-02
1.003837319333471214e+03	2.791410949368710037e-01	1.803563933669571906e-01	2.352435731485309212e-01	1.411980028438462043e-01	6.809367801751092797e-02	2.697838322600526473e-02	6.898887446013161895e-02
1.006256204440298802e+03	2.787191273039819062e-01	1.800778437567206458e-01	2.355475157099180539e-01	1.413719406529982958e-01	6.816470023999178507e-02	2.702300437066475908e-02	6.909586796557769250e-02
1.008675089547126618e+03	2.782984061457636216e-01	1.798000365665023692e-01	2.358505861261066261e-01	1.415453383282736233e-01	6.823552597606721837e-02	2.706754336616712733e-02	6.920256349097247961e-02
1.011093974653954206e+03	2.778789275563142702e-01	1.795229700059271516e-01	2.361527868091044813e-01	1.417181977837659590e-01	6.830615579707552398e-02	2.711200015221332596e-02	6.930896189545233954e-02
1.013512859760782021e+03	2.774606876435405378e-01	1.792466422874789966e-01	2.364541201645476154e-01	1.418905209256948463e-01	6.837659027221271169e-02	2.715637467076766412e-02	6.941506403561061023e-02
1.015931744867609382e+03	2.770436825290985561e-01	1.789710516265089757e-01	2.367545885917151094e-01	1.420623096524388507e-01	6.844682996855330770e-02	2.720066686603506492e-02	6.952087076550310385e-02
1.018350629974437197e+03	2.766279083483346724e-01	1.786961962412427773e-01	2.370541944835437842e-01	1.422335658545686443e-01	6.851687545107075505e-02	2.724487668443855565e-02	6.962638293665378286e-02
1.020769515081264785e+03	2.762133612502267188e-01	1.784220743527882014e-01	2.373529402266431054e-01	1.424042914148803129e-01	6.858672728265725882e-02	2.728900407459697655e-02	6.973160139806043600e-02
1.023188400188092373e+03	2.758000373973259478e-01	1.781486841851424308e-01	2.376508282013096995e-01	1.425744882084282739e-01	6.865638602414331215e-02	2.733304898730291518e-02	6.983652699620042370e-02
1.025607285294920075e+03	2.753879329656985786e-01	1.778760239651992758e-01	2.379478607815423696e-01	1.427441581025586936e-01	6.872585223431672274e-02	2.737701137550086275e-02	6.994116057503653450e-02
1.028026170401747549e+03	2.749770441448682878e-01	1.776040919227562520e-01	2.382440403350564451e-01	1.429133029569424063e-01	6.879512646994120906e-02	2.742089119426557517e-02	7.004550297602284148e-02
1.030445055508575479e+03	2.745673671377586444e-01	1.773328862905214909e-01	2.385393692232988250e-01	1.430819246236080533e-01	6.886420928577458023e-02	2.746468840078064924e-02	7.014955503811071136e-02
1.032863940615402726e+03	2.741588981606361553e-01	1.770624053041205126e-01	2.388338498014624112e-01	1.432500249469752240e-01	6.893310123458656902e-02	2.750840295431731392e-02	7.025331759775474416e-02
1.035282825722230655e+03	2.737516334430531995e-01	1.767926472021030537e-01	2.391274844185007908e-01	1.434176057638873458e-01	6.900180286717620681e-02	2.755203481621341585e-02	7.035679148891885171e-02
1.037701710829058356e+03	2.733455692277917404e-01	1.765236102259493400e-01	2.394202754171429748e-01	1.435846689036447410e-01	6.907031473238893493e-02	2.759558394985263050e-02	7.045997754308241934e-02
1.040120595935886058e+03	2.729407017708070926e-01	1.762552926200768588e-01	2.397122251339078025e-01	1.437512161880375727e-01	6.913863737713317470e-02	2.763905032064385356e-02	7.056287658924642603e-02
1.042539481042713533e+03	2.725370273411719113e-01	1.759876926318463264e-01	2.400033358991187360e-01	1.439172494313787076e-01	6.920677134639667549e-02	2.768243389600079027e-02	7.066548945393964776e-02
1.044958366149541234e+03	2.721345422210206255e-01	1.757208085115681551e-01	2.402936100369182093e-01	1.440827704405365506e-01	6.927471718326251582e-02	2.772573464532175971e-02	7.076781696122494414e-02
1.047377251256368709e+03	2.717332427054942601e-01	1.754546385125083097e-01	2.405830498652824223e-01	1.442477810149679074e-01	6.934247542892466032e-02	2.776895253996967614e-02	7.086985993270554507e-02
1.049796136363196410e+03	2.713331251026853130e-01	1.751891808908943027e-01	2.408716576960356348e-01	1.444122829467505698e-01	6.941004662270330861e-02	2.781208755325222451e-02	7.097161918753137899e-02
1.052215021470024112e+03	2.709341857335831327e-01	1.749244339059210229e-01	2.411594358348648492e-01	1.445762780206161224e-01	6.947743130205982776e-02	2.785513966040223388e-02	7.107309554240547056e-02
1.054633906576851814e+03	2.705364209320195168e-01	1.746603958197564810e-01	2.414463865813341048e-01	1.447397680139825005e-01	6.954463000261144889e-02	2.789810883855821377e-02	7.117428981159039381e-02
1.057052791683679516e+03	2.701398270446144223e-01	1.743970648975472493e-01	2.417325122288991324e-01	1.449027546969864910e-01	6.961164325814557519e-02	2.794099506674510569e-02	7.127520280691458654e-02
1.059471676790506763e+03	2.697444004307223975e-01	1.741344394074241242e-01	2.420178150649216764e-01	1.450652398325162351e-01	6.967847160063388168e-02	2.798379832585518728e-02	7.137583533777901168e-02
1.061890561897334692e+03	2.693501374623787359e-01	1.738725176205072609e-01	2.423022973706839833e-01	1.452272251762436461e-01	6.974511556024609593e-02	2.802651859862917774e-02	7.147618821116352716e-02
1.064309447004162394e+03	2.689570345242465188e-01	1.736112978109115856e-01	2.425859614214031235e-01	1.453887124766566619e-01	6.981157566536347336e-02	2.806915586963751666e-02	7.157626223163350565e-02
1.066728332110990095e+03	2.685650880135634910e-01	1.733507782557517363e-01	2.428688094862454794e-01	1.455497034750915242e-01	6.987785244259200890e-02	2.811171012526178861e-02	7.167605820134637096e-02
1.069147217217817570e+03	2.681742943400892143e-01	1.730909572351472803e-01	2.431508438283410123e-01	1.457101999057648922e-01	6.994394641677541269e-02	2.815418135367635938e-02	7.177557692005821777e-02
1.071566102324645271e+03	2.677846499260529423e-01	1.728318330322274055e-01	2.434320667047976394e-01	1.458702034958059557e-01	7.000985811100780831e-02	2.819656954483017869e-02	7.187481918513043133e-02
1.073984987431472746e+03	2.673961512061012735e-01	1.725734039331358605e-01	2.437124803667155004e-01	1.460297159652884647e-01	7.007558804664620888e-02	2.823887469042871481e-02	7.197378579153630718e-02
1.076403872538300675e+03	2.670087946272464152e-01	1.723156682270355067e-01	2.439920870592014179e-01	1.461887390272625653e-01	7.014113674332264625e-02	2.828109678391610080e-02	7.207247753186771244e-02
1.078822757645127922e+03	2.666225766488144466e-01	1.720586242061129534e-01	2.442708890213828865e-01	1.463472743877866078e-01	7.020650471895621691e-02	2.832323582045742291e-02	7.217089519634181660e-02
1.081241642751955851e+03	2.662374937423941379e-01	1.718022701655830820e-01	2.445488884864226165e-01	1.465053237459588986e-01	7.027169248976475324e-02	2.836529179692116182e-02	7.226903957280775281e-02
1.083660527858783553e+03	2.658535423917857132e-01	1.715466044036932369e-01	2.448260876815326337e-01	1.466628887939492587e-01	7.033670057027638367e-02	2.840726471186183141e-02	7.236691144675332088e-02
1.086079412965611255e+03	2.654707190929503358e-01	1.712916252217276392e-01	2.451024888279884351e-01	1.468199712170306648e-01	7.040152947334080147e-02	2.844915456550273225e-02	7.246451160131177349e-02
1.088498298072438729e+03	2.650890203539593148e-01	1.710373309240113826e-01	2.453780941411432548e-01	1.469765726936106132e-01	7.046617971014032533e-02	2.849096135971888877e-02	7.256184081726853308e-02
1.090917183179266431e+03	2.647084426949440905e-01	1.707837198179145699e-01	2.456529058304422752e-01	1.471326948952624003e-01	7.053065179020080733e-02	2.853268509802013575e-02	7.265889987306795028e-02
1.093336068286093905e+03	2.643289826480461069e-01	1.705307902138562814e-01	2.459269260994366713e-01	1.472883394867564588e-01	7.059494622140227715e-02	2.857432578553436783e-02	7.275568954482007633e-02
1.095754953392921607e+03	2.639506367573669632e-01	1.702785404253082113e-01	2.462001571457978488e-01	1.474435081260914437e-01	7.065906350998939212e-02	2.861588342899091392e-02	7.285221060630746315e-02
1.098173838499749309e+03	2.635734015789191753e-01	1.700269687687986919e-01	2.464726011613313228e-01	1.475982024645252078e-01	7.072300416058174832e-02	2.865735803670409199e-02	7.294846382899192183e-02
1.100592723606577010e+03	2.631972736805768820e-01	1.697760735639161633e-01	2.467442603319910943e-01	1.477524241466057486e-01	7.078676867618396984e-02	2.869874961855689577e-02	7.304444998202136441e-02
1.103011608713404712e+03	2.628222496420267729e-01	1.695258531333126706e-01	2.470151368378935286e-01	1.479061748102020457e-01	7.085035755819558967e-02	2.874005818598483059e-02	7.314016983223659008e-02
1.105430493820231959e+03	2.624483260547195718e-01	1.692763058027074163e-01	2.472852328533314548e-01	1.480594560865347575e-01	7.091377130642081972e-02	2.878128375195990185e-02	7.323562414417809918e-02
1.107849378927059888e+03	2.620754995218213534e-01	1.690274299008900083e-01	2.475545505467880991e-01	1.482122696002067808e-01	7.097701041907807096e-02	2.882242633097473541e-02	7.333081368009292111e-02
1.110268264033887590e+03	2.617037666581655819e-01	1.687792237597237899e-01	2.478230920809511573e-01	1.483646169692337813e-01	7.104007539280937644e-02	2.886348593902684015e-02	7.342573919994140053e-02
1.112687149140715292e+03	2.613331240902049268e-01	1.685316857141489211e-01	2.480908596127267829e-01	1.485164998050744756e-01	7.110296672268960616e-02	2.890446259360303360e-02	7.352040146140410848e-02
1.115106034247542766e+03	2.609635684559636903e-01	1.682848141021854871e-01	2.483578552932534378e-01	1.486679197126610230e-01	7.116568490223555699e-02	2.894535631366397174e-02	7.361480121988857317e-02
1.117524919354370468e+03	2.605950964049904006e-01	1.680386072649364959e-01	2.486240812679159640e-01	1.488188782904290297e-01	7.122823042341483446e-02	2.898616711962884521e-02	7.370893922853616331e-02
1.119943804461197942e+03	2.602277045983103498e-01	1.677930635465906262e-01	2.488895396763592671e-01	1.489693771303476910e-01	7.129060377665462356e-02	2.902689503336019355e-02	7.380281623822890213e-02
1.122362689568025871e+03	2.598613897083789648e-01	1.675481812944250581e-01	2.491542326525024720e-01	1.491194178179496566e-01	7.135280545085033455e-02	2.906754007814886173e-02	7.389643299759633688e-02
1.124781574674853118e+03	2.594961484190346779e-01	1.673039588588082216e-01	2.494181623245524948e-01	1.492690019323608397e-01	7.141483593337406843e-02	2.910810227869909186e-02	7.398979025302229728e-02
1.127200459781681047e+03	2.591319774254526864e-01	1.670603945932024048e-01	2.496813308150181432e-01	1.494181310463300605e-01	7.147669571008290201e-02	2.914858166111374341e-02	7.408288874865176510e-02
1.129619344888508749e+03	2.587688734340985452e-01	1.668174868541661415e-01	2.499437402407237441e-01	1.495668067262586609e-01	7.153838526532714515e-02	2.918897825287963474e-02	7.417572922639774358e-02
1.132038229995336451e+03	2.584068331626824255e-01	1.665752340013567923e-01	2.502053927128230493e-01	1.497150305322299257e-01	7.159990508195838987e-02	2.922929208285303046e-02	7.426831242594797433e-02
1.134457115102163925e+03	2.580458533401130405e-01	1.663336343975327092e-01	2.504662903368128912e-01	1.498628040180383647e-01	7.166125564133740689e-02	2.926952318124525013e-02	7.436063908477184847e-02
1.136876000208991627e+03	2.576859307064521265e-01	1.660926864085556787e-01	2.507264352125470608e-01	1.500101287312190501e-01	7.172243742334204197e-02	2.930967157960840189e-02	7.445270993812715121e-02
1.139294885315819101e+03	2.573270620128692565e-01	1.658523884033928641e-01	2.509858294342499074e-01	1.501570062130764827e-01	7.178345090637482107e-02	2.934973731082123061e-02	7.454452571906693137e-02
1.141713770422646803e+03	2.569692440215965434e-01	1.656127387541191098e-01	2.512444750905301061e-01	1.503034379987137903e-01	7.184429656737056913e-02	2.938972040907510824e-02	7.463608715844628760e-02
1.144132655529474505e+03	2.566124735058839534e-01	1.653737358359188281e-01	2.515023742643942573e-01	1.504494256170613997e-01	7.190497488180383479e-02	2.942962090986013871e-02	7.472739498492909915e-02
1.146551540636302207e+03	2.562567472499545085e-01	1.651353780270878036e-01	2.517595290332607649e-01	1.505949705909058745e-01	7.196548632369621779e-02	2.946943884995137722e-02	7.481844992499490921e-02
1.148970425743129908e+03	2.559020620489600994e-01	1.648976637090352748e-01	2.520159414689732147e-01	1.507400744369183643e-01	7.202583136562366872e-02	2.950917426739518845e-02	7.490925270294565563e-02
1.151389310849957155e+03	2.555484147089370217e-01	1.646605912662854332e-01	2.522716136378140295e-01	1.508847386656832767e-01	7.208601047872353895e-02	2.954882720149569486e-02	7.499980404091245723e-02
1.153808195956785084e+03	2.551958020467622323e-01	1.644241590864792546e-01	2.525265476005181808e-01	1.510289647817264769e-01	7.214602413270161663e-02	2.958839769280137769e-02	7.509010465886234442e-02
1.156227081063612786e+03	2.548442208901094408e-01	1.641883655603760261e-01	2.527807454122865671e-01	1.511727542835435145e-01	7.220587279583906559e-02	2.962788578309175427e-02	7.518015527460508718e-02
1.158645966170440488e+03	2.544936680774056992e-01	1.639532090818547894e-01	2.530342091227997248e-01	1.513161086636278518e-01	7.226555693499919775e-02	2.966729151536420805e-02	7.526995660379984243e-02
1.161064851277267962e+03	2.541441404577881591e-01	1.637186880479159223e-01	2.532869407762313174e-01	1.514590294084987299e-01	7.232507701563424540e-02	2.970661493382091220e-02	7.535950935996199584e-02
1.163483736384095664e+03	2.537956348910607729e-01	1.634848008586824164e-01	2.535389424112614587e-01	1.516015179987290629e-01	7.238443350179193936e-02	2.974585608385587471e-02	7.544881425446979539e-02
1.165902621490923138e+03	2.534481482476513836e-01	1.632515459174010697e-01	2.537902160610904234e-01	1.517435759089731662e-01	7.244362685612204533e-02	2.978501501204208063e-02	7.553787199657110984e-02
1.168321506597751068e+03	2.531016774085694809e-01	1.630189216304437638e-01	2.540407637534519703e-01	1.518852046079943452e-01	7.250265753988283102e-02	2.982409176611876267e-02	7.562668329339011786e-02
1.170740391704578315e+03	2.527562192653633466e-01	1.627869264073086297e-01	2.542905875106266089e-01	1.520264055586924290e-01	7.256152601294740823e-02	2.986308639497878281e-02	7.571524884993405258e-02
1.173159276811406244e+03	2.524117707200778660e-01	1.625555586606210468e-01	2.545396893494552559e-01	1.521671802181311373e-01	7.262023273380999178e-02	2.990199894865610761e-02	7.580356936909976584e-02
1.175578161918233945e+03	2.520683286852127836e-01	1.623248168061345587e-01	2.547880712813526682e-01	1.523075300375651975e-01	7.267877815959208898e-02	2.994082947831339103e-02	7.589164555168050053e-02
1.177997047025061647e+03	2.517258900836806257e-01	1.620946992627318728e-01	2.550357353123203774e-01	1.524474564624675177e-01	7.273716274604860588e-02	2.997957803622968917e-02	7.597947809637246863e-02
1.180415932131889122e+03	2.513844518487651225e-01	1.618652044524256373e-01	2.552826834429604563e-01	1.525869609325563037e-01	7.279538694757384243e-02	3.001824467578824429e-02	7.606706769978155425e-02
1.182834817238716823e+03	2.510440109240799633e-01	1.616363308003592181e-01	2.555289176684885644e-01	1.527260448818216210e-01	7.285345121720750161e-02	3.005682945146441118e-02	7.615441505642987774e-02
1.185253702345544298e+03	2.507045642635273297e-01	1.614080767348073653e-01	2.557744399787473810e-01	1.528647097385524289e-01	7.291135600664050420e-02	3.009533241881364937e-02	7.624152085876248486e-02
1.187672587452371999e+03	2.503661088312571503e-01	1.611804406871768791e-01	2.560192523582196511e-01	1.530029569253630872e-01	7.296910176622083133e-02	3.013375363445964725e-02	7.632838579715384153e-02
1.190091472559199701e+03	2.500286416016263558e-01	1.609534210920070540e-01	2.562633567860417294e-01	1.531407878592197236e-01	7.302668894495918661e-02	3.017209315608254672e-02	7.641501055991450908e-02
1.192510357666027403e+03	2.496921595591580223e-01	1.607270163869702340e-01	2.565067552360165704e-01	1.532782039514666572e-01	7.308411799053469993e-02	3.021035104240724078e-02	7.650139583329766679e-02
1.194929242772855105e+03	2.493566596985012096e-01	1.605012250128721729e-01	2.567494496766268841e-01	1.534152066078527665e-01	7.314138934930052016e-02	3.024852735319180294e-02	7.658754230150564835e-02
1.197348127879682352e+03	2.490221390243907429e-01	1.602760454136525070e-01	2.569914420710484593e-01	1.535517972285574406e-01	7.319850346628931081e-02	3.028662214921599288e-02	7.667345064669654764e-02
1.199767012986510281e+03	2.486885945516071061e-01	1.600514760363848099e-01	2.572327343771632080e-01	1.536879772082166140e-01	7.325546078521870397e-02	3.032463549226989061e-02	7.675912154899067197e-02
1.202185898093337983e+03	2.483560233049367794e-01	1.598275153312769259e-01	2.574733285475722666e-01	1.538237479359486348e-01	7.331226174849671262e-02	3.036256744514256867e-02	7.684455568647705070e-02
1.204604783200165684e+03	2.480244223191326314e-01	1.596041617516711364e-01	2.577132265296091518e-01	1.539591107953799110e-01	7.336890679722707365e-02	3.040041807161094831e-02	7.692975373521999949e-02
1.207023668306993159e+03	2.476937886388744792e-01	1.593814137540442155e-01	2.579524302653528056e-01	1.540940671646707227e-01	7.342539637121442420e-02	3.043818743642865560e-02	7.701471636926549014e-02
1.209442553413820860e+03	2.473641193187298137e-01	1.591592697980074300e-01	2.581909416916406408e-01	1.542286184165405638e-01	7.348173090896964466e-02	3.047587560531504758e-02	7.709944426064770095e-02
1.211861438520648335e+03	2.470354114231149423e-01	1.589377283463063451e-01	2.584287627400814746e-01	1.543627659182934819e-01	7.353791084771492403e-02	3.051348264494429391e-02	7.718393807939538664e-02
1.214280323627476264e+03	2.467076620262560471e-01	1.587167878648209907e-01	2.586658953370686298e-01	1.544965110318434198e-01	7.359393662338888087e-02	3.055100862293455566e-02	7.726819849353833147e-02
1.216699208734303511e+03	2.463808682121505778e-01	1.584964468225654732e-01	2.589023414037928683e-01	1.546298551137392507e-01	7.364980867065155923e-02	3.058845360783726819e-02	7.735222616911377469e-02
1.219118093841131440e+03	2.460550270745289203e-01	1.582767036916878367e-01	2.591381028562553257e-01	1.547627995151898694e-01	7.370552742288953574e-02	3.062581766912650036e-02	7.743602177017275268e-02
1.221536978947959142e+03	2.457301357168159006e-01	1.580575569474697017e-01	2.593731816052805561e-01	1.548953455820889225e-01	7.376109331222069354e-02	3.066310087718842128e-02	7.751958595878652436e-02
1.223955864054786844e+03	2.454061912520929534e-01	1.578390050683258772e-01	2.596075795565291888e-01	1.550274946550397048e-01	7.381650676949924605e-02	3.070030330331083995e-02	7.760291939505288561e-02
1.226374749161614318e+03	2.450831908030600692e-01	1.576210465358040824e-01	2.598412986105109734e-01	1.551592480693797238e-01	7.387176822432049705e-02	3.073742501967283158e-02	7.768602273710251138e-02
1.228793634268442020e+03	2.447611315019981304e-01	1.574036798345842814e-01	2.600743406625977139e-01	1.552906071552051792e-01	7.392687810502560075e-02	3.077446609933447846e-02	7.776889664110528400e-02
1.231212519375269494e+03	2.444400104907314686e-01	1.571869034524782660e-01	2.603067076030357585e-01	1.554215732373953884e-01	7.398183683870637739e-02	3.081142661622666978e-02	7.785154176127660752e-02
1.233631404482097196e+03	2.441198249205904780e-01	1.569707158804290459e-01	2.605384013169593227e-01	1.555521476356370447e-01	7.403664485120996230e-02	3.084830664514100207e-02	7.793395874988363892e-02
1.236050289588924898e+03	2.438005719523744508e-01	1.567551156125101541e-01	2.607694236844027569e-01	1.556823316644483091e-01	7.409130256714342722e-02	3.088510626171975595e-02	7.801614825725161628e-02
1.238469174695752372e+03	2.434822487563145232e-01	1.565401011459249814e-01	2.609997765803135361e-01	1.558121266332029575e-01	7.414581040987840155e-02	3.092182554244597009e-02	7.809811093177006225e-02
1.240888059802580301e+03	2.431648525120370663e-01	1.563256709810058875e-01	2.612294618745650832e-01	1.559415338461541123e-01	7.420016880155563821e-02	3.095846456463358792e-02	7.817984741989902897e-02
1.243306944909407548e+03	2.428483804085268816e-01	1.561118236212135635e-01	2.614584814319693140e-01	1.560705546024581392e-01	7.425437816308952388e-02	3.099502340641770506e-02	7.826135836617528763e-02
1.245725830016235477e+03	2.425328296440908693e-01	1.558985575731360318e-01	2.616868371122892389e-01	1.561991901961983509e-01	7.430843891417250602e-02	3.103150214674485832e-02	7.834264441321854566e-02
1.248144715123063179e+03	2.422181974263216409e-01	1.556858713464876476e-01	2.619145307702519521e-01	1.563274419164084050e-01	7.436235147327958928e-02	3.106790086536346043e-02	7.842370620173760853e-02
1.250563600229890881e+03	2.419044809720616585e-01	1.554737634541082936e-01	2.621415642555610104e-01	1.564553110470958686e-01	7.441611625767269311e-02	3.110421964281425908e-02	7.850454437053652756e-02
1.252982485336718355e+03	2.415916775073670419e-01	1.552622324119622421e-01	2.623679394129090348e-01	1.565827988672653936e-01	7.446973368340498167e-02	3.114045856042090346e-02	7.858515955652070617e-02
1.255401370443546057e+03	2.412797842674719584e-01	1.550512767391369895e-01	2.625936580819903110e-01	1.567099066509420602e-01	7.452320416532523528e-02	3.117661770028059068e-02	7.866555239470308936e-02
1.257820255550373531e+03	2.409687984967530672e-01	1.548408949578422567e-01	2.628187220975136129e-01	1.568366356671943296e-01	7.457652811708205542e-02	3.121269714525477454e-02	7.874572351821015892e-02
1.260239140657201460e+03	2.406587174486940206e-01	1.546310855934086292e-01	2.630431332892143037e-01	1.569629871801570264e-01	7.462970595112818073e-02	3.124869697895998194e-02	7.882567355828809519e-02
1.262658025764028707e+03	2.403495383858503254e-01	1.544218471742864196e-01	2.632668934818671591e-01	1.570889624490541814e-01	7.468273807872460868e-02	3.128461728575868128e-02	7.890540314430881386e-02
1.265076910870856636e+03	2.400412585798142040e-01	1.542131782320443067e-01	2.634900044952988574e-01	1.572145627282217628e-01	7.473562490994485608e-02	3.132045815075023415e-02	7.898491290377594731e-02
1.267495795977684338e+03	2.397338753111796783e-01	1.540050773013680874e-01	2.637124681444001917e-01	1.573397892671303255e-01	7.478836685367896975e-02	3.135621965976193026e-02	7.906420346233095087e-02
1.269914681084511813e+03	2.394273858695079582e-01	1.537975429200590938e-01	2.639342862391387823e-01	1.574646433104073540e-01	7.484096431763775925e-02	3.139190189934009528e-02	7.914327544375902856e-02
1.272333566191339514e+03	2.391217875532927195e-01	1.535905736290328616e-01	2.641554605845713999e-01	1.575891260978598274e-01	7.489341770835679368e-02	3.142750495674127842e-02	7.922212946999515615e-02
1.274752451298167216e+03	2.388170776699258258e-01	1.533841679723176865e-01	2.643759929808562337e-01	1.577132388644963135e-01	7.494572743120044012e-02	3.146302891992349554e-02	7.930076616113003463e-02
1.277171336404994690e+03	2.385132535356629113e-01	1.531783244970529312e-01	2.645958852232654368e-01	1.578369828405492281e-01	7.499789389036588816e-02	3.149847387753756944e-02	7.937918613541601609e-02
1.279590221511822392e+03	2.382103124755895474e-01	1.529730417534875542e-01	2.648151391021973389e-01	1.579603592514968180e-01	7.504991748888710512e-02	3.153383991891853949e-02	7.945739000927301565e-02
1.282009106618650094e+03	2.379082518235871857e-01	1.527683182949782781e-01	2.650337564031888804e-01	1.580833693180850874e-01	7.510179862863879119e-02	3.156912713407713372e-02	7.953537839729447889e-02
1.284427991725477568e+03	2.376070689222992693e-01	1.525641526779882295e-01	2.652517389069278253e-01	1.582060142563496419e-01	7.515353771034030683e-02	3.160433561369130340e-02	7.961315191225316890e-02
1.286846876832305497e+03	2.373067611230979534e-01	1.523605434620848575e-01	2.654690883892650843e-01	1.583282952776373098e-01	7.520513513355951696e-02	3.163946544909788244e-02	7.969071116510710595e-02
1.289265761939132744e+03	2.370073257860503824e-01	1.521574892099383514e-01	2.656858066212268721e-01	1.584502135886277918e-01	7.525659129671667669e-02	3.167451673228423997e-02	7.976805676500539621e-02
1.291684647045960673e+03	2.367087602798856050e-01	1.519549884873197532e-01	2.659018953690269749e-01	1.585717703913550880e-01	7.530790659708826162e-02	3.170948955588005769e-02	7.984518931929397711e-02
1.294103532152788375e+03	2.364110619819612402e-01	1.517530398630990707e-01	2.661173563940790188e-01	1.586929668832288420e-01	7.535908143081075650e-02	3.174438401314916974e-02	7.992210943352154318e-02
1.296522417259616077e+03	2.361142282782307811e-01	1.515516419092434452e-01	2.663321914530085710e-01	1.588138042570556852e-01	7.541011619288444379e-02	3.177920019798147200e-02	7.999881771144527753e-02
1.298941302366443551e+03	2.358182565632104821e-01	1.513507932008151258e-01	2.665464022976651304e-01	1.589342837010602749e-01	7.546101127717713686e-02	3.181393820488485208e-02	8.007531475503658347e-02
1.301360187473271253e+03	2.355231442399469688e-01	1.511504923159694702e-01	2.667599906751346173e-01	1.590544063989064172e-01	7.551176707642789920e-02	3.184859812897728598e-02	8.015160116448688532e-02
1.303779072580098727e+03	2.352288887199846246e-01	1.509507378359528640e-01	2.669729583277512530e-01	1.591741735297178550e-01	7.556238398225076369e-02	3.188318006597888610e-02	8.022767753821330450e-02
1.306197957686926657e+03	2.349354874233331725e-01	1.507515283451007215e-01	2.671853069931093838e-01	1.592935862680992520e-01	7.561286238513839630e-02	3.191768411220410884e-02	8.030354447286439101e-02
1.308616842793753904e+03	2.346429377784355341e-01	1.505528624308352936e-01	2.673970384040761927e-01	1.594126457841567590e-01	7.566320267446574599e-02	3.195211036455401082e-02	8.037920256332582725e-02
1.311035727900581833e+03	2.343512372221358275e-01	1.503547386836635302e-01	2.676081542888030240e-01	1.595313532435186643e-01	7.571340523849365289e-02	3.198645892050850509e-02	8.045465240272607621e-02
1.313454613007409534e+03	2.340603831996474204e-01	1.501571556971748322e-01	2.678186563707378731e-01	1.596497098073559051e-01	7.576347046437247046e-02	3.202072987811876298e-02	8.052989458244200205e-02
1.315873498114237009e+03	2.337703731645211780e-01	1.499601120680387756e-01	2.680285463686370995e-01	1.597677166324023845e-01	7.581339873814563202e-02	3.205492333599965771e-02	8.060492969210455994e-02
1.318292383221064711e+03	2.334812045786137935e-01	1.497636063960029185e-01	2.682378259965774170e-01	1.598853748709753442e-01	7.586319044475318962e-02	3.208903939332224953e-02	8.067975831960436106e-02
1.320711268327892412e+03	2.331928749120565081e-01	1.495676372838903867e-01	2.684464969639678844e-01	1.600026856709954592e-01	7.591284596803542228e-02	3.212307814980633336e-02	8.075438105109727926e-02
1.323130153434719887e+03	2.329053816432236079e-01	1.493722033375975700e-01	2.686545609755617292e-01	1.601196501760069613e-01	7.596236569073623601e-02	3.215703970571311132e-02	8.082879847100998827e-02
1.325549038541547588e+03	2.326187222587013936e-01	1.491773031660915960e-01	2.688620197314685045e-01	1.602362695251975389e-01	7.601174999450675818e-02	3.219092416183783750e-02	8.090301116204556831e-02
1.327967923648375290e+03	2.323328942532571773e-01	1.489829353814080548e-01	2.690688749271654689e-01	1.603525448534182107e-01	7.606099925990872368e-02	3.222473161950260151e-02	8.097701970518897396e-02
1.330386808755202765e+03	2.320478951298082515e-01	1.487890985986483061e-01	2.692751282535097435e-01	1.604684772912031709e-01	7.611011386641795828e-02	3.225846218054913284e-02	8.105082467971258531e-02
1.332805693862030694e+03	2.317637223993912754e-01	1.485957914359771481e-01	2.694807813967500798e-01	1.605840679647893565e-01	7.615909419242787581e-02	3.229211594733165380e-02	8.112442666318170348e-02
1.335224578968857941e+03	2.314803735811317431e-01	1.484030125146201806e-01	2.696858360385386288e-01	1.606993179961359319e-01	7.620794061525273944e-02	3.232569302270985739e-02	8.119782623146003242e-02
1.337643464075685870e+03	2.311978462022133696e-01	1.482107604588611127e-01	2.698902938559425979e-01	1.608142285029439122e-01	7.625665351113117274e-02	3.235919351004188510e-02	8.127102395871507734e-02
1.340062349182513572e+03	2.309161377978478646e-01	1.480190338960393481e-01	2.700941565214560747e-01	1.609288005986753423e-01	7.630523325522949041e-02	3.239261751317735333e-02	8.134402041742359868e-02
1.342481234289341273e+03	2.306352459112448738e-01	1.478278314565470708e-01	2.702974257030117955e-01	1.610430353925726421e-01	7.635368022164505664e-02	3.242596513645053247e-02	8.141681617837709384e-02
1.344900119396168748e+03	2.303551680935818358e-01	1.476371517738266914e-01	2.705001030639925808e-01	1.611569339896777864e-01	7.640199478340958805e-02	3.245923648467345657e-02	8.148941181068709849e-02
1.347319004502996449e+03	2.300759019039739783e-01	1.474469934843681551e-01	2.707021902632433807e-01	1.612704974908511779e-01	7.645017731249251214e-02	3.249243166312918568e-02	8.156180788179062668e-02
1.349737889609823924e+03	2.297974449094448701e-01	1.472573552277059994e-01	2.709036889550825999e-01	1.613837269927907436e-01	7.649822817980421463e-02	3.252555077756510288e-02	8.163400495745549990e-02
1.352156774716651853e+03	2.295197946848965553e-01	1.470682356464166618e-01	2.711046007893136989e-01	1.614966235880507528e-01	7.654614775519938408e-02	3.255859393418626679e-02	8.170600360178568999e-02
1.354575659823479100e+03	2.292429488130801329e-01	1.468796333861156489e-01	2.713049274112370179e-01	1.616091883650604966e-01	7.659393640748021759e-02	3.259156123964878499e-02	8.177780437722664830e-02
1.356994544930307029e+03	2.289669048845664745e-01	1.466915470954546497e-01	2.715046704616611573e-01	1.617214224081430785e-01	7.664159450439968213e-02	3.262445280105330525e-02	8.184940784457059304e-02
1.359413430037134731e+03	2.286916604977169698e-01	1.465039754261185101e-01	2.717038315769145784e-01	1.618333267975337886e-01	7.668912241266476193e-02	3.265726872593852081e-02	8.192081456296179676e-02
1.361832315143962205e+03	2.284172132586544390e-01	1.463169170328224300e-01	2.719024123888570954e-01	1.619449026093986721e-01	7.673652049793963648e-02	3.269000912227474492e-02	8.199202508990185989e-02
1.364251200250789907e+03	2.281435607812342392e-01	1.461303705733090486e-01	2.721004145248914208e-01	1.620561509158528479e-01	7.678378912484888630e-02	3.272267409845754788e-02	8.206303998125492882e-02
1.366670085357617609e+03	2.278707006870153984e-01	1.459443347083452525e-01	2.722978396079744345e-01	1.621670727849787996e-01	7.683092865698067098e-02	3.275526376330142181e-02	8.213385979125292780e-02
1.369088970464445310e+03	2.275986306052319996e-01	1.457588081017192061e-01	2.724946892566289525e-01	1.622776692808444998e-01	7.687793945688990715e-02	3.278777822603354264e-02	8.220448507250079084e-02
1.371507855571272785e+03	2.273273481727645373e-01	1.455737894202374094e-01	2.726909650849547728e-01	1.623879414635215068e-01	7.692482188610141880e-02	3.282021759628752505e-02	8.227491637598163821e-02
1.373926740678100487e+03	2.270568510341116342e-01	1.453892773337214228e-01	2.728866687026405002e-01	1.624978903891030058e-01	7.697157630511303195e-02	3.285258198409732322e-02	8.234515425106192499e-02
1.376345625784927961e+03	2.267871368413616195e-01	1.452052705150049250e-01	2.730818017149744259e-01	1.626075171097215444e-01	7.701820307339871108e-02	3.288487149989106906e-02	8.241519924549657594e-02
1.378764510891755890e+03	2.265182032541644408e-01	1.450217676399303268e-01	2.732763657228561849e-01	1.627168226735669077e-01	7.706470254941168163e-02	3.291708625448507008e-02	8.248505190543418963e-02
1.381183395998583137e+03	2.262500479397036302e-01	1.448387673873458015e-01	2.734703623228081359e-01	1.628258081249037981e-01	7.711107509058749698e-02	3.294922635907777952e-02	8.255471277542210384e-02
1.383602281105411066e+03	2.259826685726684103e-01	1.446562684391020093e-01	2.736637931069864083e-01	1.629344745040895437e-01	7.715732105334710544e-02	3.298129192524387743e-02	8.262418239841146095e-02
1.386021166212238768e+03	2.257160628352258003e-01	1.444742694800487393e-01	2.738566596631922256e-01	1.630428228475913621e-01	7.720344079309991725e-02	3.301328306492834486e-02	8.269346131576235659e-02
1.388440051319066470e+03	2.254502284169931925e-01	1.442927691980317728e-01	2.740489635748833974e-01	1.631508541880040963e-01	7.724943466424684380e-02	3.304519989044064909e-02	8.276255006724882179e-02
1.390858936425893944e+03	2.251851630150105976e-01	1.441117662838895530e-01	2.742407064211851431e-01	1.632585695540672011e-01	7.729530302018335075e-02	3.307704251444894272e-02	8.283144919106390225e-02
1.393277821532721646e+03	2.249208643337133884e-01	1.439312594314497984e-01	2.744318897769016941e-01	1.633659699706823121e-01	7.734104621330245566e-02	3.310881104997432517e-02	8.290015922382470981e-02
1.395696706639549120e+03	2.246573300849048771e-01	1.437512473375262001e-01	2.746225152125272295e-01	1.634730564589301216e-01	7.738666459499769779e-02	3.314050561038513892e-02	8.296868070057736300e-02
1.398115591746377049e+03	2.243945579877293373e-01	1.435717287019150912e-01	2.748125842942569785e-01	1.635798300360876423e-01	7.743215851566619123e-02	3.317212630939132822e-02	8.303701415480202463e-02
1.400534476853204296e+03	2.241325457686448586e-01	1.433927022273918384e-01	2.750020985839985999e-01	1.636862917156450270e-01	7.747752832471155315e-02	3.320367326103885325e-02	8.310516011841782846e-02
1.402953361960032225e+03	2.238712911613964518e-01	1.432141666197076502e-01	2.751910596393830066e-01	1.637924425073225276e-01	7.752277437054688747e-02	3.323514657970413899e-02	8.317311912178784739e-02
1.405372247066859927e+03	2.236107919069892369e-01	1.430361205875859965e-01	2.753794690137756351e-01	1.638982834170872593e-01	7.756789700059772696e-02	3.326654638008859355e-02	8.324089169372400621e-02
1.407791132173687402e+03	2.233510457536618532e-01	1.428585628427191112e-01	2.755673282562873805e-01	1.640038154471698539e-01	7.761289656130500314e-02	3.329787277721312638e-02	8.330847836149204988e-02
1.410210017280515103e+03	2.230920504568598139e-01	1.426814920997644676e-01	2.757546389117858654e-01	1.641090395960811965e-01	7.765777339812793278e-02	3.332912588641277069e-02	8.337587965081638686e-02
1.412628902387342805e+03	2.228338037792090831e-01	1.425049070763413084e-01	2.759414025209059318e-01	1.642139568586289122e-01	7.770252785554693231e-02	3.336030582333133349e-02	8.344309608588496019e-02
1.415047787494170507e+03	2.225763034904898463e-01	1.423288064930270658e-01	2.761276206200611871e-01	1.643185682259336866e-01	7.774716027706651822e-02	3.339141270391607352e-02	8.351012818935416027e-02
1.417466672600997981e+03	2.223195473676101708e-01	1.421531890733536696e-01	2.763132947414545515e-01	1.644228746854458356e-01	7.779167100521823530e-02	3.342244664441242769e-02	8.357697648235359877e-02
1.419885557707825683e+03	2.220635331945801094e-01	1.419780535438041336e-01	2.764984264130895819e-01	1.645268772209614039e-01	7.783606038156347384e-02	3.345340776135882765e-02	8.364364148449099368e-02
1.422304442814653157e+03	2.218082587624856106e-01	1.418033986338087249e-01	2.766830171587809084e-01	1.646305768126384017e-01	7.788032874669638395e-02	3.348429617158151655e-02	8.371012371385697093e-02
1.424723327921481086e+03	2.215537218694626775e-01	1.416292230757413839e-01	2.768670684981655028e-01	1.647339744370129311e-01	7.792447644024672049e-02	3.351511199218940723e-02	8.377642368702981068e-02
1.427142213028308333e+03	2.212999203206716670e-01	1.414555256049161436e-01	2.770505819467134478e-01	1.648370710670152006e-01	7.796850380088264643e-02	3.354585534056902379e-02	8.384254191908024900e-02
1.429561098135136262e+03	2.210468519282716982e-01	1.412823049595832159e-01	2.772335590157387619e-01	1.649398676719854295e-01	7.801241116631359163e-02	3.357652633437946399e-02	8.390847892357623794e-02
1.431979983241963964e+03	2.207945145113950347e-01	1.411095598809254115e-01	2.774160012124100017e-01	1.650423652176897238e-01	7.805619887329308393e-02	3.360712509154739625e-02	8.397423521258766399e-02
1.434398868348791666e+03	2.205429058961218547e-01	1.409372891130544203e-01	2.775979100397614197e-01	1.651445646663358691e-01	7.809986725762153859e-02	3.363765173026211919e-02	8.403981129669109429e-02
1.436817753455619140e+03	2.202920239154548265e-01	1.407654914030068427e-01	2.777792869967034561e-01	1.652464669765889294e-01	7.814341665414904770e-02	3.366810636897066972e-02	8.410520768497445343e-02
1.439236638562446842e+03	2.200418664092940457e-01	1.405941655007406366e-01	2.779601335780335636e-01	1.653480731035869566e-01	7.818684739677819739e-02	3.369848912637295191e-02	8.417042488504175579e-02
1.441655523669274316e+03	2.197924312244118883e-01	1.404233101591311761e-01	2.781404512744470869e-01	1.654493839989565063e-01	7.823015981846681566e-02	3.372880012141691447e-02	8.423546340301771296e-02
1.444074408776102018e+03	2.195437162144281973e-01	1.402529241339674215e-01	2.783202415725475887e-01	1.655504006108279302e-01	7.827335425123072010e-02	3.375903947329376986e-02	8.430032374355241054e-02
1.446493293882929493e+03	2.192957192397853028e-01	1.400830061839480056e-01	2.784995059548578955e-01	1.656511238838509481e-01	7.831643102614652130e-02	3.378920730143329665e-02	8.436500640982598498e-02
1.448912178989757422e+03	2.190484381677234582e-01	1.399135550706775422e-01	2.786782458998304790e-01	1.657515547592098015e-01	7.835939047335432894e-02	3.381930372549911412e-02	8.442951190355317548e-02
1.451331064096585123e+03	2.188018708722559713e-01	1.397445695586626013e-01	2.788564628818582802e-01	1.658516941746384643e-01	7.840223292206051353e-02	3.384932886538404712e-02	8.449384072498795917e-02
1.453749949203412370e+03	2.185560152341450013e-01	1.395760484153077408e-01	2.790341583712851459e-01	1.659515430644358247e-01	7.844495870054038478e-02	3.387928284120551858e-02	8.455799337292815854e-02
1.456168834310240300e+03	2.183108691408769397e-01	1.394079904109116197e-01	2.792113338344165419e-01	1.660511023594807012e-01	7.848756813614093941e-02	3.390916577330097686e-02	8.462197034471997947e-02
1.458587719417068001e+03	2.180664304866382075e-01	1.392403943186631132e-01	2.793879907335300450e-01	1.661503729872468027e-01	7.853006155528355348e-02	3.393897778222337847e-02	8.468577213626256317e-02
1.461006604523895703e+03	2.178226971722911354e-01	1.390732589146372877e-01	2.795641305268856680e-01	1.662493558718176057e-01	7.857243928346668849e-02	3.396871898873668472e-02	8.474939924201253805e-02
1.463425489630723177e+03	2.175796671053497056e-01	1.389065829777913763e-01	2.797397546687368508e-01	1.663480519339011754e-01	7.861470164526854210e-02	3.399838951381143476e-02	8.481285215498853003e-02
1.465844374737550879e+03	2.173373381999556819e-01	1.387403652899607265e-01	2.799148646093404524e-01	1.664464620908449599e-01	7.865684896434974038e-02	3.402798947862033935e-02	8.487613136677567283e-02
1.468263259844378354e+03	2.170957083768547957e-01	1.385746046358549144e-01	2.800894617949674648e-01	1.665445872566503338e-01	7.869888156345601626e-02	3.405751900453389547e-02	8.493923736753009046e-02
1.470682144951206283e+03	2.168547755633729035e-01	1.384092998030536092e-01	2.802635476679133930e-01	1.666424283419873087e-01	7.874079976442080464e-02	3.408697821311607035e-02	8.500217064598335204e-02
1.473101030058033530e+03	2.166145376933923117e-01	1.382444495820024100e-01	2.804371236665087475e-01	1.667399862542089384e-01	7.878260388816799020e-02	3.411636722612001321e-02	8.506493168944698202e-02
1.475519915164861459e+03	2.163749927073282953e-01	1.380800527660090149e-01	2.806101912251292019e-01	1.668372618973658073e-01	7.882429425471443318e-02	3.414568616548380869e-02	8.512752098381679011e-02
1.477938800271689161e+03	2.161361385521055889e-01	1.379161081512388087e-01	2.807827517742061962e-01	1.669342561722203799e-01	7.886587118317266165e-02	3.417493515332625104e-02	8.518993901357745091e-02
1.480357685378516862e+03	2.158979731811350444e-01	1.377526145367109767e-01	2.809548067402371507e-01	1.670309699762612399e-01	7.890733499175343890e-02	3.420411431194267382e-02	8.525218626180673664e-02
1.482776570485344337e+03	2.156604945542903717e-01	1.375895707242943133e-01	2.811263575457958463e-01	1.671274042037173835e-01	7.894868599776844187e-02	3.423322376380081439e-02	8.531426321018004133e-02
