1.001418434226643626e+03	2.794066890959581162e-01	1.807678571872572137e-01	2.349668348799712758e-01	1.410301638960416160e-01	6.801933840024271261e-02	2.692678601081287607e-02	6.888233052956778402e-02
1.003837319333471214e+03	2.789814100791023210e-01	1.804903528183782746e-01	2.352722124712611773e-01	1.412047691889843082e-01	6.809038348549800723e-02	2.697135205322797463e-02	6.898951990339952101e-02
1.006256204440298802e+03	2.785573844882899275e-01	1.802135906588414882e-01	2.355767186868976404e-01	1.413788302019279297e-01	6.816123104390695020e-02	2.701583576277569523e-02	6.909640915721197707e-02
1.008675089547126618e+03	2.781346084855692014e-01	1.799375688400599305e-01	2.358803559300409192e-01	1.415523488413988340e-01	6.823188165729146548e-02	2.706023708604908887e-02	6.920299915944215507e-02
1.011093974653954206e+03	2.777130782455972113e-01	1.796622854974132266e-01	2.361831265974418115e-01	1.417253270064519344e-01	6.830233590513691555e-02	2.710455597181547077e-02	6.930929077599497223e-02
1.013512859760782021e+03	2.772927899555929221e-01	1.793877387702440818e-01	2.364850330794577848e-01	1.418977665886975714e-01	6.837259436461710915e-02	2.714879237099426801e-02	6.941528487024783978e-02
1.015931744867609382e+03	2.768737398152908979e-01	1.791139268018546449e-01	2.367860777600686029e-01	1.420696694723282416e-01	6.844265761061875397e-02	2.719294623663508215e-02	6.952098230305532589e-02
1.018350629974437197e+03	2.764559240368949511e-01	1.788408477395029006e-01	2.370862630168924234e-01	1.422410375341457700e-01	6.851252621576552071e-02	2.723701752389601216e-02	6.962638393275399906e-02
1.020769515081264785e+03	2.760393388450322893e-01	1.785684997343989222e-01	2.373855912212014807e-01	1.424118726435882054e-01	6.858220075044135777e-02	2.728100619002216468e-02	6.973149061516725755e-02
1.023188400188092373e+03	2.756239804767073864e-01	1.782968809417012357e-01	2.376840647379379057e-01	1.425821766627569376e-01	6.865168178281348677e-02	2.732491219432441748e-02	6.983630320361029764e-02
1.025607285294920075e+03	2.752098451812569069e-01	1.780259895205130172e-01	2.379816859257294637e-01	1.427519514464440087e-01	6.872096987885475960e-02	2.736873549815838080e-02	6.994082254889512351e-02
1.028026170401747549e+03	2.747969292203039093e-01	1.777558236338783737e-01	2.382784571369053195e-01	1.429211988421592305e-01	6.879006560236566870e-02	2.741247606490357022e-02	7.004504949933565428e-02
1.030445055508575479e+03	2.743852288677125495e-01	1.774863814487785962e-01	2.385743807175116915e-01	1.430899206901574405e-01	6.885896951499569096e-02	2.745613385994282243e-02	7.014898490075285875e-02
1.032863940615402726e+03	2.739747404095436156e-01	1.772176611361281073e-01	2.388694590073275337e-01	1.432581188234659797e-01	6.892768217626443761e-02	2.749970885064189144e-02	7.025262959648007066e-02
1.035282825722230655e+03	2.735654601440093425e-01	1.769496608707707974e-01	2.391636943398801063e-01	1.434257950679119209e-01	6.899620414358209608e-02	2.754320100632923554e-02	7.035598442736822056e-02
1.037701710829058356e+03	2.731573843814287250e-01	1.766823788314760280e-01	2.394570890424606302e-01	1.435929512421494914e-01	6.906453597226955288e-02	2.758661029827606803e-02	7.045905023179123428e-02
1.040120595935886058e+03	2.727505094441834421e-01	1.764158132009346625e-01	2.397496454361398299e-01	1.437595891576876062e-01	6.913267821557812776e-02	2.762993669967654317e-02	7.056182784565145916e-02
1.042539481042713533e+03	2.723448316666736146e-01	1.761499621657552639e-01	2.400413658357834767e-01	1.439257106189171520e-01	6.920063142470879447e-02	2.767318018562817464e-02	7.066431810238515965e-02
1.044958366149541234e+03	2.719403473952735628e-01	1.758848239164599314e-01	2.403322525500678208e-01	1.440913174231386595e-01	6.926839614883111007e-02	2.771634073311245172e-02	7.076652183296808230e-02
1.047377251256368709e+03	2.715370529882882300e-01	1.756203966474803035e-01	2.406223078814951621e-01	1.442564113605896703e-01	6.933597293510158910e-02	2.775941832097562900e-02	7.086843986592100686e-02
1.049796136363196410e+03	2.711349448159096620e-01	1.753566785571535058e-01	2.409115341264091714e-01	1.444209942144722703e-01	6.940336232868188349e-02	2.780241292990970683e-02	7.097007302731543621e-02
1.052215021470024112e+03	2.707340192601731532e-01	1.750936678477180986e-01	2.411999335750103779e-01	1.445850677609806789e-01	6.947056487275640735e-02	2.784532454243363042e-02	7.107142214077928621e-02
1.054633906576851814e+03	2.703342727149145586e-01	1.748313627253099689e-01	2.414875085113714626e-01	1.447486337693286162e-01	6.953758110854975361e-02	2.788815314287462072e-02	7.117248802750263115e-02
1.057052791683679516e+03	2.699357015857269393e-01	1.745697613999581399e-01	2.417742612134526903e-01	1.449116940017770028e-01	6.960441157534363876e-02	2.793089871734974819e-02	7.127327150624350460e-02
1.059471676790506763e+03	2.695383022899177639e-01	1.743088620855805515e-01	2.420601939531171198e-01	1.450742502136613266e-01	6.967105681049352850e-02	2.797356125374763150e-02	7.137377339333375592e-02
1.061890561897334692e+03	2.691420712564662754e-01	1.740486629999799806e-01	2.423453089961458973e-01	1.452363041534192600e-01	6.973751734944495795e-02	2.801614074171035126e-02	7.147399450268490662e-02
1.064309447004162394e+03	2.687470049259811922e-01	1.737891623648397110e-01	2.426296086022535492e-01	1.453978575626180825e-01	6.980379372574950503e-02	2.805863717261552343e-02	7.157393564579409007e-02
1.066728332110990095e+03	2.683530997506580751e-01	1.735303584057193427e-01	2.429130950251031096e-01	1.455589121759821303e-01	6.986988647108041683e-02	2.810105053955854956e-02	7.167359763174997733e-02
1.069147217217817570e+03	2.679603521942375277e-01	1.732722493520504337e-01	2.431957705123213576e-01	1.457194697214204415e-01	6.993579611524794459e-02	2.814338083733503026e-02	7.177298126723884175e-02
1.071566102324645271e+03	2.675687587319631189e-01	1.730148334371322261e-01	2.434776373055139997e-01	1.458795319200540119e-01	7.000152318621435943e-02	2.818562806242336238e-02	7.187208735655052638e-02
1.073984987431472746e+03	2.671783158505396383e-01	1.727581088981272883e-01	2.437586976402806305e-01	1.460391004862432729e-01	7.006706821010873221e-02	2.822779221296748547e-02	7.197091670158455023e-02
1.076403872538300675e+03	2.667890200480917406e-01	1.725020739760571575e-01	2.440389537462299974e-01	1.461981771276155140e-01	7.013243171124128317e-02	2.826987328875980518e-02	7.206947010185615898e-02
1.078822757645127922e+03	2.664008678341222014e-01	1.722467269157979819e-01	2.443184078469948783e-01	1.463567635450922222e-01	7.019761421211757890e-02	2.831187129122429008e-02	7.216774835450247283e-02
1.081241642751955851e+03	2.660138557294711159e-01	1.719920659660760243e-01	2.445970621602472361e-01	1.465148614329163934e-01	7.026261623345241014e-02	2.835378622339968652e-02	7.226575225428868987e-02
1.083660527858783553e+03	2.656279802662747103e-01	1.717380893794632490e-01	2.448749188977131230e-01	1.466724724786798995e-01	7.032743829418339199e-02	2.839561808992293809e-02	7.236348259361420621e-02
1.086079412965611255e+03	2.652432379879244295e-01	1.714847954123729368e-01	2.451519802651876689e-01	1.468295983633506330e-01	7.039208091148430047e-02	2.843736689701273704e-02	7.246094016251881931e-02
1.088498298072438729e+03	2.648596254490263036e-01	1.712321823250550212e-01	2.454282484625500138e-01	1.469862407612998190e-01	7.045654460077813153e-02	2.847903265245324209e-02	7.255812574868900078e-02
1.090917183179266431e+03	2.644771392153605905e-01	1.709802483815917318e-01	2.457037256837781569e-01	1.471424013403291042e-01	7.052082987574999351e-02	2.852061536557793514e-02	7.265504013746411360e-02
1.093336068286093905e+03	2.640957758638411979e-01	1.707289918498928749e-01	2.459784141169638338e-01	1.472980817616977578e-01	7.058493724835962491e-02	2.856211504725363406e-02	7.275168411184269879e-02
1.095754953392921607e+03	2.637155319824757704e-01	1.704784110016914489e-01	2.462523159443273102e-01	1.474532836801497326e-01	7.064886722885381498e-02	2.860353170986467200e-02	7.284805845248880363e-02
1.098173838499749309e+03	2.633364041703256109e-01	1.702285041125389808e-01	2.465254333422322863e-01	1.476080087439406718e-01	7.071262032577849133e-02	2.864486536729719118e-02	7.294416393773825447e-02
1.100592723606577010e+03	2.629583890374659894e-01	1.699792694618008915e-01	2.467977684812005246e-01	1.477622585948648870e-01	7.077619704599062700e-02	2.868611603492361023e-02	7.304000134360498497e-02
1.103011608713404712e+03	2.625814832049463421e-01	1.697307053326517767e-01	2.470693235259266707e-01	1.479160348682822534e-01	7.083959789466987012e-02	2.872728372958722326e-02	7.313557144378741992e-02
1.105430493820231959e+03	2.622056833047508584e-01	1.694828100120708558e-01	2.473401006352929643e-01	1.480693391931451053e-01	7.090282337533004853e-02	2.876836846958694127e-02	7.323087500967480346e-02
1.107849378927059888e+03	2.618309859797591232e-01	1.692355817908373916e-01	2.476101019623838384e-01	1.482221731920251306e-01	7.096587398983041084e-02	2.880937027466217923e-02	7.332591281035358288e-02
1.110268264033887590e+03	2.614573878837070930e-01	1.689890189635257223e-01	2.478793296545005187e-01	1.483745384811399060e-01	7.102875023838668700e-02	2.885028916597786458e-02	7.342068561261382020e-02
1.112687149140715292e+03	2.610848856811481267e-01	1.687431198285007372e-01	2.481477858531758174e-01	1.485264366703797911e-01	7.109145261958191298e-02	2.889112516610961579e-02	7.351519418095558978e-02
1.115106034247542766e+03	2.607134760474141832e-01	1.684978826879129643e-01	2.484154726941885660e-01	1.486778693633344084e-01	7.115398163037703338e-02	2.893187829902902491e-02	7.360943927759537597e-02
1.117524919354370468e+03	2.603431556685771309e-01	1.682533058476939625e-01	2.486823923075781317e-01	1.488288381573192876e-01	7.121633776612147637e-02	2.897254859008908251e-02	7.370342166247248472e-02
1.119943804461197942e+03	2.599739212414100553e-01	1.680093876175514089e-01	2.489485468176590444e-01	1.489793446434023727e-01	7.127852152056331214e-02	2.901313606600975162e-02	7.379714209325553831e-02
1.122362689568025871e+03	2.596057694733495125e-01	1.677661263109644085e-01	2.492139383430354016e-01	1.491293904064302789e-01	7.134053338585943926e-02	2.905364075486364939e-02	7.389060132534885916e-02
1.124781574674853118e+03	2.592386970824567261e-01	1.675235202451784422e-01	2.494785689966153019e-01	1.492789770250548265e-01	7.140237385258545177e-02	2.909406268606187784e-02	7.398380011189893690e-02
1.127200459781681047e+03	2.588727007973800620e-01	1.672815677412007596e-01	2.497424408856253331e-01	1.494281060717592147e-01	7.146404340974539526e-02	2.913440189033996222e-02	7.407673920380085375e-02
1.129619344888508749e+03	2.585077773573169480e-01	1.670402671237953274e-01	2.500055561116249492e-01	1.495767791128843061e-01	7.152554254478134255e-02	2.917465839974393155e-02	7.416941934970477934e-02
1.132038229995336451e+03	2.581439235119762921e-01	1.667996167214780001e-01	2.502679167705207930e-01	1.497249977086546890e-01	7.158687174358285832e-02	2.921483224761652758e-02	7.426184129602245165e-02
1.134457115102163925e+03	2.577811360215409020e-01	1.665596148665116349e-01	2.505295249525808510e-01	1.498727634132047404e-01	7.164803149049620012e-02	2.925492346858352827e-02	7.435400578693361628e-02
1.136876000208991627e+03	2.574194116566302371e-01	1.663202598949010957e-01	2.507903827424492471e-01	1.500200777746047154e-01	7.170902226833343607e-02	2.929493209854018218e-02	7.444591356439250740e-02
1.139294885315819101e+03	2.570587471982631600e-01	1.660815501463883126e-01	2.510504922191600374e-01	1.501669423348864774e-01	7.176984455838140986e-02	2.933485817463779219e-02	7.453756536813431477e-02
1.141713770422646803e+03	2.566991394378206337e-01	1.658434839644472858e-01	2.513098554561515319e-01	1.503133586300694213e-01	7.183049884041052546e-02	2.937470173527040318e-02	7.462896193568165082e-02
1.144132655529474505e+03	2.563405851770092503e-01	1.656060596962792009e-01	2.515684745212806162e-01	1.504593281901862867e-01	7.189098559268340682e-02	2.941446282006161470e-02	7.472010400235104544e-02
1.146551540636302207e+03	2.559830812278241496e-01	1.653692756928073770e-01	2.518263514768367961e-01	1.506048525393086646e-01	7.195130529196347435e-02	2.945414146985148376e-02	7.481099230125944077e-02
1.148970425743129908e+03	2.556266244125126041e-01	1.651331303086720770e-01	2.520834883795565751e-01	1.507499331955726996e-01	7.201145841352320220e-02	2.949373772668359081e-02	7.490162756333063054e-02
1.151389310849957155e+03	2.552712115635376033e-01	1.648976219022256773e-01	2.523398872806372206e-01	1.508945716712045415e-01	7.207144543115248658e-02	2.953325163379217841e-02	7.499201051730174095e-02
1.153808195956785084e+03	2.549168395235412721e-01	1.646627488355274782e-01	2.525955502257510865e-01	1.510387694725457697e-01	7.213126681716670874e-02	2.957268323558944270e-02	7.508214188972973935e-02
1.156227081063612786e+03	2.545635051453090103e-01	1.644285094743386799e-01	2.528504792550596014e-01	1.511825281000787613e-01	7.219092304241468694e-02	2.961203257765288380e-02	7.517202240499788746e-02
1.158645966170440488e+03	2.542112052917335219e-01	1.641949021881172754e-01	2.531046764032272578e-01	1.513258490484518937e-01	7.225041457628661457e-02	2.965129970671282617e-02	7.526165278532218061e-02
1.161064851277267962e+03	2.538599368357787878e-01	1.639619253500128604e-01	2.533581436994355451e-01	1.514687338065047184e-01	7.230974188672179004e-02	2.969048467064001537e-02	7.535103375075787036e-02
1.163483736384095664e+03	2.535096966604445390e-01	1.637295773368616925e-01	2.536108831673970498e-01	1.516111838572930248e-01	7.236890544021616634e-02	2.972958751843331887e-02	7.544016601920586207e-02
1.165902621490923138e+03	2.531604816587304518e-01	1.634978565291812791e-01	2.538628968253693330e-01	1.517532006781138754e-01	7.242790570182992826e-02	2.976860830020756563e-02	7.552905030641923756e-02
1.168321506597751068e+03	2.528122887336011204e-01	1.632667613111654370e-01	2.541141866861686971e-01	1.518947857405304469e-01	7.248674313519487544e-02	2.980754706718144464e-02	7.561768732600966658e-02
1.170740391704578315e+03	2.524651147979504739e-01	1.630362900706789908e-01	2.543647547571841749e-01	1.520359405103968720e-01	7.254541820252170814e-02	2.984640387166557357e-02	7.570607778945383226e-02
1.173159276811406244e+03	2.521189567745668603e-01	1.628064411992526106e-01	2.546146030403914073e-01	1.521766664478829967e-01	7.260393136460716046e-02	2.988517876705060541e-02	7.579422240609992589e-02
1.175578161918233945e+03	2.517738115960979628e-01	1.625772130920775937e-01	2.548637335323663544e-01	1.523169650074989168e-01	7.266228308084117515e-02	2.992387180779548100e-02	7.588212188317407236e-02
1.177997047025061647e+03	2.514296762050159950e-01	1.623486041480006747e-01	2.551121482242990068e-01	1.524568376381195967e-01	7.272047380921374538e-02	2.996248304941578205e-02	7.596977692578671393e-02
1.180415932131889122e+03	2.510865475535831171e-01	1.621206127695187238e-01	2.553598491020073191e-01	1.525962857830093222e-01	7.277850400632185357e-02	3.000101254847215709e-02	7.605718823693909114e-02
1.182834817238716823e+03	2.507444226038165747e-01	1.618932373627734733e-01	2.556068381459508099e-01	1.527353108798459869e-01	7.283637412737627159e-02	3.003946036255886881e-02	7.614435651752958500e-02
1.185253702345544298e+03	2.504032983274548374e-01	1.616664763375464109e-01	2.558531173312440510e-01	1.528739143607454609e-01	7.289408462620819429e-02	3.007782655029246285e-02	7.623128246636015626e-02
1.187672587452371999e+03	2.500631717059229042e-01	1.614403281072532004e-01	2.560986886276707120e-01	1.530120976522857112e-01	7.295163595527580369e-02	3.011611117130047477e-02	7.631796678014277080e-02
1.190091472559199701e+03	2.497240397302982751e-01	1.612147910889386582e-01	2.563435539996969381e-01	1.531498621755308376e-01	7.300902856567079158e-02	3.015431428621029308e-02	7.640441015350574183e-02
1.192510357666027403e+03	2.493858994012770336e-01	1.609898637032713131e-01	2.565877154064848953e-01	1.532872093460552476e-01	7.306626290712479876e-02	3.019243595663809523e-02	7.649061327900012752e-02
1.194929242772855105e+03	2.490487477291399854e-01	1.607655443745380774e-01	2.568311748019065366e-01	1.534241405739673048e-01	7.312333942801566011e-02	3.023047624517786330e-02	7.657657684710607315e-02
1.197348127879682352e+03	2.487125817337189349e-01	1.605418315306389732e-01	2.570739341345569251e-01	1.535606572639332812e-01	7.318025857537367729e-02	3.026843521539053505e-02	7.666230154623922266e-02
1.199767012986510281e+03	2.483773984443631289e-01	1.603187236030816365e-01	2.573159953477678341e-01	1.536967608152010334e-01	7.323702079488776662e-02	3.030631293179320007e-02	7.674778806275699139e-02
1.202185898093337983e+03	2.480431948999057001e-01	1.600962190269760999e-01	2.575573603796212363e-01	1.538324526216236221e-01	7.329362653091153756e-02	3.034410945984843469e-02	7.683303708096496376e-02
1.204604783200165684e+03	2.477099681486305549e-01	1.598743162410292962e-01	2.577980311629627375e-01	1.539677340716828491e-01	7.335007622646926018e-02	3.038182486595369589e-02	7.691804928312317990e-02
1.207023668306993159e+03	2.473777152482391772e-01	1.596530136875397854e-01	2.580380096254148992e-01	1.541026065485126828e-01	7.340637032326177702e-02	3.041945921743082273e-02	7.700282534945247781e-02
1.209442553413820860e+03	2.470464332658174333e-01	1.594323098123922033e-01	2.582772976893906169e-01	1.542370714299225454e-01	7.346250926167238737e-02	3.045701258251561072e-02	7.708736595814077996e-02
1.211861438520648335e+03	2.467161192778028755e-01	1.592122030650519604e-01	2.585158972721067205e-01	1.543711300884206272e-01	7.351849348077255097e-02	3.049448503034750402e-02	7.717167178534935223e-02
1.214280323627476264e+03	2.463867703699518241e-01	1.589926918985597459e-01	2.587538102855969635e-01	1.545047838912369242e-01	7.357432341832763345e-02	3.053187663095935020e-02	7.725574350521915989e-02
1.216699208734303511e+03	2.460583836373068378e-01	1.587737747695261437e-01	2.589910386367254569e-01	1.546380342003463582e-01	7.362999951080248517e-02	3.056918745526725559e-02	7.733958178987705712e-02
1.219118093841131440e+03	2.457309561841640733e-01	1.585554501381260528e-01	2.592275842272000475e-01	1.547708823724917582e-01	7.368552219336704789e-02	3.060641757506052385e-02	7.742318730944207361e-02
1.221536978947959142e+03	2.454044851240410885e-01	1.583377164680934146e-01	2.594634489535852517e-01	1.549033297592066483e-01	7.374089189990178095e-02	3.064356706299168481e-02	7.750656073203164576e-02
1.223955864054786844e+03	2.450789675796445632e-01	1.581205722267155223e-01	2.596986347073158563e-01	1.550353777068380068e-01	7.379610906300312911e-02	3.068063599256659960e-02	7.758970272376786159e-02
1.226374749161614318e+03	2.447544006828379914e-01	1.579040158848276643e-01	2.599331433747096853e-01	1.551670275565689705e-01	7.385117411398887943e-02	3.071762443813464902e-02	7.767261394878365033e-02
1.228793634268442020e+03	2.444307815746100121e-01	1.576880459168076287e-01	2.601669768369809788e-01	1.552982806444414277e-01	7.390608748290343477e-02	3.075453247487902261e-02	7.775529506922898570e-02
1.231212519375269494e+03	2.441081074050422683e-01	1.574726608005700690e-01	2.604001369702534374e-01	1.554291383013784167e-01	7.396084959852307350e-02	3.079136017880707704e-02	7.783774674527707549e-02
1.233631404482097196e+03	2.437863753332778216e-01	1.572578590175612023e-01	2.606326256455734902e-01	1.555596018532065528e-01	7.401546088836109816e-02	3.082810762674078123e-02	7.791996963513053709e-02
1.236050289588924898e+03	2.434655825274895102e-01	1.570436390527530091e-01	2.608644447289228951e-01	1.556896726206782877e-01	7.406992177867298410e-02	3.086477489630723436e-02	7.800196439502755930e-02
1.238469174695752372e+03	2.431457261648486134e-01	1.568299993946378756e-01	2.610955960812322285e-01	1.558193519194940868e-01	7.412423269446144491e-02	3.090136206592927412e-02	7.808373167924799463e-02
1.240888059802580301e+03	2.428268034314931545e-01	1.566169385352230436e-01	2.613260815583936525e-01	1.559486410603246054e-01	7.417839405948135900e-02	3.093786921481616117e-02	7.816527214011959046e-02
1.243306944909407548e+03	2.425088115224970642e-01	1.564044549700248643e-01	2.615559030112738492e-01	1.560775413488325047e-01	7.423240629624483500e-02	3.097429642295435395e-02	7.824658642802401198e-02
1.245725830016235477e+03	2.421917476418388726e-01	1.561925471980634417e-01	2.617850622857272325e-01	1.562060540856946289e-01	7.428626982602604123e-02	3.101064377109833195e-02	7.832767519140296231e-02
1.248144715123063179e+03	2.418756090023707339e-01	1.559812137218569983e-01	2.620135612226083821e-01	1.563341805666234874e-01	7.433998506886606294e-02	3.104691134076153353e-02	7.840853907676427481e-02
1.250563600229890881e+03	2.415603928257876454e-01	1.557704530474161575e-01	2.622414016577854778e-01	1.564619220823892098e-01	7.439355244357767627e-02	3.108309921420733535e-02	7.848917872868800549e-02
1.252982485336718355e+03	2.412460963425966942e-01	1.555602636842385034e-01	2.624685854221526227e-01	1.565892799188410012e-01	7.444697236775014992e-02	3.111920747444015325e-02	7.856959478983241429e-02
1.255401370443546057e+03	2.409327167920863877e-01	1.553506441453028075e-01	2.626951143416429990e-01	1.567162553569287631e-01	7.450024525775390816e-02	3.115523620519656395e-02	7.864978790094009908e-02
1.257820255550373531e+03	2.406202514222962052e-01	1.551415929470636168e-01	2.629209902372415808e-01	1.568428496727245214e-01	7.455337152874513817e-02	3.119118549093654463e-02	7.872975870084394923e-02
1.260239140657201460e+03	2.403086974899863448e-01	1.549331086094454524e-01	2.631462149249977900e-01	1.569690641374436035e-01	7.460635159467046695e-02	3.122705541683476818e-02	7.880950782647314079e-02
1.262658025764028707e+03	2.399980522606071920e-01	1.547251896558372586e-01	2.633707902160383751e-01	1.570949000174660659e-01	7.465918586827148540e-02	3.126284606877198502e-02	7.888903591285921502e-02
1.265076910870856636e+03	2.396883130082695657e-01	1.545178346130866853e-01	2.635947179165800680e-01	1.572203585743576770e-01	7.471187476108923087e-02	3.129855753332645013e-02	7.896834359314193474e-02
1.267495795977684338e+03	2.393794770157143259e-01	1.543110420114945369e-01	2.638179998279421845e-01	1.573454410648910395e-01	7.476441868346872521e-02	3.133418989776545066e-02	7.904743149857533513e-02
1.269914681084511813e+03	2.390715415742828143e-01	1.541048103848090822e-01	2.640406377465592813e-01	1.574701487410665457e-01	7.481681804456333240e-02	3.136974325003690639e-02	7.912630025853362170e-02
1.272333566191339514e+03	2.387645039838868777e-01	1.538991382702203092e-01	2.642626334639939234e-01	1.575944828501331940e-01	7.486907325233918553e-02	3.140521767876101183e-02	7.920495050051709618e-02
1.274752451298167216e+03	2.384583615529792811e-01	1.536940242083543184e-01	2.644839887669490630e-01	1.577184446346093505e-01	7.492118471357953058e-02	3.144061327322198590e-02	7.928338285015808229e-02
1.277171336404994690e+03	2.381531115985242031e-01	1.534894667432676330e-01	2.647047054372807517e-01	1.578420353323034264e-01	7.497315283388897300e-02	3.147593012335985624e-02	7.936159793122680994e-02
1.279590221511822392e+03	2.378487514459676766e-01	1.532854644224414808e-01	2.649247852520106306e-01	1.579652561763343899e-01	7.502497801769780761e-02	3.151116831976235461e-02	7.943959636563729942e-02
1.282009106618650094e+03	2.375452784292085562e-01	1.530820157967761608e-01	2.651442299833383087e-01	1.580881083951523880e-01	7.507666066826625129e-02	3.154632795365681225e-02	7.951737877345319006e-02
1.284427991725477568e+03	2.372426898905689585e-01	1.528791194205852411e-01	2.653630413986540204e-01	1.582105932125590086e-01	7.512820118768853694e-02	3.158140911690221486e-02	7.959494577289363826e-02
1.286846876832305497e+03	2.369409831807655631e-01	1.526767738515899531e-01	2.655812212605509481e-01	1.583327118477275974e-01	7.517959997689718787e-02	3.161641190198125756e-02	7.967229798033907684e-02
1.289265761939132744e+03	2.366401556588803579e-01	1.524749776509134180e-01	2.657987713268377128e-01	1.584544655152234360e-01	7.523085743566707007e-02	3.165133640199249004e-02	7.974943601033708529e-02
1.291684647045960673e+03	2.363402046923319677e-01	1.522737293830748184e-01	2.660156933505507526e-01	1.585758554250238928e-01	7.528197396261948615e-02	3.168618271064250341e-02	7.982636047560813519e-02
1.294103532152788375e+03	2.360411276568468719e-01	1.520730276159839300e-01	2.662319890799664801e-01	1.586968827825384343e-01	7.533294995522617221e-02	3.172095092223826268e-02	7.990307198705141889e-02
1.296522417259616077e+03	2.357429219364306772e-01	1.518728709209351269e-01	2.664476602586139387e-01	1.588175487886284987e-01	7.538378580981339172e-02	3.175564113167937685e-02	7.997957115375052550e-02
1.298941302366443551e+03	2.354455849233398068e-01	1.516732578726017744e-01	2.666627086252869594e-01	1.589378546396273406e-01	7.543448192156589072e-02	3.179025343445054941e-02	8.005585858297925572e-02
1.301360187473271253e+03	2.351491140180529682e-01	1.514741870490304287e-01	2.668771359140563182e-01	1.590578015273597656e-01	7.548503868453079746e-02	3.182478792661402184e-02	8.013193488020732558e-02
1.303779072580098727e+03	2.348535066292428419e-01	1.512756570316350913e-01	2.670909438542821146e-01	1.591773906391618365e-01	7.553545649162159148e-02	3.185924470480212822e-02	8.020780064910604246e-02
1.306197957686926657e+03	2.345587601737480210e-01	1.510776664051914353e-01	2.673041341706259288e-01	1.592966231579003022e-01	7.558573573462198936e-02	3.189362386620987755e-02	8.028345649155405050e-02
1.308616842793753904e+03	2.342648720765448944e-01	1.508802137578310887e-01	2.675167085830630898e-01	1.594155002619922212e-01	7.563587680418976111e-02	3.192792550858761236e-02	8.035890300764295113e-02
1.311035727900581833e+03	2.339718397707196140e-01	1.506832976810357771e-01	2.677286688068948317e-01	1.595340231254241958e-01	7.568588008986057436e-02	3.196214973023372291e-02	8.043414079568296515e-02
1.313454613007409534e+03	2.336796606974403667e-01	1.504869167696316623e-01	2.679400165527601740e-01	1.596521929177716348e-01	7.573574598005176906e-02	3.199629662998744462e-02	8.050917045220863655e-02
1.315873498114237009e+03	2.333883323059295911e-01	1.502910696217834297e-01	2.681507535266483555e-01	1.597700108042180989e-01	7.578547486206620165e-02	3.203036630722169015e-02	8.058399257198432808e-02
1.318292383221064711e+03	2.330978520534362497e-01	1.500957548389886265e-01	2.683608814299108247e-01	1.598874779455742856e-01	7.583506712209586720e-02	3.206435886183595096e-02	8.065860774800993893e-02
1.320711268327892412e+03	2.328082174052084341e-01	1.499009710260717776e-01	2.685704019592730640e-01	1.600045954982970420e-01	7.588452314522570186e-02	3.209827439424926820e-02	8.073301657152645583e-02
1.323130153434719887e+03	2.325194258344659148e-01	1.497067167911785845e-01	2.687793168068469685e-01	1.601213646145083214e-01	7.593384331543719112e-02	3.213211300539324522e-02	8.080721963202147640e-02
1.325549038541547588e+03	2.322314748223728020e-01	1.495129907457702079e-01	2.689876276601425586e-01	1.602377864420140019e-01	7.598302801561213071e-02	3.216587479670513644e-02	8.088121751723480191e-02
1.327967923648375290e+03	2.319443618580103728e-01	1.493197915046173552e-01	2.691953362020800822e-01	1.603538621243226769e-01	7.603207762753615151e-02	3.219955987012098481e-02	8.095501081316400227e-02
1.330386808755202765e+03	2.316580844383499815e-01	1.491271176857945913e-01	2.694024441110017820e-01	1.604695928006641681e-01	7.608099253190236944e-02	3.223316832806882859e-02	8.102860010406984226e-02
1.332805693862030694e+03	2.313726400682259710e-01	1.489349679106744262e-01	2.696089530606841644e-01	1.605849796060082879e-01	7.612977310831499367e-02	3.226670027346194292e-02	8.110198597248186037e-02
1.335224578968857941e+03	2.310880262603088597e-01	1.487433408039214866e-01	2.698148647203493788e-01	1.607000236710831587e-01	7.617841973529282384e-02	3.230015580969215760e-02	8.117516899920380891e-02
1.337643464075685870e+03	2.308042405350785586e-01	1.485522349934868258e-01	2.700201807546774302e-01	1.608147261223936697e-01	7.622693279027283053e-02	3.233353504062323747e-02	8.124814976331913574e-02
1.340062349182513572e+03	2.305212804207977251e-01	1.483616491106019286e-01	2.702249028238178918e-01	1.609290880822398240e-01	7.627531264961362467e-02	3.236683807058429729e-02	8.132092884219638274e-02
1.342481234289341273e+03	2.302391434534850900e-01	1.481715817897729937e-01	2.704290325834018405e-01	1.610431106687348068e-01	7.632355968859898254e-02	3.240006500436327236e-02	8.139350681149470912e-02
1.344900119396168748e+03	2.299578271768890625e-01	1.479820316687750215e-01	2.706325716845532359e-01	1.611567949958233326e-01	7.637167428144128745e-02	3.243321594720047912e-02	8.146588424516922056e-02
1.347319004502996449e+03	2.296773291424612784e-01	1.477929973886461523e-01	2.708355217739011334e-01	1.612701421732995188e-01	7.641965680128495753e-02	3.246629100478220370e-02	8.153806171547636761e-02
1.349737889609823924e+03	2.293976469093304271e-01	1.476044775936815323e-01	2.710378844935911746e-01	1.613831533068249280e-01	7.646750762020988745e-02	3.249929028323431807e-02	8.161003979297937194e-02
1.352156774716651853e+03	2.291187780442759669e-01	1.474164709314277344e-01	2.712396614812972451e-01	1.614958294979463860e-01	7.651522710923484849e-02	3.253221388911602813e-02	8.168181904655355541e-02
1.354575659823479100e+03	2.288407201217021458e-01	1.472289760526767355e-01	2.714408543702330756e-01	1.616081718441138293e-01	7.656281563832080528e-02	3.256506192941358013e-02	8.175340004339164135e-02
1.356994544930307029e+03	2.285634707236119390e-01	1.470419916114601988e-01	2.716414647891641221e-01	1.617201814386979020e-01	7.661027357637434365e-02	3.259783451153409894e-02	8.182478334900915307e-02
1.359413430037134731e+03	2.282870274395813193e-01	1.468555162650435897e-01	2.718414943624190561e-01	1.618318593710077746e-01	7.665760129125094580e-02	3.263053174329943323e-02	8.189596952724965961e-02
1.361832315143962205e+03	2.280113878667334171e-01	1.466695486739202636e-01	2.720409447099011446e-01	1.619432067263083808e-01	7.670479914975836255e-02	3.266315373294006313e-02	8.196695914029009100e-02
1.364251200250789907e+03	2.277365496097127906e-01	1.464840875018056654e-01	2.722398174471000742e-01	1.620542245858382358e-01	7.675186751765987470e-02	3.269570058908907728e-02	8.203775274864603950e-02
1.366670085357617609e+03	2.274625102806598631e-01	1.462991314156313893e-01	2.724381141851033306e-01	1.621649140268264788e-01	7.679880675967754033e-02	3.272817242077617067e-02	8.210835091117692219e-02
1.369088970464445310e+03	2.271892674991855821e-01	1.461146790855394340e-01	2.726358365306078002e-01	1.622752761225103313e-01	7.684561723949549783e-02	3.276056933742173966e-02	8.217875418509131002e-02
1.371507855571272785e+03	2.269168188923458840e-01	1.459307291848762622e-01	2.728329860859310951e-01	1.623853119421521940e-01	7.689229931976318544e-02	3.279289144883096307e-02	8.224896312595211811e-02
1.373926740678100487e+03	2.266451620946164924e-01	1.457472803901869451e-01	2.730295644490230433e-01	1.624950225510569390e-01	7.693885336209854708e-02	3.282513886518797358e-02	8.231897828768175440e-02
1.376345625784927961e+03	2.263742947478677159e-01	1.455643313812093609e-01	2.732255732134771797e-01	1.626044090105886741e-01	7.698527972709123812e-02	3.285731169705009141e-02	8.238880022256739322e-02
1.378764510891755890e+03	2.261042145013393567e-01	1.453818808408681718e-01	2.734210139685421259e-01	1.627134723781880066e-01	7.703157877430583111e-02	3.288941005534209289e-02	8.245842948126608229e-02
1.381183395998583137e+03	2.258349190116157867e-01	1.451999274552691344e-01	2.736158882991326924e-01	1.628222137073886411e-01	7.707775086228493833e-02	3.292143405135049966e-02	8.252786661280991920e-02
1.383602281105411066e+03	2.255664059426008561e-01	1.450184699136931044e-01	2.738101977858417579e-01	1.629306340478343385e-01	7.712379634855238975e-02	3.295338379671795825e-02	8.259711216461117222e-02
1.386021166212238768e+03	2.252986729654934128e-01	1.448375069085901801e-01	2.740039440049510389e-01	1.630387344452955967e-01	7.716971558961636946e-02	3.298525940343763341e-02	8.266616668246735966e-02
1.388440051319066470e+03	2.250317177587622952e-01	1.446570371355738738e-01	2.741971285284425797e-01	1.631465159416861932e-01	7.721550894097248263e-02	3.301706098384770555e-02	8.273503071056642622e-02
1.390858936425893944e+03	2.247655380081218790e-01	1.444770592934152553e-01	2.743897529240100774e-01	1.632539795750799216e-01	7.726117675710687804e-02	3.304878865062584048e-02	8.280370479149175289e-02
1.393277821532721646e+03	2.245001314065075138e-01	1.442975720840369014e-01	2.745818187550699285e-01	1.633611263797268287e-01	7.730671939149938443e-02	3.308044251678375625e-02	8.287218946622727789e-02
1.395696706639549120e+03	2.242354956540510980e-01	1.441185742125072888e-01	2.747733275807727193e-01	1.634679573860697288e-01	7.735213719662648035e-02	3.311202269566180384e-02	8.294048527416250649e-02
1.398115591746377049e+03	2.239716284580567929e-01	1.439400643870346053e-01	2.749642809560139400e-01	1.635744736207606354e-01	7.739743052396441669e-02	3.314352930092365201e-02	8.300859275309754870e-02
1.400534476853204296e+03	2.237085275329766809e-01	1.437620413189611424e-01	2.751546804314456973e-01	1.636806761066766924e-01	7.744259972399220038e-02	3.317496244655096516e-02	8.307651243924811524e-02
1.402953361960032225e+03	2.234461906003868126e-01	1.435845037227573284e-01	2.753445275534874281e-01	1.637865658629366061e-01	7.748764514619466137e-02	3.320632224683811584e-02	8.314424486725055519e-02
1.405372247066859927e+03	2.231846153889628925e-01	1.434074503160157055e-01	2.755338238643371129e-01	1.638921439049166040e-01	7.753256713906539477e-02	3.323760881638698761e-02	8.321179057016679648e-02
1.407791132173687402e+03	2.229237996344565764e-01	1.432308798194452393e-01	2.757225709019822668e-01	1.639974112442664500e-01	7.757736605010980002e-02	3.326882227010181936e-02	8.327915007948932802e-02
1.410210017280515103e+03	2.226637410796713790e-01	1.430547909568653520e-01	2.759107702002112084e-01	1.641023688889253207e-01	7.762204222584805080e-02	3.329996272318403588e-02	8.334632392514614019e-02
1.412628902387342805e+03	2.224044374744390262e-01	1.428791824551999823e-01	2.760984232886238288e-01	1.642070178431377647e-01	7.766659601181803707e-02	3.333103029112720328e-02	8.341331263550566533e-02
1.415047787494170507e+03	2.221458865755957801e-01	1.427040530444718403e-01	2.762855316926426941e-01	1.643113591074693014e-01	7.771102775257829332e-02	3.336202508971198438e-02	8.348011673738162108e-02
1.417466672600997981e+03	2.218880861469586796e-01	1.425294014577964119e-01	2.764720969335239809e-01	1.644153936788223247e-01	7.775533779171096838e-02	3.339294723500111500e-02	8.354673675603800642e-02
1.419885557707825683e+03	2.216310339593021983e-01	1.423552264313761029e-01	2.766581205283684675e-01	1.645191225504515353e-01	7.779952647182475367e-02	3.342379684333447037e-02	8.361317321519393109e-02
1.422304442814653157e+03	2.213747277903347632e-01	1.421815267044943820e-01	2.768436039901324142e-01	1.646225467119795949e-01	7.784359413455771426e-02	3.345457403132417323e-02	8.367942663702845896e-02
1.424723327921481086e+03	2.211191654246753846e-01	1.420083010195098416e-01	2.770285488276383878e-01	1.647256671494125024e-01	7.788754112058027257e-02	3.348527891584968802e-02	8.374549754218546527e-02
1.427142213028308333e+03	2.208643446538305077e-01	1.418355481218503689e-01	2.772129565455860867e-01	1.648284848451550544e-01	7.793136776959802559e-02	3.351591161405301222e-02	8.381138644977852159e-02
1.429561098135136262e+03	2.206102632761706706e-01	1.416632667600072892e-01	2.773968286445634424e-01	1.649310007780260823e-01	7.797507442035461755e-02	3.354647224333391631e-02	8.387709387739557265e-02
1.431979983241963964e+03	2.203569190969076053e-01	1.414914556855293437e-01	2.775801666210571117e-01	1.650332159232738849e-01	7.801866141063459881e-02	3.357696092134516280e-02	8.394262034110387682e-02
1.434398868348791666e+03	2.201043099280712845e-01	1.413201136530169710e-01	2.777629719674634678e-01	1.651351312525911053e-01	7.806212907726628458e-02	3.360737776598782950e-02	8.400796635545469682e-02
1.436817753455619140e+03	2.198524335884867731e-01	1.411492394201163403e-01	2.779452461720991474e-01	1.652367477341301072e-01	7.810547775612455834e-02	3.363772289540663263e-02	8.407313243348808751e-02
1.439236638562446842e+03	2.196012879037517462e-01	1.409788317475134667e-01	2.781269907192119861e-01	1.653380663325177968e-01	7.814870778213366120e-02	3.366799642798533332e-02	8.413811908673765605e-02
1.441655523669274316e+03	2.193508707062134799e-01	1.408088893989283552e-01	2.783082070889916770e-01	1.654390880088706661e-01	7.819181948927006465e-02	3.369819848234213017e-02	8.420292682523525252e-02
1.444074408776102018e+03	2.191011798349463691e-01	1.406394111411091441e-01	2.784888967575803176e-01	1.655398137208096698e-01	7.823481321056520443e-02	3.372832917732513508e-02	8.426755615751573003e-02
1.446493293882929493e+03	2.188522131357293621e-01	1.404703957438261652e-01	2.786690611970833453e-01	1.656402444224750192e-01	7.827768927810827004e-02	3.375838863200786300e-02	8.433200759062160767e-02
1.448912178989757422e+03	2.186039684610234513e-01	1.403018419798661709e-01	2.788487018755796965e-01	1.657403810645408093e-01	7.832044802304899411e-02	3.378837696568478405e-02	8.439628163010774731e-02
1.451331064096585123e+03	2.183564436699493017e-01	1.401337486250262832e-01	2.790278202571328525e-01	1.658402245942298681e-01	7.836308977560037248e-02	3.381829429786689656e-02	8.446037878004605814e-02
1.453749949203412370e+03	2.181096366282649912e-01	1.399661144581082484e-01	2.792064178018012766e-01	1.659397759553282725e-01	7.840561486504141198e-02	3.384814074827732777e-02	8.452429954303010418e-02
1.456168834310240300e+03	2.178635452083436674e-01	1.397989382609126363e-01	2.793844959656487936e-01	1.660390360881997818e-01	7.844802361971991989e-02	3.387791643684703174e-02	8.458804442017975322e-02
1.458587719417068001e+03	2.176181672891515650e-01	1.396322188182327895e-01	2.795620562007554710e-01	1.661380059298004086e-01	7.849031636705514070e-02	3.390762148371043866e-02	8.465161391114578437e-02
1.461006604523895703e+03	2.173735007562259125e-01	1.394659549178490499e-01	2.797390999552276658e-01	1.662366864136926858e-01	7.853249343354053169e-02	3.393725600920120822e-02	8.471500851411452315e-02
1.463425489630723177e+03	2.171295435016528663e-01	1.393001453505228748e-01	2.799156286732089050e-01	1.663350784700601825e-01	7.857455514474641356e-02	3.396682013384798304e-02	8.477822872581233793e-02
1.465844374737550879e+03	2.168862934240457507e-01	1.391347889099910362e-01	2.800916437948900994e-01	1.664331830257214095e-01	7.861650182532273212e-02	3.399631397837021146e-02	8.484127504151033061e-02
1.468263259844378354e+03	2.166437484285231863e-01	1.389698843929595418e-01	2.802671467565200913e-01	1.665310010041443634e-01	7.865833379900163957e-02	3.402573766367398417e-02	8.490414795502880529e-02
1.470682144951206283e+03	2.164019064266874126e-01	1.388054305990981119e-01	2.804421389904158679e-01	1.666285333254602929e-01	7.870005138860021454e-02	3.405509131084790558e-02	8.496684795874182017e-02
1.473101030058033530e+03	2.161607653366025839e-01	1.386414263310339623e-01	2.806166219249731641e-01	1.667257809064779939e-01	7.874165491602314049e-02	3.408437504115902072e-02	8.502937554358172556e-02
1.475519915164861459e+03	2.159203230827732301e-01	1.384778703943462252e-01	2.807905969846767880e-01	1.668227446606976583e-01	7.878314470226528698e-02	3.411358897604878371e-02	8.509173119904367422e-02
1.477938800271689161e+03	2.156805775961228577e-01	1.383147615975599265e-01	2.809640655901106121e-01	1.669194254983247805e-01	7.882452106741441589e-02	3.414273323712898461e-02	8.515391541319004831e-02
1.480357685378516862e+03	2.154415268139724393e-01	1.381520987521401844e-01	2.811370291579683989e-01	1.670158243262839792e-01	7.886578433065374871e-02	3.417180794617784984e-02	8.521592867265502524e-02
1.482776570485344337e+03	2.152031686800191523e-01	1.379898806724863536e-01	2.813094891010636256e-01	1.671119420482327922e-01	7.890693481026465894e-02	3.420081322513603833e-02	8.527777146264900465e-02
