1.301360187473271253e+03	2.355311277678400206e-01	1.510822917892317707e-01	2.607738833785112620e-01	1.617411037907321991e-01	7.624140915750607372e-02	3.215464217268339253e-02	8.247554194334716371e-02
1.306197957686926657e+03	2.349444059690794784e-01	1.506826015851409351e-01	2.611524697984358712e-01	1.620052494329568826e-01	7.634824904904814746e-02	3.222663085621730455e-02	8.264039330897328395e-02
1.311035727900581833e+03	2.343611021861194132e-01	1.502850710216368513e-01	2.615287692792123697e-01	1.622679009933658822e-01	7.645453678611845161e-02	3.229830194695833961e-02	8.280431778644063712e-02
1.315873498114237009e+03	2.337811958503407395e-01	1.498896889203263916e-01	2.619027971006623878e-01	1.625290664854424916e-01	7.656027518684860311e-02	3.236965624529839630e-02	8.296732021093293497e-02
1.320711268327892412e+03	2.332046665251591433e-01	1.494964441541936639e-01	2.622745684245213482e-01	1.627887538832908931e-01	7.666546705329913003e-02	3.244069456020930858e-02	8.312940539917840210e-02
1.325549038541547588e+03	2.326314939050748154e-01	1.491053256474522415e-01	2.626440982954863501e-01	1.630469711218338891e-01	7.677011517164353260e-02	3.251141770899127620e-02	8.329057814936975668e-02
1.330386808755202765e+03	2.320616578147301767e-01	1.487163223753961427e-01	2.630114016422552270e-01	1.633037260970079119e-01	7.687422231234740388e-02	3.258182651702655475e-02	8.345084324108850704e-02
1.335224578968857941e+03	2.314951382079758202e-01	1.483294233642501736e-01	2.633764932785554458e-01	1.635590266659557868e-01	7.697779123034267923e-02	3.265192181753825279e-02	8.361020543523381421e-02
1.340062349182513572e+03	2.309319151669443071e-01	1.479446176910194088e-01	2.637393879041641243e-01	1.638128806472170240e-01	7.708082466519725062e-02	3.272170445135413192e-02	8.376866947395567031e-02
1.344900119396168748e+03	2.303719689011318461e-01	1.475618944833377022e-01	2.641001001059187780e-01	1.640652958209160850e-01	7.718332534128005684e-02	3.279117526667528482e-02	8.392624008059221263e-02
1.349737889609823924e+03	2.298152797464874664e-01	1.471812429193155858e-01	2.644586443587182423e-01	1.643162799289479559e-01	7.728529596792191314e-02	3.286033511884966368e-02	8.408292195961118709e-02
1.354575659823479100e+03	2.292618281645104339e-01	1.468026522273871426e-01	2.648150350265147113e-01	1.645658406751621949e-01	7.738673923957199718e-02	3.292918487015019519e-02	8.423871979655532527e-02
1.359413430037134731e+03	2.287115947413547734e-01	1.464261116861562961e-01	2.651692863632970076e-01	1.648139857255443985e-01	7.748765783595036594e-02	3.299772538955755147e-02	8.439363825799159335e-02
1.364251200250789907e+03	2.281645601869414508e-01	1.460516106242424894e-01	2.655214125140640258e-01	1.650607227083960293e-01	7.758805442219647575e-02	3.306595755254734814e-02	8.454768199146420193e-02
1.369088970464445310e+03	2.276207053340781050e-01	1.456791384201252815e-01	2.658714275157895157e-01	1.653060592145120244e-01	7.768793164901396930e-02	3.313388224088174849e-02	8.470085562545132118e-02
1.373926740678100487e+03	2.270800111375861907e-01	1.453086845019886109e-01	2.662193452983779851e-01	1.655500027973568211e-01	7.778729215281171561e-02	3.320150034240535591e-02	8.485316376932522386e-02
1.378764510891755890e+03	2.265424586734351986e-01	1.449402383475641987e-01	2.665651796856116085e-01	1.657925609732383565e-01	7.788613855584136658e-02	3.326881275084524886e-02	8.500461101331599489e-02
1.383602281105411066e+03	2.260080291378842310e-01	1.445737894839743964e-01	2.669089443960879771e-01	1.660337412214802910e-01	7.798447346633138877e-02	3.333582036561517914e-02	8.515520192847852998e-02
1.388440051319066470e+03	2.254767038466307660e-01	1.442093274875743680e-01	2.672506530441495221e-01	1.662735509845927606e-01	7.808229947861791698e-02	3.340252409162373232e-02	8.530494106666282328e-02
1.393277821532721646e+03	2.249484642339665552e-01	1.438468419837938550e-01	2.675903191408040560e-01	1.665119976684412417e-01	7.817961917327226340e-02	3.346892483908643634e-02	8.545383296048741917e-02
1.398115591746377049e+03	2.244232918519402931e-01	1.434863226469779984e-01	2.679279560946364880e-01	1.667490886424139451e-01	7.827643511722538749e-02	3.353502352334171432e-02	8.560188212331597268e-02
1.402953361960032225e+03	2.239011683695274202e-01	1.431277592002278831e-01	2.682635772127121565e-01	1.669848312395875722e-01	7.837274986388939602e-02	3.360082106467057045e-02	8.574909304923679365e-02
1.407791132173687402e+03	2.233820755718067541e-01	1.427711414152405822e-01	2.685971957014713918e-01	1.672192327568917669e-01	7.846856595327601769e-02	3.366631838811999511e-02	8.589547021304520802e-02
1.412628902387342805e+03	2.228659953591438647e-01	1.424164591121485635e-01	2.689288246676160843e-01	1.674523004552719019e-01	7.856388591211251049e-02	3.373151642332989503e-02	8.604101807022897230e-02
1.417466672600997981e+03	2.223529097463812221e-01	1.420637021593584570e-01	2.692584771189871495e-01	1.676840415598504774e-01	7.865871225395458521e-02	3.379641610436366628e-02	8.618574105695621379e-02
1.422304442814653157e+03	2.218428008620351166e-01	1.417128604733899344e-01	2.695861659654343323e-01	1.679144632600872988e-01	7.875304747929692817e-02	3.386101836954209104e-02	8.632964359006613242e-02
1.427142213028308333e+03	2.213356509474988798e-01	1.413639240187132551e-01	2.699119040196772956e-01	1.681435727099382660e-01	7.884689407568107322e-02	3.392532416128071077e-02	8.647273006706233944e-02
1.431979983241963964e+03	2.208314423562529605e-01	1.410168828075872294e-01	2.702357039981587161e-01	1.683713770280128585e-01	7.894025451780088687e-02	3.398933442593043974e-02	8.661500486610866634e-02
1.436817753455619140e+03	2.203301575530811907e-01	1.406717268998962100e-01	2.705575785218893858e-01	1.685978832977303998e-01	7.903313126760566631e-02	3.405305011362145390e-02	8.675647234602745783e-02
1.441655523669274316e+03	2.198317791132937404e-01	1.403284464029868617e-01	2.708775401172847652e-01	1.688230985674749884e-01	7.912552677440097548e-02	3.411647217811025062e-02	8.689713684630019641e-02
1.446493293882929493e+03	2.193362897219561236e-01	1.399870314715046526e-01	2.711956012169939312e-01	1.690470298507496250e-01	7.921744347494719118e-02	3.417960157662978254e-02	8.703700268707049992e-02
1.451331064096585123e+03	2.188436721731246981e-01	1.396474723072298474e-01	2.715117741607205315e-01	1.692696841263287566e-01	7.930888379355599538e-02	3.424243926974265134e-02	8.717607416914931184e-02
1.456168834310240300e+03	2.183539093690882171e-01	1.393097591589131656e-01	2.718260711960358567e-01	1.694910683384100725e-01	7.939985014218481352e-02	3.430498622119729224e-02	8.731435557402231207e-02
1.461006604523895703e+03	2.178669843196157085e-01	1.389738823221113029e-01	2.721385044791840846e-01	1.697111893967649665e-01	7.949034492052922674e-02	3.436724339778706588e-02	8.745185116385942314e-02
1.465844374737550879e+03	2.173828801412101275e-01	1.386398321390218125e-01	2.724490860758796429e-01	1.699300541768881678e-01	7.958037051611337176e-02	3.442921176921217435e-02	8.758856518152641213e-02
1.470682144951206283e+03	2.169015800563686425e-01	1.383075989983179876e-01	2.727578279620972990e-01	1.701476695201463440e-01	7.966992930437863385e-02	3.449089230794445682e-02	8.772450185059839367e-02
1.475519915164861459e+03	2.164230673928480564e-01	1.379771733349833274e-01	2.730647420248541457e-01	1.703640422339256222e-01	7.975902364877042461e-02	3.455228598909482196e-02	8.785966537537538701e-02
1.480357685378516862e+03	2.159473255829369442e-01	1.376485456301458354e-01	2.733698400629844816e-01	1.705791790917781936e-01	7.984765590082321118e-02	3.461339379028346291e-02	8.799405994089967709e-02
1.485195455592172038e+03	2.154743381627331478e-01	1.373217064109119312e-01	2.736731337879069748e-01	1.707930868335681140e-01	7.993582840024396341e-02	3.467421669151265345e-02	8.812768971297500753e-02
1.490033225805827215e+03	2.150040887714272930e-01	1.369966462502003324e-01	2.739746348243846663e-01	1.710057721656159657e-01	8.002354347499385234e-02	3.473475567504211853e-02	8.826055883818757775e-02
1.494870996019482618e+03	2.145365611505919423e-01	1.366733557665755772e-01	2.742743547112772018e-01	1.712172417608430752e-01	8.011080344136842224e-02	3.479501172526696523e-02	8.839267144392871922e-02
1.499708766233137567e+03	2.140717391434764638e-01	1.363518256240813242e-01	2.745723049022862350e-01	1.714275022589143160e-01	8.019761060407624986e-02	3.485498582859807709e-02	8.852403163841925104e-02
1.504546536446793198e+03	2.136096066943076188e-01	1.360320465320736805e-01	2.748684967666935597e-01	1.716365602663806333e-01	8.028396725631610498e-02	3.491467897334490922e-02	8.865464351073547300e-02
1.509384306660448374e+03	2.131501478475955891e-01	1.357140092450541402e-01	2.751629415900917475e-01	1.718444223568204310e-01	8.036987567985266756e-02	3.497409214960069124e-02	8.878451113083667134e-02
1.514222076874103550e+03	2.126933467474457218e-01	1.353977045625025244e-01	2.754556505751082351e-01	1.720510950709802922e-01	8.045533814509096826e-02	3.503322634912998945e-02	8.891363854959422053e-02
1.519059847087758726e+03	2.122391876368754648e-01	1.350831233287096422e-01	2.757466348421219737e-01	1.722565849169149510e-01	8.054035691114935780e-02	3.509208256525846864e-02	8.904202979882208657e-02
1.523897617301414357e+03	2.117876548571369921e-01	1.347702564326099250e-01	2.760359054299733605e-01	1.724608983701265696e-01	8.062493422593126902e-02	3.515066179276499919e-02	8.916968889130878761e-02
1.528735387515069533e+03	2.113387328470452131e-01	1.344590948076140324e-01	2.763234732966673435e-01	1.726640418737031002e-01	8.070907232619571603e-02	3.520896502777587367e-02	8.929661982085068672e-02
1.533573157728724709e+03	2.108924061423107232e-01	1.341496294314411530e-01	2.766093493200693088e-01	1.728660218384562575e-01	8.079277343762657215e-02	3.526699326766122300e-02	8.942282656228674187e-02
1.538410927942380113e+03	2.104486593748784995e-01	1.338418513259513609e-01	2.768935442985948625e-01	1.730668446430585761e-01	8.087603977490068208e-02	3.532474751093355597e-02	8.954831307153444941e-02
1.543248698156035516e+03	2.100074772722714811e-01	1.335357515569779996e-01	2.771760689518923404e-01	1.732665166341798568e-01	8.095887354175490547e-02	3.538222875714831794e-02	8.967308328562709208e-02
1.548086468369690692e+03	2.095688446569395069e-01	1.332313212341596775e-01	2.774569339215191000e-01	1.734650441266230303e-01	8.104127693105195318e-02	3.543943800680651735e-02	8.979714112275213878e-02
1.552924238583346096e+03	2.091327464456133045e-01	1.329285515107726523e-01	2.777361497716109850e-01	1.736624334034593542e-01	8.112325212484532144e-02	3.549637626125935058e-02	8.992049048229093511e-02
1.557762008797001272e+03	2.086991676486635305e-01	1.326274335835628815e-01	2.780137269895454066e-01	1.738586907161629724e-01	8.120480129444299089e-02	3.555304452261475595e-02	9.004313524485943465e-02
1.562599779010656675e+03	2.082680933694648073e-01	1.323279586925780738e-01	2.782896759865979841e-01	1.740538222847448357e-01	8.128592660047037621e-02	3.560944379364588963e-02	9.016507927235004050e-02
1.567437549224311852e+03	2.078395088037649219e-01	1.320301181209998787e-01	2.785640070985928585e-01	1.742478342978861783e-01	8.136663019293211008e-02	3.566557507770148211e-02	9.028632640797459863e-02
1.572275319437967255e+03	2.074133992390586323e-01	1.317339031949759653e-01	2.788367305865466772e-01	1.744407329130713280e-01	8.144691421127307762e-02	3.572143937861801954e-02	9.040688047630834889e-02
1.577113089651622431e+03	2.069897500539667756e-01	1.314393052834522402e-01	2.791078566373060288e-01	1.746325242567198788e-01	8.152678078443843790e-02	3.577703770063378474e-02	9.052674528333488901e-02
1.581950859865277607e+03	2.065685467176198165e-01	1.311463157980048977e-01	2.793773953641793817e-01	1.748232144243185016e-01	8.160623203093277100e-02	3.583237104830459124e-02	9.064592461649208233e-02
1.586788630078933011e+03	2.061497747890463639e-01	1.308549261926727214e-01	2.796453568075621399e-01	1.750128094805520063e-01	8.168527005887847581e-02	3.588744042642132842e-02	9.076442224471896469e-02
1.591626400292587959e+03	2.057334199165665178e-01	1.305651279637892459e-01	2.799117509355562028e-01	1.752013154594340982e-01	8.176389696607329338e-02	3.594224683992916503e-02	9.088224191850348410e-02
1.596464170506243590e+03	2.053194678371897952e-01	1.302769126498151686e-01	2.801765876445829750e-01	1.753887383644373854e-01	8.184211484004703940e-02	3.599679129384845272e-02	9.099938736993118393e-02
1.601301940719898766e+03	2.049079043760177743e-01	1.299902718311707339e-01	2.804398767599909914e-01	1.755750841686231356e-01	8.191992575811760102e-02	3.605107479319724639e-02	9.111586231273458014e-02
1.606139710933553943e+03	2.044987154456511802e-01	1.297051971300680340e-01	2.807016280366573246e-01	1.757603588147703677e-01	8.199733178744619821e-02	3.610509834291548287e-02	9.123167044234353762e-02
1.610977481147209119e+03	2.040918870456020218e-01	1.294216802103438368e-01	2.809618511595829426e-01	1.759445682155043877e-01	8.207433498509188186e-02	3.615886294779065840e-02	9.134681543593631270e-02
1.615815251360864750e+03	2.036874052617096975e-01	1.291397127772920539e-01	2.812205557444831805e-01	1.761277182534251584e-01	8.215093739806539341e-02	3.621236961238512297e-02	9.146130095249137282e-02
1.620653021574519926e+03	2.032852562655619588e-01	1.288592865774965956e-01	2.814777513383713292e-01	1.763098147812348637e-01	8.222714106338235851e-02	3.626561934096491496e-02	9.157513063283996557e-02
1.625490791788175102e+03	2.028854263139200642e-01	1.285803933986643111e-01	2.817334474201373395e-01	1.764908636218651683e-01	8.230294800811574496e-02	3.631861313743001141e-02	9.168830809971938167e-02
1.630328562001830505e+03	2.024879017481486798e-01	1.283030250694578989e-01	2.819876534011206415e-01	1.766708705686040881e-01	8.237836024944780733e-02	3.637135200524609091e-02	9.180083695782680075e-02
1.635166332215485909e+03	2.020926689936498322e-01	1.280271734593291799e-01	2.822403786256775238e-01	1.768498413852223061e-01	8.245337979472137924e-02	3.642383694737774680e-02	9.191272079387401150e-02
1.640004102429141085e+03	2.016997145593013852e-01	1.277528304783524249e-01	2.824916323717430178e-01	1.770277818060990438e-01	8.252800864149049953e-02	3.647606896622306027e-02	9.202396317664247871e-02
1.644841872642796488e+03	2.013090250368997081e-01	1.274799880770577931e-01	2.827414238513871192e-01	1.772046975363477106e-01	8.260224877757058048e-02	3.652804906354963771e-02	9.213456765703927076e-02
1.649679642856451665e+03	2.009205871006065902e-01	1.272086382462650211e-01	2.829897622113661249e-01	1.773805942519407763e-01	8.267610218108797926e-02	3.657977824043193160e-02	9.224453776815338957e-02
1.654517413070107068e+03	2.005343875064004577e-01	1.269387730169172224e-01	2.832366565336679742e-01	1.775554775998345047e-01	8.274957082052895874e-02	3.663125749718992852e-02	9.235387702531272502e-02
1.659355183283762244e+03	2.001504130915316981e-01	1.266703844599148809e-01	2.834821158360530391e-01	1.777293531980932706e-01	8.282265665478824590e-02	3.668248783332916235e-02	9.246258892614152292e-02
1.664192953497417420e+03	1.997686507739820927e-01	1.264034646859501509e-01	2.837261490725889179e-01	1.779022266360132665e-01	8.289536163321700735e-02	3.673347024748199047e-02	9.257067695061840795e-02
1.669030723711072824e+03	1.993890875519284678e-01	1.261380058453411279e-01	2.839687651341807895e-01	1.780741034742461260e-01	8.296768769567035295e-02	3.678420573735011190e-02	9.267814456113486477e-02
1.673868493924728000e+03	1.990117105032102318e-01	1.258740001278666476e-01	2.842099728490962152e-01	1.782449892449217699e-01	8.303963677255435383e-02	3.683469529964841782e-02	9.278499520255420463e-02
1.678706264138383403e+03	1.986365067848011590e-01	1.256114397626009183e-01	2.844497809834851121e-01	1.784148894517712247e-01	8.311121078487258840e-02	3.688493993004991062e-02	9.289123230227093464e-02
1.683544034352038352e+03	1.982634636322850030e-01	1.253503170177486803e-01	2.846881982418944523e-01	1.785838095702487749e-01	8.318241164427232770e-02	3.693494062313196907e-02	9.299685927027069587e-02
1.688381804565693983e+03	1.978925683593349416e-01	1.250906242004804769e-01	2.849252332677782995e-01	1.787517550476539485e-01	8.325324125309012391e-02	3.698469837232366830e-02	9.310187949919040973e-02
1.693219574779349159e+03	1.975238083571974057e-01	1.248323536567682857e-01	2.851608946440025716e-01	1.789187313032530591e-01	8.332370150439712131e-02	3.703421416985434866e-02	9.320629636437904875e-02
1.698057344993004335e+03	1.971571710941792399e-01	1.245754977712211081e-01	2.853951908933455850e-01	1.790847437284002475e-01	8.339379428204385380e-02	3.708348900670322551e-02	9.331011322395858787e-02
1.702895115206659511e+03	1.967926441151390538e-01	1.243200489669211567e-01	2.856281304789929365e-01	1.792497976866583576e-01	8.346352146070475098e-02	3.713252387255015774e-02	9.341333341888546915e-02
1.707732885420315142e+03	1.964302150409823200e-01	1.240659997052600827e-01	2.858597218050282218e-01	1.794138985139193398e-01	8.353288490592211679e-02	3.718131975572752657e-02	9.351596027301228853e-02
1.712570655633970318e+03	1.960698715681601922e-01	1.238133424857755516e-01	2.860899732169189802e-01	1.795770515185242666e-01	8.360188647414988627e-02	3.722987764317312737e-02	9.361799709314991280e-02
1.717408425847625494e+03	1.957116014681720972e-01	1.235620698459880401e-01	2.863188930019978651e-01	1.797392619813830972e-01	8.367052801279686869e-02	3.727819852038415094e-02	9.371944716912980478e-02
1.722246196061280898e+03	1.953553925870720742e-01	1.233121743612379945e-01	2.865464893899392074e-01	1.799005351560939159e-01	8.373881136026972705e-02	3.732628337137219865e-02	9.382031377386677862e-02
1.727083966274936301e+03	1.950012328449787780e-01	1.230636486445232380e-01	2.867727705532309712e-01	1.800608762690620590e-01	8.380673834601558292e-02	3.737413317861928985e-02	9.392060016342192175e-02
1.731921736488591478e+03	1.946491102355891456e-01	1.228164853463366152e-01	2.869977446076423799e-01	1.802202905196187421e-01	8.387431079056430205e-02	3.742174892303487543e-02	9.402030957706579428e-02
1.736759506702246881e+03	1.942990128256956162e-01	1.225706771545040374e-01	2.872214196126868235e-01	1.803787830801392433e-01	8.394153050557040530e-02	3.746913158391383669e-02	9.411944523734194767e-02
1.741597276915902057e+03	1.939509287547069860e-01	1.223262167940227518e-01	2.874438035720804363e-01	1.805363590961609754e-01	8.400839929385470195e-02	3.751628213889544872e-02	9.421801035013062375e-02
1.746435047129557461e+03	1.936048462341728449e-01	1.220830970268999699e-01	2.876649044341964556e-01	1.806930236865010309e-01	8.407491894944560396e-02	3.756320156392323195e-02	9.431600810471270357e-02
1.751272817343212637e+03	1.932607535473115368e-01	1.218413106519917882e-01	2.878847300925151953e-01	1.808487819433735322e-01	8.414109125762014862e-02	3.760989083320583071e-02	9.441344167383383668e-02
1.756110587556867813e+03	1.929186390485414793e-01	1.216008505048424421e-01	2.881032883860693561e-01	1.810036389325063999e-01	8.420691799494464669e-02	3.765635091917869659e-02	9.451031421376883401e-02
1.760948357770523216e+03	1.925784911630161189e-01	1.213617094575238642e-01	2.883205870998856168e-01	1.811575996932582033e-01	8.427240092931519155e-02	3.770258279246674338e-02	9.460662886438615804e-02
1.765786127984178393e+03	1.922402983861621617e-01	1.211238804184756185e-01	2.885366339654217849e-01	1.813106692387342067e-01	8.433754181999771060e-02	3.774858742184781374e-02	9.470238874921263483e-02
1.770623898197833569e+03	1.919040492832214118e-01	1.208873563323451528e-01	2.887514366609996164e-01	1.814628525559023875e-01	8.440234241766790546e-02	3.779436577421708271e-02	9.479759697549834663e-02
1.775461668411488745e+03	1.915697324887958020e-01	1.206521301798283569e-01	2.889650028122340841e-01	1.816141546057090661e-01	8.446680446445083146e-02	3.783991881455222445e-02	9.489225663428162150e-02
1.780299438625144376e+03	1.912373367063957275e-01	1.204181949775105648e-01	2.891773399924577048e-01	1.817645803231940638e-01	8.453092969396021339e-02	3.788524750587948797e-02	9.498637080045420344e-02
1.785137208838799552e+03	1.909068507079919319e-01	1.201855437777077790e-01	2.893884557231418131e-01	1.819141346176057217e-01	8.459471983133758088e-02	3.793035280924053620e-02	9.507994253282656127e-02
1.789974979052454728e+03	1.905782633335704745e-01	1.199541696683083941e-01	2.895983574743131728e-01	1.820628223725156147e-01	8.465817659329105682e-02	3.797523568366010377e-02	9.517297487419316970e-02
1.794812749266109904e+03	1.902515634906909447e-01	1.197240657726151708e-01	2.898070526649667022e-01	1.822106484459325715e-01	8.472130168813397921e-02	3.801989708611444585e-02	9.526547085139819293e-02
1.799650519479765535e+03	1.899267401540480904e-01	1.194952252491876116e-01	2.900145486634747582e-01	1.823576176704168050e-01	8.478409681582324553e-02	3.806433797150057807e-02	9.535743347540093229e-02
1.804488289693420711e+03	1.896037823650364440e-01	1.192676412916847672e-01	2.902208527879919786e-01	1.825037348531935999e-01	8.484656366799747662e-02	3.810855929260623109e-02	9.544886574134157919e-02
1.809326059907075887e+03	1.892826792313182516e-01	1.190413071287083208e-01	2.904259723068566279e-01	1.826490047762664715e-01	8.490870392801488920e-02	3.815256200008058235e-02	9.553977062860696812e-02
1.814163830120731291e+03	1.889634199263945102e-01	1.188162160236460874e-01	2.906299144389882239e-01	1.827934321965302145e-01	8.497051927099096014e-02	3.819634704240573025e-02	9.563015110089637116e-02
1.819001600334386467e+03	1.886459936891790590e-01	1.185923612745159866e-01	2.908326863542811669e-01	1.829370218458835906e-01	8.503201136383592429e-02	3.823991536586886925e-02	9.572001010628743145e-02
1.823839370548041643e+03	1.883303898235759444e-01	1.183697362138102921e-01	2.910342951739949835e-01	1.830797784313416277e-01	8.509318186529200856e-02	3.828326791453517952e-02	9.580935057730201321e-02
1.828677140761696819e+03	1.880165976980595621e-01	1.181483342083402277e-01	2.912347479711404064e-01	1.832217066351476409e-01	8.515403242597045785e-02	3.832640563022141761e-02	9.589817543097227392e-02
1.833514910975352450e+03	1.877046067452581013e-01	1.179281486590812028e-01	2.914340517708625677e-01	1.833628111148849216e-01	8.521456468838843612e-02	3.836932945247017307e-02	9.598648756890661160e-02
1.838352681189008081e+03	1.873944064615399585e-01	1.177091730010181303e-01	2.916322135508196411e-01	1.835030965035881201e-01	8.527478028700559431e-02	3.841204031852483297e-02	9.607428987735569526e-02
1.843190451402663257e+03	1.870859864066029832e-01	1.174914007029914248e-01	2.918292402415590958e-01	1.836425674098542959e-01	8.533468084826055511e-02	3.845453916330515004e-02	9.616158522727848157e-02
1.848028221616318433e+03	1.867793362030668591e-01	1.172748252675432090e-01	2.920251387268893439e-01	1.837812284179536348e-01	8.539426799060716167e-02	3.849682691938350471e-02	9.624837647440831478e-02
1.852865991829973609e+03	1.864744455360683451e-01	1.170594402307640475e-01	2.922199158442485012e-01	1.839190840879398603e-01	8.545354332455055990e-02	3.853890451696179165e-02	9.633466645931892947e-02
1.857703762043628785e+03	1.861713041528594570e-01	1.168452391621400688e-01	2.924135783850697057e-01	1.840561389557602845e-01	8.551250845268301704e-02	3.858077288384893083e-02	9.642045800749052264e-02
1.862541532257283961e+03	1.858699018624084820e-01	1.166322156644004487e-01	2.926061330951429951e-01	1.841923975333656649e-01	8.557116496971972630e-02	3.862243294543897532e-02	9.650575392937572883e-02
1.867379302470939592e+03	1.855702285350039060e-01	1.164203633733654070e-01	2.927975866749732980e-01	1.843278643088195889e-01	8.562951446253420917e-02	3.866388562468985046e-02	9.659055702046567826e-02
1.872217072684594768e+03	1.852722741018612562e-01	1.162096759577945365e-01	2.929879457801360942e-01	1.844625437464075257e-01	8.568755851019380088e-02	3.870513184210266910e-02	9.667487006135597194e-02
1.877054842898249490e+03	1.849760285547325800e-01	1.160001471192356470e-01	2.931772170216289108e-01	1.845964402867458498e-01	8.574529868399470567e-02	3.874617251570162263e-02	9.675869581781254558e-02
1.881892613111905121e+03	1.846814819455188939e-01	1.157917705918739687e-01	2.933654069662197661e-01	1.847295583468900604e-01	8.580273654749706602e-02	3.878700856101445493e-02	9.684203704083764463e-02
1.886730383325560297e+03	1.843886243858852136e-01	1.155845401423817725e-01	2.935525221367926707e-01	1.848619023204431389e-01	8.585987365655982362e-02	3.882764089105351230e-02	9.692489646673568826e-02
1.891568153539215928e+03	1.840974460468785823e-01	1.153784495697685736e-01	2.937385690126897986e-01	1.849934765776632684e-01	8.591671155937531668e-02	3.886807041629730675e-02	9.700727681717896678e-02
1.896405923752871104e+03	1.838079371585485677e-01	1.151734927052315560e-01	2.939235540300502714e-01	1.851242854655714143e-01	8.597325179650389115e-02	3.890829804467266229e-02	9.708918079927347788e-02
1.901243693966526507e+03	1.835200880095706755e-01	1.149696634120066369e-01	2.941074835821458344e-01	1.852543333080584886e-01	8.602949590090817888e-02	3.894832468153737459e-02	9.717061110562456860e-02
1.906081464180181683e+03	1.832338889468722309e-01	1.147669555852198070e-01	2.942903640197140902e-01	1.853836244059923477e-01	8.608544539798738959e-02	3.898815122966337726e-02	9.725157041440249395e-02
1.910919234393836859e+03	1.829493303752611211e-01	1.145653631517390275e-01	2.944722016512876794e-01	1.855121630373241515e-01	8.614110180561128371e-02	3.902777858922045623e-02	9.733206138940803109e-02
1.915757004607492036e+03	1.826664027570570614e-01	1.143648800700265283e-01	2.946530027435210752e-01	1.856399534571947230e-01	8.619646663415413135e-02	3.906720765776042908e-02	9.741208668013782990e-02
1.920594774821147894e+03	1.823850966117253614e-01	1.141655003299916205e-01	2.948327735215142686e-01	1.857669998980404635e-01	8.625154138652840752e-02	3.910643933020190033e-02	9.749164892184983278e-02
1.925432545034802843e+03	1.821054025155136036e-01	1.139672179528438273e-01	2.950115201691331790e-01	1.858933065696988518e-01	8.630632755821841806e-02	3.914547449881537744e-02	9.757075073562852807e-02
1.930270315248458019e+03	1.818273111010905996e-01	1.137700269909466544e-01	2.951892488293278438e-01	1.860188776595137761e-01	8.636082663731377285e-02	3.918431405320897676e-02	9.764939472845012014e-02
1.935108085462113195e+03	1.815508130571880374e-01	1.135739215276715813e-01	2.953659656044467785e-01	1.861437173324405336e-01	8.641504010454267859e-02	3.922295888031454569e-02	9.772758349324757454e-02
1.939945855675768371e+03	1.812758991282444887e-01	1.133788956772527612e-01	2.955416765565490600e-01	1.862678297311503584e-01	8.646896943330514840e-02	3.926140986437427066e-02	9.780531960897562160e-02
1.944783625889424002e+03	1.810025601140522189e-01	1.131849435846420254e-01	2.957163877077135794e-01	1.863912189761346982e-01	8.652261608970594764e-02	3.929966788692770135e-02	9.788260564067557956e-02
1.949621396103079178e+03	1.807307868694061626e-01	1.129920594253643468e-01	2.958901050403450195e-01	1.865138891658092712e-01	8.657598153258755369e-02	3.933773382679927461e-02	9.795944413954010832e-02
1.954459166316734354e+03	1.804605703037556463e-01	1.128002374053738988e-01	2.960628344974775006e-01	1.866358443766176489e-01	8.662906721356293527e-02	3.937560856008623378e-02	9.803583764297786607e-02
1.959296936530389530e+03	1.801919013808582770e-01	1.126094717609104207e-01	2.962345819830753402e-01	1.867570886631346183e-01	8.668187457704810972e-02	3.941329296014701306e-02	9.811178867467795772e-02
1.964134706744044706e+03	1.799247711184366327e-01	1.124197567583561097e-01	2.964053533623308700e-01	1.868776260581691828e-01	8.673440506029468644e-02	3.945078789758998256e-02	9.818729974467432786e-02
1.968972476957700337e+03	1.796591705878367862e-01	1.122310866940930824e-01	2.965751544619599778e-01	1.869974605728671191e-01	8.678666009342214660e-02	3.948809424026266529e-02	9.826237334941004264e-02
1.973810247171355968e+03	1.793950909136898808e-01	1.120434558943610992e-01	2.967439910704944284e-01	1.871165961968135338e-01	8.683864109945015064e-02	3.952521285324137046e-02	9.833701197180132192e-02
1.978648017385010689e+03	1.791325232735755946e-01	1.118568587151160115e-01	2.969118689385721321e-01	1.872350368981346436e-01	8.689034949433059596e-02	3.956214459882117368e-02	9.841121808130161297e-02
1.983485787598666320e+03	1.788714588976881292e-01	1.116712895418884438e-01	2.970787937792242484e-01	1.873527866235996930e-01	8.694178668697959134e-02	3.959889033650633439e-02	9.848499413396535895e-02
1.988323557812321269e+03	1.786118890685045035e-01	1.114867427896431146e-01	2.972447712681600684e-01	1.874698492987220966e-01	8.699295407930923707e-02	3.963545092300106015e-02	9.855834257251175345e-02
1.993161328025976900e+03	1.783538051204552055e-01	1.113032129026385458e-01	2.974098070440491237e-01	1.875862288278606349e-01	8.704385306625944674e-02	3.967182721220069430e-02	9.863126582638818973e-02
1.997999098239632076e+03	1.780971984395969820e-01	1.111206943542873138e-01	2.975739067088009060e-01	1.877019290943201524e-01	8.709448503582946366e-02	3.970802005518325045e-02	9.870376631183375160e-02
2.002836868453287707e+03	1.778420604632881818e-01	1.109391816470167436e-01	2.977370758278420348e-01	1.878169539604518656e-01	8.714485136910928020e-02	3.974403030020131483e-02	9.877584643194241287e-02
2.007674638666942428e+03	1.775883826798660692e-01	1.107586693121300481e-01	2.978993199303908712e-01	1.879313072677533669e-01	8.719495344031108486e-02	3.977985879267428859e-02	9.884750857672612578e-02
2.012512408880597604e+03	1.773361566283264412e-01	1.105791519096680359e-01	2.980606445097296331e-01	1.880449928369685442e-01	8.724479261680040398e-02	3.981550637518103952e-02	9.891875512317775676e-02
2.017350179094252780e+03	1.770853738980055769e-01	1.104006240282712353e-01	2.982210550234742352e-01	1.881580144681867794e-01	8.729437025912722969e-02	3.985097388745283825e-02	9.898958843533388341e-02
2.022187949307908411e+03	1.768360261282644341e-01	1.102230802850424907e-01	2.983805568938417974e-01	1.882703759409421196e-01	8.734368772105699508e-02	3.988626216636666222e-02	9.906001086433732783e-02
2.027025719521564042e+03	1.765881050081746506e-01	1.100465153254101547e-01	2.985391555079152104e-01	1.883820810143119195e-01	8.739274634960139676e-02	3.992137204593884658e-02	9.913002474849966217e-02
2.031863489735218764e+03	1.763416022762071822e-01	1.098709238229915869e-01	2.986968562179060926e-01	1.884931334270153469e-01	8.744154748504917585e-02	3.995630435731903352e-02	9.919963241336345050e-02
2.036701259948874394e+03	1.760965097199227447e-01	1.096963004794572483e-01	2.988536643414149152e-01	1.886035368975113591e-01	8.749009246099671844e-02	3.999105992878444760e-02	9.926883617176435193e-02
2.041539030162529116e+03	1.758528191756647263e-01	1.095226400243953374e-01	2.990095851616890732e-01	1.887132951240964862e-01	8.753838260437857288e-02	4.002563958573452513e-02	9.933763832389302939e-02
2.046376800376184747e+03	1.756105225282538207e-01	1.093499372151767735e-01	2.991646239278784036e-01	1.888224117850022532e-01	8.758641923549781438e-02	4.006004415068580710e-02	9.940604115735690582e-02
2.051214570589840150e+03	1.753696117106849639e-01	1.091781868368207897e-01	2.993187858552885383e-01	1.889308905384922688e-01	8.763420366805631245e-02	4.009427444326714440e-02	9.947404694724176766e-02
2.056052340803495554e+03	1.751300787038264917e-01	1.090073837018609021e-01	2.994720761256322583e-01	1.890387350229588426e-01	8.768173720918495673e-02	4.012833128021522922e-02	9.954165795617307688e-02
2.060890111017150957e+03	1.748919155361209898e-01	1.088375226502114879e-01	2.996244998872784615e-01	1.891459488570195469e-01	8.772902115947360524e-02	4.016221547537041081e-02	9.960887643437726924e-02
2.065727881230805451e+03	1.746551142832886427e-01	1.086685985490347811e-01	2.997760622554986876e-01	1.892525356396131953e-01	8.777605681300107432e-02	4.019592783967277511e-02	9.967570461974267770e-02
2.070565651444461309e+03	1.744196670680321082e-01	1.085006062926083398e-01	2.999267683127118111e-01	1.893584989500956550e-01	8.782284545736494807e-02	4.022946918115852949e-02	9.974214473788049762e-02
2.075403421658116713e+03	1.741855660597440014e-01	1.083335408021930679e-01	3.000766231087264035e-01	1.894638423483351874e-01	8.786938837371124911e-02	4.026284030495665134e-02	9.980819900218533547e-02
2.080241191871772116e+03	1.739528034742157669e-01	1.081673970259016959e-01	3.002256316609813180e-01	1.895685693748075940e-01	8.791568683676405371e-02	4.029604201328583490e-02	9.987386961389566054e-02
2.085078962085427065e+03	1.737213715733490482e-01	1.080021699385677741e-01	3.003737989547833886e-01	1.896726835506908904e-01	8.796174211485499606e-02	4.032907510545168106e-02	9.993915876215417327e-02
2.089916732299082469e+03	1.734912626648686673e-01	1.078378545416150414e-01	3.005211299435439631e-01	1.897761883779597591e-01	8.800755546995260581e-02	4.036194037784415073e-02	1.000040686240677990e-01
2.094754502512737417e+03	1.732624691020377417e-01	1.076744458629275425e-01	3.006676295490126605e-01	1.898790873394796130e-01	8.805312815769157642e-02	4.039463862393528892e-02	1.000686013647675843e-01
2.099592272726392821e+03	1.730349832833746881e-01	1.075119389567199407e-01	3.008133026615095185e-01	1.899813838991003256e-01	8.809846142740192232e-02	4.042717063427720553e-02	1.001327591374683995e-01
2.104430042940048224e+03	1.728087976523721703e-01	1.073503289034085095e-01	3.009581541401550320e-01	1.900830815017496289e-01	8.814355652213799741e-02	4.045953719650026426e-02	1.001965440835284049e-01
2.109267813153704083e+03	1.725839046972179602e-01	1.071896108094825967e-01	3.011021888130978041e-01	1.901841835735262054e-01	8.818841467870747186e-02	4.049173909531157689e-02	1.002599583325084059e-01
2.114105583367359031e+03	1.723602969505176052e-01	1.070297798073765044e-01	3.012454114777409209e-01	1.902846935217923363e-01	8.823303712770008689e-02	4.052377711249367104e-02	1.003230040022308478e-01
2.118943353581013525e+03	1.721379669890190922e-01	1.068708310553419250e-01	3.013878269009658273e-01	1.903846147352664664e-01	8.827742509351646505e-02	4.055565202690344928e-02	1.003856831988387960e-01
2.123781123794669384e+03	1.719169074333393166e-01	1.067127597373209169e-01	3.015294398193542058e-01	1.904839505841151026e-01	8.832157979439662909e-02	4.058736461447136346e-02	1.004479980168545283e-01
2.128618894008324787e+03	1.716971109476923274e-01	1.065555610628191735e-01	3.016702549394084665e-01	1.905827044200446574e-01	8.836550244244854857e-02	4.061891564820078321e-02	1.005099505392381548e-01
2.133456664221980191e+03	1.714785702396196543e-01	1.063992302667800954e-01	3.018102769377698502e-01	1.906808795763926812e-01	8.840919424367650603e-02	4.065030589816761436e-02	1.005715428374457515e-01
2.138294434435635139e+03	1.712612780597221329e-01	1.062437626094590443e-01	3.019495104614347558e-01	1.907784793682190672e-01	8.845265639800943547e-02	4.068153613152011849e-02	1.006327769714875225e-01
2.143132204649290543e+03	1.710452272013937847e-01	1.060891533762983313e-01	3.020879601279695681e-01	1.908755070923967567e-01	8.849589009932903871e-02	4.071260711247898928e-02	1.006936549899856703e-01
2.147969974862945492e+03	1.708304105005573337e-01	1.059353978778025257e-01	3.022256305257228215e-01	1.909719660277020281e-01	8.853889653549791572e-02	4.074351960233756759e-02	1.007541789302320162e-01
2.152807745076601350e+03	1.706168208354016391e-01	1.057824914494143592e-01	3.023625262140363090e-01	1.910678594349045911e-01	8.858167688838750053e-02	4.077427435946232720e-02	1.008143508182454823e-01
2.157645515290255844e+03	1.704044511261207095e-01	1.056304294513910891e-01	3.024986517234543593e-01	1.911631905568572931e-01	8.862423233390595567e-02	4.080487213929349238e-02	1.008741726688292817e-01
2.162483285503912157e+03	1.701932943346547156e-01	1.054792072686813881e-01	3.026340115559307264e-01	1.912579626185855197e-01	8.866656404202587216e-02	4.083531369434593994e-02	1.009336464856280535e-01
2.167321055717567106e+03	1.699833434644324737e-01	1.053288203108026372e-01	3.027686101850341482e-01	1.913521788273761792e-01	8.870867317681199737e-02	4.086559977421021228e-02	1.009927742611845813e-01
2.172158825931222509e+03	1.697745915601159561e-01	1.051792640117187871e-01	3.029024520561520717e-01	1.914458423728664094e-01	8.875056089644876856e-02	4.089573112555378032e-02	1.010515579769964700e-01
2.176996596144877003e+03	1.695670317073461331e-01	1.050305338297187197e-01	3.030355415866928248e-01	1.915389564271320066e-01	8.879222835326770757e-02	4.092570849212243816e-02	1.011099996035725035e-01
2.181834366358532861e+03	1.693606570324908134e-01	1.048826252472950527e-01	3.031678831662855678e-01	1.916315241447752726e-01	8.883367669377482956e-02	4.095553261474193379e-02	1.011681011004888775e-01
2.186672136572187810e+03	1.691554607023941781e-01	1.047355337710234729e-01	3.032994811569789673e-01	1.917235486630129992e-01	8.887490705867787111e-02	4.098520423131974538e-02	1.012258644164451132e-01
2.191509906785843214e+03	1.689514359241277575e-01	1.045892549314424991e-01	3.034303398934383722e-01	1.918150331017634824e-01	8.891592058291339362e-02	4.101472407684701726e-02	1.012832914893198460e-01
2.196347676999498617e+03	1.687485759447432676e-01	1.044437842829338270e-01	3.035604636831406022e-01	1.919059805637337579e-01	8.895671839567383110e-02	4.104409288340073181e-02	1.013403842462263921e-01
2.201185447213154021e+03	1.685468740510269459e-01	1.042991174036031199e-01	3.036898568065675708e-01	1.919963941345062541e-01	8.899730162043445469e-02	4.107331138014597843e-02	1.013971446035680374e-01
2.206023217426809424e+03	1.683463235692557181e-01	1.041552498951612560e-01	3.038185235173985199e-01	1.920862768826250844e-01	8.903767137498017070e-02	4.110238029333843773e-02	1.014535744670931466e-01
2.210860987640464373e+03	1.681469178649548368e-01	1.040121773828060897e-01	3.039464680427000354e-01	1.921756318596820334e-01	8.907782877143226308e-02	4.113130034632697662e-02	1.015096757319501053e-01
2.215698757854119776e+03	1.679486503426571298e-01	1.038698955151047126e-01	3.040736945831147842e-01	1.922644621004023502e-01	8.911777491627496939e-02	4.116007225955645860e-02	1.015654502827419564e-01
2.220536528067775180e+03	1.677515144456638851e-01	1.037283999638762277e-01	3.042002073130486428e-01	1.923527706227299017e-01	8.915751091038209841e-02	4.118869675057067192e-02	1.016208999935808710e-01
2.225374298281430583e+03	1.675555036558073196e-01	1.035876864240749262e-01	3.043260103808565487e-01	1.924405604279123549e-01	8.919703784904335631e-02	4.121717453401542441e-02	1.016760267281424240e-01
2.230212068495085077e+03	1.673606114932147115e-01	1.034477506136740471e-01	3.044511079090258532e-01	1.925278345005856928e-01	8.923635682199072827e-02	4.124550632164178388e-02	1.017308323397195929e-01
2.235049838708740936e+03	1.671668315160738660e-01	1.033085882735499533e-01	3.045755039943593423e-01	1.926145958088586185e-01	8.927546891342467983e-02	4.127369282230943653e-02	1.017853186712765617e-01
2.239887608922396339e+03	1.669741573204003293e-01	1.031701951673668349e-01	3.046992027081559251e-01	1.927008473043965164e-01	8.931437520204026093e-02	4.130173474199025363e-02	1.018394875555023449e-01
2.244725379136052197e+03	1.667825825398062123e-01	1.030325670814618150e-01	3.048222080963899905e-01	1.927865919225051350e-01	8.935307676105319619e-02	4.132963278377194127e-02	1.018933408148641334e-01
2.249563149349706237e+03	1.665921008452701246e-01	1.028956998247307214e-01	3.049445241798897088e-01	1.928718325822139645e-01	8.939157465822566984e-02	4.135738764786182908e-02	1.019468802616604747e-01
2.254400919563362095e+03	1.664027059449092183e-01	1.027595892285141366e-01	3.050661549545128359e-01	1.929565721863590322e-01	8.942986995589227717e-02	4.138500003159084617e-02	1.020001076980741883e-01
2.259238689777017044e+03	1.662143915837522579e-01	1.026242311464840296e-01	3.051871043913221282e-01	1.930408136216657522e-01	8.946796371098567069e-02	4.141247062941753876e-02	1.020530249162250880e-01
2.264076459990672902e+03	1.660271515435144674e-01	1.024896214545308881e-01	3.053073764367589815e-01	1.931245597588311658e-01	8.950585697506216465e-02	4.143980013293233067e-02	1.021056336982225088e-01
