1.001418434226643626e+03	2.792807113176506983e-01	1.808749216724130637e-01	2.349864815680790531e-01	1.410331529898476710e-01	6.801976084700045444e-02	2.691726735999220438e-02	6.888770424486771737e-02
1.002869765290740247e+03	2.790243063531185896e-01	1.807092790067219290e-01	2.351700865432927723e-01	1.411380349815443691e-01	6.806233570517263021e-02	2.694393392278351257e-02	6.895202348721707342e-02
1.004321096354836754e+03	2.787683530523734077e-01	1.805439041152372415e-01	2.353533786383949500e-01	1.412427201383641140e-01	6.810483910472459046e-02	2.697057082719543988e-02	6.901623412356114318e-02
1.005772427418933376e+03	2.785128506014967198e-01	1.803787965786024239e-01	2.355363583714729647e-01	1.413472088695419682e-01	6.814727117329011374e-02	2.699717806297154479e-02	6.908033634247516541e-02
1.007223758483029997e+03	2.782577981880974827e-01	1.802139559780737144e-01	2.357190262597740060e-01	1.414515015833881506e-01	6.818963203818079188e-02	2.702375562012638427e-02	6.914433033221045743e-02
1.008675089547126618e+03	2.780031950013088782e-01	1.800493818955191949e-01	2.359013828197064622e-01	1.415555986872896743e-01	6.823192182638815328e-02	2.705030348894383457e-02	6.920821628069472042e-02
1.010126420611223239e+03	2.777490402317854268e-01	1.798850739134182919e-01	2.360834285668413357e-01	1.416595005877121505e-01	6.827414066458589725e-02	2.707682165997543286e-02	6.927199437553240025e-02
1.011577751675319632e+03	2.774953330716994349e-01	1.797210316148608877e-01	2.362651640159134092e-01	1.417632076902015648e-01	6.831628867913193404e-02	2.710331012403873266e-02	6.933566480400492338e-02
1.013029082739416367e+03	2.772420727147384967e-01	1.795572545835464884e-01	2.364465896808226886e-01	1.418667203993859982e-01	6.835836599607053587e-02	2.712976887221564895e-02	6.939922775307107161e-02
1.014480413803512761e+03	2.769892583561018862e-01	1.793937424037836126e-01	2.366277060746356242e-01	1.419700391189773203e-01	6.840037274113436316e-02	2.715619789585084140e-02	6.946268340936724572e-02
1.015931744867609382e+03	2.767368891924980034e-01	1.792304946604890425e-01	2.368085137095864157e-01	1.420731642517729931e-01	6.844230903974651836e-02	2.718259718655009760e-02	6.952603195920781243e-02
1.017383075931706003e+03	2.764849644221408775e-01	1.790675109391869635e-01	2.369890130970784270e-01	1.421760961996578754e-01	6.848417501702257215e-02	2.720896673617871631e-02	6.958927358858542356e-02
1.018834406995802851e+03	2.762334832447475574e-01	1.789047908260082975e-01	2.371692047476852971e-01	1.422788353636059433e-01	6.852597079777256184e-02	2.723530653685991496e-02	6.965240848317132139e-02
1.020285738059899245e+03	2.759824448615346704e-01	1.787423339076898710e-01	2.373490891711524386e-01	1.423813821436820670e-01	6.856769650650290648e-02	2.726161658097323720e-02	6.971543682831572719e-02
1.021737069123995752e+03	2.757318484752156462e-01	1.785801397715738037e-01	2.375286668763982034e-01	1.424837369390437591e-01	6.860935226741839144e-02	2.728789686115297777e-02	6.977835880904811883e-02
1.023188400188092373e+03	2.754816932899976645e-01	1.784182080056065933e-01	2.377079383715152150e-01	1.425859001479431731e-01	6.865093820442404182e-02	2.731414737028661777e-02	6.984117461007759153e-02
1.024639731252188767e+03	2.752319785115785455e-01	1.782565381983385600e-01	2.378869041637717285e-01	1.426878721677285466e-01	6.869245444112707932e-02	2.734036810151325297e-02	6.990388441579321877e-02
1.026091062316285615e+03	2.749827033471439197e-01	1.780951299389228470e-01	2.380655647596128521e-01	1.427896533948462832e-01	6.873390110083869853e-02	2.736655904822205693e-02	6.996648841026435750e-02
1.027542393380382237e+03	2.747338670053638965e-01	1.779339828171149218e-01	2.382439206646617957e-01	1.428912442248426173e-01	6.877527830657596819e-02	2.739272020405075433e-02	7.002898677724103682e-02
1.028993724444478858e+03	2.744854686963906221e-01	1.777730964232716593e-01	2.384219723837213423e-01	1.429926450523654746e-01	6.881658618106363534e-02	2.741885156288405637e-02	7.009137970015430485e-02
1.030445055508575479e+03	2.742375076318547267e-01	1.776124703483506484e-01	2.385997204207748745e-01	1.430938562711662476e-01	6.885782484673588777e-02	2.744495311885216879e-02	7.015366736211654797e-02
1.031896386572671872e+03	2.739899830248626600e-01	1.774521041839095259e-01	2.387771652789878740e-01	1.431948782741016279e-01	6.889899442573818589e-02	2.747102486632927928e-02	7.021584994592194873e-02
1.033347717636768493e+03	2.737428940899936936e-01	1.772919975221050326e-01	2.389543074607091699e-01	1.432957114531353826e-01	6.894009503992901133e-02	2.749706679993204825e-02	7.027792763404672183e-02
1.034799048700865114e+03	2.734962400432969787e-01	1.771321499556924584e-01	2.391311474674721049e-01	1.433963561993402691e-01	6.898112681088151843e-02	2.752307891451812039e-02	7.033990060864957206e-02
1.036250379764961508e+03	2.732500201022884379e-01	1.769725610780248093e-01	2.393076857999959783e-01	1.434968129028997841e-01	6.902208985988532441e-02	2.754906120518463980e-02	7.040176905157206899e-02
1.037701710829058356e+03	2.730042334859479891e-01	1.768132304830521695e-01	2.394839229581871010e-01	1.435970819531099674e-01	6.906298430794814702e-02	2.757501366726678241e-02	7.046353314433895232e-02
1.039153041893154750e+03	2.727588794147164375e-01	1.766541577653207018e-01	2.396598594411403493e-01	1.436971637383812894e-01	6.910381027579748370e-02	2.760093629633628490e-02	7.052519306815854816e-02
1.040604372957251599e+03	2.725139571104927549e-01	1.764953425199721759e-01	2.398354957471402482e-01	1.437970586462405387e-01	6.914456788388226305e-02	2.762682908819999450e-02	7.058674900392317153e-02
1.042055704021347992e+03	2.722694657966310272e-01	1.763367843427430803e-01	2.400108323736622751e-01	1.438967670633324869e-01	6.918525725237446855e-02	2.765269203889841876e-02	7.064820113220945941e-02
1.043507035085444613e+03	2.720254046979374007e-01	1.761784828299639560e-01	2.401858698173741369e-01	1.439962893754218876e-01	6.922587850117070674e-02	2.767852514470429265e-02	7.070954963327880094e-02
1.044958366149541234e+03	2.717817730406675292e-01	1.760204375785585362e-01	2.403606085741371579e-01	1.440956259673952522e-01	6.926643174989385865e-02	2.770432840212114570e-02	7.077079468707772603e-02
1.046409697213637855e+03	2.715385700525232981e-01	1.758626481860431634e-01	2.405350491390073620e-01	1.441947772232626823e-01	6.930691711789457865e-02	2.773010180788187951e-02	7.083193647323826614e-02
1.047861028277734476e+03	2.712957949626502163e-01	1.757051142505259567e-01	2.407091920062367774e-01	1.442937435261597567e-01	6.934733472425287648e-02	2.775584535894736263e-02	7.089297517107835678e-02
1.049312359341831097e+03	2.710534470016341402e-01	1.755478353707060069e-01	2.408830376692748243e-01	1.443925252583493912e-01	6.938768468777964382e-02	2.778155905250501850e-02	7.095391095960222605e-02
1.050763690405927491e+03	2.708115254014989981e-01	1.753908111458727659e-01	2.410565866207694807e-01	1.444911228012236426e-01	6.942796712701812534e-02	2.780724288596744462e-02	7.101474401750085264e-02
1.052215021470024112e+03	2.705700293957032931e-01	1.752340411759052141e-01	2.412298393525685036e-01	1.445895365353055961e-01	6.946818216024544523e-02	2.783289685697101432e-02	7.107547452315225722e-02
1.053666352534120733e+03	2.703289582191376050e-01	1.750775250612711942e-01	2.414027963557207612e-01	1.446877668402512251e-01	6.950832990547407830e-02	2.785852096337449596e-02	7.113610265462204374e-02
1.055117683598217127e+03	2.700883111081214816e-01	1.749212624030265784e-01	2.415754581204774543e-01	1.447858140948512229e-01	6.954841048045326546e-02	2.788411520325769985e-02	7.119662858966369079e-02
1.056569014662313975e+03	2.698480873004008851e-01	1.747652528028146302e-01	2.417478251362934205e-01	1.448836786770328899e-01	6.958842400267049866e-02	2.790967957492009391e-02	7.125705250571900962e-02
1.058020345726410369e+03	2.696082860351450283e-01	1.746094958628651994e-01	2.419198978918283005e-01	1.449813609638619660e-01	6.962837058935292256e-02	2.793521407687947489e-02	7.131737457991854656e-02
1.059471676790506763e+03	2.693689065529437654e-01	1.744539911859940007e-01	2.420916768749478143e-01	1.450788613315444897e-01	6.966825035746870842e-02	2.796071870787060834e-02	7.137759498908202715e-02
1.060923007854603611e+03	2.691299480958045942e-01	1.742987383756018915e-01	2.422631625727251214e-01	1.451761801554287135e-01	6.970806342372846964e-02	2.798619346684388248e-02	7.143771390971873081e-02
1.062374338918700232e+03	2.688914099071499364e-01	1.741437370356740955e-01	2.424343554714419036e-01	1.452733178100069911e-01	6.974780990458660790e-02	2.801163835296400367e-02	7.149773151802790716e-02
1.063825669982796853e+03	2.686532912318142508e-01	1.739889867707794802e-01	2.426052560565896965e-01	1.453702746689174707e-01	6.978748991624267317e-02	2.803705336560865374e-02	7.155764798989923403e-02
1.065277001046893474e+03	2.684155913160412021e-01	1.738344871860698915e-01	2.427758648128710839e-01	1.454670511049462045e-01	6.982710357464270989e-02	2.806243850436718895e-02	7.161746350091320601e-02
1.066728332110990095e+03	2.681783094074809415e-01	1.736802378872793207e-01	2.429461822242010294e-01	1.455636474900288413e-01	6.986665099548056146e-02	2.808779376903931813e-02	7.167717822634156466e-02
1.068179663175086489e+03	2.679414447551870526e-01	1.735262384807232383e-01	2.431162087737080146e-01	1.456600641952525421e-01	6.990613229419920249e-02	2.811311915963382937e-02	7.173679234114774261e-02
1.069630994239183110e+03	2.677049966096141653e-01	1.733724885732977339e-01	2.432859449437353716e-01	1.457563015908579229e-01	6.994554758599194622e-02	2.813841467636726823e-02	7.179630601998726602e-02
1.071082325303279504e+03	2.674689642226147912e-01	1.732189877724789606e-01	2.434553912158423927e-01	1.458523600462408032e-01	6.998489698580383223e-02	2.816368031966268518e-02	7.185571943720821253e-02
1.072533656367376352e+03	2.672333468474367701e-01	1.730657356863223029e-01	2.436245480708056632e-01	1.459482399299542044e-01	7.002418060833280611e-02	2.818891609014833807e-02	7.191503276685162760e-02
1.073984987431472746e+03	2.669981437387203282e-01	1.729127319234616267e-01	2.437934159886203100e-01	1.460439416097100984e-01	7.006339856803095456e-02	2.821412198865643622e-02	7.197424618265192697e-02
1.075436318495569594e+03	2.667633541524954688e-01	1.727599760931086692e-01	2.439619954485011677e-01	1.461394654523813785e-01	7.010255097910580990e-02	2.823929801622186361e-02	7.203335985803738239e-02
1.076887649559666215e+03	2.665289773461789191e-01	1.726074678050520950e-01	2.441302869288839716e-01	1.462348118240037464e-01	7.014163795552147418e-02	2.826444417408095072e-02	7.209237396613053794e-02
1.078338980623762609e+03	2.662950125785717992e-01	1.724552066696569408e-01	2.442982909074267461e-01	1.463299810897774333e-01	7.018065961099990979e-02	2.828956046367020472e-02	7.215128867974864024e-02
1.079790311687859230e+03	2.660614591098565129e-01	1.723031922978638386e-01	2.444660078610108589e-01	1.464249736140692537e-01	7.021961605902203585e-02	2.831464688662508125e-02	7.221010417140409643e-02
1.081241642751955851e+03	2.658283162015941947e-01	1.721514243011882661e-01	2.446334382657423256e-01	1.465197897604143540e-01	7.025850741282894940e-02	2.833970344477875977e-02	7.226882061330489049e-02
1.082692973816052472e+03	2.655955831167217673e-01	1.719999022917198250e-01	2.448005825969529481e-01	1.466144298915181554e-01	7.029733378542307731e-02	2.836473014016089797e-02	7.232743817735504122e-02
1.084144304880149093e+03	2.653632591195494439e-01	1.718486258821214918e-01	2.449674413292017017e-01	1.467088943692582415e-01	7.033609528956932810e-02	2.838972697499643136e-02	7.238595703515506019e-02
1.085595635944245487e+03	2.651313434757579524e-01	1.716975946856289237e-01	2.451340149362758181e-01	1.468031835546861064e-01	7.037479203779620218e-02	2.841469395170435897e-02	7.244437735800236811e-02
1.087046967008342108e+03	2.648998354523955379e-01	1.715468083160497370e-01	2.453003038911920342e-01	1.468972978080292369e-01	7.041342414239694369e-02	2.843963107289652903e-02	7.250269931689175273e-02
1.088498298072438729e+03	2.646687343178756313e-01	1.713962663877627024e-01	2.454663086661977578e-01	1.469912374886927497e-01	7.045199171543059524e-02	2.846453834137646979e-02	7.256092308251584078e-02
1.089949629136535123e+03	2.644380393419739073e-01	1.712459685157171618e-01	2.456320297327723723e-01	1.470850029552615013e-01	7.049049486872316361e-02	2.848941576013816132e-02	7.261904882526551419e-02
1.091400960200631971e+03	2.642077497958256749e-01	1.710959143154320850e-01	2.457974675616284299e-01	1.471785945655017247e-01	7.052893371386864674e-02	2.851426333236487323e-02	7.267707671523034041e-02
1.092852291264728365e+03	2.639778649519231579e-01	1.709461034029955140e-01	2.459626226227127344e-01	1.472720126763631121e-01	7.056730836223011616e-02	2.853908106142800244e-02	7.273500692219912744e-02
1.094303622328825213e+03	2.637483840841126637e-01	1.707965353950638976e-01	2.461274953852077285e-01	1.473652576439805628e-01	7.060561892494075786e-02	2.856386895088587272e-02	7.279283961566025696e-02
1.095754953392921607e+03	2.635193064675922514e-01	1.706472099088611472e-01	2.462920863175326325e-01	1.474583298236760154e-01	7.064386551290496863e-02	2.858862700448258978e-02	7.285057496480219774e-02
1.097206284457018228e+03	2.632906313789085684e-01	1.704981265621780262e-01	2.464563958873445537e-01	1.475512295699604182e-01	7.068204823679934135e-02	2.861335522614687904e-02	7.290821313851397756e-02
1.098657615521114849e+03	2.630623580959546293e-01	1.703492849733714842e-01	2.466204245615398194e-01	1.476439572365356168e-01	7.072016720707367810e-02	2.863805361999094759e-02	7.296575430538558560e-02
1.100108946585211470e+03	2.628344858979669296e-01	1.702006847613638241e-01	2.467841728062550588e-01	1.477365131762960748e-01	7.075822253395207262e-02	2.866272219030931850e-02	7.302319863370847208e-02
1.101560277649308091e+03	2.626070140655227259e-01	1.700523255456420357e-01	2.469476410868685634e-01	1.478288977413309002e-01	7.079621432743381237e-02	2.868736094157770672e-02	7.308054629147599235e-02
1.103011608713404712e+03	2.623799418805375372e-01	1.699042069462571303e-01	2.471108298680013138e-01	1.479211112829255936e-01	7.083414269729444712e-02	2.871196987845189494e-02	7.313779744638387870e-02
1.104462939777501106e+03	2.621532686262623701e-01	1.697563285838232516e-01	2.472737396135182286e-01	1.480131541515639637e-01	7.087200775308673262e-02	2.873654900576659912e-02	7.319495226583067060e-02
1.105914270841597499e+03	2.619269935872811650e-01	1.696086900795171493e-01	2.474363707865294137e-01	1.481050266969300422e-01	7.090980960414157430e-02	2.876109832853434439e-02	7.325201091691822819e-02
1.107365601905694348e+03	2.617011160495080757e-01	1.694612910550772344e-01	2.475987238493912446e-01	1.481967292679098325e-01	7.094754835956902650e-02	2.878561785194437214e-02	7.330897356645213470e-02
1.108816932969790741e+03	2.614756353001848610e-01	1.693141311328031362e-01	2.477607992637076983e-01	1.482882622125932248e-01	7.098522412825922223e-02	2.881010758136152289e-02	7.336584038094219606e-02
1.110268264033887590e+03	2.612505506278784417e-01	1.691672099355547576e-01	2.479225974903314367e-01	1.483796258782758837e-01	7.102283701888328915e-02	2.883456752232513645e-02	7.342261152660291279e-02
1.111719595097984211e+03	2.610258613224780144e-01	1.690205270867516374e-01	2.480841189893649712e-01	1.484708206114610241e-01	7.106038713989429323e-02	2.885899768054795908e-02	7.347928716935391014e-02
1.113170926162080832e+03	2.608015666751924977e-01	1.688740822103722838e-01	2.482453642201619681e-01	1.485618467578614099e-01	7.109787459952816857e-02	2.888339806191505751e-02	7.353586747482042385e-02
1.114622257226177226e+03	2.605776659785480343e-01	1.687278749309532866e-01	2.484063336413283030e-01	1.486527046624010195e-01	7.113529950580459171e-02	2.890776867248273652e-02	7.359235260833378589e-02
1.116073588290273847e+03	2.603541585263853264e-01	1.685819048735887893e-01	2.485670277107232817e-01	1.487433946692170716e-01	7.117266196652786980e-02	2.893210951847747028e-02	7.364874273493185464e-02
1.117524919354370468e+03	2.601310436138571380e-01	1.684361716639297124e-01	2.487274468854608900e-01	1.488339171216617740e-01	7.120996208928787041e-02	2.895642060629482345e-02	7.370503801935952837e-02
1.118976250418467089e+03	2.599083205374253525e-01	1.682906749281829206e-01	2.488875916219108475e-01	1.489242723623042108e-01	7.124719998146085420e-02	2.898070194249839637e-02	7.376123862606913384e-02
1.120427581482563710e+03	2.596859885948588631e-01	1.681454142931106677e-01	2.490474623756998296e-01	1.490144607329322024e-01	7.128437575021037698e-02	2.900495353381875654e-02	7.381734471922102303e-02
1.121878912546660331e+03	2.594640470852306313e-01	1.680003893860298469e-01	2.492070596017127437e-01	1.491044825745540536e-01	7.132148950248813624e-02	2.902917538715240470e-02	7.387335646268387845e-02
1.123330243610756725e+03	2.592424953089153550e-01	1.678555998348112144e-01	2.493663837540937289e-01	1.491943382274005248e-01	7.135854134503480384e-02	2.905336750956070968e-02	7.392927402003532378e-02
1.124781574674853118e+03	2.590213325675868039e-01	1.677110452678786667e-01	2.495254352862474601e-01	1.492840280309266909e-01	7.139553138438085866e-02	2.907752990826887804e-02	7.398509755456235404e-02
1.126232905738949967e+03	2.588005581642151554e-01	1.675667253142086033e-01	2.496842146508402305e-01	1.493735523238135798e-01	7.143245972684747480e-02	2.910166259066492359e-02	7.404082722926175197e-02
1.127684236803046360e+03	2.585801714030646625e-01	1.674226396033291764e-01	2.498427222998011454e-01	1.494629114439702533e-01	7.146932647854727094e-02	2.912576556429863350e-02	7.409646320684064313e-02
1.129135567867143209e+03	2.583601715896908790e-01	1.672787877653195421e-01	2.500009586843233156e-01	1.495521057285354172e-01	7.150613174538518468e-02	2.914983883688053792e-02	7.415200564971691222e-02
1.130586898931239830e+03	2.581405580309382719e-01	1.671351694308092217e-01	2.501589242548649672e-01	1.496411355138795030e-01	7.154287563305920805e-02	2.917388241628090725e-02	7.420745472001967491e-02
1.132038229995336451e+03	2.579213300349376126e-01	1.669917842309773248e-01	2.503166194611506912e-01	1.497300011356063054e-01	7.157955824706126180e-02	2.919789631052873910e-02	7.426281057958980525e-02
1.133489561059432845e+03	2.577024869111034788e-01	1.668486317975518829e-01	2.504740447521724422e-01	1.498187029285548977e-01	7.161617969267795869e-02	2.922188052781073478e-02	7.431807338998036583e-02
1.134940892123529466e+03	2.574840279701315904e-01	1.667057117628091001e-01	2.506312005761909267e-01	1.499072412268014076e-01	7.165274007499135289e-02	2.924583507647031053e-02	7.437324331245706577e-02
1.136392223187626087e+03	2.572659525239965883e-01	1.665630237595726870e-01	2.507880873807365463e-01	1.499956163636608497e-01	7.168923949887974489e-02	2.926975996500661217e-02	7.442832050799878807e-02
1.137843554251722708e+03	2.570482598859491485e-01	1.664205674212130559e-01	2.509447056126105635e-01	1.500838286716890679e-01	7.172567806901843090e-02	2.929365520207350554e-02	7.448330513729801983e-02
1.139294885315819101e+03	2.568309493705138169e-01	1.662783423816467376e-01	2.511010557178864344e-01	1.501718784826843456e-01	7.176205588988046613e-02	2.931752079647860498e-02	7.453819736076132407e-02
1.140746216379915950e+03	2.566140202934862335e-01	1.661363482753356324e-01	2.512571381419108629e-01	1.502597661276894314e-01	7.179837306573741418e-02	2.934135675718228115e-02	7.459299733850985326e-02
1.142197547444012343e+03	2.563974719719308570e-01	1.659945847372862604e-01	2.514129533293048557e-01	1.503474919369931773e-01	7.183462970066008257e-02	2.936516309329671032e-02	7.464770523037980721e-02
1.143648878508108737e+03	2.561813037241781887e-01	1.658530514030490399e-01	2.515685017239649435e-01	1.504350562401325087e-01	7.187082589851928605e-02	2.938893981408488218e-02	7.470232119592291886e-02
1.145100209572205586e+03	2.559655148698225524e-01	1.657117479087177048e-01	2.517237837690644020e-01	1.505224593658940901e-01	7.190696176298651265e-02	2.941268692895964224e-02	7.475684539440688448e-02
1.146551540636302207e+03	2.557501047297194852e-01	1.655706738909284437e-01	2.518787999070543071e-01	1.506097016423162405e-01	7.194303739753470095e-02	2.943640444748274118e-02	7.481127798481589097e-02
1.148002871700398828e+03	2.555350726259832395e-01	1.654298289868592620e-01	2.520335505796647002e-01	1.506967833966906811e-01	7.197905290543894774e-02	2.946009237936387734e-02	7.486561912585108780e-02
1.149454202764495449e+03	2.553204178819845072e-01	1.652892128342293154e-01	2.521880362279055876e-01	1.507837049555644238e-01	7.201500838977720198e-02	2.948375073445974950e-02	7.491986897593104489e-02
1.150905533828591842e+03	2.551061398223475885e-01	1.651488250712981332e-01	2.523422572920684948e-01	1.508704666447414078e-01	7.205090395343093090e-02	2.950737952277310283e-02	7.497402769319222449e-02
1.152356864892688463e+03	2.548922377729482269e-01	1.650086653368650069e-01	2.524962142117270214e-01	1.509570687892844709e-01	7.208673969908586943e-02	2.953097875445180945e-02	7.502809543548946691e-02
1.153808195956785084e+03	2.546787110609111116e-01	1.648687332702681585e-01	2.526499074257385069e-01	1.510435117135170424e-01	7.212251572923265852e-02	2.955454843978792476e-02	7.508207236039649013e-02
1.155259527020881706e+03	2.544655590146073787e-01	1.647290285113841568e-01	2.528033373722448074e-01	1.511297957410249193e-01	7.215823214616758075e-02	2.957808858921676110e-02	7.513595862520631996e-02
1.156710858084978327e+03	2.542527809636520586e-01	1.645895507006271408e-01	2.529565044886734615e-01	1.512159211946582094e-01	7.219388905199317086e-02	2.960159921331596833e-02	7.518975438693183133e-02
1.158162189149074720e+03	2.540403762389019104e-01	1.644502994789481254e-01	2.531094092117392447e-01	1.513018883965329131e-01	7.222948654861889584e-02	2.962508032280460751e-02	7.524345980230615072e-02
1.159613520213171569e+03	2.538283441724526468e-01	1.643112744878343912e-01	2.532620519774446133e-01	1.513876976680328390e-01	7.226502473776186264e-02	2.964853192854224884e-02	7.529707502778321127e-02
1.161064851277267962e+03	2.536166840976368242e-01	1.641724753693085959e-01	2.534144332210813699e-01	1.514733493298113520e-01	7.230050372094740108e-02	2.967195404152805221e-02	7.535060021953815523e-02
1.162516182341364356e+03	2.534053953490211786e-01	1.640339017659283027e-01	2.535665533772316071e-01	1.515588437017931223e-01	7.233592359950977158e-02	2.969534667289987565e-02	7.540403553346787524e-02
1.163967513405461204e+03	2.531944772624043494e-01	1.638955533207851201e-01	2.537184128797687621e-01	1.516441811031759568e-01	7.237128447459277580e-02	2.971870983393336274e-02	7.545738112519144447e-02
1.165418844469557826e+03	2.529839291748144370e-01	1.637574296775040072e-01	2.538700121618587269e-01	1.517293618524324927e-01	7.240658644715038117e-02	2.974204353604106149e-02	7.551063715005063015e-02
1.166870175533654447e+03	2.527737504245065603e-01	1.636195304802426642e-01	2.540213516559612916e-01	1.518143862673120570e-01	7.244182961794735920e-02	2.976534779077152568e-02	7.556380376311033764e-02
1.168321506597751068e+03	2.525639403509603587e-01	1.634818553736908098e-01	2.541724317938306998e-01	1.518992546648424147e-01	7.247701408755993779e-02	2.978862260980844404e-02	7.561688111915911004e-02
1.169772837661847461e+03	2.523544982948779380e-01	1.633444040030693767e-01	2.543232530065173136e-01	1.519839673613313791e-01	7.251213995637637022e-02	2.981186800496974515e-02	7.566986937270960001e-02
1.171224168725944082e+03	2.521454235981810399e-01	1.632071760141300121e-01	2.544738157243684462e-01	1.520685246723688655e-01	7.254720732459760124e-02	2.983508398820673008e-02	7.572276867799905553e-02
1.172675499790040703e+03	2.519367156040089317e-01	1.630701710531541893e-01	2.546241203770294725e-01	1.521529269128283901e-01	7.258221629223783611e-02	2.985827057160320153e-02	7.577557918898979172e-02
1.174126830854137097e+03	2.517283736567159091e-01	1.629333887669526526e-01	2.547741673934450501e-01	1.522371743968689017e-01	7.261716695912515118e-02	2.988142776737458955e-02	7.582830105936964882e-02
1.175578161918233945e+03	2.515203971018690199e-01	1.627968288028645849e-01	2.549239572018600075e-01	1.523212674379366138e-01	7.265205942490204905e-02	2.990455558786711196e-02	7.588093444255250564e-02
1.177029492982330339e+03	2.513127852862456213e-01	1.626604908087570245e-01	2.550734902298209539e-01	1.524052063487666420e-01	7.268689378902613851e-02	2.992765404555688957e-02	7.593347949167870981e-02
1.178480824046426733e+03	2.511055375578309379e-01	1.625243744330241435e-01	2.552227669041766678e-01	1.524889914413847802e-01	7.272167015077064811e-02	2.995072315304911706e-02	7.598593635961560511e-02
1.179932155110523581e+03	2.508986532658160629e-01	1.623884793245865821e-01	2.553717876510798179e-01	1.525726230271093331e-01	7.275638860922499507e-02	2.997376292307720597e-02	7.603830519895796169e-02
1.181383486174620202e+03	2.506921317605949051e-01	1.622528051328906706e-01	2.555205528959877959e-01	1.526561014165526975e-01	7.279104926329545144e-02	2.999677336850193124e-02	7.609058616202850345e-02
1.182834817238716823e+03	2.504859723937625793e-01	1.621173515079078198e-01	2.556690630636638262e-01	1.527394269196231946e-01	7.282565221170558822e-02	3.001975450231061590e-02	7.614277940087833818e-02
1.184286148302813444e+03	2.502801745181126858e-01	1.619821181001338262e-01	2.558173185781780767e-01	1.528225998455268186e-01	7.286019755299695533e-02	3.004270633761627410e-02	7.619488506728742949e-02
1.185737479366910065e+03	2.500747374876349238e-01	1.618471045605880676e-01	2.559653198629087689e-01	1.529056205027689019e-01	7.289468538552955346e-02	3.006562888765680272e-02	7.624690331276516575e-02
1.187188810431006686e+03	2.498696606575128709e-01	1.617123105408130035e-01	2.561130673405432323e-01	1.529884891991558360e-01	7.292911580748244471e-02	3.008852216579412792e-02	7.629883428855067928e-02
1.188640141495103080e+03	2.496649433841216792e-01	1.615777356928732866e-01	2.562605614330791814e-01	1.530712062417968755e-01	7.296348891685426608e-02	3.011138618551340365e-02	7.635067814561345700e-02
1.190091472559199701e+03	2.494605850250257717e-01	1.614433796693552359e-01	2.564078025618256040e-01	1.531537719371058037e-01	7.299780481146379840e-02	3.013422096042219639e-02	7.640243503465375674e-02
1.191542803623296322e+03	2.492565849389762611e-01	1.613092421233661145e-01	2.565547911474038156e-01	1.532361865908027088e-01	7.303206358895049377e-02	3.015702650424965936e-02	7.645410510610306520e-02
1.192994134687392716e+03	2.490529424859090346e-01	1.611753227085332973e-01	2.567015276097489029e-01	1.533184505079155380e-01	7.306626534677503060e-02	3.017980283084573112e-02	7.650568851012463922e-02
1.194445465751489564e+03	2.488496570269421171e-01	1.610416210790037994e-01	2.568480123681103899e-01	1.534005639927819298e-01	7.310041018221979936e-02	3.020254995418033758e-02	7.655718539661392208e-02
1.195896796815585958e+03	2.486467279243734507e-01	1.609081368894433872e-01	2.569942458410534036e-01	1.534825273490509623e-01	7.313449819238947158e-02	3.022526788834257322e-02	7.660859591519900147e-02
1.197348127879682352e+03	2.484441545416787023e-01	1.607748697950361072e-01	2.571402284464601173e-01	1.535643408796847353e-01	7.316852947421152720e-02	3.024795664753992391e-02	7.665992021524117850e-02
1.198799458943779200e+03	2.482419362435089316e-01	1.606418194514833697e-01	2.572859606015304168e-01	1.536460048869601469e-01	7.320250412443674026e-02	3.027061624609746551e-02	7.671115844583534238e-02
1.200250790007875821e+03	2.480400723956881215e-01	1.605089855150034772e-01	2.574314427227830659e-01	1.537275196724705584e-01	7.323642223963967857e-02	3.029324669845707627e-02	7.676231075581045615e-02
1.201702121071972442e+03	2.478385623652111236e-01	1.603763676423307916e-01	2.575766752260569836e-01	1.538088855371275154e-01	7.327028391621930037e-02	3.031584801917665967e-02	7.681337729373009793e-02
1.203153452136069063e+03	2.476374055202412161e-01	1.602439654907150679e-01	2.577216585265121873e-01	1.538901027811624134e-01	7.330408925039935686e-02	3.033842022292935342e-02	7.686435820789286333e-02
1.204604783200165684e+03	2.474366012301079665e-01	1.601117787179208440e-01	2.578663930386308478e-01	1.539711717041281902e-01	7.333783833822894727e-02	3.036096332450276269e-02	7.691525364633289286e-02
1.206056114264262078e+03	2.472361488653048722e-01	1.599798069822268021e-01	2.580108791762183995e-01	1.540520926049009365e-01	7.337153127558301846e-02	3.038347733879818990e-02	7.696606375682026047e-02
1.207507445328358699e+03	2.470360477974870295e-01	1.598480499424248247e-01	2.581551173524046505e-01	1.541328657816817549e-01	7.340516815816282292e-02	3.040596228082986102e-02	7.701678868686154256e-02
1.208958776392455093e+03	2.468362973994690512e-01	1.597165072578196343e-01	2.582991079796447265e-01	1.542134915319982313e-01	7.343874908149644609e-02	3.042841816572415883e-02	7.706742858370023430e-02
1.210410107456551941e+03	2.466368970452226805e-01	1.595851785882279050e-01	2.584428514697202917e-01	1.542939701527062391e-01	7.347227414093929210e-02	3.045084500871887701e-02	7.711798359431723537e-02
1.211861438520648335e+03	2.464378461098745143e-01	1.594540635939776796e-01	2.585863482337406039e-01	1.543743019399915206e-01	7.350574343167451397e-02	3.047324282516245333e-02	7.716845386543129404e-02
1.213312769584745183e+03	2.462391439697038109e-01	1.593231619359076479e-01	2.587295986821434579e-01	1.544544871893714644e-01	7.353915704871351322e-02	3.049561163051321688e-02	7.721883954349950674e-02
1.214764100648841804e+03	2.460407900021402972e-01	1.591924732753664529e-01	2.588726032246962960e-01	1.545345261956966310e-01	7.357251508689646724e-02	3.051795144033864898e-02	7.726914077471777609e-02
1.216215431712937971e+03	2.458427835857618371e-01	1.590619972742120247e-01	2.590153622704974290e-01	1.546144192531525019e-01	7.360581764089274559e-02	3.054026227031463384e-02	7.731935770502132432e-02
1.217666762777034819e+03	2.456451241002922947e-01	1.589317335948109700e-01	2.591578762279769799e-01	1.546941666552611727e-01	7.363906480520135411e-02	3.056254413622471258e-02	7.736949048008506802e-02
1.219118093841131440e+03	2.454478109265991193e-01	1.588016819000378776e-01	2.593001455048977721e-01	1.547737686948827962e-01	7.367225667415149004e-02	3.058479705395935472e-02	7.741953924532414544e-02
1.220569424905228061e+03	2.452508434466914300e-01	1.586718418532745423e-01	2.594421705083566621e-01	1.548532256642174421e-01	7.370539334190291669e-02	3.060702103951522604e-02	7.746950414589441614e-02
1.222020755969324682e+03	2.450542210437174628e-01	1.585422131184093253e-01	2.595839516447854822e-01	1.549325378548066789e-01	7.373847490244643532e-02	3.062921610899445313e-02	7.751938532669283566e-02
1.223472087033421303e+03	2.448579431019625718e-01	1.584127953598365168e-01	2.597254893199520964e-01	1.550117055575352121e-01	7.377150144960434308e-02	3.065138227860390863e-02	7.756918293235802453e-02
1.224923418097517697e+03	2.446620090068469811e-01	1.582835882424556972e-01	2.598667839389614542e-01	1.550907290626324375e-01	7.380447307703090487e-02	3.067351956465447227e-02	7.761889710727065683e-02
1.226374749161614318e+03	2.444664181449235363e-01	1.581545914316710155e-01	2.600078359062567568e-01	1.551696086596742186e-01	7.383738987821276967e-02	3.069562798356033351e-02	7.766852799555395981e-02
1.227826080225710712e+03	2.442711699038755402e-01	1.580258045933904676e-01	2.601486456256202895e-01	1.552483446375844123e-01	7.387025194646942849e-02	3.071770755183825946e-02	7.771807574107418570e-02
1.229277411289807560e+03	2.440762636725145318e-01	1.578972273940253135e-01	2.602892135001745877e-01	1.553269372846365348e-01	7.390305937495364463e-02	3.073975828610690103e-02	7.776754048744104197e-02
1.230728742353903954e+03	2.438816988407780939e-01	1.577688595004893557e-01	2.604295399323836024e-01	1.554053868884553435e-01	7.393581225665189771e-02	3.076178020308607125e-02	7.781692237800823253e-02
1.232180073418000802e+03	2.436874747997276880e-01	1.576407005801982730e-01	2.605696253240534777e-01	1.554836937360185023e-01	7.396851068438480004e-02	3.078377331959605140e-02	7.786622155587380467e-02
1.233631404482097196e+03	2.434935909415464617e-01	1.575127503010689545e-01	2.607094700763337713e-01	1.555618581136582190e-01	7.400115475080756844e-02	3.080573765255688670e-02	7.791543816388070420e-02
1.235082735546193817e+03	2.433000466595371114e-01	1.573850083315188331e-01	2.608490745897186769e-01	1.556398803070626891e-01	7.403374454841038510e-02	3.082767321898769938e-02	7.796457234461721952e-02
1.236534066610290438e+03	2.431068413481196344e-01	1.572574743404652198e-01	2.609884392640475226e-01	1.557177606012779825e-01	7.406628016951886939e-02	3.084958003600597742e-02	7.801362424041741184e-02
1.237985397674387059e+03	2.429139744028292192e-01	1.571301479973245541e-01	2.611275644985064370e-01	1.557954992807093486e-01	7.409876170629448033e-02	3.087145812082690843e-02	7.806259399336164251e-02
1.239436728738483680e+03	2.427214452203140804e-01	1.570030289720119043e-01	2.612664506916289597e-01	1.558730966291230480e-01	7.413118925073491905e-02	3.089330749076267882e-02	7.811148174527693389e-02
1.240888059802580301e+03	2.425292531983332389e-01	1.568761169349401907e-01	2.614050982412972624e-01	1.559505529296478232e-01	7.416356289467461449e-02	3.091512816322179030e-02	7.816028763773753829e-02
1.242339390866676695e+03	2.423373977357544395e-01	1.567494115570194912e-01	2.615435075447432034e-01	1.560278684647765646e-01	7.419588272978502874e-02	3.093692015570840073e-02	7.820901181206531272e-02
1.243790721930773088e+03	2.421458782325519865e-01	1.566229125096564312e-01	2.616816789985492164e-01	1.561050435163677808e-01	7.422814884757512888e-02	3.095868348582162671e-02	7.825765440933024619e-02
1.245242052994869937e+03	2.419546940898046061e-01	1.564966194647534614e-01	2.618196129986495313e-01	1.561820783656472922e-01	7.426036133939178940e-02	3.098041817125488789e-02	7.830621557035084834e-02
1.246693384058966330e+03	2.417638447096932264e-01	1.563705320947083033e-01	2.619573099403309513e-01	1.562589732932098685e-01	7.429252029642020860e-02	3.100212422979522348e-02	7.835469543569467676e-02
1.248144715123063179e+03	2.415733294954989507e-01	1.562446500724131715e-01	2.620947702182341854e-01	1.563357285790205886e-01	7.432462580968425547e-02	3.102380167932264690e-02	7.840309414567875335e-02
1.249596046187159800e+03	2.413831478516008378e-01	1.561189730712541635e-01	2.622319942263545700e-01	1.564123445024165893e-01	7.435667797004691382e-02	3.104545053780946584e-02	7.845141184037003612e-02
1.251047377251256421e+03	2.411932991834738749e-01	1.559935007651105376e-01	2.623689823580433456e-01	1.564888213421086749e-01	7.438867686821067082e-02	3.106707082331963687e-02	7.849964865958587723e-02
1.252498708315352815e+03	2.410037828976867580e-01	1.558682328283541307e-01	2.625057350060086003e-01	1.565651593761826776e-01	7.442062259471787788e-02	3.108866255400810630e-02	7.854780474289443926e-02
1.253950039379449436e+03	2.408145984018998376e-01	1.557431689358486915e-01	2.626422525623163251e-01	1.566413588821012337e-01	7.445251523995118081e-02	3.111022574812015787e-02	7.859588022961525033e-02
1.255401370443546057e+03	2.406257451048629814e-01	1.556183087629491590e-01	2.627785354183911903e-01	1.567174201367051989e-01	7.448435489413386679e-02	3.113176042399077095e-02	7.864387525881953722e-02
1.256852701507642678e+03	2.404372224164133820e-01	1.554936519855010246e-01	2.629145839650179339e-01	1.567933434162152584e-01	7.451614164733030843e-02	3.115326660004396481e-02	7.869178996933078041e-02
1.258304032571739299e+03	2.402490297474736691e-01	1.553691982798396931e-01	2.630503985923422494e-01	1.568691289962335367e-01	7.454787558944626913e-02	3.117474429479217060e-02	7.873962449972507494e-02
1.259755363635835920e+03	2.400611665100496062e-01	1.552449473227897891e-01	2.631859796898716186e-01	1.569447771517449852e-01	7.457955681022937489e-02	3.119619352683557917e-02	7.878737898833167164e-02
1.261206694699932314e+03	2.398736321172280639e-01	1.551208987916645465e-01	2.633213276464765884e-01	1.570202881571191311e-01	7.461118539926937798e-02	3.121761431486151997e-02	7.883505357323339346e-02
1.262658025764028707e+03	2.396864259831749389e-01	1.549970523642650866e-01	2.634564428503916034e-01	1.570956622861114649e-01	7.464276144599862883e-02	3.123900667764381925e-02	7.888264839226707958e-02
1.264109356828125556e+03	2.394995475231330440e-01	1.548734077188797797e-01	2.635913256892161161e-01	1.571708998118650225e-01	7.467428503969239517e-02	3.126037063404217553e-02	7.893016358302404334e-02
1.265560687892221949e+03	2.393129961534201100e-01	1.547499645342836905e-01	2.637259765499155861e-01	1.572460010069119118e-01	7.470575626946926451e-02	3.128170620300153165e-02	7.897759928285050246e-02
1.267012018956318798e+03	2.391267712914265375e-01	1.546267224897377446e-01	2.638603958188224241e-01	1.573209661431749229e-01	7.473717522429147719e-02	3.130301340355146067e-02	7.902495562884806479e-02
1.268463350020415419e+03	2.389408723556135372e-01	1.545036812649881741e-01	2.639945838816370460e-01	1.573957954919688873e-01	7.476854199296530112e-02	3.132429225480554136e-02	7.907223275787420014e-02
1.269914681084511813e+03	2.387552987655108261e-01	1.543808405402658790e-01	2.641285411234288727e-01	1.574704893240023718e-01	7.479985666414143419e-02	3.134554277596073718e-02	7.911943080654260108e-02
1.271366012148608434e+03	2.385700499417147402e-01	1.542581999962856776e-01	2.642622679286373844e-01	1.575450479093790657e-01	7.483111932631530960e-02	3.136676498629679261e-02	7.916654991122368257e-02
1.272817343212705055e+03	2.383851253058861530e-01	1.541357593142458071e-01	2.643957646810730644e-01	1.576194715175993910e-01	7.486233006782748445e-02	3.138795890517562248e-02	7.921359020804506768e-02
1.274268674276801676e+03	2.382005242807483381e-01	1.540135181758271188e-01	2.645290317639184541e-01	1.576937604175619734e-01	7.489348897686397277e-02	3.140912455204068754e-02	7.926055183289197614e-02
1.275720005340898297e+03	2.380162462900849707e-01	1.538914762631925504e-01	2.646620695597290962e-01	1.577679148775651685e-01	7.492459614145666191e-02	3.143026194641643234e-02	7.930743492140768236e-02
1.277171336404994690e+03	2.378322907587381296e-01	1.537696332589863213e-01	2.647948784504344233e-01	1.578419351653085057e-01	7.495565164948356229e-02	3.145137110790763996e-02	7.935423960899397333e-02
1.278622667469091539e+03	2.376486571126061320e-01	1.536479888463334054e-01	2.649274588173391454e-01	1.579158215478941862e-01	7.498665558866926539e-02	3.147245205619884911e-02	7.940096603081159277e-02
1.280073998533187932e+03	2.374653447786415350e-01	1.535265427088388923e-01	2.650598110411237496e-01	1.579895742918287771e-01	7.501760804658519355e-02	3.149350481105377825e-02	7.944761432178069904e-02
1.281525329597284326e+03	2.372823531848492484e-01	1.534052945305871829e-01	2.651919355018457769e-01	1.580631936630244039e-01	7.504850911065004404e-02	3.151452939231472183e-02	7.949418461658126767e-02
1.282976660661381175e+03	2.370996817602842588e-01	1.532842439961415171e-01	2.653238325789408769e-01	1.581366799268004164e-01	7.507935886813003890e-02	3.153552581990194670e-02	7.954067704965357699e-02
1.284427991725477568e+03	2.369173299350497697e-01	1.531633907905432801e-01	2.654555026512235849e-01	1.582100333478849152e-01	7.511015740613931346e-02	3.155649411381312996e-02	7.958709175519862455e-02
1.285879322789574417e+03	2.367352971402951756e-01	1.530427345993112531e-01	2.655869460968884321e-01	1.582832541904160562e-01	7.514090481164029112e-02	3.157743429412276925e-02	7.963342886717859892e-02
1.287330653853671038e+03	2.365535828082139247e-01	1.529222751084410581e-01	2.657181632935110005e-01	1.583563427179437433e-01	7.517160117144394693e-02	3.159834638098159981e-02	7.967968851931725438e-02
1.288781984917767431e+03	2.363721863720416871e-01	1.528020120044045194e-01	2.658491546180488108e-01	1.584292991934309058e-01	7.520224657221016851e-02	3.161923039461601165e-02	7.972587084510042443e-02
1.290233315981864052e+03	2.361911072660541622e-01	1.526819449741489976e-01	2.659799204468422107e-01	1.585021238792551079e-01	7.523284110044814454e-02	3.164008635532748748e-02	7.977197597777643812e-02
