1.001418434226643626e+03	2.858139612063605450e-01	1.691196450203870383e-01	2.343491227732288906e-01	1.420195313438749052e-01	6.959823133168342724e-02	2.814481614870616849e-02	7.095469217573477372e-02
1.003837319333471214e+03	2.853738184239710263e-01	1.688577551780866270e-01	2.346379043264621156e-01	1.421988694160529476e-01	6.967231441901726441e-02	2.819015192953679486e-02	7.106918630684889993e-02
1.006256204440298802e+03	2.849349475464109105e-01	1.685966221606661208e-01	2.349258020422175797e-01	1.423776888493522852e-01	6.974618751042757636e-02	2.823539503125607406e-02	7.118335685964520543e-02
1.008675089547126618e+03	2.844973448874054678e-01	1.683362437744463092e-01	2.352128186120487907e-01	1.425559913296542414e-01	6.981985124818895772e-02	2.828054549784483895e-02	7.129720465038714983e-02
1.011093974653954206e+03	2.840610067714517406e-01	1.680766178321604631e-01	2.354989567189096356e-01	1.427337785356709299e-01	6.989330627223562520e-02	2.832560337462607450e-02	7.141073049492130398e-02
1.013512859760782021e+03	2.836259295337858477e-01	1.678177421529349067e-01	2.357842190371894353e-01	1.429110521389920785e-01	6.996655322017328316e-02	2.837056870825075197e-02	7.152393520864946952e-02
1.015931744867609382e+03	2.831921095203507877e-01	1.675596145622698652e-01	2.360686082327478896e-01	1.430878138041312142e-01	7.003959272729096130e-02	2.841544154668378813e-02	7.163681960650122860e-02
1.018350629974437197e+03	2.827595430877641314e-01	1.673022328920202029e-01	2.363521269629496879e-01	1.432640651885717098e-01	7.011242542657274146e-02	2.846022193919010151e-02	7.174938450290706260e-02
1.020769515081264785e+03	2.823282266032862142e-01	1.670455949803765217e-01	2.366347778766988708e-01	1.434398079428120254e-01	7.018505194870931774e-02	2.850490993632080750e-02	7.186163071177194273e-02
1.023188400188092373e+03	2.818981564447879395e-01	1.667896986718457042e-01	2.369165636144728027e-01	1.436150437104107835e-01	7.025747292210964001e-02	2.854950558989950357e-02	7.197355904644930913e-02
1.025607285294920075e+03	2.814693290007189708e-01	1.665345418172323733e-01	2.371974868083563948e-01	1.437897741280313724e-01	7.032968897291227983e-02	2.859400895300868647e-02	7.208517031971564681e-02
1.028026170401747549e+03	2.810417406700760901e-01	1.662801222736196571e-01	2.374775500820754393e-01	1.439640008254860493e-01	7.040170072499686571e-02	2.863842007997626643e-02	7.219646534374538072e-02
1.030445055508575479e+03	2.806153878623714459e-01	1.660264379043504823e-01	2.377567560510302214e-01	1.441377254257797114e-01	7.047350879999532414e-02	2.868273902636222020e-02	7.230744493008638141e-02
1.032863940615402726e+03	2.801902669976010229e-01	1.657734865790086720e-01	2.380351073223286873e-01	1.443109495451531388e-01	7.054511381730312058e-02	2.872696584894531349e-02	7.241810988963576223e-02
1.035282825722230655e+03	2.797663745062134444e-01	1.655212661734002944e-01	2.383126064948193901e-01	1.444836747931260990e-01	7.061651639409033399e-02	2.877110060570996913e-02	7.252846103261625932e-02
1.037701710829058356e+03	2.793437068290781644e-01	1.652697745695349829e-01	2.385892561591241301e-01	1.446559027725396740e-01	7.068771714531268957e-02	2.881514335583323233e-02	7.263849916855293076e-02
1.040120595935886058e+03	2.789222604174546594e-01	1.650190096556072572e-01	2.388650588976706235e-01	1.448276350795985046e-01	7.075871668372255008e-02	2.885909415967182964e-02	7.274822510625034155e-02
1.042539481042713533e+03	2.785020317329612305e-01	1.647689693259780652e-01	2.391400172847247541e-01	1.449988733039124511e-01	7.082951561987976818e-02	2.890295307874935285e-02	7.285763965377017870e-02
1.044958366149541234e+03	2.780830172475438067e-01	1.645196514811561872e-01	2.394141338864225754e-01	1.451696190285379495e-01	7.090011456216242791e-02	2.894672017574355383e-02	7.296674361840926881e-02
1.047377251256368709e+03	2.776652134434451913e-01	1.642710540277798614e-01	2.396874112608022578e-01	1.453398738300190340e-01	7.097051411677764154e-02	2.899039551447371577e-02	7.307553780667799814e-02
1.049796136363196410e+03	2.772486168131742534e-01	1.640231748785984656e-01	2.399598519578357292e-01	1.455096392784279158e-01	7.104071488777209675e-02	2.903397915988815969e-02	7.318402302427909345e-02
1.052215021470024112e+03	2.768332238594750638e-01	1.637760119524541425e-01	2.402314585194600394e-01	1.456789169374051174e-01	7.111071747704264534e-02	2.907747117805184814e-02	7.329220007608691634e-02
1.054633906576851814e+03	2.764190310952963081e-01	1.635295631742635647e-01	2.405022334796086125e-01	1.458477083641993299e-01	7.118052248434678098e-02	2.912087163613406512e-02	7.340006976612706291e-02
1.057052791683679516e+03	2.760060350437610333e-01	1.632838264749997270e-01	2.407721793642423336e-01	1.460160151097070202e-01	7.125013050731303366e-02	2.916418060239623841e-02	7.350763289755633811e-02
1.059471676790506763e+03	2.755942322381358389e-01	1.630387997916739329e-01	2.410412986913803013e-01	1.461838387185113441e-01	7.131954214145132254e-02	2.920739814617983807e-02	7.361489027264318807e-02
1.061890561897334692e+03	2.751836192218009014e-01	1.627944810673175313e-01	2.413095939711304427e-01	1.463511807289210320e-01	7.138875798016312835e-02	2.925052433789438258e-02	7.372184269274840995e-02
1.064309447004162394e+03	2.747741925482194980e-01	1.625508682509640701e-01	2.415770677057199334e-01	1.465180426730087471e-01	7.145777861475172132e-02	2.929355924900553521e-02	7.382849095830630592e-02
1.066728332110990095e+03	2.743659487809080311e-01	1.623079592976313656e-01	2.418437223895254506e-01	1.466844260766491936e-01	7.152660463443229200e-02	2.933650295202332170e-02	7.393483586880614244e-02
1.069147217217817570e+03	2.739588844934060519e-01	1.620657521683034619e-01	2.421095605091031500e-01	1.468503324595567261e-01	7.159523662634188768e-02	2.937935552049041402e-02	7.404087822277409525e-02
1.071566102324645271e+03	2.735529962692461736e-01	1.618242448299128666e-01	2.423745845432185575e-01	1.470157633353228466e-01	7.166367517554945998e-02	2.942211702897054235e-02	7.414661881775534702e-02
1.073984987431472746e+03	2.731482807019243730e-01	1.615834352553227882e-01	2.426387969628760466e-01	1.471807202114531477e-01	7.173192086506567644e-02	2.946478755303698349e-02	7.425205845029671237e-02
1.076403872538300675e+03	2.727447343948701808e-01	1.613433214233095381e-01	2.429022002313485085e-01	1.473452045894040330e-01	7.179997427585280145e-02	2.950736716926114986e-02	7.435719791592948491e-02
1.078822757645127922e+03	2.723423539614172606e-01	1.611039013185446012e-01	2.431647968042064123e-01	1.475092179646190493e-01	7.186783598683438301e-02	2.954985595520128600e-02	7.446203800915268678e-02
1.081241642751955851e+03	2.719411360247735443e-01	1.608651729315773160e-01	2.434265891293470319e-01	1.476727618265650244e-01	7.193550657490493938e-02	2.959225398939123453e-02	7.456657952341663731e-02
1.083660527858783553e+03	2.715410772179919219e-01	1.606271342588171114e-01	2.436875796470232280e-01	1.478358376587676770e-01	7.200298661493957642e-02	2.963456135132931657e-02	7.467082325110685481e-02
1.086079412965611255e+03	2.711421741839410426e-01	1.603897833025161312e-01	2.439477707898722036e-01	1.479984469388471169e-01	7.207027667980353547e-02	2.967677812146729197e-02	7.477476998352826365e-02
1.088498298072438729e+03	2.707444235752759498e-01	1.601531180707518043e-01	2.442071649829440638e-01	1.481605911385528440e-01	7.213737734036167193e-02	2.971890438119942704e-02	7.487842051088974826e-02
1.090917183179266431e+03	2.703478220544088817e-01	1.599171365774094966e-01	2.444657646437301546e-01	1.483222717237985544e-01	7.220428916548782272e-02	2.976094021285163871e-02	7.498177562228892923e-02
1.093336068286093905e+03	2.699523662934802948e-01	1.596818368421651091e-01	2.447235721821911791e-01	1.484834901546966124e-01	7.227101272207415994e-02	2.980288569967072532e-02	7.508483610569742506e-02
1.095754953392921607e+03	2.695580529743297205e-01	1.594472168904678411e-01	2.449805900007852588e-01	1.486442478855922733e-01	7.233754857504043345e-02	2.984474092581371196e-02	7.518760274794623888e-02
1.098173838499749309e+03	2.691648787884671767e-01	1.592132747535230375e-01	2.452368204944957442e-01	1.488045463650974343e-01	7.240389728734325514e-02	2.988650597633724787e-02	7.529007633471151983e-02
1.100592723606577010e+03	2.687728404370442470e-01	1.589800084682749803e-01	2.454922660508589149e-01	1.489643870361242461e-01	7.247005941998517498e-02	2.992818093718713907e-02	7.539225765050068528e-02
1.103011608713404712e+03	2.683819346308252696e-01	1.587474160773897913e-01	2.457469290499914583e-01	1.491237713359184203e-01	7.253603553202381260e-02	2.996976589518792616e-02	7.549414747863868180e-02
1.105430493820231959e+03	2.679921580901588607e-01	1.585154956292385009e-01	2.460008118646177799e-01	1.492827006960921465e-01	7.260182618058080850e-02	3.001126093803256623e-02	7.559574660125467638e-02
1.107849378927059888e+03	2.676035075449494927e-01	1.582842451778798953e-01	2.462539168600971218e-01	1.494411765426567895e-01	7.266743192085085845e-02	3.005266615427220137e-02	7.569705579926894190e-02
1.110268264033887590e+03	2.672159797346289611e-01	1.580536627830437246e-01	2.465062463944506510e-01	1.495992002960553624e-01	7.273285330611052590e-02	3.009398163330601408e-02	7.579807585238004797e-02
1.112687149140715292e+03	2.668295714081279635e-01	1.578237465101137715e-01	2.467578028183883554e-01	1.497567733711945570e-01	7.279809088772713765e-02	3.013520746537116587e-02	7.589880753905234312e-02
1.115106034247542766e+03	2.664442793238481211e-01	1.575944944301110040e-01	2.470085884753354111e-01	1.499138971774766627e-01	7.286314521516752685e-02	3.017634374153281909e-02	7.599925163650365911e-02
1.117524919354370468e+03	2.660601002496336687e-01	1.573659046196769218e-01	2.472586057014591332e-01	1.500705731188310688e-01	7.292801683600680374e-02	3.021739055367423862e-02	7.609940892069336216e-02
1.119943804461197942e+03	2.656770309627434212e-01	1.571379751610566533e-01	2.475078568256950107e-01	1.502268025937456009e-01	7.299270629593689053e-02	3.025834799448698723e-02	7.619928016631057066e-02
1.122362689568025871e+03	2.652950682498227963e-01	1.569107041420824689e-01	2.477563441697731295e-01	1.503825869952976069e-01	7.305721413877522274e-02	3.029921615746118679e-02	7.629886614676270606e-02
1.124781574674853118e+03	2.649142089068760586e-01	1.566840896561570995e-01	2.480040700482440130e-01	1.505379277111845993e-01	7.312154090647324245e-02	3.033999513687588370e-02	7.639816763416422407e-02
1.127200459781681047e+03	2.645344497392383420e-01	1.564581298022371947e-01	2.482510367685047403e-01	1.506928261237548694e-01	7.318568713912487755e-02	3.038068502778946967e-02	7.649718539932565120e-02
1.129619344888508749e+03	2.641557875615481166e-01	1.562328226848167523e-01	2.484972466308245642e-01	1.508472836100376302e-01	7.324965337497495177e-02	3.042128592603021014e-02	7.659592021174289889e-02
1.132038229995336451e+03	2.637782191977195434e-01	1.560081664139108537e-01	2.487427019283706131e-01	1.510013015417730198e-01	7.331344015042762230e-02	3.046179792818682827e-02	7.669437283958670248e-02
1.134457115102163925e+03	2.634017414809148305e-01	1.557841591050390384e-01	2.489874049472332318e-01	1.511548812854418833e-01	7.337704800005458161e-02	3.050222113159916856e-02	7.679254404969243497e-02
1.136876000208991627e+03	2.630263512535169768e-01	1.555607988792091501e-01	2.492313579664514334e-01	1.513080242022951660e-01	7.344047745660337023e-02	3.054255563434896820e-02	7.689043460755004555e-02
1.139294885315819101e+03	2.626520453671024047e-01	1.553380838629009608e-01	2.494745632580379902e-01	1.514607316483832788e-01	7.350372905100556464e-02	3.058280153525066297e-02	7.698804527729428970e-02
1.141713770422646803e+03	2.622788206824134827e-01	1.551160121880499065e-01	2.497170230870044139e-01	1.516130049745849084e-01	7.356680331238495130e-02	3.062295893384232165e-02	7.708537682169518124e-02
1.144132655529474505e+03	2.619066740693316020e-01	1.548945819920309330e-01	2.499587397113859633e-01	1.517648455266357999e-01	7.362970076806554798e-02	3.066302793037660457e-02	7.718243000214863869e-02
1.146551540636302207e+03	2.615356024068500873e-01	1.546737914176423978e-01	2.501997153822663189e-01	1.519162546451573170e-01	7.369242194357973619e-02	3.070300862581182635e-02	7.727920557866740925e-02
1.148970425743129908e+03	2.611656025830469408e-01	1.544536386130899441e-01	2.504399523438021746e-01	1.520672336656846979e-01	7.375496736267612985e-02	3.074290112180309842e-02	7.737570430987214531e-02
1.151389310849957155e+03	2.607966714950581966e-01	1.542341217319704305e-01	2.506794528332477179e-01	1.522177839186949488e-01	7.381733754732761055e-02	3.078270552069353044e-02	7.747192695298268927e-02
1.153808195956785084e+03	2.604288060490510537e-01	1.540152389332559990e-01	2.509182190809789992e-01	1.523679067296347389e-01	7.387953301773915460e-02	3.082242192550551166e-02	7.756787426380970518e-02
1.156227081063612786e+03	2.600620031601968418e-01	1.537969883812781435e-01	2.511562533105181072e-01	1.525176034189479335e-01	7.394155429235567401e-02	3.086205043993207886e-02	7.766354699674635209e-02
1.158645966170440488e+03	2.596962597526447647e-01	1.535793682457117781e-01	2.513935577385573161e-01	1.526668753021029612e-01	7.400340188786977413e-02	3.090159116832832953e-02	7.775894590476020718e-02
1.161064851277267962e+03	2.593315727594951436e-01	1.533623767015594996e-01	2.516301345749827889e-01	1.528157236896198201e-01	7.406507631922948365e-02	3.094104421570293556e-02	7.785407173938545256e-02
1.163483736384095664e+03	2.589679391227727723e-01	1.531460119291357114e-01	2.518659860228987246e-01	1.529641498870970284e-01	7.412657809964598443e-02	3.098040968770971598e-02	7.794892525071521472e-02
1.165902621490923138e+03	2.586053557934007152e-01	1.529302721140509413e-01	2.521011142786507286e-01	1.531121551952382698e-01	7.418790774060116111e-02	3.101968769063926865e-02	7.804350718739408443e-02
1.168321506597751068e+03	2.582438197311739403e-01	1.527151554471961048e-01	2.523355215318495159e-01	1.532597409098787888e-01	7.424906575185520607e-02	3.105887833141070600e-02	7.813781829661087253e-02
1.170740391704578315e+03	2.578833279047330618e-01	1.525006601247269333e-01	2.525692099653943368e-01	1.534069083220117313e-01	7.431005264145418288e-02	3.109798171756342905e-02	7.823185932409150445e-02
1.173159276811406244e+03	2.575238772915380836e-01	1.522867843480483763e-01	2.528021817554962358e-01	1.535536587178139289e-01	7.437086891573745084e-02	3.113699795724897759e-02	7.832563101409212303e-02
1.175578161918233945e+03	2.571654648778424757e-01	1.520735263237990298e-01	2.530344390717011449e-01	1.536999933786719896e-01	7.443151507934514521e-02	3.117592715922297766e-02	7.841913410939241325e-02
1.177997047025061647e+03	2.568080876586670835e-01	1.518608842638357048e-01	2.532659840769130311e-01	1.538459135812076384e-01	7.449199163522551848e-02	3.121476943283710281e-02	7.851236935128905192e-02
1.180415932131889122e+03	2.564517426377742049e-01	1.516488563852179672e-01	2.534968189274168782e-01	1.539914205973032524e-01	7.455229908464232336e-02	3.125352488803116030e-02	7.860533747958933781e-02
1.182834817238716823e+03	2.560964268276417211e-01	1.514374409101927055e-01	2.537269457729013911e-01	1.541365156941269243e-01	7.461243792718205703e-02	3.129219363532520504e-02	7.869803923260504375e-02
1.185253702345544298e+03	2.557421372494375622e-01	1.512266360661788378e-01	2.539563667564816996e-01	1.542812001341575256e-01	7.467240866076123307e-02	3.133077578581174721e-02	7.879047534714642143e-02
1.187672587452371999e+03	2.553888709329935613e-01	1.510164400857520739e-01	2.541850840147220625e-01	1.544254751752094368e-01	7.473221178163361178e-02	3.136927145114799809e-02	7.888264655851633111e-02
1.190091472559199701e+03	2.550366249167804189e-01	1.508068512066295386e-01	2.544130996776580167e-01	1.545693420704570831e-01	7.479184778439727788e-02	3.140768074354821637e-02	7.897455360050457951e-02
1.192510357666027403e+03	2.546853962478818900e-01	1.505978676716546449e-01	2.546404158688188590e-01	1.547128020684594152e-01	7.485131716200181529e-02	3.144600377577609629e-02	7.906619720538243801e-02
1.194929242772855105e+03	2.543351819819691939e-01	1.503894877287819398e-01	2.548670347052501839e-01	1.548558564131840010e-01	7.491062040575531544e-02	3.148424066113721109e-02	7.915757810389731364e-02
1.197348127879682352e+03	2.539859791832760894e-01	1.501817096310620325e-01	2.550929582975354215e-01	1.549985063440310895e-01	7.496975800533145495e-02	3.152239151347154683e-02	7.924869702526751714e-02
1.199767012986510281e+03	2.536377849245733396e-01	1.499745316366264680e-01	2.553181887498182645e-01	1.551407530958572589e-01	7.502873044877646225e-02	3.156045644714608467e-02	7.933955469717726694e-02
1.202185898093337983e+03	2.532905962871433436e-01	1.497679520086728777e-01	2.555427281598243172e-01	1.552825978989992861e-01	7.508753822251600096e-02	3.159843557704746647e-02	7.943015184577183196e-02
1.204604783200165684e+03	2.529444103607553784e-01	1.495619690154497694e-01	2.557665786188830781e-01	1.554240419792973504e-01	7.514618181136210884e-02	3.163632901857467428e-02	7.952048919565281315e-02
1.207023668306993159e+03	2.525992242436402857e-01	1.493565809302418168e-01	2.559897422119492560e-01	1.555650865581183762e-01	7.520466169852005334e-02	3.167413688763184160e-02	7.961056746987350830e-02
1.209442553413820860e+03	2.522550350424657140e-01	1.491517860313548716e-01	2.562122210176248083e-01	1.557057328523790973e-01	7.526297836559507626e-02	3.171185930062106473e-02	7.970038738993458216e-02
1.211861438520648335e+03	2.519118398723110275e-01	1.489475826021012528e-01	2.564340171081797570e-01	1.558459820745687896e-01	7.532113229259920772e-02	3.174949637443530426e-02	7.978994967577973663e-02
1.214280323627476264e+03	2.515696358566426594e-01	1.487439689307848978e-01	2.566551325495742830e-01	1.559858354327722796e-01	7.537912395795799692e-02	3.178704822645135597e-02	7.987925504579160285e-02
1.216699208734303511e+03	2.512284201272892425e-01	1.485409433106865962e-01	2.568755694014792645e-01	1.561252941306922049e-01	7.543695383851714564e-02	3.182451497452285644e-02	7.996830421678770284e-02
1.219118093841131440e+03	2.508881898244170738e-01	1.483385040400494737e-01	2.570953297172978713e-01	1.562643593676714127e-01	7.549462240954918357e-02	3.186189673697335800e-02	8.005709790401663306e-02
1.221536978947959142e+03	2.505489420965056335e-01	1.481366494220640595e-01	2.573144155441862146e-01	1.564030323387152199e-01	7.555213014476007405e-02	3.189919363258949397e-02	8.014563682115434518e-02
1.223955864054786844e+03	2.502106741003226609e-01	1.479353777648540758e-01	2.575328289230745527e-01	1.565413142345133402e-01	7.560947751629573665e-02	3.193640578061414381e-02	8.023392168030052396e-02
1.226374749161614318e+03	2.498733830009002288e-01	1.477346873814615047e-01	2.577505718886879960e-01	1.566792062414618103e-01	7.566666499474859753e-02	3.197353330073970240e-02	8.032195319197517336e-02
1.228793634268442020e+03	2.495370659715100414e-01	1.475345765898323780e-01	2.579676464695673799e-01	1.568167095416845291e-01	7.572369304916407029e-02	3.201057631310141177e-02	8.040973206511524418e-02
1.231212519375269494e+03	2.492017201936393145e-01	1.473350437128022050e-01	2.581840546880895260e-01	1.569538253130548511e-01	7.578056214704698146e-02	3.204753493827069283e-02	8.049725900707148385e-02
1.233631404482097196e+03	2.488673428569666279e-01	1.471360870780815122e-01	2.583997985604881698e-01	1.570905547292169580e-01	7.583727275436798199e-02	3.208440929724860891e-02	8.058453472360532777e-02
1.236050289588924898e+03	2.485339311593376399e-01	1.469377050182415767e-01	2.586148800968738892e-01	1.572268989596068978e-01	7.589382533556990329e-02	3.212119951145934321e-02	8.067155991888598499e-02
1.238469174695752372e+03	2.482014823067411058e-01	1.467398958707000212e-01	2.588293013012549770e-01	1.573628591694737899e-01	7.595022035357411327e-02	3.215790570274373178e-02	8.075833529548755163e-02
1.240888059802580301e+03	2.478699935132848975e-01	1.465426579777066030e-01	2.590430641715573690e-01	1.574984365199004754e-01	7.600645826978676134e-02	3.219452799335285886e-02	8.084486155438634636e-02
1.243306944909407548e+03	2.475394620011722169e-01	1.463459896863289200e-01	2.592561706996446835e-01	1.576336321678244445e-01	7.606253954410507889e-02	3.223106650594171479e-02	8.093113939495832909e-02
1.245725830016235477e+03	2.472098850006775594e-01	1.461498893484382833e-01	2.594686228713383724e-01	1.577684472660581538e-01	7.611846463492352721e-02	3.226752136356291628e-02	8.101716951497660302e-02
1.248144715123063179e+03	2.468812597501230666e-01	1.459543553206954780e-01	2.596804226664378157e-01	1.579028829633095654e-01	7.617423399914002857e-02	3.230389268966045446e-02	8.110295261060902761e-02
1.250563600229890881e+03	2.465535834958549333e-01	1.457593859645367473e-01	2.598915720587397504e-01	1.580369404042023529e-01	7.622984809216212798e-02	3.234018060806351236e-02	8.118848937641601204e-02
1.252982485336718355e+03	2.462268534922195662e-01	1.455649796461597478e-01	2.601020730160584216e-01	1.581706207292959410e-01	7.628530736791300226e-02	3.237638524298033088e-02	8.127378050534833642e-02
1.255401370443546057e+03	2.459010670015403244e-01	1.453711347365093665e-01	2.603119275002451771e-01	1.583039250751054894e-01	7.634061227883764955e-02	3.241250671899215813e-02	8.135882668874516721e-02
1.257820255550373531e+03	2.455762212940937605e-01	1.451778496112640093e-01	2.605211374672077862e-01	1.584368545741216550e-01	7.639576327590882898e-02	3.244854516104717784e-02	8.144362861633207273e-02
1.260239140657201460e+03	2.452523136480865007e-01	1.449851226508214186e-01	2.607297048669302009e-01	1.585694103548302702e-01	7.645076080863309753e-02	3.248450069445458360e-02	8.152818697621924682e-02
1.262658025764028707e+03	2.449293413496317073e-01	1.447929522402849611e-01	2.609376316434916521e-01	1.587015935417317725e-01	7.650560532505676359e-02	3.252037344487863912e-02	8.161250245489977406e-02
1.265076910870856636e+03	2.446073016927260146e-01	1.446013367694496954e-01	2.611449197350863005e-01	1.588334052553606601e-01	7.656029727177184052e-02	3.255616353833280796e-02	8.169657573724799227e-02
1.267495795977684338e+03	2.442861919792261582e-01	1.444102746327885767e-01	2.613515710740422215e-01	1.589648466123045611e-01	7.661483709392190311e-02	3.259187110117393871e-02	8.178040750651800750e-02
1.269914681084511813e+03	2.439660095188259936e-01	1.442197642294387461e-01	2.615575875868404454e-01	1.590959187252234119e-01	7.666922523520799948e-02	3.262749626009651266e-02	8.186399844434225082e-02
1.272333566191339514e+03	2.436467516290335145e-01	1.440298039631877913e-01	2.617629711941342197e-01	1.592266227028683312e-01	7.672346213789441038e-02	3.266303914212690535e-02	8.194734923073018762e-02
1.274752451298167216e+03	2.433284156351477323e-01	1.438403922424600079e-01	2.619677238107678274e-01	1.593569596501005492e-01	7.677754824281449175e-02	3.269849987461773133e-02	8.203046054406702703e-02
1.277171336404994690e+03	2.430109988702358614e-01	1.436515274803028819e-01	2.621718473457955167e-01	1.594869306679097820e-01	7.683148398937642010e-02	3.273387858524224453e-02	8.211333306111266717e-02
1.279590221511822392e+03	2.426944986751105038e-01	1.434632080943733790e-01	2.623753437025002078e-01	1.596165368534329942e-01	7.688526981556891016e-02	3.276917540198873158e-02	8.219596745700058493e-02
1.282009106618650094e+03	2.423789123983069171e-01	1.432754325069244827e-01	2.625782147784123111e-01	1.597457792999727455e-01	7.693890615796694643e-02	3.280439045315503704e-02	8.227836440523689232e-02
1.284427991725477568e+03	2.420642373960602001e-01	1.430881991447916779e-01	2.627804624653280463e-01	1.598746590970153980e-01	7.699239345173737592e-02	3.283952386734308171e-02	8.236052457769950375e-02
1.286846876832305497e+03	2.417504710322828376e-01	1.429015064393794332e-01	2.629820886493285381e-01	1.600031773302492411e-01	7.704573213064461190e-02	3.287457577345341553e-02	8.244244864463734501e-02
1.289265761939132744e+03	2.414376106785420251e-01	1.427153528266477955e-01	2.631830952107974686e-01	1.601313350815824210e-01	7.709892262705617116e-02	3.290954630067986775e-02	8.252413727466960391e-02
1.291684647045960673e+03	2.411256537140373246e-01	1.425297367470990395e-01	2.633834840244402287e-01	1.602591334291610103e-01	7.715196537194829451e-02	3.294443557850421783e-02	8.260559113478523063e-02
1.294103532152788375e+03	2.408145975255781002e-01	1.423446566457642892e-01	2.635832569593017927e-01	1.603865734473864935e-01	7.720486079491144238e-02	3.297924373669091497e-02	8.268681089034234100e-02
1.296522417259616077e+03	2.405044395075612573e-01	1.421601109721902234e-01	2.637824158787849260e-01	1.605136562069335582e-01	7.725760932415583204e-02	3.301397090528183920e-02	8.276779720506774463e-02
1.298941302366443551e+03	2.401951770619490667e-01	1.419760981804258082e-01	2.639809626406683929e-01	1.606403827747674984e-01	7.731021138651683611e-02	3.304861721459112500e-02	8.284855074105663963e-02
1.301360187473271253e+03	2.398868075982466819e-01	1.417926167290091133e-01	2.641788990971249973e-01	1.607667542141616168e-01	7.736266740746054749e-02	3.308318279519999877e-02	8.292907215877232119e-02
1.303779072580098727e+03	2.395793285334802958e-01	1.416096650809540725e-01	2.643762270947396797e-01	1.608927715847144890e-01	7.741497781108908072e-02	3.311766777795172034e-02	8.300936211704591783e-02
1.306197957686926657e+03	2.392727372921750195e-01	1.414272417037373553e-01	2.645729484745271698e-01	1.610184359423669220e-01	7.746714302014598430e-02	3.315207229394648986e-02	8.308942127307633596e-02
1.308616842793753904e+03	2.389670313063325946e-01	1.412453450692853774e-01	2.647690650719499716e-01	1.611437483394191350e-01	7.751916345602163916e-02	3.318639647453648645e-02	8.316925028243013496e-02
1.311035727900581833e+03	2.386622080154098824e-01	1.410639736539610056e-01	2.649645787169359612e-01	1.612687098245475237e-01	7.757103953875850444e-02	3.322064045132085836e-02	8.324884979904158266e-02
1.313454613007409534e+03	2.383582648662966874e-01	1.408831259385507628e-01	2.651594912338962606e-01	1.613933214428215634e-01	7.762277168705648822e-02	3.325480435614085878e-02	8.332822047521272479e-02
1.315873498114237009e+03	2.380551993132940247e-01	1.407028004082517547e-01	2.653538044417426689e-01	1.615175842357202962e-01	7.767436031827816556e-02	3.328888832107490536e-02	8.340736296161357921e-02
1.318292383221064711e+03	2.377530088180924706e-01	1.405229955526587082e-01	2.655475201539052033e-01	1.616414992411489282e-01	7.772580584845399654e-02	3.332289247843382707e-02	8.348627790728226084e-02
1.320711268327892412e+03	2.374516908497504297e-01	1.403437098657510929e-01	2.657406401783495853e-01	1.617650674934552613e-01	7.777710869228758594e-02	3.335681696075602776e-02	8.356496595962541185e-02
1.323130153434719887e+03	2.371512428846724863e-01	1.401649418458802421e-01	2.659331663175946159e-01	1.618882900234459576e-01	7.782826926316081806e-02	3.339066190080274693e-02	8.364342776441846539e-02
1.325549038541547588e+03	2.368516624065879483e-01	1.399866899957566135e-01	2.661251003687294947e-01	1.620111678584027493e-01	7.787928797313901919e-02	3.342442743155336904e-02	8.372166396580614511e-02
1.327967923648375290e+03	2.365529469065293378e-01	1.398089528224368550e-01	2.663164441234308621e-01	1.621337020220985359e-01	7.793016523297609244e-02	3.345811368620075360e-02	8.379967520630289546e-02
1.330386808755202765e+03	2.362550938828109903e-01	1.396317288373111754e-01	2.665071993679802298e-01	1.622558935348132891e-01	7.798090145211958313e-02	3.349172079814663472e-02	8.387746212679346447e-02
1.332805693862030694e+03	2.359581008410076286e-01	1.394550165560906330e-01	2.666973678832807448e-01	1.623777434133500119e-01	7.803149703871575804e-02	3.352524890099702060e-02	8.395502536653355607e-02
1.335224578968857941e+03	2.356619652939332676e-01	1.392788144987943677e-01	2.668869514448744540e-01	1.624992526710504204e-01	7.808195239961465695e-02	3.355869812855768325e-02	8.403236556315046846e-02
1.337643464075685870e+03	2.353666847616197599e-01	1.391031211897370834e-01	2.670759518229592899e-01	1.626204223178105979e-01	7.813226794037510248e-02	3.359206861482963435e-02	8.410948335264384346e-02
1.340062349182513572e+03	2.350722567712959232e-01	1.389279351575163635e-01	2.672643707824056691e-01	1.627412533600965105e-01	7.818244406526964063e-02	3.362536049400468435e-02	8.418637936938649924e-02
1.342481234289341273e+03	2.347786788573661965e-01	1.387532549350001809e-01	2.674522100827735338e-01	1.628617468009595226e-01	7.823248117728955064e-02	3.365857390046105013e-02	8.426305424612523520e-02
1.344900119396168748e+03	2.344859485613897399e-01	1.385790790593144084e-01	2.676394714783288942e-01	1.629819036400516619e-01	7.828237967814977161e-02	3.369170896875893495e-02	8.433950861398180343e-02
1.347319004502996449e+03	2.341940634320594794e-01	1.384054060718302448e-01	2.678261567180607594e-01	1.631017248736408298e-01	7.833213996829377357e-02	3.372476583363622632e-02	8.441574310245386625e-02
1.349737889609823924e+03	2.339030210251812347e-01	1.382322345181518364e-01	2.680122675456974579e-01	1.632212114946260118e-01	7.838176244689847028e-02	3.375774463000420084e-02	8.449175833941598157e-02
1.352156774716651853e+03	2.336128189036527358e-01	1.380595629481038700e-01	2.681978056997233462e-01	1.633403644925522369e-01	7.843124751187902088e-02	3.379064549294324982e-02	8.456755495112075471e-02
1.354575659823479100e+03	2.333234546374430840e-01	1.378873899157191663e-01	2.683827729133950735e-01	1.634591848536254832e-01	7.848059555989374270e-02	3.382346855769866739e-02	8.464313356219990703e-02
1.356994544930307029e+03	2.330349258035718518e-01	1.377157139792264395e-01	2.685671709147583464e-01	1.635776735607275822e-01	7.852980698634884349e-02	3.385621395967647329e-02	8.471849479566553875e-02
1.359413430037134731e+03	2.327472299860885996e-01	1.375445337010379743e-01	2.687510014266638603e-01	1.636958315934308739e-01	7.857888218540320935e-02	3.388888183443926339e-02	8.479363927291130865e-02
1.361832315143962205e+03	2.324603647760520864e-01	1.373738476477372461e-01	2.689342661667838419e-01	1.638136599280128614e-01	7.862782154997316475e-02	3.392147231770211574e-02	8.486856761371371072e-02
1.364251200250789907e+03	2.321743277715098974e-01	1.372036543900669314e-01	2.691169668476282584e-01	1.639311595374707831e-01	7.867662547173720489e-02	3.395398554532851054e-02	8.494328043623347591e-02
1.366670085357617609e+03	2.318891165774780161e-01	1.370339525029165284e-01	2.692991051765606381e-01	1.640483313915359898e-01	7.872529434114068636e-02	3.398642165332631249e-02	8.501777835701691821e-02
1.369088970464445310e+03	2.316047288059203679e-01	1.368647405653103111e-01	2.694806828558144463e-01	1.641651764566883220e-01	7.877382854740050400e-02	3.401878077784376009e-02	8.509206199099735024e-02
1.371507855571272785e+03	2.313211620757284759e-01	1.366960171603952556e-01	2.696617015825090724e-01	1.642816956961703490e-01	7.882222847850973990e-02	3.405106305516553133e-02	8.516613195149662363e-02
1.373926740678100487e+03	2.310384140127011710e-01	1.365277808754288558e-01	2.698421630486656508e-01	1.643978900700016066e-01	7.887049452124229865e-02	3.408326862170879545e-02	8.523998885022662786e-02
1.376345625784927961e+03	2.307564822495244694e-01	1.363600303017671878e-01	2.700220689412231589e-01	1.645137605349925036e-01	7.891862706115751469e-02	3.411539761401935489e-02	8.531363329729083067e-02
1.378764510891755890e+03	2.304753644257512557e-01	1.361927640348529200e-01	2.702014209420540158e-01	1.646293080447583934e-01	7.896662648260473205e-02	3.414745016876778033e-02	8.538706590118592954e-02
1.381183395998583137e+03	2.301950581877814372e-01	1.360259806742032396e-01	2.703802207279799030e-01	1.647445335497334795e-01	7.901449316872784234e-02	3.417942642274559434e-02	8.546028726880350312e-02
1.383602281105411066e+03	2.299155611888416828e-01	1.358596788233980557e-01	2.705584699707876406e-01	1.648594379971845825e-01	7.906222750146985057e-02	3.421132651286151044e-02	8.553329800543173211e-02
1.386021166212238768e+03	2.296368710889655496e-01	1.356938570900680652e-01	2.707361703372445638e-01	1.649740223312248510e-01	7.910982986157732988e-02	3.424315057613766533e-02	8.560609871475707844e-02
1.388440051319066470e+03	2.293589855549736378e-01	1.355285140858828730e-01	2.709133234891142328e-01	1.650882874928273625e-01	7.915730062860497351e-02	3.427489874970591349e-02	8.567868999886613102e-02
1.390858936425893944e+03	2.290819022604535793e-01	1.353636484265391959e-01	2.710899310831720310e-01	1.652022344198386949e-01	7.920464018092000791e-02	3.430657117080416346e-02	8.575107245824743762e-02
1.393277821532721646e+03	2.288056188857404416e-01	1.351992587317491223e-01	2.712659947712204866e-01	1.653158640469922780e-01	7.925184889570668911e-02	3.433816797677274185e-02	8.582324669179330900e-02
1.395696706639549120e+03	2.285301331178968276e-01	1.350353436252282602e-01	2.714415162001048709e-01	1.654291773059218817e-01	7.929892714897066042e-02	3.436968930505076431e-02	8.589521329680178952e-02
1.398115591746377049e+03	2.282554426506933076e-01	1.348719017346841909e-01	2.716164970117282973e-01	1.655421751251748563e-01	7.934587531554335160e-02	3.440113529317255503e-02	8.596697286897851675e-02
1.400534476853204296e+03	2.279815451845887408e-01	1.347089316918045898e-01	2.717909388430670981e-01	1.656548584302252880e-01	7.939269376908641984e-02	3.443250607876415653e-02	8.603852600243878934e-02
1.402953361960032225e+03	2.277084384267107353e-01	1.345464321322457357e-01	2.719648433261862563e-01	1.657672281434870720e-01	7.943938288209602405e-02	3.446380179953976303e-02	8.610987328970949595e-02
1.405372247066859927e+03	2.274361200908362468e-01	1.343844016956208809e-01	2.721382120882542277e-01	1.658792851843270411e-01	7.948594302590719640e-02	3.449502259329827181e-02	8.618101532173122470e-02
1.407791132173687402e+03	2.271645878973719834e-01	1.342228390254886494e-01	2.723110467515582611e-01	1.659910304690778715e-01	7.953237457069811667e-02	3.452616859791983461e-02	8.625195268786030323e-02
1.410210017280515103e+03	2.268938395733352265e-01	1.340617427693415187e-01	2.724833489335194980e-01	1.661024649110509066e-01	7.957867788549445598e-02	3.455723995136245758e-02	8.632268597587094972e-02
1.412628902387342805e+03	2.266238728523342905e-01	1.339011115785943562e-01	2.726551202467079049e-01	1.662135894205489794e-01	7.962485333817356792e-02	3.458823679165861503e-02	8.639321577195741009e-02
1.415047787494170507e+03	2.263546854745493719e-01	1.337409441085728179e-01	2.728263622988570392e-01	1.663244049048790973e-01	7.967090129546880450e-02	3.461915925691187723e-02	8.646354266073612294e-02
1.417466672600997981e+03	2.260862751867134257e-01	1.335812390185020515e-01	2.729970766928793147e-01	1.664349122683650983e-01	7.971682212297365178e-02	3.465000748529363517e-02	8.653366722524795385e-02
1.419885557707825683e+03	2.258186397420928193e-01	1.334219949714952891e-01	2.731672650268805458e-01	1.665451124123601967e-01	7.976261618514601803e-02	3.468078161503979767e-02	8.660359004696045748e-02
1.422304442814653157e+03	2.255517769004684869e-01	1.332632106345424394e-01	2.733369288941747133e-01	1.666550062352593897e-01	7.980828384531236941e-02	3.471148178444753013e-02	8.667331170577012578e-02
1.424723327921481086e+03	2.252856844281166393e-01	1.331048846784987916e-01	2.735060698832989523e-01	1.667645946325119477e-01	7.985382546567187934e-02	3.474210813187204872e-02	8.674283278000471942e-02
1.427142213028308333e+03	2.250203600977900009e-01	1.329470157780736073e-01	2.736746895780280964e-01	1.668738784966336541e-01	7.989924140730059188e-02	3.477266079572340768e-02	8.681215384642558541e-02
1.429561098135136262e+03	2.247558016886988252e-01	1.327896026118190742e-01	2.738427895573891102e-01	1.669828587172191015e-01	7.994453203015550180e-02	3.480313991446333521e-02	8.688127548023004409e-02
1.431979983241963964e+03	2.244920069864919099e-01	1.326326438621188986e-01	2.740103713956757447e-01	1.670915361809538202e-01	7.998969769307874567e-02	3.483354562660213177e-02	8.695019825505374833e-02
1.434398868348791666e+03	2.242289737832380003e-01	1.324761382151771194e-01	2.741774366624632475e-01	1.671999117716263805e-01	8.003473875380154312e-02	3.486387807069553368e-02	8.701892274297312602e-02
1.436817753455619140e+03	2.239666998774069162e-01	1.323200843610070898e-01	2.743439869226226291e-01	1.673079863701404657e-01	8.007965556894837411e-02	3.489413738534164616e-02	8.708744951450786420e-02
1.439236638562446842e+03	2.237051830738508718e-01	1.321644809934201803e-01	2.745100237363349849e-01	1.674157608545267240e-01	8.012444849404093405e-02	3.492432370917792489e-02	8.715577913862333770e-02
1.441655523669274316e+03	2.234444211837858241e-01	1.320093268100147876e-01	2.746755486591061501e-01	1.675232360999547865e-01	8.016911788350218615e-02	3.495443718087812984e-02	8.722391218273310709e-02
1.444074408776102018e+03	2.231844120247729601e-01	1.318546205121652881e-01	2.748405632417806888e-01	1.676304129787448693e-01	8.021366409066038594e-02	3.498447793914934156e-02	8.729184921270147224e-02
1.446493293882929493e+03	2.229251534207000729e-01	1.317003608050109353e-01	2.750050690305563261e-01	1.677372923603796806e-01	8.025808746775300873e-02	3.501444612272901213e-02	8.735959079284602580e-02
1.448912178989757422e+03	2.226666432017632147e-01	1.315465463974448967e-01	2.751690675669979380e-01	1.678438751115160499e-01	8.030238836593073248e-02	3.504434187038203696e-02	8.742713748594023448e-02
1.451331064096585123e+03	2.224088792044481289e-01	1.313931760021032624e-01	2.753325603880520389e-01	1.679501620959964470e-01	8.034656713526137917e-02	3.507416532089785433e-02	8.749448985321599259e-02
1.453749949203412370e+03	2.221518592715120144e-01	1.312402483353542204e-01	2.754955490260606044e-01	1.680561541748605558e-01	8.039062412473382824e-02	3.510391661308755878e-02	8.756164845436628652e-02
1.456168834310240300e+03	2.218955812519652349e-01	1.310877621172870655e-01	2.756580350087751152e-01	1.681618522063568211e-01	8.043455968226194408e-02	3.513359588578107706e-02	8.762861384754781768e-02
1.458587719417068001e+03	2.216400430010529443e-01	1.309357160717013191e-01	2.758200198593707131e-01	1.682672570459536332e-01	8.047837415468843403e-02	3.516320327782431615e-02	8.769538658938373643e-02
1.461006604523895703e+03	2.213852423802369906e-01	1.307841089260959599e-01	2.759815050964600225e-01	1.683723695463508474e-01	8.052206788778870639e-02	3.519273892807640164e-02	8.776196723496622332e-02
1.463425489630723177e+03	2.211311772571776801e-01	1.306329394116585996e-01	2.761424922341070842e-01	1.684771905574909134e-01	8.056564122627471458e-02	3.522220297540690909e-02	8.782835633785926466e-02
1.465844374737550879e+03	2.208778455057157919e-01	1.304822062632547131e-01	2.763029827818411222e-01	1.685817209265701444e-01	8.060909451379882906e-02	3.525159555869310929e-02	8.789455445010138646e-02
1.468263259844378354e+03	2.206252450058545367e-01	1.303319082194169254e-01	2.764629782446705319e-01	1.686859614980497912e-01	8.065242809295762594e-02	3.528091681681726904e-02	8.796056212220836057e-02
1.470682144951206283e+03	2.203733736437414881e-01	1.301820440223343256e-01	2.766224801230964259e-01	1.687899131136670894e-01	8.069564230529566173e-02	3.531016688866396580e-02	8.802637990317606353e-02
1.473101030058033530e+03	2.201222293116507911e-01	1.300326124178416698e-01	2.767814899131264550e-01	1.688935766124463334e-01	8.073873749130922040e-02	3.533934591311743006e-02	8.809200834048316886e-02
1.475519915164861459e+03	2.198718099079650934e-01	1.298836121554089174e-01	2.769400091062883540e-01	1.689969528307097013e-01	8.078171399045015744e-02	3.536845402905892249e-02	8.815744798009400585e-02
1.477938800271689161e+03	2.196221133371579204e-01	1.297350419881305172e-01	2.770980391896434858e-01	1.691000426020881908e-01	8.082457214112952204e-02	3.539749137536410406e-02	8.822269936646139066e-02
1.480357685378516862e+03	2.193731375097758007e-01	1.295869006727148054e-01	2.772555816458007749e-01	1.692028467575323880e-01	8.086731228072138733e-02	3.542645809090046172e-02	8.828776304252945739e-02
1.482776570485344337e+03	2.191248803424205582e-01	1.294391869694736241e-01	2.774126379529298081e-01	1.693053661253232645e-01	8.090993474556648635e-02	3.545535431452476877e-02	8.835263954973650302e-02
