1.001418434226643626e+03	2.858145706763536298e-01	1.691204822081714965e-01	2.343522025483942839e-01	1.420152890203877361e-01	6.959575853834398806e-02	2.813851745108548671e-02	7.096317955725142679e-02
1.002869765290740247e+03	2.855503329065733897e-01	1.689632569701018661e-01	2.345256019405426440e-01	1.421229386652021476e-01	6.964022678720530046e-02	2.816569788183794984e-02	7.103194484852480561e-02
1.004321096354836754e+03	2.852865535510293871e-01	1.688063045049174316e-01	2.346986828061213004e-01	1.422304013742924922e-01	6.968461935577589805e-02	2.819284497896553873e-02	7.110059342888605527e-02
1.005772427418933376e+03	2.850232318121010411e-01	1.686496243379563276e-01	2.348714457272870759e-01	1.423376775127877525e-01	6.972893638308140518e-02	2.821995875214498850e-02	7.116912547462948824e-02
1.007223758483029997e+03	2.847603668935671517e-01	1.684932159953897168e-01	2.350438912850788820e-01	1.424447674448822143e-01	6.977317800784288426e-02	2.824703921122572250e-02	7.123754116200148312e-02
1.008675089547126618e+03	2.844979580006033459e-01	1.683370790042202358e-01	2.352160200594206330e-01	1.425516715338391027e-01	6.981734436847771008e-02	2.827408636622872826e-02	7.130584066719829195e-02
1.010126420611223239e+03	2.842360043397793579e-01	1.681812128922806904e-01	2.353878326291238554e-01	1.426583901419943290e-01	6.986143560310055511e-02	2.830110022734547495e-02	7.137402416636377811e-02
1.011577751675319632e+03	2.839745051190567526e-01	1.680256171882323069e-01	2.355593295718904912e-01	1.427649236307600711e-01	6.990545184952431934e-02	2.832808080493682060e-02	7.144209183558726528e-02
1.013029082739416367e+03	2.837134595477863175e-01	1.678702914215633724e-01	2.357305114643155619e-01	1.428712723606284096e-01	6.994939324526101843e-02	2.835502810953193994e-02	7.151004385090140025e-02
1.014480413803512761e+03	2.834528668367056192e-01	1.677152351225877080e-01	2.359013788818899449e-01	1.429774366911748251e-01	6.999325992752271353e-02	2.838194215182722469e-02	7.157788038827994637e-02
1.015931744867609382e+03	2.831927261979364507e-01	1.675604478224431981e-01	2.360719323990030372e-01	1.430834169810619727e-01	7.003705203322239947e-02	2.840882294268522873e-02	7.164560162363570184e-02
1.017383075931706003e+03	2.829330368449822219e-01	1.674059290530902910e-01	2.362421725889454205e-01	1.431892135880430406e-01	7.008076969897500397e-02	2.843567049313359268e-02	7.171320773281840422e-02
1.018834406995802851e+03	2.826737979927257394e-01	1.672516783473104451e-01	2.364121000239116088e-01	1.432948268689653859e-01	7.012441306109815087e-02	2.846248481436398914e-02	7.178069889161263484e-02
1.020285738059899245e+03	2.824150088574264861e-01	1.670976952387047409e-01	2.365817152750026020e-01	1.434002571797740877e-01	7.016798225561317326e-02	2.848926591773106448e-02	7.184807527573582042e-02
1.021737069123995752e+03	2.821566686567182347e-01	1.669439792616924101e-01	2.367510189122286335e-01	1.435055048755152218e-01	7.021147741824596000e-02	2.851601381475138072e-02	7.191533706083615141e-02
1.023188400188092373e+03	2.818987766096064940e-01	1.667905299515092810e-01	2.369200115045118071e-01	1.436105703103395803e-01	7.025489868442787167e-02	2.854272851710237119e-02	7.198248442249058354e-02
1.024639731252188767e+03	2.816413319364661771e-01	1.666373468442062800e-01	2.370886936196887063e-01	1.437154538375060298e-01	7.029824618929657321e-02	2.856941003662129969e-02	7.204951753620289501e-02
1.026091062316285615e+03	2.813843338590390486e-01	1.664844294766481547e-01	2.372570658245129749e-01	1.438201558093848698e-01	7.034152006769697763e-02	2.859605838530424049e-02	7.211643657740166025e-02
1.027542393380382237e+03	2.811277816004312258e-01	1.663317773865117810e-01	2.374251286846579545e-01	1.439246765774614134e-01	7.038472045418213419e-02	2.862267357530502709e-02	7.218324172143837647e-02
1.028993724444478858e+03	2.808716743851107922e-01	1.661793901122848027e-01	2.375928827647193209e-01	1.440290164923392069e-01	7.042784748301403330e-02	2.864925561893423567e-02	7.224993314358545138e-02
1.030445055508575479e+03	2.806160114389052995e-01	1.660272671932641886e-01	2.377603286282176653e-01	1.441331759037435822e-01	7.047090128816456411e-02	2.867580452865816157e-02	7.231651101903441292e-02
1.031896386572671872e+03	2.803607919889993250e-01	1.658754081695547333e-01	2.379274668376010204e-01	1.442371551605247937e-01	7.051388200331629164e-02	2.870232031709781667e-02	7.238297552289396641e-02
1.033347717636768493e+03	2.801060152639320289e-01	1.657238125820675589e-01	2.380942979542473859e-01	1.443409546106615704e-01	7.055678976186341433e-02	2.872880299702790241e-02	7.244932683018809327e-02
1.034799048700865114e+03	2.798516804935947677e-01	1.655724799725187824e-01	2.382608225384673928e-01	1.444445746012642806e-01	7.059962469691254128e-02	2.875525258137581405e-02	7.251556511585434406e-02
1.036250379764961508e+03	2.795977869092286516e-01	1.654214098834279056e-01	2.384270411495068853e-01	1.445480154785783178e-01	7.064238694128359419e-02	2.878166908322064496e-02	7.258169055474188169e-02
1.037701710829058356e+03	2.793443337434219909e-01	1.652706018581165948e-01	2.385929543455492796e-01	1.446512775879873758e-01	7.068507662751066789e-02	2.880805251579218393e-02	7.264770332160974675e-02
1.039153041893154750e+03	2.790913202301080753e-01	1.651200554407070142e-01	2.387585626837182007e-01	1.447543612740166408e-01	7.072769388784282130e-02	2.883440289246992985e-02	7.271360359112510885e-02
1.040604372957251599e+03	2.788387456045626211e-01	1.649697701761204949e-01	2.389238667200800359e-01	1.448572668803361496e-01	7.077023885424499339e-02	2.886072022678210988e-02	7.277939153786146254e-02
1.042055704021347992e+03	2.785866091034012726e-01	1.648197456100760072e-01	2.390888670096463220e-01	1.449599947497638985e-01	7.081271165839882198e-02	2.888700453240468716e-02	7.284506733629686481e-02
1.043507035085444613e+03	2.783349099645774372e-01	1.646699812890888848e-01	2.392535641063762708e-01	1.450625452242691460e-01	7.085511243170344864e-02	2.891325582316039977e-02	7.291063116081232531e-02
1.044958366149541234e+03	2.780836474273795655e-01	1.645204767604692420e-01	2.394179585631793505e-01	1.451649186449755768e-01	7.089744130527636523e-02	2.893947411301778586e-02	7.297608318568996055e-02
1.046409697213637855e+03	2.778328207324292087e-01	1.643712315723205586e-01	2.395820509319176450e-01	1.452671153521644387e-01	7.093969840995427434e-02	2.896565941609022254e-02	7.304142358511141186e-02
1.047861028277734476e+03	2.775824291216782425e-01	1.642222452735384031e-01	2.397458417634084071e-01	1.453691356852777061e-01	7.098188387629390805e-02	2.899181174663495106e-02	7.310665253315616618e-02
1.049312359341831097e+03	2.773324718384064247e-01	1.640735174138088226e-01	2.399093316074263627e-01	1.454709799829212724e-01	7.102399783457280513e-02	2.901793111905213995e-02	7.317177020379991847e-02
1.050763690405927491e+03	2.770829481272193973e-01	1.639250475436069554e-01	2.400725210127063469e-01	1.455726485828680583e-01	7.106604041479017142e-02	2.904401754788392409e-02	7.323677677091286475e-02
1.052215021470024112e+03	2.768338572340459103e-01	1.637768352141958095e-01	2.402354105269456086e-01	1.456741418220610373e-01	7.110801174666768476e-02	2.907007104781346787e-02	7.330167240825823105e-02
1.053666352534120733e+03	2.765851984061357682e-01	1.636288799776244585e-01	2.403980006968062522e-01	1.457754600366163444e-01	7.114991195965031379e-02	2.909609163366401116e-02	7.336645728949059420e-02
1.055117683598217127e+03	2.763369708920571099e-01	1.634811813867270425e-01	2.405602920679177081e-01	1.458766035618264401e-01	7.119174118290712283e-02	2.912207932039793945e-02	7.343113158815431363e-02
1.056569014662313975e+03	2.760891739416943547e-01	1.633337389951211305e-01	2.407222851848791201e-01	1.459775727321631356e-01	7.123349954533204909e-02	2.914803412311585407e-02	7.349569547768200484e-02
1.058020345726410369e+03	2.758418068062457595e-01	1.631865523572063326e-01	2.408839805912615928e-01	1.460783678812805075e-01	7.127518717554474914e-02	2.917395605705564235e-02	7.356014913139301281e-02
1.059471676790506763e+03	2.755948687382209772e-01	1.630396210281629121e-01	2.410453788296108568e-01	1.461789893420180342e-01	7.131680420189137615e-02	2.919984513759155825e-02	7.362449272249185772e-02
1.060923007854603611e+03	2.753483589914387242e-01	1.628929445639503981e-01	2.412064804414494334e-01	1.462794374464035929e-01	7.135835075244535697e-02	2.922570138023330641e-02	7.368872642406676388e-02
1.062374338918700232e+03	2.751022768210245606e-01	1.627465225213061695e-01	2.413672859672789939e-01	1.463797125256563747e-01	7.139982695500821097e-02	2.925152480062511925e-02	7.375285040908818868e-02
1.063825669982796853e+03	2.748566214834082255e-01	1.626003544577440951e-01	2.415277959465828295e-01	1.464798149101899372e-01	7.144123293711031331e-02	2.927731541454486539e-02	7.381686485040729606e-02
1.065277001046893474e+03	2.746113922363217497e-01	1.624544399315530907e-01	2.416880109178282388e-01	1.465797449296150912e-01	7.148256882601168594e-02	2.930307323790312321e-02	7.388076992075458260e-02
1.066728332110990095e+03	2.743665883387967908e-01	1.623087785017957307e-01	2.418479314184686091e-01	1.466795029127428429e-01	7.152383474870281643e-02	2.932879828674231013e-02	7.394456579273840646e-02
1.068179663175086489e+03	2.741222090511624132e-01	1.621633697283069442e-01	2.420075579849460812e-01	1.467790891875874193e-01	7.156503083190536574e-02	2.935449057723575617e-02	7.400825263884358574e-02
1.069630994239183110e+03	2.738782536350427566e-01	1.620182131716924601e-01	2.421668911526936030e-01	1.468785040813690157e-01	7.160615720207298696e-02	2.938015012568683665e-02	7.407183063142995516e-02
1.071082325303279504e+03	2.736347213533545930e-01	1.618733083933275863e-01	2.423259314561373723e-01	1.469777479205168214e-01	7.164721398539206088e-02	2.940577694852808052e-02	7.413529994273104773e-02
1.072533656367376352e+03	2.733916114703053846e-01	1.617286549553558217e-01	2.424846794286991403e-01	1.470768210306717394e-01	7.168820130778252864e-02	2.943137106232028566e-02	7.419866074485270691e-02
1.073984987431472746e+03	2.731489232513904519e-01	1.615842524206873021e-01	2.426431356027984043e-01	1.471757237366894400e-01	7.172911929489857175e-02	2.945693248375165149e-02	7.426191320977172661e-02
1.075436318495569594e+03	2.729066559633910871e-01	1.614401003529976619e-01	2.428013005098548782e-01	1.472744563626430803e-01	7.176996807212945861e-02	2.948246122963689084e-02	7.432505750933450506e-02
1.076887649559666215e+03	2.726648088743720000e-01	1.612961983167264801e-01	2.429591746802905738e-01	1.473730192318261079e-01	7.181074776460022457e-02	2.950795731691637294e-02	7.438809381525575415e-02
1.078338980623762609e+03	2.724233812536792643e-01	1.611525458770760033e-01	2.431167586435321881e-01	1.474714126667551473e-01	7.185145849717244904e-02	2.953342076265525612e-02	7.445102229911718106e-02
1.079790311687859230e+03	2.721823723719377086e-01	1.610091426000097581e-01	2.432740529280132957e-01	1.475696369891728033e-01	7.189210039444506040e-02	2.955885158404263427e-02	7.451384313236623924e-02
1.081241642751955851e+03	2.719417815010488626e-01	1.608659880522511909e-01	2.434310580611766528e-01	1.476676925200503809e-01	7.193267358075500217e-02	2.958424979839067645e-02	7.457655648631476841e-02
1.082692973816052472e+03	2.717016079141885143e-01	1.607230818012822526e-01	2.435877745694764451e-01	1.477655795795906613e-01	7.197317818017801017e-02	2.960961542313377687e-02	7.463916253213781493e-02
1.084144304880149093e+03	2.714618508858047119e-01	1.605804234153421217e-01	2.437442029783804254e-01	1.478632984872307321e-01	7.201361431652938960e-02	2.963494847582770833e-02	7.470166144087238280e-02
1.085595635944245487e+03	2.712225096916151545e-01	1.604380124634258165e-01	2.439003438123723000e-01	1.479608495616445973e-01	7.205398211336469516e-02	2.966024897414878264e-02	7.476405338341617079e-02
1.087046967008342108e+03	2.709835836086050831e-01	1.602958485152828627e-01	2.440561975949537277e-01	1.480582331207460356e-01	7.209428169398048036e-02	2.968551693589300405e-02	7.482633853052637896e-02
1.088498298072438729e+03	2.707450719150248930e-01	1.601539311414158784e-01	2.442117648486467618e-01	1.481554494816911816e-01	7.213451318141506086e-02	2.971075237897525048e-02	7.488851705281854287e-02
1.089949629136535123e+03	2.705069738903881915e-01	1.600122599130792689e-01	2.443670460949959045e-01	1.482524989608813015e-01	7.217467669844923606e-02	2.973595532142844083e-02	7.495058912076528468e-02
1.091400960200631971e+03	2.702692888154690776e-01	1.598708344022779226e-01	2.445220418545702989e-01	1.483493818739654857e-01	7.221477236760696916e-02	2.976112578140269541e-02	7.501255490469520282e-02
1.092852291264728365e+03	2.700320159723001989e-01	1.597296541817656845e-01	2.446767526469660337e-01	1.484460985358432294e-01	7.225480031115613655e-02	2.978626377716453097e-02	7.507441457479172020e-02
1.094303622328825213e+03	2.697951546441705872e-01	1.595887188250443567e-01	2.448311789908082237e-01	1.485426492606672089e-01	7.229476065110927718e-02	2.981136932709603157e-02	7.513616830109187683e-02
1.095754953392921607e+03	2.695587041156230490e-01	1.594480279063620054e-01	2.449853214037531202e-01	1.486390343618457788e-01	7.233465350922425874e-02	2.983644244969405057e-02	7.519781625348526122e-02
1.097206284457018228e+03	2.693226636724522227e-01	1.593075810007118787e-01	2.451391804024903864e-01	1.487352541520456928e-01	7.237447900700504089e-02	2.986148316356938837e-02	7.525935860171291403e-02
1.098657615521114849e+03	2.690870326017022474e-01	1.591673776838308796e-01	2.452927565027451795e-01	1.488313089431946568e-01	7.241423726570236918e-02	2.988649148744599096e-02	7.532079551536617623e-02
1.100108946585211470e+03	2.688518101916644865e-01	1.590274175321983730e-01	2.454460502192804261e-01	1.489271990464839934e-01	7.245392840631442732e-02	2.991146744016015546e-02	7.538212716388564827e-02
1.101560277649308091e+03	2.686169957318753632e-01	1.588877001230347974e-01	2.455990620658986823e-01	1.490229247723711681e-01	7.249355254958762818e-02	2.993641104065972863e-02	7.544335371656009370e-02
1.103011608713404712e+03	2.683825885131141953e-01	1.587482250343003609e-01	2.457517925554445481e-01	1.491184864305823421e-01	7.253310981601725216e-02	2.996132230800331933e-02	7.550447534252541226e-02
1.104462939777501106e+03	2.681485878274008083e-01	1.586089918446937641e-01	2.459042421998066108e-01	1.492138843301149820e-01	7.257260032584819665e-02	2.998620126135950054e-02	7.556549221076352962e-02
1.105914270841597499e+03	2.679149929679934261e-01	1.584700001336508124e-01	2.460564115099196647e-01	1.493091187792403574e-01	7.261202419907561434e-02	3.001104792000603219e-02	7.562640449010145371e-02
1.107365601905694348e+03	2.676818032293865057e-01	1.583312494813430560e-01	2.462083009957667656e-01	1.494041900855061222e-01	7.265138155544564880e-02	3.003586230332908058e-02	7.568721234921020613e-02
1.108816932969790741e+03	2.674490179073083507e-01	1.581927394686765687e-01	2.463599111663812846e-01	1.494990985557387297e-01	7.269067251445611444e-02	3.006064443082243770e-02	7.574791595660382293e-02
1.110268264033887590e+03	2.672166362987192234e-01	1.580544696772906710e-01	2.465112425298491006e-01	1.495938444960460689e-01	7.272989719535717656e-02	3.008539432208676145e-02	7.580851548063835543e-02
1.111719595097984211e+03	2.669846577018087364e-01	1.579164396895564593e-01	2.466622955933105987e-01	1.496884282118198239e-01	7.276905571715205912e-02	3.011011199682878808e-02	7.586901108951091266e-02
1.113170926162080832e+03	2.667530814159940200e-01	1.577786490885756399e-01	2.468130708629627801e-01	1.497828500077380276e-01	7.280814819859765530e-02	3.013479747486057583e-02	7.592940295125867600e-02
1.114622257226177226e+03	2.665219067419172805e-01	1.576410974581791136e-01	2.469635688440613153e-01	1.498771101877675593e-01	7.284717475820531862e-02	3.015945077609875208e-02	7.598969123375799717e-02
1.116073588290273847e+03	2.662911329814438011e-01	1.575037843829258377e-01	2.471137900409226540e-01	1.499712090551664767e-01	7.288613551424144577e-02	3.018407192056374658e-02	7.604987610472334347e-02
1.117524919354370468e+03	2.660607594376596663e-01	1.573667094481013551e-01	2.472637349569259957e-01	1.500651469124865134e-01	7.292503058472819821e-02	3.020866092837903860e-02	7.610995773170649292e-02
1.118976250418467089e+03	2.658307854148695970e-01	1.572298722397166004e-01	2.474134040945154267e-01	1.501589240615755771e-01	7.296386008744412677e-02	3.023321781977041101e-02	7.616993628209553502e-02
1.120427581482563710e+03	2.656012102185947299e-01	1.570932723445064849e-01	2.475627979552018632e-01	1.502525408035799981e-01	7.300262413992490707e-02	3.025774261506520429e-02	7.622981192311401033e-02
1.121878912546660331e+03	2.653720331555706191e-01	1.569569093499288692e-01	2.477119170395651326e-01	1.503459974389471099e-01	7.304132285946393632e-02	3.028223533469157416e-02	7.628958482181998069e-02
1.123330243610756725e+03	2.651432535337448493e-01	1.568207828441629259e-01	2.478607618472560004e-01	1.504392942674274702e-01	7.307995636311306886e-02	3.030669599917775250e-02	7.634925514510516875e-02
1.124781574674853118e+03	2.649148706622749261e-01	1.566848924161081125e-01	2.480093328769982230e-01	1.505324315880773589e-01	7.311852476768317122e-02	3.033112462915131535e-02	7.640882305969409760e-02
1.126232905738949967e+03	2.646868838515262778e-01	1.565492376553828113e-01	2.481576306265904919e-01	1.506254096992611091e-01	7.315702818974488542e-02	3.035552124533845431e-02	7.646828873214321642e-02
1.127684236803046360e+03	2.644592924130699241e-01	1.564138181523229421e-01	2.483056555929083753e-01	1.507182288986534391e-01	7.319546674562921185e-02	3.037988586856324100e-02	7.652765232884005397e-02
1.129135567867143209e+03	2.642320956596805326e-01	1.562786334979808234e-01	2.484534082719065395e-01	1.508108894832417834e-01	7.323384055142821702e-02	3.040421851974691239e-02	7.658691401600238591e-02
1.130586898931239830e+03	2.640052929053339770e-01	1.561436832841238964e-01	2.486008891586205249e-01	1.509033917493286525e-01	7.327214972299563034e-02	3.042851921990715261e-02	7.664607395967741599e-02
1.132038229995336451e+03	2.637788834652054493e-01	1.560089671032332814e-01	2.487480987471687999e-01	1.509957359925339082e-01	7.331039437594752406e-02	3.045278799015736435e-02	7.670513232574095730e-02
1.133489561059432845e+03	2.635528666556671840e-01	1.558744845485027231e-01	2.488950375307547036e-01	1.510879225077970678e-01	7.334857462566293784e-02	3.047702485170597497e-02	7.676408927989664122e-02
1.134940892123529466e+03	2.633272417942864596e-01	1.557402352138372026e-01	2.490417060016685558e-01	1.511799515893797186e-01	7.338669058728454486e-02	3.050122982585571491e-02	7.682294498767512636e-02
1.136392223187626087e+03	2.631020081998232674e-01	1.556062186938516334e-01	2.491881046512894327e-01	1.512718235308675996e-01	7.342474237571923468e-02	3.052540293400291330e-02	7.688169961443327982e-02
1.137843554251722708e+03	2.628771651922284236e-01	1.554724345838696675e-01	2.493342339700871657e-01	1.513635386251729609e-01	7.346273010563882100e-02	3.054954419763680762e-02	7.694035332535346938e-02
1.139294885315819101e+03	2.626527120926412384e-01	1.553388824799225021e-01	2.494800944476244509e-01	1.514550971645368949e-01	7.350065389148063844e-02	3.057365363833882549e-02	7.699890628544278637e-02
1.140746216379915950e+03	2.624286482233875728e-01	1.552055619787474083e-01	2.496256865725585417e-01	1.515464994405314736e-01	7.353851384744818087e-02	3.059773127778191854e-02	7.705735865953224073e-02
1.142197547444012343e+03	2.622049729079776736e-01	1.550724726777866491e-01	2.497710108326433864e-01	1.516377457440619692e-01	7.357631008751169821e-02	3.062177713772984422e-02	7.711571061227610879e-02
1.143648878508108737e+03	2.619816854711039533e-01	1.549396141751862299e-01	2.499160677147314047e-01	1.517288363653692129e-01	7.361404272540889027e-02	3.064579124003649971e-02	7.717396230815115610e-02
1.145100209572205586e+03	2.617587852386389913e-01	1.548069860697944833e-01	2.500608577047755410e-01	1.518197715940316495e-01	7.365171187464547575e-02	3.066977360664522451e-02	7.723211391145592963e-02
1.146551540636302207e+03	2.615362715376335911e-01	1.546745879611609864e-01	2.502053812878311523e-01	1.519105517189676402e-01	7.368931764849580290e-02	3.069372425958812739e-02	7.729016558631006395e-02
1.148002871700398828e+03	2.613141436963141717e-01	1.545424194495352288e-01	2.503496389480577844e-01	1.520011770284376562e-01	7.372686016000351561e-02	3.071764322098540639e-02	7.734811749665357339e-02
1.149454202764495449e+03	2.610924010440813792e-01	1.544104801358653634e-01	2.504936311687212536e-01	1.520916478100463320e-01	7.376433952198215016e-02	3.074153051304467227e-02	7.740596980624618595e-02
1.150905533828591842e+03	2.608710429115074780e-01	1.542787696217970128e-01	2.506373584321954229e-01	1.521819643507447695e-01	7.380175584701573199e-02	3.076538615806029622e-02	7.746372267866662165e-02
1.152356864892688463e+03	2.606500686303344083e-01	1.541472875096720208e-01	2.507808212199641451e-01	1.522721269368327024e-01	7.383910924745940019e-02	3.078921017841271257e-02	7.752137627731195413e-02
1.153808195956785084e+03	2.604294775334716761e-01	1.540160334025271749e-01	2.509240200126231501e-01	1.523621358539604675e-01	7.387639983544001809e-02	3.081300259656779075e-02	7.757893076539697230e-02
1.155259527020881706e+03	2.602092689549945215e-01	1.538850069040929580e-01	2.510669552898819323e-01	1.524519913871313914e-01	7.391362772285681171e-02	3.083676343507614492e-02	7.763638630595351420e-02
1.156710858084978327e+03	2.599894422301414210e-01	1.537542076187923823e-01	2.512096275305655269e-01	1.525416938207036222e-01	7.395079302138189703e-02	3.086049271657250251e-02	7.769374306182984247e-02
1.158162189149074720e+03	2.597699966953123663e-01	1.536236351517397125e-01	2.513520372126165081e-01	1.526312434383925443e-01	7.398789584246091844e-02	3.088419046377503113e-02	7.775100119568997825e-02
1.159613520213171569e+03	2.595509316880666995e-01	1.534932891087392171e-01	2.514941848130968216e-01	1.527206405232726660e-01	7.402493629731371483e-02	3.090785669948470718e-02	7.780816087001313219e-02
1.161064851277267962e+03	2.593322465471210592e-01	1.533631690962840577e-01	2.516360708081895603e-01	1.528098853577798122e-01	7.406191449693477757e-02	3.093149144658465313e-02	7.786522224709306605e-02
1.162516182341364356e+03	2.591139406123472710e-01	1.532332747215547908e-01	2.517776956732007965e-01	1.528989782237131778e-01	7.409883055209398606e-02	3.095509472803950612e-02	7.792218548903749598e-02
1.163967513405461204e+03	2.588960132247702384e-01	1.531036055924185069e-01	2.519190598825614691e-01	1.529879194022373545e-01	7.413568457333710726e-02	3.097866656689477263e-02	7.797905075776753736e-02
1.165418844469557826e+03	2.586784637265660547e-01	1.529741613174273596e-01	2.520601639098293822e-01	1.530767091738844954e-01	7.417247667098640640e-02	3.100220698627619703e-02	7.803581821501703875e-02
1.166870175533654447e+03	2.584612914610599499e-01	1.528449415058173999e-01	2.522010082276907039e-01	1.531653478185563133e-01	7.420920695514128529e-02	3.102571600938912322e-02	7.809248802233210995e-02
1.168321506597751068e+03	2.582444957727241253e-01	1.527159457675074383e-01	2.523415933079620754e-01	1.532538356155260795e-01	7.424587553567879583e-02	3.104919365951786317e-02	7.814906034107048372e-02
1.169772837661847461e+03	2.580280760071756996e-01	1.525871737130977401e-01	2.524819196215923878e-01	1.533421728434407050e-01	7.428248252225425063e-02	3.107263996002507939e-02	7.820553533240100219e-02
1.171224168725944082e+03	2.578120315111749328e-01	1.524586249538688043e-01	2.526219876386643359e-01	1.534303597803227948e-01	7.431902802430183363e-02	3.109605493435114998e-02	7.826191315730307574e-02
1.172675499790040703e+03	2.575963616326228389e-01	1.523302991017802532e-01	2.527617978283964173e-01	1.535183967035725627e-01	7.435551215103514133e-02	3.111943860601356499e-02	7.831819397656607229e-02
1.174126830854137097e+03	2.573810657205594654e-01	1.522021957694696115e-01	2.529013506591449301e-01	1.536062838899699412e-01	7.439193501144775178e-02	3.114279099860629146e-02	7.837437795078890101e-02
1.175578161918233945e+03	2.571661431251617280e-01	1.520743145702509735e-01	2.530406465984053610e-01	1.536940216156764683e-01	7.442829671431383520e-02	3.116611213579916981e-02	7.843046524037940170e-02
1.177029492982330339e+03	2.569515931977413570e-01	1.519466551181138936e-01	2.531796861128144949e-01	1.537816101562373416e-01	7.446459736818870911e-02	3.118940204133729618e-02	7.848645600555384516e-02
1.178480824046426733e+03	2.567374152907428986e-01	1.518192170277222752e-01	2.533184696681520243e-01	1.538690497865833895e-01	7.450083708140940730e-02	3.121266073904042232e-02	7.854235040633651688e-02
1.179932155110523581e+03	2.565236087577418833e-01	1.516919999144129838e-01	2.534569977293423815e-01	1.539563407810330131e-01	7.453701596209526270e-02	3.123588825280235182e-02	7.859814860255910640e-02
1.181383486174620202e+03	2.563101729534425499e-01	1.515650033941947639e-01	2.535952707604564593e-01	1.540434834132941300e-01	7.457313411814844861e-02	3.125908460659032606e-02	7.865385075386026326e-02
1.182834817238716823e+03	2.560971072336761245e-01	1.514382270837471012e-01	2.537332892247135541e-01	1.541304779564661442e-01	7.460919165725453384e-02	3.128224982444444829e-02	7.870945701968512509e-02
1.184286148302813444e+03	2.558844109553984891e-01	1.513116706004188627e-01	2.538710535844828087e-01	1.542173246830418620e-01	7.464518868688305164e-02	3.130538393047705564e-02	7.876496755928485971e-02
1.185737479366910065e+03	2.556720834766884609e-01	1.511853335622272976e-01	2.540085643012853223e-01	1.543040238649094342e-01	7.468112531428812428e-02	3.132848694887216401e-02	7.882038253171617936e-02
1.187188810431006686e+03	2.554601241567456826e-01	1.510592155878567044e-01	2.541458218357956489e-01	1.543905757733542716e-01	7.471700164650892095e-02	3.135155890388484357e-02	7.887570209584089664e-02
1.188640141495103080e+03	2.552485323558886798e-01	1.509333162966573216e-01	2.542828266478436294e-01	1.544769806790609046e-01	7.475281779037028229e-02	3.137459981984067059e-02	7.893092641032546652e-02
1.190091472559199701e+03	2.550373074355528624e-01	1.508076353086441335e-01	2.544195791964160569e-01	1.545632388521149259e-01	7.478857385248323386e-02	3.139760972113510989e-02	7.898605563364057003e-02
1.191542803623296322e+03	2.548264487582885263e-01	1.506821722444956768e-01	2.545560799396586749e-01	1.546493505620049336e-01	7.482426993924554126e-02	3.142058863223295279e-02	7.904108992406061462e-02
1.192994134687392716e+03	2.546159556877588548e-01	1.505569267255527921e-01	2.546923293348774542e-01	1.547353160776242798e-01	7.485990615684230687e-02	3.144353657766774113e-02	7.909602943966338728e-02
1.194445465751489564e+03	2.544058275887380871e-01	1.504318983738177073e-01	2.548283278385407580e-01	1.548211356672730410e-01	7.489548261124642781e-02	3.146645358204118448e-02	7.915087433832963815e-02
1.195896796815585958e+03	2.541960638271092976e-01	1.503070868119525394e-01	2.549640759062806739e-01	1.549068095986598226e-01	7.493099940821923433e-02	3.148933967002258416e-02	7.920562477774259480e-02
1.197348127879682352e+03	2.539866637698626195e-01	1.501824916632783224e-01	2.550995739928951234e-01	1.549923381389037291e-01	7.496645665331096164e-02	3.151219486634829203e-02	7.926028091538767084e-02
1.198799458943779200e+03	2.537776267850933021e-01	1.500581125517738146e-01	2.552348225523492498e-01	1.550777215545359744e-01	7.500185445186131894e-02	3.153501919582110680e-02	7.931484290855193853e-02
1.200250790007875821e+03	2.535689522419996567e-01	1.499339491020742487e-01	2.553698220377771944e-01	1.551629601115019630e-01	7.503719290900004446e-02	3.155781268330975359e-02	7.936931091432383734e-02
1.201702121071972442e+03	2.533606395108810583e-01	1.498100009394702503e-01	2.555045729014838174e-01	1.552480540751630389e-01	7.507247212964740513e-02	3.158057535374828029e-02	7.942368508959278539e-02
1.203153452136069063e+03	2.531526879631362248e-01	1.496862676899066991e-01	2.556390755949465299e-01	1.553330037102982064e-01	7.510769221851475164e-02	3.160330723213553711e-02	7.947796559104876313e-02
1.204604783200165684e+03	2.529450969712609965e-01	1.495627489799813692e-01	2.557733305688166814e-01	1.554178092811060452e-01	7.514285328010505971e-02	3.162600834353461454e-02	7.953215257518198023e-02
1.206056114264262078e+03	2.527378659088465040e-01	1.494394444369440411e-01	2.559073382729214474e-01	1.555024710512064590e-01	7.517795541871345744e-02	3.164867871307228131e-02	7.958624619828250091e-02
1.207507445328358699e+03	2.525309941505772815e-01	1.493163536886952247e-01	2.560410991562655503e-01	1.555869892836425350e-01	7.521299873842771100e-02	3.167131836593843619e-02	7.964024661643991088e-02
1.208958776392455093e+03	2.523244810722292675e-01	1.491934763637849659e-01	2.561746136670328133e-01	1.556713642408822096e-01	7.524798334312882142e-02	3.169392732738558066e-02	7.969415398554295649e-02
1.210410107456551941e+03	2.521183260506679180e-01	1.490708120914117918e-01	2.563078822525877154e-01	1.557555961848201553e-01	7.528290933649149641e-02	3.171650562272824991e-02	7.974796846127919780e-02
1.211861438520648335e+03	2.519125284638462081e-01	1.489483605014214895e-01	2.564409053594773336e-01	1.558396853767795298e-01	7.531777682198467772e-02	3.173905327734250631e-02	7.980169019913470330e-02
1.213312769584745183e+03	2.517070876908027999e-01	1.488261212243059683e-01	2.565736834334328420e-01	1.559236320775136686e-01	7.535258590287212399e-02	3.176157031666536346e-02	7.985531935439368900e-02
1.214764100648841804e+03	2.515020031116600441e-01	1.487040938912020660e-01	2.567062169193710663e-01	1.560074365472078894e-01	7.538733668221284101e-02	3.178405676619430742e-02	7.990885608213822711e-02
1.216215431712937971e+03	2.512972741076220928e-01	1.485822781338905774e-01	2.568385062613962599e-01	1.560910990454812408e-01	7.542202926286163678e-02	3.180651265148669998e-02	7.996230053724791287e-02
1.217666762777034819e+03	2.510929000609729567e-01	1.484606735847949499e-01	2.569705519028017693e-01	1.561746198313881950e-01	7.545666374746966276e-02	3.182893799815928598e-02	8.001565287439958707e-02
1.219118093841131440e+03	2.508888803550745616e-01	1.483392798769802012e-01	2.571023542860716993e-01	1.562579991634204246e-01	7.549124023848488574e-02	3.185133283188768677e-02	8.006891324806701682e-02
1.220569424905228061e+03	2.506852143743650285e-01	1.482180966441516978e-01	2.572339138528822455e-01	1.563412372995085231e-01	7.552575883815260127e-02	3.187369717840583816e-02	8.012208181252060413e-02
1.222020755969324682e+03	2.504819015043565078e-01	1.480971235206542391e-01	2.573652310441036928e-01	1.564243344970236149e-01	7.556021964851597494e-02	3.189603106350549083e-02	8.017515872182709447e-02
1.223472087033421303e+03	2.502789411316335144e-01	1.479763601414707530e-01	2.574963062998016916e-01	1.565072910127791594e-01	7.559462277141654196e-02	3.191833451303567604e-02	8.022814412984931309e-02
1.224923418097517697e+03	2.500763326438508183e-01	1.478558061422211023e-01	2.576271400592393124e-01	1.565901071030326441e-01	7.562896830849469287e-02	3.194060755290221987e-02	8.028103819024587362e-02
1.226374749161614318e+03	2.498740754297317235e-01	1.477354611591611688e-01	2.577577327608782665e-01	1.566727830234871943e-01	7.566325636119017317e-02	3.196285020906720897e-02	8.033384105647090045e-02
1.227826080225710712e+03	2.496721688790660698e-01	1.476153248291816045e-01	2.578880848423806826e-01	1.567553190292933496e-01	7.569748703074263840e-02	3.198506250754848401e-02	8.038655288177382063e-02
1.229277411289807560e+03	2.494706123827084565e-01	1.474953967898066376e-01	2.580181967406106058e-01	1.568377153750506736e-01	7.573166041819208438e-02	3.200724447441914006e-02	8.043917381919903076e-02
1.230728742353903954e+03	2.492694053325762438e-01	1.473756766791931849e-01	2.581480688916357735e-01	1.569199723148094194e-01	7.576577662437936067e-02	3.202939613580701311e-02	8.049170402158568882e-02
1.232180073418000802e+03	2.490685471216476932e-01	1.472561641361293805e-01	2.582777017307290035e-01	1.570020901020721671e-01	7.579983574994673956e-02	3.205151751789418746e-02	8.054414364156747830e-02
1.233631404482097196e+03	2.488680371439601358e-01	1.471368588000338540e-01	2.584070956923699702e-01	1.570840689897956277e-01	7.583383789533830466e-02	3.207360864691648911e-02	8.059649283157233057e-02
1.235082735546193817e+03	2.486678747946080847e-01	1.470177603109543152e-01	2.585362512102465926e-01	1.571659092303919758e-01	7.586778316080051987e-02	3.209566954916300702e-02	8.064875174382224454e-02
1.236534066610290438e+03	2.484680594697413758e-01	1.468988683095664993e-01	2.586651687172568104e-01	1.572476110757307921e-01	7.590167164638270125e-02	3.211770025097555187e-02	8.070092053033302293e-02
1.237985397674387059e+03	2.482685905665632797e-01	1.467801824371732233e-01	2.587938486455100273e-01	1.573291747771405347e-01	7.593550345193747497e-02	3.213970077874823278e-02	8.075299934291403636e-02
1.239436728738483680e+03	2.480694674833286428e-01	1.466617023357030813e-01	2.589222914263286102e-01	1.574106005854101487e-01	7.596927867712130467e-02	3.216167115892691608e-02	8.080498833316805685e-02
1.240888059802580301e+03	2.478706896193420550e-01	1.465434276477094178e-01	2.590504974902497759e-01	1.574918887507907594e-01	7.600299742139496328e-02	3.218361141800876735e-02	8.085688765249100796e-02
1.242339390866676695e+03	2.476722563749559902e-01	1.464253580163692448e-01	2.591784672670267575e-01	1.575730395229971992e-01	7.603665978402401882e-02	3.220552158254174485e-02	8.090869745207177055e-02
1.243790721930773088e+03	2.474741671515688635e-01	1.463074930854821321e-01	2.593062011856306359e-01	1.576540531512096444e-01	7.607026586407932001e-02	3.222740167912415549e-02	8.096041788289200236e-02
1.245242052994869937e+03	2.472764213516233378e-01	1.461898324994690412e-01	2.594336996742517276e-01	1.577349298840751979e-01	7.610381576043746821e-02	3.224925173440412046e-02	8.101204909572590207e-02
1.246693384058966330e+03	2.470790183786043537e-01	1.460723759033712710e-01	2.595609631603012502e-01	1.578156699697094711e-01	7.613730957178130310e-02	3.227107177507915897e-02	8.106359124114002890e-02
1.248144715123063179e+03	2.468819576370373248e-01	1.459551229428493746e-01	2.596879920704127653e-01	1.578962736556981661e-01	7.617074739660036065e-02	3.229286182789566084e-02	8.111504446949316383e-02
1.249596046187159800e+03	2.466852385324863894e-01	1.458380732641820776e-01	2.598147868304437336e-01	1.579767411890986295e-01	7.620412933319137272e-02	3.231462191964847019e-02	8.116640893093611531e-02
1.251047377251256421e+03	2.464888604715524401e-01	1.457212265142651120e-01	2.599413478654772902e-01	1.580570728164413796e-01	7.623745547965876668e-02	3.233635207718036503e-02	8.121768477541146947e-02
1.252498708315352815e+03	2.462928228618712634e-01	1.456045823406102169e-01	2.600676755998233003e-01	1.581372687837317437e-01	7.627072593391508171e-02	3.235805232738162701e-02	8.126887215265354847e-02
1.253950039379449436e+03	2.460971251121119308e-01	1.454881403913439453e-01	2.601937704570203569e-01	1.582173293364513011e-01	7.630394079368144067e-02	3.237972269718956270e-02	8.131997121218811908e-02
1.255401370443546057e+03	2.459017666319747997e-01	1.453719003152067757e-01	2.603196328598370579e-01	1.582972547195595769e-01	7.633710015648810521e-02	3.240136321358804555e-02	8.137098210333235104e-02
1.256852701507642678e+03	2.457067468321897097e-01	1.452558617615517245e-01	2.604452632302733939e-01	1.583770451774954291e-01	7.637020411967480882e-02	3.242297390360705106e-02	8.142190497519459502e-02
1.258304032571739299e+03	2.455120651245141783e-01	1.451400243803435963e-01	2.605706619895625797e-01	1.584567009541786031e-01	7.640325278039133972e-02	3.244455479432221262e-02	8.147273997667424383e-02
1.259755363635835920e+03	2.453177209217315968e-01	1.450243878221575689e-01	2.606958295581723317e-01	1.585362222930112586e-01	7.643624623559792941e-02	3.246610591285435665e-02	8.152348725646156591e-02
1.261206694699932314e+03	2.451237136376494818e-01	1.449089517381784431e-01	2.608207663558066436e-01	1.586156094368795788e-01	7.646918458206579394e-02	3.248762728636905156e-02	8.157414696303764978e-02
1.262658025764028707e+03	2.449300426870975322e-01	1.447937157801992558e-01	2.609454728014068969e-01	1.586948626281551866e-01	7.650206791637749471e-02	3.250911894207617059e-02	8.162471924467415429e-02
1.264109356828125556e+03	2.447367074859259084e-01	1.446786796006204745e-01	2.610699493131535820e-01	1.587739821086965319e-01	7.653489633492746580e-02	3.253058090722944079e-02	8.167520424943329471e-02
1.265560687892221949e+03	2.445437074510034281e-01	1.445638428524487207e-01	2.611941963084678520e-01	1.588529681198506127e-01	7.656766993392247200e-02	3.255201320912598506e-02	8.172560212516764844e-02
1.267012018956318798e+03	2.443510420002157624e-01	1.444492051892958817e-01	2.613182142040128553e-01	1.589318209024543072e-01	7.660038880938201122e-02	3.257341587510588499e-02	8.177591301952003011e-02
1.268463350020415419e+03	2.441587105524636592e-01	1.443347662653778618e-01	2.614420034156952344e-01	1.590105406968359558e-01	7.663305305713882798e-02	3.259478893255174370e-02	8.182613707992342222e-02
1.269914681084511813e+03	2.439667125276610560e-01	1.442205257355136383e-01	2.615655643586667911e-01	1.590891277428167494e-01	7.666566277283935749e-02	3.261613240888826953e-02	8.187627445360082246e-02
1.271366012148608434e+03	2.437750473467334422e-01	1.441064832551241515e-01	2.616888974473257079e-01	1.591675822797121720e-01	7.669821805194416975e-02	3.263744633158180419e-02	8.192632528756516042e-02
1.272817343212705055e+03	2.435837144316159719e-01	1.439926384802312498e-01	2.618120030953183242e-01	1.592459045463336109e-01	7.673071898972837201e-02	3.265873072813989947e-02	8.197628972861920049e-02
1.274268674276801676e+03	2.433927132052517150e-01	1.438789910674566075e-01	2.619348817155402465e-01	1.593240947809896335e-01	7.676316568128210838e-02	3.267998562611091479e-02	8.202616792335540308e-02
1.275720005340898297e+03	2.432020430915898535e-01	1.437655406740206976e-01	2.620575337201380695e-01	1.594021532214875136e-01	7.679555822151103162e-02	3.270121105308355230e-02	8.207596001815586906e-02
1.277171336404994690e+03	2.430117035155839600e-01	1.436522869577417649e-01	2.621799595205106526e-01	1.594800801051347305e-01	7.682789670513667790e-02	3.272240703668646139e-02	8.212566615919228430e-02
1.278622667469091539e+03	2.428216939031901667e-01	1.435392295770346882e-01	2.623021595273107853e-01	1.595578756687403288e-01	7.686018122669696639e-02	3.274357360458778760e-02	8.217528649242576699e-02
1.280073998533187932e+03	2.426320136813654438e-01	1.434263681909099808e-01	2.624241341504465197e-01	1.596355401486163617e-01	7.689241188054661558e-02	3.276471078449475632e-02	8.222482116360681215e-02
1.281525329597284326e+03	2.424426622780657958e-01	1.433137024589727082e-01	2.625458837990826688e-01	1.597130737805792788e-01	7.692458876085758734e-02	3.278581860415327731e-02	8.227427031827519444e-02
1.282976660661381175e+03	2.422536391222445129e-01	1.432012320414215167e-01	2.626674088816420838e-01	1.597904767999514253e-01	7.695671196161950334e-02	3.280689709134750054e-02	8.232363410175998208e-02
1.284427991725477568e+03	2.420649436438504221e-01	1.430889565990474399e-01	2.627887098058073190e-01	1.598677494415624012e-01	7.698878157664015842e-02	3.282794627389941378e-02	8.237291265917934258e-02
1.285879322789574417e+03	2.418765752738261388e-01	1.429768757932330103e-01	2.629097869785219643e-01	1.599448919397504776e-01	7.702079769954586763e-02	3.284896617966843319e-02	8.242210613544059816e-02
1.287330653853671038e+03	2.416885334441062905e-01	1.428649892859511217e-01	2.630306408059920886e-01	1.600219045283639563e-01	7.705276042378195189e-02	3.286995683655097311e-02	8.247121467524008709e-02
1.288781984917767431e+03	2.415008175876158236e-01	1.427532967397640296e-01	2.631512716936876828e-01	1.600987874407625855e-01	7.708466984261315436e-02	3.289091827248006444e-02	8.252023842306312196e-02
1.290233315981864052e+03	2.413134271382681162e-01	1.426417978178222967e-01	2.632716800463439921e-01	1.601755409098190586e-01	7.711652604912407061e-02	3.291185051542493134e-02	8.256917752318397585e-02
