1.001418434226643626e+03	2.792663752017028878e-01	1.808846736209436534e-01	2.349906997830041311e-01	1.410393058026166158e-01	6.801624124890350009e-02	2.691843285784501980e-02	6.888427148483582119e-02
1.003837319333471214e+03	2.788389720278181549e-01	1.806090161569841035e-01	2.352966029416447835e-01	1.412140687753709323e-01	6.808712062438909696e-02	2.696284140807887059e-02	6.899137806556572550e-02
1.006256204440298802e+03	2.784128213930095463e-01	1.803341023804739818e-01	2.356016385327283080e-01	1.413882853016930063e-01	6.815780180085483086e-02	2.700716741840520491e-02	6.909818317268676124e-02
1.008675089547126618e+03	2.779879195518428769e-01	1.800599303385915506e-01	2.359058089503341948e-01	1.415619572668105897e-01	6.822828536879725625e-02	2.705141084493424899e-02	6.920468767854096037e-02
1.011093974653954206e+03	2.775642627704958953e-01	1.797864980833589477e-01	2.362091165820570660e-01	1.417350865489354905e-01	6.829857191619873036e-02	2.709557164582866717e-02	6.931089245297683554e-02
1.013512859760782021e+03	2.771418473267199256e-01	1.795138036716318053e-01	2.365115638090238281e-01	1.419076750192846126e-01	6.836866202855590435e-02	2.713964978128236352e-02	6.941679836335315490e-02
1.015931744867609382e+03	2.767206695098014535e-01	1.792418451650885924e-01	2.368131530059104928e-01	1.420797245421011046e-01	6.843855628890761766e-02	2.718364521349948479e-02	6.952240627454286948e-02
1.018350629974437197e+03	2.763007256205236017e-01	1.789706206302201508e-01	2.371138865409593011e-01	1.422512369746756211e-01	6.850825527786222335e-02	2.722755790667366962e-02	6.962771704893709612e-02
1.020769515081264785e+03	2.758820119711279384e-01	1.787001281383191198e-01	2.374137667759956827e-01	1.424222141673679443e-01	6.857775957362427510e-02	2.727138782696752334e-02	6.973273154644915595e-02
1.023188400188092373e+03	2.754645248852766737e-01	1.784303657654695285e-01	2.377127960664450756e-01	1.425926579636284663e-01	6.864706975202075623e-02	2.731513494249228000e-02	6.983745062451880703e-02
1.025607285294920075e+03	2.750482606980146350e-01	1.781613315925363317e-01	2.380109767613498295e-01	1.427625702000200059e-01	6.871618638652664257e-02	2.735879922328773167e-02	6.994187513811642165e-02
1.028026170401747549e+03	2.746332157557315190e-01	1.778930237051548069e-01	2.383083112033859974e-01	1.429319527062395401e-01	6.878511004829002129e-02	2.740238064130230689e-02	7.004600593974734390e-02
1.030445055508575479e+03	2.742193864161244221e-01	1.776254401937202854e-01	2.386048017288801004e-01	1.431008073051402152e-01	6.885384130615668230e-02	2.744587917037343006e-02	7.014984387945637223e-02
1.032863940615402726e+03	2.738067690481604810e-01	1.773585791533775491e-01	2.389004506678258644e-01	1.432691358127533565e-01	6.892238072669412685e-02	2.748929478620802669e-02	7.025338980483211704e-02
1.035282825722230655e+03	2.733953600320391808e-01	1.770924386840105058e-01	2.391952603439009839e-01	1.434369400383106730e-01	6.899072887421517364e-02	2.753262746636325406e-02	7.035664456101169140e-02
1.037701710829058356e+03	2.729851557591558286e-01	1.768270168902318640e-01	2.394892330744835818e-01	1.436042217842664614e-01	6.905888631080098206e-02	2.757587719022745396e-02	7.045960899068523520e-02
1.040120595935886058e+03	2.725761526320641948e-01	1.765623118813725301e-01	2.397823711706690286e-01	1.437709828463200057e-01	6.912685359632371462e-02	2.761904393900126847e-02	7.056228393410064748e-02
1.042539481042713533e+03	2.721683470644395975e-01	1.762983217714714501e-01	2.400746769372864020e-01	1.439372250134379194e-01	6.919463128846865818e-02	2.766212769567896052e-02	7.066467022906840201e-02
1.044958366149541234e+03	2.717617354810425434e-01	1.760350446792650903e-01	2.403661526729149733e-01	1.441029500678766562e-01	6.926221994275585936e-02	2.770512844502994593e-02	7.076676871096632127e-02
1.047377251256368709e+03	2.713563143176819237e-01	1.757724787281771950e-01	2.406568006699006945e-01	1.442681597852051301e-01	6.932962011256144086e-02	2.774804617358049563e-02	7.086858021274450303e-02
1.049796136363196410e+03	2.709520800211787095e-01	1.755106220463083788e-01	2.409466232143727404e-01	1.444328559343272533e-01	6.939683234913840426e-02	2.779088086959562859e-02	7.097010556493024702e-02
1.052215021470024112e+03	2.705490290493295924e-01	1.752494727664259400e-01	2.412356225862597459e-01	1.445970402775048069e-01	6.946385720163697486e-02	2.783363252306118862e-02	7.107134559563309251e-02
1.054633906576851814e+03	2.701471578708709576e-01	1.749890290259534242e-01	2.415238010593063200e-01	1.447607145703799780e-01	6.953069521712462731e-02	2.787630112566610863e-02	7.117230113054988372e-02
1.057052791683679516e+03	2.697464629654428570e-01	1.747292889669604388e-01	2.418111609010892837e-01	1.449238805619983417e-01	6.959734694060568105e-02	2.791888667078485514e-02	7.127297299296982136e-02
1.059471676790506763e+03	2.693469408235530937e-01	1.744702507361522714e-01	2.420977043730338785e-01	1.450865399948317314e-01	6.966381291504047946e-02	2.796138915346003950e-02	7.137336200377975004e-02
1.061890561897334692e+03	2.689485879465416951e-01	1.742119124848597322e-01	2.423834337304301423e-01	1.452486946048009986e-01	6.973009368136415254e-02	2.800380857038520244e-02	7.147346898146929306e-02
1.064309447004162394e+03	2.685514008465450519e-01	1.739542723690289672e-01	2.426683512224489803e-01	1.454103461212991610e-01	6.979618977850511607e-02	2.804614491988779296e-02	7.157329474213615372e-02
1.066728332110990095e+03	2.681553760464607250e-01	1.736973285492110219e-01	2.429524590921584293e-01	1.455714962672142176e-01	6.986210174340311274e-02	2.808839820191228603e-02	7.167284009949144441e-02
1.069147217217817570e+03	2.677605100799120286e-01	1.734410791905518501e-01	2.432357595765396174e-01	1.457321467589523245e-01	6.992783011102692015e-02	2.813056841800350497e-02	7.177210586486497401e-02
1.071566102324645271e+03	2.673667994912128920e-01	1.731855224627820711e-01	2.435182549065029178e-01	1.458922993064607210e-01	6.999337541439176746e-02	2.817265557129005477e-02	7.187109284721075741e-02
1.073984987431472746e+03	2.669742408353328877e-01	1.729306565402067009e-01	2.437999473069040191e-01	1.460519556132509333e-01	7.005873818457629409e-02	2.821465966646798801e-02	7.196980185311240008e-02
1.076403872538300675e+03	2.665828306778620371e-01	1.726764796016951042e-01	2.440808389965599123e-01	1.462111173764217564e-01	7.012391895073925852e-02	2.825658070978457129e-02	7.206823368678855202e-02
1.078822757645127922e+03	2.661925655949765046e-01	1.724229898306707531e-01	2.443609321882647123e-01	1.463697862866825128e-01	7.018891824013599734e-02	2.829841870902223902e-02	7.216638915009848665e-02
1.081241642751955851e+03	2.658034421734035146e-01	1.721701854151011790e-01	2.446402290888056996e-01	1.465279640283760898e-01	7.025373657813432926e-02	2.834017367348270339e-02	7.226426904254763806e-02
1.083660527858783553e+03	2.654154570103871569e-01	1.719180645474878144e-01	2.449187318989791973e-01	1.466856522795021711e-01	7.031837448823041736e-02	2.838184561397122385e-02	7.236187416129317984e-02
1.086079412965611255e+03	2.650286067136538026e-01	1.716666254248558898e-01	2.451964428136062524e-01	1.468428527117403293e-01	7.038283249206420122e-02	2.842343454278099465e-02	7.245920530114965952e-02
1.088498298072438729e+03	2.646428879013779656e-01	1.714158662487443863e-01	2.454733640215485957e-01	1.469995669904732849e-01	7.044711110943450982e-02	2.846494047367774394e-02	7.255626325459463288e-02
1.090917183179266431e+03	2.642582972021481624e-01	1.711657852251958767e-01	2.457494977057242957e-01	1.471557967748100271e-01	7.051121085831392465e-02	2.850636342188441613e-02	7.265304881177438168e-02
1.093336068286093905e+03	2.638748312549328845e-01	1.709163805647466172e-01	2.460248460431234685e-01	1.473115437176089615e-01	7.057513225486343467e-02	2.854770340406605558e-02	7.274956276050961734e-02
1.095754953392921607e+03	2.634924867090467360e-01	1.706676504824163887e-01	2.462994112048240147e-01	1.474668094655011974e-01	7.063887581344663325e-02	2.858896043831479772e-02	7.284580588630124032e-02
1.098173838499749309e+03	2.631112602241166831e-01	1.704195931976985323e-01	2.465731953560071354e-01	1.476215956589136125e-01	7.070244204664384580e-02	2.863013454413503370e-02	7.294177897233605767e-02
1.100592723606577010e+03	2.627311484700485256e-01	1.701722069345499300e-01	2.468462006559730970e-01	1.477759039320920842e-01	7.076583146526586876e-02	2.867122574242868260e-02	7.303748279949263955e-02
1.103011608713404712e+03	2.623521481269933120e-01	1.699254899213810399e-01	2.471184292581566078e-01	1.479297359131246381e-01	7.082904457836751433e-02	2.871223405548064753e-02	7.313291814634707844e-02
1.105430493820231959e+03	2.619742558853138670e-01	1.696794403910458493e-01	2.473898833101424166e-01	1.480830932239645958e-01	7.089208189326083598e-02	2.875315950694435838e-02	7.322808578917891498e-02
1.107849378927059888e+03	2.615974684455518728e-01	1.694340565808319654e-01	2.476605649536808007e-01	1.482359774804536123e-01	7.095494391552822910e-02	2.879400212182748817e-02	7.332298650197688339e-02
1.110268264033887590e+03	2.612217825183943409e-01	1.691893367324506792e-01	2.479304763247029142e-01	1.483883902923449905e-01	7.101763114903518470e-02	2.883476192647780115e-02	7.341762105644490666e-02
1.112687149140715292e+03	2.608471948246410266e-01	1.689452790920270842e-01	2.481996195533362759e-01	1.485403332633265516e-01	7.108014409594280714e-02	2.887543894856911542e-02	7.351199022200793909e-02
1.115106034247542766e+03	2.604737020951711779e-01	1.687018819100900291e-01	2.484679967639201459e-01	1.486918079910438673e-01	7.114248325672023476e-02	2.891603321708742166e-02	7.360609476581791988e-02
1.117524919354370468e+03	2.601013010709110063e-01	1.684591434415623756e-01	2.487356100750207077e-01	1.488428160671232681e-01	7.120464913015667197e-02	2.895654476231709906e-02	7.369993545275962954e-02
1.119943804461197942e+03	2.597299885028010458e-01	1.682170619457510063e-01	2.490024615994465007e-01	1.489933590771948257e-01	7.126664221337333793e-02	2.899697361582729768e-02	7.379351304545676837e-02
1.122362689568025871e+03	2.593597611517634571e-01	1.679756356863369438e-01	2.492685534442635187e-01	1.491434386009154178e-01	7.132846300183508237e-02	2.903731981045841459e-02	7.388682830427784065e-02
1.124781574674853118e+03	2.589906157886698868e-01	1.677348629313657191e-01	2.495338877108106146e-01	1.492930562119917093e-01	7.139011198936193181e-02	2.907758338030871914e-02	7.397988198734214982e-02
1.127200459781681047e+03	2.586225491943089372e-01	1.674947419532372139e-01	2.497984664947144051e-01	1.494422134782029399e-01	7.145158966814030288e-02	2.911776436072108232e-02	7.407267485052580758e-02
1.129619344888508749e+03	2.582555581593541927e-01	1.672552710286961397e-01	2.500622918859045640e-01	1.495909119614239891e-01	7.151289652873416003e-02	2.915786278826986225e-02	7.416520764746777072e-02
1.132038229995336451e+03	2.578896394843320228e-01	1.670164484388220183e-01	2.503253659686289767e-01	1.497391532176482465e-01	7.157403306009577082e-02	2.919787870074785560e-02	7.425748112957579472e-02
1.134457115102163925e+03	2.575247899795897744e-01	1.667782724690195229e-01	2.505876908214685339e-01	1.498869387970103439e-01	7.163499974957651673e-02	2.923781213715342248e-02	7.434949604603252604e-02
1.136876000208991627e+03	2.571610064652639638e-01	1.665407414090087079e-01	2.508492685173523973e-01	1.500342702438089981e-01	7.169579708293734310e-02	2.927766313767770495e-02	7.444125314380152514e-02
1.139294885315819101e+03	2.567982857712484690e-01	1.663038535528151562e-01	2.511101011235729041e-01	1.501811490965297979e-01	7.175642554435911202e-02	2.931743174369196014e-02	7.453275316763330327e-02
1.141713770422646803e+03	2.564366247371630547e-01	1.660676071987603752e-01	2.513701907018003334e-01	1.503275768878678809e-01	7.181688561645273305e-02	2.935711799773500774e-02	7.462399686007140098e-02
1.144132655529474505e+03	2.560760202123217311e-01	1.658320006494519161e-01	2.516295393080980602e-01	1.504735551447506370e-01	7.187717778026916915e-02	2.939672194350081980e-02	7.471498496145842494e-02
1.146551540636302207e+03	2.557164690557017228e-01	1.655970322117739368e-01	2.518881489929372108e-01	1.506190853883602743e-01	7.193730251530924824e-02	2.943624362582617643e-02	7.480571820994216803e-02
1.148970425743129908e+03	2.553579681359119391e-01	1.653627001968771826e-01	2.521460218012117060e-01	1.507641691341564671e-01	7.199726029953332218e-02	2.947568309067847420e-02	7.489619734148161845e-02
1.151389310849957155e+03	2.550005143311619427e-01	1.651290029201695486e-01	2.524031597722527498e-01	1.509088078918989495e-01	7.205705160937074527e-02	2.951504038514362119e-02	7.498642308985313532e-02
1.153808195956785084e+03	2.546441045292309191e-01	1.648959387013063382e-01	2.526595649398439281e-01	1.510530031656698025e-01	7.211667691972920013e-02	2.955431555741405703e-02	7.507639618665645775e-02
1.156227081063612786e+03	2.542887356274367572e-01	1.646635058641806038e-01	2.529152393322355863e-01	1.511967564538960751e-01	7.217613670400391257e-02	2.959350865677686654e-02	7.516611736132083887e-02
1.158645966170440488e+03	2.539344045326054622e-01	1.644317027369136264e-01	2.531701849721597064e-01	1.513400692493721278e-01	7.223543143408667211e-02	2.963261973360201140e-02	7.525558734111111037e-02
1.161064851277267962e+03	2.535811081610400142e-01	1.642005276518451184e-01	2.534244038768444507e-01	1.514829430392819198e-01	7.229456158037468605e-02	2.967164883933065544e-02	7.534480685113383036e-02
1.163483736384095664e+03	2.532288434384902809e-01	1.639699789455238421e-01	2.536778980580288723e-01	1.516253793052213528e-01	7.235352761177939185e-02	2.971059602646361486e-02	7.543377661434333414e-02
1.165902621490923138e+03	2.528776073001222646e-01	1.637400549586978948e-01	2.539306695219772925e-01	1.517673795232204748e-01	7.241232999573501972e-02	2.974946134854987781e-02	7.552249735154785426e-02
1.168321506597751068e+03	2.525273966904878487e-01	1.635107540363051615e-01	2.541827202694940113e-01	1.519089451637656296e-01	7.247096919820707195e-02	2.978824486017526973e-02	7.561096978141566838e-02
1.170740391704578315e+03	2.521782085634945436e-01	1.632820745274639052e-01	2.544340522959376849e-01	1.520500776918216335e-01	7.252944568370064959e-02	2.982694661695118807e-02	7.569919462048106673e-02
1.173159276811406244e+03	2.518300398823752340e-01	1.630540147854630251e-01	2.546846675912358693e-01	1.521907785668537294e-01	7.258775991526868199e-02	2.986556667550343755e-02	7.578717258315063876e-02
1.175578161918233945e+03	2.514828876196583685e-01	1.628265731677527028e-01	2.549345681398992314e-01	1.523310492428497365e-01	7.264591235452000362e-02	2.990410509346119045e-02	7.587490438170922669e-02
1.177997047025061647e+03	2.511367487571379842e-01	1.625997480359348824e-01	2.551837559210362594e-01	1.524708911683418655e-01	7.270390346162730610e-02	2.994256192944601269e-02	7.596239072632611500e-02
1.180415932131889122e+03	2.507916202858436194e-01	1.623735377557537218e-01	2.554322329083673071e-01	1.526103057864287016e-01	7.276173369533496527e-02	2.998093724306100452e-02	7.604963232506106730e-02
1.182834817238716823e+03	2.504474992060109484e-01	1.621479406970861847e-01	2.556800010702390824e-01	1.527492945347968811e-01	7.281940351296677105e-02	3.001923109488004865e-02	7.613662988387047414e-02
1.185253702345544298e+03	2.501043825270519161e-01	1.619229552339326028e-01	2.559270623696386915e-01	1.528878588457430743e-01	7.287691337043353257e-02	3.005744354643711050e-02	7.622338410661338992e-02
1.187672587452371999e+03	2.497622672675254285e-01	1.616985797444072670e-01	2.561734187642082383e-01	1.530260001461954955e-01	7.293426372224054433e-02	3.009557466021568414e-02	7.630989569505768066e-02
1.190091472559199701e+03	2.494211504551078207e-01	1.614748126107288517e-01	2.564190722062587025e-01	1.531637198577356085e-01	7.299145502149499698e-02	3.013362449963830070e-02	7.639616534888610255e-02
1.192510357666027403e+03	2.490810291265636300e-01	1.612516522192112833e-01	2.566640246427840943e-01	1.533010193966196921e-01	7.304848771991323542e-02	3.017159312905613733e-02	7.648219376570231098e-02
1.194929242772855105e+03	2.487419003277164253e-01	1.610290969602540534e-01	2.569082780154758883e-01	1.534379001738003512e-01	7.310536226782790581e-02	3.020948061373870258e-02	7.656798164103705007e-02
1.197348127879682352e+03	2.484037611134195800e-01	1.608071452283331704e-01	2.571518342607367891e-01	1.535743635949479713e-01	7.316207911419501941e-02	3.024728701986364662e-02	7.665352966835413395e-02
1.199767012986510281e+03	2.480666085475274896e-01	1.605857954219916117e-01	2.573946953096949430e-01	1.537104110604721185e-01	7.321863870660096085e-02	3.028501241450661657e-02	7.673883853905658081e-02
1.202185898093337983e+03	2.477304397028665395e-01	1.603650459438299425e-01	2.576368630882179822e-01	1.538460439655427170e-01	7.327504149126927435e-02	3.032265686563124368e-02	7.682390894249262192e-02
1.204604783200165684e+03	2.473952516612064056e-01	1.601448952004972115e-01	2.578783395169268466e-01	1.539812637001114759e-01	7.333128791306749161e-02	3.036022044207917214e-02	7.690874156596175237e-02
1.207023668306993159e+03	2.470610415132313276e-01	1.599253416026814034e-01	2.581191265112098843e-01	1.541160716489329563e-01	7.338737841551375152e-02	3.039770321356021973e-02	7.699333709472083731e-02
1.209442553413820860e+03	2.467278063585115200e-01	1.597063835651003072e-01	2.583592259812367287e-01	1.542504691915856929e-01	7.344331344078343371e-02	3.043510525064259745e-02	7.707769621199009324e-02
1.211861438520648335e+03	2.463955433054746957e-01	1.594880195064923289e-01	2.585986398319721213e-01	1.543844577024932885e-01	7.349909342971558401e-02	3.047242662474320546e-02	7.716181959895919429e-02
1.214280323627476264e+03	2.460642494713777828e-01	1.592702478496070273e-01	2.588373699631897340e-01	1.545180385509452581e-01	7.355471882181938148e-02	3.050966740811804703e-02	7.724570793479319797e-02
1.216699208734303511e+03	2.457339219822785581e-01	1.590530670211959263e-01	2.590754182694861019e-01	1.546512131011180957e-01	7.361019005528039727e-02	3.054682767385269448e-02	7.732936189663866533e-02
1.219118093841131440e+03	2.454045579730073923e-01	1.588364754520034949e-01	2.593127866402942239e-01	1.547839827120960077e-01	7.366550756696686741e-02	3.058390749585284535e-02	7.741278215962958675e-02
1.221536978947959142e+03	2.450761545871392999e-01	1.586204715767576268e-01	2.595494769598976070e-01	1.549163487378916459e-01	7.372067179243581292e-02	3.062090694883497916e-02	7.749596939689344655e-02
1.223955864054786844e+03	2.447487089769659341e-01	1.584050538341607861e-01	2.597854911074434781e-01	1.550483125274668972e-01	7.377568316593911824e-02	3.065782610831705238e-02	7.757892427955720427e-02
1.226374749161614318e+03	2.444222183034676088e-01	1.581902206668804878e-01	2.600208309569568277e-01	1.551798754247534218e-01	7.383054212042948483e-02	3.069466505060932868e-02	7.766164747675324831e-02
1.228793634268442020e+03	2.440966797362856266e-01	1.579759705215404986e-01	2.602554983773540109e-01	1.553110387686732485e-01	7.388524908756641252e-02	3.073142385280523345e-02	7.774413965562539108e-02
1.231212519375269494e+03	2.437720904536944955e-01	1.577623018487114004e-01	2.604894952324561253e-01	1.554418038931592028e-01	7.393980449772194485e-02	3.076810259277232978e-02	7.782640148133485036e-02
1.233631404482097196e+03	2.434484476425743948e-01	1.575492131029017362e-01	2.607228233810027773e-01	1.555721721271753899e-01	7.399420877998653945e-02	3.080470134914334648e-02	7.790843361706617509e-02
1.236050289588924898e+03	2.431257484983835870e-01	1.573367027425485731e-01	2.609554846766655722e-01	1.557021447947374293e-01	7.404846236217467459e-02	3.084122020130728933e-02	7.799023672403321283e-02
1.238469174695752372e+03	2.428039902251311610e-01	1.571247692300087040e-01	2.611874809680615472e-01	1.558317232149327991e-01	7.410256567083046975e-02	3.087765922940063565e-02	7.807181146148500783e-02
1.240888059802580301e+03	2.424831700353496100e-01	1.569134110315495156e-01	2.614188140987666054e-01	1.559609087019409313e-01	7.415651913123329220e-02	3.091401851429860861e-02	7.815315848671179622e-02
1.243306944909407548e+03	2.421632851500675754e-01	1.567026266173398019e-01	2.616494859073290047e-01	1.560897025650534453e-01	7.421032316740319712e-02	3.095029813760648979e-02	7.823427845505087630e-02
1.245725830016235477e+03	2.418443327987828684e-01	1.564924144614408263e-01	2.618794982272827920e-01	1.562181061086940770e-01	7.426397820210635381e-02	3.098649818165105305e-02	7.831517201989245114e-02
1.248144715123063179e+03	2.415263102194352973e-01	1.562827730417973016e-01	2.621088528871609591e-01	1.563461206324387176e-01	7.431748465686038863e-02	3.102261872947203666e-02	7.839583983268566536e-02
1.250563600229890881e+03	2.412092146583798280e-01	1.560737008402283688e-01	2.623375517105090426e-01	1.564737474310353427e-01	7.437084295193972794e-02	3.105865986481373339e-02	7.847628254294432282e-02
1.252982485336718355e+03	2.408930433703598273e-01	1.558651963424184939e-01	2.625655965158981697e-01	1.566009877944236350e-01	7.442405350638071904e-02	3.109462167211657357e-02	7.855650079825286791e-02
1.255401370443546057e+03	2.405777936184800847e-01	1.556572580379087245e-01	2.627929891169384913e-01	1.567278430077549689e-01	7.447711673798691756e-02	3.113050423650886439e-02	7.863649524427224202e-02
1.257820255550373531e+03	2.402634626741802504e-01	1.554498844200875030e-01	2.630197313222922828e-01	1.568543143514119220e-01	7.453003306333408351e-02	3.116630764379855340e-02	7.871626652474562891e-02
1.260239140657201460e+03	2.399500478172084117e-01	1.552430739861818676e-01	2.632458249356871560e-01	1.569804031010279821e-01	7.458280289777534378e-02	3.120203198046506143e-02	7.879581528150438052e-02
1.262658025764028707e+03	2.396375463355945035e-01	1.550368252372484323e-01	2.634712717559291595e-01	1.571061105275069758e-01	7.463542665544609100e-02	3.123767733365120230e-02	7.887514215447381793e-02
1.265076910870856636e+03	2.393259555256238569e-01	1.548311366781645604e-01	2.636960735769160458e-01	1.572314378970425808e-01	7.468790474926895184e-02	3.127324379115516834e-02	7.895424778167901836e-02
1.267495795977684338e+03	2.390152726918110815e-01	1.546260068176193991e-01	2.639202321876501500e-01	1.573563864711376437e-01	7.474023759095871355e-02	3.130873144142257147e-02	7.903313279925060220e-02
1.269914681084511813e+03	2.387054951468737252e-01	1.544214341681050540e-01	2.641437493722516017e-01	1.574809575066234979e-01	7.479242559102708410e-02	3.134414037353855376e-02	7.911179784143054783e-02
1.272333566191339514e+03	2.383966202117062394e-01	1.542174172459076786e-01	2.643666269099713695e-01	1.576051522556791984e-01	7.484446915878752160e-02	3.137947067721998801e-02	7.919024354057795090e-02
1.274752451298167216e+03	2.380886452153539723e-01	1.540139545710986213e-01	2.645888665752041402e-01	1.577289719658507561e-01	7.489636870235993893e-02	3.141472244280772014e-02	7.926847052717474196e-02
1.277171336404994690e+03	2.377815674949872171e-01	1.538110446675256815e-01	2.648104701375013081e-01	1.578524178800700117e-01	7.494812462867538050e-02	3.144989576125886699e-02	7.934647942983150126e-02
1.279590221511822392e+03	2.374753843958752331e-01	1.536086860628041728e-01	2.650314393615837982e-01	1.579754912366737873e-01	7.499973734348069909e-02	3.148499072413921823e-02	7.942427087529309315e-02
1.282009106618650094e+03	2.371700932713607657e-01	1.534068772883083187e-01	2.652517760073549447e-01	1.580981932694227599e-01	7.505120725134303838e-02	3.152000742361566604e-02	7.950184548844448085e-02
1.284427991725477568e+03	2.368656914828342064e-01	1.532056168791622042e-01	2.654714818299137025e-01	1.582205252075203350e-01	7.510253475565445425e-02	3.155494595244871803e-02	7.957920389231638858e-02
1.286846876832305497e+03	2.365621763997080851e-01	1.530049033742311992e-01	2.656905585795669711e-01	1.583424882756313545e-01	7.515372025863636951e-02	3.158980640398506567e-02	7.965634670809090823e-02
1.289265761939132744e+03	2.362595453993914796e-01	1.528047353161131883e-01	2.659090080018427504e-01	1.584640836939009145e-01	7.520476416134404263e-02	3.162458887215024300e-02	7.973327455510734185e-02
1.291684647045960673e+03	2.359577958672647302e-01	1.526051112511297991e-01	2.661268318375026865e-01	1.585853126779728506e-01	7.525566686367089753e-02	3.165929345144128521e-02	7.980998805086769732e-02
1.294103532152788375e+03	2.356569251966541267e-01	1.524060297293176880e-01	2.663440318225547832e-01	1.587061764390083618e-01	7.530642876435300614e-02	3.169392023691949833e-02	7.988648781104244756e-02
1.296522417259616077e+03	2.353569307888065676e-01	1.522074893044198518e-01	2.665606096882663367e-01	1.588266761837044960e-01	7.535705026097326564e-02	3.172846932420329141e-02	7.996277444947609558e-02
1.298941302366443551e+03	2.350578100528645520e-01	1.520094885338769408e-01	2.667765671611762590e-01	1.589468131143125240e-01	7.540753174996574215e-02	3.176294080946104326e-02	8.003884857819283660e-02
1.301360187473271253e+03	2.347595604058410890e-01	1.518120259788185988e-01	2.669919059631079006e-01	1.590665884286562304e-01	7.545787362661994513e-02	3.179733478940404562e-02	8.011471080740212303e-02
1.303779072580098727e+03	2.344621792725946063e-01	1.516151002040548312e-01	2.672066278111815407e-01	1.591860033201502600e-01	7.550807628508492131e-02	3.183165136127950878e-02	8.019036174550427110e-02
1.306197957686926657e+03	2.341656640858042204e-01	1.514187097780673452e-01	2.674207344178270995e-01	1.593050589778181314e-01	7.555814011837347355e-02	3.186589062286360186e-02	8.026580199909605362e-02
1.308616842793753904e+03	2.338700122859449781e-01	1.512228532730008346e-01	2.676342274907965724e-01	1.594237565863104999e-01	7.560806551836631029e-02	3.190005267245458326e-02	8.034103217297619559e-02
1.311035727900581833e+03	2.335752213212629047e-01	1.510275292646545697e-01	2.678471087331763534e-01	1.595420973259230879e-01	7.565785287581601459e-02	3.193413760886597286e-02	8.041605287015102244e-02
1.313454613007409534e+03	2.332812886477505787e-01	1.508327363324737103e-01	2.680593798434000585e-01	1.596600823726146701e-01	7.570750258035122138e-02	3.196814553141979348e-02	8.049086469183991399e-02
1.315873498114237009e+03	2.329882117291225407e-01	1.506384730595407007e-01	2.682710425152606271e-01	1.597777128980249206e-01	7.575701502048048930e-02	3.200207653993983326e-02	8.056546823748078623e-02
1.318292383221064711e+03	2.326959880367908129e-01	1.504447380325667216e-01	2.684820984379229780e-01	1.598949900694922599e-01	7.580639058359638083e-02	3.203593073474501202e-02	8.063986410473571176e-02
1.320711268327892412e+03	2.324046150498405294e-01	1.502515298418832523e-01	2.686925492959361117e-01	1.600119150500715348e-01	7.585562965597937579e-02	3.206970821664277549e-02	8.071405288949631829e-02
1.323130153434719887e+03	2.321140902550055951e-01	1.500588470814334385e-01	2.689023967692455996e-01	1.601284889985516713e-01	7.590473262280175715e-02	3.210340908692255191e-02	8.078803518588925647e-02
1.325549038541547588e+03	2.318244111466445656e-01	1.498666883487636825e-01	2.691116425332059081e-01	1.602447130694732713e-01	7.595369986813144125e-02	3.213703344734928496e-02	8.086181158628169552e-02
1.327967923648375290e+03	2.315355752267163891e-01	1.496750522450149834e-01	2.693202882585926106e-01	1.603605884131461823e-01	7.600253177493593304e-02	3.217058140015695289e-02	8.093538268128674940e-02
1.330386808755202765e+03	2.312475800047565366e-01	1.494839373749146660e-01	2.695283356116147111e-01	1.604761161756667887e-01	7.605122872508601750e-02	3.220405304804224711e-02	8.100874905976887530e-02
1.332805693862030694e+03	2.309604229978527712e-01	1.492933423467678322e-01	2.697357862539266904e-01	1.605912974989354702e-01	7.609979109935960384e-02	3.223744849415818847e-02	8.108191130884931375e-02
1.335224578968857941e+03	2.306741017306215280e-01	1.491032657724488675e-01	2.699426418426407737e-01	1.607061335206738661e-01	7.614821927744544472e-02	3.227076784210790306e-02	8.115487001391147315e-02
1.337643464075685870e+03	2.303886137351839614e-01	1.489137062673930589e-01	2.701489040303391986e-01	1.608206253744420278e-01	7.619651363794686938e-02	3.230401119593837023e-02	8.122762575860632828e-02
1.340062349182513572e+03	2.301039565511422136e-01	1.487246624505883241e-01	2.703545744650860949e-01	1.609347741896556827e-01	7.624467455838546126e-02	3.233717866013427478e-02	8.130017912485773546e-02
1.342481234289341273e+03	2.298201277255559061e-01	1.485361329445665235e-01	2.705596547904396965e-01	1.610485810916031657e-01	7.629270241520470786e-02	3.237027033961187295e-02	8.137253069286785878e-02
1.344900119396168748e+03	2.295371248129183805e-01	1.483481163753953835e-01	2.707641466454644985e-01	1.611620472014624883e-01	7.634059758377365057e-02	3.240328633971296945e-02	8.144468104112240203e-02
1.347319004502996449e+03	2.292549453751333843e-01	1.481606113726698648e-01	2.709680516647429149e-01	1.612751736363181865e-01	7.638836043839046519e-02	3.243622676619883211e-02	8.151663074639603490e-02
1.349737889609823924e+03	2.289735869814914782e-01	1.479736165695040573e-01	2.711713714783878237e-01	1.613879615091783348e-01	7.643599135228604236e-02	3.246909172524430759e-02	8.158838038375758328e-02
1.352156774716651853e+03	2.286930472086469435e-01	1.477871306025227149e-01	2.713741077120540024e-01	1.615004119289910889e-01	7.648349069762756802e-02	3.250188132343185404e-02	8.165993052657542772e-02
1.354575659823479100e+03	2.284133236405943568e-01	1.476011521118529568e-01	2.715762619869503403e-01	1.616125260006615327e-01	7.653085884552200679e-02	3.253459566774569850e-02	8.173128174652270761e-02
1.356994544930307029e+03	2.281344138686454415e-01	1.474156797411160236e-01	2.717778359198517180e-01	1.617243048250682769e-01	7.657809616601959912e-02	3.256723486556602903e-02	8.180243461358258084e-02
1.359413430037134731e+03	2.278563154914060584e-01	1.472307121374188954e-01	2.719788311231106093e-01	1.618357494990800005e-01	7.662520302811737238e-02	3.259979902466322854e-02	8.187338969605345573e-02
1.361832315143962205e+03	2.275790261147531413e-01	1.470462479513461318e-01	2.721792492046693490e-01	1.619468611155719662e-01	7.667217979976252706e-02	3.263228825319215015e-02	8.194414756055430626e-02
1.364251200250789907e+03	2.273025433518117144e-01	1.468622858369516004e-01	2.723790917680717349e-01	1.620576407634423954e-01	7.671902684785593396e-02	3.266470265968646203e-02	8.201470877202972354e-02
1.366670085357617609e+03	2.270268648229320507e-01	1.466788244517501782e-01	2.725783604124746295e-01	1.621680895276289003e-01	7.676574453825545097e-02	3.269704235305300605e-02	8.208507389375527263e-02
1.369088970464445310e+03	2.267519881556670225e-01	1.464958624567096190e-01	2.727770567326600060e-01	1.622782084891246090e-01	7.681233323577940642e-02	3.272930744256626057e-02	8.215524348734254412e-02
1.371507855571272785e+03	2.264779109847492866e-01	1.463133985162422546e-01	2.729751823190463833e-01	1.623879987249944867e-01	7.685879330420983258e-02	3.276149803786278236e-02	8.222521811274439985e-02
1.373926740678100487e+03	2.262046309520685805e-01	1.461314312981969732e-01	2.731727387577007615e-01	1.624974613083914610e-01	7.690512510629583798e-02	3.279361424893574573e-02	8.229499832826003836e-02
1.376345625784927961e+03	2.259321457066492678e-01	1.459499594738508377e-01	2.733697276303501678e-01	1.626065973085723815e-01	7.695132900375696583e-02	3.282565618612950237e-02	8.236458469054024067e-02
1.378764510891755890e+03	2.256604529046278840e-01	1.457689817179010916e-01	2.735661505143932026e-01	1.627154077909141461e-01	7.699740535728644142e-02	3.285762396013421072e-02	8.243397775459235244e-02
1.381183395998583137e+03	2.253895502092306824e-01	1.455884967084569437e-01	2.737620089829117531e-01	1.628238938169294936e-01	7.704335452655441951e-02	3.288951768198046521e-02	8.250317807378551582e-02
1.383602281105411066e+03	2.251194352907513463e-01	1.454085031270315187e-01	2.739573046046825389e-01	1.629320564442829633e-01	7.708917687021125953e-02	3.292133746303401581e-02	8.257218619985565167e-02
1.386021166212238768e+03	2.248501058265285901e-01	1.452289996585336418e-01	2.741520389441885475e-01	1.630398967268066046e-01	7.713487274589073128e-02	3.295308341499053606e-02	8.264100268291056650e-02
1.388440051319066470e+03	2.245815595009242882e-01	1.450499849912598449e-01	2.743462135616306918e-01	1.631474157145157144e-01	7.718044251021322077e-02	3.298475564987039116e-02	8.270962807143504569e-02
1.390858936425893944e+03	2.243137940053010482e-01	1.448714578168862621e-01	2.745398300129391345e-01	1.632546144536245192e-01	7.722588651878889432e-02	3.301635428001348238e-02	8.277806291229579394e-02
1.393277821532721646e+03	2.240468070380003951e-01	1.446934168304605806e-01	2.747328898497848337e-01	1.633614939865616345e-01	7.727120512622093207e-02	3.304787941807413310e-02	8.284630775074655618e-02
1.395696706639549120e+03	2.237805963043207058e-01	1.445158607303939358e-01	2.749253946195910348e-01	1.634680553519856638e-01	7.731639868610860888e-02	3.307933117701599562e-02	8.291436313043305806e-02
1.398115591746377049e+03	2.235151595164954208e-01	1.443387882184530291e-01	2.751173458655443715e-01	1.635742995848006587e-01	7.736146755105038908e-02	3.311070967010704830e-02	8.298222959339804361e-02
1.400534476853204296e+03	2.232504943936711728e-01	1.441621979997519121e-01	2.753087451266065799e-01	1.636802277161713837e-01	7.740641207264713219e-02	3.314201501091457863e-02	8.304990768008620183e-02
1.402953361960032225e+03	2.229865986618860263e-01	1.439860887827441593e-01	2.754995939375255443e-01	1.637858407735386657e-01	7.745123260150510447e-02	3.317324731330024978e-02	8.311739792934916271e-02
1.405372247066859927e+03	2.227234700540478562e-01	1.438104592792148750e-01	2.756898938288466772e-01	1.638911397806347425e-01	7.749592948723908747e-02	3.320440669141518780e-02	8.318470087845046546e-02
1.407791132173687402e+03	2.224611063099127817e-01	1.436353082042726437e-01	2.758796463269243548e-01	1.639961257574981957e-01	7.754050307847540346e-02	3.323549325969512441e-02	8.325181706307040186e-02
1.410210017280515103e+03	2.221995051760636275e-01	1.434606342763415920e-01	2.760688529539328528e-01	1.641007997204892710e-01	7.758495372285496849e-02	3.326650713285556754e-02	8.331874701731102617e-02
1.412628902387342805e+03	2.219386644058884694e-01	1.432864362171535344e-01	2.762575152278778923e-01	1.642051626823047283e-01	7.762928176703630390e-02	3.329744842588703430e-02	8.338549127370097069e-02
1.415047787494170507e+03	2.216785817595592623e-01	1.431127127517399789e-01	2.764456346626074645e-01	1.643092156519929403e-01	7.767348755669853388e-02	3.332831725405028395e-02	8.345205036320038627e-02
1.417466672600997981e+03	2.214192550040105512e-01	1.429394626084243558e-01	2.766332127678233221e-01	1.644129596349687139e-01	7.771757143654438316e-02	3.335911373287164111e-02	8.351842481520577177e-02
1.419885557707825683e+03	2.211606819129182666e-01	1.427666845188139688e-01	2.768202510490919699e-01	1.645163956330281951e-01	7.776153375030314674e-02	3.338983797813832588e-02	8.358461515755485904e-02
1.422304442814653157e+03	2.209028602666784635e-01	1.425943772177921953e-01	2.770067510078556561e-01	1.646195246443635796e-01	7.780537484073364596e-02	3.342049010589381863e-02	8.365062191653142853e-02
1.424723327921481086e+03	2.206457878523863381e-01	1.424225394435106318e-01	2.771927141414434748e-01	1.647223476635777673e-01	7.784909504962714277e-02	3.345107023243330119e-02	8.371644561687013875e-02
1.427142213028308333e+03	2.203894624638151889e-01	1.422511699373812666e-01	2.773781419430826345e-01	1.648248656816990454e-01	7.789269471781024023e-02	3.348157847429911876e-02	8.378208678176130020e-02
1.429561098135136262e+03	2.201338819013954062e-01	1.420802674440686808e-01	2.775630359019091720e-01	1.649270796861957156e-01	7.793617418514788009e-02	3.351201494827624888e-02	8.384754593285569102e-02
1.431979983241963964e+03	2.198790439721936829e-01	1.419098307114822488e-01	2.777473975029789988e-01	1.650289906609905544e-01	7.797953379054611833e-02	3.354237977138784660e-02	8.391282359026934479e-02
1.434398868348791666e+03	2.196249464898921144e-01	1.417398584907682280e-01	2.779312282272790591e-01	1.651305995864751353e-01	7.802277387195510894e-02	3.357267306089083136e-02	8.397792027258831060e-02
1.436817753455619140e+03	2.193715872747675488e-01	1.415703495363020703e-01	2.781145295517380434e-01	1.652319074395244003e-01	7.806589476637187941e-02	3.360289493427148777e-02	8.404283649687334379e-02
1.439236638562446842e+03	2.191189641536708255e-01	1.414013026056807620e-01	2.782973029492372685e-01	1.653329151935108710e-01	7.810889680984323125e-02	3.363304550924111486e-02	8.410757277866469372e-02
1.441655523669274316e+03	2.188670749600062637e-01	1.412327164597148577e-01	2.784795498886217247e-01	1.654336238183188867e-01	7.815178033746854325e-02	3.366312490373170319e-02	8.417212963198678066e-02
1.444074408776102018e+03	2.186159175337110128e-01	1.410645898624209305e-01	2.786612718347107331e-01	1.655340342803587883e-01	7.819454568340261646e-02	3.369313323589167436e-02	8.423650756935295580e-02
1.446493293882929493e+03	2.183654897212347623e-01	1.408969215810138287e-01	2.788424702483089379e-01	1.656341475425810728e-01	7.823719318085843588e-02	3.372307062408161360e-02	8.430070710177006710e-02
1.448912178989757422e+03	2.181157893755191202e-01	1.407297103858989318e-01	2.790231465862169080e-01	1.657339645644904103e-01	7.827972316211002923e-02	3.375293718687010641e-02	8.436472873874323319e-02
1.451331064096585123e+03	2.178668143559774895e-01	1.405629550506644621e-01	2.792033023012419624e-01	1.658334863021596328e-01	7.832213595849517318e-02	3.378273304302954055e-02	8.442857298828045087e-02
1.453749949203412370e+03	2.176185625284746961e-01	1.403966543520739074e-01	2.793829388422089943e-01	1.659327137082436954e-01	7.836443190041819662e-02	3.381245831153197740e-02	8.449224035689725798e-02
1.456168834310240300e+03	2.173710317653068103e-01	1.402308070700582776e-01	2.795620576539709079e-01	1.660316477319935813e-01	7.840661131735275624e-02	3.384211311154507185e-02	8.455573134962131310e-02
1.458587719417068001e+03	2.171242199451809962e-01	1.400654119877084991e-01	2.797406601774197199e-01	1.661302893192699859e-01	7.844867453784450106e-02	3.387169756242797841e-02	8.461904646999704460e-02
1.461006604523895703e+03	2.168781249531955002e-01	1.399004678912678101e-01	2.799187478494967740e-01	1.662286394125571665e-01	7.849062188951388963e-02	3.390121178372736133e-02	8.468218622009020258e-02
1.463425489630723177e+03	2.166327446808196666e-01	1.397359735701241279e-01	2.800963221032036210e-01	1.663266989509765703e-01	7.853245369905884066e-02	3.393065589517337693e-02	8.474515110049250788e-02
1.465844374737550879e+03	2.163880770258738984e-01	1.395719278168025268e-01	2.802733843676123993e-01	1.664244688703004904e-01	7.857417029225743921e-02	3.396003001667572546e-02	8.480794161032613465e-02
1.468263259844378354e+03	2.161441198925100060e-01	1.394083294269575779e-01	2.804499360678767150e-01	1.665219501029656102e-01	7.861577199397064286e-02	3.398933426831973748e-02	8.487055824724829001e-02
1.470682144951206283e+03	2.159008711911911682e-01	1.392451771993658272e-01	2.806259786252419119e-01	1.666191435780864649e-01	7.865725912814497400e-02	3.401856877036248117e-02	8.493300150745573818e-02
1.473101030058033530e+03	2.156583288386723363e-01	1.390824699359183014e-01	2.808015134570554516e-01	1.667160502214689033e-01	7.869863201781517048e-02	3.404773364322890433e-02	8.499527188568936631e-02
1.475519915164861459e+03	2.154164907579805832e-01	1.389202064416129589e-01	2.809765419767779049e-01	1.668126709556235210e-01	7.873989098510679463e-02	3.407682900750799021e-02	8.505736987523862536e-02
1.477938800271689161e+03	2.151753548783954528e-01	1.387583855245470288e-01	2.811510655939929437e-01	1.669090066997788446e-01	7.878103635123898107e-02	3.410585498394902437e-02	8.511929596794604036e-02
1.480357685378516862e+03	2.149349191354294197e-01	1.385970059959097944e-01	2.813250857144179440e-01	1.670050583698947377e-01	7.882206843652696249e-02	3.413481169345778526e-02	8.518105065421167910e-02
1.482776570485344337e+03	2.146951814708084605e-01	1.384360666699748221e-01	2.814986037399142549e-01	1.671008268786755291e-01	7.886298756038472024e-02	3.416369925709284577e-02	8.524263442299763460e-02
