1.001418434226643626e+03	2.791421071129567277e-01	1.809877870237104613e-01	2.350114330548279673e-01	1.410504229288427891e-01	6.801261005462536091e-02	2.690907244658626019e-02	6.888656737829987331e-02
1.003837319333471214e+03	2.787125749738592617e-01	1.807139835159435604e-01	2.353178286871552560e-01	1.412253634456354934e-01	6.808333203518951438e-02	2.695331143792422876e-02	6.899360590414206629e-02
1.006256204440298802e+03	2.782842909404996679e-01	1.804409283043141021e-01	2.356233610085559926e-01	1.413997554634096876e-01	6.815385498123054109e-02	2.699746770386037692e-02	6.910034159797900921e-02
1.008675089547126618e+03	2.778572513574001368e-01	1.801686193546869763e-01	2.359280324110257232e-01	1.415736008417509129e-01	6.822417949176082241e-02	2.704154120984823481e-02	6.920677533337657450e-02
1.011093974653954206e+03	2.774314525799826403e-01	1.798970546383942271e-01	2.362318452799704038e-01	1.417469014336706357e-01	6.829430616310439017e-02	2.708553192327086898e-02	6.931290798145615939e-02
1.013512859760782021e+03	2.770068909745348473e-01	1.796262321322205369e-01	2.365348019942244695e-01	1.419196590856225959e-01	6.836423558892840147e-02	2.712943981342066241e-02	6.941874041089780845e-02
1.015931744867609382e+03	2.765835629181759292e-01	1.793561498183890157e-01	2.368369049260687087e-01	1.420918756375189329e-01	6.843396836027387797e-02	2.717326485147930626e-02	6.952427348794348871e-02
1.018350629974437197e+03	2.761614647988230309e-01	1.790868056845466294e-01	2.371381564412483045e-01	1.422635529227469497e-01	6.850350506558598729e-02	2.721700701049801358e-02	6.962950807640035100e-02
1.020769515081264785e+03	2.757405930151570206e-01	1.788181977237500164e-01	2.374385588989908480e-01	1.424346927681856556e-01	6.857284629074354709e-02	2.726066626537797591e-02	6.973444503764421321e-02
1.023188400188092373e+03	2.753209439765891275e-01	1.785503239344511661e-01	2.377381146520240185e-01	1.426052969942227799e-01	6.864199261908811300e-02	2.730424259285100380e-02	6.983908523062307139e-02
1.025607285294920075e+03	2.749025141032275799e-01	1.782831823204832078e-01	2.380368260465934027e-01	1.427753674147717033e-01	6.871094463145233089e-02	2.734773597146038238e-02	6.994342951186069413e-02
1.028026170401747549e+03	2.744852998258438537e-01	1.780167708910461166e-01	2.383346954224803971e-01	1.429449058372888604e-01	6.877970290618778959e-02	2.739114638154195591e-02	7.004747873546025849e-02
1.030445055508575479e+03	2.740692975858398106e-01	1.777510876606926971e-01	2.386317251130197770e-01	1.431139140627909201e-01	6.884826801919237405e-02	2.743447380520539283e-02	7.015123375310818032e-02
1.032863940615402726e+03	2.736545038352142800e-01	1.774861306493143165e-01	2.389279174451175158e-01	1.432823938858724111e-01	6.891664054393700778e-02	2.747771822631567273e-02	7.025469541407795837e-02
1.035282825722230655e+03	2.732409150365300854e-01	1.772218978821268054e-01	2.392232747392682435e-01	1.434503470947233461e-01	6.898482105149185417e-02	2.752087963047475730e-02	7.035786456523403232e-02
1.037701710829058356e+03	2.728285276628814038e-01	1.769583873896564408e-01	2.395177993095728153e-01	1.436177754711469856e-01	6.905281011055205975e-02	2.756395800500346591e-02	7.046074205103587673e-02
1.040120595935886058e+03	2.724173381978607367e-01	1.766955972077259851e-01	2.398114934637559925e-01	1.437846807905778512e-01	6.912060828746298402e-02	2.760695333892353859e-02	7.056332871354199787e-02
1.042539481042713533e+03	2.720073431355261584e-01	1.764335253774405865e-01	2.401043595031837063e-01	1.439510648220997113e-01	6.918821614624490191e-02	2.764986562293989675e-02	7.066562539241409702e-02
1.044958366149541234e+03	2.715985389803692862e-01	1.761721699451737622e-01	2.403963997228806826e-01	1.441169293284637609e-01	6.925563424861719275e-02	2.769269484942308776e-02	7.076763292492128932e-02
1.047377251256368709e+03	2.711909222472823622e-01	1.759115289625537148e-01	2.406876164115476224e-01	1.442822760661069126e-01	6.932286315402214072e-02	2.773544101239191345e-02	7.086935214594439203e-02
1.049796136363196410e+03	2.707844894615262232e-01	1.756516004864492053e-01	2.409780118515787439e-01	1.444471067851701984e-01	6.938990341964826336e-02	2.777810410749624592e-02	7.097078388798019888e-02
1.052215021470024112e+03	2.703792371586980492e-01	1.753923825789558411e-01	2.412675883190788517e-01	1.446114232295172275e-01	6.945675560045311281e-02	2.782068413200002033e-02	7.107192898114597646e-02
1.054633906576851814e+03	2.699751618846993884e-01	1.751338733073822262e-01	2.415563480838806842e-01	1.447752271367528376e-01	6.952342024918564678e-02	2.786318108476439417e-02	7.117278825318384960e-02
1.057052791683679516e+03	2.695722601957041831e-01	1.748760707442361395e-01	2.418442934095621222e-01	1.449385202382417470e-01	6.958989791640829425e-02	2.790559496623111480e-02	7.127336252946535333e-02
1.059471676790506763e+03	2.691705286581269063e-01	1.746189729672108781e-01	2.421314265534632582e-01	1.451013042591274005e-01	6.965618915051842441e-02	2.794792577840601519e-02	7.137365263299601248e-02
1.061890561897334692e+03	2.687699638485909204e-01	1.743625780591714636e-01	2.424177497667035219e-01	1.452635809183507321e-01	6.972229449776949639e-02	2.799017352484271803e-02	7.147365938441997690e-02
1.064309447004162394e+03	2.683705623538967799e-01	1.741068841081410690e-01	2.427032652941987778e-01	1.454253519286692886e-01	6.978821450229177881e-02	2.803233821062647846e-02	7.157338360202467054e-02
1.066728332110990095e+03	2.679723207709908683e-01	1.738518892072872246e-01	2.429879753746781723e-01	1.455866189966760205e-01	6.985394970611276400e-02	2.807441984235822113e-02	7.167282610174556534e-02
1.069147217217817570e+03	2.675752357069339227e-01	1.735975914549083565e-01	2.432718822407012871e-01	1.457473838228185714e-01	6.991950064917698549e-02	2.811641842813870917e-02	7.177198769717094140e-02
1.071566102324645271e+03	2.671793037788698921e-01	1.733439889544201862e-01	2.435549881186749310e-01	1.459076481014184856e-01	6.998486786936566895e-02	2.815833397755291082e-02	7.187086919954671638e-02
1.073984987431472746e+03	2.667845216139946851e-01	1.730910798143421303e-01	2.438372952288699880e-01	1.460674135206902480e-01	7.005005190251589742e-02	2.820016650165447711e-02	7.196947141778133050e-02
1.076403872538300675e+03	2.663908858495252496e-01	1.728388621482839227e-01	2.441188057854382643e-01	1.462266817627607407e-01	7.011505328243947122e-02	2.824191601295042778e-02	7.206779515845070094e-02
1.078822757645127922e+03	2.659983931326684314e-01	1.725873340749319862e-01	2.443995219964293364e-01	1.463854545036885335e-01	7.017987254094133764e-02	2.828358252538595852e-02	7.216584122580312066e-02
1.081241642751955851e+03	2.656070401205905540e-01	1.723364937180361378e-01	2.446794460638071211e-01	1.465437334134833958e-01	7.024451020783779864e-02	2.832516605432940440e-02	7.226361042176426830e-02
1.083660527858783553e+03	2.652168234803862212e-01	1.720863392063961828e-01	2.449585801834666954e-01	1.467015201561256421e-01	7.030896681097426049e-02	2.836666661655737678e-02	7.236110354594234295e-02
1.086079412965611255e+03	2.648277398890481193e-01	1.718368686738484252e-01	2.452369265452508107e-01	1.468588163895856724e-01	7.037324287624266428e-02	2.840808423024001120e-02	7.245832139563301855e-02
1.088498298072438729e+03	2.644397860334363748e-01	1.715880802592524568e-01	2.455144873329665467e-01	1.470156237658435394e-01	7.043733892759870829e-02	2.844941891492639569e-02	7.255526476582466189e-02
1.090917183179266431e+03	2.640529586102481341e-01	1.713399721064779169e-01	2.457912647244019089e-01	1.471719439309086275e-01	7.050125548707857071e-02	2.849067069153012749e-02	7.265193444920346744e-02
1.093336068286093905e+03	2.636672543259871992e-01	1.710925423643910870e-01	2.460672608913421489e-01	1.473277785248391647e-01	7.056499307481550742e-02	2.853183958231501199e-02	7.274833123615861985e-02
1.095754953392921607e+03	2.632826698969341073e-01	1.708457891868417067e-01	2.463424779995864178e-01	1.474831291817619572e-01	7.062855220905603360e-02	2.857292561088091085e-02	7.284445591478751203e-02
1.098173838499749309e+03	2.628992020491159320e-01	1.705997107326499285e-01	2.466169182089640866e-01	1.476379975298920955e-01	7.069193340617579979e-02	2.861392880214972886e-02	7.294030927090104643e-02
1.100592723606577010e+03	2.625168475182763639e-01	1.703543051655928842e-01	2.468905836733510384e-01	1.477923851915526610e-01	7.075513718069524616e-02	2.865484918235152237e-02	7.303589208802885313e-02
1.103011608713404712e+03	2.621356030498456779e-01	1.701095706543918062e-01	2.471634765406861556e-01	1.479462937831944602e-01	7.081816404529495124e-02	2.869568677901076365e-02	7.313120514742467437e-02
1.105430493820231959e+03	2.617554653989112023e-01	1.698655053726988162e-01	2.474355989529873900e-01	1.480997249154159257e-01	7.088101451083063387e-02	2.873644162093273030e-02	7.322624922807169368e-02
1.107849378927059888e+03	2.613764313301875641e-01	1.696221074990839073e-01	2.477069530463681946e-01	1.482526801929827664e-01	7.094368908634801629e-02	2.877711373819001953e-02	7.332102510668783713e-02
1.110268264033887590e+03	2.609984976179871019e-01	1.693793752170220102e-01	2.479775409510535933e-01	1.484051612148478971e-01	7.100618827909728481e-02	2.881770316210921501e-02	7.341553355773124123e-02
1.112687149140715292e+03	2.606216610461904448e-01	1.691373067148797538e-01	2.482473647913963077e-01	1.485571695741711995e-01	7.106851259454737002e-02	2.885820992525765447e-02	7.350977535340562363e-02
1.115106034247542766e+03	2.602459184082172583e-01	1.688959001859026976e-01	2.485164266858928828e-01	1.487087068583393679e-01	7.113066253640000502e-02	2.889863406143034635e-02	7.360375126366577869e-02
1.117524919354370468e+03	2.598712665069969341e-01	1.686551538282024532e-01	2.487847287471997570e-01	1.488597746489858653e-01	7.119263860660340892e-02	2.893897560563700108e-02	7.369746205622296209e-02
1.119943804461197942e+03	2.594977021549392249e-01	1.684150658447436666e-01	2.490522730821492503e-01	1.490103745220107412e-01	7.125444130536578990e-02	2.897923459408918712e-02	7.379090849655049744e-02
1.122362689568025871e+03	2.591252221739056560e-01	1.681756344433312234e-01	2.493190617917656060e-01	1.491605080476003931e-01	7.131607113116875118e-02	2.901941106418761546e-02	7.388409134788914701e-02
1.124781574674853118e+03	2.587538233951802158e-01	1.679368578365973697e-01	2.495850969712807566e-01	1.493101767902476340e-01	7.137752858078015572e-02	2.905950505450954902e-02	7.397701137125273219e-02
1.127200459781681047e+03	2.583835026594405448e-01	1.676987342419890559e-01	2.498503807101503382e-01	1.494593823087714268e-01	7.143881414926710194e-02	2.909951660479630567e-02	7.406966932543362914e-02
1.129619344888508749e+03	2.580142568167294037e-01	1.674612618817549470e-01	2.501149150920694564e-01	1.496081261563367848e-01	7.149992833000844150e-02	2.913944575594091396e-02	7.416206596700837539e-02
1.132038229995336451e+03	2.576460827264258069e-01	1.672244389829329603e-01	2.503787021949885894e-01	1.497564098804747557e-01	7.156087161470715829e-02	2.917929254997586944e-02	7.425420205034317933e-02
1.134457115102163925e+03	2.572789772572164346e-01	1.669882637773374146e-01	2.506417440911291039e-01	1.499042350231021559e-01	7.162164449340252537e-02	2.921905703006099156e-02	7.434607832759959622e-02
1.136876000208991627e+03	2.569129372870674888e-01	1.667527345015464013e-01	2.509040428469992423e-01	1.500516031205414713e-01	7.168224745448208146e-02	2.925873924047142985e-02	7.443769554874012095e-02
1.139294885315819101e+03	2.565479597031959380e-01	1.665178493968891837e-01	2.511656005234095268e-01	1.501985157035407026e-01	7.174268098469337163e-02	2.929833922658574979e-02	7.452905446153371138e-02
1.141713770422646803e+03	2.561840414020413181e-01	1.662836067094335679e-01	2.514264191754887467e-01	1.503449742972933212e-01	7.180294556915547965e-02	2.933785703487414714e-02	7.462015581156158928e-02
1.144132655529474505e+03	2.558211792892378655e-01	1.660500046899733573e-01	2.516865008526990022e-01	1.504909804214579483e-01	7.186304169137044950e-02	2.937729271288675933e-02	7.471100034222277753e-02
1.146551540636302207e+03	2.554593702795862065e-01	1.658170415940157794e-01	2.519458475988516355e-01	1.506365355901782555e-01	7.192296983323434589e-02	2.941664630924211224e-02	7.480158879473974842e-02
1.148970425743129908e+03	2.550986112970252684e-01	1.655847156817691068e-01	2.522044614521228301e-01	1.507816413121027266e-01	7.198273047504830102e-02	2.945591787361563629e-02	7.489192190816419681e-02
1.151389310849957155e+03	2.547388992746046354e-01	1.653530252181300841e-01	2.524623444450685983e-01	1.509262990904044477e-01	7.204232409552931149e-02	2.949510745672831794e-02	7.498200041938263283e-02
1.153808195956785084e+03	2.543802311544566264e-01	1.651219684726715486e-01	2.527194986046404912e-01	1.510705104228009799e-01	7.210175117182082705e-02	2.953421511033544819e-02	7.507182506312209957e-02
1.156227081063612786e+03	2.540226038877685943e-01	1.648915437196299405e-01	2.529759259522010861e-01	1.512142768015738714e-01	7.216101217950317281e-02	2.957324088721546840e-02	7.516139657195589074e-02
1.158645966170440488e+03	2.536660144347552825e-01	1.646617492378931458e-01	2.532316285035388637e-01	1.513575997135886420e-01	7.222010759260387436e-02	2.961218484115892349e-02	7.525071567630925440e-02
1.161064851277267962e+03	2.533104597646314571e-01	1.644325833109878399e-01	2.534866082688840838e-01	1.515004806403143500e-01	7.227903788360770521e-02	2.965104702695751590e-02	7.533978310446508286e-02
1.163483736384095664e+03	2.529559368555842069e-01	1.642040442270674139e-01	2.537408672529235520e-01	1.516429210578432440e-01	7.233780352346666498e-02	2.968982750039326005e-02	7.542859958256965813e-02
1.165902621490923138e+03	2.526024426947459101e-01	1.639761302788997066e-01	2.539944074548159958e-01	1.517849224369104966e-01	7.239640498160969384e-02	2.972852631822773747e-02	7.551716583463838339e-02
1.168321506597751068e+03	2.522499742781667553e-01	1.637488397638546811e-01	2.542472308682073301e-01	1.519264862429137442e-01	7.245484272595238695e-02	2.976714353819145259e-02	7.560548258256151455e-02
1.170740391704578315e+03	2.518985286107878196e-01	1.635221709838921844e-01	2.544993394812455900e-01	1.520676139359327383e-01	7.251311722290638972e-02	2.980567921897326472e-02	7.569355054610990563e-02
1.173159276811406244e+03	2.515481027064138120e-01	1.632961222455499295e-01	2.547507352765959188e-01	1.522083069707488856e-01	7.257122893738870983e-02	2.984413342020994855e-02	7.578137044294072644e-02
1.175578161918233945e+03	2.511986935876859839e-01	1.630706918599311162e-01	2.550014202314560552e-01	1.523485667968647872e-01	7.262917833283091817e-02	2.988250620247582395e-02	7.586894298860323571e-02
1.177997047025061647e+03	2.508502982860555397e-01	1.628458781426924684e-01	2.552513963175708223e-01	1.524883948585237792e-01	7.268696587118815555e-02	2.992079762727249334e-02	7.595626889654452651e-02
1.180415932131889122e+03	2.505029138417568246e-01	1.626216794140321609e-01	2.555006655012474481e-01	1.526277925947292780e-01	7.274459201294802835e-02	2.995900775701865540e-02	7.604334887811528554e-02
1.182834817238716823e+03	2.501565373037804574e-01	1.623980939986776895e-01	2.557492297433703321e-01	1.527667614392643758e-01	7.280205721713935152e-02	2.999713665504003327e-02	7.613018364257552462e-02
1.185253702345544298e+03	2.498111657298466015e-01	1.621751202258738811e-01	2.559970909994156996e-01	1.529053028207111309e-01	7.285936194134073896e-02	3.003518438555937212e-02	7.621677389710038164e-02
1.187672587452371999e+03	2.494667961863787087e-01	1.619527564293709032e-01	2.562442512194667565e-01	1.530434181624698853e-01	7.291650664168909668e-02	3.007315101368653737e-02	7.630312034678585209e-02
1.190091472559199701e+03	2.491234257484769288e-01	1.617310009474123567e-01	2.564907123482284557e-01	1.531811088827787215e-01	7.297349177288799116e-02	3.011103660540871002e-02	7.638922369465452056e-02
1.192510357666027403e+03	2.487810514998917422e-01	1.615098521227232298e-01	2.567364763250421511e-01	1.533183763947326139e-01	7.303031778821582332e-02	3.014884122758064097e-02	7.647508464166140330e-02
1.194929242772855105e+03	2.484396705329978139e-01	1.612893083024981022e-01	2.569815450839002535e-01	1.534552221063028299e-01	7.308698513953398868e-02	3.018656494791501291e-02	7.656070388669961035e-02
1.197348127879682352e+03	2.480992799487675982e-01	1.610693678383892657e-01	2.572259205534609405e-01	1.535916474203559146e-01	7.314349427729480158e-02	3.022420783497289584e-02	7.664608212660617426e-02
1.199767012986510281e+03	2.477598768567454424e-01	1.608500290864947335e-01	2.574696046570629226e-01	1.537276537346730365e-01	7.319984565054940551e-02	3.026176995815427553e-02	7.673122005616775376e-02
1.202185898093337983e+03	2.474214583750214413e-01	1.606312904073467218e-01	2.577125993127397097e-01	1.538632424419690559e-01	7.325603970695546141e-02	3.029925138768865475e-02	7.681611836812646255e-02
1.204604783200165684e+03	2.470840216302054582e-01	1.604131501658996040e-01	2.579549064332347652e-01	1.539984149299115923e-01	7.331207689278482209e-02	3.033665219462575169e-02	7.690077775318553133e-02
1.207023668306993159e+03	2.467475637574014780e-01	1.601956067315183363e-01	2.581965279260152735e-01	1.541331725811399544e-01	7.336795765293101235e-02	3.037397245082629552e-02	7.698519890001515042e-02
1.209442553413820860e+03	2.464120819001817397e-01	1.599786584779666343e-01	2.584374656932870717e-01	1.542675167732843189e-01	7.342368243091668134e-02	3.041121222895285664e-02	7.706938249525814577e-02
1.211861438520648335e+03	2.460775732105609792e-01	1.597623037833954263e-01	2.586777216320090833e-01	1.544014488789845485e-01	7.347925166890087456e-02	3.044837160246082267e-02	7.715332922353576595e-02
1.214280323627476264e+03	2.457440348489709769e-01	1.595465410303309461e-01	2.589172976339073617e-01	1.545349702659090940e-01	7.353466580768625027e-02	3.048545064558938478e-02	7.723703976745339983e-02
1.216699208734303511e+03	2.454114639842349122e-01	1.593313686056634371e-01	2.591561955854899679e-01	1.546680822967738678e-01	7.358992528672617106e-02	3.052244943335265942e-02	7.732051480760636364e-02
1.219118093841131440e+03	2.450798577935420497e-01	1.591167849006352997e-01	2.593944173680609588e-01	1.548007863293610342e-01	7.364503054413169825e-02	3.055936804153084815e-02	7.740375502258554918e-02
1.221536978947959142e+03	2.447492134624222881e-01	1.589027883108296291e-01	2.596319648577344874e-01	1.549330837165377728e-01	7.369998201667848914e-02	3.059620654666150505e-02	7.748676108898322479e-02
1.223955864054786844e+03	2.444195281847209855e-01	1.586893772361586963e-01	2.598688399254495129e-01	1.550649758062749850e-01	7.375478013981362491e-02	3.063296502603085614e-02	7.756953368139873906e-02
1.226374749161614318e+03	2.440907991625737850e-01	1.584765500808523464e-01	2.601050444369836234e-01	1.551964639416658909e-01	7.380942534766229968e-02	3.066964355766521252e-02	7.765207347244422464e-02
1.228793634268442020e+03	2.437630236063814126e-01	1.582643052534466743e-01	2.603405802529673574e-01	1.553275494609447083e-01	7.386391807303439860e-02	3.070624222032244596e-02	7.773438113275032979e-02
1.231212519375269494e+03	2.434361987347847811e-01	1.580526411667725339e-01	2.605754492288982482e-01	1.554582336975051660e-01	7.391825874743113145e-02	3.074276109348355115e-02	7.781645733097193596e-02
1.233631404482097196e+03	2.431103217746399259e-01	1.578415562379439641e-01	2.608096532151549796e-01	1.555885179799189888e-01	7.397244780105138862e-02	3.077920025734426010e-02	7.789830273379383385e-02
1.236050289588924898e+03	2.427853899609931920e-01	1.576310488883470862e-01	2.610431940570113740e-01	1.557184036319544107e-01	7.402648566279809716e-02	3.081555979280675706e-02	7.797991800593641332e-02
1.238469174695752372e+03	2.424614005370565595e-01	1.574211175436283916e-01	2.612760735946504931e-01	1.558478919725945211e-01	7.408037276028454909e-02	3.085183978147143860e-02	7.806130381016136710e-02
1.240888059802580301e+03	2.421383507541828017e-01	1.572117606336838058e-01	2.615082936631784039e-01	1.559769843160556668e-01	7.413410951984053532e-02	3.088804030562876043e-02	7.814246080727739463e-02
1.243306944909407548e+03	2.418162378718409500e-01	1.570029765926470866e-01	2.617398560926383344e-01	1.561056819718055766e-01	7.418769636651847965e-02	3.092416144825116051e-02	7.822338965614582251e-02
1.245725830016235477e+03	2.414950591575916461e-01	1.567947638588786941e-01	2.619707627080243850e-01	1.562339862445817906e-01	7.424113372409947564e-02	3.096020329298503071e-02	7.830409101368630831e-02
1.248144715123063179e+03	2.411748118870629121e-01	1.565871208749545496e-01	2.622010153292955725e-01	1.563618984344098128e-01	7.429442201509918464e-02	3.099616592414277533e-02	7.838456553488250267e-02
1.250563600229890881e+03	2.408554933439255585e-01	1.563800460876547949e-01	2.624306157713894305e-01	1.564894198366211520e-01	7.434756166077378936e-02	3.103204942669493538e-02	7.846481387278765596e-02
1.252982485336718355e+03	2.405371008198688709e-01	1.561735379479525510e-01	2.626595658442358872e-01	1.566165517418714459e-01	7.440055308112572541e-02	3.106785388626236502e-02	7.854483667853033591e-02
1.255401370443546057e+03	2.402196316145765453e-01	1.559675949110029824e-01	2.628878673527711429e-01	1.567432954361585307e-01	7.445339669490946832e-02	3.110357938910850856e-02	7.862463460131997872e-02
1.257820255550373531e+03	2.399030830357024024e-01	1.557622154361318900e-01	2.631155220969511044e-01	1.568696522008403149e-01	7.450609291963712633e-02	3.113922602213169480e-02	7.870420828845256511e-02
1.260239140657201460e+03	2.395874523988464344e-01	1.555573979868248302e-01	2.633425318717653174e-01	1.569956233126527101e-01	7.455864217158408858e-02	3.117479387285755285e-02	7.878355838531621302e-02
1.262658025764028707e+03	2.392727370275306575e-01	1.553531410307159299e-01	2.635688984672502899e-01	1.571212100437275883e-01	7.461104486579449302e-02	3.121028302943144872e-02	7.886268553539679815e-02
1.265076910870856636e+03	2.389589342531753258e-01	1.551494430395769231e-01	2.637946236685033141e-01	1.572464136616103514e-01	7.466330141608673587e-02	3.124569358061101212e-02	7.894159038028354669e-02
1.267495795977684338e+03	2.386460414150749776e-01	1.549463024893061036e-01	2.640197092556960112e-01	1.573712354292779447e-01	7.471541223505878682e-02	3.128102561575870494e-02	7.902027355967462807e-02
1.269914681084511813e+03	2.383340558603748438e-01	1.547437178599173346e-01	2.642441570040879317e-01	1.574956766051563428e-01	7.476737773409355969e-02	3.131627922483447291e-02	7.909873571138270609e-02
1.272333566191339514e+03	2.380229749440469778e-01	1.545416876355291402e-01	2.644679686840396005e-01	1.576197384431382853e-01	7.481919832336418608e-02	3.135145449838847020e-02	7.917697747134055941e-02
1.274752451298167216e+03	2.377127960288667186e-01	1.543402103043537976e-01	2.646911460610264499e-01	1.577434221926006797e-01	7.487087441183916392e-02	3.138655152755381178e-02	7.925499947360657715e-02
1.277171336404994690e+03	2.374035164853891822e-01	1.541392843586863737e-01	2.649136908956520320e-01	1.578667290984223648e-01	7.492240640728754786e-02	3.142157040403938811e-02	7.933280235037035166e-02
1.279590221511822392e+03	2.370951336919257524e-01	1.539389082948938725e-01	2.651356049436613405e-01	1.579896604010012917e-01	7.497379471628395908e-02	3.145651122012279449e-02	7.941038673195820186e-02
1.282009106618650094e+03	2.367876450345206829e-01	1.537390806134044663e-01	2.653568899559543004e-01	1.581122173362721484e-01	7.502503974421365074e-02	3.149137406864326721e-02	7.948775324683869659e-02
1.284427991725477568e+03	2.364810479069278104e-01	1.535397998186966151e-01	2.655775476785988687e-01	1.582344011357235125e-01	7.507614189527750392e-02	3.152615904299468919e-02	7.956490252162817800e-02
1.286846876832305497e+03	2.361753397105873786e-01	1.533410644192882977e-01	2.657975798528444678e-01	1.583562130264152268e-01	7.512710157249684328e-02	3.156086623711867878e-02	7.964183518109624327e-02
1.289265761939132744e+03	2.358705178546027237e-01	1.531428729277262701e-01	2.660169882151350862e-01	1.584776542309956349e-01	7.517791917771840526e-02	3.159549574549767870e-02	7.971855184817128182e-02
1.291684647045960673e+03	2.355665797557172925e-01	1.529452238605754077e-01	2.662357744971226015e-01	1.585987259677186512e-01	7.522859511161905655e-02	3.163004766314821137e-02	7.979505314394590154e-02
1.294103532152788375e+03	2.352635228382915777e-01	1.527481157384079080e-01	2.664539404256796584e-01	1.587194294504608860e-01	7.527912977371054026e-02	3.166452208561407189e-02	7.987133968768245218e-02
1.296522417259616077e+03	2.349613445342802198e-01	1.525515470857925771e-01	2.666714877229131586e-01	1.588397658887387709e-01	7.532952356234422220e-02	3.169891910895964587e-02	7.994741209681845151e-02
1.298941302366443551e+03	2.346600422832090527e-01	1.523555164312843935e-01	2.668884181061770833e-01	1.589597364877254337e-01	7.537977687471569821e-02	3.173323882976327587e-02	8.002327098697206709e-02
1.301360187473271253e+03	2.343596135321523999e-01	1.521600223074136560e-01	2.671047332880856495e-01	1.590793424482676299e-01	7.542989010686941553e-02	3.176748134511068328e-02	8.009891697194750082e-02
1.303779072580098727e+03	2.340600557357102318e-01	1.519650632506756027e-01	2.673204349765264110e-01	1.591985849669026454e-01	7.547986365370321082e-02	3.180164675258841112e-02	8.017435066374044295e-02
1.306197957686926657e+03	2.337613663559856003e-01	1.517706378015196700e-01	2.675355248746728587e-01	1.593174652358750887e-01	7.552969790897282043e-02	3.183573515027739859e-02	8.024957267254351212e-02
1.308616842793753904e+03	2.334635428625620734e-01	1.515767445043391393e-01	2.677500046809976331e-01	1.594359844431536277e-01	7.557939326529630741e-02	3.186974663674651403e-02	8.032458360675159836e-02
1.311035727900581833e+03	2.331665827324810869e-01	1.513833819074604792e-01	2.679638760892856242e-01	1.595541437724476430e-01	7.562895011415851632e-02	3.190368131104621974e-02	8.039938407296731704e-02
1.313454613007409534e+03	2.328704834502196286e-01	1.511905485631329371e-01	2.681771407886464620e-01	1.596719444032238810e-01	7.567836884591538915e-02	3.193753927270224363e-02	8.047397467600631016e-02
1.315873498114237009e+03	2.325752425076678398e-01	1.509982430275181309e-01	2.683898004635275059e-01	1.597893875107229689e-01	7.572764984979833691e-02	3.197132062170934125e-02	8.054835601890267260e-02
1.318292383221064711e+03	2.322808574041066165e-01	1.508064638606795016e-01	2.686018567937267232e-01	1.599064742659759841e-01	7.577679351391848617e-02	3.200502545852507152e-02	8.062252870291428120e-02
1.320711268327892412e+03	2.319873256461855715e-01	1.506152096265720719e-01	2.688133114544054014e-01	1.600232058358208864e-01	7.582580022527093955e-02	3.203865388406365589e-02	8.069649332752810988e-02
1.323130153434719887e+03	2.316946447479006632e-01	1.504244788930320098e-01	2.690241661161007491e-01	1.601395833829188375e-01	7.587467036973892520e-02	3.207220599968987895e-02	8.077025049046558658e-02
1.325549038541547588e+03	2.314028122305722412e-01	1.502342702317662204e-01	2.692344224447387191e-01	1.602556080657704940e-01	7.592340433209800177e-02	3.210568190721303089e-02	8.084380078768789446e-02
1.327967923648375290e+03	2.311118256228230083e-01	1.500445822183421041e-01	2.694440821016466647e-01	1.603712810387324106e-01	7.597200249602016620e-02	3.213908170888089832e-02	8.091714481340130105e-02
1.330386808755202765e+03	2.308216824605559825e-01	1.498554134321773146e-01	2.696531467435658858e-01	1.604866034520331386e-01	7.602046524407791994e-02	3.217240550737383853e-02	8.099028316006237627e-02
1.332805693862030694e+03	2.305323802869327088e-01	1.496667624565293786e-01	2.698616180226644512e-01	1.606015764517893518e-01	7.606879295774832128e-02	3.220565340579887442e-02	8.106321641838334924e-02
1.335224578968857941e+03	2.302439166523513880e-01	1.494786278784855649e-01	2.700694975865493563e-01	1.607162011800219725e-01	7.611698601741695436e-02	3.223882550768383815e-02	8.113594517733731248e-02
1.337643464075685870e+03	2.299562891144251442e-01	1.492910082889526424e-01	2.702767870782793458e-01	1.608304787746721587e-01	7.616504480238192598e-02	3.227192191697157014e-02	8.120847002416348159e-02
1.340062349182513572e+03	2.296694952379604304e-01	1.491039022826466942e-01	2.704834881363774590e-01	1.609444103696172357e-01	7.621296969085779305e-02	3.230494273801418070e-02	8.128079154437242715e-02
1.342481234289341273e+03	2.293835325949351855e-01	1.489173084580829032e-01	2.706896023948432428e-01	1.610579970946867112e-01	7.626076105997944832e-02	3.233788807556733230e-02	8.135291032175133441e-02
1.344900119396168748e+03	2.290983987644776287e-01	1.487312254175655879e-01	2.708951314831652413e-01	1.611712400756779850e-01	7.630841928580599232e-02	3.237075803478458441e-02	8.142482693836916585e-02
1.347319004502996449e+03	2.288140913328444714e-01	1.485456517671779053e-01	2.711000770263334303e-01	1.612841404343721141e-01	7.635594474332456361e-02	3.240355272121180075e-02	8.149654197458186533e-02
1.349737889609823924e+03	2.285306078933996843e-01	1.483605861167719142e-01	2.713044406448515966e-01	1.613966992885496610e-01	7.640333780645409967e-02	3.243627224078158428e-02	8.156805600903757614e-02
1.352156774716651853e+03	2.282479460465930976e-01	1.481760270799585277e-01	2.715082239547496057e-01	1.615089177520062647e-01	7.645059884804911166e-02	3.246891669980774692e-02	8.163936961868174802e-02
1.354575659823479100e+03	2.279661033999391406e-01	1.479919732740973271e-01	2.717114285675956697e-01	1.616207969345682394e-01	7.649772823990343140e-02	3.250148620497984864e-02	8.171048337876234136e-02
1.356994544930307029e+03	2.276850775679957195e-01	1.478084233202868192e-01	2.719140560905087822e-01	1.617323379421080620e-01	7.654472635275388903e-02	3.253398086335778511e-02	8.178139786283493418e-02
1.359413430037134731e+03	2.274048661723429010e-01	1.476253758433542784e-01	2.721161081261704862e-01	1.618435418765599709e-01	7.659159355628399057e-02	3.256640078236641006e-02	8.185211364276788470e-02
1.361832315143962205e+03	2.271254668415619571e-01	1.474428294718458377e-01	2.723175862728376417e-01	1.619544098359352868e-01	7.663833021912756782e-02	3.259874606979019235e-02	8.192263128874745226e-02
1.364251200250789907e+03	2.268468772112142984e-01	1.472607828380165795e-01	2.725184921243540836e-01	1.620649429143377895e-01	7.668493670887233105e-02	3.263101683376793544e-02	8.199295136928282102e-02
1.366670085357617609e+03	2.265690949238206298e-01	1.470792345778206833e-01	2.727188272701631666e-01	1.621751422019790667e-01	7.673141339206351885e-02	3.266321318278753161e-02	8.206307445121123478e-02
1.369088970464445310e+03	2.262921176288399949e-01	1.468981833309015439e-01	2.729185932953193672e-01	1.622850087851936129e-01	7.677776063420738151e-02	3.269533522568076472e-02	8.213300109970311791e-02
1.371507855571272785e+03	2.260159429826489597e-01	1.467176277405818630e-01	2.731177917805008293e-01	1.623945437464541508e-01	7.682397879977474753e-02	3.272738307161816157e-02	8.220273187826705741e-02
1.373926740678100487e+03	2.257405686485208507e-01	1.465375664538539624e-01	2.733164243020210216e-01	1.625037481643866744e-01	7.687006825220449313e-02	3.275935683010387095e-02	8.227226734875489611e-02
1.376345625784927961e+03	2.254659922966051611e-01	1.463579981213698478e-01	2.735144924318408388e-01	1.626126231137855482e-01	7.691602935390701168e-02	3.279125661097059830e-02	8.234160807136672866e-02
1.378764510891755890e+03	2.251922116039068444e-01	1.461789213974315216e-01	2.737119977375807034e-01	1.627211696656284678e-01	7.696186246626766925e-02	3.282308252437457496e-02	8.241075460465595304e-02
1.381183395998583137e+03	2.249192242542657483e-01	1.460003349399812966e-01	2.739089417825322781e-01	1.628293888870914197e-01	7.700756794965020469e-02	3.285483468079057612e-02	8.247970750553423880e-02
1.383602281105411066e+03	2.246470279383362689e-01	1.458222374105919705e-01	2.741053261256703455e-01	1.629372818415634749e-01	7.705314616340010192e-02	3.288651319100698023e-02	8.254846732927656472e-02
1.386021166212238768e+03	2.243756203535667293e-01	1.456446274744572222e-01	2.743011523216649095e-01	1.630448495886618332e-01	7.709859746584800388e-02	3.291811816612087715e-02	8.261703462952613153e-02
1.388440051319066470e+03	2.241049992041791727e-01	1.454675038003818976e-01	2.744964219208927414e-01	1.631520931842463107e-01	7.714392221431297381e-02	3.294964971753317623e-02	8.268540995829937179e-02
1.390858936425893944e+03	2.238351622011490183e-01	1.452908650607724339e-01	2.746911364694493152e-01	1.632590136804342729e-01	7.718912076510589526e-02	3.298110795694381842e-02	8.275359386599087652e-02
1.393277821532721646e+03	2.235661070621847435e-01	1.451147099316271449e-01	2.748852975091606310e-01	1.633656121256150673e-01	7.723419347353269182e-02	3.301249299634698153e-02	8.282158690137832180e-02
1.395696706639549120e+03	2.232978315117078449e-01	1.449390370925267846e-01	2.750789065775947617e-01	1.634718895644648173e-01	7.727914069389764384e-02	3.304380494802635487e-02	8.288938961162742314e-02
1.398115591746377049e+03	2.230303332808325767e-01	1.447638452266248044e-01	2.752719652080736212e-01	1.635778470379607719e-01	7.732396277950658037e-02	3.307504392455042075e-02	8.295700254229682047e-02
1.400534476853204296e+03	2.227636101073460773e-01	1.445891330206379721e-01	2.754644749296847328e-01	1.636834855833958768e-01	7.736866008267016814e-02	3.310621003876779850e-02	8.302442623734293536e-02
1.402953361960032225e+03	2.224976597356882746e-01	1.444148991648367963e-01	2.756564372672927754e-01	1.637888062343931805e-01	7.741323295470703414e-02	3.313730340380264400e-02	8.309166123912489765e-02
1.405372247066859927e+03	2.222324799169319298e-01	1.442411423530360060e-01	2.758478537415510190e-01	1.638938100209200999e-01	7.745768174594701294e-02	3.316832413305005611e-02	8.315870808840938877e-02
1.407791132173687402e+03	2.219680684087629030e-01	1.440678612825851967e-01	2.760387258689132595e-01	1.639984979693028533e-01	7.750200680573428313e-02	3.319927234017151785e-02	8.322556732437551286e-02
1.410210017280515103e+03	2.217044229754602247e-01	1.438950546543592002e-01	2.762290551616450318e-01	1.641028711022405606e-01	7.754620848243044817e-02	3.323014813909041382e-02	8.329223948461957072e-02
1.412628902387342805e+03	2.214415413878765004e-01	1.437227211727489518e-01	2.764188431278353231e-01	1.642069304388195372e-01	7.759028712341771439e-02	3.326095164398754772e-02	8.335872510515993095e-02
1.415047787494170507e+03	2.211794214234180100e-01	1.435508595456517766e-01	2.766080912714078410e-01	1.643106769945272549e-01	7.763424307510195799e-02	3.329168296929672227e-02	8.342502472044184547e-02
1.417466672600997981e+03	2.209180608660253620e-01	1.433794684844622858e-01	2.767968010921326716e-01	1.644141117812666364e-01	7.767807668291583367e-02	3.332234222970033993e-02	8.349113886334220969e-02
1.419885557707825683e+03	2.206574575061537591e-01	1.432085467040629390e-01	2.769849740856376585e-01	1.645172358073698216e-01	7.772178829132175837e-02	3.335292954012505223e-02	8.355706806517435026e-02
1.422304442814653157e+03	2.203976091407535420e-01	1.430380929228147191e-01	2.771726117434195058e-01	1.646200500776122955e-01	7.776537824381500597e-02	3.338344501573744377e-02	8.362281285569279909e-02
1.424723327921481086e+03	2.201385135732507603e-01	1.428681058625478617e-01	2.773597155528554903e-01	1.647225555932266550e-01	7.780884688292671880e-02	3.341388877193973705e-02	8.368837376309802567e-02
1.427142213028308333e+03	2.198801686135278544e-01	1.426985842485525846e-01	2.775462869972145641e-01	1.648247533519165420e-01	7.785219455022686363e-02	3.344426092436555281e-02	8.375375131404122486e-02
1.429561098135136262e+03	2.196225720779041990e-01	1.425295268095697898e-01	2.777323275556687898e-01	1.649266443478703548e-01	7.789542158632727087e-02	3.347456158887571198e-02	8.381894603362896601e-02
1.431979983241963964e+03	2.193657217891170630e-01	1.423609322777820152e-01	2.779178387033044428e-01	1.650282295717750147e-01	7.793852833088453502e-02	3.350479088155404461e-02	8.388395844542793911e-02
1.434398868348791666e+03	2.191096155763022080e-01	1.421927993888040254e-01	2.781028219111333355e-01	1.651295100108295943e-01	7.798151512260298457e-02	3.353494891870325428e-02	8.394878907146964553e-02
1.436817753455619140e+03	2.188542512749749036e-01	1.420251268816737911e-01	2.782872786461039194e-01	1.652304866487589174e-01	7.802438229923761015e-02	3.356503581684081028e-02	8.401343843225508867e-02
1.439236638562446842e+03	2.185996267270107207e-01	1.418579134988432744e-01	2.784712103711126097e-01	1.653311604658271317e-01	7.806713019759696504e-02	3.359505169269490221e-02	8.407790704675940918e-02
1.441655523669274316e+03	2.183457397806266020e-01	1.416911579861693249e-01	2.786546185450147206e-01	1.654315324388512809e-01	7.810975915354606558e-02	3.362499666320036690e-02	8.414219543243657562e-02
1.444074408776102018e+03	2.180925882903619883e-01	1.415248590929045758e-01	2.788375046226357901e-01	1.655316035412146003e-01	7.815226950200929168e-02	3.365487084549469848e-02	8.420630410522399190e-02
1.446493293882929493e+03	2.178401701170596672e-01	1.413590155716884234e-01	2.790198700547825150e-01	1.656313747428799776e-01	7.819466157697314845e-02	3.368467435691410716e-02	8.427023357954713245e-02
1.448912178989757422e+03	2.175884831278471487e-01	1.411936261785379232e-01	2.792017162882536319e-01	1.657308470104033038e-01	7.823693571148922221e-02	3.371440731498953625e-02	8.433398436832413581e-02
1.451331064096585123e+03	2.173375251961178478e-01	1.410286896728387418e-01	2.793830447658513516e-01	1.658300213069467677e-01	7.827909223767694213e-02	3.374406983744281802e-02	8.439755698297045361e-02
1.453749949203412370e+03	2.170872942015122931e-01	1.408642048173361638e-01	2.795638569263919626e-01	1.659288985922919013e-01	7.832113148672642522e-02	3.377366204218276713e-02	8.446095193340337481e-02
1.456168834310240300e+03	2.168377880298995031e-01	1.407001703781262103e-01	2.797441542047168772e-01	1.660274798228530135e-01	7.836305378890122408e-02	3.380318404730135035e-02	8.452416972804660533e-02
1.458587719417068001e+03	2.165890045733583624e-01	1.405365851246465347e-01	2.799239380317038450e-01	1.661257659516901242e-01	7.840485947354115803e-02	3.383263597106989790e-02	8.458721087383486159e-02
1.461006604523895703e+03	2.163409417301591087e-01	1.403734478296676524e-01	2.801032098342773891e-01	1.662237579285220090e-01	7.844654886906503310e-02	3.386201793193532872e-02	8.465007587621832530e-02
1.463425489630723177e+03	2.160935974047447361e-01	1.402107572692838089e-01	2.802819710354198524e-01	1.663214566997393284e-01	7.848812230297341763e-02	3.389133004851639652e-02	8.471276523916726475e-02
1.465844374737550879e+03	2.158469695077127326e-01	1.400485122229043478e-01	2.804602230541823893e-01	1.664188632084174779e-01	7.852958010185137616e-02	3.392057243960001911e-02	8.477527946517650348e-02
1.468263259844378354e+03	2.156010559557965389e-01	1.398867114732446348e-01	2.806379673056955681e-01	1.665159783943294391e-01	7.857092259137120338e-02	3.394974522413756607e-02	8.483761905526990277e-02
1.470682144951206283e+03	2.153558546718473410e-01	1.397253538063173428e-01	2.808152052011801958e-01	1.666128031939587417e-01	7.861215009629508865e-02	3.397884852124124361e-02	8.489978450900489970e-02
1.473101030058033530e+03	2.151113635848156402e-01	1.395644380114236249e-01	2.809919381479581979e-01	1.667093385405121753e-01	7.865326294047786382e-02	3.400788245018046552e-02	8.496177632447690642e-02
1.475519915164861459e+03	2.148675806297331847e-01	1.394039628811442888e-01	2.811681675494630550e-01	1.668055853639325570e-01	7.869426144686965385e-02	3.403684713037827964e-02	8.502359499832380652e-02
1.477938800271689161e+03	2.146245037476948447e-01	1.392439272113310533e-01	2.813438948052508493e-01	1.669015445909113604e-01	7.873514593751851365e-02	3.406574268140781514e-02	8.508524102573040981e-02
1.480357685378516862e+03	2.143821308858403774e-01	1.390843298010977502e-01	2.815191213110105339e-01	1.669972171449013720e-01	7.877591673357312030e-02	3.409456922298876452e-02	8.514671490043286550e-02
1.482776570485344337e+03	2.141404599973364964e-01	1.389251694528116365e-01	2.816938484585748692e-01	1.670926039461292922e-01	7.881657415528543764e-02	3.412332687498389333e-02	8.520801711472307527e-02
