1.001418434226643626e+03	2.791297005411532139e-01	1.810002309289756861e-01	2.350116319089844974e-01	1.410458762262193355e-01	6.801582561133719118e-02	2.690618039230726483e-02	6.889055439087232724e-02
1.002869765290740247e+03	2.788717529092985536e-01	1.808359315267275280e-01	2.351955942861281845e-01	1.411508817343109790e-01	6.805828891514145718e-02	2.693272573187286897e-02	6.895482489636997614e-02
1.004321096354836754e+03	2.786142550783496930e-01	1.806719018461441506e-01	2.353792456248280096e-01	1.412556895154270520e-01	6.810068039535915885e-02	2.695924133096565603e-02	6.901898620877583435e-02
1.005772427418933376e+03	2.783572062580317863e-01	1.805081414464946021e-01	2.355625864425450466e-01	1.413602999722131937e-01	6.814300018177418816e-02	2.698572718176752913e-02	6.908303851702322917e-02
1.007223758483029997e+03	2.781006056594829134e-01	1.803446498877607773e-01	2.357456172558838881e-01	1.414647135064593109e-01	6.818524840382170216e-02	2.701218327671201305e-02	6.914698200972899111e-02
1.008675089547126618e+03	2.778444524952512484e-01	1.801814267306362793e-01	2.359283385805942823e-01	1.415689305191007719e-01	6.822742519059057931e-02	2.703860960848268949e-02	6.921081687519374526e-02
1.010126420611223239e+03	2.775887459792926726e-01	1.800184715365253374e-01	2.361107509315722441e-01	1.416729514102197385e-01	6.826953067082580651e-02	2.706500617001162540e-02	6.927454330140214722e-02
1.011577751675319632e+03	2.773334853269679434e-01	1.798557838675416409e-01	2.362928548228617476e-01	1.417767765790464429e-01	6.831156497293096319e-02	2.709137295447781868e-02	6.933816147602307745e-02
1.013029082739416367e+03	2.770786697550400302e-01	1.796933632865072294e-01	2.364746507676559195e-01	1.418804064239604090e-01	6.835352822497046954e-02	2.711770995530564041e-02	6.940167158640994649e-02
1.014480413803512761e+03	2.768242984816716157e-01	1.795312093569513268e-01	2.366561392782985940e-01	1.419838413424918122e-01	6.839542055467202897e-02	2.714401716616330826e-02	6.946507381960091709e-02
1.015931744867609382e+03	2.765703707264224320e-01	1.793693216431092863e-01	2.368373208662856166e-01	1.420870817313228673e-01	6.843724208942886245e-02	2.717029458096137037e-02	6.952836836231916784e-02
1.017383075931706003e+03	2.763168857102467069e-01	1.792076997099213975e-01	2.370181960422662604e-01	1.421901279862889389e-01	6.847899295630202610e-02	2.719654219385116492e-02	6.959155540097317072e-02
1.018834406995802851e+03	2.760638426554902769e-01	1.790463431230318037e-01	2.371987653160446408e-01	1.422929805023800953e-01	6.852067328202265939e-02	2.722275999922333517e-02	6.965463512165691318e-02
1.020285738059899245e+03	2.758112407858882564e-01	1.788852514487873635e-01	2.373790291965810761e-01	1.423956396737422470e-01	6.856228319299420559e-02	2.724894799170632723e-02	6.971760771015024505e-02
1.021737069123995752e+03	2.755590793265624838e-01	1.787244242542365968e-01	2.375589881919935031e-01	1.424981058936786726e-01	6.860382281529460446e-02	2.727510616616489122e-02	6.978047335191907286e-02
1.023188400188092373e+03	2.753073575040186349e-01	1.785638611071283799e-01	2.377386428095588644e-01	1.426003795546511299e-01	6.864529227467849881e-02	2.730123451769862764e-02	6.984323223211569287e-02
1.024639731252188767e+03	2.750560745461439471e-01	1.784035615759110571e-01	2.379179935557144965e-01	1.427024610482814371e-01	6.868669169657934392e-02	2.732733304164050581e-02	6.990588453557905479e-02
1.026091062316285615e+03	2.748052296822043883e-01	1.782435252297312200e-01	2.380970409360595175e-01	1.428043507653527500e-01	6.872802120611154475e-02	2.735340173355540680e-02	6.996843044683503932e-02
1.027542393380382237e+03	2.745548221428423252e-01	1.780837516384325692e-01	2.382757854553561316e-01	1.429060490958108942e-01	6.876928092807253756e-02	2.737944058923867663e-02	7.003087015009676342e-02
1.028993724444478858e+03	2.743048511600737482e-01	1.779242403725548871e-01	2.384542276175311282e-01	1.430075564287657808e-01	6.881047098694488551e-02	2.740544960471469338e-02	7.009320382926484405e-02
1.030445055508575479e+03	2.740553159672856620e-01	1.777649910033328728e-01	2.386323679256771579e-01	1.431088731524927660e-01	6.885159150689829088e-02	2.743142877623542392e-02	7.015543166792775898e-02
1.031896386572671872e+03	2.738062157992339207e-01	1.776060031026950037e-01	2.388102068820541213e-01	1.432099996544340947e-01	6.889264261179167681e-02	2.745737810027901876e-02	7.021755384936209654e-02
1.033347717636768493e+03	2.735575498920401194e-01	1.774472762432624806e-01	2.389877449880906946e-01	1.433109363212002330e-01	6.893362442517510236e-02	2.748329757354839309e-02	7.027957055653286100e-02
1.034799048700865114e+03	2.733093174831895400e-01	1.772888099983481736e-01	2.391649827443854681e-01	1.434116835385712829e-01	6.897453707029178871e-02	2.750918719296981813e-02	7.034148197209381947e-02
1.036250379764961508e+03	2.730615178115282649e-01	1.771306039419554279e-01	2.393419206507084174e-01	1.435122416914984267e-01	6.901538067008007593e-02	2.753504695569154725e-02	7.040328827838776560e-02
1.037701710829058356e+03	2.728141501172607342e-01	1.769726576487769820e-01	2.395185592060022906e-01	1.436126111641053138e-01	6.905615534717531034e-02	2.756087685908240395e-02	7.046498965744686649e-02
1.039153041893154750e+03	2.725672136419474145e-01	1.768149706941938570e-01	2.396948989083839965e-01	1.437127923396894491e-01	6.909686122391178742e-02	2.758667690073043910e-02	7.052658629099296805e-02
1.040604372957251599e+03	2.723207076285019124e-01	1.766575426542744132e-01	2.398709402551458258e-01	1.438127856007237193e-01	6.913749842232458365e-02	2.761244707844153282e-02	7.058807836043792805e-02
1.042055704021347992e+03	2.720746313211888645e-01	1.765003731057730174e-01	2.400466837427569222e-01	1.439125913288576419e-01	6.917806706415147167e-02	2.763818739023804830e-02	7.064946604688394916e-02
1.043507035085444613e+03	2.718289839656211626e-01	1.763434616261290999e-01	2.402221298668646421e-01	1.440122099049190030e-01	6.921856727083472438e-02	2.766389783435749955e-02	7.071074953112385653e-02
1.044958366149541234e+03	2.715837648087572886e-01	1.761868077934660159e-01	2.403972791222958594e-01	1.441116417089152169e-01	6.925899916352294683e-02	2.768957840925117750e-02	7.077192899364148637e-02
1.046409697213637855e+03	2.713389730988992055e-01	1.760304111865899912e-01	2.405721320030584087e-01	1.442108871200346865e-01	6.929936286307286641e-02	2.771522911358284200e-02	7.083300461461200515e-02
1.047861028277734476e+03	2.710946080856897478e-01	1.758742713849889838e-01	2.407466890023422790e-01	1.443099465166483575e-01	6.933965849005109539e-02	2.774084994622738956e-02	7.089397657390224261e-02
1.049312359341831097e+03	2.708506690201098466e-01	1.757183879688316297e-01	2.409209506125210565e-01	1.444088202763111617e-01	6.937988616473586556e-02	2.776644090626953498e-02	7.095484505107101103e-02
1.050763690405927491e+03	2.706071551544764198e-01	1.755627605189661600e-01	2.410949173251532851e-01	1.445075087757634325e-01	6.942004600711883244e-02	2.779200199300250335e-02	7.101561022536947987e-02
1.052215021470024112e+03	2.703640657424395966e-01	1.754073886169192908e-01	2.412685896309838263e-01	1.446060123909324591e-01	6.946013813690669891e-02	2.781753320592673245e-02	7.107627227574152273e-02
1.053666352534120733e+03	2.701214000389804415e-01	1.752522718448951966e-01	2.414419680199450802e-01	1.447043314969338468e-01	6.950016267352297772e-02	2.784303454474858219e-02	7.113683138082402269e-02
1.055117683598217127e+03	2.698791573004084565e-01	1.750974097857743716e-01	2.416150529811584569e-01	1.448024664680730433e-01	6.954011973610960129e-02	2.786850600937904737e-02	7.119728771894726083e-02
1.056569014662313975e+03	2.696373367843589164e-01	1.749428020231125758e-01	2.417878450029355974e-01	1.449004176778467823e-01	6.958000944352862871e-02	2.789394759993248790e-02	7.125764146813529099e-02
1.058020345726410369e+03	2.693959377497906482e-01	1.747884481411397795e-01	2.419603445727798174e-01	1.449981854989446095e-01	6.961983191436386942e-02	2.791935931672534857e-02	7.131789280610621728e-02
1.059471676790506763e+03	2.691549594569835890e-01	1.746343477247589981e-01	2.421325521773873835e-01	1.450957703032503543e-01	6.965958726692243752e-02	2.794474116027491697e-02	7.137804191027265210e-02
1.060923007854603611e+03	2.689144011675360657e-01	1.744805003595453763e-01	2.423044683026488455e-01	1.451931724618436281e-01	6.969927561923643100e-02	2.797009313129805025e-02	7.143808895774199363e-02
1.062374338918700232e+03	2.686742621443625745e-01	1.743269056317449939e-01	2.424760934336503693e-01	1.452903923450012402e-01	6.973889708906445828e-02	2.799541523070995380e-02	7.149803412531684221e-02
1.063825669982796853e+03	2.684345416516913940e-01	1.741735631282737840e-01	2.426474280546749851e-01	1.453874303221988351e-01	6.977845179389322028e-02	2.802070745962291498e-02	7.155787758949534727e-02
1.065277001046893474e+03	2.681952389550618654e-01	1.740204724367166167e-01	2.428184726492041146e-01	1.454842867621122249e-01	6.981793985093902311e-02	2.804596981934510611e-02	7.161761952647155427e-02
1.066728332110990095e+03	2.679563533213223381e-01	1.738676331453260226e-01	2.429892276999186806e-01	1.455809620326189990e-01	6.985736137714933236e-02	2.807120231137933894e-02	7.167726011213582105e-02
1.068179663175086489e+03	2.677178840186273945e-01	1.737150448430213046e-01	2.431596936887005234e-01	1.456774565008000510e-01	6.989671648920427194e-02	2.809640493742186079e-02	7.173679952207517863e-02
1.069630994239183110e+03	2.674798303164356850e-01	1.735627071193873716e-01	2.433298710966336764e-01	1.457737705329409661e-01	6.993600530351809508e-02	2.812157769936114021e-02	7.179623793157365041e-02
1.071082325303279504e+03	2.672421914855074299e-01	1.734106195646737125e-01	2.434997604040057828e-01	1.458699044945336587e-01	6.997522793624068316e-02	2.814672059927667697e-02	7.185557551561272405e-02
1.072533656367376352e+03	2.670049667979019214e-01	1.732587817697933408e-01	2.436693620903092050e-01	1.459658587502778160e-01	7.001438450325898899e-02	2.817183363943779120e-02	7.191481244887164281e-02
1.073984987431472746e+03	2.667681555269752480e-01	1.731071933263217399e-01	2.438386766342425238e-01	1.460616336640824242e-01	7.005347512019846623e-02	2.819691682230246119e-02	7.197394890572786363e-02
1.075436318495569594e+03	2.665317569473779069e-01	1.729558538264957257e-01	2.440077045137118150e-01	1.461572295990673231e-01	7.009249990242448491e-02	2.822197015051613328e-02	7.203298506025737624e-02
1.076887649559666215e+03	2.662957703350523064e-01	1.728047628632125576e-01	2.441764462058318430e-01	1.462526469175646493e-01	7.013145896504378862e-02	2.824699362691054927e-02	7.209192108623510564e-02
1.078338980623762609e+03	2.660601949672303790e-01	1.726539200300287180e-01	2.443449021869275595e-01	1.463478859811204735e-01	7.017035242290581287e-02	2.827198725450258410e-02	7.215075715713531457e-02
1.079790311687859230e+03	2.658250301224313050e-01	1.725033249211589681e-01	2.445130729325351859e-01	1.464429471504962166e-01	7.020918039060408677e-02	2.829695103649308707e-02	7.220949344613201981e-02
1.081241642751955851e+03	2.655902750804591261e-01	1.723529771314752657e-01	2.446809589174036292e-01	1.465378307856702311e-01	7.024794298247763469e-02	2.832188497626573695e-02	7.226813012609929754e-02
1.082692973816052472e+03	2.653559291224002470e-01	1.722028762565056825e-01	2.448485606154957583e-01	1.466325372458393284e-01	7.028664031261226686e-02	2.834678907738588660e-02	7.232666736961174125e-02
1.084144304880149093e+03	2.651219915306212149e-01	1.720530218924334054e-01	2.450158784999897366e-01	1.467270668894203323e-01	7.032527249484193943e-02	2.837166334359944586e-02	7.238510534894487813e-02
1.085595635944245487e+03	2.648884615887661664e-01	1.719034136360956810e-01	2.451829130432802983e-01	1.468214200740515785e-01	7.036383964275000347e-02	2.839650777883172966e-02	7.244344423607550210e-02
1.087046967008342108e+03	2.646553385817547732e-01	1.717540510849827340e-01	2.453496647169799982e-01	1.469155971565944130e-01	7.040234186967060659e-02	2.842132238718635129e-02	7.250168420268210401e-02
1.088498298072438729e+03	2.644226217957795777e-01	1.716049338372368227e-01	2.455161339919204877e-01	1.470095984931348299e-01	7.044077928868992811e-02	2.844610717294410174e-02	7.255982542014526027e-02
1.089949629136535123e+03	2.641903105183038281e-01	1.714560614916510461e-01	2.456823213381539306e-01	1.471034244389849699e-01	7.047915201264740026e-02	2.847086214056183603e-02	7.261786805954804913e-02
1.091400960200631971e+03	2.639584040380589802e-01	1.713074336476684556e-01	2.458482272249541412e-01	1.471970753486846750e-01	7.051746015413706825e-02	2.849558729467135954e-02	7.267581229167646706e-02
1.092852291264728365e+03	2.637269016450425885e-01	1.711590499053809167e-01	2.460138521208178886e-01	1.472905515760029038e-01	7.055570382550872821e-02	2.852028264007836281e-02	7.273365828701976177e-02
1.094303622328825213e+03	2.634958026305158629e-01	1.710109098655281101e-01	2.461791964934662846e-01	1.473838534739394801e-01	7.059388313886923172e-02	2.854494818176129753e-02	7.279140621577090409e-02
1.095754953392921607e+03	2.632651062870012271e-01	1.708630131294965604e-01	2.463442608098459496e-01	1.474769813947264807e-01	7.063199820608366541e-02	2.856958392487031137e-02	7.284905624782700428e-02
1.097206284457018228e+03	2.630348119082801528e-01	1.707153592993184976e-01	2.465090455361302890e-01	1.475699356898299008e-01	7.067004913877654448e-02	2.859418987472616899e-02	7.290660855278968677e-02
1.098657615521114849e+03	2.628049187893907734e-01	1.705679479776708307e-01	2.466735511377208812e-01	1.476627167099510696e-01	7.070803604833304778e-02	2.861876603681915918e-02	7.296406329996549256e-02
1.100108946585211470e+03	2.625754262266255523e-01	1.704207787678742037e-01	2.468377780792486154e-01	1.477553248050283430e-01	7.074595904590012807e-02	2.864331241680806786e-02	7.302142065836629559e-02
1.101560277649308091e+03	2.623463335175291178e-01	1.702738512738919130e-01	2.470017268245750519e-01	1.478477603242385474e-01	7.078381824238773323e-02	2.866782902051908874e-02	7.307868079670974681e-02
1.103011608713404712e+03	2.621176399608956542e-01	1.701271651003289642e-01	2.471653978367936710e-01	1.479400236159985338e-01	7.082161374846993040e-02	2.869231585394477549e-02	7.313584388341969056e-02
1.104462939777501106e+03	2.618893448567669591e-01	1.699807198524308227e-01	2.473287915782310942e-01	1.480321150279667874e-01	7.085934567458604394e-02	2.871677292324300440e-02	7.319291008662651143e-02
1.105914270841597499e+03	2.616614475064298340e-01	1.698345151360826644e-01	2.474919085104483885e-01	1.481240349070450379e-01	7.089701413094175175e-02	2.874120023473593008e-02	7.324987957416762008e-02
1.107365601905694348e+03	2.614339472124141417e-01	1.696885505578082098e-01	2.476547490942422880e-01	1.482157835993795914e-01	7.093461922751027882e-02	2.876559779490894461e-02	7.330675251358782785e-02
1.108816932969790741e+03	2.612068432784901417e-01	1.695428257247686976e-01	2.478173137896464984e-01	1.483073614503630788e-01	7.097216107403341023e-02	2.878996561040965754e-02	7.336352907213981867e-02
1.110268264033887590e+03	2.609801350096664363e-01	1.693973402447619403e-01	2.479796030559329734e-01	1.483987688046359832e-01	7.100963978002261534e-02	2.881430368804686545e-02	7.342020941678450985e-02
1.111719595097984211e+03	2.607538217121876389e-01	1.692520937262212422e-01	2.481416173516131085e-01	1.484900060060881377e-01	7.104705545476017181e-02	2.883861203478954235e-02	7.347679371419149619e-02
1.113170926162080832e+03	2.605279026935322095e-01	1.691070857782143722e-01	2.483033571344390456e-01	1.485810733978603082e-01	7.108440820730013709e-02	2.886289065776581619e-02	7.353328213073948016e-02
1.114622257226177226e+03	2.603023772624099563e-01	1.689623160104427035e-01	2.484648228614048382e-01	1.486719713223457195e-01	7.112169814646945865e-02	2.888713956426198354e-02	7.358967483251671604e-02
1.116073588290273847e+03	2.600772447287599820e-01	1.688177840332399371e-01	2.486260149887478399e-01	1.487627001211917488e-01	7.115892538086905639e-02	2.891135876172148955e-02	7.364597198532135680e-02
1.117524919354370468e+03	2.598525044037483522e-01	1.686734894575713795e-01	2.487869339719498141e-01	1.488532601353012852e-01	7.119609001887475253e-02	2.893554825774394962e-02	7.370217375466195375e-02
1.118976250418467089e+03	2.596281555997657642e-01	1.685294318950326664e-01	2.489475802657382941e-01	1.489436517048343400e-01	7.123319216863839565e-02	2.895970806008414666e-02	7.375828030575785899e-02
1.120427581482563710e+03	2.594041976304256036e-01	1.683856109578489857e-01	2.491079543240876659e-01	1.490338751692097397e-01	7.127023193808881829e-02	2.898383817665106665e-02	7.381429180353965558e-02
1.121878912546660331e+03	2.591806298105611694e-01	1.682420262588739113e-01	2.492680566002206388e-01	1.491239308671065411e-01	7.130720943493283615e-02	2.900793861550689939e-02	7.387020841264960169e-02
1.123330243610756725e+03	2.589574514562238972e-01	1.680986774115885152e-01	2.494278875466092726e-01	1.492138191364656141e-01	7.134412476665621949e-02	2.903200938486608443e-02	7.392603029744199139e-02
1.124781574674853118e+03	2.587346618846810831e-01	1.679555640301002573e-01	2.495874476149763654e-01	1.493035403144912232e-01	7.138097804052473405e-02	2.905605049309433960e-02	7.398175762198366812e-02
1.126232905738949967e+03	2.585122604144132752e-01	1.678126857291420693e-01	2.497467372562965637e-01	1.493930947376525542e-01	7.141776936358508465e-02	2.908006194870770694e-02	7.403739055005439940e-02
1.127684236803046360e+03	2.582902463651125524e-01	1.676700421240713001e-01	2.499057569207976670e-01	1.494824827416853796e-01	7.145449884266584506e-02	2.910404376037157778e-02	7.409292924514734868e-02
1.129135567867143209e+03	2.580686190576799710e-01	1.675276328308687723e-01	2.500645070579619045e-01	1.495717046615934187e-01	7.149116658437841554e-02	2.912799593689976985e-02	7.414837387046947781e-02
1.130586898931239830e+03	2.578473778142233996e-01	1.673854574661376715e-01	2.502229881165270453e-01	1.496607608316500582e-01	7.152777269511798042e-02	2.915191848725356277e-02	7.420372458894197720e-02
1.132038229995336451e+03	2.576265219580554655e-01	1.672435156471027695e-01	2.503812005444877031e-01	1.497496515853998234e-01	7.156431728106443790e-02	2.917581142054076829e-02	7.425898156320073773e-02
1.133489561059432845e+03	2.574060508136911674e-01	1.671018069916092030e-01	2.505391447890965018e-01	1.498383772556599880e-01	7.160080044818330214e-02	2.919967474601479346e-02	7.431414495559675315e-02
1.134940892123529466e+03	2.571859637068457105e-01	1.669603311181216132e-01	2.506968212968654908e-01	1.499269381745221008e-01	7.163722230222663301e-02	2.922350847307371088e-02	7.436921492819652257e-02
1.136392223187626087e+03	2.569662599644323975e-01	1.668190876457231187e-01	2.508542305135669781e-01	1.500153346733535120e-01	7.167358294873388269e-02	2.924731261125933929e-02	7.442419164278256394e-02
1.137843554251722708e+03	2.567469389145602965e-01	1.666780761941142885e-01	2.510113728842351954e-01	1.501035670827989554e-01	7.170988249303288098e-02	2.927108717025632065e-02	7.447907526085381646e-02
1.139294885315819101e+03	2.565279998865321875e-01	1.665372963836122822e-01	2.511682488531671309e-01	1.501916357327821583e-01	7.174612104024065407e-02	2.929483215989121120e-02	7.453386594362604312e-02
1.140746216379915950e+03	2.563094422108424530e-01	1.663967478351497109e-01	2.513248588639241388e-01	1.502795409525072845e-01	7.178229869526429885e-02	2.931854759013157591e-02	7.458856385203230244e-02
1.142197547444012343e+03	2.560912652191745242e-01	1.662564301702736946e-01	2.514812033593327723e-01	1.503672830704605445e-01	7.181841556280187111e-02	2.934223347108507254e-02	7.464316914672339265e-02
1.143648878508108737e+03	2.558734682443989938e-01	1.661163430111450012e-01	2.516372827814861157e-01	1.504548624144117219e-01	7.185447174734320430e-02	2.936588981299857390e-02	7.469768198806828186e-02
1.145100209572205586e+03	2.556560506205715066e-01	1.659764859805369086e-01	2.517930975717451725e-01	1.505422793114157831e-01	7.189046735317081160e-02	2.938951662625725186e-02	7.475210253615452438e-02
1.146551540636302207e+03	2.554390116829303725e-01	1.658368587018342888e-01	2.519486481707398640e-01	1.506295340878143763e-01	7.192640248436069084e-02	2.941311392138371006e-02	7.480643095078871874e-02
1.148002871700398828e+03	2.552223507678945680e-01	1.656974607990326920e-01	2.521039350183702510e-01	1.507166270692373855e-01	7.196227724478314325e-02	2.943668170903708525e-02	7.486066739149695171e-02
1.149454202764495449e+03	2.550060672130615713e-01	1.655582918967371808e-01	2.522589585538078105e-01	1.508035585806044299e-01	7.199809173810360619e-02	2.946022000001218000e-02	7.491481201752525632e-02
1.150905533828591842e+03	2.547901603572050311e-01	1.654193516201616365e-01	2.524137192154967124e-01	1.508903289461265562e-01	7.203384606778351351e-02	2.948372880523858139e-02	7.496886498784001429e-02
1.152356864892688463e+03	2.545746295402728232e-01	1.652806395951275098e-01	2.525682174411548186e-01	1.509769384893076272e-01	7.206954033708101726e-02	2.950720813577980411e-02	7.502282646112840014e-02
1.153808195956785084e+03	2.543594741033848861e-01	1.651421554480630716e-01	2.527224536677750155e-01	1.510633875329459586e-01	7.210517464905186191e-02	2.953065800283240575e-02	7.507669659579886690e-02
1.155259527020881706e+03	2.541446933888310000e-01	1.650038988060023026e-01	2.528764283316263239e-01	1.511496763991357906e-01	7.214074910655011996e-02	2.955407841772514713e-02	7.513047554998152078e-02
1.156710858084978327e+03	2.539302867400685115e-01	1.648658692965839223e-01	2.530301418682551207e-01	1.512358054092688975e-01	7.217626381222899679e-02	2.957746939191813196e-02	7.518416348152866246e-02
1.158162189149074720e+03	2.537162535017204457e-01	1.647280665480505280e-01	2.531835947124865260e-01	1.513217748840360866e-01	7.221171886854160782e-02	2.960083093700195331e-02	7.523776054801510627e-02
1.159613520213171569e+03	2.535025930195733412e-01	1.645904901892475680e-01	2.533367872984252367e-01	1.514075851434288078e-01	7.224711437774175571e-02	2.962416306469685401e-02	7.529126690673872135e-02
1.161064851277267962e+03	2.532893046405750859e-01	1.644531398496223429e-01	2.534897200594569133e-01	1.514932365067405695e-01	7.228245044188466584e-02	2.964746578685188011e-02	7.534468271472082035e-02
1.162516182341364356e+03	2.530763877128327510e-01	1.643160151592231166e-01	2.536423934282495130e-01	1.515787292925685759e-01	7.231772716282773572e-02	2.967073911544405515e-02	7.539800812870663116e-02
1.163967513405461204e+03	2.528638415856104271e-01	1.641791157486980623e-01	2.537948078367541216e-01	1.516640638188152257e-01	7.235294464223129829e-02	2.969398306257753362e-02	7.545124330516571332e-02
1.165418844469557826e+03	2.526516656093273361e-01	1.640424412492944850e-01	2.539469637162062865e-01	1.517492404026896391e-01	7.238810298155937129e-02	2.971719764048278908e-02	7.550438840029248533e-02
1.166870175533654447e+03	2.524398591355554999e-01	1.639059912928575724e-01	2.540988614971274595e-01	1.518342593607092117e-01	7.242320228208037891e-02	2.974038286151578503e-02	7.555744357000651612e-02
1.168321506597751068e+03	2.522284215170176869e-01	1.637697655118296736e-01	2.542505016093256631e-01	1.519191210087011967e-01	7.245824264486784572e-02	2.976353873815714909e-02	7.561040896995313565e-02
1.169772837661847461e+03	2.520173521075854683e-01	1.636337635392493550e-01	2.544018844818972114e-01	1.520038256618040928e-01	7.249322417080114600e-02	2.978666528301137859e-02	7.566328475550374022e-02
1.171224168725944082e+03	2.518066502622769987e-01	1.634979850087502629e-01	2.545530105432274315e-01	1.520883736344693093e-01	7.252814696056619770e-02	2.980976250880601475e-02	7.571607108175634759e-02
1.172675499790040703e+03	2.515963153372546834e-01	1.633624295545602900e-01	2.547038802209920516e-01	1.521727652404625819e-01	7.256301111465617015e-02	2.983283042839084478e-02	7.576876810353597169e-02
1.174126830854137097e+03	2.513863466898235699e-01	1.632270968115006327e-01	2.548544939421583111e-01	1.522570007928656100e-01	7.259781673337219188e-02	2.985586905473710043e-02	7.582137597539509444e-02
1.175578161918233945e+03	2.511767436784290153e-01	1.630919864149848464e-01	2.550048521329864037e-01	1.523410806040775001e-01	7.263256391682404445e-02	2.987887840093667036e-02	7.587389485161409597e-02
1.177029492982330339e+03	2.509675056626544665e-01	1.629570980010178194e-01	2.551549552190300885e-01	1.524250049858163203e-01	7.266725276493080088e-02	2.990185848020128836e-02	7.592632488620175424e-02
1.178480824046426733e+03	2.507586320032197391e-01	1.628224312061949119e-01	2.553048036251382991e-01	1.525087742491206266e-01	7.270188337742156115e-02	2.992480930586176313e-02	7.597866623289560584e-02
1.179932155110523581e+03	2.505501220619786862e-01	1.626879856677009295e-01	2.554543977754561990e-01	1.525923887043509897e-01	7.273645585383609058e-02	2.994773089136718372e-02	7.603091904516243171e-02
1.181383486174620202e+03	2.503419752019170885e-01	1.625537610233093178e-01	2.556037380934261805e-01	1.526758486611914378e-01	7.277097029352551372e-02	2.997062325028415977e-02	7.608308347619874290e-02
1.182834817238716823e+03	2.501341907871509340e-01	1.624197569113810247e-01	2.557528250017893079e-01	1.527591544286510672e-01	7.280542679565291109e-02	2.999348639629602353e-02	7.613515967893118297e-02
1.184286148302813444e+03	2.499267681829238363e-01	1.622859729708637788e-01	2.559016589225863170e-01	1.528423063150655126e-01	7.283982545919404084e-02	3.001632034320207351e-02	7.618714780601695824e-02
1.185737479366910065e+03	2.497197067556054806e-01	1.621524088412909514e-01	2.560502402771586139e-01	1.529253046280984463e-01	7.287416638293793547e-02	3.003912510491679386e-02	7.623904800984429575e-02
1.187188810431006686e+03	2.495130058726892641e-01	1.620190641627807793e-01	2.561985694861497187e-01	1.530081496747431324e-01	7.290844966548760964e-02	3.006190069546911189e-02	7.629086044253295673e-02
1.188640141495103080e+03	2.493066649027904091e-01	1.618859385760353098e-01	2.563466469695062644e-01	1.530908417613238426e-01	7.294267540526060134e-02	3.008464712900162444e-02	7.634258525593456968e-02
1.190091472559199701e+03	2.491006832156437978e-01	1.617530317223395409e-01	2.564944731464791072e-01	1.531733811934975209e-01	7.297684370048967972e-02	3.010736441976985187e-02	7.639422260163319933e-02
1.191542803623296322e+03	2.488950601821020292e-01	1.616203432435604215e-01	2.566420484356245479e-01	1.532557682762551443e-01	7.301095464922342793e-02	3.013005258214147830e-02	7.644577263094563813e-02
1.192994134687392716e+03	2.486897951741333657e-01	1.614878727821460191e-01	2.567893732548054975e-01	1.533380033139232768e-01	7.304500834932688147e-02	3.015271163059561263e-02	7.649723549492201680e-02
1.194445465751489564e+03	2.484848875648196787e-01	1.613556199811244929e-01	2.569364480211927537e-01	1.534200866101655125e-01	7.307900489848212500e-02	3.017534157972203909e-02	7.654861134434613745e-02
1.195896796815585958e+03	2.482803367283544782e-01	1.612235844841032328e-01	2.570832731512655567e-01	1.535020184679841138e-01	7.311294439418890290e-02	3.019794244422049564e-02	7.659990032973595930e-02
1.197348127879682352e+03	2.480761420400407757e-01	1.610917659352678888e-01	2.572298490608135313e-01	1.535837991897213706e-01	7.314682693376524381e-02	3.022051423889991761e-02	7.665110260134405662e-02
1.198799458943779200e+03	2.478723028762891689e-01	1.609601639793814265e-01	2.573761761649372426e-01	1.536654290770612108e-01	7.318065261434800184e-02	3.024305697867771606e-02	7.670221830915804895e-02
1.200250790007875821e+03	2.476688186146157877e-01	1.608287782617832951e-01	2.575222548780495835e-01	1.537469084310305600e-01	7.321442153289353660e-02	3.026557067857906305e-02	7.675324760290104520e-02
1.201702121071972442e+03	2.474656886336403516e-01	1.606976084283884554e-01	2.576680856138768294e-01	1.538282375520008960e-01	7.324813378617818505e-02	3.028805535373613883e-02	7.680419063203208774e-02
1.203153452136069063e+03	2.472629123130840323e-01	1.605666541256863811e-01	2.578136687854598041e-01	1.539094167396898027e-01	7.328178947079895533e-02	3.031051101938744483e-02	7.685504754574659647e-02
1.204604783200165684e+03	2.470604890337675663e-01	1.604359150007402812e-01	2.579590048051549900e-01	1.539904462931623030e-01	7.331538868317402646e-02	3.033293769087706815e-02	7.690581849297682682e-02
1.206056114264262078e+03	2.468584181776091735e-01	1.603053907011860180e-01	2.581040940846356380e-01	1.540713265108325514e-01	7.334893151954335888e-02	3.035533538365397729e-02	7.695650362239234155e-02
1.207507445328358699e+03	2.466566991276226140e-01	1.601750808752313848e-01	2.582489370348930446e-01	1.541520576904651108e-01	7.338241807596923572e-02	3.037770411327131784e-02	7.700710308240037161e-02
1.208958776392455093e+03	2.464553312679152730e-01	1.600449851716550798e-01	2.583935340662373292e-01	1.542326401291765070e-01	7.341584844833683177e-02	3.040004389538569080e-02	7.705761702114635736e-02
1.210410107456551941e+03	2.462543139836859685e-01	1.599151032398057060e-01	2.585378855882990434e-01	1.543130741234368108e-01	7.344922273235476862e-02	3.042235474575647955e-02	7.710804558651432328e-02
1.211861438520648335e+03	2.460536466612231465e-01	1.597854347296010502e-01	2.586819920100297820e-01	1.543933599690709424e-01	7.348254102355568362e-02	3.044463668024512820e-02	7.715838892612734978e-02
1.213312769584745183e+03	2.458533286879028279e-01	1.596559792915270559e-01	2.588258537397037928e-01	1.544734979612601977e-01	7.351580341729674339e-02	3.046688971481445810e-02	7.720864718734803123e-02
1.214764100648841804e+03	2.456533594521867203e-01	1.595267365766368794e-01	2.589694711849185316e-01	1.545534883945438587e-01	7.354901000876024053e-02	3.048911386552798433e-02	7.725882051727889221e-02
1.216215431712937971e+03	2.454537383436200537e-01	1.593977062365500852e-01	2.591128447525964384e-01	1.546333315628204419e-01	7.358216089295406548e-02	3.051130914854922535e-02	7.730890906276285945e-02
1.217666762777034819e+03	2.452544647528297761e-01	1.592688879234516741e-01	2.592559748489854932e-01	1.547130277593492809e-01	7.361525616471228939e-02	3.053347558014100904e-02	7.735891297038367809e-02
1.219118093841131440e+03	2.450555380715225828e-01	1.591402812900911679e-01	2.593988618796606027e-01	1.547925772767519970e-01	7.364829591869564984e-02	3.055561317666481008e-02	7.740883238646638353e-02
1.220569424905228061e+03	2.448569576924829183e-01	1.590118859897817760e-01	2.595415062495246006e-01	1.548719804070139427e-01	7.368128024939213372e-02	3.057772195458006645e-02	7.745866745707771783e-02
1.222020755969324682e+03	2.446587230095710330e-01	1.588837016763994525e-01	2.596839083628094680e-01	1.549512374414856453e-01	7.371420925111743516e-02	3.059980193044351329e-02	7.750841832802660147e-02
1.223472087033421303e+03	2.444608334177209852e-01	1.587557280043819241e-01	2.598260686230773886e-01	1.550303486708843048e-01	7.374708301801552457e-02	3.062185312090850639e-02	7.755808514486453586e-02
1.224923418097517697e+03	2.442632883129387256e-01	1.586279646287279133e-01	2.599679874332218033e-01	1.551093143852951828e-01	7.377990164405912044e-02	3.064387554272437336e-02	7.760766805288608905e-02
1.226374749161614318e+03	2.440660870923002379e-01	1.585004112049961389e-01	2.601096651954685757e-01	1.551881348741730726e-01	7.381266522305021671e-02	3.066586921273572672e-02	7.765716719712931204e-02
1.227826080225710712e+03	2.438692291539494017e-01	1.583730673893044838e-01	2.602511023113769362e-01	1.552668104263437987e-01	7.384537384862058240e-02	3.068783414788182895e-02	7.770658272237622455e-02
1.229277411289807560e+03	2.436727138970962159e-01	1.582459328383291064e-01	2.603922991818409249e-01	1.553453413300056596e-01	7.387802761423228892e-02	3.070977036519592293e-02	7.775591477315317579e-02
1.230728742353903954e+03	2.434765407220148559e-01	1.581190072093034693e-01	2.605332562070901692e-01	1.554237278727307880e-01	7.391062661317812643e-02	3.073167788180459700e-02	7.780516349373134410e-02
1.232180073418000802e+03	2.432807090300416475e-01	1.579922901600175345e-01	2.606739737866910489e-01	1.555019703414666776e-01	7.394317093858217282e-02	3.075355671492712231e-02	7.785432902812716716e-02
1.233631404482097196e+03	2.430852182235732906e-01	1.578657813488168471e-01	2.608144523195478626e-01	1.555800690225376259e-01	7.397566068340025169e-02	3.077540688187481097e-02	7.790341152010279990e-02
1.235082735546193817e+03	2.428900677060646940e-01	1.577394804346015367e-01	2.609546922039039374e-01	1.556580242016460391e-01	7.400809594042041806e-02	3.079722840005038112e-02	7.795241111316651705e-02
1.236534066610290438e+03	2.426952568820273659e-01	1.576133870768255951e-01	2.610946938373425730e-01	1.557358361638740696e-01	7.404047680226347183e-02	3.081902128694731860e-02	7.800132795057317103e-02
1.237985397674387059e+03	2.425007851570273043e-01	1.574875009354959610e-01	2.612344576167882626e-01	1.558135051936848925e-01	7.407280336138333254e-02	3.084078556014923506e-02	7.805016217532466383e-02
1.239436728738483680e+03	2.423066519376830263e-01	1.573618216711715478e-01	2.613739839385076924e-01	1.558910315749241493e-01	7.410507571006764993e-02	3.086252123732924693e-02	7.809891393017032168e-02
1.240888059802580301e+03	2.421128566316638753e-01	1.572363489449623564e-01	2.615132731981110181e-01	1.559684155908215020e-01	7.413729394043816479e-02	3.088422833624933361e-02	7.814758335760739472e-02
1.242339390866676695e+03	2.419193986476879388e-01	1.571110824185286969e-01	2.616523257905526978e-01	1.560456575239919097e-01	7.416945814445123630e-02	3.090590687475973375e-02	7.819617059988147323e-02
1.243790721930773088e+03	2.417262773955202726e-01	1.569860217540802183e-01	2.617911421101326019e-01	1.561227576564371000e-01	7.420156841389827229e-02	3.092755687079829993e-02	7.824467579898693181e-02
1.245242052994869937e+03	2.415334922859708744e-01	1.568611666143751027e-01	2.619297225504972904e-01	1.561997162695470398e-01	7.423362484040617326e-02	3.094917834238990195e-02	7.829309909666731793e-02
1.246693384058966330e+03	2.413410427308928796e-01	1.567365166627191220e-01	2.620680675046409558e-01	1.562765336441012676e-01	7.426562751543783203e-02	3.097077130764579189e-02	7.834144063441589312e-02
1.248144715123063179e+03	2.411489281431806464e-01	1.566120715629647497e-01	2.622061773649064231e-01	1.563532100602703645e-01	7.429757653029259168e-02	3.099233578476301432e-02	7.838970055347595223e-02
1.249596046187159800e+03	2.409571479367678681e-01	1.564878309795103284e-01	2.623440525229864817e-01	1.564297457976173422e-01	7.432947197610660639e-02	3.101387179202377484e-02	7.843787899484135073e-02
1.251047377251256421e+03	2.407657015266257416e-01	1.563637945772992088e-01	2.624816933699245514e-01	1.565061411350990861e-01	7.436131394385338267e-02	3.103537934779485377e-02	7.848597609925692109e-02
1.252498708315352815e+03	2.405745883287609965e-01	1.562399620218188345e-01	2.626191002961162368e-01	1.565823963510676875e-01	7.439310252434415405e-02	3.105685847052698512e-02	7.853399200721888906e-02
1.253950039379449436e+03	2.403838077602140633e-01	1.561163329790998811e-01	2.627562736913099939e-01	1.566585117232719426e-01	7.442483780822838069e-02	3.107830917875427715e-02	7.858192685897529006e-02
1.255401370443546057e+03	2.401933592390572414e-01	1.559929071157154234e-01	2.628932139446082950e-01	1.567344875288586292e-01	7.445651988599412407e-02	3.109973149109359833e-02	7.862978079452646873e-02
1.256852701507642678e+03	2.400032421843928121e-01	1.558696840987799925e-01	2.630299214444689060e-01	1.568103240443741164e-01	7.448814884796850500e-02	3.112112542624399791e-02	7.867755395362548143e-02
1.258304032571739299e+03	2.398134560163510953e-01	1.557466635959487422e-01	2.631663965787057746e-01	1.568860215457654750e-01	7.451972478431814761e-02	3.114249100298610573e-02	7.872524647577849866e-02
1.259755363635835920e+03	2.396240001560887012e-01	1.556238452754166168e-01	2.633026397344900293e-01	1.569615803083820593e-01	7.455124778504958194e-02	3.116382824018154585e-02	7.877285850024529079e-02
1.261206694699932314e+03	2.394348740257866426e-01	1.555012288059174352e-01	2.634386512983511452e-01	1.570370006069769231e-01	7.458271794000966015e-02	3.118513715677236064e-02	7.882039016603963055e-02
1.262658025764028707e+03	2.392460770486483923e-01	1.553788138567231136e-01	2.635744316561780543e-01	1.571122827157080959e-01	7.461413533888601457e-02	3.120641777178042447e-02	7.886784161192973708e-02
1.264109356828125556e+03	2.390576086488981622e-01	1.552566000976426663e-01	2.637099811932200333e-01	1.571874269081399711e-01	7.464550007120741848e-02	3.122767010430685733e-02	7.891521297643870614e-02
1.265560687892221949e+03	2.388694682517790435e-01	1.551345871990214287e-01	2.638453002940879255e-01	1.572624334572448046e-01	7.467681222634424409e-02	3.124889417353146626e-02	7.896250439784496811e-02
1.267012018956318798e+03	2.386816552835509808e-01	1.550127748317402243e-01	2.639803893427550285e-01	1.573373026354039639e-01	7.470807189350885114e-02	3.127008999871215555e-02	7.900971601418266266e-02
1.268463350020415419e+03	2.384941691714892176e-01	1.548911626672144493e-01	2.641152487225582601e-01	1.574120347144093990e-01	7.473927916175600317e-02	3.129125759918437166e-02	7.905684796324212449e-02
1.269914681084511813e+03	2.383070093438822701e-01	1.547697503773932393e-01	2.642498788161993239e-01	1.574866299654649471e-01	7.477043411998327005e-02	3.131239699436053070e-02	7.910390038257029965e-02
1.271366012148608434e+03	2.381201752300300956e-01	1.546485376347585816e-01	2.643842800057454312e-01	1.575610886591877480e-01	7.480153685693143040e-02	3.133350820372944601e-02	7.915087340947116190e-02
1.272817343212705055e+03	2.379336662602423991e-01	1.545275241123245102e-01	2.645184526726306329e-01	1.576354110656096041e-01	7.483258746118486016e-02	3.135459124685577997e-02	7.919776718100614288e-02
1.274268674276801676e+03	2.377474818658365796e-01	1.544067094836362453e-01	2.646523971976568190e-01	1.577095974541783407e-01	7.486358602117193506e-02	3.137564614337948893e-02	7.924458183399456235e-02
1.275720005340898297e+03	2.375616214791361758e-01	1.542860934227693326e-01	2.647861139609945513e-01	1.577836480937591379e-01	7.489453262516543308e-02	3.139667291301525415e-02	7.929131750501410003e-02
1.277171336404994690e+03	2.373760845334688396e-01	1.541656756043287557e-01	2.649196033421843954e-01	1.578575632526359462e-01	7.492542736128293690e-02	3.141767157555193368e-02	7.933797433040118419e-02
1.278622667469091539e+03	2.371908704631646991e-01	1.540454557034481031e-01	2.650528657201377536e-01	1.579313431985128469e-01	7.495627031748718083e-02	3.143864215085202113e-02	7.938455244625140794e-02
1.280073998533187932e+03	2.370059787035543319e-01	1.539254333957888188e-01	2.651859014731379749e-01	1.580049881985153559e-01	7.498706158158646717e-02	3.145958465885108357e-02	7.943105198842000114e-02
1.281525329597284326e+03	2.368214086909671556e-01	1.538056083575392308e-01	2.653187109788414655e-01	1.580784985191917846e-01	7.501780124123504090e-02	3.148049911955724811e-02	7.947747309252217729e-02
1.282976660661381175e+03	2.366371598627295125e-01	1.536859802654136908e-01	2.654512946142785768e-01	1.581518744265145993e-01	7.504848938393347824e-02	3.150138555305061205e-02	7.952381589393368866e-02
1.284427991725477568e+03	2.364532316571628379e-01	1.535665487966518805e-01	2.655836527558547155e-01	1.582251161858817812e-01	7.507912609702901974e-02	3.152224397948275025e-02	7.957008052779111773e-02
1.285879322789574417e+03	2.362696235135820499e-01	1.534473136290178674e-01	2.657157857793514544e-01	1.582982240621182146e-01	7.510971146771602824e-02	3.154307441907616000e-02	7.961626712899240454e-02
1.287330653853671038e+03	2.360863348722935240e-01	1.533282744407991893e-01	2.658476940599273641e-01	1.583711983194768802e-01	7.514024558303630807e-02	3.156387689212373365e-02	7.966237583219720753e-02
1.288781984917767431e+03	2.359033651745934823e-01	1.532094309108061603e-01	2.659793779721191798e-01	1.584440392216403537e-01	7.517072852987946585e-02	3.158465141898819661e-02	7.970840677182737533e-02
1.290233315981864052e+03	2.357207138627660792e-01	1.530907827183710102e-01	2.661108378898428550e-01	1.585167470317220551e-01	7.520116039498331295e-02	3.160539802010164240e-02	7.975436008206732152e-02
