1.301360187473271253e+03	2.354142272799224500e-01	1.511692047426127505e-01	2.607676433470880739e-01	1.617454001084761284e-01	7.623698120867830608e-02	3.217209948475321935e-02	8.249444382831844225e-02
1.306197957686926657e+03	2.348254384414289186e-01	1.507712602050232942e-01	2.611457468203028376e-01	1.620104856635387336e-01	7.634372609815844035e-02	3.224410073634489254e-02	8.265924203505227441e-02
1.311035727900581833e+03	2.342400783673705689e-01	1.503754677841332155e-01	2.615215538962940567e-01	1.622740949495026785e-01	7.644991663862217568e-02	3.231578208314943995e-02	8.282310628077726999e-02
1.315873498114237009e+03	2.336581266389494704e-01	1.499818161516843773e-01	2.618950798495763843e-01	1.625362359235889564e-01	7.655555565408592167e-02	3.238714434853803836e-02	8.298604143342626360e-02
1.320711268327892412e+03	2.330795629642557487e-01	1.495902940354502664e-01	2.622663398387322098e-01	1.627969164998444296e-01	7.666064595261200265e-02	3.245818836418764425e-02	8.314805234476717322e-02
1.325549038541547588e+03	2.325043671774148779e-01	1.492008902190012920e-01	2.626353489074332859e-01	1.630561445494174422e-01	7.676519032649170571e-02	3.252891496983342789e-02	8.330914385025744995e-02
1.330386808755202765e+03	2.319325192377417189e-01	1.488135935414707789e-01	2.630021219854529746e-01	1.633139279008305189e-01	7.686919155242334656e-02	3.259932501302643254e-02	8.346932076890374586e-02
1.335224578968857941e+03	2.313639992289008573e-01	1.484283928973212374e-01	2.633666738896682791e-01	1.635702743402504822e-01	7.697265239168558926e-02	3.266941934889629889e-02	8.362858790312673041e-02
1.340062349182513572e+03	2.307987873580735760e-01	1.480452772361111891e-01	2.637290193250528270e-01	1.638251916117558493e-01	7.707557559030620009e-02	3.273919883991891627e-02	8.378695003863091684e-02
1.344900119396168748e+03	2.302368639551312102e-01	1.476642355622622971e-01	2.640891728856598064e-01	1.640786874176014820e-01	7.717796387922633283e-02	3.280866435568898648e-02	8.394441194427941511e-02
1.349737889609823924e+03	2.296782094718145539e-01	1.472852569348270524e-01	2.644471490555956872e-01	1.643307694184809320e-01	7.727981997446044249e-02	3.287781677269727143e-02	8.410097837197351434e-02
1.354575659823479100e+03	2.291228044809199560e-01	1.469083304672569867e-01	2.648029622099848934e-01	1.645814452337860112e-01	7.738114657725206347e-02	3.294665697411253841e-02	8.425665405653701145e-02
1.359413430037134731e+03	2.285706296754912437e-01	1.465334453271712467e-01	2.651566266159244845e-01	1.648307224418638084e-01	7.748194637422560482e-02	3.301518584956795316e-02	8.441144371560514725e-02
1.364251200250789907e+03	2.280216658680180586e-01	1.461605907361255563e-01	2.655081564334301758e-01	1.650786085802714021e-01	7.758222203753423196e-02	3.308340429495198326e-02	8.456535204951808049e-02
1.369088970464445310e+03	2.274758939896402432e-01	1.457897559693818734e-01	2.658575657163730344e-01	1.653251111460281031e-01	7.768197622500386257e-02	3.315131321220359667e-02	8.471838374121877513e-02
1.373926740678100487e+03	2.269332950893580003e-01	1.454209303556784905e-01	2.662048684134071252e-01	1.655702375958651718e-01	7.778121158027367921e-02	3.321891350911173463e-02	8.487054345615531459e-02
1.378764510891755890e+03	2.263938503332484919e-01	1.450541032770004957e-01	2.665500783688879993e-01	1.658139953464733696e-01	7.787993073293297819e-02	3.328620609911888545e-02	8.502183584218735157e-02
1.383602281105411066e+03	2.258575410036878783e-01	1.446892641683508729e-01	2.668932093237826320e-01	1.660563917747479024e-01	7.797813629865471552e-02	3.335319190112874532e-02	8.517226552949686003e-02
1.388440051319066470e+03	2.253243484985795186e-01	1.443264025175220733e-01	2.672342749165701470e-01	1.662974342180314480e-01	7.807583087932568056e-02	3.341987183931788286e-02	8.532183713050286999e-02
1.393277821532721646e+03	2.247942543305880281e-01	1.439655078648680864e-01	2.675732886841341585e-01	1.665371299743545197e-01	7.817301706317345000e-02	3.348624684295119225e-02	8.547055523978025482e-02
1.398115591746377049e+03	2.242672401263789139e-01	1.436065698030769833e-01	2.679102640626457865e-01	1.667754863026739975e-01	7.826969742489035819e-02	3.355231784620126001e-02	8.561842443398240410e-02
1.402953361960032225e+03	2.237432876258639292e-01	1.432495779769442645e-01	2.682452143884390128e-01	1.670125104231091340e-01	7.836587452575434487e-02	3.361808578797135377e-02	8.576544927176772692e-02
1.407791132173687402e+03	2.232223786814521993e-01	1.428945220831462637e-01	2.685781528988766542e-01	1.672482095171755334e-01	7.846155091374708290e-02	3.368355161172212342e-02	8.591163429372990212e-02
1.412628902387342805e+03	2.227044952573069281e-01	1.425413918700145499e-01	2.689090927332084546e-01	1.674825907280171056e-01	7.855672912366915006e-02	3.374871626530181329e-02	8.605698402233181998e-02
1.417466672600997981e+03	2.221896194286075155e-01	1.421901771373106360e-01	2.692380469334203497e-01	1.677156611606357428e-01	7.865141167725253624e-02	3.381358070077999239e-02	8.620150296184307670e-02
1.422304442814653157e+03	2.216777333808173933e-01	1.418408677360012138e-01	2.695650284450757939e-01	1.679474278821191102e-01	7.874560108327065266e-02	3.387814587428467777e-02	8.634519559828100765e-02
1.427142213028308333e+03	2.211688194089571902e-01	1.414934535680341943e-01	2.698900501181488165e-01	1.681778979218662151e-01	7.883929983764562111e-02	3.394241274584277462e-02	8.648806639935513463e-02
1.431979983241963964e+03	2.206628599168831417e-01	1.411479245861149423e-01	2.702131247078486398e-01	1.684070782718110615e-01	7.893251042355327318e-02	3.400638227922387485e-02	8.663011981441499920e-02
1.436817753455619140e+03	2.201598374165713023e-01	1.408042707934834270e-01	2.705342648754366919e-01	1.686349758866443893e-01	7.902523531152572112e-02	3.407005544178713652e-02	8.677136027440127131e-02
1.441655523669274316e+03	2.196597345274065582e-01	1.404624822436917053e-01	2.708534831890352934e-01	1.688615976840333599e-01	7.911747695955161086e-02	3.413343320433136208e-02	8.691179219180007742e-02
1.446493293882929493e+03	2.191625339754771917e-01	1.401225490403821550e-01	2.711707921244283503e-01	1.690869505448394094e-01	7.920923781317422419e-02	3.419651654094817833e-02	8.705141996060049292e-02
1.451331064096585123e+03	2.186682185928746358e-01	1.397844613370661238e-01	2.714862040658546083e-01	1.693110413133341041e-01	7.930052030558738807e-02	3.425930642887812377e-02	8.719024795625504587e-02
1.456168834310240300e+03	2.181767713169982525e-01	1.394482093369031894e-01	2.717997313067928022e-01	1.695338767974132743e-01	7.939132685772935794e-02	3.432180384836976822e-02	8.732828053564334336e-02
1.461006604523895703e+03	2.176881751898653294e-01	1.391137832924813078e-01	2.721113860507394788e-01	1.697554637688090950e-01	7.948165987837464697e-02	3.438400978254164964e-02	8.746552203703850115e-02
1.465844374737550879e+03	2.172024133574262661e-01	1.387811735055969331e-01	2.724211804119784919e-01	1.699758089633006675e-01	7.957152176422391254e-02	3.444592521724709061e-02	8.760197678007661248e-02
1.470682144951206283e+03	2.167194690688845626e-01	1.384503703270365815e-01	2.727291264163437812e-01	1.701949190809224910e-01	7.966091489999208020e-02	3.450755114094170017e-02	8.773764906572882605e-02
1.475519915164861459e+03	2.162393256760218041e-01	1.381213641563580896e-01	2.730352360019741575e-01	1.704128007861714089e-01	7.974984165849448303e-02	3.456888854455367199e-02	8.787254317627642142e-02
1.480357685378516862e+03	2.157619666325278907e-01	1.377941454416732048e-01	2.733395210200609271e-01	1.706294607082116110e-01	7.983830440073136359e-02	3.462993842135667077e-02	8.800666337528835481e-02
1.485195455592172038e+03	2.152873754933357087e-01	1.374687046794303424e-01	2.736419932355883544e-01	1.708449054410781931e-01	7.992630547597062707e-02	3.469070176684533463e-02	8.814001390760148325e-02
1.490033225805827215e+03	2.148155359139610754e-01	1.371450324141982868e-01	2.739426643280661322e-01	1.710591415438787455e-01	8.001384722182899867e-02	3.475117957861331014e-02	8.827259899930350873e-02
1.494870996019482618e+03	2.143464316498472355e-01	1.368231192384501971e-01	2.742415458922556337e-01	1.712721755409934432e-01	8.010093196435152940e-02	3.481137285623382704e-02	8.840442285771819841e-02
1.499708766233137567e+03	2.138800465557141872e-01	1.365029557923483350e-01	2.745386494388884491e-01	1.714840139222734983e-01	8.018756201808963091e-02	3.487128260114264605e-02	8.853548967139321380e-02
1.504546536446793198e+03	2.134163645849128099e-01	1.361845327635297087e-01	2.748339863953782047e-01	1.716946631432379466e-01	8.027373968617754207e-02	3.493090981652342830e-02	8.866580361009028521e-02
1.509384306660448374e+03	2.129553697887835439e-01	1.358678408868917720e-01	2.751275681065251666e-01	1.719041296252688256e-01	8.035946726040743560e-02	3.499025550719549182e-02	8.879536882477771786e-02
1.514222076874103550e+03	2.124970463160198719e-01	1.355528709443793445e-01	2.754194058352139596e-01	1.721124197558047408e-01	8.044474702130308130e-02	3.504932067950380925e-02	8.892418944762514599e-02
1.519059847087758726e+03	2.120413784120362133e-01	1.352396137647716989e-01	2.757095107631049036e-01	1.723195398885330465e-01	8.052958123819216329e-02	3.510810634121126761e-02	8.905226959200064629e-02
1.523897617301414357e+03	2.115883504183406483e-01	1.349280602234705917e-01	2.759978939913180218e-01	1.725254963435803313e-01	8.061397216927736198e-02	3.516661350139314857e-02	8.917961335246989141e-02
1.528735387515069533e+03	2.111379467719118885e-01	1.346182012422888763e-01	2.762845665411107210e-01	1.727302954077013231e-01	8.069792206170603444e-02	3.522484317033379442e-02	8.930622480479745440e-02
1.533573157728724709e+03	2.106901520045809384e-01	1.343100277892395056e-01	2.765695393545484215e-01	1.729339433344666832e-01	8.078143315163882621e-02	3.528279635942534881e-02	8.943210800595027821e-02
1.538410927942380113e+03	2.102449507424171693e-01	1.340035308783256163e-01	2.768528232951696921e-01	1.731364463444488577e-01	8.086450766431700632e-02	3.534047408106858607e-02	8.955726699410304636e-02
1.543248698156035516e+03	2.098023277051186686e-01	1.336987015693308356e-01	2.771344291486435574e-01	1.733378106254067907e-01	8.094714781412867821e-02	3.539787734857581525e-02	8.968170578864560760e-02
1.548086468369690692e+03	2.093622677054071679e-01	1.333955309676105316e-01	2.774143676234211986e-01	1.735380423324690835e-01	8.102935580467389431e-02	3.545500717607574792e-02	8.980542839019235724e-02
1.552924238583346096e+03	2.089247556484271351e-01	1.330940102238835632e-01	2.776926493513811045e-01	1.737371475883157379e-01	8.111113382882870204e-02	3.551186457842032268e-02	8.992843878059339491e-02
1.557762008797001272e+03	2.084897765311493067e-01	1.327941305340248068e-01	2.779692848884680600e-01	1.739351324833585954e-01	8.119248406880813507e-02	3.556845057109347258e-02	9.005074092294759747e-02
1.562599779010656675e+03	2.080573154417783288e-01	1.324958831388581559e-01	2.782442847153258625e-01	1.741320030759202220e-01	8.127340869622821928e-02	3.562476617012174523e-02	9.017233876161746819e-02
1.567437549224311852e+03	2.076273575591647547e-01	1.321992593239503799e-01	2.785176592379235427e-01	1.743277653924117376e-01	8.135390987216696568e-02	3.568081239198682419e-02	9.029323622224576240e-02
1.572275319437967255e+03	2.071998881522213176e-01	1.319042504194054555e-01	2.787894187881762575e-01	1.745224254275089537e-01	8.143398974722450279e-02	3.573659025353978502e-02	9.041343721177370896e-02
1.577113089651622431e+03	2.067748925793430337e-01	1.316108477996597304e-01	2.790595736245593539e-01	1.747159891443273994e-01	8.151365046158223771e-02	3.579210077191716938e-02	9.053294561846106370e-02
1.581950859865277607e+03	2.063523562878317730e-01	1.313190428832776979e-01	2.793281339327169377e-01	1.749084624745960992e-01	8.159289414506107341e-02	3.584734496445884239e-02	9.065176531190760612e-02
1.586788630078933011e+03	2.059322648133246891e-01	1.310288271327483822e-01	2.795951098260643919e-01	1.750998513188297967e-01	8.167172291717894606e-02	3.590232384862745291e-02	9.076990014307628751e-02
1.591626400292587959e+03	2.055146037792269509e-01	1.307401920542824447e-01	2.798605113463853988e-01	1.752901615465001783e-01	8.175013888720737698e-02	3.595703844192967014e-02	9.088735394431800285e-02
1.596464170506243590e+03	2.050993588961481928e-01	1.304531291976098462e-01	2.801243484644224124e-01	1.754793989962056822e-01	8.182814415422727528e-02	3.601148976183898148e-02	9.100413052939769487e-02
1.601301940719898766e+03	2.046865159613431295e-01	1.301676301557784798e-01	2.803866310804621342e-01	1.756675694758401685e-01	8.190574080718400485e-02	3.606567882572019046e-02	9.112023369352204027e-02
1.606139710933553943e+03	2.042760608581561110e-01	1.298836865649529992e-01	2.806473690249152164e-01	1.758546787627603136e-01	8.198293092494163270e-02	3.611960665075541338e-02	9.123566721336849594e-02
1.610977481147209119e+03	2.038679795554695917e-01	1.296012901042149223e-01	2.809065720588899695e-01	1.760407326039516995e-01	8.205971657633648331e-02	3.617327425387166506e-02	9.135043484711580231e-02
1.615815251360864750e+03	2.034622581071564296e-01	1.293204324953628193e-01	2.811642498747611851e-01	1.762257367161939592e-01	8.213609982023001299e-02	3.622668265166997803e-02	9.146454033447570797e-02
1.620653021574519926e+03	2.030588826515362377e-01	1.290411055027135545e-01	2.814204120967326861e-01	1.764096967862244791e-01	8.221208270556093489e-02	3.627983286035597194e-02	9.157798739672613764e-02
1.625490791788175102e+03	2.026578394108351777e-01	1.287633009329041400e-01	2.816750682813953244e-01	1.765926184709011304e-01	8.228766727139671944e-02	3.633272589567194261e-02	9.169077973674553961e-02
1.630328562001830505e+03	2.022591146906500270e-01	1.284870106346940877e-01	2.819282279182788731e-01	1.767745073973636671e-01	8.236285554698449807e-02	3.638536277283031806e-02	9.180292103904853784e-02
1.635166332215485909e+03	2.018626948794156051e-01	1.282122264987686777e-01	2.821799004303989777e-01	1.769553691631941816e-01	8.243764955180125920e-02	3.643774450644861329e-02	9.191441496982277748e-02
1.640004102429141085e+03	2.014685664478761407e-01	1.279389404575428102e-01	2.824300951747987232e-01	1.771352093365762825e-01	8.251205129560347518e-02	3.648987211048567575e-02	9.202526517696692221e-02
1.644841872642796488e+03	2.010767159485603583e-01	1.276671444849654669e-01	2.826788214430855373e-01	1.773140334564533571e-01	8.258606277847620192e-02	3.654174659817936710e-02	9.213547529012977577e-02
1.649679642856451665e+03	2.006871300152600623e-01	1.273968305963250336e-01	2.829260884619618777e-01	1.774918470326854458e-01	8.265968599088152624e-02	3.659336898198550792e-02	9.224504892075061080e-02
1.654517413070107068e+03	2.002997953625126060e-01	1.271279908480551224e-01	2.831719053937519770e-01	1.776686555462052564e-01	8.273292291370645812e-02	3.664474027351819624e-02	9.235398966210046912e-02
1.659355183283762244e+03	1.999146987850866364e-01	1.268606173375411705e-01	2.834162813369228151e-01	1.778444644491731230e-01	8.280577551831044825e-02	3.669586148349136129e-02	9.246230108932455838e-02
1.664192953497417420e+03	1.995318271574719193e-01	1.265947022029277058e-01	2.836592253266003727e-01	1.780192791651307727e-01	8.287824576657214226e-02	3.674673362166158003e-02	9.256998675948567568e-02
1.669030723711072824e+03	1.991511674333721338e-01	1.263302376229262780e-01	2.839007463350810556e-01	1.781931050891541191e-01	8.295033561093585750e-02	3.679735769677217050e-02	9.267705021160858869e-02
1.673868493924728000e+03	1.987727066452017466e-01	1.260672158166241674e-01	2.841408532723379565e-01	1.783659475880050305e-01	8.302204699445744907e-02	3.684773471649844395e-02	9.278349496672542995e-02
1.678706264138383403e+03	1.983964319035859125e-01	1.258056290432937041e-01	2.843795549865227312e-01	1.785378120002820701e-01	8.309338185084971795e-02	3.689786568739417127e-02	9.288932452792193761e-02
1.683544034352038352e+03	1.980223303968641491e-01	1.255454696022022532e-01	2.846168602644623125e-01	1.787087036365702375e-01	8.316434210452740283e-02	3.694775161483924292e-02	9.299454238038473708e-02
1.688381804565693983e+03	1.976503893905973974e-01	1.252867298324228940e-01	2.848527778321510162e-01	1.788786277795895996e-01	8.323492967065167225e-02	3.699739350298843904e-02	9.309915199144930265e-02
1.693219574779349159e+03	1.972805962270783864e-01	1.250294021126458766e-01	2.850873163552382072e-01	1.790475896843432835e-01	8.330514645517428374e-02	3.704679235472130988e-02	9.320315681064895996e-02
1.698057344993004335e+03	1.969129383248454657e-01	1.247734788609906748e-01	2.853204844395111350e-01	1.792155945782639703e-01	8.337499435488120170e-02	3.709594917159325655e-02	9.330656026976463790e-02
1.702895115206659511e+03	1.965474031781997699e-01	1.245189525348187609e-01	2.855522906313731069e-01	1.793826476613598619e-01	8.344447525743588223e-02	3.714486495378755554e-02	9.340936578287535597e-02
1.707732885420315142e+03	1.961839783567259077e-01	1.242658156305470746e-01	2.857827434183174420e-01	1.795487541063595649e-01	8.351359104142209999e-02	3.719354070006858359e-02	9.351157674640961370e-02
1.712570655633970318e+03	1.958226515048155092e-01	1.240140606834621573e-01	2.860118512293967630e-01	1.797139190588558921e-01	8.358234357638652523e-02	3.724197740773599330e-02	9.361319653919744632e-02
1.717408425847625494e+03	1.954634103411945212e-01	1.237636802675349951e-01	2.862396224356878460e-01	1.798781476374489707e-01	8.365073472288077350e-02	3.729017607257995720e-02	9.371422852252321578e-02
1.722246196061280898e+03	1.951062426584534992e-01	1.235146669952365689e-01	2.864660653507523080e-01	1.800414449338882394e-01	8.371876633250317779e-02	3.733813768883742501e-02	9.381467604017906803e-02
1.727083966274936301e+03	1.947511363225812031e-01	1.232670135173540571e-01	2.866911882310926862e-01	1.802038160132136413e-01	8.378644024794018597e-02	3.738586324914933839e-02	9.391454241851919515e-02
1.731921736488591478e+03	1.943980792725014117e-01	1.230207125228077736e-01	2.869149992766044099e-01	1.803652659138958447e-01	8.385375830300741129e-02	3.743335374451886577e-02	9.401383096651461102e-02
1.736759506702246881e+03	1.940470595196128190e-01	1.227757567384687165e-01	2.871375066310234425e-01	1.805257996479757154e-01	8.392072232269040533e-02	3.748061016427053915e-02	9.411254497580864853e-02
1.741597276915902057e+03	1.936980651473323156e-01	1.225321389289768664e-01	2.873587183823701485e-01	1.806854222012026501e-01	8.398733412318497293e-02	3.752763349601036247e-02	9.421068772077299813e-02
1.746435047129557461e+03	1.933510843106409915e-01	1.222898518965602060e-01	2.875786425633881094e-01	1.808441385331723550e-01	8.405359551193734846e-02	3.757442472558684271e-02	9.430826245856446799e-02
1.751272817343212637e+03	1.930061052356337181e-01	1.220488884808543922e-01	2.877972871519798304e-01	1.810019535774634591e-01	8.411950828768392785e-02	3.762098483705288154e-02	9.440527242918213269e-02
1.756110587556867813e+03	1.926631162190714508e-01	1.218092415587230248e-01	2.880146600716377847e-01	1.811588722417735720e-01	8.418507424049076482e-02	3.766731481262861753e-02	9.450172085552518975e-02
1.760948357770523216e+03	1.923221056279367513e-01	1.215709040440787481e-01	2.882307691918716830e-01	1.813148994080541476e-01	8.425029515179276174e-02	3.771341563266508018e-02	9.459761094345124632e-02
1.765786127984178393e+03	1.919830618989923354e-01	1.213338688877050320e-01	2.884456223286317456e-01	1.814700399326449332e-01	8.431517279443254131e-02	3.775928827560875306e-02	9.469294588183517491e-02
1.770623898197833569e+03	1.916459735383425622e-01	1.210981290770785090e-01	2.886592272447278118e-01	1.816242986464071674e-01	8.437970893269913786e-02	3.780493371796692093e-02	9.478772884262845477e-02
1.775461668411488745e+03	1.913108291209980050e-01	1.208636776361921294e-01	2.888715916502450631e-01	1.817776803548562525e-01	8.444390532236634161e-02	3.785035293427388425e-02	9.488196298091892966e-02
1.780299438625144376e+03	1.909776172904428249e-01	1.206305076253789271e-01	2.890827232029554161e-01	1.819301898382935656e-01	8.450776371073076554e-02	3.789554689705798562e-02	9.497565143499109297e-02
1.785137208838799552e+03	1.906463267582052812e-01	1.203986121411365490e-01	2.892926295087254740e-01	1.820818318519373258e-01	8.457128583664975940e-02	3.794051657680939243e-02	9.506879732638678915e-02
1.789974979052454728e+03	1.903169463034311004e-01	1.201679843159523392e-01	2.895013181219203702e-01	1.822326111260528791e-01	8.463447343057893535e-02	3.798526294194871228e-02	9.516140375996627598e-02
1.794812749266109904e+03	1.899894647724595653e-01	1.199386173181292703e-01	2.897087965458040593e-01	1.823825323660820674e-01	8.469732821460958239e-02	3.802978695879630916e-02	9.525347382396977258e-02
1.799650519479765535e+03	1.896638710784026571e-01	1.197105043516124706e-01	2.899150722329362218e-01	1.825316002527717363e-01	8.475985190250576173e-02	3.807408959154246625e-02	9.534501059007938206e-02
1.804488289693420711e+03	1.893401542007270566e-01	1.194836386558164043e-01	2.901201525855649499e-01	1.826798194423017441e-01	8.482204619974116622e-02	3.811817180221820783e-02	9.543601711348127792e-02
1.809326059907075887e+03	1.890183031848388651e-01	1.192580135054528007e-01	2.903240449560161029e-01	1.828271945664119436e-01	8.488391280353585477e-02	3.816203455066687761e-02	9.552649643292838999e-02
1.814163830120731291e+03	1.886983071416712121e-01	1.190336222103592495e-01	2.905267566470794427e-01	1.829737302325284976e-01	8.494545340289261226e-02	3.820567879451643861e-02	9.561645157080335411e-02
1.819001600334386467e+03	1.883801552472746110e-01	1.188104581153284628e-01	2.907282949123907168e-01	1.831194310238895839e-01	8.500666967863323986e-02	3.824910548915246705e-02	9.570588553318173930e-02
1.823839370548041643e+03	1.880638367424100621e-01	1.185885145999382578e-01	2.909286669568103001e-01	1.832643014996701014e-01	8.506756330343452632e-02	3.829231558769184002e-02	9.579480130989571907e-02
1.828677140761696819e+03	1.877493409321449591e-01	1.183677850783820817e-01	2.911278799367988390e-01	1.834083461951058480e-01	8.512813594186408039e-02	3.833531004095708933e-02	9.588320187459782595e-02
1.833514910975352450e+03	1.874366571854516605e-01	1.181482629993004796e-01	2.913259409607890649e-01	1.835515696216170056e-01	8.518838925041595511e-02	3.837808979745142846e-02	9.597109018482521958e-02
1.838352681189008081e+03	1.871257749348087529e-01	1.179299418456129650e-01	2.915228570895539995e-01	1.836939762669305698e-01	8.524832487754599453e-02	3.842065580333443864e-02	9.605846918206402407e-02
1.843190451402663257e+03	1.868166836758050897e-01	1.177128151343507650e-01	2.917186353365728846e-01	1.838355705952024743e-01	8.530794446370715267e-02	3.846300900239840032e-02	9.614534179181401241e-02
1.848028221616318433e+03	1.865093729667463007e-01	1.174968764164901064e-01	2.919132826683923376e-01	1.839763570471388832e-01	8.536724964138443783e-02	3.850515033604520743e-02	9.623171092365352675e-02
1.852865991829973609e+03	1.862038324282641877e-01	1.172821192767862786e-01	2.921068060049853421e-01	1.841163400401165939e-01	8.542624203512980130e-02	3.854708074326396866e-02	9.631757947130456521e-02
1.857703762043628785e+03	1.859000517429285626e-01	1.170685373336082802e-01	2.922992122201067411e-01	1.842555239683030255e-01	8.548492326159677634e-02	3.858880116060917770e-02	9.640295031269814630e-02
1.862541532257283961e+03	1.855980206548616951e-01	1.168561242387743115e-01	2.924905081416450114e-01	1.843939132027753447e-01	8.554329492957502001e-02	3.863031252217948713e-02	9.648782631003981203e-02
1.867379302470939592e+03	1.852977289693554519e-01	1.166448736773876421e-01	2.926807005519717064e-01	1.845315120916389551e-01	8.560135864002457740e-02	3.867161575959705833e-02	9.657221030987536703e-02
1.872217072684594768e+03	1.849991665524908235e-01	1.164347793676734910e-01	2.928697961882868461e-01	1.846683249601453469e-01	8.565911598611000710e-02	3.871271180198753575e-02	9.665610514315672863e-02
1.877054842898249490e+03	1.847023233307602541e-01	1.162258350608162960e-01	2.930578017429620874e-01	1.848043561108091704e-01	8.571656855323442348e-02	3.875360157596049321e-02	9.673951362530798515e-02
1.881892613111905121e+03	1.844071892906921362e-01	1.160180345407979124e-01	2.932447238638802856e-01	1.849396098235248920e-01	8.577371791907327514e-02	3.879428600559057388e-02	9.682243855629159290e-02
1.886730383325560297e+03	1.841137544784782198e-01	1.158113716242361452e-01	2.934305691547721140e-01	1.850740903556825079e-01	8.583056565360799861e-02	3.883476601239900516e-02	9.690488272067475373e-02
1.891568153539215928e+03	1.838220089996030482e-01	1.156058401602242935e-01	2.936153441755495752e-01	1.852078019422827571e-01	8.588711331915949154e-02	3.887504251533581423e-02	9.698684888769575074e-02
1.896405923752871104e+03	1.835319430184763345e-01	1.154014340301711683e-01	2.937990554426368472e-01	1.853407487960516686e-01	8.594336247042151655e-02	3.891511643076245308e-02	9.706833981133068667e-02
1.901243693966526507e+03	1.832435467580673660e-01	1.151981471476418439e-01	2.939817094292980770e-01	1.854729351075544708e-01	8.599931465449381363e-02	3.895498867243503416e-02	9.714935823036004170e-02
1.906081464180181683e+03	1.829568104995422106e-01	1.149959734581989940e-01	2.941633125659618986e-01	1.856043650453089167e-01	8.605497141091515700e-02	3.899466015148796844e-02	9.722990686843548114e-02
1.910919234393836859e+03	1.826717245819029778e-01	1.147949069392449756e-01	2.943438712405435642e-01	1.857350427558978612e-01	8.611033427169627330e-02	3.903413177641820719e-02	9.730998843414674637e-02
1.915757004607492036e+03	1.823882794016297715e-01	1.145949415998645665e-01	2.945233917987640226e-01	1.858649723640812823e-01	8.616540476135255144e-02	3.907340445306991400e-02	9.738960562108853192e-02
1.920594774821147894e+03	1.821064654123247806e-01	1.143960714806683127e-01	2.947018805444658329e-01	1.859941579729078032e-01	8.622018439693666936e-02	3.911247908461961548e-02	9.746876110792758452e-02
1.925432545034802843e+03	1.818262731243589780e-01	1.141982906536365694e-01	2.948793437399271355e-01	1.861226036638253534e-01	8.627467468807104023e-02	3.915135657156187249e-02	9.754745755846964961e-02
1.930270315248458019e+03	1.815476931045208742e-01	1.140015932219641814e-01	2.950557876061719043e-01	1.862503134967914420e-01	8.632887713698010612e-02	3.919003781169537459e-02	9.762569762172665366e-02
1.935108085462113195e+03	1.812707159756678510e-01	1.138059733199058982e-01	2.952312183232781440e-01	1.863772915103827088e-01	8.638279323852257607e-02	3.922852370010949941e-02	9.770348393198381720e-02
1.939945855675768371e+03	1.809953324163796617e-01	1.136114251126222885e-01	2.954056420306830355e-01	1.865035417219039482e-01	8.643642448022344216e-02	3.926681512917134381e-02	9.778081910886683714e-02
1.944783625889424002e+03	1.807215331606142061e-01	1.134179427960264330e-01	2.955790648274852495e-01	1.866290681274965224e-01	8.648977234230589839e-02	3.930491298851315762e-02	9.785770575740908306e-02
1.949621396103079178e+03	1.804493089973657483e-01	1.132255205966312545e-01	2.957514927727453724e-01	1.867538747022460810e-01	8.654283829772313474e-02	3.934281816502023521e-02	9.793414646811880730e-02
1.954459166316734354e+03	1.801786507703250495e-01	1.130341527713974725e-01	2.959229318857826141e-01	1.868779654002899471e-01	8.659562381218999239e-02	3.938053154281923041e-02	9.801014381704634126e-02
1.959296936530389530e+03	1.799095493775421661e-01	1.128438336075821835e-01	2.960933881464700157e-01	1.870013441549236433e-01	8.664813034421448013e-02	3.941805400326689468e-02	9.808570036585130547e-02
1.964134706744044706e+03	1.796419957710911341e-01	1.126545574225881752e-01	2.962628674955260499e-01	1.871240148787070012e-01	8.670035934512922149e-02	3.945538642493920389e-02	9.816081866186983362e-02
1.968972476957700337e+03	1.793759809567370411e-01	1.124663185638137830e-01	2.964313758348046668e-01	1.872459814635698272e-01	8.675231225912265198e-02	3.949252968362090832e-02	9.823550123818175495e-02
1.973810247171355968e+03	1.791114959936052353e-01	1.122791114085034403e-01	2.965989190275819531e-01	1.873672477809165959e-01	8.680399052327025800e-02	3.952948465229548514e-02	9.830975061367769330e-02
1.978648017385010689e+03	1.788485319938526164e-01	1.120929303635989083e-01	2.967655028988408494e-01	1.874878176817310338e-01	8.685539556756556590e-02	3.956625220113542396e-02	9.838356929312626342e-02
1.983485787598666320e+03	1.785870801223413129e-01	1.119077698655910891e-01	2.969311332355532018e-01	1.876076949966799245e-01	8.690652881495110338e-02	3.960283319749298425e-02	9.845695976724108678e-02
1.988323557812321269e+03	1.783271315963141923e-01	1.117236243803725049e-01	2.970958157869594829e-01	1.877268835362163046e-01	8.695739168134911101e-02	3.963922850589125801e-02	9.852992451274787677e-02
1.993161328025976900e+03	1.780686776850728681e-01	1.115404884030904153e-01	2.972595562648457923e-01	1.878453870906823808e-01	8.700798557569230929e-02	3.967543898801560720e-02	9.860246599245135746e-02
1.997999098239632076e+03	1.778117097096574006e-01	1.113583564580005736e-01	2.974223603438190255e-01	1.879632094304115042e-01	8.705831189995438812e-02	3.971146550270553133e-02	9.867458665530227935e-02
2.002836868453287707e+03	1.775562190425285236e-01	1.111772230983216064e-01	2.975842336615790451e-01	1.880803543058300054e-01	8.710837204918053800e-02	3.974730890594677102e-02	9.874628893646418548e-02
2.007674638666942428e+03	1.773021971072515635e-01	1.109970829060900332e-01	2.977451818191889643e-01	1.881968254475582525e-01	8.715816741151768965e-02	3.978297005086387644e-02	9.881757525738023296e-02
2.012512408880597604e+03	1.770496353781827181e-01	1.108179304920159647e-01	2.979052103813428776e-01	1.883126265665112653e-01	8.720769936824482316e-02	3.981844978771305332e-02	9.888844802583991733e-02
2.017350179094252780e+03	1.767985253801571122e-01	1.106397604953393010e-01	2.980643248766314257e-01	1.884277613539988017e-01	8.725696929380298561e-02	3.985374896387533505e-02	9.895890963604565826e-02
2.022187949307908411e+03	1.765488586881792943e-01	1.104625675836867355e-01	2.982225307978048079e-01	1.885422334818248336e-01	8.730597855582537814e-02	3.988886842385016424e-02	9.902896246867934349e-02
2.027025719521564042e+03	1.763006269271152893e-01	1.102863464529292709e-01	2.983798336020341835e-01	1.886560466023866900e-01	8.735472851516716541e-02	3.992380900924919623e-02	9.909860889096877568e-02
2.031863489735218764e+03	1.760538217713870091e-01	1.101110918270403749e-01	2.985362387111700211e-01	1.887692043487733951e-01	8.740322052593532676e-02	3.995857155879050521e-02	9.916785125675396662e-02
2.036701259948874394e+03	1.758084349446683847e-01	1.099367984579547458e-01	2.986917515119988931e-01	1.888817103348638393e-01	8.745145593551827135e-02	3.999315690829304687e-02	9.923669190655344530e-02
2.041539030162529116e+03	1.755644582195836356e-01	1.097634611254278136e-01	2.988463773564977721e-01	1.889935681554242575e-01	8.749943608461541178e-02	4.002756589067146126e-02	9.930513316763028842e-02
2.046376800376184747e+03	1.753218834174076757e-01	1.095910746368957273e-01	2.990001215620861075e-01	1.891047813862051230e-01	8.754716230726666826e-02	4.006179933593117387e-02	9.937317735405817865e-02
2.051214570589840150e+03	1.750807024077679908e-01	1.094196338273359936e-01	2.991529894118761801e-01	1.892153535840377099e-01	8.759463593088175071e-02	4.009585807116374662e-02	9.944082676678728250e-02
2.056052340803495554e+03	1.748409071083489030e-01	1.092491335591287832e-01	2.993049861549207935e-01	1.893252882869300713e-01	8.764185827626941316e-02	4.012974292054261038e-02	9.950808369370997553e-02
2.060890111017150957e+03	1.746024894845975561e-01	1.090795687219188320e-01	2.994561170064594657e-01	1.894345890141625743e-01	8.768883065766669427e-02	4.016345470531899886e-02	9.957495040972649814e-02
2.065727881230805451e+03	1.743654415494318433e-01	1.089109342324778851e-01	2.996063871481616236e-01	1.895432592663828242e-01	8.773555438276781082e-02	4.019699424381820152e-02	9.964142917681043099e-02
2.070565651444461309e+03	1.741297553629501671e-01	1.087432250345678753e-01	2.997558017283689646e-01	1.896513025257002272e-01	8.778203075275320399e-02	4.023036235143608724e-02	9.970752224407407327e-02
2.075403421658116713e+03	1.738954230321431704e-01	1.085764360988046712e-01	2.999043658623348207e-01	1.897587222557801379e-01	8.782826106231829411e-02	4.026355984063589855e-02	9.977323184783359888e-02
2.080241191871772116e+03	1.736624367106074096e-01	1.084105624225223108e-01	3.000520846324618573e-01	1.898655219019372564e-01	8.787424659970230478e-02	4.029658752094528867e-02	9.983856021167419881e-02
2.085078962085427065e+03	1.734307885982604713e-01	1.082455990296380816e-01	3.001989630885378846e-01	1.899717048912287765e-01	8.791998864671680958e-02	4.032944619895367094e-02	9.990350954651490423e-02
2.089916732299082469e+03	1.732004709410586429e-01	1.080815409705179475e-01	3.003450062479694482e-01	1.900772746325470608e-01	8.796548847877427857e-02	4.036213667830976931e-02	9.996808205067342357e-02
2.094754502512737417e+03	1.729714760307156929e-01	1.079183833218427813e-01	3.004902190960137554e-01	1.901822345167116790e-01	8.801074736491655559e-02	4.039465975971944650e-02	1.000322799099306742e-01
2.099592272726392821e+03	1.727437962044238440e-01	1.077561211864750956e-01	3.006346065860083239e-01	1.902865879165611396e-01	8.805576656784312728e-02	4.042701624094377499e-02	1.000961052975952587e-01
2.104430042940048224e+03	1.725174238445766062e-01	1.075947496933263997e-01	3.007781736395989669e-01	1.903903381870440947e-01	8.810054734393940601e-02	4.045920691679734393e-02	1.001595603745677604e-01
2.109267813153704083e+03	1.722923513784930805e-01	1.074342639972251517e-01	3.009209251469658342e-01	1.904934886653101289e-01	8.814509094330480465e-02	4.049123257914680890e-02	1.002226472894047482e-01
2.114105583367359031e+03	1.720685712781443999e-01	1.072746592787853226e-01	3.010628659670475660e-01	1.905960426707999089e-01	8.818939860978086687e-02	4.052309401690967761e-02	1.002853681783828221e-01
2.118943353581013525e+03	1.718460760598815862e-01	1.071159307442755421e-01	3.012040009277635044e-01	1.906980035053351952e-01	8.823347158097910592e-02	4.055479201605331763e-02	1.003477251655622848e-01
2.123781123794669384e+03	1.716248582841655435e-01	1.069580736254887865e-01	3.013443348262343502e-01	1.907993744532081037e-01	8.827731108830887130e-02	4.058632735959418619e-02	1.004097203628507295e-01
2.128618894008324787e+03	1.714049105552983843e-01	1.068010831796127880e-01	3.014838724290003769e-01	1.909001587812700906e-01	8.832091835700514593e-02	4.061770082759728895e-02	1.004713558700664894e-01
2.133456664221980191e+03	1.711862255211568096e-01	1.066449546891008876e-01	3.016226184722386461e-01	1.910003597390204366e-01	8.836429460615614906e-02	4.064891319717583301e-02	1.005326337750017673e-01
2.138294434435635139e+03	1.709687958729270429e-01	1.064896834615435967e-01	3.017605776619779467e-01	1.910999805586942601e-01	8.840744104873088371e-02	4.067996524249114371e-02	1.005935561534856970e-01
2.143132204649290543e+03	1.707526143448414857e-01	1.063352648295406155e-01	3.018977546743119023e-01	1.911990244553501139e-01	8.845035889160660081e-02	4.071085773475270619e-02	1.006541250694471951e-01
2.147969974862945492e+03	1.705376737139170651e-01	1.061816941505735884e-01	3.020341541556105791e-01	1.912974946269572485e-01	8.849304933559618003e-02	4.074159144221849854e-02	1.007143425749775362e-01
2.152807745076601350e+03	1.703239667996953588e-01	1.060289668068793156e-01	3.021697807227301524e-01	1.913953942544822096e-01	8.853551357547533029e-02	4.077216713019544275e-02	1.007742107103928586e-01
2.157645515290255844e+03	1.701114864639841351e-01	1.058770782053235771e-01	3.023046389632213504e-01	1.914927265019752134e-01	8.857775280000987350e-02	4.080258556104014722e-02	1.008337315042963367e-01
2.162483285503912157e+03	1.699002256106009190e-01	1.057260237772756073e-01	3.024387334355352341e-01	1.915894945166560226e-01	8.861976819198272293e-02	4.083284749415974635e-02	1.008929069736403256e-01
2.167321055717567106e+03	1.696901771851178076e-01	1.055757989784830153e-01	3.025720686692284778e-01	1.916857014289993222e-01	8.866156092822090329e-02	4.086295368601297606e-02	1.009517391237881312e-01
2.172158825931222509e+03	1.694813341746082280e-01	1.054263992889473978e-01	3.027046491651657623e-01	1.917813503528197350e-01	8.870313217962241814e-02	4.089290489011143670e-02	1.010102299485756139e-01
2.176996596144877003e+03	1.692736896073951947e-01	1.052778202128004659e-01	3.028364793957215584e-01	1.918764443853565316e-01	8.874448311118308952e-02	4.092270185702101548e-02	1.010683814303727501e-01
2.181834366358532861e+03	1.690672365528010368e-01	1.051300572781807274e-01	3.029675638049797448e-01	1.919709866073577020e-01	8.878561488202321716e-02	4.095234533436351021e-02	1.011261955401447088e-01
2.186672136572187810e+03	1.688619681208991252e-01	1.049831060371107933e-01	3.030979068089315054e-01	1.920649800831636389e-01	8.882652864541421001e-02	4.098183606681843338e-02	1.011836742375129411e-01
2.191509906785843214e+03	1.686578774622666255e-01	1.048369620653752249e-01	3.032275127956722272e-01	1.921584278607906537e-01	8.886722554880509273e-02	4.101117479612494121e-02	1.012408194708159376e-01
2.196347676999498617e+03	1.684549577677393883e-01	1.046916209623989236e-01	3.033563861255958449e-01	1.922513329720137720e-01	8.890770673384894296e-02	4.104036226108396385e-02	1.012976331771698879e-01
2.201185447213154021e+03	1.682532022681678952e-01	1.045470783511261020e-01	3.034845311315887417e-01	1.923436984324492782e-01	8.894797333642923132e-02	4.106939919756053686e-02	1.013541172825289383e-01
2.206023217426809424e+03	1.680526042341752568e-01	1.044033298778998115e-01	3.036119521192210957e-01	1.924355272416369278e-01	8.898802648668598103e-02	4.109828633848619517e-02	1.014102737017454070e-01
2.210860987640464373e+03	1.678531569759163788e-01	1.042603712123420789e-01	3.037386533669373390e-01	1.925268223831214931e-01	8.902786730904203860e-02	4.112702441386163060e-02	1.014661043386297229e-01
2.215698757854119776e+03	1.676548538428387636e-01	1.041181980472344754e-01	3.038646391262447843e-01	1.926175868245341982e-01	8.906749692222906689e-02	4.115561415075941198e-02	1.015216110860100579e-01
2.220536528067775180e+03	1.674576882234448671e-01	1.039768060983994186e-01	3.039899136219005871e-01	1.927078235176734877e-01	8.910691643931348271e-02	4.118405627332695496e-02	1.015767958257919323e-01
2.225374298281430583e+03	1.672616535450560660e-01	1.038361911045818375e-01	3.041144810520978736e-01	1.927975353985856566e-01	8.914612696772239442e-02	4.121235150278956122e-02	1.016316604290173203e-01
2.230212068495085077e+03	1.670667432735779556e-01	1.036963488273315304e-01	3.042383455886495391e-01	1.928867253876448973e-01	8.918512960926934519e-02	4.124050055745362431e-02	1.016862067559238386e-01
2.235049838708740936e+03	1.668729509132670374e-01	1.035572750508860218e-01	3.043615113771711567e-01	1.929753963896330693e-01	8.922392546018001469e-02	4.126850415270997413e-02	1.017404366560034495e-01
2.239887608922396339e+03	1.666802700064993481e-01	1.034189655820539344e-01	3.044839825372622211e-01	1.930635512938189413e-01	8.926251561111780974e-02	4.129636300103741581e-02	1.017943519680610531e-01
2.244725379136052197e+03	1.664886941335400050e-01	1.032814162500990118e-01	3.046057631626859497e-01	1.931511929740371281e-01	8.930090114720937167e-02	4.132407781200632402e-02	1.018479545202728986e-01
2.249563149349706237e+03	1.662982169123147225e-01	1.031446229066245029e-01	3.047268573215475840e-01	1.932383242887667496e-01	8.933908314807005591e-02	4.135164929228241776e-02	1.019012461302446493e-01
2.254400919563362095e+03	1.661088319981822159e-01	1.030085814254583093e-01	3.048472690564715815e-01	1.933249480812095078e-01	8.937706268782918961e-02	4.137907814563065306e-02	1.019542286050692526e-01
2.259238689777017044e+03	1.659205330837086323e-01	1.028732877025384934e-01	3.049670023847768641e-01	1.934110671793674019e-01	8.941484083515534309e-02	4.140636507291926144e-02	1.020069037413846302e-01
2.264076459990672902e+03	1.657333138984430632e-01	1.027387376557994392e-01	3.050860612986514009e-01	1.934966843961202776e-01	8.945241865328147635e-02	4.143351077212388545e-02	1.020592733254311185e-01
