1.001418434226643626e+03	2.790665980259783852e-01	1.810484957639852677e-01	2.350218971576212845e-01	1.410626512771431251e-01	6.801317418559990613e-02	2.689376496572564584e-02	6.889341862379701198e-02
1.002869765290740247e+03	2.788077278787140512e-01	1.808849801918628042e-01	2.352060390569128689e-01	1.411678319800040438e-01	6.805556517927245641e-02	2.692018628085202786e-02	6.895766943223233247e-02
1.004321096354836754e+03	2.785493050034031359e-01	1.807217368097019106e-01	2.353898711874220784e-01	1.412728144475179637e-01	6.809788406882727463e-02	2.694657783605720544e-02	6.902181064692101964e-02
1.005772427418933376e+03	2.782913286246664342e-01	1.805587651633932533e-01	2.355733940678014782e-01	1.413775990753402823e-01	6.814013098610223473e-02	2.697293962593597105e-02	6.908584245661099354e-02
1.007223758483029997e+03	2.780337979684849858e-01	1.803960647995858091e-01	2.357566082158343845e-01	1.414821862583291179e-01	6.818230606256102388e-02	2.699927164531534807e-02	6.914976504974006122e-02
1.008675089547126618e+03	2.777767122621977447e-01	1.802336352656853657e-01	2.359395141484363356e-01	1.415865763905463093e-01	6.822440942929576535e-02	2.702557388925311277e-02	6.921357861443619419e-02
1.010126420611223239e+03	2.775200707344989692e-01	1.800714761098534678e-01	2.361221123816565348e-01	1.416907698652583036e-01	6.826644121702965529e-02	2.705184635303632679e-02	6.927728333851762565e-02
1.011577751675319632e+03	2.772638726154358912e-01	1.799095868810060006e-01	2.363044034306793217e-01	1.417947670749371281e-01	6.830840155611957176e-02	2.707808903217987298e-02	6.934087940949315576e-02
1.013029082739416367e+03	2.770081171364059958e-01	1.797479671288119973e-01	2.364863878098256433e-01	1.418985684112613610e-01	6.835029057655865603e-02	2.710430192242500175e-02	6.940436701456227653e-02
1.014480413803512761e+03	2.767528035301548561e-01	1.795866164036924173e-01	2.366680660325544139e-01	1.420021742651170760e-01	6.839210840797882440e-02	2.713048501973790508e-02	6.946774634061546327e-02
1.015931744867609382e+03	2.764979310307733584e-01	1.794255342568188138e-01	2.368494386114640970e-01	1.421055850265988130e-01	6.843385517965332177e-02	2.715663832030826633e-02	6.953101757423432727e-02
1.017383075931706003e+03	2.762434988736954256e-01	1.792647202401120854e-01	2.370305060582940382e-01	1.422088010850105499e-01	6.847553102049917795e-02	2.718276182054784815e-02	6.959418090169186555e-02
1.018834406995802851e+03	2.759895062956955747e-01	1.791041739062413096e-01	2.372112688839259909e-01	1.423118228288667575e-01	6.851713605907970572e-02	2.720885551708907002e-02	6.965723650895269681e-02
1.020285738059899245e+03	2.757359525348862528e-01	1.789438948086223558e-01	2.373917275983854769e-01	1.424146506458932870e-01	6.855867042360686003e-02	2.723491940678362394e-02	6.972018458167325572e-02
1.021737069123995752e+03	2.754828368307156716e-01	1.787838825014168298e-01	2.375718827108432851e-01	1.425172849230284811e-01	6.860013424194372211e-02	2.726095348670106583e-02	6.978302530520208435e-02
1.023188400188092373e+03	2.752301584239651433e-01	1.786241365395305758e-01	2.377517347296168315e-01	1.426197260464242000e-01	6.864152764160683096e-02	2.728695775412743468e-02	6.984575886458002647e-02
1.024639731252188767e+03	2.749779165567469708e-01	1.784646564786126488e-01	2.379312841621717411e-01	1.427219744014467939e-01	6.868285074976854254e-02	2.731293220656388562e-02	6.990838544454046344e-02
1.026091062316285615e+03	2.747261104725015612e-01	1.783054418750540104e-01	2.381105315151230972e-01	1.428240303726781568e-01	6.872410369325933355e-02	2.733887684172530211e-02	6.997090522950961955e-02
1.027542393380382237e+03	2.744747394159952614e-01	1.781464922859862243e-01	2.382894772942370232e-01	1.429258943439167817e-01	6.876528659857011894e-02	2.736479165753896714e-02	7.003331840360671467e-02
1.028993724444478858e+03	2.742238026333180256e-01	1.779878072692802626e-01	2.384681220044319871e-01	1.430275666981788152e-01	6.880639959185451404e-02	2.739067665214320671e-02	7.009562515064433896e-02
1.030445055508575479e+03	2.739732993718808074e-01	1.778293863835452848e-01	2.386464661497803008e-01	1.431290478176990566e-01	6.884744279893106889e-02	2.741653182388603324e-02	7.015782565412861937e-02
1.031896386572671872e+03	2.737232288804131719e-01	1.776712291881274719e-01	2.388245102335095071e-01	1.432303380839322071e-01	6.888841634528553026e-02	2.744235717132383762e-02	7.021992009725949724e-02
1.033347717636768493e+03	2.734735904089610758e-01	1.775133352431085831e-01	2.390022547580038514e-01	1.433314378775536746e-01	6.892932035607299279e-02	2.746815269322005343e-02	7.028190866293101968e-02
1.034799048700865114e+03	2.732243832088842583e-01	1.773557041093049014e-01	2.391797002248055581e-01	1.434323475784608781e-01	6.897015495612004998e-02	2.749391838854385595e-02	7.034379153373161719e-02
1.036250379764961508e+03	2.729756065328540759e-01	1.771983353482660672e-01	2.393568471346164406e-01	1.435330675657743305e-01	6.901092026992702855e-02	2.751965425646884719e-02	7.040556889194432566e-02
1.037701710829058356e+03	2.727272596348508937e-01	1.770412285222736082e-01	2.395336959872992055e-01	1.436335982178385817e-01	6.905161642167002845e-02	2.754536029637176878e-02	7.046724091954706393e-02
1.039153041893154750e+03	2.724793417701616427e-01	1.768843831943399392e-01	2.397102472818788688e-01	1.437339399122234684e-01	6.909224353520303230e-02	2.757103650783120780e-02	7.052880779821299462e-02
1.040604372957251599e+03	2.722318521953777659e-01	1.767277989282070583e-01	2.398865015165440873e-01	1.438340930257251959e-01	6.913280173405998708e-02	2.759668289062632701e-02	7.059026970931070455e-02
1.042055704021347992e+03	2.719847901683926650e-01	1.765714752883452976e-01	2.400624591886487136e-01	1.439340579343674209e-01	6.917329114145688573e-02	2.762229944473558116e-02	7.065162683390457943e-02
1.043507035085444613e+03	2.717381549483992575e-01	1.764154118399521853e-01	2.402381207947131281e-01	1.440338350134023893e-01	6.921371188029375177e-02	2.764788617033546447e-02	7.071287935275499814e-02
1.044958366149541234e+03	2.714919457958877014e-01	1.762596081489511135e-01	2.404134868304255990e-01	1.441334246373121020e-01	6.925406407315669310e-02	2.767344306779925475e-02	7.077402744631870746e-02
1.046409697213637855e+03	2.712461619726431183e-01	1.761040637819902555e-01	2.405885577906437256e-01	1.442328271798094808e-01	6.929434784231981725e-02	2.769897013769576782e-02	7.083507129474907182e-02
1.047861028277734476e+03	2.710008027417430410e-01	1.759487783064412614e-01	2.407633341693957985e-01	1.443320430138393673e-01	6.933456330974725745e-02	2.772446738078811895e-02	7.089601107789637868e-02
1.049312359341831097e+03	2.707558673675552474e-01	1.757937512903981203e-01	2.409378164598822702e-01	1.444310725115798555e-01	6.937471059709508781e-02	2.774993479803248772e-02	7.095684697530814378e-02
1.050763690405927491e+03	2.705113551157353746e-01	1.756389823026759112e-01	2.411120051544770604e-01	1.445299160444433462e-01	6.941478982571322454e-02	2.777537239057690371e-02	7.101757916622940259e-02
1.052215021470024112e+03	2.702672652532244757e-01	1.754844709128095537e-01	2.412859007447289983e-01	1.446285739830777684e-01	6.945480111664736889e-02	2.780078015976002875e-02	7.107820782960307116e-02
1.053666352534120733e+03	2.700235970482468550e-01	1.753302166910527260e-01	2.414595037213631279e-01	1.447270466973676895e-01	6.949474459064083898e-02	2.782615810710994952e-02	7.113873314407016812e-02
1.055117683598217127e+03	2.697803497703075704e-01	1.751762192083764769e-01	2.416328145742821787e-01	1.448253345564355088e-01	6.953462036813642944e-02	2.785150623434297368e-02	7.119915528797018944e-02
1.056569014662313975e+03	2.695375226901902677e-01	1.750224780364682542e-01	2.418058337925679535e-01	1.449234379286427066e-01	6.957442856927829877e-02	2.787682454336245022e-02	7.125947443934139980e-02
1.058020345726410369e+03	2.692951150799547944e-01	1.748689927477306283e-01	2.419785618644825775e-01	1.450213571815909264e-01	6.961416931391369023e-02	2.790211303625758296e-02	7.131969077592115180e-02
1.059471676790506763e+03	2.690531262129348677e-01	1.747157629152799319e-01	2.421509992774700526e-01	1.451190926821232241e-01	6.965384272159483303e-02	2.792737171530224050e-02	7.137980447514619131e-02
1.060923007854603611e+03	2.688115553637357991e-01	1.745627881129452885e-01	2.423231465181575339e-01	1.452166447963253171e-01	6.969344891158062161e-02	2.795260058295379740e-02	7.143981571415304599e-02
1.062374338918700232e+03	2.685704018082321620e-01	1.744100679152672806e-01	2.424950040723566902e-01	1.453140138895265832e-01	6.973298800283846133e-02	2.797779964185198240e-02	7.149972466977826124e-02
1.063825669982796853e+03	2.683296648235655169e-01	1.742576018974968666e-01	2.426665724250650080e-01	1.454112003263015596e-01	6.977246011404593384e-02	2.800296889481771606e-02	7.155953151855877492e-02
1.065277001046893474e+03	2.680893436881421898e-01	1.741053896355941044e-01	2.428378520604674018e-01	1.455082044704709421e-01	6.981186536359253181e-02	2.802810834485194857e-02	7.161923643673225037e-02
1.066728332110990095e+03	2.678494376816308309e-01	1.739534307062270690e-01	2.430088434619372961e-01	1.456050266851028896e-01	6.985120386958139360e-02	2.805321799513454256e-02	7.167883960023739565e-02
1.068179663175086489e+03	2.676099460849601930e-01	1.738017246867704924e-01	2.431795471120381802e-01	1.457016673325141620e-01	6.989047574983094091e-02	2.807829784902312817e-02	7.173834118471429655e-02
1.069630994239183110e+03	2.673708681803169118e-01	1.736502711553047917e-01	2.433499634925248845e-01	1.457981267742714804e-01	6.992968112187657181e-02	2.810334791005198243e-02	7.179774136550474972e-02
1.071082325303279504e+03	2.671322032511432298e-01	1.734990696906147378e-01	2.435200930843449407e-01	1.458944053711926370e-01	6.996882010297228449e-02	2.812836818193091212e-02	7.185704031765262345e-02
1.072533656367376352e+03	2.668939505821346092e-01	1.733481198721883720e-01	2.436899363676399977e-01	1.459905034833477722e-01	7.000789281009228704e-02	2.815335866854413657e-02	7.191623821590421850e-02
1.073984987431472746e+03	2.666561094592376224e-01	1.731974212802157298e-01	2.438594938217470143e-01	1.460864214700606234e-01	7.004689935993267669e-02	2.817831937394918093e-02	7.197533523470850403e-02
1.075436318495569594e+03	2.664186791696475098e-01	1.730469734955878414e-01	2.440287659251998420e-01	1.461821596899097742e-01	7.008583986891298023e-02	2.820325030237578676e-02	7.203433154821760331e-02
1.076887649559666215e+03	2.661816590018061812e-01	1.728967760998953163e-01	2.441977531557303904e-01	1.462777185007298475e-01	7.012471445317769447e-02	2.822815145822481914e-02	7.209322733028707131e-02
1.078338980623762609e+03	2.659450482453997733e-01	1.727468286754273996e-01	2.443664559902700428e-01	1.463730982596128383e-01	7.016352322859790991e-02	2.825302284606717382e-02	7.215202275447622771e-02
1.079790311687859230e+03	2.657088461913563182e-01	1.725971308051707231e-01	2.445348749049510440e-01	1.464682993229092511e-01	7.020226631077282342e-02	2.827786447064271555e-02	7.221071799404854552e-02
1.081241642751955851e+03	2.654730521318436898e-01	1.724476820728080007e-01	2.447030103751076935e-01	1.465633220462295161e-01	7.024094381503126483e-02	2.830267633685918868e-02	7.226931322197199803e-02
1.082692973816052472e+03	2.652376653602674939e-01	1.722984820627171398e-01	2.448708628752778727e-01	1.466581667844450709e-01	7.027955585643319569e-02	2.832745844979116592e-02	7.232780861091937796e-02
1.084144304880149093e+03	2.650026851712684595e-01	1.721495303599698823e-01	2.450384328792042932e-01	1.467528338916897768e-01	7.031810254977120811e-02	2.835221081467898321e-02	7.238620433326872772e-02
1.085595635944245487e+03	2.647681108607204403e-01	1.720008265503306932e-01	2.452057208598357463e-01	1.468473237213610838e-01	7.035658400957202352e-02	2.837693343692769543e-02	7.244450056110363079e-02
1.087046967008342108e+03	2.645339417257282499e-01	1.718523702202556236e-01	2.453727272893286016e-01	1.469416366261213636e-01	7.039500035009789436e-02	2.840162632210601126e-02	7.250269746621360034e-02
1.088498298072438729e+03	2.643001770646252191e-01	1.717041609568910887e-01	2.455394526390480281e-01	1.470357729578991579e-01	7.043335168534811674e-02	2.842628947594529054e-02	7.256079522009445393e-02
1.089949629136535123e+03	2.640668161769711975e-01	1.715561983480727859e-01	2.457058973795693269e-01	1.471297330678904836e-01	7.047163812906040437e-02	2.845092290433848606e-02	7.261879399394867429e-02
1.091400960200631971e+03	2.638338583635502221e-01	1.714084819823245842e-01	2.458720619806793184e-01	1.472235173065600256e-01	7.050985979471235954e-02	2.847552661333910967e-02	7.267669395868574245e-02
1.092852291264728365e+03	2.636013029263684082e-01	1.712610114488572755e-01	2.460379469113776196e-01	1.473171260236425251e-01	7.054801679552277771e-02	2.850010060916024004e-02	7.273449528492256788e-02
1.094303622328825213e+03	2.633691491686516173e-01	1.711137863375674084e-01	2.462035526398779484e-01	1.474105595681440006e-01	7.058610924445316015e-02	2.852464489817348528e-02	7.279219814298379387e-02
1.095754953392921607e+03	2.631373963948434591e-01	1.709668062390362619e-01	2.463688796336095110e-01	1.475038182883430804e-01	7.062413725420896293e-02	2.854915948690798372e-02	7.284980270290219995e-02
1.097206284457018228e+03	2.629060439106029046e-01	1.708200707445285682e-01	2.465339283592182240e-01	1.475969025317922512e-01	7.066210093724104024e-02	2.857364438204940821e-02	7.290730913441910432e-02
1.098657615521114849e+03	2.626750910228021207e-01	1.706735794459915134e-01	2.466986992825681291e-01	1.476898126453191629e-01	7.070000040574693501e-02	2.859809959043895997e-02	7.296471760698466924e-02
1.100108946585211470e+03	2.624445370395243615e-01	1.705273319360535167e-01	2.468631928687426424e-01	1.477825489750279608e-01	7.073783577167222503e-02	2.862252511907238325e-02	7.302202828975835891e-02
1.101560277649308091e+03	2.622143812700619137e-01	1.703813278080230365e-01	2.470274095820458871e-01	1.478751118663005071e-01	7.077560714671182751e-02	2.864692097509898699e-02	7.307924135160923096e-02
1.103011608713404712e+03	2.619846230249137098e-01	1.702355666558875991e-01	2.471913498860039138e-01	1.479675016637977680e-01	7.081331464231130357e-02	2.867128716582065598e-02	7.313635696111639439e-02
1.104462939777501106e+03	2.617552616157831635e-01	1.700900480743124665e-01	2.473550142433662835e-01	1.480597187114610913e-01	7.085095836966814886e-02	2.869562369869088983e-02	7.319337528656932879e-02
1.105914270841597499e+03	2.615262963555761155e-01	1.699447716586396373e-01	2.475184031161069553e-01	1.481517633525134547e-01	7.088853843973305646e-02	2.871993058131383156e-02	7.325029649596834225e-02
1.107365601905694348e+03	2.612977265583987241e-01	1.697997370048866805e-01	2.476815169654259241e-01	1.482436359294608541e-01	7.092605496321115199e-02	2.874420782144330652e-02	7.330712075702483510e-02
1.108816932969790741e+03	2.610695515395550781e-01	1.696549437097455149e-01	2.478443562517503584e-01	1.483353367840935244e-01	7.096350805056329814e-02	2.876845542698186486e-02	7.336384823716182724e-02
1.110268264033887590e+03	2.608417706155452542e-01	1.695103913705815757e-01	2.480069214347359885e-01	1.484268662574873276e-01	7.100089781200730199e-02	2.879267340597984476e-02	7.342047910351422180e-02
1.111719595097984211e+03	2.606143831040630410e-01	1.693660795854322609e-01	2.481692129732683272e-01	1.485182246900050851e-01	7.103822435751912245e-02	2.881686176663441831e-02	7.347701352292927701e-02
1.113170926162080832e+03	2.603873883239939957e-01	1.692220079530061816e-01	2.483312313254640025e-01	1.486094124212977430e-01	7.107548779683404983e-02	2.884102051728865135e-02	7.353345166196693927e-02
1.114622257226177226e+03	2.601607855954130577e-01	1.690781760726818295e-01	2.484929769486720064e-01	1.487004297903058714e-01	7.111268823944796869e-02	2.886514966643057359e-02	7.358979368690028722e-02
1.116073588290273847e+03	2.599345742395824943e-01	1.689345835445065225e-01	2.486544502994750827e-01	1.487912771352608854e-01	7.114982579461852363e-02	2.888924922269225926e-02	7.364603976371585092e-02
1.117524919354370468e+03	2.597087535789499024e-01	1.687912299691953499e-01	2.488156518336908929e-01	1.488819547936863497e-01	7.118690057136621563e-02	2.891331919484890073e-02	7.370219005811408375e-02
1.118976250418467089e+03	2.594833229371459327e-01	1.686481149481298680e-01	2.489765820063732926e-01	1.489724631023993384e-01	7.122391267847566487e-02	2.893735959181788567e-02	7.375824473550969540e-02
1.120427581482563710e+03	2.592582816389822353e-01	1.685052380833571839e-01	2.491372412718137752e-01	1.490628023975117955e-01	7.126086222449672103e-02	2.896137042265789843e-02	7.381420396103206827e-02
1.121878912546660331e+03	2.590336290104492956e-01	1.683625989775888177e-01	2.492976300835426373e-01	1.491529730144317556e-01	7.129774931774555957e-02	2.898535169656800067e-02	7.387006789952567376e-02
1.123330243610756725e+03	2.588093643787143794e-01	1.682201972341994534e-01	2.494577488943302279e-01	1.492429752878647597e-01	7.133457406630583364e-02	2.900930342288674663e-02	7.392583671555041924e-02
1.124781574674853118e+03	2.585854870721193688e-01	1.680780324572259676e-01	2.496175981561882251e-01	1.493328095518151044e-01	7.137133657802981201e-02	2.903322561109128452e-02	7.398151057338210601e-02
1.126232905738949967e+03	2.583619964201786523e-01	1.679361042513662639e-01	2.497771783203710239e-01	1.494224761395872569e-01	7.140803696053943384e-02	2.905711827079645454e-02	7.403708963701276236e-02
1.127684236803046360e+03	2.581388917535772376e-01	1.677944122219781342e-01	2.499364898373769017e-01	1.495119753837870769e-01	7.144467532122744657e-02	2.908098141175391449e-02	7.409257407015111541e-02
1.129135567867143209e+03	2.579161724041682535e-01	1.676529559750783160e-01	2.500955331569493234e-01	1.496013076163233146e-01	7.148125176725841912e-02	2.910481504385126206e-02	7.414796403622292420e-02
1.130586898931239830e+03	2.576938377049712292e-01	1.675117351173412150e-01	2.502543087280781897e-01	1.496904731684087497e-01	7.151776640556987974e-02	2.912861917711115703e-02	7.420325969837142377e-02
1.132038229995336451e+03	2.574718869901697627e-01	1.673707492560978505e-01	2.504128169990011976e-01	1.497794723705616060e-01	7.155421934287332919e-02	2.915239382169045393e-02	7.425846121945772760e-02
1.133489561059432845e+03	2.572503195951095778e-01	1.672299979993348562e-01	2.505710584172047839e-01	1.498683055526069119e-01	7.159061068565530928e-02	2.917613898787932425e-02	7.431356876206118844e-02
1.134940892123529466e+03	2.570291348562963596e-01	1.670894809556931759e-01	2.507290334294259293e-01	1.499569730436777770e-01	7.162694054017840206e-02	2.919985468610043072e-02	7.436858248847985631e-02
1.136392223187626087e+03	2.568083321113938111e-01	1.669491977344672584e-01	2.508867424816528802e-01	1.500454751722168356e-01	7.166320901248231234e-02	2.922354092690803568e-02	7.442350256073086701e-02
1.137843554251722708e+03	2.565879106992214331e-01	1.668091479456036419e-01	2.510441860191267027e-01	1.501338122659773844e-01	7.169941620838485297e-02	2.924719772098717183e-02	7.447832914055081688e-02
1.139294885315819101e+03	2.563678699597524147e-01	1.666693311997001770e-01	2.512013644863425044e-01	1.502219846520249369e-01	7.173556223348293015e-02	2.927082507915279574e-02	7.453306238939619299e-02
1.140746216379915950e+03	2.561482092341118566e-01	1.665297471080047498e-01	2.513582783270506549e-01	1.503099926567383893e-01	7.177164719315359820e-02	2.929442301234894130e-02	7.458770246844381724e-02
1.142197547444012343e+03	2.559289278645744403e-01	1.663903952824141719e-01	2.515149279842579522e-01	1.503978366058114635e-01	7.180767119255497544e-02	2.931799153164789395e-02	7.464224953859119327e-02
1.143648878508108737e+03	2.557100251945623737e-01	1.662512753354732364e-01	2.516713139002288990e-01	1.504855168242539565e-01	7.184363433662724341e-02	2.934153064824935458e-02	7.469670376045693672e-02
1.145100209572205586e+03	2.554915005686436147e-01	1.661123868803735526e-01	2.518274365164872020e-01	1.505730336363931832e-01	7.187953673009365996e-02	2.936504037347961379e-02	7.475106529438119152e-02
1.146551540636302207e+03	2.552733533325294291e-01	1.659737295309524352e-01	2.519832962738166593e-01	1.506603873658752257e-01	7.191537847746143353e-02	2.938852071879073657e-02	7.480533430042604626e-02
1.148002871700398828e+03	2.550555828330726693e-01	1.658353029016919056e-01	2.521388936122626601e-01	1.507475783356663213e-01	7.195115968302275011e-02	2.941197169575974352e-02	7.485951093837593662e-02
1.149454202764495449e+03	2.548381884182655543e-01	1.656971066077175814e-01	2.522942289711331276e-01	1.508346068680541663e-01	7.198688045085566145e-02	2.943539331608778856e-02	7.491359536773803396e-02
1.150905533828591842e+03	2.546211694372378376e-01	1.655591402647975385e-01	2.524493027890001295e-01	1.509214732846492490e-01	7.202254088482501482e-02	2.945878559159937835e-02	7.496758774774271716e-02
1.152356864892688463e+03	2.544045252402544754e-01	1.654214034893413954e-01	2.526041155037008212e-01	1.510081779063862650e-01	7.205814108858338285e-02	2.948214853424153611e-02	7.502148823734391958e-02
1.153808195956785084e+03	2.541882551787138511e-01	1.652838958983989803e-01	2.527586675523388893e-01	1.510947210535253660e-01	7.209368116557202111e-02	2.950548215608303493e-02	7.507529699521957312e-02
1.155259527020881706e+03	2.539723586051457205e-01	1.651466171096595825e-01	2.529129593712856061e-01	1.511811030456535199e-01	7.212916121902168687e-02	2.952878646931357889e-02	7.512901417977205232e-02
1.156710858084978327e+03	2.537568348732089918e-01	1.650095667414506750e-01	2.530669913961811623e-01	1.512673242016858710e-01	7.216458135195358281e-02	2.955206148624303988e-02	7.518263994912854908e-02
1.158162189149074720e+03	2.535416833376898382e-01	1.648727444127368047e-01	2.532207640619358324e-01	1.513533848398671000e-01	7.219994166718021744e-02	2.957530721930064915e-02	7.523617446114144736e-02
1.159613520213171569e+03	2.533269033544998661e-01	1.647361497431187038e-01	2.533742778027312514e-01	1.514392852777727005e-01	7.223524226730630715e-02	2.959852368103424100e-02	7.528961787338883660e-02
1.161064851277267962e+03	2.531124942806737832e-01	1.645997823528321802e-01	2.535275330520215809e-01	1.515250258323103671e-01	7.227048325472963664e-02	2.962171088410944092e-02	7.534297034317487263e-02
1.162516182341364356e+03	2.528984554743677338e-01	1.644636418627469232e-01	2.536805302425348407e-01	1.516106068197213275e-01	7.230566473164189156e-02	2.964486884130894048e-02	7.539623202753018005e-02
1.163967513405461204e+03	2.526847862948570222e-01	1.643277278943655606e-01	2.538332698062740755e-01	1.516960285555816468e-01	7.234078680002958839e-02	2.966799756553169590e-02	7.544940308321232414e-02
1.165418844469557826e+03	2.524714861025341706e-01	1.641920400698226312e-01	2.539857521745184088e-01	1.517812913548036158e-01	7.237584956167478212e-02	2.969109706979217861e-02	7.550248366670614386e-02
1.166870175533654447e+03	2.522585542589071417e-01	1.640565780118834194e-01	2.541379777778244864e-01	1.518663955316370273e-01	7.241085311815605163e-02	2.971416736721961896e-02	7.555547393422426539e-02
1.168321506597751068e+03	2.520459901265969527e-01	1.639213413439430389e-01	2.542899470460276423e-01	1.519513413996705919e-01	7.244579757084919358e-02	2.973720847105724291e-02	7.560837404170743514e-02
1.169772837661847461e+03	2.518337930693360094e-01	1.637863296900252119e-01	2.544416604082430089e-01	1.520361292718331869e-01	7.248068302092815218e-02	2.976022039466152611e-02	7.566118414482501942e-02
1.171224168725944082e+03	2.516219624519661635e-01	1.636515426747813529e-01	2.545931182928667380e-01	1.521207594603953273e-01	7.251550956936575476e-02	2.978320315150145489e-02	7.571390439897533742e-02
1.172675499790040703e+03	2.514104976404364922e-01	1.635169799234894583e-01	2.547443211275773889e-01	1.522052322769703314e-01	7.255027731693454440e-02	2.980615675515777344e-02	7.576653495928617477e-02
1.174126830854137097e+03	2.511993980018014105e-01	1.633826410620531078e-01	2.548952693393369273e-01	1.522895480325157647e-01	7.258498636420759875e-02	2.982908121932225168e-02	7.581907598061511655e-02
1.175578161918233945e+03	2.509886629042188955e-01	1.632485257170003812e-01	2.550459633543919469e-01	1.523737070373347990e-01	7.261963681155927941e-02	2.985197655779696022e-02	7.587152761755000530e-02
1.177029492982330339e+03	2.507782917169482095e-01	1.631146335154827764e-01	2.551964035982748902e-01	1.524577096010774346e-01	7.265422875916603684e-02	2.987484278449351743e-02	7.592389002440937118e-02
1.178480824046426733e+03	2.505682838103481247e-01	1.629809640852742658e-01	2.553465904958054922e-01	1.525415560327419151e-01	7.268876230700717367e-02	2.989767991343238521e-02	7.597616335524283449e-02
1.179932155110523581e+03	2.503586385558750349e-01	1.628475170547702133e-01	2.554965244710915573e-01	1.526252466406760877e-01	7.272323755486563568e-02	2.992048795874215072e-02	7.602834776383154969e-02
1.181383486174620202e+03	2.501493553260807357e-01	1.627142920529862646e-01	2.556462059475304582e-01	1.527087817325786523e-01	7.275765460232871962e-02	2.994326693465878056e-02	7.608044340368858016e-02
1.182834817238716823e+03	2.499404334946108419e-01	1.625812887095574311e-01	2.557956353478101907e-01	1.527921616155005768e-01	7.279201354878887809e-02	2.996601685552493718e-02	7.613245042805935614e-02
1.184286148302813444e+03	2.497318724362024567e-01	1.624485066547369516e-01	2.559448130939105948e-01	1.528753865958463742e-01	7.282631449344446894e-02	2.998873773578925386e-02	7.618436898992213269e-02
1.185737479366910065e+03	2.495236715266825056e-01	1.623159455193953216e-01	2.560937396071045202e-01	1.529584569793754623e-01	7.286055753530043533e-02	3.001142959000563729e-02	7.623619924198830888e-02
1.187188810431006686e+03	2.493158301429657109e-01	1.621836049350192932e-01	2.562424153079591038e-01	1.530413730712034681e-01	7.289474277316912443e-02	3.003409243283255634e-02	7.628794133670294131e-02
1.188640141495103080e+03	2.491083476630526206e-01	1.620514845337107657e-01	2.563908406163369347e-01	1.531241351758035329e-01	7.292887030567092588e-02	3.005672627903234473e-02	7.633959542624513261e-02
1.190091472559199701e+03	2.489012234660277212e-01	1.619195839481857579e-01	2.565390159513969981e-01	1.532067435970077829e-01	7.296294023123504890e-02	3.007933114347051753e-02	7.639116166252844786e-02
1.191542803623296322e+03	2.486944569320574949e-01	1.617879028117734375e-01	2.566869417315962298e-01	1.532891986380084670e-01	7.299695264810020234e-02	3.010190704111506688e-02	7.644264019720134473e-02
1.192994134687392716e+03	2.484880474423884766e-01	1.616564407584150931e-01	2.568346183746904599e-01	1.533715006013594007e-01	7.303090765431537179e-02	3.012445398703578886e-02	7.649403118164760373e-02
1.194445465751489564e+03	2.482819943793454220e-01	1.615251974226630804e-01	2.569820462977357445e-01	1.534536497889772699e-01	7.306480534774038860e-02	3.014697199640358968e-02	7.654533476698673067e-02
1.195896796815585958e+03	2.480762971263292260e-01	1.613941724396797950e-01	2.571292259170892547e-01	1.535356465021429362e-01	7.309864582604676253e-02	3.016946108448980562e-02	7.659655110407441458e-02
1.197348127879682352e+03	2.478709550678152018e-01	1.612633654452367282e-01	2.572761576484107748e-01	1.536174910415027961e-01	7.313242918671827852e-02	3.019192126666553691e-02	7.664768034350293024e-02
1.198799458943779200e+03	2.476659675893509993e-01	1.611327760757132743e-01	2.574228419066636464e-01	1.536991837070700861e-01	7.316615552705173220e-02	3.021435255840097117e-02	7.669872263560149894e-02
1.200250790007875821e+03	2.474613340775548564e-01	1.610024039680960084e-01	2.575692791061161002e-01	1.537807247982261871e-01	7.319982494415754049e-02	3.023675497526471384e-02	7.674967813043685749e-02
1.201702121071972442e+03	2.472570539201136008e-01	1.608722487599773543e-01	2.577154696603422557e-01	1.538621146137219287e-01	7.323343753496049102e-02	3.025912853292311855e-02	7.680054697781354967e-02
1.203153452136069063e+03	2.470531265057807346e-01	1.607423100895547241e-01	2.578614139822233975e-01	1.539433534516790325e-01	7.326699339620035278e-02	3.028147324713963834e-02	7.685132932727438415e-02
1.204604783200165684e+03	2.468495512243745749e-01	1.606125875956296023e-01	2.580071124839492525e-01	1.540244416095912228e-01	7.330049262443254221e-02	3.030378913377415606e-02	7.690202532810092029e-02
1.206056114264262078e+03	2.466463274667764216e-01	1.604830809176063244e-01	2.581525655770188776e-01	1.541053793843257802e-01	7.333393531602877546e-02	3.032607620878233906e-02	7.695263512931378724e-02
1.207507445328358699e+03	2.464434546249285873e-01	1.603537896954912445e-01	2.582977736722419371e-01	1.541861670721246247e-01	7.336732156717773456e-02	3.034833448821498345e-02	7.700315887967318362e-02
1.208958776392455093e+03	2.462409320918325095e-01	1.602247135698916247e-01	2.584427371797398676e-01	1.542668049686058418e-01	7.340065147388569189e-02	3.037056398821736530e-02	7.705359672767929380e-02
1.210410107456551941e+03	2.460387592615469465e-01	1.600958521820146641e-01	2.585874565089472665e-01	1.543472933687648485e-01	7.343392513197716243e-02	3.039276472502859885e-02	7.710394882157267649e-02
1.211861438520648335e+03	2.458369355291860348e-01	1.599672051736665546e-01	2.587319320686125579e-01	1.544276325669758088e-01	7.346714263709550052e-02	3.041493671498100501e-02	7.715421530933473659e-02
1.213312769584745183e+03	2.456354602909174012e-01	1.598387721872514267e-01	2.588761642667994911e-01	1.545078228569928547e-01	7.350030408470353827e-02	3.043707997449945912e-02	7.720439633868805829e-02
1.214764100648841804e+03	2.454343329439604426e-01	1.597105528657702667e-01	2.590201535108881403e-01	1.545878645319514466e-01	7.353340957008420997e-02	3.045919452010076994e-02	7.725449205709696010e-02
1.216215431712937971e+03	2.452335528865841885e-01	1.595825468528200564e-01	2.591639002075762366e-01	1.546677578843696776e-01	7.356645918834116282e-02	3.048128036839304472e-02	7.730450261176782800e-02
1.217666762777034819e+03	2.450331195181056909e-01	1.594547537925928293e-01	2.593074047628801115e-01	1.547475032061495503e-01	7.359945303439939523e-02	3.050333753607505777e-02	7.735442814964951785e-02
1.219118093841131440e+03	2.448330322388880542e-01	1.593271733298743664e-01	2.594506675821360853e-01	1.548271007885783368e-01	7.363239120300579810e-02	3.052536603993563982e-02	7.740426881743388277e-02
1.220569424905228061e+03	2.446332904503386307e-01	1.591998051100435574e-01	2.595936890700011879e-01	1.549065509223298553e-01	7.366527378872980703e-02	3.054736589685304662e-02	7.745402476155609228e-02
1.222020755969324682e+03	2.444338935549070779e-01	1.590726487790712351e-01	2.597364696304546583e-01	1.549858538974658029e-01	7.369810088596394360e-02	3.056933712379435175e-02	7.750369612819510423e-02
1.223472087033421303e+03	2.442348409560835820e-01	1.589457039835191765e-01	2.598790096667989991e-01	1.550650100034370038e-01	7.373087258892446760e-02	3.059127973781481866e-02	7.755328306327409493e-02
1.224923418097517697e+03	2.440361320583969984e-01	1.588189703705392142e-01	2.600213095816610864e-01	1.551440195290847146e-01	7.376358899165191829e-02	3.061319375605730739e-02	7.760278571246083390e-02
1.226374749161614318e+03	2.438377662674130475e-01	1.586924475878721541e-01	2.601633697769932807e-01	1.552228827626419838e-01	7.379625018801169722e-02	3.063507919575165356e-02	7.765220422116818344e-02
1.227826080225710712e+03	2.436397429897324274e-01	1.585661352838468319e-01	2.603051906540747029e-01	1.553015999917348733e-01	7.382885627169465115e-02	3.065693607421408201e-02	7.770153873455445948e-02
1.229277411289807560e+03	2.434420616329889264e-01	1.584400331073791135e-01	2.604467726135120120e-01	1.553801715033838460e-01	7.386140733621762711e-02	3.067876440884658232e-02	7.775078939752386176e-02
1.230728742353903954e+03	2.432447216058477579e-01	1.583141407079709795e-01	2.605881160552409592e-01	1.554585975840049872e-01	7.389390347492406919e-02	3.070056421713633285e-02	7.779995635472691795e-02
1.232180073418000802e+03	2.430477223180035895e-01	1.581884577357094424e-01	2.607292213785272761e-01	1.555368785194113090e-01	7.392634478098451811e-02	3.072233551665509016e-02	7.784903975056089998e-02
1.233631404482097196e+03	2.428510631801786834e-01	1.580629838412656307e-01	2.608700889819677848e-01	1.556150145948140273e-01	7.395873134739722188e-02	3.074407832505861651e-02	7.789803972917022645e-02
1.235082735546193817e+03	2.426547436041212313e-01	1.579377186758937346e-01	2.610107192634916196e-01	1.556930060948239214e-01	7.399106326698864922e-02	3.076579266008607622e-02	7.794695643444692068e-02
1.236534066610290438e+03	2.424587630026034946e-01	1.578126618914302837e-01	2.611511126203613364e-01	1.557708533034525278e-01	7.402334063241407247e-02	3.078747853955945621e-02	7.799579001003098533e-02
1.237985397674387059e+03	2.422631207894199168e-01	1.576878131402928152e-01	2.612912694491739685e-01	1.558485565041135557e-01	7.405556353615808107e-02	3.080913598138298667e-02	7.804454059931088816e-02
1.239436728738483680e+03	2.420678163793853199e-01	1.575631720754791798e-01	2.614311901458621357e-01	1.559261159796240248e-01	7.408773207053510890e-02	3.083076500354255470e-02	7.809320834542389511e-02
1.240888059802580301e+03	2.418728491883331833e-01	1.574387383505663762e-01	2.615708751056953218e-01	1.560035320122055980e-01	7.411984632769003101e-02	3.085236562410513528e-02	7.814179339125658375e-02
1.242339390866676695e+03	2.416782186331137838e-01	1.573145116197098292e-01	2.617103247232807073e-01	1.560808048834859962e-01	7.415190639959856611e-02	3.087393786121821887e-02	7.819029587944520410e-02
1.243790721930773088e+03	2.414839241315923368e-01	1.571904915376421408e-01	2.618495393925645010e-01	1.561579348745000262e-01	7.418391237806795657e-02	3.089548173310924239e-02	7.823871595237613663e-02
1.245242052994869937e+03	2.412899651026473302e-01	1.570666777596722574e-01	2.619885195068330508e-01	1.562349222656910785e-01	7.421586435473734311e-02	3.091699725808500984e-02	7.828705375218625306e-02
1.246693384058966330e+03	2.410963409661686374e-01	1.569430699416846375e-01	2.621272654587138429e-01	1.563117673369123217e-01	7.424776242107840318e-02	3.093848445453115104e-02	7.833530942076340209e-02
1.248144715123063179e+03	2.409030511430557686e-01	1.568196677401380301e-01	2.622657776401765561e-01	1.563884703674279508e-01	7.427960666839578119e-02	3.095994334091154571e-02	7.838348309974681183e-02
1.249596046187159800e+03	2.407100950552159835e-01	1.566964708120646699e-01	2.624040564425343947e-01	1.564650316359144644e-01	7.431139718782762971e-02	3.098137393576776144e-02	7.843157493052750617e-02
1.251047377251256421e+03	2.405174721255627368e-01	1.565734788150693890e-01	2.625421022564449758e-01	1.565414514204620244e-01	7.434313407034608134e-02	3.100277625771851245e-02	7.847958505424870723e-02
1.252498708315352815e+03	2.403251817780136246e-01	1.564506914073284516e-01	2.626799154719116070e-01	1.566177299985756777e-01	7.437481740675780384e-02	3.102415032545910098e-02	7.852751361180625167e-02
1.253950039379449436e+03	2.401332234374888019e-01	1.563281082475887485e-01	2.628174964782840628e-01	1.566938676471764658e-01	7.440644728770445804e-02	3.104549615776086222e-02	7.857536074384906255e-02
1.255401370443546057e+03	2.399415965299091236e-01	1.562057289951668537e-01	2.629548456642601950e-01	1.567698646426029796e-01	7.443802380366319749e-02	3.106681377347063344e-02	7.862312659077952404e-02
1.256852701507642678e+03	2.397503004821944506e-01	1.560835533099479699e-01	2.630919634178864319e-01	1.568457212606124418e-01	7.446954704494714028e-02	3.108810319151019200e-02	7.867081129275388385e-02
1.258304032571739299e+03	2.395593347222617076e-01	1.559615808523850955e-01	2.632288501265594438e-01	1.569214377763819557e-01	7.450101710170588254e-02	3.110936443087572792e-02	7.871841498968272510e-02
1.259755363635835920e+03	2.393686986790233562e-01	1.558398112834979699e-01	2.633655061770268091e-01	1.569970144645098376e-01	7.453243406392595638e-02	3.113059751063729924e-02	7.876593782123132714e-02
1.261206694699932314e+03	2.391783917823854522e-01	1.557182442648721854e-01	2.635019319553882911e-01	1.570724515990168935e-01	7.456379802143132951e-02	3.115180244993830463e-02	7.881337992682015126e-02
1.262658025764028707e+03	2.389884134632459800e-01	1.555968794586582160e-01	2.636381278470968370e-01	1.571477494533475572e-01	7.459510906388386320e-02	3.117297926799494218e-02	7.886074144562517374e-02
1.264109356828125556e+03	2.387987631534930766e-01	1.554757165275705844e-01	2.637740942369597996e-01	1.572229083003713057e-01	7.462636728078378412e-02	3.119412798409568199e-02	7.890802251657838551e-02
1.265560687892221949e+03	2.386094402860032548e-01	1.553547551348866684e-01	2.639098315091398805e-01	1.572979284123837973e-01	7.465757276147014232e-02	3.121524861760074585e-02	7.895522327836812515e-02
1.267012018956318798e+03	2.384204442946396829e-01	1.552339949444460632e-01	2.640453400471562961e-01	1.573728100611081204e-01	7.468872559512128306e-02	3.123634118794157630e-02	7.900234386943959242e-02
1.268463350020415419e+03	2.382317746142504356e-01	1.551134356206493869e-01	2.641806202338858323e-01	1.574475535176961261e-01	7.471982587075531868e-02	3.125740571462031631e-02	7.904938442799518128e-02
1.269914681084511813e+03	2.380434306806668010e-01	1.549930768284575600e-01	2.643156724515638989e-01	1.575221590527295656e-01	7.475087367723057263e-02	3.127844221720928880e-02	7.909634509199492403e-02
1.271366012148608434e+03	2.378554119307014492e-01	1.548729182333906385e-01	2.644504970817856959e-01	1.575966269362214789e-01	7.478186910324602366e-02	3.129945071535049361e-02	7.914322599915693535e-02
1.272817343212705055e+03	2.376677178021467662e-01	1.547529595015271486e-01	2.645850945055070458e-01	1.576709574376172485e-01	7.481281223734173591e-02	3.132043122875506624e-02	7.919002728695777316e-02
1.274268674276801676e+03	2.374803477337730784e-01	1.546332002995028376e-01	2.647194651030457258e-01	1.577451508257960433e-01	7.484370316789938637e-02	3.134138377720280255e-02	7.923674909263288269e-02
1.275720005340898297e+03	2.372933011653269586e-01	1.545136402945100629e-01	2.648536092540825226e-01	1.578192073690719566e-01	7.487454198314261178e-02	3.136230838054163139e-02	7.928339155317704057e-02
1.277171336404994690e+03	2.371065775375295059e-01	1.543942791542966542e-01	2.649875273376622320e-01	1.578931273351951992e-01	7.490532877113750820e-02	3.138320505868710114e-02	7.932995480534470178e-02
1.278622667469091539e+03	2.369201762920745968e-01	1.542751165471650254e-01	2.651212197321944908e-01	1.579669109913533764e-01	7.493606361979304742e-02	3.140407383162188704e-02	7.937643898565047151e-02
1.280073998533187932e+03	2.367340968716272476e-01	1.541561521419712866e-01	2.652546868154553872e-01	1.580405586041727373e-01	7.496674661686152097e-02	3.142491471939529851e-02	7.942284423036950758e-02
1.281525329597284326e+03	2.365483387198217269e-01	1.540373856081242998e-01	2.653879289645879047e-01	1.581140704397194785e-01	7.499737784993892875e-02	3.144572774212277266e-02	7.946917067553788128e-02
1.282976660661381175e+03	2.363629012812599739e-01	1.539188166155847637e-01	2.655209465561035875e-01	1.581874467635007997e-01	7.502795740646545086e-02	3.146651291998537464e-02	7.951541845695307698e-02
1.284427991725477568e+03	2.361777840015099050e-01	1.538004448348642417e-01	2.656537399658830956e-01	1.582606878404662631e-01	7.505848537372587781e-02	3.148727027322931193e-02	7.956158771017432518e-02
1.285879322789574417e+03	2.359929863271036932e-01	1.536822699370243850e-01	2.657863095691774813e-01	1.583337939350089041e-01	7.508896183885001296e-02	3.150799982216544171e-02	7.960767857052307439e-02
1.287330653853671038e+03	2.358085077055359635e-01	1.535642915936757946e-01	2.659186557406092999e-01	1.584067653109666740e-01	7.511938688881304726e-02	3.152870158716879201e-02	7.965369117308336577e-02
1.288781984917767431e+03	2.356243475852622393e-01	1.534465094769772997e-01	2.660507788541736085e-01	1.584796022316234676e-01	7.514976061043607269e-02	3.154937558867805525e-02	7.969962565270223565e-02
1.290233315981864052e+03	2.354405054156971377e-01	1.533289232596349583e-01	2.661826792832389099e-01	1.585523049597102885e-01	7.518008309038640147e-02	3.157002184719513715e-02	7.974548214399015955e-02
