1.001418434226643626e+03	2.790562022373286322e-01	1.810576002355106517e-01	2.350256781330608002e-01	1.410634989763963620e-01	6.800924403350795677e-02	2.689898770387750757e-02	6.888878868016849732e-02
1.003837319333471214e+03	2.786249211013371863e-01	1.807853098990215568e-01	2.353324459088598219e-01	1.412386501645522818e-01	6.807983695368102772e-02	2.694305371677055416e-02	6.899578225562803813e-02
1.006256204440298802e+03	2.781948814151301574e-01	1.805137743563487995e-01	2.356383542326026537e-01	1.414132512508119721e-01	6.815023001380043910e-02	2.698703688563943576e-02	6.910247184551705779e-02
1.008675089547126618e+03	2.777660795932442861e-01	1.802429915104401814e-01	2.359434055007929576e-01	1.415873040670818928e-01	6.822042382087299683e-02	2.703093718490817352e-02	6.920885832251003067e-02
1.011093974653954206e+03	2.773385120606963739e-01	1.799729592700743119e-01	2.362476021032453855e-01	1.417608104390873369e-01	6.829041897905328840e-02	2.707475459080986233e-02	6.931494255688398776e-02
1.013512859760782021e+03	2.769121752529510316e-01	1.797036755498443161e-01	2.365509464231042858e-01	1.419337721863848378e-01	6.836021608967739194e-02	2.711848908136747782e-02	6.942072541652116735e-02
1.015931744867609382e+03	2.764870656158890383e-01	1.794351382701418474e-01	2.368534408368621891e-01	1.421061911223747698e-01	6.842981575129598870e-02	2.716214063637485340e-02	6.952620776691184612e-02
1.018350629974437197e+03	2.760631796057753662e-01	1.791673453571406838e-01	2.371550877143786540e-01	1.422780690543140880e-01	6.849921855970676765e-02	2.720570923737786889e-02	6.963139047115711466e-02
1.020769515081264785e+03	2.756405136892277064e-01	1.789002947427807966e-01	2.374558894188986136e-01	1.424494077833293737e-01	6.856842510798633050e-02	2.724919486765587512e-02	6.973627438997184735e-02
1.023188400188092373e+03	2.752190643431847161e-01	1.786339843647523073e-01	2.377558483070709994e-01	1.426202091044300180e-01	6.863743598652137512e-02	2.729259751220331279e-02	6.984086038168779709e-02
1.025607285294920075e+03	2.747988280548747664e-01	1.783684121664794453e-01	2.380549667289671434e-01	1.427904748065215723e-01	6.870625178303940706e-02	2.733591715771152217e-02	6.994514930225667615e-02
1.028026170401747549e+03	2.743798013217845222e-01	1.781035760971045601e-01	2.383532470280991522e-01	1.429602066724194043e-01	6.877487308263875720e-02	2.737915379255078524e-02	7.004914200525334811e-02
1.030445055508575479e+03	2.739619806516278566e-01	1.778394741114722732e-01	2.386506915414383367e-01	1.431294064788622977e-01	6.884330046781811374e-02	2.742230740675254477e-02	7.015283934187914461e-02
1.032863940615402726e+03	2.735453625623145424e-01	1.775761041701135745e-01	2.389473025994333921e-01	1.432980759965265527e-01	6.891153451850544343e-02	2.746537799199181423e-02	7.025624216096522379e-02
1.035282825722230655e+03	2.731299435819196098e-01	1.773134642392300564e-01	2.392430825260287164e-01	1.434662169900399464e-01	6.897957581208644107e-02	2.750836554156979932e-02	7.035935130897603973e-02
1.037701710829058356e+03	2.727157202486520937e-01	1.770515522906780659e-01	2.395380336386825904e-01	1.436338312179959720e-01	6.904742492343234062e-02	2.755127005039669993e-02	7.046216763001283967e-02
1.040120595935886058e+03	2.723026891108246694e-01	1.767903663019529947e-01	2.398321582483853021e-01	1.438009204329683544e-01	6.911508242492732379e-02	2.759409151497469251e-02	7.056469196581728609e-02
1.042539481042713533e+03	2.718908467268227880e-01	1.765299042561735421e-01	2.401254586596772433e-01	1.439674863815255113e-01	6.918254888649531809e-02	2.763682993338112057e-02	7.066692515577510658e-02
1.044958366149541234e+03	2.714801896650741453e-01	1.762701641420661713e-01	2.404179371706669510e-01	1.441335308042453467e-01	6.924982487562639233e-02	2.767948530525183790e-02	7.076886803691985472e-02
1.047377251256368709e+03	2.710707145040183175e-01	1.760111439539494282e-01	2.407095960730490369e-01	1.442990554357299615e-01	6.931691095740254160e-02	2.772205763176474255e-02	7.087052144393668485e-02
1.049796136363196410e+03	2.706624178320765073e-01	1.757528416917183423e-01	2.410004376521221736e-01	1.444640620046207524e-01	6.938380769452308361e-02	2.776454691562350516e-02	7.097188620916625168e-02
1.052215021470024112e+03	2.702552962476212350e-01	1.754952553608290777e-01	2.412904641868071354e-01	1.446285522336135387e-01	6.945051564732961091e-02	2.780695316104143597e-02	7.107296316260859614e-02
1.054633906576851814e+03	2.698493463589463626e-01	1.752383829722832520e-01	2.415796779496642566e-01	1.447925278394736615e-01	6.951703537383033260e-02	2.784927637372556358e-02	7.117375313192719766e-02
1.057052791683679516e+03	2.694445647842368952e-01	1.749822225426126421e-01	2.418680812069115837e-01	1.449559905330514709e-01	6.958336742972416611e-02	2.789151656086085590e-02	7.127425694245304033e-02
1.059471676790506763e+03	2.690409481515393941e-01	1.747267720938636693e-01	2.421556762184424172e-01	1.451189420192977586e-01	6.964951236842420457e-02	2.793367373109460761e-02	7.137447541718863753e-02
1.061890561897334692e+03	2.686384930987319453e-01	1.744720296535822446e-01	2.424424652378430189e-01	1.452813839972793009e-01	6.971547074108089270e-02	2.797574789452102542e-02	7.147440937681229234e-02
1.064309447004162394e+03	2.682371962734945714e-01	1.742179932547982812e-01	2.427284505124103486e-01	1.454433181601946512e-01	6.978124309660468927e-02	2.801773906266591743e-02	7.157405963968227480e-02
1.066728332110990095e+03	2.678370543332796450e-01	1.739646609360105955e-01	2.430136342831694385e-01	1.456047461953899058e-01	6.984682998168834089e-02	2.805964724847160793e-02	7.167342702184115177e-02
1.069147217217817570e+03	2.674380639452825781e-01	1.737120307411715581e-01	2.432980187848912401e-01	1.457656697843745797e-01	6.991223194082879511e-02	2.810147246628196677e-02	7.177251233702004740e-02
1.071566102324645271e+03	2.670402217864122352e-01	1.734601007196718836e-01	2.435816062461098053e-01	1.459260906028375937e-01	6.997744951634861377e-02	2.814321473182760172e-02	7.187131639664307015e-02
1.073984987431472746e+03	2.666435245432617340e-01	1.732088689263256986e-01	2.438643988891399383e-01	1.460860103206634009e-01	7.004248324841713669e-02	2.818487406221122440e-02	7.196984000983169816e-02
1.076403872538300675e+03	2.662479689120793580e-01	1.729583334213553591e-01	2.441463989300944049e-01	1.462454306019481953e-01	7.010733367507109015e-02	2.822645047589314796e-02	7.206808398340933119e-02
1.078822757645127922e+03	2.658535515987394682e-01	1.727084922703762404e-01	2.444276085789015007e-01	1.464043531050160940e-01	7.017200133223502889e-02	2.826794399267692701e-02	7.216604912190571763e-02
1.081241642751955851e+03	2.654602693187134710e-01	1.724593435443819156e-01	2.447080300393221219e-01	1.465627794824355123e-01	7.023648675374116745e-02	2.830935463369518151e-02	7.226373622756160353e-02
1.083660527858783553e+03	2.650681187970411190e-01	1.722108853197292233e-01	2.449876655089670840e-01	1.467207113810356234e-01	7.030079047134911441e-02	2.835068242139553510e-02	7.236114610033327066e-02
1.086079412965611255e+03	2.646770967683016451e-01	1.719631156781231685e-01	2.452665171793144139e-01	1.468781504419228445e-01	7.036491301476503757e-02	2.839192737952669562e-02	7.245827953789721332e-02
1.088498298072438729e+03	2.642871999765850077e-01	1.717160327066021563e-01	2.455445872357263359e-01	1.470350983004972967e-01	7.042885491166062106e-02	2.843308953312469883e-02	7.255513733565482903e-02
1.090917183179266431e+03	2.638984251754635801e-01	1.714696344975231712e-01	2.458218778574665087e-01	1.471915565864695963e-01	7.049261668769161993e-02	2.847416890849927690e-02	7.265172028673716476e-02
1.093336068286093905e+03	2.635107691279634512e-01	1.712239191485469270e-01	2.460983912177170108e-01	1.473475269238774810e-01	7.055619886651610939e-02	2.851516553322036920e-02	7.274802918200962143e-02
1.095754953392921607e+03	2.631242286065361147e-01	1.709788847626230734e-01	2.463741294835952722e-01	1.475030109311025461e-01	7.061960196981240112e-02	2.855607943610476845e-02	7.284406481007682510e-02
1.098173838499749309e+03	2.627388003930303806e-01	1.707345294479755693e-01	2.466490948161711994e-01	1.476580102208870371e-01	7.068282651729662636e-02	2.859691064720289860e-02	7.293982795728738699e-02
1.100592723606577010e+03	2.623544812786638425e-01	1.704908513180879437e-01	2.469232893704838838e-01	1.478125264003508355e-01	7.074587302674005540e-02	2.863765919778574198e-02	7.303531940773883013e-02
1.103011608713404712e+03	2.619712680639951774e-01	1.702478484916886692e-01	2.471967152955586999e-01	1.479665610710082235e-01	7.080874201398611179e-02	2.867832512033186357e-02	7.313053994328246044e-02
1.105430493820231959e+03	2.615891575588958351e-01	1.700055190927365900e-01	2.474693747344239025e-01	1.481201158287849540e-01	7.087143399296698398e-02	2.871890844851460525e-02	7.322549034352833497e-02
1.107849378927059888e+03	2.612081465825224491e-01	1.697638612504064060e-01	2.477412698241274747e-01	1.482731922640352917e-01	7.093394947572009834e-02	2.875940921718937032e-02	7.332017138585016081e-02
1.110268264033887590e+03	2.608282319632888591e-01	1.695228730990740451e-01	2.480124026957538363e-01	1.484257919615590005e-01	7.099628897240421732e-02	2.879982746238106059e-02	7.341458384539033266e-02
1.112687149140715292e+03	2.604494105388383551e-01	1.692825527783022865e-01	2.482827754744405813e-01	1.485779165006184122e-01	7.105845299131523241e-02	2.884016322127162801e-02	7.350872849506492890e-02
1.115106034247542766e+03	2.600716791560162000e-01	1.690428984328262996e-01	2.485523902793948803e-01	1.487295674549556912e-01	7.112044203890180438e-02	2.888041653218775470e-02	7.360260610556877692e-02
1.117524919354370468e+03	2.596950346708421509e-01	1.688039082125392665e-01	2.488212492239104401e-01	1.488807463928099040e-01	7.118225661978057339e-02	2.892058743458863004e-02	7.369621744538050467e-02
1.119943804461197942e+03	2.593194739484828149e-01	1.685655802724779773e-01	2.490893544153836570e-01	1.490314548769342273e-01	7.124389723675124408e-02	2.896067596905388050e-02	7.378956328076766158e-02
1.122362689568025871e+03	2.589449938632246151e-01	1.683279127728086189e-01	2.493567079553302979e-01	1.491816944646132403e-01	7.130536439081130995e-02	2.900068217727161737e-02	7.388264437579178390e-02
1.124781574674853118e+03	2.585715912984462017e-01	1.680909038788123977e-01	2.496233119394019595e-01	1.493314667076801605e-01	7.136665858117062500e-02	2.904060610202655393e-02	7.397546149231359891e-02
1.127200459781681047e+03	2.581992631465916399e-01	1.678545517608713844e-01	2.498891684574023331e-01	1.494807731525341077e-01	7.142778030526565625e-02	2.908044778718829951e-02	7.406801538999817358e-02
1.129619344888508749e+03	2.578280063091430430e-01	1.676188545944542196e-01	2.501542795933036079e-01	1.496296153401574236e-01	7.148873005877348641e-02	2.912020727769971951e-02	7.416030682632006321e-02
1.132038229995336451e+03	2.574578176965939269e-01	1.673838105601021253e-01	2.504186474252628192e-01	1.497779948061330468e-01	7.154950833562567780e-02	2.915988461956544459e-02	7.425233655656857112e-02
1.134457115102163925e+03	2.570886942284220100e-01	1.671494178434146383e-01	2.506822740256380855e-01	1.499259130806618046e-01	7.161011562802173380e-02	2.919947985984045619e-02	7.434410533385293895e-02
1.136876000208991627e+03	2.567206328330626230e-01	1.669156746350355935e-01	2.509451614610047065e-01	1.500733716885798430e-01	7.167055242644250479e-02	2.923899304661882470e-02	7.443561390910759246e-02
1.139294885315819101e+03	2.563536304478817862e-01	1.666825791306391358e-01	2.512073117921714838e-01	1.502203721493759747e-01	7.173081921966330265e-02	2.927842422902249622e-02	7.452686303109741506e-02
1.141713770422646803e+03	2.559876840191500080e-01	1.664501295309156470e-01	2.514687270741968184e-01	1.503669159772090813e-01	7.179091649476675163e-02	2.931777345719024583e-02	7.461785344642302142e-02
1.144132655529474505e+03	2.556227905020153623e-01	1.662183240415578411e-01	2.517294093564046431e-01	1.505130046809255162e-01	7.185084473715547260e-02	2.935704078226670372e-02	7.470858589952605877e-02
1.146551540636302207e+03	2.552589468604771206e-01	1.659871608732467752e-01	2.519893606824005761e-01	1.506586397640765074e-01	7.191060443056461471e-02	2.939622625639149237e-02	7.479906113269448042e-02
1.148970425743129908e+03	2.548961500673595504e-01	1.657566382416380546e-01	2.522485830900879078e-01	1.508038227249356711e-01	7.197019605707401235e-02	2.943532993268846085e-02	7.488927988606791653e-02
1.151389310849957155e+03	2.545343971042854925e-01	1.655267543673479835e-01	2.525070786116835331e-01	1.509485550565163037e-01	7.202962009712034208e-02	2.947435186525504056e-02	7.497924289764298922e-02
1.153808195956785084e+03	2.541736849616501037e-01	1.652975074759396867e-01	2.527648492737336605e-01	1.510928382465889230e-01	7.208887702950893261e-02	2.951329210915168075e-02	7.506895090327866948e-02
1.156227081063612786e+03	2.538140106385951555e-01	1.650688957979094540e-01	2.530218970971299663e-01	1.512366737776986159e-01	7.214796733142549157e-02	2.955215072039139509e-02	7.515840463670163396e-02
1.158645966170440488e+03	2.534553711429824996e-01	1.648409175686728623e-01	2.532782240971252485e-01	1.513800631271826347e-01	7.220689147844749911e-02	2.959092775592939845e-02	7.524760482951160789e-02
1.161064851277267962e+03	2.530977634913685326e-01	1.646135710285513143e-01	2.535338322833490254e-01	1.515230077671876341e-01	7.226564994455558777e-02	2.962962327365284421e-02	7.533655221118684686e-02
1.163483736384095664e+03	2.527411847089781616e-01	1.643868544227581330e-01	2.537887236598235785e-01	1.516655091646872122e-01	7.232424320214464464e-02	2.966823733237066232e-02	7.542524750908941034e-02
1.165902621490923138e+03	2.523856318296790469e-01	1.641607660013851833e-01	2.540429002249794399e-01	1.518075687814992858e-01	7.238267172203471933e-02	2.970676999180349095e-02	7.551369144847067116e-02
1.168321506597751068e+03	2.520311018959560112e-01	1.639353040193890776e-01	2.542963639716709912e-01	1.519491880743036316e-01	7.244093597348180702e-02	2.974522131257369834e-02	7.560188475247661688e-02
1.170740391704578315e+03	2.516775919588854493e-01	1.637104667365779087e-01	2.545491168871920618e-01	1.520903684946591228e-01	7.249903642418845107e-02	2.978359135619549139e-02	7.568982814215340083e-02
1.173159276811406244e+03	2.513250990781096816e-01	1.634862524175974829e-01	2.548011609532915278e-01	1.522311114890212425e-01	7.255697354031415136e-02	2.982188018506512842e-02	7.577752233645272673e-02
1.175578161918233945e+03	2.509736203218116413e-01	1.632626593319179975e-01	2.550524981461887997e-01	1.523714184987595144e-01	7.261474778648563388e-02	2.986008786245121505e-02	7.586496805223719164e-02
1.177997047025061647e+03	2.506231527666893943e-01	1.630396857538205790e-01	2.553031304365893095e-01	1.525112909601747946e-01	7.267235962580693986e-02	2.989821445248509735e-02	7.595216600428586484e-02
1.180415932131889122e+03	2.502736934979311045e-01	1.628173299623840165e-01	2.555530597896997214e-01	1.526507303045166186e-01	7.272980951986941778e-02	2.993626002015132431e-02	7.603911690529968626e-02
1.182834817238716823e+03	2.499252396091897477e-01	1.625955902414711884e-01	2.558022881652436964e-01	1.527897379580007708e-01	7.278709792876145168e-02	2.997422463127822137e-02	7.612582146590687882e-02
1.185253702345544298e+03	2.495777882025578820e-01	1.623744648797159074e-01	2.560508175174767143e-01	1.529283153418263264e-01	7.284422531107813403e-02	3.001210835252854023e-02	7.621228039466848569e-02
1.187672587452371999e+03	2.492313363885427235e-01	1.621539521705096798e-01	2.562986497952016718e-01	1.530664638721931925e-01	7.290119212393078585e-02	3.004991125139018504e-02	7.629849439808378264e-02
1.190091472559199701e+03	2.488858812860412217e-01	1.619340504119883561e-01	2.565457869417840930e-01	1.532041849603193173e-01	7.295799882295621319e-02	3.008763339616704266e-02	7.638446418059575971e-02
1.192510357666027403e+03	2.485414200223151904e-01	1.617147579070189467e-01	2.567922308951673394e-01	1.533414800124580368e-01	7.301464586232600529e-02	3.012527485596987534e-02	7.647019044459661685e-02
1.194929242772855105e+03	2.481979497329664663e-01	1.614960729631865766e-01	2.570379835878875974e-01	1.534783504299153112e-01	7.307113369475554121e-02	3.016283570070731751e-02	7.655567389043317628e-02
1.197348127879682352e+03	2.478554675619123182e-01	1.612779938927811907e-01	2.572830469470891446e-01	1.536147976090669609e-01	7.312746277151295493e-02	3.020031600107693504e-02	7.664091521641246130e-02
1.199767012986510281e+03	2.475139706613606883e-01	1.610605190127846198e-01	2.575274228945393928e-01	1.537508229413758754e-01	7.318363354242790608e-02	3.023771582855637810e-02	7.672591511880708093e-02
1.202185898093337983e+03	2.471734561917857120e-01	1.608436466448574242e-01	2.577711133466438209e-01	1.538864278134093322e-01	7.323964645590025357e-02	3.027503525539460005e-02	7.681067429186078099e-02
1.204604783200165684e+03	2.468339213219032657e-01	1.606273751153258766e-01	2.580141202144611845e-01	1.540216136068559838e-01	7.329550195890859043e-02	3.031227435460318032e-02	7.689519342779387034e-02
1.207023668306993159e+03	2.464953632286465413e-01	1.604117027551690555e-01	2.582564454037180601e-01	1.541563816985431490e-01	7.335120049701865375e-02	3.034943319994769587e-02	7.697947321680875810e-02
1.209442553413820860e+03	2.461577790971417046e-01	1.601966279000058835e-01	2.584980908148242773e-01	1.542907334604539105e-01	7.340674251439160969e-02	3.038651186593918987e-02	7.706351434709539372e-02
1.211861438520648335e+03	2.458211661206837761e-01	1.599821488900821098e-01	2.587390583428872404e-01	1.544246702597441567e-01	7.346212845379222756e-02	3.042351042782570972e-02	7.714731750483674877e-02
1.214280323627476264e+03	2.454855215007123170e-01	1.597682640702576262e-01	2.589793498777270830e-01	1.545581934587597905e-01	7.351735875659690111e-02	3.046042896158393173e-02	7.723088337421436800e-02
1.216699208734303511e+03	2.451508424467874203e-01	1.595549717899934217e-01	2.592189673038913789e-01	1.546913044150536320e-01	7.357243386280161446e-02	3.049726754391083108e-02	7.731421263741378169e-02
1.219118093841131440e+03	2.448171261765657303e-01	1.593422704033389536e-01	2.594579125006697407e-01	1.548240044814024330e-01	7.362735421102972744e-02	3.053402625221545569e-02	7.739730597463004291e-02
1.221536978947959142e+03	2.444843699157765726e-01	1.591301582689192695e-01	2.596961873421086420e-01	1.549562950058240018e-01	7.368212023853971948e-02	3.057070516461077650e-02	7.748016406407312595e-02
1.223955864054786844e+03	2.441525708981978071e-01	1.589186337499223223e-01	2.599337936970262941e-01	1.550881773315939682e-01	7.373673238123272522e-02	3.060730435990557594e-02	7.756278758197349132e-02
1.226374749161614318e+03	2.438217263656323464e-01	1.587076952140863417e-01	2.601707334290266349e-01	1.552196527972628248e-01	7.379119107366011177e-02	3.064382391759643692e-02	7.764517720258752587e-02
1.228793634268442020e+03	2.434918335678843415e-01	1.584973410336870392e-01	2.604070083965144278e-01	1.553507227366728027e-01	7.384549674903076455e-02	3.068026391785979787e-02	7.772733359820301058e-02
1.231212519375269494e+03	2.431628897627356178e-01	1.582875695855250897e-01	2.606426204527096946e-01	1.554813884789746636e-01	7.389964983921847030e-02	3.071662444154408048e-02	7.780925743914460235e-02
1.233631404482097196e+03	2.428348922159219991e-01	1.580783792509134755e-01	2.608775714456619266e-01	1.556116513486446029e-01	7.395365077476900861e-02	3.075290557016186616e-02	7.789094939377930182e-02
1.236050289588924898e+03	2.425078382011098821e-01	1.578697684156650238e-01	2.611118632182650168e-01	1.557415126655009585e-01	7.400749998490728510e-02	3.078910738588216955e-02	7.797241012852187958e-02
1.238469174695752372e+03	2.421817249998728383e-01	1.576617354700797780e-01	2.613454976082711934e-01	1.558709737447209753e-01	7.406119789754429805e-02	3.082522997152276414e-02	7.805364030784041340e-02
1.240888059802580301e+03	2.418565499016682163e-01	1.574542788089325351e-01	2.615784764483056191e-01	1.560000358968575973e-01	7.411474493928404961e-02	3.086127341054257373e-02	7.813464059426167285e-02
1.243306944909407548e+03	2.415323102038140213e-01	1.572473968314604953e-01	2.618108015658807131e-01	1.561287004278559820e-01	7.416814153543033195e-02	3.089723778703414372e-02	7.821541164837662874e-02
1.245725830016235477e+03	2.412090032114655724e-01	1.570410879413507432e-01	2.620424747834103618e-01	1.562569686390702928e-01	7.422138810999341640e-02	3.093312318571616801e-02	7.829595412884582384e-02
1.248144715123063179e+03	2.408866262375924383e-01	1.568353505467278697e-01	2.622734979182241855e-01	1.563848418272802410e-01	7.427448508569668706e-02	3.096892969192607467e-02	7.837626869240489624e-02
1.250563600229890881e+03	2.405651766029554550e-01	1.566301830601417588e-01	2.625038727825818041e-01	1.565123212847075729e-01	7.432743288398314940e-02	3.100465739161269163e-02	7.845635599386996395e-02
1.252982485336718355e+03	2.402446516360836060e-01	1.564255838985551261e-01	2.627336011836869933e-01	1.566394082990327508e-01	7.438023192502193903e-02	3.104030637132897119e-02	7.853621668614305107e-02
1.255401370443546057e+03	2.399250486732512344e-01	1.562215514833312502e-01	2.629626849237016728e-01	1.567661041534113564e-01	7.443288262771460828e-02	3.107587671822477013e-02	7.861585142021755568e-02
1.257820255550373531e+03	2.396063650584552562e-01	1.560180842402218160e-01	2.631911257997601727e-01	1.568924101264904669e-01	7.448538540970142674e-02	3.111136852003969569e-02	7.869526084518364828e-02
1.260239140657201460e+03	2.392885981433922338e-01	1.558151805993546468e-01	2.634189256039831117e-01	1.570183274924251693e-01	7.453774068736759850e-02	3.114678186509603486e-02	7.877444560823367026e-02
1.262658025764028707e+03	2.389717452874359216e-01	1.556128389952215751e-01	2.636460861234916075e-01	1.571438575208948252e-01	7.458994887584931288e-02	3.118211684229170791e-02	7.885340635466753234e-02
1.265076910870856636e+03	2.386558038576143403e-01	1.554110578666663134e-01	2.638726091404210439e-01	1.572690014771194744e-01	7.464201038903987839e-02	3.121737354109330176e-02	7.893214372789815469e-02
1.267495795977684338e+03	2.383407712285874891e-01	1.552098356568721582e-01	2.640984964319352257e-01	1.573937606218759888e-01	7.469392563959560694e-02	3.125255205152917271e-02	7.901065836945683762e-02
1.269914681084511813e+03	2.380266447826247522e-01	1.550091708133502777e-01	2.643237497702399796e-01	1.575181362115145312e-01	7.474569503894175349e-02	3.128765246418259427e-02	7.908895091899863228e-02
1.272333566191339514e+03	2.377134219095825007e-01	1.548090617879272768e-01	2.645483709225971980e-01	1.576421294979745424e-01	7.479731899727828925e-02	3.132267487018497443e-02	7.916702201430773911e-02
1.274752451298167216e+03	2.374011000068818322e-01	1.546095070367334567e-01	2.647723616513386613e-01	1.577657417288009789e-01	7.484879792358564710e-02	3.135761936120911447e-02	7.924487229130287858e-02
1.277171336404994690e+03	2.370896764794861999e-01	1.544105050201907969e-01	2.649957237138796384e-01	1.578889741471603547e-01	7.490013222563045303e-02	3.139248602946254768e-02	7.932250238404260634e-02
1.279590221511822392e+03	2.367791487398792361e-01	1.542120542030009367e-01	2.652184588627328754e-01	1.580118279918569235e-01	7.495132230997103573e-02	3.142727496768091267e-02	7.939991292473073947e-02
1.282009106618650094e+03	2.364695142080426027e-01	1.540141530541332959e-01	2.654405688455220846e-01	1.581343044973485268e-01	7.500236858196303313e-02	3.146198626912142388e-02	7.947710454372165778e-02
1.284427991725477568e+03	2.361607703114340373e-01	1.538168000468132512e-01	2.656620554049957672e-01	1.582564048937627754e-01	7.505327144576486031e-02	3.149662002755633516e-02	7.955407786952563287e-02
1.286846876832305497e+03	2.358529144849652037e-01	1.536199936585102843e-01	2.658829202790405910e-01	1.583781304069128149e-01	7.510403130434303853e-02	3.153117633726650049e-02	7.963083352881421273e-02
1.289265761939132744e+03	2.355459441709799318e-01	1.534237323709261303e-01	2.661031652006952686e-01	1.584994822583132013e-01	7.515464855947762146e-02	3.156565529303501094e-02	7.970737214642548141e-02
1.291684647045960673e+03	2.352398568192321515e-01	1.532280146699830370e-01	2.663227918981639353e-01	1.586204616651959165e-01	7.520512361176741323e-02	3.160005699014082486e-02	7.978369434536940197e-02
1.294103532152788375e+03	2.349346498868642996e-01	1.530328390458120524e-01	2.665418020948295275e-01	1.587410698405259668e-01	7.525545686063522810e-02	3.163438152435252282e-02	7.985980074683311780e-02
1.296522417259616077e+03	2.346303208383854200e-01	1.528382039927412561e-01	2.667601975092676048e-01	1.588613079930172312e-01	7.530564870433301139e-02	3.166862899192202790e-02	7.993569197018622619e-02
1.298941302366443551e+03	2.343268671456497088e-01	1.526441080092840741e-01	2.669779798552594507e-01	1.589811773271480877e-01	7.535569953994693260e-02	3.170279948957849259e-02	8.001136863298606572e-02
1.301360187473271253e+03	2.340242862878347263e-01	1.524505495981276493e-01	2.671951508418056176e-01	1.591006790431772067e-01	7.540560976340246468e-02	3.173689311452210920e-02	8.008683135098301764e-02
1.303779072580098727e+03	2.337225757514199698e-01	1.522575272661214063e-01	2.674117121731392488e-01	1.592198143371590102e-01	7.545537976946933845e-02	3.177090996441808701e-02	8.016208073812575163e-02
1.306197957686926657e+03	2.334217330301654181e-01	1.520650395242651998e-01	2.676276655487394018e-01	1.593385844009592989e-01	7.550500995176644137e-02	3.180485013739062922e-02	8.023711740656648550e-02
1.308616842793753904e+03	2.331217556250900769e-01	1.518730848876978512e-01	2.678430126633443709e-01	1.594569904222707390e-01	7.555450070276673036e-02	3.183871373201694471e-02	8.031194196666620322e-02
1.311035727900581833e+03	2.328226410444507455e-01	1.516816618756857693e-01	2.680577552069648428e-01	1.595750335846282952e-01	7.560385241380201959e-02	3.187250084732134309e-02	8.038655502699992850e-02
1.313454613007409534e+03	2.325243868037206729e-01	1.514907690116113759e-01	2.682718948648971091e-01	1.596927150674247731e-01	7.565306547506776835e-02	3.190621158276936431e-02	8.046095719436194282e-02
1.315873498114237009e+03	2.322269904255683803e-01	1.513004048229615317e-01	2.684854333177362773e-01	1.598100360459260572e-01	7.570214027562778558e-02	3.193984603826196395e-02	8.053514907377097576e-02
1.318292383221064711e+03	2.319304494398365668e-01	1.511105678413163234e-01	2.686983722413895936e-01	1.599269976912865432e-01	7.575107720341883732e-02	3.197340431412973999e-02	8.060913126847543686e-02
1.320711268327892412e+03	2.316347613835209873e-01	1.509212566023376001e-01	2.689107133070890443e-01	1.600436011705642092e-01	7.579987664525539293e-02	3.200688651112722216e-02	8.068290437995857822e-02
1.323130153434719887e+03	2.313399238007494696e-01	1.507324696457575941e-01	2.691224581814048999e-01	1.601598476467361032e-01	7.584853898683402429e-02	3.204029273042720283e-02	8.075646900794369865e-02
1.325549038541547588e+03	2.310459342427610419e-01	1.505442055153676240e-01	2.693336085262585389e-01	1.602757382787133589e-01	7.589706461273805493e-02	3.207362307361508180e-02	8.082982575039934781e-02
1.327967923648375290e+03	2.307527902678849219e-01	1.503564627590067426e-01	2.695441659989353811e-01	1.603912742213563503e-01	7.594545390644193150e-02	3.210687764268334993e-02	8.090297520354439165e-02
1.330386808755202765e+03	2.304604894415198391e-01	1.501692399285506074e-01	2.697541322520978779e-01	1.605064566254897906e-01	7.599370725031572016e-02	3.214005654002598938e-02	8.097591796185324431e-02
1.332805693862030694e+03	2.301690293361131623e-01	1.499825355799001003e-01	2.699635089337985572e-01	1.606212866379176929e-01	7.604182502562943646e-02	3.217315986843305442e-02	8.104865461806100291e-02
1.335224578968857941e+03	2.298784075311403885e-01	1.497963482729701978e-01	2.701722976874927906e-01	1.607357654014384962e-01	7.608980761255737524e-02	3.220618773108520350e-02	8.112118576316856844e-02
1.337643464075685870e+03	2.295886216130843538e-01	1.496106765716789244e-01	2.703805001520515616e-01	1.608498940548597766e-01	7.613765539018242656e-02	3.223914023154830083e-02	8.119351198644769729e-02
1.340062349182513572e+03	2.292996691754147776e-01	1.494255190439359449e-01	2.705881179617742882e-01	1.609636737330133460e-01	7.618536873650033625e-02	3.227201747376810120e-02	8.126563387544621930e-02
1.342481234289341273e+03	2.290115478185676678e-01	1.492408742616317396e-01	2.707951527464018127e-01	1.610771055667700180e-01	7.623294802842386919e-02	3.230481956206493477e-02	8.133755201599303375e-02
1.344900119396168748e+03	2.287242551499250043e-01	1.490567408006263084e-01	2.710016061311288915e-01	1.611901906830542630e-01	7.628039364178695880e-02	3.233754660112844043e-02	8.140926699220323026e-02
1.347319004502996449e+03	2.284377887837943377e-01	1.488731172407383174e-01	2.712074797366169632e-01	1.613029302048591129e-01	7.632770595134888425e-02	3.237019869601237554e-02	8.148077938648318197e-02
1.349737889609823924e+03	2.281521463413884176e-01	1.486900021657339144e-01	2.714127751790067489e-01	1.614153252512607606e-01	7.637488533079833664e-02	3.240277595212943951e-02	8.155208977953555538e-02
1.352156774716651853e+03	2.278673254508050139e-01	1.485073941633159866e-01	2.716174940699310203e-01	1.615273769374331592e-01	7.642193215275742968e-02	3.243527847524613900e-02	8.162319875036443129e-02
1.354575659823479100e+03	2.275833237470066828e-01	1.483252918251128372e-01	2.718216380165272006e-01	1.616390863746627327e-01	7.646884678878575203e-02	3.246770637147772948e-02	8.169410687628025913e-02
1.356994544930307029e+03	2.273001388718007276e-01	1.481436937466676096e-01	2.720252086214497433e-01	1.617504546703627810e-01	7.651562960938430857e-02	3.250005974728314984e-02	8.176481473290490853e-02
1.359413430037134731e+03	2.270177684738189927e-01	1.479625985274272970e-01	2.722282074828827891e-01	1.618614829280879963e-01	7.656228098399946169e-02	3.253233870946005413e-02	8.183532289417669303e-02
1.361832315143962205e+03	2.267362102084980180e-01	1.477820047707317785e-01	2.724306361945525445e-01	1.619721722475489512e-01	7.660880128102680320e-02	3.256454336513985026e-02	8.190563193235537998e-02
1.364251200250789907e+03	2.264554617380589996e-01	1.476019110838031057e-01	2.726324963457398276e-01	1.620825237246264483e-01	7.665519086781505398e-02	3.259667382178276646e-02	8.197574241802715878e-02
1.366670085357617609e+03	2.261755207314879723e-01	1.474223160777347053e-01	2.728337895212925024e-01	1.621925384513857871e-01	7.670145011066985263e-02	3.262873018717300094e-02	8.204565492010960914e-02
1.369088970464445310e+03	2.258963848645159089e-01	1.472432183674804995e-01	2.730345173016377469e-01	1.623022175160911684e-01	7.674757937485757187e-02	3.266071256941389250e-02	8.211537000585668322e-02
1.371507855571272785e+03	2.256180518195989859e-01	1.470646165718443310e-01	2.732346812627945432e-01	1.624115620032197949e-01	7.679357902460903773e-02	3.269262107692311181e-02	8.218488824086363220e-02
1.373926740678100487e+03	2.253405192858989881e-01	1.468865093134690547e-01	2.734342829763859450e-01	1.625205729934762200e-01	7.683944942312333215e-02	3.272445581842792911e-02	8.225421018907200232e-02
1.376345625784927961e+03	2.250637849592635187e-01	1.467088952188260464e-01	2.736333240096511799e-01	1.626292515638063652e-01	7.688519093257140113e-02	3.275621690296048882e-02	8.232333641277447822e-02
1.378764510891755890e+03	2.247878465422065153e-01	1.465317729182044615e-01	2.738318059254581938e-01	1.627375987874116192e-01	7.693080391409973240e-02	3.278790443985317438e-02	8.239226747261986505e-02
1.381183395998583137e+03	2.245127017438887096e-01	1.463551410457006041e-01	2.740297302823155312e-01	1.628456157337627996e-01	7.697628872783403298e-02	3.281951853873391750e-02	8.246100392761794573e-02
1.383602281105411066e+03	2.242383482800981431e-01	1.461789982392073806e-01	2.742270986343848249e-01	1.629533034686143633e-01	7.702164573288276805e-02	3.285105930952165326e-02	8.252954633514440752e-02
1.386021166212238768e+03	2.239647838732307661e-01	1.460033431404037241e-01	2.744239125314927863e-01	1.630606630540180624e-01	7.706687528734078307e-02	3.288252686242174733e-02	8.259789525094568541e-02
1.388440051319066470e+03	2.236920062522711472e-01	1.458281743947440479e-01	2.746201735191432514e-01	1.631676955483370717e-01	7.711197774829275930e-02	3.291392130792147874e-02	8.266605122914384707e-02
1.390858936425893944e+03	2.234200131527731004e-01	1.456534906514477534e-01	2.748158831385293377e-01	1.632744020062596169e-01	7.715695347181684982e-02	3.294524275678557823e-02	8.273401482224143622e-02
1.393277821532721646e+03	2.231488023168405055e-01	1.454792905634887668e-01	2.750110429265454348e-01	1.633807834788128799e-01	7.720180281298801017e-02	3.297649132005175260e-02	8.280178658112630208e-02
1.395696706639549120e+03	2.228783714931081572e-01	1.453055727875851022e-01	2.752056544157993612e-01	1.634868410133767380e-01	7.724652612588156497e-02	3.300766710902629936e-02	8.286936705507645662e-02
1.398115591746377049e+03	2.226087184367226413e-01	1.451323359841883986e-01	2.753997191346241324e-01	1.635925756536973363e-01	7.729112376357660796e-02	3.303877023527976298e-02	8.293675679176487625e-02
1.400534476853204296e+03	2.223398409093232386e-01	1.449595788174735944e-01	2.755932386070900075e-01	1.636979884399008545e-01	7.733559607815937431e-02	3.306980081064255644e-02	8.300395633726426192e-02
1.402953361960032225e+03	2.220717366790229408e-01	1.447872999553284912e-01	2.757862143530163124e-01	1.638030804085069680e-01	7.737994342072659903e-02	3.310075894720071465e-02	8.307096623605191021e-02
1.405372247066859927e+03	2.218044035203896036e-01	1.446154980693435399e-01	2.759786478879834304e-01	1.639078525924425045e-01	7.742416614138890318e-02	3.313164475729160618e-02	8.313778703101437628e-02
1.407791132173687402e+03	2.215378392144269071e-01	1.444441718348014880e-01	2.761705407233445708e-01	1.640123060210548767e-01	7.746826458927411063e-02	3.316245835349970750e-02	8.320441926345235883e-02
1.410210017280515103e+03	2.212720415485557035e-01	1.442733199306670822e-01	2.763618943662375926e-01	1.641164417201254611e-01	7.751223911253050936e-02	3.319319984865242573e-02	8.327086347308534919e-02
1.412628902387342805e+03	2.210070083165950883e-01	1.441029410395767985e-01	2.765527103195967173e-01	1.642202607118829760e-01	7.755609005833014047e-02	3.322386935581596312e-02	8.333712019805641913e-02
1.415047787494170507e+03	2.207427373187438036e-01	1.439330338478287674e-01	2.767429900821644084e-01	1.643237640150170265e-01	7.759981777287204563e-02	3.325446698829116754e-02	8.340318997493695319e-02
1.417466672600997981e+03	2.204792263615615588e-01	1.437635970453724210e-01	2.769327351485028621e-01	1.644269526446911212e-01	7.764342260138550056e-02	3.328499285960945936e-02	8.346907333873131163e-02
1.419885557707825683e+03	2.202164732579503237e-01	1.435946293257984452e-01	2.771219470090059422e-01	1.645298276125560233e-01	7.768690488813315143e-02	3.331544708352879303e-02	8.353477082288159050e-02
1.422304442814653157e+03	2.199544758271359812e-01	1.434261293863286213e-01	2.773106271499106157e-01	1.646323899267629343e-01	7.773026497641424837e-02	3.334582977402963944e-02	8.360028295927225683e-02
1.424723327921481086e+03	2.196932318946497042e-01	1.432580959278057509e-01	2.774987770533084985e-01	1.647346405919766776e-01	7.777350320856779575e-02	3.337614104531098913e-02	8.366561027823485319e-02
1.427142213028308333e+03	2.194327392923095255e-01	1.430905276546835247e-01	2.776863981971579021e-01	1.648365806093886887e-01	7.781661992597564692e-02	3.340638101178641794e-02	8.373075330855264675e-02
1.429561098135136262e+03	2.191729958582019633e-01	1.429234232750165312e-01	2.778734920552947130e-01	1.649382109767301152e-01	7.785961546906565445e-02	3.343654978808015960e-02	8.379571257746523671e-02
1.431979983241963964e+03	2.189139994366638142e-01	1.427567815004502083e-01	2.780600600974443837e-01	1.650395326882848068e-01	7.790249017731466774e-02	3.346664748902324071e-02	8.386048861067328664e-02
1.434398868348791666e+03	2.186557478782637509e-01	1.425906010462109075e-01	2.782461037892331457e-01	1.651405467349022493e-01	7.794524438925172494e-02	3.349667422964961588e-02	8.392508193234303471e-02
1.436817753455619140e+03	2.183982390397841422e-01	1.424248806310957904e-01	2.784316245921997779e-01	1.652412541040104432e-01	7.798787844246098111e-02	3.352663012519236513e-02	8.398949306511095669e-02
1.439236638562446842e+03	2.181414707842029010e-01	1.422596189774631703e-01	2.786166239638065423e-01	1.653416557796287545e-01	7.803039267358480302e-02	3.355651529107989833e-02	8.405372253008838723e-02
1.441655523669274316e+03	2.178854409806754711e-01	1.420948148112222975e-01	2.788011033574510633e-01	1.654417527423806822e-01	7.807278741832672508e-02	3.358632984293218743e-02	8.411777084686604400e-02
1.444074408776102018e+03	2.176301475045166467e-01	1.419304668618236731e-01	2.789850642224773192e-01	1.655415459695066538e-01	7.811506301145446085e-02	3.361607389655706796e-02	8.418163853351862125e-02
1.446493293882929493e+03	2.173755882371826709e-01	1.417665738622491955e-01	2.791685080041870770e-01	1.656410364348767372e-01	7.815721978680285897e-02	3.364574756794654065e-02	8.424532610660934173e-02
1.448912178989757422e+03	2.171217610662531938e-01	1.416031345490021964e-01	2.793514361438513283e-01	1.657402251090032141e-01	7.819925807727683142e-02	3.367535097327310073e-02	8.430883408119453637e-02
1.451331064096585123e+03	2.168686638854135373e-01	1.414401476620977816e-01	2.795338500787213354e-01	1.658391129590532087e-01	7.824117821485428170e-02	3.370488422888612973e-02	8.437216297082812677e-02
1.453749949203412370e+03	2.166162945944367646e-01	1.412776119450530887e-01	2.797157512420399006e-01	1.659377009488612886e-01	7.828298053058899142e-02	3.373434745130825946e-02	8.443531328756614940e-02
1.456168834310240300e+03	2.163646510991658611e-01	1.411155261448774345e-01	2.798971410630525791e-01	1.660359900389418719e-01	7.832466535461357626e-02	3.376374075723185403e-02	8.449828554197127972e-02
1.458587719417068001e+03	2.161137313114961100e-01	1.409538890120625998e-01	2.800780209670190035e-01	1.661339811865018279e-01	7.836623301614227544e-02	3.379306426351542936e-02	8.456108024311730087e-02
1.461006604523895703e+03	2.158635331493574117e-01	1.407926993005732264e-01	2.802583923752236528e-01	1.662316753454526896e-01	7.840768384347383824e-02	3.382231808718016985e-02	8.462369789859360003e-02
1.463425489630723177e+03	2.156140545366965200e-01	1.406319557678371857e-01	2.804382567049873431e-01	1.663290734664231718e-01	7.844901816399436900e-02	3.385150234540643815e-02	8.468613901450963710e-02
1.465844374737550879e+03	2.153652934034596955e-01	1.404716571747358089e-01	2.806176153696779418e-01	1.664261764967714108e-01	7.849023630418008879e-02	3.388061715553031261e-02	8.474840409549938558e-02
1.468263259844378354e+03	2.151172476855750526e-01	1.403118022855943947e-01	2.807964697787217467e-01	1.665229853805973437e-01	7.853133858960020808e-02	3.390966263504018724e-02	8.481049364472574570e-02
1.470682144951206283e+03	2.148699153249350735e-01	1.401523898681725500e-01	2.809748213376143111e-01	1.666195010587547265e-01	7.857232534491964682e-02	3.393863890157337859e-02	8.487240816388506859e-02
1.473101030058033530e+03	2.146232942693793166e-01	1.399934186936547531e-01	2.811526714479312683e-01	1.667157244688634854e-01	7.861319689390183774e-02	3.396754607291275346e-02	8.493414815321141675e-02
1.475519915164861459e+03	2.143773824726769583e-01	1.398348875366406951e-01	2.813300215073396005e-01	1.668116565453217071e-01	7.865395355941146027e-02	3.399638426698339128e-02	8.499571411148107436e-02
1.477938800271689161e+03	2.141321778945095289e-01	1.396767951751358428e-01	2.815068729096082967e-01	1.669072982193177956e-01	7.869459566341717449e-02	3.402515360184929505e-02	8.505710653601694649e-02
1.480357685378516862e+03	2.138876785004536485e-01	1.395191403905419736e-01	2.816832270446194553e-01	1.670026504188425187e-01	7.873512352699432726e-02	3.405385419571010236e-02	8.511832592269286124e-02
1.482776570485344337e+03	2.136438822619639022e-01	1.393619219676477394e-01	2.818590852983789419e-01	1.670977140687009144e-01	7.877553747032768616e-02	3.408248616689781019e-02	8.517937276593796903e-02
