1.001418434226643626e+03	2.791204926543688347e-01	1.809948586116232883e-01	2.350146154753998129e-01	1.410815059261208981e-01	6.801004059835927262e-02	2.688751025846706361e-02	6.889097647550984638e-02
1.003837319333471214e+03	2.786896118546856038e-01	1.807221378031757808e-01	2.353212009193248466e-01	1.412570141444542682e-01	6.808062510895693253e-02	2.693140797035217110e-02	6.899800219889942743e-02
1.006256204440298802e+03	2.782599700499416850e-01	1.804501741922927560e-01	2.356269264940026587e-01	1.414319726324103355e-01	6.815100971577503497e-02	2.697522306610669260e-02	6.910472384931985734e-02
1.008675089547126618e+03	2.778315636656303322e-01	1.801789656721175803e-01	2.359317945998862243e-01	1.416063831989300970e-01	6.822119503455106870e-02	2.701895552981951540e-02	6.921114229891425773e-02
1.011093974653954206e+03	2.774043891376791193e-01	1.799085101416599830e-01	2.362358076307211896e-01	1.417802476470604867e-01	6.829118167801320749e-02	2.706260534726333614e-02	6.931725841745174643e-02
1.013512859760782021e+03	2.769784429124185765e-01	1.796388055057796806e-01	2.365389679735646344e-01	1.419535677739642010e-01	6.836097025591565679e-02	2.710617250587649477e-02	6.942307307232985225e-02
1.015931744867609382e+03	2.765537214465500493e-01	1.793698496751701121e-01	2.368412780088038905e-01	1.421263453709296909e-01	6.843056137507327885e-02	2.714965699474499936e-02	6.952858712857706847e-02
1.018350629974437197e+03	2.761302212071143347e-01	1.791016405663421740e-01	2.371427401101750820e-01	1.422985822233815700e-01	6.849995563939556553e-02	2.719305880458479374e-02	6.963380144885551737e-02
1.020769515081264785e+03	2.757079386714604285e-01	1.788341761016079556e-01	2.374433566447818889e-01	1.424702801108908845e-01	6.856915364992011153e-02	2.723637792772418825e-02	6.973871689346367031e-02
1.023188400188092373e+03	2.752868703272136619e-01	1.785674542090645855e-01	2.377431299731139480e-01	1.426414408071858819e-01	6.863815600484540758e-02	2.727961435808651941e-02	6.984333432033912326e-02
1.025607285294920075e+03	2.748670126722448370e-01	1.783014728225781886e-01	2.380420624490655335e-01	1.428120660801630026e-01	6.870696329956305082e-02	2.732276809117298311e-02	6.994765458506149725e-02
1.028026170401747549e+03	2.744483622146391966e-01	1.780362298817677880e-01	2.383401564199539302e-01	1.429821576918977599e-01	6.877557612668942777e-02	2.736583912404565860e-02	7.005167854085540824e-02
1.030445055508575479e+03	2.740309154726648933e-01	1.777717233319892065e-01	2.386374142265378084e-01	1.431517173986561475e-01	6.884399507609678670e-02	2.740882745531074416e-02	7.015540703859360350e-02
1.032863940615402726e+03	2.736146689747426253e-01	1.775079511243191355e-01	2.389338382030357366e-01	1.433207469509060195e-01	6.891222073494375489e-02	2.745173308510196614e-02	7.025884092679997306e-02
1.035282825722230655e+03	2.731996192594146056e-01	1.772449112155391748e-01	2.392294306771443058e-01	1.434892480933287751e-01	6.898025368770537014e-02	2.749455601506416505e-02	7.036198105165283878e-02
1.037701710829058356e+03	2.727857628753139752e-01	1.769826015681199294e-01	2.395241939700565037e-01	1.436572225648310719e-01	6.904809451620247396e-02	2.753729624833708631e-02	7.046482825698821562e-02
1.040120595935886058e+03	2.723730963811340500e-01	1.767210201502052158e-01	2.398181303964799505e-01	1.438246720985569271e-01	6.911574379963068837e-02	2.757995378953930973e-02	7.056738338430314228e-02
1.042539481042713533e+03	2.719616163455981228e-01	1.764601649355961865e-01	2.401112422646548561e-01	1.439915984218997358e-01	6.918320211458886537e-02	2.762252864475240460e-02	7.066964727275910907e-02
1.044958366149541234e+03	2.715513193474289877e-01	1.762000339037355923e-01	2.404035318763723672e-01	1.441580032565145941e-01	6.925047003510692578e-02	2.766502082150523387e-02	7.077162075918559669e-02
1.047377251256368709e+03	2.711422019753185753e-01	1.759406250396920446e-01	2.406950015269924970e-01	1.443238883183308729e-01	6.931754813267337889e-02	2.770743032875841796e-02	7.087330467808355960e-02
1.049796136363196410e+03	2.707342608278980878e-01	1.756819363341443896e-01	2.409856535054621107e-01	1.444892553175645411e-01	6.938443697626218987e-02	2.774975717688899640e-02	7.097469986162910360e-02
1.052215021470024112e+03	2.703274925137077456e-01	1.754239657833659982e-01	2.412754900943328840e-01	1.446541059587312383e-01	6.945113713235927244e-02	2.779200137767523157e-02	7.107580713967713570e-02
1.054633906576851814e+03	2.699218936511668665e-01	1.751667113892092786e-01	2.415645135697792878e-01	1.448184419406588486e-01	6.951764916498853752e-02	2.783416294428158605e-02	7.117662733976512501e-02
1.057052791683679516e+03	2.695174608685442230e-01	1.749101711590900221e-01	2.418527262016163248e-01	1.449822649565007393e-01	6.958397363573740058e-02	2.787624189124386989e-02	7.127716128711687749e-02
1.059471676790506763e+03	2.691141908039282882e-01	1.746543431059719709e-01	2.421401302533174038e-01	1.451455766937487790e-01	6.965011110378187265e-02	2.791823823445453712e-02	7.137740980464647722e-02
1.061890561897334692e+03	2.687120801051975927e-01	1.743992252483514138e-01	2.424267279820321308e-01	1.453083788342467153e-01	6.971606212591129059e-02	2.796015199114814873e-02	7.147737371296207509e-02
1.064309447004162394e+03	2.683111254299910264e-01	1.741448156102415878e-01	2.427125216386037954e-01	1.454706730542034698e-01	6.978182725655250607e-02	2.800198317988697796e-02	7.157705383036998270e-02
1.066728332110990095e+03	2.679113234456788617e-01	1.738911122211574400e-01	2.429975134675872728e-01	1.456324610242067108e-01	6.984740704779369980e-02	2.804373182054678559e-02	7.167645097287862754e-02
1.069147217217817570e+03	2.675126708293330546e-01	1.736381131161003066e-01	2.432817057072665101e-01	1.457937444092365087e-01	6.991280204940776566e-02	2.808539793430273046e-02	7.177556595420261920e-02
1.071566102324645271e+03	2.671151642676981575e-01	1.733858163355425919e-01	2.435651005896720123e-01	1.459545248686789642e-01	6.997801280887541719e-02	2.812698154361544314e-02	7.187439958576692656e-02
1.073984987431472746e+03	2.667188004571623972e-01	1.731342199254125025e-01	2.438477003405985499e-01	1.461148040563401973e-01	7.004303987140761412e-02	2.816848267221724531e-02	7.197295267671102725e-02
1.076403872538300675e+03	2.663235761037284766e-01	1.728833219370789487e-01	2.441295071796223404e-01	1.462745836204601968e-01	7.010788377996793330e-02	2.820990134509849048e-02	7.207122603389311266e-02
1.078822757645127922e+03	2.659294879229848751e-01	1.726331204273361952e-01	2.444105233201187277e-01	1.464338652037269484e-01	7.017254507529430141e-02	2.825123758849410263e-02	7.216922046189436224e-02
1.081241642751955851e+03	2.655365326400768722e-01	1.723836134583889290e-01	2.446907509692793081e-01	1.465926504432904787e-01	7.023702429592050545e-02	2.829249142987018406e-02	7.226693676302328728e-02
1.083660527858783553e+03	2.651447069896778475e-01	1.721347990978370768e-01	2.449701923281293325e-01	1.467509409707772050e-01	7.030132197819721762e-02	2.833366289791082460e-02	7.236437573732006079e-02
1.086079412965611255e+03	2.647540077159609151e-01	1.718866754186608170e-01	2.452488495915449429e-01	1.469087384123042295e-01	7.036543865631275652e-02	2.837475202250501136e-02	7.246153818256086121e-02
1.088498298072438729e+03	2.643644315725701133e-01	1.716392404992056475e-01	2.455267249482704639e-01	1.470660443884937163e-01	7.042937486231348743e-02	2.841575883473369118e-02	7.255842489426239661e-02
1.090917183179266431e+03	2.639759753225922601e-01	1.713924924231672586e-01	2.458038205809354448e-01	1.472228605144873803e-01	7.049313112612380638e-02	2.845668336685696492e-02	7.265503666568634555e-02
1.093336068286093905e+03	2.635886357385285317e-01	1.711464292795768227e-01	2.460801386660718126e-01	1.473791883999611418e-01	7.055670797556584661e-02	2.849752565230140311e-02	7.275137428784385352e-02
1.095754953392921607e+03	2.632024096022663184e-01	1.709010491627859785e-01	2.463556813741309692e-01	1.475350296491397539e-01	7.062010593637883804e-02	2.853828572564751434e-02	7.284743854950011255e-02
1.098173838499749309e+03	2.628172937050509139e-01	1.706563501724520926e-01	2.466304508695008058e-01	1.476903858608114017e-01	7.068332553223809211e-02	2.857896362261731424e-02	7.294323023717892707e-02
1.100592723606577010e+03	2.624332848474577040e-01	1.704123304135234662e-01	2.469044493105225779e-01	1.478452586283427461e-01	7.074636728477376457e-02	2.861955938006204014e-02	7.303875013516733516e-02
1.103011608713404712e+03	2.620503798393641892e-01	1.701689879962245411e-01	2.471776788495079480e-01	1.479996495396934952e-01	7.080923171358920187e-02	2.866007303594999070e-02	7.313399902552028542e-02
1.105430493820231959e+03	2.616685754999222291e-01	1.699263210360413001e-01	2.474501416327557768e-01	1.481535601774316147e-01	7.087191933627906559e-02	2.870050462935448687e-02	7.322897768806529983e-02
1.107849378927059888e+03	2.612878686575300091e-01	1.696843276537064737e-01	2.477218398005689437e-01	1.483069921187480655e-01	7.093443066844705436e-02	2.874085420044193706e-02	7.332368690040720616e-02
1.110268264033887590e+03	2.609082561498048958e-01	1.694430059751851070e-01	2.479927754872712498e-01	1.484599469354720702e-01	7.099676622372345924e-02	2.878112179046005831e-02	7.341812743793287022e-02
1.112687149140715292e+03	2.605297348235554034e-01	1.692023541316597379e-01	2.482629508212240155e-01	1.486124261940860170e-01	7.105892651378228897e-02	2.882130744172618775e-02	7.351230007381599763e-02
1.115106034247542766e+03	2.601523015347541046e-01	1.689623702595160759e-01	2.485323679248427897e-01	1.487644314557408365e-01	7.112091204835824243e-02	2.886141119761573282e-02	7.360620557902192163e-02
1.117524919354370468e+03	2.597759531485099305e-01	1.687230525003284298e-01	2.488010289146139753e-01	1.489159642762709346e-01	7.118272333526327877e-02	2.890143310255069778e-02	7.369984472231244643e-02
1.119943804461197942e+03	2.594006865390412475e-01	1.684843990008451364e-01	2.490689359011115100e-01	1.490670262062097629e-01	7.124436088040300707e-02	2.894137320198838029e-02	7.379321827025071834e-02
1.122362689568025871e+03	2.590264985896482686e-01	1.682464079129743773e-01	2.493360909890133259e-01	1.492176187908048346e-01	7.130582518779275680e-02	2.898123154241014077e-02	7.388632698720606906e-02
1.124781574674853118e+03	2.586533861926864630e-01	1.680090773937695514e-01	2.496024962771177802e-01	1.493677435700332956e-01	7.136711675957339851e-02	2.902100817131030366e-02	7.397917163535895624e-02
1.127200459781681047e+03	2.582813462495390788e-01	1.677724056054151758e-01	2.498681538583603368e-01	1.495174020786171898e-01	7.142823609602692858e-02	2.906070313718514889e-02	7.407175297470593167e-02
1.129619344888508749e+03	2.579103756705904971e-01	1.675363907152124798e-01	2.501330658198297474e-01	1.496665958460388079e-01	7.148918369559172092e-02	2.910031648952203162e-02	7.416407176306454019e-02
1.132038229995336451e+03	2.575404713751993091e-01	1.673010308955650283e-01	2.503972342427844833e-01	1.498153263965564252e-01	7.154996005487766764e-02	2.913984827878860276e-02	7.425612875607828789e-02
1.134457115102163925e+03	2.571716302916717267e-01	1.670663243239647600e-01	2.506606612026690550e-01	1.499635952492195112e-01	7.161056566868091722e-02	2.917929855642213688e-02	7.434792470722170754e-02
1.136876000208991627e+03	2.568038493572346592e-01	1.668322691829775828e-01	2.509233487691303055e-01	1.501114039178844395e-01	7.167100102999848787e-02	2.921866737481895390e-02	7.443946036780535458e-02
1.139294885315819101e+03	2.564371255180094566e-01	1.665988636602293571e-01	2.511852990060336466e-01	1.502587539112300030e-01	7.173126663004258941e-02	2.925795478732395871e-02	7.453073648698080311e-02
1.141713770422646803e+03	2.560714557289852089e-01	1.663661059483917959e-01	2.514465139714791020e-01	1.504056467327729296e-01	7.179136295825476466e-02	2.929716084822027444e-02	7.462175381174575295e-02
1.144132655529474505e+03	2.557068369539925445e-01	1.661339942451683649e-01	2.517069957178175721e-01	1.505520838808836193e-01	7.185129050231975345e-02	2.933628561271899027e-02	7.471251308694908111e-02
1.146551540636302207e+03	2.553432661656770963e-01	1.659025267532802939e-01	2.519667462916667655e-01	1.506980668488017150e-01	7.191104974817912054e-02	2.937532913694898551e-02	7.480301505529594885e-02
1.148970425743129908e+03	2.549807403454735222e-01	1.656717016804525044e-01	2.522257677339275750e-01	1.508435971246517571e-01	7.197064118004475874e-02	2.941429147794687171e-02	7.489326045735286708e-02
1.151389310849957155e+03	2.546192564835793593e-01	1.654415172393998712e-01	2.524840620797996205e-01	1.509886761914589204e-01	7.203006528041208667e-02	2.945317269364701798e-02	7.498325003155291435e-02
1.153808195956785084e+03	2.542588115789288228e-01	1.652119716478131217e-01	2.527416313587975694e-01	1.511333055271646963e-01	7.208932253007309388e-02	2.949197284287168389e-02	7.507298451420076069e-02
1.156227081063612786e+03	2.538994026391669379e-01	1.649830631283450144e-01	2.529984775947669018e-01	1.512774866046425748e-01	7.214841340812910842e-02	2.953069198532124948e-02	7.516246463947792722e-02
1.158645966170440488e+03	2.535410266806237267e-01	1.647547899085966272e-01	2.532546028058996757e-01	1.514212208917138647e-01	7.220733839200345339e-02	2.956933018156452861e-02	7.525169113944787935e-02
1.161064851277267962e+03	2.531836807282883406e-01	1.645271502211034798e-01	2.535100090047503474e-01	1.515645098511633204e-01	7.226609795745386755e-02	2.960788749302916550e-02	7.534066474406121705e-02
1.163483736384095664e+03	2.528273618157833025e-01	1.643001423033217667e-01	2.537646981982518146e-01	1.517073549407550181e-01	7.232469257858469003e-02	2.964636398199215969e-02	7.542938618116093452e-02
1.165902621490923138e+03	2.524720669853390276e-01	1.640737643976147020e-01	2.540186723877309594e-01	1.518497576132480931e-01	7.238312272785897561e-02	2.968475971157043258e-02	7.551785617648754112e-02
1.168321506597751068e+03	2.521177932877681771e-01	1.638480147512388074e-01	2.542719335689241356e-01	1.519917193164124769e-01	7.244138887611023536e-02	2.972307474571153629e-02	7.560607545368429327e-02
1.170740391704578315e+03	2.517645377824404007e-01	1.636228916163302849e-01	2.545244837319932674e-01	1.521332414930447463e-01	7.249949149255419112e-02	2.976130914918439715e-02	7.569404473430245417e-02
1.173159276811406244e+03	2.514122975372566349e-01	1.633983932498914438e-01	2.547763248615408926e-01	1.522743255809839158e-01	7.255743104480019690e-02	2.979946298757019454e-02	7.578176473780652567e-02
1.175578161918233945e+03	2.510610696286239563e-01	1.631745179137771840e-01	2.550274589366260947e-01	1.524149730131271752e-01	7.261520799886257704e-02	2.983753632725328828e-02	7.586923618157943860e-02
1.177997047025061647e+03	2.507108511414306018e-01	1.629512638746813957e-01	2.552778879307800453e-01	1.525551852174457657e-01	7.267282281917177011e-02	2.987552923541224661e-02	7.595645978092789574e-02
1.180415932131889122e+03	2.503616391690204335e-01	1.627286294041234704e-01	2.555276138120212148e-01	1.526949636170007174e-01	7.273027596858527843e-02	2.991344178001097143e-02	7.604343624908753430e-02
1.182834817238716823e+03	2.500134308131682914e-01	1.625066127784349501e-01	2.557766385428709710e-01	1.528343096299587256e-01	7.278756790839850666e-02	2.995127402978988926e-02	7.613016629722826889e-02
1.185253702345544298e+03	2.496662231840546808e-01	1.622852122787460383e-01	2.560249640803688442e-01	1.529732246696079156e-01	7.284469909835535051e-02	2.998902605425721873e-02	7.621665063445956512e-02
1.187672587452371999e+03	2.493200134002410695e-01	1.620644261909722494e-01	2.562725923760879598e-01	1.531117101443736361e-01	7.290166999665868841e-02	3.002669792368034898e-02	7.630288996783565758e-02
1.190091472559199701e+03	2.489747985886450465e-01	1.618442528058011420e-01	2.565195253761502481e-01	1.532497674578341962e-01	7.295848105998074817e-02	3.006428970907725623e-02	7.638888500236092061e-02
1.192510357666027403e+03	2.486305758845156477e-01	1.616246904186789402e-01	2.567657650212417653e-01	1.533873980087368527e-01	7.301513274347322391e-02	3.010180148220804874e-02	7.647463644099507241e-02
1.194929242772855105e+03	2.482873424314085420e-01	1.614057373297972664e-01	2.570113132466279038e-01	1.535246031910133813e-01	7.307162550077729579e-02	3.013923331556654650e-02	7.656014498465858742e-02
1.197348127879682352e+03	2.479450953811616898e-01	1.611873918440799858e-01	2.572561719821684911e-01	1.536613843937959800e-01	7.312795978403353880e-02	3.017658528237196144e-02	7.664541133223788660e-02
1.199767012986510281e+03	2.476038318938706961e-01	1.609696522711699940e-01	2.575003431523328890e-01	1.537977430014330071e-01	7.318413604389162330e-02	3.021385745656064714e-02	7.673043618059073590e-02
1.202185898093337983e+03	2.472635491378643580e-01	1.607525169254160891e-01	2.577438286762152031e-01	1.539336803935046905e-01	7.324015472951987682e-02	3.025104991277793517e-02	7.681522022455150589e-02
1.204604783200165684e+03	2.469242442896804612e-01	1.605359841258598708e-01	2.579866304675490496e-01	1.540691979448389759e-01	7.329601628861476259e-02	3.028816272637003745e-02	7.689976415693650091e-02
1.207023668306993159e+03	2.465859145340414393e-01	1.603200521962225844e-01	2.582287504347229312e-01	1.542042970255272649e-01	7.335172116741014992e-02	3.032519597337601097e-02	7.698406866854927422e-02
1.209442553413820860e+03	2.462485570638302257e-01	1.601047194648921590e-01	2.584701904807950035e-01	1.543389790009400131e-01	7.340726981068652901e-02	3.036214973051982319e-02	7.706813444818595704e-02
1.211861438520648335e+03	2.459121690800661064e-01	1.598899842649102176e-01	2.587109525035078406e-01	1.544732452317425231e-01	7.346266266178000381e-02	3.039902407520247637e-02	7.715196218264057382e-02
1.214280323627476264e+03	2.455767477918807395e-01	1.596758449339590324e-01	2.589510383953034789e-01	1.546070970739107098e-01	7.351790016259122928e-02	3.043581908549419096e-02	7.723555255671037123e-02
1.216699208734303511e+03	2.452422904164941464e-01	1.594622998143486736e-01	2.591904500433382386e-01	1.547405358787466989e-01	7.357298275359416828e-02	3.047253484012667907e-02	7.731890625320114729e-02
1.219118093841131440e+03	2.449087941791908973e-01	1.592493472530040755e-01	2.594291893294974893e-01	1.548735629928945090e-01	7.362791087384477906e-02	3.050917141848547703e-02	7.740202395293255266e-02
1.221536978947959142e+03	2.445762563132962697e-01	1.590369856014522409e-01	2.596672581304102501e-01	1.550061797583556777e-01	7.368268496098955012e-02	3.054572890060236814e-02	7.748490633474341971e-02
1.223955864054786844e+03	2.442446740601525446e-01	1.588252132158093632e-01	2.599046583174641212e-01	1.551383875125049716e-01	7.373730545127386848e-02	3.058220736714783658e-02	7.756755407549716097e-02
1.226374749161614318e+03	2.439140446690952480e-01	1.586140284567679470e-01	2.601413917568198286e-01	1.552701875881059013e-01	7.379177277955037417e-02	3.061860689942361505e-02	7.764996785008700109e-02
1.228793634268442020e+03	2.435843653974297529e-01	1.584034296895842631e-01	2.603774603094257678e-01	1.554015813133263757e-01	7.384608737928712030e-02	3.065492757935530527e-02	7.773214833144134750e-02
1.231212519375269494e+03	2.432556335104076040e-01	1.581934152840655805e-01	2.606128658310327695e-01	1.555325700117542453e-01	7.390024968257562221e-02	3.069116948948504009e-02	7.781409619052909177e-02
1.233631404482097196e+03	2.429278462812032302e-01	1.579839836145573162e-01	2.608476101722084772e-01	1.556631550024129007e-01	7.395426012013885109e-02	3.072733271296423929e-02	7.789581209636496639e-02
1.236050289588924898e+03	2.426010009908905196e-01	1.577751330599306279e-01	2.610816951783518913e-01	1.557933375997767045e-01	7.400811912133901938e-02	3.076341733354640701e-02	7.797729671601483226e-02
1.238469174695752372e+03	2.422750949284194766e-01	1.575668620035696466e-01	2.613151226897079127e-01	1.559231191137865902e-01	7.406182711418539399e-02	3.079942343558001241e-02	7.805855071460104933e-02
1.240888059802580301e+03	2.419501253905931015e-01	1.573591688333589311e-01	2.615478945413814982e-01	1.560525008498654664e-01	7.411538452534190136e-02	3.083535110400141208e-02	7.813957475530770858e-02
1.243306944909407548e+03	2.416260896820442150e-01	1.571520519416710060e-01	2.617800125633525377e-01	1.561814841089337325e-01	7.416879178013466301e-02	3.087120042432785899e-02	7.822036949938605821e-02
1.245725830016235477e+03	2.413029851152124483e-01	1.569455097253538434e-01	2.620114785804895097e-01	1.563100701874246545e-01	7.422204930255940636e-02	3.090697148265056024e-02	7.830093560615969395e-02
1.248144715123063179e+03	2.409808090103211231e-01	1.567395405857182067e-01	2.622422944125643030e-01	1.564382603772998537e-01	7.427515751528884769e-02	3.094266436562780054e-02	7.838127373302999912e-02
1.250563600229890881e+03	2.406595586953544641e-01	1.565341429285255492e-01	2.624724618742662607e-01	1.565660559660645434e-01	7.432811683967985306e-02	3.097827916047812824e-02	7.846138453548132108e-02
1.252982485336718355e+03	2.403392315060346451e-01	1.563293151639753575e-01	2.627019827752165027e-01	1.566934582367830175e-01	7.438092769578065477e-02	3.101381595497358645e-02	7.854126866708636967e-02
1.255401370443546057e+03	2.400198247857991407e-01	1.561250557066928280e-01	2.629308589199819690e-01	1.568204684680939154e-01	7.443359050233780416e-02	3.104927483743303088e-02	7.862092677951144915e-02
1.257820255550373531e+03	2.397013358857777998e-01	1.559213629757166264e-01	2.631590921080896317e-01	1.569470879342254599e-01	7.448610567680323535e-02	3.108465589671548929e-02	7.870035952252181499e-02
1.260239140657201460e+03	2.393837621647704750e-01	1.557182353944865649e-01	2.633866841340405940e-01	1.570733179050108896e-01	7.453847363534105153e-02	3.111995922221356958e-02	7.877956754398690586e-02
1.262658025764028707e+03	2.390671009892242072e-01	1.555156713908312505e-01	2.636136367873240793e-01	1.571991596459035023e-01	7.459069479283433890e-02	3.115518490384696498e-02	7.885855148988564489e-02
1.265076910870856636e+03	2.387513497332109380e-01	1.553136693969560389e-01	2.638399518524316423e-01	1.573246144179918926e-01	7.464276956289178644e-02	3.119033303205596616e-02	7.893731200431176875e-02
1.267495795977684338e+03	2.384365057784048891e-01	1.551122278494306006e-01	2.640656311088708241e-01	1.574496834780152732e-01	7.469469835785437495e-02	3.122540369779507052e-02	7.901584972947900409e-02
1.269914681084511813e+03	2.381225665140603853e-01	1.549113451891770132e-01	2.642906763311793084e-01	1.575743680783784906e-01	7.474648158880183024e-02	3.126039699252662618e-02	7.909416530572643822e-02
1.272333566191339514e+03	2.378095293369894558e-01	1.547110198614574661e-01	2.645150892889387428e-01	1.576986694671671241e-01	7.479811966555907632e-02	3.129531300821451756e-02	7.917225937152370940e-02
1.274752451298167216e+03	2.374973916515396299e-01	1.545112503158621864e-01	2.647388717467887287e-01	1.578225888881626127e-01	7.484961299670261914e-02	3.133015183731797243e-02	7.925013256347629431e-02
1.277171336404994690e+03	2.371861508695718157e-01	1.543120350062974766e-01	2.649620254644405315e-01	1.579461275808573262e-01	7.490096198956679163e-02	3.136491357278533426e-02	7.932778551633078157e-02
1.279590221511822392e+03	2.368758044104381510e-01	1.541133723909735853e-01	2.651845521966907926e-01	1.580692867804695534e-01	7.495216705024994319e-02	3.139959830804794211e-02	7.940521886298006204e-02
1.282009106618650094e+03	2.365663497009601324e-01	1.539152609323928000e-01	2.654064536934354623e-01	1.581920677179583790e-01	7.500322858362058753e-02	3.143420613701405214e-02	7.948243323446860242e-02
1.284427991725477568e+03	2.362577841754064656e-01	1.537176990973374568e-01	2.656277316996833449e-01	1.583144716200388380e-01	7.505414699332341177e-02	3.146873715406282856e-02	7.955942925999767712e-02
1.286846876832305497e+03	2.359501052754713613e-01	1.535206853568580054e-01	2.658483879555698093e-01	1.584364997091966265e-01	7.510492268178528552e-02	3.150319145403834842e-02	7.963620756693060021e-02
1.289265761939132744e+03	2.356433104502526354e-01	1.533242181862611020e-01	2.660684241963704455e-01	1.585581532037030894e-01	7.515555605022115893e-02	3.153756913224370351e-02	7.971276878079791572e-02
1.291684647045960673e+03	2.353373971562300049e-01	1.531282960650978131e-01	2.662878421525146644e-01	1.586794333176299587e-01	7.520604749863984972e-02	3.157187028443509541e-02	7.978911352530262957e-02
1.294103532152788375e+03	2.350323628572433821e-01	1.529329174771518196e-01	2.665066435495991315e-01	1.588003412608643972e-01	7.525639742584983027e-02	3.160609500681604150e-02	7.986524242232541371e-02
1.296522417259616077e+03	2.347282050244713092e-01	1.527380809104274539e-01	2.667248301084014783e-01	1.589208782391234309e-01	7.530660622946494520e-02	3.164024339603160874e-02	7.994115609192978256e-02
1.298941302366443551e+03	2.344249211364093644e-01	1.525437848571380983e-01	2.669424035448936250e-01	1.590410454539689655e-01	7.535667430590999027e-02	3.167431554916269598e-02	8.001685515236729718e-02
1.301360187473271253e+03	2.341225086788487342e-01	1.523500278136944441e-01	2.671593655702552139e-01	1.591608441028223297e-01	7.540660205042626352e-02	3.170831156372035109e-02	8.009234022008272780e-02
1.303779072580098727e+03	2.338209651448547310e-01	1.521568082806927513e-01	2.673757178908872101e-01	1.592802753789789583e-01	7.545638985707711632e-02	3.174223153764015037e-02	8.016761190971928575e-02
1.306197957686926657e+03	2.335202880347454768e-01	1.519641247629031633e-01	2.675914622084248351e-01	1.593993404716229911e-01	7.550603811875333804e-02	3.177607556927664750e-02	8.024267083412370272e-02
1.308616842793753904e+03	2.332204748560706697e-01	1.517719757692582161e-01	2.678066002197515005e-01	1.595180405658419565e-01	7.555554722717854055e-02	3.180984375739782932e-02	8.031751760435142107e-02
1.311035727900581833e+03	2.329215231235903794e-01	1.515803598128410978e-01	2.680211336170115755e-01	1.596363768426412311e-01	7.560491757291443182e-02	3.184353620117962025e-02	8.039215282967177023e-02
1.313454613007409534e+03	2.326234303592537578e-01	1.513892754108741578e-01	2.682350640876238757e-01	1.597543504789585844e-01	7.565414954536608949e-02	3.187715300020050463e-02	8.046657711757307374e-02
1.315873498114237009e+03	2.323261940921781954e-01	1.511987210847073881e-01	2.684483933142948198e-01	1.598719626476786115e-01	7.570324353278716500e-02	3.191069425443610053e-02	8.054079107376777014e-02
1.318292383221064711e+03	2.320298118586280045e-01	1.510086953598068493e-01	2.686611229750316965e-01	1.599892145176471658e-01	7.575219992228496291e-02	3.194416006425383758e-02	8.061479530219754774e-02
1.320711268327892412e+03	2.317342812019936860e-01	1.508191967657432631e-01	2.688732547431556541e-01	1.601061072536858199e-01	7.580101909982556174e-02	3.197755053040766959e-02	8.068859040503846558e-02
1.323130153434719887e+03	2.314395996727709737e-01	1.506302238361806045e-01	2.690847902873148012e-01	1.602226420166061038e-01	7.584970145023878230e-02	3.201086575403282175e-02	8.076217698270603262e-02
1.325549038541547588e+03	2.311457648285399902e-01	1.504417751088646116e-01	2.692957312714975293e-01	1.603388199632238831e-01	7.589824735722319748e-02	3.204410583664057954e-02	8.083555563386032872e-02
1.327967923648375290e+03	2.308527742339445410e-01	1.502538491256115438e-01	2.695060793550452249e-01	1.604546422463736799e-01	7.594665720335100345e-02	3.207727088011315397e-02	8.090872695541104220e-02
1.330386808755202765e+03	2.305606254606712702e-01	1.500664444322966640e-01	2.697158361926653147e-01	1.605701100149228566e-01	7.599493137007287680e-02	3.211036098669854677e-02	8.098169154252261859e-02
1.332805693862030694e+03	2.302693160874292044e-01	1.498795595788431356e-01	2.699250034344445326e-01	1.606852244137857155e-01	7.604307023772280405e-02	3.214337625900549889e-02	8.105444998861925654e-02
1.335224578968857941e+03	2.299788436999290198e-01	1.496931931192105603e-01	2.701335827258614652e-01	1.607999865839377929e-01	7.609107418552280011e-02	3.217631679999843897e-02	8.112700288538995941e-02
1.337643464075685870e+03	2.296892058908626966e-01	1.495073436113839305e-01	2.703415757077997639e-01	1.609143976624299033e-01	7.613894359158759895e-02	3.220918271299253594e-02	8.119935082279364225e-02
1.340062349182513572e+03	2.294004002598829250e-01	1.493220096173621669e-01	2.705489840165605231e-01	1.610284587824022395e-01	7.618667883292937204e-02	3.224197410164872379e-02	8.127149438906410006e-02
1.342481234289341273e+03	2.291124244135827603e-01	1.491371897031471827e-01	2.707558092838756592e-01	1.611421710730983892e-01	7.623428028546226642e-02	3.227469106996880971e-02	8.134343417071508708e-02
1.344900119396168748e+03	2.288252759654753055e-01	1.489528824387326145e-01	2.709620531369201779e-01	1.612555356598792400e-01	7.628174832400695660e-02	3.230733372229063760e-02	8.141517075254528502e-02
1.347319004502996449e+03	2.285389525359734775e-01	1.487690863980926370e-01	2.711677171983252754e-01	1.613685536642370522e-01	7.632908332229521031e-02	3.233990216328323786e-02	8.148670471764334067e-02
1.349737889609823924e+03	2.282534517523698292e-01	1.485858001591710831e-01	2.713728030861908280e-01	1.614812262038093083e-01	7.637628565297427397e-02	3.237239649794208807e-02	8.155803664739282033e-02
1.352156774716651853e+03	2.279687712488162321e-01	1.484030223038701468e-01	2.715773124140983263e-01	1.615935543923926188e-01	7.642335568761138287e-02	3.240481683158433213e-02	8.162916712147723353e-02
1.354575659823479100e+03	2.276849086663040311e-01	1.482207514180395314e-01	2.717812467911231433e-01	1.617055393399564611e-01	7.647029379669804949e-02	3.243716326984413811e-02	8.170009671788498740e-02
1.356994544930307029e+03	2.274018616526438386e-01	1.480389860914653188e-01	2.719846078218475238e-01	1.618171821526570020e-01	7.651710034965443497e-02	3.246943591866799372e-02	8.177082601291434105e-02
1.359413430037134731e+03	2.271196278624457443e-01	1.478577249178591180e-01	2.721873971063726305e-01	1.619284839328508085e-01	7.656377571483363731e-02	3.250163488431012659e-02	8.184135558117835996e-02
1.361832315143962205e+03	2.268382049570992209e-01	1.476769664948471561e-01	2.723896162403316445e-01	1.620394457791086706e-01	7.661032025952592417e-02	3.253376027332790382e-02	8.191168599560988417e-02
1.364251200250789907e+03	2.265575906047535282e-01	1.474967094239591769e-01	2.725912668149019225e-01	1.621500687862290624e-01	7.665673434996295166e-02	3.256581219257730780e-02	8.198181782746641333e-02
1.366670085357617609e+03	2.262777824802976734e-01	1.473169523106178103e-01	2.727923504168175417e-01	1.622603540452519089e-01	7.670301835132187218e-02	3.259779074920842595e-02	8.205175164633507490e-02
1.369088970464445310e+03	2.259987782653409827e-01	1.471376937641275251e-01	2.729928686283816797e-01	1.623703026434720476e-01	7.674917262772958104e-02	3.262969605066098205e-02	8.212148802013745363e-02
1.371507855571272785e+03	2.257205756481931447e-01	1.469589323976639994e-01	2.731928230274790481e-01	1.624799156644528564e-01	7.679519754226667161e-02	3.266152820465992312e-02	8.219102751513455984e-02
1.373926740678100487e+03	2.254431723238448926e-01	1.467806668282631566e-01	2.733922151875883277e-01	1.625891941880395763e-01	7.684109345697151539e-02	3.269328731921104098e-02	8.226037069593172824e-02
1.376345625784927961e+03	2.251665659939482145e-01	1.466028956768105629e-01	2.735910466777942140e-01	1.626981392903729673e-01	7.688686073284435596e-02	3.272497350259660071e-02	8.232951812548339188e-02
1.378764510891755890e+03	2.248907543667970632e-01	1.464256175680305749e-01	2.737893190627999629e-01	1.628067520439024918e-01	7.693249972985115315e-02	3.275658686337103859e-02	8.239847036509803657e-02
1.381183395998583137e+03	2.246157351573078720e-01	1.462488311304757926e-01	2.739870339029395474e-01	1.629150335173998598e-01	7.697801080692756592e-02	3.278812751035668771e-02	8.246722797444301645e-02
1.383602281105411066e+03	2.243415060870001254e-01	1.460725349965162623e-01	2.741841927541898705e-01	1.630229847759722406e-01	7.702339432198290758e-02	3.281959555263951750e-02	8.253579151154939730e-02
1.386021166212238768e+03	2.240680648839771805e-01	1.458967278023289293e-01	2.743807971681830327e-01	1.631306068810754739e-01	7.706865063190396214e-02	3.285099109956494956e-02	8.260416153281679996e-02
1.388440051319066470e+03	2.237954092829069763e-01	1.457214081878869805e-01	2.745768486922183227e-01	1.632379008905274209e-01	7.711378009255877297e-02	3.288231426073368741e-02	8.267233859301820198e-02
1.390858936425893944e+03	2.235235370250027997e-01	1.455465747969492962e-01	2.747723488692743743e-01	1.633448678585210923e-01	7.715878305880051469e-02	3.291356514599754618e-02	8.274032324530473936e-02
1.393277821532721646e+03	2.232524458580041893e-01	1.453722262770499041e-01	2.749672992380214342e-01	1.634515088356377766e-01	7.720365988447119854e-02	3.294474386545540034e-02	8.280811604121050828e-02
1.395696706639549120e+03	2.229821335361578671e-01	1.451983612794874867e-01	2.751617013328330197e-01	1.635578248688601410e-01	7.724841092240541940e-02	3.297585052944909667e-02	8.287571753065733904e-02
1.398115591746377049e+03	2.227125978201987266e-01	1.450249784593148350e-01	2.753555566837984636e-01	1.636638170015852767e-01	7.729303652443407502e-02	3.300688524855940192e-02	8.294312826195957000e-02
1.400534476853204296e+03	2.224438364773309307e-01	1.448520764753284396e-01	2.755488668167344057e-01	1.637694862736377710e-01	7.733753704138798812e-02	3.303784813360203382e-02	8.301034878182882160e-02
1.402953361960032225e+03	2.221758472812088436e-01	1.446796539900580825e-01	2.757416332531968939e-01	1.638748337212826145e-01	7.738191282310157015e-02	3.306873929562369196e-02	8.307737963537872861e-02
1.405372247066859927e+03	2.219086280119184629e-01	1.445077096697563457e-01	2.759338575104933744e-01	1.639798603772380792e-01	7.742616421841641561e-02	3.309955884589810271e-02	8.314422136612968639e-02
1.407791132173687402e+03	2.216421764559583230e-01	1.443362421843883414e-01	2.761255411016946271e-01	1.640845672706887082e-01	7.747029157518485476e-02	3.313030689592215416e-02	8.321087451601354157e-02
1.410210017280515103e+03	2.213764904062209826e-01	1.441652502076213038e-01	2.763166855356463114e-01	1.641889554272980833e-01	7.751429524027352025e-02	3.316098355741200349e-02	8.327733962537833823e-02
1.412628902387342805e+03	2.211115676619743453e-01	1.439947324168143472e-01	2.765072923169810681e-01	1.642930258692216483e-01	7.755817555956687204e-02	3.319158894229925355e-02	8.334361723299300861e-02
1.415047787494170507e+03	2.208474060288428686e-01	1.438246874930080577e-01	2.766973629461302320e-01	1.643967796151194483e-01	7.760193287797063910e-02	3.322212316272716431e-02	8.340970787605206382e-02
1.417466672600997981e+03	2.205840033187892735e-01	1.436551141209144733e-01	2.768868989193355445e-01	1.645002176801688143e-01	7.764556753941530276e-02	3.325258633104685724e-02	8.347561209018027062e-02
1.419885557707825683e+03	2.203213573500957256e-01	1.434860109889065649e-01	2.770759017286608117e-01	1.646033410760770477e-01	7.768907988685952448e-02	3.328297855981359604e-02	8.354133040943728661e-02
1.422304442814653157e+03	2.200594659473457393e-01	1.433173767890082440e-01	2.772643728620036163e-01	1.647061508110940486e-01	7.773247026229354595e-02	3.331329996178309522e-02	8.360686336632232318e-02
1.424723327921481086e+03	2.197983269414053864e-01	1.431492102168840930e-01	2.774523138031070868e-01	1.648086478900248619e-01	7.777573900674256135e-02	3.334355064990780770e-02	8.367221149177885009e-02
1.427142213028308333e+03	2.195379381694053111e-01	1.429815099718293459e-01	2.776397260315713322e-01	1.649108333142422500e-01	7.781888646027006196e-02	3.337373073733329587e-02	8.373737531519910571e-02
1.429561098135136262e+03	2.192782974747223279e-01	1.428142747567596182e-01	2.778266110228649888e-01	1.650127080816991554e-01	7.786191296198116674e-02	3.340384033739463715e-02	8.380235536442881550e-02
1.431979983241963964e+03	2.190194027069611027e-01	1.426475032782008878e-01	2.780129702483371545e-01	1.651142731869411906e-01	7.790481885002589757e-02	3.343387956361281582e-02	8.386715216577175780e-02
1.434398868348791666e+03	2.187612517219360564e-01	1.424811942462794745e-01	2.781988051752284363e-01	1.652155296211189617e-01	7.794760446160246825e-02	3.346384852969117724e-02	8.393176624399432961e-02
1.436817753455619140e+03	2.185038423816532127e-01	1.423153463747119651e-01	2.783841172666826069e-01	1.653164783720004749e-01	7.799027013296055966e-02	3.349374734951191673e-02	8.399619812233015403e-02
1.439236638562446842e+03	2.182471725542921848e-01	1.421499583807953049e-01	2.785689079817582625e-01	1.654171204239834603e-01	7.803281619940445613e-02	3.352357613713256163e-02	8.406044832248463217e-02
1.441655523669274316e+03	2.179912401141882172e-01	1.419850289853966940e-01	2.787531787754398693e-01	1.655174567581077227e-01	7.807524299529633449e-02	3.355333500678252950e-02	8.412451736463955054e-02
1.444074408776102018e+03	2.177360429418140619e-01	1.418205569129436794e-01	2.789369310986494210e-01	1.656174883520671881e-01	7.811755085405938659e-02	3.358302407285967267e-02	8.418840576745753590e-02
1.446493293882929493e+03	2.174815789237621866e-01	1.416565408914143009e-01	2.791201663982577075e-01	1.657172161802222266e-01	7.815974010818098339e-02	3.361264344992689196e-02	8.425211404808664872e-02
1.448912178989757422e+03	2.172278459527269556e-01	1.414929796523271832e-01	2.793028861170956945e-01	1.658166412136117540e-01	7.820181108921581137e-02	3.364219325270876443e-02	8.431564272216487965e-02
1.451331064096585123e+03	2.169748419274866724e-01	1.413298719307316265e-01	2.794850916939657370e-01	1.659157644199653614e-01	7.824376412778893952e-02	3.367167359608814331e-02	8.437899230382463200e-02
1.453749949203412370e+03	2.167225647528860655e-01	1.411672164651978090e-01	2.796667845636527372e-01	1.660145867637153327e-01	7.828559955359899736e-02	3.370108459510288978e-02	8.444216330569730145e-02
1.456168834310240300e+03	2.164710123398183861e-01	1.410050119978069061e-01	2.798479661569358012e-01	1.661131092060087189e-01	7.832731769542111699e-02	3.373042636494256313e-02	8.450515623891764749e-02
1.458587719417068001e+03	2.162201826052079501e-01	1.408432572741414868e-01	2.800286379005989534e-01	1.662113327047193001e-01	7.836891888111005566e-02	3.375969902094515945e-02	8.456797161312830380e-02
1.461006604523895703e+03	2.159700734719924853e-01	1.406819510432755771e-01	2.802088012174424603e-01	1.663092582144593823e-01	7.841040343760316556e-02	3.378890267859385038e-02	8.463060993648428842e-02
1.463425489630723177e+03	2.157206828691055345e-01	1.405210920577650568e-01	2.803884575262940992e-01	1.664068866865919261e-01	7.845177169092344693e-02	3.381803745351380508e-02	8.469307171565738923e-02
1.465844374737550879e+03	2.154720087314590526e-01	1.403606790736378895e-01	2.805676082420200390e-01	1.665042190692421764e-01	7.849302396618249023e-02	3.384710346146897059e-02	8.475535745584059089e-02
1.468263259844378354e+03	2.152240489999259487e-01	1.402007108503844912e-01	2.807462547755362747e-01	1.666012563073096531e-01	7.853416058758343199e-02	3.387610081835896320e-02	8.481746766075252963e-02
1.470682144951206283e+03	2.149768016213227662e-01	1.400411861509480160e-01	2.809243985338192307e-01	1.666979993424796691e-01	7.857518187842388313e-02	3.390502964021587656e-02	8.487940283264187868e-02
1.473101030058033530e+03	2.147302645483922801e-01	1.398821037417148361e-01	2.811020409199169734e-01	1.667944491132352935e-01	7.861608816109889875e-02	3.393389004320122165e-02	8.494116347229176134e-02
1.475519915164861459e+03	2.144844357397862611e-01	1.397234623925049934e-01	2.812791833329604252e-01	1.668906065548689255e-01	7.865687975710380919e-02	3.396268214360285281e-02	8.500275007902409474e-02
1.477938800271689161e+03	2.142393131600482947e-01	1.395652608765624025e-01	2.814558271681737445e-01	1.669864725994938404e-01	7.869755698703716218e-02	3.399140605783186608e-02	8.506416315070403078e-02
1.480357685378516862e+03	2.139948947795966006e-01	1.394074979705455797e-01	2.816319738168857612e-01	1.670820481760559861e-01	7.873812017060355384e-02	3.402006190241963629e-02	8.512540318374424431e-02
1.482776570485344337e+03	2.137511785747067961e-01	1.392501724545179842e-01	2.818076246665407458e-01	1.671773342103452797e-01	7.877856962661647366e-02	3.404864979401476394e-02	8.518647067310931853e-02
