1.301360187473271253e+03	2.353312050653114940e-01	1.512299531825656573e-01	2.607641699811127922e-01	1.617562867904345225e-01	7.623365205189883143e-02	3.218180799751546584e-02	8.250292493100998270e-02
1.306197957686926657e+03	2.347405994005072327e-01	1.508335479157576764e-01	2.611420154813052230e-01	1.620219613060221997e-01	7.634031174378146101e-02	3.225378482595044061e-02	8.266777932652441541e-02
1.311035727900581833e+03	2.341534265291513039e-01	1.504392928833928611e-01	2.615175618623257203e-01	1.622861647243901417e-01	7.644641543538938100e-02	3.232544042639824700e-02	8.283169813880096599e-02
1.315873498114237009e+03	2.335696662108927291e-01	1.500471765854069217e-01	2.618908244011790010e-01	1.625489049722562696e-01	7.655196597049174212e-02	3.239677563878383404e-02	8.299468622083813751e-02
1.320711268327892412e+03	2.329892983282975671e-01	1.496571875813178798e-01	2.622618182591778258e-01	1.628101899330756663e-01	7.665696617681211356e-02	3.246779131115081624e-02	8.315674841001682860e-02
1.325549038541547588e+03	2.324123028860559936e-01	1.492693144899397972e-01	2.626305584829653483e-01	1.630700274473102229e-01	7.676141886620806154e-02	3.253848829941705795e-02	8.331788952795231296e-02
1.330386808755202765e+03	2.318386600101950690e-01	1.488835459890978097e-01	2.629970600055275831e-01	1.633284253126958963e-01	7.686532683484574580e-02	3.260886746713531625e-02	8.347811438035128428e-02
1.335224578968857941e+03	2.312683499472973359e-01	1.484998708153442981e-01	2.633613376471966028e-01	1.635853912845075808e-01	7.696869286337011673e-02	3.267892968525895614e-02	8.363742775687384168e-02
1.340062349182513572e+03	2.307013530637249399e-01	1.481182777636758097e-01	2.637234061166429666e-01	1.638409330758215099e-01	7.707151971707067173e-02	3.274867583191249515e-02	8.379583443100029061e-02
1.344900119396168748e+03	2.301376498448496621e-01	1.477387556872514496e-01	2.640832800118594892e-01	1.640950583577757138e-01	7.717381014604286771e-02	3.281810679216688037e-02	8.395333915990262075e-02
1.349737889609823924e+03	2.295772208942882531e-01	1.473612934971119948e-01	2.644409738211348504e-01	1.643477747598278416e-01	7.727556688534553686e-02	3.288722345781951162e-02	8.410994668432064669e-02
1.354575659823479100e+03	2.290200469331434563e-01	1.469858801619003952e-01	2.647965019240180462e-01	1.645990898700109839e-01	7.737679265515416682e-02	3.295602672717879572e-02	8.426566172844274227e-02
1.359413430037134731e+03	2.284661087992504724e-01	1.466125047075831356e-01	2.651498785922732360e-01	1.648490112351871650e-01	7.747749016091041996e-02	3.302451750485310006e-02	8.442048899979098797e-02
1.364251200250789907e+03	2.279153874464288909e-01	1.462411562171728185e-01	2.655011179908253194e-01	1.650975463612988359e-01	7.757766209346776687e-02	3.309269670154418169e-02	8.457443318911070373e-02
1.369088970464445310e+03	2.273678639437399229e-01	1.458718238304516912e-01	2.658502341786961876e-01	1.653447027136179248e-01	7.767731112923371983e-02	3.316056523384480759e-02	8.472749897026427002e-02
1.373926740678100487e+03	2.268235194747490469e-01	1.455044967436963099e-01	2.661972411099319813e-01	1.655904877169931122e-01	7.777643993030834701e-02	3.322812402404055204e-02	8.487969100012913992e-02
1.378764510891755890e+03	2.262823353367940105e-01	1.451391642094033707e-01	2.665421526345211900e-01	1.658349087560947455e-01	7.787505114461951150e-02	3.329537399991573665e-02	8.503101391849995916e-02
1.383602281105411066e+03	2.257442929402578291e-01	1.447758155360165666e-01	2.668849824993034803e-01	1.660779731756577560e-01	7.797314740605483518e-02	3.336231609456331848e-02	8.518147234799476608e-02
1.388440051319066470e+03	2.252093738078472795e-01	1.444144400876543055e-01	2.672257443488700313e-01	1.663196882807226606e-01	7.807073133459038750e-02	3.342895124619870567e-02	8.533107089396517464e-02
1.393277821532721646e+03	2.246775595738763620e-01	1.440550272838388435e-01	2.675644517264548772e-01	1.665600613368744265e-01	7.816780553641644591e-02	3.349528039797740331e-02	8.547981414441027659e-02
1.398115591746377049e+03	2.241488319835548138e-01	1.436975665992263618e-01	2.679011180748170906e-01	1.667990995704792534e-01	7.826437260406016172e-02	3.356130449781639935e-02	8.562770666989452661e-02
1.402953361960032225e+03	2.236231728922819240e-01	1.433420475633380153e-01	2.682357567371149720e-01	1.670368101689196916e-01	7.836043511650543636e-02	3.362702449821924899e-02	8.577475302346929120e-02
1.407791132173687402e+03	2.231005642649451781e-01	1.429884597602921470e-01	2.685683809577711356e-01	1.672732002808274832e-01	7.845599563930996667e-02	3.369244135610469787e-02	8.592095774059797797e-02
1.412628902387342805e+03	2.225809881752237318e-01	1.426367928285376119e-01	2.688990038833292129e-01	1.675082770163147938e-01	7.855105672471958400e-02	3.375755603263885796e-02	8.606632533908484262e-02
1.417466672600997981e+03	2.220644268048972969e-01	1.422870364605881288e-01	2.692276385633018965e-01	1.677420474472031964e-01	7.864562091178005365e-02	3.382236949307079743e-02	8.621086031900725144e-02
1.422304442814653157e+03	2.215508624431594131e-01	1.419391804027577420e-01	2.695542979510111570e-01	1.679745186072512386e-01	7.873969072644630696e-02	3.388688270657153057e-02	8.635456716265130228e-02
1.427142213028308333e+03	2.210402774859357433e-01	1.415932144548971983e-01	2.698789949044195779e-01	1.682056974923796522e-01	7.883326868168921697e-02	3.395109664607625505e-02	8.649745033445101206e-02
1.431979983241963964e+03	2.205326544352073370e-01	1.412491284701315741e-01	2.702017421869539748e-01	1.684355910608952567e-01	7.892635727760005659e-02	3.401501228812986444e-02	8.663951428093052964e-02
1.436817753455619140e+03	2.200279758983383904e-01	1.409069123545989843e-01	2.705225524683204097e-01	1.686642062337126990e-01	7.901895900149269458e-02	3.407863061273561089e-02	8.678076343064980436e-02
1.441655523669274316e+03	2.195262245874088636e-01	1.405665560671902070e-01	2.708414383253115454e-01	1.688915498945744720e-01	7.911107632800344625e-02	3.414195260320682102e-02	8.692120219415321036e-02
1.446493293882929493e+03	2.190273833185518160e-01	1.402280496192894743e-01	2.711584122426057841e-01	1.691176288902693781e-01	7.920271171918895348e-02	3.420497924602169948e-02	8.706083496392148791e-02
1.451331064096585123e+03	2.185314350112951831e-01	1.398913830745162901e-01	2.714734866135586899e-01	1.693424500308489955e-01	7.929386762462191374e-02	3.426771153068105397e-02	8.719966611432644621e-02
1.456168834310240300e+03	2.180383626879084935e-01	1.395565465484683576e-01	2.717866737409865285e-01	1.695660200898426173e-01	7.938454648148476900e-02	3.433015044956896911e-02	8.733770000158885827e-02
1.461006604523895703e+03	2.175481494727537768e-01	1.392235302084655624e-01	2.720979858379417582e-01	1.697883458044703864e-01	7.947475071466157670e-02	3.439229699781628374e-02	8.747494096373918671e-02
1.465844374737550879e+03	2.170607785916413013e-01	1.388923242732948982e-01	2.724074350284816926e-01	1.700094338758549040e-01	7.956448273682779904e-02	3.445415217316689926e-02	8.761139332058104356e-02
1.470682144951206283e+03	2.165762333711895582e-01	1.385629190129566701e-01	2.727150333484285039e-01	1.702292909692309508e-01	7.965374494853852405e-02	3.451571697584680104e-02	8.774706137365756442e-02
1.475519915164861459e+03	2.160944972381897977e-01	1.382353047484115305e-01	2.730207927461223982e-01	1.704479237141538206e-01	7.974253973831475772e-02	3.457699240843573746e-02	8.788194940622044704e-02
1.480357685378516862e+03	2.156155537189751448e-01	1.379094718513287909e-01	2.733247250831674080e-01	1.706653387047058490e-01	7.983086948272806460e-02	3.463797947574152880e-02	8.801606168320166845e-02
1.485195455592172038e+03	2.151393864387937116e-01	1.375854107438355678e-01	2.736268421351693014e-01	1.708815424997015830e-01	7.991873654648352920e-02	3.469867918467699902e-02	8.814940245118774165e-02
1.490033225805827215e+03	2.146659791211864288e-01	1.372631118982671206e-01	2.739271555924667201e-01	1.710965416228910074e-01	8.000614328250120477e-02	3.475909254413932226e-02	8.828197593839662294e-02
1.494870996019482618e+03	2.141953155873688175e-01	1.369425658369182175e-01	2.742256770608547667e-01	1.713103425631616883e-01	8.009309203199593830e-02	3.481922056489195061e-02	8.841378635465704794e-02
1.499708766233137567e+03	2.137273797556173693e-01	1.366237631317955836e-01	2.745224180623017096e-01	1.715229517747388632e-01	8.017958512455572451e-02	3.487906425944884564e-02	8.854483789139028227e-02
1.504546536446793198e+03	2.132621556406600061e-01	1.363066944043712925e-01	2.748173900356584154e-01	1.717343756773845043e-01	8.026562487821864433e-02	3.493862464196118012e-02	8.867513472159431476e-02
1.509384306660448374e+03	2.127996273530707028e-01	1.359913503253372957e-01	2.751106043373607868e-01	1.719446206565944657e-01	8.035121359954834619e-02	3.499790272810628794e-02	8.880468099983039598e-02
1.514222076874103550e+03	2.123397790986683298e-01	1.356777216143609799e-01	2.754020722421255951e-01	1.721536930637944940e-01	8.043635358370823663e-02	3.505689953497893169e-02	8.893348086221176951e-02
1.519059847087758726e+03	2.118825951779194361e-01	1.353657990398416389e-01	2.756918049436389295e-01	1.723615992165345445e-01	8.052104711453425545e-02	3.511561608098475590e-02	8.906153842639469298e-02
1.523897617301414357e+03	2.114280599853455844e-01	1.350555734186683066e-01	2.759798135552384291e-01	1.725683453986816829e-01	8.060529646460656839e-02	3.517405338573600937e-02	8.918885779157165183e-02
1.528735387515069533e+03	2.109761580089342115e-01	1.347470356159782556e-01	2.762661091105884092e-01	1.727739378606115983e-01	8.068910389531978866e-02	3.523221246994929362e-02	8.931544303846664090e-02
1.533573157728724709e+03	2.105268738295538733e-01	1.344401765449168284e-01	2.765507025643484940e-01	1.729783828193987016e-01	8.077247165695218556e-02	3.529009435534550404e-02	8.944129822933262475e-02
1.538410927942380113e+03	2.100801921203732936e-01	1.341349871663979898e-01	2.768336047928355859e-01	1.731816864590048077e-01	8.085540198873367168e-02	3.534770006455181107e-02	8.956642740795098256e-02
1.543248698156035516e+03	2.096360976462846026e-01	1.338314584888662673e-01	2.771148265946796752e-01	1.733838549304664578e-01	8.093789711891268002e-02	3.540503062100562592e-02	8.969083459963285432e-02
1.548086468369690692e+03	2.091945752633301847e-01	1.335295815680594689e-01	2.773943786914725429e-01	1.735848943520807430e-01	8.101995926482197241e-02	3.546208704886057855e-02	8.981452381122262407e-02
1.552924238583346096e+03	2.087556099181336888e-01	1.332293475067725663e-01	2.776722717284109132e-01	1.737848108095900457e-01	8.110159063294335169e-02	3.551887037289442467e-02	8.993749903110312416e-02
1.557762008797001272e+03	2.083191866473347864e-01	1.329307474546224110e-01	2.779485162749326110e-01	1.739836103563651704e-01	8.118279341897143009e-02	3.557538161841886093e-02	9.005976422920279612e-02
1.562599779010656675e+03	2.078852905770278148e-01	1.326337726078138379e-01	2.782231228253470023e-01	1.741812990135872263e-01	8.126356980787637074e-02	3.563162181119120669e-02	9.018132335700464186e-02
1.567437549224311852e+03	2.074539069222042231e-01	1.323384142089062687e-01	2.784961017994587729e-01	1.743778827704283718e-01	8.134392197396565771e-02	3.568759197732789684e-02	9.030218034755690959e-02
1.572275319437967255e+03	2.070250209861987101e-01	1.320446635465818419e-01	2.787674635431861003e-01	1.745733675842310040e-01	8.142385208094500559e-02	3.574329314321980644e-02	9.042233911548555603e-02
1.577113089651622431e+03	2.065986181601393024e-01	1.317525119554142643e-01	2.790372183291726649e-01	1.747677593806858665e-01	8.150336228197829769e-02	3.579872633544928934e-02	9.054180355700837401e-02
1.581950859865277607e+03	2.061746839224009309e-01	1.314619508156388006e-01	2.793053763573931647e-01	1.749610640540087136e-01	8.158245471974671925e-02	3.585389258070899310e-02	9.066057754995075768e-02
1.586788630078933011e+03	2.057532038380627537e-01	1.311729715529231233e-01	2.795719477557537247e-01	1.751532874671159756e-01	8.166113152650703033e-02	3.590879290572232541e-02	9.077866495376310518e-02
1.591626400292587959e+03	2.053341635583693647e-01	1.308855656381393839e-01	2.798369425806859212e-01	1.753444354517990078e-01	8.173939482414901980e-02	3.596342833716559967e-02	9.089606960953976189e-02
1.596464170506243590e+03	2.049175488201952222e-01	1.305997245871370893e-01	2.801003708177353113e-01	1.755345138088970358e-01	8.181724672425214062e-02	3.601779990159182515e-02	9.101279534003946237e-02
1.601301940719898766e+03	2.045033454455129907e-01	1.303154399605171432e-01	2.803622423821439114e-01	1.757235283084690458e-01	8.189468932814147895e-02	3.607190862535604448e-02	9.112884594970740992e-02
1.606139710933553943e+03	2.040915393408654077e-01	1.300327033634067764e-01	2.806225671194274573e-01	1.759114846899646201e-01	8.197172472694286283e-02	3.612575553454232258e-02	9.124422522469861907e-02
1.610977481147209119e+03	2.036821164968405928e-01	1.297515064452355316e-01	2.808813548059465592e-01	1.760983886623930517e-01	8.204835500163730477e-02	3.617934165489218590e-02	9.135893693290281226e-02
1.615815251360864750e+03	2.032750629875509640e-01	1.294718408995122472e-01	2.811386151494728036e-01	1.762842459044920429e-01	8.212458222311475042e-02	3.623266801173461588e-02	9.147298482397066277e-02
1.620653021574519926e+03	2.028703649701155409e-01	1.291936984636029850e-01	2.813943577897490278e-01	1.764690620648944608e-01	8.220040845222717496e-02	3.628573562991752044e-02	9.158637262934138379e-02
1.625490791788175102e+03	2.024680086841458837e-01	1.289170709185099850e-01	2.816485922990443758e-01	1.766528427622945652e-01	8.227583573984098564e-02	3.633854553374067653e-02	9.169910406227159416e-02
1.630328562001830505e+03	2.020679804512353350e-01	1.286419500886516187e-01	2.819013281827038586e-01	1.768355935856128491e-01	8.235086612688877206e-02	3.639109874689004653e-02	9.181118281786559976e-02
1.635166332215485909e+03	2.016702666744516759e-01	1.283683278416433426e-01	2.821525748796925859e-01	1.770173200941596026e-01	8.242550164442050131e-02	3.644339629237352413e-02	9.192261257310677114e-02
1.640004102429141085e+03	2.012748538378332508e-01	1.280961960880795114e-01	2.824023417631351118e-01	1.771980278177976986e-01	8.249974431365404703e-02	3.649543919245808177e-02	9.203339698689025350e-02
1.644841872642796488e+03	2.008817285058883129e-01	1.278255467813163848e-01	2.826506381408490087e-01	1.773777222571040479e-01	8.257359614602521880e-02	3.654722846860820884e-02	9.214353970005677297e-02
1.649679642856451665e+03	2.004908773230977548e-01	1.275563719172558841e-01	2.828974732558737215e-01	1.775564088835300258e-01	8.264705914323713931e-02	3.659876514142570286e-02	9.225304433542766414e-02
1.654517413070107068e+03	2.001022870134213372e-01	1.272886635341305139e-01	2.831428562869941490e-01	1.777340931395608725e-01	8.272013529730914971e-02	3.665005023059076522e-02	9.236191449784104945e-02
1.659355183283762244e+03	1.997159443798069145e-01	1.270224137122891173e-01	2.833867963492593955e-01	1.779107804388739278e-01	8.279282659062511818e-02	3.670108475480435284e-02	9.247015377418894844e-02
1.664192953497417420e+03	1.993318363037030472e-01	1.267576145739836846e-01	2.836293024944964714e-01	1.780864761664958107e-01	8.286513499598127663e-02	3.675186973173177885e-02	9.257776573345571913e-02
1.669030723711072824e+03	1.989499497445748333e-01	1.264942582831570517e-01	2.838703837118186635e-01	1.782611856789587668e-01	8.293706247663358566e-02	3.680240617794755531e-02	9.268475392675726288e-02
1.673868493924728000e+03	1.985702717394228489e-01	1.262323370452317350e-01	2.841100489281299102e-01	1.784349143044557384e-01	8.300861098634453039e-02	3.685269510888143640e-02	9.279112188738147804e-02
1.678706264138383403e+03	1.981927894023056136e-01	1.259718431068993783e-01	2.843483070086236242e-01	1.786076673429944639e-01	8.307978246942950007e-02	3.690273753876561341e-02	9.289687313082953257e-02
1.683544034352038352e+03	1.978174899238646922e-01	1.257127687559115858e-01	2.845851667572768529e-01	1.787794500665506048e-01	8.315057886080269578e-02	3.695253448058311019e-02	9.300201115485809411e-02
1.688381804565693983e+03	1.974443605708534055e-01	1.254551063208714512e-01	2.848206369173401642e-01	1.789502677192199853e-01	8.322100208602263571e-02	3.700208694601732351e-02	9.310653943952265643e-02
1.693219574779349159e+03	1.970733886856683714e-01	1.251988481710260004e-01	2.850547261718224257e-01	1.791201255173695550e-01	8.329105406133710532e-02	3.705139594540261816e-02	9.321046144722153204e-02
1.698057344993004335e+03	1.967045616858841273e-01	1.249439867160598017e-01	2.852874431439711422e-01	1.792890286497876573e-01	8.336073669372785766e-02	3.710046248767609467e-02	9.331378062274089946e-02
1.702895115206659511e+03	1.963378670637910550e-01	1.246905144058892967e-01	2.855187963977483534e-01	1.794569822778331325e-01	8.343005188095475866e-02	3.714928758033035627e-02	9.341650039330064159e-02
1.707732885420315142e+03	1.959732923859361098e-01	1.244384237304581864e-01	2.857487944383017009e-01	1.796239915355835326e-01	8.349900151159962702e-02	3.719787222936742771e-02	9.351862416860101668e-02
1.712570655633970318e+03	1.956108252926666291e-01	1.241877072195338161e-01	2.859774457124313884e-01	1.797900615299823923e-01	8.356758746510963010e-02	3.724621743925363854e-02	9.362015534087007873e-02
1.717408425847625494e+03	1.952504534976771955e-01	1.239383574425043100e-01	2.862047586090526452e-01	1.799551973409855565e-01	8.363581161184034662e-02	3.729432421287553340e-02	9.372109728491195835e-02
1.722246196061280898e+03	1.948921647875594687e-01	1.236903670081768158e-01	2.864307414596535817e-01	1.801194040217065639e-01	8.370367581309841321e-02	3.734219355149683006e-02	9.382145335815586518e-02
1.727083966274936301e+03	1.945359470213548492e-01	1.234437285645766380e-01	2.866554025387490490e-01	1.802826865985610039e-01	8.377118192118389317e-02	3.738982645471628646e-02	9.392122690070579816e-02
1.731921736488591478e+03	1.941817881301101667e-01	1.231984347987472028e-01	2.868787500643301125e-01	1.804450500714101790e-01	8.383833177943218751e-02	3.743722392042663633e-02	9.402042123539101903e-02
1.736759506702246881e+03	1.938296761164363669e-01	1.229544784365511206e-01	2.871007921983091404e-01	1.806064994137036028e-01	8.390512722225575148e-02	3.748438694477434358e-02	9.411903966781717812e-02
1.741597276915902057e+03	1.934795990540698896e-01	1.227118522424719554e-01	2.873215370469609509e-01	1.807670395726208856e-01	8.397157007518532557e-02	3.753131652212039066e-02	9.421708548641807845e-02
1.746435047129557461e+03	1.931315450874369621e-01	1.224705490194171603e-01	2.875409926613599065e-01	1.809266754692124002e-01	8.403766215491099978e-02	3.757801364500193420e-02	9.431456196250813384e-02
1.751272817343212637e+03	1.927855024312209176e-01	1.222305616085217345e-01	2.877591670378123467e-01	1.810854119985393085e-01	8.410340526932279237e-02	3.762447930409488356e-02	9.441147235033546525e-02
1.756110587556867813e+03	1.924414593699320386e-01	1.219918828889528239e-01	2.879760681182858550e-01	1.812432540298126449e-01	8.416880121755115907e-02	3.767071448817731899e-02	9.450781988713555237e-02
1.760948357770523216e+03	1.920994042574804828e-01	1.217545057777152939e-01	2.881917037908339196e-01	1.814002064065315112e-01	8.423385179000694722e-02	3.771672018409379795e-02	9.460360779318549573e-02
1.765786127984178393e+03	1.917593255167517885e-01	1.215184232294582306e-01	2.884060818900163747e-01	1.815562739466204389e-01	8.429855876842122508e-02	3.776249737672053575e-02	9.469883927185882011e-02
1.770623898197833569e+03	1.914212116391852680e-01	1.212836282362822204e-01	2.886192101973169555e-01	1.817114614425658914e-01	8.436292392588481959e-02	3.780804704893137025e-02	9.479351750968087464e-02
1.775461668411488745e+03	1.910850511843550925e-01	1.210501138275476701e-01	2.888310964415559123e-01	1.818657736615519327e-01	8.442694902688752112e-02	3.785337018156459399e-02	9.488764567638470482e-02
1.780299438625144376e+03	1.907508327795539860e-01	1.208178730696838898e-01	2.890417482992995168e-01	1.820192153455949535e-01	8.449063582735705236e-02	3.789846775339057033e-02	9.498122692496745179e-02
1.785137208838799552e+03	1.904185451193798895e-01	1.205868990659992035e-01	2.892511733952652930e-01	1.821717912116778415e-01	8.455398607469778727e-02	3.794334074108009214e-02	9.507426439174727906e-02
1.789974979052454728e+03	1.900881769653250397e-01	1.203571849564918639e-01	2.894593793027239181e-01	1.823235059518830692e-01	8.461700150782913710e-02	3.798799011917362162e-02	9.516676119642071552e-02
1.794812749266109904e+03	1.897597171453677956e-01	1.201287239176618837e-01	2.896663735438970710e-01	1.824743642335250049e-01	8.467968385722386693e-02	3.803241686005120331e-02	9.525872044212048417e-02
1.799650519479765535e+03	1.894331545535672678e-01	1.199015091623237272e-01	2.898721635903518945e-01	1.826243706992815852e-01	8.474203484494595429e-02	3.807662193390315419e-02	9.535014521547380273e-02
1.804488289693420711e+03	1.891084781496602252e-01	1.196755339394199175e-01	2.900767568633914051e-01	1.827735299673249880e-01	8.480405618468833673e-02	3.812060630870148237e-02	9.544103858666096174e-02
1.809326059907075887e+03	1.887856769586610250e-01	1.194507915338355597e-01	2.902801607344421275e-01	1.829218466314516400e-01	8.486574958181038186e-02	3.816437095017205516e-02	9.553140360947454113e-02
1.814163830120731291e+03	1.884647400704637099e-01	1.192272752662135865e-01	2.904823825254370662e-01	1.830693252612114741e-01	8.492711673337520473e-02	3.820791682176743337e-02	9.562124332137884875e-02
1.819001600334386467e+03	1.881456566394470453e-01	1.190049784927710436e-01	2.906834295091962339e-01	1.832159704020361601e-01	8.498815932818661045e-02	3.825124488464044792e-02	9.571056074356976140e-02
1.823839370548041643e+03	1.878284158840818341e-01	1.187838946051162081e-01	2.908833089098029623e-01	1.833617865753669751e-01	8.504887904682599531e-02	3.829435609761841497e-02	9.579935888103495445e-02
1.828677140761696819e+03	1.875130070865408394e-01	1.185640170300664570e-01	2.910820279029771029e-01	1.835067782787815349e-01	8.510927756168891467e-02	3.833725141717804485e-02	9.588764072261442284e-02
1.833514910975352450e+03	1.871994195923113169e-01	1.183453392294671891e-01	2.912795936164448984e-01	1.836509499861199435e-01	8.516935653702145670e-02	3.837993179742103106e-02	9.597540924106147397e-02
1.838352681189008081e+03	1.868876428098099063e-01	1.181278547000113865e-01	2.914760131303051893e-01	1.837943061476102480e-01	8.522911762895650500e-02	3.842239819005024287e-02	9.606266739310380387e-02
1.843190451402663257e+03	1.865776662100000760e-01	1.179115569730602858e-01	2.916712934773925681e-01	1.839368511899929504e-01	8.528856248554966824e-02	3.846465154434659112e-02	9.614941811950510064e-02
1.848028221616318433e+03	1.862694793260120107e-01	1.176964396144646735e-01	2.918654416436372023e-01	1.840785895166449082e-01	8.534769274681509865e-02	3.850669280714649062e-02	9.623566434512681456e-02
1.852865991829973609e+03	1.859630717527649135e-01	1.174824962243871396e-01	2.920584645684212166e-01	1.842195255077026805e-01	8.540651004476110253e-02	3.854852292281996107e-02	9.632140897899019172e-02
1.857703762043628785e+03	1.856584331465917781e-01	1.172697204371251772e-01	2.922503691449319096e-01	1.843596635201847633e-01	8.546501600342557015e-02	3.859014283324933847e-02	9.640665491433866863e-02
1.862541532257283961e+03	1.853555532248664928e-01	1.170581059209351571e-01	2.924411622205120853e-01	1.844990078881133810e-01	8.552321223891115598e-02	3.863155347780852789e-02	9.649140502870036384e-02
1.867379302470939592e+03	1.850544217656334145e-01	1.168476463778569951e-01	2.926308505970069973e-01	1.846375629226355009e-01	8.558110035942038951e-02	3.867275579334290836e-02	9.657566218395098601e-02
1.872217072684594768e+03	1.847550286072392467e-01	1.166383355435399033e-01	2.928194410311077966e-01	1.847753329121431531e-01	8.563868196529052235e-02	3.871375071414975139e-02	9.665942922637679735e-02
1.877054842898249490e+03	1.844573636479673595e-01	1.164301671870686949e-01	2.930069402346928142e-01	1.849123221223930025e-01	8.569595864902822269e-02	3.875453917195922221e-02	9.674270898673786867e-02
1.881892613111905121e+03	1.841614168456743028e-01	1.162231351107911315e-01	2.931933548751648466e-01	1.850485347966252803e-01	8.575293199534413102e-02	3.879512209591592931e-02	9.682550428033155632e-02
1.886730383325560297e+03	1.838671782174288449e-01	1.160172331501460874e-01	2.933786915757859437e-01	1.851839751556819680e-01	8.580960358118717990e-02	3.883550041256105673e-02	9.690781790705613186e-02
1.891568153539215928e+03	1.835746378391530931e-01	1.158124551734923124e-01	2.935629569160091434e-01	1.853186473981243143e-01	8.586597497577880267e-02	3.887567504581494054e-02	9.698965265147455050e-02
1.896405923752871104e+03	1.832837858452660562e-01	1.156087950819383869e-01	2.937461574318072088e-01	1.854525557003498248e-01	8.592204774064698958e-02	3.891564691696024897e-02	9.707101128287846936e-02
1.901243693966526507e+03	1.829946124283294839e-01	1.154062468091731491e-01	2.939282996159982009e-01	1.855857042167083082e-01	8.597782342966010793e-02	3.895541694462564819e-02	9.715189655535233504e-02
1.906081464180181683e+03	1.827071078386958425e-01	1.152048043212971079e-01	2.941093899185685534e-01	1.857180970796174502e-01	8.603330358906068065e-02	3.899498604476994007e-02	9.723231120783765169e-02
1.910919234393836859e+03	1.824212623841586223e-01	1.150044616166547018e-01	2.942894347469932059e-01	1.858497383996776386e-01	8.608848975749888721e-02	3.903435513066674106e-02	9.731225796419744334e-02
1.915757004607492036e+03	1.821370664296048103e-01	1.148052127256672245e-01	2.944684404665525723e-01	1.859806322657862332e-01	8.614338346606598140e-02	3.907352511288966768e-02	9.739173953328070232e-02
1.920594774821147894e+03	1.818545103966697496e-01	1.146070517106667214e-01	2.946464134006471780e-01	1.861107827452510299e-01	8.619798623832758411e-02	3.911249689929788970e-02	9.747075860898705979e-02
1.925432545034802843e+03	1.815735847633938582e-01	1.144099726657305388e-01	2.948233598311089665e-01	1.862401938839032267e-01	8.625229959035672633e-02	3.915127139502228709e-02	9.754931787033155333e-02
1.930270315248458019e+03	1.812942800638819296e-01	1.142139697165167889e-01	2.949992859985104410e-01	1.863688697062097221e-01	8.630632503076689221e-02	3.918984950245198162e-02	9.762741998150942235e-02
1.935108085462113195e+03	1.810165868879642648e-01	1.140190370201005499e-01	2.951741981024706973e-01	1.864968142153845820e-01	8.636006406074475672e-02	3.922823212122134029e-02	9.770506759196100066e-02
1.939945855675768371e+03	1.807404958808600526e-01	1.138251687648108718e-01	2.953481023019588481e-01	1.866240313935002559e-01	8.641351817408292335e-02	3.926642014819744370e-02	9.778226333643676160e-02
1.944783625889424002e+03	1.804659977428430262e-01	1.136323591700685726e-01	2.955210047155950592e-01	1.867505252015977668e-01	8.646668885721241204e-02	3.930441447746797073e-02	9.785900983506236328e-02
1.949621396103079178e+03	1.801930832289090623e-01	1.134406024862248119e-01	2.956929114219483679e-01	1.868762995797965398e-01	8.651957758923507769e-02	3.934221600032952043e-02	9.793530969340374925e-02
1.954459166316734354e+03	1.799217431484459451e-01	1.132498929944004695e-01	2.958638284598325008e-01	1.870013584474035928e-01	8.657218584195587596e-02	3.937982560527634318e-02	9.801116550253231863e-02
1.959296936530389530e+03	1.796519683649052124e-01	1.130602250063263703e-01	2.960337618285989181e-01	1.871257057030219773e-01	8.662451507991500432e-02	3.941724417798951607e-02	9.808657983909011002e-02
1.964134706744044706e+03	1.793837497954761384e-01	1.128715928641840643e-01	2.962027174884268588e-01	1.872493452246586920e-01	8.667656676041986252e-02	3.945447260132647210e-02	9.816155526535506881e-02
1.968972476957700337e+03	1.791170784107616043e-01	1.126839909404476481e-01	2.963707013606116103e-01	1.873722808698320419e-01	8.672834233357692990e-02	3.949151175531098734e-02	9.823609432930628660e-02
1.973810247171355968e+03	1.788519452344562721e-01	1.124974136377261957e-01	2.965377193278500023e-01	1.874945164756783300e-01	8.677984324232350388e-02	3.952836251712352894e-02	9.831019956468928234e-02
1.978648017385010689e+03	1.785883413430266187e-01	1.123118553886070098e-01	2.967037772345229030e-01	1.876160558590580507e-01	8.683107092245928582e-02	3.956502576109197089e-02	9.838387349108129731e-02
1.983485787598666320e+03	1.783262578653929675e-01	1.121273106554996762e-01	2.968688808869760498e-01	1.877369028166612497e-01	8.688202680267791134e-02	3.960150235868273305e-02	9.845711861395656239e-02
1.988323557812321269e+03	1.780656859826135752e-01	1.119437739304807167e-01	2.970330360537980496e-01	1.878570611251127453e-01	8.693271230459821697e-02	3.963779317849225325e-02	9.852993742475159300e-02
1.993161328025976900e+03	1.778066169275708264e-01	1.117612397351392256e-01	2.971962484660960468e-01	1.879765345410761845e-01	8.698312884279554846e-02	3.967389908623884104e-02	9.860233240093044249e-02
1.997999098239632076e+03	1.775490419846591228e-01	1.115797026204231046e-01	2.973585238177690049e-01	1.880953268013581536e-01	8.703327782483281927e-02	3.970982094475489915e-02	9.867430600604996938e-02
2.002836868453287707e+03	1.772929524894750752e-01	1.113991571664861430e-01	2.975198677657785451e-01	1.882134416230111795e-01	8.708316065129151351e-02	3.974555961397945036e-02	9.874586068982504905e-02
2.007674638666942428e+03	1.770383398285094168e-01	1.112195979825357783e-01	2.976802859304178983e-01	1.883308827034364530e-01	8.713277871580253631e-02	3.978111595095108755e-02	9.881699888819375777e-02
2.012512408880597604e+03	1.767851954388408309e-01	1.110410197066816484e-01	2.978397838955778032e-01	1.884476537204859692e-01	8.718213340507696696e-02	3.981649080980117356e-02	9.888772302338250109e-02
2.017350179094252780e+03	1.765335108078318893e-01	1.108634170057848228e-01	2.979983672090109059e-01	1.885637583325640021e-01	8.723122609893667334e-02	3.985168504174742971e-02	9.895803550397118398e-02
2.022187949307908411e+03	1.762832774728267382e-01	1.106867845753078811e-01	2.981560413825933287e-01	1.886792001787280793e-01	8.728005817034484304e-02	3.988669949508787116e-02	9.902793872495818661e-02
2.027025719521564042e+03	1.760344870208507273e-01	1.105111171391656433e-01	2.983128118925842953e-01	1.887939828787895125e-01	8.732863098543633407e-02	3.992153501519499215e-02	9.909743506782540956e-02
2.031863489735218764e+03	1.757871310883120652e-01	1.103364094495766501e-01	2.984686841798835921e-01	1.889081100334131236e-01	8.737694590354798396e-02	3.995619244451031893e-02	9.916652690060316633e-02
2.036701259948874394e+03	1.755412013607050015e-01	1.101626562869153780e-01	2.986236636502866415e-01	1.890215852242167205e-01	8.742500427724878009e-02	3.999067262253926808e-02	9.923521657793506201e-02
2.041539030162529116e+03	1.752966895723152563e-01	1.099898524595652738e-01	2.987777556747375218e-01	1.891344120138698237e-01	8.747280745236986343e-02	4.002497638584628925e-02	9.930350644114277481e-02
2.046376800376184747e+03	1.750535875059270330e-01	1.098179928037722880e-01	2.989309655895799334e-01	1.892465939461920321e-01	8.752035676803449071e-02	4.005910456805031328e-02	9.937139881829075427e-02
2.051214570589840150e+03	1.748118869925320007e-01	1.096470721834993944e-01	2.990832986968056662e-01	1.893581345462505561e-01	8.756765355668787165e-02	4.009305799982049862e-02	9.943889602425085017e-02
2.056052340803495554e+03	1.745715799110399702e-01	1.094770854902816642e-01	2.992347602643016247e-01	1.894690373204575562e-01	8.761469914412688131e-02	4.012683750887226231e-02	9.950600036076685806e-02
2.060890111017150957e+03	1.743326581879915682e-01	1.093080276430820619e-01	2.993853555260942434e-01	1.895793057566668438e-01	8.766149484952963367e-02	4.016044391996360235e-02	9.957271411651889836e-02
2.065727881230805451e+03	1.740951137972725216e-01	1.091398935881480459e-01	2.995350896825917930e-01	1.896889433242700540e-01	8.770804198548498576e-02	4.019387805489166993e-02	9.963903956718780930e-02
2.070565651444461309e+03	1.738589387598298841e-01	1.089726782988687803e-01	2.996839679008251878e-01	1.897979534742921526e-01	8.775434185802191700e-02	4.022714073248963296e-02	9.970497897551930389e-02
2.075403421658116713e+03	1.736241251433897903e-01	1.088063767756331374e-01	2.998319953146863504e-01	1.899063396394867209e-01	8.780039576663886680e-02	4.026023276862382427e-02	9.977053459138815472e-02
2.080241191871772116e+03	1.733906650621772905e-01	1.086409840456883241e-01	2.999791770251646894e-01	1.900141052344304082e-01	8.784620500433278079e-02	4.029315497619111175e-02	9.983570865186217058e-02
2.085078962085427065e+03	1.731585506766377958e-01	1.084764951629992730e-01	3.001255181005815231e-01	1.901212536556172172e-01	8.789177085762832353e-02	4.032590816511654602e-02	9.990050338126604812e-02
2.089916732299082469e+03	1.729277741931601053e-01	1.083129052081086841e-01	3.002710235768226155e-01	1.902277882815520405e-01	8.793709460660671662e-02	4.035849314235127189e-02	9.996492099124519581e-02
2.094754502512737417e+03	1.726983278638013486e-01	1.081502092879977894e-01	3.004156984575691025e-01	1.903337124728437246e-01	8.798217752493464605e-02	4.039091071187066867e-02	1.000289636808293081e-01
2.099592272726392821e+03	1.724702039860136482e-01	1.079884025359478389e-01	3.005595477145257544e-01	1.904390295722977189e-01	8.802702087989294766e-02	4.042316167467274041e-02	1.000926336364958980e-01
2.104430042940048224e+03	1.722433949023723931e-01	1.078274801114021963e-01	3.007025762876479602e-01	1.905437429050082510e-01	8.807162593240538961e-02	4.045524682877673500e-02	1.001559330322336211e-01
2.109267813153704083e+03	1.720178930003061490e-01	1.076674371998291718e-01	3.008447890853667150e-01	1.906478557784498373e-01	8.811599393706701089e-02	4.048716696922202707e-02	1.002188640296055727e-01
2.114105583367359031e+03	1.717936907118284839e-01	1.075082690125855472e-01	3.009861909848117190e-01	1.907513714825685158e-01	8.816012614217272336e-02	4.051892288806720199e-02	1.002814287778123065e-01
2.118943353581013525e+03	1.715707805132711816e-01	1.073499707867807129e-01	3.011267868320323671e-01	1.908542932898724953e-01	8.820402378974558089e-02	4.055051537438934817e-02	1.003436294137548118e-01
2.123781123794669384e+03	1.713491549250193147e-01	1.071925377851416228e-01	3.012665814422173516e-01	1.909566244555223058e-01	8.824768811556499282e-02	4.058194521428362678e-02	1.004054680620972695e-01
2.128618894008324787e+03	1.711288065112479273e-01	1.070359652958782493e-01	3.014055795999122100e-01	1.910583682174204767e-01	8.829112034919486818e-02	4.061321319086301507e-02	1.004669468353297096e-01
2.133456664221980191e+03	1.709097278796601338e-01	1.068802486325498291e-01	3.015437860592351527e-01	1.911595277963008543e-01	8.833432171401164879e-02	4.064432008425827858e-02	1.005280678338304756e-01
2.138294434435635139e+03	1.706919116812272708e-01	1.067253831339316922e-01	3.016812055440911133e-01	1.912601063958173087e-01	8.837729342723225912e-02	4.067526667161813769e-02	1.005888331459285634e-01
2.143132204649290543e+03	1.704753506099302707e-01	1.065713641638829229e-01	3.018178427483839132e-01	1.913601072026319683e-01	8.842003669994184800e-02	4.070605372710967007e-02	1.006492448479657242e-01
2.147969974862945492e+03	1.702600374025027563e-01	1.064181871112144240e-01	3.019537023362270922e-01	1.914595333865031224e-01	8.846255273712159972e-02	4.073668202191885190e-02	1.007093050043585125e-01
2.152807745076601350e+03	1.700459648381758559e-01	1.062658473895578548e-01	3.020887889421522976e-01	1.915583881003725397e-01	8.850484273767630916e-02	4.076715232425136975e-02	1.007690156676600696e-01
2.157645515290255844e+03	1.698331257384244064e-01	1.061143404372351107e-01	3.022231071713170070e-01	1.916566744804524547e-01	8.854690789446195698e-02	4.079746539933359201e-02	1.008283788786217827e-01
2.162483285503912157e+03	1.696215129667148769e-01	1.059636617171285794e-01	3.023566615997094198e-01	1.917543956463118870e-01	8.858874939431309048e-02	4.082762200941372072e-02	1.008873966662547361e-01
2.167321055717567106e+03	1.694111194282548194e-01	1.058138067165518420e-01	3.024894567743526275e-01	1.918515547009627120e-01	8.863036841807013511e-02	4.085762291376313776e-02	1.009460710478910367e-01
2.172158825931222509e+03	1.692019380697437070e-01	1.056647709471212754e-01	3.026214972135066184e-01	1.919481547309451752e-01	8.867176614060669204e-02	4.088746886867793140e-02	1.010044040292448903e-01
2.176996596144877003e+03	1.689939618791256593e-01	1.055165499446280158e-01	3.027527874068687841e-01	1.920441988064130467e-01	8.871294373085664153e-02	4.091716062748061711e-02	1.010623976044735667e-01
2.181834366358532861e+03	1.687871838853432782e-01	1.053691392689108802e-01	3.028833318157727605e-01	1.921396899812181647e-01	8.875390235184113519e-02	4.094669894052199721e-02	1.011200537562381430e-01
2.186672136572187810e+03	1.685815971580933437e-01	1.052225345037296339e-01	3.030131348733857144e-01	1.922346312929947842e-01	8.879464316069557439e-02	4.097608455518324949e-02	1.011773744557640381e-01
2.191509906785843214e+03	1.683771948075838132e-01	1.050767312566390776e-01	3.031422009849041310e-01	1.923290257632432332e-01	8.883516730869649158e-02	4.100531821587811293e-02	1.012343616629014370e-01
2.196347676999498617e+03	1.681739699842925151e-01	1.049317251588637312e-01	3.032705345277478259e-01	1.924228763974132894e-01	8.887547594128819561e-02	4.103440066405531633e-02	1.012910173261853675e-01
2.201185447213154021e+03	1.679719158787270628e-01	1.047875118651730858e-01	3.033981398517526240e-01	1.925161861849871148e-01	8.891557019810948648e-02	4.106333263820108326e-02	1.013473433828958048e-01
2.206023217426809424e+03	1.677710257211864620e-01	1.046440870537575507e-01	3.035250212793611513e-01	1.926089580995616612e-01	8.895545121302018965e-02	4.109211487384187983e-02	1.014033417591173603e-01
2.210860987640464373e+03	1.675712927815241893e-01	1.045014464261049825e-01	3.036511831058125166e-01	1.927011950989307720e-01	8.899512011412760715e-02	4.112074810354724580e-02	1.014590143697989277e-01
2.215698757854119776e+03	1.673727103689125473e-01	1.043595857068779081e-01	3.037766295993302168e-01	1.927929001251667274e-01	8.903457802381289921e-02	4.114923305693282685e-02	1.015143631188130530e-01
2.220536528067775180e+03	1.671752718316086572e-01	1.042185006437912481e-01	3.039013650013087098e-01	1.928840761047015129e-01	8.907382605875732717e-02	4.117757046066353871e-02	1.015693898990151361e-01
2.225374298281430583e+03	1.669789705567218396e-01	1.040781870074908022e-01	3.040253935264982110e-01	1.929747259484075883e-01	8.911286532996839926e-02	4.120576103845688398e-02	1.016240965923023987e-01
2.230212068495085077e+03	1.667837999699822993e-01	1.039386405914321521e-01	3.041487193631883801e-01	1.930648525516781844e-01	8.915169694280598855e-02	4.123380551108639380e-02	1.016784850696726555e-01
2.235049838708740936e+03	1.665897535355115866e-01	1.037998572117603963e-01	3.042713466733903971e-01	1.931544587945072111e-01	8.919032199700829833e-02	4.126170459638522914e-02	1.017325571912829213e-01
2.239887608922396339e+03	1.663968247555939473e-01	1.036618327071903573e-01	3.043932795930174851e-01	1.932435475415689718e-01	8.922874158671775802e-02	4.128945900924990003e-02	1.017863148065077245e-01
2.244725379136052197e+03	1.662050071704495036e-01	1.035245629388874128e-01	3.045145222320640443e-01	1.933321216422970168e-01	8.926695680050678039e-02	4.131706946164414446e-02	1.018397597539972971e-01
2.249563149349706237e+03	1.660142943580087127e-01	1.033880437903489380e-01	3.046350786747835104e-01	1.934201839309630522e-01	8.930496872140347708e-02	4.134453666260293897e-02	1.018928938617355145e-01
2.254400919563362095e+03	1.658246799336881572e-01	1.032522711672863858e-01	3.047549529798649348e-01	1.935077372267551832e-01	8.934277842691727700e-02	4.137186131823659269e-02	1.019457189470975855e-01
2.259238689777017044e+03	1.656361575501677230e-01	1.031172409975079085e-01	3.048741491806076787e-01	1.935947843338557406e-01	8.938038698906443369e-02	4.139904413173502856e-02	1.019982368169076170e-01
2.264076459990672902e+03	1.654487208971690826e-01	1.029829492308015626e-01	3.049926712850951072e-01	1.936813280415189131e-01	8.941779547439342168e-02	4.142608580337214796e-02	1.020504492674959018e-01
