1.001418434226643626e+03	2.858100705945644804e-01	1.690942827477818489e-01	2.343382788229162739e-01	1.420013083766801798e-01	6.959067062985514751e-02	2.817577749358445016e-02	7.098961133460968131e-02
1.002869765290740247e+03	2.855457693681466291e-01	1.689370606469561276e-01	2.345115955536789254e-01	1.421089583674917389e-01	6.963515119019800248e-02	2.820309781663649790e-02	7.105836705688413357e-02
1.004321096354836754e+03	2.852819267713528895e-01	1.687801113759038185e-01	2.346845936904340957e-01	1.422164217742352965e-01	6.967955616556234522e-02	2.823038434248146406e-02	7.112700588002222879e-02
1.005772427418933376e+03	2.850185420060272201e-01	1.686234344597693779e-01	2.348572738159451501e-01	1.423236989607442604e-01	6.972388569456494656e-02	2.825763708074142608e-02	7.119552798219974665e-02
1.007223758483029997e+03	2.847556142754144037e-01	1.684670294245308175e-01	2.350296365118572373e-01	1.424307902899174805e-01	6.976813991551816807e-02	2.828485604122142269e-02	7.126393354153265358e-02
1.008675089547126618e+03	2.844931427841570493e-01	1.683108957969982056e-01	2.352016823586999816e-01	1.425376961237229123e-01	6.981231896643085022e-02	2.831204123390827429e-02	7.133222273607489616e-02
1.010126420611223239e+03	2.842311267382935380e-01	1.681550331048121683e-01	2.353734119358902310e-01	1.426444168232013643e-01	6.985642298500925607e-02	2.833919266896940681e-02	7.140039574381622234e-02
1.011577751675319632e+03	2.839695653452550816e-01	1.679994408764424185e-01	2.355448258217348045e-01	1.427509527484701335e-01	6.990045210865804270e-02	2.836631035675165821e-02	7.146845274268007198e-02
1.013029082739416367e+03	2.837084578138635016e-01	1.678441186411862018e-01	2.357159245934332403e-01	1.428573042587266140e-01	6.994440647448117720e-02	2.839339430778012666e-02	7.153639391052142582e-02
1.014480413803512761e+03	2.834478033543285092e-01	1.676890659291668806e-01	2.358867088270804324e-01	1.429634717122519882e-01	6.998828621928281091e-02	2.842044453275699781e-02	7.160421942512470994e-02
1.015931744867609382e+03	2.831876011782453739e-01	1.675342822713323521e-01	2.360571790976693785e-01	1.430694554664148355e-01	7.003209147956826475e-02	2.844746104256039299e-02	7.167192946420175570e-02
1.017383075931706003e+03	2.829278504985922593e-01	1.673797671994536329e-01	2.362273359790938720e-01	1.431752558776747120e-01	7.007582239154494519e-02	2.847444384824321037e-02	7.173952420538970420e-02
1.018834406995802851e+03	2.826685505297280021e-01	1.672255202461232215e-01	2.363971800441511673e-01	1.432808733015857039e-01	7.011947909112319077e-02	2.850139296103198702e-02	7.180700382624902178e-02
1.020285738059899245e+03	2.824097004873893924e-01	1.670715409447539046e-01	2.365667118645445599e-01	1.433863080928000078e-01	7.016306171391727131e-02	2.852830839232575744e-02	7.187436850426148771e-02
1.021737069123995752e+03	2.821512995886884534e-01	1.669178288295769530e-01	2.367359320108862186e-01	1.434915606050714276e-01	7.020657039524622056e-02	2.855519015369491556e-02	7.194161841682816805e-02
1.023188400188092373e+03	2.818933470521105544e-01	1.667643834356408450e-01	2.369048410526996273e-01	1.435966311912588722e-01	7.025000527013477991e-02	2.858203825688009417e-02	7.200875374126754214e-02
1.024639731252188767e+03	2.816358420975115240e-01	1.666112042988097397e-01	2.370734395584223608e-01	1.437015202033299355e-01	7.029336647331430044e-02	2.860885271379103034e-02	7.207577465481344869e-02
1.026091062316285615e+03	2.813787839461152629e-01	1.664582909557620338e-01	2.372417280954086383e-01	1.438062279923641718e-01	7.033665413922357557e-02	2.863563353650546220e-02	7.214268133461324006e-02
1.027542393380382237e+03	2.811221718205113018e-01	1.663056429439887518e-01	2.374097072299319044e-01	1.439107549085567594e-01	7.037986840200977090e-02	2.866238073726801172e-02	7.220947395772592259e-02
1.028993724444478858e+03	2.808660049446522478e-01	1.661532598017922413e-01	2.375773775271874944e-01	1.440151013012218040e-01	7.042300939552934014e-02	2.868909432848907454e-02	7.227615270112018597e-02
1.030445055508575479e+03	2.806102825438515080e-01	1.660011410682847299e-01	2.377447395512951589e-01	1.441192675187958350e-01	7.046607725334884387e-02	2.871577432274373398e-02	7.234271774167261304e-02
1.031896386572671872e+03	2.803550038447807369e-01	1.658492862833866321e-01	2.379117938653016739e-01	1.442232539088410537e-01	7.050907210874585163e-02	2.874242073277065435e-02	7.240916925616586175e-02
1.033347717636768493e+03	2.801001680754673373e-01	1.656976949878253835e-01	2.380785410311833661e-01	1.443270608180487746e-01	7.055199409470985783e-02	2.876903357147099494e-02	7.247550742128676393e-02
1.034799048700865114e+03	2.798457744652920187e-01	1.655463667231338032e-01	2.382449816098487494e-01	1.444306885922428951e-01	7.059484334394305893e-02	2.879561285190733802e-02	7.254173241362464608e-02
1.036250379764961508e+03	2.795918222449865764e-01	1.653953010316486505e-01	2.384111161611409679e-01	1.445341375763830039e-01	7.063761998886128324e-02	2.882215858730259248e-02	7.260784440966948361e-02
1.037701710829058356e+03	2.793383106466311161e-01	1.652444974565092373e-01	2.385769452438403770e-01	1.446374081145679058e-01	7.068032416159483744e-02	2.884867079103894949e-02	7.267384358581016612e-02
1.039153041893154750e+03	2.790852389036519443e-01	1.650939555416559290e-01	2.387424694156670135e-01	1.447405005500387032e-01	7.072295599398936705e-02	2.887514947665677928e-02	7.273973011833277658e-02
1.040604372957251599e+03	2.788326062508189596e-01	1.649436748318287849e-01	2.389076892332831770e-01	1.448434152251822926e-01	7.076551561760668907e-02	2.890159465785361106e-02	7.280550418341888430e-02
1.042055704021347992e+03	2.785804119242434318e-01	1.647936548725660588e-01	2.390726052522959555e-01	1.449461524815345015e-01	7.080800316372565240e-02	2.892800634848304020e-02	7.287116595714383804e-02
1.043507035085444613e+03	2.783286551613751159e-01	1.646438952102028119e-01	2.392372180272595572e-01	1.450487126597832521e-01	7.085041876334298439e-02	2.895438456255371509e-02	7.293671561547511450e-02
1.044958366149541234e+03	2.780773352010004196e-01	1.644943953918692470e-01	2.394015281116779192e-01	1.451510960997719757e-01	7.089276254717416514e-02	2.898072931422825821e-02	7.300215333427059750e-02
1.046409697213637855e+03	2.778264512832397393e-01	1.643451549654896260e-01	2.395655360580071502e-01	1.452533031405026098e-01	7.093503464565417693e-02	2.900704061782224952e-02	7.306747928927705138e-02
1.047861028277734476e+03	2.775760026495449617e-01	1.641961734797805772e-01	2.397292424176580283e-01	1.453553341201389570e-01	7.097723518893842010e-02	2.903331848780318913e-02	7.313269365612841411e-02
1.049312359341831097e+03	2.773259885426972993e-01	1.640474504842498737e-01	2.398926477409983882e-01	1.454571893760097379e-01	7.101936430690350410e-02	2.905956293878945648e-02	7.319779661034424290e-02
1.050763690405927491e+03	2.770764082068047918e-01	1.638989855291947961e-01	2.400557525773556189e-01	1.455588692446118104e-01	7.106142212914810796e-02	2.908577398554930762e-02	7.326278832732814605e-02
1.052215021470024112e+03	2.768272608872997531e-01	1.637507781657009109e-01	2.402185574750189401e-01	1.456603740616131959e-01	7.110340878499377126e-02	2.911195164299983790e-02	7.332766898236617314e-02
1.053666352534120733e+03	2.765785458309366618e-01	1.636028279456404888e-01	2.403810629812420663e-01	1.457617041618562981e-01	7.114532440348567133e-02	2.913809592620597924e-02	7.339243875062535782e-02
1.055117683598217127e+03	2.763302622857898294e-01	1.634551344216711721e-01	2.405432696422453998e-01	1.458628598793609843e-01	7.118716911339356690e-02	2.916420685037949753e-02	7.345709780715209414e-02
1.056569014662313975e+03	2.760824095012505697e-01	1.633076971472346428e-01	2.407051780032185839e-01	1.459638415473276107e-01	7.122894304321247816e-02	2.919028443087797256e-02	7.352164632687069323e-02
1.058020345726410369e+03	2.758349867280254775e-01	1.631605156765549569e-01	2.408667886083227794e-01	1.460646494981401033e-01	7.127064632116354714e-02	2.921632868320382659e-02	7.358608448458188456e-02
1.059471676790506763e+03	2.755879932181333758e-01	1.630135895646374622e-01	2.410281020006931618e-01	1.461652840633690664e-01	7.131227907519485654e-02	2.924233962300330433e-02	7.365041245496134481e-02
1.060923007854603611e+03	2.753414282249035949e-01	1.628669183672671328e-01	2.411891187224411981e-01	1.462657455737747247e-01	7.135384143298219295e-02	2.926831726606550846e-02	7.371463041255822690e-02
1.062374338918700232e+03	2.750952910029733633e-01	1.627205016410073479e-01	2.413498393146569776e-01	1.463660343593099211e-01	7.139533352192989346e-02	2.929426162832140038e-02	7.377873853179374442e-02
1.063825669982796853e+03	2.748495808082851433e-01	1.625743389431983377e-01	2.415102643174117381e-01	1.464661507491232251e-01	7.143675546917159502e-02	2.932017272584284268e-02	7.384273698695976995e-02
1.065277001046893474e+03	2.746042968980849097e-01	1.624284298319559339e-01	2.416703942697600305e-01	1.465660950715617916e-01	7.147810740157102549e-02	2.934605057484161034e-02	7.390662595221737796e-02
1.066728332110990095e+03	2.743594385309193195e-01	1.622827738661700436e-01	2.418302297097421338e-01	1.466658676541744144e-01	7.151938944572283630e-02	2.937189519166842969e-02	7.397040560159549860e-02
1.068179663175086489e+03	2.741150049666336019e-01	1.621373706055034003e-01	2.419897711743863589e-01	1.467654688237144123e-01	7.156060172795335184e-02	2.939770659281202084e-02	7.403407610898958546e-02
1.069630994239183110e+03	2.738709954663691715e-01	1.619922196103900369e-01	2.421490191997114072e-01	1.468648989061425159e-01	7.160174437432133276e-02	2.942348479489813665e-02	7.409763764816015841e-02
1.071082325303279504e+03	2.736274092925612966e-01	1.618473204420340372e-01	2.423079743207286474e-01	1.469641582266298929e-01	7.164281751061876702e-02	2.944922981468861209e-02	7.416109039273156844e-02
1.072533656367376352e+03	2.733842457089367128e-01	1.617026726624080091e-01	2.424666370714443631e-01	1.470632471095610072e-01	7.168382126237168861e-02	2.947494166908040669e-02	7.422443451619063770e-02
1.073984987431472746e+03	2.731415039805116241e-01	1.615582758342517800e-01	2.426250079848621399e-01	1.471621658785364217e-01	7.172475575484085764e-02	2.950062037510468860e-02	7.428767019188534104e-02
1.075436318495569594e+03	2.728991833735888717e-01	1.614141295210710925e-01	2.427830875929850862e-01	1.472609148563757686e-01	7.176562111302257907e-02	2.952626594992587006e-02	7.435079759302355706e-02
1.076887649559666215e+03	2.726572831557561583e-01	1.612702332871361055e-01	2.429408764268180809e-01	1.473594943651204692e-01	7.180641746164950767e-02	2.955187841084069150e-02	7.441381689267177746e-02
1.078338980623762609e+03	2.724158025958833829e-01	1.611265866974800620e-01	2.430983750163701607e-01	1.474579047260367592e-01	7.184714492519131412e-02	2.957745777527728132e-02	7.447672826375384414e-02
1.079790311687859230e+03	2.721747409641203652e-01	1.609831893178980122e-01	2.432555838906566570e-01	1.475561462596183260e-01	7.188780362785551770e-02	2.960300406079424684e-02	7.453953187904968636e-02
1.081241642751955851e+03	2.719340975318949027e-01	1.608400407149452593e-01	2.434125035777013890e-01	1.476542192855891666e-01	7.192839369358819401e-02	2.962851728507974111e-02	7.460222791119415497e-02
1.082692973816052472e+03	2.716938715719100506e-01	1.606971404559361660e-01	2.435691346045390782e-01	1.477521241229064752e-01	7.196891524607473833e-02	2.965399746595056771e-02	7.466481653267575957e-02
1.084144304880149093e+03	2.714540623581420120e-01	1.605544881089427389e-01	2.437254774972174576e-01	1.478498610897632237e-01	7.200936840874061495e-02	2.967944462135125791e-02	7.472729791583553050e-02
1.085595635944245487e+03	2.712146691658379183e-01	1.604120832427932963e-01	2.438815327807995204e-01	1.479474305035911041e-01	7.204975330475210660e-02	2.970485876935316516e-02	7.478967223286576982e-02
1.087046967008342108e+03	2.709756912715134969e-01	1.602699254270709972e-01	2.440373009793657400e-01	1.480448326810631376e-01	7.209007005701704995e-02	2.973023992815358382e-02	7.485193965580889952e-02
1.088498298072438729e+03	2.707371279529507957e-01	1.601280142321126476e-01	2.441927826160162351e-01	1.481420679380965333e-01	7.213031878818557119e-02	2.975558811607482632e-02	7.491410035655635125e-02
1.089949629136535123e+03	2.704989784891959625e-01	1.599863492290072575e-01	2.443479782128729350e-01	1.482391365898552416e-01	7.217049962065080759e-02	2.978090335156336269e-02	7.497615450684741445e-02
1.091400960200631971e+03	2.702612421605568582e-01	1.598449299895946807e-01	2.445028882910819934e-01	1.483360389507527299e-01	7.221061267654965699e-02	2.980618565318891508e-02	7.503810227826811230e-02
1.092852291264728365e+03	2.700239182486010026e-01	1.597037560864643935e-01	2.446575133708156768e-01	1.484327753344547585e-01	7.225065807776349935e-02	2.983143503964357998e-02	7.509994384225007757e-02
1.094303622328825213e+03	2.697870060361531319e-01	1.595628270929539683e-01	2.448118539712747233e-01	1.485293460538818500e-01	7.229063594591890463e-02	2.985665152974095737e-02	7.516167937006945632e-02
1.095754953392921607e+03	2.695505048072931453e-01	1.594221425831478522e-01	2.449659106106903683e-01	1.486257514212121489e-01	7.233054640238840982e-02	2.988183514241528338e-02	7.522330903284585313e-02
1.097206284457018228e+03	2.693144138473535509e-01	1.592817021318760351e-01	2.451196838063266215e-01	1.487219917478839193e-01	7.237038956829114356e-02	2.990698589672054208e-02	7.528483300154126256e-02
1.098657615521114849e+03	2.690787324429175786e-01	1.591415053147127168e-01	2.452731740744823474e-01	1.488180673445982649e-01	7.241016556449361707e-02	2.993210381182962593e-02	7.534625144695898669e-02
1.100108946585211470e+03	2.688434598818166821e-01	1.590015517079748641e-01	2.454263819304934313e-01	1.489139785213216549e-01	7.244987451161043202e-02	2.995718890703346834e-02	7.540756453974264972e-02
1.101560277649308091e+03	2.686085954531284847e-01	1.588618408887210454e-01	2.455793078887348879e-01	1.490097255872885607e-01	7.248951653000493267e-02	2.998224120174017987e-02	7.546877245037511561e-02
1.103011608713404712e+03	2.683741384471744484e-01	1.587223724347499310e-01	2.457319524626230267e-01	1.491053088510040647e-01	7.252909173979001090e-02	3.000726071547421894e-02	7.552987534917750267e-02
1.104462939777501106e+03	2.681400881555176530e-01	1.585831459245991559e-01	2.458843161646175335e-01	1.492007286202464700e-01	7.256860026082867510e-02	3.003224746787552801e-02	7.559087340630819829e-02
1.105914270841597499e+03	2.679064438709606866e-01	1.584441609375438487e-01	2.460363995062234965e-01	1.492959852020696865e-01	7.260804221273485515e-02	3.005720147869870781e-02	7.565176679176185970e-02
1.107365601905694348e+03	2.676732048875433145e-01	1.583054170535954097e-01	2.461882029979937381e-01	1.493910789028059516e-01	7.264741771487408240e-02	3.008212276781216735e-02	7.571255567536841480e-02
1.108816932969790741e+03	2.674403705005403142e-01	1.581669138535001518e-01	2.463397271495306740e-01	1.494860100280683002e-01	7.268672688636418355e-02	3.010701135519730509e-02	7.577324022679217397e-02
1.110268264033887590e+03	2.672079400064591992e-01	1.580286509187379118e-01	2.464909724694885340e-01	1.495807788827530627e-01	7.272596984607591908e-02	3.013186726094766246e-02	7.583382061553080311e-02
1.111719595097984211e+03	2.669759127030381651e-01	1.578906278315209410e-01	2.466419394655753050e-01	1.496753857710424185e-01	7.276514671263371870e-02	3.015669050526812237e-02	7.589429701091443548e-02
1.113170926162080832e+03	2.667442878892437585e-01	1.577528441747923227e-01	2.467926286445549788e-01	1.497698309964067831e-01	7.280425760441640304e-02	3.018148110847407653e-02	7.595466958210472797e-02
1.114622257226177226e+03	2.665130648652687673e-01	1.576152995322249728e-01	2.469430405122494954e-01	1.498641148616074170e-01	7.284330263955776652e-02	3.020623909099061366e-02	7.601493849809400072e-02
1.116073588290273847e+03	2.662822429325300000e-01	1.574779934882200305e-01	2.470931755735408519e-01	1.499582376686987850e-01	7.288228193594735449e-02	3.023096447335171105e-02	7.607510392770423790e-02
1.117524919354370468e+03	2.660518213936661769e-01	1.573409256279058588e-01	2.472430343323730184e-01	1.500521997190310819e-01	7.292119561123105997e-02	3.025565727619941928e-02	7.613516603958635220e-02
1.118976250418467089e+03	2.658217995525354871e-01	1.572040955371364901e-01	2.473926172917542410e-01	1.501460013132526194e-01	7.296004378281190084e-02	3.028031752028307114e-02	7.619512500221913009e-02
1.120427581482563710e+03	2.655921767142138123e-01	1.570675028024905162e-01	2.475419249537587629e-01	1.502396427513122690e-01	7.299882656785057489e-02	3.030494522645848024e-02	7.625498098390855184e-02
1.121878912546660331e+03	2.653629521849921180e-01	1.569311470112695894e-01	2.476909578195291839e-01	1.503331243324619038e-01	7.303754408326619540e-02	3.032954041568713954e-02	7.631473415278682004e-02
1.123330243610756725e+03	2.651341252723747877e-01	1.567950277514973401e-01	2.478397163892781530e-01	1.504264463552587860e-01	7.307619644573695727e-02	3.035410310903544073e-02	7.637438467681156862e-02
1.124781574674853118e+03	2.649056952850769031e-01	1.566591446119179887e-01	2.479882011622905336e-01	1.505196091175678430e-01	7.311478377170077536e-02	3.037863332767388319e-02	7.643393272376501624e-02
1.126232905738949967e+03	2.646776615330226345e-01	1.565234971819950693e-01	2.481364126369255407e-01	1.506126129165642480e-01	7.315330617735595065e-02	3.040313109287629684e-02	7.649337846125318918e-02
1.127684236803046360e+03	2.644500233273426315e-01	1.563880850519102084e-01	2.482843513106185174e-01	1.507054580487356410e-01	7.319176377866186411e-02	3.042759642601905457e-02	7.655272205670506092e-02
1.129135567867143209e+03	2.642227799803720800e-01	1.562529078125616533e-01	2.484320176798829882e-01	1.507981448098844879e-01	7.323015669133955963e-02	3.045202934858031243e-02	7.661196367737184432e-02
1.130586898931239830e+03	2.639959308056485932e-01	1.561179650555633014e-01	2.485794122403127138e-01	1.508906734951304673e-01	7.326848503087247944e-02	3.047642988213922557e-02	7.667110349032611738e-02
1.132038229995336451e+03	2.637694751179099906e-01	1.559832563732430899e-01	2.487265354865836053e-01	1.509830443989128301e-01	7.330674891250706093e-02	3.050079804837519531e-02	7.673014166246111545e-02
1.133489561059432845e+03	2.635434122330922446e-01	1.558487813586419413e-01	2.488733879124556958e-01	1.510752578149925918e-01	7.334494845125337503e-02	3.052513386906710244e-02	7.678907836048996793e-02
1.134940892123529466e+03	2.633177414683271489e-01	1.557145396055124864e-01	2.490199700107751102e-01	1.511673140364548917e-01	7.338308376188583393e-02	3.054943736609254390e-02	7.684791375094490729e-02
1.136392223187626087e+03	2.630924621419404863e-01	1.555805307083176769e-01	2.491662822734760918e-01	1.512592133557113250e-01	7.342115495894374622e-02	3.057370856142709384e-02	7.690664800017658898e-02
1.137843554251722708e+03	2.628675735734495311e-01	1.554467542622295362e-01	2.493123251915828065e-01	1.513509560645022178e-01	7.345916215673201077e-02	3.059794747714352989e-02	7.696528127435332822e-02
1.139294885315819101e+03	2.626430750835613281e-01	1.553132098631281044e-01	2.494580992552113963e-01	1.514425424538988485e-01	7.349710546932178290e-02	3.062215413541110806e-02	7.702381373946040610e-02
1.140746216379915950e+03	2.624189659941702502e-01	1.551798971075998568e-01	2.496036049535719781e-01	1.515339728143057230e-01	7.353498501055102943e-02	3.064632855849482029e-02	7.708224556129937566e-02
1.142197547444012343e+03	2.621952456283559996e-01	1.550468155929367042e-01	2.497488427749703643e-01	1.516252474354628232e-01	7.357280089402520873e-02	3.067047076875464157e-02	7.714057690548729862e-02
1.143648878508108737e+03	2.619719133103816655e-01	1.549139649171345778e-01	2.498938132068101448e-01	1.517163666064478000e-01	7.361055323311789522e-02	3.069458078864480827e-02	7.719880793745613479e-02
1.145100209572205586e+03	2.617489683656913368e-01	1.547813446788922631e-01	2.500385167355946292e-01	1.518073306156782765e-01	7.364824214097141775e-02	3.071865864071308266e-02	7.725693882245204813e-02
1.146551540636302207e+03	2.615264101209081593e-01	1.546489544776101233e-01	2.501829538469286796e-01	1.518981397509140130e-01	7.368586773049742855e-02	3.074270434760002085e-02	7.731496972553475455e-02
1.148002871700398828e+03	2.613042379038321150e-01	1.545167939133887669e-01	2.503271250255205138e-01	1.519887942992591001e-01	7.372343011437758331e-02	3.076671793203826499e-02	7.737290081157681410e-02
1.149454202764495449e+03	2.610824510434382462e-01	1.543848625870280211e-01	2.504710307551838433e-01	1.520792945471641511e-01	7.376092940506416562e-02	3.079069941685181125e-02	7.743073224526303422e-02
1.150905533828591842e+03	2.608610488698741015e-01	1.542531601000253771e-01	2.506146715188395935e-01	1.521696407804284668e-01	7.379836571478064211e-02	3.081464882495529509e-02	7.748846419108984529e-02
1.152356864892688463e+03	2.606400307144580153e-01	1.541216860545751022e-01	2.507580477985177914e-01	1.522598332842022284e-01	7.383573915552232858e-02	3.083856617935328351e-02	7.754609681336463445e-02
1.153808195956785084e+03	2.604193959096768318e-01	1.539904400535666296e-01	2.509011600753595639e-01	1.523498723429886348e-01	7.387304983905698674e-02	3.086245150313957075e-02	7.760363027620519050e-02
1.155259527020881706e+03	2.601991437891839620e-01	1.538594217005835874e-01	2.510440088296188588e-01	1.524397582406460394e-01	7.391029787692542097e-02	3.088630481949647053e-02	7.766106474353901001e-02
1.156710858084978327e+03	2.599792736877971633e-01	1.537286305999024938e-01	2.511865945406644984e-01	1.525294912603901154e-01	7.394748338044208891e-02	3.091012615169410130e-02	7.771840037910279775e-02
1.158162189149074720e+03	2.597597849414966520e-01	1.535980663564914805e-01	2.513289176869819563e-01	1.526190716847959650e-01	7.398460646069578150e-02	3.093391552308971670e-02	7.777563734644180049e-02
1.159613520213171569e+03	2.595406768874227166e-01	1.534677285760091270e-01	2.514709787461749668e-01	1.527084997958001455e-01	7.402166722855006709e-02	3.095767295712699430e-02	7.783277580890927971e-02
1.161064851277267962e+03	2.593219488638741632e-01	1.533376168648031002e-01	2.516127781949678011e-01	1.527977758747029735e-01	7.405866579464401300e-02	3.098139847733534860e-02	7.788981592966595646e-02
1.162516182341364356e+03	2.591036002103057068e-01	1.532077308299091278e-01	2.517543165092067659e-01	1.528869002021703560e-01	7.409560226939278238e-02	3.100509210732924417e-02	7.794675787167935910e-02
1.163967513405461204e+03	2.588856302673262499e-01	1.530780700790496385e-01	2.518955941638622575e-01	1.529758730582360948e-01	7.413247676298817535e-02	3.102875387080751904e-02	7.800360179772342084e-02
1.165418844469557826e+03	2.586680383766967739e-01	1.529486342206325677e-01	2.520366116330304274e-01	1.530646947223038290e-01	7.416928938539922578e-02	3.105238379155270123e-02	7.806034787037777201e-02
1.166870175533654447e+03	2.584508238813283398e-01	1.528194228637501373e-01	2.521773693899352353e-01	1.531533654731491445e-01	7.420604024637279805e-02	3.107598189343033224e-02	7.811699625202735142e-02
1.168321506597751068e+03	2.582339861252798130e-01	1.526904356181776612e-01	2.523178679069298935e-01	1.532418855889215725e-01	7.424272945543422542e-02	3.109954820038829740e-02	7.817354710486180969e-02
1.169772837661847461e+03	2.580175244537561419e-01	1.525616720943723248e-01	2.524581076554990866e-01	1.533302553471467267e-01	7.427935712188785122e-02	3.112308273645615977e-02	7.823000059087502345e-02
1.171224168725944082e+03	2.578014382131061377e-01	1.524331319034719079e-01	2.525980891062604705e-01	1.534184750247282181e-01	7.431592335481758405e-02	3.114658552574448708e-02	7.828635687186454029e-02
1.172675499790040703e+03	2.575857267508203652e-01	1.523048146572936745e-01	2.527378127289666709e-01	1.535065448979497094e-01	7.435242826308754993e-02	3.117005659244419941e-02	7.834261610943114851e-02
1.174126830854137097e+03	2.573703894155293104e-01	1.521767199683331795e-01	2.528772789925070041e-01	1.535944652424769963e-01	7.438887195534260588e-02	3.119349596082591700e-02	7.839877846497833591e-02
1.175578161918233945e+03	2.571554255570012715e-01	1.520488474497628806e-01	2.530164883649091978e-01	1.536822363333599228e-01	7.442525454000893659e-02	3.121690365523928715e-02	7.845484409971184570e-02
1.177029492982330339e+03	2.569408345261403048e-01	1.519211967154311671e-01	2.531554413133412784e-01	1.537698584450343797e-01	7.446157612529467895e-02	3.124027970011234237e-02	7.851081317463914910e-02
1.178480824046426733e+03	2.567266156749842265e-01	1.517937673798609721e-01	2.532941383041133476e-01	1.538573318513243582e-01	7.449783681919039391e-02	3.126362411995085855e-02	7.856668585056908460e-02
1.179932155110523581e+03	2.565127683567027250e-01	1.516665590582486900e-01	2.534325798026793031e-01	1.539446568254437542e-01	7.453403672946973257e-02	3.128693693933771308e-02	7.862246228811128890e-02
1.181383486174620202e+03	2.562992919255950852e-01	1.515395713664629551e-01	2.535707662736385593e-01	1.540318336399985888e-01	7.457017596368993584e-02	3.131021818293221876e-02	7.867814264767579446e-02
1.182834817238716823e+03	2.560861857370884676e-01	1.514128039210434484e-01	2.537086981807379349e-01	1.541188625669886736e-01	7.460625462919244499e-02	3.133346787546952700e-02	7.873372708947261323e-02
1.184286148302813444e+03	2.558734491477356876e-01	1.512862563391997039e-01	2.538463759868732628e-01	1.542057438778097200e-01	7.464227283310345684e-02	3.135668604175995133e-02	7.878921577351127858e-02
1.185737479366910065e+03	2.556610815152133842e-01	1.511599282388098042e-01	2.539838001540913881e-01	1.542924778432552824e-01	7.467823068233445105e-02	3.137987270668837758e-02	7.884460885960041521e-02
1.187188810431006686e+03	2.554490821983198545e-01	1.510338192384194367e-01	2.541209711435915564e-01	1.543790647335185895e-01	7.471412828358277303e-02	3.140302789521360466e-02	7.889990650734733657e-02
1.188640141495103080e+03	2.552374505569732777e-01	1.509079289572404781e-01	2.542578894157274116e-01	1.544655048181944601e-01	7.474996574333221677e-02	3.142615163236772702e-02	7.895510887615762863e-02
1.190091472559199701e+03	2.550261859522095498e-01	1.507822570151499397e-01	2.543945554300086065e-01	1.545517983662813288e-01	7.478574316785352449e-02	3.144924394325553096e-02	7.901021612523474735e-02
1.191542803623296322e+03	2.548152877461802857e-01	1.506568030326887464e-01	2.545309696451026893e-01	1.546379456461829949e-01	7.482146066320499722e-02	3.147230485305385628e-02	7.906522841357963016e-02
1.192994134687392716e+03	2.546047553021510979e-01	1.505315666310605982e-01	2.546671325188366586e-01	1.547239469257105926e-01	7.485711833523298053e-02	3.149533438701099253e-02	7.912014589999032121e-02
1.194445465751489564e+03	2.543945879844992652e-01	1.504065474321306939e-01	2.548030445081986284e-01	1.548098024720844790e-01	7.489271628957248905e-02	3.151833257044607539e-02	7.917496874306155508e-02
1.195896796815585958e+03	2.541847851587121232e-01	1.502817450584246484e-01	2.549387060693399376e-01	1.548955125519359821e-01	7.492825463164766442e-02	3.154129942874846215e-02	7.922969710118442366e-02
1.197348127879682352e+03	2.539753461913846766e-01	1.501571591331273547e-01	2.550741176575762048e-01	1.549810774313093997e-01	7.496373346667241366e-02	3.156423498737714189e-02	7.928433113254600151e-02
1.198799458943779200e+03	2.537662704502180455e-01	1.500327892800817076e-01	2.552092797273896596e-01	1.550664973756637754e-01	7.499915289965086718e-02	3.158713927186010406e-02	7.933887099512894336e-02
1.200250790007875821e+03	2.535575573040173003e-01	1.499086351237875203e-01	2.553441927324305305e-01	1.551517726498747585e-01	7.503451303537797545e-02	3.161001230779379723e-02	7.939331684671123435e-02
1.201702121071972442e+03	2.533492061226895187e-01	1.497846962894002487e-01	2.554788571255187102e-01	1.552369035182364077e-01	7.506981397844002257e-02	3.163285412084248377e-02	7.944766884486574587e-02
1.203153452136069063e+03	2.531412162772417873e-01	1.496609724027299360e-01	2.556132733586455319e-01	1.553218902444630511e-01	7.510505583321518130e-02	3.165566473673767089e-02	7.950192714695993035e-02
1.204604783200165684e+03	2.529335871397794810e-01	1.495374630902400470e-01	2.557474418829754903e-01	1.554067330916910350e-01	7.514023870387399884e-02	3.167844418127750694e-02	7.955609191015554360e-02
1.206056114264262078e+03	2.527263180835039313e-01	1.494141679790463029e-01	2.558813631488477403e-01	1.554914323224806938e-01	7.517536269437997964e-02	3.170119248032620546e-02	7.961016329140822856e-02
1.207507445328358699e+03	2.525194084827109275e-01	1.492910866969154038e-01	2.560150376057779842e-01	1.555759881988178495e-01	7.521042790849012671e-02	3.172390965981346234e-02	7.966414144746727932e-02
1.208958776392455093e+03	2.523128577127883299e-01	1.491682188722640856e-01	2.561484657024600264e-01	1.556604009821159762e-01	7.524543444975539952e-02	3.174659574573388682e-02	7.971802653487530810e-02
1.210410107456551941e+03	2.521066651502145151e-01	1.490455641341578430e-01	2.562816478867674386e-01	1.557446709332176438e-01	7.528038242152129689e-02	3.176925076414640475e-02	7.977181870996791213e-02
1.211861438520648335e+03	2.519008301725562671e-01	1.489231221123097637e-01	2.564145846057551692e-01	1.558287983123964604e-01	7.531527192692837047e-02	3.179187474117368961e-02	7.982551812887342391e-02
1.213312769584745183e+03	2.516953521584668341e-01	1.488008924370793629e-01	2.565472763056612093e-01	1.559127833793588214e-01	7.535010306891275211e-02	3.181446770300161431e-02	7.987912494751257808e-02
1.214764100648841804e+03	2.514902304876840411e-01	1.486788747394715837e-01	2.566797234319084242e-01	1.559966263932456298e-01	7.538487595020661181e-02	3.183702967587864752e-02	7.993263932159826168e-02
1.216215431712937971e+03	2.512854645410283472e-01	1.485570686511354932e-01	2.568119264291059411e-01	1.560803276126340455e-01	7.541959067333879607e-02	3.185956068611532632e-02	7.998606140663523656e-02
1.217666762777034819e+03	2.510810537004010135e-01	1.484354738043632271e-01	2.569438857410509258e-01	1.561638872955392610e-01	7.545424734063521655e-02	3.188206076008365947e-02	8.003939135791983406e-02
1.219118093841131440e+03	2.508769973487821603e-01	1.483140898320888246e-01	2.570756018107301366e-01	1.562473056994161946e-01	7.548884605421947447e-02	3.190452992421660694e-02	8.009262933053976075e-02
1.220569424905228061e+03	2.506732948702287689e-01	1.481929163678871453e-01	2.572070750803216455e-01	1.563305830811611286e-01	7.552338691601329090e-02	3.192696820500748323e-02	8.014577547937372370e-02
1.222020755969324682e+03	2.504699456498727383e-01	1.480719530459725652e-01	2.573383059911963366e-01	1.564137196971136234e-01	7.555787002773706185e-02	3.194937562900945077e-02	8.019882995909130563e-02
1.223472087033421303e+03	2.502669490739192759e-01	1.479511995011980885e-01	2.574692949839196832e-01	1.564967158030581285e-01	7.559229549091034395e-02	3.197175222283493018e-02	8.025179292415263177e-02
1.224923418097517697e+03	2.500643045296446210e-01	1.478306553690540426e-01	2.576000424982531900e-01	1.565795716542255633e-01	7.562666340685235411e-02	3.199409801315507978e-02	8.030466452880818951e-02
1.226374749161614318e+03	2.498620114053944907e-01	1.477103202856669961e-01	2.577305489731561150e-01	1.566622875052951780e-01	7.566097387668252461e-02	3.201641302669923361e-02	8.035744492709853692e-02
1.227826080225710712e+03	2.496600690905818876e-01	1.475901938877985931e-01	2.578608148467869676e-01	1.567448636103961346e-01	7.569522700132097492e-02	3.203869729025436014e-02	8.041013427285415016e-02
1.229277411289807560e+03	2.494584769756854059e-01	1.474702758128445534e-01	2.579908405565052854e-01	1.568273002231092283e-01	7.572942288148896972e-02	3.206095083066456269e-02	8.046273271969509033e-02
1.230728742353903954e+03	2.492572344522472616e-01	1.473505656988334245e-01	2.581206265388730214e-01	1.569095975964684697e-01	7.576356161770948783e-02	3.208317367483049659e-02	8.051524042103089251e-02
1.232180073418000802e+03	2.490563409128715155e-01	1.472310631844254425e-01	2.582501732296563213e-01	1.569917559829628884e-01	7.579764331030769409e-02	3.210536584970885565e-02	8.056765753006031594e-02
1.233631404482097196e+03	2.488557957512219643e-01	1.471117679089116170e-01	2.583794810638269657e-01	1.570737756345380598e-01	7.583166805941142508e-02	3.212752738231185179e-02	8.061998419977110808e-02
1.235082735546193817e+03	2.486555983620206411e-01	1.469926795122123986e-01	2.585085504755639252e-01	1.571556568025978540e-01	7.586563596495167483e-02	3.214965829970666683e-02	8.067222058293987974e-02
1.236534066610290438e+03	2.484557481410455404e-01	1.468737976348765684e-01	2.586373818982551920e-01	1.572373997380058785e-01	7.589954712666310832e-02	3.217175862901495986e-02	8.072436683213182751e-02
1.237985397674387059e+03	2.482562444851289796e-01	1.467551219180803224e-01	2.587659757644989456e-01	1.573190046910873108e-01	7.593340164408457493e-02	3.219382839741231905e-02	8.077642309970060885e-02
1.239436728738483680e+03	2.480570867921557121e-01	1.466366520036259669e-01	2.588943325061055512e-01	1.574004719116304796e-01	7.596719961655952480e-02	3.221586763212774818e-02	8.082838953778810620e-02
1.240888059802580301e+03	2.478582744610610678e-01	1.465183875339409192e-01	2.590224525540987255e-01	1.574818016488883921e-01	7.600094114323655003e-02	3.223787636044316701e-02	8.088026629832430203e-02
1.242339390866676695e+03	2.476598068918290374e-01	1.464003281520765420e-01	2.591503363387173131e-01	1.575629941515803711e-01	7.603462632306987046e-02	3.225985460969288399e-02	8.093205353302708460e-02
1.243790721930773088e+03	2.474616834854904412e-01	1.462824735017070332e-01	2.592779842894170073e-01	1.576440496678937209e-01	7.606825525481979156e-02	3.228180240726309658e-02	8.098375139340205364e-02
1.245242052994869937e+03	2.472639036441210969e-01	1.461648232271284265e-01	2.594053968348714045e-01	1.577249684454851697e-01	7.610182803705321797e-02	3.230371978059137089e-02	8.103536003074240934e-02
1.246693384058966330e+03	2.470664667708400153e-01	1.460473769732573701e-01	2.595325744029740589e-01	1.578057507314826746e-01	7.613534476814409757e-02	3.232560675716614901e-02	8.108687959612874419e-02
1.248144715123063179e+03	2.468693722698074855e-01	1.459301343856300448e-01	2.596595174208396473e-01	1.578863967724868089e-01	7.616880554627390720e-02	3.234746336452623550e-02	8.113831024042893192e-02
1.249596046187159800e+03	2.466726195462232152e-01	1.458130951104012196e-01	2.597862263148057460e-01	1.579669068145723998e-01	7.620221046943213838e-02	3.236928963026032557e-02	8.118965211429797491e-02
1.251047377251256421e+03	2.464762080063246097e-01	1.456962587943429477e-01	2.599127015104343852e-01	1.580472811032900549e-01	7.623555963541681080e-02	3.239108558200647775e-02	8.124090536817785146e-02
1.252498708315352815e+03	2.462801370573848014e-01	1.455796250848435114e-01	2.600389434325131588e-01	1.581275198836678275e-01	7.626885314183486086e-02	3.241285124745163504e-02	8.129207015229736322e-02
1.253950039379449436e+03	2.460844061077109290e-01	1.454631936299065620e-01	2.601649525050572787e-01	1.582076234002125770e-01	7.630209108610266910e-02	3.243458665433111843e-02	8.134314661667205182e-02
1.255401370443546057e+03	2.458890145666421945e-01	1.453469640781497041e-01	2.602907291513109067e-01	1.582875918969116891e-01	7.633527356544651810e-02	3.245629183042818278e-02	8.139413491110401855e-02
1.256852701507642678e+03	2.456939618445481976e-01	1.452309360788036630e-01	2.604162737937485428e-01	1.583674256172345196e-01	7.636840067690305045e-02	3.247796680357346172e-02	8.144503518518184104e-02
1.258304032571739299e+03	2.454992473528269936e-01	1.451151092817110078e-01	2.605415868540765234e-01	1.584471248041339486e-01	7.640147251731976841e-02	3.249961160164455132e-02	8.149584758828044839e-02
1.259755363635835920e+03	2.453048705039033439e-01	1.449994833373252912e-01	2.606666687532347981e-01	1.585266897000478792e-01	7.643448918335547793e-02	3.252122625256548272e-02	8.154657226956096849e-02
1.261206694699932314e+03	2.451108307112268292e-01	1.448840578967097170e-01	2.607915199113982063e-01	1.586061205469007640e-01	7.646745077148071890e-02	3.254281078430628499e-02	8.159720937797068641e-02
1.262658025764028707e+03	2.449171273892701006e-01	1.447688326115363355e-01	2.609161407479780870e-01	1.586854175861051042e-01	7.650035737797827862e-02	3.256436522488247165e-02	8.164775906224290558e-02
1.264109356828125556e+03	2.447237599535271035e-01	1.446538071340846832e-01	2.610405316816234444e-01	1.587645810585629758e-01	7.653320909894360813e-02	3.258588960235457577e-02	8.169822147089687847e-02
1.265560687892221949e+03	2.445307278205111901e-01	1.445389811172409222e-01	2.611646931302230024e-01	1.588436112046675008e-01	7.656600603028533569e-02	3.260738394482770586e-02	8.174859675223762612e-02
1.267012018956318798e+03	2.443380304077533149e-01	1.444243542144966752e-01	2.612886255109063693e-01	1.589225082643042908e-01	7.659874826772565537e-02	3.262884828045106017e-02	8.179888505435596591e-02
1.268463350020415419e+03	2.441456671338003426e-01	1.443099260799479977e-01	2.614123292400453713e-01	1.590012724768530283e-01	7.663143590680082662e-02	3.265028263741745485e-02	8.184908652512835892e-02
1.269914681084511813e+03	2.439536374182131317e-01	1.441956963682942683e-01	2.615358047332558278e-01	1.590799040811888554e-01	7.666406904286161839e-02	3.267168704396286594e-02	8.189920131221681276e-02
1.271366012148608434e+03	2.437619406815648704e-01	1.440816647348372170e-01	2.616590524053988287e-01	1.591584033156838718e-01	7.669664777107376707e-02	3.269306152836597146e-02	8.194922956306888162e-02
1.272817343212705055e+03	2.435705763454392159e-01	1.439678308354796765e-01	2.617820726705822887e-01	1.592367704182085786e-01	7.672917218641840675e-02	3.271440611894771422e-02	8.199917142491751354e-02
1.274268674276801676e+03	2.433795438324285465e-01	1.438541943267246936e-01	2.619048659421624459e-01	1.593150056261333769e-01	7.676164238369251325e-02	3.273572084407079530e-02	8.204902704478100883e-02
1.275720005340898297e+03	2.431888425661321018e-01	1.437407548656744749e-01	2.620274326327451941e-01	1.593931091763299279e-01	7.679405845750938986e-02	3.275700573213927158e-02	8.209879656946300619e-02
1.277171336404994690e+03	2.429984719711542895e-01	1.436275121100291374e-01	2.621497731541877485e-01	1.594710813051727072e-01	7.682642050229908370e-02	3.277826081159808391e-02	8.214848014555234390e-02
1.278622667469091539e+03	2.428084314731028259e-01	1.435144657180858763e-01	2.622718879175997553e-01	1.595489222485403646e-01	7.685872861230885755e-02	3.279948611093261301e-02	8.219807791942305986e-02
1.280073998533187932e+03	2.426187204985871537e-01	1.434016153487377709e-01	2.623937773333451795e-01	1.596266322418171402e-01	7.689098288160355066e-02	3.282068165866823539e-02	8.224759003723432216e-02
1.281525329597284326e+03	2.424293384752164160e-01	1.432889606614727862e-01	2.625154418110434151e-01	1.597042115198943624e-01	7.692318340406614774e-02	3.284184748336987231e-02	8.229701664493037361e-02
1.282976660661381175e+03	2.422402848315979018e-01	1.431765013163727451e-01	2.626368817595708394e-01	1.597816603171717531e-01	7.695533027339808430e-02	3.286298361364155263e-02	8.234635788824053171e-02
1.284427991725477568e+03	2.420515589973351589e-01	1.430642369741122188e-01	2.627580975870622004e-01	1.598589788675589540e-01	7.698742358311981560e-02	3.288409007812598955e-02	8.239561391267906376e-02
1.285879322789574417e+03	2.418631604030263005e-01	1.429521672959574996e-01	2.628790897009121719e-01	1.599361674044768589e-01	7.701946342657113587e-02	3.290516690550412959e-02	8.244478486354524238e-02
1.287330653853671038e+03	2.416750884802622568e-01	1.428402919437656571e-01	2.629998585077766848e-01	1.600132261608590289e-01	7.705144989691167789e-02	3.292621412449471541e-02	8.249387088592326223e-02
1.288781984917767431e+03	2.414873426616250263e-01	1.427286105799832894e-01	2.631204044135744824e-01	1.600901553691530810e-01	7.708338308712132936e-02	3.294723176385386254e-02	8.254287212468224000e-02
1.290233315981864052e+03	2.412999223806858162e-01	1.426171228676456348e-01	2.632407278234882853e-01	1.601669552613221303e-01	7.711526309000067692e-02	3.296821985237463615e-02	8.259178872447615893e-02
