1.001418434226643626e+03	2.791815729275183289e-01	1.809363474577964093e-01	2.350044870836207889e-01	1.410973936480218183e-01	6.801169291213665646e-02	2.687578387315981560e-02	6.889272209759397803e-02
1.003837319333471214e+03	2.787510765840061078e-01	1.806632211390396814e-01	2.353109019664160473e-01	1.412731983575698236e-01	6.808229318836243882e-02	2.691951836603983031e-02	6.899979039841382111e-02
1.006256204440298802e+03	2.783218168870548737e-01	1.803908542842197760e-01	2.356164565785213993e-01	1.414484537469622716e-01	6.815269336646849474e-02	2.696317051182604493e-02	6.910655462479486921e-02
1.008675089547126618e+03	2.778937902726134612e-01	1.801192447772197724e-01	2.359211533241562797e-01	1.416231616065155852e-01	6.822289406884128604e-02	2.700674030299390210e-02	6.921301564750745317e-02
1.011093974653954206e+03	2.774669931870210049e-01	1.798483905078226974e-01	2.362249946008155022e-01	1.417973237208589032e-01	6.829289591476994659e-02	2.705022773358676733e-02	6.931917433497290781e-02
1.013512859760782021e+03	2.770414220869755750e-01	1.795782893716950934e-01	2.365279827992878559e-01	1.419709418689424352e-01	6.836269952048207310e-02	2.709363279919890788e-02	6.942503155326576469e-02
1.015931744867609382e+03	2.766170734395024811e-01	1.793089392703706708e-01	2.368301203036751179e-01	1.421440178240460650e-01	6.843230549917866945e-02	2.713695549695866252e-02	6.953058816611608350e-02
1.018350629974437197e+03	2.761939437219228521e-01	1.790403381112338210e-01	2.371314094914106774e-01	1.423165533537881500e-01	6.850171446106863293e-02	2.718019582551177080e-02	6.963584503491183908e-02
1.020769515081264785e+03	2.757720294218226065e-01	1.787724838075033795e-01	2.374318527332782425e-01	1.424885502201345688e-01	6.857092701340261609e-02	2.722335378500494521e-02	6.974080301870144716e-02
1.023188400188092373e+03	2.753513270370210875e-01	1.785053742782163055e-01	2.377314523934304091e-01	1.426600101794078812e-01	6.863994376050623625e-02	2.726642937706958911e-02	6.984546297419626237e-02
1.025607285294920075e+03	2.749318330755401441e-01	1.782390074482115283e-01	2.380302108294074237e-01	1.428309349822968477e-01	6.870876530381281322e-02	2.730942260480572273e-02	6.994982575577332606e-02
1.028026170401747549e+03	2.745135440555731554e-01	1.779733812481135991e-01	2.383281303921555017e-01	1.430013263738660056e-01	6.877739224189548251e-02	2.735233347276605151e-02	7.005389221547798917e-02
1.030445055508575479e+03	2.740964565054543334e-01	1.777084936143167038e-01	2.386252134260454238e-01	1.431711860935654945e-01	6.884582517049875339e-02	2.739516198694027030e-02	7.015766320302681269e-02
1.032863940615402726e+03	2.736805669636278027e-01	1.774443424889685095e-01	2.389214622688909662e-01	1.433405158752409925e-01	6.891406468256960904e-02	2.743790815473948555e-02	7.026113956581042652e-02
1.035282825722230655e+03	2.732658719786171808e-01	1.771809258199540660e-01	2.392168792519672460e-01	1.435093174471440136e-01	6.898211136828794054e-02	2.748057198498084566e-02	7.036432214889649928e-02
1.037701710829058356e+03	2.728523681089950470e-01	1.769182415608799019e-01	2.395114667000289299e-01	1.436775925319421499e-01	6.904996581509657838e-02	2.752315348787234828e-02	7.046721179503279142e-02
1.040120595935886058e+03	2.724400519233526330e-01	1.766562876710579821e-01	2.398052269313287188e-01	1.438453428467296458e-01	6.911762860773078276e-02	2.756565267499776900e-02	7.056980934465020838e-02
1.042539481042713533e+03	2.720289200002694030e-01	1.763950621154897758e-01	2.400981622576354446e-01	1.440125701030380290e-01	6.918510032824717881e-02	2.760806955930181217e-02	7.067211563586607570e-02
1.044958366149541234e+03	2.716189689282830777e-01	1.761345628648504635e-01	2.403902749842521669e-01	1.441792760068469903e-01	6.925238155605230317e-02	2.765040415507539692e-02	7.077413150448730317e-02
1.047377251256368709e+03	2.712101953058594361e-01	1.758747878954730892e-01	2.406815674100344360e-01	1.443454622585954028e-01	6.931947286793058161e-02	2.769265647794108900e-02	7.087585778401372938e-02
1.049796136363196410e+03	2.708025957413623952e-01	1.756157351893327112e-01	2.409720418274082510e-01	1.445111305531923684e-01	6.938637483807177930e-02	2.773482654483874418e-02	7.097729530564152178e-02
1.052215021470024112e+03	2.703961668530243112e-01	1.753574027340306651e-01	2.412617005223881284e-01	1.446762825800287089e-01	6.945308803809822906e-02	2.777691437401123495e-02	7.107844489826659062e-02
1.054633906576851814e+03	2.699909052689160038e-01	1.750997885227789375e-01	2.415505457745950324e-01	1.448409200229881511e-01	6.951961303709126849e-02	2.781891998499040619e-02	7.117930738848808614e-02
1.057052791683679516e+03	2.695868076269173352e-01	1.748428905543845113e-01	2.418385798572743051e-01	1.450050445604591232e-01	6.958595040161752454e-02	2.786084339858313150e-02	7.127988360061199291e-02
1.059471676790506763e+03	2.691838705746875116e-01	1.745867068332336569e-01	2.421258050373135684e-01	1.451686578653462734e-01	6.965210069575458740e-02	2.790268463685754291e-02	7.138017435665473809e-02
1.061890561897334692e+03	2.687820907696359396e-01	1.743312353692764438e-01	2.424122235752603771e-01	1.453317616050825434e-01	6.971806448111630972e-02	2.794444372312940295e-02	7.148018047634685512e-02
1.064309447004162394e+03	2.683814648788925283e-01	1.740764741780112534e-01	2.426978377253401487e-01	1.454943574416409091e-01	6.978384231687766170e-02	2.798612068194862232e-02	7.157990277713671690e-02
1.066728332110990095e+03	2.679819895792786566e-01	1.738224212804692914e-01	2.429826497354738712e-01	1.456564470315465931e-01	6.984943475979918381e-02	2.802771553908592339e-02	7.167934207419435211e-02
1.069147217217817570e+03	2.675836615572781407e-01	1.735690747031989334e-01	2.432666618472956455e-01	1.458180320258892493e-01	6.991484236425100918e-02	2.806922832151964933e-02	7.177849918041524779e-02
1.071566102324645271e+03	2.671864775090080912e-01	1.733164324782507371e-01	2.435498762961703645e-01	1.459791140703352308e-01	6.998006568223656687e-02	2.811065905742271206e-02	7.187737490642423510e-02
1.073984987431472746e+03	2.667904341401898805e-01	1.730644926431616770e-01	2.438322953112112834e-01	1.461396948051401357e-01	7.004510526341578558e-02	2.815200777614966510e-02	7.197597006057949998e-02
1.076403872538300675e+03	2.663955281661206653e-01	1.728132532409401567e-01	2.441139211152975330e-01	1.462997758651612135e-01	7.010996165512796419e-02	2.819327450822394637e-02	7.207428544897646894e-02
1.078822757645127922e+03	2.660017563116442996e-01	1.725627123200505209e-01	2.443947559250915502e-01	1.464593588798701607e-01	7.017463540241428155e-02	2.823445928532521479e-02	7.217232187545190303e-02
1.081241642751955851e+03	2.656091153111230230e-01	1.723128679343980119e-01	2.446748019510565086e-01	1.466184454733657216e-01	7.023912704803986218e-02	2.827556214027685325e-02	7.227008014158795013e-02
1.083660527858783553e+03	2.652176019084086511e-01	1.720637181433135321e-01	2.449540613974736658e-01	1.467770372643866506e-01	7.030343713251559212e-02	2.831658310703357578e-02	7.236756104671632217e-02
1.086079412965611255e+03	2.648272128568142647e-01	1.718152610115383505e-01	2.452325364624597659e-01	1.469351358663245621e-01	7.036756619411944913e-02	2.835752222066920125e-02	7.246476538792238908e-02
1.088498298072438729e+03	2.644379449190860654e-01	1.715674946092092534e-01	2.455102293379841927e-01	1.470927428872370046e-01	7.043151476891756912e-02	2.839837951736451024e-02	7.256169396004941152e-02
1.090917183179266431e+03	2.640497948673748430e-01	1.713204170118433345e-01	2.457871422098862335e-01	1.472498599298605881e-01	7.049528339078495187e-02	2.843915503439525816e-02	7.265834755570281522e-02
1.093336068286093905e+03	2.636627594832079979e-01	1.710740263003230344e-01	2.460632772578922878e-01	1.474064885916241407e-01	7.055887259142580581e-02	2.847984881012030622e-02	7.275472696525445149e-02
1.095754953392921607e+03	2.632768355574613972e-01	1.708283205608812361e-01	2.463386366556329643e-01	1.475626304646621145e-01	7.062228290039357370e-02	2.852046088396987047e-02	7.285083297684694092e-02
1.098173838499749309e+03	2.628920198903315075e-01	1.705832978850861381e-01	2.466132225706600678e-01	1.477182871358277694e-01	7.068551484511066685e-02	2.856099129643389911e-02	7.294666637639800333e-02
1.100592723606577010e+03	2.625083092913076399e-01	1.703389563698266274e-01	2.468870371644637518e-01	1.478734601867067733e-01	7.074856895088779685e-02	2.860144008905055393e-02	7.304222794760491244e-02
1.103011608713404712e+03	2.621257005791439165e-01	1.700952941172972355e-01	2.471600825924894773e-01	1.480281511936305805e-01	7.081144574094305755e-02	2.864180730439484096e-02	7.313751847194885358e-02
1.105430493820231959e+03	2.617441905818318482e-01	1.698523092349834840e-01	2.474323610041549160e-01	1.481823617276901983e-01	7.087414573642070170e-02	2.868209298606732779e-02	7.323253872869947556e-02
1.107849378927059888e+03	2.613637761365726897e-01	1.696099998356470073e-01	2.477038745428667421e-01	1.483360933547496763e-01	7.093666945640955679e-02	2.872229717868297894e-02	7.332728949491935933e-02
1.110268264033887590e+03	2.609844540897498510e-01	1.693683640373108701e-01	2.479746253460376471e-01	1.484893476354598452e-01	7.099901741796121879e-02	2.876241992786012294e-02	7.342177154546848661e-02
1.112687149140715292e+03	2.606062212969016412e-01	1.691273999632449121e-01	2.482446155451029646e-01	1.486421261252721671e-01	7.106119013610791291e-02	2.880246128020952021e-02	7.351598565300890287e-02
1.115106034247542766e+03	2.602290746226938456e-01	1.688871057419510935e-01	2.485138472655376018e-01	1.487944303744525854e-01	7.112318812388009059e-02	2.884242128332353480e-02	7.360993258800925532e-02
1.117524919354370468e+03	2.598530109408926370e-01	1.686474795071489508e-01	2.487823226268724985e-01	1.489462619280953470e-01	7.118501189232367965e-02	2.888229998576542779e-02	7.370361311874941423e-02
1.119943804461197942e+03	2.594780271343374856e-01	1.684085193977609141e-01	2.490500437427114466e-01	1.490976223261370193e-01	7.124666195051712614e-02	2.892209743705876149e-02	7.379702801132514978e-02
1.122362689568025871e+03	2.591041200949140144e-01	1.681702235578979299e-01	2.493170127207476328e-01	1.492485131033704782e-01	7.130813880558818652e-02	2.896181368767688363e-02	7.389017802965279491e-02
1.124781574674853118e+03	2.587312867235269653e-01	1.679325901368449170e-01	2.495832316627801528e-01	1.493989357894590086e-01	7.136944296273038668e-02	2.900144878903255369e-02	7.398306393547393611e-02
1.127200459781681047e+03	2.583595239300735535e-01	1.676956172890463059e-01	2.498487026647306097e-01	1.495488919089503210e-01	7.143057492521924512e-02	2.904100279346764554e-02	7.407568648836013181e-02
1.129619344888508749e+03	2.579888286334167669e-01	1.674593031740918003e-01	2.501134278166595171e-01	1.496983829812907896e-01	7.149153519442826010e-02	2.908047575424296469e-02	7.416804644571774185e-02
1.132038229995336451e+03	2.576191977613584427e-01	1.672236459567017219e-01	2.503774092027826748e-01	1.498474105208396079e-01	7.155232426984461935e-02	2.911986772552816252e-02	7.426014456279259046e-02
1.134457115102163925e+03	2.572506282506127895e-01	1.669886438067129941e-01	2.506406489014876837e-01	1.499959760368830552e-01	7.161294264908467377e-02	2.915917876239175477e-02	7.435198159267486506e-02
1.136876000208991627e+03	2.568831170467799074e-01	1.667542948990648199e-01	2.509031489853500441e-01	1.501440810336488185e-01	7.167339082790917526e-02	2.919840892079122660e-02	7.444355828630384864e-02
1.139294885315819101e+03	2.565166611043194766e-01	1.665205974137842493e-01	2.511649115211496142e-01	1.502917270103202030e-01	7.173366930023823695e-02	2.923755825756325574e-02	7.453487539247281857e-02
1.141713770422646803e+03	2.561512573865241116e-01	1.662875495359721623e-01	2.514259385698868199e-01	1.504389154610505652e-01	7.179377855816615472e-02	2.927662683041402231e-02	7.462593365783393162e-02
1.144132655529474505e+03	2.557869028654936039e-01	1.660551494557891694e-01	2.516862321867987529e-01	1.505856478749777461e-01	7.185371909197592333e-02	2.931561469790959842e-02	7.471673382690302567e-02
1.146551540636302207e+03	2.554235945221082771e-01	1.658233953684412620e-01	2.519457944213752132e-01	1.507319257362383647e-01	7.191349139015351666e-02	2.935452191946645584e-02	7.480727664206460181e-02
1.148970425743129908e+03	2.550613293460033404e-01	1.655922854741659900e-01	2.522046273173752517e-01	1.508777505239823902e-01	7.197309593940195982e-02	2.939334855534204982e-02	7.489756284357666771e-02
1.151389310849957155e+03	2.547001043355425209e-01	1.653618179782182784e-01	2.524627329128427689e-01	1.510231237123875470e-01	7.203253322465527630e-02	2.943209466662551413e-02	7.498759316957573362e-02
1.153808195956785084e+03	2.543399164977925286e-01	1.651319910908563837e-01	2.527201132401226680e-01	1.511680467706738307e-01	7.209180372909206047e-02	2.947076031522841491e-02	7.507736835608173898e-02
1.156227081063612786e+03	2.539807628484969659e-01	1.649028030273281265e-01	2.529767703258767320e-01	1.513125211631181355e-01	7.215090793414899450e-02	2.950934556387562607e-02	7.516688913700302066e-02
1.158645966170440488e+03	2.536226404120507372e-01	1.646742520078568195e-01	2.532327061910997767e-01	1.514565483490686870e-01	7.220984631953403232e-02	2.954785047609627402e-02	7.525615624414130900e-02
1.161064851277267962e+03	2.532655462214744579e-01	1.644463362576274457e-01	2.534879228511351945e-01	1.516001297829596695e-01	7.226861936323945856e-02	2.958627511621477260e-02	7.534517040719672376e-02
1.163483736384095664e+03	2.529094773183886424e-01	1.642190540067727522e-01	2.537424223156910519e-01	1.517432669143258250e-01	7.232722754155476719e-02	2.962461954934195521e-02	7.543393235377275630e-02
1.165902621490923138e+03	2.525544307529885013e-01	1.639924034903595673e-01	2.539962065888556331e-01	1.518859611878170812e-01	7.238567132907930413e-02	2.966288384136627279e-02	7.552244280938134879e-02
1.168321506597751068e+03	2.522004035840182956e-01	1.637663829483749778e-01	2.542492776691135381e-01	1.520282140432131501e-01	7.244395119873470179e-02	2.970106805894509594e-02	7.561070249744789029e-02
1.170740391704578315e+03	2.518473928787464122e-01	1.635409906257125345e-01	2.545016375493608929e-01	1.521700269154382112e-01	7.250206762177717479e-02	2.973917226949608639e-02	7.569871213931628207e-02
1.173159276811406244e+03	2.514953957129396622e-01	1.633162247721586247e-01	2.547532882169215029e-01	1.523114012345755941e-01	7.256002106780959360e-02	2.977719654118865522e-02	7.578647245425398915e-02
1.175578161918233945e+03	2.511444091708383008e-01	1.630920836423788711e-01	2.550042316535620079e-01	1.524523384258823777e-01	7.261781200479341947e-02	2.981514094293550438e-02	7.587398415945716124e-02
1.177997047025061647e+03	2.507944303451311030e-01	1.628685654959044216e-01	2.552544698355076469e-01	1.525928399098041288e-01	7.267544089906040339e-02	2.985300554438425485e-02	7.596124797005562868e-02
1.180415932131889122e+03	2.504454563369302167e-01	1.626456685971184868e-01	2.555040047334578013e-01	1.527329071019896123e-01	7.273290821532418793e-02	2.989079041590912006e-02	7.604826459911810665e-02
1.182834817238716823e+03	2.500974842557464051e-01	1.624233912152426851e-01	2.557528383126014826e-01	1.528725414133054461e-01	7.279021441669167314e-02	2.992849562860272136e-02	7.613503475765717732e-02
1.185253702345544298e+03	2.497505112194638721e-01	1.622017316243236362e-01	2.560009725326325980e-01	1.530117442498507840e-01	7.284735996467425756e-02	2.996612125426790715e-02	7.622155915463452169e-02
1.187672587452371999e+03	2.494045343543158655e-01	1.619806881032194723e-01	2.562484093477655489e-01	1.531505170129721927e-01	7.290434531919887107e-02	3.000366736540970372e-02	7.630783849696594345e-02
1.190091472559199701e+03	2.490595507948599185e-01	1.617602589355864318e-01	2.564951507067503300e-01	1.532888610992781675e-01	7.296117093861886893e-02	3.004113403522732859e-02	7.639387348952655921e-02
1.192510357666027403e+03	2.487155576839530924e-01	1.615404424098654534e-01	2.567411985528880725e-01	1.534267779006540100e-01	7.301783727972482874e-02	3.007852133760625588e-02	7.647966483515587777e-02
1.194929242772855105e+03	2.483725521727276897e-01	1.613212368192687707e-01	2.569865548240461983e-01	1.535642688042764548e-01	7.307434479775506975e-02	3.011582934711038231e-02	7.656521323466300433e-02
1.197348127879682352e+03	2.480305314205666078e-01	1.611026404617667551e-01	2.572312214526736307e-01	1.537013351926284632e-01	7.313069394640608900e-02	3.015305813897425913e-02	7.665051938683176136e-02
1.199767012986510281e+03	2.476894925950791082e-01	1.608846516400745386e-01	2.574752003658158928e-01	1.538379784435139341e-01	7.318688517784290026e-02	3.019020778909538641e-02	7.673558398842583728e-02
1.202185898093337983e+03	2.473494328720765023e-01	1.606672686616387458e-01	2.577184934851303733e-01	1.539741999300723307e-01	7.324291894270910930e-02	3.022727837402658727e-02	7.682040773419392121e-02
1.204604783200165684e+03	2.470103494355479490e-01	1.604504898386243938e-01	2.579611027269013701e-01	1.541100010207935578e-01	7.329879569013694751e-02	3.026426997096846871e-02	7.690499131687492107e-02
1.207023668306993159e+03	2.466722394776362237e-01	1.602343134879016529e-01	2.582030300020550784e-01	1.542453830795326164e-01	7.335451586775704191e-02	3.030118265776190339e-02	7.698933542720312606e-02
1.209442553413820860e+03	2.463351001986138766e-01	1.600187379310327451e-01	2.584442772161745783e-01	1.543803474655242591e-01	7.341007992170825447e-02	3.033801651288063964e-02	7.707344075391332761e-02
1.211861438520648335e+03	2.459989288068590019e-01	1.598037614942588724e-01	2.586848462695149342e-01	1.545148955333978114e-01	7.346548829664711899e-02	3.037477161542394624e-02	7.715730798374603738e-02
1.214280323627476264e+03	2.456637225188315898e-01	1.595893825084871431e-01	2.589247390570180163e-01	1.546490286331917152e-01	7.352074143575734744e-02	3.041144804510932664e-02	7.724093780145264987e-02
1.216699208734303511e+03	2.453294785590494631e-01	1.593755993092775824e-01	2.591639574683272107e-01	1.547827481103684066e-01	7.357583978075915576e-02	3.044804588226530592e-02	7.732433088980067426e-02
1.219118093841131440e+03	2.449961941600647120e-01	1.591624102368301152e-01	2.594025033878026298e-01	1.549160553058288037e-01	7.363078377191838164e-02	3.048456520782428722e-02	7.740748792957885538e-02
1.221536978947959142e+03	2.446638665624399078e-01	1.589498136359716318e-01	2.596403786945356007e-01	1.550489515559271836e-01	7.368557384805558830e-02	3.052100610331545671e-02	7.749040959960239172e-02
1.223955864054786844e+03	2.443324930147245666e-01	1.587378078561431927e-01	2.598775852623634863e-01	1.551814381924856989e-01	7.374021044655494628e-02	3.055736865085778575e-02	7.757309657671812575e-02
1.226374749161614318e+03	2.440020707734315009e-01	1.585263912513869000e-01	2.601141249598844518e-01	1.553135165428090603e-01	7.379469400337307361e-02	3.059365293315305032e-02	7.765554953580970643e-02
1.228793634268442020e+03	2.436725971030135607e-01	1.583155621803333524e-01	2.603499996504722303e-01	1.554451879296992189e-01	7.384902495304766779e-02	3.062985903347896152e-02	7.773776914980283503e-02
1.231212519375269494e+03	2.433440692758400692e-01	1.581053190061886271e-01	2.605852111922903336e-01	1.555764536714699386e-01	7.390320372870612387e-02	3.066598703568233081e-02	7.781975608967039992e-02
1.233631404482097196e+03	2.430164845721735911e-01	1.578956600967216795e-01	2.608197614383071516e-01	1.557073150819614504e-01	7.395723076207395830e-02	3.070203702417229064e-02	7.790151102443770847e-02
1.236050289588924898e+03	2.426898402801467014e-01	1.576865838242514917e-01	2.610536522363102185e-01	1.558377734705550244e-01	7.401110648348313559e-02	3.073800908391360887e-02	7.798303462118764962e-02
1.238469174695752372e+03	2.423641336957388648e-01	1.574780885656344442e-01	2.612868854289207010e-01	1.559678301421875968e-01	7.406483132188029783e-02	3.077390330042003089e-02	7.806432754506592575e-02
1.240888059802580301e+03	2.420393621227532599e-01	1.572701727022516316e-01	2.615194628536079979e-01	1.560974863973662308e-01	7.411840570483485546e-02	3.080971975974769114e-02	7.814539045928620142e-02
1.243306944909407548e+03	2.417155228727938254e-01	1.570628346199962611e-01	2.617513863427040066e-01	1.562267435321827991e-01	7.417183005854705025e-02	3.084545854848859056e-02	7.822622402513533524e-02
1.245725830016235477e+03	2.413926132652421952e-01	1.568560727092610518e-01	2.619826577234177223e-01	1.563556028383284169e-01	7.422510480785576847e-02	3.088111975376413298e-02	7.830682890197852852e-02
1.248144715123063179e+03	2.410706306272350774e-01	1.566498853649257450e-01	2.622132788178493379e-01	1.564840656031080135e-01	7.427823037624642355e-02	3.091670346321871363e-02	7.838720574726452950e-02
1.250563600229890881e+03	2.407495722936411897e-01	1.564442709863444469e-01	2.624432514430046770e-01	1.566121331094547375e-01	7.433120718585856102e-02	3.095220976501336652e-02	7.846735521653082357e-02
1.252982485336718355e+03	2.404294356070386385e-01	1.562392279773333337e-01	2.626725774108094602e-01	1.567398066359445563e-01	7.438403565749351909e-02	3.098763874781946398e-02	7.854727796340883750e-02
1.255401370443546057e+03	2.401102179176922979e-01	1.560347547461580220e-01	2.629012585281234049e-01	1.568670874568106333e-01	7.443671621062188104e-02	3.102299050081248205e-02	7.862697463962904643e-02
1.257820255550373531e+03	2.397919165835311339e-01	1.558308497055213016e-01	2.631292965967546582e-01	1.569939768419576775e-01	7.448924926339088592e-02	3.105826511366580750e-02	7.870644589502624744e-02
1.260239140657201460e+03	2.394745289701256941e-01	1.556275112725506726e-01	2.633566934134737303e-01	1.571204760569765990e-01	7.454163523263174218e-02	3.109346267654462467e-02	7.878569237754465271e-02
1.262658025764028707e+03	2.391580524506657368e-01	1.554247378687860226e-01	2.635834507700274831e-01	1.572465863631586358e-01	7.459387453386678857e-02	3.112858328009982661e-02	7.886471473324316306e-02
1.265076910870856636e+03	2.388424844059378604e-01	1.552225279201673580e-01	2.638095704531535635e-01	1.573723090175098427e-01	7.464596758131665510e-02	3.116362701546199210e-02	7.894351360630040559e-02
1.267495795977684338e+03	2.385278222243030211e-01	1.550208798570224533e-01	2.640350542445941695e-01	1.574976452727654130e-01	7.469791478790727135e-02	3.119859397423543554e-02	7.902208963901997951e-02
1.269914681084511813e+03	2.382140633016743836e-01	1.548197921140546940e-01	2.642599039211099843e-01	1.576225963774039729e-01	7.474971656527680530e-02	3.123348424849227423e-02	7.910044347183563251e-02
1.272333566191339514e+03	2.379012050414952562e-01	1.546192631303308362e-01	2.644841212544942755e-01	1.577471635756619028e-01	7.480137332378251902e-02	3.126829793076657538e-02	7.917857574331635395e-02
1.274752451298167216e+03	2.375892448547168578e-01	1.544192913492688224e-01	2.647077080115868286e-01	1.578713481075476044e-01	7.485288547250749935e-02	3.130303511404852745e-02	7.925648709017159288e-02
1.277171336404994690e+03	2.372781801597763085e-01	1.542198752186256516e-01	2.649306659542876030e-01	1.579951512088557664e-01	7.490425341926738867e-02	3.133769589177871212e-02	7.933417814725633732e-02
1.279590221511822392e+03	2.369680083825746464e-01	1.540210131904853064e-01	2.651529968395707204e-01	1.581185741111814647e-01	7.495547757061694905e-02	3.137228035784236230e-02	7.941164954757630456e-02
1.282009106618650094e+03	2.366587269564549845e-01	1.538227037212466508e-01	2.653747024194982873e-01	1.582416180419344287e-01	7.500655833185659871e-02	3.140678860656371391e-02	7.948890192229308982e-02
1.284427991725477568e+03	2.363503333221806113e-01	1.536249452716114128e-01	2.655957844412339397e-01	1.583642842243533078e-01	7.505749610703879582e-02	3.144122073270041312e-02	7.956593590072923161e-02
1.286846876832305497e+03	2.360428249279133417e-01	1.534277363065721655e-01	2.658162446470567764e-01	1.584865738775195487e-01	7.510829129897450551e-02	3.147557683143792362e-02	7.964275211037342983e-02
1.289265761939132744e+03	2.357361992291915898e-01	1.532310752954003374e-01	2.660360847743749590e-01	1.586084882163717458e-01	7.515894430923936165e-02	3.150985699838403792e-02	7.971935117688559724e-02
1.291684647045960673e+03	2.354304536889090249e-01	1.530349607116343880e-01	2.662553065557393128e-01	1.587300284517196014e-01	7.520945553817995344e-02	3.154406132956338871e-02	7.979573372410198040e-02
1.294103532152788375e+03	2.351255857772927838e-01	1.528393910330676786e-01	2.664739117188569817e-01	1.588511957902579708e-01	7.525982538491993168e-02	3.157818992141207814e-02	7.987190037404032217e-02
1.296522417259616077e+03	2.348215929718819872e-01	1.526443647417368710e-01	2.666919019866048068e-01	1.589719914345809060e-01	7.531005424736605947e-02	3.161224287077224471e-02	7.994785174690487162e-02
1.298941302366443551e+03	2.345184727575064521e-01	1.524498803239099642e-01	2.669092790770430379e-01	1.590924165831955894e-01	7.536014252221424903e-02	3.164622027488678963e-02	8.002358846109160206e-02
1.301360187473271253e+03	2.342162226262652636e-01	1.522559362700744712e-01	2.671260447034289331e-01	1.592124724305364059e-01	7.541009060495540428e-02	3.168012223139408251e-02	8.009911113319316545e-02
1.303779072580098727e+03	2.339148400775053482e-01	1.520625310749257053e-01	2.673422005742297491e-01	1.593321601669787646e-01	7.545989888988131888e-02	3.171394883832273637e-02	8.017442037800406873e-02
1.306197957686926657e+03	2.336143226178003796e-01	1.518696632373549571e-01	2.675577483931366185e-01	1.594514809788530885e-01	7.550956777009046328e-02	3.174770019408640342e-02	8.024951680852573932e-02
1.308616842793753904e+03	2.333146677609296005e-01	1.516773312604378920e-01	2.677726898590777616e-01	1.595704360484584972e-01	7.555909763749366070e-02	3.178137639747865423e-02	8.032440103597156267e-02
1.311035727900581833e+03	2.330158730278566181e-01	1.514855336514228101e-01	2.679870266662317535e-01	1.596890265540768516e-01	7.560848888281977709e-02	3.181497754766787062e-02	8.039907366977196157e-02
1.313454613007409534e+03	2.327179359467084763e-01	1.512942689217190717e-01	2.682007605040406251e-01	1.598072536699865209e-01	7.565774189562128604e-02	3.184850374419218727e-02	8.047353531757946155e-02
1.315873498114237009e+03	2.324208540527545608e-01	1.511035355868854402e-01	2.684138930572236847e-01	1.599251185664759545e-01	7.570685706427977835e-02	3.188195508695450264e-02	8.054778658527370072e-02
1.318292383221064711e+03	2.321246248883857832e-01	1.509133321666185079e-01	2.686264260057902309e-01	1.600426224098576711e-01	7.575583477601148530e-02	3.191533167621748990e-02	8.062182807696648135e-02
1.320711268327892412e+03	2.318292460030937086e-01	1.507236571847411777e-01	2.688383610250528744e-01	1.601597663624818035e-01	7.580467541687258004e-02	3.194863361259869805e-02	8.069566039500682131e-02
1.323130153434719887e+03	2.315347149534496829e-01	1.505345091691911719e-01	2.690496997856407502e-01	1.602765515827498655e-01	7.585337937176458989e-02	3.198186099706563923e-02	8.076928413998599177e-02
1.325549038541547588e+03	2.312410293030842390e-01	1.503458866520094861e-01	2.692604439535126182e-01	1.603929792251282960e-01	7.590194702443964214e-02	3.201501393093098002e-02	8.084269991074244377e-02
1.327967923648375290e+03	2.309481866226663904e-01	1.501577881693289818e-01	2.694705951899698526e-01	1.605090504401620877e-01	7.595037875750573764e-02	3.204809251584771895e-02	8.091590830436690140e-02
1.330386808755202765e+03	2.306561844898830371e-01	1.499702122613630062e-01	2.696801551516695983e-01	1.606247663744884424e-01	7.599867495243180227e-02	3.208109685380444720e-02	8.098890991620733004e-02
1.332805693862030694e+03	2.303650204894183706e-01	1.497831574723939574e-01	2.698891254906376491e-01	1.607401281708501772e-01	7.604683598955293278e-02	3.211402704712063710e-02	8.106170533987396010e-02
1.335224578968857941e+03	2.300746922129334182e-01	1.495966223507620152e-01	2.700975078542813823e-01	1.608551369681093524e-01	7.609486224807533727e-02	3.214688319844193065e-02	8.113429516724418589e-02
1.337643464075685870e+03	2.297851972590457259e-01	1.494106054488537338e-01	2.703053038854029699e-01	1.609697939012606493e-01	7.614275410608144223e-02	3.217966541073554593e-02	8.120667998846760327e-02
1.340062349182513572e+03	2.294965332333089858e-01	1.492251053230907454e-01	2.705125152222119245e-01	1.610841001014447771e-01	7.619051194053474974e-02	3.221237378728566275e-02	8.127886039197093626e-02
1.342481234289341273e+03	2.292086977481926080e-01	1.490401205339186019e-01	2.707191434983379774e-01	1.611980566959619332e-01	7.623813612728476408e-02	3.224500843168884995e-02	8.135083696446303303e-02
1.344900119396168748e+03	2.289216884230616533e-01	1.488556496457955070e-01	2.709251903428442354e-01	1.613116648082851823e-01	7.628562704107183512e-02	3.227756944784957588e-02	8.142261029093976477e-02
1.347319004502996449e+03	2.286355028841566550e-01	1.486716912271811020e-01	2.711306573802396147e-01	1.614249255580736675e-01	7.633298505553198776e-02	3.231005693997572592e-02	8.149418095468899392e-02
1.349737889609823924e+03	2.283501387645734682e-01	1.484882438505253088e-01	2.713355462304917198e-01	1.615378400611860998e-01	7.638021054320157099e-02	3.234247101257412688e-02	8.156554953729548696e-02
1.352156774716651853e+03	2.280655937042431747e-01	1.483053060922572275e-01	2.715398585090395556e-01	1.616504094296937755e-01	7.642730387552207350e-02	3.237481177044618241e-02	8.163671661864581319e-02
1.354575659823479100e+03	2.277818653499122936e-01	1.481228765327739783e-01	2.717435958268061280e-01	1.617626347718939539e-01	7.647426542284466167e-02	3.240707931868348768e-02	8.170768277693327142e-02
1.356994544930307029e+03	2.274989513551226861e-01	1.479409537564297661e-01	2.719467597902111566e-01	1.618745171923229587e-01	7.652109555443488420e-02	3.243927376266349943e-02	8.177844858866280264e-02
1.359413430037134731e+03	2.272168493801917377e-01	1.477595363515247229e-01	2.721493520011837863e-01	1.619860577917693611e-01	7.656779463847711298e-02	3.247139520804525475e-02	8.184901462865583344e-02
1.361832315143962205e+03	2.269355570921925691e-01	1.475786229102939162e-01	2.723513740571748554e-01	1.620972576672870813e-01	7.661436304207915049e-02	3.250344376076508973e-02	8.191938147005520254e-02
1.364251200250789907e+03	2.266550721649343292e-01	1.473982120288963860e-01	2.725528275511697185e-01	1.622081179122084327e-01	7.666080113127662909e-02	3.253541952703244838e-02	8.198954968433000423e-02
1.366670085357617609e+03	2.263753922789425166e-01	1.472183023074042363e-01	2.727537140717004038e-01	1.623186396161571954e-01	7.670710927103743804e-02	3.256732261332567074e-02	8.205951984128043164e-02
1.369088970464445310e+03	2.260965151214393010e-01	1.470388923497916722e-01	2.729540352028586581e-01	1.624288238650615779e-01	7.675328782526615046e-02	3.259915312638787810e-02	8.212929250904263401e-02
1.371507855571272785e+03	2.258184383863240663e-01	1.468599807639241472e-01	2.731537925243077702e-01	1.625386717411672066e-01	7.679933715680829776e-02	3.263091117322281659e-02	8.219886825409358777e-02
1.373926740678100487e+03	2.255411597741537044e-01	1.466815661615475108e-01	2.733529876112953394e-01	1.626481843230500046e-01	7.684525762745471333e-02	3.266259686109081878e-02	8.226824764125587053e-02
1.376345625784927961e+03	2.252646769921234360e-01	1.465036471582771560e-01	2.735516220346653760e-01	1.627573626856291256e-01	7.689104959794573757e-02	3.269421029750473051e-02	8.233743123370250439e-02
1.378764510891755890e+03	2.249889877540472705e-01	1.463262223735871947e-01	2.737496973608707918e-01	1.628662079001797769e-01	7.693671342797542279e-02	3.272575159022590024e-02	8.240641959296174379e-02
1.381183395998583137e+03	2.247140897803386606e-01	1.461492904307998830e-01	2.739472151519856125e-01	1.629747210343459596e-01	7.698224947619575209e-02	3.275722084726022387e-02	8.247521327892193277e-02
1.383602281105411066e+03	2.244399807979913508e-01	1.459728499570746574e-01	2.741441769657174121e-01	1.630829031521534300e-01	7.702765810022074722e-02	3.278861817685417568e-02	8.254381284983623723e-02
1.386021166212238768e+03	2.241666585405601153e-01	1.457968995833975046e-01	2.743405843554192480e-01	1.631907553140221900e-01	7.707293965663056245e-02	3.281994368749092256e-02	8.261221886232740508e-02
1.388440051319066470e+03	2.238941207481416062e-01	1.456214379445703866e-01	2.745364388701020952e-01	1.632982785767793654e-01	7.711809450097553698e-02	3.285119748788642435e-02	8.268043187139256789e-02
1.390858936425893944e+03	2.236223651673551749e-01	1.454464636792004995e-01	2.747317420544467259e-01	1.634054739936718070e-01	7.716312298778020551e-02	3.288237968698558972e-02	8.274845243040798715e-02
1.393277821532721646e+03	2.233513895513240255e-01	1.452719754296896426e-01	2.749264954488160884e-01	1.635123426143786640e-01	7.720802547054732290e-02	3.291349039395848053e-02	8.281628109113375880e-02
1.395696706639549120e+03	2.230811916596560363e-01	1.450979718422237275e-01	2.751207005892673529e-01	1.636188854850239849e-01	7.725280230176173601e-02	3.294452971819653020e-02	8.288391840371862884e-02
1.398115591746377049e+03	2.228117692584249965e-01	1.449244515667621469e-01	2.753143590075637914e-01	1.637251036481893185e-01	7.729745383289436667e-02	3.297549776930877585e-02	8.295136491670462853e-02
1.400534476853204296e+03	2.225431201201516496e-01	1.447514132570272560e-01	2.755074722311869340e-01	1.638309981429261486e-01	7.734198041440600024e-02	3.300639465711817377e-02	8.301862117703184829e-02
1.402953361960032225e+03	2.222752420237849025e-01	1.445788555704939637e-01	2.757000417833485595e-01	1.639365700047683561e-01	7.738638239575125477e-02	3.303722049165787322e-02	8.308568773004307295e-02
1.405372247066859927e+03	2.220081327546831185e-01	1.444067771683791579e-01	2.758920691830025751e-01	1.640418202657447366e-01	7.743066012538227239e-02	3.306797538316757351e-02	8.315256511948854179e-02
1.407791132173687402e+03	2.217417901045954098e-01	1.442351767156312692e-01	2.760835559448568954e-01	1.641467499543912967e-01	7.747481395075256350e-02	3.309865944208993660e-02	8.321925388753058372e-02
1.410210017280515103e+03	2.214762118716429307e-01	1.440640528809200016e-01	2.762745035793854886e-01	1.642513600957635767e-01	7.751884421832068439e-02	3.312927277906694418e-02	8.328575457474826638e-02
1.412628902387342805e+03	2.212113958603003916e-01	1.438934043366257853e-01	2.764649135928400336e-01	1.643556517114491133e-01	7.756275127355402588e-02	3.315981550493635882e-02	8.335206772014210064e-02
1.415047787494170507e+03	2.209473398813774636e-01	1.437232297588295349e-01	2.766547874872619661e-01	1.644596258195795413e-01	7.760653546093244926e-02	3.319028773072818517e-02	8.341819386113867585e-02
1.417466672600997981e+03	2.206840417520003483e-01	1.435535278273023241e-01	2.768441267604940248e-01	1.645632834348428886e-01	7.765019712395193618e-02	3.322068956766116576e-02	8.348413353359522560e-02
1.419885557707825683e+03	2.204214992955933483e-01	1.433842972254949499e-01	2.770329329061919088e-01	1.646666255684957891e-01	7.769373660512819690e-02	3.325102112713931163e-02	8.354988727180436003e-02
1.422304442814653157e+03	2.201597103418604651e-01	1.432155366405279129e-01	2.772212074138364901e-01	1.647696532283756399e-01	7.773715424600027846e-02	3.328128252074845361e-02	8.361545560849857617e-02
1.424723327921481086e+03	2.198986727267672192e-01	1.430472447631810362e-01	2.774089517687450268e-01	1.648723674189127297e-01	7.778045038713408965e-02	3.331147386025280765e-02	8.368083907485489303e-02
1.427142213028308333e+03	2.196383842925222207e-01	1.428794202878832242e-01	2.775961674520830424e-01	1.649747691411422579e-01	7.782362536812596765e-02	3.334159525759162329e-02	8.374603820049947300e-02
1.429561098135136262e+03	2.193788428875592111e-01	1.427120619127023315e-01	2.777828559408757614e-01	1.650768593927163519e-01	7.786667952760617517e-02	3.337164682487580442e-02	8.381105351351214594e-02
1.431979983241963964e+03	2.191200463665186615e-01	1.425451683393350877e-01	2.779690187080198771e-01	1.651786391679162247e-01	7.790961320324232831e-02	3.340162867438457861e-02	8.387588554043104438e-02
1.434398868348791666e+03	2.188619925902297869e-01	1.423787382730968554e-01	2.781546572222950431e-01	1.652801094576639707e-01	7.795242673174287984e-02	3.343154091856217341e-02	8.394053480625703056e-02
1.436817753455619140e+03	2.186046794256926717e-01	1.422127704229116107e-01	2.783397729483754190e-01	1.653812712495345283e-01	7.799512044886054707e-02	3.346138367001457586e-02	8.400500183445837321e-02
1.439236638562446842e+03	2.183481047460600344e-01	1.420472635013018681e-01	2.785243673468409953e-01	1.654821255277676428e-01	7.803769468939565634e-02	3.349115704150626427e-02	8.406928714697523009e-02
1.441655523669274316e+03	2.180922664306194636e-01	1.418822162243786322e-01	2.787084418741893055e-01	1.655826732732796069e-01	7.808014978719955701e-02	3.352086114595700245e-02	8.413339126422411662e-02
1.444074408776102018e+03	2.178371623647755162e-01	1.417176273118314345e-01	2.788919979828466955e-01	1.656829154636750845e-01	7.812248607517792431e-02	3.355049609643861314e-02	8.419731470510247173e-02
1.446493293882929493e+03	2.175827904400318979e-01	1.415534954869182294e-01	2.790750371211796477e-01	1.657828530732589345e-01	7.816470388529406232e-02	3.358006200617186243e-02	8.426105798699316807e-02
1.448912178989757422e+03	2.173291485539736445e-01	1.413898194764555971e-01	2.792575607335062715e-01	1.658824870730478962e-01	7.820680354857222072e-02	3.360955898852326790e-02	8.432462162576891129e-02
1.451331064096585123e+03	2.170762346102495521e-01	1.412265980108086960e-01	2.794395702601076281e-01	1.659818184307822464e-01	7.824878539510085607e-02	3.363898715700201075e-02	8.438800613579681975e-02
1.453749949203412370e+03	2.168240465185542754e-01	1.410638298238814925e-01	2.796210671372389989e-01	1.660808481109374846e-01	7.829064975403582372e-02	3.366834662525684113e-02	8.445121202994279597e-02
1.456168834310240300e+03	2.165725821946110630e-01	1.409015136531067691e-01	2.798020527971411542e-01	1.661795770747360179e-01	7.833239695360365296e-02	3.369763750707301803e-02	8.451423981957603693e-02
1.458587719417068001e+03	2.163218395601538557e-01	1.407396482394363546e-01	2.799825286680515113e-01	1.662780062801585967e-01	7.837402732110471115e-02	3.372685991636927005e-02	8.457709001457341946e-02
1.461006604523895703e+03	2.160718165429100501e-01	1.405782323273312429e-01	2.801624961742154585e-01	1.663761366819558885e-01	7.841554118291636788e-02	3.375601396719479785e-02	8.463976312332398277e-02
1.463425489630723177e+03	2.158225110765828736e-01	1.404172646647519063e-01	2.803419567358974018e-01	1.664739692316599684e-01	7.845693886449610355e-02	3.378509977372626261e-02	8.470225965273331381e-02
1.465844374737550879e+03	2.155739211008340650e-01	1.402567440031484147e-01	2.805209117693919785e-01	1.665715048775958662e-01	7.849822069038470129e-02	3.381411745026484394e-02	8.476458010822793265e-02
1.468263259844378354e+03	2.153260445612666385e-01	1.400966690974508322e-01	2.806993626870351033e-01	1.666687445648928623e-01	7.853938698420930009e-02	3.384306711123330480e-02	8.482672499375969177e-02
1.470682144951206283e+03	2.150788794094073142e-01	1.399370387060593912e-01	2.808773108972152932e-01	1.667656892354959786e-01	7.858043806868646175e-02	3.387194887117306319e-02	8.488869481181018917e-02
1.473101030058033530e+03	2.148324236026895317e-01	1.397778515908349728e-01	2.810547578043843253e-01	1.668623398281771364e-01	7.862137426562526565e-02	3.390076284474132645e-02	8.495049006339511211e-02
1.475519915164861459e+03	2.145866751044361587e-01	1.396191065170892531e-01	2.812317048090685612e-01	1.669586972785465917e-01	7.866219589593032024e-02	3.392950914670822549e-02	8.501211124806858088e-02
1.477938800271689161e+03	2.143416318838423651e-01	1.394608022535751835e-01	2.814081533078797159e-01	1.670547625190642316e-01	7.870290327960474674e-02	3.395818789195394899e-02	8.507355886392750643e-02
1.480357685378516862e+03	2.140972919159585264e-01	1.393029375724774421e-01	2.815841046935258496e-01	1.671505364790507042e-01	7.874349673575323227e-02	3.398679919546596789e-02	8.513483340761590634e-02
1.482776570485344337e+03	2.138536531816732089e-01	1.391455112494027757e-01	2.817595603548225247e-01	1.672460200846986322e-01	7.878397658258495806e-02	3.401534317233621818e-02	8.519593537432926245e-02
