1.001418434226643626e+03	2.791784564204534691e-01	1.809405192065698109e-01	2.350030454340504005e-01	1.410923030365322517e-01	6.801580506665935721e-02	2.687288956433701165e-02	6.889698127124541105e-02
1.002869765290740247e+03	2.789200078657634863e-01	1.807765553503499489e-01	2.351869985260005291e-01	1.411978261829560932e-01	6.805820548116903179e-02	2.689913214999883895e-02	6.896127444360979075e-02
1.004321096354836754e+03	2.786620050346784727e-01	1.806128651871603263e-01	2.353706415849207145e-01	1.413031513531247674e-01	6.810053370325082345e-02	2.692534513664687421e-02	6.902545800006575083e-02
1.005772427418933376e+03	2.784044471559662393e-01	1.804494482592079174e-01	2.355539751309558838e-01	1.414082789347998192e-01	6.814278986757493772e-02	2.695152852238163685e-02	6.908953212896132290e-02
1.007223758483029997e+03	2.781473334597444058e-01	1.802863041094658614e-01	2.357369996833775516e-01	1.415132093150013037e-01	6.818497410841097006e-02	2.697768230550756999e-02	6.915349701834011542e-02
1.008675089547126618e+03	2.778906631774779590e-01	1.801234322816722966e-01	2.359197157605853745e-01	1.416179428800083406e-01	6.822708655963066748e-02	2.700380648453171509e-02	6.921735285594146636e-02
1.010126420611223239e+03	2.776344355419769205e-01	1.799608323203289451e-01	2.361021238801084832e-01	1.417224800153598085e-01	6.826912735471062088e-02	2.702990105816239011e-02	6.928109982920063747e-02
1.011577751675319632e+03	2.773786497873938495e-01	1.797985037706999467e-01	2.362842245586070922e-01	1.418268211058550388e-01	6.831109662673505445e-02	2.705596602530789541e-02	6.934473812524893921e-02
1.013029082739416367e+03	2.771233051492211774e-01	1.796364461788106104e-01	2.364660183118738324e-01	1.419309665355545369e-01	6.835299450839849023e-02	2.708200138507521962e-02	6.940826793091395275e-02
1.014480413803512761e+03	2.768684008642890992e-01	1.794746590914459428e-01	2.366475056548353328e-01	1.420349166877805935e-01	6.839482113200841262e-02	2.710800713676873516e-02	6.947168943271969654e-02
1.015931744867609382e+03	2.766139361707629640e-01	1.793131420561495937e-01	2.368286871015535811e-01	1.421386719451180614e-01	6.843657662948793297e-02	2.713398327988893882e-02	6.953500281688680673e-02
1.017383075931706003e+03	2.763599103081407216e-01	1.791518946212224683e-01	2.370095631652274215e-01	1.422422326894151323e-01	6.847826113237832912e-02	2.715992981413116805e-02	6.959820826933271753e-02
1.018834406995802851e+03	2.761063225172506463e-01	1.789909163357215061e-01	2.371901343581939436e-01	1.423455993017839483e-01	6.851987477184171005e-02	2.718584673938434851e-02	6.966130597567186944e-02
1.020285738059899245e+03	2.758531720402490062e-01	1.788302067494583480e-01	2.373704011919301193e-01	1.424487721626013503e-01	6.856141767866352765e-02	2.721173405572973811e-02	6.972429612121588960e-02
1.021737069123995752e+03	2.756004581206173976e-01	1.786697654129981716e-01	2.375503641770540242e-01	1.425517516515097394e-01	6.860288998325513032e-02	2.723759176343967456e-02	6.978717889097382776e-02
1.023188400188092373e+03	2.753481800031605808e-01	1.785095918776583857e-01	2.377300238233263641e-01	1.426545381474177421e-01	6.864429181565620541e-02	2.726341986297635064e-02	6.984995446965230892e-02
1.024639731252188767e+03	2.750963369340039266e-01	1.783496856955073262e-01	2.379093806396519739e-01	1.427571320285010159e-01	6.868562330553734663e-02	2.728921835499058604e-02	6.991262304165579700e-02
1.026091062316285615e+03	2.748449281605910288e-01	1.781900464193630351e-01	2.380884351340812055e-01	1.428595336722029985e-01	6.872688458220245489e-02	2.731498724032059913e-02	6.997518479108677525e-02
1.027542393380382237e+03	2.745939529316812622e-01	1.780306736027919834e-01	2.382671878138113153e-01	1.429617434552356292e-01	6.876807577459115306e-02	2.734072651999080658e-02	7.003763990174595444e-02
1.028993724444478858e+03	2.743434104973475618e-01	1.778715668001078776e-01	2.384456391851880463e-01	1.430637617535802930e-01	6.880919701128120070e-02	2.736643619521060555e-02	7.009998855713252264e-02
1.030445055508575479e+03	2.740933001089738141e-01	1.777127255663703831e-01	2.386237897537069330e-01	1.431655889424885419e-01	6.885024842049090876e-02	2.739211626737318717e-02	7.016223094044435338e-02
1.031896386572671872e+03	2.738436210192527476e-01	1.775541494573838197e-01	2.388016400240147719e-01	1.432672253964829001e-01	6.889123013008138785e-02	2.741776673805435341e-02	7.022436723457819996e-02
1.033347717636768493e+03	2.735943724821832679e-01	1.773958380296959680e-01	2.389791904999109540e-01	1.433686714893576131e-01	6.893214226755897678e-02	2.744338760901133406e-02	7.028639762213001463e-02
1.034799048700865114e+03	2.733455537530682933e-01	1.772377908405968483e-01	2.391564416843491025e-01	1.434699275941797025e-01	6.897298496007751856e-02	2.746897888218161402e-02	7.034832228539510124e-02
1.036250379764961508e+03	2.730971640885122564e-01	1.770800074481173880e-01	2.393333940794383496e-01	1.435709940832894660e-01	6.901375833444060859e-02	2.749454055968175714e-02	7.041014140636837892e-02
1.037701710829058356e+03	2.728492027464188285e-01	1.769224874110282564e-01	2.395100481864447239e-01	1.436718713283016424e-01	6.905446251710385674e-02	2.752007264380627871e-02	7.047185516674460415e-02
1.039153041893154750e+03	2.726016689859885322e-01	1.767652302888385873e-01	2.396864045057927328e-01	1.437725597001060229e-01	6.909509763417717720e-02	2.754557513702646926e-02	7.053346374791867601e-02
1.040604372957251599e+03	2.723545620677164103e-01	1.766082356417947863e-01	2.398624635370665559e-01	1.438730595688684499e-01	6.913566381142691175e-02	2.757104804198927395e-02	7.059496733098580279e-02
1.042055704021347992e+03	2.721078812533896385e-01	1.764515030308792531e-01	2.400382257790116547e-01	1.439733713040316221e-01	6.917616117427806410e-02	2.759649136151614418e-02	7.065636609674180724e-02
1.043507035085444613e+03	2.718616258060853053e-01	1.762950320178091890e-01	2.402136917295360219e-01	1.440734952743159547e-01	6.921658984781646484e-02	2.762190509860191698e-02	7.071766022568337640e-02
1.044958366149541234e+03	2.716157949901678026e-01	1.761388221650352637e-01	2.403888618857117354e-01	1.441734318477204679e-01	6.925694995679089472e-02	2.764728925641370474e-02	7.077884989800831139e-02
1.046409697213637855e+03	2.713703880712868832e-01	1.759828730357405613e-01	2.405637367437762908e-01	1.442731813915237304e-01	6.929724162561523571e-02	2.767264383828976770e-02	7.083993529361574948e-02
1.047861028277734476e+03	2.711254043163749960e-01	1.758271841938391644e-01	2.407383167991340167e-01	1.443727442722846643e-01	6.933746497837052492e-02	2.769796884773841755e-02	7.090091659210645547e-02
1.049312359341831097e+03	2.708808429936450657e-01	1.756717552039750718e-01	2.409126025463574072e-01	1.444721208558434888e-01	6.937762013880705014e-02	2.772326428843692459e-02	7.096179397278315482e-02
1.050763690405927491e+03	2.706367033725883831e-01	1.755165856315209771e-01	2.410865944791887316e-01	1.445713115073226362e-01	6.941770723034641766e-02	2.774853016423042482e-02	7.102256761465070012e-02
1.052215021470024112e+03	2.703929847239718853e-01	1.753616750425768811e-01	2.412602930905410614e-01	1.446703165911276401e-01	6.945772637608359223e-02	2.777376647913084098e-02	7.108323769641639034e-02
1.053666352534120733e+03	2.701496863198362686e-01	1.752070230039690646e-01	2.414336988725001021e-01	1.447691364709480233e-01	6.949767769878885393e-02	2.779897323731578967e-02	7.114380439649022059e-02
1.055117683598217127e+03	2.699068074334933787e-01	1.750526290832487564e-01	2.416068123163252757e-01	1.448677715097582974e-01	6.953756132090987974e-02	2.782415044312753702e-02	7.120426789298521519e-02
1.056569014662313975e+03	2.696643473395240465e-01	1.748984928486910506e-01	2.417796339124512472e-01	1.449662220698188231e-01	6.957737736457363098e-02	2.784929810107192316e-02	7.126462836371763587e-02
1.058020345726410369e+03	2.694223053137758672e-01	1.747446138692934914e-01	2.419521641504892018e-01	1.450644885126768091e-01	6.961712595158836558e-02	2.787441621581730408e-02	7.132488598620732867e-02
1.059471676790506763e+03	2.691806806333608137e-01	1.745909917147750179e-01	2.421244035192283151e-01	1.451625711991672008e-01	6.965680720344552546e-02	2.789950479219351770e-02	7.138504093767794600e-02
1.060923007854603611e+03	2.689394725766529048e-01	1.744376259555747155e-01	2.422963525066371693e-01	1.452604704894136789e-01	6.969642124132172101e-02	2.792456383519082916e-02	7.144509339505730749e-02
1.062374338918700232e+03	2.686986804232860959e-01	1.742845161628506223e-01	2.424680115998650576e-01	1.453581867428294927e-01	6.973596818608050751e-02	2.794959334995890041e-02	7.150504353497762200e-02
1.063825669982796853e+03	2.684583034541517810e-01	1.741316619084785078e-01	2.426393812852433995e-01	1.454557203181186809e-01	6.977544815827438351e-02	2.797459334180575630e-02	7.156489153377584844e-02
1.065277001046893474e+03	2.682183409513967387e-01	1.739790627650506238e-01	2.428104620482870457e-01	1.455530715732767377e-01	6.981486127814656717e-02	2.799956381619678192e-02	7.162463756749391786e-02
1.066728332110990095e+03	2.679787921984206345e-01	1.738267183058746224e-01	2.429812543736957764e-01	1.456502408655917236e-01	6.985420766563288364e-02	2.802450477875368176e-02	7.168428181187906645e-02
1.068179663175086489e+03	2.677396564798740775e-01	1.736746281049722229e-01	2.431517587453556062e-01	1.457472285516452637e-01	6.989348744036352756e-02	2.804941623525348746e-02	7.174382444238415479e-02
1.069630994239183110e+03	2.675009330816561781e-01	1.735227917370781858e-01	2.433219756463400607e-01	1.458440349873134922e-01	6.993270072166490881e-02	2.807429819162755857e-02	7.180326563416795926e-02
1.071082325303279504e+03	2.672626212909122168e-01	1.733712087776388688e-01	2.434919055589117032e-01	1.459406605277680513e-01	6.997184762856142881e-02	2.809915065396057302e-02	7.186260556209546346e-02
1.072533656367376352e+03	2.670247203960316451e-01	1.732198788028113112e-01	2.436615489645234944e-01	1.460371055274770347e-01	7.001092827977720146e-02	2.812397362848954169e-02	7.192184440073814966e-02
1.073984987431472746e+03	2.667872296866454773e-01	1.730688013894618182e-01	2.438309063438199586e-01	1.461333703402060702e-01	7.004994279373787103e-02	2.814876712160283359e-02	7.198098232437438737e-02
1.075436318495569594e+03	2.665501484536244581e-01	1.729179761151649064e-01	2.439999781766387377e-01	1.462294553190192081e-01	7.008889128857227757e-02	2.817353113983918703e-02	7.204001950698964152e-02
1.076887649559666215e+03	2.663134759890765646e-01	1.727674025582021655e-01	2.441687649420118955e-01	1.463253608162800590e-01	7.012777388211419161e-02	2.819826568988675203e-02	7.209895612227686101e-02
1.078338980623762609e+03	2.660772115863448972e-01	1.726170802975608154e-01	2.443372671181671951e-01	1.464210871836527095e-01	7.016659069190404885e-02	2.822297077858210851e-02	7.215779234363675632e-02
1.079790311687859230e+03	2.658413545400053479e-01	1.724670089129328454e-01	2.445054851825295972e-01	1.465166347721026940e-01	7.020534183519054616e-02	2.824764641290932257e-02	7.221652834417816025e-02
1.081241642751955851e+03	2.656059041458645464e-01	1.723171879847136545e-01	2.446734196117224536e-01	1.466120039318981882e-01	7.024402742893237628e-02	2.827229259999898547e-02	7.227516429671829168e-02
1.082692973816052472e+03	2.653708597009575842e-01	1.721676170940008299e-01	2.448410708815690340e-01	1.467071950126108970e-01	7.028264758979980986e-02	2.829690934712726993e-02	7.233370037378311634e-02
1.084144304880149093e+03	2.651362205035456832e-01	1.720182958225931202e-01	2.450084394670936361e-01	1.468022083631170538e-01	7.032120243417637473e-02	2.832149666171498645e-02	7.239213674760765216e-02
1.085595635944245487e+03	2.649019858531141969e-01	1.718692237529891587e-01	2.451755258425231676e-01	1.468970443315985863e-01	7.035969207816046567e-02	2.834605455132665000e-02	7.245047359013631616e-02
1.087046967008342108e+03	2.646681550503701685e-01	1.717204004683863250e-01	2.453423304812883121e-01	1.469917032655440325e-01	7.039811663756689875e-02	2.837058302366955720e-02	7.250871107302322982e-02
1.088498298072438729e+03	2.644347273972404433e-01	1.715718255526795522e-01	2.455088538560250000e-01	1.470861855117496231e-01	7.043647622792850727e-02	2.839508208659284952e-02	7.256684936763257987e-02
1.089949629136535123e+03	2.642017021968691148e-01	1.714234985904602437e-01	2.456750964385756297e-01	1.471804914163203082e-01	7.047477096449775158e-02	2.841955174808660084e-02	7.262488864503892361e-02
1.091400960200631971e+03	2.639690787536157490e-01	1.712754191670149695e-01	2.458410586999904557e-01	1.472746213246708402e-01	7.051300096224819014e-02	2.844399201628090845e-02	7.268282907602752196e-02
1.092852291264728365e+03	2.637368563730527193e-01	1.711275868683243828e-01	2.460067411105289203e-01	1.473685755815268006e-01	7.055116633587607544e-02	2.846840289944499100e-02	7.274067083109470033e-02
1.094303622328825213e+03	2.635050343619635971e-01	1.709800012810620273e-01	2.461721441396610144e-01	1.474623545309256822e-01	7.058926719980183895e-02	2.849278440598626908e-02	7.279841408044815387e-02
1.095754953392921607e+03	2.632736120283404868e-01	1.708326619925933099e-01	2.463372682560685256e-01	1.475559585162178611e-01	7.062730366817161765e-02	2.851713654444949439e-02	7.285605899400732222e-02
1.097206284457018228e+03	2.630425886813820280e-01	1.706855685909740572e-01	2.465021139276464546e-01	1.476493878800677895e-01	7.066527585485872509e-02	2.854145932351584078e-02	7.291360574140369477e-02
1.098657615521114849e+03	2.628119636314913965e-01	1.705387206649496279e-01	2.466666816215042912e-01	1.477426429644549954e-01	7.070318387346513633e-02	2.856575275200202990e-02	7.297105449198115767e-02
1.100108946585211470e+03	2.625817361902738623e-01	1.703921178039536632e-01	2.468309718039672640e-01	1.478357241106750541e-01	7.074102783732294508e-02	2.859001683885944306e-02	7.302840541479638237e-02
1.101560277649308091e+03	2.623519056705349017e-01	1.702457595981068939e-01	2.469949849405778386e-01	1.479286316593408368e-01	7.077880785949576536e-02	2.861425159317326078e-02	7.308565867861913090e-02
1.103011608713404712e+03	2.621224713862777000e-01	1.700996456382160849e-01	2.471587214960968282e-01	1.480213659503835100e-01	7.081652405278027196e-02	2.863845702416158157e-02	7.314281445193261677e-02
1.104462939777501106e+03	2.618934326527015410e-01	1.699537755157727592e-01	2.473221819345048644e-01	1.481139273230535347e-01	7.085417652970750491e-02	2.866263314117456495e-02	7.319987290293382409e-02
1.105914270841597499e+03	2.616647887861990873e-01	1.698081488229521985e-01	2.474853667190036743e-01	1.482063161159218601e-01	7.089176540254434056e-02	2.868677995369357803e-02	7.325683419953391007e-02
1.107365601905694348e+03	2.614365391043546039e-01	1.696627651526121106e-01	2.476482763120173014e-01	1.482985326668809778e-01	7.092929078329485160e-02	2.871089747133033498e-02	7.331369850935852417e-02
1.108816932969790741e+03	2.612086829259416820e-01	1.695176240982916860e-01	2.478109111751935212e-01	1.483905773131459771e-01	7.096675278370168094e-02	2.873498570382605755e-02	7.337046599974815508e-02
1.110268264033887590e+03	2.609812195709211857e-01	1.693727252542103212e-01	2.479732717694050625e-01	1.484824503912556548e-01	7.100415151524742952e-02	2.875904466105062146e-02	7.342713683775849154e-02
1.111719595097984211e+03	2.607541483604390864e-01	1.692280682152665638e-01	2.481353585547509955e-01	1.485741522370736256e-01	7.104148708915598853e-02	2.878307435300172384e-02	7.348371119016081088e-02
1.113170926162080832e+03	2.605274686168242426e-01	1.690836525770369192e-01	2.482971719905580077e-01	1.486656831857893490e-01	7.107875961639387175e-02	2.880707478980406439e-02	7.354018922344231213e-02
1.114622257226177226e+03	2.603011796635866237e-01	1.689394779357747123e-01	2.484587125353816262e-01	1.487570435719193229e-01	7.111596920767156160e-02	2.883104598170849533e-02	7.359657110380646294e-02
1.116073588290273847e+03	2.600752808254148118e-01	1.687955438884090054e-01	2.486199806470076046e-01	1.488482337293081104e-01	7.115311597344478600e-02	2.885498793909122006e-02	7.365285699717336043e-02
1.117524919354370468e+03	2.598497714281740034e-01	1.686518500325433767e-01	2.487809767824531726e-01	1.489392539911294222e-01	7.119020002391585056e-02	2.887890067245296385e-02	7.370904706918013360e-02
1.118976250418467089e+03	2.596246507989040109e-01	1.685083959664549214e-01	2.489417013979683679e-01	1.490301046898873383e-01	7.122722146903488760e-02	2.890278419241816207e-02	7.376514148518123482e-02
1.120427581482563710e+03	2.593999182658170977e-01	1.683651812890930022e-01	2.491021549490372300e-01	1.491207861574173621e-01	7.126418041850120233e-02	2.892663850973415871e-02	7.382114041024888385e-02
1.121878912546660331e+03	2.591755731582958688e-01	1.682222056000781674e-01	2.492623378903792430e-01	1.492112987248874201e-01	7.130107698176443853e-02	2.895046363527040145e-02	7.387704400917338710e-02
1.123330243610756725e+03	2.589516148068912171e-01	1.680794684997010957e-01	2.494222506759504743e-01	1.493016427227991383e-01	7.133791126802589699e-02	2.897425958001764029e-02	7.393285244646349841e-02
1.124781574674853118e+03	2.587280425433201581e-01	1.679369695889213476e-01	2.495818937589449338e-01	1.493918184809888139e-01	7.137468338623974284e-02	2.899802635508713644e-02	7.398856588634680764e-02
1.126232905738949967e+03	2.585048557004638869e-01	1.677947084693663660e-01	2.497412675917958513e-01	1.494818263286286641e-01	7.141139344511424070e-02	2.902176397170987479e-02	7.404418449277011538e-02
1.127684236803046360e+03	2.582820536123655031e-01	1.676526847433302270e-01	2.499003726261769254e-01	1.495716665942278534e-01	7.144804155311296201e-02	2.904547244123578328e-02	7.409970842939977986e-02
1.129135567867143209e+03	2.580596356142281222e-01	1.675108980137725856e-01	2.500592093130036275e-01	1.496613396056336309e-01	7.148462781845602021e-02	2.906915177513294535e-02	7.415513785962209170e-02
1.130586898931239830e+03	2.578376010424126563e-01	1.673693478843176763e-01	2.502177781024344516e-01	1.497508456900324969e-01	7.152115234912118091e-02	2.909280198498683662e-02	7.421047294654366244e-02
1.132038229995336451e+03	2.576159492344359814e-01	1.672280339592530363e-01	2.503760794438723014e-01	1.498401851739512292e-01	7.155761525284513869e-02	2.911642308249954084e-02	7.426571385299177153e-02
1.133489561059432845e+03	2.573946795289685507e-01	1.670869558435284508e-01	2.505341137859655176e-01	1.499293583832581045e-01	7.159401663712465502e-02	2.914001507948900394e-02	7.432086074151479649e-02
1.134940892123529466e+03	2.571737912658325631e-01	1.669461131427548151e-01	2.506918815766093767e-01	1.500183656431639811e-01	7.163035660921764081e-02	2.916357798788825686e-02	7.437591377438253215e-02
1.136392223187626087e+03	2.569532837859997976e-01	1.668055054632031076e-01	2.508493832629472009e-01	1.501072072782234090e-01	7.166663527614441920e-02	2.918711181974465926e-02	7.443087311358657920e-02
1.137843554251722708e+03	2.567331564315896153e-01	1.666651324118032240e-01	2.510066192913718019e-01	1.501958836123357954e-01	7.170285274468879422e-02	2.921061658721915699e-02	7.448573892084070502e-02
1.139294885315819101e+03	2.565134085458670721e-01	1.665249935961428951e-01	2.511635901075265354e-01	1.502843949687466263e-01	7.173900912139920261e-02	2.923409230258553620e-02	7.454051135758128777e-02
1.140746216379915950e+03	2.562940394732404759e-01	1.663850886244665483e-01	2.513202961563067439e-01	1.503727416700483543e-01	7.177510451258979629e-02	2.925753897822966354e-02	7.459519058496762167e-02
1.142197547444012343e+03	2.560750485592596659e-01	1.662454171056742536e-01	2.514767378818608123e-01	1.504609240381817870e-01	7.181113902434156648e-02	2.928095662664877141e-02	7.464977676388233341e-02
1.143648878508108737e+03	2.558564351506139589e-01	1.661059786493206403e-01	2.516329157275916106e-01	1.505489423944370575e-01	7.184711276250345391e-02	2.930434526045069821e-02	7.470427005493177064e-02
1.145100209572205586e+03	2.556381985951299840e-01	1.659667728656137042e-01	2.517888301361577708e-01	1.506367970594548189e-01	7.188302583269340351e-02	2.932770489235317357e-02	7.475867061844636285e-02
1.146551540636302207e+03	2.554203382417697954e-01	1.658277993654137805e-01	2.519444815494747414e-01	1.507244883532274371e-01	7.191887834029947468e-02	2.935103553518308983e-02	7.481297861448099606e-02
1.148002871700398828e+03	2.552028534406286520e-01	1.656890577602325165e-01	2.520998704087160647e-01	1.508120165951000180e-01	7.195467039048084046e-02	2.937433720187578728e-02	7.486719420281542914e-02
1.149454202764495449e+03	2.549857435429332964e-01	1.655505476622316230e-01	2.522549971543148195e-01	1.508993821037716565e-01	7.199040208816893938e-02	2.939760990547432215e-02	7.492131754295464074e-02
1.150905533828591842e+03	2.547690079010396791e-01	1.654122686842219581e-01	2.524098622259647873e-01	1.509865851972965189e-01	7.202607353806841917e-02	2.942085365912875880e-02	7.497534879412924569e-02
1.152356864892688463e+03	2.545526458684310711e-01	1.652742204396623338e-01	2.525644660626213955e-01	1.510736261930849811e-01	7.206168484465823310e-02	2.944406847609546546e-02	7.502928811529591124e-02
1.153808195956785084e+03	2.543366567997159544e-01	1.651364025426584337e-01	2.527188091025035499e-01	1.511605054079047938e-01	7.209723611219265305e-02	2.946725436973639950e-02	7.508313566513762083e-02
1.155259527020881706e+03	2.541210400506261347e-01	1.649988146079617302e-01	2.528728917830943002e-01	1.512472231578823045e-01	7.213272744470228259e-02	2.949041135351841703e-02	7.513689160206418749e-02
1.156710858084978327e+03	2.539057949780147982e-01	1.648614562509684578e-01	2.530267145411424501e-01	1.513337797585034006e-01	7.216815894599505621e-02	2.951353944101257551e-02	7.519055608421260084e-02
1.158162189149074720e+03	2.536909209398542364e-01	1.647243270877185306e-01	2.531802778126635567e-01	1.514201755246148418e-01	7.220353071965722458e-02	2.953663864589343296e-02	7.524412926944741564e-02
1.159613520213171569e+03	2.534764172952342354e-01	1.645874267348943210e-01	2.533335820329414845e-01	1.515064107704253704e-01	7.223884286905439545e-02	2.955970898193835406e-02	7.529761131536111263e-02
1.161064851277267962e+03	2.532622834043597448e-01	1.644507548098198546e-01	2.534866276365290716e-01	1.515924858095067940e-01	7.227409549733244953e-02	2.958275046302684397e-02	7.535100237927452871e-02
1.162516182341364356e+03	2.530485186285489907e-01	1.643143109304594229e-01	2.536394150572499617e-01	1.516784009547952339e-01	7.230928870741858139e-02	2.960576310313984758e-02	7.540430261823721780e-02
1.163967513405461204e+03	2.528351223302318096e-01	1.641780947154167780e-01	2.537919447281994922e-01	1.517641565185921526e-01	7.234442260202215980e-02	2.962874691635908678e-02	7.545751218902786717e-02
1.165418844469557826e+03	2.526220938729471510e-01	1.640421057839339114e-01	2.539442170817459710e-01	1.518497528125656026e-01	7.237949728363575475e-02	2.965170191686638049e-02	7.551063124815465821e-02
1.166870175533654447e+03	2.524094326213414119e-01	1.639063437558899439e-01	2.540962325495318974e-01	1.519351901477513644e-01	7.241451285453609499e-02	2.967462811894297503e-02	7.556365995185571061e-02
1.168321506597751068e+03	2.521971379411664382e-01	1.637708082518002650e-01	2.542479915624752951e-01	1.520204688345540844e-01	7.244946941678495622e-02	2.969752553696888148e-02	7.561659845609942920e-02
1.169772837661847461e+03	2.519852091992775822e-01	1.636354988928152565e-01	2.543994945507707661e-01	1.521055891827484408e-01	7.248436707223010478e-02	2.972039418542220604e-02	7.566944691658490652e-02
1.171224168725944082e+03	2.517736457636317038e-01	1.635004153007193484e-01	2.545507419438909902e-01	1.521905515014802257e-01	7.251920592250621356e-02	2.974323407887850129e-02	7.572220548874233903e-02
1.172675499790040703e+03	2.515624470032851168e-01	1.633655570979299365e-01	2.547017341705873905e-01	1.522753560992675947e-01	7.255398606903579184e-02	2.976604523201010696e-02	7.577487432773338805e-02
1.174126830854137097e+03	2.513516122883918125e-01	1.632309239074961893e-01	2.548524716588919103e-01	1.523600032840022322e-01	7.258870761303007346e-02	2.978882765958549422e-02	7.582745358845156824e-02
1.175578161918233945e+03	2.511411409902014613e-01	1.630965153530982981e-01	2.550029548361179565e-01	1.524444933629504062e-01	7.262337065548989112e-02	2.981158137646863424e-02	7.587994342552270566e-02
1.177029492982330339e+03	2.509310324810573034e-01	1.629623310590460894e-01	2.551531841288616209e-01	1.525288266427541339e-01	7.265797529720660619e-02	2.983430639761833203e-02	7.593234399330529849e-02
1.178480824046426733e+03	2.507212861343944277e-01	1.628283706502781369e-01	2.553031599630029569e-01	1.526130034294324866e-01	7.269252163876292749e-02	2.985700273808760200e-02	7.598465544589086407e-02
1.179932155110523581e+03	2.505119013247377180e-01	1.626946337523607067e-01	2.554528827637071453e-01	1.526970240283825608e-01	7.272700978053388277e-02	2.987967041302303992e-02	7.603687793710441067e-02
1.181383486174620202e+03	2.503028774276999657e-01	1.625611199914866745e-01	2.556023529554256046e-01	1.527808887443806996e-01	7.276143982268756805e-02	2.990230943766416377e-02	7.608901162050481226e-02
1.182834817238716823e+03	2.500942138199798159e-01	1.624278289944744991e-01	2.557515709618974342e-01	1.528645978815837136e-01	7.279581186518604974e-02	2.992491982734280659e-02	7.614105664938518314e-02
1.184286148302813444e+03	2.498859098793601297e-01	1.622947603887671120e-01	2.559005372061503580e-01	1.529481517435299642e-01	7.283012600778622503e-02	2.994750159748248153e-02	7.619301317677328045e-02
1.185737479366910065e+03	2.496779649847056803e-01	1.621619138024308904e-01	2.560492521105019459e-01	1.530315506331405839e-01	7.286438235004066843e-02	2.997005476359776432e-02	7.624488135543194822e-02
1.187188810431006686e+03	2.494703785159615439e-01	1.620292888641547968e-01	2.561977160965610567e-01	1.531147948527204761e-01	7.289858099129843672e-02	2.999257934129367573e-02	7.629666133785945048e-02
1.188640141495103080e+03	2.492631498541510726e-01	1.618968852032490469e-01	2.563459295852287267e-01	1.531978847039597302e-01	7.293272203070590154e-02	3.001507534626506046e-02	7.634835327628991530e-02
1.190091472559199701e+03	2.490562783813738690e-01	1.617647024496442487e-01	2.564938929966995018e-01	1.532808204879345659e-01	7.296680556720756827e-02	3.003754279429596621e-02	7.639995732269372342e-02
1.191542803623296322e+03	2.488497634808040648e-01	1.616327402338903207e-01	2.566416067504627141e-01	1.533636025051085261e-01	7.300083169954693640e-02	3.005998170125906421e-02	7.645147362877788288e-02
1.192994134687392716e+03	2.486436045366882952e-01	1.615009981871553812e-01	2.567890712653033702e-01	1.534462310553337538e-01	7.303480052626720731e-02	3.008239208311502128e-02	7.650290234598650096e-02
1.194445465751489564e+03	2.484378009343438942e-01	1.613694759412248880e-01	2.569362869593036502e-01	1.535287064378519639e-01	7.306871214571215856e-02	3.010477395591190306e-02	7.655424362550106165e-02
1.195896796815585958e+03	2.482323520601568689e-01	1.612381731285004449e-01	2.570832542498440176e-01	1.536110289512958027e-01	7.310256665602690718e-02	3.012712733578457383e-02	7.660549761824096693e-02
1.197348127879682352e+03	2.480272573015800952e-01	1.611070893819988858e-01	2.572299735536042187e-01	1.536931988936897919e-01	7.313636415515868683e-02	3.014945223895411017e-02	7.665666447486382817e-02
1.198799458943779200e+03	2.478225160471314303e-01	1.609762243353511091e-01	2.573764452865646701e-01	1.537752165624516609e-01	7.317010474085765270e-02	3.017174868172720417e-02	7.670774434576593803e-02
1.200250790007875821e+03	2.476181276863917979e-01	1.608455776228011058e-01	2.575226698640075140e-01	1.538570822543934291e-01	7.320378851067763093e-02	3.019401668049556675e-02	7.675873738108261735e-02
1.201702121071972442e+03	2.474140916100033283e-01	1.607151488792050720e-01	2.576686477005177833e-01	1.539387962657225994e-01	7.323741556197688185e-02	3.021625625173535168e-02	7.680964373068865925e-02
1.203153452136069063e+03	2.472104072096673877e-01	1.605849377400301314e-01	2.578143792099847342e-01	1.540203588920432409e-01	7.327098599191886330e-02	3.023846741200658661e-02	7.686046354419870386e-02
1.204604783200165684e+03	2.470070738781428854e-01	1.604549438413535867e-01	2.579598648056028454e-01	1.541017704283571543e-01	7.330449989747298001e-02	3.026065017795255899e-02	7.691119697096766850e-02
1.206056114264262078e+03	2.468040910092441920e-01	1.603251668198616142e-01	2.581051048998729835e-01	1.541830311690651489e-01	7.333795737541531912e-02	3.028280456629928175e-02	7.696184416009110851e-02
1.207507445328358699e+03	2.466014579978394183e-01	1.601956063128484598e-01	2.582500999046037360e-01	1.542641414079680418e-01	7.337135852232938571e-02	3.030493059385488269e-02	7.701240526040567524e-02
1.208958776392455093e+03	2.463991742398484730e-01	1.600662619582153834e-01	2.583948502309124651e-01	1.543451014382678788e-01	7.340470343460687996e-02	3.032702827750906327e-02	7.706288042048944908e-02
1.210410107456551941e+03	2.461972391322412856e-01	1.599371333944695217e-01	2.585393562892264185e-01	1.544259115525691839e-01	7.343799220844836328e-02	3.034909763423251916e-02	7.711326978866241133e-02
1.211861438520648335e+03	2.459956520730357810e-01	1.598082202607229718e-01	2.586836184892838952e-01	1.545065720428799028e-01	7.347122493986400771e-02	3.037113868107638517e-02	7.716357351298680500e-02
1.213312769584745183e+03	2.457944124612962411e-01	1.596795221966917921e-01	2.588276372401354664e-01	1.545870832006127626e-01	7.350440172467428979e-02	3.039315143517166973e-02	7.721379174126753731e-02
1.214764100648841804e+03	2.455935196971312795e-01	1.595510388426950033e-01	2.589714129501452522e-01	1.546674453165862440e-01	7.353752265851075387e-02	3.041513591372869280e-02	7.726392462105259595e-02
1.216215431712937971e+03	2.453929731816920923e-01	1.594227698396534498e-01	2.591149460269917548e-01	1.547476586810259125e-01	7.357058783681660885e-02	3.043709213403654815e-02	7.731397229963346551e-02
1.217666762777034819e+03	2.451927723171706264e-01	1.592947148290889681e-01	2.592582368776692459e-01	1.548277235835653909e-01	7.360359735484756083e-02	3.045902011346253088e-02	7.736393492404551597e-02
1.219118093841131440e+03	2.449929165067976089e-01	1.591668734531232199e-01	2.594012859084889877e-01	1.549076403132476909e-01	7.363655130767236823e-02	3.048091986945161008e-02	7.741381264106839133e-02
1.220569424905228061e+03	2.447934051548408541e-01	1.590392453544768048e-01	2.595440935250801218e-01	1.549874091585262681e-01	7.366944979017364670e-02	3.050279141952587370e-02	7.746360559722643979e-02
1.222020755969324682e+03	2.445942376666033480e-01	1.589118301764681773e-01	2.596866601323908896e-01	1.550670304072661598e-01	7.370229289704842424e-02	3.052463478128398730e-02	7.751331393878910236e-02
1.223472087033421303e+03	2.443954134484213614e-01	1.587846275630127313e-01	2.598289861346899654e-01	1.551465043467450955e-01	7.373508072280891834e-02	3.054644997240065635e-02	7.756293781177131530e-02
1.224923418097517697e+03	2.441969319076628675e-01	1.586576371586216894e-01	2.599710719355675104e-01	1.552258312636547732e-01	7.376781336178316051e-02	3.056823701062609186e-02	7.761247736193391256e-02
1.226374749161614318e+03	2.439987924527254604e-01	1.585308586084012150e-01	2.601129179379362277e-01	1.553050114441019425e-01	7.380049090811567625e-02	3.058999591378546573e-02	7.766193273478405601e-02
1.227826080225710712e+03	2.438009944930346062e-01	1.584042915580513577e-01	2.602545245440324728e-01	1.553840451736095141e-01	7.383311345576808182e-02	3.061172669977840419e-02	7.771130407557559627e-02
1.229277411289807560e+03	2.436035374390418673e-01	1.582779356538650817e-01	2.603958921554174744e-01	1.554629327371178094e-01	7.386568109851983366e-02	3.063342938657843961e-02	7.776059152930951679e-02
1.230728742353903954e+03	2.434064207022230697e-01	1.581517905427272386e-01	2.605370211729785557e-01	1.555416744189855593e-01	7.389819392996879732e-02	3.065510399223248666e-02	7.780979524073430853e-02
1.232180073418000802e+03	2.432096436950765272e-01	1.580258558721135687e-01	2.606779119969301339e-01	1.556202705029911815e-01	7.393065204353191366e-02	3.067675053486033573e-02	7.785891535434638633e-02
1.233631404482097196e+03	2.430132058311211263e-01	1.579001312900897847e-01	2.608185650268148859e-01	1.556987212723338343e-01	7.396305553244583719e-02	3.069836903265412212e-02	7.790795201439049134e-02
1.235082735546193817e+03	2.428171065248946603e-01	1.577746164453105726e-01	2.609589806615047469e-01	1.557770270096346110e-01	7.399540448976754670e-02	3.071995950387780908e-02	7.795690536486007960e-02
1.236534066610290438e+03	2.426213451919519426e-01	1.576493109870184817e-01	2.610991592992024102e-01	1.558551879969377330e-01	7.402769900837502526e-02	3.074152196686668129e-02	7.800577554949778003e-02
1.237985397674387059e+03	2.424259212488630022e-01	1.575242145650431191e-01	2.612391013374420479e-01	1.559332045157115487e-01	7.405993918096781536e-02	3.076305644002682790e-02	7.805456271179569971e-02
1.239436728738483680e+03	2.422308341132113907e-01	1.573993268298000126e-01	2.613788071730906992e-01	1.560110768468498110e-01	7.409212510006765728e-02	3.078456294183464295e-02	7.810326699499593739e-02
1.240888059802580301e+03	2.420360832035922394e-01	1.572746474322897214e-01	2.615182772023491586e-01	1.560888052706727314e-01	7.412425685801914133e-02	3.080604149083631185e-02	7.815188854209093039e-02
1.242339390866676695e+03	2.418416679396106217e-01	1.571501760240968382e-01	2.616575118207533079e-01	1.561663900669281735e-01	7.415633454699024907e-02	3.082749210564730835e-02	7.820042749582385710e-02
1.243790721930773088e+03	2.416475877418796936e-01	1.570259122573890165e-01	2.617965114231751156e-01	1.562438315147927359e-01	7.418835825897297787e-02	3.084891480495190533e-02	7.824888399868902555e-02
1.245242052994869937e+03	2.414538420320188616e-01	1.569018557849159445e-01	2.619352764038238024e-01	1.563211298928729731e-01	7.422032808578395147e-02	3.087030960750266478e-02	7.829725819293233136e-02
1.246693384058966330e+03	2.412604302326521732e-01	1.567780062600084012e-01	2.620738071562470073e-01	1.563982854792064503e-01	7.425224411906500288e-02	3.089167653211995213e-02	7.834555022055159079e-02
1.248144715123063179e+03	2.410673517674064015e-01	1.566543633365773680e-01	2.622121040733316755e-01	1.564752985512629369e-01	7.428410645028374337e-02	3.091301559769143656e-02	7.839376022329701266e-02
1.249596046187159800e+03	2.408746060609092687e-01	1.565309266691128631e-01	2.623501675473055572e-01	1.565521693859455166e-01	7.431591517073418696e-02	3.093432682317161925e-02	7.844188834267155908e-02
1.251047377251256421e+03	2.406821925387877814e-01	1.564076959126831923e-01	2.624879979697379850e-01	1.566288982595916979e-01	7.434767037153727776e-02	3.095561022758131983e-02	7.848993471993134796e-02
1.252498708315352815e+03	2.404901106276663980e-01	1.562846707229338106e-01	2.626255957315409284e-01	1.567054854479745796e-01	7.437937214364152838e-02	3.097686583000721847e-02	7.853789949608609711e-02
1.253950039379449436e+03	2.402983597551652528e-01	1.561618507560864622e-01	2.627629612229704925e-01	1.567819312263039888e-01	7.441102057782349177e-02	3.099809364960135621e-02	7.858578281189947112e-02
1.255401370443546057e+03	2.401069393498984628e-01	1.560392356689381532e-01	2.629000948336276955e-01	1.568582358692275913e-01	7.444261576468845509e-02	3.101929370558066321e-02	7.863358480788952554e-02
1.256852701507642678e+03	2.399158488414723234e-01	1.559168251188602083e-01	2.630369969524595786e-01	1.569343996508320016e-01	7.447415779467086994e-02	3.104046601722648333e-02	7.868130562432908148e-02
1.258304032571739299e+03	2.397250876604836156e-01	1.557946187637972990e-01	2.631736679677604829e-01	1.570104228446440042e-01	7.450564675803494907e-02	3.106161060388409889e-02	7.872894540124614204e-02
1.259755363635835920e+03	2.395346552385177463e-01	1.556726162622665277e-01	2.633101082671728821e-01	1.570863057236315252e-01	7.453708274487531871e-02	3.108272748496226229e-02	7.877650427842429470e-02
1.261206694699932314e+03	2.393445510081471661e-01	1.555508172733564287e-01	2.634463182376888812e-01	1.571620485602049366e-01	7.456846584511740705e-02	3.110381667993271718e-02	7.882398239540314155e-02
1.262658025764028707e+03	2.391547744029294542e-01	1.554292214567259967e-01	2.635822982656507718e-01	1.572376516262180002e-01	7.459979614851806884e-02	3.112487820832974053e-02	7.887137989147861850e-02
1.264109356828125556e+03	2.389653248574057087e-01	1.553078284726037706e-01	2.637180487367526971e-01	1.573131151929691440e-01	7.463107374466616817e-02	3.114591208974967773e-02	7.891869690570346707e-02
1.265560687892221949e+03	2.387762018070987979e-01	1.551866379817868624e-01	2.638535700360413738e-01	1.573884395312024898e-01	7.466229872298300874e-02	3.116691834385048807e-02	7.896593357688763692e-02
1.267012018956318798e+03	2.385874046885115840e-01	1.550656496456399858e-01	2.639888625479172024e-01	1.574636249111090736e-01	7.469347117272294445e-02	3.118789699035126595e-02	7.901309004359863275e-02
1.268463350020415419e+03	2.383989329391251744e-01	1.549448631260945952e-01	2.641239266561354326e-01	1.575386716023278177e-01	7.472459118297387903e-02	3.120884804903180029e-02	7.906016644416201389e-02
1.269914681084511813e+03	2.382107859973972841e-01	1.548242780856477763e-01	2.642587627438072739e-01	1.576135798739467797e-01	7.475565884265782113e-02	3.122977153973212350e-02	7.910716291666167188e-02
1.271366012148608434e+03	2.380229633027604874e-01	1.547038941873614126e-01	2.643933711934009501e-01	1.576883499945042066e-01	7.478667424053131452e-02	3.125066748235204306e-02	7.915407959894030232e-02
1.272817343212705055e+03	2.378354642956204412e-01	1.545837110948612980e-01	2.645277523867427538e-01	1.577629822319897013e-01	7.481763746518604874e-02	3.127153589685070789e-02	7.920091662859980730e-02
1.274268674276801676e+03	2.376482884173542198e-01	1.544637284723359705e-01	2.646619067050181573e-01	1.578374768538453043e-01	7.484854860504933094e-02	3.129237680324615384e-02	7.924767414300167012e-02
1.275720005340898297e+03	2.374614351103085941e-01	1.543439459845360462e-01	2.647958345287727555e-01	1.579118341269665493e-01	7.487940774838459934e-02	3.131319022161484916e-02	7.929435227926739937e-02
1.277171336404994690e+03	2.372749038177983383e-01	1.542243632967730815e-01	2.649295362379135987e-01	1.579860543177036836e-01	7.491021498329192285e-02	3.133397617209128516e-02	7.934095117427886201e-02
1.278622667469091539e+03	2.370886939841044816e-01	1.541049800749186571e-01	2.650630122117101362e-01	1.580601376918627232e-01	7.494097039770850066e-02	3.135473467486749044e-02	7.938747096467874131e-02
1.280073998533187932e+03	2.369028050544727260e-01	1.539857959854035729e-01	2.651962628287951595e-01	1.581340845147066188e-01	7.497167407940916184e-02	3.137546575019262152e-02	7.943391178687088383e-02
1.281525329597284326e+03	2.367172364751114755e-01	1.538668106952167658e-01	2.653292884671660801e-01	1.582078950509562265e-01	7.500232611600687882e-02	3.139616941837253955e-02	7.948027377702074348e-02
1.282976660661381175e+03	2.365319876931905319e-01	1.537480238719043935e-01	2.654620895041858164e-01	1.582815695647915855e-01	7.503292659495319761e-02	3.141684569976933156e-02	7.952655707105578398e-02
1.284427991725477568e+03	2.363470581568390683e-01	1.536294351835690297e-01	2.655946663165841271e-01	1.583551083198529164e-01	7.506347560353882065e-02	3.143749461480092877e-02	7.957276180466582582e-02
1.285879322789574417e+03	2.361624473151440751e-01	1.535110442988685264e-01	2.657270192804583320e-01	1.584285115792417320e-01	7.509397322889395376e-02	3.145811618394064868e-02	7.961888811330349036e-02
1.287330653853671038e+03	2.359781546181486667e-01	1.533928508870152085e-01	2.658591487712745338e-01	1.585017796055220030e-01	7.512441955798893067e-02	3.147871042771677175e-02	7.966493613218461611e-02
1.288781984917767431e+03	2.357941795168504440e-01	1.532748546177750415e-01	2.659910551638687837e-01	1.585749126607211845e-01	7.515481467763460155e-02	3.149927736671213202e-02	7.971090599628855022e-02
1.290233315981864052e+03	2.356105214631997180e-01	1.531570551614665210e-01	2.661227388324479692e-01	1.586479110063314102e-01	7.518515867448281875e-02	3.151981702156366610e-02	7.975679784035867581e-02
