1.001418434226643626e+03	2.792422425361512639e-01	1.808794489018082929e-01	2.349945705443637622e-01	1.411104096930001772e-01	6.801540308090625597e-02	2.686397554902270404e-02	6.889394969459493312e-02
1.003837319333471214e+03	2.788121333725622764e-01	1.806059238503956166e-01	2.353008173184303053e-01	1.412864310068864260e-01	6.808606267838085424e-02	2.690755791419519732e-02	6.900107385899680035e-02
1.006256204440298802e+03	2.783832585015855177e-01	1.803331604916875441e-01	2.356062034259093496e-01	1.414619033790111557e-01	6.815652184678583358e-02	2.695105828426062888e-02	6.910789407060749512e-02
1.008675089547126618e+03	2.779556143696189641e-01	1.800611567004479219e-01	2.359107312747425189e-01	1.416368285874843591e-01	6.822678121128558648e-02	2.699447665841100963e-02	6.921441119785720630e-02
1.011093974653954206e+03	2.775291974334057610e-01	1.797899103573737112e-01	2.362144032661295523e-01	1.418112084048381294e-01	6.829684139394812115e-02	2.703781303729888355e-02	6.932062610685346682e-02
1.013512859760782021e+03	2.771040041600031922e-01	1.795194193490785295e-01	2.365172217945469835e-01	1.419850445980344322e-01	6.836670301377993642e-02	2.708106742302154174e-02	6.942653966138308264e-02
1.015931744867609382e+03	2.766800310267511498e-01	1.792496815680760247e-01	2.368191892477670979e-01	1.421583389284735710e-01	6.843636668676028600e-02	2.712423981910540641e-02	6.953215272291415894e-02
1.018350629974437197e+03	2.762572745212413250e-01	1.789806949127633884e-01	2.371203080068768343e-01	1.423310931520024580e-01	6.850583302587490153e-02	2.716733023049059878e-02	6.963746615059826506e-02
1.020769515081264785e+03	2.758357311412856783e-01	1.787124572874050354e-01	2.374205804462964364e-01	1.425033090189232743e-01	6.857510264114913268e-02	2.721033866351566313e-02	6.974248080127261329e-02
1.023188400188092373e+03	2.754153973948859635e-01	1.784449666021160341e-01	2.377200089337981603e-01	1.426749882740023512e-01	6.864417613968050447e-02	2.725326512590246775e-02	6.984719752946233484e-02
1.025607285294920075e+03	2.749962698002026973e-01	1.781782207728460354e-01	2.380185958305249261e-01	1.428461326564791356e-01	6.871305412567077497e-02	2.729610962674129671e-02	6.995161718738299172e-02
1.028026170401747549e+03	2.745783448855245723e-01	1.779122177213626477e-01	2.383163434910088863e-01	1.430167439000754326e-01	6.878173720045741013e-02	2.733887217647607351e-02	7.005574062494289433e-02
1.030445055508575479e+03	2.741616191892377041e-01	1.776469553752354213e-01	2.386132542631899944e-01	1.431868237330047589e-01	6.885022596254455896e-02	2.738155278688977207e-02	7.015956868974576599e-02
1.032863940615402726e+03	2.737460892597953221e-01	1.773824316678195290e-01	2.389093304884344626e-01	1.433563738779819186e-01	6.891852100763345979e-02	2.742415147108999071e-02	7.026310222709331033e-02
1.035282825722230655e+03	2.733317516556872939e-01	1.771186445382396668e-01	2.392045745015533020e-01	1.435253960522326622e-01	6.898662292865245793e-02	2.746666824349465810e-02	7.036634207998794521e-02
1.037701710829058356e+03	2.729186029454099272e-01	1.768555919313739011e-01	2.394989886308205307e-01	1.436938919675037618e-01	6.905453231578635720e-02	2.750910311981792991e-02	7.046928908913560607e-02
1.040120595935886058e+03	2.725066397074357716e-01	1.765932717978376254e-01	2.397925751979916031e-01	1.438618633300728644e-01	6.912224975650541059e-02	2.755145611705622083e-02	7.057194409294856308e-02
1.042539481042713533e+03	2.720958585301834765e-01	1.763316820939674345e-01	2.400853365183217847e-01	1.440293118407587891e-01	6.918977583559378364e-02	2.759372725347439270e-02	7.067430792754840485e-02
1.044958366149541234e+03	2.716862560119880365e-01	1.760708207818053039e-01	2.403772749005841369e-01	1.441962391949319355e-01	6.925711113517754591e-02	2.763591654859209532e-02	7.077638142676900834e-02
1.047377251256368709e+03	2.712778287610708161e-01	1.758106858290825469e-01	2.406683926470879475e-01	1.443626470825247476e-01	6.932425623475219068e-02	2.767802402317025984e-02	7.087816542215957805e-02
1.049796136363196410e+03	2.708705733955097950e-01	1.755512752092039663e-01	2.409586920536966881e-01	1.445285371880423997e-01	6.939121171120969656e-02	2.772004969919773451e-02	7.097966074298786565e-02
1.052215021470024112e+03	2.704644865432099254e-01	1.752925869012318949e-01	2.412481754098461662e-01	1.446939111905735931e-01	6.945797813886517291e-02	2.776199359987805218e-02	7.108086821624332030e-02
1.054633906576851814e+03	2.700595648418738226e-01	1.750346188898705968e-01	2.415368449985625110e-01	1.448587707638014921e-01	6.952455608948304722e-02	2.780385574961637477e-02	7.118178866664029436e-02
1.057052791683679516e+03	2.696558049389720102e-01	1.747773691654503359e-01	2.418247030964801869e-01	1.450231175760148261e-01	6.959094613230279447e-02	2.784563617400652794e-02	7.128242291662151287e-02
1.059471676790506763e+03	2.692532034917137218e-01	1.745208357239116936e-01	2.421117519738598678e-01	1.451869532901190196e-01	6.965714883406427804e-02	2.788733489981822661e-02	7.138277178636133480e-02
1.061890561897334692e+03	2.688517571670178685e-01	1.742650165667899986e-01	2.423979938946063672e-01	1.453502795636475997e-01	6.972316475903267419e-02	2.792895195498440106e-02	7.148283609376925030e-02
1.064309447004162394e+03	2.684514626414835070e-01	1.740099097011995055e-01	2.426834311162864022e-01	1.455130980487736592e-01	6.978899446902299408e-02	2.797048736858868262e-02	7.158261665449340561e-02
1.066728332110990095e+03	2.680523166013611958e-01	1.737555131398180186e-01	2.429680658901464119e-01	1.456754103923212640e-01	6.985463852342413404e-02	2.801194117085299348e-02	7.168211428192410029e-02
1.069147217217817570e+03	2.676543157425238517e-01	1.735018249008712654e-01	2.432519004611302105e-01	1.458372182357773883e-01	6.992009747922263430e-02	2.805331339312529260e-02	7.178132978719749258e-02
1.071566102324645271e+03	2.672574567704380510e-01	1.732488430081173258e-01	2.435349370678967507e-01	1.459985232153034052e-01	6.998537189102600753e-02	2.809460406786744649e-02	7.188026397919916599e-02
1.073984987431472746e+03	2.668617364001351633e-01	1.729965654908312833e-01	2.438171779428376929e-01	1.461593269617472990e-01	7.005046231108563726e-02	2.813581322864321457e-02	7.197891766456791796e-02
1.076403872538300675e+03	2.664671513561828187e-01	1.727449903837897649e-01	2.440986253120949745e-01	1.463196311006553785e-01	7.011536928931941248e-02	2.817694091010638363e-02	7.207729164769949293e-02
1.078822757645127922e+03	2.660736983726563754e-01	1.724941157272555647e-01	2.443792813955783239e-01	1.464794372522846833e-01	7.018009337333389053e-02	2.821798714798900640e-02	7.217538673075039879e-02
1.081241642751955851e+03	2.656813741931104422e-01	1.722439395669623785e-01	2.446591484069827738e-01	1.466387470316148356e-01	7.024463510844619618e-02	2.825895197908977197e-02	7.227320371364183427e-02
1.083660527858783553e+03	2.652901755705506237e-01	1.719944599540994545e-01	2.449382285538060644e-01	1.467975620483606691e-01	7.030899503770546288e-02	2.829983544126248377e-02	7.237074339406353307e-02
1.086079412965611255e+03	2.649000992674050425e-01	1.717456749452963838e-01	2.452165240373660182e-01	1.469558839069844414e-01	7.037317370191402410e-02	2.834063757340469017e-02	7.246800656747770519e-02
1.088498298072438729e+03	2.645111420554965287e-01	1.714975826026079453e-01	2.454940370528178595e-01	1.471137142067083514e-01	7.043717163964821615e-02	2.838135841544640187e-02	7.256499402712310309e-02
1.090917183179266431e+03	2.641233007160143087e-01	1.712501809934987851e-01	2.457707697891714782e-01	1.472710545415270578e-01	7.050098938727883402e-02	2.842199800833892023e-02	7.266170656401901851e-02
1.093336068286093905e+03	2.637365720394861390e-01	1.710034681908285947e-01	2.460467244293086941e-01	1.474279065002204459e-01	7.056462747899132359e-02	2.846255639404382184e-02	7.275814496696940414e-02
1.095754953392921607e+03	2.633509528257504950e-01	1.707574422728367625e-01	2.463219031500004652e-01	1.475842716663661736e-01	7.062808644680558523e-02	2.850303361552201931e-02	7.285431002256695376e-02
1.098173838499749309e+03	2.629664398839286488e-01	1.705121013231274962e-01	2.465963081219239295e-01	1.477401516183527164e-01	7.069136682059547205e-02	2.854342971672293658e-02	7.295020251519732102e-02
1.100592723606577010e+03	2.625830300323971911e-01	1.702674434306547802e-01	2.468699415096795025e-01	1.478955479293919961e-01	7.075446912810803846e-02	2.858374474257381961e-02	7.304582322704325503e-02
1.103011608713404712e+03	2.622007200987601649e-01	1.700234666897074420e-01	2.471428054718080303e-01	1.480504621675325094e-01	7.081739389498240000e-02	2.862397873896912331e-02	7.314117293808886089e-02
1.105430493820231959e+03	2.618195069198219205e-01	1.697801691998943319e-01	2.474149021608076648e-01	1.482048958956722895e-01	7.088014164476834356e-02	2.866413175276004074e-02	7.323625242612394337e-02
1.107849378927059888e+03	2.614393873415595260e-01	1.695375490661293338e-01	2.476862337231507949e-01	1.483588506715719235e-01	7.094271289894467369e-02	2.870420383174410520e-02	7.333106246674821194e-02
1.110268264033887590e+03	2.610603582190954008e-01	1.692956043986166004e-01	2.479568022993009768e-01	1.485123280478678753e-01	7.100510817693715671e-02	2.874419502465491369e-02	7.342560383337569385e-02
1.112687149140715292e+03	2.606824164166701707e-01	1.690543333128357861e-01	2.482266100237298379e-01	1.486653295720855306e-01	7.106732799613632579e-02	2.878410538115196149e-02	7.351987729723906406e-02
1.115106034247542766e+03	2.603055588076154669e-01	1.688137339295273376e-01	2.484956590249337571e-01	1.488178567866525470e-01	7.112937287191489766e-02	2.882393495181057030e-02	7.361388362739409996e-02
1.117524919354370468e+03	2.599297822743271147e-01	1.685738043746776993e-01	2.487639514254507134e-01	1.489699112289121774e-01	7.119124331764496716e-02	2.886368378811190669e-02	7.370762359072409453e-02
1.119943804461197942e+03	2.595550837082379325e-01	1.683345427795048255e-01	2.490314893418768827e-01	1.491214944311366475e-01	7.125293984471495201e-02	2.890335194243312186e-02	7.380109795194431110e-02
1.122362689568025871e+03	2.591814600097909760e-01	1.680959472804433585e-01	2.492982748848834307e-01	1.492726079205406176e-01	7.131446296254623229e-02	2.894293946803757483e-02	7.389430747360652141e-02
1.124781574674853118e+03	2.588089080884126147e-01	1.678580160191302517e-01	2.495643101592330271e-01	1.494232532192946439e-01	7.137581317860952623e-02	2.898244641906515609e-02	7.398725291610348809e-02
1.127200459781681047e+03	2.584374248624861092e-01	1.676207471423901418e-01	2.498295972637963880e-01	1.495734318445386957e-01	7.143699099844104394e-02	2.902187285052270846e-02	7.407993503767353050e-02
1.129619344888508749e+03	2.580670072593249098e-01	1.673841388022208609e-01	2.500941382915689015e-01	1.497231453083958663e-01	7.149799692565839138e-02	2.906121881827453818e-02	7.417235459440510437e-02
1.132038229995336451e+03	2.576976522151460669e-01	1.671481891557789756e-01	2.503579353296870313e-01	1.498723951179857794e-01	7.155883146197623834e-02	2.910048437903303697e-02	7.426451234024143699e-02
1.134457115102163925e+03	2.573293566750437522e-01	1.669128963653654374e-01	2.506209904594446924e-01	1.500211827754384941e-01	7.161949510722169510e-02	2.913966959034936660e-02	7.435640902698509302e-02
1.136876000208991627e+03	2.569621175929631685e-01	1.666782585984111498e-01	2.508833057563096824e-01	1.501695097779080224e-01	7.167998835934948076e-02	2.917877451060426133e-02	7.444804540430269291e-02
1.139294885315819101e+03	2.565959319316741261e-01	1.664442740274627019e-01	2.511448832899400574e-01	1.503173776175862064e-01	7.174031171445692523e-02	2.921779919899890332e-02	7.453942221972952031e-02
1.141713770422646803e+03	2.562307966627448419e-01	1.662109408301679914e-01	2.514057251242003410e-01	1.504647877817164581e-01	7.180046566679859632e-02	2.925674371554591244e-02	7.463054021867429610e-02
1.144132655529474505e+03	2.558667087665159601e-01	1.659782571892620961e-01	2.516658333171777340e-01	1.506117417526075253e-01	7.186045070880087149e-02	2.929560812106038123e-02	7.472140014442381351e-02
1.146551540636302207e+03	2.555036652320745727e-01	1.657462212925529255e-01	2.519252099211983786e-01	1.507582410076474533e-01	7.192026733107620418e-02	2.933439247715104170e-02	7.481200273814775370e-02
1.148970425743129908e+03	2.551416630572281852e-01	1.655148313329071752e-01	2.521838569828435683e-01	1.509042870193174346e-01	7.197991602243708487e-02	2.937309684621147374e-02	7.490234873890339040e-02
1.151389310849957155e+03	2.547806992484789590e-01	1.652840855082360894e-01	2.524417765429657901e-01	1.510498812552056314e-01	7.203939726991001602e-02	2.941172129141145924e-02	7.499243888364039157e-02
1.153808195956785084e+03	2.544207708209980656e-01	1.650539820214814712e-01	2.526989706367045452e-01	1.511950251780212195e-01	7.209871155874911230e-02	2.945026587668834669e-02	7.508227390720562111e-02
1.156227081063612786e+03	2.540618747985997627e-01	1.648245190806016114e-01	2.529554412935027252e-01	1.513397202456083224e-01	7.215785937244946491e-02	2.948873066673855098e-02	7.517185454234792674e-02
1.158645966170440488e+03	2.537040082137160812e-01	1.645956948985572155e-01	2.532111905371225991e-01	1.514839679109599713e-01	7.221684119276046421e-02	2.952711572700912612e-02	7.526118151972299719e-02
1.161064851277267962e+03	2.533471681073711235e-01	1.643675076932974433e-01	2.534662203856613005e-01	1.516277696222322058e-01	7.227565749969878939e-02	2.956542112368939351e-02	7.535025556789820556e-02
1.163483736384095664e+03	2.529913515291559167e-01	1.641399556877460308e-01	2.537205328515670377e-01	1.517711268227579791e-01	7.233430877156130090e-02	2.960364692370268808e-02	7.543907741335748041e-02
1.165902621490923138e+03	2.526365555372028782e-01	1.639130371097873295e-01	2.539741299416549691e-01	1.519140409510613410e-01	7.239279548493762761e-02	2.964179319469813917e-02	7.552764778050612138e-02
1.168321506597751068e+03	2.522827771981605016e-01	1.636867501922525392e-01	2.542270136571228578e-01	1.520565134408713992e-01	7.245111811472272623e-02	2.967986000504257635e-02	7.561596739167580905e-02
1.170740391704578315e+03	2.519300135871684332e-01	1.634610931729058303e-01	2.544791859935667255e-01	1.521985457211364745e-01	7.250927713412907982e-02	2.971784742381248026e-02	7.570403696712936503e-02
1.173159276811406244e+03	2.515782617878322136e-01	1.632360642944305495e-01	2.547306489409968400e-01	1.523401392160381729e-01	7.256727301469884095e-02	2.975575552078600985e-02	7.579185722506581735e-02
1.175578161918233945e+03	2.512275188921980762e-01	1.630116618044154808e-01	2.549814044838530913e-01	1.524812953450056241e-01	7.262510622631579427e-02	2.979358436643513366e-02	7.587942888162522992e-02
1.177997047025061647e+03	2.508777820007285220e-01	1.627878839553412449e-01	2.552314546010208129e-01	1.526220155227293873e-01	7.268277723721705552e-02	2.983133403191779581e-02	7.596675265089369855e-02
1.180415932131889122e+03	2.505290482222771176e-01	1.625647290045664772e-01	2.554808012658459915e-01	1.527623011591757174e-01	7.274028651400474277e-02	2.986900458907018260e-02	7.605382924490824981e-02
1.182834817238716823e+03	2.501813146740637928e-01	1.623421952143143110e-01	2.557294464461514205e-01	1.529021536596007480e-01	7.279763452165730064e-02	2.990659611039905852e-02	7.614065937366189252e-02
1.185253702345544298e+03	2.498345784816500270e-01	1.621202808516587768e-01	2.559773921042515776e-01	1.530415744245646470e-01	7.285482172354081076e-02	2.994410866907416119e-02	7.622724374510853051e-02
1.187672587452371999e+03	2.494888367789145356e-01	1.618989841885112579e-01	2.562246401969683340e-01	1.531805648499456884e-01	7.291184858142009395e-02	2.998154233892068310e-02	7.631358306516793089e-02
1.190091472559199701e+03	2.491440867080284560e-01	1.616783035016068903e-01	2.564711926756463312e-01	1.533191263269545468e-01	7.296871555546961818e-02	3.001889719441180882e-02	7.639967803773083099e-02
1.192510357666027403e+03	2.488003254194310898e-01	1.614582370724912397e-01	2.567170514861683572e-01	1.534572602421483689e-01	7.302542310428433714e-02	3.005617331066133199e-02	7.648552936466379570e-02
1.194929242772855105e+03	2.484575500718053387e-01	1.612387831875067290e-01	2.569622185689704463e-01	1.535949679774450682e-01	7.308197168489022344e-02	3.009337076341634873e-02	7.657113774581433829e-02
1.197348127879682352e+03	2.481157578320535850e-01	1.610199401377793715e-01	2.572066958590574770e-01	1.537322509101373691e-01	7.313836175275482965e-02	3.013048962904998559e-02	7.665650387901588869e-02
1.199767012986510281e+03	2.477749458752733225e-01	1.608017062192052815e-01	2.574504852860181048e-01	1.538691104129071285e-01	7.319459376179761334e-02	3.016752998455422830e-02	7.674162846009284500e-02
1.202185898093337983e+03	2.474351113847331196e-01	1.605840797324374070e-01	2.576935887740401387e-01	1.540055478538394362e-01	7.325066816440008177e-02	3.020449190753280583e-02	7.682651218286559724e-02
1.204604783200165684e+03	2.470962515518484448e-01	1.603670589828722626e-01	2.579360082419255296e-01	1.541415645964368530e-01	7.330658541141586715e-02	3.024137547619414404e-02	7.691115573915553727e-02
1.207023668306993159e+03	2.467583635761577410e-01	1.601506422806366070e-01	2.581777456031055240e-01	1.542771619996335386e-01	7.336234595218066312e-02	3.027818076934436428e-02	7.699555981879017963e-02
1.209442553413820860e+03	2.464214446652984725e-01	1.599348279405743700e-01	2.584188027656557640e-01	1.544123414178095177e-01	7.341795023452192537e-02	3.031490786638037574e-02	7.707972510960815760e-02
1.211861438520648335e+03	2.460854920349833663e-01	1.597196142822333298e-01	2.586591816323112747e-01	1.545471042008047247e-01	7.347339870476857215e-02	3.035155684728299899e-02	7.716365229746428855e-02
1.214280323627476264e+03	2.457505029089764870e-01	1.595049996298521233e-01	2.588988841004813413e-01	1.546814516939333806e-01	7.352869180776044900e-02	3.038812779261019364e-02	7.724734206623465327e-02
1.216699208734303511e+03	2.454164745190696439e-01	1.592909823123469792e-01	2.591379120622644971e-01	1.548153852379979545e-01	7.358382998685769616e-02	3.042462078349029639e-02	7.733079509782164740e-02
1.219118093841131440e+03	2.450834041050587719e-01	1.590775606632987282e-01	2.593762674044634009e-01	1.549489061693034020e-01	7.363881368395003291e-02	3.046103590161537353e-02	7.741401207215904690e-02
1.221536978947959142e+03	2.447512889147204218e-01	1.588647330209398689e-01	2.596139520085996577e-01	1.550820158196714316e-01	7.369364333946581969e-02	3.049737322923457700e-02	7.749699366721708726e-02
1.223955864054786844e+03	2.444201262037881128e-01	1.586524977281413840e-01	2.598509677509287519e-01	1.552147155164543824e-01	7.374831939238112033e-02	3.053363284914762527e-02	7.757974055900754284e-02
1.226374749161614318e+03	2.440899132359291290e-01	1.584408531323999447e-01	2.600873165024545908e-01	1.553470065825497126e-01	7.380284228022851445e-02	3.056981484469828772e-02	7.766225342158880607e-02
1.228793634268442020e+03	2.437606472827210657e-01	1.582297975858249217e-01	2.603230001289443818e-01	1.554788903364137664e-01	7.385721243910590983e-02	3.060591929976795231e-02	7.774453292707095287e-02
1.231212519375269494e+03	2.434323256236286259e-01	1.580193294451255337e-01	2.605580204909432873e-01	1.556103680920761789e-01	7.391143030368517441e-02	3.064194629876924869e-02	7.782657974562086356e-02
1.233631404482097196e+03	2.431049455459805553e-01	1.578094470715979691e-01	2.607923794437890241e-01	1.557414411591538372e-01	7.396549630722060176e-02	3.067789592663972692e-02	7.790839454546724663e-02
1.236050289588924898e+03	2.427785043449462998e-01	1.576001488311126186e-01	2.610260788376262409e-01	1.558721108428649527e-01	7.401941088155739035e-02	3.071376826883560895e-02	7.798997799290580124e-02
1.238469174695752372e+03	2.424529993235131631e-01	1.573914330941012518e-01	2.612591205174215059e-01	1.560023784440432715e-01	7.407317445713994253e-02	3.074956341132554713e-02	7.807133075230422714e-02
1.240888059802580301e+03	2.421284277924631856e-01	1.571832982355442498e-01	2.614915063229776293e-01	1.561322452591520082e-01	7.412678746302001076e-02	3.078528144058451446e-02	7.815245348610737330e-02
1.243306944909407548e+03	2.418047870703503577e-01	1.569757426349580320e-01	2.617232380889478738e-01	1.562617125802979179e-01	7.418025032686483000e-02	3.082092244358767413e-02	7.823334685484227558e-02
1.245725830016235477e+03	2.414820744834778876e-01	1.567687646763822051e-01	2.619543176448507760e-01	1.563907816952453955e-01	7.423356347496508356e-02	3.085648650780435653e-02	7.831401151712329145e-02
1.248144715123063179e+03	2.411602873658751922e-01	1.565623627483671287e-01	2.621847468150843574e-01	1.565194538874304098e-01	7.428672733224278568e-02	3.089197372119205018e-02	7.839444812965713771e-02
1.250563600229890881e+03	2.408394230592754148e-01	1.563565352439611755e-01	2.624145274189403909e-01	1.566477304359746303e-01	7.433974232225902534e-02	3.092738417219048977e-02	7.847465734724802522e-02
1.252982485336718355e+03	2.405194789130928046e-01	1.561512805606981857e-01	2.626436612706187224e-01	1.567756126156992502e-01	7.439260886722173782e-02	3.096271794971575467e-02	7.855463982280268265e-02
1.255401370443546057e+03	2.402004522844000678e-01	1.559465971005849494e-01	2.628721501792419257e-01	1.569031016971390857e-01	7.444532738799318483e-02	3.099797514315444716e-02	7.863439620733549129e-02
1.257820255550373531e+03	2.398823405379059970e-01	1.557424832700887718e-01	2.630999959488689588e-01	1.570301989465564541e-01	7.449789830409747626e-02	3.103315584235790889e-02	7.871392714997359208e-02
1.260239140657201460e+03	2.395651410459330444e-01	1.555389374801249558e-01	2.633272003785097071e-01	1.571569056259551067e-01	7.455032203372796706e-02	3.106826013763648586e-02	7.879323329796186770e-02
1.262658025764028707e+03	2.392488511883949509e-01	1.553359581460443950e-01	2.635537652621390836e-01	1.572832229930941905e-01	7.460259899375454307e-02	3.110328811975386284e-02	7.887231529666811902e-02
1.265076910870856636e+03	2.389334683527745973e-01	1.551335436876211948e-01	2.637796923887109068e-01	1.574091523015020699e-01	7.465472959973085132e-02	3.113823987992143244e-02	7.895117378958807497e-02
1.267495795977684338e+03	2.386189899341016329e-01	1.549316925290403213e-01	2.640049835421723334e-01	1.575346948004902603e-01	7.470671426590140551e-02	3.117311550979270235e-02	7.902980941835049955e-02
1.269914681084511813e+03	2.383054133349304660e-01	1.547304030988852219e-01	2.642296405014776250e-01	1.576598517351672224e-01	7.475855340520858039e-02	3.120791510145778241e-02	7.910822282272225725e-02
1.272333566191339514e+03	2.379927359653183083e-01	1.545296738301256412e-01	2.644536650406021927e-01	1.577846243464521847e-01	7.481024742929962001e-02	3.124263874743788902e-02	7.918641464061336455e-02
1.274752451298167216e+03	2.376809552428029160e-01	1.543295031601052691e-01	2.646770589285566411e-01	1.579090138710889657e-01	7.486179674853343791e-02	3.127728654067991887e-02	7.926438550808206918e-02
1.277171336404994690e+03	2.373700685923809117e-01	1.541298895305296401e-01	2.648998239294005352e-01	1.580330215416597406e-01	7.491320177198743102e-02	3.131185857455106442e-02	7.934213605933991553e-02
1.279590221511822392e+03	2.370600734464857751e-01	1.539308313874538370e-01	2.651219618022563895e-01	1.581566485865988636e-01	7.496446290746412722e-02	3.134635494283345702e-02	7.941966692675675454e-02
1.282009106618650094e+03	2.367509672449661651e-01	1.537323271812704173e-01	2.653434743013234898e-01	1.582798962302065238e-01	7.501558056149784659e-02	3.138077573971890383e-02	7.949697874086586458e-02
1.284427991725477568e+03	2.364427474350641600e-01	1.535343753666972566e-01	2.655643631758916046e-01	1.584027656926624006e-01	7.506655513936121016e-02	3.141512105980361069e-02	7.957407213036894744e-02
1.286846876832305497e+03	2.361354114713936081e-01	1.533369744027654746e-01	2.657846301703548630e-01	1.585252581900395141e-01	7.511738704507159303e-02	3.144939099808300581e-02	7.965094772214119379e-02
1.289265761939132744e+03	2.358289568159184779e-01	1.531401227528074449e-01	2.660042770242252441e-01	1.586473749343177142e-01	7.516807668139749432e-02	3.148358564994655634e-02	7.972760614123630685e-02
1.291684647045960673e+03	2.355233809379314591e-01	1.529438188844446933e-01	2.662233054721465653e-01	1.587691171333973639e-01	7.521862444986490703e-02	3.151770511117267526e-02	7.980404801089154010e-02
1.294103532152788375e+03	2.352186813140323962e-01	1.527480612695760187e-01	2.664417172439079717e-01	1.588904859911130507e-01	7.526903075076342431e-02	3.155174947792364210e-02	7.988027395253274876e-02
1.296522417259616077e+03	2.349148554281070278e-01	1.525528483843654470e-01	2.666595140644574258e-01	1.590114827072469650e-01	7.531929598315249830e-02	3.158571884674059305e-02	7.995628458577937192e-02
1.298941302366443551e+03	2.346119007713054760e-01	1.523581787092303519e-01	2.668766976539154179e-01	1.591321084775426109e-01	7.536942054486749087e-02	3.161961331453853885e-02	8.003208052844948406e-02
1.301360187473271253e+03	2.343098148420211246e-01	1.521640507288296307e-01	2.670932697275885115e-01	1.592523644937182681e-01	7.541940483252569660e-02	3.165343297860139654e-02	8.010766239656476329e-02
1.303779072580098727e+03	2.340085951458694691e-01	1.519704629320517975e-01	2.673092319959827212e-01	1.593722519434804530e-01	7.546924924153226855e-02	3.168717793657713916e-02	8.018303080435555674e-02
1.306197957686926657e+03	2.337082391956668836e-01	1.517774138120032423e-01	2.675245861648170020e-01	1.594917720105374637e-01	7.551895416608613021e-02	3.172084828647291771e-02	8.025818636426582109e-02
1.308616842793753904e+03	2.334087445114095272e-01	1.515849018659962688e-01	2.677393339350367940e-01	1.596109258746127579e-01	7.556851999918577645e-02	3.175444412665023169e-02	8.033312968695814626e-02
1.311035727900581833e+03	2.331101086202524986e-01	1.513929255955376030e-01	2.679534770028270674e-01	1.597297147114584148e-01	7.561794713263499113e-02	3.178796555582018984e-02	8.040786138131876537e-02
1.313454613007409534e+03	2.328123290564887149e-01	1.512014835063165419e-01	2.681670170596259783e-01	1.598481396928684573e-01	7.566723595704856475e-02	3.182141267303877780e-02	8.048238205446245352e-02
1.315873498114237009e+03	2.325154033615282889e-01	1.510105741081932407e-01	2.683799557921380807e-01	1.599662019866922302e-01	7.571638686185790112e-02	3.185478557770213270e-02	8.055669231173762102e-02
1.318292383221064711e+03	2.322193290838774071e-01	1.508201959151871385e-01	2.685922948823475376e-01	1.600839027568477513e-01	7.576540023531656842e-02	3.188808436954194969e-02	8.063079275673115665e-02
1.320711268327892412e+03	2.319241037791178461e-01	1.506303474454653013e-01	2.688040360075314439e-01	1.602012431633348666e-01	7.581427646450580871e-02	3.192130914862080504e-02	8.070468399127347925e-02
1.323130153434719887e+03	2.316297250098861560e-01	1.504410272213308752e-01	2.690151808402727607e-01	1.603182243622487402e-01	7.586301593533997800e-02	3.195446001532766672e-02	8.077836661544340879e-02
1.325549038541547588e+03	2.313361903458530933e-01	1.502522337692114573e-01	2.692257310484737487e-01	1.604348475057928436e-01	7.591161903257188925e-02	3.198753707037328003e-02	8.085184122757320402e-02
1.327967923648375290e+03	2.310434973637030542e-01	1.500639656196476879e-01	2.694356882953690691e-01	1.605511137422923895e-01	7.596008613979818302e-02	3.202054041478573365e-02	8.092510842425341966e-02
1.330386808755202765e+03	2.307516436471135357e-01	1.498762213072816762e-01	2.696450542395386618e-01	1.606670242162072104e-01	7.600841763946453167e-02	3.205347014990597015e-02	8.099816880033787470e-02
1.332805693862030694e+03	2.304606267867348457e-01	1.496889993708455935e-01	2.698538305349209576e-01	1.607825800681452200e-01	7.605661391287091289e-02	3.208632637738339372e-02	8.107102294894856509e-02
1.335224578968857941e+03	2.301704443801695643e-01	1.495022983531502370e-01	2.700620188308257563e-01	1.608977824348752639e-01	7.610467534017668900e-02	3.211910919917147778e-02	8.114367146148059040e-02
1.337643464075685870e+03	2.298810940319522822e-01	1.493161168010735951e-01	2.702696207719472721e-01	1.610126324493403038e-01	7.615260230040574174e-02	3.215181871752339354e-02	8.121611492760701101e-02
1.340062349182513572e+03	2.295925733535294777e-01	1.491304532655495507e-01	2.704766379983770674e-01	1.611271312406704626e-01	7.620039517145150987e-02	3.218445503498776339e-02	8.128835393528383024e-02
1.342481234289341273e+03	2.293048799632391443e-01	1.489453063015565848e-01	2.706830721456168765e-01	1.612412799341959024e-01	7.624805433008201294e-02	3.221701825440435180e-02	8.136038907075479609e-02
1.344900119396168748e+03	2.290180114862908067e-01	1.487606744681063686e-01	2.708889248445915943e-01	1.613550796514600094e-01	7.629558015194470855e-02	3.224950847889985345e-02	8.143222091855635558e-02
1.347319004502996449e+03	2.287319655547453978e-01	1.485765563282325785e-01	2.710941977216619336e-01	1.614685315102322161e-01	7.634297301157147442e-02	3.228192581188365357e-02	8.150385006152245648e-02
1.349737889609823924e+03	2.284467398074953304e-01	1.483929504489796825e-01	2.712988923986373591e-01	1.615816366245207969e-01	7.639023328238336852e-02	3.231427035704371314e-02	8.157527708078946005e-02
1.352156774716651853e+03	2.281623318902444020e-01	1.482098554013916158e-01	2.715030104927887988e-01	1.616943961045859968e-01	7.643736133669547239e-02	3.234654221834241949e-02	8.164650255580099825e-02
1.354575659823479100e+03	2.278787394554880608e-01	1.480272697605008181e-01	2.717065536168612461e-01	1.618068110569526596e-01	7.648435754572160961e-02	3.237874150001249229e-02	8.171752706431277546e-02
1.356994544930307029e+03	2.275959601624935602e-01	1.478451921053168527e-01	2.719095233790866373e-01	1.619188825844231350e-01	7.653122227957905033e-02	3.241086830655293127e-02	8.178835118239748125e-02
1.359413430037134731e+03	2.273139916772801139e-01	1.476636210188155551e-01	2.721119213831962869e-01	1.620306117860900452e-01	7.657795590729313262e-02	3.244292274272499166e-02	8.185897548444953653e-02
1.361832315143962205e+03	2.270328316725993556e-01	1.474825550879277081e-01	2.723137492284335992e-01	1.621419997573489702e-01	7.662455879680192539e-02	3.247490491354819431e-02	8.192940054318995080e-02
1.364251200250789907e+03	2.267524778279154940e-01	1.473019929035281894e-01	2.725150085095666141e-01	1.622530475899112146e-01	7.667103131496069701e-02	3.250681492429635666e-02	8.199962692967113775e-02
1.366670085357617609e+03	2.264729278293858561e-01	1.471219330604248421e-01	2.727157008169007191e-01	1.623637563718164645e-01	7.671737382754649504e-02	3.253865288049367921e-02	8.206965521328170310e-02
1.369088970464445310e+03	2.261941793698414027e-01	1.469423741573475384e-01	2.729158277362907503e-01	1.624741271874453885e-01	7.676358669926260092e-02	3.257041888791086665e-02	8.213948596175123240e-02
1.371507855571272785e+03	2.259162301487671609e-01	1.467633147969372165e-01	2.731153908491538718e-01	1.625841611175322665e-01	7.680967029374292931e-02	3.260211305256124209e-02	8.220911974115509280e-02
1.373926740678100487e+03	2.256390778722828505e-01	1.465847535857350004e-01	2.733143917324818428e-01	1.626938592391775351e-01	7.685562497355644118e-02	3.263373548069694458e-02	8.227855711591919308e-02
1.376345625784927961e+03	2.253627202531235663e-01	1.464066891341712084e-01	2.735128319588532864e-01	1.628032226258603610e-01	7.690145110021148755e-02	3.266528627880513347e-02	8.234779864882475764e-02
1.378764510891755890e+03	2.250871550106204322e-01	1.462291200565545846e-01	2.737107130964463453e-01	1.629122523474511308e-01	7.694714903416008389e-02	3.269676555360419984e-02	8.241684490101304494e-02
1.381183395998583137e+03	2.248123798706815335e-01	1.460520449710614177e-01	2.739080367090506729e-01	1.630209494702238304e-01	7.699271913480219831e-02	3.272817341204006802e-02	8.248569643199013535e-02
1.383602281105411066e+03	2.245383925657724877e-01	1.458754624997248006e-01	2.741048043560800340e-01	1.631293150568685901e-01	7.703816176048992881e-02	3.275950996128248333e-02	8.255435379963160791e-02
1.386021166212238768e+03	2.242651908348975431e-01	1.456993712684237496e-01	2.743010175925842398e-01	1.632373501665039806e-01	7.708347726853176374e-02	3.279077530872133439e-02	8.262281756018731438e-02
1.388440051319066470e+03	2.239927724235803996e-01	1.455237699068726298e-01	2.744966779692616932e-01	1.633450558546894194e-01	7.712866601519667575e-02	3.282196956196302418e-02	8.269108826828608372e-02
1.390858936425893944e+03	2.237211350838452240e-01	1.453486570486102192e-01	2.746917870324714905e-01	1.634524331734374947e-01	7.717372835571820189e-02	3.285309282882687559e-02	8.275916647694042672e-02
1.393277821532721646e+03	2.234502765741978592e-01	1.451740313309892449e-01	2.748863463242453564e-01	1.635594831712262054e-01	7.721866464429855137e-02	3.288414521734152329e-02	8.282705273755118502e-02
1.395696706639549120e+03	2.231801946596066455e-01	1.449998913951656698e-01	2.750803573823000781e-01	1.636662068930112013e-01	7.726347523411265794e-02	3.291512683574139564e-02	8.289474759991227737e-02
1.398115591746377049e+03	2.229108871114838797e-01	1.448262358860879506e-01	2.752738217400493848e-01	1.637726053802381065e-01	7.730816047731213503e-02	3.294603779246316894e-02	8.296225161221532085e-02
1.400534476853204296e+03	2.226423517076668857e-01	1.446530634524865744e-01	2.754667409266159939e-01	1.638786796708545379e-01	7.735272072502927254e-02	3.297687819614229798e-02	8.302956532105433551e-02
1.402953361960032225e+03	2.223745862323993350e-01	1.444803727468635113e-01	2.756591164668438232e-01	1.639844307993223727e-01	7.739715632738093654e-02	3.300764815560954663e-02	8.309668927143035178e-02
1.405372247066859927e+03	2.221075884763125396e-01	1.443081624254816120e-01	2.758509498813098149e-01	1.640898597966297667e-01	7.744146763347246887e-02	3.303834777988757382e-02	8.316362400675608724e-02
1.407791132173687402e+03	2.218413562364069391e-01	1.441364311483540883e-01	2.760422426863358702e-01	1.641949676903033117e-01	7.748565499140155910e-02	3.306897717818749194e-02	8.323037006886056799e-02
1.410210017280515103e+03	2.215758873160335041e-01	1.439651775792341604e-01	2.762329963940008404e-01	1.642997555044199420e-01	7.752971874826206089e-02	3.309953645990553611e-02	8.329692799799373604e-02
1.412628902387342805e+03	2.213111795248752511e-01	1.437944003856044539e-01	2.764232125121524608e-01	1.644042242596190084e-01	7.757365925014780839e-02	3.313002573461969885e-02	8.336329833283107060e-02
1.415047787494170507e+03	2.210472306789287855e-01	1.436240982386666754e-01	2.766128925444191200e-01	1.645083749731142686e-01	7.761747684215632159e-02	3.316044511208641327e-02	8.342948161047818167e-02
1.417466672600997981e+03	2.207840386004858990e-01	1.434542698133312311e-01	2.768020379902216277e-01	1.646122086587057387e-01	7.766117186839260889e-02	3.319079470223724321e-02	8.349547836647541743e-02
1.419885557707825683e+03	2.205216011181153068e-01	1.432849137882069024e-01	2.769906503447851498e-01	1.647157263267916283e-01	7.770474467197283075e-02	3.322107461517565669e-02	8.356128913480238840e-02
1.422304442814653157e+03	2.202599160666443012e-01	1.431160288455904372e-01	2.771787310991506992e-01	1.648189289843801086e-01	7.774819559502796351e-02	3.325128496117375765e-02	8.362691444788260264e-02
1.424723327921481086e+03	2.199989812871406270e-01	1.429476136714561973e-01	2.773662817401872926e-01	1.649218176351012199e-01	7.779152497870744920e-02	3.328142585066909409e-02	8.369235483658798991e-02
1.427142213028308333e+03	2.197387946268942460e-01	1.427796669554461106e-01	2.775533037506032197e-01	1.650243932792186674e-01	7.783473316318280377e-02	3.331149739426146617e-02	8.375761083024342579e-02
1.429561098135136262e+03	2.194793539393992132e-01	1.426121873908592352e-01	2.777397986089578108e-01	1.651266569136413953e-01	7.787782048765118370e-02	3.334149970270978286e-02	8.382268295663129754e-02
1.431979983241963964e+03	2.192206570843356905e-01	1.424451736746415453e-01	2.779257677896733725e-01	1.652286095319354942e-01	7.792078729033899420e-02	3.337143288692889787e-02	8.388757174199602817e-02
1.434398868348791666e+03	2.189627019275519060e-01	1.422786245073759115e-01	2.781112127630460673e-01	1.653302521243357193e-01	7.796363390850531705e-02	3.340129705798655646e-02	8.395227771104854519e-02
1.436817753455619140e+03	2.187054863410462235e-01	1.421125385932717755e-01	2.782961349952582930e-01	1.654315856777571203e-01	7.800636067844549104e-02	3.343109232710027995e-02	8.401680138697083244e-02
1.439236638562446842e+03	2.184490082029491853e-01	1.419469146401551307e-01	2.784805359483896181e-01	1.655326111758068097e-01	7.804896793549453982e-02	3.346081880563430561e-02	8.408114329142041266e-02
1.441655523669274316e+03	2.181932653975057479e-01	1.417817513594583356e-01	2.786644170804285503e-01	1.656333295987953147e-01	7.809145601403061354e-02	3.349047660509659602e-02	8.414530394453481610e-02
1.444074408776102018e+03	2.179382558150574911e-01	1.416170474662100942e-01	2.788477798452839718e-01	1.657337419237482345e-01	7.813382524747841673e-02	3.352006583713580679e-02	8.420928386493602147e-02
1.446493293882929493e+03	2.176839773520248267e-01	1.414528016790254639e-01	2.790306256927962969e-01	1.658338491244175650e-01	7.817607596831260830e-02	3.354958661353833055e-02	8.427308356973495229e-02
1.448912178989757422e+03	2.174304279108893179e-01	1.412890127200957247e-01	2.792129560687492962e-01	1.659336521712932722e-01	7.821820850806111836e-02	3.357903904622530633e-02	8.433670357453591782e-02
1.451331064096585123e+03	2.171776054001761935e-01	1.411256793151784705e-01	2.793947724148812539e-01	1.660331520316147558e-01	7.826022319730854826e-02	3.360842324724973990e-02	8.440014439344102615e-02
1.453749949203412370e+03	2.169255077344365568e-01	1.409628001935876174e-01	2.795760761688961260e-01	1.661323496693820345e-01	7.830212036569943190e-02	3.363773932879356859e-02	8.446340653905463902e-02
1.456168834310240300e+03	2.166741328342300377e-01	1.408003740881834942e-01	2.797568687644751972e-01	1.662312460453672369e-01	7.834390034194153862e-02	3.366698740316477478e-02	8.452649052248772943e-02
1.458587719417068001e+03	2.164234786261072241e-01	1.406383997353629345e-01	2.799371516312879615e-01	1.663298421171258423e-01	7.838556345380914836e-02	3.369616758279456170e-02	8.458939685336236414e-02
1.461006604523895703e+03	2.161735430425922311e-01	1.404768758750493951e-01	2.801169261950037237e-01	1.664281388390079497e-01	7.842711002814627130e-02	3.372527998023450851e-02	8.465212603981600581e-02
1.463425489630723177e+03	2.159243240221654092e-01	1.403158012506831032e-01	2.802961938773025352e-01	1.665261371621694908e-01	7.846854039086992305e-02	3.375432470815373232e-02	8.471467858850596777e-02
1.465844374737550879e+03	2.156758195092459973e-01	1.401551746092112583e-01	2.804749560958864629e-01	1.666238380345834158e-01	7.850985486697320548e-02	3.378330187933614726e-02	8.477705500461373000e-02
1.468263259844378354e+03	2.154280274541748585e-01	1.399949947010782902e-01	2.806532142644906913e-01	1.667212424010508232e-01	7.855105378052859577e-02	3.381221160667766124e-02	8.483925579184932453e-02
1.470682144951206283e+03	2.151809458131972164e-01	1.398352602802158673e-01	2.808309697928947912e-01	1.668183512032122284e-01	7.859213745469102730e-02	3.384105400318348361e-02	8.490128145245563751e-02
1.473101030058033530e+03	2.149345725484455571e-01	1.396759701040334034e-01	2.810082240869336556e-01	1.669151653795584445e-01	7.863310621170102599e-02	3.386982918196535658e-02	8.496313248721282241e-02
1.475519915164861459e+03	2.146889056279224772e-01	1.395171229334083440e-01	2.811849785485085462e-01	1.670116858654417114e-01	7.867396037288781896e-02	3.389853725623889757e-02	8.502480939544251881e-02
1.477938800271689161e+03	2.144439430254837242e-01	1.393587175326762850e-01	2.813612345755980848e-01	1.671079135930866599e-01	7.871470025867244313e-02	3.392717833932091392e-02	8.508631267501223783e-02
1.480357685378516862e+03	2.141996827208210441e-01	1.392007526696214803e-01	2.815369935622692998e-01	1.672038494916013862e-01	7.875532618857072897e-02	3.395575254462675913e-02	8.514764282233967807e-02
1.482776570485344337e+03	2.139561226994453336e-01	1.390432271154671273e-01	2.817122568986886733e-01	1.672994944869882206e-01	7.879583848119645073e-02	3.398425998566768913e-02	8.520880033239690288e-02
