1.301360187473271253e+03	2.352808629320310707e-01	1.512653755372489750e-01	2.607656082930556174e-01	1.617662478809804294e-01	7.624181941085304837e-02	3.218017293581538346e-02	8.249991300986263265e-02
1.306197957686926657e+03	2.346887675036432863e-01	1.508702342883814496e-01	2.611433525165551828e-01	1.620321746371191085e-01	7.634848889138763639e-02	3.225212466108805243e-02	8.266485750167243407e-02
1.311035727900581833e+03	2.341001038831267977e-01	1.504772455196491387e-01	2.615187970032126219e-01	1.622966298405701946e-01	7.645459984211597226e-02	3.232375515450557069e-02	8.282886875666681248e-02
1.315873498114237009e+03	2.335148520098157265e-01	1.500863975622738489e-01	2.618919570554891774e-01	1.625596213572005899e-01	7.656015513781497250e-02	3.239506525214098931e-02	8.299195162511180390e-02
1.320711268327892412e+03	2.329329919429816709e-01	1.496976788096867073e-01	2.622628478600973478e-01	1.628211570105467521e-01	7.666515763716257037e-02	3.246605579823177296e-02	8.315411094114032176e-02
1.325549038541547588e+03	2.323545038610788371e-01	1.493110777172098613e-01	2.626314844890180189e-01	1.630812445820809531e-01	7.676961018290956451e-02	3.253672764493805575e-02	8.331535152261181076e-02
1.330386808755202765e+03	2.317793680609943618e-01	1.489265828017396764e-01	2.629978819005079904e-01	1.633398918114750686e-01	7.687351560204694345e-02	3.260708165210590703e-02	8.347567817097717446e-02
1.335224578968857941e+03	2.312075649573039904e-01	1.485441826414311828e-01	2.633620549400974009e-01	1.635971063968615080e-01	7.697687670596914389e-02	3.267711868703537803e-02	8.363509567114846277e-02
1.340062349182513572e+03	2.306390750815330293e-01	1.481638658753840765e-01	2.637240183415780481e-01	1.638528959950920072e-01	7.707969629063302075e-02	3.274683962425326694e-02	8.379360879137354168e-02
1.344900119396168748e+03	2.300738790814223778e-01	1.477856212033303307e-01	2.640837867279814954e-01	1.641072682219937851e-01	7.718197713671298699e-02	3.281624534529054005e-02	8.395122228311546753e-02
1.349737889609823924e+03	2.295119577201998051e-01	1.474094373853228890e-01	2.644413746125481857e-01	1.643602306526231738e-01	7.728372200975217043e-02	3.288533673846426308e-02	8.410794088093646870e-02
1.354575659823479100e+03	2.289532918758563629e-01	1.470353032414260519e-01	2.647967963996870622e-01	1.646117908215169179e-01	7.738493366030999021e-02	3.295411469866394577e-02	8.426376930238661800e-02
1.359413430037134731e+03	2.283978625404277374e-01	1.466632076514072514e-01	2.651500663859255313e-01	1.648619562229413360e-01	7.748561482410593060e-02	3.302258012714225782e-02	8.441871224789684880e-02
1.364251200250789907e+03	2.278456508192805985e-01	1.462931395544301849e-01	2.655011987608508206e-01	1.651107343111388182e-01	7.758576822216003976e-02	3.309073393130990831e-02	8.457277440067648144e-02
1.369088970464445310e+03	2.272966379304040829e-01	1.459250879487494212e-01	2.658502076080416221e-01	1.653581325005721858e-01	7.768539656092987578e-02	3.315857702453478550e-02	8.472596042661485749e-02
1.373926740678100487e+03	2.267508052037060795e-01	1.455590418914064210e-01	2.661971069059908546e-01	1.656041581661668316e-01	7.778450253244430235e-02	3.322611032594504493e-02	8.487827497418735934e-02
1.378764510891755890e+03	2.262081340803143437e-01	1.451949904979269457e-01	2.665419105290193769e-01	1.658488186435505274e-01	7.788308881443403719e-02	3.329333476023624977e-02	8.502972267436542664e-02
1.383602281105411066e+03	2.256686061118826359e-01	1.448329229420198816e-01	2.668846322481809308e-01	1.660921212292912341e-01	7.798115807045918890e-02	3.336025125748239006e-02	8.518030814053066668e-02
1.388440051319066470e+03	2.251322029599014396e-01	1.444728284552775077e-01	2.672252857321582575e-01	1.663340731811324136e-01	7.807871295003382395e-02	3.342686075295067671e-02	8.533003596839283666e-02
1.393277821532721646e+03	2.245989063950137032e-01	1.441146963268770120e-01	2.675638845481501105e-01	1.665746817182265638e-01	7.817575608874761939e-02	3.349316418692011715e-02	8.547891073591183664e-02
1.398115591746377049e+03	2.240686982963349672e-01	1.437585159032837012e-01	2.679004421627499410e-01	1.668139540213665339e-01	7.827229010838482326e-02	3.355916250450370619e-02	8.562693700322324131e-02
1.402953361960032225e+03	2.235415606507785147e-01	1.434042765879552650e-01	2.682349719428160917e-01	1.670518972332145635e-01	7.836831761704042554e-02	3.362485665547421121e-02	8.577411931256781474e-02
1.407791132173687402e+03	2.230174755523849084e-01	1.430519678410476780e-01	2.685674871563328847e-01	1.672885184585297114e-01	7.846384120923380334e-02	3.369024759409347536e-02	8.592046218822442516e-02
1.412628902387342805e+03	2.224964252016561894e-01	1.427015791791222954e-01	2.688980009732640508e-01	1.675238247643927314e-01	7.855886346601985426e-02	3.375533627894510003e-02	8.606597013644663730e-02
1.417466672600997981e+03	2.219783919048947674e-01	1.423531001748544467e-01	2.692265264663971647e-01	1.677578231804295605e-01	7.865338695509760392e-02	3.382012367277055509e-02	8.621064764540269099e-02
1.422304442814653157e+03	2.214633580735466400e-01	1.420065204567433625e-01	2.695530766121803090e-01	1.679905206990323918e-01	7.874741423091656534e-02	3.388461074230854353e-02	8.635449918511894918e-02
1.427142213028308333e+03	2.209513062235492209e-01	1.416618297088235168e-01	2.698776642915500790e-01	1.682219242755789435e-01	7.884094783478073909e-02	3.394879845813757874e-02	8.649752920742669049e-02
1.431979983241963964e+03	2.204422189746835514e-01	1.413190176703772172e-01	2.702003022907518148e-01	1.684520408286500348e-01	7.893399029495044850e-02	3.401268779452174679e-02	8.663974214591199652e-02
1.436817753455619140e+03	2.199360790499310381e-01	1.409780741356486400e-01	2.705210033021515081e-01	1.686808772402449697e-01	7.902654412674200990e-02	3.407627972925954263e-02	8.678114241586902533e-02
1.441655523669274316e+03	2.194328692748343523e-01	1.406389889535592519e-01	2.708397799250404359e-01	1.689084403559953651e-01	7.911861183262530739e-02	3.413957524353578021e-02	8.692173441425626867e-02
1.446493293882929493e+03	2.189325725768629383e-01	1.403017520274244534e-01	2.711566446664306906e-01	1.691347369853769544e-01	7.921019590231942464e-02	3.420257532177638921e-02	8.706152251965590394e-02
1.451331064096585123e+03	2.184351719847826279e-01	1.399663533146717209e-01	2.714716099418441053e-01	1.693597739019196413e-01	7.930129881288633387e-02	3.426528095150620928e-02	8.720051109223610208e-02
1.456168834310240300e+03	2.179406506280295031e-01	1.396327828265599702e-01	2.717846880760927952e-01	1.695835578434159163e-01	7.939192302882261409e-02	3.432769312320959471e-02	8.733870447371631929e-02
1.461006604523895703e+03	2.174489917360881985e-01	1.393010306279002519e-01	2.720958913040523175e-01	1.698060955121274140e-01	7.948207100214942089e-02	3.438981283019380136e-02	8.747610698733532253e-02
1.465844374737550879e+03	2.169601786378742292e-01	1.389710868367779184e-01	2.724052317714269478e-01	1.700273935749896659e-01	7.957174517250076295e-02	3.445164106845515634e-02	8.761272293782206011e-02
1.470682144951206283e+03	2.164741947611204809e-01	1.386429416242759560e-01	2.727127215355077960e-01	1.702474586638152987e-01	7.966094796720991911e-02	3.451317883654785035e-02	8.774855661136933549e-02
1.475519915164861459e+03	2.159910236317679477e-01	1.383165852141997054e-01	2.730183725659234839e-01	1.704662973754956512e-01	7.974968180139432872e-02	3.457442713545541557e-02	8.788361227561002076e-02
1.480357685378516862e+03	2.155106488733605219e-01	1.379920078828029140e-01	2.733221967453832169e-01	1.706839162722004477e-01	7.983794907803881680e-02	3.463538696846476389e-02	8.801789417959592077e-02
1.485195455592172038e+03	2.150330542064436412e-01	1.376691999585151205e-01	2.736242058704125291e-01	1.709003218815760283e-01	7.992575218807729254e-02	3.469605934104274397e-02	8.815140655377921852e-02
1.490033225805827215e+03	2.145582234479673778e-01	1.373481518216701502e-01	2.739244116520825334e-01	1.711155206969420250e-01	8.001309351047296292e-02	3.475644526071517554e-02	8.828415360999637695e-02
1.494870996019482618e+03	2.140861405106932458e-01	1.370288539042362475e-01	2.742228257167310113e-01	1.713295191774862336e-01	8.009997541229710305e-02	3.481654573694832611e-02	8.841613954145444154e-02
1.499708766233137567e+03	2.136167894026049507e-01	1.367112966895472626e-01	2.745194596066772852e-01	1.715423237484582086e-01	8.018640024880638317e-02	3.487636178103276086e-02	8.854736852271979930e-02
1.504546536446793198e+03	2.131501542263232185e-01	1.363954707120351162e-01	2.748143247809295420e-01	1.717539408013611657e-01	8.027237036351883570e-02	3.493589440596954476e-02	8.867784470970917210e-02
1.509384306660448374e+03	2.126862191785244827e-01	1.360813665569637343e-01	2.751074326158857719e-01	1.719643766941422736e-01	8.035788808828854546e-02	3.499514462635868600e-02	8.880757223968299696e-02
1.514222076874103550e+03	2.122249685493634574e-01	1.357689748601642044e-01	2.753987944060274917e-01	1.721736377513815863e-01	8.044295574337906318e-02	3.505411345828988307e-02	8.893655523124084639e-02
1.519059847087758726e+03	2.117663867218994855e-01	1.354582863077709587e-01	2.756884213646064730e-01	1.723817302644794491e-01	8.052757563753551451e-02	3.511280191923544375e-02	8.906479778431920791e-02
1.523897617301414357e+03	2.113104581715267161e-01	1.351492916359596785e-01	2.759763246243254753e-01	1.725886604918424605e-01	8.061175006805558485e-02	3.517121102794534826e-02	8.919230398019120654e-02
1.528735387515069533e+03	2.108571674654082240e-01	1.348419816306860586e-01	2.762625152380119298e-01	1.727944346590679359e-01	8.069548132085929693e-02	3.522934180434447726e-02	8.931907788146851990e-02
1.533573157728724709e+03	2.104064992619136265e-01	1.345363471274261535e-01	2.765470041792848499e-01	1.729990589591269556e-01	8.077877167055773355e-02	3.528719526943184526e-02	8.944512353210523625e-02
1.538410927942380113e+03	2.099584383100606411e-01	1.342323790109177239e-01	2.768298023432156363e-01	1.732025395525461642e-01	8.086162338052056697e-02	3.534477244518195727e-02	8.957044495740372481e-02
1.543248698156035516e+03	2.095129694489602235e-01	1.339300682149029142e-01	2.771109205469822756e-01	1.734048825675879313e-01	8.094403870294263059e-02	3.540207435444808065e-02	8.969504616402237951e-02
1.548086468369690692e+03	2.090700776072653977e-01	1.336294057218723186e-01	2.773903695305172112e-01	1.736060941004292646e-01	8.102601987890940827e-02	3.545910202086755003e-02	8.981893113998523637e-02
1.552924238583346096e+03	2.086297478026237218e-01	1.333303825628102401e-01	2.776681599571489967e-01	1.738061802153394453e-01	8.110756913846153826e-02	3.551585646876890406e-02	8.994210385469349200e-02
1.557762008797001272e+03	2.081919651411334449e-01	1.330329898169409497e-01	2.779443024142374541e-01	1.740051469448562205e-01	8.118868870065841514e-02	3.557233872308102063e-02	9.006456825893875695e-02
1.562599779010656675e+03	2.077567148168031064e-01	1.327372186114765540e-01	2.782188074138031153e-01	1.742030002899606911e-01	8.126938077364077861e-02	3.562854980924399367e-02	9.018632828491802977e-02
1.567437549224311852e+03	2.073239821110147985e-01	1.324430601213657799e-01	2.784916853931500569e-01	1.743997462202508952e-01	8.134964755469246966e-02	3.568449075312191826e-02	9.030738784625039206e-02
1.572275319437967255e+03	2.068937523919908705e-01	1.321505055690441466e-01	2.787629467154830731e-01	1.745953906741142259e-01	8.142949123030128467e-02	3.574016258091736176e-02	9.042775083799536873e-02
1.577113089651622431e+03	2.064660111142642418e-01	1.318595462241854144e-01	2.790326016705187429e-01	1.747899395588983495e-01	8.150891397621895518e-02	3.579556631908767383e-02	9.054742113667291203e-02
1.581950859865277607e+03	2.060407438181521000e-01	1.315701734034540882e-01	2.793006604750906674e-01	1.749833987510811817e-01	8.158791795752035059e-02	3.585070299426295487e-02	9.066640260028489828e-02
1.586788630078933011e+03	2.056179361292331254e-01	1.312823784702591701e-01	2.795671332737486581e-01	1.751757740964392795e-01	8.166650532866190360e-02	3.590557363316571743e-02	9.078469906833826208e-02
1.591626400292587959e+03	2.051975737578280168e-01	1.309961528345092996e-01	2.798320301393525389e-01	1.753670714102153194e-01	8.174467823353918916e-02	3.596017926253219227e-02	9.090231436186950453e-02
1.596464170506243590e+03	2.047796424984835995e-01	1.307114879523686990e-01	2.800953610736597321e-01	1.755572964772841582e-01	8.182243880554380955e-02	3.601452090903528580e-02	9.101925228347079733e-02
1.601301940719898766e+03	2.043641282294599848e-01	1.304283753260148393e-01	2.803571360079074593e-01	1.757464550523177571e-01	8.189978916761948835e-02	3.606859959920908493e-02	9.113551661731740527e-02
1.606139710933553943e+03	2.039510169122215333e-01	1.301468065033968557e-01	2.806173648033895018e-01	1.759345528599489950e-01	8.197673143231765103e-02	3.612241635937496476e-02	9.125111112919649659e-02
1.610977481147209119e+03	2.035402945909307315e-01	1.298667730779954899e-01	2.808760572520270227e-01	1.761215955949342882e-01	8.205326770185203400e-02	3.617597221556917431e-02	9.136603956653732705e-02
1.615815251360864750e+03	2.031319473919454555e-01	1.295882666885837808e-01	2.811332230769341689e-01	1.763075889223149895e-01	8.212940006815284966e-02	3.622926819347198346e-02	9.148030565844278428e-02
1.620653021574519926e+03	2.027259615233198142e-01	1.293112790189894501e-01	2.813888719329783461e-01	1.764925384775777595e-01	8.220513061292022972e-02	3.628230531833825934e-02	9.159391311572216698e-02
1.625490791788175102e+03	2.023223232743076583e-01	1.290358017978581462e-01	2.816430134073347746e-01	1.766764498668136896e-01	8.228046140767708572e-02	3.633508461492952063e-02	9.170686563092513011e-02
1.630328562001830505e+03	2.019210190148699458e-01	1.287618267984178555e-01	2.818956570200361056e-01	1.768593286668764808e-01	8.235539451382127563e-02	3.638760710744739363e-02	9.181916687837697599e-02
1.635166332215485909e+03	2.015220351951848288e-01	1.284893458382445897e-01	2.821468122245164856e-01	1.770411804255393462e-01	8.242993198267731247e-02	3.643987381946848375e-02	9.193082051421501422e-02
1.640004102429141085e+03	2.011253583451610982e-01	1.282183507790291832e-01	2.823964884081506255e-01	1.772220106616510249e-01	8.250407585554735135e-02	3.649188577388056548e-02	9.204183017642621201e-02
1.644841872642796488e+03	2.007309750739547927e-01	1.279488335263453125e-01	2.826446948927877623e-01	1.774018248652905194e-01	8.257782816376178781e-02	3.654364399282022252e-02	9.215219948488576063e-02
1.649679642856451665e+03	2.003388720694889158e-01	1.276807860294184305e-01	2.828914409352801251e-01	1.775806284979209726e-01	8.265119092872913464e-02	3.659514949761168839e-02	9.226193204139684911e-02
1.654517413070107068e+03	1.999490360979762071e-01	1.274142002808962282e-01	2.831367357280071828e-01	1.777584269925422955e-01	8.272416616198559336e-02	3.664640330870705398e-02	9.237103142973153436e-02
1.659355183283762244e+03	1.995614540034451323e-01	1.271490683166198732e-01	2.833805883993939512e-01	1.779352257538429904e-01	8.279675586524389008e-02	3.669740644562772408e-02	9.247950121567248549e-02
1.664192953497417420e+03	1.991761127072686488e-01	1.268853822153966360e-01	2.836230080144252486e-01	1.781110301583507527e-01	8.286896203044180620e-02	3.674815992690713684e-02	9.258734494705585238e-02
1.669030723711072824e+03	1.987929992076963581e-01	1.266231340987734322e-01	2.838640035751542334e-01	1.782858455545821563e-01	8.294078663979012611e-02	3.679866477003469749e-02	9.269456615381506392e-02
1.673868493924728000e+03	1.984121005793894055e-01	1.263623161308116971e-01	2.841035840212069452e-01	1.784596772631913963e-01	8.301223166582015478e-02	3.684892199140093333e-02	9.280116834802554227e-02
1.678706264138383403e+03	1.980334039729585160e-01	1.261029205178632873e-01	2.843417582302814606e-01	1.786325305771179206e-01	8.308329907143077731e-02	3.689893260624379362e-02	9.290715502395034686e-02
1.683544034352038352e+03	1.976568966145049455e-01	1.258449395083474365e-01	2.845785350186428309e-01	1.788044107617330902e-01	8.315399080993503278e-02	3.694869762859614992e-02	9.301252965808669282e-02
1.688381804565693983e+03	1.972825658051643172e-01	1.255883653925289334e-01	2.848139231416126904e-01	1.789753230549860075e-01	8.322430882510639671e-02	3.699821807123445522e-02	9.311729570921334354e-02
1.693219574779349159e+03	1.969103989206535676e-01	1.253331905022973258e-01	2.850479312940550902e-01	1.791452726675483997e-01	8.329425505122449447e-02	3.704749494562842999e-02	9.322145661843880826e-02
1.698057344993004335e+03	1.965403834108206127e-01	1.250794072109473742e-01	2.852805681108571134e-01	1.793142647829581993e-01	8.336383141312043998e-02	3.709652926189196259e-02	9.332501580925041396e-02
1.702895115206659511e+03	1.961725067991969274e-01	1.248270079329603377e-01	2.855118421674051610e-01	1.794823045577627341e-01	8.343303982622191084e-02	3.714532202873500194e-02	9.342797668756402940e-02
1.707732885420315142e+03	1.958067566825531236e-01	1.245759851237865506e-01	2.857417619800569075e-01	1.796493971216605590e-01	8.350188219659768207e-02	3.719387425341658115e-02	9.353034264177469137e-02
1.712570655633970318e+03	1.954431207304571927e-01	1.243263312796291098e-01	2.859703360066086497e-01	1.798155475776426204e-01	8.357036042100182693e-02	3.724218694169881966e-02	9.363211704280786918e-02
1.717408425847625494e+03	1.950815866848356339e-01	1.240780389372285186e-01	2.861975726467583803e-01	1.799807610021323945e-01	8.363847638691766784e-02	3.729026109780198689e-02	9.373330324417150639e-02
1.722246196061280898e+03	1.947221423595375256e-01	1.238311006736484837e-01	2.864234802425645876e-01	1.801450424451251642e-01	8.370623197260117221e-02	3.733809772436055829e-02	9.383390458200865925e-02
1.727083966274936301e+03	1.943647756399010940e-01	1.235855091060627381e-01	2.866480670789004481e-01	1.803083969303264922e-01	8.377362904712419567e-02	3.738569782238026357e-02	9.393392437515087068e-02
1.731921736488591478e+03	1.940094744823233353e-01	1.233412568915430302e-01	2.868713413839044657e-01	1.804708294552895831e-01	8.384066947041729501e-02	3.743306239119611328e-02	9.403336592517223813e-02
1.736759506702246881e+03	1.936562269138320802e-01	1.230983367268480982e-01	2.870933113294261707e-01	1.806323449915521739e-01	8.390735509331220809e-02	3.748019242843134841e-02	9.413223251644396716e-02
1.741597276915902057e+03	1.933050210316611672e-01	1.228567413482136855e-01	2.873139850314680444e-01	1.807929484847720925e-01	8.397368775758405623e-02	3.752708892995736817e-02	9.423052741618963279e-02
1.746435047129557461e+03	1.929558450028278915e-01	1.226164635311436935e-01	2.875333705506233906e-01	1.809526448548624544e-01	8.403966929599321345e-02	3.757375288985451145e-02	9.432825387454095434e-02
1.751272817343212637e+03	1.926086870637134241e-01	1.223774960902022924e-01	2.877514758925099336e-01	1.811114389961255844e-01	8.410530153232687045e-02	3.762018530037382347e-02	9.442541512459418085e-02
1.756110587556867813e+03	1.922635355196458118e-01	1.221398318788071841e-01	2.879683090081996966e-01	1.812693357773863534e-01	8.417058628144036270e-02	3.766638715189964126e-02	9.452201438246703169e-02
1.760948357770523216e+03	1.919203787444856979e-01	1.219034637890238082e-01	2.881838777946445496e-01	1.814263400421247674e-01	8.423552534929806823e-02	3.771235943291309511e-02	9.461805484735605343e-02
1.765786127984178393e+03	1.915792051802144291e-01	1.216683847513606725e-01	2.883981900950982613e-01	1.815824566086074177e-01	8.430012053301420838e-02	3.775810312995642182e-02	9.471353970159462898e-02
1.770623898197833569e+03	1.912400033365250218e-01	1.214345877345656133e-01	2.886112536995342204e-01	1.817376902700184871e-01	8.436437362089320435e-02	3.780361922759818000e-02	9.480847211071136149e-02
1.775461668411488745e+03	1.909027617904156815e-01	1.212020657454231654e-01	2.888230763450595484e-01	1.818920457945897295e-01	8.442828639246989508e-02	3.784890870839920790e-02	9.490285522348890224e-02
1.780299438625144376e+03	1.905674691857857095e-01	1.209708118285529738e-01	2.890336657163253831e-01	1.820455279257297831e-01	8.449186061854943586e-02	3.789397255287946936e-02	9.499669217202336147e-02
1.785137208838799552e+03	1.902341142330342405e-01	1.207408190662091624e-01	2.892430294459334972e-01	1.821981413821525120e-01	8.455509806124693328e-02	3.793881173948566304e-02	9.508998607178401063e-02
1.789974979052454728e+03	1.899026857086612563e-01	1.205120805780806742e-01	2.894511751148391432e-01	1.823498908580049593e-01	8.461800047402684433e-02	3.798342724455961578e-02	9.518274002167351200e-02
1.794812749266109904e+03	1.895731724548713193e-01	1.202845895210928051e-01	2.896581102527499008e-01	1.825007810229939686e-01	8.468056960174216719e-02	3.802782004230742530e-02	9.527495710408839802e-02
1.799650519479765535e+03	1.892455633791796099e-01	1.200583390892095426e-01	2.898638423385213048e-01	1.826508165225127212e-01	8.474280718067329909e-02	3.807199110476940790e-02	9.536664038498010587e-02
1.804488289693420711e+03	1.889198474540206285e-01	1.198333225132370006e-01	2.900683788005486985e-01	1.828000019777658580e-01	8.480471493856681087e-02	3.811594140179074691e-02	9.545779291391620625e-02
1.809326059907075887e+03	1.885960137163592842e-01	1.196095330606278817e-01	2.902717270171556452e-01	1.829483419858943249e-01	8.486629459467379122e-02	3.815967190099288364e-02	9.554841772414213175e-02
1.814163830120731291e+03	1.882740512673044542e-01	1.193869640352868133e-01	2.904738943169784537e-01	1.830958411200992730e-01	8.492754785978814946e-02	3.820318356774561608e-02	9.563851783264315509e-02
1.819001600334386467e+03	1.879539492717248739e-01	1.191656087773768635e-01	2.906748879793475959e-01	1.832425039297652936e-01	8.498847643628465454e-02	3.824647736513993312e-02	9.572809624020667263e-02
1.823839370548041643e+03	1.876356969578675538e-01	1.189454606631267924e-01	2.908747152346655707e-01	1.833883349405829588e-01	8.504908201815665481e-02	3.828955425396149415e-02	9.581715593148483479e-02
1.828677140761696819e+03	1.873192836169785547e-01	1.187265131046395250e-01	2.910733832647812713e-01	1.835333386546705303e-01	8.510936629105374240e-02	3.833241519266480934e-02	9.590569987505745408e-02
1.833514910975352450e+03	1.870046986029261782e-01	1.185087595497014284e-01	2.912708992033609112e-01	1.836775195506950842e-01	8.516933093231908447e-02	3.837506113734811403e-02	9.599373102349513520e-02
1.838352681189008081e+03	1.866919313318264328e-01	1.182921934815926585e-01	2.914672701362557850e-01	1.838208820839928037e-01	8.522897761102662950e-02	3.841749304172883961e-02	9.608125231342279360e-02
1.843190451402663257e+03	1.863809712816709430e-01	1.180768084188984351e-01	2.916625031018666436e-01	1.839634306866887170e-01	8.528830798801810553e-02	3.845971185711979240e-02	9.616826666558329906e-02
1.848028221616318433e+03	1.860718079919571333e-01	1.178625979153211795e-01	2.918566050915047949e-01	1.841051697678157129e-01	8.534732371593976852e-02	3.850171853240592218e-02	9.625477698490138290e-02
1.852865991829973609e+03	1.857644310633208007e-01	1.176495555594938708e-01	2.920495830497498169e-01	1.842461037134327795e-01	8.540602643927908133e-02	3.854351401402173610e-02	9.634078616054779498e-02
1.857703762043628785e+03	1.854588301571707953e-01	1.174376749747941123e-01	2.922414438748044407e-01	1.843862368867425772e-01	8.546441779440103192e-02	3.858509924592929546e-02	9.642629706600364115e-02
1.862541532257283961e+03	1.851549949953261998e-01	1.172269498191591680e-01	2.924321944188457700e-01	1.845255736282085113e-01	8.552249940958443764e-02	3.862647516959685084e-02	9.651131255912492879e-02
1.867379302470939592e+03	1.848529153596557562e-01	1.170173737849021095e-01	2.926218414883737240e-01	1.846641182556709726e-01	8.558027290505794415e-02	3.866764272397803237e-02	9.659583548220734839e-02
1.872217072684594768e+03	1.845525810917193477e-01	1.168089405985287405e-01	2.928103918445562615e-01	1.848018750644628561e-01	8.563773989303592737e-02	3.870860284549164365e-02	9.667986866205109664e-02
1.877054842898249490e+03	1.842539820924119498e-01	1.166016440205555060e-01	2.929978522035715516e-01	1.849388483275246631e-01	8.569490197775420093e-02	3.874935646800202471e-02	9.676341491002600492e-02
1.881892613111905121e+03	1.839571083216096914e-01	1.163954778453283601e-01	2.931842292369469249e-01	1.850750422955187990e-01	8.575176075550551558e-02	3.878990452279995615e-02	9.684647702213668163e-02
1.886730383325560297e+03	1.836619497978180249e-01	1.161904359008425203e-01	2.933695295718951601e-01	1.852104611969431769e-01	8.580831781467494757e-02	3.883024793858413232e-02	9.692905777908798759e-02
1.891568153539215928e+03	1.833684965978223391e-01	1.159865120485631812e-01	2.935537597916473840e-01	1.853451092382444043e-01	8.586457473577505106e-02	3.887038764144314790e-02	9.701115994635038653e-02
1.896405923752871104e+03	1.830767388563406262e-01	1.157837001832471152e-01	2.937369264357834742e-01	1.854789906039299996e-01	8.592053309148098283e-02	3.891032455483806052e-02	9.709278627422560093e-02
1.901243693966526507e+03	1.827866667656780908e-01	1.155819942327652172e-01	2.939190360005591862e-01	1.856121094566803298e-01	8.597619444666522448e-02	3.895005959958541819e-02	9.717393949791235108e-02
1.906081464180181683e+03	1.824982705753843137e-01	1.153813881579259376e-01	2.941000949392303943e-01	1.857444699374597441e-01	8.603156035843240179e-02	3.898959369384085577e-02	9.725462233757209418e-02
1.910919234393836859e+03	1.822115405919121911e-01	1.151818759522995894e-01	2.942801096623748891e-01	1.858760761656270966e-01	8.608663237615384045e-02	3.902892775308314244e-02	9.733483749839492993e-02
1.915757004607492036e+03	1.819264671782792053e-01	1.149834516420436686e-01	2.944590865382107903e-01	1.860069322390456859e-01	8.614141204150194131e-02	3.906806269009877042e-02	9.741458767066560331e-02
1.920594774821147894e+03	1.816430407537307223e-01	1.147861092857289378e-01	2.946370318929124044e-01	1.861370422341926123e-01	8.619590088848443077e-02	3.910699941496700166e-02	9.749387552982952121e-02
1.925432545034802843e+03	1.813612517934054535e-01	1.145898429741664670e-01	2.948139520109235301e-01	1.862664102062674687e-01	8.625010044347845850e-02	3.914573883504538637e-02	9.757270373655883844e-02
1.930270315248458019e+03	1.810810908280027776e-01	1.143946468302356190e-01	2.949898531352677655e-01	1.863950401893005315e-01	8.630401222526458416e-02	3.918428185495577420e-02	9.765107493681858541e-02
1.935108085462113195e+03	1.808025484434523655e-01	1.142005150087127829e-01	2.951647414678560399e-01	1.865229361962602306e-01	8.635763774506052814e-02	3.922262937657076259e-02	9.772899176193293458e-02
1.939945855675768371e+03	1.805256152805857772e-01	1.140074416961010945e-01	2.953386231697917030e-01	1.866501022191602299e-01	8.641097850655493628e-02	3.926078229900063082e-02	9.780645682865130031e-02
1.944783625889424002e+03	1.802502820348099721e-01	1.138154211104610153e-01	2.955115043616727832e-01	1.867765422291656763e-01	8.646403600594081140e-02	3.929874151858068348e-02	9.788347273921470248e-02
1.949621396103079178e+03	1.799765394557830689e-01	1.136244475012417737e-01	2.956833911238918033e-01	1.869022601766991143e-01	8.651681173194891716e-02	3.933650792885903108e-02	9.796004208142192193e-02
1.954459166316734354e+03	1.797043783470918810e-01	1.134345151491136378e-01	2.958542894969325987e-01	1.870272599915456246e-01	8.656930716588109864e-02	3.937408242058483554e-02	9.803616742869586398e-02
1.959296936530389530e+03	1.794337895659316173e-01	1.132456183658011872e-01	2.960242054816651924e-01	1.871515455829575736e-01	8.662152378164325595e-02	3.941146588169695819e-02	9.811185134014975551e-02
1.964134706744044706e+03	1.791647640227874150e-01	1.130577514939172246e-01	2.961931450396373955e-01	1.872751208397586131e-01	8.667346304577847049e-02	3.944865919731298937e-02	9.818709636065345303e-02
1.968972476957700337e+03	1.788972926811179531e-01	1.128709089067976845e-01	2.963611140933644639e-01	1.873979896304473758e-01	8.672512641749972884e-02	3.948566324971874292e-02	9.826190502089966750e-02
1.973810247171355968e+03	1.786313665570409548e-01	1.126850850083374878e-01	2.965281185266159247e-01	1.875201558033002536e-01	8.677651534872271588e-02	3.952247891835810462e-02	9.833627983747020296e-02
1.978648017385010689e+03	1.783669767190206867e-01	1.125002742328270050e-01	2.966941641847000710e-01	1.876416231864740658e-01	8.682763128409833053e-02	3.955910707982330382e-02	9.841022331290212588e-02
1.983485787598666320e+03	1.781041142875573746e-01	1.123164710447895343e-01	2.968592568747462357e-01	1.877623955881077833e-01	8.687847566104515973e-02	3.959554860784555291e-02	9.848373793575398993e-02
1.988323557812321269e+03	1.778427704348783944e-01	1.121336699388196384e-01	2.970234023659838463e-01	1.878824767964239473e-01	8.692904990978181368e-02	3.963180437328607530e-02	9.855682618067190814e-02
1.993161328025976900e+03	1.775829363846315456e-01	1.119518654394221352e-01	2.971866063900202026e-01	1.880018705798294498e-01	8.697935545335912233e-02	3.966787524412748039e-02	9.862949050845563892e-02
1.997999098239632076e+03	1.773246034115802394e-01	1.117710521008521279e-01	2.973488746411149797e-01	1.881205806870159258e-01	8.702939370769215144e-02	3.970376208546555485e-02	9.870173336612460269e-02
2.002836868453287707e+03	1.770677628413002691e-01	1.115912245069557718e-01	2.975102127764527871e-01	1.882386108470593400e-01	8.707916608159220473e-02	3.973946575950135923e-02	9.877355718698384301e-02
2.007674638666942428e+03	1.768124060498788286e-01	1.114123772710118310e-01	2.976706264164133420e-01	1.883559647695192685e-01	8.712867397679863180e-02	3.977498712553371313e-02	9.884496439068994611e-02
2.012512408880597604e+03	1.765585244636150852e-01	1.112345050355741244e-01	2.978301211448393104e-01	1.884726461445377366e-01	8.717791878801049721e-02	3.981032703995199956e-02	9.891595738331675214e-02
2.017350179094252780e+03	1.763061095587227789e-01	1.110576024723147481e-01	2.979887025093020392e-01	1.885886586429371681e-01	8.722690190291819412e-02	3.984548635622934404e-02	9.898653855742123309e-02
2.022187949307908411e+03	1.760551528610344862e-01	1.108816642818681170e-01	2.981463760213645675e-01	1.887040059163182792e-01	8.727562470223489133e-02	3.988046592491610587e-02	9.905671029210903755e-02
2.027025719521564042e+03	1.758056459457078280e-01	1.107066851936758523e-01	2.983031471568430293e-01	1.888186915971570845e-01	8.732408855972785544e-02	3.991526659363367480e-02	9.912647495310013268e-02
2.031863489735218764e+03	1.755575804369334803e-01	1.105326599658323639e-01	2.984590213560654459e-01	1.889327192989016524e-01	8.737229484224966203e-02	3.994988920706864233e-02	9.919583489279421018e-02
2.036701259948874394e+03	1.753109480076448512e-01	1.103595833849314034e-01	2.986140040241282989e-01	1.890460926160681954e-01	8.742024490976933737e-02	3.998433460696724367e-02	9.926479245033607846e-02
2.041539030162529116e+03	1.750657403792296452e-01	1.101874502659132560e-01	2.987681005311512150e-01	1.891588151243367710e-01	8.746794011540331981e-02	4.001860363213016747e-02	9.933334995168095760e-02
2.046376800376184747e+03	1.748219493212432307e-01	1.100162554519128477e-01	2.989213162125294310e-01	1.892708903806464282e-01	8.751538180544626844e-02	4.005269711840757363e-02	9.940150970965958011e-02
2.051214570589840150e+03	1.745795666511236466e-01	1.098459938141084780e-01	2.990736563691837602e-01	1.893823219232897703e-01	8.756257131940194116e-02	4.008661589869450675e-02	9.946927402404324992e-02
2.056052340803495554e+03	1.743385842339083280e-01	1.096766602515715505e-01	2.992251262678091162e-01	1.894931132720073241e-01	8.760950999001371198e-02	4.012036080292656626e-02	9.953664518160876273e-02
2.060890111017150957e+03	1.740989939819528043e-01	1.095082496911169573e-01	2.993757311411202604e-01	1.896032679280811317e-01	8.765619914329518536e-02	4.015393265807586098e-02	9.960362545620318753e-02
2.065727881230805451e+03	1.738607878546508390e-01	1.093407570871542667e-01	2.995254761880961070e-01	1.897127893744278426e-01	8.770264009856053311e-02	4.018733228814724834e-02	9.967021710880856478e-02
2.070565651444461309e+03	1.736239578581564025e-01	1.091741774215396338e-01	2.996743665742216400e-01	1.898216810756916395e-01	8.774883416845485895e-02	4.022056051417484401e-02	9.973642238760639656e-02
2.075403421658116713e+03	1.733884960451074209e-01	1.090085057034285848e-01	2.998224074317278331e-01	1.899299464783363312e-01	8.779478265898432721e-02	4.025361815421886480e-02	9.980224352804205334e-02
2.080241191871772116e+03	1.731543945143510510e-01	1.088437369691294954e-01	2.999696038598295700e-01	1.900375890107373067e-01	8.784048686954626373e-02	4.028650602336264486e-02	9.986768275288906982e-02
2.085078962085427065e+03	1.729216454106707046e-01	1.086798662819578459e-01	3.001159609249618998e-01	1.901446120832726572e-01	8.788594809295917354e-02	4.031922493370997812e-02	9.993274227231319085e-02
2.089916732299082469e+03	1.726902409245147652e-01	1.085168887320912545e-01	3.002614836610137394e-01	1.902510190884141306e-01	8.793116761549249483e-02	4.035177569438271050e-02	9.999742428393636196e-02
2.094754502512737417e+03	1.724601732917269703e-01	1.083547994364252448e-01	3.004061770695601874e-01	1.903568134008175317e-01	8.797614671689640842e-02	4.038415911151858190e-02	1.000617309729005533e-01
2.099592272726392821e+03	1.722314347932784040e-01	1.081935935384297637e-01	3.005500461200926177e-01	1.904619983774125669e-01	8.802088667043146686e-02	4.041637598826930411e-02	1.001256645119313754e-01
2.104430042940048224e+03	1.720040177550010985e-01	1.080332662080064898e-01	3.006930957502469415e-01	1.905665773574923283e-01	8.806538874289812635e-02	4.044842712479891633e-02	1.001892270614016117e-01
2.109267813153704083e+03	1.717779145473232183e-01	1.078738126413468223e-01	3.008353308660300929e-01	1.906705536628023889e-01	8.810965419466615378e-02	4.048031331828232798e-02	1.002524207693945152e-01
2.114105583367359031e+03	1.715531175850060763e-01	1.077152280607906465e-01	3.009767563420444603e-01	1.907739305976292321e-01	8.815368427970396437e-02	4.051203536290417379e-02	1.003152477717669799e-01
2.118943353581013525e+03	1.713296193268824263e-01	1.075575077146858766e-01	3.011173770217105972e-01	1.908767114488884031e-01	8.819748024560779276e-02	4.054359404985782150e-02	1.003777101922125464e-01
2.123781123794669384e+03	1.711074122755966986e-01	1.074006468772486095e-01	3.012571977174880455e-01	1.909788994862123279e-01	8.824104333363083641e-02	4.057499016734465724e-02	1.004398101423242262e-01
2.128618894008324787e+03	1.708864889773465401e-01	1.072446408484241664e-01	3.013962232110944939e-01	1.910804979620372712e-01	8.828437477871224626e-02	4.060622450057356503e-02	1.005015497216571324e-01
2.133456664221980191e+03	1.706668420216259363e-01	1.070894849537487314e-01	3.015344582537229368e-01	1.911815101116903504e-01	8.832747580950595090e-02	4.063729783176066312e-02	1.005629310177909297e-01
2.138294434435635139e+03	1.704484640409701102e-01	1.069351745442118085e-01	3.016719075662568916e-01	1.912819391534757163e-01	8.837034764840952239e-02	4.066821094012919302e-02	1.006239561063921734e-01
2.143132204649290543e+03	1.702313477107018358e-01	1.067817049961193171e-01	3.018085758394846718e-01	1.913817882887605959e-01	8.841299151159283387e-02	4.069896460190969983e-02	1.006846270512763847e-01
2.147969974862945492e+03	1.700154857486792515e-01	1.066290717109574654e-01	3.019444677343109951e-01	1.914810607020606958e-01	8.845540860902663394e-02	4.072955959034034457e-02	1.007449459044699458e-01
2.152807745076601350e+03	1.698008709150451989e-01	1.064772701152573026e-01	3.020795878819672042e-01	1.915797595611253012e-01	8.849760014451098222e-02	4.075999667566745921e-02	1.008049147062718837e-01
2.157645515290255844e+03	1.695874960119782837e-01	1.063262956604600351e-01	3.022139408842198227e-01	1.916778880170219301e-01	8.853956731570365724e-02	4.079027662514628227e-02	1.008645354853153209e-01
2.162483285503912157e+03	1.693753538834451011e-01	1.061761438227828980e-01	3.023475313135776665e-01	1.917754492042203496e-01	8.858131131414841153e-02	4.082040020304193717e-02	1.009238102586288849e-01
2.167321055717567106e+03	1.691644374149543772e-01	1.060268101030859556e-01	3.024803637134967360e-01	1.918724462406766473e-01	8.862283332530315749e-02	4.085036817063050080e-02	1.009827410316978674e-01
2.172158825931222509e+03	1.689547395333121649e-01	1.058782900267394023e-01	3.026124425985838862e-01	1.919688822279163598e-01	8.866413452856797273e-02	4.088018128620036357e-02	1.010413297985250924e-01
2.176996596144877003e+03	1.687462532063789267e-01	1.057305791434916681e-01	3.027437724547984987e-01	1.920647602511176000e-01	8.870521609731310542e-02	4.090984030505374208e-02	1.010995785416917286e-01
2.181834366358532861e+03	1.685389714428278118e-01	1.055836730273381902e-01	3.028743577396528774e-01	1.921600833791934082e-01	8.874607919890682706e-02	4.093934597950832366e-02	1.011574892324178243e-01
2.186672136572187810e+03	1.683328872919044317e-01	1.054375672763908089e-01	3.030042028824109779e-01	1.922548546648741030e-01	8.878672499474314639e-02	4.096869905889916758e-02	1.012150638306226202e-01
2.191509906785843214e+03	1.681279938431882726e-01	1.052922575127480109e-01	3.031333122842853056e-01	1.923490771447886882e-01	8.882715464026950947e-02	4.099790028958071042e-02	1.012723042849847099e-01
2.196347676999498617e+03	1.679242842263553304e-01	1.051477393823656847e-01	3.032616903186324264e-01	1.924427538395465098e-01	8.886736928501433319e-02	4.102695041492897265e-02	1.013292125330019638e-01
2.201185447213154021e+03	1.677217516109422990e-01	1.050040085549285851e-01	3.033893413311467002e-01	1.925358877538179692e-01	8.890737007261444169e-02	4.105585017534395947e-02	1.013857905010512039e-01
2.206023217426809424e+03	1.675203892061122302e-01	1.048610607237225878e-01	3.035162696400528493e-01	1.926284818764150975e-01	8.894715814084246108e-02	4.108460030825215187e-02	1.014420401044477671e-01
2.210860987640464373e+03	1.673201902604213864e-01	1.047188916055074859e-01	3.036424795362966944e-01	1.927205391803715195e-01	8.898673462163400605e-02	4.111320154810924055e-02	1.014979632475047355e-01
2.215698757854119776e+03	1.671211480615878153e-01	1.045774969403905214e-01	3.037679752837343927e-01	1.928120626230223622e-01	8.902610064111489419e-02	4.114165462640294313e-02	1.015535618235920701e-01
2.220536528067775180e+03	1.669232559362610890e-01	1.044368724917005831e-01	3.038927611193201761e-01	1.929030551460835241e-01	8.906525731962816606e-02	4.116996027165604338e-02	1.016088377151954103e-01
2.225374298281430583e+03	1.667265072497935152e-01	1.042970140458629874e-01	3.040168412532927023e-01	1.929935196757305294e-01	8.910420577176102197e-02	4.119811920942952760e-02	1.016637927939747499e-01
2.230212068495085077e+03	1.665308954060126800e-01	1.041579174122750084e-01	3.041402198693598513e-01	1.930834591226770758e-01	8.914294710637170327e-02	4.122613216232588751e-02	1.017184289208228481e-01
2.235049838708740936e+03	1.663364138469954068e-01	1.040195784231820464e-01	3.042629011248820237e-01	1.931728763822532779e-01	8.918148242661623482e-02	4.125399984999260361e-02	1.017727479459234335e-01
2.239887608922396339e+03	1.661430560528432687e-01	1.038819929335544623e-01	3.043848891510541055e-01	1.932617743344833272e-01	8.921981282997507035e-02	4.128172298912568400e-02	1.018267517088091295e-01
2.244725379136052197e+03	1.659508155414589348e-01	1.037451568209649816e-01	3.045061880530857690e-01	1.933501558441629575e-01	8.925793940827969619e-02	4.130930229347343913e-02	1.018804420384193249e-01
2.249563149349706237e+03	1.657596858683244578e-01	1.036090659854667639e-01	3.046268019103805513e-01	1.934380237609363840e-01	8.929586324773901296e-02	4.133673847384033290e-02	1.019338207531575585e-01
2.254400919563362095e+03	1.655696606262805071e-01	1.034737163494722223e-01	3.047467347767137125e-01	1.935253809193729357e-01	8.933358542896574495e-02	4.136403223809097252e-02	1.019868896609489456e-01
2.259238689777017044e+03	1.653807334453070710e-01	1.033391038576323695e-01	3.048659906804080388e-01	1.936122301390433564e-01	8.937110702700271081e-02	4.139118429115427877e-02	1.020396505592971875e-01
2.264076459990672902e+03	1.651928979923055485e-01	1.032052244767168586e-01	3.049845736245089256e-01	1.936985742245956321e-01	8.940842911134894155e-02	4.141819533502770490e-02	1.020921052353414155e-01
