1.001418434226643626e+03	2.792882473033396762e-01	1.808382759538884332e-01	2.349855440930935235e-01	1.411133860660760964e-01	6.802401863591675535e-02	2.685143207096649109e-02	6.889909587656610490e-02
1.002869765290740247e+03	2.790302226951759668e-01	1.806738792550860173e-01	2.351693167056551625e-01	1.412191056807556577e-01	6.806650485088300284e-02	2.687751362083315443e-02	6.896345719145809128e-02
1.004321096354836754e+03	2.787726422660555814e-01	1.805097577022286570e-01	2.353527790222837701e-01	1.413246275466597812e-01	6.810891863485603326e-02	2.690356582288258927e-02	6.902770900488056083e-02
1.005772427418933376e+03	2.785155052488597627e-01	1.803459108339521555e-01	2.355359315645920437e-01	1.414299520478720096e-01	6.815126012286447377e-02	2.692958867763687453e-02	6.909185150406969844e-02
1.007223758483029997e+03	2.782588108778087377e-01	1.801823381896663356e-01	2.357187748533150495e-01	1.415350795677508544e-01	6.819352944954519546e-02	2.695558218579716808e-02	6.915588487596367739e-02
1.008675089547126618e+03	2.780025583884594975e-01	1.800190393095537633e-01	2.359013094083119710e-01	1.416400104889305178e-01	6.823572674914588077e-02	2.698154634824257228e-02	6.921980930720274261e-02
1.010126420611223239e+03	2.777467470177033548e-01	1.798560137345684429e-01	2.360835357485674413e-01	1.417447451933216140e-01	6.827785215552766018e-02	2.700748116602898208e-02	6.928362498412943271e-02
1.011577751675319632e+03	2.774913760037634458e-01	1.796932610064345404e-01	2.362654543921931249e-01	1.418492840621116691e-01	6.831990580216763809e-02	2.703338664038797134e-02	6.934733209278860777e-02
1.013029082739416367e+03	2.772364445861922877e-01	1.795307806676449958e-01	2.364470658564290229e-01	1.419536274757660088e-01	6.836188782216140458e-02	2.705926277272566183e-02	6.941093081892764360e-02
1.014480413803512761e+03	2.769819520058695583e-01	1.793685722614603295e-01	2.366283706576450818e-01	1.420577758140283420e-01	6.840379834822556127e-02	2.708510956462162680e-02	6.947442134799659830e-02
1.015931744867609382e+03	2.767278975049994316e-01	1.792066353319073102e-01	2.368093693113425824e-01	1.421617294559215094e-01	6.844563751270021923e-02	2.711092701782776698e-02	6.953780386514826772e-02
1.017383075931706003e+03	2.764742803271083571e-01	1.790449694237777611e-01	2.369900623321557209e-01	1.422654887797482615e-01	6.848740544755137216e-02	2.713671513426722456e-02	6.960107855523844922e-02
1.018834406995802851e+03	2.762210997170426174e-01	1.788835740826270893e-01	2.371704502338529141e-01	1.423690541630918127e-01	6.852910228437339435e-02	2.716247391603330077e-02	6.966424560282598322e-02
1.020285738059899245e+03	2.759683549209659414e-01	1.787224488547732304e-01	2.373505335293383811e-01	1.424724259828167860e-01	6.857072815439141378e-02	2.718820336538835258e-02	6.972730519217298917e-02
1.021737069123995752e+03	2.757160451863571171e-01	1.785615932872951783e-01	2.375303127306535034e-01	1.425756046150698231e-01	6.861228318846372687e-02	2.721390348476272758e-02	6.979025750724501820e-02
1.023188400188092373e+03	2.754641697620076046e-01	1.784010069280317912e-01	2.377097883489783237e-01	1.426785904352803891e-01	6.865376751708408831e-02	2.723957427675370233e-02	6.985310273171120576e-02
1.024639731252188767e+03	2.752127278980192049e-01	1.782406893255805147e-01	2.378889608946330447e-01	1.427813838181615225e-01	6.869518127038407029e-02	2.726521574412440335e-02	6.991584104894442431e-02
1.026091062316285615e+03	2.749617188458015060e-01	1.780806400292961056e-01	2.380678308770793616e-01	1.428839851377105008e-01	6.873652457813536620e-02	2.729082788980276980e-02	6.997847264202153306e-02
1.027542393380382237e+03	2.747111418580699405e-01	1.779208585892893546e-01	2.382463988049220438e-01	1.429863947672098679e-01	6.877779756975210823e-02	2.731641071688048830e-02	7.004099769372343354e-02
1.028993724444478858e+03	2.744609961888427319e-01	1.777613445564258099e-01	2.384246651859102673e-01	1.430886130792279887e-01	6.881900037429303230e-02	2.734196422861197989e-02	7.010341638653538876e-02
1.030445055508575479e+03	2.742112810934393963e-01	1.776020974823245280e-01	2.386026305269391135e-01	1.431906404456198822e-01	6.886013312046382340e-02	2.736748842841332796e-02	7.016572890264712037e-02
1.031896386572671872e+03	2.739619958284777446e-01	1.774431169193567970e-01	2.387802953340510126e-01	1.432924772375281097e-01	6.890119593661925279e-02	2.739298331986127905e-02	7.022793542395304456e-02
1.033347717636768493e+03	2.737131396518718285e-01	1.772844024206448599e-01	2.389576601124371313e-01	1.433941238253834682e-01	6.894218895076538456e-02	2.741844890669221588e-02	7.029003613205241086e-02
1.034799048700865114e+03	2.734647118228293317e-01	1.771259535400606655e-01	2.391347253664388994e-01	1.434955805789059069e-01	6.898311229056179605e-02	2.744388519280113736e-02	7.035203120824959355e-02
1.036250379764961508e+03	2.732167116018496267e-01	1.769677698322247028e-01	2.393114915995492864e-01	1.435968478671052762e-01	6.902396608332361794e-02	2.746929218224064898e-02	7.041392083355421661e-02
1.037701710829058356e+03	2.729691382507211106e-01	1.768098508525045021e-01	2.394879593144144114e-01	1.436979260582821882e-01	6.906475045602375462e-02	2.749466987921997396e-02	7.047570518868138956e-02
1.039153041893154750e+03	2.727219910325192065e-01	1.766521961570136912e-01	2.396641290128348201e-01	1.437988155200288498e-01	6.910546553529495206e-02	2.752001828810394721e-02	7.053738445405190183e-02
1.040604372957251599e+03	2.724752692116037545e-01	1.764948053026104691e-01	2.398400011957670386e-01	1.438995166192298392e-01	6.914611144743189330e-02	2.754533741341202990e-02	7.059895880979244476e-02
1.042055704021347992e+03	2.722289720536166246e-01	1.763376778468965511e-01	2.400155763633248507e-01	1.440000297220630776e-01	6.918668831839322464e-02	2.757062725981733464e-02	7.066042843573583365e-02
1.043507035085444613e+03	2.719830988254797743e-01	1.761808133482157812e-01	2.401908550147808241e-01	1.441003551940005789e-01	6.922719627380362339e-02	2.759588783214563662e-02	7.072179351142124371e-02
1.044958366149541234e+03	2.717376487953927500e-01	1.760242113656530771e-01	2.403658376485677262e-01	1.442004933998093374e-01	6.926763543895583797e-02	2.762111913537441954e-02	7.078305421609440429e-02
1.046409697213637855e+03	2.714926212328302446e-01	1.758678714590328485e-01	2.405405247622799114e-01	1.443004447035521887e-01	6.930800593881263072e-02	2.764632117463190070e-02	7.084421072870783487e-02
1.047861028277734476e+03	2.712480154085400441e-01	1.757117931889181361e-01	2.407149168526747096e-01	1.444002094685887250e-01	6.934830789800881801e-02	2.767149395519608035e-02	7.090526322792105318e-02
1.049312359341831097e+03	2.710038305945405845e-01	1.755559761166091692e-01	2.408890144156738689e-01	1.444997880575761007e-01	6.938854144085321307e-02	2.769663748249378069e-02	7.096621189210085279e-02
1.050763690405927491e+03	2.707600660641187873e-01	1.754004198041421159e-01	2.410628179463649434e-01	1.445991808324700034e-01	6.942870669133051342e-02	2.772175176209972294e-02	7.102705689932152511e-02
1.052215021470024112e+03	2.705167210918276166e-01	1.752451238142878898e-01	2.412363279390027371e-01	1.446983881545254313e-01	6.946880377310329924e-02	2.774683679973555944e-02	7.108779842736508148e-02
1.053666352534120733e+03	2.702737949534838591e-01	1.750900877105509568e-01	2.414095448870106631e-01	1.447974103842977200e-01	6.950883280951389298e-02	2.777189260126896111e-02	7.114843665372150294e-02
1.055117683598217127e+03	2.700312869261660143e-01	1.749353110571680858e-01	2.415824692829821596e-01	1.448962478816433752e-01	6.954879392358624679e-02	2.779691917271268423e-02	7.120897175558901782e-02
1.056569014662313975e+03	2.697891962882117967e-01	1.747807934191070445e-01	2.417551016186821056e-01	1.449949010057209609e-01	6.958868723802782985e-02	2.782191652022365097e-02	7.126940390987426821e-02
1.058020345726410369e+03	2.695475223192159708e-01	1.746265343620654331e-01	2.419274423850481803e-01	1.450933701149919874e-01	6.962851287523143251e-02	2.784688465010203354e-02	7.132973329319264311e-02
1.059471676790506763e+03	2.693062643000280754e-01	1.744725334524695193e-01	2.420994920721922794e-01	1.451916555672219389e-01	6.966827095727702590e-02	2.787182356879034165e-02	7.138996008186850040e-02
1.060923007854603611e+03	2.690654215127502580e-01	1.743187902574728498e-01	2.422712511694019299e-01	1.452897577194811329e-01	6.970796160593355217e-02	2.789673328287252396e-02	7.145008445193544444e-02
1.062374338918700232e+03	2.688249932407349441e-01	1.741653043449551963e-01	2.424427201651415953e-01	1.453876769281455539e-01	6.974758494266075637e-02	2.792161379907306257e-02	7.151010657913654811e-02
1.063825669982796853e+03	2.685849787685825607e-01	1.740120752835212503e-01	2.426138995470541460e-01	1.454854135488980182e-01	6.978714108861090726e-02	2.794646512425608478e-02	7.157002663892464422e-02
1.065277001046893474e+03	2.683453773821393162e-01	1.738591026424994301e-01	2.427847898019622752e-01	1.455829679367288687e-01	6.982663016463058758e-02	2.797128726542448193e-02	7.162984480646260310e-02
1.066728332110990095e+03	2.681061883684950908e-01	1.737063859919406594e-01	2.429553914158697481e-01	1.456803404459371121e-01	6.986605229126242878e-02	2.799608022971901422e-02	7.168956125662352685e-02
1.068179663175086489e+03	2.678674110159809940e-01	1.735539249026171738e-01	2.431257048739628446e-01	1.457775314301311687e-01	6.990540758874680405e-02	2.802084402441743990e-02	7.174917616399115183e-02
1.069630994239183110e+03	2.676290446141674217e-01	1.734017189460212161e-01	2.432957306606117753e-01	1.458745412422299548e-01	6.994469617702359088e-02	2.804557865693365487e-02	7.180868970285995967e-02
1.071082325303279504e+03	2.673910884538614474e-01	1.732497676943640097e-01	2.434654692593720693e-01	1.459713702344638819e-01	6.998391817573379470e-02	2.807028413481681139e-02	7.186810204723560747e-02
1.072533656367376352e+03	2.671535418271048790e-01	1.730980707205743985e-01	2.436349211529858227e-01	1.460680187583757450e-01	7.002307370422125588e-02	2.809496046575047853e-02	7.192741337083508046e-02
1.073984987431472746e+03	2.669164040271719274e-01	1.729466275982977086e-01	2.438040868233831981e-01	1.461644871648216104e-01	7.006216288153432892e-02	2.811960765755175742e-02	7.198662384708708062e-02
1.075436318495569594e+03	2.666796743485673193e-01	1.727954379018944719e-01	2.439729667516837563e-01	1.462607758039719263e-01	7.010118582642746454e-02	2.814422571817046595e-02	7.204573364913223477e-02
1.076887649559666215e+03	2.664433520870235772e-01	1.726445012064393436e-01	2.441415614181977611e-01	1.463568850253124387e-01	7.014014265736288889e-02	2.816881465568826445e-02	7.210474294982339993e-02
1.078338980623762609e+03	2.662074365394991871e-01	1.724938170877197696e-01	2.443098713024276225e-01	1.464528151776451348e-01	7.017903349251217171e-02	2.819337447831784041e-02	7.216365192172595477e-02
1.079790311687859230e+03	2.659719270041762118e-01	1.723433851222349600e-01	2.444778968830692290e-01	1.465485666090892702e-01	7.021785844975782231e-02	2.821790519440206188e-02	7.222246073711809100e-02
1.081241642751955851e+03	2.657368227804583483e-01	1.721932048871945009e-01	2.446456386380133075e-01	1.466441396670824238e-01	7.025661764669488552e-02	2.824240681241315526e-02	7.228116956799111870e-02
1.082692973816052472e+03	2.655021231689682626e-01	1.720432759605173278e-01	2.448130970443467558e-01	1.467395346983813020e-01	7.029531120063250982e-02	2.826687934095186566e-02	7.233977858604972999e-02
1.084144304880149093e+03	2.652678274715460915e-01	1.718935979208304210e-01	2.449802725783540025e-01	1.468347520490628777e-01	7.033393922859544622e-02	2.829132278874666936e-02	7.239828796271230438e-02
1.085595635944245487e+03	2.650339349912466114e-01	1.717441703474676951e-01	2.451471657155183670e-01	1.469297920645253330e-01	7.037250184732561642e-02	2.831573716465292379e-02	7.245669786911125565e-02
1.087046967008342108e+03	2.648004450323375170e-01	1.715949928204687502e-01	2.453137769305234750e-01	1.470246550894891147e-01	7.041099917328365321e-02	2.834012247765209033e-02	7.251500847609325395e-02
1.088498298072438729e+03	2.645673569002969239e-01	1.714460649205776788e-01	2.454801066972545076e-01	1.471193414679978773e-01	7.044943132265034380e-02	2.836447873685090867e-02	7.257321995421958660e-02
1.089949629136535123e+03	2.643346699018115364e-01	1.712973862292420102e-01	2.456461554887995613e-01	1.472138515434195105e-01	7.048779841132814250e-02	2.838880595148060917e-02	7.263133247376643564e-02
1.091400960200631971e+03	2.641023833447742053e-01	1.711489563286113513e-01	2.458119237774510080e-01	1.473081856584471661e-01	7.052610055494269725e-02	2.841310413089611839e-02	7.268934620472522479e-02
1.092852291264728365e+03	2.638704965382819845e-01	1.710007748015363593e-01	2.459774120347069104e-01	1.474023441551002012e-01	7.056433786884418191e-02	2.843737328457526456e-02	7.274726131680288310e-02
1.094303622328825213e+03	2.636390087926337999e-01	1.708528412315674649e-01	2.461426207312722159e-01	1.474963273747253445e-01	7.060251046810886444e-02	2.846161342211799353e-02	7.280507797942215031e-02
1.095754953392921607e+03	2.634079194193284512e-01	1.707051552029537067e-01	2.463075503370601993e-01	1.475901356579975288e-01	7.064061846754049467e-02	2.848582455324559851e-02	7.286279636172193763e-02
1.097206284457018228e+03	2.631772277310622243e-01	1.705577163006416763e-01	2.464722013211937401e-01	1.476837693449211120e-01	7.067866198167170599e-02	2.851000668779992558e-02	7.292041663255760531e-02
1.098657615521114849e+03	2.629469330417271156e-01	1.704105241102741863e-01	2.466365741520066823e-01	1.477772287748307101e-01	7.071664112476541697e-02	2.853415983574262779e-02	7.297793896050128182e-02
1.100108946585211470e+03	2.627170346664084444e-01	1.702635782181891599e-01	2.468006692970451110e-01	1.478705142863924182e-01	7.075455601081627466e-02	2.855828400715438101e-02	7.303536351384223857e-02
1.101560277649308091e+03	2.624875319213827995e-01	1.701168782114185207e-01	2.469644872230688515e-01	1.479636262176046713e-01	7.079240675355194523e-02	2.858237921223412067e-02	7.309269046058711194e-02
1.103011608713404712e+03	2.622584241241159853e-01	1.699704236776869160e-01	2.471280283960525515e-01	1.480565649057993816e-01	7.083019346643457115e-02	2.860644546129830629e-02	7.314991996846031963e-02
1.104462939777501106e+03	2.620297105932606896e-01	1.698242142054107728e-01	2.472912932811871245e-01	1.481493306876429661e-01	7.086791626266206179e-02	2.863048276478014076e-02	7.320705220490431042e-02
1.105914270841597499e+03	2.618013906486545417e-01	1.696782493836967998e-01	2.474542823428810823e-01	1.482419238991374011e-01	7.090557525516943960e-02	2.865449113322885225e-02	7.326408733707993892e-02
1.107365601905694348e+03	2.615734636113180023e-01	1.695325288023411536e-01	2.476169960447619500e-01	1.483343448756211658e-01	7.094317055663020011e-02	2.867847057730893087e-02	7.332102553186675697e-02
1.108816932969790741e+03	2.613459288034520878e-01	1.693870520518280520e-01	2.477794348496772381e-01	1.484265939517704080e-01	7.098070227945756094e-02	2.870242110779938627e-02	7.337786695586341612e-02
1.110268264033887590e+03	2.611187855484365938e-01	1.692418187233287463e-01	2.479415992196961349e-01	1.485186714615999437e-01	7.101817053580583572e-02	2.872634273559302939e-02	7.343461177538788964e-02
1.111719595097984211e+03	2.608920331708276530e-01	1.690968284087003282e-01	2.481034896161106451e-01	1.486105777384642834e-01	7.105557543757166916e-02	2.875023547169573007e-02	7.349126015647786114e-02
1.113170926162080832e+03	2.606656709963557916e-01	1.689520807004845915e-01	2.482651064994368939e-01	1.487023131150587707e-01	7.109291709639536938e-02	2.877409932722569882e-02	7.354781226489109924e-02
1.114622257226177226e+03	2.604396983519237097e-01	1.688075751919068668e-01	2.484264503294164872e-01	1.487938779234205533e-01	7.113019562366208748e-02	2.879793431341275828e-02	7.360426826610570739e-02
1.116073588290273847e+03	2.602141145656045595e-01	1.686633114768748831e-01	2.485875215650177883e-01	1.488852724949296935e-01	7.116741113050314982e-02	2.882174044159762499e-02	7.366062832532054017e-02
1.117524919354370468e+03	2.599889189666393929e-01	1.685192891499775747e-01	2.487483206644371392e-01	1.489764971603101673e-01	7.120456372779726539e-02	2.884551772323120863e-02	7.371689260745546701e-02
1.118976250418467089e+03	2.597641108854354397e-01	1.683755078064840816e-01	2.489088480851003871e-01	1.490675522496309746e-01	7.124165352617176095e-02	2.886926616987388686e-02	7.377306127715177464e-02
1.120427581482563710e+03	2.595396896535637210e-01	1.682319670423423619e-01	2.490691042836639113e-01	1.491584380923071940e-01	7.127868063600381610e-02	2.889298579319480795e-02	7.382913449877247236e-02
1.121878912546660331e+03	2.593156546037573285e-01	1.680886664541783870e-01	2.492290897160160668e-01	1.492491550171011205e-01	7.131564516742160131e-02	2.891667660497119346e-02	7.388511243640265291e-02
1.123330243610756725e+03	2.590920050699089816e-01	1.679456056392946151e-01	2.493888048372784882e-01	1.493397033521231543e-01	7.135254723030558244e-02	2.894033861708763741e-02	7.394099525384983940e-02
1.124781574674853118e+03	2.588687403870693071e-01	1.678027841956692412e-01	2.495482501018073396e-01	1.494300834248331045e-01	7.138938693428960314e-02	2.896397184153541235e-02	7.399678311464429059e-02
1.126232905738949967e+03	2.586458598914445628e-01	1.676602017219547269e-01	2.497074259631946180e-01	1.495202955620410223e-01	7.142616438876213392e-02	2.898757629041177550e-02	7.405247618203940341e-02
1.127684236803046360e+03	2.584233629203946947e-01	1.675178578174769395e-01	2.498663328742693757e-01	1.496103400899084779e-01	7.146287970286739621e-02	2.901115197591929915e-02	7.410807461901201820e-02
1.129135567867143209e+03	2.582012488124312832e-01	1.673757520822338196e-01	2.500249712870991625e-01	1.497002173339495035e-01	7.149953298550654202e-02	2.903469891036518369e-02	7.416357858826279348e-02
1.130586898931239830e+03	2.579795169072152117e-01	1.672338841168943546e-01	2.501833416529911092e-01	1.497899276190317597e-01	7.153612434533872244e-02	2.905821710616056722e-02	7.421898825221653895e-02
1.132038229995336451e+03	2.577581665455551119e-01	1.670922535227974404e-01	2.503414444224933422e-01	1.498794712693775899e-01	7.157265389078230899e-02	2.908170657581986632e-02	7.427430377302257636e-02
1.133489561059432845e+03	2.575371970694049772e-01	1.669508599019507433e-01	2.504992800453962332e-01	1.499688486085650196e-01	7.160912173001597603e-02	2.910516733196010647e-02	7.432952531255510031e-02
1.134940892123529466e+03	2.573166078218622754e-01	1.668097028570296181e-01	2.506568489707337588e-01	1.500580599595289222e-01	7.164552797097981096e-02	2.912859938730026285e-02	7.438465303241349746e-02
1.136392223187626087e+03	2.570963981471658388e-01	1.666687819913758861e-01	2.508141516467845000e-01	1.501471056445621566e-01	7.168187272137641064e-02	2.915200275466057686e-02	7.443968709392273508e-02
1.137843554251722708e+03	2.568765673906938107e-01	1.665280969089968643e-01	2.509711885210731963e-01	1.502359859853164836e-01	7.171815608867201930e-02	2.917537744696191079e-02	7.449462765813373577e-02
1.139294885315819101e+03	2.566571148989617579e-01	1.663876472145641161e-01	2.511279600403720780e-01	1.503247013028038426e-01	7.175437818009748614e-02	2.919872347722511294e-02	7.454947488582365500e-02
1.140746216379915950e+03	2.564380400196205612e-01	1.662474325134124242e-01	2.512844666507016433e-01	1.504132519173972948e-01	7.179053910264951432e-02	2.922204085857033409e-02	7.460422893749633910e-02
1.142197547444012343e+03	2.562193421014543060e-01	1.661074524115385975e-01	2.514407087973324906e-01	1.505016381488321620e-01	7.182663896309154916e-02	2.924532960421640307e-02	7.465888997338258892e-02
1.143648878508108737e+03	2.560010204943785062e-01	1.659677065156004439e-01	2.515966869247862614e-01	1.505898603162071636e-01	7.186267786795495771e-02	2.926858972748017790e-02	7.471345815344061780e-02
1.145100209572205586e+03	2.557830745494379387e-01	1.658281944329155488e-01	2.517524014768369733e-01	1.506779187379854723e-01	7.189865592353997248e-02	2.929182124177590399e-02	7.476793363735632914e-02
1.146551540636302207e+03	2.555655036188046458e-01	1.656889157714603322e-01	2.519078528965122965e-01	1.507658137319957681e-01	7.193457323591681551e-02	2.931502416061458269e-02	7.482231658454369105e-02
1.148002871700398828e+03	2.553483070557758805e-01	1.655498701398687988e-01	2.520630416260948858e-01	1.508535456154334042e-01	7.197042991092665598e-02	2.933819849760333637e-02	7.487660715414519441e-02
1.149454202764495449e+03	2.551314842147722750e-01	1.654110571474315117e-01	2.522179681071234914e-01	1.509411147048614343e-01	7.200622605418263711e-02	2.936134426644479087e-02	7.493080550503204706e-02
1.150905533828591842e+03	2.549150344513357869e-01	1.652724764040944261e-01	2.523726327803942904e-01	1.510285213162117501e-01	7.204196177107090315e-02	2.938446148093642324e-02	7.498491179580470123e-02
1.152356864892688463e+03	2.546989571221275339e-01	1.651341275204578629e-01	2.525270360859620533e-01	1.511157657647861918e-01	7.207763716675157084e-02	2.940755015496997887e-02	7.503892618479314491e-02
1.153808195956785084e+03	2.544832515849260735e-01	1.649960101077753150e-01	2.526811784631415314e-01	1.512028483652576027e-01	7.211325234615975632e-02	2.943061030253081925e-02	7.509284883005724887e-02
1.155259527020881706e+03	2.542679171986253484e-01	1.648581237779525310e-01	2.528350603505085670e-01	1.512897694316709396e-01	7.214880741400650499e-02	2.945364193769733213e-02	7.514667988938716903e-02
1.156710858084978327e+03	2.540529533232325221e-01	1.647204681435461837e-01	2.529886821859014812e-01	1.513765292774444104e-01	7.218430247477976291e-02	2.947664507464030359e-02	7.520041952030374899e-02
1.158162189149074720e+03	2.538383593198662580e-01	1.645830428177629534e-01	2.531420444064222397e-01	1.514631282153705294e-01	7.221973763274538993e-02	2.949961972762231779e-02	7.525406788005876979e-02
1.159613520213171569e+03	2.536241345507546097e-01	1.644458474144583349e-01	2.532951474484376186e-01	1.515495665576172268e-01	7.225511299194807557e-02	2.952256591099716027e-02	7.530762512563544953e-02
1.161064851277267962e+03	2.534102783792330227e-01	1.643088815481356380e-01	2.534479917475805921e-01	1.516358446157290429e-01	7.229042865621228275e-02	2.954548363920920032e-02	7.536109141374876252e-02
1.162516182341364356e+03	2.531967901697425583e-01	1.641721448339448775e-01	2.536005777387512761e-01	1.517219627006280158e-01	7.232568472914317759e-02	2.956837292679281165e-02	7.541446690084580018e-02
1.163967513405461204e+03	2.529836692878276727e-01	1.640356368876815518e-01	2.537529058561187600e-01	1.518079211226150416e-01	7.236088131412757307e-02	2.959123378837176868e-02	7.546775174310615952e-02
1.165418844469557826e+03	2.527709151001346077e-01	1.638993573257857550e-01	2.539049765331216624e-01	1.518937201913707902e-01	7.239601851433483115e-02	2.961406623865865673e-02	7.552094609644230405e-02
1.166870175533654447e+03	2.525585269744090589e-01	1.637633057653410107e-01	2.540567902024696290e-01	1.519793602159568990e-01	7.243109643271782028e-02	2.963687029245428220e-02	7.557405011649992455e-02
1.168321506597751068e+03	2.523465042794943436e-01	1.636274818240731899e-01	2.542083472961448321e-01	1.520648415048170277e-01	7.246611517201376196e-02	2.965964596464709321e-02	7.562706395865836928e-02
1.169772837661847461e+03	2.521348463853297917e-01	1.634918851203494283e-01	2.543596482454027474e-01	1.521501643657780234e-01	7.250107483474517445e-02	2.968239327021260365e-02	7.567998777803097710e-02
1.171224168725944082e+03	2.519235526629483024e-01	1.633565152731770165e-01	2.545106934807735422e-01	1.522353291060509761e-01	7.253597552322071929e-02	2.970511222421279990e-02	7.573282172946542434e-02
1.172675499790040703e+03	2.517126224844746796e-01	1.632213719022024279e-01	2.546614834320634624e-01	1.523203360322323840e-01	7.257081733953608949e-02	2.972780284179558224e-02	7.578556596754415509e-02
1.174126830854137097e+03	2.515020552231237994e-01	1.630864546277101257e-01	2.548120185283558325e-01	1.524051854503051528e-01	7.260560038557492546e-02	2.975046513819417857e-02	7.583822064658475581e-02
1.175578161918233945e+03	2.512918502531983900e-01	1.629517630706216191e-01	2.549622991980124431e-01	1.524898776656398169e-01	7.264032476300961993e-02	2.977309912872659267e-02	7.589078592064030238e-02
1.177029492982330339e+03	2.510820069500872553e-01	1.628172968524942976e-01	2.551123258686746609e-01	1.525744129829955942e-01	7.267499057330222001e-02	2.979570482879503185e-02	7.594326194349974857e-02
1.178480824046426733e+03	2.508725246902634431e-01	1.626830555955203761e-01	2.552620989672645946e-01	1.526587917065214683e-01	7.270959791770524594e-02	2.981828225388533440e-02	7.599564886868832858e-02
1.179932155110523581e+03	2.506634028512822465e-01	1.625490389225258403e-01	2.554116189199864273e-01	1.527430141397574104e-01	7.274414689726256544e-02	2.984083141956643190e-02	7.604794684946786232e-02
1.181383486174620202e+03	2.504546408117792611e-01	1.624152464569694199e-01	2.555608861523275821e-01	1.528270805856353221e-01	7.277863761281021249e-02	2.986335234148977669e-02	7.610015603883724111e-02
1.182834817238716823e+03	2.502462379514684421e-01	1.622816778229415058e-01	2.557099010890598878e-01	1.529109913464802850e-01	7.281307016497721996e-02	2.988584503538879722e-02	7.615227658953276080e-02
1.184286148302813444e+03	2.500381936511403280e-01	1.621483326451630125e-01	2.558586641542408002e-01	1.529947467240115877e-01	7.284744465418645232e-02	2.990830951707833946e-02	7.620430865402844089e-02
1.185737479366910065e+03	2.498305072926600146e-01	1.620152105489844063e-01	2.560071757712146789e-01	1.530783470193438633e-01	7.288176118065535503e-02	2.993074580245413605e-02	7.625625238453651034e-02
1.187188810431006686e+03	2.496231782589653225e-01	1.618823111603846510e-01	2.561554363626139530e-01	1.531617925329882279e-01	7.291601984439687045e-02	2.995315390749224774e-02	7.630810793300771278e-02
1.188640141495103080e+03	2.494162059340649107e-01	1.617496341059701803e-01	2.563034463503601756e-01	1.532450835648533072e-01	7.295022074522017341e-02	2.997553384824852563e-02	7.635987545113175068e-02
1.190091472559199701e+03	2.492095897030363605e-01	1.616171790129737051e-01	2.564512061556654676e-01	1.533282204142464022e-01	7.298436398273147607e-02	2.999788564085808032e-02	7.641155509033757676e-02
1.191542803623296322e+03	2.490033289520242332e-01	1.614849455092532970e-01	2.565987161990334608e-01	1.534112033798746000e-01	7.301844965633481899e-02	3.002020930153473724e-02	7.646314700179389356e-02
1.192994134687392716e+03	2.487974230682382937e-01	1.613529332232912505e-01	2.567459769002606862e-01	1.534940327598459109e-01	7.305247786523284825e-02	3.004250484657051620e-02	7.651465133640947269e-02
1.194445465751489564e+03	2.485918714399515950e-01	1.612211417841931671e-01	2.568929886784377392e-01	1.535767088516703238e-01	7.308644870842755104e-02	3.006477229233508672e-02	7.656606824483350171e-02
1.195896796815585958e+03	2.483866734564984802e-01	1.610895708216867339e-01	2.570397519519503904e-01	1.536592319522609162e-01	7.312036228472115762e-02	3.008701165527526145e-02	7.661739787745605601e-02
1.197348127879682352e+03	2.481818285082728892e-01	1.609582199661208357e-01	2.571862671384807508e-01	1.537416023579349644e-01	7.315421869271673816e-02	3.010922295191445150e-02	7.666864038440839024e-02
1.198799458943779200e+03	2.479773359867263327e-01	1.608270888484643335e-01	2.573325346550086046e-01	1.538238203644151092e-01	7.318801803081903534e-02	3.013140619885216684e-02	7.671979591556342404e-02
1.200250790007875821e+03	2.477731952843661434e-01	1.606961771003052319e-01	2.574785549178124078e-01	1.539058862668303829e-01	7.322176039723524155e-02	3.015356141276347504e-02	7.677086462053604732e-02
1.201702121071972442e+03	2.475694057947536164e-01	1.605654843538495691e-01	2.576243283424705655e-01	1.539878003597174028e-01	7.325544588997569273e-02	3.017568861039850864e-02	7.682184664868353663e-02
1.203153452136069063e+03	2.473659669125020111e-01	1.604350102419202229e-01	2.577698553438627083e-01	1.540695629370213982e-01	7.328907460685463171e-02	3.019778780858195164e-02	7.687274214910592984e-02
1.204604783200165684e+03	2.471628780332748299e-01	1.603047543979561340e-01	2.579151363361706917e-01	1.541511742920973482e-01	7.332264664549094368e-02	3.021985902421249828e-02	7.692355127064644249e-02
1.206056114264262078e+03	2.469601385537839311e-01	1.601747164560110293e-01	2.580601717328797617e-01	1.542326347177110923e-01	7.335616210330883624e-02	3.024190227426238817e-02	7.697427416189178695e-02
1.207507445328358699e+03	2.467577478717875583e-01	1.600448960507526441e-01	2.582049619467799428e-01	1.543139445060404680e-01	7.338962107753861652e-02	3.026391757577688232e-02	7.702491097117265817e-02
1.208958776392455093e+03	2.465557053860887582e-01	1.599152928174614186e-01	2.583495073899670924e-01	1.543951039486763654e-01	7.342302366521734347e-02	3.028590494587375670e-02	7.707546184656405286e-02
1.210410107456551941e+03	2.463540104965332711e-01	1.597859063920296641e-01	2.584938084738439557e-01	1.544761133366238937e-01	7.345636996318960499e-02	3.030786440174280949e-02	7.712592693588565806e-02
1.211861438520648335e+03	2.461526626040078658e-01	1.596567364109604537e-01	2.586378656091213868e-01	1.545569729603033793e-01	7.348966006810818408e-02	3.032979596064537542e-02	7.717630638670225363e-02
1.213312769584745183e+03	2.459516611104383688e-01	1.595277825113665948e-01	2.587816792058196813e-01	1.546376831095515880e-01	7.352289407643473884e-02	3.035169963991381226e-02	7.722660034632410075e-02
1.214764100648841804e+03	2.457510054187879989e-01	1.593990443309696858e-01	2.589252496732695197e-01	1.547182440736227793e-01	7.355607208444053802e-02	3.037357545695102204e-02	7.727680896180731673e-02
1.216215431712937971e+03	2.455506949330552857e-01	1.592705215080990055e-01	2.590685774201134106e-01	1.547986561411898165e-01	7.358919418820707159e-02	3.039542342922997228e-02	7.732693237995431901e-02
1.217666762777034819e+03	2.453507290582725431e-01	1.591422136816905419e-01	2.592116628543064127e-01	1.548789196003452773e-01	7.362226048362684183e-02	3.041724357429318251e-02	7.737697074731411662e-02
1.219118093841131440e+03	2.451511072005038983e-01	1.590141204912859374e-01	2.593545063831175779e-01	1.549590347386025080e-01	7.365527106640393229e-02	3.043903590975226628e-02	7.742692421018278204e-02
1.220569424905228061e+03	2.449518287668434047e-01	1.588862415770314895e-01	2.594971084131312278e-01	1.550390018428968453e-01	7.368822603205472943e-02	3.046080045328744546e-02	7.747679291460381201e-02
1.222020755969324682e+03	2.447528931654132933e-01	1.587585765796771242e-01	2.596394693502478423e-01	1.551188211995865873e-01	7.372112547590856102e-02	3.048253722264706450e-02	7.752657700636847449e-02
1.223472087033421303e+03	2.445542998053622796e-01	1.586311251405754241e-01	2.597815895996852809e-01	1.551984930944541874e-01	7.375396949310837613e-02	3.050424623564711862e-02	7.757627663101628046e-02
1.224923418097517697e+03	2.443560480968635096e-01	1.585038869016806018e-01	2.599234695659801142e-01	1.552780178127072253e-01	7.378675817861139741e-02	3.052592751017078887e-02	7.762589193383531705e-02
1.226374749161614318e+03	2.441581374511130331e-01	1.583768615055474172e-01	2.600651096529884576e-01	1.553573956389797117e-01	7.381949162718975943e-02	3.054758106416795987e-02	7.767542305986263607e-02
1.227826080225710712e+03	2.439605672803277225e-01	1.582500485953303171e-01	2.602065102638874139e-01	1.554366268573330323e-01	7.385216993343114711e-02	3.056920691565475842e-02	7.772487015388468423e-02
1.229277411289807560e+03	2.437633369977436348e-01	1.581234478147822420e-01	2.603476718011759061e-01	1.555157117512570852e-01	7.388479319173943405e-02	3.059080508271308507e-02	7.777423336043763624e-02
1.230728742353903954e+03	2.435664460176142632e-01	1.579970588082538208e-01	2.604885946666762320e-01	1.555946506036714194e-01	7.391736149633533481e-02	3.061237558349015619e-02	7.782351282380783886e-02
1.232180073418000802e+03	2.433698937552085939e-01	1.578708812206921774e-01	2.606292792615347853e-01	1.556734436969262891e-01	7.394987494125701555e-02	3.063391843619803559e-02	7.787270868803215784e-02
1.233631404482097196e+03	2.431736796268093859e-01	1.577449146976400707e-01	2.607697259862234995e-01	1.557520913128037088e-01	7.398233362036071847e-02	3.065543365911318346e-02	7.792182109689839431e-02
1.235082735546193817e+03	2.429778030497115326e-01	1.576191588852348391e-01	2.609099352405408467e-01	1.558305937325187018e-01	7.401473762732138639e-02	3.067692127057599846e-02	7.797085019394568717e-02
1.236534066610290438e+03	2.427822634422199810e-01	1.574936134302074298e-01	2.610499074236128925e-01	1.559089512367202446e-01	7.404708705563327331e-02	3.069838128899036317e-02	7.801979612246483231e-02
1.237985397674387059e+03	2.425870602236482321e-01	1.573682779798813436e-01	2.611896429338945724e-01	1.559871641054924041e-01	7.407938199861052730e-02	3.071981373282319308e-02	7.806865902549878222e-02
1.239436728738483680e+03	2.423921928143163707e-01	1.572431521821716638e-01	2.613291421691707472e-01	1.560652326183554484e-01	7.411162254938787053e-02	3.074121862060398905e-02	7.811743904584292353e-02
1.240888059802580301e+03	2.421976606355493999e-01	1.571182356855841400e-01	2.614684055265574791e-01	1.561431570542669289e-01	7.414380880092108494e-02	3.076259597092438625e-02	7.816613632604554884e-02
1.242339390866676695e+03	2.420034631096754929e-01	1.569935281392140503e-01	2.616074334025029202e-01	1.562209376916228465e-01	7.417594084598773396e-02	3.078394580243772050e-02	7.821475100840821759e-02
1.243790721930773088e+03	2.418095996600240771e-01	1.568690291927453684e-01	2.617462261927885336e-01	1.562985748082585946e-01	7.420801877718763429e-02	3.080526813385857376e-02	7.826328323498613071e-02
1.245242052994869937e+03	2.416160697109242805e-01	1.567447384964496537e-01	2.618847842925303704e-01	1.563760686814501810e-01	7.424004268694352204e-02	3.082656298396234743e-02	7.831173314758858861e-02
1.246693384058966330e+03	2.414228726877029885e-01	1.566206557011851352e-01	2.620231080961798464e-01	1.564534195879152267e-01	7.427201266750162179e-02	3.084783037158481817e-02	7.836010088777925486e-02
1.248144715123063179e+03	2.412300080166831784e-01	1.564967804583957400e-01	2.621611979975252971e-01	1.565306278038141319e-01	7.430392881093218771e-02	3.086907031562169737e-02	7.840838659687668355e-02
1.249596046187159800e+03	2.410374751251822267e-01	1.563731124201100109e-01	2.622990543896926430e-01	1.566076936047511026e-01	7.433579120913011429e-02	3.089028283502821479e-02	7.845659041595461070e-02
1.251047377251256421e+03	2.408452734415100216e-01	1.562496512389402181e-01	2.624366776651468891e-01	1.566846172657752889e-01	7.436759995381544974e-02	3.091146794881867443e-02	7.850471248584238448e-02
1.252498708315352815e+03	2.406534023949672974e-01	1.561263965680813603e-01	2.625740682156929573e-01	1.567613990613818398e-01	7.439935513653406218e-02	3.093262567606602786e-02	7.855275294712538159e-02
1.253950039379449436e+03	2.404618614158439138e-01	1.560033480613101931e-01	2.627112264324769630e-01	1.568380392655129574e-01	7.443105684865811145e-02	3.095375603590145089e-02	7.860071194014532636e-02
1.255401370443546057e+03	2.402706499354169689e-01	1.558805053729841739e-01	2.628481527059873812e-01	1.569145381515590909e-01	7.446270518138661809e-02	3.097485904751392377e-02	7.864858960500076268e-02
1.256852701507642678e+03	2.400797673859493553e-01	1.557578681580406299e-01	2.629848474260558788e-01	1.569908959923598801e-01	7.449430022574604626e-02	3.099593473014980796e-02	7.869638608154735926e-02
1.258304032571739299e+03	2.398892132006877065e-01	1.556354360719956198e-01	2.631213109818586471e-01	1.570671130602053212e-01	7.452584207259081717e-02	3.101698310311241588e-02	7.874410150939838149e-02
1.259755363635835920e+03	2.396989868138608426e-01	1.555132087709431565e-01	2.632575437619174563e-01	1.571431896268369044e-01	7.455733081260387807e-02	3.103800418576160500e-02	7.879173602792502451e-02
1.261206694699932314e+03	2.395090876606780494e-01	1.553911859115540417e-01	2.633935461541008216e-01	1.572191259634485305e-01	7.458876653629724351e-02	3.105899799751336843e-02	7.883928977625682954e-02
1.262658025764028707e+03	2.393195151773273022e-01	1.552693671510750051e-01	2.635293185456248355e-01	1.572949223406877317e-01	7.462014933401252270e-02	3.107996455783940473e-02	7.888676289328205860e-02
1.264109356828125556e+03	2.391302688009735167e-01	1.551477521473277332e-01	2.636648613230546667e-01	1.573705790286566431e-01	7.465147929592144682e-02	3.110090388626671892e-02	7.893415551764808302e-02
1.265560687892221949e+03	2.389413479697569120e-01	1.550263405587078980e-01	2.638001748723053375e-01	1.574460962969131961e-01	7.468275651202636867e-02	3.112181600237720613e-02	7.898146778776179988e-02
1.267012018956318798e+03	2.387527521227912619e-01	1.549051320441841295e-01	2.639352595786430555e-01	1.575214744144721457e-01	7.471398107216087325e-02	3.114270092580725957e-02	7.902869984179000662e-02
1.268463350020415419e+03	2.385644807001622014e-01	1.547841262632972115e-01	2.640701158266859361e-01	1.575967136498060694e-01	7.474515306599022191e-02	3.116355867624735071e-02	7.907585181765974802e-02
1.269914681084511813e+03	2.383765331429254508e-01	1.546633228761589152e-01	2.642047440004055558e-01	1.576718142708465331e-01	7.477627258301187962e-02	3.118438927344162684e-02	7.912292385305878806e-02
1.271366012148608434e+03	2.381889088931051224e-01	1.545427215434511947e-01	2.643391444831277304e-01	1.577467765449851456e-01	7.480733971255604242e-02	3.120519273718752595e-02	7.916991608543591519e-02
1.272817343212705055e+03	2.380016073936921661e-01	1.544223219264251601e-01	2.644733176575338462e-01	1.578216007390746134e-01	7.483835454378616470e-02	3.122596908733536042e-02	7.921682865200138646e-02
1.274268674276801676e+03	2.378146280886425656e-01	1.543021236869001889e-01	2.646072639056615272e-01	1.578962871194298234e-01	7.486931716569941719e-02	3.124671834378793187e-02	7.926366168972731607e-02
1.275720005340898297e+03	2.376279704228755063e-01	1.541821264872628716e-01	2.647409836089060775e-01	1.579708359518289251e-01	7.490022766712725599e-02	3.126744052650013567e-02	7.931041533534800847e-02
1.277171336404994690e+03	2.374416338422719319e-01	1.540623299904661236e-01	2.648744771480215920e-01	1.580452475015143021e-01	7.493108613673583884e-02	3.128813565547856196e-02	7.935708972536040240e-02
1.278622667469091539e+03	2.372556177936727129e-01	1.539427338600282691e-01	2.650077449031218446e-01	1.581195220331938212e-01	7.496189266302658027e-02	3.130880375078111399e-02	7.940368499602445951e-02
1.280073998533187932e+03	2.370699217248770085e-01	1.538233377600319862e-01	2.651407872536813426e-01	1.581936598110417203e-01	7.499264733433667895e-02	3.132944483251661610e-02	7.945020128336349741e-02
1.281525329597284326e+03	2.368845450846404910e-01	1.537041413551234748e-01	2.652736045785366037e-01	1.582676610986998023e-01	7.502335023883946463e-02	3.135005892084442164e-02	7.949663872316464763e-02
1.282976660661381175e+03	2.366994873226738183e-01	1.535851443105114289e-01	2.654061972558870997e-01	1.583415261592783507e-01	7.505400146454505039e-02	3.137064603597403828e-02	7.954299745097917484e-02
1.284427991725477568e+03	2.365147478896408306e-01	1.534663462919660937e-01	2.655385656632963109e-01	1.584152552553573512e-01	7.508460109930067961e-02	3.139120619816473945e-02	7.958927760212293478e-02
1.285879322789574417e+03	2.363303262371569680e-01	1.533477469658184322e-01	2.656707101776928925e-01	1.584888486489874626e-01	7.511514923079129491e-02	3.141173942772518268e-02	7.963547931167670735e-02
1.287330653853671038e+03	2.361462218177875494e-01	1.532293459989590434e-01	2.658026311753716175e-01	1.585623066016910998e-01	7.514564594653996843e-02	3.143224574501304186e-02	7.968160271448659904e-02
1.288781984917767431e+03	2.359624340850460800e-01	1.531111430588373012e-01	2.659343290319946540e-01	1.586356293744634605e-01	7.517609133390840137e-02	3.145272517043461169e-02	7.972764794516441766e-02
1.290233315981864052e+03	2.357789624933926409e-01	1.529931378134603837e-01	2.660658041225922865e-01	1.587088172277736631e-01	7.520648548009736811e-02	3.147317772444445383e-02	7.977361513808811644e-02
