1.001418434226643626e+03	2.793256364924608937e-01	1.808041232917394769e-01	2.349799423517762720e-01	1.411180279361242407e-01	6.802825479258890751e-02	2.684425725299736942e-02	6.889975788215828290e-02
1.002869765290740247e+03	2.790677588493497008e-01	1.806395801587718231e-01	2.351636552164528826e-01	1.412237759590153074e-01	6.807078960381313104e-02	2.687029042758109360e-02	6.896414978486151148e-02
1.004321096354836754e+03	2.788103248528334688e-01	1.804753126640295802e-01	2.353470576923721858e-01	1.413293262887565516e-01	6.811325187941930093e-02	2.689629436235399865e-02	6.902843226008029132e-02
1.005772427418933376e+03	2.785533337372033125e-01	1.803113203449358271e-01	2.355301503016538067e-01	1.414346793092776666e-01	6.815564175391894408e-02	2.692226905839211620e-02	6.909260549446373523e-02
1.007223758483029997e+03	2.782967847380854454e-01	1.801476027396903823e-01	2.357129335655385183e-01	1.415398354037800122e-01	6.819795936144275317e-02	2.694821451694303510e-02	6.915666967436526202e-02
1.008675089547126618e+03	2.780406770924392368e-01	1.799841593872684165e-01	2.358954080043896284e-01	1.416447949547375296e-01	6.824020483574304297e-02	2.697413073942483974e-02	6.922062498584274914e-02
1.010126420611223239e+03	2.777850100385544918e-01	1.798209898274192309e-01	2.360775741376945902e-01	1.417495583438973250e-01	6.828237831019615123e-02	2.700001772742503109e-02	6.928447161465861592e-02
1.011577751675319632e+03	2.775297828160491753e-01	1.796580936006648421e-01	2.362594324840664450e-01	1.418541259522804188e-01	6.832447991780500607e-02	2.702587548269946155e-02	6.934820974628001788e-02
1.013029082739416367e+03	2.772749946658670805e-01	1.794954702482987885e-01	2.364409835612452104e-01	1.419584981601826335e-01	6.836650979120142968e-02	2.705170400717127333e-02	6.941183956587888837e-02
1.014480413803512761e+03	2.770206448302753310e-01	1.793331193123847700e-01	2.366222278860994344e-01	1.420626753471751769e-01	6.840846806264862245e-02	2.707750330292985758e-02	6.947536125833211895e-02
1.015931744867609382e+03	2.767667325528619382e-01	1.791710403357553716e-01	2.368031659746276663e-01	1.421666578921053914e-01	6.845035486404342506e-02	2.710327337222980665e-02	6.953877500822167046e-02
1.017383075931706003e+03	2.765132570785335808e-01	1.790092328620107864e-01	2.369837983419598448e-01	1.422704461730977532e-01	6.849217032691871931e-02	2.712901421748988018e-02	6.960208099983471175e-02
1.018834406995802851e+03	2.762602176535129961e-01	1.788476964355175391e-01	2.371641255023589079e-01	1.423740405675543719e-01	6.853391458244574574e-02	2.715472584129196773e-02	6.966527941716374461e-02
1.020285738059899245e+03	2.760076135253368146e-01	1.786864306014071258e-01	2.373441479692220968e-01	1.424774414521558785e-01	6.857558776143639345e-02	2.718040824638006878e-02	6.972837044390685357e-02
1.021737069123995752e+03	2.757554439428531179e-01	1.785254349055747924e-01	2.375238662550824831e-01	1.425806492028623695e-01	6.861718999434542055e-02	2.720606143565928309e-02	6.979135426346770588e-02
1.023188400188092373e+03	2.755037081562190515e-01	1.783647088946782588e-01	2.377032808716104673e-01	1.426836641949139617e-01	6.865872141127278561e-02	2.723168541219479072e-02	6.985423105895584295e-02
1.024639731252188767e+03	2.752524054168984380e-01	1.782042521161364412e-01	2.378823923296151666e-01	1.427864868028317913e-01	6.870018214196579875e-02	2.725728017921084934e-02	6.991700101318674976e-02
1.026091062316285615e+03	2.750015349776593343e-01	1.780440641181280370e-01	2.380612011390458305e-01	1.428891174004186804e-01	6.874157231582134209e-02	2.728284574008981930e-02	6.997966430868206300e-02
1.027542393380382237e+03	2.747510960925720891e-01	1.778841444495905255e-01	2.382397078089935061e-01	1.429915563607600804e-01	6.878289206188803462e-02	2.730838209837113326e-02	7.004222112766972375e-02
1.028993724444478858e+03	2.745010880170064560e-01	1.777244926602186137e-01	2.384179128476921761e-01	1.430938040562248770e-01	6.882414150886843884e-02	2.733388925775034894e-02	7.010467165208417173e-02
1.030445055508575479e+03	2.742515100076295398e-01	1.775651083004630704e-01	2.385958167625204795e-01	1.431958608584661674e-01	6.886532078512115629e-02	2.735936722207814656e-02	7.016701606356651189e-02
1.031896386572671872e+03	2.740023613224034649e-01	1.774059909215295328e-01	2.387734200600029333e-01	1.432977271384222040e-01	6.890643001866288142e-02	2.738481599535937464e-02	7.022925454346465313e-02
1.033347717636768493e+03	2.737536412205830993e-01	1.772471400753770909e-01	2.389507232458115138e-01	1.433994032663171159e-01	6.894746933717058046e-02	2.741023558175207514e-02	7.029138727283358590e-02
1.034799048700865114e+03	2.735053489627133350e-01	1.770885553147172053e-01	2.391277268247670174e-01	1.435008896116618804e-01	6.898843886798355918e-02	2.743562598556652937e-02	7.035341443243550708e-02
1.036250379764961508e+03	2.732574838106272552e-01	1.769302361930122081e-01	2.393044313008405866e-01	1.436021865432551836e-01	6.902933873810543353e-02	2.746098721126429346e-02	7.041533620274001426e-02
1.037701710829058356e+03	2.730100450274436374e-01	1.767721822644743312e-01	2.394808371771550426e-01	1.437032944291841696e-01	6.907016907420622520e-02	2.748631926345727200e-02	7.047715276392430006e-02
1.039153041893154750e+03	2.727630318775645102e-01	1.766143930840640974e-01	2.396569449559863840e-01	1.438042136368254675e-01	6.911093000262431840e-02	2.751162214690676053e-02	7.053886429587340190e-02
1.040604372957251599e+03	2.725164436266729329e-01	1.764568682074894312e-01	2.398327551387651746e-01	1.439049445328460242e-01	6.915162164936848599e-02	2.753689586652251220e-02	7.060047097818032691e-02
1.042055704021347992e+03	2.722702795417308308e-01	1.762996071912040774e-01	2.400082682260779587e-01	1.440054874832039089e-01	6.919224414011984625e-02	2.756214042736182188e-02	7.066197299014635724e-02
1.043507035085444613e+03	2.720245388909764972e-01	1.761426095924066570e-01	2.401834847176687049e-01	1.441058428531493407e-01	6.923279760023376417e-02	2.758735583462858243e-02	7.072337051078116110e-02
1.044958366149541234e+03	2.717792209439224838e-01	1.759858749690391133e-01	2.403584051124403043e-01	1.442060110072254930e-01	6.927328215474184980e-02	2.761254209367238963e-02	7.078466371880307029e-02
1.046409697213637855e+03	2.715343249713529916e-01	1.758294028797856567e-01	2.405330299084558199e-01	1.443059923092694929e-01	6.931369792835384569e-02	2.763769920998760884e-02	7.084585279263927449e-02
1.047861028277734476e+03	2.712898502453219840e-01	1.756731928840714607e-01	2.407073596029400409e-01	1.444057871224132261e-01	6.935404504545943094e-02	2.766282718921248690e-02	7.090693791042605720e-02
1.049312359341831097e+03	2.710457960391506327e-01	1.755172445420614402e-01	2.408813946922807869e-01	1.445053958090843360e-01	6.939432363013021965e-02	2.768792603712824651e-02	7.096791925000900392e-02
1.050763690405927491e+03	2.708021616274251531e-01	1.753615574146589751e-01	2.410551356720304905e-01	1.446048187310071120e-01	6.943453380612150949e-02	2.771299575965818079e-02	7.102879698894322413e-02
1.052215021470024112e+03	2.705589462859945282e-01	1.752061310635047164e-01	2.412285830369073902e-01	1.447040562492034610e-01	6.947467569687416911e-02	2.773803636286678240e-02	7.108957130449364281e-02
1.053666352534120733e+03	2.703161492919682329e-01	1.750509650509752269e-01	2.414017372807970574e-01	1.448031087239937675e-01	6.951474942551641445e-02	2.776304785295885189e-02	7.115024237363513915e-02
1.055117683598217127e+03	2.700737699237139022e-01	1.748960589401819532e-01	2.415745988967538671e-01	1.449019765149978656e-01	6.955475511486564066e-02	2.778803023627861302e-02	7.121081037305285188e-02
1.056569014662313975e+03	2.698318074608552219e-01	1.747414122949697834e-01	2.417471683770021917e-01	1.450006599811360375e-01	6.959469288743015680e-02	2.781298351930884885e-02	7.127127547914241523e-02
1.058020345726410369e+03	2.695902611842695973e-01	1.745870246799159919e-01	2.419194462129380385e-01	1.450991594806299301e-01	6.963456286541100382e-02	2.783790770867003786e-02	7.133163786801013928e-02
1.059471676790506763e+03	2.693491303760857103e-01	1.744328956603287961e-01	2.420914328951302152e-01	1.451974753710034427e-01	6.967436517070361990e-02	2.786280281111947962e-02	7.139189771547335694e-02
1.060923007854603611e+03	2.691084143196818546e-01	1.742790248022463850e-01	2.422631289133219679e-01	1.452956080090838098e-01	6.971409992489963070e-02	2.788766883355045176e-02	7.145205519706061825e-02
1.062374338918700232e+03	2.688681122996829376e-01	1.741254116724354484e-01	2.424345347564321185e-01	1.453935577510024335e-01	6.975376724928850081e-02	2.791250578299135296e-02	7.151211048801191239e-02
1.063825669982796853e+03	2.686282236019587599e-01	1.739720558383901494e-01	2.426056509125566474e-01	1.454913249521959662e-01	6.979336726485929621e-02	2.793731366660484952e-02	7.157206376327898689e-02
1.065277001046893474e+03	2.683887475136216283e-01	1.738189568683308206e-01	2.427764778689700531e-01	1.455889099674072262e-01	6.983290009230230799e-02	2.796209249168705308e-02	7.163191519752552805e-02
1.066728332110990095e+03	2.681496833230242460e-01	1.736661143312026867e-01	2.429470161121266014e-01	1.456863131506861697e-01	6.987236585201066219e-02	2.798684226566666364e-02	7.169166496512753561e-02
1.068179663175086489e+03	2.679110303197573262e-01	1.735135277966747824e-01	2.431172661276618241e-01	1.457835348553908894e-01	6.991176466408208223e-02	2.801156299610415776e-02	7.175131324017347545e-02
1.069630994239183110e+03	2.676727877946473710e-01	1.733611968351385368e-01	2.432872284003939345e-01	1.458805754341886418e-01	6.995109664832040164e-02	2.803625469069095238e-02	7.181086019646458485e-02
1.071082325303279504e+03	2.674349550397547293e-01	1.732091210177068297e-01	2.434569034143251043e-01	1.459774352390567631e-01	6.999036192423722935e-02	2.806091735724858260e-02	7.187030600751516396e-02
1.072533656367376352e+03	2.671975313483710424e-01	1.730572999162124648e-01	2.436262916526428790e-01	1.460741146212836961e-01	7.002956061105355956e-02	2.808555100372790020e-02	7.192965084655281172e-02
1.073984987431472746e+03	2.669605160150171907e-01	1.729057331032072820e-01	2.437953935977216213e-01	1.461706139314699893e-01	7.006869282770127050e-02	2.811015563820824445e-02	7.198889488651871726e-02
1.075436318495569594e+03	2.667239083354411844e-01	1.727544201519607137e-01	2.439642097311237046e-01	1.462669335195293241e-01	7.010775869282476203e-02	2.813473126889665804e-02	7.204803830006795140e-02
1.076887649559666215e+03	2.664877076066158312e-01	1.726033606364586748e-01	2.441327405336010670e-01	1.463630737346894584e-01	7.014675832478246831e-02	2.815927790412706480e-02	7.210708125956968861e-02
1.078338980623762609e+03	2.662519131267366279e-01	1.724525541314023136e-01	2.443009864850964885e-01	1.464590349254933643e-01	7.018569184164841213e-02	2.818379555235948561e-02	7.216602393710756791e-02
1.079790311687859230e+03	2.660165241952195947e-01	1.723020002122069017e-01	2.444689480647449509e-01	1.465548174398000059e-01	7.022455936121367592e-02	2.820828422217924389e-02	7.222486650447991485e-02
1.081241642751955851e+03	2.657815401126989441e-01	1.721516984550005291e-01	2.446366257508750253e-01	1.466504216247856429e-01	7.026336100098795612e-02	2.823274392229618845e-02	7.228360913320007464e-02
1.082692973816052472e+03	2.655469601810250824e-01	1.720016484366229670e-01	2.448040200210102046e-01	1.467458478269446087e-01	7.030209687820100639e-02	2.825717466154389901e-02	7.234225199449663413e-02
1.084144304880149093e+03	2.653127837032623337e-01	1.718518497346244456e-01	2.449711313518702915e-01	1.468410963920905032e-01	7.034076710980413649e-02	2.828157644887891245e-02	7.240079525931376880e-02
1.085595635944245487e+03	2.650790099836868863e-01	1.717023019272644890e-01	2.451379602193727858e-01	1.469361676653571369e-01	7.037937181247166940e-02	2.830594929337995613e-02	7.245923909831150644e-02
1.087046967008342108e+03	2.648456383277844051e-01	1.715530045935106662e-01	2.453045070986341059e-01	1.470310619911995853e-01	7.041791110260237074e-02	2.833029320424717765e-02	7.251758368186606019e-02
1.088498298072438729e+03	2.646126680422482558e-01	1.714039573130375083e-01	2.454707724639710598e-01	1.471257797133951883e-01	7.045638509632089208e-02	2.835460819080137460e-02	7.257582918007007833e-02
1.089949629136535123e+03	2.643800984349769512e-01	1.712551596662251763e-01	2.456367567889022052e-01	1.472203211750446883e-01	7.049479390947920032e-02	2.837889426248325214e-02	7.263397576273296352e-02
1.091400960200631971e+03	2.641479288150720417e-01	1.711066112341584344e-01	2.458024605461490153e-01	1.473146867185731457e-01	7.053313765765790999e-02	2.840315142885265279e-02	7.269202359938116420e-02
1.092852291264728365e+03	2.639161584928363946e-01	1.709583115986253177e-01	2.459678842076374883e-01	1.474088766857310218e-01	7.057141645616779591e-02	2.842737969958781738e-02	7.274997285925850765e-02
1.094303622328825213e+03	2.636847867797715295e-01	1.708102603421160770e-01	2.461330282444992856e-01	1.475028914175952610e-01	7.060963042005106993e-02	2.845157908448463571e-02	7.280782371132646369e-02
1.095754953392921607e+03	2.634538129885758417e-01	1.706624570478218472e-01	2.462978931270731475e-01	1.475967312545703458e-01	7.064777966408275489e-02	2.847574959345590059e-02	7.286557632426450548e-02
1.097206284457018228e+03	2.632232364331422159e-01	1.705149012996336755e-01	2.464624793249062529e-01	1.476903965363892124e-01	7.068586430277207233e-02	2.849989123653057926e-02	7.292323086647034547e-02
1.098657615521114849e+03	2.629930564285560268e-01	1.703675926821411613e-01	2.466267873067553851e-01	1.477838876021145553e-01	7.072388445036376092e-02	2.852400402385308481e-02	7.298078750606032394e-02
1.100108946585211470e+03	2.627632722910930863e-01	1.702205307806314016e-01	2.467908175405885418e-01	1.478772047901396602e-01	7.076184022083939484e-02	2.854808796568253371e-02	7.303824641086963110e-02
1.101560277649308091e+03	2.625338833382174220e-01	1.700737151810877423e-01	2.469545704935860730e-01	1.479703484381895695e-01	7.079973172791868830e-02	2.857214307239203804e-02	7.309560774845273723e-02
1.103011608713404712e+03	2.623048888885790575e-01	1.699271454701886397e-01	2.471180466321420688e-01	1.480633188833221092e-01	7.083755908506084165e-02	2.859616935446797348e-02	7.315287168608358703e-02
1.104462939777501106e+03	2.620762882620121248e-01	1.697808212353064672e-01	2.472812464218656636e-01	1.481561164619289717e-01	7.087532240546576268e-02	2.862016682250927493e-02	7.321003839075600206e-02
1.105914270841597499e+03	2.618480807795326437e-01	1.696347420645064608e-01	2.474441703275823135e-01	1.482487415097367423e-01	7.091302180207535721e-02	2.864413548722672190e-02	7.326710802918398602e-02
1.107365601905694348e+03	2.616202657633363571e-01	1.694889075465453865e-01	2.476068188133352943e-01	1.483411943618080653e-01	7.095065738757484752e-02	2.866807535944222371e-02	7.332408076780201622e-02
1.108816932969790741e+03	2.613928425367968988e-01	1.693433172708704859e-01	2.477691923423867015e-01	1.484334753525426154e-01	7.098822927439395192e-02	2.869198645008812915e-02	7.338095677276540441e-02
1.110268264033887590e+03	2.611658104244632406e-01	1.691979708276182826e-01	2.479312913772191151e-01	1.485255848156782077e-01	7.102573757470817539e-02	2.871586877020652212e-02	7.343773620995060203e-02
1.111719595097984211e+03	2.609391687520581371e-01	1.690528678076134994e-01	2.480931163795367100e-01	1.486175230842918527e-01	7.106318240043998924e-02	2.873972233094852433e-02	7.349441924495551948e-02
1.113170926162080832e+03	2.607129168464754621e-01	1.689080078023677267e-01	2.482546678102666160e-01	1.487092904908008661e-01	7.110056386326009392e-02	2.876354714357361175e-02	7.355100604309984524e-02
1.114622257226177226e+03	2.604870540357785424e-01	1.687633904040784782e-01	2.484159461295602500e-01	1.488008873669639798e-01	7.113788207458859869e-02	2.878734321944891733e-02	7.360749676942542064e-02
1.116073588290273847e+03	2.602615796491981048e-01	1.686190152056278868e-01	2.485769517967945652e-01	1.488923140438823400e-01	7.117513714559620119e-02	2.881111057004856479e-02	7.366389158869653120e-02
1.117524919354370468e+03	2.600364930171298883e-01	1.684748818005815940e-01	2.487376852705733832e-01	1.489835708520006186e-01	7.121232918720540872e-02	2.883484920695297479e-02	7.372019066540025367e-02
1.118976250418467089e+03	2.598117934711328680e-01	1.683309897831876678e-01	2.488981470087287262e-01	1.490746581211081778e-01	7.124945831009170394e-02	2.885855914184819182e-02	7.377639416374680292e-02
1.120427581482563710e+03	2.595874803439269796e-01	1.681873387483753535e-01	2.490583374683220941e-01	1.491655761803400426e-01	7.128652462468461348e-02	2.888224038652522155e-02	7.383250224766985115e-02
1.121878912546660331e+03	2.593635529693911201e-01	1.680439282917540189e-01	2.492182571056457685e-01	1.492563253581780103e-01	7.132352824116901246e-02	2.890589295287936122e-02	7.388851508082681929e-02
1.123330243610756725e+03	2.591400106825611505e-01	1.679007580096119334e-01	2.493779063762240900e-01	1.493469059824518719e-01	7.136046926948615143e-02	2.892951685290953007e-02	7.394443282659933503e-02
1.124781574674853118e+03	2.589168528196278962e-01	1.677578274989152129e-01	2.495372857348147899e-01	1.494373183803402727e-01	7.139734781933482211e-02	2.895311209871761701e-02	7.400025564809344092e-02
1.126232905738949967e+03	2.586940787179348722e-01	1.676151363573065711e-01	2.496963956354102399e-01	1.495275628783720723e-01	7.143416400017245371e-02	2.897667870250782152e-02	7.405598370814003850e-02
1.127684236803046360e+03	2.584716877159764503e-01	1.674726841831043200e-01	2.498552365312387835e-01	1.496176398024271770e-01	7.147091792121625098e-02	2.900021667658599783e-02	7.411161716929513810e-02
1.129135567867143209e+03	2.582496791533956393e-01	1.673304705753010657e-01	2.500138088747659304e-01	1.497075494777378446e-01	7.150760969144429047e-02	2.902372603335901316e-02	7.416715619384030289e-02
1.130586898931239830e+03	2.580280523709821972e-01	1.671884951335627922e-01	2.501721131176957713e-01	1.497972922288897113e-01	7.154423941959656141e-02	2.904720678533409886e-02	7.422260094378292650e-02
1.132038229995336451e+03	2.578068067106705219e-01	1.670467574582275017e-01	2.503301497109722273e-01	1.498868683798228463e-01	7.158080721417610370e-02	2.907065894511821555e-02	7.427795158085659377e-02
1.133489561059432845e+03	2.575859415155377086e-01	1.669052571503042981e-01	2.504879191047801879e-01	1.499762782538328898e-01	7.161731318345004871e-02	2.909408252541740778e-02	7.433320826652142777e-02
1.134940892123529466e+03	2.573654561298013843e-01	1.667639938114720000e-01	2.506454217485470926e-01	1.500655221735721911e-01	7.165375743545066012e-02	2.911747753903617605e-02	7.438837116196443666e-02
1.136392223187626087e+03	2.571453498988178210e-01	1.666229670440783628e-01	2.508026580909438752e-01	1.501546004610508078e-01	7.169014007797638866e-02	2.914084399887683502e-02	7.444344042809987461e-02
1.137843554251722708e+03	2.569256221690797704e-01	1.664821764511386082e-01	2.509596285798864068e-01	1.502435134376377546e-01	7.172646121859295454e-02	2.916418191793890974e-02	7.449841622556960252e-02
1.139294885315819101e+03	2.567062722882145209e-01	1.663416216363345634e-01	2.511163336625367726e-01	1.503322614240619748e-01	7.176272096463431893e-02	2.918749130931848693e-02	7.455329871474336567e-02
1.140746216379915950e+03	2.564872996049819553e-01	1.662013022040133292e-01	2.512727737853044929e-01	1.504208447404135618e-01	7.179891942320376641e-02	2.921077218620761473e-02	7.460808805571929325e-02
1.142197547444012343e+03	2.562687034692723853e-01	1.660612177591863636e-01	2.514289493938478559e-01	1.505092637061447580e-01	7.183505670117483477e-02	2.923402456189366783e-02	7.466278440832407881e-02
1.143648878508108737e+03	2.560504832321048307e-01	1.659213679075282333e-01	2.515848609330750829e-01	1.505975186400711485e-01	7.187113290519238362e-02	2.925724844975875413e-02	7.471738793211349372e-02
1.145100209572205586e+03	2.558326382456246884e-01	1.657817522553755307e-01	2.517405088471456609e-01	1.506856098603727712e-01	7.190714814167355196e-02	2.928044386327909726e-02	7.477189878637263698e-02
1.146551540636302207e+03	2.556151678631017332e-01	1.656423704097257921e-01	2.518958935794717302e-01	1.507735376845951158e-01	7.194310251680875734e-02	2.930361081602442241e-02	7.482631713011629604e-02
1.148002871700398828e+03	2.553980714389285644e-01	1.655032219782363589e-01	2.520510155727190282e-01	1.508613024296503735e-01	7.197899613656268125e-02	2.932674932165736659e-02	7.488064312208940476e-02
1.149454202764495449e+03	2.551813483286183293e-01	1.653643065692232406e-01	2.522058752688083882e-01	1.509489044118184908e-01	7.201482910667521276e-02	2.934985939393286447e-02	7.493487692076727935e-02
1.150905533828591842e+03	2.549649978888023916e-01	1.652256237916601145e-01	2.523604731089169051e-01	1.510363439467482527e-01	7.205060153266241996e-02	2.937294104669757253e-02	7.498901868435604856e-02
1.152356864892688463e+03	2.547490194772290550e-01	1.650871732551770776e-01	2.525148095334793230e-01	1.511236213494584479e-01	7.208631351981747981e-02	2.939599429388926183e-02	7.504306857079300064e-02
1.153808195956785084e+03	2.545334124527611208e-01	1.649489545700596749e-01	2.526688849821889793e-01	1.512107369343390073e-01	7.212196517321167732e-02	2.941901914953622479e-02	7.509702673774694415e-02
1.155259527020881706e+03	2.543181761753738890e-01	1.648109673472476777e-01	2.528226998939995251e-01	1.512976910151520027e-01	7.215755659769525210e-02	2.944201562775670272e-02	7.515089334261858267e-02
1.156710858084978327e+03	2.541033100061534933e-01	1.646732111983340296e-01	2.529762547071257028e-01	1.513844839050328406e-01	7.219308789789839753e-02	2.946498374275829599e-02	7.520466854254086175e-02
1.158162189149074720e+03	2.538888133072947362e-01	1.645356857355639024e-01	2.531295498590447335e-01	1.514711159164914278e-01	7.222855917823213512e-02	2.948792350883738464e-02	7.525835249437931584e-02
1.159613520213171569e+03	2.536746854420990349e-01	1.643983905718333360e-01	2.532825857864977603e-01	1.515575873614132263e-01	7.226397054288923039e-02	2.951083494037854554e-02	7.531194535473249851e-02
1.161064851277267962e+03	2.534609257749727562e-01	1.642613253206883228e-01	2.534353629254909590e-01	1.516438985510603354e-01	7.229932209584509495e-02	2.953371805185399032e-02	7.536544727993224613e-02
1.162516182341364356e+03	2.532475336714249403e-01	1.641244895963236139e-01	2.535878817112965922e-01	1.517300497960726857e-01	7.233461394085870244e-02	2.955657285782298596e-02	7.541885842604417745e-02
1.163967513405461204e+03	2.530345084980654691e-01	1.639878830135817755e-01	2.537401425784545639e-01	1.518160414064691488e-01	7.236984618147344894e-02	2.957939937293128929e-02	7.547217894886794343e-02
1.165418844469557826e+03	2.528218496226033452e-01	1.638515051879519679e-01	2.538921459607734188e-01	1.519018736916485646e-01	7.240501892101801340e-02	2.960219761191058840e-02	7.552540900393762968e-02
1.166870175533654447e+03	2.526095564138444716e-01	1.637153557355688349e-01	2.540438922913317854e-01	1.519875469603910179e-01	7.244013226260725968e-02	2.962496758957794060e-02	7.557854874652218669e-02
1.168321506597751068e+03	2.523976282416898198e-01	1.635794342732115325e-01	2.541953820024793198e-01	1.520730615208588099e-01	7.247518630914311089e-02	2.964770932083520341e-02	7.563159833162572121e-02
1.169772837661847461e+03	2.521860644771332649e-01	1.634437404183026465e-01	2.543466155258382044e-01	1.521584176805976518e-01	7.251018116331534036e-02	2.967042282066849335e-02	7.568455791398789878e-02
1.171224168725944082e+03	2.519748644922601977e-01	1.633082737889069713e-01	2.544975932923040918e-01	1.522436157465378026e-01	7.254511692760248764e-02	2.969310810414762386e-02	7.573742764808431838e-02
1.172675499790040703e+03	2.517640276602450267e-01	1.631730340037305937e-01	2.546483157320477142e-01	1.523286560249950961e-01	7.257999370427264951e-02	2.971576518642556758e-02	7.579020768812685938e-02
1.174126830854137097e+03	2.515535533553495129e-01	1.630380206821196998e-01	2.547987832745157721e-01	1.524135388216721343e-01	7.261481159538435426e-02	2.973839408273789425e-02	7.584289818806409789e-02
1.175578161918233945e+03	2.513434409529208269e-01	1.629032334440595753e-01	2.549489963484323773e-01	1.524982644416594812e-01	7.264957070278735274e-02	2.976099480840223993e-02	7.589549930158165369e-02
1.177029492982330339e+03	2.511336898293896613e-01	1.627686719101734125e-01	2.550989553817999966e-01	1.525828331894365786e-01	7.268427112812345103e-02	2.978356737881776919e-02	7.594801118210257884e-02
1.178480824046426733e+03	2.509242993622682327e-01	1.626343357017215052e-01	2.552486608019008951e-01	1.526672453688730502e-01	7.271891297282732924e-02	2.980611180946462352e-02	7.600043398278767681e-02
1.179932155110523581e+03	2.507152689301485049e-01	1.625002244405998331e-01	2.553981130352984130e-01	1.527515012832297847e-01	7.275349633812734640e-02	2.982862811590340432e-02	7.605276785653594662e-02
1.181383486174620202e+03	2.505065979127001907e-01	1.623663377493392013e-01	2.555473125078380203e-01	1.528356012351600179e-01	7.278802132504633149e-02	2.985111631377462479e-02	7.610501295598494365e-02
1.182834817238716823e+03	2.502982856906686981e-01	1.622326752511041859e-01	2.556962596446483715e-01	1.529195455267104153e-01	7.282248803440233287e-02	2.987357641879819295e-02	7.615716943351111268e-02
1.184286148302813444e+03	2.500903316458735204e-01	1.620992365696919957e-01	2.558449548701428045e-01	1.530033344593222933e-01	7.285689656680950643e-02	2.989600844677288427e-02	7.620923744123021815e-02
1.185737479366910065e+03	2.498827351612062930e-01	1.619660213295314177e-01	2.559933986080205059e-01	1.530869683338326737e-01	7.289124702267879563e-02	2.991841241357580741e-02	7.626121713099769106e-02
1.187188810431006686e+03	2.496754956206286569e-01	1.618330291556817901e-01	2.561415912812676776e-01	1.531704474504754498e-01	7.292553950221873638e-02	2.994078833516190460e-02	7.631310865440903146e-02
1.188640141495103080e+03	2.494686124091705370e-01	1.617002596738318920e-01	2.562895333121585906e-01	1.532537721088824134e-01	7.295977410543623420e-02	2.996313622756341388e-02	7.636491216280015537e-02
1.190091472559199701e+03	2.492620849129283667e-01	1.615677125102988887e-01	2.564372251222569177e-01	1.533369426080845310e-01	7.299395093213732755e-02	2.998545610688936602e-02	7.641662780724778337e-02
1.191542803623296322e+03	2.490559125190630052e-01	1.614353872920274158e-01	2.565846671324169548e-01	1.534199592465129158e-01	7.302807008192793714e-02	3.000774798932507453e-02	7.646825573856982916e-02
1.192994134687392716e+03	2.488500946157979621e-01	1.613032836465883024e-01	2.567318597627848420e-01	1.535028223220000487e-01	7.306213165421454603e-02	3.003001189113160829e-02	7.651979610732576043e-02
1.194445465751489564e+03	2.486446305924175093e-01	1.611714012021777109e-01	2.568788034327996184e-01	1.535855321317808331e-01	7.309613574820505999e-02	3.005224782864530930e-02	7.657124906381701512e-02
1.195896796815585958e+03	2.484395198392648496e-01	1.610397395876159432e-01	2.570254985611944987e-01	1.536680889724937327e-01	7.313008246290944592e-02	3.007445581827727574e-02	7.662261475808732070e-02
1.197348127879682352e+03	2.482347617477401180e-01	1.609082984323464971e-01	2.571719455659980391e-01	1.537504931401818820e-01	7.316397189714049509e-02	3.009663587651285541e-02	7.667389333992316591e-02
1.198799458943779200e+03	2.480303557102986889e-01	1.607770773664349562e-01	2.573181448645354141e-01	1.538327449302942240e-01	7.319780414951455871e-02	3.011878801991116350e-02	7.672508495885406454e-02
1.200250790007875821e+03	2.478263011204491495e-01	1.606460760205679628e-01	2.574640968734294155e-01	1.539148446376866486e-01	7.323157931845222790e-02	3.014091226510457258e-02	7.677618976415306884e-02
1.201702121071972442e+03	2.476225973727516350e-01	1.605152940260522465e-01	2.576098020086017293e-01	1.539967925566230467e-01	7.326529750217906922e-02	3.016300862879822339e-02	7.682720790483704709e-02
1.203153452136069063e+03	2.474192438628158019e-01	1.603847310148133753e-01	2.577552606852742678e-01	1.540785889807765596e-01	7.329895879872633246e-02	3.018507712776953567e-02	7.687813952966708608e-02
1.204604783200165684e+03	2.472162399872990246e-01	1.602543866193950062e-01	2.579004733179701692e-01	1.541602342032304673e-01	7.333256330593164452e-02	3.020711777886771893e-02	7.692898478714889354e-02
1.206056114264262078e+03	2.470135851439046459e-01	1.601242604729576358e-01	2.580454403205149627e-01	1.542417285164795204e-01	7.336611112143968938e-02	3.022913059901329025e-02	7.697974382553320061e-02
1.207507445328358699e+03	2.468112787313799794e-01	1.599943522092776294e-01	2.581901621060378460e-01	1.543230722124309673e-01	7.339960234270290207e-02	3.025111560519757811e-02	7.703041679281608101e-02
1.208958776392455093e+03	2.466093201495145881e-01	1.598646614627460827e-01	2.583346390869727394e-01	1.544042655824056642e-01	7.343303706698217637e-02	3.027307281448226445e-02	7.708100383673939515e-02
1.210410107456551941e+03	2.464077087991383974e-01	1.597351878683680726e-01	2.584788716750596738e-01	1.544853089171392413e-01	7.346641539134751708e-02	3.029500224399888503e-02	7.713150510479115096e-02
1.211861438520648335e+03	2.462064440821198907e-01	1.596059310617612970e-01	2.586228602813456234e-01	1.545662025067831569e-01	7.349973741267869232e-02	3.031690391094836109e-02	7.718192074420590632e-02
1.213312769584745183e+03	2.460055254013641945e-01	1.594768906791552976e-01	2.587666053161860047e-01	1.546469466409058080e-01	7.353300322766594121e-02	3.033877783260053793e-02	7.723225090196510212e-02
1.214764100648841804e+03	2.458049521608114407e-01	1.593480663573902389e-01	2.589101071892457306e-01	1.547275416084937516e-01	7.356621293281061236e-02	3.036062402629368870e-02	7.728249572479747864e-02
1.216215431712937971e+03	2.456047237654347126e-01	1.592194577339159645e-01	2.590533663095002659e-01	1.548079876979526204e-01	7.359936662442582989e-02	3.038244250943408081e-02	7.733265535917947797e-02
1.217666762777034819e+03	2.454048396212384353e-01	1.590910644467910806e-01	2.591963830852367368e-01	1.548882851971084829e-01	7.363246439863711801e-02	3.040423329949547629e-02	7.738272995133560483e-02
1.219118093841131440e+03	2.452052991352563216e-01	1.589628861346817357e-01	2.593391579240554856e-01	1.549684343932087593e-01	7.366550635138308101e-02	3.042599641401868421e-02	7.743271964723881517e-02
1.220569424905228061e+03	2.450061017155499010e-01	1.588349224368607315e-01	2.594816912328708480e-01	1.550484355729233876e-01	7.369849257841602774e-02	3.044773187061110623e-02	7.748262459261090473e-02
1.222020755969324682e+03	2.448072467712062994e-01	1.587071729932064412e-01	2.596239834179124295e-01	1.551282890223459610e-01	7.373142317530261003e-02	3.046943968694626817e-02	7.753244493292286987e-02
1.223472087033421303e+03	2.446087337123367955e-01	1.585796374442018652e-01	2.597660348847262157e-01	1.552079950269948661e-01	7.376429823742444714e-02	3.049111988076336210e-02	7.758218081339533778e-02
1.224923418097517697e+03	2.444105619500748228e-01	1.584523154309335213e-01	2.599078460381758493e-01	1.552875538718142545e-01	7.379711785997876416e-02	3.051277246986679875e-02	7.763183237899894118e-02
1.226374749161614318e+03	2.442127308965741928e-01	1.583252065950905285e-01	2.600494172824435180e-01	1.553669658411753474e-01	7.382988213797897492e-02	3.053439747212575647e-02	7.768139977445466526e-02
1.227826080225710712e+03	2.440152399650073189e-01	1.581983105789634969e-01	2.601907490210314533e-01	1.554462312188773232e-01	7.386259116625534804e-02	3.055599490547372676e-02	7.773088314423426404e-02
1.229277411289807560e+03	2.438180885695634958e-01	1.580716270254435840e-01	2.603318416567628191e-01	1.555253502881486505e-01	7.389524503945560374e-02	3.057756478790807364e-02	7.778028263256066277e-02
1.230728742353903954e+03	2.436212761254469561e-01	1.579451555780214678e-01	2.604726955917829878e-01	1.556043233316480590e-01	7.392784385204549669e-02	3.059910713748957567e-02	7.782959838340830494e-02
1.232180073418000802e+03	2.434248020488752884e-01	1.578188958807863473e-01	2.606133112275605401e-01	1.556831506314656499e-01	7.396038769830942661e-02	3.062062197234200964e-02	7.787883054050355469e-02
1.233631404482097196e+03	2.432286657570774113e-01	1.576928475784249162e-01	2.607536889648886524e-01	1.557618324691239786e-01	7.399287667235107668e-02	3.064210931065168564e-02	7.792797924732509929e-02
1.235082735546193817e+03	2.430328666682920191e-01	1.575670103162203628e-01	2.608938292038858742e-01	1.558403691255792478e-01	7.402531086809395477e-02	3.066356917066702034e-02	7.797704464710430994e-02
1.236534066610290438e+03	2.428374042017656387e-01	1.574413837400514549e-01	2.610337323439976820e-01	1.559187608812224179e-01	7.405769037928197629e-02	3.068500157069809983e-02	7.802602688282563037e-02
1.237985397674387059e+03	2.426422777777509920e-01	1.573159674963913179e-01	2.611733987839971460e-01	1.559970080158800954e-01	7.409001529948008868e-02	3.070640652911624247e-02	7.807492609722697929e-02
1.239436728738483680e+03	2.424474868175051367e-01	1.571907612323067416e-01	2.613128289219865397e-01	1.560751108088159200e-01	7.412228572207485433e-02	3.072778406435357906e-02	7.812374243280013897e-02
1.240888059802580301e+03	2.422530307432877172e-01	1.570657645954569026e-01	2.614520231553981167e-01	1.561530695387314815e-01	7.415450174027499175e-02	3.074913419490260535e-02	7.817247603179112991e-02
1.242339390866676695e+03	2.420589089783592163e-01	1.569409772340925047e-01	2.615909818809953880e-01	1.562308844837674848e-01	7.418666344711194460e-02	3.077045693931577952e-02	7.822112703620057172e-02
1.243790721930773088e+03	2.418651209469791785e-01	1.568163987970548623e-01	2.617297054948743429e-01	1.563085559215048326e-01	7.421877093544047843e-02	3.079175231620507464e-02	7.826969558778414104e-02
1.245242052994869937e+03	2.416716660744045175e-01	1.566920289337746797e-01	2.618681943924643374e-01	1.563860841289657078e-01	7.425082429793922190e-02	3.081302034424156927e-02	7.831818182805286299e-02
1.246693384058966330e+03	2.414785437868876561e-01	1.565678672942713012e-01	2.620064489685293152e-01	1.564634693826147116e-01	7.428282362711123576e-02	3.083426104215503116e-02	7.836658589827359689e-02
1.248144715123063179e+03	2.412857535116749164e-01	1.564439135291516014e-01	2.621444696171690847e-01	1.565407119583599183e-01	7.431476901528455414e-02	3.085547442873348700e-02	7.841490793946935545e-02
1.249596046187159800e+03	2.410932946770046048e-01	1.563201672896089856e-01	2.622822567318200959e-01	1.566178121315539296e-01	7.434666055461276735e-02	3.087666052282280610e-02	7.846314809241969335e-02
1.251047377251256421e+03	2.409011667121054301e-01	1.561966282274224460e-01	2.624198107052569950e-01	1.566947701769950685e-01	7.437849833707550762e-02	3.089781934332630139e-02	7.851130649766112357e-02
1.252498708315352815e+03	2.407093690471946157e-01	1.560732959949555632e-01	2.625571319295933459e-01	1.567715863689284339e-01	7.441028245447905975e-02	3.091895090920430272e-02	7.855938329548747823e-02
1.253950039379449436e+03	2.405179011134762901e-01	1.559501702451555893e-01	2.626942207962831288e-01	1.568482609810469552e-01	7.444201299845684683e-02	3.094005523947375783e-02	7.860737862595033876e-02
1.255401370443546057e+03	2.403267623431396827e-01	1.558272506315522554e-01	2.628310776961212958e-01	1.569247942864924750e-01	7.447369006046998530e-02	3.096113235320781601e-02	7.865529262885936901e-02
1.256852701507642678e+03	2.401359521693574306e-01	1.557045368082571046e-01	2.629677030192454357e-01	1.570011865578569421e-01	7.450531373180782624e-02	3.098218226953542917e-02	7.870312544378270381e-02
1.258304032571739299e+03	2.399454700262838303e-01	1.555820284299622713e-01	2.631040971551366070e-01	1.570774380671833004e-01	7.453688410358845495e-02	3.100320500764094586e-02	7.875087721004740693e-02
1.259755363635835920e+03	2.397553153490530886e-01	1.554597251519396206e-01	2.632402604926205592e-01	1.571535490859667927e-01	7.456840126675923219e-02	3.102420058676370884e-02	7.879854806673974865e-02
1.261206694699932314e+03	2.395654875737776857e-01	1.553376266300396935e-01	2.633761934198687871e-01	1.572295198851559606e-01	7.459986531209732152e-02	3.104516902619765956e-02	7.884613815270569148e-02
1.262658025764028707e+03	2.393759861375465425e-01	1.552157325206908745e-01	2.635118963243995305e-01	1.573053507351536151e-01	7.463127633021018892e-02	3.106611034529093221e-02	7.889364760655118158e-02
1.264109356828125556e+03	2.391868104784234117e-01	1.550940424808982254e-01	2.636473695930789396e-01	1.573810419058181143e-01	7.466263441153613012e-02	3.108702456344546866e-02	7.894107656664262063e-02
1.265560687892221949e+03	2.389979600354450451e-01	1.549725561682426533e-01	2.637826136121222964e-01	1.574565936664643062e-01	7.469393964634472860e-02	3.110791170011661944e-02	7.898842517110721273e-02
1.267012018956318798e+03	2.388094342486196675e-01	1.548512732408800219e-01	2.639176287670949583e-01	1.575320062858646675e-01	7.472519212473743844e-02	3.112877177481275168e-02	7.903569355783333916e-02
1.268463350020415419e+03	2.386212325589251448e-01	1.547301933575399024e-01	2.640524154429135240e-01	1.576072800322503298e-01	7.475639193664802840e-02	3.114960480709485710e-02	7.908288186447098855e-02
1.269914681084511813e+03	2.384333544083072354e-01	1.546093161775249358e-01	2.641869740238469433e-01	1.576824151733123014e-01	7.478753917184310929e-02	3.117041081657617729e-02	7.912999022843207608e-02
1.271366012148608434e+03	2.382457992396780355e-01	1.544886413607095554e-01	2.643213048935175724e-01	1.577574119762022997e-01	7.481863391992261969e-02	3.119118982292180473e-02	7.917701878689088757e-02
1.272817343212705055e+03	2.380585664969141757e-01	1.543681685675393489e-01	2.644554084349021172e-01	1.578322707075340281e-01	7.484967627032028392e-02	3.121194184584830458e-02	7.922396767678442642e-02
1.274268674276801676e+03	2.378716556248551550e-01	1.542478974590298368e-01	2.645892850303331323e-01	1.579069916333842027e-01	7.488066631230413939e-02	3.123266690512332966e-02	7.927083703481280219e-02
1.275720005340898297e+03	2.376850660693016759e-01	1.541278276967656680e-01	2.647229350614996868e-01	1.579815750192935520e-01	7.491160413497702231e-02	3.125336502056524912e-02	7.931762699743966083e-02
1.277171336404994690e+03	2.374987972770139510e-01	1.540079589428996198e-01	2.648563589094486415e-01	1.580560211302680096e-01	7.494248982727703956e-02	3.127403621204274953e-02	7.936433770089251771e-02
1.278622667469091539e+03	2.373128486957099548e-01	1.538882908601516275e-01	2.649895569545855922e-01	1.581303302307796588e-01	7.497332347797802665e-02	3.129468049947448788e-02	7.941096928116316012e-02
1.280073998533187932e+03	2.371272197740638688e-01	1.537688231118078119e-01	2.651225295766762025e-01	1.582045025847678699e-01	7.500410517569004731e-02	3.131529790282869957e-02	7.945752187400802191e-02
1.281525329597284326e+03	2.369419099617042779e-01	1.536495553617195364e-01	2.652552771548469801e-01	1.582785384556404107e-01	7.503483500885983759e-02	3.133588844212282370e-02	7.950399561494857215e-02
1.282976660661381175e+03	2.367569187092125604e-01	1.535304872743025739e-01	2.653878000675867210e-01	1.583524381062743902e-01	7.506551306577130545e-02	3.135645213742314918e-02	7.955039063927173137e-02
1.284427991725477568e+03	2.365722454681212783e-01	1.534116185145360245e-01	2.655200986927471196e-01	1.584262017990173965e-01	7.509613943454598872e-02	3.137698900884441922e-02	7.959670708203019085e-02
1.285879322789574417e+03	2.363878896909123450e-01	1.532929487479613440e-01	2.656521734075443231e-01	1.584998297956885793e-01	7.512671420314349924e-02	3.139749907654949823e-02	7.964294507804285661e-02
1.287330653853671038e+03	2.362038508310154994e-01	1.531744776406815667e-01	2.657840245885594865e-01	1.585733223575796769e-01	7.515723745936198075e-02	3.141798236074897638e-02	7.968910476189522418e-02
1.288781984917767431e+03	2.360201283428066399e-01	1.530562048593601676e-01	2.659156526117403274e-01	1.586466797454561539e-01	7.518770929083856691e-02	3.143843888170082257e-02	7.973518626793968389e-02
1.290233315981864052e+03	2.358367216816060763e-01	1.529381300712202851e-01	2.660470578524020135e-01	1.587199022195580622e-01	7.521812978504986702e-02	3.145886865971001672e-02	7.978118973029602046e-02
