1.001418434226643626e+03	2.793669503048311631e-01	1.807651448963213114e-01	2.349759621878572680e-01	1.411262897833148178e-01	6.802934536706189972e-02	2.684007878455174287e-02	6.889622867590694533e-02
1.003837319333471214e+03	2.789376549437890263e-01	1.804908062348596909e-01	2.352818774219608278e-01	1.413024847264239270e-01	6.810026591623551118e-02	2.688339126020840991e-02	6.900351949636773785e-02
1.006256204440298802e+03	2.785095889616599485e-01	1.802172338244586447e-01	2.355869311270873956e-01	1.414781312642190425e-01	6.817098507117569373e-02	2.692662273347996849e-02	6.911050701776441652e-02
1.008675089547126618e+03	2.780827488265139036e-01	1.799444255211754551e-01	2.358911257190096089e-01	1.416532311709877145e-01	6.824150345010394914e-02	2.696977321222050403e-02	6.921719209983391574e-02
1.011093974653954206e+03	2.776571310166706108e-01	1.796723791870688258e-01	2.361944636067219994e-01	1.418277862153768387e-01	6.831182166840520098e-02	2.701284270555171299e-02	6.932357560004988317e-02
1.013512859760782021e+03	2.772327320206685042e-01	1.794010926901821179e-01	2.364969471924597832e-01	1.420017981604028146e-01	6.838194033865795107e-02	2.705583122384981262e-02	6.942965837362408132e-02
1.015931744867609382e+03	2.768095483372342569e-01	1.791305639045265019e-01	2.367985788717181517e-01	1.421752687634617596e-01	6.845186007066385303e-02	2.709873877873260339e-02	6.953544127350791415e-02
1.018350629974437197e+03	2.763875764752521391e-01	1.788607907100643879e-01	2.370993610332709500e-01	1.423481997763400009e-01	6.852158147147685563e-02	2.714156538304667715e-02	6.964092515039400910e-02
1.020769515081264785e+03	2.759668129537333758e-01	1.785917709926926333e-01	2.373992960591896906e-01	1.425205929452247888e-01	6.859110514543176329e-02	2.718431105085474669e-02	6.974611085271803512e-02
1.023188400188092373e+03	2.755472543017858933e-01	1.783235026442259452e-01	2.376983863248623707e-01	1.426924500107148996e-01	6.866043169417235248e-02	2.722697579742311413e-02	6.985099922666043737e-02
1.025607285294920075e+03	2.751288970585839544e-01	1.780559835623803933e-01	2.379966341990121803e-01	1.428637727078317932e-01	6.872956171667901626e-02	2.726955963920929885e-02	6.995559111614839398e-02
1.028026170401747549e+03	2.747117377733379606e-01	1.777892116507567288e-01	2.382940420437162921e-01	1.430345627660305208e-01	6.879849580929593700e-02	2.731206259384974869e-02	7.005988736285781449e-02
1.030445055508575479e+03	2.742957730052644205e-01	1.775231848188240646e-01	2.385906122144246522e-01	1.432048219092110497e-01	6.886723456575770397e-02	2.735448468014772816e-02	7.016388880621543533e-02
1.032863940615402726e+03	2.738809993235558626e-01	1.772579009819033602e-01	2.388863470599782712e-01	1.433745518557296428e-01	6.893577857721559787e-02	2.739682591806130718e-02	7.026759628340105424e-02
1.035282825722230655e+03	2.734674133073511371e-01	1.769933580611509905e-01	2.391812489226281535e-01	1.435437543184102938e-01	6.900412843226333415e-02	2.743908632869147823e-02	7.037101062934973672e-02
1.037701710829058356e+03	2.730550115457054394e-01	1.767295539835425366e-01	2.394753201380535879e-01	1.437124310045564679e-01	6.907228471696247318e-02	2.748126593427042269e-02	7.047413267675421700e-02
1.040120595935886058e+03	2.726437906375608899e-01	1.764664866818562994e-01	2.397685630353806885e-01	1.438805836159628426e-01	6.914024801486727545e-02	2.752336475814985695e-02	7.057696325606731269e-02
1.042539481042713533e+03	2.722337471917167240e-01	1.762041540946572282e-01	2.400609799372007969e-01	1.440482138489271036e-01	6.920801890704923742e-02	2.756538282478953814e-02	7.067950319550449223e-02
1.044958366149541234e+03	2.718248778268000931e-01	1.759425541662806014e-01	2.403525731595888282e-01	1.442153233942621848e-01	6.927559797212115567e-02	2.760732015974586701e-02	7.078175332104644224e-02
1.047377251256368709e+03	2.714171791712363113e-01	1.756816848468159831e-01	2.406433450121216178e-01	1.443819139373081761e-01	6.934298578626074683e-02	2.764917678966062262e-02	7.088371445644173208e-02
1.049796136363196410e+03	2.710106478632199889e-01	1.754215440920909030e-01	2.409332977978961565e-01	1.445479871579446740e-01	6.941018292323405947e-02	2.769095274224980113e-02	7.098538742320958939e-02
1.052215021470024112e+03	2.706052805506856673e-01	1.751621298636550361e-01	2.412224338135476875e-01	1.447135447306032163e-01	6.947718995441824752e-02	2.773264804629257951e-02	7.108677304064270341e-02
1.054633906576851814e+03	2.702010738912788979e-01	1.749034401287639651e-01	2.415107553492680803e-01	1.448785883242795780e-01	6.954400744882408003e-02	2.777426273162037981e-02	7.118787212581013935e-02
1.057052791683679516e+03	2.697980245523270426e-01	1.746454728603633599e-01	2.417982646888237330e-01	1.450431196025464553e-01	6.961063597311813178e-02	2.781579682910605839e-02	7.128868549356029427e-02
1.059471676790506763e+03	2.693961292108106309e-01	1.743882260370729353e-01	2.420849641095737526e-01	1.452071402235661224e-01	6.967707609164451588e-02	2.785725037065319917e-02	7.138921395652390867e-02
1.061890561897334692e+03	2.689953845533344934e-01	1.741316976431706021e-01	2.423708558824878290e-01	1.453706518401031711e-01	6.974332836644626943e-02	2.789862338918551107e-02	7.148945832511716114e-02
1.064309447004162394e+03	2.685957872760990628e-01	1.738758856685766740e-01	2.426559422721643322e-01	1.455336560995373618e-01	6.980939335728639228e-02	2.793991591863633980e-02	7.158941940754483257e-02
1.066728332110990095e+03	2.681973340848719523e-01	1.736207881088378813e-01	2.429402255368480756e-01	1.456961546438766408e-01	6.987527162166859429e-02	2.798112799393827690e-02	7.168909800980355351e-02
1.069147217217817570e+03	2.678000216949593115e-01	1.733664029651118543e-01	2.432237079284482739e-01	1.458581491097700189e-01	6.994096371485758468e-02	2.802225965101289365e-02	7.178849493568506546e-02
1.071566102324645271e+03	2.674038468311774053e-01	1.731127282441512760e-01	2.435063916925562788e-01	1.460196411285208384e-01	7.000647018989912540e-02	2.806331092676053740e-02	7.188761098677950989e-02
1.073984987431472746e+03	2.670088062278245800e-01	1.728597619582881717e-01	2.437882790684632872e-01	1.461806323260998741e-01	7.007179159763975151e-02	2.810428185905027715e-02	7.198644696247889774e-02
1.076403872538300675e+03	2.666148966286528976e-01	1.726075021254184494e-01	2.440693722891781603e-01	1.463411243231587666e-01	7.013692848674608904e-02	2.814517248670990804e-02	7.208500365998053716e-02
1.078822757645127922e+03	2.662221147868400473e-01	1.723559467689861624e-01	2.443496735814449927e-01	1.465011187350431232e-01	7.020188140372396468e-02	2.818598284951609467e-02	7.218328187429050302e-02
1.081241642751955851e+03	2.658304574649612007e-01	1.721050939179680217e-01	2.446291851657606542e-01	1.466606171718061180e-01	7.026665089293709920e-02	2.822671298818456645e-02	7.228128239822723122e-02
1.083660527858783553e+03	2.654399214349613678e-01	1.718549416068578806e-01	2.449079092563924975e-01	1.468196212382219257e-01	7.033123749662557878e-02	2.826736294436044475e-02	7.237900602242512693e-02
1.086079412965611255e+03	2.650505034781275859e-01	1.716054878756513857e-01	2.451858480613956781e-01	1.469781325337993216e-01	7.039564175492402098e-02	2.830793276060864991e-02	7.247645353533821444e-02
1.088498298072438729e+03	2.646622003850607752e-01	1.713567307698304343e-01	2.454630037826306954e-01	1.471361526527952546e-01	7.045986420587938004e-02	2.834842248040440882e-02	7.257362572324382866e-02
1.090917183179266431e+03	2.642750089556487048e-01	1.711086683403479081e-01	2.457393786157808235e-01	1.472936831842285299e-01	7.052390538546852994e-02	2.838883214812385272e-02	7.267052337024638986e-02
1.093336068286093905e+03	2.638889259990380154e-01	1.708612986436122139e-01	2.460149747503694029e-01	1.474507257118935488e-01	7.058776582761557006e-02	2.842916180903469481e-02	7.276714725828122010e-02
1.095754953392921607e+03	2.635039483336067967e-01	1.706146197414722399e-01	2.462897943697772152e-01	1.476072818143742138e-01	7.065144606420881157e-02	2.846941150928702230e-02	7.286349816711834571e-02
1.098173838499749309e+03	2.631200727869374423e-01	1.703686297012018958e-01	2.465638396512596364e-01	1.477633530650576399e-01	7.071494662511748630e-02	2.850958129590414405e-02	7.295957687436641081e-02
1.100592723606577010e+03	2.627372961957892272e-01	1.701233265954850693e-01	2.468371127659638731e-01	1.479189410321480880e-01	7.077826803820827517e-02	2.854967121677357347e-02	7.305538415547663256e-02
1.103011608713404712e+03	2.623556154060710521e-01	1.698787085024003052e-01	2.471096158789461150e-01	1.480740472786810091e-01	7.084141082936148970e-02	2.858968132063803916e-02	7.315092078374668683e-02
1.105430493820231959e+03	2.619750272728145757e-01	1.696347735054059280e-01	2.473813511491887995e-01	1.482286733625368946e-01	7.090437552248701758e-02	2.862961165708663089e-02	7.324618753032481611e-02
1.107849378927059888e+03	2.615955286601471252e-01	1.693915196933247769e-01	2.476523207296174034e-01	1.483828208364555146e-01	7.096716263954003234e-02	2.866946227654600804e-02	7.334118516421381240e-02
1.110268264033887590e+03	2.612171164412645519e-01	1.691489451603293004e-01	2.479225267671176514e-01	1.485364912480498512e-01	7.102977270053645320e-02	2.870923323027169474e-02	7.343591445227513892e-02
1.112687149140715292e+03	2.608397874984046405e-01	1.689070480059265689e-01	2.481919714025524193e-01	1.486896861398202818e-01	7.109220622356816899e-02	2.874892457033945831e-02	7.353037615923303794e-02
1.115106034247542766e+03	2.604635387228204646e-01	1.686658263349432307e-01	2.484606567707786096e-01	1.488424070491687345e-01	7.115446372481801229e-02	2.878853634963676744e-02	7.362457104767868021e-02
1.117524919354370468e+03	2.600883670147534632e-01	1.684252782575107188e-01	2.487285850006640819e-01	1.489946555084129542e-01	7.121654571857451155e-02	2.882806862185433375e-02	7.371849987807438387e-02
1.119943804461197942e+03	2.597142692834070177e-01	1.681854018890504010e-01	2.489957582151045012e-01	1.491464330448006859e-01	7.127845271724636556e-02	2.886752144147772259e-02	7.381216340875780546e-02
1.122362689568025871e+03	2.593412424469198618e-01	1.679461953502586480e-01	2.492621785310399907e-01	1.492977411805239407e-01	7.134018523137679313e-02	2.890689486377906806e-02	7.390556239594618659e-02
1.124781574674853118e+03	2.589692834323398252e-01	1.677076567670921781e-01	2.495278480594719517e-01	1.494485814327333739e-01	7.140174376965760517e-02	2.894618894480883303e-02	7.399869759374071154e-02
1.127200459781681047e+03	2.585983891755974651e-01	1.674697842707532913e-01	2.497927689054797451e-01	1.495989553135525230e-01	7.146312883894301304e-02	2.898540374138766640e-02	7.409156975413075386e-02
1.129619344888508749e+03	2.582285566214798656e-01	1.672325759976751869e-01	2.500569431682372334e-01	1.497488643300921851e-01	7.152434094426332600e-02	2.902453931109833310e-02	7.418417962699824786e-02
1.132038229995336451e+03	2.578597827236042694e-01	1.669960300895073357e-01	2.503203729410296008e-01	1.498983099844649336e-01	7.158538058883841260e-02	2.906359571227771013e-02	7.427652796012206016e-02
1.134457115102163925e+03	2.574920644443924878e-01	1.667601446931007703e-01	2.505830603112694788e-01	1.500472937737993839e-01	7.164624827409084296e-02	2.910257300400887620e-02	7.436861549918238889e-02
1.136876000208991627e+03	2.571253987550444764e-01	1.665249179604936514e-01	2.508450073605139607e-01	1.501958171902546824e-01	7.170694449965900330e-02	2.914147124611324302e-02	7.446044298776521853e-02
1.139294885315819101e+03	2.567597826355127455e-01	1.662903480488966412e-01	2.511062161644804780e-01	1.503438817210349387e-01	7.176746976340994677e-02	2.918029049914279416e-02	7.455201116736669131e-02
1.141713770422646803e+03	2.563952130744762137e-01	1.660564331206784705e-01	2.513666887930637861e-01	1.504914888484037705e-01	7.182782456145198058e-02	2.921903082437236204e-02	7.464332077739768700e-02
1.144132655529474505e+03	2.560316870693147839e-01	1.658231713433515053e-01	2.516264273103517302e-01	1.506386400496987077e-01	7.188800938814721153e-02	2.925769228379199866e-02	7.473437255518824984e-02
1.146551540636302207e+03	2.556692016260836975e-01	1.655905608895573145e-01	2.518854337746421201e-01	1.507853367973457370e-01	7.194802473612371685e-02	2.929627494009941560e-02	7.482516723599218211e-02
1.148970425743129908e+03	2.553077537594878876e-01	1.653585999370522364e-01	2.521437102384584961e-01	1.509315805588738180e-01	7.200787109628774274e-02	2.933477885669246582e-02	7.491570555299151279e-02
1.151389310849957155e+03	2.549473404928563336e-01	1.651272866686932794e-01	2.524012587485667258e-01	1.510773727969294267e-01	7.206754895783554216e-02	2.937320409766173285e-02	7.500598823730110498e-02
1.153808195956785084e+03	2.545879588581168584e-01	1.648966192724235780e-01	2.526580813459909924e-01	1.512227149692911554e-01	7.212705880826517091e-02	2.941155072778315824e-02	7.509601601797323556e-02
1.156227081063612786e+03	2.542296058957708160e-01	1.646665959412582092e-01	2.529141800660299477e-01	1.513676085288841455e-01	7.218640113338800623e-02	2.944981881251074185e-02	7.518578962200220261e-02
1.158645966170440488e+03	2.538722786548678889e-01	1.644372148732702321e-01	2.531695569382726996e-01	1.515120549237947978e-01	7.224557641734018210e-02	2.948800841796931499e-02	7.527530977432897452e-02
1.161064851277267962e+03	2.535159741929807753e-01	1.642084742715761714e-01	2.534242139866149102e-01	1.516560555972852331e-01	7.230458514259383018e-02	2.952611961094737600e-02	7.536457719784578346e-02
1.163483736384095664e+03	2.531606895761801534e-01	1.639803723443221117e-01	2.536781532292750052e-01	1.517996119878078920e-01	7.236342778996815439e-02	2.956415245888997789e-02	7.545359261340083001e-02
1.165902621490923138e+03	2.528064218790097017e-01	1.637529073046695427e-01	2.539313766788097171e-01	1.519427255290202172e-01	7.242210483864029713e-02	2.960210702989170273e-02	7.554235673980294608e-02
1.168321506597751068e+03	2.524531681844611741e-01	1.635260773707813420e-01	2.541838863421302941e-01	1.520853976497991145e-01	7.248061676615616400e-02	2.963998339268966373e-02	7.563087029382628557e-02
1.170740391704578315e+03	2.521009255839497532e-01	1.632998807658077589e-01	2.544356842205183211e-01	1.522276297742556350e-01	7.253896404844098478e-02	2.967778161665661496e-02	7.571913399021505675e-02
1.173159276811406244e+03	2.517496911772889034e-01	1.630743157178723979e-01	2.546867723096412628e-01	1.523694233217495198e-01	7.259714715980976341e-02	2.971550177179408531e-02	7.580714854168821293e-02
1.175578161918233945e+03	2.513994620726660023e-01	1.628493804600584516e-01	2.549371525995684507e-01	1.525107797069037985e-01	7.265516657297764469e-02	2.975314392872558528e-02	7.589491465894421252e-02
1.177997047025061647e+03	2.510502353866175262e-01	1.626250732303946012e-01	2.551868270747869039e-01	1.526517003396194172e-01	7.271302275907001733e-02	2.979070815868987976e-02	7.598243305066576525e-02
1.180415932131889122e+03	2.507020082440046815e-01	1.624013922718412495e-01	2.554357977142168723e-01	1.527921866250898097e-01	7.277071618763251981e-02	2.982819453353430586e-02	7.606970442352460615e-02
1.182834817238716823e+03	2.503547777779889794e-01	1.621783358322768376e-01	2.556840664912273242e-01	1.529322399638154695e-01	7.282824732664101852e-02	2.986560312570816014e-02	7.615672948218626948e-02
1.185253702345544298e+03	2.500085411300075333e-01	1.619559021644839114e-01	2.559316353736518779e-01	1.530718617516185209e-01	7.288561664251123895e-02	2.990293400825615178e-02	7.624350892931484880e-02
1.187672587452371999e+03	2.496632954497491341e-01	1.617340895261354106e-01	2.561785063238039561e-01	1.532110533796574303e-01	7.294282460010841074e-02	2.994018725481188345e-02	7.633004346557786812e-02
1.190091472559199701e+03	2.493190378951299357e-01	1.615128961797810125e-01	2.564246812984925517e-01	1.533498162344413551e-01	7.299987166275680173e-02	2.997736293959142248e-02	7.641633378965100032e-02
1.192510357666027403e+03	2.489757656322691137e-01	1.612923203928335047e-01	2.566701622490377144e-01	1.534881516978448823e-01	7.305675829224897444e-02	3.001446113738691704e-02	7.650238059822297987e-02
1.194929242772855105e+03	2.486334758354650509e-01	1.610723604375550733e-01	2.569149511212857062e-01	1.536260611471225446e-01	7.311348494885508420e-02	3.005148192356024012e-02	7.658818458600036294e-02
1.197348127879682352e+03	2.482921656871711902e-01	1.608530145910438414e-01	2.571590498556245996e-01	1.537635459549233363e-01	7.317005209133191357e-02	3.008842537403673759e-02	7.667374644571239850e-02
1.199767012986510281e+03	2.479518323779721090e-01	1.606342811352202138e-01	2.574024603869995986e-01	1.539006074893052856e-01	7.322646017693190679e-02	3.012529156529899707e-02	7.675906686811588553e-02
1.202185898093337983e+03	2.476124731065597329e-01	1.604161583568134986e-01	2.576451846449281935e-01	1.540372471137499699e-01	7.328270966141196829e-02	3.016208057438067233e-02	7.684414654199998862e-02
1.204604783200165684e+03	2.472740850797095491e-01	1.601986445473482790e-01	2.578872245535154262e-01	1.541734661871770329e-01	7.333880099904220573e-02	3.019879247886037010e-02	7.692898615419113684e-02
1.207023668306993159e+03	2.469366655122568199e-01	1.599817380031311187e-01	2.581285820314692114e-01	1.543092660639587554e-01	7.339473464261458968e-02	3.023542735685559243e-02	7.701358638955792257e-02
1.209442553413820860e+03	2.466002116270731015e-01	1.597654370252371281e-01	2.583692589921153249e-01	1.544446480939343780e-01	7.345051104345141912e-02	3.027198528701671720e-02	7.709794793101590327e-02
1.211861438520648335e+03	2.462647206550425960e-01	1.595497399194966137e-01	2.586092573434126685e-01	1.545796136224247830e-01	7.350613065141371749e-02	3.030846634852103760e-02	7.718207145953252801e-02
1.214280323627476264e+03	2.459301898350386706e-01	1.593346449964817280e-01	2.588485789879682586e-01	1.547141639902468169e-01	7.356159391490951771e-02	3.034487062106685021e-02	7.726595765413203643e-02
1.216699208734303511e+03	2.455966164139005148e-01	1.591201505714932851e-01	2.590872258230522696e-01	1.548483005337277507e-01	7.361690128090207785e-02	3.038119818486760548e-02	7.734960719190031586e-02
1.219118093841131440e+03	2.452639976464097427e-01	1.589062549645473832e-01	2.593251997406129661e-01	1.549820245847198241e-01	7.367205319491790250e-02	3.041744912064609299e-02	7.743302074798985579e-02
1.221536978947959142e+03	2.449323307952671058e-01	1.586929565003622755e-01	2.595625026272917468e-01	1.551153374706145671e-01	7.372705010105473633e-02	3.045362350962867865e-02	7.751619899562457727e-02
1.223955864054786844e+03	2.446016131310694564e-01	1.584802535083452979e-01	2.597991363644380214e-01	1.552482405143571220e-01	7.378189244198940511e-02	3.048972143353959052e-02	7.759914260610477343e-02
1.226374749161614318e+03	2.442718419322864321e-01	1.582681443225795459e-01	2.600351028281239762e-01	1.553807350344607596e-01	7.383658065898560108e-02	3.052574297459526020e-02	7.768185224881209161e-02
1.228793634268442020e+03	2.439430144852374749e-01	1.580566272818109130e-01	2.602704038891595073e-01	1.555128223450212288e-01	7.389111519190154354e-02	3.056168821549870920e-02	7.776432859121430730e-02
1.231212519375269494e+03	2.436151280840689604e-01	1.578457007294349623e-01	2.605050414131068748e-01	1.556445037557310229e-01	7.394549647919754221e-02	3.059755723943397010e-02	7.784657229887036178e-02
1.233631404482097196e+03	2.432881800307311604e-01	1.576353630134840478e-01	2.607390172602955247e-01	1.557757805718936739e-01	7.399972495794351901e-02	3.063335013006057359e-02	7.792858403543520551e-02
1.236050289588924898e+03	2.429621676349554560e-01	1.574256124866141027e-01	2.609723332858367439e-01	1.559066540944381851e-01	7.405380106382629390e-02	3.066906697150807021e-02	7.801036446266473856e-02
1.238469174695752372e+03	2.426370882142315499e-01	1.572164475060918720e-01	2.612049913396385370e-01	1.560371256199332424e-01	7.410772523115698174e-02	3.070470784837060069e-02	7.809191424042077889e-02
1.240888059802580301e+03	2.423129390937848460e-01	1.570078664337819507e-01	2.614369932664198370e-01	1.561671964406013968e-01	7.416149789287812544e-02	3.074027284570151133e-02	7.817323402667590571e-02
1.243306944909407548e+03	2.419897176065537725e-01	1.567998676361338772e-01	2.616683409057252718e-01	1.562968678443333592e-01	7.421511948057084307e-02	3.077576204900801804e-02	7.825432447751845544e-02
1.245725830016235477e+03	2.416674210931671340e-01	1.565924494841693659e-01	2.618990360919397076e-01	1.564261411147022385e-01	7.426859042446183612e-02	3.081117554424589802e-02	7.833518624715739287e-02
1.248144715123063179e+03	2.413460469019217958e-01	1.563856103534694009e-01	2.621290806543027374e-01	1.565550175309776693e-01	7.432191115343034227e-02	3.084651341781426484e-02	7.841581998792729324e-02
1.250563600229890881e+03	2.410255923887602014e-01	1.561793486241615236e-01	2.623584764169231698e-01	1.566834983681400506e-01	7.437508209501500489e-02	3.088177575655032606e-02	7.849622635029317175e-02
1.252982485336718355e+03	2.407060549172479191e-01	1.559736626809071769e-01	2.625872251987934058e-01	1.568115848968945902e-01	7.442810367542063155e-02	3.091696264772425193e-02	7.857640598285554889e-02
1.255401370443546057e+03	2.403874318585515202e-01	1.557685509128888812e-01	2.628153288138034838e-01	1.569392783836854599e-01	7.448097631952489694e-02	3.095207417903403369e-02	7.865635953235523836e-02
1.257820255550373531e+03	2.400697205914163190e-01	1.555640117137976619e-01	2.630427890707559557e-01	1.570665800907098397e-01	7.453370045088497653e-02	3.098711043860040773e-02	7.873608764367835688e-02
1.260239140657201460e+03	2.397529185021440856e-01	1.553600434818203646e-01	2.632696077733799322e-01	1.571934912759320735e-01	7.458627649174405516e-02	3.102207151496182494e-02	7.881559095986120922e-02
1.262658025764028707e+03	2.394370229845712572e-01	1.551566446196270821e-01	2.634957867203450155e-01	1.573200131930976020e-01	7.463870486303782192e-02	3.105695749706944425e-02	7.889487012209520089e-02
1.265076910870856636e+03	2.391220314400466507e-01	1.549538135343587197e-01	2.637213277052761762e-01	1.574461470917470074e-01	7.469098598440085390e-02	3.109176847428218871e-02	7.897392576973180645e-02
1.267495795977684338e+03	2.388079412774096744e-01	1.547515486376142280e-01	2.639462325167672430e-01	1.575718942172300296e-01	7.474312027417291671e-02	3.112650453636182576e-02	7.905275854028744054e-02
1.269914681084511813e+03	2.384947499129684012e-01	1.545498483454383620e-01	2.641705029383954462e-01	1.576972558107194167e-01	7.479510814940525110e-02	3.116116577346808580e-02	7.913136906944838456e-02
1.272333566191339514e+03	2.381824547704777251e-01	1.543487110783091365e-01	2.643941407487353512e-01	1.578222331092249964e-01	7.484695002586666535e-02	3.119575227615384652e-02	7.920975799107568549e-02
1.274752451298167216e+03	2.378710532811177392e-01	1.541481352611252797e-01	2.646171477213728473e-01	1.579468273456073601e-01	7.489864631804972472e-02	3.123026413536031734e-02	7.928792593721009641e-02
1.277171336404994690e+03	2.375605428834719202e-01	1.539481193231941880e-01	2.648395256249193030e-01	1.580710397485919350e-01	7.495019743917674671e-02	3.126470144241230015e-02	7.936587353807694756e-02
1.279590221511822392e+03	2.372509210235056176e-01	1.537486616982191856e-01	2.650612762230254438e-01	1.581948715427826668e-01	7.500160380120576842e-02	3.129906428901346738e-02	7.944360142209105913e-02
1.282009106618650094e+03	2.369421851545444879e-01	1.535497608242875345e-01	2.652824012743953963e-01	1.583183239486759541e-01	7.505286581483645858e-02	3.133335276724167479e-02	7.952111021586168171e-02
1.284427991725477568e+03	2.366343327372529559e-01	1.533514151438579998e-01	2.655029025328003445e-01	1.584413981826742757e-01	7.510398388951597393e-02	3.136756696954434709e-02	7.959840054419732580e-02
1.286846876832305497e+03	2.363273612396128431e-01	1.531536231037485540e-01	2.657227817470925735e-01	1.585640954571000405e-01	7.515495843344466298e-02	3.140170698873382543e-02	7.967547303011070225e-02
1.289265761939132744e+03	2.360212681369021070e-01	1.529563831551243869e-01	2.659420406612190702e-01	1.586864169802092994e-01	7.520578985358185309e-02	3.143577291798287099e-02	7.975232829482356567e-02
1.291684647045960673e+03	2.357160509116733860e-01	1.527596937534855814e-01	2.661606810142356783e-01	1.588083639562053451e-01	7.525647855565147093e-02	3.146976485082007141e-02	7.982896695777165486e-02
1.294103532152788375e+03	2.354117070537329326e-01	1.525635533586549297e-01	2.663787045403203657e-01	1.589299375852524510e-01	7.530702494414763526e-02	3.150368288112539994e-02	7.990538963660949456e-02
1.296522417259616077e+03	2.351082340601193255e-01	1.523679604347659144e-01	2.665961129687872688e-01	1.590511390634894162e-01	7.535742942234020803e-02	3.153752710312571900e-02	7.998159694721533597e-02
1.298941302366443551e+03	2.348056294350825135e-01	1.521729134502506631e-01	2.668129080241001816e-01	1.591719695830432213e-01	7.540769239228019283e-02	3.157129761139038093e-02	8.005758950369601390e-02
1.301360187473271253e+03	2.345038906900626385e-01	1.519784108778278742e-01	2.670290914258862669e-01	1.592924303320425450e-01	7.545781425480523052e-02	3.160499450082685652e-02	8.013336791839176243e-02
1.303779072580098727e+03	2.342030153436692463e-01	1.517844511944907715e-01	2.672446648889494902e-01	1.594125224946312813e-01	7.550779540954492830e-02	3.163861786667637038e-02	8.020893280188109986e-02
1.306197957686926657e+03	2.339030009216602479e-01	1.515910328814951691e-01	2.674596301232843309e-01	1.595322472509819733e-01	7.555763625492614710e-02	3.167216780450957114e-02	8.028428476298572758e-02
1.308616842793753904e+03	2.336038449569211861e-01	1.513981544243475641e-01	2.676739888340891049e-01	1.596516057773093855e-01	7.560733718817826132e-02	3.170564441022229174e-02	8.035942440877530402e-02
1.311035727900581833e+03	2.333055449894442801e-01	1.512058143127932297e-01	2.678877427217796758e-01	1.597705992458839097e-01	7.565689860533837685e-02	3.173904778003127508e-02	8.043435234457231575e-02
1.313454613007409534e+03	2.330080985663079973e-01	1.510140110408043079e-01	2.681008934820026113e-01	1.598892288250448601e-01	7.570632090125643809e-02	3.177237801046996213e-02	8.050906917395689311e-02
1.315873498114237009e+03	2.327115032416561535e-01	1.508227431065679580e-01	2.683134428056487830e-01	1.600074956792138514e-01	7.575560446960033500e-02	3.180563519838435632e-02	8.058357549877168124e-02
1.318292383221064711e+03	2.324157565766774014e-01	1.506320090124746713e-01	2.685253923788664121e-01	1.601254009689081770e-01	7.580474970286094072e-02	3.183881944092882554e-02	8.065787191912662801e-02
1.320711268327892412e+03	2.321208561395848025e-01	1.504418072651063365e-01	2.687367438830749466e-01	1.602429458507540760e-01	7.585375699235709368e-02	3.187193083556201512e-02	8.073195903340377177e-02
1.323130153434719887e+03	2.318267995055952879e-01	1.502521363752246375e-01	2.689474989949777184e-01	1.603601314774999453e-01	7.590262672824055201e-02	3.190496948004278160e-02	8.080583743826211252e-02
1.325549038541547588e+03	2.315335842569091473e-01	1.500629948577592854e-01	2.691576593865754874e-01	1.604769589980296340e-01	7.595135929950090625e-02	3.193793547242614050e-02	8.087950772864237192e-02
1.327967923648375290e+03	2.312412079826899614e-01	1.498743812317963331e-01	2.693672267251797092e-01	1.605934295573755166e-01	7.599995509397035331e-02	3.197082891105924862e-02	8.095297049777180898e-02
1.330386808755202765e+03	2.309496682790440625e-01	1.496862940205666848e-01	2.695762026734254690e-01	1.607095442967317322e-01	7.604841449832858147e-02	3.200364989457741421e-02	8.102622633716896616e-02
1.332805693862030694e+03	2.306589627490004402e-01	1.494987317514342162e-01	2.697845888892848598e-01	1.608253043534672300e-01	7.609673789810746103e-02	3.203639852190018344e-02	8.109927583664845729e-02
1.335224578968857941e+03	2.303690890024905347e-01	1.493116929558844230e-01	2.699923870260799164e-01	1.609407108611388970e-01	7.614492567769580444e-02	3.206907489222738522e-02	8.117211958432581087e-02
1.337643464075685870e+03	2.300800446563282531e-01	1.491251761695128464e-01	2.701995987324956605e-01	1.610557649495045762e-01	7.619297822034395984e-02	3.210167910503524541e-02	8.124475816662217464e-02
1.340062349182513572e+03	2.297918273341897910e-01	1.489391799320135268e-01	2.704062256525931462e-01	1.611704677445360834e-01	7.624089590816850170e-02	3.213421126007258433e-02	8.131719216826900631e-02
1.342481234289341273e+03	2.295044346665937318e-01	1.487537027871675133e-01	2.706122694258225603e-01	1.612848203684321968e-01	7.628867912215676894e-02	3.216667145735692401e-02	8.138942217231297238e-02
1.344900119396168748e+03	2.292178642908811181e-01	1.485687432828314558e-01	2.708177316870359341e-01	1.613988239396314806e-01	7.633632824217141677e-02	3.219905979717072042e-02	8.146144876012055558e-02
1.347319004502996449e+03	2.289321138511956066e-01	1.483842999709261423e-01	2.710226140665001893e-01	1.615124795728253015e-01	7.638384364695489925e-02	3.223137638005762334e-02	8.153327251138287046e-02
1.349737889609823924e+03	2.286471809984636228e-01	1.482003714074252021e-01	2.712269181899101822e-01	1.616257883789706806e-01	7.643122571413395183e-02	3.226362130681870166e-02	8.160489400412034022e-02
1.352156774716651853e+03	2.283630633903747376e-01	1.480169561523436983e-01	2.714306456784010280e-01	1.617387514653030878e-01	7.647847482022392118e-02	3.229579467850876573e-02	8.167631381468744289e-02
1.354575659823479100e+03	2.280797586913618780e-01	1.478340527697268314e-01	2.716337981485614228e-01	1.618513699353491819e-01	7.652559134063326163e-02	3.232789659643268282e-02	8.174753251777737428e-02
1.356994544930307029e+03	2.277972645725817036e-01	1.476516598276386427e-01	2.718363772124462452e-01	1.619636448889396896e-01	7.657257564966776786e-02	3.235992716214174114e-02	8.181855068642679418e-02
1.359413430037134731e+03	2.275155787118952333e-01	1.474697758981507456e-01	2.720383844775891014e-01	1.620755774222219781e-01	7.661942812053496032e-02	3.239188647742999999e-02	8.188936889202053093e-02
1.361832315143962205e+03	2.272346987938480278e-01	1.472883995573312232e-01	2.722398215470153149e-01	1.621871686276728231e-01	7.666614912534824855e-02	3.242377464433073703e-02	8.195998770429616109e-02
1.364251200250789907e+03	2.269546225096510383e-01	1.471075293852332488e-01	2.724406900192543612e-01	1.622984195941110375e-01	7.671273903513120551e-02	3.245559176511286781e-02	8.203040769134882504e-02
1.366670085357617609e+03	2.266753475571610943e-01	1.469271639658840389e-01	2.726409914883524688e-01	1.624093314067100169e-01	7.675919821982178648e-02	3.248733794227742083e-02	8.210062941963577887e-02
1.369088970464445310e+03	2.263968716408615578e-01	1.467473018872736956e-01	2.728407275438853308e-01	1.625199051470104239e-01	7.680552704827639521e-02	3.251901327855404727e-02	8.217065345398111287e-02
1.371507855571272785e+03	2.261191924718430890e-01	1.465679417413441599e-01	2.730398997709707620e-01	1.626301418929326226e-01	7.685172588827411666e-02	3.255061787689750297e-02	8.224048035758033115e-02
1.373926740678100487e+03	2.258423077677844948e-01	1.463890821239780815e-01	2.732385097502808002e-01	1.627400427187892240e-01	7.689779510652067218e-02	3.258215184048422058e-02	8.231011069200505625e-02
1.376345625784927961e+03	2.255662152529334386e-01	1.462107216349878835e-01	2.734365590580546956e-01	1.628496086952974653e-01	7.694373506865255508e-02	3.261361527270890959e-02	8.237954501720762268e-02
1.378764510891755890e+03	2.252909126580874832e-01	1.460328588781045767e-01	2.736340492661109569e-01	1.629588408895917273e-01	7.698954613924099966e-02	3.264500827718113535e-02	8.244878389152571208e-02
1.381183395998583137e+03	2.250163977205749399e-01	1.458554924609669901e-01	2.738309819418598967e-01	1.630677403652358304e-01	7.703522868179599192e-02	3.267633095772194685e-02	8.251782787168696065e-02
1.383602281105411066e+03	2.247426681842359941e-01	1.456786209951106970e-01	2.740273586483160662e-01	1.631763081822354688e-01	7.708078305877022474e-02	3.270758341836055294e-02	8.258667751281351110e-02
1.386021166212238768e+03	2.244697217994036653e-01	1.455022430959572177e-01	2.742231809441105783e-01	1.632845453970504790e-01	7.712620963156295584e-02	3.273876576333099170e-02	8.265533336842666168e-02
1.388440051319066470e+03	2.241975563228850443e-01	1.453263573828029731e-01	2.744184503835032651e-01	1.633924530626070237e-01	7.717150876052394914e-02	3.276987809706884830e-02	8.272379599045144583e-02
1.390858936425893944e+03	2.239261695179423917e-01	1.451509624788085984e-01	2.746131685163951119e-01	1.635000322283099161e-01	7.721668080495733277e-02	3.280092052420797294e-02	8.279206592922112862e-02
1.393277821532721646e+03	2.236555591542744026e-01	1.449760570109880353e-01	2.748073368883405809e-01	1.636072839400549150e-01	7.726172612312538768e-02	3.283189314957727506e-02	8.286014373348188355e-02
1.395696706639549120e+03	2.233857230079976108e-01	1.448016396101977632e-01	2.750009570405593795e-01	1.637142092402406046e-01	7.730664507225233628e-02	3.286279607819748982e-02	8.292802995039723346e-02
1.398115591746377049e+03	2.231166588616275426e-01	1.446277089111260294e-01	2.751940305099492279e-01	1.638208091677807454e-01	7.735143800852820051e-02	3.289362941527799317e-02	8.299572512555264403e-02
1.400534476853204296e+03	2.228483645040603700e-01	1.444542635522821639e-01	2.753865588290974609e-01	1.639270847581162371e-01	7.739610528711241000e-02	3.292439326621363765e-02	8.306322980296006186e-02
1.402953361960032225e+03	2.225808377305541208e-01	1.442813021759858372e-01	2.755785435262934624e-01	1.640330370432272755e-01	7.744064726213760463e-02	3.295508773658161611e-02	8.313054452506238312e-02
1.405372247066859927e+03	2.223140763427103872e-01	1.441088234283564029e-01	2.757699861255405449e-01	1.641386670516452873e-01	7.748506428671322888e-02	3.298571293213835298e-02	8.319766983273807481e-02
1.407791132173687402e+03	2.220480781484558686e-01	1.439368259593022392e-01	2.759608881465680508e-01	1.642439758084648371e-01	7.752935671292930653e-02	3.301626895881640961e-02	8.326460626530553244e-02
1.410210017280515103e+03	2.217828409620239416e-01	1.437653084225102018e-01	2.761512511048433427e-01	1.643489643353556184e-01	7.757352489185993794e-02	3.304675592272141721e-02	8.333135436052767353e-02
1.412628902387342805e+03	2.215183626039363973e-01	1.435942694754349935e-01	2.763410765115839052e-01	1.644536336505744434e-01	7.761756917356697760e-02	3.307717393012904461e-02	8.339791465461636466e-02
1.415047787494170507e+03	2.212546409009851500e-01	1.434237077792886450e-01	2.765303658737689463e-01	1.645579847689769004e-01	7.766148990710358690e-02	3.310752308748198675e-02	8.346428768223694561e-02
1.417466672600997981e+03	2.209916736862140296e-01	1.432536219990299120e-01	2.767191206941514992e-01	1.646620187020293169e-01	7.770528744051777292e-02	3.313780350138696013e-02	8.353047397651264250e-02
1.419885557707825683e+03	2.207294587989006851e-01	1.430840108033538671e-01	2.769073424712704123e-01	1.647657364578204997e-01	7.774896212085592728e-02	3.316801527861173299e-02	8.359647406902899480e-02
1.422304442814653157e+03	2.204679940845383490e-01	1.429148728646814914e-01	2.770950326994619517e-01	1.648691390410734481e-01	7.779251429416626784e-02	3.319815852608218321e-02	8.366228848983839339e-02
1.424723327921481086e+03	2.202072773948180462e-01	1.427462068591490718e-01	2.772821928688716242e-01	1.649722274531571220e-01	7.783594430550237753e-02	3.322823335087938396e-02	8.372791776746439651e-02
1.427142213028308333e+03	2.199473065876103306e-01	1.425780114665979870e-01	2.774688244654661129e-01	1.650750026920980162e-01	7.787925249892661828e-02	3.325823986023668938e-02	8.379336242890622621e-02
1.429561098135136262e+03	2.196880795269475495e-01	1.424102853705642158e-01	2.776549289710448232e-01	1.651774657525919010e-01	7.792243921751355884e-02	3.328817816153687575e-02	8.385862299964312594e-02
1.431979983241963964e+03	2.194295940830057745e-01	1.422430272582679567e-01	2.778405078632515957e-01	1.652796176260152849e-01	7.796550480335337485e-02	3.331804836230926187e-02	8.392370000363880145e-02
1.434398868348791666e+03	2.191718481320871492e-01	1.420762358206034415e-01	2.780255626155864745e-01	1.653814593004370725e-01	7.800844959755520724e-02	3.334785057022689181e-02	8.398859396334576455e-02
1.436817753455619140e+03	2.189148395566020422e-01	1.419099097521286379e-01	2.782100946974173650e-01	1.654829917606300271e-01	7.805127394025050680e-02	3.337758489310375248e-02	8.405330539970973236e-02
1.439236638562446842e+03	2.186585662450512835e-01	1.417440477510548136e-01	2.783941055739913573e-01	1.655842159880822895e-01	7.809397817059643421e-02	3.340725143889191479e-02	8.411783483217401269e-02
1.441655523669274316e+03	2.184030260920085398e-01	1.415786485192364885e-01	2.785775967064466063e-01	1.656851329610087298e-01	7.813656262677909359e-02	3.343685031567884131e-02	8.418218277868380617e-02
1.444074408776102018e+03	2.181482169981026620e-01	1.414137107621612210e-01	2.787605695518236559e-01	1.657857436543624385e-01	7.817902764601683541e-02	3.346638163168460384e-02	8.424634975569060547e-02
1.446493293882929493e+03	2.178941368700001713e-01	1.412492331889393382e-01	2.789430255630771516e-01	1.658860490398461063e-01	7.822137356456354551e-02	3.349584549525917027e-02	8.431033627815649745e-02
1.448912178989757422e+03	2.176407836203876622e-01	1.410852145122938883e-01	2.791249661890871647e-01	1.659860500859232646e-01	7.826360071771182314e-02	3.352524201487969840e-02	8.437414285955847915e-02
1.451331064096585123e+03	2.173881551679544555e-01	1.409216534485504546e-01	2.793063928746705171e-01	1.660857477578295827e-01	7.830570943979628384e-02	3.355457129914787145e-02	8.443777001189278764e-02
1.453749949203412370e+03	2.171362494373750285e-01	1.407585487176271355e-01	2.794873070605923826e-01	1.661851430175842470e-01	7.834770006419669586e-02	3.358383345678721960e-02	8.450121824567922990e-02
1.456168834310240300e+03	2.168850643592917793e-01	1.405958990430243860e-01	2.796677101835776114e-01	1.662842368240010082e-01	7.838957292334121363e-02	3.361302859664049708e-02	8.456448806996537393e-02
1.458587719417068001e+03	2.166345978702976793e-01	1.404337031518150813e-01	2.798476036763220542e-01	1.663830301326994499e-01	7.843132834870950032e-02	3.364215682766705934e-02	8.462757999233096184e-02
1.461006604523895703e+03	2.163848479129190372e-01	1.402719597746345526e-01	2.800269889675038315e-01	1.664815238961161459e-01	7.847296667083586419e-02	3.367121825894026088e-02	8.469049451889208713e-02
1.463425489630723177e+03	2.161358124355982346e-01	1.401106676456704558e-01	2.802058674817946571e-01	1.665797190635156522e-01	7.851448821931240885e-02	3.370021299964488792e-02	8.475323215430546897e-02
1.465844374737550879e+03	2.158874893926766014e-01	1.399498255026529747e-01	2.803842406398709963e-01	1.666776165810017474e-01	7.855589332279207249e-02	3.372914115907461180e-02	8.481579340177268500e-02
1.468263259844378354e+03	2.156398767443773457e-01	1.397894320868448559e-01	2.805621098584255013e-01	1.667752173915282854e-01	7.859718230899181979e-02	3.375800284662942852e-02	8.487817876304448728e-02
1.470682144951206283e+03	2.153929724567885118e-01	1.396294861430314171e-01	2.807394765501777800e-01	1.668725224349103531e-01	7.863835550469558400e-02	3.378679817181316769e-02	8.494038873842491011e-02
1.473101030058033530e+03	2.151467745018458277e-01	1.394699864195108052e-01	2.809163421238860536e-01	1.669695326478349839e-01	7.867941323575740331e-02	3.381552724423098066e-02	8.500242382677558606e-02
1.475519915164861459e+03	2.149012808573159128e-01	1.393109316680842258e-01	2.810927079843579257e-01	1.670662489638723713e-01	7.872035582710436297e-02	3.384419017358687720e-02	8.506428452551988151e-02
1.477938800271689161e+03	2.146564895067793188e-01	1.391523206440459237e-01	2.812685755324616510e-01	1.671626723134865267e-01	7.876118360273967611e-02	3.387278706968125525e-02	8.512597133064712940e-02
1.480357685378516862e+03	2.144123984396137383e-01	1.389941521061736074e-01	2.814439461651370156e-01	1.672588036240462150e-01	7.880189688574565365e-02	3.390131804240847924e-02	8.518748473671679255e-02
1.482776570485344337e+03	2.141690056509770179e-01	1.388364248167185122e-01	2.816188212754064946e-01	1.673546438198357522e-01	7.884249599828667410e-02	3.392978320175444457e-02	8.524882523686264091e-02
