1.001418434226643626e+03	2.794018313301050438e-01	1.807349648183877444e-01	2.349693287233065031e-01	1.411231624413019914e-01	6.803855666101037147e-02	2.683040624997083679e-02	6.890174977576206394e-02
1.002869765290740247e+03	2.791442573147498440e-01	1.805701224970782670e-01	2.351529232654136770e-01	1.412289140205676419e-01	6.808121142260334380e-02	2.685635273450539401e-02	6.896621874492635251e-02
1.004321096354836754e+03	2.788871258508125450e-01	1.804055568218281558e-01	2.353362072186447329e-01	1.413344680049449520e-01	6.812379340501557856e-02	2.688227021722119914e-02	6.903057848137741925e-02
1.005772427418933376e+03	2.786304361754600722e-01	1.802412673275726185e-01	2.355191811061812246e-01	1.414398247794319829e-01	6.816630274111576404e-02	2.690815869995718049e-02	6.909482917012571557e-02
1.007223758483029997e+03	2.783741875271870669e-01	1.800772535500290705e-01	2.357018454503229665e-01	1.415449847282808649e-01	6.820873956342228539e-02	2.693401818471046621e-02	6.915897099589178587e-02
1.008675089547126618e+03	2.781183791458136656e-01	1.799135150256956917e-01	2.358842007724893941e-01	1.416499482349986294e-01	6.825110400410530631e-02	2.695984867363541287e-02	6.922300414310635086e-02
1.010126420611223239e+03	2.778630102724828910e-01	1.797500512918502047e-01	2.360662475932210902e-01	1.417547156823481813e-01	6.829339619498900338e-02	2.698565016904267908e-02	6.928692879591039078e-02
1.011577751675319632e+03	2.776080801496582096e-01	1.795868618865485711e-01	2.362479864321813394e-01	1.418592874523491587e-01	6.833561626755361995e-02	2.701142267339826791e-02	6.935074513815524255e-02
1.013029082739416367e+03	2.773535880211215332e-01	1.794239463486236308e-01	2.364294178081574882e-01	1.419636639262787658e-01	6.837776435293764499e-02	2.703716618932260063e-02	6.941445335340272471e-02
1.014480413803512761e+03	2.770995331319704436e-01	1.792613042176837979e-01	2.366105422390624713e-01	1.420678454846729388e-01	6.841984058193985307e-02	2.706288071958958680e-02	6.947805362492527614e-02
1.015931744867609382e+03	2.768459147286160826e-01	1.790989350341117836e-01	2.367913602419363939e-01	1.421718325073270950e-01	6.846184508502137223e-02	2.708856626712570145e-02	6.954154613570599774e-02
1.017383075931706003e+03	2.765927320587805993e-01	1.789368383390632367e-01	2.369718723329478360e-01	1.422756253732970488e-01	6.850377799230776554e-02	2.711422283500906916e-02	6.960493106843888833e-02
1.018834406995802851e+03	2.763399843714949844e-01	1.787750136744655771e-01	2.371520790273953794e-01	1.423792244609001501e-01	6.854563943359097411e-02	2.713985042646854806e-02	6.966820860552883077e-02
1.020285738059899245e+03	2.760876709170966281e-01	1.786134605830165534e-01	2.373319808397091613e-01	1.424826301477160884e-01	6.858742953833135703e-02	2.716544904488282439e-02	6.973137892909184177e-02
1.021737069123995752e+03	2.758357909472268776e-01	1.784521786081829375e-01	2.375115782834522349e-01	1.425858428105879205e-01	6.862914843565971756e-02	2.719101869377952077e-02	6.979444222095518291e-02
1.023188400188092373e+03	2.755843437148290387e-01	1.782911672941994430e-01	2.376908718713220958e-01	1.426888628256229585e-01	6.867079625437917667e-02	2.721655937683429421e-02	6.985739866265748554e-02
1.024639731252188767e+03	2.753333284741454889e-01	1.781304261860671423e-01	2.378698621151520420e-01	1.427916905681938797e-01	6.871237312296712973e-02	2.724207109786994790e-02	6.992024843544887569e-02
1.026091062316285615e+03	2.750827444807157907e-01	1.779699548295524125e-01	2.380485495259127837e-01	1.428943264129395874e-01	6.875387916957720336e-02	2.726755386085554997e-02	6.998299172029118220e-02
1.027542393380382237e+03	2.748325909913742482e-01	1.778097527711854919e-01	2.382269346137138311e-01	1.429967707337662097e-01	6.879531452204110109e-02	2.729300766990555224e-02	7.004562869785803392e-02
1.028993724444478858e+03	2.745828672642475765e-01	1.776498195582592587e-01	2.384050178878048820e-01	1.430990239038482104e-01	6.883667930787049083e-02	2.731843252927892290e-02	7.010815954853506782e-02
1.030445055508575479e+03	2.743335725587525697e-01	1.774901547388280099e-01	2.385827998565773489e-01	1.432010862956292763e-01	6.887797365425887830e-02	2.734382844337827911e-02	7.017058445242006781e-02
1.031896386572671872e+03	2.740847061355938252e-01	1.773307578617060454e-01	2.387602810275658016e-01	1.433029582808232893e-01	6.891919768808342506e-02	2.736919541674901618e-02	7.023290358932310351e-02
1.033347717636768493e+03	2.738362672567611900e-01	1.771716284764665028e-01	2.389374619074494388e-01	1.434046402304154089e-01	6.896035153590672484e-02	2.739453345407846102e-02	7.029511713876679391e-02
1.034799048700865114e+03	2.735882551855278733e-01	1.770127661334399694e-01	2.391143430020534200e-01	1.435061325146631261e-01	6.900143532397870483e-02	2.741984256019501867e-02	7.035722527998637676e-02
1.036250379764961508e+03	2.733406691864479487e-01	1.768541703837134271e-01	2.392909248163503921e-01	1.436074355030971805e-01	6.904244917823830485e-02	2.744512274006731534e-02	7.041922819192995842e-02
1.037701710829058356e+03	2.730935085253538563e-01	1.766958407791286434e-01	2.394672078544619886e-01	1.437085495645226418e-01	6.908339322431528151e-02	2.747037399880337613e-02	7.048112605325866642e-02
1.039153041893154750e+03	2.728467724693545704e-01	1.765377768722811991e-01	2.396431926196601336e-01	1.438094750670199373e-01	6.912426758753195677e-02	2.749559634164977159e-02	7.054291904234684385e-02
1.040604372957251599e+03	2.726004602868328797e-01	1.763799782165191010e-01	2.398188796143684853e-01	1.439102123779459064e-01	6.916507239290488329e-02	2.752078977399080584e-02	7.060460733728225746e-02
1.042055704021347992e+03	2.723545712474434999e-01	1.762224443659414774e-01	2.399942693401640736e-01	1.440107618639347720e-01	6.920580776514662080e-02	2.754595430134766307e-02	7.066619111586627811e-02
1.043507035085444613e+03	2.721091046221102427e-01	1.760651748753974122e-01	2.401693622977783826e-01	1.441111238908992509e-01	6.924647382866740142e-02	2.757108992937761308e-02	7.072767055561404725e-02
1.044958366149541234e+03	2.718640596830243505e-01	1.759081693004845570e-01	2.403441589870991268e-01	1.442112988240315530e-01	6.928707070757676723e-02	2.759619666387317857e-02	7.078904583375475457e-02
1.046409697213637855e+03	2.716194357036419982e-01	1.757514271975480491e-01	2.405186599071714448e-01	1.443112870278044912e-01	6.932759852568524950e-02	2.762127451076133722e-02	7.085031712723177666e-02
1.047861028277734476e+03	2.713752319586817952e-01	1.755949481236790122e-01	2.406928655561993424e-01	1.444110888659725089e-01	6.936805740650603402e-02	2.764632347610270630e-02	7.091148461270292691e-02
1.049312359341831097e+03	2.711314477241228427e-01	1.754387316367135852e-01	2.408667764315473026e-01	1.445107047015727064e-01	6.940844747325650155e-02	2.767134356609073781e-02	7.097254846654064975e-02
1.050763690405927491e+03	2.708880822772024577e-01	1.752827772952313956e-01	2.410403930297414232e-01	1.446101348969259792e-01	6.944876884885989310e-02	2.769633478705093091e-02	7.103350886483222881e-02
1.052215021470024112e+03	2.706451348964136194e-01	1.751270846585545049e-01	2.412137158464710551e-01	1.447093798136380172e-01	6.948902165594691982e-02	2.772129714544003393e-02	7.109436598338003677e-02
1.053666352534120733e+03	2.704026048615032485e-01	1.749716532867461039e-01	2.413867453765900228e-01	1.448084398126004702e-01	6.952920601685723401e-02	2.774623064784526374e-02	7.115511999770172957e-02
1.055117683598217127e+03	2.701604914534695423e-01	1.748164827406092359e-01	2.415594821141183179e-01	1.449073152539919196e-01	6.956932205364106669e-02	2.777113530098351477e-02	7.121577108303049630e-02
1.056569014662313975e+03	2.699187939545598103e-01	1.746615725816854925e-01	2.417319265522431815e-01	1.450060064972790441e-01	6.960936988806074033e-02	2.779601111170058522e-02	7.127631941431523954e-02
1.058020345726410369e+03	2.696775116482683088e-01	1.745069223722539864e-01	2.419040791833207138e-01	1.451045139012176188e-01	6.964934964159218145e-02	2.782085808697040002e-02	7.133676516622089459e-02
1.059471676790506763e+03	2.694366438193340763e-01	1.743525316753298249e-01	2.420759404988772068e-01	1.452028378238537087e-01	6.968926143542643337e-02	2.784567623389424748e-02	7.139710851312858209e-02
1.060923007854603611e+03	2.691961897537386017e-01	1.741984000546631106e-01	2.422475109896105594e-01	1.453009786225247235e-01	6.972910539047114109e-02	2.787046555970001602e-02	7.145734962913589949e-02
1.062374338918700232e+03	2.689561487387037708e-01	1.740445270747376094e-01	2.424187911453916655e-01	1.453989366538604167e-01	6.976888162735207788e-02	2.789522607174142396e-02	7.151748868805711534e-02
1.063825669982796853e+03	2.687165200626893680e-01	1.738909123007694457e-01	2.425897814552658016e-01	1.454967122737841623e-01	6.980859026641451914e-02	2.791995777749727015e-02	7.157752586342346068e-02
1.065277001046893474e+03	2.684773030153911333e-01	1.737375552987060479e-01	2.427604824074540979e-01	1.455943058375139820e-01	6.984823142772472737e-02	2.794466068457068797e-02	7.163746132848335113e-02
1.066728332110990095e+03	2.682384968877384868e-01	1.735844556352246770e-01	2.429308944893548150e-01	1.456917176995635443e-01	6.988780523107143705e-02	2.796933480068838906e-02	7.169729525620265054e-02
1.068179663175086489e+03	2.680001009718923077e-01	1.734316128777314558e-01	2.431010181875447873e-01	1.457889482137434134e-01	6.992731179596720081e-02	2.799398013369993124e-02	7.175702781926489304e-02
1.069630994239183110e+03	2.677621145612427145e-01	1.732790265943599251e-01	2.432708539877808385e-01	1.458859977331621038e-01	6.996675124164977722e-02	2.801859669157696561e-02	7.181665919007160226e-02
1.071082325303279504e+03	2.675245369504069548e-01	1.731266963539700443e-01	2.434404023750010859e-01	1.459828666102272188e-01	7.000612368708364341e-02	2.804318448241251843e-02	7.187618954074247168e-02
1.072533656367376352e+03	2.672873674352271300e-01	1.729746217261466934e-01	2.436096638333264119e-01	1.460795551966465600e-01	7.004542925096121642e-02	2.806774351442025556e-02	7.193561904311568389e-02
1.073984987431472746e+03	2.670506053127680302e-01	1.728228022811987008e-01	2.437786388460617681e-01	1.461760638434292658e-01	7.008466805170431024e-02	2.809227379593375040e-02	7.199494786874814645e-02
1.075436318495569594e+03	2.668142498813150798e-01	1.726712375901574559e-01	2.439473278956975355e-01	1.462723929008868662e-01	7.012384020746544044e-02	2.811677533540576923e-02	7.205417618891576947e-02
1.076887649559666215e+03	2.665783004403720069e-01	1.725199272247757987e-01	2.441157314639111064e-01	1.463685427186345034e-01	7.016294583612919800e-02	2.814124814140755645e-02	7.211330417461372932e-02
1.078338980623762609e+03	2.663427562906587887e-01	1.723688707575267431e-01	2.442838500315678840e-01	1.464645136455920149e-01	7.020198505531355382e-02	2.816569222262811298e-02	7.217233199655673226e-02
1.079790311687859230e+03	2.661076167341093202e-01	1.722180677616023392e-01	2.444516840787230583e-01	1.465603060299850713e-01	7.024095798237114940e-02	2.819010758787349191e-02	7.223125982517931976e-02
1.081241642751955851e+03	2.658728810738695270e-01	1.720675178109123959e-01	2.446192340846226609e-01	1.466559202193462863e-01	7.027986473439060133e-02	2.821449424606609427e-02	7.229008783063610444e-02
1.082692973816052472e+03	2.656385486142949781e-01	1.719172204800833159e-01	2.447865005277051476e-01	1.467513565605163550e-01	7.031870542819781966e-02	2.823885220624397507e-02	7.234881618280207538e-02
1.084144304880149093e+03	2.654046186609488323e-01	1.717671753444567906e-01	2.449534838856025076e-01	1.468466153996453027e-01	7.035748018035720142e-02	2.826318147756012866e-02	7.240744505127286179e-02
1.085595635944245487e+03	2.651710905205996727e-01	1.716173819800887457e-01	2.451201846351419300e-01	1.469416970821934287e-01	7.039618910717296285e-02	2.828748206928181214e-02	7.246597460536503832e-02
1.087046967008342108e+03	2.649379635012193424e-01	1.714678399637480366e-01	2.452866032523469686e-01	1.470366019529326662e-01	7.043483232469033295e-02	2.831175399078984106e-02	7.252440501411638873e-02
1.088498298072438729e+03	2.647052369119809456e-01	1.713185488729152550e-01	2.454527402124389024e-01	1.471313303559475538e-01	7.047340994869683017e-02	2.833599725157791988e-02	7.258273644628619736e-02
1.089949629136535123e+03	2.644729100632564056e-01	1.711695082857815908e-01	2.456185959898380955e-01	1.472258826346364846e-01	7.051192209472345596e-02	2.836021186125195145e-02	7.264096907035554052e-02
1.091400960200631971e+03	2.642409822666147434e-01	1.710207177812476387e-01	2.457841710581654959e-01	1.473202591317128163e-01	7.055036887804592982e-02	2.838439782952935711e-02	7.269910305452759181e-02
1.092852291264728365e+03	2.640094528348195801e-01	1.708721769389220935e-01	2.459494658902438013e-01	1.474144601892060646e-01	7.058875041368584125e-02	2.840855516623841046e-02	7.275713856672787194e-02
1.094303622328825213e+03	2.637783210818271940e-01	1.707238853391206124e-01	2.461144809580988468e-01	1.475084861484629306e-01	7.062706681641184314e-02	2.843268388131756433e-02	7.281507577460463732e-02
1.095754953392921607e+03	2.635475863227844662e-01	1.705758425628647879e-01	2.462792167329610205e-01	1.476023373501486602e-01	7.066531820074087311e-02	2.845678398481478466e-02	7.287291484552907428e-02
1.097206284457018228e+03	2.633172478740266054e-01	1.704280481918806489e-01	2.464436736852665122e-01	1.476960141342479882e-01	7.070350468093930529e-02	2.848085548688688087e-02	7.293065594659564610e-02
1.098657615521114849e+03	2.630873050530752044e-01	1.702805018085977451e-01	2.466078522846587850e-01	1.477895168400665260e-01	7.074162637102406059e-02	2.850489839779885709e-02	7.298829924462239827e-02
1.100108946585211470e+03	2.628577571786359091e-01	1.701332029961478420e-01	2.467717529999897685e-01	1.478828458062317053e-01	7.077968338476378629e-02	2.852891272792324948e-02	7.304584490615124992e-02
1.101560277649308091e+03	2.626286035705965860e-01	1.699861513383637557e-01	2.469353762993212742e-01	1.479760013706940824e-01	7.081767583567993851e-02	2.855289848773948091e-02	7.310329309744831305e-02
1.103011608713404712e+03	2.623998435500251580e-01	1.698393464197781866e-01	2.470987226499262723e-01	1.480689838707283934e-01	7.085560383704798959e-02	2.857685568783321223e-02	7.316064398450419781e-02
1.104462939777501106e+03	2.621714764391673280e-01	1.696927878256225541e-01	2.472617925182903076e-01	1.481617936429348303e-01	7.089346750189842727e-02	2.860078433889568297e-02	7.321789773303429005e-02
1.105914270841597499e+03	2.619435015614445250e-01	1.695464751418256921e-01	2.474245863701128034e-01	1.482544310232402074e-01	7.093126694301794821e-02	2.862468445172309389e-02	7.327505450847912605e-02
1.107365601905694348e+03	2.617159182414521279e-01	1.694004079550129327e-01	2.475871046703082834e-01	1.483468963468989599e-01	7.096900227295049879e-02	2.864855603721595464e-02	7.333211447600464228e-02
1.108816932969790741e+03	2.614887258049571339e-01	1.692545858525046909e-01	2.477493478830077867e-01	1.484391899484945043e-01	7.100667360399834371e-02	2.867239910637844891e-02	7.338907780050249463e-02
1.110268264033887590e+03	2.612619235788959937e-01	1.691090084223154100e-01	2.479113164715602557e-01	1.485313121619403487e-01	7.104428104822314849e-02	2.869621367031781681e-02	7.344594464659044697e-02
1.111719595097984211e+03	2.610355108913727240e-01	1.689636752531523678e-01	2.480730108985337024e-01	1.486232633204812303e-01	7.108182471744706188e-02	2.871999974024371308e-02	7.350271517861259318e-02
1.113170926162080832e+03	2.608094870716567981e-01	1.688185859344145667e-01	2.482344316257166505e-01	1.487150437566943373e-01	7.111930472325371511e-02	2.874375732746758949e-02	7.355938956063974576e-02
1.114622257226177226e+03	2.605838514501810366e-01	1.686737400561914291e-01	2.483955791141193858e-01	1.488066538024904462e-01	7.115672117698927657e-02	2.876748644340207037e-02	7.361596795646969948e-02
1.116073588290273847e+03	2.603586033585396087e-01	1.685291372092618534e-01	2.485564538239752874e-01	1.488980937891151157e-01	7.119407418976350654e-02	2.879118709956034888e-02	7.367245052962761998e-02
1.117524919354370468e+03	2.601337421294858676e-01	1.683847769850927434e-01	2.487170562147421604e-01	1.489893640471498526e-01	7.123136387245075640e-02	2.881485930755555910e-02	7.372883744336633516e-02
1.118976250418467089e+03	2.599092670969304630e-01	1.682406589758382309e-01	2.488773867451035127e-01	1.490804649065133047e-01	7.126859033569095392e-02	2.883850307910016883e-02	7.378512886066662668e-02
1.120427581482563710e+03	2.596851775959392317e-01	1.680967827743381771e-01	2.490374458729698315e-01	1.491713966964624272e-01	7.130575368989063023e-02	2.886211842600537938e-02	7.384132494423760462e-02
1.121878912546660331e+03	2.594614729627309213e-01	1.679531479741172562e-01	2.491972340554799437e-01	1.492621597455936755e-01	7.134285404522390517e-02	2.888570536018051499e-02	7.389742585651704054e-02
1.123330243610756725e+03	2.592381525346756366e-01	1.678097541693836237e-01	2.493567517490023755e-01	1.493527543818441716e-01	7.137989151163347257e-02	2.890926389363241908e-02	7.395343175967164506e-02
1.124781574674853118e+03	2.590152156502921743e-01	1.676666009550279723e-01	2.495159994091364630e-01	1.494431809324928417e-01	7.141686619883155784e-02	2.893279403846487838e-02	7.400934281559744254e-02
1.126232905738949967e+03	2.587926616492466914e-01	1.675236879266221446e-01	2.496749774907137953e-01	1.495334397241617208e-01	7.145377821630087556e-02	2.895629580687799146e-02	7.406515918592011805e-02
1.127684236803046360e+03	2.585704898723500400e-01	1.673810146804181886e-01	2.498336864477994912e-01	1.496235310828170073e-01	7.149062767329564250e-02	2.897976921116762056e-02	7.412088103199528100e-02
1.129135567867143209e+03	2.583486996615562137e-01	1.672385808133471097e-01	2.499921267336935315e-01	1.497134553337702845e-01	7.152741467884242421e-02	2.900321426372476710e-02	7.417650851490886765e-02
1.130586898931239830e+03	2.581272903599600155e-01	1.670963859230177873e-01	2.501502988009319250e-01	1.498032128016797970e-01	7.156413934174117586e-02	2.902663097703500963e-02	7.423204179547746029e-02
1.132038229995336451e+03	2.579062613117952818e-01	1.669544296077156986e-01	2.503082031012881514e-01	1.498928038105514782e-01	7.160080177056608874e-02	2.905001936367791401e-02	7.428748103424863414e-02
1.133489561059432845e+03	2.576856118624325509e-01	1.668127114664019750e-01	2.504658400857742162e-01	1.499822286837402263e-01	7.163740207366653401e-02	2.907337943632646096e-02	7.434282639150122107e-02
1.134940892123529466e+03	2.574653413583773975e-01	1.666712310987121526e-01	2.506232102046422328e-01	1.500714877439510708e-01	7.167394035916803408e-02	2.909671120774645625e-02	7.439807802724578145e-02
1.136392223187626087e+03	2.572454491472683236e-01	1.665299881049550068e-01	2.507803139073855325e-01	1.501605813132403933e-01	7.171041673497305369e-02	2.912001469079597907e-02	7.445323610122484004e-02
1.137843554251722708e+03	2.570259345778745375e-01	1.663889820861115254e-01	2.509371516427398863e-01	1.502495097130170099e-01	7.174683130876199910e-02	2.914328989842479220e-02	7.450830077291324682e-02
1.139294885315819101e+03	2.568067970000943445e-01	1.662482126438337149e-01	2.510937238586849474e-01	1.503382732640435593e-01	7.178318418799403688e-02	2.916653684367379734e-02	7.456327220151857949e-02
1.140746216379915950e+03	2.565880357649528154e-01	1.661076793804434348e-01	2.512500310024453620e-01	1.504268722864373908e-01	7.181947547990800984e-02	2.918975553967445569e-02	7.461815054598140706e-02
1.142197547444012343e+03	2.563696502245998987e-01	1.659673818989313987e-01	2.514060735204923791e-01	1.505153070996720632e-01	7.185570529152331132e-02	2.921294599964822589e-02	7.467293596497567854e-02
1.143648878508108737e+03	2.561516397323085337e-01	1.658273198029558138e-01	2.515618518585444052e-01	1.506035780225782605e-01	7.189187372964070399e-02	2.923610823690601587e-02	7.472762861690906977e-02
1.145100209572205586e+03	2.559340036424725962e-01	1.656874926968415762e-01	2.517173664615691697e-01	1.506916853733452355e-01	7.192798090084324969e-02	2.925924226484763122e-02	7.478222865992334434e-02
1.146551540636302207e+03	2.557167413106048448e-01	1.655479001855788557e-01	2.518726177737843352e-01	1.507796294695217809e-01	7.196402691149710040e-02	2.928234809696122001e-02	7.483673625189465883e-02
1.148002871700398828e+03	2.554998520933350892e-01	1.654085418748222069e-01	2.520276062386589966e-01	1.508674106280174787e-01	7.200001186775231710e-02	2.930542574682270390e-02	7.489115155043393757e-02
1.149454202764495449e+03	2.552833353484080803e-01	1.652694173708892378e-01	2.521823322989150684e-01	1.509550291651039766e-01	7.203593587554381339e-02	2.932847522809527499e-02	7.494547471288723339e-02
1.150905533828591842e+03	2.550671904346815677e-01	1.651305262807596930e-01	2.523367963965282845e-01	1.510424853964160707e-01	7.207179904059204945e-02	2.935149655452881298e-02	7.499970589633607465e-02
1.152356864892688463e+03	2.548514167121245788e-01	1.649918682120741775e-01	2.524909989727296411e-01	1.511297796369529822e-01	7.210760146840396179e-02	2.937448973995936130e-02	7.505384525759779824e-02
1.153808195956785084e+03	2.546360135418150872e-01	1.648534427731332130e-01	2.526449404680066180e-01	1.512169122010794398e-01	7.214334326427369881e-02	2.939745479830859626e-02	7.510789295322591042e-02
1.155259527020881706e+03	2.544209802859382363e-01	1.647152495728958776e-01	2.527986213221042888e-01	1.513038834025269008e-01	7.217902453328345347e-02	2.942039174358328235e-02	7.516184913951046154e-02
1.156710858084978327e+03	2.542063163077844523e-01	1.645772882209789734e-01	2.529520419740268200e-01	1.513906935543948007e-01	7.221464538030428204e-02	2.944330058987474144e-02	7.521571397247840685e-02
1.158162189149074720e+03	2.539920209717473343e-01	1.644395583276558326e-01	2.531052028620384697e-01	1.514773429691517181e-01	7.225020590999685355e-02	2.946618135135832192e-02	7.526948760789388404e-02
1.159613520213171569e+03	2.537780936433219336e-01	1.643020595038550691e-01	2.532581044236651424e-01	1.515638319586364857e-01	7.228570622681228242e-02	2.948903404229288525e-02	7.532317020125869900e-02
1.161064851277267962e+03	2.535645336891024226e-01	1.641647913611596066e-01	2.534107470956952768e-01	1.516501608340594942e-01	7.232114643499285012e-02	2.951185867702026816e-02	7.537676190781254781e-02
1.162516182341364356e+03	2.533513404767806509e-01	1.640277535118055963e-01	2.535631313141814003e-01	1.517363299060037474e-01	7.235652663857283784e-02	2.953465526996476576e-02	7.543026288253350253e-02
1.163967513405461204e+03	2.531385133751438143e-01	1.638909455686812511e-01	2.537152575144410727e-01	1.518223394844261387e-01	7.239184694137924814e-02	2.955742383563261799e-02	7.548367328013826094e-02
1.165418844469557826e+03	2.529260517540727893e-01	1.637543671453257910e-01	2.538671261310584959e-01	1.519081898786587004e-01	7.242710744703258208e-02	2.958016438861149275e-02	7.553699325508256290e-02
1.166870175533654447e+03	2.527139549845400235e-01	1.636180178559283327e-01	2.540187375978854578e-01	1.519938813974095748e-01	7.246230825894756089e-02	2.960287694356995847e-02	7.559022296156153731e-02
1.168321506597751068e+03	2.525022224386076486e-01	1.634818973153267796e-01	2.541700923480425534e-01	1.520794143487644301e-01	7.249744948033391700e-02	2.962556151525699843e-02	7.564336255351009064e-02
1.169772837661847461e+03	2.522908534894257593e-01	1.633460051390067669e-01	2.543211908139205724e-01	1.521647890401874592e-01	7.253253121419710181e-02	2.964821811850148689e-02	7.569641218460322618e-02
1.171224168725944082e+03	2.520798475112300818e-01	1.632103409431005792e-01	2.544720334271818318e-01	1.522500057785227123e-01	7.256755356333904894e-02	2.967084676821168596e-02	7.574937200825641870e-02
1.172675499790040703e+03	2.518692038793405308e-01	1.630749043443859292e-01	2.546226206187610641e-01	1.523350648699951793e-01	7.260251663035886815e-02	2.969344747937474605e-02	7.580224217762601691e-02
1.174126830854137097e+03	2.516589219701589331e-01	1.629396949602850975e-01	2.547729528188668602e-01	1.524199666202120662e-01	7.263742051765355312e-02	2.971602026705620625e-02	7.585502284560954878e-02
1.175578161918233945e+03	2.514490011611673626e-01	1.628047124088636555e-01	2.549230304569830019e-01	1.525047113341638783e-01	7.267226532741875855e-02	2.973856514639949128e-02	7.590771416484609624e-02
1.177029492982330339e+03	2.512394408309261418e-01	1.626699563088294942e-01	2.550728539618694057e-01	1.525892993162256406e-01	7.270705116164946635e-02	2.976108213262541879e-02	7.596031628771669764e-02
1.178480824046426733e+03	2.510302403590718989e-01	1.625354262795316584e-01	2.552224237615635105e-01	1.526737308701580920e-01	7.274177812214069339e-02	2.978357124103172063e-02	7.601282936634470855e-02
1.179932155110523581e+03	2.508213991263156806e-01	1.624011219409594031e-01	2.553717402833814987e-01	1.527580062991088783e-01	7.277644631048818535e-02	2.980603248699252930e-02	7.606525355259610710e-02
1.181383486174620202e+03	2.506129165144412307e-01	1.622670429137409165e-01	2.555208039539194620e-01	1.528421259056137460e-01	7.281105582808909682e-02	2.982846588595790271e-02	7.611758899807995193e-02
1.182834817238716823e+03	2.504047919063028260e-01	1.621331888191424320e-01	2.556696151990546784e-01	1.529260899915976246e-01	7.284560677614274060e-02	2.985087145345334536e-02	7.616983585414865976e-02
1.184286148302813444e+03	2.501970246858237212e-01	1.619995592790670347e-01	2.558181744439467220e-01	1.530098988583759034e-01	7.288009925565117064e-02	2.987324920507931220e-02	7.622199427189843557e-02
1.185737479366910065e+03	2.499896142379938457e-01	1.618661539160537177e-01	2.559664821130387957e-01	1.530935528066555973e-01	7.291453336741994529e-02	2.989559915651074026e-02	7.627406440216963346e-02
1.187188810431006686e+03	2.497825599488683879e-01	1.617329723532761332e-01	2.561145386300588411e-01	1.531770521365364846e-01	7.294890921205875178e-02	2.991792132349656297e-02	7.632604639554708970e-02
1.188640141495103080e+03	2.495758612055656300e-01	1.616000142145416762e-01	2.562623444180208154e-01	1.532603971475123283e-01	7.298322688998208629e-02	2.994021572185923477e-02	7.637794040236051130e-02
1.190091472559199701e+03	2.493695173962650891e-01	1.614672791242903194e-01	2.564098998992258571e-01	1.533435881384719868e-01	7.301748650140986452e-02	2.996248236749426627e-02	7.642974657268485073e-02
1.191542803623296322e+03	2.491635279102057676e-01	1.613347667075936409e-01	2.565572054952635073e-01	1.534266254077006897e-01	7.305168814636818497e-02	2.998472127636974890e-02	7.648146505634069447e-02
1.192994134687392716e+03	2.489578921376842668e-01	1.612024765901536594e-01	2.567042616270128197e-01	1.535095092528811489e-01	7.308583192468984246e-02	3.000693246452587962e-02	7.653309600289458225e-02
1.194445465751489564e+03	2.487526094700527601e-01	1.610704083983019452e-01	2.568510687146438043e-01	1.535922399710946962e-01	7.311991793601506362e-02	3.002911594807450985e-02	7.658463956165940945e-02
1.195896796815585958e+03	2.485476792997174111e-01	1.609385617589982609e-01	2.569976271776183152e-01	1.536748178588225877e-01	7.315394627979213138e-02	3.005127174319866326e-02	7.663609588169482956e-02
1.197348127879682352e+03	2.483431010201362921e-01	1.608069362998298391e-01	2.571439374346913831e-01	1.537572432119469756e-01	7.318791705527798175e-02	3.007339986615209515e-02	7.668746511180755954e-02
1.198799458943779200e+03	2.481388740258176628e-01	1.606755316490101060e-01	2.572899999039125474e-01	1.538395163257522680e-01	7.322183036153888380e-02	3.009550033325882057e-02	7.673874740055178223e-02
1.200250790007875821e+03	2.479349977123180282e-01	1.605443474353777100e-01	2.574358150026268000e-01	1.539216374949262667e-01	7.325568629745099480e-02	3.011757316091265291e-02	7.678994289622956271e-02
1.201702121071972442e+03	2.477314714762404724e-01	1.604133832883954669e-01	2.575813831474759175e-01	1.540036070135612223e-01	7.328948496170106797e-02	3.013961836557676674e-02	7.684105174689111195e-02
1.203153452136069063e+03	2.475282947152326052e-01	1.602826388381492773e-01	2.577267047543996270e-01	1.540854251751550830e-01	7.332322645278697981e-02	3.016163596378322598e-02	7.689207410033530032e-02
1.204604783200165684e+03	2.473254668279847857e-01	1.601521137153471552e-01	2.578717802386367164e-01	1.541670922726126602e-01	7.335691086901838243e-02	3.018362597213254325e-02	7.694301010410989350e-02
1.206056114264262078e+03	2.471229872142284012e-01	1.600218075513180072e-01	2.580166100147262553e-01	1.542486085982468502e-01	7.339053830851732796e-02	3.020558840729323929e-02	7.699385990551201042e-02
1.207507445328358699e+03	2.469208552747339247e-01	1.598917199780108822e-01	2.581611944965089278e-01	1.543299744437796883e-01	7.342410886921878210e-02	3.022752328600138844e-02	7.704462365158848414e-02
1.208958776392455093e+03	2.467190704113091382e-01	1.597618506279935846e-01	2.583055340971280867e-01	1.544111901003435428e-01	7.345762264887134574e-02	3.024943062506017452e-02	7.709530148913622261e-02
1.210410107456551941e+03	2.465176320267973009e-01	1.596321991344518965e-01	2.584496292290307529e-01	1.544922558584823635e-01	7.349107974503775453e-02	3.027131044133945723e-02	7.714589356470256953e-02
1.211861438520648335e+03	2.463165395250752621e-01	1.595027651311884676e-01	2.585934803039690588e-01	1.545731720081527649e-01	7.352448025509546181e-02	3.029316275177532103e-02	7.719640002458573458e-02
1.213312769584745183e+03	2.461157923110518508e-01	1.593735482526216218e-01	2.587370877330013585e-01	1.546539388387251912e-01	7.355782427623729081e-02	3.031498757336964500e-02	7.724682101483508478e-02
1.214764100648841804e+03	2.459153897906657948e-01	1.592445481337846080e-01	2.588804519264933379e-01	1.547345566389851379e-01	7.359111190547193426e-02	3.033678492318967260e-02	7.729715668125160255e-02
1.216215431712937971e+03	2.457153313708840547e-01	1.591157644103243229e-01	2.590235732941191804e-01	1.548150256971341787e-01	7.362434323962456506e-02	3.035855481836757450e-02	7.734740716938817706e-02
1.217666762777034819e+03	2.455156164597001034e-01	1.589871967185003676e-01	2.591664522448627883e-01	1.548953463007912701e-01	7.365751837533743296e-02	3.038029727610002187e-02	7.739757262455007614e-02
1.219118093841131440e+03	2.453162444661318997e-01	1.588588446951840760e-01	2.593090891870188930e-01	1.549755187369938614e-01	7.369063740907036419e-02	3.040201231364774576e-02	7.744765319179525154e-02
1.220569424905228061e+03	2.451172148002203344e-01	1.587307079778573216e-01	2.594514845281941651e-01	1.550555432921990051e-01	7.372370043710135823e-02	3.042369994833512767e-02	7.749764901593471367e-02
1.222020755969324682e+03	2.449185268730272313e-01	1.586027862046117398e-01	2.595936386753087688e-01	1.551354202522845782e-01	7.375670755552714286e-02	3.044536019754975897e-02	7.754756024153294791e-02
1.223472087033421303e+03	2.447201800966336549e-01	1.584750790141473964e-01	2.597355520345967506e-01	1.552151499025503922e-01	7.378965886026371546e-02	3.046699307874203844e-02	7.759738701290824769e-02
1.224923418097517697e+03	2.445221738841381054e-01	1.583475860457720097e-01	2.598772250116079818e-01	1.552947325277193036e-01	7.382255444704691194e-02	3.048859860942472813e-02	7.764712947413314470e-02
1.226374749161614318e+03	2.443245076496547707e-01	1.582203069393998407e-01	2.600186580112088253e-01	1.553741684119384903e-01	7.385539441143293415e-02	3.051017680717255792e-02	7.769678776903472806e-02
1.227826080225710712e+03	2.441271808083116668e-01	1.580932413355506660e-01	2.601598514375834670e-01	1.554534578387805066e-01	7.388817884879890496e-02	3.053172768962179526e-02	7.774636204119504679e-02
1.229277411289807560e+03	2.439301927762489441e-01	1.579663888753488066e-01	2.603008056942351378e-01	1.555326010912444490e-01	7.392090785434336786e-02	3.055325127446983577e-02	7.779585243395149841e-02
1.230728742353903954e+03	2.437335429706170564e-01	1.578397492005219893e-01	2.604415211839870570e-01	1.556115984517571216e-01	7.395358152308686983e-02	3.057474757947479041e-02	7.784525909039716196e-02
1.232180073418000802e+03	2.435372308095749283e-01	1.577133219534004871e-01	2.605819983089837644e-01	1.556904502021741465e-01	7.398619994987241932e-02	3.059621662245507606e-02	7.789458215338122826e-02
1.233631404482097196e+03	2.433412557122883457e-01	1.575871067769159806e-01	2.607222374706921197e-01	1.557691566237811576e-01	7.401876322936608299e-02	3.061765842128900961e-02	7.794382176550934682e-02
1.235082735546193817e+03	2.431456170989280963e-01	1.574611033146006422e-01	2.608622390699025795e-01	1.558477179972948545e-01	7.405127145605749917e-02	3.063907299391439507e-02	7.799297806914401443e-02
1.236534066610290438e+03	2.429503143906681650e-01	1.573353112105860263e-01	2.610020035067302513e-01	1.559261346028643080e-01	7.408372472426034971e-02	3.066046035832812808e-02	7.804205120640493598e-02
1.237985397674387059e+03	2.427553470096839860e-01	1.572097301096021804e-01	2.611415311806159489e-01	1.560044067200719031e-01	7.411612312811290126e-02	3.068182053258578651e-02	7.809104131916938529e-02
1.239436728738483680e+03	2.425607143791508602e-01	1.570843596569765355e-01	2.612808224903275800e-01	1.560825346279346992e-01	7.414846676157850480e-02	3.070315353480123494e-02	7.813994854907264920e-02
1.240888059802580301e+03	2.423664159232419846e-01	1.569591994986329619e-01	2.614198778339612006e-01	1.561605186049053184e-01	7.418075571844612304e-02	3.072445938314622219e-02	7.818877303750833285e-02
1.242339390866676695e+03	2.421724510671267594e-01	1.568342492810906874e-01	2.615586976089417925e-01	1.562383589288732777e-01	7.421299009233081612e-02	3.074573809584999276e-02	7.823751492562876220e-02
1.243790721930773088e+03	2.419788192369690949e-01	1.567095086514634361e-01	2.616972822120250397e-01	1.563160558771660436e-01	7.424516997667422735e-02	3.076698969119889132e-02	7.828617435434538641e-02
1.245242052994869937e+03	2.417855198599256350e-01	1.565849772574583187e-01	2.618356320392978276e-01	1.563936097265501701e-01	7.427729546474513833e-02	3.078821418753595676e-02	7.833475146432912484e-02
1.246693384058966330e+03	2.415925523641439809e-01	1.564606547473748055e-01	2.619737474861797422e-01	1.564710207532323816e-01	7.430936664963985749e-02	3.080941160326053363e-02	7.838324639601074173e-02
1.248144715123063179e+03	2.413999161787610814e-01	1.563365407701038656e-01	2.621116289474242356e-01	1.565482892328609321e-01	7.434138362428280300e-02	3.083058195682790784e-02	7.843165928958123478e-02
1.249596046187159800e+03	2.412076107339013176e-01	1.562126349751268017e-01	2.622492768171194588e-01	1.566254154405263832e-01	7.437334648142698845e-02	3.085172526674889379e-02	7.847999028499220986e-02
1.251047377251256421e+03	2.410156354606749762e-01	1.560889370125144449e-01	2.623866914886894830e-01	1.567023996507630190e-01	7.440525531365441148e-02	3.087284155158945623e-02	7.852823952195625568e-02
1.252498708315352815e+03	2.408239897911762795e-01	1.559654465329259887e-01	2.625238733548956316e-01	1.567792421375498735e-01	7.443711021337663658e-02	3.089393082997033552e-02	7.857640713994731851e-02
1.253950039379449436e+03	2.406326731584818579e-01	1.558421631876081015e-01	2.626608228078373686e-01	1.568559431743117294e-01	7.446891127283521150e-02	3.091499312056664520e-02	7.862449327820109080e-02
1.255401370443546057e+03	2.404416849966490022e-01	1.557190866283938990e-01	2.627975402389534643e-01	1.569325030339204785e-01	7.450065858410218067e-02	3.093602844210752156e-02	7.867249807571537190e-02
1.256852701507642678e+03	2.402510247407138311e-01	1.555962165077020287e-01	2.629340260390232720e-01	1.570089219886961485e-01	7.453235223908048768e-02	3.095703681337571775e-02	7.872042167125042900e-02
1.258304032571739299e+03	2.400606918266897094e-01	1.554735524785355039e-01	2.630702805981675052e-01	1.570852003104078742e-01	7.456399232950450262e-02	3.097801825320724636e-02	7.876826420332944112e-02
1.259755363635835920e+03	2.398706856915654717e-01	1.553510941944809265e-01	2.632063043058498475e-01	1.571613382702752859e-01	7.459557894694050784e-02	3.099897278049100133e-02	7.881602581023880449e-02
1.261206694699932314e+03	2.396810057733037291e-01	1.552288413097074049e-01	2.633420975508773410e-01	1.572373361389693691e-01	7.462711218278705871e-02	3.101990041416837970e-02	7.886370663002852111e-02
1.262658025764028707e+03	2.394916515108391208e-01	1.551067934789656100e-01	2.634776607214022182e-01	1.573131941866137695e-01	7.465859212827553881e-02	3.104080117323292087e-02	7.891130680051260116e-02
1.264109356828125556e+03	2.393026223440766487e-01	1.549849503575868037e-01	2.636129942049225128e-01	1.573889126827858476e-01	7.469001887447056232e-02	3.106167507672991795e-02	7.895882645926943777e-02
1.265560687892221949e+03	2.391139177138900396e-01	1.548633116014817568e-01	2.637480983882835583e-01	1.574644918965177331e-01	7.472139251227043200e-02	3.108252214375607780e-02	7.900626574364214005e-02
1.267012018956318798e+03	2.389255370621199137e-01	1.547418768671399159e-01	2.638829736576787655e-01	1.575399320962974636e-01	7.475271313240761106e-02	3.110334239345913243e-02	7.905362479073896331e-02
1.268463350020415419e+03	2.387374798315722024e-01	1.546206458116282934e-01	2.640176203986507875e-01	1.576152335500701773e-01	7.478398082544915337e-02	3.112413584503748859e-02	7.910090373743364212e-02
1.269914681084511813e+03	2.385497454660163719e-01	1.544996180925906626e-01	2.641520389960927417e-01	1.576903965252391682e-01	7.481519568179713364e-02	3.114490251773986002e-02	7.914810272036580663e-02
1.271366012148608434e+03	2.383623334101838409e-01	1.543787933682464197e-01	2.642862298342492089e-01	1.577654212886668850e-01	7.484635779168910541e-02	3.116564243086491007e-02	7.919522187594131568e-02
1.272817343212705055e+03	2.381752431097662326e-01	1.542581712973897512e-01	2.644201932967173430e-01	1.578403081066762359e-01	7.487746724519851738e-02	3.118635560376089091e-02	7.924226134033265923e-02
1.274268674276801676e+03	2.379884740114137087e-01	1.541377515393885511e-01	2.645539297664480927e-01	1.579150572450515877e-01	7.490852413223518524e-02	3.120704205582528964e-02	7.928922124947933303e-02
1.275720005340898297e+03	2.378020255627332491e-01	1.540175337541835054e-01	2.646874396257468676e-01	1.579896689690397649e-01	7.493952854254568030e-02	3.122770180650447092e-02	7.933610173908817176e-02
1.277171336404994690e+03	2.376158972122870694e-01	1.538975176022872038e-01	2.648207232562751479e-01	1.580641435433513542e-01	7.497048056571378738e-02	3.124833487529331960e-02	7.938290294463379304e-02
1.278622667469091539e+03	2.374300884095907616e-01	1.537777027447830569e-01	2.649537810390513726e-01	1.581384812321617039e-01	7.500138029116089344e-02	3.126894128173489384e-02	7.942962500135891668e-02
1.280073998533187932e+03	2.372445986051119338e-01	1.536580888433244363e-01	2.650866133544519387e-01	1.582126822991119508e-01	7.503222780814650106e-02	3.128952104542007812e-02	7.947626804427478098e-02
1.281525329597284326e+03	2.370594272502682398e-01	1.535386755601335917e-01	2.652192205822122562e-01	1.582867470073102412e-01	7.506302320576851983e-02	3.131007418598721892e-02	7.952283220816147580e-02
1.282976660661381175e+03	2.368745737974258803e-01	1.534194625580008187e-01	2.653516031014280796e-01	1.583606756193328136e-01	7.509376657296380764e-02	3.133060072312180561e-02	7.956931762756833115e-02
1.284427991725477568e+03	2.366900376998979094e-01	1.533004495002833756e-01	2.654837612905563971e-01	1.584344683972249701e-01	7.512445799850848982e-02	3.135110067655610261e-02	7.961572443681430578e-02
1.285879322789574417e+03	2.365058184119425977e-01	1.531816360509047348e-01	2.656156955274163733e-01	1.585081256025022423e-01	7.515509757101841715e-02	3.137157406606880250e-02	7.966205276998834794e-02
1.287330653853671038e+03	2.363219153887617663e-01	1.530630218743534166e-01	2.657474061891907380e-01	1.585816474961515010e-01	7.518568537894959602e-02	3.139202091148469986e-02	7.970830276094978406e-02
1.288781984917767431e+03	2.361383280864990386e-01	1.529446066356821010e-01	2.658788936524267288e-01	1.586550343386320394e-01	7.521622151059854933e-02	3.141244123267434435e-02	7.975447454332863784e-02
1.290233315981864052e+03	2.359550559622383692e-01	1.528263900005067677e-01	2.660101582930370911e-01	1.587282863898766272e-01	7.524670605410276047e-02	3.143283504955370067e-02	7.980056825052607439e-02
