1.001418434226643626e+03	2.794311715533944751e-01	1.807070657505702727e-01	2.349671684900916657e-01	1.411281732004689149e-01	6.803890995070496772e-02	2.682916935698562849e-02	6.889834169762809601e-02
1.003837319333471214e+03	2.790023050158857987e-01	1.804323072528807859e-01	2.352729185119454836e-01	1.413043274339652045e-01	6.811001331960164773e-02	2.687237527324123909e-02	6.900575319232382654e-02
1.006256204440298802e+03	2.785746652876357476e-01	1.801583173640595170e-01	2.355778065306578239e-01	1.414799334838934830e-01	6.818091467883728718e-02	2.691550076205137185e-02	6.911286189270876568e-02
1.008675089547126618e+03	2.781482488478785320e-01	1.798850939304579843e-01	2.358818349661707947e-01	1.416549931316572475e-01	6.825161463936643691e-02	2.695854583315635683e-02	6.921966865115669609e-02
1.011093974653954206e+03	2.777230521860487023e-01	1.796126348044647103e-01	2.361850062316291354e-01	1.418295081528658241e-01	6.832211380952783741e-02	2.700151049748854282e-02	6.932617431781927519e-02
1.013512859760782021e+03	2.772990718017510070e-01	1.793409378444882629e-01	2.364873227333992023e-01	1.420034803173468863e-01	6.839241279507078664e-02	2.704439476716050811e-02	6.943237974062731188e-02
1.015931744867609382e+03	2.768763042047298617e-01	1.790700009149403804e-01	2.367887868710880639e-01	1.421769113891590830e-01	6.846251219918106368e-02	2.708719865545338584e-02	6.953828576529218208e-02
1.018350629974437197e+03	2.764547459148388175e-01	1.787998218862190958e-01	2.370894010375624028e-01	1.423498031266047514e-01	6.853241262250636678e-02	2.712992217680531767e-02	6.964389323530725817e-02
1.020769515081264785e+03	2.760343934620105300e-01	1.785303986346919725e-01	2.373891676189677502e-01	1.425221572822428784e-01	6.860211466318123785e-02	2.717256534680001501e-02	6.974920299194960205e-02
1.023188400188092373e+03	2.756152433862266715e-01	1.782617290426793955e-01	2.376880889947470543e-01	1.426939756029020900e-01	6.867161891685168162e-02	2.721512818215544166e-02	6.985421587428163048e-02
1.025607285294920075e+03	2.751972922374878450e-01	1.779938109984378625e-01	2.379861675376597485e-01	1.428652598296938081e-01	6.874092597669917426e-02	2.725761070071262143e-02	6.995893271915291922e-02
1.028026170401747549e+03	2.747805365757836071e-01	1.777266423961433028e-01	2.382834056138004586e-01	1.430360116980255447e-01	6.881003643346439436e-02	2.730001292142454281e-02	7.006335436120211813e-02
1.030445055508575479e+03	2.743649729710628260e-01	1.774602211358744797e-01	2.385798055826177655e-01	1.432062329376141974e-01	6.887895087547049600e-02	2.734233486434518509e-02	7.016748163285894957e-02
1.032863940615402726e+03	2.739505980032039267e-01	1.771945451235965308e-01	2.388753697969329959e-01	1.433759252724996214e-01	6.894766988864588220e-02	2.738457655061866253e-02	7.027131536434624848e-02
1.035282825722230655e+03	2.735374082619852487e-01	1.769296122711443708e-01	2.391701006029585963e-01	1.435450904210582856e-01	6.901619405654671469e-02	2.742673800246845164e-02	7.037485638368221053e-02
1.037701710829058356e+03	2.731254003470554581e-01	1.766654204962061769e-01	2.394640003403170903e-01	1.437137300960168451e-01	6.908452396037895182e-02	2.746881924318676435e-02	7.047810551668259871e-02
1.040120595935886058e+03	2.727145708679043490e-01	1.764019677223071236e-01	2.397570713420592303e-01	1.438818460044661018e-01	6.915266017901997020e-02	2.751082029712398694e-02	7.058106358696310256e-02
1.042539481042713533e+03	2.723049164438334779e-01	1.761392518787929240e-01	2.400493159346827332e-01	1.440494398478747717e-01	6.922060328903992255e-02	2.755274118967826133e-02	7.068373141594175291e-02
1.044958366149541234e+03	2.718964337039269097e-01	1.758772709008135093e-01	2.403407364381506817e-01	1.442165133221036122e-01	6.928835386472256830e-02	2.759458194728513225e-02	7.078610982284148923e-02
1.047377251256368709e+03	2.714891192870219627e-01	1.756160227293067366e-01	2.406313351659097877e-01	1.443830681174193831e-01	6.935591247808592374e-02	2.763634259740732624e-02	7.088819962469265767e-02
1.049796136363196410e+03	2.710829698416807321e-01	1.753555053109822348e-01	2.409211144249088499e-01	1.445491059185092242e-01	6.942327969890242645e-02	2.767802316852461739e-02	7.099000163633570337e-02
1.052215021470024112e+03	2.706779820261605574e-01	1.750957165983051400e-01	2.412100765156168780e-01	1.447146284044946718e-01	6.949045609471873886e-02	2.771962369012379371e-02	7.109151667042394596e-02
1.054633906576851814e+03	2.702741525083857677e-01	1.748366545494799695e-01	2.414982237320414671e-01	1.448796372489462025e-01	6.955744223087532985e-02	2.776114419268871716e-02	7.119274553742634126e-02
1.057052791683679516e+03	2.698714779659183161e-01	1.745783171284345792e-01	2.417855583617468662e-01	1.450441341198974998e-01	6.962423867052565385e-02	2.780258470769049126e-02	7.129368904563035403e-02
1.059471676790506763e+03	2.694699550859299131e-01	1.743207023048040649e-01	2.420720826858721586e-01	1.452081206798600532e-01	6.969084597465494135e-02	2.784394526757770841e-02	7.139434800114494162e-02
1.061890561897334692e+03	2.690695805651728834e-01	1.740638080539146926e-01	2.423577989791492748e-01	1.453715985858377302e-01	6.975726470209880903e-02	2.788522590576680490e-02	7.149472320790349611e-02
1.064309447004162394e+03	2.686703511099522435e-01	1.738076323567681603e-01	2.426427095099210618e-01	1.455345694893413200e-01	6.982349540956139800e-02	2.792642665663250257e-02	7.159481546766702231e-02
1.066728332110990095e+03	2.682722634360969471e-01	1.735521732000254169e-01	2.429268165401591573e-01	1.456970350364032996e-01	6.988953865163335943e-02	2.796754755549833368e-02	7.169462558002716313e-02
1.069147217217817570e+03	2.678753142689318523e-01	1.732974285759909250e-01	2.432101223254820865e-01	1.458589968675925719e-01	6.995539498080942387e-02	2.800858863862728046e-02	7.179415434240946081e-02
1.071566102324645271e+03	2.674795003432496876e-01	1.730433964825968951e-01	2.434926291151729150e-01	1.460204566180292318e-01	7.002106494750574839e-02	2.804954994321247341e-02	7.189340255007661828e-02
1.073984987431472746e+03	2.670848184032826866e-01	1.727900749233873545e-01	2.437743391521971781e-01	1.461814159173995820e-01	7.008654910007691696e-02	2.809043150736799041e-02	7.199237099613177426e-02
1.076403872538300675e+03	2.666912652026749431e-01	1.725374619075025762e-01	2.440552546732206451e-01	1.463418763899708985e-01	7.015184798483266315e-02	2.813123337011975283e-02	7.209106047152191721e-02
1.078822757645127922e+03	2.662988375044543776e-01	1.722855554496632302e-01	2.443353779086270550e-01	1.465018396546065305e-01	7.021696214605437081e-02	2.817195557139648768e-02	7.218947176504128538e-02
1.081241642751955851e+03	2.659075320810050380e-01	1.720343535701547855e-01	2.446147110825356852e-01	1.466613073247808596e-01	7.028189212601131108e-02	2.821259815202079024e-02	7.228760566333485016e-02
1.083660527858783553e+03	2.655173457140393989e-01	1.717838542948119940e-01	2.448932564128190048e-01	1.468202810085943721e-01	7.034663846497644923e-02	2.825316115370025971e-02	7.238546295090181326e-02
1.086079412965611255e+03	2.651282751945706617e-01	1.715340556550031259e-01	2.451710161111203545e-01	1.469787623087888684e-01	7.041120170124222366e-02	2.829364461901871797e-02	7.248304441009927046e-02
1.088498298072438729e+03	2.647403173228854989e-01	1.712849556876147317e-01	2.454479923828712662e-01	1.471367528227625343e-01	7.047558237113590862e-02	2.833404859142751864e-02	7.258035082114575043e-02
1.090917183179266431e+03	2.643534689085163536e-01	1.710365524350359046e-01	2.457241874273090598e-01	1.472942541425851792e-01	7.053978100903479653e-02	2.837437311523692898e-02	7.267738296212493398e-02
1.093336068286093905e+03	2.639677267702143504e-01	1.707888439451430984e-01	2.459996034374942464e-01	1.474512678550134459e-01	7.060379814738106108e-02	2.841461823560758812e-02	7.277414160898937334e-02
1.095754953392921607e+03	2.635830877359219282e-01	1.705418282712844458e-01	2.462742426003278751e-01	1.476077955415060761e-01	7.066763431669650930e-02	2.845478399854205545e-02	7.287062753556425299e-02
1.098173838499749309e+03	2.631995486427457509e-01	1.702955034722646588e-01	2.465481070965688526e-01	1.477638387782393425e-01	7.073129004559694510e-02	2.849487045087640766e-02	7.296684151355117831e-02
1.100592723606577010e+03	2.628171063369296734e-01	1.700498676123296526e-01	2.468211991008511519e-01	1.479193991361222038e-01	7.079476586080643563e-02	2.853487764027196061e-02	7.306278431253206140e-02
1.103011608713404712e+03	2.624357576738276521e-01	1.698049187611512523e-01	2.470935207817012147e-01	1.480744781808117638e-01	7.085806228717125843e-02	2.857480561520701901e-02	7.315845669997299294e-02
1.105430493820231959e+03	2.620554995178769886e-01	1.695606549938120100e-01	2.473650743015548825e-01	1.482290774727286764e-01	7.092117984767368211e-02	2.861465442496872319e-02	7.325385944122814186e-02
1.107849378927059888e+03	2.616763287425715734e-01	1.693170743907900233e-01	2.476358618167747161e-01	1.483831985670725218e-01	7.098411906344548328e-02	2.865442411964497574e-02	7.334899329954379377e-02
1.110268264033887590e+03	2.612982422304349628e-01	1.690741750379438357e-01	2.479058854776669818e-01	1.485368430138372664e-01	7.104688045378126926e-02	2.869411475011640969e-02	7.344385903606229227e-02
1.112687149140715292e+03	2.609212368729940112e-01	1.688319550264972546e-01	2.481751474284987213e-01	1.486900123578267507e-01	7.110946453615166196e-02	2.873372636804847474e-02	7.353845740982609125e-02
1.115106034247542766e+03	2.605453095707521705e-01	1.685904124530244186e-01	2.484436498075146826e-01	1.488427081386700934e-01	7.117187182621612096e-02	2.877325902588354425e-02	7.363278917778184884e-02
1.117524919354370468e+03	2.601704572331630660e-01	1.683495454194347818e-01	2.487113947469542785e-01	1.489949318908372899e-01	7.123410283783576658e-02	2.881271277683314369e-02	7.372685509478450749e-02
1.119943804461197942e+03	2.597966767786041298e-01	1.681093520329580426e-01	2.489783843730684620e-01	1.491466851436546726e-01	7.129615808308575886e-02	2.885208767487019987e-02	7.382065591360149892e-02
1.122362689568025871e+03	2.594239651343503983e-01	1.678698304061293223e-01	2.492446208061365742e-01	1.492979694213204256e-01	7.135803807226774598e-02	2.889138377472138738e-02	7.391419238491683807e-02
1.124781574674853118e+03	2.590523192365482563e-01	1.676309786567743154e-01	2.495101061604831083e-01	1.494487862429201286e-01	7.141974331392196562e-02	2.893060113185953394e-02	7.400746525733535586e-02
1.127200459781681047e+03	2.586817360301892910e-01	1.673927949079943855e-01	2.497748425444944742e-01	1.495991371224423272e-01	7.148127431483916605e-02	2.896973980249609865e-02	7.410047527738693185e-02
1.129619344888508749e+03	2.583122124690842014e-01	1.671552772881517435e-01	2.500388320606357628e-01	1.497490235687941318e-01	7.154263158007240220e-02	2.900879984357370572e-02	7.419322318953076867e-02
1.132038229995336451e+03	2.579437455158369863e-01	1.669184239308547646e-01	2.503020768054672329e-01	1.498984470858166773e-01	7.160381561294860975e-02	2.904778131275875461e-02	7.428570973615965245e-02
1.134457115102163925e+03	2.575763321418190754e-01	1.666822329749433063e-01	2.505645788696609921e-01	1.500474091723008607e-01	7.166482691508006819e-02	2.908668426843407859e-02	7.437793565760428272e-02
1.136876000208991627e+03	2.572099693271434617e-01	1.664467025644739140e-01	2.508263403380176504e-01	1.501959113220027453e-01	7.172566598637558632e-02	2.912550876969169020e-02	7.446990169213760224e-02
1.139294885315819101e+03	2.568446540606390549e-01	1.662118308487053053e-01	2.510873632894826124e-01	1.503439550236592148e-01	7.178633332505165998e-02	2.916425487632557170e-02	7.456160857597918246e-02
1.141713770422646803e+03	2.564803833398249244e-01	1.659776159820837704e-01	2.513476497971628421e-01	1.504915417610036277e-01	7.184682942764326896e-02	2.920292264882452457e-02	7.465305704329958103e-02
1.144132655529474505e+03	2.561171541708849864e-01	1.657440561242285171e-01	2.516072019283429051e-01	1.506386730127813323e-01	7.190715478901477109e-02	2.924151214836509527e-02	7.474424782622478280e-02
1.146551540636302207e+03	2.557549635686423573e-01	1.655111494399173766e-01	2.518660217445016225e-01	1.507853502527653211e-01	7.196730990237042158e-02	2.928002343680456698e-02	7.483518165484062679e-02
1.148970425743129908e+03	2.553938085565340965e-01	1.652788940990720934e-01	2.521241113013283908e-01	1.509315749497716630e-01	7.202729525926479526e-02	2.931845657667397909e-02	7.492585925719721929e-02
1.151389310849957155e+03	2.550336861665858934e-01	1.650472882767440586e-01	2.523814726487391691e-01	1.510773485676752403e-01	7.208711134961315325e-02	2.935681163117123335e-02	7.501628135931343033e-02
1.153808195956785084e+03	2.546745934393867539e-01	1.648163301530998492e-01	2.526381078308929662e-01	1.512226725654253479e-01	7.214675866170153218e-02	2.939508866415425567e-02	7.510644868518144557e-02
1.156227081063612786e+03	2.543165274240639095e-01	1.645860179134070178e-01	2.528940188862079941e-01	1.513675483970610136e-01	7.220623768219674998e-02	2.943328774013422022e-02	7.519636195677117940e-02
1.158645966170440488e+03	2.539594851782576712e-01	1.643563497480195756e-01	2.531492078473778773e-01	1.515119775117269307e-01	7.226554889615628696e-02	2.947140892426880140e-02	7.528602189403491018e-02
1.161064851277267962e+03	2.536034637680967263e-01	1.641273238523638933e-01	2.534036767413874736e-01	1.516559613536886952e-01	7.232469278703794469e-02	2.950945228235552636e-02	7.537542921491172110e-02
1.163483736384095664e+03	2.532484602681729369e-01	1.638989384269244620e-01	2.536574275895292496e-01	1.517995013623485989e-01	7.238366983670949106e-02	2.954741788082514489e-02	7.546458463533216310e-02
1.165902621490923138e+03	2.528944717615165261e-01	1.636711916772296549e-01	2.539104624074189909e-01	1.519425989722609505e-01	7.244248052545806948e-02	2.958530578673508951e-02	7.555348886922275131e-02
1.168321506597751068e+03	2.525414953395715423e-01	1.634440818138375440e-01	2.541627832050119551e-01	1.520852556131478128e-01	7.250112533199949694e-02	2.962311606776295292e-02	7.564214262851062798e-02
1.170740391704578315e+03	2.521895281021711566e-01	1.632176070523219669e-01	2.544143919866187487e-01	1.522274727099143521e-01	7.255960473348749273e-02	2.966084879220005216e-02	7.573054662312814211e-02
1.173159276811406244e+03	2.518385671575128493e-01	1.629917656132582882e-01	2.546652907509211472e-01	1.523692516826644638e-01	7.261791920552268520e-02	2.969850402894503444e-02	7.581870156101748470e-02
1.175578161918233945e+03	2.514886096221339851e-01	1.627665557222094106e-01	2.549154814909879163e-01	1.525105939467162053e-01	7.267606922216157672e-02	2.973608184749753844e-02	7.590660814813528223e-02
1.177997047025061647e+03	2.511396526208874991e-01	1.625419756097118695e-01	2.551649661942906322e-01	1.526515009126172273e-01	7.273405525592534226e-02	2.977358231795189034e-02	7.599426708845732903e-02
1.180415932131889122e+03	2.507916932869175275e-01	1.623180235112618441e-01	2.554137468427195579e-01	1.527919739861603454e-01	7.279187777780850299e-02	2.981100551099088308e-02	7.608167908398319468e-02
1.182834817238716823e+03	2.504447287616347606e-01	1.620946976673011963e-01	2.556618254125989087e-01	1.529320145683989163e-01	7.284953725728753049e-02	2.984835149787958691e-02	7.616884483474090084e-02
1.185253702345544298e+03	2.500987561946926840e-01	1.618719963232037318e-01	2.559092038747030617e-01	1.530716240556622421e-01	7.290703416232927059e-02	2.988562035045921536e-02	7.625576503879162582e-02
1.187672587452371999e+03	2.497537727439632094e-01	1.616499177292611833e-01	2.561558841942715992e-01	1.532108038395710581e-01	7.296436895939932554e-02	2.992281214114104332e-02	7.634244039223438139e-02
1.190091472559199701e+03	2.494097755755126933e-01	1.614284601406695829e-01	2.564018683310252955e-01	1.533495553070528539e-01	7.302154211347028356e-02	2.995992694290036673e-02	7.642887158921073121e-02
1.192510357666027403e+03	2.490667618635778457e-01	1.612076218175154951e-01	2.566471582391812722e-01	1.534878798403572775e-01	7.307855408802982344e-02	2.999696482927052821e-02	7.651505932190950932e-02
1.194929242772855105e+03	2.487247287905419435e-01	1.609874010247621390e-01	2.568917558674688739e-01	1.536257788170715122e-01	7.313540534508873592e-02	3.003392587433697733e-02	7.660100428057149691e-02
1.197348127879682352e+03	2.483836735469108492e-01	1.607677960322359545e-01	2.571356631591448783e-01	1.537632536101355141e-01	7.319209634518887564e-02	3.007081015273138647e-02	7.668670715349423794e-02
1.199767012986510281e+03	2.480435933312893637e-01	1.605488051146127804e-01	2.573788820520087617e-01	1.539003055878573611e-01	7.324862754741090498e-02	3.010761773962581170e-02	7.677216862703672984e-02
1.202185898093337983e+03	2.477044853503574395e-01	1.603304265514043370e-01	2.576214144784181870e-01	1.540369361139285465e-01	7.330499940938212111e-02	3.014434871072689190e-02	7.685738938562411415e-02
1.204604783200165684e+03	2.473663468188466441e-01	1.601126586269446817e-01	2.578632623653043243e-01	1.541731465474393548e-01	7.336121238728393612e-02	3.018100314227012415e-02	7.694237011175254770e-02
1.207023668306993159e+03	2.470291749595165676e-01	1.598954996303766085e-01	2.581044276341870058e-01	1.543089382428938505e-01	7.341726693585952368e-02	3.021758111101415303e-02	7.702711148599387936e-02
1.209442553413820860e+03	2.466929670031312860e-01	1.596789478556382702e-01	2.583449122011900467e-01	1.544443125502252545e-01	7.347316350842114652e-02	3.025408269423511542e-02	7.711161418700043790e-02
1.211861438520648335e+03	2.463577201884360746e-01	1.594630016014496610e-01	2.585847179770563442e-01	1.545792708148111538e-01	7.352890255685753940e-02	3.029050796972104082e-02	7.719587889150977822e-02
1.214280323627476264e+03	2.460234317621339539e-01	1.592476591712991829e-01	2.588238468671628656e-01	1.547138143774885732e-01	7.358448453164115333e-02	3.032685701576629672e-02	7.727990627434949689e-02
1.216699208734303511e+03	2.456900989788626255e-01	1.590329188734303512e-01	2.590623007715360804e-01	1.548479445745691296e-01	7.363990988183527486e-02	3.036312991116606186e-02	7.736369700844200614e-02
1.219118093841131440e+03	2.453577191011709902e-01	1.588187790208284156e-01	2.593000815848666152e-01	1.549816627378542144e-01	7.369517905510111766e-02	3.039932673521085829e-02	7.744725176480928008e-02
1.221536978947959142e+03	2.450262893994962499e-01	1.586052379312070382e-01	2.595371911965246303e-01	1.551149701946499260e-01	7.375029249770480300e-02	3.043544756768111481e-02	7.753057121257768414e-02
1.223955864054786844e+03	2.446958071521408429e-01	1.583922939269951924e-01	2.597736314905743638e-01	1.552478682677822797e-01	7.380525065452420153e-02	3.047149248884179970e-02	7.761365601898272126e-02
1.226374749161614318e+03	2.443662696452493788e-01	1.581799453353236462e-01	2.600094043457894522e-01	1.553803582756121404e-01	7.386005396905585829e-02	3.050746157943706044e-02	7.769650684937387530e-02
1.228793634268442020e+03	2.440376741727857679e-01	1.579681904880121113e-01	2.602445116356674193e-01	1.555124415320501829e-01	7.391470288342158468e-02	3.054335492068493974e-02	7.777912436721938494e-02
1.231212519375269494e+03	2.437100180365104063e-01	1.577570277215558370e-01	2.604789552284448861e-01	1.556441193465719630e-01	7.396919783837520301e-02	3.057917259427210543e-02	7.786150923411101765e-02
1.233631404482097196e+03	2.433832985459574161e-01	1.575464553771126208e-01	2.607127369871120037e-01	1.557753930242327389e-01	7.402353927330911076e-02	3.061491468234864635e-02	7.794366210976888532e-02
1.236050289588924898e+03	2.430575130184118859e-01	1.573364718004897633e-01	2.609458587694274412e-01	1.559062638656825428e-01	7.407772762626071983e-02	3.065058126752287851e-02	7.802558365204627366e-02
1.238469174695752372e+03	2.427326587788872780e-01	1.571270753421308564e-01	2.611783224279328741e-01	1.560367331671807800e-01	7.413176333391895134e-02	3.068617243285624158e-02	7.810727451693441625e-02
1.240888059802580301e+03	2.424087331601029460e-01	1.569182643571030988e-01	2.614101298099680282e-01	1.561668022206113005e-01	7.418564683163053619e-02	3.072168826185817797e-02	7.818873535856728230e-02
1.243306944909407548e+03	2.420857335024615142e-01	1.567100372050839741e-01	2.616412827576848898e-01	1.562964723134971368e-01	7.423937855340631553e-02	3.075712883848109869e-02	7.826996682922639226e-02
1.245725830016235477e+03	2.417636571540265067e-01	1.565023922503485376e-01	2.618717831080625280e-01	1.564257447290152425e-01	7.429295893192740252e-02	3.079249424711535954e-02	7.835096957934566120e-02
1.248144715123063179e+03	2.414425014705000871e-01	1.562953278617565389e-01	2.621016326929215268e-01	1.565546207460113137e-01	7.434638839855138570e-02	3.082778457258429292e-02	7.843174425751610335e-02
1.250563600229890881e+03	2.411222638152006048e-01	1.560888424127394314e-01	2.623308333389384184e-01	1.566831016390143605e-01	7.439966738331832419e-02	3.086299990013927075e-02	7.851229151049074484e-02
1.252982485336718355e+03	2.408029415590404454e-01	1.558829342812877161e-01	2.625593868676603937e-01	1.568111886782515840e-01	7.445279631495679840e-02	3.089814031545481607e-02	7.859261198318938380e-02
1.255401370443546057e+03	2.404845320805039377e-01	1.556776018499379521e-01	2.627872950955195130e-01	1.569388831296628095e-01	7.450577562088982198e-02	3.093320590462373190e-02	7.867270631870335040e-02
1.257820255550373531e+03	2.401670327656252601e-01	1.554728435057601832e-01	2.630145598338470836e-01	1.570661862549152243e-01	7.455860572724067048e-02	3.096819675415228915e-02	7.875257515830032251e-02
1.260239140657201460e+03	2.398504410079663751e-01	1.552686576403452257e-01	2.632411828888881478e-01	1.571930993114178943e-01	7.461128705883877943e-02	3.100311295095544567e-02	7.883221914142918285e-02
1.262658025764028707e+03	2.395347542085950188e-01	1.550650426497918455e-01	2.634671660618155276e-01	1.573196235523363351e-01	7.466382003922542032e-02	3.103795458235210358e-02	7.891163890572472361e-02
1.265076910870856636e+03	2.392199697760629684e-01	1.548619969346942959e-01	2.636925111487444240e-01	1.574457602266070011e-01	7.471620509065936278e-02	3.107272173606040466e-02	7.899083508701250367e-02
1.267495795977684338e+03	2.389060851263841712e-01	1.546595189001295501e-01	2.639172199407463504e-01	1.575715105789517179e-01	7.476844263412256442e-02	3.110741450019304313e-02	7.906980831931359477e-02
1.269914681084511813e+03	2.385930976830129280e-01	1.544576069556448661e-01	2.641412942238632322e-01	1.576968758498921985e-01	7.482053308932566649e-02	3.114203296325264436e-02	7.914855923484941103e-02
1.272333566191339514e+03	2.382810048768222999e-01	1.542562595152451865e-01	2.643647357791219510e-01	1.578218572757643101e-01	7.487247687471357271e-02	3.117657721412716437e-02	7.922708846404646899e-02
1.274752451298167216e+03	2.379698041460824309e-01	1.540554749973806203e-01	2.645875463825480556e-01	1.579464560887325619e-01	7.492427440747079226e-02	3.121104734208532405e-02	7.930539663554113383e-02
1.277171336404994690e+03	2.376594929364389541e-01	1.538552518249340362e-01	2.648097278051800840e-01	1.580706735168043442e-01	7.497592610352693532e-02	3.124544343677208152e-02	7.938348437618446274e-02
1.279590221511822392e+03	2.373500687008917032e-01	1.536555884252085724e-01	2.650312818130832748e-01	1.581945107838442499e-01	7.502743237756197281e-02	3.127976558820414615e-02	7.946135231104693719e-02
1.282009106618650094e+03	2.370415288997729797e-01	1.534564832299153136e-01	2.652522101673638333e-01	1.583179691095882857e-01	7.507879364301157932e-02	3.131401388676550990e-02	7.953900106342326470e-02
1.284427991725477568e+03	2.367338710007264868e-01	1.532579346751609117e-01	2.654725146241828093e-01	1.584410497096581105e-01	7.513001031207232339e-02	3.134818842320302723e-02	7.961643125483706951e-02
1.286846876832305497e+03	2.364270924786858186e-01	1.530599412014351790e-01	2.656921969347698087e-01	1.585637537955752185e-01	7.518108279570687169e-02	3.138228928862202977e-02	7.969364350504574979e-02
1.289265761939132744e+03	2.361211908158533657e-01	1.528625012535989314e-01	2.659112588454371484e-01	1.586860825747750392e-01	7.523201150364908218e-02	3.141631657448196863e-02	7.977063843204516835e-02
1.291684647045960673e+03	2.358161635016791102e-01	1.526656132808715816e-01	2.661297020975933458e-01	1.588080372506210369e-01	7.528279684440909725e-02	3.145027037259207764e-02	7.984741665207441275e-02
1.294103532152788375e+03	2.355120080328395316e-01	1.524692757368190932e-01	2.663475284277571631e-01	1.589296190224188110e-01	7.533343922527839520e-02	3.148415077510711979e-02	7.992397877962058306e-02
1.296522417259616077e+03	2.352087219132164564e-01	1.522734870793416295e-01	2.665647395675712072e-01	1.590508290854300844e-01	7.538393905233473080e-02	3.151795787452309205e-02	8.000032542742348263e-02
1.298941302366443551e+03	2.349063026538762700e-01	1.520782457706614799e-01	2.667813372438158082e-01	1.591716686308866369e-01	7.543429673044713124e-02	3.155169176367302736e-02	8.007645720648035037e-02
1.301360187473271253e+03	2.346047477730488495e-01	1.518835502773109858e-01	2.669973231784223411e-01	1.592921388460043497e-01	7.548451266328067011e-02	3.158535253572278961e-02	8.015237472605064861e-02
1.303779072580098727e+03	2.343040547961068309e-01	1.516893990701203565e-01	2.672126990884873821e-01	1.594122409139969720e-01	7.553458725330143564e-02	3.161894028416691732e-02	8.022807859366072603e-02
1.306197957686926657e+03	2.340042212555447365e-01	1.514957906242056507e-01	2.674274666862856420e-01	1.595319760140901377e-01	7.558452090178124916e-02	3.165245510282449493e-02	8.030356941510860547e-02
1.308616842793753904e+03	2.337052446909582970e-01	1.513027234189568693e-01	2.676416276792841775e-01	1.596513453215351042e-01	7.563431400880239741e-02	3.168589708583507275e-02	8.037884779446859140e-02
1.311035727900581833e+03	2.334071226490237738e-01	1.511101959380257709e-01	2.678551837701553806e-01	1.597703500076224914e-01	7.568396697326242040e-02	3.171926632765458692e-02	8.045391433409609938e-02
1.313454613007409534e+03	2.331098526834773088e-01	1.509182066693140756e-01	2.680681366567907453e-01	1.598889912396961599e-01	7.573348019287871880e-02	3.175256292305132094e-02	8.052876963463224957e-02
1.315873498114237009e+03	2.328134323550944407e-01	1.507267541049614745e-01	2.682804880323141905e-01	1.600072701811667830e-01	7.578285406419316139e-02	3.178578696710192275e-02	8.060341429500861299e-02
1.318292383221064711e+03	2.325178592316697324e-01	1.505358367413338061e-01	2.684922395850953825e-01	1.601251879915255860e-01	7.583208898257673414e-02	3.181893855518741487e-02	8.067784891245190215e-02
1.320711268327892412e+03	2.322231308879960932e-01	1.503454530790112320e-01	2.687033929987633907e-01	1.602427458263579463e-01	7.588118534223400879e-02	3.185201778298926006e-02	8.075207408248863405e-02
1.323130153434719887e+03	2.319292449058447114e-01	1.501556016227762747e-01	2.689139499522197330e-01	1.603599448373569658e-01	7.593014353620768098e-02	3.188502474648545471e-02	8.082609039894980696e-02
1.325549038541547588e+03	2.316361988739445155e-01	1.499662808816020765e-01	2.691239121196517536e-01	1.604767861723370714e-01	7.597896395638303879e-02	3.191795954194662222e-02	8.089989845397557722e-02
1.327967923648375290e+03	2.313439903879621340e-01	1.497774893686408260e-01	2.693332811705457797e-01	1.605932709752474485e-01	7.602764699349237598e-02	3.195082226593220359e-02	8.097349883801989445e-02
1.330386808755202765e+03	2.310526170504815791e-01	1.495892256012119059e-01	2.695420587697005543e-01	1.607094003861855580e-01	7.607619303711936343e-02	3.198361301528659939e-02	8.104689213985516449e-02
1.332805693862030694e+03	2.307620764709842343e-01	1.494014881007900974e-01	2.697502465772402269e-01	1.608251755414105144e-01	7.612460247570342065e-02	3.201633188713537415e-02	8.112007894657689844e-02
1.335224578968857941e+03	2.304723662658287320e-01	1.492142753929941446e-01	2.699578462486274533e-01	1.609405975733565197e-01	7.617287569654401791e-02	3.204897897888153019e-02	8.119305984360836170e-02
1.337643464075685870e+03	2.301834840582310526e-01	1.490275860075750136e-01	2.701648594346766630e-01	1.610556676106462137e-01	7.622101308580496448e-02	3.208155438820170513e-02	8.126583541470518146e-02
1.340062349182513572e+03	2.298954274782444851e-01	1.488414184784043193e-01	2.703712877815669935e-01	1.611703867781038579e-01	7.626901502851862746e-02	3.211405821304254282e-02	8.133840624195995406e-02
1.342481234289341273e+03	2.296081941627398093e-01	1.486557713434628336e-01	2.705771329308554463e-01	1.612847561967687138e-01	7.631688190859016452e-02	3.214649055161693941e-02	8.141077290580689407e-02
1.344900119396168748e+03	2.293217817553855065e-01	1.484706431448288566e-01	2.707823965194896543e-01	1.613987769839082542e-01	7.636461410880163170e-02	3.217885150240043513e-02	8.148293598502640012e-02
1.347319004502996449e+03	2.290361879066278861e-01	1.482860324286668363e-01	2.709870801798210938e-01	1.615124502530313200e-01	7.641221201081624392e-02	3.221114116412757827e-02	8.155489605674970388e-02
1.349737889609823924e+03	2.287514102736716848e-01	1.481019377452158226e-01	2.711911855396177962e-01	1.616257771139012200e-01	7.645967599518238567e-02	3.224335963578833092e-02	8.162665369646340818e-02
1.352156774716651853e+03	2.284674465204599991e-01	1.479183576487781149e-01	2.713947142220773934e-01	1.617387586725488879e-01	7.650700644133769102e-02	3.227550701662448146e-02	8.169820947801409439e-02
1.354575659823479100e+03	2.281842943176551064e-01	1.477352906977077718e-01	2.715976678458397742e-01	1.618513960312858713e-01	7.655420372761312375e-02	3.230758340612612661e-02	8.176956397361288820e-02
1.356994544930307029e+03	2.279019513426186749e-01	1.475527354543993974e-01	2.718000480249999629e-01	1.619636902887174601e-01	7.660126823123693252e-02	3.233958890402814645e-02	8.184071775384001157e-02
1.359413430037134731e+03	2.276204152793924740e-01	1.473706904852767341e-01	2.720018563691211089e-01	1.620756425397555656e-01	7.664820032833868924e-02	3.237152361030669334e-02	8.191167138764933464e-02
1.361832315143962205e+03	2.273396838186788338e-01	1.471891543607812824e-01	2.722030944832468102e-01	1.621872538756316262e-01	7.669500039395323043e-02	3.240338762517576410e-02	8.198242544237295537e-02
1.364251200250789907e+03	2.270597546578214665e-01	1.470081256553611992e-01	2.724037639679142142e-01	1.622985253839096531e-01	7.674166880202452912e-02	3.243518104908373750e-02	8.205298048372569597e-02
1.366670085357617609e+03	2.267806255007859539e-01	1.468276029474599176e-01	2.726038664191664518e-01	1.624094581484988864e-01	7.678820592540960832e-02	3.246690398270998118e-02	8.212333707580968256e-02
1.369088970464445310e+03	2.265022940581407629e-01	1.466475848195050724e-01	2.728034034285653497e-01	1.625200532496667016e-01	7.683461213588244076e-02	3.249855652696144459e-02	8.219349578111878607e-02
1.371507855571272785e+03	2.262247580470378994e-01	1.464680698578972040e-01	2.730023765832038096e-01	1.626303117640514051e-01	7.688088780413772361e-02	3.253013878296931449e-02	8.226345716054320190e-02
1.373926740678100487e+03	2.259480151911938128e-01	1.462890566529987391e-01	2.732007874657187974e-01	1.627402347646749459e-01	7.692703329979469484e-02	3.256165085208567733e-02	8.233322177337393244e-02
1.376345625784927961e+03	2.256720632208704114e-01	1.461105437991227773e-01	2.733986376543034447e-01	1.628498233209555446e-01	7.697304899140093581e-02	3.259309283588020939e-02	8.240279017730722799e-02
1.378764510891755890e+03	2.253968998728560214e-01	1.459325298945220728e-01	2.735959287227198167e-01	1.629590784987203778e-01	7.701893524643610434e-02	3.262446483613690162e-02	8.247216292844916641e-02
1.381183395998583137e+03	2.251225228904464859e-01	1.457550135413780423e-01	2.737926622403111798e-01	1.630680013602182066e-01	7.706469243131568170e-02	3.265576695485077063e-02	8.254134058132008012e-02
1.383602281105411066e+03	2.248489300234261246e-01	1.455779933457896358e-01	2.739888397720145474e-01	1.631765929641318946e-01	7.711032091139460865e-02	3.268699929422466677e-02	8.261032368885895538e-02
1.386021166212238768e+03	2.245761190280491093e-01	1.454014679177623726e-01	2.741844628783729476e-01	1.632848543655909257e-01	7.715582105097099075e-02	3.271816195666601979e-02	8.267911280242798422e-02
1.388440051319066470e+03	2.243040876670205630e-01	1.452254358711974891e-01	2.743795331155479134e-01	1.633927866161839215e-01	7.720119321328978990e-02	3.274925504478370247e-02	8.274770847181697753e-02
1.390858936425893944e+03	2.240328337094777689e-01	1.450498958238808922e-01	2.745740520353315839e-01	1.635003907639710763e-01	7.724643776054637700e-02	3.278027866138481794e-02	8.281611124524776435e-02
1.393277821532721646e+03	2.237623549309717408e-01	1.448748463974723344e-01	2.747680211851593057e-01	1.636076678534965356e-01	7.729155505389014025e-02	3.281123290947159099e-02	8.288432166937864665e-02
1.395696706639549120e+03	2.234926491134483773e-01	1.447002862174945614e-01	2.749614421081214566e-01	1.637146189258007201e-01	7.733654545342807940e-02	3.284211789223823869e-02	8.295234028930882630e-02
1.398115591746377049e+03	2.232237140452299484e-01	1.445262139133224599e-01	2.751543163429761019e-01	1.638212450184327595e-01	7.738140931822833080e-02	3.287293371306789641e-02	8.302016764858283215e-02
1.400534476853204296e+03	2.229555475209967774e-01	1.443526281181722049e-01	2.753466454241607075e-01	1.639275471654625671e-01	7.742614700632370617e-02	3.290368047552953007e-02	8.308780428919482208e-02
1.402953361960032225e+03	2.226881473417685608e-01	1.441795274690906015e-01	2.755384308818046857e-01	1.640335263974932456e-01	7.747075887471517597e-02	3.293435828337493154e-02	8.315525075159309332e-02
1.405372247066859927e+03	2.224215113148861056e-01	1.440069106069442606e-01	2.757296742417412183e-01	1.641391837416732724e-01	7.751524527937538045e-02	3.296496724053563088e-02	8.322250757468434290e-02
1.407791132173687402e+03	2.221556372539929547e-01	1.438347761764089960e-01	2.759203770255195254e-01	1.642445202217085454e-01	7.755960657525204360e-02	3.299550745111996114e-02	8.328957529583813635e-02
1.410210017280515103e+03	2.218905229790171796e-01	1.436631228259589443e-01	2.761105407504168552e-01	1.643495368578745675e-01	7.760384311627141485e-02	3.302597901941003306e-02	8.335645445089118200e-02
1.412628902387342805e+03	2.216261663161530060e-01	1.434919492078560455e-01	2.763001669294503082e-01	1.644542346670284649e-01	7.764795525534172460e-02	3.305638204985882761e-02	8.342314557415173026e-02
1.415047787494170507e+03	2.213625650978427450e-01	1.433212539781394956e-01	2.764892570713891606e-01	1.645586146626210611e-01	7.769194334435650107e-02	3.308671664708723315e-02	8.348964919840390353e-02
1.417466672600997981e+03	2.210997171627586966e-01	1.431510357966150337e-01	2.766778126807663551e-01	1.646626778547088943e-01	7.773580773419798418e-02	3.311698291588113102e-02	8.355596585491198436e-02
1.419885557707825683e+03	2.208376203557849693e-01	1.429812933268443942e-01	2.768658352578907689e-01	1.647664252499660975e-01	7.777954877474045625e-02	3.314718096118855067e-02	8.362209607342481477e-02
1.422304442814653157e+03	2.205762725279996339e-01	1.428120252361348430e-01	2.770533262988589818e-01	1.648698578516963331e-01	7.782316681485358656e-02	3.317731088811674833e-02	8.368804038218000119e-02
1.424723327921481086e+03	2.203156715366565710e-01	1.426432301955286031e-01	2.772402872955668784e-01	1.649729766598445613e-01	7.786666220240573422e-02	3.320737280192941066e-02	8.375379930790828598e-02
1.427142213028308333e+03	2.200558152451677074e-01	1.424749068797924734e-01	2.774267197357219716e-01	1.650757826710090859e-01	7.791003528426719560e-02	3.323736680804379590e-02	8.381937337583778014e-02
1.429561098135136262e+03	2.197967015230851417e-01	1.423070539674072543e-01	2.776126251028546155e-01	1.651782768784531841e-01	7.795328640631349337e-02	3.326729301202797223e-02	8.388476310969829319e-02
1.431979983241963964e+03	2.195383282460832974e-01	1.421396701405575058e-01	2.777980048763301069e-01	1.652804602721167915e-01	7.799641591342867941e-02	3.329715151959799363e-02	8.394996903172559366e-02
1.434398868348791666e+03	2.192806932959411592e-01	1.419727540851210001e-01	2.779828605313601764e-01	1.653823338386283814e-01	7.803942414950847117e-02	3.332694243661518674e-02	8.401499166266558627e-02
1.436817753455619140e+03	2.190237945605246761e-01	1.418063044906584524e-01	2.781671935390147565e-01	1.654838985613164837e-01	7.808231145746351298e-02	3.335666586908336839e-02	8.407983152177864183e-02
1.439236638562446842e+03	2.187676299337690533e-01	1.416403200504031401e-01	2.783510053662337502e-01	1.655851554202213693e-01	7.812507817922255404e-02	3.338632192314617414e-02	8.414448912684382997e-02
1.441655523669274316e+03	2.185121973156610997e-01	1.414747994612507165e-01	2.785342974758383550e-01	1.656861053921066529e-01	7.816772465573562645e-02	3.341591070508433819e-02	8.420896499416308245e-02
1.444074408776102018e+03	2.182574946122218251e-01	1.413097414237488303e-01	2.787170713265427757e-01	1.657867494504707551e-01	7.821025122697719545e-02	3.344543232131300114e-02	8.427325963856546753e-02
1.446493293882929493e+03	2.180035197354888710e-01	1.411451446420869393e-01	2.788993283729657713e-01	1.658870885655585325e-01	7.825265823194924031e-02	3.347488687837908011e-02	8.433737357341136720e-02
1.448912178989757422e+03	2.177502706034991076e-01	1.409810078240860409e-01	2.790810700656422005e-01	1.659871237043726022e-01	7.829494600868452947e-02	3.350427448295865279e-02	8.440130731059665437e-02
1.451331064096585123e+03	2.174977451402711759e-01	1.408173296811886244e-01	2.792622978510344578e-01	1.660868558306848319e-01	7.833711489424949326e-02	3.353359524185427210e-02	8.446506136055692560e-02
1.453749949203412370e+03	2.172459412757882791e-01	1.406541089284483736e-01	2.794430131715438526e-01	1.661862859050476926e-01	7.837916522474749903e-02	3.356284926199244734e-02	8.452863623227159506e-02
1.456168834310240300e+03	2.169948569459808074e-01	1.404913442845200644e-01	2.796232174655221003e-01	1.662854148848056934e-01	7.842109733532184879e-02	3.359203665042103520e-02	8.459203243326815502e-02
1.458587719417068001e+03	2.167444900927090745e-01	1.403290344716496274e-01	2.798029121672826469e-01	1.663842437241065952e-01	7.846291156015879065e-02	3.362115751430666544e-02	8.465525046962625588e-02
1.461006604523895703e+03	2.164948386637463029e-01	1.401671782156638790e-01	2.799820987071121037e-01	1.664827733739126514e-01	7.850460823249062747e-02	3.365021196093223588e-02	8.471829084598185566e-02
1.463425489630723177e+03	2.162459006127613048e-01	1.400057742459605292e-01	2.801607785112814608e-01	1.665810047820119044e-01	7.854618768459865896e-02	3.367920009769437978e-02	8.478115406553135558e-02
1.465844374737550879e+03	2.159976738993015510e-01	1.398448212954982450e-01	2.803389530020574116e-01	1.666789388930293436e-01	7.858765024781624864e-02	3.370812203210099556e-02	8.484384063003576337e-02
1.468263259844378354e+03	2.157501564887760459e-01	1.396843181007866863e-01	2.805166235977135658e-01	1.667765766484380352e-01	7.862899625253172431e-02	3.373697787176870716e-02	8.490635103982475951e-02
1.470682144951206283e+03	2.155033463524383686e-01	1.395242634018763472e-01	2.806937917125417181e-01	1.668739189865702799e-01	7.867022602819147281e-02	3.376576772442045626e-02	8.496868579380076336e-02
1.473101030058033530e+03	2.152572414673698531e-01	1.393646559423488140e-01	2.808704587568632283e-01	1.669709668426286042e-01	7.871133990330277108e-02	3.379449169788306673e-02	8.503084538944308268e-02
1.475519915164861459e+03	2.150118398164625189e-01	1.392054944693069118e-01	2.810466261370396235e-01	1.670677211486968350e-01	7.875233820543676988e-02	3.382314990008476741e-02	8.509283032281197978e-02
1.477938800271689161e+03	2.147671393884023616e-01	1.390467777333646293e-01	2.812222952554843114e-01	1.671641828337510627e-01	7.879322126123146364e-02	3.385174243905283986e-02	8.515464108855272385e-02
1.480357685378516862e+03	2.145231381776526447e-01	1.388885044886374320e-01	2.813974675106733492e-01	1.672603528236706327e-01	7.883398939639450764e-02	3.388026942291121751e-02	8.521627817989961551e-02
1.482776570485344337e+03	2.142798341844369403e-01	1.387306734927323815e-01	2.815721442971566013e-01	1.673562320412490256e-01	7.887464293570618790e-02	3.390873095987811253e-02	8.527774208868010852e-02
