1.001418434226643626e+03	2.858030871718470478e-01	1.690944192622437225e-01	2.343284858192201947e-01	1.419908977496761315e-01	6.958704818959975114e-02	2.819896888208102068e-02	7.099709292532400962e-02
1.003837319333471214e+03	2.853628207723112320e-01	1.688325102749912432e-01	2.346170859261334507e-01	1.421702142816358427e-01	6.966115395151609158e-02	2.824463595068605823e-02	7.111157884271798735e-02
1.006256204440298802e+03	2.849238270062137146e-01	1.685713583879663857e-01	2.349048019451110969e-01	1.423490138273022787e-01	6.973505018288665702e-02	2.829020836141490566e-02	7.122574028909678390e-02
1.008675089547126618e+03	2.844861021842736148e-01	1.683109614061619741e-01	2.351916365711609058e-01	1.425272980626570429e-01	6.980873752278518585e-02	2.833568615904628191e-02	7.133957809390677196e-02
1.011093974653954206e+03	2.840496426279935926e-01	1.680513171409889206e-01	2.354775924906905571e-01	1.427050686565134729e-01	6.988221660794743939e-02	2.838106938981322519e-02	7.145309308604454179e-02
1.013512859760782021e+03	2.836144446696273747e-01	1.677924234102571022e-01	2.357626723815427205e-01	1.428823272705642966e-01	6.995548807278328951e-02	2.842635810138720645e-02	7.156628609382975625e-02
1.015931744867609382e+03	2.831805046521473912e-01	1.675342780381559871e-01	2.360468789130298894e-01	1.430590755594287056e-01	7.002855254938870899e-02	2.847155234286239192e-02	7.167915794497863036e-02
1.018350629974437197e+03	2.827478189292125799e-01	1.672768788552354835e-01	2.363302147459689917e-01	1.432353151706991234e-01	7.010141066755776196e-02	2.851665216474003409e-02	7.179170946657770225e-02
1.020769515081264785e+03	2.823163838651361890e-01	1.670202236983867328e-01	2.366126825327156957e-01	1.434110477449873633e-01	7.017406305479434447e-02	2.856165761891299795e-02	7.190394148505829808e-02
1.023188400188092373e+03	2.818861958348538033e-01	1.667643104108230134e-01	2.368942849171984666e-01	1.435862749159705354e-01	7.024651033632403618e-02	2.860656875865042262e-02	7.201585482617131606e-02
1.025607285294920075e+03	2.814572512238914248e-01	1.665091368420607842e-01	2.371750245349524000e-01	1.437609983104362332e-01	7.031875313510563275e-02	2.865138563858250775e-02	7.212745031496257953e-02
1.028026170401747549e+03	2.810295464283336098e-01	1.662547008479006438e-01	2.374549040131528344e-01	1.439352195483275809e-01	7.039079207184277542e-02	2.869610831468544579e-02	7.223872877574862017e-02
1.030445055508575479e+03	2.806030778547918270e-01	1.660010002904085125e-01	2.377339259706487684e-01	1.441089402427876143e-01	7.046262776499540026e-02	2.874073684426645472e-02	7.234969103209291930e-02
1.032863940615402726e+03	2.801778419203728165e-01	1.657480330378967026e-01	2.380120930179958627e-01	1.442821620002034400e-01	7.053426083079110398e-02	2.878527128594898093e-02	7.246033790678260700e-02
1.035282825722230655e+03	2.797538350526469486e-01	1.654957969649052119e-01	2.382894077574895242e-01	1.444548864202497840e-01	7.060569188323644052e-02	2.882971169965798525e-02	7.257067022180557769e-02
1.037701710829058356e+03	2.793310536896171925e-01	1.652442899521830155e-01	2.385658727831973802e-01	1.446271150959322349e-01	7.067692153412813427e-02	2.887405814660540249e-02	7.268068879832810525e-02
1.040120595935886058e+03	2.789094942796875309e-01	1.649935098866693872e-01	2.388414906809918359e-01	1.447988496136299874e-01	7.074795039306419620e-02	2.891831068927567042e-02	7.279039445667280506e-02
1.042539481042713533e+03	2.784891532816318738e-01	1.647434546614753859e-01	2.391162640285822705e-01	1.449700915531383916e-01	7.081877906745495665e-02	2.896246939141143562e-02	7.289978801629712346e-02
1.044958366149541234e+03	2.780700271645629162e-01	1.644941221758651484e-01	2.393901953955470396e-01	1.451408424877108083e-01	7.088940816253404276e-02	2.900653431799935303e-02	7.300887029577214637e-02
1.047377251256368709e+03	2.776521124079012193e-01	1.642455103352377099e-01	2.396632873433651445e-01	1.453111039841002428e-01	7.095983828136921689e-02	2.905050553525602083e-02	7.311764211276183811e-02
1.049796136363196410e+03	2.772354055013443452e-01	1.639976170511084075e-01	2.399355424254480118e-01	1.454808776026005890e-01	7.103007002487317367e-02	2.909438311061402285e-02	7.322610428400279370e-02
1.052215021470024112e+03	2.768199029448360493e-01	1.637504402410905613e-01	2.402069631871707189e-01	1.456501648970874030e-01	7.110010399181425356e-02	2.913816711270809934e-02	7.333425762528422709e-02
1.054633906576851814e+03	2.764056012485356928e-01	1.635039778288772117e-01	2.404775521659031079e-01	1.458189674150583703e-01	7.116994077882705938e-02	2.918185761136144266e-02	7.344210295142845901e-02
1.057052791683679516e+03	2.759924969327873234e-01	1.632582277442229668e-01	2.407473118910407328e-01	1.459872866976733852e-01	7.123958098042298959e-02	2.922545467757210746e-02	7.354964107627175174e-02
1.059471676790506763e+03	2.755805865280898104e-01	1.630131879229257397e-01	2.410162448840356686e-01	1.461551242797941852e-01	7.130902518900072984e-02	2.926895838349952497e-02	7.365687281264556019e-02
1.061890561897334692e+03	2.751698665750659245e-01	1.627688563068086791e-01	2.412843536584269588e-01	1.463224816900236536e-01	7.137827399485666136e-02	2.931236880245116291e-02	7.376379897235811611e-02
1.064309447004162394e+03	2.747603336244323624e-01	1.625252308437022397e-01	2.415516407198709248e-01	1.464893604507448155e-01	7.144732798619508884e-02	2.935568600886926185e-02	7.387042036617642859e-02
1.066728332110990095e+03	2.743519842369694373e-01	1.622823094874260852e-01	2.418181085661713081e-01	1.466557620781594462e-01	7.151618774913857945e-02	2.939891007831772415e-02	7.397673780380856212e-02
1.069147217217817570e+03	2.739448149834910473e-01	1.620400901977711861e-01	2.420837596873091913e-01	1.468216880823261516e-01	7.158485386773805192e-02	2.944204108746908272e-02	7.408275209388641425e-02
1.071566102324645271e+03	2.735388224448146999e-01	1.617985709404818617e-01	2.423485965654727792e-01	1.469871399671985046e-01	7.165332692398293513e-02	2.948507911409161547e-02	7.418846404394868754e-02
1.073984987431472746e+03	2.731340032117317018e-01	1.615577496872382945e-01	2.426126216750868758e-01	1.471521192306622650e-01	7.172160749781106293e-02	2.952802423703654311e-02	7.429387446042434728e-02
1.076403872538300675e+03	2.727303538849772391e-01	1.613176244156384331e-01	2.428758374828421940e-01	1.473166273645728219e-01	7.178969616711872170e-02	2.957087653622535520e-02	7.439898414861631504e-02
1.078822757645127922e+03	2.723278710752006782e-01	1.610781931091804786e-01	2.431382464477246375e-01	1.474806658547918869e-01	7.185759350777046195e-02	2.961363609263724037e-02	7.450379391268560636e-02
1.081241642751955851e+03	2.719265514029362563e-01	1.608394537572452598e-01	2.433998510210441391e-01	1.476442361812241033e-01	7.192530009360893761e-02	2.965630298829661018e-02	7.460830455563566277e-02
1.083660527858783553e+03	2.715263914985733273e-01	1.606014043550786086e-01	2.436606536464635264e-01	1.478073398178530173e-01	7.199281649646455117e-02	2.969887730626076527e-02	7.471251687929714169e-02
1.086079412965611255e+03	2.711273880023269411e-01	1.603640429037739012e-01	2.439206567600270825e-01	1.479699782327771884e-01	7.206014328616519582e-02	2.974135913060763428e-02	7.481643168431295621e-02
1.088498298072438729e+03	2.707295375642087554e-01	1.601273674102544897e-01	2.441798627901890506e-01	1.481321528882454941e-01	7.212728103054576179e-02	2.978374854642364469e-02	7.492004977012367561e-02
1.090917183179266431e+03	2.703328368439976703e-01	1.598913758872564650e-01	2.444382741578417784e-01	1.482938652406924351e-01	7.219423029545769810e-02	2.982604563979167345e-02	7.502337193495314804e-02
1.093336068286093905e+03	2.699372825112107410e-01	1.596560663533111157e-01	2.446958932763438344e-01	1.484551167407729966e-01	7.226099164477843562e-02	2.986825049777913285e-02	7.512639897579455328e-02
1.095754953392921607e+03	2.695428712450742559e-01	1.594214368327279141e-01	2.449527225515479578e-01	1.486159088333971201e-01	7.232756564042078229e-02	2.991036320842612589e-02	7.522913168839671927e-02
1.098173838499749309e+03	2.691495997344945379e-01	1.591874853555770020e-01	2.452087643818286755e-01	1.487762429577640932e-01	7.239395284234219352e-02	2.995238386073373685e-02	7.533157086725061902e-02
1.100592723606577010e+03	2.687574646780294674e-01	1.589542099576722323e-01	2.454640211581099185e-01	1.489361205473963834e-01	7.246015380855408416e-02	2.999431254465239130e-02	7.543371730557638100e-02
1.103011608713404712e+03	2.683664627838595607e-01	1.587216086805538218e-01	2.457184952638924169e-01	1.490955430301733331e-01	7.252616909513093235e-02	3.003614935107035491e-02	7.553557179531036891e-02
1.105430493820231959e+03	2.679765907697593819e-01	1.584896795714715312e-01	2.459721890752808726e-01	1.492545118283644945e-01	7.259199925621945271e-02	3.007789437180229813e-02	7.563713512709267783e-02
1.107849378927059888e+03	2.675878453630688991e-01	1.582584206833675677e-01	2.462251049610110487e-01	1.494130283586626862e-01	7.265764484404761692e-02	3.011954769957797193e-02	7.573840809025493559e-02
1.110268264033887590e+03	2.672002233006651184e-01	1.580278300748595155e-01	2.464772452824766369e-01	1.495710940322166616e-01	7.272310640893361877e-02	3.016110942803099104e-02	7.583939147280818749e-02
1.112687149140715292e+03	2.668137213289336618e-01	1.577979058102235710e-01	2.467286123937559583e-01	1.497287102546636661e-01	7.278838449929486698e-02	3.020257965168770750e-02	7.594008606143129447e-02
1.115106034247542766e+03	2.664283362037405123e-01	1.575686459593776678e-01	2.469792086416386367e-01	1.498858784261615229e-01	7.285347966165674205e-02	3.024395846595617429e-02	7.604049264145945619e-02
1.117524919354370468e+03	2.660440646904038697e-01	1.573400485978647123e-01	2.472290363656518275e-01	1.500425999414205791e-01	7.291839244066147807e-02	3.028524596711522354e-02	7.614061199687303938e-02
1.119943804461197942e+03	2.656609035636660066e-01	1.571121118068357081e-01	2.474780978980866686e-01	1.501988761897352642e-01	7.298312337907685021e-02	3.032644225230361409e-02	7.624044491028660053e-02
1.122362689568025871e+03	2.652788496076651792e-01	1.568848336730332138e-01	2.477263955640242321e-01	1.503547085550155371e-01	7.304767301780491773e-02	3.036754741950930397e-02	7.633999216293831103e-02
1.124781574674853118e+03	2.648978996159078170e-01	1.566582122887747452e-01	2.479739316813615868e-01	1.505100984158177502e-01	7.311204189589053104e-02	3.040856156755877837e-02	7.643925453467945164e-02
1.127200459781681047e+03	2.645180503912407666e-01	1.564322457519360388e-01	2.482207085608373887e-01	1.506650471453755968e-01	7.317623055052997760e-02	3.044948479610652681e-02	7.653823280396429563e-02
1.129619344888508749e+03	2.641392987458233144e-01	1.562069321659346754e-01	2.484667285060578046e-01	1.508195561116305872e-01	7.324023951707943347e-02	3.049031720562454112e-02	7.663692774784018613e-02
1.132038229995336451e+03	2.637616415010998194e-01	1.559822696397135111e-01	2.487119938135218256e-01	1.509736266772621904e-01	7.330406932906344264e-02	3.053105889739196610e-02	7.673534014193778008e-02
1.134457115102163925e+03	2.633850754877717915e-01	1.557582562877243559e-01	2.489565067726465797e-01	1.511272601997180054e-01	7.336772051818324369e-02	3.057170997348481606e-02	7.683347076046168067e-02
1.136876000208991627e+03	2.630095975457709123e-01	1.555348902299114877e-01	2.492002696657926453e-01	1.512804580312433478e-01	7.343119361432512426e-02	3.061227053676577464e-02	7.693132037618115315e-02
1.139294885315819101e+03	2.626352045242311695e-01	1.553121695916954703e-01	2.494432847682890864e-01	1.514332215189107544e-01	7.349448914556869217e-02	3.065274069087408834e-02	7.702888976042120139e-02
1.141713770422646803e+03	2.622618932814617665e-01	1.550900925039567779e-01	2.496855543484582940e-01	1.515855520046492932e-01	7.355760763819504944e-02	3.069312054021556060e-02	7.712617968305371385e-02
1.144132655529474505e+03	2.618896606849199782e-01	1.548686571030196413e-01	2.499270806676408274e-01	1.517374508252733178e-01	7.362054961669499409e-02	3.073341018995262575e-02	7.722319091248898426e-02
1.146551540636302207e+03	2.615185036111838390e-01	1.546478615306359494e-01	2.501678659802200611e-01	1.518889193125114723e-01	7.368331560377709699e-02	3.077360974599450613e-02	7.731992421566735718e-02
1.148970425743129908e+03	2.611484189459253313e-01	1.544277039339689850e-01	2.504079125336466927e-01	1.520399587930349738e-01	7.374590612037573711e-02	3.081371931498744915e-02	7.741638035805110951e-02
1.151389310849957155e+03	2.607794035838832958e-01	1.542081824655774924e-01	2.506472225684628907e-01	1.521905705884858684e-01	7.380832168565909512e-02	3.085373900430507521e-02	7.751256010361655402e-02
1.153808195956785084e+03	2.604114544288363420e-01	1.539892952833997186e-01	2.508857983183268581e-01	1.523407560155050355e-01	7.387056281703710536e-02	3.089366892203878473e-02	7.760846421484632329e-02
1.156227081063612786e+03	2.600445683935764807e-01	1.537710405507373146e-01	2.511236420100367850e-01	1.524905163857600277e-01	7.393263003016932455e-02	3.093350917698825531e-02	7.770409345272193125e-02
1.158645966170440488e+03	2.596787423998822564e-01	1.535534164362395149e-01	2.513607558635546635e-01	1.526398530059724645e-01	7.399452383897277274e-02	3.097325987865203953e-02	7.779944857671640401e-02
1.161064851277267962e+03	2.593139733784919909e-01	1.533364211138873168e-01	2.515971420920302126e-01	1.527887671779454559e-01	7.405624475562970488e-02	3.101292113721822521e-02	7.789453034478727167e-02
1.163483736384095664e+03	2.589502582690773047e-01	1.531200527629775765e-01	2.518328029018246372e-01	1.529372601985904967e-01	7.411779329059532684e-02	3.105249306355518241e-02	7.798933951336957382e-02
1.165902621490923138e+03	2.585875940202169709e-01	1.529043095681073827e-01	2.520677404925342202e-01	1.530853333599544452e-01	7.417916995260548374e-02	3.109197576920239015e-02	7.808387683736922602e-02
1.168321506597751068e+03	2.582259775893701037e-01	1.526891897191582637e-01	2.523019570570135817e-01	1.532329879492460301e-01	7.424037524868429272e-02	3.113136936636136040e-02	7.817814307015646946e-02
1.170740391704578315e+03	2.578654059428501233e-01	1.524746914112805607e-01	2.525354547813991601e-01	1.533802252488623841e-01	7.430140968415172020e-02	3.117067396788662792e-02	7.827213896355954270e-02
1.173159276811406244e+03	2.575058760557984994e-01	1.522608128448778297e-01	2.527682358451323608e-01	1.535270465364150516e-01	7.436227376263106204e-02	3.120988968727681293e-02	7.836586526785854767e-02
1.175578161918233945e+03	2.571473849121587163e-01	1.520475522255912981e-01	2.530003024209824813e-01	1.536734530847559954e-01	7.442296798605649299e-02	3.124901663866577750e-02	7.845932273177942673e-02
1.177997047025061647e+03	2.567899295046500163e-01	1.518349077642843215e-01	2.532316566750699716e-01	1.538194461620033815e-01	7.448349285468042202e-02	3.128805493681385136e-02	7.855251210248820337e-02
1.180415932131889122e+03	2.564335068347417534e-01	1.516228776770269793e-01	2.534623007668889150e-01	1.539650270315670588e-01	7.454384886708093072e-02	3.132700469709914087e-02	7.864543412558538948e-02
1.182834817238716823e+03	2.560781139126271921e-01	1.514114601850806430e-01	2.536922368493300106e-01	1.541101969521738446e-01	7.460403652016904530e-02	3.136586603550890751e-02	7.873808954510046199e-02
1.185253702345544298e+03	2.557237477571980833e-01	1.512006535148826269e-01	2.539214670687028885e-01	1.542549571778927542e-01	7.466405630919607794e-02	3.140463906863103644e-02	7.883047910348663090e-02
1.187672587452371999e+03	2.553704053960186293e-01	1.509904558980308120e-01	2.541499935647588693e-01	1.543993089581597034e-01	7.472390872776081550e-02	3.144332391364555029e-02	7.892260354161570457e-02
1.190091472559199701e+03	2.550180838653000048e-01	1.507808655712685186e-01	2.543778184707130019e-01	1.545432535378023775e-01	7.478359426781674979e-02	3.148192068831624779e-02	7.901446359877317693e-02
1.192510357666027403e+03	2.546667802098748767e-01	1.505718807764691580e-01	2.546049439132665460e-01	1.546867921570646565e-01	7.484311341967918307e-02	3.152042951098237011e-02	7.910606001265335641e-02
1.194929242772855105e+03	2.543164914831716472e-01	1.503634997606211332e-01	2.548313720126288984e-01	1.548299260516309284e-01	7.490246667203234732e-02	3.155885050055035057e-02	7.919739351935477234e-02
1.197348127879682352e+03	2.539672147471894181e-01	1.501557207758127399e-01	2.550571048825399090e-01	1.549726564526501538e-01	7.496165451193644025e-02	3.159718377648567528e-02	7.928846485337572025e-02
1.199767012986510281e+03	2.536189470724724560e-01	1.499485420792169843e-01	2.552821446302913633e-01	1.551149845867599020e-01	7.502067742483467527e-02	3.163542945880475077e-02	7.937927474760987645e-02
1.202185898093337983e+03	2.532716855380850451e-01	1.497419619330767337e-01	2.555064933567490759e-01	1.552569116761098877e-01	7.507953589456019261e-02	3.167358766806691733e-02	7.946982393334216244e-02
1.204604783200165684e+03	2.529254272315862861e-01	1.495359786046895900e-01	2.557301531563743735e-01	1.553984389383855913e-01	7.513823040334298431e-02	3.171165852536645541e-02	7.956011314024470649e-02
1.207023668306993159e+03	2.525801692490051154e-01	1.493305903663929846e-01	2.559531261172459105e-01	1.555395675868315730e-01	7.519676143181679151e-02	3.174964215232474463e-02	7.965014309637293011e-02
1.209442553413820860e+03	2.522359086948151585e-01	1.491257954955493847e-01	2.561754143210807078e-01	1.556802988302746216e-01	7.525512945902594619e-02	3.178753867108242287e-02	7.973991452816182879e-02
1.211861438520648335e+03	2.518926426819099729e-01	1.489215922745313336e-01	2.563970198432558578e-01	1.558206338731467355e-01	7.531333496243210190e-02	3.182534820429164940e-02	7.982942816042237766e-02
1.214280323627476264e+03	2.515503683315780670e-01	1.487179789907067395e-01	2.566179447528297297e-01	1.559605739155078830e-01	7.537137841792103388e-02	3.186307087510845126e-02	7.991868471633806204e-02
1.216699208734303511e+03	2.512090827734781984e-01	1.485149539364241378e-01	2.568381911125630079e-01	1.561001201530686500e-01	7.542926029980935587e-02	3.190070680718509050e-02	8.000768491746150513e-02
1.219118093841131440e+03	2.508687831456147821e-01	1.483125154089978970e-01	2.570577609789396756e-01	1.562392737772125562e-01	7.548698108085109826e-02	3.193825612466254932e-02	8.009642948371134552e-02
1.221536978947959142e+03	2.505294665943131327e-01	1.481106617106937029e-01	2.572766564021881086e-01	1.563780359750184257e-01	7.554454123224442486e-02	3.197571895216305693e-02	8.018491913336910082e-02
1.223955864054786844e+03	2.501911302741949283e-01	1.479093911487137925e-01	2.574948794263017260e-01	1.565164079292823418e-01	7.560194122363814162e-02	3.201309541478267184e-02	8.027315458307630880e-02
1.226374749161614318e+03	2.498537713481538136e-01	1.477087020351825208e-01	2.577124320890599174e-01	1.566543908185396849e-01	7.565918152313828859e-02	3.205038563808396829e-02	8.036113654783166860e-02
1.228793634268442020e+03	2.495173869873310857e-01	1.475085926871318454e-01	2.579293164220484713e-01	1.567919858170866987e-01	7.571626259731459307e-02	3.208758974808875036e-02	8.044886574098837617e-02
1.231212519375269494e+03	2.491819743710912971e-01	1.473090614264867260e-01	2.581455344506802807e-01	1.569291940950021946e-01	7.577318491120693666e-02	3.212470787127085642e-02	8.053634287425152916e-02
1.233631404482097196e+03	2.488475306869979975e-01	1.471101065800508034e-01	2.583610881942156046e-01	1.570660168181688410e-01	7.582994892833179457e-02	3.216174013454902586e-02	8.062356865767575376e-02
1.236050289588924898e+03	2.485140531307896417e-01	1.469117264794920219e-01	2.585759796657824960e-01	1.572024551482943955e-01	7.588655511068861936e-02	3.219868666527980067e-02	8.071054379966284553e-02
1.238469174695752372e+03	2.481815389063554700e-01	1.467139194613282238e-01	2.587902108723970085e-01	1.573385102429328553e-01	7.594300391876614154e-02	3.223554759125051711e-02	8.079726900695954894e-02
1.240888059802580301e+03	2.478499852257115554e-01	1.465166838669129112e-01	2.590037838149834570e-01	1.574741832555051901e-01	7.599929581154869773e-02	3.227232304067238766e-02	8.088374498465551732e-02
1.243306944909407548e+03	2.475193893089767949e-01	1.463200180424209518e-01	2.592167004883942916e-01	1.576094753353202704e-01	7.605543124652251741e-02	3.230901314217358294e-02	8.096997243618131446e-02
1.245725830016235477e+03	2.471897483843491505e-01	1.461239203388344510e-01	2.594289628814299697e-01	1.577443876275952950e-01	7.611141067968188456e-02	3.234561802479241077e-02	8.105595206330655500e-02
1.248144715123063179e+03	2.468610596880816965e-01	1.459283891119284859e-01	2.596405729768592185e-01	1.578789212734762470e-01	7.616723456553538274e-02	3.238213781797057850e-02	8.114168456613811420e-02
1.250563600229890881e+03	2.465333204644591103e-01	1.457334227222570888e-01	2.598515327514381856e-01	1.580130774100582669e-01	7.622290335711201514e-02	3.241857265154644840e-02	8.122717064311854585e-02
1.252982485336718355e+03	2.462065279657739136e-01	1.455390195351390636e-01	2.600618441759307564e-01	1.581468571704056081e-01	7.627841750596733861e-02	3.245492265574843882e-02	8.131241099102450021e-02
1.255401370443546057e+03	2.458806794523029360e-01	1.453451779206440808e-01	2.602715092151277054e-01	1.582802616835716769e-01	7.633377746218951432e-02	3.249118796118841829e-02	8.139740630496530849e-02
1.257820255550373531e+03	2.455557721922837222e-01	1.451518962535786050e-01	2.604805298278662917e-01	1.584132920746188222e-01	7.638898367440537240e-02	3.252736869885519688e-02	8.148215727838159506e-02
1.260239140657201460e+03	2.452318034618913012e-01	1.449591729134719897e-01	2.606889079670497988e-01	1.585459494646379586e-01	7.644403658978640714e-02	3.256346500010805223e-02	8.156666460304409783e-02
1.262658025764028707e+03	2.449087705452147046e-01	1.447670062845625161e-01	2.608966455796665751e-01	1.586782349707681894e-01	7.649893665405473053e-02	3.259947699667033877e-02	8.165092896905251640e-02
1.265076910870856636e+03	2.445866707342337909e-01	1.445753947557835983e-01	2.611037446068095735e-01	1.588101497062159861e-01	7.655368431148905362e-02	3.263540482062314563e-02	8.173495106483448513e-02
1.267495795977684338e+03	2.442655013287958476e-01	1.443843367207499340e-01	2.613102069836952257e-01	1.589416947802746172e-01	7.660828000493050127e-02	3.267124860439897527e-02	8.181873157714457390e-02
1.269914681084511813e+03	2.439452596365926373e-01	1.441938305777437923e-01	2.615160346396825930e-01	1.590728712983430493e-01	7.666272417578856579e-02	3.270700848077555400e-02	8.190227119106349707e-02
1.272333566191339514e+03	2.436259429731372772e-01	1.440038747297011645e-01	2.617212294982924070e-01	1.592036803619449603e-01	7.671701726404686617e-02	3.274268458286962863e-02	8.198557058999732250e-02
1.274752451298167216e+03	2.433075486617412297e-01	1.438144675841982467e-01	2.619257934772258878e-01	1.593341230687475019e-01	7.677115970826900448e-02	3.277827704413088100e-02	8.206863045567683312e-02
1.277171336404994690e+03	2.429900740334914877e-01	1.436256075534375898e-01	2.621297284883835066e-01	1.594642005125800066e-01	7.682515194560425587e-02	3.281378599833583570e-02	8.215145146815690247e-02
1.279590221511822392e+03	2.426735164272274814e-01	1.434372930542346380e-01	2.623330364378836377e-01	1.595939137834524457e-01	7.687899441179335547e-02	3.284921157958187177e-02	8.223403430581605056e-02
1.282009106618650094e+03	2.423578731895185412e-01	1.432495225080041290e-01	2.625357192260814876e-01	1.597232639675738308e-01	7.693268754117416064e-02	3.288455392228126217e-02	8.231637964535595819e-02
1.284427991725477568e+03	2.420431416746410547e-01	1.430622943407466041e-01	2.627377787475873583e-01	1.598522521473705327e-01	7.698623176668731305e-02	3.291981316115528966e-02	8.239848816180124491e-02
1.286846876832305497e+03	2.417293192445558736e-01	1.428756069830348086e-01	2.629392168912850769e-01	1.599808794015041835e-01	7.703962751988190083e-02	3.295498943122836949e-02	8.248036052849914979e-02
1.289265761939132744e+03	2.414164032688857486e-01	1.426894588700004241e-01	2.631400355403505920e-01	1.601091468048898570e-01	7.709287523092098193e-02	3.299008286782231097e-02	8.256199741711942042e-02
1.291684647045960673e+03	2.411043911248927085e-01	1.425038484413205520e-01	2.633402365722701810e-01	1.602370554287138593e-01	7.714597532858721851e-02	3.302509360655055820e-02	8.264339949765420190e-02
1.294103532152788375e+03	2.407932801974557724e-01	1.423187741412043905e-01	2.635398218588587693e-01	1.603646063404514377e-01	7.719892824028835865e-02	3.306002178331247932e-02	8.272456743841806459e-02
1.296522417259616077e+03	2.404830678790485510e-01	1.421342344183799122e-01	2.637387932662778045e-01	1.604918006038843770e-01	7.725173439206278747e-02	3.309486753428778766e-02	8.280550190604804572e-02
1.298941302366443551e+03	2.401737515697168757e-01	1.419502277260805967e-01	2.639371526550536307e-01	1.606186392791184303e-01	7.730439420858493949e-02	3.312963099593090738e-02	8.288620356550382984e-02
1.301360187473271253e+03	2.398653286770566218e-01	1.417667525220322466e-01	2.641349018800953630e-01	1.607451234226007220e-01	7.735690811317075255e-02	3.316431230496549865e-02	8.296667308006797081e-02
1.303779072580098727e+03	2.395577966161915873e-01	1.415838072684396654e-01	2.643320427907128178e-01	1.608712540871369001e-01	7.740927652778309409e-02	3.319891159837894817e-02	8.304691111134615555e-02
1.306197957686926657e+03	2.392511528097512885e-01	1.414013904319736670e-01	2.645285772306342764e-01	1.609970323219082622e-01	7.746149987303711792e-02	3.323342901341693606e-02	8.312691831926764807e-02
1.308616842793753904e+03	2.389453946878490054e-01	1.412195004837578372e-01	2.647245070380243592e-01	1.611224591724886857e-01	7.751357856820560721e-02	3.326786468757809978e-02	8.320669536208565031e-02
1.311035727900581833e+03	2.386405196880597990e-01	1.410381358993554879e-01	2.649198340455016232e-01	1.612475356808615590e-01	7.756551303122427576e-02	3.330221875860866348e-02	8.328624289637785727e-02
1.313454613007409534e+03	2.383365252553986402e-01	1.408572951587566124e-01	2.651145600801562141e-01	1.613722628854364072e-01	7.761730367869711100e-02	3.333649136449720607e-02	8.336556157704703984e-02
1.315873498114237009e+03	2.380334088422985384e-01	1.406769767463650345e-01	2.653086869635674083e-01	1.614966418210656007e-01	7.766895092590153649e-02	3.337068264346936680e-02	8.344465205732166935e-02
1.318292383221064711e+03	2.377311679085888363e-01	1.404971791509852241e-01	2.655022165118212096e-01	1.616206735190607591e-01	7.772045518679371323e-02	3.340479273398273830e-02	8.352351498875662528e-02
1.320711268327892412e+03	2.374297999214734500e-01	1.403179008658095583e-01	2.656951505355275023e-01	1.617443590072091542e-01	7.777181687401371613e-02	3.343882177472169703e-02	8.360215102123398634e-02
1.323130153434719887e+03	2.371293023555093304e-01	1.401391403884053588e-01	2.658874908398374814e-01	1.618676993097900307e-01	7.782303639889066871e-02	3.347276990459231022e-02	8.368056080296387700e-02
1.325549038541547588e+03	2.368296726925848139e-01	1.399608962207020968e-01	2.660792392244608617e-01	1.619906954475907046e-01	7.787411417144790571e-02	3.350663726271733284e-02	8.375874498048534178e-02
1.327967923648375290e+03	2.365309084218980840e-01	1.397831668689785700e-01	2.662703974836831966e-01	1.621133484379225775e-01	7.792505060040810783e-02	3.354042398843120470e-02	8.383670419866728896e-02
1.330386808755202765e+03	2.362330070399359383e-01	1.396059508438501351e-01	2.664609674063828648e-01	1.622356592946370968e-01	7.797584609319832549e-02	3.357413022127509611e-02	8.391443910070958689e-02
1.332805693862030694e+03	2.359359660504521949e-01	1.394292466602560787e-01	2.666509507760480568e-01	1.623576290281415480e-01	7.802650105595508589e-02	3.360775610099202282e-02	8.399195032814403550e-02
1.335224578968857941e+03	2.356397829644465425e-01	1.392530528374468224e-01	2.668403493707938723e-01	1.624792586454147925e-01	7.807701589352938898e-02	3.364130176752198886e-02	8.406923852083561521e-02
1.337643464075685870e+03	2.353444553001431683e-01	1.390773678989713213e-01	2.670291649633791953e-01	1.626005491500228384e-01	7.812739100949168958e-02	3.367476736099719176e-02	8.414630431698358337e-02
1.340062349182513572e+03	2.350499805829697753e-01	1.389021903726644636e-01	2.672173993212235144e-01	1.627215015421343280e-01	7.817762680613689341e-02	3.370815302173724853e-02	8.422314835312277870e-02
1.342481234289341273e+03	2.347563563455362379e-01	1.387275187906345519e-01	2.674050542064235758e-01	1.628421168185358869e-01	7.822772368448932534e-02	3.374145889024449813e-02	8.429977126412489807e-02
1.344900119396168748e+03	2.344635801276137577e-01	1.385533516892506756e-01	2.675921313757702591e-01	1.629623959726475280e-01	7.827768204430760046e-02	3.377468510719931760e-02	8.437617368319984268e-02
1.347319004502996449e+03	2.341716494761138245e-01	1.383796876091302752e-01	2.677786325807650081e-01	1.630823399945376395e-01	7.832750228408950910e-02	3.380783181345549393e-02	8.445235624189718904e-02
1.349737889609823924e+03	2.338805619450671780e-01	1.382065250951267643e-01	2.679645595676365399e-01	1.632019498709382510e-01	7.837718480107691565e-02	3.384089915003565818e-02	8.452831957010759067e-02
1.352156774716651853e+03	2.335903150956031016e-01	1.380338626963170112e-01	2.681499140773573875e-01	1.633212265852598266e-01	7.842672999126056033e-02	3.387388725812671281e-02	8.460406429606424916e-02
1.354575659823479100e+03	2.333009064959286338e-01	1.378616989659889602e-01	2.683346978456602194e-01	1.634401711176061978e-01	7.847613824938488858e-02	3.390679627907537685e-02	8.467959104634456557e-02
1.356994544930307029e+03	2.330123337213076684e-01	1.376900324616293914e-01	2.685189126030540496e-01	1.635587844447894679e-01	7.852540996895285286e-02	3.393962635438369652e-02	8.475490044587169480e-02
1.359413430037134731e+03	2.327245943540404705e-01	1.375188617449115136e-01	2.687025600748410015e-01	1.636770675403443620e-01	7.857454554223061716e-02	3.397237762570465280e-02	8.482999311791619701e-02
1.361832315143962205e+03	2.324376859834429987e-01	1.373481853816827525e-01	2.688856419811319620e-01	1.637950213745431316e-01	7.862354536025237262e-02	3.400505023483778311e-02	8.490486968409774460e-02
1.364251200250789907e+03	2.321516062058263663e-01	1.371780019419525376e-01	2.690681600368632909e-01	1.639126469144097931e-01	7.867240981282494494e-02	3.403764432372485133e-02	8.497953076438688469e-02
1.366670085357617609e+03	2.318663526244763573e-01	1.370083099998800902e-01	2.692501159518126408e-01	1.640299451237346440e-01	7.872113928853255449e-02	3.407016003444555963e-02	8.505397697710680160e-02
1.369088970464445310e+03	2.315819228496329985e-01	1.368391081337622384e-01	2.694315114306150005e-01	1.641469169630884462e-01	7.876973417474143757e-02	3.410259750921332267e-02	8.512820893893517649e-02
1.371507855571272785e+03	2.312983144984702699e-01	1.366703949260213435e-01	2.696123481727787929e-01	1.642635633898366365e-01	7.881819485760449551e-02	3.413495689037102099e-02	8.520222726490607468e-02
1.373926740678100487e+03	2.310155251950756772e-01	1.365021689631932267e-01	2.697926278727015847e-01	1.643798853581535102e-01	7.886652172206587430e-02	3.416723832038687236e-02	8.527603256841177759e-02
1.376345625784927961e+03	2.307335525704302115e-01	1.363344288359151502e-01	2.699723522196862957e-01	1.644958838190360983e-01	7.891471515186559982e-02	3.419944194185028236e-02	8.534962546120489213e-02
1.378764510891755890e+03	2.304523942623879773e-01	1.361671731389136608e-01	2.701515228979567973e-01	1.646115597203180736e-01	7.896277552954407419e-02	3.423156789746778506e-02	8.542300655340022419e-02
1.381183395998583137e+03	2.301720479156562360e-01	1.360004004709928493e-01	2.703301415866734558e-01	1.647269140066836557e-01	7.901070323644668325e-02	3.426361633005894913e-02	8.549617645347686035e-02
1.383602281105411066e+03	2.298925111817751998e-01	1.358341094350221934e-01	2.705082099599491752e-01	1.648419476196812672e-01	7.905849865272820964e-02	3.429558738255242267e-02	8.556913576828029111e-02
1.386021166212238768e+03	2.296137817190981312e-01	1.356682986379248168e-01	2.706857296868648288e-01	1.649566614977371892e-01	7.910616215735745416e-02	3.432748119798192943e-02	8.564188510302445101e-02
1.388440051319066470e+03	2.293358571927714695e-01	1.355029666906655827e-01	2.708627024314847476e-01	1.650710565761691062e-01	7.915369412812157945e-02	3.435929791948233447e-02	8.571442506129392513e-02
1.390858936425893944e+03	2.290587352747148753e-01	1.353381122082392418e-01	2.710391298528725401e-01	1.651851337871995673e-01	7.920109494163062036e-02	3.439103769028577923e-02	8.578675624504614183e-02
1.393277821532721646e+03	2.287824136436014399e-01	1.351737338096585805e-01	2.712150136051061367e-01	1.652988940599693368e-01	7.924836497332186924e-02	3.442270065371780263e-02	8.585887925461356540e-02
1.395696706639549120e+03	2.285068899848379520e-01	1.350098301179428750e-01	2.713903553372933319e-01	1.654123383205507447e-01	7.929550459746427526e-02	3.445428695319352475e-02	8.593079468870599980e-02
1.398115591746377049e+03	2.282321619905451626e-01	1.348463997601059561e-01	2.715651566935872729e-01	1.655254674919607871e-01	7.934251418716282978e-02	3.448579673221386505e-02	8.600250314441283683e-02
1.400534476853204296e+03	2.279582273595382180e-01	1.346834413671445796e-01	2.717394193132013913e-01	1.656382824941743381e-01	7.938939411436292393e-02	3.451723013436180237e-02	8.607400521720544317e-02
1.402953361960032225e+03	2.276850837973069808e-01	1.345209535740268525e-01	2.719131448304250021e-01	1.657507842441370560e-01	7.943614474985463692e-02	3.454858730329868344e-02	8.614530150093946403e-02
1.405372247066859927e+03	2.274127290159966008e-01	1.343589350196805754e-01	2.720863348746381249e-01	1.658629736557784840e-01	7.948276646327712136e-02	3.457986838276050356e-02	8.621639258785726567e-02
1.407791132173687402e+03	2.271411607343880590e-01	1.341973843469815575e-01	2.722589910703267502e-01	1.659748516400248175e-01	7.952925962312278052e-02	3.461107351655431236e-02	8.628727906859033625e-02
1.410210017280515103e+03	2.268703766778787101e-01	1.340363002027422645e-01	2.724311150370978818e-01	1.660864191048117278e-01	7.957562459674158428e-02	3.464220284855459159e-02	8.635796153216175608e-02
1.412628902387342805e+03	2.266003745784630485e-01	1.338756812377001892e-01	2.726027083896945258e-01	1.661976769550970456e-01	7.962186175034532964e-02	3.467325652269968861e-02	8.642844056598865399e-02
1.415047787494170507e+03	2.263311521747133348e-01	1.337155261065063327e-01	2.727737727380104560e-01	1.663086260928733628e-01	7.966797144901184569e-02	3.470423468298831221e-02	8.649871675588477471e-02
1.417466672600997981e+03	2.260627072117603331e-01	1.335558334677139081e-01	2.729443096871053687e-01	1.664192674171806607e-01	7.971395405668914302e-02	3.473513747347601460e-02	8.656879068606297689e-02
1.419885557707825683e+03	2.257950374412742434e-01	1.333966019837668215e-01	2.731143208372194264e-01	1.665296018241186338e-01	7.975980993619966042e-02	3.476596503827170809e-02	8.663866293913782823e-02
1.422304442814653157e+03	2.255281406214455497e-01	1.332378303209883208e-01	2.732838077837883572e-01	1.666396302068592350e-01	7.980553944924437260e-02	3.479671752153427888e-02	8.670833409612821452e-02
1.424723327921481086e+03	2.252620145169660082e-01	1.330795171495696705e-01	2.734527721174577763e-01	1.667493534556588330e-01	7.985114295640691195e-02	3.482739506746916625e-02	8.677780473645994863e-02
1.427142213028308333e+03	2.249966568990095783e-01	1.329216611435588280e-01	2.736212154240980632e-01	1.668587724578705911e-01	7.989662081715774578e-02	3.485799782032501792e-02	8.684707543796843510e-02
1.429561098135136262e+03	2.247320655452134941e-01	1.327642609808491747e-01	2.737891392848190719e-01	1.669678880979565683e-01	7.994197338985820078e-02	3.488852592439034561e-02	8.691614677690134849e-02
1.431979983241963964e+03	2.244682382396595288e-01	1.326073153431683582e-01	2.739565452759844533e-01	1.670767012574997656e-01	7.998720103176455709e-02	3.491897952399024285e-02	8.698501932792133962e-02
1.434398868348791666e+03	2.242051727728549271e-01	1.324508229160669404e-01	2.741234349692261985e-01	1.671852128152161165e-01	8.003230409903212828e-02	3.494935876348312376e-02	8.705369366410874166e-02
1.436817753455619140e+03	2.239428669417138085e-01	1.322947823889073782e-01	2.742898099314593496e-01	1.672934236469665048e-01	8.007728294671925817e-02	3.497966378725748254e-02	8.712217035696437351e-02
1.439236638562446842e+03	2.236813185495384326e-01	1.321391924548527552e-01	2.744556717248960442e-01	1.674013346257685886e-01	8.012213792879130381e-02	3.500989473972871552e-02	8.719044997641227368e-02
1.441655523669274316e+03	2.234205254060004087e-01	1.319840518108557903e-01	2.746210219070601144e-01	1.675089466218085965e-01	8.016686939812470158e-02	3.504005176533593613e-02	8.725853309080251752e-02
1.444074408776102018e+03	2.231604853271223765e-01	1.318293591576476520e-01	2.747858620308013533e-01	1.676162605024529295e-01	8.021147770651088083e-02	3.507013500853885246e-02	8.732642026691403436e-02
1.446493293882929493e+03	2.229011961352591886e-01	1.316751131997270785e-01	2.749501936443093930e-01	1.677232771322600680e-01	8.025596320466024669e-02	3.510014461381465861e-02	8.739411206995743864e-02
1.448912178989757422e+03	2.226426556590795358e-01	1.315213126453491921e-01	2.751140182911284149e-01	1.678299973729918682e-01	8.030032624220612147e-02	3.513008072565496770e-02	8.746160906357793030e-02
1.451331064096585123e+03	2.223848617335475175e-01	1.313679562065147022e-01	2.752773375101710274e-01	1.679364220836251920e-01	8.034456716770857487e-02	3.515994348856277263e-02	8.752891180985816755e-02
1.453749949203412370e+03	2.221278121999042399e-01	1.312150425989588309e-01	2.754401528357325879e-01	1.680425521203633699e-01	8.038868632865839303e-02	3.518973304704944849e-02	8.759602086932113951e-02
1.456168834310240300e+03	2.218715049056494970e-01	1.310625705421404608e-01	2.756024657975047476e-01	1.681483883366475252e-01	8.043268407148093657e-02	3.521944954563173413e-02	8.766293680093310836e-02
1.458587719417068001e+03	2.216159377045234802e-01	1.309105387592312542e-01	2.757642779205899397e-01	1.682539315831678706e-01	8.047656074154002637e-02	3.524909312882882478e-02	8.772966016210659301e-02
1.461006604523895703e+03	2.213611084564885978e-01	1.307589459771049123e-01	2.759255907255150908e-01	1.683591827078749492e-01	8.052031668314167667e-02	3.527866394115945076e-02	8.779619150870329736e-02
1.463425489630723177e+03	2.211070150277112678e-01	1.306077909263261838e-01	2.760864057282456097e-01	1.684641425559907923e-01	8.056395223953806417e-02	3.530816212713894231e-02	8.786253139503708010e-02
1.465844374737550879e+03	2.208536552905439598e-01	1.304570723411401789e-01	2.762467244401992095e-01	1.685688119700199938e-01	8.060746775293120558e-02	3.533758783127641939e-02	8.792868037387700786e-02
1.468263259844378354e+03	2.206010271235068487e-01	1.303067889594616557e-01	2.764065483682596192e-01	1.686731917897607846e-01	8.065086356447677407e-02	3.536694119807194669e-02	8.799463899645028342e-02
1.470682144951206283e+03	2.203491284112701620e-01	1.301569395228643067e-01	2.765658790147904056e-01	1.687772828523159963e-01	8.069414001428787397e-02	3.539622237201371646e-02	8.806040781244539595e-02
1.473101030058033530e+03	2.200979570446359168e-01	1.300075227765700447e-01	2.767247178776487959e-01	1.688810859921039131e-01	8.073729744143878784e-02	3.542543149757527987e-02	8.812598737001506310e-02
1.475519915164861459e+03	2.198475109205203226e-01	1.298585374694383177e-01	2.768830664501991667e-01	1.689846020408691252e-01	8.078033618396868176e-02	3.545456871921283393e-02	8.819137821577936742e-02
1.477938800271689161e+03	2.195977879419357126e-01	1.297099823539556163e-01	2.770409262213265889e-01	1.690878318276933245e-01	8.082325657888531079e-02	3.548363418136245978e-02	8.825658089482879554e-02
1.480357685378516862e+03	2.193487860179728632e-01	1.295618561862247053e-01	2.771982986754505940e-01	1.691907761790060749e-01	8.086605896216875200e-02	3.551262802843744432e-02	8.832159595072736069e-02
1.482776570485344337e+03	2.191005030637832030e-01	1.294141577259542986e-01	2.773551852925385530e-01	1.692934359185952753e-01	8.090874366877501278e-02	3.554155040482562949e-02	8.838642392551573912e-02
