1.001418434226643626e+03	2.794405550162613050e-01	1.807000457825229944e-01	2.349641093146153659e-01	1.411234430569396903e-01	6.804434133856177014e-02	2.682423964318801646e-02	6.890326584775638419e-02
1.002869765290740247e+03	2.791831375268082338e-01	1.805350509473017950e-01	2.351476443374346526e-01	1.412291703654767472e-01	6.808706327559582716e-02	2.685015154504792959e-02	6.896778200218042776e-02
1.004321096354836754e+03	2.789261620268296271e-01	1.803703332724171937e-01	2.353308686666193139e-01	1.413347001300447048e-01	6.812971229802147755e-02	2.687603456788075287e-02	6.903218903803254314e-02
1.005772427418933376e+03	2.786696277549482459e-01	1.802058922915326933e-01	2.355137828259002419e-01	1.414400327367979771e-01	6.817228853774850994e-02	2.690188871369040419e-02	6.909648713922753038e-02
1.007223758483029997e+03	2.784135339511106255e-01	1.800417275390968075e-01	2.356963873381250629e-01	1.415451685711309748e-01	6.821479212635422895e-02	2.692771398463377971e-02	6.916067648939407120e-02
1.008675089547126618e+03	2.781578798565849664e-01	1.798778385503416455e-01	2.358786827252595253e-01	1.416501080176791882e-01	6.825722319508550906e-02	2.695351038301986926e-02	6.922475727187485384e-02
1.010126420611223239e+03	2.779026647139585804e-01	1.797142248612816628e-01	2.360606695083889706e-01	1.417548514603200749e-01	6.829958187486072363e-02	2.697927791130885419e-02	6.928872966972668412e-02
1.011577751675319632e+03	2.776478877671356149e-01	1.795508860087122460e-01	2.362423482077199710e-01	1.418593992821743088e-01	6.834186829627170168e-02	2.700501657211122966e-02	6.935259386572054097e-02
1.013029082739416367e+03	2.773935482613346659e-01	1.793878215302084356e-01	2.364237193425816341e-01	1.419637518656066133e-01	6.838408258958564301e-02	2.703072636818691643e-02	6.941635004234174289e-02
1.014480413803512761e+03	2.771396454430863909e-01	1.792250309641237049e-01	2.366047834314271847e-01	1.420679095922269819e-01	6.842622488474703335e-02	2.705640730244439698e-02	6.947999838178997578e-02
1.015931744867609382e+03	2.768861785602312331e-01	1.790625138495885171e-01	2.367855409918353526e-01	1.421718728428916501e-01	6.846829531137950398e-02	2.708205937793983775e-02	6.954353906597948720e-02
1.017383075931706003e+03	2.766331468619171452e-01	1.789002697265091035e-01	2.369659925405120382e-01	1.422756419977041775e-01	6.851029399878770521e-02	2.710768259787623216e-02	6.960697227653914188e-02
1.018834406995802851e+03	2.763805495985970362e-01	1.787382981355661038e-01	2.371461385932916166e-01	1.423792174360165030e-01	6.855222107595913827e-02	2.713327696560253674e-02	6.967029819481260211e-02
1.020285738059899245e+03	2.761283860220266062e-01	1.785765986182132892e-01	2.373259796651384090e-01	1.424825995364300546e-01	6.859407667156600108e-02	2.715884248461282457e-02	6.973351700185841107e-02
1.021737069123995752e+03	2.758766553852617376e-01	1.784151707166762579e-01	2.375055162701482647e-01	1.425857886767968041e-01	6.863586091396693678e-02	2.718437915854542489e-02	6.979662887845013153e-02
1.023188400188092373e+03	2.756253569426566630e-01	1.782540139739511309e-01	2.376847489215499210e-01	1.426887852342203222e-01	6.867757393120887954e-02	2.720988699118208690e-02	6.985963400507654020e-02
1.024639731252188767e+03	2.753744899498611898e-01	1.780931279338033024e-01	2.378636781317065296e-01	1.427915895850569439e-01	6.871921585102878927e-02	2.723536598644714021e-02	6.992253256194168320e-02
1.026091062316285615e+03	2.751240536638185907e-01	1.779325121407660248e-01	2.380423044121171006e-01	1.428942021049167954e-01	6.876078680085534467e-02	2.726081614840666911e-02	6.998532472896507040e-02
1.027542393380382237e+03	2.748740473427631614e-01	1.777721661401392428e-01	2.382206282734179725e-01	1.429966231686649603e-01	6.880228690781074741e-02	2.728623748126767640e-02	7.004801068578184187e-02
1.028993724444478858e+03	2.746244702462180554e-01	1.776120894779882053e-01	2.383986502253842288e-01	1.430988531504225336e-01	6.884371629871237352e-02	2.731162998937725767e-02	7.011059061174290674e-02
1.030445055508575479e+03	2.743753216349929525e-01	1.774522817011423004e-01	2.385763707769312236e-01	1.432008924235677050e-01	6.888507510007449430e-02	2.733699367722179294e-02	7.017306468591508195e-02
1.031896386572671872e+03	2.741266007711817831e-01	1.772927423571936112e-01	2.387537904361159147e-01	1.433027413607369793e-01	6.892636343810991384e-02	2.736232854942612092e-02	7.023543308708128652e-02
1.033347717636768493e+03	2.738783069181601193e-01	1.771334709944957508e-01	2.389309097101384727e-01	1.434044003338262596e-01	6.896758143873164826e-02	2.738763461075274103e-02	7.029769599374068034e-02
1.034799048700865114e+03	2.736304393405833424e-01	1.769744671621625021e-01	2.391077291053435583e-01	1.435058697139918182e-01	6.900872922755453553e-02	2.741291186610100503e-02	7.035985358410888624e-02
1.036250379764961508e+03	2.733829973043841455e-01	1.768157304100666516e-01	2.392842491272219874e-01	1.436071498716516570e-01	6.904980692989685920e-02	2.743816032050631556e-02	7.042190603611811484e-02
1.037701710829058356e+03	2.731359800767702017e-01	1.766572602888385191e-01	2.394604702804118690e-01	1.437082411764865064e-01	6.909081467078197203e-02	2.746337997913933862e-02	7.048385352741734500e-02
1.039153041893154750e+03	2.728893869262219440e-01	1.764990563498648746e-01	2.396363930687003263e-01	1.438091439974409635e-01	6.913175257493980874e-02	2.748857084730520206e-02	7.054569623537254586e-02
1.040604372957251599e+03	2.726432171224904000e-01	1.763411181452876342e-01	2.398120179950248010e-01	1.439098587027247134e-01	6.917262076680856520e-02	2.751373293044272889e-02	7.060743433706685723e-02
1.042055704021347992e+03	2.723974699365946384e-01	1.761834452280024443e-01	2.399873455614744966e-01	1.440103856598135834e-01	6.921341937053614168e-02	2.753886623412362539e-02	7.066906800930075616e-02
1.043507035085444613e+03	2.721521446408199374e-01	1.760260371516575439e-01	2.401623762692918218e-01	1.441107252354507096e-01	6.925414850998171112e-02	2.756397076405174215e-02	7.073059742859225119e-02
1.044958366149541234e+03	2.719072405087150646e-01	1.758688934706524321e-01	2.403371106188738338e-01	1.442108777956477572e-01	6.929480830871725949e-02	2.758904652606227609e-02	7.079202277117711828e-02
1.046409697213637855e+03	2.716627568150902783e-01	1.757120137401367022e-01	2.405115491097735980e-01	1.443108437056860038e-01	6.933539889002904300e-02	2.761409352612101756e-02	7.085334421300906738e-02
1.047861028277734476e+03	2.714186928360151074e-01	1.755553975160086821e-01	2.406856922407017429e-01	1.444106233301174769e-01	6.937592037691914237e-02	2.763911177032357322e-02	7.091456192975996442e-02
1.049312359341831097e+03	2.711750478488160199e-01	1.753990443549142408e-01	2.408595405095277642e-01	1.445102170327662583e-01	6.941637289210682293e-02	2.766410126489462357e-02	7.097567609682003953e-02
1.050763690405927491e+03	2.709318211320741465e-01	1.752429538142453724e-01	2.410330944132814956e-01	1.446096251767294560e-01	6.945675655803007498e-02	2.768906201618715618e-02	7.103668688929808128e-02
1.052215021470024112e+03	2.706890119656231164e-01	1.750871254521391696e-01	2.412063544481545807e-01	1.447088481243784530e-01	6.949707149684704321e-02	2.771399403068172673e-02	7.109759448202170040e-02
1.053666352534120733e+03	2.704466196305468362e-01	1.749315588274764632e-01	2.413793211095017210e-01	1.448078862373602393e-01	6.953731783043741455e-02	2.773889731498569919e-02	7.115839904953746853e-02
1.055117683598217127e+03	2.702046434091772142e-01	1.747762534998804351e-01	2.415519948918422588e-01	1.449067398765983006e-01	6.957749568040386134e-02	2.776377187583252415e-02	7.121910076611122353e-02
1.056569014662313975e+03	2.699630825850919957e-01	1.746212090297156461e-01	2.417243762888614811e-01	1.450054094022940054e-01	6.961760516807344312e-02	2.778861772008098599e-02	7.127969980572824993e-02
1.058020345726410369e+03	2.697219364431124866e-01	1.744664249780865650e-01	2.418964657934121465e-01	1.451038951739277438e-01	6.965764641449892491e-02	2.781343485471447427e-02	7.134019634209352867e-02
1.059471676790506763e+03	2.694812042693013332e-01	1.743119009068364034e-01	2.420682638975157341e-01	1.452021975502600093e-01	6.969761954046022057e-02	2.783822328684026209e-02	7.140059054863194532e-02
1.060923007854603611e+03	2.692408853509603572e-01	1.741576363785458659e-01	2.422397710923639980e-01	1.453003168893327313e-01	6.973752466646566950e-02	2.786298302368876711e-02	7.146088259848852597e-02
1.062374338918700232e+03	2.690009789766283355e-01	1.740036309565319295e-01	2.424109878683201880e-01	1.453982535484703853e-01	6.977736191275345223e-02	2.788771407261284030e-02	7.152107266452871481e-02
1.063825669982796853e+03	2.687614844360788902e-01	1.738498842048465387e-01	2.425819147149207156e-01	1.454960078842812143e-01	6.981713139929285328e-02	2.791241644108705469e-02	7.158116091933855452e-02
1.065277001046893474e+03	2.685224010203181022e-01	1.736963956882754678e-01	2.427525521208762638e-01	1.455935802526583944e-01	6.985683324578559339e-02	2.793709013670698030e-02	7.164114753522499157e-02
1.066728332110990095e+03	2.682837280215825126e-01	1.735431649723369607e-01	2.429229005740733693e-01	1.456909710087812559e-01	6.989646757166714797e-02	2.796173516718849020e-02	7.170103268421608445e-02
1.068179663175086489e+03	2.680454647333366802e-01	1.733901916232806484e-01	2.430929605615757549e-01	1.457881805071164494e-01	6.993603449610799605e-02	2.798635154036703890e-02	7.176081653806125338e-02
1.069630994239183110e+03	2.678076104502713495e-01	1.732374752080861890e-01	2.432627325696256892e-01	1.458852091014191943e-01	6.997553413801493871e-02	2.801093926419697885e-02	7.182049926823154407e-02
1.071082325303279504e+03	2.675701644683010083e-01	1.730850152944620468e-01	2.434322170836454580e-01	1.459820571447344451e-01	7.001496661603226479e-02	2.803549834675085270e-02	7.188008104591984970e-02
1.072533656367376352e+03	2.673331260845618340e-01	1.729328114508443259e-01	2.436014145882386128e-01	1.460787249893981676e-01	7.005433204854312479e-02	2.806002879621869936e-02	7.193956204204124405e-02
1.073984987431472746e+03	2.670964945974092508e-01	1.727808632463955774e-01	2.437703255671914981e-01	1.461752129870384220e-01	7.009363055367065498e-02	2.808453062090738098e-02	7.199894242723317572e-02
1.075436318495569594e+03	2.668602693064163756e-01	1.726291702510034387e-01	2.439389505034745276e-01	1.462715214885767223e-01	7.013286224927924029e-02	2.810900382923987167e-02	7.205822237185573187e-02
1.076887649559666215e+03	2.666244495123713532e-01	1.724777320352795240e-01	2.441072898792436829e-01	1.463676508442291191e-01	7.017202725297574939e-02	2.813344842975460530e-02	7.211740204599192960e-02
1.078338980623762609e+03	2.663890345172751917e-01	1.723265481705581748e-01	2.442753441758417077e-01	1.464636014035075318e-01	7.021112568211070049e-02	2.815786443110477114e-02	7.217648161944797969e-02
1.079790311687859230e+03	2.661540236243397639e-01	1.721756182288952663e-01	2.444431138737996057e-01	1.465593735152208033e-01	7.025015765377944088e-02	2.818225184205766162e-02	7.223546126175352244e-02
1.081241642751955851e+03	2.659194161379856980e-01	1.720249417830669592e-01	2.446105994528380012e-01	1.466549675274761155e-01	7.028912328482332661e-02	2.820661067149398543e-02	7.229434114216197471e-02
1.082692973816052472e+03	2.656852113638402124e-01	1.718745184065684495e-01	2.447778013918685269e-01	1.467503837876800721e-01	7.032802269183090205e-02	2.823094092840721520e-02	7.235312142965071025e-02
1.084144304880149093e+03	2.654514086087348401e-01	1.717243476736128593e-01	2.449447201689951004e-01	1.468456226425399747e-01	7.036685599113902401e-02	2.825524262190290750e-02	7.241180229292139281e-02
1.085595635944245487e+03	2.652180071807034856e-01	1.715744291591299597e-01	2.451113562615153396e-01	1.469406844380649613e-01	7.040562329883401360e-02	2.827951576119806798e-02	7.247038390040022593e-02
1.087046967008342108e+03	2.649850063889801488e-01	1.714247624387649771e-01	2.452777101459219788e-01	1.470355695195673940e-01	7.044432473075279422e-02	2.830376035562046783e-02	7.252886642023829988e-02
1.088498298072438729e+03	2.647524055439968715e-01	1.712753470888773721e-01	2.454437822979041450e-01	1.471302782316639413e-01	7.048296040248396011e-02	2.832797641460800889e-02	7.258725002031178597e-02
1.089949629136535123e+03	2.645202039573814612e-01	1.711261826865397018e-01	2.456095731923487457e-01	1.472248109182768827e-01	7.052153042936892824e-02	2.835216394770807835e-02	7.264553486822228345e-02
1.091400960200631971e+03	2.642884009419556590e-01	1.709772688095363147e-01	2.457750833033418014e-01	1.473191679226353024e-01	7.056003492650306241e-02	2.837632296457688955e-02	7.270372113129706937e-02
1.092852291264728365e+03	2.640569958117328087e-01	1.708286050363622410e-01	2.459403131041698609e-01	1.474133495872762822e-01	7.059847400873664469e-02	2.840045347497884703e-02	7.276180897658940383e-02
1.094303622328825213e+03	2.638259878819158022e-01	1.706801909462219158e-01	2.461052630673212505e-01	1.475073562540462624e-01	7.063684779067606889e-02	2.842455548878590824e-02	7.281979857087884922e-02
1.095754953392921607e+03	2.635953764688950263e-01	1.705320261190280962e-01	2.462699336644875447e-01	1.476011882641021511e-01	7.067515638668486755e-02	2.844862901597694851e-02	7.287769008067147836e-02
1.097206284457018228e+03	2.633651608902459751e-01	1.703841101354006127e-01	2.464343253665648437e-01	1.476948459579125739e-01	7.071339991088471111e-02	2.847267406663713668e-02	7.293548367220029083e-02
1.098657615521114849e+03	2.631353404647276961e-01	1.702364425766650924e-01	2.465984386436550491e-01	1.477883296752591225e-01	7.075157847715647652e-02	2.849669065095729314e-02	7.299317951142542116e-02
1.100108946585211470e+03	2.629059145122801811e-01	1.700890230248519319e-01	2.467622739650673636e-01	1.478816397552376594e-01	7.078969219914135746e-02	2.852067877923327929e-02	7.305077776403445800e-02
1.101560277649308091e+03	2.626768823540225339e-01	1.699418510626949375e-01	2.469258317993194563e-01	1.479747765362594558e-01	7.082774119024176640e-02	2.854463846186535911e-02	7.310827859544276330e-02
1.103011608713404712e+03	2.624482433122508063e-01	1.697949262736302700e-01	2.470891126141389338e-01	1.480677403560524963e-01	7.086572556362243092e-02	2.856856970935759549e-02	7.316568217079374992e-02
1.104462939777501106e+03	2.622199967104359430e-01	1.696482482417952797e-01	2.472521168764646449e-01	1.481605315516626442e-01	7.090364543221137905e-02	2.859247253231723962e-02	7.322298865495920073e-02
1.105914270841597499e+03	2.619921418732215623e-01	1.695018165520272291e-01	2.474148450524479292e-01	1.482531504594549465e-01	7.094150090870091074e-02	2.861634694145409955e-02	7.328019821253957400e-02
1.107365601905694348e+03	2.617646781264223454e-01	1.693556307898621272e-01	2.475772976074540610e-01	1.483455974151148826e-01	7.097929210554859702e-02	2.864019294757994688e-02	7.333731100786430868e-02
1.108816932969790741e+03	2.615376047970213169e-01	1.692096905415335917e-01	2.477394750060634976e-01	1.484378727536495302e-01	7.101701913497823759e-02	2.866401056160790273e-02	7.339432720499214358e-02
1.110268264033887590e+03	2.613109212131682901e-01	1.690639953939717111e-01	2.479013777120732120e-01	1.485299768093888695e-01	7.105468210898087389e-02	2.868779979455185480e-02	7.345124696771142270e-02
1.111719595097984211e+03	2.610846267041774249e-01	1.689185449348017953e-01	2.480630061884981086e-01	1.486219099159870050e-01	7.109228113931569115e-02	2.871156065752583295e-02	7.350807045954038665e-02
1.113170926162080832e+03	2.608587206005256176e-01	1.687733387523431272e-01	2.482243608975721882e-01	1.487136724064234139e-01	7.112981633751100374e-02	2.873529316174342971e-02	7.356479784372751962e-02
1.114622257226177226e+03	2.606332022338498922e-01	1.686283764356081016e-01	2.483854423007499646e-01	1.488052646130041956e-01	7.116728781486518496e-02	2.875899731851720362e-02	7.362142928325185465e-02
1.116073588290273847e+03	2.604080709369457347e-01	1.684836575743006715e-01	2.485462508587077679e-01	1.488966868673632371e-01	7.120469568244758296e-02	2.878267313925808937e-02	7.367796494082326508e-02
1.117524919354370468e+03	2.601833260437650397e-01	1.683391817588154871e-01	2.487067870313451057e-01	1.489879395004636287e-01	7.124204005109945059e-02	2.880632063547480803e-02	7.373440497888285317e-02
1.118976250418467089e+03	2.599589668894138894e-01	1.681949485802365640e-01	2.488670512777858279e-01	1.490790228425987185e-01	7.127932103143488907e-02	2.882993981877329456e-02	7.379074955960317206e-02
1.120427581482563710e+03	2.597349928101507222e-01	1.680509576303362285e-01	2.490270440563795706e-01	1.491699372233934728e-01	7.131653873384169451e-02	2.885353070085610455e-02	7.384699884488862831e-02
1.121878912546660331e+03	2.595114031433840007e-01	1.679072085015737847e-01	2.491867658247030604e-01	1.492606829718056971e-01	7.135369326848227389e-02	2.887709329352184523e-02	7.390315299637578716e-02
1.123330243610756725e+03	2.592881972276704361e-01	1.677637007870945995e-01	2.493462170395613353e-01	1.493512604161272572e-01	7.139078474529458873e-02	2.890062760866459607e-02	7.395921217543365012e-02
1.124781574674853118e+03	2.590653744027129335e-01	1.676204340807287696e-01	2.495053981569891055e-01	1.494416698839853286e-01	7.142781327399294611e-02	2.892413365827334326e-02	7.401517654316405737e-02
1.126232905738949967e+03	2.588429340093585385e-01	1.674774079769899837e-01	2.496643096322520572e-01	1.495319117023436728e-01	7.146477896406894237e-02	2.894761145443140726e-02	7.407104626040193762e-02
1.127684236803046360e+03	2.586208753895962720e-01	1.673346220710745236e-01	2.498229519198481019e-01	1.496219861975038590e-01	7.150168192479229579e-02	2.897106100931587727e-02	7.412682148771568280e-02
1.129135567867143209e+03	2.583991978865552985e-01	1.671920759588598482e-01	2.499813254735086809e-01	1.497118936951065404e-01	7.153852226521169311e-02	2.899448233519704918e-02	7.418250238540749497e-02
1.130586898931239830e+03	2.581779008445028722e-01	1.670497692369037612e-01	2.501394307462002087e-01	1.498016345201325650e-01	7.157530009415567773e-02	2.901787544443787045e-02	7.423808911351365003e-02
1.132038229995336451e+03	2.579569836088423385e-01	1.669077015024429678e-01	2.502972681901250440e-01	1.498912089969044459e-01	7.161201552023344075e-02	2.904124034949336769e-02	7.429358183180490016e-02
1.133489561059432845e+03	2.577364455261110798e-01	1.667658723533921861e-01	2.504548382567232667e-01	1.499806174490874444e-01	7.164866865183570910e-02	2.906457706291011231e-02	7.434898069978677915e-02
1.134940892123529466e+03	2.575162859439784069e-01	1.666242813883427598e-01	2.506121413966733713e-01	1.500698601996909021e-01	7.168525959713550888e-02	2.908788559732566198e-02	7.440428587669992155e-02
1.136392223187626087e+03	2.572965042112439482e-01	1.664829282065617699e-01	2.507691780598940712e-01	1.501589375710693508e-01	7.172178846408903963e-02	2.911116596546800897e-02	7.445949752152040968e-02
1.137843554251722708e+03	2.570770996778352635e-01	1.663418124079907023e-01	2.509259486955451313e-01	1.502478498849239286e-01	7.175825536043645148e-02	2.913441818015503892e-02	7.451461579296012050e-02
1.139294885315819101e+03	2.568580716948059006e-01	1.662009335932444209e-01	2.510824537520290889e-01	1.503365974623034895e-01	7.179466039370267783e-02	2.915764225429398268e-02	7.456964084946705873e-02
1.140746216379915950e+03	2.566394196143336193e-01	1.660602913636099465e-01	2.512386936769922530e-01	1.504251806236059641e-01	7.183100367119822638e-02	2.918083820088088198e-02	7.462457284922568990e-02
1.142197547444012343e+03	2.564211427897182816e-01	1.659198853210454294e-01	2.513946689173261473e-01	1.505135996885794969e-01	7.186728530001991466e-02	2.920400603300004824e-02	7.467941195015727340e-02
1.143648878508108737e+03	2.562032405753799646e-01	1.657797150681789289e-01	2.515503799191684542e-01	1.506018549763237235e-01	7.190350538705171657e-02	2.922714576382352825e-02	7.473415830992022335e-02
1.145100209572205586e+03	2.559857123268567403e-01	1.656397802083073301e-01	2.517058271279047355e-01	1.506899468052911306e-01	7.193966403896555339e-02	2.925025740661057680e-02	7.478881208591045548e-02
1.146551540636302207e+03	2.557685574008029539e-01	1.655000803453952063e-01	2.518610109881694870e-01	1.507778754932880549e-01	7.197576136222201548e-02	2.927334097470712243e-02	7.484337343526166475e-02
1.148002871700398828e+03	2.555517751549871708e-01	1.653606150840737365e-01	2.520159319438473045e-01	1.508656413574761546e-01	7.201179746307109775e-02	2.929639648154524351e-02	7.489784251484576938e-02
1.149454202764495449e+03	2.553353649482902332e-01	1.652213840296394842e-01	2.521705904380742713e-01	1.509532447143735745e-01	7.204777244755304622e-02	2.931942394064263394e-02	7.495221948127318845e-02
1.150905533828591842e+03	2.551193261407032065e-01	1.650823867880533702e-01	2.523249869132392353e-01	1.510406858798561403e-01	7.208368642149906580e-02	2.934242336560210704e-02	7.500650449089321659e-02
1.152356864892688463e+03	2.549036580933256579e-01	1.649436229659395070e-01	2.524791218109850854e-01	1.511279651691586623e-01	7.211953949053204194e-02	2.936539477011104737e-02	7.506069769979430151e-02
1.153808195956785084e+03	2.546883601683633813e-01	1.648050921705841165e-01	2.526329955722098619e-01	1.512150828968761018e-01	7.215533176006728999e-02	2.938833816794091461e-02	7.511479926380451588e-02
1.155259527020881706e+03	2.544734317291267867e-01	1.646667940099343919e-01	2.527866086370682552e-01	1.513020393769649308e-01	7.219106333531329078e-02	2.941125357294672310e-02	7.516880933849182100e-02
1.156710858084978327e+03	2.542588721400286245e-01	1.645287280925973594e-01	2.529399614449725497e-01	1.513888349227442698e-01	7.222673432127246773e-02	2.943414099906652495e-02	7.522272807916442761e-02
1.158162189149074720e+03	2.540446807665822648e-01	1.643908940278388242e-01	2.530930544345941224e-01	1.514754698468971372e-01	7.226234482274176973e-02	2.945700046032091735e-02	7.527655564087111506e-02
1.159613520213171569e+03	2.538308569753998101e-01	1.642532914255822041e-01	2.532458880438646642e-01	1.515619444614717537e-01	7.229789494431351771e-02	2.947983197081252213e-02	7.533029217840167546e-02
1.161064851277267962e+03	2.536174001341898188e-01	1.641159198964074750e-01	2.533984627099773457e-01	1.516482590778827355e-01	7.233338479037608459e-02	2.950263554472548622e-02	7.538393784628717731e-02
1.162516182341364356e+03	2.534043096117558069e-01	1.639787790515500332e-01	2.535507788693882048e-01	1.517344140069122882e-01	7.236881446511450600e-02	2.952541119632498545e-02	7.543749279880032632e-02
1.163967513405461204e+03	2.531915847779939721e-01	1.638418685028996125e-01	2.537028369578170905e-01	1.518204095587115665e-01	7.240418407251131283e-02	2.954815893995671461e-02	7.549095718995586790e-02
1.165418844469557826e+03	2.529792250038916390e-01	1.637051878629991464e-01	2.538546374102492731e-01	1.519062460428017014e-01	7.243949371634708645e-02	2.957087879004640513e-02	7.554433117351090632e-02
1.166870175533654447e+03	2.527672296615249281e-01	1.635687367450436858e-01	2.540061806609363870e-01	1.519919237680753266e-01	7.247474350020129130e-02	2.959357076109932552e-02	7.559761490296526554e-02
1.168321506597751068e+03	2.525555981240569792e-01	1.634325147628793440e-01	2.541574671433978749e-01	1.520774430427975499e-01	7.250993352745278842e-02	2.961623486769979219e-02	7.565080853156182228e-02
1.169772837661847461e+03	2.523443297657364526e-01	1.632965215310021312e-01	2.543084972904221530e-01	1.521628041746073134e-01	7.254506390128062643e-02	2.963887112451066980e-02	7.570391221228690848e-02
1.171224168725944082e+03	2.521334239618948092e-01	1.631607566645569551e-01	2.544592715340677769e-01	1.522480074705185871e-01	7.258013472466465221e-02	2.966147954627290292e-02	7.575692609787060272e-02
1.172675499790040703e+03	2.519228800889451447e-01	1.630252197793363445e-01	2.546097903056648848e-01	1.523330532369216173e-01	7.261514610038620476e-02	2.968406014780501645e-02	7.580985034078716045e-02
1.174126830854137097e+03	2.517126975243798581e-01	1.628899104917795326e-01	2.547600540358159749e-01	1.524179417795841762e-01	7.265009813102872582e-02	2.970661294400264371e-02	7.586268509325533316e-02
1.175578161918233945e+03	2.515028756467690418e-01	1.627548284189713479e-01	2.549100631543977924e-01	1.525026734036527554e-01	7.268499091897849540e-02	2.972913794983804425e-02	7.591543050723870145e-02
1.177029492982330339e+03	2.512934138357583169e-01	1.626199731786411029e-01	2.550598180905620516e-01	1.525872484136538143e-01	7.271982456642517301e-02	2.975163518035962157e-02	7.596808673444607751e-02
1.178480824046426733e+03	2.510843114720672786e-01	1.624853443891614568e-01	2.552093192727367121e-01	1.526716671134950021e-01	7.275459917536253318e-02	2.977410465069145820e-02	7.602065392633185203e-02
1.179932155110523581e+03	2.508755679374870540e-01	1.623509416695473884e-01	2.553585671286273673e-01	1.527559298064663507e-01	7.278931484758900672e-02	2.979654637603284043e-02	7.607313223409631342e-02
1.181383486174620202e+03	2.506671826148790250e-01	1.622167646394550855e-01	2.555075620852184093e-01	1.528400367952415795e-01	7.282397168470838844e-02	2.981896037165778640e-02	7.612552180868606411e-02
1.182834817238716823e+03	2.504591548881725527e-01	1.620828129191809186e-01	2.556563045687741953e-01	1.529239883818793166e-01	7.285856978813042006e-02	2.984134665291457086e-02	7.617782280079438140e-02
1.184286148302813444e+03	2.502514841423633118e-01	1.619490861296603024e-01	2.558047950048403241e-01	1.530077848678241814e-01	7.289310925907145633e-02	2.986370523522527756e-02	7.623003536086152276e-02
1.185737479366910065e+03	2.500441697635113480e-01	1.618155838924666412e-01	2.559530338182448017e-01	1.530914265539081720e-01	7.292759019855500624e-02	2.988603613408531701e-02	7.628215963907511443e-02
1.187188810431006686e+03	2.498372111387391625e-01	1.616823058298102744e-01	2.561010214330992629e-01	1.531749137403517758e-01	7.296201270741242695e-02	2.990833936506298238e-02	7.633419578537055383e-02
1.188640141495103080e+03	2.496306076562298804e-01	1.615492515645373939e-01	2.562487582728001922e-01	1.532582467267652737e-01	7.299637688628345111e-02	2.993061494379897769e-02	7.638614394943128716e-02
1.190091472559199701e+03	2.494243587052253630e-01	1.614164207201289336e-01	2.563962447600301453e-01	1.533414258121499063e-01	7.303068283561685303e-02	2.995286288600596675e-02	7.643800428068925346e-02
1.191542803623296322e+03	2.492184636760244598e-01	1.612838129206995430e-01	2.565434813167589145e-01	1.534244512948991224e-01	7.306493065567098988e-02	2.997508320746811866e-02	7.648977692832523156e-02
1.192994134687392716e+03	2.490129219599810095e-01	1.611514277909965320e-01	2.566904683642447504e-01	1.535073234727998004e-01	7.309912044651448171e-02	2.999727592404065682e-02	7.654146204126914543e-02
1.194445465751489564e+03	2.488077329495020362e-01	1.610192649563987333e-01	2.568372063230355828e-01	1.535900426430334142e-01	7.313325230802666943e-02	3.001944105164940785e-02	7.659305976820049433e-02
1.195896796815585958e+03	2.486028960380459452e-01	1.608873240429155582e-01	2.569836956129702976e-01	1.536726091021772267e-01	7.316732633989830870e-02	3.004157860629035059e-02	7.664457025754867203e-02
1.197348127879682352e+03	2.483984106201206354e-01	1.607556046771858316e-01	2.571299366531796249e-01	1.537550231462056494e-01	7.320134264163208337e-02	3.006368860402917551e-02	7.669599365749336928e-02
1.198799458943779200e+03	2.481942760912815849e-01	1.606241064864768198e-01	2.572759298620876378e-01	1.538372850704913253e-01	7.323530131254323006e-02	3.008577106100084053e-02	7.674733011596490684e-02
1.200250790007875821e+03	2.479904918481302123e-01	1.604928290986829820e-01	2.574216756574129739e-01	1.539193951698063778e-01	7.326920245176006541e-02	3.010782599340912358e-02	7.679857978064463797e-02
1.201702121071972442e+03	2.477870572883118239e-01	1.603617721423251929e-01	2.575671744561697230e-01	1.540013537383235764e-01	7.330304615822458292e-02	3.012985341752619228e-02	7.684974279896523985e-02
1.203153452136069063e+03	2.475839718105139198e-01	1.602309352465494663e-01	2.577124266746689818e-01	1.540831610696176412e-01	7.333683253069295249e-02	3.015185334969215647e-02	7.690081931811118543e-02
1.204604783200165684e+03	2.473812348144643347e-01	1.601003180411260662e-01	2.578574327285196310e-01	1.541648174566664087e-01	7.337056166773621435e-02	3.017382580631464487e-02	7.695180948501899321e-02
1.206056114264262078e+03	2.471788457009293782e-01	1.599699201564482309e-01	2.580021930326300006e-01	1.542463231918519417e-01	7.340423366774065372e-02	3.019577080386836448e-02	7.700271344637772686e-02
1.207507445328358699e+03	2.469768038717120584e-01	1.598397412235314230e-01	2.581467080012086468e-01	1.543276785669618067e-01	7.343784862890848086e-02	3.021768835889466695e-02	7.705353134862920339e-02
1.208958776392455093e+03	2.467751087296501666e-01	1.597097808740120251e-01	2.582909780477656847e-01	1.544088838731904056e-01	7.347140664925834452e-02	3.023957848800112869e-02	7.710426333796849274e-02
1.210410107456551941e+03	2.465737596786146402e-01	1.595800387401464515e-01	2.584350035851141203e-01	1.544899394011399474e-01	7.350490782662584544e-02	3.026144120786111377e-02	7.715490956034423697e-02
1.211861438520648335e+03	2.463727561235075358e-01	1.594505144548099829e-01	2.585787850253706277e-01	1.545708454408218080e-01	7.353835225866409142e-02	3.028327653521335761e-02	7.720547016145899721e-02
1.213312769584745183e+03	2.461720974702603648e-01	1.593212076514958497e-01	2.587223227799571035e-01	1.546516022816576408e-01	7.357174004284421087e-02	3.030508448686154016e-02	7.725594528676965611e-02
1.214764100648841804e+03	2.459717831258323439e-01	1.591921179643140671e-01	2.588656172596017768e-01	1.547322102124806809e-01	7.360507127645592174e-02	3.032686507967386272e-02	7.730633508148772315e-02
1.216215431712937971e+03	2.457718124982083696e-01	1.590632450279905741e-01	2.590086688743401533e-01	1.548126695215367721e-01	7.363834605660807275e-02	3.034861833058263153e-02	7.735663969057980649e-02
1.217666762777034819e+03	2.455721849963974079e-01	1.589345884778659568e-01	2.591514780335165136e-01	1.548929804964856993e-01	7.367156448022905979e-02	3.037034425658385189e-02	7.740685925876789053e-02
1.219118093841131440e+03	2.453729000304306906e-01	1.588061479498946160e-01	2.592940451457847462e-01	1.549731434244023542e-01	7.370472664406746421e-02	3.039204287473678406e-02	7.745699393052973836e-02
1.220569424905228061e+03	2.451739570113597999e-01	1.586779230806435737e-01	2.594363706191097907e-01	1.550531585917779009e-01	7.373783264469248311e-02	3.041371420216355814e-02	7.750704385009923869e-02
1.222020755969324682e+03	2.449753553512549475e-01	1.585499135072916399e-01	2.595784548607686926e-01	1.551330262845209695e-01	7.377088257849448438e-02	3.043535825604875775e-02	7.755700916146683610e-02
1.223472087033421303e+03	2.447770944632032819e-01	1.584221188676281644e-01	2.597202982773517133e-01	1.552127467879588774e-01	7.380387654168552025e-02	3.045697505363898980e-02	7.760689000837980855e-02
1.224923418097517697e+03	2.445791737613068895e-01	1.582945388000522036e-01	2.598619012747634960e-01	1.552923203868387669e-01	7.383681463029978520e-02	3.047856461224251676e-02	7.765668653434271151e-02
1.226374749161614318e+03	2.443815926606813238e-01	1.581671729435712992e-01	2.600032642582242315e-01	1.553717473653288272e-01	7.386969694019415722e-02	3.050012694922880907e-02	7.770639888261771100e-02
1.227826080225710712e+03	2.441843505774534961e-01	1.580400209378006460e-01	2.601443876322709348e-01	1.554510280070194594e-01	7.390252356704869741e-02	3.052166208202816700e-02	7.775602719622491665e-02
1.229277411289807560e+03	2.439874469287600656e-01	1.579130824229619257e-01	2.602852718007585553e-01	1.555301625949244704e-01	7.393529460636709405e-02	3.054317002813131468e-02	7.780557161794285359e-02
1.230728742353903954e+03	2.437908811327458014e-01	1.577863570398823911e-01	2.604259171668609762e-01	1.556091514114822383e-01	7.396801015347723163e-02	3.056465080508900117e-02	7.785503229030872607e-02
1.232180073418000802e+03	2.435946526085615571e-01	1.576598444299937563e-01	2.605663241330721802e-01	1.556879947385569063e-01	7.400067030353157937e-02	3.058610443051159103e-02	7.790440935561886160e-02
1.233631404482097196e+03	2.433987607763626049e-01	1.575335442353311410e-01	2.607064931012075815e-01	1.557666928574395482e-01	7.403327515150777416e-02	3.060753092206868267e-02	7.795370295592900234e-02
1.235082735546193817e+03	2.432032050573069981e-01	1.574074560985323223e-01	2.608464244724051362e-01	1.558452460488493341e-01	7.406582479220902293e-02	3.062893029748871287e-02	7.800291323305476310e-02
1.236534066610290438e+03	2.430079848735536840e-01	1.572815796628363461e-01	2.609861186471264527e-01	1.559236545929347517e-01	7.409831932026464396e-02	3.065030257455855778e-02	7.805204032857192276e-02
1.237985397674387059e+03	2.428130996482607273e-01	1.571559145720828332e-01	2.611255760251576796e-01	1.560019187692747444e-01	7.413075883013045542e-02	3.067164777112314084e-02	7.810108438381684060e-02
1.239436728738483680e+03	2.426185488055836725e-01	1.570304604707107032e-01	2.612647970056110047e-01	1.560800388568798491e-01	7.416314341608934435e-02	3.069296590508505465e-02	7.815004553988681713e-02
1.240888059802580301e+03	2.424243317706737399e-01	1.569052170037573690e-01	2.614037819869256540e-01	1.561580151341934175e-01	7.419547317225165528e-02	3.071425699440416893e-02	7.819892393764045491e-02
1.242339390866676695e+03	2.422304479696760493e-01	1.567801838168576545e-01	2.615425313668689467e-01	1.562358478790927818e-01	7.422774819255571754e-02	3.073552105709723842e-02	7.824771971769801937e-02
1.243790721930773088e+03	2.420368968297279266e-01	1.566553605562427953e-01	2.616810455425376825e-01	1.563135373688903651e-01	7.425996857076823388e-02	3.075675811123752476e-02	7.829643302044181352e-02
1.245242052994869937e+03	2.418436777789572112e-01	1.565307468687393844e-01	2.618193249103589748e-01	1.563910838803349579e-01	7.429213440048480777e-02	3.077796817495442525e-02	7.834506398601658039e-02
1.246693384058966330e+03	2.416507902464803681e-01	1.564063424017684834e-01	2.619573698660915273e-01	1.564684876896127452e-01	7.432424577513038755e-02	3.079915126643308076e-02	7.839361275432979448e-02
1.248144715123063179e+03	2.414582336624009340e-01	1.562821468033444849e-01	2.620951808048266884e-01	1.565457490723485279e-01	7.435630278795966885e-02	3.082030740391399418e-02	7.844207946505210582e-02
1.249596046187159800e+03	2.412660074578076297e-01	1.561581597220741691e-01	2.622327581209897285e-01	1.566228683036069158e-01	7.438830553205759422e-02	3.084143660569266948e-02	7.849046425761768697e-02
1.251047377251256421e+03	2.410741110647727226e-01	1.560343808071557870e-01	2.623701022083408385e-01	1.566998456578934662e-01	7.442025410033975552e-02	3.086253889011922671e-02	7.853876727122459378e-02
1.252498708315352815e+03	2.408825439163503890e-01	1.559108097083779787e-01	2.625072134599762408e-01	1.567766814091557381e-01	7.445214858555290749e-02	3.088361427559803071e-02	7.858698864483511237e-02
1.253950039379449436e+03	2.406913054465747992e-01	1.557874460761187463e-01	2.626440922683294099e-01	1.568533758307846249e-01	7.448398908027534238e-02	3.090466278058731642e-02	7.863512851717616159e-02
1.255401370443546057e+03	2.405003950904585630e-01	1.556642895613445376e-01	2.627807390251720721e-01	1.569299291956153808e-01	7.451577567691733406e-02	3.092568442359882805e-02	7.868318702673968157e-02
1.256852701507642678e+03	2.403098122839908979e-01	1.555413398156092752e-01	2.629171541216153707e-01	1.570063417759287872e-01	7.454750846772160988e-02	3.094667922319745135e-02	7.873116431178295294e-02
1.258304032571739299e+03	2.401195564641360747e-01	1.554185964910532458e-01	2.630533379481111433e-01	1.570826138434523178e-01	7.457918754476378087e-02	3.096764719800083540e-02	7.877906051032895762e-02
1.259755363635835920e+03	2.399296270688315580e-01	1.552960592404022400e-01	2.631892908944526432e-01	1.571587456693613605e-01	7.461081299995273031e-02	3.098858836667903877e-02	7.882687576016678133e-02
1.261206694699932314e+03	2.397400235369863686e-01	1.551737277169664975e-01	2.633250133497760381e-01	1.572347375242801881e-01	7.464238492503105782e-02	3.100950274795416517e-02	7.887461019885202984e-02
1.262658025764028707e+03	2.395507453084793625e-01	1.550516015746397358e-01	2.634605057025613539e-01	1.573105896782832636e-01	7.467390341157553735e-02	3.103039036060000269e-02	7.892226396370707886e-02
1.264109356828125556e+03	2.393617918241576215e-01	1.549296804678981787e-01	2.635957683406335850e-01	1.573863024008962663e-01	7.470536855099749185e-02	3.105125122344166988e-02	7.896983719182150419e-02
1.265560687892221949e+03	2.391731625258346483e-01	1.548079640517995015e-01	2.637308016511638598e-01	1.574618759610973140e-01	7.473678043454323738e-02	3.107208535535524452e-02	7.901733002005249806e-02
1.267012018956318798e+03	2.389848568562886744e-01	1.546864519819820816e-01	2.638656060206704401e-01	1.575373106273180723e-01	7.476813915329451332e-02	3.109289277526741321e-02	7.906474258502514674e-02
1.268463350020415419e+03	2.387968742592610771e-01	1.545651439146637218e-01	2.640001818350197760e-01	1.576126066674448656e-01	7.479944479816885705e-02	3.111367350215512792e-02	7.911207502313281903e-02
1.269914681084511813e+03	2.386092141794546317e-01	1.544440395066408456e-01	2.641345294794279486e-01	1.576877643488198977e-01	7.483069745992004806e-02	3.113442755504523471e-02	7.915932747053762431e-02
1.271366012148608434e+03	2.384218760625317624e-01	1.543231384152875252e-01	2.642686493384613367e-01	1.577627839382422792e-01	7.486189722913851041e-02	3.115515495301414070e-02	7.920650006317064840e-02
1.272817343212705055e+03	2.382348593551130156e-01	1.542024402985544274e-01	2.644025417960380597e-01	1.578376657019691653e-01	7.489304419625170128e-02	3.117585571518745324e-02	7.925359293673239769e-02
1.274268674276801676e+03	2.380481635047752564e-01	1.540819448149678694e-01	2.645362072354288108e-01	1.579124099057169495e-01	7.492413845152454122e-02	3.119652986073963297e-02	7.930060622669317383e-02
1.275720005340898297e+03	2.378617879600500862e-01	1.539616516236289590e-01	2.646696460392580219e-01	1.579870168146623455e-01	7.495518008505983043e-02	3.121717740889365031e-02	7.934754006829335127e-02
1.277171336404994690e+03	2.376757321704220660e-01	1.538415603842124557e-01	2.648028585895050302e-01	1.580614866934435259e-01	7.498616918679859578e-02	3.123779837892064204e-02	7.939439459654387687e-02
1.278622667469091539e+03	2.374899955863271350e-01	1.537216707569659113e-01	2.649358452675052433e-01	1.581358198061612874e-01	7.501710584652050706e-02	3.125839279013956779e-02	7.944116994622654748e-02
1.280073998533187932e+03	2.373045776591509448e-01	1.536019824027086700e-01	2.650686064539509168e-01	1.582100164163800782e-01	7.504799015384430727e-02	3.127896066191685615e-02	7.948786625189437072e-02
1.281525329597284326e+03	2.371194778412271942e-01	1.534824949828309526e-01	2.652011425288925972e-01	1.582840767871291909e-01	7.507882219822818726e-02	3.129950201366608897e-02	7.953448364787196745e-02
1.282976660661381175e+03	2.369346955858359360e-01	1.533632081592928298e-01	2.653334538717398994e-01	1.583580011809038179e-01	7.510960206897014657e-02	3.132001686484764402e-02	7.958102226825594649e-02
1.284427991725477568e+03	2.367502303472019398e-01	1.532441215946232504e-01	2.654655408612628387e-01	1.584317898596662444e-01	7.514032985520839591e-02	3.134050523496836188e-02	7.962748224691523768e-02
1.285879322789574417e+03	2.365660815804930261e-01	1.531252349519192091e-01	2.655974038755926081e-01	1.585054430848469309e-01	7.517100564592177347e-02	3.136096714358120596e-02	7.967386371749145269e-02
1.287330653853671038e+03	2.363822487418185125e-01	1.530065478948446356e-01	2.657290432922231882e-01	1.585789611173455682e-01	7.520162952993011962e-02	3.138140261028495026e-02	7.972016681339930133e-02
1.288781984917767431e+03	2.361987312882274370e-01	1.528880600876295903e-01	2.658604594880117356e-01	1.586523442175322707e-01	7.523220159589460998e-02	3.140181165472380465e-02	7.976639166782685531e-02
1.290233315981864052e+03	2.360155286777069761e-01	1.527697711950690984e-01	2.659916528391801926e-01	1.587255926452486587e-01	7.526272193231819951e-02	3.142219429658713731e-02	7.981253841373607549e-02
