1.301360187473271253e+03	2.353260455417151287e-01	1.512167187887054620e-01	2.607686641404421413e-01	1.617935669498075657e-01	7.624634979690464442e-02	3.216328825350685955e-02	8.248536652876103936e-02
1.306197957686926657e+03	2.347327248301565861e-01	1.508225482624490354e-01	2.611467493126600758e-01	1.620588533160930989e-01	7.635315890026855845e-02	3.223516581480694726e-02	8.265079956340849743e-02
1.311035727900581833e+03	2.341428227226314551e-01	1.504305436279193275e-01	2.615225466864593562e-01	1.623226450606419513e-01	7.645940761716386869e-02	3.230672440648719307e-02	8.281530987853963355e-02
1.315873498114237009e+03	2.335563194761457462e-01	1.500406929253504662e-01	2.618960715564562225e-01	1.625849501054432711e-01	7.656509886644993768e-02	3.237796483755412541e-02	8.297890223244301644e-02
1.320711268327892412e+03	2.329731954639064628e-01	1.496529842604087668e-01	2.622673390987347863e-01	1.628457763357722410e-01	7.667023555079259534e-02	3.244888792551317569e-02	8.314158136471472282e-02
1.325549038541547588e+03	2.323934311746018166e-01	1.492674058038471474e-01	2.626363643719173968e-01	1.631051316003194751e-01	7.677482055681425499e-02	3.251949449612761417e-02	8.330335199621503872e-02
1.330386808755202765e+03	2.318170072116866598e-01	1.488839457911614317e-01	2.630031623182239597e-01	1.633630237113192218e-01	7.687885675524062934e-02	3.258978538318211410e-02	8.346421882902869960e-02
1.335224578968857941e+03	2.312439042926727473e-01	1.485025925222480114e-01	2.633677477645217091e-01	1.636194604446767065e-01	7.698234700104404638e-02	3.265976142825095796e-02	8.362418654642847504e-02
1.340062349182513572e+03	2.306741032484237730e-01	1.481233343610635078e-01	2.637301354233649309e-01	1.638744495400943080e-01	7.708529413358354565e-02	3.272942348047060829e-02	8.378325981284200086e-02
1.344900119396168748e+03	2.301075850224554298e-01	1.477461597352857647e-01	2.640903398940241953e-01	1.641279987011968200e-01	7.718770097674182429e-02	3.279877239631676100e-02	8.394144327382185855e-02
1.349737889609823924e+03	2.295443306702402708e-01	1.473710571359768406e-01	2.644483756635059857e-01	1.643801155956559901e-01	7.728957033905919927e-02	3.286780903938563841e-02	8.409874155601874957e-02
1.354575659823479100e+03	2.289843213585172343e-01	1.469980151172472216e-01	2.648042571075626128e-01	1.646308078553140597e-01	7.739090501386450272e-02	3.293653428017952883e-02	8.425515926715748671e-02
1.359413430037134731e+03	2.284275383646060809e-01	1.466270222959219216e-01	2.651579984916921373e-01	1.648800830763066105e-01	7.749170777940339594e-02	3.300494899589641318e-02	8.441070099601609422e-02
1.364251200250789907e+03	2.278739630757263546e-01	1.462580673512082208e-01	2.655096139721285220e-01	1.651279488191846612e-01	7.759198139896365809e-02	3.307305407022369942e-02	8.456537131240750294e-02
1.369088970464445310e+03	2.273235769883210633e-01	1.458911390243649298e-01	2.658591175968224585e-01	1.653744126090362365e-01	7.769172862099792132e-02	3.314085039313586362e-02	8.471917476716410433e-02
1.373926740678100487e+03	2.267763617073850213e-01	1.455262261183732642e-01	2.662065233064123682e-01	1.656194819356070769e-01	7.779095217924390793e-02	3.320833886069601143e-02	8.487211589212492746e-02
1.378764510891755890e+03	2.262322989457977718e-01	1.451633174976093565e-01	2.665518449351860775e-01	1.658631642534209027e-01	7.788965479284205851e-02	3.327552037486124215e-02	8.502419920012521670e-02
1.383602281105411066e+03	2.256913705236608669e-01	1.448024020875183782e-01	2.668950962120331116e-01	1.661054669818990415e-01	7.798783916645077308e-02	3.334239584329174583e-02	8.517542918498864635e-02
1.388440051319066470e+03	2.251535583676400609e-01	1.444434688742901596e-01	2.672362907613876626e-01	1.663463975054797483e-01	7.808550799035940404e-02	3.340896617916359890e-02	8.532581032152189437e-02
1.393277821532721646e+03	2.246188445103114439e-01	1.440865069045365043e-01	2.675754421041623976e-01	1.665859631737368063e-01	7.818266394059884827e-02	3.347523230098509162e-02	8.547534706551145056e-02
1.398115591746377049e+03	2.240872110895124614e-01	1.437315052849700292e-01	2.679125636586728310e-01	1.668241713014977368e-01	7.827930967905009918e-02	3.354119513241662215e-02	8.562404385372275606e-02
1.402953361960032225e+03	2.235586403476970963e-01	1.433784531820845032e-01	2.682476687415530914e-01	1.670610291689617610e-01	7.837544785355046728e-02	3.360685560209405315e-02	8.577190510390152178e-02
1.407791132173687402e+03	2.230331146312954371e-01	1.430273398218369629e-01	2.685807705686623637e-01	1.672965440218172339e-01	7.847108109799803832e-02	3.367221464345543369e-02	8.591893521477707296e-02
1.412628902387342805e+03	2.225106163900776590e-01	1.426781544893310771e-01	2.689118822559823374e-01	1.675307230713586615e-01	7.856621203245389706e-02	3.373727319457103802e-02	8.606513856606788637e-02
1.417466672600997981e+03	2.219911281765221123e-01	1.423308865285023428e-01	2.692410168205062182e-01	1.677635734946036628e-01	7.866084326324251919e-02	3.380203219797670022e-02	8.621051951848895945e-02
1.422304442814653157e+03	2.214746326451879077e-01	1.419855253418046415e-01	2.695681871811187458e-01	1.679951024344093213e-01	7.875497738305035911e-02	3.386649260051032007e-02	8.635508241376120553e-02
1.427142213028308333e+03	2.209611125520915542e-01	1.416420603898984332e-01	2.698934061594673861e-01	1.682253169995884257e-01	7.884861697102248101e-02	3.393065535315149817e-02	8.649883157462266714e-02
1.431979983241963964e+03	2.204505507540878151e-01	1.413004811913403935e-01	2.702166864808252522e-01	1.684542242650254595e-01	7.894176459285762171e-02	3.399452141086427986e-02	8.664177130484156109e-02
1.436817753455619140e+03	2.199429302082547555e-01	1.409607773222746885e-01	2.705380407749451432e-01	1.686818312717923707e-01	7.903442280090146321e-02	3.405809173244288279e-02	8.678390588923105831e-02
1.441655523669274316e+03	2.194382339712828978e-01	1.406229384161256091e-01	2.708574815769056454e-01	1.689081450272638951e-01	7.912659413423817067e-02	3.412136728036041511e-02	8.692523959366572905e-02
1.446493293882929493e+03	2.189364451988682903e-01	1.402869541632919548e-01	2.711750213279481292e-01	1.691331725052331314e-01	7.921828111878057022e-02	3.418434902062049419e-02	8.706577666509973668e-02
1.451331064096585123e+03	2.184375471451101003e-01	1.399528143108426381e-01	2.714906723763063079e-01	1.693569206460264764e-01	7.930948626735864759e-02	3.424703792261168944e-02	8.720552133158647468e-02
1.456168834310240300e+03	2.179415231619115934e-01	1.396205086622139824e-01	2.718044469780269146e-01	1.695793963566186446e-01	7.940021207980652029e-02	3.430943495896478929e-02	8.734447780229986913e-02
1.461006604523895703e+03	2.174483566983856087e-01	1.392900270769085458e-01	2.721163572977826628e-01	1.698006065107475482e-01	7.949046104304803573e-02	3.437154110541282281e-02	8.748265026755711049e-02
1.465844374737550879e+03	2.169580313002638650e-01	1.389613594701951393e-01	2.724264154096767143e-01	1.700205579490289554e-01	7.958023563118102328e-02	3.443335734065375991e-02	8.762004289884289809e-02
1.470682144951206283e+03	2.164705306093099857e-01	1.386344958128107319e-01	2.727346332980397081e-01	1.702392574790710100e-01	7.966953830556003369e-02	3.449488464621582040e-02	8.775665984883500303e-02
1.475519915164861459e+03	2.159858383627366596e-01	1.383094261306635764e-01	2.730410228582186294e-01	1.704567118755887789e-01	7.975837151487789878e-02	3.455612400632546849e-02	8.789250525143124659e-02
1.480357685378516862e+03	2.155039383926265761e-01	1.379861405045378353e-01	2.733455958973576849e-01	1.706729278805185213e-01	7.984673769524597287e-02	3.461707640777785672e-02	8.802758322177782480e-02
1.485195455592172038e+03	2.150248146253571635e-01	1.376646290697996489e-01	2.736483641351716845e-01	1.708879122031319864e-01	7.993463927027311122e-02	3.467774283980983724e-02	8.816189785629881259e-02
1.490033225805827215e+03	2.145484510810292678e-01	1.373448820161048689e-01	2.739493392047115394e-01	1.711016715201507110e-01	8.002207865114352447e-02	3.473812429397540869e-02	8.829545323272701418e-02
1.494870996019482618e+03	2.140748318728994404e-01	1.370268895871078751e-01	2.742485326531222678e-01	1.713142124758599838e-01	8.010905823669337011e-02	3.479822176402352224e-02	8.842825341013589580e-02
1.499708766233137567e+03	2.136039412068160281e-01	1.367106420801721678e-01	2.745459559423936158e-01	1.715255416822229761e-01	8.019558041348633093e-02	3.485803624577836490e-02	8.856030242897283689e-02
1.504546536446793198e+03	2.131357633806590657e-01	1.363961298460822924e-01	2.748416204501029081e-01	1.717356657189947899e-01	8.028164755588804158e-02	3.491756873702183545e-02	8.869160431109331111e-02
1.509384306660448374e+03	2.126702827837838317e-01	1.360833432887570693e-01	2.751355374701509038e-01	1.719445911338363386e-01	8.036726202613943271e-02	3.497682023737840040e-02	8.882216305979630244e-02
1.514222076874103550e+03	2.122074838964677912e-01	1.357722728649645438e-01	2.754277182134897139e-01	1.721523244424282562e-01	8.045242617442910360e-02	3.503579174820212194e-02	8.895198265986074826e-02
1.519059847087758726e+03	2.117473512893616461e-01	1.354629090840379357e-01	2.757181738088443357e-01	1.723588721285848613e-01	8.053714233896469565e-02	3.509448427246590618e-02	8.908106707758289833e-02
1.523897617301414357e+03	2.112898696229436601e-01	1.351552425075934205e-01	2.760069153034262479e-01	1.725642406443679000e-01	8.062141284604325275e-02	3.515289881465292338e-02	8.920942026081485343e-02
1.528735387515069533e+03	2.108350236469776207e-01	1.348492637492491319e-01	2.762939536636403459e-01	1.727684364102004544e-01	8.070524001012067961e-02	3.521103638065014446e-02	8.933704613900383951e-02
1.533573157728724709e+03	2.103827981999744356e-01	1.345449634743455525e-01	2.765792997757848259e-01	1.729714658149806017e-01	8.078862613388029801e-02	3.526889797764390377e-02	8.946394862323256425e-02
1.538410927942380113e+03	2.099331782086571174e-01	1.342423323996672913e-01	2.768629644467439643e-01	1.731733352161952677e-01	8.087157350830050107e-02	3.532648461401757811e-02	8.959013160626042027e-02
1.543248698156035516e+03	2.094861486874293466e-01	1.339413612931663611e-01	2.771449584046741799e-01	1.733740509400339413e-01	8.095408441272161637e-02	3.538379729925124340e-02	8.971559896256550704e-02
1.548086468369690692e+03	2.090416947378475332e-01	1.336420409736867043e-01	2.774252922996828796e-01	1.735736192815024448e-01	8.103616111491175611e-02	3.544083704382325339e-02	8.984035454838759649e-02
1.552924238583346096e+03	2.085998015480962919e-01	1.333443623106902731e-01	2.777039767045013097e-01	1.737720465045365648e-01	8.111780587113211205e-02	3.549760485911384461e-02	8.996440220177177871e-02
1.557762008797001272e+03	2.081604543924672479e-01	1.330483162239843309e-01	2.779810221151499672e-01	1.739693388421157672e-01	8.119902092620126521e-02	3.555410175731055222e-02	9.008774574261299573e-02
1.562599779010656675e+03	2.077236386308413674e-01	1.327538936834501970e-01	2.782564389515979064e-01	1.741655024963769671e-01	8.127980851355884329e-02	3.561032875131555503e-02	9.021038897270128309e-02
1.567437549224311852e+03	2.072893397081745359e-01	1.324610857087733240e-01	2.785302375584153278e-01	1.743605436387279939e-01	8.136017085532841475e-02	3.566628685465482451e-02	9.033233567576770540e-02
1.572275319437967255e+03	2.068575431539864951e-01	1.321698833691746511e-01	2.788024282054197278e-01	1.745544684099614718e-01	8.144011016237960587e-02	3.572197708138906413e-02	9.045358961753111049e-02
1.577113089651622431e+03	2.064282345818533315e-01	1.318802777831436512e-01	2.790730210883153872e-01	1.747472829203683131e-01	8.151962863438962092e-02	3.577740044602643887e-02	9.057415454574543889e-02
1.581950859865277607e+03	2.060013996889027699e-01	1.315922601181722107e-01	2.793420263293269756e-01	1.749389932498513212e-01	8.159872845990402690e-02	3.583255796343702559e-02	9.069403419024781032e-02
1.586788630078933011e+03	2.055770242553132676e-01	1.313058215904903125e-01	2.796094539778266608e-01	1.751296054480389330e-01	8.167741181639683046e-02	3.588745064876899121e-02	9.081323226300712370e-02
1.591626400292587959e+03	2.051550941438158304e-01	1.310209534648028307e-01	2.798753140109548898e-01	1.753191255343986843e-01	8.175568087033008302e-02	3.594207951736639456e-02	9.093175245817336494e-02
1.596464170506243590e+03	2.047355952991996020e-01	1.307376470540275448e-01	2.801396163342351753e-01	1.755075594983508680e-01	8.183353777721259770e-02	3.599644558468872990e-02	9.104959845212752534e-02
1.601301940719898766e+03	2.043185137478200908e-01	1.304558937190348211e-01	2.804023707821828304e-01	1.756949132993820550e-01	8.191098468165834701e-02	3.605054986623195540e-02	9.116677390353193633e-02
1.606139710933553943e+03	2.039038355971108663e-01	1.301756848683882917e-01	2.806635871189075981e-01	1.758811928671585589e-01	8.198802371744405570e-02	3.610439337745124933e-02	9.128328245338138136e-02
1.610977481147209119e+03	2.034915470350985023e-01	1.298970119580870330e-01	2.809232750387102295e-01	1.760664041016400949e-01	8.206465700756633563e-02	3.615797713368522348e-02	9.139912772505456862e-02
1.615815251360864750e+03	2.030816343299203519e-01	1.296198664913089105e-01	2.811814441666733999e-01	1.762505528731931892e-01	8.214088666429819607e-02	3.621130215008171865e-02	9.151431332436614496e-02
1.620653021574519926e+03	2.026740838293456526e-01	1.293442400181554486e-01	2.814381040592466299e-01	1.764336450227046715e-01	8.221671478924505450e-02	3.626436944152507114e-02	9.162884283961932053e-02
1.625490791788175102e+03	2.022688819602995458e-01	1.290701241353977013e-01	2.816932642048255997e-01	1.766156863616949735e-01	8.229214347340021996e-02	3.631718002256492661e-02	9.174271984165879856e-02
1.630328562001830505e+03	2.018660152283902331e-01	1.287975104862237041e-01	2.819469340243255240e-01	1.767966826724317320e-01	8.236717479719983526e-02	3.636973490734644876e-02	9.185594788392431598e-02
1.635166332215485909e+03	2.014654702174391854e-01	1.285263907599869249e-01	2.821991228717489197e-01	1.769766397080430043e-01	8.244181083057731951e-02	3.642203510954194340e-02	9.196853050250447525e-02
1.640004102429141085e+03	2.010672335890142937e-01	1.282567566919562974e-01	2.824498400347480453e-01	1.771555631926307051e-01	8.251605363301732499e-02	3.647408164228394672e-02	9.208047121619115927e-02
1.644841872642796488e+03	2.006712920819659907e-01	1.279886000630672538e-01	2.826990947351815109e-01	1.773334588213838492e-01	8.258990525360923596e-02	3.652587551809966665e-02	9.219177352653423752e-02
1.649679642856451665e+03	2.002776325119664524e-01	1.277219126996743392e-01	2.829468961296654483e-01	1.775103322606917389e-01	8.266336773110020963e-02	3.657741774884677027e-02	9.230244091789671645e-02
1.654517413070107068e+03	1.998862417710516870e-01	1.274566864733046867e-01	2.831932533101196303e-01	1.776861891482572064e-01	8.273644309394771745e-02	3.662870934565049669e-02	9.241247685751027841e-02
1.659355183283762244e+03	1.994971068271663706e-01	1.271929133004130463e-01	2.834381753043075935e-01	1.778610350932098294e-01	8.280913336037164230e-02	3.667975131884210899e-02	9.252188479553111189e-02
1.664192953497417420e+03	1.991102147237119313e-01	1.269305851421381193e-01	2.836816710763718774e-01	1.780348756762188955e-01	8.288144053840607040e-02	3.673054467789860222e-02	9.263066816509614443e-02
1.669030723711072824e+03	1.987255525790972421e-01	1.266696940040598351e-01	2.839237495273642109e-01	1.782077164496064514e-01	8.295336662595047261e-02	3.678109043138370893e-02	9.273883038237967780e-02
1.673868493924728000e+03	1.983431075862921722e-01	1.264102319359581561e-01	2.841644194957698710e-01	1.783795629374604064e-01	8.302491361082062205e-02	3.683138958689010506e-02	9.284637484665014817e-02
1.678706264138383403e+03	1.979628670123841638e-01	1.261521910315729633e-01	2.844036897580277112e-01	1.785504206357473311e-01	8.309608347079903978e-02	3.688144315098286496e-02	9.295330494032741364e-02
1.683544034352038352e+03	1.975848181981374185e-01	1.258955634283652203e-01	2.846415690290442502e-01	1.787202950124252010e-01	8.316687817368512148e-02	3.693125212914413064e-02	9.305962402904011110e-02
1.688381804565693983e+03	1.972089485575550249e-01	1.256403413072794129e-01	2.848780659627033196e-01	1.788891915075563610e-01	8.323729967734475044e-02	3.698081752571889813e-02	9.316533546168355440e-02
1.693219574779349159e+03	1.968352455774438070e-01	1.253865168925070994e-01	2.851131891523708828e-01	1.790571155334201303e-01	8.330734992975967479e-02	3.703014034386205300e-02	9.327044257047763243e-02
1.698057344993004335e+03	1.964636968169818643e-01	1.251340824512518768e-01	2.853469471313941352e-01	1.792240724746252956e-01	8.337703086907645444e-02	3.707922158548646041e-02	9.337494867102515139e-02
1.702895115206659511e+03	1.960942899072890266e-01	1.248830302934952202e-01	2.855793483735965532e-01	1.793900676882228262e-01	8.344634442365506111e-02	3.712806225121222103e-02	9.347885706237030190e-02
1.707732885420315142e+03	1.957270125509997794e-01	1.246333527717639056e-01	2.858104012937677241e-01	1.795551065038180905e-01	8.351529251211715910e-02	3.717666334031703712e-02	9.358217102705745916e-02
1.712570655633970318e+03	1.953618525218391855e-01	1.243850422808983752e-01	2.860401142481485137e-01	1.797191942236834039e-01	8.358387704339394209e-02	3.722502585068759862e-02	9.368489383119013580e-02
1.717408425847625494e+03	1.949987976642011123e-01	1.241380912578223805e-01	2.862684955349115712e-01	1.798823361228700513e-01	8.365209991677378942e-02	3.727315077877210725e-02	9.378702872449010131e-02
1.722246196061280898e+03	1.946378358927294550e-01	1.238924921813138319e-01	2.864955533946370592e-01	1.800445374493206963e-01	8.371996302194950612e-02	3.732103911953379288e-02	9.388857894035682050e-02
1.727083966274936301e+03	1.942789551919018587e-01	1.236482375717768284e-01	2.867212960107836106e-01	1.802058034239810702e-01	8.378746823906522978e-02	3.736869186640548457e-02	9.398954769592701708e-02
1.731921736488591478e+03	1.939221436156159939e-01	1.234053199910148113e-01	2.869457315101555106e-01	1.803661392409122433e-01	8.385461743876307383e-02	3.741611001124516694e-02	9.408993819213434806e-02
1.736759506702246881e+03	1.935673892867785795e-01	1.231637320420049947e-01	2.871688679633640495e-01	1.805255500674022018e-01	8.392141248222945160e-02	3.746329454429254968e-02	9.418975361376938360e-02
1.741597276915902057e+03	1.932146803968968207e-01	1.229234663686738505e-01	2.873907133852857676e-01	1.806840410440775646e-01	8.398785522124106728e-02	3.751024645412662228e-02	9.428899712953958678e-02
1.746435047129557461e+03	1.928640052056726784e-01	1.226845156556738425e-01	2.876112757355151484e-01	1.808416172850152159e-01	8.405394749821064326e-02	3.755696672762409705e-02	9.438767189212959874e-02
1.751272817343212637e+03	1.925153520405993857e-01	1.224468726281612296e-01	2.878305629188140924e-01	1.809982838778537440e-01	8.411969114623238375e-02	3.760345634991889979e-02	9.448578103826152375e-02
1.756110587556867813e+03	1.921687092965606025e-01	1.222105300515751863e-01	2.880485827855556735e-01	1.811540458839047130e-01	8.418508798912709146e-02	3.764971630436250716e-02	9.458332768875543639e-02
1.760948357770523216e+03	1.918240654354322061e-01	1.219754807314178680e-01	2.882653431321649529e-01	1.813089083382638245e-01	8.425013984148704838e-02	3.769574757248521368e-02	9.468031494858999975e-02
1.765786127984178393e+03	1.914814089856863577e-01	1.217417175130357521e-01	2.884808517015548524e-01	1.814628762499220505e-01	8.431484850872064674e-02	3.774155113395829403e-02	9.477674590696315293e-02
1.770623898197833569e+03	1.911407285419982893e-01	1.215092332814020626e-01	2.886951161835578095e-01	1.816159546018763504e-01	8.437921578709670078e-02	3.778712796655708112e-02	9.487262363735286808e-02
1.775461668411488745e+03	1.908020127648552278e-01	1.212780209609003734e-01	2.889081442153534351e-01	1.817681483512405827e-01	8.444324346378850876e-02	3.783247904612482837e-02	9.496795119757815706e-02
1.780299438625144376e+03	1.904652503801681773e-01	1.210480735151092807e-01	2.891199433818923969e-01	1.819194624293560825e-01	8.450693331691767896e-02	3.787760534653750177e-02	9.506273162985999503e-02
1.785137208838799552e+03	1.901304301788857010e-01	1.208193839465882546e-01	2.893305212163156392e-01	1.820699017419019627e-01	8.457028711559770595e-02	3.792250783966934907e-02	9.515696796088245202e-02
1.789974979052454728e+03	1.897975410166104215e-01	1.205919452966645600e-01	2.895398852003701617e-01	1.822194711690055535e-01	8.463330661997724158e-02	3.796718749535932941e-02	9.525066320185378299e-02
1.794812749266109904e+03	1.894665718132177434e-01	1.203657506452213005e-01	2.897480427648202461e-01	1.823681755653524528e-01	8.469599358128322708e-02	3.801164528137832704e-02	9.534382034856768440e-02
1.799650519479765535e+03	1.891375115524771000e-01	1.201407931104866017e-01	2.899550012898554074e-01	1.825160197602964662e-01	8.475834974186366444e-02	3.805588216339717000e-02	9.543644238146450909e-02
1.804488289693420711e+03	1.888103492816753382e-01	1.199170658488238755e-01	2.901607681054939047e-01	1.826630085579694085e-01	8.482037683523023508e-02	3.809989910495539811e-02	9.552853226569270328e-02
1.809326059907075887e+03	1.884850741112426009e-01	1.196945620545231542e-01	2.903653504919828099e-01	1.828091467373906820e-01	8.488207658610064099e-02	3.814369706743084981e-02	9.562009295117002150e-02
1.814163830120731291e+03	1.881616752143805416e-01	1.194732749595935617e-01	2.905687556801941351e-01	1.829544390525767450e-01	8.494345071044077933e-02	3.818727701000994984e-02	9.571112737264501902e-02
1.819001600334386467e+03	1.878401418266927858e-01	1.192531978335568260e-01	2.907709908520169084e-01	1.830988902326503021e-01	8.500450091550659781e-02	3.823063988965878096e-02	9.580163844975847498e-02
1.823839370548041643e+03	1.875204632458177256e-01	1.190343239832419575e-01	2.909720631407460845e-01	1.832425049819494112e-01	8.506522889988575586e-02	3.827378666109483574e-02	9.589162908710485711e-02
1.828677140761696819e+03	1.872026288310634501e-01	1.188166467525808845e-01	2.911719796314674591e-01	1.833852879801363134e-01	8.512563635353916081e-02	3.831671827675953851e-02	9.598110217429375868e-02
1.833514910975352450e+03	1.868866280030452853e-01	1.186001595224052546e-01	2.913707473614389198e-01	1.835272438823061236e-01	8.518572495784215715e-02	3.835943568679139881e-02	9.607006058601141874e-02
1.838352681189008081e+03	1.865724502433251109e-01	1.183848557102442356e-01	2.915683733204681438e-01	1.836683773190952995e-01	8.524549638562557707e-02	3.840193983899994890e-02	9.615850718208218684e-02
1.843190451402663257e+03	1.862600850940533126e-01	1.181707287701234677e-01	2.917648644512869094e-01	1.838086928967899158e-01	8.530495230121658279e-02	3.844423167884025716e-02	9.624644480753002940e-02
1.848028221616318433e+03	1.859495221576127344e-01	1.179577721923649875e-01	2.919602276499214666e-01	1.839481951974337448e-01	8.536409436047924515e-02	3.848631214938820488e-02	9.633387629264004992e-02
1.852865991829973609e+03	1.856407510962648777e-01	1.177459795033882345e-01	2.921544697660599654e-01	1.840868887789361141e-01	8.542292421085495580e-02	3.852818219131633193e-02	9.642080445301991209e-02
1.857703762043628785e+03	1.853337616317982939e-01	1.175353442655121261e-01	2.923475976034159984e-01	1.842247781751795155e-01	8.548144349140271436e-02	3.856984274287039716e-02	9.650723208966133226e-02
1.862541532257283961e+03	1.850285435451790306e-01	1.173258600767581317e-01	2.925396179200889790e-01	1.843618678961271296e-01	8.553965383283902713e-02	3.861129473984653560e-02	9.659316198900151640e-02
1.867379302470939592e+03	1.847250866762036037e-01	1.171175205706544292e-01	2.927305374289209672e-01	1.844981624279299348e-01	8.559755685757780563e-02	3.865253911556904703e-02	9.667859692298456931e-02
1.872217072684594768e+03	1.844233809231535515e-01	1.169103194160410475e-01	2.929203627978502755e-01	1.846336662330338163e-01	8.565515417976997392e-02	3.869357680086878831e-02	9.676353964912290384e-02
1.877054842898249490e+03	1.841234162424526255e-01	1.167042503168761042e-01	2.931091006502618557e-01	1.847683837502862303e-01	8.571244740534283979e-02	3.873440872406218316e-02	9.684799291055849746e-02
1.881892613111905121e+03	1.838251826483256746e-01	1.164993070120429880e-01	2.932967575653342429e-01	1.849023193950428134e-01	8.576943813203942446e-02	3.877503581093082879e-02	9.693195943612432919e-02
1.886730383325560297e+03	1.835286702124601099e-01	1.162954832751585676e-01	2.934833400783832813e-01	1.850354775592736589e-01	8.582612794945741752e-02	3.881545898470162986e-02	9.701544194040552516e-02
1.891568153539215928e+03	1.832338690636689249e-01	1.160927729143825665e-01	2.936688546812029066e-01	1.851678626116694537e-01	8.588251843908814576e-02	3.885567916602757771e-02	9.709844312380065678e-02
1.896405923752871104e+03	1.829407693875560736e-01	1.158911697722276868e-01	2.938533078224021544e-01	1.852994788977472551e-01	8.593861117435516728e-02	3.889569727296905699e-02	9.718096567258283081e-02
1.901243693966526507e+03	1.826493614261839038e-01	1.156906677253709409e-01	2.940367059077398926e-01	1.854303307399560730e-01	8.599440772065282401e-02	3.893551422097567966e-02	9.726301225896080704e-02
1.906081464180181683e+03	1.823596354777426432e-01	1.154912606844659129e-01	2.942190553004558895e-01	1.855604224377822853e-01	8.604990963538453053e-02	3.897513092286870179e-02	9.734458554114007456e-02
1.910919234393836859e+03	1.820715818962216903e-01	1.152929425939559910e-01	2.944003623215988852e-01	1.856897582678547487e-01	8.610511846800099345e-02	3.901454828882393311e-02	9.742568816338377513e-02
1.915757004607492036e+03	1.817851910910832092e-01	1.150957074318886414e-01	2.945806332503517755e-01	1.858183424840495479e-01	8.616003576003807007e-02	3.905376722635523629e-02	9.750632275607357125e-02
1.920594774821147894e+03	1.815004535269375274e-01	1.148995492097306392e-01	2.947598743243535213e-01	1.859461793175947730e-01	8.621466304515464085e-02	3.909278864029843564e-02	9.758649193577052794e-02
1.925432545034802843e+03	1.812173597232206168e-01	1.147044619721842851e-01	2.949380917400184487e-01	1.860732729771747973e-01	8.626900184917019043e-02	3.913161343279586424e-02	9.766619830527585588e-02
1.930270315248458019e+03	1.809359002538734884e-01	1.145104397970045651e-01	2.951152916528525516e-01	1.861996276490342495e-01	8.632305369010231932e-02	3.917024250328127177e-02	9.774544445369152956e-02
1.935108085462113195e+03	1.806560657470236697e-01	1.143174767948173243e-01	2.952914801777666853e-01	1.863252474970820971e-01	8.637682007820393637e-02	3.920867674846531536e-02	9.782423295648090544e-02
1.939945855675768371e+03	1.803778468846683469e-01	1.141255671089384388e-01	2.954666633893870409e-01	1.864501366629950085e-01	8.643030251600045122e-02	3.924691706232150135e-02	9.790256637552918750e-02
1.944783625889424002e+03	1.801012344023597833e-01	1.139347049151938351e-01	2.956408473223625100e-01	1.865742992663207422e-01	8.648350249832667536e-02	3.928496433607256422e-02	9.798044725920385112e-02
1.949621396103079178e+03	1.798262190888924861e-01	1.137448844217405636e-01	2.958140379716697743e-01	1.866977394045811756e-01	8.653642151236362601e-02	3.932281945817739377e-02	9.805787814241487266e-02
1.954459166316734354e+03	1.795527917859921774e-01	1.135560998688888434e-01	2.959862412929152309e-01	1.868204611533751114e-01	8.658906103767510798e-02	3.936048331431832303e-02	9.813486154667504235e-02
1.959296936530389530e+03	1.792809433880068748e-01	1.133683455289249409e-01	2.961574632026341414e-01	1.869424685664807240e-01	8.664142254624424000e-02	3.939795678738890194e-02	9.821139998015993022e-02
1.964134706744044706e+03	1.790106648415997759e-01	1.131816157059350597e-01	2.963277095785871729e-01	1.870637656759578382e-01	8.669350750250967574e-02	3.943524075748214286e-02	9.828749593776803239e-02
1.968972476957700337e+03	1.787419471454438913e-01	1.129959047356302454e-01	2.964969862600543293e-01	1.871843564922497372e-01	8.674531736340179711e-02	3.947233610187915465e-02	9.836315190118050111e-02
1.973810247171355968e+03	1.784747813499186764e-01	1.128112069851720661e-01	2.966652990481259411e-01	1.873042450042850249e-01	8.679685357837867155e-02	3.950924369503818617e-02	9.843837033892102739e-02
1.978648017385010689e+03	1.782091585568085224e-01	1.126275168529993626e-01	2.968326537059913228e-01	1.874234351795788511e-01	8.684811758946182902e-02	3.954596440858414857e-02	9.851315370641548774e-02
1.983485787598666320e+03	1.779450699190029406e-01	1.124448287686558440e-01	2.969990559592247115e-01	1.875419309643340804e-01	8.689911083127198344e-02	3.958249911129849835e-02	9.858750444605143826e-02
1.988323557812321269e+03	1.776825066401986619e-01	1.122631371926186145e-01	2.971645114960684841e-01	1.876597362835421001e-01	8.694983473106449035e-02	3.961884866910952985e-02	9.866142498723759480e-02
1.993161328025976900e+03	1.774214599746035403e-01	1.120824366161276564e-01	2.973290259677139891e-01	1.877768550410833792e-01	8.700029070876477699e-02	3.965501394508307020e-02	9.873491774646310504e-02
1.997999098239632076e+03	1.771619212266422605e-01	1.119027215610161746e-01	2.974926049885797674e-01	1.878932911198275546e-01	8.705048017700343921e-02	3.969099579941356981e-02	9.880798512735672334e-02
2.002836868453287707e+03	1.769038817506637939e-01	1.117239865795418979e-01	2.976552541365873328e-01	1.880090483817335734e-01	8.710040454115135222e-02	3.972679508941556054e-02	9.888062952074590239e-02
2.007674638666942428e+03	1.766473329506506595e-01	1.115462262542192273e-01	2.978169789534345635e-01	1.881241306679492520e-01	8.715006519935457330e-02	3.976241266951548170e-02	9.895285330471567664e-02
2.012512408880597604e+03	1.763922662799298213e-01	1.113694351976523139e-01	2.979777849448662086e-01	1.882385417989105858e-01	8.719946354256905008e-02	3.979784939124389465e-02	9.902465884466747637e-02
2.017350179094252780e+03	1.761386732408856126e-01	1.111936080523690668e-01	2.981376775809426727e-01	1.883522855744409197e-01	8.724860095459523179e-02	3.983310610322805118e-02	9.909604849337777521e-02
2.022187949307908411e+03	1.758865453846741311e-01	1.110187394906559794e-01	2.982966622963056924e-01	1.884653657738495358e-01	8.729747881211254168e-02	3.986818365118478119e-02	9.916702459105662670e-02
2.027025719521564042e+03	1.756358743109394660e-01	1.108448242143939000e-01	2.984547444904421809e-01	1.885777861560303248e-01	8.734609848471361349e-02	3.990308287791380359e-02	9.923758946540600645e-02
2.031863489735218764e+03	1.753866516675316456e-01	1.106718569548946207e-01	2.986119295279454078e-01	1.886895504595596795e-01	8.739446133493856961e-02	3.993780462329130782e-02	9.930774543167811275e-02
2.036701259948874394e+03	1.751388691502262229e-01	1.104998324727384518e-01	2.987682227387738476e-01	1.888006624027946112e-01	8.744256871830884126e-02	3.997234972426391003e-02	9.937749479273343123e-02
2.041539030162529116e+03	1.748925185024456375e-01	1.103287455576125176e-01	2.989236294185081411e-01	1.889111256839701436e-01	8.749042198336121068e-02	4.000671901484292858e-02	9.944683983909870240e-02
2.046376800376184747e+03	1.746475915149822422e-01	1.101585910281500241e-01	2.990781548286052804e-01	1.890209439812965408e-01	8.753802247168140926e-02	4.004091332609897858e-02	9.951578284902473648e-02
2.051214570589840150e+03	1.744040800257229962e-01	1.099893637317704287e-01	2.992318041966506859e-01	1.891301209530563132e-01	8.758537151793777120e-02	4.007493348615689954e-02	9.958432608854404788e-02
2.056052340803495554e+03	1.741619759193757111e-01	1.098210585445203308e-01	2.993845827166082829e-01	1.892386602377007232e-01	8.763247044991463730e-02	4.010878032019096762e-02	9.965247181152840639e-02
2.060890111017150957e+03	1.739212711271971856e-01	1.096536703709153487e-01	2.995364955490680825e-01	1.893465654539462639e-01	8.767932058854557842e-02	4.014245465042043381e-02	9.972022225974618015e-02
2.065727881230805451e+03	1.736819576267226439e-01	1.094871941437827456e-01	2.996875478214916511e-01	1.894538402008704159e-01	8.772592324794663277e-02	4.017595729610538152e-02	9.978757966291955384e-02
2.070565651444461309e+03	1.734440274414971173e-01	1.093216248241049987e-01	2.998377446284556380e-01	1.895604880580075702e-01	8.777227973544929340e-02	4.020928907354285459e-02	9.985454623878155245e-02
2.075403421658116713e+03	1.732074726408083243e-01	1.091569574008641325e-01	2.999870910318927497e-01	1.896665125854442024e-01	8.781839135163334309e-02	4.024245079606326297e-02	9.992112419313296801e-02
2.080241191871772116e+03	1.729722853394210225e-01	1.089931868908869533e-01	3.001355920613312245e-01	1.897719173239139911e-01	8.786425939035960586e-02	4.027544327402707985e-02	9.998731571989907807e-02
2.085078962085427065e+03	1.727384576973132191e-01	1.088303083386910203e-01	3.002832527141314212e-01	1.898767057948926029e-01	8.790988513880253208e-02	4.030826731482188563e-02	1.000531230011862394e-01
2.089916732299082469e+03	1.725059819194137145e-01	1.086683168163316282e-01	3.004300779557210199e-01	1.899808815006919782e-01	8.795526987748264469e-02	4.034092372285957157e-02	1.001185482073383010e-01
2.094754502512737417e+03	1.722748502553413663e-01	1.085072074232493883e-01	3.005760727198279469e-01	1.900844479245545060e-01	8.800041488029883285e-02	4.037341329957389729e-02	1.001835934969928510e-01
2.099592272726392821e+03	1.720450549991459910e-01	1.083469752861187935e-01	3.007212419087110788e-01	1.901874085307467821e-01	8.804532141456056227e-02	4.040573684341827732e-02	1.002482610171372829e-01
2.104430042940048224e+03	1.718165884890504869e-01	1.081876155586975058e-01	3.008655903933891707e-01	1.902897667646530622e-01	8.808999074101989124e-02	4.043789514986385197e-02	1.003125529031647784e-01
2.109267813153704083e+03	1.715894431071949278e-01	1.080291234216766427e-01	3.010091230138676188e-01	1.903915260528682984e-01	8.813442411390340347e-02	4.046988901139778744e-02	1.003764712789300406e-01
2.114105583367359031e+03	1.713636112793818778e-01	1.078714940825315494e-01	3.011518445793636700e-01	1.904926898032910654e-01	8.817862278094391881e-02	4.050171921752181159e-02	1.004400182568048056e-01
2.118943353581013525e+03	1.711390854748233714e-01	1.077147227753736669e-01	3.012937598685290208e-01	1.905932614052159302e-01	8.822258798341216235e-02	4.053338655475106911e-02	1.005031959377334499e-01
2.123781123794669384e+03	1.709158582058894205e-01	1.075588047608030950e-01	3.014348736296710851e-01	1.906932442294256291e-01	8.826632095614829476e-02	4.056489180661312921e-02	1.005660064112880309e-01
2.128618894008324787e+03	1.706939220278579916e-01	1.074037353257618899e-01	3.015751905809719302e-01	1.907926416282829107e-01	8.830982292759317898e-02	4.059623575364727094e-02	1.006284517557234776e-01
2.133456664221980191e+03	1.704732695386663166e-01	1.072495097833882916e-01	3.017147154107056584e-01	1.908914569358220459e-01	8.835309511981973007e-02	4.062741917340401132e-02	1.006905340380325337e-01
2.138294434435635139e+03	1.702538933786640618e-01	1.070961234728716321e-01	3.018534527774538456e-01	1.909896934678399216e-01	8.839613874856394604e-02	4.065844284044483475e-02	1.007522553140003663e-01
2.143132204649290543e+03	1.700357862303676360e-01	1.069435717593080482e-01	3.019914073103187047e-01	1.910873545219869130e-01	8.843895502325588298e-02	4.068930752634215137e-02	1.008136176282592583e-01
2.147969974862945492e+03	1.698189408182160520e-01	1.067918500335570398e-01	3.021285836091351373e-01	1.911844433778573937e-01	8.848154514705049156e-02	4.072001399967950519e-02	1.008746230143429123e-01
2.152807745076601350e+03	1.696033499083283991e-01	1.066409537120987239e-01	3.022649862446805114e-01	1.912809632970799145e-01	8.852391031685832856e-02	4.075056302605193498e-02	1.009352734947406294e-01
2.157645515290255844e+03	1.693890063082625907e-01	1.064908782368918644e-01	3.024006197588827161e-01	1.913769175234070474e-01	8.856605172337612963e-02	4.078095536806659871e-02	1.009955710809514462e-01
2.162483285503912157e+03	1.691759028667755016e-01	1.063416190752328044e-01	3.025354886650264419e-01	1.914723092828048701e-01	8.860797055111724330e-02	4.081119178534359931e-02	1.010555177735378979e-01
2.167321055717567106e+03	1.689640324735848242e-01	1.061931717196149816e-01	3.026695974479576834e-01	1.915671417835421719e-01	8.864966797844196778e-02	4.084127303451696306e-02	1.011151155621797249e-01
2.172158825931222509e+03	1.687533880591320368e-01	1.060455316875892617e-01	3.028029505642866881e-01	1.916614182162793278e-01	8.869114517758769356e-02	4.087119986923589549e-02	1.011743664257273578e-01
2.176996596144877003e+03	1.685439625943468689e-01	1.058986945216251613e-01	3.029355524425891288e-01	1.917551417541567271e-01	8.873240331469900433e-02	4.090097304016615531e-02	1.012332723322551947e-01
2.181834366358532861e+03	1.683357490904133780e-01	1.057526557889726104e-01	3.030674074836051113e-01	1.918483155528830364e-01	8.877344354985758357e-02	4.093059329499168508e-02	1.012918352391148080e-01
2.186672136572187810e+03	1.681287405985369965e-01	1.056074110815246464e-01	3.031985200604372932e-01	1.919409427508230737e-01	8.881426703711201021e-02	4.096006137841635281e-02	1.013500570929878053e-01
2.191509906785843214e+03	1.679229302097134668e-01	1.054629560156807588e-01	3.033288945187466723e-01	1.920330264690851829e-01	8.885487492450740155e-02	4.098937803216596426e-02	1.014079398299386897e-01
2.196347676999498617e+03	1.677183110544986921e-01	1.053192862322109846e-01	3.034585351769471528e-01	1.921245698116085809e-01	8.889526835411504235e-02	4.101854399499039322e-02	1.014654853754673319e-01
2.201185447213154021e+03	1.675148763027803078e-01	1.051763973961207799e-01	3.035874463263979472e-01	1.922155758652500102e-01	8.893544846206172250e-02	4.104756000266589211e-02	1.015226956445614559e-01
2.206023217426809424e+03	1.673126191635503912e-01	1.050342851965165858e-01	3.037156322315951451e-01	1.923060476998705026e-01	8.897541637855906071e-02	4.107642678799761776e-02	1.015795725417487916e-01
2.210860987640464373e+03	1.671115328846796422e-01	1.048929453464721440e-01	3.038430971303608952e-01	1.923959883684213112e-01	8.901517322793267573e-02	4.110514508082227514e-02	1.016361179611491722e-01
2.215698757854119776e+03	1.669116107526927850e-01	1.047523735828955749e-01	3.039698452340314772e-01	1.924854009070298688e-01	8.905472012865119080e-02	4.113371560801095533e-02	1.016923337865262705e-01
2.220536528067775180e+03	1.667128460925453581e-01	1.046125656663971087e-01	3.040958807276435971e-01	1.925742883350853030e-01	8.909405819335519672e-02	4.116213909347212624e-02	1.017482218913393771e-01
2.225374298281430583e+03	1.665152322674019747e-01	1.044735173811575657e-01	3.042212077701194062e-01	1.926626536553235070e-01	8.913318852888602040e-02	4.119041625815478280e-02	1.018037841387947479e-01
2.230212068495085077e+03	1.663187626784156936e-01	1.043352245347975993e-01	3.043458304944495207e-01	1.927504998539120717e-01	8.917211223631441031e-02	4.121854782005177076e-02	1.018590223818969936e-01
2.235049838708740936e+03	1.661234307645087505e-01	1.041976829582475783e-01	3.044697530078747105e-01	1.928378299005347185e-01	8.921083041096902755e-02	4.124653449420323525e-02	1.019139384635000811e-01
2.239887608922396339e+03	1.659292300021546207e-01	1.040608885056182320e-01	3.045929793920663653e-01	1.929246467484754535e-01	8.924934414246492309e-02	4.127437699270022214e-02	1.019685342163582781e-01
2.244725379136052197e+03	1.657361539051613597e-01	1.039248370540719474e-01	3.047155137033051298e-01	1.930109533347024731e-01	8.928765451473182069e-02	4.130207602468844580e-02	1.020228114631768906e-01
2.249563149349706237e+03	1.655441960244562749e-01	1.037895245036948716e-01	3.048373599726581507e-01	1.930967525799515139e-01	8.932576260604226104e-02	4.132963229637219571e-02	1.020767720166627368e-01
2.254400919563362095e+03	1.653533499478718194e-01	1.036549467773695832e-01	3.049585222061548251e-01	1.931820473888091472e-01	8.936366948903969043e-02	4.135704651101836798e-02	1.021304176795745644e-01
2.259238689777017044e+03	1.651636092999327621e-01	1.035210998206485128e-01	3.050790043849612165e-01	1.932668406497954350e-01	8.940137623076639672e-02	4.138431936896062174e-02	1.021837502447730806e-01
2.264076459990672902e+03	1.649749677416444960e-01	1.033879796016281133e-01	3.051988104655529166e-01	1.933511352354464752e-01	8.943888389269123718e-02	4.141145156760373675e-02	1.022367714952710227e-01
