1.001418434226643626e+03	2.795586205387304291e-01	1.805943483341700961e-01	2.349488089786060385e-01	1.411166177888065199e-01	6.806108902866472854e-02	2.681019031839838168e-02	6.891032501246416309e-02
1.002869765290740247e+03	2.793016894797439864e-01	1.804288857582576067e-01	2.351321643252251847e-01	1.412221962890168048e-01	6.810401021167787616e-02	2.683604329834800989e-02	6.897501063757090212e-02
1.004321096354836754e+03	2.790451986720436373e-01	1.802637019219212877e-01	2.353152086463450587e-01	1.413275774570804666e-01	6.814685807320848554e-02	2.686186775626960704e-02	6.903958747297193888e-02
1.005772427418933376e+03	2.787891473586465718e-01	1.800987963549105231e-01	2.354979424674129018e-01	1.414327616842604163e-01	6.818963274264273899e-02	2.688766369371147283e-02	6.910405569825590899e-02
1.007223758483029997e+03	2.785335347838831521e-01	1.799341685877684505e-01	2.356803663129878046e-01	1.415377493610030235e-01	6.823233434908630712e-02	2.691343111236726288e-02	6.916841549274450884e-02
1.008675089547126618e+03	2.782783601933946360e-01	1.797698181518303795e-01	2.358624807067422890e-01	1.416425408769396155e-01	6.827496302136584760e-02	2.693917001407520467e-02	6.923266703549252332e-02
1.010126420611223239e+03	2.780236228341307902e-01	1.796057445792224316e-01	2.360442861714637797e-01	1.417471366208880312e-01	6.831751888803025419e-02	2.696488040081733081e-02	6.929681050528788133e-02
1.011577751675319632e+03	2.777693219543473369e-01	1.794419474028604022e-01	2.362257832290560744e-01	1.418515369808540927e-01	6.836000207735209999e-02	2.699056227471870184e-02	6.936084608065178070e-02
1.013029082739416367e+03	2.775154568036040659e-01	1.792784261564482340e-01	2.364069724005408712e-01	1.419557423440331589e-01	6.840241271732884487e-02	2.701621563804664991e-02	6.942477393983868816e-02
1.014480413803512761e+03	2.772620266327621152e-01	1.791151803744768234e-01	2.365878542060592116e-01	1.420597530968115696e-01	6.844475093568426483e-02	2.704184049321001551e-02	6.948859426083650592e-02
1.015931744867609382e+03	2.770090306939818614e-01	1.789522095922226053e-01	2.367684291648730066e-01	1.421635696247683378e-01	6.848701685986967325e-02	2.706743684275838419e-02	6.955230722136662713e-02
1.017383075931706003e+03	2.767564682407205878e-01	1.787895133457462482e-01	2.369486977953665918e-01	1.422671923126764548e-01	6.852921061706521155e-02	2.709300468938135448e-02	6.961591299888401918e-02
1.018834406995802851e+03	2.765043385277301535e-01	1.786270911718913779e-01	2.371286606150480591e-01	1.423706215445046386e-01	6.857133233418116758e-02	2.711854403590775731e-02	6.967941177057732083e-02
1.020285738059899245e+03	2.762526408110546061e-01	1.784649426082831891e-01	2.373083181405509223e-01	1.424738577034186660e-01	6.861338213785915519e-02	2.714405488530494126e-02	6.974280371336896711e-02
1.021737069123995752e+03	2.760013743480280168e-01	1.783030671933271971e-01	2.374876708876353937e-01	1.425769011717830659e-01	6.865536015447340490e-02	2.716953724067801279e-02	6.980608900391530036e-02
1.023188400188092373e+03	2.757505383972722601e-01	1.781414644662077940e-01	2.376667193711900217e-01	1.426797523311625626e-01	6.869726651013198515e-02	2.719499110526911456e-02	6.986926781860665348e-02
1.024639731252188767e+03	2.755001322186944601e-01	1.779801339668871107e-01	2.378454641052330509e-01	1.427824115623235746e-01	6.873910133067795414e-02	2.722041648245667952e-02	6.993234033356751644e-02
1.026091062316285615e+03	2.752501550734849367e-01	1.778190752361035187e-01	2.380239056029140876e-01	1.428848792452359073e-01	6.878086474169066433e-02	2.724581337575470580e-02	6.999530672465656411e-02
1.027542393380382237e+03	2.750006062241147631e-01	1.776582878153705192e-01	2.382020443765153206e-01	1.429871557590740583e-01	6.882255686848681719e-02	2.727118178881203503e-02	7.005816716746686434e-02
1.028993724444478858e+03	2.747514849343336563e-01	1.774977712469752167e-01	2.383798809374531313e-01	1.430892414822189651e-01	6.886417783612173993e-02	2.729652172541162033e-02	7.012092183732598905e-02
1.030445055508575479e+03	2.745027904691675902e-01	1.773375250739772091e-01	2.385574157962795927e-01	1.431911367922594769e-01	6.890572776939049571e-02	2.732183318946982548e-02	7.018357090929613906e-02
1.031896386572671872e+03	2.742545220949166307e-01	1.771775488402071719e-01	2.387346494626837456e-01	1.432928420659938529e-01	6.894720679282902165e-02	2.734711618503569627e-02	7.024611455817425520e-02
1.033347717636768493e+03	2.740066790791524931e-01	1.770178420902655259e-01	2.389115824454932646e-01	1.433943576794313168e-01	6.898861503071528067e-02	2.737237071629025284e-02	7.030855295849221254e-02
1.034799048700865114e+03	2.737592606907164883e-01	1.768584043695213270e-01	2.390882152526758730e-01	1.434956840077936113e-01	6.902995260707038561e-02	2.739759678754578182e-02	7.037088628451691752e-02
1.036250379764961508e+03	2.735122661997171911e-01	1.766992352241107123e-01	2.392645483913406756e-01	1.435968214255165798e-01	6.907121964565966776e-02	2.742279440324514594e-02	7.043311471025046067e-02
1.037701710829058356e+03	2.732656948775281092e-01	1.765403342009357612e-01	2.394405823677397405e-01	1.436977703062516099e-01	6.911241626999382881e-02	2.744796356796106590e-02	7.049523840943028308e-02
1.039153041893154750e+03	2.730195459967856286e-01	1.763817008476632198e-01	2.396163176872694867e-01	1.437985310228672986e-01	6.915354260332995384e-02	2.747310428639543334e-02	7.055725755552935685e-02
1.040604372957251599e+03	2.727738188313865719e-01	1.762233347127231398e-01	2.397917548544721555e-01	1.438991039474509237e-01	6.919459876867267711e-02	2.749821656337861353e-02	7.061917232175626835e-02
1.042055704021347992e+03	2.725285126564861993e-01	1.760652353453075469e-01	2.399668943730372817e-01	1.439994894513099977e-01	6.923558488877513961e-02	2.752330040386876536e-02	7.068098288105545413e-02
1.043507035085444613e+03	2.722836267484956552e-01	1.759074022953692751e-01	2.401417367458030250e-01	1.440996879049738222e-01	6.927650108614009927e-02	2.754835581295114050e-02	7.074268940610732581e-02
1.044958366149541234e+03	2.720391603850800810e-01	1.757498351136206338e-01	2.403162824747577531e-01	1.441996996781950147e-01	6.931734748302094407e-02	2.757338279583742419e-02	7.080429206932843667e-02
1.046409697213637855e+03	2.717951128451561726e-01	1.755925333515321596e-01	2.404905320610414010e-01	1.442995251399510903e-01	6.935812420142274670e-02	2.759838135786502750e-02	7.086579104287170361e-02
1.047861028277734476e+03	2.715514834088899598e-01	1.754354965613312001e-01	2.406644860049469425e-01	1.443991646584460165e-01	6.939883136310324996e-02	2.762335150449643506e-02	7.092718649862649050e-02
1.049312359341831097e+03	2.713082713576948635e-01	1.752787242960007208e-01	2.408381448059217500e-01	1.444986186011116558e-01	6.943946908957387976e-02	2.764829324131852159e-02	7.098847860821888567e-02
1.050763690405927491e+03	2.710654759742291975e-01	1.751222161092781671e-01	2.410115089625690932e-01	1.445978873346094318e-01	6.948003750210073048e-02	2.767320657404188575e-02	7.104966754301179910e-02
1.052215021470024112e+03	2.708230965423939485e-01	1.749659715556539374e-01	2.411845789726495826e-01	1.446969712248318829e-01	6.952053672170559195e-02	2.769809150850018400e-02	7.111075347410521219e-02
1.053666352534120733e+03	2.705811323473307772e-01	1.748099901903703290e-01	2.413573553330825017e-01	1.447958706369040782e-01	6.956096686916685146e-02	2.772294805064946799e-02	7.117173657233631656e-02
1.055117683598217127e+03	2.703395826754197984e-01	1.746542715694200665e-01	2.415298385399473891e-01	1.448945859351852827e-01	6.960132806502049296e-02	2.774777620656752875e-02	7.123261700827974996e-02
1.056569014662313975e+03	2.700984468142772488e-01	1.744988152495453304e-01	2.417020290884852873e-01	1.449931174832704839e-01	6.964162042956108245e-02	2.777257598245324102e-02	7.129339495224770729e-02
1.058020345726410369e+03	2.698577240527533228e-01	1.743436207882361200e-01	2.418739274731002142e-01	1.450914656439919181e-01	6.968184408284265607e-02	2.779734738462590060e-02	7.135407057429024591e-02
1.059471676790506763e+03	2.696174136809301181e-01	1.741886877437293091e-01	2.420455341873606891e-01	1.451896307794205976e-01	6.972199914467970550e-02	2.782209041952458939e-02	7.141464404419542444e-02
1.060923007854603611e+03	2.693775149901194710e-01	1.740340156750071754e-01	2.422168497240009544e-01	1.452876132508679197e-01	6.976208573464802443e-02	2.784680509370751622e-02	7.147511553148948316e-02
1.062374338918700232e+03	2.691380272728604583e-01	1.738796041417962068e-01	2.423878745749225572e-01	1.453854134188871106e-01	6.980210397208570783e-02	2.787149141385139237e-02	7.153548520543707989e-02
1.063825669982796853e+03	2.688989498229177322e-01	1.737254527045659636e-01	2.425586092311956821e-01	1.454830316432748627e-01	6.984205397609402621e-02	2.789614938675076886e-02	7.159575323504149824e-02
1.065277001046893474e+03	2.686602819352789107e-01	1.735715609245276347e-01	2.427290541830605386e-01	1.455804682830728891e-01	6.988193586553828607e-02	2.792077901931741546e-02	7.165591978904486958e-02
1.066728332110990095e+03	2.684220229061526353e-01	1.734179283636329283e-01	2.428992099199288324e-01	1.456777236965693945e-01	6.992174975904877354e-02	2.794538031857967883e-02	7.171598503592832574e-02
1.068179663175086489e+03	2.681841720329664058e-01	1.732645545845726831e-01	2.430690769303850696e-01	1.457747982413006294e-01	6.996149577502157324e-02	2.796995329168185107e-02	7.177594914391227654e-02
1.069630994239183110e+03	2.679467286143643046e-01	1.731114391507758143e-01	2.432386557021881113e-01	1.458716922740525002e-01	7.000117403161951191e-02	2.799449794588355911e-02	7.183581228095660409e-02
1.071082325303279504e+03	2.677096919502051642e-01	1.729585816264078424e-01	2.434079467222723947e-01	1.459684061508620956e-01	7.004078464677296334e-02	2.801901428855911591e-02	7.189557461476087097e-02
1.072533656367376352e+03	2.674730613415599034e-01	1.728059815763698659e-01	2.435769504767494043e-01	1.460649402270191299e-01	7.008032773818070882e-02	2.804350232719691680e-02	7.195523631276454224e-02
1.073984987431472746e+03	2.672368360907098062e-01	1.726536385662971185e-01	2.437456674509091425e-01	1.461612948570676085e-01	7.011980342331076976e-02	2.806796206939880800e-02	7.201479754214722140e-02
1.075436318495569594e+03	2.670010155011442454e-01	1.725015521625579418e-01	2.439140981292213239e-01	1.462574703948072707e-01	7.015921181940129592e-02	2.809239352287948299e-02	7.207425846982887241e-02
1.076887649559666215e+03	2.667655988775586295e-01	1.723497219322523144e-01	2.440822429953370121e-01	1.463534671932952280e-01	7.019855304346134250e-02	2.811679669546585797e-02	7.213361926247005562e-02
1.078338980623762609e+03	2.665305855258521261e-01	1.721981474432108528e-01	2.442501025320897301e-01	1.464492856048473790e-01	7.023782721227167514e-02	2.814117159509647512e-02	7.219288008647214983e-02
1.079790311687859230e+03	2.662959747531256638e-01	1.720468282639933955e-01	2.444176772214971260e-01	1.465449259810401306e-01	7.027703444238564412e-02	2.816551822982088851e-02	7.225204110797757429e-02
1.081241642751955851e+03	2.660617658676797670e-01	1.718957639638878376e-01	2.445849675447621385e-01	1.466403886727117023e-01	7.031617485012996160e-02	2.818983660779905004e-02	7.231110249287002467e-02
1.082692973816052472e+03	2.658279581790123358e-01	1.717449541129089374e-01	2.447519739822744678e-01	1.467356740299638196e-01	7.035524855160546487e-02	2.821412673730072651e-02	7.237006440677475061e-02
1.084144304880149093e+03	2.655945509978167030e-01	1.715943982817970115e-01	2.449186970136119079e-01	1.468307824021632402e-01	7.039425566268792123e-02	2.823838862670489946e-02	7.242892701505872222e-02
1.085595635944245487e+03	2.653615436359795798e-01	1.714440960420168247e-01	2.450851371175418181e-01	1.469257141379432530e-01	7.043319629902884682e-02	2.826262228449915107e-02	7.248769048283094929e-02
1.087046967008342108e+03	2.651289354065786696e-01	1.712940469657561748e-01	2.452512947720223713e-01	1.470204695852051768e-01	7.047207057605624214e-02	2.828682771927909165e-02	7.254635497494267560e-02
1.088498298072438729e+03	2.648967256238808909e-01	1.711442506259249485e-01	2.454171704542039423e-01	1.471150490911199427e-01	7.051087860897534143e-02	2.831100493974775603e-02	7.260492065598761480e-02
1.089949629136535123e+03	2.646649136033398797e-01	1.709947065961536228e-01	2.455827646404305509e-01	1.472094530021296477e-01	7.054962051276941759e-02	2.833515395471503107e-02	7.266338769030222799e-02
1.091400960200631971e+03	2.644334986615943239e-01	1.708454144507922379e-01	2.457480778062412219e-01	1.473036816639490265e-01	7.058829640220053159e-02	2.835927477309705541e-02	7.272175624196597354e-02
1.092852291264728365e+03	2.642024801164656878e-01	1.706963737649090651e-01	2.459131104263712619e-01	1.473977354215669777e-01	7.062690639181022634e-02	2.838336740391565055e-02	7.278002647480152909e-02
1.094303622328825213e+03	2.639718572869560465e-01	1.705475841142895244e-01	2.460778629747536195e-01	1.474916146192481181e-01	7.066545059592030387e-02	2.840743185629773446e-02	7.283819855237505525e-02
1.095754953392921607e+03	2.637416294932460881e-01	1.703990450754348240e-01	2.462423359245203835e-01	1.475853196005343371e-01	7.070392912863356083e-02	2.843146813947474566e-02	7.289627263799645929e-02
1.097206284457018228e+03	2.635117960566931150e-01	1.702507562255608786e-01	2.464065297480039496e-01	1.476788507082462398e-01	7.074234210383451016e-02	2.845547626278206732e-02	7.295424889471964491e-02
1.098657615521114849e+03	2.632823562998288791e-01	1.701027171425970042e-01	2.465704449167385182e-01	1.477722082844847296e-01	7.078068963519006107e-02	2.847945623565846518e-02	7.301212748534276209e-02
1.100108946585211470e+03	2.630533095463574722e-01	1.699549274051848080e-01	2.467340819014613718e-01	1.478653926706324784e-01	7.081897183615028235e-02	2.850340806764551510e-02	7.306990857240849846e-02
1.101560277649308091e+03	2.628246551211533277e-01	1.698073865926768844e-01	2.468974411721142348e-01	1.479584042073555927e-01	7.085718881994908236e-02	2.852733176838703408e-02	7.312759231820427364e-02
1.103011608713404712e+03	2.625963923502592223e-01	1.696600942851357319e-01	2.470605231978446337e-01	1.480512432346048624e-01	7.089534069960493068e-02	2.855122734762852166e-02	7.318517888476255839e-02
1.104462939777501106e+03	2.623685205608840554e-01	1.695130500633323933e-01	2.472233284470072290e-01	1.481439100916175644e-01	7.093342758792151037e-02	2.857509481521659442e-02	7.324266843386112447e-02
1.105914270841597499e+03	2.621410390814009062e-01	1.693662535087454568e-01	2.473858573871652033e-01	1.482364051169187680e-01	7.097144959748841186e-02	2.859893418109843780e-02	7.330006112702330823e-02
1.107365601905694348e+03	2.619139472413449243e-01	1.692197042035597232e-01	2.475481104850915659e-01	1.483287286483229162e-01	7.100940684068188236e-02	2.862274545532123363e-02	7.335735712551824661e-02
1.108816932969790741e+03	2.616872443714114982e-01	1.690734017306650128e-01	2.477100882067703458e-01	1.484208810229354081e-01	7.104729942966539480e-02	2.864652864803162238e-02	7.341455659036121018e-02
1.110268264033887590e+03	2.614609298034538676e-01	1.689273456736551104e-01	2.478717910173982020e-01	1.485128625771539868e-01	7.108512747639038343e-02	2.867028376947515153e-02	7.347165968231383903e-02
1.111719595097984211e+03	2.612350028704812921e-01	1.687815356168263226e-01	2.480332193813855612e-01	1.486046736466703211e-01	7.112289109259689601e-02	2.869401082999571695e-02	7.352866656188436489e-02
1.113170926162080832e+03	2.610094629066571081e-01	1.686359711451766719e-01	2.481943737623579782e-01	1.486963145664715324e-01	7.116059038981424612e-02	2.871770984003502863e-02	7.358557738932794412e-02
1.114622257226177226e+03	2.607843092472963420e-01	1.684906518444042600e-01	2.483552546231575509e-01	1.487877856708416102e-01	7.119822547936167922e-02	2.874138081013207294e-02	7.364239232464694918e-02
1.116073588290273847e+03	2.605595412288641000e-01	1.683455773009065182e-01	2.485158624258441418e-01	1.488790872933630216e-01	7.123579647234898338e-02	2.876502375092255051e-02	7.369911152759116291e-02
1.117524919354370468e+03	2.603351581889733479e-01	1.682007471017786804e-01	2.486761976316967382e-01	1.489702197669180994e-01	7.127330347967716917e-02	2.878863867313835936e-02	7.375573515765815324e-02
1.118976250418467089e+03	2.601111594663827464e-01	1.680561608348128122e-01	2.488362607012147842e-01	1.490611834236906241e-01	7.131074661203908038e-02	2.881222558760704669e-02	7.381226337409345362e-02
1.120427581482563710e+03	2.598875444009950963e-01	1.679118180884965617e-01	2.489960520941194855e-01	1.491519785951672949e-01	7.134812597992001848e-02	2.883578450525128845e-02	7.386869633589089601e-02
1.121878912546660331e+03	2.596643123338547299e-01	1.677677184520120213e-01	2.491555722693551411e-01	1.492426056121392008e-01	7.138544169359838099e-02	2.885931543708833771e-02	7.392503420179288853e-02
1.123330243610756725e+03	2.594414626071458452e-01	1.676238615152344513e-01	2.493148216850904486e-01	1.493330648047033749e-01	7.142269386314631374e-02	2.888281839422952510e-02	7.398127713029069297e-02
1.124781574674853118e+03	2.592189945641906190e-01	1.674802468687313362e-01	2.494738007987197803e-01	1.494233565022642651e-01	7.145988259843025214e-02	2.890629338787970709e-02	7.403742527962471620e-02
1.126232905738949967e+03	2.589969075494469308e-01	1.673368741037608853e-01	2.496325100668645713e-01	1.495134810335351505e-01	7.149700800911160115e-02	2.892974042933675952e-02	7.409347880778474615e-02
1.127684236803046360e+03	2.587752009085065308e-01	1.671937428122712010e-01	2.497909499453745685e-01	1.496034387265396948e-01	7.153407020464729038e-02	2.895315952999104325e-02	7.414943787251029872e-02
1.129135567867143209e+03	2.585538739880929859e-01	1.670508525868988903e-01	2.499491208893291627e-01	1.496932299086134455e-01	7.157106929429038478e-02	2.897655070132489769e-02	7.420530263129086757e-02
1.130586898931239830e+03	2.583329261360596263e-01	1.669082030209680101e-01	2.501070233530386377e-01	1.497828549064052772e-01	7.160800538709070906e-02	2.899991395491211682e-02	7.426107324136621557e-02
1.132038229995336451e+03	2.581123567013877129e-01	1.667657937084888187e-01	2.502646577900455860e-01	1.498723140458789183e-01	7.164487859189540286e-02	2.902324930241743581e-02	7.431674985972666625e-02
1.133489561059432845e+03	2.578921650341844396e-01	1.666236242441567761e-01	2.504220246531260741e-01	1.499616076523143382e-01	7.168168901734951748e-02	2.904655675559602440e-02	7.437233264311339520e-02
1.134940892123529466e+03	2.576723504856808233e-01	1.664816942233511565e-01	2.505791243942909752e-01	1.500507360503093579e-01	7.171843677189661259e-02	2.906983632629296307e-02	7.442782174801872153e-02
1.136392223187626087e+03	2.574529124082297060e-01	1.663400032421341046e-01	2.507359574647873290e-01	1.501396995637810095e-01	7.175512196377926977e-02	2.909308802644276076e-02	7.448321733068637152e-02
1.137843554251722708e+03	2.572338501553040890e-01	1.661985508972493586e-01	2.508925243150996742e-01	1.502284985159670350e-01	7.179174470103978634e-02	2.911631186806882404e-02	7.453851954711181171e-02
1.139294885315819101e+03	2.570151630814947463e-01	1.660573367861211957e-01	2.510488253949511583e-01	1.503171332294274409e-01	7.182830509152060561e-02	2.913950786328296794e-02	7.459372855304252647e-02
1.140746216379915950e+03	2.567968505425086700e-01	1.659163605068531833e-01	2.512048611533048703e-01	1.504056040260458305e-01	7.186480324286496912e-02	2.916267602428491632e-02	7.464884450397828164e-02
1.142197547444012343e+03	2.565789118951667391e-01	1.657756216582270958e-01	2.513606320383652837e-01	1.504939112270310131e-01	7.190123926251744402e-02	2.918581636336178842e-02	7.470386755517145760e-02
1.143648878508108737e+03	2.563613464974019984e-01	1.656351198397016666e-01	2.515161384975793668e-01	1.505820551529183093e-01	7.193761325772447812e-02	2.920892889288762700e-02	7.475879786162735463e-02
1.145100209572205586e+03	2.561441537082577158e-01	1.654948546514116436e-01	2.516713809776379707e-01	1.506700361235711882e-01	7.197392533553494121e-02	2.923201362532287795e-02	7.481363557810442877e-02
1.146551540636302207e+03	2.559273328878852727e-01	1.653548256941665129e-01	2.518263599244771056e-01	1.507578544581825442e-01	7.201017560280070784e-02	2.925507057321392532e-02	7.486838085911463880e-02
1.148002871700398828e+03	2.557108833975424433e-01	1.652150325694493049e-01	2.519810757832792181e-01	1.508455104752763343e-01	7.204636416617715700e-02	2.927809974919258137e-02	7.492303385892373768e-02
1.149454202764495449e+03	2.554948045995911188e-01	1.650754748794156512e-01	2.521355289984742454e-01	1.509330044927089109e-01	7.208249113212374104e-02	2.930110116597560432e-02	7.497759473155155008e-02
1.150905533828591842e+03	2.552790958574956970e-01	1.649361522268924241e-01	2.522897200137411700e-01	1.510203368276704927e-01	7.211855660690449921e-02	2.932407483636421605e-02	7.503206363077230545e-02
1.152356864892688463e+03	2.550637565358210290e-01	1.647970642153767651e-01	2.524436492720092962e-01	1.511075077966866909e-01	7.215456069658858496e-02	2.934702077324361641e-02	7.508644071011490173e-02
1.153808195956785084e+03	2.548487860002304761e-01	1.646582104490348641e-01	2.525973172154591939e-01	1.511945177156198139e-01	7.219050350705079333e-02	2.936993898958250443e-02	7.514072612286319675e-02
1.155259527020881706e+03	2.546341836174839668e-01	1.645195905327009600e-01	2.527507242855243641e-01	1.512813668996704775e-01	7.222638514397208831e-02	2.939282949843259954e-02	7.519492002205638292e-02
1.156710858084978327e+03	2.544199487554360539e-01	1.643812040718759804e-01	2.529038709228923487e-01	1.513680556633789365e-01	7.226220571284015792e-02	2.941569231292816278e-02	7.524902256048922322e-02
1.158162189149074720e+03	2.542060807830341385e-01	1.642430506727266537e-01	2.530567575675057856e-01	1.514545843206265563e-01	7.229796531894987222e-02	2.943852744628551454e-02	7.530303389071235642e-02
1.159613520213171569e+03	2.539925790703163044e-01	1.641051299420842324e-01	2.532093846585640184e-01	1.515409531846372559e-01	7.233366406740381060e-02	2.946133491180258010e-02	7.535695416503264410e-02
1.161064851277267962e+03	2.537794429884096536e-01	1.639674414874434660e-01	2.533617526345242066e-01	1.516271625679789514e-01	7.236930206311276148e-02	2.948411472285840385e-02	7.541078353551340652e-02
1.162516182341364356e+03	2.535666719095283073e-01	1.638299849169614353e-01	2.535138619331023246e-01	1.517132127825650267e-01	7.240487941079629119e-02	2.950686689291268094e-02	7.546452215397481122e-02
1.163967513405461204e+03	2.533542652069714074e-01	1.636927598394564143e-01	2.536657129912748276e-01	1.517991041396556384e-01	7.244039621498313264e-02	2.952959143550530283e-02	7.551817017199413673e-02
1.165418844469557826e+03	2.531422222551213408e-01	1.635557658644067325e-01	2.538173062452797613e-01	1.518848369498592699e-01	7.247585258001178199e-02	2.955228836425587494e-02	7.557172774090603617e-02
1.166870175533654447e+03	2.529305424294417959e-01	1.634190026019498310e-01	2.539686421306178721e-01	1.519704115231341468e-01	7.251124861003092892e-02	2.957495769286327611e-02	7.562519501180289816e-02
1.168321506597751068e+03	2.527192251064758755e-01	1.632824696628809302e-01	2.541197210820539953e-01	1.520558281687895696e-01	7.254658440899995619e-02	2.959759943510517979e-02	7.567857213553516593e-02
1.169772837661847461e+03	2.525082696638441537e-01	1.631461666586520587e-01	2.542705435336183317e-01	1.521410871954874122e-01	7.258186008068948092e-02	2.962021360483759955e-02	7.573185926271158719e-02
1.171224168725944082e+03	2.522976754802428445e-01	1.630100932013708592e-01	2.544211099186075575e-01	1.522261889112435929e-01	7.261707572868178473e-02	2.964280021599443454e-02	7.578505654369958877e-02
1.172675499790040703e+03	2.520874419354418583e-01	1.628742489037995900e-01	2.545714206695860460e-01	1.523111336234293234e-01	7.265223145637125790e-02	2.966535928258702201e-02	7.583816412862551259e-02
1.174126830854137097e+03	2.518775684102830814e-01	1.627386333793539031e-01	2.547214762183872550e-01	1.523959216387727189e-01	7.268732736696499608e-02	2.968789081870366886e-02	7.589118216737499034e-02
1.175578161918233945e+03	2.516680542866783221e-01	1.626032462421017621e-01	2.548712769961149482e-01	1.524805532633600469e-01	7.272236356348314723e-02	2.971039483850921800e-02	7.594411080959319327e-02
1.177029492982330339e+03	2.514588989476073122e-01	1.624680871067624433e-01	2.550208234331443613e-01	1.525650288026372814e-01	7.275734014875946676e-02	2.973287135624458691e-02	7.599695020468523465e-02
1.178480824046426733e+03	2.512501017771162082e-01	1.623331555887053690e-01	2.551701159591233115e-01	1.526493485614113521e-01	7.279225722544171995e-02	2.975532038622632353e-02	7.604970050181636410e-02
1.179932155110523581e+03	2.510416621603155374e-01	1.621984513039488873e-01	2.553191550029738632e-01	1.527335128438516709e-01	7.282711489599222321e-02	2.977774194284616566e-02	7.610236184991236996e-02
1.181383486174620202e+03	2.508335794833781995e-01	1.620639738691594112e-01	2.554679409928929390e-01	1.528175219534914919e-01	7.286191326268824653e-02	2.980013604057059687e-02	7.615493439765982919e-02
1.182834817238716823e+03	2.506258531335378570e-01	1.619297229016501971e-01	2.556164743563539843e-01	1.529013761932292992e-01	7.289665242762248532e-02	2.982250269394040240e-02	7.620741829350648200e-02
1.184286148302813444e+03	2.504184824990868807e-01	1.617956980193802075e-01	2.557647555201081335e-01	1.529850758653302778e-01	7.293133249270350449e-02	2.984484191757023896e-02	7.625981368566146779e-02
1.185737479366910065e+03	2.502114669693745741e-01	1.616618988409531110e-01	2.559127849101853758e-01	1.530686212714276184e-01	7.296595355965623808e-02	2.986715372614818023e-02	7.631212072209571373e-02
1.187188810431006686e+03	2.500048059348052854e-01	1.615283249856161729e-01	2.560605629518956095e-01	1.531520127125239328e-01	7.300051573002239169e-02	2.988943813443529357e-02	7.636433955054219846e-02
1.188640141495103080e+03	2.497984987868366313e-01	1.613949760732591443e-01	2.562080900698301411e-01	1.532352504889925859e-01	7.303501910516088658e-02	2.991169515726520636e-02	7.641647031849628513e-02
1.190091472559199701e+03	2.495925449179776101e-01	1.612618517244131799e-01	2.563553666878627957e-01	1.533183349005793061e-01	7.306946378624835925e-02	2.993392480954367926e-02	7.646851317321602670e-02
1.191542803623296322e+03	2.493869437217867135e-01	1.611289515602497835e-01	2.565023932291510267e-01	1.534012662464032395e-01	7.310384987427952230e-02	2.995612710624815864e-02	7.652046826172247129e-02
1.192994134687392716e+03	2.491816945928702343e-01	1.609962752025796973e-01	2.566491701161373595e-01	1.534840448249586431e-01	7.313817747006767789e-02	2.997830206242736370e-02	7.657233573080000910e-02
1.194445465751489564e+03	2.489767969268802117e-01	1.608638222738517920e-01	2.567956977705502797e-01	1.535666709341160507e-01	7.317244667424512017e-02	3.000044969320085977e-02	7.662411572699669160e-02
1.195896796815585958e+03	2.487722501205127945e-01	1.607315923971521232e-01	2.569419766134057315e-01	1.536491448711237162e-01	7.320665758726355166e-02	3.002257001375862808e-02	7.667580839662446746e-02
1.197348127879682352e+03	2.485680535715063255e-01	1.605995851962027376e-01	2.570880070650081728e-01	1.537314669326090288e-01	7.324081030939455506e-02	3.004466303936064592e-02	7.672741388575957111e-02
1.198799458943779200e+03	2.483642066786395652e-01	1.604678002953605631e-01	2.572337895449517964e-01	1.538136374145798457e-01	7.327490494072998184e-02	3.006672878533646689e-02	7.677893234024284197e-02
1.200250790007875821e+03	2.481607088417297768e-01	1.603362373196164647e-01	2.573793244721218065e-01	1.538956566124258518e-01	7.330894158118241022e-02	3.008876726708480109e-02	7.683036390568000196e-02
1.201702121071972442e+03	2.479575594616310052e-01	1.602048958945940238e-01	2.575246122646955294e-01	1.539775248209199476e-01	7.334292033048553372e-02	3.011077850007309875e-02	7.688170872744198858e-02
1.203153452136069063e+03	2.477547579402322175e-01	1.600737756465487327e-01	2.576696533401435785e-01	1.540592423342195816e-01	7.337684128819463303e-02	3.013276249983713392e-02	7.693296695066528801e-02
1.204604783200165684e+03	2.475523036804554988e-01	1.599428762023665795e-01	2.578144481152312428e-01	1.541408094458681655e-01	7.341070455368692294e-02	3.015471928198058815e-02	7.698413872025221261e-02
1.206056114264262078e+03	2.473501960862542759e-01	1.598121971895632154e-01	2.579589970060193749e-01	1.542222264487963790e-01	7.344451022616201030e-02	3.017664886217463760e-02	7.703522418087127566e-02
1.207507445328358699e+03	2.471484345626114854e-01	1.596817382362828719e-01	2.581033004278659448e-01	1.543034936353235298e-01	7.347825840464236591e-02	3.019855125615756100e-02	7.708622347695742727e-02
1.208958776392455093e+03	2.469470185155377695e-01	1.595514989712972231e-01	2.582473587954268734e-01	1.543846112971589968e-01	7.351194918797360200e-02	3.022042647973430252e-02	7.713713675271245684e-02
1.210410107456551941e+03	2.467459473520696167e-01	1.594214790240043311e-01	2.583911725226575307e-01	1.544655797254034235e-01	7.354558267482498579e-02	3.024227454877609009e-02	7.718796415210524287e-02
1.211861438520648335e+03	2.465452204802677516e-01	1.592916780244276742e-01	2.585347420228136794e-01	1.545463992105501616e-01	7.357915896368981412e-02	3.026409547922001564e-02	7.723870581887214148e-02
1.213312769584745183e+03	2.463448373092151089e-01	1.591620956032150369e-01	2.586780677084528079e-01	1.546270700424866584e-01	7.361267815288578820e-02	3.028588928706863262e-02	7.728936189651725019e-02
1.214764100648841804e+03	2.461447972490151959e-01	1.590327313916374274e-01	2.588211499914351843e-01	1.547075925104957339e-01	7.364614034055551317e-02	3.030765598838956743e-02	7.733993252831271314e-02
1.216215431712937971e+03	2.459450997107903436e-01	1.589035850215880785e-01	2.589639892829251333e-01	1.547879669032568295e-01	7.367954562466674795e-02	3.032939559931510654e-02	7.739041785729908196e-02
1.217666762777034819e+03	2.457457441066797366e-01	1.587746561255814204e-01	2.591065859933923132e-01	1.548681935088475348e-01	7.371289410301294642e-02	3.035110813604180099e-02	7.744081802628562106e-02
1.219118093841131440e+03	2.455467298498378304e-01	1.586459443367518318e-01	2.592489405326126040e-01	1.549482726147448641e-01	7.374618587321354890e-02	3.037279361483007784e-02	7.749113317785062682e-02
1.220569424905228061e+03	2.453480563544324367e-01	1.585174492888529463e-01	2.593910533096694948e-01	1.550282045078264503e-01	7.377942103271444008e-02	3.039445205200383762e-02	7.754136345434173294e-02
1.222020755969324682e+03	2.451497230356431134e-01	1.583891706162562640e-01	2.595329247329553057e-01	1.551079894743720711e-01	7.381259967878830985e-02	3.041608346395005547e-02	7.759150899787625733e-02
1.223472087033421303e+03	2.449517293096591941e-01	1.582611079539503474e-01	2.596745552101721310e-01	1.551876278000648424e-01	7.384572190853504192e-02	3.043768786711840632e-02	7.764156995034149356e-02
1.224923418097517697e+03	2.447540745936781503e-01	1.581332609375395992e-01	2.598159451483331162e-01	1.552671197699925787e-01	7.387878781888211621e-02	3.045926527802086253e-02	7.769154645339503007e-02
1.226374749161614318e+03	2.445567583059038153e-01	1.580056292032433751e-01	2.599570949537637343e-01	1.553464656686491530e-01	7.391179750658496972e-02	3.048081571323130873e-02	7.774143864846506935e-02
1.227826080225710712e+03	2.443597798655446074e-01	1.578782123878949006e-01	2.600980050321027859e-01	1.554256657799357177e-01	7.394475106822742672e-02	3.050233918938516017e-02	7.779124667675081650e-02
1.229277411289807560e+03	2.441631386928118097e-01	1.577510101289401334e-01	2.602386757883036750e-01	1.555047203871621764e-01	7.397764860022203182e-02	3.052383572317897073e-02	7.784097067922267355e-02
1.230728742353903954e+03	2.439668342089177377e-01	1.576240220644369028e-01	2.603791076266354643e-01	1.555836297730482931e-01	7.401049019881041080e-02	3.054530533137005122e-02	7.789061079662268350e-02
1.232180073418000802e+03	2.437708658360739911e-01	1.574972478330536607e-01	2.605193009506840407e-01	1.556623942197252197e-01	7.404327596006374246e-02	3.056674803077609817e-02	7.794016716946472467e-02
1.233631404482097196e+03	2.435752329974898434e-01	1.573706870740687325e-01	2.606592561633535032e-01	1.557410140087365780e-01	7.407600597988302227e-02	3.058816383827479835e-02	7.798963993803495476e-02
1.235082735546193817e+03	2.433799351173704384e-01	1.572443394273690120e-01	2.607989736668669956e-01	1.558194894210399861e-01	7.410868035399952036e-02	3.060955277080345746e-02	7.803902924239204675e-02
1.236534066610290438e+03	2.431849716209149026e-01	1.571182045334491018e-01	2.609384538627679828e-01	1.558978207370081970e-01	7.414129917797510072e-02	3.063091484535862899e-02	7.808833522236753588e-02
1.237985397674387059e+03	2.429903419343147353e-01	1.569922820334102298e-01	2.610776971519214729e-01	1.559760082364305134e-01	7.417386254720260974e-02	3.065225007899572210e-02	7.813755801756613883e-02
1.239436728738483680e+03	2.427960454847521987e-01	1.568665715689592510e-01	2.612167039345150710e-01	1.560540521985139262e-01	7.420637055690626482e-02	3.067355848882865471e-02	7.818669776736611454e-02
1.240888059802580301e+03	2.426020817003982921e-01	1.567410727824075645e-01	2.613554746100600901e-01	1.561319529018846131e-01	7.423882330214195968e-02	3.069484009202945451e-02	7.823575461091947236e-02
1.242339390866676695e+03	2.424084500104113082e-01	1.566157853166701697e-01	2.614940095773928830e-01	1.562097106245891043e-01	7.427122087779769455e-02	3.071609490582790161e-02	7.828472868715238842e-02
1.243790721930773088e+03	2.422151498449349183e-01	1.564907088152645842e-01	2.616323092346758417e-01	1.562873256440955316e-01	7.430356337859388149e-02	3.073732294751116423e-02	7.833362013476553865e-02
1.245242052994869937e+03	2.420221806350965343e-01	1.563658429223099000e-01	2.617703739793983964e-01	1.563647982372950440e-01	7.433585089908378851e-02	3.075852423442341707e-02	7.838242909223432087e-02
1.246693384058966330e+03	2.418295418130055607e-01	1.562411872825257286e-01	2.619082042083786255e-01	1.564421286805030009e-01	7.436808353365378932e-02	3.077969878396549092e-02	7.843115569780928498e-02
1.248144715123063179e+03	2.416372328117517010e-01	1.561167415412311188e-01	2.620458003177636996e-01	1.565193172494602492e-01	7.440026137652379357e-02	3.080084661359450138e-02	7.847980008951638276e-02
1.249596046187159800e+03	2.414452530654032647e-01	1.559925053443436682e-01	2.621831627030316025e-01	1.565963642193344552e-01	7.443238452174759379e-02	3.082196774082347768e-02	7.852836240515730093e-02
1.251047377251256421e+03	2.412536020090054190e-01	1.558684783383784411e-01	2.623202917589921301e-01	1.566732698647213817e-01	7.446445306321321234e-02	3.084306218322101570e-02	7.857684278230978037e-02
1.252498708315352815e+03	2.410622790785784397e-01	1.557446601704469968e-01	2.624571878797878344e-01	1.567500344596460260e-01	7.449646709464323446e-02	3.086412995841091370e-02	7.862524135832794914e-02
1.253950039379449436e+03	2.408712837111161575e-01	1.556210504882562795e-01	2.625938514588952999e-01	1.568266582775640905e-01	7.452842670959516913e-02	3.088517108407181147e-02	7.867355827034265559e-02
1.255401370443546057e+03	2.406806153445840424e-01	1.554976489401077855e-01	2.627302828891261433e-01	1.569031415913630934e-01	7.456033200146182371e-02	3.090618557793682955e-02	7.872179365526174588e-02
1.256852701507642678e+03	2.404902734179177326e-01	1.553744551748963698e-01	2.628664825626283452e-01	1.569794846733637561e-01	7.459218306347162319e-02	3.092717345779322918e-02	7.876994764977041097e-02
1.258304032571739299e+03	2.403002573710212308e-01	1.552514688421094691e-01	2.630024508708871944e-01	1.570556877953211139e-01	7.462397998868895710e-02	3.094813474148203764e-02	7.881802039033150575e-02
1.259755363635835920e+03	2.401105666447651554e-01	1.551286895918259079e-01	2.631381882047265086e-01	1.571317512284259033e-01	7.465572287001454033e-02	3.096906944689771166e-02	7.886601201318584053e-02
1.261206694699932314e+03	2.399212006809851305e-01	1.550061170747149275e-01	2.632736949543096894e-01	1.572076752433057834e-01	7.468741180018573234e-02	3.098997759198778706e-02	7.891392265435256959e-02
1.262658025764028707e+03	2.397321589224801208e-01	1.548837509420353253e-01	2.634089715091407768e-01	1.572834601100265295e-01	7.471904687177689797e-02	3.101085919475252139e-02	7.896175244962942708e-02
1.264109356828125556e+03	2.395434408130107107e-01	1.547615908456342615e-01	2.635440182580658375e-01	1.573591060980934209e-01	7.475062817719974051e-02	3.103171427324454695e-02	7.900950153459310177e-02
1.265560687892221949e+03	2.393550457972973833e-01	1.546396364379464261e-01	2.636788355892737412e-01	1.574346134764523231e-01	7.478215580870363477e-02	3.105254284556853081e-02	7.905717004459952846e-02
1.267012018956318798e+03	2.391669733210189663e-01	1.545178873719929846e-01	2.638134238902975492e-01	1.575099825134910481e-01	7.481362985837601565e-02	3.107334492988081745e-02	7.910475811478423491e-02
1.268463350020415419e+03	2.389792228308107724e-01	1.543963433013805786e-01	2.639477835480153467e-01	1.575852134770405477e-01	7.484505041814258630e-02	3.109412054438910264e-02	7.915226588006263331e-02
1.269914681084511813e+03	2.387917937742631835e-01	1.542750038803003265e-01	2.640819149486516304e-01	1.576603066343761905e-01	7.487641757976777612e-02	3.111486970735207608e-02	7.919969347513035329e-02
1.271366012148608434e+03	2.386046855999197358e-01	1.541538687635269911e-01	2.642158184777782526e-01	1.577352622522189274e-01	7.490773143485501828e-02	3.113559243707909527e-02	7.924704103446357506e-02
1.272817343212705055e+03	2.384178977572756208e-01	1.540329376064177025e-01	2.643494945203154201e-01	1.578100805967366238e-01	7.493899207484711056e-02	3.115628875192982816e-02	7.929430869231929302e-02
1.274268674276801676e+03	2.382314296967759371e-01	1.539122100649112090e-01	2.644829434605331375e-01	1.578847619335451979e-01	7.497019959102652065e-02	3.117695867031393051e-02	7.934149658273571826e-02
1.275720005340898297e+03	2.380452808698140799e-01	1.537916857955268224e-01	2.646161656820518737e-01	1.579593065277099251e-01	7.500135407451567759e-02	3.119760221069070236e-02	7.938860483953250058e-02
1.277171336404994690e+03	2.378594507287300486e-01	1.536713644553634461e-01	2.647491615678441712e-01	1.580337146437466311e-01	7.503245561627740201e-02	3.121821939156875850e-02	7.943563359631113097e-02
1.278622667469091539e+03	2.376739387268088366e-01	1.535512457020985766e-01	2.648819315002353125e-01	1.581079865456228584e-01	7.506350430711512811e-02	3.123881023150568842e-02	7.948258298645521913e-02
1.280073998533187932e+03	2.374887443182787106e-01	1.534313291939873591e-01	2.650144758609044304e-01	1.581821224967592532e-01	7.509450023767329230e-02	3.125937474910773367e-02	7.952945314313084046e-02
1.281525329597284326e+03	2.373038669583097116e-01	1.533116145898615890e-01	2.651467950308858956e-01	1.582561227600305931e-01	7.512544349843759683e-02	3.127991296302943397e-02	7.957624419928681359e-02
1.282976660661381175e+03	2.371193061030118510e-01	1.531921015491287119e-01	2.652788893905701495e-01	1.583299875977670912e-01	7.515633417973541230e-02	3.130042489197333577e-02	7.962295628765501954e-02
1.284427991725477568e+03	2.369350612094335562e-01	1.530727897317709363e-01	2.654107593197050363e-01	1.584037172717556174e-01	7.518717237173604129e-02	3.132091055468963492e-02	7.966958954075077648e-02
1.285879322789574417e+03	2.367511317355599498e-01	1.529536787983441504e-01	2.655424051973965804e-01	1.584773120432408922e-01	7.521795816445103755e-02	3.134136996997585051e-02	7.971614409087310338e-02
1.287330653853671038e+03	2.365675171403113508e-01	1.528347684099771175e-01	2.656738274021103186e-01	1.585507721729267072e-01	7.524869164773452523e-02	3.136180315667651264e-02	7.976262007010505306e-02
1.288781984917767431e+03	2.363842168835415813e-01	1.527160582283703105e-01	2.658050263116722434e-01	1.586240979209770918e-01	7.527937291128354580e-02	3.138221013368283629e-02	7.980901761031403141e-02
1.290233315981864052e+03	2.362012304260362461e-01	1.525975479157950787e-01	2.659360023032699694e-01	1.586972895470175615e-01	7.531000204463833558e-02	3.140259091993239521e-02	7.985533684315210268e-02
