1.001418434226643626e+03	2.795624402127721564e-01	1.805894287950947363e-01	2.349500875033904701e-01	1.411205172885069414e-01	6.805824633794371747e-02	2.681323495121267636e-02	6.890604491091961714e-02
1.003837319333471214e+03	2.791344714112063974e-01	1.803138060248989649e-01	2.352555043813541191e-01	1.412963961136513291e-01	6.812972582058028637e-02	2.685632781639410091e-02	6.901376843175516251e-02
1.006256204440298802e+03	2.787077240737316219e-01	1.800389567253526113e-01	2.355600582381053854e-01	1.414717273924398222e-01	6.820100200209171237e-02	2.689934137231787120e-02	6.912119019580130475e-02
1.008675089547126618e+03	2.782821947021394404e-01	1.797648787227363598e-01	2.358637515023762898e-01	1.416465129322480587e-01	6.827207548007223348e-02	2.694227562651676372e-02	6.922831103375118311e-02
1.011093974653954206e+03	2.778578798083291002e-01	1.794915698494415068e-01	2.361665865960606570e-01	1.418207545341809428e-01	6.834294684995269320e-02	2.698513058764595920e-02	6.933513177422949425e-02
1.013512859760782021e+03	2.774347759142775094e-01	1.792190279439529743e-01	2.364685659342333490e-01	1.419944539930918792e-01	6.841361670501824865e-02	2.702790626547300901e-02	6.944165324379344972e-02
1.015931744867609382e+03	2.770128795520094278e-01	1.789472508508318238e-01	2.367696919251696119e-01	1.421676130976020080e-01	6.848408563642569002e-02	2.707060267086789512e-02	6.954787626693395564e-02
1.018350629974437197e+03	2.765921872635676571e-01	1.786762364206985754e-01	2.370699669703641710e-01	1.423402336301196336e-01	6.855435423322039923e-02	2.711321981579318044e-02	6.965380166607676449e-02
1.020769515081264785e+03	2.761726956009834533e-01	1.784059825102159436e-01	2.373693934645502712e-01	1.425123173668596532e-01	6.862442308235304489e-02	2.715575771329424917e-02	6.975943026158380744e-02
1.023188400188092373e+03	2.757544011262466621e-01	1.781364869820717955e-01	2.376679737957189120e-01	1.426838660778629031e-01	6.869429276869597201e-02	2.719821637748963059e-02	6.986476287175455435e-02
1.025607285294920075e+03	2.753373004112766309e-01	1.778677477049623312e-01	2.379657103451376654e-01	1.428548815270156425e-01	6.876396387505917529e-02	2.724059582356139902e-02	6.996980031282756807e-02
1.028026170401747549e+03	2.749213900378925102e-01	1.775997625535752356e-01	2.382626054873697719e-01	1.430253654720691492e-01	6.883343698220611984e-02	2.728289606774567111e-02	7.007454339898203100e-02
1.030445055508575479e+03	2.745066665977839993e-01	1.773325294085726644e-01	2.385586615902929308e-01	1.431953196646591764e-01	6.890271266886917323e-02	2.732511712732317924e-02	7.017899294233943819e-02
1.032863940615402726e+03	2.740931266924823140e-01	1.770660461565745081e-01	2.388538810151181746e-01	1.433647458503256034e-01	6.897179151176474621e-02	2.736725902060992491e-02	7.028314975296535982e-02
1.035282825722230655e+03	2.736807669333309878e-01	1.768003106901417099e-01	2.391482661164086310e-01	1.435336457685318923e-01	6.904067408560825292e-02	2.740932176694791875e-02	7.038701463887127308e-02
1.037701710829058356e+03	2.732695839414568950e-01	1.765353209077594465e-01	2.394418192420983971e-01	1.437020211526848223e-01	6.910936096312868260e-02	2.745130538669598649e-02	7.049058840601644949e-02
1.040120595935886058e+03	2.728595743477413293e-01	1.762710747138205580e-01	2.397345427335110801e-01	1.438698737301540853e-01	6.917785271508294920e-02	2.749320990122066863e-02	7.059387185831000888e-02
1.042539481042713533e+03	2.724507347927911938e-01	1.760075700186089220e-01	2.400264389253784492e-01	1.440372052222919363e-01	6.924614991027000510e-02	2.753503533288719982e-02	7.069686579761295941e-02
1.044958366149541234e+03	2.720430619269103567e-01	1.757448047382828837e-01	2.403175101458589757e-01	1.442040173444529005e-01	6.931425311554466340e-02	2.757678170505053691e-02	7.079957102374036249e-02
1.047377251256368709e+03	2.716365524100708972e-01	1.754827767948586859e-01	2.406077587165565135e-01	1.443703118060133961e-01	6.938216289583123975e-02	2.761844904204649453e-02	7.090198833446352544e-02
1.049796136363196410e+03	2.712312029118846279e-01	1.752214841161939818e-01	2.408971869525386167e-01	1.445360903103914130e-01	6.944987981413684730e-02	2.766003736918293959e-02	7.100411852551230529e-02
1.052215021470024112e+03	2.708270101115747841e-01	1.749609246359715709e-01	2.411857971623550256e-01	1.447013545550663027e-01	6.951740443156453897e-02	2.770154671273106217e-02	7.110596239057745405e-02
1.054633906576851814e+03	2.704239706979475466e-01	1.747010962936828282e-01	2.414735916480559852e-01	1.448661062315984016e-01	6.958473730732619988e-02	2.774297709991671926e-02	7.120752072131306121e-02
1.057052791683679516e+03	2.700220813693637867e-01	1.744419970346114956e-01	2.417605727052107023e-01	1.450303470256486815e-01	6.965187899875521782e-02	2.778432855891183745e-02	7.130879430733903790e-02
1.059471676790506763e+03	2.696213388337110328e-01	1.741836248098173057e-01	2.420467426229253871e-01	1.451940786169986231e-01	6.971883006131890381e-02	2.782560111882591974e-02	7.140978393624364262e-02
1.061890561897334692e+03	2.692217398083751601e-01	1.739259775761198279e-01	2.423321036838616827e-01	1.453573026795697276e-01	6.978559104863076012e-02	2.786679480969758704e-02	7.151049039358609027e-02
1.064309447004162394e+03	2.688232810202126344e-01	1.736690532960822042e-01	2.426166581642547060e-01	1.455200208814433627e-01	6.985216251246247066e-02	2.790790966248620636e-02	7.161091446289925833e-02
1.066728332110990095e+03	2.684259592055227017e-01	1.734128499379949673e-01	2.429004083339311448e-01	1.456822348848803572e-01	6.991854500275576645e-02	2.794894570906358150e-02	7.171105692569233747e-02
1.069147217217817570e+03	2.680297711100191882e-01	1.731573654758601088e-01	2.431833564563274375e-01	1.458439463463407637e-01	6.998473906763398589e-02	2.798990298220571313e-02	7.181091856145369046e-02
1.071566102324645271e+03	2.676347134888032442e-01	1.729025978893748150e-01	2.434655047885076196e-01	1.460051569165034258e-01	7.005074525341353775e-02	2.803078151558463169e-02	7.191050014765364151e-02
1.073984987431472746e+03	2.672407831063354777e-01	1.726485451639155344e-01	2.437468555811813931e-01	1.461658682402857401e-01	7.011656410461515609e-02	2.807158134376028583e-02	7.200980245974730742e-02
1.076403872538300675e+03	2.668479767364084210e-01	1.723952052905220467e-01	2.440274110787220563e-01	1.463260819568633631e-01	7.018219616397490535e-02	2.811230250217250717e-02	7.210882627117763677e-02
1.078822757645127922e+03	2.664562911621191632e-01	1.721425762658814196e-01	2.443071735191842397e-01	1.464857996996896672e-01	7.024764197245510211e-02	2.815294502713301672e-02	7.220757235337832425e-02
1.081241642751955851e+03	2.660657231758421504e-01	1.718906560923122995e-01	2.445861451343217807e-01	1.466450230965154200e-01	7.031290206925497333e-02	2.819350895581753183e-02	7.230604147577682217e-02
1.083660527858783553e+03	2.656762695792013740e-01	1.716394427777489795e-01	2.448643281496055146e-01	1.468037537694085182e-01	7.037797699182123112e-02	2.823399432625790101e-02	7.240423440579747683e-02
1.086079412965611255e+03	2.652879271830438368e-01	1.713889343357255513e-01	2.451417247842409552e-01	1.469619933347734442e-01	7.044286727585837016e-02	2.827440117733432193e-02	7.250215190886459549e-02
1.088498298072438729e+03	2.649006928074119638e-01	1.711391287853602505e-01	2.454183372511859196e-01	1.471197434033708618e-01	7.050757345533890941e-02	2.831472954876761150e-02	7.259979474840559666e-02
1.090917183179266431e+03	2.645145632815169567e-01	1.708900241513397200e-01	2.456941677571681248e-01	1.472770055803371281e-01	7.057209606251337031e-02	2.835497948111154534e-02	7.269716368585424360e-02
1.093336068286093905e+03	2.641295354437116494e-01	1.706416184639034106e-01	2.459692185027028410e-01	1.474337814652038892e-01	7.063643562792022712e-02	2.839515101574524233e-02	7.279425948065393337e-02
1.095754953392921607e+03	2.637456061414637509e-01	1.703939097588278162e-01	2.462434916821102382e-01	1.475900726519174255e-01	7.070059268039555200e-02	2.843524419486562899e-02	7.289108289026084708e-02
1.098173838499749309e+03	2.633627722313289787e-01	1.701468960774110417e-01	2.465169894835330111e-01	1.477458807288582754e-01	7.076456774708266007e-02	2.847525906147994196e-02	7.298763467014740547e-02
1.100592723606577010e+03	2.629810305789245239e-01	1.699005754664572598e-01	2.467897140889536711e-01	1.479012072788605803e-01	7.082836135344151851e-02	2.851519565939830345e-02	7.308391557380550241e-02
1.103011608713404712e+03	2.626003780589023506e-01	1.696549459782611680e-01	2.470616676742120044e-01	1.480560538792315139e-01	7.089197402325796149e-02	2.855505403322635555e-02	7.317992635275000213e-02
1.105430493820231959e+03	2.622208115549229390e-01	1.694100056705926394e-01	2.473328524090222247e-01	1.482104221017706558e-01	7.095540627865294658e-02	2.859483422835793279e-02	7.327566775652208375e-02
1.107849378927059888e+03	2.618423279596284736e-01	1.691657526066811801e-01	2.476032704569903764e-01	1.483643135127893364e-01	7.101865864009149210e-02	2.863453629096781791e-02	7.337114053269275238e-02
1.110268264033887590e+03	2.614649241746168640e-01	1.689221848552007466e-01	2.478729239756314873e-01	1.485177296731299557e-01	7.108173162639157272e-02	2.867416026800452544e-02	7.346634542686630853e-02
1.112687149140715292e+03	2.610885971104150438e-01	1.686793004902543414e-01	2.481418151163868047e-01	1.486706721381853280e-01	7.114462575473291805e-02	2.871370620718316849e-02	7.356128318268384536e-02
1.115106034247542766e+03	2.607133436864534359e-01	1.684370975913587754e-01	2.484099460246407820e-01	1.488231424579177509e-01	7.120734154066554744e-02	2.875317415697835333e-02	7.365595454182684299e-02
1.117524919354370468e+03	2.603391608310393623e-01	1.681955742434293744e-01	2.486773188397382039e-01	1.489751421768783501e-01	7.126987949811833256e-02	2.879256416661715029e-02	7.375036024402070733e-02
1.119943804461197942e+03	2.599660454813311206e-01	1.679547285367649356e-01	2.489439356950012838e-01	1.491266728342263148e-01	7.133224013940735186e-02	2.883187628607210631e-02	7.384450102703839225e-02
1.122362689568025871e+03	2.595939945833121709e-01	1.677145585670324901e-01	2.492097987177465113e-01	1.492777359637478263e-01	7.139442397524416173e-02	2.887111056605430950e-02	7.393837762670404934e-02
1.124781574674853118e+03	2.592230050917653239e-01	1.674750624352521755e-01	2.494749100293016386e-01	1.494283330938753485e-01	7.145643151474394272e-02	2.891026705800650923e-02	7.403199077689665009e-02
1.127200459781681047e+03	2.588530739702466499e-01	1.672362382477823040e-01	2.497392717450225008e-01	1.495784657477066126e-01	7.151826326543350709e-02	2.894934581409630212e-02	7.412534120955369121e-02
1.129619344888508749e+03	2.584841981910602215e-01	1.669980841163042906e-01	2.500028859743099741e-01	1.497281354430235745e-01	7.157991973325926460e-02	2.898834688720933889e-02	7.421842965467491393e-02
1.132038229995336451e+03	2.581163747352322457e-01	1.667605981578076102e-01	2.502657548206266291e-01	1.498773436923115099e-01	7.164140142259498023e-02	2.902727033094260056e-02	7.431125684032603707e-02
1.134457115102163925e+03	2.577496005924855282e-01	1.665237784945750033e-01	2.505278803815135236e-01	1.500260920027778611e-01	7.170270883624954572e-02	2.906611619959773712e-02	7.440382349264246242e-02
1.136876000208991627e+03	2.573838727612141608e-01	1.662876232541675159e-01	2.507892647486066884e-01	1.501743818763711658e-01	7.176384247547452910e-02	2.910488454817442699e-02	7.449613033583313282e-02
1.139294885315819101e+03	2.570191882484580970e-01	1.660521305694096506e-01	2.510499100076543089e-01	1.503222148097999034e-01	7.182480283997172421e-02	2.914357543236381284e-02	7.458817809218422357e-02
1.141713770422646803e+03	2.566555440698777280e-01	1.658172985783745723e-01	2.513098182385324897e-01	1.504695922945512576e-01	7.188559042790053366e-02	2.918218890854197209e-02	7.467996748206305602e-02
1.144132655529474505e+03	2.562929372497288472e-01	1.655831254243694817e-01	2.515689915152626299e-01	1.506165158169099905e-01	7.194620573588531021e-02	2.922072503376343250e-02	7.477149922392190007e-02
1.146551540636302207e+03	2.559313648208375036e-01	1.653496092559206820e-01	2.518274319060274657e-01	1.507629868579769827e-01	7.200664925902251767e-02	2.925918386575475025e-02	7.486277403430180444e-02
1.148970425743129908e+03	2.555708238245746333e-01	1.651167482267590081e-01	2.520851414731873907e-01	1.509090068936881357e-01	7.206692149088791965e-02	2.929756546290812266e-02	7.495379262783651020e-02
1.151389310849957155e+03	2.552113113108315789e-01	1.648845404958051708e-01	2.523421222732973312e-01	1.510545773948327175e-01	7.212702292354357392e-02	2.933586988427505649e-02	7.504455571725628105e-02
1.153808195956785084e+03	2.548528243379948321e-01	1.646529842271552135e-01	2.525983763571226781e-01	1.511996998270721815e-01	7.218695404754481293e-02	2.937409718956006735e-02	7.513506401339187235e-02
1.156227081063612786e+03	2.544953599729212201e-01	1.644220775900659681e-01	2.528539057696559400e-01	1.513443756509585403e-01	7.224671535194707173e-02	2.941224743911445907e-02	7.522531822517841693e-02
1.158645966170440488e+03	2.541389152909133697e-01	1.641918187589403999e-01	2.531087125501326196e-01	1.514886063219529899e-01	7.230630732431270191e-02	2.945032069393010987e-02	7.531531905965936635e-02
1.161064851277267962e+03	2.537834873756949494e-01	1.639622059133133414e-01	2.533627987320477559e-01	1.516323932904441174e-01	7.236573045071767463e-02	2.948831701563332450e-02	7.540506722199044609e-02
1.163483736384095664e+03	2.534290733193857448e-01	1.637332372378368373e-01	2.536161663431720781e-01	1.517757380017665247e-01	7.242498521575815862e-02	2.952623646647872455e-02	7.549456341544363847e-02
1.165902621490923138e+03	2.530756702224774557e-01	1.635049109222660169e-01	2.538688174055679370e-01	1.519186418962190088e-01	7.248407210255707056e-02	2.956407910934319774e-02	7.558380834141111004e-02
1.168321506597751068e+03	2.527232751938093824e-01	1.632772251614444947e-01	2.541207539356054035e-01	1.520611064090828801e-01	7.254299159277056985e-02	2.960184500771987498e-02	7.567280269940925008e-02
1.170740391704578315e+03	2.523718853505436122e-01	1.630501781552902707e-01	2.543719779439785889e-01	1.522031329706401981e-01	7.260174416659438690e-02	2.963953422571214552e-02	7.576154718708265345e-02
1.173159276811406244e+03	2.520214978181412047e-01	1.628237681087812971e-01	2.546224914357214653e-01	1.523447230061919788e-01	7.266033030277020688e-02	2.967714682802774159e-02	7.585004250020814520e-02
1.175578161918233945e+03	2.516721097303373234e-01	1.625979932319413235e-01	2.548722964102235200e-01	1.524858779360763195e-01	7.271875047859188701e-02	2.971468287997284727e-02	7.593828933269879122e-02
1.177997047025061647e+03	2.513237182291179761e-01	1.623728517398257132e-01	2.551213948612462423e-01	1.526265991756863838e-01	7.277700516991157664e-02	2.975214244744624897e-02	7.602628837660792283e-02
1.180415932131889122e+03	2.509763204646950352e-01	1.621483418525072329e-01	2.553697887769385000e-01	1.527668881354885821e-01	7.283509485114590676e-02	2.978952559693353458e-02	7.611404032213324455e-02
1.182834817238716823e+03	2.506299135954828117e-01	1.619244617950621468e-01	2.556174801398525820e-01	1.529067462210403905e-01	7.289301999528198517e-02	2.982683239550133758e-02	7.620154585762081711e-02
1.185253702345544298e+03	2.502844947880738524e-01	1.617012097975558671e-01	2.558644709269599082e-01	1.530461748330083915e-01	7.295078107388333621e-02	2.986406291079160905e-02	7.628880566956913745e-02
1.187672587452371999e+03	2.499400612172151814e-01	1.614785840950290763e-01	2.561107631096667392e-01	1.531851753671861216e-01	7.300837855709585433e-02	2.990121721101594507e-02	7.637582044263324654e-02
1.190091472559199701e+03	2.495966100657845133e-01	1.612565829274837659e-01	2.563563586538298855e-01	1.533237492145117231e-01	7.306581291365363273e-02	2.993829536494995586e-02	7.646259085962876789e-02
1.192510357666027403e+03	2.492541385247664942e-01	1.610352045398691645e-01	2.566012595197722512e-01	1.534618977610859858e-01	7.312308461088472267e-02	2.997529744192764870e-02	7.654911760153602918e-02
1.194929242772855105e+03	2.489126437932290825e-01	1.608144471820679711e-01	2.568454676622985988e-01	1.535996223881897771e-01	7.318019411471692048e-02	3.001222351183589418e-02	7.663540134750412847e-02
1.197348127879682352e+03	2.485721230782999558e-01	1.605943091088823937e-01	2.570889850307109814e-01	1.537369244723018613e-01	7.323714188968334649e-02	3.004907364510889592e-02	7.672144277485506980e-02
1.199767012986510281e+03	2.482325735951430301e-01	1.603747885800202722e-01	2.573318135688241193e-01	1.538738053851164411e-01	7.329392839892809319e-02	3.008584791272271922e-02	7.680724255908782938e-02
1.202185898093337983e+03	2.478939925669350064e-01	1.601558838600815049e-01	2.575739552149812206e-01	1.540102664935606991e-01	7.335055410421177646e-02	3.012254638618984751e-02	7.689280137388251890e-02
1.204604783200165684e+03	2.475563772248420558e-01	1.599375932185439497e-01	2.578154119020689694e-01	1.541463091598123392e-01	7.340701946591701721e-02	3.015916913755378737e-02	7.697811989110443787e-02
1.207023668306993159e+03	2.472197248079965048e-01	1.597199149297499343e-01	2.580561855575332908e-01	1.542819347413169062e-01	7.346332494305388150e-02	3.019571623938370475e-02	7.706319878080827857e-02
1.209442553413820860e+03	2.468840325634736321e-01	1.595028472728926838e-01	2.582962781033943944e-01	1.544171445908052720e-01	7.351947099326527901e-02	3.023218776476910286e-02	7.714803871124219226e-02
1.211861438520648335e+03	2.465492977462684365e-01	1.592863885320023876e-01	2.585356914562621511e-01	1.545519400563108992e-01	7.357545807283225048e-02	3.026858378731453469e-02	7.723264034885192475e-02
1.214280323627476264e+03	2.462155176192726835e-01	1.590705369959327931e-01	2.587744275273513583e-01	1.546863224811870496e-01	7.363128663667931062e-02	3.030490438113436422e-02	7.731700435828502138e-02
1.216699208734303511e+03	2.458826894532518403e-01	1.588552909583476336e-01	2.590124882224968395e-01	1.548202932041241597e-01	7.368695713837963845e-02	3.034114962084754133e-02	7.740113140239489320e-02
1.219118093841131440e+03	2.455508105268221219e-01	1.586406487177070002e-01	2.592498754421689311e-01	1.549538535591667987e-01	7.374247003016029534e-02	3.037731958157244283e-02	7.748502214224498030e-02
1.221536978947959142e+03	2.452198781264277039e-01	1.584266085772539356e-01	2.594865910814880272e-01	1.550870048757309327e-01	7.379782576290731810e-02	3.041341433892173415e-02	7.756867723711292906e-02
1.223955864054786844e+03	2.448898895463177128e-01	1.582131688450010010e-01	2.597226370302401222e-01	1.552197484786208836e-01	7.385302478617083999e-02	3.044943396899725541e-02	7.765209734449472767e-02
1.226374749161614318e+03	2.445608420885237722e-01	1.580003278337168138e-01	2.599580151728918542e-01	1.553520856880462320e-01	7.390806754817010049e-02	3.048537854838496985e-02	7.773528312010882790e-02
1.228793634268442020e+03	2.442327330628371873e-01	1.577880838609126979e-01	2.601927273886049941e-01	1.554840178196389144e-01	7.396295449579849690e-02	3.052124815414993322e-02	7.781823521790032228e-02
1.231212519375269494e+03	2.439055597867862690e-01	1.575764352488294162e-01	2.604267755512520433e-01	1.556155461844699328e-01	7.401768607462849703e-02	3.055704286383130117e-02	7.790095429004512129e-02
1.233631404482097196e+03	2.435793195856140181e-01	1.573653803244237093e-01	2.606601615294305563e-01	1.557466720890663681e-01	7.407226272891655194e-02	3.059276275543736448e-02	7.798344098695407511e-02
1.236050289588924898e+03	2.432540097922555322e-01	1.571549174193551668e-01	2.608928871864782950e-01	1.558773968354278672e-01	7.412668490160796708e-02	3.062840790744063985e-02	7.806569595727717858e-02
1.238469174695752372e+03	2.429296277473156074e-01	1.569450448699729606e-01	2.611249543804881612e-01	1.560077217210436018e-01	7.418095303434170396e-02	3.066397839877296749e-02	7.814771984790766512e-02
1.240888059802580301e+03	2.426061707990464500e-01	1.567357610173026883e-01	2.613563649643227405e-01	1.561376480389087273e-01	7.423506756745525126e-02	3.069947430882066439e-02	7.822951330398621173e-02
1.243306944909407548e+03	2.422836363033254448e-01	1.565270642070331342e-01	2.615871207856290681e-01	1.562671770775410640e-01	7.428902893998926005e-02	3.073489571741971210e-02	7.831107696890510228e-02
1.245725830016235477e+03	2.419620216236328947e-01	1.563189527895033348e-01	2.618172236868533953e-01	1.563963101209975282e-01	7.434283758969233158e-02	3.077024270485094817e-02	7.839241148431239092e-02
1.248144715123063179e+03	2.416413241310299553e-01	1.561114251196892844e-01	2.620466755052557883e-01	1.565250484488908411e-01	7.439649395302561086e-02	3.080551535183534417e-02	7.847351749011600985e-02
1.250563600229890881e+03	2.413215412041365970e-01	1.559044795571910558e-01	2.622754780729248392e-01	1.566533933364056275e-01	7.444999846516749120e-02	3.084071373952925951e-02	7.855439562448801594e-02
1.252982485336718355e+03	2.410026702291095113e-01	1.556981144662197836e-01	2.625036332167920428e-01	1.567813460543149851e-01	7.450335156001816617e-02	3.087583794951977850e-02	7.863504652386865690e-02
1.255401370443546057e+03	2.406847085996202396e-01	1.554923282155846187e-01	2.627311427586465631e-01	1.569089078689966943e-01	7.455655367020420921e-02	3.091088806382003354e-02	7.871547082297060405e-02
1.257820255550373531e+03	2.403676537168333849e-01	1.552871191786798499e-01	2.629580085151494995e-01	1.570360800424495107e-01	7.460960522708305620e-02	3.094586416486461850e-02	7.879566915478306011e-02
1.260239140657201460e+03	2.400515029893847130e-01	1.550824857334719975e-01	2.631842322978484860e-01	1.571628638323093463e-01	7.466250666074752962e-02	3.098076633550496742e-02	7.887564215057597805e-02
1.262658025764028707e+03	2.397362538333595305e-01	1.548784262624870178e-01	2.634098159131920136e-01	1.572892604918653403e-01	7.471525840003023777e-02	3.101559465900481649e-02	7.895539043990414119e-02
1.265076910870856636e+03	2.394219036722708693e-01	1.546749391527973416e-01	2.636347611625438070e-01	1.574152712700759293e-01	7.476786087250808510e-02	3.105034921903567988e-02	7.903491465061138199e-02
1.267495795977684338e+03	2.391084499370380034e-01	1.544720227960093006e-01	2.638590698421972025e-01	1.575408974115850291e-01	7.482031450450656040e-02	3.108503009967234984e-02	7.911421540883467607e-02
1.269914681084511813e+03	2.387958900659649386e-01	1.542696755882501658e-01	2.640827437433893032e-01	1.576661401567377718e-01	7.487261972110414998e-02	3.111963738538845239e-02	7.919329333900833323e-02
1.272333566191339514e+03	2.384842215047188463e-01	1.540678959301556017e-01	2.643057846523154120e-01	1.577910007415965488e-01	7.492477694613662587e-02	3.115417116105199599e-02	7.927214906386814697e-02
1.274752451298167216e+03	2.381734417063087195e-01	1.538666822268568157e-01	2.645281943501430755e-01	1.579154803979567478e-01	7.497678660220134794e-02	3.118863151192099309e-02	7.935078320445548838e-02
1.277171336404994690e+03	2.378635481310640010e-01	1.536660328879681792e-01	2.647499746130262954e-01	1.580395803533626298e-01	7.502864911066153830e-02	3.122301852363907823e-02	7.942919638012151118e-02
1.279590221511822392e+03	2.375545382466133226e-01	1.534659463275742930e-01	2.649711272121196837e-01	1.581633018311230654e-01	7.508036489165048621e-02	3.125733228223118165e-02	7.950738920853127334e-02
1.282009106618650094e+03	2.372464095278633556e-01	1.532664209642176922e-01	2.651916539135924511e-01	1.582866460503270789e-01	7.513193436407573922e-02	3.129157287409921329e-02	7.958536230566784497e-02
1.284427991725477568e+03	2.369391594569774384e-01	1.530674552208861894e-01	2.654115564786426185e-01	1.584096142258596129e-01	7.518335794562329422e-02	3.132574038601779187e-02	7.966311628583645776e-02
1.286846876832305497e+03	2.366327855233547883e-01	1.528690475250003844e-01	2.656308366635108942e-01	1.585322075684169607e-01	7.523463605276174693e-02	3.135983490513000876e-02	7.974065176166862667e-02
1.289265761939132744e+03	2.363272852236092680e-01	1.526711963084012302e-01	2.658494962194945521e-01	1.586544272845224757e-01	7.528576910074639972e-02	3.139385651894318480e-02	7.981796934412632716e-02
1.291684647045960673e+03	2.360226560615484859e-01	1.524739000073375705e-01	2.660675368929615869e-01	1.587762745765416705e-01	7.533675750362330004e-02	3.142780531532471389e-02	7.989506964250603360e-02
1.294103532152788375e+03	2.357188955481529513e-01	1.522771570624537885e-01	2.662849604253644809e-01	1.588977506426979547e-01	7.538760167423336211e-02	3.146168138249787888e-02	7.997195326444295205e-02
1.296522417259616077e+03	2.354160012015551195e-01	1.520809659187773721e-01	2.665017685532540259e-01	1.590188566770877610e-01	7.543830202421639153e-02	3.149548480903772291e-02	8.004862081591500311e-02
1.298941302366443551e+03	2.351139705470187136e-01	1.518853250257067300e-01	2.667179630082930908e-01	1.591395938696958667e-01	7.548885896401502649e-02	3.152921568386697626e-02	8.012507290124702697e-02
1.301360187473271253e+03	2.348128011169179075e-01	1.516902328369987285e-01	2.669335455172704985e-01	1.592599634064106595e-01	7.553927290287879015e-02	3.156287409625196244e-02	8.020131012311486340e-02
1.303779072580098727e+03	2.345124904507168984e-01	1.514956878107565075e-01	2.671485178021147378e-01	1.593799664690392359e-01	7.558954424886804579e-02	3.159646013579855972e-02	8.027733308254943190e-02
1.306197957686926657e+03	2.342130360949490064e-01	1.513016884094173231e-01	2.673628815799076186e-01	1.594996042353225563e-01	7.563967340885785484e-02	3.162997389244818353e-02	8.035314237894089495e-02
1.308616842793753904e+03	2.339144356031963579e-01	1.511082330997402801e-01	2.675766385628979838e-01	1.596188778789504603e-01	7.568966078854197366e-02	3.166341545647379657e-02	8.042873861004268266e-02
1.311035727900581833e+03	2.336166865360693456e-01	1.509153203527942855e-01	2.677897904585150868e-01	1.597377885695766275e-01	7.573950679243664219e-02	3.169678491847596064e-02	8.050412237197561438e-02
1.313454613007409534e+03	2.333197864611862571e-01	1.507229486439457533e-01	2.680023389693825253e-01	1.598563374728336484e-01	7.578921182388451139e-02	3.173008236937890914e-02	8.057929425923196498e-02
1.315873498114237009e+03	2.330237329531529289e-01	1.505311164528466694e-01	2.682142857933315638e-01	1.599745257503477902e-01	7.583877628505845958e-02	3.176330790042661278e-02	8.065425486467958649e-02
1.318292383221064711e+03	2.327285235935424301e-01	1.503398222634224901e-01	2.684256326234146228e-01	1.600923545597538189e-01	7.588820057696539501e-02	3.179646160317894932e-02	8.072900477956596044e-02
1.320711268327892412e+03	2.324341559708748284e-01	1.501490645638601240e-01	2.686363811479188235e-01	1.602098250547098757e-01	7.593748509945004443e-02	3.182954356950780384e-02	8.080354459352225016e-02
1.323130153434719887e+03	2.321406276805969837e-01	1.499588418465960249e-01	2.688465330503793105e-01	1.603269383849120211e-01	7.598663025119871406e-02	3.186255389159329404e-02	8.087787489456735313e-02
1.325549038541547588e+03	2.318479363250626202e-01	1.497691526083040903e-01	2.690560900095927965e-01	1.604436956961090843e-01	7.603563642974307812e-02	3.189549266191993998e-02	8.095199626911202262e-02
1.327967923648375290e+03	2.315560795135120919e-01	1.495799953498839208e-01	2.692650536996308852e-01	1.605600981301171792e-01	7.608450403146382879e-02	3.192835997327289621e-02	8.102590930196289232e-02
1.330386808755202765e+03	2.312650548620525104e-01	1.493913685764488020e-01	2.694734257898531160e-01	1.606761468248341929e-01	7.613323345159442312e-02	3.196115591873423950e-02	8.109961457632648696e-02
1.332805693862030694e+03	2.309748599936377045e-01	1.492032707973138805e-01	2.696812079449205091e-01	1.607918429142544403e-01	7.618182508422478849e-02	3.199388059167921489e-02	8.117311267381330242e-02
1.335224578968857941e+03	2.306854925380484866e-01	1.490157005259844236e-01	2.698884018248087213e-01	1.609071875284828756e-01	7.623027932230493076e-02	3.202653408577256500e-02	8.124640417444184415e-02
1.337643464075685870e+03	2.303969501318727242e-01	1.488286562801439672e-01	2.700950090848213136e-01	1.610221817937497468e-01	7.627859655764858415e-02	3.205911649496486632e-02	8.131948965664266560e-02
1.340062349182513572e+03	2.301092304184857440e-01	1.486421365816426587e-01	2.703010313756027405e-01	1.611368268324246955e-01	7.632677718093687502e-02	3.209162791348887239e-02	8.139236969726236504e-02
1.342481234289341273e+03	2.298223310480304038e-01	1.484561399564853779e-01	2.705064703431516171e-01	1.612511237630311900e-01	7.637482158172186064e-02	3.212406843585593336e-02	8.146504487156763785e-02
1.344900119396168748e+03	2.295362496773977190e-01	1.482706649348201899e-01	2.707113276288337089e-01	1.613650737002606805e-01	7.642273014843016521e-02	3.215643815685236689e-02	8.153751575324925949e-02
1.347319004502996449e+03	2.292509839702070451e-01	1.480857100509267721e-01	2.709156048693950880e-01	1.614786777549866714e-01	7.647050326836650480e-02	3.218873717153592634e-02	8.160978291442610999e-02
1.349737889609823924e+03	2.289665315967868153e-01	1.479012738432045060e-01	2.711193036969750669e-01	1.615919370342790984e-01	7.651814132771724009e-02	3.222096557523224103e-02	8.168184692564917082e-02
1.352156774716651853e+03	2.286828902341548897e-01	1.477173548541611814e-01	2.713224257391191885e-01	1.617048526414180953e-01	7.656564471155395679e-02	3.225312346353132603e-02	8.175370835590553553e-02
1.354575659823479100e+03	2.284000575659991816e-01	1.475339516304013110e-01	2.715249726187922708e-01	1.618174256759082053e-01	7.661301380383685189e-02	3.228521093228405719e-02	8.182536777262237881e-02
1.356994544930307029e+03	2.281180312826583678e-01	1.473510627226146674e-01	2.717269459543910082e-01	1.619296572334922024e-01	7.666024898741834182e-02	3.231722807759875027e-02	8.189682574167095330e-02
1.359413430037134731e+03	2.278368090811026259e-01	1.471686866855646814e-01	2.719283473597571277e-01	1.620415484061650813e-01	7.670735064404644865e-02	3.234917499583769146e-02	8.196808282737055862e-02
1.361832315143962205e+03	2.275563886649142886e-01	1.469868220780772006e-01	2.721291784441902672e-01	1.621531002821878786e-01	7.675431915436832508e-02	3.238105178361373043e-02	8.203913959249249654e-02
1.364251200250789907e+03	2.272767677442687762e-01	1.468054674630288325e-01	2.723294408124605215e-01	1.622643139461014683e-01	7.680115489793364059e-02	3.241285853778688025e-02	8.210999659826409558e-02
1.366670085357617609e+03	2.269979440359154443e-01	1.466246214073357590e-01	2.725291360648212091e-01	1.623751904787402445e-01	7.684785825319800923e-02	3.244459535546096590e-02	8.218065440437256897e-02
1.369088970464445310e+03	2.267199152631584891e-01	1.464442824819422451e-01	2.727282657970219182e-01	1.624857309572458608e-01	7.689442959752641749e-02	3.247626233398027279e-02	8.225111356896906700e-02
1.371507855571272785e+03	2.264426791558380447e-01	1.462644492618092873e-01	2.729268316003208295e-01	1.625959364550808584e-01	7.694086930719656880e-02	3.250785957092622303e-02	8.232137464867254895e-02
1.373926740678100487e+03	2.261662334503110883e-01	1.460851203259035391e-01	2.731248350614974840e-01	1.627058080420422381e-01	7.698717775740229752e-02	3.253938716411406556e-02	8.239143819857375206e-02
1.376345625784927961e+03	2.258905758894327043e-01	1.459062942571857369e-01	2.733222777628653288e-01	1.628153467842750057e-01	7.703335532225688564e-02	3.257084521158962881e-02	8.246130477223910515e-02
1.378764510891755890e+03	2.256157042225371834e-01	1.457279696425997362e-01	2.735191612822847063e-01	1.629245537442856606e-01	7.707940237479644907e-02	3.260223381162605932e-02	8.253097492171465599e-02
1.381183395998583137e+03	2.253416162054192318e-01	1.455501450730611324e-01	2.737154871931747890e-01	1.630334299809556020e-01	7.712531928698317107e-02	3.263355306272057443e-02	8.260044919752999870e-02
1.383602281105411066e+03	2.250683096003151806e-01	1.453728191434462413e-01	2.739112570645265143e-01	1.631419765495544238e-01	7.717110642970868850e-02	3.266480306359128422e-02	8.266972814870221509e-02
1.386021166212238768e+03	2.247957821758844454e-01	1.451959904525808309e-01	2.741064724609147962e-01	1.632501945017534317e-01	7.721676417279738081e-02	3.269598391317399266e-02	8.273881232273967712e-02
1.388440051319066470e+03	2.245240317071909297e-01	1.450196576032290741e-01	2.743011349425112377e-01	1.633580848856386603e-01	7.726229288500961745e-02	3.272709571061906131e-02	8.280770226564601599e-02
1.390858936425893944e+03	2.242530559756842901e-01	1.448438192020825854e-01	2.744952460650962323e-01	1.634656487457243068e-01	7.730769293404499143e-02	3.275813855528822427e-02	8.287639852192400791e-02
1.393277821532721646e+03	2.239828527691816173e-01	1.446684738597491526e-01	2.746888073800715646e-01	1.635728871229657488e-01	7.735296468654562219e-02	3.278911254675152126e-02	8.294490163457945986e-02
1.395696706639549120e+03	2.237134198818488406e-01	1.444936201907418283e-01	2.748818204344726235e-01	1.636798010547728388e-01	7.739810850809938914e-02	3.282001778478416815e-02	8.301321214512503988e-02
1.398115591746377049e+03	2.234447551141824639e-01	1.443192568134680498e-01	2.750742867709806694e-01	1.637863915750226995e-01	7.744312476324306804e-02	3.285085436936351078e-02	8.308133059358417671e-02
1.400534476853204296e+03	2.231768562729911642e-01	1.441453823502186204e-01	2.752662079279353247e-01	1.638926597140730468e-01	7.748801381546562006e-02	3.288162240066596492e-02	8.314925751849494562e-02
1.402953361960032225e+03	2.229097211713774729e-01	1.439719954271566627e-01	2.754575854393465084e-01	1.639986064987748460e-01	7.753277602721135586e-02	3.291232197906399093e-02	8.321699345691381533e-02
1.405372247066859927e+03	2.226433476287196511e-01	1.437990946743069598e-01	2.756484208349068155e-01	1.641042329524854682e-01	7.757741175988309978e-02	3.294295320512307529e-02	8.328453894441963101e-02
1.407791132173687402e+03	2.223777334706533160e-01	1.436266787255449096e-01	2.758387156400035622e-01	1.642095400950814299e-01	7.762192137384535395e-02	3.297351617959874692e-02	8.335189451511736125e-02
1.410210017280515103e+03	2.221128765290535378e-01	1.434547462185858380e-01	2.760284713757309993e-01	1.643145289429712719e-01	7.766630522842746243e-02	3.300401100343364202e-02	8.341906070164195608e-02
1.412628902387342805e+03	2.218487746420166606e-01	1.432832957949741193e-01	2.762176895589023573e-01	1.644192005091082431e-01	7.771056368192667818e-02	3.303443777775452034e-02	8.348603803516217725e-02
1.415047787494170507e+03	2.215854256538422606e-01	1.431123261000724067e-01	2.764063717020620037e-01	1.645235558030030687e-01	7.775469709161139664e-02	3.306479660386937164e-02	8.355282704538438687e-02
1.417466672600997981e+03	2.213228274150152441e-01	1.429418357830508635e-01	2.765945193134972113e-01	1.646275958307366061e-01	7.779870581372416716e-02	3.309508758326450834e-02	8.361942826055634992e-02
1.419885557707825683e+03	2.210609777821879174e-01	1.427718234968766153e-01	2.767821338972503709e-01	1.647313215949724463e-01	7.784259020348485714e-02	3.312531081760167195e-02	8.368584220747107838e-02
1.422304442814653157e+03	2.207998746181621119e-01	1.426022878983029540e-01	2.769692169531309811e-01	1.648347340949694595e-01	7.788635061509366353e-02	3.315546640871518125e-02	8.375206941147060602e-02
1.424723327921481086e+03	2.205395157918714211e-01	1.424332276478586234e-01	2.771557699767275285e-01	1.649378343265943681e-01	7.792998740173422145e-02	3.318555445860910114e-02	8.381811039644974926e-02
1.427142213028308333e+03	2.202798991783633809e-01	1.422646414098374668e-01	2.773417944594190332e-01	1.650406232823341812e-01	7.797350091557668506e-02	3.321557506945440469e-02	8.388396568485988192e-02
1.429561098135136262e+03	2.200210226587817619e-01	1.420965278522874631e-01	2.775272918883875395e-01	1.651431019513086018e-01	7.801689150778073900e-02	3.324552834358619757e-02	8.394963579771276552e-02
1.431979983241963964e+03	2.197628841203490280e-01	1.419288856470005689e-01	2.777122637466293287e-01	1.652452713192823774e-01	7.806015952849860995e-02	3.327541438350092168e-02	8.401512125458422686e-02
1.434398868348791666e+03	2.195054814563486556e-01	1.417617134695018377e-01	2.778967115129671317e-01	1.653471323686776795e-01	7.810330532687813354e-02	3.330523329185359344e-02	8.408042257361798832e-02
1.436817753455619140e+03	2.192488125661076204e-01	1.415950099990392064e-01	2.780806366620616754e-01	1.654486860785863156e-01	7.814632925106572425e-02	3.333498517145509765e-02	8.414554027152938709e-02
1.439236638562446842e+03	2.189928753549788276e-01	1.414287739185728365e-01	2.782640406644234510e-01	1.655499334247819976e-01	7.818923164820941463e-02	3.336467012526939807e-02	8.421047486360908052e-02
1.441655523669274316e+03	2.187376677343238207e-01	1.412630039147647898e-01	2.784469249864243712e-01	1.656508753797325262e-01	7.823201286446176961e-02	3.339428825641092141e-02	8.427522686372680705e-02
1.444074408776102018e+03	2.184831876214952118e-01	1.410976986779685638e-01	2.786292910903095388e-01	1.657515129126118647e-01	7.827467324498291190e-02	3.342383966814181651e-02	8.433979678433511928e-02
1.446493293882929493e+03	2.182294329398195010e-01	1.409328569022187394e-01	2.788111404342087374e-01	1.658518469893122405e-01	7.831721313394349182e-02	3.345332446386933140e-02	8.440418513647306165e-02
1.448912178989757422e+03	2.179764016185796460e-01	1.407684772852206279e-01	2.789924744721480332e-01	1.659518785724561907e-01	7.835963287452758774e-02	3.348274274714312104e-02	8.446839242976994511e-02
1.451331064096585123e+03	2.177240915929980203e-01	1.406045585283398902e-01	2.791732946540614324e-01	1.660516086214085252e-01	7.840193280893568983e-02	3.351209462165267300e-02	8.453241917244896930e-02
1.453749949203412370e+03	2.174725008042190100e-01	1.404410993365923510e-01	2.793536024258022610e-01	1.661510380922883445e-01	7.844411327838755887e-02	3.354138019122469838e-02	8.459626587133096953e-02
1.456168834310240300e+03	2.172216271992920000e-01	1.402780984186336732e-01	2.795333992291548775e-01	1.662501679379808084e-01	7.848617462312525161e-02	3.357059955982051591e-02	8.465993303183808050e-02
1.458587719417068001e+03	2.169714687311542767e-01	1.401155544867491720e-01	2.797126865018458308e-01	1.663489991081491259e-01	7.852811718241592409e-02	3.359975283153351228e-02	8.472342115799742779e-02
1.461006604523895703e+03	2.167220233586139022e-01	1.399534662568435173e-01	2.798914656775555732e-01	1.664475325492462410e-01	7.856994129455475984e-02	3.362884011058657474e-02	8.478673075244474999e-02
1.463425489630723177e+03	2.164732890463329229e-01	1.397918324484306307e-01	2.800697381859296731e-01	1.665457692045265725e-01	7.861164729686787034e-02	3.365786150132957927e-02	8.484986231642814569e-02
1.465844374737550879e+03	2.162252637648102715e-01	1.396306517846235273e-01	2.802475054525901399e-01	1.666437100140578387e-01	7.865323552571511223e-02	3.368681710823687170e-02	8.491281634981162618e-02
1.468263259844378354e+03	2.159779454903648643e-01	1.394699229921242400e-01	2.804247688991470810e-01	1.667413559147325752e-01	7.869470631649301551e-02	3.371570703590477669e-02	8.497559335107883471e-02
1.470682144951206283e+03	2.157313322051188920e-01	1.393096448012136335e-01	2.806015299432096377e-01	1.668387078402798762e-01	7.873606000363760071e-02	3.374453138904911359e-02	8.503819381733665472e-02
1.473101030058033530e+03	2.154854218969809720e-01	1.391498159457413564e-01	2.807777899983974201e-01	1.669357667212769125e-01	7.877729692062721001e-02	3.377329027250275395e-02	8.510061824431884581e-02
1.475519915164861459e+03	2.152402125596294125e-01	1.389904351631159329e-01	2.809535504743516099e-01	1.670325334851604504e-01	7.881841739998532437e-02	3.380198379121315821e-02	8.516286712638965195e-02
1.477938800271689161e+03	2.149957021924955025e-01	1.388315011942945765e-01	2.811288127767463396e-01	1.671290090562383146e-01	7.885942177328342240e-02	3.383061205023998874e-02	8.522494095654745139e-02
1.480357685378516862e+03	2.147518888007468596e-01	1.386730127837733639e-01	2.813035783072997953e-01	1.672251943557007958e-01	7.890031037114376977e-02	3.385917515475270201e-02	8.528684022642829543e-02
1.482776570485344337e+03	2.145087703952709146e-01	1.385149686795771884e-01	2.814778484637853184e-01	1.673210903016322249e-01	7.894108352324220867e-02	3.388767321002812000e-02	8.534856542630959997e-02
