1.301360187473271253e+03	2.354342276282410107e-01	1.511178655049814634e-01	2.607664795138909808e-01	1.617956661535733254e-01	7.624708571948790592e-02	3.215261282645005825e-02	8.248606265321739572e-02
1.306197957686926657e+03	2.348415970696595967e-01	1.507230064636582711e-01	2.611447033590476585e-01	1.620606592775960253e-01	7.635404679232057901e-02	3.222449614415680980e-02	8.265149089340326216e-02
1.311035727900581833e+03	2.342523755415955589e-01	1.503303220703897936e-01	2.615206434080027953e-01	1.623241548859529482e-01	7.646044732988495352e-02	3.229606210847102421e-02	8.281599465554510819e-02
1.315873498114237009e+03	2.336665433899701716e-01	1.499398002875350078e-01	2.618943149091225164e-01	1.625861609490411863e-01	7.656629024516915794e-02	3.236731150314615252e-02	8.297957871585796841e-02
1.320711268327892412e+03	2.330840810761869164e-01	1.495514291435068865e-01	2.622657329918770541e-01	1.628466854006469788e-01	7.667157843516829441e-02	3.243824512072473326e-02	8.314224783173125577e-02
1.325549038541547588e+03	2.325049691764163873e-01	1.491651967324230943e-01	2.626349126679363710e-01	1.631057361380554571e-01	7.677631478102545093e-02	3.250886376229528835e-02	8.330400674169000097e-02
1.330386808755202765e+03	2.319291883808863308e-01	1.487810912137579877e-01	2.630018688322547926e-01	1.633633210221599186e-01	7.688050214816960493e-02	3.257916823725386102e-02	8.346486016535949182e-02
1.335224578968857941e+03	2.313567194931766546e-01	1.483991008119964206e-01	2.633666162641448705e-01	1.636194478775703232e-01	7.698414338645059862e-02	3.264915936307013350e-02	8.362481280343297962e-02
1.340062349182513572e+03	2.307875434295190431e-01	1.480192138162892412e-01	2.637291696283403097e-01	1.638741244927216789e-01	7.708724133027115843e-02	3.271883796505788838e-02	8.378386933764271627e-02
1.344900119396168748e+03	2.302216412181016525e-01	1.476414185801105117e-01	2.640895434760483496e-01	1.641273586199817891e-01	7.718979879871606942e-02	3.278820487614983459e-02	8.394203443073378068e-02
1.349737889609823924e+03	2.296589939983786077e-01	1.472657035209162801e-01	2.644477522459919294e-01	1.643791579757587495e-01	7.729181859567872681e-02	3.285726093667673542e-02	8.409931272644098621e-02
1.354575659823479100e+03	2.290995830203842176e-01	1.468920571198048808e-01	2.648038102654405868e-01	1.646295302406081684e-01	7.739330350998495367e-02	3.292600699415067222e-02	8.425570884946853578e-02
1.359413430037134731e+03	2.285433896440517976e-01	1.465204679211791761e-01	2.651577317512317511e-01	1.648784830593400808e-01	7.749425631551434823e-02	3.299444390305243668e-02	8.441122740547242487e-02
1.364251200250789907e+03	2.279903953385372661e-01	1.461509245324101591e-01	2.655095308107813246e-01	1.651260240411257241e-01	7.759467977131909167e-02	3.306257252462290602e-02	8.456587298104556449e-02
1.369088970464445310e+03	2.274405816815475156e-01	1.457834156235024436e-01	2.658592214430839928e-01	1.653721607596040366e-01	7.769457662174042434e-02	3.313039372665836646e-02	8.471965014370529123e-02
1.373926740678100487e+03	2.268939303586731404e-01	1.454179299267610026e-01	2.662068175397037106e-01	1.656169007529880721e-01	7.779394959652281838e-02	3.319790838330974325e-02	8.487256344188361112e-02
1.378764510891755890e+03	2.263504231627258556e-01	1.450544562364599055e-01	2.665523328857540286e-01	1.658602515241712483e-01	7.789280141092580489e-02	3.326511737488557080e-02	8.502461740491962239e-02
1.383602281105411066e+03	2.258100419930805514e-01	1.446929834085123323e-01	2.668957811608685948e-01	1.661022205408336505e-01	7.799113476583378890e-02	3.333202158765868894e-02	8.517581654305442229e-02
1.388440051319066470e+03	2.252727688550215934e-01	1.443335003601425026e-01	2.672371759401613867e-01	1.663428152355480860e-01	7.808895234786361605e-02	3.339862191367662381e-02	8.532616534742816505e-02
1.393277821532721646e+03	2.247385858590937313e-01	1.439759960695589369e-01	2.675765306951778388e-01	1.665820430058863322e-01	7.818625682947019651e-02	3.346491925057549360e-02	8.547566829007942346e-02
1.398115591746377049e+03	2.242074752204574473e-01	1.436204595756294389e-01	2.679138587948357575e-01	1.668199112145251073e-01	7.828305086905014420e-02	3.353091450139749491e-02	8.562432982394653502e-02
1.402953361960032225e+03	2.236794192582485796e-01	1.432668799775576041e-01	2.682491735063570193e-01	1.670564271893524300e-01	7.837933711104344559e-02	3.359660857441176124e-02	8.577215438287109917e-02
1.407791132173687402e+03	2.231544003949423316e-01	1.429152464345609663e-01	2.685824879961895562e-01	1.672915982235736732e-01	7.847511818603337963e-02	3.366200238293862862e-02	8.591914638160345896e-02
1.412628902387342805e+03	2.226324011557216098e-01	1.425655481655505596e-01	2.689138153309200141e-01	1.675254315758179235e-01	7.857039671084457833e-02	3.372709684517726653e-02	8.606531021581001473e-02
1.417466672600997981e+03	2.221134041678497206e-01	1.422177744488123396e-01	2.692431684781773082e-01	1.677579344702442299e-01	7.866517528863935238e-02	3.379189288403647989e-02	8.621065026208252213e-02
1.422304442814653157e+03	2.215973921600470353e-01	1.418719146216897986e-01	2.695705603075268519e-01	1.679891140966480734e-01	7.875945650901235162e-02	3.385639142696877935e-02	8.635517087794916669e-02
1.427142213028308333e+03	2.210843479618720964e-01	1.415279580802684400e-01	2.698960035913551825e-01	1.682189776105678936e-01	7.885324294808361556e-02	3.392059340580753229e-02	8.649887640188734517e-02
1.431979983241963964e+03	2.205742545031069424e-01	1.411858942790615301e-01	2.702195110057463712e-01	1.684475321333918363e-01	7.894653716859000026e-02	3.398449975660722266e-02	8.664177115333820955e-02
1.436817753455619140e+03	2.200670948131462912e-01	1.408457127306976531e-01	2.705410951313489964e-01	1.686747847524645572e-01	7.903934171997513414e-02	3.404811141948674291e-02	8.678385943272276526e-02
1.441655523669274316e+03	2.195628520203910250e-01	1.405074030056095435e-01	2.708607684542344574e-01	1.689007425211940250e-01	7.913165913847780564e-02	3.411142933847559344e-02	8.692514552145971796e-02
1.446493293882929493e+03	2.190615093516458112e-01	1.401709547317246951e-01	2.711785433667460721e-01	1.691254124591588526e-01	7.922349194721901855e-02	3.417445446136304493e-02	8.706563368198472208e-02
1.451331064096585123e+03	2.185630501315204977e-01	1.398363575941572179e-01	2.714944321683402384e-01	1.693488015522153500e-01	7.931484265628756247e-02	3.423718773955015948e-02	8.720532815777119751e-02
1.456168834310240300e+03	2.180674577818357551e-01	1.395036013349014448e-01	2.718084470664184349e-01	1.695709167526051608e-01	7.940571376282430649e-02	3.429963012790455956e-02	8.734423317335258952e-02
1.461006604523895703e+03	2.175747158210326326e-01	1.391726757525269809e-01	2.721206001771506178e-01	1.697917649790628147e-01	7.949610775110511895e-02	3.436178258461802110e-02	8.748235293434604432e-02
1.465844374737550879e+03	2.170848078635859713e-01	1.388435707018750853e-01	2.724309035262910128e-01	1.700113531169234748e-01	7.958602709262253827e-02	3.442364607106670332e-02	8.761969162747743067e-02
1.470682144951206283e+03	2.165977176194217868e-01	1.385162760937569681e-01	2.727393690499844148e-01	1.702296880182310179e-01	7.967547424616623630e-02	3.448522155167408482e-02	8.775625342060772160e-02
1.475519915164861459e+03	2.161134288933385661e-01	1.381907818946529753e-01	2.730460085955651595e-01	1.704467765018462255e-01	7.976445165790230218e-02	3.454650999377647386e-02	8.789204246276061117e-02
1.480357685378516862e+03	2.156319255844323102e-01	1.378670781264137724e-01	2.733508339223473804e-01	1.706626253535551418e-01	7.985296176145129099e-02	3.460751236749109311e-02	8.802706288415139413e-02
1.485195455592172038e+03	2.151531916855255466e-01	1.375451548659628043e-01	2.736538567024073831e-01	1.708772413261777368e-01	7.994100697796518995e-02	3.466822964558664844e-02	8.816131879621706691e-02
1.490033225805827215e+03	2.146772112825998946e-01	1.372250022450002549e-01	2.739550885213583031e-01	1.710906311396765689e-01	8.002858971620334383e-02	3.472866280335643041e-02	8.829481429164760808e-02
1.494870996019482618e+03	2.142039685542326821e-01	1.369066104497084213e-01	2.742545408791161043e-01	1.713028014812659205e-01	8.011571237260722844e-02	3.478881281849374035e-02	8.842755344441834142e-02
1.499708766233137567e+03	2.137334477710370328e-01	1.365899697204586150e-01	2.745522251906584166e-01	1.715137590055209327e-01	8.020237733137430824e-02	3.484868067096976579e-02	8.855954030982342295e-02
1.504546536446793198e+03	2.132656332951057832e-01	1.362750703515194506e-01	2.748481527867753238e-01	1.717235103344869618e-01	8.028858696453076982e-02	3.490826734291378741e-02	8.869077892451041056e-02
1.509384306660448374e+03	2.128005095794591184e-01	1.359619026907668005e-01	2.751423349148124364e-01	1.719320620577892422e-01	8.037434363200340881e-02	3.496757381849564111e-02	8.882127330651584662e-02
1.514222076874103550e+03	2.123380611674956231e-01	1.356504571393947478e-01	2.754347827394066361e-01	1.721394207327427428e-01	8.045964968169047604e-02	3.502660108381046994e-02	8.895102745530182597e-02
1.519059847087758726e+03	2.118782726924472171e-01	1.353407241516285386e-01	2.757255073432138270e-01	1.723455928844620233e-01	8.054450744953170482e-02	3.508535012676568254e-02	8.908004535179352146e-02
1.523897617301414357e+03	2.114211288768375330e-01	1.350326942344385606e-01	2.760145197276297480e-01	1.725505850059715074e-01	8.062891925957738071e-02	3.514382193697007661e-02	8.920833095841772253e-02
1.528735387515069533e+03	2.109666145319438468e-01	1.347263579472557649e-01	2.763018308135030687e-01	1.727544035583159499e-01	8.071288742405657857e-02	3.520201750562508558e-02	8.933588821914217881e-02
1.533573157728724709e+03	2.105147145572625611e-01	1.344217059016889204e-01	2.765874514418413810e-01	1.729570549706709315e-01	8.079641424344459477e-02	3.525993782541815558e-02	8.946272105951592890e-02
1.538410927942380113e+03	2.100654139399781850e-01	1.341187287612425894e-01	2.768713923745100280e-01	1.731585456404536039e-01	8.087950200652950505e-02	3.531758389041814855e-02	8.958883338671040641e-02
1.543248698156035516e+03	2.096186977544358399e-01	1.338174172410371843e-01	2.771536642949234963e-01	1.733588819334337394e-01	8.096215299047797298e-02	3.537495669597279235e-02	8.971422908956135089e-02
1.548086468369690692e+03	2.091745511616171227e-01	1.335177621075301913e-01	2.774342778087302008e-01	1.735580701838448370e-01	8.104436946090029514e-02	3.543205723860810841e-02	8.983891203861160690e-02
1.552924238583346096e+03	2.087329594086194673e-01	1.332197541782385308e-01	2.777132434444897213e-01	1.737561166944955049e-01	8.112615367191468307e-02	3.548888651592981003e-02	8.996288608615461702e-02
1.557762008797001272e+03	2.082939078281388356e-01	1.329233843214626953e-01	2.779905716543438765e-01	1.739530277368808164e-01	8.120750786621083739e-02	3.554544552652657424e-02	9.008615506627873359e-02
1.562599779010656675e+03	2.078573818379558791e-01	1.326286434560120520e-01	2.782662728146801379e-01	1.741488095512940260e-01	8.128843427511280029e-02	3.560173526987527037e-02	9.020872279491218282e-02
1.567437549224311852e+03	2.074233669404253189e-01	1.323355225509316724e-01	2.785403572267889927e-01	1.743434683469384516e-01	8.136893511864118356e-02	3.565775674624795111e-02	9.033059306986879200e-02
1.572275319437967255e+03	2.069918487219687409e-01	1.320440126252303559e-01	2.788128351175142572e-01	1.745370103020393859e-01	8.144901260557459166e-02	3.571351095662075176e-02	9.045176967089435527e-02
1.577113089651622431e+03	2.065628128525706098e-01	1.317541047476101790e-01	2.790837166398966729e-01	1.747294415639562559e-01	8.152866893351053135e-02	3.576899890258452425e-02	9.057225635971367927e-02
1.581950859865277607e+03	2.061362450852776418e-01	1.314657900361973775e-01	2.793530118738113965e-01	1.749207682492948668e-01	8.160790628892569676e-02	3.582422158625721970e-02	9.069205688007826727e-02
1.586788630078933011e+03	2.057121312557013693e-01	1.311790596582745883e-01	2.796207308265985514e-01	1.751109964440198674e-01	8.168672684723547739e-02	3.587918001019806818e-02	9.081117495781457216e-02
1.591626400292587959e+03	2.052904572815238970e-01	1.308939048300142849e-01	2.798868834336877276e-01	1.753001322035672438e-01	8.176513277285307746e-02	3.593387517732335446e-02	9.092961430087292962e-02
1.596464170506243590e+03	2.048712091620068509e-01	1.306103168162139339e-01	2.801514795592158769e-01	1.754881815529570621e-01	8.184312621924794140e-02	3.598830809082393528e-02	9.104737859937700462e-02
1.601301940719898766e+03	2.044543729775036567e-01	1.303282869300320945e-01	2.804145289966389343e-01	1.756751504869061842e-01	8.192070932900355484e-02	3.604247975408436666e-02	9.116447152567376533e-02
1.606139710933553943e+03	2.040399348889747333e-01	1.300478065327261290e-01	2.806760414693377781e-01	1.758610449699413436e-01	8.199788423387484315e-02	3.609639117060364777e-02	9.128089673438408158e-02
1.610977481147209119e+03	2.036278811375059339e-01	1.297688670333910221e-01	2.809360266312173060e-01	1.760458709365119445e-01	8.207465305484494544e-02	3.615004334391754698e-02	9.139665786245379508e-02
1.615815251360864750e+03	2.032181980438300672e-01	1.294914598886998391e-01	2.811944940673000159e-01	1.762296342911034153e-01	8.215101790218143352e-02	3.620343727752246138e-02	9.151175852920524767e-02
1.620653021574519926e+03	2.028108720078515281e-01	1.292155766026451269e-01	2.814514532943132030e-01	1.764123409083503125e-01	8.222698087549212831e-02	3.625657397480083061e-02	9.162620233638937850e-02
1.625490791788175102e+03	2.024058895081739806e-01	1.289412087262819528e-01	2.817069137612703833e-01	1.765939966331496469e-01	8.230254406378027798e-02	3.630945443894804253e-02	9.173999286823825150e-02
1.630328562001830505e+03	2.020032371016309281e-01	1.286683478574721096e-01	2.819608848500470000e-01	1.767746072807743207e-01	8.237770954549934743e-02	3.636207967290081694e-02	9.185313369151797136e-02
1.635166332215485909e+03	2.016029014228195859e-01	1.283969856406295407e-01	2.822133758759501898e-01	1.769541786369865644e-01	8.245247938860733594e-02	3.641445067926701862e-02	9.196562835558214077e-02
1.640004102429141085e+03	2.012048691836374192e-01	1.281271137664673487e-01	2.824643960882828320e-01	1.771327164581515956e-01	8.252685565062060913e-02	3.646656846025694149e-02	9.207748039242566462e-02
1.644841872642796488e+03	2.008091271728218719e-01	1.278587239717456914e-01	2.827139546709017126e-01	1.773102264713509735e-01	8.260084037866721740e-02	3.651843401761595276e-02	9.218869331673899825e-02
1.649679642856451665e+03	2.004156622554928713e-01	1.275918080390213982e-01	2.829620607427704160e-01	1.774867143744966180e-01	8.267443560953989523e-02	3.657004835255849712e-02	9.229927062596271492e-02
1.654517413070107068e+03	2.000244613726985532e-01	1.273263577963985316e-01	2.832087233585065533e-01	1.776621858364441642e-01	8.274764336974853307e-02	3.662141246570353031e-02	9.240921580034257288e-02
1.659355183283762244e+03	1.996355115409633729e-01	1.270623651172803625e-01	2.834539515089233852e-01	1.778366464971069816e-01	8.282046567557233008e-02	3.667252735701119482e-02	9.251853230298476283e-02
1.664192953497417420e+03	1.992487998518396308e-01	1.267998219201227350e-01	2.836977541215662257e-01	1.780101019675698892e-01	8.289290453311136397e-02	3.672339402572086242e-02	9.262722357991171052e-02
1.669030723711072824e+03	1.988643134714615790e-01	1.265387201681884011e-01	2.839401400612431292e-01	1.781825578302028701e-01	8.296496193833793886e-02	3.677401347029043976e-02	9.273529306011803197e-02
1.673868493924728000e+03	1.984820396401023035e-01	1.262790518693029662e-01	2.841811181305506917e-01	1.783540196387750909e-01	8.303663987714746120e-02	3.682438668833692974e-02	9.284274415562690508e-02
1.678706264138383403e+03	1.981019656717337429e-01	1.260208090756117227e-01	2.844206970703944126e-01	1.785244929185685892e-01	8.310794032540895493e-02	3.687451467657824888e-02	9.294958026154671871e-02
1.683544034352038352e+03	1.977240789535890664e-01	1.257639838833381485e-01	2.846588855605035051e-01	1.786939831664922651e-01	8.317886524901514644e-02	3.692439843077625905e-02	9.305580475612805491e-02
1.688381804565693983e+03	1.973483669457281042e-01	1.255085684325432382e-01	2.848956922199413211e-01	1.788624958511956797e-01	8.324941660393225806e-02	3.697403894568099952e-02	9.316142100082085153e-02
1.693219574779349159e+03	1.969748171806056103e-01	1.252545549068864172e-01	2.851311256076101142e-01	1.790300364131828803e-01	8.331959633624939909e-02	3.702343721497608486e-02	9.326643234033198115e-02
1.698057344993004335e+03	1.966034172626419385e-01	1.250019355333874538e-01	2.853651942227509175e-01	1.791966102649263370e-01	8.338940638222762380e-02	3.707259423122528236e-02	9.337084210268294104e-02
1.702895115206659511e+03	1.962341548677968006e-01	1.247507025821897181e-01	2.855979065054384813e-01	1.793622227909806854e-01	8.345884866834862859e-02	3.712151098582023440e-02	9.347465359926791784e-02
1.707732885420315142e+03	1.958670177431454662e-01	1.245008483663246485e-01	2.858292708370714363e-01	1.795268793480965519e-01	8.352792511136308828e-02	3.717018846892922862e-02	9.357787012491200485e-02
1.712570655633970318e+03	1.955019937064576274e-01	1.242523652414773694e-01	2.860592955408574056e-01	1.796905852653343794e-01	8.359663761833879825e-02	3.721862766944721013e-02	9.368049495792966919e-02
1.717408425847625494e+03	1.951390706457791779e-01	1.240052456057536556e-01	2.862879888822931762e-01	1.798533458441780031e-01	8.366498808670830289e-02	3.726682957494672349e-02	9.378253136018344094e-02
1.722246196061280898e+03	1.947782365190163234e-01	1.237594818994479651e-01	2.865153590696404851e-01	1.800151663586485040e-01	8.373297840431631611e-02	3.731479517163001358e-02	9.388398257714279660e-02
1.727083966274936301e+03	1.944194793535225507e-01	1.235150666048127760e-01	2.867414142543971423e-01	1.801760520554177292e-01	8.380061044946680859e-02	3.736252544428212558e-02	9.398485183794326459e-02
1.731921736488591478e+03	1.940627872456880398e-01	1.232719922458290901e-01	2.869661625317628251e-01	1.803360081539218951e-01	8.386788609096977598e-02	3.741002137622508744e-02	9.408514235544568338e-02
1.736759506702246881e+03	1.937081483605317678e-01	1.230302513879780735e-01	2.871896119411010972e-01	1.804950398464751082e-01	8.393480718818779884e-02	3.745728394927302918e-02	9.418485732629561236e-02
1.741597276915902057e+03	1.933555509312959719e-01	1.227898366380139744e-01	2.874117704663963768e-01	1.806531522983826632e-01	8.400137559108214469e-02	3.750431414368836369e-02	9.428399993098299237e-02
1.746435047129557461e+03	1.930049832590434999e-01	1.225507406437381791e-01	2.876326460367066851e-01	1.808103506480546185e-01	8.406759314025875895e-02	3.755111293813886975e-02	9.438257333390190351e-02
1.751272817343212637e+03	1.926564337122574078e-01	1.223129560937744192e-01	2.878522465266117325e-01	1.809666400071189285e-01	8.413346166701377027e-02	3.759768130965583655e-02	9.448058068341044780e-02
1.756110587556867813e+03	1.923098907264431667e-01	1.220764757173451870e-01	2.880705797566567861e-01	1.811220254605346025e-01	8.419898299337895409e-02	3.764402023359304794e-02	9.457802511189083994e-02
1.760948357770523216e+03	1.919653428037333132e-01	1.218412922840493573e-01	2.882876534937919843e-01	1.812765120667048369e-01	8.426415893216675224e-02	3.769013068358675889e-02	9.467490973580956759e-02
1.765786127984178393e+03	1.916227785124946514e-01	1.216073986036408511e-01	2.885034754518077116e-01	1.814301048575900077e-01	8.432899128701505653e-02	3.773601363151657395e-02	9.477123765577773196e-02
1.770623898197833569e+03	1.912821864869379274e-01	1.213747875258085612e-01	2.887180532917652531e-01	1.815828088388204975e-01	8.439348185243179812e-02	3.778167004746716545e-02	9.486701195661143005e-02
1.775461668411488745e+03	1.909435554267296942e-01	1.211434519399573750e-01	2.889313946224236207e-01	1.817346289898094658e-01	8.445763241383917597e-02	3.782710089969099077e-02	9.496223570739231734e-02
1.780299438625144376e+03	1.906068740966069819e-01	1.209133847749903901e-01	2.891435070006620478e-01	1.818855702638655369e-01	8.452144474761773274e-02	3.787230715457175906e-02	9.505691196152822597e-02
1.785137208838799552e+03	1.902721313259941038e-01	1.206845789990921847e-01	2.893543979318983772e-01	1.820356375883052380e-01	8.458492062115006982e-02	3.791728977658880700e-02	9.515104375681385229e-02
1.789974979052454728e+03	1.899393160086219057e-01	1.204570276195133655e-01	2.895640748705036183e-01	1.821848358645654364e-01	8.464806179286442356e-02	3.796204972828230023e-02	9.524463411549163872e-02
1.794812749266109904e+03	1.896084171021494291e-01	1.202307236823560860e-01	2.897725452202118968e-01	1.823331699683155283e-01	8.471087001227795010e-02	3.800658797021925356e-02	9.533768604431257232e-02
1.799650519479765535e+03	1.892794236277879349e-01	1.200056602723607729e-01	2.899798163345271851e-01	1.824806447495695982e-01	8.477334702003974654e-02	3.805090546096039777e-02	9.543020253459716384e-02
1.804488289693420711e+03	1.889523246699271464e-01	1.197818305126939764e-01	2.901858955171254806e-01	1.826272650327983027e-01	8.483549454797364997e-02	3.809500315702774725e-02	9.552218656229645444e-02
1.809326059907075887e+03	1.886271093757640460e-01	1.195592275647373581e-01	2.903907900222535421e-01	1.827730356170407522e-01	8.489731431912085624e-02	3.813888201287306962e-02	9.561364108805313344e-02
1.814163830120731291e+03	1.883037669549336712e-01	1.193378446278776650e-01	2.905945070551234632e-01	1.829179612760161444e-01	8.495880804778224715e-02	3.818254298084702847e-02	9.570456905726255903e-02
1.819001600334386467e+03	1.879822866791424352e-01	1.191176749392979656e-01	2.907970537723035820e-01	1.830620467582352029e-01	8.501997743956046794e-02	3.822598701116914494e-02	9.579497340013402862e-02
1.823839370548041643e+03	1.876626578818036684e-01	1.188987117737698856e-01	2.909984372821055598e-01	1.832052967871114768e-01	8.508082419140189367e-02	3.826921505189846001e-02	9.588485703175189667e-02
1.828677140761696819e+03	1.873448699576754084e-01	1.186809484434469680e-01	2.911986646449679084e-01	1.833477160610725576e-01	8.514134999163829043e-02	3.831222804890493938e-02	9.597422285213680349e-02
1.833514910975352450e+03	1.870289123625003547e-01	1.184643782976591425e-01	2.913977428738355746e-01	1.834893092536709625e-01	8.520155652002828206e-02	3.835502694584161376e-02	9.606307374630695950e-02
1.838352681189008081e+03	1.867147746126481545e-01	1.182489947227081950e-01	2.915956789345362510e-01	1.836300810136949069e-01	8.526144544779851175e-02	3.839761268411739231e-02	9.615141258433944349e-02
1.843190451402663257e+03	1.864024462847599095e-01	1.180347911416644996e-01	2.917924797461525221e-01	1.837700359652789939e-01	8.532101843768484517e-02	3.843998620287060464e-02	9.623924222143141749e-02
1.848028221616318433e+03	1.860919170153946811e-01	1.178217610141645832e-01	2.919881521813912362e-01	1.839091787080145424e-01	8.538027714397304624e-02	3.848214843894320891e-02	9.632656549796145273e-02
1.852865991829973609e+03	1.857831765006785485e-01	1.176098978362099118e-01	2.921827030669485459e-01	1.840475138170597491e-01	8.543922321253946683e-02	3.852410032685563146e-02	9.641338523955082784e-02
1.857703762043628785e+03	1.854762144959553882e-01	1.173991951399667583e-01	2.923761391838721746e-01	1.841850458432497950e-01	8.549785828089147277e-02	3.856584279878234878e-02	9.649970425712477151e-02
1.862541532257283961e+03	1.851710208154401516e-01	1.171896464935670429e-01	2.925684672679194631e-01	1.843217793132065352e-01	8.555618397820764776e-02	3.860737678452803162e-02	9.658552534697381620e-02
1.867379302470939592e+03	1.848675853318741402e-01	1.169812455009102692e-01	2.927596940099129186e-01	1.844577187294481890e-01	8.561420192537777529e-02	3.864870321150441074e-02	9.667085129081501305e-02
1.872217072684594768e+03	1.845658979761823915e-01	1.167739858014665011e-01	2.929498260560917111e-01	1.845928685704985861e-01	8.567191373504273733e-02	3.868982300470766300e-02	9.675568485585318845e-02
1.877054842898249490e+03	1.842659487371331173e-01	1.165678610700804363e-01	2.931388700084600618e-01	1.847272332909963843e-01	8.572932101163409369e-02	3.873073708669651921e-02	9.684002879484217285e-02
1.881892613111905121e+03	1.839677276609995027e-01	1.163628650167763956e-01	2.933268324251324666e-01	1.848608173218040385e-01	8.578642535141349501e-02	3.877144637757090617e-02	9.692388584614597402e-02
1.886730383325560297e+03	1.836712248512232248e-01	1.161589913865644919e-01	2.935137198206754228e-01	1.849936250701164631e-01	8.584322834251199852e-02	3.881195179495119246e-02	9.700725873380001973e-02
1.891568153539215928e+03	1.833764304680802759e-01	1.159562339592477426e-01	2.936995386664461583e-01	1.851256609195694736e-01	8.589973156496903683e-02	3.885225425395804483e-02	9.709015016757215066e-02
1.896405923752871104e+03	1.830833347283487011e-01	1.157545865492302095e-01	2.938842953909279188e-01	1.852569292303480608e-01	8.595593659077137294e-02	3.889235466719285356e-02	9.717256284302379366e-02
1.901243693966526507e+03	1.827919279049785573e-01	1.155540430053261791e-01	2.940679963800623686e-01	1.853874343392943602e-01	8.601184498389169431e-02	3.893225394471868522e-02	9.725449944157098237e-02
1.906081464180181683e+03	1.825022003267636195e-01	1.153545972105703976e-01	2.942506479775788830e-01	1.855171805600155099e-01	8.606745830032720701e-02	3.897195299404182522e-02	9.733596263054533626e-02
1.910919234393836859e+03	1.822141423780153646e-01	1.151562430820292082e-01	2.944322564853203983e-01	1.856461721829910372e-01	8.612277808813792457e-02	3.901145272009388237e-02	9.741695506325497023e-02
1.915757004607492036e+03	1.819277444982387859e-01	1.149589745706128263e-01	2.946128281635664869e-01	1.857744134756801890e-01	8.617780588748477633e-02	3.905075402521435146e-02	9.749747937904537642e-02
1.920594774821147894e+03	1.816429971818102340e-01	1.147627856608884750e-01	2.947923692313535460e-01	1.859019086826288747e-01	8.623254323066759097e-02	3.908985780913379338e-02	9.757753820336025063e-02
1.925432545034802843e+03	1.813598909776571733e-01	1.145676703708946725e-01	2.949708858667918210e-01	1.860286620255765799e-01	8.628699164216289963e-02	3.912876496895747319e-02	9.765713414780219370e-02
1.930270315248458019e+03	1.810784164889400472e-01	1.143736227519563387e-01	2.951483842073792663e-01	1.861546777035626155e-01	8.634115263866154466e-02	3.916747639914952561e-02	9.773626981019344073e-02
1.935108085462113195e+03	1.807985643727359482e-01	1.141806368885011080e-01	2.953248703503129624e-01	1.862799598930326428e-01	8.639502772910612194e-02	3.920599299151763389e-02	9.781494777463636825e-02
1.939945855675768371e+03	1.805203253397242302e-01	1.139887068978763518e-01	2.955003503527973696e-01	1.864045127479443953e-01	8.644861841472820108e-02	3.924431563519815286e-02	9.789317061157408462e-02
1.944783625889424002e+03	1.802436901538741199e-01	1.137978269301674061e-01	2.956748302323495836e-01	1.865283403998735101e-01	8.650192618908550402e-02	3.928244521664177313e-02	9.797094087785085392e-02
1.949621396103079178e+03	1.799686496321340756e-01	1.136079911680166893e-01	2.958483159671023155e-01	1.866514469581189162e-01	8.655495253809876444e-02	3.932038261959962949e-02	9.804826111677240885e-02
1.954459166316734354e+03	1.796951946441231462e-01	1.134191938264437205e-01	2.960208134961032633e-01	1.867738365098080278e-01	8.660769894008853165e-02	3.935812872510985327e-02	9.812513385816626355e-02
1.959296936530389530e+03	1.794233161118242992e-01	1.132314291526662492e-01	2.961923287196124854e-01	1.868955131200015218e-01	8.666016686581175243e-02	3.939568441148463135e-02	9.820156161844183218e-02
1.964134706744044706e+03	1.791530050092793869e-01	1.130446914259221752e-01	2.963628674993967205e-01	1.870164808317980321e-01	8.671235777849820026e-02	3.943305055429768835e-02	9.827754690065054755e-02
1.968972476957700337e+03	1.788842523622861114e-01	1.128589749572925932e-01	2.965324356590208765e-01	1.871367436664384543e-01	8.676427313388672402e-02	3.947022802637219219e-02	9.835309219454582697e-02
1.973810247171355968e+03	1.786170492480969041e-01	1.126742740895256695e-01	2.967010389841369111e-01	1.872563056234099188e-01	8.681591438026137197e-02	3.950721769776911751e-02	9.842819997664292719e-02
1.978648017385010689e+03	1.783513867951193599e-01	1.124905831968614212e-01	2.968686832227703798e-01	1.873751706805495687e-01	8.686728295848734904e-02	3.954402043577604636e-02	9.850287271027871605e-02
1.983485787598666320e+03	1.780872561826187528e-01	1.123078966848576332e-01	2.970353740856040425e-01	1.874933427941479769e-01	8.691838030204673826e-02	3.958063710489635040e-02	9.857711284567141630e-02
1.988323557812321269e+03	1.778246486404223003e-01	1.121262089902164694e-01	2.972011172462586948e-01	1.876108258990523414e-01	8.696920783707418057e-02	3.961706856683882422e-02	9.865092281998007195e-02
1.993161328025976900e+03	1.775635554486250378e-01	1.119455145806122764e-01	2.973659183415722773e-01	1.877276239087692922e-01	8.701976698239231867e-02	3.965331568050769334e-02	9.872430505736400075e-02
1.997999098239632076e+03	1.773039679372977739e-01	1.117658079545199579e-01	2.975297829718753229e-01	1.878437407155675587e-01	8.707005914954708825e-02	3.968937930199303854e-02	9.879726196904217717e-02
2.002836868453287707e+03	1.770458774861965734e-01	1.115870836410447070e-01	2.976927167012646813e-01	1.879591801905800830e-01	8.712008574284289819e-02	3.972526028456158792e-02	9.886979595335240734e-02
2.007674638666942428e+03	1.767892755244740988e-01	1.114093361997522541e-01	2.978547250578746364e-01	1.880739461839060489e-01	8.716984815937757480e-02	3.976095947864793229e-02	9.894190939581040678e-02
2.012512408880597604e+03	1.765341535303926179e-01	1.112325602205003205e-01	2.980158135341453574e-01	1.881880425247125510e-01	8.721934778907729224e-02	3.979647773184605275e-02	9.901360466916878100e-02
2.017350179094252780e+03	1.762805030310388710e-01	1.110567503232707809e-01	2.981759875870890752e-01	1.883014730213359578e-01	8.726858601473112820e-02	3.983181588890131325e-02	9.908488413347590895e-02
2.022187949307908411e+03	1.760283156020404915e-01	1.108819011580028657e-01	2.983352526385538162e-01	1.884142414613828309e-01	8.731756421202570284e-02	3.986697479170268898e-02	9.915575013613461830e-02
2.027025719521564042e+03	1.757775828672843710e-01	1.107080074044271278e-01	2.984936140754848588e-01	1.885263516118308447e-01	8.736628374957954024e-02	3.990195527927548752e-02	9.922620501196076359e-02
2.031863489735218764e+03	1.755282964986364935e-01	1.105350637719005602e-01	2.986510772501837496e-01	1.886378072191289557e-01	8.741474598897726322e-02	3.993675818777430581e-02	9.929625108324169336e-02
2.036701259948874394e+03	1.752804482156635757e-01	1.103630649992422275e-01	2.988076474805648197e-01	1.887486120092977115e-01	8.746295228480369111e-02	3.997138435047642435e-02	9.936589065979456459e-02
2.041539030162529116e+03	1.750340297853563987e-01	1.101920058545701048e-01	2.989633300504099256e-01	1.888587696880289213e-01	8.751090398467777087e-02	4.000583459777545120e-02	9.943512603902451841e-02
2.046376800376184747e+03	1.747890330218546395e-01	1.100218811351386244e-01	2.991181302096200811e-01	1.889682839407851589e-01	8.755860242928639736e-02	4.004010975717537529e-02	9.950395950598277250e-02
2.051214570589840150e+03	1.745454497861735343e-01	1.098526856671771801e-01	2.992720531744660351e-01	1.890771584328989063e-01	8.760604895241799750e-02	4.007421065328489740e-02	9.957239333342444987e-02
2.056052340803495554e+03	1.743032719859322899e-01	1.096844143057294912e-01	2.994251041278352954e-01	1.891853968096713912e-01	8.765324488099604516e-02	4.010813810781210798e-02	9.964042978186639365e-02
2.060890111017150957e+03	1.740624915750837998e-01	1.095170619344937868e-01	2.995772882194778775e-01	1.892930026964709800e-01	8.770019153511239562e-02	4.014189293955942872e-02	9.970807109964476000e-02
2.065727881230805451e+03	1.738231005536461649e-01	1.093506234656638904e-01	2.997286105662496647e-01	1.893999796988314888e-01	8.774689022806046734e-02	4.017547596441896351e-02	9.977531952297248596e-02
2.070565651444461309e+03	1.735850909674358511e-01	1.091850938397712217e-01	2.998790762523531606e-01	1.895063314025499379e-01	8.779334226636835437e-02	4.020888799536804364e-02	9.984217727599663250e-02
2.075403421658116713e+03	1.733484549078024295e-01	1.090204680255274644e-01	3.000286903295769081e-01	1.896120613737841409e-01	8.783954894983164730e-02	4.024212984246511998e-02	9.990864657085553324e-02
2.080241191871772116e+03	1.731131845113648982e-01	1.088567410196683849e-01	3.001774578175321340e-01	1.897171731591498212e-01	8.788551157154625426e-02	4.027520231284596047e-02	9.997472960773581829e-02
2.085078962085427065e+03	1.728792719597495864e-01	1.086939078467981934e-01	3.003253837038875051e-01	1.898216702858175065e-01	8.793123141794104147e-02	4.030810621072010436e-02	1.000404285749292715e-01
2.089916732299082469e+03	1.726467094793295576e-01	1.085319635592349868e-01	3.004724729446021092e-01	1.899255562616091186e-01	8.797670976881026561e-02	4.034084233736762864e-02	1.001057456488895908e-01
2.094754502512737417e+03	1.724154893409657052e-01	1.083709032368568304e-01	3.006187304641557145e-01	1.900288345750940633e-01	8.802194789734593683e-02	4.037341149113615052e-02	1.001706829942888982e-01
2.099592272726392821e+03	1.721856038597492367e-01	1.082107219869487963e-01	3.007641611557778649e-01	1.901315086956851252e-01	8.806694707017002910e-02	4.040581446743811422e-02	1.002352427640741117e-01
2.104430042940048224e+03	1.719570453947459610e-01	1.080514149440508775e-01	3.009087698816742540e-01	1.902335820737340311e-01	8.811170854736652402e-02	4.043805205874839714e-02	1.002994270995232612e-01
2.109267813153704083e+03	1.717298063487417703e-01	1.078929772698065809e-01	3.010525614732514899e-01	1.903350581406265951e-01	8.815623358251331587e-02	4.047012505460208937e-02	1.003632381303014853e-01
2.114105583367359031e+03	1.715038791679898700e-01	1.077354041528124362e-01	3.011955407313397504e-01	1.904359403088776437e-01	8.820052342271400558e-02	4.050203424159258547e-02	1.004266779745170146e-01
2.118943353581013525e+03	1.712792563419594516e-01	1.075786908084683247e-01	3.013377124264138285e-01	1.905362319722253839e-01	8.824457930862958377e-02	4.053378040336994004e-02	1.004897487387768629e-01
2.123781123794669384e+03	1.710559304030859762e-01	1.074228324788285560e-01	3.014790812988114022e-01	1.906359365057257726e-01	8.828840247450989165e-02	4.056536432063938963e-02	1.005524525182424078e-01
2.128618894008324787e+03	1.708338939265227063e-01	1.072678244324538482e-01	3.016196520589506380e-01	1.907350572658461640e-01	8.833199414822495710e-02	4.059678677116022177e-02	1.006147913966848884e-01
2.133456664221980191e+03	1.706131395298938203e-01	1.071136619642640286e-01	3.017594293875449640e-01	1.908335975905589288e-01	8.837535555129631681e-02	4.062804852974481740e-02	1.006767674465405965e-01
2.138294434435635139e+03	1.703936598730491636e-01	1.069603403953915816e-01	3.018984179358161768e-01	1.909315607994345743e-01	8.841848789892804705e-02	4.065915036825792916e-02	1.007383827289659584e-01
2.143132204649290543e+03	1.701754476578203890e-01	1.068078550730360149e-01	3.020366223257062166e-01	1.910289501937345313e-01	8.846139240003772497e-02	4.069009305561619577e-02	1.007996392938924485e-01
2.147969974862945492e+03	1.699584956277782888e-01	1.066562013703189343e-01	3.021740471500861114e-01	1.911257690565036360e-01	8.850407025728727894e-02	4.072087735778791989e-02	1.008605391800813378e-01
2.152807745076601350e+03	1.697427965679919881e-01	1.065053746861399642e-01	3.023106969729643656e-01	1.912220206526622224e-01	8.854652266711367237e-02	4.075150403779298491e-02	1.009210844151782610e-01
2.157645515290255844e+03	1.695283433047891919e-01	1.063553704450335147e-01	3.024465763296926846e-01	1.913177082290979936e-01	8.858875081975946253e-02	4.078197385570307004e-02	1.009812770157676176e-01
2.162483285503912157e+03	1.693151287055181253e-01	1.062061840970261878e-01	3.025816897271698669e-01	1.914128350147573376e-01	8.863075589930322074e-02	4.081228756864201113e-02	1.010411189874267923e-01
2.167321055717567106e+03	1.691031456783108622e-01	1.060578111174950572e-01	3.027160416440448643e-01	1.915074042207363936e-01	8.867253908368981363e-02	4.084244593078641822e-02	1.011006123247801675e-01
2.172158825931222509e+03	1.688923871718477909e-01	1.059102470070267255e-01	3.028496365309169547e-01	1.916014190403719786e-01	8.871410154476058740e-02	4.087244969336646661e-02	1.011597590115530659e-01
2.176996596144877003e+03	1.686828461751238295e-01	1.057634872912771168e-01	3.029824788105351385e-01	1.916948826493317937e-01	8.875544444828335766e-02	4.090229960466690295e-02	1.012185610206253611e-01
2.181834366358532861e+03	1.684745157172158891e-01	1.056175275208320191e-01	3.031145728779953696e-01	1.917877982057045461e-01	8.879656895398235772e-02	4.093199641002823880e-02	1.012770203140850589e-01
2.186672136572187810e+03	1.682673888670516982e-01	1.054723632710684311e-01	3.032459231009360101e-01	1.918801688500896552e-01	8.883747621556797869e-02	4.096154085184813137e-02	1.013351388432815886e-01
2.191509906785843214e+03	1.680614587331799303e-01	1.053279901420166448e-01	3.033765338197321193e-01	1.919719977056865146e-01	8.887816738076638468e-02	4.099093366958295875e-02	1.013929185488789686e-01
2.196347676999498617e+03	1.678567184635418319e-01	1.051844037582231051e-01	3.035064093476875779e-01	1.920632878783835873e-01	8.891864359134904472e-02	4.102017559974961008e-02	1.014503613609087918e-01
2.201185447213154021e+03	1.676531612452441811e-01	1.050415997686139358e-01	3.036355539712258245e-01	1.921540424568470573e-01	8.895890598316211206e-02	4.104926737592737990e-02	1.015074691988230166e-01
2.206023217426809424e+03	1.674507803043335241e-01	1.048995738463593536e-01	3.037639719500792035e-01	1.922442645126090921e-01	8.899895568615565078e-02	4.107820972876013305e-02	1.015642439715465917e-01
2.210860987640464373e+03	1.672495689055717716e-01	1.047583216887386648e-01	3.038916675174762050e-01	1.923339571001556891e-01	8.903879382441277912e-02	4.110700338595855291e-02	1.016206875775298307e-01
2.215698757854119776e+03	1.670495203522132099e-01	1.046178390170061645e-01	3.040186448803275931e-01	1.924231232570145500e-01	8.907842151617863247e-02	4.113564907230263246e-02	1.016768019048007593e-01
2.220536528067775180e+03	1.668506279857826236e-01	1.044781215762575904e-01	3.041449082194106479e-01	1.925117660038420941e-01	8.911783987388925687e-02	4.116414750964429020e-02	1.017325888310170595e-01
2.225374298281430583e+03	1.666528851858549987e-01	1.043391651352974792e-01	3.042704616895520742e-01	1.925998883445103893e-01	8.915705000420030835e-02	4.119249941691017353e-02	1.017880502235180701e-01
2.230212068495085077e+03	1.664562853698363654e-01	1.042009654865071328e-01	3.043953094198094678e-01	1.926874932661938322e-01	8.919605300801573822e-02	4.122070551010460077e-02	1.018431879393763562e-01
2.235049838708740936e+03	1.662608219927458886e-01	1.040635184457133350e-01	3.045194555136508385e-01	1.927745837394552741e-01	8.923484998051618711e-02	4.124876650231266290e-02	1.018980038254493070e-01
2.239887608922396339e+03	1.660664885469994301e-01	1.039268198520578446e-01	3.046429040491330786e-01	1.928611627183317856e-01	8.927344201118740663e-02	4.127668310370349869e-02	1.019524997184304282e-01
2.244725379136052197e+03	1.658732785621942485e-01	1.037908655678674991e-01	3.047656590790788211e-01	1.929472331404202823e-01	8.931183018384845906e-02	4.130445602153369478e-02	1.020066774449004954e-01
2.249563149349706237e+03	1.656811856048949760e-01	1.036556514785251237e-01	3.048877246312515776e-01	1.930327979269626792e-01	8.935001557667983374e-02	4.133208596015086611e-02	1.020605388213784298e-01
2.254400919563362095e+03	1.654902032784208998e-01	1.035211734923411619e-01	3.050091047085299323e-01	1.931178599829305453e-01	8.938799926225145243e-02	4.135957362099734747e-02	1.021140856543721470e-01
2.259238689777017044e+03	1.653003252226346032e-01	1.033874275404258053e-01	3.051298032890797374e-01	1.932024221971097300e-01	8.942578230755050817e-02	4.138691970261402370e-02	1.021673197404290995e-01
2.264076459990672902e+03	1.651115451137315504e-01	1.032544095765621783e-01	3.052498243265253097e-01	1.932864874421843238e-01	8.946336577400920698e-02	4.141412490064432655e-02	1.022202428661866391e-01
