1.001418434226643626e+03	2.796272735604784510e-01	1.805323057629344419e-01	2.349419567241568807e-01	1.411126686888160842e-01	6.806578437126585557e-02	2.680892139969242444e-02	6.891108949249796778e-02
1.003837319333471214e+03	2.791997583639000968e-01	1.802562557416511613e-01	2.352472107173246840e-01	1.412883580747930912e-01	6.813742124851129844e-02	2.685201563481341355e-02	6.901898021884833589e-02
1.006256204440298802e+03	2.787734619370538236e-01	1.799809815967312598e-01	2.355516011725199976e-01	1.414635003989377360e-01	6.820885429919860965e-02	2.689503106283116715e-02	6.912656953256952896e-02
1.008675089547126618e+03	2.783483807927710219e-01	1.797064811444981092e-01	2.358551305228935580e-01	1.416380974841341678e-01	6.828008411655901722e-02	2.693796768706466574e-02	6.923385825192160392e-02
1.011093974653954206e+03	2.779245114539501960e-01	1.794327522074224135e-01	2.361578011947374212e-01	1.418121511467150819e-01	6.835111129183073231e-02	2.698082551196776674e-02	6.934084719321846613e-02
1.013512859760782021e+03	2.775018504535274877e-01	1.791597926141049735e-01	2.364596156075041977e-01	1.419856631964848404e-01	6.842193641427271600e-02	2.702360454311949003e-02	6.944753717082829958e-02
1.015931744867609382e+03	2.770803943344467557e-01	1.788876001992593390e-01	2.367605761738265369e-01	1.421586354367424532e-01	6.849256007117836276e-02	2.706630478721441455e-02	6.955392899717413591e-02
1.018350629974437197e+03	2.766601396496298770e-01	1.786161728036945728e-01	2.370606852995362779e-01	1.423310696643048656e-01	6.856298284788882313e-02	2.710892625205311643e-02	6.966002348273442335e-02
1.020769515081264785e+03	2.762410829619475483e-01	1.783455082742982090e-01	2.373599453836836015e-01	1.425029676695299952e-01	6.863320532780607663e-02	2.715146894653271831e-02	6.976582143604381780e-02
1.023188400188092373e+03	2.758232208441897537e-01	1.780756044640189883e-01	2.376583588185562090e-01	1.426743312363397409e-01	6.870322809240571316e-02	2.719393288063749400e-02	6.987132366369398773e-02
1.025607285294920075e+03	2.754065498790365663e-01	1.778064592318499559e-01	2.379559279896984736e-01	1.428451621422432427e-01	6.877305172124964505e-02	2.723631806542956002e-02	6.997653097033450231e-02
1.028026170401747549e+03	2.749910666590287267e-01	1.775380704428112522e-01	2.382526552759302862e-01	1.430154621583598074e-01	6.884267679199840284e-02	2.727862451303962946e-02	7.008144415867388621e-02
1.030445055508575479e+03	2.745767677865388334e-01	1.772704359679332375e-01	2.385485430493662351e-01	1.431852330494419179e-01	6.891210388042327828e-02	2.732085223665785267e-02	7.018606402948064649e-02
1.032863940615402726e+03	2.741636498737421435e-01	1.770035536842396173e-01	2.388435936754343958e-01	1.433544765738983817e-01	6.898133356041825925e-02	2.736300125052472040e-02	7.029039138158443834e-02
1.035282825722230655e+03	2.737517095425878177e-01	1.767374214747305106e-01	2.391378095128951775e-01	1.435231944838172569e-01	6.905036640401170100e-02	2.740507156992204318e-02	7.039442701187738349e-02
1.037701710829058356e+03	2.733409434247700553e-01	1.764720372283656580e-01	2.394311929138602524e-01	1.436913885249888612e-01	6.911920298137785856e-02	2.744706321116399325e-02	7.049817171531524984e-02
1.040120595935886058e+03	2.729313481616991721e-01	1.762073988400474633e-01	2.397237462238112349e-01	1.438590604369286707e-01	6.918784386084815552e-02	2.748897619158823316e-02	7.060162628491893633e-02
1.042539481042713533e+03	2.725229204044734010e-01	1.759435042106045621e-01	2.400154717816183614e-01	1.440262119529001628e-01	6.925628960892228625e-02	2.753081052954709992e-02	7.070479151177595789e-02
1.044958366149541234e+03	2.721156568138498044e-01	1.756803512467749184e-01	2.403063719195592807e-01	1.441928447999379637e-01	6.932454079027908223e-02	2.757256624439885853e-02	7.080766818504190263e-02
1.047377251256368709e+03	2.717095540602163517e-01	1.754179378611892270e-01	2.405964489633374837e-01	1.443589606988704421e-01	6.939259796778725342e-02	2.761424335649902487e-02	7.091025709194206939e-02
1.049796136363196410e+03	2.713046088235631648e-01	1.751562619723543435e-01	2.408857052321009273e-01	1.445245613643425797e-01	6.946046170251587992e-02	2.765584188719176148e-02	7.101255901777317470e-02
1.052215021470024112e+03	2.709008177934545403e-01	1.748953215046367970e-01	2.411741430384605478e-01	1.446896485048387859e-01	6.952813255374482027e-02	2.769736185880133580e-02	7.111457474590501815e-02
1.054633906576851814e+03	2.704981776690005280e-01	1.746351143882461099e-01	2.414617646885087177e-01	1.448542238227056855e-01	6.959561107897478671e-02	2.773880329462362695e-02	7.121630505778234199e-02
1.057052791683679516e+03	2.700966851588292861e-01	1.743756385592185321e-01	2.417485724818375648e-01	1.450182890141746839e-01	6.966289783393742052e-02	2.778016621891772620e-02	7.131775073292662137e-02
1.059471676790506763e+03	2.696963369810583822e-01	1.741168919594005549e-01	2.420345687115573741e-01	1.451818457693848097e-01	6.972999337260511743e-02	2.782145065689758598e-02	7.141891254893806273e-02
1.061890561897334692e+03	2.692971298632674815e-01	1.738588725364324794e-01	2.423197556643148787e-01	1.453448957724051416e-01	6.979689824720071434e-02	2.786265663472372103e-02	7.151979128149749121e-02
1.064309447004162394e+03	2.688990605424703140e-01	1.736015782437322630e-01	2.426041356203114119e-01	1.455074407012574289e-01	6.986361300820694009e-02	2.790378417949499618e-02	7.162038770436846002e-02
1.066728332110990095e+03	2.685021257650870297e-01	1.733450070404791987e-01	2.428877108533211981e-01	1.456694822279387680e-01	6.993013820437586625e-02	2.794483331924045577e-02	7.172070258939926279e-02
1.069147217217817570e+03	2.681063222869164986e-01	1.730891568915975398e-01	2.431704836307094497e-01	1.458310220184438344e-01	6.999647438273805256e-02	2.798580408291122604e-02	7.182073670652514008e-02
1.071566102324645271e+03	2.677116468731087218e-01	1.728340257677405400e-01	2.434524562134504078e-01	1.459920617327875314e-01	7.006262208861170626e-02	2.802669650037247287e-02	7.192049082377037494e-02
1.073984987431472746e+03	2.673180962981372977e-01	1.725796116452741891e-01	2.437336308561454112e-01	1.461526030250272501e-01	7.012858186561150842e-02	2.806751060239542211e-02	7.201996570725063829e-02
1.076403872538300675e+03	2.669256673457722773e-01	1.723259125062611141e-01	2.440140098070408825e-01	1.463126475432852125e-01	7.019435425565750952e-02	2.810824642064942841e-02	7.211916212117516767e-02
1.078822757645127922e+03	2.665343568090527415e-01	1.720729263384446761e-01	2.442935953080462574e-01	1.464721969297707871e-01	7.025993979898371988e-02	2.814890398769412383e-02	7.221808082784920979e-02
1.081241642751955851e+03	2.661441614902596564e-01	1.718206511352327881e-01	2.445723895947517768e-01	1.466312528208026378e-01	7.032533903414665832e-02	2.818948333697160122e-02	7.231672258767629646e-02
1.083660527858783553e+03	2.657550782008885615e-01	1.715690848956821779e-01	2.448503948964464716e-01	1.467898168468310116e-01	7.039055249803377601e-02	2.822998450279867386e-02	7.241508815916070096e-02
1.086079412965611255e+03	2.653671037616227024e-01	1.713182256244823176e-01	2.451276134361358161e-01	1.469478906324597489e-01	7.045558072587168597e-02	2.827040752035917676e-02	7.251317829890996380e-02
1.088498298072438729e+03	2.649802350023061082e-01	1.710680713319395474e-01	2.454040474305595187e-01	1.471054757964683490e-01	7.052042425123436487e-02	2.831075242569633735e-02	7.261099376163727970e-02
1.090917183179266431e+03	2.645944687619165014e-01	1.708186200339613381e-01	2.456796990902090916e-01	1.472625739518340360e-01	7.058508360605117438e-02	2.835101925570518780e-02	7.270853530016413435e-02
1.093336068286093905e+03	2.642098018885388755e-01	1.705698697520405538e-01	2.459545706193456416e-01	1.474191867057536853e-01	7.064955932061478538e-02	2.839120804812505020e-02	7.280580366542287185e-02
1.095754953392921607e+03	2.638262312393384601e-01	1.703218185132396589e-01	2.462286642160173289e-01	1.475753156596656679e-01	7.071385192358901894e-02	2.843131884153206335e-02	7.290279960645928981e-02
1.098173838499749309e+03	2.634437536805341873e-01	1.700744643501750086e-01	2.465019820720769361e-01	1.477309624092716933e-01	7.077796194201647906e-02	2.847135167533175470e-02	7.299952387043529001e-02
1.100592723606577010e+03	2.630623660873723790e-01	1.698278053010013333e-01	2.467745263731993821e-01	1.478861285445586260e-01	7.084188990132619934e-02	2.851130658975170595e-02	7.309597720263166787e-02
1.103011608713404712e+03	2.626820653441000464e-01	1.695818394093959736e-01	2.470462992988990414e-01	1.480408156498201067e-01	7.090563632534116478e-02	2.855118362583421165e-02	7.319216034645070756e-02
1.105430493820231959e+03	2.623028483439385772e-01	1.693365647245435035e-01	2.473173030225472302e-01	1.481950253036782295e-01	7.096920173628561146e-02	2.859098282542903852e-02	7.328807404341904086e-02
1.107849378927059888e+03	2.619247119890574793e-01	1.690919793011200489e-01	2.475875397113894705e-01	1.483487590791051636e-01	7.103258665479242340e-02	2.863070423118622629e-02	7.338371903319039491e-02
1.110268264033887590e+03	2.615476531905481794e-01	1.688480811992779940e-01	2.478570115265627816e-01	1.485020185434446083e-01	7.109579159991023800e-02	2.867034788654891989e-02	7.347909605354846496e-02
1.112687149140715292e+03	2.611716688683977661e-01	1.686048684846304380e-01	2.481257206231129997e-01	1.486548052584333035e-01	7.115881708911060699e-02	2.870991383574627437e-02	7.357420584040971767e-02
1.115106034247542766e+03	2.607967559514632883e-01	1.683623392282358744e-01	2.483936691500118199e-01	1.488071207802223739e-01	7.122166363829499081e-02	2.874940212378640503e-02	7.366904912782631931e-02
1.117524919354370468e+03	2.604229113774454984e-01	1.681204915065828143e-01	2.486608592501740322e-01	1.489589666593986728e-01	7.128433176180166975e-02	2.878881279644938257e-02	7.376362664798903623e-02
1.119943804461197942e+03	2.600501320928628735e-01	1.678793234015746039e-01	2.489272930604745360e-01	1.491103444410060430e-01	7.134682197241258572e-02	2.882814590028028728e-02	7.385793913123016308e-02
1.122362689568025871e+03	2.596784150530261348e-01	1.676388330005140204e-01	2.491929727117654925e-01	1.492612556645665223e-01	7.140913478136011461e-02	2.886740148258229791e-02	7.395198730602653425e-02
1.124781574674853118e+03	2.593077572220123250e-01	1.673990183960882006e-01	2.494579003288931729e-01	1.494117018641014649e-01	7.147127069833365820e-02	2.890657959140984293e-02	7.404577189900249379e-02
1.127200459781681047e+03	2.589381555726392170e-01	1.671598776863534030e-01	2.497220780307150001e-01	1.495616845681525253e-01	7.153323023148634718e-02	2.894568027556179007e-02	7.413929363493290681e-02
1.129619344888508749e+03	2.585696070864397234e-01	1.669214089747199092e-01	2.499855079301163685e-01	1.497112052998028076e-01	7.159501388744142492e-02	2.898470358457469823e-02	7.423255323674624040e-02
1.132038229995336451e+03	2.582021087536364723e-01	1.666836103699369798e-01	2.502481921340276028e-01	1.498602655766976544e-01	7.165662217129875611e-02	2.902364956871610405e-02	7.432555142552761673e-02
1.134457115102163925e+03	2.578356575731162725e-01	1.664464799860777833e-01	2.505101327434406944e-01	1.500088669110656026e-01	7.171805558664116897e-02	2.906251827897785370e-02	7.441828892052189393e-02
1.136876000208991627e+03	2.574702505524048557e-01	1.662100159425244361e-01	2.507713318534259272e-01	1.501570108097390888e-01	7.177931463554068636e-02	2.910130976706949008e-02	7.451076643913680242e-02
1.139294885315819101e+03	2.571058847076417297e-01	1.659742163639529866e-01	2.510317915531486976e-01	1.503046987741752383e-01	7.184039981856481238e-02	2.914002408541168168e-02	7.460298469694606749e-02
1.141713770422646803e+03	2.567425570635548104e-01	1.657390793803186213e-01	2.512915139258864450e-01	1.504519323004764875e-01	7.190131163478259702e-02	2.917866128712970353e-02	7.469494440769260113e-02
1.144132655529474505e+03	2.563802646534354968e-01	1.655046031268407325e-01	2.515505010490445836e-01	1.505987128794111229e-01	7.196205058177077007e-02	2.921722142604695968e-02	7.478664628329162456e-02
1.146551540636302207e+03	2.560190045191134689e-01	1.652707857439880135e-01	2.518087549941738224e-01	1.507450419964338484e-01	7.202261715561969480e-02	2.925570455667853703e-02	7.487809103383391562e-02
1.148970425743129908e+03	2.556587737109318748e-01	1.650376253774638591e-01	2.520662778269861515e-01	1.508909211317062682e-01	7.208301185093933527e-02	2.929411073422483192e-02	7.496927936758900068e-02
1.151389310849957155e+03	2.552995692877224054e-01	1.648051201781914887e-01	2.523230716073714963e-01	1.510363517601171768e-01	7.214323516086509902e-02	2.933244001456520450e-02	7.506021199100840202e-02
1.153808195956785084e+03	2.549413883167806483e-01	1.645732683022993470e-01	2.525791383894141484e-01	1.511813353513028757e-01	7.220328757706372114e-02	2.937069245425165745e-02	7.515088960872887136e-02
1.156227081063612786e+03	2.545842278738411069e-01	1.643420679111063099e-01	2.528344802214091414e-01	1.513258733696674629e-01	7.226316958973892646e-02	2.940886811050261521e-02	7.524131292357567891e-02
1.158645966170440488e+03	2.542280850430527206e-01	1.641115171711071685e-01	2.530890991458786266e-01	1.514699672744029557e-01	7.232288168763717495e-02	2.944696704119668246e-02	7.533148263656590238e-02
1.161064851277267962e+03	2.538729569169543288e-01	1.638816142539580856e-01	2.533429971995880270e-01	1.516136185195093300e-01	7.238242435805329611e-02	2.948498930486648587e-02	7.542139944691172992e-02
1.163483736384095664e+03	2.535188405964500791e-01	1.636523573364619677e-01	2.535961764135622465e-01	1.517568285538146433e-01	7.244179808683605393e-02	2.952293496069255049e-02	7.551106405202373528e-02
1.165902621490923138e+03	2.531657331907850028e-01	1.634237446005540328e-01	2.538486388131022120e-01	1.518995988209948800e-01	7.250100335839367027e-02	2.956080406849719358e-02	7.560047714751430559e-02
1.168321506597751068e+03	2.528136318175207564e-01	1.631957742332873773e-01	2.541003864178005833e-01	1.520419307595939629e-01	7.256004065569929273e-02	2.959859668873850852e-02	7.568963942720083327e-02
1.170740391704578315e+03	2.524625336025114186e-01	1.629684444268185151e-01	2.543514212415580178e-01	1.521838258030433488e-01	7.261891046029639307e-02	2.963631288250434537e-02	7.577855158310926875e-02
1.173159276811406244e+03	2.521124356798790100e-01	1.627417533783930281e-01	2.546017452925994351e-01	1.523252853796819850e-01	7.267761325230420733e-02	2.967395271150635380e-02	7.586721430547734013e-02
1.175578161918233945e+03	2.517633351919896234e-01	1.625156992903312170e-01	2.548513605734896159e-01	1.524663109127758487e-01	7.273614951042295385e-02	2.971151623807407466e-02	7.595562828275799483e-02
1.177997047025061647e+03	2.514152292894293872e-01	1.622902803700138619e-01	2.551002690811495222e-01	1.526069038205375428e-01	7.279451971193913462e-02	2.974900352514904533e-02	7.604379420162281356e-02
1.180415932131889122e+03	2.510681151309803738e-01	1.620654948298679565e-01	2.553484728068720067e-01	1.527470655161458080e-01	7.285272433273078108e-02	2.978641463627896765e-02	7.613171274696542423e-02
1.182834817238716823e+03	2.507219898835966188e-01	1.618413408873524417e-01	2.555959737363378559e-01	1.528867974077650627e-01	7.291076384727257498e-02	2.982374963561191042e-02	7.621938460190486042e-02
1.185253702345544298e+03	2.503768507223805284e-01	1.616178167649441055e-01	2.558427738496314996e-01	1.530261008985646654e-01	7.296863872864102485e-02	2.986100858789055013e-02	7.630681044778905853e-02
1.187672587452371999e+03	2.500326948305587882e-01	1.613949206901234557e-01	2.560888751212568315e-01	1.531649773867381770e-01	7.302634944851947585e-02	2.989819155844645332e-02	7.639399096419828561e-02
1.190091472559199701e+03	2.496895193994590756e-01	1.611726508953605363e-01	2.563342795201528634e-01	1.533034282655228175e-01	7.308389647720318905e-02	2.993529861319439711e-02	7.648092682894858108e-02
1.192510357666027403e+03	2.493473216284861904e-01	1.609510056181010507e-01	2.565789890097095460e-01	1.534414549232183400e-01	7.314128028360435130e-02	2.997232981862671397e-02	7.656761871809524000e-02
1.194929242772855105e+03	2.490060987250985181e-01	1.607299831007521496e-01	2.568230055477834228e-01	1.535790587432063758e-01	7.319850133525696023e-02	3.000928524180770593e-02	7.665406730593626872e-02
1.197348127879682352e+03	2.486658479047846038e-01	1.605095815906686374e-01	2.570663310867132290e-01	1.537162411039692256e-01	7.325556009832177862e-02	3.004616495036806917e-02	7.674027326501588198e-02
1.199767012986510281e+03	2.483265663910398102e-01	1.602897993401389276e-01	2.573089675733352122e-01	1.538530033791088991e-01	7.331245703759117771e-02	3.008296901249938454e-02	7.682623726612795856e-02
1.202185898093337983e+03	2.479882514153428363e-01	1.600706346063711927e-01	2.575509169489991201e-01	1.539893469373660728e-01	7.336919261649399449e-02	3.011969749694860463e-02	7.691195997831956621e-02
1.204604783200165684e+03	2.476509002171325691e-01	1.598520856514795141e-01	2.577921811495831883e-01	1.541252731426386857e-01	7.342576729710027783e-02	3.015635047301261362e-02	7.699744206889448661e-02
1.207023668306993159e+03	2.473145100437849075e-01	1.596341507424700878e-01	2.580327621055099607e-01	1.542607833540008688e-01	7.348218154012604864e-02	3.019292801053280809e-02	7.708268420341668481e-02
1.209442553413820860e+03	2.469790781505895039e-01	1.594168281512273744e-01	2.582726617417614445e-01	1.543958789257214304e-01	7.353843580493803211e-02	3.022943017988973316e-02	7.716768704571386195e-02
1.211861438520648335e+03	2.466446018007268925e-01	1.592001161545004706e-01	2.585118819778944310e-01	1.545305612072825352e-01	7.359453054955832074e-02	3.026585705199771881e-02	7.725245125788098022e-02
1.214280323627476264e+03	2.463110782652453146e-01	1.589840130338892876e-01	2.587504247280560943e-01	1.546648315433982457e-01	7.365046623066900944e-02	3.030220869829959585e-02	7.733697750028378781e-02
1.216699208734303511e+03	2.459785048230379856e-01	1.587685170758310060e-01	2.589882919009988682e-01	1.547986912740328680e-01	7.370624330361683074e-02	3.033848519076141198e-02	7.742126643156233001e-02
1.219118093841131440e+03	2.456468787608201698e-01	1.585536265715864201e-01	2.592254854000958786e-01	1.549321417344193264e-01	7.376186222241767898e-02	3.037468660186721722e-02	7.750531870863458517e-02
1.221536978947959142e+03	2.453161973731063650e-01	1.583393398172262823e-01	2.594620071233561531e-01	1.550651842550775095e-01	7.381732343976114830e-02	3.041081300461383197e-02	7.758913498669992026e-02
1.223955864054786844e+03	2.449864579621876814e-01	1.581256551136179245e-01	2.596978589634396650e-01	1.551978201618324504e-01	7.387262740701508457e-02	3.044686447250572955e-02	7.767271591924269913e-02
1.226374749161614318e+03	2.446576578381090827e-01	1.579125707664116030e-01	2.599330428076723210e-01	1.553300507758325621e-01	7.392777457422999854e-02	3.048284107954986680e-02	7.775606215803582133e-02
1.228793634268442020e+03	2.443297943186469590e-01	1.577000850860270365e-01	2.601675605380611156e-01	1.554618774135675952e-01	7.398276539014358999e-02	3.051874290025062206e-02	7.783917435314430255e-02
1.231212519375269494e+03	2.440028647292865338e-01	1.574881963876401114e-01	2.604014140313092307e-01	1.555933013868867065e-01	7.403760030218506372e-02	3.055457000960472985e-02	7.792205315292885515e-02
1.233631404482097196e+03	2.436768664031993548e-01	1.572769029911693373e-01	2.606346051588308010e-01	1.557243240030164178e-01	7.409227975647955655e-02	3.059032248309624322e-02	7.800469920404945467e-02
1.236050289588924898e+03	2.433517966812211442e-01	1.570662032212625514e-01	2.608671357867660690e-01	1.558549465645784893e-01	7.414680419785248111e-02	3.062600039669155505e-02	7.808711315146889265e-02
1.238469174695752372e+03	2.430276529118293172e-01	1.568560954072836244e-01	2.610990077759959282e-01	1.559851703696076286e-01	7.420117406983382791e-02	3.066160382683445068e-02	7.816929563845638473e-02
1.240888059802580301e+03	2.427044324511207218e-01	1.566465778832992206e-01	2.613302229821570233e-01	1.561149967115693371e-01	7.425538981466248134e-02	3.069713285044116391e-02	7.825124730659117900e-02
1.243306944909407548e+03	2.423821326627896844e-01	1.564376489880653920e-01	2.615607832556564594e-01	1.562444268793774793e-01	7.430945187329045243e-02	3.073258754489550937e-02	7.833296879576613636e-02
1.245725830016235477e+03	2.420607509181056105e-01	1.562293070650145888e-01	2.617906904416865688e-01	1.563734621574118522e-01	7.436336068538716704e-02	3.076796798804401489e-02	7.841446074419128331e-02
1.248144715123063179e+03	2.417402845958912250e-01	1.560215504622423088e-01	2.620199463802395656e-01	1.565021038255358377e-01	7.441711668934360147e-02	3.080327425819110246e-02	7.849572378839743403e-02
1.250563600229890881e+03	2.414207310825004504e-01	1.558143775324941083e-01	2.622485529061222564e-01	1.566303531591136389e-01	7.447072032227654292e-02	3.083850643409430381e-02	7.857675856323979857e-02
1.252982485336718355e+03	2.411020877717965083e-01	1.556077866331523896e-01	2.624765118489705840e-01	1.567582114290278772e-01	7.452417202003262797e-02	3.087366459495948304e-02	7.865756570190160502e-02
1.255401370443546057e+03	2.407843520651301028e-01	1.554017761262234676e-01	2.627038250332643932e-01	1.568856799016967174e-01	7.457747221719260300e-02	3.090874882043613894e-02	7.873814583589763827e-02
1.257820255550373531e+03	2.404675213713176885e-01	1.551963443783243857e-01	2.629304942783418086e-01	1.570127598390911872e-01	7.463062134707536266e-02	3.094375919061268659e-02	7.881849959507787606e-02
1.260239140657201460e+03	2.401515931066196818e-01	1.549914897606702036e-01	2.631565213984138341e-01	1.571394524987523023e-01	7.468361984174201607e-02	3.097869578601181867e-02	7.889862760763115268e-02
1.262658025764028707e+03	2.398365646947188956e-01	1.547872106490607025e-01	2.633819082025787295e-01	1.572657591338082472e-01	7.473646813199995298e-02	3.101355868758584600e-02	7.897853050008867004e-02
1.265076910870856636e+03	2.395224335666989168e-01	1.545835054238677841e-01	2.636066564948362778e-01	1.573916809929913341e-01	7.478916664740689613e-02	3.104834797671213176e-02	7.905820889732764756e-02
1.267495795977684338e+03	2.392091971610225409e-01	1.543803724700223978e-01	2.638307680741027172e-01	1.575172193206549331e-01	7.484171581627491188e-02	3.108306373518849794e-02	7.913766342257495812e-02
1.269914681084511813e+03	2.388968529235104554e-01	1.541778101770018006e-01	2.640542447342244525e-01	1.576423753567904595e-01	7.489411606567436541e-02	3.111770604522870465e-02	7.921689469741072243e-02
1.272333566191339514e+03	2.385853983073197293e-01	1.539758169388166786e-01	2.642770882639927099e-01	1.577671503370440820e-01	7.494636782143787590e-02	3.115227498945793982e-02	7.929590334177190336e-02
1.274752451298167216e+03	2.382748307729225523e-01	1.537743911539985742e-01	2.644993004471575815e-01	1.578915454927335704e-01	7.499847150816427166e-02	3.118677065090833672e-02	7.937468997395595582e-02
1.277171336404994690e+03	2.379651477880850019e-01	1.535735312255868956e-01	2.647208830624425691e-01	1.580155620508649217e-01	7.505042754922253145e-02	3.122119311301454342e-02	7.945325521062440721e-02
1.279590221511822392e+03	2.376563468278456992e-01	1.533732355611163722e-01	2.649418378835582955e-01	1.581392012341490405e-01	7.510223636675564252e-02	3.125554245960929234e-02	7.953159966680649340e-02
1.282009106618650094e+03	2.373484253744949368e-01	1.531735025726044253e-01	2.651621666792171039e-01	1.582624642610181986e-01	7.515389838168447245e-02	3.128981877491902180e-02	7.960972395590275308e-02
1.284427991725477568e+03	2.370413809175533071e-01	1.529743306765384003e-01	2.653818712131468804e-01	1.583853523456425216e-01	7.520541401371165502e-02	3.132402214355953229e-02	7.968762868968864987e-02
1.286846876832305497e+03	2.367352109537508853e-01	1.527757182938631886e-01	2.656009532441050980e-01	1.585078666979465312e-01	7.525678368132539264e-02	3.135815265053163575e-02	7.976531447831820831e-02
1.289265761939132744e+03	2.364299129870063298e-01	1.525776638499684590e-01	2.658194145258929719e-01	1.586300085236254098e-01	7.530800780180328668e-02	3.139221038121688817e-02	7.984278193032759430e-02
1.291684647045960673e+03	2.361254845284058157e-01	1.523801657746763349e-01	2.660372568073693378e-01	1.587517790241612381e-01	7.535908679121612608e-02	3.142619542137330135e-02	7.992003165263876496e-02
1.294103532152788375e+03	2.358219230961824120e-01	1.521832225022287932e-01	2.662544818324646401e-01	1.588731793968392314e-01	7.541002106443164821e-02	3.146010785713111713e-02	7.999706425056304915e-02
1.296522417259616077e+03	2.355192262156951266e-01	1.519868324712752294e-01	2.664710913401949210e-01	1.589942108347639216e-01	7.546081103511829979e-02	3.149394777498858849e-02	8.007388032780476950e-02
1.298941302366443551e+03	2.352173914194083393e-01	1.517909941248601069e-01	2.666870870646754210e-01	1.591148745268752829e-01	7.551145711574898389e-02	3.152771526180780937e-02	8.015048048646483680e-02
1.301360187473271253e+03	2.349164162468711792e-01	1.515957059104105775e-01	2.669024707351346781e-01	1.592351716579646081e-01	7.556195971760475139e-02	3.156141040481055121e-02	8.022686532704444151e-02
1.303779072580098727e+03	2.346162982446969303e-01	1.514009662797240197e-01	2.671172440759280731e-01	1.593551034086905238e-01	7.561231925077852023e-02	3.159503329157414830e-02	8.030303544844853703e-02
1.306197957686926657e+03	2.343170349665424090e-01	1.512067736889559089e-01	2.673314088065517624e-01	1.594746709555949493e-01	7.566253612417872532e-02	3.162858401002739683e-02	8.037899144798955897e-02
1.308616842793753904e+03	2.340186239730876749e-01	1.510131265986074667e-01	2.675449666416563343e-01	1.595938754711188345e-01	7.571261074553300996e-02	3.166206264844648177e-02	8.045473392139095015e-02
1.311035727900581833e+03	2.337210628320155748e-01	1.508200234735133372e-01	2.677579192910602424e-01	1.597127181236178695e-01	7.576254352139186188e-02	3.169546929545096620e-02	8.053026346279081038e-02
1.313454613007409534e+03	2.334243491179913421e-01	1.506274627828295964e-01	2.679702684597639051e-01	1.598312000773783326e-01	7.581233485713219367e-02	3.172880403999973203e-02	8.060558066474551864e-02
1.315873498114237009e+03	2.331284804126425025e-01	1.504354430000214016e-01	2.681820158479628624e-01	1.599493224926324675e-01	7.586198515696104816e-02	3.176206697138701796e-02	8.068068611823329961e-02
1.318292383221064711e+03	2.328334543045384730e-01	1.502439626028508890e-01	2.683931631510615423e-01	1.600670865255743314e-01	7.591149482391908176e-02	3.179525817923847808e-02	8.075558041265781806e-02
1.320711268327892412e+03	2.325392683891705503e-01	1.500530200733651010e-01	2.686037120596866945e-01	1.601844933283750883e-01	7.596086425988421431e-02	3.182837775350721293e-02	8.083026413585178704e-02
1.323130153434719887e+03	2.322459202689317603e-01	1.498626138978840505e-01	2.688136642597007686e-01	1.603015440491984411e-01	7.601009386557514014e-02	3.186142578446991142e-02	8.090473787408057615e-02
1.325549038541547588e+03	2.319534075530968464e-01	1.496727425669884259e-01	2.690230214322156255e-01	1.604182398322160918e-01	7.605918404055490856e-02	3.189440236272293033e-02	8.097900221204584748e-02
1.327967923648375290e+03	2.316617278578022576e-01	1.494834045755077667e-01	2.692317852536056932e-01	1.605345818176230621e-01	7.610813518323442106e-02	3.192730757917846413e-02	8.105305773288902504e-02
1.330386808755202765e+03	2.313708788060263033e-01	1.492945984225085010e-01	2.694399573955214011e-01	1.606505711416527649e-01	7.615694769087597016e-02	3.196014152506071460e-02	8.112690501819501410e-02
1.332805693862030694e+03	2.310808580275692803e-01	1.491063226112820106e-01	2.696475395249025575e-01	1.607662089365923530e-01	7.620562195959669494e-02	3.199290429190209534e-02	8.120054464799571214e-02
1.335224578968857941e+03	2.307916631590336554e-01	1.489185756493326684e-01	2.698545333039915062e-01	1.608814963307977353e-01	7.625415838437210603e-02	3.202559597153946391e-02	8.127397720077361720e-02
1.337643464075685870e+03	2.305032918438043310e-01	1.487313560483659869e-01	2.700609403903465044e-01	1.609964344487086474e-01	7.630255735903947178e-02	3.205821665611036098e-02	8.134720325346544989e-02
1.340062349182513572e+03	2.302157417320290500e-01	1.485446623242768771e-01	2.702667624368548793e-01	1.611110244108637235e-01	7.635081927630135712e-02	3.209076643804929796e-02	8.142022338146562288e-02
1.342481234289341273e+03	2.299290104805986334e-01	1.483584929971377975e-01	2.704720010917460726e-01	1.612252673339152897e-01	7.639894452772900968e-02	3.212324541008406559e-02	8.149303815862991851e-02
1.344900119396168748e+03	2.296430957531275796e-01	1.481728465911869297e-01	2.706766579986050192e-01	1.613391643306442969e-01	7.644693350376580154e-02	3.215565366523204238e-02	8.156564815727906925e-02
1.347319004502996449e+03	2.293579952199344962e-01	1.479877216348166047e-01	2.708807347963851364e-01	1.614527165099751138e-01	7.649478659373058764e-02	3.218799129679658644e-02	8.163805394820224104e-02
1.349737889609823924e+03	2.290737065580225607e-01	1.478031166605613955e-01	2.710842331194213140e-01	1.615659249769902384e-01	7.654250418582114746e-02	3.222025839836337863e-02	8.171025610066068312e-02
1.352156774716651853e+03	2.287902274510602851e-01	1.476190302050867098e-01	2.712871545974429588e-01	1.616787908329450629e-01	7.659008666711754343e-02	3.225245506379684213e-02	8.178225518239126690e-02
1.354575659823479100e+03	2.285075555893621158e-01	1.474354608091769381e-01	2.714895008555871514e-01	1.617913151752824186e-01	7.663753442358546553e-02	3.228458138723658971e-02	8.185405175961003865e-02
1.356994544930307029e+03	2.282256886698691978e-01	1.472524070177239353e-01	2.716912735144112467e-01	1.619034990976471189e-01	7.668484784007960353e-02	3.231663746309383634e-02	8.192564639701574447e-02
1.359413430037134731e+03	2.279446243961300855e-01	1.470698673797155021e-01	2.718924741899061970e-01	1.620153436899005039e-01	7.673202730034696384e-02	3.234862338604791582e-02	8.199703965779350789e-02
1.361832315143962205e+03	2.276643604782816743e-01	1.468878404482238109e-01	2.720931044935090970e-01	1.621268500381348454e-01	7.677907318703021400e-02	3.238053925104276282e-02	8.206823210361822996e-02
1.364251200250789907e+03	2.273848946330300769e-01	1.467063247803938597e-01	2.722931660321162850e-01	1.622380192246877517e-01	7.682598588167094400e-02	3.241238515328344338e-02	8.213922429465822517e-02
1.366670085357617609e+03	2.271062245836315274e-01	1.465253189374321197e-01	2.724926604080959991e-01	1.623488523281564622e-01	7.687276576471301082e-02	3.244416118823272022e-02	8.221001678957877423e-02
1.369088970464445310e+03	2.268283480598734803e-01	1.463448214845949891e-01	2.726915892193009783e-01	1.624593504234120855e-01	7.691941321550578581e-02	3.247586745160761096e-02	8.228061014554560737e-02
1.371507855571272785e+03	2.265512627980555693e-01	1.461648309911774690e-01	2.728899540590817296e-01	1.625695145816138665e-01	7.696592861230745763e-02	3.250750403937598815e-02	8.235100491822849866e-02
1.373926740678100487e+03	2.262749665409708455e-01	1.459853460305017281e-01	2.730877565162985743e-01	1.626793458702232298e-01	7.701231233228825190e-02	3.253907104775320691e-02	8.242120166180476326e-02
1.376345625784927961e+03	2.259994570378868750e-01	1.458063651799058058e-01	2.732849981753346924e-01	1.627888453530179635e-01	7.705856475153367857e-02	3.257056857319873266e-02	8.249120092896282397e-02
1.378764510891755890e+03	2.257247320445270322e-01	1.456278870207323162e-01	2.734816806161087799e-01	1.628980140901061247e-01	7.710468624504777935e-02	3.260199671241284514e-02	8.256100327090569457e-02
1.381183395998583137e+03	2.254507893230517090e-01	1.454499101383171233e-01	2.736778054140874272e-01	1.630068531379400554e-01	7.715067718675631958e-02	3.263335556233329382e-02	8.263060923735454644e-02
1.383602281105411066e+03	2.251776266420398853e-01	1.452724331219781562e-01	2.738733741402978872e-01	1.631153635493303722e-01	7.719653794951003567e-02	3.266464522013204363e-02	8.270001937655217794e-02
1.386021166212238768e+03	2.249052417764701717e-01	1.450954545650041672e-01	2.740683883613402316e-01	1.632235463734596770e-01	7.724226890508778531e-02	3.269586578321196507e-02	8.276923423526658108e-02
1.388440051319066470e+03	2.246336325077025742e-01	1.449189730646435192e-01	2.742628496394003412e-01	1.633314026558963517e-01	7.728787042419976716e-02	3.272701734920365618e-02	8.283825435879439703e-02
1.390858936425893944e+03	2.243627966234598425e-01	1.447429872220931113e-01	2.744567595322618958e-01	1.634389334386084358e-01	7.733334287649064331e-02	3.275810001596218823e-02	8.290708029096446885e-02
1.393277821532721646e+03	2.240927319178091237e-01	1.445674956424872204e-01	2.746501195933191974e-01	1.635461397599770883e-01	7.737868663054271734e-02	3.278911388156389300e-02	8.297571257414135260e-02
1.395696706639549120e+03	2.238234361911434767e-01	1.443924969348863996e-01	2.748429313715891609e-01	1.636530226548104372e-01	7.742390205387909841e-02	3.282005904430324722e-02	8.304415174922875897e-02
1.398115591746377049e+03	2.235549072501637480e-01	1.442179897122664312e-01	2.750351964117239145e-01	1.637595831543569025e-01	7.746898951296682378e-02	3.285093560268965984e-02	8.311239835567307832e-02
1.400534476853204296e+03	2.232871429078600867e-01	1.440439725915073632e-01	2.752269162540229575e-01	1.638658222863189073e-01	7.751394937321995360e-02	3.288174365544438427e-02	8.318045293146690555e-02
1.402953361960032225e+03	2.230201409834937920e-01	1.438704441933824074e-01	2.754180924344455383e-01	1.639717410748661730e-01	7.755878199900274883e-02	3.291248330149739582e-02	8.324831601315245411e-02
1.405372247066859927e+03	2.227538993025792724e-01	1.436974031425471143e-01	2.756087264846228679e-01	1.640773405406491803e-01	7.760348775363268281e-02	3.294315463998431087e-02	8.331598813582512253e-02
1.407791132173687402e+03	2.224884156968656990e-01	1.435248480675283267e-01	2.757988199318702760e-01	1.641826217008124644e-01	7.764806699938357759e-02	3.297375777024332683e-02	8.338346983313686678e-02
1.410210017280515103e+03	2.222236880043191865e-01	1.433527776007133270e-01	2.759883742991994793e-01	1.642875855690079656e-01	7.769252009748871257e-02	3.300429279181215508e-02	8.345076163729973906e-02
1.412628902387342805e+03	2.219597140691046688e-01	1.431811903783389017e-01	2.761773911053305164e-01	1.643922331554082406e-01	7.773684740814382210e-02	3.303475980442504428e-02	8.351786407908939891e-02
1.415047787494170507e+03	2.216964917415679692e-01	1.430100850404806834e-01	2.763658718647040713e-01	1.644965654667194799e-01	7.778104929051020411e-02	3.306515890800974106e-02	8.358477768784844386e-02
1.417466672600997981e+03	2.214340188782179530e-01	1.428394602310421591e-01	2.765538180874934637e-01	1.646005835061948308e-01	7.782512610271771769e-02	3.309549020268452713e-02	8.365150299148997604e-02
1.419885557707825683e+03	2.211722933417085146e-01	1.426693145977439570e-01	2.767412312796166396e-01	1.647042882736473313e-01	7.786907820186787788e-02	3.312575378875526333e-02	8.371804051650105771e-02
1.422304442814653157e+03	2.209113130008210635e-01	1.424996467921130772e-01	2.769281129427481059e-01	1.648076807654629550e-01	7.791290594403682546e-02	3.315594976671246835e-02	8.378439078794606976e-02
1.424723327921481086e+03	2.206510757304465109e-01	1.423304554694722612e-01	2.771144645743311985e-01	1.649107619746135733e-01	7.795660968427835236e-02	3.318607823722835581e-02	8.385055432947025045e-02
1.427142213028308333e+03	2.203915794115677840e-01	1.421617392889292231e-01	2.773002876675896289e-01	1.650135328906698340e-01	7.800018977662692699e-02	3.321613930115398933e-02	8.391653166330308167e-02
1.429561098135136262e+03	2.201328219312420897e-01	1.419934969133659908e-01	2.774855837115395851e-01	1.651159944998139284e-01	7.804364657410067796e-02	3.324613305951638204e-02	8.398232331026174446e-02
1.431979983241963964e+03	2.198748011825833737e-01	1.418257270094283318e-01	2.776703541910016115e-01	1.652181477848525537e-01	7.808698042870432232e-02	3.327605961351563779e-02	8.404792978975454687e-02
1.434398868348791666e+03	2.196175150647447782e-01	1.416584282475150947e-01	2.778546005866123214e-01	1.653199937252294860e-01	7.813019169143219089e-02	3.330591906452214090e-02	8.411335161978432395e-02
1.436817753455619140e+03	2.193609614829011012e-01	1.414915993017676898e-01	2.780383243748364430e-01	1.654215332970383479e-01	7.817328071227118425e-02	3.333571151407370425e-02	8.417858931695190727e-02
1.439236638562446842e+03	2.191051383482314485e-01	1.413252388500595702e-01	2.782215270279780883e-01	1.655227674730352094e-01	7.821624784020374255e-02	3.336543706387282149e-02	8.424364339645948330e-02
1.441655523669274316e+03	2.188500435779019149e-01	1.411593455739856284e-01	2.784042100141930209e-01	1.656236972226511617e-01	7.825909342321074602e-02	3.339509581578384984e-02	8.430851437211403510e-02
1.444074408776102018e+03	2.185956750950480976e-01	1.409939181588518164e-01	2.785863747975000915e-01	1.657243235120048619e-01	7.830181780827444316e-02	3.342468787183027618e-02	8.437320275633075628e-02
1.446493293882929493e+03	2.183420308287579437e-01	1.408289552936646538e-01	2.787680228377929503e-01	1.658246473039150515e-01	7.834442134138137892e-02	3.345421333419197618e-02	8.443770906013640942e-02
1.448912178989757422e+03	2.180891087140544859e-01	1.406644556711208471e-01	2.789491555908517051e-01	1.659246695579127961e-01	7.838690436752535073e-02	3.348367230520250121e-02	8.450203379317278163e-02
1.451331064096585123e+03	2.178369066918786900e-01	1.405004179875968540e-01	2.791297745083541892e-01	1.660243912302540592e-01	7.842926723071025341e-02	3.351306488734638600e-02	8.456617746370000133e-02
1.453749949203412370e+03	2.175854227090723014e-01	1.403368409431385300e-01	2.793098810378882302e-01	1.661238132739319417e-01	7.847151027395297962e-02	3.354239118325644947e-02	8.463014057860000772e-02
1.456168834310240300e+03	2.173346547183608035e-01	1.401737232414508316e-01	2.794894766229625849e-01	1.662229366386889229e-01	7.851363383928630646e-02	3.357165129571117873e-02	8.469392364337982593e-02
1.458587719417068001e+03	2.170846006783364313e-01	1.400110635898874634e-01	2.796685627030185417e-01	1.663217622710290999e-01	7.855563826776180980e-02	3.360084532763203680e-02	8.475752716217502258e-02
1.461006604523895703e+03	2.168352585534410737e-01	1.398488606994406913e-01	2.798471407134416888e-01	1.664202911142303731e-01	7.859752389945266760e-02	3.362997338208090214e-02	8.482095163775306423e-02
1.463425489630723177e+03	2.165866263139495373e-01	1.396871132847309349e-01	2.800252120855729610e-01	1.665185241083564915e-01	7.863929107345651870e-02	3.365903556225739723e-02	8.488419757151664802e-02
1.465844374737550879e+03	2.163387019359524488e-01	1.395258200639967472e-01	2.802027782467201855e-01	1.666164621902691823e-01	7.868094012789837721e-02	3.368803197149635581e-02	8.494726546350710172e-02
1.468263259844378354e+03	2.160914834013397401e-01	1.393649797590845452e-01	2.803798406201696292e-01	1.667141062936401685e-01	7.872247139993336640e-02	3.371696271326525551e-02	8.501015581240767283e-02
1.470682144951206283e+03	2.158449686977835236e-01	1.392045910954384236e-01	2.805564006251972109e-01	1.668114573489630492e-01	7.876388522574960527e-02	3.374582789116165049e-02	8.507286911554694242e-02
1.473101030058033530e+03	2.155991558187216606e-01	1.390446528020900518e-01	2.807324596770795488e-01	1.669085162835653446e-01	7.880518194057102577e-02	3.377462760891066645e-02	8.513540586890210038e-02
1.475519915164861459e+03	2.153540427633409138e-01	1.388851636116485710e-01	2.809080191871057286e-01	1.670052840216202095e-01	7.884636187866012058e-02	3.380336197036246798e-02	8.519776656710240093e-02
1.477938800271689161e+03	2.151096275365604327e-01	1.387261222602905186e-01	2.810830805625881279e-01	1.671017614841583954e-01	7.888742537332084359e-02	3.383203107948978133e-02	8.525995170343234064e-02
1.480357685378516862e+03	2.148659081490150446e-01	1.385675274877497254e-01	2.812576452068739630e-01	1.671979495890798806e-01	7.892837275690130217e-02	3.386063504038542421e-02	8.532196176983510016e-02
1.482776570485344337e+03	2.146228826170389625e-01	1.384093780373075178e-01	2.814317145193560576e-01	1.672938492511656661e-01	7.896920436079660210e-02	3.388917395725983550e-02	8.538379725691577771e-02
