1.001418434226643626e+03	2.796729446540249242e-01	1.804943832008853721e-01	2.349345645223604451e-01	1.411018842745533908e-01	6.807273081477886734e-02	2.680418411907040110e-02	6.891930841416669951e-02
1.002869765290740247e+03	2.794164974877408891e-01	1.803284682924447824e-01	2.351177478752166650e-01	1.412072601011389039e-01	6.811580543076344030e-02	2.683005395826929679e-02	6.898416685426612960e-02
1.004321096354836754e+03	2.791604888465778478e-01	1.801628336520905149e-01	2.353006198730046850e-01	1.413124389345413734e-01	6.815880643388418092e-02	2.685589558624234749e-02	6.904891667349917495e-02
1.005772427418933376e+03	2.789049179777762233e-01	1.799974788057724651e-01	2.354831810428609506e-01	1.414174211719639307e-01	6.820173395203214806e-02	2.688170900262708621e-02	6.911355804680732740e-02
1.007223758483029997e+03	2.786497841298805067e-01	1.798324032802425809e-01	2.356654319110290663e-01	1.415222072097274686e-01	6.824458811285283311e-02	2.690749420721195995e-02	6.917809114889562905e-02
1.008675089547126618e+03	2.783950865527372032e-01	1.796676066030534202e-01	2.358473730028614601e-01	1.416267974432727783e-01	6.828736904374703431e-02	2.693325119993559766e-02	6.924251615423251960e-02
1.010126420611223239e+03	2.781408244974922228e-01	1.795030883025567903e-01	2.360290048428206611e-01	1.417311922671626034e-01	6.833007687187175883e-02	2.695897998088604350e-02	6.930683323704991960e-02
1.011577751675319632e+03	2.778869972165888269e-01	1.793388479079024156e-01	2.362103279544809087e-01	1.418353920750835828e-01	6.837271172414112475e-02	2.698468055030002130e-02	6.937104257134310559e-02
1.013029082739416367e+03	2.776336039637651854e-01	1.791748849490366335e-01	2.363913428605296796e-01	1.419393972598484155e-01	6.841527372722713829e-02	2.701035290856219559e-02	6.943514433087075166e-02
1.014480413803512761e+03	2.773806439940521562e-01	1.790111989567008677e-01	2.365720500827691863e-01	1.420432082133978591e-01	6.845776300756066524e-02	2.703599705620442911e-02	6.949913868915486015e-02
1.015931744867609382e+03	2.771281165637708988e-01	1.788477894624305731e-01	2.367524501421178207e-01	1.421468253268027837e-01	6.850017969133213869e-02	2.706161299390504385e-02	6.956302581948076158e-02
1.017383075931706003e+03	2.768760209305307640e-01	1.786846559985535987e-01	2.369325435586117357e-01	1.422502489902662537e-01	6.854252390449255827e-02	2.708720072248809937e-02	6.962680589489711469e-02
1.018834406995802851e+03	2.766243563532266858e-01	1.785217980981890495e-01	2.371123308514062333e-01	1.423534795931254426e-01	6.858479577275414241e-02	2.711276024292266426e-02	6.969047908821589254e-02
1.020285738059899245e+03	2.763731220920373488e-01	1.783592152952458709e-01	2.372918125387774302e-01	1.424565175238538262e-01	6.862699542159125810e-02	2.713829155632208057e-02	6.975404557201232703e-02
1.021737069123995752e+03	2.761223174084225795e-01	1.781969071244214609e-01	2.374709891381235338e-01	1.425593631700631247e-01	6.866912297624119810e-02	2.716379466394325606e-02	6.981750551862499210e-02
1.023188400188092373e+03	2.758719415651211815e-01	1.780348731212004487e-01	2.376498611659664806e-01	1.426620169185053022e-01	6.871117856170498583e-02	2.718926956718593566e-02	6.988085910015577606e-02
1.024639731252188767e+03	2.756219938261487146e-01	1.778731128218533353e-01	2.378284291379533788e-01	1.427644791550747028e-01	6.875316230274812479e-02	2.721471626759200055e-02	6.994410648846986767e-02
1.026091062316285615e+03	2.753724734567951637e-01	1.777116257634350771e-01	2.380066935688580076e-01	1.428667502648099663e-01	6.879507432390141730e-02	2.724013476684473967e-02	7.000724785519575610e-02
1.027542393380382237e+03	2.751233797236227185e-01	1.775504114837837821e-01	2.381846549725822881e-01	1.429688306318961377e-01	6.883691474946175559e-02	2.726552506676815230e-02	7.007028337172532817e-02
1.028993724444478858e+03	2.748747118944634416e-01	1.773894695215195438e-01	2.383623138621576709e-01	1.430707206396665820e-01	6.887868370349284342e-02	2.729088716932623684e-02	7.013321320921377111e-02
1.030445055508575479e+03	2.746264692384173256e-01	1.772287994160428870e-01	2.385396707497468016e-01	1.431724206706050939e-01	6.892038130982597322e-02	2.731622107662229348e-02	7.019603753857969752e-02
1.031896386572671872e+03	2.743786510258495737e-01	1.770684007075336019e-01	2.387167261466448809e-01	1.432739311063479237e-01	6.896200769206076164e-02	2.734152679089822333e-02	7.025875653050514535e-02
1.033347717636768493e+03	2.741312565283887115e-01	1.769082729369493567e-01	2.388934805632810521e-01	1.433752523276857205e-01	6.900356297356594060e-02	2.736680431453383106e-02	7.032137035543555015e-02
1.034799048700865114e+03	2.738842850189242006e-01	1.767484156460244205e-01	2.390699345092200667e-01	1.434763847145655302e-01	6.904504727748000947e-02	2.739205365004613105e-02	7.038387918357986994e-02
1.036250379764961508e+03	2.736377357716043290e-01	1.765888283772683032e-01	2.392460884931635612e-01	1.435773286460928500e-01	6.908646072671202620e-02	2.741727480008866041e-02	7.044628318491054364e-02
1.037701710829058356e+03	2.733916080618338240e-01	1.764295106739645347e-01	2.394219430229516665e-01	1.436780845005336260e-01	6.912780344394230114e-02	2.744246776745078858e-02	7.050858252916357427e-02
1.039153041893154750e+03	2.731459011662719094e-01	1.762704620801691380e-01	2.395974986055643130e-01	1.437786526553162247e-01	6.916907555162313259e-02	2.746763255505703730e-02	7.057077738583858451e-02
1.040604372957251599e+03	2.729006143628296965e-01	1.761116821407096855e-01	2.397727557471228399e-01	1.438790334870334309e-01	6.921027717197944518e-02	2.749276916596640058e-02	7.063286792419881666e-02
1.042055704021347992e+03	2.726557469306682968e-01	1.759531704011836339e-01	2.399477149528914111e-01	1.439792273714444737e-01	6.925140842700959476e-02	2.751787760337165781e-02	7.069485431327124370e-02
1.043507035085444613e+03	2.724112981501964348e-01	1.757949264079572138e-01	2.401223767272784582e-01	1.440792346834769422e-01	6.929246943848593743e-02	2.754295787059871797e-02	7.075673672184661089e-02
1.044958366149541234e+03	2.721672673030683387e-01	1.756369497081640974e-01	2.402967415738380408e-01	1.441790557972289222e-01	6.933346032795560665e-02	2.756800997110592233e-02	7.081851531847942194e-02
1.046409697213637855e+03	2.719236536721815201e-01	1.754792398497040662e-01	2.404708099952714284e-01	1.442786910859707172e-01	6.937438121674115166e-02	2.759303390848338866e-02	7.088019027148809159e-02
1.047861028277734476e+03	2.716804565416744977e-01	1.753217963812417346e-01	2.406445824934284883e-01	1.443781409221470968e-01	6.941523222594118969e-02	2.761802968645234863e-02	7.094176174895494569e-02
1.049312359341831097e+03	2.714376751969247992e-01	1.751646188522053005e-01	2.408180595693091564e-01	1.444774056773790727e-01	6.945601347643114154e-02	2.764299730886447468e-02	7.100322991872634604e-02
1.050763690405927491e+03	2.711953089245465187e-01	1.750077068127851854e-01	2.409912417230648252e-01	1.445764857224660360e-01	6.949672508886380051e-02	2.766793677970123475e-02	7.106459494841271818e-02
1.052215021470024112e+03	2.709533570123883739e-01	1.748510598139327576e-01	2.411641294539997593e-01	1.446753814273875893e-01	6.953736718367005409e-02	2.769284810307321223e-02	7.112585700538864852e-02
1.053666352534120733e+03	2.707118187495312078e-01	1.746946774073590558e-01	2.413367232605727053e-01	1.447740931613055171e-01	6.957793988105949456e-02	2.771773128321947458e-02	7.118701625679293987e-02
1.055117683598217127e+03	2.704706934262863238e-01	1.745385591455335395e-01	2.415090236403980573e-01	1.448726212925658674e-01	6.961844330102105738e-02	2.774258632450690015e-02	7.124807286952869467e-02
1.056569014662313975e+03	2.702299803341927653e-01	1.743827045816827293e-01	2.416810310902475778e-01	1.449709661887007839e-01	6.965887756332365954e-02	2.776741323142955034e-02	7.130902701026339829e-02
1.058020345726410369e+03	2.699896787660155395e-01	1.742271132697889857e-01	2.418527461060516193e-01	1.450691282164304763e-01	6.969924278751685187e-02	2.779221200860799296e-02	7.136987884542903005e-02
1.059471676790506763e+03	2.697497880157432859e-01	1.740717847645892047e-01	2.420241691829005670e-01	1.451671077416652467e-01	6.973953909293141573e-02	2.781698266078869858e-02	7.143062854122209093e-02
1.060923007854603611e+03	2.695103073785860559e-01	1.739167186215735406e-01	2.421953008150463937e-01	1.452649051295074045e-01	6.977976659867997367e-02	2.784172519284336400e-02	7.149127626360377019e-02
1.062374338918700232e+03	2.692712361509733143e-01	1.737619143969842128e-01	2.423661414959039639e-01	1.453625207442530987e-01	6.981992542365762777e-02	2.786643960976829468e-02	7.155182217829998692e-02
1.063825669982796853e+03	2.690325736305517745e-01	1.736073716478140627e-01	2.425366917180524495e-01	1.454599549493944266e-01	6.986001568654252869e-02	2.789112591668375940e-02	7.161226645080147335e-02
1.065277001046893474e+03	2.687943191161831225e-01	1.734530899318054153e-01	2.427069519732368286e-01	1.455572081076212942e-01	6.990003750579651398e-02	2.791578411883336580e-02	7.167260924636389974e-02
1.066728332110990095e+03	2.685564719079420737e-01	1.732990688074487751e-01	2.428769227523692731e-01	1.456542805808233032e-01	6.993999099966569100e-02	2.794041422158341156e-02	7.173285073000801315e-02
1.068179663175086489e+03	2.683190313071139310e-01	1.731453078339815488e-01	2.430466045455304813e-01	1.457511727300916937e-01	6.997987628618100586e-02	2.796501623042228768e-02	7.179299106651965134e-02
1.069630994239183110e+03	2.680819966161926970e-01	1.729918065713867970e-01	2.432159978419711766e-01	1.458478849157213431e-01	7.001969348315882635e-02	2.798959015095982619e-02	7.185303042044990929e-02
1.071082325303279504e+03	2.678453671388789648e-01	1.728385645803920401e-01	2.433851031301134671e-01	1.459444174972126529e-01	7.005944270820160802e-02	2.801413598892669304e-02	7.191296895611523632e-02
1.072533656367376352e+03	2.676091421800775305e-01	1.726855814224677876e-01	2.435539208975523451e-01	1.460407708332733534e-01	7.009912407869833828e-02	2.803865375017375663e-02	7.197280683759753328e-02
1.073984987431472746e+03	2.673733210458956733e-01	1.725328566598265667e-01	2.437224516310569078e-01	1.461369452818205572e-01	7.013873771182520256e-02	2.806314344067148414e-02	7.203254422874427743e-02
1.075436318495569594e+03	2.671379030436406565e-01	1.723803898554214231e-01	2.438906958165719119e-01	1.462329411999826467e-01	7.017828372454609775e-02	2.808760506650931701e-02	7.209218129316863344e-02
1.076887649559666215e+03	2.669028874818178410e-01	1.722281805729448112e-01	2.440586539392191612e-01	1.463287589441011061e-01	7.021776223361325675e-02	2.811203863389506036e-02	7.215171819424957833e-02
1.078338980623762609e+03	2.666682736701284639e-01	1.720762283768272616e-01	2.442263264832987557e-01	1.464243988697324639e-01	7.025717335556770637e-02	2.813644414915428271e-02	7.221115509513198472e-02
1.079790311687859230e+03	2.664340609194675302e-01	1.719245328322361877e-01	2.443937139322906460e-01	1.465198613316501808e-01	7.029651720673989190e-02	2.816082161872969850e-02	7.227049215872680121e-02
1.081241642751955851e+03	2.662002485419218134e-01	1.717730935050746366e-01	2.445608167688560208e-01	1.466151466838465922e-01	7.033579390325020442e-02	2.818517104918056779e-02	7.232972954771113572e-02
1.082692973816052472e+03	2.659668358507676911e-01	1.716219099619799848e-01	2.447276354748385563e-01	1.467102552795347126e-01	7.037500356100954979e-02	2.820949244718209611e-02	7.238886742452838030e-02
1.084144304880149093e+03	2.657338221604689799e-01	1.714709817703228001e-01	2.448941705312659700e-01	1.468051874711501781e-01	7.041414629571983441e-02	2.823378581952483077e-02	7.244790595138836387e-02
1.085595635944245487e+03	2.655012067866751591e-01	1.713203084982054814e-01	2.450604224183512425e-01	1.468999436103531064e-01	7.045322222287453418e-02	2.825805117311406753e-02	7.250684529026744929e-02
1.087046967008342108e+03	2.652689890462187061e-01	1.711698897144611209e-01	2.452263916154940881e-01	1.469945240480299842e-01	7.049223145775922184e-02	2.828228851496926086e-02	7.256568560290868608e-02
1.088498298072438729e+03	2.650371682571135978e-01	1.710197249886521442e-01	2.453920786012823985e-01	1.470889291342955263e-01	7.053117411545210824e-02	2.830649785222342715e-02	7.262442705082193528e-02
1.089949629136535123e+03	2.648057437385527568e-01	1.708698138910692554e-01	2.455574838534934634e-01	1.471831592184945359e-01	7.057005031082450031e-02	2.833067919212255148e-02	7.268306979528404987e-02
1.091400960200631971e+03	2.645747148109064972e-01	1.707201559927300216e-01	2.457226078490954702e-01	1.472772146492038192e-01	7.060886015854141162e-02	2.835483254202500469e-02	7.274161399733890254e-02
1.092852291264728365e+03	2.643440807957199157e-01	1.705707508653778459e-01	2.458874510642487798e-01	1.473710957742339622e-01	7.064760377306200656e-02	2.837895790940096058e-02	7.280005981779763546e-02
1.094303622328825213e+03	2.641138410157112815e-01	1.704215980814804965e-01	2.460520139743073986e-01	1.474648029406312733e-01	7.068628126864014150e-02	2.840305530183181298e-02	7.285840741723878522e-02
1.095754953392921607e+03	2.638839947947695941e-01	1.702726972142290240e-01	2.462162970538202267e-01	1.475583364946795595e-01	7.072489275932485053e-02	2.842712472700959295e-02	7.291665695600836605e-02
1.097206284457018228e+03	2.636545414579527513e-01	1.701240478375365406e-01	2.463803007765325848e-01	1.476516967819020421e-01	7.076343835896090062e-02	2.845116619273640318e-02	7.297480859422005028e-02
1.098657615521114849e+03	2.634254803314853288e-01	1.699756495260370259e-01	2.465440256153874077e-01	1.477448841470631602e-01	7.080191818118920788e-02	2.847517970692382133e-02	7.303286249175532097e-02
1.100108946585211470e+03	2.631968107427568038e-01	1.698275018550839954e-01	2.467074720425266876e-01	1.478378989341704586e-01	7.084033233944739272e-02	2.849916527759235180e-02	7.309081880826363842e-02
1.101560277649308091e+03	2.629685320203192789e-01	1.696796044007493343e-01	2.468706405292927786e-01	1.479307414864763082e-01	7.087868094697023780e-02	2.852312291287083246e-02	7.314867770316253737e-02
1.103011608713404712e+03	2.627406434938854285e-01	1.695319567398221594e-01	2.470335315462298953e-01	1.480234121464798491e-01	7.091696411679024314e-02	2.854705262099588997e-02	7.320643933563782124e-02
1.104462939777501106e+03	2.625131444943266668e-01	1.693845584498074874e-01	2.471961455630852511e-01	1.481159112559288227e-01	7.095518196173802861e-02	2.857095441031135691e-02	7.326410386464371483e-02
1.105914270841597499e+03	2.622860343536707606e-01	1.692374091089250410e-01	2.473584830488106678e-01	1.482082391558213197e-01	7.099333459444284733e-02	2.859482828926771317e-02	7.332167144890300303e-02
1.107365601905694348e+03	2.620593124051001643e-01	1.690905082961081940e-01	2.475205444715636582e-01	1.483003961864076403e-01	7.103142212733308536e-02	2.861867426642152740e-02	7.337914224690716969e-02
1.108816932969790741e+03	2.618329779829497994e-01	1.689438555910025008e-01	2.476823302987088971e-01	1.483923826871920981e-01	7.106944467263669185e-02	2.864249235043490535e-02	7.343651641691661958e-02
1.110268264033887590e+03	2.616070304227049448e-01	1.687974505739647246e-01	2.478438409968195810e-01	1.484841989969348797e-01	7.110740234238172031e-02	2.866628255007492090e-02	7.349379411696074782e-02
1.111719595097984211e+03	2.613814690609995162e-01	1.686512928260615052e-01	2.480050770316787612e-01	1.485758454536537931e-01	7.114529524839671715e-02	2.869004487421306093e-02	7.355097550483820357e-02
1.113170926162080832e+03	2.611562932356137345e-01	1.685053819290681931e-01	2.481660388682807028e-01	1.486673223946260725e-01	7.118312350231124908e-02	2.871377933182468409e-02	7.360806073811697325e-02
1.114622257226177226e+03	2.609315022854722388e-01	1.683597174654676842e-01	2.483267269708321068e-01	1.487586301563901814e-01	7.122088721555630553e-02	2.873748593198846568e-02	7.366504997413458877e-02
1.116073588290273847e+03	2.607070955506421428e-01	1.682142990184491982e-01	2.484871418027535805e-01	1.488497690747477009e-01	7.125858649936485378e-02	2.876116468388585298e-02	7.372194336999825237e-02
1.117524919354370468e+03	2.604830723723309815e-01	1.680691261719069740e-01	2.486472838266809149e-01	1.489407394847649113e-01	7.129622146477218592e-02	2.878481559680052398e-02	7.377874108258508645e-02
1.118976250418467089e+03	2.602594320928846572e-01	1.679241985104393542e-01	2.488071535044664162e-01	1.490315417207748183e-01	7.133379222261643227e-02	2.880843868011782882e-02	7.383544326854217521e-02
1.120427581482563710e+03	2.600361740557852741e-01	1.677795156193472581e-01	2.489667512971802110e-01	1.491221761163787629e-01	7.137129888353901941e-02	2.883203394332426936e-02	7.389205008428684218e-02
1.121878912546660331e+03	2.598132976056496402e-01	1.676350770846332383e-01	2.491260776651116060e-01	1.492126430044483087e-01	7.140874155798505873e-02	2.885560139600694407e-02	7.394856168600680291e-02
1.123330243610756725e+03	2.595908020882268241e-01	1.674908824930001761e-01	2.492851330677704480e-01	1.493029427171269352e-01	7.144612035620390156e-02	2.887914104785302763e-02	7.400497822966030370e-02
1.124781574674853118e+03	2.593686868503963239e-01	1.673469314318501155e-01	2.494439179638883730e-01	1.493930755858318415e-01	7.148343538824944443e-02	2.890265290864921233e-02	7.406129987097630207e-02
1.126232905738949967e+03	2.591469512401661235e-01	1.672032234892831259e-01	2.496024328114200830e-01	1.494830419412556954e-01	7.152068676398068425e-02	2.892613698828120847e-02	7.411752676545468876e-02
1.127684236803046360e+03	2.589255946066705838e-01	1.670597582540961079e-01	2.497606780675447891e-01	1.495728421133684372e-01	7.155787459306207909e-02	2.894959329673319273e-02	7.417365906836639877e-02
1.129135567867143209e+03	2.587046163001686105e-01	1.669165353157815168e-01	2.499186541886675161e-01	1.496624764314190004e-01	7.159499898496404779e-02	2.897302184408727735e-02	7.422969693475363340e-02
1.130586898931239830e+03	2.584840156720415449e-01	1.667735542645263636e-01	2.500763616304202963e-01	1.497519452239370608e-01	7.163206004896331691e-02	2.899642264052300702e-02	7.428564051943005453e-02
1.132038229995336451e+03	2.582637920747913318e-01	1.666308146912108545e-01	2.502338008476635567e-01	1.498412488187347846e-01	7.166905789414343420e-02	2.901979569631680730e-02	7.434148997698088179e-02
1.133489561059432845e+03	2.580439448620384657e-01	1.664883161874073370e-01	2.503909722944873684e-01	1.499303875429086330e-01	7.170599262939512941e-02	2.904314102184149191e-02	7.439724546176318398e-02
1.134940892123529466e+03	2.578244733885199924e-01	1.663460583453791053e-01	2.505478764242128897e-01	1.500193617228410270e-01	7.174286436341680007e-02	2.906645862756572496e-02	7.445290712790597620e-02
1.136392223187626087e+03	2.576053770100876772e-01	1.662040407580791801e-01	2.507045136893936710e-01	1.501081716842020963e-01	7.177967320471488610e-02	2.908974852405350059e-02	7.450847512931046968e-02
1.137843554251722708e+03	2.573866550837058953e-01	1.660622630191492533e-01	2.508608845418167088e-01	1.501968177519514558e-01	7.181641926160431399e-02	2.911301072196365025e-02	7.456394961965021051e-02
1.139294885315819101e+03	2.571683069674498001e-01	1.659207247229183835e-01	2.510169894325038897e-01	1.502853002503398983e-01	7.185310264220888532e-02	2.913624523204930150e-02	7.461933075237130175e-02
1.140746216379915950e+03	2.569503320205033803e-01	1.657794254644019694e-01	2.511728288117133778e-01	1.503736195029110878e-01	7.188972345446172085e-02	2.915945206515738880e-02	7.467461868069255604e-02
1.142197547444012343e+03	2.567327296031574058e-01	1.656383648393004171e-01	2.513284031289407805e-01	1.504617758325033361e-01	7.192628180610563526e-02	2.918263123222813657e-02	7.472981355760568989e-02
1.143648878508108737e+03	2.565154990768074850e-01	1.654975424439981968e-01	2.514837128329206473e-01	1.505497695612513231e-01	7.196277780469365060e-02	2.920578274429454571e-02	7.478491553587554574e-02
1.145100209572205586e+03	2.562986398039523994e-01	1.653569578755625102e-01	2.516387583716273579e-01	1.506376010105877905e-01	7.199921155758921831e-02	2.922890661248191135e-02	7.483992476804025851e-02
1.146551540636302207e+03	2.560821511481916612e-01	1.652166107317422361e-01	2.517935401922768435e-01	1.507252705012451788e-01	7.203558317196680216e-02	2.925200284800729203e-02	7.489484140641143595e-02
1.148002871700398828e+03	2.558660324742241254e-01	1.650765006109666810e-01	2.519480587413275852e-01	1.508127783532574040e-01	7.207189275481219737e-02	2.927507146217902742e-02	7.494966560307439463e-02
1.149454202764495449e+03	2.556502831478457138e-01	1.649366271123445526e-01	2.521023144644820579e-01	1.509001248859616062e-01	7.210814041292294696e-02	2.929811246639623182e-02	7.500439750988832643e-02
1.150905533828591842e+03	2.554349025359476388e-01	1.647969898356626273e-01	2.522563078066880071e-01	1.509873104179996761e-01	7.214432625290871648e-02	2.932112587214830493e-02	7.505903727848646512e-02
1.152356864892688463e+03	2.552198900065144049e-01	1.646575883813848895e-01	2.524100392121395586e-01	1.510743352673201423e-01	7.218045038119173806e-02	2.934411169101442882e-02	7.511358506027637771e-02
1.153808195956785084e+03	2.550052449286218659e-01	1.645184223506510335e-01	2.525635091242786623e-01	1.511611997511797256e-01	7.221651290400718515e-02	2.936706993466307869e-02	7.516804100644000619e-02
1.155259527020881706e+03	2.547909666724354483e-01	1.643794913452756856e-01	2.527167179857963131e-01	1.512479041861451157e-01	7.225251392740353329e-02	2.939000061485153026e-02	7.522240526793402826e-02
1.156710858084978327e+03	2.545770546092081532e-01	1.642407949677468781e-01	2.528696662386338279e-01	1.513344488880944416e-01	7.228845355724301813e-02	2.941290374342538094e-02	7.527667799548996841e-02
1.158162189149074720e+03	2.543635081112786134e-01	1.641023328212252996e-01	2.530223543239840112e-01	1.514208341722192985e-01	7.232433189920195460e-02	2.943577933231804680e-02	7.533085933961440606e-02
1.159613520213171569e+03	2.541503265520693167e-01	1.639641045095428518e-01	2.531747826822927649e-01	1.515070603530260518e-01	7.236014905877116710e-02	2.945862739355029070e-02	7.538494945058918373e-02
1.161064851277267962e+03	2.539375093060846078e-01	1.638261096372016778e-01	2.533269517532599213e-01	1.515931277443376968e-01	7.239590514125635035e-02	2.948144793922973655e-02	7.543894847847164298e-02
1.162516182341364356e+03	2.537250557489087455e-01	1.636883478093729416e-01	2.534788619758407413e-01	1.516790366592955519e-01	7.243160025177845796e-02	2.950424098155038366e-02	7.549285657309474928e-02
1.163967513405461204e+03	2.535129652572041259e-01	1.635508186318957724e-01	2.536305137882471916e-01	1.517647874103608130e-01	7.246723449527410488e-02	2.952700653279213480e-02	7.554667388406738349e-02
1.165418844469557826e+03	2.533012372087093955e-01	1.634135217112760718e-01	2.537819076279491104e-01	1.518503803093162463e-01	7.250280797649594211e-02	2.954974460532031055e-02	7.560040056077448056e-02
1.166870175533654447e+03	2.530898709822373971e-01	1.632764566546854035e-01	2.539330439316755395e-01	1.519358156672678262e-01	7.253832080001300364e-02	2.957245521158518090e-02	7.565403675237726555e-02
1.168321506597751068e+03	2.528788659576734488e-01	1.631396230699598549e-01	2.540839231354158345e-01	1.520210937946464003e-01	7.257377307021110890e-02	2.959513836412150031e-02	7.570758260781346172e-02
1.169772837661847461e+03	2.526682215159734013e-01	1.630030205655990105e-01	2.542345456744212195e-01	1.521062150012093273e-01	7.260916489129320972e-02	2.961779407554800125e-02	7.576103827579747096e-02
1.171224168725944082e+03	2.524579370391617505e-01	1.628666487507646476e-01	2.543849119832056749e-01	1.521911795960420588e-01	7.264449636727980664e-02	2.964042235856697086e-02	7.581440390482065139e-02
1.172675499790040703e+03	2.522480119103299723e-01	1.627305072352798199e-01	2.545350224955474361e-01	1.522759878875598327e-01	7.267976760200926811e-02	2.966302322596375829e-02	7.586767964315141444e-02
1.174126830854137097e+03	2.520384455136344126e-01	1.625945956296275252e-01	2.546848776444902152e-01	1.523606401835093105e-01	7.271497869913824685e-02	2.968559669060630291e-02	7.592086563883553019e-02
1.175578161918233945e+03	2.518292372342942342e-01	1.624589135449497623e-01	2.548344778623442553e-01	1.524451367909701316e-01	7.275012976214204063e-02	2.970814276544469015e-02	7.597396203969632167e-02
1.177029492982330339e+03	2.516203864585901395e-01	1.623234605930464203e-01	2.549838235806878295e-01	1.525294780163566344e-01	7.278522089431491149e-02	2.973066146351066932e-02	7.602696899333483138e-02
1.178480824046426733e+03	2.514118925738620391e-01	1.621882363863739462e-01	2.551329152303683512e-01	1.526136641654193549e-01	7.282025219877048816e-02	2.975315279791721987e-02	7.607988664713005722e-02
1.179932155110523581e+03	2.512037549685072202e-01	1.620532405380445407e-01	2.552817532415035395e-01	1.526976955432466920e-01	7.285522377844212694e-02	2.977561678185806221e-02	7.613271514823917452e-02
1.181383486174620202e+03	2.509959730319788473e-01	1.619184726618247416e-01	2.554303380434828630e-01	1.527815724542666009e-01	7.289013573608328633e-02	2.979805342860721365e-02	7.618545464359774422e-02
1.182834817238716823e+03	2.507885461547837425e-01	1.617839323721346478e-01	2.555786700649686494e-01	1.528652952022480083e-01	7.292498817426781854e-02	2.982046275151854428e-02	7.623810527991993491e-02
1.184286148302813444e+03	2.505814737284806637e-01	1.616496192840464474e-01	2.557267497338972517e-01	1.529488640903025887e-01	7.295978119539042739e-02	2.984284476402531208e-02	7.629066720369870325e-02
1.185737479366910065e+03	2.503747551456785292e-01	1.615155330132836409e-01	2.558745774774802695e-01	1.530322794208862358e-01	7.299451490166691814e-02	2.986519947963971536e-02	7.634314056120607150e-02
1.187188810431006686e+03	2.501683898000345851e-01	1.613816731762197088e-01	2.560221537222059918e-01	1.531155414958007277e-01	7.302918939513465546e-02	2.988752691195243824e-02	7.639552549849329410e-02
1.188640141495103080e+03	2.499623770862523520e-01	1.612480393898771680e-01	2.561694788938405076e-01	1.531986506161952810e-01	7.306380477765284098e-02	2.990982707463221354e-02	7.644782216139107967e-02
1.190091472559199701e+03	2.497567164000800144e-01	1.611146312719263785e-01	2.563165534174288163e-01	1.532816070825681609e-01	7.309836115090287412e-02	2.993209998142537173e-02	7.650003069550979917e-02
1.191542803623296322e+03	2.495514071383085897e-01	1.609814484406844881e-01	2.564633777172962148e-01	1.533644111947682631e-01	7.313285861638876839e-02	2.995434564615539336e-02	7.655215124623974965e-02
1.192994134687392716e+03	2.493464486987700124e-01	1.608484905151142952e-01	2.566099522170493530e-01	1.534470632519965294e-01	7.316729727543738737e-02	2.997656408272246845e-02	7.660418395875134845e-02
1.194445465751489564e+03	2.491418404803353304e-01	1.607157571148232489e-01	2.567562773395777320e-01	1.535295635528078628e-01	7.320167722919890263e-02	2.999875530510306629e-02	7.665612897799529979e-02
1.195896796815585958e+03	2.489375818829128728e-01	1.605832478600622282e-01	2.569023535070544817e-01	1.536119123951123489e-01	7.323599857864705742e-02	3.002091932734947399e-02	7.670798644870294170e-02
1.197348127879682352e+03	2.487336723074465017e-01	1.604509623717245981e-01	2.570481811409380812e-01	1.536941100761769763e-01	7.327026142457959690e-02	3.004305616358938016e-02	7.675975651538632927e-02
1.198799458943779200e+03	2.485301111559137799e-01	1.603189002713449884e-01	2.571937606619730809e-01	1.537761568926271916e-01	7.330446586761851790e-02	3.006516582802543774e-02	7.681143932233849836e-02
1.200250790007875821e+03	2.483268978313240838e-01	1.601870611810982670e-01	2.573390924901916565e-01	1.538580531404483698e-01	7.333861200821044368e-02	3.008724833493482340e-02	7.686303501363378476e-02
1.201702121071972442e+03	2.481240317377169102e-01	1.600554447237985400e-01	2.574841770449147749e-01	1.539397991149875911e-01	7.337269994662698469e-02	3.010930369866880035e-02	7.691454373312787973e-02
1.203153452136069063e+03	2.479215122801599891e-01	1.599240505228978482e-01	2.576290147447531931e-01	1.540213951109548340e-01	7.340672978296508555e-02	3.013133193365230555e-02	7.696596562445819079e-02
1.204604783200165684e+03	2.477193388647475070e-01	1.597928782024853611e-01	2.577736060076089020e-01	1.541028414224248355e-01	7.344070161714733036e-02	3.015333305438351250e-02	7.701730083104399438e-02
1.206056114264262078e+03	2.475175108985983308e-01	1.596619273872860734e-01	2.579179512506761252e-01	1.541841383428385059e-01	7.347461554892228963e-02	3.017530707543339061e-02	7.706854949608669958e-02
1.207507445328358699e+03	2.473160277898542314e-01	1.595311977026598882e-01	2.580620508904427068e-01	1.542652861650043727e-01	7.350847167786483949e-02	3.019725401144531321e-02	7.711971176257004235e-02
1.208958776392455093e+03	2.471148889476780797e-01	1.594006887746003964e-01	2.582059053426912221e-01	1.543462851811002456e-01	7.354227010337656412e-02	3.021917387713459954e-02	7.717078777326027983e-02
1.210410107456551941e+03	2.469140937822519866e-01	1.592704002297339605e-01	2.583495150225001424e-01	1.544271356826747155e-01	7.357601092468597781e-02	3.024106668728811578e-02	7.722177767070652343e-02
1.211861438520648335e+03	2.467136417047756380e-01	1.591403316953184932e-01	2.584928803442450018e-01	1.545078379606486529e-01	7.360969424084896906e-02	3.026293245676384830e-02	7.727268159724084984e-02
1.213312769584745183e+03	2.465135321274644353e-01	1.590104827992425696e-01	2.586360017215997287e-01	1.545883923053167075e-01	7.364332015074903648e-02	3.028477120049048038e-02	7.732349969497857856e-02
1.214764100648841804e+03	2.463137644635477463e-01	1.588808531700241222e-01	2.587788795675376452e-01	1.546687990063488338e-01	7.367688875309769125e-02	3.030658293346697937e-02	7.737423210581852173e-02
1.216215431712937971e+03	2.461143381272671293e-01	1.587514424368095534e-01	2.589215142943329107e-01	1.547490583527918462e-01	7.371040014643473470e-02	3.032836767076218729e-02	7.742487897144316455e-02
1.217666762777034819e+03	2.459152525338745565e-01	1.586222502293726799e-01	2.590639063135614650e-01	1.548291706330708617e-01	7.374385442912864685e-02	3.035012542751440792e-02	7.747544043331892893e-02
1.219118093841131440e+03	2.457165070996306933e-01	1.584932761781135402e-01	2.592060560361022503e-01	1.549091361349909102e-01	7.377725169937680849e-02	3.037185621893097667e-02	7.752591663269638167e-02
1.220569424905228061e+03	2.455181012418030384e-01	1.583645199140574777e-01	2.593479638721384872e-01	1.549889551457382386e-01	7.381059205520591748e-02	3.039356006028787194e-02	7.757630771061047037e-02
1.222020755969324682e+03	2.453200343786643145e-01	1.582359810688539481e-01	2.594896302311588965e-01	1.550686279518820321e-01	7.384387559447229410e-02	3.041523696692929879e-02	7.762661380788074550e-02
1.223472087033421303e+03	2.451223059294905526e-01	1.581076592747756304e-01	2.596310555219586980e-01	1.551481548393757182e-01	7.387710241486217244e-02	3.043688695426728305e-02	7.767683506511161018e-02
1.224923418097517697e+03	2.449249153145593438e-01	1.579795541647171231e-01	2.597722401526407765e-01	1.552275360935585491e-01	7.391027261389206127e-02	3.045851003778126537e-02	7.772697162269252835e-02
1.226374749161614318e+03	2.447278619551482848e-01	1.578516653721941942e-01	2.599131845306170696e-01	1.553067719991570728e-01	7.394338628890900766e-02	3.048010623301769181e-02	7.777702362079824683e-02
1.227826080225710712e+03	2.445311452735330349e-01	1.577239925313425328e-01	2.600538890626097333e-01	1.553858628402866315e-01	7.397644353709097176e-02	3.050167555558963225e-02	7.782699119938908672e-02
1.229277411289807560e+03	2.443347646929855399e-01	1.575965352769166661e-01	2.601943541546520855e-01	1.554648089004527778e-01	7.400944445544713202e-02	3.052321802117635360e-02	7.787687449821110997e-02
1.230728742353903954e+03	2.441387196377725333e-01	1.574692932442890436e-01	2.603345802120898278e-01	1.555436104625527727e-01	7.404238914081819056e-02	3.054473364552293818e-02	7.792667365679635527e-02
1.232180073418000802e+03	2.439430095331535375e-01	1.573422660694489827e-01	2.604745676395823217e-01	1.556222678088770850e-01	7.407527768987667849e-02	3.056622244443987432e-02	7.797638881446311565e-02
1.233631404482097196e+03	2.437476338053793379e-01	1.572154533890015304e-01	2.606143168411038102e-01	1.557007812211108067e-01	7.410811019912731668e-02	3.058768443380268168e-02	7.802602011031614659e-02
1.235082735546193817e+03	2.435525918816900670e-01	1.570888548401664642e-01	2.607538282199443058e-01	1.557791509803351515e-01	7.414088676490725172e-02	3.060911962955149487e-02	7.807556768324687424e-02
1.236534066610290438e+03	2.433578831903135953e-01	1.569624700607773204e-01	2.608931021787109228e-01	1.558573773670288987e-01	7.417360748338645837e-02	3.063052804769068882e-02	7.812503167193367293e-02
1.237985397674387059e+03	2.431635071604636988e-01	1.568362986892802569e-01	2.610321391193292095e-01	1.559354606610698357e-01	7.420627245056798937e-02	3.065190970428846584e-02	7.817441221484205949e-02
1.239436728738483680e+03	2.429694632223385609e-01	1.567103403647330528e-01	2.611709394430439257e-01	1.560134011417362299e-01	7.423888176228830849e-02	3.067326461547649485e-02	7.822370945022498467e-02
1.240888059802580301e+03	2.427757508071187453e-01	1.565845947268040828e-01	2.613095035504204855e-01	1.560911990877081879e-01	7.427143551421760970e-02	3.069459279744949851e-02	7.827292351612297194e-02
1.242339390866676695e+03	2.425823693469656983e-01	1.564590614157712889e-01	2.614478318413460123e-01	1.561688547770691826e-01	7.430393380186006702e-02	3.071589426646487847e-02	7.832205455036445052e-02
1.243790721930773088e+03	2.423893182750199993e-01	1.563337400725210991e-01	2.615859247150304490e-01	1.562463684873075520e-01	7.433637672055423695e-02	3.073716903884233728e-02	7.837110269056593581e-02
1.245242052994869937e+03	2.421965970253995848e-01	1.562086303385474551e-01	2.617237825700077791e-01	1.563237404953177201e-01	7.436876436547330826e-02	3.075841713096347935e-02	7.842006807413227920e-02
1.246693384058966330e+03	2.420042050331980277e-01	1.560837318559508136e-01	2.618614058041371928e-01	1.564009710774018902e-01	7.440109683162540732e-02	3.077963855927143624e-02	7.846895083825691786e-02
1.248144715123063179e+03	2.418121417344830104e-01	1.559590442674370081e-01	2.619987948146040302e-01	1.564780605092712107e-01	7.443337421385390340e-02	3.080083334027050243e-02	7.851775111992206901e-02
1.249596046187159800e+03	2.416204065662944100e-01	1.558345672163163054e-01	2.621359499979211138e-01	1.565550090660474403e-01	7.446559660683772786e-02	3.082200149052572238e-02	7.856646905589902141e-02
1.251047377251256421e+03	2.414289989666426883e-01	1.557103003465023783e-01	2.622728717499299700e-01	1.566318170222641415e-01	7.449776410509167945e-02	3.084314302666254712e-02	7.861510478274834346e-02
1.252498708315352815e+03	2.412379183745072264e-01	1.555862433025113067e-01	2.624095604658017167e-01	1.567084846518682628e-01	7.452987680296671580e-02	3.086425796536644908e-02	7.866365843682011916e-02
1.253950039379449436e+03	2.410471642298345485e-01	1.554623957294604120e-01	2.625460165400383961e-01	1.567850122282214709e-01	7.456193479465025864e-02	3.088534632338252664e-02	7.871213015425418402e-02
1.255401370443546057e+03	2.408567359735367674e-01	1.553387572730674793e-01	2.626822403664739736e-01	1.568614000241015660e-01	7.459393817416648531e-02	3.090640811751516406e-02	7.876052007098037488e-02
1.256852701507642678e+03	2.406666330474897808e-01	1.552153275796495369e-01	2.628182323382756147e-01	1.569376483117038701e-01	7.462588703537666179e-02	3.092744336462763949e-02	7.880882832271876581e-02
1.258304032571739299e+03	2.404768548945316053e-01	1.550921062961219121e-01	2.629539928479446287e-01	1.570137573626426974e-01	7.465778147197937864e-02	3.094845208164176062e-02	7.885705504497989016e-02
1.259755363635835920e+03	2.402874009584607673e-01	1.549690930699973157e-01	2.630895222873178008e-01	1.570897274479526873e-01	7.468962157751091180e-02	3.096943428553750391e-02	7.890520037306499035e-02
1.261206694699932314e+03	2.400982706840344705e-01	1.548462875493846480e-01	2.632248210475682804e-01	1.571655588380901913e-01	7.472140744534550016e-02	3.099038999335263639e-02	7.895326444206626770e-02
1.262658025764028707e+03	2.399094635169671530e-01	1.547236893829881388e-01	2.633598895192070244e-01	1.572412518029346895e-01	7.475313916869560926e-02	3.101131922218235137e-02	7.900124738686711834e-02
1.264109356828125556e+03	2.397209789039286276e-01	1.546012982201062369e-01	2.634947280920835189e-01	1.573168066117901498e-01	7.478481684061225043e-02	3.103222198917891805e-02	7.904914934214234135e-02
1.265560687892221949e+03	2.395328162925424997e-01	1.544791137106307222e-01	2.636293371553873333e-01	1.573922235333864439e-01	7.481644055398531390e-02	3.105309831155130679e-02	7.909697044235843022e-02
1.267012018956318798e+03	2.393449751313845020e-01	1.543571355050455396e-01	2.637637170976489531e-01	1.574675028358806794e-01	7.484801040154380469e-02	3.107394820656482828e-02	7.914471082177376715e-02
1.268463350020415419e+03	2.391574548699806901e-01	1.542353632544259667e-01	2.638978683067409459e-01	1.575426447868585877e-01	7.487952647585616184e-02	3.109477169154078319e-02	7.919237061443890058e-02
1.269914681084511813e+03	2.389702549588060554e-01	1.541137966104375312e-01	2.640317911698791264e-01	1.576176496533359395e-01	7.491098886933056367e-02	3.111556878385609085e-02	7.923994995419675336e-02
1.271366012148608434e+03	2.387833748492826369e-01	1.539924352253349837e-01	2.641654860736236121e-01	1.576925177017598767e-01	7.494239767421514986e-02	3.113633950094294930e-02	7.928744897468288644e-02
1.272817343212705055e+03	2.385968139937779953e-01	1.538712787519613545e-01	2.642989534038799326e-01	1.577672491980102454e-01	7.497375298259841003e-02	3.115708386028846408e-02	7.933486780932573479e-02
1.274268674276801676e+03	2.384105718456034639e-01	1.537503268437468984e-01	2.644321935459001960e-01	1.578418444074010107e-01	7.500505488640943352e-02	3.117780187943431161e-02	7.938220659134681556e-02
1.275720005340898297e+03	2.382246478590125671e-01	1.536295791547082068e-01	2.645652068842843097e-01	1.579163035946815064e-01	7.503630347741815920e-02	3.119849357597636805e-02	7.942946545376103340e-02
1.277171336404994690e+03	2.380390414891993545e-01	1.535090353394471252e-01	2.646979938029807577e-01	1.579906270240379884e-01	7.506749884723572241e-02	3.121915896756437270e-02	7.947664452937687474e-02
1.278622667469091539e+03	2.378537521922968745e-01	1.533886950531497817e-01	2.648305546852878778e-01	1.580648149590947460e-01	7.509864108731470478e-02	3.123979807190157068e-02	7.952374395079665759e-02
1.280073998533187932e+03	2.376687794253753150e-01	1.532685579515855878e-01	2.649628899138551374e-01	1.581388676629155998e-01	7.512973028894943950e-02	3.126041090674436945e-02	7.957076385041678135e-02
1.281525329597284326e+03	2.374841226464405042e-01	1.531486236911062671e-01	2.650949998706840782e-01	1.582127853980052345e-01	7.516076654327628892e-02	3.128099748990199186e-02	7.961770436042796273e-02
1.282976660661381175e+03	2.372997813144322454e-01	1.530288919286449389e-01	2.652268849371291481e-01	1.582865684263104200e-01	7.519174994127392209e-02	3.130155783923612572e-02	7.966456561281548554e-02
1.284427991725477568e+03	2.371157548892228462e-01	1.529093623217149811e-01	2.653585454938993116e-01	1.583602170092215378e-01	7.522268057376363393e-02	3.132209197266059425e-02	7.971134773935946438e-02
1.285879322789574417e+03	2.369320428316151195e-01	1.527900345284091688e-01	2.654899819210588818e-01	1.584337314075736636e-01	7.525355853140953954e-02	3.134259990814099173e-02	7.975805087163499729e-02
1.287330653853671038e+03	2.367486446033411351e-01	1.526709082073986756e-01	2.656211945980284650e-01	1.585071118816481495e-01	7.528438390471901831e-02	3.136308166369436434e-02	7.980467514101255433e-02
1.288781984917767431e+03	2.365655596670603877e-01	1.525519830179320746e-01	2.657521839035864031e-01	1.585803586911738172e-01	7.531515678404282488e-02	3.138353725738884242e-02	7.985122067865807471e-02
1.290233315981864052e+03	2.363827874863583256e-01	1.524332586198343109e-01	2.658829502158694402e-01	1.586534720953282351e-01	7.534587725957545001e-02	3.140396670734334900e-02	7.989768761553331378e-02
