1.001418434226643626e+03	2.857984107142278463e-01	1.691031452808742785e-01	2.343276129081606207e-01	1.419820699781874085e-01	6.958326281404077218e-02	2.820403888715667870e-02	7.100145941733740362e-02
1.002869765290740247e+03	2.855341051028867372e-01	1.689458932081296383e-01	2.345008736532180060e-01	1.420897141467894753e-01	6.962775128954894199e-02	2.823147803371937534e-02	7.107018456569288989e-02
1.004321096354836754e+03	2.852702581578900887e-01	1.687889140345670280e-01	2.346738157016082515e-01	1.421971720779502124e-01	6.967216427874797779e-02	2.825888300179472262e-02	7.113879274742677949e-02
1.005772427418933376e+03	2.850068690809848815e-01	1.686322072851894893e-01	2.348464396366706231e-01	1.423044441342050936e-01	6.971650191984184175e-02	2.828625380086696381e-02	7.120728414222610159e-02
1.007223758483029997e+03	2.847439370753191423e-01	1.684757724858338968e-01	2.350187460406265860e-01	1.424115306771557010e-01	6.976076435073039206e-02	2.831359044061276461e-02	7.127565892970648409e-02
1.008675089547126618e+03	2.844814613454391683e-01	1.683196091631695701e-01	2.351907354945825535e-01	1.425184320674734717e-01	6.980495170901025725e-02	2.834089293089995382e-02	7.134391728941001654e-02
1.010126420611223239e+03	2.842194410972868623e-01	1.681637168446966368e-01	2.353624085785326614e-01	1.426251486649035005e-01	6.984906413197589092e-02	2.836816128178627078e-02	7.141205940080311287e-02
1.011577751675319632e+03	2.839578755381977349e-01	1.680080950587446165e-01	2.355337658713613780e-01	1.427316808282682592e-01	6.989310175662041824e-02	2.839539550351809563e-02	7.148008544327445757e-02
1.013029082739416367e+03	2.836967638768976840e-01	1.678527433344709774e-01	2.357048079508463345e-01	1.428380289154711769e-01	6.993706471963663518e-02	2.842259560652921416e-02	7.154799559613293780e-02
1.014480413803512761e+03	2.834361053235011085e-01	1.676976612018594437e-01	2.358755353936609345e-01	1.429441932835003870e-01	6.998095315741789668e-02	2.844976160143957919e-02	7.161579003860554793e-02
1.015931744867609382e+03	2.831758990895080763e-01	1.675428481917186907e-01	2.360459487753771568e-01	1.430501742884323635e-01	7.002476720605910199e-02	2.847689349905406161e-02	7.168346894983546047e-02
1.017383075931706003e+03	2.829161443878018267e-01	1.673883038356807629e-01	2.362160486704680262e-01	1.431559722854355010e-01	7.006850700135758281e-02	2.850399131036123607e-02	7.175103250887994444e-02
1.018834406995802851e+03	2.826568404326464945e-01	1.672340276661995750e-01	2.363858356523104443e-01	1.432615876287737788e-01	7.011217267881401927e-02	2.853105504653214927e-02	7.181848089470846408e-02
1.020285738059899245e+03	2.823979864396842787e-01	1.670800192165494968e-01	2.365553102931877705e-01	1.433670206718102580e-01	7.015576437363338358e-02	2.855808471891911615e-02	7.188581428620065272e-02
1.021737069123995752e+03	2.821395816259332778e-01	1.669262780208237706e-01	2.367244731642924871e-01	1.434722717670106895e-01	7.019928222072582824e-02	2.858508033905449858e-02	7.195303286214443927e-02
1.023188400188092373e+03	2.818816252097847141e-01	1.667728036139331238e-01	2.368933248357288357e-01	1.435773412659470671e-01	7.024272635470758808e-02	2.861204191864952576e-02	7.202013680123413308e-02
1.024639731252188767e+03	2.816241164110007689e-01	1.666195955316042976e-01	2.370618658765153985e-01	1.436822295193010968e-01	7.028609690990189618e-02	2.863896946959306258e-02	7.208712628206852269e-02
1.026091062316285615e+03	2.813670544507118065e-01	1.664666533103784651e-01	2.372300968545877353e-01	1.437869368768676936e-01	7.032939402033989984e-02	2.866586300395045084e-02	7.215400148314903006e-02
1.027542393380382237e+03	2.811104385514142101e-01	1.663139764876098159e-01	2.373980183368008812e-01	1.438914636875585074e-01	7.037261781976153485e-02	2.869272253396230876e-02	7.222076258287785100e-02
1.028993724444478858e+03	2.808542679369676054e-01	1.661615646014641956e-01	2.375656308889321222e-01	1.439958102994053080e-01	7.041576844161641369e-02	2.871954807204335838e-02	7.228740975955615100e-02
1.030445055508575479e+03	2.805985418325926406e-01	1.660094171909174410e-01	2.377329350756833548e-01	1.440999770595635388e-01	7.045884601906474143e-02	2.874633963078124937e-02	7.235394319138224728e-02
1.031896386572671872e+03	2.803432594648683773e-01	1.658575337957541029e-01	2.378999314606837501e-01	1.442039643143155359e-01	7.050185068497816232e-02	2.877309722293540720e-02	7.242036305644983241e-02
1.033347717636768493e+03	2.800884200617301256e-01	1.657059139565658368e-01	2.380666206064923629e-01	1.443077724090741365e-01	7.054478257194064794e-02	2.879982086143585349e-02	7.248666953274623959e-02
1.034799048700865114e+03	2.798340228524665019e-01	1.655545572147500422e-01	2.382330030746006022e-01	1.444114016883858986e-01	7.058764181224938539e-02	2.882651055938207155e-02	7.255286279815068018e-02
1.036250379764961508e+03	2.795800670677175415e-01	1.654034631125083921e-01	2.383990794254347012e-01	1.445148524959345426e-01	7.063042853791565157e-02	2.885316633004184755e-02	7.261894303043250898e-02
1.037701710829058356e+03	2.793265519394718122e-01	1.652526311928454450e-01	2.385648502183583264e-01	1.446181251745443097e-01	7.067314288066563199e-02	2.887978818685012911e-02	7.268491040724958663e-02
1.039153041893154750e+03	2.790734767010642492e-01	1.651020609995669797e-01	2.387303160116750755e-01	1.447212200661831816e-01	7.071578497194135060e-02	2.890637614340789419e-02	7.275076510614653102e-02
1.040604372957251599e+03	2.788208405871736573e-01	1.649517520772788015e-01	2.388954773626310035e-01	1.448241375119662111e-01	7.075835494290148853e-02	2.893293021348102359e-02	7.281650730455312137e-02
1.042055704021347992e+03	2.785686428338203235e-01	1.648017039713851606e-01	2.390603348274169260e-01	1.449268778521588530e-01	7.080085292442227229e-02	2.895945041099916989e-02	7.288213717978260509e-02
1.043507035085444613e+03	2.783168826783635752e-01	1.646519162280873361e-01	2.392248889611711393e-01	1.450294414261802389e-01	7.084327904709823709e-02	2.898593675005464720e-02	7.294765490903012961e-02
1.044958366149541234e+03	2.780655593594993369e-01	1.645023883943822762e-01	2.393891403179817801e-01	1.451318285726062862e-01	7.088563344124318433e-02	2.901238924490131404e-02	7.301306066937107708e-02
1.046409697213637855e+03	2.778146721172577993e-01	1.643531200180610718e-01	2.395530894508892950e-01	1.452340396291731395e-01	7.092791623689101432e-02	2.903880790995346309e-02	7.307835463775956553e-02
1.047861028277734476e+03	2.775642201930009212e-01	1.642041106477074852e-01	2.397167369118888003e-01	1.453360749327801682e-01	7.097012756379643406e-02	2.906519275978473524e-02	7.314353699102679740e-02
1.049312359341831097e+03	2.773142028294201533e-01	1.640553598326967288e-01	2.398800832519326909e-01	1.454379348194932142e-01	7.101226755143594249e-02	2.909154380912700941e-02	7.320860790587958855e-02
1.050763690405927491e+03	2.770646192705339961e-01	1.639068671231938279e-01	2.400431290209329438e-01	1.455396196245478946e-01	7.105433632900863550e-02	2.911786107286932004e-02	7.327356755889882778e-02
1.052215021470024112e+03	2.768154687616854459e-01	1.637586320701522880e-01	2.402058747677635053e-01	1.456411296823525436e-01	7.109633402543692748e-02	2.914414456605677467e-02	7.333841612653790865e-02
1.053666352534120733e+03	2.765667505495401635e-01	1.636106542253126517e-01	2.403683210402628445e-01	1.457424653264914882e-01	7.113826076936752285e-02	2.917039430388948182e-02	7.340315378512134170e-02
1.055117683598217127e+03	2.763184638820833094e-01	1.634629331412011388e-01	2.405304683852361736e-01	1.458436268897281007e-01	7.118011668917213763e-02	2.919661030172146163e-02	7.346778071084320016e-02
1.056569014662313975e+03	2.760706080086177128e-01	1.633154683711281752e-01	2.406923173484580292e-01	1.459446147040079911e-01	7.122190191294831829e-02	2.922279257505959113e-02	7.353229707976569052e-02
1.058020345726410369e+03	2.758231821797614280e-01	1.631682594691869492e-01	2.408538684746745206e-01	1.460454291004619765e-01	7.126361656852034376e-02	2.924894113956254607e-02	7.359670306781773697e-02
1.059471676790506763e+03	2.755761856474454041e-01	1.630213059902521355e-01	2.410151223076056892e-01	1.461460704094091900e-01	7.130526078343991936e-02	2.927505601103974966e-02	7.366099885079353815e-02
1.060923007854603611e+03	2.753296176649107085e-01	1.628746074899783680e-01	2.411760793899478950e-01	1.462465389603601063e-01	7.134683468498706493e-02	2.930113720545029707e-02	7.372518460435119325e-02
1.062374338918700232e+03	2.750834774867068067e-01	1.627281635247989078e-01	2.413367402633762315e-01	1.463468350820196773e-01	7.138833840017087817e-02	2.932718473890194230e-02	7.378926050401125869e-02
1.063825669982796853e+03	2.748377643686887306e-01	1.625819736519241443e-01	2.414971054685467744e-01	1.464469591022901640e-01	7.142977205573032562e-02	2.935319862765004006e-02	7.385322672515547138e-02
1.065277001046893474e+03	2.745924775680150254e-01	1.624360374293403741e-01	2.416571755450990233e-01	1.465469113482742725e-01	7.147113577813508922e-02	2.937917888809651878e-02	7.391708344302531930e-02
1.066728332110990095e+03	2.743476163431452508e-01	1.622903544158082190e-01	2.418169510316580673e-01	1.466466921462781237e-01	7.151242969358630186e-02	2.940512553678885366e-02	7.398083083272077864e-02
1.068179663175086489e+03	2.741031799538377611e-01	1.621449241708613487e-01	2.419764324658370547e-01	1.467463018218141124e-01	7.155365392801738000e-02	2.943103859041903969e-02	7.404446906919889826e-02
1.069630994239183110e+03	2.738591676611472625e-01	1.619997462548050382e-01	2.421356203842394139e-01	1.468457406996039327e-01	7.159480860709475925e-02	2.945691806582257169e-02	7.410799832727263392e-02
1.071082325303279504e+03	2.736155787274224815e-01	1.618548202287148630e-01	2.422945153224611292e-01	1.469450091035816031e-01	7.163589385621869920e-02	2.948276397997744505e-02	7.417141878160940505e-02
1.072533656367376352e+03	2.733724124163039448e-01	1.617101456544352001e-01	2.424531178150930999e-01	1.470441073568961310e-01	7.167690980052408845e-02	2.950857635000314269e-02	7.423473060672998447e-02
1.073984987431472746e+03	2.731296679927216475e-01	1.615657220945780070e-01	2.426114283957233886e-01	1.471430357819146773e-01	7.171785656488116611e-02	2.953435519315962543e-02	7.429793397700713842e-02
1.075436318495569594e+03	2.728873447228926663e-01	1.614215491125212121e-01	2.427694475969394416e-01	1.472417947002252481e-01	7.175873427389634074e-02	2.956010052684633974e-02	7.436102906666440526e-02
1.076887649559666215e+03	2.726454418743189390e-01	1.612776262724075205e-01	2.429271759503304207e-01	1.473403844326396650e-01	7.179954305191293962e-02	2.958581236860123240e-02	7.442401604977492979e-02
1.078338980623762609e+03	2.724039587157849329e-01	1.611339531391430824e-01	2.430846139864894506e-01	1.474388052991963405e-01	7.184028302301195823e-02	2.961149073609976867e-02	7.448689510026018645e-02
1.079790311687859230e+03	2.721628945173552028e-01	1.609905292783959108e-01	2.432417622350157849e-01	1.475370576191631644e-01	7.188095431101282351e-02	2.963713564715392615e-02	7.454966639188886912e-02
1.081241642751955851e+03	2.719222485503725029e-01	1.608473542565946879e-01	2.433986212245171366e-01	1.476351417110403352e-01	7.192155703947418488e-02	2.966274711971125799e-02	7.461233009827562823e-02
1.082692973816052472e+03	2.716820200874549007e-01	1.607044276409273775e-01	2.435551914826118158e-01	1.477330578925630800e-01	7.196209133169463590e-02	2.968832517185388681e-02	7.467488639287997443e-02
1.084144304880149093e+03	2.714422084024940562e-01	1.605617489993398650e-01	2.437114735359310613e-01	1.478308064807045963e-01	7.200255731071346366e-02	2.971386982179756095e-02	7.473733544900509895e-02
1.085595635944245487e+03	2.712028127706526681e-01	1.604193179005344583e-01	2.438674679101210663e-01	1.479283877916786338e-01	7.204295509931138430e-02	2.973938108789069001e-02	7.479967743979677730e-02
1.087046967008342108e+03	2.709638324683621424e-01	1.602771339139688056e-01	2.440231751298454488e-01	1.480258021409423530e-01	7.208328482001134796e-02	2.976485898861337687e-02	7.486191253824221736e-02
1.088498298072438729e+03	2.707252667733204277e-01	1.601351966098542856e-01	2.441785957187871670e-01	1.481230498431991005e-01	7.212354659507923260e-02	2.979030354257648783e-02	7.492404091716899084e-02
1.089949629136535123e+03	2.704871149644898498e-01	1.599935055591547861e-01	2.443337301996508781e-01	1.482201312124010462e-01	7.216374054652456571e-02	2.981571476852069164e-02	7.498606274924390913e-02
1.091400960200631971e+03	2.702493763220946144e-01	1.598520603335852330e-01	2.444885790941650483e-01	1.483170465617520140e-01	7.220386679610131531e-02	2.984109268531552964e-02	7.504797820697196864e-02
1.092852291264728365e+03	2.700120501276186968e-01	1.597108605056104802e-01	2.446431429230841448e-01	1.484137962037100633e-01	7.224392546530854220e-02	2.986643731195846169e-02	7.510978746269532380e-02
1.094303622328825213e+03	2.697751356638036224e-01	1.595699056484437550e-01	2.447974222061907457e-01	1.485103804499901814e-01	7.228391667539119103e-02	2.989174866757396409e-02	7.517149068859220462e-02
1.095754953392921607e+03	2.695386322146460234e-01	1.594291953360454372e-01	2.449514174622978435e-01	1.486067996115670586e-01	7.232384054734083967e-02	2.991702677141258940e-02	7.523308805667588972e-02
1.097206284457018228e+03	2.693025390653957518e-01	1.592887291431216157e-01	2.451051292092507050e-01	1.487030539986775868e-01	7.236369720189633759e-02	2.994227164285003656e-02	7.529457973879369326e-02
1.098657615521114849e+03	2.690668555025531594e-01	1.591485066451227837e-01	2.452585579639293412e-01	1.487991439208236621e-01	7.240348675954455526e-02	2.996748330138624544e-02	7.535596590662599348e-02
1.100108946585211470e+03	2.688315808138672658e-01	1.590085274182426178e-01	2.454117042422503669e-01	1.488950696867747114e-01	7.244320934052113359e-02	2.999266176664448780e-02	7.541724673168515025e-02
1.101560277649308091e+03	2.685967142883333159e-01	1.588687910394165070e-01	2.455645685591693050e-01	1.489908316045703007e-01	7.248286506481117775e-02	3.001780705837045829e-02	7.547842238531465853e-02
1.103011608713404712e+03	2.683622552161906705e-01	1.587292970863203312e-01	2.457171514286826119e-01	1.490864299815227445e-01	7.252245405214995111e-02	3.004291919643136549e-02	7.553949303868809362e-02
1.104462939777501106e+03	2.681282028889204749e-01	1.585900451373690179e-01	2.458694533638297042e-01	1.491818651242197147e-01	7.256197642202361076e-02	3.006799820081504718e-02	7.560045886280819527e-02
1.105914270841597499e+03	2.678945565992435496e-01	1.584510347717153489e-01	2.460214748766952619e-01	1.492771373385268219e-01	7.260143229366985973e-02	3.009304409162907173e-02	7.566132002850588234e-02
1.107365601905694348e+03	2.676613156411180028e-01	1.583122655692485448e-01	2.461732164784111720e-01	1.493722469295901412e-01	7.264082178607871032e-02	3.011805688909984999e-02	7.572207670643942012e-02
1.108816932969790741e+03	2.674284793097372881e-01	1.581737371105929879e-01	2.463246786791585818e-01	1.494671942018386823e-01	7.268014501799313631e-02	3.014303661357176090e-02	7.578272906709342116e-02
1.110268264033887590e+03	2.671960469015277617e-01	1.580354489771069459e-01	2.464758619881700641e-01	1.495619794589870544e-01	7.271940210790982240e-02	3.016798328550625644e-02	7.584327728077801256e-02
1.111719595097984211e+03	2.669640177141464621e-01	1.578974007508811561e-01	2.466267669137316987e-01	1.496566030040378803e-01	7.275859317407974702e-02	3.019289692548100812e-02	7.590372151762787845e-02
1.113170926162080832e+03	2.667323910464792780e-01	1.577595920147376873e-01	2.467773939631850710e-01	1.497510651392843783e-01	7.279771833450901508e-02	3.021777755418902228e-02	7.596406194760144115e-02
1.114622257226177226e+03	2.665011661986382840e-01	1.576220223522284136e-01	2.469277436429292705e-01	1.498453661663128045e-01	7.283677770695941300e-02	3.024262519243778313e-02	7.602429874047998692e-02
1.116073588290273847e+03	2.662703424719597978e-01	1.574846913476338206e-01	2.470778164584230274e-01	1.499395063860048671e-01	7.287577140894918593e-02	3.026743986114839233e-02	7.608443206586683327e-02
1.117524919354370468e+03	2.660399191690021592e-01	1.573475985859617843e-01	2.472276129141868228e-01	1.500334860985403085e-01	7.291469955775368994e-02	3.029222158135471896e-02	7.614446209318642689e-02
1.118976250418467089e+03	2.658098955935436214e-01	1.572107436529461555e-01	2.473771335138047200e-01	1.501273056033992637e-01	7.295356227040600272e-02	3.031697037420253565e-02	7.620438899168359426e-02
1.120427581482563710e+03	2.655802710505800190e-01	1.570741261350454832e-01	2.475263787599265020e-01	1.502209651993647588e-01	7.299235966369772843e-02	3.034168626094868246e-02	7.626421293042266736e-02
1.121878912546660331e+03	2.653510448463227145e-01	1.569377456194417930e-01	2.476753491542697527e-01	1.503144651845250701e-01	7.303109185417955285e-02	3.036636926296022373e-02	7.632393407828672038e-02
1.123330243610756725e+03	2.651222162881963773e-01	1.568016016940392277e-01	2.478240451976217451e-01	1.504078058562761666e-01	7.306975895816196498e-02	3.039101940171361552e-02	7.638355260397676483e-02
1.124781574674853118e+03	2.648937846848368749e-01	1.566656939474626586e-01	2.479724673898414944e-01	1.505009875113240969e-01	7.310836109171588160e-02	3.041563669879385201e-02	7.644306867601097233e-02
1.126232905738949967e+03	2.646657493460889965e-01	1.565300219690566874e-01	2.481206162298617013e-01	1.505940104456874595e-01	7.314689837067342437e-02	3.044022117589366763e-02	7.650248246272391139e-02
1.127684236803046360e+03	2.644381095830044548e-01	1.563945853488840632e-01	2.482684922156908891e-01	1.506868749546996233e-01	7.318537091062843336e-02	3.046477285481269046e-02	7.656179413226578412e-02
1.129135567867143209e+03	2.642108647078395545e-01	1.562593836777245726e-01	2.484160958444151523e-01	1.507795813330111701e-01	7.322377882693720252e-02	3.048929175745663384e-02	7.662100385260164903e-02
1.130586898931239830e+03	2.639840140340532493e-01	1.561244165470736800e-01	2.485634276122004049e-01	1.508721298745922812e-01	7.326212223471910423e-02	3.051377790583647068e-02	7.668011179151078271e-02
1.132038229995336451e+03	2.637575568763048661e-01	1.559896835491412781e-01	2.487104880142940733e-01	1.509645208727349586e-01	7.330040124885731090e-02	3.053823132206762853e-02	7.673911811658581938e-02
1.133489561059432845e+03	2.635314925504519956e-01	1.558551842768504947e-01	2.488572775450272889e-01	1.510567546200554390e-01	7.333861598399936399e-02	3.056265202836918812e-02	7.679802299523214026e-02
1.134940892123529466e+03	2.633058203735483271e-01	1.557209183238362771e-01	2.490037966978166928e-01	1.511488314084965257e-01	7.337676655455784014e-02	3.058704004706307503e-02	7.685682659466715194e-02
1.136392223187626087e+03	2.630805396638415949e-01	1.555868852844441708e-01	2.491500459651664612e-01	1.512407515293297811e-01	7.341485307471103117e-02	3.061139540057325817e-02	7.691552908191957860e-02
1.137843554251722708e+03	2.628556497407713577e-01	1.554530847537291260e-01	2.492960258386701933e-01	1.513325152731579415e-01	7.345287565840352695e-02	3.063571811142496229e-02	7.697413062382875426e-02
1.139294885315819101e+03	2.626311499249670001e-01	1.553195163274541934e-01	2.494417368090128817e-01	1.514241229299170266e-01	7.349083441934692318e-02	3.066000820224386997e-02	7.703263138704401214e-02
1.140746216379915950e+03	2.624070395382454013e-01	1.551861796020891637e-01	2.495871793659728000e-01	1.515155747888788096e-01	7.352872947102040424e-02	3.068426569575534793e-02	7.709103153802401853e-02
1.142197547444012343e+03	2.621833179036089922e-01	1.550530741748094576e-01	2.497323539984235286e-01	1.516068711386528711e-01	7.356656092667138158e-02	3.070849061478365602e-02	7.714933124303605116e-02
1.143648878508108737e+03	2.619599843452437571e-01	1.549201996434947937e-01	2.498772611943357036e-01	1.516980122671890141e-01	7.360432889931615985e-02	3.073268298225117004e-02	7.720753066815543020e-02
1.145100209572205586e+03	2.617370381885167907e-01	1.547875556067278835e-01	2.500219014407790707e-01	1.517889984617793453e-01	7.364203350174053364e-02	3.075684282117760807e-02	7.726562997926485210e-02
1.146551540636302207e+03	2.615144787599744114e-01	1.546551416637932941e-01	2.501662752239242615e-01	1.518798300090605513e-01	7.367967484650042587e-02	3.078097015467927758e-02	7.732362934205379290e-02
1.148002871700398828e+03	2.612923053873401069e-01	1.545229574146761709e-01	2.503103830290449028e-01	1.519705071950161468e-01	7.371725304592251227e-02	3.080506500596828789e-02	7.738152892201789756e-02
1.149454202764495449e+03	2.610705173995123696e-01	1.543910024600609332e-01	2.504542253405191987e-01	1.520610303049785839e-01	7.375476821210484590e-02	3.082912739835179730e-02	7.743932888445834162e-02
1.150905533828591842e+03	2.608491141265625313e-01	1.542592764013299700e-01	2.505978026418320126e-01	1.521513996236315003e-01	7.379222045691744003e-02	3.085315735523126018e-02	7.749702939448127603e-02
1.152356864892688463e+03	2.606280948997327651e-01	1.541277788405625571e-01	2.507411154155768651e-01	1.522416154350119399e-01	7.382960989200294810e-02	3.087715490010167069e-02	7.755463061699727212e-02
1.153808195956785084e+03	2.604074590514340315e-01	1.539965093805336083e-01	2.508841641434573222e-01	1.523316780225122680e-01	7.386693662877723277e-02	3.090112005655081331e-02	7.761213271672066927e-02
1.155259527020881706e+03	2.601872059152439132e-01	1.538654676247122322e-01	2.510269493062895485e-01	1.524215876688826965e-01	7.390420077842994873e-02	3.092505284825852047e-02	7.766953585816908923e-02
1.156710858084978327e+03	2.599673348259045613e-01	1.537346531772607883e-01	2.511694713840035287e-01	1.525113446562330610e-01	7.394140245192523664e-02	3.094895329899592998e-02	7.772684020566281160e-02
1.158162189149074720e+03	2.597478451193206972e-01	1.536040656430333884e-01	2.513117308556453433e-01	1.526009492660352351e-01	7.397854176000225046e-02	3.097282143262474613e-02	7.778404592332431589e-02
1.159613520213171569e+03	2.595287361325573916e-01	1.534737046275748140e-01	2.514537281993787232e-01	1.526904017791250456e-01	7.401561881317582359e-02	3.099665727309651106e-02	7.784115317507765697e-02
1.161064851277267962e+03	2.593100072038382331e-01	1.533435697371191841e-01	2.515954638924871589e-01	1.527797024757044653e-01	7.405263372173702396e-02	3.102046084445186924e-02	7.789816212464802103e-02
1.162516182341364356e+03	2.590916576725431075e-01	1.532136605785889005e-01	2.517369384113754549e-01	1.528688516353437499e-01	7.408958659575373695e-02	3.104423217081984931e-02	7.795507293556114270e-02
1.163967513405461204e+03	2.588736868792060331e-01	1.530839767595933154e-01	2.518781522315719501e-01	1.529578495369833813e-01	7.412647754507133147e-02	3.106797127641713549e-02	7.801188577114284706e-02
1.165418844469557826e+03	2.586560941655133838e-01	1.529545178884273715e-01	2.520191058277297946e-01	1.530466964589363432e-01	7.416330667931320120e-02	3.109167818554736326e-02	7.806860079451850842e-02
1.166870175533654447e+03	2.584388788743017251e-01	1.528252835740707138e-01	2.521597996736292258e-01	1.531353926788899533e-01	7.420007410788137525e-02	3.111535292260038041e-02	7.812521816861256463e-02
1.168321506597751068e+03	2.582220403495556482e-01	1.526962734261861354e-01	2.523002342421792887e-01	1.532239384739081389e-01	7.423677993995710100e-02	3.113899551205156352e-02	7.818173805614807292e-02
1.169772837661847461e+03	2.580055779364058832e-01	1.525674870551185780e-01	2.524404100054193911e-01	1.533123341204333523e-01	7.427342428450141310e-02	3.116260597846109287e-02	7.823816061964621038e-02
1.171224168725944082e+03	2.577894909811271895e-01	1.524389240718938554e-01	2.525803274345214122e-01	1.534005798942885967e-01	7.431000725025577180e-02	3.118618434647326895e-02	7.829448602142580205e-02
1.172675499790040703e+03	2.575737788311364129e-01	1.523105840882173767e-01	2.527199869997913129e-01	1.534886760706795084e-01	7.434652894574256266e-02	3.120973064081579429e-02	7.835071442360284910e-02
1.174126830854137097e+03	2.573584408349903208e-01	1.521824667164731193e-01	2.528593891706709118e-01	1.535766229241963821e-01	7.438298947926579030e-02	3.123324488629909343e-02	7.840684598809015415e-02
1.175578161918233945e+03	2.571434763423837144e-01	1.520545715697221578e-01	2.529985344157398841e-01	1.536644207288161146e-01	7.441938895891153649e-02	3.125672710781560865e-02	7.846288087659678001e-02
1.177029492982330339e+03	2.569288847041472645e-01	1.519268982617016928e-01	2.531374232027172599e-01	1.537520697579041473e-01	7.445572749254861233e-02	3.128017733033911646e-02	7.851881925062767498e-02
1.178480824046426733e+03	2.567146652722456235e-01	1.517994464068237737e-01	2.532760559984633120e-01	1.538395702842166868e-01	7.449200518782909952e-02	3.130359557892405109e-02	7.857466127148327040e-02
1.179932155110523581e+03	2.565008173997753160e-01	1.516722156201740501e-01	2.534144332689813317e-01	1.539269225799023699e-01	7.452822215218890545e-02	3.132698187870482098e-02	7.863040710025900881e-02
1.181383486174620202e+03	2.562873404409627964e-01	1.515452055175106061e-01	2.535525554794194614e-01	1.540141269165043736e-01	7.456437849284842934e-02	3.135033625489513226e-02	7.868605689784496926e-02
1.182834817238716823e+03	2.560742337511625055e-01	1.514184157152628496e-01	2.536904230940722482e-01	1.541011835649624684e-01	7.460047431681300634e-02	3.137365873278731565e-02	7.874161082492542318e-02
1.184286148302813444e+03	2.558614966868547058e-01	1.512918458305301528e-01	2.538280365763825319e-01	1.541880927956148228e-01	7.463650973087353202e-02	3.139694933775164648e-02	7.879706904197850137e-02
1.185737479366910065e+03	2.556491286056434831e-01	1.511654954810807694e-01	2.539653963889432209e-01	1.542748548781998907e-01	7.467248484160701749e-02	3.142020809523568547e-02	7.885243170927580536e-02
1.187188810431006686e+03	2.554371288662550255e-01	1.510393642853506690e-01	2.541025029934989576e-01	1.543614700818585206e-01	7.470839975537713062e-02	3.144343503076364038e-02	7.890769898688196338e-02
1.188640141495103080e+03	2.552254968285352921e-01	1.509134518624423160e-01	2.542393568509477841e-01	1.544479386751357319e-01	7.474425457833479280e-02	3.146663016993565820e-02	7.896287103465433888e-02
1.190091472559199701e+03	2.550142318534482366e-01	1.507877578321234480e-01	2.543759584213430847e-01	1.545342609259826305e-01	7.478004941641872017e-02	3.148979353842721457e-02	7.901794801224260034e-02
1.191542803623296322e+03	2.548033333030737535e-01	1.506622818148259657e-01	2.545123081638950846e-01	1.546204371017584345e-01	7.481578437535592319e-02	3.151292516198844068e-02	7.907293007908841598e-02
1.192994134687392716e+03	2.545928005406056238e-01	1.505370234316447120e-01	2.546484065369726268e-01	1.547064674692321118e-01	7.485145956066234507e-02	3.153602506644349185e-02	7.912781739442507900e-02
1.194445465751489564e+03	2.543826329303496836e-01	1.504119823043363058e-01	2.547842539981050036e-01	1.547923522945845731e-01	7.488707507764336135e-02	3.155909327768987443e-02	7.918261011727717458e-02
1.195896796815585958e+03	2.541728298377218809e-01	1.502871580553178932e-01	2.549198510039834553e-01	1.548780918434102816e-01	7.492263103139433500e-02	3.158212982169782829e-02	7.923730840646023288e-02
1.197348127879682352e+03	2.539633906292461663e-01	1.501625503076662038e-01	2.550551980104631133e-01	1.549636863807192233e-01	7.495812752680115765e-02	3.160513472450968836e-02	7.929191242058043765e-02
1.198799458943779200e+03	2.537543146725525500e-01	1.500381586851160798e-01	2.551902954725643324e-01	1.550491361709387395e-01	7.499356466854079084e-02	3.162810801223923246e-02	7.934642231803425150e-02
1.200250790007875821e+03	2.535456013363751038e-01	1.499139828120595319e-01	2.553251438444749111e-01	1.551344414779153857e-01	7.502894256108183502e-02	3.165104971107107062e-02	7.940083825700816611e-02
1.201702121071972442e+03	2.533372499905501840e-01	1.497900223135444908e-01	2.554597435795512017e-01	1.552196025649167366e-01	7.506426130868502911e-02	3.167395984726001368e-02	7.945516039547834142e-02
1.203153452136069063e+03	2.531292600060143783e-01	1.496662768152735856e-01	2.555940951303202757e-01	1.553046196946332447e-01	7.509952101540379177e-02	3.169683844713042792e-02	7.950938889121032804e-02
1.204604783200165684e+03	2.529216307548024512e-01	1.495427459436031170e-01	2.557281989484813112e-01	1.553894931291800452e-01	7.513472178508480426e-02	3.171968553707564531e-02	7.956352390175878975e-02
1.206056114264262078e+03	2.527143616100455126e-01	1.494194293255418082e-01	2.558620554849072026e-01	1.554742231300987043e-01	7.516986372136846839e-02	3.174250114355732511e-02	7.961756558446718424e-02
1.207507445328358699e+03	2.525074519459691302e-01	1.492963265887496394e-01	2.559956651896466151e-01	1.555588099583591066e-01	7.520494692768950329e-02	3.176528529310485016e-02	7.967151409646748561e-02
1.208958776392455093e+03	2.523009011378911648e-01	1.491734373615367371e-01	2.561290285119250387e-01	1.556432538743612037e-01	7.523997150727744498e-02	3.178803801231471632e-02	7.972536959467996232e-02
1.210410107456551941e+03	2.520947085622202155e-01	1.490507612728622366e-01	2.562621459001471758e-01	1.557275551379367629e-01	7.527493756315715989e-02	3.181075932784991483e-02	7.977913223581287183e-02
1.211861438520648335e+03	2.518888735964532333e-01	1.489282979523330608e-01	2.563950178018980508e-01	1.558117140083511987e-01	7.530984519814939993e-02	3.183344926643933565e-02	7.983280217636216924e-02
1.213312769584745183e+03	2.516833956191739663e-01	1.488060470302027538e-01	2.565276446639446761e-01	1.558957307443052942e-01	7.534469451487127434e-02	3.185610785487717062e-02	7.988637957261131295e-02
1.214764100648841804e+03	2.514782740100507952e-01	1.486840081373705102e-01	2.566600269322379391e-01	1.559796056039370327e-01	7.537948561573686035e-02	3.187873512002230292e-02	7.993986458063100098e-02
1.216215431712937971e+03	2.512735081498349565e-01	1.485621809053798703e-01	2.567921650519141563e-01	1.560633388448231795e-01	7.541421860295763335e-02	3.190133108879772417e-02	7.999325735627887957e-02
1.217666762777034819e+03	2.510690974203585446e-01	1.484405649664176097e-01	2.569240594672966282e-01	1.561469307239812254e-01	7.544889357854302203e-02	3.192389578818993767e-02	8.004655805519939049e-02
1.219118093841131440e+03	2.508650412045326239e-01	1.483191599533126570e-01	2.570557106218973598e-01	1.562303814978709404e-01	7.548351064430093571e-02	3.194642924524838251e-02	8.009976683282347965e-02
1.220569424905228061e+03	2.506613388863453973e-01	1.481979654995348727e-01	2.571871189584184481e-01	1.563136914223962060e-01	7.551806990183825008e-02	3.196893148708482985e-02	8.015288384436840274e-02
1.222020755969324682e+03	2.504579898508600966e-01	1.480769812391939111e-01	2.573182849187541366e-01	1.563968607529066523e-01	7.555257145256130680e-02	3.199140254087281393e-02	8.020590924483748940e-02
1.223472087033421303e+03	2.502549934842132617e-01	1.479562068070381931e-01	2.574492089439920361e-01	1.564798897441995185e-01	7.558701539767646860e-02	3.201384243384704231e-02	8.025884318901993497e-02
1.224923418097517697e+03	2.500523491736128534e-01	1.478356418384536575e-01	2.575798914744148460e-01	1.565627786505210950e-01	7.562140183819060502e-02	3.203625119330283377e-02	8.031168583149062012e-02
1.226374749161614318e+03	2.498500563073361713e-01	1.477152859694627618e-01	2.577103329495019080e-01	1.566455277255686951e-01	7.565573087491157811e-02	3.205862884659553547e-02	8.036443732660987493e-02
1.227826080225710712e+03	2.496481142747281612e-01	1.475951388367231776e-01	2.578405338079310383e-01	1.567281372224920977e-01	7.569000260844878369e-02	3.208097542113997475e-02	8.041709782852331234e-02
1.229277411289807560e+03	2.494465224661993885e-01	1.474752000775268745e-01	2.579704944875798600e-01	1.568106073938953238e-01	7.572421713921358155e-02	3.210329094440985548e-02	8.046966749116164774e-02
1.230728742353903954e+03	2.492452802732242900e-01	1.473554693297988161e-01	2.581002154255274128e-01	1.568929384918383574e-01	7.575837456741990605e-02	3.212557544393722375e-02	8.052214646824043531e-02
1.232180073418000802e+03	2.490443870883391475e-01	1.472359462320959045e-01	2.582296970580559847e-01	1.569751307678387553e-01	7.579247499308468250e-02	3.214782894731190582e-02	8.057453491326002637e-02
1.233631404482097196e+03	2.488438423051403114e-01	1.471166304236059541e-01	2.583589398206523891e-01	1.570571844728732291e-01	7.582651851602835447e-02	3.217005148218093219e-02	8.062683297950527794e-02
1.235082735546193817e+03	2.486436453182822859e-01	1.469975215441463867e-01	2.584879441480096296e-01	1.571390998573793940e-01	7.586050523587531402e-02	3.219224307624802411e-02	8.067904082004545563e-02
1.236534066610290438e+03	2.484437955234758133e-01	1.468786192341632879e-01	2.586167104740285105e-01	1.572208771712573505e-01	7.589443525205451235e-02	3.221440375727298300e-02	8.073115858773403930e-02
1.237985397674387059e+03	2.482442923174860705e-01	1.467599231347302691e-01	2.587452392318191907e-01	1.573025166638712669e-01	7.592830866379986221e-02	3.223653355307120466e-02	8.078318643520858433e-02
1.239436728738483680e+03	2.480451350981308645e-01	1.466414328875471629e-01	2.588735308537029045e-01	1.573840185840510997e-01	7.596212557015072364e-02	3.225863249151309647e-02	8.083512451489055506e-02
1.240888059802580301e+03	2.478463232642786063e-01	1.465231481349392462e-01	2.590015857712131830e-01	1.574653831800942316e-01	7.599588606995245910e-02	3.228070060052353613e-02	8.088697297898518601e-02
1.242339390866676695e+03	2.476478562158465624e-01	1.464050685198558799e-01	2.591294044150976306e-01	1.575466106997668869e-01	7.602959026185686364e-02	3.230273790808135120e-02	8.093873197948137088e-02
1.243790721930773088e+03	2.474497333537989952e-01	1.462871936858694266e-01	2.592569872153193677e-01	1.576277013903058799e-01	7.606323824432263681e-02	3.232474444221876408e-02	8.099040166815148212e-02
1.245242052994869937e+03	2.472519540801452753e-01	1.461695232771743347e-01	2.593843346010586415e-01	1.577086554984201971e-01	7.609683011561590993e-02	3.234672023102088539e-02	8.104198219655124602e-02
1.246693384058966330e+03	2.470545177979380502e-01	1.460520569385857781e-01	2.595114470007145457e-01	1.577894732702925518e-01	7.613036597381070414e-02	3.236866530262514502e-02	8.109347371601968724e-02
1.248144715123063179e+03	2.468574239112714674e-01	1.459347943155387684e-01	2.596383248419061873e-01	1.578701549515809655e-01	7.616384591678942995e-02	3.239057968522079944e-02	8.114487637767887895e-02
1.249596046187159800e+03	2.466606718252792041e-01	1.458177350540869333e-01	2.597649685514744067e-01	1.579507007874203228e-01	7.619727004224328970e-02	3.241246340704839052e-02	8.119619033243395678e-02
1.251047377251256421e+03	2.464642609461327460e-01	1.457008788009015177e-01	2.598913785554833322e-01	1.580311110224239257e-01	7.623063844767284658e-02	3.243431649639923892e-02	8.124741573097293834e-02
1.252498708315352815e+03	2.462681906810395005e-01	1.455842252032701900e-01	2.600175552792218236e-01	1.581113859006851030e-01	7.626395123038845481e-02	3.245613898161489597e-02	8.129855272376666775e-02
1.253950039379449436e+03	2.460724604382409364e-01	1.454677739090960431e-01	2.601434991472049707e-01	1.581915256657787094e-01	7.629720848751071760e-02	3.247793089108666487e-02	8.134960146106860746e-02
1.255401370443546057e+03	2.458770696270108080e-01	1.453515245668964562e-01	2.602692105831758140e-01	1.582715305607626244e-01	7.633041031597097292e-02	3.249969225325505251e-02	8.140056209291489375e-02
1.256852701507642678e+03	2.456820176576533510e-01	1.452354768258020123e-01	2.603946900101066775e-01	1.583514008281794450e-01	7.636355681251176530e-02	3.252142309660928376e-02	8.145143476912412861e-02
1.258304032571739299e+03	2.454873039415013947e-01	1.451196303355554440e-01	2.605199378502005558e-01	1.584311367100577905e-01	7.639664807368733157e-02	3.254312344968678800e-02	8.150221963929733804e-02
1.259755363635835920e+03	2.452929278909145860e-01	1.450039847465105225e-01	2.606449545248928912e-01	1.585107384479140513e-01	7.642968419586398943e-02	3.256479334107268558e-02	8.155291685281790270e-02
1.261206694699932314e+03	2.450988889192775855e-01	1.448885397096310035e-01	2.607697404548529607e-01	1.585902062827536652e-01	7.646266527522069256e-02	3.258643279939930915e-02	8.160352655885143303e-02
1.262658025764028707e+03	2.449051864409982626e-01	1.447732948764894612e-01	2.608942960599852090e-01	1.586695404550728661e-01	7.649559140774941923e-02	3.260804185334567618e-02	8.165404890634575530e-02
1.264109356828125556e+03	2.447118198715058091e-01	1.446582498992663723e-01	2.610186217594310243e-01	1.587487412048599611e-01	7.652846268925569961e-02	3.262962053163701026e-02	8.170448404403078679e-02
1.265560687892221949e+03	2.445187886272490174e-01	1.445434044307489230e-01	2.611427179715700153e-01	1.588278087715969400e-01	7.656127921535901826e-02	3.265116886304422761e-02	8.175483212041850800e-02
1.267012018956318798e+03	2.443260921256944496e-01	1.444287581243299534e-01	2.612665851140215656e-01	1.589067433942609742e-01	7.659404108149329982e-02	3.267268687638348601e-02	8.180509328380292100e-02
1.268463350020415419e+03	2.441337297853247434e-01	1.443143106340069315e-01	2.613902236036462212e-01	1.589855453113258599e-01	7.662674838290732537e-02	3.269417460051565749e-02	8.185526768225992456e-02
1.269914681084511813e+03	2.439417010256365870e-01	1.442000616143808700e-01	2.615136338565473562e-01	1.590642147607634616e-01	7.665940121466525980e-02	3.271563206434587034e-02	8.190535546364734187e-02
1.271366012148608434e+03	2.437500052671391360e-01	1.440860107206551333e-01	2.616368162880724491e-01	1.591427519800452384e-01	7.669199967164699872e-02	3.273705929682298871e-02	8.195535677560479570e-02
1.272817343212705055e+03	2.435586419313521267e-01	1.439721576086346044e-01	2.617597713128146375e-01	1.592211572061436320e-01	7.672454384854872356e-02	3.275845632693917542e-02	8.200527176555373610e-02
1.274268674276801676e+03	2.433676104408042107e-01	1.438585019347245197e-01	2.618824993446142724e-01	1.592994306755336487e-01	7.675703383988329020e-02	3.277982318372938547e-02	8.205510058069735713e-02
1.275720005340898297e+03	2.431769102190309839e-01	1.437450433559293028e-01	2.620050007965600836e-01	1.593775726241941082e-01	7.678946973998068692e-02	3.280115989627092887e-02	8.210484336802056915e-02
1.277171336404994690e+03	2.429865406905733771e-01	1.436317815298516765e-01	2.621272760809909563e-01	1.594555832876092538e-01	7.682185164298849234e-02	3.282246649368293634e-02	8.215450027428998492e-02
1.278622667469091539e+03	2.427965012809757683e-01	1.435187161146915247e-01	2.622493256094971525e-01	1.595334629007701122e-01	7.685417964287227788e-02	3.284374300512594991e-02	8.220407144605389183e-02
1.280073998533187932e+03	2.426067914167843176e-01	1.434058467692448102e-01	2.623711497929219205e-01	1.596112116981759088e-01	7.688645383341610740e-02	3.286498945980141639e-02	8.225355702964219640e-02
1.281525329597284326e+03	2.424174105255451350e-01	1.432931731529025199e-01	2.624927490413629383e-01	1.596888299138355671e-01	7.691867430822293961e-02	3.288620588695124330e-02	8.230295717116643817e-02
1.282976660661381175e+03	2.422283580358024213e-01	1.431806949256497208e-01	2.626141237641734238e-01	1.597663177812689850e-01	7.695084116071507219e-02	3.290739231585732699e-02	8.235227201651974804e-02
1.284427991725477568e+03	2.420396333770969965e-01	1.430684117480644224e-01	2.627352743699641335e-01	1.598436755335085613e-01	7.698295448413459974e-02	3.292854877584110163e-02	8.240150171137687607e-02
1.285879322789574417e+03	2.418512359799642464e-01	1.429563232813165774e-01	2.628562012666041947e-01	1.599209034031005838e-01	7.701501437154384400e-02	3.294967529626307429e-02	8.245064640119416366e-02
1.287330653853671038e+03	2.416631652759324567e-01	1.428444291871669436e-01	2.629769048612230486e-01	1.599980016221065893e-01	7.704702091582572854e-02	3.297077190652238088e-02	8.249970623120951585e-02
1.288781984917767431e+03	2.414754206975211481e-01	1.427327291279661403e-01	2.630973855602115052e-01	1.600749704221047232e-01	7.707897420968430613e-02	3.299183863605634204e-02	8.254868134644244293e-02
1.290233315981864052e+03	2.412880016782393000e-01	1.426212227666535937e-01	2.632176437692234083e-01	1.601518100341912110e-01	7.711087434564514731e-02	3.301287551433997047e-02	8.259757189169400493e-02
