1.001418434226643626e+03	2.798271624546876946e-01	1.803703890519938180e-01	2.349152693922028079e-01	1.410720773991059329e-01	6.807577723430981165e-02	2.680749205306284799e-02	6.893183241447545240e-02
1.002869765290740247e+03	2.795713905666979415e-01	1.802038877014514318e-01	2.350982237306537270e-01	1.411771602449156948e-01	6.811896572492219526e-02	2.683350403938479511e-02	6.899686799181262153e-02
1.004321096354836754e+03	2.793160547788988146e-01	1.800376685935391741e-01	2.352808663023097380e-01	1.412820467828086735e-01	6.816208053357716845e-02	2.685948819139075128e-02	6.906179481731408720e-02
1.005772427418933376e+03	2.790611543443747289e-01	1.798717312492915943e-01	2.354631976364693902e-01	1.413867374173454483e-01	6.820512178655201152e-02	2.688544450351262188e-02	6.912661306229260505e-02
1.007223758483029997e+03	2.788066885175033982e-01	1.797060751905563136e-01	2.356452182615323132e-01	1.414912325521143766e-01	6.824808960990476348e-02	2.691137297036268194e-02	6.919132289786458778e-02
1.008675089547126618e+03	2.785526565539537258e-01	1.795406999399923875e-01	2.358269287050007157e-01	1.415955325897344241e-01	6.829098412947474939e-02	2.693727358673271913e-02	6.925592449494985536e-02
1.010126420611223239e+03	2.782990577106833063e-01	1.793756050210689734e-01	2.360083294934809395e-01	1.416996379318579136e-01	6.833380547088309387e-02	2.696314634759315945e-02	6.932041802427124644e-02
1.011577751675319632e+03	2.780458912459364829e-01	1.792107899580639430e-01	2.361894211526850418e-01	1.418035489791732995e-01	6.837655375953327619e-02	2.698899124809224156e-02	6.938480365635439628e-02
1.013029082739416367e+03	2.777931564192417380e-01	1.790462542760626052e-01	2.363702042074322107e-01	1.419072661314079997e-01	6.841922912061162987e-02	2.701480828355513897e-02	6.944908156152737599e-02
1.014480413803512761e+03	2.775408524914096398e-01	1.788819975009562913e-01	2.365506791816503473e-01	1.420107897873310321e-01	6.846183167908781453e-02	2.704059744948313082e-02	6.951325190992048431e-02
1.015931744867609382e+03	2.772889787245302884e-01	1.787180191594408829e-01	2.367308465983776200e-01	1.421141203447559287e-01	6.850436155971538488e-02	2.706635874155275193e-02	6.957731487146585903e-02
1.017383075931706003e+03	2.770375343819714287e-01	1.785543187790155917e-01	2.369107069797638798e-01	1.422172582005433172e-01	6.854681888703224868e-02	2.709209215561494966e-02	6.964127061589729661e-02
1.018834406995802851e+03	2.767865187283758410e-01	1.783908958879815154e-01	2.370902608470721873e-01	1.423202037506037798e-01	6.858920378536116635e-02	2.711779768769426863e-02	6.970511931274994688e-02
1.020285738059899245e+03	2.765359310296592321e-01	1.782277500154402783e-01	2.372695087206804221e-01	1.424229573899005175e-01	6.863151637881027833e-02	2.714347533398797988e-02	6.976886113135999379e-02
1.021737069123995752e+03	2.762857705530079588e-01	1.780648806912927262e-01	2.374484511200826709e-01	1.425255195124520702e-01	6.867375679127354915e-02	2.716912509086528288e-02	6.983249624086448892e-02
1.023188400188092373e+03	2.760360365668766969e-01	1.779022874462374837e-01	2.376270885638908092e-01	1.426278905113350093e-01	6.871592514643123928e-02	2.719474695486646595e-02	6.989602481020103231e-02
1.024639731252188767e+03	2.757867283409863868e-01	1.777399698117697047e-01	2.378054215698358898e-01	1.427300707786867129e-01	6.875802156775044638e-02	2.722034092270208053e-02	6.995944700810752259e-02
1.026091062316285615e+03	2.755378451463216805e-01	1.775779273201796293e-01	2.379834506547698070e-01	1.428320607057080027e-01	6.880004617848553550e-02	2.724590699125212928e-02	7.002276300312193502e-02
1.027542393380382237e+03	2.752893862551291093e-01	1.774161595045512796e-01	2.381611763346666300e-01	1.429338606826658364e-01	6.884199910167856928e-02	2.727144515756524737e-02	7.008597296358208550e-02
1.028993724444478858e+03	2.750413509409144197e-01	1.772546658987610713e-01	2.383385991246242119e-01	1.430354710988959721e-01	6.888388046015984922e-02	2.729695541885788015e-02	7.014907705762533918e-02
1.030445055508575479e+03	2.747937384784405745e-01	1.770934460374765929e-01	2.385157195388656060e-01	1.431368923428056883e-01	6.892569037654837361e-02	2.732243777251348871e-02	7.021207545318844390e-02
1.031896386572671872e+03	2.745465481437255328e-01	1.769324994561550513e-01	2.386925380907405914e-01	1.432381248018763931e-01	6.896742897325221222e-02	2.734789221608172061e-02	7.027496831800728039e-02
1.033347717636768493e+03	2.742997792140399183e-01	1.767718256910421337e-01	2.388690552927271171e-01	1.433391688626662608e-01	6.900909637246907535e-02	2.737331874727763278e-02	7.033775581961664025e-02
1.034799048700865114e+03	2.740534309679048541e-01	1.766114242791705369e-01	2.390452716564328839e-01	1.434400249108129521e-01	6.905069269618663297e-02	2.739871736398086580e-02	7.040043812534999002e-02
1.036250379764961508e+03	2.738075026850899096e-01	1.764512947583587454e-01	2.392211876925966763e-01	1.435406933310362232e-01	6.909221806618312534e-02	2.742408806423485973e-02	7.046301540233927685e-02
1.037701710829058356e+03	2.735619936466104352e-01	1.762914366672095612e-01	2.393968039110899726e-01	1.436411745071404789e-01	6.913367260402761283e-02	2.744943084624605623e-02	7.052548781751473428e-02
1.039153041893154750e+03	2.733169031347258415e-01	1.761318495451088817e-01	2.395721208209182773e-01	1.437414688220175207e-01	6.917505643108060043e-02	2.747474570838311439e-02	7.058785553760464626e-02
1.040604372957251599e+03	2.730722304329371575e-01	1.759725329322243403e-01	2.397471389302227307e-01	1.438415766576490451e-01	6.921636966849434303e-02	2.750003264917610588e-02	7.065011872913519453e-02
1.042055704021347992e+03	2.728279748259848647e-01	1.758134863695038907e-01	2.399218587462815799e-01	1.439414983951092797e-01	6.925761243721334504e-02	2.752529166731574467e-02	7.071227755843020879e-02
1.043507035085444613e+03	2.725841355998466775e-01	1.756547093986746966e-01	2.400962807755115114e-01	1.440412344145676482e-01	6.929878485797477672e-02	2.755052276165260647e-02	7.077433219161100020e-02
1.044958366149541234e+03	2.723407120417355443e-01	1.754962015622415772e-01	2.402704055234692049e-01	1.441407850952912129e-01	6.933988705130887664e-02	2.757572593119633764e-02	7.083628279459620869e-02
1.046409697213637855e+03	2.720977034400970385e-01	1.753379624034858419e-01	2.404442334948528048e-01	1.442401508156474221e-01	6.938091913753943740e-02	2.760090117511488500e-02	7.089812953310156707e-02
1.047861028277734476e+03	2.718551090846075824e-01	1.751799914664638746e-01	2.406177651935033912e-01	1.443393319531065810e-01	6.942188123678413869e-02	2.762604849273372562e-02	7.095987257263977610e-02
1.049312359341831097e+03	2.716129282661720601e-01	1.750222882960058568e-01	2.407910011224063396e-01	1.444383288842444046e-01	6.946277346895500526e-02	2.765116788353508964e-02	7.102151207852026860e-02
1.050763690405927491e+03	2.713711602769218745e-01	1.748648524377145186e-01	2.409639417836928754e-01	1.445371419847446270e-01	6.950359595375887878e-02	2.767625934715720395e-02	7.108304821584911226e-02
1.052215021470024112e+03	2.711298044102123939e-01	1.747076834379637233e-01	2.411365876786414342e-01	1.446357716294014994e-01	6.954434881069773700e-02	2.770132288339352197e-02	7.114448114952878766e-02
1.053666352534120733e+03	2.708888599606211200e-01	1.745507808438971631e-01	2.413089393076792988e-01	1.447342181921223714e-01	6.958503215906915174e-02	2.772635849219196383e-02	7.120581104425806329e-02
1.055117683598217127e+03	2.706483262239453569e-01	1.743941442034271927e-01	2.414809971703838209e-01	1.448324820459301610e-01	6.962564611796670522e-02	2.775136617365415309e-02	7.126703806453180134e-02
1.056569014662313975e+03	2.704082024972000453e-01	1.742377730652333034e-01	2.416527617654839477e-01	1.449305635629660194e-01	6.966619080628035088e-02	2.777634592803467084e-02	7.132816237464086051e-02
1.058020345726410369e+03	2.701684880786159315e-01	1.740816669787610127e-01	2.418242335908617202e-01	1.450284631144916070e-01	6.970666634269682971e-02	2.780129775574029932e-02	7.138918413867187396e-02
1.059471676790506763e+03	2.699291822676367358e-01	1.739258254942204485e-01	2.419954131435536615e-01	1.451261810708918409e-01	6.974707284570012822e-02	2.782622165732927949e-02	7.145010352050719382e-02
1.060923007854603611e+03	2.696902843649176540e-01	1.737702481625851836e-01	2.421663009197522476e-01	1.452237178016772823e-01	6.978741043357179763e-02	2.785111763351055120e-02	7.151092068382466915e-02
1.062374338918700232e+03	2.694517936723230256e-01	1.736149345355907647e-01	2.423368974148072119e-01	1.453210736754865229e-01	6.982767922439135633e-02	2.787598568514301420e-02	7.157163579209754878e-02
1.063825669982796853e+03	2.692137094929240027e-01	1.734598841657335189e-01	2.425072031232272107e-01	1.454182490600889055e-01	6.986787933603672007e-02	2.790082581323480651e-02	7.163224900859434252e-02
1.065277001046893474e+03	2.689760311309966623e-01	1.733050966062693043e-01	2.426772185386810443e-01	1.455152443223867997e-01	6.990801088618454895e-02	2.792563801894254114e-02	7.169276049637866854e-02
1.066728332110990095e+03	2.687387578920197306e-01	1.731505714112120398e-01	2.428469441539991835e-01	1.456120598284181555e-01	6.994807399231069145e-02	2.795042230357058441e-02	7.175317041830918396e-02
1.068179663175086489e+03	2.685018890826725291e-01	1.729963081353326493e-01	2.430163804611751854e-01	1.457086959433589457e-01	6.998806877169050367e-02	2.797517866857031701e-02	7.181347893703939056e-02
1.069630994239183110e+03	2.682654240108328647e-01	1.728423063341577026e-01	2.431855279513671086e-01	1.458051530315256084e-01	7.002799534139925175e-02	2.799990711553941927e-02	7.187368621501757926e-02
1.071082325303279504e+03	2.680293619855748100e-01	1.726885655639679995e-01	2.433543871148989013e-01	1.459014314563774894e-01	7.006785381831252824e-02	2.802460764622113215e-02	7.193379241448666361e-02
1.072533656367376352e+03	2.677937023171667041e-01	1.725350853817974595e-01	2.435229584412618997e-01	1.459975315805193130e-01	7.010764431910658512e-02	2.804928026250353562e-02	7.199379769748408264e-02
1.073984987431472746e+03	2.675584443170689330e-01	1.723818653454317340e-01	2.436912424191161330e-01	1.460934537657035404e-01	7.014736696025872242e-02	2.807392496641883395e-02	7.205370222584171758e-02
1.075436318495569594e+03	2.673235872979318750e-01	1.722289050134070132e-01	2.438592395362918219e-01	1.461891983728328681e-01	7.018702185804764904e-02	2.809854176014263752e-02	7.211350616118575307e-02
1.076887649559666215e+03	2.670891305735938470e-01	1.720762039450086656e-01	2.440269502797907386e-01	1.462847657619625874e-01	7.022660912855389903e-02	2.812313064599323426e-02	7.217320966493659395e-02
1.078338980623762609e+03	2.668550734590790507e-01	1.719237617002700724e-01	2.441943751357877057e-01	1.463801562923029709e-01	7.026612888766016474e-02	2.814769162643090267e-02	7.223281289830876806e-02
1.079790311687859230e+03	2.666214152705951856e-01	1.717715778399712123e-01	2.443615145896318730e-01	1.464753703222216874e-01	7.030558125105165757e-02	2.817222470405718326e-02	7.229231602231081522e-02
1.081241642751955851e+03	2.663881553255317836e-01	1.716196519256375508e-01	2.445283691258482162e-01	1.465704082092462723e-01	7.034496633421648271e-02	2.819672988161416732e-02	7.235171919774519012e-02
1.082692973816052472e+03	2.661552929424577663e-01	1.714679835195386803e-01	2.446949392281388413e-01	1.466652703100664035e-01	7.038428425244602771e-02	2.822120716198382381e-02	7.241102258520822066e-02
1.084144304880149093e+03	2.659228274411193915e-01	1.713165721846870715e-01	2.448612253793845395e-01	1.467599569805362325e-01	7.042353512083528166e-02	2.824565654818726040e-02	7.247022634508996919e-02
1.085595635944245487e+03	2.656907581424386433e-01	1.711654174848367960e-01	2.450272280616460352e-01	1.468544685756768831e-01	7.046271905428323767e-02	2.827007804338404692e-02	7.252933063757416310e-02
1.087046967008342108e+03	2.654590843685104562e-01	1.710145189844823610e-01	2.451929477561654303e-01	1.469488054496787544e-01	7.050183616749321203e-02	2.829447165087151453e-02	7.258833562263812544e-02
1.088498298072438729e+03	2.652278054426011056e-01	1.708638762488573215e-01	2.453583849433675912e-01	1.470429679559038527e-01	7.054088657497320503e-02	2.831883737408407223e-02	7.264724146005269168e-02
1.089949629136535123e+03	2.649969206891460427e-01	1.707134888439331422e-01	2.455235401028615927e-01	1.471369564468880953e-01	7.057987039103631732e-02	2.834317521659249564e-02	7.270604830938216800e-02
1.091400960200631971e+03	2.647664294337478408e-01	1.705633563364178096e-01	2.456884137134420221e-01	1.472307712743436969e-01	7.061878772980102748e-02	2.836748518210325393e-02	7.276475632998419263e-02
1.092852291264728365e+03	2.645363310031740856e-01	1.704134782937547499e-01	2.458530062530904226e-01	1.473244127891615574e-01	7.065763870519158052e-02	2.839176727445782977e-02	7.282336568100973573e-02
1.094303622328825213e+03	2.643066247253552103e-01	1.702638542841214686e-01	2.460173181989765423e-01	1.474178813414134259e-01	7.069642343093830716e-02	2.841602149763202204e-02	7.288187652140298844e-02
1.095754953392921607e+03	2.640773099293827197e-01	1.701144838764283018e-01	2.461813500274599997e-01	1.475111772803543719e-01	7.073514202057801237e-02	2.844024785573527961e-02	7.294028900990134900e-02
1.097206284457018228e+03	2.638483859455069136e-01	1.699653666403172225e-01	2.463451022140913660e-01	1.476043009544249773e-01	7.077379458745429452e-02	2.846444635301001794e-02	7.299860330503528394e-02
1.098657615521114849e+03	2.636198521051349442e-01	1.698165021461605917e-01	2.465085752336137193e-01	1.476972527112536127e-01	7.081238124471789241e-02	2.848861699383093901e-02	7.305681956512838360e-02
1.100108946585211470e+03	2.633917077408288177e-01	1.696678899650598538e-01	2.466717695599639215e-01	1.477900328976588795e-01	7.085090210532708765e-02	2.851275978270436870e-02	7.311493794829720949e-02
1.101560277649308091e+03	2.631639521863032294e-01	1.695195296688443709e-01	2.468346856662739786e-01	1.478826418596517200e-01	7.088935728204795450e-02	2.853687472426758714e-02	7.317295861245130817e-02
1.103011608713404712e+03	2.629365847764236208e-01	1.693714208300701740e-01	2.469973240248725666e-01	1.479750799424378038e-01	7.092774688745472067e-02	2.856096182328815916e-02	7.323088171529311408e-02
1.104462939777501106e+03	2.627096048472040701e-01	1.692235630220187415e-01	2.471596851072861700e-01	1.480673474904197207e-01	7.096607103393019755e-02	2.858502108466327157e-02	7.328870741431794955e-02
1.105914270841597499e+03	2.624830117358054049e-01	1.690759558186957501e-01	2.473217693842406084e-01	1.481594448471993120e-01	7.100432983366597450e-02	2.860905251341906708e-02	7.334643586681398320e-02
1.107365601905694348e+03	2.622568047805330371e-01	1.689285987948297429e-01	2.474835773256623961e-01	1.482513723555798357e-01	7.104252339866289068e-02	2.863305611470999545e-02	7.340406722986214660e-02
1.108816932969790741e+03	2.620309833208350758e-01	1.687814915258711856e-01	2.476451094006799358e-01	1.483431303575682980e-01	7.108065184073127096e-02	2.865703189381814397e-02	7.346160166033613437e-02
1.110268264033887590e+03	2.618055466973002177e-01	1.686346335879909120e-01	2.478063660776251009e-01	1.484347191943775901e-01	7.111871527149132843e-02	2.868097985615259207e-02	7.351903931490236244e-02
1.111719595097984211e+03	2.615804942516556930e-01	1.684880245580790414e-01	2.479673478240344009e-01	1.485261392064288199e-01	7.115671380237344190e-02	2.870490000724875909e-02	7.357638035001991261e-02
1.113170926162080832e+03	2.613558253267654896e-01	1.683416640137438691e-01	2.481280551066504803e-01	1.486173907333534494e-01	7.119464754461854450e-02	2.872879235276775550e-02	7.363362492194056030e-02
1.114622257226177226e+03	2.611315392666280211e-01	1.681955515333104223e-01	2.482884883914233121e-01	1.487084741139955701e-01	7.123251660927840123e-02	2.875265689849573758e-02	7.369077318670869126e-02
1.116073588290273847e+03	2.609076354163743505e-01	1.680496866958194613e-01	2.484486481435117522e-01	1.487993896864140408e-01	7.127032110721596980e-02	2.877649365034325862e-02	7.374782530016132931e-02
1.117524919354370468e+03	2.606841131222661923e-01	1.679040690810260916e-01	2.486085348272846496e-01	1.488901377878848187e-01	7.130806114910573368e-02	2.880030261434463057e-02	7.380478141792803926e-02
1.118976250418467089e+03	2.604609717316938022e-01	1.677586982693987094e-01	2.487681489063223728e-01	1.489807187549029577e-01	7.134573684543399352e-02	2.882408379665728909e-02	7.386164169543101010e-02
1.120427581482563710e+03	2.602382105931742018e-01	1.676135738421176413e-01	2.489274908434180034e-01	1.490711329231849680e-01	7.138334830649922802e-02	2.884783720356115175e-02	7.391840628788495793e-02
1.121878912546660331e+03	2.600158290563488461e-01	1.674686953810740342e-01	2.490865611005788627e-01	1.491613806276709253e-01	7.142089564241239918e-02	2.887156284145798307e-02	7.397507535029713976e-02
1.123330243610756725e+03	2.597938264719819590e-01	1.673240624688686062e-01	2.492453601390276219e-01	1.492514622025266080e-01	7.145837896309728543e-02	2.889526071687076661e-02	7.403164903746735359e-02
1.124781574674853118e+03	2.595722021919585343e-01	1.671796746888104257e-01	2.494038884192038008e-01	1.493413779811456898e-01	7.149579837829080076e-02	2.891893083644308041e-02	7.408812750398792446e-02
1.126232905738949967e+03	2.593509555692821156e-01	1.670355316249157729e-01	2.495621464007651003e-01	1.494311282961519327e-01	7.153315399754332782e-02	2.894257320693846211e-02	7.414451090424369062e-02
1.127684236803046360e+03	2.591300859580729643e-01	1.668916328619069189e-01	2.497201345425885399e-01	1.495207134794012405e-01	7.157044593021896772e-02	2.896618783523978100e-02	7.420079939241197575e-02
1.129135567867143209e+03	2.589095927135662278e-01	1.667479779852108490e-01	2.498778533027720405e-01	1.496101338619839349e-01	7.160767428549601188e-02	2.898977472834863428e-02	7.425699312246265837e-02
1.130586898931239830e+03	2.586894751921098856e-01	1.666045665809582077e-01	2.500353031386356450e-01	1.496993897742267543e-01	7.164483917236709465e-02	2.901333389338471222e-02	7.431309224815810244e-02
1.132038229995336451e+03	2.584697327511626952e-01	1.664613982359819389e-01	2.501924845067226566e-01	1.497884815456951291e-01	7.168194069963960968e-02	2.903686533758518401e-02	7.436909692305317121e-02
1.133489561059432845e+03	2.582503647492923604e-01	1.663184725378162587e-01	2.503493978628013039e-01	1.498774095051951250e-01	7.171897897593597360e-02	2.906036906830408717e-02	7.442500730049529667e-02
1.134940892123529466e+03	2.580313705461733664e-01	1.661757890746953237e-01	2.505060436618658515e-01	1.499661739807757466e-01	7.175595410969400068e-02	2.908384509301170998e-02	7.448082353362441010e-02
1.136392223187626087e+03	2.578127495025854254e-01	1.660333474355521755e-01	2.506624223581379041e-01	1.500547752997308804e-01	7.179286620916715267e-02	2.910729341929398084e-02	7.453654577537295600e-02
1.137843554251722708e+03	2.575945009804111452e-01	1.658911472100174089e-01	2.508185344050677945e-01	1.501432137886014595e-01	7.182971538242488574e-02	2.913071405485187504e-02	7.459217417846597531e-02
1.139294885315819101e+03	2.573766243426343081e-01	1.657491879884181174e-01	2.509743802553358050e-01	1.502314897731776011e-01	7.186650173735296965e-02	2.915410700750078674e-02	7.464770889542102217e-02
1.140746216379915950e+03	2.571591189533378730e-01	1.656074693617766158e-01	2.511299603608535547e-01	1.503196035785005769e-01	7.190322538165376531e-02	2.917747228516994612e-02	7.470315007854830269e-02
1.142197547444012343e+03	2.569419841777020319e-01	1.654659909218093861e-01	2.512852751727652767e-01	1.504075555288650612e-01	7.193988642284658563e-02	2.920080989590180878e-02	7.475849787995053619e-02
1.143648878508108737e+03	2.567252193820022121e-01	1.653247522609257725e-01	2.514403251414491502e-01	1.504953459478210465e-01	7.197648496826797304e-02	2.922411984785145897e-02	7.481375245152310782e-02
1.145100209572205586e+03	2.565088239336073550e-01	1.651837529722267606e-01	2.515951107165186329e-01	1.505829751581759524e-01	7.201302112507199094e-02	2.924740214928601978e-02	7.486891394495404084e-02
1.146551540636302207e+03	2.562927972009778066e-01	1.650429926495039779e-01	2.517496323468235708e-01	1.506704434819968186e-01	7.204949500023055675e-02	2.927065680858404254e-02	7.492398251172401047e-02
1.148002871700398828e+03	2.560771385536634859e-01	1.649024708872384726e-01	2.519038904804516976e-01	1.507577512406120535e-01	7.208590670053374727e-02	2.929388383423494127e-02	7.497895830310641330e-02
1.149454202764495449e+03	2.558618473623017753e-01	1.647621872805994092e-01	2.520578855647299665e-01	1.508448987546138209e-01	7.212225633259011781e-02	2.931708323483838557e-02	7.503384147016732564e-02
1.150905533828591842e+03	2.556469229986159664e-01	1.646221414254430970e-01	2.522116180462256052e-01	1.509318863438598723e-01	7.215854400282695202e-02	2.934025501910371078e-02	7.508863216376560068e-02
1.152356864892688463e+03	2.554323648354131504e-01	1.644823329183116301e-01	2.523650883707476145e-01	1.510187143274756283e-01	7.219476981749065048e-02	2.936339919584934899e-02	7.514333053455288236e-02
1.153808195956785084e+03	2.552181722465821645e-01	1.643427613564318601e-01	2.525182969833479341e-01	1.511053830238561768e-01	7.223093388264696657e-02	2.938651577400223577e-02	7.519793673297361924e-02
1.155259527020881706e+03	2.550043446070919262e-01	1.642034263377142311e-01	2.526712443283227749e-01	1.511918927506683274e-01	7.226703630418133961e-02	2.940960476259723427e-02	7.525245090926513392e-02
1.156710858084978327e+03	2.547908812929894351e-01	1.640643274607514468e-01	2.528239308492140069e-01	1.512782438248526373e-01	7.230307718779918624e-02	2.943266617077655578e-02	7.530687321345760910e-02
1.158162189149074720e+03	2.545777816813979966e-01	1.639254643248176102e-01	2.529763569888103247e-01	1.513644365626253818e-01	7.233905663902617800e-02	2.945570000778918729e-02	7.536120379537418479e-02
1.159613520213171569e+03	2.543650451505151677e-01	1.637868365298668083e-01	2.531285231891484688e-01	1.514504712794805807e-01	7.237497476320861600e-02	2.947870628299031556e-02	7.541544280463101380e-02
1.161064851277267962e+03	2.541526710796108146e-01	1.636484436765320849e-01	2.532804298915146135e-01	1.515363482901919134e-01	7.241083166551365302e-02	2.950168500584075121e-02	7.546959039063722008e-02
1.162516182341364356e+03	2.539406588490254468e-01	1.635102853661242195e-01	2.534320775364455325e-01	1.516220679088148282e-01	7.244662745092964040e-02	2.952463618590637009e-02	7.552364670259502366e-02
1.163967513405461204e+03	2.537290078401683302e-01	1.633723612006306447e-01	2.535834665637301533e-01	1.517076304486883742e-01	7.248236222426640563e-02	2.954755983285754783e-02	7.557761188949974063e-02
1.165418844469557826e+03	2.535177174355152108e-01	1.632346707827142529e-01	2.537345974124103898e-01	1.517930362224373386e-01	7.251803609015552987e-02	2.957045595646858038e-02	7.563148610013985251e-02
1.166870175533654447e+03	2.533067870186070936e-01	1.630972137157122581e-01	2.538854705207828633e-01	1.518782855419740507e-01	7.255364915305068108e-02	2.959332456661713934e-02	7.568526948309707569e-02
1.168321506597751068e+03	2.530962159740478556e-01	1.629599896036351137e-01	2.540360863263997904e-01	1.519633787185004636e-01	7.258920151722791925e-02	2.961616567328369601e-02	7.573896218674640302e-02
1.169772837661847461e+03	2.528860036875024697e-01	1.628229980511651798e-01	2.541864452660703710e-01	1.520483160625100694e-01	7.262469328678593239e-02	2.963897928655097325e-02	7.579256435925617319e-02
1.171224168725944082e+03	2.526761495456954498e-01	1.626862386636558355e-01	2.543365477758623427e-01	1.521330978837897585e-01	7.266012456564639732e-02	2.966176541660339380e-02	7.584607614858804303e-02
1.172675499790040703e+03	2.524666529364085199e-01	1.625497110471302020e-01	2.544863942911027022e-01	1.522177244914219019e-01	7.269549545755422948e-02	2.968452407372651480e-02	7.589949770249718175e-02
1.174126830854137097e+03	2.522575132484790594e-01	1.624134148082799489e-01	2.546359852463795370e-01	1.523021961937861823e-01	7.273080606607790211e-02	2.970725526830648652e-02	7.595282916853221544e-02
1.175578161918233945e+03	2.520487298717981606e-01	1.622773495544643230e-01	2.547853210755426367e-01	1.523865132985615933e-01	7.276605649460970993e-02	2.972995901082950074e-02	7.600607069403536586e-02
1.177029492982330339e+03	2.518403021973089628e-01	1.621415148937088713e-01	2.549344022117053798e-01	1.524706761127282706e-01	7.280124684636608834e-02	2.975263531188123214e-02	7.605922242614247819e-02
1.178480824046426733e+03	2.516322296170044326e-01	1.620059104347043588e-01	2.550832290872456776e-01	1.525546849425694906e-01	7.283637722438791873e-02	2.977528418214631448e-02	7.611228451178306265e-02
1.179932155110523581e+03	2.514245115239258643e-01	1.618705357868057138e-01	2.552318021338071952e-01	1.526385400936735026e-01	7.287144773154076438e-02	2.979790563240777845e-02	7.616525709768043328e-02
1.181383486174620202e+03	2.512171473121608267e-01	1.617353905600307229e-01	2.553801217823006287e-01	1.527222418709355267e-01	7.290645847051521744e-02	2.982049967354652789e-02	7.621814033035172187e-02
1.182834817238716823e+03	2.510101363768414973e-01	1.616004743650591435e-01	2.555281884629050926e-01	1.528057905785595860e-01	7.294140954382716258e-02	2.984306631654078806e-02	7.627093435610797501e-02
1.184286148302813444e+03	2.508034781141426639e-01	1.614657868132313434e-01	2.556760026050691192e-01	1.528891865200603384e-01	7.297630105381802679e-02	2.986560557246557140e-02	7.632363932105416804e-02
1.185737479366910065e+03	2.505971719212799487e-01	1.613313275165473570e-01	2.558235646375121575e-01	1.529724299982651303e-01	7.301113310265516798e-02	2.988811745249214669e-02	7.637625537108938545e-02
1.187188810431006686e+03	2.503912171965080868e-01	1.611970960876656644e-01	2.559708749882255718e-01	1.530555213153156624e-01	7.304590579233204151e-02	2.991060196788750472e-02	7.642878265190680698e-02
1.188640141495103080e+03	2.501856133391189285e-01	1.610630921399020810e-01	2.561179340844740304e-01	1.531384607726699598e-01	7.308061922466860261e-02	2.993305913001383101e-02	7.648122130899381865e-02
1.190091472559199701e+03	2.499803597494398288e-01	1.609293152872287302e-01	2.562647423527968371e-01	1.532212486711043431e-01	7.311527350131151459e-02	2.995548895032797490e-02	7.653357148763208218e-02
1.191542803623296322e+03	2.497754558288315663e-01	1.607957651442727953e-01	2.564113002190088197e-01	1.533038853107150934e-01	7.314986872373445415e-02	2.997789144038091880e-02	7.658583333289763206e-02
1.192994134687392716e+03	2.495709009796867328e-01	1.606624413263155471e-01	2.565576081082019400e-01	1.533863709909204232e-01	7.318440499323840276e-02	3.000026661181726464e-02	7.663800698966091729e-02
1.194445465751489564e+03	2.493666946054279299e-01	1.605293434492911508e-01	2.567036664447463479e-01	1.534687060104622525e-01	7.321888241095196592e-02	3.002261447637470312e-02	7.669009260258695393e-02
1.195896796815585958e+03	2.491628361105057976e-01	1.603964711297855006e-01	2.568494756522914368e-01	1.535508906674081520e-01	7.325330107783156741e-02	3.004493504588349670e-02	7.674209031613533905e-02
1.197348127879682352e+03	2.489593249003973774e-01	1.602638239850352753e-01	2.569950361537674532e-01	1.536329252591530914e-01	7.328766109466181011e-02	3.006722833226596267e-02	7.679400027456037559e-02
1.198799458943779200e+03	2.487561603816041966e-01	1.601314016329266898e-01	2.571403483713863847e-01	1.537148100824212160e-01	7.332196256205573970e-02	3.008949434753594929e-02	7.684582262191114177e-02
1.200250790007875821e+03	2.485533419616505757e-01	1.599992036919944682e-01	2.572854127266433477e-01	1.537965454332678450e-01	7.335620558045512218e-02	3.011173310379833962e-02	7.689755750203158824e-02
1.201702121071972442e+03	2.483508690490817128e-01	1.598672297814207610e-01	2.574302296403177537e-01	1.538781316070811089e-01	7.339039025013072148e-02	3.013394461324852419e-02	7.694920505856063520e-02
1.203153452136069063e+03	2.481487410534620186e-01	1.597354795210339240e-01	2.575747995324746409e-01	1.539595688985838928e-01	7.342451667118259084e-02	3.015612888817189099e-02	7.700076543493226955e-02
1.204604783200165684e+03	2.479469573853732567e-01	1.596039525313075191e-01	2.577191228224656183e-01	1.540408576018355291e-01	7.345858494354035040e-02	3.017828594094332587e-02	7.705223877437561431e-02
1.206056114264262078e+03	2.477455174564127671e-01	1.594726484333592875e-01	2.578631999289303645e-01	1.541219980102336296e-01	7.349259516696346473e-02	3.020041578402670249e-02	7.710362521991505347e-02
1.207507445328358699e+03	2.475444206791916624e-01	1.593415668489498727e-01	2.580070312697976820e-01	1.542029904165159171e-01	7.352654744104152040e-02	3.022251842997437238e-02	7.715492491437028755e-02
1.208958776392455093e+03	2.473436664673331065e-01	1.592107074004819045e-01	2.581506172622867190e-01	1.542838351127619745e-01	7.356044186519450356e-02	3.024459389142667917e-02	7.720613800035645846e-02
1.210410107456551941e+03	2.471432542354704831e-01	1.590800697109987782e-01	2.582939583229082459e-01	1.543645323903950761e-01	7.359427853867309133e-02	3.026664218111143820e-02	7.725726462028426056e-02
1.211861438520648335e+03	2.469431833992457581e-01	1.589496534041835996e-01	2.584370548674657098e-01	1.544450825401838812e-01	7.362805756055895712e-02	3.028866331184345770e-02	7.730830491636002388e-02
1.213312769584745183e+03	2.467434533753074810e-01	1.588194581043582132e-01	2.585799073110566781e-01	1.545254858522442376e-01	7.366177902976496494e-02	3.031065729652402188e-02	7.735925903058582520e-02
1.214764100648841804e+03	2.465440635813092030e-01	1.586894834364819817e-01	2.587225160680737823e-01	1.546057426160409587e-01	7.369544304503548859e-02	3.033262414814042254e-02	7.741012710475957126e-02
1.216215431712937971e+03	2.463450134359077004e-01	1.585597290261507586e-01	2.588648815522060498e-01	1.546858531203895992e-01	7.372904970494677246e-02	3.035456387976543866e-02	7.746090928047510982e-02
1.217666762777034819e+03	2.461463023587610877e-01	1.584301944995957778e-01	2.590070041764401254e-01	1.547658176534581764e-01	7.376259910790704255e-02	3.037647650455686799e-02	7.751160569912235454e-02
1.219118093841131440e+03	2.459479297705272349e-01	1.583008794836825717e-01	2.591488843530613817e-01	1.548456365027688353e-01	7.379609135215690896e-02	3.039836203575702403e-02	7.756221650188739603e-02
1.220569424905228061e+03	2.457498950928619363e-01	1.581717836059100268e-01	2.592905224936551956e-01	1.549253099551997914e-01	7.382952653576961566e-02	3.042022048669226764e-02	7.761274182975257119e-02
1.222020755969324682e+03	2.455521977484171059e-01	1.580429064944091078e-01	2.594319190091080030e-01	1.550048382969868299e-01	7.386290475665127642e-02	3.044205187077249700e-02	7.766318182349657429e-02
1.223472087033421303e+03	2.453548371608391121e-01	1.579142477779419129e-01	2.595730743096086313e-01	1.550842218137251927e-01	7.389622611254119400e-02	3.046385620149068621e-02	7.771353662369466508e-02
1.224923418097517697e+03	2.451578127547670016e-01	1.577858070859005368e-01	2.597139888046494094e-01	1.551634607903712992e-01	7.392949070101212383e-02	3.048563349242239609e-02	7.776380637071861335e-02
1.226374749161614318e+03	2.449611239558307507e-01	1.576575840483060431e-01	2.598546629030274446e-01	1.552425555112443845e-01	7.396269861947049606e-02	3.050738375722528845e-02	7.781399120473696251e-02
1.227826080225710712e+03	2.447647701906495998e-01	1.575295782958074653e-01	2.599950970128455663e-01	1.553215062600281915e-01	7.399584996515677637e-02	3.052910700963867505e-02	7.786409126571505745e-02
1.229277411289807560e+03	2.445687508868302495e-01	1.574017894596805023e-01	2.601352915415138800e-01	1.554003133197728037e-01	7.402894483514567414e-02	3.055080326348300762e-02	7.791410669341523876e-02
1.230728742353903954e+03	2.443730654729651675e-01	1.572742171718267690e-01	2.602752468957504894e-01	1.554789769728962545e-01	7.406198332634643389e-02	3.057247253265942336e-02	7.796403762739684273e-02
1.232180073418000802e+03	2.441777133786307563e-01	1.571468610647725472e-01	2.604149634815831060e-01	1.555574975011861927e-01	7.409496553550311282e-02	3.059411483114927652e-02	7.801388420701642346e-02
1.233631404482097196e+03	2.439826940343858275e-01	1.570197207716676480e-01	2.605544417043499372e-01	1.556358751858016864e-01	7.412789155919483064e-02	3.061573017301365968e-02	7.806364657142783603e-02
1.235082735546193817e+03	2.437880068717696858e-01	1.568927959262846061e-01	2.606936819687010187e-01	1.557141103072748056e-01	7.416076149383608873e-02	3.063731857239294573e-02	7.811332485958234761e-02
1.236534066610290438e+03	2.435936513233005751e-01	1.567660861630173763e-01	2.608326846785992137e-01	1.557922031455123146e-01	7.419357543567695057e-02	3.065888004350630566e-02	7.816291921022877620e-02
1.237985397674387059e+03	2.433996268224738191e-01	1.566395911168804167e-01	2.609714502373216005e-01	1.558701539797973934e-01	7.422633348080341642e-02	3.068041460065126444e-02	7.821242976191362939e-02
1.239436728738483680e+03	2.432059328037602386e-01	1.565133104235076622e-01	2.611099790474604720e-01	1.559479630887912471e-01	7.425903572513760376e-02	3.070192225820322571e-02	7.826185665298114602e-02
1.240888059802580301e+03	2.430125687026043757e-01	1.563872437191513032e-01	2.612482715109244458e-01	1.560256307505348272e-01	7.429168226443809420e-02	3.072340303061501382e-02	7.831120002157353210e-02
1.242339390866676695e+03	2.428195339554227450e-01	1.562613906406809250e-01	2.613863280289398516e-01	1.561031572424504410e-01	7.432427319430015555e-02	3.074485693241641587e-02	7.836046000563101632e-02
1.243790721930773088e+03	2.426268279996022514e-01	1.561357508255823423e-01	2.615241490020518422e-01	1.561805428413434449e-01	7.435680861015601939e-02	3.076628397821373068e-02	7.840963674289200269e-02
1.245242052994869937e+03	2.424344502734984141e-01	1.560103239119566276e-01	2.616617348301251700e-01	1.562577878234037709e-01	7.438928860727510306e-02	3.078768418268931079e-02	7.845873037089316770e-02
1.246693384058966330e+03	2.422424002164336732e-01	1.558851095385190011e-01	2.617990859123460190e-01	1.563348924642077586e-01	7.442171328076435666e-02	3.080905756060109760e-02	7.850774102696968237e-02
1.248144715123063179e+03	2.420506772686956964e-01	1.557601073445978035e-01	2.619362026472225047e-01	1.564118570387196538e-01	7.445408272556849893e-02	3.083040412678218420e-02	7.855666884825519836e-02
1.249596046187159800e+03	2.418592808715357700e-01	1.556353169701334971e-01	2.620730854325862280e-01	1.564886818212932740e-01	7.448639703647028099e-02	3.085172389614036434e-02	7.860551397168209775e-02
1.251047377251256421e+03	2.416682104671669107e-01	1.555107380556776109e-01	2.622097346655933858e-01	1.565653670856736179e-01	7.451865630809070828e-02	3.087301688365768487e-02	7.865427653398161800e-02
1.252498708315352815e+03	2.414774654987624225e-01	1.553863702423916304e-01	2.623461507427256589e-01	1.566419131049985036e-01	7.455086063488938763e-02	3.089428310438998432e-02	7.870295667168389353e-02
1.253950039379449436e+03	2.412870454104541207e-01	1.552622131720461096e-01	2.624823340597917110e-01	1.567183201518002056e-01	7.458301011116474921e-02	3.091552257346646612e-02	7.875155452111817778e-02
1.255401370443546057e+03	2.410969496473306384e-01	1.551382664870194772e-01	2.626182850119279655e-01	1.567945884980070093e-01	7.461510483105428249e-02	3.093673530608925804e-02	7.880007021841294035e-02
1.256852701507642678e+03	2.409071776554356781e-01	1.550145298302971208e-01	2.627540039936001048e-01	1.568707184149448208e-01	7.464714488853484153e-02	3.095792131753295762e-02	7.884850389949606131e-02
1.258304032571739299e+03	2.407177288817664851e-01	1.548910028454703325e-01	2.628894913986039028e-01	1.569467101733388603e-01	7.467913037742290872e-02	3.097908062314420202e-02	7.889685570009487281e-02
1.259755363635835920e+03	2.405286027742720989e-01	1.547676851767351980e-01	2.630247476200667234e-01	1.570225640433151326e-01	7.471106139137485835e-02	3.100021323834122391e-02	7.894512575573639501e-02
1.261206694699932314e+03	2.403397987818517434e-01	1.546445764688916813e-01	2.631597730504481869e-01	1.570982802944020373e-01	7.474293802388717878e-02	3.102131917861342819e-02	7.899331420174737772e-02
1.262658025764028707e+03	2.401513163543531337e-01	1.545216763673425420e-01	2.632945680815417799e-01	1.571738591955320341e-01	7.477476036829677764e-02	3.104239845952094790e-02	7.904142117325453631e-02
1.264109356828125556e+03	2.399631549425707278e-01	1.543989845180923082e-01	2.634291331044754658e-01	1.572493010150431136e-01	7.480652851778123169e-02	3.106345109669421400e-02	7.908944680518463499e-02
1.265560687892221949e+03	2.397753139982442550e-01	1.542765005677463330e-01	2.635634685097135166e-01	1.573246060206804353e-01	7.483824256535902275e-02	3.108447710583352522e-02	7.913739123226466721e-02
1.267012018956318798e+03	2.395877929740568846e-01	1.541542241635096289e-01	2.636975746870569015e-01	1.573997744795979092e-01	7.486990260388987073e-02	3.110547650270861775e-02	7.918525458902198055e-02
1.268463350020415419e+03	2.394005913236336713e-01	1.540321549531860068e-01	2.638314520256448970e-01	1.574748066583596950e-01	7.490150872607491406e-02	3.112644930315825245e-02	7.923303700978440167e-02
1.269914681084511813e+03	2.392137085015400011e-01	1.539102925851769388e-01	2.639651009139560300e-01	1.575497028229418117e-01	7.493306102445700112e-02	3.114739552308977075e-02	7.928073862868040278e-02
1.271366012148608434e+03	2.390271439632796480e-01	1.537886367084805861e-01	2.640985217398092444e-01	1.576244632387336086e-01	7.496455959142095393e-02	3.116831517847867480e-02	7.932835957963926821e-02
1.272817343212705055e+03	2.388408971652935253e-01	1.536671869726908279e-01	2.642317148903650104e-01	1.576990881705394587e-01	7.499600451919384569e-02	3.118920828536821122e-02	7.937589999639117766e-02
1.274268674276801676e+03	2.386549675649576596e-01	1.535459430279962068e-01	2.643646807521264352e-01	1.577735778825802015e-01	7.502739589984519508e-02	3.121007485986895466e-02	7.942336001246745603e-02
1.275720005340898297e+03	2.384693546205818304e-01	1.534249045251789012e-01	2.644974197109403180e-01	1.578479326384946702e-01	7.505873382528731319e-02	3.123091491815838117e-02	7.947073976120062888e-02
1.277171336404994690e+03	2.382840577914079050e-01	1.533040711156137825e-01	2.646299321519985925e-01	1.579221527013413007e-01	7.509001838727551170e-02	3.125172847648044483e-02	7.951803937572461678e-02
1.278622667469091539e+03	2.380990765376080898e-01	1.531834424512673321e-01	2.647622184598387718e-01	1.579962383335995202e-01	7.512124967740835269e-02	3.127251555114518577e-02	7.956525898897488791e-02
1.280073998533187932e+03	2.379144103202833760e-01	1.530630181846966420e-01	2.648942790183458351e-01	1.580701897971714398e-01	7.515242778712792615e-02	3.129327615852829647e-02	7.961239873368858300e-02
1.281525329597284326e+03	2.377300586014618744e-01	1.529427979690485828e-01	2.650261142107528389e-01	1.581440073533832702e-01	7.518355280772009985e-02	3.131401031507072275e-02	7.965945874240470959e-02
1.282976660661381175e+03	2.375460208440973164e-01	1.528227814580585264e-01	2.651577244196420824e-01	1.582176912629868482e-01	7.521462483031479684e-02	3.133471803727823357e-02	7.970643914746426695e-02
1.284427991725477568e+03	2.373622965120672779e-01	1.527029683060495413e-01	2.652891100269464397e-01	1.582912417861611631e-01	7.524564394588621752e-02	3.135539934172103943e-02	7.975334008101039873e-02
1.285879322789574417e+03	2.371788850701717077e-01	1.525833581679313655e-01	2.654202714139502484e-01	1.583646591825138006e-01	7.527661024525310329e-02	3.137605424503336210e-02	7.980016167498855950e-02
1.287330653853671038e+03	2.369957859841311520e-01	1.524639506991993243e-01	2.655512089612904192e-01	1.584379437110825795e-01	7.530752381907901416e-02	3.139668276391303914e-02	7.984690406114668126e-02
1.288781984917767431e+03	2.368129987205853104e-01	1.523447455559334140e-01	2.656819230489576023e-01	1.585110956303368568e-01	7.533838475787256461e-02	3.141728491512114224e-02	7.989356737103528450e-02
1.290233315981864052e+03	2.366305227470913708e-01	1.522257423947973309e-01	2.658124140562974080e-01	1.585841151981791930e-01	7.536919315198767344e-02	3.143786071548151928e-02	7.994015173600771407e-02
