1.001418434226643626e+03	2.798392665425721848e-01	1.803596187383847693e-01	2.349154618359111657e-01	1.410729489637319312e-01	6.807292136448767073e-02	2.681122921088679306e-02	6.892855334386248367e-02
1.003837319333471214e+03	2.794132865093658102e-01	1.800822209498006976e-01	2.352201905608221622e-01	1.412479619562135302e-01	6.814485473881967681e-02	2.685460974971176640e-02	6.903687553510337582e-02
1.006256204440298802e+03	2.789885160704977385e-01	1.798056066031324951e-01	2.355240541637522445e-01	1.414224303814418104e-01	6.821658380997415450e-02	2.689791292573101220e-02	6.914489604530757449e-02
1.008675089547126618e+03	2.785649517757019522e-01	1.795297734833355974e-01	2.358270550916697905e-01	1.415963561099650436e-01	6.828810916069519288e-02	2.694113871172680585e-02	6.925261566674263680e-02
1.011093974653954206e+03	2.781425901846639182e-01	1.792547193816285966e-01	2.361291957846197997e-01	1.417697410048314732e-01	6.835943137204529563e-02	2.698428708189415728e-02	6.936003519015375429e-02
1.013512859760782021e+03	2.777214278669912773e-01	1.789804420954754782e-01	2.364304786757433774e-01	1.419425869216252301e-01	6.843055102341215334e-02	2.702735801182956296e-02	6.946715540475986717e-02
1.015931744867609382e+03	2.773014614021840907e-01	1.787069394285681900e-01	2.367309061912973855e-01	1.421148957085022202e-01	6.850146869251523551e-02	2.707035147851980655e-02	6.957397709825001442e-02
1.018350629974437197e+03	2.768826873796061405e-01	1.784342091908087402e-01	2.370304807506738165e-01	1.422866692062256799e-01	6.857218495541216041e-02	2.711326746033086363e-02	6.968050105677958683e-02
1.020769515081264785e+03	2.764651023984551759e-01	1.781622491982918222e-01	2.373292047664193605e-01	1.424579092482016474e-01	6.864270038650514827e-02	2.715610593699684105e-02	6.978672806496695469e-02
1.023188400188092373e+03	2.760487030677343245e-01	1.778910572732871898e-01	2.376270806442546957e-01	1.426286176605143508e-01	6.871301555854730791e-02	2.719886688960905172e-02	6.989265890589005381e-02
1.025607285294920075e+03	2.756334860062226166e-01	1.776206312442223378e-01	2.379241107830938340e-01	1.427987962619611806e-01	6.878313104264874300e-02	2.724155030060508922e-02	6.999829436108312430e-02
1.028026170401747549e+03	2.752194478424465629e-01	1.773509689456649607e-01	2.382202975750634666e-01	1.429684468640877448e-01	6.885304740828269987e-02	2.728415615375803099e-02	7.010363521053350477e-02
1.030445055508575479e+03	2.748065852146509003e-01	1.770820682183056050e-01	2.385156434055221153e-01	1.431375712712224524e-01	6.892276522329153499e-02	2.732668443416569684e-02	7.020868223267864860e-02
1.032863940615402726e+03	2.743948947707702257e-01	1.768139269089404331e-01	2.388101506530793672e-01	1.433061712805112076e-01	6.899228505389268240e-02	2.736913512823996308e-02	7.031343620440314024e-02
1.035282825722230655e+03	2.739843731684000749e-01	1.765465428704538209e-01	2.391038216896149149e-01	1.434742486819517715e-01	6.906160746468435752e-02	2.741150822369616685e-02	7.041789790103590574e-02
1.037701710829058356e+03	2.735750170747685561e-01	1.762799139618013156e-01	2.393966588802976525e-01	1.436418052584280125e-01	6.913073301865151066e-02	2.745380370954257285e-02	7.052206809634742335e-02
1.040120595935886058e+03	2.731668231667079283e-01	1.760140380479923161e-01	2.396886645836046881e-01	1.438088427857438234e-01	6.919966227717129492e-02	2.749602157606990255e-02	7.062594756254708672e-02
1.042539481042713533e+03	2.727597881306261796e-01	1.757489130000730593e-01	2.399798411513402174e-01	1.439753630326570943e-01	6.926839580001882546e-02	2.753816181484095710e-02	7.072953707028069303e-02
1.044958366149541234e+03	2.723539086624788830e-01	1.754845366951094388e-01	2.402701909286545645e-01	1.441413677609133248e-01	6.933693414537263344e-02	2.758022441868026794e-02	7.083283738862795886e-02
1.047377251256368709e+03	2.719491814677407193e-01	1.752209070161701021e-01	2.405597162540628609e-01	1.443068587252792079e-01	6.940527786982014780e-02	2.762220938166385850e-02	7.093584928510020260e-02
1.049796136363196410e+03	2.715456032613776105e-01	1.749580218523094366e-01	2.408484194594640304e-01	1.444718376735758536e-01	6.947342752836307977e-02	2.766411669910904397e-02	7.103857352563805461e-02
1.052215021470024112e+03	2.711431707678187975e-01	1.746958790985505272e-01	2.411363028701593303e-01	1.446363063467120402e-01	6.954138367442279367e-02	2.770594636756431098e-02	7.114101087460930617e-02
1.054633906576851814e+03	2.707418807209288625e-01	1.744344766558684201e-01	2.414233688048711135e-01	1.448002664787171045e-01	6.960914685984556649e-02	2.774769838479925269e-02	7.124316209480678619e-02
1.057052791683679516e+03	2.703417298639798627e-01	1.741738124311732749e-01	2.417096195757614807e-01	1.449637197967738045e-01	6.967671763490776438e-02	2.778937274979458374e-02	7.134502794744639054e-02
1.059471676790506763e+03	2.699427149496235190e-01	1.739138843372935173e-01	2.419950574884508487e-01	1.451266680212509042e-01	6.974409654832103289e-02	2.783096946273221073e-02	7.144660919216516692e-02
1.061890561897334692e+03	2.695448327398636268e-01	1.736546902929591574e-01	2.422796848420365190e-01	1.452891128657356479e-01	6.981128414723739017e-02	2.787248852498537197e-02	7.154790658701946915e-02
1.064309447004162394e+03	2.691480800060286893e-01	1.733962282227850538e-01	2.425635039291109962e-01	1.454510560370660399e-01	6.987828097725427845e-02	2.791392993910883288e-02	7.164892088848323626e-02
1.066728332110990095e+03	2.687524535287442728e-01	1.731384960572543152e-01	2.428465170357805569e-01	1.456124992353629855e-01	6.994508758241954616e-02	2.795529370882916809e-02	7.174965285144628557e-02
1.069147217217817570e+03	2.683579500979056398e-01	1.728814917327016476e-01	2.431287264416835403e-01	1.457734441540620984e-01	7.001170450523641620e-02	2.799657983903506772e-02	7.185010322921270287e-02
1.071566102324645271e+03	2.679645665126502707e-01	1.726252131912969778e-01	2.434101344200087502e-01	1.459338924799455928e-01	7.007813228666832928e-02	2.803778833576775140e-02	7.195027277349938521e-02
1.073984987431472746e+03	2.675722995813311078e-01	1.723696583810286898e-01	2.436907432375136351e-01	1.460938458931738404e-01	7.014437146614387053e-02	2.807891920621140638e-02	7.205016223443456991e-02
1.076403872538300675e+03	2.671811461214889105e-01	1.721148252556873037e-01	2.439705551545425510e-01	1.462533060673167351e-01	7.021042258156148796e-02	2.811997245868371950e-02	7.214977236055646059e-02
1.078822757645127922e+03	2.667911029598254991e-01	1.718607117748491286e-01	2.442495724250448308e-01	1.464122746693850008e-01	7.027628616929433580e-02	2.816094810262644715e-02	7.224910389881195050e-02
1.081241642751955851e+03	2.664021669321768315e-01	1.716073159038598028e-01	2.445277972965929358e-01	1.465707533598612500e-01	7.034196276419490967e-02	2.820184614859604783e-02	7.234815759455538731e-02
1.083660527858783553e+03	2.660143348834859700e-01	1.713546356138180293e-01	2.448052320104006641e-01	1.467287437927309313e-01	7.040745289959977893e-02	2.824266660825439090e-02	7.244693419154740743e-02
1.086079412965611255e+03	2.656276036677764352e-01	1.711026688815592833e-01	2.450818788013408855e-01	1.468862476155129160e-01	7.047275710733422183e-02	2.828340949435951754e-02	7.254543443195388130e-02
1.088498298072438729e+03	2.652419701481253389e-01	1.708514136896396030e-01	2.453577398979637503e-01	1.470432664692903069e-01	7.053787591771681909e-02	2.832407482075645702e-02	7.264365905634488640e-02
1.090917183179266431e+03	2.648574311966367945e-01	1.706008680263194077e-01	2.456328175225143684e-01	1.471998019887406639e-01	7.060280985956400579e-02	2.836466260236811601e-02	7.274160880369373583e-02
1.093336068286093905e+03	2.644739836944156042e-01	1.703510298855473448e-01	2.459071138909508791e-01	1.473558558021663412e-01	7.066755946019458168e-02	2.840517285518620594e-02	7.283928441137613174e-02
1.095754953392921607e+03	2.640916245315403921e-01	1.701018972669443019e-01	2.461806312129620478e-01	1.475114295315244906e-01	7.073212524543423529e-02	2.844560559626223631e-02	7.293668661516934659e-02
1.098173838499749309e+03	2.637103506070376802e-01	1.698534681757871700e-01	2.464533716919851958e-01	1.476665247924570656e-01	7.079650773961998489e-02	2.848596084369858436e-02	7.303381614925140430e-02
1.100592723606577010e+03	2.633301588288550765e-01	1.696057406229931064e-01	2.467253375252238257e-01	1.478211431943204368e-01	7.086070746560459155e-02	2.852623861663959939e-02	7.313067374620045580e-02
1.103011608713404712e+03	2.629510461138355737e-01	1.693587126251032970e-01	2.469965309036652179e-01	1.479752863402150898e-01	7.092472494476098621e-02	2.856643893526278344e-02	7.322726013699408509e-02
1.105430493820231959e+03	2.625730093876911253e-01	1.691123822042673586e-01	2.472669540120981113e-01	1.481289558270150741e-01	7.098856069698659954e-02	2.860656182076999968e-02	7.332357605100879583e-02
1.107849378927059888e+03	2.621960455849766669e-01	1.688667473882272119e-01	2.475366090291301890e-01	1.482821532453971192e-01	7.105221524070770567e-02	2.864660729537877801e-02	7.341962221601944227e-02
1.110268264033887590e+03	2.618201516490640257e-01	1.686218062103014004e-01	2.478054981272056478e-01	1.484348801798698325e-01	7.111568909288372431e-02	2.868657538231364143e-02	7.351539935819881300e-02
1.112687149140715292e+03	2.614453245321162744e-01	1.683775567093693526e-01	2.480736234726226286e-01	1.485871382088025938e-01	7.117898276901148125e-02	2.872646610579751222e-02	7.361090820211720065e-02
1.115106034247542766e+03	2.610715611950617521e-01	1.681339969298555337e-01	2.483409872255506468e-01	1.487389289044543927e-01	7.124209678312952432e-02	2.876627949104315976e-02	7.370614947074204115e-02
1.117524919354370468e+03	2.606988586075683068e-01	1.678911249217139301e-01	2.486075915400478009e-01	1.488902538330024450e-01	7.130503164782223124e-02	2.880601556424471077e-02	7.380112388543769164e-02
1.119943804461197942e+03	2.603272137480177051e-01	1.676489387404121734e-01	2.488734385640782587e-01	1.490411145545705585e-01	7.136778787422409787e-02	2.884567435256920470e-02	7.389583216596511128e-02
1.122362689568025871e+03	2.599566236034801525e-01	1.674074364469162468e-01	2.491385304395293820e-01	1.491915126232575550e-01	7.143036597202385984e-02	2.888525588414821502e-02	7.399027503048173637e-02
1.124781574674853118e+03	2.595870851696885362e-01	1.671666161076746926e-01	2.494028693022290744e-01	1.493414495871653314e-01	7.149276644946866988e-02	2.892476018806953292e-02	7.408445319554134156e-02
1.127200459781681047e+03	2.592185954510133339e-01	1.669264757946032074e-01	2.496664572819627670e-01	1.494909269884269198e-01	7.155498981336820552e-02	2.896418729436886844e-02	7.417836737609390108e-02
1.129619344888508749e+03	2.588511514604370234e-01	1.666870135850692103e-01	2.499292965024906277e-01	1.496399463632342997e-01	7.161703656909877702e-02	2.900353723402164172e-02	7.427201828548567197e-02
1.132038229995336451e+03	2.584847502195288804e-01	1.664482275618763274e-01	2.501913890815646302e-01	1.497885092418660691e-01	7.167890722060740738e-02	2.904281003893481941e-02	7.436540663545911090e-02
1.134457115102163925e+03	2.581193887584199431e-01	1.662101158132491263e-01	2.504527371309455130e-01	1.499366171487150345e-01	7.174060227041584303e-02	2.908200574193878923e-02	7.445853313615298508e-02
1.136876000208991627e+03	2.577550641157778100e-01	1.659726764328177118e-01	2.507133427564197659e-01	1.500842716023154944e-01	7.180212221962468944e-02	2.912112437677929697e-02	7.455139849610248337e-02
1.139294885315819101e+03	2.573917733387814932e-01	1.657359075196025433e-01	2.509732080578165325e-01	1.502314741153705502e-01	7.186346756791731072e-02	2.916016597810945285e-02	7.464400342223939666e-02
1.141713770422646803e+03	2.570295134830965500e-01	1.654998071779990310e-01	2.512323351290245976e-01	1.503782261947791687e-01	7.192463881356390976e-02	2.919913058148174145e-02	7.473634861989232603e-02
1.144132655529474505e+03	2.566682816128503797e-01	1.652643735177624640e-01	2.514907260580089288e-01	1.505245293416630770e-01	7.198563645342544171e-02	2.923801822334013562e-02	7.482843479278691867e-02
1.146551540636302207e+03	2.563080748006072440e-01	1.650296046539928285e-01	2.517483829268276629e-01	1.506703850513936016e-01	7.204646098295762469e-02	2.927682894101223815e-02	7.492026264304620098e-02
1.148970425743129908e+03	2.559488901273435646e-01	1.647954987071195976e-01	2.520053078116488710e-01	1.508157948136182314e-01	7.210711289621486719e-02	2.931556277270146865e-02	7.501183287119088383e-02
1.151389310849957155e+03	2.555907246824232759e-01	1.645620538028867985e-01	2.522615027827670442e-01	1.509607601122871512e-01	7.216759268585411224e-02	2.935421975747931969e-02	7.510314617613979282e-02
1.153808195956785084e+03	2.552335755635732339e-01	1.643292680723379695e-01	2.525169699046199145e-01	1.511052824256795268e-01	7.222790084313886194e-02	2.939279993527763035e-02	7.519420325521031234e-02
1.156227081063612786e+03	2.548774398768588467e-01	1.640971396518010883e-01	2.527717112358048857e-01	1.512493632264298171e-01	7.228803785794299386e-02	2.943130334688095345e-02	7.528500480411881579e-02
1.158645966170440488e+03	2.545223147366595939e-01	1.638656666828736397e-01	2.530257288290956308e-01	1.513930039815536976e-01	7.234800421875459131e-02	2.946973003391894011e-02	7.537555151698120681e-02
1.161064851277267962e+03	2.541681972656446575e-01	1.636348473124078218e-01	2.532790247314586907e-01	1.515362061524740123e-01	7.240780041267985689e-02	2.950808003885877634e-02	7.546584408631348828e-02
1.163483736384095664e+03	2.538150845947486633e-01	1.634046796924955025e-01	2.535316009840696827e-01	1.516789711950465303e-01	7.246742692544697051e-02	2.954635340499768559e-02	7.555588320303234517e-02
1.165902621490923138e+03	2.534629738631473117e-01	1.631751619804536202e-01	2.537834596223297878e-01	1.518213005595855369e-01	7.252688424140980861e-02	2.958455017645547289e-02	7.564566955645579682e-02
1.168321506597751068e+03	2.531118622182336186e-01	1.629462923388092233e-01	2.540346026758821818e-01	1.519631956908893688e-01	7.258617284355184385e-02	2.962267039816710024e-02	7.573520383430387692e-02
1.170740391704578315e+03	2.527617468155936020e-01	1.627180689352848986e-01	2.542850321686284110e-01	1.521046580282657545e-01	7.264529321348987823e-02	2.966071411587533832e-02	7.582448672269932743e-02
1.173159276811406244e+03	2.524126248189823563e-01	1.624904899427838667e-01	2.545347501187443240e-01	1.522456890055569334e-01	7.270424583147785946e-02	2.969868137612343556e-02	7.591351890616837572e-02
1.175578161918233945e+03	2.520644934003002935e-01	1.622635535393755768e-01	2.547837585386966142e-01	1.523862900511647744e-01	7.276303117641060025e-02	2.973657222624787738e-02	7.600230106764151172e-02
1.177997047025061647e+03	2.517173497395690518e-01	1.620372579082809128e-01	2.550320594352586401e-01	1.525264625880755898e-01	7.282164972582752527e-02	2.977438671437114201e-02	7.609083388845433449e-02
1.180415932131889122e+03	2.513711910249079029e-01	1.618116012378577329e-01	2.552796548095270235e-01	1.526662080338851146e-01	7.288010195591645979e-02	2.981212488939453259e-02	7.617911804834842648e-02
1.182834817238716823e+03	2.510260144525101045e-01	1.615865817215862699e-01	2.555265466569372479e-01	1.528055278008230156e-01	7.293838834151729345e-02	2.984978680099105441e-02	7.626715422547220014e-02
1.185253702345544298e+03	2.506818172266191413e-01	1.613621975580546986e-01	2.557727369672799789e-01	1.529444232957773986e-01	7.299650935612569946e-02	2.988737249959833725e-02	7.635494309638191091e-02
1.187672587452371999e+03	2.503385965595054663e-01	1.611384469509446749e-01	2.560182277247169402e-01	1.530828959203191786e-01	7.305446547189682616e-02	2.992488203641159930e-02	7.644248533604254547e-02
1.190091472559199701e+03	2.499963496714425748e-01	1.609153281090169030e-01	2.562630209077967347e-01	1.532209470707264487e-01	7.311225715964897454e-02	2.996231546337665280e-02	7.652978161782890421e-02
1.192510357666027403e+03	2.496550737906840789e-01	1.606928392460968413e-01	2.565071184894710532e-01	1.533585781380084057e-01	7.316988488886727593e-02	2.999967283318297900e-02	7.661683261352657259e-02
1.194929242772855105e+03	2.493147661534400872e-01	1.604709785810603251e-01	2.567505224371102179e-01	1.534957905079293861e-01	7.322734912770734184e-02	3.003695419925680662e-02	7.670363899333305924e-02
1.197348127879682352e+03	2.489754240038540567e-01	1.602497443378192998e-01	2.569932347125191141e-01	1.536325855610328195e-01	7.328465034299887215e-02	3.007415961575427704e-02	7.679020142585883668e-02
1.199767012986510281e+03	2.486370445939796447e-01	1.600291347453075552e-01	2.572352572719528441e-01	1.537689646726647652e-01	7.334178900024937442e-02	3.011128913755463377e-02	7.687652057812850714e-02
1.202185898093337983e+03	2.482996251837574497e-01	1.598091480374665974e-01	2.574765920661326035e-01	1.539049292129975599e-01	7.339876556364766103e-02	3.014834282025345355e-02	7.696259711558198213e-02
1.204604783200165684e+03	2.479631630409921961e-01	1.595897824532314380e-01	2.577172410402612801e-01	1.540404805470533545e-01	7.345558049606755457e-02	3.018532072015593301e-02	7.704843170207563430e-02
1.207023668306993159e+03	2.476276554413295028e-01	1.593710362365163835e-01	2.579572061340389411e-01	1.541756200347273453e-01	7.351223425907142672e-02	3.022222289427020647e-02	7.713402499988358807e-02
1.209442553413820860e+03	2.472930996682331795e-01	1.591529076362011574e-01	2.581964892816785984e-01	1.543103490308109504e-01	7.356872731291383416e-02	3.025904940030072626e-02	7.721937766969895478e-02
1.211861438520648335e+03	2.469594930129623001e-01	1.589353949061166893e-01	2.584350924119216408e-01	1.544446688850149574e-01	7.362506011654502969e-02	3.029580029664166382e-02	7.730449037063506779e-02
1.214280323627476264e+03	2.466268327745484989e-01	1.587184963050311814e-01	2.586730174480534883e-01	1.545785809419923384e-01	7.368123312761458432e-02	3.033247564237037674e-02	7.738936376022688413e-02
1.216699208734303511e+03	2.462951162597731836e-01	1.585022100966361758e-01	2.589102663079186906e-01	1.547120865413612323e-01	7.373724680247487062e-02	3.036907549724088967e-02	7.747399849443227515e-02
1.219118093841131440e+03	2.459643407831450523e-01	1.582865345495325649e-01	2.591468409039366372e-01	1.548451870177275369e-01	7.379310159618465703e-02	3.040559992167745154e-02	7.755839522763345595e-02
1.221536978947959142e+03	2.456345036668773352e-01	1.580714679372167419e-01	2.593827431431167674e-01	1.549778837007074750e-01	7.384879796251266060e-02	3.044204897676811017e-02	7.764255461263828983e-02
1.223955864054786844e+03	2.453056022408655057e-01	1.578570085380667232e-01	2.596179749270740578e-01	1.551101779149499926e-01	7.390433635394097478e-02	3.047842272425833540e-02	7.772647730068184269e-02
1.226374749161614318e+03	2.449776338426646882e-01	1.576431546353284363e-01	2.598525381520440658e-01	1.552420709801592413e-01	7.395971722166864992e-02	3.051472122654470126e-02	7.781016394142771520e-02
1.228793634268442020e+03	2.446505958174674256e-01	1.574299045171018985e-01	2.600864347088981399e-01	1.553735642111165605e-01	7.401494101561520433e-02	3.055094454666856807e-02	7.789361518296962494e-02
1.231212519375269494e+03	2.443244855180814190e-01	1.572172564763274494e-01	2.603196664831590179e-01	1.555046589177027372e-01	7.407000818442406598e-02	3.058709274830986521e-02	7.797683167183289132e-02
1.233631404482097196e+03	2.439993003049071574e-01	1.570052088107720956e-01	2.605522353550154269e-01	1.556353564049198224e-01	7.412491917546606968e-02	3.062316589578084960e-02	7.805981405297592046e-02
1.236050289588924898e+03	2.436750375459159623e-01	1.567937598230159379e-01	2.607841431993376258e-01	1.557656579729131407e-01	7.417967443484294043e-02	3.065916405401996475e-02	7.814256296979182892e-02
1.238469174695752372e+03	2.433516946166277006e-01	1.565829078204383773e-01	2.610153918856920607e-01	1.558955649169928293e-01	7.423427440739073513e-02	3.069508728858569985e-02	7.822507906411001188e-02
1.240888059802580301e+03	2.430292689000889128e-01	1.563726511152047083e-01	2.612459832783567970e-01	1.560250785276555141e-01	7.428871953668333972e-02	3.073093566565050436e-02	7.830736297619772524e-02
1.243306944909407548e+03	2.427077577868507752e-01	1.561629880242525747e-01	2.614759192363360074e-01	1.561542000906058214e-01	7.434301026503579990e-02	3.076670925199474424e-02	7.838941534476175088e-02
1.245725830016235477e+03	2.423871586749473672e-01	1.559539168692784250e-01	2.617052016133753489e-01	1.562829308867776934e-01	7.439714703350790159e-02	3.080240811500069634e-02	7.847123680695003434e-02
1.248144715123063179e+03	2.420674689698736337e-01	1.557454359767239949e-01	2.619338322579767286e-01	1.564112721923556493e-01	7.445113028190748772e-02	3.083803232264657398e-02	7.855282799835340557e-02
1.250563600229890881e+03	2.417486860845637908e-01	1.555375436777630127e-01	2.621618130134129587e-01	1.565392252787959348e-01	7.450496044879389990e-02	3.087358194350061161e-02	7.863418955300723046e-02
1.252982485336718355e+03	2.414308074393695935e-01	1.553302383082878213e-01	2.623891457177427444e-01	1.566667914128475336e-01	7.455863797148139238e-02	3.090905704671517013e-02	7.871532210339320101e-02
1.255401370443546057e+03	2.411138304620387418e-01	1.551235182088958608e-01	2.626158322038253945e-01	1.567939718565730944e-01	7.461216328604251824e-02	3.094445770202088747e-02	7.879622628044100074e-02
1.257820255550373531e+03	2.407977525876932312e-01	1.549173817248765961e-01	2.628418742993354207e-01	1.569207678673696926e-01	7.466553682731154329e-02	3.097978397972086378e-02	7.887690271353016425e-02
1.260239140657201460e+03	2.404825712588079811e-01	1.547118272061980271e-01	2.630672738267774147e-01	1.570471806979895635e-01	7.471875902888779064e-02	3.101503595068489869e-02	7.895735203049182582e-02
1.262658025764028707e+03	2.401682839251893797e-01	1.545068530074936441e-01	2.632920326035005920e-01	1.571732115965605581e-01	7.477183032313901301e-02	3.105021368634375972e-02	7.903757485761052359e-02
1.265076910870856636e+03	2.398548880439538844e-01	1.543024574880491051e-01	2.635161524417133916e-01	1.572988618066067656e-01	7.482475114120476500e-02	3.108531725868347514e-02	7.911757181962610075e-02
1.267495795977684338e+03	2.395423810795067332e-01	1.540986390117891625e-01	2.637396351484980195e-01	1.574241325670686642e-01	7.487752191299974769e-02	3.112034674023968564e-02	7.919734353973548191e-02
1.269914681084511813e+03	2.392307605035207119e-01	1.538953959472645627e-01	2.639624825258248819e-01	1.575490251123235486e-01	7.493014306721719475e-02	3.115530220409202383e-02	7.927689063959456051e-02
1.272333566191339514e+03	2.389200237949150318e-01	1.536927266676388626e-01	2.641846963705671292e-01	1.576735406722055977e-01	7.498261503133210604e-02	3.119018372385852500e-02	7.935621373932016942e-02
1.274752451298167216e+03	2.386101684398342082e-01	1.534906295506754392e-01	2.644062784745151995e-01	1.577976804720258031e-01	7.503493823160468923e-02	3.122499137369009678e-02	7.943531345749195449e-02
1.277171336404994690e+03	2.383011919316269378e-01	1.532891029787244730e-01	2.646272306243911410e-01	1.579214457325920085e-01	7.508711309308359338e-02	3.125972522826499234e-02	7.951419041115426189e-02
1.279590221511822392e+03	2.379930917708252547e-01	1.530881453387100688e-01	2.648475546018626559e-01	1.580448376702286162e-01	7.513914003960928123e-02	3.129438536278335292e-02	7.959284521581817817e-02
1.282009106618650094e+03	2.376858654651235192e-01	1.528877550221171555e-01	2.650672521835578666e-01	1.581678574967963768e-01	7.519101949381726269e-02	3.132897185296177472e-02	7.967127848546344537e-02
1.284427991725477568e+03	2.373795105293576291e-01	1.526879304249786906e-01	2.652863251410792489e-01	1.582905064197119294e-01	7.524275187714146718e-02	3.136348477502789306e-02	7.974949083254050108e-02
1.286846876832305497e+03	2.370740244854841750e-01	1.524886699478628371e-01	2.655047752410181205e-01	1.584127856419673130e-01	7.529433760981746326e-02	3.139792420571505677e-02	7.982748286797243520e-02
1.289265761939132744e+03	2.367694048625597347e-01	1.522899719958600295e-01	2.657226042449685743e-01	1.585346963621493133e-01	7.534577711088576157e-02	3.143229022225694363e-02	7.990525520115707159e-02
1.291684647045960673e+03	2.364656491967202234e-01	1.520918349785702617e-01	2.659398139095417446e-01	1.586562397744587516e-01	7.539707079819506219e-02	3.146658290238232847e-02	7.998280843996898037e-02
1.294103532152788375e+03	2.361627550311603263e-01	1.518942573100903748e-01	2.661564059863799625e-01	1.587774170687297759e-01	7.544821908840555758e-02	3.150080232430980953e-02	8.006014319076154573e-02
1.296522417259616077e+03	2.358607199161128765e-01	1.516972374090012343e-01	2.663723822221706894e-01	1.588982294304487619e-01	7.549922239699217996e-02	3.153494856674255581e-02	8.013726005836906141e-02
1.298941302366443551e+03	2.355595414088283990e-01	1.515007736983550457e-01	2.665877443586607276e-01	1.590186780407733813e-01	7.555008113824780713e-02	3.156902170886317222e-02	8.021415964610884020e-02
1.301360187473271253e+03	2.352592170735547661e-01	1.513048646056628366e-01	2.668024941326699317e-01	1.591387640765515032e-01	7.560079572528649594e-02	3.160302183032851625e-02	8.029084255578326779e-02
1.303779072580098727e+03	2.349597444815167968e-01	1.511095085628818280e-01	2.670166332761054750e-01	1.592584887103398739e-01	7.565136657004677134e-02	3.163694901126460485e-02	8.036730938768200938e-02
1.306197957686926657e+03	2.346611212108959399e-01	1.509147040064027223e-01	2.672301635159753386e-01	1.593778531104229068e-01	7.570179408329479054e-02	3.167080333226152816e-02	8.044356074058411910e-02
1.308616842793753904e+03	2.343633448468100400e-01	1.507204493770372133e-01	2.674430865744026886e-01	1.594968584408311407e-01	7.575207867462760425e-02	3.170458487436839112e-02	8.051959721176021878e-02
1.311035727900581833e+03	2.340664129812932426e-01	1.505267431200056905e-01	2.676554041686394214e-01	1.596155058613597799e-01	7.580222075247629310e-02	3.173829371908830355e-02	8.059541939697462132e-02
1.313454613007409534e+03	2.337703232132757603e-01	1.503335836849244711e-01	2.678671180110797634e-01	1.597337965275870408e-01	7.585222072410922889e-02	3.177192994837341883e-02	8.067102789048762046e-02
1.315873498114237009e+03	2.334750731485639441e-01	1.501409695257935606e-01	2.680782298092744265e-01	1.598517315908924985e-01	7.590207899563525262e-02	3.180549364461997958e-02	8.074642328505760025e-02
1.318292383221064711e+03	2.331806603998202165e-01	1.499488991009842176e-01	2.682887412659440973e-01	1.599693121984751831e-01	7.595179597200683863e-02	3.183898489066340487e-02	8.082160617194329710e-02
1.320711268327892412e+03	2.328870825865431704e-01	1.497573708732265751e-01	2.684986540789930376e-01	1.600865394933717045e-01	7.600137205702325871e-02	3.187240376977341222e-02	8.089657714090610352e-02
1.323130153434719887e+03	2.325943373350477239e-01	1.495663833095972617e-01	2.687079699415228506e-01	1.602034146144742655e-01	7.605080765333377402e-02	3.190575036564917422e-02	8.097133678021219139e-02
1.325549038541547588e+03	2.323024222784451920e-01	1.493759348815072163e-01	2.689166905418460818e-01	1.603199386965484807e-01	7.610010316244079920e-02	3.193902476241450988e-02	8.104588567663484344e-02
1.327967923648375290e+03	2.320113350566238020e-01	1.491860240646894209e-01	2.691248175634997075e-01	1.604361128702513073e-01	7.614925898470302490e-02	3.197222704461310377e-02	8.112022441545675699e-02
1.330386808755202765e+03	2.317210733162285985e-01	1.489966493391866043e-01	2.693323526852586247e-01	1.605519382621486413e-01	7.619827551933858190e-02	3.200535729720376671e-02	8.119435358047231988e-02
1.332805693862030694e+03	2.314316347106421534e-01	1.488078091893390575e-01	2.695392975811492509e-01	1.606674159947329705e-01	7.624715316442817747e-02	3.203841560555571039e-02	8.126827375398987252e-02
1.335224578968857941e+03	2.311430168999648593e-01	1.486195021037725883e-01	2.697456539204627357e-01	1.607825471864408606e-01	7.629589231691820406e-02	3.207140205544385669e-02	8.134198551683403944e-02
1.337643464075685870e+03	2.308552175509954452e-01	1.484317265753863357e-01	2.699514233677686170e-01	1.608973329516704964e-01	7.634449337262388946e-02	3.210431673304421640e-02	8.141548944834814394e-02
1.340062349182513572e+03	2.305682343372114362e-01	1.482444811013406138e-01	2.701566075829281433e-01	1.610117744007988350e-01	7.639295672623241940e-02	3.213715972492924705e-02	8.148878612639644248e-02
1.342481234289341273e+03	2.302820649387498919e-01	1.480577641830450042e-01	2.703612082211074297e-01	1.611258726401990915e-01	7.644128277130596283e-02	3.216993111806328715e-02	8.156187612736653936e-02
1.344900119396168748e+03	2.299967070423879212e-01	1.478715743261462268e-01	2.705652269327908921e-01	1.612396287722576427e-01	7.648947190028486387e-02	3.220263099979797650e-02	8.163476002617170435e-02
1.347319004502996449e+03	2.297121583415235035e-01	1.476859100405162051e-01	2.707686653637943475e-01	1.613530438953912904e-01	7.653752450449070877e-02	3.223525945786775981e-02	8.170743839625332905e-02
1.349737889609823924e+03	2.294284165361562822e-01	1.475007698402401313e-01	2.709715251552786142e-01	1.614661191040641097e-01	7.658544097412939289e-02	3.226781658038536255e-02	8.177991180958324446e-02
1.352156774716651853e+03	2.291454793328682460e-01	1.473161522436045590e-01	2.711738079437621685e-01	1.615788554888044626e-01	7.663322169829417385e-02	3.230030245583734999e-02	8.185218083666617739e-02
1.354575659823479100e+03	2.288633444448047727e-01	1.471320557730854128e-01	2.713755153611346893e-01	1.616912541362216793e-01	7.668086706496879401e-02	3.233271717307969334e-02	8.192424604654210962e-02
1.356994544930307029e+03	2.285820095916555328e-01	1.469484789553363591e-01	2.715766490346698259e-01	1.618033161290228783e-01	7.672837746103051970e-02	3.236506082133337042e-02	8.199610800678874822e-02
1.359413430037134731e+03	2.283014724996354217e-01	1.467654203211767594e-01	2.717772105870384092e-01	1.619150425460294529e-01	7.677575327225319435e-02	3.239733349017998726e-02	8.206776728352396799e-02
1.361832315143962205e+03	2.280217309014657412e-01	1.465828784055800138e-01	2.719772016363217193e-01	1.620264344621938080e-01	7.682299488331026383e-02	3.242953526955744820e-02	8.213922444140821233e-02
1.364251200250789907e+03	2.277427825363552427e-01	1.464008517476618199e-01	2.721766237960240864e-01	1.621374929486155969e-01	7.687010267777785733e-02	3.246166624975561216e-02	8.221048004364694961e-02
1.366670085357617609e+03	2.274646251499812810e-01	1.462193388906684322e-01	2.723754786750860468e-01	1.622482190725582363e-01	7.691707703813779884e-02	3.249372652141208073e-02	8.228153465199322669e-02
1.369088970464445310e+03	2.271872564944710793e-01	1.460383383819649494e-01	2.725737678778972772e-01	1.623586138974651427e-01	7.696391834578063251e-02	3.252571617550786831e-02	8.235238882675000038e-02
1.371507855571272785e+03	2.269106743283830774e-01	1.458578487730237960e-01	2.727714930043094732e-01	1.624686784829759700e-01	7.701062698100863413e-02	3.255763530336323874e-02	8.242304312677277423e-02
1.373926740678100487e+03	2.266348764166881691e-01	1.456778686194129258e-01	2.729686556496489502e-01	1.625784138849426519e-01	7.705720332303883646e-02	3.258948399663347956e-02	8.249349810947197159e-02
1.376345625784927961e+03	2.263598605307511336e-01	1.454983964807843588e-01	2.731652574047297444e-01	1.626878211554454723e-01	7.710364775000601301e-02	3.262126234730474555e-02	8.256375433081551696e-02
1.378764510891755890e+03	2.260856244483120669e-01	1.453194309208626078e-01	2.733612998558663798e-01	1.627969013428089973e-01	7.714996063896568945e-02	3.265297044768995099e-02	8.263381234533132003e-02
1.381183395998583137e+03	2.258121659534679249e-01	1.451409705074331591e-01	2.735567845848863033e-01	1.629056554916180066e-01	7.719614236589712741e-02	3.268460839042462013e-02	8.270367270610981536e-02
1.383602281105411066e+03	2.255394828366541482e-01	1.449630138123309819e-01	2.737517131691429850e-01	1.630140846427332313e-01	7.724219330570633590e-02	3.271617626846284183e-02	8.277333596480644651e-02
1.386021166212238768e+03	2.252675728946261502e-01	1.447855594114291211e-01	2.739460871815281862e-01	1.631221898333070075e-01	7.728811383222895792e-02	3.274767417507321032e-02	8.284280267164428890e-02
1.388440051319066470e+03	2.249964339304411365e-01	1.446086058846272060e-01	2.741399081904849488e-01	1.632299720967989864e-01	7.733390431823335132e-02	3.277910220383478679e-02	8.291207337541653399e-02
1.390858936425893944e+03	2.247260637534396199e-01	1.444321518158401263e-01	2.743331777600199195e-01	1.633374324629915941e-01	7.737956513542347536e-02	3.281046044863315803e-02	8.298114862348905663e-02
1.393277821532721646e+03	2.244564601792274072e-01	1.442561957929866523e-01	2.745258974497160054e-01	1.634445719580056022e-01	7.742509665444184674e-02	3.284174900365640498e-02	8.305002896180299632e-02
1.395696706639549120e+03	2.241876210296573912e-01	1.440807364079781383e-01	2.747180688147448646e-01	1.635513916043154214e-01	7.747049924487252326e-02	3.287296796339121696e-02	8.311871493487731077e-02
1.398115591746377049e+03	2.239195441328113434e-01	1.439057722567071707e-01	2.749096934058796182e-01	1.636578924207643670e-01	7.751577327524403205e-02	3.290411742261896422e-02	8.318720708581139878e-02
1.400534476853204296e+03	2.236522273229820112e-01	1.437313019390363267e-01	2.751007727695067850e-01	1.637640754225800355e-01	7.756091911303222841e-02	3.293519747641181911e-02	8.325550595628765371e-02
1.402953361960032225e+03	2.233856684406549664e-01	1.435573240587870725e-01	2.752913084476391603e-01	1.638699416213893201e-01	7.760593712466334892e-02	3.296620822012888419e-02	8.332361208657403095e-02
1.405372247066859927e+03	2.231198653324908132e-01	1.433838372237283831e-01	2.754813019779280836e-01	1.639754920252335102e-01	7.765082767551682863e-02	3.299714974941239665e-02	8.339152601552672628e-02
1.407791132173687402e+03	2.228548158513071198e-01	1.432108400455657238e-01	2.756707548936757068e-01	1.640807276385833346e-01	7.769559112992825700e-02	3.302802216018390496e-02	8.345924828059272937e-02
1.410210017280515103e+03	2.225905178560607101e-01	1.430383311399297808e-01	2.758596687238472622e-01	1.641856494623537832e-01	7.774022785119223677e-02	3.305882554864048029e-02	8.352677941781246063e-02
1.412628902387342805e+03	2.223269692118298169e-01	1.428663091263655538e-01	2.760480449930834967e-01	1.642902584939191224e-01	7.778473820156533991e-02	3.308956001125102492e-02	8.359411996182239402e-02
1.415047787494170507e+03	2.220641677897964017e-01	1.426947726283210316e-01	2.762358852217127736e-01	1.643945557271273838e-01	7.782912254226896642e-02	3.312022564475248371e-02	8.366127044585770778e-02
1.417466672600997981e+03	2.218021114672284189e-01	1.425237202731365060e-01	2.764231909257632291e-01	1.644985421523153524e-01	7.787338123349221708e-02	3.315082254614619417e-02	8.372823140175485179e-02
1.419885557707825683e+03	2.215407981274621629e-01	1.423531506920331646e-01	2.766099636169752074e-01	1.646022187563229433e-01	7.791751463439477998e-02	3.318135081269421582e-02	8.379500335995426763e-02
1.422304442814653157e+03	2.212802256598848105e-01	1.421830625201024323e-01	2.767962048028131394e-01	1.647055865225078852e-01	7.796152310310981715e-02	3.321181054191565951e-02	8.386158684950302533e-02
1.424723327921481086e+03	2.210203919599167677e-01	1.420134543962948137e-01	2.769819159864776448e-01	1.648086464307601806e-01	7.800540699674675393e-02	3.324220183158309305e-02	8.392798239805744631e-02
1.427142213028308333e+03	2.207612949289942395e-01	1.418443249634091796e-01	2.771670986669179104e-01	1.649113994575163722e-01	7.804916667139424891e-02	3.327252477971893996e-02	8.399419053188578177e-02
1.429561098135136262e+03	2.205029324745519104e-01	1.416756728680816924e-01	2.773517543388432371e-01	1.650138465757740869e-01	7.809280248212292774e-02	3.330277948459193366e-02	8.406021177587087723e-02
1.431979983241963964e+03	2.202453025100053752e-01	1.415074967607751200e-01	2.775358844927354185e-01	1.651159887551060246e-01	7.813631478298826982e-02	3.333296604471355784e-02	8.412604665351286481e-02
1.434398868348791666e+03	2.199884029547340414e-01	1.413397952957679282e-01	2.777194906148605646e-01	1.652178269616743078e-01	7.817970392703345317e-02	3.336308455883452151e-02	8.419169568693181394e-02
1.436817753455619140e+03	2.197322317340636433e-01	1.411725671311434283e-01	2.779025741872809818e-01	1.653193621582445816e-01	7.822297026629219940e-02	3.339313512594131034e-02	8.425715939687043743e-02
1.439236638562446842e+03	2.194767867792492277e-01	1.410058109287792016e-01	2.780851366878672182e-01	1.654205953041999466e-01	7.826611415179153541e-02	3.342311784525266866e-02	8.432243830269675611e-02
1.441655523669274316e+03	2.192220660274578625e-01	1.408395253543361647e-01	2.782671795903098322e-01	1.655215273555550315e-01	7.830913593355461055e-02	3.345303281621620634e-02	8.438753292240680492e-02
1.444074408776102018e+03	2.189680674217515943e-01	1.406737090772480769e-01	2.784487043641312165e-01	1.656221592649698149e-01	7.835203596060356934e-02	3.348288013850494321e-02	8.445244377262733915e-02
1.446493293882929493e+03	2.187147889110703791e-01	1.405083607707106608e-01	2.786297124746973108e-01	1.657224919817634756e-01	7.839481458096224376e-02	3.351265991201395761e-02	8.451717136861854052e-02
1.448912178989757422e+03	2.184622284502150125e-01	1.403434791116711100e-01	2.788102053832295368e-01	1.658225264519281594e-01	7.843747214165906756e-02	3.354237223685699321e-02	8.458171622427668179e-02
1.451331064096585123e+03	2.182103839998302264e-01	1.401790627808174872e-01	2.789901845468165109e-01	1.659222636181426069e-01	7.848000898872974085e-02	3.357201721336311451e-02	8.464607885213690230e-02
1.453749949203412370e+03	2.179592535263877862e-01	1.400151104625680099e-01	2.791696514184255906e-01	1.660217044197858371e-01	7.852242546722010275e-02	3.360159494207340392e-02	8.471025976337587249e-02
1.456168834310240300e+03	2.177088350021696150e-01	1.398516208450606979e-01	2.793486074469145874e-01	1.661208497929506922e-01	7.856472192118885145e-02	3.363110552373765189e-02	8.477425946781455557e-02
1.458587719417068001e+03	2.174591264052509743e-01	1.396885926201426598e-01	2.795270540770434797e-01	1.662197006704572433e-01	7.860689869371031979e-02	3.366054905931110258e-02	8.483807847392089985e-02
1.461006604523895703e+03	2.172101257194836987e-01	1.395260244833597119e-01	2.797049927494860144e-01	1.663182579818662521e-01	7.864895612687723692e-02	3.368992564995119260e-02	8.490171728881257263e-02
1.463425489630723177e+03	2.169618309344795437e-01	1.393639151339459703e-01	2.798824249008410869e-01	1.664165226534925768e-01	7.869089456180343445e-02	3.371923539701432437e-02	8.496517641825970801e-02
1.465844374737550879e+03	2.167142400455934481e-01	1.392022632748132482e-01	2.800593519636445650e-01	1.665144956084183558e-01	7.873271433862667756e-02	3.374847840205268124e-02	8.502845636668764084e-02
1.468263259844378354e+03	2.164673510539069923e-01	1.390410676125408695e-01	2.802357753663805018e-01	1.666121777665062198e-01	7.877441579651130177e-02	3.377765476681103551e-02	8.509155763717962673e-02
1.470682144951206283e+03	2.162211619662117723e-01	1.388803268573651217e-01	2.804116965334927380e-01	1.667095700444125861e-01	7.881599927365105784e-02	3.380676459322361910e-02	8.515448073147963148e-02
1.473101030058033530e+03	2.159756707949929966e-01	1.387200397231690141e-01	2.805871168853963371e-01	1.668066733556005654e-01	7.885746510727169312e-02	3.383580798341094542e-02	8.521722614999500955e-02
1.475519915164861459e+03	2.157308755584128601e-01	1.385602049274719250e-01	2.807620378384889648e-01	1.669034886103530069e-01	7.889881363363376865e-02	3.386478503967674247e-02	8.527979439179927956e-02
1.477938800271689161e+03	2.154867742802942243e-01	1.384008211914193875e-01	2.809364608051622136e-01	1.670000167157855708e-01	7.894004518803536541e-02	3.389369586450485805e-02	8.534218595463491375e-02
1.480357685378516862e+03	2.152433649901042967e-01	1.382418872397726817e-01	2.811103871938130938e-01	1.670962585758594687e-01	7.898116010481472105e-02	3.392254056055617195e-02	8.540440133491605801e-02
1.482776570485344337e+03	2.150006457229383106e-01	1.380834018008987862e-01	2.812838184088551352e-01	1.671922150913943972e-01	7.902215871735299157e-02	3.395131923066558449e-02	8.546644102773127971e-02
