1.301360187473271253e+03	2.356080351802582462e-01	1.509703848374156221e-01	2.607628690517564962e-01	1.617870408144827521e-01	7.625132538359682965e-02	3.214570730662594245e-02	8.247463742570092238e-02
1.306197957686926657e+03	2.350165775686036962e-01	1.505744379134968947e-01	2.611412739131313554e-01	1.620513307950861293e-01	7.635855321768285353e-02	3.221777163630641649e-02	8.264005495552949332e-02
1.311035727900581833e+03	2.344285133722956438e-01	1.501806787457756476e-01	2.615174033540659804e-01	1.623141177497614274e-01	7.646522119971364828e-02	3.228951952588345053e-02	8.280454605234105481e-02
1.315873498114237009e+03	2.338438230845235888e-01	1.497890951760712797e-01	2.618912725442017475e-01	1.625754097777706852e-01	7.657133221691675429e-02	3.236095171883830030e-02	8.296811548151451776e-02
1.320711268327892412e+03	2.332624873127346066e-01	1.493996751133221668e-01	2.622628965329215633e-01	1.628352149412410355e-01	7.667688914085983576e-02	3.243206896832662167e-02	8.313076799043102316e-02
1.325549038541547588e+03	2.326844867779257475e-01	1.490124065332282255e-01	2.626322902505143220e-01	1.630935412652382843e-01	7.678189482758536466e-02	3.250287203691762383e-02	8.329250830842728492e-02
1.330386808755202765e+03	2.321098023139413769e-01	1.486272774778950312e-01	2.629994685093266504e-01	1.633503967378417687e-01	7.688635211774227929e-02	3.257336169633805179e-02	8.345334114675173609e-02
1.335224578968857941e+03	2.315384148667754549e-01	1.482442760554799066e-01	2.633644460049015534e-01	1.636057893102204064e-01	7.699026383671495055e-02	3.264353872722111638e-02	8.361327119852349221e-02
1.340062349182513572e+03	2.309703054938786193e-01	1.478633904398394261e-01	2.637272373171055673e-01	1.638597268967098008e-01	7.709363279474934494e-02	3.271340391886011500e-02	8.377230313869404865e-02
1.344900119396168748e+03	2.304054553634703462e-01	1.474846088701786961e-01	2.640878569112425911e-01	1.641122173748904567e-01	7.719646178707655071e-02	3.278295806896678460e-02	8.393044162401150365e-02
1.349737889609823924e+03	2.298438457538558022e-01	1.471079196507023013e-01	2.644463191391562829e-01	1.643632685856672437e-01	7.729875359403379220e-02	3.285220198343413722e-02	8.408769129298741818e-02
1.354575659823479100e+03	2.292854580527474151e-01	1.467333111502669152e-01	2.648026382403196322e-01	1.646128883333499993e-01	7.740051098118291839e-02	3.292113647610384747e-02	8.424405676586622926e-02
1.359413430037134731e+03	2.287302737565911903e-01	1.463607718020355497e-01	2.651568283429134310e-01	1.648610843857351571e-01	7.750173669942657384e-02	3.298976236853801841e-02	8.439954264459700872e-02
1.364251200250789907e+03	2.281782744698979404e-01	1.459902901031334410e-01	2.655089034648921431e-01	1.651078644741885981e-01	7.760243348512199657e-02	3.305808048979524960e-02	8.455415351280759495e-02
1.369088970464445310e+03	2.276294419045787609e-01	1.456218546143056847e-01	2.658588775150383943e-01	1.653532362937294997e-01	7.770260406019259547e-02	3.312609167621091699e-02	8.470789393578111171e-02
1.373926740678100487e+03	2.270837578792855027e-01	1.452554539595762861e-01	2.662067642940059709e-01	1.655972075031154900e-01	7.780225113223733502e-02	3.319379677118169253e-02	8.486076846043467958e-02
1.378764510891755890e+03	2.265412043187555735e-01	1.448910768259091819e-01	2.665525774953510507e-01	1.658397857249286622e-01	7.790137739463805222e-02	3.326119662495401891e-02	8.501278161530036181e-02
1.383602281105411066e+03	2.260017632531613752e-01	1.445287119628705375e-01	2.668963307065524981e-01	1.660809785456628385e-01	7.799998552666474738e-02	3.332829209441665053e-02	8.516393791050824724e-02
1.388440051319066470e+03	2.254654168174641538e-01	1.441683481822929325e-01	2.672380374100203904e-01	1.663207935158118322e-01	7.809807819357887648e-02	3.339508404289710797e-02	8.531424183777160108e-02
1.393277821532721646e+03	2.249321472507724295e-01	1.438099743579410728e-01	2.675777109840939971e-01	1.665592381499587105e-01	7.819565804673472842e-02	3.346157333996194888e-02	8.546369787037405574e-02
1.398115591746377049e+03	2.244019368957046456e-01	1.434535794251789731e-01	2.679153647040284358e-01	1.667963199268662211e-01	7.829272772367901201e-02	3.352776086122082749e-02	8.561231046315888327e-02
1.402953361960032225e+03	2.238747681977563686e-01	1.430991523806391108e-01	2.682510117429703911e-01	1.670320462895681923e-01	7.838928984824858337e-02	3.359364748813428725e-02	8.576008405252007194e-02
1.407791132173687402e+03	2.233506237046718190e-01	1.427466822818927727e-01	2.685846651729235091e-01	1.672664246454619030e-01	7.848534703066649409e-02	3.365923410782512004e-02	8.590702305639537351e-02
1.412628902387342805e+03	2.228294860658195375e-01	1.423961582471223453e-01	2.689163379657027453e-01	1.674994623664014526e-01	7.858090186763637408e-02	3.372452161289334754e-02	8.605313187426121002e-02
1.417466672600997981e+03	2.223113380315725196e-01	1.420475694547949919e-01	2.692460429938782762e-01	1.677311667887921298e-01	7.867595694243509352e-02	3.378951090123467893e-02	8.619841488712932931e-02
1.422304442814653157e+03	2.217961624526924302e-01	1.417009051433378575e-01	2.695737930317093078e-01	1.679615452136857257e-01	7.877051482500395385e-02	3.385420287586241028e-02	8.634287645754527840e-02
1.427142213028308333e+03	2.212839422797181210e-01	1.413561546108152156e-01	2.698996007560671151e-01	1.681906049068768449e-01	7.886457807203835213e-02	3.391859844473268937e-02	8.648652092958861171e-02
1.431979983241963964e+03	2.207746605623581992e-01	1.410133072146066979e-01	2.702234787473484778e-01	1.684183530990001065e-01	7.895814922707582173e-02	3.398269852057306945e-02	8.662935262887465349e-02
1.436817753455619140e+03	2.202683004488878715e-01	1.406723523710875778e-01	2.705454394903783477e-01	1.686447969856281204e-01	7.905123082058285178e-02	3.404650402071435211e-02	8.677137586255800894e-02
1.441655523669274316e+03	2.197648451855495622e-01	1.403332795553103030e-01	2.708654953753032446e-01	1.688699437273705195e-01	7.914382537004019391e-02	3.411001586692558041e-02	8.691259491933768511e-02
1.446493293882929493e+03	2.192642781159581389e-01	1.399960783006875265e-01	2.711836586984747721e-01	1.690938004499739078e-01	7.923593538002678127e-02	3.417323498525220299e-02	8.705301406946372444e-02
1.451331064096585123e+03	2.187665826805095803e-01	1.396607381986771923e-01	2.714999416633228635e-01	1.693163742444224462e-01	7.932756334230249562e-02	3.423616230585723591e-02	8.719263756474530946e-02
1.456168834310240300e+03	2.182717424157939456e-01	1.393272488984685087e-01	2.718143563812197572e-01	1.695376721670394105e-01	7.941871173588947730e-02	3.429879876286551221e-02	8.733146963856047718e-02
1.461006604523895703e+03	2.177797409540122853e-01	1.389956001066699753e-01	2.721269148723348685e-01	1.697577012395895257e-01	7.950938302715235273e-02	3.436114529421087360e-02	8.746951450586723520e-02
1.465844374737550879e+03	2.172905620223974099e-01	1.386657815869987431e-01	2.724376290664793365e-01	1.699764684493821343e-01	7.959957966987728228e-02	3.442320284148622789e-02	8.760677636321599626e-02
1.470682144951206283e+03	2.168041894426384897e-01	1.383377831599715280e-01	2.727465108039422992e-01	1.701939807493750290e-01	7.968930410534967590e-02	3.448497234979652770e-02	8.774325938876359476e-02
1.475519915164861459e+03	2.163206071303096778e-01	1.380115947025970513e-01	2.730535718363171771e-01	1.704102450582792583e-01	7.977855876243102051e-02	3.454645476761450396e-02	8.787896774228844132e-02
1.480357685378516862e+03	2.158397990943023981e-01	1.376872061480700071e-01	2.733588238273195747e-01	1.706252682606643478e-01	7.986734605763444461e-02	3.460765104663913322e-02	8.801390556520721775e-02
1.485195455592172038e+03	2.153617494362616569e-01	1.373646074854666110e-01	2.736622783535955228e-01	1.708390572070645763e-01	7.995566839519931135e-02	3.466856214165688760e-02	8.814807698059259899e-02
1.490033225805827215e+03	2.148864423500257137e-01	1.370437887594415649e-01	2.739639469055214493e-01	1.710516187140856958e-01	8.004352816716475694e-02	3.472918901040552425e-02	8.828148609319247386e-02
1.494870996019482618e+03	2.144138621210699702e-01	1.367247400699265758e-01	2.742638408879949918e-01	1.712629595645125125e-01	8.013092775344229923e-02	3.478953261344058800e-02	8.841413698945027599e-02
1.499708766233137567e+03	2.139439931259542460e-01	1.364074515718304292e-01	2.745619716212173156e-01	1.714730865074169108e-01	8.021786952188740549e-02	3.484959391400439116e-02	8.854603373752649442e-02
1.504546536446793198e+03	2.134768198317737453e-01	1.360919134747405335e-01	2.748583503414669948e-01	1.716820062582668227e-01	8.030435582837010255e-02	3.490937387789756069e-02	8.867718038732144703e-02
1.509384306660448374e+03	2.130123267956138822e-01	1.357781160426258793e-01	2.751529882018650675e-01	1.718897254990354728e-01	8.039038901684479599e-02	3.496887347335302793e-02	8.880758097049908095e-02
1.514222076874103550e+03	2.125504986640085192e-01	1.354660495935414988e-01	2.754458962731320959e-01	1.720962508783115685e-01	8.047597141941914556e-02	3.502809367091242604e-02	8.893723950051198035e-02
1.519059847087758726e+03	2.120913201724018149e-01	1.351557044993345613e-01	2.757370855443368463e-01	1.723015890114097670e-01	8.056110535642198311e-02	3.508703544330488838e-02	8.906615997262738726e-02
1.523897617301414357e+03	2.116347761446136788e-01	1.348470711853518855e-01	2.760265669236365293e-01	1.725057464804819196e-01	8.064579313647060599e-02	3.514569976532819218e-02	8.919434636395441596e-02
1.528735387515069533e+03	2.111808514923087798e-01	1.345401401301486444e-01	2.763143512390096035e-01	1.727087298346288713e-01	8.073003705653708506e-02	3.520408761373218509e-02	8.932180263347207216e-02
1.533573157728724709e+03	2.107295312144690236e-01	1.342349018651989856e-01	2.766004492389798619e-01	1.729105455900125654e-01	8.081383940201383731e-02	3.526219996710445309e-02	8.944853272205850747e-02
1.538410927942380113e+03	2.102808003968694994e-01	1.339313469746077900e-01	2.768848715933331373e-01	1.731112002299689256e-01	8.089720244677847671e-02	3.532003780575825036e-02	8.957454055252117575e-02
1.543248698156035516e+03	2.098346442115578414e-01	1.336294660948240398e-01	2.771676288938259569e-01	1.733107002051210987e-01	8.098012845325788800e-02	3.537760211162251783e-02	8.969983002962793328e-02
1.548086468369690692e+03	2.093910479163371141e-01	1.333292499143554910e-01	2.774487316548867044e-01	1.735090519334931691e-01	8.106261967249153710e-02	3.543489386813415687e-02	8.982440504013905480e-02
1.552924238583346096e+03	2.089499968542519459e-01	1.330306891734849839e-01	2.777281903143091202e-01	1.737062618006244286e-01	8.114467834419422654e-02	3.549191406013229438e-02	8.994826945284024877e-02
1.557762008797001272e+03	2.085114764530781872e-01	1.327337746639880578e-01	2.780060152339379753e-01	1.739023361596839234e-01	8.122630669681790705e-02	3.554866367375468517e-02	9.007142711857653306e-02
1.562599779010656675e+03	2.080754722248157607e-01	1.324384972288520090e-01	2.782822167003478064e-01	1.740972813315856127e-01	8.130750694761310071e-02	3.560514369633609177e-02	9.019388187028691550e-02
1.567437549224311852e+03	2.076419697651848972e-01	1.321448477619963924e-01	2.785568049255139900e-01	1.742911036051038587e-01	8.138828130268953298e-02	3.566135511630867672e-02	9.031563752304000436e-02
1.572275319437967255e+03	2.072109547531257034e-01	1.318528172079950211e-01	2.788297900474765445e-01	1.744838092369891680e-01	8.146863195707611249e-02	3.571729892310435139e-02	9.043669787407043748e-02
1.577113089651622431e+03	2.067824129503008923e-01	1.315623965617991609e-01	2.791011821309971053e-01	1.746754044520846261e-01	8.154856109478041126e-02	3.577297610705906100e-02	9.055706670281606085e-02
1.581950859865277607e+03	2.063563302006018452e-01	1.312735768684624715e-01	2.793709911682084046e-01	1.748658954434423873e-01	8.162807088884743711e-02	3.582838765931890129e-02	9.067674777095598160e-02
1.586788630078933011e+03	2.059326924296577821e-01	1.309863492228669768e-01	2.796392270792568135e-01	1.750552883724406927e-01	8.170716350141783713e-02	3.588353457174817823e-02	9.079574482244925915e-02
1.591626400292587959e+03	2.055114856443482074e-01	1.307007047694507818e-01	2.799058997129381110e-01	1.752435893689010815e-01	8.178584108378564310e-02	3.593841783683918850e-02	9.091406158357449863e-02
1.596464170506243590e+03	2.050926959323184917e-01	1.304166347019369288e-01	2.801710188473267582e-01	1.754308045312060471e-01	8.186410577645533704e-02	3.599303844762387350e-02	9.103170176297006866e-02
1.601301940719898766e+03	2.046763094614986456e-01	1.301341302630637520e-01	2.804345941903975126e-01	1.756169399264169151e-01	8.194195970919841698e-02	3.604739739758719419e-02	9.114866905167506861e-02
1.606139710933553943e+03	2.042623124796250356e-01	1.298531827443166198e-01	2.806966353806411019e-01	1.758020015903920263e-01	8.201940500110951882e-02	3.610149568058224068e-02	9.126496712317092030e-02
1.610977481147209119e+03	2.038506913137653476e-01	1.295737834856610649e-01	2.809571519876732926e-01	1.759859955279051147e-01	8.209644376066188576e-02	3.615533429074702099e-02	9.138059963342376468e-02
1.615815251360864750e+03	2.034414323698466032e-01	1.292959238752771356e-01	2.812161535128368528e-01	1.761689277127640729e-01	8.217307808576244932e-02	3.620891422242299151e-02	9.149557022092735803e-02
1.620653021574519926e+03	2.030345221321861460e-01	1.290195953492953296e-01	2.814736493897979086e-01	1.763508040879298577e-01	8.224931006380636900e-02	3.626223647007510709e-02	9.160988250674674538e-02
1.625490791788175102e+03	2.026299471630257643e-01	1.287447893915337482e-01	2.817296489851351393e-01	1.765316305656356166e-01	8.232514177173112790e-02	3.631530202821359882e-02	9.172354009456243351e-02
1.630328562001830505e+03	2.022276941020687002e-01	1.284714975332367504e-01	2.819841615989232553e-01	1.767114130275060924e-01	8.240057527607018428e-02	3.636811189131726463e-02	9.183654657071521621e-02
1.635166332215485909e+03	2.018277496660196291e-01	1.281997113528146603e-01	2.822371964653099807e-01	1.768901573246771941e-01	8.247561263300606793e-02	3.642066705375834185e-02	9.194890550425165177e-02
1.640004102429141085e+03	2.014301006481276635e-01	1.279294224755851694e-01	2.824887627530870970e-01	1.770678692779155683e-01	8.255025588842317130e-02	3.647296850972889942e-02	9.206062044696998459e-02
1.644841872642796488e+03	2.010347339177322445e-01	1.276606225735158473e-01	2.827388695662552132e-01	1.772445546777387804e-01	8.262450707795999938e-02	3.652501725316874975e-02	9.217169493346673292e-02
1.649679642856451665e+03	2.006416364198120583e-01	1.273933033649680968e-01	2.829875259445825963e-01	1.774202192845351633e-01	8.269836822706110036e-02	3.657681427769481769e-02	9.228213248118372070e-02
1.654517413070107068e+03	2.002507951745365333e-01	1.271274566144423301e-01	2.832347408641583963e-01	1.775948688286841104e-01	8.277184135102848284e-02	3.662836057653196670e-02	9.239193659045571994e-02
1.659355183283762244e+03	1.998621972768206412e-01	1.268630741323246158e-01	2.834805232379394302e-01	1.777685090106763399e-01	8.284492845507268610e-02	3.667965714244525444e-02	9.250111074455853732e-02
1.664192953497417420e+03	1.994758298958820286e-01	1.266001477746345194e-01	2.837248819162918601e-01	1.779411455012344656e-01	8.291763153436344791e-02	3.673070496767359694e-02	9.260965840975760033e-02
1.669030723711072824e+03	1.990916802748015080e-01	1.263386694427742207e-01	2.839678256875264872e-01	1.781127839414334557e-01	8.298995257408002535e-02	3.678150504386477893e-02	9.271758303535709844e-02
1.673868493924728000e+03	1.987097357300858791e-01	1.260786310832791024e-01	2.842093632784290502e-01	1.782834299428212033e-01	8.306189354946102998e-02	3.683205836201186578e-02	9.282488805374948526e-02
1.678706264138383403e+03	1.983299836512339154e-01	1.258200246875694484e-01	2.844495033547844720e-01	1.784530890875394571e-01	8.313345642585402706e-02	3.688236591239089923e-02	9.293157688046546627e-02
1.683544034352038352e+03	1.979524115003047091e-01	1.255628422917036691e-01	2.846882545218957783e-01	1.786217669284444476e-01	8.320464315876470451e-02	3.693242868449993915e-02	9.303765291422445849e-02
1.688381804565693983e+03	1.975770068114891809e-01	1.253070759761325537e-01	2.849256253250976312e-01	1.787894689892278177e-01	8.327545569390566726e-02	3.698224766699934746e-02	9.314311953698545254e-02
1.693219574779349159e+03	1.972037571906840314e-01	1.250527178654549654e-01	2.851616242502646448e-01	1.789562007645374431e-01	8.334589596724492622e-02	3.703182384765339036e-02	9.324798011399827724e-02
1.698057344993004335e+03	1.968326503150684137e-01	1.247997601281747443e-01	2.853962597243136501e-01	1.791219677200984461e-01	8.341596590505406805e-02	3.708115821327303413e-02	9.335223799385526655e-02
1.702895115206659511e+03	1.964636739326834081e-01	1.245481949764589702e-01	2.856295401157018521e-01	1.792867752928340996e-01	8.348566742395607809e-02	3.713025174965997599e-02	9.345589650854325969e-02
1.707732885420315142e+03	1.960968158620140234e-01	1.242980146658973634e-01	2.858614737349186585e-01	1.794506288909868408e-01	8.355500243097273294e-02	3.717910544155187541e-02	9.355895897349614243e-02
1.712570655633970318e+03	1.957320639915738902e-01	1.240492114952630731e-01	2.860920688349734009e-01	1.796135338942391746e-01	8.362397282357184047e-02	3.722772027256875810e-02	9.366142868764751328e-02
1.717408425847625494e+03	1.953694062794926467e-01	1.238017778062746044e-01	2.863213336118771712e-01	1.797754956538346327e-01	8.369258048971410513e-02	3.727609722516059959e-02	9.376330893348386319e-02
1.722246196061280898e+03	1.950088307531057941e-01	1.235557059833591043e-01	2.865492762051202735e-01	1.799365194926988432e-01	8.376082730789961850e-02	3.732423728055601908e-02	9.386460297709806055e-02
1.727083966274936301e+03	1.946503255085472450e-01	1.233109884534168005e-01	2.867759046981440685e-01	1.800966107055601839e-01	8.382871514721415562e-02	3.737214141871209733e-02	9.396531406824314148e-02
1.731921736488591478e+03	1.942938787103443421e-01	1.230676176855867304e-01	2.870012271188088770e-01	1.802557745590710192e-01	8.389624586737505496e-02	3.741981061826531174e-02	9.406544544038636380e-02
1.736759506702246881e+03	1.939394785910154573e-01	1.228255861910137192e-01	2.872252514398561662e-01	1.804140162919281587e-01	8.396342131877697346e-02	3.746724585648354006e-02	9.416500031076369126e-02
1.741597276915902057e+03	1.935871134506702285e-01	1.225848865226164958e-01	2.874479855793663496e-01	1.805713411149938996e-01	8.403024334253718364e-02	3.751444810921910483e-02	9.426398188043445814e-02
1.746435047129557461e+03	1.932367716566121274e-01	1.223455112748571133e-01	2.876694374012119804e-01	1.807277542114166247e-01	8.409671377054070418e-02	3.756141835086290043e-02	9.436239333433635301e-02
1.751272817343212637e+03	1.928884416429435256e-01	1.221074530835115912e-01	2.878896147155059482e-01	1.808832607367514278e-01	8.416283442548508353e-02	3.760815755429951918e-02	9.446023784134065238e-02
1.756110587556867813e+03	1.925421119101734524e-01	1.218707046254417364e-01	2.881085252790457352e-01	1.810378658190806567e-01	8.422860712092496149e-02	3.765466669086341839e-02	9.455751855430774566e-02
1.760948357770523216e+03	1.921977710248275462e-01	1.216352586183681028e-01	2.883261767957522315e-01	1.811915745591344273e-01	8.429403366131642261e-02	3.770094673029601023e-02	9.465423861014293783e-02
1.765786127984178393e+03	1.918554076190605862e-01	1.214011078206442967e-01	2.885425769171047761e-01	1.813443920304109169e-01	8.435911584206091940e-02	3.774699864070379940e-02	9.475040112985237684e-02
1.770623898197833569e+03	1.915150103902714118e-01	1.211682450310323789e-01	2.887577332425714238e-01	1.814963232792966841e-01	8.442385544954904286e-02	3.779282338851743667e-02	9.484600921859934197e-02
1.775461668411488745e+03	1.911765681007202289e-01	1.209366630884794874e-01	2.889716533200348270e-01	1.816473733251866285e-01	8.448825426120409876e-02	3.783842193845173008e-02	9.494106596576065704e-02
1.780299438625144376e+03	1.908400695771483024e-01	1.207063548718956270e-01	2.891843446462142309e-01	1.817975471606042281e-01	8.455231404552533692e-02	3.788379525346656507e-02	9.503557444498336726e-02
1.785137208838799552e+03	1.905055037104000648e-01	1.204773132999325952e-01	2.893958146670824738e-01	1.819468497513212213e-01	8.461603656213093072e-02	3.792894429472876833e-02	9.512953771424161042e-02
1.789974979052454728e+03	1.901728594550474716e-01	1.202495313307642560e-01	2.896060707782792121e-01	1.820952860364774273e-01	8.467942356180079011e-02	3.797387002157480429e-02	9.522295881589365463e-02
1.794812749266109904e+03	1.898421258290168556e-01	1.200230019618677285e-01	2.898151203255201480e-01	1.822428609287002343e-01	8.474247678651909699e-02	3.801857339147440840e-02	9.531584077673914412e-02
1.799650519479765535e+03	1.895132919132179183e-01	1.197977182298059357e-01	2.900229706050013734e-01	1.823895793142242261e-01	8.480519796951657696e-02	3.806305535999503914e-02	9.540818660807651175e-02
1.804488289693420711e+03	1.891863468511751356e-01	1.195736732100111943e-01	2.902296288638006039e-01	1.825354460530101697e-01	8.486758883531261843e-02	3.810731688076723217e-02	9.549999930576057172e-02
1.809326059907075887e+03	1.888612798486614119e-01	1.193508600165700817e-01	2.904351023002736398e-01	1.826804659788643648e-01	8.492965109975703086e-02	3.815135890545070380e-02	9.559128185026025126e-02
1.814163830120731291e+03	1.885380801733340106e-01	1.191292718020092734e-01	2.906393980644472741e-01	1.828246438995573819e-01	8.499138647007177527e-02	3.819518238370136348e-02	9.568203720671646095e-02
1.819001600334386467e+03	1.882167371543727041e-01	1.189089017570826856e-01	2.908425232584078146e-01	1.829679845969428842e-01	8.505279664489223679e-02	3.823878826313908963e-02	9.577226832500014553e-02
1.823839370548041643e+03	1.878972401821202287e-01	1.186897431105596451e-01	2.910444849366863873e-01	1.831104928270761434e-01	8.511388331430848331e-02	3.828217748931624781e-02	9.586197813977041793e-02
1.828677140761696819e+03	1.875795787077249310e-01	1.184717891290142655e-01	2.912452901066397981e-01	1.832521733203323899e-01	8.517464815990617721e-02	3.832535100568710412e-02	9.595116957053290152e-02
1.833514910975352450e+03	1.872637422427856080e-01	1.182550331166158514e-01	2.914449457288278422e-01	1.833930307815249405e-01	8.523509285480737607e-02	3.836830975357789081e-02	9.603984552169808619e-02
1.838352681189008081e+03	1.869497203589985113e-01	1.180394684149205786e-01	2.916434587173867832e-01	1.835330698900231872e-01	8.529521906371100026e-02	3.841105467215769065e-02	9.612800888263987875e-02
1.843190451402663257e+03	1.866375026878065724e-01	1.178250884026641049e-01	2.918408359403993346e-01	1.836722952998702807e-01	8.535502844293320346e-02	3.845358669841000138e-02	9.621566252775419492e-02
1.848028221616318433e+03	1.863270789200508204e-01	1.176118864955554705e-01	2.920370842202605344e-01	1.838107116399006202e-01	8.541452264044746556e-02	3.849590676710509807e-02	9.630280931651769016e-02
1.852865991829973609e+03	1.860184388056238813e-01	1.173998561460718598e-01	2.922322103340406763e-01	1.839483235138571759e-01	8.547370329592450522e-02	3.853801581077303390e-02	9.638945209354655985e-02
1.857703762043628785e+03	1.857115721531255315e-01	1.171889908432547922e-01	2.924262210138438567e-01	1.840851355005085621e-01	8.553257204077208131e-02	3.857991475967739031e-02	9.647559368865546436e-02
1.862541532257283961e+03	1.854064688295206376e-01	1.169792841125071176e-01	2.926191229471636346e-01	1.842211521537656937e-01	8.559113049817437813e-02	3.862160454178971414e-02	9.656123691691642641e-02
1.867379302470939592e+03	1.851031187597987904e-01	1.167707295153912611e-01	2.928109227772350831e-01	1.843563780027985821e-01	8.564938028313140439e-02	3.866308608276459308e-02	9.664638457871789490e-02
1.872217072684594768e+03	1.848015119266364636e-01	1.165633206494284257e-01	2.930016271033829001e-01	1.844908175521524085e-01	8.570732300249811475e-02	3.870436030591544591e-02	9.673103945982389207e-02
1.877054842898249490e+03	1.845016383700609219e-01	1.163570511478990432e-01	2.931912424813665208e-01	1.846244752818637924e-01	8.576496025502332310e-02	3.874542813219091636e-02	9.681520433143307736e-02
1.881892613111905121e+03	1.842034881871163765e-01	1.161519146796441276e-01	2.933797754237222888e-01	1.847573556475764767e-01	8.582229363138846323e-02	3.878629048015194702e-02	9.689888195023799167e-02
1.886730383325560297e+03	1.839070515315320287e-01	1.159479049488678221e-01	2.935672324001010192e-01	1.848894630806569572e-01	8.587932471424614134e-02	3.882694826594944304e-02	9.698207505848428778e-02
1.891568153539215928e+03	1.836123186133921947e-01	1.157450156949409448e-01	2.937536198376036745e-01	1.850208019883096688e-01	8.593605507825849421e-02	3.886740240330263663e-02	9.706478638403003012e-02
1.896405923752871104e+03	1.833192796988086515e-01	1.155432406922055621e-01	2.939389441211129328e-01	1.851513767536921706e-01	8.599248629013538092e-02	3.890765380347795122e-02	9.714701864040498069e-02
1.901243693966526507e+03	1.830279251095945636e-01	1.153425737497807413e-01	2.941232115936217584e-01	1.852811917360296656e-01	8.604861990867240795e-02	3.894770337526853171e-02	9.722877452686995436e-02
1.906081464180181683e+03	1.827382452229408538e-01	1.151430087113691630e-01	2.943064285565587523e-01	1.854102512707295758e-01	8.610445748478870454e-02	3.898755202497437150e-02	9.731005672847617416e-02
1.910919234393836859e+03	1.824502304710942102e-01	1.149445394550649563e-01	2.944886012701105060e-01	1.855385596694957284e-01	8.616000056156458697e-02	3.902720065638297375e-02	9.739086791612462657e-02
1.915757004607492036e+03	1.821638713410371757e-01	1.147471598931624759e-01	2.946697359535406235e-01	1.856661212204422096e-01	8.621525067427901479e-02	3.906665017075058866e-02	9.747121074662547235e-02
1.920594774821147894e+03	1.818791583741702633e-01	1.145508639719661076e-01	2.948498387855059133e-01	1.857929401882068843e-01	8.627020935044690808e-02	3.910590146678405432e-02	9.755108786275740185e-02
1.925432545034802843e+03	1.815960821659958757e-01	1.143556456716011693e-01	2.950289159043693044e-01	1.859190208140648060e-01	8.632487810985622900e-02	3.914495544062310955e-02	9.763050189332701800e-02
1.930270315248458019e+03	1.813146333658042508e-01	1.141614990058257423e-01	2.952069734085099872e-01	1.860443673160411260e-01	8.637925846460491053e-02	3.918381298582331029e-02	9.770945545322823333e-02
1.935108085462113195e+03	1.810348026763611562e-01	1.139684180218435705e-01	2.953840173566302241e-01	1.861689838890238369e-01	8.643335191913767424e-02	3.922247499333948034e-02	9.778795114350162521e-02
1.939945855675768371e+03	1.807565808535976926e-01	1.137763968001180015e-01	2.955600537680598272e-01	1.862928747048761269e-01	8.648715997028255664e-02	3.926094235150957845e-02	9.786599155139377726e-02
1.944783625889424002e+03	1.804799587063018740e-01	1.135854294541868426e-01	2.957350886230571407e-01	1.864160439125484292e-01	8.654068410728740779e-02	3.929921594603921764e-02	9.794357925041657920e-02
1.949621396103079178e+03	1.802049270958120120e-01	1.133955101304783414e-01	2.959091278631075794e-01	1.865384956381902770e-01	8.659392581185608451e-02	3.933729665998658004e-02	9.802071680040659596e-02
1.954459166316734354e+03	1.799314769357121258e-01	1.132066330081280825e-01	2.960821773912189481e-01	1.866602339852615755e-01	8.664688655818461593e-02	3.937518537374786604e-02	9.809740674758428425e-02
1.959296936530389530e+03	1.796595991915289348e-01	1.130187922987968274e-01	2.962542430722143183e-01	1.867812630346439018e-01	8.669956781299707760e-02	3.941288296504324301e-02	9.817365162461323680e-02
1.964134706744044706e+03	1.793892848804309881e-01	1.128319822464894928e-01	2.964253307330219633e-01	1.869015868447511941e-01	8.675197103558136835e-02	3.945039030890321041e-02	9.824945395065935727e-02
1.968972476957700337e+03	1.791205250709294872e-01	1.126461971273750168e-01	2.965954461629625172e-01	1.870212094516401635e-01	8.680409767782484853e-02	3.948770827765549912e-02	9.832481623145002125e-02
1.973810247171355968e+03	1.788533108825807461e-01	1.124614312496071411e-01	2.967645951140336913e-01	1.871401348691206501e-01	8.685594918424971445e-02	3.952483774091240798e-02	9.839974095933322340e-02
1.978648017385010689e+03	1.785876334856907610e-01	1.122776789531463176e-01	2.969327833011918827e-01	1.872583670888652019e-01	8.690752699204834508e-02	3.956177956555854969e-02	9.847423061333651639e-02
1.983485787598666320e+03	1.783234841010213068e-01	1.120949346095824473e-01	2.971000164026315615e-01	1.873759100805186539e-01	8.695883253111839906e-02	3.959853461573910327e-02	9.854828765922613032e-02
1.988323557812321269e+03	1.780608539994979200e-01	1.119131926219587153e-01	2.972663000600617722e-01	1.874927677918072078e-01	8.700986722409774499e-02	3.963510375284844123e-02	9.862191454956578673e-02
1.993161328025976900e+03	1.777997345019196873e-01	1.117324474245962040e-01	2.974316398789801363e-01	1.876089441486473441e-01	8.706063248639932250e-02	3.967148783551923547e-02	9.869511372377566538e-02
1.997999098239632076e+03	1.775401169786706701e-01	1.115526934829196432e-01	2.975960414289443023e-01	1.877244430552541254e-01	8.711112972624576734e-02	3.970768771961195182e-02	9.876788760819113500e-02
2.002836868453287707e+03	1.772819928494330788e-01	1.113739252932839929e-01	2.977595102438410080e-01	1.878392683942494146e-01	8.716136034470385596e-02	3.974370425820474700e-02	9.884023861612152573e-02
2.007674638666942428e+03	1.770253535829023062e-01	1.111961373828020266e-01	2.979220518221523117e-01	1.879534240267694833e-01	8.721132573571897806e-02	3.977953830158381665e-02	9.891216914790872117e-02
2.012512408880597604e+03	1.767701906965035152e-01	1.110193243091728427e-01	2.980836716272196596e-01	1.880669137925726209e-01	8.726102728614917869e-02	3.981519069723408327e-02	9.898368159098577812e-02
2.017350179094252780e+03	1.765164957561099479e-01	1.108434806605112372e-01	2.982443750875055088e-01	1.881797415101459925e-01	8.731046637579926994e-02	3.985066228983030062e-02	9.905477831993540760e-02
2.022187949307908411e+03	1.762642603757630932e-01	1.106686010551781590e-01	2.984041675968522322e-01	1.882919109768124710e-01	8.735964437745473432e-02	3.988595392122856742e-02	9.912546169654835870e-02
2.027025719521564042e+03	1.760134762173942991e-01	1.104946801416119978e-01	2.985630545147389681e-01	1.884034259688369684e-01	8.740856265691539229e-02	3.992106643045813252e-02	9.919573406988177466e-02
2.031863489735218764e+03	1.757641349905482986e-01	1.103217125981607177e-01	2.987210411665360832e-01	1.885142902415323507e-01	8.745722257302902813e-02	3.995600065371369275e-02	9.926559777631734083e-02
2.036701259948874394e+03	1.755162284521080696e-01	1.101496931329150469e-01	2.988781328437570828e-01	1.886245075293650764e-01	8.750562547772480770e-02	3.999075742434794745e-02	9.933505513961946032e-02
2.041539030162529116e+03	1.752697484060217192e-01	1.099786164835425406e-01	2.990343348043082994e-01	1.887340815460605281e-01	8.755377271604661282e-02	4.002533757286454857e-02	9.940410847099330482e-02
2.046376800376184747e+03	1.750246867030307019e-01	1.098084774171224631e-01	2.991896522727363061e-01	1.888430159847078738e-01	8.760166562618609820e-02	4.005974192691140467e-02	9.947276006914268498e-02
2.051214570589840150e+03	1.747810352403998679e-01	1.096392707299817387e-01	2.993440904404734426e-01	1.889513145178645659e-01	8.764930553951574832e-02	4.009397131127432484e-02	9.954101222032787910e-02
2.056052340803495554e+03	1.745387859616489845e-01	1.094709912475315822e-01	2.994976544660803430e-01	1.890589807976605641e-01	8.769669378062169840e-02	4.012802654787098883e-02	9.960886719842336479e-02
2.060890111017150957e+03	1.742979308562858931e-01	1.093036338241052396e-01	2.996503494754870767e-01	1.891660184559020852e-01	8.774383166733647210e-02	4.016190845574527102e-02	9.967632726497542561e-02
2.065727881230805451e+03	1.740584619595414162e-01	1.091371933427964652e-01	2.998021805622315128e-01	1.892724311041751040e-01	8.779072051077149719e-02	4.019561785106183505e-02	9.974339466925961906e-02
2.070565651444461309e+03	1.738203713521055405e-01	1.089716647152989687e-01	2.999531527876957426e-01	1.893782223339483262e-01	8.783736161534956566e-02	4.022915554710112390e-02	9.981007164833813339e-02
2.075403421658116713e+03	1.735836511598654874e-01	1.088070428817466823e-01	3.001032711813405585e-01	1.894833957166758565e-01	8.788375627883704411e-02	4.026252235425460679e-02	9.987636042711708906e-02
2.080241191871772116e+03	1.733482935536451996e-01	1.086433228105549431e-01	3.002525407409373792e-01	1.895879548038996720e-01	8.792990579237607018e-02	4.029571908002034519e-02	9.994226321840364580e-02
2.085078962085427065e+03	1.731142907489462424e-01	1.084804994982625781e-01	3.004009664327986773e-01	1.896919031273513745e-01	8.797581144051652702e-02	4.032874652899885726e-02	1.000077822229630264e-01
2.089916732299082469e+03	1.728816350056905926e-01	1.083185679693746961e-01	3.005485531920057407e-01	1.897952441990538308e-01	8.802147450124787886e-02	4.036160550288930143e-02	1.000729196295753326e-01
2.094754502512737417e+03	1.726503186279646218e-01	1.081575232762065630e-01	3.006953059226346592e-01	1.898979815114223424e-01	8.806689624603086797e-02	4.039429680048591681e-02	1.001376776150923881e-01
2.099592272726392821e+03	1.724203339637649102e-01	1.079973604987282398e-01	3.008412294979805335e-01	1.900001185373654533e-01	8.811207793982915593e-02	4.042682121767476877e-02	1.002020583444943186e-01
2.104430042940048224e+03	1.721916734047451436e-01	1.078380747444099563e-01	3.009863287607794646e-01	1.901016587303853422e-01	8.815702084114064585e-02	4.045917954743076528e-02	1.002660639709460622e-01
2.109267813153704083e+03	1.719643293859650646e-01	1.076796611480685117e-01	3.011306085234283780e-01	1.902026055246779368e-01	8.820172620202890168e-02	4.049137257981494376e-02	1.003296966358536990e-01
2.114105583367359031e+03	1.717382943856404220e-01	1.075221148717144665e-01	3.012740735682031823e-01	1.903029623352324728e-01	8.824619526815416504e-02	4.052340110197204942e-02	1.003929584689206705e-01
2.118943353581013525e+03	1.715135609248946980e-01	1.073654311044000970e-01	3.014167286474749852e-01	1.904027325579308594e-01	8.829042927880455249e-02	4.055526589812833566e-02	1.004558515882039149e-01
2.123781123794669384e+03	1.712901215675123046e-01	1.072096050620682667e-01	3.015585784839242001e-01	1.905019195696465439e-01	8.833442946692679487e-02	4.058696774958965581e-02	1.005183781001697252e-01
2.128618894008324787e+03	1.710679689196930031e-01	1.070546319874021018e-01	3.016996277707529872e-01	1.906005267283430171e-01	8.837819705915701818e-02	4.061850743473981867e-02	1.005805400997495658e-01
2.133456664221980191e+03	1.708470956298080712e-01	1.069005071496755138e-01	3.018398811718957520e-01	1.906985573731719008e-01	8.842173327585141351e-02	4.064988572903914521e-02	1.006423396703957779e-01
2.138294434435635139e+03	1.706274943881576911e-01	1.067472258446045263e-01	3.019793433222275891e-01	1.907960148245707310e-01	8.846503933111668494e-02	4.068110340502332362e-02	1.007037788841370074e-01
2.143132204649290543e+03	1.704091579267299483e-01	1.065947833941993939e-01	3.021180188277715062e-01	1.908929023843603801e-01	8.850811643284035857e-02	4.071216123230244482e-02	1.007648598016335911e-01
2.147969974862945492e+03	1.701920790189611343e-01	1.064431751466175941e-01	3.022559122659028708e-01	1.909892233358418678e-01	8.855096578272107777e-02	4.074305997756033637e-02	1.008255844722327904e-01
2.152807745076601350e+03	1.699762504794975482e-01	1.062923964760175699e-01	3.023930281855529700e-01	1.910849809438930624e-01	8.859358857629862083e-02	4.077380040455409749e-02	1.008859549340237610e-01
2.157645515290255844e+03	1.697616651639586860e-01	1.061424427824133321e-01	3.025293711074105718e-01	1.911801784550648531e-01	8.863598600298386310e-02	4.080438327411382848e-02	1.009459732138925231e-01
2.162483285503912157e+03	1.695483159687017349e-01	1.059933094915297969e-01	3.026649455241213205e-01	1.912748190976769347e-01	8.867815924608862810e-02	4.083480934414263075e-02	1.010056413275766812e-01
2.167321055717567106e+03	1.693361958305876214e-01	1.058449920546590400e-01	3.027997559004857453e-01	1.913689060819132315e-01	8.872010948285533050e-02	4.086507936961681492e-02	1.010649612797199642e-01
2.172158825931222509e+03	1.691252977267483637e-01	1.056974859485171475e-01	3.029338066736557145e-01	1.914624425999169322e-01	8.876183788448657741e-02	4.089519410258628945e-02	1.011239350639267370e-01
2.176996596144877003e+03	1.689156146743557851e-01	1.055507866751020790e-01	3.030671022533288905e-01	1.915554318258851640e-01	8.880334561617454769e-02	4.092515429217518513e-02	1.011825646628161657e-01
2.181834366358532861e+03	1.687071397303915032e-01	1.054048897615521563e-01	3.031996470219416318e-01	1.916478769161631124e-01	8.884463383713037121e-02	4.095496068458269467e-02	1.012408520480763824e-01
2.186672136572187810e+03	1.684998659914185570e-01	1.052597907600054256e-01	3.033314453348600614e-01	1.917397810093380561e-01	8.888570370061318893e-02	4.098461402308407192e-02	1.012987991805184146e-01
2.191509906785843214e+03	1.682937865933541721e-01	1.051154852474597001e-01	3.034625015205700826e-01	1.918311472263327655e-01	8.892655635395925462e-02	4.101411504803185309e-02	1.013564080101299336e-01
2.196347676999498617e+03	1.680888947112437470e-01	1.049719688256334910e-01	3.035928198808648393e-01	1.919219786704985387e-01	8.896719293861088396e-02	4.104346449685730702e-02	1.014136804761289062e-01
2.201185447213154021e+03	1.678851835590364772e-01	1.048292371208275897e-01	3.037224046910315112e-01	1.920122784277079608e-01	8.900761459014516763e-02	4.107266310407199639e-02	1.014706185070169964e-01
2.206023217426809424e+03	1.676826463893620889e-01	1.046872857837875259e-01	3.038512602000357221e-01	1.921020495664471917e-01	8.904782243830268451e-02	4.110171160126956796e-02	1.015272240206328697e-01
2.210860987640464373e+03	1.674812764933089337e-01	1.045461104895667043e-01	3.039793906307052263e-01	1.921912951379078638e-01	8.908781760701599273e-02	4.113061071712773020e-02	1.015834989242052622e-01
2.215698757854119776e+03	1.672810672002033594e-01	1.044057069373903329e-01	3.041068001799109299e-01	1.922800181760785931e-01	8.912760121443809302e-02	4.115936117741041123e-02	1.016394451144059380e-01
2.220536528067775180e+03	1.670820118773905794e-01	1.042660708505201150e-01	3.042334930187477471e-01	1.923682216978361559e-01	8.916717437297067006e-02	4.118796370497004172e-02	1.016950644774024803e-01
2.225374298281430583e+03	1.668841039300164586e-01	1.041271979761196342e-01	3.043594732927124014e-01	1.924559087030361659e-01	8.920653818929225043e-02	4.121641901975007377e-02	1.017503588889107774e-01
2.230212068495085077e+03	1.666873368008109646e-01	1.039890840851205728e-01	3.044847451218812284e-01	1.925430821746035581e-01	8.924569376438626356e-02	4.124472783878761761e-02	1.018053302142475636e-01
2.235049838708740936e+03	1.664917039698726176e-01	1.038517249720895541e-01	3.046093126010854246e-01	1.926297450786224053e-01	8.928464219356892217e-02	4.127289087621628660e-02	1.018599803083825722e-01
2.239887608922396339e+03	1.662971989544543283e-01	1.037151164550958876e-01	3.047331798000852410e-01	1.927159003644255408e-01	8.932338456651701952e-02	4.130090884326913236e-02	1.019143110159906468e-01
2.244725379136052197e+03	1.661038153087505409e-01	1.035792543755798545e-01	3.048563507637426229e-01	1.928015509646837655e-01	8.936192196729560167e-02	4.132878244828180891e-02	1.019683241715036159e-01
2.249563149349706237e+03	1.659115466236854852e-01	1.034441345982218402e-01	3.049788295121924064e-01	1.928866997954947204e-01	8.940025547438550102e-02	4.135651239669588253e-02	1.020220215991619744e-01
2.254400919563362095e+03	1.657203865267027620e-01	1.033097530108122025e-01	3.051006200410123492e-01	1.929713497564710944e-01	8.943838616071074499e-02	4.138409939106221791e-02	1.020754051130664392e-01
2.259238689777017044e+03	1.655303286815561492e-01	1.031761055241217917e-01	3.052217263213912180e-01	1.930555037308288591e-01	8.947631509366586744e-02	4.141154413104460724e-02	1.021284765172293385e-01
2.264076459990672902e+03	1.653413667881016014e-01	1.030431880717732201e-01	3.053421523002959326e-01	1.931391645854747541e-01	8.951404333514308143e-02	4.143884731342348249e-02	1.021812376056257243e-01
