1.001418434226643626e+03	2.798491047129054721e-01	1.803558268291031996e-01	2.349123964297511469e-01	1.410659989299144490e-01	6.807388272262618334e-02	2.680910657209404496e-02	6.893368380344197521e-02
1.002869765290740247e+03	2.795934320207436596e-01	1.801892510510949841e-01	2.350953191877859783e-01	1.411710354352902763e-01	6.811707521854254432e-02	2.683515373526399947e-02	6.899873335111510186e-02
1.004321096354836754e+03	2.793381950677233938e-01	1.800229577632299349e-01	2.352779301353775943e-01	1.412758757554610223e-01	6.816019407313335388e-02	2.686117311891220161e-02	6.906367408599907443e-02
1.005772427418933376e+03	2.790833931077993935e-01	1.798569464859287592e-01	2.354602298020774531e-01	1.413805202959028118e-01	6.820323941234016085e-02	2.688716471631375990e-02	6.912850617947420562e-02
1.007223758483029997e+03	2.788290253962185106e-01	1.796912167404262350e-01	2.356422187165374826e-01	1.414849694611072517e-01	6.824621136188846471e-02	2.691312852093163260e-02	6.919322980272706036e-02
1.008675089547126618e+03	2.785750911895169546e-01	1.795257680487701568e-01	2.358238974065113569e-01	1.415892236545842897e-01	6.828911004728817347e-02	2.693906452641572566e-02	6.925784512675003946e-02
1.010126420611223239e+03	2.783215897455184606e-01	1.793605999338196144e-01	2.360052663988563282e-01	1.416932832788650731e-01	6.833193559383413107e-02	2.696497272660200797e-02	6.932235232234112976e-02
1.011577751675319632e+03	2.780685203233316249e-01	1.791957119192439662e-01	2.361863262195345037e-01	1.417971487355049742e-01	6.837468812660656148e-02	2.699085311551160937e-02	6.938675156010357115e-02
1.013029082739416367e+03	2.778158821833479619e-01	1.790311035295212017e-01	2.363670773936144553e-01	1.419008204250862826e-01	6.841736777047158213e-02	2.701670568734996364e-02	6.945104301044546791e-02
1.014480413803512761e+03	2.775636745872392952e-01	1.788667742899366642e-01	2.365475204452727187e-01	1.420042987472211193e-01	6.845997465008166194e-02	2.704253043650589605e-02	6.951522684357952508e-02
1.015931744867609382e+03	2.773118967979559257e-01	1.787027237265816637e-01	2.367276558977953749e-01	1.421075841005544071e-01	6.850250888987609310e-02	2.706832735755076991e-02	6.957930322952271540e-02
1.017383075931706003e+03	2.770605480797238007e-01	1.785389513663521721e-01	2.369074842735794661e-01	1.422106768827665346e-01	6.854497061408144909e-02	2.709409644523759833e-02	6.964327233809593232e-02
1.018834406995802851e+03	2.768096276980426818e-01	1.783754567369473798e-01	2.370870060941346613e-01	1.423135774905762707e-01	6.858735994671209812e-02	2.711983769450018386e-02	6.970713433892375410e-02
1.020285738059899245e+03	2.765591349196836468e-01	1.782122393668683358e-01	2.372662218800845324e-01	1.424162863197436235e-01	6.862967701157060563e-02	2.714555110045223721e-02	6.977088940143409690e-02
1.021737069123995752e+03	2.763090690126869253e-01	1.780492987854166154e-01	2.374451321511683033e-01	1.425188037650725881e-01	6.867192193224820607e-02	2.717123665838652030e-02	6.983453769485797880e-02
1.023188400188092373e+03	2.760594292463596777e-01	1.778866345226929324e-01	2.376237374262421820e-01	1.426211302204139775e-01	6.871409483212526093e-02	2.719689436377400668e-02	6.989807938822914513e-02
1.024639731252188767e+03	2.758102148912736085e-01	1.777242461095958626e-01	2.378020382232809149e-01	1.427232660786682261e-01	6.875619583437170279e-02	2.722252421226298638e-02	6.996151465038387418e-02
1.026091062316285615e+03	2.755614252192629121e-01	1.775621330778203999e-01	2.379800350593793690e-01	1.428252117317881653e-01	6.879822506194746556e-02	2.724812619967825061e-02	7.002484364996065802e-02
1.027542393380382237e+03	2.753130595034219419e-01	1.774002949598565415e-01	2.381577284507538361e-01	1.429269675707817988e-01	6.884018263760295631e-02	2.727370032202021052e-02	7.008806655539993880e-02
1.028993724444478858e+03	2.750651170181028782e-01	1.772387312889882049e-01	2.383351189127437819e-01	1.430285339857151061e-01	6.888206868387941606e-02	2.729924657546406452e-02	7.015118353494381731e-02
1.030445055508575479e+03	2.748175970389135636e-01	1.770774415992915352e-01	2.385122069598130667e-01	1.431299113657147903e-01	6.892388332310948884e-02	2.732476495635896563e-02	7.021419475663587262e-02
1.031896386572671872e+03	2.745704988427153936e-01	1.769164254256338220e-01	2.386889931055516667e-01	1.432311000989709704e-01	6.896562667741748531e-02	2.735025546122715409e-02	7.027710038832080119e-02
1.033347717636768493e+03	2.743238217076208740e-01	1.767556823036720570e-01	2.388654778626770336e-01	1.433321005727399844e-01	6.900729886871995178e-02	2.737571808676314902e-02	7.033990059764426428e-02
1.034799048700865114e+03	2.740775649129916225e-01	1.765952117698515733e-01	2.390416617430355661e-01	1.434329131733471652e-01	6.904890001872597549e-02	2.740115282983290185e-02	7.040259555205256869e-02
1.036250379764961508e+03	2.738317277394359261e-01	1.764350133614046856e-01	2.392175452576041361e-01	1.435335382861894493e-01	6.909043024893771201e-02	2.742655968747296016e-02	7.046518541879245867e-02
1.037701710829058356e+03	2.735863094688067987e-01	1.762750866163494690e-01	2.393931289164916432e-01	1.436339762957382082e-01	6.913188968065070439e-02	2.745193865688965590e-02	7.052767036491089381e-02
1.039153041893154750e+03	2.733413093841994823e-01	1.761154310734883710e-01	2.395684132289402912e-01	1.437342275855418294e-01	6.917327843495434114e-02	2.747728973545826917e-02	7.059005055725479927e-02
1.040604372957251599e+03	2.730967267699494494e-01	1.759560462724067964e-01	2.397433987033272818e-01	1.438342925382286031e-01	6.921459663273227259e-02	2.750261292072221295e-02	7.065232616247082986e-02
1.042055704021347992e+03	2.728525609116300710e-01	1.757969317534719134e-01	2.399180858471660627e-01	1.439341715355091644e-01	6.925584439466282716e-02	2.752790821039221777e-02	7.071449734700517575e-02
1.043507035085444613e+03	2.726088110960506739e-01	1.756380870578311826e-01	2.400924751671080770e-01	1.440338649581793806e-01	6.929702184121933062e-02	2.755317560234551294e-02	7.077656427710331266e-02
1.044958366149541234e+03	2.723654766112539871e-01	1.754795117274111638e-01	2.402665671689439564e-01	1.441333731861229595e-01	6.933812909267063340e-02	2.757841509462501464e-02	7.083852711880982145e-02
1.046409697213637855e+03	2.721225567465141437e-01	1.753212053049161279e-01	2.404403623576050752e-01	1.442326965983140863e-01	6.937916626908141593e-02	2.760362668543853149e-02	7.090038603796817995e-02
1.047861028277734476e+03	2.718800507923345711e-01	1.751631673338267248e-01	2.406138612371650776e-01	1.443318355728200608e-01	6.942013349031261882e-02	2.762881037315793875e-02	7.096214120022051319e-02
1.049312359341831097e+03	2.716379580404457705e-01	1.750053973583987066e-01	2.407870643108413200e-01	1.444307904868039893e-01	6.946103087602184534e-02	2.765396615631839777e-02	7.102379277100745458e-02
1.050763690405927491e+03	2.713962777838030416e-01	1.748478949236615676e-01	2.409599720809962597e-01	1.445295617165274771e-01	6.950185854566368060e-02	2.767909403361755102e-02	7.108534091556793777e-02
1.052215021470024112e+03	2.711550093165843167e-01	1.746906595754172953e-01	2.411325850491389533e-01	1.446281496373530984e-01	6.954261661849017728e-02	2.770419400391471373e-02	7.114678579893893295e-02
1.053666352534120733e+03	2.709141519341881077e-01	1.745336908602389825e-01	2.413049037159265275e-01	1.447265546237471445e-01	6.958330521355120257e-02	2.772926606623009674e-02	7.120812758595540526e-02
1.055117683598217127e+03	2.706737049332313405e-01	1.743769883254695785e-01	2.414769285811655675e-01	1.448247770492822051e-01	6.962392444969479899e-02	2.775431021974402238e-02	7.126936644125000941e-02
1.056569014662313975e+03	2.704336676115471350e-01	1.742205515192204734e-01	2.416486601438136150e-01	1.449228172866397490e-01	6.966447444556755908e-02	2.777932646379611958e-02	7.133050252925293711e-02
1.058020345726410369e+03	2.701940392681825842e-01	1.740643799903703604e-01	2.418200989019805291e-01	1.450206757076127062e-01	6.970495531961506952e-02	2.780431479788455021e-02	7.139153601419176431e-02
1.059471676790506763e+03	2.699548192033967564e-01	1.739084732885638751e-01	2.419912453529300955e-01	1.451183526831080761e-01	6.974536719008218866e-02	2.782927522166524226e-02	7.145246706009132642e-02
1.060923007854603611e+03	2.697160067186584742e-01	1.737528309642101809e-01	2.421620999930813034e-01	1.452158485831495927e-01	6.978571017501351836e-02	2.785420773495109192e-02	7.151329583077342678e-02
1.062374338918700232e+03	2.694776011166442053e-01	1.735974525684818304e-01	2.423326633180098721e-01	1.453131637768800555e-01	6.982598439225370934e-02	2.787911233771120725e-02	7.157402248985678117e-02
1.063825669982796853e+03	2.692396017012358422e-01	1.734423376533132943e-01	2.425029358224495835e-01	1.454102986325641611e-01	6.986618995944782196e-02	2.790398903007012057e-02	7.163464720075686520e-02
1.065277001046893474e+03	2.690020077775186480e-01	1.732874857713999073e-01	2.426729180002938913e-01	1.455072535175908344e-01	6.990632699404177031e-02	2.792883781230703563e-02	7.169517012668567835e-02
1.066728332110990095e+03	2.687648186517790361e-01	1.731328964761963407e-01	2.428426103445971707e-01	1.456040287984759207e-01	6.994639561328257205e-02	2.795365868485505736e-02	7.175559143065164680e-02
1.068179663175086489e+03	2.685280336315026273e-01	1.729785693219153819e-01	2.430120133475762445e-01	1.457006248408646842e-01	6.998639593421884797e-02	2.797845164830042516e-02	7.181591127545948472e-02
1.069630994239183110e+03	2.682916520253720849e-01	1.728245038635267961e-01	2.431811275006117157e-01	1.457970420095342223e-01	7.002632807370105794e-02	2.800321670338176347e-02	7.187612982371005543e-02
1.071082325303279504e+03	2.680556731432647277e-01	1.726706996567558550e-01	2.433499532942495214e-01	1.458932806683961581e-01	7.006619214838193110e-02	2.802795385098932543e-02	7.193624723780017716e-02
1.072533656367376352e+03	2.678200962962506981e-01	1.725171562580821438e-01	2.435184912182022932e-01	1.459893411804989993e-01	7.010598827471679895e-02	2.805266309216422962e-02	7.199626367992253972e-02
1.073984987431472746e+03	2.675849207965909082e-01	1.723638732247381733e-01	2.436867417613507170e-01	1.460852239080307480e-01	7.014571656896394225e-02	2.807734442809771414e-02	7.205617931206559357e-02
1.075436318495569594e+03	2.673501459577344863e-01	1.722108501147082971e-01	2.438547054117449764e-01	1.461809292123212867e-01	7.018537714718497966e-02	2.810199786013040449e-02	7.211599429601334155e-02
1.076887649559666215e+03	2.671157710943173336e-01	1.720580864867272408e-01	2.440223826566062515e-01	1.462764574538449325e-01	7.022497012524517301e-02	2.812662338975154344e-02	7.217570879334528344e-02
1.078338980623762609e+03	2.668817955221594596e-01	1.719055819002789920e-01	2.441897739823280233e-01	1.463718089922229071e-01	7.026449561881381589e-02	2.815122101859826934e-02	7.223532296543627718e-02
1.079790311687859230e+03	2.666482185582632614e-01	1.717533359155953565e-01	2.443568798744775172e-01	1.464669841862257793e-01	7.030395374336455283e-02	2.817579074845487017e-02	7.229483697345641391e-02
1.081241642751955851e+03	2.664150395208110811e-01	1.716013480936548208e-01	2.445237008177971183e-01	1.465619833937759631e-01	7.034334461417575401e-02	2.820033258125205153e-02	7.235425097837092090e-02
1.082692973816052472e+03	2.661822577291635405e-01	1.714496179961812750e-01	2.446902372962057592e-01	1.466568069719501044e-01	7.038266834633083446e-02	2.822484651906619763e-02	7.241356514094000885e-02
1.084144304880149093e+03	2.659498725038572098e-01	1.712981451856426252e-01	2.448564897928003081e-01	1.467514552769815239e-01	7.042192505471858710e-02	2.824933256411864962e-02	7.247277962171883026e-02
1.085595635944245487e+03	2.657178831666024976e-01	1.711469292252496555e-01	2.450224587898569839e-01	1.468459286642627704e-01	7.046111485403358521e-02	2.827379071877497013e-02	7.253189458105729903e-02
1.087046967008342108e+03	2.654862890402815423e-01	1.709959696789548067e-01	2.451881447688327997e-01	1.469402274883478965e-01	7.050023785877643223e-02	2.829822098554422502e-02	7.259091017910009047e-02
1.088498298072438729e+03	2.652550894489464350e-01	1.708452661114507054e-01	2.453535482103668397e-01	1.470343521029549294e-01	7.053929418325419198e-02	2.832262336707826178e-02	7.264982657578644698e-02
1.089949629136535123e+03	2.650242837178168887e-01	1.706948180881691646e-01	2.455186695942817299e-01	1.471283028609683130e-01	7.057828394158065233e-02	2.834699786617098788e-02	7.270864393085012256e-02
1.091400960200631971e+03	2.647938711732781836e-01	1.705446251752797404e-01	2.456835093995851094e-01	1.472220801144412394e-01	7.061720724767671375e-02	2.837134448575765605e-02	7.276736240381929954e-02
1.092852291264728365e+03	2.645638511428792805e-01	1.703946869396885666e-01	2.458480681044707128e-01	1.473156842145981194e-01	7.065606421527069470e-02	2.839566322891414960e-02	7.282598215401649144e-02
1.094303622328825213e+03	2.643342229553305445e-01	1.702450029490370498e-01	2.460123461863201744e-01	1.474091155118368857e-01	7.069485495789866458e-02	2.841995409885627807e-02	7.288450334055848745e-02
1.095754953392921607e+03	2.641049859405018574e-01	1.700955727717006483e-01	2.461763441217040826e-01	1.475023743557314360e-01	7.073357958890476305e-02	2.844421709893906261e-02	7.294292612235619977e-02
1.097206284457018228e+03	2.638761394294206752e-01	1.699463959767877341e-01	2.463400623863834515e-01	1.475954610950339363e-01	7.077223822144157461e-02	2.846845223265603159e-02	7.300125065811466363e-02
1.098657615521114849e+03	2.636476827542696411e-01	1.697974721341380944e-01	2.465035014553112191e-01	1.476883760776772359e-01	7.081083096847043401e-02	2.849265950363852329e-02	7.305947710633292624e-02
1.100108946585211470e+03	2.634196152483848086e-01	1.696488008143219595e-01	2.466666618026333857e-01	1.477811196507772540e-01	7.084935794276173149e-02	2.851683891565498508e-02	7.311760562530399132e-02
1.101560277649308091e+03	2.631919362462534773e-01	1.695003815886385601e-01	2.468295439016906789e-01	1.478736921606351729e-01	7.088781925689525976e-02	2.854099047261027255e-02	7.317563637311472191e-02
1.103011608713404712e+03	2.629646450835123606e-01	1.693522140291150169e-01	2.469921482250196088e-01	1.479660939527399355e-01	7.092621502326053318e-02	2.856511417854496263e-02	7.323356950764575712e-02
1.104462939777501106e+03	2.627377410969451987e-01	1.692042977085050914e-01	2.471544752443540771e-01	1.480583253717704662e-01	7.096454535405713471e-02	2.858921003763464919e-02	7.329140518657155379e-02
1.105914270841597499e+03	2.625112236244812047e-01	1.690566322002878263e-01	2.473165254306266270e-01	1.481503867615980574e-01	7.100281036129500734e-02	2.861327805418927353e-02	7.334914356736021990e-02
1.107365601905694348e+03	2.622850920051926216e-01	1.689092170786665181e-01	2.474782992539698301e-01	1.482422784652886460e-01	7.104101015679475939e-02	2.863731823265242005e-02	7.340678480727347299e-02
1.108816932969790741e+03	2.620593455792928905e-01	1.687620519185672463e-01	2.476397971837176470e-01	1.483340008251051167e-01	7.107914485218806699e-02	2.866133057760065009e-02	7.346432906336661239e-02
1.110268264033887590e+03	2.618339836881347082e-01	1.686151362956379018e-01	2.478010196884068428e-01	1.484255541825096059e-01	7.111721455891789612e-02	2.868531509374279767e-02	7.352177649248849145e-02
1.111719595097984211e+03	2.616090056742078063e-01	1.684684697862467995e-01	2.479619672357782079e-01	1.485169388781657773e-01	7.115521938823890502e-02	2.870927178591931375e-02	7.357912725128140652e-02
1.113170926162080832e+03	2.613844108811372857e-01	1.683220519674814564e-01	2.481226402927780295e-01	1.486081552519411264e-01	7.119315945121766631e-02	2.873320065910158622e-02	7.363638149618109696e-02
1.114622257226177226e+03	2.611601986536811748e-01	1.681758824171474265e-01	2.482830393255593959e-01	1.486992036429092834e-01	7.123103485873306939e-02	2.875710171839125293e-02	7.369353938341666188e-02
1.116073588290273847e+03	2.609363683377288190e-01	1.680299607137671070e-01	2.484431647994835013e-01	1.487900843893521785e-01	7.126884572147658414e-02	2.878097496901954946e-02	7.375060106901056012e-02
1.117524919354370468e+03	2.607129192802986606e-01	1.678842864365783505e-01	2.486030171791211441e-01	1.488807978287623457e-01	7.130659214995259398e-02	2.880482041634663259e-02	7.380756670877858250e-02
1.118976250418467089e+03	2.604898508295362403e-01	1.677388591655335492e-01	2.487625969282538652e-01	1.489713442978452540e-01	7.134427425447870119e-02	2.882863806586091759e-02	7.386443645832974081e-02
1.120427581482563710e+03	2.602671623347125318e-01	1.675936784812981084e-01	2.489219045098754746e-01	1.490617241325213893e-01	7.138189214518607384e-02	2.885242792317840518e-02	7.392121047306632331e-02
1.121878912546660331e+03	2.600448531462213886e-01	1.674487439652494469e-01	2.490809403861933002e-01	1.491519376679286413e-01	7.141944593201970948e-02	2.887618999404203968e-02	7.397788890818379759e-02
1.123330243610756725e+03	2.598229226155781002e-01	1.673040551994756930e-01	2.492397050186294649e-01	1.492419852384244405e-01	7.145693572473874045e-02	2.889992428432104632e-02	7.403447191867082444e-02
1.124781574674853118e+03	2.596013700954171721e-01	1.671596117667744630e-01	2.493981988678223571e-01	1.493318671775880069e-01	7.149436163291680857e-02	2.892363080001025821e-02	7.409095965930923011e-02
1.126232905738949967e+03	2.593801949394904383e-01	1.670154132506517786e-01	2.495564223936279080e-01	1.494215838182225142e-01	7.153172376594227333e-02	2.894730954722949182e-02	7.414735228467395078e-02
1.127684236803046360e+03	2.591593965026648960e-01	1.668714592353207071e-01	2.497143760551208125e-01	1.495111354923574498e-01	7.156902223301861432e-02	2.897096053222287387e-02	7.420364994913303258e-02
1.129135567867143209e+03	2.589389741409209855e-01	1.667277493057003068e-01	2.498720603105960836e-01	1.496005225312505293e-01	7.160625714316468104e-02	2.899458376135820997e-02	7.425985280684764545e-02
1.130586898931239830e+03	2.587189272113505356e-01	1.665842830474142389e-01	2.500294756175701627e-01	1.496897452653901950e-01	7.164342860521503986e-02	2.901817924112633576e-02	7.431596101177202762e-02
1.132038229995336451e+03	2.584992550721547100e-01	1.664410600467897960e-01	2.501866224327822796e-01	1.497788040244975583e-01	7.168053672782020991e-02	2.904174697814046122e-02	7.437197471765345791e-02
1.133489561059432845e+03	2.582799570826422864e-01	1.662980798908565983e-01	2.503435012121959513e-01	1.498676991375287593e-01	7.171758161944705168e-02	2.906528697913555656e-02	7.442789407803231116e-02
1.134940892123529466e+03	2.580610326032274360e-01	1.661553421673452879e-01	2.505001124110001753e-01	1.499564309326769651e-01	7.175456338837900294e-02	2.908879925096768959e-02	7.448371924624197504e-02
1.136392223187626087e+03	2.578424809954280028e-01	1.660128464646865865e-01	2.506564564836106790e-01	1.500449997373745903e-01	7.179148214271639794e-02	2.911228380061340118e-02	7.453945037540891938e-02
1.137843554251722708e+03	2.576243016218633386e-01	1.658705923720098785e-01	2.508125338836712515e-01	1.501334058782955172e-01	7.182833799037681433e-02	2.913574063516908078e-02	7.459508761845261293e-02
1.139294885315819101e+03	2.574064938462526930e-01	1.657285794791421851e-01	2.509683450640551872e-01	1.502216496813572055e-01	7.186513103909529521e-02	2.915916976185032108e-02	7.465063112808560664e-02
1.140746216379915950e+03	2.571890570334128823e-01	1.655868073766068316e-01	2.511238904768665070e-01	1.503097314717227739e-01	7.190186139642472385e-02	2.918257118799130745e-02	7.470608105681347810e-02
1.142197547444012343e+03	2.569719905492566236e-01	1.654452756556224480e-01	2.512791705734412351e-01	1.503976515738031927e-01	7.193852916973605960e-02	2.920594492104416906e-02	7.476143755693483162e-02
1.143648878508108737e+03	2.567552937607904817e-01	1.653039839081016371e-01	2.514341858043487865e-01	1.504854103112593378e-01	7.197513446621867095e-02	2.922929096857838568e-02	7.481670078054132589e-02
1.145100209572205586e+03	2.565389660361131474e-01	1.651629317266498087e-01	2.515889366193930776e-01	1.505730080070040999e-01	7.201167739288061309e-02	2.925260933828014234e-02	7.487187087951770181e-02
1.146551540636302207e+03	2.563230067444131066e-01	1.650221187045640969e-01	2.517434234676142468e-01	1.506604449832047166e-01	7.204815805654897487e-02	2.927590003795172910e-02	7.492694800554175472e-02
1.148002871700398828e+03	2.561074152559671413e-01	1.648815444358321114e-01	2.518976467972894873e-01	1.507477215612845478e-01	7.208457656387010082e-02	2.929916307551090962e-02	7.498193231008436210e-02
1.149454202764495449e+03	2.558921909421382201e-01	1.647412085151307715e-01	2.520516070559345456e-01	1.508348380619253248e-01	7.212093302130992423e-02	2.932239845899031749e-02	7.503682394440949754e-02
1.150905533828591842e+03	2.556773331753736667e-01	1.646011105378251960e-01	2.522053046903050544e-01	1.509217948050693148e-01	7.215722753515428634e-02	2.934560619653684907e-02	7.509162305957428618e-02
1.152356864892688463e+03	2.554628413292031053e-01	1.644612500999673710e-01	2.523587401463977531e-01	1.510085921099212358e-01	7.219346021150915838e-02	2.936878629641104937e-02	7.514632980642892146e-02
1.153808195956785084e+03	2.552487147782367405e-01	1.643216267982951784e-01	2.525119138694518761e-01	1.510952302949504500e-01	7.222963115630103015e-02	2.939193876698650496e-02	7.520094433561680392e-02
1.155259527020881706e+03	2.550349528981632474e-01	1.641822402302312300e-01	2.526648263039502629e-01	1.511817096778929892e-01	7.226574047527710432e-02	2.941506361674924713e-02	7.525546679757449953e-02
1.156710858084978327e+03	2.548215550657482176e-01	1.640430899938814802e-01	2.528174778936208011e-01	1.512680305757535815e-01	7.230178827400567110e-02	2.943816085429713444e-02	7.530989734253176748e-02
1.158162189149074720e+03	2.546085206588317718e-01	1.639041756880343093e-01	2.529698690814376483e-01	1.513541933048077326e-01	7.233777465787634420e-02	2.946123048833927324e-02	7.536423612051161569e-02
1.159613520213171569e+03	2.543958490563271724e-01	1.637654969121591919e-01	2.531220003096225080e-01	1.514401981806037800e-01	7.237369973210035223e-02	2.948427252769541401e-02	7.541848328133027302e-02
1.161064851277267962e+03	2.541835396382185475e-01	1.636270532664056976e-01	2.532738720196459070e-01	1.515260455179649746e-01	7.240956360171088568e-02	2.950728698129535116e-02	7.547263897459732807e-02
1.162516182341364356e+03	2.539715917855593363e-01	1.634888443516021861e-01	2.534254846522285276e-01	1.516117356309913400e-01	7.244536637156331893e-02	2.953027385817833320e-02	7.552670334971564592e-02
1.163967513405461204e+03	2.537600048804700692e-01	1.633508697692547529e-01	2.535768386473425395e-01	1.516972688330619212e-01	7.248110814633552945e-02	2.955323316749248336e-02	7.558067655588145140e-02
1.165418844469557826e+03	2.535487783061367018e-01	1.632131291215460633e-01	2.537279344442125439e-01	1.517826454368366440e-01	7.251678903052818925e-02	2.957616491849419590e-02	7.563455874208441232e-02
1.166870175533654447e+03	2.533379114468087834e-01	1.630756220113341315e-01	2.538787724813172941e-01	1.518678657542583688e-01	7.255240912846504242e-02	2.959906912054757061e-02	7.568835005710758401e-02
1.168321506597751068e+03	2.531274036877975142e-01	1.629383480421513208e-01	2.540293531963905838e-01	1.519529300965548890e-01	7.258796854429318268e-02	2.962194578312380561e-02	7.574205064952753419e-02
1.169772837661847461e+03	2.529172544154737468e-01	1.628013068182030398e-01	2.541796770264227456e-01	1.520378387742409576e-01	7.262346738198335871e-02	2.964479491580064227e-02	7.579566066771435684e-02
1.171224168725944082e+03	2.527074630172663205e-01	1.626644979443666872e-01	2.543297444076618730e-01	1.521225920971202294e-01	7.265890574533026558e-02	2.966761652826176154e-02	7.584918025983168610e-02
1.172675499790040703e+03	2.524980288816602303e-01	1.625279210261905138e-01	2.544795557756150406e-01	1.522071903742872878e-01	7.269428373795279452e-02	2.969041063029623229e-02	7.590260957383680729e-02
1.174126830854137097e+03	2.522889513981944609e-01	1.623915756698923740e-01	2.546291115650495263e-01	1.522916339141295872e-01	7.272960146329435216e-02	2.971317723179791800e-02	7.595594875748064301e-02
1.175578161918233945e+03	2.520802299574605998e-01	1.622554614823587815e-01	2.547784122099941428e-01	1.523759230243294516e-01	7.276485902462311028e-02	2.973591634276491133e-02	7.600919795830783643e-02
1.177029492982330339e+03	2.518718639511005608e-01	1.621195780711436607e-01	2.549274581437405707e-01	1.524600580118660176e-01	7.280005652503233893e-02	2.975862797329896850e-02	7.606235732365683455e-02
1.178480824046426733e+03	2.516638527718049190e-01	1.619839250444671808e-01	2.550762497988442457e-01	1.525440391830171771e-01	7.283519406744062841e-02	2.978131213360494731e-02	7.611542700065986045e-02
1.179932155110523581e+03	2.514561958133111341e-01	1.618485020112146455e-01	2.552247876071261912e-01	1.526278668433615204e-01	7.287027175459223627e-02	2.980396883399022770e-02	7.616840713624301040e-02
1.181383486174620202e+03	2.512488924704016080e-01	1.617133085809354387e-01	2.553730719996736842e-01	1.527115412977803621e-01	7.290528968905729545e-02	2.982659808486415320e-02	7.622129787712635107e-02
1.182834817238716823e+03	2.510419421389019079e-01	1.615783443638418304e-01	2.555211034068419762e-01	1.527950628504595731e-01	7.294024797323214737e-02	2.984919989673747234e-02	7.627409936982396110e-02
1.184286148302813444e+03	2.508353442156788793e-01	1.614436089708078392e-01	2.556688822582552922e-01	1.528784318048914959e-01	7.297514670933963332e-02	2.987177428022179046e-02	7.632681176064393114e-02
1.185737479366910065e+03	2.506290980986389250e-01	1.613091020133681774e-01	2.558164089828079968e-01	1.529616484638770535e-01	7.300998599942933043e-02	2.989432124602899726e-02	7.637943519568848871e-02
1.187188810431006686e+03	2.504232031867259511e-01	1.611748231037170020e-01	2.559636840086659815e-01	1.530447131295274155e-01	7.304476594537785694e-02	2.991684080497072559e-02	7.643196982085405378e-02
1.188640141495103080e+03	2.502176588799198131e-01	1.610407718547069711e-01	2.561107077632679418e-01	1.531276261032661068e-01	7.307948664888914980e-02	2.993933296795778590e-02	7.648441578183130807e-02
1.190091472559199701e+03	2.500124645792343170e-01	1.609069478798479669e-01	2.562574806733264876e-01	1.532103876858308122e-01	7.311414821149470056e-02	2.996179774599962500e-02	7.653677322410523676e-02
1.191542803623296322e+03	2.498076196867155263e-01	1.607733507933060968e-01	2.564040031648293638e-01	1.532929981772752359e-01	7.314875073455391619e-02	2.998423515020378141e-02	7.658904229295522559e-02
1.192994134687392716e+03	2.496031236054399027e-01	1.606399802099024721e-01	2.565502756630409498e-01	1.533754578769711274e-01	7.318329431925435502e-02	3.000664519177533712e-02	7.664122313345511639e-02
1.194445465751489564e+03	2.493989757395123907e-01	1.605068357451121530e-01	2.566962985925030361e-01	1.534577670836100305e-01	7.321777906661194879e-02	3.002902788201636947e-02	7.669331589047327646e-02
1.195896796815585958e+03	2.491951754940647801e-01	1.603739170150631221e-01	2.568420723770366010e-01	1.535399260952052536e-01	7.325220507747139120e-02	3.005138323232541334e-02	7.674532070867272349e-02
1.197348127879682352e+03	2.489917222752538739e-01	1.602412236365350073e-01	2.569875974397424212e-01	1.536219352090936741e-01	7.328657245250630448e-02	3.007371125419692343e-02	7.679723773251111163e-02
1.198799458943779200e+03	2.487886154902595459e-01	1.601087552269580272e-01	2.571328742030027925e-01	1.537037947219376255e-01	7.332088129221958628e-02	3.009601195922073993e-02	7.684906710624092585e-02
1.200250790007875821e+03	2.485858545472830750e-01	1.599765114044120473e-01	2.572779030884826956e-01	1.537855049297267851e-01	7.335513169694367341e-02	3.011828535908154733e-02	7.690080897390942638e-02
1.201702121071972442e+03	2.483834388555453965e-01	1.598444917876252203e-01	2.574226845171306288e-01	1.538670661277800333e-01	7.338932376684077774e-02	3.014053146555835047e-02	7.695246347935882913e-02
1.203153452136069063e+03	2.481813678252851596e-01	1.597126959959730974e-01	2.575672189091802733e-01	1.539484786107472025e-01	7.342345760190321924e-02	3.016275029052392642e-02	7.700403076622636123e-02
1.204604783200165684e+03	2.479796408677571173e-01	1.595811236494773522e-01	2.577115066841514368e-01	1.540297426726110752e-01	7.345753330195363417e-02	3.018494184594432139e-02	7.705551097794435811e-02
1.206056114264262078e+03	2.477782573952301559e-01	1.594497743688048363e-01	2.578555482608513860e-01	1.541108586066890218e-01	7.349155096664530817e-02	3.020710614387829909e-02	7.710690425774031909e-02
1.207507445328358699e+03	2.475772168209856572e-01	1.593186477752664421e-01	2.579993440573760677e-01	1.541918267056350267e-01	7.352551069546241214e-02	3.022924319647683072e-02	7.715821074863700446e-02
1.208958776392455093e+03	2.473765185593156390e-01	1.591877434908159639e-01	2.581428944911111634e-01	1.542726472614413535e-01	7.355941258772026592e-02	3.025135301598257456e-02	7.720943059345253268e-02
1.210410107456551941e+03	2.471761620255210623e-01	1.590570611380490162e-01	2.582861999787334772e-01	1.543533205654404883e-01	7.359325674256565752e-02	3.027343561472934166e-02	7.726056393480046358e-02
1.211861438520648335e+03	2.469761466359099988e-01	1.589266003402019789e-01	2.584292609362121018e-01	1.544338469083068044e-01	7.362704325897709290e-02	3.029549100514159626e-02	7.731161091508990946e-02
1.213312769584745183e+03	2.467764718077959385e-01	1.587963607211508865e-01	2.585720777788096392e-01	1.545142265800585335e-01	7.366077223576503186e-02	3.031751919973392148e-02	7.736257167652560440e-02
1.214764100648841804e+03	2.465771369594959017e-01	1.586663419054103741e-01	2.587146509210832002e-01	1.545944598700594030e-01	7.369444377157220727e-02	3.033952021111051972e-02	7.741344636110801536e-02
1.216215431712937971e+03	2.463781415103288019e-01	1.585365435181324834e-01	2.588569807768859032e-01	1.546745470670205513e-01	7.372805796487386099e-02	3.036149405196468878e-02	7.746423511063341150e-02
1.217666762777034819e+03	2.461794848806136138e-01	1.584069651851057192e-01	2.589990677593678181e-01	1.547544884590021930e-01	7.376161491397802139e-02	3.038344073507831880e-02	7.751493806669400299e-02
1.219118093841131440e+03	2.459811664916676244e-01	1.582776065327539394e-01	2.591409122809774090e-01	1.548342843334155616e-01	7.379511471702580871e-02	3.040536027332138569e-02	7.756555537067802431e-02
1.220569424905228061e+03	2.457831857658047403e-01	1.581484671881351889e-01	2.592825147534623675e-01	1.549139349770245200e-01	7.382855747199165708e-02	3.042725267965144115e-02	7.761608716376977579e-02
1.222020755969324682e+03	2.455855421263337390e-01	1.580195467789407004e-01	2.594238755878712777e-01	1.549934406759474192e-01	7.386194327668359205e-02	3.044911796711310611e-02	7.766653358694983189e-02
1.223472087033421303e+03	2.453882349975564370e-01	1.578908449334938402e-01	2.595649951945543932e-01	1.550728017156587923e-01	7.389527222874350820e-02	3.047095614883757811e-02	7.771689478099508275e-02
1.224923418097517697e+03	2.451912638047659965e-01	1.577623612807489695e-01	2.597058739831650809e-01	1.551520183809912412e-01	7.392854442564743278e-02	3.049276723804211428e-02	7.776717088647881748e-02
1.226374749161614318e+03	2.449946279742452604e-01	1.576340954502903624e-01	2.598465123626608198e-01	1.552310909561370189e-01	7.396175996470583103e-02	3.051455124802954916e-02	7.781736204377089072e-02
1.227826080225710712e+03	2.447983269332648648e-01	1.575060470723312067e-01	2.599869107413045333e-01	1.553100197246498060e-01	7.399491894306377271e-02	3.053630819218779158e-02	7.786746839303777812e-02
1.229277411289807560e+03	2.446023601100816569e-01	1.573782157777124657e-01	2.601270695266655886e-01	1.553888049694466533e-01	7.402802145770132070e-02	3.055803808398933549e-02	7.791749007424271511e-02
1.230728742353903954e+03	2.444067269339369186e-01	1.572506011979019624e-01	2.602669891256212398e-01	1.554674469728094255e-01	7.406106760543368361e-02	3.057974093699075344e-02	7.796742722714578022e-02
1.232180073418000802e+03	2.442114268350545903e-01	1.571232029649930473e-01	2.604066699443575716e-01	1.555459460163866880e-01	7.409405748291159055e-02	3.060141676483223161e-02	7.801727999130404767e-02
1.233631404482097196e+03	2.440164592446395497e-01	1.569960207117037931e-01	2.605461123883708319e-01	1.556243023811954007e-01	7.412699118662147146e-02	3.062306558123705294e-02	7.806704850607164292e-02
1.235082735546193817e+03	2.438218235948760304e-01	1.568690540713758297e-01	2.606853168624684858e-01	1.557025163476226381e-01	7.415986881288574861e-02	3.064468740001112870e-02	7.811673291059989532e-02
1.236534066610290438e+03	2.436275193189257893e-01	1.567423026779732331e-01	2.608242837707703821e-01	1.557805881954272553e-01	7.419269045786312800e-02	3.066628223504250933e-02	7.816633334383746301e-02
1.237985397674387059e+03	2.434335458509263583e-01	1.566157661660815548e-01	2.609630135167100851e-01	1.558585182037416639e-01	7.422545621754882139e-02	3.068785010030089869e-02	7.821584994453041617e-02
1.239436728738483680e+03	2.432399026259894348e-01	1.564894441709067385e-01	2.611015065030358739e-01	1.559363066510734419e-01	7.425816618777483780e-02	3.070939100983718223e-02	7.826528285122236195e-02
1.240888059802580301e+03	2.430465890801991324e-01	1.563633363282740663e-01	2.612397631318119084e-01	1.560139538153070826e-01	7.429082046421021934e-02	3.073090497778293781e-02	7.831463220225455546e-02
1.242339390866676695e+03	2.428536046506102608e-01	1.562374422746271030e-01	2.613777838044195612e-01	1.560914599737056874e-01	7.432341914236136049e-02	3.075239201834996383e-02	7.836389813576609409e-02
1.243790721930773088e+03	2.426609487752465766e-01	1.561117616470265868e-01	2.615155689215583612e-01	1.561688254029126310e-01	7.435596231757218844e-02	3.077385214582980047e-02	7.841308078969391748e-02
1.245242052994869937e+03	2.424686208930992570e-01	1.559862940831495126e-01	2.616531188832473265e-01	1.562460503789532273e-01	7.438845008502449618e-02	3.079528537459326129e-02	7.846218030177300184e-02
1.246693384058966330e+03	2.422766204441250959e-01	1.558610392212880225e-01	2.617904340888260184e-01	1.563231351772364219e-01	7.442088253973816458e-02	3.081669171908996141e-02	7.851119680953647095e-02
1.248144715123063179e+03	2.420849468692447826e-01	1.557359967003482670e-01	2.619275149369557076e-01	1.564000800725564022e-01	7.445325977657143990e-02	3.083807119384784218e-02	7.856013045031574882e-02
1.249596046187159800e+03	2.418935996103412367e-01	1.556111661598495177e-01	2.620643618256205953e-01	1.564768853390943182e-01	7.448558189022119747e-02	3.085942381347271668e-02	7.860898136124064295e-02
1.251047377251256421e+03	2.417025781102579707e-01	1.554865472399231119e-01	2.622009751521288679e-01	1.565535512504199200e-01	7.451784897522316375e-02	3.088074959264778402e-02	7.865774967923945538e-02
1.252498708315352815e+03	2.415118818127973410e-01	1.553621395813112038e-01	2.623373553131139180e-01	1.566300780794931402e-01	7.455006112595224943e-02	3.090204854613318869e-02	7.870643554103917694e-02
1.253950039379449436e+03	2.413215101627189940e-01	1.552379428253660432e-01	2.624735027045354552e-01	1.567064660986658975e-01	7.458221843662274364e-02	3.092332068876553486e-02	7.875503908316557056e-02
1.255401370443546057e+03	2.411314626057380062e-01	1.551139566140486703e-01	2.626094177216807268e-01	1.567827155796835126e-01	7.461432100128860545e-02	3.094456603545744922e-02	7.880356044194329612e-02
1.256852701507642678e+03	2.409417385885233021e-01	1.549901805899280283e-01	2.627451007591654619e-01	1.568588267936865677e-01	7.464636891384372752e-02	3.096578460119710566e-02	7.885199975349607704e-02
1.258304032571739299e+03	2.407523375586960446e-01	1.548666143961799080e-01	2.628805522109352588e-01	1.569348000112122665e-01	7.467836226802215815e-02	3.098697640104777426e-02	7.890035715374679737e-02
1.259755363635835920e+03	2.405632589648279140e-01	1.547432576765858936e-01	2.630157724702665845e-01	1.570106355021963773e-01	7.471030115739837885e-02	3.100814145014737025e-02	7.894863277841765448e-02
1.261206694699932314e+03	2.403745022564394151e-01	1.546201100755322799e-01	2.631507619297679401e-01	1.570863335359745649e-01	7.474218567538762348e-02	3.102927976370799257e-02	7.899682676303029782e-02
1.262658025764028707e+03	2.401860668839982671e-01	1.544971712380092399e-01	2.632855209813810271e-01	1.571618943812841118e-01	7.477401591524600322e-02	3.105039135701548672e-02	7.904493924290593998e-02
1.264109356828125556e+03	2.399979522989177660e-01	1.543744408096095477e-01	2.634200500163818015e-01	1.572373183062656110e-01	7.480579197007089509e-02	3.107147624542897987e-02	7.909297035316550928e-02
1.265560687892221949e+03	2.398101579535549810e-01	1.542519184365277463e-01	2.635543494253816399e-01	1.573126055784643818e-01	7.483751393280112241e-02	3.109253444438044023e-02	7.914092022872978860e-02
1.267012018956318798e+03	2.396226833012092827e-01	1.541296037655590645e-01	2.636884195983285051e-01	1.573877564648322180e-01	7.486918189621721842e-02	3.111356596937423641e-02	7.918878900431956802e-02
1.268463350020415419e+03	2.394355277961206507e-01	1.540074964440983074e-01	2.638222609245080563e-01	1.574627712317289152e-01	7.490079595294173165e-02	3.113457083598668643e-02	7.923657681445576972e-02
1.269914681084511813e+03	2.392486908934679801e-01	1.538855961201389677e-01	2.639558737925447596e-01	1.575376501449237965e-01	7.493235619543940629e-02	3.115554905986562054e-02	7.928428379345955901e-02
1.271366012148608434e+03	2.390621720493674440e-01	1.537639024422721989e-01	2.640892585904030532e-01	1.576123934695974060e-01	7.496386271601751528e-02	3.117650065672993367e-02	7.933191007545252471e-02
1.272817343212705055e+03	2.388759707208709115e-01	1.536424150596857052e-01	2.642224157053884026e-01	1.576870014703430078e-01	7.499531560682608233e-02	3.119742564236915178e-02	7.937945579435681798e-02
1.274268674276801676e+03	2.386900863659642269e-01	1.535211336221627976e-01	2.643553455241485217e-01	1.577614744111681677e-01	7.502671495985806238e-02	3.121832403264300157e-02	7.942692108389530492e-02
1.275720005340898297e+03	2.385045184435656829e-01	1.534000577800814225e-01	2.644880484326742609e-01	1.578358125554963631e-01	7.505806086694977175e-02	3.123919584348095607e-02	7.947430607759169152e-02
1.277171336404994690e+03	2.383192664135242722e-01	1.532791871844130238e-01	2.646205248163009949e-01	1.579100161661683988e-01	7.508935341978094369e-02	3.126004109088182520e-02	7.952161090877063465e-02
1.278622667469091539e+03	2.381343297366181611e-01	1.531585214867216549e-01	2.647527750597097329e-01	1.579840855054441551e-01	7.512059270987513082e-02	3.128085979091332208e-02	7.956883571055796411e-02
1.280073998533187932e+03	2.379497078745529959e-01	1.530380603391628958e-01	2.648847995469280070e-01	1.580580208350039761e-01	7.515177882859988556e-02	3.130165195971159470e-02	7.961598061588079367e-02
1.281525329597284326e+03	2.377654002899602936e-01	1.529178033944829374e-01	2.650165986613310376e-01	1.581318224159503349e-01	7.518291186716702379e-02	3.132241761348085463e-02	7.966304575746765981e-02
1.282976660661381175e+03	2.375814064463959152e-01	1.527977503060174991e-01	2.651481727856431214e-01	1.582054905088091934e-01	7.521399191663290240e-02	3.134315676849289828e-02	7.971003126784870219e-02
1.284427991725477568e+03	2.373977258083382891e-01	1.526779007276908573e-01	2.652795223019382420e-01	1.582790253735318065e-01	7.524501906789861361e-02	3.136386944108673219e-02	7.975693727935576072e-02
1.285879322789574417e+03	2.372143578411869125e-01	1.525582543140147906e-01	2.654106475916416241e-01	1.583524272694959156e-01	7.527599341171031799e-02	3.138455564766811506e-02	7.980376392412256992e-02
1.287330653853671038e+03	2.370313020112607694e-01	1.524388107200876918e-01	2.655415490355306773e-01	1.584256964555076086e-01	7.530691503865945269e-02	3.140521540470913447e-02	7.985051133408491153e-02
1.288781984917767431e+03	2.368485577857965818e-01	1.523195696015935130e-01	2.656722270137361064e-01	1.584988331898025682e-01	7.533778403918296729e-02	3.142584872874781832e-02	7.989717964098076719e-02
1.290233315981864052e+03	2.366661246329473389e-01	1.522005306148007109e-01	2.658026819057429102e-01	1.585718377300477100e-01	7.536860050356357366e-02	3.144645563638769070e-02	7.994376897635042944e-02
