1.001418434226643626e+03	2.798671882927963317e-01	1.803456518781158535e-01	2.349096764079930677e-01	1.410599808829400836e-01	6.807146820643408813e-02	2.681103030619075289e-02	6.893500402536509308e-02
1.002869765290740247e+03	2.796115986693505362e-01	1.801790205313883730e-01	2.350925724364757163e-01	1.411649751220074023e-01	6.811465919013721948e-02	2.683711395784480272e-02	6.900006009263121021e-02
1.004321096354836754e+03	2.793564444803631752e-01	1.800126718567726936e-01	2.352751566315033627e-01	1.412697732842201070e-01	6.815777658519013571e-02	2.686316987444634791e-02	6.906500728733937222e-02
1.005772427418933376e+03	2.791017249805229916e-01	1.798466053742407977e-01	2.354574295227932768e-01	1.413743757757997266e-01	6.820082051721332306e-02	2.688919804811390479e-02	6.912984578115102807e-02
1.007223758483029997e+03	2.788474394258095290e-01	1.796808206045799050e-01	2.356393916391626431e-01	1.414787830019732517e-01	6.824379111161381350e-02	2.691519847116163530e-02	6.919457574553429524e-02
1.008675089547126618e+03	2.785935870734904118e-01	1.795153170693910560e-01	2.358210435085300316e-01	1.415829953669760222e-01	6.828668849358554560e-02	2.694117113609842407e-02	6.925919735176354342e-02
1.010126420611223239e+03	2.783401671821195134e-01	1.793500942910878082e-01	2.360023856579168966e-01	1.416870132740548627e-01	6.832951278810990570e-02	2.696711603562695556e-02	6.932371077091907530e-02
1.011577751675319632e+03	2.780871790115345688e-01	1.791851517928946813e-01	2.361834186134491587e-01	1.417908371254708311e-01	6.837226411995614428e-02	2.699303316264277039e-02	6.938811617388679354e-02
1.013029082739416367e+03	2.778346218228547326e-01	1.790204890988460196e-01	2.363641429003587591e-01	1.418944673225024100e-01	6.841494261368184782e-02	2.701892251023335981e-02	6.945241373135783991e-02
1.014480413803512761e+03	2.775824948784784141e-01	1.788561057337844096e-01	2.365445590429850475e-01	1.419979042654481993e-01	6.845754839363336897e-02	2.704478407167723586e-02	6.951660361382824838e-02
1.015931744867609382e+03	2.773307974420810562e-01	1.786920012233594590e-01	2.367246675647764753e-01	1.421011483536299691e-01	6.850008158394632618e-02	2.707061784044302935e-02	6.958068599159861201e-02
1.017383075931706003e+03	2.770795287786126382e-01	1.785281750940263257e-01	2.369044689882920385e-01	1.422041999853956573e-01	6.854254230854599228e-02	2.709642381018856350e-02	6.964466103477377767e-02
1.018834406995802851e+03	2.768286881542956768e-01	1.783646268730443851e-01	2.370839638352026935e-01	1.423070595581220621e-01	6.858493069114773855e-02	2.712220197475995187e-02	6.970852891326251299e-02
1.020285738059899245e+03	2.765782748366227839e-01	1.782013560884758707e-01	2.372631526262929669e-01	1.424097274682180059e-01	6.862724685525750656e-02	2.714795232819070675e-02	6.977228979677720100e-02
1.021737069123995752e+03	2.763282880943545017e-01	1.780383622691844858e-01	2.374420358814624543e-01	1.425122041111270832e-01	6.866949092417219680e-02	2.717367486470081625e-02	6.983594385483350708e-02
1.023188400188092373e+03	2.760787271975169710e-01	1.778756449448340993e-01	2.376206141197273747e-01	1.426144898813305195e-01	6.871166302098014045e-02	2.719936957869586655e-02	6.989949125675010144e-02
1.024639731252188767e+03	2.758295914173997665e-01	1.777132036458873021e-01	2.377988878592219302e-01	1.427165851723500301e-01	6.875376326856146025e-02	2.722503646476613984e-02	6.996293217164838152e-02
1.026091062316285615e+03	2.755808800265536207e-01	1.775510379036041031e-01	2.379768576171999717e-01	1.428184903767508451e-01	6.879579178958854235e-02	2.725067551768572613e-02	7.002626676845211118e-02
1.027542393380382237e+03	2.753325922987882035e-01	1.773891472500406241e-01	2.381545239100363587e-01	1.429202058861444025e-01	6.883774870652645261e-02	2.727628673241164203e-02	7.008949521588721254e-02
1.028993724444478858e+03	2.750847275091697908e-01	1.772275312180475737e-01	2.383318872532285138e-01	1.430217320911912615e-01	6.887963414163332521e-02	2.730187010408293910e-02	7.015261768248143293e-02
1.030445055508575479e+03	2.748372849340190993e-01	1.770661893412691645e-01	2.385089481613979490e-01	1.431230693816039068e-01	6.892144821696076507e-02	2.732742562801982952e-02	7.021563433656409503e-02
1.031896386572671872e+03	2.745902638509091220e-01	1.769051211541414481e-01	2.386857071482917092e-01	1.432242181461496067e-01	6.896319105435430585e-02	2.735295329972280837e-02	7.027854534626579164e-02
1.033347717636768493e+03	2.743436635386627409e-01	1.767443261918912600e-01	2.388621647267838433e-01	1.433251787726531612e-01	6.900486277545374303e-02	2.737845311487178968e-02	7.034135087951819132e-02
1.034799048700865114e+03	2.740974832773507841e-01	1.765838039905347212e-01	2.390383214088769859e-01	1.434259516479998442e-01	6.904646350169359181e-02	2.740392506932522523e-02	7.040405110405369149e-02
1.036250379764961508e+03	2.738517223482893059e-01	1.764235540868758778e-01	2.392141777057036622e-01	1.435265371581379845e-01	6.908799335430346189e-02	2.742936915911924414e-02	7.046664618740523800e-02
1.037701710829058356e+03	2.736063800340380325e-01	1.762635760185055078e-01	2.393897341275279533e-01	1.436269356880819636e-01	6.912945245430844599e-02	2.745478538046678893e-02	7.052913629690601982e-02
1.039153041893154750e+03	2.733614556183976974e-01	1.761038693237995945e-01	2.395649911837468560e-01	1.437271476219149635e-01	6.917084092252953620e-02	2.748017372975676900e-02	7.059152159968927476e-02
1.040604372957251599e+03	2.731169483864079872e-01	1.759444335419181882e-01	2.397399493828918093e-01	1.438271733427915755e-01	6.921215887958395707e-02	2.750553420355318981e-02	7.065380226268798414e-02
1.042055704021347992e+03	2.728728576243452109e-01	1.757852682128039079e-01	2.399146092326301938e-01	1.439270132329407148e-01	6.925340644588563743e-02	2.753086679859429939e-02	7.071597845263469240e-02
1.043507035085444613e+03	2.726291826197203561e-01	1.756263728771806920e-01	2.400889712397667186e-01	1.440266676736683404e-01	6.929458374164552958e-02	2.755617151179175217e-02	7.077805033606127116e-02
1.044958366149541234e+03	2.723859226612767026e-01	1.754677470765524661e-01	2.402630359102448931e-01	1.441261370453601753e-01	6.933569088687198401e-02	2.758144834022976596e-02	7.084001807929866945e-02
1.046409697213637855e+03	2.721430770389877130e-01	1.753093903532018383e-01	2.404368037491486365e-01	1.442254217274843708e-01	6.937672800137117957e-02	2.760669728116425803e-02	7.090188184847669162e-02
1.047861028277734476e+03	2.719006450440548117e-01	1.751513022501887118e-01	2.406102752607035267e-01	1.443245220985943655e-01	6.941769520474742883e-02	2.763191833202203324e-02	7.096364180952381695e-02
1.049312359341831097e+03	2.716586259689052762e-01	1.749934823113489801e-01	2.407834509482784380e-01	1.444234385363315221e-01	6.945859261640364990e-02	2.765711149039993058e-02	7.102529812816694987e-02
1.050763690405927491e+03	2.714170191071898497e-01	1.748359300812933059e-01	2.409563313143869012e-01	1.445221714174278471e-01	6.949942035554165787e-02	2.768227675406399052e-02	7.108685096993121177e-02
1.052215021470024112e+03	2.711758237537809091e-01	1.746786451054057054e-01	2.411289168606885469e-01	1.446207211177086283e-01	6.954017854116252562e-02	2.770741412094864659e-02	7.114830050013978835e-02
1.053666352534120733e+03	2.709350392047701339e-01	1.745216269298421885e-01	2.413012080879906873e-01	1.447190880120951817e-01	6.958086729206700016e-02	2.773252358915586843e-02	7.120964688391365205e-02
1.055117683598217127e+03	2.706946647574662856e-01	1.743648751015296483e-01	2.414732054962495378e-01	1.448172724746075724e-01	6.962148672685587736e-02	2.775760515695436387e-02	7.127089028617143718e-02
1.056569014662313975e+03	2.704546997103930428e-01	1.742083891681643071e-01	2.416449095845719097e-01	1.449152748783671396e-01	6.966203696393029332e-02	2.778265882277875312e-02	7.133203087162921785e-02
1.058020345726410369e+03	2.702151433632870026e-01	1.740521686782106336e-01	2.418163208512165430e-01	1.450130955955992729e-01	6.970251812149212689e-02	2.780768458522874312e-02	7.139306880480032758e-02
1.059471676790506763e+03	2.699759950170954048e-01	1.738962131808998168e-01	2.419874397935954935e-01	1.451107349976360483e-01	6.974293031754436045e-02	2.783268244306833644e-02	7.145400424999516498e-02
1.060923007854603611e+03	2.697372539739740227e-01	1.737405222262285998e-01	2.421582669082756878e-01	1.452081934549188103e-01	6.978327366989144076e-02	2.785765239522499173e-02	7.151483737132102725e-02
1.062374338918700232e+03	2.694989195372851087e-01	1.735850953649580863e-01	2.423288026909802273e-01	1.453054713370007800e-01	6.982354829613959812e-02	2.788259444078884305e-02	7.157556833268194363e-02
1.063825669982796853e+03	2.692609910115950078e-01	1.734299321486121315e-01	2.424990476365899705e-01	1.454025690125498316e-01	6.986375431369723499e-02	2.790750857901188806e-02	7.163619729777852274e-02
1.065277001046893474e+03	2.690234677026722143e-01	1.732750321294763696e-01	2.426690022391448653e-01	1.454994868493509341e-01	6.990389183977527288e-02	2.793239480930717611e-02	7.169672443010773055e-02
1.066728332110990095e+03	2.687863489174853737e-01	1.731203948605966603e-01	2.428386669918453922e-01	1.455962252143088442e-01	6.994396099138747158e-02	2.795725313124802769e-02	7.175714989296276547e-02
1.068179663175086489e+03	2.685496339642008956e-01	1.729660198957780060e-01	2.430080423870540351e-01	1.456927844734506872e-01	6.998396188535078999e-02	2.798208354456723293e-02	7.181747384943290569e-02
1.069630994239183110e+03	2.683133221521808442e-01	1.728119067895831917e-01	2.431771289162966421e-01	1.457891649919284827e-01	7.002389463828573302e-02	2.800688604915626059e-02	7.187769646240334265e-02
1.071082325303279504e+03	2.680774127919810512e-01	1.726580550973313699e-01	2.433459270702639510e-01	1.458853671340218650e-01	7.006375936661671244e-02	2.803166064506446703e-02	7.193781789455502840e-02
1.072533656367376352e+03	2.678419051953489505e-01	1.725044643750969497e-01	2.435144373388128669e-01	1.459813912631404698e-01	7.010355618657235222e-02	2.805640733249832250e-02	7.199783830836456455e-02
1.073984987431472746e+03	2.676067986752211358e-01	1.723511341797082375e-01	2.436826602109679885e-01	1.460772377418265711e-01	7.014328521418586315e-02	2.808112611182061319e-02	7.205775786610400802e-02
1.075436318495569594e+03	2.673720925457217512e-01	1.721980640687461594e-01	2.438505961749230233e-01	1.461729069317576901e-01	7.018294656529534825e-02	2.810581698354967795e-02	7.211757672984075995e-02
1.076887649559666215e+03	2.671377861221599370e-01	1.720452536005430688e-01	2.440182457180420927e-01	1.462683991937490657e-01	7.022254035554414964e-02	2.813047994835861723e-02	7.217729506143744089e-02
1.078338980623762609e+03	2.669038787210281094e-01	1.718927023341812743e-01	2.441856093268613137e-01	1.463637148877561800e-01	7.026206670038120938e-02	2.815511500707453679e-02	7.223691302255172419e-02
1.079790311687859230e+03	2.666703696599996287e-01	1.717404098294919856e-01	2.443526874870900201e-01	1.464588543728773118e-01	7.030152571506131931e-02	2.817972216067776009e-02	7.229643077463626666e-02
1.081241642751955851e+03	2.664372582579269122e-01	1.715883756470538424e-01	2.445194806836123447e-01	1.465538180073560626e-01	7.034091751464559283e-02	2.820430141030107890e-02	7.235584847893851423e-02
1.082692973816052472e+03	2.662045438348389914e-01	1.714365993481918315e-01	2.446859894004884406e-01	1.466486061485838266e-01	7.038024221400167313e-02	2.822885275722898310e-02	7.241516629650061876e-02
1.084144304880149093e+03	2.659722257119397915e-01	1.712850804949758998e-01	2.448522141209560909e-01	1.467432191531022612e-01	7.041949992780410783e-02	2.825337620289688351e-02	7.247438438815934081e-02
1.085595635944245487e+03	2.657403032116059105e-01	1.711338186502196768e-01	2.450181553274319024e-01	1.468376573766059234e-01	7.045869077053465435e-02	2.827787174889038677e-02	7.253350291454589704e-02
1.087046967008342108e+03	2.655087756573846214e-01	1.709828133774792813e-01	2.451838135015128872e-01	1.469319211739445186e-01	7.049781485648265456e-02	2.830233939694451126e-02	7.259252203608589082e-02
1.088498298072438729e+03	2.652776423739916511e-01	1.708320642410520729e-01	2.453491891239776845e-01	1.470260108991255643e-01	7.053687229974529849e-02	2.832677914894294810e-02	7.265144191299914567e-02
1.089949629136535123e+03	2.650469026873092937e-01	1.706815708059753189e-01	2.455142826747880869e-01	1.471199269053167502e-01	7.057586321422799902e-02	2.835119100691730828e-02	7.271026270529966362e-02
1.091400960200631971e+03	2.648165559243841338e-01	1.705313326380249739e-01	2.456790946330903169e-01	1.472136695448484356e-01	7.061478771364466944e-02	2.837557497304637674e-02	7.276898457279548649e-02
1.092852291264728365e+03	2.645866014134252153e-01	1.703813493037144577e-01	2.458436254772165541e-01	1.473072391692160643e-01	7.065364591151809814e-02	2.839993104965536988e-02	7.282760767508862643e-02
1.094303622328825213e+03	2.643570384838019316e-01	1.702316203702933239e-01	2.460078756846861281e-01	1.474006361290826628e-01	7.069243792118019842e-02	2.842425923921520353e-02	7.288613217157495494e-02
1.095754953392921607e+03	2.641278664660418052e-01	1.700821454057460103e-01	2.461718457322071563e-01	1.474938607742811991e-01	7.073116385577236931e-02	2.844855954434174009e-02	7.294455822144410573e-02
1.097206284457018228e+03	2.638990846918286559e-01	1.699329239787907286e-01	2.463355360956776818e-01	1.475869134538169980e-01	7.076982382824582862e-02	2.847283196779505990e-02	7.300288598367941917e-02
1.098657615521114849e+03	2.636706924940004360e-01	1.697839556588781329e-01	2.464989472501871726e-01	1.476797945158701830e-01	7.080841795136189054e-02	2.849707651247873272e-02	7.306111561705781743e-02
1.100108946585211470e+03	2.634426892065472869e-01	1.696352400161899587e-01	2.466620796700178531e-01	1.477725043077981193e-01	7.084694633769229866e-02	2.852129318143908215e-02	7.311924728014977670e-02
1.101560277649308091e+03	2.632150741646093750e-01	1.694867766216379967e-01	2.468249338286461203e-01	1.478650431761377171e-01	7.088540909961953129e-02	2.854548197786446750e-02	7.317728113131917456e-02
1.103011608713404712e+03	2.629878467044749479e-01	1.693385650468626491e-01	2.469875101987438482e-01	1.479574114666078744e-01	7.092380634933713457e-02	2.856964290508455170e-02	7.323521732872328993e-02
1.104462939777501106e+03	2.627610061635783367e-01	1.691906048642318749e-01	2.471498092521798307e-01	1.480496095241119192e-01	7.096213819885001384e-02	2.859377596656959356e-02	7.329305603031269212e-02
1.105914270841597499e+03	2.625345518804978462e-01	1.690428956468398303e-01	2.473118314600211420e-01	1.481416376927397749e-01	7.100040475997472511e-02	2.861788116592971221e-02	7.335079739383115749e-02
1.107365601905694348e+03	2.623084831949538120e-01	1.688954369685056744e-01	2.474735772925344135e-01	1.482334963157705410e-01	7.103860614433983589e-02	2.864195850691418979e-02	7.340844157681566950e-02
1.108816932969790741e+03	2.620827994478066025e-01	1.687482284037723490e-01	2.476350472191872765e-01	1.483251857356746861e-01	7.107674246338623048e-02	2.866600799341073591e-02	7.346598873659627993e-02
1.110268264033887590e+03	2.618574999810542869e-01	1.686012695279053564e-01	2.477962417086496949e-01	1.484167062941165460e-01	7.111481382836733200e-02	2.869002962944481108e-02	7.352343903029609495e-02
1.111719595097984211e+03	2.616325841378312478e-01	1.684545599168914276e-01	2.479571612287953530e-01	1.485080583319564884e-01	7.115282035034949104e-02	2.871402341917888776e-02	7.358079261483121969e-02
1.113170926162080832e+03	2.614080512624056274e-01	1.683080991474374677e-01	2.481178062467029044e-01	1.485992421892533832e-01	7.119076214021229088e-02	2.873798936691176684e-02	7.363804964691066102e-02
1.114622257226177226e+03	2.611839007001774959e-01	1.681618867969691955e-01	2.482781772286575261e-01	1.486902582052668509e-01	7.122863930864879733e-02	2.876192747707786643e-02	7.369521028303632759e-02
1.116073588290273847e+03	2.609601317976769641e-01	1.680159224436300058e-01	2.484382746401520292e-01	1.487811067184595937e-01	7.126645196616591960e-02	2.878583775424653143e-02	7.375227467950297433e-02
1.117524919354370468e+03	2.607367439025621292e-01	1.678702056662796926e-01	2.485980989458883572e-01	1.488717880664996995e-01	7.130420022308468775e-02	2.880972020312133272e-02	7.380924299239809139e-02
1.118976250418467089e+03	2.605137363636170211e-01	1.677247360444933388e-01	2.487576506097789186e-01	1.489623025862628625e-01	7.134188418954053035e-02	2.883357482853936629e-02	7.386611537760197355e-02
1.120427581482563710e+03	2.602911085307496597e-01	1.675795131585599285e-01	2.489169300949478081e-01	1.490526506138348251e-01	7.137950397548362136e-02	2.885740163547057674e-02	7.392289199078759532e-02
1.121878912546660331e+03	2.600688597549900560e-01	1.674345365894812088e-01	2.490759378637323607e-01	1.491428324845135711e-01	7.141705969067915771e-02	2.888120062901706683e-02	7.397957298742058319e-02
1.123330243610756725e+03	2.598469893884882698e-01	1.672898059189705522e-01	2.492346743776843454e-01	1.492328485328115739e-01	7.145455144470765074e-02	2.890497181441239669e-02	7.403615852275921561e-02
1.124781574674853118e+03	2.596254967845124662e-01	1.671453207294517351e-01	2.493931400975712420e-01	1.493226990924580722e-01	7.149197934696523149e-02	2.892871519702092109e-02	7.409264875185436749e-02
1.126232905738949967e+03	2.594043812974467511e-01	1.670010806040576057e-01	2.495513354833777675e-01	1.494123844964013181e-01	7.152934350666396990e-02	2.895243078233710257e-02	7.414904382954951023e-02
1.127684236803046360e+03	2.591836422827894504e-01	1.668570851266290289e-01	2.497092609943070141e-01	1.495019050768109647e-01	7.156664403283212461e-02	2.897611857598483137e-02	7.420534391048061451e-02
1.129135567867143209e+03	2.589632790971511112e-01	1.667133338817135546e-01	2.498669170887819202e-01	1.495912611650800361e-01	7.160388103431448992e-02	2.899977858371675238e-02	7.426154914907620586e-02
1.130586898931239830e+03	2.587432910982523371e-01	1.665698264545643070e-01	2.500243042244465475e-01	1.496804530918273701e-01	7.164105461977263167e-02	2.902341081141359552e-02	7.431765969955728135e-02
1.132038229995336451e+03	2.585236776449219565e-01	1.664265624311388192e-01	2.501814228581673016e-01	1.497694811868998388e-01	7.167816489768526200e-02	2.904701526508350617e-02	7.437367571593735127e-02
1.133489561059432845e+03	2.583044380970952458e-01	1.662835413980976729e-01	2.503382734460344317e-01	1.498583457793744578e-01	7.171521197634843359e-02	2.907059195086137554e-02	7.442959735202236971e-02
1.134940892123529466e+03	2.580855718158117096e-01	1.661407629428034716e-01	2.504948564433633340e-01	1.499470471975606067e-01	7.175219596387594212e-02	2.909414087500817453e-02	7.448542476141074842e-02
1.136392223187626087e+03	2.578670781632131925e-01	1.659982266533196471e-01	2.506511723046956908e-01	1.500355857690023609e-01	7.178911696819950672e-02	2.911766204391029803e-02	7.454115809749334298e-02
1.137843554251722708e+03	2.576489565025419926e-01	1.658559321184090718e-01	2.508072214838009684e-01	1.501239618204805171e-01	7.182597509706917238e-02	2.914115546407890223e-02	7.459679751345342502e-02
1.139294885315819101e+03	2.574312061981389732e-01	1.657138789275330870e-01	2.509630044336775834e-01	1.502121756780149253e-01	7.186277045805351815e-02	2.916462114214924892e-02	7.465234316226668221e-02
1.140746216379915950e+03	2.572138266154416208e-01	1.655720666708502542e-01	2.511185216065543457e-01	1.503002276668665704e-01	7.189950315853996243e-02	2.918805908488006015e-02	7.470779519670125990e-02
1.142197547444012343e+03	2.569968171209818797e-01	1.654304949392150781e-01	2.512737734538917356e-01	1.503881181115397092e-01	7.193617330573509605e-02	2.921146929915284865e-02	7.476315376931766399e-02
1.143648878508108737e+03	2.567801770823845975e-01	1.652891633241769798e-01	2.514287604263831244e-01	1.504758473357842019e-01	7.197278100666490430e-02	2.923485179197127595e-02	7.481841903246885805e-02
1.145100209572205586e+03	2.565639058683653051e-01	1.651480714179789921e-01	2.515834829739562184e-01	1.505634156625974829e-01	7.200932636817512777e-02	2.925820657046052445e-02	7.487359113830022173e-02
1.146551540636302207e+03	2.563480028487284956e-01	1.650072188135566498e-01	2.517379415457742797e-01	1.506508234142268088e-01	7.204580949693151215e-02	2.928153364186662777e-02	7.492867023874955068e-02
1.148002871700398828e+03	2.561324673943654595e-01	1.648666051045367675e-01	2.518921365902373477e-01	1.507380709121713958e-01	7.208223049942004412e-02	2.930483301355583936e-02	7.498365648554705665e-02
1.149454202764495449e+03	2.559172988772526192e-01	1.647262298852363027e-01	2.520460685549836821e-01	1.508251584771845288e-01	7.211858948194733998e-02	2.932810469301399409e-02	7.503855003021542291e-02
1.150905533828591842e+03	2.557024966704495306e-01	1.645860927506611615e-01	2.521997378868910400e-01	1.509120864292756714e-01	7.215488655064086765e-02	2.935134868784588028e-02	7.509335102406977658e-02
1.152356864892688463e+03	2.554880601480969404e-01	1.644461932965050333e-01	2.523531450320777303e-01	1.509988550877126301e-01	7.219112181144923812e-02	2.937456500577459093e-02	7.514805961821770242e-02
1.153808195956785084e+03	2.552739886854149542e-01	1.643065311191482247e-01	2.525062904359044458e-01	1.510854647710235810e-01	7.222729537014249690e-02	2.939775365464089921e-02	7.520267596355928452e-02
1.155259527020881706e+03	2.550602816587010380e-01	1.641671058156565222e-01	2.526591745429748181e-01	1.511719157969993454e-01	7.226340733231240154e-02	2.942091464240263396e-02	7.525720021078709243e-02
1.156710858084978327e+03	2.548469384453282416e-01	1.640279169837799700e-01	2.528117977971373609e-01	1.512582084826952500e-01	7.229945780337274086e-02	2.944404797713404479e-02	7.531163251038622275e-02
1.158162189149074720e+03	2.546339584237432008e-01	1.638889642219517606e-01	2.529641606414864130e-01	1.513443431444334020e-01	7.233544688855955695e-02	2.946715366702518449e-02	7.536597301263432691e-02
1.159613520213171569e+03	2.544213409734643050e-01	1.637502471292870132e-01	2.531162635183634158e-01	1.514303200978047159e-01	7.237137469293147829e-02	2.949023172038128804e-02	7.542022186760162505e-02
1.161064851277267962e+03	2.542090854750798656e-01	1.636117653055816912e-01	2.532681068693584114e-01	1.515161396576709396e-01	7.240724132136996949e-02	2.951328214562214461e-02	7.547437922515091990e-02
1.162516182341364356e+03	2.539971913102459511e-01	1.634735183513113532e-01	2.534196911353110426e-01	1.516018021381667913e-01	7.244304687857960889e-02	2.953630495128149042e-02	7.552844523493765228e-02
1.163967513405461204e+03	2.537856578616849434e-01	1.633355058676301541e-01	2.535710167563121065e-01	1.516873078527019580e-01	7.247879146908842163e-02	2.955930014600639116e-02	7.558242004640991496e-02
1.165418844469557826e+03	2.535744845131833736e-01	1.631977274563694846e-01	2.537220841717045539e-01	1.517726571139632330e-01	7.251447519724810165e-02	2.958226773855663141e-02	7.563630380880849435e-02
1.166870175533654447e+03	2.533636706495900337e-01	1.630601827200370002e-01	2.538728938200849328e-01	1.518578502339164582e-01	7.255009816723428928e-02	2.960520773780410050e-02	7.569009667116691209e-02
1.168321506597751068e+03	2.531532156568144232e-01	1.629228712618153718e-01	2.540234461393047205e-01	1.519428875238086341e-01	7.258566048304691820e-02	2.962812015273218538e-02	7.574379878231142504e-02
1.169772837661847461e+03	2.529431189218244724e-01	1.627857926855612036e-01	2.541737415664713784e-01	1.520277692941699177e-01	7.262116224851042356e-02	2.965100499243518081e-02	7.579741029086113635e-02
1.171224168725944082e+03	2.527333798326448222e-01	1.626489465958037839e-01	2.543237805379496841e-01	1.521124958548156769e-01	7.265660356727403346e-02	2.967386226611766487e-02	7.585093134522793989e-02
1.172675499790040703e+03	2.525239977783551582e-01	1.625123325977440580e-01	2.544735634893632858e-01	1.521970675148484609e-01	7.269198454281207422e-02	2.969669198309390912e-02	7.590436209361664521e-02
1.174126830854137097e+03	2.523149721490881570e-01	1.623759502972534630e-01	2.546230908555953687e-01	1.522814845826600261e-01	7.272730527842424797e-02	2.971949415278728537e-02	7.595770268402499137e-02
1.175578161918233945e+03	2.521063023360277100e-01	1.622397993008727057e-01	2.547723630707905418e-01	1.523657473659334183e-01	7.276256587723585467e-02	2.974226878472966545e-02	7.601095326424368859e-02
1.177029492982330339e+03	2.518979877314069249e-01	1.621038792158107367e-01	2.549213805683555600e-01	1.524498561716448597e-01	7.279776644219812520e-02	2.976501588856082445e-02	7.606411398185645989e-02
1.178480824046426733e+03	2.516900277285065712e-01	1.619681896499435836e-01	2.550701437809611005e-01	1.525338113060658030e-01	7.283290707608847114e-02	2.978773547402786132e-02	7.611718498424015211e-02
1.179932155110523581e+03	2.514824217216529711e-01	1.618327302118131583e-01	2.552186531405425951e-01	1.526176130747648463e-01	7.286798788151077622e-02	2.981042755098459868e-02	7.617016641856469428e-02
1.181383486174620202e+03	2.512751691062162229e-01	1.616975005106260910e-01	2.553669090783015627e-01	1.527012617826098151e-01	7.290300896089564608e-02	2.983309212939100341e-02	7.622305843179320861e-02
1.182834817238716823e+03	2.510682692786085912e-01	1.615625001562529250e-01	2.555149120247069972e-01	1.527847577337696217e-01	7.293797041650071367e-02	2.985572921931259685e-02	7.627586117068207994e-02
1.184286148302813444e+03	2.508617216362822866e-01	1.614277287592264798e-01	2.556626624094966438e-01	1.528681012317162635e-01	7.297287235041088893e-02	2.987833883091987885e-02	7.632857478178096955e-02
1.185737479366910065e+03	2.506555255777280222e-01	1.612931859307411564e-01	2.558101606616780543e-01	1.529512925792268774e-01	7.300771486453863646e-02	2.990092097448775535e-02	7.638119941143291236e-02
1.187188810431006686e+03	2.504496805024729045e-01	1.611588712826515224e-01	2.559574072095298636e-01	1.530343320783855710e-01	7.304249806062423911e-02	2.992347566039494505e-02	7.643373520577435853e-02
1.188640141495103080e+03	2.502441858110787676e-01	1.610247844274714235e-01	2.561044024806030661e-01	1.531172200305853659e-01	7.307722204023610335e-02	2.994600289912341048e-02	7.648618231073521512e-02
1.190091472559199701e+03	2.500390409051403418e-01	1.608909249783727069e-01	2.562511469017223487e-01	1.531999567365301407e-01	7.311188690477099517e-02	2.996850270125779245e-02	7.653854087203897094e-02
1.191542803623296322e+03	2.498342451872833103e-01	1.607572925491841664e-01	2.563976408989872557e-01	1.532825424962366845e-01	7.314649275545434537e-02	2.999097507748484104e-02	7.659081103520272438e-02
1.192994134687392716e+03	2.496297980611626721e-01	1.606238867543904048e-01	2.565438848977733000e-01	1.533649776090363903e-01	7.318103969334048553e-02	3.001342003859282931e-02	7.664299294553725272e-02
1.194445465751489564e+03	2.494256989314608264e-01	1.604907072091306952e-01	2.566898793227333497e-01	1.534472623735773922e-01	7.321552781931292553e-02	3.003583759547101203e-02	7.669508674814708160e-02
1.195896796815585958e+03	2.492219472038858241e-01	1.603577535291979550e-01	2.568356245977987951e-01	1.535293970878263414e-01	7.324995723408464499e-02	3.005822775910904632e-02	7.674709258793056821e-02
1.197348127879682352e+03	2.490185422851695363e-01	1.602250253310375794e-01	2.569811211461809353e-01	1.536113820490703497e-01	7.328432803819835695e-02	3.008059054059642953e-02	7.679901060957997072e-02
1.198799458943779200e+03	2.488154835830658773e-01	1.600925222317463037e-01	2.571263693903719227e-01	1.536932175539188761e-01	7.331864033202675768e-02	3.010292595112195463e-02	7.685084095758153155e-02
1.200250790007875821e+03	2.486127705063489735e-01	1.599602438490711487e-01	2.572713697521459841e-01	1.537749038983056149e-01	7.335289421577281810e-02	3.012523400197314113e-02	7.690258377621551900e-02
1.201702121071972442e+03	2.484104024648114140e-01	1.598281898014083102e-01	2.574161226525609192e-01	1.538564413774904105e-01	7.338708978947004746e-02	3.014751470453567658e-02	7.695423920955635211e-02
1.203153452136069063e+03	2.482083788692624193e-01	1.596963597078020214e-01	2.575606285119593220e-01	1.539378302860611170e-01	7.342122715298274316e-02	3.016976807029287527e-02	7.700580740147265624e-02
1.204604783200165684e+03	2.480066991315261204e-01	1.595647531879434422e-01	2.577048877499695245e-01	1.540190709179354023e-01	7.345530640600628214e-02	3.019199411082513010e-02	7.705728849562733240e-02
1.206056114264262078e+03	2.478053626644397267e-01	1.594333698621696604e-01	2.578489007855067627e-01	1.541001635663626634e-01	7.348932764806738460e-02	3.021419283780935050e-02	7.710868263547768220e-02
1.207507445328358699e+03	2.476043688818517496e-01	1.593022093514624982e-01	2.579926680367747305e-01	1.541811085239259416e-01	7.352329097852436379e-02	3.023636426301842817e-02	7.715998996427547718e-02
1.208958776392455093e+03	2.474037171986202821e-01	1.591712712774474292e-01	2.581361899212666899e-01	1.542619060825436983e-01	7.355719649656738968e-02	3.025850839832068540e-02	7.721121062506698662e-02
1.210410107456551941e+03	2.472034070306111109e-01	1.590405552623925522e-01	2.582794668557664708e-01	1.543425565334716754e-01	7.359104430121882201e-02	3.028062525567934080e-02	7.726234476069315793e-02
1.211861438520648335e+03	2.470034377946960791e-01	1.589100609292073973e-01	2.584224992563499135e-01	1.544230601673047543e-01	7.362483449133336300e-02	3.030271484715196459e-02	7.731339251378965827e-02
1.213312769584745183e+03	2.468038089087512543e-01	1.587797879014418712e-01	2.585652875383859239e-01	1.545034172739787048e-01	7.365856716559840422e-02	3.032477718488994084e-02	7.736435402678694395e-02
1.214764100648841804e+03	2.466045197916551523e-01	1.586497358032852856e-01	2.587078321165377504e-01	1.545836281427721282e-01	7.369224242253430424e-02	3.034681228113793663e-02	7.741522944191042699e-02
1.216215431712937971e+03	2.464055698632871272e-01	1.585199042595650809e-01	2.588501334047642044e-01	1.546636930623082051e-01	7.372586036049456892e-02	3.036882014823336778e-02	7.746601890118048894e-02
1.217666762777034819e+03	2.462069585445253173e-01	1.583902928957459100e-01	2.589921918163206049e-01	1.547436123205565284e-01	7.375942107766618461e-02	3.039080079860586453e-02	7.751672254641259197e-02
1.219118093841131440e+03	2.460086852572451466e-01	1.582609013379283336e-01	2.591340077637604988e-01	1.548233862048349341e-01	7.379292467206988171e-02	3.041275424477674766e-02	7.756734051921743145e-02
1.220569424905228061e+03	2.458107494243175206e-01	1.581317292128480712e-01	2.592755816589363826e-01	1.549030150018112229e-01	7.382637124156037067e-02	3.043468049935849074e-02	7.761787296100099154e-02
1.222020755969324682e+03	2.456131504696070222e-01	1.580027761478746406e-01	2.594169139130009238e-01	1.549824989975050471e-01	7.385976088382659177e-02	3.045657957505421704e-02	7.766832001296461452e-02
1.223472087033421303e+03	2.454158878179702463e-01	1.578740417710103594e-01	2.595580049364084596e-01	1.550618384772896041e-01	7.389309369639202041e-02	3.047845148465715137e-02	7.771868181610518123e-02
1.224923418097517697e+03	2.452189608952539956e-01	1.577455257108893449e-01	2.596988551389159405e-01	1.551410337258935235e-01	7.392636977661491693e-02	3.050029624105011702e-02	7.776895851121513881e-02
1.226374749161614318e+03	2.450223691282935323e-01	1.576172275967763770e-01	2.598394649295842629e-01	1.552200850274025601e-01	7.395958922168856253e-02	3.052211385720501186e-02	7.781915023888265337e-02
1.227826080225710712e+03	2.448261119449109402e-01	1.574891470585658426e-01	2.599798347167791568e-01	1.552989926652614261e-01	7.399275212864157847e-02	3.054390434618228789e-02	7.786925713949167938e-02
1.229277411289807560e+03	2.446301887739133762e-01	1.573612837267805709e-01	2.601199649081727960e-01	1.553777569222755395e-01	7.402585859433810644e-02	3.056566772113044825e-02	7.791927935322209842e-02
1.230728742353903954e+03	2.444345990450911554e-01	1.572336372325709997e-01	2.602598559107446863e-01	1.554563780806126339e-01	7.405890871547811394e-02	3.058740399528551979e-02	7.796921702004983024e-02
1.232180073418000802e+03	2.442393421892163352e-01	1.571062072077138161e-01	2.603995081307827753e-01	1.555348564218047847e-01	7.409190258859768563e-02	3.060911318197055350e-02	7.801907027974688824e-02
1.233631404482097196e+03	2.440444176380407171e-01	1.569789932846111513e-01	2.605389219738850626e-01	1.556131922267499634e-01	7.412484031006924545e-02	3.063079529459511105e-02	7.806883927188155992e-02
1.235082735546193817e+03	2.438498248242943478e-01	1.568519950962894149e-01	2.606780978449601549e-01	1.556913857757138142e-01	7.415772197610180638e-02	3.065245034665476515e-02	7.811852413581844845e-02
1.236534066610290438e+03	2.436555631816836598e-01	1.567252122763981015e-01	2.608170361482290978e-01	1.557694373483314298e-01	7.419054768274123413e-02	3.067407835173058955e-02	7.816812501071868091e-02
1.237985397674387059e+03	2.434616321448897502e-01	1.565986444592090410e-01	2.609557372872259307e-01	1.558473472236089896e-01	7.422331752587055242e-02	3.069567932348865255e-02	7.821764203553992212e-02
1.239436728738483680e+03	2.432680311495667991e-01	1.564722912796149834e-01	2.610942016647992969e-01	1.559251156799255911e-01	7.425603160121013735e-02	3.071725327567952774e-02	7.826707534903655505e-02
1.240888059802580301e+03	2.430747596323403203e-01	1.563461523731288494e-01	2.612324296831132764e-01	1.560027429950349154e-01	7.428869000431800873e-02	3.073880022213778748e-02	7.831642508975977801e-02
1.242339390866676695e+03	2.428818170308053581e-01	1.562202273758824811e-01	2.613704217436488286e-01	1.560802294460668926e-01	7.432129283059013547e-02	3.076032017678151376e-02	7.836569139605772949e-02
1.243790721930773088e+03	2.426892027835249044e-01	1.560945159246256708e-01	2.615081782472048477e-01	1.561575753095295060e-01	7.435384017526057432e-02	3.078181315361179504e-02	7.841487440607558534e-02
1.245242052994869937e+03	2.424969163300281783e-01	1.559690176567250786e-01	2.616456995938993280e-01	1.562347808613104294e-01	7.438633213340184458e-02	3.080327916671224409e-02	7.846397425775571144e-02
1.246693384058966330e+03	2.423049571108089051e-01	1.558437322101632883e-01	2.617829861831704741e-01	1.563118463766786925e-01	7.441876879992515015e-02	3.082471823024849483e-02	7.851299108883776079e-02
1.248144715123063179e+03	2.421133245673236511e-01	1.557186592235376144e-01	2.619200384137780335e-01	1.563887721302864575e-01	7.445115026958055993e-02	3.084613035846772711e-02	7.856192503685879847e-02
1.249596046187159800e+03	2.419220181419901028e-01	1.555937983360590748e-01	2.620568566838040736e-01	1.564655583961705732e-01	7.448347663695739640e-02	3.086751556569817742e-02	7.861077623915348200e-02
1.251047377251256421e+03	2.417310372781854566e-01	1.554691491875515030e-01	2.621934413906544803e-01	1.565422054477544067e-01	7.451574799648438829e-02	3.088887386634863591e-02	7.865954483285408916e-02
1.252498708315352815e+03	2.415403814202446153e-01	1.553447114184503264e-01	2.623297929310599019e-01	1.566187135578493705e-01	7.454796444242996201e-02	3.091020527490799530e-02	7.870823095489071219e-02
1.253950039379449436e+03	2.413500500134586890e-01	1.552204846698015950e-01	2.624659117010772480e-01	1.566950829986566707e-01	7.458012606890251917e-02	3.093150980594475130e-02	7.875683474199139666e-02
1.255401370443546057e+03	2.411600425040731355e-01	1.550964685832610102e-01	2.626017980960903553e-01	1.567713140417689444e-01	7.461223296985063091e-02	3.095278747410652731e-02	7.880535633068221080e-02
1.256852701507642678e+03	2.409703583392862059e-01	1.549726628010927587e-01	2.627374525108115422e-01	1.568474069581719255e-01	7.464428523906338486e-02	3.097403829411959214e-02	7.885379585728742591e-02
1.258304032571739299e+03	2.407809969672471961e-01	1.548490669661686248e-01	2.628728753392823303e-01	1.569233620182460820e-01	7.467628297017056549e-02	3.099526228078839860e-02	7.890215345792964130e-02
1.259755363635835920e+03	2.405919578370549483e-01	1.547256807219668517e-01	2.630080669748749433e-01	1.569991794917682260e-01	7.470822625664291783e-02	3.101645944899509427e-02	7.895042926852989529e-02
1.261206694699932314e+03	2.404032403987559352e-01	1.546025037125710599e-01	2.631430278102933062e-01	1.570748596479132064e-01	7.474011519179242502e-02	3.103762981369906707e-02	7.899862342480780397e-02
1.262658025764028707e+03	2.402148441033428727e-01	1.544795355826694416e-01	2.632777582375742664e-01	1.571504027552555194e-01	7.477194986877253036e-02	3.105877338993646292e-02	7.904673606228172777e-02
1.264109356828125556e+03	2.400267684027528048e-01	1.543567759775535397e-01	2.634122586480884820e-01	1.572258090817709453e-01	7.480373038057845647e-02	3.107989019281972090e-02	7.909476731626886858e-02
1.265560687892221949e+03	2.398390127498656321e-01	1.542342245431172487e-01	2.635465294325419205e-01	1.573010788948380756e-01	7.483545682004737187e-02	3.110098023753711527e-02	7.914271732188543629e-02
1.267012018956318798e+03	2.396515765985023916e-01	1.541118809258558153e-01	2.636805709809766918e-01	1.573762124612400892e-01	7.486712927985869626e-02	3.112204353935229054e-02	7.919058621404675979e-02
1.268463350020415419e+03	2.394644594034236740e-01	1.539897447728649227e-01	2.638143836827723243e-01	1.574512100471662790e-01	7.489874785253435030e-02	3.114308011360378617e-02	7.923837412746745357e-02
1.269914681084511813e+03	2.392776606203278478e-01	1.538678157318394135e-01	2.639479679266468204e-01	1.575260719182136060e-01	7.493031263043899159e-02	3.116408997570459596e-02	7.928608119666151477e-02
1.271366012148608434e+03	2.390911797058495880e-01	1.537460934510725685e-01	2.640813241006577661e-01	1.576007983393883649e-01	7.496182370578026444e-02	3.118507314114169621e-02	7.933370755594253143e-02
1.272817343212705055e+03	2.389050161175580445e-01	1.536245775794548851e-01	2.642144525922036635e-01	1.576753895751077661e-01	7.499328117060906351e-02	3.120602962547559811e-02	7.938125333942379347e-02
1.274268674276801676e+03	2.387191693139553983e-01	1.535032677664731338e-01	2.643473537880246527e-01	1.577498458892015454e-01	7.502468511681978369e-02	3.122695944433988638e-02	7.942871868101838984e-02
1.275720005340898297e+03	2.385336387544751136e-01	1.533821636622093587e-01	2.644800280742040655e-01	1.578241675449134629e-01	7.505603563615058371e-02	3.124786261344077859e-02	7.947610371443943056e-02
1.277171336404994690e+03	2.383484238994803550e-01	1.532612649173398234e-01	2.646124758361692031e-01	1.578983548049030239e-01	7.508733282018359434e-02	3.126873914855665682e-02	7.952340857320013001e-02
1.278622667469091539e+03	2.381635242102622951e-01	1.531405711831340388e-01	2.647446974586926682e-01	1.579724079312468665e-01	7.511857676034522369e-02	3.128958906553763047e-02	7.957063339061400120e-02
1.280073998533187932e+03	2.379789391490386430e-01	1.530200821114537924e-01	2.648766933258933642e-01	1.580463271854405105e-01	7.514976754790635149e-02	3.131041238030508878e-02	7.961777829979498067e-02
1.281525329597284326e+03	2.377946681789518124e-01	1.528997973547519817e-01	2.650084638212376609e-01	1.581201128283997726e-01	7.518090527398262057e-02	3.133120910885126703e-02	7.966484343365755338e-02
1.282976660661381175e+03	2.376107107640675065e-01	1.527797165660718381e-01	2.651400093275404490e-01	1.581937651204624318e-01	7.521199002953467272e-02	3.135197926723877482e-02	7.971182892491696093e-02
1.284427991725477568e+03	2.374270663693729133e-01	1.526598393990457880e-01	2.652713302269663065e-01	1.582672843213897562e-01	7.524302190536837076e-02	3.137272287160017270e-02	7.975873490608931249e-02
1.285879322789574417e+03	2.372437344607753185e-01	1.525401655078943708e-01	2.654024269010306081e-01	1.583406706903679462e-01	7.527400099213511775e-02	3.139343993813753508e-02	7.980556150949169592e-02
1.287330653853671038e+03	2.370607145051003006e-01	1.524206945474254338e-01	2.655332997306005804e-01	1.584139244860097995e-01	7.530492738033202349e-02	3.141413048312199918e-02	7.985230886724244137e-02
1.288781984917767431e+03	2.368780059700901774e-01	1.523014261730330776e-01	2.656639490958964123e-01	1.584870459663562381e-01	7.533580116030220986e-02	3.143479452289334869e-02	7.989897711126117685e-02
1.290233315981864052e+03	2.366956083244024789e-01	1.521823600406965182e-01	2.657943753764923089e-01	1.585600353888777236e-01	7.536662242223501895e-02	3.145543207385956275e-02	7.994556637326899473e-02
