1.001418434226643626e+03	2.798716889892350901e-01	1.803401309596246727e-01	2.349108616437170505e-01	1.410627117588656443e-01	6.806881273305483149e-02	2.681413548959655363e-02	6.893165842574153213e-02
1.003837319333471214e+03	2.794459547820252743e-01	1.800625611199206666e-01	2.352155116379323341e-01	1.412376025650924349e-01	6.814074749085625993e-02	2.685761448605707841e-02	6.904000791795136815e-02
1.006256204440298802e+03	2.790214286699018720e-01	1.797857756670235008e-01	2.355192963707346543e-01	1.414119493477075939e-01	6.821247818300861521e-02	2.690101634173038686e-02	6.914805541972873781e-02
1.008675089547126618e+03	2.785981072086317067e-01	1.795097723819972235e-01	2.358222182906007103e-01	1.415857539833010603e-01	6.828400538953136034e-02	2.694434102058226171e-02	6.925580172519105182e-02
1.011093974653954206e+03	2.781759869639158222e-01	1.792345490521832507e-01	2.361242798390764119e-01	1.417590183408241611e-01	6.835532968880074500e-02	2.698758848808878799e-02	6.936324762694622004e-02
1.013512859760782021e+03	2.777550645113598393e-01	1.789601034711828520e-01	2.364254834507965031e-01	1.419317442816277197e-01	6.842645165755588399e-02	2.703075871122431403e-02	6.947039391608829384e-02
1.015931744867609382e+03	2.773353364364448681e-01	1.786864334388392483e-01	2.367258315535040736e-01	1.421039336594996649e-01	6.849737187090471080e-02	2.707385165844949926e-02	6.957724138219330279e-02
1.018350629974437197e+03	2.769167993344981427e-01	1.784135367612200984e-01	2.370253265680702104e-01	1.422755883207025562e-01	6.856809090232975079e-02	2.711686729969943824e-02	6.968379081331517455e-02
1.020769515081264785e+03	2.764994498106637111e-01	1.781414112505997904e-01	2.373239709085133431e-01	1.424467101040109984e-01	6.863860932369385270e-02	2.715980560637186111e-02	6.979004299598177974e-02
1.023188400188092373e+03	2.760832844798736252e-01	1.778700547254419562e-01	2.376217669820188116e-01	1.426173008407486675e-01	6.870892770524583693e-02	2.720266655131540687e-02	6.989599871519110164e-02
1.025607285294920075e+03	2.756682999668185752e-01	1.775994650103818462e-01	2.379187171889580732e-01	1.427873623548252535e-01	6.877904661562611599e-02	2.724545010881799720e-02	7.000165875440753083e-02
1.028026170401747549e+03	2.752544929059194123e-01	1.773296399362089826e-01	2.382148239229081033e-01	1.429568964627731809e-01	6.884896662187210692e-02	2.728815625459525551e-02	7.010702389555831249e-02
1.030445055508575479e+03	2.748418599412981722e-01	1.770605773398497285e-01	2.385100895706706026e-01	1.431259049737841349e-01	6.891868828942369907e-02	2.733078496577902652e-02	7.021209491902999367e-02
1.032863940615402726e+03	2.744303977267492645e-01	1.767922750643498297e-01	2.388045165122912039e-01	1.432943896897453662e-01	6.898821218212855544e-02	2.737333622090597218e-02	7.031687260366517589e-02
1.035282825722230655e+03	2.740201029257109955e-01	1.765247309588572344e-01	2.390981071210786235e-01	1.434623524052757448e-01	6.905753886224738625e-02	2.741580999990621617e-02	7.042135772675912897e-02
1.037701710829058356e+03	2.736109722112370357e-01	1.762579428786047175e-01	2.393908637636237846e-01	1.436297949077617875e-01	6.912666889045916696e-02	2.745820628409209249e-02	7.052555106405677954e-02
1.040120595935886058e+03	2.732030022659679425e-01	1.759919086848927283e-01	2.396827887998187190e-01	1.437967189773931842e-01	6.919560282586621758e-02	2.750052505614694956e-02	7.062945338974957465e-02
1.042539481042713533e+03	2.727961897821028492e-01	1.757266262450722372e-01	2.399738845828757183e-01	1.439631263871985201e-01	6.926434122599935128e-02	2.754276630011403756e-02	7.073306547647258136e-02
1.044958366149541234e+03	2.723905314613712658e-01	1.754620934325275272e-01	2.402641534593461248e-01	1.441290189030804691e-01	6.933288464682282881e-02	2.758493000138547910e-02	7.083638809530166947e-02
1.047377251256368709e+03	2.719860240150046571e-01	1.751983081266591524e-01	2.405535977691392879e-01	1.442943982838509054e-01	6.940123364273932671e-02	2.762701614669126407e-02	7.093942201575073603e-02
1.049796136363196410e+03	2.715826641637087424e-01	1.749352682128670622e-01	2.408422198455412999e-01	1.444592662812658745e-01	6.946938876659478068e-02	2.766902472408838687e-02	7.104216800576912405e-02
1.052215021470024112e+03	2.711804486376354073e-01	1.746729715825333928e-01	2.411300220152338691e-01	1.446236246400602332e-01	6.953735056968332606e-02	2.771095572294999740e-02	7.114462683173904123e-02
1.054633906576851814e+03	2.707793741763546147e-01	1.744114161330057033e-01	2.414170065983129165e-01	1.447874750979822600e-01	6.960511960175201629e-02	2.775280913395464927e-02	7.124679925847310358e-02
1.057052791683679516e+03	2.703794375288267604e-01	1.741505997675800721e-01	2.417031759083073383e-01	1.449508193858279059e-01	6.967269641100554134e-02	2.779458494907561736e-02	7.134868604921200397e-02
1.059471676790506763e+03	2.699806354533749175e-01	1.738905203954842493e-01	2.419885322521975191e-01	1.451136592274749892e-01	6.974008154411100169e-02	2.783628316157027785e-02	7.145028796562223616e-02
1.061890561897334692e+03	2.695829647176573030e-01	1.736311759318608372e-01	2.422730779304339555e-01	1.452759963399171683e-01	6.980727554620246023e-02	2.787790376596955069e-02	7.155160576779395765e-02
1.064309447004162394e+03	2.691864220986395217e-01	1.733725642977505532e-01	2.425568152369557140e-01	1.454378324332975259e-01	6.987427896088560519e-02	2.791944675806743575e-02	7.165264021423882468e-02
1.066728332110990095e+03	2.687910043825673667e-01	1.731146834200756324e-01	2.428397464592088884e-01	1.455991692109423474e-01	6.994109233024228822e-02	2.796091213491059407e-02	7.175339206188804941e-02
1.069147217217817570e+03	2.683967083649392849e-01	1.728575312316231460e-01	2.431218738781649735e-01	1.457600083693942894e-01	7.000771619483503461e-02	2.800229989478799850e-02	7.185386206609048476e-02
1.071566102324645271e+03	2.680035308504791214e-01	1.726011056710283209e-01	2.434031997683392956e-01	1.459203515984456578e-01	7.007415109371147033e-02	2.804361003722067106e-02	7.195405098061070925e-02
1.073984987431472746e+03	2.676114686531088638e-01	1.723454046827581077e-01	2.436837263978091639e-01	1.460802005811714099e-01	7.014039756440886009e-02	2.808484256295146198e-02	7.205395955762737559e-02
1.076403872538300675e+03	2.672205185959217189e-01	1.720904262170946386e-01	2.439634560282322173e-01	1.462395569939618778e-01	7.020645614295843717e-02	2.812599747393490154e-02	7.215358854773143427e-02
1.078822757645127922e+03	2.668306775111549678e-01	1.718361682301187965e-01	2.442423909148645766e-01	1.463984225065553535e-01	7.027232736388974721e-02	2.816707477332713871e-02	7.225293869992463480e-02
1.081241642751955851e+03	2.664419422401630433e-01	1.715826286836937276e-01	2.445205333065789410e-01	1.465567987820706741e-01	7.033801176023504742e-02	2.820807446547591787e-02	7.235201076161790201e-02
1.083660527858783553e+03	2.660543096333904955e-01	1.713298055454486046e-01	2.447978854458827402e-01	1.467146874770392517e-01	7.040350986353355323e-02	2.824899655591063541e-02	7.245080547862998988e-02
1.086079412965611255e+03	2.656677765503455690e-01	1.710776967887621958e-01	2.450744495689361757e-01	1.468720902414372420e-01	7.046882220383569873e-02	2.828984105133245525e-02	7.254932359518599660e-02
1.088498298072438729e+03	2.652823398595731685e-01	1.708263003927466828e-01	2.453502279055700674e-01	1.470290087187174355e-01	7.053394930970735555e-02	2.833060795960448686e-02	7.264756585391615729e-02
1.090917183179266431e+03	2.648979964386284913e-01	1.705756143422313409e-01	2.456252226793039783e-01	1.471854445458408156e-01	7.059889170823407945e-02	2.837129728974203263e-02	7.274553299585456712e-02
1.093336068286093905e+03	2.645147431740505484e-01	1.703256366277465239e-01	2.458994361073639223e-01	1.473413993533081723e-01	7.066364992502527365e-02	2.841190905190290467e-02	7.284322576043804343e-02
1.095754953392921607e+03	2.641325769613353525e-01	1.700763652455073716e-01	2.461728704007002666e-01	1.474968747651912993e-01	7.072822448421829666e-02	2.845244325737778662e-02	7.294064488550501546e-02
1.098173838499749309e+03	2.637514947049099390e-01	1.698277981973978223e-01	2.464455277640055786e-01	1.476518723991642745e-01	7.079261590848259789e-02	2.849289991858065807e-02	7.303779110729453905e-02
1.100592723606577010e+03	2.633714933181059425e-01	1.695799334909545431e-01	2.467174103957321674e-01	1.478063938665343524e-01	7.085682471902382540e-02	2.853327904903930901e-02	7.313466516044529742e-02
1.103011608713404712e+03	2.629925697231334514e-01	1.693327691393508860e-01	2.469885204881099861e-01	1.479604407722726889e-01	7.092085143558787830e-02	2.857358066338588562e-02	7.323126777799471299e-02
1.105430493820231959e+03	2.626147208510547504e-01	1.690863031613810685e-01	2.472588602271640901e-01	1.481140147150449837e-01	7.098469657646493125e-02	2.861380477734750544e-02	7.332759969137815637e-02
1.107849378927059888e+03	2.622379436417584531e-01	1.688405335814441577e-01	2.475284317927322619e-01	1.482671172872419840e-01	7.104836065849348681e-02	2.865395140773694532e-02	7.342366163042816918e-02
1.110268264033887590e+03	2.618622350439335777e-01	1.685954584295282499e-01	2.477972373584825527e-01	1.484197500750095711e-01	7.111184419706431670e-02	2.869402057244337112e-02	7.351945432337375630e-02
1.112687149140715292e+03	2.614875920150435684e-01	1.683510757411946501e-01	2.480652790919307682e-01	1.485719146582789862e-01	7.117514770612452801e-02	2.873401229042314708e-02	7.361497849683976136e-02
1.115106034247542766e+03	2.611140115213004265e-01	1.681073835575621067e-01	2.483325591544578714e-01	1.487236126107966405e-01	7.123827169818140737e-02	2.877392658169068002e-02	7.371023487584626999e-02
1.117524919354370468e+03	2.607414905376391756e-01	1.678643799252911017e-01	2.485990797013274134e-01	1.488748455001538407e-01	7.130121668430640380e-02	2.881376346730935359e-02	7.380522418380809635e-02
1.119943804461197942e+03	2.603700260476922712e-01	1.676220628965681692e-01	2.488648428817027136e-01	1.490256148878163489e-01	7.136398317413907011e-02	2.885352296938249739e-02	7.389994714253432517e-02
1.122362689568025871e+03	2.599996150437637321e-01	1.673804305290902128e-01	2.491298508386643185e-01	1.491759223291538594e-01	7.142657167589086531e-02	2.889320511104441144e-02	7.399440447222792316e-02
1.124781574674853118e+03	2.596302545268041051e-01	1.671394808860490189e-01	2.493941057092271540e-01	1.493257693734691138e-01	7.148898269634910985e-02	2.893280991645148445e-02	7.408859689148537819e-02
1.127200459781681047e+03	2.592619415063846522e-01	1.668992120361155740e-01	2.496576096243577347e-01	1.494751575640269059e-01	7.155121674088080197e-02	2.897233741077331892e-02	7.418252511729639398e-02
1.129619344888508749e+03	2.588946730006724262e-01	1.666596220534246331e-01	2.499203647089912328e-01	1.496240884380830305e-01	7.161327431343644800e-02	2.901178762018395696e-02	7.427618986504368193e-02
1.132038229995336451e+03	2.585284460364045689e-01	1.664207090175593429e-01	2.501823730820486036e-01	1.497725635269130662e-01	7.167515591655390650e-02	2.905116057185313724e-02	7.436959184850275295e-02
1.134457115102163925e+03	2.581632576488636643e-01	1.661824710135356709e-01	2.504436368564536552e-01	1.499205843558407691e-01	7.173686205136216298e-02	2.909045629393761795e-02	7.446273177984183422e-02
1.136876000208991627e+03	2.577991048818523701e-01	1.659449061317871399e-01	2.507041581391499796e-01	1.500681524442665227e-01	7.179839321758511861e-02	2.912967481557256558e-02	7.455561036962173038e-02
1.139294885315819101e+03	2.574359847876684371e-01	1.657080124681494793e-01	2.509639390311178553e-01	1.502152693056955091e-01	7.185974991354537877e-02	2.916881616686297155e-02	7.464822832679583742e-02
1.141713770422646803e+03	2.570738944270797299e-01	1.654717881238453037e-01	2.512229816273912619e-01	1.503619364477658538e-01	7.192093263616797238e-02	2.920788037887515551e-02	7.474058635871014267e-02
1.144132655529474505e+03	2.567128308692996352e-01	1.652362312054688753e-01	2.514812880170747000e-01	1.505081553722764365e-01	7.198194188098412660e-02	2.924686748362830685e-02	7.483268517110333584e-02
1.146551540636302207e+03	2.563527911919619151e-01	1.650013398249709773e-01	2.517388602833598998e-01	1.506539275752147022e-01	7.204277814213497222e-02	2.928577751408608515e-02	7.492452546810687841e-02
1.148970425743129908e+03	2.559937724810963933e-01	1.647671120996437311e-01	2.519957005035424746e-01	1.507992545467840562e-01	7.210344191237523515e-02	2.932461050414827616e-02	7.501610795224522565e-02
1.151389310849957155e+03	2.556357718311039751e-01	1.645335461521053588e-01	2.522518107490390737e-01	1.509441377714314525e-01	7.216393368307699729e-02	2.936336648864249291e-02	7.510743332443603482e-02
1.153808195956785084e+03	2.552787863447323891e-01	1.643006401102853342e-01	2.525071930854034807e-01	1.510885787278745396e-01	7.222425394423330480e-02	2.940204550331594960e-02	7.519850228399038716e-02
1.156227081063612786e+03	2.549228131330515401e-01	1.640683921074092277e-01	2.527618495723434333e-01	1.512325788891288603e-01	7.228440318446184565e-02	2.944064758482728070e-02	7.528931552861316268e-02
1.158645966170440488e+03	2.545678493154292510e-01	1.638368002819836633e-01	2.530157822637373877e-01	1.513761397225346916e-01	7.234438189100866889e-02	2.947917277073839812e-02	7.537987375440335924e-02
1.161064851277267962e+03	2.542138920195067264e-01	1.636058627777814967e-01	2.532689932076507278e-01	1.515192626897837735e-01	7.240419054975173740e-02	2.951762109950642129e-02	7.547017765585449511e-02
1.163483736384095664e+03	2.538609383811746834e-01	1.633755777438268553e-01	2.535214844463523631e-01	1.516619492469461483e-01	7.246382964520463321e-02	2.955599261047564888e-02	7.556022792585508074e-02
1.165902621490923138e+03	2.535089855445487594e-01	1.631459433343803445e-01	2.537732580163311602e-01	1.518042008444963620e-01	7.252329966052012411e-02	2.959428734386959636e-02	7.565002525568906289e-02
1.168321506597751068e+03	2.531580306619456988e-01	1.629169577089240595e-01	2.540243159483123181e-01	1.519460189273400819e-01	7.258260107749384127e-02	2.963250534078307186e-02	7.573957033503639358e-02
1.170740391704578315e+03	2.528080708938590937e-01	1.626886190321470971e-01	2.542746602672735223e-01	1.520874049348400203e-01	7.264173437656777643e-02	2.967064664317430045e-02	7.582886385197359913e-02
1.173159276811406244e+03	2.524591034089357922e-01	1.624609254739304842e-01	2.545242929924615982e-01	1.522283603008420250e-01	7.270070003683393178e-02	2.970871129385711448e-02	7.591790649297436300e-02
1.175578161918233945e+03	2.521111253839516952e-01	1.622338752093328285e-01	2.547732161374083870e-01	1.523688864537010856e-01	7.275949853603790041e-02	2.974669933649318893e-02	7.600669894291020579e-02
1.177997047025061647e+03	2.517641340037881648e-01	1.620074664185754132e-01	2.550214317099470107e-01	1.525089848163068418e-01	7.281813035058236350e-02	2.978461081558431839e-02	7.609524188505119302e-02
1.180415932131889122e+03	2.514181264614079869e-01	1.617816972870277370e-01	2.552689417122281368e-01	1.526486568061092564e-01	7.287659595553072633e-02	2.982244577646476005e-02	7.618353600106664292e-02
1.182834817238716823e+03	2.510730999578321687e-01	1.615565660051928309e-01	2.555157481407359654e-01	1.527879038351441510e-01	7.293489582461060161e-02	2.986020426529361824e-02	7.627158197102590353e-02
1.185253702345544298e+03	2.507290517021160126e-01	1.613320707686928535e-01	2.557618529863042722e-01	1.529267273100582969e-01	7.299303043021734827e-02	2.989788632904727753e-02	7.635938047339917156e-02
1.187672587452371999e+03	2.503859789113257461e-01	1.611082097782545186e-01	2.560072582341324510e-01	1.530651286321346449e-01	7.305100024341761034e-02	2.993549201551189143e-02	7.644693218505835275e-02
1.190091472559199701e+03	2.500438788105149857e-01	1.608849812396947188e-01	2.562519658638015563e-01	1.532031091973173054e-01	7.310880573395281412e-02	2.997302137327590918e-02	7.653423778127790844e-02
1.192510357666027403e+03	2.497027486327013934e-01	1.606623833639060916e-01	2.564959778492900688e-01	1.533406703962364448e-01	7.316644737024267930e-02	3.001047445172266154e-02	7.662129793573584091e-02
1.194929242772855105e+03	2.493625856188435574e-01	1.604404143668426430e-01	2.567392961589897715e-01	1.534778136142329052e-01	7.322392561938871614e-02	3.004785130102300902e-02	7.670811332051458153e-02
1.197348127879682352e+03	2.490233870178175102e-01	1.602190724695054247e-01	2.569819227557217367e-01	1.536145402313828789e-01	7.328124094717765324e-02	3.008515197212799711e-02	7.679468460610200387e-02
1.199767012986510281e+03	2.486851500863936637e-01	1.599983558979283516e-01	2.572238595967518138e-01	1.537508516225222222e-01	7.333839381808500424e-02	3.012237651676160505e-02	7.688101246139251999e-02
1.202185898093337983e+03	2.483478720892138003e-01	1.597782628831637963e-01	2.574651086338067274e-01	1.538867491572708246e-01	7.339538469527848163e-02	3.015952498741350171e-02	7.696709755368805195e-02
1.204604783200165684e+03	2.480115502987680354e-01	1.595587916612685453e-01	2.577056718130894541e-01	1.540222342000567290e-01	7.345221404062141080e-02	3.019659743733189503e-02	7.705294054869915588e-02
1.207023668306993159e+03	2.476761819953717525e-01	1.593399404732895597e-01	2.579455510752950431e-01	1.541573081101400844e-01	7.350888231467625489e-02	3.023359392051637104e-02	7.713854211054618770e-02
1.209442553413820860e+03	2.473417644671428717e-01	1.591217075652497648e-01	2.581847483556261036e-01	1.542919722416371819e-01	7.356538997670801494e-02	3.027051449171085443e-02	7.722390290176041339e-02
1.211861438520648335e+03	2.470082950099789509e-01	1.589040911881343110e-01	2.584232655838086257e-01	1.544262279435439644e-01	7.362173748468764378e-02	3.030735920639653080e-02	7.730902358328525792e-02
1.214280323627476264e+03	2.466757709275345656e-01	1.586870895978761131e-01	2.586611046841069128e-01	1.545600765597598680e-01	7.367792529529545997e-02	3.034412812078488703e-02	7.739390481447748493e-02
1.216699208734303511e+03	2.463441895311985208e-01	1.584707010553421114e-01	2.588982675753396800e-01	1.546935194291111371e-01	7.373395386392465889e-02	3.038082129181075147e-02	7.747854725310847346e-02
1.219118093841131440e+03	2.460135481400712865e-01	1.582549238263191715e-01	2.591347561708951530e-01	1.548265578853741942e-01	7.378982364468457400e-02	3.041743877712541066e-02	7.756295155536552244e-02
1.221536978947959142e+03	2.456838440809424873e-01	1.580397561815003737e-01	2.593705723787465556e-01	1.549591932572988995e-01	7.384553509040414632e-02	3.045398063508975017e-02	7.764711837585312748e-02
1.223955864054786844e+03	2.453550746882684763e-01	1.578251963964708848e-01	2.596057181014673199e-01	1.550914268686315045e-01	7.390108865263533833e-02	3.049044692476745450e-02	7.773104836759439640e-02
1.226374749161614318e+03	2.450272373041498808e-01	1.576112427516943304e-01	2.598401952362464629e-01	1.552232600381377170e-01	7.395648478165646467e-02	3.052683770591822776e-02	7.781474218203236759e-02
1.228793634268442020e+03	2.447003292783092865e-01	1.573978935324987505e-01	2.600740056749039075e-01	1.553546940796254328e-01	7.401172392647556442e-02	3.056315303899111158e-02	7.789820046903143946e-02
1.231212519375269494e+03	2.443743479680690611e-01	1.571851470290630548e-01	2.603071513039055263e-01	1.554857303019674675e-01	7.406680653483380117e-02	3.059939298511778899e-02	7.798142387687879984e-02
1.233631404482097196e+03	2.440492907383290666e-01	1.569730015364032283e-01	2.605396340043784620e-01	1.556163700091240665e-01	7.412173305320876593e-02	3.063555760610596479e-02	7.806441305228593863e-02
1.236050289588924898e+03	2.437251549615445934e-01	1.567614553543586198e-01	2.607714556521261162e-01	1.557466145001654145e-01	7.417650392681791882e-02	3.067164696443278049e-02	7.814716864039004951e-02
1.238469174695752372e+03	2.434019380177042946e-01	1.565505067875783141e-01	2.610026181176433591e-01	1.558764650692938403e-01	7.423111959962179485e-02	3.070766112323827443e-02	7.822969128475562584e-02
1.240888059802580301e+03	2.430796372943081485e-01	1.563401541455075594e-01	2.612331232661314062e-01	1.560059230058660762e-01	7.428558051432744558e-02	3.074360014631889043e-02	7.831198162737598722e-02
1.243306944909407548e+03	2.427582501863456976e-01	1.561303957423741118e-01	2.614629729575129180e-01	1.561349895944152688e-01	7.433988711239174207e-02	3.077946409812102116e-02	7.839404030867483386e-02
1.245725830016235477e+03	2.424377740962740113e-01	1.559212298971747457e-01	2.616921690464469319e-01	1.562636661146728223e-01	7.439403983402467779e-02	3.081525304373460700e-02	7.847586796750784244e-02
1.248144715123063179e+03	2.421182064339959805e-01	1.557126549336618204e-01	2.619207133823436839e-01	1.563919538415903809e-01	7.444803911819265763e-02	3.085096704888676267e-02	7.855746524116434537e-02
1.250563600229890881e+03	2.417995446168385854e-01	1.555046691803297909e-01	2.621486078093796523e-01	1.565198540453613674e-01	7.450188540262185632e-02	3.088660617993544896e-02	7.863883276536889899e-02
1.252982485336718355e+03	2.414817860695313290e-01	1.552972709704016629e-01	2.623758541665122679e-01	1.566473679914426320e-01	7.455557912380145202e-02	3.092217050386319652e-02	7.871997117428301827e-02
1.255401370443546057e+03	2.411649282241844772e-01	1.550904586418158926e-01	2.626024542874946799e-01	1.567744969405757971e-01	7.460912071698694303e-02	3.095766008827086427e-02	7.880088110050688377e-02
1.257820255550373531e+03	2.408489685202676034e-01	1.548842305372127304e-01	2.628284100008905222e-01	1.569012421488086839e-01	7.466251061620349239e-02	3.099307500137144997e-02	7.888156317508100701e-02
1.260239140657201460e+03	2.405339044045883001e-01	1.546785850039211485e-01	2.630537231300885681e-01	1.570276048675164626e-01	7.471574925424907809e-02	3.102841531198392150e-02	7.896201802748800680e-02
1.262658025764028707e+03	2.402197333312704464e-01	1.544735203939455181e-01	2.632783954933174408e-01	1.571535863434226632e-01	7.476883706269787933e-02	3.106368108952710025e-02	7.904224628565439947e-02
1.265076910870856636e+03	2.399064527617331966e-01	1.542690350639523422e-01	2.635024289036601575e-01	1.572791878186203252e-01	7.482177447190342667e-02	3.109887240401360345e-02	7.912224857595237526e-02
1.267495795977684338e+03	2.395940601646695256e-01	1.540651273752569883e-01	2.637258251690688948e-01	1.574044105305926478e-01	7.487456191100196057e-02	3.113398932604379693e-02	7.920202552320160239e-02
1.269914681084511813e+03	2.392825530160251624e-01	1.538617956938107822e-01	2.639485860923792004e-01	1.575292557122338344e-01	7.492719980791560930e-02	3.116903192679979992e-02	7.928157775067107282e-02
1.272333566191339514e+03	2.389719287989773011e-01	1.536590383901876578e-01	2.641707134713246474e-01	1.576537245918696595e-01	7.497968858935562253e-02	3.120400027803953841e-02	7.936090588008098967e-02
1.274752451298167216e+03	2.386621850039136739e-01	1.534568538395711668e-01	2.643922090985514894e-01	1.577778183932780076e-01	7.503202868082567423e-02	3.123889445209083321e-02	7.944001053160458514e-02
1.277171336404994690e+03	2.383533191284113728e-01	1.532552404217414621e-01	2.646130747616327605e-01	1.579015383357092739e-01	7.508422050662499903e-02	3.127371452184553313e-02	7.951889232387009121e-02
1.279590221511822392e+03	2.380453286772161725e-01	1.530541965210621969e-01	2.648333122430825970e-01	1.580248856339065144e-01	7.513626448985168127e-02	3.130846056075365508e-02	7.959755187396262699e-02
1.282009106618650094e+03	2.377382111622213523e-01	1.528537205264677290e-01	2.650529233203708923e-01	1.581478614981258191e-01	7.518816105240583303e-02	3.134313264281763517e-02	7.967598979742615550e-02
1.284427991725477568e+03	2.374319641024471017e-01	1.526538108314500208e-01	2.652719097659373415e-01	1.582704671341561564e-01	7.523991061499279986e-02	3.137773084258653478e-02	7.975420670826546821e-02
1.286846876832305497e+03	2.371265850240196482e-01	1.524544658340457604e-01	2.654902733472057630e-01	1.583927037433394691e-01	7.529151359712635272e-02	3.141225523515032286e-02	7.983220321894807237e-02
1.289265761939132744e+03	2.368220714601505517e-01	1.522556839368236770e-01	2.657080158265982539e-01	1.585145725225904356e-01	7.534297041713190757e-02	3.144670589613424161e-02	7.990997994040631436e-02
1.291684647045960673e+03	2.365184209511161650e-01	1.520574635468714964e-01	2.659251389615494565e-01	1.586360746644161213e-01	7.539428149214970343e-02	3.148108290169312345e-02	7.998753748203936420e-02
1.294103532152788375e+03	2.362156310442369844e-01	1.518598030757833117e-01	2.661416445045204915e-01	1.587572113569357124e-01	7.544544723813791098e-02	3.151538632850581223e-02	8.006487645171521395e-02
1.296522417259616077e+03	2.359136992938572208e-01	1.516627009396466774e-01	2.663575342030131687e-01	1.588779837839000009e-01	7.549646806987590775e-02	3.154961625376959816e-02	8.014199745577280098e-02
1.298941302366443551e+03	2.356126232613242333e-01	1.514661555590301745e-01	2.665728097995841983e-01	1.589983931247107019e-01	7.554734440096737280e-02	3.158377275519468758e-02	8.021890109902404808e-02
1.301360187473271253e+03	2.353124005149682951e-01	1.512701653589703932e-01	2.667874730318589016e-01	1.591184405544397995e-01	7.559807664384346482e-02	3.161785591099872117e-02	8.029558798475594505e-02
1.303779072580098727e+03	2.350130286300821103e-01	1.510747287689594986e-01	2.670015256325451447e-01	1.592381272438487538e-01	7.564866520976595843e-02	3.165186579990132698e-02	8.037205871473274144e-02
1.306197957686926657e+03	2.347145051889007183e-01	1.508798442229326020e-01	2.672149693294476047e-01	1.593574543594075132e-01	7.569911050883045001e-02	3.168580250111868724e-02	8.044831388919797266e-02
1.308616842793753904e+03	2.344168277805812051e-01	1.506855101592551038e-01	2.674278058454813700e-01	1.594764230633135549e-01	7.574941294996941077e-02	3.171966609435818152e-02	8.052435410687669437e-02
1.311035727900581833e+03	2.341199940011825797e-01	1.504917250207103430e-01	2.676400368986859291e-01	1.595950345135106752e-01	7.579957294095532316e-02	3.175345665981307158e-02	8.060017996497759185e-02
1.313454613007409534e+03	2.338240014536456801e-01	1.502984872544868844e-01	2.678516642022388816e-01	1.597132898637078358e-01	7.584959088840390051e-02	3.178717427815713065e-02	8.067579205919520047e-02
1.315873498114237009e+03	2.335288477477731328e-01	1.501057953121661681e-01	2.680626894644697611e-01	1.598311902633978154e-01	7.589946719777708461e-02	3.182081903053945310e-02	8.075119098371208448e-02
1.318292383221064711e+03	2.332345305002095359e-01	1.499136476497100745e-01	2.682731143888737457e-01	1.599487368578757507e-01	7.594920227338620988e-02	3.185439099857916012e-02	8.082637733120105750e-02
1.320711268327892412e+03	2.329410473344213639e-01	1.497220427274485177e-01	2.684829406741252589e-01	1.600659307882575655e-01	7.599879651839513972e-02	3.188789026436024410e-02	8.090135169282741678e-02
1.323130153434719887e+03	2.326483958806772334e-01	1.495309790100670944e-01	2.686921700140918468e-01	1.601827731914984287e-01	7.604825033482329188e-02	3.192131691042640607e-02	8.097611465825116372e-02
1.325549038541547588e+03	2.323565737760281968e-01	1.493404549665947600e-01	2.689008040978475567e-01	1.602992652004109064e-01	7.609756412354878874e-02	3.195467101977592095e-02	8.105066681562932140e-02
1.327967923648375290e+03	2.320655786642878693e-01	1.491504690703915059e-01	2.691088446096866482e-01	1.604154079436831692e-01	7.614673828431151037e-02	3.198795267585654439e-02	8.112500875161812730e-02
1.330386808755202765e+03	2.317754081960129164e-01	1.489610197991362017e-01	2.693162932291370826e-01	1.605312025458970893e-01	7.619577321571617545e-02	3.202116196256047514e-02	8.119914105137540639e-02
1.332805693862030694e+03	2.314860600284833481e-01	1.487721056348142445e-01	2.695231516309740116e-01	1.606466501275461978e-01	7.624466931523542212e-02	3.205429896421933128e-02	8.127306429856281933e-02
1.335224578968857941e+03	2.311975318256829504e-01	1.485837250637055129e-01	2.697294214852331562e-01	1.607617518050534489e-01	7.629342697921287497e-02	3.208736376559915421e-02	8.134677907534820784e-02
1.337643464075685870e+03	2.309098212582799958e-01	1.483958765763720711e-01	2.699351044572245728e-01	1.608765086907891495e-01	7.634204660286617039e-02	3.212035645189547511e-02	8.142028596240794003e-02
1.340062349182513572e+03	2.306229260036076201e-01	1.482085586676461786e-01	2.701402022075453657e-01	1.609909218930885288e-01	7.639052858029006521e-02	3.215327710872838834e-02	8.149358553892921408e-02
1.342481234289341273e+03	2.303368437456445039e-01	1.480217698366181334e-01	2.703447163920937868e-01	1.611049925162693908e-01	7.643887330445942041e-02	3.218612582213768031e-02	8.156667838261243142e-02
1.344900119396168748e+03	2.300515721749956666e-01	1.478355085866243090e-01	2.705486486620820585e-01	1.612187216606494888e-01	7.648708116723225425e-02	3.221890267857797224e-02	8.163956506967362525e-02
1.347319004502996449e+03	2.297671089888730922e-01	1.476497734252349980e-01	2.707520006640497523e-01	1.613321104225640124e-01	7.653515255935279538e-02	3.225160776491391157e-02	8.171224617484676433e-02
1.349737889609823924e+03	2.294834518910766064e-01	1.474645628642426154e-01	2.709547740398771665e-01	1.614451598943828781e-01	7.658308787045452204e-02	3.228424116841537017e-02	8.178472227138619544e-02
1.352156774716651853e+03	2.292005985919747246e-01	1.472798754196495974e-01	2.711569704267982606e-01	1.615578711645279109e-01	7.663088748906313197e-02	3.231680297675274677e-02	8.185699393106904420e-02
1.354575659823479100e+03	2.289185468084855568e-01	1.470957096116565499e-01	2.713585914574139779e-01	1.616702453174898857e-01	7.667855180259956771e-02	3.234929327799218601e-02	8.192906172419765765e-02
1.356994544930307029e+03	2.286372942640578498e-01	1.469120639646504245e-01	2.715596387597054018e-01	1.617822834338457638e-01	7.672608119738302812e-02	3.238171216059094332e-02	8.200092621960200501e-02
1.359413430037134731e+03	2.283568386886519475e-01	1.467289370071925836e-01	2.717601139570466895e-01	1.618939865902753183e-01	7.677347605863399371e-02	3.241405971339272885e-02	8.207258798464216187e-02
1.361832315143962205e+03	2.280771778187209442e-01	1.465463272720070598e-01	2.719600186682181731e-01	1.620053558595782317e-01	7.682073677047719651e-02	3.244633602562307234e-02	8.214404758521072492e-02
1.364251200250789907e+03	2.277983093971917838e-01	1.463642332959687042e-01	2.721593545074195153e-01	1.621163923106907767e-01	7.686786371594456213e-02	3.247854118688475039e-02	8.221530558573532377e-02
1.366670085357617609e+03	2.275202311734465244e-01	1.461826536200915572e-01	2.723581230842824774e-01	1.622270970087023312e-01	7.691485727697826291e-02	3.251067528715322758e-02	8.228636254918107740e-02
1.369088970464445310e+03	2.272429409033035752e-01	1.460015867895170238e-01	2.725563260038837976e-01	1.623374710148721423e-01	7.696171783443364611e-02	3.254273841677215312e-02	8.235721903705307823e-02
1.371507855571272785e+03	2.269664363489990178e-01	1.458210313535022729e-01	2.727539648667584582e-01	1.624475153866456745e-01	7.700844576808220376e-02	3.257473066644884369e-02	8.242787560939894564e-02
1.373926740678100487e+03	2.266907152791679536e-01	1.456409858654084954e-01	2.729510412689121757e-01	1.625572311776711798e-01	7.705504145661455639e-02	3.260665212724984247e-02	8.249833282481125463e-02
1.376345625784927961e+03	2.264157754688259916e-01	1.454614488826894425e-01	2.731475568018342792e-01	1.626666194378156849e-01	7.710150527764336736e-02	3.263850289059648524e-02	8.256859124043014475e-02
1.378764510891755890e+03	2.261416146993507348e-01	1.452824189668797672e-01	2.733435130525107559e-01	1.627756812131815611e-01	7.714783760770632659e-02	3.267028304826050805e-02	8.263865141194579045e-02
1.381183395998583137e+03	2.258682307584632121e-01	1.451038946835833954e-01	2.735389116034366297e-01	1.628844175461224564e-01	7.719403882226903713e-02	3.270199269235968959e-02	8.270851389360095451e-02
1.383602281105411066e+03	2.255956214402096704e-01	1.449258746024622013e-01	2.737337540326290064e-01	1.629928294752594209e-01	7.724010929572804052e-02	3.273363191535350047e-02	8.277817923819358326e-02
1.386021166212238768e+03	2.253237845449430343e-01	1.447483572972243504e-01	2.739280419136395084e-01	1.631009180354967281e-01	7.728604940141363400e-02	3.276520081003880813e-02	8.284764799707930449e-02
1.388440051319066470e+03	2.250527178793047811e-01	1.445713413456129193e-01	2.741217768155670975e-01	1.632086842580380559e-01	7.733185951159286808e-02	3.279669946954560239e-02	8.291692072017407822e-02
1.390858936425893944e+03	2.247824192562065393e-01	1.443948253293945438e-01	2.743149603030705097e-01	1.633161291704019191e-01	7.737753999747246092e-02	3.282812798733274889e-02	8.298599795595666684e-02
1.393277821532721646e+03	2.245128864948120195e-01	1.442188078343479285e-01	2.745075939363810780e-01	1.634232537964376564e-01	7.742309122920161546e-02	3.285948645718378414e-02	8.305488025147132747e-02
1.395696706639549120e+03	2.242441174205188903e-01	1.440432874502525773e-01	2.746996792713148894e-01	1.635300591563409178e-01	7.746851357587504483e-02	3.289077497320272436e-02	8.312356815233033769e-02
1.398115591746377049e+03	2.239761098649406257e-01	1.438682627708774142e-01	2.748912178592856081e-01	1.636365462666693193e-01	7.751380740553577564e-02	3.292199362980990918e-02	8.319206220271667396e-02
1.400534476853204296e+03	2.237088616658885476e-01	1.436937323939695699e-01	2.750822112473169656e-01	1.637427161403577636e-01	7.755897308517806232e-02	3.295314252173787983e-02	8.326036294538655125e-02
1.402953361960032225e+03	2.234423706673538124e-01	1.435196949212430295e-01	2.752726609780548617e-01	1.638485697867339552e-01	7.760401098075027371e-02	3.298422174402729917e-02	8.332847092167208758e-02
1.405372247066859927e+03	2.231766347194895639e-01	1.433461489583674753e-01	2.754625685897800769e-01	1.639541082115336390e-01	7.764892145715779348e-02	3.301523139202285073e-02	8.339638667148391304e-02
1.407791132173687402e+03	2.229116516785930591e-01	1.431730931149571007e-01	2.756519356164204848e-01	1.640593324169158096e-01	7.769370487826583738e-02	3.304617156136922806e-02	8.346411073331382047e-02
1.410210017280515103e+03	2.226474194070877655e-01	1.430005260045593973e-01	2.758407635875633201e-01	1.641642434014778940e-01	7.773836160690233976e-02	3.307704234800711712e-02	8.353164364423742994e-02
1.412628902387342805e+03	2.223839357735057642e-01	1.428284462446441083e-01	2.760290540284677796e-01	1.642688421602708226e-01	7.778289200486079857e-02	3.310784384816921333e-02	8.359898593991678395e-02
1.415047787494170507e+03	2.221211986524699311e-01	1.426568524565920981e-01	2.762168084600767903e-01	1.643731296848139622e-01	7.782729643290314803e-02	3.313857615837629417e-02	8.366613815460306747e-02
1.417466672600997981e+03	2.218592059246762838e-01	1.424857432656841949e-01	2.764040283990295555e-01	1.644771069631101035e-01	7.787157525076256193e-02	3.316923937543325013e-02	8.373310082113925856e-02
1.419885557707825683e+03	2.215979554768765514e-01	1.423151173010903103e-01	2.765907153576738220e-01	1.645807749796601716e-01	7.791572881714632637e-02	3.319983359642522669e-02	8.379987447096275133e-02
1.422304442814653157e+03	2.213374452018604388e-01	1.421449731958583373e-01	2.767768708440777603e-01	1.646841347154781032e-01	7.795975748973867081e-02	3.323035891871373854e-02	8.386645963410810367e-02
1.424723327921481086e+03	2.210776729984381961e-01	1.419753095869032145e-01	2.769624963620421765e-01	1.647871871481054740e-01	7.800366162520352975e-02	3.326081543993283235e-02	8.393285683920974349e-02
1.427142213028308333e+03	2.208186367714232434e-01	1.418061251149959900e-01	2.771475934111125583e-01	1.648899332516260696e-01	7.804744157918747094e-02	3.329120325798528429e-02	8.399906661350453607e-02
1.429561098135136262e+03	2.205603344316147130e-01	1.416374184247528589e-01	2.773321634865913987e-01	1.649923739966804026e-01	7.809109770632237379e-02	3.332152247103879750e-02	8.406508948283462901e-02
1.431979983241963964e+03	2.203027638957801571e-01	1.414691881646243932e-01	2.775162080795497421e-01	1.650945103504802003e-01	7.813463036022831598e-02	3.335177317752226200e-02	8.413092597165006126e-02
1.434398868348791666e+03	2.200459230866382010e-01	1.413014329868845231e-01	2.776997286768396189e-01	1.651963432768228657e-01	7.817803989351636285e-02	3.338195547612201469e-02	8.419657660301153868e-02
1.436817753455619140e+03	2.197898099328414734e-01	1.411341515476199071e-01	2.778827267611057028e-01	1.652978737361055217e-01	7.822132665779132910e-02	3.341206946577812004e-02	8.426204189859308469e-02
1.439236638562446842e+03	2.195344223689592589e-01	1.409673425067190511e-01	2.780652038107972457e-01	1.653991026853394997e-01	7.826449100365458211e-02	3.344211524568071331e-02	8.432732237868481584e-02
1.441655523669274316e+03	2.192797583354603730e-01	1.408010045278615674e-01	2.782471613001800126e-01	1.655000310781643003e-01	7.830753328070681751e-02	3.347209291526635766e-02	8.439241856219564797e-02
1.444074408776102018e+03	2.190258157786962312e-01	1.406351362785074333e-01	2.784286006993483276e-01	1.656006598648618877e-01	7.835045383755082082e-02	3.350200257421438732e-02	8.445733096665604400e-02
1.446493293882929493e+03	2.187725926508836960e-01	1.404697364298862494e-01	2.786095234742363980e-01	1.657009899923704010e-01	7.839325302179424304e-02	3.353184432244334795e-02	8.452206010822074789e-02
1.448912178989757422e+03	2.185200869100881460e-01	1.403048036569867207e-01	2.787899310866305824e-01	1.658010224042983649e-01	7.843593118005237619e-02	3.356161826010739535e-02	8.458660650167150463e-02
1.451331064096585123e+03	2.182682965202065450e-01	1.401403366385459426e-01	2.789698249941807706e-01	1.659007580409383731e-01	7.847848865795084561e-02	3.359132448759276357e-02	8.465097066041983587e-02
1.453749949203412370e+03	2.180172194509505945e-01	1.399763340570387149e-01	2.791492066504124292e-01	1.660001978392809663e-01	7.852092580012839940e-02	3.362096310551421219e-02	8.471515309650980152e-02
1.456168834310240300e+03	2.177668536778298025e-01	1.398127945986670784e-01	2.793280775047379261e-01	1.660993427330283434e-01	7.856324295023965620e-02	3.365053421471159850e-02	8.477915432062071988e-02
1.458587719417068001e+03	2.175171971821348582e-01	1.396497169533497396e-01	2.795064390024684098e-01	1.661981936526079895e-01	7.860544045095781140e-02	3.368003791624634563e-02	8.484297484206995699e-02
1.461006604523895703e+03	2.172682479509208398e-01	1.394870998147115515e-01	2.796842925848254113e-01	1.662967515251862483e-01	7.864751864397737102e-02	3.370947431139801470e-02	8.490661516881567450e-02
1.463425489630723177e+03	2.170200039769905331e-01	1.393249418800730222e-01	2.798616396889523350e-01	1.663950172746818390e-01	7.868947787001685790e-02	3.373884350166091173e-02	8.497007580745963295e-02
1.465844374737550879e+03	2.167724632588778066e-01	1.391632418504398228e-01	2.800384817479259492e-01	1.664929918217793736e-01	7.873131846882155949e-02	3.376814558874065286e-02	8.503335726324995347e-02
1.468263259844378354e+03	2.165256238008310408e-01	1.390019984304924905e-01	2.802148201907680991e-01	1.665906760839425682e-01	7.877304077916620628e-02	3.379738067455082678e-02	8.509646004008385167e-02
1.470682144951206283e+03	2.162794836127965858e-01	1.388412103285758259e-01	2.803906564424569758e-01	1.666880709754277601e-01	7.881464513885766410e-02	3.382654886120964322e-02	8.515938464051051038e-02
1.473101030058033530e+03	2.160340407104023308e-01	1.386808762566888176e-01	2.805659919239388289e-01	1.667851774072969528e-01	7.885613188473764024e-02	3.385565025103660225e-02	8.522213156573377191e-02
1.475519915164861459e+03	2.157892931149412441e-01	1.385209949304739840e-01	2.807408280521391242e-01	1.668819962874310558e-01	7.889750135268538966e-02	3.388468494654920532e-02	8.528470131561496914e-02
1.477938800271689161e+03	2.155452388533550256e-01	1.383615650692072430e-01	2.809151662399738680e-01	1.669785285205430403e-01	7.893875387762036566e-02	3.391365305045968004e-02	8.534709438867575659e-02
1.480357685378516862e+03	2.153018759582176755e-01	1.382025853957875861e-01	2.810890078963612648e-01	1.670747750081909289e-01	7.897988979350489824e-02	3.394255466567174667e-02	8.540931128210083045e-02
1.482776570485344337e+03	2.150592024677193403e-01	1.380440546367269206e-01	2.812623544262329300e-01	1.671707366487907298e-01	7.902090943334687256e-02	3.397138989527737768e-02	8.547135249174074578e-02
