1.301360187473271253e+03	2.427366742960971047e-01	1.452956123234247221e-01	2.612894263072915169e-01	1.608702802305695123e-01	7.741892581652164151e-02	3.111808999713331497e-02	8.127099102895517235e-02
1.306197957686926657e+03	2.421326409344866648e-01	1.449262110705083761e-01	2.616838281320645887e-01	1.611295677277795046e-01	7.752630379571130714e-02	3.116984871961106865e-02	8.143159961983145734e-02
1.311035727900581833e+03	2.415319475918492054e-01	1.445588525442747796e-01	2.620759089795392516e-01	1.613874399755470812e-01	7.763310473439352655e-02	3.122135449405556706e-02	8.159139168033356648e-02
1.315873498114237009e+03	2.409345757749315198e-01	1.441935254333861216e-01	2.624656825892808798e-01	1.616439048396788869e-01	7.773933172096704480e-02	3.127260868711093794e-02	8.175037095463758008e-02
1.320711268327892412e+03	2.403405070930916820e-01	1.438302184892797653e-01	2.628531626195678150e-01	1.618989701377915036e-01	7.784498782660602412e-02	3.132361265788707189e-02	8.190854117576910898e-02
1.325549038541547588e+03	2.397497232577268933e-01	1.434689205258180278e-01	2.632383626478518313e-01	1.621526436396970028e-01	7.795007610537421638e-02	3.137436775800139105e-02	8.206590606552360834e-02
1.330386808755202765e+03	2.391622060817046036e-01	1.431096204189401533e-01	2.636212961712166014e-01	1.624049330677836689e-01	7.805459959433802553e-02	3.142487533162033331e-02	8.222246933438953631e-02
1.335224578968857941e+03	2.385779374787967977e-01	1.427523071063157567e-01	2.640019766068345541e-01	1.626558460973923925e-01	7.815856131367848736e-02	3.147513671550068032e-02	8.237823468147423278e-02
1.340062349182513572e+03	2.379968994631175838e-01	1.423969695870007102e-01	2.643804172924208995e-01	1.629053903571885120e-01	7.826196426680205598e-02	3.152515323903061495e-02	8.253320579443249039e-02
1.344900119396168748e+03	2.374190741485638079e-01	1.420435969210946947e-01	2.647566314866862669e-01	1.631535734295292417e-01	7.836481144045051583e-02	3.157492622427054280e-02	8.268738634939777621e-02
1.349737889609823924e+03	2.368444437482590259e-01	1.416921782294008336e-01	2.651306323697867340e-01	1.634004028508268258e-01	7.846710580480972808e-02	3.162445698599372634e-02	8.284078001091602084e-02
1.354575659823479100e+03	2.362729905740003911e-01	1.413427026930871577e-01	2.655024330437720792e-01	1.636458861119074737e-01	7.856885031361732219e-02	3.167374683172662075e-02	8.299339043188187770e-02
1.359413430037134731e+03	2.357046970357088433e-01	1.409951595533500412e-01	2.658720465330318694e-01	1.638900306583661315e-01	7.867004790426941618e-02	3.172279706178907782e-02	8.314522125347754977e-02
1.364251200250789907e+03	2.351395456408822415e-01	1.406495381110795528e-01	2.662394857847394936e-01	1.641328438909170628e-01	7.877070149792639309e-02	3.177160896933425155e-02	8.329627610511398939e-02
1.369088970464445310e+03	2.345775189940517980e-01	1.403058277265265552e-01	2.666047636692938649e-01	1.643743331657404327e-01	7.887081399961758110e-02	3.182018384038830250e-02	8.344655860437447115e-02
1.373926740678100487e+03	2.340185997962412889e-01	1.399640178189719419e-01	2.669678929807595136e-01	1.646145057948248946e-01	7.897038829834501783e-02	3.186852295388991479e-02	8.359607235696048244e-02
1.378764510891755890e+03	2.334627708444296512e-01	1.396240978663974563e-01	2.673288864373040696e-01	1.648533690463062640e-01	7.906942726718621528e-02	3.191662758172954251e-02	8.374482095663986214e-02
1.383602281105411066e+03	2.329100150310162431e-01	1.392860574051586198e-01	2.676877566816339704e-01	1.650909301448023891e-01	7.916793376339605059e-02	3.196449898878847562e-02	8.389280798519728466e-02
1.388440051319066470e+03	2.323603153432894086e-01	1.389498860296592975e-01	2.680445162814281690e-01	1.653271962717441090e-01	7.926591062850761593e-02	3.201213843297765621e-02	8.404003701238677015e-02
1.393277821532721646e+03	2.318136548628979554e-01	1.386155733920282906e-01	2.683991777297692893e-01	1.655621745657025745e-01	7.936336068843226343e-02	3.205954716527631421e-02	8.418651159588634580e-02
1.398115591746377049e+03	2.312700167653255201e-01	1.382831092017975660e-01	2.687517534455732826e-01	1.657958721227127674e-01	7.946028675355865101e-02	3.210672642977035335e-02	8.433223528125498303e-02
1.402953361960032225e+03	2.307293843193679583e-01	1.379524832255824007e-01	2.691022557740164189e-01	1.660282959965935223e-01	7.955669161885091378e-02	3.215367746369054980e-02	8.447721160189128331e-02
1.407791132173687402e+03	2.301917408866136772e-01	1.376236852867634697e-01	2.694506969869608914e-01	1.662594531992639679e-01	7.965257806394600293e-02	3.220040149745054259e-02	8.462144407899442611e-02
1.412628902387342805e+03	2.296570699209270205e-01	1.372967052651704045e-01	2.697970892833775891e-01	1.664893507010564155e-01	7.974794885325003913e-02	3.224689975468456038e-02	8.476493622152693475e-02
1.417466672600997981e+03	2.291253549679342916e-01	1.369715330967673783e-01	2.701414447897673154e-01	1.667179954310256951e-01	7.984280673603398604e-02	3.229317345228501640e-02	8.490769152617935744e-02
1.422304442814653157e+03	2.285965796645128001e-01	1.366481587733404113e-01	2.704837755605795091e-01	1.669453942772552713e-01	7.993715444652828295e-02	3.233922380043982581e-02	8.504971347733691900e-02
1.427142213028308333e+03	2.280707277382829634e-01	1.363265723421863973e-01	2.708240935786295212e-01	1.671715540871598904e-01	8.003099470401676963e-02	3.238505200266955653e-02	8.519100554704794881e-02
1.431979983241963964e+03	2.275477830071029606e-01	1.360067639058039068e-01	2.711624107555131724e-01	1.673964816677849243e-01	8.012433021292969526e-02	3.243065925586437193e-02	8.533157119499405752e-02
1.436817753455619140e+03	2.270277293785663841e-01	1.356887236215857662e-01	2.714987389320194788e-01	1.676201837861025223e-01	8.021716366293601963e-02	3.247604675032073063e-02	8.547141386846211775e-02
1.441655523669274316e+03	2.265105508495028064e-01	1.353724417015133297e-01	2.718330898785416005e-01	1.678426671693044880e-01	8.030949772903483996e-02	3.252121566977793365e-02	8.561053700231806285e-02
1.446493293882929493e+03	2.259962315054808990e-01	1.350579084118523898e-01	2.721654752954849599e-01	1.680639385050921308e-01	8.040133507164598514e-02	3.256616719145442873e-02	8.574894401898219831e-02
1.451331064096585123e+03	2.254847555203146059e-01	1.347451140728510577e-01	2.724959068136743601e-01	1.682840044419628422e-01	8.049267833669992989e-02	3.261090248608393416e-02	8.588663832840623402e-02
1.456168834310240300e+03	2.249761071555719250e-01	1.344340490584390035e-01	2.728243959947580510e-01	1.685028715894936746e-01	8.058353015572694567e-02	3.265542271795135454e-02	8.602362332805198186e-02
1.461006604523895703e+03	2.244702707600865765e-01	1.341247037959286958e-01	2.731509543316104072e-01	1.687205465186219500e-01	8.067389314594526628e-02	3.269972904492847443e-02	8.615990240287155211e-02
1.465844374737550879e+03	2.239672307694723086e-01	1.338170687657180558e-01	2.734755932487321628e-01	1.689370357619228991e-01	8.076376991034882324e-02	3.274382261850952713e-02	8.629547892528911801e-02
1.470682144951206283e+03	2.234669717056399496e-01	1.335111345009950545e-01	2.737983241026489267e-01	1.691523458138843028e-01	8.085316303779405134e-02	3.278770458384646508e-02	8.643035625518419307e-02
1.475519915164861459e+03	2.229694781763172096e-01	1.332068915874437820e-01	2.741191581823071433e-01	1.693664831311783303e-01	8.094207510308594478e-02	3.283137607978410533e-02	8.656453773987639322e-02
1.480357685378516862e+03	2.224747348745712561e-01	1.329043306629520971e-01	2.744381067094688320e-01	1.695794541329305183e-01	8.103050866706346111e-02	3.287483823889505996e-02	8.669802671411165618e-02
1.485195455592172038e+03	2.219827265783337333e-01	1.326034424173213044e-01	2.747551808391033856e-01	1.697912652009859746e-01	8.111846627668420351e-02	3.291809218751445137e-02	8.683082650004979308e-02
1.490033225805827215e+03	2.214934381499286675e-01	1.323042175919769414e-01	2.750703916597780352e-01	1.700019226801727235e-01	8.120595046510842296e-02	3.296113904577449571e-02	8.696294040725355279e-02
1.494870996019482618e+03	2.210068545356029535e-01	1.320066469796815911e-01	2.753837501940458177e-01	1.702114328785624686e-01	8.129296375178225731e-02	3.300397992763880184e-02	8.709437173267885191e-02
1.499708766233137567e+03	2.205229607650595336e-01	1.317107214242491664e-01	2.756952673988319336e-01	1.704198020677286096e-01	8.137950864252031791e-02	3.304661594093656618e-02	8.722512376066658690e-02
1.504546536446793198e+03	2.200417419509930472e-01	1.314164318202606929e-01	2.760049541658177730e-01	1.706270364830016761e-01	8.146558762958758249e-02	3.308904818739651088e-02	8.735519976293540378e-02
1.509384306660448374e+03	2.195631832886281720e-01	1.311237691127820348e-01	2.763128213218229434e-01	1.708331423237220981e-01	8.155120319178067734e-02	3.313127776268069008e-02	8.748460299857607758e-02
1.514222076874103550e+03	2.190872700552606300e-01	1.308327242970827586e-01	2.766188796291854657e-01	1.710381257534905053e-01	8.163635779450845176e-02	3.317330575641808110e-02	8.761333671404683554e-02
1.519059847087758726e+03	2.186139876098006918e-01	1.305432884183568287e-01	2.769231397861399158e-01	1.712419929004154184e-01	8.172105388987187247e-02	3.321513325223796054e-02	8.774140414317006809e-02
1.523897617301414357e+03	2.181433213923192060e-01	1.302554525714448852e-01	2.772256124271935129e-01	1.714447498573584694e-01	8.180529391674334905e-02	3.325676132780315541e-02	8.786880850713017777e-02
1.528735387515069533e+03	2.176752569235962387e-01	1.299692079005580203e-01	2.775263081235002094e-01	1.716464026821773181e-01	8.188908030084537937e-02	3.329819105484307235e-02	8.799555301447248290e-02
1.533573157728724709e+03	2.172097798046721817e-01	1.296845455990030815e-01	2.778252373832329480e-01	1.718469573979659326e-01	8.197241545482855662e-02	3.333942349918652542e-02	8.812164086110341188e-02
1.538410927942380113e+03	2.167468757164015269e-01	1.294014569089095568e-01	2.781224106519538108e-01	1.720464199932926486e-01	8.205530177834902128e-02	3.338045972079443230e-02	8.824707523029164113e-02
1.543248698156035516e+03	2.162865304190089710e-01	1.291199331209580414e-01	2.784178383129818912e-01	1.722447964224358141e-01	8.213774165814514971e-02	3.342130077379229514e-02	8.837185929267045437e-02
1.548086468369690692e+03	2.158287297516480463e-01	1.288399655741100658e-01	2.787115306877599452e-01	1.724420926056171588e-01	8.221973746811386818e-02	3.346194770650249423e-02	8.849599620624101770e-02
1.552924238583346096e+03	2.153734596319623051e-01	1.285615456553395874e-01	2.790034980362184891e-01	1.726383144292328586e-01	8.230129156938614798e-02	3.350240156147642895e-02	8.861948911637672344e-02
1.557762008797001272e+03	2.149207060556488635e-01	1.282846647993660105e-01	2.792937505571381207e-01	1.728334677460824087e-01	8.238240631040205653e-02	3.354266337552645749e-02	8.874234115582863014e-02
1.562599779010656675e+03	2.144704550960244704e-01	1.280093144883885925e-01	2.795822983885096202e-01	1.730275583755952473e-01	8.246308402698514228e-02	3.358273417975769087e-02	8.886455544473174928e-02
1.567437549224311852e+03	2.140226929035939640e-01	1.277354862518223777e-01	2.798691516078928299e-01	1.732205921040551322e-01	8.254332704241629237e-02	3.362261499959955102e-02	8.898613509061237270e-02
1.572275319437967255e+03	2.135774057056211706e-01	1.274631716660355740e-01	2.801543202327727577e-01	1.734125746848224903e-01	8.262313766750700728e-02	3.366230685483721785e-02	8.910708318839624664e-02
1.577113089651622431e+03	2.131345798057021623e-01	1.271923623540885395e-01	2.804378142209143498e-01	1.736035118385546305e-01	8.270251820067209270e-02	3.370181075964285428e-02	8.922740282041781434e-02
1.581950859865277607e+03	2.126942015833409583e-01	1.269230499854741290e-01	2.807196434707149302e-01	1.737934092534237085e-01	8.278147092800186568e-02	3.374112772260668552e-02	8.934709705643015254e-02
1.586788630078933011e+03	2.122562574935276669e-01	1.266552262758594560e-01	2.809998178215549203e-01	1.739822725853328311e-01	8.285999812333369463e-02	3.378025874676791884e-02	8.946616895361596267e-02
1.591626400292587959e+03	2.118207340663186555e-01	1.263888829868291819e-01	2.812783470541467823e-01	1.741701074581300246e-01	8.293810204832308131e-02	3.381920482964544117e-02	8.958462155659925596e-02
1.596464170506243590e+03	2.113876179064196337e-01	1.261240119256302195e-01	2.815552408908817972e-01	1.743569194638201758e-01	8.301578495251420164e-02	3.385796696326838495e-02	8.970245789745798226e-02
1.601301940719898766e+03	2.109568956927704853e-01	1.258606049449179087e-01	2.818305089961750109e-01	1.745427141627751422e-01	8.309304907340990531e-02	3.389654613420649970e-02	8.981968099573743591e-02
1.606139710933553943e+03	2.105285541781328762e-01	1.255986539425034410e-01	2.821041609768084046e-01	1.747274970839416686e-01	8.316989663654118792e-02	3.393494332360041943e-02	8.993629385846432789e-02
1.610977481147209119e+03	2.101025801886799160e-01	1.253381508611029760e-01	2.823762063822720658e-01	1.749112737250476390e-01	8.324632985553613584e-02	3.397315950719165950e-02	9.005229948016189867e-02
1.615815251360864750e+03	2.096789606235881787e-01	1.250790876880879532e-01	2.826466547051035283e-01	1.750940495528061913e-01	8.332235093218835764e-02	3.401119565535250244e-02	9.016770084286550302e-02
1.620653021574519926e+03	2.092576824546320546e-01	1.248214564552368039e-01	2.829155153812252799e-01	1.752758300031181937e-01	8.339796205652495742e-02	3.404905273311575192e-02	9.028250091613906902e-02
1.625490791788175102e+03	2.088387327257803239e-01	1.245652492384882182e-01	2.831827977902803273e-01	1.754566204812726682e-01	8.347316540687398090e-02	3.408673170020426468e-02	9.039670265709229269e-02
1.630328562001830505e+03	2.084220985527949210e-01	1.243104581576956469e-01	2.834485112559658737e-01	1.756364263621456034e-01	8.354796314993130635e-02	3.412423351106033675e-02	9.051030901039842924e-02
1.635166332215485909e+03	2.080077671228321434e-01	1.240570753763831774e-01	2.837126650463652200e-01	1.758152529903966865e-01	8.362235744082713307e-02	3.416155911487491620e-02	9.062332290831283388e-02
1.640004102429141085e+03	2.075957256940458573e-01	1.238050931015029221e-01	2.839752683742779449e-01	1.759931056806645355e-01	8.369635042319197027e-02	3.419870945561669096e-02	9.073574727069216861e-02
1.644841872642796488e+03	2.071859615951931466e-01	1.235545035831935173e-01	2.842363303975479205e-01	1.761699897177601559e-01	8.376994422922211248e-02	3.423568547206098239e-02	9.084758500501424749e-02
1.649679642856451665e+03	2.067784622252419324e-01	1.233052991145402594e-01	2.844958602193898289e-01	1.763459103568583985e-01	8.384314097974467084e-02	3.427248809781845845e-02	9.095883900639847863e-02
1.654517413070107068e+03	2.063732150529809795e-01	1.230574720313363374e-01	2.847538668887137914e-01	1.765208728236881131e-01	8.391594278428209097e-02	3.430911826136376352e-02	9.106951215762694452e-02
1.659355183283762244e+03	2.059702076166320117e-01	1.228110147118455786e-01	2.850103594004478880e-01	1.766948823147202474e-01	8.398835174111635160e-02	3.434557688606389853e-02	9.117960732916607913e-02
1.664192953497417420e+03	2.055694275234639379e-01	1.225659195765664011e-01	2.852653466958592343e-01	1.768679439973545597e-01	8.406036993735244156e-02	3.438186489020651077e-02	9.128912737918895570e-02
1.669030723711072824e+03	2.051708624494093802e-01	1.223221790879971543e-01	2.855188376628732261e-01	1.770400630101045814e-01	8.413199944898169802e-02	3.441798318702799647e-02	9.139807515359807399e-02
1.673868493924728000e+03	2.047745001386831187e-01	1.220797857504027223e-01	2.857708411363906187e-01	1.772112444627809702e-01	8.420324234094446469e-02	3.445393268474142984e-02	9.150645348604875828e-02
1.678706264138383403e+03	2.043803284034030054e-01	1.218387321095825426e-01	2.860213658986032748e-01	1.773814934366733098e-01	8.427410066719240311e-02	3.448971428656440186e-02	9.161426519797311041e-02
1.683544034352038352e+03	2.039883351232126552e-01	1.215990107526397634e-01	2.862704206793080242e-01	1.775508149847302986e-01	8.434457647075033204e-02	3.452532889074663019e-02	9.172151309860437918e-02
1.688381804565693983e+03	2.035985082449063288e-01	1.213606143077518018e-01	2.865180141562184701e-01	1.777192141317383567e-01	8.441467178377770608e-02	3.456077739059745108e-02	9.182819998500198200e-02
1.693219574779349159e+03	2.032108357820561484e-01	1.211235354439421236e-01	2.867641549552753522e-01	1.778866958744987903e-01	8.448438862762956691e-02	3.459606067451317934e-02	9.193432864207691513e-02
1.698057344993004335e+03	2.028253058146410326e-01	1.208877668708533831e-01	2.870088516509551879e-01	1.780532651820033729e-01	8.455372901291713372e-02	3.463117962600426036e-02	9.203990184261769125e-02
1.702895115206659511e+03	2.024419064886780750e-01	1.206533013385217290e-01	2.872521127665766394e-01	1.782189269956084843e-01	8.462269493956796340e-02	3.466613512372231781e-02	9.214492234731677667e-02
1.707732885420315142e+03	2.020606260158556711e-01	1.204201316371524416e-01	2.874939467746059907e-01	1.783836862292076664e-01	8.469128839688568056e-02	3.470092804148703497e-02	9.224939290479741705e-02
1.712570655633970318e+03	2.016814526731688650e-01	1.201882505968968201e-01	2.877343620969601279e-01	1.785475477694029034e-01	8.475951136360930505e-02	3.473555924831291108e-02	9.235331625164090730e-02
1.717408425847625494e+03	2.013043748025566404e-01	1.199576510876302488e-01	2.879733671053081312e-01	1.787105164756743469e-01	8.482736580797221870e-02	3.477002960843581653e-02	9.245669511241441652e-02
1.722246196061280898e+03	2.009293808105413470e-01	1.197283260187316234e-01	2.882109701213711461e-01	1.788725971805485426e-01	8.489485368776063245e-02	3.480433998133945078e-02	9.255953219969906276e-02
1.727083966274936301e+03	2.005564591678700714e-01	1.195002683388638465e-01	2.884471794172205339e-01	1.790337946897654908e-01	8.496197695037173425e-02	3.483849122178161312e-02	9.266183021411851517e-02
1.731921736488591478e+03	2.001855984091579221e-01	1.192734710357557099e-01	2.886820032155743565e-01	1.791941137824440977e-01	8.502873753287142067e-02	3.487248417982036913e-02	9.276359184436794303e-02
1.736759506702246881e+03	1.998167871325334799e-01	1.190479271359849156e-01	2.889154496900919744e-01	1.793535592112463772e-01	8.509513736205166767e-02	3.490631970084005081e-02	9.286481976724336729e-02
1.741597276915902057e+03	1.994500139992861631e-01	1.188236297047623596e-01	2.891475269656670344e-01	1.795121357025403208e-01	8.516117835448745732e-02	3.493999862557709696e-02	9.296551664767140066e-02
1.746435047129557461e+03	1.990852677335155363e-01	1.186005718457174979e-01	2.893782431187192361e-01	1.796698479565612683e-01	8.522686241659335749e-02	3.497352179014578261e-02	9.306568513873922366e-02
1.751272817343212637e+03	1.987225371217824776e-01	1.183787467006850586e-01	2.896076061774834898e-01	1.798267006475721963e-01	8.529219144467969915e-02	3.500689002606377498e-02	9.316532788172518509e-02
1.756110587556867813e+03	1.983618110127625955e-01	1.181581474494928508e-01	2.898356241222982410e-01	1.799826984240226468e-01	8.535716732500844839e-02	3.504010416027758534e-02	9.326444750612941648e-02
1.760948357770523216e+03	1.980030783169011710e-01	1.179387673097508360e-01	2.900623048858920749e-01	1.801378459087061013e-01	8.542179193384863423e-02	3.507316501518782659e-02	9.336304662970507096e-02
1.765786127984178393e+03	1.976463280060704597e-01	1.177205995366412544e-01	2.902876563536679888e-01	1.802921476989165495e-01	8.548606713753142960e-02	3.510607340867438059e-02	9.346112785848963156e-02
1.770623898197833569e+03	1.972915491132284926e-01	1.175036374227100971e-01	2.905116863639866098e-01	1.804456083666034494e-01	8.554999479250491312e-02	3.513883015412139210e-02	9.355869378683673299e-02
1.775461668411488745e+03	1.969387307320800695e-01	1.172878742976595362e-01	2.907344027084479698e-01	1.805982324585254650e-01	8.561357674538835894e-02	3.517143606044215165e-02	9.365574699744816378e-02
1.780299438625144376e+03	1.965878620167395008e-01	1.170733035281417422e-01	2.909558131321707819e-01	1.807500244964032887e-01	8.567681483302631851e-02	3.520389193210382572e-02	9.375229006140621546e-02
1.785137208838799552e+03	1.962389321813953480e-01	1.168599185175536181e-01	2.911759253340712172e-01	1.809009889770709367e-01	8.573971088254227213e-02	3.523619856915204129e-02	9.384832553820626755e-02
1.789974979052454728e+03	1.958919304999768851e-01	1.166477127058328650e-01	2.913947469671391288e-01	1.810511303726258792e-01	8.580226671139187800e-02	3.526835676723533847e-02	9.394385597578969183e-02
1.794812749266109904e+03	1.955468463058225581e-01	1.164366795692550888e-01	2.916122856387132201e-01	1.812004531305781707e-01	8.586448412741599923e-02	3.530036731762951213e-02	9.403888391057704799e-02
1.799650519479765535e+03	1.952036689913502210e-01	1.162268126202320867e-01	2.918285489107545483e-01	1.813489616739983046e-01	8.592636492889330069e-02	3.533223100726176624e-02	9.413341186750137646e-02
1.804488289693420711e+03	1.948623880077291481e-01	1.160181054071112022e-01	2.920435443001180298e-01	1.814966604016639284e-01	8.598791090459251274e-02	3.536394861873481260e-02	9.422744236004197693e-02
1.809326059907075887e+03	1.945229928645541007e-01	1.158105515139758734e-01	2.922572792788229457e-01	1.816435536882053670e-01	8.604912383382440355e-02	3.539552093035074759e-02	9.432097789025821466e-02
1.814163830120731291e+03	1.941854731295208913e-01	1.156041445604472223e-01	2.924697612743215602e-01	1.817896458842500895e-01	8.611000548649339059e-02	3.542694871613485952e-02	9.441402094882367368e-02
1.819001600334386467e+03	1.938498184281041148e-01	1.153988782014867820e-01	2.926809976697661853e-01	1.819349413165660401e-01	8.617055762314879130e-02	3.545823274585927637e-02	9.450657401506051825e-02
1.823839370548041643e+03	1.935160184432362374e-01	1.151947461272003759e-01	2.928909958042748563e-01	1.820794442882039121e-01	8.623078199503583785e-02	3.548937378506649559e-02	9.459863955697402071e-02
1.828677140761696819e+03	1.931840629149890465e-01	1.149917420626429959e-01	2.930997629731950660e-01	1.822231590786382305e-01	8.629068034414624777e-02	3.552037259509276818e-02	9.469022003128735321e-02
1.833514910975352450e+03	1.928539416402562379e-01	1.147898597676248050e-01	2.933073064283666653e-01	1.823660899439075167e-01	8.635025440326857260e-02	3.555122993309137169e-02	9.478131788347654574e-02
1.838352681189008081e+03	1.925256444724383065e-01	1.145890930365182914e-01	2.935136333783823770e-01	1.825082411167532059e-01	8.640950589603818566e-02	3.558194655205572376e-02	9.487193554780562477e-02
1.843190451402663257e+03	1.921991613211289085e-01	1.143894356980663524e-01	2.937187509888474213e-01	1.826496168067576198e-01	8.646843653698699228e-02	3.561252320084241918e-02	9.496207544736195993e-02
1.848028221616318433e+03	1.918744821518029997e-01	1.141908816151916001e-01	2.939226663826374208e-01	1.827902212004809401e-01	8.652704803159276536e-02	3.564296062419407968e-02	9.505173999409180507e-02
1.852865991829973609e+03	1.915515969855068612e-01	1.139934246848066379e-01	2.941253866401546402e-01	1.829300584615971281e-01	8.658534207632818946e-02	3.567325956276212739e-02	9.514093158883597801e-02
1.857703762043628785e+03	1.912304958985495962e-01	1.137970588376254477e-01	2.943269187995831149e-01	1.830691327310286498e-01	8.664332035870966897e-02	3.570342075312939178e-02	9.522965262136569298e-02
1.862541532257283961e+03	1.909111690221965696e-01	1.136017780379757619e-01	2.945272698571416714e-01	1.832074481270805355e-01	8.670098455734573384e-02	3.573344492783262633e-02	9.531790547041858741e-02
1.867379302470939592e+03	1.905936065423645409e-01	1.134075762836125184e-01	2.947264467673362254e-01	1.833450087455732180e-01	8.675833634198525102e-02	3.576333281538485870e-02	9.540569250373484578e-02
1.872217072684594768e+03	1.902777986993183512e-01	1.132144476055324395e-01	2.949244564432099147e-01	1.834818186599743162e-01	8.681537737356517792e-02	3.579308514029766464e-02	9.549301607809355941e-02
1.877054842898249490e+03	1.899637357873693311e-01	1.130223860677894432e-01	2.951213057565922337e-01	1.836178819215297520e-01	8.687210930425823263e-02	3.582270262310328912e-02	9.557987853934912792e-02
1.881892613111905121e+03	1.896514081545755959e-01	1.128313857673112902e-01	2.953170015383463354e-01	1.837532025593935636e-01	8.692853377752007837e-02	3.585218598037664961e-02	9.566628222246782720e-02
1.886730383325560297e+03	1.893408062024437566e-01	1.126414408337171463e-01	2.955115505786152785e-01	1.838877845807570799e-01	8.698465242813632758e-02	3.588153592475721437e-02	9.575222945156448839e-02
1.891568153539215928e+03	1.890319203856323793e-01	1.124525454291361443e-01	2.957049596270665548e-01	1.840216319709768178e-01	8.704046688226922679e-02	3.591075316497078368e-02	9.583772253993937118e-02
1.896405923752871104e+03	1.887247412116571377e-01	1.122646937480270696e-01	2.958972353931350052e-01	1.841547486937018252e-01	8.709597875750409168e-02	3.593983840585109057e-02	9.592276379011503706e-02
1.901243693966526507e+03	1.884192592405975752e-01	1.120778800169988931e-01	2.960883845462647379e-01	1.842871386909998299e-01	8.715118966289538138e-02	3.596879234836134615e-02	9.600735549387340306e-02
1.906081464180181683e+03	1.881154650848055887e-01	1.118920984946323999e-01	2.962784137161495468e-01	1.844188058834825283e-01	8.720610119901253676e-02	3.599761568961566682e-02	9.609149993229286479e-02
1.910919234393836859e+03	1.878133494086152155e-01	1.117073434713028723e-01	2.964673294929713876e-01	1.845497541704300970e-01	8.726071495798559674e-02	3.602630912290030740e-02	9.617519937578555833e-02
1.915757004607492036e+03	1.875129029280545034e-01	1.115236092690036207e-01	2.966551384276381320e-01	1.846799874299147048e-01	8.731503252355043987e-02	3.605487333769485936e-02	9.625845608413464982e-02
1.920594774821147894e+03	1.872141164105587119e-01	1.113408902411705537e-01	2.968418470320196012e-01	1.848095095189231096e-01	8.736905547109381776e-02	3.608330901969328958e-02	9.634127230653179164e-02
1.925432545034802843e+03	1.869169806746850682e-01	1.111591807725077624e-01	2.970274617791820448e-01	1.849383242734784771e-01	8.742278536769806929e-02	3.611161685082486111e-02	9.642365028161457852e-02
1.930270315248458019e+03	1.866214865898291331e-01	1.109784752788140622e-01	2.972119891036215100e-01	1.850664355087614232e-01	8.747622377218565448e-02	3.613979750927496376e-02	9.650559223750410087e-02
1.935108085462113195e+03	1.863276250759431096e-01	1.107987682068104357e-01	2.973954354014956558e-01	1.851938470192298902e-01	8.752937223516329968e-02	3.616785166950579888e-02	9.658710039184265073e-02
1.939945855675768371e+03	1.860353871032550399e-01	1.106200540339685318e-01	2.975778070308544576e-01	1.853205625787384681e-01	8.758223229906599017e-02	3.619578000227697406e-02	9.666817695183134440e-02
1.944783625889424002e+03	1.857447636919901945e-01	1.104423272683400653e-01	2.977591103118690796e-01	1.854465859406568273e-01	8.763480549820062970e-02	3.622358317466597283e-02	9.674882411426798112e-02
1.949621396103079178e+03	1.854557459120937113e-01	1.102655824483871755e-01	2.979393515270599146e-01	1.855719208379872365e-01	8.768709335878946409e-02	3.625126185008849949e-02	9.682904406558476285e-02
1.954459166316734354e+03	1.851683248829547879e-01	1.100898141428137272e-01	2.981185369215226810e-01	1.856965709834812739e-01	8.773909739901324112e-02	3.627881668831874074e-02	9.690883898188626389e-02
1.959296936530389530e+03	1.848824917731324846e-01	1.099150169503975427e-01	2.982966727031539089e-01	1.858205400697558740e-01	8.779081912905413454e-02	3.630624834550948837e-02	9.698821102898728952e-02
1.964134706744044706e+03	1.845982378000829149e-01	1.097411854998236458e-01	2.984737650428743172e-01	1.859438317694082909e-01	8.784226005113843216e-02	3.633355747421217197e-02	9.706716236245090113e-02
1.968972476957700337e+03	1.843155542298882121e-01	1.095683144495182559e-01	2.986498200748515242e-01	1.860664497351306457e-01	8.789342165957887698e-02	3.636074472339673180e-02	9.714569512762638581e-02
1.973810247171355968e+03	1.840344323769868007e-01	1.093963984874839479e-01	2.988248438967209264e-01	1.861883975998233076e-01	8.794430544081685563e-02	3.638781073847145719e-02	9.722381145968732319e-02
1.978648017385010689e+03	1.837548636039051664e-01	1.092254323311354636e-01	2.989988425698056340e-01	1.863096789767077488e-01	8.799491287346430934e-02	3.641475616130266518e-02	9.730151348366965214e-02
1.983485787598666320e+03	1.834768393209911808e-01	1.090554107271367312e-01	2.991718221193347960e-01	1.864302974594384821e-01	8.804524542834539502e-02	3.644158163023427516e-02	9.737880331450976534e-02
1.988323557812321269e+03	1.832003509861489798e-01	1.088863284512384677e-01	2.993437885346607596e-01	1.865502566222144998e-01	8.809530456853793823e-02	3.646828778010727246e-02	9.745568305708270096e-02
1.993161328025976900e+03	1.829253901045751196e-01	1.087181803081169879e-01	2.995147477694751204e-01	1.866695600198895466e-01	8.814509174941453917e-02	3.649487524227909563e-02	9.753215480624016775e-02
1.997999098239632076e+03	1.826519482284964246e-01	1.085509611312136941e-01	2.996847057420232718e-01	1.867882111880819485e-01	8.819460841868356771e-02	3.652134464464285718e-02	9.760822064684882005e-02
2.002836868453287707e+03	1.823800169569091134e-01	1.083846657825755927e-01	2.998536683353174026e-01	1.869062136432836363e-01	8.824385601642988075e-02	3.654769661164653655e-02	9.768388265382842162e-02
2.007674638666942428e+03	1.821095879353195057e-01	1.082192891526966433e-01	3.000216413973488816e-01	1.870235708829683374e-01	8.829283597515520665e-02	3.657393176431199266e-02	9.775914289218998188e-02
2.012512408880597604e+03	1.818406528554860624e-01	1.080548261603599403e-01	3.001886307412989230e-01	1.871402863856992393e-01	8.834154971981846016e-02	3.660005072025391409e-02	9.783400341707396142e-02
2.017350179094252780e+03	1.815732034551629792e-01	1.078912717524808662e-01	3.003546421457480298e-01	1.872563636112357099e-01	8.838999866787573823e-02	3.662605409369863035e-02	9.790846627378851919e-02
2.022187949307908411e+03	1.813072315178450578e-01	1.077286209039510917e-01	3.005196813548842716e-01	1.873718060006394348e-01	8.843818422932002432e-02	3.665194249550288857e-02	9.798253349784764865e-02
2.027025719521564042e+03	1.810427288725141581e-01	1.075668686174834077e-01	3.006837540787102858e-01	1.874866169763798884e-01	8.848610780672079568e-02	3.667771653317242198e-02	9.805620711500942499e-02
2.031863489735218764e+03	1.807796873933869841e-01	1.074060099234574184e-01	3.008468659932490574e-01	1.876007999424389172e-01	8.853377079526329740e-02	3.670337681088051834e-02	9.812948914131414124e-02
2.036701259948874394e+03	1.805180989996641450e-01	1.072460398797661779e-01	3.010090227407485330e-01	1.877143582844149339e-01	8.858117458278763623e-02	3.672892392948640811e-02	9.820238158312249999e-02
2.041539030162529116e+03	1.802579556552809104e-01	1.070869535716635901e-01	3.011702299298846808e-01	1.878272953696260572e-01	8.862832054982769381e-02	3.675435848655359689e-02	9.827488643715376337e-02
2.046376800376184747e+03	1.799992493686590755e-01	1.069287461116126825e-01	3.013304931359639394e-01	1.879396145472128909e-01	8.867521006964967922e-02	3.677968107636806622e-02	9.834700569052394481e-02
2.051214570589840150e+03	1.797419721924603808e-01	1.067714126391346857e-01	3.014898179011238355e-01	1.880513191482404700e-01	8.872184450829065372e-02	3.680489228995639794e-02	9.841874132078387571e-02
2.056052340803495554e+03	1.794861162233411245e-01	1.066149483206591114e-01	3.016482097345326574e-01	1.881624124857995961e-01	8.876822522459668074e-02	3.682999271510380146e-02	9.849009529595732781e-02
2.060890111017150957e+03	1.792316736017083578e-01	1.064593483493744275e-01	3.018056741125880738e-01	1.882728978551074517e-01	8.881435357026076782e-02	3.685498293637199524e-02	9.856106957457913542e-02
2.065727881230805451e+03	1.789786365114772737e-01	1.063046079450797599e-01	3.019622164791145313e-01	1.883827785336076588e-01	8.886023088986076679e-02	3.687986353511706755e-02	9.863166610573320670e-02
2.070565651444461309e+03	1.787269971798300106e-01	1.061507223540373163e-01	3.021178422455590429e-01	1.884920577810695053e-01	8.890585852089681607e-02	3.690463508950712901e-02	9.870188682909052102e-02
2.075403421658116713e+03	1.784767478769757332e-01	1.059976868488256424e-01	3.022725567911861977e-01	1.886007388396868656e-01	8.895123779382874130e-02	3.692929817453999980e-02	9.877173367494716805e-02
2.080241191871772116e+03	1.782278809159122124e-01	1.058454967281937525e-01	3.024263654632721177e-01	1.887088249341760671e-01	8.899637003211315067e-02	3.695385336206067489e-02	9.884120856426234503e-02
2.085078962085427065e+03	1.779803886521884870e-01	1.056941473169159817e-01	3.025792735772969144e-01	1.888163192718734507e-01	8.904125655224046088e-02	3.697830122077877535e-02	9.891031340869614608e-02
2.089916732299082469e+03	1.777342634836691360e-01	1.055436339656477679e-01	3.027312864171362028e-01	1.889232250428322102e-01	8.908589866377146504e-02	3.700264231628588862e-02	9.897905011064760117e-02
2.094754502512737417e+03	1.774894978502994380e-01	1.053939520507820721e-01	3.028824092352511710e-01	1.890295454199184821e-01	8.913029766937398402e-02	3.702687721107276314e-02	9.904742056329236821e-02
2.099592272726392821e+03	1.772460842338723641e-01	1.052450969743067150e-01	3.030326472528779291e-01	1.891352835589070469e-01	8.917445486485910122e-02	3.705100646454646124e-02	9.911542665062064716e-02
2.104430042940048224e+03	1.770040151577965404e-01	1.050970641636625041e-01	3.031820056602155256e-01	1.892404425985762251e-01	8.921837153921728658e-02	3.707503063304739416e-02	9.918307024747481659e-02
2.109267813153704083e+03	1.767632831868653775e-01	1.049498490716020971e-01	3.033304896166125753e-01	1.893450256608022464e-01	8.926204897465431221e-02	3.709895026986630151e-02	9.925035321958723677e-02
2.114105583367359031e+03	1.765238809270279208e-01	1.048034471760497105e-01	3.034781042507535553e-01	1.894490358506532024e-01	8.930548844662694608e-02	3.712276592526104341e-02	9.931727742361784461e-02
2.118943353581013525e+03	1.762858010251604768e-01	1.046578539799615237e-01	3.036248546608426024e-01	1.895524762564819721e-01	8.934869122387845142e-02	3.714647814647341340e-02	9.938384470719176245e-02
2.123781123794669384e+03	1.760490361688399896e-01	1.045130650111869286e-01	3.037707459147877542e-01	1.896553499500190365e-01	8.939165856847389180e-02	3.717008747774577099e-02	9.945005690893682360e-02
2.128618894008324787e+03	1.758135790861182490e-01	1.043690758223305426e-01	3.039157830503830260e-01	1.897576599864643498e-01	8.943439173583528357e-02	3.719359446033762562e-02	9.951591585852107014e-02
2.133456664221980191e+03	1.755794225452976531e-01	1.042258819906149853e-01	3.040599710754898766e-01	1.898594094045788494e-01	8.947689197477642908e-02	3.721699963254212346e-02	9.958142337669023680e-02
2.138294434435635139e+03	1.753465593547080537e-01	1.040834791177443763e-01	3.042033149682171200e-01	1.899606012267753552e-01	8.951916052753773612e-02	3.724030352970243707e-02	9.964658127530498510e-02
2.143132204649290543e+03	1.751149823624849056e-01	1.039418628297686942e-01	3.043458196771005597e-01	1.900612384592088033e-01	8.956119862982069024e-02	3.726350668422805795e-02	9.971139135737835946e-02
2.147969974862945492e+03	1.748846844563486658e-01	1.038010287769487033e-01	3.044874901212805685e-01	1.901613240918659797e-01	8.960300751082221626e-02	3.728660962561100578e-02	9.977585541711292416e-02
2.152807745076601350e+03	1.746556585633853020e-01	1.036609726336218396e-01	3.046283311906793356e-01	1.902608610986547821e-01	8.964458839326880368e-02	3.730961288044195440e-02	9.983997523993796974e-02
2.157645515290255844e+03	1.744278976498282174e-01	1.035216900980687610e-01	3.047683477461767265e-01	1.903598524374927881e-01	8.968594249345052116e-02	3.733251697242626066e-02	9.990375260254664991e-02
2.162483285503912157e+03	1.742013947208412572e-01	1.033831768923805655e-01	3.049075446197850314e-01	1.904583010503953511e-01	8.972707102125473955e-02	3.735532242239991696e-02	9.996718927293297974e-02
2.167321055717567106e+03	1.739761428203029092e-01	1.032454287623268685e-01	3.050459266148229376e-01	1.905562098635631696e-01	8.976797518019974387e-02	3.737802974834537884e-02	1.000302870104288061e-01
2.172158825931222509e+03	1.737521350305917534e-01	1.031084414772245189e-01	3.051834985060880023e-01	1.906535817874691896e-01	8.980865616746816493e-02	3.740063946540734402e-02	1.000930475657407642e-01
2.176996596144877003e+03	1.735293644723730766e-01	1.029722108298071065e-01	3.053202650400286822e-01	1.907504197169452020e-01	8.984911517394016112e-02	3.742315208590842740e-02	1.001554726809870260e-01
2.181834366358532861e+03	1.733078243043867095e-01	1.028367326360951350e-01	3.054562309349148075e-01	1.908467265312676631e-01	8.988935338422650301e-02	3.744556811936477353e-02	1.002175640897340902e-01
2.186672136572187810e+03	1.730875077232359449e-01	1.027020027352670145e-01	3.055914008810072247e-01	1.909425050942431812e-01	8.992937197670136662e-02	3.746788807250153036e-02	1.002793235170334613e-01
2.191509906785843214e+03	1.728684079631778447e-01	1.025680169895306498e-01	3.057257795407262724e-01	1.910377582542933939e-01	8.996917212353509885e-02	3.749011244926826747e-02	1.003407526794582033e-01
2.196347676999498617e+03	1.726505182959143792e-01	1.024347712839958069e-01	3.058593715488197029e-01	1.911324888445392889e-01	9.000875499072667763e-02	3.751224175085434570e-02	1.004018532851395223e-01
2.201185447213154021e+03	1.724338320303851202e-01	1.023022615265472141e-01	3.059921815125289934e-01	1.912266996828850818e-01	9.004812173813601939e-02	3.753427647570414805e-02	1.004626270338031535e-01
2.206023217426809424e+03	1.722183425125606848e-01	1.021704836477183576e-01	3.061242140117549915e-01	1.913203935721015658e-01	9.008727351951617557e-02	3.755621711953221337e-02	1.005230756168057210e-01
2.210860987640464373e+03	1.720040431252376767e-01	1.020394336005658459e-01	3.062554735992225052e-01	1.914135732999090733e-01	9.012621148254527925e-02	3.757806417533835625e-02	1.005832007171710007e-01
2.215698757854119776e+03	1.717909272878345162e-01	1.019091073605447179e-01	3.063859648006437286e-01	1.915062416390596045e-01	9.016493676885833919e-02	3.759981813342265500e-02	1.006430040096261552e-01
2.220536528067775180e+03	1.715789884561884915e-01	1.017795009253842226e-01	3.065156921148810554e-01	1.915984013474188452e-01	9.020345051407890891e-02	3.762147948140034254e-02	1.007024871606377742e-01
2.225374298281430583e+03	1.713682201223541146e-01	1.016506103149643903e-01	3.066446600141086165e-01	1.916900551680473797e-01	9.024175384785054765e-02	3.764304870421668336e-02	1.007616518284479290e-01
2.230212068495085077e+03	1.711586158144021985e-01	1.015224315711933112e-01	3.067728729439725965e-01	1.917812058292817923e-01	9.027984789386801767e-02	3.766452628416166321e-02	1.008204996631100747e-01
2.235049838708740936e+03	1.709501690962203502e-01	1.013949607578850248e-01	3.069003353237513276e-01	1.918718560448147703e-01	9.031773376990848146e-02	3.768591270088470641e-02	1.008790323065249239e-01
2.239887608922396339e+03	1.707428735673146014e-01	1.012681939606381448e-01	3.070270515465137739e-01	1.919620085137751508e-01	9.035541258786247698e-02	3.770720843140924067e-02	1.009372513924761822e-01
2.244725379136052197e+03	1.705367228626120113e-01	1.011421272867150944e-01	3.071530259792770168e-01	1.920516659208073851e-01	9.039288545376465700e-02	3.772841395014719240e-02	1.009951585466661861e-01
2.249563149349706237e+03	1.703317106522642399e-01	1.010167568649221331e-01	3.072782629631634621e-01	1.921408309361503919e-01	9.043015346782437569e-02	3.774952972891344044e-02	1.010527553867514722e-01
2.254400919563362095e+03	1.701278306414525932e-01	1.008920788454898965e-01	3.074027668135563274e-01	1.922295062157161061e-01	9.046721772445623366e-02	3.777055623694012404e-02	1.011100435223782762e-01
2.259238689777017044e+03	1.699250765701937893e-01	1.007680893999546856e-01	3.075265418202545176e-01	1.923176944011673606e-01	9.050407931231027603e-02	3.779149394089094394e-02	1.011670245552179354e-01
2.264076459990672902e+03	1.697234422131469744e-01	1.006447847210404090e-01	3.076495922476268352e-01	1.924053981199956576e-01	9.054073931430217659e-02	3.781234330487532463e-02	1.012237000790021102e-01
