1.001418434226643626e+03	2.885603627842126540e-01	1.732896098381327687e-01	2.330885648209953531e-01	1.407663669662179706e-01	6.909154807066926474e-02	2.690187021846935853e-02	6.830167730129946269e-02
1.003837319333471214e+03	2.881334656407054107e-01	1.730286092817252264e-01	2.333831684147360530e-01	1.409441469728498209e-01	6.916424833319226306e-02	2.693677700188238863e-02	6.840958435490565592e-02
1.006256204440298802e+03	2.877077449586557534e-01	1.727683280608119931e-01	2.336769395463778320e-01	1.411214140423246444e-01	6.923674495033847742e-02	2.697159695509424374e-02	6.851723148639386751e-02
1.008675089547126618e+03	2.872831974895963536e-01	1.725087641887910750e-01	2.339698805228297429e-01	1.412981697958519134e-01	6.930903852582778746e-02	2.700633031297676803e-02	6.862461916412315732e-02
1.011093974653954206e+03	2.868598199940674554e-01	1.722499156845717083e-01	2.342619936446258544e-01	1.414744158486415104e-01	6.938112966139541038e-02	2.704097730975557265e-02	6.873174785693923761e-02
1.013512859760782021e+03	2.864376092415918951e-01	1.719917805725587612e-01	2.345532812059429040e-01	1.416501538099313451e-01	6.945301895679958926e-02	2.707553817901183629e-02	6.883861803416040093e-02
1.015931744867609382e+03	2.860165620106494555e-01	1.717343568826374955e-01	2.348437454946178671e-01	1.418253852830148598e-01	6.952470700982950336e-02	2.711001315368408854e-02	6.894523016556339257e-02
1.018350629974437197e+03	2.855966750886523298e-01	1.714776426501580520e-01	2.351333887921655819e-01	1.420001118652683414e-01	6.959619441631287318e-02	2.714440246606998272e-02	6.905158472136949110e-02
1.020769515081264785e+03	2.851779452719195862e-01	1.712216359159201839e-01	2.354222133737961797e-01	1.421743351481780382e-01	6.966748177012373200e-02	2.717870634782807576e-02	6.915768217223074166e-02
1.023188400188092373e+03	2.847603693656525214e-01	1.709663347261579647e-01	2.357102215084327101e-01	1.423480567173673605e-01	6.973856966319005868e-02	2.721292502997960452e-02	6.926352298921627237e-02
1.025607285294920075e+03	2.843439441839096804e-01	1.707117371325244937e-01	2.359974154587284323e-01	1.425212781526234707e-01	6.980945868550139655e-02	2.724705874291023094e-02	6.936910764379874972e-02
1.028026170401747549e+03	2.839286665495820983e-01	1.704578411920767977e-01	2.362837974810841346e-01	1.426940010279242610e-01	6.988014942511641681e-02	2.728110771637182186e-02	6.947443660784097252e-02
1.030445055508575479e+03	2.835145332943683205e-01	1.702046449672605377e-01	2.365693698256656208e-01	1.428662269114647498e-01	6.995064246817052356e-02	2.731507217948419067e-02	6.957951035358259095e-02
1.032863940615402726e+03	2.831015412587499780e-01	1.699521465258949926e-01	2.368541347364208627e-01	1.430379573656835879e-01	7.002093839888325066e-02	2.734895236073685634e-02	6.968432935362693648e-02
1.035282825722230655e+03	2.826896872919671955e-01	1.697003439411580161e-01	2.371380944510972921e-01	1.432091939472892594e-01	7.009103779956583902e-02	2.738274848799078162e-02	6.978889408092800450e-02
1.037701710829058356e+03	2.822789682519940002e-01	1.694492352915709654e-01	2.374212512012588705e-01	1.433799382072863116e-01	7.016094125062859177e-02	2.741646078848011814e-02	6.989320500877749254e-02
1.040120595935886058e+03	2.818693810055138416e-01	1.691988186609836575e-01	2.377036072123033250e-01	1.435501916910011666e-01	7.023064933058834058e-02	2.745008948881393421e-02	6.999726261079207423e-02
1.042539481042713533e+03	2.814609224278951105e-01	1.689490921385595479e-01	2.379851647034792461e-01	1.437199559381080738e-01	7.030016261607573147e-02	2.748363481497795996e-02	7.010106736090065960e-02
1.044958366149541234e+03	2.810535894031669923e-01	1.687000538187607146e-01	2.382659258879029351e-01	1.438892324826547831e-01	7.036948168184260777e-02	2.751709699233629083e-02	7.020461973333193273e-02
1.047377251256368709e+03	2.806473788239951528e-01	1.684517018013331757e-01	2.385458929725756683e-01	1.440580228530879969e-01	7.043860710076925435e-02	2.755047624563312578e-02	7.030792020260183406e-02
1.049796136363196410e+03	2.802422875916575351e-01	1.682040341912919290e-01	2.388250681584003776e-01	1.442263285722788779e-01	7.050753944387169736e-02	2.758377279899448115e-02	7.041096924350127850e-02
1.052215021470024112e+03	2.798383126160202128e-01	1.679570490989061859e-01	2.391034536401986932e-01	1.443941511575482506e-01	7.057627928030887898e-02	2.761698687592989421e-02	7.051376733108398465e-02
1.054633906576851814e+03	2.794354508155136307e-01	1.677107446396847723e-01	2.393810516067277627e-01	1.445614921206916370e-01	7.064482717738984618e-02	2.765011869933413705e-02	7.061631494065435943e-02
1.057052791683679516e+03	2.790336991171081249e-01	1.674651189343613344e-01	2.396578642406969328e-01	1.447283529680043757e-01	7.071318370058093938e-02	2.768316849148890965e-02	7.071861254775553551e-02
1.059471676790506763e+03	2.786330544562903855e-01	1.672201701088796844e-01	2.399338937187847354e-01	1.448947352003063793e-01	7.078134941351285625e-02	2.771613647406454689e-02	7.082066062815754737e-02
1.061890561897334692e+03	2.782335137770396427e-01	1.669758962943793390e-01	2.402091422116552910e-01	1.450606403129668098e-01	7.084932487798772938e-02	2.774902286812170465e-02	7.092245965784560457e-02
1.064309447004162394e+03	2.778350740318036305e-01	1.667322956271808376e-01	2.404836118839752679e-01	1.452260697959286695e-01	7.091711065398621783e-02	2.778182789411304948e-02	7.102401011300842060e-02
1.066728332110990095e+03	2.774377321814752162e-01	1.664893662487712533e-01	2.407573048944302019e-01	1.453910251337332815e-01	7.098470729967448767e-02	2.781455177188493430e-02	7.112531247002672197e-02
1.069147217217817570e+03	2.770414851953684754e-01	1.662471063057897602e-01	2.410302233957413165e-01	1.455555078055444096e-01	7.105211537141116473e-02	2.784719472067909152e-02	7.122636720546186850e-02
1.071566102324645271e+03	2.766463300511953771e-01	1.660055139500131449e-01	2.413023695346818709e-01	1.457195192851725996e-01	7.111933542375432904e-02	2.787975695913429142e-02	7.132717479604454291e-02
1.073984987431472746e+03	2.762522637350420807e-01	1.657645873383414570e-01	2.415737454520936744e-01	1.458830610410989936e-01	7.118636800946837040e-02	2.791223870528801096e-02	7.142773571866357918e-02
1.076403872538300675e+03	2.758592832413455653e-01	1.655243246327836870e-01	2.418443532829035458e-01	1.460461345364994223e-01	7.125321367953091345e-02	2.794464017657811300e-02	7.152805045035490195e-02
1.078822757645127922e+03	2.754673855728705378e-01	1.652847240004433615e-01	2.421141951561396333e-01	1.462087412292679411e-01	7.131987298313961776e-02	2.797696158984449427e-02	7.162811946829049370e-02
1.081241642751955851e+03	2.750765677406856735e-01	1.650457836135044154e-01	2.423832731949478181e-01	1.463708825720407281e-01	7.138634646771901959e-02	2.800920316133073337e-02	7.172794324976763947e-02
1.083660527858783553e+03	2.746868267641407457e-01	1.648075016492168976e-01	2.426515895166079240e-01	1.465325600122193150e-01	7.145263467892729037e-02	2.804136510668574916e-02	7.182752227219810215e-02
1.086079412965611255e+03	2.742981596708433112e-01	1.645698762898827328e-01	2.429191462325499817e-01	1.466937749919940415e-01	7.151873816066300904e-02	2.807344764096545917e-02	7.192685701309747826e-02
1.088498298072438729e+03	2.739105634966356173e-01	1.643329057228416490e-01	2.431859454483705496e-01	1.468545289483672578e-01	7.158465745507182343e-02	2.810545097863439284e-02	7.202594795007469242e-02
1.090917183179266431e+03	2.735240352855717316e-01	1.640965881404570781e-01	2.434519892638486172e-01	1.470148233131765292e-01	7.165039310255320870e-02	2.813737533356734655e-02	7.212479556082154741e-02
1.093336068286093905e+03	2.731385720898942826e-01	1.638609217401020834e-01	2.437172797729619256e-01	1.471746595131174506e-01	7.171594564176701769e-02	2.816922091905101067e-02	7.222340032310234359e-02
1.095754953392921607e+03	2.727541709700118111e-01	1.636259047241452602e-01	2.439818190639029272e-01	1.473340389697666286e-01	7.178131560964018387e-02	2.820098794778559681e-02	7.232176271474369256e-02
1.098173838499749309e+03	2.723708289944759553e-01	1.633915352999368575e-01	2.442456092190948558e-01	1.474929630996043017e-01	7.184650354137325778e-02	2.823267663188645804e-02	7.241988321362434478e-02
1.100592723606577010e+03	2.719885432399585246e-01	1.631578116797949007e-01	2.445086523152076308e-01	1.476514333140371005e-01	7.191150997044697124e-02	2.826428718288570563e-02	7.251776229766516979e-02
1.103011608713404712e+03	2.716073107912288509e-01	1.629247320809910360e-01	2.447709504231738997e-01	1.478094510194202793e-01	7.197633542862881539e-02	2.829581981173383970e-02	7.261540044481924749e-02
1.105430493820231959e+03	2.712271287411311960e-01	1.626922947257369023e-01	2.450325056082048036e-01	1.479670176170802542e-01	7.204098044597941064e-02	2.832727472880133476e-02	7.271279813306198714e-02
1.107849378927059888e+03	2.708479941905622690e-01	1.624604978411703093e-01	2.452933199298058253e-01	1.481241345033368073e-01	7.210544555085909857e-02	2.835865214388025302e-02	7.280995584038139901e-02
1.110268264033887590e+03	2.704699042484484117e-01	1.622293396593412207e-01	2.455533954417926379e-01	1.482808030695250412e-01	7.216973126993429799e-02	2.838995226618585069e-02	7.290687404476846323e-02
1.112687149140715292e+03	2.700928560317235050e-01	1.619988184171983203e-01	2.458127341923068698e-01	1.484370247020175837e-01	7.223383812818390259e-02	2.842117530435816358e-02	7.300355322420756798e-02
1.115106034247542766e+03	2.697168466653064312e-01	1.617689323565750514e-01	2.460713382238317870e-01	1.485928007822463204e-01	7.229776664890570637e-02	2.845232146646360649e-02	7.309999385666707261e-02
1.117524919354370468e+03	2.693418732820787032e-01	1.615396797241760996e-01	2.463292095732078357e-01	1.487481326867241271e-01	7.236151735372270410e-02	2.848339095999655526e-02	7.319619642008992622e-02
1.119943804461197942e+03	2.689679330228623710e-01	1.613110587715637367e-01	2.465863502716485189e-01	1.489030217870665473e-01	7.242509076258937806e-02	2.851438399188092887e-02	7.329216139238442507e-02
1.122362689568025871e+03	2.685950230363977620e-01	1.610830677551443046e-01	2.468427623447556618e-01	1.490574694500133024e-01	7.248848739379804007e-02	2.854530076847177494e-02	7.338788925141506714e-02
1.124781574674853118e+03	2.682231404793212204e-01	1.608557049361545033e-01	2.470984478125352324e-01	1.492114770374496358e-01	7.255170776398503496e-02	2.857614149555682756e-02	7.348338047499340664e-02
1.127200459781681047e+03	2.678522825161434584e-01	1.606289685806479572e-01	2.473534086894126349e-01	1.493650459064276570e-01	7.261475238813699939e-02	2.860690637835808930e-02	7.357863554086911673e-02
1.129619344888508749e+03	2.674824463192269630e-01	1.604028569594818099e-01	2.476076469842482808e-01	1.495181774091873805e-01	7.267762177959699588e-02	2.863759562153339600e-02	7.367365492672106608e-02
1.132038229995336451e+03	2.671136290687645132e-01	1.601773683483032618e-01	2.478611647003528817e-01	1.496708728931779309e-01	7.274031645007075775e-02	2.866820942917797446e-02	7.376843911014856203e-02
1.134457115102163925e+03	2.667458279527571974e-01	1.599525010275361370e-01	2.481139638355029098e-01	1.498231337010783037e-01	7.280283690963272603e-02	2.869874800482599339e-02	7.386298856866256590e-02
1.136876000208991627e+03	2.663790401669926533e-01	1.597282532823675605e-01	2.483660463819557518e-01	1.499749611708183772e-01	7.286518366673225278e-02	2.872921155145211763e-02	7.395730377967711655e-02
1.139294885315819101e+03	2.660132629150230854e-01	1.595046234027346355e-01	2.486174143264652525e-01	1.501263566355993673e-01	7.292735722819965183e-02	2.875960027147306253e-02	7.405138522050076777e-02
1.141713770422646803e+03	2.656484934081438376e-01	1.592816096833111761e-01	2.488680696502967304e-01	1.502773214239146726e-01	7.298935809925216622e-02	2.878991436674912738e-02	7.414523336832815059e-02
1.144132655529474505e+03	2.652847288653716329e-01	1.590592104234944404e-01	2.491180143292421878e-01	1.504278568595701082e-01	7.305118678350011607e-02	2.882015403858574285e-02	7.423884870023159110e-02
1.146551540636302207e+03	2.649219665134232016e-01	1.588374239273919741e-01	2.493672503336354651e-01	1.505779642617045000e-01	7.311284378295279662e-02	2.885031948773499402e-02	7.433223169315283929e-02
1.148970425743129908e+03	2.645602035866935209e-01	1.586162485038084269e-01	2.496157796283674790e-01	1.507276449448097799e-01	7.317432959802448733e-02	2.888041091439716088e-02	7.442538282389488113e-02
1.151389310849957155e+03	2.641994373272345542e-01	1.583956824662323681e-01	2.498636041729011270e-01	1.508769002187512198e-01	7.323564472754039156e-02	2.891042851822224480e-02	7.451830256911379236e-02
1.153808195956785084e+03	2.638396649847338238e-01	1.581757241328233532e-01	2.501107259212864142e-01	1.510257313887874153e-01	7.329678966874250690e-02	2.894037249831147782e-02	7.461099140531075868e-02
1.156227081063612786e+03	2.634808838164929279e-01	1.579563718263986560e-01	2.503571468221753027e-01	1.511741397555903255e-01	7.335776491729555093e-02	2.897024305321885262e-02	7.470344980882412389e-02
1.158645966170440488e+03	2.631230910874066686e-01	1.577376238744204739e-01	2.506028688188367548e-01	1.513221266152649236e-01	7.341857096729280385e-02	2.900004038095263525e-02	7.479567825582150720e-02
1.161064851277267962e+03	2.627662840699415692e-01	1.575194786089827714e-01	2.508478938491715549e-01	1.514696932593690704e-01	7.347920831126190933e-02	2.902976467897686388e-02	7.488767722229201784e-02
1.163483736384095664e+03	2.624104600441148349e-01	1.573019343667984293e-01	2.510922238457273248e-01	1.516168409749330259e-01	7.353967744017071706e-02	2.905941614421285804e-02	7.497944718403858066e-02
1.165902621490923138e+03	2.620556162974731484e-01	1.570849894891863663e-01	2.513358607357131236e-01	1.517635710444790453e-01	7.359997884343305596e-02	2.908899497304073128e-02	7.507098861667031720e-02
1.168321506597751068e+03	2.617017501250719080e-01	1.568686423220586046e-01	2.515788064410143243e-01	1.519098847460406687e-01	7.366011300891443792e-02	2.911850136130086919e-02	7.516230199559501002e-02
1.170740391704578315e+03	2.613488588294539672e-01	1.566528912159074471e-01	2.518210628782073801e-01	1.520557833531821501e-01	7.372008042293780317e-02	2.914793550429543162e-02	7.525338779601160877e-02
1.173159276811406244e+03	2.609969397206290953e-01	1.564377345257927376e-01	2.520626319585744235e-01	1.522012681350175256e-01	7.377988157028923799e-02	2.917729759678983417e-02	7.534424649290290266e-02
1.175578161918233945e+03	2.606459901160528281e-01	1.562231706113290930e-01	2.523035155881179770e-01	1.523463403562298202e-01	7.383951693422362295e-02	2.920658783301424699e-02	7.543487856102816524e-02
1.177997047025061647e+03	2.602960073406058172e-01	1.560091978366731635e-01	2.525437156675755523e-01	1.524910012770898937e-01	7.389898699647026725e-02	2.923580640666505540e-02	7.552528447491599350e-02
1.180415932131889122e+03	2.599469887265731805e-01	1.557958145705109210e-01	2.527832340924341947e-01	1.526352521534755369e-01	7.395829223723852930e-02	2.926495351090634481e-02	7.561546470885709137e-02
1.182834817238716823e+03	2.595989316136237401e-01	1.555830191860450851e-01	2.530220727529449154e-01	1.527790942368900395e-01	7.401743313522343715e-02	2.929402933837137180e-02	7.570541973689721982e-02
1.185253702345544298e+03	2.592518333487893734e-01	1.553708100609823839e-01	2.532602335341374022e-01	1.529225287744810369e-01	7.407641016761121189e-02	2.932303408116403512e-02	7.579515003283024410e-02
1.187672587452371999e+03	2.589056912864447502e-01	1.551591855775212025e-01	2.534977183158344527e-01	1.530655570090590223e-01	7.413522381008483264e-02	2.935196793086033290e-02	7.588465607019115322e-02
1.190091472559199701e+03	2.585605027882864615e-01	1.549481441223388434e-01	2.537345289726660180e-01	1.532081801791158049e-01	7.419387453682954603e-02	2.938083107850982673e-02	7.597393832224921817e-02
1.192510357666027403e+03	2.582162652233129796e-01	1.547376840865790359e-01	2.539706673740839693e-01	1.533503995188430225e-01	7.425236282053836179e-02	2.940962371463709188e-02	7.606299726200126121e-02
1.194929242772855105e+03	2.578729759678040079e-01	1.545278038658395303e-01	2.542061353843762528e-01	1.534922162581503491e-01	7.431068913241750673e-02	2.943834602924317104e-02	7.615183336216489740e-02
1.197348127879682352e+03	2.575306324053003304e-01	1.543185018601597180e-01	2.544409348626811007e-01	1.536336316226836751e-01	7.436885394219186485e-02	2.946699821180702103e-02	7.624044709517195650e-02
1.199767012986510281e+03	2.571892319265834392e-01	1.541097764740081699e-01	2.546750676630015753e-01	1.537746468338432315e-01	7.442685771811040352e-02	2.949558045128695960e-02	7.632883893316189106e-02
1.202185898093337983e+03	2.568487719296554950e-01	1.539016261162702015e-01	2.549085356342193909e-01	1.539152631088015755e-01	7.448470092695157196e-02	2.952409293612209482e-02	7.641700934797532319e-02
1.204604783200165684e+03	2.565092498197190096e-01	1.536940492002357161e-01	2.551413406201092915e-01	1.540554816605215760e-01	7.454238403402861646e-02	2.955253585423377530e-02	7.650495881114756369e-02
1.207023668306993159e+03	2.561706630091570291e-01	1.534870441435867428e-01	2.553734844593532061e-01	1.541953036977741776e-01	7.459990750319499264e-02	2.958090939302700575e-02	7.659268779390235315e-02
1.209442553413820860e+03	2.558330089175128719e-01	1.532806093683852511e-01	2.556049689855542373e-01	1.543347304251560526e-01	7.465727179684962522e-02	2.960921373939188334e-02	7.668019676714553368e-02
1.211861438520648335e+03	2.554962849714702555e-01	1.530747433010609948e-01	2.558357960272507059e-01	1.544737630431073927e-01	7.471447737594226479e-02	2.963744907970501316e-02	7.676748620145883162e-02
1.214280323627476264e+03	2.551604886048333687e-01	1.528694443723992158e-01	2.560659674079302506e-01	1.546124027479292007e-01	7.477152469997867812e-02	2.966561559983094121e-02	7.685455656709375138e-02
1.216699208734303511e+03	2.548256172585071089e-01	1.526647110175285704e-01	2.562954849460438167e-01	1.547506507318009705e-01	7.482841422702593559e-02	2.969371348512355249e-02	7.694140833396548307e-02
1.219118093841131440e+03	2.544916683804770985e-01	1.524605416759090004e-01	2.565243504550193676e-01	1.548885081827978960e-01	7.488514641371767089e-02	2.972174292042749702e-02	7.702804197164692113e-02
1.221536978947959142e+03	2.541586394257901449e-01	1.522569347913195759e-01	2.567525657432759845e-01	1.550259762849081902e-01	7.494172171525920190e-02	2.974970409007958450e-02	7.711445794936271081e-02
1.223955864054786844e+03	2.538265278565345340e-01	1.520538888118465326e-01	2.569801326142377995e-01	1.551630562180502382e-01	7.499814058543277651e-02	2.977759717791020333e-02	7.720065673598339173e-02
1.226374749161614318e+03	2.534953311418202682e-01	1.518514021898711985e-01	2.572070528663474298e-01	1.552997491580896394e-01	7.505440347660266576e-02	2.980542236724469801e-02	7.728663880001952757e-02
1.228793634268442020e+03	2.531650467577596375e-01	1.516494733820581420e-01	2.574333282930801325e-01	1.554360562768562770e-01	7.511051083972034026e-02	2.983317984090478464e-02	7.737240460961608557e-02
1.231212519375269494e+03	2.528356721874476243e-01	1.514481008493430703e-01	2.576589606829574053e-01	1.555719787421611100e-01	7.516646312432954946e-02	2.986086978120993871e-02	7.745795463254664948e-02
1.233631404482097196e+03	2.525072049209424740e-01	1.512472830569209503e-01	2.578839518195607527e-01	1.557075177178130765e-01	7.522226077857141480e-02	2.988849236997877246e-02	7.754328933620788233e-02
1.236050289588924898e+03	2.521796424552463778e-01	1.510470184742341848e-01	2.581083034815451760e-01	1.558426743636357470e-01	7.527790424918949508e-02	2.991604778853042268e-02	7.762840918761391984e-02
1.238469174695752372e+03	2.518529822942859320e-01	1.508473055749607605e-01	2.583320174426529392e-01	1.559774498354840055e-01	7.533339398153479638e-02	2.994353621768594889e-02	7.771331465339091638e-02
1.240888059802580301e+03	2.515272219488929872e-01	1.506481428370023690e-01	2.585550954717271699e-01	1.561118452852606198e-01	7.538873041957082355e-02	2.997095783776967948e-02	7.779800619977163267e-02
1.243306944909407548e+03	2.512023589367854415e-01	1.504495287424726935e-01	2.587775393327252926e-01	1.562458618609326166e-01	7.544391400587856233e-02	2.999831282861060988e-02	7.788248429259006511e-02
1.245725830016235477e+03	2.508783907825478110e-01	1.502514617776856687e-01	2.589993507847326293e-01	1.563795007065477416e-01	7.549894518166144763e-02	3.002560136954375916e-02	7.796674939727610276e-02
1.248144715123063179e+03	2.505553150176125232e-01	1.500539404331437954e-01	2.592205315819759992e-01	1.565127629622507233e-01	7.555382438675030399e-02	3.005282363941153348e-02	7.805080197885036486e-02
1.250563600229890881e+03	2.502331291802403768e-01	1.498569632035263444e-01	2.594410834738367089e-01	1.566456497642994827e-01	7.560855205960827219e-02	3.007997981656508613e-02	7.813464250191898275e-02
1.252982485336718355e+03	2.499118308155018620e-01	1.496605285876777824e-01	2.596610082048644852e-01	1.567781622450812040e-01	7.566312863733572203e-02	3.010707007886568795e-02	7.821827143066847898e-02
1.255401370443546057e+03	2.495914174752580650e-01	1.494646350885962816e-01	2.598803075147905761e-01	1.569103015331284601e-01	7.571755455567513726e-02	3.013409460368607351e-02	7.830168922886070193e-02
1.257820255550373531e+03	2.492718867181417386e-01	1.492692812134218949e-01	2.600989831385409068e-01	1.570420687531351445e-01	7.577183024901598674e-02	3.016105356791177333e-02	7.838489635982782977e-02
1.260239140657201460e+03	2.489532361095384283e-01	1.490744654734252328e-01	2.603170368062498463e-01	1.571734650259722921e-01	7.582595615039952608e-02	3.018794714794249129e-02	7.846789328646744388e-02
1.262658025764028707e+03	2.486354632215678484e-01	1.488801863839958051e-01	2.605344702432729198e-01	1.573044914687039553e-01	7.587993269152366882e-02	3.021477551969342645e-02	7.855068047123765773e-02
1.265076910870856636e+03	2.483185656330648139e-01	1.486864424646306415e-01	2.607512851702004086e-01	1.574351491946028025e-01	7.593376030274773258e-02	3.024153885859661578e-02	7.863325837615223191e-02
1.267495795977684338e+03	2.480025409295608385e-01	1.484932322389228010e-01	2.609674833028703400e-01	1.575654393131658837e-01	7.598743941309725469e-02	3.026823733960226984e-02	7.871562746277585565e-02
1.269914681084511813e+03	2.476873867032652610e-01	1.483005542345499361e-01	2.611830663523816431e-01	1.576953629301300341e-01	7.604097045026872448e-02	3.029487113718010161e-02	7.879778819221942843e-02
1.272333566191339514e+03	2.473731005530468152e-01	1.481084069832629690e-01	2.613980360251074719e-01	1.578249211474875013e-01	7.609435384063432950e-02	3.032144042532065528e-02	7.887974102513539698e-02
1.274752451298167216e+03	2.470596800844150343e-01	1.479167890208747116e-01	2.616123940227078615e-01	1.579541150635011271e-01	7.614759000924664623e-02	3.034794537753663160e-02	7.896148642171313403e-02
1.277171336404994690e+03	2.467471229095017093e-01	1.477256988872485133e-01	2.618261420421429952e-01	1.580829457727199183e-01	7.620067937984337236e-02	3.037438616686420276e-02	7.904302484167441412e-02
1.279590221511822392e+03	2.464354266470425159e-01	1.475351351262870481e-01	2.620392817756863058e-01	1.582114143659940075e-01	7.625362237485197592e-02	3.040076296586434468e-02	7.912435674426891719e-02
1.282009106618650094e+03	2.461245889223586392e-01	1.473450962859209901e-01	2.622518149109372976e-01	1.583395219304900015e-01	7.630641941539431650e-02	3.042707594662412765e-02	7.920548258826978771e-02
1.284427991725477568e+03	2.458146073673383725e-01	1.471555809180978003e-01	2.624637431308343150e-01	1.584672695497059969e-01	7.635907092129134988e-02	3.045332528075802778e-02	7.928640283196927707e-02
1.286846876832305497e+03	2.455054796204188539e-01	1.469665875787705966e-01	2.626750681136677534e-01	1.585946583034865409e-01	7.641157731106766604e-02	3.047951113940925230e-02	7.936711793317435815e-02
1.289265761939132744e+03	2.451972033265679418e-01	1.467781148278870240e-01	2.628857915330928829e-01	1.587216892680375913e-01	7.646393900195612436e-02	3.050563369325103025e-02	7.944762834920249261e-02
1.291684647045960673e+03	2.448897761372658965e-01	1.465901612293779577e-01	2.630959150581421158e-01	1.588483635159413654e-01	7.651615640990240552e-02	3.053169311248789264e-02	7.952793453687739822e-02
1.294103532152788375e+03	2.445831957104873389e-01	1.464027253511465398e-01	2.633054403532386067e-01	1.589746821161710788e-01	7.656822994956956341e-02	3.055768956685700477e-02	7.960803695252485768e-02
1.296522417259616077e+03	2.442774597106831536e-01	1.462158057650571608e-01	2.635143690782084103e-01	1.591006461341056277e-01	7.662016003434257705e-02	3.058362322562941868e-02	7.968793605196862473e-02
1.298941302366443551e+03	2.439725658087623927e-01	1.460294010469243009e-01	2.637227028882934143e-01	1.592262566315443273e-01	7.667194707633281925e-02	3.060949425761138459e-02	7.976763229052633020e-02
1.301360187473271253e+03	2.436685116820745123e-01	1.458435097765015953e-01	2.639304434341639416e-01	1.593515146667212612e-01	7.672359148638259463e-02	3.063530283114562422e-02	7.984712612300547130e-02
1.303779072580098727e+03	2.433652950143911642e-01	1.456581305374708424e-01	2.641375923619314059e-01	1.594764212943199366e-01	7.677509367406956664e-02	3.066104911411262138e-02	7.992641800369942873e-02
1.306197957686926657e+03	2.430629134958886273e-01	1.454732619174310959e-01	2.643441513131609688e-01	1.596009775654875229e-01	7.682645404771128173e-02	3.068673327393188488e-02	8.000550838638356699e-02
1.308616842793753904e+03	2.427613648231297105e-01	1.452889025078878127e-01	2.645501219248840297e-01	1.597251845278493121e-01	7.687767301436951306e-02	3.071235547756322529e-02	8.008439772431134862e-02
1.311035727900581833e+03	2.424606466990461562e-01	1.451050509042418057e-01	2.647555058296107156e-01	1.598490432255228744e-01	7.692875097985471533e-02	3.073791589150803513e-02	8.016308647021055944e-02
1.313454613007409534e+03	2.421607568329208759e-01	1.449217057057785862e-01	2.649603046553425933e-01	1.599725546991322966e-01	7.697968834873046562e-02	3.076341468181054487e-02	8.024157507627945052e-02
1.315873498114237009e+03	2.418616929403702709e-01	1.447388655156573445e-01	2.651645200255849932e-01	1.600957199858222546e-01	7.703048552431773777e-02	3.078885201405908226e-02	8.031986399418307443e-02
1.318292383221064711e+03	2.415634527433266343e-01	1.445565289409004028e-01	2.653681535593592766e-01	1.602185401192720848e-01	7.708114290869937102e-02	3.081422805338734222e-02	8.039795367504959378e-02
1.320711268327892412e+03	2.412660339700205547e-01	1.443746945923823077e-01	2.655712068712155483e-01	1.603410161297096626e-01	7.713166090272433051e-02	3.083954296447563928e-02	8.047584456946664522e-02
1.323130153434719887e+03	2.409694343549633744e-01	1.441933610848191161e-01	2.657736815712447576e-01	1.604631490439254182e-01	7.718203990601205100e-02	3.086479691155215310e-02	8.055353712747775896e-02
1.325549038541547588e+03	2.406736516389298142e-01	1.440125270367577370e-01	2.659755792650911888e-01	1.605849398852860765e-01	7.723228031695675289e-02	3.088999005839417403e-02	8.063103179857884772e-02
1.327967923648375290e+03	2.403786835689404322e-01	1.438321910705653295e-01	2.661769015539646177e-01	1.607063896737484510e-01	7.728238253273171654e-02	3.091512256832936942e-02	8.070832903171466788e-02
1.330386808755202765e+03	2.400845278982443876e-01	1.436523518124184773e-01	2.663776500346526910e-01	1.608274994258730994e-01	7.733234694929351505e-02	3.094019460423700144e-02	8.078542927527541939e-02
1.332805693862030694e+03	2.397911823863018987e-01	1.434730078922928087e-01	2.665778262995330827e-01	1.609482701548379802e-01	7.738217396138630244e-02	3.096520632854917604e-02	8.086233297709331802e-02
1.335224578968857941e+03	2.394986447987672573e-01	1.432941579439522828e-01	2.667774319365856517e-01	1.610687028704519408e-01	7.743186396254604642e-02	3.099015790325207464e-02	8.093904058443926464e-02
1.337643464075685870e+03	2.392069129074714251e-01	1.431158006049386977e-01	2.669764685294047091e-01	1.611887985791682631e-01	7.748141734510469170e-02	3.101504948988719271e-02	8.101555254401951456e-02
1.340062349182513572e+03	2.389159844904048535e-01	1.429379345165612269e-01	2.671749376572110091e-01	1.613085582840980414e-01	7.753083450019439271e-02	3.103988124955256098e-02	8.109186930197243015e-02
1.342481234289341273e+03	2.386258573317003306e-01	1.427605583238857612e-01	2.673728408948639612e-01	1.614279829850235326e-01	7.758011581775167698e-02	3.106465334290396327e-02	8.116799130386526118e-02
1.344900119396168748e+03	2.383365292216160503e-01	1.425836706757246941e-01	2.675701798128735653e-01	1.615470736784114791e-01	7.762926168652159453e-02	3.108936593015617159e-02	8.124391899469093903e-02
1.347319004502996449e+03	2.380479979565185422e-01	1.424072702246262923e-01	2.677669559774124575e-01	1.616658313574262096e-01	7.767827249406186740e-02	3.111401917108415349e-02	8.131965281886496810e-02
1.349737889609823924e+03	2.377602613388654917e-01	1.422313556268644530e-01	2.679631709503280113e-01	1.617842570119429058e-01	7.772714862674699743e-02	3.113861322502429335e-02	8.139519322022233105e-02
1.352156774716651853e+03	2.374733171771890583e-01	1.420559255424282408e-01	2.681588262891541063e-01	1.619023516285606479e-01	7.777589046977237408e-02	3.116314825087559970e-02	8.147054064201444956e-02
1.354575659823479100e+03	2.371871632860788615e-01	1.418809786350115898e-01	2.683539235471232853e-01	1.620201161906154042e-01	7.782449840715836842e-02	3.118762440710091260e-02	8.154569552690613121e-02
1.356994544930307029e+03	2.369017974861650777e-01	1.417065135720030067e-01	2.685484642731783556e-01	1.621375516781929371e-01	7.787297282175439928e-02	3.121204185172810411e-02	8.162065831697265517e-02
1.359413430037134731e+03	2.366172176041018704e-01	1.415325290244752177e-01	2.687424500119844906e-01	1.622546590681418210e-01	7.792131409524299945e-02	3.123640074235129252e-02	8.169542945369685782e-02
1.361832315143962205e+03	2.363334214725503757e-01	1.413590236671751210e-01	2.689358823039408319e-01	1.623714393340861817e-01	7.796952260814379865e-02	3.126070123613201857e-02	8.177000937796617686e-02
1.364251200250789907e+03	2.360504069301622432e-01	1.411859961785132955e-01	2.691287626851924797e-01	1.624878934464384916e-01	7.801759873981758964e-02	3.128494348980046663e-02	8.184439853006986176e-02
1.366670085357617609e+03	2.357681718215627886e-01	1.410134452405539807e-01	2.693210926876423161e-01	1.626040223724121991e-01	7.806554286847033897e-02	3.130912765965662703e-02	8.191859734969618445e-02
1.369088970464445310e+03	2.354867139973344514e-01	1.408413695390049181e-01	2.695128738389623857e-01	1.627198270760344123e-01	7.811335537115710048e-02	3.133325390157150336e-02	8.199260627592963591e-02
1.371507855571272785e+03	2.352060313140003633e-01	1.406697677632071652e-01	2.697041076626057743e-01	1.628353085181585003e-01	7.816103662378605377e-02	3.135732237098828173e-02	8.206642574724822004e-02
1.373926740678100487e+03	2.349261216340077230e-01	1.404986386061249370e-01	2.698947956778184332e-01	1.629504676564765275e-01	7.820858700112243156e-02	3.138133322292353811e-02	8.214005620152077525e-02
1.376345625784927961e+03	2.346469828257112533e-01	1.403279807643356969e-01	2.700849393996505032e-01	1.630653054455317996e-01	7.825600687679243328e-02	3.140528661196838323e-02	8.221349807600435156e-02
1.378764510891755890e+03	2.343686127633569649e-01	1.401577929380199428e-01	2.702745403389679724e-01	1.631798228367311032e-01	7.830329662328718021e-02	3.142918269228966305e-02	8.228675180734154604e-02
1.381183395998583137e+03	2.340910093270656411e-01	1.399880738309513262e-01	2.704636000024644993e-01	1.632940207783571962e-01	7.835045661196658739e-02	3.145302161763110366e-02	8.235981783155796321e-02
1.383602281105411066e+03	2.338141704028166290e-01	1.398188221504865214e-01	2.706521198926727378e-01	1.634079002155809368e-01	7.839748721306323553e-02	3.147680354131451169e-02	8.243269658405973088e-02
1.386021166212238768e+03	2.335380938824314356e-01	1.396500366075553723e-01	2.708401015079758278e-01	1.635214620904735516e-01	7.844438879568627065e-02	3.150052861624091927e-02	8.250538849963091892e-02
1.388440051319066470e+03	2.332627776635576022e-01	1.394817159166509279e-01	2.710275463426188303e-01	1.636347073420188203e-01	7.849116172782526213e-02	3.152419699489172888e-02	8.257789401243115224e-02
1.390858936425893944e+03	2.329882196496524116e-01	1.393138587958195063e-01	2.712144558867202182e-01	1.637476369061250658e-01	7.853780637635399131e-02	3.154780882932991387e-02	8.265021355599316832e-02
1.393277821532721646e+03	2.327144177499669009e-01	1.391464639666508130e-01	2.714008316262833120e-01	1.638602517156372562e-01	7.858432310703430956e-02	3.157136427120114247e-02	8.272234756322047189e-02
1.395696706639549120e+03	2.324413698795296801e-01	1.389795301542681438e-01	2.715866750432077148e-01	1.639725527003489114e-01	7.863071228451991301e-02	3.159486347173493664e-02	8.279429646638489237e-02
1.398115591746377049e+03	2.321690739591307229e-01	1.388130560873185315e-01	2.717719876153004699e-01	1.640845407870140660e-01	7.867697427236018670e-02	3.161830658174581699e-02	8.286606069712439127e-02
1.400534476853204296e+03	2.318975279153056290e-01	1.386470404979630033e-01	2.719567708162874409e-01	1.641962168993590654e-01	7.872310943300390995e-02	3.164169375163446152e-02	8.293764068644070286e-02
1.402953361960032225e+03	2.316267296803195541e-01	1.384814821218666725e-01	2.721410261158245247e-01	1.643075819580944175e-01	7.876911812780304500e-02	3.166502513138882979e-02	8.300903686469714160e-02
1.405372247066859927e+03	2.313566771921512222e-01	1.383163796981891625e-01	2.723247549795090872e-01	1.644186368809265053e-01	7.881500071701648402e-02	3.168830087058532169e-02	8.308024966161639546e-02
1.407791132173687402e+03	2.310873683944771884e-01	1.381517319695747537e-01	2.725079588688910648e-01	1.645293825825692169e-01	7.886075755981374058e-02	3.171152111838988763e-02	8.315127950627833331e-02
1.410210017280515103e+03	2.308188012366559072e-01	1.379875376821428357e-01	2.726906392414840674e-01	1.646398199747555746e-01	7.890638901427871055e-02	3.173468602355920126e-02	8.322212682711785381e-02
1.412628902387342805e+03	2.305509736737119397e-01	1.378237955854781649e-01	2.728727975507766468e-01	1.647499499662494205e-01	7.895189543741334970e-02	3.175779573444173498e-02	8.329279205192287316e-02
1.415047787494170507e+03	2.302838836663203548e-01	1.376605044326212057e-01	2.730544352462433433e-01	1.648597734628567679e-01	7.899727718514130970e-02	3.178085039897893954e-02	8.336327560783216017e-02
1.417466672600997981e+03	2.300175291807908529e-01	1.374976629800586381e-01	2.732355537733558437e-01	1.649692913674373485e-01	7.904253461231164346e-02	3.180385016470632653e-02	8.343357792133336559e-02
1.419885557707825683e+03	2.297519081890523063e-01	1.373352699877136707e-01	2.734161545735940280e-01	1.650785045799159356e-01	7.908766807270245502e-02	3.182679517875461328e-02	8.350369941826098208e-02
1.422304442814653157e+03	2.294870186686369662e-01	1.371733242189365487e-01	2.735962390844568493e-01	1.651874139972938360e-01	7.913267791902449388e-02	3.184968558785083309e-02	8.357364052379441521e-02
1.424723327921481086e+03	2.292228586026650861e-01	1.370118244404949781e-01	2.737758087394736028e-01	1.652960205136599081e-01	7.917756450292486037e-02	3.187252153831945239e-02	8.364340166245602670e-02
1.427142213028308333e+03	2.289594259798291565e-01	1.368507694225647442e-01	2.739548649682146397e-01	1.654043250202021087e-01	7.922232817499051671e-02	3.189530317608347404e-02	8.371298325810920538e-02
1.429561098135136262e+03	2.286967187943787783e-01	1.366901579387201637e-01	2.741334091963024688e-01	1.655123284052184285e-01	7.926696928475189530e-02	3.191803064666554057e-02	8.378238573395656308e-02
1.431979983241963964e+03	2.284347350461048698e-01	1.365299887659245648e-01	2.743114428454225817e-01	1.656200315541281332e-01	7.931148818068654849e-02	3.194070409518905834e-02	8.385160951253806116e-02
1.434398868348791666e+03	2.281734727403245400e-01	1.363702606845210441e-01	2.744889673333343327e-01	1.657274353494827823e-01	7.935588521022259034e-02	3.196332366637927996e-02	8.392065501572919251e-02
1.436817753455619140e+03	2.279129298878656562e-01	1.362109724782229470e-01	2.746659840738818747e-01	1.658345406709773595e-01	7.940016071974233258e-02	3.198588950456441454e-02	8.398952266473923289e-02
1.439236638562446842e+03	2.276531045050515234e-01	1.360521229341045413e-01	2.748424944770047618e-01	1.659413483954610136e-01	7.944431505458578180e-02	3.200840175367672402e-02	8.405821288010946468e-02
1.441655523669274316e+03	2.273939946136856460e-01	1.358937108425916918e-01	2.750184999487489956e-01	1.660478593969482164e-01	7.948834855905413665e-02	3.203086055725361259e-02	8.412672608171151145e-02
1.444074408776102018e+03	2.271355982410365182e-01	1.357357349974525895e-01	2.751940018912775732e-01	1.661540745466294766e-01	7.953226157641334060e-02	3.205326605843871607e-02	8.419506268874560329e-02
1.446493293882929493e+03	2.268779134198224690e-01	1.355781941957883707e-01	2.753690017028814219e-01	1.662599947128821642e-01	7.957605444889753743e-02	3.207561839998297748e-02	8.426322311973893919e-02
1.448912178989757422e+03	2.266209381881964524e-01	1.354210872380239572e-01	2.755435007779897805e-01	1.663656207612812798e-01	7.961972751771255463e-02	3.209791772424574335e-02	8.433120779254410504e-02
1.451331064096585123e+03	2.263646705897310596e-01	1.352644129278987029e-01	2.757175005071813012e-01	1.664709535546102237e-01	7.966328112303930342e-02	3.212016417319583234e-02	8.439901712433740821e-02
1.453749949203412370e+03	2.261091086734034750e-01	1.351081700724573453e-01	2.758910022771942638e-01	1.665759939528713152e-01	7.970671560403733147e-02	3.214235788841265928e-02	8.446665153161739270e-02
1.456168834310240300e+03	2.258542504935803497e-01	1.349523574820407357e-01	2.760640074709374003e-01	1.666807428132965063e-01	7.975003129884819519e-02	3.216449901108723447e-02	8.453411143020324314e-02
1.458587719417068001e+03	2.256000941100030632e-01	1.347969739702766789e-01	2.762365174675005530e-01	1.667852009903579291e-01	7.979322854459887371e-02	3.218658768202328768e-02	8.460139723523329991e-02
1.461006604523895703e+03	2.253466375877725136e-01	1.346420183540708304e-01	2.764085336421649997e-01	1.668893693357783037e-01	7.983630767740515499e-02	3.220862404163832293e-02	8.466850936116358806e-02
1.463425489630723177e+03	2.250938789973344900e-01	1.344874894535975640e-01	2.765800573664140005e-01	1.669932486985414855e-01	7.987926903237506371e-02	3.223060822996468011e-02	8.473544822176636016e-02
1.465844374737550879e+03	2.248418164144647402e-01	1.343333860922909517e-01	2.767510900079435121e-01	1.670968399249028735e-01	7.992211294361223350e-02	3.225254038665060358e-02	8.480221423012868076e-02
1.468263259844378354e+03	2.245904479202542325e-01	1.341797070968356320e-01	2.769216329306725122e-01	1.672001438583996247e-01	7.996483974421926544e-02	3.227442065096129686e-02	8.486880779865102475e-02
1.470682144951206283e+03	2.243397716010942511e-01	1.340264512971579280e-01	2.770916874947533248e-01	1.673031613398611450e-01	8.000744976630105865e-02	3.229624916177997740e-02	8.493522933904593120e-02
1.473101030058033530e+03	2.240897855486619072e-01	1.338736175264166606e-01	2.772612550565821121e-01	1.674058932074192485e-01	8.004994334096815489e-02	3.231802605760894509e-02	8.500147926233662943e-02
1.475519915164861459e+03	2.238404878599052905e-01	1.337212046209942384e-01	2.774303369688094212e-01	1.675083402965183155e-01	8.009232079834004148e-02	3.233975147657061622e-02	8.506755797885576231e-02
1.477938800271689161e+03	2.235918766370288968e-01	1.335692114204878322e-01	2.775989345803501762e-01	1.676105034399255345e-01	8.013458246754852354e-02	3.236142555640857815e-02	8.513346589824409560e-02
1.480357685378516862e+03	2.233439499874791123e-01	1.334176367677002983e-01	2.777670492363943366e-01	1.677123834677410330e-01	8.017672867674097148e-02	3.238304843448864406e-02	8.519920342944924119e-02
1.482776570485344337e+03	2.230967060239295863e-01	1.332664795086313525e-01	2.779346822784170001e-01	1.678139812074078419e-01	8.021875975308358220e-02	3.240462024779987293e-02	8.526477098072444971e-02
