1.301360187473271253e+03	2.356255550562690870e-01	1.509685666913298530e-01	2.608135627579371008e-01	1.617327679583963063e-01	7.626291960598244324e-02	3.214704867292790536e-02	8.244957925699442081e-02
1.306197957686926657e+03	2.350341866427631821e-01	1.505725898704372567e-01	2.611930179080549363e-01	1.619961217920860563e-01	7.637030603736812140e-02	3.221923367977094776e-02	8.261454406935660189e-02
1.311035727900581833e+03	2.344462141132842847e-01	1.501787970482315882e-01	2.615702036326757463e-01	1.622579690888176496e-01	7.647713485941660949e-02	3.229110247918146048e-02	8.277857877822976385e-02
1.315873498114237009e+03	2.338616179868823197e-01	1.497871760606183655e-01	2.619451349249001804e-01	1.625183180621712908e-01	7.658340894047789560e-02	3.236265580884650772e-02	8.294168821594052887e-02
1.320711268327892412e+03	2.332803788954651292e-01	1.493977148117645037e-01	2.623178266583564566e-01	1.627771768880883763e-01	7.668913113281819460e-02	3.243389441636412851e-02	8.310387719698031361e-02
1.325549038541547588e+03	2.327024775831192938e-01	1.490104012737145378e-01	2.626882935884052306e-01	1.630345537049212590e-01	7.679430427277149362e-02	3.250481905897135287e-02	8.326515051793387245e-02
1.330386808755202765e+03	2.321278949054356167e-01	1.486252234860088728e-01	2.630565503533305316e-01	1.632904566134852908e-01	7.689893118088783619e-02	3.257543050327747075e-02	8.342551295741137962e-02
1.335224578968857941e+03	2.315566118288389930e-01	1.482421695553041152e-01	2.634226114755162107e-01	1.635448936771128348e-01	7.700301466207835899e-02	3.264572952500256059e-02	8.358496927598388360e-02
1.340062349182513572e+03	2.309886094299229975e-01	1.478612276549956250e-01	2.637864913626088437e-01	1.637978729217092755e-01	7.710655750575719225e-02	3.271571690872104865e-02	8.374352421612200892e-02
1.344900119396168748e+03	2.304238688947885250e-01	1.474823860248419549e-01	2.641482043086665343e-01	1.640494023358112230e-01	7.720956248598043192e-02	3.278539344761034757e-02	8.390118250213796092e-02
1.349737889609823924e+03	2.298623715183872873e-01	1.471056329705916765e-01	2.645077644952943952e-01	1.642994898706465756e-01	7.731203236158208647e-02	3.285475994320433829e-02	8.405794884013061130e-02
1.354575659823479100e+03	2.293040987038692802e-01	1.467309568636119832e-01	2.648651859927664276e-01	1.645481434401965815e-01	7.741396987630726201e-02	3.292381720515166060e-02	8.421382791793372014e-02
1.359413430037134731e+03	2.287490319619348567e-01	1.463583461405196517e-01	2.652204827611341353e-01	1.647953709212599260e-01	7.751537775894258575e-02	3.299256605097874995e-02	8.436882440506705827e-02
1.364251200250789907e+03	2.281971529101909923e-01	1.459877893028137530e-01	2.655736686513218148e-01	1.650411801535184853e-01	7.761625872344392330e-02	3.306100730585745384e-02	8.452294295269056901e-02
1.369088970464445310e+03	2.276484432725116858e-01	1.456192749165105549e-01	2.659247574062092445e-01	1.652855789396053543e-01	7.771661546906161178e-02	3.312914180237718637e-02	8.467618819356134696e-02
1.373926740678100487e+03	2.271028848784028553e-01	1.452527916117804796e-01	2.662737626617013853e-01	1.655285750451743199e-01	7.781645068046308400e-02	3.319697038032152353e-02	8.482856474199339247e-02
1.378764510891755890e+03	2.265604596623711220e-01	1.448883280825871145e-01	2.666206979477850347e-01	1.657701761989713030e-01	7.791576702785323050e-02	3.326449388644914240e-02	8.498007719382008607e-02
1.383602281105411066e+03	2.260211496632970329e-01	1.445258730863280827e-01	2.669655766895736582e-01	1.660103900929076615e-01	7.801456716709216643e-02	3.333171317427902763e-02	8.513073012635939685e-02
1.388440051319066470e+03	2.254849370238121153e-01	1.441654154434780233e-01	2.673084122083392855e-01	1.662492243821351023e-01	7.811285373981100011e-02	3.339862910387985523e-02	8.528052809838168602e-02
1.393277821532721646e+03	2.249518039896802879e-01	1.438069440372334862e-01	2.676492177225323066e-01	1.664866866851223426e-01	7.821062937352517286e-02	3.346524254166349105e-02	8.542947565007993904e-02
1.398115591746377049e+03	2.244217329091831303e-01	1.434504478131600202e-01	2.679880063487894426e-01	1.667227845837334910e-01	7.830789668174580054e-02	3.353155436018250002e-02	8.557757730304263455e-02
1.402953361960032225e+03	2.238947062325091775e-01	1.430959157788407876e-01	2.683247911029296162e-01	1.669575256233079841e-01	7.840465826408883621e-02	3.359756543793158967e-02	8.572483756022901413e-02
1.407791132173687402e+03	2.233707065111473211e-01	1.427433370035277038e-01	2.686595849009378867e-01	1.671909173127422155e-01	7.850091670638230379e-02	3.366327665915295336e-02	8.587126090594660033e-02
1.412628902387342805e+03	2.228497163972841255e-01	1.423927006177939936e-01	2.689924005599380052e-01	1.674229671245727191e-01	7.859667458077151947e-02	3.372868891364536048e-02	8.601685180583124035e-02
1.417466672600997981e+03	2.223317186432050285e-01	1.420439958131890223e-01	2.693232507991533131e-01	1.676536824950608795e-01	7.869193444582242569e-02	3.379380309657703529e-02	8.616161470682921764e-02
1.422304442814653157e+03	2.218166961006993454e-01	1.416972118418949600e-01	2.696521482408565373e-01	1.678830708242790570e-01	7.878669884662316270e-02	3.385862010830207464e-02	8.630555403718179197e-02
1.427142213028308333e+03	2.213046317204692692e-01	1.413523380163852761e-01	2.699791054113079292e-01	1.681111394761984623e-01	7.888097031488368327e-02	3.392314085418058484e-02	8.644867420641164091e-02
1.431979983241963964e+03	2.207955085515427296e-01	1.410093637090853169e-01	2.703041347416828555e-01	1.683378957787781405e-01	7.897475136903386872e-02	3.398736624440221871e-02	8.659097960531170202e-02
1.436817753455619140e+03	2.202893097406899148e-01	1.406682783520346314e-01	2.706272485689879548e-01	1.685633470240555376e-01	7.906804451431974357e-02	3.405129719381319586e-02	8.673247460593588865e-02
1.441655523669274316e+03	2.197860185318435966e-01	1.403290714365510727e-01	2.709484591369668571e-01	1.687875004682383995e-01	7.916085224289821920e-02	3.411493462174671615e-02	8.687316356159187347e-02
1.446493293882929493e+03	2.192856182655233410e-01	1.399917325128972045e-01	2.712677785969952460e-01	1.690103633317981413e-01	7.925317703393017221e-02	3.417827945185667599e-02	8.701305080683589821e-02
1.451331064096585123e+03	2.187880923782630771e-01	1.396562511899480941e-01	2.715852190089651508e-01	1.692319427995642445e-01	7.934502135367201003e-02	3.424133261195461131e-02	8.715214065746944294e-02
1.456168834310240300e+03	2.182934244020428294e-01	1.393226171348612152e-01	2.719007923421588591e-01	1.694522460208201797e-01	7.943638765556572390e-02	3.430409503384988790e-02	8.729043741053786609e-02
1.461006604523895703e+03	2.178015979637236144e-01	1.389908200727481280e-01	2.722145104761129475e-01	1.696712801094004963e-01	7.952727838032751240e-02	3.436656765319297258e-02	8.742794534433077913e-02
1.465844374737550879e+03	2.173125967844863338e-01	1.386608497863481004e-01	2.725263852014717103e-01	1.698890521437890766e-01	7.961769595603503114e-02	3.442875140932177142e-02	8.756466871838436417e-02
1.470682144951206283e+03	2.168264046792740818e-01	1.383326961157033130e-01	2.728364282208308178e-01	1.701055691672186121e-01	7.970764279821319909e-02	3.449064724511104879e-02	8.770061177348528747e-02
1.475519915164861459e+03	2.163430055562380605e-01	1.380063489578361169e-01	2.731446511495709828e-01	1.703208381877712174e-01	7.979712130991874208e-02	3.455225610682471221e-02	8.783577873167648653e-02
1.480357685378516862e+03	2.158623834161869370e-01	1.376817982664280127e-01	2.734510655166820792e-01	1.705348661784802378e-01	7.988613388182340402e-02	3.461357894397108087e-02	8.797017379626453915e-02
1.485195455592172038e+03	2.153845223520398922e-01	1.373590340515004060e-01	2.737556827655773795e-01	1.707476600774330000e-01	7.997468289229595073e-02	3.467461670916094363e-02	8.810380115182869787e-02
1.490033225805827215e+03	2.149094065482830551e-01	1.370380463790971670e-01	2.740585142548985220e-01	1.709592267878746463e-01	8.006277070748289704e-02	3.473537035796843420e-02	8.823666496423156202e-02
1.494870996019482618e+03	2.144370202804293246e-01	1.367188253709689660e-01	2.743595712593107638e-01	1.711695731783131891e-01	8.015039968138810977e-02	3.479584084879465411e-02	8.836876938063126241e-02
1.499708766233137567e+03	2.139673479144817980e-01	1.364013612042593859e-01	2.746588649702894069e-01	1.713787060826252595e-01	8.023757215595120340e-02	3.485602914273399494e-02	8.850011852949524194e-02
1.504546536446793198e+03	2.135003739064004202e-01	1.360856441111927551e-01	2.749564064968967325e-01	1.715866323001630778e-01	8.032429046112485316e-02	3.491593620344306259e-02	8.863071652061545180e-02
1.509384306660448374e+03	2.130360828015721297e-01	1.357716643787638122e-01	2.752522068665498312e-01	1.717933585958622555e-01	8.041055691495103963e-02	3.497556299701224530e-02	8.876056744512506036e-02
1.514222076874103550e+03	2.125744592342842798e-01	1.354594123484290091e-01	2.755462770257799954e-01	1.719988917003504592e-01	8.049637382363619698e-02	3.503491049183979356e-02	8.888967537551660525e-02
1.519059847087758726e+03	2.121154879272015292e-01	1.351488784157996448e-01	2.758386278409828973e-01	1.722032383100570718e-01	8.058174348162533418e-02	3.509397965850838408e-02	8.901804436566149170e-02
1.523897617301414357e+03	2.116591536908458693e-01	1.348400530303366651e-01	2.761292700991599403e-01	1.724064050873236054e-01	8.066666817167514325e-02	3.515277146966418881e-02	8.914567845083085085e-02
1.528735387515069533e+03	2.112054414230799815e-01	1.345329266950470448e-01	2.764182145086518383e-01	1.726083986605150278e-01	8.075115016492621922e-02	3.521128689989830307e-02	8.927258164771777194e-02
1.533573157728724709e+03	2.107543361085939537e-01	1.342274899661821674e-01	2.767054716998626485e-01	1.728092256241318680e-01	8.083519172097419769e-02	3.526952692563055380e-02	8.939875795446081130e-02
1.538410927942380113e+03	2.103058228183949663e-01	1.339237334529376489e-01	2.769910522259760310e-01	1.730088925389230148e-01	8.091879508794014297e-02	3.532749252499562537e-02	8.952421135066866709e-02
1.543248698156035516e+03	2.098598867093006415e-01	1.336216478171549649e-01	2.772749665636635719e-01	1.732074059319993198e-01	8.100196250253985375e-02	3.538518467773146131e-02	8.964894579744631109e-02
1.548086468369690692e+03	2.094165130234349192e-01	1.333212237730247163e-01	2.775572251137841118e-01	1.734047722969480065e-01	8.108469619015237773e-02	3.544260436506990047e-02	8.977296523742209211e-02
1.552924238583346096e+03	2.089756870877278183e-01	1.330224520867914761e-01	2.778378382020758597e-01	1.736009980939476338e-01	8.116699836488774911e-02	3.549975256962950576e-02	8.989627359477614377e-02
1.557762008797001272e+03	2.085373943134176955e-01	1.327253235764605244e-01	2.781168160798399014e-01	1.737960897498837531e-01	8.124887122965379627e-02	3.555663027531054399e-02	9.001887477526990256e-02
1.562599779010656675e+03	2.081016201955570855e-01	1.324298291115059978e-01	2.783941689246167139e-01	1.739900536584653434e-01	8.133031697622214451e-02	3.561323846719208208e-02	9.014077266627676388e-02
1.567437549224311852e+03	2.076683503125213437e-01	1.321359596125807334e-01	2.786699068408537983e-01	1.741828961803417175e-01	8.141133778529352494e-02	3.566957813143117190e-02	9.026197113681379280e-02
1.572275319437967255e+03	2.072375703255205093e-01	1.318437060512278602e-01	2.789440398605667615e-01	1.743746236432201502e-01	8.149193582656220902e-02	3.572565025516406118e-02	9.038247403757455889e-02
1.577113089651622431e+03	2.068092659781140541e-01	1.315530594495938621e-01	2.792165779439921836e-01	1.745652423419839783e-01	8.157211325877974928e-02	3.578145582640938210e-02	9.050228520096291474e-02
1.581950859865277607e+03	2.063834230957289073e-01	1.312640108801433336e-01	2.794875309802333230e-01	1.747547585388112557e-01	8.165187222981803994e-02	3.583699583397334520e-02	9.062140844112785698e-02
1.586788630078933011e+03	2.059600275851801998e-01	1.309765514653753182e-01	2.797569087878986616e-01	1.749431784632940190e-01	8.173121487673155883e-02	3.589227126735685530e-02	9.073984755399941426e-02
1.591626400292587959e+03	2.055390654341951728e-01	1.306906723775412282e-01	2.800247211157326777e-01	1.751305083125580808e-01	8.181014332581899862e-02	3.594728311666450099e-02	9.085760631732536785e-02
1.596464170506243590e+03	2.051205227109399454e-01	1.304063648383644025e-01	2.802909776432399025e-01	1.753167542513831278e-01	8.188865969268421807e-02	3.600203237251538291e-02	9.097468849070899921e-02
1.601301940719898766e+03	2.047043855635493625e-01	1.301236201187612462e-01	2.805556879813018156e-01	1.755019224123234023e-01	8.196676608229649941e-02	3.605652002595587102e-02	9.109109781564771191e-02
1.606139710933553943e+03	2.042906402196594529e-01	1.298424295385637584e-01	2.808188616727866904e-01	1.756860188958290492e-01	8.204446458905023665e-02	3.611074706837401338e-02	9.120683801557263881e-02
1.610977481147209119e+03	2.038792729859432162e-01	1.295627844662438355e-01	2.810805081931527227e-01	1.758690497703673250e-01	8.212175729682388847e-02	3.616471449141581834e-02	9.132191279588891542e-02
1.615815251360864750e+03	2.034702702476488545e-01	1.292846763186391301e-01	2.813406369510442762e-01	1.760510210725448332e-01	8.219864627903841758e-02	3.621842328690320217e-02	9.143632584401699404e-02
1.620653021574519926e+03	2.030636184681411383e-01	1.290080965606802688e-01	2.815992572888812440e-01	1.762319388072296766e-01	8.227513359871507781e-02	3.627187444675365052e-02	9.155008082943469350e-02
1.625490791788175102e+03	2.026593041884455215e-01	1.287330367051196522e-01	2.818563784834420827e-01	1.764118089476742479e-01	8.235122130853265998e-02	3.632506896290157994e-02	9.166318140372001211e-02
1.630328562001830505e+03	2.022573140267949210e-01	1.284594883122620601e-01	2.821120097464402954e-01	1.765906374356382424e-01	8.242691145088415494e-02	3.637800782722126758e-02	9.177563120059478718e-02
1.635166332215485909e+03	2.018576346781796038e-01	1.281874429896963097e-01	2.823661602250944203e-01	1.767684301815119208e-01	8.250220605793283368e-02	3.643069203145146012e-02	9.188743383596907621e-02
1.640004102429141085e+03	2.014602529138996290e-01	1.279168923920288581e-01	2.826188390026915798e-01	1.769451930644399817e-01	8.257710715166780013e-02	3.648312256712153007e-02	9.199859290798627354e-02
1.644841872642796488e+03	2.010651555811199531e-01	1.276478282206186254e-01	2.828700550991445350e-01	1.771209319324453246e-01	8.265161674395909985e-02	3.653530042547916551e-02	9.210911199706890706e-02
1.649679642856451665e+03	2.006723296024285341e-01	1.273802422233133447e-01	2.831198174715434113e-01	1.772956526025533386e-01	8.272573683661212096e-02	3.658722659741960731e-02	9.221899466596522599e-02
1.654517413070107068e+03	2.002817619753970158e-01	1.271141261941875211e-01	2.833681350147001510e-01	1.774693608609164142e-01	8.279946942142168975e-02	3.663890207341638505e-02	9.232824445979637140e-02
1.659355183283762244e+03	1.998934397721439382e-01	1.268494719732818632e-01	2.836150165616879160e-01	1.776420624629385658e-01	8.287281648022554181e-02	3.669032784345351017e-02	9.243686490610421302e-02
1.664192953497417420e+03	1.995073501389009185e-01	1.265862714463439620e-01	2.838604708843738278e-01	1.778137631334005264e-01	8.294577998495740456e-02	3.674150489695908461e-02	9.254485951489986595e-02
1.669030723711072824e+03	1.991234802955813843e-01	1.263245165445706641e-01	2.841045066939462682e-01	1.779844685665846193e-01	8.301836189769949692e-02	3.679243422274038749e-02	9.265223177871279026e-02
1.673868493924728000e+03	1.987418175353518335e-01	1.260641992443518877e-01	2.843471326414360734e-01	1.781541844264002972e-01	8.309056417073464040e-02	3.684311680892030788e-02	9.275898517264051513e-02
1.678706264138383403e+03	1.983623492242057862e-01	1.258053115670157152e-01	2.845883573182324544e-01	1.783229163465095690e-01	8.316238874659791225e-02	3.689355364287515843e-02	9.286512315439893195e-02
1.683544034352038352e+03	1.979850628005404012e-01	1.255478455785750402e-01	2.848281892565927009e-01	1.784906699304524835e-01	8.323383755812785445e-02	3.694374571117382822e-02	9.297064916437312865e-02
1.688381804565693983e+03	1.976099457747356181e-01	1.252917933894757141e-01	2.850666369301466663e-01	1.786574507517731114e-01	8.330491252851723871e-02	3.699369399951824705e-02	9.307556662566879302e-02
1.693219574779349159e+03	1.972369857287359085e-01	1.250371471543458846e-01	2.853037087543955908e-01	1.788232643541453337e-01	8.337561557136335955e-02	3.704339949268515425e-02	9.317987894416418504e-02
1.698057344993004335e+03	1.968661703156344422e-01	1.247838990717469454e-01	2.855394130872054848e-01	1.789881162514988522e-01	8.344594859071803594e-02	3.709286317446913728e-02	9.328358950856255327e-02
1.702895115206659511e+03	1.964974872592598898e-01	1.245320413839259011e-01	2.857737582292952383e-01	1.791520119281453105e-01	8.351591348113705793e-02	3.714208602762691935e-02	9.338670169044509251e-02
1.707732885420315142e+03	1.961309243537658065e-01	1.242815663765689527e-01	2.860067524247195681e-01	1.793149568389044157e-01	8.358551212772936945e-02	3.719106903382285445e-02	9.348921884432437324e-02
1.712570655633970318e+03	1.957664694632224311e-01	1.240324663785566661e-01	2.862384038613462467e-01	1.794769564092303094e-01	8.365474640620575164e-02	3.723981317357567822e-02	9.359114430769821524e-02
1.717408425847625494e+03	1.954041105212108720e-01	1.237847337617203891e-01	2.864687206713286138e-01	1.796380160353377164e-01	8.372361818292720081e-02	3.728831942620637607e-02	9.369248140110406076e-02
1.722246196061280898e+03	1.950438355304199289e-01	1.235383609406000560e-01	2.866977109315730909e-01	1.797981410843283445e-01	8.379212931495282068e-02	3.733658876978725172e-02	9.379323342817373621e-02
1.727083966274936301e+03	1.946856325622452477e-01	1.232933403722034915e-01	2.869253826642008121e-01	1.799573368943172824e-01	8.386028165008753421e-02	3.738462218109215446e-02	9.389340367568864421e-02
1.731921736488591478e+03	1.943294897563909440e-01	1.230496645557669216e-01	2.871517438370055353e-01	1.801156087745592882e-01	8.392807702692925420e-02	3.743242063554775428e-02	9.399299541363541344e-02
1.736759506702246881e+03	1.939753953204736425e-01	1.228073260325168864e-01	2.873768023639057256e-01	1.802729620055752435e-01	8.399551727491572084e-02	3.747998510718602433e-02	9.409201189526186782e-02
1.741597276915902057e+03	1.936233375296288473e-01	1.225663173854334848e-01	2.876005661053920304e-01	1.804294018392784971e-01	8.406260421437115882e-02	3.752731656859770171e-02	9.419045635713341191e-02
1.746435047129557461e+03	1.932733047261197823e-01	1.223266312390150073e-01	2.878230428689701470e-01	1.805849334991011523e-01	8.412933965655236546e-02	3.757441599088687939e-02	9.428833201918974949e-02
1.751272817343212637e+03	1.929252853189485639e-01	1.220882602590438459e-01	2.880442404095989728e-01	1.807395621801204666e-01	8.419572540369461844e-02	3.762128434362661811e-02	9.438564208480203221e-02
1.756110587556867813e+03	1.925792677834697042e-01	1.218511971523537213e-01	2.882641664301235918e-01	1.808932930491850832e-01	8.426176324905718107e-02	3.766792259481556437e-02	9.448238974083025821e-02
1.760948357770523216e+03	1.922352406610059183e-01	1.216154346665982849e-01	2.884828285817044868e-01	1.810461312450411253e-01	8.432745497696852999e-02	3.771433171083562325e-02	9.457857815768105914e-02
1.765786127984178393e+03	1.918931925584663190e-01	1.213809655900209700e-01	2.887002344642417007e-01	1.811980818784584835e-01	8.439280236287118042e-02	3.776051265641056087e-02	9.467421048936575101e-02
1.770623898197833569e+03	1.915531121479669141e-01	1.211477827512261601e-01	2.889163916267943333e-01	1.813491500323568539e-01	8.445780717336635879e-02	3.780646639456563401e-02	9.476928987355867640e-02
1.775461668411488745e+03	1.912149881664532702e-01	1.209158790189516358e-01	2.891313075679961542e-01	1.814993407619316379e-01	8.452247116625818957e-02	3.785219388658812856e-02	9.486381943165592134e-02
1.780299438625144376e+03	1.908788094153254788e-01	1.206852473018423383e-01	2.893449897364665513e-01	1.816486590947797852e-01	8.458679609059767401e-02	3.789769609198884864e-02	9.495780226883421271e-02
1.785137208838799552e+03	1.905445647600655934e-01	1.204558805482254247e-01	2.895574455312170392e-01	1.817971100310256660e-01	8.465078368672637743e-02	3.794297396846455644e-02	9.505124147411019020e-02
1.789974979052454728e+03	1.902122431298670091e-01	1.202277717458864886e-01	2.897686823020538815e-01	1.819446985434466368e-01	8.471443568631979726e-02	3.798802847186126541e-02	9.514414012039976165e-02
1.794812749266109904e+03	1.898818335172662020e-01	1.200009139218471826e-01	2.899787073499761059e-01	1.820914295775985514e-01	8.477775381243045361e-02	3.803286055613845640e-02	9.523650126457786080e-02
1.799650519479765535e+03	1.895533249777766882e-01	1.197753001421440200e-01	2.901875279275697439e-01	1.822373080519411326e-01	8.484073977953068835e-02	3.807747117333414727e-02	9.532832794753837158e-02
1.804488289693420711e+03	1.892267066295251210e-01	1.195509235116084396e-01	2.903951512393976309e-01	1.823823388579632887e-01	8.490339529355515891e-02	3.812186127353083681e-02	9.541962319425428829e-02
1.809326059907075887e+03	1.889019676528897462e-01	1.193277771736481474e-01	2.906015844423854300e-01	1.825265268603080138e-01	8.496572205194319327e-02	3.816603180482226049e-02	9.551039001383802851e-02
1.814163830120731291e+03	1.885790972901405793e-01	1.191058543100295408e-01	2.908068346462035492e-01	1.826698768968974262e-01	8.502772174368065927e-02	3.820998371328100662e-02	9.560063139960203737e-02
1.819001600334386467e+03	1.882580848450823852e-01	1.188851481406617006e-01	2.910109089136450056e-01	1.828123937790575027e-01	8.508939604934173673e-02	3.825371794292691668e-02	9.569035032911950289e-02
1.823839370548041643e+03	1.879389196826992126e-01	1.186656519233811879e-01	2.912138142609997371e-01	1.829540822916425336e-01	8.515074664113038427e-02	3.829723543569630434e-02	9.577954976428533496e-02
1.828677140761696819e+03	1.876215912288013987e-01	1.184473589537383409e-01	2.914155576584246954e-01	1.830949471931595796e-01	8.521177518292154252e-02	3.834053713141193781e-02	9.586823265137718597e-02
1.833514910975352450e+03	1.873060889696744336e-01	1.182302625647847216e-01	2.916161460303103858e-01	1.832349932158925665e-01	8.527248333030200411e-02	3.838362396775379243e-02	9.595640192111676292e-02
1.838352681189008081e+03	1.869924024517302108e-01	1.180143561268616886e-01	2.918155862556434110e-01	1.833742250660262696e-01	8.533287273061122835e-02	3.842649688023059423e-02	9.604406048873122270e-02
1.843190451402663257e+03	1.866805212811601389e-01	1.177996330473902592e-01	2.920138851683656833e-01	1.835126474237701033e-01	8.539294502298169776e-02	3.846915680215203664e-02	9.613121125401467848e-02
1.848028221616318433e+03	1.863704351235903334e-01	1.175860867706620821e-01	2.922110495577296407e-01	1.836502649434815782e-01	8.545270183837917755e-02	3.851160466460177428e-02	9.621785710138994197e-02
1.852865991829973609e+03	1.860621337037390299e-01	1.173737107776316735e-01	2.924070861686500211e-01	1.837870822537896465e-01	8.551214479964264203e-02	3.855384139641115232e-02	9.630400089997030733e-02
1.857703762043628785e+03	1.857556068050758014e-01	1.171624985857097068e-01	2.926020017020521391e-01	1.839231039577177707e-01	8.557127552152402061e-02	3.859586792413356032e-02	9.638964550362146000e-02
1.862541532257283961e+03	1.854508442694829951e-01	1.169524437485576496e-01	2.927958028152163883e-01	1.840583346328066583e-01	8.563009561072769393e-02	3.863768517201955632e-02	9.647479375102346877e-02
1.867379302470939592e+03	1.851478359969190857e-01	1.167435398558833715e-01	2.929884961221195794e-01	1.841927788312370251e-01	8.568860666594978193e-02	3.867929406199262232e-02	9.655944846573297213e-02
1.872217072684594768e+03	1.848465719450840539e-01	1.165357805332380425e-01	2.931800881937725034e-01	1.843264410799517194e-01	8.574681027791711263e-02	3.872069551362559980e-02	9.664361245624536467e-02
1.877054842898249490e+03	1.845470421290868468e-01	1.163291594418141006e-01	2.933705855585545530e-01	1.844593258807779024e-01	8.580470802942614938e-02	3.876189044411777751e-02	9.672728851605708056e-02
1.881892613111905121e+03	1.842492366211145594e-01	1.161236702782444397e-01	2.935599947025445133e-01	1.845914377105488113e-01	8.586230149538146006e-02	3.880287976827260371e-02	9.681047942372797421e-02
1.886730383325560297e+03	1.839531455501038915e-01	1.159193067744026806e-01	2.937483220698484665e-01	1.847227810212253296e-01	8.591959224283418628e-02	3.884366439847607155e-02	9.689318794294374260e-02
1.891568153539215928e+03	1.836587591014142984e-01	1.157160626972045248e-01	2.939355740629241986e-01	1.848533602400171394e-01	8.597658183102012408e-02	3.888424524467565951e-02	9.697541682257844464e-02
1.896405923752871104e+03	1.833660675165033060e-01	1.155139318484103700e-01	2.941217570429022210e-01	1.849831797695037638e-01	8.603327181139773516e-02	3.892462321435996575e-02	9.705716879675703457e-02
1.901243693966526507e+03	1.830750610926034916e-01	1.153129080644289123e-01	2.943068773299041263e-01	1.851122439877552484e-01	8.608966372768586672e-02	3.896479921253882817e-02	9.713844658491792294e-02
1.906081464180181683e+03	1.827857301824016012e-01	1.151129852161219547e-01	2.944909412033573370e-01	1.852405572484524809e-01	8.614575911590119373e-02	3.900477414172414531e-02	9.721925289187567654e-02
1.910919234393836859e+03	1.824980651937194998e-01	1.149141572086101876e-01	2.946739549023069116e-01	1.853681238810072907e-01	8.620155950439567505e-02	3.904454890191117605e-02	9.729959040788360713e-02
1.915757004607492036e+03	1.822120565891969246e-01	1.147164179810802181e-01	2.948559246257244082e-01	1.854949481906822684e-01	8.625706641389356555e-02	3.908412439056046378e-02	9.737946180869649915e-02
1.920594774821147894e+03	1.819276948859762655e-01	1.145197615065926683e-01	2.950368565328132520e-01	1.856210344587102268e-01	8.631228135752835873e-02	3.912350150258030873e-02	9.745886975563328170e-02
1.925432545034802843e+03	1.816449706553890375e-01	1.143241817918912162e-01	2.952167567433117701e-01	1.857463869424132719e-01	8.636720584087949348e-02	3.916268113030976078e-02	9.753781689563977009e-02
1.930270315248458019e+03	1.813638745226443527e-01	1.141296728772129010e-01	2.953956313377928966e-01	1.858710098753217355e-01	8.642184136200890821e-02	3.920166416350213956e-02	9.761630586135137955e-02
1.935108085462113195e+03	1.810843971665191399e-01	1.139362288360993847e-01	2.955734863579609351e-01	1.859949074672926084e-01	8.647618941149730343e-02	3.924045148930913052e-02	9.769433927115579730e-02
1.939945855675768371e+03	1.808065293190503076e-01	1.137438437752093245e-01	2.957503278069454344e-01	1.861180839046277791e-01	8.653025147248032123e-02	3.927904399226535975e-02	9.777191972925576569e-02
1.944783625889424002e+03	1.805302617652285169e-01	1.135525118341318418e-01	2.959261616495924008e-01	1.862405433501918839e-01	8.658402902068444706e-02	3.931744255427346846e-02	9.784904982573171262e-02
1.949621396103079178e+03	1.802555853426939525e-01	1.133622271852009478e-01	2.961009938127526220e-01	1.863622899435297131e-01	8.663752352446278671e-02	3.935564805458969390e-02	9.792573213660443754e-02
1.954459166316734354e+03	1.799824909414338425e-01	1.131729840333111081e-01	2.962748301855672173e-01	1.864833278009835338e-01	8.669073644483062113e-02	3.939366136980996386e-02	9.800196922389783905e-02
1.959296936530389530e+03	1.797109695034817267e-01	1.129847766157338201e-01	2.964476766197501334e-01	1.866036610158098297e-01	8.674366923550075326e-02	3.943148337385640745e-02	9.807776363570142042e-02
1.964134706744044706e+03	1.794410120226184735e-01	1.127975992019352447e-01	2.966195389298684759e-01	1.867232936582957914e-01	8.679632334291878526e-02	3.946911493796443487e-02	9.815311790623293398e-02
1.968972476957700337e+03	1.791726095440750732e-01	1.126114460933948236e-01	2.967904228936196764e-01	1.868422297758754458e-01	8.684870020629802123e-02	3.950655693067014335e-02	9.822803455590095600e-02
1.973810247171355968e+03	1.789057531642372911e-01	1.124263116234249654e-01	2.969603342521063283e-01	1.869604733932454799e-01	8.690080125765438368e-02	3.954381021779831973e-02	9.830251609136733681e-02
1.978648017385010689e+03	1.786404340303518745e-01	1.122421901569918001e-01	2.971292787101083577e-01	1.870780285124805653e-01	8.695262792184102474e-02	3.958087566245076933e-02	9.837656500560966466e-02
1.983485787598666320e+03	1.783766433402346197e-01	1.120590760905367939e-01	2.972972619363524749e-01	1.871948991131484608e-01	8.700418161658282634e-02	3.961775412499515814e-02	9.845018377798367415e-02
1.988323557812321269e+03	1.781143723419800762e-01	1.118769638517995574e-01	2.974642895637791273e-01	1.873110891524247812e-01	8.705546375251070612e-02	3.965444646305425758e-02	9.852337487428555751e-02
1.993161328025976900e+03	1.778536123336730834e-01	1.116958478996415149e-01	2.976303671898068992e-01	1.874266025652071288e-01	8.710647573319571513e-02	3.969095353149559163e-02	9.859614074681422036e-02
1.997999098239632076e+03	1.775943546631017500e-01	1.115157227238706972e-01	2.977955003765944686e-01	1.875414432642291407e-01	8.715721895518303841e-02	3.972727618242154202e-02	9.866848383443353743e-02
2.002836868453287707e+03	1.773365907274724040e-01	1.113365828450673667e-01	2.979596946513003997e-01	1.876556151401741201e-01	8.720769480802573193e-02	3.976341526515980718e-02	9.874040656263441407e-02
2.007674638666942428e+03	1.770803119731260700e-01	1.111584228144107955e-01	2.981229555063396597e-01	1.877691220617881684e-01	8.725790467431841779e-02	3.979937162625427072e-02	9.881191134359686157e-02
2.012512408880597604e+03	1.768255098952565552e-01	1.109812372135069031e-01	2.982852883996388593e-01	1.878819678759930112e-01	8.730784992973067427e-02	3.983514610945632084e-02	9.888300057625191986e-02
2.017350179094252780e+03	1.765721760376303684e-01	1.108050206542169625e-01	2.984466987548880512e-01	1.879941564079984362e-01	8.735753194304032854e-02	3.987073955571646122e-02	9.895367664634360794e-02
2.022187949307908411e+03	1.763203019923081094e-01	1.106297677784871952e-01	2.986071919617910297e-01	1.881056914614143427e-01	8.740695207616662465e-02	3.990615280317634517e-02	9.902394192649062454e-02
2.027025719521564042e+03	1.760698793993674682e-01	1.104554732581793930e-01	2.987667733763126332e-01	1.882165768183624022e-01	8.745611168420312775e-02	3.994138668716119139e-02	9.909379877624806265e-02
2.031863489735218764e+03	1.758208999466281397e-01	1.102821317949024410e-01	2.989254483209242141e-01	1.883268162395873024e-01	8.750501211545055891e-02	3.997644204017253289e-02	9.916324954216902687e-02
2.036701259948874394e+03	1.755733553693779037e-01	1.101097381198448688e-01	2.990832220848468892e-01	1.884364134645677147e-01	8.755365471144940792e-02	4.001131969188133353e-02	9.923229655786608427e-02
2.041539030162529116e+03	1.753272374501007036e-01	1.099382869936082613e-01	2.992400999242919024e-01	1.885453722116267328e-01	8.760204080701242124e-02	4.004602046912145857e-02	9.930094214407264586e-02
2.046376800376184747e+03	1.750825380182061408e-01	1.097677732060416828e-01	2.993960870626997672e-01	1.886536961780418964e-01	8.765017173025690944e-02	4.008054519588347825e-02	9.936918860870425085e-02
2.051214570589840150e+03	1.748392489497604119e-01	1.095981915760770309e-01	2.995511886909761889e-01	1.887613890401549921e-01	8.769804880263694369e-02	4.011489469330879049e-02	9.943703824691971227e-02
2.056052340803495554e+03	1.745973621672192166e-01	1.094295369515653066e-01	2.997054099677265993e-01	1.888684544534813270e-01	8.774567333897533017e-02	4.014906977968411839e-02	9.950449334118213751e-02
2.060890111017150957e+03	1.743568696391617490e-01	1.092618042091137859e-01	2.998587560194883594e-01	1.889748960528185306e-01	8.779304664749545961e-02	4.018307127043629218e-02	9.957155616131989351e-02
2.065727881230805451e+03	1.741177633800266022e-01	1.090949882539241494e-01	3.000112319409603545e-01	1.890807174523551903e-01	8.784017002985304579e-02	4.021689997812736422e-02	9.963822896458734979e-02
2.070565651444461309e+03	1.738800354498490075e-01	1.089290840196315141e-01	3.001628427952314770e-01	1.891859222457788481e-01	8.788704478116762808e-02	4.025055671245002242e-02	9.970451399572557993e-02
2.075403421658116713e+03	1.736436779539997921e-01	1.087640864681443942e-01	3.003135936140060580e-01	1.892905140063836644e-01	8.793367219005399082e-02	4.028404228022331585e-02	9.977041348702286871e-02
2.080241191871772116e+03	1.734086830429256154e-01	1.085999905894855927e-01	3.004634893978278543e-01	1.893944962871777216e-01	8.798005353865341605e-02	4.031735748538869263e-02	9.983592965837513600e-02
2.085078962085427065e+03	1.731750429118909806e-01	1.084367914016338974e-01	3.006125351163020376e-01	1.894978726209898823e-01	8.802619010266474198e-02	4.035050312900630848e-02	9.990106471734619409e-02
2.089916732299082469e+03	1.729427498007215236e-01	1.082744839503667206e-01	3.007607357083145749e-01	1.896006465205762603e-01	8.807208315137536603e-02	4.038348000925164050e-02	9.996582085922789407e-02
2.094754502512737417e+03	1.727117959935490499e-01	1.081130633091037380e-01	3.009080960822505535e-01	1.897028214787261635e-01	8.811773394769201184e-02	4.041628892141235080e-02	1.000302002671001056e-01
2.099592272726392821e+03	1.724821738185576547e-01	1.079525245787512355e-01	3.010546211162097863e-01	1.898044009683678701e-01	8.816314374817137145e-02	4.044893065788549708e-02	1.000942051118905163e-01
2.104430042940048224e+03	1.722538756477318134e-01	1.077928628875474276e-01	3.012003156582209185e-01	1.899053884426737393e-01	8.820831380305066416e-02	4.048140600817491663e-02	1.001578375524344033e-01
2.109267813153704083e+03	1.720268938966056094e-01	1.076340733909086911e-01	3.013451845264534801e-01	1.900057873351650162e-01	8.825324535627798728e-02	4.051371575888896431e-02	1.002210997355341554e-01
2.114105583367359031e+03	1.718012210240134341e-01	1.074761512712766043e-01	3.014892325094280512e-01	1.901056010598161927e-01	8.829793964554248642e-02	4.054586069373847940e-02	1.002839937960186417e-01
2.118943353581013525e+03	1.715768495318423514e-01	1.073190917379658188e-01	3.016324643662247063e-01	1.902048330111590357e-01	8.834239790230452583e-02	4.057784159353498149e-02	1.003465218568024564e-01
2.123781123794669384e+03	1.713537719647857116e-01	1.071628900270129164e-01	3.017748848266895156e-01	1.903034865643860318e-01	8.838662135182556723e-02	4.060965923618914397e-02	1.004086860289450378e-01
2.128618894008324787e+03	1.711319809100982081e-01	1.070075414010260295e-01	3.019164985916389377e-01	1.904015650754536104e-01	8.843061121319799323e-02	4.064131439670952417e-02	1.004704884117095659e-01
2.133456664221980191e+03	1.709114689973524337e-01	1.068530411490353355e-01	3.020573103330633224e-01	1.904990718811848394e-01	8.847436869937473636e-02	4.067280784720151560e-02	1.005319310926217347e-01
2.138294434435635139e+03	1.706922288981968516e-01	1.066993845863443979e-01	3.021973246943273073e-01	1.905960102993715932e-01	8.851789501719886655e-02	4.070414035686654303e-02	1.005930161475283441e-01
2.143132204649290543e+03	1.704742533261150161e-01	1.065465670543823129e-01	3.023365462903698231e-01	1.906923836288765273e-01	8.856119136743292874e-02	4.073531269200147964e-02	1.006537456406557812e-01
2.147969974862945492e+03	1.702575350361865136e-01	1.063945839205567845e-01	3.024749797079014368e-01	1.907881951497345241e-01	8.860425894478815567e-02	4.076632561599828619e-02	1.007141216246681958e-01
2.152807745076601350e+03	1.700420668248489586e-01	1.062434305781079502e-01	3.026126295056000837e-01	1.908834481232535851e-01	8.864709893795366669e-02	4.079717988934392775e-02	1.007741461407256900e-01
2.157645515290255844e+03	1.698278415296614885e-01	1.060931024459630945e-01	3.027495002143056890e-01	1.909781457921155279e-01	8.868971252962540297e-02	4.082787626962043614e-02	1.008338212185422300e-01
2.162483285503912157e+03	1.696148520290696737e-01	1.059435949685920697e-01	3.028855963372124038e-01	1.910722913804761558e-01	8.873210089653492394e-02	4.085841551150522222e-02	1.008931488764433504e-01
2.167321055717567106e+03	1.694030912421718715e-01	1.057949036158637168e-01	3.030209223500596738e-01	1.911658880940650118e-01	8.877426520947818978e-02	4.088879836677157542e-02	1.009521311214238021e-01
2.172158825931222509e+03	1.691925521284866618e-01	1.056470238829029518e-01	3.031554827013211995e-01	1.912589391202845490e-01	8.881620663334409416e-02	4.091902558428943404e-02	1.010107699492048816e-01
2.176996596144877003e+03	1.689832276877219208e-01	1.054999512899486985e-01	3.032892818123930079e-01	1.913514476283093013e-01	8.885792632714291372e-02	4.094909791002624561e-02	1.010690673442917326e-01
2.181834366358532861e+03	1.687751109595450050e-01	1.053536813822126550e-01	3.034223240777789710e-01	1.914434167691841104e-01	8.889942544403461877e-02	4.097901608704813264e-02	1.011270252800303415e-01
2.186672136572187810e+03	1.685681950233544335e-01	1.052082097297388635e-01	3.035546138652756021e-01	1.915348496759222696e-01	8.894070513135705902e-02	4.100878085552117636e-02	1.011846457186644233e-01
2.191509906785843214e+03	1.683624729980528756e-01	1.050635319272640034e-01	3.036861555161547432e-01	1.916257494636031677e-01	8.898176653065399677e-02	4.103839295271295012e-02	1.012419306113920697e-01
2.196347676999498617e+03	1.681579380418213032e-01	1.049196435940785849e-01	3.038169533453449200e-01	1.917161192294694338e-01	8.902261077770309838e-02	4.106785311299416402e-02	1.012988818984222883e-01
2.201185447213154021e+03	1.679545833518946429e-01	1.047765403738888518e-01	3.039470116416109757e-01	1.918059620530237763e-01	8.906323900254359271e-02	4.109716206784056608e-02	1.013555015090313038e-01
2.206023217426809424e+03	1.677524021643386209e-01	1.046342179346794465e-01	3.040763346677326506e-01	1.918952809961252393e-01	8.910365232950408221e-02	4.112632054583496843e-02	1.014117913616186945e-01
2.210860987640464373e+03	1.675513877538278573e-01	1.044926719685769362e-01	3.042049266606809965e-01	1.919840791030852090e-01	8.914385187722999315e-02	4.115532927266948166e-02	1.014677533637632356e-01
2.215698757854119776e+03	1.673515334334253757e-01	1.043518981917140598e-01	3.043327918317936809e-01	1.920723594007628654e-01	8.918383875871098432e-02	4.118418897114788785e-02	1.015233894122788000e-01
2.220536528067775180e+03	1.671528325543632509e-01	1.042118923440947392e-01	3.044599343669491254e-01	1.921601248986602450e-01	8.922361408130827232e-02	4.121290036118822192e-02	1.015787013932697436e-01
2.225374298281430583e+03	1.669552785058247280e-01	1.040726501894598949e-01	3.045863584267383684e-01	1.922473785890169151e-01	8.926317894678179043e-02	4.124146415982545694e-02	1.016336911821864170e-01
2.230212068495085077e+03	1.667588647147272840e-01	1.039341675151539551e-01	3.047120681466363168e-01	1.923341234469041761e-01	8.930253445131719481e-02	4.126988108121441151e-02	1.016883606438802184e-01
2.235049838708740936e+03	1.665635846455072178e-01	1.037964401319921848e-01	3.048370676371709997e-01	1.924203624303188753e-01	8.934168168555281508e-02	4.129815183663277517e-02	1.017427116326586473e-01
2.239887608922396339e+03	1.663694317999053485e-01	1.036594638741287211e-01	3.049613609840918782e-01	1.925060984802768049e-01	8.938062173460638304e-02	4.132627713448428636e-02	1.017967459923400514e-01
2.244725379136052197e+03	1.661763997167540752e-01	1.035232345989254149e-01	3.050849522485363230e-01	1.925913345209055716e-01	8.941935567810176122e-02	4.135425768030209781e-02	1.018504655563081951e-01
2.249563149349706237e+03	1.659844819717654907e-01	1.033877481868213377e-01	3.052078454671950936e-01	1.926760734595371616e-01	8.945788459019547723e-02	4.138209417675223212e-02	1.019038721475666598e-01
2.254400919563362095e+03	1.657936721773208555e-01	1.032530005412030522e-01	3.053300446524760403e-01	1.927603181868000615e-01	8.949620953960311931e-02	4.140978732363723158e-02	1.019569675787930091e-01
2.259238689777017044e+03	1.656039639822613208e-01	1.031189875882757151e-01	3.054515537926670299e-01	1.928440715767109070e-01	8.953433158962563476e-02	4.143733781789990522e-02	1.020097536523928428e-01
2.264076459990672902e+03	1.654153510716795950e-01	1.029857052769347220e-01	3.055723768520969275e-01	1.929273364867657992e-01	8.957225179817555893e-02	4.146474635362726313e-02	1.020622321605534760e-01
