1.001418434226643626e+03	2.798926177158826412e-01	1.803332225367613173e-01	2.349065486721837459e-01	1.410536398819141057e-01	6.806780401654924373e-02	2.681921790633519376e-02	6.892694927021077167e-02
1.003837319333471214e+03	2.794670505368387903e-01	1.800555719231102525e-01	2.352111424677871543e-01	1.412284285898706693e-01	6.813971341383562308e-02	2.686281475420381967e-02	6.903527831419072058e-02
1.006256204440298802e+03	2.790426904236798511e-01	1.797787061123596042e-01	2.355148710326724348e-01	1.414026735250686062e-01	6.821141893726823113e-02	2.690633451630976281e-02	6.914330545247858451e-02
1.008675089547126618e+03	2.786195339361781098e-01	1.795026228839075033e-01	2.358177368156404163e-01	1.415763765696254062e-01	6.828292116657881661e-02	2.694977714783546377e-02	6.925103148007138998e-02
1.011093974653954206e+03	2.781975776440308024e-01	1.792273200234356934e-01	2.361197422585590011e-01	1.417495395979322670e-01	6.835422067984744943e-02	2.699314260558535045e-02	6.935845719044657354e-02
1.013512859760782021e+03	2.777768181268304715e-01	1.789527953228916279e-01	2.364208897963829548e-01	1.419221644766929802e-01	6.842531805350871021e-02	2.703643084797273735e-02	6.946558337555762408e-02
1.015931744867609382e+03	2.773572519740358233e-01	1.786790465804708183e-01	2.367211818571733073e-01	1.420942530649624280e-01	6.849621386235796305e-02	2.707964183500687766e-02	6.957241082582990566e-02
1.018350629974437197e+03	2.769388757849421956e-01	1.784060716005990976e-01	2.370206208621170041e-01	1.422658072141850250e-01	6.856690867955733681e-02	2.712277552828002564e-02	6.967894033015646638e-02
1.020769515081264785e+03	2.765216861686525807e-01	1.781338681939149682e-01	2.373192092255463903e-01	1.424368287682328260e-01	6.863740307664170648e-02	2.716583189095465867e-02	6.978517267589412487e-02
1.023188400188092373e+03	2.761056797440480937e-01	1.778624341772521156e-01	2.376169493549585565e-01	1.426073195634435242e-01	6.870769762352457732e-02	2.720881088775074091e-02	6.989110864885968166e-02
1.025607285294920075e+03	2.756908531397596063e-01	1.775917673736217561e-01	2.379138436510347399e-01	1.427772814286581704e-01	6.877779288850383033e-02	2.725171248493309453e-02	6.999674903332608888e-02
1.028026170401747549e+03	2.752772029941382703e-01	1.773218656121952896e-01	2.382098945076597529e-01	1.429467161852586987e-01	6.884768943826746757e-02	2.729453665029883333e-02	7.010209461201893921e-02
1.030445055508575479e+03	2.748647259552270961e-01	1.770527267282867023e-01	2.385051043119410796e-01	1.431156256472052857e-01	6.891738783789919109e-02	2.733728335316492133e-02	7.020714616611295478e-02
1.032863940615402726e+03	2.744534186807318643e-01	1.767843485633354139e-01	2.387994754442281931e-01	1.432840116210734593e-01	6.898688865088391242e-02	2.737995256435576952e-02	7.031190447522865650e-02
1.035282825722230655e+03	2.740432778379927603e-01	1.765167289648886806e-01	2.390930102781315680e-01	1.434518759060910420e-01	6.905619243911324812e-02	2.742254425619094702e-02	7.041637031742903341e-02
1.037701710829058356e+03	2.736343001039557299e-01	1.762498657865845253e-01	2.393857111805419713e-01	1.436192202941748153e-01	6.912529976289084888e-02	2.746505840247297214e-02	7.052054446921647568e-02
1.040120595935886058e+03	2.732264821651439468e-01	1.759837568881343073e-01	2.396775805116493629e-01	1.437860465699671020e-01	6.919421118093772860e-02	2.750749497847515546e-02	7.062442770552970761e-02
1.042539481042713533e+03	2.728198207176296686e-01	1.757184001353057357e-01	2.399686206249619369e-01	1.439523565108719594e-01	6.926292725039752407e-02	2.754985396092956423e-02	7.072802079974088718e-02
1.044958366149541234e+03	2.724143124670057037e-01	1.754537933999055777e-01	2.402588338673251056e-01	1.441181518870914280e-01	6.933144852684161585e-02	2.759213532801504942e-02	7.083132452365274723e-02
1.047377251256368709e+03	2.720099541283575451e-01	1.751899345597626445e-01	2.405482225789402073e-01	1.442834344616613085e-01	6.939977556427427696e-02	2.763433905934535584e-02	7.093433964749591703e-02
1.049796136363196410e+03	2.716067424262350039e-01	1.749268214987106940e-01	2.408367890933834909e-01	1.444482059904868276e-01	6.946790891513772437e-02	2.767646513595729829e-02	7.103706693992623000e-02
1.052215021470024112e+03	2.712046740946242873e-01	1.746644521065715550e-01	2.411245357376248510e-01	1.446124682223782487e-01	6.953584913031703174e-02	2.771851354029903139e-02	7.113950716802229512e-02
1.054633906576851814e+03	2.708037458769200767e-01	1.744028242791380023e-01	2.414114648320465906e-01	1.447762228990860933e-01	6.960359675914516708e-02	2.776048425621839913e-02	7.124166109728299889e-02
1.057052791683679516e+03	2.704039545258978272e-01	1.741419359181569926e-01	2.416975786904619339e-01	1.449394717553362244e-01	6.967115234940779445e-02	2.780237726895135389e-02	7.134352949162520163e-02
1.059471676790506763e+03	2.700052968036857903e-01	1.738817849313128161e-01	2.419828796201338728e-01	1.451022165188647350e-01	6.973851644734811728e-02	2.784419256511045868e-02	7.144511311338148929e-02
1.061890561897334692e+03	2.696077694817378134e-01	1.736223692322101941e-01	2.422673699217934573e-01	1.452644589104526707e-01	6.980568959767168014e-02	2.788593013267345530e-02	7.154641272329800850e-02
1.064309447004162394e+03	2.692113693408053066e-01	1.733636867403575976e-01	2.425510518896585588e-01	1.454262006439604460e-01	6.987267234355103163e-02	2.792758996097192276e-02	7.164742908053241266e-02
1.066728332110990095e+03	2.688160931709099311e-01	1.731057353811505384e-01	2.428339278114521604e-01	1.455874434263622341e-01	6.993946522663048448e-02	2.796917204067999804e-02	7.174816294265190519e-02
1.069147217217817570e+03	2.684219377713162880e-01	1.728485130858549434e-01	2.431159999684208151e-01	1.457481889577799949e-01	7.000606878703065361e-02	2.801067636380318721e-02	7.184861506563135214e-02
1.071566102324645271e+03	2.680288999505046066e-01	1.725920177915904463e-01	2.433972706353530191e-01	1.459084389315173369e-01	7.007248356335313288e-02	2.805210292366723188e-02	7.194878620385140866e-02
1.073984987431472746e+03	2.676369765261435441e-01	1.723362474413139001e-01	2.436777420805974759e-01	1.460681950340933233e-01	7.013871009268496381e-02	2.809345171490705909e-02	7.204867711009690923e-02
1.076403872538300675e+03	2.672461643250628738e-01	1.720811999838028072e-01	2.439574165660813310e-01	1.462274589452759177e-01	7.020474891060321521e-02	2.813472273345581434e-02	7.214828853555516064e-02
1.078822757645127922e+03	2.668564601832268957e-01	1.718268733736388887e-01	2.442362963473284354e-01	1.463862323381152630e-01	7.027060055117943793e-02	2.817591597653395022e-02	7.224762122981431833e-02
1.081241642751955851e+03	2.664678609457069025e-01	1.715732655711916244e-01	2.445143836734774145e-01	1.465445168789768771e-01	7.033626554698400868e-02	2.821703144263839128e-02	7.234667594086199860e-02
1.083660527858783553e+03	2.660803634666546458e-01	1.713203745426018776e-01	2.447916807872998202e-01	1.467023142275745151e-01	7.040174442909065411e-02	2.825806913153178224e-02	7.244545341508383529e-02
1.086079412965611255e+03	2.656939646092756901e-01	1.710681982597656858e-01	2.450681899252180329e-01	1.468596260370030049e-01	7.046703772708073910e-02	2.829902904423179169e-02	7.254395439726216144e-02
1.088498298072438729e+03	2.653086612458023796e-01	1.708167347003177183e-01	2.453439133173235254e-01	1.470164539537707205e-01	7.053214596904755496e-02	2.833991118300049905e-02	7.264217963057470473e-02
1.090917183179266431e+03	2.649244502574673588e-01	1.705659818476153167e-01	2.456188531873944592e-01	1.471727996178319176e-01	7.059706968160071872e-02	2.838071555133384050e-02	7.274012985659344954e-02
1.093336068286093905e+03	2.645413285344772047e-01	1.703159376907220635e-01	2.458930117529139203e-01	1.473286646626189578e-01	7.066180938987030868e-02	2.842144215395113471e-02	7.283780581528348508e-02
1.095754953392921607e+03	2.641592929759856156e-01	1.700666002243917951e-01	2.461663912250874886e-01	1.474840507150742552e-01	7.072636561751122208e-02	2.846209099678467455e-02	7.293520824500199229e-02
1.098173838499749309e+03	2.637783404900674866e-01	1.698179674490523650e-01	2.464389938088610843e-01	1.476389593956821400e-01	7.079073888670728287e-02	2.850266208696939502e-02	7.303233788249721692e-02
1.100592723606577010e+03	2.633984679936923201e-01	1.695700373707898223e-01	2.467108217029388428e-01	1.477933923185004161e-01	7.085492971817546060e-02	2.854315543283257595e-02	7.312919546290762296e-02
1.103011608713404712e+03	2.630196724126979690e-01	1.693228080013320924e-01	2.469818770998005730e-01	1.479473510911917811e-01	7.091893863116999208e-02	2.858357104388366265e-02	7.322578171976097672e-02
1.105430493820231959e+03	2.626419506817648242e-01	1.690762773580332390e-01	2.472521621857195762e-01	1.481008373150551061e-01	7.098276614348654479e-02	2.862390893080412474e-02	7.332209738497363904e-02
1.107849378927059888e+03	2.622652997443896128e-01	1.688304434638574492e-01	2.475216791407801875e-01	1.482538525850564670e-01	7.104641277146622746e-02	2.866416910543737734e-02	7.341814318884977431e-02
1.110268264033887590e+03	2.618897165528593085e-01	1.685853043473631019e-01	2.477904301388952624e-01	1.484063984898600641e-01	7.110987902999975352e-02	2.870435158077879259e-02	7.351391986008079527e-02
1.112687149140715292e+03	2.615151980682254851e-01	1.683408580426871137e-01	2.480584173478236898e-01	1.485584766118588917e-01	7.117316543253142391e-02	2.874445637096574580e-02	7.360942812574469696e-02
1.115106034247542766e+03	2.611417412602783927e-01	1.680971025895290072e-01	2.483256429291878786e-01	1.487100885272052697e-01	7.123627249106317949e-02	2.878448349126775871e-02	7.370466871130554321e-02
1.117524919354370468e+03	2.607693431075213675e-01	1.678540360331351733e-01	2.485921090384909937e-01	1.488612358058412077e-01	7.129920071615861166e-02	2.882443295807668796e-02	7.379964234061299477e-02
1.119943804461197942e+03	2.603980005971449629e-01	1.676116564242832452e-01	2.488578178251344419e-01	1.490119200115285480e-01	7.136195061694688979e-02	2.886430478889698628e-02	7.389434973590194855e-02
1.122362689568025871e+03	2.600277107250016373e-01	1.673699618192664440e-01	2.491227714324351639e-01	1.491621427018789414e-01	7.142452270112674417e-02	2.890409900233602281e-02	7.398879161779214897e-02
1.124781574674853118e+03	2.596584704955801071e-01	1.671289502798778692e-01	2.493869719976427313e-01	1.493119054283836566e-01	7.148691747497043503e-02	2.894381561809446918e-02	7.408296870528785494e-02
1.127200459781681047e+03	2.592902769219800341e-01	1.668886198733950388e-01	2.496504216519566943e-01	1.494612097364433345e-01	7.154913544332762443e-02	2.898345465695676207e-02	7.417688171577764555e-02
1.129619344888508749e+03	2.589231270258867679e-01	1.666489686725642905e-01	2.499131225205435958e-01	1.496100571653973255e-01	7.161117710962927596e-02	2.902301614078160730e-02	7.427053136503428132e-02
1.132038229995336451e+03	2.585570178375460326e-01	1.664099947555854053e-01	2.501750767225541239e-01	1.497584492485529717e-01	7.167304297589159601e-02	2.906250009249256028e-02	7.436391836721445436e-02
1.134457115102163925e+03	2.581919463957387251e-01	1.661716962060961200e-01	2.504362863711402376e-01	1.499063875132148338e-01	7.173473354271980851e-02	2.910190653606865505e-02	7.445704343485881616e-02
1.136876000208991627e+03	2.578279097477559345e-01	1.659340711131566948e-01	2.506967535734719310e-01	1.500538734807136121e-01	7.179624930931202687e-02	2.914123549653512696e-02	7.454990727889192204e-02
1.139294885315819101e+03	2.574649049493738517e-01	1.656971175712345645e-01	2.509564804307544694e-01	1.502009086664349014e-01	7.185759077346311197e-02	2.918048699995416662e-02	7.464251060862224507e-02
1.141713770422646803e+03	2.571029290648287891e-01	1.654608336801892121e-01	2.512154690382449318e-01	1.503474945798478069e-01	7.191875843156844694e-02	2.921966107341573277e-02	7.473485413174228709e-02
1.144132655529474505e+03	2.567419791667926443e-01	1.652252175452567085e-01	2.514737214852695302e-01	1.504936327245334493e-01	7.197975277862773968e-02	2.925875774502845195e-02	7.482693855432866192e-02
1.146551540636302207e+03	2.563820523363477544e-01	1.649902672770345580e-01	2.517312398552399855e-01	1.506393245982131923e-01	7.204057430824883923e-02	2.929777704391055629e-02	7.491876458084230361e-02
1.148970425743129908e+03	2.560231456629623592e-01	1.647559809914665163e-01	2.519880262256705139e-01	1.507845716927767310e-01	7.210122351265141338e-02	2.933671900018089765e-02	7.501033291412873005e-02
1.151389310849957155e+03	2.556652562444660659e-01	1.645223568098275746e-01	2.522440826681944248e-01	1.509293754943101529e-01	7.216170088267073734e-02	2.937558364495000338e-02	7.510164425541820954e-02
1.153808195956785084e+03	2.553083811870250353e-01	1.642893928587087216e-01	2.524994112485809405e-01	1.510737374831236379e-01	7.222200690776148235e-02	2.941437101031120493e-02	7.519269930432621873e-02
1.156227081063612786e+03	2.549525176051178343e-01	1.640570872700019001e-01	2.527540140267515723e-01	1.512176591337791309e-01	7.228214207600132390e-02	2.945308112933181857e-02	7.528349875885369247e-02
1.158645966170440488e+03	2.545976626215107896e-01	1.638254381808851579e-01	2.530078930567968287e-01	1.513611419151177639e-01	7.234210687409477203e-02	2.949171403604439884e-02	7.537404331538749558e-02
1.161064851277267962e+03	2.542438133672339506e-01	1.635944437338076041e-01	2.532610503869927587e-01	1.515041872902872511e-01	7.240190178737672400e-02	2.953026976543801987e-02	7.546433366870088089e-02
1.163483736384095664e+03	2.538909669815566095e-01	1.633641020764743934e-01	2.535134880598173823e-01	1.516467967167689501e-01	7.246152729981625296e-02	2.956874835344965730e-02	7.555437051195397491e-02
1.165902621490923138e+03	2.535391206119630425e-01	1.631344113618320157e-01	2.537652081119670666e-01	1.517889716464048966e-01	7.252098389402025780e-02	2.960714983695557703e-02	7.564415453669433298e-02
1.168321506597751068e+03	2.531882714141288071e-01	1.629053697480534191e-01	2.540162125743730126e-01	1.519307135254245877e-01	7.258027205123701586e-02	2.964547425376283171e-02	7.573368643285752211e-02
1.170740391704578315e+03	2.528384165518963722e-01	1.626769753985230771e-01	2.542665034722175199e-01	1.520720237944717668e-01	7.263939225135997158e-02	2.968372164260078133e-02	7.582296688876773161e-02
1.173159276811406244e+03	2.524895531972513041e-01	1.624492264818224729e-01	2.545160828249501961e-01	1.522129038886308183e-01	7.269834497293126141e-02	2.972189204311266597e-02	7.591199659113848086e-02
1.175578161918233945e+03	2.521416785302984520e-01	1.622221211717152778e-01	2.547649526463043324e-01	1.523533552374531919e-01	7.275713069314533599e-02	2.975998549584727912e-02	7.600077622507332709e-02
1.177997047025061647e+03	2.517947897392379675e-01	1.619956576471325849e-01	2.550131149443131684e-01	1.524933792649836584e-01	7.281574988785262381e-02	2.979800204225063753e-02	7.608930647406658698e-02
1.180415932131889122e+03	2.514488840203417674e-01	1.617698340921584488e-01	2.552605717213257130e-01	1.526329773897862896e-01	7.287420303156307011e-02	2.983594172465774130e-02	7.617758802000415552e-02
1.182834817238716823e+03	2.511039585779298311e-01	1.615446486960152861e-01	2.555073249740231200e-01	1.527721510249704651e-01	7.293249059744973117e-02	2.987380458628439289e-02	7.626562154316431086e-02
1.185253702345544298e+03	2.507600106243466076e-01	1.613200996530492204e-01	2.557533766934347308e-01	1.529109015782165182e-01	7.299061305735236871e-02	2.991159067121904394e-02	7.635340772221860250e-02
1.187672587452371999e+03	2.504170373799374238e-01	1.610961851627156771e-01	2.559987288649540615e-01	1.530492304518014657e-01	7.304857088178097480e-02	2.994930002441472533e-02	7.644094723423276727e-02
1.190091472559199701e+03	2.500750360730252253e-01	1.608729034295648674e-01	2.562433834683545686e-01	1.531871390426244317e-01	7.310636453991933847e-02	2.998693269168101541e-02	7.652824075466765907e-02
1.192510357666027403e+03	2.497340039398870670e-01	1.606502526632274663e-01	2.564873424778058020e-01	1.533246287422318777e-01	7.316399449962859847e-02	3.002448871967606028e-02	7.661528895738022038e-02
1.194929242772855105e+03	2.493939382247308822e-01	1.604282310784002075e-01	2.567306078618892262e-01	1.534617009368428597e-01	7.322146122745074037e-02	3.006196815589865998e-02	7.670209251462449529e-02
1.197348127879682352e+03	2.490548361796721955e-01	1.602068368948313670e-01	2.569731815836140965e-01	1.535983570073740923e-01	7.327876518861216326e-02	3.009937104868039628e-02	7.678865209705271200e-02
1.199767012986510281e+03	2.487166950647111408e-01	1.599860683373067749e-01	2.572150656004331681e-01	1.537345983294647056e-01	7.333590684702713525e-02	3.013669744717781263e-02	7.687496837371630976e-02
1.202185898093337983e+03	2.483795121477092027e-01	1.597659236356352985e-01	2.574562618642583511e-01	1.538704262735010875e-01	7.339288666530131844e-02	3.017394740136466330e-02	7.696104201206714623e-02
1.204604783200165684e+03	2.480432847043662903e-01	1.595464010246347430e-01	2.576967723214765305e-01	1.540058422046414466e-01	7.344970510473529390e-02	3.021112096202418704e-02	7.704687367795859387e-02
1.207023668306993159e+03	2.477080100181978384e-01	1.593274987441177515e-01	2.579365989129652204e-01	1.541408474828402098e-01	7.350636262532797560e-02	3.024821818074145685e-02	7.713246403564670561e-02
1.209442553413820860e+03	2.473736853805118263e-01	1.591092150388774273e-01	2.581757435741081630e-01	1.542754434628723914e-01	7.356285968578013534e-02	3.028523910989577156e-02	7.721781374779146390e-02
1.211861438520648335e+03	2.470403080903860737e-01	1.588915481586735678e-01	2.584142082348108160e-01	1.544096314943577686e-01	7.361919674349781673e-02	3.032218380265309585e-02	7.730292347545805742e-02
1.214280323627476264e+03	2.467078754546455088e-01	1.586744963582183421e-01	2.586519948195159513e-01	1.545434129217848618e-01	7.367537425459583234e-02	3.035905231295856627e-02	7.738779387811815791e-02
1.216699208734303511e+03	2.463763847878394919e-01	1.584580578971624132e-01	2.588891052472190868e-01	1.546767890845348881e-01	7.373139267390123319e-02	3.039584469552900764e-02	7.747242561365116909e-02
1.219118093841131440e+03	2.460458334122191948e-01	1.582422310400808385e-01	2.591255414314839189e-01	1.548097613169054920e-01	7.378725245495665330e-02	3.043256100584556395e-02	7.755681933834566999e-02
1.221536978947959142e+03	2.457162186577151186e-01	1.580270140564593306e-01	2.593613052804577546e-01	1.549423309481343380e-01	7.384295405002380686e-02	3.046920130014631883e-02	7.764097570690070560e-02
1.223955864054786844e+03	2.453875378619146397e-01	1.578124052206801575e-01	2.595963986968867210e-01	1.550744993024226193e-01	7.389849791008691604e-02	3.050576563541899933e-02	7.772489537242724400e-02
1.226374749161614318e+03	2.450597883700396662e-01	1.575984028120084590e-01	2.598308235781313091e-01	1.552062676989584555e-01	7.395388448485605559e-02	3.054225406939371085e-02	7.780857898644959192e-02
1.228793634268442020e+03	2.447329675349242117e-01	1.573850051145783135e-01	2.600645818161814171e-01	1.553376374519400138e-01	7.400911422277063612e-02	3.057866666053574503e-02	7.789202719890690740e-02
1.231212519375269494e+03	2.444070727169923019e-01	1.571722104173790269e-01	2.602976752976716157e-01	1.554686098705986841e-01	7.406418757100269312e-02	3.061500346803840492e-02	7.797524065815458760e-02
1.233631404482097196e+03	2.440821012842357141e-01	1.569600170142413098e-01	2.605301059038962475e-01	1.555991862592218944e-01	7.411910497546039811e-02	3.065126455181591339e-02	7.805822001096587859e-02
1.236050289588924898e+03	2.437580506121917734e-01	1.567484232038236225e-01	2.607618755108246922e-01	1.557293679171761480e-01	7.417386688079134760e-02	3.068744997249633552e-02	7.814096590253342967e-02
1.238469174695752372e+03	2.434349180839214810e-01	1.565374272895985741e-01	2.609929859891164661e-01	1.558591561389295610e-01	7.422847373038594931e-02	3.072355979141456334e-02	7.822347897647077830e-02
1.240888059802580301e+03	2.431127010899874485e-01	1.563270275798392117e-01	2.612234392041360986e-01	1.559885522140743719e-01	7.428292596638082224e-02	3.075959407060536652e-02	7.830575987481405709e-02
1.243306944909407548e+03	2.427913970284319989e-01	1.561172223876055309e-01	2.614532370159681762e-01	1.561175574273495625e-01	7.433722402966208564e-02	3.079555287279646045e-02	7.838780923802356193e-02
1.245725830016235477e+03	2.424710033047553503e-01	1.559080100307307926e-01	2.616823812794324966e-01	1.562461730586630071e-01	7.439136835986875917e-02	3.083143626140163324e-02	7.846962770498540352e-02
1.248144715123063179e+03	2.421515173318937453e-01	1.556993888318081165e-01	2.619108738440986683e-01	1.563744003831137042e-01	7.444535939539609348e-02	3.086724430051392479e-02	7.855121591301324202e-02
1.250563600229890881e+03	2.418329365301979117e-01	1.554913571181769372e-01	2.621387165543011544e-01	1.565022406710138148e-01	7.449919757339885928e-02	3.090297705489884750e-02	7.863257449784991082e-02
1.252982485336718355e+03	2.415152583274112752e-01	1.552839132219097362e-01	2.623659112491542045e-01	1.566296951879106447e-01	7.455288332979471966e-02	3.093863458998764859e-02	7.871370409366920673e-02
1.255401370443546057e+03	2.411984801586484206e-01	1.550770554797984979e-01	2.625924597625663437e-01	1.567567651946083496e-01	7.460641709926750520e-02	3.097421697187063491e-02	7.879460533307766634e-02
1.257820255550373531e+03	2.408825994663735814e-01	1.548707822333413864e-01	2.628183639232554158e-01	1.568834519471897226e-01	7.465979931527057245e-02	3.100972426729051504e-02	7.887527884711623138e-02
1.260239140657201460e+03	2.405676137003792125e-01	1.546650918287293952e-01	2.630436255547631830e-01	1.570097566970377057e-01	7.471303041003003742e-02	3.104515654363581081e-02	7.895572526526216384e-02
1.262658025764028707e+03	2.402535203177646184e-01	1.544599826168331358e-01	2.632682464754697582e-01	1.571356806908567050e-01	7.476611081454810626e-02	3.108051386893432091e-02	7.903594521543082230e-02
1.265076910870856636e+03	2.399403167829145811e-01	1.542554529531895979e-01	2.634922284986086494e-01	1.572612251706941577e-01	7.481904095860637816e-02	3.111579631184659134e-02	7.911593932397752160e-02
1.267495795977684338e+03	2.396280005674781555e-01	1.540515011979888549e-01	2.637155734322810252e-01	1.573863913739615150e-01	7.487182127076907889e-02	3.115100394165946224e-02	7.919570821569939245e-02
1.269914681084511813e+03	2.393165691503474357e-01	1.538481257160610183e-01	2.639382830794704260e-01	1.575111805334553916e-01	7.492445217838636373e-02	3.118613682827964598e-02	7.927525251383728266e-02
1.272333566191339514e+03	2.390060200176365168e-01	1.536453248768629709e-01	2.641603592380569743e-01	1.576355938773785215e-01	7.497693410759755095e-02	3.122119504222737457e-02	7.935457284007765844e-02
1.274752451298167216e+03	2.386963506626603171e-01	1.534430970544654327e-01	2.643818037008323074e-01	1.577596326293606299e-01	7.502926748333441087e-02	3.125617865463004713e-02	7.943366981455454723e-02
1.277171336404994690e+03	2.383875585859136503e-01	1.532414406275397212e-01	2.646026182555135109e-01	1.578832980084790283e-01	7.508145272932439940e-02	3.129108773721594322e-02	7.951254405585148066e-02
1.279590221511822392e+03	2.380796412950503538e-01	1.530403539793449008e-01	2.648228046847577177e-01	1.580065912292794028e-01	7.513349026809389153e-02	3.132592236230798827e-02	7.959119618100350679e-02
1.282009106618650094e+03	2.377725963048623048e-01	1.528398354977147378e-01	2.650423647661764304e-01	1.581295135017961317e-01	7.518538052097141489e-02	3.136068260281756753e-02	7.966962680549916076e-02
1.284427991725477568e+03	2.374664211372586875e-01	1.526398835750447380e-01	2.652613002723498425e-01	1.582520660315728245e-01	7.523712390809091100e-02	3.139536853223834356e-02	7.974783654328247706e-02
1.286846876832305497e+03	2.371611133212452038e-01	1.524404966082792134e-01	2.654796129708409391e-01	1.583742500196824166e-01	7.528872084839488554e-02	3.142998022464014302e-02	7.982582600675502960e-02
1.289265761939132744e+03	2.368566703929034511e-01	1.522416729988985140e-01	2.656973046242099290e-01	1.584960666627474035e-01	7.534017175963768354e-02	3.146451775466289902e-02	7.990359580677798557e-02
1.291684647045960673e+03	2.365530898953702443e-01	1.520434111529060384e-01	2.659143769900282339e-01	1.586175171529598804e-01	7.539147705838868119e-02	3.149898119751060044e-02	7.998114655267420103e-02
1.294103532152788375e+03	2.362503693788171044e-01	1.518457094808156049e-01	2.661308318208926438e-01	1.587386026781014148e-01	7.544263716003546394e-02	3.153337062894533832e-02	8.005847885223030258e-02
1.296522417259616077e+03	2.359485064004297472e-01	1.516485663976384901e-01	2.663466708644395831e-01	1.588593244215629474e-01	7.549365247878701835e-02	3.156768612528131068e-02	8.013559331169878286e-02
1.298941302366443551e+03	2.356474985243877107e-01	1.514519803228709660e-01	2.665618958633588220e-01	1.589796835623644156e-01	7.554452342767695172e-02	3.160192776337894527e-02	8.021249053580012389e-02
1.301360187473271253e+03	2.353473433218438160e-01	1.512559496804813663e-01	2.667765085554077431e-01	1.590996812751743761e-01	7.559525041856664240e-02	3.163609562063902231e-02	8.028917112772500364e-02
1.303779072580098727e+03	2.350480383709040999e-01	1.510604728988975132e-01	2.669905106734253297e-01	1.592193187303294066e-01	7.564583386214840388e-02	3.167018977499685278e-02	8.036563568913640543e-02
1.306197957686926657e+03	2.347495812566073869e-01	1.508655484109941713e-01	2.672039039453458775e-01	1.593385970938536456e-01	7.569627416794866281e-02	3.170421030491650527e-02	8.044188482017181063e-02
1.308616842793753904e+03	2.344519695709051943e-01	1.506711746540803365e-01	2.674166900942131497e-01	1.594575175274779155e-01	7.574657174433109541e-02	3.173815728938503278e-02	8.051791911944537750e-02
1.311035727900581833e+03	2.341552009126415257e-01	1.504773500698867450e-01	2.676288708381940329e-01	1.595760811886589858e-01	7.579672699849981932e-02	3.177203080790678286e-02	8.059373918405023096e-02
1.313454613007409534e+03	2.338592728875329152e-01	1.502840731045534672e-01	2.678404478905923591e-01	1.596942892305984740e-01	7.584674033650248837e-02	3.180583094049774934e-02	8.066934560956065536e-02
1.315873498114237009e+03	2.335641831081483877e-01	1.500913422086172511e-01	2.680514229598628950e-01	1.598121428022619417e-01	7.589661216323344284e-02	3.183955776767993101e-02	8.074473899003427324e-02
1.318292383221064711e+03	2.332699291938894748e-01	1.498991558369991428e-01	2.682617977496247752e-01	1.599296430483977682e-01	7.594634288243684583e-02	3.187321137047571806e-02	8.081991991801443231e-02
1.320711268327892412e+03	2.329765087709703975e-01	1.497075124489922193e-01	2.684715739586753802e-01	1.600467911095556917e-01	7.599593289670983354e-02	3.190679183040239647e-02	8.089488898453238430e-02
1.323130153434719887e+03	2.326839194723981097e-01	1.495164105082489314e-01	2.686807532810038257e-01	1.601635881221056545e-01	7.604538260750556833e-02	3.194029922946658301e-02	8.096964677910961639e-02
1.325549038541547588e+03	2.323921589379527586e-01	1.493258484827690302e-01	2.688893374058048957e-01	1.602800352182562060e-01	7.609469241513638904e-02	3.197373365015881985e-02	8.104419388976016880e-02
1.327967923648375290e+03	2.321012248141678114e-01	1.491358248448872159e-01	2.690973280174922544e-01	1.603961335260730148e-01	7.614386271877689183e-02	3.200709517544809285e-02	8.111853090299298019e-02
1.330386808755202765e+03	2.318111147543104045e-01	1.489463380712607310e-01	2.693047267957123792e-01	1.605118841694971599e-01	7.619289391646703880e-02	3.204038388877643306e-02	8.119265840381416355e-02
1.332805693862030694e+03	2.315218264183618868e-01	1.487573866428572311e-01	2.695115354153576614e-01	1.606272882683633108e-01	7.624178640511522498e-02	3.207359987405360158e-02	8.126657697572939321e-02
1.335224578968857941e+03	2.312333574729982244e-01	1.485689690449426281e-01	2.697177555465800625e-01	1.607423469384179626e-01	7.629054058050142861e-02	3.210674321565173267e-02	8.134028720074631957e-02
1.337643464075685870e+03	2.309457055915705159e-01	1.483810837670688498e-01	2.699233888548045468e-01	1.608570612913373943e-01	7.633915683728016710e-02	3.213981399840006720e-02	8.141378965937684509e-02
1.340062349182513572e+03	2.306588684540855916e-01	1.481937293030616831e-01	2.701284370007424607e-01	1.609714324347456815e-01	7.638763556898364726e-02	3.217281230757970678e-02	8.148708493063959446e-02
1.342481234289341273e+03	2.303728437471866952e-01	1.480069041510088390e-01	2.703329016404047991e-01	1.610854614722324329e-01	7.643597716802483233e-02	3.220573822891841659e-02	8.156017359206230166e-02
1.344900119396168748e+03	2.300876291641341664e-01	1.478206068132477680e-01	2.705367844251156395e-01	1.611991495033705812e-01	7.648418202570045343e-02	3.223859184858543503e-02	8.163305621968423853e-02
1.347319004502996449e+03	2.298032224047862337e-01	1.476348357963535585e-01	2.707400870015254646e-01	1.613124976237339803e-01	7.653225053219407659e-02	3.227137325318634592e-02	8.170573338805862951e-02
1.349737889609823924e+03	2.295196211755798077e-01	1.474495896111271964e-01	2.709428110116240962e-01	1.614255069249150021e-01	7.658018307657912804e-02	3.230408252975798533e-02	8.177820567025509413e-02
1.352156774716651853e+03	2.292368231895113850e-01	1.472648667725833249e-01	2.711449580927541847e-01	1.615381784945419674e-01	7.662798004682194741e-02	3.233671976576336926e-02	8.185047363786213115e-02
1.354575659823479100e+03	2.289548261661179807e-01	1.470806657999385314e-01	2.713465298776243095e-01	1.616505134162964652e-01	7.667564182978479914e-02	3.236928504908669069e-02	8.192253786098956103e-02
1.356994544930307029e+03	2.286736278314581983e-01	1.468969852165993017e-01	2.715475279943219133e-01	1.617625127699307275e-01	7.672316881122891175e-02	3.240177846802830275e-02	8.199439890827101007e-02
1.359413430037134731e+03	2.283932259180930513e-01	1.467138235501503074e-01	2.717479540663266802e-01	1.618741776312846159e-01	7.677056137581747541e-02	3.243420011129975744e-02	8.206605734686642228e-02
1.361832315143962205e+03	2.281136181650674222e-01	1.465311793323424983e-01	2.719478097125235250e-01	1.619855090723028301e-01	7.681781990711865349e-02	3.246655006801892063e-02	8.213751374246451575e-02
1.364251200250789907e+03	2.278348023178909387e-01	1.463490510990812787e-01	2.721470965472153059e-01	1.620965081610518388e-01	7.686494478760855231e-02	3.249882842770505237e-02	8.220876865928537780e-02
1.366670085357617609e+03	2.275567761285193225e-01	1.461674373904148505e-01	2.723458161801362021e-01	1.622071759617368103e-01	7.691193639867427434e-02	3.253103528027397051e-02	8.227982266008290746e-02
1.369088970464445310e+03	2.272795373553357090e-01	1.459863367505224441e-01	2.725439702164643152e-01	1.623175135347183495e-01	7.695879512061687411e-02	3.256317071603322816e-02	8.235067630614739675e-02
1.371507855571272785e+03	2.270030837631318854e-01	1.458057477277026059e-01	2.727415602568348807e-01	1.624275219365292344e-01	7.700552133265430033e-02	3.259523482567733971e-02	8.242133015730804257e-02
1.373926740678100487e+03	2.267274131230898049e-01	1.456256688743615413e-01	2.729385878973528690e-01	1.625372022198910693e-01	7.705211541292443511e-02	3.262722770028302771e-02	8.249178477193555570e-02
1.376345625784927961e+03	2.264525232127628240e-01	1.454460987470015676e-01	2.731350547296059750e-01	1.626465554337307162e-01	7.709857773848799445e-02	3.265914943130449749e-02	8.256204070694468655e-02
1.378764510891755890e+03	2.261784118160574952e-01	1.452670359062094296e-01	2.733309623406773858e-01	1.627555826231968095e-01	7.714490868533159518e-02	3.269100011056878807e-02	8.263209851779680648e-02
1.381183395998583137e+03	2.259050767232149148e-01	1.450884789166447808e-01	2.735263123131583818e-01	1.628642848296761314e-01	7.719110862837054443e-02	3.272277983027108844e-02	8.270195875850248901e-02
1.383602281105411066e+03	2.256325157307924045e-01	1.449104263470286647e-01	2.737211062251613258e-01	1.629726630908097385e-01	7.723717794145190663e-02	3.275448868297015093e-02	8.277162198162413276e-02
1.386021166212238768e+03	2.253607266416452204e-01	1.447328767701319963e-01	2.739153456503321538e-01	1.630807184405093646e-01	7.728311699735743168e-02	3.278612676158368378e-02	8.284108873827851494e-02
1.388440051319066470e+03	2.250897072649082342e-01	1.445558287627641270e-01	2.741090321578630307e-01	1.631884519089732699e-01	7.732892616780642769e-02	3.281769415938383394e-02	8.291035957813946977e-02
1.390858936425893944e+03	2.248194554159776148e-01	1.443792809057614646e-01	2.743021673125050630e-01	1.632958645227024219e-01	7.737460582345875859e-02	3.284919096999263516e-02	8.297943504944044202e-02
1.393277821532721646e+03	2.245499689164929258e-01	1.442032317839759548e-01	2.744947526745807331e-01	1.634029573045162331e-01	7.742015633391773066e-02	3.288061728737756706e-02	8.304831569897717924e-02
1.395696706639549120e+03	2.242812455943188066e-01	1.440276799862638124e-01	2.746867897999966668e-01	1.635097312735686315e-01	7.746557806773296528e-02	3.291197320584707264e-02	8.311700207211032698e-02
1.398115591746377049e+03	2.240132832835269594e-01	1.438526241054741972e-01	2.748782802402560121e-01	1.636161874453635756e-01	7.751087139240339652e-02	3.294325882004613820e-02	8.318549471276809326e-02
1.400534476853204296e+03	2.237460798243781634e-01	1.436780627384377784e-01	2.750692255424705968e-01	1.637223268317709035e-01	7.755603667438007442e-02	3.297447422495194264e-02	8.325379416344889927e-02
1.402953361960032225e+03	2.234796330633043449e-01	1.435039944859556604e-01	2.752596272493739171e-01	1.638281504410417921e-01	7.760107427906912103e-02	3.300561951586945125e-02	8.332190096522407163e-02
1.405372247066859927e+03	2.232139408528906188e-01	1.433304179527880862e-01	2.754494868993331846e-01	1.639336592778242729e-01	7.764598457083460303e-02	3.303669478842712059e-02	8.338981565774042370e-02
1.407791132173687402e+03	2.229490010518575538e-01	1.431573317476431684e-01	2.756388060263618711e-01	1.640388543431786916e-01	7.769076791300136287e-02	3.306770013857261020e-02	8.345753877922303110e-02
1.410210017280515103e+03	2.226848115250432969e-01	1.429847344831657596e-01	2.758275861601319212e-01	1.641437366345930016e-01	7.773542466785797467e-02	3.309863566256851519e-02	8.352507086647786849e-02
1.412628902387342805e+03	2.224213701433858104e-01	1.428126247759263223e-01	2.760158288259859094e-01	1.642483071459980848e-01	7.777995519665954760e-02	3.312950145698813353e-02	8.359241245489452965e-02
1.415047787494170507e+03	2.221586747839053022e-01	1.426410012464097432e-01	2.762035355449496965e-01	1.643525668677828233e-01	7.782435985963059855e-02	3.316029761871125414e-02	8.365956407844889198e-02
1.417466672600997981e+03	2.218967233296865738e-01	1.424698625190044254e-01	2.763907078337442536e-01	1.644565167868092537e-01	7.786863901596792481e-02	3.319102424492001435e-02	8.372652626970583656e-02
1.419885557707825683e+03	2.216355136698613393e-01	1.422992072219910753e-01	2.765773472047980963e-01	1.645601578864275827e-01	7.791279302384342131e-02	3.322168143309473659e-02	8.379329955982198208e-02
1.422304442814653157e+03	2.213750436995908510e-01	1.421290339875317943e-01	2.767634551662593312e-01	1.646634911464910922e-01	7.795682224040695329e-02	3.325226928100982748e-02	8.385988447854839101e-02
1.424723327921481086e+03	2.211153113200483022e-01	1.419593414516590046e-01	2.769490332220078121e-01	1.647665175433709883e-01	7.800072702178914574e-02	3.328278788672969779e-02	8.392628155423324798e-02
1.427142213028308333e+03	2.208563144384014520e-01	1.417901282542645691e-01	2.771340828716672422e-01	1.648692380499712229e-01	7.804450772310424222e-02	3.331323734860471703e-02	8.399249131382467703e-02
1.429561098135136262e+03	2.205980509677953338e-01	1.416213930390889109e-01	2.773186056106171637e-01	1.649716536357431762e-01	7.808816469845290820e-02	3.334361776526718890e-02	8.405851428287340610e-02
1.431979983241963964e+03	2.203405188273348247e-01	1.414531344537099944e-01	2.775026029300050046e-01	1.650737652667002286e-01	7.813169830092504820e-02	3.337392923562736841e-02	8.412435098553557034e-02
1.434398868348791666e+03	2.200837159420674649e-01	1.412853511495325287e-01	2.776860763167581236e-01	1.651755739054324157e-01	7.817510888260262303e-02	3.340417185886949275e-02	8.419000194457539055e-02
1.436817753455619140e+03	2.198276402429661935e-01	1.411180417817771704e-01	2.778690272535957462e-01	1.652770805111207497e-01	7.821839679456242533e-02	3.343434573444785396e-02	8.425546768136799036e-02
1.439236638562446842e+03	2.195722896669121960e-01	1.409512050094696989e-01	2.780514572190407319e-01	1.653782860395516807e-01	7.826156238687888289e-02	3.346445096208287839e-02	8.432074871590210241e-02
1.441655523669274316e+03	2.193176621566778617e-01	1.407848394954302196e-01	2.782333676874315653e-01	1.654791914431314737e-01	7.830460600862686193e-02	3.349448764175728260e-02	8.438584556678289939e-02
1.444074408776102018e+03	2.190637556609096592e-01	1.406189439062625057e-01	2.784147601289342355e-01	1.655797976709003638e-01	7.834752800788442884e-02	3.352445587371220143e-02	8.445075875123470022e-02
1.446493293882929493e+03	2.188105681341110942e-01	1.404535169123432570e-01	2.785956360095541706e-01	1.656801056685468232e-01	7.839032873173562566e-02	3.355435575844338547e-02	8.451548878510378726e-02
1.448912178989757422e+03	2.185580975366258616e-01	1.402885571878113025e-01	2.787759967911476733e-01	1.657801163784215215e-01	7.843300852627323183e-02	3.358418739669741249e-02	8.458003618286116798e-02
1.451331064096585123e+03	2.183063418346209150e-01	1.401240634105571647e-01	2.789558439314338556e-01	1.658798307395514537e-01	7.847556773660152585e-02	3.361395088946790566e-02	8.464440145760532275e-02
1.453749949203412370e+03	2.180552990000695079e-01	1.399600342622123184e-01	2.791351788840065185e-01	1.659792496876538737e-01	7.851800670683906080e-02	3.364364633799180743e-02	8.470858512106507754e-02
1.456168834310240300e+03	2.178049670107345404e-01	1.397964684281386150e-01	2.793140030983455868e-01	1.660783741551500881e-01	7.856032578012134282e-02	3.367327384374568799e-02	8.477258768360232399e-02
1.458587719417068001e+03	2.175553438501516557e-01	1.396333645974177362e-01	2.794923180198288226e-01	1.661772050711793902e-01	7.860252529860367599e-02	3.370283350844205383e-02	8.483640965421485047e-02
1.461006604523895703e+03	2.173064275076126151e-01	1.394707214628407299e-01	2.796701250897435376e-01	1.662757433616127156e-01	7.864460560346381301e-02	3.373232543402570477e-02	8.490005154053914538e-02
1.463425489630723177e+03	2.170582159781486997e-01	1.393085377208973519e-01	2.798474257452979730e-01	1.663739899490662977e-01	7.868656703490470306e-02	3.376174972267009106e-02	8.496351384885314495e-02
1.465844374737550879e+03	2.168107072625139742e-01	1.391468120717657686e-01	2.800242214196331236e-01	1.664719457529152957e-01	7.872840993215722560e-02	3.379110647677373291e-02	8.502679708407913373e-02
1.468263259844378354e+03	2.165638993671688273e-01	1.389855432193020657e-01	2.802005135418340620e-01	1.665696116893072842e-01	7.877013463348289668e-02	3.382039579895664699e-02	8.508990174978649235e-02
1.470682144951206283e+03	2.163177903042635131e-01	1.388247298710297561e-01	2.803763035369413736e-01	1.666669886711757143e-01	7.881174147617654724e-02	3.384961779205679366e-02	8.515282834819452862e-02
1.473101030058033530e+03	2.160723780916214976e-01	1.386643707381295665e-01	2.805515928259629255e-01	1.667640776082533194e-01	7.885323079656908485e-02	3.387877255912656593e-02	8.521557738017530859e-02
1.475519915164861459e+03	2.158276607527231938e-01	1.385044645354290005e-01	2.807263828258848570e-01	1.668608794070853829e-01	7.889460293003011659e-02	3.390786020342930612e-02	8.527814934525647372e-02
1.477938800271689161e+03	2.155836363166895864e-01	1.383450099813919310e-01	2.809006749496832378e-01	1.669573949710430605e-01	7.893585821097069688e-02	3.393688082843581560e-02	8.534054474162404424e-02
1.480357685378516862e+03	2.153403028182659662e-01	1.381860057981084688e-01	2.810744706063352805e-01	1.670536252003364530e-01	7.897699697284600584e-02	3.396583453782094780e-02	8.540276406612527793e-02
1.482776570485344337e+03	2.150976582978055551e-01	1.380274507112845828e-01	2.812477712008309427e-01	1.671495709920277906e-01	7.901801954815794449e-02	3.399472143546015956e-02	8.546480781427147344e-02
