1.001418434226643626e+03	2.798909508468165330e-01	1.803388539834579474e-01	2.349044892792684081e-01	1.410491120945523980e-01	6.807043922661683288e-02	2.681717544393069294e-02	6.892897912519178882e-02
1.002869765290740247e+03	2.796354761163214464e-01	1.801721708654790977e-01	2.350873461675960230e-01	1.411540337341924134e-01	6.811361052256507953e-02	2.684334388487259054e-02	6.899401870880798870e-02
1.004321096354836754e+03	2.793804363946689739e-01	1.800057705770636562e-01	2.352698912435852718e-01	1.412587593981585454e-01	6.815670831166770194e-02	2.686948461311862782e-02	6.905894946157185854e-02
1.005772427418933376e+03	2.791258309375381774e-01	1.798396526378082394e-01	2.354521250370060492e-01	1.413632894940860807e-01	6.819973271950752203e-02	2.689559761851058675e-02	6.912377155537803575e-02
1.007223758483029997e+03	2.788716590018972541e-01	1.796738165681253940e-01	2.356340480767278867e-01	1.414676244286026396e-01	6.824268387145210335e-02	2.692168289110333929e-02	6.918848516192604992e-02
1.008675089547126618e+03	2.786179198460017603e-01	1.795082618892424042e-01	2.358156608907213958e-01	1.415717646073311742e-01	6.828556189265420906e-02	2.694774042116383425e-02	6.925309045271989261e-02
1.010126420611223239e+03	2.783646127293916694e-01	1.793429881231998202e-01	2.359969640060599061e-01	1.416757104348931040e-01	6.832836690805231539e-02	2.697377019917004265e-02	6.931758759906772593e-02
1.011577751675319632e+03	2.781117369128897621e-01	1.791779947928499872e-01	2.361779579489210190e-01	1.417794623149112310e-01	6.837109904237115288e-02	2.699977221580994804e-02	6.938197677208145231e-02
1.013029082739416367e+03	2.778592916585986838e-01	1.790132814218558799e-01	2.363586432445880514e-01	1.418830206500129032e-01	6.841375842012205333e-02	2.702574646198054042e-02	6.944625814267643693e-02
1.014480413803512761e+03	2.776072762298991137e-01	1.788488475346895479e-01	2.365390204174515065e-01	1.419863858418328739e-01	6.845634516560356042e-02	2.705169292878678577e-02	6.951043188157116082e-02
1.015931744867609382e+03	2.773556898914473212e-01	1.786846926566308114e-01	2.367190899910107671e-01	1.420895582910164379e-01	6.849885940290187381e-02	2.707761160754061647e-02	6.957449815928683223e-02
1.017383075931706003e+03	2.771045319091727244e-01	1.785208163137658177e-01	2.368988524878754276e-01	1.421925383972223456e-01	6.854130125589125155e-02	2.710350248975993206e-02	6.963845714614710913e-02
1.018834406995802851e+03	2.768538015502761684e-01	1.783572180329857926e-01	2.370783084297669874e-01	1.422953265591257732e-01	6.858367084823453752e-02	2.712936556716760012e-02	6.970230901227780773e-02
1.020285738059899245e+03	2.766034980832269841e-01	1.781938973419856242e-01	2.372574583375201829e-01	1.423979231744213758e-01	6.862596830338360543e-02	2.715520083169044654e-02	6.976605392760652780e-02
1.021737069123995752e+03	2.763536207777610443e-01	1.780308537692623927e-01	2.374363027310846253e-01	1.425003286398262015e-01	6.866819374457981684e-02	2.718100827545827380e-02	6.982969206186237510e-02
1.023188400188092373e+03	2.761041689048787107e-01	1.778680868441141483e-01	2.376148421295262159e-01	1.426025433510826057e-01	6.871034729485446524e-02	2.720678789080286861e-02	6.989322358457566997e-02
1.024639731252188767e+03	2.758551417368422798e-01	1.777055960966385517e-01	2.377930770510287561e-01	1.427045677029613047e-01	6.875242907702923401e-02	2.723253967025700620e-02	6.995664866507762814e-02
1.026091062316285615e+03	2.756065385471737073e-01	1.775433810577313476e-01	2.379710080128953076e-01	1.428064020892642061e-01	6.879443921371661275e-02	2.725826360655348932e-02	7.001996747250008313e-02
1.027542393380382237e+03	2.753583586106525538e-01	1.773814412590851985e-01	2.381486355315498571e-01	1.429080469028273515e-01	6.883637782732038302e-02	2.728395969262414553e-02	7.008318017577518100e-02
1.028993724444478858e+03	2.751106012033137649e-01	1.772197762331883530e-01	2.383259601225386770e-01	1.430095025355238858e-01	6.887824504003600690e-02	2.730962792159887312e-02	7.014628694363514438e-02
1.030445055508575479e+03	2.748632656024452836e-01	1.770583855133229800e-01	2.385029823005318517e-01	1.431107693782669443e-01	6.892004097385108496e-02	2.733526828680466619e-02	7.020928794461195332e-02
1.031896386572671872e+03	2.746163510865857749e-01	1.768972686335641975e-01	2.386797025793247762e-01	1.432118478210124835e-01	6.896176575054578650e-02	2.736088078176463975e-02	7.027218334703710934e-02
1.033347717636768493e+03	2.743698569355226824e-01	1.767364251287784904e-01	2.388561214718396553e-01	1.433127382527622506e-01	6.900341949169325195e-02	2.738646540019707906e-02	7.033497331904135785e-02
1.034799048700865114e+03	2.741237824302896753e-01	1.765758545346224617e-01	2.390322394901270575e-01	1.434134410615665878e-01	6.904500231866002313e-02	2.741202213601447862e-02	7.039765802855441068e-02
1.036250379764961508e+03	2.738781268531647606e-01	1.764155563875415278e-01	2.392080571453672200e-01	1.435139566345273732e-01	6.908651435260647344e-02	2.743755098332258807e-02	7.046023764330473782e-02
1.037701710829058356e+03	2.736328894876677853e-01	1.762555302247684197e-01	2.393835749478716857e-01	1.436142853578007694e-01	6.912795571448722420e-02	2.746305193641945461e-02	7.052271233081930379e-02
1.039153041893154750e+03	2.733880696185582715e-01	1.760957755843220451e-01	2.395587934070847469e-01	1.437144276166002488e-01	6.916932652505154711e-02	2.748852498979449319e-02	7.058508225842330397e-02
1.040604372957251599e+03	2.731436665318334733e-01	1.759362920050059620e-01	2.397337130315848608e-01	1.438143837951992299e-01	6.921062690484372504e-02	2.751397013812752895e-02	7.064734759323992863e-02
1.042055704021347992e+03	2.728996795147257681e-01	1.757770790264072125e-01	2.399083343290861481e-01	1.439141542769340198e-01	6.925185697420356556e-02	2.753938737628785355e-02	7.070950850219015482e-02
1.043507035085444613e+03	2.726561078557008799e-01	1.756181361888948522e-01	2.400826578064399197e-01	1.440137394442066177e-01	6.929301685326669236e-02	2.756477669933331612e-02	7.077156515199252429e-02
1.044958366149541234e+03	2.724129508444552150e-01	1.754594630336187289e-01	2.402566839696360923e-01	1.441131396784875174e-01	6.933410666196500316e-02	2.759013810250936574e-02	7.083351770916286594e-02
1.046409697213637855e+03	2.721702077719141966e-01	1.753010591025081222e-01	2.404304133238046592e-01	1.442123553603184560e-01	6.937512652002704450e-02	2.761547158124813203e-02	7.089536634001415705e-02
1.047861028277734476e+03	2.719278779302297111e-01	1.751429239382703840e-01	2.406038463732171617e-01	1.443113868693153001e-01	6.941607654697844187e-02	2.764077713116751267e-02	7.095711121065623184e-02
1.049312359341831097e+03	2.716859606127781102e-01	1.749850570843896891e-01	2.407769836212881320e-01	1.444102345841707102e-01	6.945695686214223286e-02	2.766605474807022971e-02	7.101875248699562881e-02
1.050763690405927491e+03	2.714444551141578232e-01	1.748274580851256199e-01	2.409498255705765923e-01	1.445088988826570553e-01	6.949776758463929727e-02	2.769130442794293448e-02	7.108029033473535485e-02
1.052215021470024112e+03	2.712033607301874705e-01	1.746701264855118896e-01	2.411223727227874425e-01	1.446073801416290217e-01	6.953850883338873190e-02	2.771652616695528815e-02	7.114172491937471865e-02
1.053666352534120733e+03	2.709626767579035311e-01	1.745130618313550652e-01	2.412946255787730143e-01	1.447056787370265274e-01	6.957918072710821134e-02	2.774171996145904928e-02	7.120305640620908094e-02
1.055117683598217127e+03	2.707224024955582897e-01	1.743562636692332635e-01	2.414665846385344317e-01	1.448037950438772481e-01	6.961978338431440427e-02	2.776688580798717179e-02	7.126428496032974347e-02
1.056569014662313975e+03	2.704825372426173380e-01	1.741997315464947349e-01	2.416382504012230537e-01	1.449017294362995312e-01	6.966031692332332048e-02	2.779202370325289245e-02	7.132541074662368530e-02
1.058020345726410369e+03	2.702430802997578541e-01	1.740434650112566428e-01	2.418096233651419735e-01	1.449994822875050604e-01	6.970078146225069937e-02	2.781713364414885661e-02	7.138643392977339630e-02
1.059471676790506763e+03	2.700040309688663265e-01	1.738874636124037865e-01	2.419807040277474619e-01	1.450970539698015482e-01	6.974117711901238470e-02	2.784221562774620226e-02	7.144735467425676612e-02
1.060923007854603611e+03	2.697653885530362228e-01	1.737317268995871855e-01	2.421514928856503823e-01	1.451944448545954558e-01	6.978150401132468539e-02	2.786726965129367531e-02	7.150817314434680660e-02
1.062374338918700232e+03	2.695271523565661020e-01	1.735762544232228588e-01	2.423219904346176345e-01	1.452916553123947407e-01	6.982176225670476410e-02	2.789229571221674142e-02	7.156888950411158246e-02
1.063825669982796853e+03	2.692893216849572835e-01	1.734210457344905476e-01	2.424921971695735423e-01	1.453886857128114107e-01	6.986195197247097033e-02	2.791729380811670824e-02	7.162950391741396139e-02
1.065277001046893474e+03	2.690518958449117370e-01	1.732661003853323278e-01	2.426621135846014354e-01	1.454855364245643268e-01	6.990207327574324281e-02	2.794226393676983375e-02	7.169001654791153089e-02
1.066728332110990095e+03	2.688148741443300849e-01	1.731114179284514165e-01	2.428317401729448988e-01	1.455822078154818122e-01	6.994212628344341487e-02	2.796720609612645542e-02	7.175042755905637615e-02
1.068179663175086489e+03	2.685782558923094365e-01	1.729569979173107286e-01	2.430010774270092988e-01	1.456787002525043173e-01	6.998211111229563075e-02	2.799212028431011939e-02	7.181073711409494131e-02
1.069630994239183110e+03	2.683420403991411129e-01	1.728028399061317666e-01	2.431701258383631992e-01	1.457750141016870837e-01	7.002202787882672030e-02	2.801700649961670966e-02	7.187094537606793232e-02
1.071082325303279504e+03	2.681062269763085926e-01	1.726489434498932607e-01	2.433388858977397484e-01	1.458711497282027536e-01	7.006187669936644880e-02	2.804186474051357028e-02	7.193105250781010873e-02
1.072533656367376352e+03	2.678708149364856794e-01	1.724953081043298087e-01	2.435073580950381789e-01	1.459671074963440063e-01	7.010165769004800262e-02	2.806669500563865882e-02	7.199105867195015884e-02
1.073984987431472746e+03	2.676358035935338942e-01	1.723419334259307378e-01	2.436755429193251388e-01	1.460628877695262229e-01	7.014137096680822525e-02	2.809149729379968596e-02	7.205096403091058865e-02
1.075436318495569594e+03	2.674011922625007531e-01	1.721888189719386897e-01	2.438434408588361635e-01	1.461584909102899843e-01	7.018101664538804740e-02	2.811627160397323771e-02	7.211076874690756922e-02
1.076887649559666215e+03	2.671669802596176035e-01	1.720359643003483430e-01	2.440110524009770632e-01	1.462539172803038467e-01	7.022059484133280627e-02	2.814101793530394968e-02	7.217047298195079785e-02
1.078338980623762609e+03	2.669331669022974585e-01	1.718833689699052758e-01	2.441783780323253383e-01	1.463491672403668120e-01	7.026010566999256468e-02	2.816573628710363625e-02	7.223007689784337326e-02
1.079790311687859230e+03	2.666997515091327209e-01	1.717310325401045223e-01	2.443454182386315954e-01	1.464442411504108532e-01	7.029954924652254133e-02	2.819042665885046484e-02	7.228958065618169837e-02
1.081241642751955851e+03	2.664667333998935184e-01	1.715789545711894348e-01	2.445121735048209621e-01	1.465391393695036626e-01	7.033892568588334671e-02	2.821508905018809896e-02	7.234898441835535543e-02
1.082692973816052472e+03	2.662341118955253161e-01	1.714271346241503791e-01	2.446786443149944201e-01	1.466338622558511218e-01	7.037823510284139938e-02	2.823972346092485514e-02	7.240828834554693949e-02
1.084144304880149093e+03	2.660018863181468074e-01	1.712755722607232911e-01	2.448448311524303866e-01	1.467284101667998275e-01	7.041747761196921751e-02	2.826432989103289106e-02	7.246749259873204452e-02
1.085595635944245487e+03	2.657700559910479154e-01	1.711242670433887059e-01	2.450107344995858805e-01	1.468227834588397007e-01	7.045665332764582123e-02	2.828890834064733822e-02	7.252659733867904135e-02
1.087046967008342108e+03	2.655386202386880168e-01	1.709732185353703415e-01	2.451763548380980762e-01	1.469169824876064845e-01	7.049576236405699636e-02	2.831345881006550047e-02	7.258560272594907770e-02
1.088498298072438729e+03	2.653075783866932769e-01	1.708224263006337118e-01	2.453416926487856364e-01	1.470110076078842976e-01	7.053480483519566913e-02	2.833798129974602134e-02	7.264450892089589773e-02
1.089949629136535123e+03	2.650769297618549847e-01	1.706718899038850989e-01	2.455067484116501275e-01	1.471048591736081879e-01	7.057378085486223918e-02	2.836247581030804793e-02	7.270331608366580045e-02
1.091400960200631971e+03	2.648466736921274434e-01	1.705216089105702215e-01	2.456715226058774348e-01	1.471985375378665750e-01	7.061269053666489881e-02	2.838694234253042945e-02	7.276202437419750091e-02
1.092852291264728365e+03	2.646168095066258608e-01	1.703715828868728466e-01	2.458360157098390675e-01	1.472920430529037761e-01	7.065153399401996603e-02	2.841138089735089495e-02	7.282063395222207469e-02
1.094303622328825213e+03	2.643873365356243510e-01	1.702218113997137350e-01	2.460002282010936570e-01	1.473853760701225035e-01	7.069031134015223150e-02	2.843579147586523803e-02	7.287914497726286078e-02
1.095754953392921607e+03	2.641582541105537141e-01	1.700722940167491704e-01	2.461641605563882340e-01	1.474785369400863910e-01	7.072902268809526383e-02	2.846017407932650498e-02	7.293755760863535054e-02
1.097206284457018228e+03	2.639295615639995485e-01	1.699230303063699321e-01	2.463278132516596441e-01	1.475715260125224082e-01	7.076766815069177041e-02	2.848452870914418983e-02	7.299587200544713217e-02
1.098657615521114849e+03	2.637012582297002528e-01	1.697740198376999632e-01	2.464911867620359631e-01	1.476643436363233308e-01	7.080624784059386112e-02	2.850885536688343644e-02	7.305408832659782137e-02
1.100108946585211470e+03	2.634733434425448606e-01	1.696252621805950378e-01	2.466542815618378293e-01	1.477569901595502944e-01	7.084476187026343685e-02	2.853315405426424048e-02	7.311220673077897803e-02
1.101560277649308091e+03	2.632458165385710425e-01	1.694767569056415679e-01	2.468170981245798312e-01	1.478494659294351254e-01	7.088321035197248099e-02	2.855742477316063760e-02	7.317022737647400910e-02
1.103011608713404712e+03	2.630186768549630516e-01	1.693285035841554653e-01	2.469796369229718680e-01	1.479417712923828676e-01	7.092159339780337857e-02	2.858166752559992280e-02	7.322815042195811308e-02
1.104462939777501106e+03	2.627919237300497812e-01	1.691805017881807816e-01	2.471418984289205367e-01	1.480339065939741683e-01	7.095991111964923548e-02	2.860588231376185245e-02	7.328597602529826616e-02
1.105914270841597499e+03	2.625655565033027106e-01	1.690327510904884867e-01	2.473038831135305482e-01	1.481258721789677213e-01	7.099816362921423929e-02	2.863006913997786368e-02	7.334370434435306951e-02
1.107365601905694348e+03	2.623395745153337399e-01	1.688852510645753036e-01	2.474655914471059204e-01	1.482176683913027093e-01	7.103635103801392292e-02	2.865422800673028333e-02	7.340133553677276324e-02
1.108816932969790741e+03	2.621139771078934144e-01	1.687380012846623756e-01	2.476270238991515604e-01	1.483092955741011076e-01	7.107447345737549771e-02	2.867835891665155776e-02	7.345886975999911528e-02
1.110268264033887590e+03	2.618887636238687033e-01	1.685910013256941287e-01	2.477881809383744582e-01	1.484007540696702376e-01	7.111253099843818648e-02	2.870246187252346176e-02	7.351630717126544923e-02
1.111719595097984211e+03	2.616639334072811129e-01	1.684442507633369945e-01	2.479490630326851019e-01	1.484920442195050705e-01	7.115052377215352886e-02	2.872653687727632493e-02	7.357364792759647776e-02
1.113170926162080832e+03	2.614394858032847435e-01	1.682977491739781895e-01	2.481096706491988657e-01	1.485831663642905587e-01	7.118845188928567269e-02	2.875058393398827530e-02	7.363089218580834427e-02
1.114622257226177226e+03	2.612154201581640134e-01	1.681514961347244930e-01	2.482700042542372865e-01	1.486741208439041340e-01	7.122631546041173489e-02	2.877460304588444831e-02	7.368804010250858127e-02
1.116073588290273847e+03	2.609917358193319381e-01	1.680054912234009712e-01	2.484300643133294795e-01	1.487649079974180111e-01	7.126411459592206510e-02	2.879859421633623739e-02	7.374509183409597157e-02
1.117524919354370468e+03	2.607684321353281875e-01	1.678597340185498943e-01	2.485898512912134706e-01	1.488555281631014915e-01	7.130184940602057875e-02	2.882255744886052379e-02	7.380204753676063156e-02
1.118976250418467089e+03	2.605455084558165879e-01	1.677142240994293765e-01	2.487493656518375007e-01	1.489459816784234336e-01	7.133952000072509014e-02	2.884649274711892017e-02	7.385890736648388633e-02
1.120427581482563710e+03	2.603229641315837894e-01	1.675689610460122381e-01	2.489086078583614414e-01	1.490362688800544455e-01	7.137712648986754838e-02	2.887040011491701086e-02	7.391567147903829738e-02
1.121878912546660331e+03	2.601007985145368795e-01	1.674239444389847842e-01	2.490675783731580717e-01	1.491263901038694384e-01	7.141466898309445366e-02	2.889427955620360242e-02	7.397234002998756552e-02
1.123330243610756725e+03	2.598790109577015506e-01	1.672791738597455558e-01	2.492262776578144656e-01	1.492163456849496250e-01	7.145214758986703774e-02	2.891813107506996730e-02	7.402891317468654475e-02
1.124781574674853118e+03	2.596576008152201021e-01	1.671346488904041916e-01	2.493847061731332693e-01	1.493061359575851843e-01	7.148956241946166634e-02	2.894195467574909794e-02	7.408539106828125609e-02
1.126232905738949967e+03	2.594365674423493862e-01	1.669903691137800683e-01	2.495428643791341161e-01	1.493957612552773428e-01	7.152691358097011676e-02	2.896575036261496774e-02	7.414177386570874884e-02
1.127684236803046360e+03	2.592159101954589762e-01	1.668463341134013012e-01	2.497007527350548761e-01	1.494852219107407065e-01	7.156420118329988311e-02	2.898951814018178516e-02	7.419806172169722547e-02
1.129135567867143209e+03	2.589956284320291124e-01	1.667025434735033840e-01	2.498583716993530435e-01	1.495745182559056197e-01	7.160142533517445396e-02	2.901325801310325123e-02	7.425425479076588897e-02
1.130586898931239830e+03	2.587757215106487041e-01	1.665589967790280235e-01	2.500157217297070411e-01	1.496636506219204410e-01	7.163858614513364531e-02	2.903696998617183098e-02	7.431035322722501224e-02
1.132038229995336451e+03	2.585561887910136081e-01	1.664156936156220568e-01	2.501728032830174975e-01	1.497526193391537919e-01	7.167568372153387823e-02	2.906065406431801099e-02	7.436635718517591032e-02
1.133489561059432845e+03	2.583370296339242977e-01	1.662726335696360636e-01	2.503296168154086621e-01	1.498414247371967767e-01	7.171271817254851189e-02	2.908431025260958466e-02	7.442226681851089876e-02
1.134940892123529466e+03	2.581182434012841975e-01	1.661298162281232560e-01	2.504861627822296821e-01	1.499300671448652589e-01	7.174968960616810720e-02	2.910793855625090285e-02	7.447808228091333527e-02
1.136392223187626087e+03	2.578998294560976845e-01	1.659872411788383406e-01	2.506424416380559905e-01	1.500185468902022479e-01	7.178659813020075997e-02	2.913153898058217298e-02	7.453380372585755032e-02
1.137843554251722708e+03	2.576817871624680900e-01	1.658449080102362139e-01	2.507984538366904159e-01	1.501068643004800085e-01	7.182344385227239225e-02	2.915511153107872705e-02	7.458943130660890264e-02
1.139294885315819101e+03	2.574641158855957568e-01	1.657028163114709074e-01	2.509541998311647371e-01	1.501950197022022815e-01	7.186022687982700219e-02	2.917865621335029302e-02	7.464496517622379312e-02
1.140746216379915950e+03	2.572468149917762070e-01	1.655609656723942558e-01	2.511096800737407930e-01	1.502830134211066426e-01	7.189694732012702483e-02	2.920217303314030094e-02	7.470040548754953991e-02
1.142197547444012343e+03	2.570298838483980886e-01	1.654193556835548418e-01	2.512648950159120376e-01	1.503708457821665567e-01	7.193360528025359579e-02	2.922566199632515432e-02	7.475575239322457266e-02
1.143648878508108737e+03	2.568133218239412874e-01	1.652779859361967196e-01	2.514198451084045383e-01	1.504585171095936813e-01	7.197020086710685660e-02	2.924912310891352590e-02	7.481100604567826606e-02
1.145100209572205586e+03	2.565971282879750404e-01	1.651368560222582493e-01	2.515745308011785308e-01	1.505460277268400593e-01	7.200673418740623222e-02	2.927255637704564636e-02	7.486616659713107857e-02
1.146551540636302207e+03	2.563813026111560478e-01	1.649959655343709863e-01	2.517289525434295849e-01	1.506333779566003672e-01	7.204320534769073636e-02	2.929596180699260699e-02	7.492123419959446917e-02
1.148002871700398828e+03	2.561658441652263640e-01	1.648553140658584326e-01	2.518831107835901029e-01	1.507205681208140524e-01	7.207961445431929071e-02	2.931933940515565884e-02	7.497620900487099449e-02
1.149454202764495449e+03	2.559507523230116210e-01	1.647149012107348709e-01	2.520370059693302633e-01	1.508075985406674424e-01	7.211596161347097467e-02	2.934268917806549457e-02	7.503109116455422556e-02
1.150905533828591842e+03	2.557360264584192522e-01	1.645747265637041989e-01	2.521906385475595758e-01	1.508944695365960487e-01	7.215224693114533072e-02	2.936601113238158228e-02	7.508588083002885882e-02
1.152356864892688463e+03	2.555216659464363271e-01	1.644347897201587916e-01	2.523440089644281570e-01	1.509811814282867037e-01	7.218847051316268359e-02	2.938930527489145086e-02	7.514057815247068839e-02
1.153808195956785084e+03	2.553076701631278311e-01	1.642950902761782517e-01	2.524971176653280081e-01	1.510677345346796152e-01	7.222463246516439006e-02	2.941257161251000993e-02	7.519518328284663378e-02
1.155259527020881706e+03	2.550940384856347221e-01	1.641556278285283277e-01	2.526499650948943465e-01	1.511541291739706416e-01	7.226073289261313037e-02	2.943581015227885941e-02	7.524969637191476768e-02
1.156710858084978327e+03	2.548807702921718765e-01	1.640164019746597202e-01	2.528025516970065500e-01	1.512403656636133742e-01	7.229677190079324134e-02	2.945902090136560264e-02	7.530411757022438535e-02
1.158162189149074720e+03	2.546678649620265911e-01	1.638774123127068882e-01	2.529548779147899329e-01	1.513264443203213017e-01	7.233274959481093835e-02	2.948220386706316976e-02	7.535844702811594908e-02
1.159613520213171569e+03	2.544553218755561397e-01	1.637386584414868562e-01	2.531069441906168560e-01	1.514123654600698921e-01	7.236866607959467623e-02	2.950535905678913079e-02	7.541268489572117151e-02
1.161064851277267962e+03	2.542431404141863860e-01	1.636001399604982698e-01	2.532587509661078373e-01	1.514981293980987576e-01	7.240452145989539900e-02	2.952848647808502605e-02	7.546683132296305718e-02
1.162516182341364356e+03	2.540313199604096184e-01	1.634618564699198695e-01	2.534102986821330505e-01	1.515837364489137362e-01	7.244031584028681747e-02	2.955158613861568959e-02	7.552088645955593038e-02
1.163967513405461204e+03	2.538198598977828291e-01	1.633238075706096859e-01	2.535615877788134354e-01	1.516691869262890846e-01	7.247604932516571452e-02	2.957465804616857263e-02	7.557485045500540732e-02
1.165418844469557826e+03	2.536087596109256603e-01	1.631859928641037349e-01	2.537126186955220852e-01	1.517544811432694207e-01	7.251172201875218104e-02	2.959770220865308443e-02	7.562872345860856271e-02
1.166870175533654447e+03	2.533980184855186835e-01	1.630484119526147968e-01	2.538633918708854686e-01	1.518396194121719722e-01	7.254733402509000451e-02	2.962071863409992262e-02	7.568250561945386035e-02
1.168321506597751068e+03	2.531876359083015671e-01	1.629110644390313889e-01	2.540139077427847059e-01	1.519246020445884915e-01	7.258288544804684939e-02	2.964370733066040708e-02	7.573619708642127801e-02
1.169772837661847461e+03	2.529776112670710231e-01	1.627739499269166001e-01	2.541641667483569011e-01	1.520094293513875039e-01	7.261837639131459021e-02	2.966666830660582774e-02	7.578979800818226586e-02
1.171224168725944082e+03	2.527679439506790304e-01	1.626370680205068142e-01	2.543141693239962531e-01	1.520941016427163062e-01	7.265380695840961689e-02	2.968960157032677488e-02	7.584330853319987131e-02
1.172675499790040703e+03	2.525586333490311697e-01	1.625004183247107659e-01	2.544639159053554978e-01	1.521786192280029648e-01	7.268917725267304286e-02	2.971250713033249391e-02	7.589672880972873903e-02
1.174126830854137097e+03	2.523496788530844581e-01	1.623640004451082919e-01	2.546134069273469636e-01	1.522629824159584810e-01	7.272448737727105206e-02	2.973538499525022263e-02	7.595005898581519421e-02
1.175578161918233945e+03	2.521410798548456289e-01	1.622278139879491377e-01	2.547626428241441254e-01	1.523471915145787337e-01	7.275973743519514869e-02	2.975823517382455638e-02	7.600329920929727034e-02
1.177029492982330339e+03	2.519328357473694102e-01	1.620918585601519579e-01	2.549116240291825486e-01	1.524312468311466440e-01	7.279492752926247645e-02	2.978105767491678532e-02	7.605644962780480633e-02
1.178480824046426733e+03	2.517249459247564158e-01	1.619561337693030678e-01	2.550603509751613873e-01	1.525151486722340632e-01	7.283005776211605442e-02	2.980385250750425610e-02	7.610951038875940489e-02
1.179932155110523581e+03	2.515174097821515908e-01	1.618206392236553326e-01	2.552088240940443842e-01	1.525988973437039375e-01	7.286512823622505464e-02	2.982661968067973346e-02	7.616248163937465454e-02
1.181383486174620202e+03	2.513102267157421577e-01	1.616853745321270297e-01	2.553570438170614243e-01	1.526824931507121674e-01	7.290013905388512128e-02	2.984935920365075490e-02	7.621536352665603253e-02
1.182834817238716823e+03	2.511033961227558953e-01	1.615503393043008218e-01	2.555050105747094236e-01	1.527659363977098284e-01	7.293509031721866209e-02	2.987207108573899580e-02	7.626815619740104357e-02
1.184286148302813444e+03	2.508969174014592518e-01	1.614155331504224522e-01	2.556527247967539940e-01	1.528492273884449748e-01	7.296998212817505658e-02	2.989475533637963797e-02	7.632085979819928923e-02
1.185737479366910065e+03	2.506907899511555682e-01	1.612809556813997736e-01	2.558001869122304428e-01	1.529323664259647220e-01	7.300481458853094741e-02	2.991741196512072432e-02	7.637347447543249568e-02
1.187188810431006686e+03	2.504850131721831907e-01	1.611466065088014987e-01	2.559473973494449384e-01	1.530153538126172719e-01	7.303958779989058736e-02	2.994004098162254823e-02	7.642600037527462475e-02
1.188640141495103080e+03	2.502795864659137504e-01	1.610124852448561461e-01	2.560943565359759533e-01	1.530981898500538563e-01	7.307430186368604752e-02	2.996264239565701523e-02	7.647843764369190167e-02
1.190091472559199701e+03	2.500745092347502752e-01	1.608785915024509849e-01	2.562410648986752637e-01	1.531808748392307074e-01	7.310895688117755031e-02	2.998521621710702537e-02	7.653078642644288443e-02
1.191542803623296322e+03	2.498697808821253308e-01	1.607449248951307585e-01	2.563875228636695036e-01	1.532634090804110283e-01	7.314355295345366381e-02	3.000776245596584180e-02	7.658304686907863035e-02
1.192994134687392716e+03	2.496654008124992719e-01	1.606114850370966574e-01	2.565337308563611085e-01	1.533457928731669639e-01	7.317809018143164868e-02	3.003028112233648017e-02	7.663521911694262667e-02
1.194445465751489564e+03	2.494613684313584934e-01	1.604782715432052920e-01	2.566796893014296477e-01	1.534280265163815993e-01	7.321256866585772183e-02	3.005277222643108759e-02	7.668730331517097099e-02
1.195896796815585958e+03	2.492576831452135155e-01	1.603452840289673609e-01	2.568253986228331009e-01	1.535101103082508189e-01	7.324698850730730626e-02	3.007523577857032851e-02	7.673929960869242672e-02
1.197348127879682352e+03	2.490543443615971519e-01	1.602125221105467068e-01	2.569708592438090244e-01	1.535920445462853057e-01	7.328134980618532246e-02	3.009767178918277761e-02	7.679120814222846481e-02
1.198799458943779200e+03	2.488513514890629275e-01	1.600799854047592341e-01	2.571160715868759383e-01	1.536738295273124832e-01	7.331565266272645209e-02	3.012008026880430220e-02	7.684302906029341629e-02
1.200250790007875821e+03	2.486487039371830798e-01	1.599476735290716045e-01	2.572610360738342705e-01	1.537554655474784870e-01	7.334989717699541556e-02	3.014246122807746203e-02	7.689476250719448625e-02
1.201702121071972442e+03	2.484464011165468666e-01	1.598155861016003210e-01	2.574057531257676334e-01	1.538369529022499405e-01	7.338408344888726342e-02	3.016481467775090561e-02	7.694640862703183704e-02
1.203153452136069063e+03	2.482444424387587056e-01	1.596837227411105897e-01	2.575502231630443228e-01	1.539182918864159810e-01	7.341821157812759846e-02	3.018714062867875955e-02	7.699796756369879647e-02
1.204604783200165684e+03	2.480428273164364539e-01	1.595520830670152101e-01	2.576944466053182059e-01	1.539994827940901478e-01	7.345228166427295036e-02	3.020943909182003881e-02	7.704943946088174678e-02
1.206056114264262078e+03	2.478415551632096037e-01	1.594206666993732979e-01	2.578384238715301646e-01	1.540805259187123522e-01	7.348629380671088673e-02	3.023171007823803949e-02	7.710082446206040219e-02
1.207507445328358699e+03	2.476406253937175339e-01	1.592894732588895079e-01	2.579821553799091505e-01	1.541614215530505982e-01	7.352024810466044336e-02	3.025395359909975254e-02	7.715212271050776727e-02
1.208958776392455093e+03	2.474400374236076505e-01	1.591585023669127297e-01	2.581256415479734612e-01	1.542421699892030651e-01	7.355414465717227679e-02	3.027616966567527046e-02	7.720333434929028960e-02
1.210410107456551941e+03	2.472397906695337766e-01	1.590277536454350049e-01	2.582688827925319064e-01	1.543227715185998550e-01	7.358798356312902522e-02	3.029835828933719402e-02	7.725445952126797078e-02
1.211861438520648335e+03	2.470398845491541817e-01	1.588972267170904729e-01	2.584118795296851401e-01	1.544032264320049364e-01	7.362176492124553051e-02	3.032051948156004248e-02	7.730549836909442196e-02
1.213312769584745183e+03	2.468403184811299167e-01	1.587669212051543155e-01	2.585546321748267706e-01	1.544835350195180035e-01	7.365548883006907410e-02	3.034265325391967763e-02	7.735645103521696098e-02
1.214764100648841804e+03	2.466410918851231482e-01	1.586368367335415364e-01	2.586971411426444711e-01	1.545636975705762806e-01	7.368915538797975173e-02	3.036475961809271401e-02	7.740731766187675111e-02
1.216215431712937971e+03	2.464422041817952713e-01	1.585069729268060446e-01	2.588394068471214227e-01	1.546437143739564923e-01	7.372276469319063996e-02	3.038683858585593603e-02	7.745809839110885664e-02
1.217666762777034819e+03	2.462436547928051611e-01	1.583773294101394891e-01	2.589814297015372579e-01	1.547235857177766127e-01	7.375631684374805985e-02	3.040889016908572898e-02	7.750879336474236769e-02
1.219118093841131440e+03	2.460454431408074516e-01	1.582479058093700930e-01	2.591232101184693382e-01	1.548033118894977522e-01	7.378981193753195167e-02	3.043091437975749616e-02	7.755940272440049743e-02
1.220569424905228061e+03	2.458475686494508428e-01	1.581187017509617376e-01	2.592647485097940852e-01	1.548828931759260175e-01	7.382325007225606917e-02	3.045291122994507951e-02	7.760992661150069305e-02
1.222020755969324682e+03	2.456500307433762686e-01	1.579897168620128245e-01	2.594060452866880917e-01	1.549623298632142598e-01	7.385663134546822939e-02	3.047488073182020446e-02	7.766036516725474681e-02
1.223472087033421303e+03	2.454528288482151765e-01	1.578609507702550263e-01	2.595471008596291207e-01	1.550416222368639907e-01	7.388995585455059023e-02	3.049682289765190055e-02	7.771071853266886542e-02
1.224923418097517697e+03	2.452559623905877784e-01	1.577324031040524821e-01	2.596879156383975484e-01	1.551207705817271298e-01	7.392322369671995574e-02	3.051873773980593590e-02	7.776098684854385046e-02
1.226374749161614318e+03	2.450594307981013853e-01	1.576040734924005482e-01	2.598284900320774748e-01	1.551997751820078653e-01	7.395643496902802594e-02	3.054062527074425520e-02	7.781117025547512611e-02
1.227826080225710712e+03	2.448632334993486315e-01	1.574759615649248268e-01	2.599688244490578337e-01	1.552786363212644571e-01	7.398958976836161883e-02	3.056248550302442107e-02	7.786126889385287797e-02
1.229277411289807560e+03	2.446673699239056698e-01	1.573480669518799446e-01	2.601089192970337249e-01	1.553573542824110143e-01	7.402268819144296186e-02	3.058431844929903817e-02	7.791128290386223343e-02
1.230728742353903954e+03	2.444718395023306179e-01	1.572203892841486927e-01	2.602487749830074693e-01	1.554359293477192705e-01	7.405573033483001111e-02	3.060612412231522236e-02	7.796121242548326169e-02
1.232180073418000802e+03	2.442766416661616979e-01	1.570929281932408050e-01	2.603883919132897740e-01	1.555143617988204996e-01	7.408871629491663169e-02	3.062790253491401438e-02	7.801105759849119581e-02
1.233631404482097196e+03	2.440817758479155164e-01	1.569656833112918759e-01	2.605277704935009542e-01	1.555926519167070421e-01	7.412164616793290306e-02	3.064965370002986286e-02	7.806081856245646045e-02
1.235082735546193817e+03	2.438872414810853984e-01	1.568386542710624443e-01	2.606669111285722096e-01	1.556707999817343036e-01	7.415452004994536883e-02	3.067137763069003806e-02	7.811049545674485228e-02
1.236534066610290438e+03	2.436930380001396668e-01	1.567118407059368002e-01	2.608058142227466236e-01	1.557488062736224754e-01	7.418733803685732819e-02	3.069307434001411483e-02	7.816008842051760941e-02
1.237985397674387059e+03	2.434991648405199494e-01	1.565852422499220131e-01	2.609444801795803293e-01	1.558266710714582559e-01	7.422010022440905797e-02	3.071474384121340023e-02	7.820959759273160561e-02
1.239436728738483680e+03	2.433056214386394300e-01	1.564588585376468499e-01	2.610829094019438967e-01	1.559043946536965708e-01	7.425280670817809014e-02	3.073638614759040613e-02	7.825902311213941975e-02
1.240888059802580301e+03	2.431124072318811558e-01	1.563326892043605809e-01	2.612211022920232217e-01	1.559819772981624886e-01	7.428545758357951723e-02	3.075800127253830452e-02	7.830836511728940519e-02
1.242339390866676695e+03	2.429195216585963712e-01	1.562067338859321475e-01	2.613590592513208577e-01	1.560594192820527470e-01	7.431805294586615873e-02	3.077958922954037585e-02	7.835762374652595341e-02
1.243790721930773088e+03	2.427269641581027704e-01	1.560809922188490240e-01	2.614967806806572370e-01	1.561367208819376406e-01	7.435059289012893591e-02	3.080115003216950600e-02	7.840679913798948020e-02
1.245242052994869937e+03	2.425347341706828863e-01	1.559554638402160798e-01	2.616342669801716703e-01	1.562138823737627691e-01	7.438307751129702439e-02	3.082268369408759992e-02	7.845589142961664764e-02
1.246693384058966330e+03	2.423428311375822042e-01	1.558301483877546356e-01	2.617715185493234564e-01	1.562909040328505916e-01	7.441550690413818725e-02	3.084419022904509242e-02	7.850490075914044741e-02
1.248144715123063179e+03	2.421512545010077455e-01	1.557050454998014366e-01	2.619085357868933817e-01	1.563677861339023423e-01	7.444788116325902483e-02	3.086566965088039655e-02	7.855382726409035343e-02
1.249596046187159800e+03	2.419600037041261531e-01	1.555801548153074310e-01	2.620453190909844410e-01	1.564445289509996395e-01	7.448020038310519675e-02	3.088712197351939012e-02	7.860267108179243289e-02
1.251047377251256421e+03	2.417690781910621645e-01	1.554554759738369651e-01	2.621818688590232815e-01	1.565211327576062073e-01	7.451246465796172724e-02	3.090854721097486407e-02	7.865143234936947114e-02
1.252498708315352815e+03	2.415784774068968355e-01	1.553310086155666181e-01	2.623181854877612573e-01	1.565975978265696511e-01	7.454467408195322720e-02	3.092994537734602284e-02	7.870011120374113822e-02
1.253950039379449436e+03	2.413882007976659305e-01	1.552067523812840355e-01	2.624542693732754839e-01	1.566739244301230127e-01	7.457682874904418557e-02	3.095131648681795355e-02	7.874870778162409990e-02
1.255401370443546057e+03	2.411982478103581462e-01	1.550827069123871527e-01	2.625901209109703371e-01	1.567501128398865740e-01	7.460892875303920535e-02	3.097266055366110216e-02	7.879722221953211481e-02
1.256852701507642678e+03	2.410086178929136125e-01	1.549588718508830287e-01	2.627257404955781195e-01	1.568261633268695499e-01	7.464097418758328106e-02	3.099397759223076337e-02	7.884565465377628424e-02
1.258304032571739299e+03	2.408193104942220608e-01	1.548352468393867643e-01	2.628611285211605586e-01	1.569020761614716708e-01	7.467296514616202086e-02	3.101526761696655685e-02	7.889400522046506603e-02
1.259755363635835920e+03	2.406303250641212144e-01	1.547118315211205297e-01	2.629962853811096957e-01	1.569778516134849311e-01	7.470490172210193791e-02	3.103653064239192058e-02	7.894227405550445498e-02
1.261206694699932314e+03	2.404416610533952059e-01	1.545886255399125109e-01	2.631312114681491621e-01	1.570534899520952821e-01	7.473678400857068638e-02	3.105776668311359401e-02	7.899046129459817711e-02
1.262658025764028707e+03	2.402533179137728014e-01	1.544656285401959650e-01	2.632659071743354562e-01	1.571289914458842141e-01	7.476861209857733892e-02	3.107897575382112185e-02	7.903856707324775910e-02
1.264109356828125556e+03	2.400652950979257350e-01	1.543428401670080274e-01	2.634003728910587205e-01	1.572043563628304774e-01	7.480038608497262265e-02	3.110015786928631981e-02	7.908659152675266701e-02
1.265560687892221949e+03	2.398775920594672928e-01	1.542202600659887957e-01	2.635346090090442406e-01	1.572795849703117199e-01	7.483210606044919666e-02	3.112131304436279930e-02	7.913453479021054227e-02
1.267012018956318798e+03	2.396902082529503430e-01	1.540978878833803023e-01	2.636686159183532774e-01	1.573546775351060967e-01	7.486377211754188798e-02	3.114244129398544697e-02	7.918239699851722935e-02
1.268463350020415419e+03	2.395031431338658368e-01	1.539757232660255160e-01	2.638023940083845109e-01	1.574296343233939355e-01	7.489538434862794136e-02	3.116354263316992862e-02	7.923017828636698401e-02
1.269914681084511813e+03	2.393163961586412258e-01	1.538537658613671755e-01	2.639359436678746507e-01	1.575044556007594299e-01	7.492694284592726905e-02	3.118461707701219304e-02	7.927787878825262591e-02
1.271366012148608434e+03	2.391299667846387977e-01	1.537320153174469850e-01	2.640692652849002675e-01	1.575791416321921379e-01	7.495844770150278391e-02	3.120566464068796897e-02	7.932549863846563576e-02
1.272817343212705055e+03	2.389438544701538991e-01	1.536104712829044761e-01	2.642023592468783488e-01	1.576536926820887308e-01	7.498989900726053814e-02	3.122668533945226893e-02	7.937303797109634962e-02
1.274268674276801676e+03	2.387580586744134648e-01	1.534891334069759250e-01	2.643352259405676308e-01	1.577281090142545472e-01	7.502129685495005640e-02	3.124767918863891394e-02	7.942049692003411154e-02
1.275720005340898297e+03	2.385725788575743522e-01	1.533680013394934649e-01	2.644678657520697640e-01	1.578023908919051754e-01	7.505264133616453004e-02	3.126864620366001657e-02	7.946787561896738461e-02
1.277171336404994690e+03	2.383874144807216766e-01	1.532470747308840031e-01	2.646002790668302018e-01	1.578765385776682018e-01	7.508393254234113634e-02	3.128958640000551600e-02	7.951517420138393133e-02
1.278622667469091539e+03	2.382025650058671729e-01	1.531263532321683052e-01	2.647324662696396436e-01	1.579505523335846262e-01	7.511517056476127441e-02	3.131049979324267152e-02	7.956239280057095242e-02
1.280073998533187932e+03	2.380180298959476137e-01	1.530058364949598293e-01	2.648644277446350337e-01	1.580244324211106111e-01	7.514635549455074559e-02	3.133138639901559414e-02	7.960953154961523948e-02
1.281525329597284326e+03	2.378338086148231445e-01	1.528855241714638935e-01	2.649961638753004500e-01	1.580981791011189519e-01	7.517748742268010043e-02	3.135224623304475045e-02	7.965659058140332760e-02
1.282976660661381175e+03	2.376499006272757841e-01	1.527654159144765100e-01	2.651276750444684915e-01	1.581717926339007430e-01	7.520856643996486068e-02	3.137307931112649773e-02	7.970357002862168971e-02
1.284427991725477568e+03	2.374663053990076766e-01	1.526455113773834971e-01	2.652589616343213885e-01	1.582452732791669592e-01	7.523959263706572753e-02	3.139388564913259821e-02	7.975047002375681982e-02
1.285879322789574417e+03	2.372830223966395369e-01	1.525258102141593686e-01	2.653900240263917243e-01	1.583186212960499273e-01	7.527056610448888685e-02	3.141466526300972645e-02	7.979729069909544115e-02
1.287330653853671038e+03	2.371000510877090406e-01	1.524063120793664738e-01	2.655208626015641005e-01	1.583918369431051021e-01	7.530148693258623127e-02	3.143541816877902517e-02	7.984403218672467273e-02
1.288781984917767431e+03	2.369173909406691869e-01	1.522870166281539150e-01	2.656514777400758032e-01	1.584649204783123710e-01	7.533235521155563774e-02	3.145614438253559880e-02	7.989069461853214038e-02
1.290233315981864052e+03	2.367350414248867996e-01	1.521679235162565480e-01	2.657818698215180797e-01	1.585378721590778306e-01	7.536317103144117568e-02	3.147684392044807627e-02	7.993727812620615714e-02
