1.001418434226643626e+03	2.799000978764165093e-01	1.803587193814406298e-01	2.348962575924801732e-01	1.410306862695676899e-01	6.806765216796191453e-02	2.682516858423523304e-02	6.892141812772933918e-02
1.002869765290740247e+03	2.796446805014532466e-01	1.801920918800240246e-01	2.350790813524511469e-01	1.411355091886459800e-01	6.811077597643869219e-02	2.685144042919988816e-02	6.898642067161850355e-02
1.004321096354836754e+03	2.793896978984020119e-01	1.800257469786867848e-01	2.352615934974700285e-01	1.412401362749878264e-01	6.815382643276722552e-02	2.687768454208196850e-02	6.905131437543564343e-02
1.005772427418933376e+03	2.791351493234721648e-01	1.798596841976419780e-01	2.354437945567275925e-01	1.413445679373432351e-01	6.819680366238042857e-02	2.690390091005918916e-02	6.911609941220692166e-02
1.007223758483029997e+03	2.788810340341623117e-01	1.796939030579173258e-01	2.356256850585155271e-01	1.414488045834448871e-01	6.823970779049276514e-02	2.693008952054437924e-02	6.918077595475440045e-02
1.008675089547126618e+03	2.786273512892576965e-01	1.795284030813537324e-01	2.358072655302281273e-01	1.415528466200113300e-01	6.828253894210079000e-02	2.695625036118430920e-02	6.924534417569569444e-02
1.010126420611223239e+03	2.783741003488280352e-01	1.793631837906039250e-01	2.359885364983636824e-01	1.416566944527500316e-01	6.832529724198371790e-02	2.698238341985854244e-02	6.930980424744372093e-02
1.011577751675319632e+03	2.781212804742252964e-01	1.791982447091311770e-01	2.361694984885262250e-01	1.417603484863604324e-01	6.836798281470402028e-02	2.700848868467827651e-02	6.937415634220629734e-02
1.013029082739416367e+03	2.778688909280812580e-01	1.790335853612077810e-01	2.363501520254267241e-01	1.418638091245369715e-01	6.841059578460788326e-02	2.703456614398520516e-02	6.943840063198593315e-02
1.014480413803512761e+03	2.776169309743053426e-01	1.788692052719138004e-01	2.365304976328848896e-01	1.419670767699721947e-01	6.845313627582581828e-02	2.706061578635035950e-02	6.950253728857941349e-02
1.015931744867609382e+03	2.773653998780821195e-01	1.787051039671355979e-01	2.367105358338305876e-01	1.420701518243597250e-01	6.849560441227317553e-02	2.708663760057298739e-02	6.956656648357763262e-02
1.017383075931706003e+03	2.771142969058694172e-01	1.785412809735645590e-01	2.368902671503052559e-01	1.421730346883973151e-01	6.853800031765064360e-02	2.711263157567940854e-02	6.963048838836520538e-02
1.018834406995802851e+03	2.768636213253957146e-01	1.783777358186956485e-01	2.370696921034635973e-01	1.422757257617899562e-01	6.858032411544483231e-02	2.713859770092189039e-02	6.969430317412024511e-02
1.020285738059899245e+03	2.766133724056578091e-01	1.782144680308260232e-01	2.372488112135749672e-01	1.423782254432526817e-01	6.862257592892875846e-02	2.716453596577752747e-02	6.975801101181407227e-02
1.021737069123995752e+03	2.763635494169189855e-01	1.780514771390538098e-01	2.374276250000248445e-01	1.424805341305138140e-01	6.866475588116233153e-02	2.719044635994712078e-02	6.982161207221095067e-02
1.023188400188092373e+03	2.761141516307062949e-01	1.778887626732766070e-01	2.376061339813164697e-01	1.425826522203177682e-01	6.870686409499288105e-02	2.721632887335405718e-02	6.988510652586779615e-02
1.024639731252188767e+03	2.758651783198084462e-01	1.777263241641902081e-01	2.377843386750722598e-01	1.426845801084280774e-01	6.874890069305567009e-02	2.724218349614321300e-02	6.994849454313396830e-02
1.026091062316285615e+03	2.756166287582736407e-01	1.775641611432871858e-01	2.379622395980353355e-01	1.427863181896304179e-01	6.879086579777438093e-02	2.726801021867984384e-02	7.001177629415102077e-02
1.027542393380382237e+03	2.753685022214074074e-01	1.774022731428555877e-01	2.381398372660709639e-01	1.428878668577354683e-01	6.883275953136161474e-02	2.729380903154847784e-02	7.007495194885239587e-02
1.028993724444478858e+03	2.751207979857699382e-01	1.772406596959775205e-01	2.383171321941680298e-01	1.429892265055820177e-01	6.887458201581933559e-02	2.731957992555183318e-02	7.013802167696320256e-02
1.030445055508575479e+03	2.748735153291742561e-01	1.770793203365279289e-01	2.384941248964407290e-01	1.430903975250397142e-01	6.891633337293942563e-02	2.734532289170972172e-02	7.020098564800007768e-02
1.031896386572671872e+03	2.746266535306839396e-01	1.769182545991731526e-01	2.386708158861297890e-01	1.431913803070121172e-01	6.895801372430405973e-02	2.737103792125795965e-02	7.026384403127085287e-02
1.033347717636768493e+03	2.743802118706106796e-01	1.767574620193695101e-01	2.388472056756041073e-01	1.432921752414396954e-01	6.899962319128628840e-02	2.739672500564729191e-02	7.032659699587433255e-02
1.034799048700865114e+03	2.741341896305121706e-01	1.765969421333621614e-01	2.390232947763622218e-01	1.433927827173024916e-01	6.904116189505044021e-02	2.742238413654231322e-02	7.038924471070015509e-02
1.036250379764961508e+03	2.738885860931899452e-01	1.764366944781835533e-01	2.391990836990337543e-01	1.434932031226232585e-01	6.908262995655255201e-02	2.744801530582039253e-02	7.045178734442851531e-02
1.037701710829058356e+03	2.736434005426870986e-01	1.762767185916522539e-01	2.393745729533809374e-01	1.435934368444702625e-01	6.912402749654091016e-02	2.747361850557061488e-02	7.051422506552995628e-02
1.039153041893154750e+03	2.733986322642859568e-01	1.761170140123714811e-01	2.395497630483000018e-01	1.436934842689601977e-01	6.916535463555646690e-02	2.749919372809270582e-02	7.057655804226523055e-02
1.040604372957251599e+03	2.731542805445062450e-01	1.759575802797278821e-01	2.397246544918227029e-01	1.437933457812609617e-01	6.920661149393328437e-02	2.752474096589598018e-02	7.063878644268505036e-02
1.042055704021347992e+03	2.729103446711023673e-01	1.757984169338901170e-01	2.398992477911178478e-01	1.438930217655946531e-01	6.924779819179897877e-02	2.755026021169829087e-02	7.070091043462987945e-02
1.043507035085444613e+03	2.726668239330615195e-01	1.756395235158076662e-01	2.400735434524926826e-01	1.439925126052403193e-01	6.928891484907515053e-02	2.757575145842497064e-02	7.076293018572980820e-02
1.044958366149541234e+03	2.724237176206015243e-01	1.754808995672092753e-01	2.402475419813943358e-01	1.440918186825369540e-01	6.932996158547788390e-02	2.760121469920779474e-02	7.082484586340431765e-02
1.046409697213637855e+03	2.721810250251685548e-01	1.753225446306018176e-01	2.404212438824114284e-01	1.441909403788861899e-01	6.937093852051809395e-02	2.762664992738392625e-02	7.088665763486214078e-02
1.047861028277734476e+03	2.719387454394347481e-01	1.751644582492689894e-01	2.405946496592752948e-01	1.442898780747550735e-01	6.941184577350205387e-02	2.765205713649490291e-02	7.094836566710108205e-02
1.049312359341831097e+03	2.716968781572964842e-01	1.750066399672698114e-01	2.407677598148617037e-01	1.443886321496791192e-01	6.945268346353172806e-02	2.767743632028557554e-02	7.100997012690779542e-02
1.050763690405927491e+03	2.714554224738716659e-01	1.748490893294374904e-01	2.409405748511921075e-01	1.444872029822648618e-01	6.949345170950524397e-02	2.770278747270310538e-02	7.107147118085772874e-02
1.052215021470024112e+03	2.712143776854979982e-01	1.746918058813780317e-01	2.411130952694351959e-01	1.445855909501928271e-01	6.953415063011733621e-02	2.772811058789592664e-02	7.113286899531487406e-02
1.053666352534120733e+03	2.709737430897306565e-01	1.745347891694688514e-01	2.412853215699083398e-01	1.446837964302202795e-01	6.957478034385970733e-02	2.775340566021273006e-02	7.119416373643162876e-02
1.055117683598217127e+03	2.707335179853399554e-01	1.743780387408576382e-01	2.414572542520790066e-01	1.447818197981839972e-01	6.961534096902151358e-02	2.777867268420144975e-02	7.125535557014869847e-02
1.056569014662313975e+03	2.704937016723093501e-01	1.742215541434609660e-01	2.416288938145662313e-01	1.448796614290029650e-01	6.965583262368968409e-02	2.780391165460824321e-02	7.131644466219486111e-02
1.058020345726410369e+03	2.702542934518333828e-01	1.740653349259629057e-01	2.418002407551420319e-01	1.449773216966812606e-01	6.969625542574939270e-02	2.782912256637649559e-02	7.137743117808693916e-02
1.059471676790506763e+03	2.700152926263151287e-01	1.739093806378137763e-01	2.419712955707328528e-01	1.450748009743107192e-01	6.973660949288444655e-02	2.785430541464581702e-02	7.143831528312959145e-02
1.060923007854603611e+03	2.697766984993646422e-01	1.737536908292289795e-01	2.421420587574210637e-01	1.451720996340737369e-01	6.977689494257773017e-02	2.787946019475102954e-02	7.149909714241517444e-02
1.062374338918700232e+03	2.695385103757962919e-01	1.735982650511874725e-01	2.423125308104463471e-01	1.452692180472459071e-01	6.981711189211152468e-02	2.790458690222119217e-02	7.155977692082363117e-02
1.063825669982796853e+03	2.693007275616268181e-01	1.734431028554306031e-01	2.424827122242071142e-01	1.453661565841988801e-01	6.985726045856793798e-02	2.792968553277859478e-02	7.162035478302239411e-02
1.065277001046893474e+03	2.690633493640732787e-01	1.732882037944608322e-01	2.426526034922619479e-01	1.454629156144029989e-01	6.989734075882933495e-02	2.795475608233777970e-02	7.168083089346621861e-02
1.066728332110990095e+03	2.688263750915507178e-01	1.731335674215403186e-01	2.428222051073310184e-01	1.455594955064299645e-01	6.993735290957869832e-02	2.797979854700455987e-02	7.174120541639709969e-02
1.068179663175086489e+03	2.685898040536703335e-01	1.729791932906898089e-01	2.429915175612975542e-01	1.456558966279555833e-01	6.997729702730000334e-02	2.800481292307504394e-02	7.180147851584414709e-02
1.069630994239183110e+03	2.683536355612367585e-01	1.728250809566871937e-01	2.431605413452092301e-01	1.457521193457625430e-01	7.001717322827860635e-02	2.802979920703464745e-02	7.186165035562347425e-02
1.071082325303279504e+03	2.681178689262467274e-01	1.726712299750662871e-01	2.433292769492795826e-01	1.458481640257428824e-01	7.005698162860167499e-02	2.805475739555713874e-02	7.192172109933811508e-02
1.072533656367376352e+03	2.678825034618865786e-01	1.725176399021155493e-01	2.434977248628894808e-01	1.459440310329008783e-01	7.009672234415849357e-02	2.807968748550366406e-02	7.198169091037789902e-02
1.073984987431472746e+03	2.676475384825298121e-01	1.723643102948767825e-01	2.436658855745884034e-01	1.460397207313554879e-01	7.013639549064090706e-02	2.810458947392179344e-02	7.204155995191936779e-02
1.075436318495569594e+03	2.674129733037354795e-01	1.722112407111438537e-01	2.438337595720961315e-01	1.461352334843432077e-01	7.017600118354368199e-02	2.812946335804455619e-02	7.210132838692566437e-02
1.076887649559666215e+03	2.671788072422459082e-01	1.720584307094614740e-01	2.440013473423038037e-01	1.462305696542205713e-01	7.021553953816483951e-02	2.815430913528949031e-02	7.216099637814646361e-02
1.078338980623762609e+03	2.669450396159847583e-01	1.719058798491238382e-01	2.441686493712755812e-01	1.463257296024668141e-01	7.025501066960608554e-02	2.817912680325768485e-02	7.222056408811788897e-02
1.079790311687859230e+03	2.667116697440543582e-01	1.717535876901733483e-01	2.443356661442499522e-01	1.464207136896865658e-01	7.029441469277311616e-02	2.820391635973285016e-02	7.228003167916240146e-02
1.081241642751955851e+03	2.664786969467344280e-01	1.716015537933994195e-01	2.445023981456412032e-01	1.465155222756124032e-01	7.033375172237606165e-02	2.822867780268036031e-02	7.233939931338877194e-02
1.082692973816052472e+03	2.662461205454793589e-01	1.714497777203372042e-01	2.446688458590406678e-01	1.466101557191073768e-01	7.037302187292980571e-02	2.825341113024631978e-02	7.239866715269194231e-02
1.084144304880149093e+03	2.660139398629163265e-01	1.712982590332662591e-01	2.448350097672183090e-01	1.467046143781678136e-01	7.041222525875433236e-02	2.827811634075663022e-02	7.245783535875302550e-02
1.085595635944245487e+03	2.657821542228433476e-01	1.711469972952093244e-01	2.450008903521240788e-01	1.467988986099256765e-01	7.045136199397511456e-02	2.830279343271605713e-02	7.251690409303918061e-02
1.087046967008342108e+03	2.655507629502270039e-01	1.709959920699311298e-01	2.451664880948891678e-01	1.468930087706512844e-01	7.049043219252344727e-02	2.832744240480730355e-02	7.257587351680354348e-02
1.088498298072438729e+03	2.653197653712003889e-01	1.708452429219369240e-01	2.453318034758275312e-01	1.469869452157558654e-01	7.052943596813689153e-02	2.835206325589009757e-02	7.263474379108521284e-02
1.089949629136535123e+03	2.650891608130611643e-01	1.706947494164714474e-01	2.454968369744373047e-01	1.470807082997940274e-01	7.056837343435948262e-02	2.837665598500025560e-02	7.269351507670918089e-02
1.091400960200631971e+03	2.648589486042695618e-01	1.705445111195175723e-01	2.456615890694021087e-01	1.471742983764664503e-01	7.060724470454221580e-02	2.840122059134877683e-02	7.275218753428623619e-02
1.092852291264728365e+03	2.646291280744458851e-01	1.703945275977950813e-01	2.458260602385924087e-01	1.472677157986222729e-01	7.064604989184330996e-02	2.842575707432093771e-02	7.281076132421293590e-02
1.094303622328825213e+03	2.643996985543690115e-01	1.702447984187593355e-01	2.459902509590670694e-01	1.473609609182618130e-01	7.068478910922862402e-02	2.845026543347536907e-02	7.286923660667160574e-02
1.095754953392921607e+03	2.641706593759740040e-01	1.700953231506001362e-01	2.461541617070744647e-01	1.474540340865388710e-01	7.072346246947197601e-02	2.847474566854316103e-02	7.292761354163022902e-02
1.097206284457018228e+03	2.639420098723501695e-01	1.699461013622404204e-01	2.463177929580541436e-01	1.475469356537633947e-01	7.076207008515544850e-02	2.849919777942696783e-02	7.298589228884241886e-02
1.098657615521114849e+03	2.637137493777387820e-01	1.697971326233349842e-01	2.464811451866379399e-01	1.476396659694039770e-01	7.080061206866980483e-02	2.852362176620009890e-02	7.304407300784739043e-02
1.100108946585211470e+03	2.634858772275315286e-01	1.696484165042693726e-01	2.466442188666515267e-01	1.477322253820902986e-01	7.083908853221480839e-02	2.854801762910563409e-02	7.310215585796990545e-02
1.101560277649308091e+03	2.632583927582679562e-01	1.694999525761584358e-01	2.468070144711157488e-01	1.478246142396156260e-01	7.087749958779952786e-02	2.857238536855552860e-02	7.316014099832028605e-02
1.103011608713404712e+03	2.630312953076336946e-01	1.693517404108452473e-01	2.469695324722479823e-01	1.479168328889393647e-01	7.091584534724271194e-02	2.859672498512973865e-02	7.321802858779434542e-02
1.104462939777501106e+03	2.628045842144585142e-01	1.692037795808998268e-01	2.471317733414634954e-01	1.480088816761894188e-01	7.095412592217312242e-02	2.862103647957532637e-02	7.327581878507336000e-02
1.105914270841597499e+03	2.625782588187141608e-01	1.690560696596179191e-01	2.472937375493767520e-01	1.481007609466647446e-01	7.099234142402986725e-02	2.864531985280559245e-02	7.333351174862406952e-02
1.107365601905694348e+03	2.623523184615122461e-01	1.689086102210197171e-01	2.474554255658028834e-01	1.481924710448377369e-01	7.103049196406276133e-02	2.866957510589919142e-02	7.339110763669860760e-02
1.108816932969790741e+03	2.621267624851023603e-01	1.687614008398486132e-01	2.476168378597589370e-01	1.482840123143567557e-01	7.106857765333260413e-02	2.869380224009926775e-02	7.344860660733455726e-02
1.110268264033887590e+03	2.619015902328701295e-01	1.686144410915701164e-01	2.477779748994653752e-01	1.483753850980485123e-01	7.110659860271155430e-02	2.871800125681258503e-02	7.350600881835488154e-02
1.111719595097984211e+03	2.616768010493349950e-01	1.684677305523704094e-01	2.479388371523473522e-01	1.484665897379204569e-01	7.114455492288347671e-02	2.874217215760866556e-02	7.356331442736790960e-02
1.113170926162080832e+03	2.614523942801483258e-01	1.683212687991552936e-01	2.480994250850359628e-01	1.485576265751632485e-01	7.118244672434420606e-02	2.876631494421891949e-02	7.362052359176733674e-02
1.114622257226177226e+03	2.612283692720914208e-01	1.681750554095489680e-01	2.482597391633696859e-01	1.486484959501531977e-01	7.122027411740194935e-02	2.879042961853581217e-02	7.367763646873223826e-02
1.116073588290273847e+03	2.610047253730736205e-01	1.680290899618926970e-01	2.484197798523958001e-01	1.487391982024546255e-01	7.125803721217754960e-02	2.881451618261197944e-02	7.373465321522706950e-02
1.117524919354370468e+03	2.607814619321298655e-01	1.678833720352436165e-01	2.485795476163716877e-01	1.488297336708222784e-01	7.129573611860488824e-02	2.883857463865940191e-02	7.379157398800158252e-02
1.118976250418467089e+03	2.605585782994193078e-01	1.677379012093736799e-01	2.487390429187661400e-01	1.489201026932036598e-01	7.133337094643113496e-02	2.886260498904854102e-02	7.384839894359090939e-02
1.120427581482563710e+03	2.603360738262229246e-01	1.675926770647681585e-01	2.488982662222606612e-01	1.490103056067414999e-01	7.137094180521708076e-02	2.888660723630750993e-02	7.390512823831554834e-02
1.121878912546660331e+03	2.601139478649417414e-01	1.674476991826246708e-01	2.490572179887508564e-01	1.491003427477760046e-01	7.140844880433754038e-02	2.891058138312123729e-02	7.396176202828137758e-02
1.123330243610756725e+03	2.598921997690945562e-01	1.673029671448519051e-01	2.492158986793478470e-01	1.491902144518474083e-01	7.144589205298156054e-02	2.893452743233061036e-02	7.401830046937961372e-02
1.124781574674853118e+03	2.596708288933162745e-01	1.671584805340683988e-01	2.493743087543794645e-01	1.492799210536980559e-01	7.148327166015280842e-02	2.895844538693166312e-02	7.407474371728686724e-02
1.126232905738949967e+03	2.594498345933559103e-01	1.670142389336012889e-01	2.495324486733916103e-01	1.493694628872750396e-01	7.152058773466986319e-02	2.898233525007474012e-02	7.413109192746515641e-02
1.127684236803046360e+03	2.592292162260743660e-01	1.668702419274851190e-01	2.496903188951496710e-01	1.494588402857323362e-01	7.155784038516657675e-02	2.900619702506366734e-02	7.418734525516192113e-02
1.129135567867143209e+03	2.590089731494426006e-01	1.667264891004608118e-01	2.498479198776397958e-01	1.495480535814331935e-01	7.159502972009232358e-02	2.903003071535493335e-02	7.424350385541002295e-02
1.130586898931239830e+03	2.587891047225399088e-01	1.665829800379742265e-01	2.500052520780702281e-01	1.496371031059524070e-01	7.163215584771234767e-02	2.905383632455687398e-02	7.429956788302774506e-02
1.132038229995336451e+03	2.585696103055515893e-01	1.664397143261750478e-01	2.501623159528725271e-01	1.497259891900787343e-01	7.166921887610812336e-02	2.907761385642884666e-02	7.435553749261888945e-02
1.133489561059432845e+03	2.583504892597671132e-01	1.662966915519156763e-01	2.503191119577030666e-01	1.498147121638171431e-01	7.170621891317759122e-02	2.910136331488043585e-02	7.441141283857274913e-02
1.134940892123529466e+03	2.581317409475782365e-01	1.661539113027499237e-01	2.504756405474443670e-01	1.499032723563910874e-01	7.174315606663550504e-02	2.912508470397062385e-02	7.446719407506410815e-02
1.136392223187626087e+03	2.579133647324770573e-01	1.660113731669318748e-01	2.506319021762060673e-01	1.499916700962447835e-01	7.178003044401376487e-02	2.914877802790698941e-02	7.452288135605335262e-02
1.137843554251722708e+03	2.576953599790540173e-01	1.658690767334146943e-01	2.507878972973265896e-01	1.500799057110455692e-01	7.181684215266168070e-02	2.917244329104493050e-02	7.457847483528644295e-02
1.139294885315819101e+03	2.574777260529959033e-01	1.657270215918494050e-01	2.509436263633743613e-01	1.501679795276860685e-01	7.185359129974631942e-02	2.919608049788682824e-02	7.463397466629496935e-02
1.140746216379915950e+03	2.572604623210841823e-01	1.655852073325837504e-01	2.510990898261492021e-01	1.502558918722865511e-01	7.189027799225281012e-02	2.921968965308128011e-02	7.468938100239616573e-02
1.142197547444012343e+03	2.570435681511926695e-01	1.654436335466610009e-01	2.512542881366833791e-01	1.503436430701971527e-01	7.192690233698460778e-02	2.924327076142228810e-02	7.474469399669297909e-02
1.143648878508108737e+03	2.568270429122858078e-01	1.653022998258187881e-01	2.514092217452429390e-01	1.504312334460000677e-01	7.196346444056386793e-02	2.926682382784848852e-02	7.479991380207411111e-02
1.145100209572205586e+03	2.566108859744167803e-01	1.651612057624878838e-01	2.515638911013294288e-01	1.505186633235118532e-01	7.199996440943169651e-02	2.929034885744235053e-02	7.485504057121401822e-02
1.146551540636302207e+03	2.563950967087255117e-01	1.650203509497910337e-01	2.517182966536808397e-01	1.506059330257856765e-01	7.203640234984848290e-02	2.931384585542939902e-02	7.491007445657302255e-02
1.148002871700398828e+03	2.561796744874368925e-01	1.648797349815417923e-01	2.518724388502728839e-01	1.506930428751134809e-01	7.207277836789421910e-02	2.933731482717743741e-02	7.496501561039729811e-02
1.149454202764495449e+03	2.559646186838585580e-01	1.647393574522433290e-01	2.520263181383204376e-01	1.507799931930282611e-01	7.210909256946873569e-02	2.936075577819577051e-02	7.501986418471894014e-02
1.150905533828591842e+03	2.557499286723793341e-01	1.645992179570872904e-01	2.521799349642786514e-01	1.508667843003061726e-01	7.214534506029209038e-02	2.938416871413443085e-02	7.507462033135606227e-02
1.152356864892688463e+03	2.555356038284670173e-01	1.644593160919526342e-01	2.523332897738445602e-01	1.509534165169688635e-01	7.218153594590481781e-02	2.940755364078340844e-02	7.512928420191278267e-02
1.153808195956785084e+03	2.553216435286667085e-01	1.643196514534044361e-01	2.524863830119579156e-01	1.510398901622855283e-01	7.221766533166820712e-02	2.943091056407189099e-02	7.518385594777932113e-02
1.155259527020881706e+03	2.551080471505988156e-01	1.641802236386927238e-01	2.526392151228029626e-01	1.511262055547752670e-01	7.225373332276467664e-02	2.945423949006748671e-02	7.523833572013206850e-02
1.156710858084978327e+03	2.548948140729571099e-01	1.640410322457513670e-01	2.527917865498094385e-01	1.512123630122090834e-01	7.228974002419802369e-02	2.947754042497548188e-02	7.529272366993355892e-02
1.158162189149074720e+03	2.546819436755068944e-01	1.639020768731968281e-01	2.529440977356538500e-01	1.512983628516121615e-01	7.232568554079371603e-02	2.950081337513806370e-02	7.534701994793265023e-02
1.159613520213171569e+03	2.544694353390830055e-01	1.637633571203270522e-01	2.530961491222608606e-01	1.513842053892660022e-01	7.236156997719922490e-02	2.952405834703358475e-02	7.540122470466452398e-02
1.161064851277267962e+03	2.542572884455881477e-01	1.636248725871202736e-01	2.532479411508044564e-01	1.514698909407105887e-01	7.239739343788426096e-02	2.954727534727580318e-02	7.545533809045074092e-02
1.162516182341364356e+03	2.540455023779908394e-01	1.634866228742339889e-01	2.533994742617093343e-01	1.515554198207464676e-01	7.243315602714116286e-02	2.957046438261313678e-02	7.550936025539936591e-02
1.163967513405461204e+03	2.538340765203235261e-01	1.633486075830036244e-01	2.535507488946522336e-01	1.516407923434369420e-01	7.246885784908509154e-02	2.959362545992791360e-02	7.556329134940499570e-02
1.165418844469557826e+03	2.536230102576808032e-01	1.632108263154415095e-01	2.537017654885629359e-01	1.517260088221102921e-01	7.250449900765439104e-02	2.961675858623563987e-02	7.561713152214880052e-02
1.166870175533654447e+03	2.534123029762174184e-01	1.630732786742357110e-01	2.538525244816257076e-01	1.518110695693616896e-01	7.254007960661087995e-02	2.963986376868426101e-02	7.567088092309867675e-02
1.168321506597751068e+03	2.532019540631466059e-01	1.629359642627487836e-01	2.540030263112806885e-01	1.518959748970555301e-01	7.257559974954008730e-02	2.966294101455341919e-02	7.572453970150926084e-02
1.169772837661847461e+03	2.529919629067379216e-01	1.627988826850167436e-01	2.541532714142249461e-01	1.519807251163273754e-01	7.261105953985162731e-02	2.968599033125371434e-02	7.577810800642201250e-02
1.171224168725944082e+03	2.527823288963156889e-01	1.626620335457479027e-01	2.543032602264138631e-01	1.520653205375861738e-01	7.264645908077940750e-02	2.970901172632599632e-02	7.583158598666533967e-02
1.172675499790040703e+03	2.525730514222568335e-01	1.625254164503216747e-01	2.544529931830623037e-01	1.521497614705162871e-01	7.268179847538201732e-02	2.973200520744061909e-02	7.588497379085461236e-02
1.174126830854137097e+03	2.523641298759893292e-01	1.623890310047874930e-01	2.546024707186460012e-01	1.522340482240795989e-01	7.271707782654290853e-02	2.975497078239672938e-02	7.593827156739231532e-02
1.175578161918233945e+03	2.521555636499901443e-01	1.622528768158636170e-01	2.547516932669026124e-01	1.523181811065175695e-01	7.275229723697075601e-02	2.977790845912154510e-02	7.599147946446804802e-02
1.177029492982330339e+03	2.519473521377835756e-01	1.621169534909361054e-01	2.549006612608332722e-01	1.524021604253533446e-01	7.278745680919973537e-02	2.980081824566962675e-02	7.604459763005867734e-02
1.178480824046426733e+03	2.517394947339390843e-01	1.619812606380575115e-01	2.550493751327035374e-01	1.524859864873938375e-01	7.282255664558978658e-02	2.982370015022217657e-02	7.609762621192843468e-02
1.179932155110523581e+03	2.515319908340697408e-01	1.618457978659458840e-01	2.551978353140447742e-01	1.525696595987316995e-01	7.285759684832694705e-02	2.984655418108632038e-02	7.615056535762894374e-02
1.181383486174620202e+03	2.513248398348302826e-01	1.617105647839836569e-01	2.553460422356554904e-01	1.526531800647474846e-01	7.289257751942360142e-02	2.986938034669440328e-02	7.620341521449934541e-02
1.182834817238716823e+03	2.511180411339153928e-01	1.615755610022163724e-01	2.554939963276025017e-01	1.527365481901116484e-01	7.292749876071875914e-02	2.989217865560327841e-02	7.625617592966643654e-02
1.184286148302813444e+03	2.509115941300575914e-01	1.614407861313516546e-01	2.556416980192219857e-01	1.528197642787864907e-01	7.296236067387838753e-02	2.991494911649360960e-02	7.630884765004465609e-02
1.185737479366910065e+03	2.507054982230257911e-01	1.613062397827581540e-01	2.557891477391211477e-01	1.529028286340283482e-01	7.299716336039564768e-02	2.993769173816917054e-02	7.636143052233627937e-02
1.187188810431006686e+03	2.504997528136229112e-01	1.611719215684642714e-01	2.559363459151790532e-01	1.529857415583894820e-01	7.303190692159121367e-02	2.996040652955614392e-02	7.641392469303148749e-02
1.188640141495103080e+03	2.502943573036848779e-01	1.610378311011571029e-01	2.560832929745481268e-01	1.530685033537201589e-01	7.306659145861352234e-02	2.998309349970243454e-02	7.646633030840842282e-02
1.190091472559199701e+03	2.500893110960780708e-01	1.609039679941814127e-01	2.562299893436550957e-01	1.531511143211706505e-01	7.310121707243910638e-02	3.000575265777697537e-02	7.651864751453335556e-02
1.191542803623296322e+03	2.498846135946976854e-01	1.607703318615383847e-01	2.563764354482027663e-01	1.532335747611932586e-01	7.313578386387283026e-02	3.002838401306903368e-02	7.657087645726073921e-02
1.192994134687392716e+03	2.496802642044662068e-01	1.606369223178845673e-01	2.565226317131705791e-01	1.533158849735442308e-01	7.317029193354819550e-02	3.005098757498753798e-02	7.662301728223333552e-02
1.194445465751489564e+03	2.494762623313313554e-01	1.605037389785307356e-01	2.566685785628163852e-01	1.533980452572858144e-01	7.320474138192763214e-02	3.007356335306038408e-02	7.667507013488233936e-02
1.195896796815585958e+03	2.492726073822642552e-01	1.603707814594408643e-01	2.568142764206773898e-01	1.534800559107882545e-01	7.323913230930273466e-02	3.009611135693376210e-02	7.672703516042744809e-02
1.197348127879682352e+03	2.490692987652577961e-01	1.602380493772308512e-01	2.569597257095713183e-01	1.535619172317317371e-01	7.327346481579458115e-02	3.011863159637147291e-02	7.677891250387697264e-02
1.198799458943779200e+03	2.488663358893246913e-01	1.601055423491675733e-01	2.571049268515979702e-01	1.536436295171082489e-01	7.330773900135402477e-02	3.014112408125426551e-02	7.683070231002800399e-02
1.200250790007875821e+03	2.486637181644957562e-01	1.599732599931677490e-01	2.572498802681400520e-01	1.537251930632237418e-01	7.334195496576192963e-02	3.016358882157915700e-02	7.688240472346642707e-02
1.201702121071972442e+03	2.484614450018181042e-01	1.598412019277966889e-01	2.573945863798646760e-01	1.538066081656999651e-01	7.337611280862950391e-02	3.018602582745876992e-02	7.693401988856712892e-02
1.203153452136069063e+03	2.482595158133533708e-01	1.597093677722674354e-01	2.575390456067245259e-01	1.538878751194763805e-01	7.341021262939850800e-02	3.020843510912065571e-02	7.698554794949402647e-02
1.204604783200165684e+03	2.480579300121758812e-01	1.595777571464394584e-01	2.576832583679588562e-01	1.539689942188121885e-01	7.344425452734161530e-02	3.023081667690664942e-02	7.703698905020027465e-02
1.206056114264262078e+03	2.478566870123709021e-01	1.594463696708177114e-01	2.578272250820950462e-01	1.540499657572882153e-01	7.347823860156263431e-02	3.025317054127219310e-02	7.708834333442832198e-02
1.207507445328358699e+03	2.476557862290328926e-01	1.593152049665513270e-01	2.579709461669494885e-01	1.541307900278088561e-01	7.351216495099677228e-02	3.027549671278569401e-02	7.713961094571003541e-02
1.208958776392455093e+03	2.474552270782636454e-01	1.591842626554328122e-01	2.581144220396289768e-01	1.542114673226039623e-01	7.354603367441096828e-02	3.029779520212784807e-02	7.719079202736685297e-02
1.210410107456551941e+03	2.472550089771706483e-01	1.590535423598967435e-01	2.582576531165319822e-01	1.542919979332307845e-01	7.357984487040414301e-02	3.032006602009101534e-02	7.724188672250985321e-02
1.211861438520648335e+03	2.470551313438651142e-01	1.589230437030187126e-01	2.584006398133495974e-01	1.543723821505758320e-01	7.361359863740743470e-02	3.034230917757855042e-02	7.729289517403993559e-02
1.213312769584745183e+03	2.468555935974604543e-01	1.587927663085142438e-01	2.585433825450670353e-01	1.544526202648568436e-01	7.364729507368455996e-02	3.036452468560416756e-02	7.734381752464790372e-02
1.214764100648841804e+03	2.466563951580703351e-01	1.586627098007377668e-01	2.586858817259646282e-01	1.545327125656246192e-01	7.368093427733199419e-02	3.038671255529128840e-02	7.739465391681460416e-02
1.216215431712937971e+03	2.464575354468069857e-01	1.585328738046815067e-01	2.588281377696191599e-01	1.546126593417649353e-01	7.371451634627930460e-02	3.040887279787240702e-02	7.744540449281103744e-02
1.217666762777034819e+03	2.462590138857794486e-01	1.584032579459742907e-01	2.589701510889047542e-01	1.546924608815004321e-01	7.374804137828940009e-02	3.043100542468845510e-02	7.749606939469853850e-02
1.219118093841131440e+03	2.460608298980917763e-01	1.582738618508806594e-01	2.591119220959945957e-01	1.547721174723925008e-01	7.378150947095883649e-02	3.045311044718815308e-02	7.754664876432883214e-02
1.220569424905228061e+03	2.458629829078414208e-01	1.581446851462996739e-01	2.592534512023616511e-01	1.548516294013430050e-01	7.381492072171805252e-02	3.047518787692738568e-02	7.759714274334424122e-02
1.222020755969324682e+03	2.456654723401172635e-01	1.580157274597638328e-01	2.593947388187800018e-01	1.549309969545963617e-01	7.384827522783164733e-02	3.049723772556857740e-02	7.764755147317774220e-02
1.223472087033421303e+03	2.454682976209981160e-01	1.578869884194379347e-01	2.595357853553262872e-01	1.550102204177412346e-01	7.388157308639867193e-02	3.051926000488005067e-02	7.769787509505315937e-02
1.224923418097517697e+03	2.452714581775508051e-01	1.577584676541181619e-01	2.596765912213804262e-01	1.550893000757124773e-01	7.391481439435286516e-02	3.054125472673541522e-02	7.774811374998527591e-02
1.226374749161614318e+03	2.450749534378284800e-01	1.576301647932309979e-01	2.598171568256272268e-01	1.551682362127928816e-01	7.394799924846298667e-02	3.056322190311294013e-02	7.779826757877993104e-02
1.227826080225710712e+03	2.448787828308689463e-01	1.575020794668319790e-01	2.599574825760572194e-01	1.552470291126150648e-01	7.398112774533301128e-02	3.058516154609493276e-02	7.784833672203425592e-02
1.229277411289807560e+03	2.446829457866928070e-01	1.573742113056047776e-01	2.600975688799681551e-01	1.553256790581633573e-01	7.401419998140244816e-02	3.060707366786712125e-02	7.789832132013671528e-02
1.230728742353903954e+03	2.444874417363019081e-01	1.572465599408601478e-01	2.602374161439660050e-01	1.554041863317754679e-01	7.404721605294659059e-02	3.062895828071803342e-02	7.794822151326730175e-02
1.232180073418000802e+03	2.442922701116774231e-01	1.571191250045347321e-01	2.603770247739660149e-01	1.554825512151444544e-01	7.408017605607682132e-02	3.065081539703840355e-02	7.799803744139763295e-02
1.233631404482097196e+03	2.440974303457782990e-01	1.569919061291900897e-01	2.605163951751941487e-01	1.555607739893204167e-01	7.411308008674080683e-02	3.067264502932054437e-02	7.804776924429114582e-02
1.235082735546193817e+03	2.439029218725394521e-01	1.568649029480116697e-01	2.606555277521881431e-01	1.556388549347123562e-01	7.414592824072284427e-02	3.069444719015775036e-02	7.809741706150320761e-02
1.236534066610290438e+03	2.437087441268700472e-01	1.567381150948076729e-01	2.607944229087986732e-01	1.557167943310900082e-01	7.417872061364406966e-02	3.071622189224368707e-02	7.814698103238125471e-02
1.237985397674387059e+03	2.435148965446518599e-01	1.566115422040079974e-01	2.609330810481905183e-01	1.557945924575855345e-01	7.421145730096277704e-02	3.073796914837180136e-02	7.819646129606493135e-02
1.239436728738483680e+03	2.433213785627374726e-01	1.564851839106632669e-01	2.610715025728437277e-01	1.558722495926953833e-01	7.424413839797461279e-02	3.075968897143470035e-02	7.824585799148629783e-02
1.240888059802580301e+03	2.431281896189486369e-01	1.563590398504436929e-01	2.612096878845546755e-01	1.559497660142820652e-01	7.427676399981295030e-02	3.078138137442357550e-02	7.829517125736991379e-02
1.242339390866676695e+03	2.429353291520745250e-01	1.562331096596380198e-01	2.613476373844374478e-01	1.560271419995758746e-01	7.430933420144904267e-02	3.080304637042759891e-02	7.834440123223299079e-02
1.243790721930773088e+03	2.427427966018700922e-01	1.561073929751525813e-01	2.614853514729248984e-01	1.561043778251766934e-01	7.434184909769234184e-02	3.082468397263333354e-02	7.839354805438558671e-02
1.245242052994869937e+03	2.425505914090543558e-01	1.559818894345101070e-01	2.616228305497696471e-01	1.561814737670557118e-01	7.437430878319080396e-02	3.084629419432414685e-02	7.844261186193068891e-02
1.246693384058966330e+03	2.423587130153086744e-01	1.558565986758487787e-01	2.617600750140456345e-01	1.562584301005572607e-01	7.440671335243105589e-02	3.086787704887961406e-02	7.849159279276446410e-02
1.248144715123063179e+03	2.421671608632750827e-01	1.557315203379211477e-01	2.618970852641487879e-01	1.563352471004004762e-01	7.443906289973875601e-02	3.088943254977494224e-02	7.854049098457628608e-02
1.249596046187159800e+03	2.419759343965545983e-01	1.556066540600930803e-01	2.620338616977985202e-01	1.564119250406810768e-01	7.447135751927877467e-02	3.091096071058039088e-02	7.858930657484901328e-02
1.251047377251256421e+03	2.417850330597055841e-01	1.554819994823427587e-01	2.621704047120387293e-01	1.564884641948731114e-01	7.450359730505554112e-02	3.093246154496068559e-02	7.863803970085904427e-02
1.252498708315352815e+03	2.415944562982419164e-01	1.553575562452595427e-01	2.623067147032391300e-01	1.565648648358306527e-01	7.453578235091323778e-02	3.095393506667444214e-02	7.868669049967655371e-02
1.253950039379449436e+03	2.414042035586315693e-01	1.552333239900431094e-01	2.624427920670959757e-01	1.566411272357895179e-01	7.456791275053609169e-02	3.097538128957359749e-02	7.873525910816558948e-02
1.255401370443546057e+03	2.412142742882947000e-01	1.551093023585022324e-01	2.625786371986337797e-01	1.567172516663690451e-01	7.459998859744863819e-02	3.099680022760283732e-02	7.878374566298425308e-02
1.256852701507642678e+03	2.410246679356020938e-01	1.549854909930538926e-01	2.627142504922059252e-01	1.567932383985737310e-01	7.463200998501597072e-02	3.101819189479901318e-02	7.883215030058486616e-02
1.258304032571739299e+03	2.408353839498734716e-01	1.548618895367221138e-01	2.628496323414962199e-01	1.568690877027950348e-01	7.466397700644403224e-02	3.103955630529059428e-02	7.888047315721412323e-02
1.259755363635835920e+03	2.406464217813757966e-01	1.547384976331369899e-01	2.629847831395197288e-01	1.569447998488129603e-01	7.469588975477983728e-02	3.106089347329708816e-02	7.892871436891325809e-02
1.261206694699932314e+03	2.404577808813216644e-01	1.546153149265337978e-01	2.631197032786241063e-01	1.570203751057978048e-01	7.472774832291173563e-02	3.108220341312848550e-02	7.897687407151819661e-02
1.262658025764028707e+03	2.402694607018676376e-01	1.544923410617516646e-01	2.632543931504905954e-01	1.570958137423118239e-01	7.475955280356971766e-02	3.110348613918469812e-02	7.902495240065972315e-02
1.264109356828125556e+03	2.400814606961126085e-01	1.543695756842327349e-01	2.633888531461353044e-01	1.571711160263109808e-01	7.479130328932560856e-02	3.112474166595500386e-02	7.907294949176364718e-02
1.265560687892221949e+03	2.398937803180959949e-01	1.542470184400211997e-01	2.635230836559102063e-01	1.572462822251465830e-01	7.482299987259337370e-02	3.114597000801748797e-02	7.912086548005098363e-02
1.267012018956318798e+03	2.397064190227963243e-01	1.541246689757622412e-01	2.636570850695044155e-01	1.573213126055669486e-01	7.485464264562941006e-02	3.116717118003848458e-02	7.916870050053807784e-02
1.268463350020415419e+03	2.395193762661294579e-01	1.540025269387008400e-01	2.637908577759450202e-01	1.573962074337190153e-01	7.488623170053268496e-02	3.118834519677204237e-02	7.921645468803682755e-02
1.269914681084511813e+03	2.393326515049469250e-01	1.538805919766809693e-01	2.639244021635986370e-01	1.574709669751501173e-01	7.491776712924511084e-02	3.120949207305936252e-02	7.926412817715479397e-02
1.271366012148608434e+03	2.391462441970343411e-01	1.537588637381444301e-01	2.640577186201721327e-01	1.575455914948095393e-01	7.494924902355176721e-02	3.123061182382825055e-02	7.931172110229540995e-02
1.272817343212705055e+03	2.389601538011097426e-01	1.536373418721300455e-01	2.641908075327140670e-01	1.576200812570502374e-01	7.498067747508113667e-02	3.125170446409258895e-02	7.935923359765811869e-02
1.274268674276801676e+03	2.387743797768220044e-01	1.535160260282723288e-01	2.643236692876155258e-01	1.576944365256303937e-01	7.501205257530538240e-02	3.127277000895177517e-02	7.940666579723859586e-02
1.275720005340898297e+03	2.385889215847490363e-01	1.533949158568007343e-01	2.644563042706113976e-01	1.577686575637151645e-01	7.504337441554062571e-02	3.129380847359020112e-02	7.945401783482884672e-02
1.277171336404994690e+03	2.384037786863964503e-01	1.532740110085385743e-01	2.645887128667814836e-01	1.578427446338782070e-01	7.507464308694714039e-02	3.131481987327670857e-02	7.950128984401744203e-02
1.278622667469091539e+03	2.382189505441956734e-01	1.531533111349019372e-01	2.647208954605516640e-01	1.579166979981033725e-01	7.510585868052964409e-02	3.133580422336405130e-02	7.954848195818967072e-02
1.280073998533187932e+03	2.380344366215024487e-01	1.530328158878987710e-01	2.648528524356948965e-01	1.579905179177863161e-01	7.513702128713758976e-02	3.135676153928836085e-02	7.959559431052770639e-02
1.281525329597284326e+03	2.378502363825951704e-01	1.529125249201278847e-01	2.649845841753322162e-01	1.580642046537360235e-01	7.516813099746537385e-02	3.137769183656863303e-02	7.964262703401078780e-02
1.282976660661381175e+03	2.376663492926732735e-01	1.527924378847778653e-01	2.651160910619341782e-01	1.581377584661766422e-01	7.519918790205257220e-02	3.139859513080618669e-02	7.968958026141537143e-02
1.284427991725477568e+03	2.374827748178556797e-01	1.526725544356261066e-01	2.652473734773217462e-01	1.582111796147488147e-01	7.523019209128428697e-02	3.141947143768412942e-02	7.973645412531535359e-02
1.285879322789574417e+03	2.372995124251791321e-01	1.525528742270378380e-01	2.653784318026673472e-01	1.582844683585114265e-01	7.526114365539128548e-02	3.144032077296685795e-02	7.978324875808223693e-02
1.287330653853671038e+03	2.371165615825965300e-01	1.524333969139651246e-01	2.655092664184961482e-01	1.583576249559432159e-01	7.529204268445034709e-02	3.146114315249951693e-02	7.982996429188524146e-02
1.288781984917767431e+03	2.369339217589754576e-01	1.523141221519458410e-01	2.656398777046870552e-01	1.584306496649442730e-01	7.532288926838444365e-02	3.148193859220750623e-02	7.987660085869159599e-02
1.290233315981864052e+03	2.367515924240965186e-01	1.521950495971026995e-01	2.657702660404737682e-01	1.585035427428377053e-01	7.535368349696304480e-02	3.150270710809591895e-02	7.992315859026662139e-02
