1.001418434226643626e+03	2.799047515463673474e-01	1.803531337268638179e-01	2.348974571282403667e-01	1.410333996517204036e-01	6.806462427194398535e-02	2.682825070706381168e-02	6.891838296763144744e-02
1.003837319333471214e+03	2.794793043929430509e-01	1.800755698870275257e-01	2.352019868296803540e-01	1.412080059862534653e-01	6.813644722400979958e-02	2.687204203061305599e-02	6.902664364930383156e-02
1.006256204440298802e+03	2.790550634928992690e-01	1.797987902366490198e-01	2.355056518744616523e-01	1.413820689890910587e-01	6.820806678498250730e-02	2.691575620497389451e-02	6.913460241677366058e-02
1.008675089547126618e+03	2.786320254090703941e-01	1.795227925578957995e-01	2.358084547086349292e-01	1.415555905482837051e-01	6.827948353375053181e-02	2.695939317151913039e-02	6.924226007067657562e-02
1.011093974653954206e+03	2.782101867142122709e-01	1.792475746392082070e-01	2.361103977713288893e-01	1.417285725440703137e-01	6.835069804752444411e-02	2.700295287343374567e-02	6.934961741005318814e-02
1.013512859760782021e+03	2.777895439909728315e-01	1.789731342752814980e-01	2.364114834947697585e-01	1.419010168489175938e-01	6.842171090184419324e-02	2.704643525569993059e-02	6.945667523234526353e-02
1.015931744867609382e+03	2.773700938318621745e-01	1.786994692670484108e-01	2.367117143043010186e-01	1.420729253275590520e-01	6.849252267058612842e-02	2.708984026508222398e-02	6.956343433339202964e-02
1.018350629974437197e+03	2.769518328392236994e-01	1.784265774216613198e-01	2.370110926184027245e-01	1.422442998370339606e-01	6.856313392596995182e-02	2.713316785011276808e-02	6.966989550742666570e-02
1.020769515081264785e+03	2.765347576252043527e-01	1.781544565524746659e-01	2.373096208487110725e-01	1.424151422267259659e-01	6.863354523856551870e-02	2.717641796107665361e-02	6.977605954707286062e-02
1.023188400188092373e+03	2.761188648117257616e-01	1.778831044790275262e-01	2.376073014000376904e-01	1.425854543384016959e-01	6.870375717729948484e-02	2.721959054999738975e-02	6.988192724334153783e-02
1.025607285294920075e+03	2.757041510304550913e-01	1.776125190270260168e-01	2.379041366703890104e-01	1.427552380062488968e-01	6.877377030946187075e-02	2.726268557062245732e-02	6.998749938562770501e-02
1.028026170401747549e+03	2.752906129227758458e-01	1.773426980283259180e-01	2.382001290509856151e-01	1.429244950569146799e-01	6.884358520071251486e-02	2.730570297840897304e-02	7.009277676170745652e-02
1.030445055508575479e+03	2.748782471397591687e-01	1.770736393209151882e-01	2.384952809262813611e-01	1.430932273095433249e-01	6.891320241508737399e-02	2.734864273050946482e-02	7.019776015773501743e-02
1.032863940615402726e+03	2.744670503421350882e-01	1.768053407488966999e-01	2.387895946739825859e-01	1.432614365758139718e-01	6.898262251500481002e-02	2.739150478575771638e-02	7.030245035823998179e-02
1.035282825722230655e+03	2.740570192002636518e-01	1.765378001624709203e-01	2.390830726650672311e-01	1.434291246599781189e-01	6.905184606127161284e-02	2.743428910465475420e-02	7.040684814612460651e-02
1.037701710829058356e+03	2.736481503941062265e-01	1.762710154179186473e-01	2.393757172638038555e-01	1.435962933588968427e-01	6.912087361308913436e-02	2.747699564935490030e-02	7.051095430266129949e-02
1.040120595935886058e+03	2.732404406131971886e-01	1.760049843775838008e-01	2.396675308277707306e-01	1.437629444620779351e-01	6.918970572805913100e-02	2.751962438365193608e-02	7.061476960749012155e-02
1.042539481042713533e+03	2.728338865566154459e-01	1.757397049098563813e-01	2.399585157078747144e-01	1.439290797517127907e-01	6.925834296218967567e-02	2.756217527296535991e-02	7.071829483861646892e-02
1.044958366149541234e+03	2.724284849329561276e-01	1.754751748891551499e-01	2.402486742483701254e-01	1.440947010027130437e-01	6.932678586990086156e-02	2.760464828432674517e-02	7.082153077240879724e-02
1.047377251256368709e+03	2.720242324603021067e-01	1.752113921959108089e-01	2.405380087868776995e-01	1.442598099827470393e-01	6.939503500403049197e-02	2.764704338636619213e-02	7.092447818359653988e-02
1.049796136363196410e+03	2.716211258661961336e-01	1.749483547165487651e-01	2.408265216544032694e-01	1.444244084522761096e-01	6.946309091583968698e-02	2.768936054929886301e-02	7.102713784526802632e-02
1.052215021470024112e+03	2.712191618876125809e-01	1.746860603434725046e-01	2.411142151753565832e-01	1.445884981645906286e-01	6.953095415501837906e-02	2.773159974491163499e-02	7.112951052886855308e-02
1.054633906576851814e+03	2.708183372709297432e-01	1.744245069750463006e-01	2.414010916675698726e-01	1.447520808658459279e-01	6.959862526969071150e-02	2.777376094654982266e-02	7.123159700419853801e-02
1.057052791683679516e+03	2.704186487719014709e-01	1.741636925155786164e-01	2.416871534423166712e-01	1.449151582950979344e-01	6.966610480642052017e-02	2.781584412910400456e-02	7.133339803941177171e-02
1.059471676790506763e+03	2.700200931556298034e-01	1.739036148753051181e-01	2.419724028043301611e-01	1.450777321843386425e-01	6.973339331021650989e-02	2.785784926899694675e-02	7.143491440101377987e-02
1.061890561897334692e+03	2.696226671965371580e-01	1.736442719703721049e-01	2.422568420518219356e-01	1.452398042585313631e-01	6.980049132453759742e-02	2.789977634417059593e-02	7.153614685386021355e-02
1.064309447004162394e+03	2.692263676783386295e-01	1.733856617228196340e-01	2.425404734765002901e-01	1.454013762356458628e-01	6.986739939129796295e-02	2.794162533407318696e-02	7.163709616115541967e-02
1.066728332110990095e+03	2.688311913940145126e-01	1.731277820605648943e-01	2.428232993635887071e-01	1.455624498266931965e-01	6.993411805087224042e-02	2.798339621964642671e-02	7.173776308445101169e-02
1.069147217217817570e+03	2.684371351457828792e-01	1.728706309173855815e-01	2.431053219918442310e-01	1.457230267357603470e-01	7.000064784210055513e-02	2.802508898331277504e-02	7.183814838364453725e-02
1.071566102324645271e+03	2.680441957450723223e-01	1.726142062329033833e-01	2.433865436335757582e-01	1.458831086600448079e-01	7.006698930229349198e-02	2.806670360896279526e-02	7.193825281697832641e-02
1.073984987431472746e+03	2.676523700124944782e-01	1.723585059525672702e-01	2.436669665546623564e-01	1.460426972898887787e-01	7.013314296723704988e-02	2.810824008194261203e-02	7.203807714103828419e-02
1.076403872538300675e+03	2.672616547778169371e-01	1.721035280276372592e-01	2.439465930145714168e-01	1.462017943088133320e-01	7.019910937119754057e-02	2.814969838904145608e-02	7.213762211075283592e-02
1.078822757645127922e+03	2.668720468799363199e-01	1.718492704151677597e-01	2.442254252663768332e-01	1.463604013935522474e-01	7.026488904692636261e-02	2.819107851847928517e-02	7.223688847939194191e-02
1.081241642751955851e+03	2.664835431668510224e-01	1.715957310779913370e-01	2.445034655567770721e-01	1.465185202140857346e-01	7.033048252566485858e-02	2.823238045989447456e-02	7.233587699856616759e-02
1.083660527858783553e+03	2.660961404956345699e-01	1.713429079847022529e-01	2.447807161261133513e-01	1.466761524336739342e-01	7.039589033714899191e-02	2.827360420433164268e-02	7.243458841822589256e-02
1.086079412965611255e+03	2.657098357324084725e-01	1.710907991096402847e-01	2.450571792083875156e-01	1.468332997088903358e-01	7.046111300961409307e-02	2.831474974422950805e-02	7.253302348666047783e-02
1.088498298072438729e+03	2.653246257523156348e-01	1.708394024328743210e-01	2.453328570312800216e-01	1.469899636896547235e-01	7.052615106979943926e-02	2.835581707340885035e-02	7.263118295049762752e-02
1.090917183179266431e+03	2.649405074394938775e-01	1.705887159401863196e-01	2.456077518161679241e-01	1.471461460192663162e-01	7.059100504295293121e-02	2.839680618706057202e-02	7.272906755470269491e-02
1.093336068286093905e+03	2.645574776870489586e-01	1.703387376230550421e-01	2.458818657781425832e-01	1.473018483344363527e-01	7.065567545283561735e-02	2.843771708173380500e-02	7.282667804257822453e-02
1.095754953392921607e+03	2.641755333970285946e-01	1.700894654786399840e-01	2.461552011260276229e-01	1.474570722653207322e-01	7.072016282172617629e-02	2.847854975532413541e-02	7.292401515576335536e-02
1.098173838499749309e+03	2.637946714803955373e-01	1.698408975097652762e-01	2.464277600623965281e-01	1.476118194355524049e-01	7.078446767042549659e-02	2.851930420706188032e-02	7.302107963423346004e-02
1.100592723606577010e+03	2.634148888570015945e-01	1.695930317249037256e-01	2.466995447835904909e-01	1.477660914622734578e-01	7.084859051826104814e-02	2.855998043750047552e-02	7.311787221629981182e-02
1.103011608713404712e+03	2.630361824555611516e-01	1.693458661381607167e-01	2.469705574797359526e-01	1.479198899561672553e-01	7.091253188309136479e-02	2.860057844850491526e-02	7.321439363860922367e-02
1.105430493820231959e+03	2.626585492136253586e-01	1.690993987692583911e-01	2.472408003347622840e-01	1.480732165214901641e-01	7.097629228131031864e-02	2.864109824324027539e-02	7.331064463614382631e-02
1.107849378927059888e+03	2.622819860775555956e-01	1.688536276435197714e-01	2.475102755264192711e-01	1.482260727561031388e-01	7.103987222785156097e-02	2.868153982616033701e-02	7.340662594222095716e-02
1.110268264033887590e+03	2.619064900024978271e-01	1.686085507918527460e-01	2.477789852262946846e-01	1.483784602515032802e-01	7.110327223619282433e-02	2.872190320299626912e-02	7.350233828849295215e-02
1.112687149140715292e+03	2.615320579523566780e-01	1.683641662507345538e-01	2.480469315998315993e-01	1.485303805928550325e-01	7.116649281836014140e-02	2.876218838074539111e-02	7.359778240494718737e-02
1.115106034247542766e+03	2.611586868997693434e-01	1.681204720621957138e-01	2.483141168063459914e-01	1.486818353590212971e-01	7.122953448493217488e-02	2.880239536766001154e-02	7.369295901990603748e-02
1.117524919354370468e+03	2.607863738260800535e-01	1.678774662738046208e-01	2.485805429990439186e-01	1.488328261225942695e-01	7.129239774504436689e-02	2.884252417323635714e-02	7.378786886002691725e-02
1.119943804461197942e+03	2.604151157213143719e-01	1.676351469386516413e-01	2.488462123250389513e-01	1.489833544499263029e-01	7.135508310639319951e-02	2.888257480820356424e-02	7.388251265030246206e-02
1.122362689568025871e+03	2.600449095841536051e-01	1.673935121153336536e-01	2.491111269253693250e-01	1.491334219011602735e-01	7.141759107524031647e-02	2.892254728451274307e-02	7.397689111406061113e-02
1.124781574674853118e+03	2.596757524219092117e-01	1.671525598679383384e-01	2.493752889350151769e-01	1.492830300302600277e-01	7.147992215641670033e-02	2.896244161532613576e-02	7.407100497296491282e-02
1.127200459781681047e+03	2.593076412504974892e-01	1.669122882660287466e-01	2.496387004829157263e-01	1.494321803850406083e-01	7.154207685332673872e-02	2.900225781500632982e-02	7.416485494701477443e-02
1.129619344888508749e+03	2.589405730944140949e-01	1.666726953846278392e-01	2.499013636919864001e-01	1.495808745071982304e-01	7.160405566795238763e-02	2.904199589910554796e-02	7.425844175454578144e-02
1.132038229995336451e+03	2.585745449867091206e-01	1.664337793042029445e-01	2.501632806791358465e-01	1.497291139323401188e-01	7.166585910085715438e-02	2.908165588435502810e-02	7.435176611223007215e-02
1.134457115102163925e+03	2.582095539689613362e-01	1.661955381106503815e-01	2.504244535552829776e-01	1.498769001900141229e-01	7.172748765119020542e-02	2.912123778865445545e-02	7.444482873507679566e-02
1.136876000208991627e+03	2.578455970912534312e-01	1.659579698952801385e-01	2.506848844253738440e-01	1.500242348037383600e-01	7.178894181669037700e-02	2.916074163106148823e-02	7.453763033643259761e-02
1.139294885315819101e+03	2.574826714121471460e-01	1.657210727548005247e-01	2.509445753883986496e-01	1.501711192910303583e-01	7.185022209369013035e-02	2.920016743178133201e-02	7.463017162798207815e-02
1.141713770422646803e+03	2.571207739986579033e-01	1.654848447913029874e-01	2.512035285374086269e-01	1.503175551634363116e-01	7.191132897711957628e-02	2.923951521215639379e-02	7.472245331974844418e-02
1.144132655529474505e+03	2.567599019262302162e-01	1.652492841122467637e-01	2.514617459595327453e-01	1.504635439265600005e-01	7.197226296051040251e-02	2.927878499465603329e-02	7.481447612009410608e-02
1.146551540636302207e+03	2.564000522787125980e-01	1.650143888304437811e-01	2.517192297359945874e-01	1.506090870800916581e-01	7.203302453599987054e-02	2.931797680286634539e-02	7.490624073572133002e-02
1.148970425743129908e+03	2.560412221483334139e-01	1.647801570640435032e-01	2.519759819421291125e-01	1.507541861178365583e-01	7.209361419433463203e-02	2.935709066148002241e-02	7.499774787167294565e-02
1.151389310849957155e+03	2.556834086356755686e-01	1.645465869365177469e-01	2.522320046473991439e-01	1.508988425277435486e-01	7.215403242487469782e-02	2.939612659628632052e-02	7.508899823133313722e-02
1.153808195956785084e+03	2.553266088496523589e-01	1.643136765766457508e-01	2.524872999154122999e-01	1.510430577919332495e-01	7.221427971559729597e-02	2.943508463416104337e-02	7.517999251642820679e-02
1.156227081063612786e+03	2.549708199074827708e-01	1.640814241184991584e-01	2.527418698039370359e-01	1.511868333867263381e-01	7.227435655310075757e-02	2.947396480305663341e-02	7.527073142702740693e-02
1.158645966170440488e+03	2.546160389346673325e-01	1.638498277014269477e-01	2.529957163649198537e-01	1.513301707826714415e-01	7.233426342260833308e-02	2.951276713199231863e-02	7.536121566154388440e-02
1.161064851277267962e+03	2.542622630649634119e-01	1.636188854700405260e-01	2.532488416445013435e-01	1.514730714445729209e-01	7.239400080797203652e-02	2.955149165104431139e-02	7.545144591673554058e-02
1.163483736384095664e+03	2.539094894403612357e-01	1.633885955741989915e-01	2.535012476830326711e-01	1.516155368315186269e-01	7.245356919167643406e-02	2.959013839133611823e-02	7.554142288770601676e-02
1.165902621490923138e+03	2.535577152110594645e-01	1.631589561689940626e-01	2.537529365150921201e-01	1.517575683969073497e-01	7.251296905484246047e-02	2.962870738502886708e-02	7.563114726790572118e-02
1.168321506597751068e+03	2.532069375354413232e-01	1.629299654147354226e-01	2.540039101695014678e-01	1.518991675884761028e-01	7.257220087723116608e-02	2.966719866531171423e-02	7.572061974913282811e-02
1.170740391704578315e+03	2.528571535800504533e-01	1.627016214769359814e-01	2.542541706693419723e-01	1.520403358483273237e-01	7.263126513724753319e-02	2.970561226639235886e-02	7.580984102153436044e-02
1.173159276811406244e+03	2.525083605195668768e-01	1.624739225262970543e-01	2.545037200319710258e-01	1.521810746129559355e-01	7.269016231194419531e-02	2.974394822348756448e-02	7.589881177360739695e-02
1.175578161918233945e+03	2.521605555367831819e-01	1.622468667386937347e-01	2.547525602690380309e-01	1.523213853132760753e-01	7.274889287702512863e-02	2.978220657281377068e-02	7.598753269220008544e-02
1.177997047025061647e+03	2.518137358225807088e-01	1.620204522951602943e-01	2.550006933865007208e-01	1.524612693746479897e-01	7.280745730684945460e-02	2.982038735157779147e-02	7.607600446251297499e-02
1.180415932131889122e+03	2.514678985759057350e-01	1.617946773818755568e-01	2.552481213846413688e-01	1.526007282169044577e-01	7.286585607443507584e-02	2.985849059796753108e-02	7.616422776810015394e-02
1.182834817238716823e+03	2.511230410037459948e-01	1.615695401901482975e-01	2.554948462580827195e-01	1.527397632543771866e-01	7.292408965146239541e-02	2.989651635114281072e-02	7.625220329087052662e-02
1.185253702345544298e+03	2.507791603211068088e-01	1.613450389164028664e-01	2.557408699958039766e-01	1.528783758959229855e-01	7.298215850827800832e-02	2.993446465122622663e-02	7.633993171108914566e-02
1.187672587452371999e+03	2.504362537509876585e-01	1.611211717621645889e-01	2.559861945811568451e-01	1.530165675449500495e-01	7.304006311389832362e-02	2.997233553929409475e-02	7.642741370737850259e-02
1.190091472559199701e+03	2.500943185243588718e-01	1.608979369340453602e-01	2.562308219918815189e-01	1.531543395994436896e-01	7.309780393601322812e-02	3.001012905736743022e-02	7.651464995671991565e-02
1.192510357666027403e+03	2.497533518801381691e-01	1.606753326437293516e-01	2.564747542001225566e-01	1.532916934519922003e-01	7.315538144098977791e-02	3.004784524840302048e-02	7.660164113445494527e-02
1.194929242772855105e+03	2.494133510651672103e-01	1.604533571079585774e-01	2.567179931724445918e-01	1.534286304898125064e-01	7.321279609387575105e-02	3.008548415628453307e-02	7.668838791428678192e-02
1.197348127879682352e+03	2.490743133341885851e-01	1.602320085485185730e-01	2.569605408698483751e-01	1.535651520947756699e-01	7.327004835840329744e-02	3.012304582581370668e-02	7.677489096828174486e-02
1.199767012986510281e+03	2.487362359498224706e-01	1.600112851922241286e-01	2.572023992477863175e-01	1.537012596434321199e-01	7.332713869699256093e-02	3.016053030270159085e-02	7.686115096687075321e-02
1.202185898093337983e+03	2.483991161825436222e-01	1.597911852709052172e-01	2.574435702561782557e-01	1.538369545070369382e-01	7.338406757075517650e-02	3.019793763355984803e-02	7.694716857885086636e-02
1.204604783200165684e+03	2.480629513106583639e-01	1.595717070213926170e-01	2.576840558394271063e-01	1.539722380515748945e-01	7.344083543949800341e-02	3.023526786589212159e-02	7.703294447138682444e-02
1.207023668306993159e+03	2.477277386202815790e-01	1.593528486855038395e-01	2.579238579364345196e-01	1.541071116377853156e-01	7.349744276172653912e-02	3.027252104808545938e-02	7.711847931001264422e-02
1.209442553413820860e+03	2.473934754053138674e-01	1.591346085100290575e-01	2.581629784806165340e-01	1.542415766211868156e-01	7.355388999464859690e-02	3.030969722940179620e-02	7.720377375863322900e-02
1.211861438520648335e+03	2.470601589674187026e-01	1.589169847467169494e-01	2.584014193999189524e-01	1.543756343521020258e-01	7.361017759417773365e-02	3.034679645996949879e-02	7.728882847952599222e-02
1.214280323627476264e+03	2.467277866159997834e-01	1.586999756522608496e-01	2.586391826168328856e-01	1.545092861756818814e-01	7.366630601493691366e-02	3.038381879077496281e-02	7.737364413334256452e-02
1.216699208734303511e+03	2.463963556681782741e-01	1.584835794882844817e-01	2.588762700484102952e-01	1.546425334319301292e-01	7.372227571026190862e-02	3.042076427365428617e-02	7.745822137911045902e-02
1.219118093841131440e+03	2.460658634487702390e-01	1.582677945213283033e-01	2.591126836062791483e-01	1.547753774557273920e-01	7.377808713220487813e-02	3.045763296128497014e-02	7.754256087423483379e-02
1.221536978947959142e+03	2.457363072902640222e-01	1.580526190228354333e-01	2.593484251966591825e-01	1.549078195768553157e-01	7.383374073153789463e-02	3.049442490717771057e-02	7.762666327450018500e-02
1.223955864054786844e+03	2.454076845327979872e-01	1.578380512691378301e-01	2.595834967203767829e-01	1.550398611200203836e-01	7.388923695775635736e-02	3.053114016566823088e-02	7.771052923407219259e-02
1.226374749161614318e+03	2.450799925241378685e-01	1.576240895414424414e-01	2.598179000728804700e-01	1.551715034048777586e-01	7.394457625908253118e-02	3.056777879190916702e-02	7.779415940549948283e-02
1.228793634268442020e+03	2.447532286196547058e-01	1.574107321258174375e-01	2.600516371442562202e-01	1.553027477460549033e-01	7.399975908246904377e-02	3.060434084186201484e-02	7.787755443971544622e-02
1.231212519375269494e+03	2.444273901823023898e-01	1.571979773131784719e-01	2.602847098192422881e-01	1.554335954531750608e-01	7.405478587360225795e-02	3.064082637228913997e-02	7.796071498604015271e-02
1.233631404482097196e+03	2.441024745825955133e-01	1.569858233992749152e-01	2.605171199772448043e-01	1.555640478308805974e-01	7.410965707690582438e-02	3.067723544074583628e-02	7.804364169218219738e-02
1.236050289588924898e+03	2.437784791985873889e-01	1.567742686846763378e-01	2.607488694923525974e-01	1.556941061788563174e-01	7.416437313554402611e-02	3.071356810557244327e-02	7.812633520424056011e-02
1.238469174695752372e+03	2.434554014158478719e-01	1.565633114747586041e-01	2.609799602333522373e-01	1.558237717918525000e-01	7.421893449142533128e-02	3.074982442588651207e-02	7.820879616670660395e-02
1.240888059802580301e+03	2.431332386274412671e-01	1.563529500796905503e-01	2.612103940637431898e-01	1.559530459597079088e-01	7.427334158520569607e-02	3.078600446157503737e-02	7.829102522246597640e-02
1.243306944909407548e+03	2.428119882339046798e-01	1.561431828144201894e-01	2.614401728417527493e-01	1.560819299673725236e-01	7.432759485629206186e-02	3.082210827328673089e-02	7.837302301280064942e-02
1.245725830016235477e+03	2.424916476432260048e-01	1.559340079986614724e-01	2.616692984203508043e-01	1.562104250949303275e-01	7.438169474284574145e-02	3.085813592242437481e-02	7.845479017739083460e-02
1.248144715123063179e+03	2.421722142708220837e-01	1.557254239568805487e-01	2.618977726472649370e-01	1.563385326176219281e-01	7.443564168178577745e-02	3.089408747113717851e-02	7.853632735431706480e-02
1.250563600229890881e+03	2.418536855395171381e-01	1.555174290182824437e-01	2.621255973649951887e-01	1.564662538058669006e-01	7.448943610879241173e-02	3.092996298231324645e-02	7.861763518006217866e-02
1.252982485336718355e+03	2.415360588795210095e-01	1.553100215167977083e-01	2.623527744108287707e-01	1.565935899252861307e-01	7.454307845831037449e-02	3.096576251957207371e-02	7.869871428951344394e-02
1.255401370443546057e+03	2.412193317284077043e-01	1.551031997910688465e-01	2.625793056168549411e-01	1.567205422367240197e-01	7.459656916355233980e-02	3.100148614725707977e-02	7.877956531596459755e-02
1.257820255550373531e+03	2.409035015310936889e-01	1.548969621844372146e-01	2.628051928099796597e-01	1.568471119962705496e-01	7.464990865650220075e-02	3.103713393042821858e-02	7.886018889111798269e-02
1.260239140657201460e+03	2.405885657398165733e-01	1.546913070449296712e-01	2.630304378119402431e-01	1.569733004552832378e-01	7.470309736791846955e-02	3.107270593485463375e-02	7.894058564508664444e-02
1.262658025764028707e+03	2.402745218141136008e-01	1.544862327252452261e-01	2.632550424393201860e-01	1.570991088604089259e-01	7.475613572733766365e-02	3.110820222700735535e-02	7.902075620639649467e-02
1.265076910870856636e+03	2.399613672208005533e-01	1.542817375827418847e-01	2.634790085035634277e-01	1.572245384536054558e-01	7.480902416307753933e-02	3.114362287405206264e-02	7.910070120198847698e-02
1.267495795977684338e+03	2.396490994339502412e-01	1.540778199794236025e-01	2.637023378109892291e-01	1.573495904721632366e-01	7.486176310224051944e-02	3.117896794384189194e-02	7.918042125722071778e-02
1.269914681084511813e+03	2.393377159348714367e-01	1.538744782819268797e-01	2.639250321628063278e-01	1.574742661487267270e-01	7.491435297071692700e-02	3.121423750491029298e-02	7.925991699587078831e-02
1.272333566191339514e+03	2.390272142120877519e-01	1.536717108615079097e-01	2.641470933551278155e-01	1.575985667113157240e-01	7.496679419318838522e-02	3.124943162646394434e-02	7.933918904013786966e-02
1.274752451298167216e+03	2.387175917613165721e-01	1.534695160940292569e-01	2.643685231789852375e-01	1.577224933833465126e-01	7.501908719313106488e-02	3.128455037837570007e-02	7.941823801064501476e-02
1.277171336404994690e+03	2.384088460854479896e-01	1.532678923599471166e-01	2.645893234203431366e-01	1.578460473836530986e-01	7.507123239281897342e-02	3.131959383117760565e-02	7.949706452644145216e-02
1.279590221511822392e+03	2.381009746945239314e-01	1.530668380442981313e-01	2.648094958601133198e-01	1.579692299265080258e-01	7.512323021332725781e-02	3.135456205605396951e-02	7.957566920500476482e-02
1.282009106618650094e+03	2.377939751057172313e-01	1.528663515366864289e-01	2.650290422741692908e-01	1.580920422216432197e-01	7.517508107453547972e-02	3.138945512483445194e-02	7.965405266224327707e-02
1.284427991725477568e+03	2.374878448433109246e-01	1.526664312312708827e-01	2.652479644333602393e-01	1.582144854742708329e-01	7.522678539513089069e-02	3.142427310998723716e-02	7.973221551249830286e-02
1.286846876832305497e+03	2.371825814386774034e-01	1.524670755267519551e-01	2.654662641035256954e-01	1.583365608851037554e-01	7.527834359261170727e-02	3.145901608461222632e-02	7.981015836854650491e-02
1.289265761939132744e+03	2.368781824302577665e-01	1.522682828263591526e-01	2.656839430455092965e-01	1.584582696503761268e-01	7.532975608329031680e-02	3.149368412243430670e-02	7.988788184160225403e-02
1.291684647045960673e+03	2.365746453635412527e-01	1.520700515378379525e-01	2.659010030151731097e-01	1.585796129618637362e-01	7.538102328229658033e-02	3.152827729779664884e-02	7.996538654131991886e-02
1.294103532152788375e+03	2.362719677910445348e-01	1.518723800734371743e-01	2.661174457634118973e-01	1.587005920069042286e-01	7.543214560358101062e-02	3.156279568565405202e-02	8.004267307579632229e-02
1.296522417259616077e+03	2.359701472722914306e-01	1.516752668498962120e-01	2.663332730361667178e-01	1.588212079684173383e-01	7.548312345991807504e-02	3.159723936156633856e-02	8.011974205157308682e-02
1.298941302366443551e+03	2.356691813737923358e-01	1.514787102884323222e-01	2.665484865744394694e-01	1.589414620249248455e-01	7.553395726290937362e-02	3.163160840169181032e-02	8.019659407363904924e-02
1.301360187473271253e+03	2.353690676690238515e-01	1.512827088147279675e-01	2.667630881143064903e-01	1.590613553505705602e-01	7.558464742298684480e-02	3.166590288278072624e-02	8.027322974543271705e-02
1.303779072580098727e+03	2.350698037384085504e-01	1.510872608589181876e-01	2.669770793869328807e-01	1.591808891151400562e-01	7.563519434941601283e-02	3.170012288216886992e-02	8.034964966884461379e-02
1.306197957686926657e+03	2.347713871692946597e-01	1.508923648555779984e-01	2.671904621185858253e-01	1.593000644840804891e-01	7.568559845029912414e-02	3.173426847777110343e-02	8.042585444421987417e-02
1.308616842793753904e+03	2.344738155559359660e-01	1.506980192437098742e-01	2.674032380306491929e-01	1.594188826185200802e-01	7.573586013257840865e-02	3.176833974807501820e-02	8.050184467036054781e-02
1.311035727900581833e+03	2.341770864994715540e-01	1.505042224667311745e-01	2.676154088396366371e-01	1.595373446752876567e-01	7.578597980203923001e-02	3.180233677213458593e-02	8.057762094452820822e-02
1.313454613007409534e+03	2.338811976079059052e-01	1.503109729724616261e-01	2.678269762572059731e-01	1.596554518069319417e-01	7.583595786331324973e-02	3.183625962956392053e-02	8.065318386244639537e-02
1.315873498114237009e+03	2.335861464960887202e-01	1.501182692131109442e-01	2.680379419901726123e-01	1.597732051617409832e-01	7.588579471988163294e-02	3.187010840053100535e-02	8.072853401830307196e-02
1.318292383221064711e+03	2.332919307856951840e-01	1.499261096452664532e-01	2.682483077405232730e-01	1.598906058837611388e-01	7.593549077407815706e-02	3.190388316575151068e-02	8.080367200475326028e-02
1.320711268327892412e+03	2.329985481052058438e-01	1.497344927298805417e-01	2.684580752054296915e-01	1.600076551128161995e-01	7.598504642709243140e-02	3.193758400648268742e-02	8.087859841292144303e-02
1.323130153434719887e+03	2.327059960898870683e-01	1.495434169322585050e-01	2.686672460772624449e-01	1.601243539845263741e-01	7.603446207897297804e-02	3.197121100451721931e-02	8.095331383240424172e-02
1.325549038541547588e+03	2.324142723817709810e-01	1.493528807220460553e-01	2.688758220436042179e-01	1.602407036303270527e-01	7.608373812863040986e-02	3.200476424217720689e-02	8.102781885127283146e-02
1.327967923648375290e+03	2.321233746296360589e-01	1.491628825732172203e-01	2.690838047872635141e-01	1.603567051774875962e-01	7.613287497384058078e-02	3.203824380230813063e-02	8.110211405607561930e-02
1.330386808755202765e+03	2.318333004889872873e-01	1.489734209640619367e-01	2.692911959862882565e-01	1.604723597491299614e-01	7.618187301124762500e-02	3.207164976827289737e-02	8.117620003184078392e-02
1.332805693862030694e+03	2.315440476220365917e-01	1.487844943771739759e-01	2.694979973139789431e-01	1.605876684642471297e-01	7.623073263636716279e-02	3.210498222394590068e-02	8.125007736207888465e-02
1.335224578968857941e+03	2.312556136976834376e-01	1.485961012994387320e-01	2.697042104389026917e-01	1.607026324377217319e-01	7.627945424358936743e-02	3.213824125370714352e-02	8.132374662878547045e-02
1.337643464075685870e+03	2.309679963914952616e-01	1.484082402220209540e-01	2.699098370249059520e-01	1.608172527803442553e-01	7.632803822618207390e-02	3.217142694243641660e-02	8.139720841244363347e-02
1.340062349182513572e+03	2.306811933856880992e-01	1.482209096403528936e-01	2.701148787311282717e-01	1.609315305988311406e-01	7.637648497629390132e-02	3.220453937550746965e-02	8.147046329202674297e-02
1.342481234289341273e+03	2.303952023691072659e-01	1.480341080541220378e-01	2.703193372120155646e-01	1.610454669958431562e-01	7.642479488495726447e-02	3.223757863878227992e-02	8.154351184500095717e-02
1.344900119396168748e+03	2.301100210372079846e-01	1.478478339672591180e-01	2.705232141173332661e-01	1.611590630700032445e-01	7.647296834209152405e-02	3.227054481860533452e-02	8.161635464732799883e-02
1.347319004502996449e+03	2.298256470920362615e-01	1.476620858879261200e-01	2.707265110921797668e-01	1.612723199159145637e-01	7.652100573650603976e-02	3.230343800179795444e-02	8.168899227346772263e-02
1.349737889609823924e+03	2.295420782422096240e-01	1.474768623285043767e-01	2.709292297769995139e-01	1.613852386241781678e-01	7.656890745590322345e-02	3.233625827565267397e-02	8.176142529638083523e-02
1.352156774716651853e+03	2.292593122028981356e-01	1.472921618055824944e-01	2.711313718075961665e-01	1.614978202814108255e-01	7.661667388688160607e-02	3.236900572792763414e-02	8.183365428753150428e-02
1.354575659823479100e+03	2.289773466958051340e-01	1.471079828399445844e-01	2.713329388151457522e-01	1.616100659702627285e-01	7.666430541493887696e-02	3.240168044684103854e-02	8.190567981689014787e-02
1.356994544930307029e+03	2.286961794491484679e-01	1.469243239565583836e-01	2.715339324262099341e-01	1.617219767694348109e-01	7.671180242447495079e-02	3.243428252106565768e-02	8.197750245293604354e-02
1.359413430037134731e+03	2.284158081976414012e-01	1.467411836845633200e-01	2.717343542627487230e-01	1.618335537536963742e-01	7.675916529879496519e-02	3.246681203972335422e-02	8.204912276266010385e-02
1.361832315143962205e+03	2.281362306824737951e-01	1.465585605572587713e-01	2.719342059421337443e-01	1.619447979939023785e-01	7.680639442011233387e-02	3.249926909237965678e-02	8.212054131156751313e-02
1.364251200250789907e+03	2.278574446512931784e-01	1.463764531120923806e-01	2.721334890771612836e-01	1.620557105570106515e-01	7.685349016955178580e-02	3.253165376903836142e-02	8.219175866368054473e-02
1.366670085357617609e+03	2.275794478581861235e-01	1.461948598906481489e-01	2.723322052760649981e-01	1.621662925060990690e-01	7.690045292715233516e-02	3.256396616013618878e-02	8.226277538154121161e-02
1.369088970464445310e+03	2.273022380636594564e-01	1.460137794386349164e-01	2.725303561425291288e-01	1.622765449003826244e-01	7.694728307187032046e-02	3.259620635653748266e-02	8.233359202621406969e-02
1.371507855571272785e+03	2.270258130346216041e-01	1.458332103058746221e-01	2.727279432757011013e-01	1.623864687952303598e-01	7.699398098158240222e-02	3.262837444952893656e-02	8.240420915728892404e-02
1.373926740678100487e+03	2.267501705443640547e-01	1.456531510462905910e-01	2.729249682702045154e-01	1.624960652421822971e-01	7.704054703308851892e-02	3.266047053081434781e-02	8.247462733288359049e-02
1.376345625784927961e+03	2.264753083725426774e-01	1.454736002178960708e-01	2.731214327161519129e-01	1.626053352889661463e-01	7.708698160211491235e-02	3.269249469250944118e-02	8.254484710964669902e-02
1.378764510891755890e+03	2.262012243051593763e-01	1.452945563827825748e-01	2.733173381991575446e-01	1.627142799795140704e-01	7.713328506331711132e-02	3.272444702713671327e-02	8.261486904276044152e-02
1.381183395998583137e+03	2.259279161345435216e-01	1.451160181071083632e-01	2.735126863003502495e-01	1.628229003539792275e-01	7.717945779028287379e-02	3.275632762762028388e-02	8.268469368594333346e-02
1.383602281105411066e+03	2.256553816593337425e-01	1.449379839610869525e-01	2.737074785963857226e-01	1.629311974487523129e-01	7.722550015553514280e-02	3.278813658728087915e-02	8.275432159145304500e-02
1.386021166212238768e+03	2.253836186844594136e-01	1.447604525189756797e-01	2.739017166594596708e-01	1.630391722964780188e-01	7.727141253053505798e-02	3.281987399983073844e-02	8.282375331008916264e-02
1.388440051319066470e+03	2.251126250211225310e-01	1.445834223590641288e-01	2.740954020573203032e-01	1.631468259260712983e-01	7.731719528568482824e-02	3.285153995936860444e-02	8.289298939119599252e-02
1.390858936425893944e+03	2.248423984867795322e-01	1.444068920636629449e-01	2.742885363532806542e-01	1.632541593627335752e-01	7.736284879033072936e-02	3.288313456037481042e-02	8.296203038266540541e-02
1.393277821532721646e+03	2.245729369051229218e-01	1.442308602190923161e-01	2.744811211062314071e-01	1.633611736279690085e-01	7.740837341276603223e-02	3.291465789770628425e-02	8.303087683093961224e-02
1.395696706639549120e+03	2.243042381060633694e-01	1.440553254156705931e-01	2.746731578706534393e-01	1.634678697396005909e-01	7.745376952023391715e-02	3.294611006659170505e-02	8.309952928101399516e-02
1.398115591746377049e+03	2.240362999257115573e-01	1.438802862477031042e-01	2.748646481966300348e-01	1.635742487117859134e-01	7.749903747893038819e-02	3.297749116262661817e-02	8.316798827643995251e-02
1.400534476853204296e+03	2.237691202063602502e-01	1.437057413134708306e-01	2.750555936298595960e-01	1.636803115550332921e-01	7.754417765400720142e-02	3.300880128176861966e-02	8.323625435932770211e-02
1.402953361960032225e+03	2.235026967964663935e-01	1.435316892152191104e-01	2.752459957116679679e-01	1.637860592762175049e-01	7.758919040957477919e-02	3.304004052033256839e-02	8.330432807034916787e-02
1.405372247066859927e+03	2.232370275506330715e-01	1.433581285591464805e-01	2.754358559790206495e-01	1.638914928785954739e-01	7.763407610870509679e-02	3.307120897498585371e-02	8.337220994874079694e-02
1.407791132173687402e+03	2.229721103295917994e-01	1.431850579553934633e-01	2.756251759645355626e-01	1.639966133618219468e-01	7.767883511343455505e-02	3.310230674274364238e-02	8.343990053230637693e-02
1.410210017280515103e+03	2.227079430001847604e-01	1.430124760180314369e-01	2.758139571964948744e-01	1.641014217219650684e-01	7.772346778476692253e-02	3.313333392096423635e-02	8.350740035741999190e-02
1.412628902387342805e+03	2.224445234353469025e-01	1.428403813650515886e-01	2.760022011988574886e-01	1.642059189515218398e-01	7.776797448267616653e-02	3.316429060734442380e-02	8.357470995902877009e-02
1.415047787494170507e+03	2.221818495140885363e-01	1.426687726183537008e-01	2.761899094912714236e-01	1.643101060394334678e-01	7.781235556610933968e-02	3.319517689991483694e-02	8.364182987065581221e-02
1.417466672600997981e+03	2.219199191214775158e-01	1.424976484037351609e-01	2.763770835890857480e-01	1.644139839711007967e-01	7.785661139298943878e-02	3.322599289703540709e-02	8.370876062440309184e-02
1.419885557707825683e+03	2.216587301486217243e-01	1.423270073508799138e-01	2.765637250033627370e-01	1.645175537283994072e-01	7.790074232021827749e-02	3.325673869739083355e-02	8.377550275095425880e-02
1.422304442814653157e+03	2.213982804926515613e-01	1.421568480933474710e-01	2.767498352408903628e-01	1.646208162896948546e-01	7.794474870367928965e-02	3.328741439998602475e-02	8.384205677957758118e-02
1.424723327921481086e+03	2.211385680567025114e-01	1.419871692685620024e-01	2.769354158041940628e-01	1.647237726298576288e-01	7.798863089824047135e-02	3.331802010414169901e-02	8.390842323812879033e-02
1.427142213028308333e+03	2.208795907498976585e-01	1.418179695178013178e-01	2.771204681915488965e-01	1.648264237202782811e-01	7.803238925775711488e-02	3.334855590948987425e-02	8.397460265305399518e-02
1.429561098135136262e+03	2.206213464873304220e-01	1.416492474861860418e-01	2.773049938969916473e-01	1.649287705288822736e-01	7.807602413507468142e-02	3.337902191596949647e-02	8.404059554939259657e-02
1.431979983241963964e+03	2.203638331900472092e-01	1.414810018226687616e-01	2.774889944103325345e-01	1.650308140201447726e-01	7.811953588203161825e-02	3.340941822382208215e-02	8.410640245078013222e-02
1.434398868348791666e+03	2.201070487850301516e-01	1.413132311800230911e-01	2.776724712171676490e-01	1.651325551551054427e-01	7.816292484946218977e-02	3.343974493358733285e-02	8.417202387945121878e-02
1.436817753455619140e+03	2.198509912051799520e-01	1.411459342148329021e-01	2.778554257988904430e-01	1.652339948913830736e-01	7.820619138719928087e-02	3.347000214609887475e-02	8.423746035624248008e-02
1.439236638562446842e+03	2.195956583892985925e-01	1.409791095874816380e-01	2.780378596327039986e-01	1.653351341831902355e-01	7.824933584407717246e-02	3.350018996247995651e-02	8.430271240059540594e-02
1.441655523669274316e+03	2.193410482820724594e-01	1.408127559621414060e-01	2.782197741916325184e-01	1.654359739813477392e-01	7.829235856793437254e-02	3.353030848413920267e-02	8.436778053055926652e-02
1.444074408776102018e+03	2.190871588340550791e-01	1.406468720067624023e-01	2.784011709445334271e-01	1.655365152332991530e-01	7.833525990561636398e-02	3.356035781276643648e-02	8.443266526279408213e-02
1.446493293882929493e+03	2.188339880016502981e-01	1.404814563930621429e-01	2.785820513561090284e-01	1.656367588831250681e-01	7.837804020297844954e-02	3.359033805032846098e-02	8.449736711257350985e-02
1.448912178989757422e+03	2.185815337470951580e-01	1.403165077965148888e-01	2.787624168869183294e-01	1.657367058715574770e-01	7.842069980488844405e-02	3.362024929906494430e-02	8.456188659378775785e-02
1.451331064096585123e+03	2.183297940384432423e-01	1.401520248963409043e-01	2.789422689933886423e-01	1.658363571359939004e-01	7.846323905522951947e-02	3.365009166148428404e-02	8.462622421894654134e-02
1.453749949203412370e+03	2.180787668495475229e-01	1.399880063754959103e-01	2.791216091278275191e-01	1.659357136105116259e-01	7.850565829690291098e-02	3.367986524035954110e-02	8.469038049918198308e-02
1.456168834310240300e+03	2.178284501600438461e-01	1.398244509206606201e-01	2.793004387384341869e-01	1.660347762258816695e-01	7.854795787183067868e-02	3.370957013872437347e-02	8.475435594425158314e-02
1.458587719417068001e+03	2.175788419553340569e-01	1.396613572222301092e-01	2.794787592693112055e-01	1.661335459095829026e-01	7.859013812095849705e-02	3.373920645986901168e-02	8.481815106254109171e-02
1.461006604523895703e+03	2.173299402265692903e-01	1.394987239743032403e-01	2.796565721604764021e-01	1.662320235858158468e-01	7.863219938425833333e-02	3.376877430733627589e-02	8.488176636106753437e-02
1.463425489630723177e+03	2.170817429706334012e-01	1.393365498746723385e-01	2.798338788478737515e-01	1.663302101755165241e-01	7.867414200073122310e-02	3.379827378491762763e-02	8.494520234548205706e-02
1.465844374737550879e+03	2.168342481901263386e-01	1.391748336248126439e-01	2.800106807633854777e-01	1.664281065963703343e-01	7.871596630840996256e-02	3.382770499664922159e-02	8.500845952007293760e-02
1.468263259844378354e+03	2.165874538933474924e-01	1.390135739298719308e-01	2.801869793348433224e-01	1.665257137628256834e-01	7.875767264436188408e-02	3.385706804680800597e-02	8.507153838776851384e-02
1.470682144951206283e+03	2.163413580942794290e-01	1.388527694986601002e-01	2.803627759860402024e-01	1.666230325861075834e-01	7.879926134469149301e-02	3.388636303990785748e-02	8.513443945014012582e-02
1.473101030058033530e+03	2.160959588125712372e-01	1.386924190436388815e-01	2.805380721367414232e-01	1.667200639742312251e-01	7.884073274454324320e-02	3.391559008069575804e-02	8.519716320740503002e-02
1.475519915164861459e+03	2.158512540735221530e-01	1.385325212809113971e-01	2.807128692026960026e-01	1.668168088320156062e-01	7.888208717810418769e-02	3.394474927414794369e-02	8.525971015842942480e-02
1.477938800271689161e+03	2.156072419080654057e-01	1.383730749302120033e-01	2.808871685956483844e-01	1.669132680610967423e-01	7.892332497860668483e-02	3.397384072546616451e-02	8.532208080073133694e-02
1.480357685378516862e+03	2.153639203527516477e-01	1.382140787148958827e-01	2.810609717233493732e-01	1.670094425599411569e-01	7.896444647833111841e-02	3.400286454007391684e-02	8.538427563048360536e-02
1.482776570485344337e+03	2.151212874497329675e-01	1.380555313619288293e-01	2.812342799895677925e-01	1.671053332238590372e-01	7.900545200860850659e-02	3.403182082361271010e-02	8.544629514251679547e-02
