1.301360187473271253e+03	2.356345301522807523e-01	1.509841270258388546e-01	2.608089342604922312e-01	1.617263585443990959e-01	7.626718635795159962e-02	3.213686149281220344e-02	8.244200216605651610e-02
1.306197957686926657e+03	2.350432408500615633e-01	1.505882174762609715e-01	2.611883720359941541e-01	1.619896955141487682e-01	7.637445866425229823e-02	3.220901911964140635e-02	8.260699633947206355e-02
1.311035727900581833e+03	2.344553461332566369e-01	1.501944907985514888e-01	2.615655425430685188e-01	1.622515253994950835e-01	7.648117403869712783e-02	3.228086105874378858e-02	8.277106002801859486e-02
1.315873498114237009e+03	2.338708265332386238e-01	1.498029348380608694e-01	2.619404607511887084e-01	1.625118564142111754e-01	7.658733536549608423e-02	3.235238804270100521e-02	8.293419805493479346e-02
1.320711268327892412e+03	2.332896626941844687e-01	1.494135375083282258e-01	2.623131415100970476e-01	1.627706967348313827e-01	7.669294551206749799e-02	3.242360081416970768e-02	8.309641522615286713e-02
1.325549038541547588e+03	2.327118353723948152e-01	1.490262867906983757e-01	2.626835995510273802e-01	1.630280545006861925e-01	7.679800732920946671e-02	3.249450012560264889e-02	8.325771633021236684e-02
1.330386808755202765e+03	2.321373254356180194e-01	1.486411707339408417e-01	2.630518494879124369e-01	1.632839378139394060e-01	7.690252365126741541e-02	3.256508673897531153e-02	8.341810613817780828e-02
1.335224578968857941e+03	2.315661138623791582e-01	1.482581774538711261e-01	2.634179058185769362e-01	1.635383547396281056e-01	7.700649729629796547e-02	3.263536142551797664e-02	8.357758940355992927e-02
1.340062349182513572e+03	2.309981817413130911e-01	1.478772951329738183e-01	2.637817829259163638e-01	1.637913133057049553e-01	7.710993106622919535e-02	3.270532496545314888e-02	8.373617086224058315e-02
1.344900119396168748e+03	2.304335102705022953e-01	1.474985120200280331e-01	2.641434950790613745e-01	1.640428215030828307e-01	7.721282774701737628e-02	3.277497814773813051e-02	8.389385523240110165e-02
1.349737889609823924e+03	2.298720807568190305e-01	1.471218164297349029e-01	2.645030564345280943e-01	1.642928872856818379e-01	7.731519010880041898e-02	3.284432176981274404e-02	8.405064721445411335e-02
1.354575659823479100e+03	2.293138746152720009e-01	1.467471967423469026e-01	2.648604810373548779e-01	1.645415185704786898e-01	7.741702090604792030e-02	3.291335663735206474e-02	8.420655149097870662e-02
1.359413430037134731e+03	2.287588733683573183e-01	1.463746414032994492e-01	2.652157828222249658e-01	1.647887232375584154e-01	7.751832287770805963e-02	3.298208356402406588e-02	8.436157272665893714e-02
1.364251200250789907e+03	2.282070586454138239e-01	1.460041389228445285e-01	2.655689756145757641e-01	1.650345091301681777e-01	7.761909874735151149e-02	3.305050337125202409e-02	8.451571556822538855e-02
1.369088970464445310e+03	2.276584121819827944e-01	1.456356778756861259e-01	2.659200731316949118e-01	1.652788840547735061e-01	7.771935122331219414e-02	3.311861688798167086e-02	8.466898464440007765e-02
1.373926740678100487e+03	2.271129158191718123e-01	1.452692469006179876e-01	2.662690889838026931e-01	1.655218557811163893e-01	7.781908299882522861e-02	3.318642495045297930e-02	8.482138456584416286e-02
1.378764510891755890e+03	2.265705515030229655e-01	1.449048347001631876e-01	2.666160366751219590e-01	1.657634320422757546e-01	7.791829675216206674e-02	3.325392840197639172e-02	8.497291992510890013e-02
1.383602281105411066e+03	2.260313012838850721e-01	1.445424300402157747e-01	2.669609296049346714e-01	1.660036205347299731e-01	7.801699514676282976e-02	3.332112809271359222e-02	8.512359529658934665e-02
1.388440051319066470e+03	2.254951473157902342e-01	1.441820217496842804e-01	2.673037810686258453e-01	1.662424289184213089e-01	7.811518083136606561e-02	3.338802487946253283e-02	8.527341523648099275e-02
1.393277821532721646e+03	2.249620718558343890e-01	1.438235987201373633e-01	2.676446042587151686e-01	1.664798648168225037e-01	7.821285644013592497e-02	3.345461962544677564e-02	8.542238428273918327e-02
1.398115591746377049e+03	2.244320572635621902e-01	1.434671499054513966e-01	2.679834122658755757e-01	1.667159358170051675e-01	7.831002459278676997e-02	3.352091320010895659e-02	8.557050695504123117e-02
1.402953361960032225e+03	2.239050860003555243e-01	1.431126643214598593e-01	2.683202180799404979e-01	1.669506494697102772e-01	7.840668789470543742e-02	3.358690647890839182e-02	8.571778775475127898e-02
1.407791132173687402e+03	2.233811406288264689e-01	1.427601310456048656e-01	2.686550345908980120e-01	1.671840132894203690e-01	7.850284893707115685e-02	3.365260034312266002e-02	8.586423116488771379e-02
1.412628902387342805e+03	2.228602038122139695e-01	1.424095392165905805e-01	2.689878745898736101e-01	1.674160347544337291e-01	7.859851029697309532e-02	3.371799567965315381e-02	8.600984165009313565e-02
1.417466672600997981e+03	2.223422583137845965e-01	1.420608780340383293e-01	2.693187507701010341e-01	1.676467213069401663e-01	7.869367453752577901e-02	3.378309338083443358e-02	8.615462365660687960e-02
1.422304442814653157e+03	2.218272869962372162e-01	1.417141367581440936e-01	2.696476757278813974e-01	1.678760803530988943e-01	7.878834420798234983e-02	3.384789434424741866e-02	8.629858161223985524e-02
1.427142213028308333e+03	2.213152728211114639e-01	1.413693047093374233e-01	2.699746619635308154e-01	1.681041192631177461e-01	7.888252184384572652e-02	3.391239947253622128e-02	8.644171992635189816e-02
1.431979983241963964e+03	2.208061988482001858e-01	1.410263712679425407e-01	2.702997218823164349e-01	1.683308453713343034e-01	7.897620996697769791e-02	3.397660967322869291e-02	8.658404298983143899e-02
1.436817753455619140e+03	2.203000482349656008e-01	1.406853258738412216e-01	2.706228677953818051e-01	1.685562659762986637e-01	7.906941108570611498e-02	3.404052585856045393e-02	8.672555517507736511e-02
1.441655523669274316e+03	2.197968042359594310e-01	1.403461580261376740e-01	2.709441119206605908e-01	1.687803883408577066e-01	7.916212769493011225e-02	3.410414894530247598e-02	8.686626083598320003e-02
1.446493293882929493e+03	2.192964502022466400e-01	1.400088572828250000e-01	2.712634663837795723e-01	1.690032196922409136e-01	7.925436227622356666e-02	3.416747985459204356e-02	8.700616430792341982e-02
1.451331064096585123e+03	2.187989695808328638e-01	1.396734132604539047e-01	2.715809432189508210e-01	1.692247672221478816e-01	7.934611729793661361e-02	3.423051951176711571e-02	8.714526990774194848e-02
1.456168834310240300e+03	2.183043459140958098e-01	1.393398156338029326e-01	2.718965543698531606e-01	1.694450380868371131e-01	7.943739521529553926e-02	3.429326884620396976e-02	8.728358193374263774e-02
1.461006604523895703e+03	2.178125628392199586e-01	1.390080541355507016e-01	2.722103116905032483e-01	1.696640394072164160e-01	7.952819847050092428e-02	3.435572879115806472e-02	8.742110466568189797e-02
1.465844374737550879e+03	2.173236040876352637e-01	1.386781185559498031e-01	2.725222269461161084e-01	1.698817782689345801e-01	7.961852949282409442e-02	3.441790028360807580e-02	8.755784236476325810e-02
1.470682144951206283e+03	2.168374534844592638e-01	1.383499987425028388e-01	2.728323118139553971e-01	1.700982617224746085e-01	7.970839069870207239e-02	3.447978426410306524e-02	8.769379927363391003e-02
1.475519915164861459e+03	2.163540949479429154e-01	1.380236845996399009e-01	2.731405778841737853e-01	1.703134967832481139e-01	7.979778449183083655e-02	3.454138167661263692e-02	8.782897961638302942e-02
1.480357685378516862e+03	2.158735124889198387e-01	1.376991660883980784e-01	2.734470366606427949e-01	1.705274904316910201e-01	7.988671326325712252e-02	3.460269346838017873e-02	8.796338759854220590e-02
1.485195455592172038e+03	2.153956902102591442e-01	1.373764332261026844e-01	2.737516995617735316e-01	1.707402496133607617e-01	7.997517939146882304e-02	3.466372058977896381e-02	8.809702740708739988e-02
1.490033225805827215e+03	2.149206123063217844e-01	1.370554760860502042e-01	2.740545779213270361e-01	1.709517812390344282e-01	8.006318524248384749e-02	3.472446399417112445e-02	8.822990321044289763e-02
1.494870996019482618e+03	2.144482630624205965e-01	1.367362847971931028e-01	2.743556829892153104e-01	1.711620921848082955e-01	8.015073316993760744e-02	3.478492463776950566e-02	8.836201915848693189e-02
1.499708766233137567e+03	2.139786268542832326e-01	1.364188495438264925e-01	2.746550259322928511e-01	1.713711892921984115e-01	8.023782551516919770e-02	3.484510347950224574e-02	8.849337938255891212e-02
1.504546536446793198e+03	2.135116881475192796e-01	1.361031605652761600e-01	2.749526178351386907e-01	1.715790793682424320e-01	8.032446460730620352e-02	3.490500148088009069e-02	8.862398799546847283e-02
1.509384306660448374e+03	2.130474314970900451e-01	1.357892081555888697e-01	2.752484697008293901e-01	1.717857691856024271e-01	8.041065276334825873e-02	3.496461960586636636e-02	8.875384909150596524e-02
1.514222076874103550e+03	2.125858415467821727e-01	1.354769826632239160e-01	2.755425924517027059e-01	1.719912654826688259e-01	8.049639228824941040e-02	3.502395882074955252e-02	8.888296674645468354e-02
1.519059847087758726e+03	2.121269030286845048e-01	1.351664744907467297e-01	2.758349969301124305e-01	1.721955749636654431e-01	8.058168547499906798e-02	3.508302009401847305e-02	8.901134501760457618e-02
1.523897617301414357e+03	2.116706007626681374e-01	1.348576740945240937e-01	2.761256938991742405e-01	1.723987042987554230e-01	8.066653460470205039e-02	3.514180439623992847e-02	8.913898794376741430e-02
1.528735387515069533e+03	2.112169196558699447e-01	1.345505719844208581e-01	2.764146940435027178e-01	1.726006601241481253e-01	8.075094194665725922e-02	3.520031269993884743e-02	8.926589954529351445e-02
1.533573157728724709e+03	2.107658447021792114e-01	1.342451587234988475e-01	2.767020079699399893e-01	1.728014490422070948e-01	8.083490975843538040e-02	3.525854597948087366e-02	8.939208382408983522e-02
1.538410927942380113e+03	2.103173609817277356e-01	1.339414249277169622e-01	2.769876462082754842e-01	1.730010776215588353e-01	8.091844028595536475e-02	3.531650521095729134e-02	8.951754476363957269e-02
1.543248698156035516e+03	2.098714536603829006e-01	1.336393612656330832e-01	2.772716192119575318e-01	1.731995523972024720e-01	8.100153576356002028e-02	3.537419137207230280e-02	8.964228632902299099e-02
1.548086468369690692e+03	2.094281079892439945e-01	1.333389584581078646e-01	2.775539373587964653e-01	1.733968798706202741e-01	8.108419841409039708e-02	3.543160544203260293e-02	8.976631246693969612e-02
1.552924238583346096e+03	2.089873093041419438e-01	1.330402072780099976e-01	2.778346109516596774e-01	1.735930665098890657e-01	8.116643044895927028e-02	3.548874840143918102e-02	8.988962710573221437e-02
1.557762008797001272e+03	2.085490430251418226e-01	1.327430985499231109e-01	2.781136502191584037e-01	1.737881187497923863e-01	8.124823406822358207e-02	3.554562123218135000e-02	9.001223415541077799e-02
1.562599779010656675e+03	2.081132946560487751e-01	1.324476231498543655e-01	2.783910653163265692e-01	1.739820429919333167e-01	8.132961146065606495e-02	3.560222491733292666e-02	9.013413750767941546e-02
1.567437549224311852e+03	2.076800497839169091e-01	1.321537720049446307e-01	2.786668663252921396e-01	1.741748456048482774e-01	8.141056480381574090e-02	3.565856044105054218e-02	9.025534103596324909e-02
1.572275319437967255e+03	2.072492940785614357e-01	1.318615360931805758e-01	2.789410632559396475e-01	1.743665329241212703e-01	8.149109626411764340e-02	3.571462878847402739e-02	9.037584859543691673e-02
1.577113089651622431e+03	2.068210132920734468e-01	1.315709064431077879e-01	2.792136660465664444e-01	1.745571112524990365e-01	8.157120799690167900e-02	3.577043094562885189e-02	9.049566402305429802e-02
1.581950859865277607e+03	2.063951932583382998e-01	1.312818741335460559e-01	2.794846845645302391e-01	1.747465868600067973e-01	8.165090214650048972e-02	3.582596789933057552e-02	9.061479113757914261e-02
1.586788630078933011e+03	2.059718198925564736e-01	1.309944302933060134e-01	2.797541286068897515e-01	1.749349659840644666e-01	8.173018084630660762e-02	3.588124063709124956e-02	9.073323373961703076e-02
1.591626400292587959e+03	2.055508791907678101e-01	1.307085661009074473e-01	2.800220079010376506e-01	1.751222548296039183e-01	8.180904621883879069e-02	3.593625014702779563e-02	9.085099561164822202e-02
1.596464170506243590e+03	2.051323572293785591e-01	1.304242727842989669e-01	2.802883321053264987e-01	1.753084595691861980e-01	8.188750037580745655e-02	3.599099741777221639e-02	9.096808051806169748e-02
1.601301940719898766e+03	2.047162401646913654e-01	1.301415416205795872e-01	2.805531108096873671e-01	1.754935863431199561e-01	8.196554541817946404e-02	3.604548343838372138e-02	9.108449220519010403e-02
1.606139710933553943e+03	2.043025142324381982e-01	1.298603639357216732e-01	2.808163535362413477e-01	1.756776412595799086e-01	8.204318343624202037e-02	3.609970919826269858e-02	9.120023440134571169e-02
1.610977481147209119e+03	2.038911657473160832e-01	1.295807311042953547e-01	2.810780697399042349e-01	1.758606303947261307e-01	8.212041650966593609e-02	3.615367568706639306e-02	9.131531081685742568e-02
1.615815251360864750e+03	2.034821811025259997e-01	1.293026345491948559e-01	2.813382688089837713e-01	1.760425597928236829e-01	8.219724670756814455e-02	3.620738389462645895e-02	9.142972514410864504e-02
1.620653021574519926e+03	2.030755467693143024e-01	1.290260657413658252e-01	2.815969600657709515e-01	1.762234354663627378e-01	8.227367608857348580e-02	3.626083481086816301e-02	9.154348105757605103e-02
1.625490791788175102e+03	2.026712492965171974e-01	1.287510161995348013e-01	2.818541527671238889e-01	1.764032633961792329e-01	8.234970670087581046e-02	3.631402942573130205e-02	9.165658221386932536e-02
1.630328562001830505e+03	2.022692753101079099e-01	1.284774774899395122e-01	2.821098561050452980e-01	1.765820495315758576e-01	8.242534058229841754e-02	3.636696872909281342e-02	9.176903225177175660e-02
1.635166332215485909e+03	2.018696115127467938e-01	1.282054412260614507e-01	2.823640792072534267e-01	1.767597997904435114e-01	8.250057976035386764e-02	3.641965371069100926e-02	9.188083479228156825e-02
1.640004102429141085e+03	2.014722446833341063e-01	1.279348990683592813e-01	2.826168311377464382e-01	1.769365200593830123e-01	8.257542625230311628e-02	3.647208536005139279e-02	9.199199343865425982e-02
1.644841872642796488e+03	2.010771616765654746e-01	1.276658427240041915e-01	2.828681208973607419e-01	1.771122161938274431e-01	8.264988206521400871e-02	3.652426466641408437e-02	9.210251177644558640e-02
1.649679642856451665e+03	2.006843494224903601e-01	1.273982639466165190e-01	2.831179574243226638e-01	1.772868940181645536e-01	8.272394919601924745e-02	3.657619261866280197e-02	9.221239337355537080e-02
1.654517413070107068e+03	2.002937949260730766e-01	1.271321545360039607e-01	2.833663495947938427e-01	1.774605593258596625e-01	8.279762963157362432e-02	3.662787020525529874e-02	9.232164178027213453e-02
1.659355183283762244e+03	1.999054852667562776e-01	1.268675063379011148e-01	2.836133062234109103e-01	1.776332178795787253e-01	8.287092534871083604e-02	3.667929841415538267e-02	9.243026052931836711e-02
1.664192953497417420e+03	1.995194075980276649e-01	1.266043112437106322e-01	2.838588360638190089e-01	1.778048754113118746e-01	8.294383831429956444e-02	3.673047823276633095e-02	9.253825313589658652e-02
1.669030723711072824e+03	1.991355491469888050e-01	1.263425611902458667e-01	2.841029478091988691e-01	1.779755376224971541e-01	8.301637048529918184e-02	3.678141064786575459e-02	9.264562309773605175e-02
1.673868493924728000e+03	1.987538972139270554e-01	1.260822481594746913e-01	2.843456500927888375e-01	1.781452101841443647e-01	8.308852380881469324e-02	3.683209664554193408e-02	9.275237389514015551e-02
1.678706264138383403e+03	1.983744391718896827e-01	1.258233641782651735e-01	2.845869514884002971e-01	1.783138987369592976e-01	8.316030022215134543e-02	3.688253721113145256e-02	9.285850899103448297e-02
1.683544034352038352e+03	1.979971624662610619e-01	1.255659013181322503e-01	2.848268605109278706e-01	1.784816088914682464e-01	8.323170165286855604e-02	3.693273332915824464e-02	9.296403183101553669e-02
1.688381804565693983e+03	1.976220546143419021e-01	1.253098516949861796e-01	2.850653856168536282e-01	1.786483462281425183e-01	8.330273001883349571e-02	3.698268598327397738e-02	9.306894584340001664e-02
1.693219574779349159e+03	1.972491032049315807e-01	1.250552074688822402e-01	2.853025352047461882e-01	1.788141162975231957e-01	8.337338722827400406e-02	3.703239615619974279e-02	9.317325443927476636e-02
1.698057344993004335e+03	1.968782958979126974e-01	1.248019608437718475e-01	2.855383176157536007e-01	1.789789246203462303e-01	8.344367517983113103e-02	3.708186482966900621e-02	9.327696101254723260e-02
1.702895115206659511e+03	1.965096204238382938e-01	1.245501040672550297e-01	2.857727411340914569e-01	1.791427766876673711e-01	8.351359576261116469e-02	3.713109298437188011e-02	9.338006893999650782e-02
1.707732885420315142e+03	1.961430645835214870e-01	1.242996294303344851e-01	2.860058139875254479e-01	1.793056779609875639e-01	8.358315085623718721e-02	3.718008159990054962e-02	9.348258158132501106e-02
1.712570655633970318e+03	1.957786162476277125e-01	1.240505292671708337e-01	2.862375443478483161e-01	1.794676338723782405e-01	8.365234233090013127e-02	3.722883165469603739e-02	9.358450227921052966e-02
1.717408425847625494e+03	1.954162633562694096e-01	1.238027959548393397e-01	2.864679403313518669e-01	1.796286498246067453e-01	8.372117204740951724e-02	3.727734412599605085e-02	9.368583435935894099e-02
1.722246196061280898e+03	1.950559939186031488e-01	1.235564219130879382e-01	2.866970099992938170e-01	1.797887311912620134e-01	8.378964185724356584e-02	3.732561998978409235e-02	9.378658113055726719e-02
1.727083966274936301e+03	1.946977960124293139e-01	1.233113996040967469e-01	2.869247613583596479e-01	1.799478833168800807e-01	8.385775360259904720e-02	3.737366022073964483e-02	9.388674588472739613e-02
1.731921736488591478e+03	1.943416577837939752e-01	1.230677215322387857e-01	2.871512023611190734e-01	1.801061115170698168e-01	8.392550911644057476e-02	3.742146579218957186e-02	9.398633189698006596e-02
1.736759506702246881e+03	1.939875674465934008e-01	1.228253802438421804e-01	2.873763409064779561e-01	1.802634210786386026e-01	8.399291022254963546e-02	3.746903767606056535e-02	9.408534242566946038e-02
1.741597276915902057e+03	1.936355132821809266e-01	1.225843683269536438e-01	2.876001848401251171e-01	1.804198172597182848e-01	8.405995873557299547e-02	3.751637684283272434e-02	9.418378071244815075e-02
1.746435047129557461e+03	1.932854836389761022e-01	1.223446784111031915e-01	2.878227419549742039e-01	1.805753052898906863e-01	8.412665646107096717e-02	3.756348426149417469e-02	9.428164998232248240e-02
1.751272817343212637e+03	1.929374669320763624e-01	1.221063031670703986e-01	2.880440199916012300e-01	1.807298903703136450e-01	8.419300519556507933e-02	3.761036089949677808e-02	9.437895344370836326e-02
1.756110587556867813e+03	1.925914516428707812e-01	1.218692353066518352e-01	2.882640266386768402e-01	1.808835776738466905e-01	8.425900672658542812e-02	3.765700772271286800e-02	9.447569428848742734e-02
1.760948357770523216e+03	1.922474263186565724e-01	1.216334675824298495e-01	2.884827695333944675e-01	1.810363723451767770e-01	8.432466283271769503e-02	3.770342569539295030e-02	9.457187569206355893e-02
1.765786127984178393e+03	1.919053795722575062e-01	1.213989927875426117e-01	2.887002562618935508e-01	1.811882795009441827e-01	8.438997528364976242e-02	3.774961578012447916e-02	9.466750081341984702e-02
1.770623898197833569e+03	1.915653000816448237e-01	1.211658037554555201e-01	2.889164943596782553e-01	1.813393042298680480e-01	8.445494584021794038e-02	3.779557893779156297e-02	9.476257279517581733e-02
1.775461668411488745e+03	1.912271765895603715e-01	1.209338933597338683e-01	2.891314913120320851e-01	1.814894515928721364e-01	8.451957625445288835e-02	3.784131612753563467e-02	9.485709476364502513e-02
1.780299438625144376e+03	1.908909979031421511e-01	1.207032545138167906e-01	2.893452545544276111e-01	1.816387266232102615e-01	8.458386826962509264e-02	3.788682830671709356e-02	9.495106982889293945e-02
1.785137208838799552e+03	1.905567528935519228e-01	1.204738801707925383e-01	2.895577914729322022e-01	1.817871343265920481e-01	8.464782362029020513e-02	3.793211643087783524e-02	9.504450108479521597e-02
1.789974979052454728e+03	1.902244304956050847e-01	1.202457633231749090e-01	2.897691094046092042e-01	1.819346796813081368e-01	8.471144403233379916e-02	3.797718145370471837e-02	9.513739160909615022e-02
1.794812749266109904e+03	1.898940197074029113e-01	1.200188970026810353e-01	2.899792156379151775e-01	1.820813676383555568e-01	8.477473122301590336e-02	3.802202432699391954e-02	9.522974446346751942e-02
1.799650519479765535e+03	1.895655095899669296e-01	1.197932742800103950e-01	2.901881174130926389e-01	1.822272031215630139e-01	8.483768690101524401e-02	3.806664600061616943e-02	9.532156269356763245e-02
1.804488289693420711e+03	1.892388892668753764e-01	1.195688882646251117e-01	2.903958219225589166e-01	1.823721910277159297e-01	8.490031276647314051e-02	3.811104742248284244e-02	9.541284932910065741e-02
1.809326059907075887e+03	1.889141479239020704e-01	1.193457321045314351e-01	2.906023363112908431e-01	1.825163362266814804e-01	8.496261051103703998e-02	3.815522953851287896e-02	9.550360738387617121e-02
1.814163830120731291e+03	1.885912748086572277e-01	1.191237989860624569e-01	2.908076676772055613e-01	1.826596435615333025e-01	8.502458181790384373e-02	3.819919329260058199e-02	9.559383985586900057e-02
1.819001600334386467e+03	1.882702592302305244e-01	1.189030821336621302e-01	2.910118230715367793e-01	1.828021178486763099e-01	8.508622836186276184e-02	3.824293962658418394e-02	9.568354972727922958e-02
1.823839370548041643e+03	1.879510905588363257e-01	1.186835748096704279e-01	2.912148094992081382e-01	1.829437638779711772e-01	8.514755180933807066e-02	3.828646948021522528e-02	9.577273996459249872e-02
1.828677140761696819e+03	1.876337582254609671e-01	1.184652703141097219e-01	2.914166339192019173e-01	1.830845864128587408e-01	8.520855381843141230e-02	3.832978379112875894e-02	9.586141351864038707e-02
1.833514910975352450e+03	1.873182517215122300e-01	1.182481619844724385e-01	2.916173032449238534e-01	1.832245901904840935e-01	8.526923603896392756e-02	3.837288349481424859e-02	9.594957332466112765e-02
1.838352681189008081e+03	1.870045605984707870e-01	1.180322431955098395e-01	2.918168243445648513e-01	1.833637799218208464e-01	8.532960011251795873e-02	3.841576952458732042e-02	9.603722230236039215e-02
1.843190451402663257e+03	1.866926744675438676e-01	1.178175073590220223e-01	2.920152040414584205e-01	1.835021602917946415e-01	8.538964767247864129e-02	3.845844281156215322e-02	9.612436335597228376e-02
1.848028221616318433e+03	1.863825829993208394e-01	1.176039479236491436e-01	2.922124491144346692e-01	1.836397359594069967e-01	8.544938034407505156e-02	3.850090428462470821e-02	9.621099937432053828e-02
1.852865991829973609e+03	1.860742759234310650e-01	1.173915583746637653e-01	2.924085662981707467e-01	1.837765115578586517e-01	8.550879974442124332e-02	3.854315487040659016e-02	9.629713323087980836e-02
1.857703762043628785e+03	1.857677430282035635e-01	1.171803322337644226e-01	2.926035622835373995e-01	1.839124916946728305e-01	8.556790748255688195e-02	3.858519549325965109e-02	9.638276778383716992e-02
1.862541532257283961e+03	1.854629741603288084e-01	1.169702630588702746e-01	2.927974437179421408e-01	1.840476809518181434e-01	8.562670515948765659e-02	3.862702707523129469e-02	9.646790587615362844e-02
1.867379302470939592e+03	1.851599592245226078e-01	1.167613444439170312e-01	2.929902172056689236e-01	1.841820838858314602e-01	8.568519436822551183e-02	3.866865053604042618e-02	9.655255033562591682e-02
1.872217072684594768e+03	1.848586881831917605e-01	1.165535700186539902e-01	2.931818893082148714e-01	1.843157050279403686e-01	8.574337669382846305e-02	3.871006679305410980e-02	9.663670397494834863e-02
1.877054842898249490e+03	1.845591510561019888e-01	1.163469334484421996e-01	2.933724665446226232e-01	1.844485488841854093e-01	8.580125371344031471e-02	3.875127676126483012e-02	9.672036959177467141e-02
1.881892613111905121e+03	1.842613379200475632e-01	1.161414284340537284e-01	2.935619553918099034e-01	1.845806199355422561e-01	8.585882699633003157e-02	3.879228135326845406e-02	9.680354996878016982e-02
1.886730383325560297e+03	1.839652389085232320e-01	1.159370487114721876e-01	2.937503622848959273e-01	1.847119226380433410e-01	8.591609810393087410e-02	3.883308147924276893e-02	9.688624787372383806e-02
1.891568153539215928e+03	1.836708442113976492e-01	1.157337880516942502e-01	2.939376936175242538e-01	1.848424614228994789e-01	8.597306858987935341e-02	3.887367804692669349e-02	9.696846605951049691e-02
1.896405923752871104e+03	1.833781440745891889e-01	1.155316402605324061e-01	2.941239557421823636e-01	1.849722406966210486e-01	8.602974000005386701e-02	3.891407196160004411e-02	9.705020726425318822e-02
1.901243693966526507e+03	1.830871287997433705e-01	1.153305991784187717e-01	2.943091549705183496e-01	1.851012648411390904e-01	8.608611387261315417e-02	3.895426412606392552e-02	9.713147421133544457e-02
1.906081464180181683e+03	1.827977887439123095e-01	1.151306586802099685e-01	2.944932975736540004e-01	1.852295382139258206e-01	8.614219173803450147e-02	3.899425544062172511e-02	9.721226960947379481e-02
1.910919234393836859e+03	1.825101143192360831e-01	1.149318126749932223e-01	2.946763897824952183e-01	1.853570651481151743e-01	8.619797511915167076e-02	3.903404680306063468e-02	9.729259615278015860e-02
1.915757004607492036e+03	1.822240959926259840e-01	1.147340551058934344e-01	2.948584377880389962e-01	1.854838499526228757e-01	8.625346553119270232e-02	3.907363910863378281e-02	9.737245652082440750e-02
1.920594774821147894e+03	1.819397242854495500e-01	1.145373799498814321e-01	2.950394477416777295e-01	1.856098969122662590e-01	8.630866448181737094e-02	3.911303325004290843e-02	9.745185337869691211e-02
1.925432545034802843e+03	1.816569897732176475e-01	1.143417812175833159e-01	2.952194257555003087e-01	1.857352102878837841e-01	8.636357347115455885e-02	3.915223011742154091e-02	9.753078937707111706e-02
1.930270315248458019e+03	1.813758830852731652e-01	1.141472529530907498e-01	2.953983779025900480e-01	1.858597943164542743e-01	8.641819399183924000e-02	3.919123059831877698e-02	9.760926715226611594e-02
1.935108085462113195e+03	1.810963949044817611e-01	1.139537892337724873e-01	2.955763102173201151e-01	1.859836532112157936e-01	8.647252752904940887e-02	3.923003557768353633e-02	9.768728932630930950e-02
1.939945855675768371e+03	1.808185159669242204e-01	1.137613841700868961e-01	2.957532286956459089e-01	1.861067911617841908e-01	8.652657556054271781e-02	3.926864593784936547e-02	9.776485850699907776e-02
1.944783625889424002e+03	1.805422370615909211e-01	1.135700319053955243e-01	2.959291392953946054e-01	1.862292123342714212e-01	8.658033955669289239e-02	3.930706255851969949e-02	9.784197728796734106e-02
1.949621396103079178e+03	1.802675490300778005e-01	1.133797266157777206e-01	2.961040479365514844e-01	1.863509208714035359e-01	8.663382098052595237e-02	3.934528631675367899e-02	9.791864824874221829e-02
1.954459166316734354e+03	1.799944427662843460e-01	1.131904625098463790e-01	2.962779605015443130e-01	1.864719208926380323e-01	8.668702128775626625e-02	3.938331808695239022e-02	9.799487395481065732e-02
1.959296936530389530e+03	1.797229092161132247e-01	1.130022338285646549e-01	2.964508828355240655e-01	1.865922164942814265e-01	8.673994192682234206e-02	3.942115874084563959e-02	9.807065695768106550e-02
1.964134706744044706e+03	1.794529393771716053e-01	1.128150348450636942e-01	2.966228207466436451e-01	1.867118117496059659e-01	8.679258433892247937e-02	3.945880914747915830e-02	9.814599979494587068e-02
1.968972476957700337e+03	1.791845242984745346e-01	1.126288598644614725e-01	2.967937800063336073e-01	1.868307107089663133e-01	8.684494995805008832e-02	3.949627017320229971e-02	9.822090499034409616e-02
1.973810247171355968e+03	1.789176550801498677e-01	1.124437032236826201e-01	2.969637663495751090e-01	1.869489173999157594e-01	8.689704021102902243e-02	3.953354268165615998e-02	9.829537505382388018e-02
1.978648017385010689e+03	1.786523228731448365e-01	1.122595592912792872e-01	2.971327854751705244e-01	1.870664358273221028e-01	8.694885651754853673e-02	3.957062753376214270e-02	9.836941248160498141e-02
1.983485787598666320e+03	1.783885188789344767e-01	1.120764224672529535e-01	2.973008430460114537e-01	1.871832699734831129e-01	8.700040029019813492e-02	3.960752558771098164e-02	9.844301975624125678e-02
1.988323557812321269e+03	1.781262343492319156e-01	1.118942871828773888e-01	2.974679446893439549e-01	1.872994237982417987e-01	8.705167293450219446e-02	3.964423769895216582e-02	9.851619934668301437e-02
1.993161328025976900e+03	1.778654605856999082e-01	1.117131479005223915e-01	2.976340959970312783e-01	1.874149012391012337e-01	8.710267584895443893e-02	3.968076472018380874e-02	9.858895370833938021e-02
1.997999098239632076e+03	1.776061889396646221e-01	1.115329991134787896e-01	2.977993025258144355e-01	1.875297062113388535e-01	8.715341042505218849e-02	3.971710750134290618e-02	9.866128528314060953e-02
2.002836868453287707e+03	1.773484108118306424e-01	1.113538353457842606e-01	2.979635697975701603e-01	1.876438426081206978e-01	8.720387804733041592e-02	3.975326688959599647e-02	9.873319649960030087e-02
2.007674638666942428e+03	1.770921176519979490e-01	1.111756511520501367e-01	2.981269032995659818e-01	1.877573143006149858e-01	8.725408009339567783e-02	3.978924372933023007e-02	9.880468977287755472e-02
2.012512408880597604e+03	1.768373009587803912e-01	1.109984411172892788e-01	2.982893084847137444e-01	1.878701251381054149e-01	8.730401793395982379e-02	3.982503886214483479e-02	9.887576750483903498e-02
2.017350179094252780e+03	1.765839522793258842e-01	1.108221998567449074e-01	2.984507907718199626e-01	1.879822789481043199e-01	8.735369293287348347e-02	3.986065312684293482e-02	9.894643208412105817e-02
2.022187949307908411e+03	1.763320632090381868e-01	1.106469220157202948e-01	2.986113555458344004e-01	1.880937795364649723e-01	8.740310644715945654e-02	3.989608735942375140e-02	9.901668588619146061e-02
2.027025719521564042e+03	1.760816253913004281e-01	1.104726022694095672e-01	2.987710081580959298e-01	1.882046306874939900e-01	8.745225982704589451e-02	3.993134239307520594e-02	9.908653127341145173e-02
2.031863489735218764e+03	1.758326305172001336e-01	1.102992353227293665e-01	2.989297539265764470e-01	1.883148361640629709e-01	8.750115441599931598e-02	3.996641905816682855e-02	9.915597059509738409e-02
2.036701259948874394e+03	1.755850703252558043e-01	1.101268159101515265e-01	2.990875981361222347e-01	1.884243997077200417e-01	8.754979155075741371e-02	4.000131818224305497e-02	9.922500618758238466e-02
2.041539030162529116e+03	1.753389366011453288e-01	1.099553387955366501e-01	2.992445460386932710e-01	1.885333250388007420e-01	8.759817256136168129e-02	4.003604059001684978e-02	9.929364037427795830e-02
2.046376800376184747e+03	1.750942211774357826e-01	1.097847987719686447e-01	2.994006028536003172e-01	1.886416158565387136e-01	8.764629877118995660e-02	4.007058710336370427e-02	9.936187546573541085e-02
2.051214570589840150e+03	1.748509159333148100e-01	1.096151906615902283e-01	2.995557737677396193e-01	1.887492758391760284e-01	8.769417149698874314e-02	4.010495854131589100e-02	9.942971375970720282e-02
2.056052340803495554e+03	1.746090127943237258e-01	1.094465093154393109e-01	2.997100639358258878e-01	1.888563086440728234e-01	8.774179204890533712e-02	4.013915572005716942e-02	9.949715754120823374e-02
2.060890111017150957e+03	1.743685037320921449e-01	1.092787496132863190e-01	2.998634784806227249e-01	1.889627179078168795e-01	8.778916173051982963e-02	4.017317945291767195e-02	9.956420908257694602e-02
2.065727881230805451e+03	1.741293807640738045e-01	1.091119064634724911e-01	3.000160224931711639e-01	1.890685072463326177e-01	8.783628183887692842e-02	4.020703055036922019e-02	9.963087064353634559e-02
2.070565651444461309e+03	1.738916359532845790e-01	1.089459748027489794e-01	3.001677010330159878e-01	1.891736802549897067e-01	8.788315366451759925e-02	4.024070982002086322e-02	9.969714447125485601e-02
2.075403421658116713e+03	1.736552614080414947e-01	1.087809495961170325e-01	3.003185191284302169e-01	1.892782405087113373e-01	8.792977849151062397e-02	4.027421806661478365e-02	9.976303280040714483e-02
2.080241191871772116e+03	1.734202492817032981e-01	1.086168258366688871e-01	3.004684817766372640e-01	1.893821915620819973e-01	8.797615759748386721e-02	4.030755609202245349e-02	9.982853785323476947e-02
2.085078962085427065e+03	1.731865917724129955e-01	1.084535985454297136e-01	3.006175939440315914e-01	1.894855369494549135e-01	8.802229225365551524e-02	4.034072469524111609e-02	9.989366183960662893e-02
2.089916732299082469e+03	1.729542811228414190e-01	1.082912627712004083e-01	3.007658605663966478e-01	1.895882801850589938e-01	8.806818372486510671e-02	4.037372467239052493e-02	9.995840695707941537e-02
2.094754502512737417e+03	1.727233096199323192e-01	1.081298135904012053e-01	3.009132865491214170e-01	1.896904247631054363e-01	8.811383326960434137e-02	4.040655681670998756e-02	1.000227753909578021e-01
2.099592272726392821e+03	1.724936695946492071e-01	1.079692461069163278e-01	3.010598767674149134e-01	1.897919741578939778e-01	8.815924214004787485e-02	4.043922191855564563e-02	1.000867693143545761e-01
2.104430042940048224e+03	1.722653534217235827e-01	1.078095554519393207e-01	3.012056360665185673e-01	1.898929318239185871e-01	8.820441158208378041e-02	4.047172076539808094e-02	1.001503908882506039e-01
2.109267813153704083e+03	1.720383535194043856e-01	1.076507367838194507e-01	3.013505692619170562e-01	1.899933011959727691e-01	8.824934283534406620e-02	4.050405414182012276e-02	1.002136422615546585e-01
2.114105583367359031e+03	1.718126623492092775e-01	1.074927852879088847e-01	3.014946811395469162e-01	1.900930856892546206e-01	8.829403713323485947e-02	4.053622282951496042e-02	1.002765255711630249e-01
2.118943353581013525e+03	1.715882724156770345e-01	1.073356961764106998e-01	3.016379764560034871e-01	1.901922886994711626e-01	8.833849570296657683e-02	4.056822760728449190e-02	1.003390429420190910e-01
2.123781123794669384e+03	1.713651762661216604e-01	1.071794646882278518e-01	3.017804599387460263e-01	1.902909136029426185e-01	8.838271976558380316e-02	4.060006925103791520e-02	1.004011964871726892e-01
2.128618894008324787e+03	1.711433664903876939e-01	1.070240860888128503e-01	3.019221362863009905e-01	1.903889637567059701e-01	8.842671053599515663e-02	4.063174853379056956e-02	1.004629883078393543e-01
2.133456664221980191e+03	1.709228357206070970e-01	1.068695556700185040e-01	3.020630101684634305e-01	1.904864424986182636e-01	8.847046922300295935e-02	4.066326622566300564e-02	1.005244204934592767e-01
2.138294434435635139e+03	1.707035766309575320e-01	1.067158687499493025e-01	3.022030862264969975e-01	1.905833531474593889e-01	8.851399702933272773e-02	4.069462309388032634e-02	1.005854951217562826e-01
2.143132204649290543e+03	1.704855819374218873e-01	1.065630206728137297e-01	3.023423690733316183e-01	1.906796990030345251e-01	8.855729515166255172e-02	4.072581990277170105e-02	1.006462142587965652e-01
2.147969974862945492e+03	1.702688443975494681e-01	1.064110068087774780e-01	3.024808632937598940e-01	1.907754833462760868e-01	8.860036478065236309e-02	4.075685741377013671e-02	1.007065799590471794e-01
2.152807745076601350e+03	1.700533568102182980e-01	1.062598225538173291e-01	3.026185734446316111e-01	1.908707094393453652e-01	8.864320710097296774e-02	4.078773638541246388e-02	1.007665942654345365e-01
2.157645515290255844e+03	1.698391120153990852e-01	1.061094633295759926e-01	3.027555040550466980e-01	1.909653805257336134e-01	8.868582329133505027e-02	4.081845757333955882e-02	1.008262592094025800e-01
2.162483285503912157e+03	1.696261028939202165e-01	1.059599245832177211e-01	3.028916596265464056e-01	1.910594998303626890e-01	8.872821452451794266e-02	4.084902173029673206e-02	1.008855768109708367e-01
2.167321055717567106e+03	1.694143223672343879e-01	1.058112017872848282e-01	3.030270446333028223e-01	1.911530705596855007e-01	8.877038196739829579e-02	4.087942960613435289e-02	1.009445490787923561e-01
2.172158825931222509e+03	1.692037633971865962e-01	1.056632904395548161e-01	3.031616635223067791e-01	1.912460959017857065e-01	8.881232678097861211e-02	4.090968194780868900e-02	1.010031780102114002e-01
2.176996596144877003e+03	1.689944189857831569e-01	1.055161860628985593e-01	3.032955207135541453e-01	1.913385790264771902e-01	8.885405012041566741e-02	4.093977949938289174e-02	1.010614655913209675e-01
2.181834366358532861e+03	1.687862821749624431e-01	1.053698842051391110e-01	3.034286206002307362e-01	1.914305230854031759e-01	8.889555313504869660e-02	4.096972300202825212e-02	1.011194137970201773e-01
2.186672136572187810e+03	1.685793460463667626e-01	1.052243804389113996e-01	3.035609675488951664e-01	1.915219312121346773e-01	8.893683696842757946e-02	4.099951319402557470e-02	1.011770245910714461e-01
2.191509906785843214e+03	1.683736037211155667e-01	1.050796703615226174e-01	3.036925658996606492e-01	1.916128065222687249e-01	8.897790275834081830e-02	4.102915081076680126e-02	1.012342999261574561e-01
2.196347676999498617e+03	1.681690483595799923e-01	1.049357495948136099e-01	3.038234199663749635e-01	1.917031521135260375e-01	8.901875163684333514e-02	4.105863658475675942e-02	1.012912417439380403e-01
2.201185447213154021e+03	1.679656731611586240e-01	1.047926137850207773e-01	3.039535340367989225e-01	1.917929710658483333e-01	8.905938473028424118e-02	4.108797124561513331e-02	1.013478519751067064e-01
2.206023217426809424e+03	1.677634713640547837e-01	1.046502586026389903e-01	3.040829123727835648e-01	1.918822664414952528e-01	8.909980315933438422e-02	4.111715552007857988e-02	1.014041325394471893e-01
2.210860987640464373e+03	1.675624362450548188e-01	1.045086797422851571e-01	3.042115592104454591e-01	1.919710412851407533e-01	8.914000803901384051e-02	4.114619013200303266e-02	1.014600853458896695e-01
2.215698757854119776e+03	1.673625611193079177e-01	1.043678729225625823e-01	3.043394787603409535e-01	1.920592986239690603e-01	8.918000047871922631e-02	4.117507580236617892e-02	1.015157122925667843e-01
2.220536528067775180e+03	1.671638393401069789e-01	1.042278338859261022e-01	3.044666752076386484e-01	1.921470414677704519e-01	8.921978158225085664e-02	4.120381324927008260e-02	1.015710152668696242e-01
2.225374298281430583e+03	1.669662642986709800e-01	1.040885583985480256e-01	3.045931527122904825e-01	1.922342728090362107e-01	8.925935244783983480e-02	4.123240318794399450e-02	1.016259961455033001e-01
2.230212068495085077e+03	1.667698294239283729e-01	1.039500422501847543e-01	3.047189154092014851e-01	1.923209956230534368e-01	8.929871416817498908e-02	4.126084633074728752e-02	1.016806567945424955e-01
2.235049838708740936e+03	1.665745281823018953e-01	1.038122812540441808e-01	3.048439674083983086e-01	1.924072128679993610e-01	8.933786783042968471e-02	4.128914338717255134e-02	1.017349990694867840e-01
2.239887608922396339e+03	1.663803540774945744e-01	1.036752712466539744e-01	3.049683127951959838e-01	1.924929274850352423e-01	8.937681451628848306e-02	4.131729506384888839e-02	1.017890248153156679e-01
2.244725379136052197e+03	1.661873006502769257e-01	1.035390080877303526e-01	3.050919556303631763e-01	1.925781423983997931e-01	8.941555530197371759e-02	4.134530206454527235e-02	1.018427358665435351e-01
2.249563149349706237e+03	1.659953614782754272e-01	1.034034876600478103e-01	3.052148999502869997e-01	1.926628605155021323e-01	8.945409125827190333e-02	4.137316509017412158e-02	1.018961340472743782e-01
2.254400919563362095e+03	1.658045301757622436e-01	1.032687058693095156e-01	3.053371497671352186e-01	1.927470847270144894e-01	8.949242345056006298e-02	4.140088483879499071e-02	1.019492211712562518e-01
2.259238689777017044e+03	1.656148003934460322e-01	1.031346586440184121e-01	3.054587090690181195e-01	1.928308179069642969e-01	8.953055293883191434e-02	4.142846200561836612e-02	1.020019990419356593e-01
2.264076459990672902e+03	1.654261658182641093e-01	1.030013419353491000e-01	3.055795818201484382e-01	1.929140629128260620e-01	8.956848077772389116e-02	4.145589728300967669e-02	1.020544694525115648e-01
