1.001418434226643626e+03	2.798984965798170799e-01	1.803769931629381207e-01	2.348929234676473965e-01	1.410215908749301583e-01	6.806369831543174209e-02	2.683158775150173286e-02	6.891470984756538354e-02
1.003837319333471214e+03	2.794730188236602686e-01	1.800995780143141434e-01	2.351974426115811811e-01	1.411961014739656906e-01	6.813547205649313210e-02	2.687545028589812326e-02	6.902293673391907136e-02
1.006256204440298802e+03	2.790487474425866754e-01	1.798229461394279249e-01	2.355010975965534104e-01	1.413700689971986169e-01	6.820704260606046121e-02	2.691923559714998540e-02	6.913086162085455011e-02
1.008675089547126618e+03	2.786256789988433291e-01	1.795470953243943901e-01	2.358038908658299793e-01	1.415434953340440338e-01	6.827841054283574629e-02	2.696294362168682318e-02	6.923848531219724267e-02
1.011093974653954206e+03	2.782038100646038181e-01	1.792720233615864023e-01	2.361058248557664496e-01	1.417163823660842481e-01	6.834957644382845532e-02	2.700657429782346922e-02	6.934580861013873998e-02
1.013512859760782021e+03	2.777831372219384809e-01	1.789977280496168333e-01	2.364069019958276174e-01	1.418887319671079117e-01	6.842054088436312631e-02	2.705012756574435781e-02	6.945283231523323442e-02
1.015931744867609382e+03	2.773636570627850406e-01	1.787242071933212162e-01	2.367071247086069974e-01	1.420605460031492961e-01	6.849130443808702784e-02	2.709360336748790204e-02	6.955955722639410588e-02
1.018350629974437197e+03	2.769453661889190732e-01	1.784514586037399819e-01	2.370064954098463073e-01	1.422318263325271503e-01	6.856186767697748652e-02	2.713700164693099576e-02	6.966598414089060498e-02
1.020769515081264785e+03	2.765282612119246974e-01	1.781794800981008620e-01	2.373050165084548968e-01	1.424025748058835028e-01	6.863223117134925610e-02	2.718032234977361614e-02	6.977211385434478608e-02
1.023188400188092373e+03	2.761123387531653761e-01	1.779082694998015413e-01	2.376026904065290379e-01	1.425727932662221309e-01	6.870239548986159517e-02	2.722356542352355122e-02	6.987794716072845413e-02
1.025607285294920075e+03	2.756975954437546061e-01	1.776378246383921722e-01	2.378995194993711870e-01	1.427424835489469468e-01	6.877236119952527538e-02	2.726673081748123492e-02	6.998348485236030592e-02
1.028026170401747549e+03	2.752840279245270527e-01	1.773681433495578885e-01	2.381955061755092751e-01	1.429116474819001892e-01	6.884212886570943712e-02	2.730981848272467580e-02	7.008872771990316830e-02
1.030445055508575479e+03	2.748716328460095171e-01	1.770992234751015970e-01	2.384906528167159978e-01	1.430802868854003096e-01	6.891169905214836189e-02	2.735282837209452450e-02	7.019367655236138925e-02
1.032863940615402726e+03	2.744604068683920706e-01	1.768310628629266024e-01	2.387849617980276618e-01	1.432484035722797755e-01	6.898107232094805030e-02	2.739576044017922110e-02	7.029833213707831208e-02
1.035282825722230655e+03	2.740503466614992445e-01	1.765636593670193988e-01	2.390784354877635298e-01	1.434159993479225403e-01	6.905024923259277247e-02	2.743861464330027075e-02	7.040269525973388842e-02
1.037701710829058356e+03	2.736414489047616083e-01	1.762970108474324060e-01	2.393710762475446951e-01	1.435830760103015413e-01	6.911923034595141013e-02	2.748139093949759568e-02	7.050676670434243010e-02
1.040120595935886058e+03	2.732337102871868484e-01	1.760311151702668997e-01	2.396628864323130381e-01	1.437496353500157253e-01	6.918801621828375714e-02	2.752408928851503636e-02	7.061054725325038861e-02
1.042539481042713533e+03	2.728271275073314572e-01	1.757659702076559138e-01	2.399538683903502390e-01	1.439156791503271027e-01	6.925660740524676451e-02	2.756670965178590824e-02	7.071403768713438454e-02
1.044958366149541234e+03	2.724216972732723119e-01	1.755015738377470880e-01	2.402440244632965405e-01	1.440812091871974954e-01	6.932500446090050783e-02	2.760925199241869715e-02	7.081723878499918134e-02
1.047377251256368709e+03	2.720174163025784186e-01	1.752379239446857917e-01	2.405333569861695941e-01	1.442462272293250081e-01	6.939320793771429352e-02	2.765171627518284506e-02	7.092015132417585355e-02
1.049796136363196410e+03	2.716142813222828245e-01	1.749750184185980828e-01	2.408218682873831673e-01	1.444107350381805543e-01	6.946121838657247360e-02	2.769410246649462587e-02	7.102277608032007972e-02
1.052215021470024112e+03	2.712122890688542509e-01	1.747128551555738873e-01	2.411095606887659060e-01	1.445747343680439112e-01	6.952903635678030214e-02	2.773641053440313239e-02	7.112511382741044941e-02
1.054633906576851814e+03	2.708114362881692272e-01	1.744514320576499855e-01	2.413964365055799033e-01	1.447382269660397458e-01	6.959666239606963900e-02	2.777864044857638118e-02	7.122716533774693659e-02
1.057052791683679516e+03	2.704117197354842239e-01	1.741907470327933305e-01	2.416824980465393236e-01	1.449012145721733646e-01	6.966409705060458424e-02	2.782079218028747636e-02	7.132893138194947025e-02
1.059471676790506763e+03	2.700131361754076753e-01	1.739307979948843119e-01	2.419677476138289984e-01	1.450636989193663795e-01	6.973134086498707085e-02	2.786286570240089841e-02	7.143041272895650495e-02
1.061890561897334692e+03	2.696156823818722237e-01	1.736715828636999082e-01	2.422521875031227734e-01	1.452256817334919015e-01	6.979839438226236037e-02	2.790486098935888309e-02	7.153161014602379963e-02
1.064309447004162394e+03	2.692193551381072414e-01	1.734130995648971163e-01	2.425358200036020484e-01	1.453871647334099293e-01	6.986525814392439970e-02	2.794677801716789756e-02	7.163252439872321020e-02
1.066728332110990095e+03	2.688241512366111308e-01	1.731553460299962710e-01	2.428186473979741800e-01	1.455481496310022382e-01	6.993193268992120570e-02	2.798861676338521703e-02	7.173315625094159320e-02
1.069147217217817570e+03	2.684300674791239016e-01	1.728983201963645022e-01	2.431006719624906887e-01	1.457086381312071854e-01	6.999841855866016649e-02	2.803037720710558137e-02	7.183350646487980662e-02
1.071566102324645271e+03	2.680371006765995823e-01	1.726420200071992483e-01	2.433818959669656889e-01	1.458686319320543490e-01	7.006471628701323173e-02	2.807205932894795211e-02	7.193357580105173843e-02
1.073984987431472746e+03	2.676452476491792409e-01	1.723864434115117139e-01	2.436623216747939302e-01	1.460281327246989447e-01	7.013082641032207520e-02	2.811366311104238763e-02	7.203336501828347394e-02
1.076403872538300675e+03	2.672545052261636189e-01	1.721315883641103828e-01	2.439419513429691710e-01	1.461871421934559101e-01	7.019674946240314628e-02	2.815518853701695634e-02	7.213287487371251860e-02
1.078822757645127922e+03	2.668648702459859301e-01	1.718774528255847533e-01	2.442207872221021370e-01	1.463456620158342103e-01	7.026248597555276310e-02	2.819663559198480607e-02	7.223210612278710419e-02
1.081241642751955851e+03	2.664763395561848824e-01	1.716240347622889906e-01	2.444988315564386172e-01	1.465036938625703111e-01	7.032803648055208079e-02	2.823800426253126120e-02	7.233105951926555033e-02
1.083660527858783553e+03	2.660889100133777552e-01	1.713713321463254391e-01	2.447760865838776168e-01	1.466612393976620687e-01	7.039340150667196261e-02	2.827929453670106896e-02	7.242973581521573723e-02
1.086079412965611255e+03	2.657025784832336424e-01	1.711193429555286361e-01	2.450525545359891477e-01	1.468183002784021474e-01	7.045858158167789265e-02	2.832050640398569089e-02	7.252813576101460602e-02
1.088498298072438729e+03	2.653173418404461970e-01	1.708680651734489075e-01	2.453282376380322150e-01	1.469748781554111872e-01	7.052357723183481919e-02	2.836163985531071213e-02	7.262626010534774246e-02
1.090917183179266431e+03	2.649331969687075961e-01	1.706174967893363259e-01	2.456031381089726628e-01	1.471309746726709444e-01	7.058838898191185929e-02	2.840269488302330989e-02	7.272410959520907159e-02
1.093336068286093905e+03	2.645501407606814515e-01	1.703676357981245559e-01	2.458772581615011332e-01	1.472865914675571264e-01	7.065301735518714210e-02	2.844367148087983965e-02	7.282168497590055245e-02
1.095754953392921607e+03	2.641681701179764419e-01	1.701184802004147845e-01	2.461506000020505791e-01	1.474417301708721983e-01	7.071746287345233306e-02	2.848456964403350139e-02	7.291898699103198378e-02
1.098173838499749309e+03	2.637872819511199451e-01	1.698700280024596776e-01	2.464231658308141393e-01	1.475963924068776911e-01	7.078172605701740783e-02	2.852538936902207153e-02	7.301601638252087911e-02
1.100592723606577010e+03	2.634074731795314483e-01	1.696222772161474768e-01	2.466949578417628186e-01	1.477505797933267584e-01	7.084580742471521808e-02	2.856613065375573565e-02	7.311277389059236964e-02
1.103011608713404712e+03	2.630287407314965686e-01	1.693752258589859838e-01	2.469659782226630296e-01	1.479042939414960678e-01	7.090970749390598793e-02	2.860679349750502171e-02	7.320926025377919033e-02
1.105430493820231959e+03	2.626510815441406299e-01	1.691288719540867125e-01	2.472362291550941060e-01	1.480575364562179697e-01	7.097342678048187969e-02	2.864737790088878883e-02	7.330547620892174931e-02
1.107849378927059888e+03	2.622744925634027391e-01	1.688832135301490955e-01	2.475057128144659835e-01	1.482103089359120551e-01	7.103696579887149032e-02	2.868788386586231670e-02	7.340142249116821116e-02
1.110268264033887590e+03	2.618989707440094183e-01	1.686382486214445808e-01	2.477744313700365186e-01	1.483626129726169640e-01	7.110032506204426450e-02	2.872831139570547476e-02	7.349709983397463564e-02
1.112687149140715292e+03	2.615245130494491255e-01	1.683939752678009494e-01	2.480423869849289475e-01	1.485144501520216098e-01	7.116350508151490784e-02	2.876866049501097464e-02	7.359250896910524142e-02
1.115106034247542766e+03	2.611511164519461636e-01	1.681503915145866890e-01	2.483095818161492885e-01	1.486658220534964880e-01	7.122650636734778606e-02	2.880893116967269546e-02	7.368765062663268361e-02
1.117524919354370468e+03	2.607787779324348687e-01	1.679074954126950625e-01	2.485760180146035503e-01	1.488167302501246236e-01	7.128932942816124108e-02	2.884912342687411674e-02	7.378252553493838684e-02
1.119943804461197942e+03	2.604074944805337966e-01	1.676652850185287869e-01	2.488416977251151352e-01	1.489671763087325740e-01	7.135197477113186526e-02	2.888923727507679978e-02	7.387713442071285053e-02
1.122362689568025871e+03	2.600372630945204100e-01	1.674237583939843510e-01	2.491066230864419917e-01	1.491171617899210156e-01	7.141444290199885914e-02	2.892927272400896976e-02	7.397147800895623182e-02
1.124781574674853118e+03	2.596680807813053216e-01	1.671829136064364452e-01	2.493707962312937398e-01	1.492666882480951918e-01	7.147673432506825020e-02	2.896922978465417062e-02	7.406555702297869248e-02
1.127200459781681047e+03	2.592999445564069250e-01	1.669427487287225009e-01	2.496342192863488796e-01	1.494157572314954163e-01	7.153884954321708400e-02	2.900910846923999628e-02	7.415937218440105116e-02
1.129619344888508749e+03	2.589328514439258599e-01	1.667032618391272591e-01	2.498968943722717218e-01	1.495643702822270493e-01	7.160078905789765691e-02	2.904890879122691907e-02	7.425292421315532465e-02
1.132038229995336451e+03	2.585667984765200322e-01	1.664644510213673656e-01	2.501588236037296520e-01	1.497125289362905842e-01	7.166255336914162388e-02	2.908863076529716665e-02	7.434621382748536622e-02
1.134457115102163925e+03	2.582017826953790784e-01	1.662263143645759667e-01	2.504200090894098674e-01	1.498602347236113741e-01	7.172414297556424512e-02	2.912827440734369958e-02	7.443924174394757343e-02
1.136876000208991627e+03	2.578378011501993305e-01	1.659888499632875269e-01	2.506804529320362795e-01	1.500074891680693301e-01	7.178555837436836895e-02	2.916783973445924438e-02	7.453200867741159585e-02
1.139294885315819101e+03	2.574748508991589468e-01	1.657520559174223695e-01	2.509401572283868065e-01	1.501542937875283423e-01	7.184680006134860908e-02	2.920732676492544463e-02	7.462451534106116779e-02
1.141713770422646803e+03	2.571129290088924324e-01	1.655159303322717157e-01	2.511991240693096095e-01	1.503006500938655621e-01	7.190786853089536912e-02	2.924673551820203624e-02	7.471676244639488540e-02
1.144132655529474505e+03	2.567520325544663806e-01	1.652804713184821972e-01	2.514573555397403015e-01	1.504465595930005173e-01	7.196876427599893655e-02	2.928606601491612338e-02	7.480875070322710874e-02
1.146551540636302207e+03	2.563921586193541602e-01	1.650456769920409517e-01	2.517148537187185453e-01	1.505920237849240617e-01	7.202948778825343790e-02	2.932531827685154815e-02	7.490048081968886384e-02
1.148970425743129908e+03	2.560333042954113791e-01	1.648115454742603569e-01	2.519716206794047064e-01	1.507370441637272129e-01	7.209003955786083551e-02	2.936449232693829139e-02	7.499195350222882805e-02
1.151389310849957155e+03	2.556754666828509603e-01	1.645780748917631819e-01	2.522276584890965623e-01	1.508816222176296296e-01	7.215042007363496601e-02	2.940358818924197759e-02	7.508316945561428757e-02
1.153808195956785084e+03	2.553186428902189942e-01	1.643452633764673487e-01	2.524829692092457889e-01	1.510257594290082273e-01	7.221062982300546773e-02	2.944260588895345962e-02	7.517412938293220603e-02
1.156227081063612786e+03	2.549628300343699805e-01	1.641131090655711389e-01	2.527375548954747808e-01	1.511694572744252396e-01	7.227066929202168033e-02	2.948154545237843469e-02	7.526483398559032090e-02
1.158645966170440488e+03	2.546080252404420707e-01	1.638816101015381221e-01	2.529914175975927493e-01	1.513127172246565844e-01	7.233053896535659999e-02	2.952040690692719557e-02	7.535528396331823975e-02
1.161064851277267962e+03	2.542542256418333091e-01	1.636507646320823905e-01	2.532445593596123201e-01	1.514555407447196467e-01	7.239023932631076519e-02	2.955919028110439231e-02	7.544548001416861993e-02
1.163483736384095664e+03	2.539014283801770411e-01	1.634205708101537091e-01	2.534969822197662981e-01	1.515979292939010625e-01	7.244977085681612861e-02	2.959789560449890139e-02	7.553542283451837591e-02
1.165902621490923138e+03	2.535496306053174331e-01	1.631910267939226111e-01	2.537486882105234876e-01	1.517398843257844465e-01	7.250913403743992902e-02	2.963652290777376089e-02	7.562511311906990052e-02
1.168321506597751068e+03	2.531988294752857138e-01	1.629621307467657709e-01	2.539996793586052348e-01	1.518814072882777866e-01	7.256832934738852159e-02	2.967507222265616806e-02	7.571455156085232785e-02
1.170740391704578315e+03	2.528490221562761375e-01	1.627338808372511270e-01	2.542499576850018039e-01	1.520224996236407833e-01	7.262735726451120810e-02	2.971354358192754286e-02	7.580373885122290711e-02
1.173159276811406244e+03	2.525002058226216706e-01	1.625062752391234211e-01	2.544995252049884193e-01	1.521631627685119670e-01	7.268621826530402563e-02	2.975193701941368507e-02	7.589267567986827945e-02
1.175578161918233945e+03	2.521523776567703434e-01	1.622793121312893772e-01	2.547483839281416418e-01	1.523033981539357040e-01	7.274491282491360455e-02	2.979025256997497664e-02	7.598136273480587954e-02
1.177997047025061647e+03	2.518055348492612144e-01	1.620529896978032125e-01	2.549965358583551334e-01	1.524432072053890086e-01	7.280344141714086004e-02	2.982849026949665680e-02	7.606980070238540670e-02
1.180415932131889122e+03	2.514596745987008330e-01	1.618273061278519831e-01	2.552439829938561444e-01	1.525825913428082992e-01	7.286180451444478068e-02	2.986665015487917352e-02	7.615799026729019872e-02
1.182834817238716823e+03	2.511147941117393700e-01	1.616022596157412339e-01	2.554907273272214452e-01	1.527215519806158495e-01	7.292000258794621714e-02	2.990473226402859744e-02	7.624593211253878622e-02
1.185253702345544298e+03	2.507708906030469698e-01	1.613778483608803715e-01	2.557367708453930355e-01	1.528600905277461008e-01	7.297803610743154590e-02	2.994273663584710171e-02	7.633362691948633594e-02
1.187672587452371999e+03	2.504279612952903245e-01	1.611540705677683705e-01	2.559821155296944650e-01	1.529982083876720300e-01	7.303590554135643009e-02	2.998066331022352163e-02	7.642107536782627442e-02
1.190091472559199701e+03	2.500860034191091930e-01	1.609309244459792565e-01	2.562267633558465985e-01	1.531359069584310728e-01	7.309361135684951105e-02	3.001851232802394895e-02	7.650827813559182844e-02
1.192510357666027403e+03	2.497450142130929196e-01	1.607084082101478406e-01	2.564707162939833807e-01	1.532731876326511034e-01	7.315115401971605813e-02	3.005628373108243725e-02	7.659523589915764874e-02
1.194929242772855105e+03	2.494049909237571194e-01	1.604865200799553970e-01	2.567139763086677129e-01	1.534100517975762190e-01	7.320853399444174348e-02	3.009397756219172465e-02	7.668194933324144758e-02
1.197348127879682352e+03	2.490659308055205023e-01	1.602652582801154246e-01	2.569565453589072734e-01	1.535465008350922755e-01	7.326575174419618086e-02	3.013159386509406748e-02	7.676841911090566406e-02
1.199767012986510281e+03	2.487278311206815584e-01	1.600446210403593805e-01	2.571984253981701718e-01	1.536825361217524499e-01	7.332280773083661718e-02	3.016913268447210875e-02	7.685464590355918502e-02
1.202185898093337983e+03	2.483906891393955485e-01	1.598246065954224693e-01	2.574396183744005473e-01	1.538181590288024148e-01	7.337970241491161005e-02	3.020659406593980550e-02	7.694063038095906581e-02
1.204604783200165684e+03	2.480545021396514394e-01	1.596052131850295708e-01	2.576801262300344453e-01	1.539533709222056235e-01	7.343643625566460831e-02	3.024397805603345687e-02	7.702637321121229286e-02
1.207023668306993159e+03	2.477192674072488665e-01	1.593864390538811682e-01	2.579199509020151937e-01	1.540881731626683460e-01	7.349300971103754632e-02	3.028128470220275287e-02	7.711187506077757381e-02
1.209442553413820860e+03	2.473849822357753192e-01	1.591682824516390815e-01	2.581590943218090017e-01	1.542225671056644820e-01	7.354942323767449386e-02	3.031851405280192382e-02	7.719713659446712783e-02
1.211861438520648335e+03	2.470516439265832698e-01	1.589507416329127010e-01	2.583975584154205585e-01	1.543565541014602915e-01	7.360567729092516720e-02	3.035566615708091415e-02	7.728215847544857298e-02
1.214280323627476264e+03	2.467192497887673863e-01	1.587338148572447760e-01	2.586353451034082429e-01	1.544901354951390693e-01	7.366177232484857895e-02	3.039274106517665316e-02	7.736694136524677190e-02
1.216699208734303511e+03	2.463877971391419675e-01	1.585175003890976764e-01	2.588724563008997226e-01	1.546233126266255142e-01	7.371770879221654915e-02	3.042973882810436764e-02	7.745148592374567764e-02
1.219118093841131440e+03	2.460572833022181272e-01	1.583017964978392922e-01	2.591088939176073858e-01	1.547560868307100712e-01	7.377348714451727185e-02	3.046665949774895327e-02	7.753579280919034589e-02
1.221536978947959142e+03	2.457277056101813961e-01	1.580867014577292951e-01	2.593446598578436069e-01	1.548884594370731338e-01	7.382910783195885396e-02	3.050350312685642939e-02	7.761986267818879459e-02
1.223955864054786844e+03	2.453990614028691009e-01	1.578722135479052879e-01	2.595797560205357901e-01	1.550204317703090251e-01	7.388457130347285406e-02	3.054026976902543197e-02	7.770369618571404402e-02
1.226374749161614318e+03	2.450713480277481593e-01	1.576583310523689274e-01	2.598141842992419681e-01	1.551520051499498676e-01	7.393987800671775190e-02	3.057695947869877584e-02	7.778729398510604576e-02
1.228793634268442020e+03	2.447445628398925155e-01	1.574450522599723512e-01	2.600479465821657898e-01	1.552831808904894528e-01	7.399502838808251493e-02	3.061357231115506561e-02	7.787065672807376437e-02
1.231212519375269494e+03	2.444187032019610462e-01	1.572323754644043281e-01	2.602810447521717307e-01	1.554139603014067228e-01	7.405002289269008164e-02	3.065010832250039327e-02	7.795378506469713420e-02
1.233631404482097196e+03	2.440937664841752452e-01	1.570202989641765745e-01	2.605134806868002473e-01	1.555443446871893620e-01	7.410486196440080331e-02	3.068656756966006358e-02	7.803667964342921037e-02
1.236050289588924898e+03	2.437697500642970749e-01	1.568088210626101819e-01	2.607452562582826538e-01	1.556743353473570290e-01	7.415954604581595500e-02	3.072295011037039919e-02	7.811934111109819501e-02
1.238469174695752372e+03	2.434466513276069832e-01	1.565979400678220446e-01	2.609763733335563884e-01	1.558039335764847266e-01	7.421407557828120505e-02	3.075925600317059444e-02	7.820177011290958824e-02
1.240888059802580301e+03	2.431244676668818105e-01	1.563876542927111757e-01	2.612068337742798896e-01	1.559331406642257278e-01	7.426845100189007065e-02	3.079548530739462456e-02	7.828396729244825603e-02
1.243306944909407548e+03	2.428031964823728905e-01	1.561779620549453573e-01	2.614366394368474178e-01	1.560619578953346409e-01	7.432267275548730401e-02	3.083163808316322779e-02	7.836593329168067834e-02
1.245725830016235477e+03	2.424828351817842342e-01	1.559688616769475955e-01	2.616657921724042102e-01	1.561903865496901411e-01	7.437674127667241730e-02	3.086771439137592568e-02	7.844766875095701697e-02
1.248144715123063179e+03	2.421633811802506309e-01	1.557603514858826310e-01	2.618942938268610243e-01	1.563184279023176748e-01	7.443065700180305500e-02	3.090371429370310577e-02	7.852917430901337759e-02
1.250563600229890881e+03	2.418448319003160263e-01	1.555524298136435335e-01	2.621221462409092373e-01	1.564460832234121357e-01	7.448442036599839389e-02	3.093963785257817026e-02	7.861045060297398857e-02
1.252982485336718355e+03	2.415271847719116793e-01	1.553450949968384065e-01	2.623493512500353897e-01	1.565733537783600970e-01	7.453803180314259869e-02	3.097548513118974015e-02	7.869149826835344919e-02
1.255401370443546057e+03	2.412104372323348178e-01	1.551383453767770648e-01	2.625759106845362290e-01	1.567002408277622383e-01	7.459149174588816655e-02	3.101125619347388715e-02	7.877231793905897783e-02
1.257820255550373531e+03	2.408945867262268226e-01	1.549321792994576008e-01	2.628018263695329204e-01	1.568267456274554661e-01	7.464480062565936880e-02	3.104695110410646275e-02	7.885291024739268795e-02
1.260239140657201460e+03	2.405796307055519945e-01	1.547265951155533115e-01	2.630271001249860907e-01	1.569528694285350356e-01	7.469795887265560930e-02	3.108256992849545500e-02	7.893327582405387788e-02
1.262658025764028707e+03	2.402655666295759607e-01	1.545215911803994036e-01	2.632517337657102052e-01	1.570786134773763665e-01	7.475096691585475517e-02	3.111811273277340431e-02	7.901341529814129294e-02
1.265076910870856636e+03	2.399523919648444970e-01	1.543171658539797542e-01	2.634757291013882785e-01	1.572039790156569139e-01	7.480382518301653683e-02	3.115357958378988518e-02	7.909332929715555405e-02
1.267495795977684338e+03	2.396401041851621283e-01	1.541133175009138656e-01	2.636990879365863627e-01	1.573289672803778461e-01	7.485653410068587865e-02	3.118897054910401909e-02	7.917301844700139202e-02
1.269914681084511813e+03	2.393287007715709513e-01	1.539100444904437648e-01	2.639218120707678694e-01	1.574535795038854991e-01	7.490909409419628517e-02	3.122428569697706727e-02	7.925248337199010396e-02
1.272333566191339514e+03	2.390181792123295679e-01	1.537073451964208470e-01	2.641439032983082247e-01	1.575778169138929152e-01	7.496150558767308847e-02	3.125952509636505811e-02	7.933172469484185696e-02
1.274752451298167216e+03	2.387085370028919629e-01	1.535052179972928865e-01	2.643653634085091908e-01	1.577016807335010762e-01	7.501376900403687598e-02	3.129468881691147009e-02	7.941074303668811674e-02
1.277171336404994690e+03	2.383997716458863825e-01	1.533036612760911577e-01	2.645861941856131327e-01	1.578251721812201358e-01	7.506588476500671014e-02	3.132977692893998412e-02	7.948953901707406233e-02
1.279590221511822392e+03	2.380918806510945451e-01	1.531026734204172235e-01	2.648063974088174510e-01	1.579482924709904867e-01	7.511785329110351461e-02	3.136478950344726707e-02	7.956811325396101475e-02
1.282009106618650094e+03	2.377848615354307138e-01	1.529022528224303346e-01	2.650259748522888481e-01	1.580710428122036604e-01	7.516967500165332161e-02	3.139972661209580740e-02	7.964646636372886557e-02
1.284427991725477568e+03	2.374787118229207128e-01	1.527023978788342451e-01	2.652449282851774837e-01	1.581934244097231435e-01	7.522135031479057488e-02	3.143458832720680274e-02	7.972459896117857492e-02
1.286846876832305497e+03	2.371734290446814997e-01	1.525031069908646120e-01	2.654632594716311855e-01	1.583154384639051948e-01	7.527287964746140481e-02	3.146937472175315165e-02	7.980251165953458625e-02
1.289265761939132744e+03	2.368690107389000710e-01	1.523043785642759496e-01	2.656809701708096050e-01	1.584370861706192735e-01	7.532426341542693138e-02	3.150408586935238980e-02	7.988020507044737983e-02
1.291684647045960673e+03	2.365654544508131452e-01	1.521062110093290842e-01	2.658980621368984276e-01	1.585583687212687443e-01	7.537550203326649767e-02	3.153872184425977193e-02	7.995767980399594299e-02
1.294103532152788375e+03	2.362627577326864015e-01	1.519086027407782757e-01	2.661145371191234177e-01	1.586792873028109452e-01	7.542659591438095890e-02	3.157328272136138148e-02	8.003493646869028200e-02
1.296522417259616077e+03	2.359609181437940517e-01	1.517115521778585607e-01	2.663303968617642403e-01	1.587998430977776987e-01	7.547754547099588818e-02	3.160776857616722640e-02	8.011197567147397558e-02
1.298941302366443551e+03	2.356599332503984401e-01	1.515150577442730406e-01	2.665456431041688945e-01	1.589200372842953235e-01	7.552835111416482394e-02	3.164217948480449460e-02	8.018879801772671456e-02
1.301360187473271253e+03	2.353598006257295316e-01	1.513191178681803639e-01	2.667602775807670912e-01	1.590398710361046464e-01	7.557901325377253121e-02	3.167651552401076070e-02	8.026540411126686925e-02
1.303779072580098727e+03	2.350605178499647341e-01	1.511237309821819863e-01	2.669743020210845752e-01	1.591593455225809028e-01	7.562953229853822124e-02	3.171077677112730392e-02	8.034179455435404293e-02
1.306197957686926657e+03	2.347620825102084419e-01	1.509288955233097085e-01	2.671877181497570586e-01	1.592784619087536657e-01	7.567990865601877115e-02	3.174496330409242589e-02	8.041796994769170870e-02
1.308616842793753904e+03	2.344644922004721632e-01	1.507346099330131584e-01	2.674005276865436542e-01	1.593972213553263295e-01	7.573014273261184648e-02	3.177907520143487957e-02	8.049393089042976290e-02
1.311035727900581833e+03	2.341677445216539810e-01	1.505408726571472455e-01	2.676127323463410868e-01	1.595156250186958169e-01	7.578023493355924567e-02	3.181311254226728419e-02	8.056967798016713422e-02
1.313454613007409534e+03	2.338718370815187630e-01	1.503476821459596990e-01	2.678243338391972372e-01	1.596336740509720908e-01	7.583018566294996710e-02	3.184707540627960964e-02	8.064521181295444818e-02
1.315873498114237009e+03	2.335767674946780670e-01	1.501550368540787439e-01	2.680353338703249100e-01	1.597513695999972783e-01	7.587999532372345646e-02	3.188096387373273027e-02	8.072053298329663618e-02
1.318292383221064711e+03	2.332825333825701286e-01	1.499629352405006388e-01	2.682457341401154327e-01	1.598687128093652099e-01	7.592966431767278479e-02	3.191477802545199249e-02	8.079564208415558613e-02
1.320711268327892412e+03	2.329891323734400721e-01	1.497713757685773250e-01	2.684555363441524789e-01	1.599857048184403774e-01	7.597919304544779873e-02	3.194851794282085183e-02	8.087053970695282090e-02
1.323130153434719887e+03	2.326965621023200370e-01	1.495803569060041860e-01	2.686647421732255570e-01	1.601023467623770291e-01	7.602858190655825688e-02	3.198218370777454467e-02	8.094522644157216285e-02
1.325549038541547588e+03	2.324048202110093053e-01	1.493898771248076685e-01	2.688733533133434439e-01	1.602186397721380717e-01	7.607783129937700783e-02	3.201577540279380851e-02	8.101970287636238444e-02
1.327967923648375290e+03	2.321139043480547615e-01	1.491999349013331810e-01	2.690813714457479522e-01	1.603345849745139440e-01	7.612694162114316820e-02	3.204929311089865090e-02	8.109396959813995609e-02
1.330386808755202765e+03	2.318238121687311026e-01	1.490105287162326875e-01	2.692887982469274188e-01	1.604501834921412962e-01	7.617591326796517570e-02	3.208273691564216684e-02	8.116802719219172457e-02
1.332805693862030694e+03	2.315345413350213266e-01	1.488216570544527440e-01	2.694956353886298617e-01	1.605654364435215864e-01	7.622474663482400881e-02	3.211610690110439786e-02	8.124187624227761917e-02
1.335224578968857941e+03	2.312460895155971363e-01	1.486333184052222034e-01	2.697018845378765795e-01	1.606803449430396769e-01	7.627344211557625375e-02	3.214940315188622583e-02	8.131551733063341336e-02
1.337643464075685870e+03	2.309584543857995109e-01	1.484455112620401973e-01	2.699075473569756967e-01	1.607949101009821247e-01	7.632200010295722703e-02	3.218262575310332912e-02	8.138895103797337549e-02
1.340062349182513572e+03	2.306716336276192492e-01	1.482582341226640343e-01	2.701126255035351531e-01	1.609091330235556117e-01	7.637042098858408401e-02	3.221577479038018055e-02	8.146217794349311370e-02
1.342481234289341273e+03	2.303856249296776237e-01	1.480714854890971266e-01	2.703171206304763041e-01	1.610230148129050409e-01	7.641870516295894145e-02	3.224885034984405902e-02	8.153519862487229597e-02
1.344900119396168748e+03	2.301004259872071189e-01	1.478852638675770548e-01	2.705210343860469102e-01	1.611365565671318001e-01	7.646685301547191671e-02	3.228185251811917927e-02	8.160801365827739795e-02
1.347319004502996449e+03	2.298160345020321682e-01	1.476995677685635777e-01	2.707243684138345707e-01	1.612497593803115525e-01	7.651486493440426417e-02	3.231478138232075914e-02	8.168062361836446461e-02
1.349737889609823924e+03	2.295324481825499197e-01	1.475143957067266975e-01	2.709271243527798245e-01	1.613626243425123064e-01	7.656274130693140056e-02	3.234763703004923246e-02	8.175302907828194132e-02
1.352156774716651853e+03	2.292496647437111956e-01	1.473297462009346692e-01	2.711293038371894171e-01	1.614751525398122056e-01	7.661048251912601359e-02	3.238041954938442740e-02	8.182523060967340778e-02
1.354575659823479100e+03	2.289676819070013691e-01	1.471456177742423432e-01	2.713309084967490681e-01	1.615873450543171552e-01	7.665808895596111505e-02	3.241312902887984182e-02	8.189722878268040906e-02
1.356994544930307029e+03	2.286864974004213791e-01	1.469620089538791197e-01	2.715319399565369052e-01	1.616992029641785567e-01	7.670556100131308008e-02	3.244576555755692565e-02	8.196902416594528673e-02
1.359413430037134731e+03	2.284061089584687454e-01	1.467789182712372631e-01	2.717323998370364535e-01	1.618107273436107385e-01	7.675289903796467250e-02	3.247832922489941876e-02	8.204061732661392659e-02
1.361832315143962205e+03	2.281265143221187786e-01	1.465963442618600510e-01	2.719322897541494033e-01	1.619219192629084147e-01	7.680010344760815344e-02	3.251082012084775819e-02	8.211200883033863140e-02
1.364251200250789907e+03	2.278477112388055670e-01	1.464142854654301162e-01	2.721316113192088770e-01	1.620327797884639487e-01	7.684717461084825119e-02	3.254323833579345071e-02	8.218319924128096587e-02
1.366670085357617609e+03	2.275696974624033531e-01	1.462327404257577623e-01	2.723303661389920305e-01	1.621433099827846724e-01	7.689411290720520042e-02	3.257558396057359112e-02	8.225418912211457378e-02
1.369088970464445310e+03	2.272924707532077426e-01	1.460517076907692779e-01	2.725285558157331534e-01	1.622535109045099844e-01	7.694091871511775371e-02	3.260785708646531111e-02	8.232497903402795358e-02
1.371507855571272785e+03	2.270160288779169977e-01	1.458711858124951688e-01	2.727261819471365478e-01	1.623633836084284188e-01	7.698759241194617908e-02	3.264005780518036692e-02	8.239556953672744211e-02
1.373926740678100487e+03	2.267403696096135790e-01	1.456911733470587778e-01	2.729232461263891851e-01	1.624729291454945490e-01	7.703413437397532704e-02	3.267218620885972008e-02	8.246596118843999013e-02
1.376345625784927961e+03	2.264654907277453555e-01	1.455116688546645443e-01	2.731197499421736397e-01	1.625821485628458352e-01	7.708054497641753100e-02	3.270424239006811812e-02	8.253615454591606282e-02
1.378764510891755890e+03	2.261913900181072856e-01	1.453326708995865135e-01	2.733156949786808010e-01	1.626910429038194994e-01	7.712682459341564656e-02	3.273622644178883490e-02	8.260615016443247083e-02
1.381183395998583137e+03	2.259180652728229599e-01	1.451541780501569012e-01	2.735110828156224194e-01	1.627996132079690683e-01	7.717297359804600743e-02	3.276813845741830683e-02	8.267594859779529848e-02
1.383602281105411066e+03	2.256455142903261435e-01	1.449761888787545472e-01	2.737059150282441511e-01	1.629078605110810263e-01	7.721899236232143693e-02	3.279997853076091485e-02	8.274555039834279035e-02
1.386021166212238768e+03	2.253737348753424574e-01	1.447987019617935633e-01	2.739001931873376039e-01	1.630157858451913577e-01	7.726488125719416233e-02	3.283174675602377329e-02	8.281495611694816850e-02
1.388440051319066470e+03	2.251027248388711433e-01	1.446217158797117319e-01	2.740939188592534381e-01	1.631233902386018120e-01	7.731064065255879858e-02	3.286344322781152572e-02	8.288416630302264387e-02
1.390858936425893944e+03	2.248324819981668277e-01	1.444452292169593477e-01	2.742870936059138565e-01	1.632306747158963622e-01	7.735627091725529036e-02	3.289506804112123789e-02	8.295318150451821970e-02
1.393277821532721646e+03	2.245630041767212870e-01	1.442692405619877549e-01	2.744797189848248720e-01	1.633376402979573594e-01	7.740177241907189587e-02	3.292662129133726995e-02	8.302200226793066129e-02
1.395696706639549120e+03	2.242942892042454617e-01	1.440937485072381619e-01	2.746717965490891866e-01	1.634442880019816857e-01	7.744714552474801783e-02	3.295810307422623875e-02	8.309062913830239649e-02
1.398115591746377049e+03	2.240263349166513041e-01	1.439187516491301777e-01	2.748633278474181818e-01	1.635506188414968531e-01	7.749239059997724277e-02	3.298951348593198024e-02	8.315906265922541618e-02
1.400534476853204296e+03	2.237591391560337650e-01	1.437442485880507381e-01	2.750543144241448523e-01	1.636566338263768794e-01	7.753750800941018595e-02	3.302085262297058121e-02	8.322730337284421631e-02
1.402953361960032225e+03	2.234926997706529472e-01	1.435702379283427255e-01	2.752447578192357414e-01	1.637623339628582475e-01	7.758249811665744733e-02	3.305212058222541105e-02	8.329535181985874004e-02
1.405372247066859927e+03	2.232270146149161194e-01	1.433967182782939775e-01	2.754346595683035415e-01	1.638677202535556432e-01	7.762736128429248428e-02	3.308331746094220899e-02	8.336320853952726428e-02
1.407791132173687402e+03	2.229620815493597863e-01	1.432236882501259634e-01	2.756240212026194736e-01	1.639727936974777756e-01	7.767209787385458142e-02	3.311444335672424771e-02	8.343087406966942510e-02
1.410210017280515103e+03	2.226978984406322026e-01	1.430511464599827920e-01	2.758128442491252774e-01	1.640775552900428091e-01	7.771670824585164006e-02	3.314549836752745532e-02	8.349834894666906260e-02
1.412628902387342805e+03	2.224344631614753043e-01	1.428790915279199714e-01	2.760011302304457570e-01	1.641820060230941569e-01	7.776119275976313416e-02	3.317648259165564134e-02	8.356563370547723246e-02
1.415047787494170507e+03	2.221717735907072222e-01	1.427075220778936115e-01	2.761888806649007710e-01	1.642861468849156903e-01	7.780555177404298306e-02	3.320739612775570893e-02	8.363272887961516189e-02
1.417466672600997981e+03	2.219098276132045744e-01	1.425364367377491281e-01	2.763760970665176120e-01	1.643899788602473100e-01	7.784978564612235474e-02	3.323823907481295720e-02	8.369963500117716393e-02
1.419885557707825683e+03	2.216486231198850076e-01	1.423658341392103899e-01	2.765627809450429964e-01	1.644935029303001561e-01	7.789389473241260797e-02	3.326901153214637669e-02	8.376635260083362122e-02
1.422304442814653157e+03	2.213881580076894340e-01	1.421957129178686996e-01	2.767489338059551662e-01	1.645967200727717905e-01	7.793787938830812334e-02	3.329971359940397946e-02	8.383288220783395583e-02
1.424723327921481086e+03	2.211284301795647944e-01	1.420260717131719141e-01	2.769345571504761572e-01	1.646996312618613789e-01	7.798173996818916209e-02	3.333034537655818474e-02	8.389922435000961298e-02
1.427142213028308333e+03	2.208694375444465730e-01	1.418569091684135364e-01	2.771196524755835666e-01	1.648022374682847346e-01	7.802547682542465557e-02	3.336090696390126009e-02	8.396537955377694762e-02
1.429561098135136262e+03	2.206111780172413661e-01	1.416882239307217795e-01	2.773042212740227663e-01	1.649045396592892787e-01	7.806909031237509178e-02	3.339139846204074169e-02	8.403134834414031917e-02
1.431979983241963964e+03	2.203536495188096467e-01	1.415200146510487700e-01	2.774882650343186707e-01	1.650065387986689724e-01	7.811258078039534647e-02	3.342181997189491716e-02	8.409713124469499201e-02
1.434398868348791666e+03	2.200968499759484720e-01	1.413522799841597788e-01	2.776717852407880605e-01	1.651082358467790556e-01	7.815594857983744481e-02	3.345217159468837076e-02	8.416272877763013305e-02
1.436817753455619140e+03	2.198407773213743033e-01	1.411850185886223963e-01	2.778547833735510175e-01	1.652096317605508125e-01	7.819919406005346185e-02	3.348245343194750090e-02	8.422814146373179545e-02
1.439236638562446842e+03	2.195854294937057416e-01	1.410182291267958188e-01	2.780372609085431379e-01	1.653107274935062265e-01	7.824231756939824256e-02	3.351266558549613472e-02	8.429336982238594400e-02
1.441655523669274316e+03	2.193308044374466248e-01	1.408519102648199961e-01	2.782192193175271888e-01	1.654115239957726635e-01	7.828531945523227453e-02	3.354280815745114275e-02	8.435841437158136946e-02
1.444074408776102018e+03	2.190769001029687080e-01	1.406860606726051954e-01	2.784006600681049881e-01	1.655120222140971376e-01	7.832820006392439416e-02	3.357288125021809511e-02	8.442327562791272777e-02
1.446493293882929493e+03	2.188237144464949269e-01	1.405206790238211767e-01	2.785815846237290616e-01	1.656122230918609384e-01	7.837095974085465933e-02	3.360288496648693168e-02	8.448795410658355154e-02
1.448912178989757422e+03	2.185712454300822449e-01	1.403557639958864789e-01	2.787619944437146891e-01	1.657121275690939255e-01	7.841359883041709722e-02	3.363281940922769470e-02	8.455245032140917827e-02
1.451331064096585123e+03	2.183194910216048057e-01	1.401913142699580395e-01	2.789418909832511173e-01	1.658117365824887390e-01	7.845611767602242437e-02	3.366268468168629596e-02	8.461676478481984509e-02
1.453749949203412370e+03	2.180684491947371961e-01	1.400273285309205085e-01	2.791212756934137174e-01	1.659110510654151216e-01	7.849851662010090547e-02	3.369248088738027724e-02	8.468089800786357535e-02
1.456168834310240300e+03	2.178181179289374325e-01	1.398638054673757292e-01	2.793001500211753640e-01	1.660100719479338793e-01	7.854079600410500406e-02	3.372220813009465384e-02	8.474485050020931498e-02
1.458587719417068001e+03	2.175684952094303626e-01	1.397007437716321909e-01	2.794785154094179824e-01	1.661088001568110650e-01	7.858295616851224130e-02	3.375186651387774434e-02	8.480862277014981909e-02
1.461006604523895703e+03	2.173195790271909289e-01	1.395381421396946209e-01	2.796563732969442606e-01	1.662072366155318837e-01	7.862499745282784669e-02	3.378145614303707661e-02	8.487221532460471896e-02
1.463425489630723177e+03	2.170713673789275711e-01	1.393759992712535478e-01	2.798337251184892516e-01	1.663053822443146257e-01	7.866692019558753357e-02	3.381097712213528006e-02	8.493562866912353349e-02
1.465844374737550879e+03	2.168238582670654890e-01	1.392143138696747273e-01	2.800105723047316975e-01	1.664032379601244893e-01	7.870872473436024697e-02	3.384042955598604713e-02	8.499886330788863908e-02
1.468263259844378354e+03	2.165770496997301564e-01	1.390530846419890110e-01	2.801869162823055204e-01	1.665008046766873195e-01	7.875041140575085585e-02	3.386981354965010182e-02	8.506191974371832276e-02
1.470682144951206283e+03	2.163309396907309445e-01	1.388923102988817160e-01	2.803627584738115353e-01	1.665980833045032916e-01	7.879198054540284546e-02	3.389912920843121680e-02	8.512479847806976585e-02
1.473101030058033530e+03	2.160855262595444137e-01	1.387319895546824666e-01	2.805381002978284410e-01	1.666950747508605668e-01	7.883343248800109282e-02	3.392837663787225816e-02	8.518750001104208325e-02
1.475519915164861459e+03	2.158408074312981317e-01	1.385721211273549247e-01	2.807129431689244781e-01	1.667917799198487261e-01	7.887476756727453131e-02	3.395755594375124420e-02	8.525002484137929326e-02
1.477938800271689161e+03	2.155967812367542980e-01	1.384127037384863257e-01	2.808872884976686968e-01	1.668881997123723981e-01	7.891598611599880131e-02	3.398666723207745960e-02	8.531237346647339848e-02
1.480357685378516862e+03	2.153534457122932289e-01	1.382537361132774034e-01	2.810611376906422265e-01	1.669843350261645543e-01	7.895708846599903963e-02	3.401571060908757660e-02	8.537454638236734172e-02
1.482776570485344337e+03	2.151107988998973430e-01	1.380952169805321206e-01	2.812344921504497108e-01	1.670801867557998588e-01	7.899807494815244691e-02	3.404468618124181084e-02	8.543654408375807308e-02
