1.001418434226643626e+03	2.798917356633586762e-01	1.803883184890197611e-01	2.348908450818407712e-01	1.410162947914280207e-01	6.806671521979154593e-02	2.682899813155091920e-02	6.891709262284154147e-02
1.002869765290740247e+03	2.796362924052259724e-01	1.802218028346168066e-01	2.350736622209254056e-01	1.411210475436362188e-01	6.810980371338555550e-02	2.685531984131322297e-02	6.898207144072807107e-02
1.004321096354836754e+03	2.793812839851798069e-01	1.800555693680953862e-01	2.352561679657138027e-01	1.412256045762068368e-01	6.815281893649562106e-02	2.688161378957060893e-02	6.904694137856920433e-02
1.005772427418933376e+03	2.791267096592426888e-01	1.798896176107340483e-01	2.354383628446518051e-01	1.413299662982388794e-01	6.819576101452635986e-02	2.690787996223268155e-02	6.911170261020480043e-02
1.007223758483029997e+03	2.788725686847272622e-01	1.797239470846234421e-01	2.356202473852881674e-01	1.414341331178106953e-01	6.823863007266155190e-02	2.693411834545537606e-02	6.917635530926481702e-02
1.008675089547126618e+03	2.786188603202336966e-01	1.795585573126650680e-01	2.358018221142760273e-01	1.415381054419830864e-01	6.828142623586473670e-02	2.696032892563971634e-02	6.924089964916900486e-02
1.010126420611223239e+03	2.783655838256474113e-01	1.793934478185699455e-01	2.359830875573744879e-01	1.416418836768024436e-01	6.832414962887986554e-02	2.698651168943059023e-02	6.930533580312663033e-02
1.011577751675319632e+03	2.781127384621369103e-01	1.792286181268569756e-01	2.361640442394501160e-01	1.417454682273037447e-01	6.836680037623184270e-02	2.701266662371552482e-02	6.936966394413621173e-02
1.013029082739416367e+03	2.778603234921514509e-01	1.790640677628519140e-01	2.363446926844784135e-01	1.418488594975137185e-01	6.840937860222717770e-02	2.703879371562347561e-02	6.943388424498514455e-02
1.014480413803512761e+03	2.776083381794187122e-01	1.788997962526857610e-01	2.365250334155453993e-01	1.419520578904537311e-01	6.845188443095454045e-02	2.706489295252361565e-02	6.949799687824953498e-02
1.015931744867609382e+03	2.773567817889424636e-01	1.787358031232934852e-01	2.367050669548491082e-01	1.420550638081429784e-01	6.849431798628535795e-02	2.709096432202411781e-02	6.956200201629386681e-02
1.017383075931706003e+03	2.771056535870001780e-01	1.785720879024126351e-01	2.368847938237010620e-01	1.421578776516014553e-01	6.853667939187435554e-02	2.711700781197096469e-02	6.962589983127072391e-02
1.018834406995802851e+03	2.768549528411410887e-01	1.784086501185820350e-01	2.370642145425277680e-01	1.422604998208529814e-01	6.857896877116015366e-02	2.714302341044675174e-02	6.968969049512058200e-02
1.020285738059899245e+03	2.766046788201836915e-01	1.782454893011403696e-01	2.372433296308723294e-01	1.423629307149281709e-01	6.862118624736582295e-02	2.716901110576949371e-02	6.975337417957154507e-02
1.021737069123995752e+03	2.763548307942133575e-01	1.780826049802247957e-01	2.374221396073958323e-01	1.424651707318675686e-01	6.866333194349943936e-02	2.719497088649143468e-02	6.981695105613905383e-02
1.023188400188092373e+03	2.761054080345802797e-01	1.779199966867696381e-01	2.376006449898788453e-01	1.425672202687245371e-01	6.870540598235462537e-02	2.722090274139788227e-02	6.988042129612571929e-02
1.024639731252188767e+03	2.758564098138970855e-01	1.777576639525050850e-01	2.377788462952230009e-01	1.426690797215681983e-01	6.874740848651104963e-02	2.724680665950601072e-02	6.994378507062107286e-02
1.026091062316285615e+03	2.756078354060367275e-01	1.775956063099557170e-01	2.379567440394524669e-01	1.427707494854865700e-01	6.878933957833503754e-02	2.727268263006371943e-02	7.000704255050127500e-02
1.027542393380382237e+03	2.753596840861300410e-01	1.774338232924392300e-01	2.381343387377153342e-01	1.428722299545894248e-01	6.883119937998005700e-02	2.729853064254844988e-02	7.007019390642899026e-02
1.028993724444478858e+03	2.751119551305635791e-01	1.772723144340651036e-01	2.383116309042852543e-01	1.429735215220112043e-01	6.887298801338724574e-02	2.732435068666601991e-02	7.013323930885309587e-02
1.030445055508575479e+03	2.748646478169773921e-01	1.771110792697332681e-01	2.384886210525627992e-01	1.430746245799141003e-01	6.891470560028589709e-02	2.735014275234948222e-02	7.019617892800851522e-02
1.031896386572671872e+03	2.746177614242628073e-01	1.769501173351326062e-01	2.386653096950770714e-01	1.431755395194908576e-01	6.895635226219405667e-02	2.737590682975797607e-02	7.025901293391605129e-02
1.033347717636768493e+03	2.743712952325600418e-01	1.767894281667399536e-01	2.388416973434870638e-01	1.432762667309678273e-01	6.899792812041893875e-02	2.740164290927557186e-02	7.032174149638205363e-02
1.034799048700865114e+03	2.741252485232560931e-01	1.766290113018183228e-01	2.390177845085832142e-01	1.433768066036078259e-01	6.903943329605748136e-02	2.742735098151013670e-02	7.038436478499839055e-02
1.036250379764961508e+03	2.738796205789825189e-01	1.764688662784159312e-01	2.391935717002888206e-01	1.434771595257130494e-01	6.908086790999681814e-02	2.745303103729219638e-02	7.044688296914214387e-02
1.037701710829058356e+03	2.736344106836132162e-01	1.763089926353646752e-01	2.393690594276615680e-01	1.435773258846279321e-01	6.912223208291475018e-02	2.747868306767381474e-02	7.050929621797548397e-02
1.039153041893154750e+03	2.733896181222620347e-01	1.761493899122789086e-01	2.395442481988950545e-01	1.436773060667421442e-01	6.916352593528028725e-02	2.750430706392745228e-02	7.057160470044548939e-02
1.040604372957251599e+03	2.731452421812809450e-01	1.759900576495539715e-01	2.397191385213200410e-01	1.437771004574933953e-01	6.920474958735411963e-02	2.752990301754485933e-02	7.063380858528396644e-02
1.042055704021347992e+03	2.729012821482574291e-01	1.758309953883651078e-01	2.398937309014061992e-01	1.438767094413703762e-01	6.924590315918902061e-02	2.755547092023595546e-02	7.069590804100726877e-02
1.043507035085444613e+03	2.726577373120123715e-01	1.756722026706658002e-01	2.400680258447633608e-01	1.439761334019154793e-01	6.928698677063041544e-02	2.758101076392772272e-02	7.075790323591615860e-02
1.044958366149541234e+03	2.724146069625980604e-01	1.755136790391867985e-01	2.402420238561430998e-01	1.440753727217277957e-01	6.932800054131678380e-02	2.760652254076309195e-02	7.081979433809564017e-02
1.046409697213637855e+03	2.721718903912957455e-01	1.753554240374345652e-01	2.404157254394401200e-01	1.441744277824660025e-01	6.936894459068014551e-02	2.763200624309984296e-02	7.088158151541480712e-02
1.047861028277734476e+03	2.719295868906136393e-01	1.751974372096900823e-01	2.405891310976937536e-01	1.442732989648509712e-01	6.940981903794654628e-02	2.765746186350951513e-02	7.094326493552670365e-02
1.049312359341831097e+03	2.716876957542845861e-01	1.750397181010074354e-01	2.407622413330894051e-01	1.443719866486688763e-01	6.945062400213646014e-02	2.768288939477631105e-02	7.100484476586818583e-02
1.050763690405927491e+03	2.714462162772638409e-01	1.748822662572125652e-01	2.409350566469599386e-01	1.444704912127738328e-01	6.949135960206526130e-02	2.770828882989600367e-02	7.106632117365976886e-02
1.052215021470024112e+03	2.712051477557271273e-01	1.747250812249020457e-01	2.411075775397873155e-01	1.445688130350907263e-01	6.953202595634369598e-02	2.773366016207486420e-02	7.112769432590550223e-02
1.053666352534120733e+03	2.709644894870681942e-01	1.745681625514415580e-01	2.412798045112037604e-01	1.446669524926180728e-01	6.957262318337831264e-02	2.775900338472857970e-02	7.118896438939285864e-02
1.055117683598217127e+03	2.707242407698968178e-01	1.744115097849647522e-01	2.414517380599934815e-01	1.447649099614307100e-01	6.961315140137185054e-02	2.778431849148117749e-02	7.125013153069256755e-02
1.056569014662313975e+03	2.704844009040365815e-01	1.742551224743719707e-01	2.416233786840938924e-01	1.448626858166827125e-01	6.965361072832376710e-02	2.780960547616394621e-02	7.131119591615853182e-02
1.058020345726410369e+03	2.702449691905227103e-01	1.740990001693287492e-01	2.417947268805972494e-01	1.449602804326100836e-01	6.969400128203058487e-02	2.783486433281439840e-02	7.137215771192770286e-02
1.059471676790506763e+03	2.700059449315998505e-01	1.739431424202647347e-01	2.419657831457518171e-01	1.450576941825335031e-01	6.973432318008639108e-02	2.786009505567518807e-02	7.143301708391996963e-02
1.060923007854603611e+03	2.697673274307201274e-01	1.737875487783723527e-01	2.421365479749636174e-01	1.451549274388611310e-01	6.977457653988321240e-02	2.788529763919306292e-02	7.149377419783804755e-02
1.062374338918700232e+03	2.695291159925404800e-01	1.736322187956052809e-01	2.423070218627977057e-01	1.452519805730913272e-01	6.981476147861145898e-02	2.791047207801781310e-02	7.155442921916740917e-02
1.063825669982796853e+03	2.692913099229213847e-01	1.734771520246775056e-01	2.424772053029795316e-01	1.453488539558153991e-01	6.985487811326031304e-02	2.793561836700121995e-02	7.161498231317611762e-02
1.065277001046893474e+03	2.690539085289239685e-01	1.733223480190617949e-01	2.426470987883964370e-01	1.454455479567202669e-01	6.989492656061824238e-02	2.796073650119602558e-02	7.167543364491478497e-02
1.066728332110990095e+03	2.688169111188080107e-01	1.731678063329885053e-01	2.428167028110991277e-01	1.455420629445912939e-01	6.993490693727325014e-02	2.798582647585488511e-02	7.173578337921648895e-02
1.068179663175086489e+03	2.685803170020299446e-01	1.730135265214442497e-01	2.429860178623030331e-01	1.456383992873148958e-01	6.997481935961342991e-02	2.801088828642933279e-02	7.179603168069664809e-02
1.069630994239183110e+03	2.683441254892408590e-01	1.728595081401706479e-01	2.431550444323897775e-01	1.457345573518812609e-01	7.001466394382725722e-02	2.803592192856876539e-02	7.185617871375296617e-02
1.071082325303279504e+03	2.681083358922841109e-01	1.727057507456630225e-01	2.433237830109085398e-01	1.458305375043870700e-01	7.005444080590414457e-02	2.806092739811940490e-02	7.191622464256532121e-02
1.072533656367376352e+03	2.678729475241931057e-01	1.725522538951691498e-01	2.434922340865774415e-01	1.459263401100381607e-01	7.009415006163466355e-02	2.808590469112328195e-02	7.197616963109573773e-02
1.073984987431472746e+03	2.676379596991897425e-01	1.723990171466879551e-01	2.436603981472850455e-01	1.460219655331522204e-01	7.013379182661105826e-02	2.811085380381721927e-02	7.203601384308833122e-02
1.075436318495569594e+03	2.674033717326816384e-01	1.722460400589682916e-01	2.438282756800917439e-01	1.461174141371614221e-01	7.017336621622763393e-02	2.813577473263182901e-02	7.209575744206912773e-02
1.076887649559666215e+03	2.671691829412603525e-01	1.720933221915074973e-01	2.439958671712311178e-01	1.462126862846150066e-01	7.021287334568107608e-02	2.816066747419048930e-02	7.215540059134610551e-02
1.078338980623762609e+03	2.669353926426993873e-01	1.719408631045503955e-01	2.441631731061114363e-01	1.463077823371820851e-01	7.025231332997092237e-02	2.818553202530835536e-02	7.221494345400912562e-02
1.079790311687859230e+03	2.667020001559518017e-01	1.717886623590877959e-01	2.443301939693168778e-01	1.464027026556541655e-01	7.029168628389989570e-02	2.821036838299135346e-02	7.227438619292982092e-02
1.081241642751955851e+03	2.664690048011482681e-01	1.716367195168553017e-01	2.444969302446091952e-01	1.464974475999477888e-01	7.033099232207433438e-02	2.823517654443518862e-02	7.233372897076160990e-02
1.082692973816052472e+03	2.662364058995950744e-01	1.714850341403321432e-01	2.446633824149288539e-01	1.465920175291071659e-01	7.037023155890451132e-02	2.825995650702435580e-02	7.239297194993959961e-02
1.084144304880149093e+03	2.660042027737717918e-01	1.713336057927397904e-01	2.448295509623965860e-01	1.466864128013068147e-01	7.040940410860507814e-02	2.828470826833115459e-02	7.245211529268054396e-02
1.085595635944245487e+03	2.657723947473294435e-01	1.711824340380407317e-01	2.449954363683146952e-01	1.467806337738540579e-01	7.044851008519539826e-02	2.830943182611469697e-02	7.251115916098280212e-02
1.087046967008342108e+03	2.655409811450880619e-01	1.710315184409371969e-01	2.451610391131685274e-01	1.468746808031917706e-01	7.048754960249994928e-02	2.833412717831994276e-02	7.257010371662633852e-02
1.088498298072438729e+03	2.653099612930351903e-01	1.708808585668699920e-01	2.453263596766278309e-01	1.469685542449007676e-01	7.052652277414871163e-02	2.835879432307671782e-02	7.262894912117263957e-02
1.089949629136535123e+03	2.650793345183232175e-01	1.707304539820171108e-01	2.454913985375480889e-01	1.470622544537025789e-01	7.056542971357744609e-02	2.838343325869874603e-02	7.268769553596467203e-02
1.091400960200631971e+03	2.648491001492676578e-01	1.705803042532925695e-01	2.456561561739720179e-01	1.471557817834618642e-01	7.060427053402817954e-02	2.840804398368268827e-02	7.274634312212692466e-02
1.092852291264728365e+03	2.646192575153449855e-01	1.704304089483451579e-01	2.458206330631307612e-01	1.472491365871889391e-01	7.064304534854949635e-02	2.843262649670716749e-02	7.280489204056528330e-02
1.094303622328825213e+03	2.643898059471906370e-01	1.702807676355571898e-01	2.459848296814454716e-01	1.473423192170425777e-01	7.068175426999696864e-02	2.845718079663182853e-02	7.286334245196710024e-02
1.095754953392921607e+03	2.641607447765967898e-01	1.701313798840432268e-01	2.461487465045286149e-01	1.474353300243322340e-01	7.072039741103341992e-02	2.848170688249637358e-02	7.292169451680111103e-02
1.097206284457018228e+03	2.639320733365104754e-01	1.699822452636488013e-01	2.463123840071852755e-01	1.475281693595207611e-01	7.075897488412938308e-02	2.850620475351961156e-02	7.297994839531744826e-02
1.098657615521114849e+03	2.637037909610314701e-01	1.698333633449493341e-01	2.464757426634145987e-01	1.476208375722268540e-01	7.079748680156340568e-02	2.853067440909852828e-02	7.303810424754760000e-02
1.100108946585211470e+03	2.634758969854101851e-01	1.696847336992487743e-01	2.466388229464111237e-01	1.477133350112275756e-01	7.083593327542238305e-02	2.855511584880732201e-02	7.309616223330443752e-02
1.101560277649308091e+03	2.632483907460457795e-01	1.695363558985782948e-01	2.468016253285661987e-01	1.478056620244609098e-01	7.087431441760201623e-02	2.857952907239647705e-02	7.315412251218215978e-02
1.103011608713404712e+03	2.630212715804839951e-01	1.693882295156951545e-01	2.469641502814692857e-01	1.478978189590281767e-01	7.091263033980706176e-02	2.860391407979183745e-02	7.321198524355634896e-02
1.104462939777501106e+03	2.627945388274151584e-01	1.692403541240815601e-01	2.471263982759093758e-01	1.479898061611965854e-01	7.095088115355169256e-02	2.862827087109366675e-02	7.326975058658388718e-02
1.105914270841597499e+03	2.625681918266721260e-01	1.690927292979432228e-01	2.472883697818763216e-01	1.480816239764015940e-01	7.098906697015991418e-02	2.865259944657571473e-02	7.332741870020302588e-02
1.107365601905694348e+03	2.623422299192283424e-01	1.689453546122083039e-01	2.474500652685621971e-01	1.481732727492495738e-01	7.102718790076584243e-02	2.867689980668432226e-02	7.338498974313337198e-02
1.108816932969790741e+03	2.621166524471956194e-01	1.687982296425260820e-01	2.476114852043626580e-01	1.482647528235201129e-01	7.106524405631410579e-02	2.870117195203747765e-02	7.344246387387586006e-02
1.110268264033887590e+03	2.618914587538224703e-01	1.686513539652657601e-01	2.477726300568783013e-01	1.483560645421684587e-01	7.110323554756012299e-02	2.872541588342391108e-02	7.349984125071280794e-02
1.111719595097984211e+03	2.616666481834918345e-01	1.685047271575152994e-01	2.479335002929160259e-01	1.484472082473280996e-01	7.114116248507053319e-02	2.874963160180218913e-02	7.355712203170790275e-02
1.113170926162080832e+03	2.614422200817189679e-01	1.683583487970801429e-01	2.480940963784903086e-01	1.485381842803130126e-01	7.117902497922343197e-02	2.877381910829980571e-02	7.361430637470621485e-02
1.114622257226177226e+03	2.612181737951497218e-01	1.682122184624820493e-01	2.482544187788246204e-01	1.486289929816202726e-01	7.121682314020882920e-02	2.879797840421226621e-02	7.367139443733419779e-02
1.116073588290273847e+03	2.609945086715582674e-01	1.680663357329577612e-01	2.484144679583527859e-01	1.487196346909323286e-01	7.125455707802885730e-02	2.882210949100220965e-02	7.372838637699978548e-02
1.117524919354370468e+03	2.607712240598453191e-01	1.679207001884578943e-01	2.485742443807202606e-01	1.488101097471194456e-01	7.129222690249822914e-02	2.884621237029849974e-02	7.378528235089228116e-02
1.118976250418467089e+03	2.605483193100360806e-01	1.677753114096457165e-01	2.487337485087855460e-01	1.489004184882421755e-01	7.132983272324451562e-02	2.887028704389533670e-02	7.384208251598252393e-02
1.120427581482563710e+03	2.603257937732782468e-01	1.676301689778959547e-01	2.488929808046214387e-01	1.489905612515536881e-01	7.136737464970843714e-02	2.889433351375136905e-02	7.389878702902279162e-02
1.121878912546660331e+03	2.601036468018398939e-01	1.674852724752934896e-01	2.490519417295164184e-01	1.490805383735021583e-01	7.140485279114429373e-02	2.891835178198881237e-02	7.395539604654691179e-02
1.123330243610756725e+03	2.598818777491076482e-01	1.673406214846322460e-01	2.492106317439759522e-01	1.491703501897330975e-01	7.144226725662020105e-02	2.894234185089256811e-02	7.401190972487028952e-02
1.124781574674853118e+03	2.596604859695845757e-01	1.671962155894139990e-01	2.493690513077239379e-01	1.492599970350918237e-01	7.147961815501850669e-02	2.896630372290934230e-02	7.406832822008986572e-02
1.126232905738949967e+03	2.594394708188883514e-01	1.670520543738470420e-01	2.495272008797038699e-01	1.493494792436257101e-01	7.151690559503603994e-02	2.899023740064677473e-02	7.412465168808428373e-02
1.127684236803046360e+03	2.592188316537492598e-01	1.669081374228452153e-01	2.496850809180801989e-01	1.494387971485866273e-01	7.155412968518450045e-02	2.901414288687257509e-02	7.418088028451377824e-02
1.129135567867143209e+03	2.589985678320080309e-01	1.667644643220264900e-01	2.498426918802397478e-01	1.495279510824332192e-01	7.159129053379073571e-02	2.903802018451365208e-02	7.423701416482032800e-02
1.130586898931239830e+03	2.587786787126140631e-01	1.666210346577118306e-01	2.500000342227929884e-01	1.496169413768333178e-01	7.162838824899708801e-02	2.906186929665525304e-02	7.429305348422765576e-02
1.132038229995336451e+03	2.585591636556236472e-01	1.664778480169240849e-01	2.501571084015752899e-01	1.497057683626661639e-01	7.166542293876172753e-02	2.908569022654010350e-02	7.434899839774128383e-02
1.133489561059432845e+03	2.583400220221974686e-01	1.663349039873867341e-01	2.503139148716483353e-01	1.497944323700247105e-01	7.170239471085898542e-02	2.910948297756755718e-02	7.440484906014857569e-02
1.134940892123529466e+03	2.581212531745991634e-01	1.661922021575227004e-01	2.504704540873013419e-01	1.498829337282180929e-01	7.173930367287958965e-02	2.913324755329273208e-02	7.446060562601879151e-02
1.136392223187626087e+03	2.579028564761930431e-01	1.660497421164531251e-01	2.506267265020525326e-01	1.499712727657737943e-01	7.177614993223109530e-02	2.915698395742568477e-02	7.451626824970314367e-02
1.137843554251722708e+03	2.576848312914423178e-01	1.659075234539963140e-01	2.507827325686502462e-01	1.500594498104399488e-01	7.181293359613816207e-02	2.918069219383054649e-02	7.457183708533483835e-02
1.139294885315819101e+03	2.574671769859072645e-01	1.657655457606664329e-01	2.509384727390743808e-01	1.501474651891877010e-01	7.184965477164284575e-02	2.920437226652468354e-02	7.462731228682914497e-02
1.140746216379915950e+03	2.572498929262428957e-01	1.656238086276723143e-01	2.510939474645376146e-01	1.502353192282133987e-01	7.188631356560493124e-02	2.922802417967788197e-02	7.468269400788345169e-02
1.142197547444012343e+03	2.570329784801973494e-01	1.654823116469163746e-01	2.512491571954867386e-01	1.503230122529408963e-01	7.192291008470225178e-02	2.925164793761148713e-02	7.473798240197732090e-02
1.143648878508108737e+03	2.568164330166098908e-01	1.653410544109934210e-01	2.514041023816040998e-01	1.504105445880238312e-01	7.195944443543102198e-02	2.927524354479758839e-02	7.479317762237258638e-02
1.145100209572205586e+03	2.566002559054089693e-01	1.652000365131893467e-01	2.515587834718086557e-01	1.504979165573478439e-01	7.199591672410611543e-02	2.929881100585818646e-02	7.484827982211333941e-02
1.146551540636302207e+03	2.563844465176102760e-01	1.650592575474801038e-01	2.517132009142574178e-01	1.505851284840328264e-01	7.203232705686138382e-02	2.932235032556437804e-02	7.490328915402609533e-02
1.148002871700398828e+03	2.561690042253147448e-01	1.649187171085305104e-01	2.518673551563466728e-01	1.506721806904351979e-01	7.206867553965001783e-02	2.934586150883553360e-02	7.495820577071980739e-02
1.149454202764495449e+03	2.559539284017068872e-01	1.647784147916930564e-01	2.520212466447133703e-01	1.507590734981500702e-01	7.210496227824476911e-02	2.936934456073846469e-02	7.501302982458592228e-02
1.150905533828591842e+03	2.557392184210525166e-01	1.646383501930066551e-01	2.521748758252363443e-01	1.508458072280135231e-01	7.214118737823832506e-02	2.939279948648664334e-02	7.506776146779849113e-02
1.152356864892688463e+03	2.555248736586971936e-01	1.644985229091956436e-01	2.523282431430376449e-01	1.509323822001048532e-01	7.217735094504360016e-02	2.941622629143935894e-02	7.512240085231423892e-02
1.153808195956785084e+03	2.553108934910640060e-01	1.643589325376685617e-01	2.524813490424836493e-01	1.510187987337486548e-01	7.221345308389405526e-02	2.943962498110093418e-02	7.517694812987263386e-02
1.155259527020881706e+03	2.550972772956519585e-01	1.642195786765168752e-01	2.526341939671867265e-01	1.511050571475171245e-01	7.224949389984397508e-02	2.946299556111992360e-02	7.523140345199597068e-02
1.156710858084978327e+03	2.548840244510338637e-01	1.640804609245139489e-01	2.527867783600060703e-01	1.511911577592321698e-01	7.228547349776878739e-02	2.948633803728829481e-02	7.528576696998942608e-02
1.158162189149074720e+03	2.546711343368543989e-01	1.639415788811138253e-01	2.529391026630493644e-01	1.512771008859677135e-01	7.232139198236539612e-02	2.950965241554065130e-02	7.534003883494119758e-02
1.159613520213171569e+03	2.544586063338284410e-01	1.638029321464501697e-01	2.530911673176737264e-01	1.513628868440517750e-01	7.235724945815243114e-02	2.953293870195343104e-02	7.539421919772254510e-02
1.161064851277267962e+03	2.542464398237391232e-01	1.636645203213349387e-01	2.532429727644872619e-01	1.514485159490686073e-01	7.239304602947058132e-02	2.955619690274412237e-02	7.544830820898787427e-02
1.162516182341364356e+03	2.540346341894356708e-01	1.635263430072573798e-01	2.533945194433501746e-01	1.515339885158609734e-01	7.242878180048291370e-02	2.957942702427047293e-02	7.550230601917486128e-02
1.163967513405461204e+03	2.538231888148320681e-01	1.633883998063828946e-01	2.535458077933760990e-01	1.516193048585321168e-01	7.246445687517513723e-02	2.960262907302971605e-02	7.555621277850450845e-02
1.165418844469557826e+03	2.536121030849044500e-01	1.632506903215516780e-01	2.536968382529333210e-01	1.517044652904481483e-01	7.250007135735590802e-02	2.962580305565777616e-02	7.561002863698124132e-02
1.166870175533654447e+03	2.534013763856898804e-01	1.631132141562778304e-01	2.538476112596460554e-01	1.517894701242400723e-01	7.253562535065719019e-02	2.964894897892850559e-02	7.566375374439303358e-02
1.168321506597751068e+03	2.531910081042841876e-01	1.629759709147480806e-01	2.539981272503957777e-01	1.518743196718057298e-01	7.257111895853446404e-02	2.967206684975290734e-02	7.571738825031149034e-02
1.169772837661847461e+03	2.529809976288400208e-01	1.628389602018207316e-01	2.541483866613223896e-01	1.519590142443122405e-01	7.260655228426708685e-02	2.969515667517837187e-02	7.577093230409188973e-02
1.171224168725944082e+03	2.527713443485651301e-01	1.627021816230243556e-01	2.542983899278254967e-01	1.520435541521978628e-01	7.264192543095857046e-02	2.971821846238789644e-02	7.582438605487337724e-02
1.172675499790040703e+03	2.525620476537204784e-01	1.625656347845568506e-01	2.544481374845657951e-01	1.521279397051742976e-01	7.267723850153685883e-02	2.974125221869933222e-02	7.587774965157899343e-02
1.174126830854137097e+03	2.523531069356184653e-01	1.624293192932841912e-01	2.545976297654662379e-01	1.522121712122286863e-01	7.271249159875466106e-02	2.976425795156462800e-02	7.593102324291579885e-02
1.175578161918233945e+03	2.521445215866208733e-01	1.622932347567393185e-01	2.547468672037130899e-01	1.522962489816256371e-01	7.274768482518972901e-02	2.978723566856906688e-02	7.598420697737501284e-02
1.177029492982330339e+03	2.519362910001370914e-01	1.621573807831210023e-01	2.548958502317575925e-01	1.523801733209094178e-01	7.278281828324513480e-02	2.981018537743051339e-02	7.603730100323204122e-02
1.178480824046426733e+03	2.517284145706223386e-01	1.620217569812927028e-01	2.550445792813167967e-01	1.524639445369060375e-01	7.281789207514959006e-02	2.983310708599867106e-02	7.609030546854665678e-02
1.179932155110523581e+03	2.515208916935758321e-01	1.618863629607815435e-01	2.551930547833751173e-01	1.525475629357252449e-01	7.285290630295770953e-02	2.985600080225431566e-02	7.614322052116309636e-02
1.181383486174620202e+03	2.513137217655388445e-01	1.617511983317770352e-01	2.553412771681853877e-01	1.526310288227626100e-01	7.288786106855035807e-02	2.987886653430857353e-02	7.619604630871013029e-02
1.182834817238716823e+03	2.511069041840928717e-01	1.616162627051299927e-01	2.554892468652702475e-01	1.527143425027016332e-01	7.292275647363487268e-02	2.990170429040217570e-02	7.624878297860120113e-02
1.184286148302813444e+03	2.509004383478578570e-01	1.614815556923515083e-01	2.556369643034231975e-01	1.527975042795157445e-01	7.295759261974539556e-02	2.992451407890470150e-02	7.630143067803457635e-02
1.185737479366910065e+03	2.506943236564904698e-01	1.613470769056116749e-01	2.557844299107100428e-01	1.528805144564703566e-01	7.299236960824316556e-02	2.994729590831387775e-02	7.635398955399337606e-02
1.187188810431006686e+03	2.504885595106819407e-01	1.612128259577386702e-01	2.559316441144700582e-01	1.529633733361249193e-01	7.302708754031678184e-02	2.997004978725481203e-02	7.640645975324576733e-02
1.188640141495103080e+03	2.502831453121567296e-01	1.610788024622174519e-01	2.560786073413170438e-01	1.530460812203348897e-01	7.306174651698252309e-02	2.999277572447928489e-02	7.645884142234504743e-02
1.190091472559199701e+03	2.500780804636700827e-01	1.609450060331887311e-01	2.562253200171409340e-01	1.531286384102538145e-01	7.309634663908459729e-02	3.001547372886502821e-02	7.651113470762978264e-02
1.191542803623296322e+03	2.498733643690067840e-01	1.608114362854478618e-01	2.563717825671086303e-01	1.532110452063353279e-01	7.313088800729547478e-02	3.003814380941498274e-02	7.656333975522390534e-02
1.192994134687392716e+03	2.496689964329790734e-01	1.606780928344436477e-01	2.565179954156655007e-01	1.532933019083351223e-01	7.316537072211613812e-02	3.006078597525659729e-02	7.661545671103685284e-02
1.194445465751489564e+03	2.494649760614248979e-01	1.605449752962773979e-01	2.566639589865364335e-01	1.533754088153130024e-01	7.319979488387640121e-02	3.008340023564110705e-02	7.666748572076369228e-02
1.195896796815585958e+03	2.492613026612059968e-01	1.604120832877016789e-01	2.568096737027272258e-01	1.534573662256348558e-01	7.323416059273515910e-02	3.010598659994282236e-02	7.671942692988524548e-02
1.197348127879682352e+03	2.490579756402062361e-01	1.602794164261192034e-01	2.569551399865256935e-01	1.535391744369745681e-01	7.326846794868067947e-02	3.012854507765841058e-02	7.677128048366821389e-02
1.198799458943779200e+03	2.488549944073298326e-01	1.601469743295818315e-01	2.571003582595027814e-01	1.536208337463161322e-01	7.330271705153090789e-02	3.015107567840619174e-02	7.682304652716528959e-02
1.200250790007875821e+03	2.486523583724993547e-01	1.600147566167894331e-01	2.572453289425141176e-01	1.537023444499555358e-01	7.333690800093375928e-02	3.017357841192544465e-02	7.687472520521532182e-02
1.201702121071972442e+03	2.484500669466541412e-01	1.598827629070886935e-01	2.573900524557009017e-01	1.537837068435027599e-01	7.337104089636733995e-02	3.019605328807569572e-02	7.692631666244342803e-02
1.203153452136069063e+03	2.482481195417483855e-01	1.597509928204721708e-01	2.575345292184912926e-01	1.538649212218836659e-01	7.340511583714029453e-02	3.021850031683601806e-02	7.697782104326113262e-02
1.204604783200165684e+03	2.480465155707494429e-01	1.596194459775770735e-01	2.576787596496015742e-01	1.539459878793420500e-01	7.343913292239209745e-02	3.024091950830434805e-02	7.702923849186647798e-02
1.206056114264262078e+03	2.478452544476358599e-01	1.594881219996842348e-01	2.578227441670372100e-01	1.540269071094415021e-01	7.347309225109324715e-02	3.026331087269678449e-02	7.708056915224417716e-02
1.207507445328358699e+03	2.476443355873959029e-01	1.593570205087169733e-01	2.579664831880944531e-01	1.541076792050674327e-01	7.350699392204564087e-02	3.028567442034689819e-02	7.713181316816576649e-02
1.208958776392455093e+03	2.474437584060254769e-01	1.592261411272400395e-01	2.581099771293611789e-01	1.541883044584288764e-01	7.354083803388279661e-02	3.030801016170505541e-02	7.718297068318971665e-02
1.210410107456551941e+03	2.472435223205265431e-01	1.590954834784585326e-01	2.582532264067181060e-01	1.542687831610605187e-01	7.357462468507017239e-02	3.033031810733772052e-02	7.723404184066161304e-02
1.211861438520648335e+03	2.470436267489052595e-01	1.589650471862168180e-01	2.583962314353402401e-01	1.543491156038246104e-01	7.360835397390540213e-02	3.035259826792677945e-02	7.728502678371422518e-02
1.213312769584745183e+03	2.468440711101702323e-01	1.588348318749973342e-01	2.585389926296977614e-01	1.544293020769127722e-01	7.364202599851862874e-02	3.037485065426887704e-02	7.733592565526768714e-02
1.214764100648841804e+03	2.466448548243308225e-01	1.587048371699197324e-01	2.586815104035575796e-01	1.545093428698480764e-01	7.367564085687271225e-02	3.039707527727472311e-02	7.738673859802970567e-02
1.216215431712937971e+03	2.464459773123951758e-01	1.585750626967395716e-01	2.588237851699843328e-01	1.545892382714867397e-01	7.370919864676356292e-02	3.041927214796842291e-02	7.743746575449558800e-02
1.217666762777034819e+03	2.462474379963687787e-01	1.584455080818473194e-01	2.589658173413413866e-01	1.546689885700202050e-01	7.374269946582041879e-02	3.044144127748681788e-02	7.748810726694844997e-02
1.219118093841131440e+03	2.460492362992524606e-01	1.583161729522673256e-01	2.591076073292924442e-01	1.547485940529768900e-01	7.377614341150608157e-02	3.046358267707881609e-02	7.753866327745935483e-02
1.220569424905228061e+03	2.458513716450406450e-01	1.581870569356566836e-01	2.592491555448024898e-01	1.548280550072241024e-01	7.380953058111720810e-02	3.048569635810471912e-02	7.758913392788749364e-02
1.222020755969324682e+03	2.456538434587198505e-01	1.580581596603042593e-01	2.593904623981388990e-01	1.549073717189699828e-01	7.384286107178462955e-02	3.050778233203557677e-02	7.763951935988025466e-02
1.223472087033421303e+03	2.454566511662665818e-01	1.579294807551294144e-01	2.595315282988727157e-01	1.549865444737652254e-01	7.387613498047357341e-02	3.052984061045251746e-02	7.768981971487343152e-02
1.224923418097517697e+03	2.452597941946458859e-01	1.578010198496811733e-01	2.596723536558799283e-01	1.550655735565050486e-01	7.390935240398394113e-02	3.055187120504609596e-02	7.774003513409138977e-02
1.226374749161614318e+03	2.450632719718095209e-01	1.576727765741369192e-01	2.598129388773425252e-01	1.551444592514310550e-01	7.394251343895059947e-02	3.057387412761564463e-02	7.779016575854716398e-02
1.227826080225710712e+03	2.448670839266940680e-01	1.575447505593016162e-01	2.599532843707498819e-01	1.552232018421329796e-01	7.397561818184365812e-02	3.059584939006862458e-02	7.784021172904265207e-02
1.229277411289807560e+03	2.446712294892195438e-01	1.574169414366064501e-01	2.600933905428994275e-01	1.553018016115506050e-01	7.400866672896876108e-02	3.061779700441996654e-02	7.789017318616876795e-02
1.230728742353903954e+03	2.444757080902872637e-01	1.572893488381079119e-01	2.602332577998984209e-01	1.553802588419755659e-01	7.404165917646729489e-02	3.063971698279144285e-02	7.794005027030559418e-02
1.232180073418000802e+03	2.442805191617784810e-01	1.571619723964868265e-01	2.603728865471647835e-01	1.554585738150531804e-01	7.407459562031667999e-02	3.066160933741102212e-02	7.798984312162249299e-02
1.233631404482097196e+03	2.440856621365523615e-01	1.570348117450470482e-01	2.605122771894285427e-01	1.555367468117843099e-01	7.410747615633071772e-02	3.068347408061222054e-02	7.803955188007832833e-02
1.235082735546193817e+03	2.438911364484445399e-01	1.569078665177146004e-01	2.606514301307324422e-01	1.556147781125271079e-01	7.414030088015974296e-02	3.070531122483348072e-02	7.808917668542161850e-02
1.236534066610290438e+03	2.436969415322651766e-01	1.567811363490365928e-01	2.607903457744337739e-01	1.556926679969987959e-01	7.417306988729101269e-02	3.072712078261752994e-02	7.813871767719066108e-02
1.237985397674387059e+03	2.435030768237973209e-01	1.566546208741801116e-01	2.609290245232052108e-01	1.557704167442776066e-01	7.420578327304888644e-02	3.074890276661075561e-02	7.818817499471371335e-02
1.239436728738483680e+03	2.433095417597952725e-01	1.565283197289311923e-01	2.610674667790358061e-01	1.558480246328044494e-01	7.423844113259514543e-02	3.077065718956256690e-02	7.823754877710914490e-02
1.240888059802580301e+03	2.431163357779828338e-01	1.564022325496937926e-01	2.612056729432326030e-01	1.559254919403847695e-01	7.427104356092922854e-02	3.079238406432478065e-02	7.828683916328563197e-02
1.242339390866676695e+03	2.429234583170515605e-01	1.562763589734886827e-01	2.613436434164214117e-01	1.560028189441902413e-01	7.430359065288852372e-02	3.081408340385099337e-02	7.833604629194226843e-02
1.243790721930773088e+03	2.427309088166590689e-01	1.561506986379524731e-01	2.614813785985481420e-01	1.560800059207606838e-01	7.433608250314861776e-02	3.083575522119596374e-02	7.838517030156880172e-02
1.245242052994869937e+03	2.425386867174273986e-01	1.560252511813365328e-01	2.616188788888798022e-01	1.561570531460057254e-01	7.436851920622358780e-02	3.085739952951500192e-02	7.843421133044574389e-02
1.246693384058966330e+03	2.423467914609412910e-01	1.559000162425059066e-01	2.617561446860058871e-01	1.562339608952065251e-01	7.440090085646626494e-02	3.087901634206334164e-02	7.848316951664453811e-02
1.248144715123063179e+03	2.421552224897464412e-01	1.557749934609384268e-01	2.618931763878393770e-01	1.563107294430177152e-01	7.443322754806848407e-02	3.090060567219553300e-02	7.853204499802775296e-02
1.249596046187159800e+03	2.419639792473479434e-01	1.556501824767234643e-01	2.620299743916180146e-01	1.563873590634689836e-01	7.446549937506136141e-02	3.092216753336483881e-02	7.858083791224923509e-02
1.251047377251256421e+03	2.417730611782084316e-01	1.555255829305609849e-01	2.621665390939051932e-01	1.564638500299668222e-01	7.449771643131554433e-02	3.094370193912262743e-02	7.862954839675430352e-02
1.252498708315352815e+03	2.415824677277465804e-01	1.554011944637605502e-01	2.623028708905912332e-01	1.565402026152964143e-01	7.452987881054151664e-02	3.096520890311776908e-02	7.867817658877990228e-02
1.253950039379449436e+03	2.413921983423352458e-01	1.552770167182402627e-01	2.624389701768947702e-01	1.566164170916231613e-01	7.456198660628979291e-02	3.098668843909602524e-02	7.872672262535473919e-02
1.255401370443546057e+03	2.412022524692999381e-01	1.551530493365256835e-01	2.625748373473634767e-01	1.566924937304946253e-01	7.459403991195129313e-02	3.100814056089945883e-02	7.877518664329954956e-02
1.256852701507642678e+03	2.410126295569170740e-01	1.550292919617488885e-01	2.627104727958755048e-01	1.567684328028420560e-01	7.462603882075748152e-02	3.102956528246584092e-02	7.882356877922717941e-02
1.258304032571739299e+03	2.408233290544123384e-01	1.549057442376473859e-01	2.628458769156404307e-01	1.568442345789822778e-01	7.465798342578071345e-02	3.105096261782804706e-02	7.887186916954282145e-02
1.259755363635835920e+03	2.406343504119589916e-01	1.547824058085630339e-01	2.629810500992006417e-01	1.569198993286192723e-01	7.468987381993448527e-02	3.107233258111347443e-02	7.892008795044412606e-02
1.261206694699932314e+03	2.404456930806762038e-01	1.546592763194411246e-01	2.631159927384321695e-01	1.569954273208459261e-01	7.472171009597367020e-02	3.109367518654344506e-02	7.896822525792146497e-02
1.262658025764028707e+03	2.402573565126275013e-01	1.545363554158293018e-01	2.632507052245460222e-01	1.570708188241457526e-01	7.475349234649479591e-02	3.111499044843263340e-02	7.901628122775801455e-02
1.264109356828125556e+03	2.400693401608189059e-01	1.544136427438765613e-01	2.633851879480892388e-01	1.571460741063945010e-01	7.478522066393633594e-02	3.113627838118846955e-02	7.906425599552999173e-02
1.265560687892221949e+03	2.398816434791974095e-01	1.542911379503322244e-01	2.635194412989460555e-01	1.572211934348619888e-01	7.481689514057893176e-02	3.115753899931056684e-02	7.911214969660683438e-02
1.267012018956318798e+03	2.396942659226493910e-01	1.541688406825449109e-01	2.636534656663389597e-01	1.572961770762136280e-01	7.484851586854564254e-02	3.117877231739013197e-02	7.915996246615136789e-02
1.268463350020415419e+03	2.395072069469988130e-01	1.540467505884614285e-01	2.637872614388299120e-01	1.573710252965122014e-01	7.488008293980223662e-02	3.119997835010940648e-02	7.920769443911998553e-02
1.269914681084511813e+03	2.393204660090056668e-01	1.539248673166259962e-01	2.639208290043214555e-01	1.574457383612195283e-01	7.491159644615748292e-02	3.122115711224108039e-02	7.925534575026284279e-02
1.271366012148608434e+03	2.391340425663643354e-01	1.538031905161789947e-01	2.640541687500575496e-01	1.575203165351980461e-01	7.494305647926334524e-02	3.124230861864773015e-02	7.930291653412402386e-02
1.272817343212705055e+03	2.389479360777019001e-01	1.536817198368560788e-01	2.641872810626253454e-01	1.575947600827125317e-01	7.497446313061524592e-02	3.126343288428123229e-02	7.935040692504169435e-02
1.274268674276801676e+03	2.387621460025765863e-01	1.535604549289871223e-01	2.643201663279555746e-01	1.576690692674317662e-01	7.500581649155239894e-02	3.128452992418222223e-02	7.939781705714836491e-02
1.275720005340898297e+03	2.385766718014760146e-01	1.534393954434952745e-01	2.644528249313241042e-01	1.577432443524301453e-01	7.503711665325797642e-02	3.130559975347951135e-02	7.944514706437101614e-02
1.277171336404994690e+03	2.383915129358156471e-01	1.533185410318958497e-01	2.645852572573528794e-01	1.578172856001893443e-01	7.506836370675944170e-02	3.132664238738953194e-02	7.949239708043130681e-02
1.278622667469091539e+03	2.382066688679372879e-01	1.531978913462953840e-01	2.647174636900111455e-01	1.578911932725999279e-01	7.509955774292872976e-02	3.134765784121578552e-02	7.953956723884575419e-02
1.280073998533187932e+03	2.380221390611071408e-01	1.530774460393906355e-01	2.648494446126164470e-01	1.579649676309630157e-01	7.513069885248260804e-02	3.136864613034828081e-02	7.958665767292591453e-02
1.281525329597284326e+03	2.378379229795144212e-01	1.529572047644675581e-01	2.649812004078357930e-01	1.580386089359918367e-01	7.516178712598281519e-02	3.138960727026296471e-02	7.963366851577857730e-02
1.282976660661381175e+03	2.376540200882698017e-01	1.528371671754003291e-01	2.651127314576868232e-01	1.581121174478134772e-01	7.519282265383643582e-02	3.141054127652119499e-02	7.968059990030598727e-02
1.284427991725477568e+03	2.374704298534035252e-01	1.527173329266503510e-01	2.652440381435386407e-01	1.581854934259703249e-01	7.522380552629606698e-02	3.143144816476919207e-02	7.972745195920595551e-02
1.285879322789574417e+03	2.372871517418640719e-01	1.525977016732651959e-01	2.653751208461132549e-01	1.582587371294218448e-01	7.525473583346009576e-02	3.145232795073747006e-02	7.977422482497212308e-02
1.287330653853671038e+03	2.371041852215163559e-01	1.524782730708776901e-01	2.655059799454865810e-01	1.583318488165460503e-01	7.528561366527296295e-02	3.147318065024030248e-02	7.982091862989411368e-02
1.288781984917767431e+03	2.369215297611402538e-01	1.523590467757049149e-01	2.656366158210894390e-01	1.584048287451411408e-01	7.531643911152546833e-02	3.149400627917518791e-02	7.986753350605774182e-02
1.290233315981864052e+03	2.367391848304288560e-01	1.522400224445471517e-01	2.657670288517085533e-01	1.584776771724271671e-01	7.534721226185493725e-02	3.151480485352229494e-02	7.991406958534519323e-02
