1.001418434226643626e+03	2.857376013006658333e-01	1.692212423328188220e-01	2.343151749248868765e-01	1.419422886221050617e-01	6.956743324452201171e-02	2.822411116524703792e-02	7.099214840973791518e-02
1.003837319333471214e+03	2.852976188408922753e-01	1.689590232245951895e-01	2.346037196377280809e-01	1.421215537091594094e-01	6.964154013508984387e-02	2.827003303129486250e-02	7.110651142122381696e-02
1.006256204440298802e+03	2.848589078828197563e-01	1.686975619317451214e-01	2.348913796612524252e-01	1.423003034520795296e-01	6.971543799890833615e-02	2.831585897025987522e-02	7.122055010291844512e-02
1.008675089547126618e+03	2.844214647414404218e-01	1.684368562577423234e-01	2.351781576938863638e-01	1.424785395169362034e-01	6.978912747188258103e-02	2.836158902518954444e-02	7.133426529290605445e-02
1.011093974653954206e+03	2.839852857425147481e-01	1.681769040124820591e-01	2.354640564254757984e-01	1.426562635626481557e-01	6.986260918758509242e-02	2.840722324068991125e-02	7.144765782858769620e-02
1.013512859760782021e+03	2.835503672225391236e-01	1.679177030122616376e-01	2.357490785373205777e-01	1.428334772410303488e-01	6.993588377726814298e-02	2.845276166290826650e-02	7.156072854665534999e-02
1.015931744867609382e+03	2.831167055287135415e-01	1.676592510797611790e-01	2.360332267022087482e-01	1.430101821968417231e-01	7.000895186987582397e-02	2.849820433951601173e-02	7.167347828306647184e-02
1.018350629974437197e+03	2.826842970189091808e-01	1.674015460440244629e-01	2.363165035844507489e-01	1.431863800678322141e-01	7.008181409205616053e-02	2.854355131969163115e-02	7.178590787301905585e-02
1.020769515081264785e+03	2.822531380616366548e-01	1.671445857404396107e-01	2.365989118399133284e-01	1.433620724847897709e-01	7.015447106817304657e-02	2.858880265410386826e-02	7.189801815092719539e-02
1.023188400188092373e+03	2.818232250360138136e-01	1.668883680107201006e-01	2.368804541160529353e-01	1.435372610715864305e-01	7.022692342031806867e-02	2.863395839489498232e-02	7.200980995039707455e-02
1.025607285294920075e+03	2.813945543317339371e-01	1.666328907028856443e-01	2.371611330519493577e-01	1.437119474452243639e-01	7.029917176832238546e-02	2.867901859566419909e-02	7.212128410420352853e-02
1.028026170401747549e+03	2.809671223490339265e-01	1.663781516712432573e-01	2.374409512783386134e-01	1.438861332158810624e-01	7.037121672976830167e-02	2.872398331145129338e-02	7.223244144426695101e-02
1.030445055508575479e+03	2.805409254986627743e-01	1.661241487763683300e-01	2.377199114176460071e-01	1.440598199869544405e-01	7.044305892000092550e-02	2.876885259872029657e-02	7.234328280163068725e-02
1.032863940615402726e+03	2.801159602018497563e-01	1.658708798850858090e-01	2.379980160840186876e-01	1.442330093551073278e-01	7.051469895213963168e-02	2.881362651534339486e-02	7.245380900643894062e-02
1.035282825722230655e+03	2.796922228902730678e-01	1.656183428704513239e-01	2.382752678833581772e-01	1.444057029103114898e-01	7.058613743708948285e-02	2.885830512058490394e-02	7.256402088791504001e-02
1.037701710829058356e+03	2.792697100060287929e-01	1.653665356117325347e-01	2.385516694133525961e-01	1.445779022358913979e-01	7.065737498355252610e-02	2.890288847508544479e-02	7.267391927434016519e-02
1.040120595935886058e+03	2.788484180015991520e-01	1.651154559943905087e-01	2.388272232635086367e-01	1.447496089085673621e-01	7.072841219803906176e-02	2.894737664084620979e-02	7.278350499303254395e-02
1.042539481042713533e+03	2.784283433398216934e-01	1.648651019100610682e-01	2.391019320151833161e-01	1.449208244984983018e-01	7.079924968487871784e-02	2.899176968121340223e-02	7.289277887032696857e-02
1.044958366149541234e+03	2.780094824938581510e-01	1.646154712565362221e-01	2.393757982416155616e-01	1.450915505693242680e-01	7.086988804623160776e-02	2.903606766086279031e-02	7.300174173155485335e-02
1.047377251256368709e+03	2.775918319471635809e-01	1.643665619377457365e-01	2.396488245079575752e-01	1.452617886782083811e-01	7.094032788209921059e-02	2.908027064578440693e-02	7.311039440102458375e-02
1.049796136363196410e+03	2.771753881934553854e-01	1.641183718637387323e-01	2.399210133713059190e-01	1.454315403758783820e-01	7.101056979033529282e-02	2.912437870326739162e-02	7.321873770200233722e-02
1.052215021470024112e+03	2.767601477366827267e-01	1.638708989506653113e-01	2.401923673807325466e-01	1.456008072066679038e-01	7.108061436665676081e-02	2.916839190188493317e-02	7.332677245669327881e-02
1.054633906576851814e+03	2.763461070909958295e-01	1.636241411207582375e-01	2.404628890773153893e-01	1.457695907085572173e-01	7.115046220465429117e-02	2.921231031147938917e-02	7.343449948622311763e-02
1.057052791683679516e+03	2.759332627807153937e-01	1.633780963023147570e-01	2.407325809941689709e-01	1.459378924132136435e-01	7.122011389580301666e-02	2.925613400314749230e-02	7.354191961062012117e-02
1.059471676790506763e+03	2.755216113403023415e-01	1.631327624296784740e-01	2.410014456564747165e-01	1.461057138460316041e-01	7.128957002947311494e-02	2.929986304922573351e-02	7.364903364879740733e-02
1.061890561897334692e+03	2.751111493143273412e-01	1.628881374432210871e-01	2.412694855815110118e-01	1.462730565261721738e-01	7.135883119294021693e-02	2.934349752327583202e-02	7.375584241853569423e-02
1.064309447004162394e+03	2.747018732574407207e-01	1.626442192893244321e-01	2.415367032786831514e-01	1.464399219666025487e-01	7.142789797139587060e-02	2.938703750007035098e-02	7.386234673646632776e-02
1.066728332110990095e+03	2.742937797343420470e-01	1.624010059203625234e-01	2.418031012495531207e-01	1.466063116741347094e-01	7.149677094795782450e-02	2.943048305557844149e-02	7.396854741805476696e-02
1.069147217217817570e+03	2.738868653197503722e-01	1.621584952946836244e-01	2.420686819878689611e-01	1.467722271494641406e-01	7.156545070368026951e-02	2.947383426695170811e-02	7.407444527758434705e-02
1.071566102324645271e+03	2.734811265983742579e-01	1.619166853765922065e-01	2.423334479795943575e-01	1.469376698872079112e-01	7.163393781756408063e-02	2.951709121251020612e-02	7.418004112814040318e-02
1.073984987431472746e+03	2.730765601648818541e-01	1.616755741363313792e-01	2.425974017029375318e-01	1.471026413759425056e-01	7.170223286656678130e-02	2.956025397172854646e-02	7.428533578159481066e-02
1.076403872538300675e+03	2.726731626238712569e-01	1.614351595500649605e-01	2.428605456283804143e-01	1.472671430982412932e-01	7.177033642561266025e-02	2.960332262522214278e-02	7.439033004859069154e-02
1.078822757645127922e+03	2.722709305898407539e-01	1.611954395998599354e-01	2.431228822187072591e-01	1.474311765307116107e-01	7.183824906760263862e-02	2.964629725473356264e-02	7.449502473852764872e-02
1.081241642751955851e+03	2.718698606871594037e-01	1.609564122736685809e-01	2.433844139290333997e-01	1.475947431440315927e-01	7.190597136342420648e-02	2.968917794311901406e-02	7.459942065954722201e-02
1.083660527858783553e+03	2.714699495500375037e-01	1.607180755653110915e-01	2.436451432068335310e-01	1.477578444029865601e-01	7.197350388196117887e-02	2.973196477433493259e-02	7.470351861851863562e-02
1.086079412965611255e+03	2.710711938224972806e-01	1.604804274744580095e-01	2.439050724919699931e-01	1.479204817665050464e-01	7.204084719010342419e-02	2.977465783342471417e-02	7.480731942102497589e-02
1.088498298072438729e+03	2.706735901583435799e-01	1.602434660066127114e-01	2.441642042167209148e-01	1.480826566876946582e-01	7.210800185275650920e-02	2.981725720650553468e-02	7.491082387134956333e-02
1.090917183179266431e+03	2.702771352211348344e-01	1.600071891730940055e-01	2.444225408058079418e-01	1.482443706138774353e-01	7.217496843285126085e-02	2.985976298075531180e-02	7.501403277246268542e-02
1.093336068286093905e+03	2.698818256841538088e-01	1.597715949910187838e-01	2.446800846764241311e-01	1.484056249866249622e-01	7.224174749135331419e-02	2.990217524439976737e-02	7.511694692600863477e-02
1.095754953392921607e+03	2.694876582303788459e-01	1.595366814832848701e-01	2.449368382382613729e-01	1.485664212417931451e-01	7.230833958727256316e-02	2.994449408669960441e-02	7.521956713229306646e-02
1.098173838499749309e+03	2.690946295524547227e-01	1.593024466785534776e-01	2.451928038935377863e-01	1.487267608095567129e-01	7.237474527767245869e-02	2.998671959793780886e-02	7.532189419027052191e-02
1.100592723606577010e+03	2.687027363526640067e-01	1.590688886112322786e-01	2.454479840370250021e-01	1.488866451144433278e-01	7.244096511767939006e-02	3.002885186940705206e-02	7.542392889753241070e-02
1.103011608713404712e+03	2.683119753428985232e-01	1.588360053214581957e-01	2.457023810560751698e-01	1.490460755753673650e-01	7.250699966049187206e-02	3.007089099339721114e-02	7.552567205029515895e-02
1.105430493820231959e+03	2.679223432446304898e-01	1.586037948550802490e-01	2.459559973306477965e-01	1.492050536056635512e-01	7.257284945738973203e-02	3.011283706318299350e-02	7.562712444338871853e-02
1.107849378927059888e+03	2.675338367888840940e-01	1.583722552636427083e-01	2.462088352333364760e-01	1.493635806131201060e-01	7.263851505774321371e-02	3.015469017301169313e-02	7.572828687024524275e-02
1.110268264033887590e+03	2.671464527162071834e-01	1.581413846043679960e-01	2.464608971293955619e-01	1.495216580000116591e-01	7.270399700902199780e-02	3.019645041809101635e-02	7.582916012288810903e-02
1.112687149140715292e+03	2.667601877766427321e-01	1.579111809401398114e-01	2.467121853767664519e-01	1.496792871631319743e-01	7.276929585680420864e-02	3.023811789457705665e-02	7.592974499192123305e-02
1.115106034247542766e+03	2.663750387297009192e-01	1.576816423394862832e-01	2.469627023261039001e-01	1.498364694938262298e-01	7.283441214478528214e-02	3.027969269956233903e-02	7.603004226651853548e-02
1.117524919354370468e+03	2.659910023443305960e-01	1.574527668765631772e-01	2.472124503208020796e-01	1.499932063780229918e-01	7.289934641478687527e-02	3.032117493106400649e-02	7.613005273441378340e-02
1.119943804461197942e+03	2.656080753988915300e-01	1.572245526311371877e-01	2.474614316970205341e-01	1.501494991962660230e-01	7.296409920676556748e-02	3.036256468801208988e-02	7.622977718189058449e-02
1.122362689568025871e+03	2.652262546811263166e-01	1.569969976885690899e-01	2.477096487837099625e-01	1.503053493237458405e-01	7.302867105882163146e-02	3.040386207023787826e-02	7.632921639377272804e-02
1.124781574674853118e+03	2.648455369881326793e-01	1.567701001397973082e-01	2.479571039026379209e-01	1.504607581303308017e-01	7.309306250720767895e-02	3.044506717846242119e-02	7.642837115341467868e-02
1.127200459781681047e+03	2.644659191263352693e-01	1.565438580813212355e-01	2.482037993684142463e-01	1.506157269805980803e-01	7.315727408633729278e-02	3.048618011428508995e-02	7.652724224269233377e-02
1.129619344888508749e+03	2.640873979114584102e-01	1.563182696151846351e-01	2.484497374885163423e-01	1.507702572338642522e-01	7.322130632879347845e-02	3.052720098017228101e-02	7.662583044199409998e-02
1.132038229995336451e+03	2.637099701684983422e-01	1.560933328489593208e-01	2.486949205633145754e-01	1.509243502442157159e-01	7.328515976533725440e-02	3.056812987944620627e-02	7.672413653021206703e-02
1.134457115102163925e+03	2.633336327316956327e-01	1.558690458957285863e-01	2.489393508860971993e-01	1.510780073605388074e-01	7.334883492491597878e-02	3.060896691627377000e-02	7.682216128473351446e-02
1.136876000208991627e+03	2.629583824445078100e-01	1.556454068740709684e-01	2.491830307430952240e-01	1.512312299265496651e-01	7.341233233467174546e-02	3.064971219565555682e-02	7.691990548143257111e-02
1.139294885315819101e+03	2.625842161595818847e-01	1.554224139080437328e-01	2.494259624135073961e-01	1.513840192808236784e-01	7.347565251994971069e-02	3.069036582341493069e-02	7.701736989466219374e-02
1.141713770422646803e+03	2.622111307387273715e-01	1.552000651271667753e-01	2.496681481695246230e-01	1.515363767568249920e-01	7.353879600430629493e-02	3.073092790618720330e-02	7.711455529724625668e-02
1.144132655529474505e+03	2.618391230528888669e-01	1.549783586664063850e-01	2.499095902763545651e-01	1.516883036829354547e-01	7.360176330951737067e-02	3.077139855140893082e-02	7.721146246047189132e-02
1.146551540636302207e+03	2.614681899821191813e-01	1.547572926661590909e-01	2.501502909922460050e-01	1.518398013824834303e-01	7.366455495558645039e-02	3.081177786730727661e-02	7.730809215408208923e-02
1.148970425743129908e+03	2.610983284155519724e-01	1.545368652722353409e-01	2.503902525685131608e-01	1.519908711737724405e-01	7.372717146075270789e-02	3.085206596288948833e-02	7.740444514626847183e-02
1.151389310849957155e+03	2.607295352513753217e-01	1.543170746358437373e-01	2.506294772495595291e-01	1.521415143701093653e-01	7.378961334149899964e-02	3.089226294793246189e-02	7.750052220366419886e-02
1.153808195956785084e+03	2.603618073968044788e-01	1.540979189135748828e-01	2.508679672729021148e-01	1.522917322798327255e-01	7.385188111255984456e-02	3.093236893297240248e-02	7.759632409133716824e-02
1.156227081063612786e+03	2.599951417680553822e-01	1.538793962673853655e-01	2.511057248691952459e-01	1.524415262063402443e-01	7.391397528692936203e-02	3.097238402929458623e-02	7.769185157278343801e-02
1.158645966170440488e+03	2.596295352903179587e-01	1.536615048645820214e-01	2.513427522622540544e-01	1.525908974481167135e-01	7.397589637586907130e-02	3.101230834892318780e-02	7.778710540992074540e-02
1.161064851277267962e+03	2.592649848977294225e-01	1.534442428778058365e-01	2.515790516690782352e-01	1.527398472987610278e-01	7.403764488891574624e-02	3.105214200461122939e-02	7.788208636308223409e-02
1.163483736384095664e+03	2.589014875333479071e-01	1.532276084850164311e-01	2.518146252998755275e-01	1.528883770470136350e-01	7.409922133388914534e-02	3.109188510983060608e-02	7.797679519101047285e-02
1.165902621490923138e+03	2.585390401491259871e-01	1.530115998694759893e-01	2.520494753580850289e-01	1.530364879767832920e-01	7.416062621689972767e-02	3.113153777876219094e-02	7.807123265085151587e-02
1.168321506597751068e+03	2.581776397058845318e-01	1.527962152197338552e-01	2.522836040404002889e-01	1.531841813671736274e-01	7.422186004235623025e-02	3.117110012628606167e-02	7.816539949814924060e-02
1.170740391704578315e+03	2.578172831732861159e-01	1.525814527296106005e-01	2.525170135367924007e-01	1.533314584925097590e-01	7.428292331297337014e-02	3.121057226797177217e-02	7.825929648683985218e-02
1.173159276811406244e+03	2.574579675298093173e-01	1.523673105981825648e-01	2.527497060305330390e-01	1.534783206223643837e-01	7.434381652977933852e-02	3.124995432006875615e-02	7.835292436924651271e-02
1.175578161918233945e+03	2.570996897627221278e-01	1.521537870297663408e-01	2.529816836982173300e-01	1.536247690215838679e-01	7.440454019212325298e-02	3.128924639949676872e-02	7.844628389607416485e-02
1.177997047025061647e+03	2.567424468680563621e-01	1.519408802339031195e-01	2.532129487097865561e-01	1.537708049503139496e-01	7.446509479768269324e-02	3.132844862383646345e-02	7.853937581640460519e-02
1.180415932131889122e+03	2.563862358505816785e-01	1.517285884253433415e-01	2.534435032285506928e-01	1.539164296640253560e-01	7.452548084247104243e-02	3.136756111132002478e-02	7.863220087769161315e-02
1.182834817238716823e+03	2.560310537237796003e-01	1.515169098240312096e-01	2.536733494112108356e-01	1.540616444135390617e-01	7.458569882084481462e-02	3.140658398082189079e-02	7.872475982575631581e-02
1.185253702345544298e+03	2.556768975098178687e-01	1.513058426550894231e-01	2.539024894078817374e-01	1.542064504450515461e-01	7.464574922551100999e-02	3.144551735184955565e-02	7.881705340478262212e-02
1.187672587452371999e+03	2.553237642395247420e-01	1.510953851488037181e-01	2.541309253621139019e-01	1.543508490001596345e-01	7.470563254753434523e-02	3.148436134453447971e-02	7.890908235731296239e-02
1.190091472559199701e+03	2.549716509523634045e-01	1.508855355406077403e-01	2.543586594109159549e-01	1.544948413158852285e-01	7.476534927634441441e-02	3.152311607962304113e-02	7.900084742424404172e-02
1.192510357666027403e+03	2.546205546964065425e-01	1.506762920710677245e-01	2.545856936847762930e-01	1.546384286246998696e-01	7.482489989974290545e-02	3.156178167846760557e-02	7.909234934482285706e-02
1.194929242772855105e+03	2.542704725283108091e-01	1.504676529858673950e-01	2.548120303076854554e-01	1.547816121545490253e-01	7.488428490391067782e-02	3.160035826301767214e-02	7.918358885664276980e-02
1.197348127879682352e+03	2.539214015132914004e-01	1.502596165357928115e-01	2.550376713971576614e-01	1.549243931288762088e-01	7.494350477341481243e-02	3.163884595581107489e-02	7.927456669563982816e-02
1.199767012986510281e+03	2.535733387250971860e-01	1.500521809767172421e-01	2.552626190642524051e-01	1.550667727666468765e-01	7.500255999121567541e-02	3.167724487996528143e-02	7.936528359608913119e-02
1.202185898093337983e+03	2.532262812459849521e-01	1.498453445695862030e-01	2.554868754135963815e-01	1.552087522823721588e-01	7.506145103867385704e-02	3.171555515916877482e-02	7.945574029060142873e-02
1.204604783200165684e+03	2.528802261666946993e-01	1.496391055804024706e-01	2.557104425434046924e-01	1.553503328861324528e-01	7.512017839555711063e-02	3.175377691767251181e-02	7.954593751011977687e-02
1.207023668306993159e+03	2.525351705864244956e-01	1.494334622802111212e-01	2.559333225455023841e-01	1.554915157836006256e-01	7.517874254004720813e-02	3.179191028028145738e-02	7.963587598391641542e-02
1.209442553413820860e+03	2.521911116128054964e-01	1.492284129450846264e-01	2.561555175053455424e-01	1.556323021760653291e-01	7.523714394874680966e-02	3.182995537234619560e-02	7.972555643958971483e-02
1.211861438520648335e+03	2.518480463618770204e-01	1.490239558561080313e-01	2.563770295020427192e-01	1.557726932604538428e-01	7.529538309668629137e-02	3.186791231975458910e-02	7.981497960306126183e-02
1.214280323627476264e+03	2.515059719580618469e-01	1.488200892993641888e-01	2.565978606083757496e-01	1.559126902293548333e-01	7.535346045733037901e-02	3.190578124892359813e-02	7.990414619857318101e-02
1.216699208734303511e+03	2.511648855341414577e-01	1.486168115659189382e-01	2.568180128908208459e-01	1.560522942710410865e-01	7.541137650258497582e-02	3.194356228679106485e-02	7.999305694868545646e-02
1.219118093841131440e+03	2.508247842312313347e-01	1.484141209518064775e-01	2.570374884095694701e-01	1.561915065694917670e-01	7.546913170280378225e-02	3.198125556080765042e-02	8.008171257427336431e-02
1.221536978947959142e+03	2.504856651987564797e-01	1.482120157580146258e-01	2.572562892185489836e-01	1.563303283044147340e-01	7.552672652679491561e-02	3.201886119892883437e-02	8.017011379452522457e-02
1.223955864054786844e+03	2.501475255944269338e-01	1.480104942904703069e-01	2.574744173654434642e-01	1.564687606512685791e-01	7.558416144182752983e-02	3.205637932960695574e-02	8.025826132694002801e-02
1.226374749161614318e+03	2.498103625842132136e-01	1.478095548600248665e-01	2.576918748917142454e-01	1.566068047812845254e-01	7.564143691363828248e-02	3.209381008178334438e-02	8.034615588732536839e-02
1.228793634268442020e+03	2.494741733423220809e-01	1.476091957824396672e-01	2.579086638326201220e-01	1.567444618614881047e-01	7.569855340643787123e-02	3.213115358488054935e-02	8.043379818979543017e-02
1.231212519375269494e+03	2.491389550511723394e-01	1.474094153783714889e-01	2.581247862172381113e-01	1.568817330547206956e-01	7.575551138291754250e-02	3.216840996879460207e-02	8.052118894676903171e-02
1.233631404482097196e+03	2.488047049013704382e-01	1.472102119733582071e-01	2.583402440684834933e-01	1.570186195196609236e-01	7.581231130425543363e-02	3.220557936388734194e-02	8.060832886896791838e-02
1.236050289588924898e+03	2.484714200916865456e-01	1.470115838978043876e-01	2.585550394031301824e-01	1.571551224108457823e-01	7.586895363012298443e-02	3.224266190097888757e-02	8.069521866541498611e-02
1.238469174695752372e+03	2.481390978290304861e-01	1.468135294869668261e-01	2.587691742318304344e-01	1.572912428786917838e-01	7.592543881869129319e-02	3.227965771134008038e-02	8.078185904343286594e-02
1.240888059802580301e+03	2.478077353284276196e-01	1.466160470809404481e-01	2.589826505591352190e-01	1.574269820695157196e-01	7.598176732663737554e-02	3.231656692668507386e-02	8.086825070864234188e-02
1.243306944909407548e+03	2.474773298129951393e-01	1.464191350246438761e-01	2.591954703835139262e-01	1.575623411255554496e-01	7.603793960915049277e-02	3.235338967916392278e-02	8.095439436496106034e-02
1.245725830016235477e+03	2.471478785139180900e-01	1.462227916678053019e-01	2.594076356973742947e-01	1.576973211849903300e-01	7.609395611993827191e-02	3.239012610135532516e-02	8.104029071460229494e-02
1.248144715123063179e+03	2.468193786704258041e-01	1.460270153649483316e-01	2.596191484870819521e-01	1.578319233819616974e-01	7.614981731123297848e-02	3.242677632625934336e-02	8.112594045807378085e-02
1.250563600229890881e+03	2.464918275297680317e-01	1.458318044753778298e-01	2.598300107329803432e-01	1.579661488465931019e-01	7.620552363379762273e-02	3.246334048729025007e-02	8.121134429417672940e-02
1.252982485336718355e+03	2.461652223471914869e-01	1.456371573631658201e-01	2.600402244094099369e-01	1.580999987050103195e-01	7.626107553693209362e-02	3.249981871826943675e-02	8.129650292000484280e-02
1.255401370443546057e+03	2.458395603859162282e-01	1.454430723971375794e-01	2.602497914847277660e-01	1.582334740793613082e-01	7.631647346847919566e-02	3.253621115341837067e-02	8.138141703094349533e-02
1.257820255550373531e+03	2.455148389171122880e-01	1.452495479508574272e-01	2.604587139213270786e-01	1.583665760878359141e-01	7.637171787483069962e-02	3.257251792735160051e-02	8.146608732066897007e-02
1.260239140657201460e+03	2.451910552198761639e-01	1.450565824026149864e-01	2.606669936756562111e-01	1.584993058446855507e-01	7.642680920093335162e-02	3.260873917506985908e-02	8.155051448114788992e-02
1.262658025764028707e+03	2.448682065812076980e-01	1.448641741354111390e-01	2.608746326982379071e-01	1.586316644602426551e-01	7.648174789029482668e-02	3.264487503195322854e-02	8.163469920263655144e-02
1.265076910870856636e+03	2.445462902959866236e-01	1.446723215369442872e-01	2.610816329336886343e-01	1.587636530409399505e-01	7.653653438498966843e-02	3.268092563375437493e-02	8.171864217368053629e-02
1.267495795977684338e+03	2.442253036669495558e-01	1.444810229995963646e-01	2.612879963207372369e-01	1.588952726893296807e-01	7.659116912566511781e-02	3.271689111659177585e-02	8.180234408111432265e-02
1.269914681084511813e+03	2.439052440046668158e-01	1.442902769204192359e-01	2.614937247922442531e-01	1.590265245041025954e-01	7.664565255154706658e-02	3.275277161694313544e-02	8.188580561006097991e-02
1.272333566191339514e+03	2.435861086275194487e-01	1.441000817011208746e-01	2.616988202752203452e-01	1.591574095801068511e-01	7.669998510044577500e-02	3.278856727163873691e-02	8.196902744393198825e-02
1.274752451298167216e+03	2.432678948616762704e-01	1.439104357480516516e-01	2.619032846908456169e-01	1.592879290083667465e-01	7.675416720876175602e-02	3.282427821785494082e-02	8.205201026442709988e-02
1.277171336404994690e+03	2.429506000410708855e-01	1.437213374721907078e-01	2.621071199544877661e-01	1.594180838761012353e-01	7.680819931149143742e-02	3.285990459310771106e-02	8.213475475153433902e-02
1.279590221511822392e+03	2.426342215073790387e-01	1.435327852891323530e-01	2.623103279757209583e-01	1.595478752667425504e-01	7.686208184223293494e-02	3.289544653524619638e-02	8.221726158353004354e-02
1.282009106618650094e+03	2.423187566099957169e-01	1.433447776190725220e-01	2.625129106583443117e-01	1.596773042599544112e-01	7.691581523319170055e-02	3.293090418244640216e-02	8.229953143697896212e-02
1.284427991725477568e+03	2.420042027060125833e-01	1.431573128867952016e-01	2.627148699004004384e-01	1.598063719316502596e-01	7.696939991518622626e-02	3.296627767320487595e-02	8.238156498673450401e-02
1.286846876832305497e+03	2.416905571601952185e-01	1.429703895216589971e-01	2.629162075941934851e-01	1.599350793540112448e-01	7.702283631765359517e-02	3.300156714633249722e-02	8.246336290593901663e-02
1.289265761939132744e+03	2.413778173449608322e-01	1.427840059575835874e-01	2.631169256263079514e-01	1.600634275955041819e-01	7.707612486865510204e-02	3.303677274094830169e-02	8.254492586602410475e-02
1.291684647045960673e+03	2.410659806403556149e-01	1.425981606330364859e-01	2.633170258776263983e-01	1.601914177208993706e-01	7.712926599488176271e-02	3.307189459647334046e-02	8.262625453671113007e-02
1.294103532152788375e+03	2.407550444340323115e-01	1.424128519910195512e-01	2.635165102233477663e-01	1.603190507912881924e-01	7.718226012165990690e-02	3.310693285262467783e-02	8.270734958601168307e-02
1.296522417259616077e+03	2.404450061212280443e-01	1.422280784790556918e-01	2.637153805330055834e-01	1.604463278641007073e-01	7.723510767295659052e-02	3.314188764940934756e-02	8.278821168022815202e-02
1.298941302366443551e+03	2.401358631047418868e-01	1.420438385491756272e-01	2.639136386704856729e-01	1.605732499931229462e-01	7.728780907138509126e-02	3.317675912711843395e-02	8.286884148395441685e-02
1.301360187473271253e+03	2.398276127949128256e-01	1.418601306579046206e-01	2.641112864940443061e-01	1.606998182285142573e-01	7.734036473821029323e-02	3.321154742632116685e-02	8.294923966007651528e-02
1.303779072580098727e+03	2.395202526095975004e-01	1.416769532662492947e-01	2.643083258563259652e-01	1.608260336168244875e-01	7.739277509335414085e-02	3.324625268785911386e-02	8.302940686977350326e-02
1.306197957686926657e+03	2.392137799741481663e-01	1.414943048396844760e-01	2.645047586043808852e-01	1.609518972010109406e-01	7.744504055540092635e-02	3.328087505284040015e-02	8.310934377251823213e-02
1.308616842793753904e+03	2.389081923213908498e-01	1.413121838481400105e-01	2.647005865796829838e-01	1.610774100204551973e-01	7.749716154160267434e-02	3.331541466263396312e-02	8.318905102607832003e-02
1.311035727900581833e+03	2.386034870916032002e-01	1.411305887659878577e-01	2.648958116181474587e-01	1.612025731109800741e-01	7.754913846788440146e-02	3.334987165886392491e-02	8.326852928651709562e-02
1.313454613007409534e+03	2.382996617324927568e-01	1.409495180720288510e-01	2.650904355501482179e-01	1.613273875048661099e-01	7.760097174884940385e-02	3.338424618340395805e-02	8.334777920819469443e-02
1.315873498114237009e+03	2.379967136991751886e-01	1.407689702494798467e-01	2.652844602005353103e-01	1.614518542308682469e-01	7.765266179778451683e-02	3.341853837837172048e-02	8.342680144376911355e-02
1.318292383221064711e+03	2.376946404541525060e-01	1.405889437859606517e-01	2.654778873886525226e-01	1.615759743142321792e-01	7.770420902666524965e-02	3.345274838612338070e-02	8.350559664419743289e-02
1.320711268327892412e+03	2.373934394672913561e-01	1.404094371734811719e-01	2.656707189283545878e-01	1.616997487767105890e-01	7.775561384616105909e-02	3.348687634924812917e-02	8.358416545873700865e-02
1.323130153434719887e+03	2.370931082158015679e-01	1.402304489084285899e-01	2.658629566280242273e-01	1.618231786365794678e-01	7.780687666564042870e-02	3.352092241056280064e-02	8.366250853494675011e-02
1.325549038541547588e+03	2.367936441842145301e-01	1.400519774915544025e-01	2.660546022905897479e-01	1.619462649086541028e-01	7.785799789317601749e-02	3.355488671310651733e-02	8.374062651868849350e-02
1.327967923648375290e+03	2.364950448643616809e-01	1.398740214279617367e-01	2.662456577135418612e-01	1.620690086043050093e-01	7.790897793554973916e-02	3.358876940013539453e-02	8.381852005412840367e-02
1.330386808755202765e+03	2.361973077553532474e-01	1.396965792270924434e-01	2.664361246889506707e-01	1.621914107314738618e-01	7.795981719825786915e-02	3.362257061511728790e-02	8.389618978373837577e-02
1.332805693862030694e+03	2.359004303635567901e-01	1.395196494027145795e-01	2.666260050034829909e-01	1.623134722946892039e-01	7.801051608551599903e-02	3.365629050172659620e-02	8.397363634829760337e-02
1.335224578968857941e+03	2.356044102025760256e-01	1.393432304729095017e-01	2.668153004384188898e-01	1.624351942950819638e-01	7.806107500026407409e-02	3.368992920383911960e-02	8.405086038689413286e-02
1.337643464075685870e+03	2.353092447932295384e-01	1.391673209600594041e-01	2.670040127696687859e-01	1.625565777304011916e-01	7.811149434417144488e-02	3.372348686552695263e-02	8.412786253692641769e-02
1.340062349182513572e+03	2.350149316635296859e-01	1.389919193908345785e-01	2.671921437677899913e-01	1.626776235950292138e-01	7.816177451764169670e-02	3.375696363105346737e-02	8.420464343410505315e-02
1.342481234289341273e+03	2.347214683486615883e-01	1.388170242961809242e-01	2.673796951980037528e-01	1.627983328799971208e-01	7.821191591981765945e-02	3.379035964486827581e-02	8.428120371245441389e-02
1.344900119396168748e+03	2.344288523909619226e-01	1.386426342113073751e-01	2.675666688202114618e-01	1.629187065729998385e-01	7.826191894858626485e-02	3.382367505160229632e-02	8.435754400431451361e-02
1.347319004502996449e+03	2.341370813398982731e-01	1.384687476756734925e-01	2.677530663890115292e-01	1.630387456584113659e-01	7.831178400058343148e-02	3.385690999606284779e-02	8.443366494034271197e-02
1.349737889609823924e+03	2.338461527520479533e-01	1.382953632329768368e-01	2.679388896537159837e-01	1.631584511172995688e-01	7.836151147119890803e-02	3.389006462322878555e-02	8.450956714951564364e-02
1.352156774716651853e+03	2.335560641910773838e-01	1.381224794311407544e-01	2.681241403583664584e-01	1.632778239274412513e-01	7.841110175458106124e-02	3.392313907824571345e-02	8.458525125913107789e-02
1.354575659823479100e+03	2.332668132277211648e-01	1.379500948223018608e-01	2.683088202417511225e-01	1.633968650633367825e-01	7.846055524364170530e-02	3.395613350642120998e-02	8.466071789480987542e-02
1.356994544930307029e+03	2.329783974397615365e-01	1.377782079627977163e-01	2.684929310374206679e-01	1.635155754962248353e-01	7.850987233006086197e-02	3.398904805322010281e-02	8.473596768049798666e-02
1.359413430037134731e+03	2.326908144120077571e-01	1.376068174131546140e-01	2.686764744737045740e-01	1.636339561940970411e-01	7.855905340429143735e-02	3.402188286425981978e-02	8.481100123846849193e-02
1.361832315143962205e+03	2.324040617362753414e-01	1.374359217380751452e-01	2.688594522737275394e-01	1.637520081217123391e-01	7.860809885556400978e-02	3.405463808530573983e-02	8.488581918932364134e-02
1.364251200250789907e+03	2.321181370113656883e-01	1.372655195064261535e-01	2.690418661554253021e-01	1.638697322406114654e-01	7.865700907189145108e-02	3.408731386226663412e-02	8.496042215199699210e-02
1.366670085357617609e+03	2.318330378430457084e-01	1.370956092912263835e-01	2.692237178315610713e-01	1.639871295091311909e-01	7.870578444007364505e-02	3.411991034119013499e-02	8.503481074375558724e-02
1.369088970464445310e+03	2.315487618440272566e-01	1.369261896696344627e-01	2.694050090097410144e-01	1.641042008824185050e-01	7.875442534570208097e-02	3.415242766825823256e-02	8.510898558020210669e-02
1.371507855571272785e+03	2.312653066339469821e-01	1.367572592229366890e-01	2.695857413924307999e-01	1.642209473124447705e-01	7.880293217316447496e-02	3.418486598978283386e-02	8.518294727527715715e-02
1.373926740678100487e+03	2.309826698393458999e-01	1.365888165365349294e-01	2.697659166769710848e-01	1.643373697480195739e-01	7.885130530564937734e-02	3.421722545220134970e-02	8.525669644126147861e-02
1.376345625784927961e+03	2.307008490936493239e-01	1.364208601999347126e-01	2.699455365555933906e-01	1.644534691348048527e-01	7.889954512515071072e-02	3.424950620207235785e-02	8.533023368877831749e-02
1.378764510891755890e+03	2.304198420371466882e-01	1.362533888067330445e-01	2.701246027154360352e-01	1.645692464153285517e-01	7.894765201247228026e-02	3.428170838607127319e-02	8.540355962679574420e-02
1.381183395998583137e+03	2.301396463169714801e-01	1.360864009546065290e-01	2.703031168385597316e-01	1.646847025289984168e-01	7.899562634723231169e-02	3.431383215098607331e-02	8.547667486262904013e-02
1.383602281105411066e+03	2.298602595870811172e-01	1.359198952452994325e-01	2.704810806019632974e-01	1.647998384121155402e-01	7.904346850786800327e-02	3.434587764371307278e-02	8.554958000194311241e-02
1.386021166212238768e+03	2.295816795082371575e-01	1.357538702846117495e-01	2.706584956775990869e-01	1.649146549978880716e-01	7.909117887163986949e-02	3.437784501125274589e-02	8.562227564875493635e-02
1.388440051319066470e+03	2.293039037479852882e-01	1.355883246823873511e-01	2.708353637323886454e-01	1.650291532164444575e-01	7.913875781463623749e-02	3.440973440070553557e-02	8.569476240543603962e-02
1.390858936425893944e+03	2.290269299806354797e-01	1.354232570525021606e-01	2.710116864282383076e-01	1.651433339948470136e-01	7.918620571177771572e-02	3.444154595926780110e-02	8.576704087271504184e-02
1.393277821532721646e+03	2.287507558872422797e-01	1.352586660128523854e-01	2.711874654220544079e-01	1.652571982571050535e-01	7.923352293682150993e-02	3.447327983422772413e-02	8.583911164968019425e-02
1.395696706639549120e+03	2.284753791555850233e-01	1.350945501853426656e-01	2.713627023657587123e-01	1.653707469241881001e-01	7.928070986236582240e-02	3.450493617296127025e-02	8.591097533378194706e-02
1.398115591746377049e+03	2.282007974801482375e-01	1.349309081958744716e-01	2.715373989063037397e-01	1.654839809140391249e-01	7.932776685985419574e-02	3.453651512292824771e-02	8.598263252083554464e-02
1.400534476853204296e+03	2.279270085621020459e-01	1.347677386743342809e-01	2.717115566856879161e-01	1.655969011415873715e-01	7.937469429957985656e-02	3.456801683166831757e-02	8.605408380502373167e-02
1.402953361960032225e+03	2.276540101092824619e-01	1.346050402545820868e-01	2.718851773409710626e-01	1.657095085187614558e-01	7.942149255069001768e-02	3.459944144679710093e-02	8.612532977889933439e-02
1.405372247066859927e+03	2.273817998361721548e-01	1.344428115744396024e-01	2.720582625042891056e-01	1.658218039545021338e-01	7.946816198119011077e-02	3.463078911600233484e-02	8.619637103338803619e-02
1.407791132173687402e+03	2.271103754638808536e-01	1.342810512756788810e-01	2.722308138028695090e-01	1.659337883547750969e-01	7.951470295794811627e-02	3.466205998704000035e-02	8.626720815779102824e-02
1.410210017280515103e+03	2.268397347201260572e-01	1.341197580040104920e-01	2.724028328590460957e-01	1.660454626225836838e-01	7.956111584669871284e-02	3.469325420773058943e-02	8.633784173978784060e-02
1.412628902387342805e+03	2.265698753392136056e-01	1.339589304090723076e-01	2.725743212902741464e-01	1.661568276579814263e-01	7.960740101204757946e-02	3.472437192595528160e-02	8.640827236543906220e-02
1.415047787494170507e+03	2.263007950620186393e-01	1.337985671444178459e-01	2.727452807091452769e-01	1.662678843580845944e-01	7.965355881747554490e-02	3.475541328965231491e-02	8.647850061918914422e-02
1.417466672600997981e+03	2.260324916359661984e-01	1.336386668675048628e-01	2.729157127234023150e-01	1.663786336170847424e-01	7.969958962534272329e-02	3.478637844681324587e-02	8.654852708386930049e-02
1.419885557707825683e+03	2.257649628150122378e-01	1.334792282396839169e-01	2.730856189359538999e-01	1.664890763262609763e-01	7.974549379689274686e-02	3.481726754547932040e-02	8.661835234070026923e-02
1.422304442814653157e+03	2.254982063596244479e-01	1.333202499261870733e-01	2.732550009448896366e-01	1.665992133739922498e-01	7.979127169225683214e-02	3.484808073373789339e-02	8.668797696929524121e-02
1.424723327921481086e+03	2.252322200367632976e-01	1.331617305961164677e-01	2.734238603434945847e-01	1.667090456457695768e-01	7.983692367045790161e-02	3.487881815971885513e-02	8.675740154766277412e-02
1.427142213028308333e+03	2.249670016198629663e-01	1.330036689224330659e-01	2.735921987202638017e-01	1.668185740242082438e-01	7.988245008941466385e-02	3.490947997159110638e-02	8.682662665220967912e-02
1.429561098135136262e+03	2.247025488888126088e-01	1.328460635819453117e-01	2.737600176589171097e-01	1.669277993890597722e-01	7.992785130594570742e-02	3.494006631755903342e-02	8.689565285774396297e-02
1.431979983241963964e+03	2.244388596299374261e-01	1.326889132552979966e-01	2.739273187384136388e-01	1.670367226172239927e-01	7.997312767577348380e-02	3.497057734585909405e-02	8.696448073747786722e-02
1.434398868348791666e+03	2.241759316359797083e-01	1.325322166269609914e-01	2.740941035329662601e-01	1.671453445827608686e-01	8.001827955352841526e-02	3.500101320475636907e-02	8.703311086303078259e-02
1.436817753455619140e+03	2.239137627060804325e-01	1.323759723852180603e-01	2.742603736120561297e-01	1.672536661569024308e-01	8.006330729275284996e-02	3.503137404254117598e-02	8.710154380443231592e-02
1.439236638562446842e+03	2.236523506457603061e-01	1.322201792221557037e-01	2.744261305404469553e-01	1.673616882080644352e-01	8.010821124590500331e-02	3.506166000752573148e-02	8.716978013012526005e-02
1.441655523669274316e+03	2.233916932669011979e-01	1.320648358336521666e-01	2.745913758781993175e-01	1.674694116018581591e-01	8.015299176436301021e-02	3.509187124804081376e-02	8.723782040696868856e-02
1.444074408776102018e+03	2.231317883877276254e-01	1.319099409193661976e-01	2.747561111806852141e-01	1.675768372011019192e-01	8.019764919842878315e-02	3.512200791243250825e-02	8.730566520024100885e-02
1.446493293882929493e+03	2.228726338327882417e-01	1.317554931827261966e-01	2.749203379986019935e-01	1.676839658658327015e-01	8.024218389733203671e-02	3.515207014905892546e-02	8.737331507364307082e-02
1.448912178989757422e+03	2.226142274329372672e-01	1.316014913309190293e-01	2.750840578779869539e-01	1.677907984533175967e-01	8.028659620923410400e-02	3.518205810628700220e-02	8.744077058930126156e-02
1.451331064096585123e+03	2.223565670253162263e-01	1.314479340748791469e-01	2.752472723602308324e-01	1.678973358180652631e-01	8.033088648123183628e-02	3.521197193248930268e-02	8.750803230777060016e-02
1.453749949203412370e+03	2.220996504533354898e-01	1.312948201292776229e-01	2.754099829820925716e-01	1.680035788118371121e-01	8.037505505936151651e-02	3.524181177604089610e-02	8.757510078803795728e-02
1.456168834310240300e+03	2.218434755666561231e-01	1.311421482125112725e-01	2.755721912757130854e-01	1.681095282836587435e-01	8.041910228860264798e-02	3.527157778531619936e-02	8.764197658752509446e-02
1.458587719417068001e+03	2.215880402211714284e-01	1.309899170466917728e-01	2.757338987686291931e-01	1.682151850798311032e-01	8.046302851288179847e-02	3.530127010868593790e-02	8.770866026209193922e-02
1.461006604523895703e+03	2.213333422789889593e-01	1.308381253576347547e-01	2.758951069837876080e-01	1.683205500439415581e-01	8.050683407507644440e-02	3.533088889451405784e-02	8.777515236603973536e-02
1.463425489630723177e+03	2.210793796084122298e-01	1.306867718748491169e-01	2.760558174395590370e-01	1.684256240168750252e-01	8.055051931701871781e-02	3.536043429115472841e-02	8.784145345211427647e-02
1.465844374737550879e+03	2.208261500839228120e-01	1.305358553315260906e-01	2.762160316497517809e-01	1.685304078368249081e-01	8.059408457949916726e-02	3.538990644694932353e-02	8.790756407150907004e-02
1.468263259844378354e+03	2.205736515861621561e-01	1.303853744645286084e-01	2.763757511236256126e-01	1.686349023393040880e-01	8.063753020227057422e-02	3.541930551022350049e-02	8.797348477386862653e-02
1.470682144951206283e+03	2.203218820019136326e-01	1.302353280143805636e-01	2.765349773659055987e-01	1.687391083571558037e-01	8.068085652405163066e-02	3.544863162928425099e-02	8.803921610729166514e-02
1.473101030058033530e+03	2.200708392240847966e-01	1.300857147252560964e-01	2.766937118767957560e-01	1.688430267205643376e-01	8.072406388253064446e-02	3.547788495241700063e-02	8.810475861833440281e-02
1.475519915164861459e+03	2.198205211516892632e-01	1.299365333449689908e-01	2.768519561519929284e-01	1.689466582570659514e-01	8.076715261436931415e-02	3.550706562788276399e-02	8.817011285201385717e-02
1.477938800271689161e+03	2.195709256898291106e-01	1.297877826249619893e-01	2.770097116826999439e-01	1.690500037915593501e-01	8.081012305520630934e-02	3.553617380391529273e-02	8.823527935181106618e-02
1.480357685378516862e+03	2.193220507496770055e-01	1.296394613202963009e-01	2.771669799556396030e-01	1.691530641463164231e-01	8.085297553966100392e-02	3.556520962871826536e-02	8.830025865967444654e-02
1.482776570485344337e+03	2.190738942484584950e-01	1.294915681896409709e-01	2.773237624530680567e-01	1.692558401409927915e-01	8.089571040133709812e-02	3.559417325046253244e-02	8.836505131602306884e-02
