1.001418434226643626e+03	2.798839024990653068e-01	1.804074984745101806e-01	2.348881298010207508e-01	1.410083177892755835e-01	6.806670937699596524e-02	2.683033885450890332e-02	6.891510320445543014e-02
1.002869765290740247e+03	2.796284297243495365e-01	1.802410593129243621e-01	2.350709475738994303e-01	1.411130319714606618e-01	6.810978019498595271e-02	2.685667966530089559e-02	6.898007155691134040e-02
1.004321096354836754e+03	2.793733918785215598e-01	1.800749020621606467e-01	2.352534540876340952e-01	1.412175504997134901e-01	6.815277777081119037e-02	2.688299269973901118e-02	6.904493100125215499e-02
1.005772427418933376e+03	2.791187882173698509e-01	1.799090262442087917e-01	2.354356498701995759e-01	1.413218737832418193e-01	6.819570222990556374e-02	2.690927794322934413e-02	6.910968171167727880e-02
1.007223758483029997e+03	2.788646179979731854e-01	1.797434313818691565e-01	2.356175354486747531e-01	1.414260022302313291e-01	6.823855369748088595e-02	2.693553538142889545e-02	6.917432386217402251e-02
1.008675089547126618e+03	2.786108804786987525e-01	1.795781169987513970e-01	2.357991113492441670e-01	1.415299362478487921e-01	6.828133229852749453e-02	2.696176500024432057e-02	6.923885762651726949e-02
1.010126420611223239e+03	2.783575749191999349e-01	1.794130826192728845e-01	2.359803780971994336e-01	1.416336762422450990e-01	6.832403815781490364e-02	2.698796678583066655e-02	6.930328317826922602e-02
1.011577751675319632e+03	2.781047005804137551e-01	1.792483277686574838e-01	2.361613362169409369e-01	1.417372226185582840e-01	6.836667139989245634e-02	2.701414072459012994e-02	6.936760069077912982e-02
1.013029082739416367e+03	2.778522567245585440e-01	1.790838519729342493e-01	2.363419862319791065e-01	1.418405757809166889e-01	6.840923214908992134e-02	2.704028680317080435e-02	6.943181033718297257e-02
1.014480413803512761e+03	2.776002426151317204e-01	1.789196547589358421e-01	2.365223286649360823e-01	1.419437361324419056e-01	6.845172052951808972e-02	2.706640500846543840e-02	6.949591229040319451e-02
1.015931744867609382e+03	2.773486575169076818e-01	1.787557356542973375e-01	2.367023640375471860e-01	1.420467040752519949e-01	6.849413666506935783e-02	2.709249532761021095e-02	6.955990672314847634e-02
1.017383075931706003e+03	2.770975006959353060e-01	1.785920941874548640e-01	2.368820928706624751e-01	1.421494800104642908e-01	6.853648067941842115e-02	2.711855774798348911e-02	6.962379380791344774e-02
1.018834406995802851e+03	2.768467714195356200e-01	1.784287298876441330e-01	2.370615156842481031e-01	1.422520643381985916e-01	6.857875269602274615e-02	2.714459225720460694e-02	6.968757371697847924e-02
1.020285738059899245e+03	2.765964689562997458e-01	1.782656422848991895e-01	2.372406329973880401e-01	1.423544574575800747e-01	6.862095283812319479e-02	2.717059884313265811e-02	6.975124662240936302e-02
1.021737069123995752e+03	2.763465925760864028e-01	1.781028309100509965e-01	2.374194453282853778e-01	1.424566597667424606e-01	6.866308122874462128e-02	2.719657749386526768e-02	6.981481269605716022e-02
1.023188400188092373e+03	2.760971415500197979e-01	1.779402952947261307e-01	2.375979531942638556e-01	1.425586716628308159e-01	6.870513799069642713e-02	2.722252819773739174e-02	6.987827210955788182e-02
1.024639731252188767e+03	2.758481151504871831e-01	1.777780349713453945e-01	2.377761571117694983e-01	1.426604935420046349e-01	6.874712324657310247e-02	2.724845094332011691e-02	6.994162503433233591e-02
1.026091062316285615e+03	2.755995126511367466e-01	1.776160494731224559e-01	2.379540575963719762e-01	1.427621257994408921e-01	6.878903711875479499e-02	2.727434571941945995e-02	7.000487164158589182e-02
1.027542393380382237e+03	2.753513333268753915e-01	1.774543383340626002e-01	2.381316551627661038e-01	1.428635688293368733e-01	6.883087972940782340e-02	2.730021251507517080e-02	7.006801210230825805e-02
1.028993724444478858e+03	2.751035764538663497e-01	1.772929010889612578e-01	2.383089503247733665e-01	1.429648230249132290e-01	6.887265120048528810e-02	2.732605131955955988e-02	7.013104658727326024e-02
1.030445055508575479e+03	2.748562413095268497e-01	1.771317372734027007e-01	2.384859435953433082e-01	1.430658887784169164e-01	6.891435165372754301e-02	2.735186212237629769e-02	7.019397526703867463e-02
1.031896386572671872e+03	2.746093271725262297e-01	1.769708464237587930e-01	2.386626354865551691e-01	1.431667664811241136e-01	6.895598121066272290e-02	2.737764491325925600e-02	7.025679831194601987e-02
1.033347717636768493e+03	2.743628333227832727e-01	1.768102280771875201e-01	2.388390265096193010e-01	1.432674565233431341e-01	6.899753999260732629e-02	2.740339968217132480e-02	7.031951589212034892e-02
1.034799048700865114e+03	2.741167590414643751e-01	1.766498817716318226e-01	2.390151171748785552e-01	1.433679592944174241e-01	6.903902812066671502e-02	2.742912641930324996e-02	7.038212817747005468e-02
1.036250379764961508e+03	2.738711036109810482e-01	1.764898070458180979e-01	2.391909079918098369e-01	1.434682751827284497e-01	6.908044571573557224e-02	2.745482511507246759e-02	7.044463533768675900e-02
1.037701710829058356e+03	2.736258663149875869e-01	1.763300034392549787e-01	2.393663994690256314e-01	1.435684045756986105e-01	6.912179289849842978e-02	2.748049576012196946e-02	7.050703754224507680e-02
1.039153041893154750e+03	2.733810464383792382e-01	1.761704704922318898e-01	2.395415921142753091e-01	1.436683478597940156e-01	6.916306978943023709e-02	2.750613834531911300e-02	7.056933496040243559e-02
1.040604372957251599e+03	2.731366432672897027e-01	1.760112077458178825e-01	2.397164864344467905e-01	1.437681054205276476e-01	6.920427650879677761e-02	2.753175286175450764e-02	7.063152776119897835e-02
1.042055704021347992e+03	2.728926560890889141e-01	1.758522147418601911e-01	2.398910829355678231e-01	1.438676776424618886e-01	6.924541317665518225e-02	2.755733930074086291e-02	7.069361611345736929e-02
1.043507035085444613e+03	2.726490841923810415e-01	1.756934910229829561e-01	2.400653821228075635e-01	1.439670649092116839e-01	6.928647991285444285e-02	2.758289765381184699e-02	7.075560018578262722e-02
1.044958366149541234e+03	2.724059268670019907e-01	1.755350361325859754e-01	2.402393845004780482e-01	1.440662676034473177e-01	6.932747683703588404e-02	2.760842791272096614e-02	7.081748014656198686e-02
1.046409697213637855e+03	2.721631834040175169e-01	1.753768496148432332e-01	2.404130905720354983e-01	1.441652861068971614e-01	6.936840406863360731e-02	2.763393006944043009e-02	7.087925616396476003e-02
1.047861028277734476e+03	2.719208530957207270e-01	1.752189310147017065e-01	2.405865008400819571e-01	1.442641208003506148e-01	6.940926172687501838e-02	2.765940411616003500e-02	7.094092840594219684e-02
1.049312359341831097e+03	2.716789352356300813e-01	1.750612798778800050e-01	2.407596158063665948e-01	1.443627720636609102e-01	6.945004993078121580e-02	2.768485004528604618e-02	7.100249704022736086e-02
1.050763690405927491e+03	2.714374291184872834e-01	1.749038957508671221e-01	2.409324359717872899e-01	1.444612402757479708e-01	6.949076879916754601e-02	2.771026784944007407e-02	7.106396223433497639e-02
1.052215021470024112e+03	2.711963340402547273e-01	1.747467781809209919e-01	2.411049618363919345e-01	1.445595258146011586e-01	6.953141845064403359e-02	2.773565752145799174e-02	7.112532415556134524e-02
1.053666352534120733e+03	2.709556492981137765e-01	1.745899267160674062e-01	2.412771938993800158e-01	1.446576290572821610e-01	6.957199900361578371e-02	2.776101905438881079e-02	7.118658297098418020e-02
1.055117683598217127e+03	2.707153741904623767e-01	1.744333409050984884e-01	2.414491326591039766e-01	1.447555503799277110e-01	6.961251057628349559e-02	2.778635244149359543e-02	7.124773884746252173e-02
1.056569014662313975e+03	2.704755080169127801e-01	1.742770202975714999e-01	2.416207786130706581e-01	1.448532901577524179e-01	6.965295328664389274e-02	2.781165767624435917e-02	7.130879195163662698e-02
1.058020345726410369e+03	2.702360500782894359e-01	1.741209644438075077e-01	2.417921322579427434e-01	1.449508487650515154e-01	6.969332725249016702e-02	2.783693475232298584e-02	7.136974244992778937e-02
1.059471676790506763e+03	2.699969996766271030e-01	1.739651728948901910e-01	2.419631940895402011e-01	1.450482265752036370e-01	6.973363259141243664e-02	2.786218366362014365e-02	7.143059050853838021e-02
1.060923007854603611e+03	2.697583561151683518e-01	1.738096452026644534e-01	2.421339646028417281e-01	1.451454239606736474e-01	6.977386942079813470e-02	2.788740440423420619e-02	7.149133629345161278e-02
1.062374338918700232e+03	2.695201186983615105e-01	1.736543809197350907e-01	2.423044442919861374e-01	1.452424412930152786e-01	6.981403785783245330e-02	2.791259696847018038e-02	7.155197997043155622e-02
1.063825669982796853e+03	2.692822867318584446e-01	1.734993795994655974e-01	2.424746336502738020e-01	1.453392789428739063e-01	6.985413801949882928e-02	2.793776135083862744e-02	7.161252170502295511e-02
1.065277001046893474e+03	2.690448595225127248e-01	1.733446407959768343e-01	2.426445331701681252e-01	1.454359372799893524e-01	6.989417002257931888e-02	2.796289754605460823e-02	7.167296166255121559e-02
1.066728332110990095e+03	2.688078363783770741e-01	1.731901640641457518e-01	2.428141433432969010e-01	1.455324166731984947e-01	6.993413398365504186e-02	2.798800554903661461e-02	7.173330000812225271e-02
1.068179663175086489e+03	2.685712166087016461e-01	1.730359489596041134e-01	2.429834646604537574e-01	1.456287174904380699e-01	6.997403001910657006e-02	2.801308535490551824e-02	7.179353690662250431e-02
1.069630994239183110e+03	2.683349995239314167e-01	1.728819950387371907e-01	2.431524976115995440e-01	1.457248400987473658e-01	7.001385824511437150e-02	2.803813695898352623e-02	7.185367252271876448e-02
1.071082325303279504e+03	2.680991844357045184e-01	1.727283018586824870e-01	2.433212426858638033e-01	1.458207848642708582e-01	7.005361877765924061e-02	2.806316035679311607e-02	7.191370702085816968e-02
1.072533656367376352e+03	2.678637706568497978e-01	1.725748689773285716e-01	2.434897003715461583e-01	1.459165521522609865e-01	7.009331173252265901e-02	2.808815554405600518e-02	7.197364056526811549e-02
1.073984987431472746e+03	2.676287575013847619e-01	1.724216959533136084e-01	2.436578711561177002e-01	1.460121423270807073e-01	7.013293722528721186e-02	2.811312251669211004e-02	7.203347331995621494e-02
1.075436318495569594e+03	2.673941442845135796e-01	1.722687823460242740e-01	2.438257555262224041e-01	1.461075557522062696e-01	7.017249537133705972e-02	2.813806127081851585e-02	7.209320544871020142e-02
1.076887649559666215e+03	2.671599303226249167e-01	1.721161277155943137e-01	2.439933539676785723e-01	1.462027927902298519e-01	7.021198628585822998e-02	2.816297180274843909e-02	7.215283711509790088e-02
1.078338980623762609e+03	2.669261149332898264e-01	1.719637316229034596e-01	2.441606669654801665e-01	1.462978538028621989e-01	7.025141008383914420e-02	2.818785410899021099e-02	7.221236848246719020e-02
1.079790311687859230e+03	2.666926974352595847e-01	1.718115936295760149e-01	2.443276950037982787e-01	1.463927391509352582e-01	7.029076688007086793e-02	2.821270818624625060e-02	7.227179971394591396e-02
1.081241642751955851e+03	2.664596771484636362e-01	1.716597132979796325e-01	2.444944385659825192e-01	1.464874491944048174e-01	7.033005678914763803e-02	2.823753403141205168e-02	7.233113097244187051e-02
1.082692973816052472e+03	2.662270533940074846e-01	1.715080901912240940e-01	2.446608981345623213e-01	1.465819842923530847e-01	7.036927992546718191e-02	2.826233164157517311e-02	7.239036242064277038e-02
1.084144304880149093e+03	2.659948254941706947e-01	1.713567238731600606e-01	2.448270741912484671e-01	1.466763448029914374e-01	7.040843640323109220e-02	2.828710101401422580e-02	7.244949422101615299e-02
1.085595635944245487e+03	2.657629927724046714e-01	1.712056139083777129e-01	2.449929672169343930e-01	1.467705310836628640e-01	7.044752633644524309e-02	2.831184214619787351e-02	7.250852653580941443e-02
1.087046967008342108e+03	2.655315545533306065e-01	1.710547598622056131e-01	2.451585776916975767e-01	1.468645434908446568e-01	7.048654983892017889e-02	2.833655503578382667e-02	7.256745952704975189e-02
1.088498298072438729e+03	2.653005101627374240e-01	1.709041613007094007e-01	2.453239060948009809e-01	1.469583823801509648e-01	7.052550702427146101e-02	2.836123968061786058e-02	7.262629335654414986e-02
1.089949629136535123e+03	2.650698589275797823e-01	1.707538177906905152e-01	2.454889529046943575e-01	1.470520481063353757e-01	7.056439800592011202e-02	2.838589607873280921e-02	7.268502818587932457e-02
1.091400960200631971e+03	2.648396001759757978e-01	1.706037288996850310e-01	2.456537185990156913e-01	1.471455410232934968e-01	7.060322289709292098e-02	2.841052422834759034e-02	7.274366417642171012e-02
1.092852291264728365e+03	2.646097332372052691e-01	1.704538941959622966e-01	2.458182036545925875e-01	1.472388614840655086e-01	7.064198181082284589e-02	2.843512412786622021e-02	7.280220148931748625e-02
1.094303622328825213e+03	2.643802574417074003e-01	1.703043132485238254e-01	2.459824085474436040e-01	1.473320098408388013e-01	7.068067485994937449e-02	2.845969577587682819e-02	7.286064028549249505e-02
1.095754953392921607e+03	2.641511721210786368e-01	1.701549856271019068e-01	2.461463337527796114e-01	1.474249864449502789e-01	7.071930215711891288e-02	2.848423917115069232e-02	7.291898072565225486e-02
1.097206284457018228e+03	2.639224766080709439e-01	1.700059109021585246e-01	2.463099797450052642e-01	1.475177916468891903e-01	7.075786381478511855e-02	2.850875431264127471e-02	7.297722297028200189e-02
1.098657615521114849e+03	2.636941702365894757e-01	1.698570886448839690e-01	2.464733469977202218e-01	1.476104257962994049e-01	7.079635994520931674e-02	2.853324119948323287e-02	7.303536717964662084e-02
1.100108946585211470e+03	2.634662523416907431e-01	1.697085184271957259e-01	2.466364359837206754e-01	1.477028892419821327e-01	7.083479066046083350e-02	2.855769983099147938e-02	7.309341351379067264e-02
1.101560277649308091e+03	2.632387222595803933e-01	1.695601998217371453e-01	2.467992471750005135e-01	1.477951823318982560e-01	7.087315607241734261e-02	2.858213020666021745e-02	7.315136213253836672e-02
1.103011608713404712e+03	2.630115793276111558e-01	1.694121324018762476e-01	2.469617810427529314e-01	1.478873054131709941e-01	7.091145629276524032e-02	2.860653232616198680e-02	7.320921319549358874e-02
1.104462939777501106e+03	2.627848228842810663e-01	1.692643157417046407e-01	2.471240380573715700e-01	1.479792588320882896e-01	7.094969143300002001e-02	2.863090618934670956e-02	7.326696686203991449e-02
1.105914270841597499e+03	2.625584522692310796e-01	1.691167494160359108e-01	2.472860186884520139e-01	1.480710429341052792e-01	7.098786160442659143e-02	2.865525179624076046e-02	7.332462329134059598e-02
1.107365601905694348e+03	2.623324668232432377e-01	1.689694330004047895e-01	2.474477234047930962e-01	1.481626580638468471e-01	7.102596691815965535e-02	2.867956914704599541e-02	7.338218264233858923e-02
1.108816932969790741e+03	2.621068658882386160e-01	1.688223660710658214e-01	2.476091526743982585e-01	1.482541045651099842e-01	7.106400748512406440e-02	2.870385824213885287e-02	7.343964507375658202e-02
1.110268264033887590e+03	2.618816488072754356e-01	1.686755482049920041e-01	2.477703069644768552e-01	1.483453827808663972e-01	7.110198341605517003e-02	2.872811908206938936e-02	7.349701074409695223e-02
1.111719595097984211e+03	2.616568149245468433e-01	1.685289789798737059e-01	2.479311867414455695e-01	1.484364930532647842e-01	7.113989482149910004e-02	2.875235166756036354e-02	7.355427981164186502e-02
1.113170926162080832e+03	2.614323635853788574e-01	1.683826579741174168e-01	2.480917924709297728e-01	1.485274357236334164e-01	7.117774181181325821e-02	2.877655599950630638e-02	7.361145243445321729e-02
1.114622257226177226e+03	2.612082941362286470e-01	1.682365847668445547e-01	2.482521246177647467e-01	1.486182111324824695e-01	7.121552449716651856e-02	2.880073207897259485e-02	7.366852877037274872e-02
1.116073588290273847e+03	2.609846059246822558e-01	1.680907589378901335e-01	2.484121836459972088e-01	1.487088196195065215e-01	7.125324298753962782e-02	2.882487990719455676e-02	7.372550897702200012e-02
1.117524919354370468e+03	2.607612982994527706e-01	1.679451800678017637e-01	2.485719700188864789e-01	1.487992615235868843e-01	7.129089739272556625e-02	2.884899948557652360e-02	7.378239321180234123e-02
1.118976250418467089e+03	2.605383706103782115e-01	1.677998477378382647e-01	2.487314841989059222e-01	1.488895371827940739e-01	7.132848782232988072e-02	2.887309081569094243e-02	7.383918163189509554e-02
1.120427581482563710e+03	2.603158222084195339e-01	1.676547615299685268e-01	2.488907266477441982e-01	1.489796469343902252e-01	7.136601438577097611e-02	2.889715389927746333e-02	7.389587439426147097e-02
1.121878912546660331e+03	2.600936524456588517e-01	1.675099210268703176e-01	2.490496978263067041e-01	1.490695911148314234e-01	7.140347719228053169e-02	2.892118873824203393e-02	7.395247165564262926e-02
1.123330243610756725e+03	2.598718606752969951e-01	1.673653258119290332e-01	2.492083981947168236e-01	1.491593700597700634e-01	7.144087635090375088e-02	2.894519533465600772e-02	7.400897357255974141e-02
1.124781574674853118e+03	2.596504462516520673e-01	1.672209754692365880e-01	2.493668282123173152e-01	1.492489841040573473e-01	7.147821197049979147e-02	2.896917369075524551e-02	7.406538030131404327e-02
1.126232905738949967e+03	2.594294085301571684e-01	1.670768695835900819e-01	2.495249883376715327e-01	1.493384335817455333e-01	7.151548415974198769e-02	2.899312380893922375e-02	7.412169199798684938e-02
1.127684236803046360e+03	2.592087468673584527e-01	1.669330077404907464e-01	2.496828790285648414e-01	1.494277188260903222e-01	7.155269302711826651e-02	2.901704569177014637e-02	7.417790881843959461e-02
1.129135567867143209e+03	2.589884606209131301e-01	1.667893895261426118e-01	2.498405007420059221e-01	1.495168401695531890e-01	7.158983868093146685e-02	2.904093934197206003e-02	7.423403091831393130e-02
1.130586898931239830e+03	2.587685491495876344e-01	1.666460145274514526e-01	2.499978539342281592e-01	1.496057979438037977e-01	7.162692122929960326e-02	2.906480476242998337e-02	7.429005845303171540e-02
1.132038229995336451e+03	2.585490118132554582e-01	1.665028823320235385e-01	2.501549390606906953e-01	1.496945924797221938e-01	7.166394078015632385e-02	2.908864195618901527e-02	7.434599157779513134e-02
1.133489561059432845e+03	2.583298479728953212e-01	1.663599925281643299e-01	2.503117565760801244e-01	1.497832241074013027e-01	7.170089744125106301e-02	2.911245092645348143e-02	7.440183044758669206e-02
1.134940892123529466e+03	2.581110569905891716e-01	1.662173447048775898e-01	2.504683069343114354e-01	1.498716931561491217e-01	7.173779132014952709e-02	2.913623167658604615e-02	7.445757521716933613e-02
1.136392223187626087e+03	2.578926382295204656e-01	1.660749384518638294e-01	2.506245905885297054e-01	1.499599999544910245e-01	7.177462252423394418e-02	2.915998421010686237e-02	7.451322604108644165e-02
1.137843554251722708e+03	2.576745910539717244e-01	1.659327733595194199e-01	2.507806079911110153e-01	1.500481448301721477e-01	7.181139116070334172e-02	2.918370853069270077e-02	7.456878307366195113e-02
1.139294885315819101e+03	2.574569148293229803e-01	1.657908490189352602e-01	2.509363595936640601e-01	1.501361281101595557e-01	7.184809733657397668e-02	2.920740464217609633e-02	7.462424646900038538e-02
1.140746216379915950e+03	2.572396089220497228e-01	1.656491650218956113e-01	2.510918458470312031e-01	1.502239501206447114e-01	7.188474115867955760e-02	2.923107254854449485e-02	7.467961638098695454e-02
1.142197547444012343e+03	2.570226726997210664e-01	1.655077209608770417e-01	2.512470672012900308e-01	1.503116111870455018e-01	7.192132273367164708e-02	2.925471225393939945e-02	7.473489296328758580e-02
1.143648878508108737e+03	2.568061055309975860e-01	1.653665164290470391e-01	2.514020241057544625e-01	1.503991116340087086e-01	7.195784216801988376e-02	2.927832376265552400e-02	7.479007636934902059e-02
1.145100209572205586e+03	2.565899067856295956e-01	1.652255510202630950e-01	2.515567170089761384e-01	1.504864517854122008e-01	7.199429956801241259e-02	2.930190707913995704e-02	7.484516675239885619e-02
1.146551540636302207e+03	2.563740758344550952e-01	1.650848243290712891e-01	2.517111463587456410e-01	1.505736319643671550e-01	7.203069503975609300e-02	2.932546220799130479e-02	7.490016426544569839e-02
1.148002871700398828e+03	2.561586120493977714e-01	1.649443359507052898e-01	2.518653126020938826e-01	1.506606524932203595e-01	7.206702868917688742e-02	2.934898915395887584e-02	7.495506906127914759e-02
1.149454202764495449e+03	2.559435148034655549e-01	1.648040854810851052e-01	2.520192161852933266e-01	1.507475136935563786e-01	7.210330062202012502e-02	2.937248792194182764e-02	7.500988129246990987e-02
1.150905533828591842e+03	2.557287834707479557e-01	1.646640725168159736e-01	2.521728575538592643e-01	1.508342158861998294e-01	7.213951094385089025e-02	2.939595851698836165e-02	7.506460111136990798e-02
1.152356864892688463e+03	2.555144174264147305e-01	1.645242966551871411e-01	2.523262371525512027e-01	1.509207593912175738e-01	7.217565976005421713e-02	2.941940094429486632e-02	7.511922867011236460e-02
1.153808195956785084e+03	2.553004160467138295e-01	1.643847574941707246e-01	2.524793554253740857e-01	1.510071445279209945e-01	7.221174717583551950e-02	2.944281520920512610e-02	7.517376412061181623e-02
1.155259527020881706e+03	2.550867787089692862e-01	1.642454546324206288e-01	2.526322128155795155e-01	1.510933716148681050e-01	7.224777329622079913e-02	2.946620131720948527e-02	7.522820761456430749e-02
1.156710858084978327e+03	2.548735047915796081e-01	1.641063876692712420e-01	2.527848097656670290e-01	1.511794409698657693e-01	7.228373822605703436e-02	2.948955927394403265e-02	7.528255930344737723e-02
1.158162189149074720e+03	2.546605936740157228e-01	1.639675562047364366e-01	2.529371467173854304e-01	1.512653529099719507e-01	7.231964207001247147e-02	2.951288908518979320e-02	7.533681933852022505e-02
1.159613520213171569e+03	2.544480447368190901e-01	1.638289598395082924e-01	2.530892241117342345e-01	1.513511077514978487e-01	7.235548493257686065e-02	2.953619075687192314e-02	7.539098787082375297e-02
1.161064851277267962e+03	2.542358573615997597e-01	1.636905981749560146e-01	2.532410423889646101e-01	1.514367058100100916e-01	7.239126691806187230e-02	2.955946429505890496e-02	7.544506505118071804e-02
1.162516182341364356e+03	2.540240309310347055e-01	1.635524708131247396e-01	2.533926019885808789e-01	1.515221474003328184e-01	7.242698813060133300e-02	2.958270970596173222e-02	7.549905103019576014e-02
1.163967513405461204e+03	2.538125648288657166e-01	1.634145773567344806e-01	2.535439033493416261e-01	1.516074328365499546e-01	7.246264867415153077e-02	2.960592699593312532e-02	7.555294595825554071e-02
1.165418844469557826e+03	2.536014584398975091e-01	1.632769174091788789e-01	2.536949469092610876e-01	1.516925624320073496e-01	7.249824865249153427e-02	2.962911617146674059e-02	7.560674998552883996e-02
1.166870175533654447e+03	2.533907111499959508e-01	1.631394905745240931e-01	2.538457331056105937e-01	1.517775364993147746e-01	7.253378816922351202e-02	2.965227723919635835e-02	7.566046326196668170e-02
1.168321506597751068e+03	2.531803223460862839e-01	1.630022964575077449e-01	2.539962623749192350e-01	1.518623553503482548e-01	7.256926732777298217e-02	2.967541020589511275e-02	7.571408593730237502e-02
1.169772837661847461e+03	2.529702914161509053e-01	1.628653346635375587e-01	2.541465351529757499e-01	1.519470192962521227e-01	7.260468623138917332e-02	2.969851507847470762e-02	7.576761816105168079e-02
1.171224168725944082e+03	2.527606177492280337e-01	1.627286047986905015e-01	2.542965518748295795e-01	1.520315286474410721e-01	7.264004498314528824e-02	2.972159186398461855e-02	7.582106008251286722e-02
1.172675499790040703e+03	2.525513007354093231e-01	1.625921064697114782e-01	2.544463129747919217e-01	1.521158837136023234e-01	7.267534368593880911e-02	2.974464056961133307e-02	7.587441185076684858e-02
1.174126830854137097e+03	2.523423397658383083e-01	1.624558392840122212e-01	2.545958188864371752e-01	1.522000848036977327e-01	7.271058244249181679e-02	2.976766120267756652e-02	7.592767361467731013e-02
1.175578161918233945e+03	2.521337342327082953e-01	1.623198028496701528e-01	2.547450700426042158e-01	1.522841322259659014e-01	7.274576135535122667e-02	2.979065377064148840e-02	7.598084552289079141e-02
1.177029492982330339e+03	2.519254835292608630e-01	1.621839967754273859e-01	2.548940668753976180e-01	1.523680262879242575e-01	7.278088052688917731e-02	2.981361828109596254e-02	7.603392772383681109e-02
1.178480824046426733e+03	2.517175870497838641e-01	1.620484206706893637e-01	2.550428098161887647e-01	1.524517672963711379e-01	7.281594005930326630e-02	2.983655474176776651e-02	7.608692036572796413e-02
1.179932155110523581e+03	2.515100441896093164e-01	1.619130741455239164e-01	2.551912992956172355e-01	1.525353555573878139e-01	7.285094005461682787e-02	2.985946316051685603e-02	7.613982359656007448e-02
1.181383486174620202e+03	2.513028543451120145e-01	1.617779568106601229e-01	2.553395357435920832e-01	1.526187913763406290e-01	7.288588061467932144e-02	2.988234354533558096e-02	7.619263756411230604e-02
1.182834817238716823e+03	2.510960169137073095e-01	1.616430682774870342e-01	2.554875195892929995e-01	1.527020750578830799e-01	7.292076184116648430e-02	2.990519590434793928e-02	7.624536241594723207e-02
1.184286148302813444e+03	2.508895312938494992e-01	1.615084081580527575e-01	2.556352512611714811e-01	1.527852069059577600e-01	7.295558383558073401e-02	2.992802024580883472e-02	7.629799829941102951e-02
1.185737479366910065e+03	2.506833968850298855e-01	1.613739760650632904e-01	2.557827311869521614e-01	1.528681872237985517e-01	7.299034669925144603e-02	2.995081657810330297e-02	7.635054536163352057e-02
1.187188810431006686e+03	2.504776130877749418e-01	1.612397716118812718e-01	2.559299597936340320e-01	1.529510163139324863e-01	7.302505053333521734e-02	2.997358490974579709e-02	7.640300374952838092e-02
1.188640141495103080e+03	2.502721793036446485e-01	1.611057944125249553e-01	2.560769375074916643e-01	1.530336944781819919e-01	7.305969543881615791e-02	2.999632524937942413e-02	7.645537360979323682e-02
1.190091472559199701e+03	2.500670949352304384e-01	1.609720440816671816e-01	2.562236647540765411e-01	1.531162220176667255e-01	7.309428151650622374e-02	3.001903760577520619e-02	7.650765508890974842e-02
1.191542803623296322e+03	2.498623593861535042e-01	1.608385202346341580e-01	2.563701419582180563e-01	1.531985992328057655e-01	7.312880886704541117e-02	3.004172198783135184e-02	7.655984833314379012e-02
1.192994134687392716e+03	2.496579720610629938e-01	1.607052224874044033e-01	2.565163695440249580e-01	1.532808264233194162e-01	7.316327759090217320e-02	3.006437840457252403e-02	7.661195348854556164e-02
1.194445465751489564e+03	2.494539323656342344e-01	1.605721504566075819e-01	2.566623479348864589e-01	1.533629038882313722e-01	7.319768778837359990e-02	3.008700686514910114e-02	7.666397070094972677e-02
1.195896796815585958e+03	2.492502397065667341e-01	1.604393037595234495e-01	2.568080775534734017e-01	1.534448319258707449e-01	7.323203955958577926e-02	3.010960737883645877e-02	7.671590011597552439e-02
1.197348127879682352e+03	2.490468934915825716e-01	1.603066820140807702e-01	2.569535588217397026e-01	1.535266108338738666e-01	7.326633300449403308e-02	3.013217995503423424e-02	7.676774187902690727e-02
1.198799458943779200e+03	2.488438931294245371e-01	1.601742848388561236e-01	2.570987921609234061e-01	1.536082409091864553e-01	7.330056822288323615e-02	3.015472460326562576e-02	7.681949613529273635e-02
1.200250790007875821e+03	2.486412380298543001e-01	1.600421118530729048e-01	2.572437779915477951e-01	1.536897224480655300e-01	7.333474531436807997e-02	3.017724133317664995e-02	7.687116302974685011e-02
1.201702121071972442e+03	2.484389276036506056e-01	1.599101626766001871e-01	2.573885167334228896e-01	1.537710557460813254e-01	7.336886437839339192e-02	3.019973015453544796e-02	7.692274270714820339e-02
1.203153452136069063e+03	2.482369612626076083e-01	1.597784369299516671e-01	2.575330088056464461e-01	1.538522410981193189e-01	7.340292551423438505e-02	3.022219107723156384e-02	7.697423531204103386e-02
1.204604783200165684e+03	2.480353384195329580e-01	1.596469342342844711e-01	2.576772546266052344e-01	1.539332787983822282e-01	7.343692882099690789e-02	3.024462411127524369e-02	7.702564098875501475e-02
1.206056114264262078e+03	2.478340584882459674e-01	1.595156542113981835e-01	2.578212546139761474e-01	1.540141691403918711e-01	7.347087439761786076e-02	3.026702926679671057e-02	7.707695988140536580e-02
1.207507445328358699e+03	2.476331208835760300e-01	1.593845964837335982e-01	2.579650091847275895e-01	1.540949124169910811e-01	7.350476234286532073e-02	3.028940655404548793e-02	7.712819213389301987e-02
1.208958776392455093e+03	2.474325250213606220e-01	1.592537606743719136e-01	2.581085187551204752e-01	1.541755089203457885e-01	7.353859275533891626e-02	3.031175598338968144e-02	7.717933788990473387e-02
1.210410107456551941e+03	2.472322703184436921e-01	1.591231464070333168e-01	2.582517837407096728e-01	1.542559589419468247e-01	7.357236573347009090e-02	3.033407756531529206e-02	7.723039729291328315e-02
1.211861438520648335e+03	2.470323561926737743e-01	1.589927533060761233e-01	2.583948045563449480e-01	1.543362627726118097e-01	7.360608137552239472e-02	3.035637131042552214e-02	7.728137048617754468e-02
1.213312769584745183e+03	2.468327820629023228e-01	1.588625809964955837e-01	2.585375816161724072e-01	1.544164207024872892e-01	7.363973977959172024e-02	3.037863722944007458e-02	7.733225761274271914e-02
1.214764100648841804e+03	2.466335473489818242e-01	1.587326291039228843e-01	2.586801153336354409e-01	1.544964330210504000e-01	7.367334104360662161e-02	3.040087533319447630e-02	7.738305881544045584e-02
1.216215431712937971e+03	2.464346514717641601e-01	1.586028972546239812e-01	2.588224061214761118e-01	1.545763000171109514e-01	7.370688526532859219e-02	3.042308563263938781e-02	7.743377423688896366e-02
1.217666762777034819e+03	2.462360938530987753e-01	1.584733850754985462e-01	2.589644543917362096e-01	1.546560219788130908e-01	7.374037254235232819e-02	3.044526813883993016e-02	7.748440401949320544e-02
1.219118093841131440e+03	2.460378739158309569e-01	1.583440921940790225e-01	2.591062605557586385e-01	1.547355991936374409e-01	7.377380297210602011e-02	3.046742286297498756e-02	7.753494830544503669e-02
1.220569424905228061e+03	2.458399910838000024e-01	1.582150182385293480e-01	2.592478250241883053e-01	1.548150319484029036e-01	7.380717665185160259e-02	3.048954981633655512e-02	7.758540723672338602e-02
1.222020755969324682e+03	2.456424447818376100e-01	1.580861628376440398e-01	2.593891482069735632e-01	1.548943205292684644e-01	7.384049367868507352e-02	3.051164901032904844e-02	7.763578095509435228e-02
1.223472087033421303e+03	2.454452344357659910e-01	1.579575256208470002e-01	2.595302305133672660e-01	1.549734652217350794e-01	7.387375414953677166e-02	3.053372045646863403e-02	7.768606960211139889e-02
1.224923418097517697e+03	2.452483594723962324e-01	1.578291062181905735e-01	2.596710723519279895e-01	1.550524663106476464e-01	7.390695816117158479e-02	3.055576416638257700e-02	7.773627331911552030e-02
1.226374749161614318e+03	2.450518193195264927e-01	1.577009042603543798e-01	2.598116741305212529e-01	1.551313240801967253e-01	7.394010581018928274e-02	3.057778015180855416e-02	7.778639224723538081e-02
1.227826080225710712e+03	2.448556134059403089e-01	1.575729193786443438e-01	2.599520362563205733e-01	1.552100388139204812e-01	7.397319719302483665e-02	3.059976842459401561e-02	7.783642652738750889e-02
1.229277411289807560e+03	2.446597411614048756e-01	1.574451512049915292e-01	2.600921591358087426e-01	1.552886107947064609e-01	7.400623240594854380e-02	3.062172899669550821e-02	7.788637630027640812e-02
1.230728742353903954e+03	2.444642020166691576e-01	1.573175993719511667e-01	2.602320431747789375e-01	1.553670403047934800e-01	7.403921154506648561e-02	3.064366188017802681e-02	7.793624170639475157e-02
1.232180073418000802e+03	2.442689954034624189e-01	1.571902635127015446e-01	2.603716887783360523e-01	1.554453276257734273e-01	7.407213470632066643e-02	3.066556708721436195e-02	7.798602288602352051e-02
1.233631404482097196e+03	2.440741207544923075e-01	1.570631432610429257e-01	2.605110963508976418e-01	1.555234730385931241e-01	7.410500198548931883e-02	3.068744463008444764e-02	7.803571997923221260e-02
1.235082735546193817e+03	2.438795775034432456e-01	1.569362382513966037e-01	2.606502662961951433e-01	1.556014768235560453e-01	7.413781347818722278e-02	3.070929452117471259e-02	7.808533312587896680e-02
1.236534066610290438e+03	2.436853650849745700e-01	1.568095481188037932e-01	2.607891990172752084e-01	1.556793392603242898e-01	7.417056927986592774e-02	3.073111677297743830e-02	7.813486246561074378e-02
1.237985397674387059e+03	2.434914829347189780e-01	1.566830724989245194e-01	2.609278949165005912e-01	1.557570606279202741e-01	7.420326948581405790e-02	3.075291139809011726e-02	7.818430813786350631e-02
1.239436728738483680e+03	2.432979304892807226e-01	1.565568110280365632e-01	2.610663543955515364e-01	1.558346412047285079e-01	7.423591419115752044e-02	3.077467840921480416e-02	7.823367028186234418e-02
1.240888059802580301e+03	2.431047071862340037e-01	1.564307633430345457e-01	2.612045778554268338e-01	1.559120812684974822e-01	7.426850349085986625e-02	3.079641781915749832e-02	7.828294903662168236e-02
1.242339390866676695e+03	2.429118124641211351e-01	1.563049290814288450e-01	2.613425656964451504e-01	1.559893810963413896e-01	7.430103747972248429e-02	3.081812964082749837e-02	7.833214454094547530e-02
1.243790721930773088e+03	2.427192457624508526e-01	1.561793078813443758e-01	2.614803183182458635e-01	1.560665409647419288e-01	7.433351625238493465e-02	3.083981388723676040e-02	7.838125693342731792e-02
1.245242052994869937e+03	2.425270065216967308e-01	1.560538993815197562e-01	2.616178361197903923e-01	1.561435611495500808e-01	7.436593990332518445e-02	3.086147057149928735e-02	7.843028635245063995e-02
1.246693384058966330e+03	2.423350941832954353e-01	1.559287032213061974e-01	2.617551194993633645e-01	1.562204419259878296e-01	7.439830852685982987e-02	3.088309970683050104e-02	7.847923293618890017e-02
1.248144715123063179e+03	2.421435081896449182e-01	1.558037190406664774e-01	2.618921688545738369e-01	1.562971835686500222e-01	7.443062221714444315e-02	3.090470130654661071e-02	7.852809682260573909e-02
1.249596046187159800e+03	2.419522479841029472e-01	1.556789464801738299e-01	2.620289845823562946e-01	1.563737863515060333e-01	7.446288106817380847e-02	3.092627538406399895e-02	7.857687814945514548e-02
1.251047377251256421e+03	2.417613130109851904e-01	1.555543851810109734e-01	2.621655670789718173e-01	1.564502505479015704e-01	7.449508517378219952e-02	3.094782195289859719e-02	7.862557705428169230e-02
1.252498708315352815e+03	2.415707027155637454e-01	1.554300347849690567e-01	2.623019167400092444e-01	1.565265764305603935e-01	7.452723462764361539e-02	3.096934102666528549e-02	7.867419367442061995e-02
1.253950039379449436e+03	2.413804165440652516e-01	1.553058949344467699e-01	2.624380339603864520e-01	1.566027642715860646e-01	7.455932952327208596e-02	3.099083261907726802e-02	7.872272814699809995e-02
1.255401370443546057e+03	2.411904539436694472e-01	1.551819652724489851e-01	2.625739191343512413e-01	1.566788143424636404e-01	7.459136995402189385e-02	3.101229674394545902e-02	7.877118060893135987e-02
1.256852701507642678e+03	2.410008143625072263e-01	1.550582454425860346e-01	2.627095726554826705e-01	1.567547269140614485e-01	7.462335601308787980e-02	3.103373341517789291e-02	7.881955119692886369e-02
1.258304032571739299e+03	2.408114972496591955e-01	1.549347350890726005e-01	2.628449949166921096e-01	1.568305022566327811e-01	7.465528779350572020e-02	3.105514264677909989e-02	7.886784004749053389e-02
1.259755363635835920e+03	2.406225020551539251e-01	1.548114338567265769e-01	2.629801863102242954e-01	1.569061406398176428e-01	7.468716538815212136e-02	3.107652445284952644e-02	7.891604729690790410e-02
1.261206694699932314e+03	2.404338282299662288e-01	1.546883413909682092e-01	2.631151472276587189e-01	1.569816423326444166e-01	7.471898888974512487e-02	3.109787884758491092e-02	7.896417308126431334e-02
1.262658025764028707e+03	2.402454752260156090e-01	1.545654573378189289e-01	2.632498780599105137e-01	1.570570076035316120e-01	7.475075839084442675e-02	3.111920584527571448e-02	7.901221753643507262e-02
1.264109356828125556e+03	2.400574424961645359e-01	1.544427813439005204e-01	2.633843791972316772e-01	1.571322367202895032e-01	7.478247398385154399e-02	3.114050546030650360e-02	7.906018079808764532e-02
1.265560687892221949e+03	2.398697294942167546e-01	1.543203130564338721e-01	2.635186510292121809e-01	1.572073299501218491e-01	7.481413576101011986e-02	3.116177770715536713e-02	7.910806300168185534e-02
1.267012018956318798e+03	2.396823356749157030e-01	1.541980521232381440e-01	2.636526939447809692e-01	1.572822875596275871e-01	7.484574381440621538e-02	3.118302260039333001e-02	7.915586428247006756e-02
1.268463350020415419e+03	2.394952604939429019e-01	1.540759981927296018e-01	2.637865083322073478e-01	1.573571098148025260e-01	7.487729823596851741e-02	3.120424015468377388e-02	7.920358477549735432e-02
1.269914681084511813e+03	2.393085034079161511e-01	1.539541509139208120e-01	2.639200945791019826e-01	1.574317969810409557e-01	7.490879911746863018e-02	3.122543038478182639e-02	7.925122461560171749e-02
1.271366012148608434e+03	2.391220638743880023e-01	1.538325099364193649e-01	2.640534530724179541e-01	1.575063493231373957e-01	7.494024655052135275e-02	3.124659330553381659e-02	7.929878393741421339e-02
1.272817343212705055e+03	2.389359413518441222e-01	1.537110749104271534e-01	2.641865841984518126e-01	1.575807671052881775e-01	7.497164062658488726e-02	3.126772893187666769e-02	7.934626287535924416e-02
1.274268674276801676e+03	2.387501352997016546e-01	1.535898454867390406e-01	2.643194883428450215e-01	1.576550505910932209e-01	7.500298143696117192e-02	3.128883727883733507e-02	7.939366156365462723e-02
1.275720005340898297e+03	2.385646451783075273e-01	1.534688213167421933e-01	2.644521658905846229e-01	1.577292000435575325e-01	7.503426907279604763e-02	3.130991836153222685e-02	7.944098013631190058e-02
1.277171336404994690e+03	2.383794704489368699e-01	1.533480020524148613e-01	2.645846172260046814e-01	1.578032157250929546e-01	7.506550362507959095e-02	3.133097219516663839e-02	7.948821872713641989e-02
1.278622667469091539e+03	2.381946105737913211e-01	1.532273873463253777e-01	2.647168427327873386e-01	1.578770978975197747e-01	7.509668518464639175e-02	3.135199879503416942e-02	7.953537746972759448e-02
1.280073998533187932e+03	2.380100650159975850e-01	1.531069768516312712e-01	2.648488427939637568e-01	1.579508468220683914e-01	7.512781384217571967e-02	3.137299817651618278e-02	7.958245649747910933e-02
1.281525329597284326e+03	2.378258332396055441e-01	1.529867702220781833e-01	2.649806177919153960e-01	1.580244627593808404e-01	7.515888968819185723e-02	3.139397035508121464e-02	7.962945594357903611e-02
1.282976660661381175e+03	2.376419147095868989e-01	1.528667671119988969e-01	2.651121681083749015e-01	1.580979459695125433e-01	7.518991281306432184e-02	3.141491534628441940e-02	7.967637594101011078e-02
1.284427991725477568e+03	2.374583088918333085e-01	1.527469671763123094e-01	2.652434941244276034e-01	1.581712967119338620e-01	7.522088330700814340e-02	3.143583316576703535e-02	7.972321662254987229e-02
1.285879322789574417e+03	2.372750152531549750e-01	1.526273700705225167e-01	2.653745962205121267e-01	1.582445152455316806e-01	7.525180126008414183e-02	3.145672382925580185e-02	7.976997812077087080e-02
1.287330653853671038e+03	2.370920332612788950e-01	1.525079754507177587e-01	2.655054747764218903e-01	1.583176018286111264e-01	7.528266676219910747e-02	3.147758735256240420e-02	7.981666056804090359e-02
1.288781984917767431e+03	2.369093623848474162e-01	1.523887829735694199e-01	2.656361301713059953e-01	1.583905567188969854e-01	7.531347990310613416e-02	3.149842375158293933e-02	7.986326409652315383e-02
1.290233315981864052e+03	2.367270020934164609e-01	1.522697922963310024e-01	2.657665627836704458e-01	1.584633801735355341e-01	7.534424077240484130e-02	3.151923304229733991e-02	7.990978883817642653e-02
