1.301360187473271253e+03	2.356322692127929552e-01	1.510183933468016992e-01	2.607612467983374538e-01	1.617461493612120105e-01	7.626148028406598556e-02	3.212803090426331193e-02	8.245243009235714293e-02
1.306197957686926657e+03	2.350410082278840407e-01	1.506226634415807619e-01	2.611399661322967858e-01	1.620100665599953915e-01	7.636847503549722138e-02	3.220011885005071711e-02	8.261770175252561299e-02
1.311035727900581833e+03	2.344531388783671622e-01	1.502291159973393742e-01	2.615164203574909529e-01	1.622724770615872891e-01	7.647491318125873572e-02	3.227189083169058198e-02	8.278204369209635205e-02
1.315873498114237009e+03	2.338686416994473216e-01	1.498377388817573319e-01	2.618906245032230906e-01	1.625333890021710137e-01	7.658079763361835823e-02	3.234334758688204442e-02	8.294546069273130151e-02
1.320711268327892412e+03	2.332874973398932350e-01	1.494485200298719674e-01	2.622625934777985113e-01	1.627928104821048105e-01	7.668613128730590589e-02	3.241448986350308620e-02	8.310795751935286246e-02
1.325549038541547588e+03	2.327096865613359211e-01	1.490614474437141901e-01	2.626323420697613265e-01	1.630507495659359596e-01	7.679091701970408579e-02	3.248531841932517789e-02	8.326953892005373170e-02
1.330386808755202765e+03	2.321351902375722309e-01	1.486765091919457771e-01	2.629998849491152479e-01	1.633072142824177897e-01	7.689515769103504039e-02	3.255583402173378021e-02	8.343020962601042922e-02
1.335224578968857941e+03	2.315639893538734284e-01	1.482936934094989390e-01	2.633652366685309554e-01	1.635622126245294961e-01	7.699885614454263227e-02	3.262603744745440348e-02	8.358997435140037846e-02
1.340062349182513572e+03	2.309960650062985177e-01	1.479129882972172183e-01	2.637284116645383647e-01	1.638157525494987332e-01	7.710201520667045449e-02	3.269592948228425278e-02	8.374883779332265021e-02
1.344900119396168748e+03	2.304313984010126770e-01	1.475343821214984419e-01	2.640894242587047969e-01	1.640678419788267894e-01	7.720463768723603848e-02	3.276551092082929245e-02	8.390680463172205117e-02
1.349737889609823924e+03	2.298699708536104669e-01	1.471578632139391996e-01	2.644482886587995463e-01	1.643184887983166476e-01	7.730672637960098181e-02	3.283478256624660502e-02	8.406387952931670959e-02
1.354575659823479100e+03	2.293117637884435900e-01	1.467834199709812104e-01	2.648050189599436277e-01	1.645677008581033496e-01	7.740828406083744007e-02	3.290374522999196111e-02	8.422006713152890844e-02
1.359413430037134731e+03	2.287567587379538692e-01	1.464110408535594099e-01	2.651596291457469778e-01	1.648154859726871924e-01	7.750931349189088548e-02	3.297239973157248955e-02	8.437537206641920751e-02
1.364251200250789907e+03	2.282049373420105276e-01	1.460407143867516466e-01	2.655121330894311682e-01	1.650618519209693658e-01	7.760981741773934073e-02	3.304074689830432260e-02	8.452979894462367416e-02
1.369088970464445310e+03	2.276562813472522706e-01	1.456724291594302390e-01	2.658625445549389621e-01	1.653068064462900055e-01	7.770979856754919868e-02	3.310878756507509152e-02	8.468335235929425053e-02
1.373926740678100487e+03	2.271107726064341414e-01	1.453061738239151968e-01	2.662108771980308819e-01	1.655503572564686887e-01	7.780925965482765605e-02	3.317652257411128625e-02	8.483603688604220150e-02
1.378764510891755890e+03	2.265683930777785682e-01	1.449419370956291364e-01	2.665571445673682316e-01	1.657925120238474270e-01	7.790820337757195513e-02	3.324395277475024335e-02	8.498785708288446317e-02
1.383602281105411066e+03	2.260291248243313789e-01	1.445797077527539443e-01	2.669013601055836293e-01	1.660332783853358807e-01	7.800663241841547524e-02	3.331107902321674141e-02	8.513881749019291956e-02
1.388440051319066470e+03	2.254929500133220910e-01	1.442194746358890778e-01	2.672435371503384394e-01	1.662726639424589037e-01	7.810454944477081274e-02	3.337790218240409279e-02	8.528892263064652424e-02
1.393277821532721646e+03	2.249598509155285309e-01	1.438612266477116153e-01	2.675836889353677694e-01	1.665106762614063651e-01	7.820195710896982177e-02	3.344442312165963466e-02	8.543817700918623914e-02
1.398115591746377049e+03	2.244298099046462547e-01	1.435049527526380819e-01	2.679218285915125342e-01	1.667473228730850798e-01	7.829885804840083785e-02	3.351064271657457766e-02	8.558658511297261018e-02
1.402953361960032225e+03	2.239028094566618832e-01	1.431506419764877469e-01	2.682579691477400274e-01	1.669826112731730705e-01	7.839525488564320910e-02	3.357656184877800404e-02	8.573415141134604900e-02
1.407791132173687402e+03	2.233788321492310991e-01	1.427982834061477524e-01	2.685921235321515610e-01	1.672165489221757451e-01	7.849115022859896873e-02	3.364218140573511234e-02	8.588088035578977930e-02
1.412628902387342805e+03	2.228578606610607804e-01	1.424478661892399356e-01	2.689243045729784454e-01	1.674491432454841555e-01	7.858654667062198174e-02	3.370750228054943815e-02	8.602677637989522563e-02
1.417466672600997981e+03	2.223398777712955188e-01	1.420993795337892329e-01	2.692545249995658696e-01	1.676804016334355885e-01	7.868144679064460745e-02	3.377252537176912706e-02	8.617184389932998345e-02
1.422304442814653157e+03	2.218248663589081626e-01	1.417528127078937217e-01	2.695827974433453456e-01	1.679103314413756820e-01	7.877585315330173921e-02	3.383725158319703108e-02	8.631608731180813454e-02
1.427142213028308333e+03	2.213128094020947456e-01	1.414081550393965214e-01	2.699091344387952729e-01	1.681389399897228187e-01	7.886976830905260971e-02	3.390168182370470462e-02	8.645951099706308818e-02
1.431979983241963964e+03	2.208036899776734951e-01	1.410653959155590831e-01	2.702335484243900687e-01	1.683662345640342117e-01	7.896319479430019550e-02	3.396581700705010587e-02	8.660211931682264275e-02
1.436817753455619140e+03	2.202974912604877544e-01	1.407245247827363377e-01	2.705560517435380841e-01	1.685922224150739335e-01	7.905613513150831773e-02	3.402965805169895497e-02	8.674391661478636495e-02
1.441655523669274316e+03	2.197941965228133454e-01	1.403855311460532884e-01	2.708766566455085845e-01	1.688169107588827766e-01	7.914859182931671677e-02	3.409320588064976287e-02	8.688490721660520333e-02
1.446493293882929493e+03	2.192937891337696787e-01	1.400484045690834622e-01	2.711953752863472955e-01	1.690403067768497802e-01	7.924056738265379540e-02	3.415646142126230883e-02	8.702509542986333613e-02
1.451331064096585123e+03	2.187962525587349161e-01	1.397131346735287216e-01	2.715122197297812345e-01	1.692624176157856430e-01	7.933206427284748841e-02	3.421942560508960812e-02	8.716448554406210081e-02
1.456168834310240300e+03	2.183015703587652956e-01	1.393797111389009913e-01	2.718272019481126067e-01	1.694832503879975250e-01	7.942308496773395343e-02	3.428209936771327987e-02	8.730308183060604688e-02
1.461006604523895703e+03	2.178097261900179549e-01	1.390481237022054284e-01	2.721403338231027091e-01	1.697028121713658466e-01	7.951363192176445771e-02	3.434448364858225244e-02	8.744088854279102874e-02
1.465844374737550879e+03	2.173207038031782778e-01	1.387183621576251469e-01	2.724516271468444550e-01	1.699211100094224769e-01	7.960370757611029413e-02	3.440657939085468853e-02	8.757790991579428308e-02
1.470682144951206283e+03	2.168344870428904891e-01	1.383904163562077738e-01	2.727610936226252392e-01	1.701381509114304746e-01	7.969331435876589320e-02	3.446838754124312287e-02	8.771415016666656017e-02
1.475519915164861459e+03	2.163510598471924951e-01	1.380642762055533102e-01	2.730687448657793670e-01	1.703539418524654125e-01	7.978245468465010315e-02	3.452990904986274340e-02	8.784961349432604538e-02
1.480357685378516862e+03	2.158704062469543328e-01	1.377399316695038789e-01	2.733745924045301035e-01	1.705684897734983108e-01	7.987113095570579080e-02	3.459114487008273231e-02	8.798430407955426524e-02
1.485195455592172038e+03	2.153925103653204498e-01	1.374173727678347778e-01	2.736786476808222845e-01	1.707818015814797363e-01	7.995934556099773549e-02	3.465209595838064649e-02	8.811822608499370046e-02
1.490033225805827215e+03	2.149173564171556750e-01	1.370965895759474473e-01	2.739809220511447707e-01	1.709938841494254846e-01	8.004710087680887154e-02	3.471276327419967750e-02	8.825138365514738348e-02
1.494870996019482618e+03	2.144449287084949918e-01	1.367775722245636039e-01	2.742814267873431300e-01	1.712047443165036487e-01	8.013439926673497637e-02	3.477314777980888838e-02	8.838378091638006417e-02
1.499708766233137567e+03	2.139752116359967815e-01	1.364603108994213165e-01	2.745801730774228844e-01	1.714143888881229649e-01	8.022124308177773500e-02	3.483325044016628153e-02	8.851542197692122138e-02
1.504546536446793198e+03	2.135081896864000905e-01	1.361447958409724435e-01	2.748771720263434859e-01	1.716228246360224918e-01	8.030763466043640275e-02	3.489307222278458659e-02	8.864631092686967029e-02
1.509384306660448374e+03	2.130438474359850065e-01	1.358310173440816504e-01	2.751724346568024115e-01	1.718300582983624814e-01	8.039357632879789994e-02	3.495261409759985866e-02	8.877645183819984909e-02
1.514222076874103550e+03	2.125821695500370034e-01	1.355189657577271223e-01	2.754659719100103765e-01	1.720360965798166109e-01	8.047907040062554640e-02	3.501187703684269237e-02	8.890584876476971543e-02
1.519059847087758726e+03	2.121231407823146731e-01	1.352086314847024684e-01	2.757577946464577767e-01	1.722409461516653251e-01	8.056411917744643603e-02	3.507086201491212141e-02	8.903450574233021109e-02
1.523897617301414357e+03	2.116667459745210922e-01	1.349000049813206259e-01	2.760479136466713612e-01	1.724446136518902606e-01	8.064872494863738195e-02	3.512957000825204373e-02	8.916242678853619763e-02
1.528735387515069533e+03	2.112129700557784651e-01	1.345930767571189568e-01	2.763363396119626891e-01	1.726471056852699748e-01	8.073288999150961265e-02	3.518800199523020034e-02	8.928961590295904360e-02
1.533573157728724709e+03	2.107617980421064574e-01	1.342878373745660936e-01	2.766230831651675381e-01	1.728484288234766186e-01	8.081661657139220523e-02	3.524615895601963117e-02	8.941607706710046066e-02
1.538410927942380113e+03	2.103132150359038610e-01	1.339842774487699506e-01	2.769081548513765978e-01	1.730485896051737749e-01	8.089990694171420027e-02	3.530404187248256664e-02	8.954181424440794956e-02
1.543248698156035516e+03	2.098672062254337833e-01	1.336823876471878447e-01	2.771915651386580581e-01	1.732475945361152958e-01	8.098276334408563426e-02	3.536165172805667833e-02	8.966683138029156452e-02
1.548086468369690692e+03	2.094237568843119457e-01	1.333821586893375044e-01	2.774733244187712611e-01	1.734454500892450290e-01	8.106518800837728134e-02	3.541898950764370974e-02	8.979113240214206537e-02
1.552924238583346096e+03	2.089828523709986174e-01	1.330835813465100215e-01	2.777534430078723582e-01	1.736421627047977645e-01	8.114718315279927097e-02	3.547605619750038297e-02	8.991472121935036033e-02
1.557762008797001272e+03	2.085444781282937976e-01	1.327866464414839687e-01	2.780319311472115862e-01	1.738377387904007920e-01	8.122875098397869253e-02	3.553285278513155371e-02	9.003760172332835043e-02
1.562599779010656675e+03	2.081086196828355328e-01	1.324913448482413492e-01	2.783087990038225490e-01	1.740321847211767081e-01	8.130989369703600644e-02	3.558938025918557957e-02	9.015977778753095362e-02
1.567437549224311852e+03	2.076752626446018157e-01	1.321976674916847116e-01	2.785840566712035615e-01	1.742255068398468054e-01	8.139061347566046989e-02	3.564563960935183962e-02	9.028125326747939161e-02
1.572275319437967255e+03	2.072443927064153979e-01	1.319056053473560142e-01	2.788577141699910555e-01	1.744177114568354892e-01	8.147091249218443854e-02	3.570163182626041876e-02	9.040203200078571200e-02
1.577113089651622431e+03	2.068159956434521274e-01	1.316151494411567369e-01	2.791297814486249917e-01	1.746088048503754986e-01	8.155079290765679390e-02	3.575735790138385994e-02	9.052211780717848988e-02
1.581950859865277607e+03	2.063900573127522287e-01	1.313262908490695768e-01	2.794002683840070000e-01	1.747987932666137945e-01	8.163025687191531599e-02	3.581281882694094948e-02	9.064151448852965365e-02
1.586788630078933011e+03	2.059665636527348576e-01	1.310390206968815585e-01	2.796691847821504706e-01	1.749876829197185013e-01	8.170930652365812619e-02	3.586801559580251458e-02	9.076022582888251811e-02
1.591626400292587959e+03	2.055455006827158759e-01	1.307533301599086706e-01	2.799365403788236506e-01	1.751754799919861272e-01	8.178794399051422803e-02	3.592294920139920550e-02	9.087825559448078905e-02
1.596464170506243590e+03	2.051268545024286238e-01	1.304692104627219185e-01	2.802023448401848582e-01	1.753621906339500047e-01	8.186617138911309044e-02	3.597762063763122742e-02	9.099560753379881684e-02
1.601301940719898766e+03	2.047106112915478560e-01	1.301866528788746813e-01	2.804666077634108690e-01	1.755478209644891208e-01	8.194399082515341215e-02	3.603203089877991122e-02	9.111228537757268264e-02
1.606139710933553943e+03	2.042967573092167033e-01	1.299056487306317897e-01	2.807293386773176969e-01	1.757323770709375843e-01	8.202140439347095635e-02	3.608618097942119241e-02	9.122829283883254758e-02
1.610977481147209119e+03	2.038852788935767157e-01	1.296261893886996586e-01	2.809905470429747143e-01	1.759158650091950105e-01	8.209841417810563591e-02	3.614007187434094270e-02	9.134363361293579286e-02
1.615815251360864750e+03	2.034761624613008746e-01	1.293482662719583343e-01	2.812502422543111669e-01	1.760982908038371264e-01	8.217502225236777980e-02	3.619370457845200173e-02	9.145831137760122853e-02
1.620653021574519926e+03	2.030693945071296858e-01	1.290718708471943754e-01	2.815084336387163599e-01	1.762796604482272378e-01	8.225123067890345585e-02	3.624708008671308213e-02	9.157232979294424591e-02
1.625490791788175102e+03	2.026649616034103540e-01	1.287969946288356204e-01	2.817651304576327398e-01	1.764599799046282780e-01	8.232704150975922452e-02	3.630019939404929147e-02	9.168569250151288597e-02
1.630328562001830505e+03	2.022628503996384552e-01	1.285236291786871488e-01	2.820203419071422024e-01	1.766392551043152181e-01	8.240245678644601834e-02	3.635306349527447217e-02	9.179840312832480975e-02
1.635166332215485909e+03	2.018630476220030778e-01	1.282517661056686298e-01	2.822740771185459629e-01	1.768174919476881990e-01	8.247747854000224421e-02	3.640567338501505407e-02	9.191046528090511536e-02
1.640004102429141085e+03	2.014655400729345736e-01	1.279813970655531707e-01	2.825263451589375419e-01	1.769946963043858845e-01	8.255210879105633059e-02	3.645803005763567639e-02	9.202188254932504308e-02
1.644841872642796488e+03	2.010703146306553057e-01	1.277125137607074135e-01	2.827771550317695337e-01	1.771708740133996485e-01	8.262634954988837266e-02	3.651013450716633635e-02	9.213265850624151321e-02
1.649679642856451665e+03	2.006773582487331176e-01	1.274451079398332132e-01	2.830265156774139923e-01	1.773460308831879273e-01	8.270020281649126392e-02	3.656198772723115442e-02	9.224279670693746880e-02
1.654517413070107068e+03	2.002866579556378535e-01	1.271791713977103722e-01	2.832744359737161544e-01	1.775201726917911837e-01	8.277367058063099525e-02	3.661359071097859685e-02	9.235230068936294001e-02
1.659355183283762244e+03	1.998982008543004341e-01	1.269146959749411496e-01	2.835209247365425567e-01	1.776933051869470925e-01	8.284675482190645424e-02	3.666494445101333571e-02	9.246117397417701056e-02
1.664192953497417420e+03	1.995119741216751230e-01	1.266516735576957431e-01	2.837659907203224363e-01	1.778654340862063366e-01	8.291945750980846130e-02	3.671604993932950367e-02	9.256942006479040863e-02
1.669030723711072824e+03	1.991279650083040698e-01	1.263900960774593796e-01	2.840096426185833023e-01	1.780365650770486807e-01	8.299178060377826460e-02	3.676690816724543370e-02	9.267704244740887498e-02
1.673868493924728000e+03	1.987461608378850164e-01	1.261299555107806558e-01	2.842518890644805118e-01	1.782067038169992956e-01	8.306372605326534098e-02	3.681752012533984902e-02	9.278404459107726654e-02
1.678706264138383403e+03	1.983665490068416137e-01	1.258712438790212385e-01	2.844927386313210183e-01	1.783758559337456640e-01	8.313529579778472511e-02	3.686788680338941998e-02	9.289042994772427064e-02
1.683544034352038352e+03	1.979891169838963183e-01	1.256139532481069521e-01	2.847321998330810122e-01	1.785440270252545147e-01	8.320649176697358929e-02	3.691800919030775036e-02	9.299620195220781316e-02
1.688381804565693983e+03	1.976138523096461486e-01	1.253580757282799774e-01	2.849702811249182899e-01	1.787112226598892850e-01	8.327731588064743451e-02	3.696788827408567513e-02	9.310136402236118824e-02
1.693219574779349159e+03	1.972407425961410499e-01	1.251036034738528258e-01	2.852069909036782924e-01	1.788774483765277201e-01	8.334777004885553231e-02	3.701752504173289049e-02	9.320591955903967385e-02
1.698057344993004335e+03	1.968697755264649241e-01	1.248505286829631189e-01	2.854423375083952052e-01	1.790427096846798072e-01	8.341785617193599178e-02	3.706692047922093697e-02	9.330987194616792435e-02
1.702895115206659511e+03	1.965009388543193791e-01	1.245988435973300196e-01	2.856763292207871729e-01	1.792070120646059583e-01	8.348757614057020215e-02	3.711607557142738989e-02	9.341322455078779341e-02
1.707732885420315142e+03	1.961342204036098102e-01	1.243485405020118700e-01	2.859089742657458522e-01	1.793703609674353050e-01	8.355693183583677575e-02	3.716499130208136131e-02	9.351598072310689236e-02
1.712570655633970318e+03	1.957696080680344786e-01	1.240996117251650793e-01	2.861402808118211905e-01	1.795327618152843807e-01	8.362592512926493582e-02	3.721366865371021626e-02	9.361814379654756491e-02
1.717408425847625494e+03	1.954070898106757825e-01	1.238520496378043845e-01	2.863702569717002655e-01	1.796942200013758872e-01	8.369455788288748810e-02	3.726210860758751020e-02	9.371971708779647248e-02
1.722246196061280898e+03	1.950466536635944159e-01	1.236058466535643885e-01	2.865989108026812393e-01	1.798547408901577382e-01	8.376283194929322329e-02	3.731031214368209920e-02	9.382070389685469303e-02
1.727083966274936301e+03	1.946882877274258017e-01	1.233609952284623057e-01	2.868262503071419833e-01	1.800143298174219364e-01	8.383074917167888940e-02	3.735828024060842967e-02	9.392110750708838884e-02
1.731921736488591478e+03	1.943319801709791905e-01	1.231174878606620671e-01	2.870522834330037631e-01	1.801729920904242277e-01	8.389831138390070608e-02	3.740601387557795227e-02	9.402093118527982130e-02
1.736759506702246881e+03	1.939777192308392573e-01	1.228753170902397301e-01	2.872770180741894830e-01	1.803307329880031729e-01	8.396552041052532389e-02	3.745351402435171534e-02	9.412017818167897620e-02
1.741597276915902057e+03	1.936254932109700566e-01	1.226344754989499575e-01	2.875004620710776004e-01	1.804875577606999404e-01	8.403237806688045042e-02	3.750078166119400619e-02	9.421885173005563330e-02
1.746435047129557461e+03	1.932752904823216433e-01	1.223949557099940494e-01	2.877226232109503790e-01	1.806434716308777388e-01	8.409888615910496301e-02	3.754781775882708172e-02	9.431695504775178263e-02
1.751272817343212637e+03	1.929270994824389407e-01	1.221567503877889482e-01	2.879435092284376996e-01	1.807984797928417486e-01	8.416504648419863288e-02	3.759462328838698852e-02	9.441449133573458219e-02
1.756110587556867813e+03	1.925809087150731624e-01	1.219198522377376581e-01	2.881631278059564871e-01	1.809525874129586931e-01	8.423086083007137737e-02	3.764119921938043067e-02	9.451146377864969028e-02
1.760948357770523216e+03	1.922367067497956217e-01	1.216842540060008721e-01	2.883814865741442524e-01	1.811057996297769646e-01	8.429633097559209587e-02	3.768754651964262986e-02	9.460787554487501416e-02
1.765786127984178393e+03	1.918944822216138990e-01	1.214499484792697787e-01	2.885985931122891923e-01	1.812581215541463620e-01	8.436145869063720049e-02	3.773366615529620549e-02	9.470372978657481955e-02
1.770623898197833569e+03	1.915542238305903422e-01	1.212169284845401873e-01	2.888144549487549617e-01	1.814095582693380504e-01	8.442624573613856376e-02	3.777955909071107482e-02	9.479902963975421482e-02
1.775461668411488745e+03	1.912159203414631747e-01	1.209851868888878190e-01	2.890290795614011699e-01	1.815601148311646318e-01	8.449069386413124438e-02	3.782522628846526902e-02	9.489377822431403764e-02
1.780299438625144376e+03	1.908795605832696030e-01	1.207547165992448046e-01	2.892424743779992147e-01	1.817097962681000767e-01	8.455480481780076885e-02	3.787066870930674151e-02	9.498797864410606084e-02
1.785137208838799552e+03	1.905451334489714765e-01	1.205255105621774320e-01	2.894546467766439535e-01	1.818586075813997949e-01	8.461858033152994119e-02	3.791588731211609914e-02	9.508163398698854518e-02
1.789974979052454728e+03	1.902126278950831417e-01	1.202975617636650729e-01	2.896656040861606551e-01	1.820065537452205395e-01	8.468202213094550013e-02	3.796088305387024242e-02	9.517474732488208355e-02
1.794812749266109904e+03	1.898820329413017094e-01	1.200708632288803313e-01	2.898753535865080111e-01	1.821536397067403112e-01	8.474513193296413782e-02	3.800565688960691468e-02	9.526732171382579217e-02
1.799650519479765535e+03	1.895533376701394601e-01	1.198454080219703566e-01	2.900839025091765944e-01	1.822998703862784842e-01	8.480791144583837982e-02	3.805020977239013252e-02	9.535936019403379316e-02
1.804488289693420711e+03	1.892265312265586641e-01	1.196211892458393933e-01	2.902912580375831553e-01	1.824452506774154603e-01	8.487036236920202092e-02	3.809454265327651135e-02	9.545086578995193305e-02
1.809326059907075887e+03	1.889016028176084827e-01	1.193982000419324674e-01	2.904974273074610314e-01	1.825897854471126569e-01	8.493248639411520029e-02	3.813865648128238889e-02	9.554184151031487604e-02
1.814163830120731291e+03	1.885785417120641461e-01	1.191764335900202532e-01	2.907024174072460054e-01	1.827334795358321884e-01	8.499428520310921276e-02	3.818255220335184386e-02	9.563229034820336372e-02
1.819001600334386467e+03	1.882573372400684897e-01	1.189558831079851609e-01	2.909062353784586108e-01	1.828763377576565763e-01	8.505576047023090391e-02	3.822623076432547090e-02	9.572221528110178013e-02
1.823839370548041643e+03	1.879379787927754897e-01	1.187365418516084792e-01	2.911088882160820512e-01	1.830183649004083202e-01	8.511691386108674595e-02	3.826969310691002296e-02	9.581161927095592501e-02
1.828677140761696819e+03	1.876204558219959906e-01	1.185184031143588362e-01	2.913103828689362351e-01	1.831595657257693854e-01	8.517774703288671923e-02	3.831294017164883769e-02	9.590050526423100907e-02
1.833514910975352450e+03	1.873047578398458202e-01	1.183014602271816734e-01	2.915107262400482568e-01	1.832999449694006910e-01	8.523826163448761095e-02	3.835597289689298556e-02	9.598887619196996845e-02
1.838352681189008081e+03	1.869908744183958749e-01	1.180857065582899545e-01	2.917099251870185483e-01	1.834395073410612642e-01	8.529845930643632779e-02	3.839879221877322973e-02	9.607673496985182082e-02
1.843190451402663257e+03	1.866787951893242314e-01	1.178711355129559296e-01	2.919079865223836445e-01	1.835782575247274506e-01	8.535834168101263941e-02	3.844139907117275629e-02	9.616408449825034066e-02
1.848028221616318433e+03	1.863685098435706455e-01	1.176577405333041754e-01	2.921049170139749518e-01	1.837162001787119581e-01	8.541791038227174171e-02	3.848379438570057043e-02	9.625092766229288721e-02
1.852865991829973609e+03	1.860600081309930487e-01	1.174455150981056073e-01	2.923007233852740194e-01	1.838533399357826503e-01	8.547716702608650075e-02	3.852597909166565610e-02	9.633726733191942670e-02
1.857703762043628785e+03	1.857532798600260160e-01	1.172344527225727545e-01	2.924954123157637031e-01	1.839896814032814243e-01	8.553611322018944696e-02	3.856795411605185020e-02	9.642310636194167950e-02
1.862541532257283961e+03	1.854483148973415096e-01	1.170245469581560616e-01	2.926889904412764420e-01	1.841252291632425320e-01	8.559475056421436689e-02	3.860972038349341079e-02	9.650844759210244761e-02
1.867379302470939592e+03	1.851451031675115377e-01	1.168157913923413282e-01	2.928814643543384832e-01	1.842599877725113189e-01	8.565308064973771451e-02	3.865127881625122358e-02	9.659329384713513655e-02
1.872217072684594768e+03	1.848436346526729224e-01	1.166081796484482874e-01	2.930728406045106649e-01	1.843939617628621019e-01	8.571110506031973109e-02	3.869263033418973707e-02	9.667764793682336044e-02
1.877054842898249490e+03	1.845438993921940385e-01	1.164017053854302514e-01	2.932631256987255908e-01	1.845271556411164360e-01	8.576882537154525976e-02	3.873377585475454299e-02	9.676151265606064422e-02
1.881892613111905121e+03	1.842458874823438009e-01	1.161963622976748822e-01	2.934523261016219187e-01	1.846595738892609084e-01	8.582624315106426871e-02	3.877471629295056038e-02	9.684489078491041736e-02
1.886730383325560297e+03	1.839495890759623165e-01	1.159921441148060312e-01	2.936404482358747070e-01	1.847912209645647674e-01	8.588335995863217998e-02	3.881545256132088589e-02	9.692778508866586873e-02
1.891568153539215928e+03	1.836549943821337849e-01	1.157890446014866875e-01	2.938274984825225422e-01	1.849221012996973834e-01	8.594017734614989301e-02	3.885598556992630320e-02	9.701019831791016235e-02
1.896405923752871104e+03	1.833620936658612588e-01	1.155870575572229830e-01	2.940134831812916683e-01	1.850522193028455165e-01	8.599669685770351679e-02	3.889631622632529206e-02	9.709213320857654206e-02
1.901243693966526507e+03	1.830708772477433188e-01	1.153861768161693196e-01	2.941984086309163415e-01	1.851815793578302782e-01	8.605292002960392150e-02	3.893644543555476595e-02	9.717359248200869992e-02
1.906081464180181683e+03	1.827813355036530807e-01	1.151863962469344971e-01	2.943822810894567432e-01	1.853101858242240108e-01	8.610884839042592942e-02	3.897637410011133008e-02	9.725457884502106132e-02
1.910919234393836859e+03	1.824934588644184508e-01	1.149877097523889641e-01	2.945651067746126173e-01	1.854380430374667488e-01	8.616448346104742251e-02	3.901610311993310848e-02	9.733509498995927822e-02
1.915757004607492036e+03	1.822072378155050187e-01	1.147901112694730830e-01	2.947468918640349100e-01	1.855651553089825989e-01	8.621982675468801982e-02	3.905563339238213305e-02	9.741514359476075025e-02
1.920594774821147894e+03	1.819226628967004211e-01	1.145935947690065460e-01	2.949276424956335796e-01	1.856915269262958412e-01	8.627487977694762999e-02	3.909496581222738493e-02	9.749472732301513178e-02
1.925432545034802843e+03	1.816397247018007588e-01	1.143981542554986519e-01	2.951073647678824630e-01	1.858171621531467255e-01	8.632964402584474006e-02	3.913410127162821051e-02	9.757384882402499182e-02
1.930270315248458019e+03	1.813584138782987909e-01	1.142037837669598599e-01	2.952860647401214234e-01	1.859420652296069898e-01	8.638412099185448223e-02	3.917304066011846608e-02	9.765251073286648764e-02
1.935108085462113195e+03	1.810787211270742381e-01	1.140104773747142169e-01	2.954637484328553332e-01	1.860662403721952962e-01	8.643831215794638145e-02	3.921178486459100249e-02	9.773071567045003849e-02
1.939945855675768371e+03	1.808006372020857233e-01	1.138182291832128268e-01	2.956404218280498375e-01	1.861896917739921942e-01	8.649221899962201976e-02	3.925033476928281584e-02	9.780846624358106867e-02
1.944783625889424002e+03	1.805241529100646281e-01	1.136270333298484286e-01	2.958160908694247859e-01	1.863124236047548898e-01	8.654584298495228423e-02	3.928869125576061466e-02	9.788576504502081999e-02
1.949621396103079178e+03	1.802492591102107800e-01	1.134368839847709753e-01	2.959907614627442229e-01	1.864344400110318212e-01	8.659918557461467048e-02	3.932685520290692127e-02	9.796261465354701159e-02
1.954459166316734354e+03	1.799759467138901115e-01	1.132477753507041690e-01	2.961644394761040466e-01	1.865557451162766500e-01	8.665224822193001719e-02	3.936482748690664502e-02	9.803901763401474956e-02
1.959296936530389530e+03	1.797042066843337893e-01	1.130597016627630791e-01	2.963371307402161703e-01	1.866763430209625596e-01	8.670503237289932386e-02	3.940260898123415512e-02	9.811497653741725611e-02
1.964134706744044706e+03	1.794340300363395091e-01	1.128726571882727181e-01	2.965088410486909631e-01	1.867962378026954973e-01	8.675753946624017998e-02	3.944020055664078372e-02	9.819049390094668206e-02
1.968972476957700337e+03	1.791654078359744551e-01	1.126866362265876026e-01	2.966795761583157498e-01	1.869154335163277225e-01	8.680977093342301387e-02	3.947760308114283551e-02	9.826557224805489155e-02
1.973810247171355968e+03	1.788983312002798143e-01	1.125016331089124244e-01	2.968493417893316999e-01	1.870339341940708555e-01	8.686172819870716100e-02	3.951481742001002051e-02	9.834021408851426060e-02
1.978648017385010689e+03	1.786327912969774556e-01	1.123176421981235684e-01	2.970181436257072205e-01	1.871517438456084814e-01	8.691341267917673807e-02	3.955184443575433806e-02	9.841442191847840637e-02
1.983485787598666320e+03	1.783687793441781078e-01	1.121346578885917405e-01	2.971859873154092391e-01	1.872688664582086437e-01	8.696482578477623959e-02	3.958868498811939779e-02	9.848819822054291628e-02
1.988323557812321269e+03	1.781062866100912023e-01	1.119526746060054284e-01	2.973528784706714334e-01	1.873853059968358659e-01	8.701596891834600944e-02	3.962533993407015703e-02	9.856154546380609116e-02
1.993161328025976900e+03	1.778453044127367433e-01	1.117716868071955416e-01	2.975188226682606851e-01	1.875010664042631170e-01	8.706684347565742110e-02	3.966181012778310228e-02	9.863446610392963276e-02
1.997999098239632076e+03	1.775858241196585641e-01	1.115916889799608291e-01	2.976838254497398140e-01	1.876161516011830566e-01	8.711745084544798845e-02	3.969809642063679839e-02	9.870696258319920646e-02
2.002836868453287707e+03	1.773278371476395832e-01	1.114126756428943515e-01	2.978478923217288687e-01	1.877305654863192230e-01	8.716779240945615737e-02	3.973419966120290275e-02	9.877903733058510105e-02
2.007674638666942428e+03	1.770713349624185584e-01	1.112346413452109245e-01	2.980110287561635318e-01	1.878443119365370007e-01	8.721786954245590306e-02	3.977012069523751941e-02	9.885069276180273590e-02
2.012512408880597604e+03	1.768163090784086178e-01	1.110575806665755061e-01	2.981732401905507479e-01	1.879573948069538369e-01	8.726768361229128579e-02	3.980586036567295566e-02	9.892193127937314034e-02
2.017350179094252780e+03	1.765627510584173998e-01	1.108814882169325000e-01	2.983345320282226321e-01	1.880698179310495433e-01	8.731723597991061792e-02	3.984141951260989495e-02	9.899275527268343311e-02
2.022187949307908411e+03	1.763106525133689428e-01	1.107063586363360441e-01	2.984949096385874356e-01	1.881815851207760404e-01	8.736652799940057557e-02	3.987679897330987516e-02	9.906316711804713515e-02
2.027025719521564042e+03	1.760600051020271561e-01	1.105321865947812149e-01	2.986543783573780697e-01	1.882927001666668265e-01	8.741556101802007428e-02	3.991199958218819704e-02	9.913316917876448253e-02
2.031863489735218764e+03	1.758108005307209565e-01	1.103589667920362172e-01	2.988129434868990741e-01	1.884031668379459734e-01	8.746433637623393653e-02	3.994702217080716572e-02	9.920276380518266990e-02
2.036701259948874394e+03	1.755630305530710145e-01	1.101866939574754206e-01	2.989706102962703671e-01	1.885129888826370392e-01	8.751285540774646210e-02	3.998186756786967916e-02	9.927195333475601069e-02
2.041539030162529116e+03	1.753166869697182217e-01	1.100153628499133812e-01	2.991273840216691626e-01	1.886221700276713709e-01	8.756111943953470700e-02	4.001653659921317746e-02	9.934074009210593081e-02
2.046376800376184747e+03	1.750717616280535460e-01	1.098449682574398345e-01	2.992832698665697233e-01	1.887307139789961286e-01	8.760912979188166527e-02	4.005103008780392521e-02	9.940912638908105947e-02
2.051214570589840150e+03	1.748282464219497734e-01	1.096755049972554519e-01	2.994382730019806149e-01	1.888386244216821164e-01	8.765688777840921486e-02	4.008534885373159912e-02	9.947711452481705630e-02
2.056052340803495554e+03	1.745861332914946384e-01	1.095069679155086378e-01	2.995923985666800182e-01	1.889459050200308632e-01	8.770439470611093857e-02	4.011949371420425736e-02	9.954470678579641074e-02
2.060890111017150957e+03	1.743454142227255088e-01	1.093393518871332015e-01	2.997456516674486537e-01	1.890525594176817592e-01	8.775165187538473688e-02	4.015346548354359335e-02	9.961190544590821372e-02
2.065727881230805451e+03	1.741060812473658737e-01	1.091726518156869302e-01	2.998980373793007081e-01	1.891585912377186651e-01	8.779866058006528806e-02	4.018726497318049484e-02	9.967871276650766554e-02
2.070565651444461309e+03	1.738681264425630812e-01	1.090068626331910373e-01	3.000495607457124847e-01	1.892640040827760495e-01	8.784542210745627244e-02	4.022089299165092918e-02	9.974513099647572267e-02
2.075403421658116713e+03	1.736315419306279362e-01	1.088419792999705260e-01	3.002002267788491663e-01	1.893688015351448484e-01	8.789193773836258272e-02	4.025435034459213385e-02	9.981116237227830035e-02
2.080241191871772116e+03	1.733963198787754623e-01	1.086779968044954692e-01	3.003500404597894691e-01	1.894729871568780477e-01	8.793820874712217350e-02	4.028763783473909149e-02	9.987680911802573891e-02
2.085078962085427065e+03	1.731624524988676084e-01	1.085149101632230384e-01	3.004990067387481312e-01	1.895765644898957103e-01	8.798423640163784143e-02	4.032075626192128254e-02	9.994207344553189543e-02
2.089916732299082469e+03	1.729299320471571200e-01	1.083527144204406156e-01	3.006471305352962364e-01	1.896795370560896699e-01	8.803002196340886654e-02	4.035370642305975697e-02	1.000069575543731798e-01
2.094754502512737417e+03	1.726987508240332148e-01	1.081914046481096264e-01	3.007944167385801504e-01	1.897819083574280030e-01	8.807556668756241769e-02	4.038648911216444204e-02	1.000714636319475215e-01
2.099592272726392821e+03	1.724689011737685629e-01	1.080309759457103030e-01	3.009408702075377362e-01	1.898836818760589740e-01	8.812087182288486087e-02	4.041910512033177610e-02	1.001355938535331835e-01
2.104430042940048224e+03	1.722403754842676549e-01	1.078714234400872801e-01	3.010864957711130718e-01	1.899848610744144795e-01	8.816593861185285930e-02	4.045155523574254369e-02	1.001993503823474380e-01
2.109267813153704083e+03	1.720131661868170847e-01	1.077127422852960925e-01	3.012312982284691132e-01	1.900854493953134661e-01	8.821076829066430702e-02	4.048384024366004363e-02	1.002627353696051160e-01
2.114105583367359031e+03	1.717872657558368321e-01	1.075549276624504919e-01	3.013752823491985811e-01	1.901854502620646814e-01	8.825536208926920700e-02	4.051596092642845842e-02	1.003257509545770199e-01
2.118943353581013525e+03	1.715626667086331825e-01	1.073979747795706097e-01	3.015184528735325165e-01	1.902848670785690366e-01	8.829972123140020224e-02	4.054791806347149419e-02	1.003883992646482370e-01
2.123781123794669384e+03	1.713393616051531732e-01	1.072418788714320087e-01	3.016608145125476703e-01	1.903837032294217191e-01	8.834384693460312077e-02	4.057971243129129130e-02	1.004506824153762745e-01
2.128618894008324787e+03	1.711173430477405111e-01	1.070866351994155530e-01	3.018023719483714506e-01	1.904819620800138891e-01	8.838774041026731254e-02	4.061134480346754311e-02	1.005126025105490400e-01
2.133456664221980191e+03	1.708966036808926003e-01	1.069322390513580828e-01	3.019431298343853154e-01	1.905796469766338208e-01	8.843140286365580582e-02	4.064281595065685759e-02	1.005741616422427959e-01
2.138294434435635139e+03	1.706771361910194851e-01	1.067786857414039781e-01	3.020830927954264444e-01	1.906767612465678774e-01	8.847483549393528324e-02	4.067412664059237570e-02	1.006353618908797792e-01
2.143132204649290543e+03	1.704589333062037082e-01	1.066259706098574983e-01	3.022222654279874687e-01	1.907733081982010137e-01	8.851803949420605777e-02	4.070527763808360483e-02	1.006962053252858230e-01
2.147969974862945492e+03	1.702419877959620576e-01	1.064740890230360254e-01	3.023606523004143121e-01	1.908692911211168075e-01	8.856101605153170186e-02	4.073626970501643962e-02	1.007566940027477959e-01
2.152807745076601350e+03	1.700262924710083667e-01	1.063230363731239719e-01	3.024982579531026450e-01	1.909647132861971575e-01	8.860376634696863485e-02	4.076710360035346731e-02	1.008168299690707925e-01
2.157645515290255844e+03	1.698118401830176760e-01	1.061728080780277306e-01	3.026350868986926179e-01	1.910595779457215926e-01	8.864629155559558549e-02	4.079778008013444646e-02	1.008766152586353521e-01
2.162483285503912157e+03	1.695986238243921418e-01	1.060233995812311925e-01	3.027711436222613739e-01	1.911538883334661376e-01	8.868859284654280473e-02	4.082829989747698701e-02	1.009360518944543428e-01
2.167321055717567106e+03	1.693866363280279452e-01	1.058748063516522786e-01	3.029064325815143954e-01	1.912476476648017898e-01	8.873067138302126455e-02	4.085866380257748010e-02	1.009951418882297919e-01
2.172158825931222509e+03	1.691758706670837276e-01	1.057270238835001236e-01	3.030409582069750196e-01	1.913408591367927736e-01	8.877252832235159319e-02	4.088887254271216659e-02	1.010538872404095206e-01
2.176996596144877003e+03	1.689663198547503575e-01	1.055800476961331474e-01	3.031747249021723434e-01	1.914335259282940738e-01	8.881416481599288537e-02	4.091892686223846248e-02	1.011122899402436270e-01
2.181834366358532861e+03	1.687579769440220312e-01	1.054338733339178352e-01	3.033077370438275189e-01	1.915256512000488021e-01	8.885558200957149877e-02	4.094882750259643683e-02	1.011703519658407463e-01
2.186672136572187810e+03	1.685508350274687872e-01	1.052884963660884327e-01	3.034399989820382171e-01	1.916172380947850640e-01	8.889678104290954508e-02	4.097857520231051182e-02	1.012280752842242559e-01
2.191509906785843214e+03	1.683448872370101879e-01	1.051439123866072939e-01	3.035715150404620921e-01	1.917082897373124650e-01	8.893776305005328398e-02	4.100817069699131540e-02	1.012854618513882032e-01
2.196347676999498617e+03	1.681401267436904434e-01	1.050001170140261036e-01	3.037022895164977476e-01	1.917988092346182005e-01	8.897852915930144768e-02	4.103761471933772137e-02	1.013425136123531634e-01
2.201185447213154021e+03	1.679365467574548965e-01	1.048571058913478349e-01	3.038323266814650370e-01	1.918887996759628123e-01	8.901908049323334349e-02	4.106690799913910450e-02	1.013992325012218060e-01
2.206023217426809424e+03	1.677341405269275609e-01	1.047148746858894280e-01	3.039616307807834761e-01	1.919782641329753903e-01	8.905941816873684524e-02	4.109605126327769975e-02	1.014556204412343787e-01
2.210860987640464373e+03	1.675329013391903821e-01	1.045734190891454002e-01	3.040902060341489355e-01	1.920672056597484967e-01	8.909954329703628773e-02	4.112504523573121129e-02	1.015116793448240240e-01
2.215698757854119776e+03	1.673328225195633567e-01	1.044327348166520231e-01	3.042180566357092220e-01	1.921556272929326181e-01	8.913945698372018056e-02	4.115389063757553256e-02	1.015674111136718460e-01
2.220536528067775180e+03	1.671338974313860692e-01	1.042928176078523617e-01	3.043451867542378286e-01	1.922435320518302293e-01	8.917916032876876953e-02	4.118258818698761897e-02	1.016228176387618393e-01
2.225374298281430583e+03	1.669361194758007538e-01	1.041536632259621037e-01	3.044716005333065190e-01	1.923309229384895513e-01	8.921865442658148682e-02	4.121113859924859651e-02	1.016779008004356361e-01
2.230212068495085077e+03	1.667394820915362175e-01	1.040152674578360414e-01	3.045973020914563012e-01	1.924178029377976717e-01	8.925794036600433190e-02	4.123954258674693979e-02	1.017326624684471298e-01
2.235049838708740936e+03	1.665439787546933170e-01	1.038776261138353585e-01	3.047222955223667928e-01	1.925041750175736088e-01	8.929701923035701649e-02	4.126780085898183043e-02	1.017871045020167509e-01
2.239887608922396339e+03	1.663496029785315189e-01	1.037407350276956797e-01	3.048465848950244195e-01	1.925900421286605158e-01	8.933589209746001236e-02	4.129591412256670979e-02	1.018412287498857427e-01
2.244725379136052197e+03	1.661563483132568186e-01	1.036045900563958150e-01	3.049701742538893923e-01	1.926754072050179400e-01	8.937456003966144646e-02	4.132388308123292192e-02	1.018950370503701880e-01
2.249563149349706237e+03	1.659642083458107709e-01	1.034691870800272528e-01	3.050930676190607427e-01	1.927602731638133615e-01	8.941302412386399612e-02	4.135170843583349520e-02	1.019485312314148129e-01
2.254400919563362095e+03	1.657731766996608236e-01	1.033345220016644306e-01	3.052152689864404689e-01	1.928446429055134803e-01	8.945128541155146495e-02	4.137939088434711837e-02	1.020017131106466107e-01
2.259238689777017044e+03	1.655832470345919294e-01	1.032005907472355738e-01	3.053367823278960169e-01	1.929285193139750054e-01	8.948934495881534501e-02	4.140693112188219976e-02	1.020545844954282994e-01
2.264076459990672902e+03	1.653944130464992390e-01	1.030673892653945212e-01	3.054576115914214851e-01	1.930119052565351379e-01	8.952720381638121228e-02	4.143432984068108615e-02	1.021071471829116395e-01
