1.001418434226643626e+03	2.798485417553331356e-01	1.804807036104948970e-01	2.348782234784475287e-01	1.409822591257705038e-01	6.806940506919473277e-02	2.683148527023319560e-02	6.890938169035494554e-02
1.002869765290740247e+03	2.795929255308002293e-01	1.803145688038747252e-01	2.350610474266300043e-01	1.410868412544260819e-01	6.811242938704402394e-02	2.685785761393815266e-02	6.897432998311572860e-02
1.004321096354836754e+03	2.793377447009889325e-01	1.801487148161875218e-01	2.352435606327938911e-01	1.411912279554105032e-01	6.815538046931368665e-02	2.688420215386325487e-02	6.903916927127114189e-02
1.005772427418933376e+03	2.790829985205010577e-01	1.799831411722138397e-01	2.354257636231023298e-01	1.412954196382921745e-01	6.819825844178133145e-02	2.691051887440706544e-02	6.910389972953118187e-02
1.007223758483029997e+03	2.788286862452320491e-01	1.798178473975385327e-01	2.356076569228272299e-01	1.413994167116109923e-01	6.824106342999870789e-02	2.693680776022832138e-02	6.916852153239318179e-02
1.008675089547126618e+03	2.785748071323689845e-01	1.796528330185493405e-01	2.357892410563506569e-01	1.415032195828814787e-01	6.828379555929241229e-02	2.696306879624462902e-02	6.923303485414150638e-02
1.010126420611223239e+03	2.783213604403879660e-01	1.794880975624356112e-01	2.359705165471664701e-01	1.416068286585960012e-01	6.832645495476456776e-02	2.698930196763113867e-02	6.929743986884721874e-02
1.011577751675319632e+03	2.780683454290520662e-01	1.793236405571869418e-01	2.361514839178817382e-01	1.417102443442276871e-01	6.836904174129351808e-02	2.701550725981923320e-02	6.936173675036774733e-02
1.013029082739416367e+03	2.778157613594087749e-01	1.791594615315917627e-01	2.363321436902182660e-01	1.418134670442336986e-01	6.841155604353454933e-02	2.704168465849523043e-02	6.942592567234665002e-02
1.014480413803512761e+03	2.775636074937878339e-01	1.789955600152359494e-01	2.365124963850140927e-01	1.419164971620582305e-01	6.845399798592047280e-02	2.706783414959906819e-02	6.949000680821323939e-02
1.015931744867609382e+03	2.773118830957989611e-01	1.788319355385016296e-01	2.366925425222250468e-01	1.420193351001355353e-01	6.849636769266234659e-02	2.709395571932303112e-02	6.955398033118238843e-02
1.017383075931706003e+03	2.770605874303292970e-01	1.786685876325657396e-01	2.368722826209260501e-01	1.421219812598931154e-01	6.853866528775007239e-02	2.712004935411044607e-02	6.961784641425415587e-02
1.018834406995802851e+03	2.768097197635415174e-01	1.785055158293986366e-01	2.370517171993128946e-01	1.422244360417547482e-01	6.858089089495310320e-02	2.714611504065440536e-02	6.968160523021359187e-02
1.020285738059899245e+03	2.765592793628711688e-01	1.783427196617628219e-01	2.372308467747035188e-01	1.423266998451434284e-01	6.862304463782105401e-02	2.717215276589650397e-02	6.974525695163043271e-02
1.021737069123995752e+03	2.763092654970245587e-01	1.781801986632115531e-01	2.374096718635396175e-01	1.424287730684845321e-01	6.866512663968427077e-02	2.719816251702554533e-02	6.980880175085885098e-02
1.023188400188092373e+03	2.760596774359764805e-01	1.780179523680875675e-01	2.375881929813880578e-01	1.425306561092088142e-01	6.870713702365452424e-02	2.722414428147629586e-02	6.987223980003721968e-02
1.024639731252188767e+03	2.758105144509678808e-01	1.778559803115216942e-01	2.377664106429423219e-01	1.426323493637554063e-01	6.874907591262557904e-02	2.725009804692822210e-02	6.993557127108784854e-02
1.026091062316285615e+03	2.755617758145035290e-01	1.776942820294315772e-01	2.379443253620241172e-01	1.427338532275748972e-01	6.879094342927377648e-02	2.727602380130423471e-02	6.999879633571677584e-02
1.027542393380382237e+03	2.753134608003499628e-01	1.775328570585202048e-01	2.381219376515848196e-01	1.428351680951322478e-01	6.883273969605868681e-02	2.730192153276943950e-02	7.006191516541347697e-02
1.028993724444478858e+03	2.750655686835331015e-01	1.773717049362747711e-01	2.382992480237068611e-01	1.429362943599098434e-01	6.887446483522366436e-02	2.732779122972990929e-02	7.012492793145071179e-02
1.030445055508575479e+03	2.748180987403358033e-01	1.772108252009652329e-01	2.384762569896052842e-01	1.430372324144104645e-01	6.891611896879640264e-02	2.735363288083141747e-02	7.018783480488426096e-02
1.031896386572671872e+03	2.745710502482959225e-01	1.770502173916429778e-01	2.386529650596291574e-01	1.431379826501602837e-01	6.895770221858955884e-02	2.737944647495824460e-02	7.025063595655273163e-02
1.033347717636768493e+03	2.743244224862039227e-01	1.768898810481395467e-01	2.388293727432631020e-01	1.432385454577118356e-01	6.899921470620125341e-02	2.740523200123192588e-02	7.031333155707734928e-02
1.034799048700865114e+03	2.740782147341004893e-01	1.767298157110652468e-01	2.390054805491287349e-01	1.433389212266468760e-01	6.904065655301570847e-02	2.743098944901004380e-02	7.037592177686173567e-02
1.036250379764961508e+03	2.738324262732745873e-01	1.765700209218080130e-01	2.391812889849861123e-01	1.434391103455795735e-01	6.908202788020376128e-02	2.745671880788500344e-02	7.043840678609175621e-02
1.037701710829058356e+03	2.735870563862610183e-01	1.764104962225318540e-01	2.393567985577352564e-01	1.435391132021591742e-01	6.912332880872337770e-02	2.748242006768283896e-02	7.050078675473531176e-02
1.039153041893154750e+03	2.733421043568382558e-01	1.762512411561756864e-01	2.395320097734174591e-01	1.436389301830730547e-01	6.916455945932026284e-02	2.750809321846199931e-02	7.056306185254211660e-02
1.040604372957251599e+03	2.730975694700260581e-01	1.760922552664519747e-01	2.397069231372169762e-01	1.437385616740497196e-01	6.920571995252833286e-02	2.753373825051214432e-02	7.062523224904361518e-02
1.042055704021347992e+03	2.728534510120836365e-01	1.759335380978453711e-01	2.398815391534622199e-01	1.438380080598616051e-01	6.924681040867028403e-02	2.755935515435296856e-02	7.068729811355267678e-02
1.043507035085444613e+03	2.726097482705069908e-01	1.757750891956115780e-01	2.400558583256274525e-01	1.439372697243280208e-01	6.928783094785810615e-02	2.758494392073299745e-02	7.074925961516358164e-02
1.044958366149541234e+03	2.723664605340269662e-01	1.756169081057758763e-01	2.402298811563340353e-01	1.440363470503181198e-01	6.932878168999359603e-02	2.761050454062841109e-02	7.081111692275172953e-02
1.046409697213637855e+03	2.721235870926069222e-01	1.754589943751318770e-01	2.404036081473520381e-01	1.441352404197535908e-01	6.936966275476887100e-02	2.763603700524186815e-02	7.087287020497355650e-02
1.047861028277734476e+03	2.718811272374406229e-01	1.753013475512402164e-01	2.405770397996015719e-01	1.442339502136117391e-01	6.941047426166686851e-02	2.766154130600133668e-02	7.093451963026638218e-02
1.049312359341831097e+03	2.716390802609499611e-01	1.751439671824272515e-01	2.407501766131542043e-01	1.443324768119282620e-01	6.945121632996188732e-02	2.768701743455891442e-02	7.099606536684821556e-02
1.050763690405927491e+03	2.713974454567828487e-01	1.749868528177838667e-01	2.409230190872345412e-01	1.444308205938000800e-01	6.949188907872001775e-02	2.771246538278968052e-02	7.105750758271768552e-02
1.052215021470024112e+03	2.711562221198108302e-01	1.748300040071639472e-01	2.410955677202215319e-01	1.445289819373883067e-01	6.953249262679966902e-02	2.773788514279052625e-02	7.111884644565381886e-02
1.053666352534120733e+03	2.709154095461272505e-01	1.746734203011833242e-01	2.412678230096499676e-01	1.446269612199209409e-01	6.957302709285209663e-02	2.776327670687901705e-02	7.118008212321601247e-02
1.055117683598217127e+03	2.706750070330446456e-01	1.745171012512183872e-01	2.414397854522119247e-01	1.447247588176958089e-01	6.961349259532183253e-02	2.778864006759223723e-02	7.124121478274379748e-02
1.056569014662313975e+03	2.704350138790928004e-01	1.743610464094047519e-01	2.416114555437581524e-01	1.448223751060832842e-01	6.965388925244715701e-02	2.781397521768564848e-02	7.130224459135681148e-02
1.058020345726410369e+03	2.701954293840166388e-01	1.742052553286360661e-01	2.417828337792994331e-01	1.449198104595292580e-01	6.969421718226061213e-02	2.783928215013195193e-02	7.136317171595464581e-02
1.059471676790506763e+03	2.699562528487738922e-01	1.740497275625626783e-01	2.419539206530081921e-01	1.450170652515577474e-01	6.973447650258944586e-02	2.786456085811996053e-02	7.142399632321670688e-02
1.060923007854603611e+03	2.697174835755330458e-01	1.738944626655903603e-01	2.421247166582197741e-01	1.451141398547738659e-01	6.977466733105604224e-02	2.788981133505347848e-02	7.148471857960216058e-02
1.062374338918700232e+03	2.694791208676709515e-01	1.737394601928790028e-01	2.422952222874338868e-01	1.452110346408664598e-01	6.981478978507849043e-02	2.791503357455015974e-02	7.154533865134976578e-02
1.063825669982796853e+03	2.692411640297710518e-01	1.735847197003413944e-01	2.424654380323160718e-01	1.453077499806110506e-01	6.985484398187093158e-02	2.794022757044040128e-02	7.160585670447786044e-02
1.065277001046893474e+03	2.690036123676209368e-01	1.734302407446418615e-01	2.426353643836990370e-01	1.454042862438723882e-01	6.989483003844405851e-02	2.796539331676624329e-02	7.166627290478418122e-02
1.066728332110990095e+03	2.687664651882102906e-01	1.732760228831951577e-01	2.428050018315841274e-01	1.455006437996074209e-01	6.993474807160555973e-02	2.799053080778024505e-02	7.172658741784584957e-02
1.068179663175086489e+03	2.685297217997287822e-01	1.731220656741650210e-01	2.429743508651427408e-01	1.455968230158679044e-01	6.997459819796057745e-02	2.801564003794438512e-02	7.178680040901923298e-02
1.069630994239183110e+03	2.682933815115638443e-01	1.729683686764629524e-01	2.431434119727177157e-01	1.456928242598031775e-01	7.001438053391211003e-02	2.804072100192896849e-02	7.184691204343988946e-02
1.071082325303279504e+03	2.680574436342984534e-01	1.728149314497470224e-01	2.433121856418246909e-01	1.457886478976629652e-01	7.005409519566146992e-02	2.806577369461153021e-02	7.190692248602245651e-02
1.072533656367376352e+03	2.678219074797093535e-01	1.726617535544205662e-01	2.434806723591536048e-01	1.458842942947999877e-01	7.009374229920875554e-02	2.809079811107575292e-02	7.196683190146062337e-02
1.073984987431472746e+03	2.675867723607645021e-01	1.725088345516308241e-01	2.436488726105699998e-01	1.459797638156727362e-01	7.013332196035321209e-02	2.811579424661037399e-02	7.202664045422704775e-02
1.075436318495569594e+03	2.673520375916210723e-01	1.723561740032678591e-01	2.438167868811164651e-01	1.460750568238481373e-01	7.017283429469374501e-02	2.814076209670810999e-02	7.208634830857325870e-02
1.076887649559666215e+03	2.671177024876236206e-01	1.722037714719631962e-01	2.439844156550140530e-01	1.461701736820042730e-01	7.021227941762922531e-02	2.816570165706458462e-02	7.214595562852964272e-02
1.078338980623762609e+03	2.668837663653015890e-01	1.720516265210885465e-01	2.441517594156636661e-01	1.462651147519330730e-01	7.025165744435901694e-02	2.819061292357725665e-02	7.220546257790536049e-02
1.079790311687859230e+03	2.666502285423674179e-01	1.718997387147546407e-01	2.443188186456473898e-01	1.463598803945430071e-01	7.029096848988335144e-02	2.821549589234436523e-02	7.226486932028831911e-02
1.081241642751955851e+03	2.664170883377143251e-01	1.717481076178098975e-01	2.444855938267299356e-01	1.464544709698617220e-01	7.033021266900375823e-02	2.824035055966385432e-02	7.232417601904504723e-02
1.082692973816052472e+03	2.661843450714142523e-01	1.715967327958391742e-01	2.446520854398600009e-01	1.465488868370386777e-01	7.036939009632342534e-02	2.826517692203232152e-02	7.238338283732075051e-02
1.084144304880149093e+03	2.659519980647156445e-01	1.714456138151626008e-01	2.448182939651717127e-01	1.466431283543477848e-01	7.040850088624767134e-02	2.828997497614397713e-02	7.244248993803918679e-02
1.085595635944245487e+03	2.657200466400416738e-01	1.712947502428342483e-01	2.449842198819858763e-01	1.467371958791901243e-01	7.044754515298431996e-02	2.831474471888958261e-02	7.250149748390267990e-02
1.087046967008342108e+03	2.654884901209879078e-01	1.711441416466409626e-01	2.451498636688115296e-01	1.468310897680965565e-01	7.048652301054411651e-02	2.833948614735541313e-02	7.256040563739205029e-02
1.088498298072438729e+03	2.652573278323200889e-01	1.709937875951010600e-01	2.453152258033471644e-01	1.469248103767302194e-01	7.052543457274111638e-02	2.836419925882222720e-02	7.261921456076662895e-02
1.089949629136535123e+03	2.650265590999723586e-01	1.708436876574631336e-01	2.454803067624822532e-01	1.470183580598893869e-01	7.056427995319308755e-02	2.838888405076422927e-02	7.267792441606413245e-02
1.091400960200631971e+03	2.647961832510449254e-01	1.706938414037047769e-01	2.456451070222984145e-01	1.471117331715097731e-01	7.060305926532187137e-02	2.841354052084803239e-02	7.273653536510077400e-02
1.092852291264728365e+03	2.645661996138022887e-01	1.705442484045313623e-01	2.458096270580709397e-01	1.472049360646674188e-01	7.064177262235384058e-02	2.843816866693164511e-02	7.279504756947111077e-02
1.094303622328825213e+03	2.643366075176707963e-01	1.703949082313748198e-01	2.459738673442701806e-01	1.472979670915810224e-01	7.068042013732023232e-02	2.846276848706345147e-02	7.285346119054809944e-02
1.095754953392921607e+03	2.641074062932367572e-01	1.702458204563924438e-01	2.461378283545627987e-01	1.473908266036146886e-01	7.071900192305756450e-02	2.848733997948118754e-02	7.291177638948308226e-02
1.097206284457018228e+03	2.638785952722446648e-01	1.700969846524656159e-01	2.463015105618132083e-01	1.474835149512804255e-01	7.075751809220799660e-02	2.851188314261093523e-02	7.296999332720573161e-02
1.098657615521114849e+03	2.636501737875944218e-01	1.699484003931985288e-01	2.464649144380849088e-01	1.475760324842407267e-01	7.079596875721977378e-02	2.853639797506611619e-02	7.302811216442409159e-02
1.100108946585211470e+03	2.634221411733400631e-01	1.698000672529170474e-01	2.466280404546418170e-01	1.476683795513110964e-01	7.083435403034749056e-02	2.856088447564648913e-02	7.308613306162452250e-02
1.101560277649308091e+03	2.631944967646872025e-01	1.696519848066675717e-01	2.467908890819497381e-01	1.477605565004626587e-01	7.087267402365257651e-02	2.858534264333714714e-02	7.314405617907174251e-02
1.103011608713404712e+03	2.629672398979910897e-01	1.695041526302155654e-01	2.469534607896775313e-01	1.478525636788245168e-01	7.091092884900361548e-02	2.860977247730753584e-02	7.320188167680877211e-02
1.104462939777501106e+03	2.627403699107547785e-01	1.693565703000445288e-01	2.471157560466985814e-01	1.479444014326865287e-01	7.094911861807676190e-02	2.863417397691044031e-02	7.325960971465700355e-02
1.105914270841597499e+03	2.625138861416268510e-01	1.692092373933547500e-01	2.472777753210922136e-01	1.480360701075016383e-01	7.098724344235605999e-02	2.865854714168103445e-02	7.331724045221617303e-02
1.107365601905694348e+03	2.622877879303993631e-01	1.690621534880620835e-01	2.474395190801448319e-01	1.481275700478884016e-01	7.102530343313381844e-02	2.868289197133585752e-02	7.337477404886436072e-02
1.108816932969790741e+03	2.620620746180060689e-01	1.689153181627966738e-01	2.476009877903515011e-01	1.482189015976335955e-01	7.106329870151104067e-02	2.870720846577187388e-02	7.343221066375800465e-02
1.110268264033887590e+03	2.618367455465200888e-01	1.687687309969019001e-01	2.477621819174170847e-01	1.483100650996945213e-01	7.110122935839768843e-02	2.873149662506548768e-02	7.348955045583192847e-02
1.111719595097984211e+03	2.616118000591521331e-01	1.686223915704330445e-01	2.479231019262577440e-01	1.484010608962016697e-01	7.113909551451313984e-02	2.875575644947156451e-02	7.354679358379938303e-02
1.113170926162080832e+03	2.613872375002483373e-01	1.684762994641560430e-01	2.480837482810021866e-01	1.484918893284611352e-01	7.117689728038652242e-02	2.877998793942248071e-02	7.360394020615200483e-02
1.114622257226177226e+03	2.611630572152882634e-01	1.683304542595464581e-01	2.482441214449929712e-01	1.485825507369570031e-01	7.121463476635701839e-02	2.880419109552715198e-02	7.366099048115987147e-02
1.116073588290273847e+03	2.609392585508829021e-01	1.681848555387881194e-01	2.484042218807879787e-01	1.486730454613538477e-01	7.125230808257426718e-02	2.882836591857008968e-02	7.371794456687155717e-02
1.117524919354370468e+03	2.607158408547726736e-01	1.680395028847720407e-01	2.485640500501615779e-01	1.487633738404992301e-01	7.128991733899872618e-02	2.885251240951043628e-02	7.377480262111409115e-02
1.118976250418467089e+03	2.604928034758254296e-01	1.678943958810950599e-01	2.487236064141060687e-01	1.488535362124260852e-01	7.132746264540204550e-02	2.887663056948103213e-02	7.383156480149306866e-02
1.120427581482563710e+03	2.602701457640344551e-01	1.677495341120588401e-01	2.488828914328329034e-01	1.489435329143551368e-01	7.136494411136733163e-02	2.890072039978745094e-02	7.388823126539263708e-02
1.121878912546660331e+03	2.600478670705164697e-01	1.676049171626685375e-01	2.490419055657741854e-01	1.490333642826973670e-01	7.140236184628959148e-02	2.892478190190707690e-02	7.394480216997552369e-02
1.123330243610756725e+03	2.598259667475095180e-01	1.674605446186316904e-01	2.492006492715838073e-01	1.491230306530564320e-01	7.143971595937602392e-02	2.894881507748816793e-02	7.400127767218310504e-02
1.124781574674853118e+03	2.596044441483711940e-01	1.673164160663569988e-01	2.493591230081388943e-01	1.492125323602309372e-01	7.147700655964640826e-02	2.897281992834891198e-02	7.405765792873543474e-02
1.126232905738949967e+03	2.593832986275764196e-01	1.671725310929530750e-01	2.495173272325409974e-01	1.493018697382170190e-01	7.151423375593339571e-02	2.899679645647651113e-02	7.411394309613128506e-02
1.127684236803046360e+03	2.591625295407158358e-01	1.670288892862274166e-01	2.496752624011175370e-01	1.493910431202105926e-01	7.155139765688289799e-02	2.902074466402624828e-02	7.417013333064820246e-02
1.129135567867143209e+03	2.589421362444932484e-01	1.668854902346850466e-01	2.498329289694230237e-01	1.494800528386097949e-01	7.158849837095442037e-02	2.904466455332057814e-02	7.422622878834253535e-02
1.130586898931239830e+03	2.587221180967241851e-01	1.667423335275274587e-01	2.499903273922404745e-01	1.495688992250173710e-01	7.162553600642140861e-02	2.906855612684820095e-02	7.428222962504950344e-02
1.132038229995336451e+03	2.585024744563337307e-01	1.665994187546513405e-01	2.501474581235825778e-01	1.496575826102429230e-01	7.166251067137155428e-02	2.909241938726315688e-02	7.433813599638326719e-02
1.133489561059432845e+03	2.582832046833544171e-01	1.664567455066475465e-01	2.503043216166930818e-01	1.497461033243054351e-01	7.169942247370715560e-02	2.911625433738391708e-02	7.439394805773694164e-02
1.134940892123529466e+03	2.580643081389245586e-01	1.663143133747997104e-01	2.504609183240481540e-01	1.498344616964354670e-01	7.173627152114546435e-02	2.914006098019247121e-02	7.444966596428267969e-02
1.136392223187626087e+03	2.578457841852858645e-01	1.661721219510832737e-01	2.506172486973575753e-01	1.499226580550775401e-01	7.177305792121899120e-02	2.916383931883344272e-02	7.450528987097172762e-02
1.137843554251722708e+03	2.576276321857819962e-01	1.660301708281642086e-01	2.507733131875661270e-01	1.500106927278925251e-01	7.180978178127588041e-02	2.918758935661317985e-02	7.456081993253450835e-02
1.139294885315819101e+03	2.574098515048562907e-01	1.658884595993978528e-01	2.509291122448547018e-01	1.500985660417598622e-01	7.184644320848020127e-02	2.921131109699886402e-02	7.461625630348064919e-02
1.140746216379915950e+03	2.571924415080498738e-01	1.657469878588277712e-01	2.510846463186418576e-01	1.501862783227799758e-01	7.188304230981229503e-02	2.923500454361762854e-02	7.467159913809906513e-02
1.142197547444012343e+03	2.569754015619996057e-01	1.656057552011845624e-01	2.512399158575850389e-01	1.502738298962764674e-01	7.191957919206909411e-02	2.925866970025566699e-02	7.472684859045805594e-02
1.143648878508108737e+03	2.567587310344364160e-01	1.654647612218847486e-01	2.513949213095816315e-01	1.503612210867985022e-01	7.195605396186448288e-02	2.928230657085735197e-02	7.478200481440530623e-02
1.145100209572205586e+03	2.565424292941831941e-01	1.653240055170295264e-01	2.515496631217706280e-01	1.504484522181230577e-01	7.199246672562958915e-02	2.930591515952436429e-02	7.483706796356806579e-02
1.146551540636302207e+03	2.563264957111527353e-01	1.651834876834036847e-01	2.517041417405336823e-01	1.505355236132571994e-01	7.202881758961311720e-02	2.932949547051480130e-02	7.489203819135310802e-02
1.148002871700398828e+03	2.561109296563461868e-01	1.650432073184744663e-01	2.518583576114963862e-01	1.506224355944403848e-01	7.206510665988169473e-02	2.935304750824233727e-02	7.494691565094691033e-02
1.149454202764495449e+03	2.558957305018506045e-01	1.649031640203903470e-01	2.520123111795296023e-01	1.507091884831466555e-01	7.210133404232017817e-02	2.937657127727532833e-02	7.500170049531565408e-02
1.150905533828591842e+03	2.556808976208374551e-01	1.647633573879798419e-01	2.521660028887508509e-01	1.507957826000869972e-01	7.213749984263195802e-02	2.940006678233596585e-02	7.505639287720536346e-02
1.152356864892688463e+03	2.554664303875605058e-01	1.646237870207504783e-01	2.523194331825252545e-01	1.508822182652115040e-01	7.217360416633930575e-02	2.942353402829940914e-02	7.511099294914194702e-02
1.153808195956785084e+03	2.552523281773539376e-01	1.644844525188875473e-01	2.524726025034673138e-01	1.509684957977116271e-01	7.220964711878369302e-02	2.944697302019293542e-02	7.516550086343132264e-02
1.155259527020881706e+03	2.550385903666304577e-01	1.643453534832530760e-01	2.526255112934416291e-01	1.510546155160224779e-01	7.224562880512609697e-02	2.947038376319509323e-02	7.521991677215947303e-02
1.156710858084978327e+03	2.548252163328794673e-01	1.642064895153845239e-01	2.527781599935647328e-01	1.511405777378249382e-01	7.228154933034730556e-02	2.949376626263483861e-02	7.527424082719255671e-02
1.158162189149074720e+03	2.546122054546648972e-01	1.640678602174936718e-01	2.529305490442058657e-01	1.512263827800479632e-01	7.231740879924826448e-02	2.951712052399070238e-02	7.532847318017697746e-02
1.159613520213171569e+03	2.543995571116235421e-01	1.639294651924656510e-01	2.530826788849884768e-01	1.513120309588707191e-01	7.235320731645039638e-02	2.954044655288995402e-02	7.538261398253950918e-02
1.161064851277267962e+03	2.541872706844631735e-01	1.637913040438576384e-01	2.532345499547915546e-01	1.513975225897249144e-01	7.238894498639587838e-02	2.956374435510775861e-02	7.543666338548735140e-02
1.162516182341364356e+03	2.539753455549604855e-01	1.636533763758976912e-01	2.533861626917506826e-01	1.514828579872968262e-01	7.242462191334798904e-02	2.958701393656633719e-02	7.549062154000826808e-02
1.163967513405461204e+03	2.537637811059592630e-01	1.635156817934837192e-01	2.535375175332595377e-01	1.515680374655296037e-01	7.246023820139139981e-02	2.961025530333414105e-02	7.554448859687065698e-02
1.165418844469557826e+03	2.535525767213685500e-01	1.633782199021823756e-01	2.536886149159708337e-01	1.516530613376253778e-01	7.249579395443249419e-02	2.963346846162503295e-02	7.559826470662367459e-02
1.166870175533654447e+03	2.533417317861608176e-01	1.632409903082277236e-01	2.538394552757979317e-01	1.517379299160474537e-01	7.253128927619968691e-02	2.965665341779746486e-02	7.565195001959730547e-02
1.168321506597751068e+03	2.531312456863699101e-01	1.631039926185203215e-01	2.539900390479158387e-01	1.518226435125224760e-01	7.256672427024370153e-02	2.967981017835363833e-02	7.570554468590250108e-02
1.169772837661847461e+03	2.529211178090891021e-01	1.629672264406260007e-01	2.541403666667626515e-01	1.519072024380426211e-01	7.260209903993793124e-02	2.970293874993871000e-02	7.575904885543126299e-02
1.171224168725944082e+03	2.527113475424697109e-01	1.628306913827748115e-01	2.542904385660406108e-01	1.519916070028676236e-01	7.263741368847871638e-02	2.972603913933997630e-02	7.581246267785679560e-02
1.172675499790040703e+03	2.525019342757187091e-01	1.626943870538597736e-01	2.544402551787174338e-01	1.520758575165271076e-01	7.267266831888563594e-02	2.974911135348605809e-02	7.586578630263353384e-02
1.174126830854137097e+03	2.522928773990970042e-01	1.625583130634358220e-01	2.545898169370276465e-01	1.521599542878224742e-01	7.270786303400185446e-02	2.977215539944609579e-02	7.591901987899733750e-02
1.175578161918233945e+03	2.520841763039177175e-01	1.624224690217187239e-01	2.547391242724736382e-01	1.522438976248292886e-01	7.274299793649437185e-02	2.979517128442895138e-02	7.597216355596551896e-02
1.177029492982330339e+03	2.518758303825441858e-01	1.622868545395839412e-01	2.548881776158271051e-01	1.523276878348991670e-01	7.277807312885435642e-02	2.981815901578241043e-02	7.602521748233705134e-02
1.178480824046426733e+03	2.516678390283881295e-01	1.621514692285654091e-01	2.550369773971301046e-01	1.524113252246620254e-01	7.281308871339747801e-02	2.984111860099238067e-02	7.607818180669262409e-02
1.179932155110523581e+03	2.514602016359078207e-01	1.620163127008545645e-01	2.551855240456964991e-01	1.524948101000281053e-01	7.284804479226419938e-02	2.986405004768211482e-02	7.613105667739478166e-02
1.181383486174620202e+03	2.512529176006063625e-01	1.618813845692991527e-01	2.553338179901130101e-01	1.525781427661901390e-01	7.288294146742001212e-02	2.988695336361140570e-02	7.618384224258804849e-02
1.182834817238716823e+03	2.510459863190294683e-01	1.617466844474022003e-01	2.554818596582404400e-01	1.526613235276253477e-01	7.291777884065581139e-02	2.990982855667581597e-02	7.623653865019901221e-02
1.184286148302813444e+03	2.508394071887639631e-01	1.616122119493207943e-01	2.556296494772150596e-01	1.527443526880976343e-01	7.295255701358817346e-02	2.993267563490587674e-02	7.628914604793649024e-02
1.185737479366910065e+03	2.506331796084359520e-01	1.614779666898649990e-01	2.557771878734498294e-01	1.528272305506595818e-01	7.298727608765963326e-02	2.995549460646633466e-02	7.634166458329166849e-02
1.187188810431006686e+03	2.504273029777088211e-01	1.613439482844968575e-01	2.559244752726353989e-01	1.529099574176544518e-01	7.302193616413903132e-02	2.997828547965536439e-02	7.639409440353815695e-02
1.188640141495103080e+03	2.502217766972813506e-01	1.612101563493291978e-01	2.560715120997415495e-01	1.529925335907183770e-01	7.305653734412174971e-02	3.000104826290378793e-02	7.644643565573215616e-02
1.190091472559199701e+03	2.500166001688861050e-01	1.610765905011244115e-01	2.562182987790182498e-01	1.530749593707823597e-01	7.309107972853007285e-02	3.002378296477432873e-02	7.649868848671260990e-02
1.191542803623296322e+03	2.498117727952874900e-01	1.609432503572936213e-01	2.563648357339971540e-01	1.531572350580742703e-01	7.312556341811342342e-02	3.004648959396082411e-02	7.655085304310130234e-02
1.192994134687392716e+03	2.496072939802799484e-01	1.608101355358954598e-01	2.565111233874926011e-01	1.532393609521209010e-01	7.315998851344873710e-02	3.006916815928748973e-02	7.660292947130301067e-02
1.194445465751489564e+03	2.494031631286860728e-01	1.606772456556348760e-01	2.566571621616026699e-01	1.533213373517500755e-01	7.319435511494064295e-02	3.009181866970813551e-02	7.665491791750563000e-02
1.195896796815585958e+03	2.491993796463549404e-01	1.605445803358621915e-01	2.568029524777108441e-01	1.534031645550925638e-01	7.322866332282186586e-02	3.011444113430542316e-02	7.670681852768027054e-02
1.197348127879682352e+03	2.489959429401601698e-01	1.604121391965718513e-01	2.569484947564867894e-01	1.534848428595841363e-01	7.326291323715346249e-02	3.013703556229012023e-02	7.675863144758145185e-02
1.198799458943779200e+03	2.487928524179982004e-01	1.602799218584015639e-01	2.570937894178879080e-01	1.535663725619675901e-01	7.329710495782512658e-02	3.015960196300032994e-02	7.681035682274724163e-02
1.200250790007875821e+03	2.485901074887864326e-01	1.601479279426309410e-01	2.572388368811602821e-01	1.536477539582946639e-01	7.333123858455548039e-02	3.018214034590077643e-02	7.686199479849933902e-02
1.201702121071972442e+03	2.483877075624613961e-01	1.600161570711806092e-01	2.573836375648400066e-01	1.537289873439281751e-01	7.336531421689233834e-02	3.020465072058204151e-02	7.691354551994325495e-02
1.203153452136069063e+03	2.481856520499770569e-01	1.598846088666110721e-01	2.575281918867544095e-01	1.538100730135439076e-01	7.339933195421308176e-02	3.022713309675983603e-02	7.696500913196846483e-02
1.204604783200165684e+03	2.479839403633029293e-01	1.597532829521215725e-01	2.576725002640230522e-01	1.538910112611326098e-01	7.343329189572483928e-02	3.024958748427425750e-02	7.701638577924851958e-02
1.206056114264262078e+03	2.477825719154223838e-01	1.596221789515490652e-01	2.578165631130592272e-01	1.539718023800019375e-01	7.346719414046488927e-02	3.027201389308905796e-02	7.706767560624118441e-02
1.207507445328358699e+03	2.475815461203306755e-01	1.594912964893671070e-01	2.579603808495710693e-01	1.540524466627784805e-01	7.350103878730081253e-02	3.029441233329091890e-02	7.711887875718863306e-02
1.208958776392455093e+03	2.473808623930333905e-01	1.593606351906848573e-01	2.581039538885626095e-01	1.541329444014096772e-01	7.353482593493093633e-02	3.031678281508872266e-02	7.716999537611755888e-02
1.210410107456551941e+03	2.471805201495445026e-01	1.592301946812459401e-01	2.582472826443349412e-01	1.542132958871657578e-01	7.356855568188447325e-02	3.033912534881283429e-02	7.722102560683927197e-02
1.211861438520648335e+03	2.469805188068847079e-01	1.590999745874272786e-01	2.583903675304877745e-01	1.542935014106417424e-01	7.360222812652190971e-02	3.036143994491437639e-02	7.727196959295000445e-02
1.213312769584745183e+03	2.467808577830794547e-01	1.589699745362382066e-01	2.585332089599201577e-01	1.543735612617592734e-01	7.363584336703525579e-02	3.038372661396451443e-02	7.732282747783088273e-02
1.214764100648841804e+03	2.465815364971574719e-01	1.588401941553192753e-01	2.586758073448320872e-01	1.544534757297686689e-01	7.366940150144830890e-02	3.040598536665373858e-02	7.737359940464817731e-02
1.216215431712937971e+03	2.463825543691487430e-01	1.587106330729412262e-01	2.588181630967253399e-01	1.545332451032508103e-01	7.370290262761701461e-02	3.042821621379116978e-02	7.742428551635346934e-02
1.217666762777034819e+03	2.461839108200828408e-01	1.585812909180039088e-01	2.589602766264048062e-01	1.546128696701189742e-01	7.373634684322966093e-02	3.045041916630382428e-02	7.747488595568371994e-02
1.219118093841131440e+03	2.459856052719872066e-01	1.584521673200352254e-01	2.591021483439798212e-01	1.546923497176208584e-01	7.376973424580718364e-02	3.047259423523594052e-02	7.752540086516153395e-02
1.220569424905228061e+03	2.457876371478852906e-01	1.583232619091900772e-01	2.592437786588649984e-01	1.547716855323404417e-01	7.380306493270349932e-02	3.049474143174824708e-02	7.757583038709521539e-02
1.222020755969324682e+03	2.455900058717949141e-01	1.581945743162492812e-01	2.593851679797817278e-01	1.548508774001998711e-01	7.383633900110572745e-02	3.051686076711729312e-02	7.762617466357898954e-02
1.223472087033421303e+03	2.453927108687263547e-01	1.580661041726185156e-01	2.595263167147592309e-01	1.549299256064613217e-01	7.386955654803452342e-02	3.053895225273473360e-02	7.767643383649316946e-02
1.224923418097517697e+03	2.451957515646807917e-01	1.579378511103272931e-01	2.596672252711355600e-01	1.550088304357289393e-01	7.390271767034432837e-02	3.056101590010664240e-02	7.772660804750422536e-02
1.226374749161614318e+03	2.449991273866484742e-01	1.578098147620278502e-01	2.598078940555592631e-01	1.550875921719506723e-01	7.393582246472363284e-02	3.058305172085283227e-02	7.777669743806507607e-02
1.227826080225710712e+03	2.448028377626069452e-01	1.576819947609941208e-01	2.599483234739898840e-01	1.551662110984202148e-01	7.396887102769530986e-02	3.060505972670614708e-02	7.782670214941515840e-02
1.229277411289807560e+03	2.446068821215193478e-01	1.575543907411207090e-01	2.600885139316997385e-01	1.552446874977787272e-01	7.400186345561685086e-02	3.062703992951180260e-02	7.787662232258062145e-02
1.230728742353903954e+03	2.444112598933326219e-01	1.574270023369218063e-01	2.602284658332746359e-01	1.553230216520168627e-01	7.403479984468065711e-02	3.064899234122669264e-02	7.792645809837447923e-02
1.232180073418000802e+03	2.442159705089759214e-01	1.572998291835301654e-01	2.603681795826153778e-01	1.554012138424765155e-01	7.406768029091433114e-02	3.067091697391871249e-02	7.797620961739681889e-02
1.233631404482097196e+03	2.440210134003586440e-01	1.571728709166960447e-01	2.605076555829386464e-01	1.554792643498526805e-01	7.410050489018092656e-02	3.069281383976608588e-02	7.802587702003489778e-02
1.235082735546193817e+03	2.438263880003690154e-01	1.570461271727860986e-01	2.606468942367782260e-01	1.555571734541953133e-01	7.413327373817923949e-02	3.071468295105670224e-02	7.807546044646337946e-02
1.236534066610290438e+03	2.436320937428721189e-01	1.569195975887824335e-01	2.607858959459863346e-01	1.556349414349110782e-01	7.416598693044409996e-02	3.073652432018743330e-02	7.812496003664444466e-02
1.237985397674387059e+03	2.434381300627082856e-01	1.567932818022815533e-01	2.609246611117346792e-01	1.557125685707653473e-01	7.419864456234662176e-02	3.075833795966347733e-02	7.817437593032798560e-02
1.239436728738483680e+03	2.432444963956912620e-01	1.566671794514932492e-01	2.610631901345155104e-01	1.557900551398838374e-01	7.423124672909452160e-02	3.078012388209768607e-02	7.822370826705181412e-02
1.240888059802580301e+03	2.430511921786067675e-01	1.565412901752396280e-01	2.612014834141428987e-01	1.558674014197545810e-01	7.426379352573234116e-02	3.080188210020992287e-02	7.827295718614177278e-02
1.242339390866676695e+03	2.428582168492104121e-01	1.564156136129540575e-01	2.613395413497537900e-01	1.559446076872295639e-01	7.429628504714173853e-02	3.082361262682638964e-02	7.832212282671194292e-02
1.243790721930773088e+03	2.426655698462263366e-01	1.562901494046800843e-01	2.614773643398092817e-01	1.560216742185266681e-01	7.432872138804177964e-02	3.084531547487898151e-02	7.837120532766479741e-02
1.245242052994869937e+03	2.424732506093452145e-01	1.561648971910705175e-01	2.616149527820956222e-01	1.560986012892313368e-01	7.436110264298920192e-02	3.086699065740462766e-02	7.842020482769140877e-02
1.246693384058966330e+03	2.422812585792227802e-01	1.560398566133862630e-01	2.617523070737254320e-01	1.561753891742984901e-01	7.439342890637870576e-02	3.088863818754464946e-02	7.846912146527158793e-02
1.248144715123063179e+03	2.420895931974780535e-01	1.559150273134953801e-01	2.618894276111388697e-01	1.562520381480542175e-01	7.442570027244317654e-02	3.091025807854411167e-02	7.851795537867410635e-02
1.249596046187159800e+03	2.418982539066915627e-01	1.557904089338719988e-01	2.620263147901046308e-01	1.563285484841976380e-01	7.445791683525398996e-02	3.093185034375118755e-02	7.856670670595680694e-02
1.251047377251256421e+03	2.417072401504038182e-01	1.556660011175954039e-01	2.621629690057213358e-01	1.564049204558025652e-01	7.449007868872133120e-02	3.095341499661650314e-02	7.861537558496684008e-02
1.252498708315352815e+03	2.415165513731135083e-01	1.555418035083488137e-01	2.622993906524185292e-01	1.564811543353192835e-01	7.452218592659434759e-02	3.097495205069251273e-02	7.866396215334084396e-02
1.253950039379449436e+03	2.413261870202757231e-01	1.554178157504185476e-01	2.624355801239576236e-01	1.565572503945764637e-01	7.455423864246153720e-02	3.099646151963286744e-02	7.871246654850506952e-02
1.255401370443546057e+03	2.411361465383005387e-01	1.552940374886929153e-01	2.625715378134333977e-01	1.566332089047826615e-01	7.458623692975092923e-02	3.101794341719176645e-02	7.876088890767563022e-02
1.256852701507642678e+03	2.409464293745511299e-01	1.551704683686612463e-01	2.627072641132747743e-01	1.567090301365282323e-01	7.461818088173044483e-02	3.103939775722333941e-02	7.880922936785864086e-02
1.258304032571739299e+03	2.407570349773421881e-01	1.550471080364128063e-01	2.628427594152462632e-01	1.567847143597870530e-01	7.465007059150810531e-02	3.106082455368102888e-02	7.885748806585041182e-02
1.259755363635835920e+03	2.405679627959381173e-01	1.549239561386357988e-01	2.629780241104489047e-01	1.568602618439181584e-01	7.468190615203228189e-02	3.108222382061694850e-02	7.890566513823764339e-02
1.261206694699932314e+03	2.403792122805515075e-01	1.548010123226164214e-01	2.631130585893214358e-01	1.569356728576675741e-01	7.471368765609201490e-02	3.110359557218127582e-02	7.895376072139759227e-02
1.262658025764028707e+03	2.401907828823414692e-01	1.546782762362377828e-01	2.632478632416412889e-01	1.570109476691700368e-01	7.474541519631726361e-02	3.112493982262163131e-02	7.900177495149827978e-02
1.264109356828125556e+03	2.400026740534119407e-01	1.545557475279788484e-01	2.633824384565260357e-01	1.570860865459506039e-01	7.477708886517918374e-02	3.114625658628246072e-02	7.904970796449865833e-02
1.265560687892221949e+03	2.398148852468099390e-01	1.544334258469135801e-01	2.635167846224342192e-01	1.571610897549264585e-01	7.480870875499034955e-02	3.116754587760441758e-02	7.909755989614880578e-02
1.267012018956318798e+03	2.396274159165240059e-01	1.543113108427097979e-01	2.636509021271664643e-01	1.572359575624085459e-01	7.484027495790505913e-02	3.118880771112377340e-02	7.914533088199013355e-02
1.268463350020415419e+03	2.394402655174825145e-01	1.541894021656282643e-01	2.637847913578666992e-01	1.573106902341033786e-01	7.487178756591962581e-02	3.121004210147177924e-02	7.919302105735553932e-02
1.269914681084511813e+03	2.392534335055520045e-01	1.540676994665215738e-01	2.639184527010233761e-01	1.573852880351145345e-01	7.490324667087257249e-02	3.123124906337408982e-02	7.924063055736961514e-02
1.271366012148608434e+03	2.390669193375356272e-01	1.539462023968332927e-01	2.640518865424703598e-01	1.574597512299445445e-01	7.493465236444496469e-02	3.125242861165014596e-02	7.928815951694885567e-02
1.272817343212705055e+03	2.388807224711713695e-01	1.538249106085967655e-01	2.641850932673882046e-01	1.575340800824964749e-01	7.496600473816061871e-02	3.127358076121258823e-02	7.933560807080182464e-02
1.274268674276801676e+03	2.386948423651304996e-01	1.537038237544343100e-01	2.643180732603050420e-01	1.576082748560755642e-01	7.499730388338642084e-02	3.129470552706663938e-02	7.938297635342936309e-02
1.275720005340898297e+03	2.385092784790158738e-01	1.535829414875561905e-01	2.644508269050979687e-01	1.576823358133910002e-01	7.502854989133253549e-02	3.131580292430952150e-02	7.943026449912475584e-02
1.277171336404994690e+03	2.383240302733603821e-01	1.534622634617594794e-01	2.645833545849939350e-01	1.577562632165574741e-01	7.505974285305273830e-02	3.133687296812987660e-02	7.947747264197398132e-02
1.278622667469091539e+03	2.381390972096252001e-01	1.533417893314271696e-01	2.647156566825710211e-01	1.578300573270968454e-01	7.509088285944458263e-02	3.135791567380716988e-02	7.952460091585583646e-02
1.280073998533187932e+03	2.379544787501982894e-01	1.532215187515272303e-01	2.648477335797593812e-01	1.579037184059398913e-01	7.512197000124978818e-02	3.137893105671108601e-02	7.957164945444218651e-02
1.281525329597284326e+03	2.377701743583926219e-01	1.531014513776115249e-01	2.649795856578424091e-01	1.579772467134278324e-01	7.515300436905435200e-02	3.139991913230096715e-02	7.961861839119814543e-02
1.282976660661381175e+03	2.375861834984447085e-01	1.529815868658148115e-01	2.651112132974578484e-01	1.580506425093140821e-01	7.518398605328895090e-02	3.142087991612523001e-02	7.966550785938225632e-02
1.284427991725477568e+03	2.374025056355128782e-01	1.528619248728538826e-01	2.652426168785987914e-01	1.581239060527657170e-01	7.521491514422909419e-02	3.144181342382078304e-02	7.971231799204671342e-02
1.285879322789574417e+03	2.372191402356756407e-01	1.527424650560264274e-01	2.653737967806150122e-01	1.581970376023653091e-01	7.524579173199547055e-02	3.146271967111243656e-02	7.975904892203752872e-02
1.287330653853671038e+03	2.370360867659302428e-01	1.526232070732101986e-01	2.655047533822136874e-01	1.582700374161123968e-01	7.527661590655414237e-02	3.148359867381236160e-02	7.980570078199475392e-02
1.288781984917767431e+03	2.368533446941908094e-01	1.525041505828618749e-01	2.656354870614608954e-01	1.583429057514252059e-01	7.530738775771685101e-02	3.150445044781947923e-02	7.985227370435271643e-02
1.290233315981864052e+03	2.366709134892869271e-01	1.523852952440161446e-01	2.657659981957822826e-01	1.584156428651421200e-01	7.533810737514123890e-02	3.152527500911894709e-02	7.989876782134014421e-02
