1.001418434226643626e+03	2.798183421548066097e-01	1.805440560151197471e-01	2.348675772582947130e-01	1.409670232753166552e-01	6.807106543870174165e-02	2.683072129605457157e-02	6.890121456153369683e-02
1.003837319333471214e+03	2.793923195347006727e-01	1.802678020091905420e-01	2.351720936438080056e-01	1.411410618962904984e-01	6.814268707246062817e-02	2.687465143428596423e-02	6.900938440909142046e-02
1.006256204440298802e+03	2.789675062560182384e-01	1.799923243289020536e-01	2.354757492459075841e-01	1.413145587416311799e-01	6.821410539139748097e-02	2.691850427813765809e-02	6.911725175783349495e-02
1.008675089547126618e+03	2.785438988684478812e-01	1.797176207899519595e-01	2.357785464884154802e-01	1.414875157048969267e-01	6.828532097836899351e-02	2.696227975628745846e-02	6.922481741345902495e-02
1.011093974653954206e+03	2.781214939316591361e-01	1.794436892141846596e-01	2.360804877883255215e-01	1.416599346716929386e-01	6.835633441447985792e-02	2.700597779941435808e-02	6.933208218007122503e-02
1.013512859760782021e+03	2.777002880152725228e-01	1.791705274295742334e-01	2.363815755558226206e-01	1.418318175197120223e-01	6.842714627909206315e-02	2.704959834018156803e-02	6.943904686017265959e-02
1.015931744867609382e+03	2.772802776988297357e-01	1.788981332702070659e-01	2.366818121943019271e-01	1.420031661187748095e-01	6.849775714983384611e-02	2.709314131321965274e-02	6.954571225466064932e-02
1.018350629974437197e+03	2.768614595717639459e-01	1.786265045762644721e-01	2.369812001003880342e-01	1.421739823308698913e-01	6.856816760260860122e-02	2.713660665510982464e-02	6.965207916282283029e-02
1.020769515081264785e+03	2.764438302333701580e-01	1.783556391940058217e-01	2.372797416639540746e-01	1.423442680101937863e-01	6.863837821160352626e-02	2.717999430436732547e-02	6.975814838233290738e-02
1.023188400188092373e+03	2.760273862927754562e-01	1.780855349757513584e-01	2.375774392681407332e-01	1.425140250031905476e-01	6.870838954929799069e-02	2.722330420142496724e-02	6.986392070924660191e-02
1.025607285294920075e+03	2.756121243689097500e-01	1.778161897798649083e-01	2.378742952893752316e-01	1.426832551485915090e-01	6.877820218647182071e-02	2.726653628861678419e-02	6.996939693799762716e-02
1.028026170401747549e+03	2.751980410904763530e-01	1.775476014707372541e-01	2.381703120973903687e-01	1.428519602774544484e-01	6.884781669221344547e-02	2.730969051016181315e-02	7.007457786139402456e-02
1.030445055508575479e+03	2.747851330959227290e-01	1.772797679187688158e-01	2.384654920552431723e-01	1.430201422132028333e-01	6.891723363392772417e-02	2.735276681214797445e-02	7.017946427061444448e-02
1.032863940615402726e+03	2.743733970334113481e-01	1.770126870003529695e-01	2.387598375193340783e-01	1.431878027716647905e-01	6.898645357734367600e-02	2.739576514251610903e-02	7.028405695520474616e-02
1.035282825722230655e+03	2.739628295607907105e-01	1.767463565978590334e-01	2.390533508394252771e-01	1.433549437611118249e-01	6.905547708652215455e-02	2.743868545104410916e-02	7.038835670307459769e-02
1.037701710829058356e+03	2.735534273455662024e-01	1.764807745996156141e-01	2.393460343586598371e-01	1.435215669822973716e-01	6.912430472386320301e-02	2.748152768933116025e-02	7.049236430049431179e-02
1.040120595935886058e+03	2.731451870648714531e-01	1.762159388998936205e-01	2.396378904135801624e-01	1.436876742284952102e-01	6.919293705011335394e-02	2.752429181078213521e-02	7.059608053209175116e-02
1.042539481042713533e+03	2.727381054054393572e-01	1.759518473988896936e-01	2.399289213341466165e-01	1.438532672855375727e-01	6.926137462437281789e-02	2.756697777059206877e-02	7.069950618084945571e-02
1.044958366149541234e+03	2.723321790635737649e-01	1.756884980027095255e-01	2.402191294437561742e-01	1.440183479318531967e-01	6.932961800410243625e-02	2.760958552573076000e-02	7.080264202810178376e-02
1.047377251256368709e+03	2.719274047451203380e-01	1.754258886233510950e-01	2.405085170592608235e-01	1.441829179385049620e-01	6.939766774513063397e-02	2.765211503492748940e-02	7.090548885353223363e-02
1.049796136363196410e+03	2.715237791654387944e-01	1.751640171786882083e-01	2.407970864909860786e-01	1.443469790692275267e-01	6.946552440166015030e-02	2.769456625865585400e-02	7.100804743517093176e-02
1.052215021470024112e+03	2.711212990493738206e-01	1.749028815924539570e-01	2.410848400427494376e-01	1.445105330804647426e-01	6.953318852627464464e-02	2.773693915911869257e-02	7.111031854939219021e-02
1.054633906576851814e+03	2.707199611312273158e-01	1.746424797942242035e-01	2.413717800118786727e-01	1.446735817214067354e-01	6.960066066994527456e-02	2.777923370023314964e-02	7.121230297091213357e-02
1.057052791683679516e+03	2.703197621547298590e-01	1.743828097194010107e-01	2.416579086892301220e-01	1.448361267340269043e-01	6.966794138203714903e-02	2.782144984761583673e-02	7.131400147278657564e-02
1.059471676790506763e+03	2.699206988730128987e-01	1.741238693091964329e-01	2.419432283592070076e-01	1.449981698531186414e-01	6.973503121031550400e-02	2.786358756856809060e-02	7.141541482640885452e-02
1.061890561897334692e+03	2.695227680485804966e-01	1.738656565106161123e-01	2.422277412997775881e-01	1.451597128063319697e-01	6.980193070095204455e-02	2.790564683206134614e-02	7.151654380150786194e-02
1.064309447004162394e+03	2.691259664532815177e-01	1.736081692764429585e-01	2.425114497824932824e-01	1.453207573142097919e-01	6.986864039853103725e-02	2.794762760872263052e-02	7.161738916614618367e-02
1.066728332110990095e+03	2.687302908682818736e-01	1.733514055652208008e-01	2.427943560725067951e-01	1.454813050902241667e-01	6.993516084605530536e-02	2.798952987082014773e-02	7.171795168671829535e-02
1.069147217217817570e+03	2.683357380840367123e-01	1.730953633412382620e-01	2.430764624285902953e-01	1.456413578408121412e-01	7.000149258495211302e-02	2.803135359224896359e-02	7.181823212794889721e-02
1.071566102324645271e+03	2.679423049002627177e-01	1.728400405745126323e-01	2.433577711031531254e-01	1.458009172654116392e-01	7.006763615507909104e-02	2.807309874851681916e-02	7.191823125289131813e-02
1.073984987431472746e+03	2.675499881259108537e-01	1.725854352407736048e-01	2.436382843422599809e-01	1.459599850564970158e-01	7.013359209472994071e-02	2.811476531673000670e-02	7.201794982292605840e-02
1.076403872538300675e+03	2.671587845791382754e-01	1.723315453214473436e-01	2.439180043856486735e-01	1.461185628996141961e-01	7.019936094064015142e-02	2.815635327557939466e-02	7.211738859775936039e-02
1.078822757645127922e+03	2.667686910872818506e-01	1.720783688036403580e-01	2.441969334667481173e-01	1.462766524734160911e-01	7.026494322799257952e-02	2.819786260532651176e-02	7.221654833542191787e-02
1.081241642751955851e+03	2.663797044868300712e-01	1.718259036801235429e-01	2.444750738126959533e-01	1.464342554496974591e-01	7.033033949042295785e-02	2.823929328778975942e-02	7.231542979226768253e-02
1.083660527858783553e+03	2.659918216233962962e-01	1.715741479493162747e-01	2.447524276443563962e-01	1.465913734934296275e-01	7.039555026002540516e-02	2.828064530633070742e-02	7.241403372297272600e-02
1.086079412965611255e+03	2.656050393516914965e-01	1.713230996152704244e-01	2.450289971763378594e-01	1.467480082627950766e-01	7.046057606735775525e-02	2.832191864584051796e-02	7.251236088053422679e-02
1.088498298072438729e+03	2.652193545354974424e-01	1.710727566876545647e-01	2.453047846170107460e-01	1.469041614092219117e-01	7.052541744144689984e-02	2.836311329272640444e-02	7.261041201626945718e-02
1.090917183179266431e+03	2.648347640476393927e-01	1.708231171817381489e-01	2.455797921685247687e-01	1.470598345774177806e-01	7.059007490979403443e-02	2.840422923489827056e-02	7.270818787981497833e-02
1.093336068286093905e+03	2.644512647699595598e-01	1.705741791183758016e-01	2.458540220268267684e-01	1.472150294054041797e-01	7.065454899837990410e-02	2.844526646175537035e-02	7.280568921912579372e-02
1.095754953392921607e+03	2.640688535932902981e-01	1.703259405239914703e-01	2.461274763816780620e-01	1.473697475245499267e-01	7.071884023166984112e-02	2.848622496417312078e-02	7.290291678047466917e-02
1.098173838499749309e+03	2.636875274174273476e-01	1.700783994305628266e-01	2.464001574166719000e-01	1.475239905596049117e-01	7.078294913261892751e-02	2.852710473448996642e-02	7.299987130845145278e-02
1.100592723606577010e+03	2.633072831511034106e-01	1.698315538756056675e-01	2.466720673092508975e-01	1.476777601287334318e-01	7.084687622267697715e-02	2.856790576649436558e-02	7.309655354596256149e-02
1.103011608713404712e+03	2.629281177119613955e-01	1.695854019021583170e-01	2.469432082307243259e-01	1.478310578435474143e-01	7.091062202179354568e-02	2.860862805541186660e-02	7.319296423423045372e-02
1.105430493820231959e+03	2.625500280265283259e-01	1.693399415587659718e-01	2.472135823462854043e-01	1.479838853091393347e-01	7.097418704842278769e-02	2.864927159789226047e-02	7.328910411279322690e-02
1.107849378927059888e+03	2.621730110301886962e-01	1.690951708994653524e-01	2.474831918150286747e-01	1.481362441241151906e-01	7.103757181952836952e-02	2.868983639199684105e-02	7.338497391950424276e-02
1.110268264033887590e+03	2.617970636671583806e-01	1.688510879837691880e-01	2.477520387899670162e-01	1.482881358806268646e-01	7.110077685058825703e-02	2.873032243718575546e-02	7.348057439053189144e-02
1.112687149140715292e+03	2.614221828904585432e-01	1.686076908766507565e-01	2.480201254180489367e-01	1.484395621644047925e-01	7.116380265559954510e-02	2.877072973430543773e-02	7.357590626035934167e-02
1.115106034247542766e+03	2.610483656618894366e-01	1.683649776485285354e-01	2.482874538401756148e-01	1.485905245547901044e-01	7.122664974708312058e-02	2.881105828557613269e-02	7.367097026178438812e-02
1.117524919354370468e+03	2.606756089520044228e-01	1.681229463752510200e-01	2.485540261912179139e-01	1.487410246247666268e-01	7.128931863608842234e-02	2.885130809457952042e-02	7.376576712591940976e-02
1.119943804461197942e+03	2.603039097400841606e-01	1.678815951380811800e-01	2.488198446000334518e-01	1.488910639409927739e-01	7.135180983219803486e-02	2.889147916624641363e-02	7.386029758219132824e-02
1.122362689568025871e+03	2.599332650141106815e-01	1.676409220236813880e-01	2.490849111894835322e-01	1.490406440638332719e-01	7.141412384353228171e-02	2.893157150684455906e-02	7.395456235834159398e-02
1.124781574674853118e+03	2.595636717707416885e-01	1.674009251240982377e-01	2.493492280764500468e-01	1.491897665473905787e-01	7.147626117675386082e-02	2.897158512396650482e-02	7.404856218042642213e-02
1.127200459781681047e+03	2.591951270152847431e-01	1.671616025367473057e-01	2.496127973718523241e-01	1.493384329395362198e-01	7.153822233707231304e-02	2.901152002651758571e-02	7.414229777281680644e-02
1.129619344888508749e+03	2.588276277616718968e-01	1.669229523643981361e-01	2.498756211806640037e-01	1.494866447819419020e-01	7.160000782824856025e-02	2.905137622470395364e-02	7.423576985819885232e-02
1.132038229995336451e+03	2.584611710324341560e-01	1.666849727151590022e-01	2.501377016019297184e-01	1.496344036101103503e-01	7.166161815259934620e-02	2.909115373002073637e-02	7.432897915757398499e-02
1.134457115102163925e+03	2.580957538586759470e-01	1.664476617024621408e-01	2.503990407287818853e-01	1.497817109534062274e-01	7.172305381100162192e-02	2.913085255524024489e-02	7.442192639025931034e-02
1.136876000208991627e+03	2.577313732800497470e-01	1.662110174450484590e-01	2.506596406484573047e-01	1.499285683350865261e-01	7.178431530289701434e-02	2.917047271440028830e-02	7.451461227388800346e-02
1.139294885315819101e+03	2.573680263447310490e-01	1.659750380669528513e-01	2.509195034423138404e-01	1.500749772723311004e-01	7.184540312629614234e-02	2.921001422279256854e-02	7.460703752440978054e-02
1.141713770422646803e+03	2.570057101093929930e-01	1.657397216974891285e-01	2.511786311858469345e-01	1.502209392762727524e-01	7.190631777778296041e-02	2.924947709695113751e-02	7.469920285609132904e-02
1.144132655529474505e+03	2.566444216391812749e-01	1.655050664712353348e-01	2.514370259487062609e-01	1.503664558520273753e-01	7.196705975251906084e-02	2.928886135464096180e-02	7.479110898151690445e-02
1.146551540636302207e+03	2.562841580076892778e-01	1.652710705280187320e-01	2.516946897947120454e-01	1.505115284987237068e-01	7.202762954424793418e-02	2.932816701484657410e-02	7.488275661158889929e-02
1.148970425743129908e+03	2.559249162969328695e-01	1.650377320129012004e-01	2.519516247818716081e-01	1.506561587095329724e-01	7.208802764529922968e-02	2.936739409776076629e-02	7.497414645552853696e-02
1.151389310849957155e+03	2.555666935973257559e-01	1.648050490761643339e-01	2.522078329623956283e-01	1.508003479716985562e-01	7.214825454659296033e-02	2.940654262477340047e-02	7.506527922087652405e-02
1.153808195956785084e+03	2.552094870076545563e-01	1.645730198732948957e-01	2.524633163827148530e-01	1.509440977665651162e-01	7.220831073764369390e-02	2.944561261846028594e-02	7.515615561349378582e-02
1.156227081063612786e+03	2.548532936350541567e-01	1.643416425649701362e-01	2.527180770834958623e-01	1.510874095696078112e-01	7.226819670656475791e-02	2.948460410257215322e-02	7.524677633756231276e-02
1.158645966170440488e+03	2.544981105949831734e-01	1.641109153170430823e-01	2.529721170996576673e-01	1.512302848504613051e-01	7.232791294007233363e-02	2.952351710202365948e-02	7.533714209558596553e-02
1.161064851277267962e+03	2.541439350111993067e-01	1.638808363005281321e-01	2.532254384603878639e-01	1.513727250729485496e-01	7.238745992348956382e-02	2.956235164288253253e-02	7.542725358839134919e-02
1.163483736384095664e+03	2.537907640157346378e-01	1.636514036915863723e-01	2.534780431891586749e-01	1.515147316951093448e-01	7.244683814075070227e-02	2.960110775235874625e-02	7.551711151512877085e-02
1.165902621490923138e+03	2.534385947488717039e-01	1.634226156715112288e-01	2.537299333037432159e-01	1.516563061692289271e-01	7.250604807440515220e-02	2.963978545879380685e-02	7.560671657327316941e-02
1.168321506597751068e+03	2.530874243591187955e-01	1.631944704267138946e-01	2.539811108162315367e-01	1.517974499418661416e-01	7.256509020562151857e-02	2.967838479165008439e-02	7.569606945862518421e-02
1.170740391704578315e+03	2.527372500031858649e-01	1.629669661487090637e-01	2.542315777330465543e-01	1.519381644538815856e-01	7.262396501419166039e-02	2.971690578150024478e-02	7.578517086531216806e-02
1.173159276811406244e+03	2.523880688459603228e-01	1.627401010341004706e-01	2.544813360549600390e-01	1.520784511404655870e-01	7.268267297853463205e-02	2.975534846001674782e-02	7.587402148578932526e-02
1.175578161918233945e+03	2.520398780604830025e-01	1.625138732845665679e-01	2.547303877771086023e-01	1.522183114311660146e-01	7.274121457570074945e-02	2.979371285996142149e-02	7.596262201084078014e-02
1.177997047025061647e+03	2.516926748279239567e-01	1.622882811068462050e-01	2.549787348890096284e-01	1.523577467499158400e-01	7.279959028137550359e-02	2.983199901517510910e-02	7.605097312958082612e-02
1.180415932131889122e+03	2.513464563375587546e-01	1.620633227127245557e-01	2.552263793745769838e-01	1.524967585150606153e-01	7.285780056988355735e-02	2.987020696056739630e-02	7.613907552945513302e-02
1.182834817238716823e+03	2.510012197867444450e-01	1.618389963190187963e-01	2.554733232121370046e-01	1.526353481393858125e-01	7.291584591419263128e-02	2.990833673210640045e-02	7.622692989624195448e-02
1.185253702345544298e+03	2.506569623808957425e-01	1.616153001475638673e-01	2.557195683744439285e-01	1.527735170301438850e-01	7.297372678591741713e-02	2.994638836680864336e-02	7.631453691405348794e-02
1.187672587452371999e+03	2.503136813334614907e-01	1.613922324251984841e-01	2.559651168286959932e-01	1.529112665890812461e-01	7.303144365532350524e-02	2.998436190272900023e-02	7.640189726533717918e-02
1.190091472559199701e+03	2.499713738659009032e-01	1.611697913837510376e-01	2.562099705365508129e-01	1.530485982124651367e-01	7.308899699133124261e-02	3.002225737895069732e-02	7.648901163087706845e-02
1.192510357666027403e+03	2.496300372076598328e-01	1.609479752600254665e-01	2.564541314541411432e-01	1.531855132911102424e-01	7.314638726151959092e-02	3.006007483557542395e-02	7.657588068979519214e-02
1.194929242772855105e+03	2.492896685961475678e-01	1.607267822957872960e-01	2.566976015320904247e-01	1.533220132104051170e-01	7.320361493212992898e-02	3.009781431371345503e-02	7.666250511955308156e-02
1.197348127879682352e+03	2.489502652767131563e-01	1.605062107377497327e-01	2.569403827155282705e-01	1.534580993503386614e-01	7.326068046806995249e-02	3.013547585547391230e-02	7.674888559595315074e-02
1.199767012986510281e+03	2.486118245026222029e-01	1.602862588375596475e-01	2.571824769441060088e-01	1.535937730855261585e-01	7.331758433291744870e-02	3.017305950395503950e-02	7.683502279314027850e-02
1.202185898093337983e+03	2.482743435350335537e-01	1.600669248517837817e-01	2.574238861520121158e-01	1.537290357852354183e-01	7.337432698892409899e-02	3.021056530323458153e-02	7.692091738360329334e-02
1.204604783200165684e+03	2.479378196429759817e-01	1.598482070418947854e-01	2.576646122679874806e-01	1.538638888134125637e-01	7.343090889701922586e-02	3.024799329836021233e-02	7.700657003817655555e-02
1.207023668306993159e+03	2.476022501033252055e-01	1.596301036742575341e-01	2.579046572153411154e-01	1.539983335287077315e-01	7.348733051681360928e-02	3.028534353534005283e-02	7.709198142604160864e-02
1.209442553413820860e+03	2.472676322007807681e-01	1.594126130201152514e-01	2.581440229119649210e-01	1.541323712845006910e-01	7.354359230660319213e-02	3.032261606113322711e-02	7.717715221472873366e-02
1.211861438520648335e+03	2.469339632278429730e-01	1.591957333555758525e-01	2.583827112703496187e-01	1.542660034289262683e-01	7.359969472337284102e-02	3.035981092364051573e-02	7.726208307011869780e-02
1.214280323627476264e+03	2.466012404847900130e-01	1.589794629615982335e-01	2.586207241975994053e-01	1.543992313048995202e-01	7.365563822280007944e-02	3.039692817169506803e-02	7.734677465644440586e-02
1.216699208734303511e+03	2.462694612796551552e-01	1.587638001239785879e-01	2.588580635954474962e-01	1.545320562501409090e-01	7.371142325925876537e-02	3.043396785505316296e-02	7.743122763629263494e-02
1.219118093841131440e+03	2.459386229282039260e-01	1.585487431333368336e-01	2.590947313602710578e-01	1.546644795972012820e-01	7.376705028582276891e-02	3.047093002438507059e-02	7.751544267060576920e-02
1.221536978947959142e+03	2.456087227539113516e-01	1.583342902851030132e-01	2.593307293831064175e-01	1.547965026734866301e-01	7.382251975426973312e-02	3.050781473126594479e-02	7.759942041868364559e-02
1.223955864054786844e+03	2.452797580879394201e-01	1.581204398795038046e-01	2.595660595496639411e-01	1.549281268012827617e-01	7.387783211508465453e-02	3.054462202816680266e-02	7.768316153818528857e-02
1.226374749161614318e+03	2.449517262691144059e-01	1.579071902215488932e-01	2.598007237403434644e-01	1.550593532977798950e-01	7.393298781746360238e-02	3.058135196844556647e-02	7.776666668513083913e-02
1.228793634268442020e+03	2.446246246439044703e-01	1.576945396210176764e-01	2.600347238302487818e-01	1.551901834750969156e-01	7.398798730931731293e-02	3.061800460633816098e-02	7.784993651390333114e-02
1.231212519375269494e+03	2.442984505663970962e-01	1.574824863924457474e-01	2.602680616892028564e-01	1.553206186403057187e-01	7.404283103727485327e-02	3.065457999694968724e-02	7.793297167725066199e-02
1.233631404482097196e+03	2.439732013982768843e-01	1.572710288551114610e-01	2.605007391817625861e-01	1.554506600954553008e-01	7.409751944668722945e-02	3.069107819624565872e-02	7.801577282628745225e-02
1.236050289588924898e+03	2.436488745088031538e-01	1.570601653330227498e-01	2.607327581672337913e-01	1.555803091375956015e-01	7.415205298163098091e-02	3.072749926104327567e-02	7.809834061049707177e-02
1.238469174695752372e+03	2.433254672747877378e-01	1.568498941549036074e-01	2.609641204996858699e-01	1.557095670588013736e-01	7.420643208491180254e-02	3.076384324900281395e-02	7.818067567773349935e-02
1.240888059802580301e+03	2.430029770805728628e-01	1.566402136541809598e-01	2.611948280279665080e-01	1.558384351461958583e-01	7.426065719806806964e-02	3.080011021861902426e-02	7.826277867422341827e-02
1.243306944909407548e+03	2.426814013180090268e-01	1.564311221689713705e-01	2.614248825957166122e-01	1.559669146819743224e-01	7.431472876137448780e-02	3.083630022921261468e-02	7.834465024456821469e-02
1.245725830016235477e+03	2.423607373864330172e-01	1.562226180420678845e-01	2.616542860413849092e-01	1.560950069434274001e-01	7.436864721384559007e-02	3.087241334092180947e-02	7.842629103174603156e-02
1.248144715123063179e+03	2.420409826926459007e-01	1.560146996209268166e-01	2.618830401982424338e-01	1.562227132029644083e-01	7.442241299323931747e-02	3.090844961469394955e-02	7.850770167711378089e-02
1.250563600229890881e+03	2.417221346508911795e-01	1.558073652576546508e-01	2.621111468943973510e-01	1.563500347281364389e-01	7.447602653606055778e-02	3.094440911227715890e-02	7.858888282040929485e-02
1.252982485336718355e+03	2.414041906828329753e-01	1.556006133089949672e-01	2.623386079528092218e-01	1.564769727816592571e-01	7.452948827756462891e-02	3.098029189621206644e-02	7.866983509975343514e-02
1.255401370443546057e+03	2.410871482175342695e-01	1.553944421363153972e-01	2.625654251913038806e-01	1.566035286214363109e-01	7.458279865176087320e-02	3.101609802982360428e-02	7.875055915165220244e-02
1.257820255550373531e+03	2.407710046914351976e-01	1.551888501055945224e-01	2.627916004225875346e-01	1.567297035005813244e-01	7.463595809141607140e-02	3.105182757721285103e-02	7.883105561099894298e-02
1.260239140657201460e+03	2.404557575483315668e-01	1.549838355874090245e-01	2.630171354542615858e-01	1.568554986674408624e-01	7.468896702805800925e-02	3.108748060324893758e-02	7.891132511107648573e-02
1.262658025764028707e+03	2.401414042393530401e-01	1.547793969569206396e-01	2.632420320888366194e-01	1.569809153656168410e-01	7.474182589197891913e-02	3.112305717356101536e-02	7.899136828355936280e-02
1.265076910870856636e+03	2.398279422229419588e-01	1.545755325938633629e-01	2.634662921237469480e-01	1.571059548339888423e-01	7.479453511223896345e-02	3.115855735453027311e-02	7.907118575851601605e-02
1.267495795977684338e+03	2.395153689648317208e-01	1.543722408825304593e-01	2.636899173513649886e-01	1.572306183067362639e-01	7.484709511666973181e-02	3.119398121328203696e-02	7.915077816441110081e-02
1.269914681084511813e+03	2.392036819380255197e-01	1.541695202117616681e-01	2.639129095590154739e-01	1.573549070133603567e-01	7.489950633187765494e-02	3.122932881767789826e-02	7.923014612810769242e-02
1.272333566191339514e+03	2.388928786227750012e-01	1.539673689749304630e-01	2.641352705289896075e-01	1.574788221787062348e-01	7.495176918324744642e-02	3.126460023630791424e-02	7.930929027486956218e-02
1.274752451298167216e+03	2.385829565065590852e-01	1.537657855699312570e-01	2.643570020385592745e-01	1.576023650229846362e-01	7.500388409494557207e-02	3.129979553848285384e-02	7.938821122836352273e-02
1.277171336404994690e+03	2.382739130840628161e-01	1.535647683991666623e-01	2.645781058599913083e-01	1.577255367617935167e-01	7.505585148992360844e-02	3.133491479422652326e-02	7.946690961066175951e-02
1.279590221511822392e+03	2.379657458571562134e-01	1.533643158695348063e-01	2.647985837605614790e-01	1.578483386061397264e-01	7.510767178992176774e-02	3.136995807426814359e-02	7.954538604224412057e-02
1.282009106618650094e+03	2.376584523348733435e-01	1.531644263924167582e-01	2.650184375025684824e-01	1.579707717624602992e-01	7.515934541547217296e-02	3.140492545003475272e-02	7.962364114200047582e-02
1.284427991725477568e+03	2.373520300333912536e-01	1.529650983836637612e-01	2.652376688433481511e-01	1.580928374326438790e-01	7.521087278590234126e-02	3.143981699364367666e-02	7.970167552723317339e-02
1.286846876832305497e+03	2.370464764760092102e-01	1.527663302635847709e-01	2.654562795352873872e-01	1.582145368140518427e-01	7.526225431933852850e-02	3.147463277789509795e-02	7.977948981365934333e-02
1.289265761939132744e+03	2.367417891931276608e-01	1.525681204569338811e-01	2.656742713258381516e-01	1.583358710995393659e-01	7.531349043270915700e-02	3.150937287626463107e-02	7.985708461541336789e-02
1.291684647045960673e+03	2.364379657222276943e-01	1.523704673928978071e-01	2.658916459575311197e-01	1.584568414774762402e-01	7.536458154174810464e-02	3.154403736289596027e-02	7.993446054504926845e-02
1.294103532152788375e+03	2.361350036078502246e-01	1.521733695050833945e-01	2.661084051679898366e-01	1.585774491317678558e-01	7.541552806099811879e-02	3.157862631259352598e-02	8.001161821354320358e-02
1.296522417259616077e+03	2.358329004015752850e-01	1.519768252315052137e-01	2.663245506899445947e-01	1.586976952418757414e-01	7.546633040381413304e-02	3.161313980081531527e-02	8.008855823029585597e-02
1.298941302366443551e+03	2.355316536620015444e-01	1.517808330145730689e-01	2.665400842512458679e-01	1.588175809828382690e-01	7.551698898236666735e-02	3.164757790366562462e-02	8.016528120313501371e-02
1.301360187473271253e+03	2.352312609547257682e-01	1.515853913010797582e-01	2.667550075748784666e-01	1.589371075252910548e-01	7.556750420764506149e-02	3.168194069788794753e-02	8.024178773831797118e-02
1.303779072580098727e+03	2.349317198523223349e-01	1.513904985421887228e-01	2.669693223789749714e-01	1.590562760354871652e-01	7.561787648946087514e-02	3.171622826085788299e-02	8.031807844053406864e-02
1.306197957686926657e+03	2.346330279343229741e-01	1.511961531934216119e-01	2.671830303768294446e-01	1.591750876753175170e-01	7.566810623645114919e-02	3.175044067057607861e-02	8.039415391290723190e-02
1.308616842793753904e+03	2.343351827871962278e-01	1.510023537146461259e-01	2.673961332769112520e-01	1.592935436023309170e-01	7.571819385608176411e-02	3.178457800566127089e-02	8.047001475699849804e-02
1.311035727900581833e+03	2.340381820043272998e-01	1.508090985700637765e-01	2.676086327828784417e-01	1.594116449697539628e-01	7.576813975465070128e-02	3.181864034534332558e-02	8.054566157280858285e-02
1.313454613007409534e+03	2.337420231859979047e-01	1.506163862281976462e-01	2.678205305935913993e-01	1.595293929265110267e-01	7.581794433729129035e-02	3.185262776945638197e-02	8.062109495878040655e-02
1.315873498114237009e+03	2.334467039393660071e-01	1.504242151618803147e-01	2.680318284031264486e-01	1.596467886172439898e-01	7.586760800797556770e-02	3.188654035843201118e-02	8.069631551180177220e-02
1.318292383221064711e+03	2.331522218784458089e-01	1.502325838482415910e-01	2.682425279007892294e-01	1.597638331823317825e-01	7.591713116951746831e-02	3.192037819329243686e-02	8.077132382720780823e-02
1.320711268327892412e+03	2.328585746240877663e-01	1.500414907686965782e-01	2.684526307711280757e-01	1.598805277579100625e-01	7.596651422357615646e-02	3.195414135564381142e-02	8.084612049878373008e-02
1.323130153434719887e+03	2.325657598039584661e-01	1.498509344089335171e-01	2.686621386939476164e-01	1.599968734758905053e-01	7.601575757065920369e-02	3.198782992766951300e-02	8.092070611876737984e-02
1.325549038541547588e+03	2.322737750525210032e-01	1.496609132589017122e-01	2.688710533443219863e-01	1.601128714639802053e-01	7.606486161012590563e-02	3.202144399212355358e-02	8.099508127785184919e-02
1.327967923648375290e+03	2.319826180110148850e-01	1.494714258127996798e-01	2.690793763926082605e-01	1.602285228457008270e-01	7.611382674019044614e-02	3.205498363232396619e-02	8.106924656518821326e-02
1.330386808755202765e+03	2.316922863274363253e-01	1.492824705690630471e-01	2.692871095044596652e-01	1.603438287404076734e-01	7.616265335792515856e-02	3.208844893214628929e-02	8.114320256838807033e-02
1.332805693862030694e+03	2.314027776565185657e-01	1.490940460303527837e-01	2.694942543408389013e-01	1.604587902633087815e-01	7.621134185926374538e-02	3.212183997601707891e-02	8.121694987352634509e-02
1.335224578968857941e+03	2.311140896597122796e-01	1.489061507035431553e-01	2.697008125580312998e-01	1.605734085254836296e-01	7.625989263900449788e-02	3.215515684890747627e-02	8.129048906514384221e-02
1.337643464075685870e+03	2.308262200051658386e-01	1.487187830997099836e-01	2.699067858076580340e-01	1.606876846339019838e-01	7.630830609081346028e-02	3.218839963632681711e-02	8.136382072625003570e-02
1.340062349182513572e+03	2.305391663677058833e-01	1.485319417341186554e-01	2.701121757366892751e-01	1.608016196914425489e-01	7.635658260722763546e-02	3.222156842431631030e-02	8.143694543832573352e-02
1.342481234289341273e+03	2.302529264288177280e-01	1.483456251262125769e-01	2.703169839874574043e-01	1.609152147969115931e-01	7.640472257965819081e-02	3.225466329944271654e-02	8.150986378132581145e-02
1.344900119396168748e+03	2.299674978766260980e-01	1.481598317996012382e-01	2.705212121976697803e-01	1.610284710450612389e-01	7.645272639839356676e-02	3.228768434879211724e-02	8.158257633368191930e-02
1.347319004502996449e+03	2.296828784058755901e-01	1.479745602820485006e-01	2.707248620004221173e-01	1.611413895266079754e-01	7.650059445260275204e-02	3.232063165996373194e-02	8.165508367230527031e-02
1.349737889609823924e+03	2.293990657179115211e-01	1.477898091054610230e-01	2.709279350242111972e-01	1.612539713282507281e-01	7.654832713033835057e-02	3.235350532106375659e-02	8.172738637258931960e-02
1.352156774716651853e+03	2.291160575206606931e-01	1.476055768058764095e-01	2.711304328929480811e-01	1.613662175326891490e-01	7.659592481853977342e-02	3.238630542069925039e-02	8.179948500841256742e-02
1.354575659823479100e+03	2.288338515286120478e-01	1.474218619234517746e-01	2.713323572259708771e-01	1.614781292186415473e-01	7.664338790303634741e-02	3.241903204797208504e-02	8.187138015214133480e-02
1.356994544930307029e+03	2.285524454627976265e-01	1.472386630024520304e-01	2.715337096380575632e-01	1.615897074608628192e-01	7.669071676855050701e-02	3.245168529247292877e-02	8.194307237463251126e-02
1.359413430037134731e+03	2.282718370507736128e-01	1.470559785912383954e-01	2.717344917394389769e-01	1.617009533301624058e-01	7.673791179870086132e-02	3.248426524427527884e-02	8.201456224523638594e-02
1.361832315143962205e+03	2.279920240266011533e-01	1.468738072422567376e-01	2.719347051358117495e-01	1.618118678934219179e-01	7.678497337600535821e-02	3.251677199392954964e-02	8.208585033179939539e-02
1.364251200250789907e+03	2.277130041308275121e-01	1.466921475120263052e-01	2.721343514283507403e-01	1.619224522136127054e-01	7.683190188188436520e-02	3.254920563245718157e-02	8.215693720066698236e-02
1.366670085357617609e+03	2.274347751104671134e-01	1.465109979611280977e-01	2.723334322137220820e-01	1.620327073498135650e-01	7.687869769666375031e-02	3.258156625134480538e-02	8.222782341668638528e-02
1.369088970464445310e+03	2.271573347189827785e-01	1.463303571541934578e-01	2.725319490840956704e-01	1.621426343572280049e-01	7.692536119957804619e-02	3.261385394253844133e-02	8.229850954320941381e-02
1.371507855571272785e+03	2.268806807162668249e-01	1.461502236598926086e-01	2.727299036271579880e-01	1.622522342872017298e-01	7.697189276877347552e-02	3.264606879843779536e-02	8.236899614209539089e-02
1.373926740678100487e+03	2.266048108686224694e-01	1.459705960509234679e-01	2.729272974261245932e-01	1.623615081872397392e-01	7.701829278131105960e-02	3.267821091189050675e-02	8.243928377371391447e-02
1.376345625784927961e+03	2.263297229487451212e-01	1.457914729040001856e-01	2.731241320597529443e-01	1.624704571010235632e-01	7.706456161316965758e-02	3.271028037618652767e-02	8.250937299694771632e-02
1.378764510891755890e+03	2.260554147357037025e-01	1.456128527998418187e-01	2.733204091023547222e-01	1.625790820684283045e-01	7.711069963924906123e-02	3.274227728505247487e-02	8.257926436919554858e-02
1.381183395998583137e+03	2.257818840149221906e-01	1.454347343231611744e-01	2.735161301238085430e-01	1.626873841255395692e-01	7.715670723337302028e-02	3.277420173264609243e-02	8.264895844637501487e-02
1.383602281105411066e+03	2.255091285781611332e-01	1.452571160626534297e-01	2.737112966895722810e-01	1.627953643046702870e-01	7.720258476829230943e-02	3.280605381355067990e-02	8.271845578292542911e-02
1.386021166212238768e+03	2.252371462234990240e-01	1.450799966109850847e-01	2.739059103606957257e-01	1.629030236343775861e-01	7.724833261568775367e-02	3.283783362276962436e-02	8.278775693181078532e-02
1.388440051319066470e+03	2.249659347553141509e-01	1.449033745647825555e-01	2.740999726938327941e-01	1.630103631394793362e-01	7.729395114617329532e-02	3.286954125572095348e-02	8.285686244452253324e-02
1.390858936425893944e+03	2.246954919842661380e-01	1.447272485246213214e-01	2.742934852412540203e-01	1.631173838410708010e-01	7.733944072929894997e-02	3.290117680823192309e-02	8.292577287108252038e-02
1.393277821532721646e+03	2.244258157272776555e-01	1.445516170950145729e-01	2.744864495508589353e-01	1.632240867565410702e-01	7.738480173355385960e-02	3.293274037653365349e-02	8.299448876004590636e-02
1.395696706639549120e+03	2.241569038075162390e-01	1.443764788844022207e-01	2.746788671661884451e-01	1.633304728995896293e-01	7.743003452636933182e-02	3.296423205725581423e-02	8.306301065850403564e-02
1.398115591746377049e+03	2.238887540543761934e-01	1.442018325051398764e-01	2.748707396264368219e-01	1.634365432802423745e-01	7.747513947412176805e-02	3.299565194742132279e-02	8.313133911208737958e-02
1.400534476853204296e+03	2.236213643034603293e-01	1.440276765734877784e-01	2.750620684664641935e-01	1.635422989048680997e-01	7.752011694213570281e-02	3.302700014444113347e-02	8.319947466496843691e-02
1.402953361960032225e+03	2.233547323965620612e-01	1.438540097095998282e-01	2.752528552168088671e-01	1.636477407761944280e-01	7.756496729468680129e-02	3.305827674610899158e-02	8.326741785986464806e-02
1.405372247066859927e+03	2.230888561816472826e-01	1.436808305375125994e-01	2.754431014036992642e-01	1.637528698933239935e-01	7.760969089500475981e-02	3.308948185059629871e-02	8.333516923804137888e-02
1.407791132173687402e+03	2.228237335128365193e-01	1.435081376851345125e-01	2.756328085490661883e-01	1.638576872517502614e-01	7.765428810527634507e-02	3.312061555644699173e-02	8.340272933931476562e-02
1.410210017280515103e+03	2.225593622503869717e-01	1.433359297842347613e-01	2.758219781705547047e-01	1.639621938433735160e-01	7.769875928664835008e-02	3.315167796257243588e-02	8.347009870205474025e-02
1.412628902387342805e+03	2.222957402606746957e-01	1.431642054704326539e-01	2.760106117815367410e-01	1.640663906565164865e-01	7.774310479923050854e-02	3.318266916824641477e-02	8.353727786318793092e-02
1.415047787494170507e+03	2.220328654161768112e-01	1.429929633831865943e-01	2.761987108911225230e-01	1.641702786759401955e-01	7.778732500209847855e-02	3.321358927310009979e-02	8.360426735820067345e-02
1.417466672600997981e+03	2.217707355954537940e-01	1.428222021657833685e-01	2.763862770041730088e-01	1.642738588828594748e-01	7.783142025329674307e-02	3.324443837711708177e-02	8.367106772114185631e-02
1.419885557707825683e+03	2.215093486831317959e-01	1.426519204653274031e-01	2.765733116213117126e-01	1.643771322549583969e-01	7.787539090984159362e-02	3.327521658062844445e-02	8.373767948462600141e-02
1.422304442814653157e+03	2.212487025698849918e-01	1.424821169327299408e-01	2.767598162389365291e-01	1.644800997664059017e-01	7.791923732772397526e-02	3.330592398430790024e-02	8.380410317983613688e-02
1.424723327921481086e+03	2.209887951524179550e-01	1.423127902226983821e-01	2.769457923492318896e-01	1.645827623878709234e-01	7.796295986191245642e-02	3.333656068916689835e-02	8.387033933652683626e-02
1.427142213028308333e+03	2.207296243334483654e-01	1.421439389937255715e-01	2.771312414401803648e-01	1.646851210865378501e-01	7.800655886635614322e-02	3.336712679654982305e-02	8.393638848302713285e-02
1.429561098135136262e+03	2.204711880216893016e-01	1.419755619080791675e-01	2.773161649955747654e-01	1.647871768261216230e-01	7.805003469398755223e-02	3.339762240812922667e-02	8.400225114624357281e-02
1.431979983241963964e+03	2.202134841318319214e-01	1.418076576317909843e-01	2.775005644950298000e-01	1.648889305668827798e-01	7.809338769672549696e-02	3.342804762590108336e-02	8.406792785166312953e-02
1.434398868348791666e+03	2.199565105845280866e-01	1.416402248346464721e-01	2.776844414139938433e-01	1.649903832656425262e-01	7.813661822547798841e-02	3.345840255218008458e-02	8.413341912335622896e-02
1.436817753455619140e+03	2.197002653063730160e-01	1.414732621901740317e-01	2.778677972237607596e-01	1.650915358757976403e-01	7.817972663014510770e-02	3.348868728959494140e-02	8.419872548397971945e-02
1.439236638562446842e+03	2.194447462298881879e-01	1.413067683756346338e-01	2.780506333914813943e-01	1.651923893473353777e-01	7.822271325962187882e-02	3.351890194108381876e-02	8.426384745477989713e-02
1.441655523669274316e+03	2.191899512935039651e-01	1.411407420720111883e-01	2.782329513801756193e-01	1.652929446268481817e-01	7.826557846180111355e-02	3.354904660988968640e-02	8.432878555559543410e-02
1.444074408776102018e+03	2.189358784415425252e-01	1.409751819639981085e-01	2.784147526487435464e-01	1.653932026575484493e-01	7.830832258357629805e-02	3.357912139955577385e-02	8.439354030486047320e-02
1.446493293882929493e+03	2.186825256242007076e-01	1.408100867399909029e-01	2.785960386519775733e-01	1.654931643792829921e-01	7.835094597084441004e-02	3.360912641392104633e-02	8.445811221960758397e-02
1.448912178989757422e+03	2.184298907975329995e-01	1.406454550920756830e-01	2.787768108405735412e-01	1.655928307285477463e-01	7.839344896850876376e-02	3.363906175711572910e-02	8.452250181547074637e-02
1.451331064096585123e+03	2.181779719234345771e-01	1.404812857160188944e-01	2.789570706611425033e-01	1.656922026385020952e-01	7.843583192048185493e-02	3.366892753355683887e-02	8.458670960668837613e-02
1.453749949203412370e+03	2.179267669696242360e-01	1.403175773112567970e-01	2.791368195562223820e-01	1.657912810389833569e-01	7.847809516968817789e-02	3.369872384794376369e-02	8.465073610610640564e-02
1.456168834310240300e+03	2.176762739096276544e-01	1.401543285808853068e-01	2.793160589642890157e-01	1.658900668565210512e-01	7.852023905806701509e-02	3.372845080525389144e-02	8.471458182518118440e-02
1.458587719417068001e+03	2.174264907227604349e-01	1.399915382316495593e-01	2.794947903197679828e-01	1.659885610143509715e-01	7.856226392657530977e-02	3.375810851073825919e-02	8.477824727398258764e-02
1.461006604523895703e+03	2.171774153941113117e-01	1.398292049739338072e-01	2.796730150530459258e-01	1.660867644324295345e-01	7.860417011519038599e-02	3.378769706991722327e-02	8.484173296119698615e-02
1.463425489630723177e+03	2.169290459145254424e-01	1.396673275217509280e-01	2.798507345904816535e-01	1.661846780274477686e-01	7.864595796291282137e-02	3.381721658857619883e-02	8.490503939413029943e-02
1.465844374737550879e+03	2.166813802805878098e-01	1.395059045927324326e-01	2.800279503544180759e-01	1.662823027128452757e-01	7.868762780776919485e-02	3.384666717276140629e-02	8.496816707871097940e-02
1.468263259844378354e+03	2.164344164946063187e-01	1.393449349081181954e-01	2.802046637631928627e-01	1.663796393988241917e-01	7.872917998681487617e-02	3.387604892877563861e-02	8.503111651949310512e-02
1.470682144951206283e+03	2.161881525645954760e-01	1.391844171927462959e-01	2.803808762311502112e-01	1.664766889923630089e-01	7.877061483613677362e-02	3.390536196317411183e-02	8.509388821965932492e-02
1.473101030058033530e+03	2.159425865042596537e-01	1.390243501750429433e-01	2.805565891686517821e-01	1.665734523972304537e-01	7.881193269085612352e-02	3.393460638276030172e-02	8.515648268102397889e-02
1.475519915164861459e+03	2.156977163329766856e-01	1.388647325870122906e-01	2.807318039820881350e-01	1.666699305139989207e-01	7.885313388513126576e-02	3.396378229458180825e-02	8.521890040403606870e-02
1.477938800271689161e+03	2.154535400757814634e-01	1.387055631642264142e-01	2.809065220738898860e-01	1.667661242400584054e-01	7.889421875216033608e-02	3.399288980592633097e-02	8.528114188778228300e-02
1.480357685378516862e+03	2.152100557633494782e-01	1.385468406458153501e-01	2.810807448425387545e-01	1.668620344696298552e-01	7.893518762418408330e-02	3.402192902431755428e-02	8.534320762999007826e-02
1.482776570485344337e+03	2.149672614319804165e-01	1.383885637744568797e-01	2.812544736825787761e-01	1.669576620937787137e-01	7.897604083248854767e-02	3.405090005751117144e-02	8.540509812703070414e-02
