1.001418434226643626e+03	2.856514549710884032e-01	1.693895294149177777e-01	2.343083448004204816e-01	1.419055880571108708e-01	6.955238091142923462e-02	2.821693131413460787e-02	7.097577053088317822e-02
1.002869765290740247e+03	2.853875599315340850e-01	1.692318732922426239e-01	2.344816018727031159e-01	1.420131800871493322e-01	6.959686121941580095e-02	2.824453343806292843e-02	7.104439015887660525e-02
1.004321096354836754e+03	2.851241225654999045e-01	1.690744906058735675e-01	2.346545399735953663e-01	1.421205866309210586e-01	6.964126628109111594e-02	2.827210095318560823e-02	7.111289298981787743e-02
1.005772427418933376e+03	2.848611420769652236e-01	1.689173808801620880e-01	2.348271596871102929e-01	1.422278080483052320e-01	6.968559623382140911e-02	2.829963386830404090e-02	7.118127920531627795e-02
1.007223758483029997e+03	2.845986176713055094e-01	1.687605436402942194e-01	2.349994615961477074e-01	1.423348446982504456e-01	6.972985121466965253e-02	2.832713219242767935e-02	7.124954898688937166e-02
1.008675089547126618e+03	2.843365485552898364e-01	1.686039784122892182e-01	2.351714462824968377e-01	1.424416969387785337e-01	6.977403136039650455e-02	2.835459593477265491e-02	7.131770251596103449e-02
1.010126420611223239e+03	2.840749339370781668e-01	1.684476847229978702e-01	2.353431143268390757e-01	1.425483651269883467e-01	6.981813680746136452e-02	2.838202510476039650e-02	7.138573997385945502e-02
1.011577751675319632e+03	2.838137730262190184e-01	1.682916621001011026e-01	2.355144663087505863e-01	1.426548496190594983e-01	6.986216769202317767e-02	2.840941971201623589e-02	7.145366154181509444e-02
1.013029082739416367e+03	2.835530650336469116e-01	1.681359100721084021e-01	2.356855028067049718e-01	1.427611507702561122e-01	6.990612414994154533e-02	2.843677976636806506e-02	7.152146740095877142e-02
1.014480413803512761e+03	2.832928091716798158e-01	1.679804281683563438e-01	2.358562243980758810e-01	1.428672689349304581e-01	6.995000631677754377e-02	2.846410527784496228e-02	7.158915773231978863e-02
1.015931744867609382e+03	2.830330046540168176e-01	1.678252159190072035e-01	2.360266316591395908e-01	1.429732044665266710e-01	6.999381432779473722e-02	2.849139625667583900e-02	7.165673271682396206e-02
1.017383075931706003e+03	2.827736506957353457e-01	1.676702728550472365e-01	2.361967251650778643e-01	1.430789577175844984e-01	7.003754831796009384e-02	2.851865271328809376e-02	7.172419253529176142e-02
1.018834406995802851e+03	2.825147465132888946e-01	1.675155985082854293e-01	2.363665054899801998e-01	1.431845290397427417e-01	7.008120842194491551e-02	2.854587465830627294e-02	7.179153736843645051e-02
1.020285738059899245e+03	2.822562913245045269e-01	1.673611924113518057e-01	2.365359732068467447e-01	1.432899187837431421e-01	7.012479477412576767e-02	2.857306210255074197e-02	7.185876739686224146e-02
1.021737069123995752e+03	2.819982843485803192e-01	1.672070540976961506e-01	2.367051288875906823e-01	1.433951272994337389e-01	7.016830750858536747e-02	2.860021505703634961e-02	7.192588280106246290e-02
1.023188400188092373e+03	2.817407248060828096e-01	1.670531831015863167e-01	2.368739731030407858e-01	1.435001549357725337e-01	7.021174675911359686e-02	2.862733353297112690e-02	7.199288376141782519e-02
1.024639731252188767e+03	2.814836119189449426e-01	1.668995789581068923e-01	2.370425064229442214e-01	1.436050020408311256e-01	7.025511265920830750e-02	2.865441754175495140e-02	7.205977045819458859e-02
1.026091062316285615e+03	2.812269449104630725e-01	1.667462412031576191e-01	2.372107294159688518e-01	1.437096689617980982e-01	7.029840534207629221e-02	2.868146709497826005e-02	7.212654307154281463e-02
1.027542393380382237e+03	2.809707230052947979e-01	1.665931693734521157e-01	2.373786426497058177e-01	1.438141560449826273e-01	7.034162494063421478e-02	2.870848220442075507e-02	7.219320178149468692e-02
1.028993724444478858e+03	2.807149454294564639e-01	1.664403630065161566e-01	2.375462466906722026e-01	1.439184636358179781e-01	7.038477158750940099e-02	2.873546288205010291e-02	7.225974676796274865e-02
1.030445055508575479e+03	2.804596114103206639e-01	1.662878216406863674e-01	2.377135421043133634e-01	1.440225920788648917e-01	7.042784541504087947e-02	2.876240914002064358e-02	7.232617821073825115e-02
1.031896386572671872e+03	2.802047201766139084e-01	1.661355448151086711e-01	2.378805294550055960e-01	1.441265417178151653e-01	7.047084655528015884e-02	2.878932099067213132e-02	7.239249628948943305e-02
1.033347717636768493e+03	2.799502709584140714e-01	1.659835320697368999e-01	2.380472093060585492e-01	1.442303128954949831e-01	7.051377513999218527e-02	2.881619844652845777e-02	7.245870118375992430e-02
1.034799048700865114e+03	2.796962629871480588e-01	1.658317829453313519e-01	2.382135822197177510e-01	1.443339059538682745e-01	7.055663130065618904e-02	2.884304152029638219e-02	7.252479307296709476e-02
1.036250379764961508e+03	2.794426954955891995e-01	1.656802969834571815e-01	2.383796487571670508e-01	1.444373212340402945e-01	7.059941516846658660e-02	2.886985022486427896e-02	7.259077213640048598e-02
1.037701710829058356e+03	2.791895677178550805e-01	1.655290737264832335e-01	2.385454094785311174e-01	1.445405590762608161e-01	7.064212687433384097e-02	2.889662457330088516e-02	7.265663855322015974e-02
1.039153041893154750e+03	2.789368788894048823e-01	1.653781127175802945e-01	2.387108649428778540e-01	1.446436198199275713e-01	7.068476654888534993e-02	2.892336457885405498e-02	7.272239250245515763e-02
1.040604372957251599e+03	2.786846282470371583e-01	1.652274135007197886e-01	2.388760157082208957e-01	1.447465038035895546e-01	7.072733432246632035e-02	2.895007025494953506e-02	7.278803416300196061e-02
1.042055704021347992e+03	2.784328150288872261e-01	1.650769756206723615e-01	2.390408623315220527e-01	1.448492113649503532e-01	7.076983032514057304e-02	2.897674161518971198e-02	7.285356371362294858e-02
1.043507035085444613e+03	2.781814384744250579e-01	1.649267986230063543e-01	2.392054053686936410e-01	1.449517428408713948e-01	7.081225468669147260e-02	2.900337867335241182e-02	7.291898133294491546e-02
1.044958366149541234e+03	2.779304978244525048e-01	1.647768820540864432e-01	2.393696453746010089e-01	1.450540985673752781e-01	7.085460753662277400e-02	2.902998144338967204e-02	7.298428719945754262e-02
1.046409697213637855e+03	2.776799923211012433e-01	1.646272254610721686e-01	2.395335829030649788e-01	1.451562788796489645e-01	7.089688900415944128e-02	2.905654993942651670e-02	7.304948149151191394e-02
1.047861028277734476e+03	2.774299212078302213e-01	1.644778283919165474e-01	2.396972185068640404e-01	1.452582841120470536e-01	7.093909921824850806e-02	2.908308417575977689e-02	7.311456438731911422e-02
1.049312359341831097e+03	2.771802837294232158e-01	1.643286903953645461e-01	2.398605527377369873e-01	1.453601145980950582e-01	7.098123830755992403e-02	2.910958416685687292e-02	7.317953606494875807e-02
1.050763690405927491e+03	2.769310791319865017e-01	1.641798110209516937e-01	2.400235861463851095e-01	1.454617706704924573e-01	7.102330640048738764e-02	2.913604992735463126e-02	7.324439670232757438e-02
1.052215021470024112e+03	2.766823066629466865e-01	1.640311898190027762e-01	2.401863192824746362e-01	1.455632526611159994e-01	7.106530362514923427e-02	2.916248147205810146e-02	7.330914647723800470e-02
1.053666352534120733e+03	2.764339655710479904e-01	1.638828263406302554e-01	2.403487526946390396e-01	1.456645609010228104e-01	7.110723010938917177e-02	2.918887881593936265e-02	7.337378556731684320e-02
1.055117683598217127e+03	2.761860551063500813e-01	1.637347201377329087e-01	2.405108869304815877e-01	1.457656957204535586e-01	7.114908598077718249e-02	2.921524197413636476e-02	7.343831415005383501e-02
1.056569014662313975e+03	2.759385745202257434e-01	1.635868707629944407e-01	2.406727225365773715e-01	1.458666574488355627e-01	7.119087136661034210e-02	2.924157096195176275e-02	7.350273240279033005e-02
1.058020345726410369e+03	2.756915230653583238e-01	1.634392777698820964e-01	2.408342600584759408e-01	1.459674464147859008e-01	7.123258639391359670e-02	2.926786579485174400e-02	7.356704050271800632e-02
1.059471676790506763e+03	2.754448999957396227e-01	1.632919407126451339e-01	2.409955000407033865e-01	1.460680629461144908e-01	7.127423118944063718e-02	2.929412648846487638e-02	7.363123862687748211e-02
1.060923007854603611e+03	2.751987045666673404e-01	1.631448591463135200e-01	2.411564430267647829e-01	1.461685073698272275e-01	7.131580587967464857e-02	2.932035305858097032e-02	7.369532695215709472e-02
1.062374338918700232e+03	2.749529360347429674e-01	1.629980326266964874e-01	2.413170895591464638e-01	1.462687800121289239e-01	7.135731059082921213e-02	2.934654552114992695e-02	7.375930565529154048e-02
1.063825669982796853e+03	2.747075936578692312e-01	1.628514607103812573e-01	2.414774401793183534e-01	1.463688811984264204e-01	7.139874544884899921e-02	2.937270389228060011e-02	7.382317491286069511e-02
1.065277001046893474e+03	2.744626766952478203e-01	1.627051429547313743e-01	2.416374954277361597e-01	1.464688112533316378e-01	7.144011057941064557e-02	2.939882818823967223e-02	7.388693490128830921e-02
1.066728332110990095e+03	2.742181844073769414e-01	1.625590789178855688e-01	2.417972558438437891e-01	1.465685705006644912e-01	7.148140610792355631e-02	2.942491842545053374e-02	7.395058579684078703e-02
1.068179663175086489e+03	2.739741160560493216e-01	1.624132681587562577e-01	2.419567219660754553e-01	1.466681592634559161e-01	7.152263215953064135e-02	2.945097462049214854e-02	7.401412777562599299e-02
1.069630994239183110e+03	2.737304709043495987e-01	1.622677102370281010e-01	2.421158943318580392e-01	1.467675778639508377e-01	7.156378885910916199e-02	2.947699679009796458e-02	7.407756101359204426e-02
1.071082325303279504e+03	2.734872482166521013e-01	1.621224047131567814e-01	2.422747734776133921e-01	1.468668266236111686e-01	7.160487633127149421e-02	2.950298495115478634e-02	7.414088568652613120e-02
1.072533656367376352e+03	2.732444472586184614e-01	1.619773511483674489e-01	2.424333599387604177e-01	1.469659058631185844e-01	7.164589470036591967e-02	2.952893912070168880e-02	7.420410197005330999e-02
1.073984987431472746e+03	2.730020672971955609e-01	1.618325491046533615e-01	2.425916542497174311e-01	1.470648159023777157e-01	7.168684409047741679e-02	2.955485931592890733e-02	7.426721003963544787e-02
1.075436318495569594e+03	2.727601076006128666e-01	1.616879981447746639e-01	2.427496569439043794e-01	1.471635570605187293e-01	7.172772462542841010e-02	2.958074555417677595e-02	7.433021007056998808e-02
1.076887649559666215e+03	2.725185674383804324e-01	1.615436978322568329e-01	2.429073685537450344e-01	1.472621296559005200e-01	7.176853642877957518e-02	2.960659785293460675e-02	7.439310223798885346e-02
1.078338980623762609e+03	2.722774460812864006e-01	1.613996477313894007e-01	2.430647896106691574e-01	1.473605340061132918e-01	7.180927962383057417e-02	2.963241622983965248e-02	7.445588671685739179e-02
1.079790311687859230e+03	2.720367428013949485e-01	1.612558474072244841e-01	2.432219206451148030e-01	1.474587704279816114e-01	7.184995433362086070e-02	2.965820070267600680e-02	7.451856368197325164e-02
1.081241642751955851e+03	2.717964568720435126e-01	1.611122964255756185e-01	2.433787621865303730e-01	1.475568392375671833e-01	7.189056068093040153e-02	2.968395128937354951e-02	7.458113330796529994e-02
1.082692973816052472e+03	2.715565875678412344e-01	1.609689943530161760e-01	2.435353147633769477e-01	1.476547407501716813e-01	7.193109878828048143e-02	2.970966800800688146e-02	7.464359576929255335e-02
1.084144304880149093e+03	2.713171341646661294e-01	1.608259407568780608e-01	2.436915789031304236e-01	1.477524752803395236e-01	7.197156877793443874e-02	2.973535087679428368e-02	7.470595124024316525e-02
1.085595635944245487e+03	2.710780959396629219e-01	1.606831352052504602e-01	2.438475551322835388e-01	1.478500431418607042e-01	7.201197077189838702e-02	2.976099991409663845e-02	7.476819989493337093e-02
1.087046967008342108e+03	2.708394721712409914e-01	1.605405772669783182e-01	2.440032439763482330e-01	1.479474446477735128e-01	7.205230489192204768e-02	2.978661513841643002e-02	7.483034190730647461e-02
1.088498298072438729e+03	2.706012621390718187e-01	1.603982665116611972e-01	2.441586459598577286e-01	1.480446801103673937e-01	7.209257125949938838e-02	2.981219656839666568e-02	7.489237745113182243e-02
1.089949629136535123e+03	2.703634651240869879e-01	1.602562025096516685e-01	2.443137616063686124e-01	1.481417498411854994e-01	7.213276999586945570e-02	2.983774422281986263e-02	7.495430670000390039e-02
1.091400960200631971e+03	2.701260804084757994e-01	1.601143848320542018e-01	2.444685914384630010e-01	1.482386541510276601e-01	7.217290122201705516e-02	2.986325812060703147e-02	7.501612982734125190e-02
1.092852291264728365e+03	2.698891072756829379e-01	1.599728130507235835e-01	2.446231359777507608e-01	1.483353933499529098e-01	7.221296505867354221e-02	2.988873828081663880e-02	7.507784700638554798e-02
1.094303622328825213e+03	2.696525450104064747e-01	1.598314867382638338e-01	2.447773957448715343e-01	1.484319677472822618e-01	7.225296162631753005e-02	2.991418472264358724e-02	7.513945841020068517e-02
1.095754953392921607e+03	2.694163928985954248e-01	1.596904054680266805e-01	2.449313712594968773e-01	1.485283776516013732e-01	7.229289104517559739e-02	2.993959746541822661e-02	7.520096421167181411e-02
1.097206284457018228e+03	2.691806502274474711e-01	1.595495688141102264e-01	2.450850630403323405e-01	1.486246233707632369e-01	7.233275343522303780e-02	2.996497652860532698e-02	7.526236458350440972e-02
1.098657615521114849e+03	2.689453162854069657e-01	1.594089763513577285e-01	2.452384716051195790e-01	1.487207052118907913e-01	7.237254891618458141e-02	2.999032193180310030e-02	7.532365969822336915e-02
1.100108946585211470e+03	2.687103903621624879e-01	1.592686276553561264e-01	2.453915974706384617e-01	1.488166234813796118e-01	7.241227760753511655e-02	3.001563369474218382e-02	7.538484972817213747e-02
1.101560277649308091e+03	2.684758717486447344e-01	1.591285223024348772e-01	2.455444411527092086e-01	1.489123784849004928e-01	7.245193962850042524e-02	3.004091183728467909e-02	7.544593484551177787e-02
1.103011608713404712e+03	2.682417597370242990e-01	1.589886598696644282e-01	2.456970031661943332e-01	1.490079705274020838e-01	7.249153509805783546e-02	3.006615637942313193e-02	7.550691522222018059e-02
1.104462939777501106e+03	2.680080536207092301e-01	1.588490399348550797e-01	2.458492840250008082e-01	1.491033999131134435e-01	7.253106413493699833e-02	3.009136734127959220e-02	7.556779103009111931e-02
1.105914270841597499e+03	2.677747526943433098e-01	1.587096620765555410e-01	2.460012842420821189e-01	1.491986669455466763e-01	7.257052685762059585e-02	3.011654474310461113e-02	7.562856244073348777e-02
1.107365601905694348e+03	2.675418562538033340e-01	1.585705258740516266e-01	2.461530043294402614e-01	1.492937719274994857e-01	7.260992338434496540e-02	3.014168860527629418e-02	7.568922962557038392e-02
1.108816932969790741e+03	2.673093635961973358e-01	1.584316309073649787e-01	2.463044447981277973e-01	1.493887151610577002e-01	7.264925383310090468e-02	3.016679894829933303e-02	7.574979275583837435e-02
1.110268264033887590e+03	2.670772740198619211e-01	1.582929767572517354e-01	2.464556061582499902e-01	1.494834969475978270e-01	7.268851832163431004e-02	3.019187579280403766e-02	7.581025200258662000e-02
1.111719595097984211e+03	2.668455868243604923e-01	1.581545630052011708e-01	2.466064889189667209e-01	1.495781175877896052e-01	7.272771696744689818e-02	3.021691915954539606e-02	7.587060753667612678e-02
1.113170926162080832e+03	2.666143013104809167e-01	1.580163892334345010e-01	2.467570935884945693e-01	1.496725773815984484e-01	7.276684988779685836e-02	3.024192906940213060e-02	7.593085952877892675e-02
1.114622257226177226e+03	2.663834167802333619e-01	1.578784550249034968e-01	2.469074206741088406e-01	1.497668766282880259e-01	7.280591719969961573e-02	3.026690554337573349e-02	7.599100814937732873e-02
1.116073588290273847e+03	2.661529325368479637e-01	1.577407599632891233e-01	2.470574706821455080e-01	1.498610156264226501e-01	7.284491901992844187e-02	3.029184860258955433e-02	7.605105356876316891e-02
1.117524919354370468e+03	2.659228478847728838e-01	1.576033036330003190e-01	2.472072441180032665e-01	1.499549946738698847e-01	7.288385546501517653e-02	3.031675826828786335e-02	7.611099595703703369e-02
1.118976250418467089e+03	2.656931621296719226e-01	1.574660856191726910e-01	2.473567414861455871e-01	1.500488140678028492e-01	7.292272665125090758e-02	3.034163456183491814e-02	7.617083548410755189e-02
1.120427581482563710e+03	2.654638745784225207e-01	1.573291055076672385e-01	2.475059632901025763e-01	1.501424741047028000e-01	7.296153269468665103e-02	3.036647750471404075e-02	7.623057231969063152e-02
1.121878912546660331e+03	2.652349845391135386e-01	1.571923628850689370e-01	2.476549100324730301e-01	1.502359750803614891e-01	7.300027371113401720e-02	3.039128711852670528e-02	7.629020663330879359e-02
1.123330243610756725e+03	2.650064913210430362e-01	1.570558573386856283e-01	2.478035822149264322e-01	1.503293172898835239e-01	7.303894981616589066e-02	3.041606342499162882e-02	7.634973859429042276e-02
1.124781574674853118e+03	2.647783942347162189e-01	1.569195884565465493e-01	2.479519803382048415e-01	1.504225010276889762e-01	7.307756112511708257e-02	3.044080644594385210e-02	7.640916837176911502e-02
1.126232905738949967e+03	2.645506925918431618e-01	1.567835558274011665e-01	2.481001049021249738e-01	1.505155265875154913e-01	7.311610775308501065e-02	3.046551620333385127e-02	7.646849613468298390e-02
1.127684236803046360e+03	2.643233857053368108e-01	1.566477590407178710e-01	2.482479564055800891e-01	1.506083942624209249e-01	7.315458981493037915e-02	3.049019271922663588e-02	7.652772205177395259e-02
1.129135567867143209e+03	2.640964728893107627e-01	1.565121976866826470e-01	2.483955353465419347e-01	1.507011043447855358e-01	7.319300742527780346e-02	3.051483601580085719e-02	7.658684629158718504e-02
1.130586898931239830e+03	2.638699534590770446e-01	1.563768713561978219e-01	2.485428422220626599e-01	1.507936571263144565e-01	7.323136069851650387e-02	3.053944611534791312e-02	7.664586902247035038e-02
1.132038229995336451e+03	2.636438267311441708e-01	1.562417796408808457e-01	2.486898775282768148e-01	1.508860528980399407e-01	7.326964974880094406e-02	3.056402304027107733e-02	7.670479041257299846e-02
1.133489561059432845e+03	2.634180920232148670e-01	1.561069221330628753e-01	2.488366417604032099e-01	1.509782919503238063e-01	7.330787469005148327e-02	3.058856681308460765e-02	7.676361062984599082e-02
1.134940892123529466e+03	2.631927486541839611e-01	1.559722984257876643e-01	2.489831354127469421e-01	1.510703745728596281e-01	7.334603563595502862e-02	3.061307745641288908e-02	7.682232984204080684e-02
1.136392223187626087e+03	2.629677959441362733e-01	1.558379081128101196e-01	2.491293589787011986e-01	1.511623010546750967e-01	7.338413269996567345e-02	3.063755499298954910e-02	7.688094821670900247e-02
1.137843554251722708e+03	2.627432332143445071e-01	1.557037507885952188e-01	2.492753129507492837e-01	1.512540716841343225e-01	7.342216599530536347e-02	3.066199944565660071e-02	7.693946592120157191e-02
1.139294885315819101e+03	2.625190597872671949e-01	1.555698260483166784e-01	2.494209978204663947e-01	1.513456867489401669e-01	7.346013563496450738e-02	3.068641083736358549e-02	7.699788312266835077e-02
1.140746216379915950e+03	2.622952749865465338e-01	1.554361334878555378e-01	2.495664140785216478e-01	1.514371465361363800e-01	7.349804173170267074e-02	3.071078919116671663e-02	7.705619998805751658e-02
1.142197547444012343e+03	2.620718781370061090e-01	1.553026727037990773e-01	2.497115622146797720e-01	1.515284513321099591e-01	7.353588439804914501e-02	3.073513453022803238e-02	7.711441668411489481e-02
1.143648878508108737e+03	2.618488685646491732e-01	1.551694432934395684e-01	2.498564427178032732e-01	1.516196014225933419e-01	7.357366374630361361e-02	3.075944687781453912e-02	7.717253337738352870e-02
1.145100209572205586e+03	2.616262455966561484e-01	1.550364448547729701e-01	2.500010560758541001e-01	1.517105970926666547e-01	7.361137988853680425e-02	3.078372625729738216e-02	7.723055023420305476e-02
1.146551540636302207e+03	2.614040085613827391e-01	1.549036769864975960e-01	2.501454027758955312e-01	1.518014386267600158e-01	7.364903293659105787e-02	3.080797269215100956e-02	7.728846742070918929e-02
1.148002871700398828e+03	2.611821567883579331e-01	1.547711392880129488e-01	2.502894833040941180e-01	1.518921263086556173e-01	7.368662300208102256e-02	3.083218620595233259e-02	7.734628510283320102e-02
1.149454202764495449e+03	2.609606896082817262e-01	1.546388313594185271e-01	2.504332981457215723e-01	1.519826604214899457e-01	7.372415019639425027e-02	3.085636682237990341e-02	7.740400344630134211e-02
1.150905533828591842e+03	2.607396063530230679e-01	1.545067528015123537e-01	2.505768477851564868e-01	1.520730412477560578e-01	7.376161463069177970e-02	3.088051456521308941e-02	7.746162261663443183e-02
1.152356864892688463e+03	2.605189063556178630e-01	1.543749032157900603e-01	2.507201327058862783e-01	1.521632690693056900e-01	7.379901641590883021e-02	3.090462945833125780e-02	7.751914277914730145e-02
1.153808195956785084e+03	2.602985889502669181e-01	1.542432822044433882e-01	2.508631533905090749e-01	1.522533441673513677e-01	7.383635566275534301e-02	3.092871152571296731e-02	7.757656409894829463e-02
1.155259527020881706e+03	2.600786534723337207e-01	1.541118893703590231e-01	2.510059103207354370e-01	1.523432668224687092e-01	7.387363248171666119e-02	3.095276079143514242e-02	7.763388674093879560e-02
1.156710858084978327e+03	2.598590992583424963e-01	1.539807243171173734e-01	2.511484039773901333e-01	1.524330373145984241e-01	7.391084698305405709e-02	3.097677727967228581e-02	7.769111086981274339e-02
1.158162189149074720e+03	2.596399256459760996e-01	1.538497866489913768e-01	2.512906348404142509e-01	1.525226559230485057e-01	7.394799927680544005e-02	3.100076101469566650e-02	7.774823665005618778e-02
1.159613520213171569e+03	2.594211319740740151e-01	1.537190759709451682e-01	2.514326033888666934e-01	1.526121229264963686e-01	7.398508947278588377e-02	3.102471202087252883e-02	7.780526424594684520e-02
1.161064851277267962e+03	2.592027175826302487e-01	1.535885918886329415e-01	2.515743101009262350e-01	1.527014386029909021e-01	7.402211768058827857e-02	3.104863032266529793e-02	7.786219382155358526e-02
1.162516182341364356e+03	2.589846818127911621e-01	1.534583340083977010e-01	2.517157554538932418e-01	1.527906032299546635e-01	7.405908400958388649e-02	3.107251594463079220e-02	7.791902554073606990e-02
1.163967513405461204e+03	2.587670240068537519e-01	1.533283019372699563e-01	2.518569399241913365e-01	1.528796170841857927e-01	7.409598856892296581e-02	3.109636891141944262e-02	7.797575956714428158e-02
1.165418844469557826e+03	2.585497435082632633e-01	1.531984952829666402e-01	2.519978639873693971e-01	1.529684804418602884e-01	7.413283146753538166e-02	3.112018924777450873e-02	7.803239606421807917e-02
1.166870175533654447e+03	2.583328396616113576e-01	1.530689136538897488e-01	2.521385281181032223e-01	1.530571935785339510e-01	7.416961281413118889e-02	3.114397697853130489e-02	7.808893519518683712e-02
1.168321506597751068e+03	2.581163118126339473e-01	1.529395566591252031e-01	2.522789327901973078e-01	1.531457567691444921e-01	7.420633271720120105e-02	3.116773212861644396e-02	7.814537712306901529e-02
1.169772837661847461e+03	2.579001593082092536e-01	1.528104239084417115e-01	2.524190784765868445e-01	1.532341702880135326e-01	7.424299128501758716e-02	3.119145472304703931e-02	7.820172201067171480e-02
1.171224168725944082e+03	2.576843814963558077e-01	1.526815150122893261e-01	2.525589656493391066e-01	1.533224344088486568e-01	7.427958862563448228e-02	3.121514478692997627e-02	7.825797002059038665e-02
1.172675499790040703e+03	2.574689777262302304e-01	1.525528295817984437e-01	2.526985947796556720e-01	1.534105494047454110e-01	7.431612484688855658e-02	3.123880234546113147e-02	7.831412131520835984e-02
1.174126830854137097e+03	2.572539473481255112e-01	1.524243672287784734e-01	2.528379663378736431e-01	1.534985155481894403e-01	7.435260005639961201e-02	3.126242742392463386e-02	7.837017605669649445e-02
1.175578161918233945e+03	2.570392897134687327e-01	1.522961275657166991e-01	2.529770807934680343e-01	1.535863331110582930e-01	7.438901436157110969e-02	3.128602004769209105e-02	7.842613440701284855e-02
1.177029492982330339e+03	2.568250041748192380e-01	1.521681102057771406e-01	2.531159386150529378e-01	1.536740023646236408e-01	7.442536786959079442e-02	3.130958024222187108e-02	7.848199652790227576e-02
1.178480824046426733e+03	2.566110900858664112e-01	1.520403147627991391e-01	2.532545402703836324e-01	1.537615235795530000e-01	7.446166068743127753e-02	3.133310803305836001e-02	7.853776258089607831e-02
1.179932155110523581e+03	2.563975468014279002e-01	1.519127408512963573e-01	2.533928862263581938e-01	1.538488970259120070e-01	7.449789292185055034e-02	3.135660344583119513e-02	7.859343272731171559e-02
1.181383486174620202e+03	2.561843736774475078e-01	1.517853880864554750e-01	2.535309769490192711e-01	1.539361229731660841e-01	7.453406467939263647e-02	3.138006650625456417e-02	7.864900712825236007e-02
1.182834817238716823e+03	2.559715700709932484e-01	1.516582560841350791e-01	2.536688129035557515e-01	1.540232016901826040e-01	7.457017606638807750e-02	3.140349724012645588e-02	7.870448594460668912e-02
1.184286148302813444e+03	2.557591353402552392e-01	1.515313444608643312e-01	2.538063945543046485e-01	1.541101334452327221e-01	7.460622718895457139e-02	3.142689567332793837e-02	7.875986933704851034e-02
1.185737479366910065e+03	2.555470688445437566e-01	1.514046528338419406e-01	2.539437223647525443e-01	1.541969185059933745e-01	7.464221815299748597e-02	3.145026183182243057e-02	7.881515746603642847e-02
1.187188810431006686e+03	2.553353699442873492e-01	1.512781808209349155e-01	2.540807967975375337e-01	1.542835571395491379e-01	7.467814906421044174e-02	3.147359574165502216e-02	7.887035049181356783e-02
1.188640141495103080e+03	2.551240380010307285e-01	1.511519280406773136e-01	2.542176183144508883e-01	1.543700496123942556e-01	7.471402002807583931e-02	3.149689742895169647e-02	7.892544857440722539e-02
1.190091472559199701e+03	2.549130723774328811e-01	1.510258941122691323e-01	2.543541873764387229e-01	1.544563961904344140e-01	7.474983114986546995e-02	3.152016691991867819e-02	7.898045187362866260e-02
1.191542803623296322e+03	2.547024724372650706e-01	1.509000786555750873e-01	2.544905044436036601e-01	1.545425971389886577e-01	7.478558253464104300e-02	3.154340424084168398e-02	7.903536054907275843e-02
1.192994134687392716e+03	2.544922375454087837e-01	1.507744812911234467e-01	2.546265699752065514e-01	1.546286527227914154e-01	7.482127428725472706e-02	3.156660941808526327e-02	7.909017476011773184e-02
1.194445465751489564e+03	2.542823670678538983e-01	1.506491016401048932e-01	2.547623844296683648e-01	1.547145632059941933e-01	7.485690651234970516e-02	3.158978247809206275e-02	7.914489466592487810e-02
1.195896796815585958e+03	2.540728603716965739e-01	1.505239393243712198e-01	2.548979482645714612e-01	1.548003288521675458e-01	7.489247931436071593e-02	3.161292344738215326e-02	7.919952042543831894e-02
1.197348127879682352e+03	2.538637168251374754e-01	1.503989939664344133e-01	2.550332619366615927e-01	1.548859499243029347e-01	7.492799279751463648e-02	3.163603235255232904e-02	7.925405219738472506e-02
1.198799458943779200e+03	2.536549357974796082e-01	1.502742651894651282e-01	2.551683259018494576e-01	1.549714266848144784e-01	7.496344706583099593e-02	3.165910922027542068e-02	7.930849014027303856e-02
1.200250790007875821e+03	2.534465166591265417e-01	1.501497526172917985e-01	2.553031406152124205e-01	1.550567593955409496e-01	7.499884222312250270e-02	3.168215407729962907e-02	7.936283441239432024e-02
1.201702121071972442e+03	2.532384587815802446e-01	1.500254558743994437e-01	2.554377065309961226e-01	1.551419483177474967e-01	7.503417837299561355e-02	3.170516695044781758e-02	7.941708517182138882e-02
1.203153452136069063e+03	2.530307615374394747e-01	1.499013745859283653e-01	2.555720241026162021e-01	1.552269937121274757e-01	7.506945561885106089e-02	3.172814786661685982e-02	7.947124257640868217e-02
1.204604783200165684e+03	2.528234243003975590e-01	1.497775083776730909e-01	2.557060937826598490e-01	1.553118958388043092e-01	7.510467406388440792e-02	3.175109685277695964e-02	7.952530678379199358e-02
1.206056114264262078e+03	2.526164464452404501e-01	1.496538568760811816e-01	2.558399160228875258e-01	1.553966549573332634e-01	7.513983381108652049e-02	3.177401393597098500e-02	7.957927795138823590e-02
1.207507445328358699e+03	2.524098273478450616e-01	1.495304197082520381e-01	2.559734912742346324e-01	1.554812713267031965e-01	7.517493496324414992e-02	3.179689914331379486e-02	7.963315623639524721e-02
1.208958776392455093e+03	2.522035663851769915e-01	1.494071965019358739e-01	2.561068199868131723e-01	1.555657452053384460e-01	7.520997762294044653e-02	3.181975250199159388e-02	7.968694179579159653e-02
1.210410107456551941e+03	2.519976629352888575e-01	1.492841868855323828e-01	2.562399026099132504e-01	1.556500768511005217e-01	7.524496189255552858e-02	3.184257403926126634e-02	7.974063478633636182e-02
1.211861438520648335e+03	2.517921163773181870e-01	1.491613904880897679e-01	2.563727395920046837e-01	1.557342665212898825e-01	7.527988787426692641e-02	3.186536378244971685e-02	7.979423536456893562e-02
1.213312769584745183e+03	2.515869260914856964e-01	1.490388069393034920e-01	2.565053313807389435e-01	1.558183144726478231e-01	7.531475567005017913e-02	3.188812175895323203e-02	7.984774368680883083e-02
1.214764100648841804e+03	2.513820914590931821e-01	1.489164358695150847e-01	2.566376784229503771e-01	1.559022209613579735e-01	7.534956538167929263e-02	3.191084799623682827e-02	7.990115990915552802e-02
1.216215431712937971e+03	2.511776118625216880e-01	1.487942769097110596e-01	2.567697811646580952e-01	1.559859862430482969e-01	7.538431711072729469e-02	3.193354252183361330e-02	7.995448418748825337e-02
1.217666762777034819e+03	2.509734866852295632e-01	1.486723296915218595e-01	2.569016400510674702e-01	1.560696105727926719e-01	7.541901095856677617e-02	3.195620536334414091e-02	8.000771667746581217e-02
1.219118093841131440e+03	2.507697153117506850e-01	1.485505938472205800e-01	2.570332555265716912e-01	1.561530942051127246e-01	7.545364702637036292e-02	3.197883654843577256e-02	8.006085753452647780e-02
1.220569424905228061e+03	2.505662971276924056e-01	1.484290690097218868e-01	2.571646280347535951e-01	1.562364373939794382e-01	7.548822541511122919e-02	3.200143610484206674e-02	8.011390691388775576e-02
1.222020755969324682e+03	2.503632315197336644e-01	1.483077548125808220e-01	2.572957580183869997e-01	1.563196403928148737e-01	7.552274622556362504e-02	3.202400406036211289e-02	8.016686497054625882e-02
1.223472087033421303e+03	2.501605178756232117e-01	1.481866508899917778e-01	2.574266459194383683e-01	1.564027034544940575e-01	7.555720955830341756e-02	3.204654044285995540e-02	8.021973185927759598e-02
1.224923418097517697e+03	2.499581555841775549e-01	1.480657568767873022e-01	2.575572921790685310e-01	1.564856268313463694e-01	7.559161551370853493e-02	3.206904528026392059e-02	8.027250773463619204e-02
1.226374749161614318e+03	2.497561440352792927e-01	1.479450724084369062e-01	2.576876972376340724e-01	1.565684107751574849e-01	7.562596419195950770e-02	3.209151860056604078e-02	8.032519275095510725e-02
1.227826080225710712e+03	2.495544826198749233e-01	1.478245971210461474e-01	2.578178615346890523e-01	1.566510555371709301e-01	7.566025569303994058e-02	3.211396043182140891e-02	8.037778706234596782e-02
1.229277411289807560e+03	2.493531707299732891e-01	1.477043306513552146e-01	2.579477855089866156e-01	1.567335613680897466e-01	7.569449011673708150e-02	3.213637080214758884e-02	8.043029082269881336e-02
1.230728742353903954e+03	2.491522077586434125e-01	1.475842726367380398e-01	2.580774695984803802e-01	1.568159285180782958e-01	7.572866756264225174e-02	3.215874973972398382e-02	8.048270418568199969e-02
1.232180073418000802e+03	2.489515931000128302e-01	1.474644227152010767e-01	2.582069142403261575e-01	1.568981572367636745e-01	7.576278813015137337e-02	3.218109727279126753e-02	8.053502730474201843e-02
1.233631404482097196e+03	2.487513261492656225e-01	1.473447805253821907e-01	2.583361198708833961e-01	1.569802477732375467e-01	7.579685191846545489e-02	3.220341342965074571e-02	8.058726033310345538e-02
1.235082735546193817e+03	2.485514063026405540e-01	1.472253457065494653e-01	2.584650869257169581e-01	1.570622003760577534e-01	7.583085902659110478e-02	3.222569823866378719e-02	8.063940342376882398e-02
1.236534066610290438e+03	2.483518329574292138e-01	1.471061178986003137e-01	2.585938158395983399e-01	1.571440152932498391e-01	7.586480955334100329e-02	3.224795172825119932e-02	8.069145672951852366e-02
1.237985397674387059e+03	2.481526055119742113e-01	1.469870967420601193e-01	2.587223070465076158e-01	1.572256927723087727e-01	7.589870359733441596e-02	3.227017392689267988e-02	8.074342040291067335e-02
1.239436728738483680e+03	2.479537233656672335e-01	1.468682818780812638e-01	2.588505609796344920e-01	1.573072330602005853e-01	7.593254125699763768e-02	3.229236486312617865e-02	8.079529459628106980e-02
1.240888059802580301e+03	2.477551859189471850e-01	1.467496729484420170e-01	2.589785780713803609e-01	1.573886364033639240e-01	7.596632263056454781e-02	3.231452456554736313e-02	8.084707946174306270e-02
1.242339390866676695e+03	2.475569925732984955e-01	1.466312695955452605e-01	2.591063587533595780e-01	1.574699030477116346e-01	7.600004781607698490e-02	3.233665306280898710e-02	8.089877515118755469e-02
1.243790721930773088e+03	2.473591427312490376e-01	1.465130714624176544e-01	2.592339034564009048e-01	1.575510332386323431e-01	7.603371691138538502e-02	3.235875038362035633e-02	8.095038181628279317e-02
1.245242052994869937e+03	2.471616357963685451e-01	1.463950781927083333e-01	2.593612126105492854e-01	1.576320272209921769e-01	7.606733001414910100e-02	3.238081655674672488e-02	8.100189960847437032e-02
1.246693384058966330e+03	2.469644711732665032e-01	1.462772894306878790e-01	2.594882866450670678e-01	1.577128852391361247e-01	7.610088722183702692e-02	3.240285161100873307e-02	8.105332867898518145e-02
1.248144715123063179e+03	2.467676482675904837e-01	1.461597048212472383e-01	2.596151259884358353e-01	1.577936075368898405e-01	7.613438863172797277e-02	3.242485557528184542e-02	8.110466917881532789e-02
1.249596046187159800e+03	2.465711664860242847e-01	1.460423240098965847e-01	2.597417310683577396e-01	1.578741943575610041e-01	7.616783434091116411e-02	3.244682847849576779e-02	8.115592125874201979e-02
1.251047377251256421e+03	2.463750252362860993e-01	1.459251466427642363e-01	2.598681023117570543e-01	1.579546459439409578e-01	7.620122444628674163e-02	3.246877034963392000e-02	8.120708506931959003e-02
1.252498708315352815e+03	2.461792239271266558e-01	1.458081723665955176e-01	2.599942401447817297e-01	1.580349625383063450e-01	7.623455904456620524e-02	3.249068121773283913e-02	8.125816076087939710e-02
1.253950039379449436e+03	2.459837619683273857e-01	1.456914008287518159e-01	2.601201449928046694e-01	1.581151443824204972e-01	7.626783823227292758e-02	3.251256111188162434e-02	8.130914848352979729e-02
1.255401370443546057e+03	2.457886387706986475e-01	1.455748316772093598e-01	2.602458172804255065e-01	1.581951917175350719e-01	7.630106210574257031e-02	3.253441006122143042e-02	8.136004838715608922e-02
1.256852701507642678e+03	2.455938537460779780e-01	1.454584645605581372e-01	2.603712574314721584e-01	1.582751047843914682e-01	7.633423076112358374e-02	3.255622809494485709e-02	8.141086062142051383e-02
1.258304032571739299e+03	2.453994063073281218e-01	1.453422991280008680e-01	2.604964658690019363e-01	1.583548838232225475e-01	7.636734429437766480e-02	3.257801524229544943e-02	8.146158533576215721e-02
1.259755363635835920e+03	2.452052958683353101e-01	1.452263350293518940e-01	2.606214430153033779e-01	1.584345290737539380e-01	7.640040280128021499e-02	3.259977153256713583e-02	8.151222267939696453e-02
1.261206694699932314e+03	2.450115218440074571e-01	1.451105719150360407e-01	2.607461892918975233e-01	1.585140407752057001e-01	7.643340637742079835e-02	3.262149699510367984e-02	8.156277280131772611e-02
1.262658025764028707e+03	2.448180836502723001e-01	1.449950094360877295e-01	2.608707051195394699e-01	1.585934191662936310e-01	7.646635511820362718e-02	3.264319165929814581e-02	8.161323585029403582e-02
1.264109356828125556e+03	2.446249807040757063e-01	1.448796472441497007e-01	2.609949909182199823e-01	1.586726644852310131e-01	7.649924911884799228e-02	3.266485555459238549e-02	8.166361197487226331e-02
1.265560687892221949e+03	2.444322124233797577e-01	1.447644849914720144e-01	2.611190471071666575e-01	1.587517769697298353e-01	7.653208847438873474e-02	3.268648871047648286e-02	8.171390132337555401e-02
1.267012018956318798e+03	2.442397782271610307e-01	1.446495223309109401e-01	2.612428741048457570e-01	1.588307568570025141e-01	7.656487327967670398e-02	3.270809115648824761e-02	8.176410404390384301e-02
1.268463350020415419e+03	2.440476775354087913e-01	1.445347589159280133e-01	2.613664723289634284e-01	1.589096043837631977e-01	7.659760362937920175e-02	3.272966292221266005e-02	8.181422028433379956e-02
1.269914681084511813e+03	2.438559097691232191e-01	1.444201944005887583e-01	2.614898421964672037e-01	1.589883197862292652e-01	7.663027961798044019e-02	3.275120403728136453e-02	8.186425019231886868e-02
1.271366012148608434e+03	2.436644743503136312e-01	1.443058284395618285e-01	2.616129841235474429e-01	1.590669033001228527e-01	7.666290133978195809e-02	3.277271453137216989e-02	8.191419391528927119e-02
1.272817343212705055e+03	2.434733707019966220e-01	1.441916606881178120e-01	2.617358985256388881e-01	1.591453551606722416e-01	7.669546888890317604e-02	3.279419443420849428e-02	8.196405160045196203e-02
1.274268674276801676e+03	2.432825982481943983e-01	1.440776908021282332e-01	2.618585858174219405e-01	1.592236756026133015e-01	7.672798235928168786e-02	3.281564377555887951e-02	8.201382339479071359e-02
1.275720005340898297e+03	2.430921564139329472e-01	1.439639184380644144e-01	2.619810464128243810e-01	1.593018648601909615e-01	7.676044184467385734e-02	3.283706258523647059e-02	8.206350944506611567e-02
1.277171336404994690e+03	2.429020446252402876e-01	1.438503432529965320e-01	2.621032807250225360e-01	1.593799231671606531e-01	7.679284743865515128e-02	3.285845089309852307e-02	8.211310989781551994e-02
1.278622667469091539e+03	2.427122623091446385e-01	1.437369649045924791e-01	2.622252891664428320e-01	1.594578507567896708e-01	7.682519923462062528e-02	3.287980872904585489e-02	8.216262489935315105e-02
1.280073998533187932e+03	2.425228088936727533e-01	1.436237830511168379e-01	2.623470721487631274e-01	1.595356478618586427e-01	7.685749732578538163e-02	3.290113612302240920e-02	8.221205459577009267e-02
1.281525329597284326e+03	2.423336838078480604e-01	1.435107973514298529e-01	2.624686300829144336e-01	1.596133147146630016e-01	7.688974180518498569e-02	3.292243310501468539e-02	8.226139913293431527e-02
1.282976660661381175e+03	2.421448864816890534e-01	1.433980074649862380e-01	2.625899633790819698e-01	1.596908515470142342e-01	7.692193276567590998e-02	3.294369970505130890e-02	8.231065865649070390e-02
1.284427991725477568e+03	2.419564163462073481e-01	1.432854130518343427e-01	2.627110724467067726e-01	1.597682585902414354e-01	7.695407029993596437e-02	3.296493595320248993e-02	8.235983331186109979e-02
1.285879322789574417e+03	2.417682728334061282e-01	1.431730137726149599e-01	2.628319576944872504e-01	1.598455360751925569e-01	7.698615450046472630e-02	3.298614187957954469e-02	8.240892324424435589e-02
1.287330653853671038e+03	2.415804553762782025e-01	1.430608092885603255e-01	2.629526195303802383e-01	1.599226842322359898e-01	7.701818545958399875e-02	3.300731751433443745e-02	8.245792859861639235e-02
1.288781984917767431e+03	2.413929634088044229e-01	1.429487992614930647e-01	2.630730583616027740e-01	1.599997032912617578e-01	7.705016326943819882e-02	3.302846288765923927e-02	8.250684951973018266e-02
1.290233315981864052e+03	2.412057963659518522e-01	1.428369833538251366e-01	2.631932745946333196e-01	1.600765934816830161e-01	7.708208802199485732e-02	3.304957802978569087e-02	8.255568615211585082e-02
