1.001418434226643626e+03	2.797867032308720692e-01	1.806028569118380278e-01	2.348547638389262837e-01	1.409551207801127137e-01	6.807884367634092770e-02	2.682174258476196019e-02	6.889996897697579781e-02
1.002869765290740247e+03	2.795308241917405234e-01	1.804372481000099948e-01	2.350375576719035409e-01	1.410595390395190940e-01	6.812184382049175924e-02	2.684805960980923487e-02	6.896492756635366761e-02
1.004321096354836754e+03	2.792753814343662544e-01	1.802719182200671066e-01	2.352200417286464951e-01	1.411637620948905658e-01	6.816477050972841178e-02	2.687434890772674723e-02	6.902977710440220960e-02
1.005772427418933376e+03	2.790203742111035390e-01	1.801068668016032326e-01	2.354022165320797111e-01	1.412677903567218229e-01	6.820762387090768819e-02	2.690061046336061218e-02	6.909451776405117762e-02
1.007223758483029997e+03	2.787658017756057260e-01	1.799420933750056906e-01	2.355840826042446268e-01	1.413716242344638108e-01	6.825040403065688044e-02	2.692684426181192123e-02	6.915914971803914513e-02
1.008675089547126618e+03	2.785116633828231270e-01	1.797775974714539149e-01	2.357656404663008853e-01	1.414752641365268626e-01	6.829311111537446355e-02	2.695305028843545531e-02	6.922367313891300555e-02
1.010126420611223239e+03	2.782579582890006287e-01	1.796133786229182072e-01	2.359468906385280840e-01	1.415787104702840304e-01	6.833574525123080334e-02	2.697922852883841496e-02	6.928808819902751437e-02
1.011577751675319632e+03	2.780046857516753067e-01	1.794494363621583211e-01	2.361278336403269951e-01	1.416819636420742490e-01	6.837830656416889197e-02	2.700537896887913319e-02	6.935239507054478947e-02
1.013029082739416367e+03	2.777518450296740937e-01	1.792857702227220462e-01	2.363084699902212871e-01	1.417850240572056941e-01	6.842079517990501403e-02	2.703150159466581257e-02	6.941659392543376994e-02
1.014480413803512761e+03	2.774994353831114480e-01	1.791223797389441541e-01	2.364888002058588012e-01	1.418878921199587251e-01	6.846321122392948211e-02	2.705759639255524845e-02	6.948068493546986912e-02
1.015931744867609382e+03	2.772474560733871884e-01	1.789592644459447601e-01	2.366688248040131337e-01	1.419905682335893538e-01	6.850555482150727515e-02	2.708366334915159046e-02	6.954466827223443337e-02
1.017383075931706003e+03	2.769959063631838858e-01	1.787964238796281857e-01	2.368485443005851898e-01	1.420930528003323534e-01	6.854782609767874624e-02	2.710970245130506565e-02	6.960854410711431184e-02
1.018834406995802851e+03	2.767447855164649195e-01	1.786338575766815706e-01	2.370279592106044886e-01	1.421953462214044228e-01	6.859002517726021930e-02	2.713571368611074688e-02	6.967231261130141240e-02
1.020285738059899245e+03	2.764940927984718688e-01	1.784715650745735682e-01	2.372070700482307726e-01	1.422974488970073226e-01	6.863215218484472468e-02	2.716169704090730039e-02	6.973597395579228531e-02
1.021737069123995752e+03	2.762438274757222922e-01	1.783095459115529857e-01	2.373858773267554234e-01	1.423993612263310948e-01	6.867420724480256811e-02	2.718765250327576793e-02	6.979952831138767910e-02
1.023188400188092373e+03	2.759939888160074517e-01	1.781477996266475905e-01	2.375643815586029328e-01	1.425010836075572829e-01	6.871619048128201068e-02	2.721358006103830746e-02	6.986297584869216593e-02
1.024639731252188767e+03	2.757445760883902031e-01	1.779863257596626391e-01	2.377425832553323737e-01	1.426026164378619843e-01	6.875810201820990730e-02	2.723947970225699261e-02	6.992631673811365578e-02
1.026091062316285615e+03	2.754955885632023316e-01	1.778251238511797394e-01	2.379204829276388711e-01	1.427039601134189040e-01	6.879994197929227562e-02	2.726535141523257766e-02	6.998955114986307735e-02
1.027542393380382237e+03	2.752470255120425535e-01	1.776641934425552682e-01	2.380980810853550733e-01	1.428051150294027405e-01	6.884171048801493442e-02	2.729119518850329010e-02	7.005267925395394779e-02
1.028993724444478858e+03	2.749988862077741292e-01	1.775035340759193447e-01	2.382753782374525398e-01	1.429060815799920725e-01	6.888340766764412815e-02	2.731701101084361635e-02	7.011570122020198415e-02
1.030445055508575479e+03	2.747511699245226424e-01	1.773431452941744702e-01	2.384523748920433228e-01	1.430068601583725230e-01	6.892503364122708198e-02	2.734279887126311176e-02	7.017861721822472865e-02
1.031896386572671872e+03	2.745038759376735582e-01	1.771830266409940569e-01	2.386290715563813003e-01	1.431074511567399232e-01	6.896658853159259861e-02	2.736855875900517931e-02	7.024142741744118790e-02
1.033347717636768493e+03	2.742570035238704462e-01	1.770231776608212626e-01	2.388054687368637019e-01	1.432078549663033107e-01	6.900807246135171047e-02	2.739429066354589354e-02	7.030413198707148592e-02
1.034799048700865114e+03	2.740105519610120388e-01	1.768635978988677415e-01	2.389815669390324970e-01	1.433080719772881206e-01	6.904948555289810996e-02	2.741999457459281045e-02	7.036673109613646171e-02
1.036250379764961508e+03	2.737645205282505656e-01	1.767042869011122008e-01	2.391573666675759491e-01	1.434081025789391284e-01	6.909082792840888498e-02	2.744567048208377408e-02	7.042922491345736391e-02
1.037701710829058356e+03	2.735189085059890335e-01	1.765452442142991796e-01	2.393328684263298645e-01	1.435079471595235856e-01	6.913209970984494912e-02	2.747131837618575420e-02	7.049161360765549000e-02
1.039153041893154750e+03	2.732737151758793392e-01	1.763864693859378552e-01	2.395080727182792857e-01	1.436076061063342457e-01	6.917330101895166616e-02	2.749693824729366326e-02	7.055389734715185324e-02
1.040604372957251599e+03	2.730289398208198826e-01	1.762279619643005169e-01	2.396829800455597681e-01	1.437070798056923893e-01	6.921443197725937746e-02	2.752253008602919410e-02	7.061607630016684956e-02
1.042055704021347992e+03	2.727845817249532345e-01	1.760697214984215109e-01	2.398575909094587677e-01	1.438063686429508492e-01	6.925549270608392927e-02	2.754809388323965769e-02	7.067815063471996617e-02
1.043507035085444613e+03	2.725406401736641948e-01	1.759117475380958251e-01	2.400319058104172232e-01	1.439054730024970641e-01	6.929648332652726950e-02	2.757362962999682088e-02	7.074012051862942074e-02
1.044958366149541234e+03	2.722971144535773491e-01	1.757540396338778677e-01	2.402059252480309159e-01	1.440043932677561034e-01	6.933740395947787793e-02	2.759913731759576147e-02	7.080198611951189769e-02
1.046409697213637855e+03	2.720540038525547377e-01	1.755965973370801625e-01	2.403796497210519134e-01	1.441031298211936096e-01	6.937825472561140461e-02	2.762461693755371983e-02	7.086374760478221513e-02
1.047861028277734476e+03	2.718113076596939126e-01	1.754394201997720726e-01	2.405530797273899846e-01	1.442016830443187680e-01	6.941903574539110000e-02	2.765006848160895397e-02	7.092540514165301957e-02
1.049312359341831097e+03	2.715690251653254950e-01	1.752825077747784399e-01	2.407262157641139877e-01	1.443000533176874156e-01	6.945974713906837017e-02	2.767549194171960159e-02	7.098695889713456386e-02
1.050763690405927491e+03	2.713271556610110102e-01	1.751258596156784753e-01	2.408990583274533692e-01	1.443982410209048162e-01	6.950038902668327634e-02	2.770088731006255245e-02	7.104840903803433250e-02
1.052215021470024112e+03	2.710856984395408897e-01	1.749694752768043426e-01	2.410716079127995237e-01	1.444962465326287693e-01	6.954096152806507614e-02	2.772625457903231741e-02	7.110975573095686120e-02
1.053666352534120733e+03	2.708446527949320282e-01	1.748133543132399936e-01	2.412438650147072372e-01	1.445940702305725523e-01	6.958146476283262605e-02	2.775159374123992162e-02	7.117099914230337609e-02
1.055117683598217127e+03	2.706040180224257297e-01	1.746574962808198350e-01	2.414158301268961304e-01	1.446917124915077513e-01	6.962189885039499204e-02	2.777690478951175615e-02	7.123213943827155781e-02
1.056569014662313975e+03	2.703637934184853209e-01	1.745019007361274521e-01	2.415875037422519911e-01	1.447891736912673144e-01	6.966226390995183815e-02	2.780218771688849899e-02	7.129317678485530552e-02
1.058020345726410369e+03	2.701239782807941525e-01	1.743465672364944985e-01	2.417588863528282173e-01	1.448864542047483828e-01	6.970256006049399544e-02	2.782744251662398402e-02	7.135411134784448717e-02
1.059471676790506763e+03	2.698845719082534345e-01	1.741914953399990862e-01	2.419299784498472883e-01	1.449835544059152603e-01	6.974278742080389226e-02	2.785266918218410812e-02	7.141494329282464804e-02
1.060923007854603611e+03	2.696455736009798487e-01	1.740366846054649252e-01	2.421007805237020971e-01	1.450804746678023005e-01	6.978294610945599830e-02	2.787786770724573135e-02	7.147567278517680256e-02
1.062374338918700232e+03	2.694069826603036621e-01	1.738821345924597972e-01	2.422712930639573936e-01	1.451772153625167094e-01	6.982303624481740745e-02	2.790303808569558411e-02	7.153629999007717066e-02
1.063825669982796853e+03	2.691687983887662838e-01	1.737278448612944171e-01	2.424415165593511168e-01	1.452737768612415714e-01	6.986305794504818478e-02	2.792818031162917769e-02	7.159682507249701122e-02
1.065277001046893474e+03	2.689310200901182113e-01	1.735738149730211566e-01	2.426114514977958936e-01	1.453701595342385966e-01	6.990301132810188001e-02	2.795329437934972530e-02	7.165724819720228900e-02
1.066728332110990095e+03	2.686936470693169210e-01	1.734200444894328230e-01	2.427810983663803157e-01	1.454663637508510354e-01	6.994289651172601319e-02	2.797838028336705266e-02	7.171756952875354973e-02
1.068179663175086489e+03	2.684566786325247034e-01	1.732665329730612991e-01	2.429504576513704939e-01	1.455623898795065374e-01	6.998271361346246333e-02	2.800343801839653632e-02	7.177778923150567036e-02
1.069630994239183110e+03	2.682201140871064426e-01	1.731132799871764050e-01	2.431195298382112790e-01	1.456582382877199822e-01	7.002246275064798187e-02	2.802846757935802124e-02	7.183790746960760920e-02
1.071082325303279504e+03	2.679839527416273404e-01	1.729602850957846771e-01	2.432883154115277335e-01	1.457539093420963106e-01	7.006214404041459509e-02	2.805346896137476259e-02	7.189792440700226717e-02
1.072533656367376352e+03	2.677481939058511395e-01	1.728075478636279805e-01	2.434568148551266020e-01	1.458494034083333002e-01	7.010175759969007603e-02	2.807844215977236407e-02	7.195784020742625187e-02
1.073984987431472746e+03	2.675128368907376819e-01	1.726550678561823982e-01	2.436250286519974773e-01	1.459447208512243965e-01	7.014130354519837462e-02	2.810338717007771978e-02	7.201765503440966942e-02
1.075436318495569594e+03	2.672778810084407430e-01	1.725028446396569548e-01	2.437929572843144099e-01	1.460398620346615994e-01	7.018078199346004797e-02	2.812830398801796986e-02	7.207736905127595795e-02
1.076887649559666215e+03	2.670433255723062560e-01	1.723508777809923953e-01	2.439606012334371021e-01	1.461348273216381277e-01	7.022019306079267664e-02	2.815319260951944236e-02	7.213698242114172099e-02
1.078338980623762609e+03	2.668091698968697578e-01	1.721991668478599080e-01	2.441279609799124062e-01	1.462296170742512780e-01	7.025953686331135040e-02	2.817805303070661238e-02	7.219649530691646389e-02
1.079790311687859230e+03	2.665754132978543911e-01	1.720477114086598758e-01	2.442950370034756846e-01	1.463242316537051724e-01	7.029881351692902902e-02	2.820288524790107512e-02	7.225590787130252435e-02
1.081241642751955851e+03	2.663420550921690722e-01	1.718965110325207657e-01	2.444618297830520870e-01	1.464186714203135065e-01	7.033802313735701417e-02	2.822768925762050157e-02	7.231522027679482267e-02
1.082692973816052472e+03	2.661090945979058819e-01	1.717455652892977414e-01	2.446283397967580764e-01	1.465129367335023802e-01	7.037716584010532406e-02	2.825246505657761156e-02	7.237443268568075072e-02
1.084144304880149093e+03	2.658765311343384563e-01	1.715948737495715803e-01	2.447945675219026507e-01	1.466070279518128794e-01	7.041624174048315143e-02	2.827721264167915027e-02	7.243354526003993599e-02
1.085595635944245487e+03	2.656443640219194324e-01	1.714444359846473698e-01	2.449605134349888413e-01	1.467009454329039619e-01	7.045525095359926604e-02	2.830193201002486822e-02	7.249255816174414446e-02
1.087046967008342108e+03	2.654125925822786725e-01	1.712942515665532572e-01	2.451261780117149069e-01	1.467946895335551505e-01	7.049419359436237542e-02	2.832662315890649429e-02	7.255147155245711410e-02
1.088498298072438729e+03	2.651812161382209321e-01	1.711443200680393129e-01	2.452915617269758042e-01	1.468882606096691135e-01	7.053306977748162454e-02	2.835128608580674350e-02	7.261028559363437440e-02
1.089949629136535123e+03	2.649502340137240286e-01	1.709946410625762525e-01	2.454566650548646034e-01	1.469816590162746350e-01	7.057187961746692884e-02	2.837592078839829696e-02	7.266900044652317703e-02
1.091400960200631971e+03	2.647196455339365095e-01	1.708452141243542721e-01	2.456214884686737376e-01	1.470748851075290020e-01	7.061062322862939056e-02	2.840052726454280266e-02	7.272761627216224600e-02
1.092852291264728365e+03	2.644894500251755431e-01	1.706960388282817986e-01	2.457860324408963626e-01	1.471679392367208905e-01	7.064930072508172898e-02	2.842510551228986590e-02	7.278613323138173608e-02
1.094303622328825213e+03	2.642596468149251421e-01	1.705471147499842133e-01	2.459502974432278000e-01	1.472608217562730026e-01	7.068791222073862734e-02	2.844965552987607088e-02	7.284455148480305231e-02
1.095754953392921607e+03	2.640302352318337209e-01	1.703984414658028246e-01	2.461142839465667864e-01	1.473535330177446478e-01	7.072645782931717695e-02	2.847417731572398497e-02	7.290287119283872519e-02
1.097206284457018228e+03	2.638012146057122642e-01	1.702500185527934806e-01	2.462779924210168336e-01	1.474460733718345462e-01	7.076493766433722410e-02	2.849867086844116298e-02	7.296109251569232734e-02
1.098657615521114849e+03	2.635725842675322173e-01	1.701018455887254310e-01	2.464414233358876161e-01	1.475384431683833264e-01	7.080335183912180030e-02	2.852313618681918267e-02	7.301921561335827926e-02
1.100108946585211470e+03	2.633443435494233209e-01	1.699539221520801613e-01	2.466045771596963032e-01	1.476306427563762735e-01	7.084170046679746924e-02	2.854757326983264551e-02	7.307724064562175215e-02
1.101560277649308091e+03	2.631164917846715023e-01	1.698062478220500604e-01	2.467674543601688641e-01	1.477226724839459104e-01	7.087998366029474306e-02	2.857198211663821916e-02	7.313516777205864017e-02
1.103011608713404712e+03	2.628890283077170431e-01	1.696588221785373940e-01	2.469300554042414830e-01	1.478145326983745511e-01	7.091820153234845714e-02	2.859636272657366945e-02	7.319299715203533840e-02
1.104462939777501106e+03	2.626619524541524142e-01	1.695116448021530553e-01	2.470923807580618081e-01	1.479062237460970208e-01	7.095635419549814471e-02	2.862071509915687512e-02	7.325072894470868734e-02
1.105914270841597499e+03	2.624352635607201112e-01	1.693647152742152329e-01	2.472544308869902840e-01	1.479977459727032096e-01	7.099444176208838386e-02	2.864503923408489791e-02	7.330836330902590348e-02
1.107365601905694348e+03	2.622089609653107667e-01	1.692180331767484114e-01	2.474162062556015951e-01	1.480890997229405981e-01	7.103246434426925549e-02	2.866933513123298694e-02	7.336590040372441279e-02
1.108816932969790741e+03	2.619830440069610411e-01	1.690715980924820394e-01	2.475777073276858309e-01	1.481802853407170051e-01	7.107042205399664858e-02	2.869360279065366268e-02	7.342334038733179524e-02
1.110268264033887590e+03	2.617575120258515686e-01	1.689254096048494747e-01	2.477389345662499576e-01	1.482713031691029748e-01	7.110831500303259334e-02	2.871784221257574210e-02	7.348068341816572924e-02
1.111719595097984211e+03	2.615323643633049033e-01	1.687794672979866240e-01	2.478998884335190944e-01	1.483621535503344135e-01	7.114614330294578848e-02	2.874205339740340190e-02	7.353792965433382511e-02
1.113170926162080832e+03	2.613076003617836318e-01	1.686337707567309163e-01	2.480605693909377907e-01	1.484528368258151709e-01	7.118390706511176780e-02	2.876623634571524868e-02	7.359507925373361126e-02
1.114622257226177226e+03	2.610832193648880417e-01	1.684883195666200262e-01	2.482209778991713856e-01	1.485433533361195380e-01	7.122160640071342752e-02	2.879039105826335446e-02	7.365213237405239532e-02
1.116073588290273847e+03	2.608592207173544564e-01	1.683431133138906521e-01	2.483811144181072850e-01	1.486337034209948282e-01	7.125924142074128997e-02	2.881451753597235807e-02	7.370908917276725036e-02
1.117524919354370468e+03	2.606356037650530699e-01	1.681981515854775455e-01	2.485409794068563771e-01	1.487238874193638483e-01	7.129681223599393380e-02	2.883861577993850761e-02	7.376594980714490379e-02
1.118976250418467089e+03	2.604123678549858378e-01	1.680534339690120671e-01	2.487005733237541982e-01	1.488139056693273954e-01	7.133431895707829928e-02	2.886268579142875143e-02	7.382271443424166801e-02
1.120427581482563710e+03	2.601895123352844785e-01	1.679089600528212156e-01	2.488598966263623757e-01	1.489037585081668669e-01	7.137176169441006301e-02	2.888672757187980833e-02	7.387938321090339877e-02
1.121878912546660331e+03	2.599670365552085860e-01	1.677647294259263233e-01	2.490189497714699052e-01	1.489934462723466746e-01	7.140914055821401263e-02	2.891074112289725162e-02	7.393595629376541190e-02
1.123330243610756725e+03	2.597449398651436314e-01	1.676207416780419734e-01	2.491777332150943991e-01	1.490829692975167708e-01	7.144645565852440761e-02	2.893472644625460360e-02	7.399243383925241391e-02
1.124781574674853118e+03	2.595232216165988537e-01	1.674769963995747790e-01	2.493362474124833916e-01	1.491723279185150908e-01	7.148370710518527071e-02	2.895868354389241617e-02	7.404881600357847427e-02
1.126232905738949967e+03	2.593018811622051500e-01	1.673334931816221893e-01	2.494944928181157540e-01	1.492615224693699949e-01	7.152089500785079046e-02	2.898261241791737219e-02	7.410510294274695597e-02
1.127684236803046360e+03	2.590809178557135217e-01	1.671902316159714352e-01	2.496524698857028601e-01	1.493505532833028782e-01	7.155801947598569579e-02	2.900651307060137310e-02	7.416129481255050171e-02
1.129135567867143209e+03	2.588603310519925760e-01	1.670472112950982524e-01	2.498101790681899470e-01	1.494394206927304458e-01	7.159508061886553365e-02	2.903038550438065413e-02	7.421739176857089504e-02
1.130586898931239830e+03	2.586401201070267497e-01	1.669044318121657433e-01	2.499676208177574743e-01	1.495281250292672670e-01	7.163207854557709919e-02	2.905422972185487882e-02	7.427339396617912981e-02
1.132038229995336451e+03	2.584202843779144776e-01	1.667618927610232671e-01	2.501247955858222349e-01	1.496166666237281340e-01	7.166901336501868558e-02	2.907804572578625776e-02	7.432930156053528525e-02
1.133489561059432845e+03	2.582008232228660272e-01	1.666195937362052737e-01	2.502817038230387703e-01	1.497050458061305600e-01	7.170588518590048643e-02	2.910183351909866045e-02	7.438511470658853986e-02
1.134940892123529466e+03	2.579817360012015004e-01	1.664775343329301105e-01	2.504383459793007582e-01	1.497932629056971665e-01	7.174269411674494279e-02	2.912559310487672012e-02	7.444083355907708810e-02
1.136392223187626087e+03	2.577630220733490574e-01	1.663357141470988287e-01	2.505947225037421511e-01	1.498813182508580977e-01	7.177944026588707616e-02	2.914932448636496989e-02	7.449645827252818209e-02
1.137843554251722708e+03	2.575446808008427513e-01	1.661941327752941289e-01	2.507508338447383411e-01	1.499692121692533520e-01	7.181612374147482158e-02	2.917302766696696498e-02	7.455198900125803441e-02
1.139294885315819101e+03	2.573267115463206411e-01	1.660527898147791670e-01	2.509066804499077152e-01	1.500569449877352801e-01	7.185274465146933298e-02	2.919670265024440145e-02	7.460742589937183200e-02
1.140746216379915950e+03	2.571091136735229599e-01	1.659116848634964170e-01	2.510622627661128203e-01	1.501445170323708889e-01	7.188930310364537168e-02	2.922034943991625236e-02	7.466276912076366679e-02
1.142197547444012343e+03	2.568918865472897828e-01	1.657708175200664769e-01	2.512175812394616958e-01	1.502319286284442834e-01	7.192579920559163953e-02	2.924396803985791424e-02	7.471801881911660503e-02
1.143648878508108737e+03	2.566750295335595289e-01	1.656301873837870142e-01	2.513726363153089283e-01	1.503191801004589156e-01	7.196223306471107029e-02	2.926755845410032933e-02	7.477317514790257635e-02
1.145100209572205586e+03	2.564585419993666848e-01	1.654897940546315449e-01	2.515274284382572612e-01	1.504062717721401099e-01	7.199860478822120435e-02	2.929112068682913905e-02	7.482823826038240145e-02
1.146551540636302207e+03	2.562424233128401396e-01	1.653496371332483228e-01	2.516819580521585387e-01	1.504932039664372001e-01	7.203491448315450796e-02	2.931465474238382704e-02	7.488320830960577823e-02
1.148002871700398828e+03	2.560266728432009642e-01	1.652097162209591741e-01	2.518362256001153154e-01	1.505799770055260556e-01	7.207116225635867846e-02	2.933816062525687260e-02	7.493808544841129571e-02
1.149454202764495449e+03	2.558112899607606350e-01	1.650700309197584426e-01	2.519902315244816893e-01	1.506665912108113292e-01	7.210734821449703291e-02	2.936163834009290069e-02	7.499286982942637847e-02
1.150905533828591842e+03	2.555962740369189801e-01	1.649305808323117684e-01	2.521439762668649665e-01	1.507530469029287334e-01	7.214347246404873015e-02	2.938508789168784233e-02	7.504756160506731444e-02
1.152356864892688463e+03	2.553816244441625694e-01	1.647913655619549222e-01	2.522974602681268275e-01	1.508393444017474549e-01	7.217953511130925648e-02	2.940850928498808803e-02	7.510216092753926875e-02
1.153808195956785084e+03	2.551673405560623276e-01	1.646523847126928897e-01	2.524506839683843817e-01	1.509254840263723751e-01	7.221553626239057833e-02	2.943190252508966556e-02	7.515666794883624213e-02
1.155259527020881706e+03	2.549534217472718134e-01	1.645136378891984552e-01	2.526036478070116664e-01	1.510114660951464294e-01	7.225147602322160023e-02	2.945526761723739687e-02	7.521108282074111251e-02
1.156710858084978327e+03	2.547398673935255542e-01	1.643751246968112034e-01	2.527563522226408121e-01	1.510972909256528274e-01	7.228735449954841463e-02	2.947860456682407232e-02	7.526540569482563503e-02
1.158162189149074720e+03	2.545266768716366035e-01	1.642368447415365196e-01	2.529087976531632642e-01	1.511829588347174402e-01	7.232317179693463494e-02	2.950191337938963196e-02	7.531963672245044206e-02
1.159613520213171569e+03	2.543138495594952087e-01	1.640987976300442852e-01	2.530609845357310039e-01	1.512684701384108821e-01	7.235892802076175634e-02	2.952519406062033627e-02	7.537377605476504316e-02
1.161064851277267962e+03	2.541013848360664240e-01	1.639609829696677401e-01	2.532129133067579918e-01	1.513538251520510081e-01	7.239462327622944726e-02	2.954844661634794742e-02	7.542782384270790841e-02
1.162516182341364356e+03	2.538892820813885010e-01	1.638234003684025941e-01	2.533645844019212223e-01	1.514390241902049683e-01	7.243025766835585466e-02	2.957167105254892431e-02	7.548178023700638506e-02
1.163967513405461204e+03	2.536775406765708896e-01	1.636860494349056949e-01	2.535159982561620007e-01	1.515240675666915671e-01	7.246583130197793710e-02	2.959486737534360729e-02	7.553564538817678087e-02
1.165418844469557826e+03	2.534661600037922402e-01	1.635489297784939178e-01	2.536671553036872750e-01	1.516089555945834555e-01	7.250134428175179779e-02	2.961803559099539934e-02	7.558941944652436407e-02
1.166870175533654447e+03	2.532551394462987937e-01	1.634120410091431386e-01	2.538180559779708023e-01	1.516936885862093243e-01	7.253679671215297609e-02	2.964117570590997855e-02	7.564310256214343275e-02
1.168321506597751068e+03	2.530444783884021609e-01	1.632753827374871514e-01	2.539687007117543138e-01	1.517782668531562906e-01	7.257218869747676659e-02	2.966428772663449315e-02	7.569669488491725939e-02
1.169772837661847461e+03	2.528341762154774908e-01	1.631389545748164749e-01	2.541190899370490697e-01	1.518626907062718967e-01	7.260752034183855230e-02	2.968737165985675316e-02	7.575019656451818795e-02
1.171224168725944082e+03	2.526242323139619161e-01	1.630027561330772146e-01	2.542692240851366359e-01	1.519469604556664688e-01	7.264279174917408211e-02	2.971042751240445326e-02	7.580360775040764776e-02
1.172675499790040703e+03	2.524146460713522777e-01	1.628667870248700633e-01	2.544191035865704942e-01	1.520310764107151991e-01	7.267800302323983164e-02	2.973345529124437128e-02	7.585692859183615355e-02
1.174126830854137097e+03	2.522054168762034587e-01	1.627310468634491636e-01	2.545687288711770968e-01	1.521150388800604769e-01	7.271315426761328082e-02	2.975645500348157724e-02	7.591015923784341646e-02
1.175578161918233945e+03	2.519965441181264421e-01	1.625955352627209416e-01	2.547181003680570321e-01	1.521988481716138875e-01	7.274824558569323307e-02	2.977942665635866654e-02	7.596329983725831625e-02
1.177029492982330339e+03	2.517880271877864229e-01	1.624602518372430526e-01	2.548672185055864681e-01	1.522825045925585430e-01	7.278327708070013446e-02	2.980237025725496203e-02	7.601635053869894298e-02
1.178480824046426733e+03	2.515798654769010878e-01	1.623251962022232986e-01	2.550160837114180956e-01	1.523660084493511924e-01	7.281824885567635131e-02	2.982528581368574377e-02	7.606931149057268027e-02
1.179932155110523581e+03	2.513720583782386164e-01	1.621903679735185733e-01	2.551646964124827388e-01	1.524493600477243305e-01	7.285316101348650319e-02	2.984817333330148231e-02	7.612218284107620525e-02
1.181383486174620202e+03	2.511646052856157940e-01	1.620557667676336133e-01	2.553130570349901873e-01	1.525325596926884186e-01	7.288801365681780997e-02	2.987103282388705108e-02	7.617496473819557190e-02
1.182834817238716823e+03	2.509575055938961796e-01	1.619213922017200546e-01	2.554611660044306398e-01	1.526156076885339941e-01	7.292280688818031376e-02	2.989386429336097356e-02	7.622765732970625263e-02
1.184286148302813444e+03	2.507507586989884407e-01	1.617872438935752943e-01	2.556090237455758141e-01	1.526985043388337793e-01	7.295754080990723978e-02	2.991666774977465998e-02	7.628026076317317994e-02
1.185737479366910065e+03	2.505443639978441328e-01	1.616533214616413527e-01	2.557566306824802793e-01	1.527812499464448748e-01	7.299221552415530168e-02	2.993944320131162670e-02	7.633277518595081579e-02
1.187188810431006686e+03	2.503383208884563116e-01	1.615196245250038187e-01	2.559039872384824554e-01	1.528638448135108407e-01	7.302683113290499295e-02	2.996219065628676417e-02	7.638520074518316549e-02
1.188640141495103080e+03	2.501326287698573680e-01	1.613861527033908505e-01	2.560510938362060562e-01	1.529462892414637509e-01	7.306138773796085062e-02	2.998491012314556670e-02	7.643753758780390262e-02
1.190091472559199701e+03	2.499272870421172243e-01	1.612529056171719544e-01	2.561979508975611441e-01	1.530285835310263853e-01	7.309588544095185769e-02	3.000760161046338997e-02	7.648978586053638284e-02
1.191542803623296322e+03	2.497222951063415575e-01	1.611198828873569855e-01	2.563445588437454625e-01	1.531107279822142841e-01	7.313032434333163745e-02	3.003026512694469824e-02	7.654194570989367175e-02
1.192994134687392716e+03	2.495176523646700228e-01	1.609870841355950100e-01	2.564909180952456014e-01	1.531927228943378294e-01	7.316470454637882814e-02	3.005290068142231832e-02	7.659401728217869743e-02
1.194445465751489564e+03	2.493133582202743115e-01	1.608545089841732778e-01	2.566370290718380520e-01	1.532745685660043267e-01	7.319902615119736056e-02	3.007550828285670413e-02	7.664600072348426441e-02
1.195896796815585958e+03	2.491094120773564569e-01	1.607221570560161961e-01	2.567828921925905394e-01	1.533562652951201144e-01	7.323328925871672168e-02	3.009808794033518725e-02	7.669789617969309525e-02
1.197348127879682352e+03	2.489058133411468643e-01	1.605900279746840797e-01	2.569285078758633545e-01	1.534378133788925069e-01	7.326749396969232941e-02	3.012063966307125529e-02	7.674970379647795549e-02
1.198799458943779200e+03	2.487025614179026178e-01	1.604581213643722359e-01	2.570738765393101866e-01	1.535192131138320704e-01	7.330164038470576848e-02	3.014316346040381636e-02	7.680142371930166745e-02
1.200250790007875821e+03	2.484996557149055929e-01	1.603264368499098536e-01	2.572189985998796780e-01	1.536004647957544544e-01	7.333572860416512351e-02	3.016565934179645664e-02	7.685305609341726296e-02
1.201702121071972442e+03	2.482970956404607077e-01	1.601949740567588931e-01	2.573638744738163675e-01	1.536815687197825575e-01	7.336975872830522882e-02	3.018812731683673256e-02	7.690460106386798333e-02
1.203153452136069063e+03	2.480948806038940357e-01	1.600637326110130598e-01	2.575085045766620784e-01	1.537625251803484416e-01	7.340373085718801538e-02	3.021056739523543880e-02	7.695605877548737650e-02
1.204604783200165684e+03	2.478930100155510574e-01	1.599327121393967210e-01	2.576528893232569173e-01	1.538433344711955808e-01	7.343764509070280222e-02	3.023297958682589007e-02	7.700742937289942192e-02
1.206056114264262078e+03	2.476914832867948835e-01	1.598019122692639626e-01	2.577970291277407178e-01	1.539239968853806650e-01	7.347150152856654626e-02	3.025536390156320643e-02	7.705871300051850281e-02
1.207507445328358699e+03	2.474902998300043955e-01	1.596713326285972012e-01	2.579409244035537618e-01	1.540045127152756821e-01	7.350530027032418923e-02	3.027772034952359859e-02	7.710990980254964211e-02
1.208958776392455093e+03	2.472894590585724972e-01	1.595409728460064902e-01	2.580845755634386118e-01	1.540848822525699435e-01	7.353904141534890748e-02	3.030004894090365317e-02	7.716101992298843304e-02
1.210410107456551941e+03	2.470889603869042550e-01	1.594108325507282709e-01	2.582279830194406101e-01	1.541651057882720832e-01	7.357272506284245894e-02	3.032234968601962843e-02	7.721204350562121954e-02
1.211861438520648335e+03	2.468888032304152880e-01	1.592809113726242898e-01	2.583711471829096551e-01	1.542451836127120002e-01	7.360635131183541902e-02	3.034462259530675346e-02	7.726298069402516566e-02
1.213312769584745183e+03	2.466889870055297418e-01	1.591512089421806830e-01	2.585140684645008680e-01	1.543251160155429125e-01	7.363992026118749978e-02	3.036686767931852729e-02	7.731383163156833882e-02
1.214764100648841804e+03	2.464895111296785957e-01	1.590217248905068104e-01	2.586567472741762019e-01	1.544049032857432724e-01	7.367343200958784144e-02	3.038908494872601118e-02	7.736459646140977919e-02
1.216215431712937971e+03	2.462903750212980802e-01	1.588924588493342838e-01	2.587991840212053307e-01	1.544845457116187648e-01	7.370688665555527597e-02	3.041127441431714165e-02	7.741527532649963850e-02
1.217666762777034819e+03	2.460915780998275959e-01	1.587634104510158295e-01	2.589413791141668697e-01	1.545640435808042501e-01	7.374028429743868795e-02	3.043343608699603312e-02	7.746586836957922162e-02
1.219118093841131440e+03	2.458931197857081585e-01	1.586345793285242611e-01	2.590833329609496527e-01	1.546433971802657625e-01	7.377362503341720890e-02	3.045556997778229094e-02	7.751637573318113927e-02
1.220569424905228061e+03	2.456949995003805676e-01	1.585059651154514526e-01	2.592250459687537867e-01	1.547226067963023699e-01	7.380690896150059188e-02	3.047767609781032797e-02	7.756679755962937739e-02
1.222020755969324682e+03	2.454972166662835742e-01	1.583775674460073946e-01	2.593665185440918730e-01	1.548016727145482552e-01	7.384013617952940589e-02	3.049975445832867407e-02	7.761713399103933875e-02
1.223472087033421303e+03	2.452997707068522437e-01	1.582493859550189452e-01	2.595077510927900066e-01	1.548805952199744929e-01	7.387330678517542437e-02	3.052180507069929966e-02	7.766738516931806502e-02
1.224923418097517697e+03	2.451026610465160960e-01	1.581214202779289146e-01	2.596487440199893859e-01	1.549593745968910752e-01	7.390642087594186116e-02	3.054382794639693560e-02	7.771755123616427841e-02
1.226374749161614318e+03	2.449058871106974122e-01	1.579936700507950376e-01	2.597894977301468122e-01	1.550380111289487439e-01	7.393947854916363416e-02	3.056582309700840369e-02	7.776763233306843714e-02
1.227826080225710712e+03	2.447094483258095143e-01	1.578661349102889466e-01	2.599300126270364109e-01	1.551165050991410721e-01	7.397247990200771228e-02	3.058779053423194352e-02	7.781762860131290205e-02
1.229277411289807560e+03	2.445133441192548496e-01	1.577388144936950065e-01	2.600702891137505746e-01	1.551948567898061848e-01	7.400542503147333750e-02	3.060973026987653250e-02	7.786754018197204752e-02
1.230728742353903954e+03	2.443175739194234919e-01	1.576117084389093981e-01	2.602103275927010184e-01	1.552730664826287299e-01	7.403831403439234404e-02	3.063164231586124053e-02	7.791736721591234482e-02
1.232180073418000802e+03	2.441221371556912267e-01	1.574848163844391469e-01	2.603501284656200565e-01	1.553511344586417930e-01	7.407114700742946367e-02	3.065352668421454305e-02	7.796710984379245923e-02
1.233631404482097196e+03	2.439270332584178025e-01	1.573581379694008742e-01	2.604896921335616566e-01	1.554290609982287297e-01	7.410392404708256164e-02	3.067538338707367918e-02	7.801676820606340268e-02
1.235082735546193817e+03	2.437322616589453206e-01	1.572316728335199643e-01	2.606290189969027726e-01	1.555068463811251356e-01	7.413664524968291425e-02	3.069721243668398214e-02	7.806634244296861702e-02
1.236534066610290438e+03	2.435378217895964592e-01	1.571054206171294820e-01	2.607681094553442880e-01	1.555844908864205678e-01	7.416931071139555576e-02	3.071901384539823393e-02	7.811583269454409895e-02
1.237985397674387059e+03	2.433437130836726692e-01	1.569793809611691182e-01	2.609069639079122371e-01	1.556619947925605985e-01	7.420192052821952822e-02	3.074078762567600612e-02	7.816523910061852487e-02
1.239436728738483680e+03	2.431499349754525086e-01	1.568535535071841902e-01	2.610455827529590267e-01	1.557393583773484802e-01	7.423447479598813126e-02	3.076253379008301453e-02	7.821456180081334808e-02
1.240888059802580301e+03	2.429564869001899496e-01	1.567279378973246151e-01	2.611839663881643792e-01	1.558165819179471445e-01	7.426697361036922740e-02	3.078425235129047394e-02	7.826380093454292364e-02
1.242339390866676695e+03	2.427633682941126303e-01	1.566025337743438550e-01	2.613221152105365541e-01	1.558936656908809781e-01	7.429941706686553349e-02	3.080594332207444580e-02	7.831295664101466103e-02
1.243790721930773088e+03	2.425705785944201331e-01	1.564773407815980566e-01	2.614600296164136806e-01	1.559706099720376271e-01	7.433180526081488437e-02	3.082760671531521030e-02	7.836202905922909356e-02
1.245242052994869937e+03	2.423781172392822369e-01	1.563523585630447743e-01	2.615977100014645340e-01	1.560474150366699675e-01	7.436413828739053822e-02	3.084924254399662447e-02	7.841101832798003102e-02
1.246693384058966330e+03	2.421859836678372513e-01	1.562275867632421378e-01	2.617351567606899243e-01	1.561240811593977706e-01	7.439641624160141242e-02	3.087085082120547344e-02	7.845992458585468454e-02
1.248144715123063179e+03	2.419941773201904067e-01	1.561030250273478526e-01	2.618723702884238058e-01	1.562006086142095629e-01	7.442863921829240281e-02	3.089243156013086328e-02	7.850874797123380544e-02
1.249596046187159800e+03	2.418026976374119397e-01	1.559786730011180345e-01	2.620093509783342212e-01	1.562769976744645406e-01	7.446080731214463344e-02	3.091398477406356524e-02	7.855748862229178231e-02
1.251047377251256421e+03	2.416115440615355658e-01	1.558545303309063490e-01	2.621460992234247445e-01	1.563532486128942356e-01	7.449292061767573414e-02	3.093551047639540863e-02	7.860614667699676594e-02
1.252498708315352815e+03	2.414207160355566761e-01	1.557305966636629291e-01	2.622826154160352030e-01	1.564293617016043747e-01	7.452497922924014584e-02	3.095700868061864244e-02	7.865472227311083586e-02
1.253950039379449436e+03	2.412302130034307546e-01	1.556068716469334035e-01	2.624188999478431206e-01	1.565053372120766839e-01	7.455698324102937036e-02	3.097847940032532471e-02	7.870321554819011134e-02
1.255401370443546057e+03	2.410400344100716019e-01	1.554833549288578975e-01	2.625549532098647720e-01	1.565811754151706647e-01	7.458893274707226184e-02	3.099992264920669455e-02	7.875162663958489018e-02
1.256852701507642678e+03	2.408501797013496426e-01	1.553600461581700065e-01	2.626907755924562382e-01	1.566568765811253150e-01	7.462082784123527657e-02	3.102133844105256152e-02	7.879995568443978748e-02
1.258304032571739299e+03	2.406606483240902872e-01	1.552369449841957683e-01	2.628263674853144050e-01	1.567324409795610440e-01	7.465266861722279212e-02	3.104272678975068811e-02	7.884820281969383282e-02
1.259755363635835920e+03	2.404714397260722392e-01	1.551140510568527475e-01	2.629617292774783510e-01	1.568078688794813103e-01	7.468445516857735722e-02	3.106408770928618945e-02	7.889636818208066449e-02
1.261206694699932314e+03	2.402825533560258298e-01	1.549913640266488979e-01	2.630968613573303472e-01	1.568831605492743975e-01	7.471618758867991372e-02	3.108542121374090195e-02	7.894445190812862667e-02
1.262658025764028707e+03	2.400939886636313247e-01	1.548688835446817291e-01	2.632317641125968000e-01	1.569583162567151913e-01	7.474786597075019912e-02	3.110672731729280036e-02	7.899245413416090822e-02
1.264109356828125556e+03	2.399057450995172591e-01	1.547466092626372247e-01	2.633664379303495284e-01	1.570333362689669554e-01	7.477949040784687140e-02	3.112800603421539067e-02	7.904037499629573693e-02
1.265560687892221949e+03	2.397178221152587441e-01	1.546245408327888704e-01	2.635008831970068743e-01	1.571082208525830803e-01	7.481106099286788380e-02	3.114925737887709600e-02	7.908821463044642119e-02
1.267012018956318798e+03	2.395302191633758293e-01	1.545026779079965995e-01	2.636351002983349234e-01	1.571829702735086931e-01	7.484257781855070679e-02	3.117048136574068068e-02	7.913597317232158590e-02
1.268463350020415419e+03	2.393429356973318378e-01	1.543810201417059047e-01	2.637690896194482271e-01	1.572575847970824892e-01	7.487404097747266118e-02	3.119167800936262919e-02	7.918365075742526960e-02
1.269914681084511813e+03	2.391559711715317282e-01	1.542595671879467556e-01	2.639028515448112455e-01	1.573320646880385087e-01	7.490545056205111241e-02	3.121284732439257720e-02	7.923124752105709101e-02
1.271366012148608434e+03	2.389693250413203462e-01	1.541383187013327383e-01	2.640363864582393472e-01	1.574064102105077467e-01	7.493680666454374806e-02	3.123398932557270788e-02	7.927876359831240172e-02
1.272817343212705055e+03	2.387829967629809258e-01	1.540172743370599173e-01	2.641696947428998632e-01	1.574806216280198734e-01	7.496810937704892486e-02	3.125510402773715862e-02	7.932619912408238327e-02
1.274268674276801676e+03	2.385969857937333682e-01	1.538964337509060032e-01	2.643027767813130868e-01	1.575546992035050109e-01	7.499935879150584905e-02	3.127619144581145899e-02	7.937355423305422764e-02
1.275720005340898297e+03	2.384112915917324660e-01	1.537757965992292142e-01	2.644356329553537721e-01	1.576286431992953707e-01	7.503055499969493725e-02	3.129725159481193397e-02	7.942082905971133144e-02
1.277171336404994690e+03	2.382259136160664315e-01	1.536553625389674438e-01	2.645682636462516890e-01	1.577024538771269468e-01	7.506169809323796904e-02	3.131828448984511765e-02	7.946802373833336541e-02
1.278622667469091539e+03	2.380408513267552595e-01	1.535351312276371782e-01	2.647006692345931222e-01	1.577761314981412921e-01	7.509278816359846176e-02	3.133929014610718766e-02	7.951513840299646863e-02
1.280073998533187932e+03	2.378561041847489510e-01	1.534151023233326083e-01	2.648328501003217039e-01	1.578496763228870170e-01	7.512382530208186471e-02	3.136026857888338237e-02	7.956217318757338730e-02
1.281525329597284326e+03	2.376716716519259587e-01	1.532952754847245747e-01	2.649648066227397458e-01	1.579230886113216492e-01	7.515480959983589226e-02	3.138121980354743185e-02	7.960912822573368297e-02
1.282976660661381175e+03	2.374875531910916049e-01	1.531756503710595962e-01	2.650965391805090166e-01	1.579963686228131881e-01	7.518574114785073204e-02	3.140214383556098887e-02	7.965600365094381574e-02
1.284427991725477568e+03	2.373037482659763608e-01	1.530562266421589546e-01	2.652280481516520738e-01	1.580695166161418252e-01	7.521662003695935017e-02	3.142304069047306692e-02	7.970279959646731083e-02
1.285879322789574417e+03	2.371202563412343201e-01	1.529370039584177221e-01	2.653593339135532636e-01	1.581425328495015548e-01	7.524744635783774116e-02	3.144391038391945725e-02	7.974951619536495284e-02
1.287330653853671038e+03	2.369370768824413942e-01	1.528179819808037909e-01	2.654903968429597194e-01	1.582154175805018381e-01	7.527822020100519151e-02	3.146475293162218773e-02	7.979615358049491070e-02
1.288781984917767431e+03	2.367542093560939531e-01	1.526991603708567902e-01	2.656212373159825280e-01	1.582881710661693253e-01	7.530894165682455732e-02	3.148556834938895377e-02	7.984271188451290413e-02
1.290233315981864052e+03	2.365716532296070207e-01	1.525805387906873367e-01	2.657518557080978949e-01	1.583607935629493257e-01	7.533961081550250016e-02	3.150635665311256328e-02	7.988919123987241189e-02
