1.301360187473271253e+03	2.355550796688571369e-01	1.511733247036132211e-01	2.607121596663671825e-01	1.617416808665128047e-01	7.625784842727292845e-02	3.212150333076931041e-02	8.243840333643524809e-02
1.306197957686926657e+03	2.349632900959482962e-01	1.507786437323921924e-01	2.610901933289999088e-01	1.620060043587651100e-01	7.636450283222401270e-02	3.219351961352691360e-02	8.260384603797144010e-02
1.311035727900581833e+03	2.343748968751550865e-01	1.503861325790922243e-01	2.614659654489532303e-01	1.622688237303837600e-01	7.647060114569489975e-02	3.226521914548659276e-02	8.276836107506208018e-02
1.315873498114237009e+03	2.337898804913375317e-01	1.499957792292208880e-01	2.618394910858398705e-01	1.625301470190020914e-01	7.657614631852428799e-02	3.233660267886825923e-02	8.293195317703493108e-02
1.320711268327892412e+03	2.332082215437971395e-01	1.496075717343592348e-01	2.622107851773028409e-01	1.627899822281228814e-01	7.668114128289668652e-02	3.240767097610892933e-02	8.309462705724009191e-02
1.325549038541547588e+03	2.326299007455588375e-01	1.492214982118145739e-01	2.625798625402651076e-01	1.630483373271077729e-01	7.678558895256264172e-02	3.247842480956920908e-02	8.325638741294973111e-02
1.330386808755202765e+03	2.320548989226580705e-01	1.488375468442746374e-01	2.629467378721642157e-01	1.633052202511699191e-01	7.688949222305362097e-02	3.254886496124591300e-02	8.341723892526151096e-02
1.335224578968857941e+03	2.314831970134334227e-01	1.484557058794635509e-01	2.633114257521725343e-01	1.635606389013698758e-01	7.699285397189187252e-02	3.261899222249066421e-02	8.357718625900595333e-02
1.340062349182513572e+03	2.309147760678241512e-01	1.480759636297991344e-01	2.636739406424031817e-01	1.638146011446143246e-01	7.709567705879534494e-02	3.268880739373430239e-02	8.373623406265741365e-02
1.344900119396168748e+03	2.303496172466731884e-01	1.476983084720515926e-01	2.640342968891014608e-01	1.640671148136579049e-01	7.719796432587795743e-02	3.275831128421706484e-02	8.389438696824866315e-02
1.349737889609823924e+03	2.297877018210350286e-01	1.473227288470041751e-01	2.643925087238222504e-01	1.643181877071079877e-01	7.729971859784506849e-02	3.282750471172425633e-02	8.405164959128903768e-02
1.354575659823479100e+03	2.292290111714889167e-01	1.469492132591147526e-01	2.647485902645934641e-01	1.645678275894324749e-01	7.740094268218464246e-02	3.289638850232753237e-02	8.420802653068604204e-02
1.359413430037134731e+03	2.286735267874568378e-01	1.465777502761793638e-01	2.651025555170657966e-01	1.648160421909701800e-01	7.750163936935396125e-02	3.296496349013144228e-02	8.436352236867024346e-02
1.364251200250789907e+03	2.281212302665266423e-01	1.462083285289970114e-01	2.654544183756488707e-01	1.650628392079443174e-01	7.760181143296218664e-02	3.303323051702525270e-02	8.451814167072359274e-02
1.369088970464445310e+03	2.275721033137799720e-01	1.458409367110361232e-01	2.658041926246335618e-01	1.653082263024786558e-01	7.770146162994881478e-02	3.310119043243988507e-02	8.467188898551090970e-02
1.373926740678100487e+03	2.270261277411250722e-01	1.454755635781023737e-01	2.661518919393014992e-01	1.655522111026163368e-01	7.780059270075814770e-02	3.316884409310991849e-02	8.482476884481451873e-02
1.378764510891755890e+03	2.264832854666347095e-01	1.451121979480080870e-01	2.664975298870211340e-01	1.657948012023414686e-01	7.789920736950999014e-02	3.323619236284046374e-02	8.497678576347200696e-02
1.383602281105411066e+03	2.259435585138883928e-01	1.447508287002431115e-01	2.668411199283307056e-01	1.660360041616032178e-01	7.799730834416655767e-02	3.330323611227889447e-02	8.512794423931700771e-02
1.388440051319066470e+03	2.254069290113196733e-01	1.443914447756472763e-01	2.671826754180083863e-01	1.662758275063425939e-01	7.809489831669577664e-02	3.336997621869128294e-02	8.527824875312289832e-02
1.393277821532721646e+03	2.248733791915681068e-01	1.440340351760841242e-01	2.675222096061299348e-01	1.665142787285217030e-01	7.819197996323110078e-02	3.343641356574342943e-02	8.542770376854948167e-02
1.398115591746377049e+03	2.243428913908357136e-01	1.436785889641163938e-01	2.678597356391135831e-01	1.667513652861555007e-01	7.828855594422791386e-02	3.350254904328643646e-02	8.557631373209238779e-02
1.402953361960032225e+03	2.238154480482481556e-01	1.433250952626828334e-01	2.681952665607523212e-01	1.669870946033459314e-01	7.838462890461660171e-02	3.356838354714671707e-02	8.572408307303537589e-02
1.407791132173687402e+03	2.232910317052205773e-01	1.429735432547764862e-01	2.685288153132343592e-01	1.672214740703186209e-01	7.848020147395246005e-02	3.363391797892031215e-02	8.587101620340521768e-02
1.412628902387342805e+03	2.227696250048275817e-01	1.426239221831245574e-01	2.688603947381509873e-01	1.674545110434615958e-01	7.857527626656243824e-02	3.369915324577148902e-02	8.601711751792935623e-02
1.417466672600997981e+03	2.222512106911782304e-01	1.422762213498696970e-01	2.691900175774929460e-01	1.676862128453666390e-01	7.866985588168895482e-02	3.376409026023545479e-02	8.616239139399607672e-02
1.422304442814653157e+03	2.217357716087950126e-01	1.419304301162527815e-01	2.695176964746344161e-01	1.679165867648725885e-01	7.876394290363072925e-02	3.382872994002516370e-02	8.630684219161735560e-02
1.427142213028308333e+03	2.212232907019973938e-01	1.415865379022970272e-01	2.698434439753057412e-01	1.681456400571111065e-01	7.885753990188067164e-02	3.389307320784213512e-02	8.645047425339393021e-02
1.431979983241963964e+03	2.207137510142898051e-01	1.412445341864939641e-01	2.701672725285545473e-01	1.683733799435543632e-01	7.895064943126120505e-02	3.395712099119112259e-02	8.659329190448313007e-02
1.436817753455619140e+03	2.202071356877537134e-01	1.409044085054903250e-01	2.704891944876949283e-01	1.685998136120649138e-01	7.904327403205675673e-02	3.402087422219867568e-02	8.673529945256887308e-02
1.441655523669274316e+03	2.197034279624442143e-01	1.405661504537768780e-01	2.708092221112461395e-01	1.688249482169477400e-01	7.913541623014370974e-02	3.408433383743540018e-02	8.687650118783406261e-02
1.446493293882929493e+03	2.192026111757906792e-01	1.402297496833785351e-01	2.711273675638596892e-01	1.690487908790041516e-01	7.922707853711777326e-02	3.414750077774191678e-02	8.701690138293528831e-02
1.451331064096585123e+03	2.187046687620017027e-01	1.398951959035457937e-01	2.714436429172356058e-01	1.692713486855877414e-01	7.931826345041903537e-02	3.421037598805840713e-02	8.715650429297973345e-02
1.456168834310240300e+03	2.182095842514741868e-01	1.395624788804478711e-01	2.717580601510273808e-01	1.694926286906622281e-01	7.940897345345442060e-02	3.427296041725766407e-02	8.729531415550426110e-02
1.461006604523895703e+03	2.177173412702063937e-01	1.392315884368670598e-01	2.720706311537369193e-01	1.697126379148612418e-01	7.949921101571802429e-02	3.433525501798166679e-02	8.743333519045669300e-02
1.465844374737550879e+03	2.172279235392153285e-01	1.389025144518947485e-01	2.723813677235984998e-01	1.699313833455498302e-01	7.958897859290905985e-02	3.439726074648143811e-02	8.757057160017914232e-02
1.470682144951206283e+03	2.167413148739580353e-01	1.385752468606287202e-01	2.726902815694519644e-01	1.701488719368879632e-01	7.967827862704772446e-02	3.445897856246030178e-02	8.770702756939335876e-02
1.475519915164861459e+03	2.162574991837569460e-01	1.382497756538720035e-01	2.729973843116062504e-01	1.703651106098955925e-01	7.976711354658888586e-02	3.452040942892035946e-02	8.784270726518815520e-02
1.480357685378516862e+03	2.157764604712290313e-01	1.379260908778330297e-01	2.733026874826921526e-01	1.705801062525195144e-01	7.985548576653370145e-02	3.458155431201211105e-02	8.797761483700873575e-02
1.485195455592172038e+03	2.152981828317192536e-01	1.376041826338273988e-01	2.736062025285051491e-01	1.707938657197018706e-01	7.994339768853928052e-02	3.464241418088726682e-02	8.811175441664804986e-02
1.490033225805827215e+03	2.148226504527375180e-01	1.372840410779809506e-01	2.739079408088386791e-01	1.710063958334503698e-01	8.003085170102634816e-02	3.470299000755459190e-02	8.824513011823983955e-02
1.494870996019482618e+03	2.143498476133997577e-01	1.369656564209341953e-01	2.742079135983068183e-01	1.712177033829100914e-01	8.011785017928503561e-02	3.476328276673868595e-02	8.837774603825368502e-02
1.499708766233137567e+03	2.138797586838728504e-01	1.366490189275484934e-01	2.745061320871579613e-01	1.714277951244366494e-01	8.020439548557885268e-02	3.482329343574180197e-02	8.850960625549178507e-02
1.504546536446793198e+03	2.134123681248230597e-01	1.363341189166132061e-01	2.748026073820783455e-01	1.716366777816711042e-01	8.029048996924678661e-02	3.488302299430846160e-02	8.864071483108748595e-02
1.509384306660448374e+03	2.129476604868686673e-01	1.360209467605545119e-01	2.750973505069866376e-01	1.718443580456162634e-01	8.037613596680384664e-02	3.494247242449294993e-02	8.877107580850555901e-02
1.514222076874103550e+03	2.124856204100359358e-01	1.357094928851457771e-01	2.753903724038189171e-01	1.720508425747144521e-01	8.046133580203969349e-02	3.500164271052950277e-02	8.890069321354417131e-02
1.519059847087758726e+03	2.120262326232191519e-01	1.353997477692189533e-01	2.756816839333043334e-01	1.722561379949265337e-01	8.054609178611576992e-02	3.506053483870531090e-02	8.902957105433842444e-02
1.523897617301414357e+03	2.115694819436439444e-01	1.350917019443776401e-01	2.759712958757318257e-01	1.724602508998125672e-01	8.063040621766082161e-02	3.511914979723605723e-02	8.915771332136557259e-02
1.528735387515069533e+03	2.111153532763345442e-01	1.347853459947116195e-01	2.762592189317080171e-01	1.726631878506135476e-01	8.071428138286478038e-02	3.517748857614416691e-02	8.928512398745179490e-02
1.533573157728724709e+03	2.106638316135846234e-01	1.344806705565124993e-01	2.765454637229055046e-01	1.728649553763346447e-01	8.079771955557120411e-02	3.523555216713954857e-02	8.941180700778050827e-02
1.538410927942380113e+03	2.102149020344314945e-01	1.341776663179909401e-01	2.768300407928033779e-01	1.730655599738294137e-01	8.088072299736828730e-02	3.529334156350285440e-02	8.953776631990217894e-02
1.543248698156035516e+03	2.097685497041340552e-01	1.338763240189953241e-01	2.771129606074184681e-01	1.732650081078856430e-01	8.096329395767828951e-02	3.535085775997121038e-02	8.966300584374557736e-02
1.548086468369690692e+03	2.093247598736542592e-01	1.335766344507316739e-01	2.773942335560281025e-01	1.734633062113119795e-01	8.104543467384577038e-02	3.540810175262633364e-02	8.978752948163051806e-02
1.552924238583346096e+03	2.088835178791419445e-01	1.332785884554848477e-01	2.776738699518846443e-01	1.736604606850259969e-01	8.112714737122429798e-02	3.546507453878500193e-02	8.991134111828197328e-02
1.557762008797001272e+03	2.084448091414231596e-01	1.329821769263415387e-01	2.779518800329215944e-01	1.738564778981432080e-01	8.120843426326190828e-02	3.552177711689185474e-02	9.003444462084556066e-02
1.562599779010656675e+03	2.080086191654920424e-01	1.326873908069140517e-01	2.782282739624513113e-01	1.740513641880672702e-01	8.128929755158531556e-02	3.557821048641448408e-02	9.015684383890434916e-02
1.567437549224311852e+03	2.075749335400058626e-01	1.323942210910660777e-01	2.785030618298550698e-01	1.742451258605813014e-01	8.136973942608276278e-02	3.563437564774069033e-02	9.027854260449703905e-02
1.572275319437967255e+03	2.071437379367837284e-01	1.321026588226392184e-01	2.787762536512646272e-01	1.744377691899400562e-01	8.144976206498585891e-02	3.569027360207795846e-02	9.039954473213737685e-02
1.577113089651622431e+03	2.067150181103083184e-01	1.318126950951813703e-01	2.790478593702361287e-01	1.746293004189632958e-01	8.152936763494995909e-02	3.574590535135507841e-02	9.051985401883475002e-02
1.581950859865277607e+03	2.062887598972311387e-01	1.315243210516760519e-01	2.793178888584161856e-01	1.748197257591298792e-01	8.160855829113361493e-02	3.580127189812584709e-02	9.063947424411618325e-02
1.586788630078933011e+03	2.058649492158811101e-01	1.312375278842734805e-01	2.795863519162002930e-01	1.750090513906730760e-01	8.168733617727678975e-02	3.585637424547482438e-02	9.075840917004932007e-02
1.591626400292587959e+03	2.054435720657761533e-01	1.309523068340226470e-01	2.798532582733835317e-01	1.751972834626766840e-01	8.176570342577800521e-02	3.591121339692511516e-02	9.087666254126675058e-02
1.596464170506243590e+03	2.050246145271383547e-01	1.306686491906048908e-01	2.801186175898039976e-01	1.753844280931717847e-01	8.184366215777044706e-02	3.596579035634814292e-02	9.099423808499126909e-02
1.601301940719898766e+03	2.046080627604119628e-01	1.303865462920688889e-01	2.803824394559784605e-01	1.755704913692348046e-01	8.192121448319696075e-02	3.602010612787532456e-02	9.111113951106249165e-02
1.606139710933553943e+03	2.041939030057848825e-01	1.301059895245667286e-01	2.806447333937310828e-01	1.757554793470860188e-01	8.199836250088411715e-02	3.607416171581168812e-02	9.122737051196436187e-02
1.610977481147209119e+03	2.037821215827131660e-01	1.298269703220915894e-01	2.809055088568147007e-01	1.759393980521890832e-01	8.207510829861527912e-02	3.612795812455134314e-02	9.134293476285372526e-02
1.615815251360864750e+03	2.033727048894486134e-01	1.295494801662165352e-01	2.811647752315251103e-01	1.761222534793511485e-01	8.215145395320261335e-02	3.618149635849476214e-02	9.145783592159006936e-02
1.620653021574519926e+03	2.029656394025696198e-01	1.292735105858346945e-01	2.814225418373082488e-01	1.763040515928239460e-01	8.222740153055824175e-02	3.623477742196789392e-02	9.157207762876613810e-02
1.625490791788175102e+03	2.025609116765149376e-01	1.289990531569008003e-01	2.816788179273605475e-01	1.764847983264054010e-01	8.230295308576454638e-02	3.628780231914299770e-02	9.168566350773954543e-02
1.630328562001830505e+03	2.021585083431205743e-01	1.287260995021739518e-01	2.819336126892221794e-01	1.766644995835419674e-01	8.237811066314339181e-02	3.634057205396126061e-02	9.179859716466542974e-02
1.635166332215485909e+03	2.017584161111597718e-01	1.284546412909617352e-01	2.821869352453639235e-01	1.768431612374317119e-01	8.245287629632466753e-02	3.639308763005703884e-02	9.191088218852991321e-02
1.640004102429141085e+03	2.013606217658856778e-01	1.281846702388657055e-01	2.824387946537670890e-01	1.770207891311280646e-01	8.252725200831388663e-02	3.644535005068382655e-02	9.202252215118457424e-02
1.644841872642796488e+03	2.009651121685776254e-01	1.279161781075278947e-01	2.826891999084968909e-01	1.771973890776440130e-01	8.260123981155893802e-02	3.649736031864179303e-02	9.213352060738175253e-02
1.649679642856451665e+03	2.005718742560895773e-01	1.276491567043789854e-01	2.829381599402694958e-01	1.773729668600570741e-01	8.267484170801608911e-02	3.654911943620699211e-02	9.224388109481074238e-02
1.654517413070107068e+03	2.001808950404022069e-01	1.273835978823875670e-01	2.831856836170124070e-01	1.775475282316147652e-01	8.274805968921516985e-02	3.660062840506209114e-02	9.235360713413477696e-02
1.659355183283762244e+03	1.997921616081774765e-01	1.271194935398105574e-01	2.834317797444188547e-01	1.777210789158406579e-01	8.282089573632396562e-02	3.665188822622861275e-02	9.246270222902891467e-02
1.664192953497417420e+03	1.994056611203161578e-01	1.268568356199450964e-01	2.836764570664955243e-01	1.778936246066409599e-01	8.289335182021194404e-02	3.670289990000077940e-02	9.257116986621864718e-02
1.669030723711072824e+03	1.990213808115184058e-01	1.265956161108817424e-01	2.839197242661044007e-01	1.780651709684114292e-01	8.296542990151314911e-02	3.675366442588075266e-02	9.267901351551931233e-02
1.673868493924728000e+03	1.986393079898468306e-01	1.263358270452585863e-01	2.841615899654986177e-01	1.782357236361451214e-01	8.303713193068837373e-02	3.680418280251535057e-02	9.278623662987628418e-02
1.678706264138383403e+03	1.982594300362928719e-01	1.260774605000171411e-01	2.844020627268520340e-01	1.784052882155403030e-01	8.310845984808676312e-02	3.685445602763422895e-02	9.289284264540582925e-02
1.683544034352038352e+03	1.978817344043454218e-01	1.258205085961590919e-01	2.846411510527830369e-01	1.785738702831089209e-01	8.317941558400659963e-02	3.690448509798940901e-02	9.299883498143678151e-02
1.688381804565693983e+03	1.975062086195626676e-01	1.255649634985042951e-01	2.848788633868723497e-01	1.787414753862855699e-01	8.325000105875540735e-02	3.695427100929620651e-02	9.310421704055281411e-02
1.693219574779349159e+03	1.971328402791464596e-01	1.253108174154504151e-01	2.851152081141752892e-01	1.789081090435367116e-01	8.332021818270954339e-02	3.700381475617551402e-02	9.320899220863546053e-02
1.698057344993004335e+03	1.967616170515193719e-01	1.250580625987333383e-01	2.853501935617281937e-01	1.790737767444703643e-01	8.339006885637306743e-02	3.705311733209734615e-02	9.331316385490774634e-02
1.702895115206659511e+03	1.963925266759047050e-01	1.248066913431890579e-01	2.855838279990493556e-01	1.792384839499460980e-01	8.345955497043594518e-02	3.710217972932577241e-02	9.341673533197850099e-02
1.707732885420315142e+03	1.960255569619089588e-01	1.245566959865167939e-01	2.858161196386341807e-01	1.794022360921855852e-01	8.352867840583166892e-02	3.715100293886508531e-02	9.351970997588719692e-02
1.712570655633970318e+03	1.956606957891070531e-01	1.243080689090432372e-01	2.860470766364450190e-01	1.795650385748831790e-01	8.359744103379435076e-02	3.719958795040716193e-02	9.362209110614953811e-02
1.717408425847625494e+03	1.952979311066302126e-01	1.240608025334881404e-01	2.862767070923954993e-01	1.797268967733169631e-01	8.366584471591513583e-02	3.724793575228012299e-02	9.372388202580353433e-02
1.722246196061280898e+03	1.949372509327564063e-01	1.238148893247309756e-01	2.865050190508296457e-01	1.798878160344601074e-01	8.373389130419814363e-02	3.729604733139815775e-02	9.382508602145614440e-02
1.727083966274936301e+03	1.945786433545035887e-01	1.235703217895789824e-01	2.867320205009957768e-01	1.800478016770924727e-01	8.380158264111568778e-02	3.734392367321256317e-02	9.392570636333053002e-02
1.731921736488591478e+03	1.942220965272251632e-01	1.233270924765362542e-01	2.869577193775149637e-01	1.802068589919124664e-01	8.386892055966314874e-02	3.739156576166388635e-02	9.402574630531378153e-02
1.736759506702246881e+03	1.938675986742084134e-01	1.230851939755740754e-01	2.871821235608443823e-01	1.803649932416491741e-01	8.393590688341319439e-02	3.743897457913523963e-02	9.412520908500521255e-02
1.741597276915902057e+03	1.935151380862751846e-01	1.228446189179025622e-01	2.874052408777360568e-01	1.805222096611746041e-01	8.400254342656948703e-02	3.748615110640669823e-02	9.422409792376511273e-02
1.746435047129557461e+03	1.931647031213853671e-01	1.226053599757433443e-01	2.876270791016899420e-01	1.806785134576163465e-01	8.406883199401987694e-02	3.753309632261085660e-02	9.432241602676399994e-02
1.751272817343212637e+03	1.928162822042426006e-01	1.223674098621035516e-01	2.878476459534024534e-01	1.808339098104702336e-01	8.413477438138912412e-02	3.757981120518936319e-02	9.442016658303239995e-02
1.756110587556867813e+03	1.924698638259026984e-01	1.221307613305508549e-01	2.880669491012102235e-01	1.809884038717133048e-01	8.420037237509110650e-02	3.762629672985062096e-02	9.451735276551098686e-02
1.760948357770523216e+03	1.921254365433842926e-01	1.218954071749897977e-01	2.882849961615286949e-01	1.811420007659167997e-01	8.426562775238057024e-02	3.767255387052838300e-02	9.461397773110129250e-02
1.765786127984178393e+03	1.917829889792823372e-01	1.216613402294392660e-01	2.885017946992863291e-01	1.812947055903594840e-01	8.433054228140432484e-02	3.771858359934150001e-02	9.471004462071663799e-02
1.770623898197833569e+03	1.914425098213835552e-01	1.214285533678111373e-01	2.887173522283537630e-01	1.814465234151410311e-01	8.439511772125213307e-02	3.776438688655455594e-02	9.480555655933371739e-02
1.775461668411488745e+03	1.911039878222847432e-01	1.211970395036900405e-01	2.889316762119688020e-01	1.815974592832954593e-01	8.445935582200694847e-02	3.780996470053953756e-02	9.490051665604444520e-02
1.780299438625144376e+03	1.907674117990131035e-01	1.209667915901142671e-01	2.891447740631563623e-01	1.817475182109047349e-01	8.452325832479487544e-02	3.785531800773845462e-02	9.499492800410820614e-02
1.785137208838799552e+03	1.904327706326493508e-01	1.207378026193579729e-01	2.893566531451442492e-01	1.818967051872124596e-01	8.458682696183462968e-02	3.790044777262686210e-02	9.508879368100449370e-02
1.789974979052454728e+03	1.901000532679527066e-01	1.205100656227143380e-01	2.895673207717744391e-01	1.820450251747376957e-01	8.465006345648654063e-02	3.794535495767837469e-02	9.518211674848586767e-02
1.794812749266109904e+03	1.897692487129887251e-01	1.202835736702800307e-01	2.897767842079098655e-01	1.821924831093888197e-01	8.471296952330116536e-02	3.799004052333001397e-02	9.527490025263134210e-02
1.799650519479765535e+03	1.894403460387591165e-01	1.200583198707406429e-01	2.899850506698368746e-01	1.823390839005773478e-01	8.477554686806752782e-02	3.803450542794847844e-02	9.536714722390000898e-02
1.804488289693420711e+03	1.891133343788339860e-01	1.198342973711574305e-01	2.901921273256635181e-01	1.824848324313319559e-01	8.483779718786087221e-02	3.807875062779728786e-02	9.545886067718503676e-02
1.809326059907075887e+03	1.887882029289863484e-01	1.196114993567550661e-01	2.903980212957135154e-01	1.826297335584123882e-01	8.489972217109005570e-02	3.812277707700476026e-02	9.555004361186802964e-02
1.814163830120731291e+03	1.884649409468290293e-01	1.193899190507105718e-01	2.906027396529159978e-01	1.827737921124235332e-01	8.496132349754462187e-02	3.816658572753287015e-02	9.564069901187352563e-02
1.819001600334386467e+03	1.881435377514537044e-01	1.191695497139433207e-01	2.908062894231915330e-01	1.829170128979293597e-01	8.502260283844137456e-02	3.821017752914689092e-02	9.573082984572396648e-02
1.823839370548041643e+03	1.878239827230721304e-01	1.189503846449061625e-01	2.910086775858335972e-01	1.830594006935670204e-01	8.508356185647064640e-02	3.825355342938584202e-02	9.582043906659477861e-02
1.828677140761696819e+03	1.875062653026597914e-01	1.187324171793777278e-01	2.912099110738861629e-01	1.832009602521607605e-01	8.514420220584219268e-02	3.829671437353374119e-02	9.590952961236981489e-02
1.833514910975352450e+03	1.871903749916016546e-01	1.185156406902557330e-01	2.914099967745175102e-01	1.833416963008358547e-01	8.520452553233068271e-02	3.833966130459167537e-02	9.599810440569707393e-02
1.838352681189008081e+03	1.868763013513400628e-01	1.183000485873514362e-01	2.916089415293900422e-01	1.834816135411326543e-01	8.526453347332091370e-02	3.838239516325055167e-02	9.608616635404451656e-02
1.843190451402663257e+03	1.865640340030249589e-01	1.180856343171851480e-01	2.918067521350261595e-01	1.836207166491204135e-01	8.532422765785258045e-02	3.842491688786468101e-02	9.617371834975628475e-02
1.848028221616318433e+03	1.862535626271661360e-01	1.178723913627829772e-01	2.920034353431703034e-01	1.837590102755110311e-01	8.538360970666476757e-02	3.846722741442602789e-02	9.626076327010900380e-02
1.852865991829973609e+03	1.859448769632876253e-01	1.176603132434743682e-01	2.921989978611475580e-01	1.838964990457729876e-01	8.544268123224015021e-02	3.850932767653922340e-02	9.634730397736836205e-02
1.857703762043628785e+03	1.856379668095844704e-01	1.174493935146910251e-01	2.923934463522180893e-01	1.840331875602449208e-01	8.550144383884866750e-02	3.855121860539728607e-02	9.643334331884588495e-02
1.862541532257283961e+03	1.853328220225811951e-01	1.172396257677667114e-01	2.925867874359283083e-01	1.841690803942492294e-01	8.555989912259108487e-02	3.859290112975800185e-02	9.651888412695588948e-02
1.867379302470939592e+03	1.850294325167927967e-01	1.170310036297382145e-01	2.927790276884580933e-01	1.843041820982056767e-01	8.561804867144215403e-02	3.863437617592101192e-02	9.660392921927257737e-02
1.872217072684594768e+03	1.847277882643875435e-01	1.168235207631473094e-01	2.929701736429646264e-01	1.844384971977446885e-01	8.567589406529341201e-02	3.867564466770559428e-02	9.668848139858740587e-02
1.877054842898249490e+03	1.844278792948519929e-01	1.166171708658438333e-01	2.931602317899227317e-01	1.845720301938207075e-01	8.573343687599575824e-02	3.871670752642904917e-02	9.677254345296648630e-02
1.881892613111905121e+03	1.841296956946579799e-01	1.164119476707897727e-01	2.933492085774617730e-01	1.847047855628254076e-01	8.579067866740160142e-02	3.875756567088576438e-02	9.685611815580824624e-02
1.886730383325560297e+03	1.838332276069317150e-01	1.162078449458644747e-01	2.935371104116988317e-01	1.848367677567006595e-01	8.584762099540683977e-02	3.879822001732687736e-02	9.693920826590114725e-02
1.891568153539215928e+03	1.835384652311249087e-01	1.160048564936707466e-01	2.937239436570686646e-01	1.849679812030515236e-01	8.590426540799250832e-02	3.883867147944060350e-02	9.702181652748158303e-02
1.896405923752871104e+03	1.832453988226878105e-01	1.158029761513422046e-01	2.939097146366504432e-01	1.850984303052589652e-01	8.596061344526603754e-02	3.887892096833315408e-02	9.710394567029193014e-02
1.901243693966526507e+03	1.829540186927444134e-01	1.156021977903514547e-01	2.940944296324911056e-01	1.852281194425924316e-01	8.601666663950230385e-02	3.891896939251021648e-02	9.718559840963862662e-02
1.906081464180181683e+03	1.826643152077696008e-01	1.154025153163194678e-01	2.942780948859250456e-01	1.853570529703224279e-01	8.607242651518447196e-02	3.895881765785907253e-02	9.726677744645050028e-02
1.910919234393836859e+03	1.823762787892679871e-01	1.152039226688258561e-01	2.944607165978914143e-01	1.854852352198327614e-01	8.612789458904439310e-02	3.899846666763126524e-02	9.734748546733699992e-02
1.915757004607492036e+03	1.820898999134552276e-01	1.150064138212202325e-01	2.946423009292472583e-01	1.856126704987325626e-01	8.618307237010285060e-02	3.903791732242582746e-02	9.742772514464670408e-02
1.920594774821147894e+03	1.818051691109408841e-01	1.148099827804346107e-01	2.948228540010783827e-01	1.857393630909683624e-01	8.623796135970947241e-02	3.907717052017305182e-02	9.750749913652582979e-02
1.925432545034802843e+03	1.815220769664133982e-01	1.146146235867967211e-01	2.950023818950067156e-01	1.858653172569356693e-01	8.629256305158240770e-02	3.911622715611886431e-02	9.758681008697682457e-02
1.930270315248458019e+03	1.812406141183268427e-01	1.144203303138444233e-01	2.951808906534941768e-01	1.859905372335906859e-01	8.634687893184773977e-02	3.915508812280963508e-02	9.766566062591705566e-02
1.935108085462113195e+03	1.809607712585897255e-01	1.142270970681410897e-01	2.953583862801444915e-01	1.861150272345615808e-01	8.640091047907860755e-02	3.919375431007758592e-02	9.774405336923751297e-02
1.939945855675768371e+03	1.806825391322555985e-01	1.140349179890919745e-01	2.955348747400010079e-01	1.862387914502595943e-01	8.645465916433410503e-02	3.923222660502669046e-02	9.782199091886159548e-02
1.944783625889424002e+03	1.804059085372156368e-01	1.138437872487615410e-01	2.957103619598425159e-01	1.863618340479899493e-01	8.650812645119793087e-02	3.927050589201903918e-02	9.789947586280399461e-02
1.949621396103079178e+03	1.801308703238929110e-01	1.136536990516918699e-01	2.958848538284751251e-01	1.864841591720627079e-01	8.656131379581674667e-02	3.930859305266176662e-02	9.797651077522952223e-02
1.954459166316734354e+03	1.798574153949387133e-01	1.134646476347219990e-01	2.960583561970221433e-01	1.866057709439030432e-01	8.661422264693832695e-02	3.934648896579440169e-02	9.805309821651206348e-02
1.959296936530389530e+03	1.795855347049305772e-01	1.132766272668081914e-01	2.962308748792107371e-01	1.867266734621615687e-01	8.666685444594944554e-02	3.938419450747672468e-02	9.812924073329348795e-02
1.964134706744044706e+03	1.793152192600722117e-01	1.130896322488452177e-01	2.964024156516556485e-01	1.868468708028243885e-01	8.671921062691355375e-02	3.942171055097706822e-02	9.820494085854267197e-02
1.968972476957700337e+03	1.790464601178952397e-01	1.129036569134886370e-01	2.965729842541403594e-01	1.869663670193227878e-01	8.677129261660820880e-02	3.945903796676110409e-02	9.828020111161440975e-02
1.973810247171355968e+03	1.787792483869626581e-01	1.127186956249780214e-01	2.967425863898954796e-01	1.870851661426428392e-01	8.682310183456216912e-02	3.949617762248105318e-02	9.835502399830847731e-02
1.978648017385010689e+03	1.785135752265741838e-01	1.125347427789611249e-01	2.969112277258744714e-01	1.872032721814345380e-01	8.687463969309247580e-02	3.953313038296533966e-02	9.842941201092859915e-02
1.983485787598666320e+03	1.782494318464733773e-01	1.123517928023189671e-01	2.970789138930263196e-01	1.873206891221208537e-01	8.692590759734111772e-02	3.956989711020866135e-02	9.850336762834141502e-02
1.988323557812321269e+03	1.779868095065564593e-01	1.121698401529919731e-01	2.972456504865662041e-01	1.874374209290064486e-01	8.697690694531153011e-02	3.960647866336253209e-02	9.857689331603557148e-02
1.993161328025976900e+03	1.777256995165829578e-01	1.119888793198069304e-01	2.974114430662428976e-01	1.875534715443862577e-01	8.702763912790485723e-02	3.964287589872617784e-02	9.864999152618059153e-02
1.997999098239632076e+03	1.774660932358880228e-01	1.118089048223050302e-01	2.975762971566041637e-01	1.876688448886535687e-01	8.707810552895606238e-02	3.967908966973787699e-02	9.872266469768589681e-02
2.002836868453287707e+03	1.772079820730965427e-01	1.116299112105706981e-01	2.977402182472592695e-01	1.877835448604079083e-01	8.712830752526971867e-02	3.971512082696668222e-02	9.879491525625974657e-02
2.007674638666942428e+03	1.769513574858389837e-01	1.114518930650614109e-01	2.979032117931390555e-01	1.878975753365627888e-01	8.717824648665570275e-02	3.975097021810455183e-02	9.886674561446812115e-02
2.012512408880597604e+03	1.766962109804688097e-01	1.112748449964384850e-01	2.980652832147533959e-01	1.880109401724529561e-01	8.722792377596452762e-02	3.978663868795882796e-02	9.893815817179359151e-02
2.017350179094252780e+03	1.764425341117817625e-01	1.110987616453988219e-01	2.982264378984465503e-01	1.881236432019414984e-01	8.727734074912261997e-02	3.982212707844514504e-02	9.900915531469420272e-02
2.022187949307908411e+03	1.761903184827367796e-01	1.109236376825073200e-01	2.983866811966496835e-01	1.882356882375266216e-01	8.732649875516726445e-02	3.985743622858064356e-02	9.907973941666226025e-02
2.027025719521564042e+03	1.759395557441784941e-01	1.107494678080305633e-01	2.985460184281314988e-01	1.883470790704480646e-01	8.737539913628145083e-02	3.989256697447760014e-02	9.914991283828300528e-02
2.031863489735218764e+03	1.756902375945615102e-01	1.105762467517711067e-01	2.987044548782455955e-01	1.884578194707932641e-01	8.742404322782840187e-02	3.992752014933738380e-02	9.921967792729341484e-02
2.036701259948874394e+03	1.754423557796763178e-01	1.104039692729028438e-01	2.988619957991766607e-01	1.885679131876032977e-01	8.747243235838604580e-02	3.996229658344475910e-02	9.928903701864073839e-02
2.041539030162529116e+03	1.751959020923767318e-01	1.102326301598072628e-01	2.990186464101834973e-01	1.886773639489782994e-01	8.752056784978111403e-02	3.999689710416253624e-02	9.935799243454118690e-02
2.046376800376184747e+03	1.749508683723091373e-01	1.100622242299104658e-01	2.991744118978402200e-01	1.887861754621827370e-01	8.756845101712322499e-02	4.003132253592656814e-02	9.942654648453831678e-02
2.051214570589840150e+03	1.747072465056432045e-01	1.098927463295212154e-01	2.993292974162746756e-01	1.888943514137504109e-01	8.761608316883860714e-02	4.006557370024103892e-02	9.949470146556155248e-02
2.056052340803495554e+03	1.744650284248042416e-01	1.097241913336698266e-01	2.994833080874053644e-01	1.890018954695889541e-01	8.766346560670378041e-02	4.009965141567409935e-02	9.956245966198452868e-02
2.060890111017150957e+03	1.742242061082072413e-01	1.095565541459479347e-01	2.996364490011754200e-01	1.891088112750841099e-01	8.771059962587890446e-02	4.013355649785383533e-02	9.962982334568334930e-02
2.065727881230805451e+03	1.739847715799923977e-01	1.093898296983490948e-01	2.997887252157850901e-01	1.892151024552037319e-01	8.775748651494107155e-02	4.016728975946450703e-02	9.969679477609483254e-02
2.070565651444461309e+03	1.737467169097622888e-01	1.092240129511103663e-01	2.999401417579216078e-01	1.893207726146013958e-01	8.780412755591730789e-02	4.020085201024309329e-02	9.976337620027461717e-02
2.075403421658116713e+03	1.735100342123205852e-01	1.090590988925546345e-01	3.000907036229870095e-01	1.894258253377196499e-01	8.785052402431745011e-02	4.023424405697615530e-02	9.982956985295519947e-02
2.080241191871772116e+03	1.732747156474122030e-01	1.088950825389339017e-01	3.002404157753240099e-01	1.895302641888929884e-01	8.789667718916682748e-02	4.026746670349698465e-02	9.989537795660381747e-02
2.085078962085427065e+03	1.730407534194652042e-01	1.087319589342733428e-01	3.003892831484396009e-01	1.896340927124504916e-01	8.794258831303873591e-02	4.030052075068302209e-02	9.996080272148032131e-02
2.089916732299082469e+03	1.728081397773341688e-01	1.085697231502163324e-01	3.005373106452268739e-01	1.897373144328180772e-01	8.798825865208675934e-02	4.033340699645358157e-02	1.000258463456949465e-01
2.094754502512737417e+03	1.725768670140449823e-01	1.084083702858702064e-01	3.006845031381845668e-01	1.898399328546204190e-01	8.803368945607692453e-02	4.036612623576780329e-02	1.000905110152658789e-01
2.099592272726392821e+03	1.723469274665412609e-01	1.082478954676528993e-01	3.008308654696346118e-01	1.899419514627826155e-01	8.807888196841966166e-02	4.039867926062291198e-02	1.001547989041768338e-01
2.104430042940048224e+03	1.721183135154322197e-01	1.080882938491405376e-01	3.009764024519380188e-01	1.900433737226313036e-01	8.812383742620154281e-02	4.043106686005273204e-02	1.002187121744344267e-01
2.109267813153704083e+03	1.718910175847420396e-01	1.079295606109156591e-01	3.011211188677084261e-01	1.901442030799957161e-01	8.816855706021699268e-02	4.046328982012647318e-02	1.002822529761255022e-01
2.114105583367359031e+03	1.716650321416607894e-01	1.077716909604165135e-01	3.012650194700238204e-01	1.902444429613081023e-01	8.821304209499963855e-02	4.049534892394768965e-02	1.003454234474743106e-01
2.118943353581013525e+03	1.714403496962967344e-01	1.076146801317869051e-01	3.014081089826365356e-01	1.903440967737039247e-01	8.825729374885361855e-02	4.052724495165361401e-02	1.004082257148995738e-01
2.123781123794669384e+03	1.712169628014300615e-01	1.074585233857271865e-01	3.015503921001810861e-01	1.904431679051218351e-01	8.830131323388469566e-02	4.055897868041462295e-02	1.004706618930714529e-01
2.128618894008324787e+03	1.709948640522683527e-01	1.073032160093457532e-01	3.016918734883804465e-01	1.905416597244030119e-01	8.834510175603117743e-02	4.059055088443398046e-02	1.005327340849682810e-01
2.133456664221980191e+03	1.707740460862031406e-01	1.071487533160116051e-01	3.018325577842500551e-01	1.906395755813903303e-01	8.838866051509472466e-02	4.062196233494784481e-02	1.005944443819333511e-01
2.138294434435635139e+03	1.705545015825680744e-01	1.069951306452075757e-01	3.019724495963004851e-01	1.907369188070270893e-01	8.843199070477092416e-02	4.065321380022544201e-02	1.006557948637314265e-01
2.143132204649290543e+03	1.703362232623985284e-01	1.068423433623844482e-01	3.021115535047380618e-01	1.908336927134555439e-01	8.847509351267975053e-02	4.068430604556951685e-02	1.007167875986051675e-01
2.147969974862945492e+03	1.701192038881925717e-01	1.066903868588157944e-01	3.022498740616637036e-01	1.909299005941147986e-01	8.851797012039583357e-02	4.071523983331693658e-02	1.007774246433313925e-01
2.152807745076601350e+03	1.699034362636734352e-01	1.065392565514537010e-01	3.023874157912698757e-01	1.910255457238384802e-01	8.856062170347861473e-02	4.074601592283958601e-02	1.008377080432772827e-01
2.157645515290255844e+03	1.696889132335533679e-01	1.063889478827852175e-01	3.025241831900361555e-01	1.911206313589521866e-01	8.860304943150228152e-02	4.077663507054542918e-02	1.008976398324563789e-01
2.162483285503912157e+03	1.694756276832986297e-01	1.062394563206896653e-01	3.026601807269226896e-01	1.912151607373702988e-01	8.864525446808563247e-02	4.080709802987975143e-02	1.009572220335843984e-01
2.167321055717567106e+03	1.692635725388962897e-01	1.060907773582966673e-01	3.027954128435623171e-01	1.913091370786925427e-01	8.868723797092163685e-02	4.083740555132665817e-02	1.010164566581349954e-01
2.172158825931222509e+03	1.690527407666220783e-01	1.059429065138450116e-01	3.029298839544505850e-01	1.914025635843002726e-01	8.872900109180703598e-02	4.086755838241074024e-02	1.010753457063953559e-01
2.176996596144877003e+03	1.688431253728098214e-01	1.057958393305422629e-01	3.030635984471345967e-01	1.914954434374523118e-01	8.877054497667162536e-02	4.089755726769891270e-02	1.011338911675215557e-01
2.181834366358532861e+03	1.686347194036219577e-01	1.056495713764251804e-01	3.031965606823998627e-01	1.915877798033802926e-01	8.881187076560745353e-02	4.092740294880247570e-02	1.011920950195938640e-01
2.186672136572187810e+03	1.684275159448217762e-01	1.055040982442208702e-01	3.033287749944555411e-01	1.916795758293838026e-01	8.885297959289788217e-02	4.095709616437932798e-02	1.012499592296718931e-01
2.191509906785843214e+03	1.682215081215466257e-01	1.053594155512087016e-01	3.034602456911182355e-01	1.917708346449251144e-01	8.889387258704647965e-02	4.098663765013640936e-02	1.013074857538495271e-01
2.196347676999498617e+03	1.680166890980826777e-01	1.052155189390830414e-01	3.035909770539942376e-01	1.918615593617234993e-01	8.893455087080573418e-02	4.101602813883226811e-02	1.013646765373096836e-01
2.201185447213154021e+03	1.678130520776409673e-01	1.050724040738167386e-01	3.037209733386597166e-01	1.919517530738492073e-01	8.897501556120568367e-02	4.104526836027981573e-02	1.014215335143790198e-01
2.206023217426809424e+03	1.676105903021347099e-01	1.049300666455252329e-01	3.038502387748402422e-01	1.920414188578170034e-01	8.901526776958233744e-02	4.107435904134924126e-02	1.014780586085824304e-01
2.210860987640464373e+03	1.674092970519580059e-01	1.047885023683316486e-01	3.039787775665878100e-01	1.921305597726793157e-01	8.905530860160601470e-02	4.110330090597114072e-02	1.015342537326972688e-01
2.215698757854119776e+03	1.672091656457656561e-01	1.046477069802324439e-01	3.041065938924571443e-01	1.922191788601192164e-01	8.909513915730944700e-02	4.113209467513972289e-02	1.015901207888076224e-01
2.220536528067775180e+03	1.670101894402545861e-01	1.045076762429638650e-01	3.042336919056797262e-01	1.923072791445427643e-01	8.913476053111583919e-02	4.116074106691627182e-02	1.016456616683582004e-01
2.225374298281430583e+03	1.668123618299461597e-01	1.043684059418691357e-01	3.043600757343373209e-01	1.923948636331710704e-01	8.917417381186673597e-02	4.118924079643267178e-02	1.017008782522082072e-01
2.230212068495085077e+03	1.666156762469701569e-01	1.042298918857664236e-01	3.044857494815329524e-01	1.924819353161319468e-01	8.921338008284972199e-02	4.121759457589512649e-02	1.017557724106849804e-01
2.235049838708740936e+03	1.664201261608496685e-01	1.040921299068175016e-01	3.046107172255612117e-01	1.925684971665513334e-01	8.925238042182603859e-02	4.124580311458805881e-02	1.018103460036374752e-01
2.239887608922396339e+03	1.662257050782875722e-01	1.039551158603971015e-01	3.047349830200769549e-01	1.926545521406440586e-01	8.929117590105804803e-02	4.127386711887805898e-02	1.018646008804895697e-01
2.244725379136052197e+03	1.660324065429538976e-01	1.038188456249630465e-01	3.048585508942620592e-01	1.927401031778045448e-01	8.932976758733653100e-02	4.130178729221809647e-02	1.019185388802931747e-01
2.249563149349706237e+03	1.658402241352748274e-01	1.036833151019271315e-01	3.049814248529917893e-01	1.928251532006968194e-01	8.936815654200779002e-02	4.132956433515174582e-02	1.019721618317812328e-01
2.254400919563362095e+03	1.656491514722226166e-01	1.035485202155266155e-01	3.051036088769988330e-01	1.929097051153443321e-01	8.940634382100083599e-02	4.135719894531764834e-02	1.020254715534204548e-01
2.259238689777017044e+03	1.654591822071068696e-01	1.034144569126965035e-01	3.052251069230363933e-01	1.929937618112194109e-01	8.944433047485415844e-02	4.138469181745405012e-02	1.020784698534639851e-01
2.264076459990672902e+03	1.652703100293670957e-01	1.032811211629425518e-01	3.053459229240397255e-01	1.930773261613322189e-01	8.948211754874256518e-02	4.141204364340349969e-02	1.021311585300037350e-01
