1.001418434226643626e+03	2.797701300273147673e-01	1.806359974506590582e-01	2.348466137218458982e-01	1.409518406818627834e-01	6.808144459525099224e-02	2.681725632237923901e-02	6.889671720051415704e-02
1.002869765290740247e+03	2.795141791309928014e-01	1.804705334809106609e-01	2.350293882216619723e-01	1.410562271782658528e-01	6.812444670455160278e-02	2.684354193192162522e-02	6.896168335152236262e-02
1.004321096354836754e+03	2.792586647642179010e-01	1.803053479215735166e-01	2.352118532331887724e-01	1.411604184797363992e-01	6.816737526993246754e-02	2.686979985695317139e-02	6.902654047422464301e-02
1.005772427418933376e+03	2.790035861787132365e-01	1.801404403035711810e-01	2.353940092784208848e-01	1.412644149972144825e-01	6.821023041859163027e-02	2.689603008273293988e-02	6.909128874058249881e-02
1.007223758483029997e+03	2.787489426275027715e-01	1.799758101586176051e-01	2.355758568784720175e-01	1.413682171405907240e-01	6.825301227749711042e-02	2.692223259477067449e-02	6.915592832237589527e-02
1.008675089547126618e+03	2.784947333649089307e-01	1.798114570192159700e-01	2.357573965535764426e-01	1.414718253187096653e-01	6.829572097338762471e-02	2.694840737882554099e-02	6.922045939120263780e-02
1.010126420611223239e+03	2.782409576465499357e-01	1.796473804186572987e-01	2.359386288230905793e-01	1.415752399393730154e-01	6.833835663277329497e-02	2.697455442090487474e-02	6.928488211847781686e-02
1.011577751675319632e+03	2.779876147293378064e-01	1.794835798910190128e-01	2.361195542054944085e-01	1.416784614093430095e-01	6.838091938193635588e-02	2.700067370726293506e-02	6.934919667543328059e-02
1.013029082739416367e+03	2.777347038714759186e-01	1.793200549711638503e-01	2.363001732183929449e-01	1.417814901343454892e-01	6.842340934693182108e-02	2.702676522439966325e-02	6.941340323311705196e-02
1.014480413803512761e+03	2.774822243324567284e-01	1.791568051947383389e-01	2.364804863785177347e-01	1.418843265190734282e-01	6.846582665358820485e-02	2.705282895905944396e-02	6.947750196239281528e-02
1.015931744867609382e+03	2.772301753730593288e-01	1.789938300981715191e-01	2.366604942017284108e-01	1.419869709671900126e-01	6.850817142750816047e-02	2.707886489822987006e-02	6.954149303393940273e-02
1.017383075931706003e+03	2.769785562553470637e-01	1.788311292186737234e-01	2.368401972030140801e-01	1.420894238813319443e-01	6.855044379406918797e-02	2.710487302914052488e-02	6.960537661825022537e-02
1.018834406995802851e+03	2.767273662426654735e-01	1.786687020942351045e-01	2.370195958964947391e-01	1.421916856631126325e-01	6.859264387842421706e-02	2.713085333926175402e-02	6.966915288563282904e-02
1.020285738059899245e+03	2.764766045996398525e-01	1.785065482636244150e-01	2.371986907954228840e-01	1.422937567131254410e-01	6.863477180550234258e-02	2.715680581630345453e-02	6.973282200620836702e-02
1.021737069123995752e+03	2.762262705921729178e-01	1.783446672663876742e-01	2.373774824121848703e-01	1.423956374309469086e-01	6.867682770000936576e-02	2.718273044821387444e-02	6.979638414991107265e-02
1.023188400188092373e+03	2.759763634874424776e-01	1.781830586428469199e-01	2.375559712583024397e-01	1.424973282151399956e-01	6.871881168642852977e-02	2.720862722317838114e-02	6.985983948648784303e-02
1.024639731252188767e+03	2.757268825538994328e-01	1.780217219340987922e-01	2.377341578444341352e-01	1.425988294632571651e-01	6.876072388902104704e-02	2.723449612961829566e-02	6.992318818549773940e-02
1.026091062316285615e+03	2.754778270612648905e-01	1.778606566820132295e-01	2.379120426803768007e-01	1.427001415718437416e-01	6.880256443182675152e-02	2.726033715618967485e-02	6.998643041631150141e-02
1.027542393380382237e+03	2.752291962805284431e-01	1.776998624292323303e-01	2.380896262750670234e-01	1.428012649364408526e-01	6.884433343866470933e-02	2.728615029178213525e-02	7.004956634811111693e-02
1.028993724444478858e+03	2.749809894839456703e-01	1.775393387191688543e-01	2.382669091365825220e-01	1.429021999515887598e-01	6.888603103313381548e-02	2.731193552551766657e-02	7.011259614988936406e-02
1.030445055508575479e+03	2.747332059450358077e-01	1.773790850960050292e-01	2.384438917721436457e-01	1.430029470108299949e-01	6.892765733861339061e-02	2.733769284674945552e-02	7.017551999044933930e-02
1.031896386572671872e+03	2.744858449385795263e-01	1.772191011046911902e-01	2.386205746881149559e-01	1.431035065067124690e-01	6.896921247826372225e-02	2.736342224506071313e-02	7.023833803840405510e-02
1.033347717636768493e+03	2.742389057406168229e-01	1.770593862909445870e-01	2.387969583900064474e-01	1.432038788307925803e-01	6.901069657502670318e-02	2.738912371026350212e-02	7.030105046217606513e-02
1.034799048700865114e+03	2.739923876284444115e-01	1.768999402012479405e-01	2.389730433824751032e-01	1.433040643736384345e-01	6.905210975162633102e-02	2.741479723239757804e-02	7.036365742999690920e-02
1.036250379764961508e+03	2.737462898806138356e-01	1.767407623828483598e-01	2.391488301693262819e-01	1.434040635248328144e-01	6.909345213056937440e-02	2.744044280172923747e-02	7.042615910990684958e-02
1.037701710829058356e+03	2.735006117769288592e-01	1.765818523837558163e-01	2.393243192535153274e-01	1.435038766729764548e-01	6.913472383414583089e-02	2.746606040875015572e-02	7.048855566975434361e-02
1.039153041893154750e+03	2.732553525984435794e-01	1.764232097527420329e-01	2.394995111371487906e-01	1.436035042056909572e-01	6.917592498442949600e-02	2.749165004417624888e-02	7.055084727719573845e-02
1.040604372957251599e+03	2.730105116274598731e-01	1.762648340393391522e-01	2.396744063214859555e-01	1.437029465096219538e-01	6.921705570327853219e-02	2.751721169894652541e-02	7.061303409969484080e-02
1.042055704021347992e+03	2.727660881475253984e-01	1.761067247938384039e-01	2.398490053069403105e-01	1.438022039704422161e-01	6.925811611233602394e-02	2.754274536422194816e-02	7.067511630452254223e-02
1.043507035085444613e+03	2.725220814434312078e-01	1.759488815672888562e-01	2.400233085930808807e-01	1.439012769728547081e-01	6.929910633303047740e-02	2.756825103138431030e-02	7.073709405875647227e-02
1.044958366149541234e+03	2.722784908012094163e-01	1.757913039114962217e-01	2.401973166786337266e-01	1.440001659005955004e-01	6.934002648657633383e-02	2.759372869203509729e-02	7.079896752928054038e-02
1.046409697213637855e+03	2.720353155081314256e-01	1.756339913790214424e-01	2.403710300614833595e-01	1.440988711364370456e-01	6.938087669397455248e-02	2.761917833799436978e-02	7.086073688278465843e-02
1.047861028277734476e+03	2.717925548527050927e-01	1.754769435231794961e-01	2.405444492386741573e-01	1.441973930621910371e-01	6.942165707601302693e-02	2.764459996129964986e-02	7.092240228576436600e-02
1.049312359341831097e+03	2.715502081246729538e-01	1.753201598980381193e-01	2.407175747064118077e-01	1.442957320587114622e-01	6.946236775326720958e-02	2.766999355420480047e-02	7.098396390452049731e-02
1.050763690405927491e+03	2.713082746150098368e-01	1.751636400584165310e-01	2.408904069600646125e-01	1.443938885058976274e-01	6.950300884610055574e-02	2.769535910917892210e-02	7.104542190515877875e-02
1.052215021470024112e+03	2.710667536159206970e-01	1.750073835598841276e-01	2.410629464941650701e-01	1.444918627826971280e-01	6.954358047466500936e-02	2.772069661890524256e-02	7.110677645358955135e-02
1.053666352534120733e+03	2.708256444208384517e-01	1.748513899587593179e-01	2.412351938024111520e-01	1.445896552671089019e-01	6.958408275890148875e-02	2.774600607628003451e-02	7.116802771552743767e-02
1.055117683598217127e+03	2.705849463244216491e-01	1.746956588121081622e-01	2.414071493776678290e-01	1.446872663361861433e-01	6.962451581854048333e-02	2.777128747441150874e-02	7.122917585649099492e-02
1.056569014662313975e+03	2.703446586225523585e-01	1.745401896777431516e-01	2.415788137119683765e-01	1.447846963660393838e-01	6.966487977310238666e-02	2.779654080661872473e-02	7.129022104180240960e-02
1.058020345726410369e+03	2.701047806123340056e-01	1.743849821142219592e-01	2.417501872965158449e-01	1.448819457318392678e-01	6.970517474189812102e-02	2.782176606643051164e-02	7.135116343658717830e-02
1.059471676790506763e+03	2.698653115920890411e-01	1.742300356808461625e-01	2.419212706216843922e-01	1.449790148078196061e-01	6.974540084402947038e-02	2.784696324758438243e-02	7.141200320577381633e-02
1.060923007854603611e+03	2.696262508613570530e-01	1.740753499376599678e-01	2.420920641770207271e-01	1.450759039672803730e-01	6.978555819838969110e-02	2.787213234402546869e-02	7.147274051409355233e-02
1.062374338918700232e+03	2.693875977208923245e-01	1.739209244454490710e-01	2.422625684512455801e-01	1.451726135825905095e-01	6.982564692366387271e-02	2.789727334990544511e-02	7.153337552608005079e-02
1.063825669982796853e+03	2.691493514726617242e-01	1.737667587657392154e-01	2.424327839322549527e-01	1.452691440251909216e-01	6.986566713832949305e-02	2.792238625958145398e-02	7.159390840606907891e-02
1.065277001046893474e+03	2.689115114198425416e-01	1.736128524607951362e-01	2.426027111071216158e-01	1.453654956655973662e-01	6.990561896065677905e-02	2.794747106761506089e-02	7.165433931819828461e-02
1.066728332110990095e+03	2.686740768668204327e-01	1.734592050936192287e-01	2.427723504620964978e-01	1.454616688734033381e-01	6.994550250870923414e-02	2.797252776877118957e-02	7.171466842640686346e-02
1.068179663175086489e+03	2.684370471191870333e-01	1.733058162279502434e-01	2.429417024826100169e-01	1.455576640172829839e-01	6.998531790034406841e-02	2.799755635801706374e-02	7.177489589443535045e-02
1.069630994239183110e+03	2.682004214837380163e-01	1.731526854282621763e-01	2.431107676532734962e-01	1.456534814649939336e-01	7.002506525321264275e-02	2.802255683052117669e-02	7.183502188582530090e-02
1.071082325303279504e+03	2.679641992684707597e-01	1.729998122597629362e-01	2.432795464578805522e-01	1.457491215833802423e-01	7.006474468476091289e-02	2.804752918165222611e-02	7.189504656391905446e-02
1.072533656367376352e+03	2.677283797825824041e-01	1.728471962883931790e-01	2.434480393794084818e-01	1.458445847383751381e-01	7.010435631222987352e-02	2.807247340697809415e-02	7.195497009185948534e-02
1.073984987431472746e+03	2.674929623364675213e-01	1.726948370808249200e-01	2.436162469000195951e-01	1.459398712950040200e-01	7.014390025265603013e-02	2.809738950226479265e-02	7.201479263258973862e-02
1.075436318495569594e+03	2.672579462417160601e-01	1.725427342044605350e-01	2.437841695010627141e-01	1.460349816173871218e-01	7.018337662287173206e-02	2.812227746347545701e-02	7.207451434885299435e-02
1.076887649559666215e+03	2.670233308111112369e-01	1.723908872274313719e-01	2.439518076630743659e-01	1.461299160687424270e-01	7.022278553950572766e-02	2.814713728676931578e-02	7.213413540319224548e-02
1.078338980623762609e+03	2.667891153586272601e-01	1.722392957185964746e-01	2.441191618657803375e-01	1.462246750113885274e-01	7.026212711898348340e-02	2.817196896850064289e-02	7.219365595795003421e-02
1.079790311687859230e+03	2.665552991994273868e-01	1.720879592475414999e-01	2.442862325880968966e-01	1.463192588067473154e-01	7.030140147752769741e-02	2.819677250521776535e-02	7.225307617526825765e-02
1.081241642751955851e+03	2.663218816498617025e-01	1.719368773845774689e-01	2.444530203081321795e-01	1.464136678153469540e-01	7.034060873115863255e-02	2.822154789366206062e-02	7.231239621708789034e-02
1.082692973816052472e+03	2.660888620274649563e-01	1.717860497007393794e-01	2.446195255031877458e-01	1.465079023968244576e-01	7.037974899569460208e-02	2.824629513076691925e-02	7.237161624514881764e-02
1.084144304880149093e+03	2.658562396509546732e-01	1.716354757677852338e-01	2.447857486497596879e-01	1.466019629099285515e-01	7.041882238675238603e-02	2.827101421365675604e-02	7.243073642098964149e-02
1.085595635944245487e+03	2.656240138402287121e-01	1.714851551581946798e-01	2.449516902235401028e-01	1.466958497125225303e-01	7.045782901974756429e-02	2.829570513964601436e-02	7.248975690594737509e-02
1.087046967008342108e+03	2.653921839163633778e-01	1.713350874451677330e-01	2.451173506994184792e-01	1.467895631615868390e-01	7.049676900989501616e-02	2.832036790623816691e-02	7.254867786115734574e-02
1.088498298072438729e+03	2.651607492016113676e-01	1.711852722026236950e-01	2.452827305514830025e-01	1.468831036132220158e-01	7.053564247220926731e-02	2.834500251112470962e-02	7.260749944755290342e-02
1.089949629136535123e+03	2.649297090193994397e-01	1.710357090051999041e-01	2.454478302530219147e-01	1.469764714226513003e-01	7.057444952150494777e-02	2.836960895218420403e-02	7.266622182586532364e-02
1.091400960200631971e+03	2.646990626943264147e-01	1.708863974282504583e-01	2.456126502765249020e-01	1.470696669442232984e-01	7.061319027239709722e-02	2.839418722748127122e-02	7.272484515662352988e-02
1.092852291264728365e+03	2.644688095521612325e-01	1.707373370478450780e-01	2.457771910936843995e-01	1.471626905314148970e-01	7.065186483930166461e-02	2.841873733526562029e-02	7.278336960015398260e-02
1.094303622328825213e+03	2.642389489198408437e-01	1.705885274407679120e-01	2.459414531753969790e-01	1.472555425368338167e-01	7.069047333643585507e-02	2.844325927397107351e-02	7.284179531658042939e-02
1.095754953392921607e+03	2.640094801254678214e-01	1.704399681845162329e-01	2.461054369917646534e-01	1.473482233122213325e-01	7.072901587781853239e-02	2.846775304221459482e-02	7.290012246582376620e-02
1.097206284457018228e+03	2.637804024983085860e-01	1.702916588572993273e-01	2.462691430120962643e-01	1.474407332084549938e-01	7.076749257727057985e-02	2.849221863879532884e-02	7.295835120760185699e-02
1.098657615521114849e+03	2.635517153687912950e-01	1.701435990380373298e-01	2.464325717049087594e-01	1.475330725755513162e-01	7.080590354841534428e-02	2.851665606269362593e-02	7.301648170142935323e-02
1.100108946585211470e+03	2.633234180685035675e-01	1.699957883063598907e-01	2.465957235379285517e-01	1.476252417626683910e-01	7.084424890467898306e-02	2.854106531307009850e-02	7.307451410661755520e-02
1.101560277649308091e+03	2.630955099301907074e-01	1.698482262426050660e-01	2.467585989780929356e-01	1.477172411181086054e-01	7.088252875929083874e-02	2.856544638926465998e-02	7.313244858227425926e-02
1.103011608713404712e+03	2.628679902877535945e-01	1.697009124278180958e-01	2.469211984915512803e-01	1.478090709893211951e-01	7.092074322528384156e-02	2.858979929079557072e-02	7.319028528730354977e-02
1.104462939777501106e+03	2.626408584762461862e-01	1.695538464437502668e-01	2.470835225436665006e-01	1.479007317229049934e-01	7.095889241549489801e-02	2.861412401735850125e-02	7.324802438040570185e-02
1.105914270841597499e+03	2.624141138318741850e-01	1.694070278728576628e-01	2.472455715990163061e-01	1.479922236646110389e-01	7.099697644256521001e-02	2.863842056882558162e-02	7.330566602007701493e-02
1.107365601905694348e+03	2.621877556919924857e-01	1.692604562983000549e-01	2.474073461213944780e-01	1.480835471593450470e-01	7.103499541894074676e-02	2.866268894524446817e-02	7.336321036460968781e-02
1.108816932969790741e+03	2.619617833951032870e-01	1.691141313039395688e-01	2.475688465738123401e-01	1.481747025511702676e-01	7.107294945687253618e-02	2.868692914683740672e-02	7.342065757209161048e-02
1.110268264033887590e+03	2.617361962808538167e-01	1.689680524743396028e-01	2.477300734184999520e-01	1.482656901833099561e-01	7.111083866841703960e-02	2.871114117400030280e-02	7.347800780040630864e-02
1.111719595097984211e+03	2.615109936900348875e-01	1.688222193947636895e-01	2.478910271169074420e-01	1.483565103981498712e-01	7.114866316543656810e-02	2.873532502730179877e-02	7.353526120723280490e-02
1.113170926162080832e+03	2.612861749645780107e-01	1.686766316511742192e-01	2.480517081297064219e-01	1.484471635372409948e-01	7.118642305959960170e-02	2.875948070748233706e-02	7.359241795004543840e-02
1.114622257226177226e+03	2.610617394475542308e-01	1.685312888302313017e-01	2.482121169167912367e-01	1.485376499413020857e-01	7.122411846238119182e-02	2.878360821545326853e-02	7.364947818611378150e-02
1.116073588290273847e+03	2.608376864831714048e-01	1.683861905192916009e-01	2.483722539372802407e-01	1.486279699502221219e-01	7.126174948506328044e-02	2.880770755229591223e-02	7.370644207250250102e-02
1.117524919354370468e+03	2.606140154167727041e-01	1.682413363064071410e-01	2.485321196495171303e-01	1.487181239030630764e-01	7.129931623873511648e-02	2.883177871926065686e-02	7.376330976607128886e-02
1.118976250418467089e+03	2.603907255948341715e-01	1.680967257803241133e-01	2.486917145110723315e-01	1.488081121380622485e-01	7.133681883429357495e-02	2.885582171776604823e-02	7.382008142347469548e-02
1.120427581482563710e+03	2.601678163649629449e-01	1.679523585304817934e-01	2.488510389787441657e-01	1.488979349926348450e-01	7.137425738244350393e-02	2.887983654939789077e-02	7.387675720116200495e-02
1.121878912546660331e+03	2.599452870758952039e-01	1.678082341470112648e-01	2.490100935085602651e-01	1.489875928033766173e-01	7.141163199369811310e-02	2.890382321590834538e-02	7.393333725537720724e-02
1.123330243610756725e+03	2.597231370774943371e-01	1.676643522207344195e-01	2.491688785557788499e-01	1.490770859060662756e-01	7.144894277837932073e-02	2.892778171921503438e-02	7.398982174215883167e-02
1.124781574674853118e+03	2.595013657207484448e-01	1.675207123431624867e-01	2.493273945748900045e-01	1.491664146356679876e-01	7.148618984661810061e-02	2.895171206140014636e-02	7.404621081733989141e-02
1.126232905738949967e+03	2.592799723577688398e-01	1.673773141064951731e-01	2.494856420196170377e-01	1.492555793263339037e-01	7.152337330835482898e-02	2.897561424470955840e-02	7.410250463654774467e-02
1.127684236803046360e+03	2.590589563417877716e-01	1.672341571036194130e-01	2.496436213429175932e-01	1.493445803114066828e-01	7.156049327333963150e-02	2.899948827155194100e-02	7.415870335520402534e-02
1.129135567867143209e+03	2.588383170271565392e-01	1.670912409281081479e-01	2.498013329969852592e-01	1.494334179234218796e-01	7.159754985113273018e-02	2.902333414449788374e-02	7.421480712852458750e-02
1.130586898931239830e+03	2.586180537693436032e-01	1.669485651742191878e-01	2.499587774332505397e-01	1.495220924941104701e-01	7.163454315110480419e-02	2.904715186627901055e-02	7.427081611151936658e-02
1.132038229995336451e+03	2.583981659249323104e-01	1.668061294368941572e-01	2.501159551023823258e-01	1.496106043544013497e-01	7.167147328243735072e-02	2.907094143978711590e-02	7.432673045899233777e-02
1.133489561059432845e+03	2.581786528516192281e-01	1.666639333117571620e-01	2.502728664542891446e-01	1.496989538344237203e-01	7.170834035412296248e-02	2.909470286807328346e-02	7.438255032554140500e-02
1.134940892123529466e+03	2.579595139082119237e-01	1.665219763951138465e-01	2.504295119381204637e-01	1.497871412635095600e-01	7.174514447496574410e-02	2.911843615434703963e-02	7.443827586555835929e-02
1.136392223187626087e+03	2.577407484546271332e-01	1.663802582839500610e-01	2.505858920022678848e-01	1.498751669701959832e-01	7.178188575358158963e-02	2.914214130197546535e-02	7.449390723322879548e-02
1.137843554251722708e+03	2.575223558518888178e-01	1.662387785759308068e-01	2.507420070943665036e-01	1.499630312822277933e-01	7.181856429839857114e-02	2.916581831448236337e-02	7.454944458253205675e-02
1.139294885315819101e+03	2.573043354621259993e-01	1.660975368693990983e-01	2.508978576612961864e-01	1.500507345265598147e-01	7.185518021765727181e-02	2.918946719554738750e-02	7.460488806724110966e-02
1.140746216379915950e+03	2.570866866485709834e-01	1.659565327633747700e-01	2.510534441491828472e-01	1.501382770293593349e-01	7.189173361941106344e-02	2.921308794900519257e-02	7.466023784092257198e-02
1.142197547444012343e+03	2.568694087755574174e-01	1.658157658575534488e-01	2.512087670033996689e-01	1.502256591160084642e-01	7.192822461152649505e-02	2.923668057884458785e-02	7.471549405693658774e-02
1.143648878508108737e+03	2.566525012085181801e-01	1.656752357523052499e-01	2.513638266685684908e-01	1.503128811111065777e-01	7.196465330168366759e-02	2.926024508920769748e-02	7.477065686843682724e-02
1.145100209572205586e+03	2.564359633139836059e-01	1.655349420486736944e-01	2.515186235885608079e-01	1.503999433384725637e-01	7.200101979737646984e-02	2.928378148438910700e-02	7.482572642837037602e-02
1.146551540636302207e+03	2.562197944595793753e-01	1.653948843483747377e-01	2.516731582064994366e-01	1.504868461211473774e-01	7.203732420591296703e-02	2.930728976883505144e-02	7.488070288947773490e-02
1.148002871700398828e+03	2.560039940140245163e-01	1.652550622537953262e-01	2.518274309647594578e-01	1.505735897813963442e-01	7.207356663441571998e-02	2.933076994714254454e-02	7.493558640429272277e-02
1.149454202764495449e+03	2.557885613471299058e-01	1.651154753679925646e-01	2.519814423049696051e-01	1.506601746407113251e-01	7.210974718982213205e-02	2.935422202405859118e-02	7.499037712514249054e-02
1.150905533828591842e+03	2.555734958297957715e-01	1.649761232946924672e-01	2.521351926680135414e-01	1.507466010198133810e-01	7.214586597888474062e-02	2.937764600447932001e-02	7.504507520414742394e-02
1.152356864892688463e+03	2.553587968340100267e-01	1.648370056382887083e-01	2.522886824940309691e-01	1.508328692386548542e-01	7.218192310817153623e-02	2.940104189344918892e-02	7.509968079322117129e-02
1.153808195956785084e+03	2.551444637328465492e-01	1.646981220038417348e-01	2.524419122224192957e-01	1.509189796164218389e-01	7.221791868406639281e-02	2.942440969616015242e-02	7.515419404407057413e-02
1.155259527020881706e+03	2.549304959004627391e-01	1.645594719970774333e-01	2.525948822918342440e-01	1.510049324715364016e-01	7.225385281276924809e-02	2.944774941795084630e-02	7.520861510819559781e-02
1.156710858084978327e+03	2.547168927120980197e-01	1.644210552243862422e-01	2.527475931401916287e-01	1.510907281216589682e-01	7.228972560029653383e-02	2.947106106430577924e-02	7.526294413688935925e-02
1.158162189149074720e+03	2.545036535440717840e-01	1.642828712928217083e-01	2.529000452046684666e-01	1.511763668836905994e-01	7.232553715248142556e-02	2.949434464085452096e-02	7.531718128123809919e-02
1.159613520213171569e+03	2.542907777737814512e-01	1.641449198100996265e-01	2.530522389217041423e-01	1.512618490737751842e-01	7.236128757497420350e-02	2.951760015337089732e-02	7.537132669212111280e-02
1.161064851277267962e+03	2.540782647797006355e-01	1.640072003845968462e-01	2.532041747270016296e-01	1.513471750073019373e-01	7.239697697324258552e-02	2.954082760777218195e-02	7.542538052021079131e-02
1.162516182341364356e+03	2.538661139413770917e-01	1.638697126253501335e-01	2.533558530555289900e-01	1.514323449989074810e-01	7.243260545257201866e-02	2.956402701011830517e-02	7.547934291597252487e-02
1.163967513405461204e+03	2.536543246394311057e-01	1.637324561420551161e-01	2.535072743415202612e-01	1.515173593624782045e-01	7.246817311806601214e-02	2.958719836661105607e-02	7.553321402966478582e-02
1.165418844469557826e+03	2.534428962555532183e-01	1.635954305450650903e-01	2.536584390184770110e-01	1.516022184111524840e-01	7.250368007464644271e-02	2.961034168359328450e-02	7.558699401133901763e-02
1.166870175533654447e+03	2.532318281725025599e-01	1.634586354453899937e-01	2.538093475191693371e-01	1.516869224573229591e-01	7.253912642705388769e-02	2.963345696754811354e-02	7.564068301083970436e-02
1.168321506597751068e+03	2.530211197741049634e-01	1.633220704546952673e-01	2.539600002756371988e-01	1.517714718126387807e-01	7.257451227984791642e-02	2.965654422509816229e-02	7.569428117780430121e-02
1.169772837661847461e+03	2.528107704452508542e-01	1.631857351853007176e-01	2.541103977191917496e-01	1.518558667880078039e-01	7.260983773740740943e-02	2.967960346300475144e-02	7.574778866166329006e-02
1.171224168725944082e+03	2.526007795718938076e-01	1.630496292501794620e-01	2.542605402804163361e-01	1.519401076935988359e-01	7.264510290393093317e-02	2.970263468816713298e-02	7.580120561164012394e-02
1.172675499790040703e+03	2.523911465410481614e-01	1.629137522629567625e-01	2.544104283891678864e-01	1.520241948388438846e-01	7.268030788343694815e-02	2.972563790762170963e-02	7.585453217675126869e-02
1.174126830854137097e+03	2.521818707407873505e-01	1.627781038379090550e-01	2.545600624745782414e-01	1.521081285324402677e-01	7.271545277976421140e-02	2.974861312854126111e-02	7.590776850580616131e-02
1.175578161918233945e+03	2.519729515602421865e-01	1.626426835899627277e-01	2.547094429650550995e-01	1.521919090823529996e-01	7.275053769657201241e-02	2.977156035823418437e-02	7.596091474740726546e-02
1.177029492982330339e+03	2.517643883895988588e-01	1.625074911346930662e-01	2.548585702882834592e-01	1.522755367958167350e-01	7.278556273734058946e-02	2.979447960414371294e-02	7.601397104995002985e-02
1.178480824046426733e+03	2.515561806200968809e-01	1.623725260883231714e-01	2.550074448712267849e-01	1.523590119793382103e-01	7.282052800537129611e-02	2.981737087384715712e-02	7.606693756162294373e-02
1.179932155110523581e+03	2.513483276440275915e-01	1.622377880677228212e-01	2.551560671401280622e-01	1.524423349386982152e-01	7.285543360378704536e-02	2.984023417505515807e-02	7.611981443040752304e-02
1.181383486174620202e+03	2.511408288547318790e-01	1.621032766904074718e-01	2.553044375205114069e-01	1.525255059789538403e-01	7.289027963553253164e-02	2.986306951561091758e-02	7.617260180407835202e-02
1.182834817238716823e+03	2.509336836465987930e-01	1.619689915745370357e-01	2.554525564371828983e-01	1.526085254044406980e-01	7.292506620337455003e-02	2.988587690348944170e-02	7.622529983020302768e-02
1.184286148302813444e+03	2.507268914150632688e-01	1.618349323389149108e-01	2.556004243142318555e-01	1.526913935187749205e-01	7.295979340990235706e-02	2.990865634679680876e-02	7.627790865614229865e-02
1.185737479366910065e+03	2.505204515566044621e-01	1.617010986029869257e-01	2.557480415750322256e-01	1.527741106248554914e-01	7.299446135752792053e-02	2.993140785376940255e-02	7.633042842904996794e-02
1.187188810431006686e+03	2.503143634687440833e-01	1.615674899868401182e-01	2.558954086422436380e-01	1.528566770248661888e-01	7.302907014848621092e-02	2.995413143277318030e-02	7.638285929587299017e-02
1.188640141495103080e+03	2.501086265500440664e-01	1.614341061112017084e-01	2.560425259378127372e-01	1.529390930202779164e-01	7.306361988483557612e-02	2.997682709230292675e-02	7.643520140335148538e-02
1.190091472559199701e+03	2.499032402001052089e-01	1.613009465974380996e-01	2.561893938829741812e-01	1.530213589118506190e-01	7.309811066845797733e-02	2.999949484098152555e-02	7.648745489801875297e-02
1.191542803623296322e+03	2.496982038195651177e-01	1.611680110675536848e-01	2.563360128982520858e-01	1.531034749996356137e-01	7.313254260105933602e-02	3.002213468755920642e-02	7.653961992620131327e-02
1.192994134687392716e+03	2.494935168100963496e-01	1.610352991441898474e-01	2.564823834034610783e-01	1.531854415829774219e-01	7.316691578416981145e-02	3.004474664091284081e-02	7.659169663401892147e-02
1.194445465751489564e+03	2.492891785744047461e-01	1.609028104506238510e-01	2.566285058177075196e-01	1.532672589605161562e-01	7.320123031914409217e-02	3.006733071004517865e-02	7.664368516738466475e-02
1.195896796815585958e+03	2.490851885162274071e-01	1.607705446107678404e-01	2.567743805593907247e-01	1.533489274301894634e-01	7.323548630716174290e-02	3.008988690408415795e-02	7.669558567200492061e-02
1.197348127879682352e+03	2.488815460403309421e-01	1.606385012491676478e-01	2.569200080462041291e-01	1.534304472892345506e-01	7.326968384922745436e-02	3.011241523228215880e-02	7.674739829337941244e-02
1.198799458943779200e+03	2.486782505525097497e-01	1.605066799910017661e-01	2.570653886951363987e-01	1.535118188341903223e-01	7.330382304617137634e-02	3.013491570401529915e-02	7.679912317680132050e-02
1.200250790007875821e+03	2.484753014595840748e-01	1.603750804620804604e-01	2.572105229224728729e-01	1.535930423608994899e-01	7.333790399864936749e-02	3.015738832878271658e-02	7.685076046735722644e-02
1.201702121071972442e+03	2.482726981693983148e-01	1.602437022888443252e-01	2.573554111437965086e-01	1.536741181645105980e-01	7.337192680714335613e-02	3.017983311620583628e-02	7.690231030992725203e-02
1.203153452136069063e+03	2.480704400908189944e-01	1.601125450983635901e-01	2.575000537739892126e-01	1.537550465394800225e-01	7.340589157196159009e-02	3.020225007602769449e-02	7.695377284918504535e-02
1.204604783200165684e+03	2.478685266337332382e-01	1.599816085183368708e-01	2.576444512272328957e-01	1.538358277795741080e-01	7.343979839323896974e-02	3.022463921811219950e-02	7.700514822959782235e-02
1.206056114264262078e+03	2.476669572090467730e-01	1.598508921770901980e-01	2.577886039170106947e-01	1.539164621778711384e-01	7.347364737093733944e-02	3.024700055244344821e-02	7.705643659542649182e-02
1.207507445328358699e+03	2.474657312286821509e-01	1.597203957035758515e-01	2.579325122561083039e-01	1.539969500267633906e-01	7.350743860484570957e-02	3.026933408912502524e-02	7.710763809072564146e-02
1.208958776392455093e+03	2.472648481055770842e-01	1.595901187273714161e-01	2.580761766566149751e-01	1.540772916179590779e-01	7.354117219458065902e-02	3.029163983837929175e-02	7.715875285934362116e-02
1.210410107456551941e+03	2.470643072536824469e-01	1.594600608786786999e-01	2.582195975299246271e-01	1.541574872424845144e-01	7.357484823958655717e-02	3.031391781054668805e-02	7.720978104492258465e-02
1.211861438520648335e+03	2.468641080879606653e-01	1.593302217883225402e-01	2.583627752867373450e-01	1.542375371906859749e-01	7.360846683913588318e-02	3.033616801608506747e-02	7.726072279089858663e-02
1.213312769584745183e+03	2.466642500243838854e-01	1.592006010877499989e-01	2.585057103370602682e-01	1.543174417522318320e-01	7.364202809232951730e-02	3.035839046556898513e-02	7.731157824050159666e-02
1.214764100648841804e+03	2.464647324799321138e-01	1.590711984090291131e-01	2.586484030902088116e-01	1.543972012161144158e-01	7.367553209809703241e-02	3.038058516968901793e-02	7.736234753675561016e-02
1.216215431712937971e+03	2.462655548725914967e-01	1.589420133848480077e-01	2.587908539548078313e-01	1.544768158706520400e-01	7.370897895519698539e-02	3.040275213925107758e-02	7.741303082247866230e-02
1.217666762777034819e+03	2.460667166213525991e-01	1.588130456485137287e-01	2.589330633387929015e-01	1.545562860034910557e-01	7.374236876221720860e-02	3.042489138517573410e-02	7.746362824028293903e-02
1.219118093841131440e+03	2.458682171462084620e-01	1.586842948339511894e-01	2.590750316494113137e-01	1.546356119016077113e-01	7.377570161757505962e-02	3.044700291849754617e-02	7.751413993257481871e-02
1.220569424905228061e+03	2.456700558681531033e-01	1.585557605757022814e-01	2.592167592932235198e-01	1.547147938513101784e-01	7.380897761951779601e-02	3.046908675036437419e-02	7.756456604155499701e-02
1.222020755969324682e+03	2.454722322091794640e-01	1.584274425089245986e-01	2.593582466761037986e-01	1.547938321382404669e-01	7.384219686612279732e-02	3.049114289203670378e-02	7.761490670921845914e-02
1.223472087033421303e+03	2.452747455922777708e-01	1.582993402693906315e-01	2.594994942032418650e-01	1.548727270473764239e-01	7.387535945529788428e-02	3.051317135488699692e-02	7.766516207735466026e-02
1.224923418097517697e+03	2.450775954414338709e-01	1.581714534934866301e-01	2.596405022791439809e-01	1.549514788630336204e-01	7.390846548478155476e-02	3.053517215039901200e-02	7.771533228754755329e-02
1.226374749161614318e+03	2.448807811816272884e-01	1.580437818182115484e-01	2.597812713076338431e-01	1.550300878688673500e-01	7.394151505214337228e-02	3.055714529016714809e-02	7.776541748117565822e-02
1.227826080225710712e+03	2.446843022388296984e-01	1.579163248811760178e-01	2.599218016918540264e-01	1.551085543478744888e-01	7.397450825478413261e-02	3.057909078589576835e-02	7.781541779941214543e-02
1.229277411289807560e+03	2.444881580400028731e-01	1.577890823206013204e-01	2.600620938342668720e-01	1.551868785823954100e-01	7.400744518993626619e-02	3.060100864939856863e-02	7.786533338322494668e-02
1.230728742353903954e+03	2.442923480130972658e-01	1.576620537753184725e-01	2.602021481366558198e-01	1.552650608541159827e-01	7.404032595466400468e-02	3.062289889259790093e-02	7.791516437337682455e-02
1.232180073418000802e+03	2.440968715870499850e-01	1.575352388847669760e-01	2.603419650001265739e-01	1.553431014440694036e-01	7.407315064586378339e-02	3.064476152752413154e-02	7.796491091042544175e-02
1.233631404482097196e+03	2.439017281917832958e-01	1.574086372889939578e-01	2.604815448251080467e-01	1.554210006326381399e-01	7.410591936026444948e-02	3.066659656631498879e-02	7.801457313472344446e-02
1.235082735546193817e+03	2.437069172582026766e-01	1.572822486286531152e-01	2.606208880113536908e-01	1.554987586995557336e-01	7.413863219442756725e-02	3.068840402121492464e-02	7.806415118641861495e-02
1.236534066610290438e+03	2.435124382181952374e-01	1.571560725450037166e-01	2.607599949579426091e-01	1.555763759239087718e-01	7.417128924474768181e-02	3.071018390457445207e-02	7.811364520545385770e-02
1.237985397674387059e+03	2.433182905046278877e-01	1.570301086799094636e-01	2.608988660632806100e-01	1.556538525841388299e-01	7.420389060745265219e-02	3.073193622884953097e-02	7.816305533156739371e-02
1.239436728738483680e+03	2.431244735513456434e-01	1.569043566758375474e-01	2.610375017251014840e-01	1.557311889580441366e-01	7.423643637860390110e-02	3.075366100660090543e-02	7.821238170429278824e-02
1.240888059802580301e+03	2.429309867931699618e-01	1.567788161758577603e-01	2.611759023404678914e-01	1.558083853227815729e-01	7.426892665409666472e-02	3.077535825049347584e-02	7.826162446295904795e-02
1.242339390866676695e+03	2.427378296658969092e-01	1.566534868236412192e-01	2.613140683057728064e-01	1.558854419548685588e-01	7.430136152966036744e-02	3.079702797329568129e-02	7.831078374669078745e-02
1.243790721930773088e+03	2.425450016062955516e-01	1.565283682634595608e-01	2.614520000167405156e-01	1.559623591301848300e-01	7.433374110085881614e-02	3.081867018787885076e-02	7.835985969440824317e-02
1.245242052994869937e+03	2.423525020521062057e-01	1.564034601401838309e-01	2.615896978684275620e-01	1.560391371239743252e-01	7.436606546309047772e-02	3.084028490721658217e-02	7.840885244482739824e-02
1.246693384058966330e+03	2.421603304420386349e-01	1.562787620992835136e-01	2.617271622552242438e-01	1.561157762108469349e-01	7.439833471158885381e-02	3.086187214438412124e-02	7.845776213646010744e-02
1.248144715123063179e+03	2.419684862157704952e-01	1.561542737868255037e-01	2.618643935708553361e-01	1.561922766647805272e-01	7.443054894142261957e-02	3.088343191255773709e-02	7.850658890761418041e-02
1.249596046187159800e+03	2.417769688139455309e-01	1.560299948494731082e-01	2.620013922083815894e-01	1.562686387591225579e-01	7.446270824749604000e-02	3.090496422501409421e-02	7.855533289639349270e-02
1.251047377251256421e+03	2.415857776781718258e-01	1.559059249344850462e-01	2.621381585602005071e-01	1.563448627665920132e-01	7.449481272454916425e-02	3.092646909512966266e-02	7.860399424069809682e-02
1.252498708315352815e+03	2.413949122510203049e-01	1.557820636897144784e-01	2.622746930180478442e-01	1.564209489592811864e-01	7.452686246715814478e-02	3.094794653638006238e-02	7.865257307822431931e-02
1.253950039379449436e+03	2.412043719760228466e-01	1.556584107636078684e-01	2.624109959729983843e-01	1.564968976086573982e-01	7.455885756973548717e-02	3.096939656233950108e-02	7.870106954646487185e-02
1.255401370443546057e+03	2.410141562976706453e-01	1.555349658052041228e-01	2.625470678154671056e-01	1.565727089855649679e-01	7.459079812653032771e-02	3.099081918668012206e-02	7.874948378270898997e-02
1.256852701507642678e+03	2.408242646614126015e-01	1.554117284641335917e-01	2.626829089352105684e-01	1.566483833602269338e-01	7.462268423162873865e-02	3.101221442317142127e-02	7.879781592404247470e-02
1.258304032571739299e+03	2.406346965136534621e-01	1.552886983906169582e-01	2.628185197213276370e-01	1.567239210022467188e-01	7.465451597895396418e-02	3.103358228567964366e-02	7.884606610734788690e-02
1.259755363635835920e+03	2.404454513017522665e-01	1.551658752354643789e-01	2.629539005622610337e-01	1.567993221806100734e-01	7.468629346226673960e-02	3.105492278816717605e-02	7.889423446930460271e-02
1.261206694699932314e+03	2.402565284740206808e-01	1.550432586500744281e-01	2.630890518457979499e-01	1.568745871636867684e-01	7.471801677516551332e-02	3.107623594469195033e-02	7.894232114638899400e-02
1.262658025764028707e+03	2.400679274797212770e-01	1.549208482864330438e-01	2.632239739590714889e-01	1.569497162192323436e-01	7.474968601108680777e-02	3.109752176940684329e-02	7.899032627487447000e-02
1.264109356828125556e+03	2.398796477690658679e-01	1.547986437971126394e-01	2.633586672885618318e-01	1.570247096143899124e-01	7.478130126330537197e-02	3.111878027655910067e-02	7.903824999083162994e-02
1.265560687892221949e+03	2.396916887932137863e-01	1.546766448352710210e-01	2.634931322200968484e-01	1.570995676156919096e-01	7.481286262493457018e-02	3.114001148048971962e-02	7.908609243012841572e-02
1.267012018956318798e+03	2.395040500042703580e-01	1.545548510546505272e-01	2.636273691388539286e-01	1.571742904890617853e-01	7.484437018892658999e-02	3.116121539563289009e-02	7.913385372843015353e-02
1.268463350020415419e+03	2.393167308552850148e-01	1.544332621095769464e-01	2.637613784293604269e-01	1.572488784998158085e-01	7.487582404807271996e-02	3.118239203651538768e-02	7.918153402119980366e-02
1.269914681084511813e+03	2.391297308002498789e-01	1.543118776549585736e-01	2.638951604754952718e-01	1.573233319126647878e-01	7.490722429500365487e-02	3.120354141775599777e-02	7.922913344369793276e-02
1.271366012148608434e+03	2.389430492940979589e-01	1.541906973462851549e-01	2.640287156604895769e-01	1.573976509917157929e-01	7.493857102218974553e-02	3.122466355406493602e-02	7.927665213098296360e-02
1.272817343212705055e+03	2.387566857927014563e-01	1.540697208396270279e-01	2.641620443669280838e-01	1.574718360004738194e-01	7.496986432194124861e-02	3.124575846024327599e-02	7.932409021791124448e-02
1.274268674276801676e+03	2.385706397528702671e-01	1.539489477916340110e-01	2.642951469767501615e-01	1.575458872018435930e-01	7.500110428640865967e-02	3.126682615118236280e-02	7.937144783913717416e-02
1.275720005340898297e+03	2.383849106323502054e-01	1.538283778595345153e-01	2.644280238712508058e-01	1.576198048581312072e-01	7.503229100758292136e-02	3.128786664186324062e-02	7.941872512911334059e-02
1.277171336404994690e+03	2.381994978898214488e-01	1.537080107011346286e-01	2.645606754310817488e-01	1.576935892310458442e-01	7.506342457729571482e-02	3.130887994735609414e-02	7.946592222209067358e-02
1.278622667469091539e+03	2.380144009848967623e-01	1.535878459748169778e-01	2.646931020362529030e-01	1.577672405817015233e-01	7.509450508721972339e-02	3.132986608281967955e-02	7.951303925211855583e-02
1.280073998533187932e+03	2.378296193781200274e-01	1.534678833395398401e-01	2.648253040661328606e-01	1.578407591706187663e-01	7.512553262886892402e-02	3.135082506350073822e-02	7.956007635304496173e-02
1.281525329597284326e+03	2.376451525309644652e-01	1.533481224548362554e-01	2.649572818994503365e-01	1.579141452577262350e-01	7.515650729359885096e-02	3.137175690473346240e-02	7.960703365851658220e-02
1.282976660661381175e+03	2.374609999058310550e-01	1.532285629808128880e-01	2.650890359142951125e-01	1.579873991023624247e-01	7.518742917260685943e-02	3.139266162193891235e-02	7.965391130197896352e-02
1.284427991725477568e+03	2.372771609660469794e-01	1.531092045781492217e-01	2.652205664881192027e-01	1.580605209632773844e-01	7.521829835693234767e-02	3.141353923062446818e-02	7.970070941667667386e-02
1.285879322789574417e+03	2.370936351758637650e-01	1.529900469080964498e-01	2.653518739977379082e-01	1.581335110986343273e-01	7.524911493745710389e-02	3.143438974638326777e-02	7.974742813565340038e-02
1.287330653853671038e+03	2.369104220004560057e-01	1.528710896324766144e-01	2.654829588193309831e-01	1.582063697660113510e-01	7.527987900490552831e-02	3.145521318489366558e-02	7.979406759175207420e-02
1.288781984917767431e+03	2.367275209059194474e-01	1.527523324136816352e-01	2.656138213284434668e-01	1.582790972224029646e-01	7.531059064984491069e-02	3.147600956191867749e-02	7.984062791761512012e-02
1.290233315981864052e+03	2.365449313592694613e-01	1.526337749146723100e-01	2.657444618999869057e-01	1.583516937242219480e-01	7.534124996268568020e-02	3.149677889330542574e-02	7.988710924568442895e-02
