1.001418434226643626e+03	2.797534220400020311e-01	1.806695713871682429e-01	2.348376174401200223e-01	1.409501348859577285e-01	6.808396169932903752e-02	2.681227904502186260e-02	6.889301350222673537e-02
1.002869765290740247e+03	2.794973982731221440e-01	1.805042548611003050e-01	2.350203674959335520e-01	1.410544924431203773e-01	6.812696901420894902e-02	2.683852920345178653e-02	6.895798870888848742e-02
1.004321096354836754e+03	2.792418112893796378e-01	1.803392162137331944e-01	2.352028083661617808e-01	1.411586547918581847e-01	6.816990268455261348e-02	2.686475172675099540e-02	6.902285492738918782e-02
1.005772427418933376e+03	2.789866603398463152e-01	1.801744549773459936e-01	2.353849405718358156e-01	1.412626223437228323e-01	6.821276283792253314e-02	2.689094660064380096e-02	6.908761232850829659e-02
1.007223758483029997e+03	2.787319446768962150e-01	1.800099706850052383e-01	2.355667646331082443e-01	1.413663955092096802e-01	6.825554960165085283e-02	2.691711381110035647e-02	6.915226108285502105e-02
1.008675089547126618e+03	2.784776635542031697e-01	1.798457628705636135e-01	2.357482810692546338e-01	1.414699746977609862e-01	6.829826310284010937e-02	2.694325334433544591e-02	6.921680136086758028e-02
1.010126420611223239e+03	2.782238162267388626e-01	1.796818310686586484e-01	2.359294903986749736e-01	1.415733603177693201e-01	6.834090346836388385e-02	2.696936518680722802e-02	6.928123333281255292e-02
1.011577751675319632e+03	2.779704019507699408e-01	1.795181748147112732e-01	2.361103931388952581e-01	1.416765527765809773e-01	6.838347082486755102e-02	2.699544932521605323e-02	6.934555716878434972e-02
1.013029082739416367e+03	2.777174199838560731e-01	1.793547936449246261e-01	2.362909898065688463e-01	1.417795524804992546e-01	6.842596529876891764e-02	2.702150574650323545e-02	6.940977303870443649e-02
1.014480413803512761e+03	2.774648695848473401e-01	1.791916870962827757e-01	2.364712809174779329e-01	1.418823598347877246e-01	6.846838701625887480e-02	2.704753443784985167e-02	6.947388111232087604e-02
1.015931744867609382e+03	2.772127500138821810e-01	1.790288547065491398e-01	2.366512669865351581e-01	1.419849752436736778e-01	6.851073610330211949e-02	2.707353538667554155e-02	6.953788155920759273e-02
1.017383075931706003e+03	2.769610605323848396e-01	1.788662960142654856e-01	2.368309485277848847e-01	1.420873991103512868e-01	6.855301268563775141e-02	2.709950858063730345e-02	6.960177454876385894e-02
1.018834406995802851e+03	2.767098004030632552e-01	1.787040105587504313e-01	2.370103260544048074e-01	1.421896318369849643e-01	6.859521688877993906e-02	2.712545400762832529e-02	6.966556025021365672e-02
1.020285738059899245e+03	2.764589688899064535e-01	1.785419978800982799e-01	2.371894000787074241e-01	1.422916738247127222e-01	6.863734883801857201e-02	2.715137165577678410e-02	6.972923883260517819e-02
1.021737069123995752e+03	2.762085652581825479e-01	1.783802575191775486e-01	2.373681711121413684e-01	1.423935254736493350e-01	6.867940865841985765e-02	2.717726151344465949e-02	6.979281046481014550e-02
1.023188400188092373e+03	2.759585887744362420e-01	1.782187890176297473e-01	2.375466396652929635e-01	1.424951871828896433e-01	6.872139647482695957e-02	2.720312356922658173e-02	6.985627531552336678e-02
1.024639731252188767e+03	2.757090387064866643e-01	1.780575919178680744e-01	2.377248062478876101e-01	1.425966593505117730e-01	6.876331241186059429e-02	2.722895781194864875e-02	6.991963355326211160e-02
1.026091062316285615e+03	2.754599143234249814e-01	1.778966657630761949e-01	2.379026713687913686e-01	1.426979423735804942e-01	6.880515659391964189e-02	2.725476423066726731e-02	6.998288534636558367e-02
1.027542393380382237e+03	2.752112148956120663e-01	1.777360100972067702e-01	2.380802355360123190e-01	1.427990366481502738e-01	6.884692914518174278e-02	2.728054281466798722e-02	7.004603086299440728e-02
1.028993724444478858e+03	2.749629396946762783e-01	1.775756244649802917e-01	2.382574992567019767e-01	1.428999425692686620e-01	6.888863018960389439e-02	2.730629355346436346e-02	7.010907027113010004e-02
1.030445055508575479e+03	2.747150879935112977e-01	1.774155084118837766e-01	2.384344630371567908e-01	1.430006605309793732e-01	6.893025985092300634e-02	2.733201643679678342e-02	7.017200373857454543e-02
1.031896386572671872e+03	2.744676590662736282e-01	1.772556614841694078e-01	2.386111273828196155e-01	1.431011909263255888e-01	6.897181825265649713e-02	2.735771145463134282e-02	7.023483143294947939e-02
1.033347717636768493e+03	2.742206521883804871e-01	1.770960832288533404e-01	2.387874927982810702e-01	1.432015341473530656e-01	6.901330551810286318e-02	2.738337859715870432e-02	7.029755352169600457e-02
1.034799048700865114e+03	2.739740666365074739e-01	1.769367731937143418e-01	2.389635597872810380e-01	1.433016905851133560e-01	6.905472177034223391e-02	2.740901785479295943e-02	7.036017017207413238e-02
1.036250379764961508e+03	2.737279016885862393e-01	1.767777309272925146e-01	2.391393288527100813e-01	1.434016606296669993e-01	6.909606713223691299e-02	2.743462921817049760e-02	7.042268155116220008e-02
1.037701710829058356e+03	2.734821566238024859e-01	1.766189559788880759e-01	2.393148004966109410e-01	1.435014446700865753e-01	6.913734172643196119e-02	2.746021267814888547e-02	7.048508782585651000e-02
1.039153041893154750e+03	2.732368307225934156e-01	1.764604478985599967e-01	2.394899752201798127e-01	1.436010430944599792e-01	6.917854567535569599e-02	2.748576822580575327e-02	7.054738916287078832e-02
1.040604372957251599e+03	2.729919232666456197e-01	1.763022062371247811e-01	2.396648535237679289e-01	1.437004562898934468e-01	6.921967910122026058e-02	2.751129585243767411e-02	7.060958572873574091e-02
1.042055704021347992e+03	2.727474335388927473e-01	1.761442305461551061e-01	2.398394359068829473e-01	1.437996846425148301e-01	6.926074212602215119e-02	2.753679554955905384e-02	7.067167768979863707e-02
1.043507035085444613e+03	2.725033608235133964e-01	1.759865203779787668e-01	2.400137228681902823e-01	1.438987285374765113e-01	6.930173487154271672e-02	2.756226730890103116e-02	7.073366521222278214e-02
1.044958366149541234e+03	2.722597044059288374e-01	1.758290752856770667e-01	2.401877149055146321e-01	1.439975883589586225e-01	6.934265745934869996e-02	2.758771112241037091e-02	7.079554846198718443e-02
1.046409697213637855e+03	2.720164635728007374e-01	1.756718948230838739e-01	2.403614125158413939e-01	1.440962644901721545e-01	6.938351001079273717e-02	2.761312698224837811e-02	7.085732760488604176e-02
1.047861028277734476e+03	2.717736376120291064e-01	1.755149785447841226e-01	2.405348161953180519e-01	1.441947573133619820e-01	6.942429264701391323e-02	2.763851488078980165e-02	7.091900280652836674e-02
1.049312359341831097e+03	2.715312258127497436e-01	1.753583260061126470e-01	2.407079264392555373e-01	1.442930672098099720e-01	6.946500548893819182e-02	2.766387481062174483e-02	7.098057423233751495e-02
1.050763690405927491e+03	2.712892274653322389e-01	1.752019367631529601e-01	2.408807437421297548e-01	1.443911945598380098e-01	6.950564865727895669e-02	2.768920676454259683e-02	7.104204204755081020e-02
1.052215021470024112e+03	2.710476418613777527e-01	1.750458103727358938e-01	2.410532685975829148e-01	1.444891397428111068e-01	6.954622227253748346e-02	2.771451073556094324e-02	7.110340641721918375e-02
1.053666352534120733e+03	2.708064682937167955e-01	1.748899463924384334e-01	2.412255014984249490e-01	1.445869031371403435e-01	6.958672645500348086e-02	2.773978671689449754e-02	7.116466750620671633e-02
1.055117683598217127e+03	2.705657060564071181e-01	1.747343443805823571e-01	2.413974429366350094e-01	1.446844851202860049e-01	6.962716132475550712e-02	2.776503470196903245e-02	7.122582547919024953e-02
1.056569014662313975e+03	2.703253544447311585e-01	1.745790038962331259e-01	2.415690934033626336e-01	1.447818860687605236e-01	6.966752700166148338e-02	2.779025468441732871e-02	7.128688050065901116e-02
1.058020345726410369e+03	2.700854127551943207e-01	1.744239244991984406e-01	2.417404533889294105e-01	1.448791063581315042e-01	6.970782360537916555e-02	2.781544665807810651e-02	7.134783273491428213e-02
1.059471676790506763e+03	2.698458802855224770e-01	1.742691057500271590e-01	2.419115233828302569e-01	1.449761463630247216e-01	6.974805125535663008e-02	2.784061061699496728e-02	7.140868234606898013e-02
1.060923007854603611e+03	2.696067563346599139e-01	1.741145472100079916e-01	2.420823038737347777e-01	1.450730064571271738e-01	6.978821007083270411e-02	2.786574655541535286e-02	7.146942949804727108e-02
1.062374338918700232e+03	2.693680402027670562e-01	1.739602484411681693e-01	2.422527953494887920e-01	1.451696870131899408e-01	6.982830017083743734e-02	2.789085446778950123e-02	7.153007435458430541e-02
1.063825669982796853e+03	2.691297311912183021e-01	1.738062090062724163e-01	2.424229982971155550e-01	1.452661884030311545e-01	6.986832167419261552e-02	2.791593434876940213e-02	7.159061707922574624e-02
1.065277001046893474e+03	2.688918286025999693e-01	1.736524284688214792e-01	2.425929132028172286e-01	1.453625109975390794e-01	6.990827469951212125e-02	2.794098619320775634e-02	7.165105783532754735e-02
1.066728332110990095e+03	2.686543317407079634e-01	1.734989063930509612e-01	2.427625405519763246e-01	1.454586551666749994e-01	6.994815936520244748e-02	2.796600999615695554e-02	7.171139678605552292e-02
1.068179663175086489e+03	2.684172399105457241e-01	1.733456423439301841e-01	2.429318808291570098e-01	1.455546212794759930e-01	6.998797578946312770e-02	2.799100575286804851e-02	7.177163409438504227e-02
1.069630994239183110e+03	2.681805524183221157e-01	1.731926358871608285e-01	2.431009345181064651e-01	1.456504097040581536e-01	7.002772409028718004e-02	2.801597345878971759e-02	7.183176992310069675e-02
1.071082325303279504e+03	2.679442685714489847e-01	1.730398865891757398e-01	2.432697021017563854e-01	1.457460208076192254e-01	7.006740438546156524e-02	2.804091310956725869e-02	7.189180443479600835e-02
1.072533656367376352e+03	2.677083876785393834e-01	1.728873940171376800e-01	2.434381840622241999e-01	1.458414549564416574e-01	7.010701679256758911e-02	2.806582470104157165e-02	7.195173779187304108e-02
1.073984987431472746e+03	2.674729090494051831e-01	1.727351577389381887e-01	2.436063808808146269e-01	1.459367125158954059e-01	7.014656142898133273e-02	2.809070822924815414e-02	7.201157015654220672e-02
1.075436318495569594e+03	2.672378319950550196e-01	1.725831773231961963e-01	2.437742930380208395e-01	1.460317938504409052e-01	7.018603841187413817e-02	2.811556369041608161e-02	7.207130169082184845e-02
1.076887649559666215e+03	2.670031558276921291e-01	1.724314523392569687e-01	2.439419210135260474e-01	1.461266993236318978e-01	7.022544785821295543e-02	2.814039108096701505e-02	7.213093255653801883e-02
1.078338980623762609e+03	2.667688798607122380e-01	1.722799823571907751e-01	2.441092652862046075e-01	1.462214292981182662e-01	7.026478988476082821e-02	2.816519039751420525e-02	7.219046291532410509e-02
1.079790311687859230e+03	2.665350034087012876e-01	1.721287669477916948e-01	2.442763263341236613e-01	1.463159841356489188e-01	7.030406460807728242e-02	2.818996163686150053e-02	7.224989292862064871e-02
1.081241642751955851e+03	2.663015257874335462e-01	1.719778056825763402e-01	2.444431046345443836e-01	1.464103641970745939e-01	7.034327214451874255e-02	2.821470479600234754e-02	7.230922275767495688e-02
1.082692973816052472e+03	2.660684463138693334e-01	1.718270981337828573e-01	2.446096006639232878e-01	1.465045698423507181e-01	7.038241261023897577e-02	2.823941987211881985e-02	7.236845256354089428e-02
1.084144304880149093e+03	2.658357643061530218e-01	1.716766438743694001e-01	2.447758148979136406e-01	1.465986014305402096e-01	7.042148612118946660e-02	2.826410686258062563e-02	7.242758250707857781e-02
1.085595635944245487e+03	2.656034790836107051e-01	1.715264424780131025e-01	2.449417478113667945e-01	1.466924593198162541e-01	7.046049279311980551e-02	2.828876576494413972e-02	7.248661274895414064e-02
1.087046967008342108e+03	2.653715899667482558e-01	1.713764935191089411e-01	2.451073998783336039e-01	1.467861438674651631e-01	7.049943274157818851e-02	2.831339657695142870e-02	7.254554344963941304e-02
1.088498298072438729e+03	2.651400962772492154e-01	1.712267965727682639e-01	2.452727715720656732e-01	1.468796554298891499e-01	7.053830608191169471e-02	2.833799929652928290e-02	7.260437476941172807e-02
1.089949629136535123e+03	2.649089973379726293e-01	1.710773512148178466e-01	2.454378633650167729e-01	1.469729943626090218e-01	7.057711292926678592e-02	2.836257392178824499e-02	7.266310686835365795e-02
1.091400960200631971e+03	2.646782924729509934e-01	1.709281570217985879e-01	2.456026757288442552e-01	1.470661610202671221e-01	7.061585339858965360e-02	2.838712045102166279e-02	7.272173990635269480e-02
1.092852291264728365e+03	2.644479810073881998e-01	1.707792135709642056e-01	2.457672091344101917e-01	1.471591557566298836e-01	7.065452760462663517e-02	2.841163888270472129e-02	7.278027404310113968e-02
1.094303622328825213e+03	2.642180622676573165e-01	1.706305204402802367e-01	2.459314640517828998e-01	1.472519789245906874e-01	7.069313566192457488e-02	2.843612921549350248e-02	7.283870943809575560e-02
1.095754953392921607e+03	2.639885355812986445e-01	1.704820772084227054e-01	2.460954409502382756e-01	1.473446308761725554e-01	7.073167768483125395e-02	2.846059144822402423e-02	7.289704625063754551e-02
1.097206284457018228e+03	2.637594002770174972e-01	1.703338834547769021e-01	2.462591402982610422e-01	1.474371119625309257e-01	7.077015378749575147e-02	2.848502557991130016e-02	7.295528463983159961e-02
1.098657615521114849e+03	2.635306556846822024e-01	1.701859387594363004e-01	2.464225625635460826e-01	1.475294225339564003e-01	7.080856408386883294e-02	2.850943160974840629e-02	7.301342476458679009e-02
1.100108946585211470e+03	2.633023011353221587e-01	1.700382427032013366e-01	2.465857082129998545e-01	1.476215629398772433e-01	7.084690868770333882e-02	2.853380953710553739e-02	7.307146678361557679e-02
1.101560277649308091e+03	2.630743359611255050e-01	1.698907948675780488e-01	2.467485777127416957e-01	1.477135335288623508e-01	7.088518771255455930e-02	2.855815936152907714e-02	7.312941085543385455e-02
1.103011608713404712e+03	2.628467594954370656e-01	1.697435948347771617e-01	2.469111715281050723e-01	1.478053346486237207e-01	7.092340127178062281e-02	2.858248108274067528e-02	7.318725713836063407e-02
1.104462939777501106e+03	2.626195710727566857e-01	1.695966421877127539e-01	2.470734901236391057e-01	1.478969666460192844e-01	7.096154947854288464e-02	2.860677470063630393e-02	7.324500579051793081e-02
1.105914270841597499e+03	2.623927700287367326e-01	1.694499365100010646e-01	2.472355339631095994e-01	1.479884298670554321e-01	7.099963244580624611e-02	2.863104021528535895e-02	7.330265696983050139e-02
1.107365601905694348e+03	2.621663557001802092e-01	1.693034773859593001e-01	2.473973035095006490e-01	1.480797246568897607e-01	7.103765028633958478e-02	2.865527762692973365e-02	7.336021083402569087e-02
1.108816932969790741e+03	2.619403274250387548e-01	1.691572644006045234e-01	2.475587992250157521e-01	1.481708513598337662e-01	7.107560311271607367e-02	2.867948693598290633e-02	7.341766754063322464e-02
1.110268264033887590e+03	2.617146845424104251e-01	1.690112971396524333e-01	2.477200215710792242e-01	1.482618103193552861e-01	7.111349103731361143e-02	2.870366814302902775e-02	7.347502724698500021e-02
1.111719595097984211e+03	2.614894263925378048e-01	1.688655751895161705e-01	2.478809710083375584e-01	1.483526018780813582e-01	7.115131417231514155e-02	2.872782124882201915e-02	7.353229011021496231e-02
1.113170926162080832e+03	2.612645523168060091e-01	1.687200981373052078e-01	2.480416479966606191e-01	1.484432263778006356e-01	7.118907262970904093e-02	2.875194625428467363e-02	7.358945628725883925e-02
1.114622257226177226e+03	2.610400616577404631e-01	1.685748655708241006e-01	2.482020529951430576e-01	1.485336841594661061e-01	7.122676652128945296e-02	2.877604316050775060e-02	7.364652593485405963e-02
1.116073588290273847e+03	2.608159537590051258e-01	1.684298770785713495e-01	2.483621864621055608e-01	1.486239755631976744e-01	7.126439595865666221e-02	2.880011196874908766e-02	7.370349920953950251e-02
1.117524919354370468e+03	2.605922279654002138e-01	1.682851322497382895e-01	2.485220488550961282e-01	1.487141009282847703e-01	7.130196105321749689e-02	2.882415268043270890e-02	7.376037626765538646e-02
1.118976250418467089e+03	2.603688836228602588e-01	1.681406306742077861e-01	2.486816406308914873e-01	1.488040605931888472e-01	7.133946191618562027e-02	2.884816529714793326e-02	7.381715726534306132e-02
1.120427581482563710e+03	2.601459200784520531e-01	1.679963719425531798e-01	2.488409622454983150e-01	1.488938548955460184e-01	7.137689865858191929e-02	2.887214982064850374e-02	7.387384235854491110e-02
1.121878912546660331e+03	2.599233366803728740e-01	1.678523556460371768e-01	2.490000141541544865e-01	1.489834841721695835e-01	7.141427139123485146e-02	2.889610625285169571e-02	7.393043170300413192e-02
1.123330243610756725e+03	2.597011327779482626e-01	1.677085813766104327e-01	2.491587968113305185e-01	1.490729487590526092e-01	7.145158022478081961e-02	2.892003459583743913e-02	7.398692545426462097e-02
1.124781574674853118e+03	2.594793077216300259e-01	1.675650487269107480e-01	2.493173106707307907e-01	1.491622489913703997e-01	7.148882526966444939e-02	2.894393485184746512e-02	7.404332376767083779e-02
1.126232905738949967e+03	2.592578608629940717e-01	1.674217572902616247e-01	2.494755561852947945e-01	1.492513852034830779e-01	7.152600663613906118e-02	2.896780702328441079e-02	7.409962679836759603e-02
1.127684236803046360e+03	2.590367915547388544e-01	1.672787066606712669e-01	2.496335338071984378e-01	1.493403577289381390e-01	7.156312443426690595e-02	2.899165111271098313e-02	7.415583470130002186e-02
1.129135567867143209e+03	2.588160991506830433e-01	1.671358964328313323e-01	2.497912439878553492e-01	1.494291669004728929e-01	7.160017877391956775e-02	2.901546712284907431e-02	7.421194763121334581e-02
1.130586898931239830e+03	2.585957830057635243e-01	1.669933262021158771e-01	2.499486871779182384e-01	1.495178130500169345e-01	7.163716976477829679e-02	2.903925505657891856e-02	7.426796574265277784e-02
1.132038229995336451e+03	2.583758424760335681e-01	1.668509955645801068e-01	2.501058638272801171e-01	1.496062965086947805e-01	7.167409751633434245e-02	2.906301491693823874e-02	7.432388918996343796e-02
1.133489561059432845e+03	2.581562769186607209e-01	1.667089041169593222e-01	2.502627743850754927e-01	1.496946176068281731e-01	7.171096213788932805e-02	2.908674670712137547e-02	7.437971812729014809e-02
1.134940892123529466e+03	2.579370856919248611e-01	1.665670514566676974e-01	2.504194192996817558e-01	1.497827766739387167e-01	7.174776373855554223e-02	2.911045043047846836e-02	7.443545270857737650e-02
1.136392223187626087e+03	2.577182681552164234e-01	1.664254371817972256e-01	2.505757990187206241e-01	1.498707740387502096e-01	7.178450242725631369e-02	2.913412609051459212e-02	7.449109308756907133e-02
1.137843554251722708e+03	2.574998236690339559e-01	1.662840608911164697e-01	2.507319139890589188e-01	1.499586100291911694e-01	7.182117831272635811e-02	2.915777369088892734e-02	7.454663941780860503e-02
1.139294885315819101e+03	2.572817515949826772e-01	1.661429221840694803e-01	2.508877646568103970e-01	1.500462849723972480e-01	7.185779150351206956e-02	2.918139323541392091e-02	7.460209185263859399e-02
1.140746216379915950e+03	2.570640512957721446e-01	1.660020206607746851e-01	2.510433514673365840e-01	1.501337991947136741e-01	7.189434210797190916e-02	2.920498472805444987e-02	7.465745054520085688e-02
1.142197547444012343e+03	2.568467221352144225e-01	1.658613559220236677e-01	2.511986748652484391e-01	1.502211530216977231e-01	7.193083023427669642e-02	2.922854817292700261e-02	7.471271564843627588e-02
1.143648878508108737e+03	2.566297634782221393e-01	1.657209275692801409e-01	2.513537352944073544e-01	1.503083467781210769e-01	7.196725599040995625e-02	2.925208357429883582e-02	7.476788731508469954e-02
1.145100209572205586e+03	2.564131746908066001e-01	1.655807352046787806e-01	2.515085331979263761e-01	1.503953807879722104e-01	7.200361948416827973e-02	2.927559093658716957e-02	7.482296569768483174e-02
1.146551540636302207e+03	2.561969551400755107e-01	1.654407784310240326e-01	2.516630690181715924e-01	1.504822553744588620e-01	7.203992082316162948e-02	2.929907026435836156e-02	7.487795094857417622e-02
1.148002871700398828e+03	2.559811041942315346e-01	1.653010568517889745e-01	2.518173431967635212e-01	1.505689708600103927e-01	7.207616011481364493e-02	2.932252156232708490e-02	7.493284321988892549e-02
1.149454202764495449e+03	2.557656212225700165e-01	1.651615700711143719e-01	2.519713561745781094e-01	1.506555275662801729e-01	7.211233746636200315e-02	2.934594483535552314e-02	7.498764266356387764e-02
1.150905533828591842e+03	2.555505055954769844e-01	1.650223176938073466e-01	2.521251083917481761e-01	1.507419258141479423e-01	7.214845298485877967e-02	2.936934008845256197e-02	7.504234943133235303e-02
1.152356864892688463e+03	2.553357566844274285e-01	1.648832993253403767e-01	2.522786002876645228e-01	1.508281659237221128e-01	7.218450677717067054e-02	2.939270732677298076e-02	7.509696367472608325e-02
1.153808195956785084e+03	2.551213738619833027e-01	1.647445145718500759e-01	2.524318323009772103e-01	1.509142482143422948e-01	7.222049894997945030e-02	2.941604655561665116e-02	7.515148554507521117e-02
1.155259527020881706e+03	2.549073565017915266e-01	1.646059630401361940e-01	2.525848048695968906e-01	1.510001730045814616e-01	7.225642960978216622e-02	2.943935778042773913e-02	7.520591519350812437e-02
1.156710858084978327e+03	2.546937039785822088e-01	1.644676443376603681e-01	2.527375184306961953e-01	1.510859406122483928e-01	7.229229886289156859e-02	2.946264100679390693e-02	7.526025277095144128e-02
1.158162189149074720e+03	2.544804156681665375e-01	1.643295580725452065e-01	2.528899734207106231e-01	1.511715513543899214e-01	7.232810681543636044e-02	2.948589624044552909e-02	7.531449842812992790e-02
1.159613520213171569e+03	2.542674909474348932e-01	1.641917038535729012e-01	2.530421702753399837e-01	1.512570055472933495e-01	7.236385357336154456e-02	2.950912348725489090e-02	7.536865231556644229e-02
1.161064851277267962e+03	2.540549291943552390e-01	1.640540812901843670e-01	2.531941094295497297e-01	1.513423035064886679e-01	7.239953924242877037e-02	2.953232275323541475e-02	7.542271458358187908e-02
1.162516182341364356e+03	2.538427297879706779e-01	1.639166899924779652e-01	2.533457913175719556e-01	1.514274455467509162e-01	7.243516392821661154e-02	2.955549404454087259e-02	7.547668538229507229e-02
1.163967513405461204e+03	2.536308921083979540e-01	1.637795295712085042e-01	2.534972163729067862e-01	1.515124319821024301e-01	7.247072773612091290e-02	2.957863736746460526e-02	7.553056486162278149e-02
1.165418844469557826e+03	2.534194155368254542e-01	1.636425996377860737e-01	2.536483850283237640e-01	1.515972631258152292e-01	7.250623077135509575e-02	2.960175272843874189e-02	7.558435317127959463e-02
1.166870175533654447e+03	2.532082994555113209e-01	1.635058998042749623e-01	2.537992977158626262e-01	1.516819392904131536e-01	7.254167313895043545e-02	2.962484013403345051e-02	7.563805046077794192e-02
1.168321506597751068e+03	2.529975432477813979e-01	1.633694296833925752e-01	2.539499548668350815e-01	1.517664607876741401e-01	7.257705494375649158e-02	2.964789959095614352e-02	7.569165687942798482e-02
1.169772837661847461e+03	2.527871462980276207e-01	1.632331888885082682e-01	2.541003569118256422e-01	1.518508279286326368e-01	7.261237629044127451e-02	2.967093110605072137e-02	7.574517257633760214e-02
1.171224168725944082e+03	2.525771079917057960e-01	1.630971770336422932e-01	2.542505042806931237e-01	1.519350410235816851e-01	7.264763728349168947e-02	2.969393468629680580e-02	7.579859770041236233e-02
1.172675499790040703e+03	2.523674277153339918e-01	1.629613937334647711e-01	2.544003974025714765e-01	1.520191003820752229e-01	7.268283802721374476e-02	2.971691033880899391e-02	7.585193240035546791e-02
1.174126830854137097e+03	2.521581048564906502e-01	1.628258386032944705e-01	2.545500367058714519e-01	1.521030063129303611e-01	7.271797862573292637e-02	2.973985807083608449e-02	7.590517682466770000e-02
1.175578161918233945e+03	2.519491388038123669e-01	1.626905112590977531e-01	2.546994226182817678e-01	1.521867591242295203e-01	7.275305918299453112e-02	2.976277788976033206e-02	7.595833112164740442e-02
1.177029492982330339e+03	2.517405289469924479e-01	1.625554113174875748e-01	2.548485555667698854e-01	1.522703591233227072e-01	7.278807980276387479e-02	2.978566980309670098e-02	7.601139543939049170e-02
1.178480824046426733e+03	2.515322746767787443e-01	1.624205383957222082e-01	2.549974359775837862e-01	1.523538066168297345e-01	7.282304058862673624e-02	2.980853381849210906e-02	7.606436992579033995e-02
1.179932155110523581e+03	2.513243753849719875e-01	1.622858921117043829e-01	2.551460642762528597e-01	1.524371019106423308e-01	7.285794164398956552e-02	2.983136994372469208e-02	7.611725472853785035e-02
1.181383486174620202e+03	2.511168304644237348e-01	1.621514720839800638e-01	2.552944408875890692e-01	1.525202453099264444e-01	7.289278307207981700e-02	2.985417818670306131e-02	7.617004999512134999e-02
1.182834817238716823e+03	2.509096393090347599e-01	1.620172779317374523e-01	2.554425662356884508e-01	1.526032371191243797e-01	7.292756497594628240e-02	2.987695855546555757e-02	7.622275587282664744e-02
1.184286148302813444e+03	2.507028013137528877e-01	1.618833092748056812e-01	2.555904407439321679e-01	1.526860776419569632e-01	7.296228745845935448e-02	2.989971105817953306e-02	7.627537250873693553e-02
1.185737479366910065e+03	2.504963158745713292e-01	1.617495657336540382e-01	2.557380648349876218e-01	1.527687671814256520e-01	7.299695062231137399e-02	2.992243570314060547e-02	7.632790004973283304e-02
1.187188810431006686e+03	2.502901823885269050e-01	1.616160469293907442e-01	2.558854389308097832e-01	1.528513060398148660e-01	7.303155457001692108e-02	2.994513249877193625e-02	7.638033864249234306e-02
1.188640141495103080e+03	2.500844002536979360e-01	1.614827524837618156e-01	2.560325634526422478e-01	1.529336945186939578e-01	7.306609940391312064e-02	2.996780145362350212e-02	7.643268843349086683e-02
1.190091472559199701e+03	2.498789688692026334e-01	1.613496820191500647e-01	2.561794388210187901e-01	1.530159329189194339e-01	7.310058522615994758e-02	2.999044257637137334e-02	7.648494956900116215e-02
1.191542803623296322e+03	2.496738876351971836e-01	1.612168351585741566e-01	2.563260654557640295e-01	1.530980215406370637e-01	7.313501213874049056e-02	3.001305587581699907e-02	7.653712219509342662e-02
1.192994134687392716e+03	2.494691559528738889e-01	1.610842115256872209e-01	2.564724437759951514e-01	1.531799606832840999e-01	7.316938024346131275e-02	3.003564136088648223e-02	7.658920645763515889e-02
1.194445465751489564e+03	2.492647732244593906e-01	1.609518107447760471e-01	2.566185742001227399e-01	1.532617506455912215e-01	7.320368964195274331e-02	3.005819904062987866e-02	7.664120250229126963e-02
1.195896796815585958e+03	2.490607388532128097e-01	1.608196324407599742e-01	2.567644571458520542e-01	1.533433917255848100e-01	7.323794043566914103e-02	3.008072892422047548e-02	7.669311047452405383e-02
1.197348127879682352e+03	2.488570522434238597e-01	1.606876762391896973e-01	2.569100930301843055e-01	1.534248842205889474e-01	7.327213272588921356e-02	3.010323102095409029e-02	7.674493051959314915e-02
1.198799458943779200e+03	2.486537128004110975e-01	1.605559417662463517e-01	2.570554822694179342e-01	1.535062284272275257e-01	7.330626661371635044e-02	3.012570534024835989e-02	7.679666278255561918e-02
1.200250790007875821e+03	2.484507199305201475e-01	1.604244286487404025e-01	2.572006252791493863e-01	1.535874246414264677e-01	7.334034220007887295e-02	3.014815189164205336e-02	7.684830740826591178e-02
1.201702121071972442e+03	2.482480730411217584e-01	1.602931365141105902e-01	2.573455224742746683e-01	1.536684731584155861e-01	7.337435958573033934e-02	3.017057068479435736e-02	7.689986454137587302e-02
1.203153452136069063e+03	2.480457715406101105e-01	1.601620649904227922e-01	2.574901742689905682e-01	1.537493742727307766e-01	7.340831887124986410e-02	3.019296172948418566e-02	7.695133432633481652e-02
1.204604783200165684e+03	2.478438148384009276e-01	1.600312137063690798e-01	2.576345810767955435e-01	1.538301282782160995e-01	7.344222015704245099e-02	3.021532503560949226e-02	7.700271690738946795e-02
1.206056114264262078e+03	2.476422023449297016e-01	1.599005822912666075e-01	2.577787433104911652e-01	1.539107354680258333e-01	7.347606354333917345e-02	3.023766061318658091e-02	7.705401242858402056e-02
1.207507445328358699e+03	2.474409334716499154e-01	1.597701703750566138e-01	2.579226613821830050e-01	1.539911961346264180e-01	7.350984913019759093e-02	3.025996847234941126e-02	7.710522103376014902e-02
1.208958776392455093e+03	2.472400076310311556e-01	1.596399775883032002e-01	2.580663357032821348e-01	1.540715105697985920e-01	7.354357701750195708e-02	3.028224862334891881e-02	7.715634286655703722e-02
1.210410107456551941e+03	2.470394242365574755e-01	1.595100035621925816e-01	2.582097666845062367e-01	1.541516790646394186e-01	7.357724730496356669e-02	3.030450107655234190e-02	7.720737807041139211e-02
1.211861438520648335e+03	2.468391827027254237e-01	1.593802479285317264e-01	2.583529547358804912e-01	1.542317019095643116e-01	7.361086009212106096e-02	3.032672584244252428e-02	7.725832678855749924e-02
1.213312769584745183e+03	2.466392824450423793e-01	1.592507103197475238e-01	2.584959002667389649e-01	1.543115793943090064e-01	7.364441547834066348e-02	3.034892293161726637e-02	7.730918916402722274e-02
1.214764100648841804e+03	2.464397228800247197e-01	1.591213903688856457e-01	2.586386036857258874e-01	1.543913118079316416e-01	7.367791356281651327e-02	3.037109235478862440e-02	7.735996533965006083e-02
1.216215431712937971e+03	2.462405034251960445e-01	1.589922877096095200e-01	2.587810654007965394e-01	1.544708994388146739e-01	7.371135444457094232e-02	3.039323412278226860e-02	7.741065545805314585e-02
1.217666762777034819e+03	2.460416234990854267e-01	1.588634019761992755e-01	2.589232858192185849e-01	1.545503425746669601e-01	7.374473822245478094e-02	3.041534824653679275e-02	7.746125966166132748e-02
1.219118093841131440e+03	2.458430825212255533e-01	1.587347328035507987e-01	2.590652653475732925e-01	1.546296415025256721e-01	7.377806499514763527e-02	3.043743473710306541e-02	7.751177809269715890e-02
1.220569424905228061e+03	2.456448799121510040e-01	1.586062798271745400e-01	2.592070043917565347e-01	1.547087965087583228e-01	7.381133486115817877e-02	3.045949360564356376e-02	7.756221089318102169e-02
1.222020755969324682e+03	2.454470150933965866e-01	1.584780426831945699e-01	2.593485033569800091e-01	1.547878078790647371e-01	7.384454791882444358e-02	3.048152486343171444e-02	7.761255820493104252e-02
1.223472087033421303e+03	2.452494874874954212e-01	1.583500210083476356e-01	2.594897626477723485e-01	1.548666758984790504e-01	7.387770426631413978e-02	3.050352852185124475e-02	7.766282016956325973e-02
1.224923418097517697e+03	2.450522965179771917e-01	1.582222144399819397e-01	2.596307826679805086e-01	1.549454008513715397e-01	7.391080400162487740e-02	3.052550459239551303e-02	7.771299692849156782e-02
1.226374749161614318e+03	2.448554416093664532e-01	1.580946226160561963e-01	2.597715638207704902e-01	1.550239830214507342e-01	7.394384722258451337e-02	3.054745308666688072e-02	7.776308862292787005e-02
1.227826080225710712e+03	2.446589221871808273e-01	1.579672451751386597e-01	2.599121065086288929e-01	1.551024226917651905e-01	7.397683402685141518e-02	3.056937401637604967e-02	7.781309539388205077e-02
1.229277411289807560e+03	2.444627376779293093e-01	1.578400817564060143e-01	2.600524111333639143e-01	1.551807201447056306e-01	7.400976451191476624e-02	3.059126739334142378e-02	7.786301738216204471e-02
1.230728742353903954e+03	2.442668875091104641e-01	1.577131319996423753e-01	2.601924780961062944e-01	1.552588756620067456e-01	7.404263877509480174e-02	3.061313322948847060e-02	7.791285472837390647e-02
1.232180073418000802e+03	2.440713711092107052e-01	1.575863955452382892e-01	2.603323077973108690e-01	1.553368895247490833e-01	7.407545691354316952e-02	3.063497153684907257e-02	7.796260757292186594e-02
1.233631404482097196e+03	2.438761879077025463e-01	1.574598720341897073e-01	2.604719006367573475e-01	1.554147620133610463e-01	7.410821902424317986e-02	3.065678232756089208e-02	7.801227605600837001e-02
1.235082735546193817e+03	2.436813373350428524e-01	1.573335611080969587e-01	2.606112570135515893e-01	1.554924934076207521e-01	7.414092520401005526e-02	3.067856561386675049e-02	7.806186031763415190e-02
1.236534066610290438e+03	2.434868188226710917e-01	1.572074624091636674e-01	2.607503773261267699e-01	1.555700839866579754e-01	7.417357554949126353e-02	3.070032140811398622e-02	7.811136049759828670e-02
1.237985397674387059e+03	2.432926318030076696e-01	1.570815755801958646e-01	2.608892619722446016e-01	1.556475340289560361e-01	7.420617015716679532e-02	3.072204972275382681e-02	7.816077673549827465e-02
1.239436728738483680e+03	2.430987757094520973e-01	1.569559002646008505e-01	2.610279113489961111e-01	1.557248438123536860e-01	7.423870912334942784e-02	3.074375057034076791e-02	7.821010917073009661e-02
1.240888059802580301e+03	2.429052499763813822e-01	1.568304361063863339e-01	2.611663258528032494e-01	1.558020136140468859e-01	7.427119254418503014e-02	3.076542396353194181e-02	7.825935794248826960e-02
1.242339390866676695e+03	2.427120540391481951e-01	1.567051827501592387e-01	2.613045058794195574e-01	1.558790437105908033e-01	7.430362051565282677e-02	3.078706991508651722e-02	7.830852318976593007e-02
1.243790721930773088e+03	2.425191873340792059e-01	1.565801398411247880e-01	2.614424518239316653e-01	1.559559343779017004e-01	7.433599313356570315e-02	3.080868843786504704e-02	7.835760505135490328e-02
1.245242052994869937e+03	2.423266492984733900e-01	1.564553070250855604e-01	2.615801640807602912e-01	1.560326858912587100e-01	7.436831049357044143e-02	3.083027954482888550e-02	7.840660366584575880e-02
1.246693384058966330e+03	2.421344393706002240e-01	1.563306839484403521e-01	2.617176430436612411e-01	1.561092985253056953e-01	7.440057269114803973e-02	3.085184324903957054e-02	7.845551917162792155e-02
1.248144715123063179e+03	2.419425569896981321e-01	1.562062702581832052e-01	2.618548891057266848e-01	1.561857725540530539e-01	7.443277982161400352e-02	3.087337956365819591e-02	7.850435170688971342e-02
1.249596046187159800e+03	2.417510015959725977e-01	1.560820656019025199e-01	2.619919026593862110e-01	1.562621082508797443e-01	7.446493198011858161e-02	3.089488850194482480e-02	7.855310140961843657e-02
1.251047377251256421e+03	2.415597726305945825e-01	1.559580696277799439e-01	2.621286840964079934e-01	1.563383058885348953e-01	7.449702926164708527e-02	3.091637007725786535e-02	7.860176841760047051e-02
1.252498708315352815e+03	2.413688695356987490e-01	1.558342819845894289e-01	2.622652338078999001e-01	1.564143657391397491e-01	7.452907176102015196e-02	3.093782430305348774e-02	7.865035286842134155e-02
1.253950039379449436e+03	2.411782917543818516e-01	1.557107023216960651e-01	2.624015521843104937e-01	1.564902880741894931e-01	7.456105957289403674e-02	3.095925119288501365e-02	7.869885489946581991e-02
1.255401370443546057e+03	2.409880387307009875e-01	1.555873302890554144e-01	2.625376396154303071e-01	1.565660731645549808e-01	7.459299279176086206e-02	3.098065076040232638e-02	7.874727464791797527e-02
1.256852701507642678e+03	2.407981099096718480e-01	1.554641655372122067e-01	2.626734964903927882e-01	1.566417212804845915e-01	7.462487151194889534e-02	3.100202301935126373e-02	7.879561225076127384e-02
1.258304032571739299e+03	2.406085047372671371e-01	1.553412077172994510e-01	2.628091231976755204e-01	1.567172326916060621e-01	7.465669582762286816e-02	3.102336798357304207e-02	7.884386784477868948e-02
1.259755363635835920e+03	2.404192226604148774e-01	1.552184564810375200e-01	2.629445201251014441e-01	1.567926076669282909e-01	7.468846583278423990e-02	3.104468566700365265e-02	7.889204156655275912e-02
1.261206694699932314e+03	2.402302631269966071e-01	1.550959114807331229e-01	2.630796876598396339e-01	1.568678464748429757e-01	7.472018162127144758e-02	3.106597608367328914e-02	7.894013355246570773e-02
1.262658025764028707e+03	2.400416255858458248e-01	1.549735723692782230e-01	2.632146261884066307e-01	1.569429493831265843e-01	7.475184328676016954e-02	3.108723924770575436e-02	7.898814393869953154e-02
1.264109356828125556e+03	2.398533094867463245e-01	1.548514388001491493e-01	2.633493360966676078e-01	1.570179166589419917e-01	7.478345092276365846e-02	3.110847517331787743e-02	7.903607286123605358e-02
1.265560687892221949e+03	2.396653142804303915e-01	1.547295104274057087e-01	2.634838177698373141e-01	1.570927485688403125e-01	7.481500462263300510e-02	3.112968387481893084e-02	7.908392045585706243e-02
1.267012018956318798e+03	2.394776394185772483e-01	1.546077869056898813e-01	2.636180715924811846e-01	1.571674453787626213e-01	7.484650447955733255e-02	3.115086536661007890e-02	7.913168685814442327e-02
1.268463350020415419e+03	2.392902843538113611e-01	1.544862678902251540e-01	2.637520979485164507e-01	1.572420073540417573e-01	7.487795058656417091e-02	3.117201966318376358e-02	7.917937220348011951e-02
1.269914681084511813e+03	2.391032485397007468e-01	1.543649530368154110e-01	2.638858972212133613e-01	1.573164347594039891e-01	7.490934303651970716e-02	3.119314677912316328e-02	7.922697662704639154e-02
1.271366012148608434e+03	2.389165314307553356e-01	1.542438420018439893e-01	2.640194697931960710e-01	1.573907278589709025e-01	7.494068192212899326e-02	3.121424672910161346e-02	7.927450026382584780e-02
1.272817343212705055e+03	2.387301324824253890e-01	1.541229344422727077e-01	2.641528160464438613e-01	1.574648869162609544e-01	7.497196733593630702e-02	3.123531952788204114e-02	7.932194324860153412e-02
1.274268674276801676e+03	2.385440511510996398e-01	1.540022300156408397e-01	2.642859363622921953e-01	1.575389121941912773e-01	7.500319937032537410e-02	3.125636519031639582e-02	7.936930571595707251e-02
1.275720005340898297e+03	2.383582868941038491e-01	1.538817283800641977e-01	2.644188311214337728e-01	1.576128039550794835e-01	7.503437811751964559e-02	3.127738373134509448e-02	7.941658780027674447e-02
1.277171336404994690e+03	2.381728391696990299e-01	1.537614291942341060e-01	2.645515007039197508e-01	1.576865624606452465e-01	7.506550366958258946e-02	3.129837516599644903e-02	7.946378963574560195e-02
1.278622667469091539e+03	2.379877074370799206e-01	1.536413321174164570e-01	2.646839454891606325e-01	1.577601879720120781e-01	7.509657611841792646e-02	3.131933950938611821e-02	7.951091135634956453e-02
1.280073998533187932e+03	2.378028911563732917e-01	1.535214368094507953e-01	2.648161658559274323e-01	1.578336807497090488e-01	7.512759555576993542e-02	3.134027677671657325e-02	7.955795309587558595e-02
1.281525329597284326e+03	2.376183897886361418e-01	1.534017429307493741e-01	2.649481621823528421e-01	1.579070410536723978e-01	7.515856207322370308e-02	3.136118698327649418e-02	7.960491498791170961e-02
1.282976660661381175e+03	2.374342027958543100e-01	1.532822501422959616e-01	2.650799348459321192e-01	1.579802691432473372e-01	7.518947576220540163e-02	3.138207014444026333e-02	7.965179716584719349e-02
1.284427991725477568e+03	2.372503296409407547e-01	1.531629581056452027e-01	2.652114842235243630e-01	1.580533652771896891e-01	7.522033671398255239e-02	3.140292627566741712e-02	7.969859976287262116e-02
1.285879322789574417e+03	2.370667697877338886e-01	1.530438664829214257e-01	2.653428106913533480e-01	1.581263297136674961e-01	7.525114501966433112e-02	3.142375539250206323e-02	7.974532291198004053e-02
1.287330653853671038e+03	2.368835227009959965e-01	1.529249749368176980e-01	2.654739146250089110e-01	1.581991627102628528e-01	7.528190077020173454e-02	3.144455751057238097e-02	7.979196674596303329e-02
1.288781984917767431e+03	2.367005878464115143e-01	1.528062831305949942e-01	2.656047963994477845e-01	1.582718645239733213e-01	7.531260405638799671e-02	3.146533264559004534e-02	7.983853139741692306e-02
1.290233315981864052e+03	2.365179646905855304e-01	1.526877907280811408e-01	2.657354563889947618e-01	1.583444354112138741e-01	7.534325496885874163e-02	3.148608081334972747e-02	7.988501699873878925e-02
