1.001418434226643626e+03	2.797635867921732244e-01	1.806530940445525424e-01	2.348419312061809094e-01	1.409533594827207803e-01	6.807973619068256876e-02	2.681722942607932952e-02	6.889106285743640257e-02
1.003837319333471214e+03	2.793371708611017690e-01	1.803776302489102090e-01	2.351463545266073984e-01	1.411272077241430278e-01	6.815135976031644338e-02	2.686100682549591098e-02	6.899927005325103002e-02
1.006256204440298802e+03	2.789119665222837274e-01	1.801029380418912029e-01	2.354499196404758465e-01	1.413005143736458247e-01	6.822277925033085055e-02	2.690470728566470016e-02	6.910717488553361210e-02
1.008675089547126618e+03	2.784879703158626429e-01	1.798290152593169655e-01	2.357526289576410139e-01	1.414732813310385640e-01	6.829399524864981919e-02	2.694833074051202620e-02	6.921477814680471186e-02
1.011093974653954206e+03	2.780651787920005447e-01	1.795558597430804149e-01	2.360544848811871599e-01	1.416455104880424698e-01	6.836500834143066641e-02	2.699187712587234125e-02	6.932208062821205996e-02
1.013512859760782021e+03	2.776435885108478607e-01	1.792834693411290981e-01	2.363554898074471111e-01	1.418172037283330911e-01	6.843581911307305976e-02	2.703534637947228175e-02	6.942908311952307454e-02
1.015931744867609382e+03	2.772231960425134423e-01	1.790118419074481493e-01	2.366556461260211075e-01	1.419883629275826842e-01	6.850642814622787125e-02	2.707873844091484433e-02	6.953578640911751985e-02
1.018350629974437197e+03	2.768039979670343098e-01	1.787409753020433312e-01	2.369549562197958981e-01	1.421589899535022627e-01	6.857683602180582316e-02	2.712205325166367961e-02	6.964219128398028980e-02
1.020769515081264785e+03	2.763859908743463434e-01	1.784708673909240761e-01	2.372534224649635315e-01	1.423290866658835641e-01	6.864704331898593970e-02	2.716529075502749357e-02	6.974829852969455235e-02
1.023188400188092373e+03	2.759691713642542510e-01	1.782015160460868330e-01	2.375510472310403132e-01	1.424986549166406269e-01	6.871705061522384583e-02	2.720845089614459117e-02	6.985410893043497715e-02
1.025607285294920075e+03	2.755535360464021477e-01	1.779329191454980530e-01	2.378478328808854569e-01	1.426676965498513416e-01	6.878685848625981647e-02	2.725153362196748932e-02	6.995962326896114358e-02
1.028026170401747549e+03	2.751390815402439682e-01	1.776650745730774805e-01	2.381437817707198201e-01	1.428362134017986396e-01	6.885646750612668676e-02	2.729453888124769301e-02	7.006484232661118472e-02
1.030445055508575479e+03	2.747258044750138795e-01	1.773979802186816113e-01	2.384388962501446663e-01	1.430042073010115988e-01	6.892587824715763756e-02	2.733746662452054416e-02	7.016976688329557010e-02
1.032863940615402726e+03	2.743137014896972481e-01	1.771316339780868165e-01	2.387331786621602059e-01	1.431716800683060786e-01	6.899509127999375879e-02	2.738031680409021285e-02	7.027439771749109665e-02
1.035282825722230655e+03	2.739027692330015529e-01	1.768660337529728288e-01	2.390266313431842760e-01	1.433386335168254366e-01	6.906410717359147411e-02	2.742308937401475438e-02	7.037873560623501834e-02
1.037701710829058356e+03	2.734930043633269081e-01	1.766011774509062271e-01	2.393192566230707419e-01	1.435050694520809134e-01	6.913292649522985445e-02	2.746578429009132946e-02	7.048278132511935634e-02
1.040120595935886058e+03	2.730844035487371424e-01	1.763370629853238114e-01	2.396110568251279827e-01	1.436709896719917112e-01	6.920154981051779286e-02	2.750840150984150065e-02	7.058653564828536175e-02
1.042539481042713533e+03	2.726769634669310993e-01	1.760736882755162269e-01	2.399020342661374039e-01	1.438363959669247960e-01	6.926997768340098505e-02	2.755094099249662601e-02	7.068999934841814492e-02
1.044958366149541234e+03	2.722706808052136052e-01	1.758110512466113939e-01	2.401921912563716455e-01	1.440012901197348927e-01	6.933821067616879885e-02	2.759340269898337417e-02	7.079317319674151288e-02
1.047377251256368709e+03	2.718655522604669916e-01	1.755491498295582986e-01	2.404815300996130389e-01	1.441656739058036485e-01	6.940624934946107438e-02	2.763578659190936079e-02	7.089605796301277907e-02
1.049796136363196410e+03	2.714615745391222856e-01	1.752879819611105061e-01	2.407700530931717597e-01	1.443295490930790737e-01	6.947409426227475759e-02	2.767809263554884061e-02	7.099865441551798939e-02
1.052215021470024112e+03	2.710587443571305655e-01	1.750275455838100069e-01	2.410577625279041181e-01	1.444929174421144269e-01	6.954174597197042285e-02	2.772032079582855899e-02	7.110096332106706496e-02
1.054633906576851814e+03	2.706570584399348722e-01	1.747678386459709243e-01	2.413446606882306000e-01	1.446557807061072121e-01	6.960920503427868444e-02	2.776247104031365209e-02	7.120298544498915305e-02
1.057052791683679516e+03	2.702565135224417325e-01	1.745088591016632218e-01	2.416307498521541308e-01	1.448181406309376196e-01	6.967647200330651103e-02	2.780454333819368587e-02	7.130472155112822785e-02
1.059471676790506763e+03	2.698571063489927369e-01	1.742506049106966604e-01	2.419160322912779770e-01	1.449799989552068569e-01	6.974354743154347058e-02	2.784653766026877822e-02	7.140617240183863568e-02
1.061890561897334692e+03	2.694588336733366729e-01	1.739930740386046726e-01	2.422005102708238156e-01	1.451413574102753956e-01	6.981043186986782279e-02	2.788845397893583225e-02	7.150733875798093164e-02
1.064309447004162394e+03	2.690616922586012150e-01	1.737362644566282921e-01	2.424841860496497192e-01	1.453022177203008303e-01	6.987712586755251420e-02	2.793029226817484237e-02	7.160822137891775796e-02
1.066728332110990095e+03	2.686656788772651128e-01	1.734801741417001386e-01	2.427670618802679481e-01	1.454625816022755702e-01	6.994362997227115963e-02	2.797205250353532527e-02	7.170882102250988877e-02
1.069147217217817570e+03	2.682707903111303804e-01	1.732248010764284307e-01	2.430491400088629905e-01	1.456224507660643097e-01	7.000994473010382912e-02	2.801373466212283767e-02	7.180913844511237210e-02
1.071566102324645271e+03	2.678770233512943744e-01	1.729701432490809987e-01	2.433304226753091326e-01	1.457818269144413592e-01	7.007607068554287666e-02	2.805533872258558076e-02	7.190917440157079676e-02
1.073984987431472746e+03	2.674843747981221487e-01	1.727161986535696026e-01	2.436109121131883326e-01	1.459407117431275325e-01	7.014200838149856065e-02	2.809686466510111572e-02	7.200892964521776740e-02
1.076403872538300675e+03	2.670928414612189217e-01	1.724629652894338616e-01	2.438906105498079568e-01	1.460991069408270893e-01	7.020775835930471998e-02	2.813831247136316244e-02	7.210840492786932399e-02
1.078822757645127922e+03	2.667024201594024868e-01	1.722104411618256281e-01	2.441695202062183490e-01	1.462570141892642617e-01	7.027332115872421403e-02	2.817968212456848504e-02	7.220760099982161118e-02
1.081241642751955851e+03	2.663131077206757902e-01	1.719586242814931110e-01	2.444476432972304825e-01	1.464144351632196417e-01	7.033869731795447389e-02	2.822097360940389182e-02	7.230651860984761703e-02
1.083660527858783553e+03	2.659249009821996745e-01	1.717075126647652494e-01	2.447249820314334745e-01	1.465713715305664300e-01	7.040388737363281746e-02	2.826218691203330122e-02	7.240515850519405050e-02
1.086079412965611255e+03	2.655377967902655678e-01	1.714571043335360867e-01	2.450015386112120719e-01	1.467278249523062128e-01	7.046889186084186185e-02	2.830332202008493253e-02	7.250352143157826057e-02
1.088498298072438729e+03	2.651517920002684492e-01	1.712073973152490325e-01	2.452773152327641648e-01	1.468837970826048223e-01	7.053371131311469977e-02	2.834437892263854189e-02	7.260160813318532191e-02
1.090917183179266431e+03	2.647668834766795931e-01	1.709583896428813754e-01	2.455523140861181064e-01	1.470392895688277524e-01	7.059834626244017308e-02	2.838535761021278650e-02	7.269941935266518995e-02
1.093336068286093905e+03	2.643830680930198129e-01	1.707100793549287954e-01	2.458265373551502264e-01	1.471943040515755752e-01	7.066279723926796597e-02	2.842625807475266178e-02	7.279695583113000856e-02
1.095754953392921607e+03	2.640003427318322604e-01	1.704624644953897372e-01	2.460999872176019010e-01	1.473488421647188573e-01	7.072706477251375357e-02	2.846708030961702870e-02	7.289421830815143166e-02
1.098173838499749309e+03	2.636187042846560580e-01	1.702155431137501174e-01	2.463726658450970108e-01	1.475029055354332430e-01	7.079114938956418412e-02	2.850782430956621746e-02	7.299120752175813909e-02
1.100592723606577010e+03	2.632381496519992647e-01	1.699693132649677807e-01	2.466445754031590110e-01	1.476564957842338710e-01	7.085505161628187498e-02	2.854849007074975256e-02	7.308792420843333859e-02
1.103011608713404712e+03	2.628586757433123422e-01	1.697237730094573460e-01	2.469157180512281669e-01	1.478096145250100690e-01	7.091877197701036695e-02	2.858907759069411608e-02	7.318436910311250376e-02
1.105430493820231959e+03	2.624802794769615644e-01	1.694789204130746352e-01	2.471860959426786242e-01	1.479622633650593544e-01	7.098231099457899540e-02	2.862958686829063584e-02	7.328054293918107032e-02
1.107849378927059888e+03	2.621029577802025945e-01	1.692347535471016573e-01	2.474557112248355062e-01	1.481144439051216288e-01	7.104566919030767813e-02	2.867001790378344295e-02	7.337644644847229891e-02
1.110268264033887590e+03	2.617267075891542283e-01	1.689912704882311489e-01	2.477245660389919280e-01	1.482661577394129571e-01	7.110884708401182808e-02	2.871037069875750913e-02	7.347208036126520736e-02
1.112687149140715292e+03	2.613515258487718596e-01	1.687484693185516416e-01	2.479926625204258994e-01	1.484174064556591233e-01	7.117184519400698850e-02	2.875064525612677432e-02	7.356744540628255835e-02
1.115106034247542766e+03	2.609774095128214455e-01	1.685063481255320572e-01	2.482600027984173119e-01	1.485681916351290766e-01	7.123466403711359307e-02	2.879084158012235745e-02	7.366254231068899982e-02
1.117524919354370468e+03	2.606043555438533055e-01	1.682649050020068038e-01	2.485265889962647579e-01	1.487185148526682099e-01	7.129730412866160105e-02	2.883095967628086093e-02	7.375737180008926086e-02
1.119943804461197942e+03	2.602323609131761972e-01	1.680241380461606759e-01	2.487924232313023787e-01	1.488683776767311950e-01	7.135976598249520186e-02	2.887099955143272029e-02	7.385193459852640308e-02
1.122362689568025871e+03	2.598614226008312822e-01	1.677840453615137006e-01	2.490575076149166844e-01	1.490177816694149004e-01	7.142205011097729761e-02	2.891096121369067865e-02	7.394623142848018305e-02
1.124781574674853118e+03	2.594915375955662018e-01	1.675446250569064544e-01	2.493218442525631517e-01	1.491667283864909765e-01	7.148415702499415214e-02	2.895084467243831672e-02	7.404026301086545636e-02
1.127200459781681047e+03	2.591227028948094313e-01	1.673058752464847976e-01	2.495854352437830159e-01	1.493152193774381353e-01	7.154608723395984582e-02	2.899064993831866957e-02	7.413403006503072046e-02
1.129619344888508749e+03	2.587549155046444116e-01	1.670677940496852754e-01	2.498482826822199521e-01	1.494632561854744857e-01	7.160784124582079968e-02	2.903037702322291969e-02	7.422753330875672684e-02
1.132038229995336451e+03	2.583881724397840696e-01	1.668303795912200460e-01	2.501103886556364508e-01	1.496108403475894799e-01	7.166941956706021633e-02	2.907002594027917677e-02	7.432077345825509329e-02
1.134457115102163925e+03	2.580224707235451165e-01	1.665936300010622817e-01	2.503717552459305273e-01	1.497579733945756386e-01	7.173082270270247918e-02	2.910959670384132697e-02	7.441375122816709653e-02
1.136876000208991627e+03	2.576578073878227904e-01	1.663575434144311804e-01	2.506323845291522634e-01	1.499046568510602750e-01	7.179205115631759337e-02	2.914908932947796530e-02	7.450646733156239543e-02
1.139294885315819101e+03	2.572941794730652654e-01	1.661221179717774499e-01	2.508922785755200446e-01	1.500508922355367203e-01	7.185310543002550177e-02	2.918850383396139753e-02	7.459892247993803183e-02
1.141713770422646803e+03	2.569315840282484498e-01	1.658873518187685414e-01	2.511514394494371305e-01	1.501966810603956870e-01	7.191398602450044253e-02	2.922784023525674957e-02	7.469111738321733418e-02
1.144132655529474505e+03	2.565700181108508393e-01	1.656532431062739674e-01	2.514098692095079746e-01	1.503420248319562447e-01	7.197469343897525129e-02	2.926709855251109771e-02	7.478305274974891836e-02
1.146551540636302207e+03	2.562094787868282042e-01	1.654197899903507851e-01	2.516675699085545448e-01	1.504869250504966005e-01	7.203522817124562161e-02	2.930627880604271679e-02	7.487472928630581337e-02
1.148970425743129908e+03	2.558499631305886091e-01	1.651869906322289694e-01	2.519245435936325328e-01	1.506313832102847972e-01	7.209559071767433769e-02	2.934538101733041165e-02	7.496614769808460088e-02
1.151389310849957155e+03	2.554914682249675439e-01	1.649548431982969521e-01	2.521807923060474521e-01	1.507754007996091050e-01	7.215578157319557651e-02	2.938440520900287289e-02	7.505730868870469363e-02
1.153808195956785084e+03	2.551339911612027778e-01	1.647233458600871336e-01	2.524363180813711249e-01	1.509189793008082758e-01	7.221580123131907114e-02	2.942335140482816094e-02	7.514821296020754438e-02
1.156227081063612786e+03	2.547775290389097114e-01	1.644924967942614225e-01	2.526911229494576694e-01	1.510621201903016853e-01	7.227565018413424636e-02	2.946221962970323183e-02	7.523886121305609076e-02
1.158645966170440488e+03	2.544220789660566751e-01	1.642622941825968574e-01	2.529452089344593202e-01	1.512048249386190868e-01	7.233532892231445133e-02	2.950100990964354616e-02	7.532925414613413084e-02
1.161064851277267962e+03	2.540676380589400596e-01	1.640327362119713417e-01	2.531985780548428600e-01	1.513470950104303381e-01	7.239483793512101195e-02	2.953972227177275450e-02	7.541939245674575409e-02
1.163483736384095664e+03	2.537142034421598358e-01	1.638038210743490430e-01	2.534512323234053288e-01	1.514889318645750438e-01	7.245417771040739419e-02	2.957835674431244163e-02	7.550927684061498057e-02
1.165902621490923138e+03	2.533617722485950186e-01	1.635755469667664885e-01	2.537031737472901227e-01	1.516303369540917267e-01	7.251334873462329800e-02	2.961691335657195764e-02	7.559890799188533073e-02
1.168321506597751068e+03	2.530103416193794086e-01	1.633479120913181593e-01	2.539544043280029251e-01	1.517713117262470546e-01	7.257235149281870967e-02	2.965539213893832182e-02	7.568828660311945067e-02
1.170740391704578315e+03	2.526599087038768343e-01	1.631209146551421962e-01	2.542049260614273054e-01	1.519118576225647332e-01	7.263118646864789862e-02	2.969379312286616820e-02	7.577741336529884852e-02
1.173159276811406244e+03	2.523104706596573377e-01	1.628945528704064394e-01	2.544547409378407066e-01	1.520519760788543728e-01	7.268985414437359460e-02	2.973211634086780214e-02	7.586628896782370013e-02
1.175578161918233945e+03	2.519620246524725826e-01	1.626688249542941889e-01	2.547038509419302654e-01	1.521916685252400758e-01	7.274835500087084572e-02	2.977036182650329502e-02	7.595491409851265474e-02
1.177997047025061647e+03	2.516145678562319299e-01	1.624437291289902163e-01	2.549522580528084670e-01	1.523309363861888310e-01	7.280668951763107077e-02	2.980852961437066920e-02	7.604328944360271014e-02
1.180415932131889122e+03	2.512680974529782896e-01	1.622192636216666095e-01	2.551999642440288540e-01	1.524697810805388243e-01	7.286485817276604215e-02	2.984661974009613153e-02	7.613141568774918488e-02
1.182834817238716823e+03	2.509226106328640848e-01	1.619954266644689223e-01	2.554469714836014593e-01	1.526082040215274160e-01	7.292286144301184103e-02	2.988463224032440052e-02	7.621929351402570441e-02
1.185253702345544298e+03	2.505781045941276042e-01	1.617722164945021024e-01	2.556932817340087372e-01	1.527462066168191746e-01	7.298069980373279864e-02	2.992256715270907863e-02	7.630692360392424267e-02
1.187672587452371999e+03	2.502345765430689095e-01	1.615496313538166140e-01	2.559388969522208290e-01	1.528837902685335759e-01	7.303837372892539592e-02	2.996042451590310435e-02	7.639430663735523319e-02
1.190091472559199701e+03	2.498920236940262718e-01	1.613276694893946150e-01	2.561838190897112177e-01	1.530209563732724820e-01	7.309588369122219098e-02	2.999820436954926325e-02	7.648144329264768004e-02
1.192510357666027403e+03	2.495504432693521624e-01	1.611063291531360520e-01	2.564280500924719375e-01	1.531577063221475632e-01	7.315323016189570482e-02	3.003590675427077195e-02	7.656833424654942155e-02
1.194929242772855105e+03	2.492098324993900771e-01	1.608856086018448095e-01	2.566715919010294500e-01	1.532940415008076374e-01	7.321041361086233490e-02	3.007353171166193828e-02	7.665498017422735233e-02
1.197348127879682352e+03	2.488701886224506665e-01	1.606655060972151661e-01	2.569144464504595216e-01	1.534299632894655652e-01	7.326743450668611601e-02	3.011107928427885980e-02	7.674138174926770084e-02
1.199767012986510281e+03	2.485315088847884490e-01	1.604460199058177772e-01	2.571566156704028772e-01	1.535654730629252285e-01	7.332429331658264771e-02	3.014854951563020538e-02	7.682753964367640409e-02
1.202185898093337983e+03	2.481937905405783296e-01	1.602271482990861862e-01	2.573981014850802995e-01	1.537005721906082589e-01	7.338099050642292454e-02	3.018594245016806982e-02	7.691345452787946846e-02
1.204604783200165684e+03	2.478570308518923682e-01	1.600088895533031685e-01	2.576389058133080057e-01	1.538352620365805445e-01	7.343752654073715247e-02	3.022325813327887689e-02	7.699912707072348317e-02
1.207023668306993159e+03	2.475212270886764654e-01	1.597912419495870484e-01	2.578790305685126905e-01	1.539695439595785698e-01	7.349390188271846813e-02	3.026049661127434495e-02	7.708455793947600887e-02
1.209442553413820860e+03	2.471863765287272419e-01	1.595742037738782093e-01	2.581184776587468477e-01	1.541034193130358387e-01	7.355011699422685234e-02	3.029765793138253574e-02	7.716974779982621602e-02
1.211861438520648335e+03	2.468524764576688346e-01	1.593577733169254385e-01	2.583572489867035915e-01	1.542368894451087158e-01	7.360617233579280771e-02	3.033474214173895178e-02	7.725469731588531508e-02
1.214280323627476264e+03	2.465195241689300265e-01	1.591419488742725763e-01	2.585953464497321996e-01	1.543699556987025434e-01	7.366206836662118895e-02	3.037174929137768931e-02	7.733940715018733369e-02
1.216699208734303511e+03	2.461875169637212091e-01	1.589267287462450551e-01	2.588327719398527682e-01	1.545026194114972051e-01	7.371780554459490820e-02	3.040867943022267789e-02	7.742387796368969954e-02
1.219118093841131440e+03	2.458564521510114564e-01	1.587121112379363264e-01	2.590695273437713109e-01	1.546348819159728827e-01	7.377338432627865428e-02	3.044553260907895131e-02	7.750811041577392035e-02
1.221536978947959142e+03	2.455263270475057658e-01	1.584980946591946771e-01	2.593056145428946357e-01	1.547667445394353136e-01	7.382880516692269524e-02	3.048230887962401214e-02	7.759210516424636106e-02
1.223955864054786844e+03	2.451971389776223809e-01	1.582846773246097127e-01	2.595410354133452779e-01	1.548982086040412709e-01	7.388406852046652817e-02	3.051900829439922747e-02	7.767586286533904871e-02
1.226374749161614318e+03	2.448688852734699495e-01	1.580718575534992287e-01	2.597757918259764320e-01	1.550292754268234874e-01	7.393917483954259851e-02	3.055563090680130447e-02	7.775938417371046352e-02
1.228793634268442020e+03	2.445415632748250412e-01	1.578596336698957492e-01	2.600098856463866626e-01	1.551599463197157747e-01	7.399412457547994981e-02	3.059217677107382849e-02	7.784266974244641313e-02
1.231212519375269494e+03	2.442151703291096654e-01	1.576480040025334817e-01	2.602433187349347810e-01	1.552902225895778088e-01	7.404891817830794309e-02	3.062864594229884260e-02	7.792572022306096247e-02
1.233631404482097196e+03	2.438897037913685950e-01	1.574369668848349391e-01	2.604760929467544450e-01	1.554201055382197216e-01	7.410355609675993438e-02	3.066503847638850019e-02	7.800853626549734965e-02
1.236050289588924898e+03	2.435651610242472453e-01	1.572265206548980054e-01	2.607082101317689249e-01	1.555495964624266647e-01	7.415803877827686907e-02	3.070135443007678336e-02	7.809111851812894356e-02
1.238469174695752372e+03	2.432415393979691642e-01	1.570166636554826689e-01	2.609396721347057579e-01	1.556786966539832340e-01	7.421236666901098733e-02	3.073759386091125950e-02	7.817346762776034019e-02
1.240888059802580301e+03	2.429188362903137721e-01	1.568073942339979765e-01	2.611704807951114038e-01	1.558074073996976172e-01	7.426654021382939064e-02	3.077375682724491426e-02	7.825558423962834798e-02
1.243306944909407548e+03	2.425970490865943241e-01	1.565987107424888780e-01	2.614006379473657327e-01	1.559357299814255748e-01	7.432055985631771944e-02	3.080984338822803995e-02	7.833746899740311187e-02
1.245725830016235477e+03	2.422761751796357055e-01	1.563906115376234307e-01	2.616301454206965138e-01	1.560636656760946150e-01	7.437442603878373359e-02	3.084585360380016558e-02	7.841912254318919584e-02
1.248144715123063179e+03	2.419562119697523661e-01	1.561830949806796431e-01	2.618590050391939594e-01	1.561912157557275027e-01	7.442813920226092061e-02	3.088178753468207721e-02	7.850054551752681797e-02
1.250563600229890881e+03	2.416371568647263657e-01	1.559761594375327354e-01	2.620872186218252686e-01	1.563183814874660738e-01	7.448169978651206224e-02	3.091764524236785203e-02	7.858173855939298846e-02
1.252982485336718355e+03	2.413190072797853913e-01	1.557698032786419828e-01	2.623147879824487827e-01	1.564451641335946053e-01	7.453510823003282881e-02	3.095342678911698273e-02	7.866270230620273085e-02
1.255401370443546057e+03	2.410017606375810251e-01	1.555640248790380042e-01	2.625417149298286401e-01	1.565715649515632413e-01	7.458836497005533195e-02	3.098913223794655392e-02	7.874343739381044205e-02
1.257820255550373531e+03	2.406854143681669833e-01	1.553588226183100496e-01	2.627680012676488208e-01	1.566975851940111686e-01	7.464147044255173280e-02	3.102476165262345667e-02	7.882394445651103032e-02
1.260239140657201460e+03	2.403699659089771901e-01	1.551541948805928994e-01	2.629936487945276347e-01	1.568232261087897095e-01	7.469442508223769761e-02	3.106031509765667595e-02	7.890422412704138633e-02
1.262658025764028707e+03	2.400554127048044051e-01	1.549501400545544028e-01	2.632186593040318767e-01	1.569484889389851923e-01	7.474722932257601982e-02	3.109579263828962312e-02	7.898427703658164600e-02
1.265076910870856636e+03	2.397417522077784635e-01	1.547466565333826261e-01	2.634430345846909827e-01	1.570733749229417664e-01	7.479988359578008950e-02	3.113119434049252746e-02	7.906410381475666160e-02
1.267495795977684338e+03	2.394289818773448486e-01	1.545437427147731690e-01	2.636667764200113506e-01	1.571978852942840787e-01	7.485238833281747384e-02	3.116652027095488664e-02	7.914370508963734785e-02
1.269914681084511813e+03	2.391170991802432089e-01	1.543413970009165359e-01	2.638898865884902745e-01	1.573220212819396724e-01	7.490474396341333108e-02	3.120177049707795885e-02	7.922308148774216685e-02
1.272333566191339514e+03	2.388061015904859863e-01	1.541396177984855065e-01	2.641123668636300992e-01	1.574457841101615796e-01	7.495695091605396321e-02	3.123694508696732083e-02	7.930223363403864079e-02
1.274752451298167216e+03	2.384959865893371833e-01	1.539384035186225907e-01	2.643342190139523762e-01	1.575691749985503320e-01	7.500900961799036870e-02	3.127204410942548141e-02	7.938116215194480907e-02
1.277171336404994690e+03	2.381867516652909356e-01	1.537377525769274556e-01	2.645554448030115191e-01	1.576921951620762208e-01	7.506092049524157317e-02	3.130706763394451586e-02	7.945986766333081042e-02
1.279590221511822392e+03	2.378783943140505286e-01	1.535376633934444901e-01	2.647760459894092921e-01	1.578148458111012231e-01	7.511268397259820984e-02	3.134201573069880786e-02	7.953835078852040941e-02
1.282009106618650094e+03	2.375709120385071649e-01	1.533381343926502605e-01	2.649960243268082993e-01	1.579371281514008463e-01	7.516430047362598899e-02	3.137688847053780872e-02	7.961661214629263406e-02
1.284427991725477568e+03	2.372643023487189251e-01	1.531391640034410473e-01	2.652153815639460288e-01	1.580590433841857767e-01	7.521577042066905638e-02	3.141168592497883827e-02	7.969465235388337176e-02
1.286846876832305497e+03	2.369585627618898127e-01	1.529407506591204668e-01	2.654341194446487306e-01	1.581805927061236128e-01	7.526709423485347661e-02	3.144640816619995866e-02	7.977247202698703465e-02
1.289265761939132744e+03	2.366536908023487429e-01	1.527428927973871475e-01	2.656522397078450726e-01	1.583017773093601810e-01	7.531827233609073025e-02	3.148105526703291052e-02	7.985007177975823878e-02
1.291684647045960673e+03	2.363496840015288369e-01	1.525455888603224341e-01	2.658697440875801288e-01	1.584225983815409355e-01	7.536930514308105844e-02	3.151562730095607695e-02	7.992745222481349721e-02
1.294103532152788375e+03	2.360465398979465501e-01	1.523488372943779534e-01	2.660866343130289247e-01	1.585430571058321081e-01	7.542019307331689071e-02	3.155012434208748218e-02	8.000461397323296864e-02
1.296522417259616077e+03	2.357442560371809104e-01	1.521526365503634848e-01	2.663029121085102591e-01	1.586631546609418297e-01	7.547093654308627275e-02	3.158454646517789427e-02	8.008155763456215048e-02
1.298941302366443551e+03	2.354428299718528961e-01	1.519569850834346647e-01	2.665185791935001935e-01	1.587828922211410310e-01	7.552153596747625264e-02	3.161889374560394872e-02	8.015828381681373849e-02
1.301360187473271253e+03	2.351422592616047302e-01	1.517618813530807742e-01	2.667336372826459301e-01	1.589022709562842861e-01	7.557199176037626698e-02	3.165316625936127892e-02	8.023479312646941697e-02
1.303779072580098727e+03	2.348425414730795080e-01	1.515673238231126374e-01	2.669480880857790228e-01	1.590212920318304912e-01	7.562230433448149935e-02	3.168736408305778546e-02	8.031108616848164905e-02
1.306197957686926657e+03	2.345436741799006297e-01	1.513733109616504369e-01	2.671619333079292558e-01	1.591399566088635142e-01	7.567247410129632201e-02	3.172148729390689148e-02	8.038716354627552241e-02
1.308616842793753904e+03	2.342456549626513451e-01	1.511798412411116954e-01	2.673751746493379655e-01	1.592582658441125121e-01	7.572250147113755714e-02	3.175553596972084669e-02	8.046302586175069216e-02
1.311035727900581833e+03	2.339484814088544362e-01	1.509869131381991192e-01	2.675878138054714195e-01	1.593762208899724142e-01	7.577238685313789079e-02	3.178951018890411456e-02	8.053867371528322661e-02
1.313454613007409534e+03	2.336521511129519557e-01	1.507945251338886627e-01	2.677998524670344715e-01	1.594938228945239900e-01	7.582213065524921747e-02	3.182341003044675959e-02	8.061410770572753626e-02
1.315873498114237009e+03	2.333566616762849655e-01	1.506026757134175109e-01	2.680112923199837183e-01	1.596110730015541102e-01	7.587173328424595686e-02	3.185723557391795940e-02	8.068932843041830283e-02
1.318292383221064711e+03	2.330620107070734415e-01	1.504113633662720884e-01	2.682221350455410991e-01	1.597279723505755367e-01	7.592119514572839845e-02	3.189098689945948917e-02	8.076433648517249153e-02
1.320711268327892412e+03	2.327681958203959844e-01	1.502205865861761802e-01	2.684323823202069415e-01	1.598445220768468511e-01	7.597051664412601824e-02	3.192466408777926146e-02	8.083913246429128008e-02
1.323130153434719887e+03	2.324752146381700024e-01	1.500303438710790249e-01	2.686420358157733390e-01	1.599607233113922999e-01	7.601969818270072621e-02	3.195826722014496329e-02	8.091371696056211260e-02
1.325549038541547588e+03	2.321830647891315880e-01	1.498406337231434626e-01	2.688510971993375298e-01	1.600765771810211680e-01	7.606874016355030799e-02	3.199179637837769319e-02	8.098809056526069805e-02
1.327967923648375290e+03	2.318917439088156174e-01	1.496514546487341391e-01	2.690595681333147748e-01	1.601920848083475957e-01	7.611764298761154734e-02	3.202525164484566755e-02	8.106225386815306411e-02
1.330386808755202765e+03	2.316012496395359332e-01	1.494628051584056261e-01	2.692674502754517918e-01	1.603072473118097307e-01	7.616640705466366790e-02	3.205863310245794101e-02	8.113620745749766661e-02
1.332805693862030694e+03	2.313115796303654714e-01	1.492746837668907645e-01	2.694747452788398556e-01	1.604220658056891013e-01	7.621503276333148336e-02	3.209194083465825159e-02	8.120995192004740182e-02
1.335224578968857941e+03	2.310227315371166101e-01	1.490870889930888676e-01	2.696814547919276217e-01	1.605365414001298230e-01	7.626352051108875596e-02	3.212517492541878961e-02	8.128348784105178526e-02
1.337643464075685870e+03	2.307347030223214357e-01	1.489000193600541200e-01	2.698875804585345595e-01	1.606506752011575001e-01	7.631187069426141611e-02	3.215833545923411918e-02	8.135681580425903336e-02
1.340062349182513572e+03	2.304474917552120639e-01	1.487134733949838084e-01	2.700931239178637755e-01	1.607644683106983496e-01	7.636008370803080980e-02	3.219142252111510671e-02	8.142993639191821453e-02
1.342481234289341273e+03	2.301610954117012664e-01	1.485274496292068314e-01	2.702980868045147811e-01	1.608779218265979361e-01	7.640815994643695985e-02	3.222443619658287711e-02	8.150285018478144183e-02
1.344900119396168748e+03	2.298755116743627647e-01	1.483419465981719032e-01	2.705024707484968705e-01	1.609910368426398786e-01	7.645609980238177172e-02	3.225737657166283245e-02	8.157555776210605181e-02
1.347319004502996449e+03	2.295907382324119395e-01	1.481569628414362572e-01	2.707062773752416107e-01	1.611038144485645585e-01	7.650390366763230865e-02	3.229024373287869842e-02	8.164805970165674165e-02
1.349737889609823924e+03	2.293067727816862633e-01	1.479724969026538772e-01	2.709095083056159980e-01	1.612162557300874655e-01	7.655157193282396966e-02	3.232303776724665401e-02	8.172035657970787292e-02
1.352156774716651853e+03	2.290236130246262325e-01	1.477885473295640906e-01	2.711121651559351142e-01	1.613283617689177940e-01	7.659910498746370922e-02	3.235575876226945424e-02	8.179244897104566425e-02
1.354575659823479100e+03	2.287412566702558547e-01	1.476051126739802155e-01	2.713142495379750607e-01	1.614401336427765399e-01	7.664650321993327076e-02	3.238840680593063626e-02	8.186433744897043951e-02
1.356994544930307029e+03	2.284597014341636922e-01	1.474221914917779874e-01	2.715157630589855042e-01	1.615515724254148466e-01	7.669376701749233693e-02	3.242098198668874609e-02	8.193602258529887605e-02
1.359413430037134731e+03	2.281789450384834328e-01	1.472397823428841790e-01	2.717167073217026663e-01	1.616626791866319635e-01	7.674089676628173540e-02	3.245348439347159331e-02	8.200750495036635002e-02
1.361832315143962205e+03	2.278989852118750992e-01	1.470578837912653314e-01	2.719170839243618132e-01	1.617734549922933140e-01	7.678789285132660292e-02	3.248591411567061660e-02	8.207878511302915681e-02
1.364251200250789907e+03	2.276198196895057313e-01	1.468764944049162358e-01	2.721168944607099682e-01	1.618839009043482879e-01	7.683475565653959116e-02	3.251827124313518697e-02	8.214986364066691193e-02
1.366670085357617609e+03	2.273414462130305957e-01	1.466956127558488587e-01	2.723161405200185681e-01	1.619940179808480318e-01	7.688148556472400308e-02	3.255055586616704272e-02	8.222074109918481311e-02
1.369088970464445310e+03	2.270638625305742841e-01	1.465152374200808516e-01	2.725148236870959528e-01	1.621038072759631576e-01	7.692808295757694315e-02	3.258276807551472448e-02	8.229141805301599943e-02
1.371507855571272785e+03	2.267870663967116729e-01	1.463353669776245314e-01	2.727129455422999116e-01	1.622132698400012563e-01	7.697454821569248151e-02	3.261490796236805878e-02	8.236189506512396619e-02
1.373926740678100487e+03	2.265110555724493546e-01	1.461560000124754732e-01	2.729105076615503389e-01	1.623224067194244113e-01	7.702088171856477650e-02	3.264697561835268325e-02	8.243217269700486849e-02
1.376345625784927961e+03	2.262358278252067367e-01	1.459771351126014360e-01	2.731075116163416139e-01	1.624312189568664355e-01	7.706708384459122485e-02	3.267897113552459959e-02	8.250225150868992219e-02
1.378764510891755890e+03	2.259613809287973341e-01	1.457987708699312046e-01	2.733039589737548680e-01	1.625397075911503286e-01	7.711315497107554262e-02	3.271089460636482371e-02	8.257213205874783246e-02
1.381183395998583137e+03	2.256877126634102837e-01	1.456209058803434597e-01	2.734998512964707529e-01	1.626478736573052919e-01	7.715909547423094317e-02	3.274274612377396643e-02	8.264181490428722243e-02
1.383602281105411066e+03	2.254148208155917210e-01	1.454435387436557314e-01	2.736951901427814304e-01	1.627557181865838531e-01	7.720490572918317640e-02	3.277452578106697378e-02	8.271130060095900627e-02
1.386021166212238768e+03	2.251427031782261556e-01	1.452666680636132968e-01	2.738899770666031741e-01	1.628632422064788532e-01	7.725058610997369291e-02	3.280623367196782575e-02	8.278058970295888719e-02
1.388440051319066470e+03	2.248713575505180973e-01	1.450902924478782163e-01	2.740842136174885812e-01	1.629704467407402380e-01	7.729613698956265544e-02	3.283786989060430428e-02	8.284968276302981383e-02
1.390858936425893944e+03	2.246007817379736538e-01	1.449144105080182321e-01	2.742779013406387856e-01	1.630773328093918784e-01	7.734155873983211693e-02	3.286943453150280303e-02	8.291858033246438109e-02
1.393277821532721646e+03	2.243309735523821846e-01	1.447390208594959982e-01	2.744710417769157806e-01	1.631839014287483069e-01	7.738685173158901809e-02	3.290092768958318564e-02	8.298728296110738367e-02
1.395696706639549120e+03	2.240619308117979269e-01	1.445641221216579231e-01	2.746636364628544658e-01	1.632901536114311769e-01	7.743201633456828215e-02	3.293234946015363013e-02	8.305579119735831406e-02
1.398115591746377049e+03	2.237936513405218708e-01	1.443897129177235394e-01	2.748556869306750805e-01	1.633960903663858877e-01	7.747705291743589573e-02	3.296369993890559125e-02	8.312410558817376338e-02
1.400534476853204296e+03	2.235261329690835519e-01	1.442157918747743461e-01	2.750471947082950286e-01	1.635017126988979330e-01	7.752196184779192034e-02	3.299497922190872817e-02	8.319222667907008595e-02
1.402953361960032225e+03	2.232593735342227881e-01	1.440423576237432057e-01	2.752381613193411458e-01	1.636070216106091380e-01	7.756674349217360098e-02	3.302618740560590849e-02	8.326015501412582787e-02
1.405372247066859927e+03	2.229933708788717772e-01	1.438694087994033810e-01	2.754285882831616350e-01	1.637120180995339513e-01	7.761139821605828049e-02	3.305732458680826075e-02	8.332789113598426667e-02
1.407791132173687402e+03	2.227281228521370282e-01	1.436969440403579046e-01	2.756184771148382229e-01	1.638167031600755441e-01	7.765592638386656366e-02	3.308839086269023400e-02	8.339543558585602034e-02
1.410210017280515103e+03	2.224636273092813199e-01	1.435249619890287265e-01	2.758078293251980950e-01	1.639210777830418797e-01	7.770032835896527323e-02	3.311938633078468502e-02	8.346278890352154534e-02
1.412628902387342805e+03	2.221998821117058542e-01	1.433534612916459727e-01	2.759966464208258863e-01	1.640251429556615348e-01	7.774460450367043363e-02	3.315031108897805584e-02	8.352995162733378720e-02
1.415047787494170507e+03	2.219368851269324094e-01	1.431824405982373982e-01	2.761849299040754491e-01	1.641288996615996587e-01	7.778875517925035177e-02	3.318116523550554420e-02	8.359692429422065085e-02
1.417466672600997981e+03	2.216746342285855487e-01	1.430118985626176176e-01	2.763726812730818994e-01	1.642323488809737109e-01	7.783278074592854534e-02	3.321194886894633658e-02	8.366370743968769286e-02
1.419885557707825683e+03	2.214131272963748287e-01	1.428418338423775025e-01	2.765599020217736070e-01	1.643354915903690872e-01	7.787668156288679588e-02	3.324266208821882729e-02	8.373030159782067494e-02
1.422304442814653157e+03	2.211523622160770919e-01	1.426722450988736068e-01	2.767465936398836313e-01	1.644383287628547741e-01	7.792045798826806313e-02	3.327330499257594859e-02	8.379670730128817302e-02
1.424723327921481086e+03	2.208923368795188691e-01	1.425031309972175642e-01	2.769327576129618773e-01	1.645408613679988086e-01	7.796411037917949649e-02	3.330387768160048001e-02	8.386292508134422785e-02
1.427142213028308333e+03	2.206330491845587549e-01	1.423344902062656236e-01	2.771183954223865875e-01	1.646430903718836269e-01	7.800763909169540489e-02	3.333438025520041315e-02	8.392895546783092631e-02
1.429561098135136262e+03	2.203744970350698662e-01	1.421663213986080754e-01	2.773035085453761650e-01	1.647450167371215524e-01	7.805104448086021274e-02	3.336481281360434425e-02	8.399479898918109366e-02
1.431979983241963964e+03	2.201166783409224670e-01	1.419986232505587309e-01	2.774880984550009977e-01	1.648466414228698385e-01	7.809432690069141592e-02	3.339517545735692927e-02	8.406045617242091650e-02
1.434398868348791666e+03	2.198595910179663437e-01	1.418313944421446537e-01	2.776721666201948935e-01	1.649479653848459348e-01	7.813748670418248221e-02	3.342546828731431108e-02	8.412592754317257948e-02
1.436817753455619140e+03	2.196032329880136524e-01	1.416646336570956122e-01	2.778557145057668487e-01	1.650489895753425862e-01	7.818052424330582117e-02	3.345569140463965779e-02	8.419121362565697153e-02
1.439236638562446842e+03	2.193476021788214325e-01	1.414983395828336432e-01	2.780387435724125944e-01	1.651497149432427092e-01	7.822343986901578172e-02	3.348584491079870801e-02	8.425631494269630872e-02
1.441655523669274316e+03	2.190926965240743152e-01	1.413325109104627830e-01	2.782212552767261426e-01	1.652501424340343528e-01	7.826623393125139994e-02	3.351592890755528825e-02	8.432123201571685434e-02
1.444074408776102018e+03	2.188385139633674537e-01	1.411671463347586863e-01	2.784032510712113884e-01	1.653502729898255752e-01	7.830890677893949381e-02	3.354594349696697619e-02	8.438596536475158338e-02
1.446493293882929493e+03	2.185850524421892038e-01	1.410022445541583846e-01	2.785847324042934336e-01	1.654501075493590712e-01	7.835145875999745269e-02	3.357588878138070138e-02	8.445051550844291655e-02
1.448912178989757422e+03	2.183323099119041100e-01	1.408378042707499334e-01	2.787657007203301895e-01	1.655496470480268822e-01	7.839389022133619322e-02	3.360576486342843616e-02	8.451488296404535694e-02
1.451331064096585123e+03	2.180802843297357518e-01	1.406738241902622810e-01	2.789461574596238114e-01	1.656488924178850242e-01	7.843620150886303211e-02	3.363557184602291444e-02	8.457906824742826568e-02
1.453749949203412370e+03	2.178289736587498415e-01	1.405103030220549165e-01	2.791261040584320785e-01	1.657478445876678363e-01	7.847839296748455873e-02	3.366530983235332258e-02	8.464307187307854030e-02
1.456168834310240300e+03	2.175783758678371538e-01	1.403472394791077937e-01	2.793055419489796631e-01	1.658465044828025259e-01	7.852046494110949404e-02	3.369497892588111526e-02	8.470689435410334867e-02
1.458587719417068001e+03	2.173284889316966229e-01	1.401846322780110898e-01	2.794844725594695656e-01	1.659448730254234894e-01	7.856241777265161874e-02	3.372457923033580357e-02	8.477053620223286290e-02
1.461006604523895703e+03	2.170793108308185504e-01	1.400224801389551577e-01	2.796628973140944385e-01	1.660429511343864961e-01	7.860425180403257661e-02	3.375411084971078474e-02	8.483399792782300719e-02
1.463425489630723177e+03	2.168308395514677855e-01	1.398607817857203672e-01	2.798408176330477448e-01	1.661407397252829266e-01	7.864596737618477496e-02	3.378357388825923430e-02	8.489728003985816396e-02
1.465844374737550879e+03	2.165830730856668773e-01	1.396995359456670305e-01	2.800182349325350817e-01	1.662382397104538445e-01	7.868756482905417404e-02	3.381296845048998440e-02	8.496038304595394941e-02
1.468263259844378354e+03	2.163360094311794490e-01	1.395387413497253815e-01	2.801951506247853385e-01	1.663354519990040969e-01	7.872904450160317369e-02	3.384229464116345759e-02	8.502330745236000298e-02
1.470682144951206283e+03	2.160896465914934894e-01	1.393783967323855288e-01	2.803715661180619656e-01	1.664323774968161085e-01	7.877040673181340269e-02	3.387155256528764924e-02	8.508605376396267961e-02
1.473101030058033530e+03	2.158439825758048103e-01	1.392185008316875472e-01	2.805474828166740764e-01	1.665290171065638980e-01	7.881165185668857764e-02	3.390074232811409599e-02	8.514862248428785307e-02
1.475519915164861459e+03	2.155990153990003377e-01	1.390590523892114572e-01	2.807229021209873832e-01	1.666253717277267621e-01	7.885278021225732015e-02	3.392986403513392757e-02	8.521101411550371929e-02
1.477938800271689161e+03	2.153547430816418196e-01	1.389000501500672613e-01	2.808978254274354103e-01	1.667214422566030974e-01	7.889379213357593235e-02	3.395891779207389771e-02	8.527322915842350248e-02
1.480357685378516862e+03	2.151111636499491719e-01	1.387414928628850352e-01	2.810722541285307630e-01	1.668172295863239174e-01	7.893468795473120025e-02	3.398790370489251228e-02	8.533526811250830013e-02
1.482776570485344337e+03	2.148682751357841869e-01	1.385833792798052133e-01	2.812461896128757854e-01	1.669127346068665640e-01	7.897546800884322482e-02	3.401682187977610183e-02	8.539713147586981690e-02
