1.301360187473271253e+03	2.355050684163467745e-01	1.512680560882498082e-01	2.606905952030618145e-01	1.617334294797412864e-01	7.625579279994759707e-02	3.212024724721371238e-02	8.242681076526423012e-02
1.306197957686926657e+03	2.349129181505580088e-01	1.508740489012064534e-01	2.610682758706922568e-01	1.619978175602841408e-01	7.636242346770473477e-02	3.219225575671726819e-02	8.259226029266233948e-02
1.311035727900581833e+03	2.343241685844133781e-01	1.504822026703921400e-01	2.614436955152272257e-01	1.622607044473970417e-01	7.646849744499850665e-02	3.226394750863668254e-02	8.275678382876017203e-02
1.315873498114237009e+03	2.337388001639217616e-01	1.500925054586127183e-01	2.618168692255128382e-01	1.625220981281094712e-01	7.657401768596179548e-02	3.233532325075699765e-02	8.292038608694957125e-02
1.320711268327892412e+03	2.331567934498671724e-01	1.497049453941294295e-01	2.621878119681950725e-01	1.627820065557095686e-01	7.667898712624759971e-02	3.240638374117162102e-02	8.308307176450462073e-02
1.325549038541547588e+03	2.325781291170883336e-01	1.493195106703163466e-01	2.625565385889618297e-01	1.630404376497373020e-01	7.678340868324307067e-02	3.247712974798869917e-02	8.324484554248945400e-02
1.330386808755202765e+03	2.320027879537636950e-01	1.489361895453193141e-01	2.629230638137698972e-01	1.632973992959804166e-01	7.688728525627840094e-02	3.254756204904366707e-02	8.340571208566964490e-02
1.335224578968857941e+03	2.314307508607016395e-01	1.485549703417161083e-01	2.632874022500582001e-01	1.635528993464733793e-01	7.699061972683082788e-02	3.261768143161762612e-02	8.356567604242731706e-02
1.340062349182513572e+03	2.308619988506357690e-01	1.481758414461784856e-01	2.636495683879468421e-01	1.638069456194988782e-01	7.709341495872380767e-02	3.268748869216154401e-02	8.372474204467973691e-02
1.344900119396168748e+03	2.302965130475257693e-01	1.477987913091353689e-01	2.640095766014223244e-01	1.640595458995924572e-01	7.719567379832159570e-02	3.275698463602617211e-02	8.388291470780136205e-02
1.349737889609823924e+03	2.297342746858629658e-01	1.474238084444378094e-01	2.643674411495088306e-01	1.643107079375493995e-01	7.729739907471935845e-02	3.282617007719748625e-02	8.404019863054928985e-02
1.354575659823479100e+03	2.291752651099810967e-01	1.470508814290252542e-01	2.647231761774258563e-01	1.645604394504346368e-01	7.739859359992881660e-02	3.289504583803756765e-02	8.419659839499195331e-02
1.359413430037134731e+03	2.286194657733721936e-01	1.466799989025932283e-01	2.650767957177327383e-01	1.648087481215951833e-01	7.749926016905980819e-02	3.296361274903081284e-02	8.435211856644114770e-02
1.364251200250789907e+03	2.280668582380074583e-01	1.463111495672628215e-01	2.654283136914594721e-01	1.650556416006752070e-01	7.759940156049771609e-02	3.303187164853537555e-02	8.450676369338704086e-02
1.369088970464445310e+03	2.275174241736628022e-01	1.459443221872513130e-01	2.657777439092244287e-01	1.653011275036336825e-01	7.769902053607681547e-02	3.309982338253964623e-02	8.466053830743638930e-02
1.373926740678100487e+03	2.269711453572494930e-01	1.455795055885444056e-01	2.661251000723392490e-01	1.655452134127644581e-01	7.779811984124994362e-02	3.316746880442381779e-02	8.481344692325373802e-02
1.378764510891755890e+03	2.264280036721495470e-01	1.452166886585699312e-01	2.664703957739005258e-01	1.657879068767189046e-01	7.789670220525436728e-02	3.323480877472626688e-02	8.496549403850552074e-02
1.383602281105411066e+03	2.258879811075560629e-01	1.448558603458730831e-01	2.668136444998689405e-01	1.660292154105310891e-01	7.799477034127397235e-02	3.330184416091475086e-02	8.511668413380708842e-02
1.388440051319066470e+03	2.253510597578180508e-01	1.444970096597930354e-01	2.671548596301359657e-01	1.662691464956451426e-01	7.809232694659803964e-02	3.336857583716230924e-02	8.526702167267243004e-02
1.393277821532721646e+03	2.248172218217900087e-01	1.441401256701411171e-01	2.674940544395773556e-01	1.665077075799452633e-01	7.818937470277662061e-02	3.343500468412773097e-02	8.541651110146686321e-02
1.398115591746377049e+03	2.242864496021863274e-01	1.437851975068802080e-01	2.678312420990954235e-01	1.667449060777878023e-01	7.828591627577247136e-02	3.350113158874051811e-02	8.556515684936215338e-02
1.402953361960032225e+03	2.237587255049401647e-01	1.434322143598059651e-01	2.681664356766482737e-01	1.669807493700357637e-01	7.838195431610998909e-02	3.356695744399029735e-02	8.571296332829446418e-02
1.407791132173687402e+03	2.232340320385668708e-01	1.430811654782292441e-01	2.684996481382672662e-01	1.672152448040954142e-01	7.847749145902088719e-02	3.363248314872047812e-02	8.585993493292475021e-02
1.412628902387342805e+03	2.227123518135319669e-01	1.427320401706600739e-01	2.688308923490626001e-01	1.674483996939553909e-01	7.857253032458695607e-02	3.369770960742617810e-02	8.600607604060173106e-02
1.417466672600997981e+03	2.221936675416236739e-01	1.423848278044930193e-01	2.691601810742171863e-01	1.676802213202275849e-01	7.866707351787981251e-02	3.376263773005627050e-02	8.615139101132732180e-02
1.422304442814653157e+03	2.216779620353296898e-01	1.420395178056941266e-01	2.694875269799688611e-01	1.679107169301903291e-01	7.876112362909790110e-02	3.382726843181951132e-02	8.629588418772442260e-02
1.427142213028308333e+03	2.211652182072186279e-01	1.416960996584891719e-01	2.698129426345807769e-01	1.681398937378338065e-01	7.885468323370069255e-02	3.389160263299459408e-02	8.643955989500710924e-02
1.431979983241963964e+03	2.206554190693256201e-01	1.413545629050534103e-01	2.701364405093011900e-01	1.683677589239071515e-01	7.894775489254021728e-02	3.395564125874412503e-02	8.658242244095311346e-02
1.436817753455619140e+03	2.201485477325422213e-01	1.410148971452026834e-01	2.704580329793110915e-01	1.685943196359678542e-01	7.904034115199004562e-02	3.401938523893240085e-02	8.672447611587852379e-02
1.441655523669274316e+03	2.196445874060107828e-01	1.406770920360862487e-01	2.707777323246615131e-01	1.688195829884329424e-01	7.913244454407170059e-02	3.408283550794689865e-02	8.686572519261474834e-02
1.446493293882929493e+03	2.191435213965228779e-01	1.403411372918806910e-01	2.710955507311994528e-01	1.690435560626321332e-01	7.922406758657864201e-02	3.414599300452347830e-02	8.700617392648754556e-02
1.451331064096585123e+03	2.186453331079220574e-01	1.400070226834854159e-01	2.714115002914830876e-01	1.692662459068629277e-01	7.931521278319791923e-02	3.420885867157510279e-02	8.714582655529828914e-02
1.456168834310240300e+03	2.181500060405106300e-01	1.396747380382196146e-01	2.717255930056863278e-01	1.694876595364473715e-01	7.940588262362950622e-02	3.427143345602413210e-02	8.728468729930717596e-02
1.461006604523895703e+03	2.176575237904607441e-01	1.393442732395206718e-01	2.720378407824927680e-01	1.697078039337907296e-01	7.949607958370333294e-02	3.433371830863798935e-02	8.742276036121844618e-02
1.465844374737550879e+03	2.171678700492294389e-01	1.390156182266438223e-01	2.723482554399792033e-01	1.699266860484418828e-01	7.958580612549430444e-02	3.439571418386829643e-02	8.756004992616776839e-02
1.470682144951206283e+03	2.166810286029777488e-01	1.386887629943633626e-01	2.726568487064887081e-01	1.701443127971554170e-01	7.967506469743500241e-02	3.445742203969318768e-02	8.769656016171124835e-02
1.475519915164861459e+03	2.161969833319938306e-01	1.383636975926753332e-01	2.729636322214936683e-01	1.703606910639555716e-01	7.976385773442658256e-02	3.451884283746298882e-02	8.783229521781663052e-02
1.480357685378516862e+03	2.157157182101202830e-01	1.380404121265014772e-01	2.732686175364488768e-01	1.705758277002014378e-01	7.985218765794745155e-02	3.457997754174898380e-02	8.796725922685610932e-02
1.485195455592172038e+03	2.152372173041849079e-01	1.377188967553946430e-01	2.735718161156342476e-01	1.707897295246541824e-01	7.994005687616020928e-02	3.464082712019533189e-02	8.810145630360111113e-02
1.490033225805827215e+03	2.147614647734360782e-01	1.373991416932456022e-01	2.738732393369880391e-01	1.710024033235455210e-01	8.002746778401657879e-02	3.470139254337403778e-02	8.823489054521874153e-02
1.494870996019482618e+03	2.142884448689813537e-01	1.370811372079914214e-01	2.741728984929304169e-01	1.712138558506478836e-01	8.011442276336058765e-02	3.476167478464287780e-02	8.836756603127000897e-02
1.499708766233137567e+03	2.138181419332302602e-01	1.367648736213249172e-01	2.744708047911772475e-01	1.714240938273461079e-01	8.020092418302997295e-02	3.482167482000628894e-02	8.849948682370972763e-02
1.504546536446793198e+03	2.133505403993408711e-01	1.364503413084057204e-01	2.747669693555446213e-01	1.716331239427103528e-01	8.028697439895580990e-02	3.488139362797913756e-02	8.863065696688808559e-02
1.509384306660448374e+03	2.128856247906700250e-01	1.361375306975727006e-01	2.750614032267435505e-01	1.718409528535707331e-01	8.037257575426055844e-02	3.494083218945326363e-02	8.876108048755378122e-02
1.514222076874103550e+03	2.124233797202275675e-01	1.358264322700578064e-01	2.753541173631661176e-01	1.720475871845930926e-01	8.045773057935438899e-02	3.499999148756680056e-02	8.889076139485883876e-02
1.519059847087758726e+03	2.119637898901338413e-01	1.355170365597011539e-01	2.756451226416621880e-01	1.722530335283563030e-01	8.054244119203007868e-02	3.505887250757624973e-02	8.901970368036483949e-02
1.523897617301414357e+03	2.115068400910814217e-01	1.352093341526676151e-01	2.759344298583068511e-01	1.724572984454307290e-01	8.062670989755615913e-02	3.511747623673115715e-02	8.914791131805074875e-02
1.528735387515069533e+03	2.110525152017999895e-01	1.349033156871647654e-01	2.762220497291593690e-01	1.726603884644581643e-01	8.071053898876877353e-02	3.517580366415137133e-02	8.927538826432226959e-02
1.533573157728724709e+03	2.106008001885251446e-01	1.345989718531622192e-01	2.765079928910131879e-01	1.728623100822327396e-01	8.079393074616192383e-02	3.523385578070692414e-02	8.940213845802248704e-02
1.538410927942380113e+03	2.101516801044708005e-01	1.342962933921121871e-01	2.767922699021374000e-01	1.730630697637833559e-01	8.087688743797642743e-02	3.529163357890036795e-02	8.952816582044410831e-02
1.543248698156035516e+03	2.097051400893048534e-01	1.339952710966715588e-01	2.770748912430092137e-01	1.732626739424570628e-01	8.095941132028744436e-02	3.534913805275156917e-02	8.965347425534288262e-02
1.548086468369690692e+03	2.092611653686287376e-01	1.336958958104253470e-01	2.773558673170386513e-01	1.734611290200037126e-01	8.104150463709067220e-02	3.540637019768490962e-02	8.977806764895256142e-02
1.552924238583346096e+03	2.088197412534602559e-01	1.333981584276112964e-01	2.776352084512841434e-01	1.736584413666617532e-01	8.112316962038720880e-02	3.546333101041886093e-02	8.990194987000105220e-02
1.557762008797001272e+03	2.083808531397199071e-01	1.331020498928461304e-01	2.779129248971605737e-01	1.738546173212449641e-01	8.120440849026726304e-02	3.552002148885784888e-02	9.002512476972790445e-02
1.562599779010656675e+03	2.079444865077207105e-01	1.328075612008528250e-01	2.781890268311387193e-01	1.740496631912303860e-01	8.128522345499250568e-02	3.557644263198640050e-02	9.014759618190307244e-02
1.567437549224311852e+03	2.075106269216614452e-01	1.325146833961894921e-01	2.784635243554367534e-01	1.742435852528472495e-01	8.136561671107726823e-02	3.563259543976551869e-02	9.026936792284685762e-02
1.572275319437967255e+03	2.070792600291232188e-01	1.322234075729794844e-01	2.787364274987039758e-01	1.744363897511669592e-01	8.144559044336864562e-02	3.568848091303123554e-02	9.039044379145109998e-02
1.577113089651622431e+03	2.066503715605693126e-01	1.319337248746427216e-01	2.790077462166965505e-01	1.746280829001938539e-01	8.152514682512534971e-02	3.574410005339530294e-02	9.051082756920147965e-02
1.581950859865277607e+03	2.062239473288486336e-01	1.316456264936286813e-01	2.792774903929454711e-01	1.748186708829571889e-01	8.160428801809550825e-02	3.579945386314798556e-02	9.063052302020108142e-02
1.586788630078933011e+03	2.057999732287021377e-01	1.313591036711503346e-01	2.795456698394170880e-01	1.750081598516037007e-01	8.168301617259343672e-02	3.585454334516291475e-02	9.074953389119494451e-02
1.591626400292587959e+03	2.053784352362727217e-01	1.310741476969195796e-01	2.798122942971658089e-01	1.751965559274913931e-01	8.176133342757527234e-02	3.590936950280396167e-02	9.086786391159579201e-02
1.596464170506243590e+03	2.049593194086183900e-01	1.307907499088840630e-01	2.800773734369796375e-01	1.753838652012839894e-01	8.183924191071365040e-02	3.596393333983407409e-02	9.098551679351075949e-02
1.601301940719898766e+03	2.045426118832283646e-01	1.305089016929650847e-01	2.803409168600181078e-01	1.755700937330462730e-01	8.191674373847139534e-02	3.601823586032609770e-02	9.110249623176926159e-02
1.606139710933553943e+03	2.041282988775427187e-01	1.302285944827970832e-01	2.806029340984431131e-01	1.757552475523402047e-01	8.199384101617415710e-02	3.607227806857545710e-02	9.121880590395177457e-02
1.610977481147209119e+03	2.037163666884750368e-01	1.299498197594682880e-01	2.808634346160426842e-01	1.759393326583217898e-01	8.207053583808220087e-02	3.612606096901473801e-02	9.133444947041968742e-02
1.615815251360864750e+03	2.033068016919382381e-01	1.296725690512625373e-01	2.811224278088474415e-01	1.761223550198388055e-01	8.214683028746123938e-02	3.617958556613010135e-02	9.144943057434602729e-02
1.620653021574519926e+03	2.028995903423733982e-01	1.293968339334027051e-01	2.813799230057400513e-01	1.763043205755292497e-01	8.222272643665236302e-02	3.623285286437948061e-02	9.156375284174721185e-02
1.625490791788175102e+03	2.024947191722817896e-01	1.291226060277950727e-01	2.816359294690579107e-01	1.764852352339203179e-01	8.229822634714105412e-02	3.628586386811255560e-02	9.167741988151575927e-02
1.630328562001830505e+03	2.020921747917600042e-01	1.288498770027752538e-01	2.818904563951892261e-01	1.766651048735282670e-01	8.237333206962547949e-02	3.633861958149246785e-02	9.179043528545374753e-02
1.635166332215485909e+03	2.016919438880379889e-01	1.285786385728552861e-01	2.821435129151619869e-01	1.768439353429588912e-01	8.244804564408379777e-02	3.639112100841920827e-02	9.190280262830724523e-02
1.640004102429141085e+03	2.012940132250202740e-01	1.283088824984719989e-01	2.823951080952266102e-01	1.770217324610084964e-01	8.252236909984074498e-02	3.644336915245469100e-02	9.201452546780160280e-02
1.644841872642796488e+03	2.008983696428300325e-01	1.280406005857365470e-01	2.826452509374317024e-01	1.771985020167656522e-01	8.259630445563340140e-02	3.649536501674949945e-02	9.212560734467754864e-02
1.649679642856451665e+03	2.005050000573561642e-01	1.277737846861855819e-01	2.828939503801936595e-01	1.773742497697134990e-01	8.266985371967616736e-02	3.654710960397115904e-02	9.223605178272813176e-02
1.654517413070107068e+03	2.001138914598033225e-01	1.275084266965331448e-01	2.831412152988598274e-01	1.775489814498325547e-01	8.274301888972507291e-02	3.659860391623403347e-02	9.234586228883638614e-02
1.659355183283762244e+03	1.997250309162449666e-01	1.272445185584242244e-01	2.833870545062652790e-01	1.777227027577040763e-01	8.281580195314125481e-02	3.664984895503076157e-02	9.245504235301378604e-02
1.664192953497417420e+03	1.993384055671790500e-01	1.269820522581895095e-01	2.836314767532833181e-01	1.778954193646140325e-01	8.288820488695368416e-02	3.670084572116522059e-02	9.256359544843950626e-02
1.669030723711072824e+03	1.989540026270868456e-01	1.267210198266012222e-01	2.838744907293699882e-01	1.780671369126575199e-01	8.296022965792138049e-02	3.675159521468694679e-02	9.267152503150036247e-02
1.673868493924728000e+03	1.985718093839946297e-01	1.264614133386302852e-01	2.841161050631025309e-01	1.782378610148435960e-01	8.303187822259472384e-02	3.680209843482704773e-02	9.277883454183144529e-02
1.678706264138383403e+03	1.981918131990378917e-01	1.262032249132048478e-01	2.843563283227115712e-01	1.784075972552006950e-01	8.310315252737622560e-02	3.685235637993553026e-02	9.288552740235746230e-02
1.683544034352038352e+03	1.978140015060287360e-01	1.259464467129697285e-01	2.845951690166078629e-01	1.785763511888824318e-01	8.317405450858059157e-02	3.690237004742003002e-02	9.299160701933478768e-02
1.688381804565693983e+03	1.974383618110257255e-01	1.256910709440475227e-01	2.848326355939027610e-01	1.787441283422738225e-01	8.324458609249421603e-02	3.695214043368593576e-02	9.309707678239413642e-02
1.693219574779349159e+03	1.970648816919068347e-01	1.254370898558005432e-01	2.850687364449231986e-01	1.789109342130978664e-01	8.331474919543394031e-02	3.700166853407785977e-02	9.320194006458383529e-02
1.698057344993004335e+03	1.966935487979447894e-01	1.251844957405941761e-01	2.853034799017208911e-01	1.790767742705226262e-01	8.338454572380531171e-02	3.705095534282243364e-02	9.330620022241377376e-02
1.702895115206659511e+03	1.963243508493854872e-01	1.249332809335614580e-01	2.855368742385758218e-01	1.792416539552686983e-01	8.345397757416016249e-02	3.710000185297240849e-02	9.340986059589991009e-02
1.707732885420315142e+03	1.959572756370287772e-01	1.246834378123688053e-01	2.857689276724945660e-01	1.794055786797166263e-01	8.352304663325367529e-02	3.714880905635205288e-02	9.351292450860940186e-02
1.712570655633970318e+03	1.955923110218122096e-01	1.244349587969829224e-01	2.859996483637025078e-01	1.795685538280153704e-01	8.359175477810083799e-02	3.719737794350376492e-02	9.361539526770626396e-02
1.717408425847625494e+03	1.952294449343972282e-01	1.241878363494389598e-01	2.862290444161313951e-01	1.797305847561903869e-01	8.366010387603234344e-02	3.724570950363595423e-02	9.371727616399760930e-02
1.722246196061280898e+03	1.948686653747581654e-01	1.239420629736099067e-01	2.864571238779009543e-01	1.798916767922524029e-01	8.372809578474990633e-02	3.729380472457213130e-02	9.381857047198036148e-02
1.727083966274936301e+03	1.945099604117737357e-01	1.236976312149770940e-01	2.866838947417956751e-01	1.800518352363064123e-01	8.379573235238116369e-02	3.734166459270115562e-02	9.391928144988857807e-02
1.731921736488591478e+03	1.941533181828212218e-01	1.234545336604018634e-01	2.869093649457359896e-01	1.802110653606608659e-01	8.386301541753393707e-02	3.738929009292867728e-02	9.401941233974123180e-02
1.736759506702246881e+03	1.937987268933731577e-01	1.232127629378985956e-01	2.871335423732447878e-01	1.803693724099371121e-01	8.392994680935002283e-02	3.743668220862969576e-02	9.411896636739042199e-02
1.741597276915902057e+03	1.934461748165966499e-01	1.229723117164086416e-01	2.873564348539084379e-01	1.805267616011791143e-01	8.399652834755848285e-02	3.748384192160227751e-02	9.421794674257014113e-02
1.746435047129557461e+03	1.930956502929552232e-01	1.227331727055757382e-01	2.875780501638331432e-01	1.806832381239633356e-01	8.406276184252844952e-02	3.753077021202232133e-02	9.431635665894551324e-02
1.751272817343212637e+03	1.927471417298130540e-01	1.224953386555222845e-01	2.877983960260961371e-01	1.808388071405089559e-01	8.412864909532143110e-02	3.757746805839948939e-02	9.441419929416236534e-02
1.756110587556867813e+03	1.924006376010419794e-01	1.222588023566269777e-01	2.880174801111922145e-01	1.809934737857880616e-01	8.419419189774318690e-02	3.762393643753406125e-02	9.451147780989731240e-02
1.760948357770523216e+03	1.920561264466306428e-01	1.220235566393035598e-01	2.882353100374750454e-01	1.811472431676361960e-01	8.425939203239508901e-02	3.767017632447498821e-02	9.460819535190823082e-02
1.765786127984178393e+03	1.917135968722966100e-01	1.217895943737807019e-01	2.884518933715944367e-01	1.813001203668629380e-01	8.432425127272508147e-02	3.771618869247883588e-02	9.470435505008514832e-02
1.770623898197833569e+03	1.913730375491002333e-01	1.215569084698830266e-01	2.886672376289282638e-01	1.814521104373627569e-01	8.438877138307812609e-02	3.776197451296982310e-02	9.479996001850153620e-02
1.775461668411488745e+03	1.910344372130616530e-01	1.213254918768133100e-01	2.888813502740099626e-01	1.816032184062258692e-01	8.445295411874631508e-02	3.780753475550079068e-02	9.489501335546592087e-02
1.780299438625144376e+03	1.906977846647796571e-01	1.210953375829357942e-01	2.890942387209515241e-01	1.817534492738492602e-01	8.451680122601849809e-02	3.785287038771514845e-02	9.498951814357389778e-02
1.785137208838799552e+03	1.903630687690533174e-01	1.208664386155606368e-01	2.893059103338622706e-01	1.819028080140479009e-01	8.458031444222945117e-02	3.789798237530978692e-02	9.508347744976047844e-02
1.789974979052454728e+03	1.900302784545057633e-01	1.206387880407294722e-01	2.895163724272624139e-01	1.820512995741658258e-01	8.464349549580871268e-02	3.794287168199889093e-02	9.517689432535278438e-02
1.794812749266109904e+03	1.896994027132104799e-01	1.204123789630021646e-01	2.897256322664928385e-01	1.821989288751876546e-01	8.470634610632896133e-02	3.798753926947869008e-02	9.526977180612306029e-02
1.799650519479765535e+03	1.893704306003197724e-01	1.201872045252445897e-01	2.899336970681205550e-01	1.823457008118497258e-01	8.476886798455407490e-02	3.803198609739309732e-02	9.536211291234200638e-02
1.804488289693420711e+03	1.890433512336957278e-01	1.199632579084175948e-01	2.901405740003394906e-01	1.824916202527516740e-01	8.483106283248671720e-02	3.807621312330020796e-02	9.545392064883241601e-02
1.809326059907075887e+03	1.887181537935433417e-01	1.197405323313670000e-01	2.903462701833672832e-01	1.826366920404678407e-01	8.489293234341557803e-02	3.812022130263970771e-02	9.554519800502306315e-02
1.814163830120731291e+03	1.883948275220460877e-01	1.195190210506148210e-01	2.905507926898379112e-01	1.827809209916588240e-01	8.495447820196219690e-02	3.816401158870107863e-02	9.563594795500292289e-02
1.819001600334386467e+03	1.880733617230035404e-01	1.192987173601514767e-01	2.907541485451899388e-01	1.829243118971829729e-01	8.501570208412757845e-02	3.820758493259266558e-02	9.572617345757560015e-02
1.823839370548041643e+03	1.877537457614715244e-01	1.190796145912291354e-01	2.909563447280513748e-01	1.830668695222079090e-01	8.507660565733819735e-02	3.825094228321155448e-02	9.581587745631410524e-02
1.828677140761696819e+03	1.874359690634042619e-01	1.188617061121561569e-01	2.911573881706195355e-01	1.832085986063220484e-01	8.513719058049186439e-02	3.829408458721422770e-02	9.590506287961575449e-02
1.833514910975352450e+03	1.871200211152988790e-01	1.186449853280926031e-01	2.913572857590375764e-01	1.833495038636462071e-01	8.519745850400314846e-02	3.833701278898805215e-02	9.599373264075736212e-02
1.838352681189008081e+03	1.868058914638421053e-01	1.184294456808468454e-01	2.915560443337673058e-01	1.834895899829449284e-01	8.525741106984845163e-02	3.837972783062347515e-02	9.608188963795073756e-02
1.843190451402663257e+03	1.864935697155591099e-01	1.182150806486732680e-01	2.917536706899572785e-01	1.836288616277380603e-01	8.531704991161079277e-02	3.842223065188707376e-02	9.616953675439822435e-02
1.848028221616318433e+03	1.861830455364645587e-01	1.180018837460709707e-01	2.919501715778080042e-01	1.837673234364122776e-01	8.537637665452424418e-02	3.846452219019521473e-02	9.625667685834861376e-02
1.852865991829973609e+03	1.858743086517158916e-01	1.177898485235835679e-01	2.921455537029325478e-01	1.839049800223321873e-01	8.543539291551797976e-02	3.850660338058858184e-02	9.634331280315314161e-02
1.857703762043628785e+03	1.855673488452685982e-01	1.175789685676001395e-01	2.923398237267141320e-01	1.840418359739518506e-01	8.549410030326010101e-02	3.854847515570729299e-02	9.642944742732172114e-02
1.862541532257283961e+03	1.852621559595337142e-01	1.173692375001571114e-01	2.925329882666597991e-01	1.841778958549259160e-01	8.555250041820108842e-02	3.859013844576683616e-02	9.651508355457931454e-02
1.867379302470939592e+03	1.849587198950374545e-01	1.171606489787412331e-01	2.927250538967500759e-01	1.843131642042208918e-01	8.561059485261700297e-02	3.863159417853459510e-02	9.660022399392255432e-02
1.872217072684594768e+03	1.846570306100829284e-01	1.169531966960936087e-01	2.929160271477854183e-01	1.844476455362260292e-01	8.566838519065227142e-02	3.867284327930712445e-02	9.668487153967639247e-02
1.877054842898249490e+03	1.843570781204138531e-01	1.167468743800148256e-01	2.931059145077293260e-01	1.845813443408644283e-01	8.572587300836227719e-02	3.871388667088804247e-02	9.676902897155101324e-02
1.881892613111905121e+03	1.840588524988804597e-01	1.165416757931709707e-01	2.932947224220474047e-01	1.847142650837039213e-01	8.578305987375559050e-02	3.875472527356659674e-02	9.685269905469882923e-02
1.886730383325560297e+03	1.837623438751073424e-01	1.163375947329008120e-01	2.934824572940433196e-01	1.848464122060677339e-01	8.583994734683600414e-02	3.879536000509686139e-02	9.693588453977161623e-02
1.891568153539215928e+03	1.834675424351635276e-01	1.161346250310240219e-01	2.936691254851914734e-01	1.849777901251451750e-01	8.589653697964413914e-02	3.883579178067757265e-02	9.701858816297781463e-02
1.896405923752871104e+03	1.831744384212343757e-01	1.159327605536502881e-01	2.938547333154657437e-01	1.851084032341020480e-01	8.595283031629884218e-02	3.887602151293256814e-02	9.710081264613984464e-02
1.901243693966526507e+03	1.828830221312955084e-01	1.157319952009895625e-01	2.940392870636656109e-01	1.852382559021911457e-01	8.600882889303837486e-02	3.891605011189182284e-02	9.718256069675168529e-02
1.906081464180181683e+03	1.825932839187889012e-01	1.155323229071632957e-01	2.942227929677384557e-01	1.853673524748624124e-01	8.606453423826118665e-02	3.895587848497312350e-02	9.726383500803638393e-02
1.910919234393836859e+03	1.823052141923008629e-01	1.153337376400166703e-01	2.944052572250988042e-01	1.854956972738729670e-01	8.611994787256650741e-02	3.899550753696424954e-02	9.734463825900378786e-02
1.915757004607492036e+03	1.820188034152417922e-01	1.151362334009318061e-01	2.945866859929444637e-01	1.856232945973969872e-01	8.617507130879469013e-02	3.903493817000578542e-02	9.742497311450830366e-02
1.920594774821147894e+03	1.817340421055283484e-01	1.149398042246420476e-01	2.947670853885694386e-01	1.857501487201355939e-01	8.622990605206719283e-02	3.907417128357448810e-02	9.750484222530671208e-02
1.925432545034802843e+03	1.814509208352670655e-01	1.147444441790471809e-01	2.949464614896735726e-01	1.858762638934262357e-01	8.628445359982643559e-02	3.911320777446717495e-02	9.758424822811609389e-02
1.930270315248458019e+03	1.811694302304402426e-01	1.145501473650296226e-01	2.951248203346693022e-01	1.860016443453522406e-01	8.633871544187526892e-02	3.915204853678516672e-02	9.766319374567189460e-02
1.935108085462113195e+03	1.808895609705935825e-01	1.143569079162716912e-01	2.953021679229852481e-01	1.861262942808518672e-01	8.639269306041626184e-02	3.919069446191925793e-02	9.774168138678583639e-02
1.939945855675768371e+03	1.806113037885257733e-01	1.141647199990737660e-01	2.954785102153666965e-01	1.862502178818273568e-01	8.644638793009078170e-02	3.922914643853521455e-02	9.781971374640408001e-02
1.944783625889424002e+03	1.803346494699800684e-01	1.139735778121734461e-01	2.956538531341735276e-01	1.863734193072538181e-01	8.649980151801769934e-02	3.926740535255978520e-02	9.789729340566533100e-02
1.949621396103079178e+03	1.800595888533373656e-01	1.137834755865657355e-01	2.958282025636746471e-01	1.864959026932877517e-01	8.655293528383201096e-02	3.930547208716718421e-02	9.797442293195900154e-02
1.954459166316734354e+03	1.797861128293118116e-01	1.135944075853240753e-01	2.960015643503398630e-01	1.866176721533754079e-01	8.660579067972305756e-02	3.934334752276609504e-02	9.805110487898341387e-02
1.959296936530389530e+03	1.795142123406475443e-01	1.134063681034224863e-01	2.961739443031288777e-01	1.867387317783610057e-01	8.665836915047261946e-02	3.938103253698713169e-02	9.812734178680405928e-02
1.964134706744044706e+03	1.792438783818177672e-01	1.132193514675585849e-01	2.963453481937772249e-01	1.868590856365947572e-01	8.671067213349278879e-02	3.941852800467081364e-02	9.820313618191178762e-02
1.968972476957700337e+03	1.789751019987254055e-01	1.130333520359775162e-01	2.965157817570797105e-01	1.869787377740404766e-01	8.676270105886350892e-02	3.945583479785592235e-02	9.827849057728109405e-02
1.973810247171355968e+03	1.787078742884057048e-01	1.128483641982969687e-01	2.966852506911710763e-01	1.870976922143831045e-01	8.681445734937000280e-02	3.949295378576839904e-02	9.835340747242836412e-02
1.978648017385010689e+03	1.784421863987305512e-01	1.126643823753329526e-01	2.968537606578035004e-01	1.872159529591359561e-01	8.686594242053984061e-02	3.952988583481067270e-02	9.842788935347014656e-02
1.983485787598666320e+03	1.781780295281145676e-01	1.124814010189266883e-01	2.970213172826219328e-01	1.873335239877478020e-01	8.691715768067995174e-02	3.956663180855136269e-02	9.850193869318139839e-02
1.988323557812321269e+03	1.779153949252230416e-01	1.122994146117723274e-01	2.971879261554363771e-01	1.874504092577094772e-01	8.696810453091326221e-02	3.960319256771548807e-02	9.857555795105372998e-02
1.993161328025976900e+03	1.776542738886816297e-01	1.121184176672456317e-01	2.973535928304918974e-01	1.875666127046605458e-01	8.701878436521523486e-02	3.963956897017501674e-02	9.864874957335367789e-02
1.997999098239632076e+03	1.773946577667877833e-01	1.119384047292336509e-01	2.975183228267357372e-01	1.876821382424955220e-01	8.706919857045011812e-02	3.967576187093994899e-02	9.872151599318088055e-02
2.002836868453287707e+03	1.771365379572238385e-01	1.117593703719651221e-01	2.976821216280820526e-01	1.877969897634697294e-01	8.711934852640697280e-02	3.971177212214966473e-02	9.879385963052626785e-02
2.007674638666942428e+03	1.768799059067720503e-01	1.115813091998420353e-01	2.978449946836738693e-01	1.879111711383051608e-01	8.716923560583555997e-02	3.974760057306475636e-02	9.886578289233022288e-02
2.012512408880597604e+03	1.766247531110310409e-01	1.114042158472719063e-01	2.980069474081428749e-01	1.880246862162959220e-01	8.721886117448196529e-02	3.978324807005923641e-02	9.893728817254071606e-02
2.017350179094252780e+03	1.763710711141341647e-01	1.112280849785011322e-01	2.981679851818664351e-01	1.881375388254133141e-01	8.726822659112409841e-02	3.981871545661310602e-02	9.900837785217139753e-02
2.022187949307908411e+03	1.761188515084695927e-01	1.110529112874491242e-01	2.983281133512224459e-01	1.882497327724108049e-01	8.731733320760678985e-02	3.985400357330533272e-02	9.907905429935956465e-02
2.027025719521564042e+03	1.758680859344019243e-01	1.108786894975433424e-01	2.984873372288413540e-01	1.883612718429286681e-01	8.736618236887698508e-02	3.988911325780714057e-02	9.914931986942426834e-02
2.031863489735218764e+03	1.756187660799955752e-01	1.107054143615553016e-01	2.986456620938562345e-01	1.884721598015982325e-01	8.741477541301843901e-02	3.992404534487574430e-02	9.921917690492414177e-02
2.036701259948874394e+03	1.753708836807398030e-01	1.105330806614374523e-01	2.988030931921502598e-01	1.885824003921459935e-01	8.746311367128645209e-02	3.995880066634833333e-02	9.928862773571532629e-02
2.041539030162529116e+03	1.751244305192753425e-01	1.103616832081608934e-01	2.989596357366021140e-01	1.886919973374973081e-01	8.751119846814221781e-02	3.999338005113647898e-02	9.935767467900930017e-02
2.046376800376184747e+03	1.748793984251228173e-01	1.101912168415540016e-01	2.991152949073284106e-01	1.888009543398798395e-01	8.755903112128717025e-02	4.002778432522088176e-02	9.942632003943056851e-02
2.051214570589840150e+03	1.746357792744124560e-01	1.100216764301419348e-01	2.992700758519247217e-01	1.889092750809267807e-01	8.760661294169694302e-02	4.006201431164638227e-02	9.949456610907442267e-02
2.056052340803495554e+03	1.743935649896159734e-01	1.098530568709870370e-01	2.994239836857037762e-01	1.890169632217795770e-01	8.765394523365531432e-02	4.009607083051738158e-02	9.956241516756451915e-02
2.060890111017150957e+03	1.741527475392794511e-01	1.096853530895300355e-01	2.995770234919317154e-01	1.891240224031906225e-01	8.770102929478786058e-02	4.012995469899353213e-02	9.962986948211033367e-02
2.065727881230805451e+03	1.739133189377581601e-01	1.095185600394322500e-01	2.997292003220620171e-01	1.892304562456252892e-01	8.774786641609538806e-02	4.016366673128576176e-02	9.969693130756472621e-02
2.070565651444461309e+03	1.736752712449529668e-01	1.093526727024184131e-01	2.998805191959670324e-01	1.893362683493639842e-01	8.779445788198736444e-02	4.019720773865258917e-02	9.976360288648121466e-02
2.075403421658116713e+03	1.734385965660481810e-01	1.091876860881206279e-01	3.000309851021680796e-01	1.894414622946037075e-01	8.784080497031496182e-02	4.023057852939674467e-02	9.982988644917126231e-02
2.080241191871772116e+03	1.732032870512510980e-01	1.090235952339230069e-01	3.001806029980625401e-01	1.895460416415593041e-01	8.788690895240397483e-02	4.026377990886211011e-02	9.989578421376149597e-02
2.085078962085427065e+03	1.729693348955328447e-01	1.088603952048071699e-01	3.003293778101496225e-01	1.896500099305644949e-01	8.793277109308766937e-02	4.029681267943093642e-02	9.996129838625077146e-02
2.089916732299082469e+03	1.727367323383712239e-01	1.086980810931986868e-01	3.004773144342534619e-01	1.897533706821724064e-01	8.797839265073935378e-02	4.032967764052131782e-02	1.000264311605671003e-01
2.094754502512737417e+03	1.725054716634945584e-01	1.085366480188142274e-01	3.006244177357444980e-01	1.898561273972559360e-01	8.802377487730472794e-02	4.036237558858498525e-02	1.000911847186246179e-01
2.099592272726392821e+03	1.722755451986274777e-01	1.083760911285095857e-01	3.007706925497588557e-01	1.899582835571077266e-01	8.806891901833420466e-02	4.039490731710534271e-02	1.001555612303803022e-01
2.104430042940048224e+03	1.720469453152380090e-01	1.082164055961286203e-01	3.009161436814156154e-01	1.900598426235397820e-01	8.811382631301493962e-02	4.042727361659579494e-02	1.002195628538906508e-01
2.109267813153704083e+03	1.718196644282862229e-01	1.080575866223529580e-01	3.010607759060320299e-01	1.901608080389828592e-01	8.815849799420273636e-02	4.045947527459831800e-02	1.002831917353682600e-01
2.114105583367359031e+03	1.715936949959743496e-01	1.078996294345524326e-01	3.012045939693369090e-01	1.902611832265853342e-01	8.820293528845374320e-02	4.049151307568228664e-02	1.003464500092382528e-01
2.118943353581013525e+03	1.713690295194984503e-01	1.077425292866365236e-01	3.013476025876822284e-01	1.903609715903119004e-01	8.824713941605605294e-02	4.052338780144357916e-02	1.004093397981945662e-01
2.123781123794669384e+03	1.711456605428013367e-01	1.075862814589064326e-01	3.014898064482524065e-01	1.904601765150419068e-01	8.829111159106109441e-02	4.055510023050389740e-02	1.004718632132561990e-01
2.128618894008324787e+03	1.709235806523274337e-01	1.074308812579080896e-01	3.016312102092720826e-01	1.905588013666671965e-01	8.833485302131481587e-02	4.058665113851035039e-02	1.005340223538232908e-01
2.133456664221980191e+03	1.707027824767785029e-01	1.072763240162859649e-01	3.017718185002118414e-01	1.906568494921898060e-01	8.837836490848878512e-02	4.061804129813523234e-02	1.005958193077330504e-01
2.138294434435635139e+03	1.704832586868712252e-01	1.071226050926375462e-01	3.019116359219923273e-01	1.907543242198193045e-01	8.842164844811108149e-02	4.064927147907612670e-02	1.006572561513155856e-01
2.143132204649290543e+03	1.702650019950960880e-01	1.069697198713688152e-01	3.020506670471860278e-01	1.908512288590694939e-01	8.846470482959699344e-02	4.068034244805612126e-02	1.007183349494496089e-01
2.147969974862945492e+03	1.700480051554776606e-01	1.068176637625503217e-01	3.021889164202180011e-01	1.909475667008551647e-01	8.850753523627966080e-02	4.071125496882432165e-02	1.007790577556180039e-01
2.152807745076601350e+03	1.698322609633363955e-01	1.066664322017741723e-01	3.023263885575639964e-01	1.910433410175883251e-01	8.855014084544045316e-02	4.074200980215655216e-02	1.008394266119632537e-01
2.157645515290255844e+03	1.696177622550517350e-01	1.065160206500117696e-01	3.024630879479475176e-01	1.911385550632739017e-01	8.859252282833923742e-02	4.077260770585631328e-02	1.008994435493426878e-01
2.162483285503912157e+03	1.694045019078266046e-01	1.063664245934723557e-01	3.025990190525347789e-01	1.912332120736054408e-01	8.863468235024446473e-02	4.080304943475585033e-02	1.009591105873836603e-01
2.167321055717567106e+03	1.691924728394534339e-01	1.062176395434622916e-01	3.027341863051279947e-01	1.913273152660601995e-01	8.867662057046314661e-02	4.083333574071756206e-02	1.010184297345385895e-01
2.172158825931222509e+03	1.689816680080813982e-01	1.060696610362450859e-01	3.028685941123570036e-01	1.914208678399938468e-01	8.871833864237065048e-02	4.086346737263547163e-02	1.010774029881397473e-01
2.176996596144877003e+03	1.687720804119852147e-01	1.059224846329022973e-01	3.030022468538692282e-01	1.915138729767350834e-01	8.875983771344027329e-02	4.089344507643700305e-02	1.011360323344540485e-01
2.181834366358532861e+03	1.685637030893350208e-01	1.057761059191951181e-01	3.031351488825181351e-01	1.916063338396796767e-01	8.880111892527281503e-02	4.092326959508489626e-02	1.011943197487375490e-01
2.186672136572187810e+03	1.683565291179679457e-01	1.056305205054267060e-01	3.032673045245494192e-01	1.916982535743840532e-01	8.884218341362587479e-02	4.095294166857930962e-02	1.012522671952899023e-01
2.191509906785843214e+03	1.681505516151607094e-01	1.054857240263053775e-01	3.033987180797864114e-01	1.917896353086588623e-01	8.888303230844304959e-02	4.098246203396012366e-02	1.013098766275086493e-01
2.196347676999498617e+03	1.679457637374038859e-01	1.053417121408084106e-01	3.035293938218133758e-01	1.918804821526619020e-01	8.892366673388296672e-02	4.101183142530941822e-02	1.013671499879432308e-01
2.201185447213154021e+03	1.677421586801772224e-01	1.051984805320467509e-01	3.036593359981571982e-01	1.919707971989907114e-01	8.896408780834814956e-02	4.104105057375410925e-02	1.014240892083490275e-01
2.206023217426809424e+03	1.675397296777262901e-01	1.050560249071303132e-01	3.037885488304678527e-01	1.920605835227749691e-01	8.900429664451381395e-02	4.107012020746882153e-02	1.014806962097411364e-01
2.210860987640464373e+03	1.673384700028406613e-01	1.049143409970341306e-01	3.039170365146969255e-01	1.921498441817682257e-01	8.904429434935642873e-02	4.109904105167880989e-02	1.015369729024480083e-01
2.215698757854119776e+03	1.671383729666333362e-01	1.047734245564651834e-01	3.040448032212747509e-01	1.922385822164396629e-01	8.908408202418216515e-02	4.112781382866318586e-02	1.015929211861648918e-01
2.220536528067775180e+03	1.669394319183211406e-01	1.046332713637300321e-01	3.041718530952862154e-01	1.923268006500651328e-01	8.912366076465524922e-02	4.115643925775817891e-02	1.016485429500071785e-01
2.225374298281430583e+03	1.667416402450069279e-01	1.044938772206031319e-01	3.042981902566447294e-01	1.924145024888180566e-01	8.916303166082609200e-02	4.118491805536066142e-02	1.017038400725635422e-01
2.230212068495085077e+03	1.665449913714626140e-01	1.043552379521957979e-01	3.044238188002649226e-01	1.925016907218598250e-01	8.920219579715929492e-02	4.121325093493174302e-02	1.017588144219489371e-01
2.235049838708740936e+03	1.663494787599137381e-01	1.042173494068260597e-01	3.045487427962339511e-01	1.925883683214298925e-01	8.924115425256159972e-02	4.124143860700059394e-02	1.018134678558573619e-01
2.239887608922396339e+03	1.661550959098252178e-01	1.040802074558890844e-01	3.046729662899808622e-01	1.926745382429354836e-01	8.927990810040956071e-02	4.126948177916833077e-02	1.018678022216145951e-01
2.244725379136052197e+03	1.659618363576883526e-01	1.039438079937284598e-01	3.047964933024454592e-01	1.927602034250409935e-01	8.931845840857721708e-02	4.129738115611212429e-02	1.019218193562305697e-01
2.249563149349706237e+03	1.657696936768091323e-01	1.038081469375080057e-01	3.049193278302444465e-01	1.928453667897568891e-01	8.935680623946348766e-02	4.132513743958940444e-02	1.019755210864517481e-01
2.254400919563362095e+03	1.655786614770975718e-01	1.036732202270844727e-01	3.050414738458376851e-01	1.929300312425283603e-01	8.939495265001957958e-02	4.135275132844220408e-02	1.020289092288132610e-01
2.259238689777017044e+03	1.653887334048585733e-01	1.035390238248808242e-01	3.051629352976915066e-01	1.930141996723235276e-01	8.943289869177611928e-02	4.138022351860165537e-02	1.020819855896908518e-01
2.264076459990672902e+03	1.651999031425838982e-01	1.034055537157602678e-01	3.052837161104420827e-01	1.930978749517213156e-01	8.947064541087025591e-02	4.140755470309261804e-02	1.021347519653526131e-01
