1.001418434226643626e+03	2.797121622403544450e-01	1.807608310975577504e-01	2.348091745355531668e-01	1.409555272450624397e-01	6.808794674558010795e-02	2.679794603112595902e-02	6.887641210459075070e-02
1.003837319333471214e+03	2.792853713881315869e-01	1.804861589314921411e-01	2.351134219822988702e-01	1.411292279587630372e-01	6.815963622399590083e-02	2.684149460616797045e-02	6.898468890897513361e-02
1.006256204440298802e+03	2.788597943322227990e-01	1.802122535827650196e-01	2.354168140849154656e-01	1.413023867007389689e-01	6.823112046882787163e-02	2.688496683237858592e-02	6.909266399797593661e-02
1.008675089547126618e+03	2.784354276031142938e-01	1.799391129074608686e-01	2.357193532384373458e-01	1.414750053850900025e-01	6.830240007460636198e-02	2.692836265133183998e-02	6.920033813978401782e-02
1.011093974653954206e+03	2.780122677413511267e-01	1.796667347676601245e-01	2.360210418311882996e-01	1.416470859175695263e-01	6.837347563409254536e-02	2.697168200637373864e-02	6.930771210158941098e-02
1.013512859760782021e+03	2.775903112975068310e-01	1.793951170314224686e-01	2.363218822448004686e-01	1.418186301956311235e-01	6.844434773828643459e-02	2.701492484260784727e-02	6.941478664956958478e-02
1.015931744867609382e+03	2.771695548321534419e-01	1.791242575727700626e-01	2.366218768542331097e-01	1.419896401084747573e-01	6.851501697643475053e-02	2.705809110688094446e-02	6.952156254887771614e-02
1.018350629974437197e+03	2.767499949158311323e-01	1.788541542716708954e-01	2.369210280277912473e-01	1.421601175370927062e-01	6.858548393603869364e-02	2.710118074776880423e-02	6.962804056363129657e-02
1.020769515081264785e+03	2.763316281290184029e-01	1.785848050140221022e-01	2.372193381271444634e-01	1.423300643543152777e-01	6.865574920286142413e-02	2.714419371556207536e-02	6.973422145690104379e-02
1.023188400188092373e+03	2.759144510621021062e-01	1.783162076916334216e-01	2.375168095073453833e-01	1.424994824248562164e-01	6.872581336093548654e-02	2.718712996225224401e-02	6.984010599069988279e-02
1.025607285294920075e+03	2.754984603153478040e-01	1.780483602022106537e-01	2.378134445168483546e-01	1.426683736053579177e-01	6.879567699257006785e-02	2.722998944151771086e-02	6.994569492597225990e-02
1.028026170401747549e+03	2.750836524988698462e-01	1.777812604493391180e-01	2.381092454975279327e-01	1.428367397444361142e-01	6.886534067835813067e-02	2.727277210870997226e-02	7.005098902258367899e-02
1.030445055508575479e+03	2.746700242326019503e-01	1.775149063424672768e-01	2.384042147846973103e-01	1.430045826827246458e-01	6.893480499718336596e-02	2.731547792083987430e-02	7.015598903931039021e-02
1.032863940615402726e+03	2.742575721462677252e-01	1.772492957968902216e-01	2.386983547071267753e-01	1.431719042529196739e-01	6.900407052622702098e-02	2.735810683656397443e-02	7.026069573382934252e-02
1.035282825722230655e+03	2.738462928793514717e-01	1.769844267337334631e-01	2.389916675870620011e-01	1.433387062798237854e-01	6.907313784097468545e-02	2.740065881617101406e-02	7.036510986270831658e-02
1.037701710829058356e+03	2.734361830810684846e-01	1.767202970799364448e-01	2.392841557402425046e-01	1.435049905803897352e-01	6.914200751522286970e-02	2.744313382156845713e-02	7.046923218139627965e-02
1.040120595935886058e+03	2.730272394103361311e-01	1.764569047682364167e-01	2.395758214759196869e-01	1.436707589637639670e-01	6.921068012108549938e-02	2.748553181626913963e-02	7.057306344421392097e-02
1.042539481042713533e+03	2.726194585357447631e-01	1.761942477371521987e-01	2.398666670968752079e-01	1.438360132313298012e-01	6.927915622900036874e-02	2.752785276537801293e-02	7.067660440434438140e-02
1.044958366149541234e+03	2.722128371355286847e-01	1.759323239309679709e-01	2.401566948994390827e-01	1.440007551767505112e-01	6.934743640773534390e-02	2.757009663557895979e-02	7.077985581382420510e-02
1.047377251256368709e+03	2.718073718975374531e-01	1.756711312997170649e-01	2.404459071735077780e-01	1.441649865860117896e-01	6.941552122439459405e-02	2.761226339512172848e-02	7.088281842353441609e-02
1.049796136363196410e+03	2.714030595192066797e-01	1.754106677991660312e-01	2.407343062025622538e-01	1.443287092374644365e-01	6.948341124442466987e-02	2.765435301380893968e-02	7.098549298319190015e-02
1.052215021470024112e+03	2.709998967075296639e-01	1.751509313907985144e-01	2.410218942636860040e-01	1.444919249018662699e-01	6.955110703162054042e-02	2.769636546298318361e-02	7.108788024134075900e-02
1.054633906576851814e+03	2.705978801790286936e-01	1.748919200417992925e-01	2.413086736275829591e-01	1.446546353424242315e-01	6.961860914813144952e-02	2.773830071551420737e-02	7.118998094534410848e-02
1.057052791683679516e+03	2.701970066597266795e-01	1.746336317250382630e-01	2.415946465585954717e-01	1.448168423148357697e-01	6.968591815446681381e-02	2.778015874578619940e-02	7.129179584137583514e-02
1.059471676790506763e+03	2.697972728851184554e-01	1.743760644190545939e-01	2.418798153147220520e-01	1.449785475673303348e-01	6.975303460950191270e-02	2.782193952968512948e-02	7.139332567441261657e-02
1.061890561897334692e+03	2.693986756001426341e-01	1.741192161080408196e-01	2.421641821476352152e-01	1.451397528407104565e-01	6.981995907048363370e-02	2.786364304458624139e-02	7.149457118822609425e-02
1.064309447004162394e+03	2.690012115591534636e-01	1.738630847818271874e-01	2.424477493026993002e-01	1.453004598683924897e-01	6.988669209303595420e-02	2.790526926934154550e-02	7.159553312537522696e-02
1.066728332110990095e+03	2.686048775258925714e-01	1.736076684358656141e-01	2.427305190189879558e-01	1.454606703764471931e-01	6.995323423116557582e-02	2.794681818426746414e-02	7.169621222719875508e-02
1.069147217217817570e+03	2.682096702734609317e-01	1.733529650712141434e-01	2.430124935293021260e-01	1.456203860836401132e-01	7.001958603726736452e-02	2.798828977113251848e-02	7.179660923380795645e-02
1.071566102324645271e+03	2.678155865842910544e-01	1.730989726945212082e-01	2.432936750601873421e-01	1.457796087014714415e-01	7.008574806212967967e-02	2.802968401314513344e-02	7.189672488407934658e-02
1.073984987431472746e+03	2.674226232501189515e-01	1.728456893180100040e-01	2.435740658319513752e-01	1.459383399342159271e-01	7.015172085493978638e-02	2.807100089494151199e-02	7.199655991564772595e-02
1.076403872538300675e+03	2.670307770719563822e-01	1.725931129594628632e-01	2.438536680586818051e-01	1.460965814789623174e-01	7.021750496328904578e-02	2.811224040257356491e-02	7.209611506489931043e-02
1.078822757645127922e+03	2.666400448600633744e-01	1.723412416422057669e-01	2.441324839482634235e-01	1.462543350256526320e-01	7.028310093317820251e-02	2.815340252349697245e-02	7.219539106696495900e-02
1.081241642751955851e+03	2.662504234339204134e-01	1.720900733950927741e-01	2.444105157023955810e-01	1.464116022571211317e-01	7.034850930902249166e-02	2.819448724655928412e-02	7.229438865571363726e-02
1.083660527858783553e+03	2.658619096222012423e-01	1.718396062524905066e-01	2.446877655166096455e-01	1.465683848491331209e-01	7.041373063365673202e-02	2.823549456198812604e-02	7.239310856374596426e-02
1.086079412965611255e+03	2.654745002627450501e-01	1.715898382542629386e-01	2.449642355802862381e-01	1.467246844704233333e-01	7.047876544834041912e-02	2.827642446137947074e-02	7.249155152238791200e-02
1.088498298072438729e+03	2.650881922025296600e-01	1.713407674457557150e-01	2.452399280766724421e-01	1.468805027827342624e-01	7.054361429276267970e-02	2.831727693768600410e-02	7.258971826168468533e-02
1.090917183179266431e+03	2.647029822976437186e-01	1.710923918777810804e-01	2.455148451828991218e-01	1.470358414408540482e-01	7.060827770504723988e-02	2.835805198520555126e-02	7.268760951039467122e-02
1.093336068286093905e+03	2.643188674132601057e-01	1.708447096066024740e-01	2.457889890699980762e-01	1.471907020926543352e-01	7.067275622175733796e-02	2.839874959956959974e-02	7.278522599598361009e-02
1.095754953392921607e+03	2.639358444236085677e-01	1.705977186939192092e-01	2.460623619029189690e-01	1.473450863791276044e-01	7.073705037790058159e-02	2.843936977773187449e-02	7.288256844461875328e-02
1.098173838499749309e+03	2.635539102119488497e-01	1.703514172068514021e-01	2.463349658405465936e-01	1.474989959344245316e-01	7.080116070693374952e-02	2.847991251795702061e-02	7.297963758116335353e-02
1.100592723606577010e+03	2.631730616705438841e-01	1.701058032179247337e-01	2.466068030357178587e-01	1.476524323858909304e-01	7.086508774076762107e-02	2.852037781980935188e-02	7.307643412917114167e-02
1.103011608713404712e+03	2.627932957006328674e-01	1.698608748050553230e-01	2.468778756352386639e-01	1.478053973541045008e-01	7.092883200977163904e-02	2.856076568414165490e-02	7.317295881088090037e-02
1.105430493820231959e+03	2.624146092124047813e-01	1.696166300515346281e-01	2.471481857799008031e-01	1.479578924529112716e-01	7.099239404277864207e-02	2.860107611308410763e-02	7.326921234721132936e-02
1.107849378927059888e+03	2.620369991249714148e-01	1.693730670460145138e-01	2.474177356044990339e-01	1.481099192894619609e-01	7.105577436708954142e-02	2.864130911003322233e-02	7.336519545775588291e-02
1.110268264033887590e+03	2.616604623663412177e-01	1.691301838824921522e-01	2.476865272378476479e-01	1.482614794642479472e-01	7.111897350847792842e-02	2.868146467964092020e-02	7.346090886077775994e-02
1.112687149140715292e+03	2.612849958733927114e-01	1.688879786602950905e-01	2.479545628027974291e-01	1.484125745711369626e-01	7.118199199119470966e-02	2.872154282780363735e-02	7.355635327320508843e-02
1.115106034247542766e+03	2.609105965918480097e-01	1.686464494840663186e-01	2.482218444162522797e-01	1.485632061974088425e-01	7.124483033797257558e-02	2.876154356165151402e-02	7.365152941062608205e-02
1.117524919354370468e+03	2.605372614762467287e-01	1.684055944637495306e-01	2.484883741891859288e-01	1.487133759237906638e-01	7.130748907003066350e-02	2.880146688953767395e-02	7.374643798728447441e-02
1.119943804461197942e+03	2.601649874899197301e-01	1.681654117145740257e-01	2.487541542266586414e-01	1.488630853244918562e-01	7.136996870707892904e-02	2.884131282102754198e-02	7.384107971607498100e-02
1.122362689568025871e+03	2.597937716049629198e-01	1.679258993570402203e-01	2.490191866278336774e-01	1.490123359672390624e-01	7.143226976732267031e-02	2.888108136688827612e-02	7.393545530853885828e-02
1.124781574674853118e+03	2.594236108022114906e-01	1.676870555169047150e-01	2.492834734859939172e-01	1.491611294133107224e-01	7.149439276746695493e-02	2.892077253907824122e-02	7.402956547485962935e-02
1.127200459781681047e+03	2.590545020712137769e-01	1.674488783251656676e-01	2.495470168885583206e-01	1.493094672175715176e-01	7.155633822272106093e-02	2.896038635073654860e-02	7.412341092385885122e-02
1.129619344888508749e+03	2.586864424102052751e-01	1.672113659180480827e-01	2.498098189170984140e-01	1.494573509285063717e-01	7.161810664680283434e-02	2.899992281617270670e-02	7.421699236299206248e-02
1.132038229995336451e+03	2.583194288260832194e-01	1.669745164369891566e-01	2.500718816473546102e-01	1.496047820882545620e-01	7.167969855194304685e-02	2.903938195085629254e-02	7.431031049834477265e-02
1.134457115102163925e+03	2.579534583343807141e-01	1.667383280286239000e-01	2.503332071492527233e-01	1.497517622326433318e-01	7.174111444888972566e-02	2.907876377140670987e-02	7.440336603462860410e-02
1.136876000208991627e+03	2.575885279592409760e-01	1.665027988447703167e-01	2.505937974869201224e-01	1.498982928912213075e-01	7.180235484691251113e-02	2.911806829558303764e-02	7.449615967517748960e-02
1.139294885315819101e+03	2.572246347333920768e-01	1.662679270424150535e-01	2.508536547187020238e-01	1.500443755872917784e-01	7.186342025380687559e-02	2.915729554227393036e-02	7.458869212194403631e-02
1.141713770422646803e+03	2.568617756981212974e-01	1.660337107836989678e-01	2.511127808971777564e-01	1.501900118379458915e-01	7.192431117589842549e-02	2.919644553148757413e-02	7.468096407549590365e-02
1.144132655529474505e+03	2.564999479032499252e-01	1.658001482359025835e-01	2.513711780691769149e-01	1.503352031540952094e-01	7.198502811804716184e-02	2.923551828434171884e-02	7.477297623501234780e-02
1.146551540636302207e+03	2.561391484071078306e-01	1.655672375714319078e-01	2.516288482757954581e-01	1.504799510405044338e-01	7.204557158365164360e-02	2.927451382305380073e-02	7.486472929828083545e-02
1.148970425743129908e+03	2.557793742765082645e-01	1.653349769678038317e-01	2.518857935524118630e-01	1.506242569958237965e-01	7.210594207465323424e-02	2.931343217093109951e-02	7.495622396169376866e-02
1.151389310849957155e+03	2.554206225867229341e-01	1.651033646076321137e-01	2.521420159287031115e-01	1.507681225126211999e-01	7.216614009154023734e-02	2.935227335236097884e-02	7.504746092024527915e-02
1.153808195956785084e+03	2.550628904214567449e-01	1.648723986786128637e-01	2.523975174286607337e-01	1.509115490774141644e-01	7.222616613335214319e-02	2.939103739280118574e-02	7.513844086752810569e-02
1.156227081063612786e+03	2.547061748728229325e-01	1.646420773735105259e-01	2.526523000706065725e-01	1.510545381707014967e-01	7.228602069768365335e-02	2.942972431877022288e-02	7.522916449573061048e-02
1.158645966170440488e+03	2.543504730413180814e-01	1.644123988901435296e-01	2.529063658672088821e-01	1.511970912669949874e-01	7.234570428068891335e-02	2.946833415783777291e-02	7.531963249563387863e-02
1.161064851277267962e+03	2.539957820357974239e-01	1.641833614313703560e-01	2.531597168254981489e-01	1.513392098348505799e-01	7.240521737708552341e-02	2.950686693861520951e-02	7.540984555660883160e-02
1.163483736384095664e+03	2.536420989734501918e-01	1.639549632050752159e-01	2.534123549468828562e-01	1.514808953368994848e-01	7.246456048015871565e-02	2.954532269074614664e-02	7.549980436661352101e-02
1.165902621490923138e+03	2.532894209797746932e-01	1.637272024241541724e-01	2.536642822271652498e-01	1.516221492298791829e-01	7.252373408176532310e-02	2.958370144489706755e-02	7.558950961219046416e-02
1.168321506597751068e+03	2.529377451885539418e-01	1.635000773065009849e-01	2.539155006565571582e-01	1.517629729646640391e-01	7.258273867233792920e-02	2.962200323274802663e-02	7.567896197846406270e-02
1.170740391704578315e+03	2.525870687418311777e-01	1.632735860749932044e-01	2.541660122196955363e-01	1.519033679862958897e-01	7.264157474088883681e-02	2.966022808698337912e-02	7.576816214913811853e-02
1.173159276811406244e+03	2.522373887898853861e-01	1.630477269574782118e-01	2.544158188956581190e-01	1.520433357340142400e-01	7.270024277501413446e-02	2.969837604128262171e-02	7.585711080649344684e-02
1.175578161918233945e+03	2.518887024912069283e-01	1.628224981867593679e-01	2.546649226579790759e-01	1.521828776412863515e-01	7.275874326089767918e-02	2.973644713031124709e-02	7.594580863138547522e-02
1.177997047025061647e+03	2.515410070124733388e-01	1.625978980005819696e-01	2.549133254746646648e-01	1.523219951358372737e-01	7.281707668331507954e-02	2.977444138971169912e-02	7.603425630324207873e-02
1.180415932131889122e+03	2.511942995285251223e-01	1.623739246416196769e-01	2.551610293082084424e-01	1.524606896396794031e-01	7.287524352563772012e-02	2.981235885609436267e-02	7.612245450006138725e-02
1.182834817238716823e+03	2.508485772223416066e-01	1.621505763574605519e-01	2.554080361156069179e-01	1.525989625691421270e-01	7.293324426983663344e-02	2.985019956702863325e-02	7.621040389840964824e-02
1.185253702345544298e+03	2.505038372850169615e-01	1.619278514005933478e-01	2.556543478483750409e-01	1.527368153349009106e-01	7.299107939648655230e-02	2.988796356103402829e-02	7.629810517341931164e-02
1.187672587452371999e+03	2.501600769157361071e-01	1.617057480283938253e-01	2.558999664525613560e-01	1.528742493420066628e-01	7.304874938476976776e-02	2.992565087757138864e-02	7.638555899878697597e-02
1.190091472559199701e+03	2.498172933217511771e-01	1.614842645031110691e-01	2.561448938687636012e-01	1.530112659899145189e-01	7.310625471248009821e-02	2.996326155703410432e-02	7.647276604677163969e-02
1.192510357666027403e+03	2.494754837183572049e-01	1.612633990918538041e-01	2.563891320321436407e-01	1.531478666725125948e-01	7.316359585602676130e-02	3.000079564073942703e-02	7.655972698819281386e-02
1.194929242772855105e+03	2.491346453288688090e-01	1.610431500665769344e-01	2.566326828724429521e-01	1.532840527781506035e-01	7.322077329043827354e-02	3.003825317091981736e-02	7.664644249242885676e-02
1.197348127879682352e+03	2.487947753845962950e-01	1.608235157040678598e-01	2.568755483139980034e-01	1.534198256896680823e-01	7.327778748936636388e-02	3.007563419071438218e-02	7.673291322741532250e-02
1.199767012986510281e+03	2.484558711248222029e-01	1.606044942859329028e-01	2.571177302757549077e-01	1.535551867844227314e-01	7.333463892508981785e-02	3.011293874416034674e-02	7.681913985964337888e-02
1.202185898093337983e+03	2.481179297967776864e-01	1.603860840985841252e-01	2.573592306712850220e-01	1.536901374343182802e-01	7.339132806851832169e-02	3.015016687618458924e-02	7.690512305415833638e-02
1.204604783200165684e+03	2.477809486556191709e-01	1.601682834332255334e-01	2.576000514087997129e-01	1.538246790058322711e-01	7.344785538919633427e-02	3.018731863259523085e-02	7.699086347455814938e-02
1.207023668306993159e+03	2.474449249644048998e-01	1.599510905858398113e-01	2.578401943911656224e-01	1.539588128600438421e-01	7.350422135530691736e-02	3.022439406007330909e-02	7.707636178299206997e-02
1.209442553413820860e+03	2.471098559940717310e-01	1.597345038571750808e-01	2.580796615159192675e-01	1.540925403526610393e-01	7.356042643367553813e-02	3.026139320616445458e-02	7.716161864015938510e-02
1.211861438520648335e+03	2.467757390234118220e-01	1.595185215527313294e-01	2.583184546752826383e-01	1.542258628340480442e-01	7.361647108977389942e-02	3.029831611927067889e-02	7.724663470530813980e-02
1.214280323627476264e+03	2.464425713390495931e-01	1.593031419827473094e-01	2.585565757561774092e-01	1.543587816492524578e-01	7.367235578772372839e-02	3.033516284864219703e-02	7.733141063623394373e-02
1.216699208734303511e+03	2.461103502354185235e-01	1.590883634621872156e-01	2.587940266402401490e-01	1.544912981380320016e-01	7.372808099030057905e-02	3.037193344436928816e-02	7.741594708927897195e-02
1.219118093841131440e+03	2.457790730147382252e-01	1.588741843107273899e-01	2.590308092038371979e-01	1.546234136348813570e-01	7.378364715893759307e-02	3.040862795737424989e-02	7.750024471933077141e-02
1.221536978947959142e+03	2.454487369869915447e-01	1.586606028527432766e-01	2.592669253180793221e-01	1.547551294690586721e-01	7.383905475372924687e-02	3.044524643940337005e-02	7.758430417982138672e-02
1.223955864054786844e+03	2.451193394699016093e-01	1.584476174172961827e-01	2.595023768488363691e-01	1.548864469646120678e-01	7.389430423343518184e-02	3.048178894301898159e-02	7.766812612272640248e-02
1.226374749161614318e+03	2.447908777889091503e-01	1.582352263381202606e-01	2.597371656567522558e-01	1.550173674404057289e-01	7.394939605548385420e-02	3.051825552159155228e-02	7.775171119856408297e-02
1.228793634268442020e+03	2.444633492771496330e-01	1.580234279536092967e-01	2.599712935972592343e-01	1.551478922101459934e-01	7.400433067597635139e-02	3.055464622929184373e-02	7.783506005639456715e-02
1.231212519375269494e+03	2.441367512754307745e-01	1.578122206068038047e-01	2.602047625205928250e-01	1.552780225824072491e-01	7.405910854969005586e-02	3.059096112108311560e-02	7.791817334381913318e-02
1.233631404482097196e+03	2.438110811322098115e-01	1.576016026453779251e-01	2.604375742718062492e-01	1.554077598606576349e-01	7.411373013008240584e-02	3.062720025271338173e-02	7.800105170697953227e-02
1.236050289588924898e+03	2.434863362035711576e-01	1.573915724216265466e-01	2.606697306907850287e-01	1.555371053432846040e-01	7.416819586929454533e-02	3.066336368070772880e-02	7.808369579055733645e-02
1.238469174695752372e+03	2.431625138532038932e-01	1.571821282924523722e-01	2.609012336122613629e-01	1.556660603236202645e-01	7.422250621815508487e-02	3.069945146236068706e-02	7.816610623777335565e-02
1.240888059802580301e+03	2.428396114523792559e-01	1.569732686193529569e-01	2.611320848658286731e-01	1.557946260899666091e-01	7.427666162618375145e-02	3.073546365572862871e-02	7.824828369038717979e-02
1.243306944909407548e+03	2.425176263799286025e-01	1.567649917684079408e-01	2.613622862759559795e-01	1.559228039256206344e-01	7.433066254159505226e-02	3.077140031962227046e-02	7.833022878869665140e-02
1.245725830016235477e+03	2.421965560222209823e-01	1.565572961102661420e-01	2.615918396620022235e-01	1.560505951088991539e-01	7.438450941130196614e-02	3.080726151359915524e-02	7.841194217153750479e-02
1.248144715123063179e+03	2.418763977731410442e-01	1.563501800201329006e-01	2.618207468382307002e-01	1.561780009131635838e-01	7.443820268091957959e-02	3.084304729795627267e-02	7.849342447628301911e-02
1.250563600229890881e+03	2.415571490340670258e-01	1.561436418777571722e-01	2.620490096138233249e-01	1.563050226068444792e-01	7.449174279476875049e-02	3.087875773372264834e-02	7.857467633884368530e-02
1.252982485336718355e+03	2.412388072138486050e-01	1.559376800674189822e-01	2.622766297928947887e-01	1.564316614534659866e-01	7.454513019587970246e-02	3.091439288265204061e-02	7.865569839366697014e-02
1.255401370443546057e+03	2.409213697287849731e-01	1.557322929779166032e-01	2.625036091745069355e-01	1.565579187116701021e-01	7.459836532599574410e-02	3.094995280721566169e-02	7.873649127373712198e-02
1.257820255550373531e+03	2.406048340026029908e-01	1.555274790025540366e-01	2.627299495526825845e-01	1.566837956352407080e-01	7.465144862557680783e-02	3.098543757059495432e-02	7.881705561057503195e-02
1.260239140657201460e+03	2.402891974664353447e-01	1.553232365391283010e-01	2.629556527164201851e-01	1.568092934731276922e-01	7.470438053380307197e-02	3.102084723667442381e-02	7.889739203423813685e-02
1.262658025764028707e+03	2.399744575587988427e-01	1.551195639899169698e-01	2.631807204497074171e-01	1.569344134694705406e-01	7.475716148857858290e-02	3.105618187003451186e-02	7.897750117332037745e-02
1.265076910870856636e+03	2.396606117255726254e-01	1.549164597616655148e-01	2.634051545315354015e-01	1.570591568636221791e-01	7.480979192653482157e-02	3.109144153594451884e-02	7.905738365495215692e-02
1.267495795977684338e+03	2.393476574199766282e-01	1.547139222655749824e-01	2.636289567359129671e-01	1.571835248901723159e-01	7.486227228303431180e-02	3.112662630035560249e-02	7.913704010480042406e-02
1.269914681084511813e+03	2.390355921025500707e-01	1.545119499172893651e-01	2.638521288318801394e-01	1.573075187789708951e-01	7.491460299217417296e-02	3.116173622989377306e-02	7.921647114706881210e-02
1.272333566191339514e+03	2.387244132411298347e-01	1.543105411368832225e-01	2.640746725835225739e-01	1.574311397551512448e-01	7.496678448678971429e-02	3.119677139185298570e-02	7.929567740449769420e-02
1.274752451298167216e+03	2.384141183108292317e-01	1.541096943488492743e-01	2.642965897499849892e-01	1.575543890391531421e-01	7.501881719845795993e-02	3.123173185418826048e-02	7.937465949836440549e-02
1.277171336404994690e+03	2.381047047940164640e-01	1.539094079820861327e-01	2.645178820854853785e-01	1.576772678467457389e-01	7.507070155750118767e-02	3.126661768550884068e-02	7.945341804848352063e-02
1.279590221511822392e+03	2.377961701802934480e-01	1.537096804698858676e-01	2.647385513393286649e-01	1.577997773890503219e-01	7.512243799299050950e-02	3.130142895507143780e-02	7.953195367320704812e-02
1.282009106618650094e+03	2.374885119664746080e-01	1.535105102499218221e-01	2.649585992559203018e-01	1.579219188725628775e-01	7.517402693274939651e-02	3.133616573277345219e-02	7.961026698942483271e-02
1.284427991725477568e+03	2.371817276565656718e-01	1.533118957642362057e-01	2.651780275747804838e-01	1.580436934991766573e-01	7.522546880335713448e-02	3.137082808914633258e-02	7.968835861256488851e-02
1.286846876832305497e+03	2.368758147617426313e-01	1.531138354592279927e-01	2.653968380305573027e-01	1.581651024662044380e-01	7.527676403015241824e-02	3.140541609534890088e-02	7.976622915659374591e-02
1.289265761939132744e+03	2.365707708003305931e-01	1.529163277856407099e-01	2.656150323530409030e-01	1.582861469664007537e-01	7.532791303723682108e-02	3.143992982316076712e-02	7.984387923401699283e-02
1.291684647045960673e+03	2.362665932977829897e-01	1.527193711985502522e-01	2.658326122671765823e-01	1.584068281879839335e-01	7.537891624747827812e-02	3.147436934497580691e-02	7.992130945587969104e-02
1.294103532152788375e+03	2.359632797866606235e-01	1.525229641573528361e-01	2.660495794930788360e-01	1.585271473146580290e-01	7.542977408251461124e-02	3.150873473379560419e-02	7.999852043176700067e-02
1.296522417259616077e+03	2.356608278066107676e-01	1.523271051257528430e-01	2.662659357460446796e-01	1.586471055256346019e-01	7.548048696275695690e-02	3.154302606322303970e-02	8.007551276980463817e-02
1.298941302366443551e+03	2.353592349043465426e-01	1.521317925717507735e-01	2.664816827365671936e-01	1.587667039956543458e-01	7.553105530739326334e-02	3.157724340745586555e-02	8.015228707665957020e-02
1.301360187473271253e+03	2.350584986336259896e-01	1.519370249676312845e-01	2.666968221703490127e-01	1.588859438950085967e-01	7.558147953439178779e-02	3.161138684128032839e-02	8.022884395754061038e-02
1.303779072580098727e+03	2.347586165552316972e-01	1.517428007899510600e-01	2.669113557483155930e-01	1.590048263895607328e-01	7.563176006050449651e-02	3.164545644006486885e-02	8.030518401619914093e-02
1.306197957686926657e+03	2.344595862369500405e-01	1.515491185195271540e-01	2.671252851666288675e-01	1.591233526407673515e-01	7.568189730127050652e-02	3.167945227975382805e-02	8.038130785492982044e-02
1.308616842793753904e+03	2.341614052535506973e-01	1.513559766414247498e-01	2.673386121167005136e-01	1.592415238056995030e-01	7.573189167101956887e-02	3.171337443686120944e-02	8.045721607457133329e-02
1.311035727900581833e+03	2.338640711867662758e-01	1.511633736449455034e-01	2.675513382852051647e-01	1.593593410370635066e-01	7.578174358287544099e-02	3.174722298846451712e-02	8.053290927450726389e-02
1.313454613007409534e+03	2.335675816252719139e-01	1.509713080236154692e-01	2.677634653540936771e-01	1.594768054832218784e-01	7.583145344875941163e-02	3.178099801219857329e-02	8.060838805266681839e-02
1.315873498114237009e+03	2.332719341646647682e-01	1.507797782751735260e-01	2.679749950006066195e-01	1.595939182882140650e-01	7.588102167939356213e-02	3.181469958624944666e-02	8.068365300552578223e-02
1.318292383221064711e+03	2.329771264074440851e-01	1.505887829015594703e-01	2.681859288972871513e-01	1.597106805917770378e-01	7.593044868430429140e-02	3.184832778934838099e-02	8.075870472810740830e-02
1.320711268327892412e+03	2.326831559629907176e-01	1.503983204089023029e-01	2.683962687119944568e-01	1.598270935293656381e-01	7.597973487182564656e-02	3.188188270076577902e-02	8.083354381398330513e-02
1.323130153434719887e+03	2.323900204475471409e-01	1.502083893075084331e-01	2.686060161079167341e-01	1.599431582321730883e-01	7.602888064910276467e-02	3.191536440030522809e-02	8.090817085527451935e-02
1.325549038541547588e+03	2.320977174841972746e-01	1.500189881118500212e-01	2.688151727435842964e-01	1.600588758271510870e-01	7.607788642209518948e-02	3.194877296829757435e-02	8.098258644265243777e-02
1.327967923648375290e+03	2.318062447028465534e-01	1.498301153405534603e-01	2.690237402728827831e-01	1.601742474370298763e-01	7.612675259558028540e-02	3.198210848559503161e-02	8.105679116533988371e-02
1.330386808755202765e+03	2.315155997402019716e-01	1.496417695163875516e-01	2.692317203450658725e-01	1.602892741803383092e-01	7.617547957315656815e-02	3.201537103356534575e-02	8.113078561111219944e-02
1.332805693862030694e+03	2.312257802397521544e-01	1.494539491662520425e-01	2.694391146047686592e-01	1.604039571714235557e-01	7.622406775724711869e-02	3.204856069408596603e-02	8.120457036629835645e-02
1.335224578968857941e+03	2.309367838517474569e-01	1.492666528211660515e-01	2.696459246920202557e-01	1.605182975204709483e-01	7.627251754910285841e-02	3.208167754953827888e-02	8.127814601578202403e-02
1.337643464075685870e+03	2.306486082331803689e-01	1.490798790162566057e-01	2.698521522422567820e-01	1.606322963335234666e-01	7.632082934880594915e-02	3.211472168280193190e-02	8.135151314300281822e-02
1.340062349182513572e+03	2.303612510477656694e-01	1.488936262907468999e-01	2.700577988863344658e-01	1.607459547125013322e-01	7.636900355527306838e-02	3.214769317724909536e-02	8.142467232995748150e-02
1.342481234289341273e+03	2.300747099659208039e-01	1.487078931879451393e-01	2.702628662505421886e-01	1.608592737552211882e-01	7.641704056625878150e-02	3.218059211673884867e-02	8.149762415720111786e-02
1.344900119396168748e+03	2.297889826647462885e-01	1.485226782552330205e-01	2.704673559566144747e-01	1.609722545554155559e-01	7.646494077835880310e-02	3.221341858561158067e-02	8.157036920384842793e-02
1.347319004502996449e+03	2.295040668280062535e-01	1.483379800440542406e-01	2.706712696217441483e-01	1.610848982027517640e-01	7.651270458701336930e-02	3.224617266868341076e-02	8.164290804757504127e-02
1.349737889609823924e+03	2.292199601461089031e-01	1.481537971099032014e-01	2.708746088585951006e-01	1.611972057828510996e-01	7.656033238651047124e-02	3.227885445124070024e-02	8.171524126461877924e-02
1.352156774716651853e+03	2.289366603160870040e-01	1.479701280123137397e-01	2.710773752753151689e-01	1.613091783773075716e-01	7.660782456998919965e-02	3.231146401903452897e-02	8.178736942978105662e-02
1.354575659823479100e+03	2.286541650415788163e-01	1.477869713148476927e-01	2.712795704755484039e-01	1.614208170637067841e-01	7.665518152944299224e-02	3.234400145827528994e-02	8.185929311642822781e-02
1.356994544930307029e+03	2.283724720328086100e-01	1.476043255850837677e-01	2.714811960584480599e-01	1.615321229156445604e-01	7.670240365572292274e-02	3.237646685562724919e-02	8.193101289649304397e-02
1.359413430037134731e+03	2.280915790065673188e-01	1.474221893946061901e-01	2.716822536186890846e-01	1.616430970027455116e-01	7.674949133854097605e-02	3.240886029820323061e-02	8.200252934047598530e-02
1.361832315143962205e+03	2.278114836861936110e-01	1.472405613189936013e-01	2.718827447464803870e-01	1.617537403906814109e-01	7.679644496647326790e-02	3.244118187355923832e-02	8.207384301744681532e-02
1.364251200250789907e+03	2.275321838015545994e-01	1.470594399378078176e-01	2.720826710275778271e-01	1.618640541411895672e-01	7.684326492696332001e-02	3.247343166968919698e-02	8.214495449504601032e-02
1.366670085357617609e+03	2.272536770890269398e-01	1.468788238345827002e-01	2.722820340432964281e-01	1.619740393120910338e-01	7.688995160632532133e-02	3.250560977501970594e-02	8.221586433948628592e-02
1.369088970464445310e+03	2.269759612914776237e-01	1.466987115968130528e-01	2.724808353705228114e-01	1.620836969573087316e-01	7.693650538974733388e-02	3.253771627840482128e-02	8.228657311555412357e-02
1.371507855571272785e+03	2.266990341582452162e-01	1.465191018159435754e-01	2.726790765817276307e-01	1.621930281268853802e-01	7.698292666129452622e-02	3.256975126912085849e-02	8.235708138661135269e-02
1.373926740678100487e+03	2.264228934451208708e-01	1.463399930873577059e-01	2.728767592449780621e-01	1.623020338670014551e-01	7.702921580391243472e-02	3.260171483686130633e-02	8.242738971459673269e-02
1.376345625784927961e+03	2.261475369143295389e-01	1.461613840103667405e-01	2.730738849239500166e-01	1.624107152199929516e-01	7.707537319943008614e-02	3.263360707173167813e-02	8.249749866002753507e-02
1.378764510891755890e+03	2.258729623345112347e-01	1.459832731881988144e-01	2.732704551779405189e-01	1.625190732243690650e-01	7.712139922856328655e-02	3.266542806424448109e-02	8.256740878200120870e-02
1.381183395998583137e+03	2.255991674807021896e-01	1.458056592279878272e-01	2.734664715618799757e-01	1.626271089148297044e-01	7.716729427091774396e-02	3.269717790531417173e-02	8.263712063819700360e-02
1.383602281105411066e+03	2.253261501343163664e-01	1.456285407407626742e-01	2.736619356263443881e-01	1.627348233222829788e-01	7.721305870499232948e-02	3.272885668625217376e-02	8.270663478487771947e-02
1.386021166212238768e+03	2.250539080831267524e-01	1.454519163414362271e-01	2.738568489175675080e-01	1.628422174738626549e-01	7.725869290818218604e-02	3.276046449876194450e-02	8.277595177689132944e-02
1.388440051319066470e+03	2.247824391212468742e-01	1.452757846487945648e-01	2.740512129774532180e-01	1.629492923929452275e-01	7.730419725678197573e-02	3.279200143493401359e-02	8.284507216767274251e-02
1.390858936425893944e+03	2.245117410491122012e-01	1.451001442854861767e-01	2.742450293435873543e-01	1.630560490991672384e-01	7.734957212598894682e-02	3.282346758724114660e-02	8.291399650924556608e-02
1.393277821532721646e+03	2.242418116734618827e-01	1.449249938780109159e-01	2.744382995492500865e-01	1.631624886084422632e-01	7.739481788990615341e-02	3.285486304853349471e-02	8.298272535222385449e-02
1.395696706639549120e+03	2.239726488073202071e-01	1.447503320567095075e-01	2.746310251234277966e-01	1.632686119329778418e-01	7.743993492154560565e-02	3.288618791203373748e-02	8.305125924581391317e-02
1.398115591746377049e+03	2.237042502699784774e-01	1.445761574557526408e-01	2.748232075908252914e-01	1.633744200812923542e-01	7.748492359283139230e-02	3.291744227133235751e-02	8.311959873781608887e-02
1.400534476853204296e+03	2.234366138869764984e-01	1.444024687131303664e-01	2.750148484718776265e-01	1.634799140582317845e-01	7.752978427460281707e-02	3.294862622038289418e-02	8.318774437462662930e-02
1.402953361960032225e+03	2.231697374900846187e-01	1.442292644706412996e-01	2.752059492827622078e-01	1.635850948649863468e-01	7.757451733661750726e-02	3.297973985349721832e-02	8.325569670123952881e-02
1.405372247066859927e+03	2.229036189172853011e-01	1.440565433738820178e-01	2.753965115354105597e-01	1.636899634991069719e-01	7.761912314755455011e-02	3.301078326534088309e-02	8.332345626124841587e-02
1.407791132173687402e+03	2.226382560127553589e-01	1.438843040722364575e-01	2.755865367375204267e-01	1.637945209545219882e-01	7.766360207501760149e-02	3.304175655092846109e-02	8.339102359684841259e-02
1.410210017280515103e+03	2.223736466268476097e-01	1.437125452188653119e-01	2.757760263925675415e-01	1.638987682215532482e-01	7.770795448553798057e-02	3.307265980561897856e-02	8.345839924883807770e-02
1.412628902387342805e+03	2.221097886160731116e-01	1.435412654706954283e-01	2.759649819998174491e-01	1.640027062869324759e-01	7.775218074457773687e-02	3.310349312511130793e-02	8.352558375662130774e-02
1.415047787494170507e+03	2.218466798430830667e-01	1.433704634884093720e-01	2.761534050543373309e-01	1.641063361338174209e-01	7.779628121653275885e-02	3.313425660543965062e-02	8.359257765820930774e-02
1.417466672600997981e+03	2.215843181766510017e-01	1.432001379364347682e-01	2.763412970470077168e-01	1.642096587418079567e-01	7.784025626473586867e-02	3.316495034296904065e-02	8.365938149022258963e-02
1.419885557707825683e+03	2.213227014916550051e-01	1.430302874829339210e-01	2.765286594645342544e-01	1.643126750869620956e-01	7.788410625145988919e-02	3.319557443439088290e-02	8.372599578789288732e-02
1.422304442814653157e+03	2.210618276690598516e-01	1.428609107997933780e-01	2.767154937894595323e-01	1.644153861418117535e-01	7.792783153792065542e-02	3.322612897671849835e-02	8.379242108506522457e-02
1.424723327921481086e+03	2.208016945958993782e-01	1.426920065626135214e-01	2.769018015001745714e-01	1.645177928753786822e-01	7.797143248428009543e-02	3.325661406728271791e-02	8.385865791419992721e-02
1.427142213028308333e+03	2.205423001652587200e-01	1.425235734506981045e-01	2.770875840709305926e-01	1.646198962531900400e-01	7.801490944964933894e-02	3.328702980372754555e-02	8.392470680637463543e-02
1.429561098135136262e+03	2.202836422762567414e-01	1.423556101470439539e-01	2.772728429718503973e-01	1.647216972372941568e-01	7.805826279209163165e-02	3.331737628400578688e-02	8.399056829128637158e-02
1.431979983241963964e+03	2.200257188340285774e-01	1.421881153383305896e-01	2.774575796689401908e-01	1.648231967862758551e-01	7.810149286862547169e-02	3.334765360637476084e-02	8.405624289725362186e-02
1.434398868348791666e+03	2.197685277497079537e-01	1.420210877149100104e-01	2.776417956241010176e-01	1.649243958552721045e-01	7.814460003522757936e-02	3.337786186939201843e-02	8.412173115121840405e-02
1.436817753455619140e+03	2.195120669404098668e-01	1.418545259707963690e-01	2.778254922951402528e-01	1.650252953959871760e-01	7.818758464683595033e-02	3.340800117191110308e-02	8.418703357874841864e-02
1.439236638562446842e+03	2.192563343292131262e-01	1.416884288036556749e-01	2.780086711357831475e-01	1.651258963567080462e-01	7.823044705735278381e-02	3.343807161307735948e-02	8.425215070403911655e-02
1.441655523669274316e+03	2.190013278451430068e-01	1.415227949147956632e-01	2.781913335956840427e-01	1.652261996823193579e-01	7.827318761964759120e-02	3.346807329232372175e-02	8.431708304991585023e-02
1.444074408776102018e+03	2.187470454231539851e-01	1.413576230091556085e-01	2.783734811204382487e-01	1.653262063143187410e-01	7.831580668556009650e-02	3.349800630936657780e-02	8.438183113783603861e-02
1.446493293882929493e+03	2.184934850041124754e-01	1.411929117952960555e-01	2.785551151515928692e-01	1.654259171908316062e-01	7.835830460590330337e-02	3.352787076420167545e-02	8.444639548789134587e-02
1.448912178989757422e+03	2.182406445347796209e-01	1.410286599853888823e-01	2.787362371266584593e-01	1.655253332466261884e-01	7.840068173046636779e-02	3.355766675710001451e-02	8.451077661880980474e-02
1.451331064096585123e+03	2.179885219677942798e-01	1.408648662952070307e-01	2.789168484791203495e-01	1.656244554131282298e-01	7.844293840801763729e-02	3.358739438860378068e-02	8.457497504795805088e-02
1.453749949203412370e+03	2.177371152616557337e-01	1.407015294441144870e-01	2.790969506384498033e-01	1.657232846184358566e-01	7.848507498630763468e-02	3.361705375952234870e-02	8.463899129134354327e-02
1.456168834310240300e+03	2.174864223807067842e-01	1.405386481550561784e-01	2.792765450301153418e-01	1.658218217873341505e-01	7.852709181207191691e-02	3.364664497092827167e-02	8.470282586361679855e-02
1.458587719417068001e+03	2.172364412951167667e-01	1.403762211545481475e-01	2.794556330755939011e-01	1.659200678413096930e-01	7.856898923103410037e-02	3.367616812415333283e-02	8.476647927807352823e-02
1.461006604523895703e+03	2.169871699808645915e-01	1.402142471726673389e-01	2.796342161923820457e-01	1.660180236985650537e-01	7.861076758790880303e-02	3.370562332078458345e-02	8.482995204665702560e-02
1.463425489630723177e+03	2.167386064197218687e-01	1.400527249430418286e-01	2.798122957940072930e-01	1.661156902740333063e-01	7.865242722640451711e-02	3.373501066266046400e-02	8.489324467996030299e-02
1.465844374737550879e+03	2.164907485992360048e-01	1.398916532028407211e-01	2.799898732900388265e-01	1.662130684793921565e-01	7.869396848922653731e-02	3.376433025186690445e-02	8.495635768722846481e-02
1.468263259844378354e+03	2.162435945127136327e-01	1.397310306927643242e-01	2.801669500860989870e-01	1.663101592230783188e-01	7.873539171807994452e-02	3.379358219073350794e-02	8.501929157636092804e-02
1.470682144951206283e+03	2.159971421592035978e-01	1.395708561570342954e-01	2.803435275838742080e-01	1.664069634103016726e-01	7.877669725367243692e-02	3.382276658182970658e-02	8.508204685391378141e-02
1.473101030058033530e+03	2.157513895434804985e-01	1.394111283433837889e-01	2.805196071811259517e-01	1.665034819430592505e-01	7.881788543571728589e-02	3.385188352796098671e-02	8.514462402510201977e-02
1.475519915164861459e+03	2.155063346760279497e-01	1.392518460030475469e-01	2.806951902717018110e-01	1.665997157201492829e-01	7.885895660293616716e-02	3.388093313216510721e-02	8.520702359380193103e-02
1.477938800271689161e+03	2.152619755730220685e-01	1.390930078907522405e-01	2.808702782455464453e-01	1.666956656371851031e-01	7.889991109306208894e-02	3.390991549770842883e-02	8.526924606255342765e-02
1.480357685378516862e+03	2.150183102563149040e-01	1.389346127647065610e-01	2.810448724887125160e-01	1.667913325866089980e-01	7.894074924284229244e-02	3.393883072808213247e-02	8.533129193256233647e-02
1.482776570485344337e+03	2.147753367534179503e-01	1.387766593865916442e-01	2.812189743833716227e-01	1.668867174577060575e-01	7.898147138804104128e-02	3.396767892699861097e-02	8.539316170370281345e-02
