1.001418434226643626e+03	2.797076029631099248e-01	1.807659863917375764e-01	2.348079630193256051e-01	1.409529410348226985e-01	6.809115155179504275e-02	2.679474696384882143e-02	6.887960807518510309e-02
1.002869765290740247e+03	2.794513781752160364e-01	1.806010961531498149e-01	2.349906157312263710e-01	1.410572214364117227e-01	6.813419600945168353e-02	2.682087142085376116e-02	6.894462107351537195e-02
1.004321096354836754e+03	2.791955908805718312e-01	1.804364822507958932e-01	2.351729601878572440e-01	1.411613064966414366e-01	6.817716644473383047e-02	2.684696843340584130e-02	6.900952530581867805e-02
1.005772427418933376e+03	2.789402403283787746e-01	1.802721442208870262e-01	2.353549969073651105e-01	1.412651966299117712e-01	6.822006298649983813e-02	2.687303798876680694e-02	6.907432093801547934e-02
1.007223758483029997e+03	2.786853257691453423e-01	1.801080816004129170e-01	2.355367264070253319e-01	1.413688922495353051e-01	6.826288576337752323e-02	2.689908007442804588e-02	6.913900813590037608e-02
1.008675089547126618e+03	2.784308464546846329e-01	1.799442939271407305e-01	2.357181492032432435e-01	1.414723937677409282e-01	6.830563490376469205e-02	2.692509467810946452e-02	6.920358706514118108e-02
1.010126420611223239e+03	2.781768016381120368e-01	1.797807807396136492e-01	2.358992658115556251e-01	1.415757015956774501e-01	6.834831053582987592e-02	2.695108178775837762e-02	6.926805789127796209e-02
1.011577751675319632e+03	2.779231905738427377e-01	1.796175415771495421e-01	2.360800767466320615e-01	1.416788161434173188e-01	6.839091278751288638e-02	2.697704139154840502e-02	6.933242077972209816e-02
1.013029082739416367e+03	2.776700125175894929e-01	1.794545759798397422e-01	2.362605825222766354e-01	1.417817378199601464e-01	6.843344178652543963e-02	2.700297347787836144e-02	6.939667589575534978e-02
1.014480413803512761e+03	2.774172667263601899e-01	1.792918834885476875e-01	2.364407836514291206e-01	1.418844670332362889e-01	6.847589766035179493e-02	2.702887803537114622e-02	6.946082340452892911e-02
1.015931744867609382e+03	2.771649524584556823e-01	1.791294636449076716e-01	2.366206806461665924e-01	1.419870041901105662e-01	6.851828053624929582e-02	2.705475505287265048e-02	6.952486347106262565e-02
1.017383075931706003e+03	2.769130689734674577e-01	1.789673159913235390e-01	2.368002740177048426e-01	1.420893496963857305e-01	6.856059054124896690e-02	2.708060451945067809e-02	6.958879626024387643e-02
1.018834406995802851e+03	2.766616155322749182e-01	1.788054400709674086e-01	2.369795642763998511e-01	1.421915039568060757e-01	6.860282780215613829e-02	2.710642642439383895e-02	6.965262193682690561e-02
1.020285738059899245e+03	2.764105913970434925e-01	1.786438354277783136e-01	2.371585519317491730e-01	1.422934673750609336e-01	6.864499244555095914e-02	2.713222075721048732e-02	6.971634066543180852e-02
1.021737069123995752e+03	2.761599958312220826e-01	1.784825016064609249e-01	2.373372374923934935e-01	1.423952403537883105e-01	6.868708459778899433e-02	2.715798750762762892e-02	6.977995261054374676e-02
1.023188400188092373e+03	2.759098280995408992e-01	1.783214381524843573e-01	2.375156214661179599e-01	1.424968232945783286e-01	6.872910438500179353e-02	2.718372666558985240e-02	6.984345793651204615e-02
1.024639731252188767e+03	2.756600874680089630e-01	1.781606446120808096e-01	2.376937043598536525e-01	1.425982165979767791e-01	6.877105193309743236e-02	2.720943822125826070e-02	6.990685680754939180e-02
1.026091062316285615e+03	2.754107732039119960e-01	1.780001205322442881e-01	2.378714866796790839e-01	1.426994206634885354e-01	6.881292736776106755e-02	2.723512216500940594e-02	6.997014938773092607e-02
1.027542393380382237e+03	2.751618845758099785e-01	1.778398654607293849e-01	2.380489689308215306e-01	1.428004358895812176e-01	6.885473081445543653e-02	2.726077848743422780e-02	7.003333584099351306e-02
1.028993724444478858e+03	2.749134208535349844e-01	1.776798789460498629e-01	2.382261516176585880e-01	1.429012626736885228e-01	6.889646239842145414e-02	2.728640717933700569e-02	7.009641633113490589e-02
1.030445055508575479e+03	2.746653813081886275e-01	1.775201605374775449e-01	2.384030352437195299e-01	1.430019014122137777e-01	6.893812224467872618e-02	2.731200823173429715e-02	7.015939102181285858e-02
1.031896386572671872e+03	2.744177652121401190e-01	1.773607097850409819e-01	2.385796203116867242e-01	1.431023525005332142e-01	6.897971047802604894e-02	2.733758163585389700e-02	7.022226007654447377e-02
1.033347717636768493e+03	2.741705718390237134e-01	1.772015262395240931e-01	2.387559073233971041e-01	1.432026163329996327e-01	6.902122722304195046e-02	2.736312738313379303e-02	7.028502365870530066e-02
1.034799048700865114e+03	2.739238004637365997e-01	1.770426094524649996e-01	2.389318967798435001e-01	1.433026933029456218e-01	6.906267260408516240e-02	2.738864546522113211e-02	7.034768193152859950e-02
1.036250379764961508e+03	2.736774503624364585e-01	1.768839589761547759e-01	2.391075891811762222e-01	1.434025838026871391e-01	6.910404674529520286e-02	2.741413587397117935e-02	7.041023505810460603e-02
1.037701710829058356e+03	2.734315208125394081e-01	1.767255743636360621e-01	2.392829850267044201e-01	1.435022882235268138e-01	6.914534977059279275e-02	2.743959860144629115e-02	7.047268320137972664e-02
1.039153041893154750e+03	2.731860110927176177e-01	1.765674551687019811e-01	2.394580848148973318e-01	1.436018069557573607e-01	6.918658180368043864e-02	2.746503363991489866e-02	7.053502652415587215e-02
1.040604372957251599e+03	2.729409204828970870e-01	1.764096009458946679e-01	2.396328890433859493e-01	1.437011403886649108e-01	6.922774296804286298e-02	2.749044098185047386e-02	7.059726518908962523e-02
1.042055704021347992e+03	2.726962482642552033e-01	1.762520112505042147e-01	2.398073982089642953e-01	1.438002889105323423e-01	6.926883338694751757e-02	2.751582061993051997e-02	7.065939935869156030e-02
1.043507035085444613e+03	2.724519937192186880e-01	1.760946856385672554e-01	2.399816128075908106e-01	1.438992529086428052e-01	6.930985318344505541e-02	2.754117254703555839e-02	7.072142919532550809e-02
1.044958366149541234e+03	2.722081561314614317e-01	1.759376236668657723e-01	2.401555333343898813e-01	1.439980327692828299e-01	6.935080248036981643e-02	2.756649675624811557e-02	7.078335486120790332e-02
1.046409697213637855e+03	2.719647347859019404e-01	1.757808248929259021e-01	2.403291602836530594e-01	1.440966288777457693e-01	6.939168140034032706e-02	2.759179324085172733e-02	7.084517651840699370e-02
1.047861028277734476e+03	2.717217289687015036e-01	1.756242888750165765e-01	2.405024941488406731e-01	1.441950416183351014e-01	6.943249006575970272e-02	2.761706199432993267e-02	7.090689432884221544e-02
1.049312359341831097e+03	2.714791379672616412e-01	1.754680151721483283e-01	2.406755354225831312e-01	1.442932713743676765e-01	6.947322859881618906e-02	2.764230301036527809e-02	7.096850845428349930e-02
1.050763690405927491e+03	2.712369610702218270e-01	1.753120033440721537e-01	2.408482845966822827e-01	1.443913185281770484e-01	6.951389712148359212e-02	2.766751628283832878e-02	7.103001905635054902e-02
1.052215021470024112e+03	2.709951975674577129e-01	1.751562529512779853e-01	2.410207421621127777e-01	1.444891834611166936e-01	6.955449575552172248e-02	2.769270180582668328e-02	7.109142629651224454e-02
1.053666352534120733e+03	2.707538467500782975e-01	1.750007635549938045e-01	2.411929086090236762e-01	1.445868665535633146e-01	6.959502462247686705e-02	2.771785957360397776e-02	7.115273033608592035e-02
1.055117683598217127e+03	2.705129079104242051e-01	1.748455347171841145e-01	2.413647844267395870e-01	1.446843681849200314e-01	6.963548384368223321e-02	2.774298958063892151e-02	7.121393133623675487e-02
1.056569014662313975e+03	2.702723803420652993e-01	1.746905660005488303e-01	2.415363701037621935e-01	1.447816887336196845e-01	6.967587354025842061e-02	2.776809182159430817e-02	7.127502945797711820e-02
1.058020345726410369e+03	2.700322633397984062e-01	1.745358569685221128e-01	2.417076661277716143e-01	1.448788285771279993e-01	6.971619383311380980e-02	2.779316629132605465e-02	7.133602486216593375e-02
1.059471676790506763e+03	2.697925561996452060e-01	1.743814071852708703e-01	2.418786729856277906e-01	1.449757880919467778e-01	6.975644484294506176e-02	2.781821298488222280e-02	7.139691770950803984e-02
1.060923007854603611e+03	2.695532582188499005e-01	1.742272162156938975e-01	2.420493911633718742e-01	1.450725676536171460e-01	6.979662669023752042e-02	2.784323189750206526e-02	7.145770816055360686e-02
1.062374338918700232e+03	2.693143686958772154e-01	1.740732836254203775e-01	2.422198211462275041e-01	1.451691676367226902e-01	6.983673949526562896e-02	2.786822302461506792e-02	7.151839637569747110e-02
1.063825669982796853e+03	2.690758869304101797e-01	1.739196089808087153e-01	2.423899634186023611e-01	1.452655884148927046e-01	6.987678337809341556e-02	2.789318636183998196e-02	7.157898251517860744e-02
1.065277001046893474e+03	2.688378122233477940e-01	1.737661918489454282e-01	2.425598184640894439e-01	1.453618303608051887e-01	6.991675845857488192e-02	2.791812190498387317e-02	7.163946673907944929e-02
1.066728332110990095e+03	2.686001438768029215e-01	1.736130317976436466e-01	2.427293867654683746e-01	1.454578938461901227e-01	6.995666485635439191e-02	2.794302965004118872e-02	7.169984920732538902e-02
1.068179663175086489e+03	2.683628811941001779e-01	1.734601283954422257e-01	2.428986688047069520e-01	1.455537792418325760e-01	6.999650269086721277e-02	2.796790959319279957e-02	7.176013007968411184e-02
1.069630994239183110e+03	2.681260234797736008e-01	1.733074812116043861e-01	2.430676650629623459e-01	1.456494869175758156e-01	7.003627208133975102e-02	2.799276173080506025e-02	7.182030951576508226e-02
1.071082325303279504e+03	2.678895700395647617e-01	1.731550898161163532e-01	2.432363760205825121e-01	1.457450172423244428e-01	7.007597314679014922e-02	2.801758605942887906e-02	7.188038767501896131e-02
1.072533656367376352e+03	2.676535201804202679e-01	1.730029537796864414e-01	2.434048021571075804e-01	1.458403705840474185e-01	7.011560600602857740e-02	2.804238257579878477e-02	7.194036471673702360e-02
1.073984987431472746e+03	2.674178732104898759e-01	1.728510726737435277e-01	2.435729439512712147e-01	1.459355473097811162e-01	7.015517077765770493e-02	2.806715127683198641e-02	7.200024080005065774e-02
1.075436318495569594e+03	2.671826284391241035e-01	1.726994460704360523e-01	2.437408018810020005e-01	1.460305477856325973e-01	7.019466758007306129e-02	2.809189215962746428e-02	7.206001608393079738e-02
1.076887649559666215e+03	2.669477851768723431e-01	1.725480735426307977e-01	2.439083764234246943e-01	1.461253723767824142e-01	7.023409653146348020e-02	2.811660522146503666e-02	7.211969072718733831e-02
1.078338980623762609e+03	2.667133427354804742e-01	1.723969546639115558e-01	2.440756680548616664e-01	1.462200214474878301e-01	7.027345774981146043e-02	2.814129045980444735e-02	7.217926488846868049e-02
1.079790311687859230e+03	2.664793004278888100e-01	1.722460890085780461e-01	2.442426772508342059e-01	1.463144953610858168e-01	7.031275135289359601e-02	2.816594787228445321e-02	7.223873872626115911e-02
1.081241642751955851e+03	2.662456575682300430e-01	1.720954761516446385e-01	2.444094044860639636e-01	1.464087944799960239e-01	7.035197745828097871e-02	2.819057745672190474e-02	7.229811239888857266e-02
1.082692973816052472e+03	2.660124134718269695e-01	1.719451156688392157e-01	2.445758502344741459e-01	1.465029191657237773e-01	7.039113618333954492e-02	2.821517921111085098e-02	7.235738606451161403e-02
1.084144304880149093e+03	2.657795674551904352e-01	1.717950071366019515e-01	2.447420149691910685e-01	1.465968697788631869e-01	7.043022764523051982e-02	2.823975313362163050e-02	7.241655988112738473e-02
1.085595635944245487e+03	2.655471188360172263e-01	1.716451501320840067e-01	2.449078991625452117e-01	1.466906466791000063e-01	7.046925196091077814e-02	2.826429922259996938e-02	7.247563400656895083e-02
1.087046967008342108e+03	2.653150669331879596e-01	1.714955442331465019e-01	2.450735032860728302e-01	1.467842502252147407e-01	7.050820924713326054e-02	2.828881747656609991e-02	7.253460859850478781e-02
1.088498298072438729e+03	2.650834110667648069e-01	1.713461890183593239e-01	2.452388278105170905e-01	1.468776807750855062e-01	7.054709962044730664e-02	2.831330789421384816e-02	7.259348381443830878e-02
1.089949629136535123e+03	2.648521505579896074e-01	1.711970840669997662e-01	2.454038732058296257e-01	1.469709386856909439e-01	7.058592319719905750e-02	2.833777047440976318e-02	7.265225981170744807e-02
1.091400960200631971e+03	2.646212847292816472e-01	1.710482289590514460e-01	2.455686399411716458e-01	1.470640243131133007e-01	7.062468009353188581e-02	2.836220521619221835e-02	7.271093674748409230e-02
1.092852291264728365e+03	2.643908129042354394e-01	1.708996232752031941e-01	2.457331284849154085e-01	1.471569380125412607e-01	7.066337042538671509e-02	2.838661211877054405e-02	7.276951477877370567e-02
1.094303622328825213e+03	2.641607344076188357e-01	1.707512665968477228e-01	2.458973393046454958e-01	1.472496801382728593e-01	7.070199430850240829e-02	2.841099118152413255e-02	7.282799406241480256e-02
1.095754953392921607e+03	2.639310485653709182e-01	1.706031585060805711e-01	2.460612728671600913e-01	1.473422510437183974e-01	7.074055185841615634e-02	2.843534240400158800e-02	7.288637475507855901e-02
1.097206284457018228e+03	2.637017547045996668e-01	1.704552985856987724e-01	2.462249296384724229e-01	1.474346510814033839e-01	7.077904319046385284e-02	2.845966578591983126e-02	7.294465701326831308e-02
1.098657615521114849e+03	2.634728521535802392e-01	1.703076864191998274e-01	2.463883100838119844e-01	1.475268806029713387e-01	7.081746841978045492e-02	2.848396132716324997e-02	7.300284099331916243e-02
1.100108946585211470e+03	2.632443402417524170e-01	1.701603215907804834e-01	2.465514146676259510e-01	1.476189399591866791e-01	7.085582766130033017e-02	2.850822902778282070e-02	7.306092685139752019e-02
1.101560277649308091e+03	2.630162182997189957e-01	1.700132036853355399e-01	2.467142438535803728e-01	1.477108294999376903e-01	7.089412102975768681e-02	2.853246888799526593e-02	7.311891474350062925e-02
1.103011608713404712e+03	2.627884856592433982e-01	1.698663322884566285e-01	2.468767981045616455e-01	1.478025495742391615e-01	7.093234863968687909e-02	2.855668090818219360e-02	7.317680482545625698e-02
1.104462939777501106e+03	2.625611416532477871e-01	1.697197069864311569e-01	2.470390778826776212e-01	1.478941005302354117e-01	7.097051060542279577e-02	2.858086508888922281e-02	7.323459725292220945e-02
1.105914270841597499e+03	2.623341856158107332e-01	1.695733273662410889e-01	2.472010836492590791e-01	1.479854827152029817e-01	7.100860704110120714e-02	2.860502143082515811e-02	7.329229218138590130e-02
1.107365601905694348e+03	2.621076168821656061e-01	1.694271930155617223e-01	2.473628158648610575e-01	1.480766964755535764e-01	7.104663806065916742e-02	2.862914993486114293e-02	7.334988976616400869e-02
1.108816932969790741e+03	2.618814347886979088e-01	1.692813035227606067e-01	2.475242749892639926e-01	1.481677421568366737e-01	7.108460377783533402e-02	2.865325060202979571e-02	7.340739016240199755e-02
1.110268264033887590e+03	2.616556386729437800e-01	1.691356584768962945e-01	2.476854614814751609e-01	1.482586201037425500e-01	7.112250430617032826e-02	2.867732343352440150e-02	7.346479352507380434e-02
1.111719595097984211e+03	2.614302278735876617e-01	1.689902574677172864e-01	2.478463757997299566e-01	1.483493306601048611e-01	7.116033975900711017e-02	2.870136843069804808e-02	7.352210000898144748e-02
1.113170926162080832e+03	2.612052017304603013e-01	1.688451000856607820e-01	2.480070184014931123e-01	1.484398741689035295e-01	7.119811024949132539e-02	2.872538559506280370e-02	7.357930976875455553e-02
1.114622257226177226e+03	2.609805595845366422e-01	1.687001859218515976e-01	2.481673897434601428e-01	1.485302509722674635e-01	7.123581589057162433e-02	2.874937492828889135e-02	7.363642295885008959e-02
1.116073588290273847e+03	2.607563007779338804e-01	1.685555145681009448e-01	2.483274902815585106e-01	1.486204614114772504e-01	7.127345679500007858e-02	2.877333643220386303e-02	7.369343973355192701e-02
1.117524919354370468e+03	2.605324246539094668e-01	1.684110856169052928e-01	2.484873204709489858e-01	1.487105058269679592e-01	7.131103307533250002e-02	2.879727010879177054e-02	7.375036024697048664e-02
1.118976250418467089e+03	2.603089305568589418e-01	1.682668986614452855e-01	2.486468807660269231e-01	1.488003845583318607e-01	7.134854484392877394e-02	2.882117596019235020e-02	7.380718465304242359e-02
1.120427581482563710e+03	2.600858178323138814e-01	1.681229532955844652e-01	2.488061716204234830e-01	1.488900979443211203e-01	7.138599221295320596e-02	2.884505398870020748e-02	7.386391310553019895e-02
1.121878912546660331e+03	2.598630858269401211e-01	1.679792491138682176e-01	2.489651934870070749e-01	1.489796463228504619e-01	7.142337529437488286e-02	2.886890419676400518e-02	7.392054575802178840e-02
1.123330243610756725e+03	2.596407338885354799e-01	1.678357857115226615e-01	2.491239468178844951e-01	1.490690300309999161e-01	7.146069419996807504e-02	2.889272658698564811e-02	7.397708276393029359e-02
1.124781574674853118e+03	2.594187613660277614e-01	1.676925626844534001e-01	2.492824320644022595e-01	1.491582494050175400e-01	7.149794904131245854e-02	2.891652116211948509e-02	7.403352427649366463e-02
1.126232905738949967e+03	2.591971676094729227e-01	1.675495796292444384e-01	2.494406496771479076e-01	1.492473047803219433e-01	7.153513992979354530e-02	2.894028792507149714e-02	7.408987044877428374e-02
1.127684236803046360e+03	2.589759519700529644e-01	1.674068361431570451e-01	2.495986001059512516e-01	1.493361964915050355e-01	7.157226697660301618e-02	2.896402687889851335e-02	7.414612143365870156e-02
1.129135567867143209e+03	2.587551138000738216e-01	1.672643318241286148e-01	2.497562837998856533e-01	1.494249248723347190e-01	7.160933029273901240e-02	2.898773802680739906e-02	7.420227738385730409e-02
1.130586898931239830e+03	2.585346524529635870e-01	1.671220662707714744e-01	2.499137012072693287e-01	1.495134902557574419e-01	7.164632998900651029e-02	2.901142137215426478e-02	7.425833845190396576e-02
1.132038229995336451e+03	2.583145672832702355e-01	1.669800390823718839e-01	2.500708527756665411e-01	1.496018929739008352e-01	7.168326617601770978e-02	2.903507691844367869e-02	7.431430479015573021e-02
1.133489561059432845e+03	2.580948576466598476e-01	1.668382498588887597e-01	2.502277389518889339e-01	1.496901333580764049e-01	7.172013896419224266e-02	2.905870466932788942e-02	7.437017655079256051e-02
1.134940892123529466e+03	2.578755228999144999e-01	1.666966982009526199e-01	2.503843601819969455e-01	1.497782117387820300e-01	7.175694846375763047e-02	2.908230462860602467e-02	7.442595388581697835e-02
1.136392223187626087e+03	2.576565624009303779e-01	1.665553837098644463e-01	2.505407169113005872e-01	1.498661284457046550e-01	7.179369478474958988e-02	2.910587680022332785e-02	7.448163694705378646e-02
1.137843554251722708e+03	2.574379755087157218e-01	1.664143059875944908e-01	2.506968095843613020e-01	1.499538838077227598e-01	7.183037803701231017e-02	2.912942118827036367e-02	7.453722588614974942e-02
1.139294885315819101e+03	2.572197615833889395e-01	1.662734646367813596e-01	2.508526386449929646e-01	1.500414781529090802e-01	7.186699833019881412e-02	2.915293779698226867e-02	7.459272085457331614e-02
1.140746216379915950e+03	2.570019199861763859e-01	1.661328592607305699e-01	2.510082045362630465e-01	1.501289118085330498e-01	7.190355577377136043e-02	2.917642663073794634e-02	7.464812200361439776e-02
1.142197547444012343e+03	2.567844500794108087e-01	1.659924894634137726e-01	2.511635077004939487e-01	1.502161851010634097e-01	7.194005047700165190e-02	2.919988769405932813e-02	7.470342948438393749e-02
1.143648878508108737e+03	2.565673512265287948e-01	1.658523548494673650e-01	2.513185485792642782e-01	1.503032983561707614e-01	7.197648254897126563e-02	2.922332099161059973e-02	7.475864344781381343e-02
1.145100209572205586e+03	2.563506227920694935e-01	1.657124550241914906e-01	2.514733276134101247e-01	1.503902518987300374e-01	7.201285209857191671e-02	2.924672652819743091e-02	7.481376404465643615e-02
1.146551540636302207e+03	2.561342641416721189e-01	1.655727895935489302e-01	2.516278452430262824e-01	1.504770460528230824e-01	7.204915923450584680e-02	2.927010430876622951e-02	7.486879142548454047e-02
1.148002871700398828e+03	2.559182746420741728e-01	1.654333581641639905e-01	2.517821019074674704e-01	1.505636811417411514e-01	7.208540406528604616e-02	2.929345433840338173e-02	7.492372574069088020e-02
1.149454202764495449e+03	2.557026536611096135e-01	1.652941603433212836e-01	2.519360980453495547e-01	1.506501574879874072e-01	7.212158669923672549e-02	2.931677662233449569e-02	7.497856714048803384e-02
1.150905533828591842e+03	2.554874005677067461e-01	1.651551957389647829e-01	2.520898340945509908e-01	1.507364754132794193e-01	7.215770724449353801e-02	2.934007116592365558e-02	7.503331577490808535e-02
1.152356864892688463e+03	2.552725147318862797e-01	1.650164639596966298e-01	2.522433104922137681e-01	1.508226352385516333e-01	7.219376580900391249e-02	2.936333797467266873e-02	7.508797179380242992e-02
1.153808195956785084e+03	2.550579955247594954e-01	1.648779646147760236e-01	2.523965276747447972e-01	1.509086372839578416e-01	7.222976250052740022e-02	2.938657705422034055e-02	7.514253534684146862e-02
1.155259527020881706e+03	2.548438423185262480e-01	1.647396973141181387e-01	2.525494860778171868e-01	1.509944818688737089e-01	7.226569742663600804e-02	2.940978841034171121e-02	7.519700658351442801e-02
1.156710858084978327e+03	2.546300544864729121e-01	1.646016616682930145e-01	2.527021861363715205e-01	1.510801693118991040e-01	7.230157069471447595e-02	2.943297204894733399e-02	7.525138565312905481e-02
1.158162189149074720e+03	2.544166314029708276e-01	1.644638572885244732e-01	2.528546282846168558e-01	1.511656999308606530e-01	7.233738241196065177e-02	2.945612797608253286e-02	7.530567270481147713e-02
1.159613520213171569e+03	2.542035724434738575e-01	1.643262837866889814e-01	2.530068129560321677e-01	1.512510740428141542e-01	7.237313268538576871e-02	2.947925619792667734e-02	7.535986788750591303e-02
1.161064851277267962e+03	2.539908769845168335e-01	1.641889407753145402e-01	2.531587405833676252e-01	1.513362919640469095e-01	7.240882162181479231e-02	2.950235672079245045e-02	7.541397134997440688e-02
1.162516182341364356e+03	2.537785444037135019e-01	1.640518278675797137e-01	2.533104115986455351e-01	1.514213540100802502e-01	7.244444932788668412e-02	2.952542955112511663e-02	7.546798324079671827e-02
1.163967513405461204e+03	2.535665740797546919e-01	1.639149446773124352e-01	2.534618264331618409e-01	1.515062604956718961e-01	7.248001591005481803e-02	2.954847469550181405e-02	7.552190370837004452e-02
1.165418844469557826e+03	2.533549653924062062e-01	1.637782908189888975e-01	2.536129855174872327e-01	1.515910117348183983e-01	7.251552147458717457e-02	2.957149216063082245e-02	7.557573290090874307e-02
1.166870175533654447e+03	2.531437177225072110e-01	1.636418659077324977e-01	2.537638892814684244e-01	1.516756080407573870e-01	7.255096612756677110e-02	2.959448195335085546e-02	7.562947096644427603e-02
1.168321506597751068e+03	2.529328304519681270e-01	1.635056695593128107e-01	2.539145381542292634e-01	1.517600497259701253e-01	7.258634997489192553e-02	2.961744408063033199e-02	7.568311805282487703e-02
1.169772837661847461e+03	2.527223029637687413e-01	1.633697013901443951e-01	2.540649325641719525e-01	1.518443371021837573e-01	7.262167312227654770e-02	2.964037854956669271e-02	7.573667430771538478e-02
1.171224168725944082e+03	2.525121346419562651e-01	1.632339610172857669e-01	2.542150729389785480e-01	1.519284704803736397e-01	7.265693567525047247e-02	2.966328536738566113e-02	7.579013987859710422e-02
1.172675499790040703e+03	2.523023248716436129e-01	1.630984480584383445e-01	2.543649597056117928e-01	1.520124501707658671e-01	7.269213773915982058e-02	2.968616454144056005e-02	7.584351491276752899e-02
1.174126830854137097e+03	2.520928730390073480e-01	1.629631621319452828e-01	2.545145932903165042e-01	1.520962764828393821e-01	7.272727941916722061e-02	2.970901607921159343e-02	7.589679955734020267e-02
1.175578161918233945e+03	2.518837785312859068e-01	1.628281028567904742e-01	2.546639741186207950e-01	1.521799497253284450e-01	7.276236082025218377e-02	2.973183998830516636e-02	7.594999395924452446e-02
1.177029492982330339e+03	2.516750407367776554e-01	1.626932698525975218e-01	2.548131026153371836e-01	1.522634702062249656e-01	7.279738204721143691e-02	2.975463627645316689e-02	7.600309826522556877e-02
1.178480824046426733e+03	2.514666590448390582e-01	1.625586627396284622e-01	2.549619792045639821e-01	1.523468382327806681e-01	7.283234320465911682e-02	2.977740495151229294e-02	7.605611262184389099e-02
1.179932155110523581e+03	2.512586328458826790e-01	1.624242811387829055e-01	2.551106043096862952e-01	1.524300541115096164e-01	7.286724439702724210e-02	2.980014602146334110e-02	7.610903717547540248e-02
1.181383486174620202e+03	2.510509615313755161e-01	1.622901246715968970e-01	2.552589783533772971e-01	1.525131181481902964e-01	7.290208572856587965e-02	2.982285949441053352e-02	7.616187207231113476e-02
1.182834817238716823e+03	2.508436444938368926e-01	1.621561929602417518e-01	2.554071017575995639e-01	1.525960306478679751e-01	7.293686730334353330e-02	2.984554537858083445e-02	7.621461745835714230e-02
1.184286148302813444e+03	2.506366811268366246e-01	1.620224856275231662e-01	2.555549749436059059e-01	1.526787919148570039e-01	7.297158922524743518e-02	2.986820368232324593e-02	7.626727347943426660e-02
1.185737479366910065e+03	2.504300708249934670e-01	1.618890022968799414e-01	2.557025983319411444e-01	1.527614022527430948e-01	7.300625159798382335e-02	2.989083441410815556e-02	7.631984028117802521e-02
1.187188810431006686e+03	2.502238129839729486e-01	1.617557425923831504e-01	2.558499723424426664e-01	1.528438619643855134e-01	7.304085452507828868e-02	2.991343758252664256e-02	7.637231800903847290e-02
1.188640141495103080e+03	2.500179070004855397e-01	1.616227061387349173e-01	2.559970973942420902e-01	1.529261713519193266e-01	7.307539810987608020e-02	2.993601319628981516e-02	7.642470680827999352e-02
1.190091472559199701e+03	2.498123522722849044e-01	1.614898925612673619e-01	2.561439739057660980e-01	1.530083307167577067e-01	7.310988245554235487e-02	2.995856126422811322e-02	7.647700682398118899e-02
1.191542803623296322e+03	2.496071481981660123e-01	1.613573014859416010e-01	2.562906022947380458e-01	1.530903403595941237e-01	7.314430766506255233e-02	2.998108179529068371e-02	7.652921820103472661e-02
1.192994134687392716e+03	2.494022941779632796e-01	1.612249325393467769e-01	2.564369829781786292e-01	1.531722005804045661e-01	7.317867384124265850e-02	3.000357479854467296e-02	7.658134108414722807e-02
1.194445465751489564e+03	2.491977896125487368e-01	1.610927853486986971e-01	2.565831163724075492e-01	1.532539116784497335e-01	7.321298108670951099e-02	3.002604028317458484e-02	7.663337561783903351e-02
1.195896796815585958e+03	2.489936339038301694e-01	1.609608595418390853e-01	2.567290028930444001e-01	1.533354739522772292e-01	7.324722950391110432e-02	3.004847825848161111e-02	7.668532194644418765e-02
1.197348127879682352e+03	2.487898264547493132e-01	1.608291547472345262e-01	2.568746429550099464e-01	1.534168876997238085e-01	7.328141919511693692e-02	3.007088873388298611e-02	7.673718021411027324e-02
1.198799458943779200e+03	2.485863666692800789e-01	1.606976705939751615e-01	2.570200369725273437e-01	1.534981532179175712e-01	7.331555026241821926e-02	3.009327171891131372e-02	7.678895056479821679e-02
1.200250790007875821e+03	2.483832539524265526e-01	1.605664067117738292e-01	2.571651853591230275e-01	1.535792708032800435e-01	7.334962280772826249e-02	3.011562722321393590e-02	7.684063314228221919e-02
1.201702121071972442e+03	2.481804877102213869e-01	1.604353627309650920e-01	2.573100885276283223e-01	1.536602407515284263e-01	7.338363693278271427e-02	3.013795525655225613e-02	7.689222809014965854e-02
1.203153452136069063e+03	2.479780673497237742e-01	1.603045382825039611e-01	2.574547468901804415e-01	1.537410633576777041e-01	7.341759273913993356e-02	3.016025582880111841e-02	7.694373555180093749e-02
1.204604783200165684e+03	2.477759922790178093e-01	1.601739329979650350e-01	2.575991608582234860e-01	1.538217389160428938e-01	7.345149032818121260e-02	3.018252894994814806e-02	7.699515567044933062e-02
1.206056114264262078e+03	2.475742619072104911e-01	1.600435465095414456e-01	2.577433308425096659e-01	1.539022677202410705e-01	7.348532980111113777e-02	3.020477463009311331e-02	7.704648858912097054e-02
1.207507445328358699e+03	2.473728756444301402e-01	1.599133784500436917e-01	2.578872572531007434e-01	1.539826500631935324e-01	7.351911125895783938e-02	3.022699287944729390e-02	7.709773445065463970e-02
1.208958776392455093e+03	2.471718329018244287e-01	1.597834284528987514e-01	2.580309404993689215e-01	1.540628862371279939e-01	7.355283480257329698e-02	3.024918370833282188e-02	7.714889339770172882e-02
1.210410107456551941e+03	2.469711330915585756e-01	1.596536961521489995e-01	2.581743809899980091e-01	1.541429765335806112e-01	7.358650053263365853e-02	3.027134712718207443e-02	7.719996557272612581e-02
1.211861438520648335e+03	2.467707756268135710e-01	1.595241811824510969e-01	2.583175791329846427e-01	1.542229212433981478e-01	7.362010854963954576e-02	3.029348314653702162e-02	7.725095111800409087e-02
1.213312769584745183e+03	2.465707599217844270e-01	1.593948831790750476e-01	2.584605353356394519e-01	1.543027206567400555e-01	7.365365895391630391e-02	3.031559177704861233e-02	7.730185017562417327e-02
1.214764100648841804e+03	2.463710853916784016e-01	1.592658017779032265e-01	2.586032500045883364e-01	1.543823750630805847e-01	7.368715184561436260e-02	3.033767302947614278e-02	7.735266288748710028e-02
1.216215431712937971e+03	2.461717514527130557e-01	1.591369366154291032e-01	2.587457235457733540e-01	1.544618847512108095e-01	7.372058732470945785e-02	3.035972691468662513e-02	7.740338939530574947e-02
1.217666762777034819e+03	2.459727575221146434e-01	1.590082873287564924e-01	2.588879563644541082e-01	1.545412500092407937e-01	7.375396549100297905e-02	3.038175344365417682e-02	7.745402984060500984e-02
1.219118093841131440e+03	2.457741030181162523e-01	1.588798535555984159e-01	2.590299488652085813e-01	1.546204711246016161e-01	7.378728644412226034e-02	3.040375262745940305e-02	7.750458436472168477e-02
1.220569424905228061e+03	2.455757873599559715e-01	1.587516349342760480e-01	2.591717014519347995e-01	1.546995483840473695e-01	7.382055028352084436e-02	3.042572447728876528e-02	7.755505310880443648e-02
1.222020755969324682e+03	2.453778099678751989e-01	1.586236311037177160e-01	2.593132145278514433e-01	1.547784820736572975e-01	7.385375710847878750e-02	3.044766900443398802e-02	7.760543621381371659e-02
1.223472087033421303e+03	2.451801702631168645e-01	1.584958417034579847e-01	2.594544884954994579e-01	1.548572724788378763e-01	7.388690701810297912e-02	3.046958622029143082e-02	7.765573382052168294e-02
1.224923418097517697e+03	2.449828676679235706e-01	1.583682663736364071e-01	2.595955237567426632e-01	1.549359198843247021e-01	7.392000011132741910e-02	3.049147613636149501e-02	7.770594606951210237e-02
1.226374749161614318e+03	2.447859016055359549e-01	1.582409047549967196e-01	2.597363207127693085e-01	1.550144245741846005e-01	7.395303648691345377e-02	3.051333876424800612e-02	7.775607310118032300e-02
1.227826080225710712e+03	2.445892715001908024e-01	1.581137564888857872e-01	2.598768797640932382e-01	1.550927868318176805e-01	7.398601624345015060e-02	3.053517411565761022e-02	7.780611505573317710e-02
1.229277411289807560e+03	2.443929767771193529e-01	1.579868212172524655e-01	2.600172013105546687e-01	1.551710069399593050e-01	7.401893947935458962e-02	3.055698220239918064e-02	7.785607207318889778e-02
1.230728742353903954e+03	2.441970168625455517e-01	1.578600985826467684e-01	2.601572857513215764e-01	1.552490851806821170e-01	7.405180629287207161e-02	3.057876303638321427e-02	7.790594429337713289e-02
1.232180073418000802e+03	2.440013911836842742e-01	1.577335882282187574e-01	2.602971334848909191e-01	1.553270218353979826e-01	7.408461678207645118e-02	3.060051662962123484e-02	7.795573185593880627e-02
1.233631404482097196e+03	2.438060991687396040e-01	1.576072897977174869e-01	2.604367449090895792e-01	1.554048171848600723e-01	7.411737104487045591e-02	3.062224299422520654e-02	7.800543490032610383e-02
1.235082735546193817e+03	2.436111402469029741e-01	1.574812029354901166e-01	2.605761204210754189e-01	1.554824715091646936e-01	7.415006917898596395e-02	3.064394214240693040e-02	7.805505356580241805e-02
1.236534066610290438e+03	2.434165138483515567e-01	1.573553272864809116e-01	2.607152604173386123e-01	1.555599850877534551e-01	7.418271128198422604e-02	3.066561408647747178e-02	7.810458799144227859e-02
1.237985397674387059e+03	2.432222194042465424e-01	1.572296624962299938e-01	2.608541652937027555e-01	1.556373581994150712e-01	7.421529745125626798e-02	3.068725883884655670e-02	7.815403831613132457e-02
1.239436728738483680e+03	2.430282563467312529e-01	1.571042082108726756e-01	2.609928354453258104e-01	1.557145911222874435e-01	7.424782778402307104e-02	3.070887641202199592e-02	7.820340467856623512e-02
1.240888059802580301e+03	2.428346241089295032e-01	1.569789640771382944e-01	2.611312712667014369e-01	1.557916841338594649e-01	7.428030237733594665e-02	3.073046681860910900e-02	7.825268721725472942e-02
1.242339390866676695e+03	2.426413221249438534e-01	1.568539297423491852e-01	2.612694731516599922e-01	1.558686375109731292e-01	7.431272132807673070e-02	3.075203007131013452e-02	7.830188607051549732e-02
1.243790721930773088e+03	2.424483498298538597e-01	1.567291048544197651e-01	2.614074414933696411e-01	1.559454515298253630e-01	7.434508473295814435e-02	3.077356618292366452e-02	7.835100137647812990e-02
1.245242052994869937e+03	2.422557066597144093e-01	1.566044890618555063e-01	2.615451766843374104e-01	1.560221264659699403e-01	7.437739268852407160e-02	3.079507516634406167e-02	7.840003327308316117e-02
1.246693384058966330e+03	2.420633920515540272e-01	1.564800820137519088e-01	2.616826791164105215e-01	1.560986625943194261e-01	7.440964529114980908e-02	3.081655703456089024e-02	7.844898189808198474e-02
1.248144715123063179e+03	2.418714054433729610e-01	1.563558833597935849e-01	2.618199491807772783e-01	1.561750601891471191e-01	7.444184263704239912e-02	3.083801180065834369e-02	7.849784738903681225e-02
1.249596046187159800e+03	2.416797462741416824e-01	1.562318927502532040e-01	2.619569872679683997e-01	1.562513195240889941e-01	7.447398482224083793e-02	3.085943947781468605e-02	7.854662988332068718e-02
1.251047377251256421e+03	2.414884139837991106e-01	1.561081098359905217e-01	2.620937937678578522e-01	1.563274408721455067e-01	7.450607194261646415e-02	3.088084007930167602e-02	7.859532951811742940e-02
1.252498708315352815e+03	2.412974080132508359e-01	1.559845342684514358e-01	2.622303690696640710e-01	1.564034245056834527e-01	7.453810409387312541e-02	3.090221361848401183e-02	7.864394643042163513e-02
1.253950039379449436e+03	2.411067278043674544e-01	1.558611656996669592e-01	2.623667135619512369e-01	1.564792706964379942e-01	7.457008137154758076e-02	3.092356010881877615e-02	7.869248075703863532e-02
1.255401370443546057e+03	2.409163727999829308e-01	1.557380037822522212e-01	2.625028276326300536e-01	1.565549797155144085e-01	7.460200387100966724e-02	3.094487956385486016e-02	7.874093263458449565e-02
1.256852701507642678e+03	2.407263424438927935e-01	1.556150481694054954e-01	2.626387116689591350e-01	1.566305518333900582e-01	7.463387168746270228e-02	3.096617199723241884e-02	7.878930219948598879e-02
1.258304032571739299e+03	2.405366361808525533e-01	1.554922985149073122e-01	2.627743660575460605e-01	1.567059873199161679e-01	7.466568491594366419e-02	3.098743742268232279e-02	7.883758958798058047e-02
1.259755363635835920e+03	2.403472534565758711e-01	1.553697544731193203e-01	2.629097911843482072e-01	1.567812864443197396e-01	7.469744365132352515e-02	3.100867585402561008e-02	7.888579493611642957e-02
1.261206694699932314e+03	2.401581937177330039e-01	1.552474156989834264e-01	2.630449874346741379e-01	1.568564494752053284e-01	7.472914798830750105e-02	3.102988730517291724e-02	7.893391837975237413e-02
1.262658025764028707e+03	2.399694564119490281e-01	1.551252818480208240e-01	2.631799551931846004e-01	1.569314766805569861e-01	7.476079802143537067e-02	3.105107179012395191e-02	7.898196005455794533e-02
1.264109356828125556e+03	2.397810409878021742e-01	1.550033525763309383e-01	2.633146948438936374e-01	1.570063683277400091e-01	7.479239384508175326e-02	3.107222932296694121e-02	7.902992009601331191e-02
1.265560687892221949e+03	2.395929468948221897e-01	1.548816275405905385e-01	2.634492067701694751e-01	1.570811246835027430e-01	7.482393555345631664e-02	3.109335991787809048e-02	7.907779863940933573e-02
1.267012018956318798e+03	2.394051735834886174e-01	1.547601063980527103e-01	2.635834913547360769e-01	1.571557460139785534e-01	7.485542324060417974e-02	3.111446358912104554e-02	7.912559581984754398e-02
1.268463350020415419e+03	2.392177205052291866e-01	1.546387888065459681e-01	2.637175489796735883e-01	1.572302325846874349e-01	7.488685700040607907e-02	3.113554035104635839e-02	7.917331177224012917e-02
1.269914681084511813e+03	2.390305871124179804e-01	1.545176744244731171e-01	2.638513800264201126e-01	1.573045846605379550e-01	7.491823692657870182e-02	3.115659021809094251e-02	7.922094663130999082e-02
1.271366012148608434e+03	2.388437728583739650e-01	1.543967629108105311e-01	2.639849848757721551e-01	1.573788025058290296e-01	7.494956311267493565e-02	3.117761320477754894e-02	7.926850053159067988e-02
1.272817343212705055e+03	2.386572771973592411e-01	1.542760539251069596e-01	2.641183639078861778e-01	1.574528863842516446e-01	7.498083565208421564e-02	3.119860932571422857e-02	7.931597360742644043e-02
1.274268674276801676e+03	2.384710995845773507e-01	1.541555471274826949e-01	2.642515175022793761e-01	1.575268365588907427e-01	7.501205463803269080e-02	3.121957859559381515e-02	7.936336599297223737e-02
1.275720005340898297e+03	2.382852394761715842e-01	1.540352421786286286e-01	2.643844460378309558e-01	1.576006532922269443e-01	7.504322016358359881e-02	3.124052102919338408e-02	7.941067782219378424e-02
1.277171336404994690e+03	2.380996963292235646e-01	1.539151387398052240e-01	2.645171498927830211e-01	1.576743368461382688e-01	7.507433232163748804e-02	3.126143664137374240e-02	7.945790922886750152e-02
1.278622667469091539e+03	2.379144696017512772e-01	1.537952364728416010e-01	2.646496294447419073e-01	1.577478874819021049e-01	7.510539120493250898e-02	3.128232544707890139e-02	7.950506034658054444e-02
1.280073998533187932e+03	2.377295587527075704e-01	1.536755350401345921e-01	2.647818850706789018e-01	1.578213054601966259e-01	7.513639690604470567e-02	3.130318746133554236e-02	7.955213130873091398e-02
1.281525329597284326e+03	2.375449632419785462e-01	1.535560341046476596e-01	2.649139171469316878e-01	1.578945910411028719e-01	7.516734951738826553e-02	3.132402269925252392e-02	7.959912224852734586e-02
1.282976660661381175e+03	2.373606825303819223e-01	1.534367333299101466e-01	2.650457260492050104e-01	1.579677444841062761e-01	7.519824913121582466e-02	3.134483117602036850e-02	7.964603329898940764e-02
1.284427991725477568e+03	2.371767160796652008e-01	1.533176323800161667e-01	2.651773121525720645e-01	1.580407660480985521e-01	7.522909583961867597e-02	3.136561290691072118e-02	7.969286459294754044e-02
1.285879322789574417e+03	2.369930633525042796e-01	1.531987309196237712e-01	2.653086758314755489e-01	1.581136559913793316e-01	7.525988973452714392e-02	3.138636790727585002e-02	7.973961626304304495e-02
1.287330653853671038e+03	2.368097238125017046e-01	1.530800286139539501e-01	2.654398174597284443e-01	1.581864145716578574e-01	7.529063090771077882e-02	3.140709619254815343e-02	7.978628844172815093e-02
1.288781984917767431e+03	2.366266969241850315e-01	1.529615251287895772e-01	2.655707374105154006e-01	1.582590420460547875e-01	7.532131945077863433e-02	3.142779777823963283e-02	7.983288126126600326e-02
1.290233315981864052e+03	2.364439821530051333e-01	1.528432201304747440e-01	2.657014360563935140e-01	1.583315386711038886e-01	7.535195545517961446e-02	3.144847267994140688e-02	7.987939485373073134e-02
