1.001418434226643626e+03	2.851886452885588619e-01	1.702759883263675333e-01	2.342521842264448095e-01	1.417652830664243857e-01	6.949138234950766324e-02	2.814617759746887785e-02	7.088033914520905365e-02
1.003837319333471214e+03	2.847512384051276157e-01	1.700113188930403030e-01	2.345409672076936569e-01	1.419443114705737918e-01	6.956540110235125141e-02	2.819221096048600203e-02	7.099455196070846019e-02
1.006256204440298802e+03	2.843150927616286960e-01	1.697474126884865042e-01	2.348288653121031466e-01	1.421228272092704970e-01	6.963921180513046871e-02	2.823814858027026697e-02	7.110844164309150506e-02
1.008675089547126618e+03	2.838802047108731630e-01	1.694842675050542979e-01	2.351158812331931580e-01	1.423008319364066909e-01	6.971281509010167354e-02	2.828399049413198377e-02	7.122200903022017637e-02
1.011093974653954206e+03	2.834465706163062371e-01	1.692218811415351631e-01	2.354020176559754873e-01	1.424783272987446558e-01	6.978621158718602280e-02	2.832973674101586792e-02	7.133525495921769211e-02
1.013512859760782021e+03	2.830141868519756021e-01	1.689602514031444680e-01	2.356872772569875707e-01	1.426553149359654216e-01	6.985940192398204518e-02	2.837538736148289414e-02	7.144818026644310371e-02
1.015931744867609382e+03	2.825830498024993198e-01	1.686993761015021243e-01	2.359716627043258741e-01	1.428317964807169216e-01	6.993238672577802018e-02	2.842094239769231076e-02	7.156078578746653818e-02
1.018350629974437197e+03	2.821531558630342440e-01	1.684392530546132138e-01	2.362551766576791723e-01	1.430077735586615939e-01	7.000516661556424602e-02	2.846640189338379631e-02	7.167307235704480084e-02
1.020769515081264785e+03	2.817245014392444902e-01	1.681798800868488375e-01	2.365378217683615225e-01	1.431832477885235932e-01	7.007774221404530768e-02	2.851176589385982091e-02	7.178504080909751950e-02
1.023188400188092373e+03	2.812970829472695722e-01	1.679212550289269912e-01	2.368196006793450714e-01	1.433582207821355314e-01	7.015011413965215048e-02	2.855703444596810817e-02	7.189669197668374645e-02
1.025607285294920075e+03	2.808708968136932604e-01	1.676633757178932482e-01	2.371005160252926125e-01	1.435326941444846627e-01	7.022228300855407057e-02	2.860220759808428451e-02	7.200802669197907402e-02
1.028026170401747549e+03	2.804459394755122181e-01	1.674062399971018855e-01	2.373805704325898935e-01	1.437066694737587635e-01	7.029424943467070530e-02	2.864728540009467070e-02	7.211904578625311091e-02
1.030445055508575479e+03	2.800222073801048595e-01	1.671498457161969542e-01	2.376597665193775910e-01	1.438801483613913745e-01	7.036601402968375996e-02	2.869226790337922606e-02	7.222975008984752754e-02
1.032863940615402726e+03	2.795996969852000968e-01	1.668941907310932393e-01	2.379381068955833400e-01	1.440531323921067364e-01	7.043757740304879000e-02	2.873715516079464530e-02	7.234014043215444834e-02
1.035282825722230655e+03	2.791784047588464768e-01	1.666392729039574694e-01	2.382155941629533757e-01	1.442256231439642267e-01	7.050894016200678904e-02	2.878194722665759764e-02	7.245021764159535749e-02
1.037701710829058356e+03	2.787583271793813156e-01	1.663850901031894980e-01	2.384922309150838415e-01	1.443976221884023525e-01	7.058010291159573513e-02	2.882664415672813243e-02	7.255998254560036553e-02
1.040120595935886058e+03	2.783394607353998351e-01	1.661316402034036244e-01	2.387680197374521529e-01	1.445691310902823823e-01	7.065106625466205381e-02	2.887124600819320625e-02	7.266943597058797555e-02
1.042539481042713533e+03	2.779218019257244099e-01	1.658789210854099971e-01	2.390429632074479727e-01	1.447401514079313667e-01	7.072183079187198407e-02	2.891575283965036255e-02	7.277857874194521015e-02
1.044958366149541234e+03	2.775053472593739801e-01	1.656269306361958793e-01	2.393170638944039086e-01	1.449106846931849935e-01	7.079239712172277765e-02	2.896016471109157803e-02	7.288741168400818260e-02
1.047377251256368709e+03	2.770900932555337981e-01	1.653756667489071353e-01	2.395903243596263776e-01	1.450807324914298035e-01	7.086276584055392624e-02	2.900448168388720938e-02	7.299593562004305647e-02
1.049796136363196410e+03	2.766760364435247865e-01	1.651251273228299121e-01	2.398627471564256930e-01	1.452502963416451576e-01	7.093293754255824979e-02	2.904870382077012758e-02	7.310415137222739390e-02
1.052215021470024112e+03	2.762631733627734509e-01	1.648753102633720158e-01	2.401343348301465119e-01	1.454193777764446749e-01	7.100291281979281832e-02	2.909283118581996314e-02	7.321205976163192020e-02
1.054633906576851814e+03	2.758515005627814043e-01	1.646262134820447587e-01	2.404050899181976175e-01	1.455879783221173673e-01	7.107269226218998481e-02	2.913686384444749006e-02	7.331966160820267697e-02
1.057052791683679516e+03	2.754410146030957240e-01	1.643778348964445024e-01	2.406750149500819780e-01	1.457560994986683012e-01	7.114227645756812657e-02	2.918080186337916951e-02	7.342695773074353616e-02
1.059471676790506763e+03	2.750317120532785320e-01	1.641301724302345888e-01	2.409441124474261675e-01	1.459237428198588149e-01	7.121166599164240052e-02	2.922464531064181831e-02	7.353394894689904704e-02
1.061890561897334692e+03	2.746235894928772958e-01	1.638832240131270490e-01	2.412123849240098150e-01	1.460909097932465983e-01	7.128086144803541524e-02	2.926839425554739194e-02	7.364063607313776905e-02
1.064309447004162394e+03	2.742166435113951861e-01	1.636369875808645902e-01	2.414798348857948584e-01	1.462576019202251332e-01	7.134986340828783358e-02	2.931204876867795142e-02	7.374701992473585432e-02
1.066728332110990095e+03	2.738108707082610449e-01	1.633914610752024155e-01	2.417464648309546049e-01	1.464238206960628008e-01	7.141867245186882263e-02	2.935560892187071003e-02	7.385310131576104664e-02
1.069147217217817570e+03	2.734062676927999647e-01	1.631466424438904883e-01	2.420122772499026242e-01	1.465895676099416844e-01	7.148728915618647595e-02	2.939907478820325340e-02	7.395888105905695786e-02
1.071566102324645271e+03	2.730028310842040340e-01	1.629025296406552414e-01	2.422772746253212539e-01	1.467548441449960661e-01	7.155571409659818027e-02	2.944244644197886729e-02	7.406435996622784401e-02
1.073984987431472746e+03	2.726005575115024171e-01	1.626591206251821187e-01	2.425414594321903261e-01	1.469196517783502853e-01	7.162394784642081569e-02	2.948572395871200749e-02	7.416953884762353399e-02
1.076403872538300675e+03	2.721994436135324880e-01	1.624164133630974505e-01	2.428048341378152841e-01	1.470839919811565977e-01	7.169199097694099743e-02	2.952890741511389125e-02	7.427441851232481629e-02
1.078822757645127922e+03	2.717994860389104095e-01	1.621744058259508570e-01	2.430674012018554098e-01	1.472478662186324505e-01	7.175984405742512340e-02	2.957199688907822047e-02	7.437899976812904768e-02
1.081241642751955851e+03	2.714006814460021011e-01	1.619330959911974843e-01	2.433291630763517732e-01	1.474112759500973979e-01	7.182750765512940783e-02	2.961499245966702984e-02	7.448328342153628934e-02
1.083660527858783553e+03	2.710030265028940955e-01	1.616924818421804078e-01	2.435901222057550997e-01	1.475742226290097658e-01	7.189498233530985938e-02	2.965789420709666682e-02	7.458727027773548457e-02
1.086079412965611255e+03	2.706065178873647836e-01	1.614525613681131733e-01	2.438502810269533028e-01	1.477367077030029285e-01	7.196226866123210664e-02	2.970070221272388608e-02	7.469096114059117775e-02
1.088498298072438729e+03	2.702111522868555493e-01	1.612133325640620063e-01	2.441096419692989072e-01	1.478987326139212244e-01	7.202936719418123745e-02	2.974341655903207232e-02	7.479435681263041369e-02
1.090917183179266431e+03	2.698169263984417365e-01	1.609747934309285755e-01	2.443682074546363880e-01	1.480602987978556218e-01	7.209627849347148565e-02	2.978603732961759842e-02	7.489745809502998397e-02
1.093336068286093905e+03	2.694238369288043944e-01	1.607369419754325346e-01	2.446259798973292876e-01	1.482214076851789408e-01	7.216300311645590382e-02	2.982856460917628419e-02	7.500026578760397855e-02
1.095754953392921607e+03	2.690318805942016334e-01	1.604997762100941749e-01	2.448829617042871387e-01	1.483820607005808256e-01	7.222954161853592514e-02	2.987099848348997652e-02	7.510278068879162883e-02
1.098173838499749309e+03	2.686410541204399816e-01	1.602632941532171340e-01	2.451391552749923597e-01	1.485422592631023553e-01	7.229589455317088353e-02	2.991333903941328226e-02	7.520500359564538662e-02
1.100592723606577010e+03	2.682513542428461295e-01	1.600274938288710480e-01	2.453945630015267332e-01	1.487020047861703220e-01	7.236206247188746443e-02	2.995558636486037388e-02	7.530693530381933620e-02
1.103011608713404712e+03	2.678627777062385640e-01	1.597923732668746211e-01	2.456491872685980515e-01	1.488612986776312319e-01	7.242804592428901678e-02	2.999774054879194088e-02	7.540857660755795333e-02
1.105430493820231959e+03	2.674753212648997014e-01	1.595579305027783057e-01	2.459030304535662625e-01	1.490201423397850278e-01	7.249384545806490665e-02	3.003980168120225225e-02	7.550992829968496134e-02
1.107849378927059888e+03	2.670889816825472995e-01	1.593241635778473164e-01	2.461560949264696985e-01	1.491785371694183959e-01	7.255946161899974600e-02	3.008176985310633336e-02	7.561099117159263139e-02
1.110268264033887590e+03	2.667037557323068131e-01	1.590910705390445601e-01	2.464083830500511940e-01	1.493364845578378508e-01	7.262489495098249648e-02	3.012364515652725741e-02	7.571176601323124922e-02
1.112687149140715292e+03	2.663196401966833604e-01	1.588586494390137605e-01	2.466598971797837603e-01	1.494939858909024311e-01	7.269014599601562876e-02	3.016542768448354783e-02	7.581225361309887334e-02
1.115106034247542766e+03	2.659366318675338015e-01	1.586268983360625551e-01	2.469106396638965362e-01	1.496510425490562568e-01	7.275521529422410150e-02	3.020711753097669872e-02	7.591245475823137079e-02
1.117524919354370468e+03	2.655547275460392043e-01	1.583958152941455644e-01	2.471606128434001015e-01	1.498076559073606429e-01	7.282010338386434023e-02	3.024871479097880275e-02	7.601237023419263328e-02
1.119943804461197942e+03	2.651739240426770894e-01	1.581653983828476551e-01	2.474098190521120399e-01	1.499638273355259344e-01	7.288481080133313306e-02	3.029021956042030062e-02	7.611200082506514031e-02
1.122362689568025871e+03	2.647942181771937853e-01	1.579356456773672313e-01	2.476582606166821410e-01	1.501195581979431204e-01	7.294933808117648466e-02	3.033163193617782055e-02	7.621134731344073043e-02
1.124781574674853118e+03	2.644156067785770059e-01	1.577065552584995256e-01	2.479059398566176298e-01	1.502748498537151700e-01	7.301368575609834544e-02	3.037295201606214287e-02	7.631041048041151131e-02
1.127200459781681047e+03	2.640380866850284836e-01	1.574781252126198905e-01	2.481528590843080362e-01	1.504297036566880075e-01	7.307785435696936838e-02	3.041417989880626505e-02	7.640919110556125549e-02
1.129619344888508749e+03	2.636616547439368241e-01	1.572503536316674222e-01	2.483990206050500915e-01	1.505841209554812654e-01	7.314184441283544391e-02	3.045531568405358130e-02	7.650768996695671287e-02
1.132038229995336451e+03	2.632863078118499178e-01	1.570232386131282520e-01	2.486444267170724864e-01	1.507381030935187050e-01	7.320565645092642904e-02	3.049635947234615591e-02	7.660590784113940899e-02
1.134457115102163925e+03	2.629120427544482386e-01	1.567967782600191429e-01	2.488890797115602960e-01	1.508916514090584970e-01	7.326929099666454337e-02	3.053731136511312477e-02	7.670384550311752647e-02
1.136876000208991627e+03	2.625388564465174213e-01	1.565709706808711132e-01	2.491329818726795986e-01	1.510447672352230875e-01	7.333274857367289012e-02	3.057817146465916305e-02	7.680150372635810574e-02
1.139294885315819101e+03	2.621667457719216721e-01	1.563458139897130339e-01	2.493761354776015959e-01	1.511974519000288120e-01	7.339602970378385216e-02	3.061893987415310187e-02	7.689888328277931506e-02
1.141713770422646803e+03	2.617957076235765679e-01	1.561213063060552519e-01	2.496185427965270098e-01	1.513497067264154283e-01	7.345913490704739091e-02	3.065961669761662137e-02	7.699598494274313698e-02
1.144132655529474505e+03	2.614257389034224111e-01	1.558974457548734371e-01	2.498602060927098412e-01	1.515015330322750653e-01	7.352206470173938690e-02	3.070020203991303404e-02	7.709280947504811021e-02
1.146551540636302207e+03	2.610568365223976950e-01	1.556742304665924281e-01	2.501011276224814894e-01	1.516529321304813105e-01	7.358481960436978608e-02	3.074069600673621019e-02	7.718935764692230750e-02
1.148970425743129908e+03	2.606889974004122923e-01	1.554516585770698567e-01	2.503413096352744005e-01	1.518039053289176876e-01	7.364740012969084315e-02	3.078109870459955211e-02	7.728563022401659099e-02
1.151389310849957155e+03	2.603222184663209204e-01	1.552297282275802714e-01	2.505807543736458531e-01	1.519544539305060227e-01	7.370980679070515684e-02	3.082141024082511380e-02	7.738162797039793706e-02
1.153808195956785084e+03	2.599564966578966629e-01	1.550084375647990120e-01	2.508194640733012459e-01	1.521045792332346991e-01	7.377204009867374679e-02	3.086163072353278677e-02	7.747735164854316348e-02
1.156227081063612786e+03	2.595918289218048236e-01	1.547877847407861107e-01	2.510574409631177173e-01	1.522542825301864133e-01	7.383410056312410263e-02	3.090176026162960721e-02	7.757280201933254571e-02
1.158645966170440488e+03	2.592282122135765587e-01	1.545677679129704163e-01	2.512946872651672936e-01	1.524035651095658750e-01	7.389598869185801111e-02	3.094179896479913941e-02	7.766797984204397431e-02
1.161064851277267962e+03	2.588656434975825649e-01	1.543483852441337734e-01	2.515312051947402594e-01	1.525524282547272015e-01	7.395770499095952188e-02	3.098174694349097383e-02	7.776288587434704302e-02
1.163483736384095664e+03	2.585041197470069885e-01	1.541296349023950907e-01	2.517669969603677504e-01	1.527008732442010630e-01	7.401924996480277463e-02	3.102160430891029441e-02	7.785752087229741436e-02
1.165902621490923138e+03	2.581436379438215578e-01	1.539115150611944927e-01	2.520020647638450684e-01	1.528489013517216610e-01	7.408062411605972897e-02	3.106137117300757783e-02	7.795188559033133791e-02
1.168321506597751068e+03	2.577841950787593817e-01	1.536940238992777208e-01	2.522364108002542737e-01	1.529965138462533458e-01	7.414182794570789437e-02	3.110104764846835165e-02	7.804598078126040450e-02
1.170740391704578315e+03	2.574257881512894142e-01	1.534771596006803129e-01	2.524700372579870011e-01	1.531437119920171230e-01	7.420286195303801846e-02	3.114063384870306705e-02	7.813980719626642535e-02
1.173159276811406244e+03	2.570684141695903646e-01	1.532609203547119769e-01	2.527029463187667746e-01	1.532904970485169660e-01	7.426372663566173371e-02	3.118012988783704781e-02	7.823336558489649151e-02
1.175578161918233945e+03	2.567120701505251623e-01	1.530453043559410198e-01	2.529351401576717118e-01	1.534368702705657117e-01	7.432442248951905139e-02	3.121953588070055033e-02	7.832665669505818606e-02
1.177997047025061647e+03	2.563567531196151994e-01	1.528303098041788044e-01	2.531666209431566728e-01	1.535828329083109289e-01	7.438495000888592501e-02	3.125885194281888269e-02	7.841968127301503222e-02
1.180415932131889122e+03	2.560024601110148512e-01	1.526159349044642344e-01	2.533973908370755201e-01	1.537283862072604534e-01	7.444530968638167490e-02	3.129807819040265893e-02	7.851244006338202464e-02
1.182834817238716823e+03	2.556491881674861633e-01	1.524021778670482941e-01	2.536274519947032124e-01	1.538735314083078676e-01	7.450550201297642672e-02	3.133721474033809851e-02	7.860493380912136896e-02
1.185253702345544298e+03	2.552969343403732050e-01	1.521890369073786720e-01	2.538568065647578975e-01	1.540182697477575080e-01	7.456552747799845282e-02	3.137626171017744020e-02	7.869716325153830461e-02
1.187672587452371999e+03	2.549456956895769233e-01	1.519765102460843009e-01	2.540854566894225619e-01	1.541626024573494458e-01	7.462538656914152746e-02	3.141521921812943235e-02	7.878912913027726062e-02
1.190091472559199701e+03	2.545954692835299404e-01	1.517645961089602868e-01	2.543134045043670688e-01	1.543065307642842166e-01	7.468507977247212937e-02	3.145408738304990293e-02	7.888083218331791435e-02
1.192510357666027403e+03	2.542462521991711855e-01	1.515532927269524210e-01	2.545406521387696408e-01	1.544500558912474120e-01	7.474460757243668596e-02	3.149286632443246137e-02	7.897227314697163880e-02
1.194929242772855105e+03	2.538980415219212472e-01	1.513425983361420535e-01	2.547672017153384538e-01	1.545931790564338271e-01	7.480397045186876204e-02	3.153155616239920050e-02	7.906345275587793597e-02
1.197348127879682352e+03	2.535508343456568392e-01	1.511325111777309937e-01	2.549930553503331199e-01	1.547359014735717742e-01	7.486316889199612357e-02	3.157015701769156496e-02	7.915437174300106460e-02
1.199767012986510281e+03	2.532046277726864303e-01	1.509230294980262732e-01	2.552182151535859478e-01	1.548782243519468971e-01	7.492220337244785699e-02	3.160866901166126813e-02	7.924503083962684824e-02
1.202185898093337983e+03	2.528594189137249315e-01	1.507141515484251570e-01	2.554426832285233706e-01	1.550201488964258190e-01	7.498107437126137753e-02	3.164709226626129246e-02	7.933543077535956667e-02
1.204604783200165684e+03	2.525152048878693267e-01	1.505058755854001840e-01	2.556664616721868177e-01	1.551616763074798178e-01	7.503978236488940967e-02	3.168542690403697293e-02	7.942557227811902765e-02
1.207023668306993159e+03	2.521719828225737481e-01	1.502981998704840116e-01	2.558895525752539757e-01	1.553028077812079744e-01	7.509832782820689834e-02	3.172367304811715694e-02	7.951545607413776362e-02
1.209442553413820860e+03	2.518297498536249401e-01	1.500911226702547341e-01	2.561119580220596603e-01	1.554435445093604873e-01	7.515671123451792002e-02	3.176183082220548209e-02	7.960508288795829779e-02
1.211861438520648335e+03	2.514885031251178904e-01	1.498846422563207825e-01	2.563336800906165225e-01	1.555838876793615155e-01	7.521493305556252451e-02	3.179990035057166792e-02	7.969445344243067386e-02
1.214280323627476264e+03	2.511482397894309604e-01	1.496787569053061873e-01	2.565547208526360312e-01	1.557238384743319104e-01	7.527299376152352117e-02	3.183788175804294629e-02	7.978356845871001357e-02
1.216699208734303511e+03	2.508089570072020158e-01	1.494734648988358672e-01	2.567750823735489019e-01	1.558633980731118640e-01	7.533089382103325127e-02	3.187577516999554744e-02	7.987242865625415744e-02
1.219118093841131440e+03	2.504706519473037241e-01	1.492687645235207528e-01	2.569947667125257462e-01	1.560025676502833081e-01	7.538863370118026319e-02	3.191358071234626920e-02	7.996103475282159700e-02
1.221536978947959142e+03	2.501333217868195735e-01	1.490646540709431311e-01	2.572137759224973341e-01	1.561413483761920074e-01	7.544621386751601544e-02	3.195129851154410866e-02	8.004938746446937925e-02
1.223955864054786844e+03	2.497969637110197261e-01	1.488611318376421022e-01	2.574321120501754101e-01	1.562797414169697086e-01	7.550363478406146855e-02	3.198892869456200494e-02	8.013748750555114986e-02
1.226374749161614318e+03	2.494615749133367311e-01	1.486581961250988126e-01	2.576497771360722888e-01	1.564177479345559563e-01	7.556089691331369096e-02	3.202647138888861655e-02	8.022533558871543236e-02
1.228793634268442020e+03	2.491271525953417110e-01	1.484558452397220785e-01	2.578667732145215052e-01	1.565553690867197145e-01	7.561800071625238151e-02	3.206392672252019599e-02	8.031293242490385176e-02
1.231212519375269494e+03	2.487936939667204084e-01	1.482540774928336746e-01	2.580831023136977986e-01	1.566926060270809884e-01	7.567494665234637818e-02	3.210129482395256140e-02	8.040027872334960801e-02
1.233631404482097196e+03	2.484611962452492884e-01	1.480528912006540410e-01	2.582987664556369301e-01	1.568294599051320015e-01	7.573173517956011125e-02	3.213857582217308217e-02	8.048737519157593556e-02
1.236050289588924898e+03	2.481296566567717521e-01	1.478522846842878213e-01	2.585137676562556663e-01	1.569659318662585124e-01	7.578836675435997317e-02	3.217576984665281720e-02	8.057422253539482659e-02
1.238469174695752372e+03	2.477990724351744889e-01	1.476522562697094310e-01	2.587281079253716531e-01	1.571020230517606864e-01	7.584484183172075789e-02	3.221287702733865305e-02	8.066082145890575428e-02
1.240888059802580301e+03	2.474694408223638009e-01	1.474528042877487344e-01	2.589417892667227883e-01	1.572377345988740516e-01	7.590116086513198912e-02	3.224989749464557409e-02	8.074717266449447928e-02
1.243306944909407548e+03	2.471407590682420385e-01	1.472539270740767792e-01	2.591548136779874278e-01	1.573730676407899542e-01	7.595732430660415146e-02	3.228683137944895337e-02	8.083327685283209219e-02
1.245725830016235477e+03	2.468130244306842025e-01	1.470556229691916128e-01	2.593671831508032599e-01	1.575080233066763480e-01	7.601333260667500480e-02	3.232367881307697532e-02	8.091913472287398656e-02
1.248144715123063179e+03	2.464862341755144071e-01	1.468578903184039885e-01	2.595788996707872887e-01	1.576426027216978332e-01	7.606918621441577377e-02	3.236043992730303076e-02	8.100474697185906792e-02
1.250563600229890881e+03	2.461603855764825932e-01	1.466607274718232656e-01	2.597899652175547636e-01	1.577768070070360851e-01	7.612488557743732343e-02	3.239711485433831306e-02	8.109011429530903203e-02
1.252982485336718355e+03	2.458354759152412694e-01	1.464641327843432261e-01	2.600003817647387749e-01	1.579106372799097269e-01	7.618043114189629317e-02	3.243370372682437275e-02	8.117523738702767111e-02
1.255401370443546057e+03	2.455115024813223079e-01	1.462681046156281695e-01	2.602101512800092387e-01	1.580440946535942026e-01	7.623582335250121689e-02	3.247020667782581776e-02	8.126011693910036027e-02
1.257820255550373531e+03	2.451884625721138522e-01	1.460726413300986459e-01	2.604192757250921031e-01	1.581771802374416502e-01	7.629106265251857366e-02	3.250662384082299294e-02	8.134475364189355795e-02
1.260239140657201460e+03	2.448663534928370300e-01	1.458777412969177734e-01	2.606277570557881673e-01	1.583098951369002749e-01	7.634614948377876908e-02	3.254295534970485376e-02	8.142914818405448674e-02
1.262658025764028707e+03	2.445451725565233880e-01	1.456834028899769984e-01	2.608355972219923435e-01	1.584422404535338336e-01	7.640108428668218599e-02	3.257920133876179153e-02	8.151330125251081415e-02
1.265076910870856636e+03	2.442249170839916328e-01	1.454896244878824407e-01	2.610427981677122533e-01	1.585742172850408416e-01	7.645586750020512412e-02	3.261536194267858346e-02	8.159721353247050002e-02
1.267495795977684338e+03	2.439055844038248988e-01	1.452964044739409044e-01	2.612493618310869348e-01	1.587058267252738353e-01	7.651049956190565660e-02	3.265143729652739829e-02	8.168088570742169929e-02
1.269914681084511813e+03	2.435871718523480167e-01	1.451037412361461110e-01	2.614552901444059385e-01	1.588370698642581624e-01	7.656498090792958344e-02	3.268742753576085736e-02	8.176431845913270657e-02
1.272333566191339514e+03	2.432696767736046706e-01	1.449116331671649605e-01	2.616605850341273132e-01	1.589679477882109393e-01	7.661931197301619090e-02	3.272333279620517899e-02	8.184751246765202548e-02
1.274752451298167216e+03	2.429530965193349434e-01	1.447200786643237924e-01	2.618652484208967568e-01	1.590984615795596469e-01	7.667349319050413559e-02	3.275915321405337144e-02	8.193046841130857683e-02
1.277171336404994690e+03	2.426374284489526412e-01	1.445290761295946469e-01	2.620692822195656579e-01	1.592286123169606993e-01	7.672752499233716217e-02	3.279488892585850912e-02	8.201318696671186514e-02
1.279590221511822392e+03	2.423226699295228659e-01	1.443386239695816919e-01	2.622726883392095809e-01	1.593584010753178459e-01	7.678140780906987650e-02	3.283054006852703655e-02	8.209566880875231176e-02
1.282009106618650094e+03	2.420088183357393674e-01	1.441487205955075956e-01	2.624754686831466399e-01	1.594878289258003512e-01	7.683514206987340778e-02	3.286610677931217639e-02	8.217791461060160174e-02
1.284427991725477568e+03	2.416958710499025609e-01	1.439593644232000091e-01	2.626776251489555958e-01	1.596168969358612855e-01	7.688872820254107066e-02	3.290158919580737223e-02	8.225992504371321123e-02
1.286846876832305497e+03	2.413838254618969059e-01	1.437705538730780219e-01	2.628791596284940635e-01	1.597456061692553997e-01	7.694216663349405516e-02	3.293698745593982152e-02	8.234170077782290709e-02
1.289265761939132744e+03	2.410726789691688410e-01	1.435822873701386726e-01	2.630800740079163869e-01	1.598739576860569167e-01	7.699545778778699168e-02	3.297230169796402238e-02	8.242324248094932970e-02
1.291684647045960673e+03	2.407624289767045789e-01	1.433945633439435707e-01	2.632803701676920682e-01	1.600019525426773781e-01	7.704860208911347430e-02	3.300753206045541760e-02	8.250455081939470081e-02
1.294103532152788375e+03	2.404530728970080133e-01	1.432073802286054354e-01	2.634800499826232545e-01	1.601295917918832135e-01	7.710159995981165360e-02	3.304267868230411492e-02	8.258562645774555899e-02
1.296522417259616077e+03	2.401446081500787644e-01	1.430207364627748279e-01	2.636791153218627226e-01	1.602568764828130599e-01	7.715445182086970444e-02	3.307774170270862124e-02	8.266647005887364785e-02
1.298941302366443551e+03	2.398370321633901125e-01	1.428346304896267460e-01	2.638775680489315878e-01	1.603838076609952479e-01	7.720715809193132162e-02	3.311272126116964615e-02	8.274708228393667930e-02
1.301360187473271253e+03	2.395303423718672386e-01	1.426490607568474400e-01	2.640754100217372891e-01	1.605103863683649545e-01	7.725971919130110444e-02	3.314761749748401654e-02	8.282746379237936052e-02
1.303779072580098727e+03	2.392245362178653245e-01	1.424640257166212010e-01	2.642726430925906866e-01	1.606366136432812175e-01	7.731213553595002452e-02	3.318243055173858425e-02	8.290761524193444865e-02
1.306197957686926657e+03	2.389196111511477094e-01	1.422795238256170380e-01	2.644692691082241032e-01	1.607624905205440047e-01	7.736440754152071331e-02	3.321716056430421005e-02	8.298753728862372225e-02
1.308616842793753904e+03	2.386155646288644905e-01	1.420955535449756613e-01	2.646652899098085876e-01	1.608880180314108677e-01	7.741653562233287433e-02	3.325180767582983782e-02	8.306723058675923033e-02
1.311035727900581833e+03	2.383123941155305681e-01	1.419121133402964086e-01	2.648607073329711792e-01	1.610131972036137893e-01	7.746852019138857071e-02	3.328637202723656874e-02	8.314669578894443025e-02
1.313454613007409534e+03	2.380100970830042739e-01	1.417292016816240341e-01	2.650555232078126711e-01	1.611380290613757538e-01	7.752036166037747089e-02	3.332085375971184649e-02	8.322593354607549232e-02
1.315873498114237009e+03	2.377086710104658052e-01	1.415468170434357742e-01	2.652497393589243746e-01	1.612625146254271224e-01	7.757206043968213616e-02	3.335525301470366327e-02	8.330494450734263201e-02
1.318292383221064711e+03	2.374081133843959357e-01	1.413649579046283855e-01	2.654433576054056609e-01	1.613866549130220096e-01	7.762361693838319698e-02	3.338956993391484912e-02	8.338372932023142836e-02
1.320711268327892412e+03	2.371084216985545057e-01	1.411836227485050999e-01	2.656363797608810584e-01	1.615104509379545472e-01	7.767503156426455724e-02	3.342380465929737504e-02	8.346228863052435054e-02
1.323130153434719887e+03	2.368095934539591885e-01	1.410028100627628289e-01	2.658288076335170169e-01	1.616339037105749554e-01	7.772630472381858446e-02	3.345795733304676028e-02	8.354062308230218725e-02
1.325549038541547588e+03	2.365116261588642022e-01	1.408225183394792024e-01	2.660206430260392829e-01	1.617570142378055575e-01	7.777743682225116140e-02	3.349202809759648652e-02	8.361873331794561492e-02
1.327967923648375290e+03	2.362145173287391875e-01	1.406427460750998004e-01	2.662118877357497193e-01	1.618797835231566562e-01	7.782842826348684850e-02	3.352601709561250226e-02	8.369661997813680754e-02
1.330386808755202765e+03	2.359182644862481693e-01	1.404634917704253305e-01	2.664025435545429588e-01	1.620022125667422708e-01	7.787927945017392162e-02	3.355992446998776885e-02	8.377428370186111584e-02
1.332805693862030694e+03	2.356228651612284064e-01	1.402847539305989155e-01	2.665926122689234457e-01	1.621243023652957915e-01	7.792999078368939569e-02	3.359375036383684121e-02	8.385172512640870490e-02
1.335224578968857941e+03	2.353283168906694645e-01	1.401065310650933260e-01	2.667820956600221449e-01	1.622460539121855783e-01	7.798056266414406246e-02	3.362749492049053879e-02	8.392894488737638603e-02
1.337643464075685870e+03	2.350346172186922877e-01	1.399288216876983793e-01	2.669709955036130844e-01	1.623674681974303091e-01	7.803099549038748639e-02	3.366115828349061645e-02	8.400594361866936532e-02
1.340062349182513572e+03	2.347417636965284105e-01	1.397516243165082273e-01	2.671593135701299526e-01	1.624885462077143850e-01	7.808128966001287585e-02	3.369474059658456033e-02	8.408272195250314496e-02
1.342481234289341273e+03	2.344497538824990568e-01	1.395749374739087556e-01	2.673470516246827522e-01	1.626092889264031394e-01	7.813144556936210683e-02	3.372824200372033510e-02	8.415928051940538279e-02
1.344900119396168748e+03	2.341585853419945185e-01	1.393987596865651768e-01	2.675342114270742311e-01	1.627296973335578822e-01	7.818146361353056628e-02	3.376166264904128383e-02	8.423561994821789078e-02
1.347319004502996449e+03	2.338682556474535046e-01	1.392230894854092904e-01	2.677207947318161474e-01	1.628497724059509710e-01	7.823134418637202325e-02	3.379500267688100024e-02	8.431174086609855012e-02
1.349737889609823924e+03	2.335787623783424360e-01	1.390479254056271596e-01	2.679068032881459227e-01	1.629695151170806877e-01	7.828108768050348609e-02	3.382826223175831176e-02	8.438764389852344838e-02
1.352156774716651853e+03	2.332901031211350451e-01	1.388732659866466490e-01	2.680922388400426848e-01	1.630889264371859770e-01	7.833069448730999029e-02	3.386144145837224895e-02	8.446332966928885022e-02
1.354575659823479100e+03	2.330022754692917530e-01	1.386991097721249344e-01	2.682771031262434214e-01	1.632080073332612680e-01	7.838016499694945571e-02	3.389454050159711185e-02	8.453879880051344553e-02
1.356994544930307029e+03	2.327152770232393808e-01	1.385254553099361796e-01	2.684613978802594669e-01	1.633267587690710176e-01	7.842949959835734952e-02	3.392755950647759200e-02	8.461405191264038950e-02
1.359413430037134731e+03	2.324291053903507487e-01	1.383523011521592128e-01	2.686451248303922679e-01	1.634451817051641165e-01	7.847869867925148790e-02	3.396049861822386662e-02	8.468908962443959243e-02
1.361832315143962205e+03	2.321437581849244147e-01	1.381796458550652862e-01	2.688282856997497028e-01	1.635632770988884599e-01	7.852776262613674063e-02	3.399335798220683852e-02	8.476391255300992633e-02
1.364251200250789907e+03	2.318592330281643854e-01	1.380074879791056697e-01	2.690108822062617366e-01	1.636810459044049926e-01	7.857669182430968013e-02	3.402613774395338297e-02	8.483852131378155637e-02
1.366670085357617609e+03	2.315755275481599651e-01	1.378358260888995768e-01	2.691929160626965745e-01	1.637984890727022247e-01	7.862548665786325830e-02	3.405883804914158763e-02	8.491291652051820293e-02
1.369088970464445310e+03	2.312926393798657720e-01	1.376646587532219523e-01	2.693743889766764821e-01	1.639156075516100264e-01	7.867414750969145554e-02	3.409145904359613816e-02	8.498709878531954254e-02
1.371507855571272785e+03	2.310105661650815323e-01	1.374939845449912323e-01	2.695553026506936067e-01	1.640324022858138664e-01	7.872267476149384657e-02	3.412400087328368303e-02	8.506106871862356700e-02
1.373926740678100487e+03	2.307293055524321512e-01	1.373238020412573535e-01	2.697356587821257423e-01	1.641488742168685788e-01	7.877106879378023563e-02	3.415646368430825391e-02	8.513482692920908146e-02
1.376345625784927961e+03	2.304488551973477573e-01	1.371541098231895683e-01	2.699154590632518169e-01	1.642650242832122409e-01	7.881932998587516670e-02	3.418884762290673451e-02	8.520837402419811912e-02
1.378764510891755890e+03	2.301692127620439676e-01	1.369849064760645663e-01	2.700947051812677135e-01	1.643808534201799398e-01	7.886745871592244772e-02	3.422115283544440584e-02	8.528171060905846701e-02
1.381183395998583137e+03	2.298903759155018767e-01	1.368161905892543162e-01	2.702733988183017022e-01	1.644963625600173174e-01	7.891545536088970247e-02	3.425337946841047060e-02	8.535483728760615008e-02
1.383602281105411066e+03	2.296123423334485159e-01	1.366479607562141596e-01	2.704515416514300941e-01	1.646115526318941702e-01	7.896332029657281149e-02	3.428552766841368865e-02	8.542775466200808188e-02
1.386021166212238768e+03	2.293351096983370363e-01	1.364802155744709311e-01	2.706291353526926735e-01	1.647264245619178835e-01	7.901105389760040842e-02	3.431759758217799855e-02	8.550046333278460420e-02
1.388440051319066470e+03	2.290586756993270856e-01	1.363129536456109681e-01	2.708061815891079083e-01	1.648409792731468093e-01	7.905865653743826549e-02	3.434958935653825013e-02	8.557296389881216547e-02
1.390858936425893944e+03	2.287830380322653234e-01	1.361461735752683144e-01	2.709826820226887145e-01	1.649552176856035335e-01	7.910612858839376205e-02	3.438150313843591627e-02	8.564525695732592980e-02
1.393277821532721646e+03	2.285081943996658260e-01	1.359798739731129247e-01	2.711586383104572229e-01	1.650691407162880320e-01	7.915347042162020064e-02	3.441333907491485322e-02	8.571734310392249701e-02
1.395696706639549120e+03	2.282341425106906296e-01	1.358140534528388399e-01	2.713340521044602105e-01	1.651827492791908270e-01	7.920068240712120622e-02	3.444509731311714423e-02	8.578922293256263654e-02
1.398115591746377049e+03	2.279608800811304681e-01	1.356487106321524194e-01	2.715089250517845332e-01	1.652960442853060041e-01	7.924776491375511156e-02	3.447677800027897782e-02	8.586089703557400754e-02
1.400534476853204296e+03	2.276884048333852328e-01	1.354838441327606557e-01	2.716832587945718913e-01	1.654090266426440359e-01	7.929471830923918996e-02	3.450838128372651914e-02	8.593236600365397604e-02
1.402953361960032225e+03	2.274167144964448495e-01	1.353194525803595449e-01	2.718570549700340955e-01	1.655216972562447708e-01	7.934154296015399899e-02	3.453990731087187849e-02	8.600363042587234885e-02
1.405372247066859927e+03	2.271458068058700430e-01	1.351555346046222905e-01	2.720303152104679989e-01	1.656340570281900904e-01	7.938823923194764098e-02	3.457135622920907980e-02	8.607469088967428794e-02
1.407791132173687402e+03	2.268756795037731588e-01	1.349920888391878959e-01	2.722030411432704855e-01	1.657461068576166763e-01	7.943480748893999577e-02	3.460272818631009856e-02	8.614554798088312759e-02
1.410210017280515103e+03	2.266063303387989836e-01	1.348291139216494794e-01	2.723752343909532914e-01	1.658578476407285007e-01	7.948124809432699500e-02	3.463402332982092741e-02	8.621620228370324712e-02
1.412628902387342805e+03	2.263377570661057880e-01	1.346666084935426722e-01	2.725468965711580482e-01	1.659692802708094272e-01	7.952756141018477165e-02	3.466524180745769734e-02	8.628665438072297134e-02
1.415047787494170507e+03	2.260699574473462869e-01	1.345045712003342386e-01	2.727180292966710495e-01	1.660804056382356453e-01	7.957374779747386495e-02	3.469638376700277804e-02	8.635690485291754037e-02
1.417466672600997981e+03	2.258029292506487651e-01	1.343430006914105301e-01	2.728886341754376832e-01	1.661912246304879381e-01	7.961980761604335599e-02	3.472744935630102392e-02	8.642695427965203792e-02
1.419885557707825683e+03	2.255366702505982035e-01	1.341818956200661050e-01	2.730587128105775307e-01	1.663017381321640897e-01	7.966574122463503105e-02	3.475843872325595774e-02	8.649680323868436105e-02
1.422304442814653157e+03	2.252711782282173503e-01	1.340212546434922658e-01	2.732282668003989667e-01	1.664119470249909305e-01	7.971154898088751717e-02	3.478935201582603748e-02	8.656645230616825948e-02
1.424723327921481086e+03	2.250064509709479854e-01	1.338610764227657624e-01	2.733972977384133696e-01	1.665218521878366331e-01	7.975723124134036224e-02	3.482018938202097874e-02	8.663590205665627764e-02
1.427142213028308333e+03	2.247424862726323247e-01	1.337013596228373569e-01	2.735658072133501095e-01	1.666314544967225642e-01	7.980278836143804566e-02	3.485095096989806324e-02	8.670515306310289105e-02
1.429561098135136262e+03	2.244792819334943401e-01	1.335421029125206105e-01	2.737337968091707596e-01	1.667407548248354132e-01	7.984822069553414170e-02	3.488163692755854445e-02	8.677420589686749008e-02
1.431979983241963964e+03	2.242168357601210249e-01	1.333833049644806423e-01	2.739012681050838061e-01	1.668497540425390169e-01	7.989352859689526076e-02	3.491224740314403940e-02	8.684306112771751629e-02
1.434398868348791666e+03	2.239551455654439915e-01	1.332249644552227774e-01	2.740682226755587481e-01	1.669584530173862102e-01	7.993871241770510172e-02	3.494278254483298984e-02	8.691171932383154330e-02
1.436817753455619140e+03	2.236942091687208756e-01	1.330670800650814722e-01	2.742346620903405863e-01	1.670668526141304566e-01	7.998377250906846259e-02	3.497324250083714420e-02	8.698018105180239934e-02
1.439236638562446842e+03	2.234340243955170724e-01	1.329096504782090737e-01	2.744005879144640891e-01	1.671749536947376436e-01	8.002870922101514017e-02	3.500362741939808120e-02	8.704844687664027580e-02
1.441655523669274316e+03	2.231745890776871966e-01	1.327526743825646893e-01	2.745660017082681703e-01	1.672827571183976847e-01	8.007352290250394078e-02	3.503393744878377514e-02	8.711651736177593308e-02
1.444074408776102018e+03	2.229159010533568741e-01	1.325961504699031679e-01	2.747309050274097109e-01	1.673902637415359551e-01	8.011821390142662147e-02	3.506417273728518191e-02	8.718439306906387853e-02
1.446493293882929493e+03	2.226579581669043684e-01	1.324400774357639421e-01	2.748952994228782143e-01	1.674974744178247821e-01	8.016278256461173424e-02	3.509433343321286675e-02	8.725207455878553064e-02
1.448912178989757422e+03	2.224007582689424001e-01	1.322844539794600649e-01	2.750591864410094622e-01	1.676043899981948526e-01	8.020722923782855340e-02	3.512441968489368044e-02	8.731956238965239703e-02
1.451331064096585123e+03	2.221442992163001340e-01	1.321292788040671629e-01	2.752225676234997809e-01	1.677110113308465100e-01	8.025155426579098916e-02	3.515443164066745646e-02	8.738685711880937734e-02
1.453749949203412370e+03	2.218885788720048602e-01	1.319745506164125004e-01	2.753854445074200297e-01	1.678173392612609949e-01	8.029575799216133458e-02	3.518436944888372886e-02	8.745395930183794131e-02
1.456168834310240300e+03	2.216335951052640640e-01	1.318202681270640164e-01	2.755478186252295347e-01	1.679233746322116028e-01	8.033984075955417914e-02	3.521423325789852649e-02	8.752086949275941774e-02
1.458587719417068001e+03	2.213793457914474405e-01	1.316664300503194718e-01	2.757096915047899111e-01	1.680291182837748420e-01	8.038380290954021123e-02	3.524402321607114641e-02	8.758758824403824195e-02
1.461006604523895703e+03	2.211258288120689364e-01	1.315130351041955137e-01	2.758710646693792179e-01	1.681345710533413973e-01	8.042764478264999295e-02	3.527373947176101754e-02	8.765411610658524477e-02
1.463425489630723177e+03	2.208730420547687923e-01	1.313600820104169342e-01	2.760319396377052259e-01	1.682397337756271483e-01	8.047136671837773481e-02	3.530338217332455036e-02	8.772045362976096938e-02
1.465844374737550879e+03	2.206209834132957792e-01	1.312075694944057902e-01	2.761923179239196280e-01	1.683446072826841333e-01	8.051496905518505665e-02	3.533295146911204221e-02	8.778660136137894643e-02
1.468263259844378354e+03	2.203696507874893795e-01	1.310554962852706062e-01	2.763522010376317506e-01	1.684491924039112354e-01	8.055845213050470688e-02	3.536244750746461718e-02	8.785255984770906634e-02
1.470682144951206283e+03	2.201190420832621064e-01	1.309038611157957999e-01	2.765115904839220429e-01	1.685534899660650621e-01	8.060181628074432336e-02	3.539187043671119387e-02	8.791832963348088226e-02
1.473101030058033530e+03	2.198691552125817683e-01	1.307526627224307458e-01	2.766704877633557325e-01	1.686575007932706871e-01	8.064506184129008326e-02	3.542122040516547388e-02	8.798391126188695455e-02
1.475519915164861459e+03	2.196199880934539272e-01	1.306018998452793123e-01	2.768288943719964257e-01	1.687612257070321697e-01	8.068818914651040841e-02	3.545049756112297890e-02	8.804930527458625089e-02
1.477938800271689161e+03	2.193715386499042463e-01	1.304515712280890360e-01	2.769868118014197633e-01	1.688646655262432406e-01	8.073119852975962907e-02	3.547970205285810863e-02	8.811451221170746306e-02
1.480357685378516862e+03	2.191238048119609483e-01	1.303016756182406310e-01	2.771442415387267433e-01	1.689678210671978209e-01	8.077409032338163375e-02	3.550883402862124033e-02	8.817953261185243474e-02
1.482776570485344337e+03	2.188767845156375236e-01	1.301522117667373857e-01	2.773011850665572098e-01	1.690706931436004312e-01	8.081686485871349135e-02	3.553789363663586304e-02	8.824436701209953382e-02
