1.301360187473271253e+03	2.396842991973357762e-01	1.432444120265167764e-01	2.615885422699762985e-01	1.618702220780103285e-01	7.759227150116075611e-02	3.300795828160087847e-02	8.301229464538409375e-02
1.306197957686926657e+03	2.390745836405342994e-01	1.428726122028621259e-01	2.619728469336793375e-01	1.621279302812176082e-01	7.769998829708751886e-02	3.307926986252099355e-02	8.317276878208305912e-02
1.311035727900581833e+03	2.384683645324442436e-01	1.425029446484748497e-01	2.623548374246275627e-01	1.623841730302911512e-01	7.780710392961426303e-02	3.315025315240591880e-02	8.333232328212698825e-02
1.315873498114237009e+03	2.378656217837726849e-01	1.421353971099766911e-01	2.627345283150608890e-01	1.626389586971800916e-01	7.791362167961972396e-02	3.322090907370208596e-02	8.349096334067288017e-02
1.320711268327892412e+03	2.372663354211596298e-01	1.417699574047348587e-01	2.631119340784914273e-01	1.628922956034258851e-01	7.801954481054576562e-02	3.329123855518112407e-02	8.364869412644627966e-02
1.325549038541547588e+03	2.366704855865017776e-01	1.414066134204485792e-01	2.634870690904468904e-01	1.631441920205548290e-01	7.812487656849556594e-02	3.336124253175921928e-02	8.380552078177817832e-02
1.330386808755202765e+03	2.360780525362799476e-01	1.410453531147381756e-01	2.638599476292067258e-01	1.633946561704648637e-01	7.822962018233077519e-02	3.343092194431934727e-02	8.396144842264523234e-02
1.335224578968857941e+03	2.354890166408906693e-01	1.406861645147367001e-01	2.642305838765330317e-01	1.636436962258069894e-01	7.833377886376792498e-02	3.350027773953639931e-02	8.411648213871332491e-02
1.340062349182513572e+03	2.349033583839818251e-01	1.403290357166838698e-01	2.645989919183946437e-01	1.638913203103614102e-01	7.843735580747385194e-02	3.356931086970516703e-02	8.427062699338427887e-02
1.344900119396168748e+03	2.343210583617923171e-01	1.399739548855226667e-01	2.649651857456848392e-01	1.641375364994083763e-01	7.854035419116026095e-02	3.363802229257109588e-02	8.442388802384552526e-02
1.349737889609823924e+03	2.337420972824956200e-01	1.396209102544981318e-01	2.653291792549332673e-01	1.643823528200940021e-01	7.864277717567746961e-02	3.370641297116380719e-02	8.457627024112275571e-02
1.354575659823479100e+03	2.331664559655473590e-01	1.392698901247588217e-01	2.656909862490116625e-01	1.646257772517912277e-01	7.874462790510738941e-02	3.377448387363332638e-02	8.472777863013530864e-02
1.359413430037134731e+03	2.325941153410367723e-01	1.389208828649605709e-01	2.660506204378332296e-01	1.648678177264557287e-01	7.884590950685553545e-02	3.384223597308900350e-02	8.487841814975428945e-02
1.364251200250789907e+03	2.320250564490420331e-01	1.385738769108726121e-01	2.664080954390465883e-01	1.651084821289771909e-01	7.894662509174239784e-02	3.390967024744102887e-02	8.502819373286318871e-02
1.369088970464445310e+03	2.314592604389895114e-01	1.382288607649860834e-01	2.667634247787236124e-01	1.653477782975261157e-01	7.904677775409399421e-02	3.397678767924456472e-02	8.517711028642108162e-02
1.373926740678100487e+03	2.308967085690168952e-01	1.378858229961249793e-01	2.671166218920411062e-01	1.655857140238958525e-01	7.914637057183154800e-02	3.404358925554644422e-02	8.532517269152811723e-02
1.378764510891755890e+03	2.303373822053400022e-01	1.375447522390592925e-01	2.674677001239571528e-01	1.658222970538403007e-01	7.924540660656062552e-02	3.411007596773436845e-02	8.547238580349326986e-02
1.383602281105411066e+03	2.297812628216234221e-01	1.372056371941205999e-01	2.678166727298812999e-01	1.660575350874073930e-01	7.934388890365935698e-02	3.417624881138858067e-02	8.561875445190436640e-02
1.388440051319066470e+03	2.292283319983550727e-01	1.368684666268199512e-01	2.681635528763396947e-01	1.662914357792682762e-01	7.944182049236604704e-02	3.424210878613598297e-02	8.576428344070005649e-02
1.393277821532721646e+03	2.286785714222243082e-01	1.365332293674679787e-01	2.685083536416339456e-01	1.665240067390422463e-01	7.953920438586603581e-02	3.430765689550669545e-02	8.590897754824391996e-02
1.398115591746377049e+03	2.281319628855038584e-01	1.361999143107973931e-01	2.688510880164946548e-01	1.667552555316179630e-01	7.963604358137786610e-02	3.437289414679291916e-02	8.605284152740046155e-02
1.402953361960032225e+03	2.275884882854354307e-01	1.358685104155875900e-01	2.691917689047297335e-01	1.669851896774704192e-01	7.973234106023885381e-02	3.443782155091019981e-02	8.619588010561285429e-02
1.407791132173687402e+03	2.270481296236189495e-01	1.355390067042917257e-01	2.695304091238670541e-01	1.672138166529741066e-01	7.982809978798985351e-02	3.450244012226093282e-02	8.633809798498245924e-02
1.412628902387342805e+03	2.265108690054054852e-01	1.352113922626658193e-01	2.698670214057913297e-01	1.674411438907125738e-01	7.992332271445951042e-02	3.456675087860021367e-02	8.647949984235016319e-02
1.417466672600997981e+03	2.259766886392938767e-01	1.348856562394001035e-01	2.702016183973763863e-01	1.676671787797840152e-01	8.001801277384776312e-02	3.463075484090381850e-02	8.662009032937911801e-02
1.422304442814653157e+03	2.254455708363306554e-01	1.345617878457528727e-01	2.705342126611114950e-01	1.678919286661036125e-01	8.011217288480883270e-02	3.469445303323849539e-02	8.675987407263910378e-02
1.427142213028308333e+03	2.249174980095139387e-01	1.342397763551860523e-01	2.708648166757230968e-01	1.681154008527018517e-01	8.020580595053350415e-02	3.475784648263432336e-02	8.689885567369237673e-02
1.431979983241963964e+03	2.243924526732007096e-01	1.339196111030032665e-01	2.711934428367904215e-01	1.683376026000198422e-01	8.029891485883081104e-02	3.482093621895927110e-02	8.703703970918080790e-02
1.436817753455619140e+03	2.238704174425174553e-01	1.336012814859899867e-01	2.715201034573572203e-01	1.685585411262010280e-01	8.039150248220917894e-02	3.488372327479585117e-02	8.717443073091442340e-02
1.441655523669274316e+03	2.233513750327745517e-01	1.332847769620558731e-01	2.718448107685372261e-01	1.687782236073794850e-01	8.048357167795695821e-02	3.494620868531981422e-02	8.731103326596120762e-02
1.446493293882929493e+03	2.228353082588840905e-01	1.329700870498791154e-01	2.721675769201153949e-01	1.689966571779652205e-01	8.057512528822236009e-02	3.500839348818093194e-02	8.744685181673803043e-02
1.451331064096585123e+03	2.223222000347810923e-01	1.326572013285530760e-01	2.724884139811434847e-01	1.692138489309261140e-01	8.066616614009285147e-02	3.507027872338572966e-02	8.758189086110280963e-02
1.456168834310240300e+03	2.218120333728481053e-01	1.323461094372348490e-01	2.728073339405315267e-01	1.694298059180666671e-01	8.075669704567400853e-02	3.513186543318230076e-02	8.771615485244764476e-02
1.461006604523895703e+03	2.213047913833434688e-01	1.320368010747961229e-01	2.731243487076336907e-01	1.696445351503040044e-01	8.084672080216782908e-02	3.519315466194695985e-02	8.784964821979307503e-02
1.465844374737550879e+03	2.208004572738327398e-01	1.317292659994760140e-01	2.734394701128294303e-01	1.698580435979405168e-01	8.093624019195042041e-02	3.525414745607290817e-02	8.798237536788322544e-02
1.470682144951206283e+03	2.202990143486234509e-01	1.314234940285357867e-01	2.737527099081001336e-01	1.700703381909339229e-01	8.102525798264931245e-02	3.531484486386073096e-02	8.811434067728195207e-02
1.475519915164861459e+03	2.198004460082035594e-01	1.311194750379160445e-01	2.740640797676008322e-01	1.702814258191641394e-01	8.111377692722014643e-02	3.537524793541083762e-02	8.824554850446975074e-02
1.480357685378516862e+03	2.193047357486828386e-01	1.308171989618956421e-01	2.743735912882271921e-01	1.704913133326975694e-01	8.120179976402283617e-02	3.543535772251766441e-02	8.837600318194158144e-02
1.485195455592172038e+03	2.188118671612378219e-01	1.305166557927526505e-01	2.746812559901778972e-01	1.707000075420484764e-01	8.128932921689732694e-02	3.549517527856574373e-02	8.850570901830541459e-02
1.490033225805827215e+03	2.183218239315599940e-01	1.302178355804274323e-01	2.749870853175122587e-01	1.709075152184378332e-01	8.137636799523882691e-02	3.555470165842754271e-02	8.863467029838147104e-02
1.494870996019482618e+03	2.178345898393070912e-01	1.299207284321877709e-01	2.752910906387035506e-01	1.711138430940492838e-01	8.146291879407244196e-02	3.561393791836304362e-02	8.876289128330223932e-02
1.499708766233137567e+03	2.173501487575578706e-01	1.296253245122957476e-01	2.755932832471874594e-01	1.713189978622827181e-01	8.154898429412750505e-02	3.567288511592110051e-02	8.889037621061302019e-02
1.504546536446793198e+03	2.168684846522700715e-01	1.293316140416768123e-01	2.758936743619065379e-01	1.715229861780051546e-01	8.163456716191129503e-02	3.573154430984248203e-02	8.901712929437316513e-02
1.509384306660448374e+03	2.163895815817414303e-01	1.290395872975908242e-01	2.761922751278492738e-01	1.717258146577992084e-01	8.171967004978236693e-02	3.578991655996459353e-02	8.914315472525777273e-02
1.514222076874103550e+03	2.159134236960740805e-01	1.287492346133049248e-01	2.764890966165862163e-01	1.719274898802090334e-01	8.180429559602343803e-02	3.584800292712786440e-02	8.926845667065995416e-02
1.519059847087758726e+03	2.154399952366418680e-01	1.284605463777682977e-01	2.767841498268002742e-01	1.721280183859839608e-01	8.188844642491371895e-02	3.590580447308376610e-02	8.939303927479365364e-02
1.523897617301414357e+03	2.149692805355610803e-01	1.281735130352891494e-01	2.770774456848135725e-01	1.723274066783196667e-01	8.197212514680091155e-02	3.596332226040447472e-02	8.951690665879671882e-02
1.528735387515069533e+03	2.145012640151642003e-01	1.278881250852132723e-01	2.773689950451096453e-01	1.725256612230970377e-01	8.205533435817273513e-02	3.602055735239405310e-02	8.964006292083460947e-02
1.533573157728724709e+03	2.140359301874767417e-01	1.276043730816046884e-01	2.776588086908517994e-01	1.727227884491187859e-01	8.213807664172799450e-02	3.607751081300124979e-02	8.976251213620425884e-02
1.538410927942380113e+03	2.135732636536972207e-01	1.273222476329280983e-01	2.779468973343967031e-01	1.729187947483438736e-01	8.222035456644725959e-02	3.613418370673385921e-02	8.988425835743851788e-02
1.543248698156035516e+03	2.131132491036800691e-01	1.270417394017333834e-01	2.782332716178042009e-01	1.731136864761196326e-01	8.230217068766308708e-02	3.619057709857451816e-02	9.000530561441066890e-02
1.548086468369690692e+03	2.126558713154217684e-01	1.267628391043417180e-01	2.785179421133429645e-01	1.733074699514118300e-01	8.238352754712981174e-02	3.624669205389807053e-02	9.012565791443936936e-02
1.552924238583346096e+03	2.122011151545499796e-01	1.264855375105337632e-01	2.788009193239919803e-01	1.735001514570325698e-01	8.246442767309303257e-02	3.630252963839038921e-02	9.024531924239384550e-02
1.557762008797001272e+03	2.117489655738155341e-01	1.262098254432394706e-01	2.790822136839379852e-01	1.736917372398660842e-01	8.254487358035859923e-02	3.635809091796865511e-02	9.036429356079923869e-02
1.562599779010656675e+03	2.112994076125877807e-01	1.259356937782299957e-01	2.793618355590689606e-01	1.738822335110925266e-01	8.262486777036118224e-02	3.641337695870299623e-02	9.048258480994215980e-02
1.567437549224311852e+03	2.108524263963523493e-01	1.256631334438112479e-01	2.796397952474635185e-01	1.740716464464097946e-01	8.270441273123255166e-02	3.646838882673968107e-02	9.060019690797650738e-02
1.572275319437967255e+03	2.104080071362123550e-01	1.253921354205192462e-01	2.799161029798765687e-01	1.742599821862532428e-01	8.278351093786937009e-02	3.652312758822555405e-02	9.071713375102929966e-02
1.577113089651622431e+03	2.099661351283924338e-01	1.251226907408174160e-01	2.801907689202208229e-01	1.744472468360136475e-01	8.286216485200066650e-02	3.657759430923393507e-02	9.083339921330671474e-02
1.581950859865277607e+03	2.095267957537455261e-01	1.248547904887954280e-01	2.804638031660447450e-01	1.746334464662530617e-01	8.294037692225487979e-02	3.663179005569180968e-02	9.094899714720018624e-02
1.586788630078933011e+03	2.090899744772626578e-01	1.245884257998700895e-01	2.807352157490064504e-01	1.748185871129189495e-01	8.301814958422652768e-02	3.668571589330842098e-02	9.106393138339261006e-02
1.591626400292587959e+03	2.086556568475857742e-01	1.243235878604878608e-01	2.810050166353434964e-01	1.750026747775564051e-01	8.309548526054255646e-02	3.673937288750506874e-02	9.117820573096453718e-02
1.596464170506243590e+03	2.082238284965231556e-01	1.240602679078290360e-01	2.812732157263398980e-01	1.751857154275185402e-01	8.317238636092834370e-02	3.679276210334629649e-02	9.129182397750047750e-02
1.601301940719898766e+03	2.077944751385678301e-01	1.237984572295138946e-01	2.815398228587882579e-01	1.753677149961751780e-01	8.324885528227317366e-02	3.684588460547229272e-02	9.140478988919510661e-02
1.606139710933553943e+03	2.073675825704188458e-01	1.235381471633103523e-01	2.818048478054490102e-01	1.755486793831197434e-01	8.332489440869560171e-02	3.689874145803254818e-02	9.151710721095963896e-02
1.610977481147209119e+03	2.069431366705053454e-01	1.232793290968435262e-01	2.820683002755057234e-01	1.757286144543742379e-01	8.340050611160823579e-02	3.695133372462078292e-02	9.162877966652793749e-02
1.615815251360864750e+03	2.065211233985133343e-01	1.230219944673068416e-01	2.823301899150166272e-01	1.759075260425929377e-01	8.347569274978228204e-02	3.700366246821102517e-02	9.173981095856276191e-02
1.620653021574519926e+03	2.061015287949153896e-01	1.227661347611749554e-01	2.825905263073627549e-01	1.760854199472640380e-01	8.355045666941178506e-02	3.705572875109498787e-02	9.185020476876189222e-02
1.625490791788175102e+03	2.056843389805029509e-01	1.225117415139183596e-01	2.828493189736925872e-01	1.762623019349098263e-01	8.362480020417739635e-02	3.710753363482049982e-02	9.195996475796414105e-02
1.630328562001830505e+03	2.052695401559215538e-01	1.222588063097196087e-01	2.831065773733630331e-01	1.764381777392851347e-01	8.369872567530994845e-02	3.715907818013121366e-02	9.206909456625528287e-02
1.635166332215485909e+03	2.048571186012086709e-01	1.220073207811912391e-01	2.833623109043768018e-01	1.766130530615742933e-01	8.377223539165355726e-02	3.721036344690738240e-02	9.217759781307392764e-02
1.640004102429141085e+03	2.044470606753341357e-01	1.217572766090953967e-01	2.836165289038164450e-01	1.767869335705864742e-01	8.384533164972846064e-02	3.726139049410778781e-02	9.228547809731718621e-02
1.644841872642796488e+03	2.040393528157436742e-01	1.215086655220649625e-01	2.838692406482751784e-01	1.769598249029495363e-01	8.391801673379356563e-02	3.731216037971282762e-02	9.239273899744616936e-02
1.649679642856451665e+03	2.036339815379047125e-01	1.212614792963265659e-01	2.841204553542837630e-01	1.771317326633021771e-01	8.399029291590857926e-02	3.736267416066861580e-02	9.249938407159145892e-02
1.654517413070107068e+03	2.032309334348549323e-01	1.210157097554250272e-01	2.843701821787347206e-01	1.773026624244848082e-01	8.406216245599590353e-02	3.741293289283221385e-02	9.260541685765828757e-02
1.659355183283762244e+03	2.028301951767536859e-01	1.207713487699493826e-01	2.846184302193024429e-01	1.774726197277287365e-01	8.413362760190214173e-02	3.746293763091790990e-02	9.271084087343155200e-02
1.664192953497417420e+03	2.024317535104357968e-01	1.205283882572607684e-01	2.848652085148605795e-01	1.776416100828440703e-01	8.420469058945934115e-02	3.751268942844455945e-02	9.281565961668068743e-02
1.669030723711072824e+03	2.020355952589681092e-01	1.202868201812216237e-01	2.851105260458959290e-01	1.778096389684060696e-01	8.427535364254584715e-02	3.756218933768393914e-02	9.291987656526430606e-02
1.673868493924728000e+03	2.016417073212085076e-01	1.200466365519266831e-01	2.853543917349189440e-01	1.779767118319400820e-01	8.434561897314697687e-02	3.761143840961014145e-02	9.302349517723451644e-02
1.678706264138383403e+03	2.012500766713677114e-01	1.198078294254354415e-01	2.855968144468711833e-01	1.781428340901052010e-01	8.441548878141522105e-02	3.766043769384994078e-02	9.312651889094121505e-02
1.683544034352038352e+03	2.008606903585735681e-01	1.195703909035061574e-01	2.858378029895295436e-01	1.783080111288763148e-01	8.448496525573026550e-02	3.770918823863415176e-02	9.322895112513591986e-02
1.688381804565693983e+03	2.004735355064376501e-01	1.193343131333315793e-01	2.860773661139074386e-01	1.784722483037250729e-01	8.455405057275870717e-02	3.775769109075001462e-02	9.333079527907549300e-02
1.693219574779349159e+03	2.000885993126249041e-01	1.190995883072760442e-01	2.863155125146524260e-01	1.786355509397993258e-01	8.462274689751335399e-02	3.780594729549444782e-02	9.343205473262555794e-02
1.698057344993004335e+03	1.997058690484252719e-01	1.188662086626142006e-01	2.865522508304411686e-01	1.787979243321012046e-01	8.469105638341234421e-02	3.785395789662830690e-02	9.353273284636363927e-02
1.702895115206659511e+03	1.993253320583281418e-01	1.186341664812712859e-01	2.867875896443711214e-01	1.789593737456640632e-01	8.475898117233793272e-02	3.790172393633155917e-02	9.363283296168201097e-02
1.707732885420315142e+03	1.989469757595992983e-01	1.184034540895648746e-01	2.870215374843492762e-01	1.791199044157280595e-01	8.482652339469495817e-02	3.794924645515936751e-02	9.373235840089026716e-02
1.712570655633970318e+03	1.985707876418601747e-01	1.181740638579481251e-01	2.872541028234775196e-01	1.792795215479144333e-01	8.489368516946908805e-02	3.799652649199906917e-02	9.383131246731764297e-02
1.717408425847625494e+03	1.981967552666696886e-01	1.179459882007546367e-01	2.874852940804355494e-01	1.794382303183985061e-01	8.496046860428467518e-02	3.804356508402808451e-02	9.392969844541493307e-02
1.722246196061280898e+03	1.978248662671084623e-01	1.177192195759446808e-01	2.877151196198601268e-01	1.795960358740815166e-01	8.502687579546244767e-02	3.809036326667263050e-02	9.402751960085617422e-02
1.727083966274936301e+03	1.974551083473655710e-01	1.174937504848529574e-01	2.879435877527222742e-01	1.797529433327612336e-01	8.509290882807675482e-02	3.813692207356737113e-02	9.412477918063996696e-02
1.731921736488591478e+03	1.970874692823275098e-01	1.172695734719378241e-01	2.881707067367004216e-01	1.799089577833012377e-01	8.515856977601275746e-02	3.818324253651585870e-02	9.422148041319047818e-02
1.736759506702246881e+03	1.967219369171698262e-01	1.170466811245320510e-01	2.883964847765518313e-01	1.800640842857992308e-01	8.522386070202309094e-02	3.822932568545184262e-02	9.431762650845816609e-02
1.741597276915902057e+03	1.963584991669509727e-01	1.168250660725950324e-01	2.886209300244802489e-01	1.802183278717539028e-01	8.528878365778443105e-02	3.827517254840138994e-02	9.441322065802003338e-02
1.746435047129557461e+03	1.959971440162085465e-01	1.166047209884662483e-01	2.888440505805011105e-01	1.803716935442308822e-01	8.535334068395372675e-02	3.832078415144582473e-02	9.450826603517968605e-02
1.751272817343212637e+03	1.956378595185578051e-01	1.163856385866204601e-01	2.890658544928038087e-01	1.805241862780273820e-01	8.541753381022411384e-02	3.836616151868547236e-02	9.460276579506696204e-02
1.756110587556867813e+03	1.952806337962929295e-01	1.161678116234241415e-01	2.892863497581113497e-01	1.806758110198356249e-01	8.548136505538063423e-02	3.841130567220418790e-02	9.469672307473714357e-02
1.760948357770523216e+03	1.949254550399899810e-01	1.159512328968934358e-01	2.895055443220368452e-01	1.808265726884056013e-01	8.554483642735562221e-02	3.845621763203461996e-02	9.479014099326996123e-02
1.765786127984178393e+03	1.945723115081126331e-01	1.157358952464534463e-01	2.897234460794376742e-01	1.809764761747060247e-01	8.560794992328391029e-02	3.850089841612430730e-02	9.488302265186809858e-02
1.770623898197833569e+03	1.942211915266202349e-01	1.155217915526989825e-01	2.899400628747667019e-01	1.811255263420847861e-01	8.567070752955760482e-02	3.854534904030249010e-02	9.497537113395534969e-02
1.775461668411488745e+03	1.938720834885777899e-01	1.153089147371566814e-01	2.901554025024207228e-01	1.812737280264280493e-01	8.573311122188077837e-02	3.858957051824767753e-02	9.506718950527448531e-02
1.780299438625144376e+03	1.935249758537685161e-01	1.150972577620485993e-01	2.903694727070864068e-01	1.814210860363182631e-01	8.579516296532382902e-02	3.863356386145590238e-02	9.515848081398464720e-02
1.785137208838799552e+03	1.931798571483086258e-01	1.148868136300570525e-01	2.905822811840836906e-01	1.815676051531912583e-01	8.585686471437752043e-02	3.867733007920974575e-02	9.524924809075833998e-02
1.789974979052454728e+03	1.928367159642642992e-01	1.146775753840909018e-01	2.907938355797058394e-01	1.817132901314921500e-01	8.591821841300685547e-02	3.872087017854806967e-02	9.533949434887811769e-02
1.794812749266109904e+03	1.924955409592708500e-01	1.144695361070532519e-01	2.910041434915578984e-01	1.818581456988303535e-01	8.597922599470463056e-02	3.876418516423639493e-02	9.542922258433285398e-02
1.799650519479765535e+03	1.921563208561542502e-01	1.142626889216104003e-01	2.912132124688919799e-01	1.820021765561333216e-01	8.603988938254478192e-02	3.880727603873800752e-02	9.551843577591359602e-02
1.804488289693420711e+03	1.918190444425546815e-01	1.140570269899622013e-01	2.914210500129396086e-01	1.821453873777996724e-01	8.610021048923542641e-02	3.885014380218576591e-02	9.560713688530897425e-02
1.809326059907075887e+03	1.914837005705524453e-01	1.138525435136137631e-01	2.916276635772427905e-01	1.822877828118509014e-01	8.616019121717165274e-02	3.889278945235450508e-02	9.569532885720032078e-02
1.814163830120731291e+03	1.911502781562959552e-01	1.136492317331484619e-01	2.918330605679810841e-01	1.824293674800823162e-01	8.621983345848811819e-02	3.893521398463413441e-02	9.578301461935634364e-02
1.819001600334386467e+03	1.908187661796320045e-01	1.134470849280023036e-01	2.920372483442970069e-01	1.825701459782130276e-01	8.627913909511136792e-02	3.897741839200340175e-02	9.587019708272732921e-02
1.823839370548041643e+03	1.904891536837380328e-01	1.132460964162396166e-01	2.922402342186188884e-01	1.827101228760348306e-01	8.633810999881190440e-02	3.901940366500425417e-02	9.595687914153901155e-02
1.828677140761696819e+03	1.901614297747566129e-01	1.130462595543299670e-01	2.924420254569810029e-01	1.828493027175601970e-01	8.639674803125593772e-02	3.906117079171685796e-02	9.604306367338596995e-02
1.833514910975352450e+03	1.898355836214321579e-01	1.128475677369264324e-01	2.926426292793417039e-01	1.829876900211693802e-01	8.645505504405701092e-02	3.910272075773520845e-02	9.612875353932467948e-02
1.838352681189008081e+03	1.895116044547495715e-01	1.126500143966452372e-01	2.928420528598986161e-01	1.831252892797563814e-01	8.651303287882733395e-02	3.914405454614335728e-02	9.621395158396613134e-02
1.843190451402663257e+03	1.891894815675751185e-01	1.124535930038465664e-01	2.930403033274016078e-01	1.832621049608742780e-01	8.657068336722884005e-02	3.918517313749224351e-02	9.629866063556795364e-02
1.848028221616318433e+03	1.888692043142994048e-01	1.122582970664166568e-01	2.932373877654637639e-01	1.833981415068793031e-01	8.662800833102404785e-02	3.922607750977710750e-02	9.638288350612624067e-02
1.852865991829973609e+03	1.885507621104823839e-01	1.120641201295512757e-01	2.934333132128695842e-01	1.835334033350743410e-01	8.668500958212661811e-02	3.926676863841549459e-02	9.646662299146685493e-02
1.857703762043628785e+03	1.882341444325003610e-01	1.118710557755403234e-01	2.936280866638806275e-01	1.836678948378512033e-01	8.674168892265181341e-02	3.930724749622582087e-02	9.654988187133636823e-02
1.862541532257283961e+03	1.879193408171951907e-01	1.116790976235537830e-01	2.938217150685397128e-01	1.838016203828322093e-01	8.679804814496655530e-02	3.934751505340648020e-02	9.663266290949260040e-02
1.867379302470939592e+03	1.876063408615254724e-01	1.114882393294288759e-01	2.940142053329718452e-01	1.839345843130109071e-01	8.685408903173928719e-02	3.938757227751555484e-02	9.671496885379461672e-02
1.872217072684594768e+03	1.872951342222196891e-01	1.112984745854584678e-01	2.942055643196835879e-01	1.840667909468916563e-01	8.690981335598971236e-02	3.942742013345101187e-02	9.679680243629244785e-02
1.877054842898249490e+03	1.869857106154314830e-01	1.111097971201807089e-01	2.943957988478597132e-01	1.841982445786287392e-01	8.696522288113817112e-02	3.946705958343148246e-02	9.687816637331629621e-02
1.881892613111905121e+03	1.866780598163969296e-01	1.109222006981698816e-01	2.945849156936578561e-01	1.843289494781642501e-01	8.702031936105479593e-02	3.950649158697756846e-02	9.695906336556527061e-02
1.886730383325560297e+03	1.863721716590937272e-01	1.107356791198285118e-01	2.947729215905010025e-01	1.844589098913652914e-01	8.707510454010855550e-02	3.954571710089362091e-02	9.703949609819592648e-02
1.891568153539215928e+03	1.860680360359023289e-01	1.105502262211806308e-01	2.949598232293673128e-01	1.845881300401603087e-01	8.712958015321591032e-02	3.958473707925008744e-02	9.711946724091001515e-02
1.896405923752871104e+03	1.857656428972693230e-01	1.103658358736662737e-01	2.951456272590785579e-01	1.847166141226746494e-01	8.718374792588937106e-02	3.962355247336631081e-02	9.719897944804212209e-02
1.901243693966526507e+03	1.854649822513723401e-01	1.101825019839371977e-01	2.953303402865856686e-01	1.848443663133651216e-01	8.723760957428569607e-02	3.966216423179389633e-02	9.727803535864672224e-02
1.906081464180181683e+03	1.851660441637872911e-01	1.100002184936537675e-01	2.955139688772523976e-01	1.849713907631539422e-01	8.729116680525399186e-02	3.970057330030044712e-02	9.735663759658483296e-02
1.910919234393836859e+03	1.848688187571573827e-01	1.098189793792829355e-01	2.956965195551370940e-01	1.850976915995615479e-01	8.734442131638354978e-02	3.973878062185393079e-02	9.743478877061023669e-02
1.915757004607492036e+03	1.845732962108639907e-01	1.096387786518975838e-01	2.958779988032719799e-01	1.852232729268390721e-01	8.739737479605137749e-02	3.977678713660739995e-02	9.751249147445530119e-02
1.920594774821147894e+03	1.842794667606996173e-01	1.094596103569768913e-01	2.960584130639404288e-01	1.853481388260996010e-01	8.745002892346960544e-02	3.981459378188423326e-02	9.758974828691634185e-02
1.925432545034802843e+03	1.839873206985425669e-01	1.092814685742078823e-01	2.962377687389524117e-01	1.854722933554488196e-01	8.750238536873264361e-02	3.985220149216381347e-02	9.766656177193853983e-02
1.930270315248458019e+03	1.836968483720336498e-01	1.091043474172881805e-01	2.964160721899177786e-01	1.855957405501148516e-01	8.755444579286410234e-02	3.988961119906767050e-02	9.774293447870048557e-02
1.935108085462113195e+03	1.834080401842546892e-01	1.089282410337298335e-01	2.965933297385172085e-01	1.857184844225772125e-01	8.760621184786347715e-02	3.992682383134605467e-02	9.781886894169825042e-02
1.939945855675768371e+03	1.831208865934089436e-01	1.087531436046643846e-01	2.967695476667714383e-01	1.858405289626952062e-01	8.765768517675270877e-02	3.996384031486496097e-02	9.789436768082908358e-02
1.944783625889424002e+03	1.828353781125034161e-01	1.085790493446489313e-01	2.969447322173085491e-01	1.859618781378353791e-01	8.770886741362234063e-02	4.000066157259358351e-02	9.796943320147451228e-02
1.949621396103079178e+03	1.825515053090328021e-01	1.084059525014735015e-01	2.971188895936290320e-01	1.860825358929982520e-01	8.775976018367767639e-02	4.003728852459217252e-02	9.804406799458328936e-02
1.954459166316734354e+03	1.822692588046656015e-01	1.082338473559693454e-01	2.972920259603690218e-01	1.862025061509442470e-01	8.781036510328456279e-02	4.007372208800030755e-02	9.811827453675367461e-02
1.959296936530389530e+03	1.819886292749317569e-01	1.080627282218185187e-01	2.974641474435614219e-01	1.863217928123189759e-01	8.786068378001504753e-02	4.010996317702564262e-02	9.819205529031541091e-02
1.964134706744044706e+03	1.817096074489123192e-01	1.078925894453643813e-01	2.976352601308954182e-01	1.864403997557777526e-01	8.791071781269273189e-02	4.014601270293294277e-02	9.826541270341124235e-02
1.968972476957700337e+03	1.814321841089307774e-01	1.077234254054234841e-01	2.978053700719735519e-01	1.865583308381093264e-01	8.796046879143804009e-02	4.018187157403361326e-02	9.833834921007800212e-02
1.973810247171355968e+03	1.811563500902462209e-01	1.075552305130982322e-01	2.979744832785676256e-01	1.866755898943588121e-01	8.800993829771308619e-02	4.021754069567559653e-02	9.841086723032727024e-02
1.978648017385010689e+03	1.808820962807483335e-01	1.073879992115908399e-01	2.981426057248718342e-01	1.867921807379500365e-01	8.805912790436659643e-02	4.025302097023359532e-02	9.848296917022565655e-02
1.983485787598666320e+03	1.806094136206541079e-01	1.072217259760182562e-01	2.983097433477546745e-01	1.869081071608071909e-01	8.810803917567835986e-02	4.028831329709976067e-02	9.855465742197454249e-02
1.988323557812321269e+03	1.803382931022062818e-01	1.070564053132282978e-01	2.984759020470088564e-01	1.870233729334755679e-01	8.815667366740360944e-02	4.032341857267469215e-02	9.862593436398957303e-02
1.993161328025976900e+03	1.800687257693736609e-01	1.068920317616166848e-01	2.986410876855991603e-01	1.871379818052417987e-01	8.820503292681716734e-02	4.035833769035882673e-02	9.869680236097960746e-02
1.997999098239632076e+03	1.798007027175529682e-01	1.067285998909452832e-01	2.988053060899086844e-01	1.872519375042532019e-01	8.825311849275739584e-02	4.039307154054417454e-02	9.876726376402523988e-02
2.002836868453287707e+03	1.795342150932726644e-01	1.065661043021612908e-01	2.989685630499830382e-01	1.873652437376366053e-01	8.830093189566987077e-02	4.042762101060642238e-02	9.883732091065695891e-02
2.007674638666942428e+03	1.792692540938983781e-01	1.064045396272175620e-01	2.991308643197733708e-01	1.874779041916163347e-01	8.834847465765098551e-02	4.046198698489737039e-02	9.890697612493289104e-02
2.012512408880597604e+03	1.790058109673399178e-01	1.062439005288939170e-01	2.992922156173764558e-01	1.875899225316316199e-01	8.839574829249119414e-02	4.049617034473772248e-02	9.897623171751607218e-02
2.017350179094252780e+03	1.787438770117601716e-01	1.060841817006195342e-01	2.994526226252741674e-01	1.877013024024532517e-01	8.844275430571818530e-02	4.053017196841020992e-02	9.904508998575134449e-02
2.022187949307908411e+03	1.784834435752856441e-01	1.059253778662962997e-01	2.996120909905706786e-01	1.878120474282996000e-01	8.848949419463972288e-02	4.056399273115304099e-02	9.911355321374187843e-02
2.027025719521564042e+03	1.782245020557186865e-01	1.057674837801232809e-01	2.997706263252277736e-01	1.879221612129519381e-01	8.853596944838643124e-02	4.059763350515368380e-02	9.918162367242513988e-02
2.031863489735218764e+03	1.779670439002512539e-01	1.056104942264221580e-01	2.999282342062987716e-01	1.880316473398690458e-01	8.858218154795423349e-02	4.063109515954295425e-02	9.924930361964856562e-02
2.036701259948874394e+03	1.777110606051805486e-01	1.054544040194635990e-01	3.000849201761605078e-01	1.881405093723013122e-01	8.862813196624670653e-02	4.066437856038945808e-02	9.931659530024487814e-02
2.041539030162529116e+03	1.774565437156260805e-01	1.052992080032948696e-01	3.002406897427438159e-01	1.882487508534040066e-01	8.867382216811713069e-02	4.069748457069428255e-02	9.938350094610681751e-02
2.046376800376184747e+03	1.772034848252486139e-01	1.051449010515682070e-01	3.003955483797620674e-01	1.883563753063499657e-01	8.871925361041045621e-02	4.073041405038602819e-02	9.945002277626159570e-02
2.051214570589840150e+03	1.769518755759705853e-01	1.049914780673702336e-01	3.005495015269384340e-01	1.884633862344416155e-01	8.876442774200499208e-02	4.076316785631617368e-02	9.951616299694490686e-02
2.056052340803495554e+03	1.767017076576980761e-01	1.048389339830525097e-01	3.007025545902308750e-01	1.885697871212224097e-01	8.880934600385390065e-02	4.079574684225463488e-02	9.958192380167452118e-02
2.060890111017150957e+03	1.764529728080445892e-01	1.046872637600629041e-01	3.008547129420561239e-01	1.886755814305875745e-01	8.885400982902653955e-02	4.082815185888574727e-02	9.964730737132351801e-02
2.065727881230805451e+03	1.762056628120562407e-01	1.045364623887779926e-01	3.010059819215116228e-01	1.887807726068941316e-01	8.889842064274953992e-02	4.086038375380439402e-02	9.971231587419301934e-02
2.070565651444461309e+03	1.759597695019387842e-01	1.043865248883364821e-01	3.011563668345961786e-01	1.888853640750705609e-01	8.894257986244774594e-02	4.089244337151252962e-02	9.977695146608468735e-02
2.075403421658116713e+03	1.757152847567859388e-01	1.042374463064735107e-01	3.013058729544286218e-01	1.889893592407254352e-01	8.898648889778500159e-02	4.092433155341589079e-02	9.984121629037259749e-02
2.080241191871772116e+03	1.754722005023094111e-01	1.040892217193560010e-01	3.014545055214651326e-01	1.890927614902558618e-01	8.903014915070460444e-02	4.095604913782105450e-02	9.990511247807494499e-02
2.085078962085427065e+03	1.752305087105705816e-01	1.039418462314188885e-01	3.016022697437149569e-01	1.891955741909550348e-01	8.907356201546967611e-02	4.098759695993270391e-02	9.996864214792518244e-02
2.089916732299082469e+03	1.749902013997136074e-01	1.037953149752022936e-01	3.017491707969546244e-01	1.892978006911191780e-01	8.911672887870332460e-02	4.101897585185117212e-02	1.000318074064428242e-01
2.094754502512737417e+03	1.747512706337001065e-01	1.036496231111898314e-01	3.018952138249403339e-01	1.893994443201539590e-01	8.915965111942862620e-02	4.105018664257025635e-02	1.000946103480039318e-01
2.099592272726392821e+03	1.745137085220453965e-01	1.035047658276474908e-01	3.020404039396190621e-01	1.895005083886803221e-01	8.920233010910835758e-02	4.108123015797526117e-02	1.001570530549110577e-01
2.104430042940048224e+03	1.742775072195562325e-01	1.033607383404638452e-01	3.021847462213383406e-01	1.896009961886397366e-01	8.924476721168458915e-02	4.111210722084130548e-02	1.002191375974628984e-01
2.109267813153704083e+03	1.740426589260701262e-01	1.032175358929908887e-01	3.023282457190537564e-01	1.897009109933986137e-01	8.928696378361809793e-02	4.114281865083188605e-02	1.002808660340235164e-01
2.114105583367359031e+03	1.738091558861962205e-01	1.030751537558859537e-01	3.024709074505358974e-01	1.898002560578524456e-01	8.932892117392754461e-02	4.117336526449764250e-02	1.003422404110912436e-01
2.118943353581013525e+03	1.735769903890573007e-01	1.029335872269544899e-01	3.026127364025750777e-01	1.898990346185291389e-01	8.937064072422851169e-02	4.120374787527537885e-02	1.004032627633671265e-01
2.123781123794669384e+03	1.733461547680338888e-01	1.027928316309937862e-01	3.027537375311848411e-01	1.899972498936919052e-01	8.941212376877233359e-02	4.123396729348732803e-02	1.004639351138229553e-01
2.128618894008324787e+03	1.731166414005093079e-01	1.026528823196375534e-01	3.028939157618043554e-01	1.900949050834414289e-01	8.945337163448473239e-02	4.126402432634062450e-02	1.005242594737690426e-01
2.133456664221980191e+03	1.728884427076165520e-01	1.025137346712014508e-01	3.030332759894986405e-01	1.901920033698175638e-01	8.949438564100428706e-02	4.129391977792701285e-02	1.005842378429215450e-01
2.138294434435635139e+03	1.726615511539863757e-01	1.023753840905294588e-01	3.031718230791579649e-01	1.902885479169005023e-01	8.953516710072072227e-02	4.132365444922275755e-02	1.006438722094693261e-01
2.143132204649290543e+03	1.724359592474970226e-01	1.022378260088412094e-01	3.033095618656954651e-01	1.903845418709111115e-01	8.957571731881297517e-02	4.135322913808877482e-02	1.007031645501405698e-01
2.147969974862945492e+03	1.722116595390253968e-01	1.021010558835801219e-01	3.034464971542434886e-01	1.904799883603110477e-01	8.961603759328710950e-02	4.138264463927100734e-02	1.007621168302689912e-01
2.152807745076601350e+03	1.719886446221995102e-01	1.019650691982624952e-01	3.035826337203484937e-01	1.905748904959020940e-01	8.965612921501409094e-02	4.141190174440093769e-02	1.008207310038596177e-01
2.157645515290255844e+03	1.717669071331524300e-01	1.018298614623274201e-01	3.037179763101646168e-01	1.906692513709248860e-01	8.969599346776729876e-02	4.144100124199639329e-02	1.008790090136542222e-01
2.162483285503912157e+03	1.715464397502779459e-01	1.016954282109875513e-01	3.038525296406456855e-01	1.907630740611573894e-01	8.973563162825988482e-02	4.146994391746246927e-02	1.009369527911964243e-01
2.167321055717567106e+03	1.713272351939870985e-01	1.015617650050808368e-01	3.039862983997359547e-01	1.908563616250124606e-01	8.977504496618196606e-02	4.149873055309268727e-02	1.009945642568963881e-01
2.172158825931222509e+03	1.711092862264665670e-01	1.014288674309229282e-01	3.041192872465596775e-01	1.909491171036350743e-01	8.981423474423767817e-02	4.152736192807035542e-02	1.010518453200951183e-01
2.176996596144877003e+03	1.708925856514382502e-01	1.012967311001607140e-01	3.042515008116089548e-01	1.910413435209989130e-01	8.985320221818196562e-02	4.155583881847011579e-02	1.011087978791284925e-01
2.181834366358532861e+03	1.706771263139202910e-01	1.011653516496263533e-01	3.043829436969305302e-01	1.911330438840025403e-01	8.989194863685721903e-02	4.158416199725962353e-02	1.011654238213908208e-01
2.186672136572187810e+03	1.704629010999895999e-01	1.010347247411925442e-01	3.045136204763109755e-01	1.912242211825647686e-01	8.993047524222980149e-02	4.161233223430150369e-02	1.012217250233981153e-01
2.191509906785843214e+03	1.702499029365454331e-01	1.009048460616282228e-01	3.046435356954611540e-01	1.913148783897199168e-01	8.996878326942633897e-02	4.164035029635539120e-02	1.012777033508509561e-01
2.196347676999498617e+03	1.700381247910746352e-01	1.007757113224554829e-01	3.047726938721982970e-01	1.914050184617120398e-01	9.000687394676980257e-02	4.166821694708023466e-02	1.013333606586970109e-01
2.201185447213154021e+03	1.698275596714181879e-01	1.006473162598069959e-01	3.049010994966278587e-01	1.914946443380890206e-01	9.004474849581550755e-02	4.169593294703669017e-02	1.013886987911932352e-01
2.206023217426809424e+03	1.696182006255389785e-01	1.005196566342845405e-01	3.050287570313237051e-01	1.915837589417959952e-01	9.008240813138686243e-02	4.172349905368975126e-02	1.014437195819676840e-01
2.210860987640464373e+03	1.694100407412910958e-01	1.003927282308181151e-01	3.051556709115068045e-01	1.916723651792681393e-01	9.011985406161099332e-02	4.175091602141148966e-02	1.014984248540809347e-01
2.215698757854119776e+03	1.692030731461902637e-01	1.002665268585259950e-01	3.052818455452227520e-01	1.917604659405232059e-01	9.015708748795418781e-02	4.177818460148400442e-02	1.015528164200872469e-01
2.220536528067775180e+03	1.689972910071857459e-01	1.001410483505755650e-01	3.054072853135182397e-01	1.918480640992532293e-01	9.019410960525711674e-02	4.180530554210251659e-02	1.016068960820952632e-01
2.225374298281430583e+03	1.687926875304334995e-01	1.000162885640449723e-01	3.055319945706161944e-01	1.919351625129159800e-01	9.023092160176993115e-02	4.183227958837859584e-02	1.016606656318284757e-01
2.230212068495085077e+03	1.685892559610707442e-01	9.989224337978559742e-02	3.056559776440894716e-01	1.920217640228258360e-01	9.026752465918720658e-02	4.185910748234358825e-02	1.017141268506852742e-01
2.235049838708740936e+03	1.683869895829915864e-01	9.976890870228519170e-02	3.057792388350334400e-01	1.921078714542439614e-01	9.030391995268267913e-02	4.188578996295214824e-02	1.017672815097986488e-01
2.239887608922396339e+03	1.681858817186243360e-01	9.964628045953201341e-02	3.059017824182376222e-01	1.921934876164682893e-01	9.034010865094381504e-02	4.191232776608593696e-02	1.018201313700956012e-01
2.244725379136052197e+03	1.679859257287097396e-01	9.952435460287958890e-02	3.060236126423556136e-01	1.922786153029228118e-01	9.037609191620619986e-02	4.193872162455749425e-02	1.018726781823561522e-01
2.249563149349706237e+03	1.677871150120805732e-01	9.940312710691229237e-02	3.061447337300742810e-01	1.923632572912463701e-01	9.041187090428785822e-02	4.196497226811418679e-02	1.019249236872720871e-01
2.254400919563362095e+03	1.675894430054427620e-01	9.928259396931178593e-02	3.062651498782812398e-01	1.924474163433810003e-01	9.044744676462325439e-02	4.199108042344235764e-02	1.019768696155052556e-01
2.259238689777017044e+03	1.673929031831574432e-01	9.916275121072408438e-02	3.063848652582318866e-01	1.925310952056598635e-01	9.048282064029722349e-02	4.201704681417158666e-02	1.020285176877456096e-01
2.264076459990672902e+03	1.671974890570244454e-01	9.904359487462752187e-02	3.065038840157145450e-01	1.926142966088944808e-01	9.051799366807873615e-02	4.204287216087909673e-02	1.020798696147689755e-01
