1.001418434226643626e+03	2.851904200224348318e-01	1.702732720551818901e-01	2.342531238058521426e-01	1.417634653995102356e-01	6.949495049322536311e-02	2.814394219527970725e-02	7.088082602850272196e-02
1.002869765290740247e+03	2.849278203574557300e-01	1.701143828298365412e-01	2.344265013467166092e-01	1.418709484087482264e-01	6.953938207475825195e-02	2.817157305252462191e-02	7.094939192994684229e-02
1.004321096354836754e+03	2.846656752740723273e-01	1.699557686794514466e-01	2.345995599374837148e-01	1.419782466243799945e-01	6.958373866041329958e-02	2.819916945269413180e-02	7.101784137149189102e-02
1.005772427418933376e+03	2.844039839830892480e-01	1.697974291263438240e-01	2.347723001610422522e-01	1.420853604044616803e-01	6.962802038717472164e-02	2.822673140356624089e-02	7.108617453430889077e-02
1.007223758483029997e+03	2.841427456966925114e-01	1.696393636936679994e-01	2.349447225991751764e-01	1.421922901061211664e-01	6.967222739172189427e-02	2.825425891313285837e-02	7.115439159947530012e-02
1.008675089547126618e+03	2.838819596284474778e-01	1.694815719054137415e-01	2.351168278325621586e-01	1.422990360855619085e-01	6.971635981043029784e-02	2.828175198959837974e-02	7.122249274797300134e-02
1.010126420611223239e+03	2.836216249932958511e-01	1.693240532864049852e-01	2.352886164407822500e-01	1.424055986980667654e-01	6.976041777937258548e-02	2.830921064137826779e-02	7.129047816068624643e-02
1.011577751675319632e+03	2.833617410075536247e-01	1.691668073622981383e-01	2.354600890023165194e-01	1.425119782980017735e-01	6.980440143431945743e-02	2.833663487709764395e-02	7.135834801839981145e-02
1.013029082739416367e+03	2.831023068889084171e-01	1.690098336595806938e-01	2.356312460945505782e-01	1.426181752388197554e-01	6.984831091074071574e-02	2.836402470558989017e-02	7.142610250179698417e-02
1.014480413803512761e+03	2.828433218564169183e-01	1.688531317055695091e-01	2.358020882937772733e-01	1.427241898730642333e-01	6.989214634380619406e-02	2.839138013589525070e-02	7.149374179145766284e-02
1.015931744867609382e+03	2.825847851305026137e-01	1.686967010284096680e-01	2.359726161751992124e-01	1.428300225523729816e-01	6.993590786838672912e-02	2.841870117725944778e-02	7.156126606785645494e-02
1.017383075931706003e+03	2.823266959329530645e-01	1.685405411570726486e-01	2.361428303129313733e-01	1.429356736274818018e-01	6.997959561905511827e-02	2.844598783913230428e-02	7.162867551136080368e-02
1.018834406995802851e+03	2.820690534869178534e-01	1.683846516213550193e-01	2.363127312800035185e-01	1.430411434482281308e-01	7.002320973008707705e-02	2.847324013116636632e-02	7.169597030222918388e-02
1.020285738059899245e+03	2.818118570169056425e-01	1.682290319518768562e-01	2.364823196483630263e-01	1.431464323635546765e-01	7.006675033546218290e-02	2.850045806321554326e-02	7.176315062060922845e-02
1.021737069123995752e+03	2.815551057487821196e-01	1.680736816800802724e-01	2.366515959888772502e-01	1.432515407215130265e-01	7.011021756886481882e-02	2.852764164533374766e-02	7.183021664653592431e-02
1.023188400188092373e+03	2.812987989097673336e-01	1.679186003382279468e-01	2.368205608713359334e-01	1.433564688692673117e-01	7.015361156368517259e-02	2.855479088777355262e-02	7.189716855992990541e-02
1.024639731252188767e+03	2.810429357284334739e-01	1.677637874594016532e-01	2.369892148644539842e-01	1.434612171530976199e-01	7.019693245302004170e-02	2.858190580098483868e-02	7.196400654059557922e-02
1.026091062316285615e+03	2.807875154347020397e-01	1.676092425775008166e-01	2.371575585358738081e-01	1.435657859184037433e-01	7.024018036967387413e-02	2.860898639561346157e-02	7.203073076821947529e-02
1.027542393380382237e+03	2.805325372598418965e-01	1.674549652272408762e-01	2.373255924521678883e-01	1.436701755097085365e-01	7.028335544615968433e-02	2.863603268249993034e-02	7.209734142236846888e-02
1.028993724444478858e+03	2.802780004364663902e-01	1.673009549441520083e-01	2.374933171788412012e-01	1.437743862706614695e-01	7.032645781469992752e-02	2.866304467267807160e-02	7.216383868248812949e-02
1.030445055508575479e+03	2.800239041985315147e-01	1.671472112645775443e-01	2.376607332803337413e-01	1.438784185440422358e-01	7.036948760722744334e-02	2.869002237737372160e-02	7.223022272790105558e-02
1.031896386572671872e+03	2.797702477813327482e-01	1.669937337256724719e-01	2.378278413200230479e-01	1.439822726717640278e-01	7.041244495538638570e-02	2.871696580800342166e-02	7.229649373780513977e-02
1.033347717636768493e+03	2.795170304215032764e-01	1.668405218654021305e-01	2.379946418602265357e-01	1.440859489948770888e-01	7.045532999053312484e-02	2.874387497617311715e-02	7.236265189127201458e-02
1.034799048700865114e+03	2.792642513570112728e-01	1.666875752225406015e-01	2.381611354622039656e-01	1.441894478535721280e-01	7.049814284373710771e-02	2.877074989367685645e-02	7.242869736724541485e-02
1.036250379764961508e+03	2.790119098271575115e-01	1.665348933366692652e-01	2.383273226861599703e-01	1.442927695871837057e-01	7.054088364578182946e-02	2.879759057249551071e-02	7.249463034453954013e-02
1.037701710829058356e+03	2.787600050725732026e-01	1.663824757481753569e-01	2.384932040912464413e-01	1.443959145341935923e-01	7.058355252716565220e-02	2.882439702479549365e-02	7.256045100183754204e-02
1.039153041893154750e+03	2.785085363352174381e-01	1.662303219982506353e-01	2.386587802355648880e-01	1.444988830322341822e-01	7.062614961810279035e-02	2.885116926292748130e-02	7.262615951768995604e-02
1.040604372957251599e+03	2.782575028583746390e-01	1.660784316288896889e-01	2.388240516761688526e-01	1.446016754180918518e-01	7.066867504852408777e-02	2.887790729942514914e-02	7.269175607051311938e-02
1.042055704021347992e+03	2.780069038866523901e-01	1.659268041828887430e-01	2.389890189690664080e-01	1.447042920277102074e-01	7.071112894807800309e-02	2.890461114700391618e-02	7.275724083858771396e-02
1.043507035085444613e+03	2.777567386659790527e-01	1.657754392038440494e-01	2.391536826692224615e-01	1.448067331961934434e-01	7.075351144613142851e-02	2.893128081855968203e-02	7.282261400005722585e-02
1.044958366149541234e+03	2.775070064436014339e-01	1.656243362361505544e-01	2.393180433305611421e-01	1.449089992578095898e-01	7.079582267177059185e-02	2.895791632716759184e-02	7.288787573292647426e-02
1.046409697213637855e+03	2.772577064680822323e-01	1.654734948250002613e-01	2.394821015059681868e-01	1.450110905459938426e-01	7.083806275380187534e-02	2.898451768608078030e-02	7.295302621506018215e-02
1.047861028277734476e+03	2.770088379892978736e-01	1.653229145163810365e-01	2.396458577472932727e-01	1.451130073933517561e-01	7.088023182075274542e-02	2.901108490872916085e-02	7.301806562418149127e-02
1.049312359341831097e+03	2.767604002584360123e-01	1.651725948570751390e-01	2.398093126053524038e-01	1.452147501316624623e-01	7.092233000087259931e-02	2.903761800871818011e-02	7.308299413787054666e-02
1.050763690405927491e+03	2.765123925279932560e-01	1.650225353946576101e-01	2.399724666299301867e-01	1.453163190918819458e-01	7.096435742213359765e-02	2.906411699982760014e-02	7.314781193356312272e-02
1.052215021470024112e+03	2.762648140517728335e-01	1.648727356774949970e-01	2.401353203697822736e-01	1.454177146041461810e-01	7.100631421223156658e-02	2.909058189601029451e-02	7.321251918854920770e-02
1.053666352534120733e+03	2.760176640848822083e-01	1.647231952547438816e-01	2.402978743726375821e-01	1.455189369977742952e-01	7.104820049858676101e-02	2.911701271139103056e-02	7.327711607997164367e-02
1.055117683598217127e+03	2.757709418837306359e-01	1.645739136763495758e-01	2.404601291852006273e-01	1.456199866012716782e-01	7.109001640834480829e-02	2.914340946026526893e-02	7.334160278482475259e-02
1.056569014662313975e+03	2.755246467060271098e-01	1.644248904930445121e-01	2.406220853531538528e-01	1.457208637423333675e-01	7.113176206837749926e-02	2.916977215709797705e-02	7.340597947995307349e-02
1.058020345726410369e+03	2.752787778107778083e-01	1.642761252563469110e-01	2.407837434211599348e-01	1.458215687478467415e-01	7.117343760528362095e-02	2.919610081652242867e-02	7.347024634204990523e-02
1.059471676790506763e+03	2.750333344582838180e-01	1.641276175185594211e-01	2.409451039328640576e-01	1.459221019438950717e-01	7.121504314538981695e-02	2.922239545333903121e-02	7.353440354765619635e-02
1.060923007854603611e+03	2.747883159101388029e-01	1.639793668327676202e-01	2.411061674308961345e-01	1.460224636557602151e-01	7.125657881475140620e-02	2.924865608251415311e-02	7.359845127315907398e-02
1.062374338918700232e+03	2.745437214292267836e-01	1.638313727528386832e-01	2.412669344568731389e-01	1.461226542079259727e-01	7.129804473915321572e-02	2.927488271917894069e-02	7.366238969479069199e-02
1.063825669982796853e+03	2.742995502797196949e-01	1.636836348334199387e-01	2.414274055514013806e-01	1.462226739240809481e-01	7.133944104411037157e-02	2.930107537862816636e-02	7.372621898862695422e-02
1.065277001046893474e+03	2.740558017270751656e-01	1.635361526299374535e-01	2.415875812540786705e-01	1.463225231271216564e-01	7.138076785486915932e-02	2.932723407631907322e-02	7.378993933058629329e-02
1.066728332110990095e+03	2.738124750380341310e-01	1.633889256985947003e-01	2.417474621034966520e-01	1.464222021391554662e-01	7.142202529640781505e-02	2.935335882787020942e-02	7.385355089642839377e-02
1.068179663175086489e+03	2.735695694806187794e-01	1.632419535963710866e-01	2.419070486372430495e-01	1.465217112815037359e-01	7.146321349343735807e-02	2.937944964906030049e-02	7.391705386175308201e-02
1.069630994239183110e+03	2.733270843241298320e-01	1.630952358810205949e-01	2.420663413919037221e-01	1.466210508747046448e-01	7.150433257040235413e-02	2.940550655582710102e-02	7.398044840199906325e-02
1.071082325303279504e+03	2.730850188391447109e-01	1.629487721110704224e-01	2.422253409030651061e-01	1.467202212385161908e-01	7.154538265148176202e-02	2.943152956426626360e-02	7.404373469244279748e-02
1.072533656367376352e+03	2.728433722975149300e-01	1.628025618458194823e-01	2.423840477053162690e-01	1.468192226919192156e-01	7.158636386058973844e-02	2.945751869063021125e-02	7.410691290819734767e-02
1.073984987431472746e+03	2.726021439723639861e-01	1.626566046453371828e-01	2.425424623322511852e-01	1.469180555531202081e-01	7.162727632137638745e-02	2.948347395132702720e-02	7.416998322421120005e-02
1.075436318495569594e+03	2.723613331380849711e-01	1.625109000704619555e-01	2.427005853164709015e-01	1.470167201395543022e-01	7.166812015722860696e-02	2.950939536291933077e-02	7.423294581526716784e-02
1.076887649559666215e+03	2.721209390703383524e-01	1.623654476827998128e-01	2.428584171895857291e-01	1.471152167678880796e-01	7.170889549127079654e-02	2.953528294212315677e-02	7.429580085598130879e-02
1.078338980623762609e+03	2.718809610460498072e-01	1.622202470447230982e-01	2.430159584822174090e-01	1.472135457540225401e-01	7.174960244636578721e-02	2.956113670580688690e-02	7.435854852080178712e-02
1.079790311687859230e+03	2.716413983434078361e-01	1.620752977193689881e-01	2.431732097240012214e-01	1.473117074130959325e-01	7.179024114511545207e-02	2.958695667099011523e-02	7.442118898400783278e-02
1.081241642751955851e+03	2.714022502418614313e-01	1.619305992706382702e-01	2.433301714435882612e-01	1.474097020594865581e-01	7.183081170986158059e-02	2.961274285484258653e-02	7.448372241970865892e-02
1.082692973816052472e+03	2.711635160221180785e-01	1.617861512631939003e-01	2.434868441686476037e-01	1.475075300068156847e-01	7.187131426268668355e-02	2.963849527468308959e-02	7.454614900184242110e-02
1.084144304880149093e+03	2.709251949661412029e-01	1.616419532624595312e-01	2.436432284258683023e-01	1.476051915679502391e-01	7.191174892541467301e-02	2.966421394797839201e-02	7.460846890417514865e-02
1.085595635944245487e+03	2.706872863571482268e-01	1.614980048346182917e-01	2.437993247409615816e-01	1.477026870550056659e-01	7.195211581961170888e-02	2.968989889234216820e-02	7.467068230029981490e-02
1.087046967008342108e+03	2.704497894796081825e-01	1.613543055466113985e-01	2.439551336386630298e-01	1.478000167793487862e-01	7.199241506658690670e-02	2.971555012553391342e-02	7.473278936363524083e-02
1.088498298072438729e+03	2.702127036192393805e-01	1.612108549661367685e-01	2.441106556427347363e-01	1.478971810516004071e-01	7.203264678739311477e-02	2.974116766545790991e-02	7.479479026742516523e-02
1.089949629136535123e+03	2.699760280630073561e-01	1.610676526616476312e-01	2.442658912759672341e-01	1.479941801816382074e-01	7.207281110282769132e-02	2.976675153016213396e-02	7.485668518473720390e-02
1.091400960200631971e+03	2.697397620991226486e-01	1.609246982023512795e-01	2.444208410601817760e-01	1.480910144785993476e-01	7.211290813343324002e-02	2.979230173783724983e-02	7.491847428846197532e-02
1.092852291264728365e+03	2.695039050170383033e-01	1.607819911582076544e-01	2.445755055162322777e-01	1.481876842508833281e-01	7.215293799949838716e-02	2.981781830681552031e-02	7.498015775131204597e-02
1.094303622328825213e+03	2.692684561074479288e-01	1.606395310999279846e-01	2.447298851640076767e-01	1.482841898061545427e-01	7.219290082105846162e-02	2.984330125556980406e-02	7.504173574582111150e-02
1.095754953392921607e+03	2.690334146622834210e-01	1.604973175989734824e-01	2.448839805224336807e-01	1.483805314513451101e-01	7.223279671789631373e-02	2.986875060271249396e-02	7.510320844434298371e-02
1.097206284457018228e+03	2.687987799747128537e-01	1.603553502275539833e-01	2.450377921094750167e-01	1.484767094926574271e-01	7.227262580954303683e-02	2.989416636699450749e-02	7.516457601905070229e-02
1.098657615521114849e+03	2.685645513391379247e-01	1.602136285586265863e-01	2.451913204421375669e-01	1.485727242355669164e-01	7.231238821527864735e-02	2.991954856730425286e-02	7.522583864193568837e-02
1.100108946585211470e+03	2.683307280511921245e-01	1.600721521658942936e-01	2.453445660364702852e-01	1.486685759848245802e-01	7.235208405413291743e-02	2.994489722266661588e-02	7.528699648480675910e-02
1.101560277649308091e+03	2.680973094077383490e-01	1.599309206238048175e-01	2.454975294075672776e-01	1.487642650444596926e-01	7.239171344488599946e-02	2.997021235224195390e-02	7.534804971928937833e-02
1.103011608713404712e+03	2.678642947068669011e-01	1.597899335075491090e-01	2.456502110695699681e-01	1.488597917177824637e-01	7.243127650606924484e-02	2.999549397532507572e-02	7.540899851682474064e-02
1.104462939777501106e+03	2.676316832478929930e-01	1.596491903930600531e-01	2.458026115356689301e-01	1.489551563073865381e-01	7.247077335596587011e-02	3.002074211134424936e-02	7.546984304866891091e-02
1.105914270841597499e+03	2.673994743313547473e-01	1.595086908570111650e-01	2.459547313181061345e-01	1.490503591151516039e-01	7.251020411261169252e-02	3.004595677986020980e-02	7.553058348589200555e-02
1.107365601905694348e+03	2.671676672590111434e-01	1.593684344768152850e-01	2.461065709281768099e-01	1.491454004422460011e-01	7.254956889379585161e-02	3.007113800056516323e-02	7.559121999937738756e-02
1.108816932969790741e+03	2.669362613338395196e-01	1.592284208306232185e-01	2.462581308762315513e-01	1.492402805891292483e-01	7.258886781706153091e-02	3.009628579328179829e-02	7.565175275982084779e-02
1.110268264033887590e+03	2.667052558600336853e-01	1.590886494973223764e-01	2.464094116716782634e-01	1.493349998555546232e-01	7.262810099970665179e-02	3.012140017796231459e-02	7.571218193772981386e-02
1.111719595097984211e+03	2.664746501430016457e-01	1.589491200565356088e-01	2.465604138229842424e-01	1.494295585405716054e-01	7.266726855878459512e-02	3.014648117468744434e-02	7.577250770342260078e-02
1.113170926162080832e+03	2.662444434893634360e-01	1.588098320886197623e-01	2.467111378376780351e-01	1.495239569425285409e-01	7.270637061110489519e-02	3.017152880366548440e-02	7.583273022702755051e-02
1.114622257226177226e+03	2.660146352069489573e-01	1.586707851746644304e-01	2.468615842223517154e-01	1.496181953590750013e-01	7.274540727323394740e-02	3.019654308523132477e-02	7.589284967848235197e-02
1.116073588290273847e+03	2.657852246047958666e-01	1.585319788964905940e-01	2.470117534826624661e-01	1.497122740871643376e-01	7.278437866149571611e-02	3.022152403984550845e-02	7.595286622753326389e-02
1.117524919354370468e+03	2.655562109931474124e-01	1.583934128366493166e-01	2.471616461233348272e-01	1.498061934230561221e-01	7.282328489197240073e-02	3.024647168809325992e-02	7.601278004373440700e-02
1.118976250418467089e+03	2.653275936834502136e-01	1.582550865784205230e-01	2.473112626481626386e-01	1.498999536623186468e-01	7.286212608050517126e-02	3.027138605068354152e-02	7.607259129644700080e-02
1.120427581482563710e+03	2.650993719883522060e-01	1.581169997058116394e-01	2.474606035600109555e-01	1.499935550998313383e-01	7.290090234269480662e-02	3.029626714844810970e-02	7.613230015483866964e-02
1.121878912546660331e+03	2.648715452217004773e-01	1.579791518035562614e-01	2.476096693608179633e-01	1.500869980297872552e-01	7.293961379390244415e-02	3.032111500234058177e-02	7.619190678788272109e-02
1.123330243610756725e+03	2.646441126985392134e-01	1.578415424571128767e-01	2.477584605515969485e-01	1.501802827456954204e-01	7.297826054925019013e-02	3.034592963343549568e-02	7.625141136435750755e-02
1.124781574674853118e+03	2.644170737351073108e-01	1.577041712526636719e-01	2.479069776324383523e-01	1.502734095403832904e-01	7.301684272362189698e-02	3.037071106292739062e-02	7.631081405284569075e-02
1.126232905738949967e+03	2.641904276488366010e-01	1.575670377771131170e-01	2.480552211025115750e-01	1.503663787059991430e-01	7.305536043166371840e-02	3.039545931212987717e-02	7.637011502173358946e-02
1.127684236803046360e+03	2.639641737583494630e-01	1.574301416180867441e-01	2.482031914600668909e-01	1.504591905340144364e-01	7.309381378778487259e-02	3.042017440247471796e-02	7.642931443921052725e-02
1.129135567867143209e+03	2.637383113834567694e-01	1.572934823639297874e-01	2.483508892024375303e-01	1.505518453152261682e-01	7.313220290615829455e-02	3.044485635551091515e-02	7.648841247326820802e-02
1.130586898931239830e+03	2.635128398451559439e-01	1.571570596037060175e-01	2.484983148260413444e-01	1.506443433397592901e-01	7.317052790072130219e-02	3.046950519290381187e-02	7.654740929170003594e-02
1.132038229995336451e+03	2.632877584656285186e-01	1.570208729271963255e-01	2.486454688263829982e-01	1.507366848970690121e-01	7.320878888517624861e-02	3.049412093643416935e-02	7.660630506210050483e-02
1.133489561059432845e+03	2.630630665682383018e-01	1.568849219248975857e-01	2.487923516980556637e-01	1.508288702759431332e-01	7.324698597299120206e-02	3.051870360799728912e-02	7.666509995186461535e-02
1.134940892123529466e+03	2.628387634775292692e-01	1.567492061880212673e-01	2.489389639347430183e-01	1.509208997645043460e-01	7.328511927740058440e-02	3.054325322960210753e-02	7.672379412818720879e-02
1.136392223187626087e+03	2.626148485192233428e-01	1.566137253084922409e-01	2.490853060292210486e-01	1.510127736502125950e-01	7.332318891140589268e-02	3.056776982337031101e-02	7.678238775806241201e-02
1.137843554251722708e+03	2.623913210202182822e-01	1.564784788789473913e-01	2.492313784733600768e-01	1.511044922198673535e-01	7.336119498777624037e-02	3.059225341153544442e-02	7.684088100828305457e-02
1.139294885315819101e+03	2.621681803085857410e-01	1.563434664927345341e-01	2.493771817581265093e-01	1.511960557596098431e-01	7.339913761904910683e-02	3.061670401644204370e-02	7.689927404544005807e-02
1.140746216379915950e+03	2.619454257135691022e-01	1.562086877439109456e-01	2.495227163735846687e-01	1.512874645549254216e-01	7.343701691753098948e-02	3.064112166054475811e-02	7.695756703592193659e-02
1.142197547444012343e+03	2.617230565655812580e-01	1.560741422272423073e-01	2.496679828088989028e-01	1.513787188906457470e-01	7.347483299529794509e-02	3.066550636640747243e-02	7.701576014591415831e-02
1.143648878508108737e+03	2.615010721962029439e-01	1.559398295382012078e-01	2.498129815523351949e-01	1.514698190509509990e-01	7.351258596419636693e-02	3.068985815670245004e-02	7.707385354139867362e-02
1.145100209572205586e+03	2.612794719381800745e-01	1.558057492729660876e-01	2.499577130912631062e-01	1.515607653193722648e-01	7.355027593584351209e-02	3.071417705420947594e-02	7.713184738815331842e-02
1.146551540636302207e+03	2.610582551254221895e-01	1.556719010284199345e-01	2.501021779121576638e-01	1.516515579787935386e-01	7.358790302162820929e-02	3.073846308181497899e-02	7.718974185175132841e-02
1.148002871700398828e+03	2.608374210930002324e-01	1.555382844021489519e-01	2.502463765006010532e-01	1.517421973114541633e-01	7.362546733271148336e-02	3.076271626251121313e-02	7.724753709756081166e-02
1.149454202764495449e+03	2.606169691771441643e-01	1.554048989924413371e-01	2.503903093412847003e-01	1.518326835989508572e-01	7.366296898002716587e-02	3.078693661939539000e-02	7.730523329074424910e-02
1.150905533828591842e+03	2.603968987152414649e-01	1.552717443982861156e-01	2.505339769180108811e-01	1.519230171222400450e-01	7.370040807428253349e-02	3.081112417566883935e-02	7.736283059625795322e-02
1.152356864892688463e+03	2.601772090458347453e-01	1.551388202193717814e-01	2.506773797136946369e-01	1.520131981616398564e-01	7.373778472595894640e-02	3.083527895463618329e-02	7.742032917885163790e-02
1.153808195956785084e+03	2.599578995086197497e-01	1.550061260560851584e-01	2.508205182103656616e-01	1.521032269968324857e-01	7.377509904531245888e-02	3.085940097970448284e-02	7.747772920306789102e-02
1.155259527020881706e+03	2.597389694444431352e-01	1.548736615095100411e-01	2.509633928891699117e-01	1.521931039068661617e-01	7.381235114237445771e-02	3.088349027438242952e-02	7.753503083324173040e-02
1.156710858084978327e+03	2.595204181953009170e-01	1.547414261814260561e-01	2.511060042303715489e-01	1.522828291701573966e-01	7.384954112695228667e-02	3.090754686227951270e-02	7.759223423350010418e-02
1.158162189149074720e+03	2.593022451043357490e-01	1.546094196743073856e-01	2.512483527133549388e-01	1.523724030644931782e-01	7.388666910862981552e-02	3.093157076710520079e-02	7.764933956776148838e-02
1.159613520213171569e+03	2.590844495158356464e-01	1.544776415913215184e-01	2.513904388166259829e-01	1.524618258670329685e-01	7.392373519676810611e-02	3.095556201266812593e-02	7.770634699973540116e-02
1.161064851277267962e+03	2.588670307752313215e-01	1.543460915363280561e-01	2.515322630178142838e-01	1.525510978543108409e-01	7.396073950050602308e-02	3.097952062287528258e-02	7.776325669292200038e-02
1.162516182341364356e+03	2.586499882290944630e-01	1.542147691138774090e-01	2.516738257936747547e-01	1.526402193022375620e-01	7.399768212876078888e-02	3.100344662173120866e-02	7.782006881061162562e-02
1.163967513405461204e+03	2.584333212251356815e-01	1.540836739292096580e-01	2.518151276200895627e-01	1.527291904861027561e-01	7.403456319022864995e-02	3.102734003333719112e-02	7.787678351588435410e-02
1.165418844469557826e+03	2.582170291122024008e-01	1.539528055882533331e-01	2.519561689720695163e-01	1.528180116805769317e-01	7.407138279338545961e-02	3.105120088189046793e-02	7.793340097160966762e-02
1.166870175533654447e+03	2.580011112402770257e-01	1.538221636976240536e-01	2.520969503237564524e-01	1.529066831597135356e-01	7.410814104648727474e-02	3.107502919168343355e-02	7.798992134044598068e-02
1.168321506597751068e+03	2.577855669604747213e-01	1.536917478646234736e-01	2.522374721484244575e-01	1.529952051969510340e-01	7.414483805757096646e-02	3.109882498710285492e-02	7.804634478484023807e-02
1.169772837661847461e+03	2.575703956250414706e-01	1.535615576972379770e-01	2.523777349184818108e-01	1.530835780651149669e-01	7.418147393445480298e-02	3.112258829262907339e-02	7.810267146702762342e-02
1.171224168725944082e+03	2.573555965873520757e-01	1.534315928041375121e-01	2.525177391054728715e-01	1.531718020364199462e-01	7.421804878473903244e-02	3.114631913283525538e-02	7.815890154903105957e-02
1.172675499790040703e+03	2.571411692019083262e-01	1.533018527946742315e-01	2.526574851800795773e-01	1.532598773824716820e-01	7.425456271580652134e-02	3.117001753238658052e-02	7.821503519266091720e-02
1.174126830854137097e+03	2.569271128243366675e-01	1.531723372788815207e-01	2.527969736121233324e-01	1.533478043742689811e-01	7.429101583482330962e-02	3.119368351603949222e-02	7.827107255951457065e-02
1.175578161918233945e+03	2.567134268113865359e-01	1.530430458674724992e-01	2.529362048705666721e-01	1.534355832822058563e-01	7.432740824873919350e-02	3.121731710864092749e-02	7.832701381097617599e-02
1.177029492982330339e+03	2.565001105209281373e-01	1.529139781718391322e-01	2.530751794235151508e-01	1.535232143760734136e-01	7.436374006428832228e-02	3.124091833512755018e-02	7.838285910821618518e-02
1.178480824046426733e+03	2.562871633119506165e-01	1.527851338040508156e-01	2.532138977382188960e-01	1.536106979250618232e-01	7.440001138798978120e-02	3.126448722052498769e-02	7.843860861219105474e-02
1.179932155110523581e+03	2.560745845445599467e-01	1.526565123768532095e-01	2.533523602810742181e-01	1.536980341977623454e-01	7.443622232614814649e-02	3.128802378994709893e-02	7.849426248364296810e-02
1.181383486174620202e+03	2.558623735799770427e-01	1.525281135036671287e-01	2.534905675176256645e-01	1.537852234621693293e-01	7.447237298485412382e-02	3.131152806859519022e-02	7.854982088309940547e-02
1.182834817238716823e+03	2.556505297805358179e-01	1.523999367985871267e-01	2.536285199125676293e-01	1.538722659856820163e-01	7.450846346998506176e-02	3.133500008175729018e-02	7.860528397087292174e-02
1.184286148302813444e+03	2.554390525096810194e-01	1.522719818763805522e-01	2.537662179297457965e-01	1.539591620351067058e-01	7.454449388720556235e-02	3.135843985480741419e-02	7.866065190706077181e-02
1.185737479366910065e+03	2.552279411319665625e-01	1.521442483524862443e-01	2.539036620321590831e-01	1.540459118766584756e-01	7.458046434196799468e-02	3.138184741320479421e-02	7.871592485154463303e-02
1.187188810431006686e+03	2.550171950130533105e-01	1.520167358430133120e-01	2.540408526819613044e-01	1.541325157759632358e-01	7.461637493951314704e-02	3.140522278249318483e-02	7.877110296399031375e-02
1.188640141495103080e+03	2.548068135197071871e-01	1.518894439647400230e-01	2.541777903404627836e-01	1.542189739980595609e-01	7.465222578487072658e-02	3.142856598830011394e-02	7.882618640384742026e-02
1.190091472559199701e+03	2.545967960197972890e-01	1.517623723351124998e-01	2.543144754681321285e-01	1.543052868074006601e-01	7.468801698285995605e-02	3.145187705633614023e-02	7.888117533034914863e-02
1.191542803623296322e+03	2.543871418822938324e-01	1.516355205722437205e-01	2.544509085245977853e-01	1.543914544678562373e-01	7.472374863809012890e-02	3.147515601239415234e-02	7.893606990251193778e-02
1.192994134687392716e+03	2.541778504772663760e-01	1.515088882949121030e-01	2.545870899686498712e-01	1.544774772427144061e-01	7.475942085496116440e-02	3.149840288234866809e-02	7.899087027913526127e-02
1.194445465751489564e+03	2.539689211758816012e-01	1.513824751225605059e-01	2.547230202582416725e-01	1.545633553946834937e-01	7.479503373766413499e-02	3.152161769215507114e-02	7.904557661880130814e-02
1.195896796815585958e+03	2.537603533504017017e-01	1.512562806752950073e-01	2.548586998504915324e-01	1.546490891858940120e-01	7.483058739018190464e-02	3.154480046784893105e-02	7.910018907987473313e-02
1.197348127879682352e+03	2.535521463741821635e-01	1.511303045738837392e-01	2.549941292016841277e-01	1.547346788779004612e-01	7.486608191628957298e-02	3.156795123554530930e-02	7.915470782050247622e-02
1.198799458943779200e+03	2.533442996216699328e-01	1.510045464397556381e-01	2.551293087672725779e-01	1.548201247316831064e-01	7.490151741955511366e-02	3.159107002143802384e-02	7.920913299861344348e-02
1.200250790007875821e+03	2.531368124684015286e-01	1.508790058949993351e-01	2.552642390018798890e-01	1.549054270076499207e-01	7.493689400333987394e-02	3.161415685179897600e-02	7.926346477191827111e-02
1.201702121071972442e+03	2.529296842910011001e-01	1.507536825623619903e-01	2.553989203593005075e-01	1.549905859656384166e-01	7.497221177079915755e-02	3.163721175297744964e-02	7.931770329790917284e-02
1.203153452136069063e+03	2.527229144671784278e-01	1.506285760652481265e-01	2.555333532925020967e-01	1.550756018649173673e-01	7.500747082488271045e-02	3.166023475139941035e-02	7.937184873385964845e-02
1.204604783200165684e+03	2.525165023757271476e-01	1.505036860277184363e-01	2.556675382536270358e-01	1.551604749641887215e-01	7.504267126833531754e-02	3.168322587356682540e-02	7.942590123682428949e-02
1.206056114264262078e+03	2.523104473965226968e-01	1.503790120744886716e-01	2.558014756939942513e-01	1.552452055215893245e-01	7.507781320369730227e-02	3.170618514605699073e-02	7.947986096363854336e-02
1.207507445328358699e+03	2.521047489105204820e-01	1.502545538309283946e-01	2.559351660641006054e-01	1.553297937946927498e-01	7.511289673330512340e-02	3.172911259552183699e-02	7.953372807091851904e-02
1.208958776392455093e+03	2.518994062997539363e-01	1.501303109230599231e-01	2.560686098136227273e-01	1.554142400405111590e-01	7.514792195929183294e-02	3.175200824868724958e-02	7.958750271506084828e-02
1.210410107456551941e+03	2.516944189473325211e-01	1.500062829775570539e-01	2.562018073914186234e-01	1.554985445154969115e-01	7.518288898358765904e-02	3.177487213235241637e-02	7.964118505224242195e-02
1.211861438520648335e+03	2.514897862374401716e-01	1.498824696217441188e-01	2.563347592455290092e-01	1.555827074755444794e-01	7.521779790792053333e-02	3.179770427338913380e-02	7.969477523842020961e-02
1.213312769584745183e+03	2.512855075553329098e-01	1.497588704835945972e-01	2.564674658231791415e-01	1.556667291759921135e-01	7.525264883381660441e-02	3.182050469874116855e-02	7.974827342933112073e-02
1.214764100648841804e+03	2.510815822873372904e-01	1.496354851917300888e-01	2.565999275707804284e-01	1.557506098716236465e-01	7.528744186260075133e-02	3.184327343542359134e-02	7.980167978049178268e-02
1.216215431712937971e+03	2.508780098208484577e-01	1.495123133754191480e-01	2.567321449339320938e-01	1.558343498166702146e-01	7.532217709539715256e-02	3.186601051052209005e-02	7.985499444719841577e-02
1.217666762777034819e+03	2.506747895443281471e-01	1.493893546645761183e-01	2.568641183574225662e-01	1.559179492648120058e-01	7.535685463312977173e-02	3.188871595119235902e-02	7.990821758452663903e-02
1.219118093841131440e+03	2.504719208473028536e-01	1.492666086897600219e-01	2.569958482852311432e-01	1.560014084691799252e-01	7.539147457652289885e-02	3.191138978465941217e-02	7.996134934733130362e-02
1.220569424905228061e+03	2.502694031203619995e-01	1.491440750821734496e-01	2.571273351605297131e-01	1.560847276823574270e-01	7.542603702610164995e-02	3.193403203821697234e-02	8.001438989024638182e-02
1.222020755969324682e+03	2.500672357551560476e-01	1.490217534736612837e-01	2.572585794256840863e-01	1.561679071563820687e-01	7.546054208219249437e-02	3.195664273922679821e-02	8.006733936768477278e-02
1.223472087033421303e+03	2.498654181443946409e-01	1.488996434967097826e-01	2.573895815222557726e-01	1.562509471427473429e-01	7.549498984492375442e-02	3.197922191511803902e-02	8.012019793383820532e-02
1.224923418097517697e+03	2.496639496818446047e-01	1.487777447844452205e-01	2.575203418910035347e-01	1.563338478924043706e-01	7.552938041422617432e-02	3.200176959338664473e-02	8.017296574267708531e-02
1.226374749161614318e+03	2.494628297623281421e-01	1.486560569706328605e-01	2.576508609718848319e-01	1.564166096557634278e-01	7.556371388983336435e-02	3.202428580159469990e-02	8.022564294795034301e-02
1.227826080225710712e+03	2.492620577817211136e-01	1.485345796896758719e-01	2.577811392040574301e-01	1.564992326826957769e-01	7.559799037128230037e-02	3.204677056736977142e-02	8.027822970318536366e-02
1.229277411289807560e+03	2.490616331369510383e-01	1.484133125766141370e-01	2.579111770258811220e-01	1.565817172225353049e-01	7.563220995791392065e-02	3.206922391840433956e-02	8.033072616168779323e-02
1.230728742353903954e+03	2.488615552259952068e-01	1.482922552671230854e-01	2.580409748749190602e-01	1.566640635240801327e-01	7.566637274887354214e-02	3.209164588245514566e-02	8.038313247654149674e-02
1.232180073418000802e+03	2.486618234478789324e-01	1.481714073975126944e-01	2.581705331879393661e-01	1.567462718355942808e-01	7.570047884311140174e-02	3.211403648734256766e-02	8.043544880060839175e-02
1.233631404482097196e+03	2.484624372026736638e-01	1.480507686047262961e-01	2.582998524009167407e-01	1.568283424048093899e-01	7.573452833938315587e-02	3.213639576095001643e-02	8.048767528652839287e-02
1.235082735546193817e+03	2.482633958914950978e-01	1.479303385263394111e-01	2.584289329490339071e-01	1.569102754789262477e-01	7.576852133625035235e-02	3.215872373122331818e-02	8.053981208671924519e-02
1.236534066610290438e+03	2.480646989165014027e-01	1.478101168005587218e-01	2.585577752666834428e-01	1.569920713046164262e-01	7.580245793208097160e-02	3.218102042617012465e-02	8.059185935337653817e-02
1.237985397674387059e+03	2.478663456808913590e-01	1.476901030662209069e-01	2.586863797874687787e-01	1.570737301280239751e-01	7.583633822504989852e-02	3.220328587385926783e-02	8.064381723847348360e-02
1.239436728738483680e+03	2.476683355889024163e-01	1.475702969627915029e-01	2.588147469442060866e-01	1.571552521947670311e-01	7.587016231313938042e-02	3.222552010242021869e-02	8.069568589376097112e-02
1.240888059802580301e+03	2.474706680458091113e-01	1.474506981303638775e-01	2.589428771689259445e-01	1.572366377499393175e-01	7.590393029413958215e-02	3.224772314004242107e-02	8.074746547076733227e-02
1.242339390866676695e+03	2.472733424579209860e-01	1.473313062096580639e-01	2.590707708928744468e-01	1.573178870381118644e-01	7.593764226564905795e-02	3.226989501497476431e-02	8.079915612079842380e-02
1.243790721930773088e+03	2.470763582325808672e-01	1.472121208420196503e-01	2.591984285465150362e-01	1.573990003033344798e-01	7.597129832507520941e-02	3.229203575552492406e-02	8.085075799493743332e-02
1.245242052994869937e+03	2.468797147781630341e-01	1.470931416694186700e-01	2.593258505595298358e-01	1.574799777891374986e-01	7.600489856963479895e-02	3.231414539005884184e-02	8.090227124404490711e-02
1.246693384058966330e+03	2.466834115040714703e-01	1.469743683344485186e-01	2.594530373608213147e-01	1.575608197385331977e-01	7.603844309635442167e-02	3.233622394700008673e-02	8.095369601875862520e-02
1.248144715123063179e+03	2.464874478207379205e-01	1.468558004803248440e-01	2.595799893785136203e-01	1.576415263940173783e-01	7.607193200207099104e-02	3.235827145482930711e-02	8.100503246949355973e-02
1.249596046187159800e+03	2.462918231396201696e-01	1.467374377508844918e-01	2.597067070399542987e-01	1.577220979975710313e-01	7.610536538343221080e-02	3.238028794208363398e-02	8.105628074644181946e-02
1.251047377251256421e+03	2.460965368732001834e-01	1.466192797905843392e-01	2.598331907717154610e-01	1.578025347906618081e-01	7.613874333689706064e-02	3.240227343735611887e-02	8.110744099957266362e-02
1.252498708315352815e+03	2.459015884349823322e-01	1.465013262445002129e-01	2.599594409995957256e-01	1.578828370142455473e-01	7.617206595873629582e-02	3.242422796929514406e-02	8.115851337863236314e-02
1.253950039379449436e+03	2.457069772394916418e-01	1.463835767583258896e-01	2.600854581486211625e-01	1.579630049087679122e-01	7.620533334503289125e-02	3.244615156660388827e-02	8.120949803314424231e-02
1.255401370443546057e+03	2.455127027022718511e-01	1.462660309783718748e-01	2.602112426430472913e-01	1.580430387141658066e-01	7.623854559168249945e-02	3.246804425803970912e-02	8.126039511240856772e-02
1.256852701507642678e+03	2.453187642398837465e-01	1.461486885515643763e-01	2.603367949063603581e-01	1.581229386698689843e-01	7.627170279439396405e-02	3.248990607241364348e-02	8.131120476550258991e-02
1.258304032571739299e+03	2.451251612699033022e-01	1.460315491254441655e-01	2.604621153612785567e-01	1.582027050148015201e-01	7.630480504868977776e-02	3.251173703858979691e-02	8.136192714128047399e-02
1.259755363635835920e+03	2.449318932109199598e-01	1.459146123481656621e-01	2.605872044297539714e-01	1.582823379873833092e-01	7.633785244990655416e-02	3.253353718548481627e-02	8.141256238837332737e-02
1.261206694699932314e+03	2.447389594825347681e-01	1.457978778684956012e-01	2.607120625329737984e-01	1.583618378255316206e-01	7.637084509319544412e-02	3.255530654206732072e-02	8.146311065518910266e-02
1.262658025764028707e+03	2.445463595053586070e-01	1.456813453358121180e-01	2.608366900913616782e-01	1.584412047666625412e-01	7.640378307352266307e-02	3.257704513735736745e-02	8.151357208991266701e-02
1.264109356828125556e+03	2.443540927010105224e-01	1.455650144001036927e-01	2.609610875245793604e-01	1.585204390476925296e-01	7.643666648566993516e-02	3.259875300042588964e-02	8.156394684050571886e-02
1.265560687892221949e+03	2.441621584921157551e-01	1.454488847119679851e-01	2.610852552515281477e-01	1.585995409050398319e-01	7.646949542423493729e-02	3.262043016039416904e-02	8.161423505470687123e-02
1.267012018956318798e+03	2.439705563023041313e-01	1.453329559226106960e-01	2.612091936903502831e-01	1.586785105746259528e-01	7.650226998363177100e-02	3.264207664643328788e-02	8.166443688003154067e-02
1.268463350020415419e+03	2.437792855562082028e-01	1.452172276838447629e-01	2.613329032584304490e-01	1.587573482918771817e-01	7.653499025809142042e-02	3.266369248776358064e-02	8.171455246377204440e-02
1.269914681084511813e+03	2.435883456794615820e-01	1.451016996480889443e-01	2.614563843723972658e-01	1.588360542917260088e-01	7.656765634166221024e-02	3.268527771365412754e-02	8.176458195299757259e-02
1.271366012148608434e+03	2.433977360986970540e-01	1.449863714683670146e-01	2.615796374481244024e-01	1.589146288086125680e-01	7.660026832821024978e-02	3.270683235342219941e-02	8.181452549455417445e-02
1.272817343212705055e+03	2.432074562415449392e-01	1.448712427983065987e-01	2.617026629007325189e-01	1.589930720764861916e-01	7.663282631141990486e-02	3.272835643643272341e-02	8.186438323506482762e-02
1.274268674276801676e+03	2.430175055366312065e-01	1.447563132921380891e-01	2.618254611445903213e-01	1.590713843288067419e-01	7.666533038479422801e-02	3.274984999209779035e-02	8.191415532092938268e-02
1.275720005340898297e+03	2.428278834135758069e-01	1.446415826046936193e-01	2.619480325933161158e-01	1.591495657985460277e-01	7.669778064165541642e-02	3.277131304987611349e-02	8.196384189832467415e-02
1.277171336404994690e+03	2.426385893029909258e-01	1.445270503914059534e-01	2.620703776597793078e-01	1.592276167181893853e-01	7.673017717514524216e-02	3.279274563927249420e-02	8.201344311320445113e-02
1.278622667469091539e+03	2.424496226364792062e-01	1.444127163083075149e-01	2.621924967561017339e-01	1.593055373197368729e-01	7.676252007822556567e-02	3.281414778983732933e-02	8.206295911129947440e-02
1.280073998533187932e+03	2.422609828466320281e-01	1.442985800120293038e-01	2.623143902936592164e-01	1.593833278347049076e-01	7.679480944367865491e-02	3.283551953116608385e-02	8.211239003811751647e-02
1.281525329597284326e+03	2.420726693670277596e-01	1.441846411597997313e-01	2.624360586830826736e-01	1.594609884941275424e-01	7.682704536410776830e-02	3.285686089289880513e-02	8.216173603894343092e-02
1.282976660661381175e+03	2.418846816322300086e-01	1.440708994094437312e-01	2.625575023342598402e-01	1.595385195285579094e-01	7.685922793193750158e-02	3.287817190471957474e-02	8.221099725883915244e-02
1.284427991725477568e+03	2.416970190777859018e-01	1.439573544193816224e-01	2.626787216563366001e-01	1.596159211680696355e-01	7.689135723941425971e-02	3.289945259635602970e-02	8.226017384264375232e-02
1.285879322789574417e+03	2.415096811402243637e-01	1.438440058486279705e-01	2.627997170577183184e-01	1.596931936422581466e-01	7.692343337860667318e-02	3.292070299757885593e-02	8.230926593497349397e-02
1.287330653853671038e+03	2.413226672570543130e-01	1.437308533567908109e-01	2.629204889460711736e-01	1.597703371802422223e-01	7.695545644140608377e-02	3.294192313820128865e-02	8.235827368022187456e-02
1.288781984917767431e+03	2.411359768667631354e-01	1.436178966040702609e-01	2.630410377283239343e-01	1.598473520106651613e-01	7.698742651952693306e-02	3.296311304807862663e-02	8.240719722255968049e-02
1.290233315981864052e+03	2.409496094088146856e-01	1.435051352512577705e-01	2.631613638106689579e-01	1.599242383616963081e-01	7.701934370450720657e-02	3.298427275710772572e-02	8.245603670593505685e-02
